3.819038257031097032e+02,1.862428479825248644e+02,1.047594542344759816e+02,3.058489496763332482e+01,7.767905288839994753e-03,4.500703948505630478e+02,2.391603740554961348e+02,1.394562146658532811e+02,1.061469989843928478e-02,5.165893064304547124e+02,3.007101490769501311e+02,1.831296030191186048e+02,5.621220419843255911e+01,3.000051453057053091e-02,4.910879928383116849e-02,5.280947613968832002e+02,3.125499226026435053e+02,1.919748191641910182e+02,3.104119351157512419e-02,3.241563085985935122e-02,3.264711332928790739e+02,1.117843169211108574e+02,5.592091455528829158e+01,1.868365096986943996e+01,4.108365790391090400e+00,3.725666667152860896e+02,1.278711411554495925e+02,6.396762771378234902e+01,2.137043112374366416e+01,7.112719064123752766e+00,1.532283413586031928e+00,4.143917676780333181e+02,1.425032923085216794e+02,7.128648333023926398e+01,2.381375265866764224e+01,4.175895629304096635e-01,1.180285358272649687e-01,4.213341558883096241e+02,1.449352244197035020e+02,7.250289156785385103e+01,2.421979884680119000e+01,8.060510927246452795e+00,3.649759433401471824e+02,2.739734625753363275e+02,9.079619818647965701e+01,4.123750228857302602e+01,1.082199749826055601e+01,3.864423407078029782e-01,4.092732176065138674e+02,3.072326204652717365e+02,1.018108201377942947e+02,4.623672580328961601e+01,1.213361146217160424e+01,4.332784175644439073e-01,4.485519568775120547e+02,3.367248226068485906e+02,1.115765238797198151e+02,5.066849825204796787e+01,1.329628513244018784e+01,4.747960260419904488e-01,4.549915679269540192e+02,3.415600548454289651e+02,1.131774810024117528e+02,5.139497222404166621e+01,1.348687044920768052e+01,4.816016098579411486e-01,4.519686582520347997e+02,2.656698269463141742e+02,1.244273907509546575e+02,3.305118413505055486e+01,1.329503748178118983e+01,1.180516041756613399e+00,5.047124773501060417e+02,2.966606671216712243e+02,1.389295880749376408e+02,3.690208893033900495e+01,1.484407716582401626e+01,1.318061039409774482e+00,5.511454203274940937e+02,3.239412602878923622e+02,1.516934425145438183e+02,4.029118091109265265e+01,1.620734906686579180e+01,1.439110986196929343e+00,5.587285684333920699e+02,3.283963740544390362e+02,1.537776816091445085e+02,4.084457402064618492e+01,1.642995299969686585e+01,1.458876841151528936e+00,4.857059241816035637e+02,3.408717321455588944e+02,2.601386275606868139e+02,7.133535512384965216e+01,2.871302232519804676e+01,2.549578346683467167e+00,5.417786401826942893e+02,3.802035940762601740e+02,2.901434347311096076e+02,7.955954954432360182e+01,3.202329431123948922e+01,2.843514871580210546e+00,5.910416965566578256e+02,4.147554156030737431e+02,3.164997716479197720e+02,8.678308441579784471e+01,3.493079145146806042e+01,3.101686375014628183e+00,5.990781823933385795e+02,4.203916969346090582e+02,3.207989872093504005e+02,8.796132321045193692e+01,3.540503598927698903e+01,3.143796899645922238e+00,5.166177440690809135e+02,5.756348935133597706e+02,6.273807727839497375e+02,6.358131154178865927e+02
9.666902810121270886e+04,4.714253606711202883e+04,2.651713331638298405e+04,5.704043680183394827e+02,6.277396116785936009e+00,1.139236219201385538e+05,6.053723226190593414e+04,3.529971593999316974e+04,9.557768414444401728e+00,1.307611561140672129e+05,7.611695880411898543e+04,4.635449856702321267e+04,1.276794524651468419e+04,1.138679476448364980e+01,7.772704631266560860e+00,1.336734634049605520e+05,7.911389086352505547e+04,4.859343567273567169e+04,2.084703739834503011e+01,3.852701005847095850e+00,8.263768249101330002e+04,2.829529452929914260e+04,1.415492598916586030e+04,4.729280561793618290e+03,1.574146385065968389e+03,9.430556857544285594e+04,3.236725581968535334e+04,1.619174235531608429e+04,5.409369189267036745e+03,1.800399960788811313e+03,1.264741220409734069e+03,1.048925055639000348e+05,3.607100474090671196e+04,1.804432043537305799e+04,6.027832551347841218e+03,2.006123102945109622e+03,1.409250389870407616e+03,1.066497908819510776e+05,3.668658501090874779e+04,1.835222247477896963e+04,6.130612652612952843e+03,2.040308834913312012e+03,9.238417442349471094e+04,6.934926114909046737e+04,2.298269782406389277e+04,1.043820164869846667e+04,2.739307400302268434e+03,9.781781131370696869e+01,1.035968775397458376e+05,7.776795267868711380e+04,2.577076293308185632e+04,1.170362543123414252e+04,3.071308336564577075e+03,1.096731570139097869e+02,1.135392698575781687e+05,8.523313721069011081e+04,2.824269701609771437e+04,1.282541311850390957e+04,3.365608997437312610e+03,1.201822638456064851e+02,1.151692893254075607e+05,8.645705041020040517e+04,2.864793773821442301e+04,1.300930153579021498e+04,3.413850721698324833e+03,1.219049162138460787e+02,1.144041173315079068e+05,6.724741145456340746e+04,3.149555989473106820e+04,8.366048219448020973e+03,3.365293202399101119e+03,2.988169332116950727e+02,1.277548455709842965e+05,7.509193723333819071e+04,3.516641426766893710e+04,9.340804694743608707e+03,3.757392308204204710e+03,3.336328654502736981e+02,1.395081384141602612e+05,8.199731043681735173e+04,3.839725255899733747e+04,1.019866518951124272e+04,4.102469183327420069e+03,3.642735251225527691e+02,1.414276151788489660e+05,8.312500646588846575e+04,3.892482307870170189e+04,1.033874228120367297e+04,4.158815558008175685e+03,3.692767221152618049e+02,1.229438308159227454e+05,8.628281919227330945e+04,6.584733264948190481e+04,1.805669110893397010e+04,7.267955344225139015e+03,6.453594963299078699e+02,1.371371810533582466e+05,9.623865835002806853e+04,7.344226889356163156e+04,2.013843206360595650e+04,8.105864554403923648e+03,7.197617915772078732e+02,1.496068433749166143e+05,1.049845537307953928e+05,8.011369169068650808e+04,2.196688227657581592e+04,8.841821975097131144e+03,7.851112551518398277e+02,1.516410709106873837e+05,1.064112315871147148e+05,8.120192618097494415e+04,2.226512268988958749e+04,8.961864689037258358e+03,7.957704700467122620e+02,1.307683538050732022e+05,1.457070047441000934e+05,1.588051370505425148e+05,1.609395646363497654e+05
2.456331795073681334e+01,1.197878109264841839e+01,6.737926048089312836e+00,1.145509100974255734e-01,4.996382741167143017e-04,2.894765996746791004e+01,1.538233417833222916e+01,8.969554714766399428e+00,1.408384891279526683e-03,3.322602817000609576e+01,1.934109706268014151e+01,1.177854288912762293e+01,3.769097852044419383e+00,9.273873672606926721e-04,9.273873672606926721e-04,3.396603693603281471e+01,2.010260840517672776e+01,1.234745023750612702e+01,5.297180760851309331e-03,9.789826300208286786e-04,2.099799385602217328e+01,7.189751701724166999e+00,3.596725409049916333e+00,1.201696410487875566e+00,5.944709972705348316e-02,2.396276972586020193e+01,8.224425269252661153e+00,4.114274527436435847e+00,1.374504942725694789e+00,1.793576501827064407e-01,6.812963662772168749e-03,2.665287954634321466e+01,9.165536983614178013e+00,4.585009217686510041e+00,1.531654712233320614e+00,7.591368138336327884e-03,7.591397636843751941e-03,2.709940056840574840e+01,9.321954251533989932e+00,4.663246193889418301e+00,1.557770815147164312e+00,5.184365039375717910e-01,2.347454905413471238e+01,1.762144478327758179e+01,5.839836380666709736e+00,2.652316595429053958e+00,6.960500028763257907e-01,2.485526305263783750e-02,2.632366423851216553e+01,1.976060978815295144e+01,6.548275722883429850e+00,2.973857017146828152e+00,7.804104636766361347e-01,2.786766734509906959e-02,2.884999706040354894e+01,2.165749140703734454e+01,7.176386869826542281e+00,3.258900009593812097e+00,8.551914056404795739e-01,3.053797311947172022e-02,2.926418031944233888e+01,2.196848421443501920e+01,7.279357321757368382e+00,3.305625765775499936e+00,8.674494889983687118e-01,3.097574666072070229e-02,2.906975244081990084e+01,1.708737106828461094e+01,8.002929913657501615e+00,2.125788384730304514e+00,8.551111709686782802e-01,7.592856598622481357e-02,3.246213374397519402e+01,1.908064210095664848e+01,8.935683460497873654e+00,2.373471140391025802e+00,9.547424151946393156e-01,8.477521678924451742e-02,3.544861051394698137e+01,2.083527735724272745e+01,9.756629817945691840e+00,2.591451004023471061e+00,1.042425434227218783e+00,9.256089268014776328e-02,3.593634415224057221e+01,2.112182150412584036e+01,9.890684077583593137e+00,2.627044207888281413e+00,1.056742893238223902e+00,9.383218903972311009e-02,3.123966848558533371e+01,2.192421253743962595e+01,1.673161495726230896e+01,4.588152438859246729e+00,1.846766221017718923e+00,1.639840008170160846e-01,3.484615758716298473e+01,2.445396203609184127e+01,1.866146615845674361e+01,5.117116732626815434e+00,2.059676509132545519e+00,1.828894229234449553e-01,3.801466221596185591e+01,2.667626886467668257e+01,2.035665530293075420e+01,5.581720598862128568e+00,2.246681154093920885e+00,1.994945819800860443e-01,3.853155346696835437e+01,2.703878335568839120e+01,2.063317234901501251e+01,5.657502583465729984e+00,2.277183629101137363e+00,2.022030233544367395e-01,3.322785683477294327e+01,3.702372453663100060e+01,4.035192259097553347e+01,4.089427400555688052e+01
6.817430042607036012e+04,3.324652640840616368e+04,1.870078769586886483e+04,7.090041402922844327e+01,1.386655710965746024e+00,8.034282944062504976e+04,4.269292358388488356e+04,2.489456528950574284e+04,1.894840442235776301e+00,9.221723262553324457e+04,5.368027856037126185e+04,3.269077614118321071e+04,1.103987700931371910e+04,2.573849052165959161e+00,5.309545296542406589e+00,9.427109149131098820e+04,5.579381710808088246e+04,3.426975033264136437e+04,1.405026933434518241e+02,2.717056610723953103e+00,5.827891562467721815e+04,1.995480797740612979e+04,9.982537145103466173e+03,3.335250182593046702e+03,1.110141780772194579e+03,6.650750732423318550e+04,2.282649410748721493e+04,1.141896959437159603e+04,3.814871830369149848e+03,1.269703537587567780e+03,8.919387010155696771e+02,7.397377683571015950e+04,2.543850426973154390e+04,1.272547099253560918e+04,4.251033419193652662e+03,1.414786527375010337e+03,9.938515004684013547e+02,7.521307455249311170e+04,2.587263262759634017e+04,1.294261400729449997e+04,4.323517373506424519e+03,1.438895473024828334e+03,6.515247442250787572e+04,4.890746720293531689e+04,1.620818324921136809e+04,7.361376263165565433e+03,1.931853119634473614e+03,6.898446296964043256e+01,7.306005575637739094e+04,5.484461579700007132e+04,1.817442210409135441e+04,8.253796370768697670e+03,2.165991508691970921e+03,7.734526081349753213e+01,8.007177035245388106e+04,6.010931896840305126e+04,1.991771441769883677e+04,9.044919274845155087e+03,2.373542404612425344e+03,8.475663904561288575e+01,8.122131559875454695e+04,6.097246423468288413e+04,2.020350399020739133e+04,9.174603711797901269e+03,2.407564105902484698e+03,8.597150503289263668e+01,8.068169054848836095e+04,4.742517108315579389e+04,2.221174450747502851e+04,5.900022871682514051e+03,2.373319676919061294e+03,2.107358892069571539e+02,9.009707937703462085e+04,5.295739851139067468e+04,2.480055620252248264e+04,6.587454454377459115e+03,2.649841375741379579e+03,2.352892939723168126e+02,9.838590327919775154e+04,5.782730364346378337e+04,2.707905360988699613e+04,7.192446961892879699e+03,2.893201368728300622e+03,2.568981298724315252e+02,9.973958402011544968e+04,5.862259334260444302e+04,2.745111455966159338e+04,7.291234119811072560e+03,2.932938756001773072e+03,2.604265725322184153e+02,8.670418817536981078e+04,6.084959071959983703e+04,4.643778732008756197e+04,1.273419517430544329e+04,5.125610331358807343e+03,4.551295725500526146e+02,9.671382301297158119e+04,6.787078797802448389e+04,5.179399595817259979e+04,1.420231002055761383e+04,5.716532505552287148e+03,5.076005802601044365e+02,1.055078549627809552e+05,7.403869260379005573e+04,5.649891111929838371e+04,1.549179560902178309e+04,6.235554810902612189e+03,5.536872694584700412e+02,1.069424620067383948e+05,7.504483389518684999e+04,5.726637099864700576e+04,1.570212496090387867e+04,6.320213030713855005e+03,5.612045120554272444e+02,9.222230907290696632e+04,1.027575555453744164e+05,1.119948055398006982e+05,1.135000789110455225e+05
4.285031476831597502e+03,2.089679177940502541e+03,1.175420437359860216e+03,3.381799438360143881e+02,8.715697079623542509e-02,5.049872957389811745e+03,2.683423577629977444e+03,1.564724455844027489e+03,2.621066898136151790e-01,5.796227471284884814e+03,3.374023475017618694e+03,2.054747963508531029e+03,6.623695731555774273e+02,5.047412757210638645e-01,1.617765236334980095e-01,5.925320829100362971e+03,3.506867912548843833e+03,2.153992931177571336e+03,1.879123272566215030e+00,1.707784258683267553e-01,3.663066449307033054e+03,1.254240691877629160e+03,6.274429954937769480e+02,2.096340145682751768e+02,6.977691783551225058e+01,4.180266858027144735e+03,1.434737836159683866e+03,7.177286017366856186e+02,2.397801841604756987e+02,1.186090539451701531e+01,1.719250229961761178e+01,4.649552200847548193e+03,1.598913272282919479e+03,7.998475155078476746e+02,2.671947062114636537e+02,8.892507721825725753e+01,4.463503980756507161e+01,4.727447081185026036e+03,1.626200005264998254e+03,8.134958323821273325e+02,2.717506203438608736e+02,9.044042144016822249e+01,4.095097531616208926e+03,3.074032877142567031e+03,1.018750123417429450e+03,4.626923835680306638e+02,1.214248124166651763e+02,4.335953760242411192e+00,4.592121123639014513e+03,3.447206774113765277e+03,1.142336216321594748e+03,5.187846063485488912e+02,1.361413599212361305e+02,4.861463804922753873e+00,5.032835847925597591e+03,3.778114736821567021e+03,1.251909217766576830e+03,5.685099011899263814e+02,1.491867768764964524e+02,5.327299090889795252e+00,5.105089433870731227e+03,3.832366930560413493e+03,1.269872238923531086e+03,5.766610875418525666e+02,1.513251792079563813e+02,5.403658453656531080e+00,5.071171770373090112e+03,2.980864546567686375e+03,1.396098315836744177e+03,3.708403928084822496e+02,1.491727772114526545e+02,1.324560826101935262e+01,5.662967202941488722e+03,3.328587506420453337e+03,1.558815650159788902e+03,4.140482580841854769e+02,1.665532876883314088e+02,1.478888716789902702e+01,6.183953476529649379e+03,3.634680779878466637e+03,1.702028476231607101e+03,4.520744916516461558e+02,1.818494522716007680e+02,1.614709059775427846e+01,6.269037757343202429e+03,3.684667975130252216e+03,1.725414015180868319e+03,4.582836676926953032e+02,1.843471085967851764e+02,1.636886684246719526e+01,5.449710243478849407e+03,3.824643827558014436e+03,2.918803454646168120e+03,8.003958665055849906e+02,3.221654192056240618e+02,2.860674234971138929e+01,6.078856438066297414e+03,4.265954574446071092e+03,3.255462929141917357e+03,8.926728462901413650e+02,3.593072762460761282e+02,3.190475916418403912e+01,6.631597013862649874e+03,4.653632415102515552e+03,3.551185921987992970e+03,9.737222456758895532e+02,3.919299362786935035e+02,3.480149365596648892e+01,6.721767889309022394e+03,4.716872487997919052e+03,3.599423931895903024e+03,9.869422960442112753e+02,3.972510469772872739e+02,3.527398160071273736e+01,5.796546546427013709e+03,6.458729605748245376e+03,7.039328191018043071e+03,7.133940633006891403e+03
6.122855669868199038e+04,2.985929898997785858e+04,1.679551149893809270e+04,3.177152099086863473e+02,1.245380356122840926e+00,7.215732959189900430e+04,3.834327721056684095e+04,2.235825356005353387e+04,1.623353707449885874e+01,8.282194399611040717e+04,4.821121727315810131e+04,2.936016961039102171e+04,9.821709950264141298e+03,3.328965600831336502e+01,1.015576122332633879e+01,8.466655118594408850e+04,5.010942324166579783e+04,3.077827491972979988e+04,1.363050169254688271e+01,2.440237194914321783e+00,5.234133498412173503e+04,1.792176938321725174e+04,8.965495011816428814e+03,2.995447746656805975e+03,9.970381482991531357e+02,5.973158014943004673e+04,2.050088205729169567e+04,1.025558052412293364e+04,3.426204537267092746e+03,1.140343420518159974e+03,8.010660977446918878e+02,6.643717022981251648e+04,2.284677503484713452e+04,1.142897275537860332e+04,3.817928996105862097e+03,1.270645050613120247e+03,8.925957798649639017e+02,6.755020546651032055e+04,2.323667350672030807e+04,1.162399284399319913e+04,3.883028141832453912e+03,1.292297722258462727e+03,5.851460098873569223e+04,4.392466970942773332e+04,1.455685900632548510e+04,6.611383522216188794e+03,1.735031790067946076e+03,6.195618000037693918e+01,6.561654093801107956e+04,4.925692907871547504e+04,1.632277311317433850e+04,7.412881886625260449e+03,1.945315670016150762e+03,6.946515872043976003e+01,7.191388684781502525e+04,5.398525290660943574e+04,1.788845504720526878e+04,8.123403559084016706e+03,2.131720825554886687e+03,7.612144777577594823e+01,7.294631461733917240e+04,5.476045927184419998e+04,1.814512766335065317e+04,8.239875391310166378e+03,2.162276323484227305e+03,7.721254524189318147e+01,7.246166734644836106e+04,4.259339328442484839e+04,1.994876434654408877e+04,5.298915913036144957e+03,2.131520797161987048e+03,1.892656812071544152e+02,8.091779612050802098e+04,4.756198536065308144e+04,2.227382283328440826e+04,5.916310481003899440e+03,2.379869858237623248e+03,2.113175177674821157e+02,8.836213690860837232e+04,5.193573416522455227e+04,2.432018187434378706e+04,6.459665060454755803e+03,2.598435811144275704e+03,2.307247964294015503e+02,8.957790195884941204e+04,5.264999802464050299e+04,2.465433632288932131e+04,6.548387594078747497e+03,2.634124694363282742e+03,2.338937455579678613e+02,7.787057975308891037e+04,5.465010427300795709e+04,4.170660634341155674e+04,1.143680810613049107e+04,4.603402152995828146e+03,4.087599932169415524e+02,8.686041220363348839e+04,6.095596709816801740e+04,4.651711307301178749e+04,1.275534826137173877e+04,5.134119959582516458e+03,4.558851572549050388e+02,9.475848907856910955e+04,6.649547250099698431e+04,5.074268127667610679e+04,1.391345824562608504e+04,5.600263136153092091e+03,4.972764373459682474e+02,9.604693492059339769e+04,6.739910582923101902e+04,5.143195089055159042e+04,1.410235878392815539e+04,5.676296203145080653e+03,5.040278005023243963e+02,8.282650316687615123e+04,9.228839584528876003e+04,1.005845352945163759e+05,1.019364464081564511e+05
3.390684260571559425e+05,1.653533342964394251e+05,9.300934312435214815e+04,1.888800911923618173e+02,6.896605372797639966e+00,3.995892418362414464e+05,2.123354775472752808e+05,1.238144154205037194e+05,9.424085574504628582e+00,4.586472058990230435e+05,2.669816605535067501e+05,1.625892767699843680e+05,8.122933354981854848e+01,1.280117913205562097e+01,2.640729548564615925e+01,4.688621796902817441e+05,2.774934522563937353e+05,1.704423875406612933e+05,1.351342493854427396e+01,1.351342568087766871e+01,2.898532191042370396e+05,9.924627566893468611e+04,4.964866832338111999e+04,1.658804035772334100e+04,5.521348033904718250e+03,3.307785483041832922e+05,1.135287566309714894e+05,5.679283972164700390e+04,1.897346358643158237e+04,6.314936718656964331e+03,4.436103640838826323e+03,3.679124281568397419e+05,1.265197247761307372e+05,6.329079204817331629e+04,2.114273571206293491e+04,7.036514365161210662e+03,4.942972131018437722e+03,3.740761398710192880e+05,1.286788843641057319e+05,6.437076461994487909e+04,2.150323858366854620e+04,7.156421468008161355e+03,3.240392219331942615e+05,2.432438331290837086e+05,8.061224319047282916e+04,3.661218792399575614e+04,9.608172028791519551e+03,3.430978157778509399e+02,3.633679887101112399e+05,2.727725513659088756e+05,9.039143411299587751e+04,4.105068569500834565e+04,1.077267155050945439e+04,3.846806701239373183e+02,3.982411164913440589e+05,2.989568260142459185e+05,9.906178848462057067e+04,4.498537675726461748e+04,1.180493661933077055e+04,4.215415462680235237e+02,4.039584414736290928e+05,3.032497246006011846e+05,1.004831785162326560e+05,4.563036890796000807e+04,1.197414541110352002e+04,4.275837690904991746e+02,4.012745860937835532e+05,2.358715564167570265e+05,1.104712669550038700e+05,2.934407086739461374e+04,1.180382892691829875e+04,1.048105937059340704e+03,4.481025128958714777e+05,2.633863756568185054e+05,1.233468573955064639e+05,3.276304759513828321e+04,1.317912392846335570e+04,1.170223519187396960e+03,4.893274101503009442e+05,2.876071030810347875e+05,1.346790821764647844e+05,3.577200935163921531e+04,1.438948748404466278e+04,1.277696178874343104e+03,4.960600129526770907e+05,2.915625176938404329e+05,1.365295461633548548e+05,3.626333224289248756e+04,1.458712355877036134e+04,1.295244956620289713e+03,4.312277921968855662e+05,3.026386053867647424e+05,2.309607519511356950e+05,6.333418232254180475e+04,2.549248955114938144e+04,2.263610533497694632e+03,4.810112332461732440e+05,3.375588960460876115e+05,2.576001353894881904e+05,7.063592826025895192e+04,2.843147183520321778e+04,2.524577972111766940e+03,5.247488073209767463e+05,3.682352909807700198e+05,2.810002756640631123e+05,7.704925132962905627e+04,3.101285626585739374e+04,2.753792410412937897e+03,5.318838999453647994e+05,3.732393870145176770e+05,2.848172781911721686e+05,7.809533523460697324e+04,3.143390823317497416e+04,2.791179660754048655e+03,4.586724515866232105e+05,5.110700500379145378e+05,5.570119921823096229e+05,5.644985400833736639e+05
6.843643086302238225e+04,3.337435942231273657e+04,1.877269246227797339e+04,5.451886504753342706e+02,2.871503465801121369e+00,8.065174820732975786e+04,4.285707845443287079e+04,2.499028482869536674e+04,4.050991626390707978e+00,9.257180918505795125e+04,5.388668015804186143e+04,3.281647219507821137e+04,9.345366397103429335e+03,2.108264001074601524e+01,2.583747553216238835e+00,9.463356544069087249e+04,5.600834462509199511e+04,3.440151790654668002e+04,1.806966506162368802e+01,2.727504454517415855e+00,5.850299880153533013e+04,2.003153427927722078e+04,1.002092025161324455e+04,3.348074293626161307e+03,1.114410284498767396e+03,6.676322971422888804e+04,2.291426239721870297e+04,1.146287580398364662e+04,3.829540056909132090e+03,1.274585570957264963e+03,8.953682407008496966e+02,7.425820697869815922e+04,2.553631570489878504e+04,1.277440050101368070e+04,4.267378666555242489e+03,1.420226427247228912e+03,9.976728722367665796e+02,7.550226980847011146e+04,2.597211327450399403e+04,1.299237860833464219e+04,4.340141347866900105e+03,1.444428031300566772e+03,6.540298669190103101e+04,4.909551707226345752e+04,1.627050400615476974e+04,7.389680885947451316e+03,1.939281129572705368e+03,6.924970936534710120e+01,7.334097271242596617e+04,5.505549434969220601e+04,1.824430296236844515e+04,8.285532269082135826e+03,2.174319793595233932e+03,7.764265126314792553e+01,8.037964776639403135e+04,6.034044012161121645e+04,1.999429829266670640e+04,9.079697137680863307e+03,2.382668709635232062e+03,8.508252791254234637e+01,8.153361276953996276e+04,6.120690456832703785e+04,2.028118678425360486e+04,9.209880174683297810e+03,2.416821217359363345e+03,8.630207123586629336e+01,8.099191254718825803e+04,4.760752161904990498e+04,2.229714889789009612e+04,5.922708553240939182e+03,2.382445129740143784e+03,2.115461793722633672e+02,9.044350393372929830e+04,5.316102024926340528e+04,2.489591474858013680e+04,6.612783311394955490e+03,2.660030054501826271e+03,2.361939796413843737e+02,9.876419803856751241e+04,5.804965055983063212e+04,2.718317307646058907e+04,7.220102055107106025e+03,2.904325775102568514e+03,2.578859067290960070e+02,1.001230840588879219e+05,5.884799760161335143e+04,2.755666450344756959e+04,7.319269025185457394e+03,2.944215942661710415e+03,2.614278779649472426e+02,8.703756705669609073e+04,6.108355810698343703e+04,4.661634113737635926e+04,1.278315832401642001e+04,5.145318341085644533e+03,4.568795462761278827e+02,9.708568945131904911e+04,6.813175225832586875e+04,5.199314443097547337e+04,1.425691808935307745e+04,5.738512640913905670e+03,5.095523455896561131e+02,1.059135339077001408e+05,7.432337208787647251e+04,5.671615036212877749e+04,1.555136171168835062e+04,6.259530597827939346e+03,5.558162107240093519e+02,1.073536572391896771e+05,7.533338234943960560e+04,5.748656112332568591e+04,1.576249984948576093e+04,6.344514342671704981e+03,5.633623523728607552e+02,9.257690403435677581e+04,1.031526591704471211e+05,1.124254272418401961e+05,1.139364867329043627e+05
4.418627073553606169e+05,2.154829676418468007e+05,1.212066816118977440e+05,8.297149152786327249e+03,1.914068285973673511e+01,5.207314263014970929e+05,2.767085371489364770e+05,1.613508346013449191e+05,1.228115547317889167e+01,5.976938013603338040e+05,3.479216291589814355e+05,2.118809408661430934e+05,2.098763384195972321e+03,1.113235106579199822e+02,5.325911457119327963e+01,6.110056181848403066e+05,3.616202446235429379e+05,2.221148562816173944e+05,3.194776120370402737e+02,4.008554064407499595e+01,3.777270863185969065e+05,1.293344490087021113e+05,6.470049499068357545e+04,2.161698309043743211e+04,7.195237282496301304e+03,4.310596164824989974e+05,1.479469038948849484e+05,7.401054197763309639e+04,2.472558754219011826e+04,8.229415573691445388e+03,5.780982860121723206e+03,4.794512538110441528e+05,1.648763024160246132e+05,8.247845758908544667e+04,2.755251075433467122e+04,9.169751933883142556e+03,6.441517107829017732e+03,4.874835976257470320e+05,1.676900480691909033e+05,8.388584170058656309e+04,2.802230626379244495e+04,9.326010765424367492e+03,4.222771496333455434e+05,3.169872819217946962e+05,1.050511963287107501e+05,4.771178709074110520e+04,1.252105058142629423e+04,4.471136478348191190e+02,4.735290918868966983e+05,3.554681268097618013e+05,1.177951139485000022e+05,5.349588972555987129e+04,1.403858752055055083e+04,5.013030297514904987e+02,5.189745922395738889e+05,3.895906034985740553e+05,1.290940320044697291e+05,5.862344824238482397e+04,1.538380132889105334e+04,5.493389168310053492e+02,5.264252204701064620e+05,3.951849671939139953e+05,1.309463395383476600e+05,5.946398086415118451e+04,1.560430844410520331e+04,5.572129643799503356e+02,5.229277087754242821e+05,3.073799770915140398e+05,1.439624852152263629e+05,3.824021835679557262e+04,1.538235771901762382e+04,1.365856916835781703e+03,5.839523081848078873e+05,3.432363764116062084e+05,1.607415259633349779e+05,4.269571514497216413e+04,1.717459644453986766e+04,1.524996370845259889e+03,6.376752215433428064e+05,3.748000227355196839e+05,1.755093056032412860e+05,4.661689425194972864e+04,1.875190213809464694e+04,1.665051119567230671e+03,6.464489261669575935e+05,3.799545862474000314e+05,1.779207690593670704e+05,4.725716986310623906e+04,1.900945480832668909e+04,1.687920271007467136e+03,5.619617334763598628e+05,3.943885760559688206e+05,3.009803804657853907e+05,8.253500263108425133e+04,3.322096570883102686e+04,2.949861964972347778e+03,6.268378586529352469e+05,4.398955382507478935e+05,3.356959370010143612e+05,9.205039509129326325e+04,3.705094959208570799e+04,3.289946102105350747e+03,6.838352135294356849e+05,4.798719964835162391e+05,3.661902233190943371e+05,1.004080244943481375e+05,4.041492399281568942e+04,3.588650781272841868e+03,6.931334268135452876e+05,4.863931709860045230e+05,3.711644145078660804e+05,1.017712468140329729e+05,4.096362490124125907e+04,3.637372795700365714e+03,5.977266974858745234e+05,6.660095101863559103e+05,7.258795305137510877e+05,7.356357497975438600e+05
1.140129077166366369e+04,5.560061787705168172e+03,3.127470553970839774e+03,2.832897777253805760e+00,2.149494515046986187e+00,1.343632358617462887e+04,7.139852315828608880e+03,4.163301668532292751e+03,3.168880315453882490e-01,1.542216773067780377e+04,8.977348674762364681e+03,5.467119348597316275e+03,5.871183539847061184e+02,9.191828816798595980e+00,1.374233858679080544e+00,1.576564948501306208e+04,9.330811283645482035e+03,5.731182906290828214e+03,1.991221132507121405e+00,4.543934806176673780e-01,9.746412662834480216e+03,3.337189619192038663e+03,1.669453282686372859e+03,5.577784736760415853e+02,1.856571921937740797e+02,1.112254071563745674e+04,3.817442879506539157e+03,1.909678462374933133e+03,6.379891412282271403e+02,2.123418826031611957e+02,1.491654868114864883e+02,1.237117999442946893e+04,4.254268566810766970e+03,2.128174332606295138e+03,7.109316467798381609e+02,2.366051805327959698e+02,1.662091132885369689e+02,1.257843687436957407e+04,4.326871077303817401e+03,2.164488747672373847e+03,7.230536806279529856e+02,2.406370960750494135e+02,1.089592855571174368e+04,8.179156268811555492e+03,2.710613950260059937e+03,1.231097209324033201e+03,3.230780396461298665e+02,1.153678039715257420e+01,1.221837168097843642e+04,9.172069409169182109e+03,3.039442591724827253e+03,1.380343211780851334e+03,3.622347272575669876e+02,1.293501789804925650e+01,1.339099236609814034e+04,1.005252450020240758e+04,3.330986201742168305e+03,1.512648521906144424e+03,3.969449929808027946e+02,1.417447690909145308e+01,1.358323933614548878e+04,1.019687466103818406e+04,3.378780895374657575e+03,1.534336604839255415e+03,4.026346922823656769e+02,1.437765020499931801e+01,1.349299376138266962e+04,7.931260998696228853e+03,3.714633759257256770e+03,9.867043149795883892e+02,3.969077455374967940e+02,3.524292006420081691e+01,1.506759875728083716e+04,8.856456117094750880e+03,4.147579825717804852e+03,1.101668565992843924e+03,4.431525066522470411e+02,3.934916247658218680e+01,1.645379990323279344e+04,9.670886182236843524e+03,4.528629766788403685e+03,1.202845924595306769e+03,4.838513927576714195e+02,4.296296678787966528e+01,1.668018593492567015e+04,9.803888382246719630e+03,4.590852226390462420e+03,1.219366826879645487e+03,4.904969675604319832e+02,4.355305231386403619e+01,1.450018056344862998e+04,1.017632556361548814e+04,7.766133520380832124e+03,2.129633332465743479e+03,8.571936016519794066e+02,7.611467069091753501e+01,1.617416560662687516e+04,1.135053222953604745e+04,8.661891771120479461e+03,2.375156986994011277e+03,9.560178677730283425e+02,8.488979188134936749e+01,1.764485633670396055e+04,1.238203635586889504e+04,9.448729384110909450e+03,2.590807166540391790e+03,1.042817796102664943e+03,9.259720451185835088e+01,1.788477620643298724e+04,1.255030076920087413e+04,9.577077432818847228e+03,2.625982088796171411e+03,1.056975816102633189e+03,9.385437120348912288e+01,1.542301647964186850e+04,1.718490346533313641e+04,1.872971683846789892e+04,1.898145503023393394e+04
6.460812639384016620e+01,3.150741374197515654e+01,1.772255628691979368e+01,5.176457901367344405e+00,1.314148513161121244e-03,7.614012583050485716e+01,4.045967264938894203e+01,2.359233961014153991e+01,1.795730714725196067e-03,8.739338334698661015e+01,5.087228313046746564e+01,3.098073319339096798e+01,1.020649205558127193e+01,2.439230771466521439e-03,2.439239560628005555e-03,8.933980532334061309e+01,5.287526303730401622e+01,3.247711233418889520e+01,1.393303125372486254e-02,2.574958674196262641e-03,5.523036705468054919e+01,1.891097919145407502e+01,9.460354523449330699e+00,3.160784479268614167e+00,1.566805792818712698e-02,6.302852425891821042e+01,2.163244859780485285e+01,1.082164760744598908e+01,3.615317339288633747e+00,1.791989723012301500e-02,1.791986100622000588e-02,7.010423591897571782e+01,2.410782551273219454e+01,1.205980635914378674e+01,4.028663343040212119e+00,1.996735601061194396e-02,9.418634736819143649e-01,7.127870623827077168e+01,2.451924479059123385e+01,1.226559068145791187e+01,4.097355770039669665e+00,7.184886001191870264e-02,6.174437237193836836e+01,4.634913544368622240e+01,1.536033902137563878e+01,6.976305326322739475e+00,1.830798544686017326e+00,6.537594370932446608e-02,6.923831108911429055e+01,5.197571410153276616e+01,1.722372484387186020e+01,7.822043226786217218e+00,2.052689244247505318e+00,7.329941515071006219e-02,7.588324541545242141e+01,5.696502270048946315e+01,1.887582615558779864e+01,8.571782849937331861e+00,2.249383220841356668e+00,8.032307061859772501e-02,7.697265844046064842e+01,5.778301727629917650e+01,1.914666618650459995e+01,8.694683478952956790e+00,2.281625284790848696e+00,8.147443237241848435e-02,7.646126090986429347e+01,4.494437790690771095e+01,2.104985714621203030e+01,5.591394858689763936e+00,2.249172197437647736e+00,1.997124547953123275e-01,8.538413420409544585e+01,5.018721634590644243e+01,2.350324810450032231e+01,6.242867148711948921e+00,2.511229127943904071e+00,2.229814327044217226e-01,9.323937334154423695e+01,5.480237847710576915e+01,2.566255868559276720e+01,6.816212694808893247e+00,2.741859053847520045e+00,2.434599742770716946e-01,9.452224356110480130e+01,5.555606652152440006e+01,2.601515761084622724e+01,6.909832300644461078e+00,2.779517803506955431e+00,2.468038462555011969e-01,8.216872404276391251e+01,5.766657122244821920e+01,4.400864380813505505e+01,1.206807411136215791e+01,4.857491528929935853e+00,4.313220302544428786e-01,9.165475894979972793e+01,6.432049211251688803e+01,4.908467127498817462e+01,1.345939248435298019e+01,5.417502758237259464e+00,4.810482607080680539e-01,9.998877823471953263e+01,7.016575548523231021e+01,5.354347412635220849e+01,1.468142543717075021e+01,5.909375206742491393e+00,5.247242164297328815e-01,1.013483411359897275e+02,7.111926633450150348e+01,5.427078862822877880e+01,1.488075250712673814e+01,5.989604979915768901e+00,5.318482012111125368e-01,8.739819313052700522e+01,9.738234559499365162e+01,1.061363980679962680e+02,1.075629302792209785e+02
1.928800709830787673e+04,9.406172733632671225e+03,5.290863634887192347e+03,9.083180322182815871e+02,3.923153451607219178e-01,2.273075130764752248e+04,1.207876582753016919e+04,7.043219168647156948e+03,2.469632906154837659e+00,2.609028072345449618e+04,1.518732995681882494e+04,9.248938482044586635e+03,4.373314988829047820e+02,1.578682739876316132e+00,2.376576681371693311e+00,2.667136252649552989e+04,1.578529630342317978e+04,9.695664947538449269e+03,7.687150696011788575e-01,7.687150240778209964e-01,1.648838533773783638e+04,5.645653459955559811e+03,2.824279050801823360e+03,9.436155328027131191e+02,3.140834961461666808e+02,1.881643471152414713e+04,6.458116596377274618e+03,3.230677322875334994e+03,1.079311049990581296e+03,3.592270198097643288e+02,7.738778676255665800e+01,2.092880633487145315e+04,7.197111606358621430e+03,3.600315251637241090e+03,1.202710721201908427e+03,4.002741843105491171e+02,2.811824203304872754e+02,2.127943084221547906e+04,7.319936089729646483e+03,3.661749799275588884e+03,1.223218027502422956e+03,4.070951330702434348e+02,1.843306610980700862e+04,1.383699671188352113e+04,4.585651077793820150e+03,2.082695052016045338e+03,5.465636866630321720e+02,1.951722117830774650e+01,2.067029455678037630e+04,1.551674651106500460e+04,5.141943221351533793e+03,2.335180290698666795e+03,6.128065772081469049e+02,2.188267186109674967e+01,2.265406269762941520e+04,1.700624668468293748e+04,5.635158918342518518e+03,2.559006355508108754e+03,6.715272807783682083e+02,2.397951635989629082e+01,2.297929435801952422e+04,1.725044943972786859e+04,5.716015039330562104e+03,2.595696910637607743e+03,6.811527685778286241e+02,2.432322852769188870e+01,2.282662234619732044e+04,1.341762263897270896e+04,6.284190364103565116e+03,1.669246070213316443e+03,6.714642710900423026e+02,5.962181374693872016e+01,2.549044276308432018e+04,1.498281121875698955e+04,7.016622140428124112e+03,1.863735556798148082e+03,7.496983299014647173e+02,6.656850958166813825e+01,2.783553319505985564e+04,1.636061441468022349e+04,7.661259040277021995e+03,2.034901240465349247e+03,8.185502163807711895e+02,7.268212558260364631e+01,2.821851915414114046e+04,1.658561930482193566e+04,7.766523243522336088e+03,2.062850288550858295e+03,8.297927994765058202e+02,7.368039860746935688e+01,2.453051923607271601e+04,1.721568594970044796e+04,1.313826995075538434e+04,3.602783531552485783e+03,1.450147738981761677e+03,1.287661541435737149e+02,2.736246507915119219e+04,1.920213674602672472e+04,1.465365918394179971e+04,4.018145480225042320e+03,1.617332619141097666e+03,1.436113628986705635e+02,2.985048974883588016e+04,2.094717247960820168e+04,1.598478294428075060e+04,4.382969241244959449e+03,1.764175430900492756e+03,1.566502917613385648e+02,3.025637147106712655e+04,2.123183205754955270e+04,1.620191436570402584e+04,4.442476030438802809e+03,1.788127095374709370e+03,1.587770874302475477e+02,2.609171668343347119e+04,2.907236952951088097e+04,3.168579048517355841e+04,3.211166486483709014e+04
5.312358224051167490e+05,2.590675109540554404e+05,1.457224851147680019e+05,5.601104881951393963e+02,3.989007999792590908e+01,6.260568715303337667e+05,3.326768330415167147e+05,1.939863687657890259e+05,1.476519976233308817e+01,7.185860005828370340e+05,4.182938047463618568e+05,2.547369210797829146e+05,1.407743562321297031e+04,2.005626359451162344e+01,2.005626396192313621e+01,7.345903176917728269e+05,4.347631563978252234e+05,2.670407876329786377e+05,8.983910252717599576e+01,2.117217000354483858e+01,4.541278414969134028e+05,1.554942079791307915e+05,7.778710431153421814e+04,2.598932996355947762e+04,8.650577825502692576e+03,5.182476453605631832e+05,1.778713014525909966e+05,8.898024239265036886e+04,2.972669484498654492e+04,9.893933658586238380e+03,6.950270000957619231e+03,5.764271923113107914e+05,1.982249144017026993e+05,9.916091564780854969e+04,3.312540375803282950e+04,1.102446647309248510e+04,7.744407049049211309e+03,5.860841928076950135e+05,2.016077808899946103e+05,1.008529638023675361e+05,3.369022219839058380e+04,1.121233103751484123e+04,5.076887987559268367e+05,3.811025349443668965e+05,1.262993179610916704e+05,5.736218491642012668e+04,1.505361375581241919e+04,5.375488767925367029e+02,5.693071862120100996e+05,4.273666863109158003e+05,1.416208758972843061e+05,6.431620552977199986e+04,1.687809460174288688e+04,6.026988295946435983e+02,6.239446950620880816e+05,4.683909266063514515e+05,1.552051638152338273e+05,7.048088699911908770e+04,1.849539719308721760e+04,6.604506469907629480e+02,6.329023202000325546e+05,4.751168303107761312e+05,1.574321271257280605e+05,7.149142923157314362e+04,1.876050509537945982e+04,6.699173013951109397e+02,6.286973861679955153e+05,3.695520141326651792e+05,1.730809753798558668e+05,4.597485414790637151e+04,1.849366157877402293e+04,1.642121052264268428e+03,7.020650926901982166e+05,4.126608886103872792e+05,1.932538209442302468e+05,5.133153992641914374e+04,2.064840652177813536e+04,1.833448946074919377e+03,7.666542405567303067e+05,4.506087352361782687e+05,2.110085964013757475e+05,5.604583367201564397e+04,2.254474498247288648e+04,2.001831833519549036e+03,7.772025548427115427e+05,4.568058864235439105e+05,2.139078132467971009e+05,5.681561481542709953e+04,2.285439140220740592e+04,2.029326455639858295e+03,6.756266041692915605e+05,4.741593596632696572e+05,3.618580068778984132e+05,9.922889851250426727e+04,3.994038509539745428e+04,3.546514186690670613e+03,7.536248660584057216e+05,5.288707621324824868e+05,4.035952878137070802e+05,1.106689157093695540e+05,4.454503888961989287e+04,3.955385232954587991e+03,8.221507524948235368e+05,5.769330376867855666e+05,4.402574803456994123e+05,1.207169971549627080e+05,4.858942594417811051e+04,4.314507206977232272e+03,8.333296674946474377e+05,5.847732133708269102e+05,4.462377756796213216e+05,1.223559505813634023e+05,4.924910932253342617e+04,4.373083880660555224e+03,7.186255509279074613e+05,8.007195442104227841e+05,8.726991350188498618e+05,8.844286896726035047e+05
4.591493995730449569e+03,2.239131574578171239e+03,1.259485678738900560e+03,3.700791302075101612e+02,9.339012462678497606e-02,5.411036434372965232e+03,2.875340168190646182e+03,1.676632494263195667e+03,7.821350450648629771e-01,6.210769666927274557e+03,3.615331264473373722e+03,2.201702121003170305e+03,4.176199801100158737e+01,1.538494601159489550e+00,3.691806069284994662e-01,6.349095652214752590e+03,3.757676674869859653e+03,2.308045019056897218e+03,5.709277785235069569e-01,1.829921455321378287e-01,3.925046427169871549e+03,1.343943109346061192e+03,6.723172832645379913e+02,2.246268931478415709e+02,7.476731409289398300e+01,4.479236646198284689e+03,1.537349287416182278e+03,7.690600590811045549e+02,2.569290967432727371e+02,8.551369369512917729e+01,6.007148391784389929e+01,4.982084942989923547e+03,1.713266432559908253e+03,8.570520612294208149e+02,2.863042848494808936e+02,9.528493507067956614e+01,5.964809309774657287e+00,5.065550819807902371e+03,1.742504698319474301e+03,8.716764992448592011e+02,2.911860342436881979e+02,9.690865862728350066e+01,4.387976067684953705e+03,3.293885578462635749e+03,1.091610428248087374e+03,4.957838281042562016e+02,1.301090304400086382e+02,4.646057909077814685e+00,4.920546441363340818e+03,3.693748602148925784e+03,1.224035318534846510e+03,5.558877239525716050e+02,1.458780968939872196e+02,5.209152455598048626e+00,5.392780766770221817e+03,4.048322879168227246e+03,1.341444882987688061e+03,6.091693277532760931e+02,1.598565127990241024e+02,5.708303591313960368e+00,5.470201897532298062e+03,4.106455159053954048e+03,1.360692631914468166e+03,6.179034967517718542e+02,1.621478505746232770e+02,5.790124412730678571e+00,5.433858471066925631e+03,3.194053913403610750e+03,1.495946300555263178e+03,3.973626401399040446e+02,1.598415111436478639e+02,1.419292462169876501e+01,6.067978743285759265e+03,3.566645766116040249e+03,1.670301072877176011e+03,4.436607017095157630e+02,1.784650637433496456e+02,1.584657849699085652e+01,6.626225458473636536e+03,3.894630641757906687e+03,1.823756371123477720e+03,4.844065474081541538e+02,1.948551982796329582e+02,1.730191911222660295e+01,6.717395058199785126e+03,3.948192873728282848e+03,1.848814407672383140e+03,4.910597954173185826e+02,1.975314854129679247e+02,1.753955633688682525e+01,5.839469748141383207e+03,4.098179679038804352e+03,3.127554257785406662e+03,8.576396275412673731e+02,3.452064642030535424e+02,3.065267690546397361e+01,6.513612046533958164e+03,4.571052700603903759e+03,3.488291366838184331e+03,9.565161909846700610e+02,3.850046836709682339e+02,3.418656453818358898e+01,7.105884250985052859e+03,4.986456973986943012e+03,3.805164269179805615e+03,1.043362190148907075e+03,4.199604925708837868e+02,3.729047411201434414e+01,7.202504084277293259e+03,5.054219964462450662e+03,3.856852131190534237e+03,1.057527726768385037e+03,4.256621664253310087e+02,3.779675501870585208e+01,6.211111516282852790e+03,6.920653405517356987e+03,7.542776282838084626e+03,7.644155123312405522e+03
3.661176567523027643e+02,1.785444156653116181e+02,1.004291733910611981e+02,3.107766753962029327e+01,7.446837099299957567e-03,4.314665224643979968e+02,2.292745677294854545e+02,1.336917245090394601e+02,3.465886434339468525e-02,4.952358473402121604e+02,2.882801554222522782e+02,1.755598532969738983e+02,5.059931536651887285e+01,6.042854311413541069e-02,4.707884187883275978e-02,5.062657175905724785e+02,2.996305233782065898e+02,1.840394480983564449e+02,9.666817287224713229e-02,1.459145618943764357e-02,3.129762964271105261e+02,1.071636599452536984e+02,5.360939747593912585e+01,1.791135336997831118e+01,5.961814305236150524e+00,3.571664496777400473e+02,1.225855274149090803e+02,6.132349619634415205e+01,2.048707433056942762e+01,6.818711234099625429e+00,1.015472843536766728e-01,3.972626895652707049e+02,1.366128512444455794e+02,6.833982353081394479e+01,2.282939992061611889e+01,7.597853034371850001e+00,4.756200601907857317e-01,4.039181128337040718e+02,1.389442597595123914e+02,6.950594997768564554e+01,2.321866233222222320e+01,3.029539670075174662e+00,3.498894927471100118e+02,2.626486408330591757e+02,8.704309524122135144e+01,3.953293002957678226e+01,1.037466520555960159e+01,3.704685846771035851e-01,3.923557173413292958e+02,2.945330159006439317e+02,9.760242220241171651e+01,4.432550912126259846e+01,1.163206280814019600e+01,4.153686235274828276e-01,4.300108523721178813e+02,3.228061448146855241e+02,1.069644553557946267e+02,4.857409073302402192e+01,1.274667737579826188e+01,4.551701470881261424e-01,4.361842775564110752e+02,3.274415101430230948e+02,1.084992369589317320e+02,4.927053761189362291e+01,1.292938450060375466e+01,4.616943698532955387e-01,4.332863212115974534e+02,2.546882407337960785e+02,1.192841264030163728e+02,3.168499800216999773e+01,1.274548090516608312e+01,1.131718894614051729e+00,4.838499497475339695e+02,2.843980587785782177e+02,1.331868696022657446e+02,3.537672408503286903e+01,1.423049028526580706e+01,1.263578434563143116e+00,5.283635662935192840e+02,3.105509958101255279e+02,1.454231227909017719e+02,3.862572572105352720e+01,1.553741071117515560e+01,1.379624744369120526e+00,5.356332657267873856e+02,3.148219547546921717e+02,1.474212086010637961e+02,3.915624444285504779e+01,1.575081324683082684e+01,1.398573562996897390e+00,4.656290448304486063e+02,3.267816391191906860e+02,2.493856764354199242e+02,6.838667498141579415e+01,2.752615640130768426e+01,2.444190602351223873e+00,5.193839666914847157e+02,3.644876983191619502e+02,2.781502191030738231e+02,7.627091811812071853e+01,3.069959610821442553e+01,2.725976888435921452e+00,5.666107110831283080e+02,3.976113062903401669e+02,3.034171077975579465e+02,8.319586565910083209e+01,3.348691081353947396e+01,2.973476830367673962e+00,5.743150059059943260e+02,4.030146085854093485e+02,3.075386135764562709e+02,8.432540081879997729e+01,3.394155247636549433e+01,3.013846743010196949e+00,4.952631008003274928e+02,5.518407280212223895e+02,6.014476959910183496e+02,6.095314842843008591e+02
1.435339962159408422e+01,6.999715217862420680e+00,3.937259036934713130e+00,9.240198698930769394e-01,2.919753426272418272e-04,1.691535871586699713e+01,8.988557153581954395e+00,5.241295323400597894e+00,3.989558659600061672e-04,1.941539242126486187e+01,1.130183222565934287e+01,6.882707490852540744e+00,2.350972954266324688e+00,5.419189010954515761e-04,1.117892190166669191e-03,1.984781136434813931e+01,1.174681585272427320e+01,7.215144403978502652e+00,6.853523036802887380e-03,5.720666430284797278e-04,1.227002792698053568e+01,4.201280165112225795e+00,2.101720819950549490e+00,7.022027325409113674e-01,3.480902560260761957e-03,1.400247354937049060e+01,4.805884236021289446e+00,2.404146942483968541e+00,1.186238887452700785e-01,3.981115904079050687e-03,3.981124797021777517e-03,1.557441999532722932e+01,5.355816143273547603e+00,2.679217412412759014e+00,8.950115350586617113e-01,1.569462457578335579e-02,4.435976044709185467e-03,1.583534139947631836e+01,5.447217423709244777e+00,2.724934657820458295e+00,9.102722699869941758e-01,4.511581328444411176e-03,1.371718524960451369e+01,1.029696558266295092e+01,3.412466724781201943e+00,1.549862261990990975e+00,4.067318426210791982e-01,1.452401898972627108e-02,1.538204538456955106e+01,1.154697135167914190e+01,3.826438133839586087e+00,1.737752113125800024e+00,4.560272754373843052e-01,1.628429534813429294e-02,1.685828992817586069e+01,1.265540060665682454e+01,4.193470504057654757e+00,1.904314985918307057e+00,4.997249801780095368e-01,1.784468421745000893e-02,1.710031495929447587e+01,1.283712697946506687e+01,4.253640574265389773e+00,1.931618686650975025e+00,5.068879072995081669e-01,1.810045755726758659e-02,1.698670259628940116e+01,9.984883406601614553e+00,4.676455031226200099e+00,1.242189325919674348e+00,4.996781095247248561e-01,4.436833282196179368e-02,1.896901585965117221e+01,1.114963709066459252e+01,5.221502723521238565e+00,1.386920943789339722e+00,5.578969168670950829e-01,4.953780471717742634e-02,2.071414242663891869e+01,1.217494571821744209e+01,5.701217033902172382e+00,1.514295896141864439e+00,6.091338678360023184e-01,5.408731797482800585e-02,2.099914633356078397e+01,1.234238577243731605e+01,5.779550687135006193e+00,1.535094561664570367e+00,6.175001703224193284e-01,5.483005691107519647e-02,1.825467748887231423e+01,1.281125710009025553e+01,9.776999613714048465e+00,2.681054167037218772e+00,1.079144765705938314e+00,9.582290961065788315e-02,2.036210350722651441e+01,1.428949820851511276e+01,1.090469464119355969e+01,2.990150641585701763e+00,1.203557262417777940e+00,1.068701548011902897e-01,2.221359666032196145e+01,1.558808739086352446e+01,1.189526616559690453e+01,3.261638580912717078e+00,1.312832062224107199e+00,1.165731893208408060e-01,2.251563832551887501e+01,1.579992008704057582e+01,1.205684671214126702e+01,3.305921373629937765e+00,1.330655955830974957e+00,1.181559185965991993e-01,1.941646104765595027e+01,2.163454989570955078e+01,2.357935767492318746e+01,2.389627792873268675e+01
2.090678974613597966e+05,1.019560354670262168e+05,5.734909515284957160e+04,7.698295468342013237e+01,4.252411069951647526e+00,2.463847309230172832e+05,1.309249940208338958e+05,7.634334908311885374e+04,2.596784592719492224e+01,2.827995759395835339e+05,1.646195564918528253e+05,1.002517333420288924e+05,3.264956723236137623e+04,7.893142863310459667e+00,7.893146157038279043e+00,2.890980765687351231e+05,1.711010741968425864e+05,1.050939225674725603e+05,2.026377274031357842e+02,1.774547634591137779e+01,1.787220462057732511e+05,6.119475750023616274e+04,3.061312078586224015e+04,1.022810271918256512e+04,3.404435511939934713e+03,2.039563999697996769e+05,7.000126370386096823e+04,3.501818132908348343e+04,1.169894286502324394e+04,3.893758366721235689e+03,2.735279315216204395e+03,2.268529646034968900e+05,7.801142999184604560e+04,3.902478615436970722e+04,1.303650507347282110e+04,4.338679623977939627e+03,3.047811950440930559e+03,2.306534780508514377e+05,7.934275743586894532e+04,3.969069167668905720e+04,1.325878941353428854e+04,4.412613712454846791e+03,1.998009645748224866e+05,1.499829316110481159e+05,4.970510587558255065e+04,2.257489206685947647e+04,5.924350871607958652e+03,2.115524013015326261e+02,2.240508861748500203e+05,1.681901912352319341e+05,5.573490616648331343e+04,2.531164744912766764e+04,6.642375439093501882e+03,2.371921820818560036e+02,2.455534822294272599e+05,1.843352847153643670e+05,6.108100411903134227e+04,2.773775846081853524e+04,7.278864957053222497e+03,2.599204105603242851e+02,2.490787556260750280e+05,1.869822647853819071e+05,6.195742520061553660e+04,2.813545743964043504e+04,7.383198161957039702e+03,2.636460079495525406e+02,2.474239047036279517e+05,1.454372228377398569e+05,6.811603117477081832e+04,1.809340746270683667e+04,7.278181906600922048e+03,6.462568894570958946e+02,2.762977702456534025e+05,1.624027237885452050e+05,7.605505533000186551e+04,2.020153134600967314e+04,8.126181971266666551e+03,7.215539809790180925e+02,3.017168354666958330e+05,1.773371020999774337e+05,8.304244956118392292e+04,2.205684203975054334e+04,8.872486114856594213e+03,7.878210933973302872e+02,3.058681232250928879e+05,1.797759917004971649e+05,8.418343597488189698e+04,2.235978943340577098e+04,8.994347464481359566e+03,7.986415938885002106e+02,2.658929013716177433e+05,1.866054521002916736e+05,1.424092455251792271e+05,3.905154026628163410e+04,1.571854162794361764e+04,1.395730943261399716e+03,2.965891225404572906e+05,2.081371294277757988e+05,1.588349560160321125e+05,4.355376031985857117e+04,1.753070353372913814e+04,1.556642171018497947e+03,3.235574917249273276e+05,2.270520393354558910e+05,1.732633657500465924e+05,4.750818325408602686e+04,1.912237217695421350e+04,1.697974664382338233e+03,3.279569529957406339e+05,2.301375405563659442e+05,1.756169099673324381e+05,4.815319338763935230e+04,1.938199069690377291e+04,1.721027454354898964e+03,2.828151388691671309e+05,3.151232414484319161e+05,3.434508323658814770e+05,3.480669783878250746e+05
4.092173316965464892e+03,1.995628117332498050e+03,1.122517784537195666e+03,4.573344494240598834e+01,1.717023026966104648e-01,4.822591218973871946e+03,2.562649599447016953e+03,1.494300259536335261e+03,4.996915281323819902e-01,5.535354225787712494e+03,3.222167346983345396e+03,1.962269079190050206e+03,6.609612485167176601e+02,6.555704761246495815e-01,7.723381312007688848e-01,5.658637395172324432e+03,3.349032792539421735e+03,2.057047256728164029e+03,5.088400745702232886e-01,1.630918177444492245e-01,3.498201250243079357e+03,1.197790542661973632e+03,5.992033998388728833e+02,2.001989235684826554e+02,9.923872671585056704e-01,3.992123794842099869e+03,1.370163968161249841e+03,6.854254844033353038e+02,2.289882965009067277e+02,7.621415762562169505e+01,5.353876471302017848e+01,4.440287812454767845e+03,1.526950296858977026e+03,7.638484327895655497e+02,2.551689587272666984e+02,8.492278785743243930e+01,5.965609600503967158e+01,4.514676859537446944e+03,1.553008922293265641e+03,7.768824834387760347e+02,2.595198219747503572e+02,8.636993092950855555e+01,3.910787732415406936e+03,2.935678564862605526e+03,9.728988033721578859e+02,4.418677910376088107e+02,1.159597934216099020e+02,4.140804176016535720e+00,4.385441568181925504e+03,3.292056856265287934e+03,1.090922626065105533e+03,4.954354497059625260e+02,1.300139885179717396e+02,4.642661687416023142e+00,4.806320849848623766e+03,3.608071512663973408e+03,1.195564002209313685e+03,5.429227340500434593e+02,1.424722643956149568e+02,5.087530986372732045e+00,4.875322511881608079e+03,3.659881946213381525e+03,1.212718574763324341e+03,5.507070589293626881e+02,1.445144212668840851e+02,5.160453486799353229e+00,4.842931363226298345e+03,2.846703487090150247e+03,1.333263522314159218e+03,3.541498195947349359e+02,1.424588948312429864e+02,1.264945799047875319e+01,5.408091601290407198e+03,3.178776354843024819e+03,1.488657372055479982e+03,3.954130086347076372e+02,1.590571535774809036e+02,1.412327751691525357e+01,5.905629555911452371e+03,3.471093165415446492e+03,1.625424536845996727e+03,4.317277828963260617e+02,1.736648756441747139e+02,1.542035223704858105e+01,5.986884542464039441e+03,3.518830546167557259e+03,1.647757581722928535e+03,4.376574985887468188e+02,1.760501192770561545e+02,1.563214690666528739e+01,5.204432798966866358e+03,3.652506445652729781e+03,2.787435644696681720e+03,7.643721073557325099e+02,3.076655831437547590e+02,2.731922527915225629e+01,5.805262749477166835e+03,4.073954963260179284e+03,3.108942930150463326e+03,8.524959346105791838e+02,3.431357800727768677e+02,3.046881035603612631e+01,6.333125928570249926e+03,4.444184398724260973e+03,3.391356220842198127e+03,9.298975098413943670e+02,3.742901793405624744e+02,3.323516784821792669e+01,6.419238433177486513e+03,4.504578183638488554e+03,3.437423120340018158e+03,9.425225634930941396e+02,3.793717997281415251e+02,3.368639299452434699e+01,5.535658840440097265e+03,6.168038886339625606e+03,6.722506148157826829e+03,6.812860322075094700e+03
1.008372040536422531e+02,4.917522951640081885e+01,2.766049925619397243e+01,7.961087650237965718e+00,2.051042631454654940e-03,1.188357837458625710e+02,6.314747802791342934e+01,3.682176908470558629e+01,2.802702484098592173e-03,1.363993176247940085e+02,7.939897086398126191e+01,4.835321320114925925e+01,1.443839352613601790e+01,1.252978447674103074e-02,8.107839936103727885e-03,1.394371981602207597e+02,8.252512406579093351e+01,5.068868813444636601e+01,1.191241062660464006e-01,4.018859857982704474e-03,8.620085521681208718e+01,2.951533109747222738e+01,1.476525842851489756e+01,4.933197870861932621e+00,1.642020398982056761e+00,9.837183732653437573e+01,3.376286775914259408e+01,1.688989800248763729e+01,5.642610473136716820e+00,7.362980773080857189e-01,2.796847444636814395e-02,1.094152621700578862e+02,3.762631483330176962e+01,1.882235568285668137e+01,6.287740764662705040e+00,1.812780335744885951e+00,1.470014460415468793e+00,1.112483180124146713e+02,3.826843772081419104e+01,1.914353399521416677e+01,6.394952357985080660e+00,2.047839651043316778e+00,9.636759631803410286e+01,7.233946362479086645e+01,2.397366599604607273e+01,1.088827622376419768e+01,2.857420871051221667e+00,1.020355843865927009e-01,1.080637692972845514e+02,8.112115240034130181e+01,2.688194719541692024e+01,1.220826254612894957e+01,3.203737016050264064e+00,1.144020864107652830e-01,1.184348576883894708e+02,8.890822057679316970e+01,2.946046606932870304e+01,1.337841939845790762e+01,3.510727376882015971e+00,1.253642938619307923e-01,1.201351604070769525e+02,9.018490694201717872e+01,2.988317997371590451e+01,1.357023691511075292e+01,3.561049146926700271e+00,1.271612570183028867e-01,1.193369956356074368e+02,7.014698642033609133e+01,3.285358696233243592e+01,8.726775545245885723e+00,3.510397933225777312e+00,3.117013926142291891e-01,1.332633788305429050e+02,7.832975267882416404e+01,3.668272025526950841e+01,9.743561688382689212e+00,3.919403586077070845e+00,3.480185203717868769e-01,1.455234513173968764e+02,8.553287170409892326e+01,4.005286589284352772e+01,1.063841133555320440e+01,4.279359528152151704e+00,3.799803742704108145e-01,1.475256923597985974e+02,8.670919202277558213e+01,4.060318525561171299e+01,1.078452833738409034e+01,4.338135419862804376e+00,3.851992416239482520e-01,1.282449251272423396e+02,9.000316336188012656e+01,6.868653840391662868e+01,1.883525982771257645e+01,7.581335107137925355e+00,6.731861779711298954e-01,1.430502643540427812e+02,1.003882776975836464e+02,7.660895391755346395e+01,2.100676124369111974e+01,8.455373318898693924e+00,7.507965611810439865e-01,1.560575933313857036e+02,1.095112799811016657e+02,8.356803552244127786e+01,2.291405060223739198e+01,9.223063759898067815e+00,8.189638694607643821e-01,1.581795330201979368e+02,1.109994721753102311e+02,8.470319125446476960e+01,2.322515081332959141e+01,9.348282464845848239e+00,8.300825587623810176e-01,1.364068243636029081e+02,1.519896013371034940e+02,1.656524985467518150e+02,1.678789596191527096e+02
1.408058446352851461e+05,6.866671711180359125e+04,3.862423581299110811e+04,6.098590616382070806e+01,1.022877210681184224e+01,1.659384855779116624e+05,8.817711693308093527e+04,5.141673978262395394e+04,1.784215995414965406e+01,1.904636446709030133e+05,1.108701826602604997e+05,6.751887966621725354e+04,2.024153583358214746e+04,7.284715283977163836e+01,5.315979708691505934e+00,1.947056414684666379e+05,1.152354412018152216e+05,7.078006175969971810e+04,3.717777046421187492e+01,1.195146688553624870e+01,1.203681156455174059e+05,4.121426417167877662e+04,2.061773411138677329e+04,6.888559464316389494e+03,2.292864810756121642e+03,1.373632858036876132e+05,4.714538785685561015e+04,2.358451320351815957e+04,7.879160603726599220e+03,2.622420493997634367e+03,1.842192503867029473e+03,1.527839707136885263e+05,5.254018188774589362e+04,2.628293522168282652e+04,8.780000017656579075e+03,2.922072013900140973e+03,2.052681142852295125e+03,1.553435912113305531e+05,5.343682225041056518e+04,2.673141824098999132e+04,8.929706988333180561e+03,2.971866189691391810e+03,1.345646277921626752e+05,1.010125119895065000e+05,3.347605986567615037e+04,1.520404043684291901e+04,3.990011101077421699e+03,1.424791362168056423e+02,1.508967892952887923e+05,1.132749811941743683e+05,3.753709071514593961e+04,1.704722712739251801e+04,4.473595887489428605e+03,1.597473592403189571e+02,1.653786450795730925e+05,1.241485943274975580e+05,4.113765206460497575e+04,1.868119671278191527e+04,4.902267370762700011e+03,1.750546686289383445e+02,1.677528936822337273e+05,1.259313178994181944e+05,4.172791608660625207e+04,1.894904438180786019e+04,4.972535131353672114e+03,1.775638403069220317e+02,1.666383623162840377e+05,9.795100711774277443e+04,4.587569604291186988e+04,1.218579014214340532e+04,4.901807353881315066e+03,4.352497521138471370e+02,1.860847203170225257e+05,1.093771601324173535e+05,5.122257686637713778e+04,1.360559768627230733e+04,5.472929766898135313e+03,4.859618346385207701e+02,2.032042914201897220e+05,1.194353648633683915e+05,5.592854013610610855e+04,1.485513726275330737e+04,5.975560658287155093e+03,5.305922891314201024e+02,2.060001581111004925e+05,1.210779405645405786e+05,5.669698716655280441e+04,1.505917030109043480e+04,6.057633499351346472e+03,5.378798434678965350e+02,1.790771098915480252e+05,1.256775375810325786e+05,9.591168443614461285e+04,2.630095404102305110e+04,1.058633384447286517e+04,9.400155574661434912e+02,1.997508109593770641e+05,1.401789793992690684e+05,1.069742919111369119e+05,2.933316934594716440e+04,1.180681283306342266e+04,1.048388213995667002e+03,2.179138299329792208e+05,1.529180463345887838e+05,1.166917299536766077e+05,3.199644700905113132e+04,1.287879121397319796e+04,1.143574711408587973e+03,2.208768386607716966e+05,1.549961105953813239e+05,1.182768264147411101e+05,3.243085723085747304e+04,1.305364252251719336e+04,1.159100665157356161e+03,1.904741282945661515e+05,2.122334225779746776e+05,2.313118489389846800e+05,2.344208069017984380e+05
1.598161191748172598e+02,7.793744723252017081e+01,4.383891504527060334e+01,1.294797445489192889e+01,3.250665398108983084e-03,1.883419280658911532e+02,1.000819563745717602e+02,5.835854108663445317e+01,4.441958970506214646e-03,2.161782399762784905e+02,1.258388253891565114e+02,7.663463950340202757e+01,2.425072758818357954e+01,1.933211956111375099e-02,6.033713139384152234e-03,2.209929541826348327e+02,1.307934407928424889e+02,8.033611520494508795e+01,1.298986965867549720e-02,3.087759492402074313e-02,1.366190791439146039e+02,4.677862400454328196e+01,2.340134569999383629e+01,7.818587453376748542e+00,2.602425733794566654e+00,1.559087763333204464e+02,5.351051194767794783e+01,2.676867098750308926e+01,8.942930403938676776e+00,1.166953229428419281e+00,4.432701781883598841e-02,1.734114158444906764e+02,5.963365987904349907e+01,2.983140833397563796e+01,9.965392513026863242e+00,3.191224534650936917e+00,4.939167764450488191e-02,1.763166124832619346e+02,6.065135560895407707e+01,3.034044116902914112e+01,1.013531141893817988e+01,1.322441777113903871e+00,1.527322698645767218e+02,1.146502650544468196e+02,3.799568083030756327e+01,1.725674620229234435e+01,4.528704602586482331e+00,1.617153799016477489e-01,1.712694452467320616e+02,1.285682968952404224e+02,4.260499335954036582e+01,1.934878287295678945e+01,5.077578419765857554e+00,1.813150316712385246e-01,1.877065042078633610e+02,1.409099622762066417e+02,4.669166853136042050e+01,2.120335519071500130e+01,5.564125113420816504e+00,1.986889750622141404e-01,1.904013010912561583e+02,1.429333726000691343e+02,4.736162439635359078e+01,2.150736491280968821e+01,5.643879703140156856e+00,2.015368566751388479e-01,1.891362941303062257e+02,1.111754246209382160e+02,5.206939831418218745e+01,1.383100025979007519e+01,5.563602975680534080e+00,4.940131125869422490e-01,2.112081148823682781e+02,1.241442287376567322e+02,5.813816428761322186e+01,1.544249668402118125e+01,6.211832925062739541e+00,5.515718560270199688e-01,2.306390138723438668e+02,1.355603967931827185e+02,6.347948215399383542e+01,1.686073714649450039e+01,6.782324311423224117e+00,6.022279172864783980e-01,2.338123493561128043e+02,1.374247372787677079e+02,6.435167740248081714e+01,1.709231686125350080e+01,6.875477803271915711e+00,6.104994062496765794e-01,2.032544055985525802e+02,1.426453291621022572e+02,1.088607725954144740e+02,2.985185971213986988e+01,1.201560035198937193e+01,1.066927758243067181e+00,2.267192755225097756e+02,1.591046176147031304e+02,1.214169480231968379e+02,3.329345620902768133e+01,1.340085690887748981e+01,1.189931760317919363e+00,2.473344917758769270e+02,1.735635930592387410e+02,1.324463431956416173e+02,3.631630448266084699e+01,1.461756354094142907e+01,1.297969455749343526e+00,2.506975373506889468e+02,1.759222182450337471e+02,1.342454444692731954e+02,3.680936451481930760e+01,1.481602175167457780e+01,1.315591463943087458e+00,2.161901380499774348e+02,2.408871651847814519e+02,2.625413846598630130e+02,2.660700859058638912e+02
2.274856738690800455e+02,1.109378237948535997e+02,6.240124665306190366e+01,1.894206524757365884e+01,4.627069896997901451e-03,2.680899197651114605e+02,1.424587922207988129e+02,8.306879318429885473e+01,1.304313260647480335e-02,3.077127198298513804e+02,1.791216708988135622e+02,1.090833794525393188e+02,3.444918392834806298e+01,2.751688991851419797e-02,1.771704655122025365e-02,3.145660868380241482e+02,1.861741734985123458e+02,1.143521422941468302e+02,1.849007065084039281e-02,9.066387052012191833e-03,1.944665131196917969e+02,6.658569181003626625e+01,3.330997509138650514e+01,1.112914441457163939e+01,5.505510320827626813e-01,2.219238798077343802e+02,7.616800477025255134e+01,3.810309760388404499e+01,1.272955789665415693e+01,6.309602642285656871e-02,6.309602642285656871e-02,2.468375103949235552e+02,8.488382398449958544e+01,4.246266337579318417e+01,1.418495237722316560e+01,7.030517048170085992e-02,2.955266316455569253e-01,2.509728297454238088e+02,8.633243420264082602e+01,4.318723156896372473e+01,1.442681843381826745e+01,1.882391813024074434e+00,2.174023726206245613e+02,1.631956345084194027e+02,5.408386293906448827e+01,2.456362068399664977e+01,6.446254830875828290e+00,2.301890646913372640e-01,2.437885836025664901e+02,1.830068576417066879e+02,6.064485659691161601e+01,2.754146962790852271e+01,7.227533562650985566e+00,2.580875961901584192e-01,2.671854444051029418e+02,2.005742484022313761e+02,6.646191683541196937e+01,3.018130823357476089e+01,7.920094388396567986e+00,2.828180995302749245e-01,2.710212757467007805e+02,2.034544127573489618e+02,6.741554710915256976e+01,3.061404225858350969e+01,8.033618841886733364e+00,2.868719090704560659e-01,2.692206391197815947e+02,1.582494724770689345e+02,7.411669244186252570e+01,1.968734097349102541e+01,7.919351283888828696e+00,7.031889544205841558e-01,3.006381447067109320e+02,1.767095448305267666e+02,8.275510355202293056e+01,2.198117933373374910e+01,8.842055612710790768e+00,7.851190969334899128e-01,3.282964911733066060e+02,1.929595633119060949e+02,9.035804928954155457e+01,2.399993324327881083e+01,9.654105195583754906e+00,8.572240504791548421e-01,3.328134878708530664e+02,1.956133044166488446e+02,9.159955308075281266e+01,2.432956870548866846e+01,9.786701843567639614e+00,8.689977382179867593e-01,2.893166585561434658e+02,2.030444046096490922e+02,1.549547466471154848e+02,4.249177458527137929e+01,1.710326197342297050e+01,1.518687681066636541e+00,3.227170544527702987e+02,2.264729093422717199e+02,1.728274741747439975e+02,4.739061622281068509e+01,1.907506565289455480e+01,1.693774118889225244e+00,3.520611955021214499e+02,2.470541230105836519e+02,1.885269520545790272e+02,5.169340327024676185e+01,2.080695198383354594e+01,1.847557454923448139e+00,3.568482272260736750e+02,2.504114420962027054e+02,1.910878302231083694e+02,5.239523532287324770e+01,2.108944163214863465e+01,1.872640986143063957e+00,3.077296644802233914e+02,3.428839273263166660e+02,3.737070104659180743e+02,3.787298367398562959e+02
6.313749505162829300e+05,3.079023158124248730e+05,1.731914980634420062e+05,5.243457617584326158e+01,2.649168190880686424e+01,7.440699834634553408e+05,3.953871635584748583e+05,2.305532262808019586e+05,1.754846843145855573e+01,8.540410623694317183e+05,4.971431207315251813e+05,3.027553994005532004e+05,2.677193830842496754e+04,1.011469182770350557e+02,2.383690934595390942e+01,8.730622295332272770e+05,5.167169855832814355e+05,3.173785715818943572e+05,1.754737416987041740e+02,2.516317545784518472e+01,5.397319498352624942e+05,1.848052116708017711e+05,9.245014677846747509e+04,3.088837660999009677e+04,1.028123105430373107e+04,6.159384825669984566e+05,2.114004374343155941e+05,1.057532162327375408e+05,3.533024289085577038e+04,1.175896215073379244e+04,8.260411463947073571e+03,6.850850013094597962e+05,2.355907517439317598e+05,1.178529697848807846e+05,3.936961591738380957e+04,1.310260290862348847e+04,9.204244862667679627e+03,6.965623677393477410e+05,2.396112957270850020e+05,1.198639724590843107e+05,4.004090374023673212e+04,1.332588038412293827e+04,6.033892665050015785e+05,4.529412123465985642e+05,1.501070210620613652e+05,6.817508425643094233e+04,1.789125361865069135e+04,6.388780165054066629e+02,6.766228589245316107e+05,5.079262590080763912e+05,1.683167252487143560e+05,7.643995344170596218e+04,2.005965304899703551e+04,7.163089122939080653e+02,7.415596585060768994e+05,5.566836591366236098e+05,1.844616832963989000e+05,8.376669156685433700e+04,2.198182069727852286e+04,7.849470791922558419e+02,7.522058151945305290e+05,5.646774109862887999e+05,1.871084341258368222e+05,8.496772297284539673e+04,2.229690206450901314e+04,7.961982194666388750e+02,7.472082428602842847e+05,4.392133916467280360e+05,2.057071257676109090e+05,5.464121699375836761e+04,2.197975797309465270e+04,1.951664554490399041e+03,8.344059252047217451e+05,4.904483836552808061e+05,2.296825958913572249e+05,6.100764918120632501e+04,2.454067727262467452e+04,2.179058117958249568e+03,9.111702745552056003e+05,5.355494882545489818e+05,2.507841880362090014e+05,6.661059827610765933e+04,2.679447959845402511e+04,2.379181587863313780e+03,9.237069662000521785e+05,5.429148141040246701e+05,2.542299135444597923e+05,6.752548457465789397e+04,2.716249511234675447e+04,2.411858928214162006e+03,8.029837258698069490e+05,5.635394559160234639e+05,4.300690441693336470e+05,1.179337662799397513e+05,4.746923697587590868e+04,4.215040015424134253e+03,8.956848334193625487e+05,6.285640775844417512e+05,4.796738968272546190e+05,1.315302534899122256e+05,5.294187835922124941e+04,4.700984126590883534e+03,9.771280007161920657e+05,6.856861962238547858e+05,5.232469973153801984e+05,1.434724198531207512e+05,5.774864119043869141e+04,5.127801441080741824e+03,9.904141668198714033e+05,6.950042601254517213e+05,5.303545881040920503e+05,1.454203196366199991e+05,5.853267653807608440e+04,5.197419941328067580e+03,8.540880668044629274e+05,9.516569713965931442e+05,1.037204868629931589e+06,1.051145468340561027e+06
1.719045386192820388e+03,8.383259965796572715e+02,4.715487145097552570e+02,1.379677060236292050e+02,7.212915964841798422e-02,2.025880297387737983e+03,1.076521129944858558e+03,6.277275617234736274e+02,4.777930714599560452e-02,2.325298693929345063e+03,1.353572191690788941e+03,8.243124969640596191e+02,1.219287166353821839e+01,2.753929138431172041e-01,6.490085040058569954e-02,2.377087637091916349e+03,1.406865995466258028e+03,8.641270420999130693e+02,3.397456645494323357e+00,1.459108805452497548e-01,1.469528862821927078e+03,5.031693861743921161e+02,2.517141321575203108e+02,8.409982242747383907e+01,2.799272103449065696e+01,1.677016479849327425e+03,5.755802409782299947e+02,2.879344144224940578e+02,9.619369637765123571e+01,3.201614105768078389e+01,4.767985532277531080e-01,1.865281798776390815e+03,6.414432367163669824e+02,3.208784298162237292e+02,1.071917035885717553e+02,3.567447357419074905e+01,2.506040927681154429e+01,1.896531243864572161e+03,6.523899796845403216e+02,3.263537904786219883e+02,1.090194194352272490e+02,3.628239180871383240e+01,1.642848720630796151e+03,1.233223605000436919e+03,4.086965766611183994e+02,1.856203880200486367e+02,4.871253857199295112e+01,1.739474257603956131e+00,1.842241913097015640e+03,1.382931465860314120e+03,4.582761637879577279e+02,2.081231579792953141e+02,5.461644292348635332e+01,1.950295648340930610e+00,2.019045422694605804e+03,1.515683304454321615e+03,5.022340580784466511e+02,2.280716752550532078e+02,5.984993116701880211e+01,2.137176660272174900e+00,2.048031723982294807e+03,1.537447900109343209e+03,5.094403697240387032e+02,2.313417270443954976e+02,6.070780355629546676e+01,2.167810047645526428e+00,2.034424837610660688e+03,1.195846850199346363e+03,5.600790519535822796e+02,1.487717103369218421e+02,5.984431505410837104e+01,5.313800201049752481e+00,2.271838064857584868e+03,1.335344437336065766e+03,6.253570971497246092e+02,1.661056045148714588e+02,6.681693281850299115e+01,5.932924829098289443e+00,2.480844458545939688e+03,1.458141263370711158e+03,6.828104230293306500e+02,1.813607597499425594e+02,7.295336353688288966e+01,6.477801335943770944e+00,2.514978135600437781e+03,1.478194843577610982e+03,6.921921062036132071e+02,1.838517232459382171e+02,7.395535980034247814e+01,6.566772213295865690e+00,2.186284798455583768e+03,1.534349585618881747e+03,1.170949538852773912e+03,3.210984146012407336e+02,1.292445516433373882e+02,1.147629483927155469e+01,2.438682227027322369e+03,1.711392209359159551e+03,1.306008730062622817e+03,3.581175846978893560e+02,1.441449188528866046e+02,1.279937484401852821e+01,2.660427654153706044e+03,1.866918678036987103e+03,1.424645276445462514e+03,3.906325387207643303e+02,1.572322972483331682e+02,1.396147286420521283e+01,2.696601904832250511e+03,1.892288981360703929e+03,1.443997114055482371e+03,3.959360866489838031e+02,1.593669928481470208e+02,1.415102226047870992e+01,2.325426656838473718e+03,2.591077623164300348e+03,2.823999006122056016e+03,2.861955100547038455e+03
4.318046805945636588e+05,2.105779767571397824e+05,1.184476819285824458e+05,1.853637407726254480e+02,8.782846053615417148e+00,5.088781288881957880e+05,2.704098823617187445e+05,1.576780390009881812e+05,1.200160628346746883e+01,5.840886315974288154e+05,3.400019648927659146e+05,2.070579425252778456e+05,3.160182601215336763e+04,9.842846758746418345e+01,3.362978113296662031e+01,5.970974309760610340e+05,3.533887650223236415e+05,2.170589038532847189e+05,9.391866025728170086e+01,1.720938532798578180e+01,3.691289677630537190e+05,1.263904369307114830e+05,6.322773210184688651e+04,2.112492043835760705e+04,7.031453572376072771e+03,4.212475009143403149e+05,1.445792210519150540e+05,7.232585597779706586e+04,2.416276433136851847e+04,8.042091192849726212e+03,5.649391634040190183e+03,4.685376117291181581e+05,1.611232593941842206e+05,8.060101862184525817e+04,2.692533889412627468e+04,8.961022683947410769e+03,6.294890257167200616e+03,4.763871166611255030e+05,1.638729565854690445e+05,8.197636651792038174e+04,2.738444051257401952e+04,9.113724974603217561e+03,4.126649484301714110e+05,3.097717709363690228e+05,1.026599401026162232e+05,4.662573406442454871e+04,1.223603668528347225e+04,4.369360918194262240e+02,4.627502544577276567e+05,3.473766838315923233e+05,1.151137697729219362e+05,5.227817456649923406e+04,1.371903033337597844e+04,4.898920020401325814e+02,5.071612885577771231e+05,3.807224394833539845e+05,1.261554928379904304e+05,5.728901561037176725e+04,1.503362328928211718e+04,5.368344331308719575e+02,5.144423186368346796e+05,3.861894595949966460e+05,1.279656364214727655e+05,5.811041519185844663e+04,1.524911109259752993e+04,5.445292304284834017e+02,5.110244205240673618e+05,3.003831536272478406e+05,1.406854982028592785e+05,3.736976450886820385e+04,1.503221255438052867e+04,1.334766173119168116e+03,5.706599328237252776e+05,3.354233620623090537e+05,1.570826026176939777e+05,4.172384207480950863e+04,1.678365500296044047e+04,1.490283243758907247e+03,6.231599655288999202e+05,3.662685334622203954e+05,1.715142267493154213e+05,4.555576399313215370e+04,1.832505670425247445e+04,1.627150020242113442e+03,6.317339532179479720e+05,3.713057634164370829e+05,1.738707986027408042e+05,4.618146543313412258e+04,1.857674674734487780e+04,1.649498498120551403e+03,5.491699222764830338e+05,3.854111960739938659e+05,2.941292275675951387e+05,8.065627666542933730e+04,3.246476399854575357e+04,2.882714966748511415e+03,6.125692863021290395e+05,4.298822938711310271e+05,3.280545653813697281e+05,8.995507177826958650e+04,3.620756694882779993e+04,3.215057857938390953e+03,6.682692205513980007e+05,4.689487773001299356e+05,3.578547154199194047e+05,9.812245939251920208e+04,3.949496806592414941e+04,3.506963069471592917e+03,6.773557850542214001e+05,4.753215093722612364e+05,3.627156815418322803e+05,9.945464988722570706e+04,4.003117920457603759e+04,3.554576011586160348e+03,5.841207756463523256e+05,6.508492825408173958e+05,7.093564918232681230e+05,7.188906286724967649e+05
1.635387553245401477e+03,7.975286261579414031e+02,4.486006515683160956e+02,1.345507965349881658e+02,1.721407102135588674e-01,1.927290227334525525e+03,1.024131908263945434e+03,5.971790200631244261e+02,9.376642335347536161e-02,2.212137325419817444e+03,1.287700201233640882e+03,7.841970910004074540e+02,3.639757162829041448e+01,9.070181876267660037e-01,1.273668990998043926e-01,2.261405964057266374e+03,1.338400434581308673e+03,8.220740424212197013e+02,1.312773999908431577e+00,2.327843257587003944e-01,1.398013806586800001e+03,4.786824980547185646e+02,2.394643884039381021e+02,8.000707920558244268e+01,2.663044658611832816e+01,1.595403971063041581e+03,5.475694544812430422e+02,2.739220005786938827e+02,9.151240088641051784e+01,4.526729508800684698e+00,6.561539813292277756e+00,1.774507303896576332e+03,6.102272108498694934e+02,3.052627879981657770e+02,1.019751877506574687e+02,3.393836473476059012e+01,2.124531792457586832e+00,1.804235980591676935e+03,6.206412257489099602e+02,3.104716845706042250e+02,1.037139554857275101e+02,3.451669793006269060e+01,1.562898998608989359e+03,1.173208419454214663e+03,3.888072352451784468e+02,1.765871188852586045e+02,4.634192866999759985e+01,1.654822245832262118e+00,1.752588661687955437e+03,1.315630696655942302e+03,4.359740180629257793e+02,1.979947826019612194e+02,5.195851716242597718e+01,1.855383560575858848e+00,1.920787971969975160e+03,1.441922122728856039e+03,4.777926875630780614e+02,2.169724993312734966e+02,5.693731672594955739e+01,2.033170165623846781e+00,1.948363649267106666e+03,1.462627542503743598e+03,4.846483019897717668e+02,2.200834115323280855e+02,5.775343994041175222e+01,2.062313165088411449e+00,1.935418947817742037e+03,1.137650610946255711e+03,5.328226395496457144e+02,1.415316913079950609e+02,5.693197373528953875e+01,5.055201998531633656e+00,2.161278376514796946e+03,1.270359504025367414e+03,5.949239047102433915e+02,1.580220261081666990e+02,6.356526699962128646e+01,5.644197092472535537e+00,2.360113432700543399e+03,1.387180389220131474e+03,6.495812523139816221e+02,1.725347863258081986e+02,6.940306664065791153e+01,6.162556884431566573e+00,2.392585948691385966e+03,1.406258050305619690e+03,6.585063727999892080e+02,1.749045243232425833e+02,7.035629991514244352e+01,6.247198186447319834e+00,2.079888595627736322e+03,1.459680012169278598e+03,1.113964928090250623e+03,3.054720659567176995e+02,1.229548270535632213e+02,1.091779810140594975e+01,2.320003024827886748e+03,1.628106790598416865e+03,1.242451417680604891e+03,3.406896853305250943e+02,1.371300638258609865e+02,1.217649044267611380e+01,2.530957147404471471e+03,1.776064528876459462e+03,1.355314482392632726e+03,3.716222912392530588e+02,1.495805413553511869e+02,1.328203351550030398e+01,2.565370974714184285e+03,1.800200178083255878e+03,1.373724550502821558e+03,3.766677383648249702e+02,1.516113506906150974e+02,1.346235948380200753e+01,2.212259077276422886e+03,2.464982058580632383e+03,2.686568245642418333e+03,2.722677216128938653e+03
8.323139707821940192e+01,4.058941497058945913e+01,2.283107767821271494e+01,6.603607486032541551e+00,1.692919483906629588e-03,9.808749103411042825e+01,5.212215896041599450e+01,3.039282322997188146e+01,2.313351500324816248e-03,1.125844961428246478e+02,6.553620181047253368e+01,3.991091908296343149e+01,1.291212872355321295e+01,3.973398920620599406e-02,1.046541533013283301e-02,1.150919741256347066e+02,6.811653964318109900e+01,4.183862930064626084e+01,4.463072343577849377e-02,3.317180238808046123e-03,7.115050151712726745e+01,2.436206267317574259e+01,1.218729831963749355e+01,4.071879632574170849e+00,1.025389529479851847e+00,8.119647503261154498e+01,2.786799460601685396e+01,1.394098395412218139e+01,4.657431318717441648e+00,5.491518151053734753e-01,2.308529887511952261e-02,9.031175815128403883e+01,3.105689802783486186e+01,1.553604148215218395e+01,5.189924292389733296e+00,9.100869069589055671e-02,1.081259166785109443e-01,9.182476925072629115e+01,3.158690880390912881e+01,1.580114316675443220e+01,5.278417213143456799e+00,2.616125590852585309e-02,7.954216705570760837e+01,5.970925837601790676e+01,1.978795184924136308e+01,8.987223210972432597e+00,2.358525664544567135e+00,8.422056625333904090e-02,8.919623100973153385e+01,6.695769647512601352e+01,2.218845764093931905e+01,1.007674478818646335e+01,2.644376341853694079e+00,9.442792169438171679e-02,9.775656519178927795e+01,7.338517135306689454e+01,2.431677658368374750e+01,1.104259632427097060e+01,2.897767179706186358e+00,1.034761572468153590e-01,9.916000145704396118e+01,7.443895255320163074e+01,2.466568633629630725e+01,1.120092316129954035e+01,2.939303025350475274e+00,1.049593936616155104e-01,9.850119387222278533e+01,5.789957977527860322e+01,2.711747029721751545e+01,7.203112450144526946e+00,2.897495318104902573e+00,2.572794811080327815e-01,1.099960832956956693e+02,6.465366463543412578e+01,3.027805160181089406e+01,8.042371456707542166e+00,3.235090089377601341e+00,2.872557556262688716e-01,1.201155903227199104e+02,7.059914577398245683e+01,3.305978224897668838e+01,8.780983716944577466e+00,3.532198992136585947e+00,3.136371592897496674e-01,1.217682470207962382e+02,7.157008448061296235e+01,3.351401711975152864e+01,8.901589109252945775e+00,3.580712870723623542e+00,3.179449543630240016e-01,1.058538311521076452e+02,7.428894089127292943e+01,5.669412095585269640e+01,1.554669233866955125e+01,6.257661868755337586e+00,5.556504269727358114e-01,1.180742124210394621e+02,8.286085214283727396e+01,6.323331074140647701e+01,1.733905787059151393e+01,6.979096152686835808e+00,6.197102590116949639e-01,1.288105096469396074e+02,9.039101149004251567e+01,6.897736255751621570e+01,1.891334140418264909e+01,7.612750710545981292e+00,6.759758486497133845e-01,1.305619659457117621e+02,9.161937128250484363e+01,6.991432501419730272e+01,1.917012452986043058e+01,7.716106574188552614e+00,6.851532516990646027e-01,1.125906936386920734e+02,1.254527736237020861e+02,1.367301794496190155e+02,1.385679131966682291e+02
3.983710686561299497e+01,1.942734189316767868e+01,1.092765581340634284e+01,3.152386533778324118e+00,8.103011458174805195e-04,4.694768981281992382e+01,2.494726835796229025e+01,1.454693998409049982e+01,1.107268446819804691e-03,5.388640240207988796e+01,3.136764135326777136e+01,1.910259313301020256e+01,6.277650410965113004e+00,1.504026676072301762e-03,1.504034383298477389e-03,5.508655822258500478e+01,3.260267040427983432e+01,2.002525442464389371e+01,1.902151071696535009e-02,1.587715782259483061e-03,3.405481796724509991e+01,1.166043225401630146e+01,5.833215769454148436e+00,1.948926782100354194e+00,9.641194895889536320e-02,3.886312982581600295e+01,1.333847919450840358e+01,6.672583537838463030e+00,2.229189920729213625e+00,2.908845506696532413e-01,1.104932252266086455e-02,4.322598465226847964e+01,1.486478639748057873e+01,7.436027086232861905e+00,2.484057398367085057e+00,1.231179940301142285e-02,1.231181208182064932e-02,4.395015836354776440e+01,1.511846589063107515e+01,7.562912966071877463e+00,2.526412827790757376e+00,1.252157886721594858e-02,3.807132721011171839e+01,2.857868704026609308e+01,9.471122243016033337e+00,4.301561314693979732e+00,1.128862906229354701e+00,4.031056750787572612e-02,4.269205901081381427e+01,3.204801242840071751e+01,1.062007819152633203e+01,4.823039853117262687e+00,1.265679778377494680e+00,4.519608789115599906e-02,4.678929821587030347e+01,3.512439961560709634e+01,1.163875691171809912e+01,5.285326151467769407e+00,1.386960527720026981e+00,4.952691041105976300e-02,4.746102604930274538e+01,3.562877185702311778e+01,1.180575582629750109e+01,5.361106443546023392e+00,1.406840774195734500e+00,5.023680968907564409e-02,4.714569986171755289e+01,2.771251960766563371e+01,1.297925510417967665e+01,3.447631121749998417e+00,1.386830300418878892e+00,1.231418828195573467e-01,5.264750657361748409e+01,3.094523211851948119e+01,1.449200655769154267e+01,3.849326281086531409e+00,1.548413592678593576e+00,1.374894834565263402e-01,5.749101499192217801e+01,3.379092201414812280e+01,1.582342851175121190e+01,4.202848802939728401e+00,1.690619069041182421e+00,1.501164372947743353e-01,5.828202774679485287e+01,3.425564324491429602e+01,1.604083948191433606e+01,4.260574288694058076e+00,1.713839294265803170e+00,1.521782782269607837e-01,5.066489842817927070e+01,3.555697140030710557e+01,2.713554974571227163e+01,7.441124980237284525e+00,2.995109358682896517e+00,2.659513954272155201e-01,5.651394871761316807e+01,3.965975217817597809e+01,3.026540726336568454e+01,8.299006108078488708e+00,3.340409991397646827e+00,2.966124481095414045e-01,6.165267088194586620e+01,4.326391768804732862e+01,3.301468690615566715e+01,9.052506683647258967e+00,3.643696550960894509e+00,3.235428415070816799e-01,6.249097192570459214e+01,4.385184849032817311e+01,3.346314615136462578e+01,9.175411029876116231e+00,3.693165897201515779e+00,3.279354448193042559e-01,5.388936797022168435e+01,6.004555541505058613e+01,6.544326966263136569e+01,6.632286192974915195e+01
1.457540694125826349e+03,7.107981530030955355e+02,3.998157540963464385e+02,5.440444280087217521e+01,6.115655783166430715e-02,1.717699244472634291e+03,9.127585279489221648e+02,5.322363615301647997e+02,4.051140417726106085e-02,1.971569482922105635e+03,1.147664028535833040e+03,6.989164043141463480e+02,8.469948643624363172e+01,2.334995929858699193e-01,5.502799586417390920e-02,2.015480205308921086e+03,1.192850656629519335e+03,7.326742730493265299e+02,1.184687814207495693e-01,5.808964942681568711e-02,1.245981127732086406e+03,4.266262332931888182e+02,2.134228628597194586e+02,7.130638476241195178e+01,3.527477706765599130e+00,1.421905301928834433e+03,4.880217965044558355e+02,2.441332453831812757e+02,8.156051449046393031e+01,1.793335018645031198e+01,1.699331017925323151e+00,1.581531316435457256e+03,5.438655786057340720e+02,2.720657482858542835e+02,9.088548289990551154e+01,1.998258570744912177e+01,6.516149929549888142e+00,1.608027029140864443e+03,5.531470814838985461e+02,2.767081816890989217e+02,9.243516234354162009e+01,3.076303981565362378e+01,1.392935211868231363e+03,1.045623119504488841e+03,3.465248166143394997e+02,1.573834336626480308e+02,4.130228754799911428e+01,1.474861837947453846e+00,1.561996305738564615e+03,1.172557099267106651e+03,3.885622598217388486e+02,1.764630374837131228e+02,4.630807791115469030e+01,1.653612502054304878e+00,1.711904101577082201e+03,1.285114460313136760e+03,4.258331863224225344e+02,1.933769451498745582e+02,5.074543720245288370e+01,1.812064967354680256e+00,1.736480950107414856e+03,1.303568180921927024e+03,4.319432589927678237e+02,1.961495511856849987e+02,5.147280838410868853e+01,1.838038670787385032e+00,1.724943952168829810e+03,1.013932186252681959e+03,4.748786793491605067e+02,1.261402532015512890e+02,5.074067512436717209e+01,4.505454163891141839e+00,1.926241437468491540e+03,1.132209109271281932e+03,5.302264921491545238e+02,1.408372800731060295e+02,5.665260439814744586e+01,5.030396105101752724e+00,2.103453329169139124e+03,1.236325828387817182e+03,5.789399057669630793e+02,1.537717903100476065e+02,6.185554857735683498e+01,5.492384787511684685e+00,2.132394505534898144e+03,1.253328820605961482e+03,5.868944270160822043e+02,1.558838226820823536e+02,6.270511890074109829e+01,5.567821338038656087e+00,1.853702686342764537e+03,1.300941188169781526e+03,9.928222997708194271e+02,2.722522668027936561e+02,1.095836064292752923e+02,9.730497792383619782e+00,2.067704889676556832e+03,1.451051728799680404e+03,1.107335994467831370e+03,3.036400064339927098e+02,1.222172984623895928e+02,1.085230884932041384e+01,2.255717945400886038e+03,1.582919197928417589e+03,1.207925296977732614e+03,3.312087178230692075e+02,1.333137987712428014e+02,1.183762508815894243e+01,2.286389306761445368e+03,1.604430113768813044e+03,1.224333313424586095e+03,3.357054798774994424e+02,1.351237587330551833e+02,1.199834031529438683e+01,1.971677997731894038e+03,2.196917593075707373e+03,2.394406495323220042e+03,2.426588652514637488e+03
1.841990309030402102e+02,8.982824898659130497e+01,5.052735363552396564e+01,1.529589040433556058e+01,3.746613689386006380e-03,2.170769805348085981e+02,1.153513146101059732e+02,6.726222013963575819e+01,1.056124098087016412e-02,2.491602374008780885e+02,1.450378713522119938e+02,8.832667349097204124e+01,2.836130186962189370e+01,1.446979580053929862e-02,6.954279821638030025e-03,2.547095263720333094e+02,1.507484043242016014e+02,9.259287980934581697e+01,1.497173562768443558e-02,7.341214516533474399e-03,1.574628524318870291e+02,5.391557033070490235e+01,2.697165480709533014e+01,9.011458235880017043e+00,1.175979586449626524e+00,1.796955506259487265e+02,6.167453270873485849e+01,3.085272792217145721e+01,1.030734015714121021e+01,2.595457898223302973e+00,2.147556764842881161e-01,1.998685427100485583e+02,6.873187999664848746e+01,3.438274275364839383e+01,1.148579772036491065e+01,3.822588650201072635e+00,5.692729949171385084e-02,2.032169804331974206e+02,6.990484457676289765e+01,3.496943819591930946e+01,1.168164083151761545e+01,3.514775284401283617e+00,1.760344092536089704e+02,1.321422886071229357e+02,4.379262638645439409e+01,1.988958292349834167e+01,5.219642470560378555e+00,1.863880863623838813e-01,1.973997744056995600e+02,1.481837737850274550e+02,4.910517506670397836e+01,2.230079778860809370e+01,5.852257117079435744e+00,2.089779622033712259e-01,2.163446116738862486e+02,1.624083893592940342e+02,5.381534790458082540e+01,2.443831996340177071e+01,6.413035584329944250e+00,2.290026060416198994e-01,2.194505498798956751e+02,1.647405075520197784e+02,5.458751805355615261e+01,2.478871203293509495e+01,6.504958144841811674e+00,2.322850867875530800e-01,2.179925470666399576e+02,1.281372971275193606e+02,6.001355021651846045e+01,1.594117563118977543e+01,6.412433812111958176e+00,5.693839808683556214e-01,2.434318330920467588e+02,1.430847318455737707e+02,6.700821886363024760e+01,1.779853598740718468e+01,7.159563098610231435e+00,6.357243470624028836e-01,2.658272659749106879e+02,1.562426486800984549e+02,7.316445326802544002e+01,1.943315532958073177e+01,7.817093565586217707e+00,6.941088463532765207e-01,2.694847549774239042e+02,1.583914296096602925e+02,7.416971881604897021e+01,1.970006670406699811e+01,7.924459446893338033e+00,7.036423735860327655e-01,2.342646337458684229e+02,1.644085185951380197e+02,1.254695016270424190e+02,3.440631453822496155e+01,1.384880302878997682e+01,1.229707207126755630e+00,2.613095042117597018e+02,1.833789764377500546e+02,1.399413542534991564e+02,3.837299021689129574e+01,1.544540608573342055e+01,1.371477904257143221e+00,2.850699543305228758e+02,2.000439370634515797e+02,1.526534874105842619e+02,4.185703005890804462e+01,1.684774395536762270e+01,1.495998756973287103e+00,2.889460951618756326e+02,2.027624139034659549e+02,1.547270698844120034e+02,4.242531546710178247e+01,1.707648044421820188e+01,1.516309565603873422e+00,2.491739540938735615e+02,2.776389704579427757e+02,3.025969395158905400e+02,3.066640227440776130e+02
2.532915454242930537e+03,1.235225621387093270e+03,6.948001662543196062e+02,2.100704765551562048e+02,1.062779082311248180e-01,2.985019187302518731e+03,1.586192532351040427e+03,9.249208159567371013e+02,1.452270526045515431e-01,3.426195131998638772e+03,1.994411519265487186e+03,1.214577511744936601e+03,3.921993365549287773e+02,8.052746055572437278e-01,9.562677842082557833e-02,3.502503227666779821e+03,2.072936878129323304e+03,1.273241965051388888e+03,3.149543189510307650e-01,1.009493093178895629e-01,2.165267062487453586e+03,7.413914190969086349e+02,3.708864326300835614e+02,1.239162960087837462e+02,3.968667780584800653e+01,2.470988241963892051e+03,8.480846892704203128e+02,4.242549596156648022e+02,1.417359325927463942e+02,1.849496659054048209e+01,2.953098600961707731e+00,2.748386459728195859e+03,9.451300681380582773e+02,4.727960885068031871e+02,1.579408684205655788e+02,5.256430371166465676e+01,3.692508525683129506e+01,2.794430735229211678e+03,9.612594651034942217e+02,4.808637174991341112e+02,1.606339057760690991e+02,5.346003680607839925e+01,2.420644001859581749e+03,1.817084722788303907e+03,6.021911196260670067e+02,2.735010668521983348e+02,7.177515088031867663e+01,2.563016128664126647e+00,2.714438505575948057e+03,2.037670735726853536e+03,6.752438188776764036e+02,3.066576181181455354e+02,8.047421780514366674e+01,2.873648883779724272e+00,2.974948404681121701e+03,2.233273006808296486e+03,7.400132740865436745e+02,3.360506197181187531e+02,8.818546411841462884e+01,3.149008013314288590e+00,3.017658064949616801e+03,2.265341892748655937e+03,7.506313558268685711e+02,3.408688555956341588e+02,8.944948984709148476e+01,3.194144992091497492e+00,2.997609063572118885e+03,1.762012205497192099e+03,8.252445779091677878e+02,2.192066404547591958e+02,8.817718883005652231e+01,7.829581698664573430e+00,3.347423959311539420e+03,1.967553959267345817e+03,9.214280532042465666e+02,2.447471453681333742e+02,9.845094387141065795e+01,8.741826595475295392e+00,3.655382997678347692e+03,2.148488075987769662e+03,1.006082269678196894e+03,2.672247476955995467e+02,1.074926252251940468e+02,9.544671321443445322e+00,3.705677010489359418e+03,2.178035893946110264e+03,1.019905640141309732e+03,2.708950393305055400e+02,1.089690095341802589e+02,9.675764978826187246e+00,3.221366107964724961e+03,2.260776706284909324e+03,1.725327437138909545e+03,4.731202201516154560e+02,1.904344839061671735e+02,1.690966803092548787e+01,3.593259319763842541e+03,2.521638926573337812e+03,1.924329458137074880e+03,5.276658626425628427e+02,2.123893252992105261e+02,1.885915303822092426e+01,3.919988574432499718e+03,2.750798312146966509e+03,2.099133633291307433e+03,5.755747898661313684e+02,2.316728332055688782e+02,2.057143399066375267e+01,3.973289282992563585e+03,2.788180018639340688e+03,2.127647494742324852e+03,5.833892677020035080e+02,2.348181853131209493e+02,2.085072363385305039e+01,3.426383702937764156e+03,3.817805286782589974e+03,4.161001677562465375e+03,4.216927813242038610e+03
1.491490818322378971e+02,7.273545841168056825e+01,4.091285552280761806e+01,2.531785124499254191e+00,3.033670064274899235e-03,1.757709174472742859e+02,9.340191829118781186e+01,5.446336047855222517e+01,8.828693735645236004e-03,2.017492742753958908e+02,1.174396252626822843e+02,7.151960653304240623e+01,2.232131881977349153e+01,1.171641773895149181e-02,1.199237307950891743e-02,2.062426259331463712e+02,1.220635410792821887e+02,7.497402641314208438e+01,7.121590525951021489e-02,5.944299838026915334e-03,1.275003437439269049e+02,4.365635239513879640e+01,2.183940651137339728e+01,7.296730782250299363e+00,2.428725064457421201e+00,1.455025367792382838e+02,4.993891594945981893e+01,2.498197775406429955e+01,8.346028356645513568e+00,1.463628821008170489e-01,1.951348813718293718e+00,1.618369510742521697e+02,5.565337006100828177e+01,2.784029044527908425e+01,9.300245358548504981e+00,1.630858444349070902e-01,1.937595855841869330e-01,1.645482383518472034e+02,5.660313904602055857e+01,2.831534749743363832e+01,9.458823073143795668e+00,3.147959553731879190e+00,1.425380489541883264e+02,1.069978535049330759e+02,3.545963293198318667e+01,1.610493277632625819e+01,4.226433090238753465e+00,1.509216130683910528e-01,1.598379476635454637e+02,1.199869169878105311e+02,3.976129371271349555e+01,1.805733441591560506e+01,4.738671959184399540e+00,1.692129868038987905e-01,1.751779036232658768e+02,1.315048298716810962e+02,4.357520067724954060e+01,1.978812252264827620e+01,5.192743671038342335e+00,1.854273369189461118e-01,1.776928350788045066e+02,1.333931855626466927e+02,4.420044007471451408e+01,2.007184106061662376e+01,5.267175116505580235e+00,1.880851851192697488e-01,1.765122624174005352e+02,1.037549443545911885e+02,4.859399048249053976e+01,1.290784050451197196e+01,5.192256434206472981e+00,4.610399035863336770e-01,1.971108879107440259e+02,1.158581364000775835e+02,5.425769223873180636e+01,1.441177660983592546e+01,5.797219857501996643e+00,5.147568204929394708e-01,2.152448517545732329e+02,1.265123250255305862e+02,5.924250034015547328e+01,1.573535558534858225e+01,6.329633385015126734e+00,5.620317233617337926e-01,2.182063843784798962e+02,1.282522283961539529e+02,6.005648061826487094e+01,1.595147845055777935e+01,6.416569278023480649e+00,5.697512540380440527e-01,1.896880500408498165e+02,1.331243675716906694e+02,1.015947854062586799e+02,2.785937692882410843e+01,1.121361078219450036e+01,9.957148695561152119e-01,2.115867407152045985e+02,1.484850701028431956e+02,1.133128896601548519e+02,3.107126127206452182e+01,1.250640743731520388e+01,1.110508977383977358e+00,2.308259806097950957e+02,1.619789710559420541e+02,1.236061181404719207e+02,3.389234763129149286e+01,1.364190420920316349e+01,1.211335764572511353e+00,2.339645574236965899e+02,1.641801684170417843e+02,1.252851396355273295e+02,3.435249800036658741e+01,1.382711615742770128e+01,1.227781401373681414e+00,2.017603780150786577e+02,2.248089822515424316e+02,2.450178779607934700e+02,2.483110529779754643e+02
2.345780411806434586e+03,1.143965566211860732e+03,6.434674404955820819e+02,1.807017903657019531e+02,2.779453813979937959e-01,2.764482174670336008e+03,1.469002624432842595e+03,8.565864769153355383e+02,6.519880503366198843e-02,3.173063464088303135e+03,1.847061850054969000e+03,1.124842971149248569e+03,2.038813492547992468e+01,2.763131402274006110e-01,8.856259281941153416e-02,3.243733815251824126e+03,1.919785677059848922e+03,1.179173211849306199e+03,2.916853493619757098e-01,9.349011341516100249e-02,2.005294370267487693e+03,6.866164813195219949e+02,3.434848693828113824e+02,1.147612004988258576e+02,3.819839521309570074e+01,2.288428475766628708e+03,7.854271082977571723e+02,3.929104584917104717e+02,1.312642993036640462e+02,1.712853488004193636e+01,2.734920118595758343e+00,2.545332166641439926e+03,8.753026488249602153e+02,4.378653084749345794e+02,1.462719955887794185e+02,4.868078746627009679e+01,3.419701265771642795e+01,2.587974623895775949e+03,8.902403928136697004e+02,4.453368933012450270e+02,1.487660654752988023e+02,4.951034179379627176e+01,2.241803726154006199e+03,1.682836194238532471e+03,5.577004723505084485e+02,2.532944584671026576e+02,6.647231038887329646e+01,2.373657288169067847e+00,2.513892322061537016e+03,1.887125011184943332e+03,6.253559427238157014e+02,2.840013621425268866e+02,7.452867926308593383e+01,2.661340530044743691e+00,2.755155416507817336e+03,2.068275941495881398e+03,6.853401590727457915e+02,3.112227727437208955e+02,8.167020943200390093e+01,2.916355279980186399e+00,2.794709634532202017e+03,2.097975538990470795e+03,6.951737601356527421e+02,3.156850276845044618e+02,8.284084715316876668e+01,2.958157145049452375e+00,2.776141890810393306e+03,1.631832503213517839e+03,7.642744489746829686e+02,2.030113729616769831e+02,8.166254578210558179e+01,7.251122114040365219e+00,3.100111995191536153e+03,1.822188549561338959e+03,8.533517804597597660e+02,2.266649142584472543e+02,9.117726289764219416e+01,8.095969657610215364e+00,3.385318643055716620e+03,1.989755041544078267e+03,9.317516221997923367e+02,2.474818425857257864e+02,9.955093284543555399e+01,8.839498121465281244e+00,3.431896830850104834e+03,2.017119821957612658e+03,9.445536996216683292e+02,2.508809680078582005e+02,1.009182400553186056e+02,8.960906747303553743e+00,2.983367467550491710e+03,2.093747640325852444e+03,1.597858014660097297e+03,4.381654966049590598e+02,1.763649422969857028e+02,1.566035887747729305e+01,3.327784725167678971e+03,2.335337027479668905e+03,1.782157541179851478e+03,4.886812342326505245e+02,1.966977312226299546e+02,1.746581339826887458e+01,3.630374816294225184e+03,2.547565828963257445e+03,1.944046951500591604e+03,5.330505902060506287e+02,2.145565489748674963e+02,1.905158894603438569e+01,3.679737583121294847e+03,2.582185718126898337e+03,1.970454168127286948e+03,5.402877227383909258e+02,2.174695154110854673e+02,1.931024683330628733e+01,3.173238098761804849e+03,3.535741003351749441e+03,3.853581533201050661e+03,3.905375774619484673e+03
1.732290336830808374e+05,8.447851694271476299e+04,4.751819108011198114e+04,3.817548843080629013e+03,1.124897003149224339e+01,2.041489357658141817e+05,1.084815537075495959e+05,6.325640963433611614e+04,9.932227067025998224e+00,2.343214713932906161e+05,1.364001234984983166e+05,8.306636880115146050e+04,4.612587819361889160e+03,1.128690045383892624e+02,6.540084043477974340e+00,2.395402686832026229e+05,1.417705657968586020e+05,8.707849944967086776e+04,2.154010574855403348e+01,1.470350206641340307e+01,1.480851337693893875e+05,5.070462208945094608e+04,2.536535467911877640e+04,8.474779680224537515e+03,2.820839988064083173e+03,1.689937610143487400e+05,5.800149877407164604e+04,2.901529018542863196e+04,9.693485301506265387e+03,3.226282020701194597e+03,2.266391922517337207e+03,1.879653475735123211e+05,6.463854499164455046e+04,3.233507455501483491e+04,1.080175980515873198e+04,3.594933916709776440e+03,2.525349528848814316e+03,1.911143695471254468e+05,6.574165328524967481e+04,3.288682902904707589e+04,1.098593966138228279e+04,3.656194129923479522e+03,1.655506590715253260e+05,1.242725391836945928e+05,4.118455140809412114e+04,1.870505618391285316e+04,4.908786052931964150e+03,1.752876366745476275e+02,1.856436074950968905e+05,1.393586722563334333e+05,4.618071050232952985e+04,2.097267119403182733e+04,5.503725341483197553e+03,1.965321883503316656e+02,2.034601825806603592e+05,1.527361387096704566e+05,5.061036865766421397e+04,2.298289300306804580e+04,6.031106456871189948e+03,2.153642929621545363e+02,2.063811468254379870e+05,1.549293674485589145e+05,5.133655217446303141e+04,2.331241760653679739e+04,6.117554693799703273e+03,2.184512522749220693e+02,2.050099732493065239e+05,1.205060653656247014e+05,5.643943595392930001e+04,1.499179711771831535e+04,6.030540532891640396e+03,5.354741787398926363e+02,2.289342191934941220e+05,1.345633034056612814e+05,6.301753622802947211e+04,1.673854198572674431e+04,6.733174574195693822e+03,5.978636671549710400e+02,2.499958944027624675e+05,1.469375996023333282e+05,6.880713607676251559e+04,1.827581135419046404e+04,7.351545682993155424e+03,6.527711077191663662e+02,2.534355607119977649e+05,1.489584092019966047e+05,6.975253269565029768e+04,1.852682692598850917e+04,7.452517318845533737e+03,6.617367733886827637e+02,2.203129757970783685e+05,1.546171486780765117e+05,1.179971498863255983e+05,3.235724247319923961e+04,1.302403592134630344e+04,1.156471763716493115e+03,2.457471843228599464e+05,1.724578192082485766e+05,1.316071303773127147e+05,3.608768200541019178e+04,1.452555306584707068e+04,1.289799211212018690e+03,2.680925793583255145e+05,1.881302967841729405e+05,1.435621914013160567e+05,3.936422977696307498e+04,1.584437454243507455e+04,1.406904218922432619e+03,2.717378760502275545e+05,1.906868748422499921e+05,1.455122865106760873e+05,3.989867078374829725e+04,1.605948865277681398e+04,1.426005333726429853e+03,2.343343675182152656e+05,2.611041432427635009e+05,2.845757488913254347e+05,2.884005992177964072e+05
6.485658278408422461e+01,3.162857703065579074e+01,1.779070966668211184e+01,5.341897458422530498e+00,1.319173735434193452e-03,7.643292748172135020e+01,4.061526318745475805e+01,2.368306589997842693e+01,1.802652996379063748e-03,8.772946066519138242e+01,5.106791609084636008e+01,3.109987169728918133e+01,9.229650158349230082e+00,2.448615347673223884e-03,2.448275786323105344e-03,8.968336776510329855e+01,5.307859798013902264e+01,3.260200525766506274e+01,4.713590121295612584e-02,5.505007733571507487e-03,5.544275921142689612e+01,1.898370276443119664e+01,9.496734847833415927e+00,3.172939493907329656e+00,4.140631036574908275e-01,6.327090482825308726e+01,2.171563778449175786e+01,1.086326299085621727e+01,3.629220339626384018e+00,1.798882373983819866e-02,1.798879054287776114e-02,7.037382662788662913e+01,2.420053383624619059e+01,1.210618313611078811e+01,4.044155952375392715e+00,7.091694550025234856e-02,2.004414459125956893e-02,7.155281350604904844e+01,2.461353525503538719e+01,1.231275903501724223e+01,4.113112479018415257e+00,2.038567009989798035e-02,6.198181460409021071e+01,4.652737424120442000e+01,1.541940834603598454e+01,7.003133171038042448e+00,1.837839006450704638e+00,6.562739426908030527e-02,6.950457199572402089e+01,5.217559060889267641e+01,1.728995989595000893e+01,7.852123444200533875e+00,2.060583012002949133e+00,7.358124516502642654e-02,7.617505976438799564e+01,5.718408569620178383e+01,1.894841418921143372e+01,8.604746288338970928e+00,2.258033434108045689e+00,8.063198802425854128e-02,7.726866254983990245e+01,5.800522601899471908e+01,1.922029601516174679e+01,8.728119579696260288e+00,2.290399408653128521e+00,8.178769441823700859e-02,7.675529904119689206e+01,4.511721467720374790e+01,2.113080500320443278e+01,5.612896982774209675e+00,2.257821530202813065e+00,2.004804648750811991e-01,8.571248500030672801e+01,5.038021478129221009e+01,2.359363165258691808e+01,6.266874462488320141e+00,2.520886238442817451e+00,2.238389400533154494e-01,9.359793121060380372e+01,5.501312485368735850e+01,2.576124561019744519e+01,6.842424852009210134e+00,2.752403083677344764e+00,2.443961943414328375e-01,9.488573513135176540e+01,5.576971127074842371e+01,2.611520060540652466e+01,6.936404514506999242e+00,2.790206621323041425e+00,2.477529082555759155e-01,8.248470968142967763e+01,5.788833205902881929e+01,4.417788230615763467e+01,1.211448268147673701e+01,4.876171323140037650e+00,4.329807010763765396e-01,9.200722375033853950e+01,6.456784122817991545e+01,4.927342996554012444e+01,1.351115138086198897e+01,5.438336138139504783e+00,4.828979998767554127e-01,1.003732916602964167e+02,7.043558336122110575e+01,5.374937948241392149e+01,1.473788396429231717e+01,5.932100179260941353e+00,5.267420711325633276e-01,1.017380834066841970e+02,7.139276030834778908e+01,5.447949070896600432e+01,1.493797742203298817e+01,6.012638396368790161e+00,5.338934749399029123e-01,8.773428882801597695e+01,9.775683641635690435e+01,1.065445531064473386e+02,1.079765748695828478e+02
6.289566023982239421e+05,3.067229603416027385e+05,1.725281238062620396e+05,9.017821641000429054e+02,2.639021010557576119e+01,7.412199862459641881e+05,3.938727100188885233e+05,2.296701447119355435e+05,1.748125417698506467e+01,8.507698441616226919e+05,4.952389111681379145e+05,3.015957554145655595e+05,4.211049009161833965e+04,2.374560928671529325e+01,2.374560829755661828e+01,8.697181541623858502e+05,5.147378078152823146e+05,3.161629229225468007e+05,2.506678846953879969e+01,2.506678898673048295e+01,5.376646230020854855e+05,1.840973549927536806e+05,9.209603526971122483e+04,3.077006533479758218e+04,1.024185092927573169e+04,6.135792596929559950e+05,2.105907126542370534e+05,1.053481507006451138e+05,3.519491719014877162e+04,1.171392220827125311e+04,1.744488947134712760e+02,6.824609286016616970e+05,2.346883719519565930e+05,1.174015592243131396e+05,3.921881915518357710e+04,1.305241617890349880e+04,9.168990114133193856e+03,6.938943351935062092e+05,2.386935165973838593e+05,1.194048587210121186e+05,3.988753578287480195e+04,1.327483850117377551e+04,6.010781132752373815e+05,4.512063176388021093e+05,1.495320674944434431e+05,6.791395439026031818e+04,1.782272484282701043e+04,6.364309093533711348e+02,6.740311981806998374e+05,5.059807557800275972e+05,1.676720247667672520e+05,7.614716651922879100e+04,1.998281882441338166e+04,7.135652450412572989e+02,7.387192750355283497e+05,5.545514020934153814e+05,1.837551420104085410e+05,8.344584077303257072e+04,2.189762399529324466e+04,7.819405068056655637e+02,7.493246505541182123e+05,5.625145355925472686e+05,1.863917540580001369e+05,8.464227230821650301e+04,2.221149850064810744e+04,7.931485469437832307e+02,7.443462218162934296e+05,4.375310778110131505e+05,2.049192086521651072e+05,5.443192510848265374e+04,2.189556922449152989e+04,1.944189181187632585e+03,8.312099121119286865e+05,4.885698246828230913e+05,2.288028460224851733e+05,6.077397250410771085e+04,2.444667933028441621e+04,2.170711678752751595e+03,9.076802329554227181e+05,5.334981786936200224e+05,2.498236113031562418e+05,6.635546065221345634e+04,2.669184910879479139e+04,2.370068620348043623e+03,9.201689048345530173e+05,5.408352925806316780e+05,2.532561400620549975e+05,6.726684256018842279e+04,2.705845480392672835e+04,2.402620948959537600e+03,7.999080672500770306e+05,5.613809367765943753e+05,4.284217579028398031e+05,1.174820461706074275e+05,4.728741604622206069e+04,4.198895202405925374e+03,8.922541004579563159e+05,6.261564954503905028e+05,4.778366058188332245e+05,1.310264546514214744e+05,5.273909561268787365e+04,4.682977949537090353e+03,9.733853253641970223e+05,6.830598207096563419e+05,5.212428113859700970e+05,1.429228798855855130e+05,5.752744686615090905e+04,5.108160394511665800e+03,9.866205954036144540e+05,6.923421961808196502e+05,5.283231769885126268e+05,1.448633174879717408e+05,5.830847918832558207e+04,5.177512315574907916e+03,8.508166618337195832e+05,9.480118519309428521e+05,1.033232076366161346e+06,1.047119280912510236e+06
2.897034435540223285e+01,1.412795321673538496e+01,7.946810757146068660e+00,2.186229394095855927e+00,5.892694114111293518e-04,3.414130322242445459e+01,1.814215445578141228e+01,1.057882690985344354e+01,8.051808563382660978e-04,3.918727403155864408e+01,2.281117900600634130e+01,1.389178963519311694e+01,4.161884811280166296e+00,1.093757681370927017e-03,1.093757681370927017e-03,4.006005129343404292e+01,2.370931686771659130e+01,1.456276716505684377e+01,1.062112931257834514e-02,1.154618464448447200e-03,2.476534765989133291e+01,8.479700628425758779e+00,4.242031688576049397e+00,1.417298736028447026e+00,2.485669564748636817e-02,2.826204864683271367e+01,9.700010051833698910e+00,4.852436828198645635e+00,1.280021158551214011e+00,8.035297886491304248e-03,8.035317455005573303e-03,3.143480435939402895e+01,1.080997129303036530e+01,5.407628329732109940e+00,1.806456460495427185e+00,3.167741742526727217e-02,8.953392410041267555e-03,3.196143800381138078e+01,1.099445208153703568e+01,5.499902195110366598e+00,1.837258139324378314e+00,3.221719632139749545e-02,2.768623388197520541e+01,2.078299535570500467e+01,6.887590370371703408e+00,3.128181867091172741e+00,8.209318071918028092e-01,2.931468082481353613e-02,3.104652289533799348e+01,2.330595842873450962e+01,7.723134249007154395e+00,3.507411483926888618e+00,9.204277377227984003e-01,3.286753684451480112e-02,3.402611754353516460e+01,2.554316896894844646e+01,8.463937753770014893e+00,3.843595516794981570e+00,1.008625510260988012e+00,3.601695730238348159e-02,3.451461145465574276e+01,2.590995848743257923e+01,8.585382752537698892e+00,3.898704146930510372e+00,1.023082899076818153e+00,3.653324214698863703e-02,3.428530033859199477e+01,2.015310084117253098e+01,9.438774962763542220e+00,2.507186572826738402e+00,1.008530883581891802e+00,8.955127048924453603e-02,3.828632491207896749e+01,2.250399442534499173e+01,1.053887830056139840e+01,2.799307393352583606e+00,1.126037465803152005e+00,9.998512952120326702e-02,4.180862058047498664e+01,2.457343746653595318e+01,1.150711496571520343e+01,3.056396029262252956e+00,1.229452144330791086e+00,1.091676960757010095e-01,4.238386160525856639e+01,2.491139207586980575e+01,1.166522034651245043e+01,3.098375161320194415e+00,1.246338357934943630e+00,1.106670832484441119e-01,3.684453185273353171e+01,2.585774403491299012e+01,1.973351674427669522e+01,5.411335549258807553e+00,2.178103660019822030e+00,1.934052006496033149e-01,4.109807886745339545e+01,2.884136837052131597e+01,2.200961205892521733e+01,6.035203962789264409e+00,2.429213254020894386e+00,2.157025480103745008e-01,4.483506062909054179e+01,3.146239003483432839e+01,2.400894350385594223e+01,6.583164708094103368e+00,2.649769262840839357e+00,2.352868206022474817e-01,4.544468988442706348e+01,3.188994516241060850e+01,2.433507188393684118e+01,6.672543141509989617e+00,2.685744390642586854e+00,2.384812733468489043e-01,3.918943072239650860e+01,4.366633420650637021e+01,4.759165942880520817e+01,4.823131736101699119e+01
5.562721997578097216e+03,2.712769797175634721e+03,1.525901739751738432e+03,3.932113340879278098e+02,1.131450477314820957e-01,6.555620290309010670e+03,3.483554127379099555e+03,2.031286604155922305e+03,1.689779506582028690e+00,7.524519212498535126e+03,4.380073832676358506e+03,2.667422996539806263e+03,8.474604324275301224e+02,6.139851728908109152e+00,6.854122169786306396e-01,7.692104968621990338e+03,4.552529181321961005e+03,2.796260367061178385e+03,7.768934935533390096e+00,2.216998656694637304e-01,4.755302267770888648e+03,1.628224250344686652e+03,8.145309740129223428e+02,2.721416954548543004e+02,9.058266958869116081e+01,5.426719053211250866e+03,1.862541177292595648e+03,9.317375244171877284e+02,3.112767055443719073e+02,1.036022048633645483e+02,6.485517161374591666e+00,6.035933692670139862e+03,2.075669668405314496e+03,1.038342259746568061e+03,3.468655613636750559e+02,1.154403355092739076e+02,8.109389483461502834e+01,6.137054915277046348e+03,2.111092633981840663e+03,1.056060182664051354e+03,3.527799329535234278e+02,1.174075191768467903e+02,5.316154351745504755e+03,3.990633460404835660e+03,1.322516217116771031e+03,6.006558142747255715e+02,1.576306892444633547e+02,5.628827898432555266e+00,5.961378088479696089e+03,4.475078591140386379e+03,1.482952633371143065e+03,6.734733539068221262e+02,1.767353480082334158e+02,6.311032048115658100e+00,6.533503041549749469e+03,4.904655128796464851e+03,1.625197599373973162e+03,7.380254918490348928e+02,1.936705847060532903e+02,6.915768087343711734e+00,6.627300908397584863e+03,4.975083986096533408e+03,1.648516748636335706e+03,7.486071744329736930e+02,1.964466058340975110e+02,7.014896634404470532e+00,6.583269784473853178e+03,3.869684648671488503e+03,1.812380296105535308e+03,4.814158252366600550e+02,1.936524113984383462e+02,1.719512027501067308e+01,7.351524028786358940e+03,4.321089967243593492e+03,2.023615949132539754e+03,5.375072101100091686e+02,2.162153605132404834e+02,1.919856698331535583e+01,8.027855470328811862e+03,4.718452732310341162e+03,2.209531258961726053e+03,5.868719273002266164e+02,2.360724608259472177e+02,2.096175517805654920e+01,8.138309817212096277e+03,4.783344860283779781e+03,2.239889795056686580e+03,5.949325242433815220e+02,2.393148578021231003e+02,2.124966006476083535e+01,7.074679083917906610e+03,4.965058025570785503e+03,3.789118465297136936e+03,1.039054121103812349e+03,4.182271813613329527e+02,3.713656416410940864e+01,7.891421125986066727e+03,5.537956751943259405e+03,4.226161488113260020e+03,1.158845816207829330e+03,4.664438213315548865e+02,4.141797334454454926e+01,8.608975283070703881e+03,6.041230539391346611e+03,4.610061798607150195e+03,1.264062139293605469e+03,5.087937518650396669e+02,4.517844005925137196e+01,8.726032904272782616e+03,6.123327264709072551e+03,4.672683134691073064e+03,1.281224086316056855e+03,5.157014889877947326e+02,4.579181097405132306e+01,7.524933310001753853e+03,8.384563012706488735e+03,9.138281833389877647e+03,9.261105346687190831e+03
1.951135609388662715e+02,9.515093418010472703e+01,5.352130319044188411e+01,1.491977093898496776e+01,3.968609197057636380e-03,2.299396631263194593e+02,1.221863412979318468e+02,7.124777667479118293e+01,1.118700659933317791e-02,2.639239831415164304e+02,1.536319464026734352e+02,9.356038330795853142e+01,2.935831440381219082e+01,8.548826910714528438e-02,1.568819997053168269e-02,2.698020870040541013e+02,1.596808532012808541e+02,9.807937883000903412e+01,1.585887724847286767e-02,2.648547667409511391e-02,1.667931578556365650e+02,5.711028370491015238e+01,2.856983372727197334e+01,9.545423207964191192e+00,4.722051297537517289e-01,1.903432326166963833e+02,6.532899608842465966e+01,3.268087569052128316e+01,1.091809155832149081e+01,5.411719017449932723e-02,2.274808402361205850e-01,2.117115552588979881e+02,7.280451938154885738e+01,3.642005809233472746e+01,1.216637730308579357e+01,1.587470402254385071e+00,6.030047070729616099e-02,2.152584012669148876e+02,7.404698712272130479e+01,3.704151719756320915e+01,1.237382502437529475e+01,2.564899501261627357e+00,1.864651538968693671e+02,1.399722488312754081e+02,4.638751506400531355e+01,2.106812027991193759e+01,5.528927172873362217e+00,1.974323117632251212e-01,2.090965026866291794e+02,1.569642572739187472e+02,5.201485368245176488e+01,2.362220945872438094e+01,6.199026900155155673e+00,2.213607096082624570e-01,2.291638971025103615e+02,1.720317378297604023e+02,5.700412330008586537e+01,2.588638866455291065e+01,6.793033563223289661e+00,2.425719751967661264e-01,2.324538744773756491e+02,1.745020446444487732e+02,5.782204733886680970e+01,2.625754283654634946e+01,6.890403069979722517e+00,2.460489086085929089e-01,2.309094762951471296e+02,1.357299452106722697e+02,6.356959404099276156e+01,1.688575423671072073e+01,6.792396188381291999e+00,6.031222330634494755e-01,2.578561410144048409e+02,1.515630756109174229e+02,7.097872447229539716e+01,1.885317060374822518e+01,7.583796055664923763e+00,6.733935634875666265e-01,2.815786012896818420e+02,1.655006526584361097e+02,7.749974054478965968e+01,2.058464764014373216e+01,8.280287790218208599e+00,7.352376928510280241e-01,2.854528072372282281e+02,1.677767567457415794e+02,7.856457340027269254e+01,2.086737458396165579e+01,8.394015445694009259e+00,7.453360430556914551e-01,2.481457521922720559e+02,1.741503826271319610e+02,1.329040718375731558e+02,3.644502666294805238e+01,1.466940007261597145e+01,1.302572417482483758e+00,2.767931388402894299e+02,1.942449158113701628e+02,1.482334405651061218e+02,4.064674361294182603e+01,1.636060836907194727e+01,1.452743493494348836e+00,3.019614930318404049e+02,2.118973425590667716e+02,1.616988185641898781e+02,4.433722677003780888e+01,1.784604031028091953e+01,1.584642792285257951e+00,3.060673105243702707e+02,2.147769006488542232e+02,1.638952751710705513e+02,4.493918582380158000e+01,1.808833046936318212e+01,1.606156863459125894e+00,2.639385091144376361e+02,2.940901884470708865e+02,3.205270238278716874e+02,3.248350801235729932e+02
2.456333603434953548e+05,1.197879011848316004e+05,6.737931158602959476e+04,5.110448003308276270e+02,1.595069073955638750e+01,2.894768182907964219e+05,1.538234548679592262e+05,8.969561360919996514e+04,6.827147190086250816e+00,3.322605302229287336e+05,1.934111163970196503e+05,1.177855173038712237e+05,3.735639779617488239e+04,2.078811758502975522e+02,9.273634842478944762e+00,3.396606217246800661e+05,2.010262334666771931e+05,1.234745924374464084e+05,3.096342874353306129e+01,9.789607565159112568e+00,2.099800948701255256e+05,7.189757053276653460e+04,3.596728074111686874e+04,1.201697302522110294e+04,3.999863024601258076e+03,2.396278756432563241e+05,8.224431377704368788e+04,4.114277542902183632e+04,1.374505949508449157e+04,4.574767151338623989e+03,3.213672967056043035e+03,2.665289936472905101e+05,9.165543818701220152e+04,4.585012567791093170e+04,1.531655815261931639e+04,5.097504081614571078e+03,3.580866847127547771e+03,2.709942077716884669e+05,9.321961174085394305e+04,4.663249643080889655e+04,1.557771933327929401e+04,5.184369042567465840e+03,2.347456654225005768e+05,1.762145798362593341e+05,5.839840778751818289e+04,2.652318565061621484e+04,6.960505334020771443e+03,2.485523940091701434e+02,2.632368381411245209e+05,1.976062451563691429e+05,6.548280526109841594e+04,2.973859274386501784e+04,7.804110645714008569e+03,2.786764986566220159e+02,2.885001851941812201e+05,2.165750750600058818e+05,7.176392231021962652e+04,3.258902469373062922e+04,8.551920629210571860e+03,3.053797996784783777e+02,2.926420217333653127e+05,2.196850055505548662e+05,7.279362784246631782e+04,3.305628012941012275e+04,8.674501490217004175e+03,3.097570598998760829e+02,2.906977397632346256e+05,1.708738378883183759e+05,8.002935802942978626e+04,2.125790013522205118e+04,8.551118129437869356e+03,7.592856330517364540e+02,3.246215749474138720e+05,1.908065631533127744e+05,8.935689912859485776e+04,2.373472979628424946e+04,9.547431304097848624e+03,8.477520178999283189e+02,3.544863723191600293e+05,2.083529282008780283e+05,9.756637035571447632e+04,2.591452979009379851e+04,1.042426222232448345e+04,9.256090685170503320e+02,3.593637101491385838e+05,2.112183720939810446e+05,9.890691369720757939e+04,2.627046189793071972e+04,1.056743678468295002e+04,9.383220718070850808e+02,3.123969210468433448e+05,2.192422898059717554e+05,1.673162747857870709e+05,4.588155905365016952e+04,1.846767614977028279e+04,1.639840867056501565e+03,3.484618350637876429e+05,2.445398030798232649e+05,1.866147998463366530e+05,5.117120618712501891e+04,2.059678060084252138e+04,1.828895080458389657e+03,3.801469061428919085e+05,2.667628861295385868e+05,2.035667042325583752e+05,5.581724827334511792e+04,2.246682844035222661e+04,1.994946262078979316e+03,3.853158233846768853e+05,2.703880349926222698e+05,2.063318784775852691e+05,5.657506913448830164e+04,2.277185345904550923e+04,2.022031025619661705e+03,3.322788157335043652e+05,3.702375212928284891e+05,4.035195199321819237e+05,4.089430411967116524e+05
4.771123744620435173e+05,2.326731567198642006e+05,1.308759673941437504e+05,7.222227219885969873e+01,9.704400661221226798e+00,5.622728581051114015e+05,2.987830058314235066e+05,1.742226191612859839e+05,2.735562399616199158e+01,6.453749224359281361e+05,3.756771323215102893e+05,2.287837792117665522e+05,3.580078182249719976e+04,1.226072666159672764e+02,1.801288741201151922e+01,6.597486912131323479e+05,3.904685597182741039e+05,2.398341024002307677e+05,3.877968882403215645e+01,1.901510592683823120e+01,4.078603262808576692e+05,1.396521248940582445e+05,6.986198792534586391e+04,2.334148169358395899e+04,7.769238518788821239e+03,4.654474667078793864e+05,1.597493931806968467e+05,7.991474496759599424e+04,2.669807518562123369e+04,8.885918545906237341e+03,6.242161790839442801e+03,5.176995557714959141e+05,1.780293350175530068e+05,8.905818934321847337e+04,2.975051735841664777e+04,9.901270421732484465e+03,6.955390220220580886e+03,5.263726819929890335e+05,1.810675492760840862e+05,9.057784807265817653e+04,3.025778976756284828e+04,1.006999476320400572e+04,4.559643770372561412e+05,3.422749942874271655e+05,1.134316729930642177e+05,5.151800282502873597e+04,1.351991941198332097e+04,4.827822450528588547e+02,5.113049524477754021e+05,3.838256549941404373e+05,1.271922369176954235e+05,5.776353269768935570e+04,1.515851824727616440e+04,5.412945839465605786e+02,5.603758747776389355e+05,4.206702575860887300e+05,1.393925299599131977e+05,6.330014361371572886e+04,1.661104653986775156e+04,5.931625245232345378e+02,5.684208775468410458e+05,4.267109099525478086e+05,1.413926054694235499e+05,6.420772957663865964e+04,1.684914467050056192e+04,6.016646742588633288e+02,5.646443511735656066e+05,3.319012637754524476e+05,1.554471145971026854e+05,4.129083796938536398e+04,1.660948780651772176e+04,1.474818319158384156e+03,6.305371988331202883e+05,3.706181136838996317e+05,1.735647076596859843e+05,4.610177258998284378e+04,1.854470266829003231e+04,1.646653230647134706e+03,6.885458670266176341e+05,4.046997534568460542e+05,1.895105887677285646e+05,5.033576453801780008e+04,2.024783811227174738e+04,1.797880936485178381e+03,6.980194977825203678e+05,4.102655258767199703e+05,1.921144280962962657e+05,5.102711850322851387e+04,2.052593713409399788e+04,1.822574381787818993e+03,6.067923213609732920e+05,4.258509893881323515e+05,3.249911390282250941e+05,8.911924591530718317e+04,3.587117367321233178e+04,3.185187716026348426e+03,6.768439488644901430e+05,4.749882787247564411e+05,3.624761363513178658e+05,9.939373002576206636e+04,4.000669506027241732e+04,3.552402079221251824e+03,7.383882771440730430e+05,5.181538631510318373e+05,3.954031102704172372e+05,1.084180911038201739e+05,4.363903120629047044e+04,3.874935964626672103e+03,7.484282569857611088e+05,5.251952627047399292e+05,4.007741142331620213e+05,1.098900640295399498e+05,4.423150473175173101e+04,3.927544742799078449e+03,6.454104460943219019e+05,7.191405293022990227e+05,7.837866817164254608e+05,7.943212038342676824e+05
1.820905259912821566e+04,8.879999619312166033e+03,4.994897271162924881e+03,2.222429837031865532e+02,3.703696464729299143e-01,2.145921281766309403e+04,1.140309021383570143e+04,6.649227666940286326e+03,1.044030925535180954e+00,2.463081318515651947e+04,1.433776401025022278e+04,8.731560870894480104e+03,1.337641630151438221e+01,9.289813659311672467e+00,4.099517315704446219e+00,2.517938966460544179e+04,1.490228055241630864e+04,9.153298057267014883e+03,7.257118949029298660e-01,7.257137699808076103e-01,1.556603948389258949e+04,5.329840530506429786e+03,2.666291374377836746e+03,8.908305023399760785e+02,1.162518284009657776e+02,1.776385976310514525e+04,6.096855170084631027e+03,3.049956075766566300e+03,1.018935331939640264e+03,3.391321719066999663e+02,2.382328680397691869e+02,1.975806721252391435e+04,6.794511522174807396e+03,3.398916771142693051e+03,1.135432118631789308e+03,3.778831964904485972e+02,2.654533213231117657e+02,2.008907809659230406e+04,6.910465283484612883e+03,3.456914745767898694e+03,1.154792277683682414e+03,3.843225869688369585e+02,1.740193650282203816e+04,1.306296720310126875e+04,4.329133761475763094e+03,1.966190907198242257e+03,5.159893864997453647e+02,1.842544387894401936e+01,1.951401636684707410e+04,1.464875325405577496e+04,4.854307402739906138e+03,2.204552367203732956e+03,5.785267129908727384e+02,2.065857541452932367e+01,2.138681411338570251e+04,1.605493207286621146e+04,5.319933045803405548e+03,2.415857762360706602e+03,6.339626355888672151e+02,2.263812175319785425e+01,2.169385271278044092e+04,1.628547437115701541e+04,5.396266166560126294e+03,2.450495901356059676e+03,6.430496771476933873e+02,2.296260705247164324e+01,2.154972120443773747e+04,1.266705257008489934e+04,5.932658269392857619e+03,1.575869903376102911e+03,6.339031424544001538e+02,5.628662283907257091e+01,2.406452974525923128e+04,1.414468590533260067e+04,6.624118396388355904e+03,1.759479815914565506e+03,7.077608629516282690e+02,6.284472425186353206e+01,2.627843768058224668e+04,1.544541591232887004e+04,7.232694967153395737e+03,1.921070635946722632e+03,7.727612334876135947e+02,6.861634852105306948e+01,2.663999998213486469e+04,1.565783421487342457e+04,7.332070746386170867e+03,1.947456245203635717e+03,7.833749167294702147e+02,6.955877703453215588e+01,2.315830350969767824e+04,1.625265533873104687e+04,1.240332675968355943e+04,3.401246969616608567e+03,1.369027752823200217e+03,1.215630945241605758e+02,2.583183263405101752e+04,1.812798607263497615e+04,1.383394621096639275e+04,3.793373913288209678e+03,1.526860437928075044e+03,1.355778687796707231e+02,2.818067938031622907e+04,1.977540590263506965e+04,1.509060827661496478e+04,4.137789796420145649e+03,1.665488986188566969e+03,1.478874181088917226e+02,2.856385658942748705e+04,2.004414179556179079e+04,1.529559326786844213e+04,4.193967799837358143e+03,1.688100820218058061e+03,1.498952230858796497e+02,2.463216884571000992e+04,2.744608663493947824e+04,2.991331509684002231e+04,3.031536643603929042e+04
3.152250177492595071e+02,1.537256273340054520e+02,8.646888989544238768e+01,9.150202242255080165e+00,6.411656417155290298e-03,3.714899863504476230e+02,1.974039715250279130e+02,1.151077403936290438e+02,8.761380246304377103e-03,4.263949750021075147e+02,2.482074167077568063e+02,1.511559406682738427e+02,4.183086603247142676e+01,2.527146492997174934e-02,2.455036603081283200e-02,4.358916271671910749e+02,2.579800149367217159e+02,1.584568194910238219e+02,2.562152204385434451e-02,5.287276388668941951e-02,2.694706391384103767e+02,9.226724204096036885e+01,4.615735687689924305e+01,1.542156374422076937e+01,2.012487169971888257e+00,3.075180862431291189e+02,1.055453752904849409e+02,5.279914726322636653e+01,1.763924318990441975e+01,5.307665963898251071e+00,2.946833639967260332e+00,3.420406983422232656e+02,1.176228133934851314e+02,5.884016178131302155e+01,1.965597129491708372e+01,3.446801646552736798e-01,9.742120927057844326e-02,3.477709754955452013e+02,1.196301410579627742e+02,5.984419014235860601e+01,1.999112298691752088e+01,6.653179348676821370e+00,3.012526707587639976e+02,2.261388414674044895e+02,7.494356198842214667e+01,3.403760602726735129e+01,8.932521903278367148e+00,3.189711380370751082e-01,3.378158254771762472e+02,2.535910908682773766e+02,8.403507696773465341e+01,3.816398693975624212e+01,1.001513346282262873e+01,3.576298263087053231e-01,3.702366613584597985e+02,2.779340773107881546e+02,9.209572902641150449e+01,4.182198990630007529e+01,1.097480938773753323e+01,3.918986743901069492e-01,3.755519430059023307e+02,2.819250986938303072e+02,9.341716618206933731e+01,4.242162529685915473e+01,1.113211926770227755e+01,3.975159757404772010e-01,3.730568184815368795e+02,2.192849862499622873e+02,1.027028886073398297e+02,2.728058571709146918e+01,1.097377959776182266e+01,9.744028248271827675e-01,4.165917925675387892e+02,2.448649543694104693e+02,1.146730626205214207e+02,3.045913876747723847e+01,1.225236342032341774e+01,1.087933117085282397e+00,4.549177405887622854e+02,2.673824711866711823e+02,1.252084027753019200e+02,3.325650932701921647e+01,1.337761373386529407e+01,1.187848272181835974e+00,4.611769022722278919e+02,2.710597389601259124e+02,1.269287415004553878e+02,3.371328208985677577e+01,1.356135189283957487e+01,1.204163039202883922e+00,4.009037038297196318e+02,2.813569534941851771e+02,2.147195125294817899e+02,5.888050086004712114e+01,2.369984923183547565e+01,2.104432832946948384e+00,4.471863552533566235e+02,3.138216374643729978e+02,2.394856036452129047e+02,6.566878493239907755e+01,2.643216083997537424e+01,2.347048911375016367e+00,4.878482883628042259e+02,3.423408564662349249e+02,2.612402379945385746e+02,7.163112144168579221e+01,2.883202144068368256e+01,2.560144889031406912e+00,4.944816370786641073e+02,3.469930639790888449e+02,2.647888249701627501e+02,7.260364415009766503e+01,2.922346486110676622e+01,2.594903066042972384e+00,4.264184411951384277e+02,4.751314428512700374e+02,5.178427153186929672e+02,5.248028050682529511e+02
3.213320357837392294e+03,1.567038331516752805e+03,8.814409670035656745e+02,2.537070766418257506e+02,2.086633107844940715e-01,3.786870558225694367e+03,2.012283834721999938e+03,1.173377832160040043e+03,8.931123211868351175e-02,4.346557455709003079e+03,2.530160665510528816e+03,1.540843598089090165e+03,3.908055480396003531e+02,6.564444194345034900e-01,1.183287514200782597e+00,4.443363816695263267e+03,2.629779923154999324e+03,1.615266842590872557e+03,2.611790076423648466e-01,2.727437218126129714e-01,2.746912327389522034e+03,9.405478302273279496e+02,4.705158711037323087e+02,1.572033344595879214e+02,5.232530695293868206e+01,3.134757921326028736e+03,1.075901599241028862e+03,5.382205317163098925e+02,1.798097714152217748e+02,5.984607555385404254e+01,1.289255823215008689e+01,3.486672295998340360e+03,1.199015811054766573e+03,5.998010281174441616e+02,2.003677631855997276e+02,6.668440054753436641e+01,4.684409333538155806e+01,3.545085215180864907e+03,1.219477971959749993e+03,6.100358227940592997e+02,2.037842181576026235e+02,1.007954491637771355e+01,3.070889939472558581e+03,2.305199464375933530e+03,7.639548218081351934e+02,3.469703416910635951e+02,9.105576439676688949e+01,3.251506702807485549e+00,3.443605056326400700e+03,2.585040415168773052e+03,8.566313167525494237e+02,3.890335752064204371e+02,1.020916186774378360e+02,3.645583652131505037e+00,3.774094470834977983e+03,2.833186376620768897e+03,9.387994695281412305e+02,4.263222850433920144e+02,1.118743008187632171e+02,3.994910577999013057e+00,3.828277063132645253e+03,2.873869780312349121e+03,9.522698556234579428e+02,4.324348152654281421e+02,1.134778763452157193e+02,4.052172289797979943e+00,3.802842369447651436e+03,2.235333076323610840e+03,1.046926051717815881e+03,2.780910649323837447e+02,1.118638023149502629e+02,9.932803755007727275e+00,4.246626313554349508e+03,2.496088500762975400e+03,1.168946829860511116e+03,3.104923938432160071e+02,1.248973469211019278e+02,1.109010079334227861e+01,4.637310916043841644e+03,2.725626091103240924e+03,1.276341302764162720e+03,3.390080459042301868e+02,1.363678518953009302e+02,1.210861032799332548e+01,4.701115146852696853e+03,2.763111194759654609e+03,1.293877971394645783e+03,3.436642705838058873e+02,1.382408296862095369e+02,1.227491931134588299e+01,4.086706158044353742e+03,2.868078277071670982e+03,2.188793834250719556e+03,6.002122305836385294e+02,2.415899822279203022e+02,2.145203086377890855e+01,4.558499257392137224e+03,3.199014665027726096e+03,2.441252819468423240e+03,6.694101991212370422e+02,2.694424481536501048e+02,2.392519415085698498e+01,4.972996239503177094e+03,3.489732019860951823e+03,2.663013780801712073e+03,7.301886776833337080e+02,2.939059903144346322e+02,2.609743831610987286e+01,5.040614833047639877e+03,3.537155381153507733e+03,2.699187177713365145e+03,7.401023226389412457e+02,2.978962621032526954e+02,2.645175595459126683e+01,4.346796655274997647e+03,4.843363912724655165e+03,5.278751500819932517e+03,5.349700812820829015e+03
1.936216966241437694e+04,9.442339531242854719e+03,5.311207143961346446e+03,1.666555487716102107e+03,3.938237035779604822e-01,2.281815117808322248e+04,1.212520887874034634e+04,7.070300539071676212e+03,5.381533190835866565e-01,2.619059823343555036e+04,1.524572552871416701e+04,9.284500823463820780e+03,2.249548336516089719e+01,1.300355588231425408e+01,1.181982760574392799e+01,2.677391412240030695e+04,1.584599090989210708e+04,9.732945014268238083e+03,1.605621172577361699e+00,4.675646260113957453e+00,1.655178338226040796e+04,5.667361094365892313e+03,2.835138440774861920e+03,9.472437539385583705e+02,3.152911479469460119e+02,1.888878415049148316e+04,6.482948132350357810e+03,3.243099324284457907e+03,1.083461007798645369e+03,3.606082587683268343e+02,2.533193398424666043e+02,2.100927789091330487e+04,7.224784598846944391e+03,3.614158518565888244e+03,1.207335156980816919e+03,4.018132446929132584e+02,2.822635682890239650e+02,2.136125058812863426e+04,7.348081332866227967e+03,3.675829252365213506e+03,1.227921327749735610e+03,4.086604292780399419e+02,1.850394151649233754e+04,1.389020017115071460e+04,4.603282954848147710e+03,2.090703038893116172e+03,5.486652268591562915e+02,1.959226403936512995e+01,2.074977211961611465e+04,1.557640859767976508e+04,5.161714047568479145e+03,2.344159083661319983e+03,6.151628275476194858e+02,2.196681273099777698e+01,2.274116780821680732e+04,1.707163596220192630e+04,5.656826185226815142e+03,2.568845744639784243e+03,6.741093170452169261e+02,2.407171597331991464e+01,2.306764997558978212e+04,1.731677765070701935e+04,5.737993181675681626e+03,2.605677407541092180e+03,6.837718079083061866e+02,2.441675056607201810e+01,2.291439115212429169e+04,1.346921356857057617e+04,6.308353161577269020e+03,1.675664340329622974e+03,6.740460571870515878e+02,5.985106074858573777e+01,2.558845389614899977e+04,1.504042038138412499e+04,7.043601071396964471e+03,1.870901655702217340e+03,7.525809299344513192e+02,6.682446091681870826e+01,2.794256115573132047e+04,1.642352117889531655e+04,7.690716774319974320e+03,2.042725450228059572e+03,8.216975512003245967e+02,7.296158261922452937e+01,2.832701980589654340e+04,1.664939120105891561e+04,7.796385671457373974e+03,2.070781975778795641e+03,8.329833571951749036e+02,7.396369625840749507e+01,2.462483953399607708e+04,1.728188038314421283e+04,1.318878683812273630e+04,3.616636273265290583e+03,1.455723579097160609e+03,1.292612606959750394e+02,2.746767408181071005e+04,1.927596921775296505e+04,1.471000268738131490e+04,4.033595280868569262e+03,1.623551284490612261e+03,1.441635480137182981e+02,2.996526519533846295e+04,2.102771459653367492e+04,1.604624460444262695e+04,4.399821819157835307e+03,1.770958702201433653e+03,1.572526188491159473e+02,3.037270766308951352e+04,2.131346875953372364e+04,1.626421091448933657e+04,4.459557432753978901e+03,1.795002454823710877e+03,1.593875896070358067e+02,2.619203960954316790e+04,2.918415322304812071e+04,3.180762341426302009e+04,3.223513462862447341e+04
1.166686474709940029e+02,5.689574257815379354e+01,3.200319807866872424e+01,9.317227292706347086e+00,2.373690137576140932e-03,1.374930035076419870e+02,7.306163228948705068e+01,4.260278749654954566e+01,6.906042048384678465e-03,1.578140136132527118e+02,9.186461102639299270e+01,5.594466865768200137e+01,1.677893808313404023e+01,4.404717725982526533e-03,9.380818068223686218e-03,1.613288409259583887e+02,9.548156955640530441e+01,5.864681283127248435e+01,2.515987095650892499e-02,4.649806510889628597e-03,9.973439081751735102e+01,3.414923875498899264e+01,1.708340414157608222e+01,5.707709990053897009e+00,1.001022477824983770e-01,1.138162174489686578e+02,3.906363875788843387e+01,1.954161259431039710e+01,6.528500471120239013e+00,1.643920626390947826e+00,3.235949633368321449e-02,1.265934601314807111e+02,4.353364680380066432e+01,2.177746606009599617e+01,7.274916042597350696e+00,2.421165106721567373e+00,3.605680534043907010e-02,1.287143061934314971e+02,4.427658324002666035e+01,2.214906897113899120e+01,7.398960140306660271e+00,2.369350449600288400e+00,1.114973107596112811e+02,8.369676073011184769e+01,2.773753179134206093e+01,1.259773618177713850e+01,3.306035991791098638e+00,1.180551580015264806e-01,1.250297828324677738e+02,9.385717458027987448e+01,3.110241335404189655e+01,1.412496010340308317e+01,3.706723812525447581e+00,1.323632319105932098e-01,1.370291324587538782e+02,1.028668126805004022e+02,3.408575987537440000e+01,1.547883157307997770e+01,4.061911619553035813e+00,1.450465172464693031e-01,1.389963828703216677e+02,1.043439384863935260e+02,3.457483980382797029e+01,1.570076412735450511e+01,4.120133926917701750e+00,1.471256165946752681e-01,1.380729065907277970e+02,8.116006504064878868e+01,3.801159945757444092e+01,1.009687952968997671e+01,4.061530490524308590e+00,3.606385196655318981e-01,1.541857351517836605e+02,9.062752523808268279e+01,4.244190792347060182e+01,1.127330107228830691e+01,4.534750043863299496e+00,4.026574629745235945e-01,1.683706379814454692e+02,9.896153442216458984e+01,4.634116658664170529e+01,1.230864204709436649e+01,4.951219019083227479e+00,4.396372410270561470e-01,1.706872299152564665e+02,1.003225364853362009e+02,4.697788474995120822e+01,1.247769953184094938e+01,5.019222761186746595e+00,4.456755691753813697e-01,1.483793807407980125e+02,1.041336619058687916e+02,7.947032669878065292e+01,2.179239596438943138e+01,8.771604875051654204e+00,7.788764027324223127e-01,1.655091590186025599e+02,1.161492397578477807e+02,8.863656139558963787e+01,2.430482301995476746e+01,9.782867097916037480e+00,8.686717165169665078e-01,1.805586376740191099e+02,1.267045525451477346e+02,9.668821856323314989e+01,2.651155712014637089e+01,1.067108499714288072e+01,9.475410947347325807e-01,1.830137227021003241e+02,1.284263912820931068e+02,9.800159417580979948e+01,2.687149970988631864e+01,1.081596294079940179e+01,9.604056208901544656e-01,1.578226995496907534e+02,1.758519714667485516e+02,1.916599443985877258e+02,1.942359597727830760e+02
1.654324420253166863e+03,8.067635643956076592e+02,4.537951978299638540e+02,1.359435733173504275e+02,6.941334740545729298e-02,1.949607188200585824e+03,1.035990787163353389e+03,6.040940229234280423e+02,2.087464817550215845e-01,2.237752667499060408e+03,1.302611059598229076e+03,7.932776511088143252e+02,2.494518028443331161e+02,1.948651113421286662e-01,1.994010409494639813e-01,2.287591793948246959e+03,1.353898387423708982e+03,8.315932049155933328e+02,2.797686413837038311e-01,3.319581291249596444e-01,1.414202040746320336e+03,4.842253770011426468e+02,2.422372549744172261e+02,8.093351701711212343e+01,2.693881275787493834e+01,1.613877877980091398e+03,5.539100084376889299e+02,2.770938685681851439e+02,9.257206589588099632e+01,3.081075446554160280e+01,6.637518710229437957e+00,1.795055128425306293e+03,6.172933069578056120e+02,3.087975628623244120e+02,1.031560045293665411e+02,3.433135241217377853e+01,2.411690055826094081e+01,1.825128045003601528e+03,6.278279108933277257e+02,3.140667780730262848e+02,1.049149086936676412e+02,3.491638222893038801e+01,1.580996514056410660e+03,1.186793531378072430e+03,3.933094102294860477e+02,1.786318989918584066e+02,4.687854252645092146e+01,1.673984033275201400e+00,1.772882677513867293e+03,1.330864975405694395e+03,4.410223578776514159e+02,2.002874535397141358e+02,5.256016859365198002e+01,1.876867972898632164e+00,1.943029647333288040e+03,1.458618796295723087e+03,4.833252619537755663e+02,2.194849218078738602e+02,5.759661937122541531e+01,2.056713210520725532e+00,1.970924639294859617e+03,1.479563966875608457e+03,4.902602649284847871e+02,2.226318574428899808e+02,5.842219316337357071e+01,2.086193191270065306e+00,1.957830018432745874e+03,1.150823986793361200e+03,5.389924305510957083e+02,1.431705505606962561e+02,5.759121460808394488e+01,5.113739134337578207e+00,2.186304824172719691e+03,1.285069572151717921e+03,6.018127993438669137e+02,1.598518338192388626e+02,6.430131801412976245e+01,5.709553963329349280e+00,2.387442250619409151e+03,1.403243173358789591e+03,6.571030459891209148e+02,1.745326428585690905e+02,7.020671592011522932e+01,6.233916353296665491e+00,2.420290777367367809e+03,1.422541752318733870e+03,6.661315195089173358e+02,1.769298222550384594e+02,7.117098770325979729e+01,6.319537660477149821e+00,2.103972564889039859e+03,1.476582308121489859e+03,1.126864032646247097e+03,3.090092648045255714e+02,1.243785772214026082e+02,1.104421983157598852e+01,2.346867383105845420e+03,1.646959379671125816e+03,1.256838332159854872e+03,3.446346862722453466e+02,1.387179537257180755e+02,1.231748716676171718e+01,2.560264241447302993e+03,1.796630389330138769e+03,1.371008278941748358e+03,3.759254713329086712e+02,1.513126010571607196e+02,1.343583104544596907e+01,2.595076562698935504e+03,1.821045512403019984e+03,1.389631540932494772e+03,3.810293476696134007e+02,1.533669261298539084e+02,1.361824642638547722e+01,2.237875860800381361e+03,2.493525199810520917e+03,2.717677298593649994e+03,2.754204306263504350e+03
8.850220296045638690e+01,4.315982541830727826e+01,2.427690363715141686e+01,7.332112478808440414e+00,1.800150903224994291e-03,1.042990877626851756e+02,5.542290510978104834e+01,3.231751327826601283e+01,2.459867784642256246e-03,1.197141482145691072e+02,6.968642029195137866e+01,4.243836260914444836e+01,1.361030845062346906e+01,6.952311310033433035e-03,3.341338216866596416e-03,1.223804167852337912e+02,7.243016279670047197e+01,4.448814839342580996e+01,1.496691232895989987e-02,3.527245571242872482e-03,7.565625734696573090e+01,2.590484168409042098e+01,1.295908471534527706e+01,4.329739932380468836e+00,1.441158807758957439e+00,8.633841339213921628e+01,2.963279436175661985e+01,1.482382594935068276e+01,4.952373004349432506e+00,2.449728647844650609e-01,1.031837714307585196e-01,9.603094098675823886e+01,3.302364155432167792e+01,1.651989398626875172e+01,5.518587195210046481e+00,9.677192988210933655e-02,2.735188763529858638e-02,9.763976685836806269e+01,3.358721653328139212e+01,1.680178382331140341e+01,5.612684157088802195e+00,4.825396159465694668e-01,8.457934302150326289e+01,6.349047319523560873e+01,2.104106542840419181e+01,9.556357865877094682e+00,2.507884283692284999e+00,8.955397042575043154e-02,9.484477080775972979e+01,7.119793368865738614e+01,2.359358868230132700e+01,1.071487558975078969e+01,2.811836966097381652e+00,1.004077420301725670e-01,1.039472062170585787e+02,7.803244221359871347e+01,2.585668795580061641e+01,1.174189220014746837e+01,3.081274416956213624e+00,1.100290608112956536e-01,1.054395182788519776e+02,7.915295645445247885e+01,2.622769298294679174e+01,1.191024520074124560e+01,3.125440559118058292e+00,1.116061140116832856e-01,1.047389907040453636e+02,6.156619301439884850e+01,2.883474121291684256e+01,7.659264931946204058e+00,3.080985352711904657e+00,2.735721877903463661e-01,1.169618188965456369e+02,6.874799475577239605e+01,3.219547333762449171e+01,8.551671602493591706e+00,3.439958998853899885e+00,3.054468267466419196e-01,1.277221646941702886e+02,7.506998549515496677e+01,3.515336280647381528e+01,9.337058053921676759e+00,3.755882993605248465e+00,3.334988834975427530e-01,1.294794804161016941e+02,7.610241160871885313e+01,3.563636306023963130e+01,9.465301163919043859e+00,3.807469077346713249e+00,3.380794497348874605e-01,1.125572484186132840e+02,7.899344483320548704e+01,6.028439579354765954e+01,1.653121969229035315e+01,6.653941453815386708e+00,5.908381485407092626e-01,1.255515115911957480e+02,8.810819111316330066e+01,6.723769417242215241e+01,1.843709027922080423e+01,7.421062129727891588e+00,6.589547511503018873e-01,1.369677073191105592e+02,9.611521310161933229e+01,7.334549901321121013e+01,2.011106860535699425e+01,8.094844183806571891e+00,7.187833961234304514e-01,1.388300779936903098e+02,9.742136146288630982e+01,7.434179773681606207e+01,2.038411324636105348e+01,8.204745408911742643e+00,7.285420265697895026e-01,1.197207361358983064e+02,1.333973356101484455e+02,1.453889077585079974e+02,1.473430135949833186e+02
6.313749380377574880e+02,3.079023030583342688e+02,1.731914915444501162e+02,5.036532875639255735e+01,1.284211050027907024e-02,7.440699667103641559e+02,3.953871512764323484e+02,2.305532202390772625e+02,1.166545388196021105e-01,8.540410405118096833e+02,4.971431021173926865e+02,3.027553855123823041e+02,8.694172424918670572e+01,1.289828432255382129e-01,2.383694632181881587e-02,8.730622112752082558e+02,5.167169729181622415e+02,3.173785690194807216e+02,5.131816848713055546e-02,9.355869672793654113e-02,5.397319374351819761e+02,1.848052080999733562e+02,9.245014455579050150e+01,3.088837582388291736e+01,5.417228805650197154e-01,6.159384658540517421e+02,2.114004312716048730e+02,1.057532131167758678e+02,3.533024220523369507e+01,1.175896211638802136e+01,7.361132780654180419e-01,6.850849830147679995e+02,2.355907460243696221e+02,1.178529670800396758e+02,3.936961540303454399e+01,6.903715481479937299e-01,2.822654508302676390e+00,6.965623503281708508e+02,2.396112902415872270e+02,1.198639690321056577e+02,4.004090282627281994e+01,1.282219832970939954e+01,6.033892542256062370e+02,4.529412015841785433e+02,1.501070173871447651e+02,6.817508244268671547e+01,1.789125319580616491e+01,6.388781379104698788e-01,6.766228410441862025e+02,5.079262460194161690e+02,1.683167223373505976e+02,7.643995178653959499e+01,2.005965261225178864e+01,7.163089976993347596e-01,7.415596452063590505e+02,5.566836458310594935e+02,1.844616790127288368e+02,8.376668995367865023e+01,2.198182019190224068e+01,7.849471495373865348e-01,7.522057969077644657e+02,5.646773973397338295e+02,1.871084293582306941e+02,8.496772085857440970e+01,2.229690147771830411e+01,7.961982071251763049e-01,7.472082199589218590e+02,4.392133810844006234e+02,2.057071222624381051e+02,5.464121537465739920e+01,2.197975809782675682e+01,1.951664920488891841e+00,8.344059060713497047e+02,4.904483706755804633e+02,2.296825903837015801e+02,6.100764767367068941e+01,2.454067660089578951e+01,2.179058371980060027e+00,9.111702503318324489e+02,5.355494718296056362e+02,2.507841850185472481e+02,6.661059687615153280e+01,2.679447897355377251e+01,2.379181515371370015e+00,9.237069464634906808e+02,5.429147986662255789e+02,2.542299084540916851e+02,6.752548387181739997e+01,2.716249433682116887e+01,2.411859383867115181e+00,8.029837033456551580e+02,5.635394440128028464e+02,4.300690366214898859e+02,1.179337631193701981e+02,4.746923573919927009e+01,4.215039949057343804e+00,8.956848092200565361e+02,6.285640652175096648e+02,4.796738862098649179e+02,1.315302498982853763e+02,5.294187701142774927e+01,4.700984106272820817e+00,9.771279797439727872e+02,6.856861840493262434e+02,5.232469891266101740e+02,1.434724167036132769e+02,5.774863966796146997e+01,5.127801884025165791e+00,9.904141439871715420e+02,6.950042465623588441e+02,5.303545769066347475e+02,1.454203155450917677e+02,5.853267524611743511e+01,5.197420373027480167e+00,8.540880439291693165e+02,9.516569412866255107e+02,1.037204889893319660e+03,1.051145443024514861e+03
4.976848677116517194e+01,2.427057345100287122e+01,1.365191707333784876e+01,3.908352697377570628e+00,1.012306929683972527e-03,5.865173539031950156e+01,3.116661565880222895e+01,1.817348807897269936e+01,1.383282099473844744e-03,6.732026713573092991e+01,3.918758573390839217e+01,2.386486439386667513e+01,7.199673054157523566e+00,1.878996695861044749e-03,1.878979321015973158e-03,6.881962143626846284e+01,4.073050684628811524e+01,2.501754467858506814e+01,2.972628792085656169e-02,1.983526042591525138e-03,4.254467469762763443e+01,1.456737488197754971e+01,7.287434822685497693e+00,2.434793721741543848e+00,4.270156796131376747e-02,4.855169715929338281e+01,1.666375841394157575e+01,8.336056790485551815e+00,2.784926308687659446e+00,1.377584463947180149e-01,1.380391542975411938e-02,5.400221050844729831e+01,1.857057345157395645e+01,9.289826677895971940e+00,3.103332185936761523e+00,1.538112120279346365e-02,1.538112120279346365e-02,5.490692037398208925e+01,1.888749520413290028e+01,9.448345098772767514e+00,3.156246823178340932e+00,1.564321424421537612e-02,4.756249837552191906e+01,3.570334582046305627e+01,1.183227039203445585e+01,5.373939294877212447e+00,1.410288111778753573e+00,5.035997803659490735e-02,5.333517741604957507e+01,4.003757296775341956e+01,1.326766075694896152e+01,6.025422159887310336e+00,1.581213388269056219e+00,5.646349396991783010e-02,5.845385737118959213e+01,4.388090257185885434e+01,1.454029583769368195e+01,6.602956537007802496e+00,1.732729424504034332e+00,6.187392783180132444e-02,5.929304649479131939e+01,4.451101438802885468e+01,1.474892765176516463e+01,6.697628861001192924e+00,1.757565840597156592e+00,6.276082727362326807e-02,5.889911011460188917e+01,3.462124297896433944e+01,1.621498015586496422e+01,4.307124697809785907e+00,1.732566777468824482e+00,1.538411502636663208e-01,6.577251769226721478e+01,3.865986978328449908e+01,1.810485987568409172e+01,4.808962256846480265e+00,1.934432645143151941e+00,1.717655565314647748e-01,7.182350988004107251e+01,4.221498954373772960e+01,1.976820464570334224e+01,5.250617859889282535e+00,2.112089919543720384e+00,1.875404020764351032e-01,7.281172066636938212e+01,4.279556530808253711e+01,2.003981587771599848e+01,5.322734328164051121e+00,2.141098944306684793e+00,1.901162033234725102e-01,6.329564367285006909e+01,4.442131491195152648e+01,3.390043456013269463e+01,9.296195395224126301e+00,3.741789274153281220e+00,3.322530131882793780e-01,7.060286050479103892e+01,4.954691678284795131e+01,3.781056437251605473e+01,1.036794616314751494e+01,4.173173285444545577e+00,3.705578068017208460e-01,7.702266444113790556e+01,5.404960036025656933e+01,4.124523892994553620e+01,1.130929423284344537e+01,4.552069072848880182e+00,4.042018879977785084e-01,7.806995363385480857e+01,5.478410175641118229e+01,4.180549885030774249e+01,1.146283841722593344e+01,4.613871108810861266e+00,4.096896937266668037e-01,6.732397227172384646e+01,7.501489549996763628e+01,8.175825731376272643e+01,8.285713273228333264e+01
3.689389893185735048e+01,1.799202932362009122e+01,1.012030889142907064e+01,2.873116606434923170e+00,4.414097634264259676e-03,4.347914458757492184e+01,2.310413767789952999e+01,1.347219665888222551e+01,1.025413763973604623e-03,4.990521756254118912e+01,2.905016695775442415e+01,1.769127339923895903e+01,5.454232888585266892e+00,1.392901662773388463e-03,1.392914864169575613e-03,5.101670496201449367e+01,3.019395067975576552e+01,1.854576733207114358e+01,4.358464504912374499e-02,1.470413681917139351e-03,3.153881192466567995e+01,1.079894723695172232e+01,5.402251610300814910e+00,1.804937981892341892e+00,8.947099283935963307e-03,3.599188052374498881e+01,1.235301828944068170e+01,6.179606113681922253e+00,2.064495003190686351e+00,3.620463546538550681e-02,3.448971983448727019e-01,4.003240315943482841e+01,1.376656024905772568e+01,6.886645588626221226e+00,2.300532533853004935e+00,1.137898983383436591e-01,1.140220260472831100e-02,4.070307397867149035e+01,1.400149756371375354e+01,7.004156927424252110e+00,2.339758751114851876e+00,7.492550663877408645e-01,3.525857719143700564e+01,2.646726347502999843e+01,8.771385747374418784e+00,3.983757407839008113e+00,1.045461313011635029e+00,3.733237728448988296e-02,3.953792450500131395e+01,2.968027128788940772e+01,9.835455533859217780e+00,4.466708522676052340e+00,1.172169989711182803e+00,4.185697092023355631e-02,4.333245549389481965e+01,3.252937165146185094e+01,1.077887328740852979e+01,4.894840754485305645e+00,1.284490349829872313e+00,4.586780272514412449e-02,4.395455512522070052e+01,3.299648026981362392e+01,1.093353422707073186e+01,4.965021947225022991e+00,1.302901914288021157e+00,4.652526153949448906e-02,4.366252574349918802e+01,2.566508894356236681e+01,1.202033403793941524e+01,3.192916544632812048e+00,1.284369861277253611e+00,1.140440424790281904e-01,4.875785394134483397e+01,2.865896557597487160e+01,1.342132183637383136e+01,3.564934047424074492e+00,1.434015029566920729e+00,1.273315980940020742e-01,5.324351788346078251e+01,3.129441304042688543e+01,1.465437676146810375e+01,3.892337895128109349e+00,1.565714332375814255e+00,1.390256463040739077e-01,5.397608960640491915e+01,3.172480011552814361e+01,1.485572501342087826e+01,3.945798494556486791e+00,1.587219114970056522e+00,1.409351500893905873e-01,4.692172222819010585e+01,3.292998482955900386e+01,2.513074650550387901e+01,6.891366796736064337e+00,2.773827516607066279e+00,2.463026383177974732e-01,5.233863838875146257e+01,3.672964747284299847e+01,2.802936705920779303e+01,7.685866869321582584e+00,3.093617004910762969e+00,2.746983960719668882e-01,5.709770639589840613e+01,4.006753359444402207e+01,3.057552719594501767e+01,8.383697970892157514e+00,3.374496508594945432e+00,2.996391274472811617e-01,5.787407280289051670e+01,4.061202747136895397e+01,3.099085295553094710e+01,8.497521909932931550e+00,3.420310862084136261e+00,3.037072457454372265e-01,4.990796509611293885e+01,5.560932683453207659e+01,6.060825039099407263e+01,6.142286049075772780e+01
3.045234078756940435e+05,1.485067812029993220e+05,8.353335048435529461e+04,5.381623559295937866e+02,2.062882495937246929e+01,3.588782386585526983e+05,1.907022854032169562e+05,1.111999367858567421e+05,8.463939448750338101e+00,4.119192486151660560e+05,2.397809949377570592e+05,1.460243331670593179e+05,1.362087157563776714e+02,1.546873586072250646e+02,2.371686670315170531e+01,4.210934971710810205e+05,2.492218261676229886e+05,1.530773488616583054e+05,2.475166229200950596e+01,2.762619254049942086e+01,2.603223537534376374e+05,8.913485202544875210e+04,4.459035597124120250e+04,1.489801546763314582e+04,4.958821140162743177e+03,2.970781227854252211e+05,1.019622038926793321e+05,5.100666352229123731e+04,1.704040656969295014e+04,5.671557362101479157e+03,3.984143899091704498e+03,3.304287236983489711e+05,1.136296245828198735e+05,5.684259085408516694e+04,1.898866827105070843e+04,6.319619293722658767e+03,4.439371544163030194e+03,3.359644630071818247e+05,1.155688054690787249e+05,5.781253311932538782e+04,1.931244268359325724e+04,6.427309900863396251e+03,2.910254130946921068e+05,2.184616320983622863e+05,7.239929526673293731e+04,3.288206001200633909e+04,8.629270889810723020e+03,3.081422709589820101e+02,3.263472812052826630e+05,2.449819011743561132e+05,8.118216160743268847e+04,3.686835390024478693e+04,9.675128705645533046e+03,3.454885777711047012e+02,3.576674591979022953e+05,2.684984649403513758e+05,8.896916222895043029e+04,4.040217032945263054e+04,1.060222446133984704e+04,3.785939767008912895e+02,3.628022910180587787e+05,2.723539941240869230e+05,9.024573671881511109e+04,4.098144931912905304e+04,1.075419381900311055e+04,3.840206242661716942e+02,3.603918736880254000e+05,2.118404581986777193e+05,9.921621784772990213e+04,2.635443404549534898e+04,1.060122959212621572e+04,9.413226896604804779e+02,4.024488719066665508e+05,2.365520090291641536e+05,1.107800161792833533e+05,2.942507819560895223e+04,1.183640657186136377e+04,1.050998617642631416e+03,4.394736855662447051e+05,2.583050773129721638e+05,1.209576897809447255e+05,3.212748053627661648e+04,1.292345576835523752e+04,1.147521776756207146e+03,4.455203572756564245e+05,2.618575049169254489e+05,1.226196247718141240e+05,3.256874646942084291e+04,1.310095616041629910e+04,1.163282693470393724e+03,3.872933822789271944e+05,2.718051386244217865e+05,2.074299770078271977e+05,5.688156039900532778e+04,2.289526034902807078e+04,2.032989071356379554e+03,4.320047797879129066e+05,3.031676727460501716e+05,2.313552803103121405e+05,6.343938871788857068e+04,2.553481279752832779e+04,2.267368553982364574e+03,4.712862770204117987e+05,3.307186913710028166e+05,2.523713648191378452e+05,6.919930886504927184e+04,2.785320014381146757e+04,2.473230177473805270e+03,4.776944297301926999e+05,3.352129610613691038e+05,2.557994832350206561e+05,7.013881550393682846e+04,2.823135448313233064e+04,2.506808428083791568e+03,4.119419198281411664e+05,4.590011518457316561e+05,5.002624206370398169e+05,5.069862213864393416e+05
3.804410673958755638e+02,1.855295074984486803e+02,1.043582039971740727e+02,3.010912959301027314e+01,7.738170246983741563e-03,4.483465391440858525e+02,2.382443463907624732e+02,1.389220710109096899e+02,1.057403846917449701e-02,5.146106748014610730e+02,2.995583755626855123e+02,1.824281822118095135e+02,5.497301232595074083e+01,4.602005545756794602e-02,3.160986357837088090e-02,5.260720670381575701e+02,3.113528013490520721e+02,1.912395204070374177e+02,3.092230980639215643e-02,3.229165454333207674e-02,3.252206901704683446e+02,1.113561631600640993e+02,5.570672780151161874e+01,1.861208873261282193e+01,6.195054663982240584e+00,3.711396700487937892e+02,1.273813713286669014e+02,6.372261997828636026e+01,2.128857849243490463e+01,2.510109304576879197e+00,1.055210497095519229e-01,4.128045712141284298e+02,1.419574781805790451e+02,7.101344286142737872e+01,2.372254149307139670e+01,6.839301930020865505e+00,4.942315657929444717e-01,4.197203695661721099e+02,1.443800961655847175e+02,7.222519233928336746e+01,2.412703247077361368e+01,8.029637662517174590e+00,3.635780197326200209e+02,2.729240932886777955e+02,9.044843247626160121e+01,4.107955393697666580e+01,1.078054727284589198e+01,3.849621970942481153e-01,4.077056257498736045e+02,3.060558631532520053e+02,1.014208660142038525e+02,4.605963053939937168e+01,1.208713741727277124e+01,4.316189358147082267e-01,4.468339210521635891e+02,3.354351054005791184e+02,1.111491655095019127e+02,5.047442722861377717e+01,1.324535789526765761e+01,4.729775115598132684e-01,4.532488664372086191e+02,3.402518177172855758e+02,1.127439909336535209e+02,5.119812076104097542e+01,1.343521339634819611e+01,4.797570033509759857e-01,4.502375306844276679e+02,2.646522636110434519e+02,1.239508136938456175e+02,3.292459210419161764e+01,1.324411502969483578e+01,1.175994604830272516e+00,5.027793376726939982e+02,2.955244022691309169e+02,1.383974635637412973e+02,3.676074726703408402e+01,1.478722159398208191e+01,1.313012652127974134e+00,5.490344345468057554e+02,3.227005064888496122e+02,1.511124243785613430e+02,4.013685817733513517e+01,1.614527231588400014e+01,1.433598701354572569e+00,5.565885357537515574e+02,3.271385539611039235e+02,1.531886854210056015e+02,4.068813190092843968e+01,1.636702325836903782e+01,1.453289136420670369e+00,4.838455833901153937e+02,3.395661307226939698e+02,2.591422499367579917e+02,7.106212781221300645e+01,2.860304626533643813e+01,2.539813243210852445e+00,5.397035279160112395e+02,3.787473446287548882e+02,2.890321312444964974e+02,7.925482183155392590e+01,3.190063902936923057e+01,2.832623658778450348e+00,5.887778977934245859e+02,4.131668283806330351e+02,3.152875312378791932e+02,8.645068975390157107e+01,3.479700041577523706e+01,3.089806275951547665e+00,5.967836050719902232e+02,4.187815166362268542e+02,3.195702705189655148e+02,8.762441519388549693e+01,3.526942860510006739e+01,3.131755884571389537e+00,5.146390037580897570e+02,5.734300823179452209e+02,6.249777915931938423e+02,6.333778339960794028e+02
1.254933698554314390e+02,6.119928850397293019e+01,3.442389353990870404e+01,1.036241865240488025e+01,2.552548709134569611e-03,1.478928606713801059e+02,7.858795559549318455e+01,4.582522781413758395e+01,3.487996497646669251e-03,1.697509360431205323e+02,9.881317517640452763e+01,6.017627766268041967e+01,1.838460458350344595e+01,4.737904416063456504e-03,1.577939197033501745e-02,1.735316222882311195e+02,1.027037173291431742e+02,6.308281054853980407e+01,2.122264673987339645e-02,5.001512598373364371e-03,1.072782187025239722e+02,3.673225938677344971e+01,1.837557899564274067e+01,6.139436410501333263e+00,8.011857578937150448e-01,1.224251836999243466e+02,4.201838025320740400e+01,2.101972414495225649e+01,7.022310828248076398e+00,3.473639036285450787e-01,3.480676943964972070e-02,1.361688860839137192e+02,4.682649635967374024e+01,2.342469562224952639e+01,7.825184712878623827e+00,2.604300050597881722e+00,1.630285364904947576e-01,1.384501509230418890e+02,4.762562776145416876e+01,2.382440692393402060e+01,7.958611390647904571e+00,3.936477206037827248e-01,1.199308763189562939e+02,9.002751524682498996e+01,2.983557612970261985e+01,1.355061809818580620e+01,3.556101851276527448e+00,1.269847579170227392e-01,1.344869336546758518e+02,1.009564544243000626e+02,3.345497454461546738e+01,1.519336019710145003e+01,3.987097346897779726e+00,1.423750658206452135e-01,1.473939038705198641e+02,1.106475748191051025e+02,3.666397896329965533e+01,1.664963762677727033e+01,4.369151460818449628e+00,1.560177351703904980e-01,1.495099559381157235e+02,1.122364289670537971e+02,3.719005246119792929e+01,1.688835718372622807e+01,4.431777603695490342e+00,1.582540240789058750e-01,1.485166281989571360e+02,8.729894566513561927e+01,4.088676669777843387e+01,1.086059921745597912e+01,4.368741341255564237e+00,3.879168908129946858e-01,1.658482191499138878e+02,9.748251684522492155e+01,4.565217932309817428e+01,1.212600423249741155e+01,4.877754829067703746e+00,4.331140676484862562e-01,1.811060545370305590e+02,1.064469036246574376e+02,4.984637438795270725e+01,1.323965776750332601e+01,5.325725162779810340e+00,4.728910277278565166e-01,1.835978711429822283e+02,1.079108509836148357e+02,5.053125368321504851e+01,1.342150242691562489e+01,5.398872674841094010e+00,4.793860988250793764e-01,1.596026757466810295e+02,1.120102474069069558e+02,8.548139741999280261e+01,2.344075492553631435e+01,9.435081885341823238e+00,8.377901374003906554e-01,1.780281356008818250e+02,1.249346724568094373e+02,9.534095800905188867e+01,2.614322000456723671e+01,1.052283515878241893e+01,9.343771868639888512e-01,1.942159464741284296e+02,1.362883812935641288e+02,1.040016352466595606e+02,2.851686949393820925e+01,1.147823719948078214e+01,1.019212397938784820e+00,1.968567310160095474e+02,1.381404591491614724e+02,1.054143553240604092e+02,2.890403790923089034e+01,1.163407359760480020e+01,1.033049945603858433e+00,1.697602790798802914e+02,1.891532711889569214e+02,2.061569661762663657e+02,2.089278087362836800e+02
1.996582937205402050e+04,9.736726168474808219e+03,5.476795955898153807e+03,4.405244034266291351e+02,4.061019509027500862e-01,2.352955908109652955e+04,1.250323977604930769e+04,7.290733328614021957e+03,1.811094378184405995e+00,2.700714982624814002e+04,1.572104572182726770e+04,9.573966316511168770e+03,2.017746017569499486e+02,1.537295533493760802e+00,7.537892355031844405e-01,2.760865203420920807e+04,1.634002589991135028e+04,1.003639173337902685e+04,9.702106415572572473e+00,7.957294967917134532e-01,1.706782300357499116e+04,5.844054008469991459e+03,2.923530342279283104e+03,9.767762303442223129e+02,3.251210687700253175e+02,1.947768500807751116e+04,6.685068812185411844e+03,3.344210318946401458e+03,1.117240374542933523e+03,3.718510359421759404e+02,2.612171462772250834e+02,2.166428997039708702e+04,7.450033746583327229e+03,3.726838168934962596e+03,1.244976580073278683e+03,4.143406835923912013e+02,2.910637797673292653e+02,2.202723623105631123e+04,7.577174467599617856e+03,3.790431645443761681e+03,1.266204555267380329e+03,4.214013416380485069e+02,1.908084405557842911e+04,1.432325882951625499e+04,4.746800812012470487e+03,2.155885493397727259e+03,5.657711139084482284e+02,2.020309778710746329e+01,2.139669356607570444e+04,1.606203861149902150e+04,5.322642248969965294e+03,2.417243568513483751e+03,6.343419284059485790e+02,2.265167812444126483e+01,2.345017556383111878e+04,1.760388304013896413e+04,5.833190622556710878e+03,2.648935401570433442e+03,6.951262054642046451e+02,2.482220632641481828e+01,2.378683667680707367e+04,1.785666772436895189e+04,5.916888204608043452e+03,2.686915356322876050e+03,7.050899531111999750e+02,2.517799722781641236e+01,2.362879948874226102e+04,1.388914698080487324e+04,6.505030464930629932e+03,1.727906998983922904e+03,6.950609818242883193e+02,6.171705821167660844e+01,2.638623227623206913e+04,1.550933971697645211e+04,7.263201400696284509e+03,1.929231266198973344e+03,7.760443567881424087e+02,6.890787021592953465e+01,2.881373416660939620e+04,1.693556179183920904e+04,7.930492420655776186e+03,2.106412079637870193e+03,8.473158482291133851e+02,7.523633591251315522e+01,2.921017907957047646e+04,1.716847394282292953e+04,8.039455732191734569e+03,2.135343321278526673e+03,8.589535158236684538e+02,7.626968495298180528e+01,2.539257493000378963e+04,1.782068231162830125e+04,1.359997733706972758e+04,3.729393162282508456e+03,1.501109077991375671e+03,1.332912738450879715e+02,2.832404139719656814e+04,1.987694156100359032e+04,1.516862042643476525e+04,4.159351817368919001e+03,1.674169193814341497e+03,1.486581787907084902e+02,3.089950056338590730e+04,2.168330143647704244e+04,1.654652292363979359e+04,4.536996302731878131e+03,1.826172382937498014e+03,1.621553234279710978e+02,3.131964585305627406e+04,2.197796458300650920e+04,1.677128475052598515e+04,4.598594265707055456e+03,1.850965748647109876e+03,1.643568598323290360e+02,2.700863644969122106e+04,3.009403574778073016e+04,3.279929804349050391e+04,3.324013843977246870e+04
7.221392898690196205e+01,3.521653044251412012e+01,1.980889209849055987e+01,5.666441615205000559e+00,1.468847359147142269e-03,8.510349800762533334e+01,4.522266816176036741e+01,2.636967830353543363e+01,2.007153053869776497e-03,9.768151175318739377e+01,5.686107290312231299e+01,3.462784877821485452e+01,1.091881417718082581e+01,1.783123485052525228e-02,1.321689277032971586e-02,9.985707016638765765e+01,5.909984691632124054e+01,3.630038451353673423e+01,2.269918570113235029e-02,2.878083223802395483e-03,6.173219920906281999e+01,2.113721849996840874e+01,1.057404669297534383e+01,3.532878582738922191e+00,6.195999612033663284e-02,7.044837156108179954e+01,2.417906497888604633e+01,1.209559431222294101e+01,4.040919971003684275e+00,1.344939069602095971e+00,8.419341127833646077e-02,7.835705036292242198e+01,2.694584823156173314e+01,1.347951141797383379e+01,4.502926024265323512e+00,2.227255998216057520e-01,9.381317637834732381e-02,7.966978196229344178e+01,2.740570061015367642e+01,1.370952107377834750e+01,4.579704900857890948e+00,4.513401685788200890e-01,6.901304704758781838e+01,5.180545099449765445e+01,1.716858981170686249e+01,7.797570520589058418e+00,2.046323923598695860e+00,7.307213957093580681e-02,7.738918727183218493e+01,5.809440229202769501e+01,1.925133721820765942e+01,8.742870535289958056e+00,2.294336030050795117e+00,8.192836036916802123e-02,8.481637687306225359e+01,6.367106205186242107e+01,2.109792722265405018e+01,9.580870736919914421e+00,2.514185313297355062e+00,8.977890083014324063e-02,8.603403815170754854e+01,6.458535282162195301e+01,2.140065061077416786e+01,9.718239457631440814e+00,2.550222856498745472e+00,9.106575456706585137e-02,8.546243792853631760e+01,5.023532237974799841e+01,2.352788940535923246e+01,6.249625239895054030e+00,2.513949378356084896e+00,2.232230007705630903e-01,9.543572962372302015e+01,5.609535849733050128e+01,2.627009955555468323e+01,6.977790265262090230e+00,2.806856177296882748e+00,2.492313001309930942e-01,1.042157026000246844e+02,6.125382714811559737e+01,2.868360738066703775e+01,7.618631250934774890e+00,3.064636322113378331e+00,2.721205099301305386e-01,1.056495951453415927e+02,6.209624117892909823e+01,2.907771459042452022e+01,7.723271966682291101e+00,3.106728346075242619e+00,2.758580282287521057e-01,9.184179500079113723e+01,6.445519810243615666e+01,4.918943195910112109e+01,1.348875265446613803e+01,5.429325435234328090e+00,4.820980872290386854e-01,1.024445451073887341e+02,7.189243227499952127e+01,5.486301851589314538e+01,1.504385974973004103e+01,6.055262357536143725e+00,5.376782636140976512e-01,1.117596621330789901e+02,7.842581277053541555e+01,5.984672186258261206e+01,1.640975307993324961e+01,6.605038965013611652e+00,5.864957965434296483e-01,1.132792755272755585e+02,7.949157257018009659e+01,6.065965717475933872e+01,1.663254514699983488e+01,6.694713559793289193e+00,5.944584616809044375e-01,9.768688768279348267e+01,1.088463951266957537e+02,1.186309937695940846e+02,1.202254587292468244e+02
8.816320107488494614e+03,4.299450385947716313e+03,2.418391297988939186e+03,7.199350804095829517e+02,1.793227267347073106e-01,1.038995787087180543e+04,5.521061236833895236e+03,3.219372374469627175e+03,8.182280221972909606e-01,1.192555923882675597e+04,6.941949170022835460e+03,4.227580579340662553e+03,1.090089731880507316e+03,6.994384275815042962e+00,6.866314226361043271e-01,1.219116479755631553e+04,7.215272579701470931e+03,4.431773975942765901e+03,1.631727044610379318e+00,2.187167459984881823e+00,7.536646252697406453e+03,2.580561520764809757e+03,1.290944606968612788e+03,4.313155204179486191e+02,1.435638549159997694e+02,8.600770131545994445e+03,2.951928844484710226e+03,1.476704457391183496e+03,4.933403330517789414e+02,1.641984297210048283e+02,1.153457722011927586e+02,9.566310252084365857e+03,3.289714732072500283e+03,1.645661584207759461e+03,5.497448692051004855e+02,1.829606035195461970e+02,1.005637881489197270e+02,9.726576575171993682e+03,3.345856342843300354e+03,1.673742611349167419e+03,5.591185180273639617e+02,1.860783788205607436e+02,8.425536862577489956e+03,6.324727818807498807e+03,2.096046958285083292e+03,9.519753146177214376e+02,2.498278055233917883e+02,8.921090833268761955e+00,9.448147571666895601e+03,7.092521609477607853e+03,2.350321528554609813e+03,1.067383333619712175e+03,2.801066504135063724e+02,1.000231158377052942e+01,1.035490451049951844e+04,7.773354535778251375e+03,2.575764597091525502e+03,1.169691571186863484e+03,3.069471920736617676e+02,1.096075305396884403e+01,1.050356406590096049e+04,7.884976759904994651e+03,2.612722990597621902e+03,1.186462406133662626e+03,3.113468869040231652e+02,1.111786018493273609e+01,1.043377958896418386e+04,6.133036888742150040e+03,2.872429246218508069e+03,7.629926654704187285e+02,3.069183885632634201e+02,2.725242683881626959e+01,1.165138049149167819e+04,6.848466126052378058e+03,3.207215117556074802e+03,8.518915213591150177e+02,3.426782541339366617e+02,3.042768058481058446e+01,1.272329348265754561e+04,7.478243616351724086e+03,3.501871079378023751e+03,9.301293279288222493e+02,3.741496391470414551e+02,3.322214083407736496e+01,1.289835192458622623e+04,7.581090746456001398e+03,3.549986117575778735e+03,9.429045105048412552e+02,3.792884901039473107e+02,3.367843952234226634e+01,1.121261074176628972e+04,7.869086708214732425e+03,6.005348082218356467e+03,1.646789810115838691e+03,6.628454084993528568e+02,5.885748792564506005e+01,1.250705965067251418e+04,8.777069986191923817e+03,6.698014513216570776e+03,1.836646843045415835e+03,7.392636421781572835e+02,6.564306214289914010e+01,1.364430638516089130e+04,9.574705171339013759e+03,7.306455522509503680e+03,2.003403500131404371e+03,8.063837596897512867e+02,7.160299631943661325e+01,1.382983007124835967e+04,9.704819674225083872e+03,7.405703731229305049e+03,2.030603337918745410e+03,8.173317818575303590e+02,7.257513359275156972e+01,1.192621600290898459e+04,1.328863685236482524e+04,1.448320069766143024e+04,1.467786282338416095e+04
9.338720368392800708e+01,4.554209084576419997e+01,2.561690122654650992e+01,7.985469678898666324e+00,1.899502198084220212e-03,1.100560219644217312e+02,5.848204889608047097e+01,3.410132303549886501e+01,2.595646720864092441e-03,1.263219364997166565e+02,7.353285901642506417e+01,4.478080679616056869e+01,1.427877332194641546e+01,3.525772059151204268e-03,7.508863005247781545e-03,1.291353734868276604e+02,7.642804653351761601e+01,4.694373383469501704e+01,7.590513006484148409e-03,7.926635148312830351e-03,7.983220943785374857e+01,2.733469546408761630e+01,1.367437948708115947e+01,4.568725989005791632e+00,2.260116991159942523e-01,9.110398184397840282e+01,3.126841751493939014e+01,1.564204781387482868e+01,5.225726102239367954e+00,6.818992997946340395e-01,1.088792125862459714e-01,1.013315021818102650e+02,3.484642734023888266e+01,1.743173267148477379e+01,5.823193221292029875e+00,2.886163617345367111e-02,2.886163617345367111e-02,1.030291291742891389e+02,3.544110959857123078e+01,1.772918159477055511e+01,5.922483987023682950e+00,2.929369388689537224e-01,8.924781710168491600e+01,6.699491809477511595e+01,2.220245646601366118e+01,1.008383434808499679e+01,2.646310373929328996e+00,9.449703153400036693e-02,1.000798595861349440e+02,7.512780301914449410e+01,2.489586935295904269e+01,1.130629811582253019e+01,2.967040200310801623e+00,1.059499035377164111e-01,1.096847169753531546e+02,8.233955101902900253e+01,2.728388349941618074e+01,1.239000215159008178e+01,3.251349647834249179e+00,1.161022126420269140e-01,1.112593987898730745e+02,8.352191376658883826e+01,2.767536689521362092e+01,1.256764783343728809e+01,3.297953589851991829e+00,1.177663905975287750e-01,1.105202023423695294e+02,6.496442431119236005e+01,3.042631503402297355e+01,8.082028584316587327e+00,3.251044599249305111e+00,2.886724453586450023e-01,1.234176854228998366e+02,7.254263534882893794e+01,3.397254724356096744e+01,9.023693031546015320e+00,3.629832318909241184e+00,3.223064213738611739e-01,1.347719678653440099e+02,7.921357783074670067e+01,3.709370211042335086e+01,9.852429958987395153e+00,3.963194112792067347e+00,3.519068126024118559e-01,1.366262799427473738e+02,8.030298963357476794e+01,3.760336149993877797e+01,9.987751569744785840e+00,4.017627586422384489e+00,3.567401350493923373e-01,1.187700018105674644e+02,8.335359768908310230e+01,6.361187673584362301e+01,1.744368328098251908e+01,7.021215037249092461e+00,6.234502036849197681e-01,1.324815005602141582e+02,9.297144516175715978e+01,7.094897155423815605e+01,1.945475079103981741e+01,7.830677971924373537e+00,6.953267028796453753e-01,1.445278297576281830e+02,1.014204258071395230e+02,7.739390622726379831e+01,2.122112702219536473e+01,8.541650314375999642e+00,7.584575343672300685e-01,1.464929969179278260e+02,1.027986682966790539e+02,7.844519622411655746e+01,2.150924227588850712e+01,8.657617618689974037e+00,7.687549039682252117e-01,1.263288936665947517e+02,1.407603870658483061e+02,1.534138496960333100e+02,1.554758159675343734e+02
2.327844483824117390e+02,1.135218763842164975e+02,6.385474485563337765e+01,1.923636708192416833e+01,4.734800335040453660e-03,2.743344800885092809e+02,1.457770557381044796e+02,8.500369787457857740e+01,2.891363680202628170e-02,3.148802075804767355e+02,1.832939107887130206e+02,1.116242344970218454e+02,3.145609429316411010e+01,2.815869718726949841e-02,1.812967398352406667e-02,3.218932051553653650e+02,1.905106871809506970e+02,1.170157212135912914e+02,1.892074400825970865e-02,9.277567878735815468e-03,1.989961782561072994e+02,6.813665726903532516e+01,3.408585645335431025e+01,1.138837321838030014e+01,3.790632899250431009e+00,2.270931036171548953e+02,7.794216952537672682e+01,3.899062459504767020e+01,1.302606464573547385e+01,4.171593943031719043e+00,6.456567779179718525e-02,2.525870420660798459e+02,8.686100443273083727e+01,4.345173665420410458e+01,1.451535864575387436e+01,5.353712401885217798e-01,2.424799609903391495e+00,2.568186837587452374e+02,8.834335657259421737e+01,4.419318218873501536e+01,1.476285937688000338e+01,7.316861780814615246e-02,2.224662775048210790e+02,1.669969142259652415e+02,5.534362667245477496e+01,2.513577555643774986e+01,6.596405946495822015e+00,2.355508571584180311e-01,2.494670970857984571e+02,1.872695960452052191e+02,6.205744410174625614e+01,2.818298781608958947e+01,7.395882897313176052e+00,2.640992126829323494e-01,2.734089352646431053e+02,2.052461799831902454e+02,6.801000005974265150e+01,3.088431455188057484e+01,8.104575477455391308e+00,2.894057298256393351e-01,2.773341141574212543e+02,2.081934308408150969e+02,6.898584250694466391e+01,3.132712831785282503e+01,8.220744179125778928e+00,2.935539402346300508e-01,2.754915351106185994e+02,1.619355427180910567e+02,7.584307652650427656e+01,2.014591371836037581e+01,8.103814915692398202e+00,7.195680119135985375e-01,3.076408379164093390e+02,1.808256008997821880e+02,8.468269983053333760e+01,2.249318214165926832e+01,9.048011625939851754e+00,8.034067176140765598e-01,3.359434263029664862e+02,1.974541266107368358e+02,9.246273992235107642e+01,2.455895826532094972e+01,9.878976099586354920e+00,8.771912051236080421e-01,3.405656339035513724e+02,2.001696821631456089e+02,9.373315964349299634e+01,2.489627212732064621e+01,1.001466115237649745e+01,8.892391659154438299e-01,2.960556484909820369e+02,2.077738733705259904e+02,1.585640726030178200e+02,4.348152588798998863e+01,1.750164446624815895e+01,1.554061996636173726e+00,3.302340320054541394e+02,2.317480917636713968e+02,1.768531070201321995e+02,4.849447506455819479e+01,1.951937693772508098e+01,1.733227055095615476e+00,3.602616785568374098e+02,2.528087001458469842e+02,1.929182666641736432e+02,5.289748580213659324e+01,2.129160389739953629e+01,1.890591899775568185e+00,3.651602133224756130e+02,2.562442195556551496e+02,1.955387961837493833e+02,5.361566597787308552e+01,2.158067318667318446e+01,1.916260157317620783e+00,3.148975352961577983e+02,3.508706473529193204e+02,3.824116848182412127e+02,3.875515068997347612e+02
1.579867557994626695e+05,7.704532325988747471e+04,4.333710552861915494e+04,1.043334129914245523e+03,1.411772385660170492e+01,1.861860427346152719e+05,9.893635397972128703e+04,5.769053231006312853e+04,4.391091743262733438e+00,2.137037218256609922e+05,1.243983918151546532e+05,7.575742998619057471e+04,2.388715212655414507e+04,1.288438274045517744e+02,5.964627757022253896e+00,2.184633229186053213e+05,1.292962920478384331e+05,7.941653513354499592e+04,1.284116155560334605e+01,6.296492491467740926e+00,1.350552475406268495e+05,4.624316490427903045e+04,2.313347824574467450e+04,7.729090934561587346e+03,2.572636638808482985e+03,1.541241414765677182e+05,5.289799527131589275e+04,2.646225923816972863e+04,8.840563616248491599e+03,2.942404153599321944e+03,2.066973990969968781e+03,1.714264348484995135e+05,5.895105364787698636e+04,2.948993821836655479e+04,9.851321998271570919e+03,3.278618713419531105e+03,2.303146144465573798e+03,1.742983761495413200e+05,5.995710028616346972e+04,2.999314456048980719e+04,1.001929604236634805e+04,3.334488680005089918e+03,1.509839956257418962e+05,1.133379027187719184e+05,3.756075734594593087e+04,1.705921400917276333e+04,4.476866091683105878e+03,1.598642238249189802e+02,1.693089824526495941e+05,1.270966189831804950e+05,4.211730849191762536e+04,1.912730351614643223e+04,5.019457139649286546e+03,1.792394903609049663e+02,1.855578925744166481e+05,1.392970142043980013e+05,4.615720484285609564e+04,2.096064741504624180e+04,5.500434462367024025e+03,1.964145718416139346e+02,1.882218431098586007e+05,1.412972627655101824e+05,4.681949205190497014e+04,2.126117757843100844e+04,5.579276185531536612e+03,1.992299171817096237e+02,1.869713180962226179e+05,1.099028377282099100e+05,5.147337766818486125e+04,1.367268146308669930e+04,5.499918324465822479e+03,4.883582537671419459e+02,2.087904895309755520e+05,1.227231917051652272e+05,5.747267631197963783e+04,1.526573165349891315e+04,6.140728211193758398e+03,5.452581441745589927e+02,2.279989660843625024e+05,1.340086833869948168e+05,6.275285410003408469e+04,1.666773813082775814e+04,6.704689350135840868e+03,5.953343455322853970e+02,2.311359781543882855e+05,1.358516830523405224e+05,6.361506615300592239e+04,1.689666687975554305e+04,6.796776557443279671e+03,6.035110848882737855e+02,2.009278215605611040e+05,1.410125162840081030e+05,1.076146793156262283e+05,2.951015573006723571e+04,1.187806187769529788e+04,1.054714787511142958e+03,2.241240969947666745e+05,1.572834019493061642e+05,1.200271292817108915e+05,3.291235739889223623e+04,1.324746187190893033e+04,1.176310909432871995e+03,2.445033384567553585e+05,1.715768699595967773e+05,1.309302741274737782e+05,3.590060408230456233e+04,1.445024137494053866e+04,1.283111901190852450e+03,2.478278888063522172e+05,1.739084968072661140e+05,1.327087818154444976e+05,3.638802037344223936e+04,1.464642777775885588e+04,1.300532231382457667e+03,2.137154848014087765e+05,2.381298094393080391e+05,2.595361646030294069e+05,2.630244780642659171e+05
3.483004361643394805e+05,1.698555008497598465e+05,9.554175905716743728e+04,7.084382809135788328e+00,1.461423558725118887e+01,4.104690843247649027e+05,2.181168577632027154e+05,1.271855815483227780e+05,9.680681139454371475e+00,4.711350561171044246e+05,2.742509214893690078e+05,1.670161859165903588e+05,1.138515944401011438e+03,1.314972313963092354e+01,1.314972299710917270e+01,4.816281558902825927e+05,2.850489249335650238e+05,1.750831163573286613e+05,1.126964270057811603e+02,1.388135579057752089e+01,2.977452175718809012e+05,1.019485101936877327e+05,5.100048082532965782e+04,1.703969224838877926e+04,5.671680818994899710e+03,3.397848446102417074e+05,1.166198685500879219e+05,5.833917086269290303e+04,1.949006484921506126e+04,6.486876948160142092e+03,4.556887883928398878e+03,3.779297893772616517e+05,1.299645493834209192e+05,6.501404652361010085e+04,2.171840115061708275e+04,7.228101650818649432e+03,5.077557326576067680e+03,3.842613232774182106e+05,1.321824979695046495e+05,6.612342439771103091e+04,2.208871924457683417e+04,7.351273463336999157e+03,3.328620223253706354e+05,2.498667722101419349e+05,8.280711832183801744e+04,3.760904870536998351e+04,9.869779278058647833e+03,3.524395221444138997e+02,3.732616164596173330e+05,2.801994841439774609e+05,9.285257330989772163e+04,4.216839601066774048e+04,1.106598523346557704e+04,3.951545869610203567e+02,4.090842532812773716e+05,3.070966928850765689e+05,1.017590006778074167e+05,4.621021927354017680e+04,1.212635639228002765e+04,4.330190947347200563e+02,4.149572474297492881e+05,3.115064772995261010e+05,1.032190910414320097e+05,4.687277295272378979e+04,1.230017229246773422e+04,4.392258308244848877e+02,4.122003189565193024e+05,2.422937652662834735e+05,1.134791308155222068e+05,3.014303859470411771e+04,1.212521847223867371e+04,1.076643320246851772e+03,4.603032558261213708e+05,2.705577481310124276e+05,1.267052922522792214e+05,3.365510569716497412e+04,1.353795946037249087e+04,1.202085860529208276e+03,5.026506061049941927e+05,2.954379449875117862e+05,1.383460666909918073e+05,3.674599422904186213e+04,1.478127835082577258e+04,1.312484755785129892e+03,5.095665197816767031e+05,2.995010562554607750e+05,1.402469148384600703e+05,3.725069463702197390e+04,1.498429546734474025e+04,1.330511394731369137e+03,4.429690771887187730e+05,3.108787186101919506e+05,2.372492520676607965e+05,6.505861842125649855e+04,2.618658807427516876e+04,2.325243121976780913e+03,4.941079989300235757e+05,3.467498031859606272e+05,2.646139614563942887e+05,7.255917272682415205e+04,2.920559190919836328e+04,2.593316046009252204e+03,5.390364416552867042e+05,3.782614418023733888e+05,2.886512309750377899e+05,7.914711522216444428e+04,3.185726095358204475e+04,2.828771441759043228e+03,5.463658046752221417e+05,3.834017872399855405e+05,2.925721594127778080e+05,8.022168125462582975e+04,3.228977712300729036e+04,2.867176791377397421e+03,4.711609846367208520e+05,5.249852503416504478e+05,5.721780756614237325e+05,5.798684632331177127e+05
3.647157330746501458e+01,1.778607396274426478e+01,1.000446110313687598e+01,2.894867536440395739e+00,7.418466262107043831e-04,4.298143731028947911e+01,2.283966407805495180e+01,1.331797993292214954e+01,1.013716423372546666e-03,4.933395118045730499e+01,2.871762856325904423e+01,1.748876089265585065e+01,5.518571197596639166e+00,1.376956683514676425e-03,1.376970063551646081e-03,5.043271496697923340e+01,2.984831972387270582e+01,1.833347343236731675e+01,1.535362834760960714e-02,1.453584028989930634e-03,3.117778629654428002e+01,1.067533138557190675e+01,5.340411863791933555e+00,1.784276810196646856e+00,8.826690532309836024e-02,3.557988044603853695e+01,1.221161282942405713e+01,6.108867895620092803e+00,2.040862687031519851e+00,1.011588520059773094e-02,1.011588520059773094e-02,3.957415097830214989e+01,1.360897404473923800e+01,6.807813960918845275e+00,2.274198313535553684e+00,3.987958064775987826e-02,1.127168410331564133e-02,4.023714475667170376e+01,1.384122199444588297e+01,6.923980176877695847e+00,2.312975459091849650e+00,4.055907460379110790e-02,3.485497116740949508e+01,2.616429190238899238e+01,8.670979423467770175e+00,3.938155204089061723e+00,1.033493856257923449e+00,3.690500531774049825e-02,3.908533265597479556e+01,2.934052037105941579e+01,9.722868790171148135e+00,4.415578244193020474e+00,1.158752250684952134e+00,4.137782128896597827e-02,4.283642757507509202e+01,3.215700702824914003e+01,1.065548733542142301e+01,4.838809295378329267e+00,1.269786745778031190e+00,4.534276173392800396e-02,4.345140599267141113e+01,3.261876868701006060e+01,1.080837773032968308e+01,4.908187222013352446e+00,1.287987576125369849e+00,4.599267062751465074e-02,4.316271974478484452e+01,2.537130002781989191e+01,1.188273731203036121e+01,3.156367180575306186e+00,1.269667631979862765e+00,1.127385636643722100e-01,4.819972160324469712e+01,2.833090537564576294e+01,1.326768743686689689e+01,3.524126063831943156e+00,1.417599947594048615e+00,1.258740573585495071e-01,5.263403823878308430e+01,3.093618476194662748e+01,1.448662769188044130e+01,3.847782137469730745e+00,1.547791536823626135e+00,1.374341452119005325e-01,5.335822384407683217e+01,3.136164539090214021e+01,1.468567101554683596e+01,3.900630927510742474e+00,1.569050098061293808e+00,1.393218700688573508e-01,4.638460779522707611e+01,3.255303431446026252e+01,2.484307418281230895e+01,6.812481292248341092e+00,2.742075404871310962e+00,2.434831608587627316e-01,5.173951638681995036e+01,3.630920195106322979e+01,2.770851371068042468e+01,7.597886474110129740e+00,3.058204267511309471e+00,2.715538915117579610e-01,5.644410698714469987e+01,3.960887928300675753e+01,3.022552786742030762e+01,8.287729440927900981e+00,3.335868419136186258e+00,2.962091324184397134e-01,5.721158622468602317e+01,4.014714038675963792e+01,3.063609996138147551e+01,8.400250668914093666e+00,3.381158470056248255e+00,3.002306986125576338e-01,4.933666787910770779e+01,5.497276638674802740e+01,5.991446670925179063e+01,6.071974913744124791e+01
6.560758016664049137e+02,3.199481560908965321e+02,1.799671437395118971e+02,5.290987626587153869e+01,1.334448373499062812e-02,7.731797170656146818e+02,4.108556191580212840e+02,2.395730032642852336e+02,1.823504126347460369e-02,8.874531194956913396e+02,5.165925004022763005e+02,3.145998848074420948e+02,4.774639723297658400e-01,7.834327624442659344e-02,2.476952033000294137e-02,9.072184406290662082e+02,5.369321440426774643e+02,3.297951572757229428e+02,1.109512812459578918e-01,5.568709036732562290e-02,5.608475074363972226e+02,1.920352186715720109e+02,9.606700901861913167e+01,3.209680006787512951e+01,5.629163207901147770e-01,6.400354120477531978e+02,2.196709078845127010e+02,1.098905261614385438e+02,3.671244326056353202e+01,6.438197694497607149e-01,2.049381663611895554e+00,7.118871034595720175e+02,2.448076040593064135e+02,1.224636497658745355e+02,4.090984617747770358e+01,8.994665334144915647e+00,9.564336128180517704e+00,7.238134907147082231e+02,2.489854421264387838e+02,1.245533254675440844e+02,4.160739619274725953e+01,5.428876865372703087e+00,6.269952440825563826e+02,4.706613146690086751e+02,1.559795533469372799e+02,7.084225047500505923e+01,1.859120063314248128e+01,6.638724425639926929e-01,7.030939021183445448e+02,5.277975033230306963e+02,1.749016642642667705e+02,7.943046148456862454e+01,2.084443287594242733e+01,7.443325971971184174e-01,7.705711812067568189e+02,5.784624055061093486e+02,1.916782532770913861e+02,8.704383705513517100e+01,2.284180037206940739e+01,8.156561736679136532e-01,7.816338390517870494e+02,5.867688922024857447e+02,1.944285464131848755e+02,8.829185539078706313e+01,2.316920821895350002e+01,8.273474344887951082e-01,7.764407480845026157e+02,4.563964299822383168e+02,2.137548612712162139e+02,5.677890732733164469e+01,2.283965675091378245e+01,2.028018421508336999e+00,8.670498068880123128e+02,5.096358548732297891e+02,2.386683080572819904e+02,6.339440896876073595e+01,2.550076492950688944e+01,2.264308124293688440e+00,9.468173583684255163e+02,5.565014154808732201e+02,2.605954425225604041e+02,6.921655852896032002e+01,2.784274138789014685e+01,2.472261053096101335e+00,9.598445077231028790e+02,5.641548894395457410e+02,2.641759769880525255e+02,7.016723718815065070e+01,2.822515438959683465e+01,2.506216754179078965e+00,8.343982954284701918e+02,5.855864188455873318e+02,4.468943390608983464e+02,1.225476065465427524e+02,4.932634266463411166e+01,4.379942519958385461e+00,9.307260833533989626e+02,6.531549518840060955e+02,4.984398262551964081e+02,1.366760191615703377e+02,5.501308644129352388e+01,4.884897658206968529e+00,1.015355500019661349e+03,7.125118191487762260e+02,5.437176265243142552e+02,1.490853912318186474e+02,6.000790095651984757e+01,5.328413475761032636e+00,1.029161449443906804e+03,7.221944280491262589e+02,5.511032788845508321e+02,1.511094968882153466e+02,6.082260994493962158e+01,5.400755053301831587e+00,8.875019645946238143e+02,9.888879783306056197e+02,1.077782706314544384e+03,1.092268699080993429e+03
1.391940573745037455e+03,6.788069553653693902e+02,3.818210873583697662e+02,1.297267305191575737e+00,1.304253548150051401e-01,1.640390061247266658e+03,8.716776332220721315e+02,5.082817894809630843e+02,8.239386158396742876e-02,1.882834267930208171e+03,1.096010644951134964e+03,6.674599856910983817e+02,2.146013611161995414e+02,5.255215076053133816e-02,5.255130519369117376e-02,1.924768670488274665e+03,1.139163553445244361e+03,6.996985054778730273e+02,1.131366706707686021e-01,2.062611851232175886e-01,1.189902757670904066e+03,4.074248915099595933e+02,2.038172548585332038e+02,6.809706928758006939e+01,8.886549061138220296e+00,1.357909037727707073e+03,4.660572011748124623e+02,2.331454412080436782e+02,7.788968813867379026e+01,1.016374015971084965e+01,1.622848392847068721e+00,1.510350699512581741e+03,5.193876030448768688e+02,2.598207749037081840e+02,8.679496321039052020e+01,2.888623383547153267e+01,1.808273099593720401e+00,1.535653906721528756e+03,5.282513681818971918e+02,2.642542673661280901e+02,8.827489537203815928e+01,2.937847530261423046e+01,1.330242815973949291e+03,9.985623294682591222e+02,3.309286350824734768e+02,1.503000162047002561e+02,3.944337894809230249e+01,1.408482117699896952e+00,1.491694907786390104e+03,1.119783352883809130e+03,3.710740745047028781e+02,1.685208939284495386e+02,4.422387143515467756e+01,1.579187710224850383e+00,1.634855749685367073e+03,1.227274798089059914e+03,4.066675422546480263e+02,1.846735536301926288e+02,4.846151682818510409e+01,1.730508510946528133e+00,1.658326451562721104e+03,1.244897965956066855e+03,4.125026143705525215e+02,1.873213685490933926e+02,4.915615068407655741e+01,1.755313063033966170e+00,1.647308695826178337e+03,9.682977313130355697e+02,4.535056256592554860e+02,1.204630087540017485e+02,4.845696935255847393e+01,4.302675194612501031e+00,1.839546279965874191e+03,1.081251319348962170e+03,5.063623732491145120e+02,1.344985606601594270e+02,5.410281795401597549e+01,4.803991270972995054e+00,2.008782349777015270e+03,1.180682014981523253e+03,5.528833257415137723e+02,1.468509211395158331e+02,5.907159134345445750e+01,5.245186918650799335e+00,2.036420989180467359e+03,1.196919746882980235e+03,5.604798341966928774e+02,1.488678969193533987e+02,5.988292478895590421e+01,5.317228050176940002e+00,1.770272338423671272e+03,1.242389201786799504e+03,9.481379471341969065e+02,2.599988991952261017e+02,1.046515321800725218e+02,9.292554307860624974e+00,1.974642869058036467e+03,1.385743653884914238e+03,1.057497686457637656e+03,2.899739582400077325e+02,1.167166155988714138e+02,1.036387459192597937e+01,2.154193948805393575e+03,1.511676104481239236e+03,1.153559733621473470e+03,3.163018754537616246e+02,1.273136910878257027e+02,1.130484334430179416e+01,2.183484863280219088e+03,1.532218885089991545e+03,1.169229265306084699e+03,3.205962477495358485e+02,1.290421902627740565e+02,1.145832552510355917e+01,1.882937908636915608e+03,2.098040055927382582e+03,2.286640495710370942e+03,2.317374183201935466e+03
8.715400626669642224e+04,4.250235052658756467e+04,2.390708184166573119e+04,6.017979130419608737e+03,1.772700131639286081e+00,1.027102502763109223e+05,5.457862137930419703e+04,3.182520482426966919e+04,2.422363411019970325e+00,1.178904843484771263e+05,6.862485387514601462e+04,4.179187878017201001e+04,1.122624645487265298e+04,1.424964255287952142e+01,7.489839516866870106e+00,1.205161371285689966e+05,7.132679916510864859e+04,4.381043909884757159e+04,7.535406753174615346e+01,3.473483694925021403e+00,7.450374936649532174e+04,2.551022080918834763e+04,1.276167285727042326e+04,4.263782896364792578e+03,1.419204930685070849e+03,8.502317873251525452e+04,2.918138359929945364e+04,1.459800754012695688e+04,4.876931107112694917e+03,1.623188653403767830e+03,1.140254201163509833e+03,9.456805552926647943e+04,3.252057665625591471e+04,1.626823849559351765e+04,5.434519874467565387e+03,1.808662722746527152e+03,1.270539477085891122e+03,9.615237322467067861e+04,3.307556623526575277e+04,1.654583423096402112e+04,5.527183354084945677e+03,1.839483549430473431e+03,8.329090495443189866e+04,6.252329236937663518e+04,2.072053698792412615e+04,9.410781353273609056e+03,2.469680481494400738e+03,8.818971892488994513e+01,9.339995475696946960e+04,7.011334141668713710e+04,2.323417621740371033e+04,1.055165089022809480e+04,2.769002955787413612e+03,9.887815028195718980e+01,1.023637290736999566e+05,7.684373663182972814e+04,2.546280051660256504e+04,1.156302226081075605e+04,3.034335937766477400e+03,1.083528612063924186e+02,1.038333076468392683e+05,7.794718128336909285e+04,2.582815363661739684e+04,1.172881081359370364e+04,3.077829293466335457e+03,1.099059513742655128e+02,1.031434505101455288e+05,6.062832547149726452e+04,2.839548791259194331e+04,7.542587612994740084e+03,3.034051214427264767e+03,2.694047141827126097e+02,1.151800809029299853e+05,6.770072303151834058e+04,3.170502420797850209e+04,8.421399912692892030e+03,3.387556473196699699e+03,3.007937580694454027e+02,1.257765108754177054e+05,7.392640859933510364e+04,3.461785477246453229e+04,9.194822180121082056e+03,3.698667809760401269e+03,3.284184856421788936e+02,1.275070564615167241e+05,7.494310645691327227e+04,3.509349707784521888e+04,9.321111680948710273e+03,3.749468086191790462e+03,3.329292305246967203e+02,1.108426096120841103e+05,7.779009955255378736e+04,5.936605466545624950e+04,1.627939154544794474e+04,6.552578762624523733e+03,5.818375100119994840e+02,1.236389243917781423e+05,8.676599645478118327e+04,6.621343024694485939e+04,1.815622919556607303e+04,7.308013539205331654e+03,6.489164557635909887e+02,1.348812119511394412e+05,9.465104378560678742e+04,7.222819209742790554e+04,1.980470707343954564e+04,7.971531501051859777e+03,7.078336678989377333e+02,1.367152140076759388e+05,9.593729458482086193e+04,7.320931254196606460e+04,2.007359212668485998e+04,8.079758518399359673e+03,7.174436934412840401e+02,1.178969726880318049e+05,1.313652321825615945e+05,1.431741280574559059e+05,1.450984681967451470e+05
8.582635751783377491e+05,4.185489760829164879e+05,2.354289718278376968e+05,6.384562707422735457e+02,3.717840037984687740e+01,1.011456300029638107e+06,5.374720581891993061e+05,3.134040025791397784e+05,2.385463132482973947e+01,1.160946175657871179e+06,6.757946673584694508e+05,4.115524837614056305e+05,6.941484425595230277e+03,1.374947614706560444e+02,3.240286347299855407e+01,1.186802725747677730e+06,7.024025406773079885e+05,4.314305970480660326e+05,1.122117881668583777e+03,3.420571757652382416e+01,7.336880784648738336e+05,2.512161476490088680e+05,1.256726978799634817e+05,4.198831204294008785e+04,1.397585716795087683e+04,8.372799098215469858e+05,2.873685354852201999e+05,1.437563100095809496e+05,4.802639099043572060e+04,1.598462063595578911e+04,1.122884317118784929e+04,9.312746743772362825e+05,3.202517952161732246e+05,1.602041871509482444e+05,5.351733938254297391e+04,1.781110730529626017e+04,1.251184906082842463e+04,9.468765060164977331e+05,3.257171475510957534e+05,1.629378567911710124e+05,5.442985857710894925e+04,1.811462081464567746e+04,8.202210573190642754e+05,6.157085308607745683e+05,2.040489383881751273e+05,9.267423665798087313e+04,2.432059008672705750e+04,8.684628957669985994e+02,9.197716059946495807e+05,6.904528051894207019e+05,2.288024181646458164e+05,1.039091396951356728e+05,2.726821747771847367e+04,9.737191032277975182e+02,1.008043861345635029e+06,7.567314928158019902e+05,2.507491682999087789e+05,1.138687873849978059e+05,2.988112850928686385e+04,1.067022780233261756e+03,1.022515787168842740e+06,7.675978473421715898e+05,2.543470452681515890e+05,1.155014172141953022e+05,3.030943626918536393e+04,1.082317149682849276e+03,1.015722305348511785e+06,5.970475292895984603e+05,2.796292945909372065e+05,7.427688746812635509e+04,2.987832451923243207e+04,2.653007713425674410e+03,1.134255026739575900e+06,6.666941479597459547e+05,3.122205054752330761e+05,8.293113821474413271e+04,3.335952624978366657e+04,2.962116582944901438e+03,1.238605135761167156e+06,7.280026194707303075e+05,3.409050872250474640e+05,9.054754264424751454e+04,3.642324717957213579e+04,3.234155676880479405e+03,1.255646974360778928e+06,7.380147220896627987e+05,3.455890572457783273e+05,9.179119909307212220e+04,3.692351124867278122e+04,3.278576025150692658e+03,1.091541058434813516e+06,7.660509646579750115e+05,5.846171072722360259e+05,1.603140191182078852e+05,6.452761067170333263e+04,5.729741518572936002e+03,1.217554896299608983e+06,8.544425955822762335e+05,6.520477788306237198e+05,1.787964895144445472e+05,7.196688062929702573e+04,6.390312719946941797e+03,1.328265193346551619e+06,9.320919172912893118e+05,7.112791476856188383e+05,1.950301506764708029e+05,7.850098430371853465e+04,6.970509432855082196e+03,1.346325825758593623e+06,9.447584838912264677e+05,7.209408969572391361e+05,1.976780400615501276e+05,7.956676744234739454e+04,7.065146015165470089e+03,1.161010083807629533e+06,1.293640978144509019e+06,1.409931105025634868e+06,1.428881309129240690e+06
1.921408467835916056e+01,9.370122960278102653e+00,5.270586157199914190e+00,1.025708980868396819e-01,3.908091942281061376e-04,2.264363445080710591e+01,1.203247341404663118e+01,7.016225812877876500e+00,5.340618605388181093e-04,2.599028860364195737e+01,1.512912391024567071e+01,9.213491598830161777e+00,2.879710042637791734e+00,4.292647677655535114e-03,7.254318610592064807e-04,2.656914327305966239e+01,1.572479831135395578e+01,9.658506028204657312e+00,8.088679406635707406e-03,7.657930902398901772e-04,1.642519272734912406e+01,5.624016244831949507e+00,2.813454844151026979e+00,9.399991326879325593e-01,4.659576447520167967e-03,1.874431976296699176e+01,6.433365517796788779e+00,3.218295602656359389e+00,1.075174563664916816e+00,5.329250653362122871e-03,5.329250653362122871e-03,2.084859562878008177e+01,7.169528277925222959e+00,3.586516922220834847e+00,1.198101303475004320e+00,5.926102347259819270e-02,5.938200444501540859e-03,2.119787636404345932e+01,7.291882076638076526e+00,3.647715975830244872e+00,1.218530047983648279e+00,6.039380736379801329e-03,1.836242048049945907e+01,1.378396575730821816e+01,4.568076342135776180e+00,2.074712973548632267e+00,5.444689234507678055e-01,1.944246145229576797e-02,2.059107463445321073e+01,1.545727781400776379e+01,5.122236540170508334e+00,2.326230573745825758e+00,6.104579497600667315e-01,2.179883471827423480e-02,2.256723971762077952e+01,1.694106945729260971e+01,5.613561786626616978e+00,2.549198780181838320e+00,6.689535922643777832e-01,2.388765159174418423e-02,2.289122497718140892e+01,1.718433629084115211e+01,5.694108091079772116e+00,2.585748829905889945e+00,6.785421924584991160e-01,2.423005156892748396e-02,2.273913806682555006e+01,1.336619893857302266e+01,6.260106007812642481e+00,1.662848537065407584e+00,6.688907899947562630e-01,5.939336190951473304e-02,2.539274913367917819e+01,1.492538880149575853e+01,6.989730557355031237e+00,1.856592678855913059e+00,7.468250684475139511e-01,6.631342838533264838e-02,2.772885204889373867e+01,1.629791151300307916e+01,7.631896922605680977e+00,2.027102336180242936e+00,8.154130673712276511e-01,7.240361240731232884e-02,2.811036994736605976e+01,1.652205406572068824e+01,7.736757726523142864e+00,2.054944260156755131e+00,8.266125750906907488e-01,7.339806755296973684e-02,2.443650483815763508e+01,1.714970579254473293e+01,1.308791701594370416e+01,3.588975596058386230e+00,1.444589971503893899e+00,1.282727017229730593e-01,2.725759689198946489e+01,1.912854352401506830e+01,1.459749812702723304e+01,4.002745664166030615e+00,1.611134083378668924e+00,1.430610060817357754e-01,2.973608626708096025e+01,2.086689123475503038e+01,1.592352043602647349e+01,4.366171269975466451e+00,1.757414097981339518e+00,1.560499935743999145e-01,3.014041245859096207e+01,2.115045997245459120e+01,1.613981965462459200e+01,4.425449983017798239e+00,1.781273976791769353e+00,1.581686047862722877e-01,2.599171877338154246e+01,2.896094817636017993e+01,3.156435307299711823e+01,3.198859539225068005e+01
1.402661124152173144e+01,6.840350718592788759e+00,3.847618219811974605e+00,8.477724061790800625e-02,2.853230669241079982e-04,1.653024163286504589e+01,8.783911997776021607e+00,5.121965145049278689e+00,3.898731556738236573e-04,1.897335646726012470e+01,1.104451998232322829e+01,6.726006872334681752e+00,2.046139804128280115e+00,5.295845074559422201e-04,1.728320682331772667e-03,1.939593038116360546e+01,1.147937271230709655e+01,7.050875075879694975e+00,6.697451169314049858e-03,5.590423633976721344e-04,1.199067252224092606e+01,4.105628345403110835e+00,2.053870362637663316e+00,6.347618428766695908e-01,3.401593964077944711e-03,1.368367504324120887e+01,4.696467227108009013e+00,2.349411036376011452e+00,7.848958900022896534e-01,1.376458750768004211e-02,3.890485766115349495e-03,1.521983251282825655e+01,5.233878692500158358e+00,2.618218844013383784e+00,8.746345415253730105e-01,1.533731140071516695e-02,6.270797047132409263e-02,1.547481344302387107e+01,5.323198988097523454e+00,2.662895257035389207e+00,8.895478363564188751e-01,4.408863417427009469e-03,1.340488199393802482e+01,1.006253147594395614e+01,3.334774192216850341e+00,1.514576150766911322e+00,3.974716719018064892e-01,1.419332065133310436e-02,1.503183776970426067e+01,1.128407800844538045e+01,3.739320562036180018e+00,1.698188297524090062e+00,4.456447735571162361e-01,1.591353171744416817e-02,1.647447223483941769e+01,1.236727132482595870e+01,4.097996539681467709e+00,1.860958899668222255e+00,4.883476004583618968e-01,1.743837041709799321e-02,1.671098701100481421e+01,1.254486036225074130e+01,4.156796688576132048e+00,1.887640941492670477e+00,4.953474290805501279e-01,1.768835175828641082e-02,1.659996121228795829e+01,9.757554535195337664e+00,4.569984668157623275e+00,1.213907956511507180e+00,4.883017973189717198e-01,4.335816201868431669e-02,1.853714302371731293e+01,1.089579003497007292e+01,5.102623241705575019e+00,1.355344485478426009e+00,5.451951118916249506e-01,4.840996293403917322e-02,2.024253752251232186e+01,1.189775508153427452e+01,5.571415776296684719e+00,1.479819506703724308e+00,5.952654586936524383e-01,5.285584639958303826e-02,2.052105265549888458e+01,1.206138293605032707e+01,5.647965834038489064e+00,1.500144549773932745e+00,6.034413595886145565e-01,5.358185034387238227e-02,1.783906784131819734e+01,1.251957939654929497e+01,9.554403932970281232e+00,2.620013710393488626e+00,1.054575445500633757e+00,9.364127339289278484e-02,1.989851339081292991e+01,1.396416502876096644e+01,1.065642412005872153e+01,2.922072944156749230e+00,1.176155527982332138e+00,1.044370038509172260e-01,2.170785314281820888e+01,1.523318873030527421e+01,1.162444326085842050e+01,3.187379884462839374e+00,1.282942458276237208e+00,1.139192107145750033e-01,2.200301808739951426e+01,1.544019862992424130e+01,1.178234526904262935e+01,3.230654473342411848e+00,1.300360560227440399e+00,1.154658127473672247e-01,1.897440069435155863e+01,2.114198909946205163e+01,2.304252005155437288e+01,2.335222339896104415e+01
1.008371801528471951e+04,4.917521678940045604e+03,2.766049253708279593e+03,8.003525734804005651e+02,2.051014011597884767e-01,1.188357531243485028e+04,6.314746193136954389e+03,3.682175993339295928e+03,2.802674680319472422e-01,1.363992829583276762e+04,7.939895070139616109e+03,4.835320035920799455e+03,1.489474261673274668e+03,2.185637964674068456e+00,3.807004266993994634e-01,1.394371618407964161e+04,8.252510249547722196e+03,5.068867484283948215e+03,1.253856442992774989e+00,4.018821800284804735e-01,8.620083266097421074e+03,2.951532373374173403e+03,1.476525459884705469e+03,4.933196449379304340e+02,1.642019986274639791e+02,9.837181193058830104e+03,3.376285896950124425e+03,1.688989377268977478e+03,5.642608906869086240e+02,1.878029159666502039e+02,1.319274031345818514e+02,1.094152340361777533e+04,3.762630498904503384e+03,1.882235096455833173e+03,6.287739116483146518e+02,2.092622612020497286e+02,1.470014103850989500e+02,1.112482894067009329e+04,3.826842795700762963e+03,1.914352910382592881e+03,6.394950778961326705e+02,2.128282346666034641e+02,9.636757164995742642e+03,7.233944494646720159e+03,2.397365991234734793e+03,1.088827338983151776e+03,2.857420154827308352e+02,1.020355008584970413e+01,1.080637413381883016e+04,8.112113142905212044e+03,2.688194015712741930e+03,1.220825942737374817e+03,3.203736223094484785e+02,1.144020281080846502e+01,1.184348271224377822e+04,8.890819795197898202e+03,2.946045836840524771e+03,1.337841599422381705e+03,3.510726494672870217e+02,1.253642503223005278e+01,1.201351293831398289e+04,9.018488345033110818e+03,2.988317222101739389e+03,1.357023345101748873e+03,3.561048258819134276e+02,1.271611839634871899e+01,1.193369653738734632e+04,7.014696847030963909e+03,3.285357745786765918e+03,8.726773311732393950e+02,3.510397040586842081e+02,3.117012722086362686e+01,1.332633459144932385e+04,7.832973241545712881e+03,3.668271126317729340e+03,9.743559121937178134e+02,3.919402588629799311e+02,3.480183674917640957e+01,1.455234139650653196e+04,8.553284942740256156e+03,4.005285538847399948e+03,1.063840866174359917e+03,4.279358404831774010e+02,3.799801600919313671e+01,1.475256553265176626e+04,8.670916923679678803e+03,4.060317384215612492e+03,1.078452558010895473e+03,4.338134329132645917e+02,3.851991122794177613e+01,1.282448918014739684e+04,9.000314012007702331e+03,6.868652124488156915e+03,1.883525490868374391e+03,7.581333214242482654e+02,6.731859389839078744e+01,1.430502268829615605e+04,1.003882522828366564e+04,7.660893417215984300e+03,2.100675597246294728e+03,8.455371168015290095e+02,7.507962844016542192e+01,1.560575535868124825e+04,1.095112511746090968e+04,8.356801391460108789e+03,2.291404470711322574e+03,9.223061485519242524e+02,8.189635052163261264e+01,1.581794926486768236e+04,1.109994440880529510e+04,8.470317017043460510e+03,2.322514459863757565e+03,9.348280107513465964e+02,8.300823200911284516e+01,1.364067912146643721e+04,1.519895670106321268e+04,1.656524565417143458e+04,1.678789160397177693e+04
3.789838376027972554e+05,1.848188590994000551e+05,1.039584754681399500e+05,1.119515147691813013e+02,7.708478171756009800e+00,4.466292074039235595e+05,2.373317780521783861e+05,1.383899457519043644e+05,2.172934582667423697e+01,5.126395230231623864e+05,2.984109548737127334e+05,1.817294158015471476e+05,5.221919460765321128e+04,2.918036154046596664e+01,4.568012928060452538e+01,5.240570118435901823e+05,3.101602025994862779e+05,1.905069999361389782e+05,1.510423210141797945e+01,1.510423124180460874e+01,3.239749730958127184e+05,1.109296262063746835e+05,5.549334934429082205e+04,1.854079771352838361e+04,6.171325461910570084e+03,3.697180658254054142e+05,1.268934530326348613e+05,6.347853859552647191e+04,2.120703497737342332e+04,7.058336167740404562e+03,4.958325253265980791e+03,4.112233744955662405e+05,1.414137286661674734e+05,7.074143452449019242e+04,2.363167545158537541e+04,7.864858446870793159e+03,5.524862833548421804e+03,4.181126830472688889e+05,1.438270659262810659e+05,7.194854265444920748e+04,2.403461688170519119e+04,7.998881150632956633e+03,3.621853786780816154e+05,2.718786927629901329e+05,9.010198086448558024e+04,4.092220384651841596e+04,1.073925372411144417e+04,3.834875650619638918e+02,4.061439604668520042e+05,3.048835542099649902e+05,1.010323854914768162e+05,4.588320518526359228e+04,1.204083894001070075e+04,4.299655666197981532e+02,4.451223792797391070e+05,3.341502628370124730e+05,1.107234222646307171e+05,5.028109116804255609e+04,1.319462326266997115e+04,4.711657439501683484e+02,4.515127516388229560e+05,3.389485256890678429e+05,1.123121387711009593e+05,5.100201251953909377e+04,1.338375139594995017e+04,4.779192761684756761e+02,4.485129515641164617e+05,2.636385458124597208e+05,1.234760323354334396e+05,3.279847830369001167e+04,1.319338512782190810e+04,1.171489838334224032e+03,5.008535008325167582e+05,2.943924318900434882e+05,1.378673482366219978e+05,3.661993961365262658e+04,1.473058093335980629e+04,1.307983156718657710e+03,5.469314245849270374e+05,3.214644413826358505e+05,1.505336120358301268e+05,3.998311878544225328e+04,1.608342951039746367e+04,1.428107579181398478e+03,5.544565933567679022e+05,3.258854906104853144e+05,1.526019147869368608e+05,4.053228088284766272e+04,1.630433140567859118e+04,1.447722298034353116e+03,4.819922726833087509e+05,3.382654640339632751e+05,2.581496362376601028e+05,7.078993297726164747e+04,2.849348583625012907e+04,2.530084563099204388e+03,5.376362609416863415e+05,3.772965982460108353e+05,2.879250299014565535e+05,7.895124575521613588e+04,3.177844766159882420e+04,2.821773244574828823e+03,5.865226570983633865e+05,4.115842433695633663e+05,3.140798538096296252e+05,8.611955096978937218e+04,3.466371454263173655e+04,3.077971040871650985e+03,5.944976977129140869e+05,4.171774269655691460e+05,3.183461943089621491e+05,8.728878059600779670e+04,3.513433306686317519e+04,3.119759616233238830e+03,5.126677364580251160e+05,5.712336337438516784e+05,6.225838902238965966e+05,6.309517612707694061e+05
2.766648697701043566e+05,1.349210186931523785e+05,7.589151633483527985e+04,4.749566142992051709e+01,1.796578437873263567e+01,3.260471838046985795e+05,1.732563769023100322e+05,1.010270965724965208e+05,1.586280703906790457e+01,3.742358752689422108e+05,2.178452486571854679e+05,1.326656728983226931e+05,2.331609306009986540e+04,4.432200356946849240e+01,1.044519742607355539e+01,3.825708425529138185e+05,2.264224057041885098e+05,1.390734637792144495e+05,1.055828474776358803e+02,1.102635738251266595e+01,2.365074330722231243e+05,8.098058010218414711e+04,4.051112189296363795e+04,1.353510872896122964e+04,4.505176251355746899e+03,2.699006958845266490e+05,9.263445407786684518e+04,4.634045073637093446e+04,1.548150888507879063e+04,5.152709492569846589e+03,3.619664732795617056e+03,3.002003024053279078e+05,1.032345109228155925e+05,5.164249299827663344e+04,1.725153932934541808e+04,5.741485257496076883e+03,4.033247101181503240e+03,3.052296187832468422e+05,1.049962905714524386e+05,5.252370241081031418e+04,1.754569361686468255e+04,5.839324146259694317e+03,2.644017033551329514e+05,1.984762317101044755e+05,6.577603227736937697e+04,2.987392940433962940e+04,7.839844258931593686e+03,2.799526809876530820e+02,2.964922408511462854e+05,2.225703620973550715e+05,7.375541995362755551e+04,3.349554751258643228e+04,8.790024473456114720e+03,3.138824230567819313e+02,3.249471723567285808e+05,2.439355742591941089e+05,8.083004752840667788e+04,3.670608189472788217e+04,9.632307304222213133e+03,3.439592957620080256e+02,3.296122573442212888e+05,2.474383905393131135e+05,8.198983815857468289e+04,3.723236709862385760e+04,9.770374074469551488e+03,3.488894840120481149e+02,3.274223512545694248e+05,1.924607789856904128e+05,9.013967780993797351e+04,2.394346654880206552e+04,9.631403369717661917e+03,8.552082059304161703e+02,3.656318723624951672e+05,2.149116577611881949e+05,1.006455912258083990e+05,2.673320071866216676e+04,1.075358345616194856e+04,9.548507248817189748e+02,3.992695690206078580e+05,2.346747015975310351e+05,1.098921870734398981e+05,2.918838062342404010e+04,1.174118670185572228e+04,1.042543685560084214e+03,4.047630745344194002e+05,2.379021451228125661e+05,1.114020840722829307e+05,2.958927864504247555e+04,1.190244893392563790e+04,1.056862739887287944e+03,3.518628451389597612e+05,2.469397453583947790e+05,1.884537802710215910e+05,5.167789752895902348e+04,2.080074641663939838e+04,1.847006285620353992e+03,3.924839359959742287e+05,2.754331602689527208e+05,2.101903409102108271e+05,5.763579964016774466e+04,2.319882608246780364e+04,2.059944171903875031e+03,4.281718652742935810e+05,3.004637446662805160e+05,2.292838218447752006e+05,6.286878843264401803e+04,2.530512200149014825e+04,2.246973080400121034e+03,4.339937846560016042e+05,3.045468650102590909e+05,2.323983272541857441e+05,6.372234671021957183e+04,2.564868168946386504e+04,2.277479509997983314e+03,3.742564723235918791e+05,4.170106022714022547e+05,4.544972010929855169e+05,4.606058930681386264e+05
8.355145829451106465e+01,4.074549746500116498e+01,2.291887235770275311e+01,6.447631217014238025e+00,1.699455643421306141e-03,9.846467940413344877e+01,5.232259132284285386e+01,3.050969685306584722e+01,1.088431815134407489e-02,1.130174323238347114e+02,6.578821632981895107e+01,4.006439363394366637e+01,1.080849862918898552e+01,2.734909081145770957e-02,1.074385144512969743e-02,1.155345515385699997e+02,6.837847622413848114e+01,4.199951617360843414e+01,3.569278361905445229e-02,3.329933831870210501e-03,7.142410548011041271e+01,2.445574502121988658e+01,1.223416366989250648e+01,4.087537695511378466e+00,2.026197006704240355e-02,8.150870989239417952e+01,2.797515902492162354e+01,1.399459292078658379e+01,4.675341191257060380e+00,2.317405067183199788e-02,2.317407150225357648e-02,9.065904524021274824e+01,3.117632496380931428e+01,1.559578413911543926e+01,5.209881695507204036e+00,2.582182570449038927e-02,2.582178359658698213e-02,9.217787459261528227e+01,3.170837392935232302e+01,1.586190520452796981e+01,5.298714990384400636e+00,1.763447746185944798e+00,7.984804059070044957e+01,5.993886580650935514e+01,1.986404477349694631e+01,9.021782780210266139e+00,2.367595168524378124e+00,8.454442129382648552e-02,8.953922844572048234e+01,6.721517718987664125e+01,2.227378172676450063e+01,1.011549418995350180e+01,2.654545117577779667e+00,9.479102425095441153e-02,9.813248128542120696e+01,7.366736838071449256e+01,2.441028480140338530e+01,1.108506000867707186e+01,2.908910338727645595e+00,1.038741065831209759e-01,9.954131387984023149e+01,7.472520175368374851e+01,2.476053599044000819e+01,1.124399531853647005e+01,2.950605860433826777e+00,1.053629817640305694e-01,9.887997225510432031e+01,5.812222840424963266e+01,2.722174845914835473e+01,7.230811484036405723e+00,2.908637438699487099e+00,2.582688549308507220e-01,1.104190631288327609e+02,6.490228564235044928e+01,3.039448371547642225e+01,8.073297795128228316e+00,3.247530351974561302e+00,2.883604079511236651e-01,1.205774859385217184e+02,7.087062938512359267e+01,3.318691151836461017e+01,8.814750302193871789e+00,3.545781823726274151e+00,3.148432440085097150e-01,1.222364972764806907e+02,7.184530154736643226e+01,3.364289269718056374e+01,8.935819669321546144e+00,3.594482241914612963e+00,3.191674769331166450e-01,1.062608843706821915e+02,7.457461349767343961e+01,5.691213344221769432e+01,1.560647614401161221e+01,6.281725158544002596e+00,5.577869922178461115e-01,1.185282574587193949e+02,8.317948788909620816e+01,6.347647008208080166e+01,1.740573379227890527e+01,7.005933704422153241e+00,6.220933249218718597e-01,1.293058403780005108e+02,9.073860298862761908e+01,6.924260988023993946e+01,1.898607136143802165e+01,7.642024898984957737e+00,6.785752091024922494e-01,1.310640328805577894e+02,9.197168637319623485e+01,7.018317540228581208e+01,1.924384167348306818e+01,7.745778307309553412e+00,6.877879693801266514e-01,1.130236519455127251e+02,1.259351974715462887e+02,1.372559658126938302e+02,1.391007602797857032e+02
2.058830547694133486e+02,1.004028867409563617e+02,5.647546553466578700e+01,1.637234732602173537e+01,4.187580519888661409e-03,2.426314215370186389e+02,1.289305447887769560e+02,7.518036974317246290e+01,2.005535434267282160e-02,2.784915390251481995e+02,1.621118209651511677e+02,9.872454700491034885e+01,2.905308853199680996e+01,3.171193084098972159e-01,3.528822895722000252e-02,2.846940918540689154e+02,1.684946009276976895e+02,1.034929711981524321e+02,1.673427345281276388e-02,1.747515384770331401e-02,1.759994785474258379e+02,6.026254528955510636e+01,3.014677522516648267e+01,1.007229251402627668e+01,4.992843170710283690e-02,2.008494244110428042e+02,6.893489781652678516e+01,3.448473079194354085e+01,1.152072679235481623e+01,2.020370592048053304e-01,5.710427537183824370e-02,2.233971931373267523e+02,7.682304047822695736e+01,3.843030092561651401e+01,1.283791329406667181e+01,6.362879345711452972e-02,3.001382984557826372e+00,2.271398115069759456e+02,7.813408693940182559e+01,3.908606248429740049e+01,1.305681141787857769e+01,2.289570583412670890e-01,1.967572909387711491e+02,1.476981617643332925e+02,4.894792188176190706e+01,2.223099675418431431e+01,5.834102011579965996e+00,2.083297761595577779e-01,2.206378005139512481e+02,1.656280617017562520e+02,5.488586705655978193e+01,2.492606178121696558e+01,6.541188542979530673e+00,2.335789707451326747e-01,2.418128357031082771e+02,1.815272074371638098e+02,6.015052491227641696e+01,2.731521504222816787e+01,7.167982092806349570e+00,2.559609753026369505e-01,2.452844069956157966e+02,1.841338650837273860e+02,6.101359537575297765e+01,2.770685492993836974e+01,7.270726023343651256e+00,2.596298516166839487e-01,2.436547640494581231e+02,1.432217004054542713e+02,6.707838349491458985e+01,1.781778088609278754e+01,7.167309552015191265e+00,6.364122140991395060e-01,2.720887777994351495e+02,1.599287574400856045e+02,7.489647054203672383e+01,1.989379068892334601e+01,8.002391552524221296e+00,7.105622700035544304e-01,2.971206234989805353e+02,1.746356326149380607e+02,8.177741982804013787e+01,2.172083860886630546e+01,8.737326811686374484e+00,7.758198397989723993e-01,3.012086690098994950e+02,1.770373692162492318e+02,8.290102530542725390e+01,2.201917085317518286e+01,8.857331721926620105e+00,7.864755750032712545e-01,2.618424137171649022e+02,1.837627927494605728e+02,1.402398496740304381e+02,3.845664734990040756e+01,1.547909278234595476e+01,1.374469162972581815e+00,2.920710233064802424e+02,2.049664654107102706e+02,1.564153389410407158e+02,4.289028264890427522e+01,1.726364888409941400e+01,1.532929254386104390e+00,3.186285695385862482e+02,2.235932361429010200e+02,1.706239545550528760e+02,4.678446595215837078e+01,1.883107106756152049e+01,1.672108483288687442e+00,3.229610107866468525e+02,2.266317342981690786e+02,1.729416441119986416e+02,4.741965034935881818e+01,1.908673451919934649e+01,1.694810402365118263e+00,2.785068667946385972e+02,3.103228008892567118e+02,3.382188474861149530e+02,3.427646959274583196e+02
4.752848822095551782e+02,2.317819406346203834e+02,1.303746666994469479e+02,5.317709844036396793e-01,9.667256194666124305e-03,5.601191673519842880e+02,2.976385701880830084e+02,1.735552908102858112e+02,2.725088130873133327e-02,6.429029243276737589e+02,3.742381668452041481e+02,2.279074597442890138e+02,7.453411709164855381e+01,1.794393014731406055e-02,1.555306232215555584e-01,6.572216336300484727e+02,3.889729378666675075e+02,2.389154586212863478e+02,3.863154131780001388e-02,4.034172777139299892e-02,4.062980858504923276e+02,1.391172108934590028e+02,6.959439324447357933e+01,2.325207590161251048e+01,4.077968590548137762e-01,4.636646490872748814e+02,1.591374988920435953e+02,7.960864555260313580e+01,2.659581293014804615e+01,1.318261952841280338e-01,5.541306911645231814e-01,5.157165946232356646e+02,1.773474248663983985e+02,8.871706757488671258e+01,2.963656256933857946e+01,8.544337253638243368e+00,6.458194379153138875e+00,5.243564997107044974e+02,1.803739999641956615e+02,9.023090539333315974e+01,3.014189280197309984e+01,1.493912469239154217e-01,4.542178821495953116e+02,3.409639667289974341e+02,1.129971928044511600e+02,5.132067252523746248e+01,1.346813360850854124e+01,4.809331868544060029e-01,5.093464851257515420e+02,3.823554748220470287e+02,1.267050497725759328e+02,5.754228043369682410e+01,1.510045608938881401e+01,5.392213395416525223e-01,5.582294498478586320e+02,4.190589504511580685e+02,1.388586105983738719e+02,6.305768294177211430e+01,1.654742084300235661e+01,5.908906195131534700e-01,5.662436365200454702e+02,4.250764674397373710e+02,1.408510249578619948e+02,6.396179260849236670e+01,1.678460694003711851e+01,5.993602164691288481e-01,5.624815866426590674e+02,3.306299738542610953e+02,1.548517014996022283e+02,4.113268041431187072e+01,1.654586787321202124e+01,1.469169380356652788e+00,6.281220232677164859e+02,3.691985250855000231e+02,1.728999003852503904e+02,4.592518783364178603e+01,1.847367072361070939e+01,1.640346240529183541e+00,6.859085099844963906e+02,4.031496194983403143e+02,1.887847014107902339e+02,5.014296183216816161e+01,2.017028218640438197e+01,1.790994562776393684e+00,6.953458456050733503e+02,4.086940721852715797e+02,1.913785678458481243e+02,5.083166801866610740e+01,2.044731590332531113e+01,1.815593595635544677e+00,6.044681068370246066e+02,4.242198401641777536e+02,3.237463167641563473e+02,8.877788955712119900e+01,3.573377510410853120e+01,3.172987656743930795e+00,6.742514161546200739e+02,4.731689160197711317e+02,3.610877323337518305e+02,9.901301869594847460e+01,3.985345615091835469e+01,3.538795390193673729e+00,7.355600067867383132e+02,5.161691614205226415e+02,3.938885829612414113e+02,1.080028138627642704e+02,4.347187912242090846e+01,3.860093856054935824e+00,7.455615309480471069e+02,5.231835902801539078e+02,3.992390188206636026e+02,1.094691489017589987e+02,4.406208337888426030e+01,3.912501196784992974e+00,6.429383044170024277e+02,7.163859789241618046e+02,7.807845187451800939e+02,7.912787072598276836e+02
4.752849027813717839e+03,2.317819487939722876e+03,1.303746723809994592e+03,3.621765654820630971e+02,1.994237745206184631e-01,5.601191913568889504e+03,2.976385818408257819e+03,1.735552955336069317e+03,1.333795283005985821e+00,6.429029525090072639e+03,3.742381799053268878e+03,2.279074689274694265e+03,7.175920769863776059e+02,3.733599968656723944e-01,3.701610380184714444e-01,6.572216564989676044e+03,3.889729520007289011e+03,2.389154669865551114e+03,5.909914100009865390e-01,6.451701532657562188e-01,4.062981018414312075e+03,1.391172171616989317e+03,6.959439649422741923e+02,2.325207660815121642e+02,7.739479913509110531e+01,4.636646683838515855e+03,1.591375052568106184e+03,7.960864842582719803e+02,2.659581381265166442e+02,8.851882928077266399e+01,1.906949065378361396e+01,5.157166162542506754e+03,1.773474313321323962e+03,8.871707136134920120e+02,2.963656366738320571e+02,3.866982581722854917e+01,6.928748995126287014e+01,5.243565207437037316e+03,1.803740067144692603e+03,9.023090950757410837e+02,3.014189405500460452e+02,1.003142370014190021e+02,4.542179018352385356e+03,3.409639816421329670e+03,1.129971969483432076e+03,5.132067401768953232e+02,1.346813419761477348e+02,4.809331386386444862e+00,5.093465042432224436e+03,3.823554904572490159e+03,1.267050549645563478e+03,5.754228144745922009e+02,1.510045678938891456e+02,5.392212784795646918e+00,5.582294733270614415e+03,4.190589676246747331e+03,1.388586160157542736e+03,6.305768572814170057e+02,1.654742145060344853e+02,5.908906049228273893e+00,5.662436591385502652e+03,4.250764852490246085e+03,1.408510304914985454e+03,6.396179529611231374e+02,1.678460755493413501e+02,5.993602670123700626e+00,5.624815962923565166e+03,3.306299833928252610e+03,1.548517080758679413e+03,4.113268191112883301e+02,1.654586867553758509e+02,1.469169339570591681e+01,6.281220591507206336e+03,3.691985393485464101e+03,1.728999046807832428e+03,4.592518949130372334e+02,1.847367113364575459e+02,1.640346085681243338e+01,6.859085396325505826e+03,4.031496340175803653e+03,1.887847091210792996e+03,5.014296376406616105e+02,2.017028299427568356e+02,1.790994677454060025e+01,6.953458721692452855e+03,4.086940878867555966e+03,1.913785734868669806e+03,5.083166980932586512e+02,2.044731685909087560e+02,1.815593433533467405e+01,6.044681294374857316e+03,4.242198548246637074e+03,3.237463189523313304e+03,8.877789276849292719e+02,3.573377638152902591e+02,3.172987476161727471e+01,6.742514416157986489e+03,4.731689344972678555e+03,3.610877469820252827e+03,9.901302265384774728e+02,3.985345775338728345e+02,3.538795607665353060e+01,7.355600371597491176e+03,5.161691817339024055e+03,3.938885929281571862e+03,1.080028179706699802e+03,4.347188089525024566e+02,3.860094034408482599e+01,7.455615588677610504e+03,5.231836137719965336e+03,3.992390333834020112e+03,1.094691532712768776e+03,4.406208519119828679e+02,3.912501264652700428e+01,6.429383303617910315e+03,7.163860095997981261e+03,7.807845601176432865e+03,7.912787210302306448e+03
2.066742691117433850e+01,1.007887371176328273e+01,5.669250240227245108e+00,1.544921768525296946e+00,4.203854192497189337e-04,2.435638568212652189e+01,1.294260274750867268e+01,7.546928935869007482e+00,5.744631653094381136e-04,2.795617881170830543e+01,1.627348198073916663e+01,9.910394695991939784e+00,3.369396558244568851e+00,7.802982020337879358e-04,7.802982020337879358e-04,2.857881770481479933e+01,1.691421277795127054e+01,1.038906973638206566e+01,5.456975428300278250e-03,8.237185696546622847e-04,1.766758474088929631e+01,6.049413462051896673e+00,3.026262938450312578e+00,1.011100067531355062e+00,5.011879880480673947e-03,2.016212915565640529e+01,6.919981545796511035e+00,3.461725626058291372e+00,1.156500137908410553e+00,5.732400078223022152e-03,5.732395997159469084e-03,2.242557122598889663e+01,7.711827298934349706e+00,3.857798867935475329e+00,1.288724978896730766e+00,6.387359321061078336e-03,6.387362596460594184e-03,2.280127130498221177e+01,7.843435731938394717e+00,3.923627056612580155e+00,7.943090303409005015e-01,6.496190521145635971e-03,1.975134318499938146e+01,1.482657681246714176e+01,4.913603002466379266e+00,2.231643072595939081e+00,5.856522443137635037e-01,2.091307281395215698e-02,2.214857148632675177e+01,1.662645722517541458e+01,5.509679410966656476e+00,2.502185278186181527e+00,6.566326968935740638e-01,2.344769886288778152e-02,2.427421260710915263e+01,1.822248202196770706e+01,6.038168503044746949e+00,2.742018772928373149e+00,7.195528586307118335e-01,2.569449630520417513e-02,2.462270395183518090e+01,1.848414933793005943e+01,6.124807222967927345e+00,2.781333356608469920e+00,7.298667245655198199e-01,2.606279093947961450e-02,2.445911347820479520e+01,1.437721048002628343e+01,6.733616698241310594e+00,1.788625454695590866e+00,7.194853621846930558e-01,6.388584108465672484e-02,2.731344182114554187e+01,1.605433651511698301e+01,7.518429852225811949e+00,1.997024230357289154e+00,8.033144778639490502e-01,7.132933584838438423e-02,2.982624621217491523e+01,1.753067605726342393e+01,8.209169164019922249e+00,2.180431133887938522e+00,8.770904539549720935e-01,7.788017583501584407e-02,3.023662182861808034e+01,1.777177256392203830e+01,8.321961527127745839e+00,2.210379036985915757e+00,8.891370597467939119e-01,7.894979701597548694e-02,2.628486781094261104e+01,1.844689968312092176e+01,1.407787946574745064e+01,3.860443643369683375e+00,1.553857878294157224e+00,1.379751633786586440e-01,2.931934578552028725e+01,2.057541548800890041e+01,1.570164452474124772e+01,4.305510978542311129e+00,1.732999320908461094e+00,1.538820913658741629e-01,3.198530627887539524e+01,2.244525073463338671e+01,1.712796641723050328e+01,4.696426060957856308e+00,1.890343880646257357e+00,1.678534999895173185e-01,3.242021546942076782e+01,2.275026841461280114e+01,1.736062616934704650e+01,4.760188409735190085e+00,1.916008494384147776e+00,1.701324074481320447e-01,2.795771767283299880e+01,3.115153736163953369e+01,3.395186228933674499e+01,3.440819395239181944e+01
1.424363017437500639e+04,6.946184007578423007e+03,3.907148391330817503e+03,1.004526094564504774e+03,2.897135031385125181e-01,1.678599625824769100e+04,8.919816099097428378e+03,5.201211856310740586e+03,8.166701332063195373e-01,1.926691087355312629e+04,1.121539985514166801e+04,6.830071190766878317e+03,1.141238488762551029e+01,5.377535632077030670e-01,1.716830011121424082e+00,1.969602269436663482e+04,1.165698063579325935e+04,7.159965679952513710e+03,5.996207756430884217e+00,5.676737122558045412e-01,1.217619131248906706e+04,4.169150269614842728e+03,2.085647634461244252e+03,6.968325445542978969e+02,2.319414940196070347e+02,1.389538782762808660e+04,4.769130605631616163e+03,2.385760912114096300e+03,7.970397060465653567e+02,2.652786621916137619e+02,1.863524163290272782e+02,1.545531258855160195e+04,5.314856858529576130e+03,2.658727716734886599e+03,8.881667607601472127e+02,2.955907997016283275e+02,2.076450124936564237e+02,1.571423858267137803e+04,5.405559138660386452e+03,2.704095339153971054e+03,9.033108105184765009e+02,3.006278729313770555e+02,1.361228131522850344e+04,1.021821822239359608e+04,3.386369422529279746e+03,1.538009515184483007e+03,4.036213261210872361e+02,1.441289854696048600e+01,1.526440920678536895e+04,1.145866435350212487e+04,3.797174975797304342e+03,1.724462476577715279e+03,4.525397698702721527e+02,1.615971515610349840e+01,1.672936402897093285e+04,1.255861676622736195e+04,4.161400387380470420e+03,1.889751518462415106e+03,4.959032979098326450e+02,1.770817055524414485e+01,1.696953809475365779e+04,1.273895339723202414e+04,4.221110277873457562e+03,1.916846404989972143e+03,5.030114382294294728e+02,1.796199458078263689e+01,1.685679444682626854e+04,9.908522658909452730e+03,4.640691207850896717e+03,1.232689498831030505e+03,4.958567656157172223e+02,4.402897077159381212e+01,1.882394799864303786e+04,1.106436879560395573e+04,5.181570637590181832e+03,1.376314311429174495e+03,5.536303304790333186e+02,4.915890239070088086e+01,2.055572862072398857e+04,1.208183618531528555e+04,5.657616212234017439e+03,1.502715156519353059e+03,6.044754441324171239e+02,5.367362642452305010e+01,2.083855279762484133e+04,1.224799573222171784e+04,5.735350733859715547e+03,1.523354730279276055e+03,6.127777629924820531e+02,5.441082035733361977e+01,1.811507253459184358e+04,1.271328152974844124e+04,9.702228982482909487e+03,2.660550475485288189e+03,1.070891787518766023e+03,9.509004773098631347e+01,2.020638168658217546e+04,1.418021755099758411e+04,1.082129955388615963e+04,2.967283134253364096e+03,1.194352926833575793e+03,1.060527985295694151e+02,2.204371526103858560e+04,1.546887538733632391e+04,1.180429566396735208e+04,3.236694867999463895e+03,1.302792052991332639e+03,1.156816687198613351e+02,2.234344728008581660e+04,1.567908807814308420e+04,1.196464072466042126e+04,3.280638891418033836e+03,1.320479659781330611e+03,1.172522458019127640e+02,1.926797115030624991e+04,2.146909661402169877e+04,2.339903149584704806e+04,2.371352726584259653e+04
1.072228358214253348e+02,5.228930742883285632e+01,2.941213185781855444e+01,5.685394371922418699e-01,2.180933790725440337e-03,1.263611971947732684e+02,6.714636450529822298e+01,3.915355068712582920e+01,2.980193162558048524e-03,1.450369620099015435e+02,8.442700218408957369e+01,5.141523588415177670e+01,1.494999250392588763e+01,1.879900996139180491e-02,2.582793993957811785e-02,1.482672190976977618e+02,8.775112154157609723e+01,5.389860707641036441e+01,1.813283253042275583e-02,9.100995643347554662e-03,9.165962367820758061e+01,3.138442378542459110e+01,1.570028554851254654e+01,5.245598329040929819e+00,2.600247483772719428e-02,1.046013473477062661e+02,3.590094016614222028e+01,1.795947024225862876e+01,5.999935154601598875e+00,1.921477743403647853e+00,4.302019375395423895e-01,1.163441095628168398e+02,4.000904429616953450e+01,2.001430318011005838e+01,6.685919166113816203e+00,2.225140949265257184e+00,1.392932399459707038e-01,1.182932461574125256e+02,4.069183071965723997e+01,2.035582029304546126e+01,6.799920200912648482e+00,8.872444178361608147e-01,1.024701853970621244e+02,7.692044357222773954e+01,2.549182626076112257e+01,1.157778883855211127e+01,3.038370450258697009e+00,1.084970619055191099e-01,1.149070318846182062e+02,8.625824273445626034e+01,2.858427750543453172e+01,1.298136513186648244e+01,3.406617315348943631e+00,1.216467426311050454e-01,1.259348817122229178e+02,9.453843627013959861e+01,3.132608411372268264e+01,1.422562334627250991e+01,3.733048218311382893e+00,1.333031334358286968e-01,1.277428578094598208e+02,9.589596993595725394e+01,3.177556671678164335e+01,1.442958777652423130e+01,3.786556675010103401e+00,1.352138716920945338e-01,1.268941481649373770e+02,7.458912544332261518e+01,3.493407712555878675e+01,9.279408726648689765e+00,3.732697947141446537e+00,3.314402063205802440e-01,1.417024357902808731e+02,8.329007406490624987e+01,3.900569593511857391e+01,1.036058397191387215e+01,4.167604369017014143e+00,3.700571807773805344e-01,1.547388914391955552e+02,9.094933924765712163e+01,4.258925974963418071e+01,1.131210119349872123e+01,4.550354860731465223e+00,4.040430793892184624e-01,1.568679294130320727e+02,9.220015096592112513e+01,4.317442885614684656e+01,1.146747105761499341e+01,4.612852846836847931e+00,4.095924982937210745e-01,1.363661827811756950e+02,9.570271709821419392e+01,7.303619277098277962e+01,2.002802425775590578e+01,8.061431904048443897e+00,7.158165108932934562e-01,1.521090872213696059e+02,1.067454812133987190e+02,8.146030372950951914e+01,2.233703859123093238e+01,8.990819590621553559e+00,7.983417491711853886e-01,1.659401204970242247e+02,1.164462071931230582e+02,8.886007734961926019e+01,2.436510941997686785e+01,9.807124911291081659e+00,8.708256239882993244e-01,1.681964347203171712e+02,1.180286419942275842e+02,9.006711962387906567e+01,2.469591003278172892e+01,9.940273309583863792e+00,8.826486420505970099e-01,1.450449439378408556e+02,1.616145181327280511e+02,1.761426341690926449e+02,1.785100880864223711e+02
2.953165063413881697e+01,1.440168543065845341e+01,8.100781866988334912e+00,2.238830188872025229e+00,6.006963715396733319e-04,3.480279812096564029e+01,1.849366272667283795e+01,1.078379394527942914e+01,2.733706304754726472e-03,3.994653575611131657e+01,2.325315022910313090e+01,1.416094599140059707e+01,4.470873378806370368e+00,1.114951759546483527e-03,1.114975740943541368e-03,4.083622352979367065e+01,2.416869017269936748e+01,1.484492399034214927e+01,1.951378959794305284e-02,1.176993371255727859e-03,2.524518162618239003e+01,8.643996619288552452e+00,4.324221963121048340e+00,1.444759207830560888e+00,7.161713332604619300e-03,2.880963199912372374e+01,9.887949785160280669e+00,4.946453791688876223e+00,1.652521099051010189e+00,8.190996977345491731e-03,3.443061651863324468e-02,3.204386047504498691e+01,1.101941684163123902e+01,5.512402325208215714e+00,1.841456880551179953e+00,3.229116489991114280e-02,9.126880079282858466e-03,3.258069770899572148e+01,1.120747204956303733e+01,5.606464053085622012e+00,1.872855421088621908e+00,3.284136664886804641e-02,2.822266076314317118e+01,2.118567032817334095e+01,7.021038937645700528e+00,3.188791203400295426e+00,8.368375081530752269e-01,2.988262413220480265e-02,3.164805598454190161e+01,2.375751636786849019e+01,7.872771507268183200e+00,3.575368323717409424e+00,9.382612265566403487e-01,3.350433638367682904e-02,3.468538089617106834e+01,2.603807335434307291e+01,8.627928503680269756e+00,3.918065881285574203e+00,1.028167844075466686e+00,3.671480103284444768e-02,3.518333956148731545e+01,2.641196948086028939e+01,8.751726552599643938e+00,3.974242526484464744e+00,1.042905320238249667e+00,3.724107488567067470e-02,3.494958559162284217e+01,2.054357145838087817e+01,9.621653337654313631e+00,2.555763851163073141e+00,1.028071420912503697e+00,9.128635387113263888e-02,3.902813096236676671e+01,2.294001415065830685e+01,1.074307142013943484e+01,2.853544642871947978e+00,1.147854687456489220e+00,1.019223029204338882e-01,4.261867226711051870e+01,2.504955309853781742e+01,1.173006773825815507e+01,3.115614376813387043e+00,1.253273042979708318e+00,1.112828413423937041e-01,4.320505781894598840e+01,2.539405563936718835e+01,1.189123671656991732e+01,3.158406897323847051e+00,1.270486432373808983e+00,1.128112491365074743e-01,3.755840274602082474e+01,2.635874337364958464e+01,2.011585723732646258e+01,5.516181342796434350e+00,2.220304915052890848e+00,1.971524670534754720e-01,4.189436283512543469e+01,2.940017607568918834e+01,2.243605291534937862e+01,6.152137285565953739e+00,2.476279786702593189e+00,2.198817700500317329e-01,4.570374976463985917e+01,3.207198077260153468e+01,2.447412215031198812e+01,6.710715050549800331e+00,2.701109168000113137e+00,2.398455634200128972e-01,4.632519086461835656e+01,3.250781973829754889e+01,2.480656889322135683e+01,6.801825083227248214e+00,2.737781263742176119e+00,2.431018480254939496e-01,3.994873436551811352e+01,4.451237868686507682e+01,4.851375811510551017e+01,4.916581269908819252e+01
5.520189895106493168e+03,2.692028234322978733e+03,1.514234836560760186e+03,4.479460875164384674e+02,2.471007559112247398e-01,6.505496629330302312e+03,3.456919214823292350e+03,2.015755592621468168e+03,1.534284776224432711e-01,7.466987428038894905e+03,4.346584201468396714e+03,2.647028138767892870e+03,7.763432955931389188e+02,9.132837351293018324e-01,6.653661976798201927e-01,7.633291861095539389e+03,4.517720987178724499e+03,2.774880421198316981e+03,4.671738896132119345e-01,2.200050871037910472e-01,4.718943685040202581e+03,1.615774999980186294e+03,8.083031523555957847e+02,2.700609255729494862e+02,8.989008371260408126e+01,5.385226892890635099e+03,1.848300363733531412e+03,9.246135338208664507e+02,3.088967125062323476e+02,1.028100726767700479e+02,7.222180664210345924e+01,5.989783512403840177e+03,2.059799285055252767e+03,1.030403201675492710e+03,3.442134585957849140e+02,6.036004124407299720e+00,8.047385994134381804e+01,6.090131566206415300e+03,2.094951416704351232e+03,1.047985639301924039e+03,3.500826071268033388e+02,1.165098315419958084e+02,5.275507532380326666e+03,3.960121449105683041e+03,1.312404398998438410e+03,5.960632585906575969e+02,1.564254602315401996e+02,5.585790326476598899e+00,5.915797953078653336e+03,4.440862569993586476e+03,1.471614113433045532e+03,6.683240392796993774e+02,1.753840456166233537e+02,6.262778791882710472e+00,6.483548493272311134e+03,4.867154592655066153e+03,1.612771499498643834e+03,7.323826164733629867e+02,1.921897962957438324e+02,6.862890496215639402e+00,6.576629166025265476e+03,4.937044952829211979e+03,1.635912345122646002e+03,7.428833906257411854e+02,1.949445925532000672e+02,6.961260490103871490e+00,6.532934801262431392e+03,3.840097392691832283e+03,1.798523021961683298e+03,4.777349648697277757e+02,1.921717616023101414e+02,1.706364717237587669e+01,7.295314966739588272e+03,4.288051335170033781e+03,2.008143543705062484e+03,5.333974803506172293e+02,2.145621977452214821e+02,1.905177791451739822e+01,7.966475254260907604e+03,4.682375885991301402e+03,2.192637401198735461e+03,5.823847614911385335e+02,2.342674744754564244e+02,2.080148160265754953e+01,8.076085082660835724e+03,4.746771843516144145e+03,2.222763800891873416e+03,5.903837272625519290e+02,2.374850785932968051e+02,2.108718527560844436e+01,7.020586740623601145e+03,4.927095643974608720e+03,3.760147258823889388e+03,1.031109612352595832e+03,4.150294527052460012e+02,3.685262269071084518e+01,7.831084062854669355e+03,5.495614060757557127e+03,4.193848653509600808e+03,1.149985386612412185e+03,4.628774376030830808e+02,4.110129282219064351e+01,8.543151846175136598e+03,5.995039860620465333e+03,4.574813714140525917e+03,1.254397245096398365e+03,5.049035641203676619e+02,4.483300867638989473e+01,8.659314455005753189e+03,6.076508884095434041e+03,4.636956261263197121e+03,1.271427971322637859e+03,5.117584803473022816e+02,4.544169124865261011e+01,7.467398349369116659e+03,8.320455663131189795e+03,9.068411378483608132e+03,9.190295828631669792e+03
4.716509206714069005e+05,2.300097712861513137e+05,1.293778427543397411e+05,2.255624977628541785e+02,9.593316060517430799e+00,5.558365726145207882e+05,2.953628690304541960e+05,1.722283110890829994e+05,1.310908963046528086e+01,6.379873773867599666e+05,3.713767972441575257e+05,2.261649138989623461e+05,2.433983743972572120e+04,3.631539885626001762e+01,3.673307940557669582e+01,6.521966060681296512e+05,3.859989029207435087e+05,2.370887454136796587e+05,7.976251508101665877e+01,1.879744320581330896e+01,4.031915862124774721e+05,1.380535409554482321e+05,6.906228449710697168e+04,2.307429367197258398e+04,7.680304690992188625e+03,4.601195336758040939e+05,1.579207559236570087e+05,7.899996891168138245e+04,2.639246503160474094e+04,8.784202318983452642e+03,6.170708278576635166e+03,5.117734981750445440e+05,1.759914508742352482e+05,8.803874927049565304e+04,2.940996568749375001e+04,9.787931340929009821e+03,6.875772585905284359e+03,5.203473432240563561e+05,1.789948850900517718e+05,8.954101245702088636e+04,2.991143211762497594e+04,9.954724338912903477e+03,4.507449964429412503e+05,3.383570057102743885e+05,1.121332320053713775e+05,5.092828134672791202e+04,1.336515816928751519e+04,4.772558965335356902e+02,5.054520931059965515e+05,3.794320393982328242e+05,1.257362806837571261e+05,5.710231893041550939e+04,1.498500009868730194e+04,5.350984365513477314e+02,5.539613044967477908e+05,4.158548844884962309e+05,1.377969161521372735e+05,6.257555303388628090e+04,1.642090148572473845e+04,5.863726658639784546e+02,5.619142161304518813e+05,4.218263939467856544e+05,1.397740976172773226e+05,6.347274988783562003e+04,1.665627415134906187e+04,5.947775189843507633e+02,5.581809212080275174e+05,3.281020223620267352e+05,1.536677266426974675e+05,4.081818556532279035e+04,1.641936056225772336e+04,1.457936162739093334e+03,6.233195010344388429e+05,3.663756831829983275e+05,1.715779287441929628e+05,4.557405008032659680e+04,1.833242321823294333e+04,1.627804150184309037e+03,6.806641499387266813e+05,4.000671961614128086e+05,1.873412788723603298e+05,4.975957559660803963e+04,2.001606301855307538e+04,1.777300755037832459e+03,6.900293332950442564e+05,4.055692534521344933e+05,1.899153122752009658e+05,5.044301574103123130e+04,2.029097862565947798e+04,1.801711497641481628e+03,5.998464264764118707e+05,4.209763157699152944e+05,3.212709947367179557e+05,8.809910607443097979e+04,3.546055947874701815e+04,3.148727194911776678e+03,6.690961826220469084e+05,4.695511309651336633e+05,3.583269056890530046e+05,9.825597967958723893e+04,3.954874239474108617e+04,3.511738077581092512e+03,7.299360159754495835e+05,5.122226051994800800e+05,3.908769654182131053e+05,1.071770393544365797e+05,4.313949931257258868e+04,3.830579970101362505e+03,7.398610705222600373e+05,5.191834047995701549e+05,3.961864926122801844e+05,1.086321628338088485e+05,4.372519096784988506e+04,3.882586510311631173e+03,6.380224883854724467e+05,7.109085951810743427e+05,7.748147496409858577e+05,7.852286830410689581e+05
7.948539686952884722e+02,3.876260426172121925e+02,2.180351748650698767e+02,6.381440749305884452e+01,1.044487880637793853e-01,9.367286092388334282e+02,4.977629395136309540e+02,2.902493117355813297e+02,7.210108841249555922e-02,1.075173988908156844e+03,6.258660988494241337e+02,3.811464556742909622e+02,1.215932128383688564e+02,1.623797334661063185e-01,6.190440775498286252e-02,1.099120221850133476e+03,6.505081365765889814e+02,3.995559461452257324e+02,1.714132443161206221e-01,3.167856753555320370e-02,6.794822610997463244e+02,2.326559748406729398e+02,1.163878378929022546e+02,3.888616172051843733e+01,5.074576371341743553e+00,7.754205970024476073e+02,2.661373806075453672e+02,1.331354103856218387e+02,4.447813964185682778e+01,9.779757768681486496e+00,1.039924172517848966e+01,8.624709088297464632e+02,2.965911814316615960e+02,1.483680969109688874e+02,4.956340999300550010e+01,1.649519934962201972e+01,1.032594628734268882e+00,8.769200582445670307e+02,3.016527468412394342e+02,1.508998009815545061e+02,5.040851095182055275e+01,2.493298510026769055e+00,7.596220738428985442e+02,5.702191977663461557e+02,1.889735403715041002e+02,8.582734549192760198e+01,2.252375354240437488e+01,8.042998349726393492e-01,8.518177017696865505e+02,6.394412682887491428e+02,2.118982013372242932e+02,9.623219861672630770e+01,2.525360692505086035e+01,9.017795838486044602e-01,9.335682901483716023e+02,7.008231984936762728e+02,2.322234984719142403e+02,1.054560158382404751e+02,2.767347263136342050e+01,9.881899239965217241e-01,9.469710105549837635e+02,7.108867356350961018e+02,2.355555601481713097e+02,1.069680244184666407e+02,2.807013634249862477e+01,1.002354323015992366e+00,9.406794511076412846e+02,5.529368928872304423e+02,2.589699238811679720e+02,6.878921633148476644e+01,2.767087561835548826e+01,2.457000615414874467e+00,1.050454825190670590e+03,6.174379282411892973e+02,2.891532534063640583e+02,7.680407953224178641e+01,3.089488182563693286e+01,2.743271853396235471e+00,1.147095402811175973e+03,6.742168521897615392e+02,3.157185828905537619e+02,8.385777425171944799e+01,3.373225091420196975e+01,2.995212500087120588e+00,1.162878167784031348e+03,6.834892459391186321e+02,3.200564946167363587e+02,8.500954770743634015e+01,3.419555490359488914e+01,3.036351256454851821e+00,1.010896605612834151e+03,7.094541331229678462e+02,5.414248470746389330e+02,1.484698149796951157e+02,5.976022836355007684e+01,5.306421161983121415e+00,1.127600382223939505e+03,7.913152842180714970e+02,6.038736535926424267e+02,1.655867765533593285e+02,6.664987524957250287e+01,5.918189349473951033e+00,1.230131257265464001e+03,8.632277692343609488e+02,6.587289312642302548e+02,1.806210731458491807e+02,7.270123071804870563e+01,6.455519546503023953e+00,1.246857552575102773e+03,8.749585226453197038e+02,6.676768677205915310e+02,1.830733336069961581e+02,7.368827296954971473e+01,6.543164416476161094e+00,1.075233158803848028e+03,1.198065125087779279e+03,1.305763551882922229e+03,1.323313757401904013e+03
2.975916079712371356e+03,1.451263502859195796e+03,8.163189867403020799e+02,1.210584325101236232e+02,6.053056364178189402e-02,3.507091622165392891e+03,1.863613660344459277e+03,1.086687166286957336e+03,3.762697692438823904e-01,4.025428129291809000e+03,2.343229128136346390e+03,1.427004090713609912e+03,4.326998791201072549e+02,1.211050207807026879e+00,2.317700842568225783e-01,4.115082341467687002e+03,2.435488406607769775e+03,1.495928829493952662e+03,2.418824723675792876e-01,1.186037963707661513e-01,2.543966891032587682e+03,8.710589459365348830e+02,4.357535512781920488e+02,1.455889483265209492e+02,4.845944545648801949e+01,2.903157945855693015e+03,9.964125946568298104e+02,4.984560937483635712e+02,1.665251929248327940e+02,5.542456870643988509e+01,3.469588056260360265e+00,3.229072426386709139e+03,1.110430967053588347e+03,5.554869461054241810e+02,1.855643333814370237e+02,2.421245700267069978e+01,3.866012224516351292e+00,3.283169729124228979e+03,1.129381356275412827e+03,5.649655875025063096e+02,1.887283745806204820e+02,6.281006398044922889e+01,2.844008615619970442e+03,2.134888325094299034e+03,7.075128510931697292e+02,3.213357234009563967e+02,8.432844497405378092e+01,3.011281197687249556e+00,3.189187053775552158e+03,2.394054278724759115e+03,7.933422978128169234e+02,3.602912703624884330e+02,9.454895778901990866e+01,3.376243281476849489e+00,3.495259497893934622e+03,2.623866897050348598e+03,8.694397484334143655e+02,3.948250420827634457e+02,1.036088826063883914e+02,3.699761356536308110e+00,3.545438972626248869e+03,2.661544562407478224e+03,8.819149144473910837e+02,4.004859731040399993e+02,1.050939836779516696e+02,3.752792293611531882e+00,3.521883426766696175e+03,2.070183772063471224e+03,9.695778047051229578e+02,2.575453372016050935e+02,1.035991595371419152e+02,9.198956227579506262e+00,3.932880062739317509e+03,2.311674253878429681e+03,1.082583530395801290e+03,2.875528127934930467e+02,1.156697695466000511e+02,1.027075018052372180e+01,4.294700412451413285e+03,2.524253304481748273e+03,1.182043543631440571e+03,3.139616927535823265e+02,1.262928181107738510e+02,1.121401030182862968e+01,4.353790699254391257e+03,2.558968971945062549e+03,1.198284594774024299e+03,3.182739088637620171e+02,1.280274182576566488e+02,1.136803172200771783e+01,3.784775027975832927e+03,2.656180920361330664e+03,2.027082915608529220e+03,5.558677736151948920e+02,2.237410008850038992e+02,1.986712575635047884e+01,4.221711440702561049e+03,2.962667305858132295e+03,2.260889897532878877e+03,6.199533076066927606e+02,2.495356910137798252e+02,2.215757114159599794e+01,4.605584843422840095e+03,3.231906099204043130e+03,2.466266892121986984e+03,6.762413929540730351e+02,2.721918355566427863e+02,2.416932550068200669e+01,4.668207707524966281e+03,3.275825770576011564e+03,2.499767726724179283e+03,6.854226033454597200e+02,2.758873000730097260e+02,2.449746601464295281e+01,4.025649712228528642e+03,4.485529943214648483e+03,4.888750498424900798e+03,4.954457969620136282e+03
7.333095756349237035e+02,3.576127141731186612e+02,2.011530251577542003e+02,5.617540370022120300e+01,4.761892798916294439e-02,8.641990630230557144e+02,4.592218740040657963e+02,2.677757332014480767e+02,2.038147800916097555e-02,9.919248215614646824e+02,5.774061890546910263e+02,3.516348389440678943e+02,1.145531748827105076e+02,5.646219148830958906e-02,3.323354672938387266e-01,1.014016922251985648e+03,6.001402348154073252e+02,3.686189087126615505e+02,8.052120463977363585e-01,2.922576589052901588e-02,6.268709328972495314e+02,2.146417596574669631e+02,1.073760956878054031e+02,3.587526239794776473e+01,1.194112171858966320e+01,7.153809041968764859e+02,2.455307479207154131e+02,1.228269277015485130e+02,4.103426203154725727e+01,2.029790458501083972e+00,2.033915645658748994e-01,7.956910344438257425e+02,2.736265550426052755e+02,1.368801711421761809e+02,4.572578679069067675e+01,1.521800041412606674e+01,2.266315299952897377e-01,8.090214054844966540e+02,2.782962105633085912e+02,1.392158469372496370e+02,4.650545307123132943e+01,1.547732523708303276e+01,7.008056363258787087e+02,5.260679497270307365e+02,1.743415933146233101e+02,7.918185907882458707e+01,2.077977200899024979e+01,7.420240829778994573e-01,7.858626918631864555e+02,5.899302555439795697e+02,1.954912307235819640e+02,8.878107856296608702e+01,2.329825653856165601e+01,8.319561070947042447e-01,8.612834483093076869e+02,6.465594722276358652e+02,2.142427687904918230e+02,9.729070856520866073e+01,2.553075545517602407e+01,9.116758667774972347e-01,8.736484128699561325e+02,6.558438048705654637e+02,2.173168336360131150e+02,9.868564525174893731e+01,2.589670661945850583e+01,9.247434313579480092e-01,8.678439839697988418e+02,5.101237899691762436e+02,2.389182641042835371e+02,6.346296642998204618e+01,2.552835975485799835e+01,2.266758455035406516e+00,9.691196057349534385e+02,5.696306027474346365e+02,2.667645356588090522e+02,7.085725092420202031e+01,2.850273585175164826e+01,2.530864230936129555e+00,1.058277462626135502e+03,6.220132189394287252e+02,2.912729496409344279e+02,7.736478834825058470e+01,3.112041170227004727e+01,2.763297587983922554e+00,1.072838182480102660e+03,6.305676653958452107e+02,2.952749840565837758e+02,7.842738210683189948e+01,3.154784251776973392e+01,2.801250609661978697e+00,9.326243423486961319e+02,6.545221284126847650e+02,4.995031026531707425e+02,1.369740114661555310e+02,5.513308017609568168e+01,4.895552460506618075e+00,1.040291914570638255e+03,7.300448888839169967e+02,5.571165855376140144e+02,1.527656310290060446e+02,6.148927194269460017e+01,5.459951888878761928e+00,1.134883983457901650e+03,7.963892921652546875e+02,6.077245006620680670e+02,1.666358448411044435e+02,6.707207952684336760e+01,5.955678209925541644e+00,1.150315174446324590e+03,8.072117479157385560e+02,6.159796039570215953e+02,1.688982297135732722e+02,6.798269655701464842e+01,6.036536766687680355e+00,9.919794242194568596e+02,1.105300674446278208e+03,1.204660170062642692e+03,1.220851462947259506e+03
1.012248995415258037e+03,4.936429620248463266e+02,2.776684738679910538e+02,8.145479074435526456e+01,2.058911838368679761e-02,1.192926784902396321e+03,6.339026563247342665e+02,3.696334041011168097e+02,2.813455171804331995e-02,1.369237417289868290e+03,7.970424207601120088e+02,4.853912000817149988e+02,1.541534753459508806e+02,1.621635386231174702e-01,3.821646705629781759e-02,1.399733016447295086e+03,8.284241334044578480e+02,5.088357458854407582e+02,3.711096624240249331e-01,4.034276776697180711e-02,8.653227739577184821e+02,2.962881093425615973e+02,1.482202744482686967e+02,4.952164721128269775e+01,1.648333640790125898e+01,9.875005432846464828e+02,3.389267815597864910e+02,1.695483586519123662e+02,5.664304964108019647e+01,2.801890828592205729e+00,4.061368874885341818e+00,1.098359384692847243e+03,3.777097909892808048e+02,1.889472338645738034e+02,6.311915621530659593e+01,2.100668814399116613e+01,1.475666371354668271e+01,1.116760419242941225e+03,3.841557109649999688e+02,1.921713641751787804e+02,6.419539557959737408e+01,2.136465667970010784e+01,9.673810732279116564e+02,7.261759196249511206e+02,2.406583944079083892e+02,1.093013921502780903e+02,2.868407005136945642e+01,1.024278386143347985e+00,1.084792494263915160e+03,8.143304422413792736e+02,2.698530191258277569e+02,1.225520056512617799e+02,3.216054680945754995e+01,1.148419227908040074e+00,1.188902123111224910e+03,8.925005222502294373e+02,2.957373468603452125e+02,1.342985648075782024e+02,3.524225351858144961e+01,1.258462977194579890e+00,1.205970524568428573e+03,9.053164692376162748e+02,2.999807364445117059e+02,1.362241114561429356e+02,3.574740570760931746e+01,1.276501278343449952e+00,1.197958176400736875e+03,7.041668562815594896e+02,3.297990050406910427e+02,8.760328036895504056e+01,3.523894618649370614e+01,3.128997454673859480e+00,1.337757453829974111e+03,7.863091255462488789e+02,3.682375675560774084e+02,9.781023451864167839e+01,3.934472799665103793e+01,3.493565293806937699e+00,1.460829568561764745e+03,8.586172602019472606e+02,4.020686020758689665e+02,1.067931362731154081e+02,4.295812647288662589e+01,3.814412210782423873e+00,1.480928955638744583e+03,8.704256784858891933e+02,4.075929407114040828e+02,1.082599233380893509e+02,4.354814559464588797e+01,3.866802439214346521e+00,1.287379974046019470e+03,9.034920457771308975e+02,6.895062210851402824e+02,1.890767707234733166e+02,7.610483681212912188e+01,6.757743142743195541e+00,1.436002599251861966e+03,1.007742477962743123e+03,7.690349825621498212e+02,2.108752747579540596e+02,8.487882290681643838e+01,7.536832019907846458e+00,1.566575993803056690e+03,1.099323254766366972e+03,8.388933429370454178e+02,2.300214998824988299e+02,9.258524354039569459e+01,8.221124150949101761e+00,1.587876962916079719e+03,1.114262397823709989e+03,8.502885622508531469e+02,2.331444593438098423e+02,9.384224531713232409e+01,8.332740884237136214e+00,1.369312778650348719e+03,1.525739661518098501e+03,1.662893951924722614e+03,1.685244147234951015e+03
1.381297857493908907e+02,6.736168198118164696e+01,3.789017032222610482e+01,1.120395542156277990e+01,2.809545468593206870e-03,1.627847703935389632e+02,8.650128233925350685e+01,5.043954894452350146e+01,3.839205687733577600e-03,1.868438192112415379e+02,1.087630588405329064e+02,6.623566192696210919e+01,2.140796509970326156e+01,3.646360689466519867e-02,5.214980242917654878e-03,1.910051978890895157e+02,1.130453552543588529e+02,6.943486366054358427e+01,2.335965713533395480e-02,5.505137416270542566e-03,1.180804807165647645e+02,4.043097402479046565e+01,2.022588775879872358e+01,6.757640225565213044e+00,3.349770631002926824e-02,1.347526523236703895e+02,4.624937468498644222e+01,2.313628197358255534e+01,7.729414754871031690e+00,1.355494054872692089e-01,3.831208777238245128e-02,1.498802617694439618e+02,5.154163848049811492e+01,2.578341954530788627e+01,8.613133208055462120e+00,4.260262992487737210e-01,4.268943147269822769e-02,1.523912362324042817e+02,5.242123751592602332e+01,2.622337886882091951e+01,8.759994878111147187e+00,4.332856358424360677e-01,1.320071833468374507e+02,9.909273621038579449e+01,3.283983695095069066e+01,1.491508283355716458e+01,3.914179573452849503e+00,1.397713350708909563e-01,1.480289470715634366e+02,1.111221534856327082e+02,3.682368624184779549e+01,1.672323901987618555e+01,4.388573745676731974e+00,1.567113557375688360e-01,1.622355707211971207e+02,1.217891106040784308e+02,4.035581740878898671e+01,1.832615479380197598e+01,4.809098203489528878e+00,1.717277632294866574e-01,1.645646957761919964e+02,1.235379524233866562e+02,4.093486370454326106e+01,1.858891152085142195e+01,4.878030445362542267e+00,1.741892425270671341e-01,1.634713467747058928e+02,9.608941682728453770e+01,4.500381410993585263e+01,1.195419533120788458e+01,4.808646930745019255e+00,4.269777830607979774e-01,1.825481217141417858e+02,1.072984109174383605e+02,5.024907604065408862e+01,1.334701888819498983e+01,5.368914959828519962e+00,4.767260538112977342e-01,1.993423260999133504e+02,1.171654570747646602e+02,5.486560013729036456e+01,1.457281065320820623e+01,5.861993223020094845e+00,5.205083755412507340e-01,2.020850576902649607e+02,1.187768147448000065e+02,5.561944309095250816e+01,1.477296579634118423e+01,5.942506214592117253e+00,5.276573754473196098e-01,1.756736915419762113e+02,1.232889951214295934e+02,9.408885172967576693e+01,2.580109596881452561e+01,1.038513711963353714e+01,9.221503741184832181e-01,1.959544831102618900e+02,1.375148313769404638e+02,1.049412105000043454e+02,2.877568317127992259e+01,1.158242044113698910e+01,1.028463386317797434e+00,2.137723067885119974e+02,1.500117895455160806e+02,1.144739648124455300e+02,3.138834413936366019e+01,1.263402558647816676e+01,1.121840721361686555e+00,2.166790034418523589e+02,1.520503596160580173e+02,1.160289377582406019e+02,3.181449841877103779e+01,1.280555376876890783e+01,1.137071785585355599e+00,1.868541027063714068e+02,2.081998511251789239e+02,2.269156920119629035e+02,2.299655633595149880e+02
4.573907275151495924e+03,2.230555058760743123e+03,1.254661486992308710e+03,3.591930950097573145e+02,9.303264101558843258e-02,5.390310551347217370e+03,2.864326756096314057e+03,1.670210482003386460e+03,4.346991509994878045e-01,6.186980572141984339e+03,3.601483514409862892e+03,2.193268967434280967e+03,4.874230368314250939e+00,2.113785012905154304e+00,1.726832230925974543e-01,6.324776726655796665e+03,3.743283666707795419e+03,2.299204511774295042e+03,1.777400877187032879e+00,3.882290386864850062e-01,3.910012323590557571e+03,1.338795406514332399e+03,6.697421063309500369e+02,2.237665080471245744e+02,7.448093381038304983e+01,4.462079854209021505e+03,1.531460786764000659e+03,7.661143285978317863e+02,2.559449858868556475e+02,8.518615148225305234e+01,5.984139036006256873e+01,4.963002104889855218e+03,1.706704130201113685e+03,8.537692922377711966e+02,2.852076543243402398e+02,9.491996795231938222e+01,6.667885963920107883e+01,5.046148277831120140e+03,1.735830391151585673e+03,8.683377225996265452e+02,2.900707037787822173e+02,9.653746968927369210e+01,4.371168822570370139e+03,3.281269019089792437e+03,1.087429233473589420e+03,4.938848310208456951e+02,1.296106744737000440e+02,4.628262292747478135e+00,4.901699296003785093e+03,3.679600455313808197e+03,1.219346895022766830e+03,5.537585058424436966e+02,1.453193403093314942e+02,5.189199875050506172e+00,5.372124855882294469e+03,4.032816611738083793e+03,1.336306762150413761e+03,6.068360396895888016e+02,1.592442140618477424e+02,5.686438981390831593e+00,5.449249442270380314e+03,4.090726218071765743e+03,1.355480776738328586e+03,6.155367430702799538e+02,1.615267762475664881e+02,5.767946646086230089e+00,5.413045238374996188e+03,3.181819748320127019e+03,1.490216385370823218e+03,3.958406240599410353e+02,1.592292706019195805e+02,1.413856145660698616e+01,6.044736582867973084e+03,3.552984452997744029e+03,1.663903341718940510e+03,4.419613498369509443e+02,1.777814905102383989e+02,1.578588150406693380e+01,6.600845140762113260e+03,3.879713050030147770e+03,1.816770839429979787e+03,4.825511275622374114e+02,1.941088456989899953e+02,1.723564797632861811e+01,6.691665374831076406e+03,3.933070121028075391e+03,1.841732926399477265e+03,4.891788950987879048e+02,1.967748814307737462e+02,1.747237475779175853e+01,5.817102839773853702e+03,4.082482465183526074e+03,3.115574826907903116e+03,8.543546085741463685e+02,3.438842233528553720e+02,3.053526259762545081e+01,6.488662976657366926e+03,4.553544205961762600e+03,3.474930187749762354e+03,9.528524469020534298e+02,3.835300047007135049e+02,3.405561968142336582e+01,7.078666626553143942e+03,4.967357363463266665e+03,3.790589411566173567e+03,1.039365797879434012e+03,4.183519201601352506e+02,3.714763745437002740e+01,7.174916367455412910e+03,5.034860796936190127e+03,3.842079366100724201e+03,1.053477087129863094e+03,4.240317575595086055e+02,3.765198086140214428e+01,6.187321068676834329e+03,6.894145318823635534e+03,7.513885029757292614e+03,7.614875762917311476e+03
9.126144607925843447e+05,4.450542469143099734e+05,2.503378806702580187e+05,3.840551293213554231e+02,1.856245694225617981e+01,1.075508355075113708e+06,5.715083276534816250e+05,3.332508028592257178e+05,5.232549092550096503e+01,1.234464914812997449e+06,7.185904256121433573e+05,4.376147005736239953e+05,4.254660484790836563e+03,1.523359441072613834e+02,1.197999960730894315e+02,1.261958868488787673e+06,7.468832791042299941e+05,4.587516085738571710e+05,5.035375656549686028e+02,3.637185240746646286e+01,7.801500281956752297e+05,2.671248045956501737e+05,1.336311182967300701e+05,4.464728814303895342e+04,1.486090000697180403e+04,8.903019765171860345e+05,3.055665997375003644e+05,1.528599049066816806e+05,5.106773820779847301e+04,1.699687157271159595e+04,1.193992722609696466e+04,9.902491070320603903e+05,3.405322423480633879e+05,1.703493685843464045e+05,5.690640899129468744e+04,1.893902368238136478e+04,1.330418163593838472e+04,1.006838948380403570e+06,3.463436965478479979e+05,1.732561519545856572e+05,5.787671457617173292e+04,1.926175758356906226e+04,8.721628438656793442e+05,6.546992451444186736e+05,2.169706567800377961e+05,9.854297813267733727e+04,2.586072939632705311e+04,9.234596735617232071e+02,9.780175895419814624e+05,7.341768139196188422e+05,2.432916892536953965e+05,1.104893491290423553e+05,2.899502036318270257e+04,1.035381358638882375e+03,1.071879825010175584e+06,8.046527011653686641e+05,2.666282514431437594e+05,1.210797071472727403e+05,3.177339808727649870e+04,1.134593695345886545e+03,1.087268202740625944e+06,8.162071888080955250e+05,2.704539715002362500e+05,1.228157259338225267e+05,3.222882893783624604e+04,1.150856559078077908e+03,1.080044516514569288e+06,6.348565014227662468e+05,2.973372601343136630e+05,7.898058812184749695e+04,3.177041624935740765e+04,2.821013603168795726e+03,1.206083512420332292e+06,7.089135978708021576e+05,3.319923577896063216e+05,8.818288280509297329e+04,3.547207064781323425e+04,3.149697268242507107e+03,1.317041751777952071e+06,7.741045273457468720e+05,3.624934374941725982e+05,9.628160811921526329e+04,3.872980640007901093e+04,3.438963688842408374e+03,1.335162790569648612e+06,7.847506641539852135e+05,3.674740270470050164e+05,9.760402086961461464e+04,3.926175051773547602e+04,3.486196977978487212e+03,1.160664610049797222e+06,8.145623385671493597e+05,6.216389049906190485e+05,1.704661557248839526e+05,6.861392285833536880e+04,6.092586170869961279e+03,1.294658474885570817e+06,9.085515159203746589e+05,6.933397268199889222e+05,1.901190582532141125e+05,7.652429600462403323e+04,6.794989391885443183e+03,1.412379677441680804e+06,9.911181040096522775e+05,7.563220231410575798e+05,2.073807425683914626e+05,8.347218202188872965e+04,7.411928006305682175e+03,1.431584022689922946e+06,1.004586798394866171e+06,7.665956124187137466e+05,2.101963128096255823e+05,8.460545858665647393e+04,7.512557441517950792e+03,1.234532858175302623e+06,1.375562843677097466e+06,1.499217165990363341e+06,1.519367485352688702e+06
1.752349425583713582e+02,8.545673663447551860e+01,4.806842927807174704e+01,4.135073849511083921e+00,3.564294069738898219e-03,2.065128806355513689e+02,1.097377179956469320e+02,6.398888861722652877e+01,4.870430028308995150e-03,2.370348001664251854e+02,1.379795699773262925e+02,8.402823736120751619e+01,2.701029369917189982e+01,1.376559789283929823e-02,1.408980574503914882e-02,2.423140290626328692e+02,1.434121999706852080e+02,8.808682743793822567e+01,1.424311761719258829e-02,1.487378260732723223e-02,1.497998874118165418e+02,5.129175729577422516e+01,2.565907290954434217e+01,8.572913643001701445e+00,1.503525282478756220e-01,1.709506264417940997e+02,5.867312775610938047e+01,2.935127317291575366e+01,9.805731305854676449e+00,3.263640885044588380e+00,4.860360175433169755e-02,1.901418953530744034e+02,6.538702795694658221e+01,3.270949903549589521e+01,1.092683906087781942e+01,5.415689782998899665e-02,5.415688577128360132e-02,1.933273809406075259e+02,6.650290995910796710e+01,3.326764254515762076e+01,1.111315139071327529e+01,3.558736588762799524e+00,1.674676554857481676e+02,1.257115551695575988e+02,4.166144857273783231e+01,1.892165160919000755e+01,4.965627340780234711e+00,1.773174478192843795e-01,1.877932706050341096e+02,1.409723777996894967e+02,4.671546061751076451e+01,2.121552491959570830e+01,5.567455726706195485e+00,1.988079708276670743e-01,2.058161530739910177e+02,1.545047491739010184e+02,5.119641230632165474e+01,2.324902374299197305e+01,6.100943708494628304e+00,2.178581666235568925e-01,2.087709400664986390e+02,1.567233750101405860e+02,5.193100386178436167e+01,2.358236387253330335e+01,6.188392994984024398e+00,2.209808888447825359e-01,2.073838885694842986e+02,1.219014668177721177e+02,5.709297770189888865e+01,1.516539477678292336e+01,6.100371247484850379e+00,5.416747904635468291e-01,2.315851671656792519e+02,1.361214822725411864e+02,6.374724899632666109e+01,1.693236622624435483e+01,6.811141503649647433e+00,6.047867547871635940e-01,2.528907236941253132e+02,1.486390661834414004e+02,6.960388982665878643e+01,1.848743660105936115e+01,7.436673014474910914e+00,6.603299149525858613e-01,2.563702212180882611e+02,1.506832758575681623e+02,7.056023327402172640e+01,1.874135858367004204e+01,7.538813891037816184e+00,6.693994587392633200e-01,2.228640923857885241e+02,1.564075405690406910e+02,1.193635002737867836e+02,3.273192343088140888e+01,1.317484785702788308e+01,1.169863234289918674e+00,2.485928179528907265e+02,1.744547972237466524e+02,1.331310774961539778e+02,3.650555986654840979e+01,1.469375183698551268e+01,1.304734640526011180e+00,2.711969607944369614e+02,1.903087547885610888e+02,1.452245721914503633e+02,3.982004828384843620e+01,1.602784471055900894e+01,1.423195757893942259e+00,2.748844682331122158e+02,1.928949384741419806e+02,1.471972472032982751e+02,4.036067831009721374e+01,1.624544973377351553e+01,1.442517927483552231e+00,2.370478464225008395e+02,2.641276032193841274e+02,2.878709926475784755e+02,2.917401367460914230e+02
1.153331150036089639e+04,5.624444286946378270e+03,3.163684952685733606e+03,8.877005899255780150e+02,1.268947809401941740e+00,1.359190889407170653e+04,7.222527930720316363e+03,4.211510451571358317e+03,3.205574617754974320e-01,1.560074800810790839e+04,9.081301554303663579e+03,5.530425658785496125e+03,5.682301982114282168e+01,1.847227032094184551e+01,1.421079881507963716e+00,1.594820723545512374e+04,9.438856913599242034e+03,5.797546939375574766e+03,1.434105128016082364e+00,4.596551171992298568e-01,9.859270818906099521e+03,3.375832464211616298e+03,1.688784656103845919e+03,5.642372446007475446e+02,1.878070019164451594e+02,1.125133371581638130e+04,3.861646804414301187e+03,1.931791506300905894e+03,6.453767064397982267e+02,2.148006861739632427e+02,1.508927426348349172e+02,1.251443156651565187e+04,4.303530708698806848e+03,2.152817430898687689e+03,7.191638481590155152e+02,2.393449396501099216e+02,1.681337244246182081e+02,1.272408836072159465e+04,4.376973893167099050e+03,2.189552362953003922e+03,7.314262475190666919e+02,2.434235400309261479e+02,1.102209751914807930e+04,8.273866450724492097e+03,2.742001405829554642e+03,1.245352650356770027e+03,3.268191065385399838e+02,1.167037064279842618e+01,1.235985381230123676e+04,9.278276984024771082e+03,3.074637673213613652e+03,1.396326825178432955e+03,3.664292100773504899e+02,1.308479901136291623e+01,1.354605279339312438e+04,1.016892726850264444e+04,3.369557231721061271e+03,1.530164185548691421e+03,4.015414014058216594e+02,1.433860983361202024e+01,1.374052589116716081e+04,1.031494896046138820e+04,3.417905354269639702e+03,1.552103408690488777e+03,4.072969845981416483e+02,1.454413476865976840e+01,1.364923533269222389e+04,8.023100698126070711e+03,3.757647228695482227e+03,9.981298246631449729e+02,4.015037229225489455e+02,3.565101302903633496e+01,1.524207343069763192e+04,8.959009110600121858e+03,4.195606615124076598e+03,1.114425293552474386e+03,4.482839725745772057e+02,3.980480403071931761e+01,1.664432584484029212e+04,9.782869822286429553e+03,4.581068887180098500e+03,1.216774231403772546e+03,4.894541316292358601e+02,4.346045681375902348e+01,1.687333340001005490e+04,9.917412107435391590e+03,4.644011834699479550e+03,1.233486435116761413e+03,4.961766598982153482e+02,4.405737350455186885e+01,1.466808472547962447e+04,1.029416191921156314e+04,7.856061138199322158e+03,2.154293324566784122e+03,8.671194292735605131e+02,7.699604272591992071e+01,1.636145371213390536e+04,1.148196521923692490e+04,8.762191730746410030e+03,2.402660023801830903e+03,9.670880383137418903e+02,8.587276924154974722e+01,1.784917418752482627e+04,1.252541360884415371e+04,9.558140585547584124e+03,2.620807319229778386e+03,1.054893059590825942e+03,9.366942625743078565e+01,1.809187227641745267e+04,1.269562644511891813e+04,9.687974712248465949e+03,2.656389529284812397e+03,1.069215024205164354e+03,9.494115392465282355e+01,1.560160655841745574e+04,1.738389536536700689e+04,1.894659686325159419e+04,1.920124952236204990e+04
2.139377112000442594e+03,1.043308971672842517e+03,5.868492712689202335e+02,1.776715644639876857e-01,3.206007455851992427e-01,2.521237625192894029e+03,1.339746273834660769e+03,7.812161202304539529e+02,1.980365696926876529e-01,2.893868168769672138e+03,1.684540380807063457e+03,1.025868941973795245e+03,3.010914643260883281e+02,1.155215630194447174e+00,8.076956887021294329e-02,2.958320293048952863e+03,1.750865279196693109e+03,1.075418716408298678e+03,4.917331738352558879e-01,1.815882039195487185e-01,1.828850137749676605e+03,6.262016582144043468e+02,3.132619124386635576e+02,1.046634555719133743e+02,3.483734938219386379e+01,2.087071509181093006e+03,7.163180147604696231e+02,3.583385890312983406e+02,1.197144592151422131e+02,3.984455549009278030e+01,2.494273844025800546e+00,2.321370445248690885e+03,7.982854802835864803e+02,3.993378952871599950e+02,1.334016395349521815e+02,6.611807962116048598e-01,3.118804531828160620e+01,2.360260835314949418e+03,8.119088606168988917e+02,4.061520583868630752e+02,1.356762595187126976e+02,4.515396615135842495e+01,2.044549236344637393e+03,1.534764793098925111e+03,5.086288533793192528e+02,2.310072866613438407e+02,6.062346568314319484e+01,2.164800852869725123e+00,2.292696971202516124e+03,1.721078414893876015e+03,5.703313801844702766e+02,2.590123107541051013e+02,6.797096084462708632e+01,2.427171245761136742e+00,2.512731517462141255e+03,1.886290014208741695e+03,6.250376213407715795e+02,2.838385325208207064e+02,7.448411379267109567e+01,2.659747424352045364e+00,2.548805396763264071e+03,1.913376375810796162e+03,6.340059761793369262e+02,2.879081609968899329e+02,7.555174831841476646e+01,2.697871488562669118e+00,2.531871404024776439e+03,1.488248880358602946e+03,6.970265569761536426e+02,1.851485668731778276e+02,7.447712400105858421e+01,6.613101661281860721e+00,2.827335638105195812e+03,1.661855664373218815e+03,7.782660364875443975e+02,2.067208504301104881e+02,8.315464889258022652e+01,7.383611988564545925e+00,3.087447137850656873e+03,1.814678109499924403e+03,8.497675491460822741e+02,2.257061149153656743e+02,9.079152697784540749e+01,8.061718289806298898e+00,3.129926991456408814e+03,1.839635081337025440e+03,8.614431818544288717e+02,2.288061538644351458e+02,9.203852532217420901e+01,8.172443664734514002e+00,2.720863375964960596e+03,1.909520497221598362e+03,1.457263801517451384e+03,3.996116679323220069e+02,1.608467322560017863e+02,1.428241707431320862e+01,3.034975649606367369e+03,2.129852601057349148e+03,1.625346916475480612e+03,4.456825665041100706e+02,1.793904559309182218e+02,1.592901109874826915e+01,3.310941080076054732e+03,2.323407568733751759e+03,1.772991829061163571e+03,4.861479019317698658e+02,1.956778910143848975e+02,1.737525643220417138e+01,3.355960468028566993e+03,2.354981281117917661e+03,1.797075498628371633e+03,4.927482430979740684e+02,1.983345489317045178e+02,1.761115481184448583e+01,2.894027461467061585e+03,3.224633943205511059e+03,3.514507999708666375e+03,3.561744927041645497e+03
1.468770380722212678e+02,7.162745248973604362e+01,4.028961479944182855e+01,1.130865200170584117e+01,2.987465858974780106e-03,1.730933336410666072e+02,9.197909141089807861e+01,5.363370030251098086e+01,4.082352102630271498e-03,1.986759538729862982e+02,1.156506244735089410e+02,7.043012352322718073e+01,2.233977010534572472e+01,1.776688811106206037e-02,5.545184041284419336e-03,2.031008565974458406e+02,1.202041031652208005e+02,7.383191901157685777e+01,4.616822477391482882e-02,5.853710253957823337e-03,1.255580846942704341e+02,4.299131914824342005e+01,2.150671886438826519e+01,7.185576872392418046e+00,6.178587716827186327e-01,1.432860439785631002e+02,4.917817800300742448e+01,2.460141800741586593e+01,8.218890197456927282e+00,2.735492547392348150e+00,1.712429454903804660e-01,1.593716296442420628e+02,5.480558183051486054e+01,2.741618919194490189e+01,9.158571383137672939e+00,1.606015262388618137e-01,1.908079970528183678e-01,1.620416148754378582e+02,5.574088278787404960e+01,2.788400945661729580e+01,9.314733170891408065e+00,4.616627258536012274e-02,1.403667149030576127e+02,1.053679161525529935e+02,3.491946334415555242e+01,1.585960100836512154e+01,4.162050256350644517e+00,1.486225226088438434e-01,1.574030775781457976e+02,1.181591126184919034e+02,3.915559535409374092e+01,1.778226053851093624e+01,4.666485992508754066e+00,1.666353122967504652e-01,1.725093546908555595e+02,1.295015687951896837e+02,4.291140345202934014e+01,1.948668286739939148e+01,5.113640751445530874e+00,1.826026563940866820e-01,1.749859747901575986e+02,1.313611580714807872e+02,4.352711852550006455e+01,1.976607921104967858e+01,5.186938313788187926e+00,1.852200046322202420e-01,1.738233880603295347e+02,1.021744071736724777e+02,4.785374015185259111e+01,1.271121070672232811e+01,5.113160906620092483e+00,4.540166727595872920e-01,1.941082233597983020e+02,1.140932266302942111e+02,5.343116432276462291e+01,1.419223687013860058e+01,5.708908709884617849e+00,5.069153752958011072e-01,2.119659465880943401e+02,1.245851166734401119e+02,5.834003874137455625e+01,1.549565320651072042e+01,6.233211738540489044e+00,5.534700949793972535e-01,2.148823623986502014e+02,1.262985149717198254e+02,5.914161820609906783e+01,1.570848365082060205e+01,6.318823300728161563e+00,5.610718968406988028e-01,1.867984618934839318e+02,1.310964353011519279e+02,1.000471556648835332e+02,2.743498483985002068e+01,1.104278971827588585e+01,9.805468406874368048e-01,2.083635617294140161e+02,1.462231416723710424e+02,1.115867528916890166e+02,3.059794138545710140e+01,1.231589270362750810e+01,1.093592228965671653e+00,2.273097227676152556e+02,1.595114868566786015e+02,1.217231831361153951e+02,3.337605319793104997e+01,1.343409211504668477e+01,1.192882722439195131e+00,2.304004897884015293e+02,1.616791515660883931e+02,1.233766234820440673e+02,3.382919417066132439e+01,1.361648257280012686e+01,1.209078316280166598e+00,1.986868878870415358e+02,2.213843875441954481e+02,2.412854361288985956e+02,2.445284554866422866e+02
1.299034690503256968e+02,6.334996155687963437e+01,3.563362243970016863e+01,1.051111166616186843e+01,2.642257912973016484e-03,1.530901294220446118e+02,8.134970167179649536e+01,4.743562336406063906e+01,1.284371828847971457e-02,1.757163424696210825e+02,1.022856788210507801e+02,6.229099855901850447e+01,2.060446506989419646e+01,1.041430268921441152e-02,4.904414534130936698e-03,1.796298904346180905e+02,1.063129436823342644e+02,6.529967383163872796e+01,1.125874060579392238e-01,1.593993140288702329e-02,1.110482016567017212e+02,3.802310826821290135e+01,1.902133568992012869e+01,6.355189267859057800e+00,1.114578764363482744e-01,1.267274627286933253e+02,4.349499479745781372e+01,2.175840163416354400e+01,7.269089678522247411e+00,1.274768050349781023e-01,3.603038085830239518e-02,1.409541483415855794e+02,4.847207811813627387e+01,2.424788898132090864e+01,8.100178318266939570e+00,2.437208015000058570e+00,1.687575768030302736e-01,1.433155816005048280e+02,4.929929291089676013e+01,2.466164626754938993e+01,8.238293838363743404e+00,4.083117960509692612e-02,1.241455001739324615e+02,9.319127205758482546e+01,3.088406151604343819e+01,1.402681556551273090e+01,3.681070855914954532e+00,1.314472665892636172e-01,1.392130883623571549e+02,1.045042781590231726e+02,3.463065290124752238e+01,1.572728719664466368e+01,4.127212335754809835e+00,1.473784232233594782e-01,1.525736370954891754e+02,1.145359640007982449e+02,3.795242847511960349e+01,1.723474122157383448e+01,4.522692468416305900e+00,1.615005771093278031e-01,1.547640511535991834e+02,1.161806541449047216e+02,3.849698930227838645e+01,1.748184965845720740e+01,4.587519544369540903e+00,1.638154010919434800e-01,1.537358154468820999e+02,9.036681557943357745e+01,4.232361287303251629e+01,1.124226352779306382e+01,4.522268148073037786e+00,4.015491400796408761e-01,1.716764730044691021e+02,1.009082578019011152e+02,4.725649323002875235e+01,1.255213769132635448e+01,5.049169440093248085e+00,4.483346693783566983e-01,1.874705038538198494e+02,1.101876730767112917e+02,5.159808134289987436e+01,1.370492722464496183e+01,5.512882445401074527e+00,4.895094463912826876e-01,1.900498911701435247e+02,1.117030654326651558e+02,5.230702898941819967e+01,1.389316248726773040e+01,5.588600627971984203e+00,4.962327637183074347e-01,1.652114504339290306e+02,1.159465227132821212e+02,8.848539320088704585e+01,2.426451250453026987e+01,9.766650588157363089e+00,8.672317253619479249e-01,1.842844199361218216e+02,1.293251414714815155e+02,9.869144073356028457e+01,2.706194793385177277e+01,1.089262979438096757e+01,9.672131378534847279e-01,2.010411048169035269e+02,1.410778426793395397e+02,1.076564736698264397e+02,2.951901260036862595e+01,1.188160658874241449e+01,1.055029587729887419e+00,2.037746923276918096e+02,1.429950068625688004e+02,1.091188386071168424e+02,2.991978702461711492e+01,1.204291954544044252e+01,1.069353494384432945e+00,1.757260128330218549e+02,1.958005163522259409e+02,2.134017405701408734e+02,2.162699752615054933e+02
1.973728213514698436e+05,9.625270629020550405e+04,5.414103660915897490e+04,1.542094867645784916e+03,4.014534836258878414e+00,2.326021841930338123e+05,1.236011642236418993e+05,7.207276913249802601e+04,1.131652832716048174e+01,2.669800144868205534e+05,1.554108830939570325e+05,9.464374031429676688e+04,2.911146352266537360e+04,1.519698151376751305e+01,7.451608021816623406e+00,2.729261823030723026e+05,1.615298308348921710e+05,9.921506078049991629e+04,2.454225625636647834e+01,7.866206910819693476e+00,1.687244916502539709e+05,5.777157633499459189e+04,2.890064962774452579e+04,9.655951507071886226e+03,3.213994335953761038e+03,1.925472579832385236e+05,6.608545435607706895e+04,3.305929483358097787e+04,1.104451424918928933e+04,3.675944931974460815e+03,2.582270192014760141e+03,2.141630083343668084e+05,7.364753911147374311e+04,3.684177379070940515e+04,1.230725443635402553e+04,4.095977689885198743e+03,2.877320008750131365e+03,2.177509249295040499e+05,7.490439318367626402e+04,3.747042917484215286e+04,1.251710421456281983e+04,4.165775985765089899e+03,1.886242738593457325e+05,1.415930179640694114e+05,4.692464562623853999e+04,2.131207248322444866e+04,5.592947853809504522e+03,1.997183448158094166e+02,2.115176758077831182e+05,1.587817795334891416e+05,5.261714454492364894e+04,2.389573620258424125e+04,6.270806752503464850e+03,2.239238529280077614e+02,2.318174347754358314e+05,1.740237304428445641e+05,5.766418609582187491e+04,2.618613249855849426e+04,6.871691652525924837e+03,2.453806809830257407e+02,2.351455082381030952e+05,1.765226405875038763e+05,5.849158159582401277e+04,2.656158458537235856e+04,6.970188544880809786e+03,2.488978857829857816e+02,2.335832284362152568e+05,1.373015919022203889e+05,6.430567996155046421e+04,1.708127806591459375e+04,6.871046795215306702e+03,6.101058523047155404e+02,2.608419149972572050e+05,1.533180569629109523e+05,7.180060211679775966e+04,1.907147544128717345e+04,7.671610453166919797e+03,6.811908536040136823e+02,2.848390602498935186e+05,1.674170200709236087e+05,7.839712728811604029e+04,2.082300167720854733e+04,8.376166986341602751e+03,7.437510733015790265e+02,2.887581294651008793e+05,1.697194795626880659e+05,7.947428847010240133e+04,2.110900250827707350e+04,8.491211524349777392e+03,7.539661444108356818e+02,2.510190858395117975e+05,1.761669058467877912e+05,1.344429977042180544e+05,3.686703132430882397e+04,1.483926021480883355e+04,1.317654954335064531e+03,2.799981873135466012e+05,1.964941197868734889e+05,1.499498676193706633e+05,4.111740085864916182e+04,1.655005121468328070e+04,1.469564962430056994e+03,3.054579698386024102e+05,2.143509471115470515e+05,1.635711644660289749e+05,4.485061704042159545e+04,1.805268342734978796e+04,1.602991444266121789e+03,3.096113297934154980e+05,2.172638488386966637e+05,1.657930540352058597e+05,4.545954584539313510e+04,1.829777912442423622e+04,1.624754747839276661e+03,2.669947157488873927e+05,2.974955198581198929e+05,3.242384736986141652e+05,3.285964166316335904e+05
1.284164573170608055e+05,6.262478974093763827e+04,3.522572251796020282e+04,1.081332481411473964e+04,5.388186868653582096e+00,1.513376962830870470e+05,8.041848603355266096e+04,4.689262378445701324e+04,3.569213637425776575e+00,1.737049065041351132e+05,1.011148076115078438e+05,6.157794997845058970e+04,1.758872999012771834e+04,8.569728565792355823e+01,1.000131963172882799e+01,1.775736545616909279e+05,1.050959714607264905e+05,6.455218366228752711e+04,1.425379216560180566e+02,5.117981185812506162e+00,1.097770265331928967e+05,3.758785556448884017e+04,1.880359712514844796e+04,6.282440914164508285e+03,2.091117535212785242e+03,1.252768054831589106e+05,4.299710493921507441e+04,2.150933189802846027e+04,7.185879926973353577e+03,2.391675917434600706e+03,1.680099553827259797e+03,1.393406371151368076e+05,4.791721529342106805e+04,2.397032168746379830e+04,8.007455184327310235e+03,2.664961381201552285e+03,1.872067492519898678e+03,1.416750390627622837e+05,4.873496096402248077e+04,2.437934309927469803e+04,8.143989428478245827e+03,2.710374141751661227e+03,1.227243991784510290e+05,9.212450601280633418e+04,3.053052972999049234e+04,1.386624969301243800e+04,3.638933366478705921e+03,1.299425279570483838e+02,1.376195074764333258e+05,1.033080104298937658e+05,3.423423374409216922e+04,1.554725588900522780e+04,4.079967938448245604e+03,1.456913256569684449e+02,1.508271171715523524e+05,1.132248638875757897e+05,3.751798458912863134e+04,1.703745392781853297e+04,4.470920985170146196e+03,1.596517554380191655e+02,1.529924572985773557e+05,1.148507271354239201e+05,3.805631189424320473e+04,1.728173383476630988e+04,4.535005951053117315e+03,1.619401555495889795e+02,1.519759929975132400e+05,8.933238015645250562e+04,4.183913217510648246e+04,1.111357271904450681e+04,4.470501448751512726e+03,3.969524972433939070e+02,1.697112821608840313e+05,9.975315546354056278e+04,4.671554505669833452e+04,1.240845252090414215e+04,4.991371275531419997e+03,4.432024718623806052e+02,1.853245168915262329e+05,1.089263471509489609e+05,5.100743472208434105e+04,1.354804615407996062e+04,5.449776096390753992e+03,4.839059255597392735e+02,1.878743762762445840e+05,1.104243939702321077e+05,5.170826699867767456e+04,1.373412649895065806e+04,5.524627414254759969e+03,4.905522482571934120e+02,1.633202650859839632e+05,1.146192761539084458e+05,8.747249593632158940e+04,2.398675507049715452e+04,9.654851179159670210e+03,8.573043789732299729e+02,1.821749055886344286e+05,1.278447477539299580e+05,9.756171280241136265e+04,2.675216824060530053e+04,1.076794121404982434e+04,9.561413944489341930e+02,1.987397745271244785e+05,1.394629161779713468e+05,1.064241224036736239e+05,2.918110665207835336e+04,1.174559710438713955e+04,1.042952523095020751e+03,2.014420698670689890e+05,1.413581336834486283e+05,1.078697481727320992e+05,2.957729321092620376e+04,1.190506344399046975e+04,1.057112376088384281e+03,1.737144662699597829e+05,1.935591765619281505e+05,2.109589131351757678e+05,2.137943163952011673e+05
9.854184541963833226e+02,4.805585257063908102e+02,2.703086289371508428e+02,8.012830716534564601e+01,2.004332694697920011e-02,1.161307215044441818e+03,6.171004999887265967e+02,3.598359453568353388e+02,2.738878187363244163e-02,1.332944568466540431e+03,7.759161025320544240e+02,4.725254744429105926e+02,1.529427547537319754e+02,2.464746312623077029e-01,7.674630301333480731e-02,1.362631856424246052e+03,8.064660291983573188e+02,4.953485968331827962e+02,4.705189961345891403e-01,8.939659240437665411e-02,8.423866280807474141e+02,2.884347315483057628e+02,1.442915649809154672e+02,4.820903375214866315e+01,2.389724999295406438e-01,9.613259685485434147e+02,3.299432268657864142e+02,1.650543296063679577e+02,5.514167516581046868e+01,1.835280023598155807e+01,1.008760689447540848e+01,1.069246396745764969e+03,3.676982611939942558e+02,1.839390208761968779e+02,6.144612779304881656e+01,3.039273794284131913e+00,1.436552477424334029e+01,1.087159697151112596e+03,3.739733260600378912e+02,1.870776914856184874e+02,6.249383969244134818e+01,1.095857238280263601e+00,9.417397839744891144e+02,7.069279860554231618e+02,2.342795292490168606e+02,1.064042620311239347e+02,2.792377378396911070e+01,9.971291658283689685e-01,1.056039108169953352e+03,7.927458958496196146e+02,2.627003268150278359e+02,1.193036552595409034e+02,3.130810307113881308e+01,1.117979075326934524e+00,1.157389221901517885e+03,8.688440071785228156e+02,2.878985667747672323e+02,1.307388626388579098e+02,3.430812629808487202e+01,1.225106209708672234e+00,1.174005207994012380e+03,8.813202557512452131e+02,2.920294834835722781e+02,1.326133707566119995e+02,3.479988932443367844e+01,1.242666487845999646e+00,1.166205245638311681e+03,6.855022898461952536e+02,3.210573894985815855e+02,8.528127864009802295e+01,3.430490678406287230e+01,3.046060850441452583e+00,1.302299020196468746e+03,7.654673053990599101e+02,3.584771109276817924e+02,9.521768769948106126e+01,3.830186126830771798e+01,3.400965098390686059e+00,1.422108973228319655e+03,8.358588494155951594e+02,3.914114147270535113e+02,1.039624900692922438e+02,4.181948344861081779e+01,3.713307824413400127e+00,1.441675633280161492e+03,8.473542792554969765e+02,3.967893343591974258e+02,1.053903986477527894e+02,4.239386332443483951e+01,3.764309136508302345e+00,1.253256828663774741e+03,8.795441893564377551e+02,6.712302547181271848e+02,1.840651221822839148e+02,7.408761087825453728e+01,6.578624094833887881e+00,1.397940078442762797e+03,9.810313690172766883e+02,7.486510224552066575e+02,2.052858384272356034e+02,8.262903480682126656e+01,7.337061348434731123e+00,1.525052503966901440e+03,1.070184714872321592e+03,8.166577396625717711e+02,2.239245754493646245e+02,9.013118950473980817e+01,8.003216471163193901e+00,1.545788888209902098e+03,1.084727881307529060e+03,8.277509041804080425e+02,2.269647594417178880e+02,9.135487267844733594e+01,8.111873584302525586e+00,1.333017924983887497e+03,1.485298591774621855e+03,1.618817485018945263e+03,1.640575262232850037e+03
4.235981218205441110e+03,2.065758823161052078e+03,1.161965514723153774e+03,3.379299694105145022e+02,8.615921493384000318e-02,4.992067601424230816e+03,2.652706717183874389e+03,1.546813232017416794e+03,1.177351881840350140e-01,5.729878620756286182e+03,3.335401325375096803e+03,2.031227490360055981e+03,6.733150288913154782e+02,3.261550094578790082e-01,3.405954456903919625e-01,5.857494268227035718e+03,3.466725129900294633e+03,2.129336389356882592e+03,5.267217373214883036e-01,1.688231739333267423e-01,3.621135687323216644e+03,1.239883519023176632e+03,6.202607223618340413e+02,2.072343563053345292e+02,6.897818770682644640e+01,4.132415758146402368e+03,1.418314530229102047e+03,7.095128393146167127e+02,2.370354464103456280e+02,7.889248940703015478e+01,1.174901431192890700e+00,4.596329239529199185e+03,1.580610665884827540e+03,7.906917483719312258e+02,2.641361559906201819e+02,8.790716020579125711e+01,5.502964127984546039e+00,4.673332479073036666e+03,1.607585055784775705e+03,8.041838328111322198e+02,2.686399169821794999e+02,8.940516076411188351e+01,4.048221367577235014e+03,3.038844724708609192e+03,1.007088591832768429e+03,4.573959935179461809e+02,1.200348742484185749e+02,4.286320819218154554e+00,4.539555570558384716e+03,3.407746947902112879e+03,1.129260007877359612e+03,5.128461334138709162e+02,1.345829648803031944e+02,4.805815206993598210e+00,4.975225487944097040e+03,3.734867037020512271e+03,1.237578734331798614e+03,5.620022292970794524e+02,1.474790512345813340e+02,5.266317997990764610e+00,5.046652001142270819e+03,3.788498211461058872e+03,1.255336152617060861e+03,5.700601166432567197e+02,1.495929742128775501e+02,5.341803051880968489e+00,5.013122586931735896e+03,2.946742885278886206e+03,1.380117322905683295e+03,3.665954189498676214e+02,1.474652116201818330e+02,1.309398650918187634e+01,5.598143756732305519e+03,3.290485494405047120e+03,1.540972049358860886e+03,4.093086883583998770e+02,1.646467702963977615e+02,1.461960026381448507e+01,6.113166385316112610e+03,3.593074976220304961e+03,1.682545520271348778e+03,4.468996444761748990e+02,1.797678395661307889e+02,1.596225635610652915e+01,6.197276691601559833e+03,3.642489967991945377e+03,1.705663372249932308e+03,4.530377415633886926e+02,1.822369051778694882e+02,1.618149469182230149e+01,5.387327953289072866e+03,3.780863524091435011e+03,2.885392233451111224e+03,7.912338178926416958e+02,3.184776220317063462e+02,2.827928279883854401e+01,6.009272400027293770e+03,4.217122637938306070e+03,3.218197978839081316e+03,8.824545094683793423e+02,3.551943247202165708e+02,3.153954852679925125e+01,6.555685803344198575e+03,4.600362755050304258e+03,3.510535867029796009e+03,9.625761481578036864e+02,3.874435532939790505e+02,3.440312582734258484e+01,6.644824511523186629e+03,4.662878966804991251e+03,3.558221695634135813e+03,9.756448678442976643e+02,3.927037572006769324e+02,3.487020605059130673e+01,5.730194027661885229e+03,6.384797163724645543e+03,6.958749738344321486e+03,7.052279134547528884e+03
2.964516177593159796e+01,1.445704121344285475e+01,8.131918992109136823e+00,1.351288294273119472e+00,6.030047138814031852e-04,3.493656959204844270e+01,1.856474688410117935e+01,1.082524364938583439e+01,8.239767301664193246e-04,4.010007854624159762e+01,2.334252850349983177e+01,1.421537624636902919e+01,4.602135199951221445e+00,1.119236278137727058e-03,1.119250620716863778e-03,4.099318583817002093e+01,2.426158714542933836e+01,1.490198348591581734e+01,5.013427066739416932e-03,1.181505868046953773e-03,2.534221655727574074e+01,8.677221615165052526e+00,4.340842894899920701e+00,1.450312419113342299e+00,7.174597418712512498e-02,2.892036753127748128e+01,9.925956115399776181e+00,4.965466527841011946e+00,1.658872848783760734e+00,8.222231614058958180e-03,8.222477701976838374e-03,3.216702746419756664e+01,1.106177213545406168e+01,5.533590363220495689e+00,1.848534929579228381e+00,9.143301612016471736e-02,9.161941657107654582e-03,3.270592811814280054e+01,1.125055011021612827e+01,5.628013561076338434e+00,1.880054119970974602e+00,9.318067461784320174e-03,2.833114004719619672e+01,2.126710182330242205e+01,7.048025654999723777e+00,3.201047725939058619e+00,8.400540383495880281e-01,2.999747208648702312e-02,3.176970164846128597e+01,2.384883316255482555e+01,7.903032181605090578e+00,3.589110955013145698e+00,9.418677141360188854e-01,3.363314048787115901e-02,3.481870134681767581e+01,2.613815596836933608e+01,8.661091694487387471e+00,3.933125806833469351e+00,1.032119812270618109e+00,3.685590018841140153e-02,3.531857374952046769e+01,2.651348924417077058e+01,8.785365458575212116e+00,3.989518177491685691e+00,1.046913962476788473e+00,3.738421430603246914e-02,3.508392074510047820e+01,2.062253477885740693e+01,9.658636169095663249e+00,2.565587456435340474e+00,1.032022980095313125e+00,9.163720727844626435e-02,3.917814330454666560e+01,2.302818860097128351e+01,1.078436509420719247e+01,2.864512732660027261e+00,1.152266738340581798e+00,1.023141087353592882e-01,4.278248575040127832e+01,2.514583598055841307e+01,1.177515467325685350e+01,3.127589868064875933e+00,1.258090246383367194e+00,1.117105292204092909e-01,4.337112531613738753e+01,2.549166276395612130e+01,1.193694309376670937e+01,3.170546865241560042e+00,1.275369800655662189e+00,1.132449192173944214e-01,3.770276596587478934e+01,2.646005835716998433e+01,2.019317726131989943e+01,5.537383901534557396e+00,2.228839070711134962e+00,1.979102892677500336e-01,4.205539251985549498e+01,2.951318149377801348e+01,2.252229055250354861e+01,6.175784276342150214e+00,2.485797873001896363e+00,2.207269419600705884e-01,4.587942126851931590e+01,3.219525570107028045e+01,2.456819308600715956e+01,6.736508963688369711e+00,2.711491448295419104e+00,2.407674783582499645e-01,4.650325083866066933e+01,3.263276989031052722e+01,2.490191792853026342e+01,6.827969287643802510e+00,2.748304503830718559e+00,2.440363290646067607e-01,4.010228538730656567e+01,4.468347145968180456e+01,4.870023044603712492e+01,4.935478827610652530e+01
6.289566085547588591e+04,3.067229557257994384e+04,1.725281279048138094e+04,2.386412929595877017e+02,6.183486631409829570e+00,7.412199883144395426e+04,3.938727183541413251e+04,2.296701449181261705e+04,5.954082219690385536e+00,8.507698452321172226e+04,4.952389149254005315e+04,3.015957534358719568e+04,1.059706780194259954e+04,3.038210388089228786e+01,5.057143493896980146e+00,8.697181536746157508e+04,5.147378081130123610e+04,3.161629205491669200e+04,2.506678762554779283e+00,2.506678751759472856e+00,5.376646224207855994e+04,1.840973563030033620e+04,9.209603626077185254e+03,3.077006502299482236e+03,1.024185078765568278e+03,6.135792595372600772e+04,2.105907114302358241e+04,1.053481517438653100e+04,3.519491814423582582e+03,1.171392207412903417e+03,8.228771712181312523e+02,6.824609275889955461e+04,2.346883712496080989e+04,1.174015597097485988e+04,3.921881962175015360e+03,1.305241622910909655e+03,9.168989981896442032e+02,6.938943333078973228e+04,2.386935160510858623e+04,1.194048585049617395e+04,3.988753552218065124e+03,1.327483849058744681e+03,6.010781130692688748e+04,4.512063171438853169e+04,1.495320676038918464e+04,6.791395388396382259e+03,1.782272484690137844e+03,6.364309780490030022e+01,6.740311992787366034e+04,5.059807549314345670e+04,1.676720253898208102e+04,7.614716684870015342e+03,1.998281880513906572e+03,7.135652477614122802e+01,7.387192728736884601e+04,5.545513999857032468e+04,1.837551418715441469e+04,8.344584026852000534e+03,2.189762398858404595e+03,7.819404961627542150e+01,7.493246542906342074e+04,5.625145340686441341e+04,1.863917548481106496e+04,8.464227254159926815e+03,2.221149845582028320e+03,7.931485773203884548e+01,7.443462226676638238e+04,4.375310765454038483e+04,2.049192071412391670e+04,5.443192527131034694e+03,2.189556923476440716e+03,1.944189225626992084e+02,8.312099136007827474e+04,4.885698235690014553e+04,2.288028454289268484e+04,6.077397236562233047e+03,2.444667934025520026e+03,2.170711732719418023e+02,9.076802280016260920e+04,5.334981785122672591e+04,2.498236117863378240e+04,6.635546070134648289e+03,2.669184916717477790e+03,2.370068696967295239e+02,9.201689061232007225e+04,5.408352940998156555e+04,2.532561416306662068e+04,6.726684287363560543e+03,2.705845490350025557e+03,2.402621013724419470e+02,7.999080663422802172e+04,5.613809368358182837e+04,4.284217543269077578e+04,1.174820459140672392e+04,4.728741609027343657e+03,4.198895335499756243e+02,8.922541013037203811e+04,6.261564963372259808e+04,4.778366087073311064e+04,1.310264544403732543e+04,5.273909539493829470e+03,4.682977944918642947e+02,9.733853237676055869e+04,6.830598231563158333e+04,5.212428100582839397e+04,1.429228798559355710e+04,5.752744715229168833e+03,5.108160411762423223e+02,9.866205964757649053e+04,6.923421942582442716e+04,5.283231772593442292e+04,1.448633178056527504e+04,5.830847934639645246e+03,5.177512503320130008e+02,8.508166613068466540e+04,9.480118612598787877e+04,1.033232071837389522e+05,1.047119278299340076e+05
4.863557171711679075e+03,2.371808469950801737e+03,1.334114904281218969e+03,3.967087371977303860e+02,9.892433624355728705e-02,5.731660494970266882e+03,3.045714824264636263e+03,1.775979229963108310e+03,4.315687985972466167e-01,6.578780933455621380e+03,3.829553134547501031e+03,2.332161168041347082e+03,1.609702335897847902e+01,1.836186872942534576e-01,1.836188885650802405e-01,6.725303235993610542e+03,3.980332993686958162e+03,2.444805275949805946e+03,6.047567973168032074e-01,1.938350986886737404e-01,4.157620050564689336e+03,1.423576751812884140e+03,7.121545886569757613e+02,2.379368746160468504e+02,7.919755697388137605e+01,4.744648100467010408e+03,1.628442952725996065e+03,8.146297252091679866e+02,2.721530986309896889e+02,9.058069848117636980e+01,6.363094197239647087e+01,5.277292044293012623e+03,1.814783861353867223e+03,9.078355877375934142e+02,3.032688767654601065e+02,1.009309240804059868e+02,7.090140409750704009e+01,5.365703590831988549e+03,1.845754591600254344e+03,9.233265763574837592e+02,3.084398885076537908e+02,1.026508568034572306e+02,4.647979997938939960e+03,3.489060567562687993e+03,1.156292408281525923e+03,5.251608601446422426e+02,1.378184747833305721e+02,4.921355128450163541e+00,5.212107151833597527e+03,3.912616983625983721e+03,1.296563970960673032e+03,5.888261497660258783e+02,1.545219174519095588e+02,5.517814143718709374e+00,5.712323136358691954e+03,4.288201096232217424e+03,1.420930500492876263e+03,6.452648832801187382e+02,1.693286057299276592e+02,6.046541531078507781e+00,5.794331743438500780e+03,4.349777911591375414e+03,1.441318723544459999e+03,6.545165763997035810e+02,1.717557140649798839e+02,6.133210833775596171e+00,5.755834846242693857e+03,3.383313505609564345e+03,1.584586683780386011e+03,4.209078567735974161e+02,1.693127170747951311e+02,1.503390618090070596e+01,6.427529120226562554e+03,3.777982816658324737e+03,1.769272633334565398e+03,4.699492522068655376e+02,1.890397844195897505e+02,1.678554743882361322e+01,7.018854120169548878e+03,4.125402004360407773e+03,1.931820689304363668e+03,5.131094409704166992e+02,2.064010951168532415e+02,1.832712410432081640e+01,7.115425747466348184e+03,4.182137991847234844e+03,1.958363592595877208e+03,5.201569212652764236e+02,2.092359624480299374e+02,1.857884146269230285e+01,6.185480076315747283e+03,4.341012127430602959e+03,3.312873482665050688e+03,9.084579705552635005e+02,3.656612338503854858e+02,3.246896240050666904e+01,6.899567817463034771e+03,4.841904606777661684e+03,3.694985652383880733e+03,1.013193340616178716e+03,4.078176481817208696e+02,3.621224683717330350e+01,7.526934386832969722e+03,5.281923154317174522e+03,4.030634495573905042e+03,1.105185287992200983e+03,4.448447167055097680e+02,3.950007164339462662e+01,7.629279289897186572e+03,5.353701317749834743e+03,4.085385078602375870e+03,1.120190188585723945e+03,4.508842355202177714e+02,4.003635223646742958e+01,6.579143146061106563e+03,7.330727909316229670e+03,7.989713665797771682e+03,8.097099804360958842e+03
