"FSC-A","FSC-H","SSC-A","GFP-A","PI_LSS-mKate-A","mCherry-A"
0.0129471,0.00834585,0.00550561,0.00345275,0.00199377,-0.000196486
0.00774428,0.00357997,0.00209392,0.00240913,0.00098451,0.000374509
0.0128077,0.00843714,0.00816319,0.00281318,0.00226592,0.00100787
0.0105179,0.0070552,0.00622835,0.00232722,0.00230302,0.00133383
0.00690973,0.00491676,0.00293945,0.00433981,0.000916344,0.00055434
0.014069,0.00939228,0.00665806,0.0112497,0.00105629,0.00087105
0.0188819,0.0118173,0.0111928,0.0141853,0.0021323,0.0013638
0.00868653,0.00634482,0.00254055,0.00509729,0.002305,0.00152211
0.0104822,0.00750047,0.00854085,0.00519717,0.00233415,0.000940431
0.0206066,0.0142641,0.0065707,0.00981293,0.00392024,0.00208426
0.021563,0.0144839,0.00687294,0.0101976,0.00243131,0.000568984
0.0192655,0.0114509,0.0160709,0.0191491,0.00518573,0.00273574
0.00813126,0.00563347,0.00715403,0.0121711,0.0023524,0.000584264
0.0107718,0.00762022,0.00488821,-0.0004397,0.000632917,-0.00101415
0.00843097,0.00624763,0.00611141,0.00340534,0.000300095,0.00169847
0.0112736,0.00588961,0.00775873,0.00644309,0.00273207,0.00108829
0.0103932,0.00698086,0.00416346,0.00545383,0.00182396,6.99251e-05
0.0169128,0.0117345,0.00739495,0.00813604,0.00199938,0.00136869
0.0186144,0.0123698,0.00693293,0.0156415,0.00256884,-0.000143677
0.00590967,0.0043425,0.00425561,0.0242801,0.00734657,0.0197809
0.00512601,0.00375705,0.00167081,0.00462938,0.00042682,0.00144028
0.0232165,0.0120172,0.0129023,0.0124483,0.00200143,0.0014878
0.0157345,0.00887765,0.00647156,0.0076216,0.00117582,0.000950583
0.00440022,0.00331862,0.00350189,0.00109604,0.000245085,-0.00115384
0.0111167,0.00795679,0.00409899,0.00549366,7.98021e-05,0.00115242
0.00530892,0.00417779,0.00256275,-0.0047952,0.000482515,0.00115531
0.014381,0.00985012,0.00754249,0.0132356,0.00229995,-0.000145712
0.0239516,0.016476,0.0377089,0.0414333,0.00788998,0.00466117
0.00968102,0.00688366,0.00313592,0.00255789,0.00120694,-0.000144832
0.00520977,0.00379052,0.00223536,-0.000570588,0.00138399,0.0008919
0.0139103,0.00962036,0.00612397,0.00818322,0.00161113,0.000528856
0.0137484,0.00946883,0.00508059,0.00439382,0.00106718,0.00273036
0.0166931,0.0117056,0.0044508,0.00707642,0.000938826,0.0011743
0.0069004,0.00514199,0.00308228,0.00377472,0.000146018,0.00133373
0.0237682,0.0101102,0.00896941,0.00922843,0.00179649,0.00258531
0.0203697,0.00849581,0.00732805,0.00919549,0.000675548,0.00125852
0.0204003,0.00852308,0.00736606,0.00789353,0.000530608,0.00179705
0.0108381,0.00664564,0.00563053,0.00447201,0.000630633,-0.000649412
0.00392727,0.00295097,0.00185559,0.00196001,0.000234791,0.000938528
0.0129153,0.00474518,0.00481867,0.00320309,0.00133082,-0.000220621
0.0250285,0.0145925,0.010937,0.00754782,0.00254762,0.00128874
0.00487054,0.00322638,0.00186206,0.00343757,0.00164069,0.00021645
0.0315903,0.0129463,0.0122027,0.0146329,0.00352804,0.00148557
0.0300472,0.0130585,0.00979892,0.0127472,0.00260319,0.000627653
0.0287678,0.0152882,0.0109858,0.0122009,0.00194577,0.000245796
0.0127128,0.00472286,0.00426773,0.00195485,0.000960512,-0.00185237
0.0072562,0.00425045,0.00535311,0.00258276,0.00123379,0.000144274
0.0101333,0.00720086,0.00427618,0.00144124,0.000394746,-0.000417749
0.0123878,0.00852768,0.00721072,0.0065568,0.00241452,0.00101305
0.0152544,0.0105992,0.00514297,0.00204255,0.00137489,0.000747266
0.00982728,0.00711951,0.00353569,0.00462422,0.00108107,-9.25294e-05
0.0265934,0.0173719,0.00800557,0.0163999,0.0030235,0.00335623
0.0066223,0.00332423,0.00275223,0.00553056,0.00052032,0.0015054
0.0193476,0.0123707,0.00598251,0.00651871,0.00163491,0.000148084
0.0114903,0.00510087,0.00423203,0.00461067,0.000889946,0.000101445
0.0140019,0.00656451,0.0091078,0.00630971,0.0011293,0.000498015
0.0178187,0.0082326,0.0107409,0.0098661,0.0015108,0.000688842
0.019122,0.0129649,0.0108369,0.00860521,0.00220709,0.00138656
0.0300778,0.0144758,0.0162222,0.0221621,0.00522396,0.00300576
0.0288796,0.0143761,0.0147718,0.0193444,0.00368026,0.00214965
0.0185561,0.0124178,0.00861579,0.00892322,0.00336714,0.000422156
0.0148793,0.00643435,0.00725491,0.00454135,0.000882236,0.00250247
0.0146449,0.00639023,0.00705561,0.0045929,5.41454e-05,0.0014579
0.00994428,0.00703332,0.00562091,0.00107417,0.00140514,0.00118387
0.0068415,0.00339652,0.00620226,0.00328579,0.00115254,0.000399393
0.00795753,0.00579758,0.0025606,0.00402147,0.00103175,0.000360952
0.00876784,0.00642112,0.00292237,0.00165843,0.000564745,-2.87367e-05
0.00931062,0.00654025,0.00789841,0.0338581,0.0134037,0.0377464
0.0137578,0.00944633,0.00318758,0.00572899,0.000695837,0.00132006
0.00734601,0.00532911,0.00405439,0.00695624,0.000702332,-0.000131926
0.0103152,0.00785202,0.00387161,0.000751887,0.00103785,-0.000709458
0.0188125,0.00909398,0.00773862,0.0197252,0.00513503,0.00899119
0.0224282,0.00919941,0.0142153,0.0311486,0.00615228,0.0100666
0.0159033,0.00912774,0.0119924,0.023821,0.00528123,0.00770263
0.0106182,0.00679295,0.0080696,0.00420007,0.00124187,0.000967958
0.0136087,0.00809553,0.00586589,0.00459519,0.000730886,0.00145825
0.0149837,0.00725617,0.00801118,0.00230273,0.00246537,0.00102408
0.0189251,0.00840121,0.00979926,0.00711594,0.00186506,0.00181155
0.0144907,0.00665147,0.00651619,0.00339744,0.000821985,0.000818558
0.00865499,0.00580926,0.00333775,0.00935897,0.00110186,0.000553203
0.0130776,0.0086215,0.00589384,0.00786624,0.00210437,0.00096624
0.00982833,0.00544153,0.00434522,0.00479955,0.00243105,0.0047512
0.0100839,0.0033156,0.0036443,0.00316851,0.00348041,0.00502564
0.0179422,0.0119689,0.00868696,0.00802527,0.0021672,0.00172135
0.00646852,0.0045403,0.0022434,-0.00229832,0.000750542,0.000791138
0.012413,0.00757973,0.00921067,0.00494343,0.0016737,0.000669817
0.00753995,0.00571438,0.00413454,0.00106011,0.000573322,-0.00146238
0.0157874,0.0108881,0.00951274,0.00181602,0.001896,0.000532443
0.021903,0.0136808,0.0150564,0.0250565,0.00927633,0.0174307
0.01278,0.00873602,0.00508314,0.00571389,0.00190484,0.00105563
0.0046802,0.00312304,0.00279857,-0.00205159,-0.000264547,0.00124355
0.00724108,0.00514909,0.00363362,-0.00133153,0.00128414,0.000568293
0.00895941,0.00616054,0.0042391,0.00396205,0.000736567,0.000791426
0.0056771,0.00404829,0.00429713,0.000719773,0.00241299,0.00155562
0.0104143,0.00744872,0.00352015,0.00360044,0.000502565,0.00079898
0.0145656,0.00968821,0.00595295,0.00575268,0.00210293,0.000960194
0.00980813,0.00515388,0.00394539,-0.000565676,0.000790705,0.00101063
0.0045748,0.00341187,0.00334424,0.00220101,0.000529801,-9.142e-06
0.00573012,0.00408964,0.00221607,0.00436842,0.00183145,0.00154964
0.0240102,0.014863,0.018429,0.0263808,0.00622687,0.0535563
0.0103494,0.0076133,0.00600104,0.00611221,0.000445122,0.000839789
0.015708,0.0110384,0.00299327,0.0120165,0.0028708,0.000654436
0.00781282,0.00569305,0.00368023,0.00401519,0.00270117,0.000205065
0.0113348,0.00779319,0.00591754,0.00816947,0.000957382,0.00259299
0.0149568,0.0104982,0.00704879,0.00816285,0.00436641,-0.000143157
0.0179889,0.0123854,0.00777558,0.0104486,0.00149061,0.0013264
0.00497456,0.00318008,0.00264257,0.000623368,0.000745151,0.000366002
0.00529565,0.00393304,0.00173443,0.0076655,0.000311559,-0.000520006
0.0219182,0.0149269,0.00898734,0.012382,0.00179952,0.00143232
0.0132317,0.00908168,0.00572042,0.00602786,0.000625863,0.00027685
0.010969,0.0062952,0.00560046,0.00557469,0.00175669,6.67406e-05
0.0101629,0.0049832,0.00486475,0.00874927,0.00261914,0.00224639
0.0111021,0.00595648,0.00401831,0.00714548,0.000511254,0.00112874
0.0115827,0.00797299,0.00512685,-0.000180178,0.000913172,0.000253883
0.0123587,0.0086309,0.00588572,0.0164283,0.003929,0.0066562
0.0174184,0.0106153,0.0094065,0.0157835,0.00277589,0.000915267
0.0104617,0.00515058,0.00533199,0.00146993,0.00172772,-0.000203421
0.0146671,0.00798055,0.00804702,0.00376076,0.001898,0.000463833
0.0133803,0.00777136,0.00857775,0.00785238,0.000592401,0.00119966
0.00910645,0.00491909,0.00478986,0.0010717,-4.33406e-05,0.00102395
0.0130494,0.00489562,0.00723223,0.00379822,0.000662513,-0.000387671
0.00999253,0.004342,0.00551118,0.00635556,0.000155047,0.00042144
0.00791991,0.00548629,0.00388111,0.000585019,0.000836473,0.00175606
0.00460425,0.00315908,0.00322444,-0.00267932,0.000416469,0.000892588
0.00971718,0.00611798,0.00407355,0.00448814,0.00194158,0.00161433
0.0101887,0.00335237,0.00470714,0.00428717,0.00226436,-0.000310396
0.016032,0.00997922,0.00898314,0.00998278,0.00156405,-0.000249621
0.0172259,0.0114884,0.00598821,0.00848179,0.00092132,0.000740065
0.00972317,0.00670703,0.0126388,0.00872776,0.00255632,0.00100934
0.0211884,0.00957107,0.0103324,0.0160349,0.00316592,0.00178014
0.0304303,0.0118643,0.0143271,0.0199063,0.00290024,0.000904262
0.0209219,0.00908067,0.0169634,0.0137538,0.00211511,0.00266208
0.0095743,0.00693076,0.00355685,0.00149072,0.00107163,0.000104822
0.00662872,0.0043472,0.00274067,0.00454352,0.00119572,-0.00060241
0.00803421,0.00568675,0.00856609,0.0111624,0.00274413,0.00139969
0.00961089,0.00691533,0.00510295,0.0074411,0.00135002,0.00234855
0.00802441,0.00589467,0.00275278,0.0052343,-6.964e-05,0.000119727
0.0147303,0.00791986,0.0070525,0.0107304,0.00316915,0.000495919
0.0144737,0.00592327,0.00681295,0.00977852,0.00180692,0.000930033
0.00960989,0.0047339,0.00475737,0.0048832,0.00112511,0.000877158
0.0308457,0.0202755,0.0200995,0.0258941,0.00427149,0.00512595
0.00762904,0.00589172,0.00374029,-0.00177181,0.000123713,3.97026e-05
0.00561203,0.00365831,0.00307471,-0.000415362,0.000275181,0.000148083
0.00929214,0.00666115,0.00415407,0.00340796,0.000433333,-0.000569781
0.0101287,0.00716886,0.00370622,0.00205632,0.00103706,0.00182872
0.0241513,0.011487,0.0146524,0.00381319,0.00242292,0.00202167
0.0217147,0.0113616,0.012231,0.00391693,0.00120997,0.0022094
0.00522878,0.00389534,0.00177514,-0.00323093,0.000989639,-0.000395907
0.00969235,0.00687875,0.0044979,0.00804773,0.00184155,0.00146253
0.012807,0.00910646,0.00469429,0.00738136,-7.2044e-05,-0.000555984
0.00928126,0.00378287,0.00478717,0.00304956,0.000379169,0.000539833
0.00861937,0.00573295,0.00736695,0.00671191,0.00141387,0.00120857
0.0216314,0.0110987,0.0111614,0.0174925,0.00273655,0.00201158
0.00918238,0.00445532,0.00558578,0.000536403,0.00107595,0.000597176
0.0192539,0.0130541,0.00557371,0.00673263,0.00219595,-0.000373418
0.0132624,0.00925368,0.00446316,0.00478587,0.00130806,0.000944429
0.0103024,0.00743715,0.0047888,0.00905767,0.00397518,0.00953227
0.0126237,0.00854234,0.00418587,0.00400153,-2.2921e-05,0.00175551
0.00370841,0.00302589,0.00241715,0.0029146,0.00112126,-0.000519232
0.0107549,0.00752538,0.00653599,0.00578855,0.00145845,0.00223321
0.0180407,0.0093873,0.00786051,0.00977513,0.00209423,0.00190953
0.0142477,0.00554405,0.00645896,0.00536148,0.00154123,0.00191525
0.0138328,0.00951491,0.0133942,0.0136355,0.00167159,0.000658062
0.0145004,0.0104126,0.00704461,0.00445196,0.000731674,0.00123493
0.0117378,0.00569884,0.00795266,0.00833723,0.00161772,0.0011133
0.0116522,0.00580122,0.00755187,0.00565151,0.000751573,0.000447393
0.0107305,0.00753987,0.0087628,0.00633763,0.0007158,0.000268157
0.00411795,0.00306683,0.00189857,0.00352554,-0.000934986,0.00207017
0.00699255,0.00508095,0.00306106,0.00363779,0.000796373,-0.000122009
0.00766306,0.00548551,0.00344726,0.00180443,0.00222444,0.00196581
0.00573076,0.00427895,0.00287019,0.00593096,0.000471141,2.59211e-05
0.00615029,0.00459763,0.00227391,-0.00108405,0.000549059,0.00134773
0.00744801,0.00512741,0.00365297,0.00415198,0.00129811,0.00123159
0.00964912,0.00575848,0.00438459,0.00432541,0.00216877,-0.000180661
0.0132033,0.00898663,0.00507096,0.0201499,0.00557709,0.0152984
0.0184878,0.0126837,0.00774949,0.00816437,0.0020703,0.00129788
0.0110204,0.0078831,0.00515195,0.00397195,0.000960076,0.00216725
0.00641986,0.00433017,0.002281,-0.00238179,0.00214509,0.0015179
0.0101988,0.00759828,0.00692209,0.00330195,0.00231027,0.000838759
0.0145458,0.00972149,0.0064035,0.00763433,0.0012113,0.00148054
0.0156332,0.0108765,0.00802237,0.0085593,0.000957248,0.000426334
0.00643546,0.00472623,0.00118426,0.00297533,0.00160268,-3.82611e-05
0.00769319,0.00346198,0.0029279,0.00590737,0.00192234,0.000382366
0.0150774,0.0077926,0.00426223,0.00589255,0.00180589,0.00171639
0.0124612,0.00626358,0.00428785,0.00136635,0.000371526,0.000414955
0.018553,0.0129628,0.00588113,0.00938094,0.00266275,0.000943127
0.0104567,0.00725799,0.0042492,0.00153879,-7.15421e-05,0.000271524
0.00762264,0.00547437,0.00360543,0.0121578,0.00324489,0.00689674
0.00508784,0.00360969,0.00484023,0.000763121,0.000154081,0.000307941
0.00684666,0.00499764,0.0026939,0.0040625,0.000220653,-2.44794e-05
0.0109958,0.00562141,0.00428189,0.00236273,0.00137808,-1.15788e-05
0.0121153,0.00734468,0.00589281,0.0062843,0.00145807,0.00132835
0.00862464,0.00644589,0.0032158,0.00451048,0.000209294,0.00112876
0.00497471,0.00385132,0.00253453,-0.00123172,-0.000689886,0.000923742
0.0207327,0.0143851,0.00636279,0.0115698,0.00119722,0.00100634
0.0118994,0.00820512,0.00482483,0.00313248,0.00100094,-0.000660396
0.017574,0.00972452,0.00501476,0.0102902,0.00120197,0.00112803
0.0060248,0.00309058,0.00130464,0.00205912,0.000686782,0.000475987
0.0131052,0.00821623,0.00769524,0.0119386,0.00178672,3.62336e-05
0.0144373,0.00962699,0.00725562,0.00741977,0.00123424,0.000675287
0.015745,0.0101167,0.00644791,0.00409306,0.000747613,0.00155088
0.0181453,0.0127165,0.0121748,0.00871552,0.00300239,0.00347484
0.0208566,0.00940917,0.0110738,0.0121239,0.00206128,0.00147777
0.0204753,0.00938144,0.0109151,0.01405,0.00259233,0.00106174
0.008026,0.00599556,0.0037474,-0.00177304,0.000317705,0.0016987
0.00633363,0.00374218,0.00385932,0.00193299,0.0022289,0.00364545
0.0118196,0.00758149,0.00644942,0.0123538,0.00589096,0.0143738
0.00517401,0.00359534,0.00206784,0.000672851,0.00122657,0.00281692
0.0310173,0.0166002,0.0135645,0.015468,0.00341591,0.00290219
0.02618,0.0106579,0.0106258,0.0120801,0.00293748,0.00118556
0.0117265,0.00790279,0.00712417,0.0120877,0.00310885,0.00124855
0.0108622,0.00748517,0.00794106,0.00472347,0.00149417,0.00258785
0.0170889,0.0114022,0.00560289,0.0101291,0.00178744,-2.6279e-05
0.00654621,0.00532611,0.0116608,0.00665527,0.00219013,0.00196859
0.00456591,0.00381453,0.00294531,-0.00111468,0.000960259,0.000700521
0.0176032,0.0116759,0.0107222,0.0157576,0.0030693,0.00240397
0.00856256,0.00547108,0.0055504,0.00619269,0.00135088,0.000258725
0.00703814,0.00522771,0.00283876,0.00435543,0.0011453,-0.000259854
0.0160851,0.0102808,0.00477816,0.0077119,0.00123154,-0.000420337
0.0195124,0.0118655,0.00951858,0.0101107,0.00237343,0.0011811
0.0172446,0.00867218,0.00574311,0.00663475,0.00105644,0.000420075
0.0134049,0.00772229,0.00425475,0.0032143,0.00110122,0.00227961
0.0127426,0.00672984,0.00415959,0.00474417,0.000744077,0.000448654
0.022277,0.00906403,0.00820618,0.00803708,0.000710981,0.00030817
0.0221778,0.00855025,0.00816285,0.00753502,0.000999981,0.000346002
0.00796552,0.00575871,0.004568,0.00182545,-7.29608e-05,-0.000205727
0.0104743,0.00658481,0.00525812,0.00327805,0.00152612,0.00079862
0.0150318,0.00936496,0.00620963,0.00825799,0.00108058,0.00128834
0.0119121,0.00826781,0.00547088,0.0118052,0.00118635,0.00133914
0.00423311,0.00294298,0.00212373,-0.00108261,-0.0001148,0.000865018
0.00754357,0.00514702,0.0107977,0.0101546,0.00199997,0.00141301
0.0225916,0.0149831,0.0182059,0.0296874,0.00668731,0.00693155
0.00522564,0.00403684,0.00518219,0.00416816,0.000613391,0.00123221
0.00441042,0.00341532,0.00247908,0.00142976,0.000605226,0.00171125
0.0252333,0.0137173,0.0134434,0.0108767,0.00406528,0.00138098
0.00498997,0.00390715,0.00388091,-0.00109443,0.000233369,0.00112466
0.00929912,0.00628646,0.00356993,0.00505246,0.000527777,0.00054754
0.00557217,0.00409901,0.0019451,0.0012813,0.000137124,-0.000749169
0.00667001,0.00486761,0.00204391,0.0047356,0.00117502,0.000456691
0.0140028,0.0093969,0.00829869,0.00963952,0.00123334,0.0015508
0.0080332,0.00468231,0.00465257,0.00278101,0.000273906,0.00149636
0.00485492,0.00324508,0.00238136,0.00319762,0.000575099,0.000871537
0.00972606,0.00667861,0.00481932,0.00492621,8.18199e-05,7.40663e-05
0.00443554,0.00293189,0.00274158,-0.000877599,0.000761871,0.000368556
0.00641326,0.00460171,0.00339641,-0.00379331,0.000404753,0.000657801
0.00380589,0.00314095,0.00342986,7.64105e-05,0.00111681,0.00063386
0.0153029,0.00704195,0.00766971,0.00844118,0.00390373,0.002408
0.00585124,0.00437926,0.00215081,0.00451599,0.00127753,0.00120459
0.00724539,0.00505571,0.003679,0.00163318,0.000412398,0.00185838
0.0119602,0.00778673,0.00526654,0.00287285,0.0012638,0.000307047
0.0208068,0.0129347,0.00926069,0.00832331,0.0028799,0.00324339
0.0119653,0.00623982,0.0060737,0.00721233,0.00137707,0.00300723
0.0169027,0.0119684,0.011631,0.0131836,0.00314844,0.00212949
0.0167135,0.00973671,0.00676589,0.0164371,0.00340937,0.00448589
0.0138905,0.00548709,0.00469071,0.0102332,0.00305802,0.00403365
0.0102194,0.00742445,0.00490043,-0.00077144,0.00120786,3.20597e-05
0.0200517,0.0141013,0.00755914,0.00880252,0.00199184,0.00153387
0.00920814,0.00641788,0.00434418,-0.00147789,0.000705454,-0.00120699
0.00402312,0.0032396,0.00233763,0.00109875,-0.000364468,0.000248212
0.00734458,0.00544697,0.0045673,0.00661603,0.00137783,0.000351927
0.00373553,0.00292244,0.00210723,0.00267252,0.00110814,-0.000310307
0.00619533,0.00480106,0.00337122,0.00365033,0.00149037,-0.000371106
0.0145576,0.0105396,0.00751456,0.0028786,0.00135629,-0.000380618
0.0248068,0.0175156,0.00759206,0.0168789,0.00739098,0.0117489
0.0117584,0.0063622,0.00777782,0.000455373,0.000694989,0.000159073
0.00480614,0.0036412,0.00323645,-0.000114699,0.000721313,0.00155521
0.00578117,0.00458256,0.00458737,0.00352999,0.000399715,0.00146433
0.0140773,0.00813163,0.00705711,0.0050838,0.00101418,0.00126105
0.0133661,0.00775957,0.00651174,0.0062192,0.00127716,0.00278908
0.0208442,0.0145014,0.00665754,0.00977546,0.00164794,0.00181715
0.00750096,0.00520131,0.00426183,0.00446937,0.00138513,0.000987702
0.0113785,0.00650046,0.00342027,0.00100964,0.000609063,0.00150096
0.01025,0.00737006,0.00462232,0.00476336,0.000284099,0.000767927
0.00381482,0.00305375,0.00252717,0.00194758,0.000527488,3.75337e-05
0.0047742,0.00347851,0.0025049,0.00335944,0.000121256,0.000312287
0.00930095,0.00616724,0.00393666,0.00079423,0.00128618,-7.67114e-05
0.00989045,0.00685304,0.00546262,0.00683782,0.00127171,0.000215294
0.0388682,0.0160202,0.0138504,0.0121275,0.00403835,0.0051608
0.0136003,0.00779295,0.00593533,0.028441,0.00783695,0.0235027
0.00794402,0.00571217,0.00305089,0.00373677,0.00205589,-8.50414e-05
0.00759357,0.00556273,0.003677,0.00150768,0.00129306,0.000739541
0.0041198,0.00336406,0.00692131,0.00839739,0.00230811,0.0011957
0.00991378,0.00698586,0.005064,0.00725784,0.00170293,2.15084e-05
0.00863358,0.0059926,0.0119377,0.00450517,0.00197307,-0.000341817
0.00437929,0.00343461,0.00253189,0.00168289,-0.000375011,0.000133461
0.00432324,0.00309136,0.00184912,-0.00036788,3.18272e-06,0.0012646
0.0110515,0.0047243,0.00572284,-0.000950642,0.00161583,0.000283478
0.0109953,0.00473938,0.00565574,0.000859926,0.00140954,0.000242734
0.0206011,0.0139225,0.00830539,0.0113038,0.00271689,0.00146793
0.00894103,0.00638728,0.00446124,0.00219375,0.000363776,0.000853005
0.00843258,0.00574056,0.00995347,0.0106412,0.00064416,0.00121928
0.0218818,0.014351,0.0294122,0.0353234,0.00800092,0.00836474
0.0124166,0.00891932,0.0050006,0.00339255,0.000855846,0.000762314
0.00846167,0.00611415,0.00448608,0.00424026,0.00144384,0.000613994
0.00851349,0.00431938,0.00274715,-0.000651049,0.00118131,0.00027552
0.00754637,0.00387344,0.00401864,0.00426264,0.000792015,0.000504453
0.00902143,0.00443858,0.00365932,-0.00108331,0.000650421,-0.000240724
0.0204142,0.0123938,0.00661315,0.00738646,0.00246282,0.0011673
0.0100541,0.00739065,0.00477813,-0.00213111,-0.000576884,-1.50692e-05
0.0227611,0.0127812,0.0262142,0.0243028,0.0061374,0.00262933
0.0119499,0.0077372,0.00584939,0.00433212,0.00127445,0.00119799
0.0183937,0.0122474,0.00569538,0.00827151,0.00129795,-1.53858e-05
0.0204113,0.00798828,0.0126563,0.0127986,0.00304795,0.000713569
0.00692461,0.00527027,0.00321973,7.41539e-05,0.000299772,0.000481943
0.0223706,0.00959204,0.00817365,0.00772637,0.00182199,0.00278948
0.00502127,0.00363632,0.00252716,0.00294174,0.00104263,-4.31112e-05
0.00785183,0.0060331,0.00232182,0.00654992,0.0004053,0.000856867
0.0123633,0.00887307,0.00597488,0.00619002,0.000693662,-0.000450154
0.0078715,0.00453484,0.00373499,0.00649813,0.00115585,0.00038836
0.0180373,0.0126355,0.0061882,0.0091401,0.000572036,0.00080605
0.00639057,0.00304813,0.00402878,-0.0018109,-0.000177649,0.000956264
0.00629461,0.00304734,0.00398119,0.000616456,-0.000323715,0.000140341
0.00884373,0.00637129,0.00572014,0.0084277,0.00226513,0.00015131
0.0096285,0.00400838,0.00703092,0.00252973,0.00127595,0
0.0126027,0.00718017,0.00659885,0.00573916,0.000885047,-7.45283e-05
0.0135518,0.00949793,0.00626227,0.012156,0.00200204,0.000381732
0.0116309,0.00498032,0.00525024,0.00292185,0.00040746,0.000186081
0.00758463,0.00368486,0.00358532,0.00165391,-0.000430411,0.000269585
0.00378409,0.00299515,0.0024234,0.0021939,0.000532036,0.00122876
0.00934652,0.00651354,0.00393501,0.00534665,-4.71525e-05,-0.000519412
0.0206905,0.0139609,0.0107002,0.0144724,0.00291468,0.00220333
0.00841333,0.00569139,0.00204695,0.0062653,0.00135818,-0.00100851
0.00633937,0.00417566,0.00182211,0.0171862,0.00803079,0.0199858
0.00550932,0.00385276,0.00311117,0.000683329,-0.000608227,-0.000118779
0.00737872,0.0049747,0.00736998,0.00658531,0.00172342,0.00179787
0.0144246,0.00606901,0.0109275,0.0190466,0.00320651,0.00273396
0.011031,0.00755463,0.00531183,0.00611566,0.000752793,0.000485695
0.00996493,0.00655753,0.00533116,0.0138364,0.00398643,0.0103101
0.0118133,0.00762331,0.00578626,0.0127016,0.00465213,0.0101361
0.00823732,0.00588452,0.00357556,0.00490298,0.000542022,0.00112857
0.0100226,0.00691664,0.00511037,0.00413705,0.000500627,0.00249344
0.0202604,0.0108146,0.0148158,0.0314962,0.00410003,0.00336128
0.0184278,0.0100556,0.0113576,0.0192331,0.00130784,0.00246742
0.00910118,0.00413739,0.00353562,0.00235403,0.000578194,0.0014081
0.00988922,0.00428474,0.00398621,0.00371688,0.00111708,0.00179215
0.0135825,0.00894664,0.0061403,0.00551273,0.00179226,-0.000342708
0.0103334,0.00418116,0.00502856,0.00283336,0.000900211,0.0013259
0.00999467,0.00415256,0.00497461,0.00689146,0.00181061,0.000368463
0.0109691,0.00485559,0.00383067,0.0030301,0.00062838,-0.000417686
0.0105625,0.00482874,0.00475978,0.00602395,0.00162158,0.00110589
0.0109358,0.00500996,0.00585694,0.00352611,0.00102958,0.00183453
0.00559244,0.00382973,0.00324445,0.00182245,0.00118567,0.00103898
0.0107394,0.00767831,0.00556683,0.00947186,0.00183568,0.000375545
0.0181291,0.0113551,0.00828192,0.0115309,0.00264441,0.000971101
0.00941477,0.00338771,0.0100277,0.00691825,0.00253939,0.000487389
0.00847771,0.0033514,0.00942741,0.00677382,0.00245835,1.54025e-05
0.0198777,0.0081633,0.0117114,0.0135676,0.00359028,0.00279133
0.0222108,0.00809022,0.0124655,0.0163554,0.0027719,0.00221012
0.0219591,0.0094821,0.0119151,0.0169928,0.0027012,0.00175397
0.0210616,0.00944236,0.0111431,0.0149736,0.00241477,0.00162623
0.00619651,0.00454288,0.00297073,0.00127892,0.000473635,0.00175515
0.00610256,0.00401815,0.00262651,0.00405603,-0.00037705,-0.00128248
0.0152193,0.00992042,0.00897628,0.00524823,0.00219591,0.000373555
0.0192197,0.0131774,0.007955,0.00777697,0.00145328,0.000119954
0.0181685,0.0127814,0.0113259,0.014706,0.0021447,6.61185e-06
0.0043466,0.00305358,0.00275358,-0.00149841,0.000667297,-0.000653875
0.00518702,0.0039016,0.0025075,0.00715431,0.000254075,0.00127466
0.0113387,0.00518777,0.00397392,0.00457519,0.00255522,-0.000236083
0.0111543,0.00557117,0.00408887,0.00333196,0.00170402,0.000131214
0.00896842,0.004751,0.00424218,0.0103578,0.00136673,-0.0016708
0.009281,0.00484855,0.00435287,0.00832841,0.00169211,-0.00125711
0.0112174,0.00746206,0.0066807,0.0148818,0.00744748,0.0204798
0.0102746,0.00669151,0.00506561,0.00266479,0.000625242,0.00249634
0.0114616,0.00582811,0.00508336,0.00475427,0.0011069,0.000470539
0.00441937,0.00314096,0.0025749,0.0012355,0.000561425,-2.76948e-05
0.00685568,0.00504063,0.00168818,0.00389371,0.000310016,-0.00161677
0.0100601,0.00705227,0.00756774,0.00618817,0.00170656,0.00163475
0.00688367,0.00463556,0.00750413,0.00762454,0.00221156,0.00220672
0.0145143,0.00993821,0.00402293,0.0059252,0.000104391,0.000294537
0.0172694,0.0119379,0.0099209,0.0151925,0.00370098,0.00791331
0.020656,0.0120917,0.0124734,0.0145849,0.00426255,0.00622054
0.0152383,0.00920784,0.00886991,0.0111458,0.00298454,0.00103144
0.0085982,0.006211,0.00439818,0.00542285,0.000419534,-0.00267536
0.0167955,0.0111403,0.00554855,0.00185712,0.000969994,0.000758359
0.0155179,0.0104147,0.00638129,0.0074991,0.00173544,9.27538e-05
0.0162648,0.00936587,0.00939635,0.0139081,0.00131703,0.000587512
0.0196396,0.0128231,0.00740755,0.00530958,0.00172934,0.00133582
0.00460393,0.00334725,0.00489452,0.00577111,0.00134282,0.001087
0.00700824,0.0048779,0.00267627,0.00372189,-1.49055e-05,-0.00150367
0.0149896,0.0103311,0.0102907,0.0107292,0.00259252,0.00169365
0.0264015,0.0123921,0.0144408,0.0173032,0.00274628,0.00140603
0.0286154,0.0126098,0.0156219,0.0180302,0.00231719,0.00173517
0.0124209,0.00740863,0.00923841,0.0105282,0.00320867,0.0021432
0.0103281,0.00646928,0.00652718,0.00571927,0.00097793,0.0013866
0.0209699,0.0125069,0.0114641,0.013552,0.00298075,0.000776284
0.0435263,0.0160697,0.0245947,0.0284042,0.00700003,0.00214191
0.0501303,0.018491,0.0269547,0.0270664,0.00665465,0.00270406
0.0148161,0.00764524,0.00733976,0.00430119,0.00170433,0.00220474
0.0215611,0.00796549,0.0093108,0.0095934,0.00235906,0.00218007
0.0147339,0.00598917,0.00507174,0.00865969,0.00112211,3.1655e-05
0.028963,0.014839,0.0123034,0.0110449,0.00315962,0.00100893
0.0366494,0.0148991,0.0153947,0.0172763,0.00382422,0.000152051
0.0129204,0.00869302,0.00534906,0.00930307,0.00148562,0.000162256
0.0117108,0.00845802,0.00636087,0.0148402,0.00216916,0.00248867
0.0277435,0.0156232,0.0278782,0.0341948,0.00792368,0.00378333
0.022074,0.0151154,0.00665159,0.00767121,0.000547812,0.0029307
0.00906317,0.00604613,0.00553507,0.0048223,0.00124396,0.000365888
0.00636271,0.00414472,0.00442184,-0.00217536,0.00122937,0.00140464
0.0356269,0.0191741,0.0295549,0.0412542,0.0079465,0.00270014
0.00438061,0.0033364,0.00181353,0.00114688,0.00217648,7.29946e-05
0.00582702,0.00456024,0.00270792,0.00300214,7.49481e-06,-9.29824e-05
0.012501,0.008299,0.00515559,0.00860639,0.00207845,-0.00103695
0.0119493,0.00833487,0.00601734,0.00570555,0.0017537,0.000892514
0.0107871,0.00756968,0.00556902,0.00208095,0.00100171,0.000483546
0.00522346,0.00372115,0.00249768,0.00626223,0.000548921,0.000741703
0.0261328,0.0166895,0.0131746,0.0130389,0.00461011,0.00311413
0.0137491,0.00957884,0.00688532,0.00439237,0.00183787,0.000561633
0.0155833,0.00949025,0.00716217,0.0040774,0.00256928,0.000611702
0.00868896,0.00525291,0.00366673,0.00120777,0.000770364,-9.8383e-05
0.0159838,0.0084644,0.012229,0.0128714,0.00312125,0.000826844
0.0111698,0.00574265,0.00857883,0.00607097,0.00163839,0.000156811
0.0181954,0.0113675,0.0361502,0.0444513,0.00894609,0.00629879
0.0136147,0.00927232,0.00542429,0.00652745,0.000826328,0.000390789
0.0141678,0.00969992,0.0035592,0.00497133,0.00130069,-0.000237576
0.00675655,0.0047452,0.00273737,0.00143734,0.000803946,-3.03679e-05
0.0158154,0.0074114,0.00957143,0.00837747,0.00407995,0.00337086
0.0115772,0.00753001,0.00438723,0.008624,0.00251139,0.0027212
0.0212841,0.0128167,0.00717659,0.00503321,0.00162995,0.000879329
0.00943615,0.00376168,0.00444793,0.00120949,0.000767193,0.00133697
0.0102249,0.00709476,0.00877616,0.0131715,0.00199895,0.00235543
0.00949665,0.00562073,0.00344409,0.00149233,0.000324319,0.000103335
0.00738273,0.00324612,0.00524071,0.00413614,0.0011473,0.000842756
0.00795146,0.00450671,0.00345921,0.000808666,0.00131577,0.0019819
0.00813568,0.00573107,0.00393005,0.0017049,0.00209841,0.00220684
0.0118468,0.00678789,0.00964086,0.0202765,0.00774999,0.0193854
0.00891296,0.00452912,0.00817739,0.00746297,0.00184276,0.00482549
0.0185952,0.0135187,0.00868527,0.0145264,0.00462024,0.00676931
0.0199243,0.0118718,0.00899163,0.00899477,0.0014863,0.00153546
0.0133533,0.00830602,0.00614251,0.00769602,0.0014133,0.000751342
0.00877762,0.00611204,0.00304496,0.00450207,0.00182338,0.000692121
0.00896801,0.00629059,0.00316983,0.00186575,-0.000262496,-0.000228114
0.0146563,0.0100562,0.00781328,0.00574296,0.00314787,0.000701502
0.00762536,0.0055689,0.00390739,0.00182642,0.00130334,-0.000371725
0.0101978,0.00695243,0.00255633,-0.00155652,8.73476e-05,0.00077599
0.0201365,0.0121358,0.00819359,0.0111609,0.0023024,0.000249062
0.010194,0.0053057,0.00734253,0.00864966,-0.000330373,0.000764446
0.0406442,0.0212582,0.0178207,0.0203788,0.00502943,0.000244577
0.0253472,0.0157509,0.0111184,0.00662522,0.00329324,0.00121756
0.00479069,0.00374869,0.00283716,0.0066174,0.0017989,0.000637153
0.0137547,0.00962099,0.00890783,0.0107426,0.00198154,0.00106567
0.00432809,0.00341479,0.00338228,0.000600644,0.000703777,-5.70656e-05
0.00436355,0.00326552,0.0025978,7.49863e-05,0.000723727,-0.00129765
0.0112418,0.00785761,0.0071876,0.00491481,0.0010428,-0.000214501
0.0100598,0.00712966,0.00642503,0.00995902,0.00116101,-0.00101822
0.0126728,0.00858566,0.00991328,0.0160597,0.00294102,0.00131917
0.00702374,0.00516072,0.00225504,0.00274951,0.00170238,0.00227311
0.0108886,0.00738062,0.0044403,0.0054276,0.00143959,-0.000203794
0.00789747,0.00472605,0.00422043,0.0106544,0.00292272,0.00737942
0.0116197,0.00777986,0.00472964,0.00758655,0.000504132,0.000790785
0.0081858,0.00525857,0.00431971,0.0090645,0.000557893,-0.000391472
0.00510137,0.00302454,0.00273998,0.00638754,-3.01343e-05,0.000633114
0.00641353,0.00480114,0.00272729,0.00503595,0.000386044,0.000116348
0.00456977,0.00329542,0.00253363,0.00766135,0.0013194,-0.000642779
0.00480775,0.0036474,0.00294284,-0.00382246,0.000621939,-0.000187299
0.00724019,0.00513072,0.00946038,0.00942599,0.00219206,0.00166371
0.00525757,0.00373172,0.00310164,0.00205515,-1.54217e-06,0.00080888
0.00690436,0.00501362,0.00410044,0.00801324,0.000167438,-0.000250117
0.0105067,0.00778407,0.0125874,0.0154668,0.00305048,0.000648038
0.00629019,0.00334101,0.003254,0.00351981,0.000401279,-0.000287637
0.00709314,0.00491998,0.00285957,0.00135269,-5.57885e-05,0.000223476
0.00666874,0.0044715,0.00322284,0.00287241,0.000718854,-0.0015382
0.00900797,0.00630096,0.00368688,0.00319188,0.00143125,0.00536073
0.00652668,0.00457819,0.00284759,0.000320154,-0.000104253,-0.000948848
0.0115397,0.00838958,0.00750315,0.00242323,-0.000349846,-0.000689425
0.014606,0.0101013,0.00531392,0.00505796,0.00256776,-0.00025586
0.0137616,0.00867037,0.00711792,0.00645795,0.000683583,-0.000691804
0.0118486,0.0077513,0.00657011,0.00564726,0.000937152,-0.00030652
0.00750053,0.00485496,0.00347105,3.28376e-05,-9.59416e-05,-0.000243695
0.00655976,0.00436685,0.0031726,0.00166904,0.000153748,-0.00012747
0.0167845,0.0112974,0.00796696,0.00791792,0.00348297,0.00100285
0.00467325,0.00340433,0.00344113,0.00604795,0.000471798,0.00174933
0.00818887,0.0054989,0.00321418,0.00247102,5.64307e-05,0.000321473
0.00924055,0.00666668,0.00560917,0.00651237,0.00172131,0.000456118
0.0117452,0.00829425,0.00448996,0.00806897,0.00220177,-9.55795e-05
0.00696219,0.00473646,0.00358205,0.00470624,0.000975643,0.000519689
0.0149811,0.00865022,0.00501823,0.00872506,0.00207593,-0.000127032
0.0199675,0.00984704,0.00804988,0.0119775,0.00271574,-0.00102328
0.0115946,0.00792073,0.00589046,0.00116876,0.0005884,8.01807e-05
0.0194054,0.0136079,0.011146,0.00875121,0.00350422,-0.000295965
0.00761246,0.00523467,0.0042822,0.00251968,0.000214607,0.000187567
0.0063905,0.00477338,0.00248891,-0.00146336,0.000688434,-0.00079999
0.00773505,0.00551005,0.0057758,0.00951202,0.00192302,0.00111506
0.00706111,0.00335116,0.00405227,0.00431872,0.00213515,9.67127e-05
0.0119635,0.00563886,0.00598893,0.0055716,0.00164628,0.00186799
0.0104324,0.00441753,0.00501702,0.00233435,0.000347151,0.00175588
0.0116493,0.008034,0.00567203,0.00773161,0.00220467,-0.000350479
0.00752417,0.00419815,0.00604203,0.00410572,0.00176522,-0.000602004
0.00869159,0.00453421,0.00776491,0.00314399,0.000809757,-0.000176695
0.0244241,0.0160588,0.0243278,0.0533588,0.0156977,0.0285085
0.0159998,0.0110302,0.00616331,0.0101942,0.00161501,-0.000526403
0.0130942,0.00939924,0.00575606,0.00593071,0.00206932,0.00113111
0.015022,0.00979366,0.00893155,0.013467,0.00176263,0.00166473
0.00502699,0.00362843,0.00175816,0.00507734,-0.000114155,-0.00049337
0.00917865,0.00499578,0.00484727,0.00162087,0.00176316,0.000236026
0.0153725,0.00961155,0.0100385,0.0114168,0.00354297,0.00152982
0.00572049,0.00440894,0.00224187,-0.00136552,0.000832115,-0.000161098
0.0062287,0.00434094,0.00329656,0.0053002,-0.000153739,-0.000212834
0.0109862,0.00741638,0.00656194,0.0070169,0.00106015,0.00169871
0.00693568,0.00501451,0.0026787,0.00174312,0.000198903,-0.00130755
0.0233885,0.0157476,0.0099188,0.0108423,0.00312777,0.00343338
0.00407748,0.00323847,0.00130275,-0.000752876,0.000252411,-0.00155187
0.0241464,0.0106616,0.00927121,0.0113316,0.00233343,0.000733326
0.0261961,0.014308,0.00853781,0.00921721,0.00318069,0.000791046
0.011296,0.00451833,0.00327988,0.00268877,0.000471643,-0.00025784
0.0114586,0.00738521,0.00487766,0.00207089,-0.000680413,-0.000632465
0.0159561,0.0106004,0.00972073,0.0103929,0.00174639,0.00103226
0.0475237,0.0194048,0.0156041,0.0145926,0.0070528,0.135334
0.0575085,0.0176688,0.0186189,0.0121216,0.00924042,0.409883
0.00584071,0.00405014,0.00229704,-0.00123877,0.0033687,0.000331147
0.0280633,0.0107168,0.0117797,0.00981975,0.00247191,0.00108897
0.0250578,0.0106723,0.01059,0.00728817,0.00158944,0.0011658
0.0123812,0.00853862,0.00399405,0.00460854,0,-0.00139827
0.0122367,0.00872512,0.00393727,0.00458881,0.000748145,0.00103025
0.00696839,0.00505122,0.00341904,0.0051868,0.000647376,0.00072877
0.0105188,0.00763362,0.00908367,0.0133739,0.00195274,0.00079447
0.00579419,0.00406181,0.00925383,0.0190628,0.00623185,0.0109677
0.00904559,0.00452041,0.00561283,0.00682011,0.00190203,-0.000229662
0.00938951,0.00362844,0.00451385,0.00381539,0.000871777,-0.000479295
0.00488575,0.00358135,0.00407601,0.00227197,0.000768577,0.00117097
0.00631723,0.00421272,0.00369212,-0.00304382,0.000125819,0.000745347
0.0127746,0.00934049,0.00661759,0.00881095,0.000117172,-0.000381144
0.0107577,0.00721877,0.00346959,0.00495252,0.00171748,0.0004314
0.00719066,0.00486091,0.0041363,0.00240999,0.000240402,0.000219182
0.00837633,0.0058143,0.00236236,0.0140172,0.00669281,0.019943
0.00422819,0.00347323,0.0027207,0.000419532,0.00107814,-6.37769e-05
0.0104285,0.00690326,0.00469239,0.0038935,0.000836497,0.000991278
0.022491,0.0125037,0.00783869,0.00752308,0.0023329,0.000299147
0.0152661,0.00879675,0.00606409,0.00248859,0.0010171,-0.000725002
0.00398294,0.00300492,0.00335771,0.00733959,0.000666746,-2.44166e-05
0.0157749,0.00656658,0.00793981,0.0110105,0.00134441,0.00136473
0.0247236,0.0134366,0.0151794,0.0160977,0.00387342,0.00186856
0.0108699,0.00752584,0.00503743,0.00400958,0.00175232,0.000402359
0.00734866,0.00562777,0.00383303,0.00278782,0.000310823,0.00122458
0.0342975,0.0223314,0.0213443,0.0271729,0.0044895,0.00174073
0.010668,0.00510278,0.00369063,0.00604158,0.00148051,0.000209183
0.0139765,0.00964381,0.00432991,0.00315301,0.000671234,0.00113743
0.00401058,0.00325671,0.00695227,0.0070361,0.000775636,0.000587041
0.0291794,0.0187919,0.0105662,0.00990461,0.00308348,0.00205725
0.00622619,0.00430545,0.00337747,-0.000133855,0.000697606,0.000789558
0.00734563,0.00527656,0.00342695,0.0040003,0.000366336,-1.10412e-05
0.0119312,0.00871694,0.00977913,0.0116526,0.00262477,-0.000248443
0.0121724,0.00751517,0.00804513,0.00799401,0.00175426,0.000154062
0.0366449,0.0206769,0.0239112,0.0248484,0.00578594,0.00476883
0.025673,0.0176072,0.0103215,0.0157346,0.0034911,0.00260085
0.00726203,0.00539138,0.00273505,0.003589,-0.000390551,-0.000903562
0.0155698,0.00981751,0.00558123,0.00550188,0.00403056,0.265901
0.00937601,0.00531195,0.00383653,0.00327343,0.000661089,0.0866696
0.0225451,0.014986,0.0090312,0.00634464,0.00267746,0.00308931
0.0263625,0.016119,0.0139909,0.0145649,0.0032431,0.00211871
0.0142958,0.00865448,0.00643988,0.00522974,0.00188088,0.00303677
0.0210185,0.0139745,0.00742627,0.0103816,0.0019077,0.000694683
0.0202097,0.0136405,0.00783223,0.0106684,0.00132459,0.000773079
0.00800306,0.00580259,0.00307765,0.00437572,0.00100567,0.000490667
0.0062761,0.00427869,0.00225064,0.00137293,0.000747604,7.94287e-05
0.0148051,0.0102382,0.00789831,0.00703527,0.00272387,-0.00117039
0.0218172,0.015076,0.00580683,0.00429659,0.000944715,0.000639643
0.0106704,0.00741919,0.00400344,0.00211443,0.00194038,-0.000376191
0.00401205,0.00319368,0.00118492,0.000605734,8.86244e-05,-0.00168303
0.0077473,0.00468742,0.0049972,0.00353855,0.000527266,-0.000675192
0.00474335,0.00343709,0.00212361,0.00488837,0.000489059,0.000546291
0.00744684,0.00489055,0.00520686,0.00260918,0.000561482,0.000879495
0.0118721,0.00751153,0.00645261,0.00827462,0.00260555,0.00133
0.0149482,0.00722213,0.00615827,0.010634,0.00165474,0.00205394
0.0131913,0.00596856,0.00650887,0.00622579,0.00156406,0.000776966
0.00881743,0.00554366,0.00420169,0.00374172,0.00177174,0.000523253
0.0152208,0.00995135,0.00563403,0.00558132,0.0022478,0.000672036
0.0094783,0.00668514,0.00370654,0.00616844,9.71601e-05,0.00152449
0.0185705,0.0109079,0.00929988,0.00728448,0.0017179,-0.000607292
0.0266953,0.0153334,0.0153029,0.014738,0.00323912,0.000629492
0.0320375,0.0194222,0.0148356,0.017983,0.0044285,0.00492474
0.0259202,0.0165831,0.0154327,0.0364793,0.0144961,0.0331391
0.0202245,0.0140864,0.0102671,0.0119824,0.00297486,0.00166258
0.00485876,0.0037769,0.00339509,0.00269983,0.00278127,0.00146527
0.0112947,0.00661717,0.00513212,0.00364419,0.000635326,-0.000210196
0.0237209,0.0111584,0.0110003,0.0104307,0.00252092,0.00168512
0.00963955,0.00671276,0.00589008,0.00560276,0.0015578,0.00153265
0.0215866,0.00952803,0.0129742,0.0110104,0.00306455,0.000742007
0.00794332,0.003332,0.00428067,0.00552447,0.00184339,0.000934743
0.0127717,0.00787897,0.00768189,0.00574804,0.00202397,0.000344937
0.0144297,0.0100249,0.00744011,0.00856258,0.00251896,0.00305215
0.0183305,0.012426,0.00825311,0.0100052,0.00125057,0.000872788
0.0103372,0.0065941,0.00815349,0.00704666,0.00178334,0.000634829
0.00508205,0.00317377,0.00246273,0.00227371,0.00094855,-6.07697e-05
0.00939553,0.00662193,0.00265117,0.00930155,0.00307959,0.00488165
0.00806683,0.00576128,0.00269028,-0.00108866,0.000181955,-0.000465305
0.00982409,0.00676816,0.00326032,0.000979233,0.000605264,0.000857829
0.0289325,0.0168902,0.0127914,0.0139519,0.00313081,0.00177227
0.0209196,0.0109477,0.0112511,0.0133071,0.00267364,0.00125875
0.0164977,0.0111693,0.0093969,0.0108686,0.00258816,0.00211675
0.00845161,0.00367267,0.00569475,0.00459293,0.000789872,0.000770105
0.00871883,0.00382991,0.00545201,0.00394257,0.00113609,0.000881422
0.0157763,0.00972711,0.0215205,0.0359399,0.0124446,0.0224633
0.0144615,0.00909073,0.00684281,0.00613191,0.00158889,-0.000590695
0.00610472,0.00433952,0.00270799,0.00751004,0.000175039,-0.000951466
0.0118654,0.00813596,0.00457971,0.00376055,0.00166687,0.00052239
0.0179999,0.00814088,0.0104036,0.0128534,0.00198159,0.00283259
0.0158929,0.00720186,0.0101708,0.0152432,0.00297912,0.00161495
0.0181063,0.00728738,0.0117697,0.0190591,0.00326989,0.000856805
0.0094724,0.00402879,0.00628287,0.00797798,0.000253265,0.00067379
0.011038,0.0080262,0.00483751,0.00248983,0.000323122,0.000425578
0.0103148,0.00718739,0.0107698,0.0128628,0.00195623,0.000302634
0.0137412,0.00882455,0.0145535,0.013017,0.00175208,0.00123501
0.0139442,0.00980803,0.00449343,0.00609784,0.00146527,0.00152523
0.0179155,0.011701,0.00796942,0.0108918,0.00034875,0.00162388
0.0112502,0.00786416,0.00525602,0.00357118,-0.000414948,0.000116042
0.0087324,0.0042478,0.00326238,-0.000349505,0.00153217,-0.000670184
0.00762777,0.00529984,0.00386286,0.00159906,0.000561267,0.00133611
0.0213084,0.00916451,0.00896304,0.010965,0.00292988,0.00141075
0.0214552,0.0091299,0.00905825,0.0108683,0.00338694,0.00107272
0.00693795,0.0031408,0.00381215,0.00387938,0.00130912,0.00232697
0.0143445,0.00506694,0.0071947,0.0120067,0.00251225,0.00252082
0.019998,0.0080666,0.0279985,0.0256023,0.00587347,0.00445962
0.00768262,0.00565404,0.00359434,0.00015552,0.000870321,-6.63391e-05
0.0159423,0.00990336,0.00408475,0.010303,0.00224394,0.00266534
0.0338308,0.0225616,0.012834,0.0172629,0.00351955,0.00231852
0.0149668,0.00467406,0.00824125,0.0043377,0.0014202,0.000860155
0.0119176,0.00463043,0.00771018,0.00519341,0.00147624,0.000624974
0.0164415,0.0109155,0.00713394,0.00599165,0.00124838,0.00160428
0.021544,0.0134322,0.0112653,0.0123029,0.00343168,0.000233314
0.00920529,0.00633391,0.00457396,0.00366703,0.000523378,-0.00117527
0.0233887,0.00975577,0.011821,0.0147803,0.00271976,0.00139975
0.0254315,0.0103074,0.0129124,0.0123252,0.00244196,0.00222151
0.00475318,0.00361804,0.00264925,-0.00170513,0.00032293,-0.00053148
0.0208713,0.0107606,0.00949864,0.0101801,0.00212782,0.000659481
0.00940975,0.0063994,0.00735072,0.0156204,0.00513367,0.0108878
0.0151329,0.00849046,0.00592056,0.00422387,0.00264628,0.00357769
0.0378412,0.0216208,0.0193347,0.0192065,0.00531868,0.0030892
0.0272053,0.0158134,0.0120488,0.013591,0.00231297,0.00118317
0.0218357,0.0121875,0.00675749,0.00726016,0.00239787,0.000644372
0.0116885,0.00526541,0.00519302,0.00674642,0.00174242,0.00104105
0.00968516,0.00675188,0.00434151,0.00392332,0.000484377,0.000700305
0.0221715,0.015114,0.0081382,0.0332161,0.00994883,0.0236586
0.00748048,0.00457559,0.00427699,0.00942513,0.00105154,0.000202633
0.0036072,0.00310148,0.00195823,0.0030413,0.000643331,-0.00124561
0.0134309,0.00722233,0.00542034,0.00421376,0.00181862,0.00183011
0.014727,0.00770022,0.0049311,0.003971,0.000582416,0.00218272
0.00655483,0.00484262,0.00255559,0.00179197,-0.000249084,4.52022e-05
0.00799251,0.00481941,0.00469125,0.00389105,0.000181681,-0.00111428
0.0085516,0.00473438,0.00467254,0.00762336,0.00025888,-0.000300955
0.00548716,0.00376629,0.00296006,0.00195854,0.000185556,0.000396975
0.0153678,0.0101849,0.00735573,0.0074846,0.00180113,0.000925558
0.0189129,0.0101024,0.00811978,0.00792325,0.00236843,3.02651e-05
0.0137885,0.00962741,0.00633352,0.00965508,0.000842464,0.00119631
0.052257,0.0275649,0.030565,0.0430995,0.00814698,0.0042898
0.00774608,0.00539491,0.00512168,0.000267673,0.000194407,0.00109905
0.0159926,0.00742878,0.0105968,0.0113337,0.0024318,0.00126396
0.016745,0.00680725,0.00965639,0.00894585,0.00106687,0.000688825
0.00542839,0.00406885,0.00752606,0.00967861,0.00131788,0.000195022
0.00635759,0.00452014,0.00501851,0.00269301,0.00130126,0.000188393
0.0179641,0.00850329,0.0118848,0.0111491,0.00269755,0.00229207
0.0218232,0.00848767,0.0133406,0.0117754,0.00171669,0.00240808
0.00427125,0.00330265,0.00149555,0.00170034,-0.000336976,0.000199227
0.040529,0.0156826,0.0310299,0.0344571,0.00771485,0.00341286
0.00537827,0.0037482,0.00360146,0.00153618,0.000168661,0.000566226
0.0126618,0.00714991,0.00499113,0.00239125,0.00224189,0.00088623
0.0146303,0.00900897,0.00572797,0.00455521,0.000538736,0.000158517
0.00982474,0.0056822,0.00396571,0.00596631,-0.000578196,-1.79995e-05
0.0393401,0.0251126,0.016177,0.0241138,0.00381815,0.00258928
0.0154742,0.00526332,0.00595784,0.003663,0.00143525,-0.000319374
0.00598962,0.00368688,0.00457581,0.00220472,0.00031657,0.00174799
0.0149275,0.00995826,0.0057376,0.0099889,0.00136058,0.00189073
0.00873062,0.00588821,0.00296245,0.000418071,0.000317286,0.000641732
0.0153362,0.00793929,0.00925137,0.0246102,0.00927837,0.0231595
0.0119856,0.00839975,0.0108316,0.0107343,0.00149471,-0.000306509
0.00941516,0.00680786,0.00423279,0.00489881,0.00178939,-0.00111693
0.0109776,0.00672755,0.00614387,0.00701492,0.00153865,0.000618265
0.0146233,0.0073117,0.0056555,0.00821734,0.00084176,0.00197455
0.0097329,0.00485819,0.00523576,0.00976333,0.00223855,0.000228021
0.0127333,0.00780618,0.00914622,0.00755909,0.00290763,0.000127107
0.00498769,0.00366529,0.00273041,0.00191441,-0.000231063,0.000659105
0.017409,0.0120575,0.00538254,0.00520852,0.00170047,0.00151461
0.013733,0.00944254,0.0102112,0.0110884,0.00290449,0.00204157
0.0194323,0.0125286,0.00835625,0.00579155,0.000837361,-7.78604e-05
0.00889981,0.00624501,0.00348513,0.000781478,0.00130921,-0.000625533
0.0210487,0.0115944,0.0139297,0.0314907,0.0116361,0.0225783
0.00703037,0.00406653,0.00325215,0.00222592,0.000729631,5.16906e-05
0.0115515,0.0077429,0.0039525,0.00116977,0.000719451,0.00010108
0.00654341,0.00482322,0.00192168,-0.00302457,-0.000166294,0.000507493
0.00375282,0.00317956,0.00252492,0.00151175,-0.000174952,0.000586105
0.0139163,0.010436,0.00569459,0.00297812,0.000713052,0.00051402
0.02026,0.0123255,0.0110484,0.0168173,0.00264051,0.00195429
0.0181624,0.0123643,0.0103725,0.0145813,0.00140303,0.000579067
0.00578991,0.00390712,0.00265147,0.00284157,-0.000254849,0.000250753
0.0303077,0.0127669,0.0109214,0.00586805,0.0024654,0.00099979
0.0308868,0.012753,0.0112685,0.0054331,0.0022595,0.00127878
0.00652135,0.00512967,0.00241308,0.00209668,-5.85921e-05,0.00102723
0.00693913,0.0048929,0.00473128,0.00567001,0.000464566,-0.00107866
0.0101734,0.00690455,0.00408996,0.00147479,0.00143134,0.000279102
0.0109601,0.00782263,0.00418032,0.00288329,0.00025699,0.0018003
0.0156221,0.0111478,0.00900764,0.00703688,0.000990912,0.000486931
0.0230207,0.0155283,0.0178949,0.0203724,0.00558321,0.00339072
0.00521409,0.00350402,0.00153413,0.00440239,0.00260318,-0.000836983
0.0128063,0.00909196,0.00508769,0.00284018,0.00144567,-0.000191122
0.00683514,0.00474684,0.0022256,0.00395454,0.000843267,-0.00104863
0.00480781,0.00314394,0.00112468,0.00181136,0.00144187,0.000358871
0.0164984,0.00970666,0.00633321,0.0238295,0.011721,0.0305325
0.00995395,0.0041002,0.00554034,0.0278542,0.0131401,0.040544
0.00939855,0.00650175,0.00438871,0.00365115,0.00110058,-0.000237833
0.0131171,0.00790325,0.00721895,0.00368876,0.00115822,0.00308922
0.0113896,0.00719467,0.00579887,0.00658503,0.00030348,0.00105416
0.0145756,0.0100841,0.00423465,0.00821007,0.000398247,-0.000237323
0.0114845,0.00791617,0.0062012,0.0118469,0.00216504,0.000146531
0.011124,0.00764284,0.00753435,0.00702119,0.00266471,0.000842243
0.00494232,0.00352436,0.0029956,0.00239162,0.000846091,-0.000928429
0.00800316,0.00575643,0.00448223,0.000480557,0.00115212,0.00240427
0.0157332,0.0106288,0.00567912,0.00425119,0.00124629,0.00220523
0.00959683,0.00660512,0.00704774,0.00964454,0.000260115,0.000469253
0.0152935,0.00870087,0.00611381,0.00580773,0.00107213,-0.000750557
0.0142419,0.00857182,0.00581604,0.000835261,0.000470261,3.24637e-06
0.00939388,0.00466822,0.00535857,0.00500466,0.000224548,-0.00138227
0.0168955,0.00554592,0.00810762,0.00401179,0.000511992,-0.000777701
0.0146417,0.00566103,0.00565222,0.00268334,0.000178487,0.00014195
0.00879542,0.00614014,0.00548816,0.00989567,0.00494227,0.00852122
0.00794498,0.00573173,0.00359439,-1.31678e-06,0.000372591,0.000187967
0.0104934,0.00748027,0.00700777,0.00753165,0.0024393,0.00175714
0.0123659,0.00764933,0.00638799,0.00207068,0.000663769,-0.000417282
0.00909416,0.00522564,0.00372921,0.00469889,0.000433621,-0.0008858
0.00774457,0.00545572,0.00533328,0.00439281,0.00149108,0.000849088
0.00984078,0.00558847,0.00677367,0.00299153,0.00164837,0.0014922
0.018386,0.0130019,0.00637434,0.00566601,0.00165451,0.00110433
0.00647541,0.00449249,0.00401385,0.00390213,0.00139213,0.000406935
0.0150579,0.00853641,0.00663753,0.00605529,0.00128116,0.00171066
0.0139221,0.0085032,0.00622268,0.00801519,0.000725719,0.00180542
0.0323233,0.0179976,0.01627,0.0222082,0.00571975,0.00439475
0.0127707,0.00886605,0.00436621,0.00204278,0.00149371,-0.000779469
0.0228944,0.00932563,0.010396,0.0116273,0.00269978,0.00198147
0.0285338,0.0153533,0.0135728,0.00819792,0.00215019,0.00130691
0.0104188,0.00723339,0.00676947,0.00815098,0.00121134,0.0022066
0.00606543,0.00456657,0.00215793,-0.00125909,0.00153941,-0.00152123
0.0116583,0.00771993,0.0048903,0.00459195,0.00171184,0.000540267
0.0205539,0.0097002,0.00882048,0.00876701,0.00230974,0.00178157
0.0212045,0.00745948,0.00924072,0.00711927,0.00138722,0.00257769
0.00555837,0.00399422,0.00235862,0.0056017,0.00134805,0.000531579
0.00889929,0.00634853,0.00302661,0.00488977,0.00028568,-0.000690544
0.0101522,0.00706507,0.00441344,0.00233985,-0.000146685,0.00216488
0.00665112,0.00459575,0.00310549,-0.000373429,0.000173297,0.000268989
0.00587451,0.00443432,0.00293946,0.00308332,6.9552e-05,0.00115895
0.00821087,0.0048444,0.00298033,0.000911371,0.00126961,0.0011986
0.0131356,0.00751308,0.00766474,0.0111457,0.00232264,0.00108999
0.0202771,0.0135744,0.01735,0.0193817,0.00383791,0.00198236
0.0106033,0.00591099,0.0030619,0.00385761,0.00108085,-1.43586e-05
0.0241304,0.0130785,0.0107851,0.0146884,0.00164917,0.00109421
0.0254847,0.00959502,0.0098518,0.0106177,0.00211557,0.00201075
0.0196747,0.00859151,0.00806958,0.00751641,0.00102501,0.000718268
0.00679082,0.00423018,0.00229937,0.000691289,0.000508004,-1.63211e-05
0.0157156,0.00823384,0.00869413,0.00665266,0.000480579,0.000968066
0.00426399,0.00310058,0.00230013,0.00358529,-0.000869226,-0.00099914
0.0151345,0.00947096,0.00818793,0.00394595,0.000758626,-0.000368285
0.00672292,0.00490633,0.00374824,0.00202964,0.000334108,-9.28279e-05
0.0285564,0.0154619,0.0101453,0.018014,0.00199486,0.000756332
0.00731446,0.00536905,0.00334817,0.00388789,0.000593036,0.00158807
0.0269772,0.0137179,0.00828754,0.0160949,0.00284748,0.00245233
0.0217823,0.00945389,0.0130081,0.0115283,0.00383113,0.00128725
0.00857245,0.00622808,0.00624983,0.00475195,0.00165144,-0.00061451
0.0121903,0.00865273,0.00550058,0.00859566,0.00241758,0.000217104
0.0213595,0.0133916,0.00976375,0.0141277,0.00238815,0.00105114
0.0114656,0.00610946,0.00662408,0.00525486,0.000837059,0.000941505
0.0144506,0.010073,0.00789453,0.00987504,0.00183191,-0.000610577
0.011287,0.00741017,0.00271805,0.00277454,0.00061818,-0.000598114
0.0160907,0.010648,0.00818614,0.00721881,0.00139064,8.17603e-05
0.0096456,0.00513978,0.00372068,0.00979564,0.00305598,0.00718447
0.0120466,0.00608829,0.00568088,0.0066862,0.00148857,0.00102213
0.00823455,0.00366241,0.00412697,0.00179141,0.000400172,-0.000399325
0.00701311,0.00499038,0.00415345,0.00323085,1.85043e-05,0.00136739
0.012004,0.00849269,0.00413045,0.0132558,0.00495376,0.0119152
0.00622375,0.00439985,0.00167341,0.00219539,0.00101875,-0.00133687
0.00701373,0.00477844,0.0023531,-0.00447014,-0.000282601,0.00128571
0.00467553,0.00349997,0.00229833,0.00189555,0.00123163,0.000312742
0.0103471,0.00763732,0.00233484,0.00535975,5.62105e-05,0.000391011
0.0157659,0.010142,0.00970867,0.016659,0.00224413,0.00178344
0.0108123,0.00805638,0.00532172,0.00752534,0.00156428,0.00130702
0.0136451,0.00625342,0.00537242,0.00671233,0.00265663,0.00067043
0.0160397,0.00781415,0.00646756,0.00727414,0.00225041,0.00116276
0.00874108,0.00652417,0.00711908,0.0101695,0.00267525,8.05095e-06
0.00727897,0.00511133,0.00307881,0.000782256,0.0013378,0.000576408
0.0317544,0.015392,0.011718,0.0142977,0.00172881,0.00382692
0.02131,0.00856123,0.00778806,0.0102434,0.00105921,0.00197771
0.0225396,0.0135561,0.00708456,0.00972584,0.00147492,8.14145e-05
0.00467712,0.00315526,0.00121915,0.00016494,0.000722682,0.000679579
0.0258692,0.0154071,0.0140804,0.0211531,0.00377952,0.00495797
0.0336158,0.0159134,0.0204937,0.0229513,0.00430346,0.002858
0.0143692,0.00952016,0.00582833,0.00271506,0.000756394,0.000327229
0.0100631,0.00569391,0.00380967,0.00211906,0.000731043,-0.000351183
0.00688758,0.00374218,0.00576033,0.00393308,0.00120421,0.000933496
0.00437482,0.00331814,0.00281328,0.00231625,-0.000357452,0.000858714
0.0212314,0.00835085,0.0084911,0.0138274,0.00300718,0.0026364
0.0201733,0.00834472,0.00872439,0.0122224,0.00304919,0.000942213
0.0425728,0.0166336,0.0212145,0.0256606,0.00518087,0.00188888
0.0410905,0.0147391,0.0182611,0.0199636,0.00310913,0.00157701
0.005742,0.0037832,0.00286486,0.00478283,1.94709e-05,0.000555256
0.00672977,0.00470885,0.00304296,0.00140566,-9.32706e-05,0.000470283
0.0223186,0.0117499,0.0118451,0.00938604,0.0017374,0.000505102
0.0126313,0.00771255,0.00431188,0.00264671,0.000781998,-0.000317478
0.00484327,0.00335996,0.00270965,0.00149511,-0.000211429,0.0014582
0.00612989,0.00433968,0.00256337,0.000449139,0.000375425,-0.00112669
0.00590232,0.00417079,0.00255182,0.00394771,0.000574982,-0.00113876
0.00908337,0.00671465,0.00468182,-0.00021572,0.000494384,-0.000260476
0.00382751,0.00306797,0.00206833,0.0029102,0.000338182,0.00101824
0.055839,0.0251614,0.0335452,0.0290578,0.00835448,0.00423393
0.010985,0.00757094,0.00353501,0.00595013,0.00154162,0.000231066
0.0128619,0.00883061,0.00635742,0.0107732,0.00101393,0.00085547
0.0240379,0.00934153,0.00892082,0.0106808,0.0026193,0.000182093
0.0252077,0.00935935,0.00918106,0.00650591,0.00216291,-0.00030239
0.0162871,0.0108978,0.00575474,0.00604331,0.00100066,-0.000201505
0.0192768,0.0090794,0.0081646,0.00781765,0.00121275,0.00158555
0.0183675,0.00724111,0.00691258,0.00702814,0.000363214,0.000111841
0.00872267,0.00613488,0.0044645,0.00514469,0.00058692,0.0015574
0.0320329,0.0160731,0.0174665,0.0162665,0.00348917,0.00183969
0.00742784,0.00312617,0.00395403,0.00319356,0.000502118,0.000866603
0.0107526,0.0065259,0.00844284,0.00989642,0.00215268,0.000543449
0.00810773,0.00317128,0.00612498,0.00914245,0.00119293,0.00060932
0.0129544,0.00630057,0.00551653,0.00293943,0.000170024,0.00120438
0.00480589,0.00346651,0.00185047,0.000446508,0.000817419,0.000506928
0.0226045,0.0144985,0.0163622,0.0282621,0.00569938,0.00289097
0.0055236,0.00324818,0.00283047,0.000115155,0.000677195,0.000214892
0.0159812,0.0105883,0.00990971,0.00828963,0.00204563,0.000893182
0.0110466,0.00770035,0.0134285,0.0140481,0.00207932,0.00168135
0.00934736,0.00631477,0.00893371,0.0129019,0.00310497,0.000107711
0.00454771,0.00319424,0.00233116,0.00195515,-0.000770163,-0.000679586
0.0117594,0.00796457,0.00434228,0.0086522,0.000569014,-0.000480512
0.00573465,0.0042303,0.00220582,0.00141746,-0.000128653,0.000199072
0.0148543,0.00889057,0.00712314,0.00214032,0.00172449,0.000361733
0.00709737,0.00502785,0.00507577,0.00726075,-2.68458e-05,-3.35856e-05
0.00616722,0.00399332,0.00277944,0.00164777,-0.000473328,0.000804963
0.0108726,0.00752589,0.00230039,0.00407187,0.000641635,0.000879799
0.00730805,0.00545861,0.00466953,0.011392,0.00327104,0.0099699
0.0144426,0.00967612,0.0065881,0.00562392,0.000562495,-0.000617586
0.0068701,0.0038516,0.00313135,-0.000469537,7.36464e-05,-0.00128011
0.00460736,0.00343402,0.00681075,0.0119281,0.00146154,0.000598403
0.00562356,0.00408719,0.00207691,-0.00319282,-7.23284e-05,0.00148832
0.0172522,0.0114275,0.0105787,0.00923135,0.00201694,0.000646134
0.00442906,0.00334658,0.00206699,0.00116603,-0.00110936,0.000880585
0.0368996,0.013702,0.0137642,0.016478,0.00260972,0.00144251
0.0349713,0.0134211,0.013459,0.0148068,0.00332902,0.00103375
0.0217397,0.0105898,0.00848054,0.00813899,0.0020346,-0.000143284
0.00573808,0.00403677,0.0019047,1.28825e-05,-0.000273987,-0.000918837
0.00515009,0.00364707,0.00407902,0.00188641,0.00218715,0.000326433
0.013268,0.00900168,0.00716023,0.00728944,0.00106215,0.000952416
0.00666169,0.00460024,0.00669337,0.00526173,0.00103032,-0.000834713
0.00753392,0.0056225,0.00242194,0.00158805,-0.000812129,0.000482757
0.00945235,0.00689485,0.00268457,0.00248886,0.000248294,-2.33079e-05
0.0178791,0.0110993,0.00811623,0.00641047,0.00112416,0.000176149
0.0151646,0.0106718,0.00560176,0.00303196,0,0.00142977
0.00493701,0.00381916,0.00242988,0.00151649,-0.000935412,-0.000193286
0.00921736,0.00544597,0.00295664,0.00074358,0.001769,0.000304172
0.013977,0.00938934,0.00489345,0.00295811,0.00189355,-0.000548447
0.0348087,0.0145785,0.0319106,0.0651005,0.0183615,0.0379465
0.0355397,0.014624,0.0317589,0.0658451,0.0184746,0.0380864
0.00586855,0.00417255,0.00282213,0.00196003,0.00131981,0.000754091
0.00932376,0.00670352,0.00722192,0.0109947,0.002589,0.000182689
0.0160642,0.0113094,0.00575209,0.00794532,0.00134609,-0.000513733
0.00648245,0.00476659,0.00282275,0.00451299,3.81213e-05,-0.000974946
0.0122813,0.00839716,0.00505985,0.00223587,0.001353,0
0.00747518,0.00546586,0.00349821,0.0051788,0.000157455,0.00165789
0.0106767,0.00702775,0.00559357,0.00318287,0.000577979,-0.000153543
0.0114082,0.00819633,0.00608178,0.00908843,0.00175422,0.0013055
0.0182162,0.0132558,0.00546572,0.00992394,0.00136529,0.000764777
0.0235177,0.0132378,0.00625653,0.0115483,0.00241002,0.000904425
0.0209635,0.0121031,0.00495308,0.00819357,0.000745288,0.000865614
0.0197289,0.00825763,0.0175801,0.0180512,0.00497425,0.00216971
0.0113782,0.00844782,0.00252177,-0.00268933,0.000243803,-0.000514692
0.00723686,0.00485295,0.0024555,0.00467085,0.000736762,-5.10068e-05
0.0104721,0.00614455,0.0049033,0.00229886,0.00108611,-0.0010845
0.0146801,0.00847327,0.00696814,0.00260639,0.00147232,-0.000763532
0.0134582,0.00614578,0.00856022,0.00728487,0.00133433,0.00109595
0.014678,0.0103414,0.00492566,0.000374049,0.00214672,0.000586839
0.00906318,0.00516797,0.00389038,0.00322819,0.00101571,0.000810719
0.0131223,0.00741496,0.00489011,0.00894789,0.00137081,0.000494684
0.00637946,0.00464243,0.0071404,0.0182025,0.00722738,0.0115988
0.0156394,0.0108818,0.00528289,0.00418862,0.00107966,-0.000420481
0.019219,0.0102851,0.0110987,0.00845953,0.00196761,0.000972427
0.013242,0.00550742,0.00571649,0.00576767,-3.33859e-05,0.00127097
0.0117595,0.00540149,0.00512554,0.00607595,-0.000190311,0.000941074
0.00872193,0.00606971,0.00523059,0.00662012,0.000442454,-0.000324877
0.0247097,0.0109175,0.0157503,0.0106665,0.00276599,0.00227751
0.0207144,0.00993141,0.00907428,0.00360826,0.000505749,0.00160857
0.020526,0.014079,0.00989607,0.0122889,0.00123818,0.00177495
0.0245429,0.0131712,0.0150637,0.0126154,0.00279939,-0.000108661
0.0247648,0.0132449,0.0149541,0.0141059,0.00197861,-0.000223966
0.0132844,0.0084677,0.00487028,0.00590822,0.000342706,-0.000366043
0.0111914,0.00531416,0.00552672,0.00200429,0.00110764,0.000301346
0.0101479,0.00662167,0.00593396,0.00944042,0.00312254,1.78558e-05
0.00779136,0.00358083,0.00415742,0.00278441,0.000453811,-0.000378362
0.00531876,0.00376191,0.00193117,0.00435016,0.00140997,0.00458835
0.0107758,0.00767084,0.00389994,-0.00140066,-0.000291608,-0.000708251
0.014098,0.0089825,0.00428013,0.00318634,0.000287897,0.000382874
0.0192082,0.0102068,0.00688899,0.00901629,0.00238447,0.00134559
0.0229699,0.00957161,0.00863177,0.0106054,0.00178482,0.00187951
0.0128049,0.00745177,0.00487026,0.00581826,0.000113993,0.00145774
0.00837954,0.00485074,0.00500871,0.0009823,0.00112577,-9.61382e-05
0.0159101,0.00615406,0.00903336,0.00345048,0.00222064,0.000972901
0.023654,0.0116023,0.00945169,0.00758935,0.00255029,0.000523695
0.0077083,0.00551677,0.00357716,0.00444258,0.00189018,-0.00134166
0.00772422,0.00554067,0.00392945,0.000235391,0.00203011,-0.00037799
0.00495125,0.00345964,0.00161192,0.00241238,-0.000167652,0.000966531
0.0114416,0.00778708,0.00408937,0.00442862,0.000509405,-0.0014213
0.0114164,0.00844777,0.00553313,0.00517979,0.00160354,0.00124659
0.00503435,0.00408562,0.00142551,-0.0010322,0.000841922,0.00186021
0.00877404,0.00617703,0.00209798,0.00987408,0.00214946,0.00472594
0.011911,0.00544663,0.00747492,0.00226421,0.00046115,0.000682595
0.0195267,0.00620473,0.0113605,0.0063092,0.00105155,-0.000203331
0.0168847,0.0078514,0.00782775,0.00444236,0.00102066,0.00013591
0.00576144,0.0037771,0.00288792,0.00334673,0.000330236,0.000245288
0.00981949,0.00680088,0.00392804,0.00123484,0.000763003,-0.000290681
0.0236678,0.0097684,0.00794385,0.00875561,0.00245384,0.000336844
0.0245262,0.00978125,0.00816249,0.0104312,0.00186806,0.000173192
0.0169248,0.0116159,0.00601055,0.00326959,0.000948814,-0.000796376
0.00528947,0.00401963,0.00216159,0.00239672,0.000361831,5.59324e-05
0.00823411,0.00593241,0.0032586,0.00778793,0.00090319,0.000249408
0.00449702,0.00354002,0.00236112,-0.00150045,0.000569016,-0.000117224
0.00497602,0.00363986,0.00456257,-0.0019066,1.31066e-05,0.000940693
0.00628645,0.00485487,0.00341408,0.00187938,0.000497161,-0.000110681
0.00848813,0.00585135,0.00300332,0.00303769,0.00079476,-7.94421e-05
0.0222622,0.0116244,0.00956976,0.00902356,0.00414881,0.00160306
0.0392961,0.0177796,0.0245303,0.0394081,0.0152582,0.0219897
0.0253901,0.0146827,0.00797914,0.0149692,0.00319526,-5.68209e-06
0.0138098,0.010244,0.00487878,0.0100952,0.000337237,0.00151142
0.00472156,0.00340196,0.00220504,0.000777042,-0.000295688,-0.00134937
0.0169265,0.0114955,0.00802204,0.00523099,0.00294792,0.000125155
0.0140285,0.0100149,0.00463432,0.00418099,0.000679843,0.00340148
0.010349,0.00631086,0.00451843,0.00813284,0.000298539,2.86539e-05
0.00923727,0.0057442,0.00410433,0.00805869,0.000372033,0.00052881
0.00713779,0.00520929,0.00306994,-0.000538561,-0.000100158,-0.000631274
0.0059757,0.00455962,0.00217091,0.000608786,-0.00118703,-0.000604894
0.0148377,0.0105094,0.00754611,0.00629327,0.00146847,0.000582108
0.01045,0.00658612,0.00475945,0.00218054,0.0012736,-0.000996756
0.023897,0.0152686,0.00594739,0.00706526,0.00249085,5.43609e-05
0.0124512,0.00844625,0.00567104,0.000293799,0.00146523,0.00083059
0.0242792,0.0149331,0.0131503,0.0134952,0.00283898,0.000272462
0.0172994,0.00904615,0.0123562,0.00793965,0.00174282,0.000866698
0.00844556,0.00602805,0.0038559,0.00293371,0.000513223,0.000638655
0.017421,0.0110463,0.00848035,0.00641082,0.00127141,0.00188602
0.00653148,0.00506192,0.00348389,-0.00298172,0.000554858,-0.000367672
0.0205522,0.00806138,0.00774201,0.00711813,0.00140371,0.000504285
0.0130712,0.00914594,0.00444555,0.0051082,0.00183742,0.00128779
0.00992531,0.00492138,0.00446899,0.00415106,-6.10302e-05,0.000821103
0.0108906,0.00778802,0.00318169,0.00631167,0.00134749,0.000386921
0.0168231,0.0111845,0.00600049,0.00803362,0.00105429,0.00104738
0.00643539,0.00463377,0.00685806,0.00534584,0.0010525,-0.000128171
0.00580086,0.00436931,0.0023366,0.00501463,0.000202033,-0.00094088
0.00501068,0.00387345,0.00295266,1.10076e-05,0.000558467,-0.00176028
0.0143984,0.0101293,0.00592143,0.00856014,0.00207039,0.000264579
0.0270361,0.0117925,0.00787518,0.0108389,0.00146572,-6.07622e-05
0.027541,0.0117399,0.00789395,0.0127075,0.00144127,2.17075e-05
0.00552683,0.00387339,0.00262814,0.00367105,-3.4404e-05,0.000673648
0.0191925,0.00931129,0.00825319,0.00760123,0.00198134,-7.40497e-05
0.0179295,0.00937999,0.00807042,0.00590233,0.0014151,-0.000804246
0.0160025,0.00644942,0.009829,0.0197901,0.00669278,0.00837659
0.0162436,0.00646848,0.00982198,0.0176146,0.00566278,0.00758877
0.0267968,0.0114734,0.00622203,0.00830805,0.00238889,-0.000806587
0.0271601,0.011606,0.00621055,0.00710112,0.00222227,-0.000200892
0.00861931,0.00612969,0.00561085,0.00315325,-0.000325714,-0.000567609
0.0175276,0.00776924,0.00611714,0.00189372,0.00129553,-0.000358967
0.0177966,0.0082057,0.00518976,0.000366687,0.000384686,0.000320733
0.00496814,0.00346681,0.00329946,0.00144478,0.000152537,0.00101508
0.00907629,0.00614424,0.00302022,0.00392751,0.000647179,-0.000663652
0.00957381,0.00648822,0.00437155,0.00138591,0.000280743,0.000798895
0.00388868,0.00317865,0.00267058,0.00238405,0.000817334,0.000871524
0.00416704,0.00312286,0.00168938,0.00105657,0.000184451,-0.000365489
0.0200529,0.00944556,0.00644074,0.0122353,0.00216622,0.000325517
0.0211904,0.00948585,0.00643381,0.0106957,0.00226788,0.00176376
0.0105391,0.00741739,0.00366747,0.00073008,0.000546901,0.00250157
0.0142955,0.0102945,0.00489378,0.00738866,0.00173403,0.00150349
0.0274777,0.0124452,0.00878005,0.0105366,0.000909706,0.00109221
0.0177509,0.0123869,0.0056348,0.0109024,-0.000124769,0.00198013
0.00536678,0.00387885,0.00288303,-0.00443973,0.000426145,-0.000315707
0.0139114,0.00946836,0.00613175,0.00947827,0.00063363,0.0014963
0.0147583,0.00834161,0.0121111,0.0202139,0.00334812,-0.000270248
0.00573026,0.00402146,0.00259654,-0.000156888,0.000145775,-0.000115053
0.0101142,0.00687033,0.00439018,0.00210266,-7.62627e-05,0.00102692
0.012758,0.00888365,0.00417428,0.0060982,0.00220929,-0.00111433
0.00702047,0.0044965,0.00330281,-0.000641708,0.000216701,-0.000253949
0.0218465,0.00872354,0.00817085,0.0087565,-2.21894e-05,-0.000646713
0.0215202,0.00874752,0.00802563,0.00925769,2.79419e-05,-0.000396769
0.00538584,0.00400733,0.00492613,0.00350863,-0.000858381,-0.000683541
0.0140522,0.00785799,0.0122209,0.0159393,0.00363872,0.0021953
0.00536583,0.00341637,0.00289812,0.00221754,0.000861383,0.000753431
0.0115697,0.00680761,0.00509577,0.00358786,0.00180255,0.00184014
0.0128286,0.00841677,0.00615615,0.00487211,0.00150981,0.00175772
0.00492535,0.00382586,0.00211605,0.00348383,0.000478877,0.00090544
0.00403039,0.00309972,0.00269351,0.00388545,0.000443851,0.000139479
0.0081061,0.00574813,0.0053176,0.000947792,0.000173554,-0.000742309
0.00467813,0.00355746,0.00230335,0.00290874,0.000105458,-0.000271895
0.0180227,0.0119719,0.0092263,0.0102586,0.000946653,0.000625911
0.00544544,0.0039817,0.00303411,0.00308656,0.00176756,-0.000381526
0.02204,0.0152566,0.00607737,0.00510012,-3.04544e-05,0.00106518
0.00686431,0.00500969,0.00445292,0.00360947,-0.000305914,-0.000955991
0.0071443,0.00360526,0.00434275,0.00388524,0.000169973,-0.000987109
0.00825933,0.00373724,0.00476205,0.00146674,-0.000145484,-0.000979354
0.00604313,0.00466955,0.00362361,0.00498616,0.000778104,-7.87994e-05
0.00964234,0.00655522,0.0098855,0.0125281,0.00253822,-0.000106196
0.0105369,0.00726903,0.00428308,0.00560086,0.000608836,0.0014973
0.024986,0.015888,0.0118336,0.0171733,0.00548033,0.00716564
0.0210691,0.0105221,0.0152359,0.0168642,0.00246058,0.00353972
0.00669383,0.00463887,0.00490134,0.0025791,8.12332e-05,0.000906953
0.00629516,0.00336015,0.00380007,0.00438675,0.00164114,-0.000363369
0.00770217,0.00427962,0.00445081,0.00568674,0.00129749,-0.00121724
0.0107657,0.00719841,0.00968034,0.00440473,0.0016496,0.00066646
0.0181987,0.00783125,0.010115,0.0110704,0.00190952,-0.000997852
0.0207362,0.00985551,0.0103055,0.00912586,0.00162771,-0.00151336
0.0125024,0.00968954,0.00551932,0.00543041,0.00159043,-0.00243054
0.0265935,0.0162039,0.0146788,0.0131186,0.00154052,0.00234682
0.0148607,0.00943208,0.00593032,0.00992085,0.000657754,0.000353495
0.0136972,0.009359,0.00545642,0.00999738,-0.000135607,0.00134685
0.0187457,0.0120474,0.0107559,0.0102609,0.00244919,0.000642336
0.00669273,0.00463495,0.0048611,0.00827735,0.00338462,0.00731709
0.00499538,0.00355724,0.00186727,0.00228665,0.000944192,0.000300235
0.00935994,0.00684125,0.00298878,0.00265861,0.00149487,0.0014688
0.0101689,0.00713394,0.0043698,0.00197838,0.00206698,0.00176864
0.00619461,0.00431937,0.00290565,-0.000634857,-0.00011755,0.000851383
0.0192048,0.0110493,0.00832302,0.00795985,0.00195056,-0.00115606
0.0167365,0.00793756,0.00916394,0.00447958,0.0015188,-0.000452667
0.0139218,0.0096483,0.00818845,0.00793604,0.00140064,0.0012438
0.0186879,0.0124273,0.00620355,0.0102933,0.00277377,-0.000134044
0.0129363,0.00466137,0.0110046,0.0159727,0.00330168,0.000764209
0.00718458,0.00376293,0.00700568,0.00898883,0.0011485,0.00101943
0.0064424,0.00481482,0.0023506,0.00126042,0.000297906,-6.90809e-06
0.00539846,0.00375323,0.00216438,0.000924887,0.000256096,-0.000683362
0.0260557,0.0129372,0.015476,0.0195201,0.0048361,0.00142153
0.0167453,0.00693077,0.0116861,0.0347711,0.0126474,0.0242756
0.00977328,0.00386076,0.00582662,0.00820505,0.00303995,0.0059467
0.00471622,0.00336779,0.00240577,0.000323644,0.000246194,-9.85674e-05
0.00856421,0.00614326,0.00286629,0.00385561,0.00152469,0.002403
0.0346903,0.0154215,0.0156813,0.0180297,0.00480994,0.00340297
0.0315076,0.0121348,0.0132328,0.0129241,0.00317508,0.00310523
0.0216269,0.0138779,0.00797549,0.00685913,0.000241269,0.000756489
0.0121282,0.00670125,0.00509449,0.00589581,0.000393666,-0.000401567
0.00567427,0.0034762,0.00326955,0.00299259,0.00125034,-0.000928144
0.00656727,0.00482988,0.00468387,0.00614447,0.000774214,0.00104259
0.00720495,0.00526613,0.00919891,0.00852953,0.000962872,-0.00132654
0.00800396,0.00558708,0.00283655,0.00416749,0.00125654,-0.000619092
0.00560741,0.0043298,0.00233863,0.00211117,2.28412e-05,0.000870811
0.0130489,0.00802423,0.0075066,0.020071,0.0086442,0.0260611
0.0284482,0.0119043,0.0117689,0.0180202,0.00568708,0.0154309
0.0369705,0.0124925,0.0147176,0.0277312,0.00937119,0.0168554
0.0293487,0.0126054,0.0111475,0.0273387,0.00876993,0.0186595
0.00595151,0.00445226,0.00287814,0.00530294,0.000138321,-0.0007118
0.0655722,0.0303894,0.0434018,0.109898,0.034483,0.0816562
0.0168517,0.0082826,0.00484949,0.00945536,0.000762554,0.0030426
0.00478155,0.00402616,0.00367876,0.000336872,0.000454304,-0.000401909
0.0191819,0.0139422,0.0116528,0.00894793,0.00313717,0.00255435
0.0181324,0.011395,0.00858087,0.00783906,0.0016253,0.000175198
0.0130147,0.00615658,0.00529627,0.00707406,0.000220675,3.2807e-05
0.00623036,0.00459623,0.00226622,0.00281353,0.000347849,0.000236428
0.0212192,0.00783121,0.0180443,0.0162926,0.00306255,0.000164019
0.0228494,0.00814227,0.0175383,0.0163688,0.0028449,-0.000774584
0.0179966,0.00951471,0.00746352,0.0074285,0.00205731,0.000621339
0.00869019,0.0048857,0.00464292,0.00816039,0.00220976,0.000498253
0.0060353,0.00383894,0.00314416,0.00483644,0.000569667,0.00152061
0.01376,0.00947832,0.00568193,0.00626171,0.00134553,4.16779e-05
0.0129348,0.00881619,0.00473005,0.00716006,0.000339721,0.000224735
0.00642137,0.00455041,0.00227252,-0.0026309,0.000452432,-0.000116542
0.00466777,0.0032129,0.00351964,0.00261589,-0.000124852,0.000377389
0.010243,0.00538991,0.00644363,0.00538817,0.0015395,-0.000646523
0.0056741,0.00431682,0.00629297,0.00690475,0.00116223,0.00239042
0.0102766,0.00738706,0.00921207,0.0074318,0.00322748,0.000763463
0.00898604,0.00637325,0.004014,0.0050707,0.00166542,0.00146563
0.00762319,0.0050803,0.00337273,0.00396196,-2.61434e-05,0.000325016
0.0165551,0.0110704,0.00592853,0.0117596,0.00170244,-3.17858e-05
0.0112434,0.00844594,0.0051807,0.00585002,0.00168455,-0.00010719
0.00489559,0.00372073,0.00243509,-0.00239846,4.91675e-05,6.24222e-05
0.0157349,0.0107126,0.00590735,0.00628933,0.00276574,0.000308004
0.00492857,0.00326642,0.00220565,-0.00206309,0.000150831,-0.000309653
0.0114568,0.0081815,0.00632689,0.00640572,0.00237886,-0.000667485
0.0240603,0.0128869,0.0119745,0.0149627,0.00371116,0.00117776
0.00870903,0.00654896,0.00376107,0.00115304,0.000450546,0.000343486
0.0104255,0.007486,0.00542211,0.0042633,0.000775533,4.05462e-05
0.00562623,0.00414775,0.00311245,0.000146447,1.11036e-05,-6.17816e-05
0.0161991,0.0115184,0.00461421,0.00670043,0.0009951,0.00237387
0.00983225,0.00627129,0.00540863,0.0058665,0.00117251,0.000642999
0.0147787,0.0100163,0.00441726,0.0068976,0.00203513,-0.000294502
0.00522001,0.00399973,0.00407847,0.00448201,-0.000251117,0.00148565
0.0103324,0.00658402,0.00386939,0.00470022,0.000586313,-0.000346169
0.016361,0.0115401,0.00500108,0.00411322,0.000773727,-0.000933762
0.00756891,0.00546124,0.0037766,0.0050376,-0.000121496,0.00181754
0.00484496,0.0032667,0.00497267,0.00458245,0.000860793,0.0022174
0.0140137,0.00601764,0.00718414,0.00678203,0.00192741,-0.000333401
0.00600412,0.00423036,0.00376211,-0.00292559,-8.71293e-05,0.000358573
0.00844213,0.00585006,0.00398166,0.000676901,-3.05071e-05,0.00142385
0.0161137,0.0115029,0.0113573,0.0227918,0.00942465,0.0287129
0.0217982,0.0148015,0.00723683,0.010847,0.00239703,-0.000526672
0.00976809,0.00418594,0.00598217,-0.000495198,0.000114683,-0.00155273
0.0103164,0.00412091,0.00615907,0.00438603,0.000963049,-0.00103997
0.0108224,0.0074538,0.00433052,0.00369873,0.00088863,9.33236e-05
0.0216411,0.0105599,0.0267502,0.0291603,0.00591945,0.00289773
0.026251,0.009097,0.0246878,0.0196468,0.00236793,0.00170698
0.0135339,0.00788837,0.00796174,0.00401079,-0.000237429,0.000593304
0.0121332,0.00789144,0.00390573,0.00344729,0.00197688,-0.000772448
0.00429091,0.00317745,0.00227899,-0.000985352,-0.000793938,5.06889e-05
0.00901724,0.00523292,0.00405827,0.00367876,-2.26089e-05,0.00148957
0.00558657,0.00401108,0.00432275,0.00762396,0.000997453,0.00144326
0.0116671,0.00816622,0.00509639,0.00309332,0.000873937,0.000689151
0.00394356,0.00320866,0.00314727,0.00483811,0.000126609,-0.000165417
0.0151346,0.0104885,0.00365393,0.00449358,0.000265811,-0.00197251
0.0162606,0.0115266,0.00750467,0.00325264,0.00164519,0.000583296
0.0162732,0.00664106,0.00682328,0.0160804,0.00239909,0.00758399
0.01861,0.00741259,0.00681985,0.0113955,0.00122515,0.00477975
0.0128797,0.00719862,0.00490366,0.00504237,0.000567467,-0.000421947
0.00622755,0.00446847,0.00249163,0.00107074,0.000354544,0.000113111
0.0223848,0.0152749,0.00655955,0.00936146,0.00255506,0.00147586
0.00718628,0.00406474,0.00257126,0.000780777,9.16192e-05,0.00162864
0.0153436,0.0104216,0.00454842,0.00113546,0.00115118,0.000845943
0.00726743,0.00528318,0.00279423,0.00279611,0.000158305,-0.000113168
0.012195,0.00867238,0.0113062,0.0109204,0.00281048,0.00038248
0.0671356,0.0267649,0.044525,0.0495928,0.0117225,0.00499035
0.0364225,0.0161506,0.0159085,0.0271575,0.00488304,0.00163754
0.0127002,0.00883944,0.00953562,0.0117441,0.00179223,0.00164747
0.0103748,0.00481518,0.00557446,0.00546673,0.000461249,-0.000115172
0.0109779,0.00485475,0.00546836,0.00490509,0.000260667,4.21045e-05
0.0089914,0.00492775,0.00578956,0.00970382,0.00432109,0.00291358
0.00751749,0.00508909,0.00437045,0.00978201,0.00260824,0.00541184
0.00712559,0.00499672,0.00250634,0.00230825,0.000756424,0.00131164
0.00552878,0.00387318,0.00267347,0.00132123,-0.00013015,-0.00135388
0.00570142,0.00400112,0.00396906,-0.00487442,0.000166548,0.000566945
0.0158045,0.0109575,0.0139029,0.0203263,0.00592844,0.0101327
0.0118644,0.00839435,0.00603009,0.00260002,0.000153143,-0.000242122
0.0107613,0.00760622,0.00559327,0.0065728,0.00143061,0.000636096
0.00507345,0.00372335,0.00413666,0.00358055,0.000146941,-0.00155191
0.0132363,0.00933337,0.00442972,0.00256897,0.00163948,-0.000444377
0.0137323,0.0057938,0.0041808,0.00429724,0.00115392,0.000814594
0.0302684,0.0159403,0.00849552,0.0129376,0.00252927,0.000606633
0.0146102,0.0102364,0.00581752,-0.00276678,0.00149465,0.000393069
0.0206012,0.0138956,0.00805574,0.00695473,0.000645785,0.00233259
0.00425369,0.00337323,0.00321735,0.00213704,-0.000581091,-0.000460727
0.0123624,0.0080597,0.00655733,0.00754916,0.0015543,-0.000304296
0.0134372,0.00945896,0.0120974,0.0121706,0.00324018,0.000215875
0.0109861,0.00737065,0.0046079,0.0045594,-0.000332733,0.000172489
0.0161552,0.00826266,0.00576602,0.00917822,0.00314556,0.00706787
0.0157769,0.00615293,0.00580552,0.0109041,0.00150964,0.0029436
0.0146953,0.0098895,0.00459559,0.00140613,0.000854768,0.000573182
0.0125812,0.00544139,0.00733906,0.00905948,0.00147547,-0.000580014
0.0100778,0.00681884,0.00520131,0.00765839,0.00292064,0.000108702
0.00639736,0.00491926,0.0031688,0.00300965,0.00104391,0.000196252
0.0152481,0.00751527,0.00668591,0.00295721,0.00130229,0.000184655
0.0138566,0.00663785,0.00512457,0.00282613,0.00016573,-0.000864326
0.0183861,0.00773527,0.00650108,0.00781141,0.000421317,0.000565676
0.0145256,0.00751699,0.00570813,0.00728871,0.000746749,-0.000492158
0.0123839,0.00543783,0.00480037,0.00341335,0.00015088,-0.000358411
0.0134351,0.00900025,0.00477968,0.00565113,0.00168957,-0.000337362
0.0055387,0.00386532,0.00298992,-0.000679285,0.00121376,-0.000981622
0.00602217,0.00448935,0.00777588,0.00780722,0.00193614,0.00168947
0.0193416,0.0133413,0.00978089,0.0100963,0.00215657,-0.000154013
0.00612172,0.00452571,0.00306699,0.000703841,0.000946522,-0.000312964
0.00608731,0.00456452,0.00301532,0.00339697,0.000937981,-0.00043228
0.00543763,0.00401389,0.0026794,0.00210643,0.000186859,0.00029604
0.0139696,0.00961142,0.00815187,0.00949726,0.00120738,0.00139554
0.00867829,0.00614519,0.0029486,-0.000829354,0.000110085,6.54454e-05
0.00707214,0.00527331,0.00338434,0.00451607,0.000540166,0.000133992
0.00710203,0.00515438,0.0064753,0.00890871,0.000131859,0.00237403
0.00546609,0.00322067,0.00332031,0.00175659,0.000495832,-0.000502011
0.0115093,0.00811881,0.00492037,0.00187096,0.00133738,0.00069173
0.0107738,0.00684062,0.00795451,0.00420359,0.00122629,0.00123526
0.00511705,0.00294913,0.00251497,-0.00333153,0.000367807,0.00125666
0.0218673,0.0150565,0.00605112,0.004065,0.000797341,0.000312814
0.0111274,0.00505827,0.00494875,0.00211793,0.000982247,-0.000322122
0.0117542,0.00509659,0.00526986,0.00460824,0.00113774,-2.66942e-05
0.00734896,0.00505033,0.0035323,-0.000831357,-0.000621213,0.000605152
0.00423969,0.00327886,0.00154275,-0.000603754,0.000552143,-0.000323096
0.00434511,0.00321142,0.00111332,0.00441523,-0.00115675,8.36823e-05
0.00485303,0.00378486,0.00269796,0.00233024,-0.000968231,0.00030747
0.00493286,0.00368919,0.00193399,-0.000908729,0.000899273,-0.000625857
0.0431938,0.0208686,0.0190732,0.0338332,0.00912431,0.0138601
0.0234958,0.00823285,0.011445,0.0117874,0.00389586,0.000859778
0.0184646,0.00946625,0.00893128,0.00832534,0.00236134,0.000418732
0.00532133,0.00414456,0.00360938,0.00984788,0.00197795,0.00130419
0.0123484,0.00885014,0.00638344,0.0100266,0.00115005,-0.000226192
0.0179878,0.0119107,0.00702017,0.0159875,0.0019622,0.000870416
0.00575584,0.00422745,0.00102243,0.00106708,-0.000531518,0.000685551
0.0106321,0.00707522,0.00453329,0.0044764,0.000588743,-0.00113802
0.0104332,0.00541552,0.0131106,0.00742664,0.00375254,0.0022126
0.0106817,0.00432566,0.0103705,0.00738992,0.00159769,0.00297436
0.01251,0.00717667,0.0064291,-0.00154987,0.000106255,0.000204372
0.00622536,0.00443164,0.00276542,0.00894405,0.00155332,-0.00190913
0.00551602,0.00414063,0.00765455,0.00691391,0.00114101,0.0013198
0.00560029,0.00384919,0.00166485,0.00184871,9.49734e-05,-0.000616267
0.00717131,0.00522141,0.00411837,0.00670362,0.000131655,-0.000803497
0.0294653,0.0140497,0.0119498,0.0159845,0.00290317,0.00140645
0.0305498,0.0142104,0.0121605,0.018082,0.00250455,0.000408795
0.0056624,0.00429735,0.00731777,0.00662473,0.000846275,0.00038021
0.00807951,0.0057469,0.00359351,0.00373279,0.000215444,-0.00116981
0.0101833,0.00712328,0.00660397,0.00542206,0.00150769,0.00112303
0.00854233,0.00615555,0.00472685,0.000528984,0.00152051,0.00064748
0.0100385,0.00714418,0.00401861,0.00324589,0.000809825,-0.000843828
0.0262146,0.0125186,0.0150345,0.0166474,0.00436263,0.00271096
0.0277424,0.0124185,0.0151492,0.0160417,0.00321436,0.00344222
0.0443378,0.0246916,0.042159,0.0624041,0.0131522,0.00807838
0.0106911,0.0068892,0.00274292,0.00263806,0.00110628,-0.000606952
0.00454671,0.00322288,0.0025826,-0.00423571,-0.000417641,-0.00082671
0.00521802,0.00381207,0.00200662,0.00761731,0.000194776,-0.00110265
0.00746035,0.00533685,0.00403711,0.00443601,0.000191322,-0.00024017
0.00437422,0.00338506,0.00228118,0.00119874,-0.000207338,0.000535129
0.0203444,0.0129276,0.00661777,0.00551581,0.00200213,-0.000536754
0.00984384,0.0068279,0.00693747,0.00167003,0.00186952,0.00180733
0.0256311,0.0174658,0.0131746,0.0161399,0.00386194,0.00177745
0.00615885,0.00420796,0.00100149,0.00148821,-0.000533102,0.00176748
0.00863932,0.00595465,0.00339922,0.00147301,0.000626761,-0.00036198
0.00718482,0.0052106,0.00135294,-0.00121969,0.000174181,0.000340621
0.0139415,0.00788546,0.00480233,0.00615608,0.000833065,0.000927449
0.00539797,0.00419202,0.00223161,0.00137116,0.000810946,-0.00167105
0.00740583,0.00522165,0.00261289,0.00343995,0.0002063,0.000139858
0.0168405,0.0114105,0.0059008,0.00784883,0.00214496,0.00155937
0.020822,0.0126809,0.00592764,0.00819808,0.00101898,0.001693
0.00832124,0.00573748,0.00406362,0.00606309,0.00037106,-0.000603494
0.00423458,0.00317427,0.00138029,0.00394611,0.000302676,-7.2996e-05
0.0136447,0.00936134,0.0103709,0.00828558,0.00288453,0.00190123
0.0404808,0.019251,0.0417783,0.058004,0.0138755,0.0172837
0.0156118,0.00861022,0.0098751,0.014734,0.00271741,0.00213434
0.0152561,0.00559035,0.0100997,0.00959738,0.00209908,0.0009389
0.00673845,0.00369515,0.00480904,0.00171224,0.000866093,-0.000947088
0.0130385,0.00734438,0.00662039,0.0112827,0.003449,0.00164254
0.0171282,0.00577405,0.00846659,0.00950461,0.00194739,0.0019069
0.0274226,0.0124518,0.0207922,0.0220201,0.00450703,0.00148454
0.0189663,0.0107806,0.00800968,0.0102841,0.00152571,0.00179248
0.0127754,0.00892073,0.00478041,0.00408144,0.000710866,-0.000236793
0.0137286,0.00552618,0.00681784,0.00515702,0.000554614,0.0015662
0.0247378,0.0168672,0.0100395,0.0116506,0.00131301,0.00131027
0.00911735,0.00575416,0.00257885,0.00232919,0.00107409,0.000347814
0.0107947,0.00676612,0.00460748,0.00509181,0.00142124,0.000852129
0.00859455,0.00636903,0.00804253,0.0063308,0.00136806,0.00132807
0.0103394,0.00704692,0.00641542,0.00295379,0.000332959,0.000294243
0.00701313,0.00497994,0.00421909,0.00422969,0.000912046,0.000775421
0.0174991,0.0122287,0.0159571,0.0112456,0.00145208,0.000516539
0.0132116,0.00843496,0.00510748,0.00622355,0.0014391,0.000914286
0.0048619,0.00335578,0.004762,0.00196833,0.000808632,-0.000259655
0.00833896,0.00593591,0.00358331,0.00103939,0.000435439,-0.00017301
0.00818472,0.00582698,0.00330438,0.00156848,0.000670892,-0.000627321
0.00717612,0.00498561,0.00343971,0.00378903,-0.000178491,-0.000834347
0.00999768,0.00401348,0.00651015,0.00508321,0.00115371,0.000665922
0.0130837,0.00665975,0.00712225,0.00422435,0.000251546,0.00193643
0.0300826,0.0160252,0.0129549,0.0105524,0.00266704,0.00180044
0.00675538,0.00499829,0.00213178,0.000123359,-0.000272776,-0.00107066
0.00505974,0.00365558,0.00174517,-0.0033881,-0.000538026,-0.000426617
0.0224513,0.0143502,0.0186157,0.0250805,0.00855845,0.0116514
0.00451674,0.00326033,0.00293058,0.00376713,0.000446778,-0.000411712
0.00598127,0.00396462,0.0029213,0.000746788,-1.59166e-05,-0.00165209
0.00483022,0.00351015,0.00178007,-0.0015624,0.000331793,-0.000569921
0.0225811,0.011744,0.0109934,0.0111101,0.00258498,0.00262422
0.0249916,0.0118284,0.0116989,0.0132529,0.00230718,0.00103318
0.00524151,0.00405792,0.00222333,0.00116092,-0.000413774,-0.00113146
0.00557166,0.00408611,0.00312202,0.000539834,0.000548057,-0.000567763
0.0239528,0.00915272,0.0111073,0.0204188,0.00460043,0.00340959
0.0246019,0.00899667,0.011482,0.020838,0.00404478,0.0032443
0.0175325,0.0115075,0.00545096,0.0135086,0.00107097,0.000723662
0.00998318,0.00718463,0.00313442,0.00628805,0.000741648,0.00137467
0.0111851,0.00764489,0.00333204,0.00624323,0.00137184,0.00203845
0.0085832,0.00533747,0.00399176,0.00443407,0.000566117,0.000626132
0.0196827,0.0124453,0.00972664,0.00791041,0.00254922,0.00139458
0.0107096,0.00588668,0.0040211,0.00791504,0.00157481,-0.000807262
0.0158758,0.0111561,0.00939724,0.00977899,0.00214433,0.000714707
0.0109214,0.00782625,0.0047683,0.00242493,0.000746023,0.000271283
0.0117943,0.00759138,0.00317734,0.0028757,0.000780117,-0.000749505
0.00571805,0.0040291,0.00407285,0.00272854,0.00125401,0.00197219
0.00573081,0.00407625,0.00364135,0.00404583,-0.000605069,-0.000923882
0.0105048,0.00691977,0.00410986,0.00196903,-0.000366589,-0.000334286
0.0175215,0.0113876,0.00606953,0.00894161,0.0014795,7.63362e-06
0.00689703,0.00497075,0.00244127,0.00401258,0.000733424,0.000758795
0.0110306,0.00800471,0.00346606,0.00231585,-0.000121011,0.0022522
0.00955548,0.00686562,0.00624846,0.0185269,0.00511706,0.0124566
0.0118793,0.00681459,0.00541003,0.00900825,0.00183152,-4.54606e-05
0.0136762,0.00742505,0.00519274,0.00853216,0.00154438,0.000422293
0.00453769,0.00326315,0.00224854,0.00359335,-0.000405122,-0.000161028
0.00413932,0.00300417,0.00264942,-0.00344164,0.000672775,-0.00189206
0.0155524,0.0111002,0.0212419,0.0238014,0.00660825,0.0041368
0.0164049,0.0091423,0.00757773,0.00619873,0.000597948,0.00035217
0.0177328,0.00907174,0.00757628,0.0056712,0.000566182,0.000449232
0.00929523,0.00685821,0.00553533,0.017166,0.00388516,0.00651314
0.0244059,0.0161496,0.00957729,0.00921323,0.00268284,0.000958598
0.00832795,0.00614458,0.00291055,-7.05104e-05,0.000387587,-0.0016018
0.00952864,0.00485668,0.00483734,0.00311398,0.00169329,-0.000351964
0.0145743,0.00710394,0.0071825,0.00856602,0.00109978,0.000195306
0.0114278,0.00494108,0.00569226,0.00963326,0.000405839,-0.000466059
0.0121086,0.00481426,0.00525183,0.00577667,-0.000173516,-0.000588991
0.0182456,0.0123771,0.00540299,0.00867637,0.00273834,0.000415493
0.0161692,0.0112036,0.012458,0.0155198,0.00321653,0.00192487
0.00552464,0.00358092,0.00660435,0.0117949,0.00118258,0.00039913
0.00436776,0.00306984,0.0036318,0.000356527,-0.000131565,0.000759913
0.00765593,0.00522584,0.00240546,0.00596351,-1.06089e-05,1.00296e-05
0.00898547,0.00640887,0.00462453,0.00456067,0.000681869,0.000837773
0.00633318,0.00446824,0.00318418,0.00268125,0.000503292,-0.00102055
0.0051088,0.00400337,0.00378331,0.000361571,0.000366023,-0.000808929
0.00513711,0.00344453,0.00216748,-6.32593e-05,3.85569e-05,0.000268634
0.00773431,0.00315539,0.00527079,0.00523098,0.000976666,-0.00122952
0.0150834,0.00774352,0.0072186,0.00706313,0.00115014,0.00152837
0.0157793,0.00769215,0.00713229,0.00848787,0.00169304,0.000767007
0.0184229,0.0126378,0.0075177,0.0134635,0.0017651,0.000322875
0.00490095,0.0035389,0.00405873,0.0164296,0.00875819,0.0242219
0.0073738,0.00498746,0.00442435,0.00759543,-0.000439489,0.0014474
0.019474,0.00670337,0.00821437,0.00918166,0.00245773,0.000209116
0.0179666,0.00665805,0.00703948,0.00987052,0.00185881,0.000234288
0.00491878,0.00401346,0.00166335,0.000897012,-0.000669424,0.000976123
0.0180933,0.0116408,0.0118998,0.0128719,0.00287742,0.000964084
0.00625612,0.00437969,0.00335158,0.00265962,-0.000503451,0.00164113
0.0169369,0.0117893,0.00623268,0.00779311,0.00126573,0.000538508
0.0237326,0.0131812,0.0214871,0.0276873,0.00515915,0.00280683
0.0199025,0.0124005,0.0186293,0.0209815,0.00324158,0.00123853
0.00514185,0.00371463,0.00389323,0.00251304,0.00208589,-0.000178888
0.0154117,0.0109424,0.00611179,0.0100754,0.00213016,0.0062278
0.0249713,0.0147376,0.00685258,0.0107611,0.00247413,-9.61436e-05
0.0197848,0.0100866,0.00639378,0.00599172,0.00122534,-0.000899355
0.00911715,0.00393182,0.00478856,0.00378254,0.00145037,-0.000367593
0.0233379,0.0105514,0.00823952,0.0131331,0.00252021,0.000434653
0.0119193,0.00443378,0.00721264,0.00594951,0.00155703,-0.00026058
0.0128579,0.00460273,0.00785766,0.00582057,0.00200294,0.000786345
0.00741599,0.00464369,0.0059452,0.0093554,0.000914161,0.000647737
0.0157702,0.00916941,0.0128696,0.0150945,0.00236175,0.00119078
0.023269,0.0125015,0.0103687,0.00904119,0.00122241,0.000696519
0.01632,0.00631088,0.0062576,0.00656177,0.000748004,0.000775614
0.0118794,0.00787175,0.013643,0.0118294,0.00251484,0.00139798
0.00526902,0.00380951,0.00316747,0.00384944,-0.000219026,-0.000220978
0.0171625,0.0116829,0.00521914,0.0105084,0.00072884,-0.000504925
0.0113098,0.00771842,0.0029662,0.00634221,6.57135e-05,-0.00110345
0.0157074,0.0111504,0.0119352,0.00557355,0.00109901,0.000457483
0.0129448,0.00658119,0.00585545,0.00385655,0.00113509,2.9892e-05
0.00590397,0.00427567,0.00393075,0.0104362,0.002519,0.000755858
0.0176471,0.0118116,0.0123096,0.0179378,0.00354343,-0.000518033
0.0162482,0.0096267,0.00854032,0.00688959,0.00226434,0.00109254
0.0136978,0.00537441,0.00668377,0.00678072,0.00103809,0.000941214
0.0100872,0.00711283,0.0126604,0.00548374,0.00192914,0.00231596
0.0267286,0.0107269,0.0127704,0.0201527,0.00565044,0.00342476
0.0579671,0.0276306,0.0465642,0.0638359,0.0146225,0.00602833
0.00456395,0.00374906,0.00415484,0.00254126,0.000663437,-0.000583271
0.00995644,0.00679369,0.00621144,0.00631946,0.00146807,0.000810135
0.0215469,0.0126833,0.0115796,0.0127284,0.0026507,0.00116841
0.0122987,0.00882299,0.00547357,0.00862362,0.0014304,0.00214271
0.00715558,0.00469296,0.00189545,0.000478489,6.99806e-05,-0.000499005
0.0124827,0.00855908,0.0063033,0.0167446,0.0031043,0.0019546
0.0121356,0.00613047,0.00485429,0.00687611,0.00141507,0.00285582
0.0149221,0.00668327,0.0112089,0.0159107,0.0017353,0.0027454
0.0240537,0.0111528,0.0137006,0.0207053,0.00569622,0.00427706
0.0229035,0.0096194,0.0122122,0.0163896,0.00146244,0.00256567
0.0145398,0.00945633,0.00605487,0.00677844,0.00134537,0.00104257
0.0160497,0.00990582,0.00692748,0.00651581,0.00105948,0.00191726
0.0263191,0.0158151,0.00899109,0.00905709,0.00181917,0.000317122
0.00872135,0.00631752,0.00451152,0.00299624,0.000384485,0.000900285
0.0265862,0.0137826,0.010311,0.00870081,0.00331296,-0.000516923
0.0300848,0.0137304,0.011066,0.011277,0.00346,0.000888632
0.0115649,0.00645109,0.00484297,0.00747108,0.000806618,0.000379312
0.0113878,0.00641201,0.0047759,0.0047478,0.000408453,-0.000486957
0.00690784,0.00463366,0.00261907,0.000825068,0.000860383,0.000289656
0.00998641,0.00441102,0.0083463,0.0110588,0.00175852,0.000277654
0.010422,0.00432772,0.00826927,0.00855346,0.00165665,-0.000548636
0.00967986,0.00680492,0.00296161,0.000686844,0.00111113,-0.000955262
0.00860633,0.0053059,0.00404793,0.00254929,0.000633708,0.00144671
0.00799096,0.00508057,0.00729836,0.00648655,0.00101779,0.000227091
0.0156127,0.0102023,0.0105014,0.0118444,0.00140028,0.00131045
0.0269318,0.0133674,0.0148117,0.0194281,0.00290403,0.0012371
0.00473888,0.00359226,0.00199809,0.00146386,0.000347773,0.000376789
0.00529174,0.00317066,0.00315878,4.25468e-05,0.000855494,0.000461957
0.00418026,0.00289701,0.00217785,0.00120287,0.00170622,0.000145342
0.00984305,0.00702574,0.00567695,0.00506426,0.000729372,-0.00045762
0.00932785,0.00689355,0.00345844,4.34168e-05,0.000703429,-0.000489377
0.00954571,0.00428507,0.00412944,0.00664661,0.00115712,0.00070069
0.011047,0.00553542,0.00417408,0.00432279,0.000126297,-0.000696469
0.00642811,0.0031192,0.00168323,-0.00329399,-0.000251399,-9.71683e-05
0.00887394,0.00605288,0.00233352,0.00340003,-1.47165e-05,-2.75307e-05
0.0363598,0.0147293,0.0172219,0.014854,0.00356666,0.00103299
0.0378063,0.0146529,0.0175047,0.0179665,0.00339599,-4.7308e-05
0.00997671,0.00589263,0.0086864,0.00891684,0.00162021,-0.000428044
0.00725211,0.00512573,0.00330471,0.00240822,-3.04578e-06,0.00107576
0.00448498,0.00304616,0.00329212,0.000552115,5.67731e-05,0.00144956
0.0260737,0.014089,0.0109038,0.0058595,0.00221501,0.000658189
0.0198363,0.00807494,0.00943018,0.00950154,0.00153505,0.00184128
0.019762,0.0081575,0.00923795,0.0101344,0.000959758,0.000589812
0.0069807,0.00465093,0.003276,0.00567303,0.000584454,0.000791539
0.00448838,0.00306463,0.0030825,0.00760438,0.000724352,0.00158783
0.0219298,0.0148165,0.00821399,0.00489046,0.00160245,-0.0004929
0.00837408,0.00587908,0.0040835,0.000219103,0.000573187,-0.00129444
0.0149965,0.0103656,0.00511072,0.00636779,0.00134891,0.00236455
0.00731594,0.00482295,0.00178909,0.00327678,-0.000688473,-0.00146424
0.0322391,0.0175131,0.0126083,0.0236563,0.00521602,0.00900798
0.0281934,0.0140282,0.0115697,0.0185491,0.00417793,0.00524611
0.0107967,0.00464267,0.00590173,0.00801054,0.00151303,0.00265166
0.00822475,0.00579446,0.00332939,0.00240671,-0.000585549,0.00111248
0.01263,0.00846068,0.0041346,0.00438059,0.000502382,0.0015465
0.0251264,0.0115794,0.0172194,0.024125,0.00466887,0.00315999
0.0500483,0.0182948,0.0279891,0.0324293,0.00733957,0.00375008
0.0482645,0.019398,0.0235,0.0284907,0.00560565,0.00241473
0.00789892,0.00519942,0.00419644,0.00096014,0.000701757,-0.00145037
0.0046814,0.0034687,0.00251867,0.00468134,-0.0011573,-0.000143571
0.0103797,0.00682895,0.00458777,0.0104826,0.0015868,-1.81244e-05
0.00572378,0.0039581,0.00293849,0.00352463,-0.000113989,-0.000767745
0.0131195,0.00873149,0.00591019,-0.000615792,-0.000331384,-0.000628694
0.027067,0.0107049,0.0149946,0.0147673,0.00318925,0.000305686
0.0269219,0.0106849,0.0134522,0.0137675,0.00261361,0.000556782
0.0143966,0.00982041,0.00322606,0.0020928,0.000714565,-0.000134209
0.00724155,0.00495315,0.0034347,0.000592897,0.00110706,0.00104056
0.00520431,0.00374731,0.00478426,0.00416165,0.000474153,-0.00131574
0.00643239,0.00349344,0.00335627,0.00671191,0.000365863,0.000398277
0.0065871,0.00355156,0.00345268,0.00868897,-0.000136735,0.000488447
0.0151987,0.0101957,0.00522575,0.00677368,0.00110181,0.00110642
0.0109162,0.00731539,0.0047994,0.00387721,0.0019714,0.000402167
0.012868,0.00882472,0.00291331,0.00408022,0.00102627,0.0001277
0.0142975,0.00574945,0.00835219,0.00772443,0.00297181,0.00255855
0.0232615,0.014668,0.0183594,0.0127072,0.0044567,0.00342993
0.0115844,0.00491032,0.00496679,0.00771161,0.00125259,-0.000176153
0.0120283,0.00529893,0.00483782,0.0032488,0.0007175,-0.000627963
0.0138592,0.00937409,0.0110577,0.011415,0.00274721,0.00162673
0.00901492,0.00615886,0.00382482,0.00681789,0.000995224,9.33908e-05
0.0077707,0.00565843,0.00261279,0.00571619,0.000488874,7.03331e-05
0.00610676,0.00412451,0.00282213,0.00432765,-2.19763e-05,-0.00148045
0.0157024,0.00804179,0.0103666,0.00888614,0.00191192,-0.000859553
0.0170578,0.00823468,0.0101633,0.00894416,0.00215736,-0.000146087
0.00944191,0.00513922,0.00634454,0.00671314,0.000712556,0.00186652
0.0114334,0.00700866,0.00730558,0.00636663,0.000197195,-0.000580015
0.013684,0.00970071,0.00710365,0.00473258,0.000893082,0.00315948
0.00770506,0.003838,0.00364924,-0.000124521,4.69119e-05,0.00111833
0.0155767,0.0104129,0.0059138,0.00751984,-0.00015732,0.00231585
0.00709954,0.0049931,0.00268648,0.001156,-0.000544428,0.000835664
0.00536454,0.0036243,0.00387054,0.0030504,0.00087534,-0.00127506
0.0105502,0.00424416,0.00447387,0.0033679,-0.00015388,-0.00024348
0.0195854,0.0132488,0.00645144,0.00615393,0.000284407,0.000233953
0.0189819,0.0112368,0.00885165,0.0058744,0.00175168,0.00117074
0.0109609,0.00779855,0.00398496,-0.000580699,0.00139762,-0.000416591
0.00915491,0.00631352,0.00377321,0.00772732,-0.000691975,0.000154182
0.00522549,0.0038361,0.00305337,0.000499343,-0.00071093,-0.000315301
0.00704502,0.00502181,0.00326181,0.00275281,8.47519e-05,-0.000253782
0.0552167,0.0276578,0.0614486,0.0905338,0.0254818,0.0273302
0.0105826,0.00752292,0.00394069,0.00293179,7.0373e-05,0.000920369
0.00503287,0.00345328,0.00277328,0.0052631,0.000984297,0.00018194
0.0242159,0.0121176,0.0102606,0.0139774,0.00127384,0.0019823
0.00608817,0.00459446,0.00227617,0.00556185,0.000545087,-0.000169874
0.0180967,0.00682817,0.010178,0.00759817,0.00248115,0.00204046
0.00733833,0.00524497,0.00435552,0.0044793,0.00116254,0.000472384
0.0103807,0.00741491,0.00335301,0.00892841,0.000400208,-0.000954161
0.00700262,0.00491357,0.00279616,0.00069615,0.000564551,0.000195017
0.0359815,0.0238505,0.0208589,0.0236595,0.00313803,-0.000875815
0.00609641,0.00437952,0.00217399,-0.00100546,-0.000397163,-0.000453553
0.011712,0.00632905,0.00463258,0.0105289,0.00202742,0.00168037
0.0104726,0.00533323,0.00612569,0.0105563,0.00258626,0.000983479
0.0128374,0.00891322,0.00577504,0.009563,0.000567373,1.95987e-05
0.0203679,0.009526,0.0079743,0.00730659,0.00159051,-0.000226782
0.0212345,0.0101846,0.0077432,0.00931954,0.00162362,4.93746e-05
0.0104327,0.00755328,0.00632425,0.00954583,0.00147255,0.000920127
0.0299851,0.0115779,0.0129931,0.010099,0.00320828,0.00189435
0.0308066,0.0117463,0.012866,0.011847,0.00315438,0.00129862
0.0105666,0.00521909,0.00552569,0.002569,0.00131565,-0.000533482
0.00653266,0.00482112,0.00302622,0.00160861,3.82167e-05,0.00015595
0.0215865,0.0131332,0.0171688,0.0310169,0.00587781,0.00171245
0.014796,0.00624448,0.00749301,0.0114495,0.000559602,0.000280889
0.00911232,0.00611177,0.00443245,0.0019814,0.000246316,0.000367268
0.00607076,0.00435802,0.00374902,-0.000265403,0.000661411,0.000389048
0.00896087,0.00647003,0.00230464,0.00250571,0.000414564,-0.00115756
0.00852328,0.00609634,0.00317776,0.000203839,0.000116023,0.000394019
0.0126671,0.00884982,0.00404031,0.00681995,0.000524096,-0.000844542
0.00707323,0.00508279,0.00372229,0.00118073,-0.000995548,0.000879487
0.0116628,0.00800594,0.00791022,0.0133006,0.00190236,0.00183547
0.0146063,0.00836497,0.00900837,0.015574,0.00158007,0.000562869
0.0115554,0.00497361,0.00722547,0.00936533,0.00178128,0.000104686
0.0149402,0.00943099,0.00565746,0.00996882,0.0015406,0.000295532
0.031688,0.0179447,0.0172436,0.0316598,0.00812079,0.0173603
0.00676322,0.00470408,0.00444367,0.00850534,-0.000166019,0.00030638
0.00670422,0.00464921,0.00187392,-0.000537708,0.000430468,-2.93678e-05
0.00972978,0.0061914,0.00936674,0.00575898,-0.000613844,-3.94515e-05
0.033833,0.0142058,0.017197,0.028208,0.00513881,0.00313378
0.0318202,0.0140883,0.015676,0.0251531,0.00339701,0.00259185
0.00910514,0.00634088,0.00345602,0.00103103,-0.000143168,-0.000803626
0.0299527,0.013883,0.0169487,0.0293455,0.00781808,0.00738035
0.0400874,0.0210224,0.0279788,0.0504105,0.0106757,0.0117201
0.00560982,0.00414572,0.00518925,0.00668081,0.00182907,0.000427689
0.0275675,0.0158347,0.00723612,0.00895283,0.00172086,0.00142576
0.00540604,0.00381216,0.00323007,0.0019599,0.00091716,-0.00101521
0.00769627,0.00539207,0.00295277,0.00333535,-0.000300404,0.000272108
0.0369403,0.024381,0.0187372,0.0284655,0.00389823,0.00273724
0.0101974,0.00731922,0.00612788,0.00528165,0.000711041,-5.73452e-05
0.0057125,0.00403018,0.0029817,0.00289329,-0.000362483,-9.38166e-05
0.0106747,0.00739605,0.00356002,0.00561707,0.00122762,0.000173888
0.00889063,0.00653603,0.00575762,0.000600099,0.00143108,0.000236643
0.00814334,0.00456612,0.00422629,0.00354255,-0.000285293,0.000686685
0.00913341,0.00634773,0.0062595,0.00695517,0.00152248,0.00218452
0.0103268,0.00735638,0.00300838,0.0045161,0.00025019,-0.00131097
0.0184959,0.00983414,0.00956316,0.0193787,0.00381903,0.00250901
0.013533,0.00551477,0.00705932,0.0137424,0.00255323,0.00273893
0.0215106,0.0116907,0.00813246,0.00734459,-0.000155163,0.00116213
0.00551743,0.00391124,0.00208693,0.00920032,0.00423705,0.0123263
0.00573338,0.00382779,0.00256556,0.000818444,0.000464628,0.000811465
0.026805,0.0109654,0.0233812,0.0245419,0.00586558,0.00109758
0.0173247,0.0116513,0.00820736,0.00718753,0.00135689,0.00145186
0.019523,0.0130913,0.00917104,0.0144594,0.00451806,0.00101319
0.0131849,0.00929879,0.0112555,0.00322204,0.000920159,0.00189963
0.0188245,0.0115873,0.0102862,0.0102212,0.000643064,0.00241715
0.0142338,0.00966912,0.00459611,0.0096091,0.00473839,0.00638107
0.00637188,0.00402608,0.00233041,0.00125105,4.6404e-05,0.000403288
0.00649123,0.00425178,0.00239996,0.00381666,-9.52718e-05,0.00171213
0.0265919,0.010624,0.0178114,0.0231257,0.00532811,0.00363628
0.0278616,0.0107648,0.0174098,0.0205841,0.00407513,0.00330599
0.01536,0.0063363,0.00728123,0.0102218,0.00205357,0.000558565
0.00589355,0.00393665,0.00203374,0.0144157,0.00521382,0.0144275
0.0075845,0.00565728,0.0029438,0.0042502,-0.000444806,3.53093e-06
0.00502766,0.00373776,0.00257674,0.00491417,0.0012543,0.000136358
0.0212076,0.00966777,0.00751396,0.0145038,0.00347476,0.000735334
0.0211389,0.00899388,0.0070819,0.00975841,0.00379683,0.000118318
0.0188552,0.0128024,0.00842352,0.00597106,0.00202058,0.0015089
0.0110992,0.00799256,0.00364724,-0.000598675,7.50886e-05,0.000193942
0.0118461,0.00848348,0.00788468,0.00420002,0.00215704,0.000806144
0.0132373,0.00938557,0.00308334,0.0055125,0.00274793,-0.000379384
0.0149242,0.0109236,0.0108678,0.013181,0.000850663,0.00079357
0.00631539,0.0034006,0.00423413,0.00330515,-0.000290255,0.000584488
0.0102266,0.00418357,0.00538137,0.00362272,0.00113059,0.000461619
0.00861664,0.00421021,0.00439063,0.00277804,0.000885238,0.000308283
0.0144397,0.0075868,0.00828263,0.00517924,0.00217544,-0.000354457
0.0233737,0.00875593,0.011777,0.0119085,0.00271439,0.00150733
0.0228575,0.0104453,0.0113426,0.00690919,0.00140958,0.000222028
0.0252174,0.0135607,0.0104468,0.0115342,0.0019274,0.00018691
0.0214821,0.00954593,0.0102737,0.0150789,0.00250289,0.00276867
0.0216827,0.011314,0.0114872,0.015328,0.0020137,0.00240528
0.0104363,0.00729636,0.00705564,0.00414685,0.000488359,-0.00026821
0.0145896,0.00785982,0.00677438,0.00158384,0.000807726,-0.000146444
0.0148754,0.0077777,0.00691508,0.00435662,0.00042589,0.000161956
0.00853551,0.00629252,0.00401771,0.00177214,0.000484137,0.000280004
0.00457331,0.00326469,0.00182648,0.00235999,0.000728509,0.000245575
0.0123911,0.00868815,0.00436146,0.00273305,0.000897758,-0.00017017
0.00608973,0.00408575,0.00284445,0.0142251,0.00441674,0.0113712
0.00842564,0.00605715,0.00394384,0.00242387,0.00057234,-0.000269459
0.00403311,0.00338303,0.00416598,0.00486588,0.00112394,-0.000945783
0.0166504,0.0112748,0.00509986,0.00661013,-0.000346092,-0.000144176
0.0176055,0.0121468,0.0064376,0.00756276,0.00145407,0.0019874
0.014595,0.00754188,0.00714396,0.00896739,0.00122591,-0.00185841
0.00377864,0.00327777,0.00252647,0.00322416,0.00127035,0.000721923
0.00912529,0.00635535,0.00284114,0.00361255,0.000584803,-0.000876143
0.0233558,0.011137,0.00993462,0.00512266,0.00054498,0.000594025
0.035231,0.011221,0.0133822,0.0128794,0.00149576,0.000751716
0.00822771,0.0055635,0.00393042,0.00147849,0.00127285,-2.1585e-05
0.00962069,0.00694577,0.00746232,0.00164514,0.000844356,3.25044e-05
0.0243575,0.0155326,0.0146103,0.0127701,0.00383428,0.000112535
0.00981313,0.00663244,0.00497884,0.00233362,0.00193512,6.00736e-06
0.0251524,0.015135,0.0179636,0.0183769,0.00436533,0.00300587
0.0403097,0.02444,0.0137979,0.0119034,0.00215147,0.000919854
0.00907083,0.00635897,0.00290545,0.00319458,0.000107972,0.00013659
0.0256847,0.0146033,0.0102312,0.0102328,0.00304508,0.000314838
0.0273647,0.0145761,0.0102844,0.0114588,0.00264627,-0.000121575
0.00603773,0.0041828,0.00308358,0.000539154,-0.000226426,0.000209318
0.0110045,0.00743033,0.00324195,0.00449471,0.000399336,-0.000742778
0.026041,0.0124599,0.0121242,0.0181239,0.00366,0.00281632
0.0268801,0.0125245,0.0121714,0.019215,0.00396345,0.00268124
0.00637326,0.00475375,0.00406953,-0.000257821,0.000307432,0.000117518
0.00822559,0.00597874,0.00185899,0.000182225,0.000500733,0.00113012
0.00410633,0.00313682,0.00270947,0.00264255,0.000514267,0.000680763
0.00874319,0.00618662,0.00357886,0.00202515,0.00121473,-0.000814053
0.00498869,0.00380811,0.00230139,0.00390063,-0.000326878,0.000724051
0.029962,0.0129211,0.0136653,0.0153295,0.00299944,0.00119892
0.029645,0.012809,0.0131179,0.01656,0.00235207,0.00085715
0.0209655,0.0142052,0.00633883,0.00471973,0.00113562,0.000715075
0.0119308,0.00692487,0.00893542,0.00799457,0.00031951,0.000809259
0.017185,0.0068534,0.0115681,0.0104927,0.00129222,0.000933565
0.0134246,0.00688651,0.00869183,0.00527739,0.000943874,6.56689e-05
0.00681206,0.00466755,0.0042744,0.00621871,0.000406992,0.000502272
0.0085523,0.00599349,0.00527249,0.00442474,0.000649746,0.00118926
0.0134185,0.00687681,0.00757506,0.0109415,0.00245924,-0.00118057
0.0142052,0.00682415,0.00683147,0.00787614,0.00204769,0.000995291
0.0159075,0.00741681,0.00632466,0.00609008,0.00233136,0.000332835
0.0102273,0.00470626,0.00598417,0.00590601,0.000899249,0.000206521
0.0119485,0.00469125,0.00615474,0.00890585,0.000275982,4.55983e-05
0.00870593,0.00418519,0.00450005,0.0059113,0.000608716,-0.000395246
0.00721457,0.00401865,0.00466043,0.00503752,0.000529353,0.00132325
0.0157569,0.00928848,0.00619772,0.0109356,0.0017084,0.00106804
0.00571572,0.00407042,0.00390185,0.00113752,-0.000507076,0.000222044
0.010099,0.00733923,0.00375737,0.00668271,0.000863351,0.000249964
0.00957908,0.00533675,0.0036689,0.00667807,0.00257886,0.000177458
0.0194374,0.0127768,0.00587426,0.00866187,0.00166551,0.000726759
0.016516,0.0109328,0.0100122,0.00900633,0.00292412,0.00270344
0.00984352,0.00607579,0.0105709,0.0165108,0.0049469,0.00811387
0.00462569,0.00317998,0.00251402,0.000463788,0.00125631,-0.00099007
0.018723,0.0127083,0.0064552,0.00764497,0.0015282,-0.000523998
0.00977242,0.00655535,0.00732913,0.0118591,0.00245342,7.03493e-05
0.00732258,0.0041443,0.00843853,0.0120364,0.00321984,0.000206809
0.0213636,0.0141288,0.0119609,0.0137855,0.00214202,0.00156642
0.0188871,0.013018,0.00681888,0.0126886,0.00268972,0.000959991
0.0156712,0.004065,0.00585239,0.00454672,0.00128102,0.00118985
0.0136174,0.00410744,0.00606327,0.00543756,0.000614909,0.000250215
0.0104417,0.00437643,0.00474259,0.00427077,-0.000331048,-0.000200964
0.00966514,0.00636987,0.00463052,0.00732552,0.000457784,0.00131916
0.00785854,0.00586297,0.00611954,0.00973712,0.0027573,0.00216974
0.0266059,0.0180441,0.0256266,0.0625125,0.0207889,0.046059
0.00927614,0.00668462,0.00417428,0.00685827,0.0024932,0.000920623
0.0118128,0.00525003,0.00672057,0.00600898,0.00010462,0.000659132
0.0130693,0.00485835,0.0075592,0.00329024,0.000125863,4.01678e-05
0.010612,0.00682375,0.00449333,0.000249976,0.000709722,0.000488916
0.00730748,0.00526186,0.0100523,0.0129257,0.00486924,0.0113072
0.00947494,0.00675497,0.0028489,-0.0021292,8.66075e-05,0.00126785
0.0173693,0.00901257,0.00780969,0.00843368,0.00194254,0.00111168
0.0154765,0.00766178,0.0117963,0.00952353,0.00124507,0.00105386
0.00500021,0.00353834,0.00293804,0.0167383,0.0088898,0.0229929
0.0172502,0.00989428,0.00965026,0.010415,0.00284563,0.00155818
0.00426926,0.00326189,0.00262543,0.00325552,4.3655e-05,-0.00102631
0.0109328,0.00771966,0.00495702,0.00440822,0.00164941,-0.00023126
0.0039602,0.00309167,0.00219611,0.000840339,0.000485952,0.000487449
0.010117,0.00705712,0.00553386,0.00760919,0.00216071,0.00107213
0.0124352,0.00878236,0.00672174,0.00165246,0.000393326,0.00128508
0.00427859,0.00318538,0.00350801,0.00581938,-0.000179313,-8.10015e-05
0.00419311,0.00332066,0.00237497,-0.000628895,0.000147038,0.000538431
0.0104732,0.00705565,0.00400764,-0.00145352,5.35122e-05,-0.000219303
0.0122706,0.0084719,0.00351581,0.00359735,0.00109987,0.000880015
0.0123299,0.00598303,0.00649038,0.0099166,0.00161389,0.000586823
0.0126019,0.00585725,0.00634063,0.00899294,0.00223004,0.000743924
0.00891469,0.00666472,0.00405154,-0.00245374,0.000278985,-0.000164567
0.0112715,0.00766631,0.00437387,0.00192079,0.00026112,-0.000231975
0.0109929,0.00794519,0.00324631,0.00234454,0.000428683,-0.000110406
0.012019,0.00848724,0.00523092,0.00609411,0.00143501,-0.000620855
0.00628319,0.00499178,0.00246639,0.0092496,0.00177147,0.000941129
0.00450334,0.00338065,0.00205883,0.00269098,0.000323688,0.00017242
0.00486631,0.00364317,0.00230073,-0.000837638,-0.000310621,-0.000964023
0.00865126,0.00548555,0.00370399,-0.00100727,0.000548397,-0.00042644
0.00677425,0.0047204,0.00369966,2.61384e-05,0.000222858,0.000719047
0.0100476,0.00722864,0.00426096,0.00444915,0.000361212,0.00201026
0.0131419,0.00694409,0.0068607,0.00288928,0.00130495,0.00146215
0.0163173,0.0111259,0.00487194,0.00867419,0.00234567,0.0052357
0.00643281,0.00477385,0.00328833,0.00535869,1.91276e-05,0.00118302
0.00731349,0.00509905,0.00316425,0.000640492,0.00167783,0.000547626
0.0139072,0.0061782,0.00703568,0.00631594,0.00138682,9.24453e-05
0.0198261,0.00614342,0.00863226,0.0103632,0.00152736,0.000313817
0.0154177,0.00590052,0.00573714,0.00556657,0.000973196,-0.000388059
0.0164993,0.0112729,0.00498514,0.00689807,0.00189048,0.00167024
0.00629168,0.0041292,0.00217789,4.906e-06,0.000806079,-0.00119939
0.010861,0.00621262,0.00762084,0.00950969,0.00239906,0.000688043
0.0116055,0.00622849,0.00740094,0.010182,0.00206025,0.0015426
0.007212,0.0052003,0.00236311,0.00490235,-0.000251765,0.00259339
0.00400456,0.00305672,0.00237366,0.00296542,0.000571725,0.000541581
0.00727765,0.005188,0.00307289,0.00164174,0.00177996,-0.000547574
0.0166866,0.0115187,0.00761059,0.00986492,0.0031488,0.00273962
0.014795,0.0060301,0.00574517,0.00549985,0.00187978,0.000555503
0.0155184,0.00634625,0.00576641,0.00205317,0.00192238,0.000396611
0.00845682,0.00615218,0.0044635,0.000781493,0.0014574,5.87352e-05
0.00584846,0.00446859,0.00288014,0.00524498,-0.000475502,0.000261087
0.00571685,0.00425394,0.00314179,0.00175393,-0.000127418,0.00119844
0.00970933,0.00684065,0.00254672,0.00574071,-0.00027074,0.000243234
0.00557334,0.00362246,0.00366595,0.00524128,-0.000108426,-0.00022013
0.0168192,0.00766615,0.00734363,0.00632021,0.00124758,0.00198417
0.0147661,0.0104221,0.00400682,0.00367273,0.000976142,-3.71256e-05
0.0112313,0.00764567,0.00420628,0.00386423,-5.13936e-05,-0.000269345
0.00616896,0.00325233,0.00338136,0.00117289,0.000243055,0.000985601
0.00684323,0.00436774,0.00389447,0.00402048,0.00101368,0.000351539
0.0154794,0.00742547,0.0103041,0.0139221,0.00214259,0.000547161
0.0189933,0.00707674,0.00873155,0.00896983,0.00151239,0.000764248
0.014774,0.00919456,0.00602356,0.0081852,0.00216197,0.000942281
0.00588712,0.0041804,0.00287182,0.00129829,0.000532142,0.000103837
0.0127387,0.00847854,0.00449674,0.0035784,0.00164757,0.000339274
0.00457513,0.00321847,0.00228688,0.00141442,0.000440808,0.000855834
0.00641735,0.00439734,0.00229476,0.000607364,0.00080983,-0.00080406
0.015384,0.00608463,0.012026,0.00623299,0.00205265,0.00121953
0.0172842,0.006117,0.0140588,0.00709039,0.00209437,0.000808303
0.00934699,0.0031074,0.00778991,0.00161383,0.000804474,0.000166105
0.0107981,0.00462833,0.00700263,0.00269767,0.00109215,-0.000284425
0.0146254,0.0103571,0.00572446,0.000520562,0.00221273,-0.000236921
0.0276476,0.0170437,0.0166336,0.0120989,0.00307798,0.00114002
0.0115968,0.00797759,0.00492222,0.00806616,0.00244812,0.00713951
0.0191357,0.0127611,0.0053835,0.00977821,0.00285019,0.00137543
0.00618145,0.00466433,0.00310475,0.000874,-0.000978545,-0.000173692
0.00872701,0.00619589,0.00404864,-0.000711403,0.000460767,-0.000484618
0.0136964,0.00838538,0.00634329,0.0100294,0.000298094,-4.98378e-05
0.00631628,0.00467579,0.00270819,-0.000473983,0.00058605,0.000234532
0.0222751,0.0146593,0.00891924,0.0147498,0.00175458,0.00132546
0.0140809,0.00535226,0.00688778,0.00587655,0.00122851,0.000154428
0.00986821,0.0049069,0.00651404,0.0069356,0.000774755,0.0014242
0.0127885,0.00485559,0.00657216,0.00700963,0.000864171,0.00239193
0.0246218,0.0104144,0.0138413,0.0149543,0.00439297,0.00162038
0.0106741,0.00521545,0.00450017,0.00889204,0.00383416,0.0060787
0.0203093,0.0096028,0.0147647,0.0200298,0.00406133,0.00183794
0.0158824,0.0097331,0.00543241,0.00858645,0.00219539,0.00185298
0.013337,0.00957624,0.00234149,0.00861875,0.0001314,-0.000151908
0.0138352,0.00948749,0.00623983,0.010708,0.00108947,0.000766548
0.00576053,0.00418384,0.00295294,0.00387018,0.00115643,0.000400497
0.0112655,0.00758181,0.00494165,0.00517578,0.000446667,0.00137523
0.0082062,0.00524372,0.00314004,0.00885409,0.00344496,0.00686968
0.0110951,0.0074798,0.00475796,0.000236551,0.000391638,0.000200727
0.0107419,0.0063368,0.00717037,0.00950885,0.00206979,0.00223416
0.0140892,0.00614942,0.00858983,0.0149529,0.00210037,0.00115659
0.0253198,0.0101818,0.0126288,0.0171309,0.00224768,0.00198778
0.0215631,0.0128679,0.00823876,0.00892134,0.00139072,0.00225458
0.0161112,0.0093604,0.0112892,0.0130622,0.00423866,0.00446329
0.018925,0.00958631,0.0110858,0.0138067,0.00319408,0.00298498
0.0052129,0.00391684,0.00146678,0.000461239,0.00116617,-0.000533297
0.00501403,0.00379736,0.0060836,0.00276713,0.00213012,-0.000514519
0.00933501,0.00677253,0.00429077,0.0032514,0.000839891,-0.000856102
0.00818295,0.00622024,0.00343798,0.00369739,0.00144633,0.00458425
0.0258052,0.0169513,0.0422097,0.185397,0.0670143,0.133722
0.00695013,0.00349706,0.00447103,0.0016029,0.00148957,0.00355834
0.012093,0.00810336,0.0048171,0.00542463,0.00114833,0.00165206
0.0178377,0.0122601,0.00834496,0.00702308,0.00131487,0.000466727
0.00638576,0.00462957,0.00298788,0.00388735,-0.000382738,0.000343856
0.0237349,0.0134733,0.00884767,0.0135345,0.00525865,0.00589987
0.0284333,0.0154798,0.00891457,0.0159924,0.00451362,0.00754636
0.0049961,0.00341629,0.00139082,0.000792955,0.000164346,0.00159136
0.00469514,0.00312082,0.00137183,0.00339854,0.000768359,-0.000924597
0.0131388,0.00922699,0.00740945,0.0108764,0.00302507,0.00171621
0.0159019,0.0106411,0.00534341,0.0125777,0.0027454,0.000464982
0.022702,0.013633,0.00894486,0.0142823,0.00276868,0.000149298
0.00808054,0.00353333,0.00337893,0.00798444,0.00107271,0.000990067
0.0043,0.00314614,0.0034891,0.00617668,0.000631213,0.000887232
0.00958477,0.00664589,0.00384684,0.0044726,0.00019527,-0.000242501
0.0195986,0.0124055,0.0077796,0.0135996,0.0040336,0.00396992
0.00675658,0.00475882,0.00378273,0.00292012,-0.000332586,-0.0013148
0.0153595,0.00969619,0.00750177,0.0105213,0.00122151,0.000874833
0.00603827,0.00418677,0.00281912,0.00235644,-0.000226735,0.00192421
0.0197864,0.0131216,0.00770017,0.0145908,0.00583473,0.00870574
0.00553658,0.00298095,0.00340661,0.00292023,-0.000247548,0.000750272
0.0100528,0.00547601,0.0039233,0.00563386,0.00195177,-0.000799469
0.0113915,0.00571882,0.0035127,0.00443501,0.00119233,0.00015446
0.0103245,0.00700473,0.00954868,0.00602154,0.00103462,0.000573567
0.00590828,0.00351673,0.00248658,0.00219671,0.0012581,-0.000147698
0.0117209,0.00584497,0.00694289,0.0129984,0.00236611,0.00109181
0.0109877,0.00568707,0.00647581,0.0120906,0.00128338,0.000360522
0.00972411,0.00675661,0.00280559,0.000838978,0.000402377,0.00041725
0.00611486,0.00432381,0.00235935,0.00389661,0.00057709,-0.000191486
0.0136205,0.00932026,0.00608616,0.0125021,0.00171247,0.00228232
0.0109226,0.00535831,0.00548672,0.00435061,0.00060209,0.000183564
0.0117434,0.00537851,0.00568172,0.00269839,0.000884011,-0.000596794
0.00959274,0.00398619,0.00743069,0.0074737,0.00187118,0.000788927
0.0150907,0.00944015,0.00619997,0.00820832,0.000583063,0.00104099
0.00375658,0.00301584,0.00213869,0.000702111,2.74247e-05,-0.000230915
0.00648614,0.00343522,0.00421085,0.00221175,0.000474219,0.00150675
0.00456756,0.00346629,0.00196121,0.00408769,0.00111645,0.00067721
0.0182665,0.0111785,0.0118179,0.0105503,0.000974732,0.000998835
0.0101692,0.00455719,0.0064434,0.00871151,0.000505823,0.00168746
0.00854894,0.00510281,0.00487092,0.00598343,-0.000215787,0.000690542
0.020858,0.00935479,0.00781966,0.0142192,-7.39e-05,0.00131087
0.0224315,0.00949038,0.00841969,0.0144132,0.000673054,0.00133621
0.0173031,0.0115423,0.00650622,0.00446274,0.00112903,-0.000907032
0.0142205,0.0104157,0.00656498,0.0113022,0.00203048,-0.000155764
0.0175656,0.00984199,0.0117496,0.0108763,0.00139373,0.00062057
0.0209685,0.00995683,0.011623,0.0150534,0.00220014,0.000872232
0.0192518,0.00762456,0.0069544,0.00908203,0.00169666,0.00206824
0.0175167,0.00752289,0.0061431,0.00783808,0.00186909,0.000846993
0.0128089,0.00888516,0.00377055,0.00414838,0.00144323,0.000201248
0.0152346,0.0104457,0.0042492,0.000615831,0.00064698,-0.000131061
0.0107205,0.00749199,0.00284789,0.00384014,0.000509323,-0.000869102
0.00736661,0.00547703,0.00347776,0.00306923,0.00179555,-6.58311e-05
0.0227777,0.0111351,0.00762301,0.0144904,0.00308285,-0.000785624
0.0096888,0.00669154,0.00554323,0.00417576,-0.000425708,0.000896264
0.02372,0.012735,0.0188264,0.0178062,0.00349857,0.00329852
0.0180286,0.0125661,0.00809095,0.00513934,0.00216592,0.00195984
0.00720584,0.00522097,0.00453302,0.0091953,0.00214762,0.00508603
0.00946231,0.00483144,0.00509786,0.00714252,0.000201372,0.00125148
0.0126433,0.00620469,0.00638766,0.00936546,0.0047676,0.0111411
0.0130045,0.00824451,0.00650437,0.0223498,0.00950254,0.0238366
0.016303,0.0113076,0.00887254,0.00802702,0.00182155,0.000568208
0.0101371,0.00712197,0.00545724,0.00632195,0.00146029,0.00373779
0.0101068,0.00705182,0.00540268,0.0293816,0.0113326,0.0316262
0.0251304,0.0105225,0.0123358,0.0212754,0.00313113,0.00290263
0.0235352,0.00895436,0.0106692,0.0211066,0.00240324,0.00201384
0.00556471,0.0042026,0.00309804,0.00525718,0.00057286,-0.00112288
0.00468506,0.00344932,0.00203875,0.000519836,-0.000664129,-0.00159905
0.0104925,0.00722542,0.00596478,0.0044306,0.00140889,-5.82735e-05
0.00772939,0.00556164,0.00462389,0.000737488,0.000341591,-0.000344217
0.00996159,0.00684531,0.00534092,0.0043517,-0.000140088,0.00118049
0.00457449,0.00341916,0.00367386,0.00269481,0.000315967,-7.40553e-05
0.0112815,0.0084263,0.00695095,0.0064664,0.00311201,0.000441915
0.0134274,0.00708452,0.0066589,0.00860297,0.000743567,5.33841e-05
0.0225509,0.0101884,0.0108594,0.0117721,0.00259836,0.000764519
0.0163434,0.00679709,0.00945383,0.00956248,0.00120393,-0.000580472
0.00914882,0.00632823,0.00415686,0.00502681,0.0023865,0.000250214
0.00643439,0.00456412,0.00176684,0.00700577,0.000860289,6.98222e-06
0.0176005,0.00958564,0.00685282,0.0109869,0.00345725,0.00450674
0.0199979,0.010245,0.0072698,0.00839918,0.00266805,0.00653128
0.00920003,0.00546072,0.00765023,0.000273016,0.000732063,0.00234584
0.00540466,0.00444814,0.00326836,0.00250626,0.000393338,0.00105255
0.0198826,0.0139886,0.0136886,0.0138409,0.00356523,0.00100219
0.00466868,0.00358688,0.00135696,0.00730513,0.000411003,-0.000581632
0.0103881,0.00702112,0.00371995,-0.000372344,0.000417084,-0.000700282
0.0124625,0.0084721,0.00406649,0.0045936,0.00171292,0.000200286
0.00995477,0.00676885,0.00294367,-0.00121064,0.000574398,-7.54195e-05
0.0194919,0.0135002,0.00852321,0.0111263,0.003158,0.000997472
0.00879662,0.00665,0.00647753,0.00572718,0.000836679,-8.51337e-05
0.00487719,0.00378275,0.0021436,-7.94088e-05,-0.000206732,-0.000626957
0.0104302,0.00710623,0.00531879,0.000267205,0.00286983,6.21255e-05
0.0117143,0.00521887,0.00411869,0.00685218,0.0013484,0.000206235
0.0203956,0.0117856,0.00763926,0.00815978,0.00110517,0.000679464
0.0126359,0.00853938,0.00642036,0.00454226,0.00135986,0.000436496
0.010255,0.0070389,0.0041608,0.00906899,0.00157027,0.000861295
0.00704376,0.0052743,0.00439909,0.0115268,0.00299781,0.00973796
0.0192155,0.0136112,0.016345,0.0106935,0.00297901,0.00235409
0.0130749,0.00840273,0.00509308,0.00363202,0.00113396,-0.000783707
0.00861319,0.00479897,0.00354361,0.00141206,0.00136184,-0.0014667
0.0145454,0.00717537,0.00664594,0.00354228,0.00169485,0.00113969
0.0165127,0.00707587,0.00699673,0.00464019,0.00210293,0.000694489
0.0118331,0.00736269,0.00687863,0.0110542,0.00229427,-0.000271771
0.00931608,0.00685945,0.00659708,0.0066761,0.000849908,-0.00026117
0.0245198,0.0164097,0.0081844,0.0127675,0.00205768,0.00183545
0.0136986,0.00790089,0.0305607,0.0326793,0.00701356,0.00326587
0.0140286,0.00572122,0.0110826,0.0116687,0.00193432,0.00134377
0.0121897,0.00537316,0.00894043,0.00750752,0.000575543,0.000342254
0.0111358,0.00757484,0.00398326,0.00411256,0.000809154,-0.000294608
0.0118957,0.00541981,0.0070772,0.00713209,0.00177497,0.000117841
0.0148328,0.00874035,0.00576652,0.00444305,0.000950201,0.00205024
0.0193256,0.0106888,0.0244741,0.0292663,0.00585973,0.00247994
0.0180687,0.0125326,0.0219756,0.0291211,0.00614454,0.00158992
0.0213755,0.011521,0.010515,0.0115505,0.0012053,0.000236176
0.0180558,0.00747764,0.00839171,0.00617775,0.00110067,0.00053805
0.00546556,0.00431317,0.00130161,0.00075059,0.000236848,0.000562053
0.00432299,0.00333241,0.00316508,-0.00188423,-3.34479e-05,-0.000235572
0.0162847,0.0112894,0.00544889,0.00587721,0.00252169,0.000497689
0.0234539,0.0111624,0.00695854,0.00906736,0.00265316,0.00176137
0.022326,0.00984405,0.00636922,0.00931344,0.000768938,0.00112084
0.0147414,0.0106993,0.012617,0.0129464,0.00327939,0.00165672
0.00428501,0.00315269,0.00582983,0.0079336,0.000454929,0.00164817
0.0141223,0.00901438,0.00708071,0.00765111,0.00150362,0.000521053
0.0124429,0.00711713,0.00584513,0.00290526,0.000412529,0.000486172
0.0050431,0.00325959,0.00225608,0.00101343,0.000145304,0.000733112
0.00895879,0.00605045,0.00383466,0.0088299,-2.44605e-05,8.26256e-05
0.0275759,0.0178768,0.0126805,0.0178755,0.00212286,0.000838745
0.0129448,0.00516638,0.00843279,0.00744919,0.000368539,0.000662499
0.0134304,0.00525354,0.00798627,0.00732997,0.000336996,0.000951011
0.00430962,0.00370789,0.00266954,0.00231017,0.000150358,0.000142191
0.00629389,0.00464746,0.00405382,0.00167663,-0.000298317,0.00124937
0.0118784,0.0075432,0.00712926,0.00433781,0.000255606,-8.41412e-06
0.0169501,0.0101213,0.00682329,0.0120158,0.00168988,0.000338771
0.015525,0.0100136,0.00633571,0.0122896,0.00198229,0.000612319
0.0144825,0.00782802,0.0141488,0.0142837,0.0012116,0.000274165
0.00519087,0.00413294,0.00239313,-0.00198105,-4.27992e-06,-0.0011142
0.00714231,0.00544237,0.00396773,0.0010212,-0.000684765,0.000518229
0.0192468,0.01332,0.00720666,0.0100118,0.00153802,-9.34605e-05
0.00411865,0.00337369,0.0029962,0.0066686,0.000597147,-0.00032364
0.00684064,0.00481144,0.00268849,0.00627372,-0.000331234,0.00257038
0.0165484,0.0113644,0.00739383,0.00429277,0.00125077,0.00151613
0.0084025,0.00629747,0.0036525,-0.00237998,-0.000121528,-0.000880053
0.00661445,0.00460539,0.00367201,0.00605579,0.00120538,-0.00034644
0.0111719,0.00737572,0.00379932,0.00394015,0.00123003,-0.000421768
0.0130265,0.00934297,0.0056491,0.0104626,0.000815775,0.000441729
0.00536071,0.00401633,0.00304194,-0.00186344,-6.02709e-05,0.000161271
0.00700832,0.00493096,0.0034968,-0.000386188,0.000178628,0.000396595
0.00957443,0.00692816,0.00795611,0.00632351,0.000990566,0.00085987
0.00688158,0.00470932,0.00347557,0.00575032,0.000777629,-0.000653815
0.012332,0.00850035,0.00676882,0.00825072,0.000792736,0.000131857
0.00970991,0.00731736,0.00400185,0.00733238,0.000322813,-0.001063
0.015944,0.0113631,0.00891959,0.0147284,0.00395332,0.00159952
0.00435939,0.00343843,0.00305879,0.00370704,0.000536692,0.000474229
0.00489529,0.00371747,0.00316879,0.00325168,0.00051889,-0.0007259
0.013151,0.00904699,0.0122122,0.0138832,0.0024142,-0.000220496
0.00594569,0.00323797,0.00382463,-0.00081499,-5.84696e-05,0.000233694
0.0105684,0.00767385,0.00378523,0.00739037,-0.000910406,0.000201158
0.00800287,0.00560856,0.00214914,-0.00161039,-0.000129478,-0.000596431
0.0093143,0.00652658,0.00291129,0.00334336,0.00109692,0.00131641
0.00584165,0.00406138,0.00192691,0.00859259,0.000454706,-0.00025903
0.0130743,0.00924814,0.00422873,0.00164067,0.00089105,-0.000621741
0.0136835,0.00931939,0.00850577,0.0127776,0.0022214,0.00176859
0.00647458,0.00383815,0.00305942,0.0042853,-0.000418129,-0.000327794
0.00860453,0.0064005,0.00596685,0.0104822,0.00220405,0.00143237
0.00422273,0.00342917,0.00168282,0.00222752,0.000310059,0.000669101
0.0203384,0.0139612,0.00759885,0.00583461,0.0010743,0.000204141
0.0218371,0.014554,0.00887788,0.0122657,0.00194776,0.00118254
0.0138842,0.0105178,0.00611127,0.00526244,0.000347699,0.000445621
0.0118773,0.00844017,0.0118616,0.0136229,0.00174894,-0.0010376
0.0113578,0.00812206,0.00621198,0.00763962,0.00067177,0.000729159
0.00898805,0.00619497,0.00449118,0.00301753,0.00138412,0.000108351
0.0122253,0.00861245,0.00637396,0.00949253,0.0015844,-0.000593874
0.0183168,0.0100229,0.0111905,0.00851145,0.00147635,0.000744562
0.0193841,0.0101395,0.0113176,0.00660645,0.00130312,0.000930514
0.0166777,0.00889635,0.00586243,0.0039098,0.000939759,0.000548642
0.00566973,0.0039964,0.00301179,0.00295441,-0.000493628,0.000733616
0.0135081,0.00981088,0.00470326,0.00736584,0.000154907,0.00229681
0.0132729,0.00902013,0.00544901,0.00376946,0.000275031,0.00122673
0.00888011,0.00451405,0.00456148,0.0119921,0.00103229,-0.000124493
0.0175886,0.0110897,0.0075977,0.0125207,0.00277308,-0.000112613
0.00914594,0.00672382,0.00629763,0.0123917,0.00176046,0.000794435
0.00697211,0.00506089,0.00743229,0.0261575,0.00833029,0.0163875
0.0288893,0.0149437,0.014337,0.0306937,0.0076884,0.0122271
0.0358297,0.0149131,0.0175492,0.0362319,0.00856648,0.0129578
0.00491407,0.00374223,0.00244555,0.00241544,0.00102361,0.00157521
0.0091577,0.0051051,0.00535211,0.00361645,0.000228016,-0.000552995
0.00896565,0.00511803,0.00529288,0.00326919,0.000480778,-0.00136048
0.00853769,0.00627777,0.00251415,0.0041725,0.0013763,-0.000106011
0.00506004,0.00338062,0.0033928,0.00353728,0.000109499,-0.000193567
0.0283108,0.0155517,0.0104968,0.00648231,0.00253802,0.001623
0.0378043,0.0174721,0.0162056,0.0253244,0.0050405,0.0037466
0.0360161,0.0163507,0.0154951,0.0259019,0.00457594,0.00184286
0.0101798,0.00579427,0.00400724,0.0117697,0.000520254,-3.11551e-05
0.00816162,0.00540968,0.00320388,0.00401242,0.000127409,0.000619433
0.0223712,0.0156929,0.0109362,0.0147871,0.0036464,0.00093291
0.00879382,0.00495183,0.00462928,0.00309889,9.93204e-05,0.000935685
0.0131595,0.00525581,0.00487102,0.0036666,0.00211984,0.00213319
0.0181819,0.0116987,0.00573089,0.00222278,0.0023406,0.00250604
0.00441825,0.00352451,0.00224724,0.000355527,0.00129155,-0.000467166
0.0110754,0.00841979,0.00567837,0.0093597,0.0016743,0.00119351
0.00457057,0.00356201,0.00298771,0.00462857,0.00078854,0.000924379
0.0104331,0.00736774,0.00519748,0.00757588,0.000755725,-0.000458981
0.00526803,0.0040141,0.00311976,-0.00320428,0.000264368,-0.000202568
0.0146691,0.0103122,0.0050152,0.00657631,-0.000684716,-0.00017411
0.0139101,0.00920405,0.00411186,0.011658,0.000732166,0.000857012
0.00524162,0.00390841,0.00270991,0.000380729,-0.000522096,-0.000288257
0.0142878,0.0101803,0.0118823,0.00909749,0.000884239,0.00241849
0.00711873,0.00478969,0.0028397,-5.80247e-05,0.00165526,-0.000422546
0.0115094,0.00711037,0.00427114,0.00739354,0.000792532,-0.000998789
0.015184,0.00971376,0.00534376,0.00506858,0.000611256,0.000299305
0.00999272,0.00425619,0.0042669,0.00295359,0.000628987,-0.000203483
0.00830341,0.00414106,0.0042893,0.00145698,-0.000700485,0.000369663
0.0177669,0.0108118,0.00853819,0.0176118,0.00550884,0.01048
0.00929519,0.00713593,0.0037892,-0.000410673,0.000673464,0.00134005
0.0282977,0.0138558,0.0151976,0.013636,0.00364835,-0.000453137
0.0273702,0.0120103,0.0138692,0.0091363,0.00295195,0.000299139
0.00449429,0.00336599,0.00233879,0.00225935,1.22292e-05,0.000336714
0.0108303,0.00640048,0.00481219,0.00804848,0.00147915,0.000695131
0.00976891,0.00642889,0.00433584,0.00598733,0.00175974,0.000521317
0.0068103,0.00454262,0.00254303,0.000257549,0.00128434,0.00140542
0.00571014,0.00431582,0.00226792,0.00257334,0.000822105,0.000504186
0.0169102,0.00907622,0.0089467,0.0118938,0.00112544,0.00135393
0.0212752,0.00965468,0.0103773,0.0141483,0.00248745,0.000850776
0.022559,0.012924,0.00959712,0.00467575,0.000507881,0.00116763
0.00635013,0.00478764,0.00192966,0.00918861,0.0019419,0.00737982
0.00575711,0.00324823,0.00342582,0.00329851,1.5132e-05,-0.000264316
0.00682563,0.00392701,0.00347664,0.000771483,0.000757125,5.59201e-05
0.00663188,0.00478659,0.00299623,-0.000293946,0.000530583,-0.000689974
0.00513659,0.003702,0.00228328,0.0024395,0.00105439,0.00150294
0.00817909,0.00596792,0.00551065,0.00526092,0.00122951,0.000674044
0.0119801,0.0072823,0.00779176,0.00639914,0.00155591,0.000159057
0.0134772,0.00736504,0.0083039,0.00750035,0.00113833,-0.000119816
0.00794774,0.00563711,0.00380792,0.00610345,0.000331096,-0.000409483
0.00584246,0.00370057,0.00201403,-1.0116e-05,-6.92641e-05,2.05036e-05
0.00827356,0.00457761,0.00270546,0.00203755,0.000935443,-0.000141544
0.00465914,0.00353059,0.00235123,-0.00482791,0.000248447,0.00138819
0.00971272,0.00668849,0.0065255,0.00584117,0.000999629,0.000239853
0.0079235,0.00379771,0.00372492,0.00109109,0.000590632,0.000199206
0.00426505,0.0032654,0.00285277,0.00185859,0.000527633,-0.000147498
0.00482438,0.00332673,0.00306226,0.00780471,3.13605e-05,0.000218686
0.0112492,0.00740773,0.00564998,0.0019881,0.0013827,0.00249472
0.0131554,0.00741047,0.00579805,0.0017937,0.00138392,0.00182161
0.00763752,0.00544312,0.00156366,0.0172653,0.00749475,0.0201552
0.00902486,0.0062298,0.00288505,-0.00173951,0.000733109,0.00148642
0.0139045,0.00845935,0.00838368,0.00510421,0.00129771,0.000790625
0.0115826,0.00544564,0.00471441,0.00715276,0.00118096,0.000394489
0.00517329,0.0037865,0.00321469,0.0043861,0.000530517,0.000404494
0.0104544,0.00777036,0.0102538,0.0185907,0.0049854,0.0129602
0.00915855,0.00643217,0.00612399,0.0045074,0.00174995,-0.000479457
0.0129308,0.00864005,0.00679231,0.00233458,0.00133491,-0.00184166
0.0253149,0.0150691,0.0104049,0.00774274,0.00224597,-0.000405671
0.0300686,0.0109071,0.0118021,0.0139819,0.00229952,0.00171805
0.0193949,0.00913662,0.00715254,0.0137057,0.00265439,0.00242249
0.00484995,0.00322594,0.00280768,0.00466057,0.000561295,-0.000235758
0.0149139,0.00991888,0.00889125,0.00592921,-8.1402e-05,0.000992801
0.00973278,0.00524675,0.00301449,-0.000855186,0.00125534,0.00136798
0.00811379,0.00351694,0.00211014,0.00212793,0.000516695,0.000502662
0.0135124,0.00793002,0.00545347,0.00691352,0.000561181,0.00031599
0.0137031,0.00843519,0.00481387,0.00793616,0.000149179,-0.000626333
0.00406627,0.00316774,0.00287276,0.00550716,0.00159492,0.00247079
0.00522481,0.00435822,0.00272106,-0.00242429,0.00105389,0.000101713
0.0103061,0.00750144,0.00237947,0.00744672,0.00122321,-0.000693573
0.014515,0.00951109,0.00805972,0.00741536,0.00242596,0.000970033
0.0169218,0.00969882,0.00872428,0.0105293,0.00151666,0.00142274
0.011792,0.00841184,0.00480678,0.0104091,0.000879472,0.000709411
0.0128431,0.00913133,0.00933812,0.00826732,0.00160897,0.000214952
0.00898252,0.00563904,0.00404762,0.0042053,0.0008597,0.000668739
0.0190394,0.00928665,0.00971851,0.00986119,0.00324741,0.00146338
0.0141283,0.00586491,0.00651197,0.00682666,0.00162311,0.000573528
0.00404003,0.00334293,0.00258109,0.00149941,0.000134132,0.000162468
0.00991284,0.00734254,0.00518161,0.0073154,0.00138131,-0.000312839
0.00498302,0.00402832,0.00414945,-0.000449558,-0.00019904,-0.000208251
0.0264199,0.0173884,0.0209615,0.0524659,0.0156472,0.0337803
0.030406,0.0174598,0.0228671,0.0466082,0.0107913,0.0262461
0.00845118,0.00622032,0.00323834,0.00147683,0.000125023,0.000820731
0.00642654,0.00324754,0.00322729,0.00529383,0.000238139,0.00127086
0.00633657,0.00370336,0.00269623,0.00456336,0.000458877,0.00102585
0.00934451,0.00687304,0.00273323,0.00193906,0.000719231,7.33933e-05
0.00943065,0.00674231,0.00532707,0.00590511,2.57871e-05,0.00031363
0.00706214,0.0049661,0.00767564,0.00593951,0.000447355,0.00103613
0.00432113,0.00315718,0.00242891,0.0016806,1.71042e-05,-0.000149666
0.00679311,0.0031282,0.00392037,0.00392145,0.000999373,0.00139734
0.0257207,0.0159669,0.0185298,0.0429509,0.0126929,0.0178113
0.00698698,0.0041825,0.00406485,0.0023369,0.000799821,0.000652086
0.00774613,0.00542963,0.00466245,0.00201455,0.000710331,0.000542629
0.0106361,0.00735444,0.00553295,0.000827455,6.41995e-05,0.000890584
0.00929962,0.00664685,0.00541096,0.00771156,0.000995808,0.000837733
0.00975338,0.00555652,0.00481836,0.00371424,0.000189815,0.000866489
0.0175401,0.0127611,0.0138627,0.022973,0.0029039,0.00208667
0.00909159,0.00668154,0.00412642,0.00485551,-0.000288652,0.000124966
0.0309409,0.0122013,0.0162543,0.0227162,0.00457818,0.00282651
0.0344657,0.013908,0.0176049,0.0247449,0.00445681,0.00202632
0.0137743,0.00928879,0.00494704,0.0132621,1.75002e-05,-7.98006e-05
0.00910101,0.0062626,0.00337936,0.00413028,0.00101138,0.000360077
0.00556985,0.00398463,0.00207271,0.00128167,-0.000310511,-0.000740033
0.00700696,0.00376144,0.00390614,0.00187677,0.000743008,-0.00112962
0.00802714,0.00485644,0.00330675,0.00101332,-0.000274847,-1.6044e-05
0.00783452,0.00584293,0.00230032,0.00571905,0.000762225,-0.000353867
0.00492446,0.00372594,0.00294956,0.000822478,-0.000411821,0.000780218
0.0158245,0.0108442,0.00518318,0.00592783,0.00152086,0.000853159
0.0101717,0.00501842,0.00502495,0.00929097,0.00165191,-0.000583554
0.0195696,0.00794343,0.0123623,0.0177967,0.0029534,0.00186498
0.0210281,0.009611,0.0163381,0.0188616,0.00233262,0.000351974
0.0197486,0.0134111,0.0100916,0.0192736,0.00178874,0.00423664
0.0100192,0.00662312,0.00655971,0.00430822,0.00108442,-0.000616939
0.00523299,0.00373272,0.00261912,-0.00286622,-9.03024e-05,0.000101395
0.0152391,0.010567,0.00617289,0.00745703,0.00212521,0.000269388
0.00969184,0.00642943,0.00524706,0.00300979,0.00089232,0.000555023
0.0197847,0.0122611,0.00388026,0.00869351,0.000965089,-0.000588736
0.0158464,0.00871202,0.00566829,0.00939127,-0.000271111,0.00134295
0.00388746,0.00309267,0.00287658,-0.00353871,-0.000140303,-0.000735793
0.0169735,0.0119319,0.00770665,0.00799426,0.00363037,0.0106155
0.0174501,0.0125576,0.00651779,0.00940011,0.00221081,0.00136216
0.0110362,0.0060102,0.00571883,0.00216732,0.000717583,8.40253e-05
0.00563512,0.00444543,0.00374734,0.00257983,0.00105371,0.000595515
0.0161046,0.00832933,0.00836678,0.0149021,0.00103637,0.000811206
0.017231,0.00849157,0.00857388,0.0116274,0.000340774,0.000237092
0.00641372,0.0044936,0.00227561,-2.66367e-05,-0.000283943,-0.000294904
0.00673679,0.00506857,0.00290798,0.000109933,0.00031025,0.00116284
0.00693127,0.00485555,0.00399556,0.00375861,0.000870292,0.00088468
0.012444,0.00905478,0.00759249,0.00715681,0.00191462,0.000719551
0.0198248,0.010412,0.00780053,0.0059602,0.00217086,0.00211829
0.0209157,0.0103161,0.00785197,0.00800646,0.0020322,0.00250611
0.00532502,0.00372022,0.00261343,-0.00220076,0.00136678,-0.00165181
0.0122753,0.00635187,0.0071088,0.00541831,0.000605867,0.00176259
0.0172576,0.00657581,0.0127103,0.0139227,0.00338664,0.00132412
0.0103678,0.00778216,0.00645294,0.000536887,1.96111e-05,3.81962e-05
0.00586649,0.00442186,0.00303532,0.00246835,-0.000300086,0.000119535
0.0230139,0.0115751,0.00972855,0.00825512,0.00221787,0.00238276
0.0236987,0.011595,0.00986481,0.00808253,0.0024203,0.00223209
0.00664848,0.00509545,0.00315066,0.0021796,0.000412092,0.00168337
0.0161318,0.0109714,0.0116954,0.0179776,0.00325605,0.00118615
0.00469354,0.00376393,0.00262473,0.00443651,0.00019317,9.50042e-05
0.0103167,0.00517628,0.00609222,0.00682436,0.00211325,0.00330605
0.0144048,0.00878011,0.00730451,0.0109301,0.00227593,0.00443199
0.015832,0.00938842,0.00941713,0.0211406,0.0050142,0.00723257
0.0115642,0.0064696,0.00595813,0.00615975,0.00148153,0.0019869
0.0228026,0.013639,0.0135509,0.022706,0.00475906,0.00362314
0.0139838,0.00521879,0.0070801,0.00615278,0.001459,0.00233589
0.0102398,0.00746625,0.00452597,0.00405789,9.45209e-05,0.000110289
0.00569739,0.00429115,0.00816686,0.0077118,0.00309282,0.000207505
0.00637276,0.00522177,0.00429693,0.00033145,0.00110732,0.00148201
0.0263118,0.016977,0.0545006,0.0683255,0.0120963,0.00667608
0.0086384,0.00559624,0.00494694,0.0098203,0.00106192,0.000551363
0.00993819,0.00738421,0.0061064,0.00615446,0.000513354,0.000738554
0.00741473,0.0053987,0.00322517,0.00399299,4.91349e-05,-0.000136099
0.00916017,0.00306373,0.00504485,0.00526882,0.000858252,0.00172478
0.0111308,0.00671174,0.0060361,0.0011527,0.000855218,8.28825e-05
0.00702332,0.00296641,0.00457596,0.00722744,0.00172471,0.000627995
0.0122943,0.00794066,0.00809769,0.0180971,0.00345848,0.00127419
0.00622633,0.00473525,0.00591908,0.00656827,0.000856603,0.000334797
0.0365226,0.0207979,0.0195201,0.0272259,0.00561146,0.00368041
0.0100394,0.0054132,0.00502776,0.00100855,0.000820657,0.00177536
0.00945547,0.00392965,0.0057847,0.00602493,0.000990063,0.00183255
0.0136206,0.00655558,0.0106412,0.0111288,0.00126396,0.00224224
0.00945502,0.00575009,0.00922018,0.00890857,0.000751377,0.000563787
0.0172891,0.0117732,0.0088335,0.0109019,0.0024173,0.00105245
0.0060323,0.0045218,0.00335879,0.00296114,0.000585883,0.000654976
0.00868021,0.00417224,0.00660276,0.00705195,0.00184049,0.000184059
0.0133562,0.00796514,0.00759483,0.00502572,0.00192172,0.000956535
0.032104,0.0149687,0.0152222,0.020554,0.00400641,0.00381835
0.0096989,0.00467261,0.00640066,0.00454601,0.00181633,0.00120501
0.0050258,0.00381078,0.00175454,0.00286748,0.000478717,-0.00172611
0.0120554,0.0077579,0.00460605,0.0033017,0.000541591,0.00016035
0.0193204,0.00815457,0.0126644,0.00401705,0.00154506,0.00210097
0.0256066,0.00824467,0.0154935,0.00926113,0.00197353,0.00109325
0.0158179,0.00635185,0.00745077,0.00365364,0.00141897,0.000621744
0.0056203,0.00450261,0.00175038,0.00715912,-0.000274367,0.000938814
0.0120821,0.00522739,0.00787215,0.00888591,0.00245872,0.0013317
0.0123058,0.00516955,0.00785933,0.00810223,0.00158543,0.00080943
0.00415247,0.0034188,0.00226265,-0.000461706,0.000591843,0.00223159
0.0114839,0.00438979,0.00468617,0.00607309,0.00161608,0.00129419
0.0116754,0.00457287,0.00488372,0.0048518,0.00176066,0.000389204
0.00938583,0.00687433,0.00429064,0.00262596,0.00108114,0.000103768
0.0117847,0.00848572,0.00334113,0.00870986,0.000807358,0.00144618
0.0131561,0.00900276,0.00678856,0.00755607,0.00166989,0.00271396
0.00523736,0.00372357,0.00259664,-0.000891422,-9.12103e-05,0.000445597
0.0142135,0.0103682,0.00494526,0.00338784,0.00162769,0.000648307
0.0179634,0.0120441,0.0124058,0.00661742,0.00210257,0.000292813
0.00860038,0.00300586,0.00391207,0.00445035,0.00129747,0.000630146
0.012309,0.00673596,0.00609757,0.00683704,0.000853666,0.000488336
0.0174295,0.00735762,0.0102358,0.0123682,0.00306938,0.00311909
0.0111156,0.00785289,0.003894,0.00863945,0.000227853,-0.00075559
0.00822901,0.00518094,0.00615876,0.00291014,0.000782558,0.000263211
0.00836404,0.00622141,0.00378157,0.000399451,0.00045171,0.00165555
0.0135292,0.00769727,0.00645075,0.0034168,0.000705595,0.00179554
0.0115802,0.00714587,0.00611044,0.0050174,0.00092838,9.92281e-05
0.012837,0.00892229,0.00656082,0.00643169,0.000858971,0.000649883
0.00411878,0.00311764,0.00237914,0.002791,0.000550498,0.000665816
0.0122275,0.0088864,0.00485413,0.00399115,0.000341242,0.00104525
0.0217999,0.0139532,0.0129998,0.0132674,0.00288044,0.000582563
0.0250901,0.0139914,0.0129724,0.0175375,0.00509208,0.00624716
0.0111971,0.00798689,0.00555156,0.00253806,0.000206909,0.000921149
0.00585228,0.00328946,0.00441249,0.00283559,-9.44621e-05,0.000257696
0.0122214,0.00838105,0.00383416,0.00478365,0.000613736,0.000995541
0.00745627,0.00387611,0.00290247,0.00258793,0.000200065,0.00025681
0.0177084,0.0113151,0.0130965,0.0155047,0.00421011,0.000196869
0.0340127,0.0209467,0.0377062,0.0478252,0.00979234,0.00647008
0.0252825,0.0148134,0.0117833,0.0146762,0.00218758,0.00237811
0.0137702,0.0100633,0.011075,0.00901587,0.0016338,0.00256193
0.00615081,0.00444738,0.00367664,0.0014141,-0.000184621,0.00100464
0.00475775,0.00315077,0.00184859,-6.3002e-05,0.000170554,0.00180767
0.0096492,0.00419097,0.00421603,0.00168816,0.000617979,0.000255691
0.0116779,0.00419637,0.00497365,0.00591765,0.000869624,-0.000640514
0.00787038,0.0060242,0.00566369,0.00632597,0.000197322,-5.24073e-05
0.00657068,0.00502973,0.00646165,0.00451617,0.000631031,-0.000566869
0.0149007,0.00776855,0.00613301,0.0143913,0.0051343,0.012095
0.0212413,0.00773467,0.00948657,0.0136223,0.00367001,0.00898113
0.0130261,0.00656048,0.00592028,0.00154695,0.000398753,0.000348942
0.00537458,0.00384663,0.00264054,0.00154313,-0.000748988,-0.000278922
0.0170256,0.00777477,0.00797867,0.00655294,0.00300304,0.00235549
0.0216487,0.00777641,0.0104006,0.00945957,0.00290162,0.00212833
0.0125022,0.00579095,0.00579889,0.00325542,0.00106436,0.000953199
0.00517953,0.00392708,0.00395329,0.00166617,0.000202551,-0.000181105
0.00400148,0.00319287,0.00150927,0.000631771,-0.00026073,-0.000193451
0.0107684,0.00530384,0.00628537,0.00345884,0.00232132,-0.000409817
0.0194955,0.009663,0.00802984,0.00414731,0.0020351,0.00115386
0.00713072,0.00517914,0.00284766,0.0047581,0.00107295,-0.00033698
0.0107045,0.00761858,0.00424256,-0.00122631,-6.54849e-05,-4.00429e-05
0.00476855,0.00345504,0.00283812,-0.000211118,0.00107373,-0.00104148
0.00498818,0.00371883,0.00340739,0.00330325,-0.000296617,0.000372598
0.0050058,0.00404827,0.001237,0.00059184,0.000887512,0.00045468
0.0109142,0.00785886,0.00961203,0.00777044,0.00312038,0.00204726
0.00653152,0.00457548,0.00657206,0.0109889,0.00308038,0.00358554
0.0163861,0.00777039,0.00682842,0.0123155,-4.55873e-05,0.00319728
0.0236337,0.0103687,0.0112568,0.0108041,0.000522893,0.00121486
0.0107941,0.00761981,0.00559844,0.007741,-0.000133862,0.000396849
0.00890832,0.00596635,0.0064783,0.00874316,0.00169593,0.000203046
0.0180005,0.00769761,0.010389,0.00796355,0.00216411,0.000540966
0.017553,0.00775079,0.0102464,0.00801425,0.00266892,0.00141065
0.00580875,0.00411853,0.00264918,0.00596346,0.000940951,-0.000462072
0.010914,0.00769538,0.00443838,0.000367815,0.000893451,-0.000205526
0.0120863,0.00699028,0.00586874,0.00617806,0.0017387,0.00200869
0.0046643,0.00361891,0.00230035,0.00268408,-0.000767808,0.000192923
0.0155172,0.0110659,0.00397131,0.00814671,0.000995723,-0.000441981
0.00755789,0.00550065,0.00309002,-0.00240467,0.000440363,0.000648418
0.00820004,0.00624967,0.00640965,0.00781893,0.000806837,-0.000423387
0.00448215,0.00369425,0.00241433,-5.75844e-05,-8.80523e-05,0.000151307
0.0171786,0.0114788,0.00562301,0.0107155,0.00269372,0.00805158
0.00565728,0.00403842,0.00441612,0.00013716,0.000781937,0.00092553
0.0121412,0.00626163,0.0112265,0.00789773,0.00188243,-0.000107133
0.0182678,0.0102111,0.0167037,0.0168639,0.00279288,0.00162485
0.00647554,0.00476374,0.00305072,0.00290703,-0.000206088,0.00147283
0.00796948,0.00561555,0.00343572,0.00813263,0.00356871,0.00632164
0.013847,0.00865024,0.00688656,0.00795573,0.000979645,0.00062438
0.00879765,0.00670504,0.00345063,0.00310982,0.000681634,0.00152653
0.00413251,0.00305813,0.00241272,0.00464871,-8.68853e-05,-0.00046693
0.0171921,0.00762764,0.00729101,0.00983464,0.00289246,0.00190324
0.0163062,0.0118761,0.00734872,-0.00123826,0.000302474,0.000774349
0.0244874,0.0129121,0.0111286,0.0182068,0.00411413,0.000949971
0.0230739,0.0127319,0.0100564,0.0140937,0.00258869,0.000329944
0.0101933,0.0066436,0.00392484,0.00347031,0.00120409,0.000226442
0.0169804,0.00922088,0.00718657,0.00782245,0.00157998,0.00124161
0.00748439,0.00478673,0.00188439,0.00495216,0.0019902,0.00134194
0.045337,0.0264008,0.0183496,0.0184924,0.00458527,0.00449535
0.00752759,0.00527798,0.00393752,-0.00164239,-0.000109644,-0.00133352
0.0145518,0.0101967,0.00930709,0.0139459,0.00562951,0.00359655
0.00603853,0.00443515,0.00384314,0.00167159,0.00115949,-0.000829459
0.0109742,0.00765798,0.00466721,0.0098231,1.86355e-05,0.00148734
0.020574,0.00875156,0.00753278,0.0137643,0.00117035,-0.000146396
0.0231487,0.0124947,0.0128601,0.0138678,0.00260573,0.00270347
0.0207716,0.0124576,0.0116879,0.0110811,0.0014309,0.00160661
0.0173554,0.00902213,0.00800871,0.0119253,0.00197182,0.00271302
0.020165,0.00917565,0.0076412,0.00765328,0.00135366,0.00218068
0.00505029,0.00399262,0.00275122,0.00425092,0.000760009,0.00137088
0.0178865,0.0119959,0.0116833,0.0189163,0.00258765,-4.66437e-05
0.00363602,0.00292411,0.00286889,0.0042943,-0.000557672,-0.00238255
0.0131029,0.00755035,0.00712577,0.00133203,0.00113299,0.000872007
0.0102108,0.00528061,0.00432786,0.00300778,0.000922028,0.00180837
0.011212,0.0063434,0.00512222,0.0045219,0.00122172,0.000622261
0.0140775,0.0100319,0.0158229,0.0150137,0.00337399,0.000768456
0.0120954,0.008036,0.00984769,0.0084043,0.00265705,0.00179295
0.0184637,0.012854,0.00685313,0.00394233,0.00158098,0.00133421
0.0144098,0.00695224,0.00982318,0.0108378,0.000859465,0.000825235
0.0162739,0.0116107,0.0043174,0.00178798,0.00150479,0.00233153
0.0192301,0.0105717,0.0142783,0.0144364,0.00186831,0.00468368
0.0134906,0.00946814,0.00530048,0.00529006,0.000614566,-0.000361501
0.00709855,0.00507705,0.00420786,0.00313971,0.000752159,0.000491857
0.00759121,0.00568964,0.00394569,0.00176984,0.000416137,0.00078956
0.00424344,0.00364543,0.00279553,0.000612257,-0.000468196,0.000225932
0.0197958,0.0134878,0.00556029,0.00713177,0.00104008,0.000788042
0.0198166,0.00801049,0.00995704,0.0118747,0.00140915,0.00226984
0.019853,0.00801222,0.009955,0.0120861,0.00157104,0.00300897
0.00818486,0.00616688,0.00338983,0.00263884,0.000273683,0.00126923
0.021423,0.0146939,0.0114811,0.0324987,0.0132813,0.0279277
0.00789681,0.00543162,0.00353194,0.00155102,0.000908258,0.000586591
0.00724718,0.00538214,0.00362307,-0.00100938,7.27374e-05,0.00142919
0.00875533,0.00679988,0.00644011,0.00771851,0.00176904,0.0024506
0.0313917,0.0176354,0.0310839,0.0496198,0.00869341,0.00536084
0.0218923,0.0146507,0.0104014,0.010747,0.00231694,0.000161694
0.02375,0.014707,0.016118,0.0105893,0.00218785,0.00121814
0.0116061,0.00849968,0.00616116,0.00329501,0.000881944,0.00138439
0.00659711,0.00348534,0.00502822,0.0190157,0.0056848,0.0146899
0.0211122,0.0145467,0.00548533,0.0111923,0.002164,0.00086793
0.0109048,0.00802582,0.00589885,0.0108645,0.00101891,0.00153551
0.00484682,0.00370372,0.00415447,0.00496789,0.000219923,0.00114013
0.00587041,0.00460522,0.0038048,0.00446419,0.00179283,-0.000782255
0.0224182,0.0110291,0.0104261,0.00685672,0.00372196,0.000734302
0.0217787,0.008679,0.00875862,0.00685885,0.001862,0.00126514
0.00845,0.00606624,0.0043459,0.00391961,0.000119416,0.000131917
0.0170244,0.0108649,0.00725482,0.00320743,0.00110405,-0.000289412
0.0128237,0.00825882,0.00656692,0.00396952,-0.000192921,0.000185383
0.00744285,0.00524859,0.00414905,0.00596371,0.00134471,0.00250764
0.0143108,0.00978811,0.00877269,0.0217974,0.00847221,0.0155134
0.0149265,0.00781678,0.00828278,0.0106054,0.00262194,0.00170322
0.0160395,0.0071924,0.0100607,0.0111663,0.00259489,0.00285731
0.00868486,0.00610026,0.00268127,0.00522207,-0.000377598,0.00215494
0.0149691,0.00774232,0.005992,0.0068006,0.000984002,8.68434e-05
0.0141095,0.00761517,0.00590819,0.00627049,0.000207669,0.00036928
0.0047855,0.00405752,0.00289463,0.00375253,0.000961499,0.000331588
0.0123334,0.00857342,0.00345427,0.000109153,-8.91191e-05,0.000984574
0.00737618,0.00478801,0.00421717,0.00328797,-0.000209288,-0.000344066
0.00787636,0.00396244,0.00370038,0.012479,0.0016298,0.00158889
0.0101596,0.00586502,0.00466807,0.00715315,0.00191243,0.000704637
0.0107462,0.00758456,0.00859642,0.013508,0.00211261,0.0016473
0.0145643,0.00824539,0.0132184,0.009482,0.00160144,0.00186932
0.0173297,0.0120417,0.00940018,0.00712033,0.000769633,-0.000720447
0.00609627,0.00496161,0.00380722,0.00684467,0.000787066,0.00174761
0.0106896,0.00765327,0.00764846,0.0100753,0.00314684,0.00565015
0.00872533,0.00616962,0.00455938,0.00871772,0.00109184,0.000249863
0.00572318,0.004415,0.00269485,0.00176841,-0.000228024,0.000106038
0.0109094,0.00801862,0.00428422,0.00580303,0.00075598,0.00127168
0.00427301,0.00335854,0.00286316,0.00377043,0.000448034,0.00115104
0.00502524,0.00396368,0.00254123,0.00233462,-8.90404e-05,0.0010166
0.0112037,0.00783738,0.00437527,0.0160404,0.00594003,0.0208726
0.0110514,0.00452286,0.00586312,0.00863246,0.00183701,0.000491116
0.0133045,0.00707449,0.00681347,0.0101005,0.000802818,0.00140052
0.0041674,0.00325309,0.00148647,0.00384715,-0.000273948,-0.000129792
0.00657963,0.00501718,0.00212787,0.00498646,0.00112298,-0.0001471
0.00981941,0.00467286,0.00407904,-2.48897e-05,0.00111421,0.0011321
0.0199102,0.0126942,0.00774217,0.0039387,0.000839218,0.00168415
0.042182,0.0273199,0.0149724,0.0199106,0.00349929,0.00202523
0.0215102,0.00826424,0.00605245,0.01702,0.00366623,0.00484044
0.00466106,0.00381252,0.0025196,0.00507187,0.000206182,0.000270642
0.0125564,0.00893825,0.00444509,0.00387674,0.00159887,0.000982757
0.0105062,0.00752768,0.00556926,0.00336421,0.000148781,0.00187819
0.00453331,0.00303916,0.00658832,0.0085705,0.000993766,0.00235875
0.00728232,0.00556116,0.00385915,0.0054711,0.000304481,4.40565e-05
0.0201884,0.00779921,0.00901412,0.00809417,0.000997908,0.00261867
0.0203882,0.0077864,0.00888523,0.00744033,0.00178089,0.00227804
0.0163636,0.00708507,0.0108379,0.0299118,0.00797579,0.0203626
0.0190372,0.00712336,0.0121749,0.0286942,0.0076364,0.0174672
0.0106015,0.00452075,0.00587186,0.00546037,0.00138175,0.00144857
0.0163932,0.0113526,0.00568574,0.00369124,0.0014487,0.00142566
0.0167155,0.0115326,0.0177891,0.0136998,0.00153923,0.000673781
0.0143248,0.0102209,0.00664114,0.00622538,-0.00021417,0.00184245
0.0279619,0.0110943,0.0136703,0.0153359,0.00192714,0.00172473
0.00703364,0.00540379,0.00261844,0.00440417,0.00119156,0.00214731
0.0132548,0.00929473,0.0040463,0.00682042,0.00273913,-0.000576424
0.0108813,0.00465297,0.00585342,0.0126524,0.00848479,0.0167794
0.0328683,0.0200106,0.0153206,0.0597867,0.026616,0.0689889
0.00601088,0.00438583,0.00385389,0.00323577,0.00106399,-0.000104102
0.00468696,0.00330168,0.00194061,0.00063545,0.00073556,0.00049959
0.00806699,0.00559282,0.00611151,0.00956078,0.000992985,-0.000621631
0.0116482,0.0066951,0.00700454,0.0104305,0.00325643,0.00334163
0.0142232,0.00797634,0.00519355,0.00872252,0.00123725,0.00192193
0.0124312,0.00913122,0.00915894,0.00893236,0.00188323,0.0014066
0.00814046,0.00398588,0.00429617,0.00667522,0.00212816,0.00124908
0.00994114,0.00451652,0.00447485,0.00863455,0.00120643,0.00272547
0.00509254,0.00402563,0.00899883,0.000410231,0.00123372,0.00214171
0.00602118,0.00429945,0.00471462,0.00736932,0.000510627,0.000857856
0.0344084,0.0203807,0.0108222,0.014296,0.00329172,0.00155423
0.00712036,0.00490206,0.00604561,0.00498553,0.000292827,-0.00020623
0.00620013,0.00449998,0.00408673,0.00586543,0.00132937,0.00214212
0.00784896,0.00574041,0.00281416,0.00394421,2.76042e-05,0.000963653
0.00625599,0.00457708,0.00318005,0.0025392,1.66614e-05,0.00171063
0.0117331,0.00843616,0.00339707,0.00684691,0.00154339,0.00134401
0.0170405,0.0110361,0.00781644,0.00949469,0.00179448,-8.0977e-05
0.00970234,0.00442533,0.00525822,0.00977057,0.00158545,-0.000756854
0.00863604,0.00661268,0.00449181,0.00320165,-8.67382e-05,0.000830551
0.0277258,0.017696,0.0166889,0.0307164,0.00986137,0.0212615
0.01405,0.00983466,0.00404236,0.00724433,0.000290833,-0.000189621
0.00620705,0.00476729,0.00252052,-0.000492362,0.00120144,0.000439444
0.0110266,0.00788661,0.00443679,0.000946669,8.46396e-05,0.0023298
0.00622455,0.00468482,0.00281112,-0.00124668,0.000933221,0.000396717
0.0111816,0.00629645,0.00485454,0.00215172,0.00156941,0.000488931
0.00629672,0.00451578,0.00424436,-0.000127388,0.000509628,0.001721
0.00530061,0.00411771,0.00212816,0.00207158,0.000226616,0.000848761
0.00637586,0.00480558,0.00400187,0.00500342,0.000184103,0.000168944
0.00969849,0.00675339,0.00469575,0.00593435,0.000980607,0.000818662
0.00612605,0.0044132,0.00407939,0.00469981,0.000896698,0.000985705
0.0172281,0.0105185,0.00795971,0.00756422,0.00200835,0.00090474
0.00517746,0.00406243,0.00266587,0.0084385,0.000156256,0.00119144
0.00818883,0.00602913,0.00277921,0.000462941,0.000391612,0.00133332
0.0225271,0.0153705,0.0108948,0.00915999,0.00225508,-0.000976229
0.00939788,0.00701033,0.0033573,0.0054226,-0.000436698,0.00204505
0.00859504,0.00594005,0.00207091,0.00108881,-0.00039907,0.000492925
0.0242758,0.0164903,0.00685602,0.00165085,-7.06921e-05,0.00201477
0.00711703,0.0039889,0.00315793,0.00343598,9.39153e-05,0.000770184
0.00716924,0.00509483,0.0074779,0.00753824,0.0010801,-0.000130171
0.0135517,0.00850195,0.00673058,0.00555247,0.000492069,-0.000258093
0.0137808,0.00952873,0.00418729,0.0146706,0.00102799,0.00143179
0.00793639,0.00575938,0.00394234,0.0067903,0.000705385,-0.000759159
0.00979911,0.00700206,0.00797981,0.0214297,0.00643446,0.0217548
0.00360278,0.00306608,0.00190805,0.00319074,0.000111616,0.000355077
0.00788373,0.00587538,0.00506086,0.00453257,0.000862433,0.000982289
0.0216022,0.00947125,0.0128601,0.0121634,0.00381816,0.0028016
0.0253243,0.00938248,0.0145957,0.0125222,0.00363079,0.00230121
0.0136713,0.00938804,0.00742433,0.0055314,0.00135558,0.0014294
0.00694359,0.00453174,0.00249322,0.00370453,-8.32505e-06,0.00158308
0.0133131,0.0093048,0.00557761,0.00197886,0.000170398,-0.000968104
0.0106701,0.00803532,0.00438762,0.0026004,0.000159957,0.00168908
0.00763103,0.0054463,0.00348717,0.00319421,-0.000722443,0.00173195
0.0181436,0.00801634,0.00905035,0.00895965,0.00299808,0.00211869
0.0210545,0.00796742,0.00992931,0.01125,0.00257532,0.00200387
0.0102589,0.00376224,0.00442441,0.00298207,0.00033987,0.0012266
0.00432428,0.0036264,0.00207238,0.00253638,0.000525826,0.00073599
0.00621891,0.00466763,0.00267099,0.00512315,-0.00130057,0.000103597
0.00630326,0.00490031,0.00372876,0.00628889,0.00154884,0.00126022
0.00405987,0.00339079,0.00235826,0.00251581,-0.000530638,0.000500104
0.0076574,0.00558305,0.00184342,0.00443022,-0.000234738,0.00239662
0.00778798,0.00571221,0.00248217,0.00334561,0.00136241,0.000844419
0.00482787,0.0039702,0.00385326,0.0117106,0.0054869,0.0108311
0.0185259,0.0132411,0.00374281,0.0133895,0.00281852,0.00189757
0.013301,0.00932842,0.00621566,0.00582121,0.0014408,0.00125783
0.0210182,0.0139305,0.0114028,0.0104135,0.00302412,-6.1995e-05
0.0100464,0.00463294,0.010646,0.00644189,0.00129076,0.000498301
0.0140729,0.00995685,0.00840749,0.0126826,0.00345278,0.0041759
0.0152192,0.00928801,0.0120023,0.0187266,0.00269069,0.00355021
0.0145482,0.00930918,0.00536965,0.00571843,0.00115475,0.00111324
0.0201679,0.00788968,0.0086941,0.00611209,0.00195149,6.90005e-06
0.0194849,0.00774926,0.00855531,0.00571307,0.0013042,0.000551216
0.00715015,0.00559272,0.00684848,0.00553978,0.00276233,0.00027808
0.00823515,0.00498877,0.00514185,0.00177282,-0.00035013,0.00108899
0.0205696,0.00779246,0.0102573,0.0112495,0.00198407,-0.000492155
0.00582977,0.00450837,0.00483973,0.00864634,7.03531e-05,0.000352218
0.00736762,0.00399256,0.0047791,0.00590042,0.000108317,0.0015361
0.0183365,0.0102569,0.0141214,0.0153519,0.00425438,0.00241614
0.0249098,0.0118828,0.0104125,0.0207691,0.00651814,0.00725272
0.0244569,0.0117555,0.0104037,0.0196977,0.00581121,0.00843099
0.0066221,0.00416965,0.00317814,0.00371161,0.00247723,0.00160509
0.00428704,0.0031794,0.00280489,0.00034334,0.000348669,0.00129169
0.00490687,0.00395828,0.00238013,0.00272351,0.000643912,0.00154653
0.00401674,0.00315722,0.00172906,0.0047594,-0.000459444,8.31076e-05
0.00625173,0.00459989,0.00255107,0.00394948,0.000548494,-0.000101585
0.011425,0.00856542,0.00527376,0.0117157,0.00274055,0.00209177
0.00898825,0.00474003,0.00471855,0.00707053,0.00152602,0.000445628
0.00746257,0.00516135,0.00390107,0.00255462,-0.000144772,0.00196875
0.00462147,0.00339047,0.00245222,0.00104988,0.000170007,0.000369179
0.00987056,0.00448294,0.00745033,0.00884462,0.000875551,0.000548196
0.0121263,0.00507178,0.00779039,0.00953004,0.0002749,0.000463588
0.00401256,0.00310258,0.00187193,0.012754,0.00637034,0.0204302
0.00712653,0.00513792,0.00394253,-6.91762e-05,0.000996524,0.000362453
0.011032,0.00468702,0.00630398,0.00774568,0.00169694,0.00395701
0.0136491,0.00625162,0.00589824,0.00812934,0.00117743,0.00290094
0.00581361,0.00431939,0.00455388,-0.000847437,0.000366526,0.00112341
0.0115302,0.00789083,0.00363022,0.00324076,0.000438895,-3.17768e-05
0.00922494,0.00721384,0.00292695,0.00264156,0.000120088,-0.000282603
0.012171,0.00825429,0.00439952,0.00889571,0.000804051,0.000840497
0.0199371,0.00789955,0.00833362,0.00894969,0.00154912,-0.000399207
0.0202771,0.0078439,0.00835704,0.00760166,0.00145831,-0.000101437
0.0237688,0.0169402,0.0136785,0.0117139,0.00265215,0.00167814
0.00663487,0.00460074,0.00564714,0.00435011,0.000628618,0.00188738
0.0141821,0.00986847,0.00516209,0.00568386,0.00186555,0.00157584
0.0279113,0.0147966,0.0201496,0.03461,0.00674187,0.00932778
0.0317125,0.0151838,0.0206484,0.0313877,0.00670016,0.00896569
0.00827663,0.00605963,0.00336447,0.00357048,0.000123616,-0.000489593
0.0080125,0.0048795,0.00357263,0.0049753,0.00220917,0.00427683
0.0201142,0.0112413,0.00668301,0.014154,0.00464415,0.00824296
0.00538455,0.00413963,0.0031815,0.00486037,-0.000369143,-0.000326532
0.0203403,0.0106072,0.0117495,0.0157756,0.00219444,0.00203916
0.0198632,0.0106088,0.0112735,0.0117968,0.00263164,0.00192085
0.00453805,0.00352979,0.00276579,0.00326682,0.000440354,0.000428998
0.00422803,0.00330664,0.0031617,-0.000134521,0.000443772,0.000712337
0.00495414,0.00359614,0.00347942,0.00281735,-0.000245361,0.000108273
0.00598964,0.00430184,0.00351674,0.00137262,0.00049565,0.0012661
0.0117682,0.00684457,0.00550664,0.00583925,0.00081077,0.002262
0.00864564,0.00540317,0.00393122,0.0087715,0.000285354,0.000365986
0.0108377,0.00675316,0.00454551,0.00428993,-0.00113247,0.00104533
0.00912735,0.00317121,0.00421803,0.00171362,-0.00099317,0.000375709
0.0105121,0.00658764,0.00432408,-0.000906349,0.00015438,-0.000661417
0.0139165,0.00684817,0.00727606,0.00464119,0.000744198,0.00207654
0.0130853,0.00576824,0.0052538,-0.00180871,0.00089151,0.00174727
0.0127672,0.00587041,0.0052846,0.000465264,0.000280184,0.000239494
0.0092166,0.00668311,0.00588272,-0.000658509,7.69519e-05,0.00110315
0.0121365,0.00571329,0.0080584,0.00690853,0.000929022,0.00136655
0.0190783,0.00784215,0.00853399,0.00751869,0.00257548,0.00231558
0.0214517,0.0150989,0.00980731,0.0077148,0.00210673,0.00175979
0.0251503,0.0138081,0.00975679,0.00977316,0.00282438,0.00245185
0.00468542,0.00345648,0.00255399,0.00206102,0.0012346,-8.11275e-05
0.0132032,0.00770449,0.00667901,0.00692053,0.000855654,0.00120413
0.00598132,0.00385351,0.00451218,0.00759906,0.000866725,0.000983617
0.0309111,0.0175113,0.0144001,0.0152676,0.00425791,0.0013251
0.00448915,0.0037299,0.00398199,0.00120327,0.00138085,0.000162632
0.0102081,0.00724322,0.00417745,0.00392333,0.000549569,-0.000487691
0.00769968,0.00599819,0.00281342,0.00683336,0.000718648,0.0012804
0.00730366,0.00564533,0.00426383,0.00225371,0.000563781,0.000464383
0.00630237,0.00494633,0.00450643,0.0014005,0.00155297,0.00247902
0.0176004,0.0112116,0.00639963,0.0134824,0.00186033,-0.000139655
0.00707632,0.00513415,0.00397979,0.00324375,8.28322e-05,-0.00104875
0.0155256,0.00715321,0.00801622,0.0117082,0.00196475,0.00216849
0.014693,0.00899761,0.00952574,0.01345,0.00101914,0.00106536
0.0141604,0.00990477,0.00500311,0.00622219,0.00198276,0.000228875
0.0105971,0.00729708,0.00971929,0.0089566,0.0028691,0.00228825
0.0300912,0.0121616,0.0213495,0.0242546,0.00511616,0.00318519
0.0315569,0.0121173,0.0214807,0.027054,0.00432139,0.00228837
0.0103066,0.00731458,0.00937485,0.00552085,0.00190417,0.000448967
0.0176415,0.0111617,0.00704606,0.0142506,0.00208747,0.00220105
0.0179984,0.0108566,0.00663207,0.00931393,0.00103606,0.000348637
0.00872469,0.00628949,0.00347616,0.00381328,0.000373578,0.000658035
0.00581672,0.00464172,0.00294164,0.000943568,-0.000238422,0.00103224
0.0189384,0.0121618,0.0130232,0.0157234,0.00212903,0.00176612
0.00695792,0.00295158,0.00331486,0.00510137,-0.000598213,0.000722166
0.0270595,0.0156379,0.0098281,0.0144578,0.00230776,0.00248362
0.0214643,0.0140227,0.00864475,0.0093167,0.00198292,0.00207816
0.0066494,0.0046985,0.00330926,0.0105805,0.00344084,0.00972758
0.0163009,0.0107899,0.00864194,0.0106042,0.00206629,0.00203814
0.0171084,0.0107918,0.00747724,0.00854088,0.00148832,0.000626627
0.00608352,0.00342782,0.0038007,0.00272504,-0.000314376,-0.000253588
0.0124468,0.00811653,0.00466221,0.00597948,-0.000294087,0.00113536
0.00442985,0.00350672,0.00178816,0.0044861,-5.28156e-05,-0.00048476
0.0108887,0.00783145,0.00467422,0.00360449,0.000908615,0.00127112
0.00855443,0.00545589,0.00483124,0.0146109,0.00390149,0.0111422
0.00749896,0.00320515,0.00381004,0.00789551,0.00118626,0.000140336
0.0125669,0.00736644,0.00600499,0.00587936,0.000808775,0.000428021
0.0118411,0.00824952,0.00507408,0.0062019,0.00376023,0.011458
0.019854,0.0134012,0.0242737,0.0342768,0.00640998,0.00501077
0.00689073,0.00478303,0.00204451,0.00499438,0.000557315,0.00110504
0.0116752,0.00831723,0.00689135,0.00753414,0.00236162,8.66852e-05
0.0144249,0.00642621,0.00751336,0.0121619,0.00408737,0.00113734
0.0207146,0.0116642,0.0110876,0.0149939,0.00402055,0.00320034
0.0108571,0.00777122,0.00612532,0.00672238,0.0017037,0.000684467
0.0323592,0.0181604,0.0209782,0.0398015,0.00715249,0.00338371
0.0217702,0.0105208,0.0141658,0.0257939,0.00274122,0.00153532
0.0292777,0.0146677,0.0184132,0.0243634,0.00487301,0.0032462
0.0272039,0.010736,0.0135116,0.0148362,0.00220257,0.00329287
0.00665723,0.00337741,0.00369577,0.0072354,0.000932269,0.000396842
0.00580058,0.00415831,0.00331865,0.00137414,-0.000197276,0.00229
0.00730574,0.00471639,0.00330602,0.00241177,0.000789352,0.00114488
0.011992,0.00849099,0.00667036,0.00975675,0.00217802,0.000538365
0.00388027,0.00309423,0.00216424,0.00363532,-0.000297351,-0.000618403
0.0085836,0.00492832,0.00552122,0.00381037,0.00178874,0.00126343
0.0083685,0.00498934,0.00528396,0.00169737,0.00103814,-0.00106785
0.00439609,0.00338657,0.00235762,-0.00246136,0.00029727,-0.000401856
0.018141,0.0126663,0.00834903,0.0183596,0.00646092,0.012531
0.014684,0.0101181,0.00473322,0.00698945,0.00169933,0.000192196
0.00774841,0.00549163,0.00286954,0.000235664,0.00112017,0.000713077
0.0120707,0.00872921,0.00503117,0.00107318,0.000258086,0.00161665
0.00871802,0.00614474,0.00424364,0.00720374,0.001186,0.00129162
0.00806966,0.00616405,0.00489118,0.00439166,0.000507488,0.00141423
0.0115816,0.0079559,0.00451962,0.00363984,0.00157115,0.000485092
0.0121068,0.00837995,0.0130797,0.016765,0.00705548,0.0148504
0.0215128,0.0139249,0.0100868,0.00657275,0.00236523,0.00149706
0.014738,0.0102184,0.00457861,0.00832692,0.000793983,0.00212734
0.0112586,0.00816284,0.00275024,0.0107901,0.00133766,-0.000267417
0.00722028,0.00531583,0.00242561,0.00176182,0.00013653,-1.15812e-06
0.0200947,0.0132128,0.0110166,0.0101417,0.00259449,-0.000156428
0.0216377,0.0123505,0.011219,0.0117184,0.00292956,-0.000671234
0.0208621,0.0109248,0.0105563,0.0141022,0.00249828,0.000861802
0.0176026,0.0107522,0.00841698,0.0102211,0.000819412,0.000906872
0.0123539,0.0088706,0.00693084,0.00562322,0.000283599,0.0016236
0.00942678,0.00575414,0.00492601,0.000844636,0.000984756,-0.000958586
0.0277022,0.0133028,0.0127504,0.00910265,0.00227608,0.000635869
0.00456799,0.00348978,0.00344639,0.000903473,-0.000189873,-0.000291014
0.00701278,0.00452221,0.00538866,0.00130111,0.00128936,-0.000259466
0.00516476,0.00378841,0.00211809,0.00920181,0.00381706,0.0106283
0.00444378,0.00329819,0.00199388,-0.00143826,-0.000273212,0.000336601
0.00937065,0.00691141,0.00683939,0.00671567,0.00156834,0.00156417
0.00530716,0.00404946,0.00618427,0.00435328,0.00015152,0.00142404
0.0130075,0.00891416,0.006143,0.00578687,0.000967632,0.00139668
0.00622757,0.00457584,0.0022471,0.000397787,-0.000630548,-0.00010401
0.0050113,0.00356902,0.00375545,0.000740318,0.000191546,-0.000494908
0.00876305,0.00632034,0.00447683,0.00623839,0.00108736,0.00110583
0.0139994,0.00973454,0.00385373,0.00164289,0.000674515,-0.00125334
0.0104735,0.00528024,0.00979975,0.0198021,0.00702818,0.0188132
0.00996817,0.00618302,0.00337086,0.00528177,0.000927611,0.00333798
0.0110465,0.00777368,0.0074897,0.0128723,0.00406313,0.0128909
0.0044844,0.00370976,0.00558787,0.00813794,0.00178838,0.0011409
0.0279987,0.0187695,0.0118257,0.0132602,0.00306603,0.00293697
0.0127361,0.00895418,0.00698774,0.0114536,0.00211966,0.00592014
0.0143122,0.00660205,0.00864481,0.00909682,0.00161934,-0.000136633
0.0177454,0.0064978,0.010408,0.0131822,0.00108963,0.000539998
0.0225716,0.0104602,0.0143366,0.0156773,0.00215299,0.00112964
0.00540995,0.00400944,0.00293388,0.00202898,0.000970119,-0.000117805
0.0151995,0.0102633,0.00456198,0.00811239,0.000761061,-0.000462688
0.00357464,0.00300915,0.0042134,0.00731948,0.00134466,0.00163727
0.0118113,0.00484509,0.008742,0.0123064,0.00248667,0.000348874
0.0164105,0.00624519,0.0110203,0.0174423,0.00215489,-3.02099e-05
0.0113368,0.00429434,0.0061627,0.0100579,0.000545904,-0.00034698
0.013796,0.0100218,0.0068472,0.00752736,0.00124954,0.000785319
0.00761521,0.00556764,0.00330283,0.00258246,-0.000231638,0.00085224
0.0169584,0.00759975,0.0104487,0.00884136,0.00256971,7.92094e-05
0.0176924,0.00754678,0.0106162,0.0106217,0.00202778,0.000590766
0.01016,0.00714421,0.00320007,0.00345888,0.000673577,0.00058224
0.0208463,0.0141041,0.0125449,0.0186649,0.00357272,0.00173218
0.0142133,0.00974734,0.00627268,0.00494228,0.00110699,0.000755293
0.00436597,0.00314497,0.00333644,0.00182024,0.000276826,0.000452665
0.012381,0.00786181,0.00552711,-0.00136679,0.000291077,9.30436e-05
0.00698967,0.0047549,0.00329709,0.00107841,0.00105913,0.000363263
0.00923144,0.00647207,0.00530136,-8.56876e-05,0.000118299,-0.000133431
0.0179152,0.00910427,0.0117758,0.0114586,0.00151377,0.00201698
0.0189683,0.00946181,0.012192,0.00774504,0.00146233,0.0016554
0.00835332,0.0056955,0.00351776,0.00518343,0.00149924,0.00109335
0.0188469,0.0106929,0.0086587,0.00839706,0.00226821,-0.000203508
0.00643209,0.00467477,0.00313569,-5.64317e-05,-0.000765359,0.00099986
0.00719317,0.00382237,0.00425429,0.000263216,0.000697247,0.000859581
0.00681366,0.00486776,0.00373592,0.00393084,0.000991254,0.00053639
0.0114953,0.00712177,0.00848233,0.0077653,0.00088538,0.00158502
0.0145196,0.0100653,0.00715756,0.00627537,0.00223776,0.0018344
0.0044267,0.00306946,0.00238058,0.00265856,0.000368594,-0.000272933
0.0085012,0.0059992,0.00248709,0.00459942,0.000189937,-0.000743862
0.011512,0.00800132,0.00350856,0.00984902,0.00195556,0.00131459
0.00549527,0.00372318,0.00304535,0.000179717,0.000947126,-0.000512902
0.0119245,0.0080197,0.00576547,0.00458434,0.00137472,-1.52236e-05
0.0152022,0.00875197,0.00878169,0.0147993,0.00326231,0.00472605
0.0182142,0.00879326,0.0101078,0.0172684,0.00249369,0.00678434
0.0182656,0.0111425,0.00703679,0.00585689,0.00207105,0.00260597
0.00961334,0.00671401,0.0064782,0.00815285,0.00200029,0.000589691
0.0149554,0.00992649,0.00992294,0.00350435,3.55215e-05,0.000873023
0.00817706,0.00555604,0.00401987,0.00224467,2.14239e-05,0.000471007
0.0218008,0.0105169,0.00749924,0.0133488,0.00473173,0.0105828
0.0230746,0.0104274,0.0082118,0.0132362,0.00504173,0.0106111
0.00987487,0.00602663,0.00665772,0.00272321,0.00139584,0.00154743
0.00830018,0.00539745,0.00274206,0.00343137,-0.00037913,-0.00107295
0.00369069,0.00310502,0.00190441,0.000723489,0.000154532,0.000376541
0.00565348,0.00385263,0.00322361,0.0012989,-0.000428818,0.000571025
0.0136995,0.00980622,0.00567822,0.00624953,0.000237151,0.000854155
0.0243634,0.016997,0.0162605,0.0174706,0.00448385,0.00253098
0.00563018,0.00432206,0.0063262,0.00174507,-4.61111e-05,0.000989627
0.0165042,0.00956731,0.0120136,0.0178819,0.00313307,0.00187252
0.017037,0.0113673,0.00624505,0.00756637,0.0015639,0.00222583
0.00880044,0.00592008,0.00448265,0.00276851,0.0016514,-0.000693004
0.0116187,0.00753133,0.0050231,0.00758654,0.00178037,0.00173608
0.0196088,0.0134329,0.00555184,0.00973463,0.000773859,0.000927701
0.00489342,0.00354144,0.00562194,0.00843466,0.00144999,0.00138507
0.025514,0.0145974,0.0212646,0.021881,0.00646789,0.00376889
0.0271708,0.00808273,0.0132134,0.0284118,0.00783089,0.0184143
0.0182895,0.00732949,0.00900646,0.0125118,0.000777678,0.00226045
0.00776953,0.00578055,0.00621614,0.0101343,0.00223616,0.000711899
0.00627101,0.00460505,0.00398419,0.0038784,0.000239277,0.00127795
0.00540229,0.00416749,0.00262654,0.00298427,0.00111123,-0.000611941
0.00871537,0.00600555,0.00481066,0.00689337,0.00170401,0.000980921
0.00772523,0.00444741,0.00373159,0.00378906,0.00154253,0.000696229
0.00887316,0.00439423,0.00375196,0.00410835,0.00208442,0.0018548
0.0046455,0.00319389,0.00287594,-0.00377728,-0.000500088,-0.000606674
0.0251393,0.0102318,0.0122767,0.00825364,0.00107228,-2.22898e-05
0.0262802,0.0100961,0.0123495,0.0100852,0.0018472,-0.000190912
0.00884489,0.00367472,0.00517025,0.00136793,-0.00035305,0.00216258
0.00827427,0.0060191,0.00250051,0.00288811,0.000298818,-0.000238156
0.0161859,0.0116463,0.00781621,0.010541,0.00287537,0.00229644
0.0070011,0.00542173,0.00263138,0.00111556,0.000954753,-0.000188577
0.0166969,0.0116512,0.00687483,0.00499814,0.00146826,0.000472499
0.00681812,0.00491452,0.00279922,0.00440806,0.001346,-0.000189472
0.00720682,0.00537447,0.00634938,0.0103954,0.00295938,0.000528619
0.0127531,0.00882547,0.00795717,0.00568649,0.00129107,0.000585974
0.0061194,0.004761,0.00348911,0.000720771,0.000418181,0.000959668
0.0160723,0.0094508,0.00742741,0.00415487,0.000692185,0.00289759
0.0128203,0.00913405,0.00610888,0.00670888,0.0017971,0.00107673
0.0255271,0.0114566,0.0112425,0.0203909,0.00300799,0.00240551
0.025856,0.011323,0.0111481,0.019047,0.00223271,0.00208082
0.0135513,0.00782347,0.00715786,0.00275152,0.00199187,0.000567049
0.0114213,0.00712232,0.00608113,0.00187059,0.00110664,0.00179549
0.0125954,0.00726638,0.00451215,0.00461877,0.000657179,0.000684504
0.0131197,0.00444619,0.00573214,0.00337207,0.00105909,0.00204116
0.0144561,0.00738938,0.00667008,0.00399604,0.00154156,0.00162788
0.0137436,0.00729871,0.00622196,0.00508444,0.000910477,0.00127607
0.00532316,0.0039315,0.0013388,0.00403226,0.000996035,0.000905677
0.00710213,0.00524277,0.00346915,0.00463473,0.00110462,-0.000260964
0.00478739,0.0035275,0.0017519,-0.00130496,-0.000651154,0.000237773
0.00872769,0.00409743,0.00391632,0.00297832,0.00081729,0.000735798
0.0366269,0.0168321,0.0155928,0.0162583,0.00493582,0.00327586
0.00512196,0.00324069,0.00246267,-0.00229344,0.000966068,0.00076549
0.00990069,0.00690706,0.00498993,0.00651729,0.000353418,0.000299591
0.0259259,0.0160587,0.0189384,0.0301326,0.00711257,0.0112415
0.0323459,0.0139008,0.0140684,0.0116821,0.00324664,0.00188374
0.0343755,0.0131387,0.0130791,0.0116767,0.00379453,0.000316758
0.00897496,0.00672769,0.00740148,0.0049494,0.0018024,-0.000843703
0.0241977,0.0134051,0.0164683,0.0170504,0.00204558,0.00249717
0.0258512,0.0135544,0.0162871,0.0181423,0.00231994,0.0030845
0.0150165,0.00621074,0.0091518,0.00753883,0.00298741,0.00147518
0.00693703,0.00476445,0.0057291,0.00723977,0.00109903,0.00131778
0.012984,0.00814079,0.00547854,0.00524875,0.00182452,0.00167336
0.015172,0.00880683,0.00542847,0.0018813,0.0016057,0.00118905
0.0190844,0.0131241,0.00683708,0.00878181,0.00125637,-6.97869e-05
0.0133431,0.00587258,0.00577491,0.0105144,0.0012833,0.0023002
0.0133213,0.00964072,0.00676633,0.00572286,0.000841932,0.00190461
0.0163891,0.0118299,0.00608753,0.00368658,0.00141613,0.00272999
0.0192089,0.0134391,0.00894085,0.00938927,0.000810766,0.000117614
0.00824716,0.00597843,0.0024242,0.00271709,0.000836863,0.000721101
0.00627887,0.00447673,0.00341613,0.000363389,0.00105363,0.00107002
0.00843656,0.00596466,0.0037624,0.00475908,-0.000249495,-0.000748424
0.00722511,0.00500226,0.00417982,-0.000634899,0.000675231,0.00198677
0.0211363,0.00910508,0.013001,0.0188826,0.00392695,0.000332025
0.010448,0.00783351,0.0042609,0.00362893,0.000690706,2.96771e-05
0.00650251,0.00478425,0.00216004,0.00193552,0.000281645,0.00214338
0.0117262,0.0083446,0.00664442,0.00872913,0.00149907,0.00137276
0.00806571,0.00572615,0.00357733,0.00642454,0.000218175,0.00122187
0.0152593,0.0107133,0.00425189,0.00469734,0.00167222,0.00112953
0.00759599,0.00530622,0.0033987,-0.000556505,0.00178556,-6.31165e-05
0.00639457,0.00500278,0.00432185,0.00334939,0.00120371,-0.000699709
0.00459132,0.00310926,0.00241967,0.00282972,0.000339765,0.0010638
0.0124483,0.00882482,0.00745972,0.00699266,0.00236633,0.00955937
0.0105068,0.00765885,0.00379455,0.00545822,0.00110536,-0.000478063
0.0102366,0.00656142,0.00350895,-0.00085001,0.000317482,-6.91623e-05
0.0162649,0.0114449,0.0112341,0.014058,0.00416777,0.00635222
0.021631,0.0129183,0.0155533,0.0154684,0.00467975,0.00633139
0.0124799,0.00865019,0.00402703,0.00730049,0.00112649,-0.000461642
0.0107272,0.00452829,0.00441155,0.014618,0.0042386,0.0128276
0.0123977,0.00846652,0.00457863,0.00458258,0.0014044,0.00171858
0.00505816,0.00339158,0.00282922,0.00352075,0.00112698,0.000949017
0.00597077,0.00470911,0.00291052,0.00448535,-0.000404392,0.000425394
0.00478377,0.00371294,0.00203063,-0.00106502,0.000924869,-3.60553e-05
0.00786567,0.00414749,0.00319467,0.00660884,0.00115874,0.000202272
0.00792919,0.00346874,0.00316433,0.00739657,0.00117056,-0.000530043
0.0060774,0.00452213,0.00198674,0.00301738,-3.24095e-05,0.00104957
0.00784084,0.00581766,0.00287153,0.00326371,0.0011521,0.00111637
0.0210438,0.0145997,0.006047,0.00332395,0.00187781,0.00153353
0.0283859,0.0150588,0.0114535,0.00736637,0.00213055,0.00101986
0.0299201,0.0124041,0.0102971,0.00446385,0.0013088,0.00144816
0.00608852,0.00469013,0.00275185,0.00363531,0.000176334,0.000442218
0.00493876,0.00404884,0.00204786,0.000944801,-0.000678635,0.000629665
0.0151741,0.0104752,0.00881959,0.00822185,0.00175066,0.00342111
0.00856883,0.00605109,0.00358002,0.00496288,-0.000499034,0.00127814
0.0172807,0.0094131,0.00738099,0.00917995,0.000150461,0.00065005
0.0192628,0.0129775,0.00542369,0.00461381,0.000590765,0.00134945
0.0194792,0.0127036,0.00692693,0.00327112,0.00126998,0.000274023
0.00414297,0.00319642,0.00246632,0.00104109,0.000570031,0.000826913
0.0059867,0.00436431,0.00207343,0.0048151,-0.000153486,0.0013671
0.00598419,0.00454334,0.00428573,0.00634097,0.000759099,0.000401915
0.0170002,0.0109374,0.00747725,0.00734401,-0.000238088,-0.000521066
0.0117054,0.00684554,0.00691453,0.0025489,0.000571891,0.000923997
0.0172809,0.00712597,0.00782996,0.005547,0.00199069,0.00111638
0.0250389,0.0141745,0.00800319,0.00933705,0.00297592,-0.000413366
0.00765317,0.00570509,0.00298943,0.00348628,0.00119517,0.00110374
0.0176582,0.0121838,0.00498417,0.00687935,0.000139079,0.000956819
0.0114489,0.00803909,0.00304346,0.0050974,0.00183009,0.000705992
0.0063142,0.00467973,0.00339857,0.00184609,0.000760158,0.00041511
0.016502,0.00866478,0.00881776,0.00759577,0.00245149,2.67885e-05
0.0152043,0.00631408,0.00768659,0.00649071,0.00151796,0.000816111
0.0147344,0.0105447,0.00602401,0.00820314,0.00106237,0.00349061
0.0282329,0.016705,0.0168007,0.0224063,0.00378294,0.00381432
0.00663193,0.00470527,0.002652,0.000197436,-0.00017211,0.000747857
0.00731361,0.00492263,0.00169991,0.00239614,8.33026e-05,0.000154685
0.00952987,0.00681668,0.00307376,0.00644733,0.00165352,0.00188573
0.00693889,0.00429734,0.00631485,-9.75369e-05,0.000664688,0.000349111
0.0175878,0.0126004,0.00868967,0.0092767,0.000894281,0.00100415
0.0141207,0.0100323,0.00880636,0.00942737,0.0024409,0.0034342
0.0132935,0.00904488,0.00474525,0.00265989,0.000877757,-0.000938789
0.0145421,0.00997589,0.00481928,0.00338775,0.00112196,-0.00144346
0.0187349,0.0103379,0.00903213,0.014195,0.00249331,-0.000338505
0.0120313,0.00838066,0.00462954,0.0051352,0.00232475,0.000344146
0.0266175,0.016308,0.0333196,0.043338,0.0115462,0.00413416
0.0121253,0.00858017,0.00220105,0.00537606,0.000142484,-5.46636e-05
0.00992057,0.00724436,0.00307631,0.00267958,3.20612e-05,0.000560467
0.0135565,0.00968877,0.00488031,0.00366092,0.000817142,0.000261414
0.0209499,0.0124903,0.011206,0.0111097,0.00230302,0.00287244
0.0126643,0.00888196,0.0105635,0.0106875,0.00216321,0.00180099
0.0267584,0.0128925,0.0179584,0.0276358,0.0112663,0.0221995
0.00561513,0.00430521,0.00404783,0.00819343,0.000634094,-3.91854e-06
0.0151302,0.00931092,0.00824593,0.0175775,0.00263666,0.00437262
0.00820963,0.00488402,0.00427211,0.00645838,0.000727283,-0.000341941
0.0105232,0.00478579,0.00506986,0.00455095,0.00101401,-0.000652541
0.00730396,0.00473989,0.00349328,0.0028758,0.000883477,-0.000361534
0.0112642,0.00739468,0.00650628,0.00289574,0.000733961,0.00237098
0.0124559,0.00737195,0.00675696,0.00431804,0.00163142,0.00138897
0.0109738,0.00790279,0.00445365,0.00498644,0.000766659,0.00125949
0.00952276,0.006295,0.00633785,0.0174899,0.00709951,0.0154596
0.0103039,0.0072241,0.00330579,0.00278529,-2.4567e-05,0.0014251
0.0210431,0.00979372,0.009735,0.0137525,0.00205808,0.0016107
0.0276616,0.0110814,0.0132453,0.0161663,0.0020926,0.00245024
0.0071862,0.00507568,0.00496342,0.0073439,0.000785556,0.000928839
0.00414679,0.00311941,0.00226687,0.00425704,0.000516619,0.000624855
0.00791334,0.00585601,0.004082,0.00269368,0.00158782,-0.00035068
0.0218683,0.0140387,0.0242522,0.0177627,0.00538352,0.00145024
0.0149197,0.0102943,0.00612289,0.00249031,0.000359948,-0.000608023
0.011604,0.00589053,0.00562739,0.00106019,0.000446511,0.000596954
0.01183,0.00584514,0.00545764,0.00193326,-0.000866255,0.00110466
0.0146528,0.00880123,0.00755086,0.0117924,0.00207479,-0.000603026
0.00996184,0.00693184,0.00374576,0.00360407,0.000637989,0.000687703
0.0154921,0.0104832,0.00605479,0.00397189,0.000570845,0.000827438
0.0151221,0.00954365,0.00650054,0.00986828,0.0018181,0.00035262
0.012711,0.00826282,0.0055608,0.000954616,0.00017654,0.00118479
0.00671324,0.00493032,0.0037937,-0.00198908,-0.000591986,-0.000473047
0.0241203,0.0135501,0.0181455,0.0177883,0.00284859,2.00502e-05
0.0248226,0.0129666,0.00807236,0.0108125,0.00142805,0.00124254
0.0231815,0.0118287,0.010911,0.0128714,0.00161559,-0.000387
0.0101369,0.00679058,0.00778057,0.00237572,0.000409639,0.00170529
0.0140706,0.00964412,0.012854,0.01256,0.002332,0.00163047
0.00441434,0.00304455,0.00235439,-0.00156702,-0.000160444,-0.00149399
0.0166138,0.0112122,0.0141559,0.0228694,0.00519594,0.00213659
0.0148009,0.0097792,0.00414544,0.0016429,0.000638757,0.000116271
0.00506773,0.00410617,0.00291215,-0.0013875,9.70677e-05,1.02658e-05
0.0130782,0.00894422,0.00452955,0.00680977,0.00117073,9.93261e-05
0.00943659,0.00518245,0.00668141,0.00408053,0.00115364,0.000153976
0.00959982,0.00514491,0.00696568,0.00269391,0.00105187,-0.000451284
0.0110852,0.00819968,0.00582015,0.0046441,0.000339727,0.000414942
0.0188919,0.0133119,0.0107098,0.0132747,0.00382217,0.00172677
0.00446012,0.00334087,0.00305807,-0.00128951,-0.000167081,0.0010399
0.0199449,0.0137291,0.00660054,0.01056,0.000592362,0.00156455
0.0174597,0.0110537,0.0105256,0.0145351,0.00204378,0.000248569
0.00947227,0.00693853,0.00391323,0.00183272,2.48968e-05,0.00125904
0.00992552,0.00706998,0.00671632,0.00455476,0.0007763,0.000292777
0.00484189,0.0035572,0.00247412,0.00166489,0.0005436,-0.00171769
0.0104305,0.00748041,0.00419146,0.00495395,0.00064997,0.000415356
0.0178746,0.00954652,0.00927386,0.0108307,0.000786007,-0.000499155
0.0152267,0.008188,0.00485949,0.00473507,-0.000231056,-8.51366e-05
0.0312842,0.0198847,0.0124044,0.0148343,0.00437017,0.00109395
0.00683732,0.00505292,0.0024501,0.00235872,0.0011917,0.000162149
0.00774442,0.00513603,0.00305033,0.00179767,0.000171704,0.0003746
0.0122793,0.00813421,0.0222753,0.0316057,0.00665304,0.00300332
0.0102192,0.00734015,0.00350501,0.00688008,0.00137479,1.5888e-05
0.0266156,0.0107034,0.0126689,0.0127888,0.00464463,0.0019588
0.0279727,0.0105341,0.012862,0.0133196,0.00424023,0.00193636
0.0124526,0.00604382,0.00568118,0.00424567,0.00111319,0.000346232
0.0121308,0.00601617,0.00549086,0.00308252,0.000903689,0.000597385
0.0170155,0.00891443,0.00885501,0.00751385,0.00460748,0.00167056
0.0202561,0.0110089,0.00918459,0.00665513,0.00243253,6.96718e-05
0.0318199,0.0158082,0.0198208,0.0256641,0.0059586,0.00362808
0.00711382,0.00513246,0.00466645,-0.00212952,-0.000885222,-0.00143055
0.0146688,0.00968501,0.00609347,0.0223553,0.00679867,0.0168476
0.0112417,0.00776946,0.00650026,0.00438288,0.00101435,0.002264
0.0104374,0.00703794,0.00452068,0.00257514,0.000640615,-0.000971366
0.00473011,0.00331647,0.0039238,0.000842893,-0.000867726,-8.3387e-05
0.00746016,0.00532813,0.0029458,0.000201971,0.00218839,0.000222096
0.00796243,0.00515585,0.00401634,0.0053347,-6.15235e-05,0.000226988
0.00507257,0.00333244,0.00684862,0.00762595,0.00185613,0.0019833
0.0097998,0.00690566,0.00325434,0.00250529,-0.000252256,0.00020505
0.0369232,0.0144878,0.0306188,0.0458527,0.00903807,0.00379718
0.0361576,0.0145916,0.029208,0.0429583,0.00818508,0.00226157
0.00540448,0.00342825,0.00345281,0.00182106,0.000240333,0.00046671
0.00424196,0.00319307,0.00288199,0.000657538,0.000426212,0.000485041
0.00425211,0.00310804,0.0040765,0.0047904,0.00111658,0.000890753
0.0150319,0.00925423,0.0103514,0.0108223,0.00291308,0.00146808
0.0129316,0.00871611,0.00451594,0.00494681,0.000814267,5.74022e-05
0.00908289,0.00657584,0.00357409,0.00515856,0.000582062,-0.000125854
0.00927426,0.00641775,0.00289307,0.00675651,0.000831386,0.000654708
0.00534904,0.00374576,0.00164391,0.00106193,-0.000548508,0.00212161
0.00661627,0.00372695,0.00326718,0.00597664,0.000816816,-1.06387e-05
0.00684496,0.00361558,0.00321312,0.00544279,0.00132929,-0.00016343
0.0198529,0.00907951,0.0114577,0.00734056,0.00263338,0.000901758
0.00588208,0.00340681,0.00384505,0.00163767,0.000457947,0.000801718
0.0106179,0.00682741,0.00657521,0.00310476,0.000724005,-0.000382794
0.00574093,0.00441002,0.00304083,0.00173359,0.000526412,0.00099971
0.00674665,0.00472587,0.00286788,0.00361174,0.000417862,-0.00120515
0.0193391,0.0108432,0.0103184,0.0162458,0.00274459,0.0010413
0.00756535,0.00509461,0.0187689,0.0307656,0.00676184,0.005744
0.0148489,0.010466,0.0065983,0.00311501,0.000795048,0.000559639
0.00833813,0.00589219,0.00515285,0.0138462,0.00187575,0.000766842
0.0253706,0.01713,0.00769525,0.00807591,0.00110656,0.000981708
0.0117148,0.00806404,0.00876908,0.00408786,0.00132304,0.00162115
0.0129743,0.00904667,0.00453222,0.00129462,0.00155906,0.00150469
0.00435556,0.00336637,0.00368405,0.00299579,0.00102744,0.000777101
0.00674376,0.00500677,0.00561995,0.00439924,0.000939226,0.000541183
0.00872294,0.00592332,0.00338297,0.0063511,0.000761141,-2.66126e-05
0.00445845,0.00355647,0.00230089,-0.000289854,-0.000183472,0.000781636
0.00960416,0.00682461,0.00411535,0.00282592,0.000188143,-0.000281732
0.0192488,0.0127614,0.00683853,0.0122779,0.00186881,0.00153063
0.0081817,0.0051756,0.00409332,0.00634069,0.000396087,0.00118204
0.00641447,0.00482657,0.00324873,0.00160064,0.00103819,0.000902264
0.0231329,0.0104113,0.00990658,0.0120633,0.0024522,0.00254987
0.0239488,0.010358,0.0101102,0.0127938,0.0029402,0.00234172
0.00528582,0.00385713,0.00224846,0.00185432,6.53586e-05,0.000350457
0.0221118,0.0149933,0.00817185,0.00805045,0.00168114,0.000791433
0.00592469,0.00444462,0.00290921,-0.00079383,-0.000226456,-0.000566617
0.0139953,0.00801332,0.00722509,0.00880156,0.00339495,0.00462488
0.0176203,0.00889061,0.00872011,0.00866587,0.00192383,0.000558513
0.0104586,0.00620563,0.00532916,0.0027294,0.00128575,-9.79361e-05
0.0257927,0.0166737,0.0121342,0.0131907,0.00231933,0.002931
0.00461446,0.00331381,0.00167609,-0.00129581,-0.00097868,-0.000468522
0.004253,0.00335651,0.00245987,-0.00135404,0.000542301,-0.000584348
0.0100062,0.00684961,0.00461142,0.00459947,0.000945015,1.90758e-05
0.0146439,0.0102747,0.00522995,0.00693935,0.0015943,0.00259968
0.00736499,0.00499535,0.00248042,0.00199413,0.000687767,-0.000721141
0.0108114,0.0066772,0.00629456,0.00755518,0.00142863,0.000361217
0.018793,0.00738696,0.0108467,0.0114755,0.00407293,0.00038451
0.0161517,0.00727383,0.00840528,0.0111952,0.003536,0.000849139
0.0236595,0.0155809,0.0091621,0.0127125,0.00267402,0.00274117
0.0242398,0.0154564,0.00747707,0.0122246,0.00303403,0.00125374
0.0113929,0.0076854,0.0046386,0.00293808,0.00027677,0.000424563
0.0266272,0.0129891,0.0152788,0.0208627,0.00318035,0.00230644
0.0297153,0.0136224,0.0165977,0.0232933,0.00284644,0.00277124
0.00820906,0.00590874,0.00418163,0.00264107,-0.000194467,0.000307824
0.011402,0.00559263,0.00406333,0.00557667,0.00131506,0.00112519
0.00551686,0.0043172,0.00322105,0.000457989,0.000924834,0.000460693
0.00917079,0.00401606,0.00570292,0.0103805,0.00108197,0.00112362
0.0092616,0.00391634,0.00502512,0.00687248,-6.93103e-05,0.00056906
0.00665542,0.00468621,0.0025137,0.0017321,7.36139e-05,-1.4108e-05
0.0105727,0.00736989,0.00487015,0.00332653,0.000947507,0.000605334
0.0106472,0.00735134,0.00455778,0.00540331,0.00070631,-0.00102634
0.00858478,0.00598878,0.00400668,0.00649087,0.00091419,0.00236795
0.0105455,0.00788101,0.00439524,0.00436733,0.00166908,-8.36964e-05
0.00683234,0.0040712,0.00399913,0.00409983,0.000566125,0.000718156
0.0123456,0.00551001,0.00728842,0.00833909,0.00146966,0.000543337
0.0123071,0.00559029,0.00718238,0.0121063,0.000967477,0.000649796
0.0254304,0.0136826,0.00909748,0.00609294,0.00157941,0.00185453
0.0287031,0.0108732,0.00971968,0.00959469,0.00338088,0.00711057
0.0138679,0.00673246,0.00575314,0.0135203,0.00347195,0.00893768
0.0110173,0.00685753,0.0045823,0.00135586,0.000190561,0.000231889
0.0156266,0.0106859,0.00768533,0.0245504,0.00969909,0.0207171
0.0136634,0.00932053,0.0066412,0.00770605,0.00163974,0.00145479
0.0120785,0.00475559,0.00573865,0.00356686,0.000814216,0.000397876
0.012951,0.00490608,0.00599426,0.00268825,0.000996403,0.000643243
0.00908588,0.00632818,0.00839355,0.00922424,0.00218743,0.00150203
0.00911579,0.00634838,0.00472142,0.00709914,0.00184471,0.00100807
0.0124685,0.00650942,0.00581215,0.0055158,0.00209801,-0.000336435
0.0115007,0.00646523,0.00543302,0.00197866,0.000699866,-0.000160596
0.00478374,0.0032467,0.00210023,0.0230511,0.00776199,0.0211276
0.0104864,0.00509994,0.0101971,0.0169055,0.00629063,0.0137411
0.0139134,0.00763607,0.012721,0.0245444,0.0082223,0.0170323
0.00451186,0.00309945,0.00277604,0.00270184,-0.00015357,-0.000589137
0.0143766,0.0100371,0.00549836,0.00847901,0.00117597,0.00382054
0.026148,0.0104476,0.0113261,0.0112798,0.00163171,0.00142483
0.00652459,0.00377582,0.00292904,0.00313017,0.000971741,-1.94695e-05
0.0246956,0.0175351,0.00773972,0.00772224,0.0019511,0.0018677
0.0141792,0.00993801,0.00472781,0.0125457,0.00184734,0.000552133
0.00810215,0.00403324,0.00470877,0.00509671,0.00129962,0.00230465
0.00912336,0.00406086,0.00526031,0.00443325,0.00165453,0.00133573
0.00851497,0.00576476,0.00223469,0.00525529,-0.000352278,-0.000720498
0.00589082,0.00401091,0.00257492,-0.00021003,0.000616706,0.000444434
0.0216735,0.0145752,0.0171538,0.0297649,0.00550807,0.00274376
0.0176636,0.00743186,0.00868105,0.00200513,-3.18186e-05,0.00179105
0.0220076,0.00740516,0.0103357,0.00689174,0.000236316,0.00213009
0.00827967,0.0048451,0.0035884,0.00255239,0.0013793,0.00207616
0.00852873,0.00586897,0.0051723,0.00682613,0.000779853,0.000542272
0.0129904,0.00850878,0.00564874,0.00781548,0.000861195,0.000511028
0.00980457,0.00659485,0.00536189,0.00637471,0.00060761,-0.000582176
0.00643145,0.00448717,0.00254646,0.00601702,-7.5535e-05,-7.74259e-05
0.00467417,0.00361145,0.00274096,-0.00108543,0.000531417,-0.00055684
0.0136848,0.00952668,0.0049344,0.00548277,0.00198262,0.000447447
0.00657438,0.00474405,0.00356344,0.00304633,0.000175795,0.00131998
0.0217048,0.0153123,0.0135511,0.0150136,0.00138118,0.0030004
0.0122907,0.00649468,0.00839925,0.00527716,0.000619937,0.00189873
0.010224,0.00681138,0.0036955,0.00329377,0.000606468,0.00116465
0.0125738,0.0050587,0.00509019,0.00737521,0.000839204,0.000317244
0.0134988,0.00596814,0.00551136,0.00516495,0.000405768,0.000417649
0.00629701,0.0045385,0.00249968,0.00259275,0.000659829,-0.000414606
0.00437575,0.00322568,0.00276527,0.00290943,0.000688593,0.000256737
0.00871066,0.00344543,0.00424809,0.00248645,0.000175202,-0.000226055
0.00961576,0.00357945,0.00411169,0.00244244,0.000969473,-2.76514e-05
0.0169977,0.0113465,0.00730862,0.00326831,0.00241026,0.000166286
0.0123716,0.00876548,0.00391685,0.00590426,0.00115475,0.000960114
0.0113581,0.00781964,0.00386795,0.00188681,0.000849536,0.00142162
0.0131059,0.00935246,0.0037137,0.012448,0.00142975,0.00108149
0.00792738,0.00516651,0.00467643,0.00736941,-0.000187514,0.00157569
0.00413056,0.00330367,0.00261872,-8.95514e-06,0.000570711,0.000984137
0.0281597,0.0145874,0.0139091,0.0321075,0.00955825,0.0144985
0.0128389,0.00928219,0.00519421,0.0129747,0.00327314,0.000760152
0.0194718,0.00945328,0.0114008,0.0130256,0.0016755,-6.84532e-05
0.0183203,0.0125626,0.00552343,0.00431183,0.000872826,0.000703116
0.0131329,0.00917932,0.00843129,0.00338479,0.000822441,0.000121525
0.00537009,0.00377633,0.00291881,0.00596348,-0.0002107,0.000320701
0.0157811,0.0105043,0.00473149,0.00130212,0.000829917,-0.000182199
0.00481485,0.00335165,0.00698262,0.0077424,0.00167266,0.000937664
0.00613461,0.00434133,0.00233934,0.00450147,-0.000134779,-0.000271962
0.0150026,0.00960523,0.00452275,0.00870698,0.0021337,0.000682789
0.0232886,0.0108975,0.0167526,0.0214321,0.00489236,0.0017102
0.0207183,0.00920492,0.00926382,0.0103265,0.00147255,-8.08687e-05
0.0269695,0.0141694,0.011015,0.00871035,0.00181781,0.00011786
0.0105952,0.00784378,0.00370385,0.00312518,0.000768452,8.46815e-05
0.00693649,0.00505996,0.00192668,0.00197349,0.00194675,-0.000160994
0.00512145,0.00338545,0.00262883,-0.00122048,0.000785933,0.000289397
0.00888373,0.00633824,0.00324382,0.00267251,0.00158122,0.000703582
0.00813906,0.00591263,0.00228976,0.00556747,0.000540039,0.00141158
0.0137516,0.00762911,0.0074868,0.0187176,0.00735803,0.0125882
0.00922279,0.00404302,0.00569813,0.00663601,0.00155441,0.000193677
0.0114327,0.00399807,0.00654978,0.00796758,0.000993706,-0.00109055
0.0085382,0.00413488,0.00391623,0.00276349,0.000164761,0.000109907
0.0126548,0.00851219,0.00727725,0.0049167,0.000734476,0.0019135
0.0207206,0.0118456,0.00706594,0.00594003,0.00152037,0.000138464
0.0170142,0.00818845,0.00649579,0.00682681,0.000366093,-0.000836253
0.00767162,0.00380444,0.00370549,0.00572326,4.64476e-05,-0.00110848
0.00913027,0.00631209,0.00402879,0.00437689,0.00121955,-0.000442749
0.00802281,0.00462735,0.00387592,0.00513403,0.000174624,-0.000784969
0.00725632,0.00521118,0.00215256,0.00618616,0.000558905,-0.000305439
0.00446671,0.00341855,0.00256059,0.00435299,-0.00102527,-0.000874852
0.010072,0.00716588,0.00480011,0.00267749,0.00108866,0.000598384
0.0251271,0.0166505,0.0127829,0.0100734,0.0028174,0.00132699
0.0239416,0.0157131,0.00727497,0.0162013,0.0028073,0.00197279
0.013341,0.00728188,0.0048749,0.00537258,0.000626415,0.000378067
0.016315,0.0112526,0.00666452,0.00964478,0.000932556,0.00176427
0.00835337,0.00602284,0.00182118,0.00355728,0.00115164,3.39104e-05
0.0147778,0.0100008,0.00646682,0.00844128,0.000688315,0.00280451
0.0053412,0.00385046,0.00233525,0.000351013,8.34638e-05,-0.000388596
0.0151345,0.0084446,0.00768479,0.0101911,0.00287483,0.00156949
0.0210165,0.0128787,0.0167027,0.0174031,0.00410282,0.00187177
0.0218541,0.0147129,0.0089547,0.00715105,0.00241824,0.000973908
0.00896092,0.00466942,0.00412507,0.00762368,0.00146388,-0.000511774
0.00820825,0.00471946,0.00398996,0.00701405,0.00143174,-0.000780349
0.00666266,0.00465384,0.00326458,0.0027363,0.000282361,0.000423071
0.00427436,0.00322739,0.00188584,0.00332096,0.00061839,0.0010876
0.0081527,0.00596543,0.00172886,0.00511062,0.00123666,0.00234388
0.00596765,0.00394468,0.00352987,0.00133129,0.000477312,0.00020864
0.0115513,0.00804239,0.00607325,0.00630051,0.000999225,0.00189587
0.0175524,0.00818667,0.0151083,0.0148278,0.00391693,0.00316934
0.0192695,0.00907856,0.016835,0.0112813,0.00330906,0.00331488
0.00884818,0.00649016,0.0050792,0.00394752,-0.000622905,0.00142474
0.0237089,0.0159126,0.0123435,0.0164502,0.00434869,0.00174026
0.0167626,0.0107704,0.0065181,0.00788862,0.00189912,0.00101846
0.0271735,0.013028,0.0135209,0.0172618,0.00281523,0.00238968
0.031154,0.0130129,0.0164327,0.0201164,0.00230728,0.00171283
0.0177404,0.0116779,0.00502973,0.00729018,0.00125985,-0.000975806
0.0110135,0.00786749,0.00339881,0.00428082,0.00130759,0.000689684
0.00889751,0.00528616,0.00554368,0.00447031,0.00147407,4.47624e-05
0.0143285,0.00867575,0.0080937,0.00407829,0.00169614,-0.0010535
0.00503519,0.00359377,0.00259353,0.0069406,0.00034944,-0.00024745
0.0218656,0.00910143,0.00984115,0.0102225,0.00288442,0.000862342
0.0272762,0.00904787,0.011962,0.0107655,0.00308754,0.000902231
0.0187377,0.00995248,0.00776225,0.00265236,0.000499874,0.00143117
0.00760584,0.00378021,0.00258453,-0.000852568,-0.000902696,0.00137524
0.0154501,0.0108145,0.00553139,0.00470336,0.000367964,0.00236034
0.00581,0.00362642,0.00245804,0.00335513,0.00142682,-0.000192702
0.0055462,0.00433293,0.00336631,0.00145296,0.00081811,0.000135021
0.025359,0.00852281,0.0140935,0.0263717,0.00801325,0.0148382
0.0244315,0.0121926,0.00878902,0.0103467,0.00131447,0.00193874
0.0260632,0.0122165,0.00913816,0.0123553,0.00206196,0.00250313
0.0139685,0.00933468,0.00550256,0.00898977,0.00229666,0.00197314
0.0105124,0.00716687,0.00787875,0.00426408,0.000975012,0.000292815
0.0109322,0.00760041,0.00286866,-0.00121119,0.0018722,0.000433618
0.0162213,0.0108724,0.0091181,0.00614385,0.00159898,0.00204431
0.0155874,0.0109855,0.0100832,0.00850371,0.00208947,0.000669617
0.00463971,0.00327315,0.00223249,-0.00166436,-0.00073529,-0.000785725
0.020564,0.0130649,0.0053473,0.00259624,0.00191452,-0.000158292
0.0138013,0.00647134,0.00596031,0.00351863,0.000464065,-0.000389373
0.0199105,0.00913088,0.00974201,0.0122539,0.00151241,0.000899486
0.00890553,0.00594152,0.00666123,0.0101926,0.00089019,-0.000268257
0.0144969,0.00722192,0.00699915,0.00312932,0.0021445,0.00100348
0.0167602,0.00576455,0.0081796,0.00885556,0.0029528,0.00117989
0.00988142,0.00490405,0.00541497,0.00773841,0.00153457,0.00133916
0.0343753,0.0141617,0.0177079,0.0199951,0.00400465,0.00369914
0.031882,0.0141377,0.0174373,0.0201817,0.00324583,0.00313323
0.0240718,0.0170516,0.0115401,0.0153312,0.00323819,0.00371868
0.0133078,0.00895831,0.0113018,0.016416,0.00293905,0.000839897
0.0155986,0.00793153,0.00675202,0.00600104,0.00241345,0.000944522
0.00552219,0.00393952,0.00219509,0.00243763,0.000237389,0.000268109
0.00805365,0.00546263,0.00400884,0.0101979,0.00263138,-0.000635222
0.00395435,0.00300633,0.00326568,0.0200948,0.00800282,0.0219472
0.0132586,0.00912696,0.00403395,0.00693454,0.000850122,0.000826591
0.0162669,0.00888074,0.00594915,0.00648943,0.000578231,0.00162397
0.0176989,0.00885603,0.00617677,0.00798956,0.000209016,0.00259823
0.00494702,0.00367171,0.00279947,0.00237349,0.000492871,0.000696558
0.0125071,0.00852637,0.00368366,0.00342232,0.00136441,0.00116881
0.0157788,0.00786143,0.00670357,0.00670277,0.00126921,0.000318019
0.0139958,0.00647982,0.00703625,0.00349387,0.0011708,0.00139076
0.014504,0.00948589,0.00417317,0.00852406,0.00228471,0.00197019
0.0105506,0.00446412,0.00295113,0.00526281,0.00145848,0.000705403
0.0133425,0.00556254,0.00576366,0.0105881,0.00243546,0.0018644
0.0167948,0.00867042,0.00807202,0.0129116,0.00299833,0.000582806
0.0134425,0.00721892,0.00659022,0.00554083,0.00152718,-0.00078814
0.00956619,0.00655684,0.00664924,0.0201208,0.00368158,0.0161921
0.0160517,0.00700058,0.00919599,0.005642,0.000472992,0.00111251
0.00438867,0.00337733,0.00258109,0.00378131,0.000751323,-0.00105718
0.0202239,0.00766086,0.0124512,0.0135756,0.00270162,0.00251828
0.0210043,0.00834308,0.0128885,0.0172907,0.00258193,0.00207911
0.0125076,0.00858202,0.00614739,0.00946586,0.0020709,0.001561
0.0073638,0.00511615,0.00210504,0.00413086,0.000968385,-0.000962162
0.0143482,0.00580598,0.0061172,-0.000172638,0.00157609,0.00158918
0.0142029,0.00576932,0.00607049,-0.000131553,0.00284216,0.00199361
0.00917723,0.00636807,0.00634012,0.00654886,0.000958991,0.000637663
0.0129744,0.00568789,0.00601657,0.00491387,0.00134831,0.000355423
0.0114833,0.0079986,0.00396955,0.00837704,0.000790397,0.00185461
0.0117188,0.00675129,0.00633072,0.00585963,0.0018617,-0.00052167
0.0152536,0.0104941,0.00420711,0.00578549,0.0024612,0.000562502
0.0114109,0.00779545,0.00390663,0.00100295,0.000570221,0.000647153
0.00914925,0.00641877,0.00743431,0.00703429,0.00148745,0.00101917
0.0124536,0.00842178,0.00661032,0.00861973,0.00352286,0.000307337
0.0147706,0.0107084,0.00420303,0.00107342,0.000281504,0.00144598
0.00822918,0.00577138,0.005029,0.00367082,0.000626636,-0.000417778
0.0158048,0.0108094,0.005359,0.0106075,0.00153462,0.00101096
0.0145982,0.00804948,0.0049277,0.00320413,0.00265978,0.00150587
0.0212995,0.0122942,0.00907414,0.0102972,0.00270763,-7.71243e-05
0.00683871,0.00467836,0.00179687,0.00527311,0.000585439,0.00127668
0.00632628,0.00422104,0.00288901,0.00178778,0.000100744,0.00126634
0.00879042,0.00475321,0.00466723,0.0041613,0.000132317,0.00159501
0.0111299,0.0081019,0.00565141,0.00208507,0.000657171,0.000693532
0.0189709,0.00906327,0.0131396,0.01309,0.00199872,0.00199359
0.00892567,0.00366912,0.00473254,0.0038712,0.000526399,0.000206632
0.0236743,0.00854503,0.00960091,0.00746238,0.00213225,0.000467881
0.0230109,0.0111402,0.0103927,0.0158768,0.00182813,0.000506755
0.0109504,0.00770675,0.00528139,-7.08663e-05,0.000974184,0.000970964
0.0113779,0.00454821,0.00575936,0.000336133,0.00126349,0.00187539
0.0118621,0.00453013,0.00590583,0.00520252,0.00119074,0.00166302
0.00954904,0.00664801,0.00490081,0.00835088,0.00137344,0.0010474
0.0277142,0.0165368,0.00903708,0.0165356,0.00194881,0.00263392
0.0266622,0.0165757,0.00886252,0.0158663,0.00143072,0.00211315
0.00945065,0.00423291,0.00405097,0.00764269,0.000425931,0.00106658
0.0107877,0.00488034,0.00467861,0.0080977,0.00126847,0.00127912
0.00523886,0.00375937,0.00296582,-5.36522e-05,0.00067503,0.000768306
0.010278,0.00710109,0.00340727,0.00451302,0.000237595,0.000103807
0.0111818,0.00782849,0.00439418,0.00328726,0.00142055,-0.000103993
0.00519808,0.00370656,0.00441343,0.00122525,0.00101037,-0.000105125
0.0067206,0.00495322,0.00542565,0.00432694,0.00118732,0.00105174
0.0135966,0.00901203,0.0066537,0.00677254,0.00141216,0.00152031
0.00779449,0.00339067,0.00339084,0.00434845,0.000992507,0.000195888
0.00634184,0.00408605,0.00691191,0.0153059,0.0027158,0.000697353
0.00970389,0.00694944,0.00352465,0.00443794,0.000577605,-0.000635775
0.00980028,0.00711042,0.00483108,0.00406257,0.00144227,-0.000546335
0.0113775,0.00780782,0.00653295,0.0080203,0.00154795,0.0021441
0.0230183,0.0149532,0.0136853,0.0203512,0.00475799,0.0022977
0.014234,0.00913632,0.00808916,0.0160727,0.00545421,0.0112223
0.0191786,0.00811385,0.00955628,0.0145212,0.00254109,0.00135765
0.0196749,0.00750126,0.0104161,0.0129561,0.00195887,0.00166869
0.0143973,0.0100936,0.00406818,0.00824569,0.000798705,0.000404778
0.0446163,0.0232083,0.0235184,0.0383338,0.00959575,0.0156649
0.00601193,0.00435775,0.00145158,0.00130948,0.000748803,-0.000450087
0.0227265,0.0119907,0.0179948,0.0168632,0.00369088,0.00072414
0.0231203,0.00896699,0.0157144,0.0107515,0.00211269,0.00127435
0.0131215,0.00895016,0.00435256,0.00919661,5.53569e-05,0.000949784
0.00392519,0.00318142,0.0019366,0.000703847,-0.000421094,0.00013024
0.0167295,0.00644756,0.00659732,0.00860116,0.00229517,0.000906045
0.016635,0.00659204,0.00634498,0.0106724,0.00213672,0.00162453
0.0192396,0.0104049,0.00822715,0.00855326,0.00129717,0.00126913
0.0175834,0.0104489,0.00760936,0.0071606,0.000656505,0.00233955
0.0336762,0.0185069,0.0215571,0.0170045,0.00465429,0.00126559
0.0274006,0.00947208,0.012621,0.0126023,0.00342276,-0.000403822
0.0268209,0.00794581,0.0119137,0.0126855,0.00224933,0.000102891
0.0174377,0.0068286,0.00853583,0.00745749,0.00108717,0.000159792
0.0337066,0.0163423,0.0155393,0.0182451,0.00330698,0.00241974
0.0169772,0.00839865,0.00881251,0.00869148,0.00139411,0.00154428
0.0205842,0.00788349,0.00981904,0.0129966,0.00381047,0.00700851
0.0215006,0.00807547,0.0098841,0.01201,0.00299936,0.00698826
0.00931212,0.00668425,0.00613939,0.0108499,0.000958009,0.00208279
0.00800598,0.00550828,0.00268982,0.00259162,0.00110954,0.000664651
0.00676521,0.00482265,0.00305918,0.00184575,0.000980176,0.00117315
0.0103285,0.0071211,0.0083625,0.00335157,0.00187421,0.000588985
0.0155124,0.0087921,0.00792995,0.0140799,0.00176485,0.00219426
0.00748423,0.00476529,0.00377974,0.00472114,0.000956219,0.000389478
0.00854638,0.0061425,0.00357647,0.00377528,0.000185816,0.000565631
0.0169729,0.0118607,0.00888012,0.0145387,0.00163908,0.00118767
0.006311,0.00434003,0.00280484,0.00596975,0.00126092,-0.000997481
0.00695524,0.00469039,0.0039287,0.00632923,0.00102769,3.95263e-05
0.0327226,0.019768,0.0198575,0.0296737,0.00556886,0.00386362
0.0131564,0.00600169,0.00601293,0.01433,0.00614435,0.0113727
0.0125262,0.00585315,0.00544529,0.0151735,0.00526777,0.0109971
0.00457367,0.00313077,0.00236534,-0.000838997,-0.000184743,0.000617083
0.0106355,0.00532909,0.00662756,0.0041118,0.000993139,4.77827e-05
0.0112829,0.00788642,0.00506143,0.00579722,-0.000211529,4.25838e-05
0.0253591,0.0103579,0.010425,0.0105044,0.00213111,0.00188535
0.0250733,0.0108945,0.00922652,0.00865075,0.00163191,0.00188921
0.013258,0.00945256,0.0043479,0.00911564,0.00153275,0.00160721
0.0053813,0.00354784,0.0016655,0.00559823,0.000776395,-0.00068862
0.0141196,0.00776987,0.00628388,0.00373878,0.000878479,0.000862744
0.017466,0.00918531,0.00667363,0.00536567,-0.000100524,-0.00027391
0.00471802,0.00316316,0.00146934,0.000125401,0.000404915,0.000809901
0.0234739,0.0102844,0.0136695,0.0102766,0.00345317,0.00221703
0.0371898,0.0122531,0.0201812,0.015104,0.00549054,0.00209349
0.0307825,0.012165,0.0144737,0.0125956,0.00297362,0.00244546
0.0157556,0.0100344,0.00605235,0.00542994,0.00224468,0.00133924
0.0147107,0.010064,0.00613119,0.0090898,0.00131283,0.00273281
0.00659278,0.00457268,0.00420402,0.00406484,0.000833671,0.00148441
0.012565,0.0092643,0.00612915,0.00601064,0.0011411,0.000472132
0.00628198,0.00477136,0.0041818,0.0052324,0.000232774,7.37064e-05
0.00793627,0.00540876,0.00260524,0.00622562,-0.000219022,-0.000474971
0.0227795,0.0147587,0.00870387,0.030174,0.00571113,0.00232573
0.0196429,0.0122356,0.00672247,0.00999137,0.0025208,0.00223306
0.00817874,0.00606579,0.00307515,0.00657586,0.0017519,-0.00113771
0.00705826,0.0049969,0.00734324,0.0172469,0.00535845,0.00960684
0.0129138,0.00722377,0.00803778,0.00737562,0.00199896,0.00241354
0.0165038,0.00913722,0.0110879,0.00972335,0.00253245,0.00287229
0.00501951,0.00347832,0.00530756,0.00324182,0.00207281,-0.000905143
0.00543146,0.0038797,0.00207126,0.00239572,0.00111409,0.000705336
0.00530649,0.00394713,0.00298068,0.00411759,0.000233993,-2.78956e-05
0.0182894,0.00790909,0.00887743,0.00583475,0.000617338,0.00123093
0.0193268,0.00789644,0.00908861,0.00703774,0.000879868,0.00161306
0.00593576,0.00427447,0.00390785,0.00194885,-0.000610807,0.00138168
0.00822127,0.00605311,0.00399807,0.00272103,-0.000371537,0.000137786
0.00539251,0.00390875,0.00274211,0.0020843,0.00072458,0.0011825
0.0121147,0.00795772,0.0059651,0.00257893,0.000586989,-0.000171103
0.0108781,0.00719556,0.00748355,0.0111192,0.00105236,0.000275537
0.0140224,0.00765625,0.00712173,0.0118182,0.00319354,0.0013828
0.0135899,0.00761456,0.00706509,0.00874387,0.00251122,0.00142812
0.00551409,0.00320814,0.00319342,0.00255406,0.000601623,0.000276048
0.0184867,0.0126778,0.0102637,0.0136257,0.00302033,0.00286068
0.00528001,0.00352246,0.00438954,-0.000982038,0.00071921,0.00145505
0.00708081,0.00532534,0.00329072,0.00461008,0.000710192,0.00144731
0.0131059,0.00894291,0.00475079,0.00758239,0.000789278,0.000993784
0.00770392,0.00427104,0.00300149,-0.00249385,8.32281e-05,-0.000371253
0.0110277,0.00808037,0.00543756,0.00577688,0.00133379,2.049e-05
0.00996559,0.00711876,0.0059277,0.0067397,0.000593393,-0.000162982
0.0112248,0.00791233,0.0103735,0.0193705,0.00200906,0.000100346
0.0125996,0.00867899,0.00424169,0.00789603,0.00196646,0.000465148
0.00667908,0.00489124,0.00305153,0.00139264,0.000692857,0.000414842
0.0081948,0.00571078,0.00449935,0.010025,0.00175855,8.68714e-05
0.0178908,0.0123641,0.00627794,0.00455551,0.00148973,0.00156531
0.0425207,0.0187752,0.0204811,0.0187663,0.00487432,0.00260428
0.00738298,0.00378795,0.00436406,0.00124522,0.00120616,0.00108098
0.0101475,0.00367325,0.00588559,0.00160542,0.00185096,0.000769286
0.00842212,0.00453515,0.00478697,0.000941558,0.00134264,6.08901e-05
0.0141889,0.00971909,0.00515575,0.00687855,0.00158987,0.00103879
0.0130339,0.00742798,0.0063534,0.010516,0.000229782,0.00213178
0.00940526,0.00666657,0.00369617,0.00295589,0.00155933,0.000262929
0.00739913,0.00530627,0.00311543,0.00512637,0.000644653,0.000582548
0.0124458,0.00568735,0.00485442,0.00443675,0.00129086,5.86088e-05
0.0142897,0.00575097,0.00533204,0.00652233,0.00254297,0.000906825
0.024345,0.0124486,0.0123182,0.0114961,0.00292802,0.000684078
0.0118528,0.00816257,0.00340978,0.00280494,-0.000204639,-0.000730866
0.00455881,0.00330617,0.00175478,0.00386726,0.000846738,0.00090102
0.0133486,0.006896,0.00535347,0.00454174,0.000962261,0.00125768
0.0188187,0.0107897,0.0068247,0.00977022,0.00162889,0.00187108
0.015232,0.0102979,0.00514109,0.00792809,0.00135048,3.93884e-05
0.0161031,0.0113137,0.00600071,0.00655596,0.000884909,0.00198889
0.027897,0.0118509,0.0153444,0.0165505,0.00302372,0.00182722
0.02812,0.0119011,0.0152531,0.0171601,0.00304756,0.00190652
0.00746912,0.00511109,0.00509906,0.0102896,0.00111898,0.000676988
0.0101547,0.00701373,0.00332869,0.00704663,0.000222628,0.000427311
0.0170953,0.0117676,0.00680243,0.00692236,0.000785563,0.000289147
0.0215281,0.0147303,0.0117671,0.0172869,0.00386402,0.00245557
0.0128145,0.00631423,0.00642733,0.0102622,0.00084397,0.00407275
0.012721,0.00630582,0.00602442,0.00835645,0.000269133,0.000137193
0.0155488,0.0104663,0.00522957,0.0053871,0.00124232,0.000720698
0.0185624,0.0125945,0.00592776,0.00866815,0.00148544,0.000536176
0.00969429,0.005027,0.006208,0.00903848,-0.000205152,0.000740669
0.00611722,0.00432152,0.00286327,4.46855e-05,-0.000352536,-0.00140681
0.0300355,0.0112497,0.0153898,0.0121019,0.00342894,0.00414885
0.00720578,0.00513575,0.00346372,0.00764419,2.56226e-05,0.000614933
0.00549145,0.0038615,0.00283034,0.00319023,-0.000280169,1.51163e-05
0.00481915,0.00379234,0.00214545,0.00537817,0.000288282,-0.000777853
0.014232,0.0103953,0.00668654,0.00748414,0.00178402,0.00053722
0.00520936,0.00387559,0.00206057,0.00352719,0.00109288,-7.48621e-06
0.0265432,0.0177492,0.0100735,0.0173772,0.00251564,0.00296109
0.00545667,0.00405188,0.00246494,-0.000321212,0.000331371,-0.00155372
0.00742589,0.00512453,0.00460068,0.00358396,0.00188122,-0.000452902
0.00929773,0.00624256,0.00356886,0.00337992,-0.000127585,0.00219157
0.0190047,0.0072902,0.0076623,0.00822653,0.00142885,0.000837998
0.0231798,0.00734462,0.00949038,0.0137331,0.0026706,0.00114207
0.0175067,0.0091107,0.0063535,0.00855268,0.00245834,0.00110988
0.0324209,0.0217403,0.0205268,0.0121721,0.00686931,0.268835
0.004441,0.00306192,0.00153006,0.00671088,0.000683618,0.00108383
0.0043621,0.0033048,0.00189051,0.000848309,-0.000112354,5.01116e-05
0.0041077,0.0033023,0.00206847,-0.000479357,-5.03051e-05,0.000318804
0.00506392,0.00373995,0.002295,0.0011974,-0.000400567,-0.000508595
0.0154325,0.0100888,0.00862702,0.0107461,0.00173404,0.00108407
0.00989428,0.00647221,0.00313276,0.0115134,0.00203951,0.000599637
0.0218948,0.00861693,0.00999917,0.0149089,0.00508558,0.0024579
0.02184,0.00968812,0.00821869,0.0147763,0.00327396,0.000130233
0.00655121,0.00472449,0.0031819,0.0072731,0.00174866,0.000333411
0.0187598,0.010813,0.00502484,0.00587837,0.00178509,0.000953743
0.0169406,0.0088362,0.00596138,0.00380157,0.000744538,0.000346267
0.00736901,0.00513166,0.0025886,0.00462108,0.0007616,0.00118918
0.0175774,0.0122204,0.00686947,0.0139929,0.00213105,0.00192507
0.00762237,0.00558246,0.00625763,0.00480617,0.001829,0.00281906
0.0108724,0.00678616,0.00329945,0.00877227,0.000144406,0.00121409
0.0128262,0.00673421,0.00553078,0.00718983,0.000757435,-0.000193391
0.0229445,0.0085282,0.00999879,0.00727547,0.000408739,0.000402843
0.0149179,0.00802376,0.0109197,0.0127012,0.00151522,0.00096822
0.0126115,0.00890766,0.00645225,0.00734222,0.00183465,0.00129687
0.00963528,0.00480804,0.00568486,0.00696818,0.00135213,5.02053e-05
0.0144631,0.00835483,0.00727782,0.00449872,0.000688321,0.000157058
0.0126992,0.00704659,0.00611212,0.00988269,0.00123281,0.00126276
0.018989,0.0122588,0.00640503,0.00597354,0.000790713,-0.00116306
0.0118623,0.00843189,0.00652946,0.00551735,0.00031231,0.000560069
0.0100363,0.00727636,0.0120626,0.00582884,0.000590277,0.000695888
0.0107579,0.00632157,0.00528521,0.00932565,0.000763664,0.000325379
0.0116755,0.00835071,0.00463824,0.00143999,0.000594326,0.000332608
0.0103923,0.00742522,0.0024862,0.00493795,0.00134987,0.000408724
0.0052523,0.00375638,0.00462484,0.00310656,0.00109396,0.00182808
0.0139944,0.0100067,0.00596665,0.00477301,0.000918649,0.00104542
0.00797003,0.00339735,0.00409676,0.00610426,0.00144381,0.00186787
0.0146222,0.0050506,0.0087849,0.0109057,0.00252005,0.000766951
0.0126044,0.0050541,0.00752725,0.0104517,0.00168926,-5.48925e-05
0.00729062,0.00363901,0.00324774,0.00499479,0.00155286,0.000991713
0.0219473,0.0114265,0.007725,0.011587,0.0018556,0.000700295
0.0210224,0.0134946,0.00831308,0.0106053,0.00315218,0.00540506
0.0340787,0.0200919,0.0111468,0.0188138,0.00420369,0.00844074
0.0062876,0.00423998,0.00373832,0.0049491,0.00066854,0.00034091
0.00440298,0.00352882,0.00324376,0.00448231,0.000229105,0.000834091
0.0329775,0.0215572,0.0147767,0.0162455,0.00260768,0.00139302
0.0183312,0.0126944,0.00739564,0.0129222,0.00227587,0.000966661
0.00754901,0.00490249,0.00353638,0.00256653,0.000602815,-0.000650535
0.0205011,0.0137877,0.00655609,0.0116413,0.000935356,0.00173249
0.0130548,0.00892107,0.00545389,0.00926858,0.000864443,-0.000100961
0.0056492,0.00392985,0.00468286,0.000147716,0.000998817,-0.000331148
0.018094,0.0121113,0.0129005,0.0233404,0.00420754,0.00148242
0.00639588,0.00447188,0.00239251,0.000992197,0.00106377,-0.000319856
0.00695825,0.00485114,0.00380099,0.00150497,0.00134872,0.00188856
0.00487454,0.00345852,0.00339887,-0.00103126,4.38094e-05,0.000173125
0.00468123,0.00315998,0.00264481,0.00356999,6.14546e-05,-8.83e-05
0.0129716,0.00786358,0.00626685,0.00356801,0.000730817,5.50495e-05
0.013079,0.00794549,0.00452414,0.00808284,0.000334749,0.000989605
0.025579,0.0151998,0.0191184,0.0230423,0.00324012,0.00217412
0.00653756,0.00416613,0.00669379,0.0110889,0.00182395,0.000627212
0.00851727,0.00612043,0.00345411,0.00563807,0.000495536,0.000580775
0.0139009,0.00961438,0.00560409,0.0155831,0.00413459,0.00782707
0.00486966,0.00379235,0.00230701,-0.000172994,-0.000929709,-0.000258093
0.006596,0.00421939,0.00426536,0.00311546,0.000693616,-0.000445666
0.0082551,0.00565545,0.00452809,0.00889116,0.000454689,0.000828422
0.019102,0.0127763,0.00688376,0.00634892,0.00233482,0.00185061
0.0204593,0.0106023,0.00988033,0.00885166,0.00275365,0.00146309
0.0146731,0.005429,0.0104443,0.00821213,0.00143467,0.000646578
0.00997079,0.00707318,0.00476021,0.00233423,-6.68056e-06,0.00275678
0.00874114,0.00579331,0.0045437,0.00511684,0.00129499,0.00084844
0.0172935,0.0123465,0.00924388,0.0131606,0.00270177,4.76187e-05
0.0104732,0.0068577,0.0044749,0.00164808,0.00145191,0.00147778
0.0104133,0.00744639,0.00363907,0.00260771,0.000418828,0.000607427
0.00600699,0.00395413,0.00273018,0.00233848,-0.00089634,-0.00036676
0.00879171,0.0063905,0.00365776,0.00244275,0.00024497,0.000299524
0.0159831,0.00886936,0.00731775,0.00709759,0.000682417,-0.000547214
0.0151383,0.00873348,0.0067396,0.00520098,0.000645611,-0.000906289
0.0201221,0.0119523,0.013538,0.0150537,0.00348475,0.00159409
0.0170929,0.0111174,0.016293,0.0194223,0.00478091,0.00276344
0.00769151,0.00533598,0.0036981,0.00720646,-0.000217686,0.000551587
0.0211081,0.00925452,0.00827239,0.00807219,0.00168497,0.0017226
0.00936902,0.00611407,0.00325603,0.00282201,0.00117533,0.00411697
0.0145901,0.00547773,0.00686163,0.00934059,0.00198461,0.00213996
0.0149177,0.00532575,0.00687859,0.0111585,0.00181712,0.0013599
0.0170303,0.00926918,0.0136072,0.0266189,0.00780193,0.0126335
0.0132258,0.00742154,0.00983682,0.0156497,0.00345075,0.00502599
0.0130774,0.00556036,0.00600624,0.00441013,0.00103716,-0.000750466
0.0124984,0.00552011,0.00564666,0.00249484,0.000701409,-0.000348174
0.0117682,0.00780864,0.0112268,0.0140533,0.00341177,0.00124332
0.00574748,0.00356856,0.00284519,-0.00112582,0.00039873,0.00213735
0.0172663,0.00768589,0.00652963,0.00557368,0.00111635,0.00123505
0.0244491,0.0123588,0.00764784,0.00566758,0.000984812,0.000296445
0.00761021,0.00508864,0.00722838,0.0120871,0.00165336,0.00167824
0.00718186,0.00484346,0.00317976,0.00531609,-0.000535056,0.000216339
0.0238133,0.0158532,0.00721988,0.00804792,0.00164376,0.00113508
0.00764411,0.0052311,0.00289245,0.00655163,0.000575835,0.00179227
0.0105839,0.00719157,0.00331596,0.0149851,0.00302988,0.00921344
0.00489479,0.00366307,0.00317327,0.00490286,0.00110274,9.55023e-05
0.00969505,0.00677424,0.00323589,0.00416526,0.000644814,-0.00126783
0.0111707,0.00784796,0.00567198,0.00841004,0.00172579,-0.000138307
0.0142765,0.0100769,0.00907343,0.00868356,0.00223598,0.000745886
0.00796422,0.00620798,0.00340848,0.00138754,0.00065357,-0.000257911
0.0113828,0.00832947,0.00317947,0.00684666,0.00139693,0.00188358
0.0114632,0.00788322,0.00644928,0.0130821,0.00160782,0.00123416
0.00478275,0.0039645,0.00255345,0.00451029,0.000725195,0.000270607
0.014005,0.00913322,0.00597832,0.00972528,0.00180338,0.000582402
0.0187197,0.0130069,0.00915844,0.0115279,0.00146768,0.00122954
0.00968086,0.00616199,0.00523124,0.00365725,0.00135355,-0.000143482
0.013666,0.009659,0.00818747,0.00701192,0.00230735,0.00147752
0.0132233,0.00460677,0.00688089,0.0104668,0.00248354,-0.000909384
0.0159296,0.00501725,0.00758192,0.0133715,0.00324468,0.000824833
0.0114213,0.00567019,0.00513303,0.0105828,0.00319901,0.00119274
0.0113472,0.00786465,0.00656069,0.00816612,0.000921553,-0.000115944
0.0107247,0.00749473,0.00418881,0.00224924,0.000486603,0.00124726
0.00481874,0.00348582,0.00326831,0.00788839,0.00125566,0.0005086
0.00896048,0.00654254,0.00466018,0.00277796,0.000195249,0.000388361
0.0056796,0.00428904,0.00373198,0.00326758,0.000487736,-5.60116e-05
0.011537,0.00808992,0.00447481,0.00491282,0.0014701,-0.000213271
0.00716458,0.00529598,0.00244751,0.00330238,0.000423857,-0.000248376
0.0111209,0.00731844,0.00489375,0.00453204,0.000543455,0.000820861
0.0122416,0.00784271,0.00599826,0.00515552,0.00017475,0.000288559
0.0107013,0.00756873,0.00236205,0.00951729,0.00150469,0.000260606
0.0133828,0.00912435,0.00390219,0.0112969,0.00168849,0.00292253
0.00464206,0.00318682,0.00240198,0.00493842,0.000417745,-0.0011442
0.00457779,0.00306978,0.00117519,0.00353933,-0.000309001,-0.000855724
0.0113251,0.00789216,0.0029855,0.00485253,0.000801294,-0.00013107
0.0139142,0.00774543,0.00566285,0.0079769,0.000538906,0.00235011
0.0115779,0.00493072,0.00378646,0.00432387,0.000858362,0.00164706
0.0170296,0.0115819,0.00631217,0.00331461,0.00129429,-0.00015435
0.0168222,0.0113099,0.00353089,0.00783394,0.00192865,5.27035e-05
0.0107064,0.00655564,0.00365272,0.00501099,0.000815508,0.000898687
0.016621,0.0111186,0.00811351,0.0082688,0.0015063,0.00153021
0.0202453,0.0137683,0.00774905,0.00548868,0.00141213,0.00142612
0.00709737,0.0042119,0.00472605,0.00559427,0.00150007,0.000281676
0.0109819,0.00651079,0.00896601,0.00825926,0.00276651,0.00153071
0.0061968,0.00449507,0.00322951,0.00784527,0.00157619,-0.000630982
0.0172258,0.0113284,0.00623609,0.0111099,0.00250894,0.00121204
0.0115461,0.00759044,0.00998617,0.00780526,0.00174857,0.00167632
0.0177451,0.00814879,0.00778579,0.00447279,0.0017294,0.00153112
0.018785,0.00805995,0.00758563,0.00634233,0.00125869,0.000926649
0.00488792,0.0033754,0.00265668,0.00325106,0.00119989,0.00148505
0.020467,0.0138875,0.0105433,0.00832959,0.00295338,0.00469836
0.0124702,0.00839879,0.0030141,0.00439201,0.00126099,0.00137854
0.00548607,0.00348363,0.00309129,0.00633934,0.00104073,-0.00104852
0.00511438,0.0038883,0.00244742,0.00132765,0.00116596,-0.000168502
0.013962,0.00830722,0.00886856,0.00830609,0.00100453,0.000238817
0.00760343,0.00553887,0.00287304,0.0117838,0.00634849,0.0140623
0.0109446,0.00800066,0.00303608,0.00636427,-6.07378e-05,-0.000610572
0.00762932,0.00542572,0.00335691,0.000626618,0.000595619,0.000427688
0.0327228,0.0213676,0.0120628,0.0195773,0.00498201,0.012054
0.0130903,0.00914644,0.00801575,0.00846368,0.00157759,0.00107448
0.00491083,0.00342722,0.00276696,0.00193286,0.000197564,0.000664484
0.00611915,0.00433572,0.0025879,0.0029752,0.000501522,0.000453372
0.0101549,0.00701279,0.00367654,0.00359821,0.000223349,-0.000865571
0.00593689,0.00433251,0.00206542,0.00363591,-0.000313018,-3.20238e-05
0.0105616,0.00711724,0.00426142,0.00359742,0.000762674,0.000752505
0.0052247,0.00353895,0.00276114,0.00306607,-0.000280826,0.000324099
0.00901051,0.00651998,0.0052947,0.00711474,0.00158768,7.3437e-05
0.0117566,0.00813003,0.00496256,0.00789025,0.00227511,0.000769168
0.00523502,0.00333387,0.00305267,0.0025873,0.000581548,0.000798825
0.0230295,0.0109411,0.010511,0.0142031,0.00387539,0.00335893
0.022338,0.00891384,0.0103539,0.0127686,0.0034391,0.00377185
0.00395112,0.00328257,0.00273979,0.000950909,-0.000238573,0.00108411
0.0079072,0.00435113,0.00343433,0.00556379,9.95134e-05,-4.35131e-05
0.00557507,0.00402007,0.00874814,0.0038092,0.00226705,0.000414889
0.0222801,0.0143257,0.0111602,0.0228934,0.00381386,0.0021282
0.020407,0.0133752,0.0109078,0.0140393,0.00156335,0.00149019
0.011705,0.00857834,0.00852481,0.00587865,0.000602461,-1.45764e-05
0.00886975,0.0063178,0.00380937,0.00726142,0.000769765,0.000917611
0.00591045,0.00436312,0.00192753,0.00400094,0.00104534,0.000691469
0.0107175,0.00732851,0.00377403,0.00374516,0.000458254,0.000825758
0.00737369,0.00519854,0.00376654,0.00205828,0.000750923,0.000728763
0.0163135,0.0103788,0.00566359,0.0145436,0.00243365,0.00243094
0.00873505,0.00350059,0.0034419,0.00961488,0.000845412,0.00111848
0.00628953,0.00406003,0.00305327,0.00227737,0.000607821,0.00254133
0.0192554,0.013252,0.00738901,0.00923384,0.00245413,0.000670638
0.00398138,0.00318918,0.00478463,0.00830557,0.00157852,0.00140523
0.0181025,0.01159,0.0112146,0.0128751,0.00225494,0.000342945
0.025873,0.0134088,0.0169969,0.0179042,0.00378271,0.00239304
0.00432612,0.00321486,0.00124272,0.00340356,0.00243471,0.000697078
0.0063775,0.00449017,0.0035431,0.000798967,-0.000222464,0.000533833
0.0269576,0.0165444,0.0131732,0.0229981,0.00680843,0.00815815
0.021324,0.0115206,0.0106816,0.0144792,0.00240636,0.0012363
0.00756127,0.00565345,0.00274305,0.00469947,-0.000561272,0.000934722
0.00416576,0.00304745,0.00259477,0.00187183,0.000406203,-0.000537671
0.00816138,0.00571357,0.00554601,0.00429199,0.00111251,-7.23382e-05
0.0274495,0.017401,0.0180921,0.0220187,0.00380849,0.00422965
0.011775,0.00856352,0.00411322,0.00584659,0.00176916,0.00109351
0.00859934,0.00612146,0.00905303,0.0166279,0.00355853,0.000804806
0.00577366,0.00441133,0.00289011,0.000521545,0.00109157,-0.000342291
0.00596823,0.00442281,0.00222497,0.00293407,0.000252382,-8.16373e-05
0.0086634,0.00626902,0.00374992,0.0138685,0.00409096,0.00797323
0.00627235,0.00455017,0.00256954,0.00263571,0.000152309,-0.000459488
0.0292461,0.0126843,0.00982928,0.00931701,0.00232417,0.00111466
0.00991831,0.0052449,0.0120896,0.0186979,0.00416015,0.00206874
0.00881639,0.00403285,0.00739932,0.00421217,0.000412001,0.000965068
0.00739593,0.00537015,0.00380241,0.00310622,0.000784874,0.000884011
0.0156245,0.0110834,0.00875681,0.0117023,0.00253211,0.00018835
0.00692792,0.00518062,0.00293609,0.00646124,-0.000254901,-0.000123886
0.0168048,0.0101818,0.00799181,0.00613524,0.00198678,0.00189844
0.00956374,0.00680221,0.00388988,0.000958027,9.84966e-05,0.00176205
0.00811529,0.00564652,0.00439936,0.0294249,0.00999106,0.0283767
0.00702442,0.00523559,0.00317646,0.00307885,0.000918934,-0.000706834
0.0102124,0.00650187,0.00467117,0.00462367,-0.000359011,-0.000267889
0.0138137,0.0091524,0.00647371,0.0103324,0.00219353,0.00115847
0.0128792,0.00679799,0.00381774,0.00568295,0.0016258,0.000906502
0.0161997,0.00762126,0.00501349,0.00647299,0.00248579,0.00125073
0.0115853,0.00518698,0.00413577,0.00549549,0.00204852,0.00118753
0.00906474,0.00655938,0.00338048,0.00293504,0.000116786,-0.000504607
0.0106833,0.00723024,0.00322415,0.00572997,0.000634527,-0.000578586
0.00439325,0.00303431,0.00201657,0.0071124,0.00088801,0.00114165
0.0237702,0.00969214,0.00853983,0.0145555,0.0033242,-0.000145325
0.0250818,0.00898717,0.00937349,0.0149004,0.00414435,-0.000140637
0.0240234,0.00987572,0.00899294,0.0108593,0.00432501,0.00156567
0.0203033,0.0087622,0.00730108,0.0132766,0.00220881,0.000981495
0.00555857,0.00389566,0.00422124,0.0022182,0.000677114,0.000866001
0.011162,0.00754059,0.00367159,0.00493001,0.000447726,-0.000632188
0.0109712,0.00797377,0.00536819,0.00722559,0.00223941,0.00102475
0.0215228,0.00814691,0.00928925,0.00502046,0.00112762,0.00271613
0.0215676,0.00814396,0.00926529,0.00620841,0.00103968,0.00201998
0.0130281,0.00897624,0.00492064,0.0164452,0.00412625,0.00367479
0.00616969,0.00467251,0.00347921,0.00216196,0.00158012,5.21237e-05
0.00485611,0.00350776,0.00159689,0.000144352,-9.31952e-05,0.000292595
0.0120144,0.00865541,0.00388806,0.0143721,0.00352409,0.00790971
0.0240938,0.00997935,0.00853941,0.00827627,0.00191202,-0.000649796
0.0245012,0.0100093,0.00862262,0.00948486,0.00218488,-0.000876516
0.00876358,0.00609539,0.00502771,0.00918511,0.000356958,0.000933407
0.0100226,0.00712451,0.00487463,-0.000180511,0.000567198,0.000437983
0.00547791,0.00411179,0.00283422,-0.00113124,0.000477961,0.000572823
0.0211344,0.0145282,0.00827633,0.010304,0.00300296,0.00167669
0.0421002,0.0184784,0.0140494,0.0186615,0.00382217,0.00136367
0.0350583,0.0182239,0.0129202,0.0173639,0.00305777,0.00224815
0.0120876,0.00765992,0.0048317,0.00795742,0.00208267,0.00112296
0.00470328,0.00359635,0.00247466,0.00180438,6.88351e-05,-0.000770449
0.00631162,0.00487414,0.00357618,0.000221826,0.00127631,-2.50172e-05
0.0145139,0.0081971,0.00562417,0.00733167,0.00143309,0.000604066
0.0225034,0.0147207,0.0077234,0.00675387,0.00180381,0.00105297
0.00384539,0.00317565,0.00248701,0.00335534,-0.000632679,0.0014176
0.00998213,0.00723529,0.00390315,0.00495361,0.00167298,0.00027574
0.0115526,0.00647526,0.00547114,0.00399579,0.00128221,0.000639171
0.0294624,0.0112225,0.0112157,0.0125773,0.00191713,0.00172875
0.00805326,0.00368989,0.00472748,0.00660819,0.000969326,0.00112407
0.00898259,0.00555797,0.00482975,0.00698333,0.00079032,0.000951697
0.00600109,0.00442418,0.00259,-0.00193433,-3.49652e-05,-9.23791e-05
0.010262,0.00708808,0.00548849,0.00353117,0.000122727,0.00138053
0.00519686,0.00376004,0.00418531,0.00573104,-0.00059062,-0.000907255
0.0161704,0.0101715,0.00803714,0.0131795,0.00324163,0.00272153
0.0118372,0.00769648,0.00674355,0.01402,0.00309696,0.00111887
0.0154741,0.0105641,0.00505481,0.00436602,0.0020918,-0.000268923
0.00647787,0.00484827,0.0041442,0.00946444,0.00163804,0.000269431
0.00693356,0.00433589,0.00341507,0.00117345,-0.00038895,-0.00058807
0.00752401,0.0043147,0.00343127,0.0031882,1.82819e-05,0.000337947
0.0134588,0.00653736,0.00678641,0.00581672,0.00175124,-0.00206363
0.0180591,0.009518,0.00749155,0.00667006,0.000909232,-0.00123775
0.00493691,0.00352928,0.0015119,0.00108998,-0.000621316,-0.000143955
0.0104245,0.00446153,0.00803783,0.010858,0.00275237,0.00183703
0.013539,0.00734762,0.0066817,0.00422887,0.00178816,1.52627e-05
0.00625473,0.00443927,0.00265836,-0.00218265,0.000530604,-0.000619208
0.0233516,0.0167177,0.00832487,0.0129734,0.00294619,0.00179996
0.00770012,0.00556593,0.00314722,0.00551731,-0.000366742,0.000507749
0.010027,0.00717332,0.00577585,0.00468539,0.00175308,-0.000667585
0.00832211,0.0058313,0.00295356,0.00283699,-6.86521e-05,0.00114215
0.0087475,0.00481718,0.00445288,0.00423344,-0.000443248,0.00114229
0.00895915,0.00486641,0.00437783,0.00389016,0.000250794,0.000312598
0.00974903,0.00688606,0.00741862,0.00544126,-0.000236718,0.000800073
0.010468,0.00562232,0.00341112,0.0045828,0.0015793,0.0020656
0.0117848,0.00549804,0.00322539,0.00878001,0.00258986,0.00401627
0.00479524,0.00312856,0.00740755,0.00564608,0.00126777,3.75413e-05
0.0215699,0.0144506,0.00861829,0.0122003,0.00224635,0.000801657
0.0152744,0.0106639,0.0130962,0.0227393,0.002876,0.00230674
0.0257235,0.0118725,0.0148582,0.0159216,0.00292857,0.00244851
0.00524871,0.00303404,0.00175269,0.00428768,0.000197508,0.000912289
0.0180565,0.00993787,0.009532,0.00494488,0.00132349,0.00111089
0.0212046,0.0137991,0.00878927,0.0121537,0.0041415,0.00672914
0.00446564,0.00322714,0.00528599,0.00241135,0.000205856,-0.000550668
0.0120344,0.00876177,0.00461489,0.00362437,0.00136082,0.00072344
0.00712057,0.00490351,0.00198838,0.0111878,0.00299006,0.00477965
0.00444926,0.00331914,0.00244548,0.00206812,0.00112169,0.00067256
0.00601752,0.00417415,0.00231228,0.00756672,0.00184612,0.000772907
0.00559568,0.00389944,0.00269042,0.00378491,0.000670109,1.01784e-05
0.00978759,0.00442325,0.00504164,0.00613936,0.00114692,0.000452827
0.0130922,0.00434494,0.00632508,0.0081821,0.00136767,-0.000458133
0.025029,0.014197,0.00940989,0.00993623,0.00202918,0.000177435
0.00592543,0.00429805,0.00249373,0.00298003,0.000925656,-0.000653745
0.0115301,0.0068113,0.00487312,0.00647662,0.0028774,0.00134752
0.0179879,0.0108776,0.00492335,0.00487179,0.00110422,0.00132745
0.0184585,0.0120952,0.00742198,0.00864859,0.00273676,0.000533089
0.00496751,0.00373787,0.00312552,0.00778098,0.00122355,1.11522e-05
0.0142872,0.00987766,0.00880124,0.00836233,0.00334997,4.73187e-05
0.00462843,0.00360058,0.00259442,0.00305461,-0.000218755,0.000601075
0.00704716,0.00512978,0.00527697,0.00920919,0.00155838,0.000715647
0.0107389,0.00461553,0.00671715,0.00268859,0.000697441,0.00116388
0.0128847,0.00615203,0.00556745,0.00683753,0.00124536,-4.02713e-05
0.0102575,0.00547349,0.00328554,0.00349,0.000438482,3.69415e-05
0.0115049,0.00645702,0.00346666,0.00461622,0.000187938,-0.000130097
0.011609,0.00518903,0.00944108,0.0135932,0.00186604,-6.67769e-05
0.0129383,0.00626303,0.00792582,0.0145608,0.00134759,0.000818242
0.0130364,0.00885309,0.00984143,0.012097,0.00357028,0.00187208
0.00530945,0.00385813,0.00384946,0.00764193,0.0012595,0.00115377
0.0291431,0.013317,0.0153529,0.0205618,0.00385483,0.000608919
0.0142434,0.00985224,0.00322524,0.00738089,0.000240291,-0.000346922
0.0193317,0.0128907,0.0125008,0.0320243,0.00842233,0.0176632
0.0174478,0.0120183,0.00738556,0.00423628,0.00350563,0.00121843
0.0104464,0.00732257,0.00510047,0.00569532,0.000694447,0.00168924
0.0144083,0.00936128,0.00785214,0.00521451,0.00415817,0.0065386
0.0105707,0.00606436,0.00468134,0.00391335,0.000764153,0.00288992
0.0297575,0.0145577,0.0142313,0.0179823,0.00346995,0.00145866
0.012245,0.0061787,0.00586485,0.00583405,0.000535691,8.40135e-05
0.0165961,0.00780989,0.0063456,0.00478912,0.00163995,0.000387348
0.0180787,0.00706495,0.00713655,0.00654984,0.00185376,0.000981941
0.0102319,0.00756919,0.00336756,0.00983459,-0.00036487,0.000200968
0.0278589,0.013379,0.0144781,0.0223904,0.00294906,0.00286423
0.0287162,0.0137431,0.0119167,0.0139055,0.00221763,0.00128582
0.012167,0.00802188,0.00631766,0.00320951,0.000995942,-0.00074071
0.019116,0.00799399,0.00831331,0.0106438,0.00222469,0.000740582
0.0215766,0.00784754,0.0090848,0.0141122,0.00338123,0.000704563
0.0133443,0.00612633,0.00587441,0.0108445,0.00329655,0.00104907
0.0100437,0.00684765,0.00741268,0.0071719,0.00235355,0.00100926
0.00485349,0.00359356,0.0024623,0.0025021,0.000374302,-0.000335178
0.00840661,0.00598109,0.00215856,0.00433885,0.00190071,0.000633262
0.0163938,0.0104603,0.00854499,0.0117672,0.00241999,0.00083912
0.0201666,0.0105007,0.0102672,0.0202235,0.00333139,0.00502877
0.0183851,0.00855371,0.00755708,0.0200408,0.00266964,0.00853104
0.0100852,0.00680436,0.00513601,0.00638995,0.00154208,0.00132974
0.00561255,0.00395329,0.00231672,0.00155534,6.61931e-05,0.000537337
0.0146914,0.0102209,0.00925433,0.00893077,0.00128939,6.15072e-05
0.00775095,0.00560055,0.0015681,0.00508252,-0.000150382,0.000190238
0.0110894,0.00558679,0.00448916,0.00808652,0.00183097,0.00104026
0.0158036,0.0094272,0.00523289,0.0067808,0.00160591,0.00183686
0.0260466,0.0170994,0.0153795,0.0290861,0.00881779,0.0220892
0.02253,0.0148252,0.0232809,0.021627,0.00366843,0.00386925
0.0114117,0.00545983,0.00514012,0.00796425,0.000506819,0.000415429
0.0125842,0.00481879,0.00582433,0.00930895,0.000696714,0.00146593
0.0204129,0.00917573,0.00756403,0.0133302,0.00177226,0.00122368
0.00598058,0.0030466,0.00455645,0.00923723,0.00165025,-0.000203567
0.0118217,0.00783246,0.0126857,0.0168896,0.00372064,0.0026939
0.0103775,0.00640815,0.0057288,0.00344593,0.00142797,-0.000604008
0.0213284,0.0143973,0.00915917,0.00942996,0.00243566,0.0023724
0.0245374,0.0160534,0.00864803,0.0184303,0.00381639,0.00491905
0.0144621,0.00993481,0.00592471,0.00671808,0.00273038,0.000853789
0.0200609,0.0139479,0.0102771,0.0139599,0.00228934,0.00176049
0.00614935,0.00449058,0.00276749,0.000533979,0.000858934,0.00195388
0.0051419,0.0036492,0.00260567,0.00198941,-0.000770863,0.000441221
0.00952158,0.00411292,0.00580119,0.00134033,0.00119658,0.000487564
0.0183725,0.00667465,0.00878931,0.00802084,0.00265227,0.00061912
0.0160771,0.0077344,0.00602621,0.00884953,0.00165133,0.00133142
0.00467137,0.0031066,0.00137328,-0.00329499,0.000356136,-2.70261e-05
0.00768719,0.00555232,0.00336907,0.00309418,-0.000267716,0.000519722
0.0299677,0.0144398,0.0106439,0.0160222,0.00373165,0.00175342
0.0291228,0.0142494,0.0102658,0.0158756,0.00378673,0.00216631
0.0141397,0.00977924,0.00607387,0.00745224,0.00152733,0.00130529
0.0176888,0.0085207,0.00824622,0.0114471,0.00142662,0.00368621
0.0160802,0.011637,0.00659333,0.00539345,0.00147387,0.000833473
0.027149,0.014349,0.0112149,0.0116487,0.00274384,0.00121028
0.00878505,0.0065695,0.00317797,0.00654048,0.00191327,0.000158328
0.0100123,0.00687759,0.00444557,0.00643414,0.00115018,0.00101448
0.00821601,0.00371068,0.00385822,-0.00188287,0.000735621,0.000642792
0.00999322,0.0071949,0.00331554,0.00530267,0.000306441,-0.000242873
0.00768273,0.00527415,0.00418899,0.00809463,0.000595533,0.000290058
0.0434686,0.0280965,0.0264443,0.034162,0.00973858,0.00401446
0.0136045,0.00912636,0.00652338,0.0119224,0.00192657,0.0017836
0.0110667,0.00764141,0.00679676,0.00811685,0.00154358,0.000218254
0.00561852,0.00431649,0.00252939,0.0082721,0.00142687,-0.00131239
0.00553089,0.00361157,0.00188192,0.00493422,-0.000258703,-0.000265885
0.00606378,0.00297967,0.00539464,0.00876367,0.00141833,0.000947339
0.0103586,0.00454677,0.0036783,0.00281599,0.000921548,0.000116911
0.00793246,0.00481547,0.00314316,0.00543259,-3.10225e-05,2.10797e-05
0.0100968,0.00701324,0.0034601,0.00564656,0.000756907,0.00103831
0.0119526,0.00877525,0.00299755,0.00245968,0.00132007,-0.00051425
0.00452432,0.00329832,0.00118872,0.00601371,-0.000280017,-0.000264176
0.00502778,0.00358044,0.00187099,0.00116234,-0.00014488,0.000726656
0.0189241,0.012319,0.00960564,0.00814915,0.00114699,0.000198354
0.00518982,0.00415936,0.00236142,0.00602836,0.000332468,-4.79413e-05
0.010124,0.00644016,0.00272858,0.00409384,-4.77016e-05,0.00128066
0.00856964,0.00337037,0.00250554,0.00588208,0.000453716,-0.00057073
0.0213272,0.0110862,0.0237965,0.0184232,0.00365388,-0.000124827
0.00941769,0.00356327,0.00540615,0.00853194,0.00178093,0.000208277
0.0042052,0.00318308,0.00221869,0.00472221,-0.000376652,0.00215671
0.00388345,0.00306808,0.00106673,0.00379137,0.00195416,-0.000634835
0.00816165,0.00588084,0.00463106,0.000160348,0.00089015,0.00180093
0.0136049,0.00788706,0.00581556,0.000977806,0.000932331,-0.000110101
0.0128199,0.00787828,0.00542454,0.00311027,0.000905426,0.000217541
0.00937984,0.0064136,0.00395311,0.0110552,0.00235276,0.00682998
0.0405077,0.0260652,0.0177852,0.0195103,0.00632875,0.0107365
0.0307891,0.0191164,0.0337591,0.12172,0.0510757,0.141082
0.00848901,0.00494597,0.00330769,0.00585666,0.000652836,0.000188374
0.00717066,0.00499148,0.00239201,0.00521303,0.000545788,-0.000314039
0.00755046,0.00551143,0.00284862,0.00276507,0.000655485,-0.000991185
0.00701564,0.00444954,0.00409992,0.00203171,0.00025687,-0.00204922
0.00881126,0.00671999,0.00420865,0.00199076,0.000596075,0.000514289
0.0198031,0.0134344,0.00658169,0.00678363,0.0013082,0.00137639
0.0117248,0.00833702,0.00538888,0.00192401,-0.000195532,0.00103441
0.0082717,0.00588169,0.00534872,0.00594562,0.000233334,-3.16555e-05
0.0229267,0.0115253,0.0164105,0.025895,0.00454577,0.0042627
0.0187647,0.00952682,0.0128466,0.017548,0.00162167,0.00283732
0.00899223,0.00478711,0.00414143,0.00757052,0.00193301,-0.00063878
0.0137927,0.00921894,0.0101908,0.0181744,0.0046482,0.000835756
0.0169374,0.0113655,0.0109967,0.0127632,0.00264947,0.000481619
0.00767302,0.00550477,0.00151167,0.003014,0.000598286,0.000697516
0.0137223,0.0090956,0.00651492,0.00906192,0.000797003,0.00222116
0.00783885,0.00583848,0.0041678,0.00275256,0.000442581,-0.000709046
0.0108405,0.00594123,0.00566324,0.00222187,0.000581828,-0.000684275
0.00927751,0.00611842,0.00398767,0.00154498,0.000131702,0.000310486
0.0065038,0.00472623,0.00307784,0.00269857,0.000918494,0.000420594
0.0140511,0.00915273,0.0212736,0.0218643,0.00362241,0.00318712
0.0147957,0.0100483,0.00790184,0.011778,0.00252496,0.00204701
0.0250073,0.0115731,0.0106218,0.00692242,0.00238878,0.00116174
0.0106389,0.00731469,0.00667324,0.00910762,0.00174065,0.000400339
0.00860882,0.00626389,0.00668465,0.00522432,0.000218758,0.00103981
0.0044935,0.00319289,0.00240993,0.00234031,0.000431488,-0.000635485
0.013206,0.00571397,0.00605261,0.00109013,0.000933501,-0.00034831
0.0131596,0.0056931,0.0060159,0.000618497,0.000198449,-0.000589578
0.0151487,0.0101638,0.00578873,0.0125361,0.00181146,0.00122823
0.00687045,0.00432439,0.00350572,0.00268778,0.00112336,3.89423e-05
0.00890942,0.00612106,0.0108521,0.0162517,0.00509723,0.00207378
0.00478142,0.0031143,0.00208321,0.00227421,-0.000371858,0.000737721
0.0053635,0.0038237,0.00483376,0.00816596,0.000397795,0.000114344
0.0181591,0.00820931,0.0072121,0.0047438,0.000913511,0.00227131
0.0178352,0.0075108,0.00650058,0.00388494,0.00130848,0.0020068
0.0265999,0.0163481,0.0123512,0.0137877,0.00371754,-0.000404423
0.0152379,0.0103714,0.00599208,0.00241029,0.00107907,0.000197183
0.017604,0.0119441,0.0157607,0.0146593,0.00406197,-0.000228419
0.00448497,0.0034336,0.00226697,-0.00122226,1.08121e-05,0.00060262
0.0126807,0.00597967,0.00656761,0.0049228,0.00199582,0.00149137
0.010799,0.00555519,0.00507801,0.00570023,0.000537134,0.000173355
0.00867207,0.00529639,0.0041606,0.00343949,0.000829067,2.46035e-05
0.0122462,0.00837364,0.0104273,0.014577,0.00260927,0.00105279
0.0111552,0.00498128,0.00470919,0.00968608,0.00219364,0.000700813
0.0110996,0.00497742,0.00464616,0.00764065,0.00203381,-0.000376592
0.0336346,0.0121219,0.0135872,0.0128624,0.00141654,0.00102628
0.0326867,0.0121514,0.0121448,0.0131323,0.000747386,0.00141557
0.0181838,0.0100577,0.00599843,0.0045278,-0.00069402,-0.000438668
0.0172032,0.011738,0.00505589,0.00971277,0.00157391,0.000991114
0.0119408,0.00814591,0.00595932,0.00560237,0.0010541,0.000710013
0.0276735,0.015697,0.0118916,0.0118439,0.00298798,0.000615032
0.0198856,0.011735,0.00829627,0.0029129,0.00267602,0.00123467
0.0158243,0.00657467,0.00644622,0.0113236,0.00137753,0.00231612
0.0281157,0.0093984,0.0124307,0.0140585,0.00236772,0.00223945
0.0220502,0.00940252,0.0092882,0.00850936,0.00149561,0.00077707
0.0100283,0.00697987,0.00659299,0.00329457,0.000881176,-0.000381915
0.0145933,0.0102861,0.0055694,0.0055102,0.00172564,0.00148458
0.0157179,0.0108053,0.00764305,0.00474795,0.00173118,0.000827596
0.00414497,0.00317333,0.00392007,0.000654697,0.000705564,0.000565013
0.00642642,0.00434632,0.0038439,0.00201001,0.000551791,0.00192037
0.0171586,0.0114891,0.00666731,0.00662997,0.00118292,0.000454266
0.01634,0.0112615,0.00714146,0.0087886,0.0025166,0.00089115
0.00411323,0.00304011,0.00301046,0.000679759,0.00036125,0.000779425
0.00555709,0.00425718,0.00323095,0.00127537,0.000399836,0.00127867
0.00504372,0.00372143,0.00174549,-0.00454767,0.00040722,0.00038548
0.00569,0.00388993,0.00271896,0.00287234,0.0011446,-0.000289357
0.00912442,0.00664763,0.00309451,0.00258647,0.000266663,-0.000809816
0.0149015,0.0101329,0.00599772,0.00731113,0.00184225,0.00102877
0.0181094,0.00693843,0.0111696,0.00585673,0.00150081,-0.000474974
0.0182974,0.0067804,0.0114313,0.00571045,0.00090151,0.000485383
0.0137546,0.00983208,0.00495456,0.00222774,0.00137911,0.000969167
0.00509108,0.00393572,0.00232296,0.00637495,0.000506038,-5.94268e-05
0.00894895,0.00633953,0.00333798,0.00370992,-0.000227821,0.000624234
0.0130192,0.00917688,0.0047775,0.00829286,0.00119555,0.00231693
0.0072,0.0051982,0.0029065,0.00384436,0.00149826,0.000224953
0.00671657,0.0043368,0.00394629,0.00316736,-3.08066e-05,0.000776144
0.00575407,0.00359804,0.002737,0.00193908,3.67462e-05,0.000221877
0.011508,0.00799216,0.00685369,0.00967472,0.000776367,0.0010176
0.0128769,0.00862066,0.00454501,0.00722742,0.00162751,0.000291394
0.0127939,0.00901707,0.00489012,0.00522116,0.00121668,-0.000322575
0.015104,0.010421,0.00520397,0.00511923,0.00116492,-9.54334e-05
0.00608027,0.00418566,0.00298747,0.00310003,-0.00024381,0.00112353
0.0210593,0.00936592,0.00927938,0.00932395,0.00148826,0.00150881
0.0200822,0.0136412,0.00568653,0.0142041,0.000823221,0.00164804
0.00742359,0.00517279,0.00296048,0.00572376,0.00220594,0.000507201
0.00437562,0.0032018,0.00222181,0.00943308,0.000131046,-0.000760081
0.00580056,0.00395979,0.004787,0.00692533,0.00224037,0.000136589
0.00857236,0.00448571,0.00439768,0.00922168,0.000920007,0.0012988
0.014773,0.00546511,0.00998032,0.0110393,0.0022376,0.000752752
0.011512,0.00546173,0.00817109,0.00527658,0.00143061,0.000881319
0.0163113,0.0113487,0.00597706,0.0103338,0.00201773,0.000436257
0.0077166,0.0057334,0.0123017,0.00585252,0.000339041,0.00115036
0.0160044,0.00854415,0.00555284,0.0107428,0.00422484,0.00605335
0.0176617,0.00851534,0.00527576,0.0116309,0.00231425,0.00565643
0.0174,0.00672926,0.0080857,0.0118175,0.00148453,0.00103591
0.0181782,0.00664955,0.0081139,0.00960882,0.000400433,0.00142808
0.0444337,0.0273399,0.0140602,0.0212948,0.00454906,0.0041709
0.0124001,0.0087079,0.0047381,0.00572187,8.82397e-05,0.000632505
0.0135259,0.00913582,0.00426927,0.00821572,0.00038882,0.00112364
0.0114857,0.00783023,0.00511433,0.00656627,0.00108379,0.00203755
0.00866751,0.00629224,0.00276398,0.00405881,0.00105475,-0.000748038
0.0452387,0.0245617,0.0193254,0.0340929,0.00738515,0.00473261
0.0125008,0.00913895,0.00381177,0.00292074,0.00156458,0.000968467
0.00694577,0.00518542,0.00346736,0.00778085,-0.00043864,0.000722371
0.0124599,0.00836317,0.00580994,0.00647084,0.000877018,0.000262684
0.0092397,0.00647548,0.00535484,0.00331043,0.00111511,0.000436389
0.0129014,0.00703717,0.0126229,0.0176937,0.00427512,0.00282573
0.00776691,0.00565992,0.00327175,0.000622662,0.000246822,0.000450169
0.00572899,0.0041579,0.00360844,0.0026824,0.00111437,0.00179878
0.00506209,0.00381402,0.00302141,0.00418135,0.00154012,0.000407562
0.0153613,0.00853714,0.00758941,0.00764488,0.00153396,-0.000523447
0.0165032,0.00750832,0.00777293,0.00952673,0.00218064,0.000603407
0.0110964,0.00564437,0.00557699,0.00517813,0.00161177,-7.40462e-05
0.00671053,0.00301349,0.00482639,0.00304143,0.000537243,-4.34911e-05
0.00684888,0.00295755,0.00480214,0.00500652,4.99658e-05,1.90629e-06
0.00452584,0.00290334,0.00235317,0.00228982,0.000714944,-3.57633e-05
0.00966305,0.0065544,0.00411305,0.00238061,0.000505138,0.000644501
0.0146631,0.0101142,0.00510471,0.0078005,0.000388089,0.000756655
0.0131962,0.00533448,0.00704252,0.0114002,0.00142979,0.00152041
0.0134844,0.005406,0.0070612,0.010877,0.00144436,0.00174427
0.021097,0.0117717,0.00917198,0.0166695,0.00224524,0.000762724
0.0177555,0.0104765,0.00738663,0.0103882,0.000929829,0.00153253
0.00527342,0.00390745,0.00290977,0.00141257,0.00175241,0.0011679
0.0108431,0.00770428,0.0150123,0.0136377,0.00173897,0.00299128
0.0111491,0.00778451,0.00350707,0.00273659,0.00130171,0.00140341
0.0120116,0.00827488,0.00385678,0.00710664,0.00172988,0.00162723
0.00996353,0.00748534,0.00432407,0.00854344,0.000607949,0.00195991
0.0100801,0.00668368,0.0033082,0.00406355,-0.000407528,-0.000115734
0.00858922,0.00606304,0.00392435,0.0034785,0.000667005,0.00109125
0.0440397,0.0205852,0.0250288,0.0320304,0.00695302,0.00331489
0.0149856,0.00717463,0.00700262,0.0129064,0.00262472,0.00176769
0.0115775,0.00726572,0.00616933,0.00985248,0.00239372,0.000124239
0.00558331,0.00388582,0.00231433,0.00242172,0.00104183,0.000322231
0.0196335,0.0136329,0.0075979,0.0086692,0.00269936,0.000978773
0.00667655,0.00452398,0.00333342,0.00364836,-0.000440294,0.00333227
0.0211634,0.0145477,0.00640943,0.00482239,0.00269092,0.00192374
0.0109351,0.0074401,0.00806914,0.00668459,0.00145705,0.000123761
0.0138273,0.00938432,0.00574188,0.00942186,0.00304631,0.00158042
0.00707697,0.00385934,0.00321366,0.00190329,0.0014632,0.000707595
0.0426699,0.0223533,0.0236599,0.0397311,0.00723383,0.00404907
0.0149078,0.00742528,0.00545548,0.0108098,0.00252972,0.00119521
0.0124677,0.00549326,0.00395107,0.00928452,0.00134225,5.08471e-05
0.0099735,0.00657462,0.00343649,0.00391802,0.00010315,0.000463474
0.0106193,0.00438969,0.00554754,0.00563961,0.00108354,0.00119031
0.0134385,0.00436698,0.00660315,0.00964861,0.000889179,0.00127311
0.0220971,0.00834222,0.00962348,0.0140781,0.00181349,0.00254478
0.0197867,0.00779759,0.00866773,0.0073596,0.00138812,0.00190663
0.0179954,0.0124982,0.0141604,0.0178331,0.00370671,0.00213829
0.0195036,0.013474,0.00640965,0.00540468,0.000817627,0.00299635
0.00620483,0.00448593,0.00262502,0.00294766,-0.000519591,-0.00107701
0.0109915,0.00739046,0.00488121,0.00892203,0.0015341,0.00530605
0.0243731,0.00876454,0.0116241,0.0161379,0.00107908,0.000543377
0.0220199,0.00893122,0.00937935,0.013143,0.000213444,0.00180495
0.00763219,0.00577057,0.0038637,0.00688492,0.00181589,0.00141899
0.0182402,0.0125341,0.00961499,0.0146053,0.00332792,0.00104551
0.00960608,0.00665643,0.00314486,0.00661167,0.00163334,0.00134402
0.0257708,0.00860803,0.0132175,0.0145043,0.00395564,0.00215618
0.0189358,0.00890336,0.00946875,0.00907244,0.00191404,0.000656544
0.0167847,0.0115401,0.00529152,0.00985045,0.00183205,0.00135076
0.0222804,0.0154777,0.00667093,0.00757753,0.00154458,0.00252957
0.0116219,0.00799838,0.00640431,0.00376836,0.00305297,0.00379501
0.00916646,0.00576151,0.00919726,0.00959228,0.00217197,0.0011288
0.0121264,0.0067472,0.00994098,0.0156394,0.00266079,0.00171051
0.012897,0.00757299,0.0101645,0.0148108,0.00237065,0.00210737
0.0220658,0.013081,0.0177295,0.0169204,0.00343205,0.00320073
0.0204953,0.0138574,0.00502426,0.015013,0.00252132,0.0004787
0.0243689,0.00994334,0.00858383,0.00867051,0.00236374,-2.85328e-05
0.0242486,0.0100919,0.00846836,0.00798492,0.00203399,0.000231671
0.013585,0.00784988,0.00531468,0.00965314,0.00156414,-2.63579e-05
0.0118323,0.00756375,0.00599397,0.00667746,0.00158409,0.000224092
0.0108597,0.00771438,0.00657323,0.00637473,0.00449918,0.00923567
0.013607,0.00817762,0.00615286,0.00569005,0.00117457,-0.000257655
0.0239381,0.0100953,0.00961024,0.0133224,0.00296987,0.000474774
0.0236762,0.00995252,0.00933747,0.0122185,0.00232179,0.000708597
0.00474851,0.00344478,0.00263055,0.00648865,0.000565748,0.00175948
0.00564943,0.00411445,0.00219853,0.00640958,0.000840629,0.00105216
0.00459573,0.00311065,0.00225743,-0.00126295,0.000175511,0.00156463
0.0108902,0.00726669,0.00575863,0.00686789,0.00128347,0.0014657
0.0150464,0.0107899,0.00655954,0.00390146,0.000713241,-0.00103252
0.0069645,0.00529297,0.00265544,0.00961026,0.001986,-0.000222696
0.00576538,0.00432409,0.00237121,0.0012393,0.000771955,0.000630487
0.0139459,0.00969956,0.00609896,0.00653653,0.000783266,0.000254218
0.00550465,0.003882,0.00313449,0.00231879,-0.000340901,-0.000327365
0.00768017,0.00579617,0.00309335,0.00400783,0.001169,-1.31045e-05
0.0152216,0.0109769,0.00462523,0.0113994,0.00202177,0.0008788
0.0193277,0.0131903,0.00785983,0.00968619,0.0016221,0.00173812
0.0156478,0.0074304,0.00822737,0.0134182,0.00245788,0.000557327
0.0175747,0.00886072,0.00978964,0.0119754,0.00170087,0.000175396
0.0179624,0.0106352,0.0120809,0.0126891,0.00343708,0.00151682
0.0157761,0.0111462,0.00628745,0.0056201,0.000577522,0.000382873
0.0176678,0.0103695,0.0110189,0.0151074,0.0041666,0.0022276
0.0102026,0.00745824,0.00238131,0.00492144,-1.53819e-06,0.000932968
0.00560854,0.00395909,0.00261718,0.00459468,8.89869e-05,-0.000935897
0.00574525,0.00430423,0.00161839,0.00325286,1.16118e-05,-0.000815696
0.0361141,0.0178145,0.0181541,0.0306608,0.00633979,0.00976346
0.038911,0.0125474,0.0198153,0.028405,0.00420853,0.00518077
0.0260501,0.00897284,0.0140226,0.013752,0.0023689,0.00152887
0.0161316,0.0065959,0.00854934,0.00893027,0.00202476,0.00172685
0.00725329,0.00442959,0.00571049,0.0107575,0.00190796,0.000811963
0.0196958,0.0133428,0.00996943,0.01462,0.00390498,0.0026946
0.00875693,0.00608515,0.00657564,0.00190663,0.00125472,-0.000360143
0.0058332,0.00365294,0.00278385,0.00183297,0.00045443,0.00194956
0.0116577,0.00461222,0.00503671,0.00482597,0.00019052,-0.000301157
0.0117837,0.00548829,0.00533961,-0.000180902,-7.60227e-06,0.000712582
0.0183922,0.0123908,0.00647547,0.0131489,0.00359207,0.000617154
0.00764955,0.00444068,0.00410441,0.00476019,0.000352614,0.000140254
0.0135728,0.00859861,0.00515415,0.010366,0.00106543,0.000782392
0.0179319,0.0106972,0.00542955,0.00775483,0.000269885,0.000338077
0.00495204,0.00387722,0.0027689,0.000369499,0.000815663,0.000125706
0.0166509,0.0117571,0.00651532,0.00429454,0.0020225,0.00130213
0.00791189,0.00366949,0.00475666,0.00806192,-5.84789e-06,0.00188988
0.00775958,0.00386161,0.00523755,0.0100858,0.000682182,0.0030179
0.0312232,0.0183117,0.0167853,0.0244701,0.0067541,0.00269582
0.0108326,0.00757489,0.00355636,0.00221191,0.000673245,-0.00116222
0.00989055,0.00706322,0.00372877,0.00439506,0.000887358,-0.00059063
0.00885171,0.00645908,0.00327684,0.00423578,0.000928455,0.00243809
0.00785259,0.00587528,0.00306684,0.00324261,0.000422792,-0.000355214
0.00661201,0.0045996,0.00234114,0.00364849,0.000480482,0.000106909
0.0171048,0.0101013,0.0078006,0.00638816,0.001136,0.000454478
0.0278069,0.0185331,0.0233274,0.0231765,0.00465579,0.00213152
0.00552697,0.0039624,0.0030332,0.00269958,0.000480857,0.00212167
0.0300715,0.0127185,0.0115603,0.0100484,0.00230538,0.000837534
0.0300947,0.0126005,0.0117122,0.0125557,0.00254818,0.00128673
0.0124372,0.00793734,0.00410577,0.0150923,0.00313595,0.00747181
0.00663915,0.0029771,0.00232499,0.00477266,-0.000491384,0.000650807
0.0116776,0.00610864,0.00368515,0.00317718,0.00112761,0.00206458
0.0158752,0.00454186,0.00865646,0.00752154,0.00190861,0.00146793
0.0211011,0.00686528,0.0107112,0.0137054,0.00290439,0.00255439
0.0115756,0.00361217,0.00756478,0.00693556,0.00237868,0.00158053
0.00655907,0.00392865,0.00484254,0.00227502,0.00133124,0.000112524
0.00703389,0.00467885,0.0038963,0.00441117,0.00123193,0.000342737
0.00934673,0.00560922,0.00581058,0.00804414,0.00294117,0.00804924
0.0105898,0.0060532,0.00551704,0.00245654,0.00154091,0.00302657
0.00799454,0.00595636,0.00363157,0.00358133,0.000398693,3.34035e-05
0.0149361,0.0102153,0.00576903,0.00419851,0.00197935,0.00140357
0.0102584,0.0070397,0.0179191,0.0243878,0.00618367,0.00242769
0.00682269,0.00485649,0.00507782,0.0330595,0.0138491,0.0372256
0.00719945,0.00363768,0.00338665,0.000705116,0.000495379,8.42001e-06
0.0067792,0.00481092,0.00186975,0.0066177,0.00113308,0.00108504
0.0143955,0.00938775,0.00507021,0.00457415,0.000401838,0.000602091
0.00532207,0.00401427,0.00267126,0.00391149,0.00139188,-0.000120917
0.00438886,0.0033921,0.00102045,0.00279892,0.000559943,-0.000399377
0.0161305,0.00800717,0.00716014,0.0104891,0.00199977,-0.000798399
0.0219632,0.00802287,0.00979295,0.0137821,0.00221779,0.000136886
0.00898185,0.00616355,0.00421314,0.00409434,0.00106927,0.00133982
0.00533162,0.00337404,0.00243901,0.00456284,-0.000108601,9.19577e-05
0.0100806,0.00625359,0.00592184,0.00568956,0.00220255,0.00238381
0.0163432,0.00819096,0.00869857,0.0112182,0.00363205,0.00368086
0.0170483,0.00948153,0.00725491,0.0153717,0.00249099,0.00679102
0.0078666,0.00535495,0.00293583,0.00493915,0.000622091,-0.000543163
0.0290211,0.0145972,0.0152927,0.0235792,0.00419972,0.00320847
0.00575019,0.00405581,0.00162946,0.00588783,5.92633e-05,-0.000588013
0.0116551,0.00803688,0.00553348,0.00664988,0.00138125,-0.00080722
0.0235446,0.0143597,0.00994392,0.00425346,0.00112682,0.000146991
0.0132071,0.00801142,0.00598196,0.00489102,0.000556882,-4.12329e-05
0.0212198,0.00861033,0.00858114,0.0135671,0.00134966,0.00182212
0.0211754,0.00851076,0.00818881,0.0121549,0.00128789,0.0018527
0.0140211,0.00974524,0.00557535,0.0156005,0.00209024,0.00349398
0.0390774,0.0159562,0.0209787,0.0194598,0.00348106,0.00376708
0.0127621,0.00868381,0.00253964,0.00765387,3.5453e-05,0.00226165
0.014286,0.00760199,0.00686419,0.00426998,0.000809462,-6.23845e-06
0.0151193,0.00763495,0.00675028,0.00633765,0.000683939,0.000174677
0.0197105,0.013906,0.0102191,0.0158212,0.00215748,0.00217881
0.00420969,0.00332616,0.0021903,0.00145891,0.00109654,0.00079848
0.00868908,0.00375335,0.00487539,0.000455427,0.000520035,0.00131804
0.00904421,0.00385392,0.0055148,0.00246689,0.000969381,0.00156738
0.00561809,0.00386692,0.0035614,0.00453066,0.000696981,-0.000713526
0.0142779,0.00754473,0.00868525,0.00938004,0.00113077,0.00202988
0.00451109,0.00314265,0.00372258,0.00264029,0.00042135,0.000978827
0.0161224,0.0112049,0.00403059,0.00559232,0.00173376,0.000196052
0.0122451,0.00858032,0.00652893,0.00821507,0.00136204,2.70451e-05
0.016262,0.00845099,0.0115799,0.0145196,0.00317641,0.000640992
0.021866,0.0104751,0.0121031,0.0140855,0.00331182,0.00104333
0.00697056,0.00490869,0.00181702,0.00485122,0.000791004,-0.000138081
0.0146869,0.0104585,0.00599895,0.00742073,0.00215884,0.0012474
0.0115293,0.00818039,0.0065921,0.00967835,0.00199665,0.0011686
0.00697646,0.00542926,0.00376091,0.00332259,0.000117817,0.00121756
0.0142634,0.00796441,0.0190934,0.0254993,0.00636329,0.0022487
0.00960681,0.0050136,0.010662,0.00936554,0.00203674,0.00232701
0.0112379,0.00757922,0.00683585,0.0106994,0.00248115,0.00274842
0.00592198,0.00409205,0.00348376,0.000520022,0.000532555,0.000548571
0.00536422,0.00403025,0.00185881,-4.30057e-05,0.00085,0.0011902
0.014822,0.0102005,0.00791722,0.00647445,0.00105294,-0.000367067
0.018039,0.0124637,0.00572925,0.00691032,0.00145349,0.00177508
0.00767471,0.00425793,0.00445256,0.00839191,0.0016241,0.00113992
0.00600371,0.00340328,0.00302643,0.0054649,0.00111398,0.00048502
0.0135679,0.0095532,0.00287104,0.00802542,0.00214428,2.2337e-05
0.0133291,0.00920316,0.00587795,0.00337105,0.00136177,0.00112439
0.00780806,0.00532768,0.00271948,0.00444512,0.000103577,0.0011358
0.0234385,0.0159454,0.011939,0.0163392,0.00314677,0.00122384
0.0130993,0.00905307,0.00456609,0.00429796,0.00191888,-8.72313e-05
0.00830661,0.00596507,0.00517938,0.00882035,0.0031568,-0.000205199
0.00916442,0.00561655,0.00354834,0.0040952,0.000319475,-0.0010134
0.013552,0.00774175,0.00613814,0.00762991,0.000855431,-0.000115927
0.0125226,0.00765548,0.00558584,0.00584627,0.00116844,-1.03505e-05
0.00473344,0.00343186,0.00166386,0.00362794,0.000255813,-0.000655547
0.00380589,0.00302761,0.00112264,0.00440077,-6.48343e-05,0.000660083
0.0345503,0.0166185,0.0252437,0.0353634,0.00621061,0.00152721
0.0095323,0.0039782,0.0041781,0.00365638,0.000806387,-9.12392e-05
0.0239418,0.00925876,0.0102275,0.00819261,0.00127192,0.000768767
0.0234561,0.00905639,0.00943375,0.0112664,0.0013353,0.00143664
0.0146016,0.0086909,0.00619973,0.00656472,0.00124231,0.000445105
0.0190299,0.0112765,0.00695346,0.0077692,0.00163481,5.2988e-05
0.00736816,0.0051204,0.00498523,0.0075514,0.00030648,0.000261856
0.00409776,0.00304371,0.00188521,0.000452714,0.000516015,-6.22945e-05
0.0100304,0.00733387,0.00531612,0.00282585,0.00026403,-0.000941111
0.00497226,0.00353364,0.0026844,0.00620501,-3.09972e-05,0.000177465
0.00643763,0.00444916,0.00386815,0.00348604,0.00133663,0.00199897
0.0103392,0.00696976,0.00373291,0.00378273,-0.000144069,-0.00101439
0.00625485,0.00440321,0.00303062,0.00556684,0.000643257,-5.40438e-05
0.0241487,0.011235,0.0134822,0.0297737,0.00834901,0.0188504
0.0269189,0.0113127,0.0147185,0.0279573,0.0063901,0.0147373
0.0118372,0.00543023,0.00540231,0.0089345,0.000244567,-5.44349e-05
0.00501456,0.00371994,0.00274215,0.00123355,0.00047267,0.00176237
0.00522394,0.00381386,0.00378544,0.00140318,0.000333293,-9.18555e-05
0.00618577,0.00474011,0.00625669,0.00384096,0.00177274,0.00112141
0.0172753,0.00802782,0.00926712,0.00931727,0.00241263,0.00225337
0.0170185,0.00803776,0.00915725,0.00758885,0.00251262,0.00309571
0.0129472,0.00541286,0.00417972,0.0032572,0.000707951,0.000203158
0.018301,0.0101674,0.00623032,0.00327624,0.00081787,0.00149597
0.0131834,0.00835978,0.00518015,0.00738459,0.00104741,0.00165228
0.0043642,0.00306799,0.00214442,0.00350812,0.000260811,0.00125879
0.0124177,0.0072127,0.00747163,0.011129,0.00158372,1.24935e-05
0.0106623,0.0053841,0.00792338,0.00689004,0.00132378,0.00226419
0.0134997,0.00526506,0.00596036,0.00901549,-0.000362632,0.00114753
0.0148008,0.00526077,0.00631344,0.00818995,0.000858739,0.000656034
0.0123577,0.00832407,0.005666,0.00754589,0.000876051,0.000168981
0.00944525,0.00648768,0.0036011,0.00619952,-9.94992e-05,-0.000420303
0.0133094,0.00948305,0.00519471,0.00770631,0.00140644,0.00093726
0.0119734,0.0082368,0.00552135,0.00342587,0.0010946,0.000990544
0.0104332,0.00730433,0.00390124,0.00356781,0.000229783,0.000743481
0.0119585,0.0080566,0.00632204,0.0175274,0.0025999,-0.000730355
0.00709392,0.00496965,0.0066384,0.00350062,0.000550261,0.000164532
0.0166594,0.007595,0.0167497,0.019303,0.00420936,0.001171
0.0164392,0.0070481,0.017998,0.0116424,0.00361487,0.00261438
0.00448678,0.00357295,0.00286774,-0.00118694,0.000351521,-1.06394e-05
0.0274389,0.018008,0.0137334,0.0149081,0.00169177,0.00177561
0.0320456,0.0179983,0.0145859,0.0154495,0.00195115,0.000399717
0.00598251,0.00425488,0.00268626,0.00860086,-0.00127489,-0.000377929
0.0152345,0.00602842,0.00637247,0.00479652,0.00147427,9.60479e-05
0.0199584,0.00594737,0.00888822,0.00858606,0.00167106,0.000572719
0.0132888,0.00528444,0.00557249,0.00740199,0.000359272,-0.000129104
0.00518224,0.00384413,0.00167573,0.00508581,-0.000205867,0.000289306
0.0127956,0.00848936,0.006357,0.0133593,0.00227647,0.0020435
0.0153444,0.00897918,0.00750028,0.00738154,0.0010593,0.00119443
0.0153138,0.0108214,0.00595174,0.0061974,0.000711063,0.000772862
0.00652019,0.00456698,0.00915548,0.0187856,0.00380315,-0.000297512
0.0104627,0.00510325,0.00471088,0.00342357,0.0032109,2.48136e-05
0.0257728,0.0167308,0.00947957,0.0125613,0.00354421,0.000801517
0.00676275,0.00490926,0.00234922,0.00469176,0.000656094,0.000805826
0.0114037,0.00809198,0.00740676,0.0122874,0.0007766,-0.000468936
0.0095758,0.00681729,0.00413291,0.00182704,-0.000100961,-0.000148285
0.0106759,0.00752328,0.0037001,0.00123277,0.000119835,0.00130342
0.00967245,0.00632928,0.00295244,0.00334063,0.000671224,0.000162574
0.0139068,0.0100171,0.00988392,0.00810554,0.00221368,0.00156606
0.0129074,0.00865387,0.0041877,0.00553655,0.00159102,-0.000679598
0.0284123,0.0153198,0.0153552,0.0207975,0.00526009,0.00338642
0.0251497,0.00993792,0.0135842,0.0155349,0.00276902,0.00130891
0.00987406,0.00701396,0.00333136,0.00546152,-0.000273751,0.000592636
0.0194706,0.0125964,0.00980894,0.00484317,0.00145628,0.00200168
0.0221608,0.0151523,0.00520148,0.0110889,0.00208678,-3.15304e-05
0.00535768,0.0036512,0.0027931,0.00295567,-0.0004285,0.00110923
0.00728482,0.0050438,0.00483859,0.00232489,0.00196638,0.00134716
0.00808585,0.00533194,0.00582395,0.0024856,0.00058253,0.000910962
0.0110648,0.00760781,0.00550393,0.0028087,0.00127378,0.00280072
0.0119508,0.00785681,0.00673747,0.00565952,0.00118569,-0.000416594
0.0088162,0.00635576,0.00324281,-0.00173522,0.000156258,0.00095657
0.00532955,0.00379652,0.00189191,0.00263155,-1.55851e-05,-0.000110012
0.0158106,0.0100414,0.00588169,0.0155117,0.00401872,0.0101518
0.0110411,0.0076892,0.00449323,0.00636384,0.00142157,0.00386498
0.00503418,0.00378829,0.00409138,0.00499647,0.00111843,-0.000812786
0.0114068,0.00765266,0.00753769,0.00492168,0.00194472,0.000961024
0.00660053,0.00460887,0.00372658,0.00647664,0.00158924,1.33755e-05
0.00617028,0.00471006,0.00381364,-0.000135631,-0.000181156,-0.000379962
0.00771151,0.00448052,0.00372202,0.00439072,0.00200262,0.0017346
0.0133087,0.00569314,0.00633859,0.00230297,0.000960236,0.00105534
0.0129071,0.00618158,0.0061479,0.00307761,0.000808494,0.000363672
0.0109672,0.00766635,0.00652425,0.00775889,0.00254771,0.00111042
0.00438435,0.00335022,0.00299275,0.00685933,0.001502,-0.000216273
0.0216162,0.015133,0.00601596,0.0128687,0.00242241,0.0032509
0.0125403,0.00903239,0.00498485,0.00762314,0.000594186,0.00194729
0.0085209,0.00584504,0.00522201,0.00206961,0.000660013,0.00198546
0.0256739,0.0107707,0.0133468,0.00561502,0.00214446,0.000315442
0.0101857,0.00743548,0.00592415,0.00522273,0.000921286,0.000997472
0.0053065,0.0043167,0.00271999,0.00324306,-0.000480749,-0.000390628
0.0193058,0.0100119,0.0117915,0.00972339,0.00186971,0.00150793
0.0145303,0.010219,0.00787746,0.00750673,0.000696319,0.000882195
0.00954379,0.00668086,0.00387656,0.00289824,0.000709327,-0.000222937
0.024741,0.0128012,0.0157298,0.0228718,0.00478155,0.010451
0.0266641,0.012861,0.0161762,0.0227315,0.00505946,0.0108366
0.00965757,0.00602708,0.00574722,0.0101619,0.000434501,0.000513461
0.00924987,0.00599649,0.00560611,0.0125534,0.00118086,0.000654854
0.005754,0.0041162,0.00296608,-0.00316284,-0.000228239,0.000804096
0.00788744,0.00451065,0.0049489,0.0010366,-0.000226385,0.000767709
0.0142883,0.0100708,0.0070955,0.00682029,0.0022321,0.00104307
0.012402,0.0079598,0.00441319,0.00831658,0.00106814,0.00115129
0.0111148,0.00794618,0.00327436,0.00307264,0.00112866,-0.000247632
0.00632134,0.00438835,0.00189494,0.00535264,0.000406111,0.000439397
0.0186725,0.0122632,0.00584131,0.0026723,0.00123984,0.00178735
0.0134629,0.0084127,0.00528863,0.00593258,0.0015261,-4.47126e-05
0.00738674,0.0050647,0.00430242,0.00889932,0.000490142,-0.00025017
0.00756278,0.00544556,0.00302444,0.0091334,0.000114122,1.88471e-05
0.0152379,0.00946411,0.00657631,0.00729855,0.00106718,0.00271129
0.0119094,0.00639143,0.0052654,0.00585597,0.00153712,0.000836103
0.008471,0.00581479,0.00307695,-0.000918482,0.000198334,-0.00018344
0.0114651,0.00450918,0.00546657,0.00650911,-0.000156631,-0.00156035
0.0243028,0.0108191,0.0105105,0.0124553,0.00166082,9.92398e-05
0.0210008,0.0108076,0.00904563,0.0105458,0.00140291,0.00186011
0.0258324,0.011071,0.0118009,0.016144,0.00293552,0.00215594
0.0251701,0.0110246,0.0113382,0.0158781,0.00236436,0.00130373
0.0144329,0.00781471,0.00736505,0.00629278,0.00248268,0.00232353
0.0193697,0.0128236,0.00824576,0.0121406,0.00233087,0.00255812
0.0111328,0.00798129,0.00669124,0.0043189,0.000482637,0.000429776
0.00802392,0.00555662,0.00456597,0.00709406,0.000854871,0.00116153
0.0135036,0.00859656,0.00703131,0.00301439,0.00105479,-0.000242051
0.00740396,0.00538915,0.00634015,0.00429609,0.00104413,0.00251369
0.00843063,0.004699,0.0041929,0.00917335,0.000301612,0.000444993
0.0103028,0.00645761,0.00609082,0.011603,0.000608822,0.000923279
0.0237475,0.0149917,0.00808563,0.00794716,0.00110227,0.000972992
0.0126245,0.00871683,0.0068743,0.00369643,0.0014517,0.00248651
0.00613781,0.00448919,0.00376183,0.0219684,0.0102948,0.0300323
0.0101481,0.00392698,0.00690114,0.0111585,0.00252881,0.00188935
0.0102729,0.00442463,0.00644066,0.0105549,0.0012101,0.00163294
0.0201604,0.0110519,0.00763306,0.00695305,0.00192068,0.00146779
0.0313959,0.0153899,0.0178361,0.0216781,0.00428644,0.00159221
0.0288117,0.0189536,0.0103099,0.014915,0.00413872,0.00207962
0.0139979,0.00948362,0.00456573,0.00263676,0.0012038,0.00195021
0.00720588,0.00529308,0.00471831,0.0053319,0.00125678,0.00065058
0.0113177,0.00787796,0.00752379,0.0140061,0.00216953,-4.2072e-05
0.00372887,0.00313695,0.00219434,-0.000123754,0.000185692,-8.74951e-05
0.010632,0.00747446,0.006799,0.00140744,-0.00019402,0.000764364
0.011968,0.00811726,0.00385069,0.00395844,0.00075927,0.000317702
0.00868886,0.00554416,0.00634199,0.00485344,0.00141977,0.0022846
0.0110875,0.00767684,0.00408856,0.00339564,0.00089014,-0.000980691
0.0103223,0.00737935,0.00381197,0.00463874,0.00123437,-9.51576e-05
0.00901658,0.00525748,0.00400693,0.00547529,0.000850757,0.00249911
0.00909311,0.00503655,0.00338136,0.00461592,0.000784342,0.000635478
0.00913537,0.00631509,0.00638863,0.00635598,0.00169234,0.0025717
0.0110061,0.00781756,0.0066645,0.00479977,0.000326863,-0.000276921
0.0146967,0.00620595,0.00672945,0.00941808,0.000812571,0.00184763
0.022309,0.00679886,0.00906,0.0106289,0.00132101,0.00141242
0.0155849,0.00673417,0.00576816,0.00930438,0.000509742,0.000328861
0.00490187,0.00381752,0.00242174,0.00606537,-0.000275538,0.000500449
0.00903923,0.00665226,0.00375914,0.0012804,0.000375327,0.00114866
0.00498014,0.00366502,0.0036933,0.00108725,0.00157411,0.00118723
0.00909337,0.00654598,0.00365889,0.0062373,0.00196711,0.000894808
0.0131625,0.00812447,0.00994702,0.0101526,0.00146503,0.00160243
0.011868,0.00605349,0.00589372,0.00702636,0.00119284,-0.000502686
0.0113233,0.00609638,0.00554464,0.00575654,0.001318,-0.000169376
0.0238788,0.00949153,0.00711364,0.0100721,0.00254037,0.00243225
0.0167978,0.0060289,0.0120214,0.0202231,0.00558211,0.0107766
0.00590834,0.00445802,0.00283474,-0.000244853,0.000535112,0.000587555
0.00492182,0.00360396,0.00419069,-0.000464637,0.00027594,0.00170569
0.00566601,0.00397549,0.00298977,0.00165355,0.000778569,0.00188745
0.0176733,0.00713601,0.00717299,0.00779006,0.00122701,0.000112103
0.0184773,0.00719801,0.00735477,0.00894985,0.00143878,0.0018293
0.0112994,0.00777238,0.00299348,0.00473955,0.000223753,0.000672303
0.00859605,0.00596121,0.00526285,0.00493732,0.000368,0.000762664
0.0194973,0.0136723,0.0064102,0.00882799,0.000216556,0.000177179
0.00505264,0.00385671,0.00228979,0.00138029,0.000833876,-0.000175602
0.0105524,0.00709972,0.00665224,0.00571235,0.00118911,-0.000489512
0.00929925,0.00598948,0.00271386,0.000483864,0.000951892,-0.000222891
0.0259107,0.0134814,0.0102988,0.011034,0.00140459,0.00124035
0.015711,0.00626912,0.00662194,0.00522057,0.000884552,0.00115811
0.0248475,0.0136372,0.00810337,0.0152665,0.00293247,0.000999498
0.0176369,0.012264,0.00736251,0.00824059,0.00397212,0.00715205
0.0146322,0.00927959,0.00798613,0.0126182,0.000454406,-0.000168116
0.0154125,0.0102417,0.0143582,0.0158685,0.00388959,0.00233834
0.0113604,0.00774503,0.00371821,0.00223504,0.00252418,0.000947342
0.0126073,0.00768234,0.00872422,0.00983076,0.0011128,0.00151009
0.00855681,0.00568428,0.00414749,0.00200617,-0.000192172,0.00012481
0.0162324,0.0116562,0.00561211,0.00538926,0.000861472,-0.000529168
0.00505886,0.003888,0.00163757,0.00713932,0.000874319,0.000740565
0.0114331,0.00774516,0.00507761,0.00741809,0.000190464,-0.000248572
0.0186855,0.0127434,0.00983163,0.0103562,0.00225971,0.00210599
0.0102965,0.00658541,0.0069777,0.0086762,0.00224491,0.00256706
0.0116867,0.00574113,0.00561741,0.00806488,0.000823559,0.00139164
0.00866144,0.00485377,0.00456977,0.00593464,-0.000281502,0.0012525
0.0219482,0.0151381,0.00862282,0.0110428,0.00210868,0.00324646
0.00872606,0.00609778,0.00304551,0.00569131,0.00175918,0.00149276
0.0185955,0.0124345,0.00628721,0.0120826,0.000922496,0.00127071
0.00906192,0.00433842,0.00485766,0.00361187,7.20455e-05,0.00131476
0.0133717,0.00624603,0.00672228,0.007884,0.000432479,0.000331068
0.0058509,0.00400351,0.00220323,0.000998534,0.000174107,0.000796077
0.00897367,0.00674716,0.00364317,0.00414927,0.000556346,-0.000809007
0.0138598,0.00776093,0.00787538,0.0041686,0.000624732,-0.00077306
0.02388,0.0159627,0.00885457,0.00629609,0.00178231,-2.1296e-05
0.0149348,0.00990078,0.00775947,0.0126198,0.00132694,0.002795
0.0101625,0.0075361,0.00322271,0.00490608,0.000609921,0.00198701
0.00972858,0.00555855,0.00498711,0.004615,0.000418105,-0.000273555
0.00889253,0.00555934,0.00360223,0.00408386,0.0010499,-8.97419e-05
0.0263211,0.0177001,0.00822392,0.00553984,0.00172485,0.000546116
0.00836964,0.00560671,0.00597642,0.00584096,0.00120904,0.000824262
0.0130221,0.00549668,0.00903128,0.00819737,0.00223717,0.0019083
0.0156316,0.00761994,0.0100697,0.0111243,0.00209914,0.00175659
0.008035,0.0056185,0.00283241,0.0115995,0.000962006,-0.000531067
0.0126927,0.00921665,0.00685319,0.00349448,0.000563081,0.000756595
0.0161782,0.0108388,0.00678007,0.00496152,0.00100228,-0.000326703
0.00690395,0.0042852,0.00296982,0.0104214,0.00103241,0.00172413
0.0169729,0.00717838,0.00775986,0.00720832,0.0022174,0.0024262
0.0182996,0.00898818,0.00806029,0.010081,0.00170035,0.000437866
0.00832343,0.00547818,0.00404323,0.00154202,0.00130408,0.000121515
0.0106128,0.00735303,0.00285196,0.00618395,0.0013869,-0.000376551
0.011651,0.00805638,0.00481524,0.0104255,0.00119713,0.000821983
0.00396839,0.00326455,0.00263526,0.00162016,0.000660148,8.42559e-05
0.0315918,0.0119608,0.0159594,0.0240456,0.00751938,0.00120976
0.0399263,0.0119218,0.0207159,0.0328588,0.00658961,0.00167654
0.0110555,0.00796366,0.00659187,0.00798755,0.00153302,0.000513118
0.00892789,0.00596031,0.00432601,0.00535521,0.000884921,0.00135422
0.0129114,0.00932397,0.00508499,0.00193437,0.000435104,0.000117583
0.0118943,0.00780389,0.00380475,0.00495838,0.000964504,0.00154792
0.00472288,0.00336096,0.0023212,0.00210823,-0.000111063,-0.000677037
0.0216834,0.0142669,0.0048568,0.00837794,0.00100072,-6.46722e-06
0.0108921,0.00607772,0.00460591,0.00638756,0.000453222,3.1885e-05
0.0205391,0.0139754,0.00757663,0.0162587,0.00180035,0.000924041
0.024707,0.0104228,0.00985844,0.0119934,0.00233146,-6.09498e-05
0.0249611,0.0104587,0.0096088,0.0091041,0.00156988,0.000243539
0.00680589,0.00406151,0.0048354,0.00623307,-0.000267979,-0.000664504
0.00869462,0.00635292,0.00399497,0.00105185,0.000251521,0.000734766
0.00419722,0.00312146,0.00127429,-0.000203764,3.4433e-05,-0.000349704
0.0187816,0.00762367,0.0155446,0.0214695,0.00393635,0.00223974
0.0340283,0.0105635,0.0218573,0.0235908,0.00447942,0.00290996
0.0165839,0.00616798,0.00818536,0.00711356,0.00011499,0.00138354
0.00958674,0.00669558,0.00422983,0.00423901,0.00037018,0.000119725
0.011569,0.00678156,0.00452018,0.00503188,0.000485741,-0.000554716
0.00769502,0.0055815,0.00337717,0.000346307,-0.000650894,0.00141112
0.00970657,0.00635992,0.00403015,0.00799279,0.00053635,-0.00061523
0.0152272,0.00994315,0.0109938,0.0156804,0.00361145,0.00169818
0.0150308,0.00863069,0.0141311,0.0176459,0.00304986,0.00394471
0.0139467,0.00855949,0.0127342,0.015151,0.00197771,0.00230518
0.00644952,0.00445926,0.00386893,0.00345105,0.000186999,-1.7309e-05
0.0062548,0.00466932,0.00436624,0.000702205,0.000457295,-0.000641502
0.00826003,0.00597936,0.00457337,0.00959354,0.00169704,0.000141195
0.00870819,0.0039641,0.00392296,0.00438427,0.00195536,0.000945532
0.0088095,0.00382605,0.00386778,0.00467429,0.00198038,0.000336884
0.0148585,0.0094037,0.00466997,0.00275431,0.00127886,0.00100727
0.0261625,0.0149713,0.0129865,0.0164427,0.00332771,0.0024154
0.017264,0.0120257,0.0114573,0.0117668,0.00219528,0.00138848
0.00894295,0.00608077,0.00346337,0.00179332,0.000457829,0.00143101
0.00701059,0.00471619,0.00421091,0.00585112,0.00124637,-0.000176381
0.00471139,0.00360375,0.00257793,0.00167999,-2.66816e-05,0.000669495
0.0117316,0.00701746,0.00838117,0.0110406,0.00269812,0.00788383
0.0158204,0.00903175,0.00996845,0.0153248,0.00358913,0.00793072
0.0491063,0.0222982,0.0263386,0.0393566,0.0079464,0.00373692
0.00766829,0.00351392,0.00340075,0.00285452,0.00108729,-0.000118781
0.00976991,0.00432821,0.008272,0.00454363,0.00178135,-0.000135832
0.00781111,0.00531345,0.00796556,0.0151194,0.00349748,0.00992644
0.0085685,0.00543745,0.00474424,0.00268266,0.000540759,0.000234215
0.0162451,0.0098599,0.00923573,0.00890296,0.00219532,-0.000201153
0.0140897,0.00775015,0.00848687,0.0155453,0.00303639,0.00284737
0.00729633,0.0049955,0.00894011,0.00984984,0.00222535,0.0025049
0.00600555,0.00452277,0.00388768,-0.0011123,-0.00044358,-0.000426053
0.00534415,0.0042936,0.00211519,0.00304435,0.000453264,0.00139245
0.0103347,0.00516474,0.00426832,0.00351022,0.000727109,0.000302213
0.010282,0.00511152,0.00431533,0.00458488,0.001115,0.00026961
0.0232982,0.015033,0.00948137,0.0125206,0.00342875,0.00141384
0.0119734,0.00496752,0.00559603,0.00632402,0.000532366,0.000652281
0.0191073,0.0112993,0.00795555,0.0100747,0.00250287,-0.000186991
0.0218141,0.0115686,0.0113735,0.00713144,0.00243566,-9.74667e-05
0.0207398,0.011548,0.0107578,0.00634979,0.00210255,0.000875582
0.0126077,0.00830321,0.00519367,0.00313004,0.000208163,0.000121833
0.00659158,0.00298095,0.00287248,-0.000842356,-0.00027844,-0.000202253
0.00815239,0.00616518,0.0041114,0.000942507,0.000523599,-0.000359942
0.00639912,0.00470065,0.00529119,0.00945187,0.00306162,0.00140608
0.0141851,0.00976077,0.00533282,0.00457719,5.34479e-05,0.000740773
0.0114542,0.00767169,0.00824599,0.00590604,0.00164014,0.000605319
0.00873799,0.00580064,0.00270096,0.00762674,0.00199286,0.00034728
0.00633154,0.00462355,0.00276964,0.00402292,0.000114823,-0.000756728
0.013297,0.00914001,0.00812889,0.00709571,0.00251739,0.000833854
0.00825783,0.0055936,0.00427483,0.00941238,0.00314228,0.00824217
0.0180715,0.0114154,0.00961366,0.00886483,0.00251553,0.00165401
0.00768448,0.00553706,0.00214558,0.00364118,0.000483703,0.00151985
0.0132052,0.00895767,0.00451142,0.00499934,0.00114942,4.68937e-05
0.00809316,0.00543491,0.00507925,0.00611534,0.00023334,0.000936761
0.00731702,0.00511032,0.00255663,0.0059735,0.000748994,0.00142884
0.00851107,0.00619681,0.00335949,0.00473508,0.000570325,-0.000647235
0.0144665,0.0102368,0.00631091,0.0088396,0.00084574,0.00144348
0.010226,0.0067191,0.00397332,0.00631586,-0.000112268,-0.000495628
0.0143944,0.00810683,0.0132403,0.0190594,0.00638574,0.00179215
0.0186366,0.010603,0.0178959,0.0250199,0.00568624,0.00180848
0.00833086,0.00598674,0.00390499,0.00273029,0.00122735,-5.15306e-05
0.0204763,0.0140112,0.0076132,0.00699277,0.00145886,0.0016668
0.00663721,0.00485918,0.00247058,0.00437246,0.000401809,0.00116982
0.00469194,0.00335618,0.00361912,0.00300851,0.00155153,0.000667698
0.0065334,0.00448901,0.00307893,-0.000361482,0.000547306,0.00109788
0.00785418,0.00336974,0.00395415,0.00022661,0.00130804,0.00204331
0.00857607,0.00361426,0.00441443,7.71311e-05,0.000486669,0.00130098
0.0337338,0.0226109,0.0226438,0.0302847,0.00514166,0.00252955
0.00556239,0.00440491,0.00319092,0.00875922,4.78276e-05,-0.000286131
0.00504869,0.00391939,0.00147178,0.00269369,0.00063742,0.00027164
0.0178873,0.00651702,0.00753836,0.0145862,0.00109991,0.00141858
0.012996,0.00537201,0.00547745,0.006318,0.000675238,0.00069963
0.0120957,0.00830187,0.00728982,0.00782303,0.00097187,0.00201711
0.0112747,0.00799024,0.00460296,0.00472418,0.000830655,0.000295128
0.00883865,0.0063055,0.0045979,0.00506982,0.000969054,0.000258612
0.0183687,0.00734782,0.00794971,0.00781948,0.00108339,0.00186457
0.0174456,0.00744512,0.00709704,0.00779482,0.000739431,0.00100041
0.00665898,0.00521842,0.0085496,0.0111963,0.00236703,0.00167467
0.0152473,0.00994682,0.0122911,0.00845277,0.00319108,0.00040443
0.0110525,0.0063716,0.00515401,0.00800265,0.00208029,0.00110935
0.0154965,0.00643306,0.00603223,0.00539421,0.0016763,0.000191451
0.0142149,0.00634426,0.00576101,0.00616171,0.000478926,0.000363368
0.0098513,0.00403786,0.00561185,0.0073982,0.0015381,0.000949944
0.0222802,0.0137571,0.0071126,0.0099129,0.000336333,0.000515638
0.0122044,0.00828711,0.00758121,0.00526783,0.00161754,0.00102631
0.0233792,0.0157899,0.00739205,0.0168543,0.0043292,0.0114009
0.014586,0.00745472,0.00761751,0.0133629,0.00280504,0.00224792
0.0194868,0.0134289,0.00767212,0.00724452,0.00126359,0.000718483
0.00505568,0.00355368,0.00308734,0.00411236,-0.00104448,-0.000916688
0.00637076,0.00461453,0.00457137,-0.000627896,0.000589648,0.00066857
0.010817,0.00738668,0.00478012,0.00434889,0.000298461,-0.000596207
0.0111618,0.0075145,0.00475123,0.00633751,0.00101444,0.00123476
0.0046027,0.00349634,0.00219666,0.00236037,0.000193021,0.00118304
0.0184376,0.0126462,0.00737908,0.00984302,0.0028802,0.00203663
0.00516423,0.0037648,0.00167544,0.00595239,0.000347852,-6.84195e-05
0.0259608,0.0176774,0.00931355,0.0126334,0.00173412,0.000477618
0.00638299,0.00472591,0.00333309,0.00277045,0.000213206,0.000255675
0.00449418,0.00370937,0.00213086,0.0055661,0.00156765,0.00709121
0.012158,0.00748172,0.00394537,0.00280479,0.000551647,0.000992323
0.014751,0.00878331,0.00496057,0.00286512,0.00103799,0.000181485
0.00865789,0.00606288,0.00389143,0.0045746,0.000693042,0.000331274
0.00864579,0.00611906,0.00388569,0.0122899,0.00073619,0.00119846
0.00679742,0.00484592,0.00335792,0.00507954,0.000368614,0.000751285
0.0172228,0.0119357,0.00608143,0.00895574,0.000966267,0.00122983
0.00663272,0.00468205,0.00321765,0.00239407,0.000210521,0.000546636
0.00560098,0.00388088,0.00313012,0.00315555,0.000171523,0.000187808
0.00966164,0.00624348,0.00376175,0.00635808,0.00139552,0.00120078
0.0133762,0.00887867,0.00572284,0.00377529,0.00132328,9.35195e-05
0.011873,0.00862214,0.00756467,0.00756273,0.00192495,0.000503271
0.00532507,0.00380234,0.00245553,0.00133617,0.000205975,0.000819977
0.00580828,0.00388086,0.00523937,0.00794576,0.00108569,0.00166486
0.0174657,0.0125603,0.00410798,0.00510746,0.000802269,-0.0010381
0.00549184,0.00384516,0.00336104,0.00207908,0.000180609,0.00134389
0.0134662,0.0061889,0.00820187,0.00855222,0.00253799,0.000849589
0.0131544,0.00628601,0.00837309,0.00895146,0.00234465,0.00118977
0.00765365,0.00518844,0.00369399,0.00466948,-0.000106932,0.000898616
0.00533558,0.00403786,0.00244015,0.00148821,0.0012238,0.000434583
0.0106356,0.00732395,0.0058952,0.00357808,0.00113817,-0.000552304
0.0158597,0.00914567,0.00521144,0.0122995,0.00180494,0.000235802
0.0175913,0.0101618,0.00589942,0.00449659,0.00108691,2.60658e-05
0.0075168,0.0056693,0.00369317,0.00806046,0.00216397,0.00430689
0.00645647,0.00473336,0.00326195,0.00369524,0.00123507,9.01654e-05
0.0137378,0.00930137,0.00315698,0.00686556,0.00257973,0.00225299
0.0169487,0.00818511,0.0067548,0.00915127,0.00120979,0.00118081
0.00718435,0.00514353,0.0023855,0.00622417,-6.55158e-05,0.000295901
0.00915861,0.00607641,0.00308691,0.00415694,0.00122766,8.92213e-05
0.0129124,0.00855176,0.0063653,0.00685639,0.00120381,0.000701181
0.00723527,0.00492704,0.00408432,0.00216832,0.00052912,0.00165959
0.00828798,0.0060293,0.00249262,0.00298245,0.000950282,0.000238011
0.0114358,0.00790548,0.0059206,0.00473215,0.00130489,0.00157835
0.0185968,0.0105301,0.00971684,0.00598373,0.000758119,0.00392035
0.0158459,0.0098269,0.00800711,0.0059164,0.0023333,0.00177735
0.0103732,0.00530257,0.00687981,0.0100808,0.00237567,0.0018148
0.0110628,0.00544872,0.0074696,0.0108471,0.00253596,0.00215903
0.0256292,0.0105284,0.0129797,0.0112352,0.00229678,0.00204921
0.0293451,0.0104945,0.0144217,0.0108168,0.00212648,0.00155779
0.0124515,0.00653989,0.00738837,0.0057636,0.00159521,0.00122884
0.0204466,0.00947614,0.0111675,0.0133037,0.00262622,0.00155873
0.0111555,0.00802305,0.0068375,0.00984708,0.00113892,0.000584844
0.00764594,0.00529084,0.00410358,0.00129537,0.00123021,0.000474933
0.00774247,0.00555043,0.00394902,0.0018382,-0.000982393,-0.000460684
0.0131724,0.00738148,0.00941084,0.00823618,0.00253804,0.00152723
0.00855922,0.00613959,0.00365788,0.00441555,0.00117734,0.00160077
0.0105723,0.00725431,0.0042712,0.00497468,0.00101162,0.000438181
0.0203591,0.00834248,0.00687154,0.00948938,0.00354582,0.00123011
0.0185898,0.00828758,0.0063026,0.00323996,0.00223672,0.000213275
0.0100902,0.00487938,0.007919,0.00740793,0.00181701,1.80978e-05
0.0100888,0.00511897,0.0106841,0.00871094,0.00138858,0.0010678
0.0166861,0.0066495,0.0204472,0.0198738,0.00383392,0.00441516
0.0130777,0.0068672,0.00828439,0.00183105,0.000950924,0.000141551
0.00610638,0.00460987,0.00214005,0.00207433,-0.000184105,0.000743916
0.0112284,0.00798381,0.00627903,0.00643559,0.00210802,0.00196956
0.030148,0.0139031,0.0123603,0.0322782,0.011124,0.0143082
0.0461162,0.0252225,0.0174649,0.0447592,0.0133847,0.0226767
0.0106043,0.00767248,0.00513642,0.00560067,0.00153341,-1.77247e-05
0.0131522,0.00884798,0.0224762,0.0301448,0.00655075,0.00152411
0.00733226,0.00304023,0.00407417,0.00619092,0.000673534,0.00133035
0.018729,0.0127834,0.00697708,0.0117527,0.00220045,0.000679658
0.00870638,0.0064637,0.00377229,0.00539234,0.000774248,0.00178314
0.0195128,0.01302,0.0251584,0.0295325,0.00544961,0.00322119
0.00988365,0.00707099,0.00460554,0.000565875,-0.000646627,-0.00150227
0.00933017,0.00672972,0.00420711,0.00409454,0.00210267,-0.000326669
0.00413279,0.00329582,0.00256177,0.00183071,-4.23371e-05,-0.000670822
0.00867659,0.00585107,0.00528286,-0.00103819,0.000870241,0.00144149
0.00558466,0.00402068,0.0018817,0.00231455,0.00115107,-0.000317207
0.0112566,0.00633873,0.00401208,0.0012853,0.00028278,0.00139039
0.0127513,0.00750925,0.00622326,0.00520439,0.00153617,-0.00015548
0.0054863,0.0037457,0.00139753,0.00284356,-0.000335768,-0.000390779
0.0112782,0.00792579,0.00426875,0.00500897,0.00116719,-0.00021698
0.0122182,0.00855421,0.00281496,0.0133662,0.00425084,0.00813828
0.0179162,0.0119221,0.00874524,0.0186148,0.00282522,0.000699579
0.0130166,0.00924202,0.00441243,0.00642095,0.00214513,0.00133342
0.00445351,0.00308931,0.00219508,0.00560543,-0.000201102,-0.00108586
0.00785537,0.00558602,0.00220314,0.00545975,0.000735498,0.00173186
0.0200597,0.0140926,0.0123067,0.0129846,0.00307124,0.00381775
0.0110399,0.00785631,0.00571481,0.00868053,0.00219048,0.00033227
0.00650594,0.00486192,0.00273873,0.0028472,0.000532955,0.00121233
0.0137704,0.00713411,0.00867199,0.00883798,0.00140294,-0.000397497
0.0105155,0.00728692,0.0109692,0.0102252,0.00158156,0.00231925
0.00978058,0.00654726,0.00379032,0.00713004,0.000315136,-6.89575e-05
0.00936289,0.00676855,0.00402274,0.00605443,0.000815055,0.000941803
0.0193124,0.0101886,0.0108631,0.0108456,0.000465225,0.00131235
0.0114255,0.00774533,0.0053672,0.00540778,0.00157588,0.000230059
0.00446511,0.00318887,0.0027222,0.0050262,0.000553887,0.000823578
0.0171405,0.0115425,0.00741084,0.00605738,0.00163087,0.00163341
0.0127305,0.00822888,0.00512194,0.00425785,0.000364747,0.00170199
0.00820186,0.00572321,0.00471622,0.00259474,-0.000344765,0.000242904
0.00655316,0.00448826,0.00268398,0.00267811,0.000430578,0.00221845
0.0159441,0.00943817,0.0190665,0.0176802,0.00340728,0.00408593
0.00862006,0.00595511,0.00326779,0.00676527,0.00158026,0.000993693
0.0174983,0.0108155,0.0124499,0.0164875,0.00407245,0.00227091
0.0145799,0.00878099,0.00812666,0.00969679,0.00207195,0.00122295
0.0160999,0.00627009,0.00931495,0.00642997,0.00205051,0.00103847
0.0188184,0.00948431,0.0137274,0.00864104,0.00316413,0.00240006
0.00541716,0.00333375,0.00432258,0.00489584,0.00120915,0.000458733
0.0058743,0.00452362,0.00220224,-0.00159016,0.000244124,0.000884003
0.00827784,0.00616231,0.00300611,0.000700354,0.00140825,-0.000346343
0.00984608,0.00694482,0.00525833,0.00637254,0.000311615,0.00112382
0.00744869,0.00545601,0.00338666,-0.000289559,-0.000503691,0.000620419
0.00626182,0.00446909,0.00458948,0.00458345,0.00103249,0.000290616
0.0211996,0.0114644,0.00686668,0.0109844,0.00139749,0.00183284
0.00939335,0.00613877,0.00850381,0.00500476,0.00215042,0.00142498
0.0120086,0.00804304,0.00639127,0.00627261,0.00137672,0.000815342
0.00621104,0.00423083,0.00281425,0.00193312,0.000343694,4.16201e-05
0.0154049,0.0105043,0.00436871,0.00626558,0.00128596,0.000786036
0.00909532,0.00626466,0.00595639,0.00597765,0.00126043,0.000924257
0.00804903,0.00570213,0.00340097,0.00512935,0.000231561,0.000820891
0.0116626,0.00797858,0.0027674,0.00152009,0.000741442,0.00068294
0.0122389,0.00625359,0.0076905,0.00486853,0.000430849,0.00110113
0.0180827,0.0125514,0.00840487,0.00219736,0.000487017,0.00232983
0.00473668,0.00337958,0.00289209,0.00147731,-0.000133769,-0.00102614
0.0175947,0.0120445,0.00523228,0.0160448,0.00432572,0.0109084
0.019158,0.0128844,0.00486104,0.00374789,-0.000231854,-0.0019988
0.0141602,0.00965597,0.00384829,0.00671417,0.00160108,0.000206706
0.0125761,0.00583976,0.00681071,0.00691005,0.00117556,0.000378417
0.014032,0.00705244,0.00754278,0.00736724,0.00105512,0.00119394
0.0180907,0.00584762,0.0106295,0.0158149,0.00215335,0.00135827
0.0134111,0.00705381,0.00612947,0.00925964,0.00168012,-1.44412e-06
0.0124748,0.00862605,0.00575123,0.00989019,0.00162363,0.0012524
0.0113647,0.0061963,0.00541058,0.0024244,0.00091898,0.000577935
0.0062549,0.00471338,0.00155734,0.00192702,0.0010765,-0.000106208
0.0257312,0.0097507,0.0103778,0.010455,0.00150508,-0.000720271
0.0258764,0.00966788,0.0101288,0.00905623,0.00219086,-0.00102661
0.00639036,0.00464733,0.00341728,0.00184271,0.000767344,0.000560011
0.00832549,0.00434912,0.00255641,0.00438729,0.000794591,0.000947435
0.0091975,0.00396906,0.00326414,0.000562321,0.000746985,0.00110662
0.00927424,0.00502734,0.00408287,0.00289342,0.00149288,-9.07453e-06
0.0137659,0.00736769,0.00607268,0.003352,0.000699646,-0.00190087
0.012262,0.00485028,0.0049,0.00949254,0.00173355,-0.000507655
0.0151704,0.00791722,0.00520646,0.0106514,0.000827617,-2.9852e-05
0.00634352,0.00464532,0.00355766,0.00255685,-0.000802901,-0.000311777
0.00659479,0.00492288,0.005271,0.00643803,0.00053011,0.000415255
0.0139118,0.00594028,0.0099803,0.0130459,0.0020139,0.00203295
0.00434265,0.00328837,0.00943359,0.015523,0.0034938,0.00139732
0.00652052,0.0046883,0.00278578,0.000761123,-0.000334144,-0.000412179
0.00946818,0.00674928,0.00591328,0.00475443,0.00099637,0.000937615
0.01032,0.00634445,0.00372621,0.00389542,0.00158892,0.000477855
0.00873135,0.0048867,0.0037991,0.000991419,0.00123396,0.000163564
0.0115858,0.00811293,0.00540343,0.00220761,0.00174363,-0.000137136
0.0106083,0.00766243,0.00298034,0.00174615,0.00112756,-0.00062217
0.0116749,0.00805511,0.00490348,0.00317624,0.000594873,0.000318168
0.0100986,0.00538457,0.00605883,0.005643,0.0017709,0.000368897
0.00724203,0.00526791,0.00366076,0.00137881,0.00194323,0.00193212
0.0180286,0.00696601,0.00727358,0.00942051,0.0029275,0.000715374
0.0180298,0.00697013,0.00723255,0.00806967,0.00286068,0.000610367
0.0186576,0.0123213,0.00982812,0.0147713,0.00129973,0.00155591
0.0115555,0.00708759,0.00542304,0.00751957,4.19049e-05,0.00108582
0.00777934,0.00514644,0.00383491,0.00723763,0.000156339,0.000441617
0.00723575,0.00425962,0.00438552,0.00240854,0.00060531,0.00181914
0.00908389,0.00382907,0.00230884,0.00266857,0.000770782,0.000528032
0.0128806,0.0092814,0.00453212,0.00433945,-0.000228126,0.000746073
0.0124944,0.0084948,0.00687634,0.00904551,0.00144915,-0.000199603
0.00752205,0.00411136,0.00319796,0.00165665,8.8518e-05,0.000385343
0.0179741,0.00903488,0.0099935,0.0128738,0.00417805,0.0021577
0.0107348,0.00739388,0.0052403,0.00417453,0.00112819,-0.000180151
0.0111792,0.00798834,0.00366581,0.00500098,0.00134695,0.00136621
0.021403,0.011869,0.0130817,0.0147014,0.00328754,0.00221709
0.0250471,0.0120069,0.0149888,0.0139791,0.00377505,0.00101867
0.010656,0.00415471,0.0072754,0.00841156,0.00304914,-0.000499795
0.00781477,0.00408515,0.00382512,0.00287807,0.000687478,0.000870523
0.0267188,0.0109675,0.0117947,0.0148771,0.00340528,0.00220073
0.017977,0.00941949,0.00882571,0.00882299,0.00152272,0.00158604
0.0180511,0.0109924,0.00916879,0.00963887,0.00144016,-0.0012967
0.00782944,0.00311161,0.00430574,0.00316663,0.000124748,0.00051246
0.00856287,0.00621182,0.00295753,0.00483949,-0.000377572,0.000546066
0.0107891,0.00761035,0.00365137,0.00730426,0.000322786,0.00104795
0.00833374,0.0062676,0.00431919,0.00400178,0.000445903,-0.00028639
0.00412211,0.0031486,0.00133279,-0.00144953,0.000417587,0.000446179
0.00668101,0.00495566,0.003095,0.00422554,0.00089773,0.000329822
0.0113091,0.0065082,0.00615426,0.00185259,3.56342e-05,-0.000954593
0.025656,0.0100088,0.0119015,0.0168093,0.00441849,0.00256199
0.0330249,0.0101346,0.0163529,0.0244397,0.00548089,0.00319319
0.0210594,0.00924292,0.0108087,0.0129843,0.00290406,0.00273798
0.0086167,0.00598752,0.00637103,0.00185209,0.00102751,-0.000365505
0.010008,0.00645819,0.00476203,0.00303457,0.000250889,-0.000166148
0.0068246,0.00413498,0.00209563,0.0210813,0.00897657,0.0212958
0.0200892,0.0107038,0.00824339,0.0118802,0.000323558,0.00115911
0.0192979,0.0108077,0.00780549,0.01224,0.000154316,0.000221449
0.0228512,0.0120676,0.0130454,0.0141244,0.00199279,0.00140092
0.0254726,0.0119646,0.0140454,0.0167436,0.00221649,0.00192103
0.00912919,0.00529603,0.00506653,0.0057494,8.10027e-05,-6.66298e-05
0.00580012,0.00430249,0.00323573,0.00512324,0.000471085,-0.000435033
0.0109674,0.00758054,0.0043154,0.00674539,0.000605063,-0.001009
0.0106251,0.00565429,0.00516932,0.00718087,0.0016277,0.00038072
0.0167713,0.00808855,0.0084778,0.0120803,0.00143451,-0.000356422
0.00658613,0.00479159,0.00322862,-3.13697e-05,0.000217713,0.00111829
0.00701452,0.00522552,0.00463852,0.00529354,0.000957376,-0.000646486
0.0128739,0.00900429,0.00506031,0.00659372,-0.000109021,-0.000382469
0.00808368,0.00584873,0.00331266,0.00227217,-7.73331e-05,0.000924977
0.0103361,0.00734899,0.00298789,0.00245423,0.000691806,0.000705318
0.0134444,0.00500047,0.0138646,0.0207278,0.00532325,0.0023528
0.0136647,0.00498249,0.0142282,0.0194106,0.00496658,0.00211887
0.0161791,0.0115718,0.00879713,0.0115367,0.00183013,0.0011598
0.0105254,0.00727206,0.0035427,0.00757328,0.000161599,0.000319977
0.0148248,0.00985712,0.00596996,0.00477087,0.00165819,0.000717321
0.0173495,0.0101915,0.00604556,0.00750997,0.00108489,0.000951901
0.0102975,0.00654648,0.00439502,0.00255068,0.00114748,0.000860387
0.00955304,0.00413425,0.0041476,0.00208242,0.00164918,2.74818e-05
0.0106841,0.00715443,0.00460091,0.00307524,0.000415846,0.000544467
0.0101519,0.00682833,0.00808199,0.00731613,0.00186869,0.00251397
0.0106397,0.00727479,0.00602126,0.0133074,0.00215294,0.000225262
0.0272829,0.0155153,0.0180622,0.0233014,0.00516482,0.00263172
0.00475349,0.003405,0.00219484,0.00347993,0.000899587,-0.00115273
0.0151431,0.00964858,0.00638084,0.0111345,0.00164297,0.00101542
0.0122323,0.00600859,0.00526862,0.00722577,0.00132294,-0.000584151
0.00691905,0.00495334,0.00177562,0.0068909,0.000342436,-0.000148932
0.00655032,0.00485459,0.0036712,0.00361258,0.00047278,0.000203629
0.0100637,0.00318571,0.00607646,0.00845037,0.00268363,-0.00121167
0.0116921,0.00781432,0.0048072,0.00537673,0.00223077,0.0002879
0.0124336,0.00861329,0.00336284,0.00285943,0.000736795,0.0014593
0.0038496,0.00308697,0.00276683,-0.00108791,0.000442005,0.00034934
0.0256611,0.0131695,0.0131151,0.0150592,0.00184288,0.000965443
0.015136,0.0100281,0.00551431,0.00662752,0.000510382,0.000438694
0.0172943,0.00935827,0.005395,0.00617919,0.000545397,0.00122847
0.0139888,0.00608047,0.00425795,0.00438737,0.000529555,0.00101667
0.0207695,0.0109783,0.0115161,0.0102308,0.00269051,0.00102708
0.0064479,0.00493774,0.0042563,0.00418212,0.000552716,0.00133233
0.00921276,0.00646634,0.00489717,0.00638278,0.000521263,0.00139674
0.0246463,0.0162828,0.0136637,0.0215976,0.0039083,0.0024616
0.00739538,0.0054802,0.00784652,0.0218182,0.00457156,0.0140437
0.0150804,0.00746225,0.00838029,0.0126987,0.00196139,0.00148538
0.0153557,0.00743409,0.00866618,0.010246,0.00202697,0.000706074
0.00410439,0.00308864,0.00178616,0.00614869,0.00104249,-0.000368538
0.0117489,0.00738415,0.00741321,0.00453404,0.000831072,0.000990881
0.0125024,0.00457174,0.0058997,0.0048786,0.000881199,0.00130501
0.0241662,0.0121219,0.0119194,0.0112039,0.00175244,0.00248705
0.0122573,0.00492794,0.00649824,0.0149014,0.00312172,0.00576625
0.0177949,0.0102401,0.0108876,0.0174371,0.00384178,0.00693958
0.0103319,0.00708455,0.00370179,0.00159807,0.00216668,0.00365952
0.00653292,0.00472095,0.00130036,0.00123552,0.00225119,0.00480783
0.0223058,0.0125405,0.016935,0.018396,0.00430033,0.00175438
0.00546205,0.00403546,0.00237489,0.00195851,2.29446e-05,0.000732867
0.0115382,0.00833513,0.00370153,0.00309591,0.00062467,-0.000228881
0.00813425,0.00351076,0.00392403,0.00394373,0.000420681,-0.000189958
0.00834288,0.00331985,0.00433442,0.00363464,0.00065557,0.00107055
0.020314,0.0102808,0.00865007,0.0124594,0.00174028,0.000424128
0.0234119,0.0103983,0.00965966,0.0111385,0.00128155,-8.03223e-06
0.0128801,0.00726465,0.00568694,0.0079279,0.00199375,0.00125958
0.0196032,0.0123967,0.00763143,0.00616405,0.00203021,0.000714261
0.00401809,0.00305947,0.00220497,0.00259086,0.000521348,0.000196896
0.00759659,0.00535376,0.00339186,0.00346349,-0.000482994,-0.000357319
0.0119579,0.00778176,0.0045749,0.00393928,-0.000119029,0.000963124
0.00687651,0.0046296,0.00317348,0.00331885,0.000847784,-0.000118811
0.0109304,0.00747522,0.00633967,0.0109103,0.00225454,0.00192414
0.00777598,0.00571729,0.00502945,0.00837534,9.49501e-05,0.00157162
0.00598443,0.0041747,0.00234575,0.00368307,-0.000810158,-0.000525912
0.00684608,0.00490053,0.00187207,-0.000376331,0.00111269,0.000734153
0.00908704,0.00400328,0.00540791,0.00529666,0.000525199,0.000104102
0.0134906,0.0090927,0.00374331,0.00362235,0.000980735,0.000619029
0.00994041,0.00716176,0.00291033,-0.00239991,0.000504448,2.0764e-05
0.00751133,0.00336014,0.00626663,0.0062611,0.00147245,0.000181543
0.0134801,0.00565378,0.0106533,0.00636407,0.00234516,0.000999769
0.0126216,0.00853402,0.00409517,0.00299913,0.00085841,-0.000380091
0.0188635,0.0121057,0.0093002,0.0110063,0.00151696,0.000985113
0.00544554,0.0044547,0.00690175,-7.68021e-05,0.00110891,0.00101707
0.0109709,0.00763577,0.00770727,0.00694112,0.000613619,-0.000430129
0.00439091,0.00331008,0.00242047,0.00183991,0.000279034,0.000240828
0.00676095,0.00465693,0.00424003,-0.000745173,0.0015466,-0.00130488
0.0191943,0.0133563,0.00580926,0.0115938,0.00119871,-0.000173958
0.0132006,0.00907954,0.00504865,0.0073766,0.000926899,0.00144198
0.0310379,0.0114593,0.0128803,0.010122,0.00128647,0.00236767
0.0351615,0.00989552,0.0146001,0.0115939,0.00239957,0.00200653
0.0246455,0.0101986,0.00967582,0.00878865,0.00160742,0.00101286
0.0128594,0.00882368,0.00530282,0.00637936,0.00152257,0.00202816
0.00566798,0.0042997,0.00349721,0.000261268,0.000357522,0.000289854
0.0103354,0.00396507,0.00505844,0.00801351,0.000908683,0.000353129
0.0113726,0.00514291,0.00529165,0.00869749,0.00030564,-0.00091793
0.018617,0.0105356,0.011933,0.0139788,0.00389105,0.00362971
0.0149066,0.0079153,0.00731154,0.0168967,0.00585806,0.00951888
0.00436539,0.00325852,0.00388974,0.00464922,-0.00111499,-0.000656493
0.0117945,0.00832535,0.00580965,0.0063318,0.000820696,-0.000838232
0.00733698,0.00516508,0.00308389,0.000308302,-0.00117618,-0.00147719
0.00788428,0.00451235,0.00380344,0.00718915,0.000649516,0.000560836
0.00938483,0.00452969,0.00464943,0.00674602,0.00119952,0.000349552
0.0145153,0.00690491,0.0155972,0.0258173,0.00747154,0.00393783
0.014625,0.0066838,0.020244,0.0291771,0.00591889,0.00500029
0.00717927,0.00518476,0.0033678,0.000554067,0.000977182,-0.000714351
0.00798493,0.00524681,0.00349106,0.00420876,0.0016537,0.00129797
0.0230184,0.0119784,0.011496,0.0128714,0.00299276,0.00282869
0.0170885,0.00811329,0.0100075,0.0138958,0.00188266,0.000226215
0.0113596,0.00465096,0.00473857,0.0172848,0.00444073,0.00670551
0.0114312,0.00508843,0.00434765,0.0135142,0.00268213,0.00404908
0.0122459,0.00832368,0.00549025,-0.000670706,-9.50828e-05,0.000323328
0.0162877,0.00803106,0.00797009,0.00500313,0.00130695,0.000509245
0.00963435,0.00662037,0.00435013,0.00463783,0.00201753,0.00108149
0.0054339,0.00369647,0.00289837,0.00378121,0.00142106,0.0009667
0.0084351,0.004129,0.00805517,0.00833952,0.00302596,0.00148496
0.0131362,0.00773034,0.00694274,0.00787218,0.00262067,0.000240421
0.00925836,0.0054391,0.00548548,0.00683781,0.00326333,0.00777635
0.0376159,0.0223068,0.0148901,0.0227962,0.00447299,0.00126437
0.0197872,0.010603,0.00612174,0.0109516,0.00119642,-0.00030979
0.007412,0.00561828,0.00463877,0.00452513,0.00117636,-0.000470801
0.0116995,0.00660654,0.00541754,0.00685852,0.00113788,0.000871146
0.011131,0.0056661,0.00452912,0.00366361,0.000481897,0.000457212
0.0106943,0.00684802,0.00340782,0.00719648,0.000401601,0.00083983
0.00528795,0.00386288,0.00269893,0.00644961,0.000759329,0.000155033
0.00869113,0.00644256,0.00483532,0.00384444,0.00118166,0.00107068
0.0206685,0.0133125,0.00904428,0.0223289,0.00482884,0.00894534
0.0159544,0.0110193,0.00713182,0.00790404,0.00180216,0.00131613
0.00917836,0.00612242,0.00416958,0.00636245,0.00141628,0.000663434
0.00559508,0.00383819,0.00313436,0.00426033,0.000462845,0.00160077
0.00578456,0.00415603,0.0050517,0.0041658,0.000113655,0.000144298
0.018197,0.0129874,0.00676638,0.00997193,0.00426401,0.00706102
0.0144615,0.010123,0.00519613,0.00836018,0.00228716,0.00119341
0.0136791,0.00689589,0.00609421,0.0102245,0.000747987,0.00302046
0.00795609,0.00351596,0.00738379,0.00987121,0.00162117,0.00108596
0.00821279,0.00443623,0.00820162,0.00932827,0.00133112,0.00135635
0.0085964,0.00624289,0.00493919,0.00670348,0.0016987,0.000416482
0.0112741,0.00569,0.0096498,0.011354,0.0016239,0.00188086
0.0130877,0.0063233,0.0116094,0.0126002,0.00252678,0.00250875
0.00697608,0.00487521,0.00313799,0.0104426,0.000834147,0.00137793
0.0116935,0.00742923,0.00860121,0.0032461,0.00123663,0.00163015
0.0080531,0.00540636,0.00506574,0.00443064,0.000337392,0.00262103
0.0196284,0.0133155,0.00813488,0.0103903,0.00268595,0.00148825
0.0096634,0.00676361,0.00283747,0.00342984,0.000225148,-0.000920194
0.00973591,0.00465136,0.00457474,0.00130516,0.00174044,-5.24508e-05
0.0042992,0.00311815,0.00258194,0.00371811,0.00096043,0.00133117
0.0261082,0.017403,0.00810629,0.00801135,0.00228867,0.000990092
0.010055,0.00468348,0.00616749,0.0115088,0.00143158,0.00152184
0.0240487,0.015065,0.012044,0.0139354,0.00296042,0.00164681
0.0147498,0.00944511,0.00708524,0.00828391,0.00215228,0.00161293
0.0133169,0.00928127,0.00616983,0.00789694,0.00120864,0.000831738
0.0107868,0.00658423,0.00567059,0.00779094,0.00199985,0.000253081
0.0062158,0.00364164,0.00263218,0.00105049,0.000408628,0.000172184
0.0277568,0.0138842,0.0134301,0.0116325,0.00342033,0.0701085
0.0241574,0.0137009,0.011477,0.00830503,0.00242509,0.0594888
0.00475321,0.00355219,0.00287023,0.00078444,0.000372917,2.3225e-05
0.00834745,0.00582623,0.0038338,0.00318536,0.000545239,0.00182556
0.0138719,0.00960657,0.00551381,0.00306617,0.00166037,0.0016543
0.0145836,0.00987784,0.00431333,0.0058971,0.00138701,0.000159777
0.0139935,0.00954831,0.00638092,0.00929253,0.00102331,0.000716224
0.0240516,0.0112895,0.0109066,0.00977152,0.00254862,0.00114641
0.0236842,0.0105014,0.0128439,0.00865593,0.00296337,0.000726877
0.0188036,0.00733868,0.0124994,0.00807246,0.00217313,0.00303194
0.0216486,0.0101362,0.0103967,0.00832762,0.00176548,0.00151029
0.0243161,0.00766421,0.0141762,0.0151,0.00331988,0.00109787
0.0338106,0.0142357,0.0214335,0.0179551,0.00443758,0.00146821
0.0119727,0.00793615,0.00347563,0.00443571,0.000666236,-0.000269981
0.00465148,0.00363162,0.00199634,0.0013603,-0.000680741,-0.000492841
0.012823,0.00900483,0.00393822,0.0040141,0.00198017,0.000209834
0.0116162,0.00817533,0.00556864,0.00643692,0.00115003,-0.000633441
0.0162747,0.00962904,0.00812738,0.00603726,0.00136746,0.000795309
0.0150164,0.00747043,0.00807429,0.00654824,0.000862151,0.000555574
0.00528537,0.00384658,0.00257566,0.0019534,-0.000855637,0.000124594
0.00392517,0.00299023,0.00222962,0.00477941,0.000182954,-0.00126612
0.00910412,0.00657262,0.00272158,0.00348447,-0.00031008,-0.000333002
0.00473397,0.00347525,0.00330178,0.00494688,0.000568367,0.000572384
0.0281538,0.0175916,0.0179533,0.0177324,0.00278128,0.00230254
0.0155781,0.00737161,0.00613593,0.0064237,0.00058149,0.00124119
0.0231461,0.013808,0.00767516,0.0130421,0.001247,0.00154112
0.00768022,0.00541922,0.00408101,-0.00196373,0.00134195,-0.00054864
0.0103741,0.00724919,0.00380693,0.00307076,-0.000544663,0.000527209
0.00585065,0.00415876,0.00575676,0.00802255,0.000819452,0.000295692
0.00878896,0.00450799,0.00583965,-0.0012627,-0.000131787,0.00091168
0.00748046,0.00541582,0.00234243,0.00117544,0.000661408,-0.000560395
0.00532459,0.00390625,0.00266211,0.000472414,0.00052177,0.000842721
0.00703207,0.0052114,0.00742779,0.0165953,0.00412136,0.00745127
0.00935795,0.00672887,0.0049472,0.00639981,-0.000242551,-0.000270003
0.0120347,0.00848856,0.00489647,0.00600584,0.00197688,-0.000770894
0.00466894,0.00342417,0.00201359,0.0040731,0.00110782,0.00150797
0.00989644,0.00691219,0.00756507,0.0129303,0.00244133,0.00117679
0.00626177,0.00488311,0.00414611,-0.00146094,8.86463e-05,0.00187913
0.0213569,0.0145152,0.00758216,0.0158373,0.00197037,-0.00128624
0.010024,0.00703252,0.00522116,0.00497113,0.00152446,1.24437e-05
0.0111265,0.0074771,0.00658369,0.00561413,0.000204174,0.000405838
0.00677118,0.00497611,0.00315886,0.0041242,0.0022539,0.00594315
0.00909232,0.00620981,0.0028116,0.00214099,0.0012517,0.000120842
0.0151111,0.0102583,0.00589863,0.0101472,0.00139978,0.0020099
0.0123566,0.00856495,0.00733452,0.00797058,0.00188533,0.00207189
0.0159816,0.0101092,0.00781489,0.0116229,0.00329673,0.00261908
0.0121199,0.00807588,0.00501659,0.00809637,0.0025094,0.000372238
0.00648747,0.00296973,0.00354055,0.0055449,0.0002048,-0.000398789
0.0109745,0.00545943,0.00592898,0.00526911,0.00169978,-0.000331221
0.00623475,0.00450415,0.00218918,0.00108975,0.000130539,0.00157632
0.00574289,0.00430166,0.00262522,-0.00135837,8.46193e-05,0.00131763
0.00668679,0.00477841,0.00242101,0.00401818,-0.000129187,0.00148141
0.00846808,0.00598849,0.00508328,0.00231545,0.000530994,0.000756506
0.0124708,0.00687942,0.00619279,0.0035243,0.000468712,-0.000142699
0.013888,0.00967401,0.00310302,0.00439504,0.000673509,0.00109244
0.00970908,0.00659819,0.00399066,-0.000119221,0.00041629,0.00188128
0.0168406,0.0123234,0.00837703,0.00370391,0.000808724,0.0022414
0.0187776,0.0129071,0.00974009,0.00935096,0.0022942,0.00257385
0.0136998,0.00899212,0.0102948,0.0101625,0.00215306,0.00128884
0.0168884,0.0116507,0.00596338,0.0103448,0.00136744,0.000850135
0.0353782,0.0136135,0.0138215,0.013377,0.00357947,0.000978302
0.0357159,0.0137346,0.0142373,0.0130088,0.00290226,0.00226693
0.0108477,0.00722661,0.0058054,0.00823255,0.00126395,0.000930149
0.0135258,0.00797544,0.00627731,0.00571312,0.000862386,0.000597334
0.00753253,0.00526073,0.00290996,0.00840715,0.000748457,7.5465e-05
0.00484444,0.00378255,0.00267361,0.00182678,7.31402e-05,0.000503643
0.00610425,0.0046313,0.00265082,0.00595084,0.00168619,0.000697134
0.0107152,0.00737689,0.00263678,0.00212843,0.000387588,0.000925478
0.0209565,0.0125537,0.00897425,0.00475066,0.0014055,0.00034033
0.00972398,0.00582777,0.00537746,0.00534952,0.000459229,0.00263435
0.0108351,0.00742875,0.00669361,0.00280484,0.000994408,0.000211952
0.00768294,0.00512563,0.00348491,0.00537705,0.00140817,0.000789372
0.00814617,0.00575884,0.00646624,0.00449259,0.00137638,0.000388406
0.00762732,0.00545938,0.00708732,0.00760714,0.00205386,0.00208916
0.0115269,0.00805808,0.00247882,0.00486277,0.000490505,0.00245411
0.0217646,0.0147966,0.0129093,0.0140196,0.00283082,0.00215115
0.00760995,0.0054586,0.00276285,0.00365696,-0.000237405,-0.000846029
0.015311,0.0105471,0.0139449,0.0165893,0.00371951,0.00447754
0.00546319,0.00393886,0.00265955,-0.000921693,0.00024685,-5.38263e-05
0.00637792,0.00442499,0.00274645,0.00255833,0.000367221,-0.000803385
0.00939722,0.00521524,0.00509867,0.00234165,0.000208889,0.000297804
0.0225451,0.0122941,0.0094692,0.0114288,0.00340194,0.000906806
0.00502829,0.00374283,0.001882,0.00217421,5.71026e-05,0.000274742
0.010649,0.00709225,0.00473805,0.0021573,0.000693562,0.00162307
0.0142891,0.00868876,0.00520445,0.00227289,0.00020726,0.00167419
0.00534307,0.00390329,0.00282412,-0.000307375,-0.000139651,-0.000682072
0.00867984,0.00502223,0.00291856,0.00342264,-0.000127046,0.000429809
0.00865028,0.00591407,0.00335877,0.0016412,0.000497683,0.00132887
0.0114097,0.00809148,0.00506325,0.0169665,0.00208107,0.00850451
0.00578814,0.00423743,0.00615594,0.00607787,0.0015103,-0.000647413
0.0091706,0.00532299,0.00350144,0.00194341,0.000585676,-0.000977776
0.00949408,0.00544544,0.00383039,0.00235958,0.000461664,-0.000158315
0.0215257,0.0139308,0.0326028,0.0457526,0.0107536,0.00633421
0.00996527,0.00645789,0.003835,0.0121691,0.00195835,0.000599004
0.0158435,0.00983529,0.00800942,0.0103994,0.00227003,-0.000770042
0.00761019,0.0047238,0.0031725,-0.000203869,-0.000140173,0.000105331
0.00422631,0.0031831,0.00269923,0.00265596,-0.000108758,-0.000180841
0.0160433,0.00703015,0.00765692,0.0105352,0.00412937,0.00724736
0.0162423,0.00699393,0.00757072,0.0112376,0.00399858,0.00590243
0.00621952,0.00312368,0.0029267,0.00246891,-0.000548146,0.000176847
0.00919251,0.00521454,0.00325004,0.00483952,-0.000292591,0.00153226
0.00903982,0.00662094,0.00406634,-0.000804247,0.000253148,0.000698366
0.0111034,0.0078598,0.00657855,0.0113741,0.00148778,0.000791711
0.0375075,0.0191528,0.0288501,0.0321222,0.00645173,0.00438312
0.0464822,0.0216382,0.0300428,0.0294391,0.00529119,0.00400394
0.0117112,0.0067377,0.00725822,0.00628062,0.00144993,0.00175453
0.0134791,0.00781824,0.00657677,0.00647027,0.00134312,0.000865901
0.00782785,0.00303594,0.0053088,0.00889876,0.00211579,0.00113238
0.0287913,0.0185566,0.016339,0.0229394,0.00395907,0.00150237
0.0122154,0.00856692,0.00681887,0.00855243,0.00113139,6.04293e-05
0.00685729,0.00480396,0.00408478,0.00233164,0.000841334,0.000705373
0.0061782,0.00435977,0.00281497,0.00422492,0.000488592,0.000352626
0.00943137,0.00599074,0.00449894,0.00244172,0.000276374,0.00129815
0.00963243,0.00678728,0.00553777,0.00940414,0.00110698,0.00177615
0.0178021,0.0122315,0.0081341,0.0140327,0.000615378,0.000718977
0.0142315,0.00965317,0.00804209,0.0120713,0.00435845,0.0028837
0.0152501,0.0102183,0.00820809,0.0086811,0.00209354,0.00208375
0.0190054,0.00809313,0.00929821,0.0138675,0.00193442,0.00060226
0.00479713,0.00368417,0.00249041,0.00676209,4.17941e-06,-0.000609982
0.0344548,0.0233148,0.025081,0.0178176,0.00455318,0.0019275
0.0110161,0.00780104,0.011342,0.0154331,0.00454228,0.00178219
0.00454649,0.00322923,0.00238717,0.00214542,0.000488147,-0.000410101
0.023285,0.0105786,0.00838093,0.0134685,0.0025257,-0.000906754
0.0227645,0.0104241,0.00820291,0.0142431,0.00276303,0.000376327
0.00599582,0.0040601,0.00236012,0.000582203,0.000681016,-0.000262764
0.0167496,0.00524123,0.0110269,0.00642139,0.00198101,0.00164189
0.0173299,0.00805689,0.00923643,0.0063244,0.00201684,0.00228397
0.00413148,0.00311019,0.00233157,0.00395433,0.00164976,-0.00211615
0.014325,0.0104828,0.00571761,0.00449784,0.00151876,-0.000740351
0.00649223,0.0046268,0.00279611,0.00707685,0.00117569,0.000188452
0.0132416,0.00913412,0.00231009,0.00500873,0.000609436,-0.000536874
0.0112352,0.00405929,0.00437885,0.00651425,0.00155527,0.00141801
0.0185208,0.0109041,0.00577551,0.00953521,0.000805961,-9.38443e-06
0.0125618,0.006374,0.00459489,0.00455013,0.001936,0.000291497
0.00831856,0.00586285,0.00266811,0.0334557,0.0125913,0.0355138
0.012351,0.00894412,0.00394342,0.00286144,0.000927913,0.00109881
0.00484837,0.00326574,0.00280055,-0.000133305,0.000917033,-0.000495763
0.00979376,0.0059258,0.0051795,0.00557748,0.000444177,-0.000369727
0.00700527,0.00374369,0.00375872,0.00773496,0.000617416,0.00133008
0.0140419,0.00878796,0.00932292,0.0196543,0.00345142,9.87253e-05
0.0113894,0.0062358,0.00471412,0.00280161,0.00293947,0.00164988
0.0235099,0.0123084,0.00878655,0.00196868,0.0016667,0.000897709
0.019991,0.0122224,0.00748058,0.00169941,0.00121272,-0.000382468
0.00440651,0.00357868,0.00330355,6.14497e-05,0.00111603,0.000556324
0.0113861,0.0077577,0.00683052,0.00573846,0.00128172,0.000391865
0.00779952,0.00519525,0.00517087,0.00376437,0.00181923,-0.000663013
0.0172013,0.00689609,0.00613824,0.0059056,0.00158978,0.000629117
0.0163014,0.00700193,0.00598654,0.00705903,0.00122661,0.00020551
0.0121134,0.00818022,0.00525229,0.00607635,3.2558e-05,-0.000664805
0.00894318,0.00609847,0.00510809,0.00631955,0.000810803,0.00194489
0.00949899,0.0066677,0.00296619,0.000648025,-0.000314388,0.000638649
0.0112286,0.0077725,0.00566032,0.00285251,0.00098685,0.00126243
0.0080713,0.00571264,0.00373445,0.0043121,3.79218e-05,0.000103068
0.00713699,0.00483796,0.00453622,0.00722226,0.000769817,0.0020193
0.0145006,0.0102186,0.00565487,0.00914437,0.00128105,-0.000866952
0.0161595,0.0109865,0.00874763,0.0126185,0.00106523,0.00164489
0.0216515,0.0149491,0.00711618,0.0108644,0.00202492,-0.000675798
0.00397154,0.00295442,0.00185864,0.00315939,5.75645e-05,-0.000251178
0.0159729,0.0105863,0.00709611,0.00569353,0.0023667,4.69197e-05
0.00972873,0.00663343,0.00694577,0.0073705,0.0010535,0.00131686
0.00802577,0.00548844,0.00421715,0.0040322,0.000597386,0.000341164
0.00593136,0.00341141,0.0031559,0.00352447,0.00114786,0.000658837
0.00764929,0.0054094,0.00436548,0.00924028,0.00201574,0.00195099
0.00397486,0.00324391,0.00250525,0.00227536,0.000611938,0.000342296
0.0120856,0.00884567,0.00527861,0.00632824,0.00152784,-0.000359468
0.0174641,0.0112906,0.00662772,0.0132743,0.00317691,-0.000336699
0.00444261,0.00320633,0.00295781,0.00301609,0.00064907,4.16413e-05
0.0579324,0.0263331,0.0455567,0.0759433,0.0152657,0.0152838
0.00472568,0.00362127,0.00254616,0.00201492,0.000437874,0.000754511
0.0148231,0.00997821,0.0068821,0.01112,0.00120771,0.00127767
0.00722155,0.00501469,0.00658437,0.00792796,0.00103721,0.0012042
0.00708458,0.00514924,0.00406831,0.00260958,0.000370317,-0.00064692
0.012425,0.00826921,0.00495901,0.00600942,0.000804259,0.00199805
0.0125226,0.00563799,0.00433996,0.00408879,0.0022582,0.000563667
0.0121982,0.00524324,0.00388106,0.000537257,0.000978792,0.000910177
0.015785,0.0107214,0.00757933,0.0107261,0.00114379,0.000858255
0.0104164,0.00742337,0.0045185,0.00332049,0.00105022,0.00164609
0.00614144,0.00438674,0.0024638,0.00221087,-0.000557096,0.00116383
0.0268235,0.0129668,0.0136663,0.0191949,0.00334637,0.00115411
0.00945188,0.00651351,0.00367984,0.00149997,0.00174952,0.00114799
0.0119549,0.00834075,0.00400008,0.000277553,0.000516824,-8.84567e-05
0.00932289,0.00633336,0.00411198,0.00709698,0.000146017,0.00116736
0.0125249,0.00852352,0.00612452,0.00347859,0.000310078,0.00204583
0.0156566,0.00884006,0.00634828,0.00909827,0.00241571,0.000599037
0.0297541,0.0186766,0.0121137,0.0183892,0.00386097,0.0011053
0.00999644,0.00639676,0.00329763,0.00232379,0.00052346,0.0025754
0.0137701,0.00792549,0.00732901,0.0137146,0.00490349,0.00878501
0.0175375,0.0056484,0.00909677,0.0132719,0.000871103,0.000817419
0.0178713,0.00753072,0.0095653,0.0114925,0.00103839,0.000785293
0.0102783,0.00520498,0.00647935,0.00663684,0.00019681,0.000791178
0.0073891,0.00542905,0.00397423,0.00325031,0.000409869,-0.00060423
0.00876761,0.00627985,0.0058574,0.00991236,0.00222872,0.000627259
0.0178468,0.0125042,0.00883332,0.00963811,0.00207571,0.00243452
0.0168703,0.0114147,0.00797225,0.00845091,0.00306798,0.00423676
0.019103,0.0121115,0.00868549,0.00839175,0.00161018,0.00146706
0.0102922,0.00436745,0.00512334,0.00359574,5.90135e-05,0.000216903
0.010381,0.00444447,0.00507789,0.00383887,4.21433e-05,-0.00024066
0.00900671,0.00655506,0.00389603,0.00365386,0.000660105,0.000205517
0.00455215,0.00351929,0.00258144,0.00417095,-0.000814617,0.000472303
0.0136934,0.00976737,0.00803141,0.0132207,0.00272017,0.00121707
0.00950505,0.00663814,0.00547456,0.0059435,0.00198464,-0.00049047
0.0151729,0.00628875,0.00965786,0.0137246,0.00342551,8.17099e-05
0.0192928,0.0124726,0.00778356,0.0154088,0.00204976,0.00184999
0.0231211,0.0126147,0.00851578,0.0129763,0.00201478,0.000739024
0.00460033,0.0031137,0.00269629,-0.00217131,0.00047408,-0.000348725
0.010433,0.00712943,0.00451767,0.00460494,0.000903049,0.000212932
0.0163449,0.0120534,0.0061516,0.00924562,0.00304133,0.000639826
0.0106205,0.0071806,0.00731558,0.00490895,0.00141841,0.00112164
0.0382324,0.0247641,0.019046,0.0194456,0.00335742,0.00298673
0.00782712,0.0046029,0.00600937,0.00978798,0.00175582,-0.000573312
0.0139048,0.00920396,0.00534342,0.00173705,0.000584761,0.00119762
0.00683807,0.00467101,0.00305045,-0.00153192,-0.000430766,-0.000277459
0.00757416,0.00440101,0.00388773,0.00468864,0.000984107,0.000683276
0.00567855,0.00316573,0.0034582,0.00224577,0.000280584,0.000919845
0.00986372,0.00721096,0.00823449,0.013127,0.00447479,0.00245366
0.00910258,0.00622925,0.00370733,0.00149205,0.000560819,0.000823332
0.00623432,0.00461403,0.00885522,0.014791,0.00251013,0.000404161
0.00599121,0.0045219,0.00271807,0.00257583,-0.000839998,-0.0002117
0.00656145,0.00466968,0.00426252,0.00438045,-0.000234954,5.88839e-05
0.0150286,0.0105146,0.00644144,0.00164688,0.000297555,0.00110379
0.00886194,0.0062672,0.0030352,0.00355071,-4.31906e-05,0.00146047
0.0062702,0.00426965,0.00348073,0.000414905,-9.86763e-06,0.000781889
0.0280075,0.0111334,0.00935598,0.0216395,0.00221865,0.00162471
0.0178771,0.00939764,0.0082634,0.0136033,0.00260055,0.00140061
0.0109631,0.00791733,0.00360498,0.00609926,0.000243035,-0.000784984
0.00667567,0.0046947,0.00272451,-0.000715203,-1.20212e-05,0.000720346
0.0194208,0.00893702,0.0106809,0.0155324,0.00494226,0.00170486
0.048008,0.0235946,0.0267326,0.0376565,0.00884137,0.00126688
0.0354897,0.0226967,0.0195701,0.0238991,0.00414572,0.000233015
0.00775969,0.00537106,0.00496018,0.00395029,0.00116907,0.000751018
0.00884882,0.00660842,0.00505592,0.00547816,0.000718237,0.000271079
0.00427608,0.00321531,0.00280413,0.00119184,0.000273331,-0.000394676
0.00728187,0.00503994,0.00346619,0.00581352,0.000302681,-0.000743985
0.0225233,0.00956882,0.0110189,0.01079,0.00403238,0.000489221
0.0250968,0.00953084,0.0128732,0.0236485,0.0050167,0.0035489
0.0123947,0.00445742,0.00755072,0.019019,0.00320134,0.0018607
0.0115013,0.00777996,0.00406392,0.00288965,0.000252736,0.000355545
0.0112166,0.00720864,0.00413752,0.00280749,-0.00114899,0.000348466
0.00617361,0.00437183,0.00325986,0.00501332,0.000317075,0.000407407
0.0104612,0.0078817,0.00539964,0.00163216,-0.000317316,0.00191908
0.00984073,0.0070723,0.00306119,0.00451646,0.000392059,-0.00015667
0.00450963,0.00354793,0.00256332,-0.00146482,-0.000687249,0.00155989
0.00726266,0.00534901,0.00401635,0.00224991,0.00036381,6.04261e-05
0.00868466,0.00648513,0.00399878,0.00456804,0.00212113,0.00188571
0.0127246,0.00817911,0.00524434,0.00746943,0.00215518,0.000766077
0.010629,0.00488919,0.00618933,0.00788291,0.0011844,-0.000227143
0.0142321,0.00863733,0.00833123,0.00914384,0.0012295,0.000970277
0.0155264,0.0108139,0.00656374,0.0106348,0.001928,0.00290129
0.0203374,0.0116464,0.0091044,0.0116694,0.00325155,0.00176138
0.0186406,0.0116739,0.00826884,0.0112639,0.00175872,0.00137306
0.0169619,0.00662054,0.0108209,0.0102126,0.00263065,0.00102641
0.0169297,0.00667993,0.0106796,0.009146,0.00219664,0.000267275
0.0138239,0.00912373,0.00530373,0.00576807,0.000963597,0.00145897
0.00755907,0.00558941,0.00610869,0.00579229,0.00273539,0.00185247
0.00433388,0.0031946,0.00249206,0.00198037,0.000466569,-0.000907339
0.0111516,0.00790151,0.00240949,0.00497561,0.00147257,0.0020189
0.0220348,0.0120431,0.010823,0.00904966,0.00257864,0.00189512
0.0193703,0.0115887,0.00943629,0.0103618,0.00221187,0.0013896
0.00460085,0.00341218,0.00369374,0.00720857,0.00063826,0.000860536
0.0141025,0.00838794,0.0077016,0.00439667,0.00214967,0.000228259
0.0096078,0.00427876,0.00631038,0.00351661,0.0014038,-0.0014948
0.00455719,0.00374602,0.00348169,0.00292772,0.00118011,0.00058146
0.0039843,0.0032349,0.00231317,0.00109915,3.2949e-05,0.00140027
0.00962992,0.00541537,0.00484205,2.13498e-05,0.000264517,0.000554041
0.0097423,0.0049509,0.00305041,0.00631605,0.00119878,0.000932843
0.00684227,0.00508381,0.00323223,0.00498986,0.00138498,0.000170931
0.00993644,0.00541868,0.00897709,0.00815555,0.00286417,0.00190074
0.00952376,0.00545994,0.00929661,0.00902764,0.00294173,0.00225053
0.0186476,0.0133904,0.00766725,0.0106174,0.00120449,0.00203879
0.0134482,0.00934451,0.00457008,0.00260582,0.000438955,0.000504421
0.0119401,0.008197,0.00337781,0.00606368,0.00214374,0.00111126
0.0121184,0.00861478,0.00449082,0.00835409,0.00221976,-9.36247e-05
0.0066405,0.00464182,0.00319144,0.0049534,0.000268626,-0.000243868
0.0078077,0.00585799,0.00340926,0.00115502,0.000746001,0.000741199
0.00411217,0.00322139,0.00321425,0.00403591,0.000474523,-0.000112671
0.00457467,0.00338152,0.00133416,0.00513348,0.00125957,0.000218341
0.00943132,0.00697134,0.0049193,0.00541106,-0.000138567,-0.000830633
0.0055209,0.00405126,0.00253356,0.00277814,0.000118249,5.07757e-05
0.00813181,0.00372332,0.00411522,0.00916821,0.00153221,0.00218575
0.0108696,0.00572488,0.0050094,0.0109343,0.00146277,0.00178
0.012351,0.00877881,0.00533803,0.0108566,0.000234443,0.000958912
0.00504194,0.00381127,0.00215518,0.00361647,0.000846606,0.000147223
0.012566,0.00506848,0.00494437,0.00651799,0.0012637,0.00054093
0.0160922,0.00804826,0.00610966,0.00922013,0.000441933,-0.000140717
0.00911687,0.00568325,0.00471967,0.00187624,-6.64944e-05,-0.000147837
0.00869125,0.00579794,0.00305606,0.00262847,0.00158157,0.000950012
0.00613536,0.00473427,0.00399557,0.00666293,0.00108034,0.000779111
0.00772322,0.0057078,0.00311995,0.0083317,0.00339743,0.00877471
0.0121705,0.00618465,0.00787315,0.0142784,0.00347884,0.00110656
0.011957,0.00849621,0.00426277,0.00525907,0.000485815,0.000708789
0.01692,0.011662,0.0101248,0.0109318,0.00176082,0.000199043
0.00958588,0.0066351,0.00386718,0.00740258,0.00125105,7.09359e-05
0.0154145,0.006648,0.00700141,0.00381553,0.000852967,-2.57167e-05
0.0154924,0.00673684,0.00697068,0.0019499,0.000412007,0.00121193
0.00657917,0.00383982,0.00355501,0.00498917,0.00107098,4.62835e-05
0.0174185,0.0117327,0.00763251,0.00633628,0.00125084,0.000306651
0.0103246,0.00686268,0.00530777,0.000191986,0.000966109,0.000402751
0.0165835,0.0099378,0.00462477,0.00814141,0.00199823,0.000340996
0.0116552,0.00457467,0.00449191,0.00780168,0.00120785,0.00143728
0.0160475,0.00939665,0.0104319,0.014695,0.00314661,0.00136585
0.00522037,0.0038545,0.00211881,0.000516357,0.000441202,-0.00117535
0.0110493,0.00741967,0.00531732,-0.00282945,0.00142519,-0.00013489
0.0131957,0.00734628,0.00539796,-0.00142593,0.0006072,0.000501737
0.00983052,0.00707841,0.00497628,0.0015091,0.000298777,0.000466707
0.0148846,0.0102969,0.00757592,0.00754414,0.00240412,0.00181403
0.013622,0.00617713,0.00606505,0.00803139,0.00214563,0.000915431
0.0166787,0.00615784,0.00737396,0.0110273,0.00129107,0.00102332
0.01122,0.00454862,0.00491376,0.00401567,0.000316488,0.0003969
0.0385566,0.0192812,0.0298422,0.0395032,0.00876377,0.00690125
0.0339807,0.0191416,0.0259252,0.0285117,0.00420342,0.00438718
0.00704619,0.00531208,0.00375611,0.00496524,0.000446255,0.00181553
0.0149264,0.00932507,0.00838021,0.0101722,0.00152836,0.00110779
0.00468109,0.00323506,0.00154428,-0.00098906,-0.000378602,0.000171056
0.00766479,0.00520802,0.0025613,0.00441135,0.000483265,0.000974765
0.0139075,0.00884022,0.00514115,0.00491634,0.00128302,0.000416393
0.00446047,0.00325358,0.00166685,-0.000512643,-0.00033838,-0.000588453
0.00837833,0.00545275,0.006465,0.00549951,0.00121755,-0.000478554
0.0167017,0.0111088,0.00536092,0.00495841,0.00193852,0.00248364
0.0170623,0.0116688,0.00671365,0.0073678,0.00134909,0.00188984
0.00911346,0.00619915,0.00414535,0.00235661,-0.000907404,-0.00146874
0.0174749,0.00725276,0.00938253,0.00716957,0.00182089,-0.000162236
0.0175418,0.00742298,0.00918719,0.00812087,0.00173054,0.000865676
0.0271419,0.0172809,0.0176427,0.024235,0.00606133,0.0026839
0.0109558,0.00777799,0.00531305,0.0105727,0.000721382,0.0029015
0.00570613,0.00393443,0.00201609,0.00614724,0.000474147,0.00148593
0.0121886,0.00759447,0.00497002,0.00318615,0.000694354,0.00130752
0.00843237,0.00460247,0.00493878,0.0063383,0.000533415,0.000505228
0.00790337,0.00398477,0.00656793,0.00835634,0.00110209,0.000874955
0.0176746,0.0120896,0.00899069,0.00850322,0.00144386,0.00079813
0.00516341,0.00370326,0.0070492,0.00915023,0.00171427,0.00301271
0.00643156,0.00478306,0.00440664,0.00373767,0.000982926,0.000742047
0.0183656,0.0124636,0.0046734,0.0081572,0.00112638,0.0005871
0.00853798,0.00352849,0.00513917,0.00454146,0.00210011,1.12076e-05
0.0087824,0.00369107,0.00531999,0.00163445,0.000857673,0.000402278
0.0049359,0.00327516,0.00275807,-0.000756784,0.00161008,0.000444208
0.0225329,0.0067563,0.0137901,0.0128997,0.00232995,0.00279978
0.0169722,0.00681557,0.0100041,0.0102298,0.00161382,0.00215358
0.00623745,0.00314055,0.00401306,0.00470575,0.00218033,0.00103536
0.013182,0.00828305,0.0111689,0.00917922,0.00324933,0.00267232
0.00614303,0.0047997,0.00288317,-0.00172648,-0.00090581,0.00038338
0.0118052,0.00467333,0.00558006,0.0055176,0.000147544,0.000828146
0.00894468,0.00652486,0.00303688,0.0041988,0.000475636,0.000563054
0.0104148,0.00707809,0.00380953,0.00703123,-0.00029625,-0.000263969
0.00640508,0.00381376,0.00417838,0.00345751,-0.000553743,0.000712933
0.00768863,0.00583409,0.00356155,0.00447993,-0.000751585,0.000692878
0.0106055,0.00759638,0.00505131,0.00582341,0.000697261,0.00189628
0.0284685,0.0148122,0.0107759,0.0089111,0.00117385,0.00143748
0.0178754,0.0100492,0.00721281,0.00356409,0.00065837,0.00236479
0.00853284,0.00572861,0.00477493,0.00302771,0.000427767,0.000169435
0.00523083,0.00403241,0.00228522,0.00177974,-0.00016488,-0.00106823
0.00458006,0.00378884,0.00243535,0.00480291,-0.000757483,-0.00110131
0.0174896,0.010607,0.00621329,0.0139566,0.00185499,-0.000549472
0.0063968,0.00479366,0.00307669,0.00864,0.00142724,0.000720475
0.00696263,0.00499524,0.00302325,0.00154554,-0.000544969,0.000425246
0.0207037,0.0130327,0.0060007,0.00746198,0.00240531,0.00285435
0.0231184,0.0157907,0.00967243,0.0201131,0.0047362,0.00314967
0.00461765,0.00350806,0.00318158,0.0053362,0.000359913,0.000362108
0.00836277,0.00478501,0.00507914,0.00194437,0.000852491,0.000350226
0.0148325,0.00767313,0.0047176,0.00443117,0.00118812,0.00154487
0.0225099,0.0140598,0.0188566,0.0324506,0.0118501,0.0197352
0.030561,0.0164793,0.0224564,0.0395567,0.0132379,0.0231697
0.0163153,0.00705146,0.00921539,0.0187088,0.00291164,0.00190873
0.0161991,0.00751583,0.00771032,0.0190277,0.00263188,0.00297527
0.0301592,0.0115614,0.0175686,0.0183513,0.00600248,0.00363362
0.0304616,0.0116468,0.0164945,0.0202561,0.0039829,0.00175982
0.00661173,0.00317766,0.00211558,0.00342414,-0.000549686,-0.0014612
0.00772791,0.00590467,0.0062262,0.00680506,0.000973277,-0.000236686
0.0138939,0.00999325,0.00645844,0.00686279,0.001765,0.00108298
0.0101962,0.00716349,0.00331564,0.00477734,0.000854729,0.000279055
0.00564206,0.00295373,0.0029199,0.00260491,0.000561549,0.00029353
0.0291902,0.0178992,0.016169,0.0279027,0.0048347,0.00114496
0.0183202,0.00669515,0.0107397,0.0179012,0.00171056,-0.000130358
0.0106303,0.00758367,0.00344916,0.00654286,0.000553165,0.000681984
0.0193057,0.0119954,0.00675973,0.0119322,0.000715452,0.000495092
0.0132433,0.00865231,0.00438988,0.00270158,6.87498e-05,-0.00020002
0.0119033,0.00809321,0.00591891,-0.000875493,-0.000376901,0.00180321
0.0118631,0.00878393,0.00821481,0.0073173,0.0018966,0.000292147
0.00588013,0.00442602,0.00518634,0.00195968,0.0018853,0.000686117
0.0107984,0.00649442,0.00614093,0.00111916,0.000543978,0.000213507
0.0265981,0.0121794,0.0110554,0.0124876,0.00381877,0.00188902
0.0315569,0.0120353,0.0121843,0.0152503,0.0040841,0.001917
0.0192685,0.00969435,0.00521396,0.00567984,0.00115209,0.000960783
0.00916587,0.00430813,0.00526588,0.00851879,0.00342502,0.000769554
0.0149381,0.00976743,0.00661425,0.00683143,0.00189786,0.00266318
0.0066992,0.00458444,0.00238574,0.000567522,0.00113597,-0.00116483
0.0291445,0.018921,0.0172422,0.0247462,0.00572784,0.00285566
0.0177017,0.0121013,0.00745917,0.00857009,0.000979875,0.0021904
0.00562013,0.00405311,0.00250042,0.000922633,0.000642916,0.000213164
0.0108355,0.00770434,0.00386258,0.00589292,0.000226384,0.00156414
0.0236773,0.0159325,0.0137641,0.012954,0.00342309,0.00186572
0.00598231,0.00435837,0.00325642,0.000754413,0.000172741,0.000870563
0.0395958,0.0207412,0.012944,0.0133424,0.00412476,0.00313371
0.0174233,0.00859255,0.00687123,0.00611404,0.00176724,0.000448561
0.0125797,0.00861988,0.0108702,0.00793897,0.00306916,0.00231965
0.0128248,0.00918379,0.00436684,0.0044096,0.00088852,-0.00031768
0.0160185,0.0103831,0.00843576,0.0170401,0.00536993,0.00623077
0.0229498,0.0157431,0.00703297,0.00523375,0.00118922,0.000764898
0.0078049,0.00529926,0.00492445,0.00254966,0.000856704,0.0024858
0.0149289,0.0100464,0.00594718,0.00510903,0.00139205,-0.000867968
0.0113326,0.00656106,0.00404523,0.00158298,3.94447e-05,0.000167875
0.012428,0.00753147,0.00426344,0.00471157,0.00170669,0.00236818
0.0211766,0.0125739,0.00932294,0.00890739,0.00250192,0.00268195
0.0122567,0.00612508,0.00626998,0.00679414,-0.000476058,0.00245456
0.0121103,0.00590191,0.00620195,0.00373462,0.000971463,0.00160315
0.0179593,0.00749461,0.00962318,0.00820862,0.00146239,8.16838e-05
0.0143249,0.00744887,0.00755629,0.00336363,0.00130425,-0.000602891
0.0186358,0.0112262,0.0112965,0.0182203,0.00447303,0.00240829
0.00799709,0.00542327,0.00613714,0.00638709,0.00146959,0.000901811
0.0171424,0.0114724,0.00705136,0.00562867,0.00185473,0.000197182
0.00563886,0.0040284,0.0018157,0.00532443,0.00129601,0.000542592
0.00777018,0.00348285,0.00341919,0.00368205,0.00112487,0.000193376
0.0234962,0.0094699,0.00860375,0.0118506,0.0018094,0.00209383
0.0235098,0.00957956,0.00851668,0.00833282,0.00192881,0.00174791
0.0072761,0.00509268,0.00318085,0.00105977,2.21484e-05,-6.22902e-05
0.0131565,0.00786702,0.00734331,0.006936,0.00130516,-0.000527038
0.0156471,0.00837124,0.0082681,0.00661185,0.000962869,-0.000831618
0.0112576,0.007835,0.0045385,0.00266412,0.00123043,-0.000893327
0.0128818,0.0061212,0.0055364,0.00341857,0.00220503,0.00128334
0.010345,0.00732916,0.00542608,0.00637619,0.00190309,0.00154552
0.0131617,0.00790938,0.00677043,0.00437521,0.00179215,0.000350427
0.00498631,0.00403665,0.00230726,0.000347721,0.00110009,0.00113849
0.00672846,0.00454453,0.00347919,0.00158184,0.000205005,0.000233271
0.0122666,0.0082786,0.0049772,0.00255599,0.00157477,-0.000515882
0.0202235,0.0129454,0.00685229,0.00303754,0.00253861,0.000715924
0.0297957,0.0182571,0.0163182,0.0182392,0.00522919,0.00222159
0.0105958,0.00737618,0.0039207,0.0034877,0.00135097,-5.05452e-05
0.00750537,0.00553956,0.00138104,-0.00363817,0.000179879,-0.000657189
0.0147301,0.00896348,0.0193708,0.0198091,0.00356537,0.00110146
0.00574798,0.00435661,0.00295454,0.00054985,0.00154948,0.000498766
0.00913858,0.00648136,0.00621318,0.00788128,0.000743696,0.000931373
0.0214803,0.0135159,0.0114075,0.00830027,0.00125994,0.00326721
0.00983077,0.00689613,0.00471564,0.00618464,0.00130926,-0.000530481
0.00736574,0.00353955,0.00480731,0.00923028,0.00189803,0.000543845
0.0204325,0.00842416,0.00950167,0.0121546,0.00259125,0.00254784
0.0139825,0.00718381,0.00727969,0.00483584,0.00204495,0.00206659
0.00689592,0.0033462,0.00496623,0.000648129,0.000877778,0.00113665
0.0134712,0.00756536,0.00439757,0.00481148,0.000972517,0.000851806
0.0121505,0.00523942,0.00301617,0.00545852,0.000811386,0.00153652
0.0157337,0.010738,0.0062072,0.00545594,0.00132959,0.00131012
0.0181117,0.0120762,0.00510272,0.00964574,0.000658097,0.00119889
0.0150012,0.0104864,0.00770856,0.0167697,0.00603117,0.0109585
0.010375,0.00753776,0.00274876,0.00242885,-0.000256472,-0.000397874
0.0331001,0.0211687,0.0156599,0.0196948,0.00516505,0.00373112
0.00578283,0.00339043,0.00204449,0.00957812,0.00144699,0.00412385
0.0209374,0.00915618,0.0124376,0.0233829,0.00780944,0.0136545
0.0202413,0.00827999,0.0107576,0.0173865,0.00413292,0.00906024
0.00870187,0.00646455,0.00823492,0.00707678,0.00194794,0.000279123
0.0380203,0.0154154,0.0174855,0.0168778,0.00347449,0.00300731
0.010614,0.0074257,0.00388096,0.00910301,0.00198443,0.00275477
0.0107347,0.00753466,0.00400553,0.00341487,6.43345e-05,0.00114812
0.00383782,0.00330016,0.00468007,0.0159966,0.00703837,0.0145125
0.00816219,0.00554516,0.00504572,0.00425734,0.00237608,-0.000121709
0.00802768,0.00496697,0.00332959,0.000205948,-1.57246e-05,0.000889144
0.00664411,0.0033526,0.00285408,-0.0014421,-0.000495445,0.000759239
0.015637,0.0111499,0.00540397,0.000887491,-0.000144399,-0.000586916
0.00993659,0.00420149,0.00525589,0.00313945,0.000940714,-0.00104732
0.00927203,0.00630985,0.00350484,0.00860282,0.000521185,-0.000216717
0.00559095,0.00380747,0.00254418,0.00213314,0.00118456,-0.0015976
0.0145229,0.00998994,0.0048218,0.00863311,0.00100215,0.00171788
0.00890605,0.00617589,0.00739838,0.0185287,0.00231401,0.002913
0.00701682,0.0052446,0.00305207,0.003883,4.66321e-05,0.00157262
0.01628,0.0111896,0.00600323,0.00553398,0.00128169,-2.77238e-05
0.00902625,0.00620866,0.00319897,0.00583544,-0.00110711,0.000889759
0.0107293,0.00728096,0.00254921,0.00302615,0.000486534,0.0028178
0.00992809,0.00462863,0.00533627,0.000544502,0.000794096,0.00049795
0.0103026,0.00738888,0.00503851,0.00267476,0.00105452,0.000549102
0.00610686,0.00342586,0.00272997,0.00409193,0.000162852,-0.000831002
0.00861295,0.00338978,0.00430674,0.00722135,0.00114599,-0.000381698
0.016468,0.010744,0.0100533,0.00792092,0.0019672,0.000673971
0.00975846,0.00692035,0.00265503,0.00653706,0.00145338,0.000141223
0.0113317,0.00820282,0.00364515,0.00467966,0.00104842,-0.000317584
0.00530487,0.00342143,0.00361499,0.00454868,0.000679138,0.00103333
0.00547294,0.00403534,0.00419843,0.00311008,0.00161263,0.0019877
0.0131162,0.00940736,0.0079007,0.000923711,0.00123613,-0.00026
0.00523065,0.00362419,0.00450245,0.00497283,0.000896698,-0.000157116
0.0042657,0.00332547,0.00231565,-0.00101555,0.00059377,-0.000749187
0.00888308,0.00607234,0.00297795,0.00315353,0.00227139,0.00143788
0.0119345,0.00875381,0.00341379,0.0043343,0.000782141,0.000957325
0.00788698,0.0031318,0.0053258,0.00179868,0.000925135,0.000977629
0.0135242,0.00480659,0.00683471,0.00530186,0.000572293,0.000965958
0.0105745,0.0043495,0.00390803,0.00417803,-2.93723e-06,0.000608269
0.0131905,0.00921364,0.00414763,0.00799544,-0.000294865,0.00040464
0.0176038,0.00934028,0.00923669,0.0101374,0.00225786,0.00285868
0.0138039,0.00935267,0.00398884,0.00254423,0.00136994,-4.18175e-05
0.0148077,0.0103131,0.00496937,0.00434974,-0.000102244,-0.000114563
0.00811392,0.00343536,0.0049299,0.00746574,0.00138468,0.00139777
0.00975462,0.003429,0.0055062,0.00858673,0.00128591,0.000618198
0.00725166,0.00483908,0.0035393,0.00337095,0.0013562,6.36268e-05
0.0102925,0.00576401,0.00470687,0.00600036,0.00183121,-5.02926e-05
0.0139269,0.00811305,0.00518956,0.00371023,0.00172992,0.000608311
0.0320347,0.0184325,0.0127959,0.0152405,0.00219516,0.00239209
0.0290618,0.0184907,0.0122336,0.014266,0.0021269,0.00157596
0.00451462,0.00342254,0.00244455,0.00178545,0.000277459,-0.000747341
0.0121906,0.00874953,0.00345192,0.00445855,2.74494e-05,0.000328523
0.0165015,0.0115191,0.00823233,0.0159001,0.00164868,0.00110583
0.00885204,0.00394148,0.0061322,0.0041705,0.000312598,0.00109571
0.0114753,0.00606871,0.00732475,0.00368674,0.000165164,0.000237736
0.018568,0.0123708,0.0116529,0.0101845,0.00236148,0.00420936
0.0102288,0.00750632,0.00589558,0.00894695,0.00261215,0.000924452
0.0109877,0.00774956,0.00462115,0.00321251,0.00194526,-0.000523495
0.00888621,0.00514427,0.00788264,0.00913942,0.000515328,0.00119181
0.0110715,0.00762844,0.00401759,0.00418995,0.00177308,0.0020379
0.00997756,0.00681362,0.00492682,0.00830457,0.00292671,-0.00117527
0.0163528,0.0110376,0.00633469,0.00578509,0.00124203,0.00283898
0.0110406,0.00807898,0.00660497,0.00286019,0.000738249,0.00169995
0.00549659,0.00386304,0.00414756,0.00484843,-0.00076705,0.000690739
0.015548,0.0107055,0.00741835,0.00960986,0.000414052,0.000299846
0.010061,0.0071559,0.00570102,0.00392252,0.00196419,0.000199742
0.0168384,0.0115061,0.0130216,0.0166038,0.00481132,0.00224923
0.0046261,0.00321708,0.00296369,0.00300231,-0.000491144,0.00167106
0.0119989,0.00833134,0.00932332,0.0134578,0.00437167,0.00314225
0.0254085,0.0131788,0.00900488,0.0068663,0.00176201,0.00166294
0.0226534,0.012088,0.00786075,0.00600467,0.00157419,0.00193683
0.00771947,0.00371024,0.0050859,0.00726792,0.000370944,8.33413e-06
0.00842849,0.00584448,0.00346921,0.00419887,-3.62802e-05,0.00220223
0.00876318,0.00650835,0.00334403,0.00206979,0.000529555,0.000101878
0.00642082,0.00455339,0.00334619,0.00181851,0.000715643,0.00051058
0.00648294,0.00528449,0.00356575,-0.00118063,0.00151332,-0.000187563
0.00638155,0.00412912,0.00306246,0.00106386,0.000297483,0.00042153
0.0143907,0.00724592,0.00997037,0.0105651,0.00301497,0.000556808
0.0281401,0.017126,0.00969162,0.00984013,0.00177892,0.00261554
0.00889115,0.00599205,0.00418966,0.00449652,0.000502685,0.000934589
0.00925881,0.00619641,0.00302219,0.000905975,0.000200673,-0.000230017
0.0104523,0.00720125,0.00515365,0.00429246,0.000657988,0.000925447
0.00901184,0.00627849,0.00510504,0.00178859,0.000540724,-0.000540874
0.0374792,0.0245681,0.0131578,0.0161079,0.00339832,0.00288549
0.00717873,0.00320462,0.00538266,0.00737403,0.000905223,0.00141232
0.00704619,0.00324624,0.00527296,0.008653,0.00109384,0.000435
0.00767089,0.00532574,0.00430107,0.00378927,0.000240002,-0.000172973
0.00648271,0.00453567,0.00211795,0.00691033,0.000506791,0.00287635
0.0102241,0.00756382,0.00857678,0.00424428,0.00177489,8.94852e-05
0.0142093,0.00638776,0.00454868,0.00386922,0.00131191,0.00118522
0.0113992,0.00468672,0.0072329,0.00415171,0.000829288,0.0025456
0.0125443,0.00533857,0.00713871,0.00512483,0.000668692,0.00192811
0.00451905,0.00345338,0.00179523,-0.000860992,0.000312624,-0.00108576
0.00783145,0.00551718,0.00219187,0.00311485,-0.000528011,-0.000200494
0.0133727,0.00795633,0.00685681,0.00979648,0.0012082,-8.30056e-05
0.0279779,0.0188019,0.0148097,0.0257089,0.00660655,0.0018257
0.0211366,0.0138898,0.0139865,0.0156475,0.00219993,0.00111808
0.00743492,0.0043275,0.00402076,0.00521345,1.91222e-05,0.000206147
0.0164702,0.0109151,0.00456989,0.00869713,0.00189019,-0.000377247
0.0158945,0.00935376,0.00726128,0.00691858,0.00223837,0.000224081
0.00792028,0.00585955,0.00387712,0.0103529,0.00198948,0.00714503
0.0101788,0.00586601,0.00973752,0.0100466,0.00319105,0.000417806
0.00936598,0.00575667,0.0092975,0.0102925,0.00263433,0.000343346
0.00914939,0.00667267,0.00616123,0.00870673,0.00316463,0.00213017
0.013104,0.00911472,0.0040884,0.00955027,0.000788172,-0.000707815
0.0132783,0.0095611,0.00332997,0.00336056,0.000953737,0.000994144
0.0186358,0.00803594,0.00819807,0.0213027,0.00358433,0.00211474
0.018935,0.00815232,0.00956913,0.0151558,0.00281694,-4.07538e-06
0.00784556,0.0055669,0.00427901,0.00604976,0.00119542,0.00171189
0.0163936,0.0114972,0.00686256,0.00665447,0.00157577,0.00104021
0.0114889,0.00777328,0.0043069,0.00639191,0.00220052,0.000951104
0.0128987,0.00852313,0.0078282,0.0105168,0.00144609,0.00172042
0.0176201,0.00734648,0.00821936,0.00231869,0.00104004,0.00119885
0.0175645,0.00728537,0.00817962,0.00565421,0.00200414,0.00419622
0.00651752,0.00467584,0.00529556,0.0108465,0.00497428,0.0101129
0.0162235,0.0111413,0.0110043,0.00791758,0.00222118,2.57629e-05
0.00355244,0.00296825,0.00204835,0.00549578,-9.00312e-05,-0.000624083
0.00556549,0.00367557,0.00620349,0.00790449,0.00102335,0.00100513
0.00580466,0.00406184,0.00331783,0.00377207,0.000419133,0.000953661
0.00620419,0.00318625,0.00555511,0.00894563,0.00213024,0.000232315
0.0057736,0.00312127,0.00475326,0.00536098,0.00148011,-0.000490156
0.0118698,0.00746575,0.00686623,0.00857918,0.00240921,0.00213129
0.0231051,0.0109662,0.0113657,0.0168709,0.00236551,3.26397e-05
0.0206626,0.0110662,0.0095871,0.0153971,0.00119802,0.000400063
0.0173461,0.0105523,0.00628236,0.00501816,0.000492493,0.000678359
0.0181686,0.010371,0.00846181,0.0100164,0.000878601,0.000309521
0.00394599,0.00306169,0.00209518,-0.00381626,0.000274299,-0.000974974
0.012843,0.00530426,0.00618803,0.0113934,0.00248894,0.00331351
0.0146047,0.00759799,0.00712046,0.0104483,0.00283108,0.00197504
0.0100539,0.00726288,0.00399635,0.00307659,0.00142026,0.00123195
0.0303805,0.0123073,0.016368,0.0192101,0.00550807,0.00287884
0.030434,0.0123675,0.0157779,0.0179142,0.00484024,0.0030174
0.0118531,0.00784247,0.00640694,0.00404661,0.000987507,0.000685669
0.00385104,0.00299374,0.00246717,-0.00218578,0.000232325,0.00163427
0.00543192,0.0032035,0.00296086,0.000130831,-0.00107395,0.000217144
0.0130799,0.0069802,0.00612573,0.00556653,0.00129699,0.00104349
0.0139304,0.00694795,0.00580324,0.00404036,0.000725681,7.58795e-05
0.00785735,0.00599772,0.00340286,0.00537872,-0.000332589,0.000367246
0.0119516,0.0084663,0.00343348,0.00249255,-0.000338539,0.00104576
0.00526842,0.0041518,0.00169701,0.00899897,0.000957547,-0.000989308
0.0138759,0.00961655,0.00440202,0.00726753,-0.000269708,0.000663345
0.00691325,0.00415026,0.0042463,0.00541764,-8.08454e-05,0.00147047
0.00966665,0.00623005,0.00505082,0.00481362,0.0017827,0.00125893
0.0105134,0.00756494,0.00451713,0.00377427,0.000226423,-0.000271279
0.00957709,0.00695086,0.00499828,0.00713306,0.000309071,0.000307969
0.013334,0.00907183,0.00295911,0.00548984,-0.00014495,0.000883506
0.0189875,0.0127234,0.0148228,0.0161581,0.00335946,0.00178285
0.00645828,0.00473386,0.00268159,0.00263598,0.000792192,-0.000950588
0.0179977,0.00926575,0.0122482,0.0100277,0.00159077,0.00196984
0.0155063,0.0104363,0.00760224,0.0106026,0.0026721,0.00322969
0.0112874,0.0079532,0.00373608,0.00787078,0.0029593,0.00586261
0.00882529,0.00608398,0.00236547,0.00584638,0.000442504,-0.000680996
0.00542663,0.00430143,0.00136502,0.00488283,0.000760294,0.00141573
0.0130901,0.00875986,0.00644582,0.00458489,0.00178364,0.00103281
0.00529985,0.00389747,0.00229503,0.00234266,-0.000539772,-0.00107455
0.00833764,0.00607876,0.00406789,0.00220579,0.000192709,-0.000360521
0.0092466,0.00569131,0.00719868,0.0113374,0.000642671,0.00118492
0.004926,0.00356042,0.00172995,0.0032817,-2.43687e-05,0.000206908
0.00830746,0.00618778,0.00448699,0.0012421,0.00112804,-0.000480968
0.0142629,0.00994742,0.0153247,0.0223534,0.00492695,0.00903408
0.0144708,0.00883257,0.00796839,0.0140017,0.00329914,0.00558773
0.0271678,0.0157343,0.0133798,0.024156,0.00425186,0.00753104
0.00633859,0.00471248,0.00365573,0.0012117,0.000624804,0.00187176
0.00393253,0.00306623,0.00215093,0.00215274,0.000265212,-0.000818897
0.0101353,0.0068368,0.00691743,0.00516756,0.000389861,0.00116029
0.00589278,0.004564,0.00274561,-0.000193291,0.000199539,-0.000298447
0.00565451,0.00363101,0.00828239,0.0116827,0.0028692,0.000359439
0.00606522,0.00384065,0.00261377,0.00694766,0.000496919,0.000387071
0.00603881,0.00432156,0.00352616,0.00325168,0.000435648,0.000775851
0.00652679,0.00502354,0.00295213,0.00171743,-0.000223675,-0.000679019
0.00457974,0.00343646,0.00253674,0.000163221,0.000247579,-0.000804719
0.00695931,0.0051378,0.00392287,0.000135564,0.000446864,-0.00034314
0.00780027,0.00576798,0.00296221,0.0011677,0.000220614,-0.000275246
0.0049807,0.00366227,0.00155902,0.000202584,-0.000691183,-0.000120744
0.00477628,0.00391376,0.00175551,0.00272837,0.000946018,-0.000606833
0.00493365,0.00375273,0.00213061,-0.00216713,-0.000123882,6.03745e-06
0.0114173,0.00832142,0.00521415,0.0046684,0.000166841,0.00123448
0.0121908,0.00875039,0.0282679,0.026504,0.00673916,0.00365374
0.00982457,0.00647871,0.00710756,0.00788706,0.00189378,0.00199654
0.010012,0.00650616,0.00493432,0.00420218,0.00161073,0.000662192
0.00562213,0.0040548,0.00273284,-0.000382449,0.000793445,-0.000510996
0.00378011,0.00304388,0.00255687,0.00242749,0.000437695,4.09439e-05
0.0187951,0.00802628,0.0083499,0.0102961,0.00188742,-0.000205936
0.00562721,0.0043821,0.00199531,0.00198334,0.000494632,0.000348905
0.0347694,0.022971,0.0159125,0.0157433,0.00309504,0.00219541
0.0111229,0.00587976,0.00502506,0.00368833,0.000513492,0.000554265
0.00588834,0.00435629,0.00195269,0.003081,-0.000135124,0.00017047
0.01677,0.0116959,0.0057197,0.00591132,0.000959975,0.000965712
0.0272565,0.0180957,0.0126716,0.0180202,0.00297256,0.000360932
0.0144965,0.00786432,0.00662373,0.00432634,0.00150849,0.000913573
0.0224534,0.0150997,0.0114353,0.0115786,0.00203095,0.000960407
0.00805908,0.00590039,0.00292692,0.00169453,0.000475919,0.000539738
0.00604302,0.00430299,0.00364946,0.00390651,0.00069662,0.000203967
0.016978,0.011979,0.00526797,0.00399282,0.00044432,0.000319974
0.0246883,0.0125579,0.0114049,0.0114967,0.00300553,0.00624339
0.0222883,0.0127493,0.0102747,0.0105912,0.00218184,0.00466393
0.00422552,0.00340527,0.00163291,-0.000755435,0.000601963,0.00163215
0.00576356,0.00423703,0.00277601,0.00192798,0.000388404,-0.000734294
0.0181801,0.0102598,0.00917853,0.0134076,0.00322374,3.6733e-05
0.0192276,0.0103986,0.00977726,0.0137634,0.00314697,2.41625e-05
0.00423198,0.0032511,0.0012126,0.00292614,-0.000155211,0.00186464
0.00745694,0.00537809,0.0058098,0.00631666,0.000264974,0.000713712
0.0261526,0.0132634,0.0147202,0.0119639,0.00415264,0.0012994
0.0131162,0.00886725,0.0042766,0.00608107,0.00155343,0.00106579
0.00995256,0.00721961,0.0214689,0.0269428,0.00785789,0.0107748
0.013482,0.00577626,0.0102508,0.0141075,0.00271635,0.00108862
0.0230444,0.00790997,0.0153628,0.01973,0.00373931,0.00173564
0.0228835,0.0111182,0.0121755,0.00887611,0.00231274,0.000737598
0.025652,0.0113457,0.0140932,0.0129916,0.0025181,0.00283186
0.0139373,0.00901879,0.00550047,0.00543421,0.00182717,0.000341858
0.0092404,0.00646171,0.00372663,0.00647438,0.00140253,-4.98581e-05
0.00783838,0.00407778,0.0058011,0.00205673,5.09891e-05,0.000532632
0.00801473,0.00396355,0.0057749,0.00188626,3.74906e-05,3.92324e-05
0.00572182,0.00414698,0.00329585,0.00306725,-0.000124773,-0.000381768
0.00685581,0.0044875,0.00383645,0.00163895,0.000494507,0.00148659
0.00829627,0.00440073,0.00461385,0.00365973,0.00136444,0.00207942
0.0166214,0.0085303,0.0133257,0.00793825,0.00289217,0.00223717
0.0133196,0.0066203,0.00678121,0.00514439,0.000868193,0.00222375
0.008765,0.00641756,0.00286064,0.00366493,0.000717081,9.56931e-05
0.00389092,0.00301659,0.00252557,0.00601576,0.00121756,0.000386014
0.0203429,0.00696214,0.0109757,0.016379,0.00361795,0.0022001
0.0163667,0.00806285,0.00641124,0.00789593,0.00181503,0.000314911
0.00775488,0.00572442,0.00441227,0.00157825,0.000948933,0.00086338
0.00749856,0.00548749,0.00308222,-0.00127677,0.000676796,0.000486673
0.0174756,0.0120637,0.00895114,0.0112363,0.00254407,0.000567745
0.00988526,0.00515205,0.00337654,0.000905824,0.00148454,1.96111e-05
0.0103725,0.00580334,0.0031872,-0.000818344,0.000533804,0.00050367
0.0067415,0.0051207,0.00309586,0.00386699,0.000991968,0.00168829
0.00498915,0.00349341,0.00172556,0.00166436,7.02691e-05,-0.0005663
0.00849056,0.00570575,0.00610086,0.00925784,0.00168934,0.000473872
0.0207004,0.0130172,0.0135677,0.0193471,0.00321011,0.00246661
0.0244054,0.0141697,0.0148173,0.0195919,0.00354271,0.00400141
0.0054567,0.00346387,0.00277133,0.00087456,0.0018361,0.00394394
0.0168657,0.0110574,0.00724456,0.021013,0.00410547,0.0160217
0.0256877,0.0112765,0.00841482,0.0126471,0.00176217,0.000859218
0.0255215,0.0117565,0.00828834,0.0119395,0.00167608,0.00056358
0.00539733,0.00391866,0.0034088,0.00272664,0.000754865,0.000330889
0.0109563,0.00794881,0.00461914,0.00319462,0.000971264,0.000365819
0.0177092,0.0121611,0.00781946,0.00496252,0.00142539,0.000880511
0.00905383,0.00654662,0.00732388,0.00422728,0.000592639,0.0012824
0.0243923,0.0145772,0.00726673,0.0114722,0.00167545,0.00203561
0.0202689,0.00797348,0.00654889,0.00390764,-0.000903732,0.000419012
0.0151065,0.0102996,0.00703308,0.00953549,0.000858533,0.00153168
0.00631443,0.00491782,0.00844203,0.0178288,0.00657474,0.0114757
0.00704756,0.00507133,0.00413542,0.00386928,0.000171268,0.000911204
0.0250277,0.0105014,0.013641,0.00868385,0.00176922,0.0022621
0.0242224,0.0104777,0.0131556,0.00935379,0.0017824,0.00222354
0.0355109,0.0234132,0.0225811,0.0308007,0.00756472,0.00338897
0.00654142,0.00463997,0.00228076,0.00432971,0.000273906,0.000680347
0.0506218,0.0254451,0.022402,0.024721,0.00566079,0.00411776
0.0443241,0.0256095,0.0206344,0.0212964,0.00392244,0.00463218
0.0103316,0.00718693,0.00305047,-0.000112589,-0.000428931,0.000579166
0.0189606,0.0082663,0.0101548,0.0157359,0.00494475,0.00448817
0.0200134,0.00980383,0.00890532,0.0124562,0.00267772,0.00582708
0.00863625,0.00504937,0.00362775,0.00565762,0.00153666,-0.000197741
0.0131162,0.00849428,0.0080793,0.00853317,0.00263362,0.00141732
0.0158834,0.0107447,0.00837601,0.00755815,0.00348435,0.00384506
0.00792003,0.0037882,0.00445227,0.0109185,0.00351767,0.00649784
0.022285,0.0106356,0.00982948,0.0280298,0.00618035,0.00887633
0.0209168,0.0105627,0.00883691,0.0263836,0.00589772,0.00765067
0.00676813,0.00408604,0.00428358,0.00680984,-8.49335e-05,-0.000146804
0.0133928,0.00933671,0.00904396,0.00241839,0.00119963,0.00237126
0.0188162,0.0105364,0.00911012,0.00423928,0.0016992,0.00115983
0.00803494,0.00572607,0.00614552,0.00938433,0.00187755,0.00213031
0.0069097,0.00438871,0.004163,-0.000626694,0.000289369,-0.000136652
0.00479015,0.0035848,0.00238435,-0.00218379,-0.000454541,-0.000356479
0.00979685,0.00691512,0.00927225,0.0127943,0.00314799,0.00457004
0.0108758,0.00685017,0.00958294,0.013208,0.0023695,0.00380937
0.00894146,0.00635912,0.00241639,0.00103171,0.000317099,-0.000551528
0.0115333,0.00757434,0.00689015,0.00564122,0.000525325,0.000344961
0.00671613,0.00510269,0.00266452,-0.0022151,0.000370186,9.5483e-06
0.014156,0.0066904,0.0048689,0.00457931,2.89787e-05,-0.000525151
0.00635799,0.00455718,0.00230502,0.00391533,0.000285496,-0.000874054
0.00931022,0.00662134,0.00489357,0.00644687,0.000534006,0.000441007
0.0106597,0.00768079,0.0061268,0.0109132,0.00232791,0.000236288
0.00912629,0.00561655,0.00511544,-0.000203976,0.00114967,0.00205211
0.00732071,0.00333704,0.00334761,-0.00320214,0.000788174,0.000175685
0.006439,0.00447027,0.0033089,0.00247338,-0.000238229,-0.00122727
0.00751721,0.00570877,0.0040665,0.0031745,0.000581698,0.000157896
0.00528302,0.00383572,0.00203988,-0.00236973,0.00072709,-0.00105764
0.00962878,0.00637686,0.00498584,0.0105105,0.00247321,0.0018784
0.00983103,0.00519022,0.00530609,-0.000967032,8.81439e-05,-0.000180699
0.00852328,0.00635614,0.0036678,0.0045922,0.00134114,0.00196828
0.0203195,0.0136032,0.00559266,0.00541663,0.00244229,0.000635331
0.00679165,0.00437106,0.00176694,0.00364426,0.000176273,0.00135797
0.0124053,0.00826462,0.0070534,0.0097068,0.00174697,0.00215167
0.00496047,0.00362177,0.00222403,0.000269729,0.000767158,0.000222198
0.0197426,0.0109656,0.00942757,0.0102215,0.00196019,0.00113475
0.00371173,0.00307061,0.00130344,0.00218727,-0.000830555,0.000544668
0.0105483,0.00751833,0.00548848,0.00429678,-2.89052e-05,0.00084107
0.012411,0.00884288,0.00424389,0.00239843,-0.000573903,-0.000596868
0.0128626,0.00934658,0.00443106,0.00987713,0.00154442,0.00202518
0.00819131,0.00568626,0.0046529,-0.00225459,0.00082864,0.000545427
0.0105684,0.00719953,0.0034419,0.00171171,0.00163503,-0.000101642
0.00790171,0.005733,0.00291338,0.00794006,0.00237815,0.00071454
0.00894018,0.00548108,0.00399702,0.0050561,0.000280546,0.00292323
0.0144919,0.00565597,0.00761435,0.0118017,0.00257778,0.00310455
0.0143629,0.00663844,0.00814042,0.00902417,0.0024398,0.000728804
0.0057816,0.00400248,0.00165271,0.00254106,0.00139591,-0.000909631
0.011896,0.00852305,0.00417191,0.00409354,0.000659763,0.000394449
0.00566597,0.00368241,0.00190623,0.00348321,0.000302268,0.00128176
0.0124026,0.00878481,0.00439251,0.00292755,0.000866862,0.000571417
0.00490445,0.00352227,0.00234911,0.00052827,0.000138988,-0.000295037
0.00903109,0.00688152,0.00491197,0.00653086,0.00174983,0.00119136
0.00666005,0.00439917,0.00326795,0.00197881,0.000901836,0.00134829
0.0121404,0.00828288,0.00611787,0.00795171,0.00144628,0.0013676
0.0176584,0.00966635,0.00526135,0.0277048,0.00838375,0.0172403
0.00434566,0.00318898,0.00260086,0.00327989,0.000425428,0.000771308
0.00966459,0.00543894,0.00564732,0.00370729,0.00137944,-0.000800498
0.00395056,0.00312696,0.002554,0.00501363,0.00116996,0.000568049
0.0132214,0.00489969,0.00606985,0.00550405,0.00184991,-0.000361534
0.0162536,0.00915882,0.00623531,0.00675809,0.00188785,0.000234532
0.0160369,0.00956501,0.00594014,0.00523601,6.64333e-06,3.13064e-05
0.0309782,0.0111338,0.0184738,0.0177996,0.00486032,0.0085089
0.0356097,0.0112006,0.019686,0.0190988,0.00493462,0.0128995
0.0123321,0.00874117,0.0054291,0.00401402,0.000789212,0.00185529
0.0169437,0.00713566,0.00745062,0.00855412,0.00160362,0.00150569
0.0201847,0.00795448,0.00889748,0.00528215,0.00193022,0.00207612
0.00694509,0.00494105,0.00150567,0.00389597,6.11476e-05,-9.92414e-05
0.00766462,0.00511166,0.00609621,0.0101266,0.00241699,0.00222192
0.0180728,0.012083,0.00564252,0.00643211,0.00210503,-0.000154948
0.00733326,0.00358466,0.00174189,0.00127203,0.00134482,0.000308958
0.0125982,0.00888695,0.00273989,0.0098251,0.0015749,0.000982122
0.0198428,0.0118249,0.00706158,0.00573413,0.0011875,0.00188431
0.00361773,0.00309164,0.00322889,0.00269693,-0.000691775,0.000229009
0.00676048,0.00456944,0.00271968,0.01158,0.00425853,0.0102228
0.0165344,0.00980866,0.00769266,0.00916679,0.000762681,0.00148776
0.0293454,0.0190091,0.0277904,0.0316539,0.0046173,0.00219588
0.0222162,0.014511,0.00640372,0.00985504,0.00100507,0.00209653
0.00393292,0.00334778,0.00150627,0.00110368,0.000143476,0.000119328
0.0117183,0.00486141,0.00593297,0.0128835,0.0023482,0.00416584
0.0116957,0.00510555,0.00606427,0.0105772,0.000727114,0.0015479
0.00974114,0.00488197,0.00711984,0.00476869,0.0008936,0.000347233
0.0194349,0.00799011,0.00938593,0.0126785,0.000756052,0.00110585
0.0108838,0.00662177,0.00470691,0.00514559,0.00121962,-0.0012212
0.016296,0.0111112,0.00562583,0.00811694,0.000835432,0.00149238
0.0117372,0.00783308,0.00589618,0.00627605,0.00176052,0.00344714
0.0134085,0.00906259,0.00370889,0.0124731,0.00257296,0.00708219
0.00672775,0.00502153,0.00391647,0.00293501,0.0009176,0.0015484
0.0117449,0.00633237,0.00742246,0.0125889,0.00451401,0.00710949
0.00706542,0.00500721,0.00364525,0.00456608,0.00133907,-0.000536799
0.0056791,0.00405632,0.0101899,0.0139444,0.00504097,0.0290407
0.00418011,0.00308652,0.0041677,0.00937992,0.00195693,0.00104081
0.00426986,0.00296308,0.00241927,-0.00373033,-0.000587173,-0.00170873
0.0255514,0.0121213,0.00811101,0.00941049,0.00267477,-0.000638057
0.0249592,0.0119934,0.00800789,0.0086671,0.00236082,-0.000248438
0.012018,0.00531395,0.00844876,0.0206832,0.0068782,0.0167142
0.00757485,0.00589281,0.00291482,0.0106635,0.00107995,0.00107229
0.00994396,0.00705602,0.00284629,0.00578619,-0.000288641,-0.000486832
0.0194198,0.0117694,0.0108793,0.010112,0.00138202,0.00106275
0.014388,0.00930675,0.00875408,0.00903463,0.000972859,0.00191534
0.0118402,0.00824703,0.00365989,0.00491143,0.000609733,4.70061e-05
0.0191022,0.00989075,0.00648397,0.00458198,0.00186191,0.000894873
0.0173657,0.00959032,0.00614589,0.00225806,0.000991023,-0.000397152
0.00568736,0.004149,0.00280551,0.00178344,5.04127e-05,0.001114
0.00385031,0.00305438,0.00230753,-0.000616809,0.000306214,-0.000584506
0.0354914,0.0220617,0.0149563,0.0213432,0.00564786,0.00249634
0.045142,0.0238385,0.0180611,0.0198938,0.00560666,0.00313525
0.0158303,0.00807212,0.00848634,0.00639813,0.00125992,0.00124968
0.0173874,0.00826046,0.00877214,0.00461812,0.00187416,0.00175798
0.00882535,0.0066472,0.00315113,0.00630776,0.000516382,0.000299488
0.0131958,0.00926274,0.00701369,0.00907598,0.00196152,0.00188864
0.00591126,0.00431283,0.00239278,-0.00122158,0.000640404,-0.000928091
0.00634465,0.00463562,0.00141928,0.0112169,0.00357292,0.00770206
0.0193078,0.0127717,0.00566794,0.00800635,0.00127361,0.000180364
0.00378675,0.00297733,0.00194437,-0.000641827,-0.000988737,0
0.00764336,0.0055982,0.00442864,-0.00211785,0.00121726,0.000646891
0.0320254,0.018591,0.0112164,0.00940611,0.00169902,-0.000179526
0.0121083,0.00506608,0.00536596,0.00707133,0.00268063,0.00179915
0.00832329,0.00583292,0.00324498,0.00515632,0.000870414,0.000783374
0.00427061,0.0031656,0.00313888,0.00480041,-0.000411852,-0.000743976
0.0112329,0.0065361,0.00511039,0.00376708,0.000830566,-0.00171141
0.0144239,0.00701697,0.00637775,0.00274795,0.0013676,-0.000809751
0.00942165,0.00489896,0.00454238,-0.00141874,0.00068452,-0.000316586
0.00810498,0.00582622,0.00489404,0.0130227,0.000992221,0.00213501
0.00428375,0.00308486,0.00195235,-0.00290007,0.00134865,-0.00101416
0.00647494,0.00456716,0.00185526,0.000201995,-9.03133e-05,0.00247898
0.01148,0.00789827,0.00963213,0.00255377,0.00115345,0.00061929
0.00862525,0.00402871,0.00382832,0.00999431,0.00272188,0.000205122
0.0151569,0.00844011,0.00635771,0.0139926,0.00267247,0.000433331
0.0202517,0.0145115,0.00666918,0.0102405,0.00222356,0.000239219
0.00468875,0.00334136,0.00214951,0.00434545,0.000163782,-0.00073328
0.0109299,0.0079167,0.00485156,0.00448623,1.71965e-05,0.000694392
0.0196645,0.0127101,0.00810805,0.0103895,0.00216457,0.00059691
0.0127882,0.00907938,0.00499888,0.00715252,0.000933478,0.000688152
0.0104096,0.00765884,0.00324003,0.000234359,0.000743642,0.000600041
0.00709685,0.00371921,0.00534518,0.00186946,0.000351959,0.000832853
0.00918919,0.00392665,0.00590305,0.000866265,0.000651141,0.00158141
0.0180114,0.00806029,0.00719964,0.00653842,0.00194762,0.000215771
0.0201588,0.00871069,0.00949559,0.00909667,0.00171799,0.000283134
0.0124851,0.00700064,0.00773769,0.0415461,0.0146124,0.0339012
0.0109155,0.006765,0.00707099,0.0359353,0.0108733,0.0305769
0.00721372,0.0052726,0.00247399,0.00395317,0.000941077,-0.000825098
0.0065593,0.00489404,0.00345746,0.00171142,0.000794134,0.000949866
0.00537722,0.00364922,0.0016008,0.00127962,0.000704702,0.000793966
0.0060933,0.00357835,0.00357531,0.00198665,-0.000346152,-0.000114594
0.00883614,0.0064881,0.00508638,0.00588776,0.000432322,-0.000557739
0.00427116,0.00299949,0.00385103,0.00336878,0.000811032,0.000468176
0.0173967,0.0118493,0.00583553,0.00623109,0.00106277,0.000364209
0.010446,0.00486553,0.00540946,0.00719798,0.000174218,-0.000212975
0.0102813,0.00442475,0.00496299,0.00540062,0.000223531,0.000392135
0.0285343,0.0158048,0.0294832,0.030811,0.00733608,0.00483111
0.023323,0.0134574,0.0117103,0.0170829,0.0032783,0.000825741
0.0176979,0.0117713,0.00850315,0.0129663,0.00183472,0.000543215
0.00891469,0.00390266,0.00289717,-0.00272416,-0.000139144,0.00113191
0.0173796,0.0110909,0.00521177,0.00644057,0.000533641,0.00165523
0.0139453,0.0093844,0.00895972,0.0093407,0.00188119,4.47071e-05
0.00691465,0.00480429,0.00376611,0.00914307,0.000168504,-0.000158287
0.00691828,0.00480791,0.00259809,0.0015244,0.000421615,0.000886658
0.00633468,0.00365001,0.0031393,-0.000119447,-0.000237067,0.00094439
0.0148026,0.00438487,0.00838268,0.00951436,0.00117206,0.000205968
0.0126341,0.00430014,0.00692653,0.00868274,0.000491575,-0.000268289
0.0100199,0.00669745,0.00468208,0.00698909,0.00169673,0.000180646
0.0348067,0.0221066,0.0130155,0.0127461,0.00255766,0.00223607
0.0171007,0.0118035,0.00622312,0.00508191,0.000447445,0.000773301
0.021049,0.0146707,0.00709766,0.00631407,0.00203347,-0.000403013
0.00666926,0.00484395,0.00778967,0.00954149,0.00211801,0.00198132
0.0067246,0.00470881,0.00297921,0.00432041,0.000885184,0.0023891
0.00606008,0.00424913,0.00477889,0.00206209,-0.000255164,0.000641498
0.00605991,0.00448449,0.00200005,0.0074599,0.00174516,7.23798e-05
0.00753828,0.00526572,0.00433722,0.00743979,-8.85107e-05,0.000130602
0.0138542,0.0102558,0.00409139,0.00575412,0.000348518,-0.000849904
0.016112,0.0115592,0.0108682,0.00670904,0.000974625,-0.000298009
0.0206976,0.0139659,0.00687951,0.0119729,0.00312266,-8.9252e-05
0.0173347,0.00711471,0.00748574,0.00577891,0.00259439,-0.00035048
0.0188063,0.00948823,0.00917874,0.012885,0.00265004,-5.44845e-05
0.00495228,0.00356226,0.00137712,0.00231949,-0.000473653,-8.64839e-05
0.01171,0.00820454,0.0122733,0.00965892,0.00294072,0.000212386
0.00653135,0.00460665,0.0040334,0.000949236,-0.000321159,-0.00063135
0.0176147,0.00692574,0.0121558,0.010324,0.00262021,0.00161408
0.0095636,0.00673744,0.00547549,0.00447297,0.00217536,0.000187568
0.00864677,0.00578319,0.00408764,0.00287116,-0.000201682,0.000201338
0.0105282,0.00734803,0.00428213,0.0022312,0.000977008,0.000193553
0.0064639,0.0047905,0.00354976,0.00327376,0.00155935,0.00106688
0.00945378,0.00565536,0.00678998,0.00648795,0.00225882,0.00115368
0.00896593,0.0041693,0.00318009,0.00365191,1.25187e-05,0.000125279
0.00497894,0.00357166,0.00223347,0.000794985,-0.000584272,0.00095211
0.0198516,0.0119066,0.00888414,0.0088098,0.000507864,0.00125228
0.0151188,0.00960284,0.0068598,0.00899002,0.000381441,-5.68521e-05
0.0080144,0.00544028,0.00263323,-0.00481685,0.00120862,0.000352574
0.00513226,0.00400816,0.00167113,0.00287007,-0.000537416,-0.000683977
0.00980222,0.00622135,0.00356173,0.00214902,0.00042264,0.000708584
0.00534305,0.00377858,0.00320982,0.00394194,-0.000387867,0.00141096
0.0102019,0.00731804,0.00956328,0.00292985,0.00144751,-0.00046408
0.0176513,0.0123061,0.0089933,0.00711146,0.00157509,0.00127907
0.0116016,0.00830468,0.00350278,0.00254338,0.0015803,-0.000946976
0.00937077,0.00663386,0.00507375,0.00665634,7.64828e-05,-0.00122705
0.0283271,0.0114468,0.0146957,0.0227083,0.0044687,0.0016716
0.0272326,0.0110087,0.0149575,0.0187445,0.00361238,0.00247743
0.00975176,0.00605853,0.0051668,0.00348701,0.000543682,-0.000615505
0.0134211,0.00805552,0.00682322,0.00213769,0.000282341,0.00163088
0.0119697,0.00854004,0.00611367,0.0115216,0.00168077,0.00139844
0.0104655,0.00754874,0.00387494,0.0033731,0.000701069,0.000165812
0.0120296,0.00514561,0.00615503,0.00836444,0.00151508,-0.000211795
0.0123282,0.00517815,0.00635509,0.00674131,0.00135826,-0.000612581
0.00725164,0.00523196,0.00583681,0.00291748,0.000758142,0.000596045
0.0197207,0.0138954,0.00675309,0.00627246,0.00141257,0.000193484
0.00838451,0.00630472,0.00211561,0.00273727,3.48245e-05,-0.00071453
0.0247802,0.0160063,0.0135355,0.024794,0.00859054,0.0137625
0.00720091,0.00516683,0.00502472,0.00488925,0.00102583,2.49384e-05
0.00835096,0.0058598,0.00523345,0.00432732,0.000562492,0.00118
0.00719664,0.00512972,0.00257109,-0.00305526,-0.000634622,0.000742302
0.0152158,0.00939807,0.00464485,0.00538288,0.00192335,0.000356468
0.0235136,0.0123441,0.00878843,0.0104291,0.000903094,0.000833701
0.0138826,0.00919229,0.00540913,0.00496167,-0.000334881,-0.000536713
0.0202926,0.013891,0.00584452,0.0114341,0.00139732,0.000264063
0.00402638,0.00302847,0.00334902,0.00162322,0.00115496,0.000817259
0.0096324,0.00716513,0.00571431,0.00371011,0.000887534,-0.00188455
0.0167132,0.0115391,0.00583001,0.0138606,0.00251582,0.00167414
0.00477339,0.00374689,0.00264524,0.00162753,0.000963838,0.000685265
0.00631564,0.00460015,0.00430623,0.000223842,0.000356996,0.000470043
0.0152292,0.00657827,0.00539154,0.00619211,0.000566356,0.00232801
0.00881389,0.00644637,0.00515149,0.00419287,0.00185659,0.000379858
0.00398189,0.00332667,0.00124071,0.00502332,0.000492629,0.00214258
0.00732004,0.00534657,0.00358958,0.00213183,0.000707551,-0.00112227
0.00976152,0.00721145,0.00417621,0.00263211,-1.76915e-05,0.000192255
0.00996105,0.00671004,0.00343426,0.00523399,9.10816e-05,-0.000969127
0.0170117,0.0110826,0.00500743,0.00534653,0.000796291,0.00153157
0.00474954,0.00353155,0.00251074,0.00393226,-0.000126289,0.00142233
0.00484188,0.0035604,0.00231342,0.00227928,0.000326612,-0.000364495
0.0141884,0.00992528,0.00446189,0.00350113,0.00190062,-0.000617164
0.00831173,0.00350178,0.00364308,0.00377602,0.000582154,0.000536683
0.00613001,0.00413769,0.0034212,0.000854363,-0.000406113,-8.36301e-05
0.00830131,0.00586847,0.00360997,0.00106621,-8.56636e-06,0.000392571
0.0182054,0.00807935,0.0143708,0.0121241,0.00152673,0.00265538
0.0187945,0.00798353,0.0147061,0.0117929,0.00165417,0.00316023
0.0126826,0.00514763,0.00505435,-0.000150789,0.00156575,0.000224159
0.0126757,0.00514961,0.00489797,-0.00116032,0.00138217,-0.000947392
0.0173663,0.0109018,0.00773679,0.00763506,0.00129938,0.000927248
0.00514809,0.00343413,0.0022027,0.00410391,0.00048526,-0.000155347
0.00719069,0.00531137,0.00297184,0.00678133,0.000628152,-0.000377299
0.0112742,0.00794195,0.00394067,0.00346702,-0.00127777,-0.00041541
0.00695124,0.00320248,0.0048999,0.013815,0.00428801,0.0124634
0.00718242,0.00374461,0.00469688,0.0110771,0.00204137,0.00540458
0.0127299,0.00888075,0.00451874,0.010578,0.00198174,-2.5076e-05
0.0105301,0.00721135,0.00275156,0.00689354,0.000279658,0.000649479
0.00854055,0.00435133,0.00261591,0.00689881,0.002072,0.00736006
0.00695486,0.00541444,0.00431277,0.00232814,0.00221968,-0.00095017
0.0112666,0.0084193,0.00429894,0.00762732,0.00105123,0.000305734
0.0137047,0.00886524,0.00461982,0.0101188,0.00107601,-0.000617494
0.0107314,0.00774883,0.00460606,0.00523394,0.000315113,0.00164333
0.0118155,0.00702122,0.00483735,0.00378245,-0.000415299,0.00199779
0.016702,0.00793738,0.00716063,0.0094326,0.00155597,0.00103955
0.0161169,0.00802046,0.00698549,0.0102168,0.00173001,0.0007864
0.00863624,0.00621188,0.00304056,-0.000326839,0.00134317,0.00159107
0.0135531,0.00863942,0.00409491,0.00904233,0.00106252,0.00139442
0.0296789,0.0196344,0.0139859,0.0167626,0.00359578,0.00190351
0.0168205,0.0115622,0.00604268,0.00630386,0.000795424,-0.000511143
0.0254775,0.0115626,0.0221397,0.0233035,0.00496546,0.00398607
0.0356281,0.00980421,0.0233717,0.0235178,0.00509765,0.00261004
0.0269512,0.0104101,0.0131594,0.0149609,0.00300975,0.00137405
0.0162617,0.00898105,0.00670884,0.00978375,0.00153146,-0.00106344
0.0151367,0.00628593,0.00554984,0.00641879,0.000776424,-0.00037046
0.00442255,0.00305605,0.00244382,0.00444316,-0.000131876,0.00157257
0.0140217,0.00812695,0.0108485,0.0111044,0.00276976,0.00172433
0.00867294,0.00613927,0.00563691,0.00197024,0.00223229,0.00122882
0.0129409,0.00673574,0.00777423,0.0127759,0.00278583,0.00294008
0.00739706,0.00545625,0.00611109,0.00517402,0.00106951,0.000605135
0.0104219,0.00739179,0.00431907,0.000852641,0.000374347,-0.000354846
0.0100316,0.00599982,0.0042007,0.0051474,-9.7124e-05,0.000811643
0.0174563,0.0121817,0.00478554,0.00724655,0.00213836,-0.000766988
0.00992475,0.00459488,0.00536165,0.00435032,0.000920959,0.000645886
0.00984831,0.00395539,0.00506548,0.00454257,0.000396908,-0.000138385
0.00906117,0.00398671,0.00471263,0.00422433,-0.000341002,-0.00115732
0.0118936,0.0083534,0.00478507,0.000444617,6.62857e-05,0.000122826
0.014565,0.0102618,0.0058142,0.0062581,0.000726495,0.00240204
0.0124646,0.00796608,0.00418947,0.00857964,0.000925204,0.0001738
0.0149998,0.00959647,0.00745284,0.0148876,0.00240181,0.000555737
0.00637267,0.0044175,0.003413,0.00664824,0.00145202,0.000200427
0.00724319,0.00533993,0.00502702,0.00878872,0.0020629,0.000291084
0.00775105,0.00581179,0.00526319,0.00690712,0.00103846,-0.00081901
0.00635754,0.00467646,0.0029998,0.00328356,0.000496016,0.00144904
0.0152735,0.0109739,0.0204404,0.0161469,0.00337237,0.00206077
0.00426142,0.00330752,0.00237609,0.00403296,0.000936905,0.000382079
0.0208258,0.0142262,0.0116825,0.0180807,0.00268412,0.00780795
0.0047022,0.00372695,0.00159168,0.000179971,-0.000212962,-6.09488e-05
0.0327703,0.0190456,0.011409,0.011531,0.00195757,0.00122934
0.0378142,0.0123485,0.0119844,0.018276,0.00240396,0.00454559
0.0112091,0.00771071,0.00386712,0.00382204,0.000312804,-0.000333579
0.00735366,0.0046793,0.00289103,0.0026422,0.00104635,-0.000325183
0.00815535,0.00463881,0.0029833,0.00248901,0.000689086,-0.000362436
0.00594937,0.0039493,0.00184417,0.00178899,-0.00059853,0.00160214
0.00498724,0.00357695,0.00168369,0.000320362,-0.00118774,-5.89495e-05
0.0254801,0.0156387,0.0338305,0.059855,0.0135873,0.0131414
0.039337,0.0249067,0.0202696,0.0239778,0.00551935,0.00177835
0.0266206,0.0108502,0.0133914,0.0229279,0.00545871,0.00395692
0.0288103,0.0110028,0.0149412,0.0189947,0.00421318,0.00283441
0.0228567,0.0137112,0.0109674,0.011666,0.0025766,0.00218587
0.0113863,0.00629098,0.00494863,0.00452199,0.0010814,0.00223108
0.00984055,0.00693869,0.00204002,0.00869685,0.00266704,0.00571465
0.0151591,0.00928191,0.00755556,0.00772225,0.0011409,0.00137598
0.0107903,0.00535736,0.00648062,0.00659306,0.000703229,0.00157208
0.00736445,0.00560681,0.00376748,-0.00154326,0.00123997,0.000433638
0.0116403,0.00749173,0.00519323,0.00631692,0.0011648,0.000117634
0.0124471,0.00617959,0.00700391,0.00605675,0.0017904,0.000566356
0.0109884,0.00481899,0.00549943,0.00437731,0.000996516,0.000699063
0.0185021,0.0123001,0.00507121,0.00253965,0.00148087,0.00271955
0.00671818,0.00500362,0.00506838,0.00552616,0.000575079,0.000391794
0.00787218,0.00561236,0.00378264,0.00639481,0.000473444,0.000560667
0.0105336,0.00794566,0.00372916,0.00245441,0.00075252,-7.02961e-05
0.0103605,0.0072026,0.00370589,0.00634598,0.0012384,0.000310376
0.0191319,0.0114448,0.00970933,0.00808838,0.00293872,0.0009994
0.0122338,0.00839775,0.00601869,0.00938421,0.00239059,1.50445e-05
0.0208697,0.00807998,0.0142798,0.0181722,0.00666894,0.00151745
0.0202961,0.00811562,0.0144331,0.0166309,0.00598311,0.00193324
0.00607765,0.00446407,0.00252958,0.0012106,0.00136718,0.000973854
0.00522234,0.00334227,0.0018905,0.00522656,0.00100765,0.00142212
0.00640204,0.00356646,0.00422323,0.00401493,-1.54172e-06,0.000645204
0.0202815,0.0120077,0.00697527,0.00992042,0.0023001,0.0020331
0.00393877,0.00298026,0.00222932,0.00258331,0.000163849,-7.36669e-05
0.00652263,0.00491255,0.00288051,0.00186309,-0.0001746,0.00015191
0.00595317,0.00426153,0.00241087,0.00291259,9.31667e-05,-0.000285832
0.011597,0.006553,0.00515548,0.00528711,0.00119945,0.00232433
0.0172847,0.0115618,0.00650681,0.0226701,0.00713284,0.0134772
0.00830703,0.00615554,0.00378452,0.000966587,0.00136587,0.000222316
0.0204738,0.00821284,0.00827853,0.0113262,0.00332106,0.00104379
0.0228645,0.0102653,0.0089433,0.00843376,0.00292443,0.000349306
0.00945524,0.00685677,0.0038377,0.00604522,0.000895351,-0.00155983
0.00687958,0.00400895,0.00380006,0.00583588,0.00124949,0.000424965
0.0150314,0.0101344,0.00597644,0.00718994,0.00170437,0.000415476
0.00573082,0.00446784,0.00334349,0.00234452,0.000265994,-0.000174189
0.00669506,0.004642,0.00239951,0.00160332,-1.08552e-05,0.00122584
0.0117318,0.00783571,0.0107632,0.021395,0.00363991,0.000777059
0.011305,0.00790394,0.00711443,0.00490346,0.000942785,0.00195834
0.00967567,0.0067245,0.00379474,0.000634237,0.000717146,0.00122467
0.0197006,0.0103613,0.0088478,0.011128,0.000968952,0.000568819
0.00764809,0.00575835,0.00437438,0.00628145,0.00223971,0.00198113
0.0058166,0.00336361,0.00322347,0.000958602,0.000102755,1.43693e-05
0.0150312,0.0101896,0.00828472,0.00542545,0.00103961,0.00156858
0.0187841,0.0113811,0.00914573,0.00936756,0.000586798,0.00156829
0.00727757,0.00497572,0.00438337,0.00428484,0.000336827,-0.000561169
0.00931868,0.00402137,0.00502208,0.00712056,0.000549512,-0.000556492
0.0141841,0.00399442,0.00789189,0.00942352,0.00116545,-0.0002883
0.0100016,0.00430201,0.00524443,0.00758874,0.00138508,0.000453816
0.0107339,0.00696499,0.00355171,0.00394467,0.000262612,0.000458173
0.00795678,0.00575503,0.00354158,0.00516193,0.000905373,-0.000574087
0.00778454,0.00425418,0.00602593,0.00307622,0.00111767,-0.0010769
0.0141773,0.00882381,0.00777568,0.00344778,-0.000388358,0.000643612
0.00834103,0.00469194,0.0047103,0.00602559,0.000206294,-0.000253224
0.00722091,0.00529187,0.00272127,0.00738468,0.000428168,-0.00146466
0.0105718,0.00739832,0.00565007,0.00250723,0.00023221,-0.000312998
0.00450807,0.00323638,0.00567798,0.00238476,0.000431458,0.000103709
0.00654348,0.00495798,0.00593324,0.0208723,0.00777914,0.0150195
0.0182673,0.00842249,0.00863603,0.0113222,0.00274228,0.00103252
0.0186277,0.00851664,0.00844173,0.0116984,0.00280042,0.00074193
0.032117,0.0114924,0.0125891,0.037392,0.00704433,0.0153399
0.0060777,0.00443675,0.00535892,0.00719708,0.00447402,0.00918292
0.00803737,0.0056154,0.00345022,0.00577674,-0.000919113,1.33433e-06
0.00633944,0.00377395,0.00658289,0.00966186,0.00208745,-4.41672e-05
0.00761609,0.00493473,0.00390226,0.00334455,0.000450833,-0.000357218
0.00575086,0.00394726,0.00128692,0.00248524,0.000635433,0.00106485
0.0122232,0.00906272,0.00388844,0.00552135,0.00190148,0.000980602
0.0195815,0.010669,0.0080437,0.00838116,0.00283727,0.00105147
0.00693245,0.00501237,0.00278528,0.0180711,0.00631843,0.0124526
0.0178634,0.0124116,0.00835118,0.00862839,0.0016021,0.0012752
0.0196713,0.0109073,0.00949463,0.00918158,0.00169469,0.00188857
0.0157951,0.00928292,0.010329,0.0119374,0.00134809,0.00176993
0.00512347,0.00375104,0.00415246,0.000451909,0.000797986,-2.99463e-05
0.0115655,0.00794566,0.00449092,0.00739807,0.00115785,0.000748449
0.0101029,0.00680333,0.00420669,0.00461246,0.00102317,0.000882592
0.00876086,0.00486999,0.00312324,0.00715303,0.00267771,0.00660365
0.00492067,0.00337332,0.0022197,0.00314116,-0.000412053,0.00170089
0.00515536,0.00376272,0.00266049,-0.00127427,0.000468313,-0.000594294
0.0164584,0.0116621,0.00784344,0.0114883,0.00164091,0.000718878
0.00768325,0.00539993,0.00294797,0.00479512,0.000207931,0.00116561
0.0064367,0.00476659,0.003341,0.00336383,-0.000302227,0.00161455
0.00577436,0.00439662,0.00267293,0.000164591,0.00113469,0.000817979
0.00848658,0.00571833,0.00319338,0.00376027,0.000901562,0.000134615
0.0151969,0.0104444,0.00742857,0.00875797,0.00195411,-0.000529723
0.0054947,0.00402259,0.00195302,0.00407768,0.000753589,-0.00208767
0.012507,0.00702585,0.00982976,0.0101122,0.00175502,0.000970162
0.0153205,0.00786995,0.0129283,0.012989,0.00226528,0.000982643
0.00563909,0.00379101,0.00432433,0.00205143,0.00123278,8.78314e-05
0.0106742,0.00758519,0.00892854,0.00670829,0.0020527,0.000475388
0.00754559,0.00530944,0.00524721,0.00962048,0.00329236,0.0010436
0.0215563,0.0110868,0.00908781,0.0102245,0.0013118,0.000287951
0.0277937,0.00996456,0.0135165,0.0174414,0.000908449,0.000757319
0.0180657,0.00685207,0.0101776,0.01567,0.00125721,0.000740285
0.0162487,0.0103608,0.008643,0.0125657,0.00289928,0.00068712
0.0095705,0.00681341,0.00298184,0.00770173,1.47552e-05,-0.000501996
0.0248025,0.0114411,0.0350791,0.0449094,0.00693742,0.0034006
0.0175614,0.0120468,0.00554818,0.00765587,0.001135,2.43617e-05
0.00596595,0.00398595,0.00189634,-0.00115569,-0.000722536,-0.000137281
0.0065377,0.00385221,0.0031519,0.00105281,0.000428971,0.00113441
0.0154559,0.0104948,0.00428679,0.00459053,0.0011993,0.000334355
0.008584,0.00595851,0.0102552,0.0120889,0.00358573,0.00122423
0.0114392,0.00628515,0.00525798,0.00117992,0.00123765,0.000776816
0.0118216,0.00732626,0.00754322,0.00328633,0.00167586,0.000937038
0.00450216,0.00367747,0.00381958,-0.000135257,0.000599403,0.000256345
0.0145727,0.00704844,0.00731721,0.00419116,0.0011085,-0.000728495
0.0141627,0.00694028,0.00717408,0.00248715,0.000959001,-0.00133829
0.0169371,0.00804839,0.00693767,0.00951812,0.00135317,0.000769073
0.0267832,0.0142925,0.00934865,0.0116623,0.00123285,0.000273986
0.0140265,0.00880957,0.00571928,0.00657694,0.001805,0.000625117
0.00813479,0.00398142,0.00440861,0.0051536,0.000561307,-0.00124322
0.0255097,0.00994088,0.0153105,0.0131204,0.00416539,0.00206449
0.0272242,0.0115613,0.0108198,0.012354,0.00422625,0.00123318
0.00937105,0.00728374,0.00460027,0.00450314,-0.000397835,0.000278718
0.0134174,0.00588569,0.00672968,0.0158528,0.00349012,0.00024721
0.0136587,0.00590029,0.00659844,0.0132941,0.00275595,-0.00041192
0.0109016,0.00752218,0.0040295,0.000658579,0.000845784,-0.000341983
0.0151531,0.010086,0.00664888,0.00950937,0.00275025,0.000473526
0.00911811,0.00636915,0.00437104,0.00162995,0.00059217,0.00103566
0.0265416,0.0112947,0.010142,0.00643922,0.00273804,0.000293035
0.0276903,0.0112707,0.0102727,0.00424248,0.00259541,0.000456077
0.00475676,0.00382647,0.00414255,0.00418013,0.000271537,-0.000329552
0.00670187,0.00485979,0.00344454,-0.00355438,0.000575103,0.00129338
0.00715825,0.00340532,0.00287525,0.00106601,-9.94276e-05,0.000172666
0.00714727,0.00364503,0.00279308,-0.00421804,-0.000728125,0.000367497
0.00397617,0.00308987,0.00217119,0.00111213,2.13089e-05,0.000581119
0.0351433,0.0156683,0.0128808,0.0313518,0.0112142,0.0196887
0.0157861,0.0109527,0.00781301,0.00810915,0.00268617,0.00124521
0.0216782,0.015151,0.00571674,0.0147804,0.00235088,0.000321269
0.00786088,0.00565529,0.00389044,0.00804345,0.00109709,0.00107406
0.0165368,0.0109468,0.00580273,0.00869973,0.000869811,0.000783109
0.00747316,0.00541937,0.00333834,0.0102649,0.00105166,0.00191532
0.00582705,0.00395459,0.00291337,0.00288952,-0.000221336,-0.000967736
0.0253223,0.0137658,0.00927247,0.00745265,0.00263794,0.00278873
0.00542178,0.00387635,0.00218351,0.00228596,0.000352298,-2.98101e-05
0.00832767,0.00573287,0.0035635,0.000968141,0.000443955,0.00210883
0.00699016,0.00348656,0.00420795,-0.000116334,0.00220151,0.000632177
0.0209665,0.0114197,0.0109437,0.00777447,0.00270983,0.000257604
0.0179868,0.0114433,0.00903772,0.00684864,0.00151157,0.000948991
0.00434488,0.00357028,0.00255529,-0.000211862,0.0002222,0.000118206
0.00557338,0.00373017,0.00278527,0.00107947,-0.000570312,-0.000475411
0.0049372,0.00361568,0.00230491,-0.00233194,0.000344084,-0.00127888
0.0100463,0.00420446,0.00715818,0.00511822,0.00331914,0.00113253
0.0117883,0.00626622,0.00925532,0.0110259,0.00371537,0.00100804
0.0192805,0.0117784,0.00789058,0.0132231,0.00258721,-3.26803e-05
0.0199939,0.00734855,0.00914411,0.0155272,0.00367476,0.00531599
0.0186735,0.00652847,0.00987413,0.0169103,0.00396911,0.00708461
0.0150432,0.00585561,0.00780413,0.0084963,0.00125527,0.00149871
0.00512802,0.0037617,0.00128752,0.00179314,0.000466013,0.000409716
0.00474057,0.00353328,0.00344693,0.0046437,-0.000670163,0.00108952
0.0156727,0.0109994,0.00616736,0.00464758,0.000495807,0.000343255
0.0159621,0.0112528,0.0130859,0.0143089,0.00204362,0.00267442
0.00566652,0.0040457,0.00393478,-0.000769447,-0.000112803,-0.000142375
0.00772709,0.00509913,0.0021138,0.00391016,-0.000353469,0.000323083
0.010747,0.00809327,0.00424401,0.00201149,0.000935718,0.001634
0.00439429,0.0030479,0.00156611,0.00418328,-0.000404788,0.000396221
0.011443,0.00449616,0.00641859,0.00430906,0.00167439,0.000657464
0.0145492,0.00674231,0.00792739,0.00600786,0.00132682,0.00191164
0.0162612,0.00890482,0.00775802,0.00935895,0.00218685,0.00138288
0.0196511,0.0102452,0.00858949,0.0108302,0.000440088,0.000280886
0.0142549,0.0101337,0.00811135,0.00879757,0.000689627,0.0011873
0.0173211,0.010121,0.00708279,0.00502719,0.00138921,0.000748538
0.00852931,0.00431075,0.00530402,0.00523967,0.00175979,0.00287526
0.010202,0.00479925,0.00568681,0.00556227,0.00189203,0.00295252
0.0145262,0.00942677,0.00719344,0.00596967,0.00137722,0.000215629
0.0105628,0.00508016,0.00608491,0.00856913,0.00115105,0.00281785
0.0104557,0.0051516,0.00567997,0.00664174,0.000487585,0.00165465
0.00827714,0.00537156,0.00389493,0.00120516,0.000767376,0.000333837
0.00615658,0.00341745,0.00250817,0.00467851,0.000632174,-0.000108094
0.0114219,0.00729755,0.00388825,0.00559212,0.0011625,0.00184861
0.0147019,0.0102441,0.00559838,0.0130636,0.00230758,-0.000669697
0.00644657,0.00467385,0.00334601,0.00298341,0.000364137,0.000501368
0.0163894,0.00895136,0.0122089,0.0200494,0.00641182,0.00795642
0.0142733,0.00684484,0.00955358,0.0136491,0.00492129,0.00957437
0.00816318,0.00625051,0.00417604,0.00343077,0.00085805,0.000909467
0.0286822,0.015495,0.0115469,0.0210674,0.00711889,0.0168443
0.0091869,0.00570823,0.00389964,0.00312414,0.000972273,0.00238879
0.00742395,0.00526472,0.00223408,0.00605204,0.00147467,0.00109664
0.0109887,0.00690687,0.0122822,0.0138135,0.0032006,0.00172699
0.0110753,0.00633663,0.0068157,0.00449856,0.000329702,0.000156411
0.0242915,0.014624,0.0108874,0.0113807,0.0025371,0.00235221
0.0348749,0.0187386,0.0359599,0.0473917,0.0121574,0.00556845
0.026739,0.00991296,0.0208574,0.0194755,0.0035877,0.00276669
0.00776202,0.0047243,0.00394591,0.00730566,0.000386055,-0.0009657
0.00637286,0.00316845,0.00325029,0.00303166,0.000557007,0.000654608
0.00896902,0.00564976,0.00316335,0.00383442,0.00145144,0.000997085
0.006329,0.00473691,0.00226985,0.00274219,0.00121145,0.000381584
0.00965114,0.00715484,0.00367572,0.0104099,0.000900342,-0.000380723
0.0147082,0.00648535,0.00741198,0.00366948,0.00267481,0.00107154
0.00953971,0.00539302,0.00440735,0.0166033,0.00680906,0.0145393
0.0230948,0.0155575,0.00880425,0.0143106,0.00214091,0.000168541
0.00607239,0.00416166,0.00243469,0.000320492,0.000480815,0.000534285
0.0167542,0.0093466,0.00422909,0.00431915,0.00153825,-0.00109952
0.00604512,0.00433159,0.0030857,0.00346533,0.00168584,0.00136338
0.00791553,0.0054073,0.00270766,0.00477925,0.000606406,-0.000778608
0.0097426,0.00698527,0.00380029,0.00534537,0.00207032,0.00125315
0.0109231,0.00582811,0.00521501,0.0018212,0.00137679,0.000202837
0.0155911,0.0068796,0.00663098,0.00850051,0.00222019,0.000210372
0.0111983,0.00770475,0.00880395,0.00926357,0.00239835,0.00234651
0.00431493,0.00330614,0.00325137,0.00391686,0.000486499,-0.00142039
0.0216666,0.0138958,0.00778283,0.0117317,0.00199497,0.000182965
0.0167744,0.0116627,0.00731803,0.00742032,0.00102699,-9.86551e-05
0.0133854,0.00960293,0.0118268,0.0060744,0.0013236,0.000546885
0.00568881,0.00392312,0.00262533,0.0019034,0.000619232,-0.000961623
0.00657014,0.00501804,0.0054267,0.00483569,0.00129863,0.000996042
0.0116231,0.005076,0.00531107,-0.00314723,0.000756718,0.000168813
0.0145071,0.00764,0.00883548,0.00976102,0.00283157,0.00153709
0.0112586,0.00451669,0.00890988,0.00966667,0.00235699,-0.000368016
0.0166117,0.00740557,0.00838304,0.0100457,0.00138708,0.00200296
0.0226818,0.0112818,0.0111751,0.0130532,0.00165837,0.00124383
0.0128736,0.00516365,0.00548748,0.00650819,0.00126523,0.000739715
0.0151873,0.00794024,0.00557162,0.00817117,0.000644137,0.000358268
0.0162342,0.0109314,0.00492033,0.00611937,0.00237655,0.00257113
0.0136371,0.00962505,0.00594745,0.00926772,-4.00582e-05,0.000307255
0.00858592,0.00505585,0.00299589,-0.00041043,0.00093808,-0.000328782
0.0206614,0.00976899,0.006998,0.00999801,0.00294633,0.000499145
0.0200791,0.00979679,0.00673557,0.0114526,0.00284336,0.000937539
0.0140708,0.00960989,0.00578117,0.00345793,0.000734511,0.000932959
0.0145076,0.00833785,0.00604086,0.00646951,0.00195366,0.00165672
0.00380194,0.00308766,0.00211517,-0.00141623,0.000216349,-0.000550108
0.017814,0.0103219,0.00631127,0.00698088,0.000180556,0.000489902
0.0113735,0.00614604,0.00551251,-0.000677041,0.00145057,0.000953213
0.00940741,0.00373425,0.00553648,0.00169018,0.0012562,0.000122016
0.0124903,0.00583176,0.00662252,0.00506702,0.0011024,-0.000127726
0.0129619,0.00906056,0.00861816,0.00777169,0.00296667,0.00253864
0.00727979,0.00507955,0.00383192,0.00108847,0.00134198,-5.82436e-05
0.011147,0.00810014,0.00501839,0.00430107,0.000672154,0.00100353
0.0128407,0.00889467,0.00488858,0.00344026,-0.00019919,0.000207129
0.013853,0.00789352,0.00511322,0.00999554,0.00146929,0.0010633
0.0313157,0.0164687,0.0155617,0.0209577,0.00593158,0.00766827
0.012303,0.0074481,0.00938345,0.0235801,0.00762397,0.0201723
0.0120505,0.00804198,0.00217007,0.00194936,0.00161787,0.000550283
0.00641266,0.00453942,0.00283325,0.0049637,0.000713641,0.000649659
0.0163114,0.0108594,0.00591716,0.00524206,0.00109641,0.000954275
0.0107744,0.00665906,0.00500505,0.00861614,0.000612477,0.0013673
0.00788862,0.00331326,0.00523717,0.00741913,0.000607928,0.000556478
0.0350953,0.0226567,0.0138346,0.0106191,0.00311269,0.00224384
0.00433118,0.00295545,0.00117343,0.0149545,0.00691219,0.0195519
0.00956724,0.00679926,0.00406788,0.00361344,0.00287407,0.000223122
0.0107127,0.00755874,0.00442016,0.00655883,0.00225878,-0.000332403
0.0201946,0.0137552,0.0104882,0.0109206,0.00375475,0.00115377
0.0147185,0.00974718,0.00814159,0.0152973,0.00278831,0.00119024
0.017398,0.00718761,0.00794109,0.00748947,0.00208813,0.000998688
0.00993283,0.00669597,0.00483218,0.0047395,0.00050447,0.000665165
0.0162856,0.0111858,0.00750838,0.00925679,0.000934622,0.000572997
0.017622,0.0118722,0.00579524,0.00874588,0.00155644,0.000493473
0.00979937,0.00457156,0.00526943,0.00345886,0.000195593,0.00180323
0.0148116,0.00395574,0.00656314,0.00484708,0.00160828,0.00103805
0.0136656,0.00707987,0.00484724,0.00654375,0.00128282,0.00108679
0.00742234,0.00486475,0.005092,0.00653608,0.00120028,-0.00163324
0.00781602,0.00376881,0.00329784,0.00734862,0.00190309,0.00018439
0.018236,0.00993383,0.0087967,0.0100049,0.00208545,9.1667e-05
0.00668273,0.00492203,0.0017877,0.00353186,-0.0001392,0.000806396
0.0234548,0.0136951,0.00721916,0.00934731,0.00119607,0.000674302
0.0247149,0.0103118,0.0102375,0.0167434,0.0047534,0.00733866
0.036398,0.0187405,0.0202195,0.0219697,0.0044617,0.00315958
0.0233655,0.0123175,0.0119202,0.0125396,0.00265026,0.00159196
0.0172462,0.00941355,0.0117051,0.0149517,0.00291023,0.00232923
0.0147856,0.0095015,0.0100259,0.0120755,0.00213869,0.00086234
0.0180796,0.0124848,0.00713669,0.00863567,0.000961593,-0.000514846
0.0130768,0.00628973,0.00513501,0.00665039,0.00178433,1.27393e-05
0.0235451,0.0152284,0.00830229,0.010971,0.00251426,0.00119663
0.00601365,0.00413529,0.00288308,0.00640176,0.00153168,0.000157474
0.010876,0.00561553,0.00449634,0.00473115,0.00171379,0.000345485
0.0110059,0.00545011,0.00477642,-0.000404998,0.0012405,0.00122646
0.00412837,0.00301772,0.002192,0.00263991,0.000177777,-0.000552352
0.0222674,0.0155566,0.0128695,0.0280073,0.00552011,0.00319366
0.0126772,0.00752432,0.00673336,0.00896112,0.00362152,0.00547437
0.0171299,0.00962315,0.00744727,0.0126984,0.00216624,0.00199093
0.0208877,0.0134001,0.00966819,0.00907392,0.00117446,0.00153734
0.0103052,0.00724109,0.00385136,0.0227019,0.00815914,0.019409
0.0137346,0.00976308,0.00458258,0.00602548,0.00110716,0.000163967
0.0167851,0.00941164,0.00647031,0.000318286,0.00122536,0.000705081
0.00899901,0.00640341,0.00243888,0.0021317,0.000114657,0.000544588
0.0121475,0.00733409,0.0100975,0.0143468,0.00253005,0.00113435
0.0170208,0.010173,0.00468229,0.0043577,0.00141928,-6.81058e-05
0.0100127,0.00468433,0.00508167,0.00447265,0.00138511,-0.000202377
0.0155999,0.00896602,0.00841817,0.00890366,0.00100076,0.00117532
0.00438591,0.00323389,0.00200352,0.000109792,-0.000300223,0.000441719
0.00459813,0.00297294,0.00295679,0.00359545,0.000473768,-0.000579735
0.0203763,0.00997505,0.0102331,0.011542,0.00196304,0.00013093
0.00616343,0.00336999,0.00320763,0.00140962,-0.0002303,-3.72386e-05
0.0097011,0.0068964,0.00459626,0.00611164,-0.000396065,0.00224796
0.00918635,0.00599711,0.00334305,0.00635181,0.000761379,-0.000964322
0.0116093,0.00811603,0.00623159,0.00541436,7.10206e-05,-0.000640064
0.0126849,0.00676611,0.0100059,0.00687628,0.000594075,0.00194487
0.0124821,0.00686628,0.00953227,0.0038904,0.00115933,0.00156843
0.0144701,0.00763767,0.00571662,0.00455009,0.00191996,0.00149366
0.00800581,0.0033008,0.00593874,0.00314438,0.00109767,-0.000579531
0.0089711,0.00331478,0.00647988,0.00101921,0.000445981,-0.000981519
0.00801894,0.00341262,0.00332966,-0.00292929,-0.000607733,-0.000971236
0.00737145,0.00417597,0.00352275,0.00296629,-0.00153985,-0.000653741
0.00758537,0.00518203,0.00392462,0.00282516,0.000125672,-0.0017401
0.0159839,0.0107189,0.00685545,0.0104609,0.000595886,0.00223556
0.00547693,0.00367295,0.00155245,0.0018505,0.00138394,0.000411981
0.00615739,0.00423079,0.00220736,0.00274366,0.00162905,-0.000823232
0.00617618,0.00445132,0.00307571,0.00399162,-0.000295556,-0.000694609
0.0260242,0.0174057,0.00879667,0.00727098,0.00166572,-0.000217341
0.0140858,0.00995975,0.00669693,0.00468038,-0.000189821,-0.000114271
0.00671433,0.00505422,0.00283264,0.00109043,0.00044803,0.00093859
0.00430176,0.00314873,0.0024858,0.000535428,-0.00120027,0.00109277
0.00977709,0.00547255,0.00664015,0.00376095,0.00204269,0.00160972
0.00797636,0.00419894,0.00558272,-0.00230004,0.000284816,0.000967422
0.00817216,0.00545887,0.00372493,0.00295977,0.000316143,0.000362243
0.012657,0.00900501,0.00555669,0.00388648,0.000349798,0.000788783
0.00819134,0.00410278,0.00637956,-0.000324294,0.00204365,-0.000264904
0.00945452,0.00438568,0.00696078,0.000562226,0.000891587,5.37963e-05
0.0108437,0.00769647,0.00916914,0.0221592,0.0058461,0.0117751
0.0101954,0.00604136,0.00425932,0.00775038,0.000373012,0.000178589
0.0150866,0.0107957,0.00693449,0.0087786,0.00132271,-0.000555775
0.0176042,0.0104741,0.0101209,0.0109404,0.00328035,0.000771398
0.00946269,0.00565443,0.0077795,0.00921205,0.00193819,-0.000466465
0.010359,0.00682474,0.00488151,0.00588642,0.000873604,0.00127723
0.00896809,0.00577947,0.00438396,0.00388738,5.90815e-05,0.000647081
0.0084047,0.00563977,0.00382989,0.00179312,0.000516357,-0.000415836
0.00820858,0.00572667,0.00762848,0.00788456,0.0025037,0.000375908
0.0126026,0.00857962,0.00401279,0.00400326,0.000683028,-0.000301674
0.012571,0.00865267,0.00578062,0.00133115,-0.000292445,-0.000859004
0.00626461,0.00433131,0.00372141,0.00283244,0.00101418,0.000709981
0.0193222,0.00902832,0.0327062,0.0388926,0.0093332,0.0082088
0.0119576,0.00641156,0.00931884,0.00707674,0.00171307,0.00243487
0.0111102,0.00763694,0.00401742,0.00646522,0.000998799,-0.000966482
0.0113152,0.00841748,0.00468824,0.00101947,0.0013033,-0.000214278
0.00613905,0.00427872,0.00285037,0.0041453,-0.000210841,0.000652876
0.0076957,0.00418531,0.00459051,0.00951159,0.00121394,0.000423789
0.0107229,0.0051119,0.00389904,0.00494638,0.00120802,0.000749179
0.00416992,0.00297839,0.00179647,0.00580342,-8.82864e-05,0.000314015
0.00459352,0.00354834,0.00242815,0.000582799,-0.000763748,-0.00109468
0.00533386,0.00393273,0.00213671,0.000373216,-1.47972e-05,5.62039e-05
0.00757771,0.00562235,0.00280548,0.00486114,0.00067409,0.00210873
0.0112966,0.00836575,0.00357063,0.00438688,0.00191312,-0.000701999
0.00890629,0.00523692,0.00300778,0.00538349,0.000163492,-0.000572732
0.00709652,0.00505603,0.00251766,0.00351946,-0.000551211,-0.00107285
0.0130913,0.00896964,0.00552824,0.00884293,0.000597956,0.000294967
0.00941217,0.00656607,0.00413128,0.00491998,6.85699e-06,0.001341
0.00663573,0.00503525,0.00594255,0.00344768,0.000540152,0.0010551
0.010363,0.00704364,0.00309621,0.00534663,0.00232119,0.000357481
0.00933914,0.00686424,0.00441088,0.00718239,0.00473141,0.0124478
0.0144367,0.00850317,0.00530936,0.00662147,0.00210882,0.00166278
0.016327,0.00648951,0.00937547,0.0158723,0.00155618,0.000370726
0.0122722,0.00522365,0.00744938,0.0140233,0.00208078,0.000809451
0.032207,0.0140303,0.0188235,0.0174385,0.00441464,0.00489717
0.0188209,0.00934082,0.00909935,0.0120285,0.00263937,0.000664212
0.011213,0.00624331,0.00591763,0.00600389,0.000650072,-0.000165479
0.0449979,0.0231861,0.0197966,0.0126117,0.00289767,0.000476699
0.00875031,0.0040315,0.00444294,0.00186321,0.00112846,0.000778185
0.00857206,0.00410013,0.00445948,0.00223506,0.000499364,0.000731262
0.00433417,0.00304622,0.00377453,0.00446074,-2.76875e-05,-0.000739302
0.010012,0.00658572,0.0040387,0.00336998,-0.000145545,0.000724903
0.00406575,0.00310478,0.00231913,0.00366344,-0.000701924,-0.000752095
0.00776676,0.00568336,0.00386448,0.00612022,-0.000325513,0.000943283
0.0186177,0.00866151,0.0093008,0.009832,0.00140078,0.00018239
0.0191056,0.00862339,0.00919645,0.0111879,0.00222908,-7.22014e-05
0.00473274,0.00353541,0.00230759,0.00217096,-0.000386046,0.00178697
0.0199228,0.0106927,0.0165414,0.0129422,0.00244479,0.00319306
0.0200682,0.0108553,0.016805,0.0107154,0.00210772,0.00223815
0.00637713,0.00443974,0.00626484,0.00329778,0.00271491,0.00221189
0.00637734,0.00407649,0.00341322,0.00187629,0.00123059,-0.000932134
0.0234133,0.0161098,0.00795672,0.00371034,0.00123128,0.00237831
0.00469952,0.00300513,0.00273083,0.000992948,0.000401678,-0.00197124
0.00937972,0.00653134,0.00323613,-0.000468894,-0.000116947,-0.00121311
0.0129518,0.0091264,0.00618325,0.0059361,0.00208783,0.00183619
0.00922644,0.00660632,0.00326761,0.0029344,0.000679268,0.000810126
0.00650084,0.0046786,0.00967394,0.0098519,0.00137583,0.00145311
0.00482869,0.0033433,0.00216012,0.00402274,-0.000239305,0.00211414
0.0149882,0.0103988,0.0048323,0.00647456,0.00119454,-0.00138279
0.00810679,0.00429413,0.00344784,0.0019921,0.000452541,0.00174683
0.0090159,0.00643322,0.00344175,0.00544691,0.00322913,-0.000153761
0.00472027,0.00369943,0.00244876,-0.000842844,0.000299172,0.000104533
0.0105444,0.00735557,0.00554974,0.00265949,-0.00021416,0.00031511
0.00552617,0.00394876,0.00386343,-1.47306e-05,-0.000807429,0.00151258
0.00740525,0.00493837,0.0033549,0.00608734,0.000239333,0.00174802
0.00796932,0.00537488,0.00296879,0.0024174,0.000488894,-7.97543e-05
0.0101208,0.00686839,0.00651399,0.00846561,0.00163204,0.00207919
0.0327815,0.0183343,0.0194408,0.0343166,0.00994852,0.0256786
0.0254921,0.0168011,0.0146675,0.0157664,0.00207206,0.00643565
0.0120874,0.00799816,0.00485011,0.00540247,0.00123263,0.000694406
0.0147816,0.00967802,0.00645672,0.0458236,0.0212937,0.0644879
0.0117538,0.00723019,0.00419265,0.00489717,0.00174425,0.00181357
0.00467993,0.00363935,0.00199706,-0.00102049,-0.000432746,0.000945802
0.00493002,0.00330786,0.00144037,0.00441918,8.3947e-05,0.000295481
0.0048945,0.00311981,0.0023662,0.0029838,0.000442014,0.00011675
0.0119202,0.00784228,0.00419462,0.00164314,0.00125083,-8.05312e-05
0.0051477,0.00382114,0.00147062,0.00108105,0.000470936,0.000472445
0.0159998,0.0102881,0.00889776,0.0059076,0.00184294,0.000376588
0.0218815,0.012471,0.00904434,0.0181545,0.00460026,0.00440569
0.0179995,0.0071329,0.00618724,0.00806473,0.0030511,0.00537702
0.0190941,0.0109654,0.00718458,0.00982727,0.00179364,-5.05168e-05
0.0211223,0.0126275,0.00973668,0.00464177,0.000782079,0.00165463
0.0137055,0.00991158,0.00530833,0.0103345,0.0011584,0.000538608
0.00534587,0.00390975,0.00181515,0.00442799,0.0012601,0.00140357
0.0213097,0.0125445,0.00915079,0.00700618,0.00122691,0.000940587
0.0127839,0.00785987,0.00408195,0.00531434,-0.000307062,0.000952465
0.0132442,0.00879433,0.0166288,0.019169,0.0039864,0.000612598
0.0169479,0.00681965,0.00924129,0.00743705,0.00236903,0.00084257
0.0166199,0.00691426,0.00912766,0.00787905,0.00174281,0.000381932
0.0170836,0.0096955,0.00889778,0.010928,0.00288635,0.0029623
0.0157249,0.00613375,0.00571235,0.00815171,0.0021772,0.00115081
0.00937213,0.00615701,0.00301389,0.00321641,0.00134319,0.000206952
0.00409208,0.00293835,0.00170312,0.0016684,-0.000114344,-0.000985738
0.0104569,0.00697867,0.00467982,0.00271963,0.00105482,-0.00109322
0.0272775,0.0114526,0.0115073,0.011615,0.000876164,0.000413865
0.00600109,0.00419818,0.00220313,0.0026445,-9.06239e-05,-0.000584462
0.00791513,0.00522062,0.00226959,0.00479837,-0.000188231,0.000400892
0.00677955,0.00491994,0.00286178,0.00612681,0.000579263,0.000776509
0.0133448,0.00935251,0.00690699,0.0195645,0.00630114,0.0149056
0.00890387,0.00612676,0.00838342,0.00159637,0.00159967,0.000640173
0.0200365,0.0137482,0.00980231,0.00485859,0.00180028,0.000713034
0.0111439,0.00765476,0.00434964,0.00388389,0.000846349,-7.19167e-05
0.0102716,0.00712392,0.00375443,0.00366319,0.00010474,-0.000294987
0.0057238,0.00392321,0.003165,-0.00344824,-0.000698099,-0.000210003
0.00532492,0.00333543,0.00283277,0.00450848,0.000944715,0.000394985
0.00901728,0.00571321,0.00953501,0.0101682,0.00146904,0.000840045
0.00502017,0.0035128,0.00292182,-0.000490244,-0.000543847,-1.74038e-05
0.00749942,0.00549042,0.00327375,-0.00223512,0.000620027,-0.000617614
0.00850896,0.00418401,0.00483755,0.00335287,0.00131215,0.000368643
0.0138224,0.00774594,0.00822823,0.00538982,0.00158762,0.000562966
0.0296677,0.0125845,0.0130647,0.0130413,0.00363811,0.00191887
0.0291635,0.0127474,0.011107,0.00917791,0.00211281,0.000379903
0.00635588,0.00474383,0.00292582,0.00334543,-0.000786366,-1.46641e-05
0.00935044,0.00655078,0.00429851,0.00194816,0.000834924,0.00280023
0.0133628,0.00924085,0.00470497,0.00594615,0.00126222,-0.00105086
0.00544801,0.00387792,0.00258349,0.00442256,0.00123303,0.00149866
0.00466071,0.00339608,0.0026756,0.00349219,-9.09459e-05,0.000710605
0.00431646,0.00312198,0.00174,-0.00163108,0.000768835,-0.000424206
0.00974298,0.00687077,0.00519838,0.0050343,0.000389221,-0.000162131
0.00937662,0.00672532,0.00416109,0.003149,0.000373945,-0.000276822
0.00968905,0.00664825,0.00296883,0.00409935,0.000205462,-0.000299042
0.01338,0.00689162,0.00360903,0.00665813,0.00148224,0.00540973
0.0150348,0.00688518,0.00497004,0.00879528,0.0014331,0.00558556
0.00781518,0.00332327,0.00312557,0.00293889,-0.00054935,0.00202841
0.0173192,0.00919154,0.00830283,0.0195688,0.00663247,0.00950778
0.0237914,0.0111712,0.0104701,0.0211002,0.00575593,0.00497485
0.0212447,0.010151,0.0117927,0.0203941,0.00446506,0.0015665
0.0239934,0.0110454,0.0102015,0.00760423,0.00331813,9.10099e-05
0.0135,0.00704181,0.00812609,0.0117409,0.00155681,0.000579322
0.00767213,0.00435001,0.0051784,0.00298074,0.000479204,7.25241e-06
0.00468816,0.003233,0.00294794,0.00590014,3.85375e-05,0.000237954
0.00397199,0.00300573,0.00178239,0.00143122,3.68044e-05,0.000996937
0.00688418,0.00493487,0.00471575,0.00542652,0.0019328,0.00032272
0.00636599,0.00468105,0.0021186,0.00519808,0.000733442,-0.000386811
0.00495183,0.00338598,0.00209426,0.000955834,-0.000689483,-0.00051168
0.0110754,0.00724987,0.00665948,0.00547714,0.00172586,0.00115339
0.0197615,0.0121568,0.0113941,0.0125168,0.00177533,0.0014537
0.00879704,0.00645749,0.00268202,0.00267289,0.000706753,-0.000366799
0.00606049,0.00420963,0.00269965,-0.000866559,0.000600477,0.000474908
0.00930541,0.00670291,0.0092495,0.00460103,0.00211007,0.000934554
0.026201,0.0118918,0.0112496,0.0132862,0.00206555,0.00212388
0.0271874,0.0118511,0.0115125,0.0120403,0.00166678,0.00173593
0.0197709,0.00695116,0.0118895,0.00674256,0.00305377,0.000769222
0.0373627,0.011563,0.0156695,0.0159588,0.00437335,0.0016195
0.0281923,0.0116009,0.0100738,0.0123686,0.00342164,0.000170061
0.00982984,0.00597772,0.0081879,0.014076,0.00148182,0.000639061
0.0106197,0.00443232,0.00397461,0.00286564,0.000905022,0.000190923
0.0127506,0.00730137,0.00323041,0.00614792,0.000511768,0.000118375
0.019482,0.0111922,0.00698995,0.00871754,0.00248962,0.000866917
0.0111212,0.00599251,0.00403586,0.00337334,0.00149504,0.00116823
0.0120817,0.00826973,0.00422792,0.00594562,0.000540869,0.000401254
0.00876399,0.00638278,0.00883059,0.00535445,0.00157952,0.000700277
0.0117209,0.00685919,0.00721936,0.0114402,0.00335761,0.00730717
0.0136947,0.00723031,0.00606747,0.00471461,0.000195458,0.00138393
0.00534013,0.00324372,0.00182141,-0.000190934,0.000791016,-9.89966e-05
0.0116279,0.0073646,0.00652831,0.00714436,0.0016278,0.000849776
0.00684217,0.00336235,0.00416839,0.002148,0.000237141,-0.000349023
0.00437875,0.00349771,0.00218998,0.00233249,0.000921676,0.000315156
0.0202603,0.013807,0.00638567,0.0107022,0.00125125,-0.000594864
0.00656181,0.00406097,0.00335581,0.00168362,-0.000305205,0.000617245
0.0188826,0.0102996,0.00992907,0.0133141,0.00256491,0.00162243
0.0175593,0.007835,0.00560343,0.0101947,0.00121992,0.000200397
0.0262461,0.0108513,0.00908228,0.0143003,0.00110556,0.00030496
0.0160501,0.00970445,0.00651609,0.00923959,0.000546864,0.00193921
0.0218788,0.00963638,0.00807523,0.006432,0.00189365,0.000121842
0.0307707,0.00965788,0.0109806,0.00731293,0.00226187,-0.00158095
0.0244115,0.00956869,0.00778008,0.00636573,0.00135505,-0.00109998
0.00971679,0.00493415,0.00262376,0.00330547,0.000290627,0.000692334
0.0157851,0.00896338,0.0120156,0.0114854,0.00244459,-0.000616315
0.0147039,0.00892454,0.011003,0.00937886,0.001146,0.00141135
0.0163186,0.00717811,0.00943178,0.0138825,0.00270087,0.00113327
0.0140518,0.00723035,0.00769403,0.00974199,0.00229243,0.00128605
0.00899757,0.00632176,0.0168904,0.0169026,0.00355767,0.00374366
0.00538324,0.00392803,0.00277186,0.00512455,0.000849863,4.76578e-05
0.0207126,0.00895395,0.00895252,0.0131618,0.00204232,0.00209152
0.0248485,0.00929818,0.0122394,0.0111315,0.0016321,0.00139117
0.00752554,0.00313421,0.00407143,0.000898302,-0.000165182,-0.00020935
0.0175136,0.0115464,0.00618087,0.00270201,0.0011888,0.000392812
0.014392,0.00991493,0.00492955,0.00723293,0.000470881,0.000107124
0.0200279,0.0139331,0.00833611,0.0168365,0.00335672,0.00276919
0.00650612,0.00432581,0.00244631,0.00359493,0.000105151,0.00101864
0.0123278,0.00849169,0.0057561,0.00266325,0.000110035,0.00128553
0.0195806,0.0127777,0.0094237,0.0050438,0.0016975,0.000604321
0.0146451,0.00640494,0.00647744,0.00261994,0.000333253,0.00041709
0.0182673,0.012411,0.00750571,0.0063043,0.00152877,0.000668569
0.00983634,0.00678063,0.00761174,0.00562774,0.00183085,0.00153452
0.0382036,0.024388,0.028941,0.0386094,0.010518,0.00761426
0.0139516,0.00767108,0.00756124,0.00194115,0.000807276,1.42676e-05
0.0128545,0.00519894,0.0056805,0.00399825,0.00161275,1.56392e-06
0.0171165,0.00860553,0.00774181,0.0154322,0.00446473,0.00845048
0.0179535,0.00900286,0.00796675,0.0155665,0.00362016,0.0089628
0.0071642,0.00402433,0.0032442,0.00194538,7.19473e-06,0.0019022
0.0191822,0.0133223,0.0117206,0.00556629,0.00261887,0.00205851
0.00444803,0.0034037,0.00446794,0.00624494,-7.05015e-05,0.00075365
0.0104902,0.0071057,0.00345197,0.00574915,0.00124412,0.00216402
0.00580645,0.00390542,0.00223196,0.00119119,0.000727926,-6.56909e-05
0.0107496,0.0076191,0.0107564,0.00488196,0.00156911,0.00139128
0.00480756,0.00319966,0.00258445,0.00234086,0.000151782,0.000735522
0.0108276,0.0073452,0.00347915,0.00226934,-5.11089e-06,-0.000855528
0.0285889,0.0111214,0.0115957,0.00943071,0.00304725,0.00121826
0.0349179,0.0111778,0.0132021,0.0140629,0.00323306,0.00203066
0.013607,0.00863869,0.00763316,0.0080597,0.000191033,0.00048721
0.00725707,0.00519431,0.00295054,0.00382893,-0.000265456,0.00198186
0.0125052,0.00865989,0.00633874,0.00410118,0.00141694,0.00179397
0.0176981,0.0106485,0.00882745,0.00827241,0.00148828,0.000667643
0.0386462,0.0202648,0.0133708,0.0204884,0.00357128,0.00182504
0.0112231,0.00487971,0.00518629,0.0322855,0.00928691,0.0293094
0.0162897,0.0114374,0.00609452,0.00154191,0.000503061,0.000439982
0.0222018,0.0120964,0.0124906,0.0214101,0.00815094,0.0155125
0.0158387,0.00632902,0.015686,0.0175734,0.00382444,0.00258664
0.0137753,0.00965779,0.0106229,0.00725004,0.00107812,0.00159802
0.011147,0.00767874,0.00612565,0.00684502,0.00100503,0.00090953
0.00505267,0.00348673,0.00287648,0.0041703,-0.000336574,-0.000335568
0.00497002,0.00336542,0.00196131,0.00336298,-0.00139697,-0.000684818
0.00873191,0.0060604,0.00283689,0.00397694,-0.000542029,-0.000250566
0.00576388,0.00341563,0.00265836,0.00187208,-0.000675004,0.000866246
0.00791041,0.00535264,0.00351443,0.00424791,0.000989866,-0.000215895
0.0135745,0.0095154,0.00827786,0.0147544,0.00282338,0.00661838
0.00714905,0.00502477,0.00277834,0.00309853,-4.01139e-05,-0.00161133
0.0238774,0.0139428,0.0161872,0.012365,0.0026112,0.00237298
0.0216593,0.0108506,0.0133851,0.0185941,0.00329798,0.00145396
0.00464247,0.00349591,0.00149754,0.00511062,-0.000265536,0.000893597
0.00864617,0.00594865,0.00255428,0.00354991,0.000765101,-0.000420096
0.0219444,0.0124947,0.00945556,0.0138544,0.00200796,0.00171009
0.0100058,0.00715761,0.00331237,0.00252548,0.000653085,0.00208154
0.0053559,0.00396806,0.00298221,1.11617e-05,0.000552705,0.000169189
0.00932309,0.00616237,0.00587271,0.0107239,0.00117387,0.00179676
0.00707203,0.00462785,0.00347964,0.00239235,-0.000476204,0.000699623
0.0183324,0.00915112,0.00898052,0.00751799,0.00184883,0.000788827
0.0236404,0.0100779,0.00981285,0.00966384,0.00248948,0.000930238
0.0349984,0.0105425,0.0162894,0.0164752,0.00368161,0.00178968
0.0256902,0.0106822,0.0128473,0.0116764,0.00357227,0.00201524
0.00729295,0.00557684,0.00248129,0.00170869,0.000450475,-0.00122354
0.00644021,0.00452806,0.0029358,0.00188636,0.00106686,0.000120609
0.0215908,0.0148821,0.0202039,0.0449994,0.012518,0.0191883
0.0051509,0.00337635,0.00515802,0.00716578,0.000632994,0.00041951
0.00950867,0.00430291,0.00555691,-0.00183097,0.00100585,0.0014364
0.00992559,0.00432393,0.00555936,-0.00358295,0.000909531,0.000288767
0.00809818,0.0056287,0.0040541,-0.00242831,-0.000416601,0.000711632
0.0122534,0.00825709,0.00302415,0.00213485,9.46537e-05,-0.000905756
0.00670934,0.00477928,0.00275379,0.0129806,0.00525358,0.0134523
0.012511,0.00834019,0.00448688,0.00731539,0.000944129,0.00155556
0.00903797,0.00458758,0.0126177,0.0189449,0.00539896,0.00333958
0.0265417,0.00912352,0.0234349,0.0274058,0.00653525,0.00284872
0.0245461,0.00904153,0.0199674,0.0226795,0.00438067,0.00226575
0.0164121,0.0111513,0.00594137,0.0057093,0.000554015,-0.00100337
0.0130414,0.00928793,0.0092043,0.00691184,0.00208226,-0.000551729
0.00647824,0.00457317,0.00298366,-0.000847489,-7.24162e-05,0.00233522
0.0154554,0.0101998,0.00594669,0.00628874,0.00178677,0.00046588
0.019135,0.0127139,0.00628674,0.00437545,0.000758256,0.000802514
0.00678288,0.00500978,0.00276172,0.00666553,0.00029639,0.00160767
0.0104723,0.00518368,0.00455828,-0.00443666,0.00079687,6.03599e-05
0.0153774,0.00904123,0.00694393,0.0140184,0.00103098,-0.000228126
0.00925915,0.00385052,0.00505065,0.00365362,6.45427e-06,-0.000116649
0.00578174,0.00446954,0.00235102,0.000947805,-0.000253255,-0.00090472
0.0165707,0.011473,0.00531364,0.000571324,0.000544624,0.0006962
0.00748411,0.00555679,0.00521963,0.00269804,0.000466146,0.000704109
0.00702413,0.00479077,0.00366697,0.00223972,0.00142181,0.000283149
0.00814782,0.00597217,0.00339311,0.0112932,0.00200515,0.00114172
0.00558278,0.00408651,0.0023918,0.00494119,-0.000254711,-0.00032063
0.0141143,0.00955301,0.00366575,0.0150686,0.00343468,0.0112522
0.00821976,0.00535463,0.00414069,0.00617173,0.000785228,-0.000160912
0.00745626,0.00440937,0.00434239,0.000329154,-0.000283333,0.000816441
0.00418101,0.00316929,0.00206727,0.00156772,-0.00054701,0.000446313
0.00859525,0.00603856,0.00402377,0.00444067,-0.000235996,-0.000808626
0.00486988,0.00373201,0.00214766,-0.00139509,-0.000280557,-2.82537e-05
0.00468907,0.00369618,0.00301687,0.00220345,0.00104734,-0.000412725
0.0103778,0.00701292,0.00427834,0.00799865,0.00122346,0.000315156
0.0123758,0.00716134,0.00466359,0.00289705,0.000738775,0.000797275
0.0155239,0.00974491,0.00371111,0.00648965,0.000124197,-0.000590581
0.00509393,0.0038772,0.00173614,0.00319743,-0.000201084,0.0011634
0.00723121,0.00536941,0.00476437,0.00596489,0.00104185,-0.000851663
0.00661558,0.00442713,0.00172135,-0.0030275,0.000944833,0.000522695
0.0154567,0.0108201,0.00648315,0.00954159,0.000458985,0.000951325
0.0073734,0.00546648,0.00184383,-0.00162031,-0.000717165,0.000342161
0.00690163,0.00482097,0.00387808,0.00607866,-0.000334702,0.00113642
0.0158269,0.00650219,0.00483258,0.00582286,0.000594343,-0.00113342
0.0155323,0.00662113,0.00467113,0.0051601,0.00032991,-0.00102753
0.0163963,0.00832581,0.00834883,0.00856709,0.000903292,0.000989275
0.00531289,0.0037363,0.00205265,0.00703258,0.000254343,-0.000243957
0.00538296,0.00392006,0.00164852,-0.00105826,6.42045e-05,-0.00139759
0.00609489,0.00442427,0.00349239,0.00448232,0.000128957,0.000559101
0.0127941,0.00871138,0.00554178,0.00424927,-9.11251e-05,-0.000926158
0.0109093,0.00772311,0.00500656,0.00602597,0.00113884,-0.000231071
0.00743693,0.00547972,0.00484069,0.00460649,0.000703971,-0.000415762
0.0118596,0.0083934,0.0055196,0.00370404,0.00206009,0.00050624
0.0102589,0.00733473,0.00360013,0.00298922,-0.000137626,0.00124973
0.00827838,0.00610133,0.00890251,0.0125615,0.00377937,0.000788308
0.0228278,0.0101849,0.0088179,0.00740046,0.000212675,-0.000740645
0.0220292,0.0100326,0.00865352,0.00769937,0.000798189,0.000368429
0.0128952,0.00726544,0.00844671,0.00915224,0.0024114,0.00155589
0.00838714,0.0057865,0.00354354,0.001702,-0.000374933,-0.000465887
0.00444571,0.00349559,0.00264594,0.000867298,0.000457139,-0.000242597
0.0151928,0.0073013,0.00557008,0.00253563,0.00111203,-1.51745e-05
0.0143318,0.00876691,0.00591692,0.0073967,0.000544882,-0.000633328
0.00421236,0.00307718,0.00226242,0.00153505,-0.000161976,0.000301231
0.0170605,0.0115926,0.0143829,0.0145003,0.0017781,0.00181641
0.0080091,0.00528952,0.00379622,0.0147883,0.0046061,0.0142964
0.00499726,0.00390859,0.00279894,0.00302886,-0.000713296,-0.000133061
0.0280403,0.0136803,0.0314583,0.0448194,0.0121764,0.0110701
0.0107338,0.00485407,0.00427496,0.0070472,0.000499842,0.00131153
0.0106334,0.00479174,0.00427206,0.00585936,0.00098148,0.000505048
0.0186435,0.00743483,0.0116424,0.0143351,0.0033275,0.000726896
0.0178939,0.00854538,0.00893512,0.00852934,0.00144904,0.00189629
0.0265799,0.0137681,0.0105646,0.0104545,0.00142655,0.00042012
0.00458577,0.00356162,0.00190816,0.00153227,-0.000686823,-0.000493835
0.00645838,0.00375361,0.00452923,0.00669869,0.000708066,0.000836439
0.00905843,0.00300308,0.00550148,0.00340034,0.00148516,0.00117146
0.0213847,0.0122176,0.00732478,0.00458179,0.00173311,0.00106943
0.0156111,0.010935,0.00613866,0.00747679,0.00153007,0.000699739
0.00709168,0.00354894,0.0060032,0.00264914,-4.07268e-05,-0.000146175
0.00772985,0.00404646,0.00635647,0.00274752,0.00029663,2.88271e-05
0.0132106,0.00815916,0.00652404,0.0077811,0.00113758,-5.37806e-05
0.00991993,0.00690899,0.00517037,0.0046733,0.000423999,-0.000288379
0.0063128,0.00329404,0.00320833,0.00444525,0.00044297,-0.00123938
0.0208208,0.0119578,0.0080816,0.00764915,0.0022967,-0.000399112
0.0129386,0.00875473,0.0114019,0.00996092,0.00105515,0.00117836
0.011367,0.00725362,0.00646418,0.0098112,0.00180758,0.00500596
0.00555075,0.00410952,0.00197645,0.00109138,0.000659374,0.00153849
0.00736498,0.00509079,0.00435455,0.00385401,-1.20565e-06,-0.000146839
0.017087,0.0109739,0.0292535,0.031772,0.00934411,0.0142692
0.0166858,0.0109628,0.0129726,0.0147007,0.0022186,0.00107079
0.00808808,0.00361167,0.00425508,0.00162474,0.00108906,-0.00164668
0.0109581,0.00432103,0.00496573,0.00292589,0.00101976,0.000100044
0.00781978,0.00528792,0.00280682,0.00136123,0.000599532,-0.00059182
0.00920913,0.0064243,0.00526561,0.00270994,0.00183169,-0.000335086
0.0263,0.0121115,0.00929184,0.00822585,0.00198469,-0.000219286
0.0267905,0.0121209,0.00927767,0.00955727,0.00129215,0.000115042
0.0110767,0.00460133,0.00406761,0.00139952,0.00071347,0.0012358
0.0116729,0.00461497,0.00407437,0.00355029,0.00111884,0.000684711
0.00946875,0.00725526,0.00380513,0.00146663,0.000468664,0.000856613
0.0153398,0.00977395,0.00515129,0.00544144,0.001398,0.00136492
0.028328,0.0159654,0.0116288,0.0154572,0.00252667,0.00149981
0.00819052,0.00558065,0.00365344,0.00152996,0.000120699,0.00176577
0.0064229,0.00447688,0.00373443,-0.00190829,0.000578521,-0.000859871
0.0099037,0.00686714,0.00236746,0.00127871,4.26754e-05,-0.000280863
0.0160252,0.0111392,0.00904549,0.0086012,0.00119618,0.00238306
0.00903476,0.00658502,0.00262468,0.00481706,0.000373732,0.000791072
0.016309,0.0112923,0.0079659,0.00736781,0.000902367,-0.000479974
0.00668793,0.0045677,0.00289017,0.00515726,0.000959065,0.000722044
0.0113354,0.0059195,0.00515301,0.00822531,0.00135138,0.00187305
0.0110386,0.0058628,0.00521016,0.0078418,0.00116844,0.00121271
0.0140402,0.0100404,0.0044637,0.00548338,0.000504112,0.001213
0.0170979,0.0101443,0.0116878,0.00728569,0.00167495,0.000742468
0.00507516,0.00360976,0.00133816,0.00535956,0.00244944,0.0058591
0.0183707,0.0130596,0.00748189,0.00427146,0.00103896,0.00109177
0.0133022,0.00944918,0.00435163,0.00704614,0.00169206,-0.000334273
0.00611832,0.00425181,0.00346388,0.00118811,0.000657411,0.000878037
0.0149374,0.00768355,0.00464011,0.00886946,0.00244599,0.00127052
0.0115435,0.00785734,0.00799593,0.0136756,0.000910127,0.00051063
0.00430219,0.00352355,0.00163408,0.00419073,0.00121031,-0.000484114
0.00689567,0.00478586,0.00374403,0.00433104,0.000102289,0.00182436
0.0200055,0.0111133,0.0101672,0.0101219,0.00169301,7.04492e-06
0.0100643,0.00616889,0.00372936,0.00285793,0.000433076,-0.000339823
0.0131328,0.0092395,0.00993964,0.00982322,0.00198856,0.00124986
0.0104408,0.00751241,0.00516838,0.00171521,-0.000651416,0.000280435
0.0134155,0.00759089,0.00424968,0.0045723,0.00045686,-0.000255749
0.0131828,0.00744691,0.00436583,0.00359244,9.38959e-05,-0.0013848
0.0130164,0.00939862,0.00820026,0.00731269,0.000887973,0.000568312
0.00664916,0.00467182,0.00344614,-0.00166149,0.00132606,0.00017806
0.018292,0.010011,0.00795634,0.00624339,0.00189945,0.000386574
0.0130228,0.00910861,0.00441521,0.00317914,0.00112847,0.00125859
0.00490238,0.00358143,0.00515348,0.00319397,0.00203065,0.00450936
0.00963003,0.00676874,0.00776016,0.0100081,0.000945498,0.00132129
0.0109785,0.00439202,0.00734188,0.00686312,0.000628557,0.00136901
0.0043563,0.00352185,0.00324916,0.000238415,0.000146826,0.000124632
0.00986601,0.00678009,0.00475872,-0.00111388,0.000252721,5.9589e-06
0.00946486,0.00670697,0.00322095,0.0056528,0.00105554,0.000269818
0.0155977,0.00846934,0.00608924,-0.000936517,0.000817579,0.000948489
0.00781251,0.00572606,0.00258842,0.00236349,6.8117e-05,0.00211458
0.011607,0.00782225,0.0060757,0.00578195,0.00117856,0.00245983
0.0106834,0.00729894,0.00783709,0.0100189,0.000706077,0.00050928
0.01139,0.00752385,0.00403488,0.00579456,0.000624858,0.000223139
0.0111251,0.00808181,0.00591922,0.00473911,0.000212106,-9.03462e-06
0.0313009,0.021152,0.011576,0.013201,0.00361529,0.00209004
0.00699999,0.00362747,0.00496426,0.00368993,0.00036124,-0.000562024
0.00737897,0.00398049,0.00244138,-0.00153737,0.000156665,0.00214097
0.00528494,0.00352293,0.00283373,0.00228908,-0.00020153,-0.000553136
0.00993946,0.00434552,0.00588475,0.00340053,0.00146543,0.001007
0.0100286,0.00425054,0.00591271,0.00277844,0.00140467,0.00100483
0.00951195,0.00683524,0.00424166,0.00180552,0.000391126,0.000838857
0.00567669,0.00337131,0.00307251,0.00537782,-0.000190641,0.0002334
0.0107616,0.00695504,0.00555237,0.00413035,0.000133451,-0.000747172
0.00723315,0.00480316,0.00342218,0.00126716,0.000113956,4.01531e-05
0.0116385,0.00808029,0.00966146,0.012884,0.0023068,0.0022998
0.00901453,0.00678684,0.00309178,0.00154137,-0.000233043,0.000820076
0.0205683,0.00958935,0.0088366,0.0113389,0.00175768,0.000406276
0.0243163,0.0104212,0.0109856,0.00896522,0.00219044,0.000249844
0.00481043,0.00348921,0.00566878,0.00375936,0.000481258,0.000704142
0.00755219,0.00512188,0.00276303,0.000941095,0.000515578,-0.000513835
0.011273,0.00813176,0.00467333,0.00696772,0.000190167,0.000103881
0.00637752,0.0045708,0.00365027,0.00204683,0.000467335,0.00151579
0.0114069,0.00790553,0.00440207,0.00485057,0.000232661,-0.00140264
0.0103296,0.00692096,0.00512091,0.00997034,0.00186041,0.000133386
0.00948283,0.00652523,0.0036629,0.003245,0.000728727,-0.000213728
0.00623377,0.00304065,0.00267173,0.00382425,0.00046119,0.000612015
0.00793411,0.00496473,0.0025648,0.00188621,0.000360324,0.000955701
0.00608697,0.00419142,0.00324216,-0.000151715,7.62818e-05,-0.000902806
0.0129312,0.00944618,0.00567251,0.00347319,0.00153934,0.00107066
0.0147293,0.00824032,0.00602333,0.0120866,0.00180058,0.000958442
0.0188102,0.00786654,0.00766862,0.00870859,0.00164964,-0.000626685
0.0148949,0.00793659,0.00595302,0.00222941,0.00104,-0.00119804
0.00482679,0.00366473,0.00238044,0.00381709,0.000503904,0.000423741
0.00597698,0.00445835,0.00183398,0.00361672,0.000498112,0.0013369
0.011799,0.00768541,0.00471974,0.00456387,0.000537608,-0.000116303
0.0124456,0.00855873,0.00606422,0.00451365,0.00182497,-0.000163849
0.00461031,0.00329915,0.00305514,-0.00337336,0.000176328,-0.000834889
0.00710289,0.00497311,0.00835521,0.00768979,0.00135335,0.0012371
0.0193103,0.0128733,0.0137571,0.011906,0.00201575,0.000409105
0.00433924,0.00308865,0.00197473,0.00264399,0.000811513,-0.00100183
0.0163363,0.00825205,0.014433,0.0243601,0.00713958,0.0106338
0.0178568,0.00921699,0.00810348,0.00853813,0.00199828,0.00148867
0.00983476,0.00700891,0.00388494,0.00223529,0.000146651,0.000565402
0.00637427,0.00298969,0.0053119,0.000523384,0.000649401,0.000906428
0.0111773,0.00773826,0.00293499,0.00808996,0.00107972,0.000179966
0.0113556,0.00830369,0.00556822,0.000148534,0.000751974,-0.000207384
0.00609338,0.00379011,0.00215763,0.00217173,0.00041982,-0.000883867
0.0104479,0.00729994,0.00568509,0.00102103,-0.000129999,-0.000969135
0.0153371,0.0109043,0.015812,0.00911993,0.00264071,0.000544555
0.0278559,0.0117793,0.0108161,0.0180706,0.00443704,0.00271796
0.0157048,0.0108346,0.00581669,0.00614329,0.000880576,-0.000468219
0.0333933,0.0184525,0.0265289,0.030012,0.00828732,0.00311521
0.00742019,0.00509019,0.00282251,-0.00112821,2.29503e-05,-0.000249588
0.00528094,0.0033167,0.0022275,-0.00134278,0.000444162,-0.000691749
0.0110354,0.00649201,0.00609869,0.00326963,0.00145102,0.00266857
0.0212526,0.0145409,0.00405005,0.012565,0.00177713,-2.5922e-05
0.0161871,0.00779916,0.00721466,0.0138483,0.00216954,0.00157333
0.0147389,0.00645657,0.005948,0.00840756,0.00165534,0.00138225
0.00629374,0.00458449,0.00386395,0.00416333,0.00103676,-0.000463366
0.033734,0.021979,0.0317299,0.032831,0.00894449,0.0101675
0.0101441,0.00659426,0.00317889,0.00385946,0.000530683,-0.000168723
0.00942473,0.00667974,0.00486657,0.00176408,0.000450358,-0.0017175
0.00615241,0.00432439,0.00335851,0.00340057,-5.33802e-05,0.000817481
0.0354135,0.0190348,0.0151238,0.0138595,0.00324034,0.00291208
0.00979167,0.00692073,0.00335822,0.00290355,0.000364423,0.000648834
0.0101971,0.00711017,0.00474957,0.00409066,0.00109544,0.000677722
0.00567852,0.00436854,0.00304614,-0.00120156,0.000160682,0.00138156
0.0152359,0.00814813,0.00656061,0.00749963,0.000482233,0.000235062
0.0136819,0.0078535,0.00631966,0.00250382,-0.00011766,0.0004289
0.00672689,0.00482867,0.0053943,0.00230011,0.000536114,0.000413247
0.00691824,0.00491191,0.00683239,0.00658899,0.0012675,0.00251639
0.0170148,0.0113562,0.0130276,0.00291964,0.000865946,0.000415461
0.00574,0.0030823,0.00385904,-0.000563624,0.000535701,-0.000524992
0.0149822,0.00640344,0.00764792,0.00655889,0.00111977,0.00374639
0.0149532,0.00637877,0.00727803,0.00632535,0.00100917,0.0035796
0.005964,0.00416861,0.00303561,0.00439713,0.00115051,-5.76885e-05
0.012665,0.00779357,0.00920489,0.0233034,0.00915333,0.0166462
0.0128416,0.00874533,0.0063142,0.00463961,0.000807432,-0.00027579
0.0163731,0.00665885,0.00687384,0.00297527,0.00163786,0.000146827
0.0170024,0.00660899,0.00702071,0.00459007,0.00192116,0.000102031
0.00680785,0.00516383,0.00329125,-0.0037946,-0.000965077,-0.00113463
0.0041554,0.00320415,0.00313507,0.000732535,-0.000125863,0.00104378
0.0148659,0.00617887,0.00616076,0.0169152,0.00314584,0.00169909
0.0225892,0.00747586,0.00919437,0.0123889,0.0022612,0.00136883
0.0205401,0.00742087,0.00900553,0.00656684,0.00219154,1.82077e-05
0.0106113,0.00746935,0.00655248,0.00298276,0.00205473,-4.79424e-05
0.0235145,0.0119507,0.0100684,0.0108534,0.00332636,0.00179684
0.0219153,0.00958835,0.0098183,0.0129848,0.00192362,0.00275599
0.0144407,0.00832205,0.00611313,0.00428326,0.00107319,0.000224765
0.010721,0.00719359,0.00480344,0.00346696,0.00091431,-0.000142362
0.00500977,0.00396,0.00355341,-0.00211859,0.000651618,9.45196e-06
0.0371538,0.0174066,0.0152684,0.0139506,0.00256964,0.000999762
0.0105586,0.0064015,0.00522397,0.00512519,0.00131474,0.000155751
0.00978598,0.00341454,0.00502275,0.00359118,0.00051678,0.000326208
0.0137565,0.00973488,0.00454326,0.00170586,0.0022375,0.000290435
0.00459248,0.00310324,0.0025849,0.00367476,0.00119444,0.00127763
0.00559991,0.00406799,0.00340959,0.00525745,0.000980942,6.40905e-06
0.00777095,0.0055787,0.00654832,0.00722645,0.0010042,6.18651e-05
0.00841117,0.00574567,0.00342169,0.00180135,0.000643071,7.43715e-05
0.00788597,0.00551184,0.00356392,0.000605937,0.00108677,0.00173222
0.0258826,0.0143567,0.0131418,0.0123281,0.00213348,0.00115871
0.0121827,0.00846437,0.00761174,0.00470791,0.000466603,-0.000744441
0.0133993,0.00953876,0.0109245,0.0139273,0.00174813,0.000955262
0.0168438,0.0117669,0.00723869,0.0255809,0.00824754,0.0175935
0.0224567,0.0120695,0.0163723,0.0145909,0.0030682,0.00246494
0.020258,0.00864327,0.0137069,0.0155218,0.00205843,0.00196279
0.0258342,0.0173985,0.0202626,0.0191013,0.00404381,0.00125579
0.00620437,0.00438641,0.00403273,0.00127721,-0.000413535,0.000464228
0.0107349,0.0072427,0.0035433,0.000791062,0.000506738,6.00487e-05
0.010102,0.00719281,0.00392943,-0.000977022,1.5873e-06,-0.000516998
0.0316734,0.0127734,0.0185122,0.0145169,0.00378448,0.00263367
0.0195218,0.0133458,0.0066492,0.00616332,0.0024289,0.000229539
0.0199028,0.012535,0.0147487,0.0142789,0.00306023,0.00131162
0.00927765,0.00651204,0.00296629,0.00390945,0.00100032,0.00375119
0.0107278,0.00732863,0.00584059,0.00631918,0.00188005,0.00107587
0.00805592,0.00528917,0.00610024,0.00298104,0.00127055,-0.000669181
0.00802304,0.00567998,0.0161787,0.0406262,0.0136669,0.032245
0.00860671,0.00599627,0.00425777,0.00272859,0.00140155,-0.000254755
0.0154515,0.0100135,0.00765929,0.0051125,0.00236954,0.000845481
0.00801702,0.00485724,0.00434522,0.00506909,0.00151796,0.00112564
0.022736,0.0148876,0.0068837,0.00693728,0.00138249,0.00109219
0.0321285,0.0189325,0.0151431,0.0178075,0.00330646,0.00072919
0.00627493,0.0042002,0.00304381,0.00526689,0.000426811,0.000686063
0.00780575,0.00550718,0.0036576,0.00309654,0.00152847,-0.000754138
0.00430474,0.00323762,0.00188582,0.00018104,0.000480392,-0.000424422
0.00965995,0.00568316,0.00524437,0.00578988,0.00144699,-0.000374844
0.0151756,0.00971425,0.00945861,0.00664209,0.00168963,-0.000304358
0.011975,0.00536032,0.00968302,0.00351914,0.000893079,-0.000256323
0.01644,0.011443,0.00819944,0.0125122,0.00204359,0.00134455
0.00574291,0.00402638,0.00311761,-0.00242091,0.000286521,-0.000132445
0.0240069,0.00940357,0.00970626,0.0153649,0.00236481,0.000770889
0.0268894,0.00980204,0.0113634,0.012774,0.00204157,0.00103028
0.0193626,0.00914868,0.00946965,0.0105851,0.00204002,0.00172248
0.0173837,0.0105212,0.00905811,0.0130203,0.00245188,0.00262567
0.0132832,0.0085822,0.00827911,0.0059212,0.00131699,0.000868791
0.00959276,0.00693254,0.00601252,0.00529496,0.000732349,0.0001292
0.0128969,0.00869334,0.00630511,0.000874966,0.000519465,-0.000297992
0.0157225,0.0098148,0.00706203,0.00224056,0.00068129,0.00112521
0.0142639,0.00610725,0.00575957,0.00424195,0.000869689,0.000102694
0.0137844,0.00594963,0.00582635,0.00352952,0.000374878,0.000539784
0.00559217,0.00331358,0.00267604,-0.00212292,-0.000219223,0.000547086
0.0163453,0.011064,0.00723025,0.0128797,0.00144857,0.00160391
0.00863298,0.00511279,0.00467536,0.00815136,0.000996717,0.000917365
0.00914199,0.00638956,0.00467735,0.00570548,0.00191056,6.67232e-05
0.0157003,0.0110425,0.00812977,0.00797768,0.00222849,0.00125794
0.0122083,0.00514895,0.00518768,0.00385716,0.00129579,-0.000148672
0.0121624,0.00526303,0.00509154,0.00497712,0.00147531,0.000130591
0.00455147,0.00343538,0.00202469,0.00216023,0.000352946,0.000857846
0.0284956,0.0140287,0.0134455,0.0113675,0.00203147,0.00169985
0.0184498,0.010303,0.0101078,0.0134258,0.00229623,0.00150157
0.00945376,0.00645242,0.00282927,0.00481402,0.000560754,0.000358031
0.0190391,0.0133352,0.00890126,0.00799828,0.00238692,8.18698e-05
0.0100965,0.00723079,0.0137146,0.0112725,0.00215933,0.000335124
0.00804798,0.00576406,0.00287549,0.00561762,0.00210485,1.99761e-05
0.0174421,0.0122794,0.00814779,0.00412787,0.00267973,0.00194076
0.00618137,0.00412293,0.00276104,0.00159188,9.11858e-05,0.00136654
0.00457083,0.00331389,0.00173948,-0.00281246,0.000391198,-0.000793917
0.0119627,0.00854021,0.00411066,-0.000616065,-0.000284259,0.000685887
0.00942049,0.00638706,0.00690344,0.00971941,0.00149115,-0.000752395
0.0147829,0.0105304,0.00522096,0.00817114,0.000185851,0.00179783
0.00903655,0.00667326,0.00367002,0.00296646,0.000496182,-0.000916494
0.00634766,0.00486016,0.00221882,0.00369902,0.000279901,0.000590928
0.0230513,0.0154805,0.0106318,0.0124484,0.00081241,0.00292144
0.0208163,0.0144324,0.00627908,0.00464933,0.00392334,0.000383497
0.0113567,0.00652224,0.00585209,0.00299729,0.000809853,0.00050633
0.00473278,0.00369377,0.00238924,0.00088172,0.000814987,-0.000463392
0.00986727,0.00695916,0.00340923,0.00246835,0.00130593,0.000488721
0.00428998,0.00326527,0.0033023,-0.000367523,3.66843e-05,0.00138347
0.0183617,0.0118715,0.00860246,0.00605487,0.00183141,0.00168226
0.00535683,0.00399987,0.00273028,-0.00338972,-8.28565e-05,0.000339182
0.0142817,0.00459024,0.00605063,0.0086815,0.00220529,-5.4011e-05
0.0136602,0.00583004,0.00551583,0.00772416,0.00170482,0.000225696
0.00805433,0.0053226,0.00581223,0.00619613,0.0020224,-0.000267253
0.0240427,0.0104254,0.0113502,0.00383211,0.00132609,-0.000112822
0.00557317,0.00393683,0.00335881,0.00745164,0.000145779,0.000200549
0.0122575,0.00873176,0.00421432,0.00464892,0.000813077,0.000412499
0.0146016,0.00723827,0.005583,0.00863042,0.00170664,-0.00101025
0.00803867,0.00608088,0.00296647,0.00307661,-0.000495913,0.00036303
0.00937705,0.0041302,0.00441583,0.00314357,0.00152641,0.000613672
0.0142363,0.010137,0.0075254,0.0116301,0.00220103,0.00296415
0.0140139,0.0099203,0.00797737,0.00761395,0.00181266,0.000574799
0.0126161,0.00864227,0.00419583,0.0009654,0.000783946,-0.000901478
0.0143521,0.00952054,0.00712093,0.0119962,0.00318491,-0.00102406
0.00490879,0.0035048,0.0036566,0.00587698,0.00140439,-0.00102262
0.0149381,0.0109138,0.00812525,0.00282249,0.0013516,0.000626382
0.00572381,0.00409386,0.00263202,0.00377869,0.000435733,0.000684007
0.0170728,0.0118435,0.00646784,0.00732652,0.00123553,0.00108678
0.0109134,0.00735951,0.0051346,0.00630624,0.000820227,-0.000509502
0.00605502,0.00422411,0.00319985,-3.52323e-06,-0.000573409,0.00102235
0.00916386,0.00629717,0.00375386,0.000326512,-5.79209e-05,-0.00122625
0.00687696,0.00437576,0.00383729,0.0005482,-8.37939e-05,-0.000788407
0.00569604,0.00400192,0.0029174,-0.00145887,-9.43024e-05,-0.000625868
0.0390717,0.0253667,0.0131917,0.0201193,0.00649941,0.00428378
0.0311822,0.0175097,0.0126147,0.0148242,0.00305025,0.00198668
0.00864019,0.00601965,0.00904227,0.00940508,0.00245498,0.00169368
0.0164244,0.00729546,0.00948954,0.00927063,0.00115018,-0.000143955
0.0202765,0.00934553,0.00928752,0.00868328,0.00308045,0.00132721
0.017864,0.00986793,0.00700017,0.0189056,0.00695766,0.0177221
0.00435594,0.00319237,0.00231027,0.00172377,7.46422e-05,-0.000473613
0.00451897,0.00340759,0.00248752,-2.99837e-06,-0.000546314,-0.000556223
0.037794,0.0214205,0.0185046,0.0245208,0.00571396,0.00413047
0.00691844,0.00471133,0.00206785,0.00834372,0.00333333,0.00674221
0.00670812,0.0048928,0.00606723,0.00392064,0.00140379,0.000528748
0.0249843,0.0138734,0.00874515,0.00585721,0.00148199,0.00387783
0.0181649,0.0060182,0.0076717,0.00904898,0.00221316,0.00150047
0.0382163,0.0193955,0.022142,0.0234697,0.00669067,0.00510464
0.0205086,0.00886701,0.00956891,0.00327314,0.00125458,0.00212052
0.0175032,0.0115973,0.0110888,0.0106089,0.00261138,0.0023347
0.00689218,0.00525239,0.00417106,0.00911187,0.00116496,-0.00045129
0.00691676,0.00447758,0.00307589,0.00283083,0.00145295,-0.000408511
0.0198262,0.0118707,0.0104948,0.0109787,0.00228137,0.00101663
0.0138675,0.00986104,0.0066642,0.00493544,0.000897908,0.00109375
0.0095987,0.0066391,0.00437996,0.00721432,0.00112548,-5.33064e-05
0.00650645,0.00459916,0.00335211,-0.000782484,0.00100047,0.000382079
0.0225405,0.0121033,0.0116146,0.0221364,0.00468494,0.00843535
0.0115939,0.00762213,0.0113737,0.0182714,0.00395841,0.00211015
0.0134492,0.0093099,0.00956774,0.00916853,0.00288931,0.00168744
0.00632715,0.00446723,0.00355532,0.0014149,0.000547629,-0.000479805
0.0052642,0.00386922,0.00282066,0.00203437,5.51918e-05,-0.000807086
0.00813599,0.0049268,0.00414213,0.00560103,0.00126512,-0.000134906
0.00902794,0.00498217,0.00601683,0.00560923,0.000994454,0.00207118
0.0111676,0.00789121,0.00515361,0.00942058,0.00131468,0.000242804
0.0134526,0.0095675,0.00750315,0.0104705,0.00077443,-0.0012279
0.0131933,0.00893739,0.0037215,0.00480082,0.0016025,0.00104223
0.0111762,0.00803896,0.00853109,0.00565504,0.00125299,0
0.0057982,0.00429534,0.003984,0.00366793,0.000413706,0.00101873
0.00424435,0.0031676,0.0023727,0.000949683,0.000896978,0.000895809
0.0202394,0.0103785,0.0141035,0.0205979,0.0050467,0.00684194
0.027583,0.0104382,0.0171688,0.0267561,0.00530286,0.00499666
0.0218977,0.00872259,0.0093498,0.0139512,0.00301701,-0.000117548
0.0258257,0.0119929,0.0154476,0.0140469,0.00323979,0.000409973
0.0251366,0.0120295,0.0150873,0.0146882,0.00285837,0.000607178
0.00541226,0.00413622,0.00273944,-0.000801021,7.23841e-05,0.000792537
0.00444617,0.00328786,0.00209444,0.00247789,-0.00138483,-0.000837552
0.00798538,0.00610078,0.00279424,0.0120392,0.00631111,0.0173721
0.0119606,0.00848655,0.00749953,0.00510983,0.00143576,0.000193232
0.0184558,0.00880851,0.0096749,0.00929456,0.00215105,0.000827001
0.0241484,0.00781812,0.016012,0.01346,0.00333244,0.00160864
0.0188458,0.00791259,0.0152114,0.00989231,0.0028609,0.000222695
0.00580851,0.0042431,0.00475859,0.00956328,0.00281918,0.00118472
0.0126157,0.00874194,0.00643528,0.00702978,0.00090528,0.000485028
0.00786553,0.00550336,0.00420281,0.00691925,-5.57634e-05,0.00042522
0.013376,0.00847166,0.00510134,0.00526736,0.00199235,-0.00098799
0.0117481,0.00811697,0.00640119,0.00139406,0.00141037,-0.000450065
0.00494108,0.00363458,0.00152294,-0.00117961,0.00138435,-0.000357482
0.00447853,0.00335768,0.00269309,0.000706239,0.000429333,0.000120061
0.00545865,0.00388987,0.00288733,0.00187872,0.00140099,8.16489e-05
0.00939484,0.00630681,0.00390582,0.000579573,0.000894115,0.000546214
0.0351367,0.0136009,0.0160581,0.0204864,0.00337189,0.00258583
0.0289164,0.0178788,0.0187013,0.0175985,0.00417724,0.00206593
0.0101368,0.00698903,0.00553877,0.00545732,0.00155304,-0.000412201
0.00503448,0.00357318,0.00220464,0.00366474,0.000818608,-0.00155904
0.0244403,0.0123857,0.0104553,0.0096065,0.00257312,-0.000185362
0.00881406,0.00643504,0.00364903,-0.00047463,0.000887905,-0.000296499
0.0111308,0.00787103,0.00344538,0.00051897,0.000894905,0.000166576
0.00733862,0.00537562,0.0033804,0.00568489,0.00102957,-0.00224749
0.00949201,0.00663092,0.00400407,0.00712872,0.00143468,-0.000445106
0.0123133,0.00875107,0.00588265,0.00428116,0.00102977,0.000177423
0.00409162,0.00330358,0.00233616,0.00156697,0.000656455,0.000615011
0.0131448,0.00910291,0.00517713,0.00212497,0.000362718,0.000282471
0.018329,0.0124284,0.00887292,0.0045869,0.00346861,0.00157236
0.0235447,0.0127227,0.0078279,0.00913179,0.00268451,0.00222961
0.0135058,0.00552503,0.00753279,0.00434185,0.00145941,-0.000255522
0.014461,0.00961146,0.00429699,0.00148244,0.00104837,0.00031242
0.0200855,0.0118739,0.0098475,0.0197065,0.0049943,0.00782533
0.00913917,0.00660796,0.00293495,0.003865,0.000356789,0.000609579
0.0118889,0.00851063,0.00553028,0.0138984,0.00325775,0.00756917
0.018504,0.0109293,0.0107213,0.00929785,0.00145639,2.02004e-05
0.0156403,0.0107062,0.00530179,0.0084338,0.000886862,-0.000478863
0.0172282,0.00668296,0.013371,0.0159449,0.00415343,0.000863965
0.0196945,0.0077803,0.0108274,0.0107868,0.00158684,0.000262897
0.00683634,0.00474261,0.00316584,0.00166059,0.00149348,-0.000501143
0.046367,0.0209321,0.021198,0.0225763,0.0046683,0.000366092
0.0219156,0.0136789,0.0075004,0.013321,0.00328002,0.00647184
0.0144567,0.00686671,0.0044499,0.0107221,0.00281422,0.0106192
0.00672805,0.00309628,0.00679262,0.00378842,0.000381773,0.000434182
0.00674029,0.00309975,0.00641512,0.00340829,-0.000145412,0.000291993
0.0184193,0.0106381,0.0147589,0.0126487,0.00272708,0.00134957
0.00780703,0.00553209,0.0031492,-2.74041e-05,0.00160246,-0.000698801
0.0188198,0.0131559,0.00381475,0.00511648,0.00130779,-0.000469987
0.0050406,0.00386107,0.00436269,0.00319639,0.00145188,0.000630276
0.00731276,0.00527529,0.00241478,0.00417424,0.000392157,-0.000169538
0.00592401,0.00343765,0.00423167,0.000584375,8.75674e-05,2.85925e-05
0.00623388,0.0034383,0.00421459,0.000761172,-0.000348286,0.000967555
0.00390251,0.0030318,0.00248999,-0.000531209,-0.000403184,0.000618674
0.0107709,0.00656274,0.00606218,0.0158649,0.00187631,0.00096099
0.00887889,0.0053156,0.00481381,0.0107233,0.000924113,-0.000197611
0.00923124,0.00619176,0.00313332,0.00226347,0.00135091,0.00195295
0.0110493,0.00733167,0.00393306,0.00606192,0.000641984,0.000591169
0.0150419,0.0104448,0.00615838,0.00604704,0.00181461,-6.21471e-05
0.0174078,0.00867133,0.0106105,0.00571762,0.00101174,-0.000304127
0.0182744,0.00879213,0.0103576,0.00484072,0.00174804,0.000442048
0.00648132,0.00503921,0.00435464,0.000525839,0.000490274,-0.000389391
0.00730308,0.00535576,0.00334463,0.00302753,7.46568e-06,0.000703211
0.0220863,0.00850795,0.0111143,0.0099738,0.004022,0.00188529
0.0182889,0.00828047,0.00847639,0.0056721,0.00147485,0.00121785
0.0410044,0.0134095,0.0216271,0.0215161,0.00612227,0.00233488
0.030602,0.0133754,0.0162162,0.0163667,0.00495616,0.0018351
0.0128922,0.00880518,0.00480922,0.00178781,0.000847484,0.000523624
0.0061225,0.00451478,0.00399113,0.00653577,0.00185795,-0.00111184
0.00731424,0.00521042,0.00342273,0.00235776,0.00141225,-0.000838689
0.0178641,0.0105413,0.0157355,0.0180864,0.00372832,0.000955696
0.0131007,0.00903899,0.00444649,0.00180989,0.000878667,0.00122786
0.00773736,0.00566367,0.00441937,0.00365172,0.000251594,5.166e-05
0.0133491,0.0062779,0.00882082,0.0082344,0.00149366,0.000764222
0.0213085,0.00858996,0.0113601,0.0116514,0.00262079,0.00140716
0.00532898,0.003825,0.0030002,0.000735389,0.000551562,0.000485524
0.0279666,0.0109332,0.00947176,0.00992868,0.00169451,0.000640841
0.0278318,0.011043,0.00937002,0.0103767,0.00129621,0.000858941
0.00430769,0.00333216,0.001535,0.000503808,0.000390991,0.000408404
0.00875222,0.00626021,0.00377317,0.000429678,0.000902944,-0.000408719
0.00700875,0.00513484,0.00400313,0.00269827,-0.000165768,0.00162134
0.009256,0.00668642,0.00520151,0.00280448,0.000744426,0
0.0178514,0.0101919,0.00549478,0.00599874,0.00193288,0.000371584
0.0142941,0.00620023,0.00473437,0.00253962,0.00148824,-0.000695159
0.00949537,0.00658616,0.00472833,0.00306718,-0.000280827,0.00119675
0.00652577,0.00487666,0.00281633,0.000977638,0.000751161,0.0014154
0.0169808,0.0111712,0.0110697,0.00941419,0.00187036,9.2652e-05
0.00704716,0.00512402,0.00268179,0.0225443,0.010857,0.0242425
0.0147653,0.0101969,0.00449864,-0.00480333,0.00137377,-0.000300752
0.0048498,0.0033252,0.00281453,0.00760706,0.000402081,-0.000487505
0.00450585,0.00340239,0.00341089,0.00453789,0.000677812,0.000610682
0.0298103,0.0199148,0.0117505,0.0131111,0.00305449,0.000268174
0.00442995,0.0034119,0.00236593,-0.00166148,0.000240051,0.000740835
0.0100876,0.00742532,0.00499129,0.00452107,0.000737101,0.00195171
0.0048582,0.00332431,0.00527224,0.00325811,0.000779314,8.55266e-05
0.0138715,0.00945629,0.00530952,0.00492507,-0.000280066,0.000580587
0.0217788,0.0149477,0.00835868,0.00460397,0.00194914,0.000968302
0.00702221,0.00338648,0.0028953,0.00346426,0.000927985,0.000157624
0.00841483,0.00473249,0.00466795,0.00336272,-0.000135846,-0.000995619
0.00812546,0.00461203,0.00413101,0.00219595,0.000595002,-0.000834237
0.0113767,0.00809893,0.00360051,-0.000182109,0.00022969,7.94945e-05
0.0241311,0.0126711,0.0103643,0.0120831,0.00274728,0.00134246
0.0153127,0.0104999,0.012272,0.0162016,0.00388894,0.0011071
0.00605835,0.00484066,0.00364285,0.00317132,0.000874925,0.000887059
0.0140649,0.00997249,0.00623081,0.00817892,0.000366351,-0.000583425
0.0171372,0.00842562,0.00697197,0.00629054,0.000962515,0.000298531
0.0211999,0.011122,0.00812597,0.0065341,0.00150967,-3.14547e-05
0.0093525,0.0043866,0.00579022,0.00101863,0.000617114,-0.000406221
0.00577111,0.00387255,0.00310782,0.00232821,-0.000419256,0.000601966
0.00846604,0.00351806,0.00601705,0.00425421,0.00114975,-0.000174531
0.0155996,0.0096708,0.00656827,0.00373216,0.00155782,-0.00017915
0.00710893,0.00476787,0.00345119,0.00102351,0.000293622,7.47481e-05
0.0195239,0.0116322,0.00753158,0.00810607,0.00148766,0.00231415
0.0149908,0.00664125,0.00798286,0.00659078,0.000967531,0.00329063
0.00493453,0.00374995,0.00248785,0.00415007,0.00031898,-0.000800712
0.00839256,0.00599387,0.00310992,0.0012786,-0.000317359,0.00243648
0.0146896,0.00721528,0.00524362,0.00656514,0.0013801,0.000701405
0.0180994,0.00925184,0.00632296,0.00677077,0.00126075,0.000742535
0.00844239,0.00610687,0.00506781,0.010211,0.00245646,0.000857768
0.00861152,0.00335696,0.00355468,0.00292614,0.00119684,0.00061159
0.0087506,0.00348343,0.00346507,0.00157076,0.000424973,0.000765124
0.0116084,0.0080704,0.0167807,0.0164666,0.00443805,0.00473114
0.00602654,0.00399257,0.00239838,0.00660201,0.00260371,0.00493511
0.00590548,0.00428942,0.00271924,0.00102401,0.000275277,0.000377312
0.0212364,0.00813493,0.00879884,0.00801358,0.00198444,0.000896512
0.0189668,0.00812013,0.00720688,0.00743817,0.00192519,0.000894996
0.0147787,0.0103683,0.00787686,0.0134906,0.00239273,0.000382858
0.00709736,0.00495312,0.00267438,0.000421956,0.000513777,-8.73451e-05
0.0104547,0.00736745,0.00320365,0.00554042,0.00128647,0.000163168
0.00908785,0.0063806,0.00417504,0.00398122,0.00149609,0.000835085
0.0124641,0.00626161,0.00525841,0.00798515,0.00165273,0.000384031
0.0119756,0.00619439,0.00491021,0.00471929,0.00140966,0.000740344
0.010644,0.00713651,0.00804212,0.0120024,0.00214267,0.00139611
0.00838087,0.00580663,0.00314707,0.00136478,2.97317e-06,7.87521e-05
0.00940477,0.0068665,0.00885269,0.00472355,0.00227391,-0.000585092
0.0149792,0.0105255,0.00553421,0.00443913,0.000729834,0.000701528
0.00767354,0.00526584,0.00240968,-0.00071795,0.000502737,0.00117013
0.00522892,0.00359064,0.00225921,-0.00138463,0.00105992,0.000385646
0.0324356,0.0120262,0.0149806,0.00924461,0.00401336,0.00102756
0.0327647,0.0122084,0.0148842,0.0115566,0.00376062,0.0015468
0.00730531,0.00337837,0.00443647,-8.27667e-05,0.000311084,-0.000143682
0.00785691,0.00337975,0.00475069,-0.00131679,0.000586371,0.00107156
0.0111149,0.00769337,0.00958653,0.00790073,0.000784812,0.000948161
0.00415166,0.00319529,0.00187656,0.00319098,0.000103814,5.62627e-05
0.0103992,0.00715566,0.00408493,0.00276629,0.00101016,0.00274757
0.00642222,0.00454377,0.00408647,0.00660772,0.000781201,-0.000528898
0.011286,0.00834327,0.00576381,0.00831784,0.00147244,0.00194122
0.016892,0.0115866,0.00706721,0.00760111,0.00177545,0.00186792
0.0115949,0.00790095,0.00427706,0.00193484,0.000405428,0.000125106
0.0146231,0.00600879,0.00637753,0.0034583,0.000919216,0.000608077
0.0172816,0.00600219,0.00740493,0.00565921,0.000980386,0.000325256
0.0152527,0.0060941,0.00763312,0.0041617,-0.000121936,0.00152363
0.0143379,0.0100789,0.00820094,0.0074963,0.00082783,0.000359482
0.00858395,0.0050853,0.00396064,0.00472787,0.00227445,0.000628549
0.0100472,0.00539546,0.00413675,0.00582439,0.00156433,0.000952253
0.00727643,0.00513679,0.00358712,0.00721117,0.000589899,0.00219925
0.0139794,0.010286,0.00433415,0.00727166,0.000731437,8.36169e-05
0.00989415,0.00690235,0.00467427,0.00219413,0.00032053,0.000872557
0.0203536,0.0138566,0.00896433,0.0156286,0.00154872,0.0019567
0.0079846,0.00323487,0.00261135,0.00840472,0.000693862,0.00123618
0.00943652,0.00639254,0.00387878,0.00242324,0.000596495,-2.45662e-05
0.0131819,0.00798474,0.00552768,0.00334063,0.00117267,0.000576761
0.00878843,0.00640397,0.00512748,0.00714964,0.00111067,-8.4934e-05
0.0112818,0.00632618,0.00583447,0.00708827,0.000713026,0.00123383
0.0105809,0.00454304,0.00592589,0.00205228,4.66843e-05,0.00100858
0.00576617,0.00401885,0.00233178,0.00413464,0.00100238,-0.00180865
0.0116573,0.00810634,0.00375521,0.0046551,-0.000142295,-0.000195185
0.0100297,0.00743787,0.00551685,0.00411738,0.00129627,0.00151913
0.0107101,0.00626117,0.00660544,0.0057846,0.00101122,0.000510392
0.0123146,0.00614722,0.0066114,0.00560312,0.000753397,-0.00115616
0.00923194,0.00635096,0.0071392,0.00529483,0.00131367,0.000203629
0.0190486,0.00919351,0.00866239,0.00795187,0.00204726,0.00190144
0.00482936,0.00348453,0.00117409,0.00450231,0.000192652,0.00149329
0.00607011,0.00402615,0.00333761,0.00674316,0.000933175,0.000803383
0.00742584,0.0052164,0.0067073,0.0102556,0.00199473,0.00129258
0.0109002,0.00746515,0.00324994,0.0103942,0.00167276,-0.00112476
0.0174872,0.0115816,0.00707205,0.00842076,0.00116971,-0.000282248
0.0116124,0.00819308,0.00503359,0.00389403,0.000667605,0.00120674
0.00554341,0.00411887,0.00292376,-0.00236046,-0.000155886,8.93054e-05
0.00786026,0.00547836,0.00294916,0.0027258,0.00192601,-0.000427763
0.0104652,0.00699028,0.00531381,0.00509013,0.00165109,-0.000444804
0.012857,0.00826983,0.00487284,-0.000158475,0.00188316,0.00165899
0.0169226,0.0106938,0.0201242,0.0122224,0.00532722,0.00286595
0.01551,0.0090316,0.00779092,0.0112544,0.00146107,0.000274654
0.0171754,0.00899334,0.00791597,0.0134747,0.00160837,0.000656053
0.00881524,0.00641617,0.0038285,0.00189448,0.00047564,0.00110105
0.023462,0.0138084,0.00620795,0.00782125,0.00175814,0.000782157
0.0225304,0.00911123,0.00471276,0.00541157,0.00128988,0.000321387
0.0046902,0.0030714,0.00239393,-0.000126691,-4.39768e-05,0.0010656
0.00762175,0.0046673,0.00358156,0.00397148,0.00105492,0.00131207
0.00712586,0.00298329,0.00312422,-0.000187267,0.000388497,0.000329783
0.0171642,0.00740984,0.0102302,0.00997262,0.00336193,0.000872822
0.00549761,0.00308324,0.00285578,0.00215957,-0.000505838,-0.000279554
0.0208233,0.00702978,0.0124909,0.014811,0.00344594,0.00344578
0.0209149,0.0116076,0.0096627,0.00659767,0.00205209,0.00185011
0.00957338,0.0066179,0.00422577,-0.00162489,-0.000381102,0.000788695
0.00990435,0.00695282,0.00328325,0.000119468,0.000450961,-0.00028587
0.00934262,0.00440729,0.00352391,0.00408515,0.0017748,-0.00013721
0.00972304,0.0046475,0.00378595,0.00209882,0.000857177,-0.000565487
0.0063136,0.00470071,0.00440844,-0.000771742,-2.35133e-05,1.72577e-05
0.00600001,0.00399899,0.00406015,0.00490456,0.000964316,0.00186927
0.00407815,0.00333414,0.00227718,0.00120541,0.000542964,0.000145296
0.0261402,0.0177686,0.0141507,0.015178,0.00460852,0.00134248
0.0311018,0.017883,0.0154761,0.0146428,0.00454234,0.00243615
0.0150104,0.00577796,0.00668871,0.0104417,0.00121387,-0.00038644
0.0148068,0.00574894,0.0063792,0.00869554,0.00117244,-0.00101006
0.00736597,0.00530575,0.00683677,0.00505448,0.00113088,0.000866965
0.00638546,0.00485794,0.0072639,0.00234884,0.00172095,0.00155727
0.0111632,0.00800405,0.00525744,0.00521432,0.000730069,0.00149826
0.0410017,0.0159732,0.0230563,0.0428544,0.0133852,0.0280596
0.0441644,0.016018,0.024349,0.044743,0.0140691,0.0287464
0.00541774,0.00389672,0.00246734,0.000273925,0.000753812,-0.000903279
0.0139477,0.00982928,0.00337301,0.00570347,0.00145458,0.000275577
0.0112385,0.00757932,0.00553243,0.00182089,-0.000137702,0.000640233
0.021454,0.0127271,0.00957219,0.00426065,0.00149996,0.000911096
0.0101834,0.00731237,0.00473116,0.000673818,-9.92797e-05,0.0011296
0.00484053,0.00326571,0.00338333,0.000612643,0.00113656,-0.000728486
0.00706428,0.00515126,0.00504494,0.00460717,0.000497319,0.000542537
0.0154417,0.0108097,0.00548574,0.00228527,0.000999563,-0.000202028
0.0102055,0.00750992,0.00465871,0.0025791,0.00109131,-0.000692542
0.00795498,0.00580004,0.00350904,0.0031315,0.00142442,-0.000867467
0.0258568,0.0177869,0.0115247,0.0214432,0.00767878,0.010228
0.00854634,0.00599086,0.0075612,0.00694143,0.00323998,0.000739986
0.0200577,0.0104899,0.00907096,0.00785714,0.00183012,0.00247946
0.0134409,0.00967557,0.00637395,0.00613253,0.00145257,0.000884839
0.00760681,0.0052715,0.00279229,0.00403818,9.29113e-05,0.000727512
0.0172791,0.0117579,0.00826351,0.00529584,0.0016211,0.00251327
0.0142571,0.00988891,0.00484254,0.0101838,0.00135419,0.0010174
0.0198964,0.0136851,0.00941009,0.00549839,0.00254309,0.00252084
0.0162135,0.00693262,0.013192,0.0156665,0.00294236,0.00215169
0.0154136,0.0104653,0.00741703,0.00590555,0.000746403,-0.00060416
0.0145656,0.00664247,0.00971735,0.00845696,0.00165403,0.00126247
0.0145988,0.00674381,0.00979486,0.00832611,0.00250212,0.00128962
0.00961701,0.00551083,0.00327506,0.00527313,0.00146417,0.00213752
0.0321071,0.01604,0.00957084,0.0185497,0.00306322,0.00228637
0.00421276,0.00299143,0.00293426,0.00263148,-0.000223021,0.00116587
0.013245,0.00548664,0.0057296,0.0064746,0.00216586,0.000605827
0.0160774,0.00759746,0.00649306,0.00708908,0.00147876,0.000812501
0.00714917,0.00508357,0.00425759,-0.000400086,-0.000801893,0.000706928
0.00827996,0.00349394,0.00404446,0.00469801,-9.6021e-05,0.000241897
0.00844001,0.00577383,0.00212902,0.0037801,0.000913813,0.00157159
0.00790097,0.00555544,0.00373614,0.0114563,0.00335101,0.00903299
0.0049561,0.00354304,0.00211465,-0.000460032,0.000602309,0.00138901
0.00432052,0.00324358,0.00266139,0.0042404,0.000607064,-0.000793732
0.00847772,0.00355904,0.00348965,0.00332465,0.00149678,-0.00116513
0.00858037,0.00340896,0.00334118,0.00463546,0.000886131,-0.00029208
0.00461508,0.00357814,0.00225038,-0.00391088,0.000138458,-0.000381777
0.0078059,0.00532251,0.00183852,0.00191364,0.000387286,0.00130361
0.00871018,0.00621463,0.0041617,0.00271023,0.00208615,0.000834887
0.010221,0.00712504,0.00530194,0.00355788,0.000481905,0.000365833
0.00646337,0.00340221,0.00577718,0.00931106,0.00470364,0.012888
0.0131999,0.00740439,0.00415562,0.00495443,0.000776747,0.00102598
0.0125255,0.0074646,0.00389958,0.000750813,0.000967367,0.00179902
0.0104087,0.00715577,0.00550743,-5.06735e-05,0.00149787,0.00175808
0.0361655,0.0224431,0.0157319,0.0143945,0.00288401,-0.000229506
0.00724664,0.00538578,0.00530852,0.00548743,0.00142622,0.000473649
0.00662109,0.00415401,0.00236214,0.00356666,0.000533825,0.000428293
0.0144849,0.00795821,0.00516889,0.00347984,0.000926687,-0.000199886
0.00798907,0.00513113,0.00471863,-0.000677351,0.000359626,-0.000364862
0.0121869,0.0085105,0.00692955,0.00869891,0.00190577,0.000342896
0.00747671,0.00523044,0.00606722,0.0155783,0.00360759,0.00223964
0.00777759,0.00579432,0.0041335,0.00616129,0.00232933,-0.000112018
0.00714978,0.0054069,0.00280244,0.00226884,0.00128191,0.00142924
0.00450589,0.00355556,0.00284705,-0.000102431,-0.000612536,0.00119453
0.00800999,0.00388048,0.00388228,0.00765395,0.00508955,0.0102293
0.0226552,0.00829899,0.0139266,0.0349459,0.0119013,0.0224541
0.0204739,0.0087059,0.0123704,0.0277532,0.00619018,0.0136722
0.00893999,0.00600177,0.00328541,0.00597185,-0.00024844,0.0013458
0.0098978,0.0066985,0.00446499,0.00882063,0.00378185,0.00683676
0.00776739,0.00400882,0.0023017,0.00122226,0.000753909,0.000532915
0.0138103,0.00922787,0.00717472,0.00247793,0.00135684,0.00191142
0.0111396,0.00477646,0.00493791,0.00240928,0.000245623,0.000358349
0.00717486,0.00412659,0.00274083,-0.000838003,-0.000212225,0.00166861
0.00590785,0.00398776,0.00307973,0.00614225,0.00184199,-3.45388e-05
0.0115036,0.00783534,0.00821957,0.011931,0.00319567,0.00180407
0.0310577,0.0209723,0.0129057,0.00433162,0.00197425,0.00330007
0.0191915,0.00802108,0.00890718,0.00256125,0.00219523,0.0009569
0.012385,0.00511143,0.00598432,0.00178723,0.00202572,0.00194044
0.0185769,0.0128767,0.00569632,0.00583775,0.00156261,0.00170828
0.0141976,0.0093658,0.00945454,0.012392,0.00168033,0.000623271
0.00916101,0.00479138,0.0123025,0.0306183,0.0113911,0.0170513
0.0167548,0.012017,0.00897137,0.0212407,0.0061512,0.0147444
0.0170588,0.0109039,0.00656988,0.0138564,0.00513484,0.0038656
0.0177078,0.00958742,0.00850662,0.00233322,0.00227217,0.000982537
0.0116654,0.00807938,0.0069422,0.00561602,0.00149534,0.000196517
0.00721812,0.00506875,0.00333208,-0.000218621,6.24049e-05,-0.000446586
0.00947467,0.00698038,0.00380128,-0.00214249,1.22949e-05,0.00312402
0.0230864,0.0118884,0.0228932,0.0516708,0.0203868,0.0405978
0.0251937,0.0126212,0.0226939,0.0434125,0.0147713,0.032166
0.00807182,0.0055205,0.00271929,0.00262233,0.00071246,-0.000273427
0.00840765,0.00567193,0.00647634,0.00410098,0.00123448,0.00211599
0.010273,0.00674173,0.00518353,0.00503568,0.0015577,0.00134874
0.0205359,0.0146241,0.0104463,0.0141349,0.00398442,0.00362933
0.0059019,0.00418444,0.00361667,0.00402044,0.000909739,-0.000170013
0.00732883,0.00504266,0.00628289,0.00248123,0.000297152,0.000449609
0.00919822,0.00642145,0.00630005,0.00763006,0.00069522,0.00248018
0.00905862,0.00635632,0.0030993,-0.00101432,-0.000803136,-0.001482
0.00748609,0.00494801,0.00315508,0.00173071,0.000563095,-0.000199193
0.00691558,0.00401089,0.00425188,-0.00113446,0.000482456,0.00134102
0.0049584,0.00354814,0.001754,0.0052718,0.000108022,-0.000132532
0.0144352,0.0093942,0.00813661,0.0116517,0.00129495,0.00214672
0.012636,0.00435589,0.00863764,0.0153854,0.00217527,0.00102557
0.0206783,0.0100242,0.0201691,0.0134745,0.00151797,0.00166443
0.0185837,0.0132242,0.00609734,0.00517891,2.11611e-05,-0.00145117
0.0057235,0.00394094,0.0024831,-0.00345418,-0.00103035,0.000438457
0.0234983,0.0160732,0.0103092,0.0125598,0.00331129,0.00216804
0.0110588,0.00759402,0.00431439,-0.000135247,0.000290172,-0.000624684
0.028165,0.0149457,0.0146884,0.0268786,0.0065509,0.0157994
0.00628849,0.00459696,0.00301087,0.00266443,0.000569339,0.000608231
0.00752953,0.00525372,0.00270747,0.0068963,0.000948636,-0.000634543
0.0162085,0.011385,0.00973569,0.0143432,0.00255829,0.000524606
0.00856291,0.00614277,0.00718699,0.0107575,0.00208678,0.000577734
0.00874867,0.00572038,0.00344809,0.00974329,0.00172338,0.00601877
0.00732598,0.00513613,0.00602247,0.00141555,0.000552586,-0.000257387
0.00939668,0.00631437,0.00472125,0.00222674,0.000953836,-0.000574618
0.0106178,0.00697282,0.00480152,0.00417135,0.000486567,0.00168733
0.00682517,0.00481397,0.00267804,0.00164602,0.000628768,0.000966615
0.00422847,0.0030829,0.00227192,0,0.000337823,-0.000747506
0.0169947,0.00940148,0.00956353,0.00757858,0.00173484,0.00147685
0.0165108,0.0112952,0.00485886,0.00502974,0.00248944,0.00144532
0.00899799,0.00578635,0.00439841,0.00615326,0.00107184,0.000168996
0.00389637,0.00314423,0.00207988,0.000313378,-0.000728111,-0.000549777
0.00964548,0.00664736,0.00463575,0.00268305,0.0010637,0.0011164
0.0126219,0.00876442,0.0062705,0.00866053,0.000569608,-0.000479158
0.0072191,0.00488011,0.00290608,0.00341912,0.000126023,0.0014265
0.0068439,0.00474492,0.00281767,0.000305828,-0.000186994,0.00083224
0.00716948,0.00506222,0.00272106,-0.00051675,0.000420397,-0.000295039
0.00752198,0.00540808,0.00524707,0.00409609,0.000830988,0.000227013
0.00790348,0.0036457,0.00388633,7.87021e-05,-0.000168531,-0.000641396
0.0132607,0.00776872,0.00608626,0.00142555,6.46697e-06,0.000308042
0.0141393,0.0102505,0.00598202,0.00527908,0.00215504,-0.000443316
0.00608755,0.00433393,0.00507576,0.00213287,0.000767513,0.00141828
0.00565813,0.00369711,0.00282613,0.000215819,0.00128289,-0.000196824
0.0128876,0.00911185,0.00428456,0.00407464,0.000393207,0.000344283
0.0284425,0.016577,0.0089801,0.00866911,0.00396784,0.000975219
0.0141878,0.0101211,0.00556837,0.00161652,0.000908987,0.000509095
0.0348518,0.0190691,0.0167324,0.0203465,0.00350083,0.00169399
0.0126197,0.00771637,0.00560815,0.00421916,0.000866758,0.000535762
0.00598524,0.00450914,0.00359761,0.00533209,0.000399089,-0.00159212
0.0179787,0.0125999,0.0108903,0.00538883,0.00140999,0.00217933
0.0198704,0.00790098,0.00805726,0.00257772,0.000109597,0.000991295
0.0201955,0.00797874,0.00802643,0.00599313,-4.97125e-06,0.000223003
0.0164098,0.0105999,0.00794112,0.00903573,0.00103879,0.00221733
0.0115936,0.00840416,0.0083168,0.0110084,0.00085335,0.00181036
0.00882337,0.00433193,0.00414127,0.000137319,0.0011441,-0.000161963
0.010595,0.00373251,0.00463507,0.00193142,0.00133379,-3.56012e-05
0.0121948,0.00575744,0.00534469,0.00417449,0.00121905,3.81202e-05
0.0216858,0.00970783,0.00860625,0.00695202,0.00229744,0.000229697
0.00776096,0.00472183,0.00215805,0.00423906,8.41002e-05,-0.000193996
0.00453402,0.00333942,0.00227974,-0.00314174,-0.00012914,0.000831791
0.00496557,0.00360291,0.00405851,0.000465918,0.00103942,0.000290194
0.00781856,0.00570087,0.00501477,0.00356418,0.00168744,0.000454639
0.0110381,0.00729011,0.00603857,0.0048711,0.00190431,0.00234743
0.00998065,0.00571361,0.00408195,0.00323494,0.000868904,0.00160225
0.00942377,0.00628496,0.00400121,0.00412559,0.00158736,-0.000106649
0.00816952,0.00578167,0.00428815,0.00555604,0.000635986,0.000813287
0.0166302,0.0118282,0.005419,0.00381904,0.000545818,0.00196084
0.0105521,0.00751085,0.00486829,0.00833953,0.00103138,0.000273931
0.00790227,0.00545879,0.00306167,-0.00142367,0.000597755,3.84752e-05
0.00479448,0.00377535,0.00403766,0.00410032,0.000510822,-1.0884e-05
0.0150992,0.0100895,0.00590239,0.00620809,0.000101724,0.000951387
0.0128361,0.00906844,0.00783718,0.00831358,0.00209894,0.000981557
0.012981,0.00863217,0.00513286,0.00513346,0.00102001,6.59575e-05
0.0262443,0.0169982,0.0103496,0.00442258,0.00262076,0.000634439
0.0179037,0.0125007,0.00842434,0.00595514,0.0027132,0.00145931
0.0137325,0.00970353,0.00539949,0.00108433,0.00118803,0.000805828
0.0166181,0.0114732,0.00573847,0.00743419,0.0023513,0.00130597
0.00622965,0.00477515,0.00226168,0.000297532,-8.14737e-05,-0.00100185
0.00830734,0.00619708,0.00469027,0.00381357,0.000183889,-0.00012668
0.0116189,0.00808324,0.00490141,0.00149621,0.000897178,0.000101015
0.0158314,0.0112203,0.00977268,0.00667205,0.00131082,-0.000370799
0.00620894,0.00336482,0.00405838,0.00278197,0.000885981,-0.000259634
0.00909903,0.0066679,0.00255026,0.00263337,0.000565215,0.00113712
0.0142271,0.00974586,0.00435116,0.00409024,0.00236043,0.00123418
0.00467034,0.00354299,0.00246989,-0.00111459,-0.000412885,0.000284092
0.0230419,0.00939715,0.0101979,0.0222022,0.00531998,0.0100984
0.0274736,0.0098224,0.0118202,0.0202788,0.00434227,0.00828054
0.0164315,0.008192,0.00543942,0.00719304,0.00199004,0.00139658
0.0130155,0.00944665,0.00583715,0.000345388,0.000787735,0.00153886
0.0101492,0.00746722,0.00493692,0.00221586,0.000833755,0.00219726
0.00474024,0.00344502,0.00191129,0.000533116,-0.000422964,0.00200786
0.0089008,0.00610541,0.00353429,0.00155246,0.000547376,0.000808253
0.00854937,0.00601545,0.00283235,0.0040376,0.000487926,0.00157138
0.00578704,0.00405459,0.00311423,0.00545951,0.000771549,0.000171457
0.00529101,0.00369163,0.00302789,0.000500337,0.000709054,0.00162437
0.00534801,0.00381987,0.0026832,0.000402722,-0.000507974,0.0016296
0.0139395,0.00858575,0.00402926,0.00357475,0.00111058,0.000998061
0.00948733,0.00366272,0.00338,0.00235054,0.000902798,-0.000128839
0.00534295,0.00389495,0.00289122,0.00678332,0.00126428,0.000115327
0.0114753,0.00540713,0.0080052,0.00665801,0.00233485,0.00134558
0.0243531,0.016181,0.00609679,0.0146526,0.00257618,0.00218013
0.00775629,0.0037713,0.00581713,0.00166386,0.000464895,0.00011216
0.0102386,0.00729797,0.00449121,-0.00408249,-0.000233088,9.25261e-05
0.00575927,0.00356115,0.00261022,0.00482495,0.000440239,-0.000331126
0.00629991,0.00315211,0.00518468,0.00178979,-0.000180363,0.000457175
0.00748743,0.00309151,0.00558065,0.00389386,0.000432599,0.00186597
0.017413,0.0119243,0.0121101,0.0100355,0.00205991,0.00164749
0.0167746,0.00628394,0.00966761,0.00665801,0.00322518,0.000927273
0.0130138,0.00628889,0.00711323,0.00296693,0.00246028,6.03945e-06
0.015715,0.0107752,0.00546407,0.00543931,0.00131152,0.00160666
0.01287,0.0064608,0.00623844,0.00407332,-0.00049443,0.000588727
0.00407977,0.0029367,0.00231491,0.0019461,-4.70136e-05,0.000172705
0.0163535,0.0117966,0.00759915,0.00753796,0.00127721,-0.000369384
0.0154015,0.00619736,0.00555576,0.00538195,0.00117094,-0.000118781
0.015582,0.00618865,0.00583724,0.00765335,0.000738364,0.000242847
0.0124443,0.0085789,0.00571887,0.00495345,0.000359349,0.000370175
0.00464516,0.00320427,0.00288925,-0.000604708,4.51898e-05,-0.000883546
0.0118368,0.00859666,0.00623189,0.00468012,0.00222166,0.00131983
0.0174201,0.00988029,0.00751614,0.00312015,0.00158333,-4.31322e-05
0.0186163,0.00990226,0.0073773,0.00298858,0.00122749,0.000102399
0.0204861,0.0125254,0.0117801,0.00625332,0.0018137,0.0014092
0.0211779,0.0124911,0.011133,0.00780578,0.00174634,0.00163146
0.00729847,0.00518834,0.00484795,0.00781717,0.00101755,0.00147875
0.00421165,0.0031158,0.0081541,0.00668145,0.00415064,0.00553494
0.00773673,0.00560014,0.00496333,0.000215086,0.000751386,0.000125622
0.012109,0.00865793,0.00677888,0.00647403,0.000417101,0.00071185
0.0172077,0.0120124,0.00775647,0.0103692,0.00211759,0.00142574
0.00460613,0.00343725,0.00246227,6.27078e-06,0.000505261,-0.000795465
0.00638746,0.00481287,0.00176428,0.00384727,0.000533025,0.000723536
0.00632079,0.00462855,0.00326024,-7.29304e-05,-0.00024291,8.23097e-05
0.0123725,0.00883324,0.00834716,0.00952871,0.0013848,0.000508129
0.016746,0.0116236,0.00660187,0.00465541,0.000927523,0.000421358
0.0119373,0.00773016,0.0058455,-0.000227857,0.000945244,0.00171321
0.0157,0.00875375,0.00647206,0.00164737,0.00183818,0.00102064
0.00434208,0.00324665,0.00217443,0.00345133,0.0007099,0.000889636
0.0134572,0.00964041,0.0103211,0.0117971,0.00210887,0.000517102
0.00839393,0.00579888,0.00376089,0.000588839,-0.000382734,0.000503655
0.00746683,0.00489192,0.00283604,0.00327599,0.000109104,0.000300875
0.00963725,0.00664059,0.00373941,0.00428326,0.000405122,0.00109412
0.0066499,0.00469854,0.00332326,0.00255891,0.000219065,0.000504467
0.0136784,0.00849562,0.0110159,0.0379919,0.0111758,0.0280761
0.0048576,0.00372412,0.00216846,-0.00324261,-3.38139e-06,0.0010186
0.0163296,0.00807128,0.00751449,0.0072041,0.00170707,0.00115271
0.021022,0.0113696,0.00817569,0.0110621,0.00238617,0.000262575
0.00551201,0.0040719,0.00272491,-0.000500852,0.000567877,0.000797775
0.00573131,0.00394365,0.0032883,0.00219964,0.00106072,-0.000708531
0.0119812,0.00896699,0.00668282,0.0076828,0.00181147,0.00165747
0.0120412,0.00900001,0.00483623,0.00183346,0.000783708,0.00160273
0.0146973,0.010299,0.00567314,9.38426e-06,0.000526454,0.000212223
0.0045314,0.00319139,0.00272922,0.0022487,0.000379314,0.000943133
0.00690684,0.00494618,0.00446792,0.0069615,0.000481785,0.000867732
0.0142382,0.00879362,0.00484857,0.00261259,0.000453544,-0.000589367
0.00636843,0.0048276,0.00257302,0.00345106,0.00063034,0.000534197
0.00789583,0.00556929,0.00465929,0.00756217,0.000933658,0.000950193
0.0233625,0.0154584,0.00933648,0.0139053,0.00165876,0.00351449
0.00490996,0.00328306,0.00339231,0.00222547,0.000719718,-0.00141382
0.0120461,0.00863829,0.00956747,0.00691252,0.00126849,0.00131213
0.0102872,0.0042967,0.00568801,-8.68999e-05,0.00128845,-0.000189779
0.0100789,0.00426603,0.00573015,-0.000235027,0.000681246,7.7248e-05
0.0196723,0.00928833,0.00724594,0.0070812,0.00166897,0.00032455
0.0107388,0.00747495,0.00392868,0.00647827,0.00137977,0.0027917
0.0270677,0.0145805,0.0102722,0.0117612,0.00325918,0.00327188
0.0185673,0.00923188,0.00583739,0.00937709,0.00181164,0.0014409
0.0080901,0.0056911,0.00427651,-3.36227e-05,2.64692e-05,0.000554674
0.0105594,0.00422511,0.00440444,0.00617119,0.00164758,0.00134936
0.00859321,0.00386821,0.00288702,0.00171422,0.000896745,2.1239e-05
0.0093827,0.00624258,0.00403873,0.00225588,0.000784242,-0.000364436
0.00848247,0.00347744,0.00454707,0.00348372,0.00206961,0.000700383
0.0112031,0.00610813,0.00527936,0.0069317,0.00111992,0.00168517
0.00691523,0.00490196,0.0042511,-0.00385599,0.000600349,-0.000890221
0.0107499,0.00779127,0.00481678,0.00488999,0.000594103,-0.000742864
0.00674042,0.00470735,0.00430694,-0.000267838,0.00113676,0.000424872
0.0127327,0.00885749,0.00461467,0.00516538,0.001172,0.0016014
0.00629867,0.00452219,0.00259755,0.00280427,0.00116912,0.000535959
0.00783871,0.00574184,0.0039766,0.00537718,0.0010019,0.000327278
0.00545745,0.0038452,0.00268941,0.00262102,-0.000601456,-6.17479e-05
0.014872,0.0106364,0.00849992,0.0125824,0.000940744,0.00101093
0.0113696,0.00817376,0.00813788,0.00781401,0.00219182,0.00145347
0.0231902,0.0157212,0.01267,0.0149474,0.00400875,0.00173799
0.0190551,0.00790271,0.0063851,0.00615993,0.00128185,0.000245116
0.018474,0.00787506,0.00627415,0.00381833,0.00107433,0.000877275
0.0172433,0.0117574,0.00886567,0.00864918,0.00136727,0.00101967
0.00485036,0.00371454,0.00258157,0.00432307,0.000323365,-6.20129e-05
0.00781916,0.00337769,0.00417603,0.0028516,0.000953489,0.000490867
0.0101218,0.00697914,0.00672641,0.00386321,0.000835301,0.00084223
0.00405324,0.00309337,0.00186989,-0.00110438,0.00138131,0.000518936
0.0187009,0.0123492,0.00718152,0.0142713,0.00346846,0.00182427
0.0144109,0.00479565,0.00637173,0.00767834,0.00152843,0.00165476
0.0118136,0.0068091,0.00532795,0.00638692,0.000282617,0.00332646
0.036344,0.0156914,0.0165598,0.0184414,0.00295937,0.00175692
0.0400479,0.0155449,0.0183735,0.0195953,0.00344877,0.00135792
0.0244524,0.00903603,0.0106278,0.011624,0.00117138,0.00127609
0.0200889,0.00898211,0.0081733,0.00999749,0.000675455,0.00201705
0.0194757,0.0131847,0.0110259,0.0118118,0.00146959,0.00188033
0.0110496,0.00546663,0.00481639,0.00465837,0.000401557,0.00135973
0.0135477,0.00829035,0.00581279,0.00337228,-0.000399562,0.0010109
0.0258051,0.0166038,0.0131697,0.00585694,0.0015198,-0.00015568
0.00713026,0.00530738,0.00311184,-6.60141e-05,0.000154695,-0.00084749
0.00823409,0.00366116,0.00419756,0.00310007,0.000598335,0.0012191
0.0081623,0.00378817,0.00403983,0.00361888,0.000997958,0.000513911
0.00989811,0.0068959,0.00429277,0.00234561,2.08137e-05,-8.63211e-05
0.009107,0.00652179,0.00919288,0.00634847,0.000853419,-0.000242963
0.00969408,0.00688416,0.00407643,0.00428911,0.00412798,0.00982056
0.0090188,0.00575722,0.00513344,0.00408807,0.00190167,0.00221372
0.0103414,0.00633042,0.00514678,0.000364704,0.00176517,0.00137121
0.00465631,0.00353266,0.00750406,0.0079197,0.00236903,0.0024108
0.00713234,0.00489769,0.00381629,0.00393694,0.00117338,0.00113056
0.0143554,0.0102008,0.00561313,0.00084724,0.000359309,-0.00129162
0.00385967,0.00308125,0.00303812,-0.00515891,-0.000248066,2.42188e-05
0.0220029,0.0148708,0.00747929,0.00648427,0.00132154,0.00156955
0.0041523,0.00311024,0.000960207,0.000515695,-1.23098e-05,-0.00070795
0.0162095,0.0115933,0.00576413,0.00674921,0.00178301,0.00182041
0.0117433,0.00860683,0.00404736,0.00486059,0.000383621,0.000449002
0.0053714,0.00417179,0.00366992,0.00413885,0.00114898,0.000722751
0.0220771,0.0126976,0.00983584,0.00852765,0.00229719,0.00382142
0.00422141,0.00305928,0.00209266,-0.000222727,0.000417678,0.000280499
0.0195806,0.0121814,0.0108845,0.0117524,0.00343403,0.00133054
0.0253627,0.0109693,0.0156901,0.0360716,0.0103609,0.0237812
0.00697416,0.00493884,0.00664119,0.019796,0.00565385,0.0121259
0.00549097,0.00412997,0.00678732,0.00241258,1.08239e-05,-0.000447953
0.0158128,0.00831864,0.00583278,0.00749553,0.00256763,0.000959592
0.0161177,0.0068186,0.00699571,0.0099235,0.0017512,0.000355491
0.00473981,0.00352806,0.00243379,-0.00159133,3.22302e-05,0.000844594
0.0063611,0.00463841,0.00192799,0.00216084,0.000108821,-0.000151165
0.00627366,0.00460288,0.00379302,9.45047e-06,0.000891395,-0.00047668
0.0100334,0.00722372,0.00473578,0.0116936,0.00376385,0.00642414
0.0166734,0.0114867,0.00526371,0.012248,0.00476012,0.00790356
0.00839681,0.00601464,0.00291212,0.000628668,0.000589651,0.000271691
0.0140438,0.00937339,0.00470475,0.00415852,0.00098285,0.000637839
0.00737996,0.00409743,0.00374466,-0.00314491,0.000181705,9.46871e-05
0.00784059,0.00572459,0.0100593,0.00612487,0.0019978,0.000620468
0.0183682,0.00839872,0.00801092,0.00762301,0.00276069,0.000141206
0.0192269,0.00822864,0.00763288,0.007188,0.00123743,0.0014552
0.0124547,0.00792914,0.00459761,0.000465819,0.000582319,0.00125595
0.00854083,0.00631236,0.00343466,-0.00202716,0.000596039,0.00126038
0.00928753,0.00681402,0.00441239,0.00552458,0.000254929,0.00184044
0.0217728,0.00968728,0.00992056,0.0145408,0.0048282,0.00983565
0.0210548,0.00964403,0.00970034,0.014164,0.00497588,0.00949849
0.0118657,0.00838294,0.00380095,0.0065909,0.00228729,0.00167875
0.00815008,0.0054006,0.00303316,0.00279248,0.000386534,0.00151592
0.0112053,0.00764347,0.00376109,0.00389921,0.00179582,-0.000602928
0.0125904,0.00858258,0.00416399,0.00145103,0.00254701,0.0016986
0.00961082,0.00559952,0.0032669,0.0032121,0.00104823,6.20159e-05
0.0100557,0.00570501,0.00339693,0.00284121,0.000862897,0.000449943
0.0116926,0.00806846,0.00270749,0.00150037,7.59183e-05,-0.000617866
0.00559347,0.00376093,0.00127067,-0.00168823,-0.000393522,-0.000192157
0.0118483,0.00795321,0.00682034,0.00584929,0.00123595,0.00258364
0.0116376,0.00611992,0.0054421,0.00653231,0.00168563,0.000741574
0.00674861,0.00493721,0.00190978,0.00177917,-3.04305e-05,0.000330618
0.012183,0.00866603,0.00449311,0.00278329,0.000924323,0.00106575
0.00724142,0.0050087,0.00278427,0.00142085,0.000147578,0.000465791
0.0245221,0.0100947,0.0137336,0.0154548,0.00337819,0.00198347
0.0142419,0.00997931,0.00516717,0.00578438,0.000813719,0.00220096
0.00697559,0.00388958,0.00343892,0.00220708,0.00032335,0.00064399
0.00758235,0.00408882,0.00360664,0.00575552,0.000903727,0.000475503
0.00614297,0.00427125,0.00295956,0.00404294,6.0408e-06,0.000769335
0.0074535,0.00544992,0.00445421,0.00198284,0.000816266,0.00143801
0.0128938,0.00599469,0.00473005,0.00323798,0.00104471,-7.65607e-05
0.0109612,0.00526891,0.00444042,0.00419933,0.000713909,0.000559998
0.00765032,0.0052482,0.00169779,0.0034159,0.000144299,-0.000541485
0.0099275,0.00384317,0.0053289,0.00278648,0.00186012,-0.000178548
0.0105229,0.00384132,0.00566931,0.00415789,0.00082447,0.00014189
0.0170336,0.00756832,0.00825789,0.0122079,0.0020924,0.000653271
0.0174889,0.00796809,0.00723104,0.00927833,0.000974352,0.00128666
0.0102634,0.00701775,0.00377475,0.00326335,0.000353359,0.00120899
0.00568128,0.00405291,0.00238478,0.00343428,0.000303556,0.000344945
0.00967381,0.00661844,0.00480412,0.00694992,0.000774005,-0.000573372
0.0135254,0.00709128,0.00700248,0.00782135,0.000904989,0.000422528
0.0084074,0.0055274,0.003956,0.000567353,0.00082574,0.0022452
0.0105112,0.00717165,0.00638977,0.0057516,0.0016119,0.00170807
0.0138246,0.00707258,0.00599584,0.0054952,0.00143167,0.000929
0.0199288,0.00697525,0.00862027,0.00568727,0.00167742,0.00232804
0.0141453,0.00645223,0.00592356,0.00210185,0.000467449,0.000738366
0.0106126,0.00753956,0.00310912,0.00356475,0.00229214,0.000122087
0.00561113,0.00342693,0.0016278,0.00356202,0.000580526,0.000841781
0.00677289,0.00438649,0.00298242,0.0019299,0.00109516,0.000716919
0.0191275,0.0118861,0.00855508,0.0114848,0.00199721,0.00054349
0.02454,0.0142791,0.0140158,0.0204977,0.00393312,0.00291843
0.00777059,0.00298846,0.00309039,0.013158,0.00133718,0.00135352
0.00701532,0.00496419,0.00205989,0.00726371,-0.00035826,-0.000898061
0.0259566,0.0173036,0.0257153,0.0254939,0.0058043,0.00379216
0.0102707,0.00700515,0.00424706,0.00652251,0.00102367,0.000456863
0.0068748,0.00511096,0.00269164,0.000815088,0.00122346,0.000169746
0.00703374,0.00535298,0.00376595,0.00217208,0.000743518,0.000244474
0.0168908,0.00949403,0.00596441,0.0085385,0.00208721,0.000690432
0.0144574,0.00687328,0.00545591,0.0080265,0.00154886,1.97812e-05
0.00774876,0.005593,0.00362667,0.00204563,0.00121502,0.000943222
0.0234079,0.0161121,0.00839043,0.0108092,0.00297874,0.0010433
0.0067048,0.00448677,0.00369601,0.00249675,0.000980077,0.000606091
0.00548712,0.00399827,0.00318541,-0.0017004,0.000306393,-0.000125257
0.00693959,0.00539143,0.00433879,0.00124465,0.000218291,0.000645032
0.00389185,0.00305695,0.0040637,-0.00303251,-0.000344439,0.000587718
0.0113558,0.00770319,0.00489746,0.00685069,0.000696857,0.00112433
0.0121291,0.00645868,0.00508094,0.00541793,0.000431565,-0.000446532
0.0066403,0.00497779,0.00333433,0.000825108,0.00045069,0.000304981
0.00554118,0.0040771,0.00300549,0.00114609,0.00063856,-0.000879718
0.018632,0.0128803,0.00744963,0.00651788,0.00216277,0.00109717
0.0214822,0.0144669,0.0153317,0.0171216,0.00321187,0.00254235
0.0140091,0.00970857,0.00643234,0.00237915,0.00165547,0.000834527
0.0161176,0.00929827,0.00796991,0.00527039,0.00138322,0.00103945
0.00527158,0.00385051,0.00207054,-0.0005568,0.000672861,0.00075759
0.0158637,0.0112152,0.00550972,0.00377296,0.000311003,0.00144802
0.00735866,0.00536675,0.00187082,0.0019082,-0.000184835,0.000309233
0.00567014,0.00409161,0.00333767,-0.00176266,0.000590169,0.00104592
0.00947976,0.00679653,0.00362958,0.000690377,-0.000481675,-0.000259023
0.016084,0.0112563,0.00689985,0.0102005,0.00328254,0.0114935
0.0132363,0.00938423,0.00522578,0.00702727,0.000625103,0.000854345
0.00687184,0.00394251,0.00302444,0.00153399,0.00126848,0.000829926
0.00489195,0.00373076,0.00247721,-0.00286753,-2.50767e-05,-0.000709398
0.0137278,0.00789535,0.00571069,0.00365834,0.00181931,0.000701984
0.0189537,0.0112064,0.00634716,0.00754721,0.00224864,0.00244302
0.00816931,0.00579631,0.00724635,0.00809421,0.00131248,0.000116118
0.00609,0.00451227,0.00290768,0.00415763,0.000476635,1.64666e-05
0.00605663,0.00457556,0.00205965,0.00390336,0.00134967,-0.000538177
0.0045266,0.00368967,0.00265459,0.000979432,0.000239654,0.00116252
0.0219299,0.0122705,0.0072161,0.00953924,0.00149239,0.00097468
0.0210242,0.0145567,0.0084151,0.0101309,0.00226396,0.001384
0.0162094,0.0113236,0.00756424,0.000923404,0.0015915,2.02556e-05
0.0159965,0.00966688,0.00731355,0.00566517,0.00118761,0.0012621
0.00509696,0.00354743,0.00227615,0.000970007,0.000487964,-0.000141758
0.00717621,0.00345035,0.00322945,0.00325499,0.000270417,0.000702991
0.0222447,0.00940086,0.0100391,0.00583096,0.000903288,0.000660536
0.0215608,0.00945523,0.0095132,0.00839789,0.000603467,0.00137941
0.0104346,0.00682242,0.00432455,0.00344715,0.00119599,0.00108073
0.00606364,0.00369766,0.00265049,0.00184867,0.000649603,0.0008553
0.00971249,0.0072433,0.00405353,0.00315997,-0.000327451,0.00225447
0.00522207,0.00348984,0.00269731,-0.00175378,-3.0623e-05,0.000143669
0.00814938,0.00374656,0.0041715,0.00438113,-0.000526008,-0.00042351
0.00856013,0.00423091,0.00402824,0.00199487,0.000293315,-0.000207035
0.00533497,0.00311553,0.00357591,0.00189935,4.0625e-05,-7.22117e-06
0.0134638,0.00852701,0.0100078,0.00950301,0.00260598,0.000850438
0.0152549,0.0101426,0.0104942,0.0136663,0.00323536,0.00318423
0.0101374,0.00610922,0.00470457,0.00523772,0.000514658,0.0016239
0.0196946,0.00918951,0.0107743,0.012448,0.00225382,-0.000311558
0.0206631,0.0112921,0.00870521,0.00737108,0.000668869,0.000106917
0.0148435,0.0103446,0.0044582,0.00379609,0.00110389,-0.000256532
0.0104604,0.00487408,0.00488086,0.00792053,0.000562203,0.000985028
0.0168673,0.00863158,0.0102076,0.0125304,0.00125259,0.00046318
0.0108566,0.00543365,0.00526392,0.00647398,-6.73305e-05,-0.000358556
0.00953839,0.00680829,0.00534795,0.00383248,0.000522848,-3.85084e-05
0.0171932,0.00955406,0.0152848,0.0167959,0.00505512,0.00179691
0.0170624,0.0102797,0.0107566,0.0103433,0.00237355,0.00180882
0.0154133,0.00975429,0.00647238,0.00345624,0.000799712,0.000160589
0.00557788,0.00394808,0.00796843,0.00335274,-0.000386735,0.000797017
0.00921554,0.00601911,0.00375327,0.000247284,-3.95298e-06,-0.000182488
0.0161177,0.0109813,0.00582337,0.00633075,0.00203664,-6.27399e-05
0.0151037,0.00932098,0.00696233,0.00784292,0.00134986,0.000602377
0.0103248,0.00744353,0.0035264,0.00155191,-0.000426588,0.000601361
0.0147393,0.00546845,0.00713834,0.00417973,0.000569222,0.00177013
0.0145213,0.00547585,0.00719904,0.005203,0.00112603,0.000872351
0.00847778,0.00628374,0.0031065,0.000815802,0.000732287,-0.000367426
0.00691354,0.00511474,0.0033009,0.000649183,-0.000281766,-0.00103526
0.0114041,0.00836522,0.010989,0.00769289,0.00263221,0.00213861
0.0229254,0.0101385,0.0122891,0.00994106,0.00200117,0.00122922
0.0234256,0.0099591,0.0119405,0.00837658,0.00129018,0.000610223
0.0231663,0.0142951,0.00972067,0.00885232,0.00224851,0.00174513
0.00766563,0.00458109,0.00305744,0.00595446,0.00171185,0.00121645
0.00889242,0.00529612,0.00477838,0.0100225,0.00211106,0.00214363
0.00431751,0.0032899,0.00246714,-3.5594e-05,0.000272498,-0.00119074
0.0278458,0.0114189,0.0139354,0.0179713,0.0037222,0.00165298
0.0279201,0.0114681,0.0138359,0.0186171,0.00317702,0.0016858
0.0104623,0.00427968,0.00752424,0.000241173,0.0010405,0.00167527
0.0103104,0.00416559,0.00725386,0.00392799,0.00115862,0.000554242
0.00661213,0.00519838,0.0020035,0.00314835,0.000468822,-0.000941735
0.0264697,0.0107274,0.0106692,0.0117037,0.00318071,-0.000169228
0.0165155,0.0117389,0.00550741,0.00859005,0.00172578,0.000163004
0.00487708,0.00362563,0.00265966,-0.000967174,-4.79582e-05,0.0012154
0.0280661,0.0175366,0.0134559,0.0102189,0.00245859,0.00159587
0.0161387,0.00964262,0.00793123,0.00903108,0.000560598,0.000961543
0.00815966,0.0053183,0.0033515,-0.000226618,0.00104819,0.00011121
0.00747386,0.00569564,0.00332627,-0.000706529,0.00107491,0.000416425
0.0095356,0.00629151,0.00462168,0.00669974,0.00168746,0.00175542
0.0229938,0.016335,0.0142575,0.0136574,0.00275445,0.001091
0.0315234,0.0194437,0.012974,0.0161653,0.0034119,0.000962484
0.00616235,0.0045332,0.0027788,9.49505e-06,-7.25226e-05,-0.000998465
0.00626077,0.00427654,0.00289825,0.00582976,0.00163153,0.000124328
0.0150665,0.0102836,0.00581317,0.00462282,0.000648681,0.00150367
0.0212835,0.00888032,0.00916235,0.0108068,0.00336888,0.00128707
0.015623,0.00589652,0.00709164,0.00511258,0.00155509,-6.92591e-05
0.00932495,0.00674315,0.0029814,0.00411621,-0.00076311,-0.000258106
0.0271724,0.0165021,0.0131756,0.00947902,0.00173028,0.00348091
0.0111684,0.00455075,0.00497489,0.0021479,-0.000525355,0.0017367
0.0153894,0.0110006,0.00627381,0.00393568,0.000953621,0.00127241
0.0111575,0.00795855,0.0054396,0.0112509,0.00198993,0.00162633
0.0149427,0.00925201,0.00355232,0.00514384,0.000925597,0.000394201
0.0150249,0.0108084,0.00505698,0.00171905,0.000743593,0.000759169
0.00622418,0.00475577,0.00286069,0.00215367,0.00114513,-0.000865134
0.00834036,0.00591047,0.00341729,-0.00197688,0.000239378,-0.000464072
0.00764837,0.0054084,0.00337909,0.00296016,0.000581497,0.000816963
0.00724963,0.00503315,0.00434993,0.0147251,0.00662019,0.0122072
0.00510067,0.00372604,0.00252397,-0.000880907,0.000229487,-0.000540338
0.0203928,0.0130413,0.0265237,0.0282328,0.00714541,0.00171751
0.0186214,0.0116015,0.0167608,0.0171563,0.00445334,0.00225722
0.0249343,0.0158925,0.0107934,0.0098856,0.00113297,0.00023741
0.0157276,0.0108983,0.00475711,0.00685038,0.0011733,0.00142105
0.00480887,0.0034743,0.00216978,0.000391386,-0.00035651,0.000154774
0.0214988,0.00943937,0.0103194,0.00656553,0.00201939,0.00163956
0.00602058,0.0044914,0.00284276,0.00327701,-0.000954184,0.000690201
0.00780133,0.0054774,0.00427468,6.39246e-05,0.000199839,0.00129871
0.0186242,0.00838803,0.00789444,0.0101146,0.00253256,0.00261716
0.00751935,0.00534273,0.00272156,-0.00210706,-0.000256829,0.000133584
0.0126398,0.0086775,0.00377727,0.000389247,0.000338272,0.000735366
0.0076812,0.00551326,0.00171341,0.000804825,0.00049102,-0.000242622
0.00447564,0.00341432,0.00211062,-0.00176389,-0.00171607,0.00053612
0.0114507,0.00701075,0.00382989,0.00372284,9.09494e-05,0.00203922
0.0125239,0.00787826,0.00627625,0.00304734,0.001639,0.00196314
0.00428382,0.00305337,0.00275817,0.00156651,-0.000222938,-0.000170261
0.00586075,0.00420647,0.00325648,0.00255146,0.00177778,0.00155826
0.00547416,0.00406309,0.00225031,-0.00053714,-0.00038833,0.00107226
0.0103873,0.00435267,0.00587609,0.0070304,0.00257854,0.000168048
0.0148586,0.0080691,0.00750571,0.00598732,0.00235408,-0.000482333
0.00667565,0.00452367,0.00361274,0.000495625,0.000208165,-0.000471177
0.0105158,0.00705493,0.00298467,0.00292143,0.00106403,-0.000622389
0.0417015,0.0250157,0.0151809,0.0198388,0.00412548,0.00268497
0.011117,0.00583353,0.0123031,0.0175988,0.00411305,0.00239922
0.00440684,0.00351594,0.00242277,-0.000120762,-0.00107761,-0.00050308
0.0111563,0.00815977,0.00594504,0.00258354,0.000690871,0.000372156
0.0105465,0.00725936,0.00568195,0.000507577,-0.000378598,0.00212571
0.0080278,0.00548246,0.00392609,0.00159927,0.000717116,0.000149766
0.0122929,0.00773222,0.00647329,0.000877625,-7.46271e-05,-0.000504571
0.0063469,0.00444769,0.00336539,0.000964134,0.000309713,0.000811374
0.0105376,0.00728151,0.00535029,0.00166064,0.000645982,0.000988976
0.00811142,0.00420948,0.00402558,0.000231516,0.000106219,-0.00044215
0.0106935,0.00591221,0.00499381,0.00326998,6.36067e-05,0.000565993
0.0117849,0.0087708,0.00400995,0.00129237,0.000247393,-0.000197865
0.0172345,0.00995906,0.0126061,0.00835148,0.00427349,0.00126518
0.0165935,0.00804439,0.00780319,0.0121968,0.00189726,0.00106106
0.015909,0.0114465,0.00682685,0.00909176,0.00103419,0.00134921
0.00924174,0.00501189,0.00617468,0.016619,0.00820365,0.0207142
0.00853112,0.0049802,0.00586669,0.0163056,0.00773715,0.021088
0.00525782,0.00381669,0.00260586,-0.000397724,-0.000324318,0.000273902
0.0252205,0.0139006,0.0135106,0.0136306,0.00219666,0.000619316
0.0148902,0.00802942,0.00568572,0.00333888,0.00120299,0.000223397
0.00531989,0.00396108,0.00433464,0.00611529,0.00069637,0.0020987
0.0312723,0.0190242,0.0165404,0.0173183,0.00525498,0.00073919
0.0108359,0.00792909,0.00461352,0.0113493,0.00141223,0.0010423
0.00634915,0.00442116,0.0031666,0.000626389,0.000210365,0.00145973
0.0379129,0.0248362,0.0128961,0.0178833,0.00350847,0.00223952
0.00557121,0.0039504,0.00178946,0.00140533,0.00011877,0.000255184
0.0109952,0.00697715,0.00495416,0.00223155,0.00074458,6.92054e-05
0.0124825,0.00717007,0.00474139,-0.000796117,-0.000146326,0.00117249
0.00934411,0.00691963,0.00278105,0.00219508,-0.000168359,0.00111743
0.0220613,0.0150963,0.00878032,0.0113949,0.00254512,0.00129782
0.0120202,0.00452536,0.00988659,0.0137207,0.00116578,0.00145731
0.0182473,0.00556228,0.0125953,0.0175102,0.0028229,0.00193455
0.0173182,0.00980914,0.00728553,0.00817405,0.00269662,0.000344338
0.0266859,0.015393,0.0121482,0.0130642,0.00458992,0.000743838
0.0219816,0.00896045,0.00821278,0.0178117,0.00565532,0.0133711
0.0231107,0.00896135,0.00845731,0.0176297,0.00585523,0.0138659
0.0114431,0.00524138,0.00656341,0.0108985,0.00192416,0.00206869
0.0112992,0.00524415,0.00655971,0.0103356,0.00169399,0.00206003
0.00566874,0.00394194,0.00241953,0.0022124,-0.000998818,0.000227972
0.00529751,0.00395152,0.00255327,0.00166065,-0.000320218,-0.000325681
0.0132027,0.00932138,0.00627977,0.00613882,0.000769286,0.000495253
0.00558428,0.00420329,0.00383326,0.00512881,0.00129052,0.00229912
0.00842745,0.00569791,0.00466259,0.00619535,0.000681345,0.00145257
0.0231927,0.0150725,0.017596,0.027898,0.00547751,0.00391187
0.0125498,0.00869287,0.00343106,-0.000169307,0.000577485,0.00153718
0.0116146,0.00824768,0.00629253,0.00542658,0.00153336,-0.00145992
0.00840585,0.00416786,0.00489198,0.000681533,-0.000391778,0.000386302
0.00773377,0.00540091,0.00403249,0.00309892,0.000735249,0.000470726
0.012059,0.00841331,0.00470312,0.00258434,0.000734121,0.00127304
0.00732284,0.00518319,0.00411992,0.00145075,-0.000537843,-0.000565057
0.00978754,0.00680133,0.00512235,0.00414902,0.00112264,0.000432214
0.0061743,0.00426074,0.00235176,-0.000274142,0.000507031,0.00027054
0.0143365,0.0100274,0.0111028,0.014449,0.00288624,0.000690859
0.0114985,0.00811549,0.00223411,0.00387243,0.000832927,0.00161663
0.014181,0.00777726,0.00770827,0.0104067,0.00218906,0.00111079
0.00966336,0.00420653,0.0069244,0.00688411,0.000876402,0.00146105
0.0150128,0.00606181,0.00812974,0.00536498,0.00158482,-0.000674877
0.0171375,0.00928527,0.00622772,0.00581066,0.000255198,-0.000705929
0.00542144,0.00350901,0.00339752,0.0113735,0.00279363,0.0108879
0.0106202,0.00586347,0.00523697,0.0010958,-0.000261325,0.00135489
0.00994966,0.00548666,0.0047982,-0.000691108,-0.000211001,0.00127954
0.0130285,0.0093019,0.00684057,0.00619727,0.00129647,7.90191e-05
0.00396082,0.00319197,0.0022988,-0.00572901,0.000551835,-0.00119607
0.00426688,0.00323077,0.00215501,0.000329278,-0.000273012,-0.00130461
0.0160434,0.0104303,0.0044846,-0.00246657,0.00208751,0.000737589
0.00639737,0.00449544,0.00168225,0.0028949,0.000397517,0.00106072
0.0120034,0.00847648,0.00480468,0.0118325,-9.85441e-05,-0.00153336
0.01202,0.00799924,0.0070052,0.00217525,0.000681523,0.00102037
0.0057354,0.00411031,0.00258605,-0.00177996,0.000715019,0.00179801
0.00513945,0.00390352,0.00265707,0.00181658,-9.92676e-05,0.00183663
0.0139489,0.00802368,0.00634019,0.0059184,-1.29105e-05,0.000594121
0.00677157,0.00516552,0.00467299,-0.00156575,2.24921e-05,0.000531259
0.00803569,0.00605734,0.00327902,0.00491922,0.000764605,-0.000277147
0.00788115,0.00524162,0.00487387,0.00105755,0.000594773,0.000350912
0.00698678,0.0044247,0.00543202,0.00639529,0.00150605,0.00219328
0.0093758,0.00603334,0.00411285,0.000652444,-6.6856e-05,-4.61697e-05
0.00851434,0.00480718,0.00384637,0.00157014,0.000239895,0.000473343
0.00850881,0.00642998,0.00410034,0.00760474,0.000695019,-0.000273081
0.00928535,0.00677818,0.00383067,0.000899959,0.000591602,0.000575579
0.0091948,0.00574193,0.00366938,-0.00106635,5.18299e-05,0.00135635
0.00710925,0.00509953,0.00432865,0.0003799,0.000435997,-0.000963052
0.0067928,0.00474855,0.00342759,-0.000817919,-0.000374563,0.00106538
0.0201309,0.00969892,0.0079682,0.0120963,0.000143049,0.000389221
0.0197195,0.013791,0.0092212,0.0155428,0.0024778,0.00479383
0.00417429,0.00317753,0.00231186,0.00135667,0.000277795,0.00102247
0.00832728,0.0057237,0.00247282,0.00444209,0.00147727,0.00119922
0.00882628,0.00658003,0.0030695,0.00756291,0.00321617,0.00576644
0.0166364,0.011814,0.00758212,0.0133278,0.00185024,0.000605389
0.00995048,0.00600852,0.00531951,0.00624586,0.00148139,0.000269005
0.0107667,0.00616988,0.00542896,0.00555481,0.0014844,0.000422388
0.00817655,0.00454779,0.00448926,0.0023827,0.00140413,0.00213664
0.0211284,0.0121991,0.00977609,0.00711695,0.00132568,-0.000143858
0.0292538,0.0175036,0.0134925,0.00919736,0.00256179,0.00189515
0.00772736,0.00328821,0.00330243,-0.000508119,-0.000233929,-0.000115094
0.00774358,0.00570596,0.00226133,0.00212467,-0.000433737,0.00168942
0.007641,0.00529442,0.0024223,0.000674075,-0.000344395,-0.00040373
0.0426928,0.0200437,0.0142313,0.0147619,0.00360987,0.00275696
0.028394,0.0104365,0.00931515,0.0131209,0.000953315,0.000905272
0.00500055,0.00321855,0.00274286,0.00316805,6.74471e-05,0.000653713
0.0152165,0.00680495,0.006338,0.00599935,0.00145415,0.00124063
0.0210729,0.00668348,0.00915034,0.0122998,0.00231644,0.00196738
0.0130626,0.00599674,0.00602224,0.00801842,0.0012866,0.00122262
0.0195187,0.0104308,0.0140577,0.0132287,0.00340746,0.00285218
0.00820465,0.00609563,0.00291716,8.50061e-05,0.00108887,-0.00052235
0.00735135,0.00520604,0.00395066,0.00155834,0.000645857,0.000524305
0.00704864,0.00477956,0.00365294,0.00464296,0.000116819,0.00103881
0.0157315,0.0105302,0.0103526,0.0102877,0.000704275,0.00018798
0.00831988,0.00452357,0.00481702,0.00337285,0.000840187,-0.000251668
0.00747442,0.00321183,0.00510927,0.00768599,0.000751875,9.12896e-05
0.00830365,0.00588435,0.00611691,0.0120039,0.00151352,0.00200116
0.00522476,0.00381157,0.00244837,-0.00120021,0.000873842,0.00014022
0.0104735,0.00471498,0.0049644,0.0016611,0.00153186,-0.000278424
0.00661415,0.00509937,0.00574308,0.00469219,0.000995718,0.000785177
0.00950619,0.00655009,0.00418535,0.00346828,0.00143925,0.00176516
0.0102861,0.00727044,0.00565025,0.00411355,0.000455538,-6.22398e-05
0.00803105,0.0055805,0.00263428,-0.000333219,0.000485825,0.000969203
0.0108354,0.00500861,0.00726897,-0.000260692,0.00131544,0.000699403
0.00762923,0.00564316,0.00223087,0.000259564,0.000312312,-1.27459e-05
0.00497696,0.0037805,0.00328807,0.00117196,0.00107011,0.00177949
0.00634266,0.00460249,0.00249283,0.00254547,0.000219278,0.000548588
0.00898721,0.005477,0.00560215,0.000136753,0.00146451,0.000292804
0.0105946,0.00572547,0.00571788,0.00346308,0.00151713,0.000239492
0.0433056,0.0235209,0.0179887,0.0143921,0.00368176,0.0022853
0.0208499,0.012547,0.0136094,0.0186698,0.00336246,0.00325326
0.00721726,0.00508914,0.00351279,0.00125345,0.000506703,-0.000880122
0.0105878,0.00768135,0.00713259,0.00938509,0.00285015,0.000665129
0.00910539,0.00654298,0.00423186,0.000585246,-0.00084815,0.000253947
0.0224924,0.0128336,0.00850251,0.00834369,0.00133871,0.00280001
0.0432943,0.0119771,0.021966,0.0296022,0.0058777,0.00490703
0.0312163,0.013707,0.0215587,0.0288665,0.0046484,0.00181895
0.0109041,0.00804883,0.00490891,-0.000350286,0.00104124,0.0019871
0.0100656,0.00681635,0.00340553,0.00834902,0.00114885,0.000154455
0.00730077,0.00493759,0.002583,0.0033383,0.000331897,0.00125705
0.00668057,0.00498913,0.00282522,0.00563359,0.000780064,0.00076695
0.0306653,0.00889136,0.0127883,0.014995,0.00665424,0.0110955
0.0178192,0.00876146,0.00677694,0.00584916,0.000795245,3.68901e-05
0.00619812,0.00404684,0.00357251,0.000518805,0.00157416,0.00144338
0.0153725,0.010304,0.00836456,0.0189798,0.00781751,0.0175506
0.0161505,0.0111866,0.00579719,0.000272229,0.000662429,0.000762353
0.0122958,0.00891011,0.00286465,0.00434902,0.000785528,-0.000133058
0.00573087,0.00408916,0.00452284,0.003616,-0.000258341,-0.000808561
0.014149,0.00629006,0.00506322,0.00724503,0.00047653,0.00133728
0.0197593,0.0080816,0.00690292,0.0118234,0.00119705,0.000628714
0.012613,0.00671579,0.0041913,0.00559335,0.000268931,-0.000322728
0.011774,0.00815685,0.00559952,0.00418207,0.000205031,0.000840522
0.0297406,0.0181966,0.0188182,0.0131698,0.00491608,0.00377279
0.00584596,0.00356635,0.00314757,0.0024295,-4.49556e-05,0.000464319
0.0105019,0.00650771,0.00632869,-0.00209359,0.000264275,0.00107258
0.00507146,0.00382986,0.00278412,-0.00279664,-0.000116545,-0.000615553
0.0148487,0.00849685,0.00662545,0.00674171,0.00158992,-9.54617e-05
0.00879538,0.00646707,0.00389726,0.00378196,0.00140804,0.00106238
0.0233311,0.0141577,0.011891,0.00974009,0.00318651,0.00216424
0.0165457,0.0107118,0.00484134,0.000605895,0.000410936,0.00139186
0.00702954,0.00508951,0.00371397,0.00623732,0.00135152,0.000965572
0.010531,0.00709784,0.0066411,0.00839387,0.00114138,0.000338077
0.0091587,0.00623206,0.00312164,-0.00100029,-0.000725928,0.000401349
0.0179432,0.00952998,0.00915619,0.00849489,0.00126646,6.04288e-05
0.0140345,0.00929604,0.0126185,0.0156441,0.00140004,0.00162856
0.00708066,0.00534233,0.00393144,0.0032446,0.00101317,0.000129937
0.0202024,0.00848426,0.00957151,0.00897124,0.000635072,0.00158256
0.0204124,0.00858625,0.00958147,0.00500265,4.37193e-05,0.0017513
0.00584774,0.00443292,0.00197594,9.06534e-05,0.000697205,0.00110203
0.00509064,0.00394514,0.00302627,-0.000130812,-0.000673453,-0.000751694
0.0134559,0.00912284,0.00760652,0.00430336,-8.28205e-05,0.000839321
0.0315233,0.0173803,0.0141876,0.0171628,0.00286298,0.00230901
0.025736,0.0159595,0.0113532,0.0114128,0.000888322,0.00256193
0.0224694,0.00982652,0.0131645,0.0154399,0.00482533,0.0051343
0.0235733,0.00971383,0.013205,0.0148009,0.00448422,0.00368029
0.00709372,0.00476243,0.0101966,0.0127005,0.00390165,0.0015355
0.00400721,0.00317219,0.00202393,-0.00453136,-0.000455569,0.00132196
0.0207946,0.0116927,0.0108967,0.0169689,0.00261798,0.00744145
0.00747913,0.00539843,0.00357223,0.00332972,0.00141784,0.000177555
0.0321057,0.0209649,0.0156826,0.0258333,0.00318744,0.0022582
0.00597404,0.0035472,0.00486036,0.0196086,0.00769249,0.0203787
0.0255874,0.0155542,0.0107635,0.00799985,0.0014452,-0.00082646
0.0228831,0.0105367,0.0131261,0.0157867,0.00291561,0.00278946
0.0235575,0.0105586,0.0132647,0.0164359,0.0030628,0.00215026
0.0110264,0.00805709,0.00510945,0.000695484,-0.000350481,0.000505743
0.00887014,0.00634411,0.00296681,-9.18554e-05,-0.000227814,-2.05573e-05
0.0176442,0.01259,0.00681125,0.00650443,0.000267033,0.000673264
0.0117381,0.00816408,0.00406492,0.00267963,0.000907681,0.000881086
0.00414628,0.00313169,0.00195067,-0.00400665,0.000153616,0.00102288
0.00991368,0.00696903,0.0030116,0.00389135,5.31154e-05,0.000956144
0.00795651,0.00564085,0.00283747,0.0012543,0.000523125,0.000502303
0.00497605,0.00384252,0.00443491,-0.00110963,-0.00111313,0.0029132
0.0228514,0.0139206,0.0088892,0.00771586,0.00182927,0.000768928
0.012556,0.0086233,0.00559272,-0.00150823,0.00107478,-7.09339e-06
0.0176322,0.00789471,0.0110175,0.00924478,0.0022468,0.00105596
0.0121641,0.00477851,0.00816226,0.00451283,0.00134378,0.000735844
0.0241114,0.0165456,0.0070551,0.0080809,0.00238521,0.00173128
0.00699745,0.00518325,0.00260328,0.00408202,0.000191764,0.00115002
0.0263169,0.0177486,0.0102605,0.00635776,0.00176341,0.00178746
0.0170104,0.0114479,0.0095207,0.0110054,0.00247118,0.00217283
0.00477084,0.00368488,0.00233102,0.00314865,-0.000659443,-0.000798134
0.0053469,0.00356071,0.00262815,-0.00101868,0.000645711,-0.000532338
0.0210671,0.0135849,0.00913153,0.00654542,0.00175768,-0.000207068
0.0218121,0.00841862,0.0162503,0.0152453,0.00265194,0.000574806
0.0179496,0.00857585,0.0142143,0.0143782,0.0019181,0.00155018
0.00774647,0.00566681,0.00222651,-0.00109136,0.0014902,9.28501e-05
0.0175891,0.012299,0.00841883,0.00903905,0.00210039,0.00143256
0.01354,0.00946821,0.00704928,0.00283635,0.00102349,0.00208472
0.0163227,0.00952203,0.0117303,0.0128043,0.00264679,0.00180239
0.0129571,0.00741501,0.0112455,0.0106339,0.0022154,0.00131291
0.0149962,0.00692196,0.00525635,0.00193757,0.000885829,0.00159383
0.0143287,0.00576257,0.00482012,0.0045336,0.00106429,0.000699889
0.00735383,0.00506059,0.00530568,0.00583864,0.0020461,0.00186548
0.00496453,0.00331818,0.00235367,-0.00200453,-0.000532273,-3.63448e-05
0.0085383,0.00647535,0.00377022,0.00518922,0.00149404,0.00127206
0.010249,0.00744174,0.00232042,0.00700234,0.00288034,0.00419819
0.011184,0.00635223,0.00529583,0.00478747,0.00111249,0.000901946
0.0173881,0.0094432,0.00677119,0.008373,0.00330454,0.000234086
0.00878412,0.00340326,0.00410135,0.00512812,0.00222362,0.000802853
0.00660749,0.00513463,0.00611432,0.00989067,0.00111512,5.62191e-05
0.0251599,0.0166899,0.0145529,0.0307221,0.0104451,0.0328162
0.0236587,0.0100711,0.00935779,0.0135598,0.00466915,0.00618701
0.0232068,0.00985344,0.00854129,0.0121882,0.00442686,0.0059875
0.0122905,0.00903758,0.00345575,0.00145396,0.000737156,0.000334576
0.0144584,0.0100365,0.00392608,0.000903043,0.000581429,0.000890846
0.0116163,0.00779551,0.00619317,0.00687711,0.00137141,0.00148992
0.0211971,0.012897,0.0114152,0.0113851,0.00184394,0.00245457
0.017704,0.0104502,0.00604656,0.00591339,0.00135763,0.000597175
0.00640435,0.00464323,0.00320739,0.000916968,-0.000334773,0.000492426
0.00632511,0.00488565,0.00310529,0.00273139,0.00103012,0.000655464
0.0078762,0.00561241,0.00469935,0.00543967,0.00110327,0.000475869
0.0110898,0.00826309,0.00678251,0.00330741,0.00142844,0.00125353
0.0107991,0.00645775,0.00566075,0.00297315,0.000484691,0.000316279
0.016457,0.0108747,0.00628419,0.00711242,0.00127572,0.00110124
0.0074879,0.00501054,0.00260874,0.00171191,0.000614225,-0.000293143
0.018231,0.0128799,0.00489281,0.00472319,0.00118262,0.000352257
0.0160469,0.00847993,0.0062252,0.0056667,0.00135131,0.0026159
0.0098427,0.00665106,0.00432925,0.00283872,0.000791824,0.000543943
0.00922422,0.00571984,0.00453976,0.00712738,0.000499249,-0.000370117
0.00481127,0.00329895,0.0025467,0.000213177,-0.000437716,0.000933811
0.00842633,0.00352718,0.00391108,0.00283672,0.000615464,0.00106636
0.00667095,0.004754,0.00331307,-0.00155773,-0.000548761,-0.000657658
0.00835844,0.0059603,0.00983925,0.0120046,0.00124282,0.00221106
0.0404376,0.0200056,0.0171842,0.0229584,0.00426042,0.000945867
0.00898254,0.00610058,0.00322268,0.00242414,0.000376355,0.00163885
0.00808172,0.00569185,0.00477294,0.00202866,0.000371129,0.0011681
0.0368166,0.0214844,0.0267235,0.0281834,0.00737405,0.000376668
0.00564408,0.00423237,0.00551598,0.00225805,0.00197093,0.000644008
0.0112911,0.00641926,0.00598071,0.00273533,0.000139027,0.000727654
0.00685398,0.00506974,0.0026914,-0.00146066,-7.89174e-05,0.000660912
0.0337198,0.0156198,0.0151805,0.0364903,0.00782163,0.0180282
0.00905515,0.00652729,0.00422262,0.00297818,0.000341169,0.000705052
0.0132722,0.00955408,0.00387025,0.00218001,0.00117606,-0.000708386
0.0216249,0.0144708,0.0142141,0.0156029,0.00329525,0.0022724
0.0105273,0.00707774,0.00410881,0.00372559,0.00150872,0.00107393
0.0154394,0.0107939,0.00665262,0.00772923,0.00124001,0.00085396
0.0143874,0.00682436,0.00520904,0.00363434,0.00101144,0.000715551
0.0134004,0.00637945,0.00510822,0.00252834,0.000677787,0.00146964
0.0257833,0.0179022,0.00923397,0.0157817,0.00260626,0.00174631
0.00853912,0.00615079,0.00332529,0.00527728,0.00037869,0.00124888
0.00564288,0.00388898,0.0037287,0.00328682,0.00107047,0.00104038
0.00711492,0.00523368,0.00176563,0.0159622,0.00715781,0.0182763
0.00745849,0.00539223,0.00507464,0.00678298,0.000791196,0.000976607
0.012342,0.00677417,0.00581176,0.00226606,0.00107723,0.00047654
0.0224963,0.0147401,0.00980672,0.0115348,0.000171099,0.00100187
0.0194904,0.0132178,0.0114623,0.0287669,0.00863687,0.0174706
0.0265531,0.0181702,0.0210092,0.0494476,0.0155994,0.039136
0.0046123,0.00348229,0.00177716,-0.00215079,0.000470985,0.000312945
0.00666931,0.00491248,0.00289849,0.00267273,0.000634261,-0.000245099
0.00497847,0.00377499,0.00261844,0.00705168,0.00240893,0.000145528
0.0141292,0.00959078,0.00437389,0.00205279,0.000926339,0.000824541
0.0131144,0.00759207,0.00537824,0.0045064,0.00115185,-4.81224e-05
0.00426038,0.00329955,0.00278891,0.0005188,-0.000196021,0.00108828
0.0408928,0.0262953,0.0174194,0.0226316,0.00434229,0.00383169
0.0056246,0.00371799,0.00255041,-0.00203471,0.000212518,-0.000726144
0.0116226,0.00785678,0.00281907,0.00150601,0.00110036,0.00176522
0.0064903,0.00453905,0.0021218,0.00525726,-0.00036192,0.00101585
0.00420218,0.00304896,0.00225124,0.00397046,-0.000464731,0.00105817
0.00637031,0.00493067,0.00459457,-0.00189997,-1.67621e-05,0.000778381
0.0061585,0.00431084,0.00231445,0.00227165,0.00061014,0.000807124
0.0084572,0.00459584,0.00585751,0.00444866,0.00264992,0.00133471
0.010436,0.00613872,0.00586987,-0.000649474,0.000404296,0.00090716
0.0042855,0.00310238,0.00156216,0.00156814,-0.000161025,0.00147352
0.012945,0.00915141,0.0050707,0.000442124,-4.77503e-05,0.000124262
0.00758235,0.0054557,0.00678289,0.00451132,0.000680071,0.000924522
0.00760009,0.00522807,0.00405108,0.0051354,0.00372125,0.00548199
0.00479649,0.00336861,0.00246727,-0.00102581,-0.000307076,0.0018912
0.01957,0.0131631,0.00715588,0.00760224,0.00192166,0.00176598
0.0110797,0.00765047,0.00375144,0.00726118,0.000964773,-0.000434042
0.00928084,0.00447694,0.00286154,0.00455341,-0.00112875,0.00166221
0.0128014,0.00739969,0.0037821,0.00579731,-0.000247243,0.00162183
0.0285467,0.0196875,0.0115124,0.0206214,0.003768,0.0021232
0.0115758,0.00812754,0.00378941,0.00166202,0.000612627,0.00145895
0.0275127,0.0126724,0.00947833,0.00979702,0.00230678,0.00186267
0.00522308,0.00303518,0.00299628,0.00210374,0.000173918,0.000909076
0.0139934,0.00904956,0.0051812,0.00701502,0.00128686,0.00133637
0.0147757,0.0100699,0.00488618,0.00714068,0.000974346,0.00153899
0.0144671,0.00999319,0.006129,0.0030744,0.00140218,-6.10031e-05
0.0126878,0.00748175,0.0097516,0.00619738,0.00160545,0.00166987
0.0248025,0.00995915,0.0301523,0.037072,0.00570019,0.00311625
0.0205996,0.0117985,0.00770005,0.0106026,0.00118624,0.00160408
0.0260933,0.0119393,0.00888834,0.00932075,0.00111921,0.0016945
0.0274147,0.0133798,0.0254079,0.0310417,0.0246418,0.943673
0.0171434,0.00638981,0.0145589,0.0134024,0.00838993,0.252832
0.00837277,0.00604218,0.00352521,0.00229717,0.00109328,1.6962e-05
0.0167918,0.0106615,0.0113817,0.00650285,0.0034991,0.000706758
0.0149995,0.00565713,0.00614763,0.00333697,0.00163073,0.000396702
0.0133421,0.00666344,0.00398194,0.00443036,0.000610474,0.000887409
0.00796467,0.00576983,0.00323169,0.00277702,0.000147018,0.00128164
0.0103291,0.00712028,0.0065384,0.00180587,0.000180619,-0.000415623
0.0107441,0.00703378,0.00405971,0.00144084,0.000394098,-0.000432871
0.00853691,0.00593181,0.0036828,0.00217965,0.000168256,0.000405291
0.0042621,0.00309566,0.00233409,-0.0003708,0.000212682,0.000752286
0.0098395,0.00733425,0.00397256,0.00277727,0.000460901,0.000595345
0.00684609,0.00473377,0.00191757,0.00198775,-0.00017816,6.13072e-06
0.00990279,0.00681024,0.00303859,0.00267347,-3.41021e-05,0.00108775
0.0228317,0.0151534,0.00817362,0.0109732,0.00243424,0.0016817
0.0124556,0.00871841,0.0051627,0.00331365,0.00124748,0.00207112
0.00885505,0.00599878,0.00411393,0.00212314,0.00103867,0.00107484
0.00746394,0.00529436,0.00565883,0.00224785,0.0014319,0.00166488
0.0128537,0.00736484,0.00516978,0.00790673,0.000454465,-0.000507781
0.014949,0.00678552,0.00817782,0.00733551,0.00141126,0.00174651
0.0211443,0.00730637,0.0123736,0.0138229,0.00232926,0.00160033
0.0162304,0.00722675,0.00968643,0.0114959,0.00191046,0.000645407
0.0099674,0.00664425,0.00464128,0.00769229,0.00207409,0.00156265
0.00765305,0.00536015,0.00298613,0.0016124,0.000629669,0.000802753
0.00727001,0.0052695,0.00316635,-0.00131528,0.000100865,-0.000216409
0.00459823,0.00343435,0.00251625,-0.00291163,0.000186541,0.000432087
0.0201257,0.0139882,0.00708841,0.00496907,0.00229974,0.00228934
0.0111811,0.00772482,0.00693267,0.00536856,0.00249148,0.000795588
0.00808324,0.00569753,0.0042707,0.00526058,0.000810575,0.00108712
0.0114673,0.0079456,0.00547137,0.0113152,0.00159914,0.000855662
0.0133459,0.00916502,0.00267863,0.00566692,0.00147799,-0.000381044
0.0132738,0.00901678,0.00436703,-0.00144008,0.00137455,0.00127942
0.0173091,0.0121764,0.00513606,0.00561923,0.000795968,0.000166441
0.0113991,0.00789562,0.00581351,0.00390267,-0.000229745,-5.06407e-05
0.0162221,0.0107386,0.0059394,0.00588116,0.000721074,0.000861345
0.0144885,0.00852345,0.0119071,0.00850572,0.00143669,0.00104611
0.00475838,0.00330798,0.00399904,0.0018361,0.000580033,-0.000138445
0.0116308,0.00781119,0.00337445,0.00507214,0.000760548,0.000313485
0.00964896,0.00582121,0.00487088,0.00158184,0.000441652,0.000804126
0.00987076,0.0070443,0.00325106,0.00577516,1.44687e-05,0.000945327
0.00832182,0.00580833,0.00335916,0.00209242,-3.13243e-05,0.000621421
0.0127036,0.00862041,0.00436708,0.00629139,0.000891936,0.00135218
0.0103587,0.00675721,0.0151864,0.0120278,0.00241481,0.00135737
0.00930018,0.00681075,0.00520308,0.00443708,0.00112043,0.000367248
0.00885046,0.00540372,0.00453637,0.00496788,0.00140774,0.00130623
0.0161268,0.0100141,0.00587794,0.00806706,0.00182253,0.000315602
0.0237179,0.015094,0.0103168,0.0261447,0.00914578,0.0212984
0.0122848,0.00730241,0.00481721,0.0207894,0.00698721,0.0214964
0.0208655,0.011848,0.00710244,0.013354,0.00100898,0.00214845
0.00837479,0.00600281,0.0100375,0.00917997,0.00140597,0.00114309
0.0115682,0.00448167,0.00505085,0.00493515,0.00116884,-0.00143439
0.0162349,0.00834223,0.00547669,0.00625865,0.00173442,0.00120222
0.0315348,0.0175546,0.0115521,0.0089403,0.0024835,-0.000240676
0.00993607,0.00605595,0.00210644,0.00338269,0.000702333,0.00150444
0.00700065,0.00414701,0.00500425,-0.000995509,0.000700406,-0.000247332
0.0135851,0.00961313,0.00390966,0.00127875,-0.000155887,-0.000332215
0.0112497,0.00776804,0.00456553,0.00233021,0.00118257,0.000429899
0.0152878,0.0108644,0.00549742,0.00426334,0.000765497,0.000765471
0.0073868,0.0048278,0.00323323,0.00141464,-0.000778425,-0.000154122
0.0101442,0.00731172,0.00622368,0.00304186,0.000832313,0.000745889
0.0165413,0.0107414,0.00599842,0.0128667,0.00202561,0.00189608
0.0170634,0.00982598,0.00564058,0.00472444,0.00108248,0.00127789
0.0101768,0.00351936,0.00734359,0.00376163,0.000306117,0.00079535
0.00535828,0.00364621,0.00299976,-0.0026727,0.000543711,-0.000780512
0.00423635,0.00324236,0.00282781,0.0014339,-0.000614879,0.000762446
0.00905809,0.00629689,0.00514323,0.0038224,0.000237228,0.000412335
0.0169116,0.01153,0.00980308,0.0133844,0.0038395,0.00228186
0.00582144,0.00412885,0.002314,-0.00208941,-0.000478554,0.00130252
0.00574337,0.00432543,0.00238492,0.000820548,0.000158128,0.000472665
0.0104895,0.00716296,0.00345556,0.000191035,0.000261498,0.000971602
0.0129507,0.00857027,0.00597952,0.00431202,0.00107667,0.00142366
0.00633322,0.0030282,0.00446894,0.0012663,0.000624131,-0.000388952
0.0132581,0.00906654,0.0070405,0.0031142,-3.66968e-05,0.00189286
0.0305371,0.018763,0.0203641,0.0337531,0.0129245,0.027879
0.0138684,0.00813371,0.0071011,0.00331118,0.00198958,0.00418877
0.0204904,0.00908196,0.0117692,0.00982669,0.00138804,0.00171302
0.00701269,0.00437698,0.00376482,0.00771088,0.000929051,0.00153461
0.00961965,0.00715327,0.004178,0.00452084,0.00114646,0.00167013
0.017652,0.0111482,0.00588337,0.00922532,0.00139326,0.00297728
0.0149773,0.00830766,0.00536252,0.00448314,0.000662536,0.00126934
0.00705115,0.00487706,0.00260623,0.00458363,0.00151539,0.000687348
0.0213733,0.0145526,0.00945283,0.00785299,0.0018416,0.00209902
0.00462042,0.00322328,0.00305536,0.000447531,0.00072872,-0.000421138
0.00868469,0.00365157,0.00355825,0.00504728,0.000291613,0.000753885
0.00481935,0.00344879,0.00215223,0.00176162,0.00027545,0.000381441
0.0150155,0.0105034,0.00619428,0.0058232,0.00206421,0.00232932
0.00607789,0.00329051,0.0028754,0.00362735,0.000747334,0.00106289
0.0123514,0.00503846,0.0070834,0.00428514,0.0021322,0.000453057
0.0105524,0.00525551,0.00591412,0.00111525,0.00109152,0.00021176
0.00646716,0.00480596,0.00431624,0.00278385,-0.00011543,-0.000169727
0.0488747,0.027099,0.0217856,0.0236513,0.00422228,0.00285998
0.0266669,0.0129818,0.0114984,0.0130487,0.00175971,-0.000112986
0.0126269,0.00854342,0.0189826,0.0203119,0.00519275,0.00112169
0.00445248,0.00329883,0.00129297,0.00377769,0.000449598,-0.000609718
0.00763699,0.0053458,0.00309309,-0.000541577,0.00093718,0.000220645
0.00383599,0.00310429,0.00176613,-0.0017263,0.000457923,0.000198597
0.02904,0.0112674,0.0172689,0.017867,0.00474152,0.0023857
0.0306121,0.011173,0.0178249,0.0167037,0.00339345,0.00151475
0.0209667,0.00778834,0.0129426,0.0231558,0.00784239,0.0171662
0.011972,0.00504186,0.00617148,0.0015239,0.00137318,-0.00017201
0.0100144,0.00691096,0.00611286,0.00693593,0.001193,0.00115293
0.0162568,0.0107884,0.0057234,0.00804771,0.00104854,0.000315787
0.0210197,0.0104826,0.00833121,0.0105902,0.00183033,0.00238836
0.0281179,0.0103573,0.0101405,0.0143109,0.00244856,0.00319148
0.0189969,0.00869368,0.00564007,0.00809844,0.0010056,0.00127296
0.0195023,0.0076876,0.013286,0.0146847,0.00239565,0.000575452
0.010619,0.00738558,0.00718755,0.00491614,0.00154497,1.67681e-05
0.0147358,0.00838101,0.006621,0.00787923,0.00183737,0
0.0159969,0.00838326,0.0065016,0.00937104,0.00180469,0.000700425
0.00741474,0.00494936,0.00320436,-0.000302511,0.000471735,-0.000998837
0.0118839,0.00831119,0.00933846,0.0115412,0.00236038,5.37968e-05
0.00571458,0.00403754,0.0023179,-0.000658711,9.015e-05,-0.000428952
0.00702623,0.00503829,0.00446145,0.00233702,0.00157674,8.36913e-05
0.00640484,0.00473674,0.00287672,-0.00100193,0.000426565,0.000257759
0.0177586,0.0107621,0.00611955,0.00467902,0.00161585,0.0013108
0.0120682,0.00490807,0.00297338,0.00306592,0.00132487,0.00103283
0.0185183,0.00999004,0.00946699,0.007406,0.0020304,0.0015109
0.0153962,0.00660075,0.00703425,0.00400778,0.00115349,0.000523187
0.00986281,0.00694029,0.0127666,0.017227,0.00156465,0.0037266
0.00614133,0.00429962,0.0030579,0.00049378,-0.000243582,0.000477172
0.0126705,0.00827923,0.0136897,0.0124261,0.00271488,0.00155536
0.0139377,0.00858537,0.00542306,0.00205702,-0.000215843,5.08725e-05
0.00522172,0.00382702,0.0066059,0.00626238,0.00139561,0.000160717
0.0155165,0.00949475,0.00637532,0.000506517,0.00139191,-0.00132636
0.0151258,0.00961746,0.00624816,0.00220114,0.00184517,0.000646601
0.010775,0.00474265,0.00383227,0.00349405,0.000763074,0.00239452
0.0107557,0.004646,0.00360702,0.00360462,0.000476978,0.00207389
0.00825411,0.00480875,0.00582692,0.00652778,0.00198169,0.0010528
0.0120768,0.00815912,0.00748672,0.00576367,0.0016712,-0.000244038
0.0145174,0.00975891,0.00591778,0.00940821,0.00188393,0.000922082
0.0130245,0.0091969,0.00444243,0.00494216,0.00238121,0.00101953
0.0190589,0.0133154,0.00562774,0.00593954,0.00184724,0.00116156
0.00943147,0.00543681,0.00455735,0.00614936,0.000879941,0.000438046
0.0170016,0.0055477,0.00744318,0.0104118,0.00171428,0.000670106
0.0144065,0.0056787,0.00629738,0.00842135,0.00156311,0.000833096
0.00427308,0.00306676,0.00156788,0.00648666,-0.000175832,0.0010355
0.0137719,0.00939509,0.00537273,0.00609547,0.00105386,0.00233548
0.0103523,0.00700382,0.00452739,0.00260242,0.000568538,0.00137101
0.0045045,0.00353169,0.0022689,-0.000213669,-0.000364075,0.0022945
0.020234,0.00751374,0.00947542,0.00566576,0.000627816,-9.99573e-05
0.024094,0.00768175,0.011775,0.00920108,0.000614737,0.00126172
0.014408,0.00666458,0.0076431,0.00658864,-0.000335793,0.000519941
0.00815725,0.0055776,0.00353064,-0.000838809,0.000843028,-0.000737702
0.00590875,0.00426151,0.0043253,-0.000490178,0.000488334,0.00210354
0.00653433,0.00467684,0.00273624,0.0041971,0.000429037,-0.000117233
0.00468101,0.00349617,0.00259318,-0.00129145,0.000231295,0.000518448
0.0123071,0.00714895,0.00587393,0.0059409,0.00150092,0.00149174
0.00539964,0.00336474,0.00284057,-0.000398624,-0.000384339,0.00216613
0.0486723,0.0250754,0.0247547,0.0260102,0.0058555,0.00265439
0.0100369,0.00698333,0.00705503,0.00797715,0.000593703,0.000337985
0.00677975,0.00477222,0.00215822,0.00501936,-0.000267054,0.00266453
0.0084552,0.00369736,0.00879671,0.0096865,0.00250748,0.000361993
0.0105704,0.00772135,0.00494247,0.0011032,0.000445339,-0.00109154
0.0170728,0.0117874,0.0068884,0.00364496,0.000794526,0.00113435
0.00937908,0.00653517,0.00367164,0.000747561,0.000401533,0.000468071
0.00582498,0.00410392,0.00242152,0.000391175,-0.000217764,-0.00038857
0.00790071,0.0043328,0.0053932,0.00208871,0.00125203,0.00106671
0.00614684,0.00462802,0.00262958,-0.00213043,-0.00012382,0.00017408
0.0184123,0.0131101,0.00832454,0.00733913,0.00212468,0.00099524
0.0149365,0.0102507,0.00509003,0.00463681,0.000978799,0.0022433
0.0150761,0.0103122,0.00536934,0.00524244,0.00246354,-0.000611385
0.0144527,0.00985556,0.00671208,0.00544109,0.000646481,0.000677604
0.00454717,0.00344161,0.00144394,-0.000791317,0.000478712,-0.000672289
0.00467142,0.00309637,0.00205088,0.000805358,-7.6588e-05,0.00057046
0.0136691,0.00932052,0.00558568,0.00495962,0.00102217,0.00140277
0.0136858,0.00929607,0.00636333,0.00810027,0.00028846,0.00122018
0.00512753,0.00370546,0.00432552,0.00414487,-0.000121016,0.000218711
0.0231558,0.014198,0.00798236,0.0079625,0.00135369,0.000668178
0.00432309,0.00377485,0.00249945,0.00209712,-1.17571e-05,0.000275211
0.0159394,0.0106717,0.00545439,0.00727476,-0.00027925,0.000984455
0.00495298,0.00345806,0.00237433,-0.00127532,-0.000110598,0.000812452
0.0108304,0.0074847,0.00465084,0.0109538,0.00276447,0.0071371
0.0206026,0.0134216,0.00734461,0.00924437,0.000726138,0.000415913
0.00655745,0.00485397,0.00441456,0.00195846,5.31192e-05,-0.000768573
0.0224469,0.0126715,0.00901152,0.0100099,0.00165773,0.000221446
0.0189337,0.00705597,0.00677786,0.00968119,0.000819615,0.000659867
0.0102447,0.00751386,0.00413015,0.00628821,0.00121465,-0.000368276
0.0038356,0.0030624,0.0017781,0.00498786,0.00101779,-0.0013568
0.00784592,0.00531653,0.00289613,0.00313232,0.000168491,0.000374977
0.00401858,0.00307591,0.00184687,-0.00303891,-0.000252391,0.000724232
0.013904,0.00865356,0.00730207,0.00739547,0.00199327,0.00111518
0.0188712,0.0087767,0.0107199,0.00571076,0.00193226,0.00131665
0.0082207,0.00316435,0.00419551,0.00178567,0.00140428,0.00233625
0.0151734,0.0076676,0.00762398,0.00639574,0.00120698,0.00235579
0.00849956,0.00448294,0.00534839,0.00115926,-1.32677e-06,0.000727432
0.0234392,0.0107674,0.0130436,0.0149848,0.0034911,0.00111744
0.0230046,0.01064,0.0127216,0.0139313,0.00259869,0.000977844
0.00663769,0.00495575,0.00393247,0.00442555,0.000907917,-0.000518647
0.00681322,0.00308267,0.00330897,0.000136952,-1.82412e-05,0.000908267
0.0157094,0.00830906,0.00659531,0.00693893,0.00053695,0.000286674
0.0119955,0.00571241,0.00376798,0.00365979,0.000581059,0.000662273
0.0117483,0.00580464,0.00353252,0.00359619,0.00091886,0.00119033
0.0178229,0.00634488,0.0071759,0.00592364,0.000584824,0.00152078
0.0260641,0.0144281,0.0103155,0.00850596,0.000682352,0.0022475
0.0090847,0.00612676,0.00767805,0.00852142,0.00203089,0.00171569
0.00731159,0.00517544,0.0110792,0.0114246,0.00289672,0.0014684
0.0117424,0.00825726,0.00475102,0.00323632,0.000300218,0.000358494
0.0130294,0.00595695,0.0055485,0.00224078,0.00124186,5.59545e-05
0.0128124,0.00883023,0.00278395,0.00770002,0.00177803,0.000202315
0.00951946,0.0067787,0.00506752,0.00351627,0.000768012,0.00098433
0.0125233,0.00849621,0.00351057,0.005047,0.000225779,0.000680381
0.00422793,0.00305154,0.00333962,0.00184293,0.000443587,0.00124825
0.0136489,0.00922068,0.00825909,0.0164076,0.00331924,0.000572663
0.00671568,0.00407024,0.00553654,0.00596182,0.0012626,0.00212808
0.0292783,0.0188251,0.0188911,0.0232681,0.00403381,0.00250438
0.00711424,0.00475357,0.00376406,0.00246933,0.00121134,0.00130101
0.0113875,0.00795634,0.00442276,0.00864994,0.00122437,0.00198437
0.00732268,0.00453588,0.00450506,0.00292206,0.00110116,4.80482e-05
0.00668075,0.00486195,0.00424186,0.00329806,0.0010818,0.000950128
0.00740412,0.00516967,0.00536315,0.00268579,0.000425763,0.00106219
0.0075295,0.00524989,0.00341366,-0.00339045,0.000314622,-0.000587555
0.00448687,0.00347177,0.00336938,-0.000562954,-0.000452966,-0.00049286
0.0154282,0.0100584,0.0109144,0.00375052,0.00125563,0.00158863
0.0124642,0.00723069,0.00400224,0.000303283,0.000409756,-0.000453326
0.00545428,0.00304907,0.00251642,-0.000456663,-0.000378678,0.000910745
0.0155059,0.00937276,0.00692056,0.00832076,0.00195672,0.00201945
0.0103677,0.00531006,0.00955093,0.0229691,0.00662847,0.0133565
0.0144361,0.00605892,0.00623711,0.00619776,0.00138157,0.00154277
0.0186275,0.00924611,0.00837213,0.00654545,0.00212823,0.00135282
0.00916131,0.00633774,0.00288927,0.00304065,1.12797e-05,0.00166734
0.00926556,0.00661326,0.00345283,0.00479246,0.000540912,-0.000357116
0.0069797,0.00494291,0.00187695,0.0028342,0.000198484,0.000901548
0.00699281,0.0049829,0.00315801,0.0051119,0.000178967,0.000359868
0.0178778,0.0125559,0.00671176,0.0118605,0.0017345,0.000583959
0.0304584,0.015118,0.0173539,0.0608957,0.0204983,0.0616834
0.00842658,0.003193,0.00452295,-0.0014352,0.000648084,-0.000357831
0.0092329,0.00414583,0.00493357,0.00437971,0.000500615,-6.36038e-05
0.0169337,0.0121497,0.00806435,0.00837239,0.000964116,0.00204422
0.00715254,0.00505631,0.00267368,0.000752738,0.00104319,0.00231026
0.0123839,0.00831684,0.00718674,0.00137,0.00164087,0.00113188
0.0208531,0.0147903,0.0154711,0.0186147,0.00556709,0.00309451
0.0107323,0.00501205,0.00562587,0.00780437,0.000671324,0.000736056
0.0146917,0.0105958,0.00637012,0.00313301,0.00132657,0.000660612
0.0153125,0.00939071,0.0102762,0.0040511,0.00144335,0.000664882
0.0106081,0.00493428,0.00563399,-0.00495081,-0.000110331,-8.54847e-05
0.0162103,0.00837693,0.00638566,0.00121528,0.00119165,0.00240875
0.0071369,0.00467606,0.00217423,-0.00222734,0.000388317,0.00112894
0.0116313,0.00553941,0.00661482,0.00211153,0.000701256,0.00108147
0.0109902,0.00553478,0.0063033,0.00245855,0.00052521,0.000876186
0.0154308,0.0105217,0.00952888,0.00965619,0.00169122,0.000614861
0.015523,0.0107045,0.00657725,0.00538657,0.000686561,0.000592301
0.0261462,0.0168919,0.0141421,0.0132482,0.00432759,0.00813646
0.0126185,0.00551894,0.0085115,0.02618,0.00623055,0.0132035
0.0123915,0.00561482,0.00798676,0.0230255,0.00372376,0.00889819
0.00993881,0.00670298,0.00285429,0.00233524,0.000140483,0.000449886
0.00684696,0.00464818,0.00413465,0.00531286,0.000208462,-0.000243878
0.0268903,0.0163278,0.0224326,0.0253955,0.00614851,0.00485629
0.0295602,0.0163471,0.0234002,0.0267227,0.00632962,0.00422879
0.0104551,0.00726643,0.00360707,0.00182145,0.000278433,-0.000177933
0.00402394,0.00335445,0.00177215,-0.00527902,1.91597e-05,0.000670481
0.0166977,0.00673854,0.00819545,0.00580826,0.00100162,0.00141982
0.0162304,0.00671826,0.00796193,0.00580959,0.00117012,0.00223154
0.0078275,0.0052462,0.00454029,0.00661716,0.00013079,7.18174e-05
0.00433546,0.00324641,0.00226192,-0.000927526,0.000309399,0.000814777
0.0127692,0.00917761,0.00887948,0.00365314,0.00233074,0.000422294
0.00400212,0.00329784,0.00198002,-0.000816797,0.00132908,0.000505901
0.0128826,0.00698748,0.00655436,0.0051942,0.00107954,0.00142787
0.0138184,0.00683535,0.00673906,0.00248106,0.0014282,0.00115079
0.0214327,0.0145526,0.0086943,0.0100408,0.00187949,0.00301706
0.00427632,0.0032394,0.00321809,0.000483194,-0.000194742,0.000114176
0.00778615,0.00575283,0.00595875,8.16215e-05,0.00102411,-9.48469e-05
0.0177067,0.0122232,0.0106427,0.0181644,0.00397823,0.00220735
0.0171367,0.009458,0.0078556,0.0111418,0.00111649,0.00182431
0.0141988,0.0078818,0.00693401,0.00432523,0.000371833,0.00126817
0.0163378,0.00656519,0.00702825,0.00929763,0.000653165,0.00119835
0.0184574,0.00893852,0.00681502,0.00624536,0.00095562,0.000773788
0.00765528,0.00512859,0.00406374,0.000640286,0.00122583,0.00018008
0.00409227,0.00295194,0.00136546,-0.00114954,0.000629434,-0.000686208
0.00397628,0.0030493,0.00346647,0.00065572,-0.00013766,0.000698407
0.0138361,0.00990114,0.00702406,0.00433287,0.000901074,0.000514976
0.0128807,0.00910948,0.00565845,0.00314487,0.0013173,0.00114163
0.00956181,0.00622387,0.00562984,0.00482294,0.00177988,0.000683818
0.0118813,0.00848259,0.00281511,0.00310065,0.000318936,0.000234115
0.00880251,0.00625224,0.00363311,0.00387406,0.00132978,0.00230651
0.00753402,0.00355035,0.00352173,-0.00152399,0.00070618,2.57772e-05
0.022518,0.0146177,0.00813834,0.00574671,0.00181874,0.0012459
0.0123045,0.00866516,0.00524111,0.000182592,-5.25992e-05,0.000236695
0.00975488,0.00690956,0.00690126,0.0135111,0.0021727,0.000658527
0.0152321,0.0103237,0.00753148,0.0064253,0.0025541,0.000741506
0.0260336,0.0158161,0.0105477,0.0102167,0.00313124,0.00253904
0.010029,0.00717371,0.00589454,0.00167634,0.000451478,-0.000691076
0.0149205,0.0106376,0.00526851,0.00507241,0.000499291,0.000493607
0.0114852,0.00847302,0.00350615,0.00306917,0.00128449,0.00226699
0.00493128,0.00381873,0.0021994,-0.00154381,-0.000193111,1.22873e-05
0.00659087,0.00444577,0.00293955,-0.00165674,0.000126463,0.000793359
0.00686847,0.00427369,0.00496119,0.00573079,0.00116078,-0.000441521
0.0386856,0.0146464,0.0205516,0.0220733,0.0058076,0.00209479
0.041905,0.0123446,0.0222954,0.0176938,0.00407078,0.00422541
0.0161727,0.00964615,0.00625763,0.00908794,0.000910126,-3.88354e-05
0.0116258,0.00727099,0.00374839,0.00633102,0.000876585,0.000875647
0.0125187,0.00661387,0.00601299,0.00571242,0.000730285,0.000899697
0.011769,0.00805722,0.00421851,0.00625092,0.00181449,0.000312776
0.00525565,0.00361471,0.00293867,-0.000724843,-0.000796085,-0.000365043
0.0101671,0.00570778,0.00476824,0.00466897,0.00128458,-0.000199998
0.00640114,0.00464944,0.00371427,0.000555413,-0.000162543,-0.000811229
0.0145757,0.00830219,0.00665254,0.0061333,0.00137531,0.00152963
0.00541718,0.00372048,0.00253185,-0.000959062,-0.00017105,0.0011562
0.0501078,0.0172068,0.0222737,0.0172078,0.004732,0.00286527
0.0445078,0.0171845,0.0206114,0.0155577,0.00288904,0.00193221
0.00415469,0.00311209,0.0028035,0.00128497,0.000315212,0.000640195
0.00751549,0.00546468,0.00355555,0.000411355,-0.000848502,0.000119458
0.00677715,0.00517465,0.00277796,-0.000423498,0.000329344,0.000465924
0.00782536,0.00542512,0.0052845,0.00356171,0.00145109,-0.000954203
0.019314,0.0102034,0.0113635,0.00691155,0.00167298,0.00057575
0.00876306,0.00608693,0.00715237,0.00391291,0.00142398,0.00110889
0.0126382,0.00760179,0.0044787,0.00587194,0.00038685,0.00221387
0.00481456,0.00370313,0.00104091,0.00142312,-0.000515938,-0.000967295
0.00951085,0.00675159,0.00507529,0.00246099,0.000618391,0.000393111
0.0087338,0.006381,0.00412423,0.00368454,0.000829867,0.00127714
0.00804326,0.00582774,0.00294337,0.00146861,-1.45648e-05,0.00156656
0.00416536,0.00332946,0.00231365,0.00267927,-1.6445e-05,-0.000104088
0.0116038,0.00682009,0.00395503,0.00479107,-0.000985822,-0.000237675
0.0159794,0.0112218,0.00798717,0.0123791,0.00266035,0.00369858
0.00881009,0.00650065,0.00489547,0.00492918,0.00130361,0.00259643
0.0102331,0.00744143,0.00435204,0.0050898,0.000808568,0.000413092
0.0092334,0.00626732,0.00383727,0.00187228,-0.000343099,-0.00202336
0.00637544,0.00432849,0.00467834,-0.00109535,-0.000296854,0.000142844
0.0115236,0.00826637,0.00396925,0.00141768,0.000932854,0.000396442
0.0111493,0.0077528,0.00716832,0.00355321,0.000430695,-0.000486535
0.0140439,0.00946436,0.00457877,0.00273584,0.000907931,0.000685607
0.0148038,0.00676141,0.0102961,0.021952,0.00676642,0.0121857
0.0096452,0.00653212,0.00626624,0.00847311,0.00290848,0.00137609
0.0414979,0.0181339,0.0269992,0.0276748,0.00701399,0.00370948
0.0102333,0.0064061,0.00601962,0.00507848,0.000363421,9.3859e-05
0.0065174,0.00369989,0.0041765,0.00331023,-0.000269487,-0.000758984
0.0050993,0.00406361,0.00277771,0.000849926,-0.000358193,-0.000625455
0.0157291,0.010679,0.00932091,0.00915786,0.00165332,0.000718778
0.013391,0.00955042,0.00789481,0.00486597,0.00142107,5.58413e-05
0.0142647,0.00676208,0.011945,0.0293647,0.00837759,0.015529
0.00550691,0.00410949,0.00389744,-0.00390428,0.00040721,0.00109946
0.00542422,0.00407522,0.0048866,0.00160684,0.000915135,0.00110598
0.00997232,0.00710102,0.00397415,0.00620608,0.000617717,0.000647359
0.00556481,0.004215,0.00373754,-0.00157495,-0.00064832,0.000746471
0.0218184,0.0151062,0.0214007,0.0220242,0.00429187,0.00133283
0.015784,0.010818,0.00543651,0.00287372,0.00100221,8.90926e-05
0.0186514,0.0125198,0.00609605,0.00417295,0.00102202,-0.000917501
0.010291,0.00740983,0.00746018,0.0077475,0.00148278,0.00234686
0.00597313,0.00430131,0.00264218,0.000733146,-0.000492434,0.0016809
0.00427259,0.00332982,0.00215231,0.00294123,-0.00043526,0.00123649
0.00528451,0.00402773,0.00242519,0.00135325,0.000258617,0.000239703
0.00626782,0.00481466,0.00607818,0.0058189,0.000413644,-0.000244714
0.0179677,0.00830787,0.0125955,0.00779846,0.00145141,0.00153357
0.0151968,0.00689526,0.0126571,0.00280183,0.00177704,0.000947576
0.0238478,0.0131339,0.00997243,0.00797926,0.00168609,-0.00027565
0.0109294,0.00743344,0.00403485,0.00940773,0.00117381,-0.000323962
0.00912788,0.00617953,0.0030934,0.00616288,0.000883329,0.002646
0.0116805,0.00827527,0.00303269,-0.000761454,0.00116677,0.000160509
0.0122286,0.00757695,0.00744231,0.00700043,2.97895e-05,0.00039818
0.00977318,0.00693103,0.0054676,0.00292097,0.000156752,0.000850562
0.0135832,0.00952246,0.00369178,0.00647703,0.000708669,0.00187612
0.0133498,0.00907587,0.00487991,0.00638691,0.000521582,0.00138579
0.0179923,0.00933357,0.00683599,0.00487604,0.00181252,7.41535e-05
0.00514682,0.00398835,0.00165558,0.00335759,-0.000106002,-0.000386903
0.00881038,0.00397245,0.00384372,0.000734397,0.000511555,-0.000268174
0.0137263,0.00799162,0.00455396,0.00421234,0.000869292,0.000416936
0.00507131,0.00377488,0.00238127,0.00216137,0.000289558,-0.00124323
0.00956208,0.00667919,0.00457675,0.00205806,0.00029373,-0.000206671
0.00709924,0.00421012,0.00315808,0.00269205,0.000299547,0.000810555
0.0167856,0.0093285,0.00657153,0.00539007,0.00176013,0.00111807
0.0277692,0.0163947,0.00971564,0.0062387,0.00109283,0.00106349
0.0162087,0.00675526,0.00575042,0.000704752,0.0013001,-0.000589938
0.0165543,0.00662966,0.00547364,0.0044506,0.000954763,-0.000501289
0.0110699,0.00765478,0.00418987,0.0080569,-3.02212e-06,-0.000523433
0.00848035,0.00604798,0.00342804,0.000864335,-5.06167e-05,-0.00101857
0.0056234,0.00448968,0.00369448,-0.000825068,-0.00127521,-0.000787824
0.00721818,0.00518193,0.00245961,0.000949937,-0.000373863,-0.000433198
0.00984124,0.00387656,0.00464234,0.00557856,0.000692554,0.000354119
0.0101124,0.00390585,0.00443168,0.00124699,0.000548155,0.00118604
0.0110179,0.00786695,0.00595896,0.00330575,0.000810177,0.000491765
0.0133679,0.00534296,0.00709468,0.0160484,0.00247798,0.00224567
0.0134158,0.00533213,0.00637711,0.0123356,0.000946818,0.00102918
0.0164264,0.00908817,0.00971726,0.00893472,0.00216107,0.00164773
0.0168752,0.0118234,0.00984049,0.00888252,0.00107652,0.00103884
0.00570031,0.00352531,0.00340653,0.00622774,0.000301269,0.00146098
0.00696978,0.00367015,0.00382307,0.00544227,0.000367142,0.00158966
0.015285,0.00595722,0.00554827,0.00754055,0.00270334,0.00597365
0.017023,0.00604611,0.00607869,0.00806798,0.00220254,0.00654018
0.0145786,0.0098376,0.00548398,0.0050936,0.000503496,0.00142596
0.0165296,0.00723826,0.00712756,0.00744561,0.00161126,0.000354441
0.0106405,0.0076114,0.0043354,0.00442738,0.00160165,0.00137521
0.0104902,0.00704445,0.00287818,0.00445599,9.51727e-05,0.000307326
0.0123477,0.00848121,0.00640312,0.00104503,0.000807511,0.00141892
0.00898361,0.00593695,0.00506194,0.00818371,0.000232859,0.00144515
0.00811294,0.0058352,0.00403233,0.00351045,2.97202e-05,0.000936705
0.0166183,0.0113287,0.0047604,0.0033694,0.000398764,0.000802709
0.0269106,0.0152468,0.0118136,0.0143689,0.00250325,0.00116564
0.0137899,0.00724917,0.010231,0.00700358,0.00193728,0.00198952
0.0124048,0.00857581,0.00454733,0.00397117,0.000760172,0.000652806
0.00659813,0.00399267,0.0024725,0.00148436,-0.000743247,0.000387613
0.00537496,0.00366918,0.0022168,0.00358946,-4.4374e-05,0.00171203
0.0187431,0.0112833,0.0102758,0.016299,0.00223288,0.0109404
0.0145936,0.00618219,0.00765055,0.00996653,-0.000197969,0.00316189
0.0143058,0.00916419,0.00401416,0.00596278,0.00128742,0.00126652
0.0125026,0.0085223,0.00530418,0.00454847,0.000727337,0.000324372
0.0136226,0.00862101,0.0180739,0.0176103,0.00393868,0.00140845
0.00805617,0.00491426,0.00405066,0.00399194,-0.000206351,0.0010422
0.0287252,0.016417,0.0141424,0.0150423,0.00248324,0.000791554
0.00657186,0.00489189,0.00491379,0.00437916,-3.09375e-05,0.000393072
0.00722057,0.00511224,0.00505235,0.00271549,-0.000683937,0.000478777
0.0134947,0.0093564,0.00475715,0.00404578,0.00106938,0.000132397
0.0177698,0.0100383,0.00798804,0.0064889,0.00157288,0.000230801
0.013266,0.00684269,0.00862322,0.00394999,0.000351572,0.000619984
0.0127392,0.00860018,0.00442702,0.00155472,0.00118512,-0.000425079
0.0090888,0.00605662,0.00460164,0.000270906,0.000573495,9.45117e-05
0.00480358,0.00335853,0.00471491,0.00434868,0.000400959,-0.000638725
0.0100455,0.00746985,0.00411321,0.0003124,0.00130208,0.000298397
0.00890972,0.0062372,0.00465123,0.00418249,0.000667145,0.000947661
0.00395184,0.00324612,0.00234272,0.00366068,-0.000199117,-7.26612e-05
0.0106646,0.00798316,0.00267204,0.00397908,-0.00044743,0.00125346
0.00738363,0.00512674,0.00198548,0.000744436,-0.000830263,-0.000227563
0.0166019,0.00991146,0.0111218,0.0130682,0.00247674,0.00319807
0.00826407,0.00593357,0.00383216,0.00209668,0.000107531,-0.000838188
0.0130769,0.00923066,0.00470828,0.00315804,0.000201692,-0.000272979
0.0137918,0.00889182,0.0067727,0.00316022,0.000993871,0.000934108
0.016198,0.00958787,0.00730562,0.00640789,0.000842149,0.000265561
0.00993592,0.00729974,0.00579873,0.00446396,0.000498634,-0.00072971
0.0343373,0.0210652,0.0200544,0.025205,0.00602007,0.00310997
0.00766804,0.00301165,0.00337293,0.00595712,0.000390057,-0.00107268
0.0063186,0.00383257,0.00298833,0.00206575,0.000981073,-0.0014101
0.0171198,0.0123289,0.00618606,0.00940727,0.000163549,0.000946017
0.024844,0.0111138,0.00807463,0.00951049,0.00168112,0.00212646
0.026609,0.0110712,0.00875145,0.00799071,0.00113525,0.00201515
0.00862542,0.00492319,0.00362216,0.00314731,0.000180031,0.000768513
0.00750791,0.00534208,0.00194045,0.00265719,0.000274227,0.000216214
0.00676468,0.00469577,0.00269368,0.0030745,0.000172486,0.000451537
0.0178419,0.0115039,0.00639197,0.00396349,0.00111834,0.000466315
0.0173694,0.0115283,0.00671555,0.00581077,0.00156399,0.00203355
0.0104361,0.00448145,0.00694451,0.00459953,0.000526818,0.00219745
0.0153524,0.00898681,0.00918747,0.00543382,0.00258341,0.000786169
0.0189946,0.0123947,0.00954004,0.00866785,0.00186764,0.000782161
0.00510268,0.00356138,0.00302443,-0.0030067,-0.000484758,-5.94862e-06
0.0156361,0.0109886,0.0080654,0.00974953,0.00120775,0.000442463
0.00631358,0.00439317,0.00387711,0.0017147,0.00114325,0.000262466
0.00564504,0.00390307,0.00258422,0.00169356,5.30721e-05,0.000706305
0.007428,0.00322279,0.00386173,0.00752057,0.00120663,0.000566664
0.00765861,0.00388377,0.00410037,0.00530909,0.00107708,0.00072773
0.00510637,0.00377424,0.00195896,-0.00206862,0.000192601,-0.000200298
0.010194,0.00691746,0.0051308,0.00158291,-0.000466935,-0.000148953
0.00617582,0.00426916,0.00459632,0.00465839,0.000175049,0.00145219
0.0178574,0.0111823,0.00649361,0.00981372,0.00200503,0.000737074
0.0104527,0.00728163,0.0033518,-0.000589308,0.000659943,0.00103714
0.0085655,0.00650029,0.00368067,0.000302192,0.000168345,0.00109224
0.0319886,0.0191779,0.0136769,0.0165208,0.00459324,0.0039805
0.0208314,0.0136996,0.00909096,0.0116019,0.00151165,0.00211036
0.00569018,0.0040857,0.00450254,0.00456209,0.000298356,-8.35873e-05
0.01604,0.0109927,0.00656612,0.00554789,0.00196944,0.000822206
0.0190456,0.0118603,0.00603333,0.00963664,0.00187057,-0.000125404
0.0110061,0.00660899,0.00312986,0.00835072,0.000624092,0.000689204
0.0151428,0.00824589,0.00632686,0.00477289,0.00135439,0.0009853
0.0148194,0.00819518,0.00624805,0.00699988,0.00138579,0.000724458
0.00705411,0.00523606,0.00381633,0.00356789,0.00085162,0.000333143
0.00696879,0.00511222,0.0024361,0.0030864,-0.00044839,0.000180204
0.0217612,0.010481,0.00697124,0.0119445,0.00227249,0.00176867
0.0387368,0.0161957,0.018396,0.0224113,0.00576345,0.00872141
0.0385144,0.0161874,0.0176379,0.0215933,0.00480983,0.00842913
0.00965766,0.00679665,0.00937692,0.00624365,0.00248282,1.78081e-05
0.0150572,0.0072283,0.0104164,0.00884172,0.00104551,0.00141794
0.016135,0.00719891,0.0109023,0.00867941,0.000641867,0.0018559
0.00904302,0.00655384,0.00343474,0.00498738,6.82884e-05,0.00114632
0.00775094,0.00579024,0.00287051,0.000151129,-0.00120602,-0.000316415
0.00639117,0.00446357,0.00489057,0.00610979,0.00138213,0.000865275
0.0251227,0.0166037,0.00971764,0.00657943,0.00174168,0.0027744
0.0288639,0.0167351,0.010228,0.00864163,0.00203916,0.00140429
0.0178053,0.011519,0.0125097,0.00834433,0.00196265,0.000969508
0.00547977,0.00390869,0.00321021,-0.00467793,0.000757485,-0.000996633
0.0059654,0.00444316,0.00234528,-0.000393269,0.000187741,0.000973818
0.00462566,0.00329643,0.00344208,0.00668315,6.0137e-05,0.000133324
0.00550219,0.00410242,0.00466391,0.00787227,9.02804e-05,0.000838813
0.022715,0.0157187,0.0105254,0.0156268,0.00228972,0.00217832
0.0215906,0.0111161,0.0138002,0.0118661,0.00260479,0.00173447
0.0223413,0.0111197,0.0136391,0.0106034,0.00254378,0.00169069
0.00573523,0.00410877,0.00270532,0.00123189,-0.00059612,0.00264567
0.0129168,0.00889917,0.00440482,0.00440436,7.94035e-05,-0.000535044
0.0181211,0.00881006,0.00785664,0.00908225,0.00165457,0.000621404
0.0150826,0.00620907,0.00570824,0.0109304,0.00098491,-0.000143802
0.00468783,0.00306778,0.00248601,0.000511057,-0.00022962,0.000813752
0.00639745,0.00418269,0.00187896,-0.000128437,-0.000469077,0.000305077
0.0238443,0.0152413,0.0270659,0.0252988,0.00457192,0.00638643
0.00453044,0.00332566,0.00185784,0.000222736,-0.000692371,0.00106167
0.00666048,0.00500592,0.00245061,-0.00142433,-0.00095895,-0.0002346
0.00867385,0.00610746,0.00868949,0.0106181,0.00221048,0.0022897
0.00756387,0.00548099,0.00453094,0.00752482,0.00124412,0.000120917
0.0125426,0.00883898,0.00566124,0.00296698,-9.70995e-05,-0.000338448
0.0170497,0.0116759,0.00673719,0.00394076,0.000638091,0.000975813
0.0086814,0.00460121,0.00822875,0.00572313,0.000122394,0.00104088
0.0138618,0.00882922,0.00607852,0.00450983,-0.000299688,0.000228489
0.00584834,0.00400442,0.0031071,0.000206358,-8.75924e-05,0.000229699
0.00765421,0.00421549,0.00377501,0.00399083,0.000190979,0.00108894
0.0135088,0.00906249,0.00350742,0.0059708,0.00113323,0.00119198
0.011918,0.00719642,0.00569331,0.0064609,0.000248542,0.000830163
0.0106816,0.00740182,0.00379457,-0.00467798,0.00134857,-0.0014687
0.00928794,0.00700492,0.00290064,0.000189624,0.000830771,-0.000402338
0.0304268,0.0113958,0.0151741,0.0215937,0.00358239,0.00324304
0.0304934,0.0115516,0.0152337,0.0211896,0.00364997,0.00365415
0.00815612,0.00577251,0.00417505,0.000174382,-0.000307421,-8.07516e-05
0.0163277,0.0117442,0.00537996,0.00618236,0.001014,0.000953141
0.00761729,0.00540833,0.00292078,-0.00206754,-0.000414536,0.000132817
0.00983282,0.0070625,0.0151153,0.0329452,0.0119909,0.0314686
0.00819189,0.00481675,0.00323614,0.00227177,0.0010273,-0.00063232
0.0189208,0.0130708,0.00686323,0.0045054,0.00159788,0.00110909
0.0126735,0.00635764,0.00706957,0.0041017,0.00113935,0.00137999
0.0137532,0.00870357,0.0112151,0.00319182,0.00107887,0.00143889
0.015716,0.0103527,0.00647572,0.00636177,0.00213852,0.0017283
0.0133599,0.00920148,0.00567907,0.00139713,0.000267624,-0.000805117
0.00638339,0.00469222,0.00240672,-0.000143025,0.000958765,7.351e-05
0.0221988,0.0125279,0.00744461,0.00836036,0.00170819,0.00112581
0.0206908,0.0114636,0.00699991,0.00627866,0.00119008,0.000581938
0.00953554,0.00676011,0.00328489,0.0108305,0.00335892,0.00836972
0.0107801,0.00708189,0.00436036,0.0063178,0.000479526,0.000301242
0.0236264,0.0125964,0.0125731,0.0117878,0.0023099,0.000940299
0.0230019,0.0125595,0.0110705,0.0149593,0.00135391,0.00187781
0.00950359,0.00672803,0.00393964,0.00670651,0.000932736,0.00212295
0.00747795,0.00545547,0.00438876,0.00346316,0,-0.000807831
0.0194285,0.00971248,0.00840393,0.0100352,0.00212124,0.000483328
0.0193699,0.00969453,0.00827141,0.00902393,0.00135406,0.000808236
0.0311411,0.0209807,0.023869,0.0271511,0.00718673,0.005164
0.0128662,0.00903849,0.003843,0.00815549,0.00164657,0.00071897
0.00542743,0.00417869,0.00224818,0.0033307,1.95937e-05,7.13926e-05
0.0298041,0.0124464,0.0154796,0.0131726,0.00244539,0.000718904
0.00906025,0.00672081,0.00304222,0.00742474,0.000499986,-0.000166039
0.00952947,0.00475377,0.00438551,0.00771689,0.00139185,0.00587082
0.0115026,0.00730238,0.00487781,0.00341927,0.000279455,4.4002e-05
0.00680525,0.00510406,0.00307936,0.00153902,-0.00036533,-0.000293182
0.011102,0.0078388,0.00333383,0.00238543,-0.000321743,0.00103712
0.00426556,0.00313249,0.00171906,0.00215214,0.000115024,-0.000660694
0.00680292,0.00473811,0.00389018,0.00449978,-0.000116824,-0.0011317
0.0098081,0.00570215,0.00517365,0.00196731,0.00083601,-0.000458813
0.0120738,0.00621786,0.0059704,0.0071004,0.00122909,0.000176241
0.0155931,0.00605328,0.00585911,0.00863551,0.00281145,0.00154339
0.0148404,0.00586999,0.00580598,0.00574571,0.00271824,0.00183326
0.00974783,0.0066399,0.00474527,0.00134286,0.000852909,0.00112671
0.00750248,0.00493167,0.00308144,-0.000792514,0.000158075,-0.00176123
0.00842558,0.00616328,0.00362733,0.0014495,0.00039978,0.0011419
0.0130948,0.00637589,0.00772197,0.00879915,0.0025627,0.000210982
0.013846,0.0068052,0.00811668,0.00871889,0.00206468,0.001482
0.00773611,0.00553859,0.00291389,0.00176632,0.000850214,-0.000462032
0.00930229,0.00690004,0.00332825,0.00368007,0.000481635,0.00112434
0.0190601,0.0111772,0.00592232,0.00243981,0.000510088,-0.000125452
0.0190267,0.0111756,0.00615767,0.00496692,0.000837399,-0.00051018
0.0121632,0.00657811,0.00688348,0.00699167,0.000815844,0.000526458
0.0100035,0.00405661,0.00514724,0.00625987,0.00098206,0.000914836
0.00875926,0.00552285,0.00576321,0.00281235,0.00117119,0.000533389
0.0236617,0.0161624,0.00770611,0.0143273,0.00153166,0.00155581
0.00740738,0.00558998,0.00253181,0.00310263,-0.000305723,0.000311066
0.00606264,0.00442052,0.00341836,0.00153811,-0.000730009,0.00043094
0.0153941,0.0107077,0.00445199,0.00394573,0.000337621,-0.000568679
0.0123229,0.00516091,0.00556634,0.00522251,0.0011626,0.00132937
0.012024,0.00515912,0.00542092,0.00617182,0.000779427,0.00176343
0.00486378,0.00341623,0.00382896,0.00516365,-0.000265521,-5.38225e-05
0.0162974,0.00698154,0.00796102,0.0053359,0.000653621,-0.000261681
0.0162685,0.00696501,0.0079443,0.00465461,0.000835727,0.00108592
0.0102399,0.00731398,0.0112034,0.022734,0.00448468,0.000788199
0.013495,0.00917089,0.00465869,0.00433121,0.000166378,0.000195076
0.00937729,0.00670691,0.00399588,0.00440468,0.000558367,0.000619957
0.00891356,0.00373469,0.00386518,0.00444612,0.000295417,0.000614238
0.0254875,0.0140933,0.00813084,0.00775834,0.00130184,-6.30384e-05
0.00654699,0.00497222,0.00346474,0.00456955,-3.59107e-05,0.000156527
0.0193661,0.00996945,0.00821203,0.00990152,0.00322339,-0.000277016
0.00393882,0.00310823,0.0026678,0.00241811,8.86821e-05,-0.000132135
0.0219243,0.00996155,0.0102154,0.0145129,0.00238449,5.94564e-05
0.0210687,0.00986029,0.00951549,0.0109401,0.00097842,0.00110107
0.00835721,0.00608868,0.00327644,0.00219619,0.000285693,-0.000492824
0.00636241,0.00476517,0.00388033,0.00259439,0.000904452,0.000493864
0.00758338,0.00479563,0.00415816,0.00263441,-0.000198416,0.000505956
0.00609192,0.00456817,0.00303579,0.000991464,-0.000518257,-0.00154546
0.00651192,0.0048643,0.0041714,0.00357112,7.96136e-05,0.00320317
0.00431173,0.00336243,0.00256566,0.00353373,-0.000580826,-0.000987327
0.0201438,0.0126844,0.0070374,0.0125362,0.00286999,0.00211984
0.0300593,0.018334,0.00936907,0.0137113,0.00319446,0.00142553
0.00568251,0.00426984,0.00273558,-0.000470961,0.000352011,1.18822e-05
0.0238967,0.00965199,0.011052,0.00997878,0.00350574,0.00228912
0.00832533,0.005815,0.00334074,0.0031681,0.000169373,0.000123683
0.0157234,0.0110429,0.00631827,0.00613748,0.000736864,0.00117037
0.00922509,0.00659618,0.00165617,0.00472267,-0.000529988,-0.000486276
0.00758287,0.00555093,0.00319307,0.00382299,-0.000553945,-0.000148541
0.0114429,0.00779697,0.00418844,0.00265662,0.000223976,0.000603484
0.00919006,0.00558355,0.005002,0.0112965,0.00136272,0.000807617
0.0153379,0.007231,0.00750857,0.00933534,0.00172987,0.000283723
0.00819385,0.00338923,0.00469613,0.00612452,-2.40068e-05,-0.000932673
0.0089967,0.00361104,0.00462747,0.00380714,0.000243881,-0.00121634
0.0116826,0.00844393,0.00345201,0.00594464,0.000527207,-8.93459e-05
0.00924789,0.00627988,0.00354259,0.00802264,-1.68133e-05,-0.00038617
0.0191762,0.0111891,0.00764019,0.0115046,0.00194168,0.00193749
0.0157709,0.00979934,0.00749495,0.00622627,5.9427e-05,0.000533144
0.0134996,0.00686477,0.00738095,0.00488904,-0.000469658,0.00055908
0.0172003,0.00949485,0.00934814,0.00488727,0.00149258,0.00221855
0.0194443,0.00963642,0.00984305,0.0047435,0.00155073,0.00171518
0.00768905,0.00574313,0.00496926,0.0073136,0.00252942,0.00818407
0.0205592,0.00816616,0.00911665,0.00630999,0.00205332,0.00122179
0.0254935,0.0128569,0.00916445,0.00747069,0.00177579,0.000565858
0.00618942,0.00429413,0.00379319,-0.00220995,-0.00050547,-3.10723e-05
0.0160714,0.0110283,0.00560857,0.00386153,0.00156923,0.00215897
0.00822838,0.0059572,0.00524298,0.00110791,-1.70505e-05,-0.000297209
0.00587375,0.00329194,0.00476843,0.00199114,0.00062383,-5.04469e-05
0.00695599,0.00344389,0.00439897,0.00716626,0.000667853,-0.000392892
0.0125797,0.00891457,0.00474792,0.00430962,0.000514299,5.45691e-05
0.0139695,0.0101767,0.00431104,0.00443133,0.000243565,0.000215304
0.00567003,0.00402055,0.00282973,0.00453205,0.000316852,0.00102879
0.00749687,0.0055594,0.00357798,0.00740861,0.000194377,0.000652116
0.00554004,0.00365504,0.00328304,-0.00208433,0.000601051,3.92364e-05
0.0126818,0.00754953,0.00823768,0.000174879,0.000774884,9.99713e-05
0.00540459,0.00374719,0.00266835,0.00108632,-0.000713266,0.00223506
0.00926499,0.00653501,0.00609266,0.00442225,0.000877642,0.00088811
0.0184018,0.0110795,0.0108859,0.00926231,0.00218721,0.00128191
0.0201036,0.0116376,0.00774857,0.0151781,0.00248834,0.00176803
0.00541302,0.00401983,0.0027681,0.000935532,-0.000432507,0.000828208
0.0130633,0.00909822,0.00755063,0.00780099,0.00171935,4.1126e-05
0.00805708,0.00383006,0.00443631,0.00343705,0.000816228,0.00201479
0.00781567,0.00381855,0.00442426,0.00208544,0.000390118,0.00152715
0.025802,0.0121193,0.0182969,0.0171168,0.00429416,0.00268663
0.0288971,0.0118138,0.0284143,0.0222459,0.00561659,0.0029696
0.00851175,0.00528853,0.00902176,0.00522216,0.00100933,0.000296053
0.00799798,0.00572631,0.00335865,0.00695628,0.000377522,-3.15789e-05
0.00451335,0.00328025,0.00251347,8.30743e-05,-0.000531012,0.000700994
0.011709,0.00850131,0.00419589,0.0121522,0.00577283,0.0130664
0.00854958,0.00583076,0.00520155,0.00057149,0.000104998,0.000468427
0.0152402,0.0107076,0.00716459,0.00358609,0.00120169,0.000616189
0.00620795,0.00423799,0.00245626,0.00306511,0.000282503,0.00213904
0.00856947,0.00581821,0.00298444,0.00174105,0.000508872,0.000209869
0.00735071,0.00553379,0.00655515,0.00733833,0.00092495,0.00104935
0.00594741,0.004136,0.00271225,0.00144355,0.000389918,0.000791588
0.00540127,0.00406388,0.00249682,-0.00231509,-0.000184578,0.000880515
0.00472679,0.00340071,0.00154647,0.00907166,0.000681183,0.00548436
0.00423237,0.0033718,0.00275134,0.00187483,-0.00043654,-0.00187092
0.00531929,0.00357553,0.0025452,-0.00108365,-0.0010936,-0.000596842
0.011206,0.00728018,0.00535369,0.00547703,0.000424093,0.00205615
0.00637521,0.00423772,0.00239029,0.00695811,0.00055047,-0.000374632
0.00519061,0.00376621,0.00206114,0.00119307,-0.000611264,6.63086e-05
0.0158201,0.00894968,0.00690736,0.00898284,0.00181806,0.000868588
0.0282324,0.013071,0.0126708,0.0153609,0.00276844,0.000113434
0.0203225,0.0109489,0.00974847,0.0112768,0.000979297,0.00193808
0.0281819,0.0164312,0.0169162,0.0162867,0.0024563,0.00180454
0.0140523,0.00998242,0.00488264,0.00813496,0.00111534,-2.07179e-05
0.00913362,0.00671587,0.00357942,0.00311426,0.00107757,0.000481432
0.0146591,0.0100967,0.0035031,0.00355701,0.00120788,0.000851799
0.0103329,0.00734433,0.00506315,0.00497997,0.00104719,0.00108679
0.0153732,0.010825,0.00690641,0.00330144,0.00121597,0.000872628
0.00686266,0.00503662,0.00293497,0.000703055,-0.000173508,0.000831104
0.00485692,0.00336733,0.00262867,0.00649521,-0.000149518,0.000337765
0.00907435,0.00493116,0.00522037,0.00052036,0.00151974,0.00150157
0.0111226,0.00436657,0.00626056,0.00224535,0.000730357,0.00183559
0.00690681,0.0035545,0.00361196,-0.000988678,-0.000488276,0.000973821
0.0143124,0.00717311,0.00670483,0.00566913,0.000912313,-0.000234785
0.0126532,0.00642075,0.00510484,0.00454557,0.00103165,0.000143018
0.0391557,0.0164622,0.0217416,0.0281157,0.0053921,0.00202641
0.0164262,0.00850691,0.00766947,0.00801462,0.000674922,-8.94468e-05
0.0127568,0.00910773,0.00731176,0.00732076,0.000434729,0.00110317
0.00994404,0.005846,0.00753858,0.00851401,0.00210077,0.00196732
0.0182301,0.0115622,0.012963,0.015683,0.00246881,0.00206324
0.00712007,0.00532725,0.00543231,0.0088292,0.000252821,0.000418982
0.00928508,0.00574627,0.00320227,0.00630938,0.00075437,0.000726166
0.0182701,0.0124179,0.00509055,0.00557441,0.000403662,0.000152935
0.00562026,0.0041676,0.00512196,0.000221813,0.000546492,0.000677669
0.0199164,0.0101855,0.0126642,0.0124203,0.00280409,0.000297369
0.0132832,0.00694976,0.00472701,0.00743249,0.000550093,0.00080697
0.0156532,0.0109718,0.0053968,0.00821685,0.00147906,0.000803268
0.0117321,0.00833307,0.0050513,0.00149278,0.000684857,-0.000836574
0.0108194,0.00781051,0.0108106,0.0154968,0.00192617,0.000924319
0.0114162,0.00818554,0.00547759,0.0057008,0.000308921,0.00156957
0.00510289,0.00354681,0.00272293,-0.00290603,-0.000498896,0.000137236
0.00733778,0.0054484,0.00340635,0.0058934,-0.000204945,0.000283268
0.00632626,0.00461723,0.00292659,0.00300724,0.000441813,0.000596191
0.0147492,0.00731871,0.0113844,0.0125513,0.0024712,0.000145964
0.0200805,0.00987337,0.0125525,0.0180568,0.00290876,0.00186194
0.00492953,0.00392863,0.00280503,0.00318279,0.000605867,0.00129019
0.00868455,0.00619503,0.00427141,0.00123394,-0.000554065,0.0010049
0.0280152,0.0185788,0.00910774,0.0289647,0.00723767,0.0199958
0.00848125,0.00565984,0.00333683,0.00130539,0.000539597,0.000575884
0.00923448,0.00644719,0.00411425,0.00548465,-5.10652e-06,-0.00112511
0.00483442,0.00376219,0.00239589,-0.000475435,-2.34424e-05,0.000717721
0.0111077,0.00780835,0.00560009,0.00402801,0.000600621,0.000856007
0.00962273,0.00655088,0.00676561,0.00677645,0.000102051,0.00216664
0.00897025,0.00636017,0.00260132,0.00329258,0.00122911,0.000315423
0.021365,0.0102457,0.0143283,0.0486542,0.017934,0.0469328
0.0209895,0.00979756,0.0141955,0.043667,0.015636,0.0416138
0.00953599,0.00666222,0.00444455,0.00118885,0.000420333,0.00102008
0.00525345,0.00331662,0.00296099,0.00400073,0.00137686,0.0024047
0.0108877,0.00817818,0.00603863,0.0011974,0.000450101,0.000645368
0.00671658,0.00518666,0.0064458,0.00491145,0.000148376,0.000120229
0.00729684,0.00543532,0.00228516,0.0030049,-0.00037908,-0.000722074
0.0162138,0.00877874,0.0100862,0.0159892,0.00262058,0.00085843
0.0078842,0.00578228,0.00489047,0.00688915,0.00132649,0.000503106
0.00682351,0.00499943,0.00302031,0.00179376,0.000359444,-0.00076626
0.00613813,0.00443971,0.00302073,0.00715379,0.000375918,0.000101858
0.00706955,0.00547869,0.00678978,0.00558741,0.000684831,0.000681838
0.0133074,0.00520228,0.00538892,0.00449575,0.000511474,0.000317359
0.0233413,0.0144024,0.0088431,0.00589696,0.00181606,-0.000257603
0.0157179,0.0113531,0.00700362,0.0078078,0.00134578,0.00160615
0.0199788,0.0118797,0.0128199,0.0148346,0.00172939,0.000430956
0.0119744,0.00807827,0.00330396,0.00304272,0.00101435,-0.000697758
0.00866479,0.00611495,0.00307585,0.00637029,-3.99089e-06,8.39028e-05
0.00570814,0.00417391,0.00321812,0.00415133,0.000221914,-0.000344464
0.0144392,0.00950998,0.0100072,0.0157739,0.00280788,0.00144881
0.0122074,0.00845843,0.00727092,0.0105955,0.00181547,0.000209208
0.0103862,0.00551582,0.00745243,0.0207205,0.00735594,0.0200863
0.0138561,0.0082727,0.00904384,0.0260389,0.00880082,0.0277001
0.00548654,0.00322331,0.00365112,0.00152549,0.00147448,0.000348315
0.00655722,0.00407085,0.00226511,0.00468141,0.000341442,0.00016974
0.0158977,0.00899979,0.00584945,0.00680072,0.00142711,0.000679327
0.0173743,0.00709949,0.00849158,0.0135756,0.00150413,0.00211063
0.0191892,0.0069391,0.0103498,0.0124158,0.00211871,0.00230591
0.0101529,0.0061178,0.00776359,0.00943332,0.00134201,0.00155593
0.00699304,0.0051561,0.00378481,5.74207e-05,-0.000724414,0.00126863
0.00970683,0.0072793,0.00222898,0.000746853,0.000406262,-0.000471686
0.00394351,0.00329815,0.00292358,0.00325774,-0.000156214,-0.000367452
0.00591462,0.00420292,0.0015384,0.000225697,-2.23635e-05,-0.00134861
0.00827547,0.00425774,0.00363916,0.0056667,0.000258738,0.000538929
0.00807717,0.00411772,0.00364189,0.00729714,0.000118729,0.00155302
0.00911329,0.00670934,0.00591611,-0.000588203,0.000699779,0.000383875
0.00796497,0.00582235,0.0031473,0.00722923,0.00129039,0.00138751
0.00746027,0.00540749,0.00440326,0.00385259,0.000988026,0.00142423
0.00749794,0.00552194,0.00441469,-0.00181405,-0.000884602,-0.000174266
0.00553376,0.00425072,0.00475267,0.0064978,0.00108209,-0.000258134
0.00441681,0.00346153,0.00168711,0.000174813,0.000198668,0.000265531
0.0434363,0.0180183,0.0333831,0.045675,0.00942502,0.00227724
0.0157518,0.0104325,0.00616822,0.00539622,0.000814297,0.00202179
0.0258965,0.0180443,0.0128715,0.0256023,0.00891569,0.0170377
0.00877257,0.00630797,0.00368003,0.00445762,-0.000309026,2.18196e-05
0.0127987,0.00893408,0.00483339,0.00680306,0.000266035,-0.000174238
0.00873528,0.00599492,0.00452777,0.00375693,-0.000441327,0.000244867
0.0150283,0.010365,0.00766896,0.0110342,0.0014208,0.00163548
0.0249614,0.0163783,0.0273187,0.0340986,0.00530701,0.00360182
0.00776154,0.00555433,0.009297,0.00559423,0.000806881,0.0007001
0.00747166,0.00558057,0.00299427,0.0050844,0,0.000627634
0.0107933,0.00658354,0.00491735,0.00527585,0.00201274,-0.000704249
0.0114582,0.00660635,0.00494099,0.00558875,0.00145274,-0.000680566
0.00514662,0.00392836,0.00324109,0.00170274,4.39764e-05,-0.000421058
0.0178551,0.0124804,0.00488789,0.00586448,0.00138821,0.000773028
0.00942983,0.00658393,0.00373262,0.0021431,0.000565622,-0.000214804
0.0143475,0.0101704,0.00874498,0.0103363,0.00235325,0.00323455
0.02275,0.00918812,0.0088669,0.00832128,0.00193078,-0.000151485
0.0234209,0.00924034,0.00875039,0.00738451,0.00227087,-4.17289e-06
0.00555228,0.00357014,0.00241677,-0.00141769,-9.90895e-05,0.000779722
0.00599823,0.00445394,0.00244533,0.00435563,-0.000432179,-0.000164692
0.00852839,0.00561715,0.00877846,0.0146013,0.00187205,0.00097053
0.00786039,0.00561975,0.00309111,0.00187325,-0.000378204,-0.00220101
0.0106775,0.00682096,0.00905365,0.00735684,0.00129439,0.00110135
0.0353544,0.0224027,0.0128358,0.0149581,0.00382853,0.00186221
0.00774023,0.00468139,0.00403075,0.00341713,-0.00017611,-0.000102792
0.00944051,0.00466106,0.00425921,0.00542474,0.000886224,0.000692917
0.0123218,0.00810491,0.0033652,0.00448792,0.00241217,0.00242186
0.0201854,0.0135784,0.00725375,0.0139552,0.00147392,0.000691929
0.00563092,0.00355248,0.00302782,0.00319582,0.00106653,0.000944071
0.0140725,0.00846956,0.00496813,0.00698935,0.00129733,0.000752654
0.014468,0.00735217,0.00659863,0.0148633,0.00612878,0.0169675
0.00405139,0.00316202,0.00206457,-0.00130504,-0.000610155,0.000664378
0.0161932,0.00912346,0.00601322,0.011172,0.00203842,0.00151261
0.014291,0.00812486,0.00505312,0.00581651,0.00130753,8.87563e-06
0.0138248,0.00537913,0.00655695,0.00773267,-0.000156765,-9.43111e-06
0.0141242,0.00548933,0.00646597,0.0101224,0.0001381,0.000794299
0.012334,0.00738057,0.00495886,0.00807793,0.00106149,0.00167636
0.0135973,0.0041269,0.00575357,0.00160376,0.000960344,0.000925156
0.015361,0.00411688,0.00939949,0.00282571,0.00094707,0.00113915
0.0166954,0.00559023,0.0104648,0.00704122,0.00125463,0.000578154
0.0128409,0.00551665,0.00822362,0.00782221,4.95478e-05,-0.00110478
0.0131704,0.00595195,0.00731398,0.0113788,0.00309097,0.00431099
0.0181408,0.00967711,0.0101491,0.0175638,0.00425117,0.00759017
0.00464272,0.00347167,0.00257635,-0.00171093,7.70833e-05,0.000921231
0.0126339,0.00920435,0.00537894,0.00581572,0.00123445,0.000973355
0.0130684,0.00904776,0.00431538,0.00220417,0.00097452,0.00096514
0.0124479,0.00715438,0.00520954,0.00546986,0.000546453,0.000748734
0.00562333,0.0032626,0.00371025,0.00522939,0.000234143,0.000421189
0.0176844,0.0122024,0.00810121,0.00901413,0.00212376,0.00110294
0.00759722,0.00536156,0.0132853,0.01503,0.004187,0.00767162
0.0184356,0.0104751,0.00818951,0.00787521,0.00206091,0.0012138
0.0166746,0.00658662,0.00670401,0.00401322,0.00081018,-0.000594444
0.00595143,0.00429784,0.00342024,0.00431389,-0.000726495,0.000214363
0.00402023,0.00302428,0.00266685,-0.000625122,0.000104571,0.00158643
0.00977404,0.00626331,0.00840615,0.00547109,0.00248113,0.000425069
0.00902068,0.00496097,0.00587039,0.00331353,0.000779074,0.00072204
0.0155705,0.0106994,0.0112086,0.0121739,0.00308078,0.00159805
0.0174765,0.00580002,0.00985867,0.0126441,0.00196598,0.00164552
0.035961,0.0145709,0.0152442,0.0194214,0.00441289,0.00282283
0.0159446,0.00659005,0.00687209,0.00876172,0.00200186,0.000246232
0.00468986,0.00349228,0.00358812,0.00688748,0.000415376,0.00054077
0.00921587,0.00665342,0.00409044,0.0041553,0.000330415,0.000833583
0.0114398,0.00665204,0.00444815,0.00514877,0.00182288,-0.000155358
0.0120971,0.00473964,0.0102018,0.00684407,0.00118233,0.00138108
0.010859,0.00744576,0.00629408,0.0038482,0.00025686,0.000810413
0.00691448,0.00536224,0.00533537,0.00138537,-0.000183664,0.000262922
0.00488752,0.00361243,0.0026057,0.000282595,-0.00102042,0.000452043
0.00675328,0.00450424,0.00295243,0.00217153,-0.000209964,-0.000528564
0.0100626,0.00702155,0.00243931,0.00534513,0.00237565,-0.000422662
0.0120119,0.00842847,0.00709061,0.00530075,0.00115017,0.0012002
0.0103714,0.00615497,0.00646389,0.00782314,0.00147869,0.000402723
0.00788713,0.00356554,0.0045785,0.00326947,0.000730201,-0.000146347
0.0129467,0.00901742,0.00566325,0.00545255,0.000933584,0.00129901
0.0178339,0.00963542,0.00598301,0.00524508,0.00121911,0.00116292
0.0170361,0.00877971,0.00522851,0.00362215,0.00103634,0.00010069
0.0123434,0.00759853,0.00619031,0.00633591,0.000691812,-0.000222763
0.0114302,0.00526936,0.00506734,0.00774996,0.00101848,0.000466068
0.0138665,0.00955901,0.00561639,0.00889254,0.00120519,0.00125471
0.013954,0.00968566,0.00411139,0.00305084,0.00112166,0.00179543
0.0105005,0.00777088,0.00471741,0.00148298,0.00103802,-4.662e-05
0.00922375,0.00621408,0.00483304,0.00460263,0.000331571,-0.00163081
0.00666027,0.00487644,0.00295778,-0.00229538,0.000852812,0.000655014
0.0105334,0.0068537,0.00494306,0.00310644,0.000582526,-0.000249198
0.0237449,0.00953433,0.0147199,0.0107462,0.00384859,0.00312608
0.0248166,0.00958925,0.01414,0.0117543,0.00288765,0.00194614
0.00568544,0.00433654,0.00780077,0.00587608,0.00145266,0.00173517
0.00474928,0.00366593,0.00175738,0.00418815,0.000216539,0.00142499
0.00941398,0.00433532,0.00257982,0.00171228,5.89353e-05,1.15814e-05
0.009086,0.0048605,0.00277203,0.000816066,3.20555e-05,-0.00030758
0.00598621,0.00444252,0.00446437,0.00379098,0.00117348,0.000366096
0.0121064,0.00799592,0.00921853,0.00492268,0.00121635,0.000447521
0.0155663,0.0101111,0.00548096,0.00759229,0.0011232,0.00168918
0.00790695,0.00543403,0.00544897,0.00701358,0.000798166,0.00185586
0.0172932,0.012624,0.00762281,0.00869232,0.00123443,0.000599516
0.0105493,0.00716221,0.00593842,0.0136672,0.00283022,-0.000502694
0.00665079,0.00483479,0.00318349,-0.00107531,-5.73331e-05,0.00115668
0.0167311,0.00659644,0.0111236,0.0116378,0.0018343,0.00158977
0.016631,0.00658564,0.0105556,0.0116225,0.00194912,0.00196822
0.0114063,0.00484846,0.00539594,0.00413024,0.00182866,0.00472579
0.0118282,0.0048353,0.0054441,0.00583635,0.00198941,0.00478386
0.0127193,0.0088491,0.00851098,0.00723051,0.0015037,0.000894983
0.0122513,0.0086529,0.00463139,0.00538647,0.00108747,0.00124416
0.00572086,0.0030393,0.00250237,0.0112808,0.00369856,0.00811509
0.0112259,0.00800412,0.00721467,0.00780934,0.00129758,0.000320607
0.00481328,0.00371424,0.00347244,0.00520153,0.00137363,0.000890742
0.0169383,0.00901637,0.00838445,0.0110988,0.000846461,0.00182521
0.0206443,0.00900424,0.010812,0.0117761,0.000574704,0.000432397
0.013354,0.00880649,0.00801869,0.00337463,-0.000117712,-0.00037814
0.0224765,0.0154866,0.00845136,0.0106315,0.00201107,0.00315577
0.0153038,0.0106952,0.00625663,0.00504641,0.00154371,0.00101521
0.0113289,0.00770608,0.0046698,0.00259903,0.000407919,0.000710525
0.0193214,0.0122993,0.00647791,0.00225586,0.000558544,0.00235478
0.00932126,0.00678193,0.00483249,0.00619776,0.000646379,0.000176316
0.0151074,0.0103054,0.00904766,0.00973021,0.00156415,0.0021551
0.0100587,0.0073605,0.00919701,0.0120333,0.00196288,0.000837786
0.00547857,0.00383694,0.00266335,0.00237745,-0.000104855,0.00133405
0.0140112,0.00984293,0.00734933,0.00371927,0.00105828,7.65542e-05
0.0126443,0.0091652,0.00354347,0.00451917,0.000263541,0.000532521
0.0198124,0.012269,0.0242082,0.0380171,0.00910267,0.00716436
0.00933129,0.00655045,0.00552614,0.00399893,0.00165356,0.000206021
0.0140061,0.00580256,0.0054442,0.00859678,0.00406462,0.00909138
0.0139707,0.00967894,0.00522776,0.00399253,0.0015299,0.000667072
0.0108568,0.00571614,0.0054831,0.00615093,6.78767e-05,-0.000629402
0.0151895,0.00662219,0.00828018,0.00965354,0.000693168,0.00028591
0.0155664,0.00658022,0.00803172,0.0087168,0.00090807,-6.08971e-05
0.0117323,0.00783919,0.0042998,0.00464676,-0.000831488,0.000135639
0.00586743,0.00440891,0.00252747,0.00234494,0.000426003,-0.00064417
0.00424106,0.00346318,0.002066,-0.00442679,-0.00065363,-0.00067234
0.0122834,0.00855536,0.00645767,0.00726769,0.00238008,-0.000602892
0.00934301,0.00647044,0.00469066,0.00272579,0.00186645,0.00244601
0.00861211,0.00600726,0.00342389,0.00246962,0.00178269,0.000208906
0.0199663,0.0128666,0.00814009,0.00871287,0.00331574,-0.000160923
0.0175498,0.00903801,0.00757909,0.00413043,0.000905531,0.000359877
0.00660322,0.00333163,0.00315223,0.00147587,0.000236887,0.000464438
0.0100261,0.00644163,0.00447742,0.00404105,0.000122456,0.00118825
0.00645281,0.0033208,0.00345256,0.00107718,-5.01334e-05,3.00914e-05
0.00840493,0.00614599,0.00580572,0.00949732,0.00134938,0.00184808
0.0114789,0.00816107,0.00663949,0.0218387,0.00644251,0.0164494
0.00428734,0.00326519,0.00181588,0.00196047,0.000329918,-0.000742697
0.00606211,0.00448917,0.00291246,0.00106625,-0.000151516,9.83423e-05
0.00933443,0.00398874,0.00307435,0.00615516,0.00117499,0.00146756
0.00935373,0.00384432,0.00304044,0.00623006,0.00110823,0.00107385
0.00511122,0.00367286,0.00294933,-0.00244688,-0.000303043,-0.000371412
0.00493801,0.00393486,0.00449253,0.00472665,-0.000330623,0.000616061
0.00866088,0.00634711,0.0062074,0.00195544,0.000400533,0.0013544
0.0214902,0.014911,0.0134335,0.00958062,0.000736188,0.000367366
0.0141454,0.00989458,0.00627766,0.0058874,0.00207378,-0.00135049
0.00755976,0.00550443,0.00285169,0.00049547,0.000235189,-9.26773e-05
0.0130695,0.00625439,0.0114895,0.0142707,0.00146495,0.000881944
0.0122808,0.00625747,0.00801718,0.0143177,0.00383797,0.00400748
0.0133809,0.00611714,0.00822067,0.0153607,0.00346897,0.00472051
0.0132673,0.00836693,0.00384821,0.00536668,0.00119439,0.00108325
0.00645637,0.00474325,0.00300959,-3.49139e-05,0.00138462,-0.000266209
0.00912587,0.00687376,0.00363225,0.00343085,0.00034817,0.00145682
0.0161124,0.0112249,0.00609962,0.00681362,0.000993576,0.000926705
0.00825291,0.00601097,0.00362788,0.00123893,-6.73835e-05,0.00179051
0.00908975,0.00675227,0.00275917,0.00583136,0.000503842,0.000383929
0.00656462,0.00477663,0.00241648,0.00510701,0.00333727,0.00631818
0.0102228,0.00723403,0.00668025,0.0058706,0.000963867,0.000650661
0.00675045,0.00463627,0.0026256,0.00520751,0.000310964,0.000801386
0.0114081,0.00829287,0.00459343,0.00176962,0.000322805,0.000475373
0.00989618,0.00714652,0.00416605,0.00343158,0.000990608,0.000134087
0.0109752,0.0079122,0.00359723,0.00454335,0.000334296,0.00120799
0.00513532,0.00344528,0.00325231,0.000741061,-0.000205748,0.000952115
0.0141183,0.00861258,0.00669609,0.00790834,0.00184206,-1.68572e-05
0.00885157,0.00437372,0.00531996,0.00300395,0.000415744,-0.000214122
0.0167154,0.0108185,0.0064976,0.0115595,0.00227376,0.00103299
0.00771973,0.00336708,0.004148,0.00539771,0.00102731,0.00141932
0.0281915,0.0105586,0.0155088,0.0171489,0.00487765,0.00933511
0.00469671,0.00358918,0.00231451,0.00110227,0.000923302,0.00042162
0.0219841,0.00863887,0.00842913,0.0135908,0.00508921,0.00929004
0.0216783,0.00863662,0.0082637,0.011929,0.00357326,0.00885063
0.00954367,0.00708449,0.00446083,0.00300033,0.00171969,-0.000371681
0.00793887,0.00536882,0.00291482,-0.0015963,1.65986e-05,-0.000195481
0.0143154,0.010002,0.00485384,0.00818367,0.00171183,6.50177e-05
0.00916626,0.00651372,0.00537639,0.00395834,0.00093498,-9.88051e-05
0.016552,0.0118714,0.00929692,0.00928994,0.00279044,0.00277185
0.0167778,0.0115917,0.0076518,0.00823754,-0.000214259,0.00108024
0.00459209,0.00369306,0.00253347,-0.00102882,3.23564e-05,-0.00110991
0.0148004,0.0104305,0.0051509,0.00347786,0.000960802,0.00137025
0.00975099,0.00704124,0.00443025,0.00745482,0.000364342,0.00277056
0.00840466,0.00577972,0.00270805,-0.00153168,0.000507524,0.000592579
0.00923524,0.00515309,0.00474119,2.25698e-05,0.000978757,0.000114107
0.00993471,0.0051759,0.00522881,0.000696963,0.00111105,0.00154631
0.0111,0.00699357,0.00519263,0.00610189,0.000982507,0.00249986
0.0177707,0.0110302,0.0078562,0.00659883,0.00101164,0.00078698
0.00857395,0.00627139,0.00388804,-0.00139107,0.000246605,0.000885444
0.00984319,0.00688701,0.00348927,0.00183068,-8.36576e-05,0.000596152
0.0117741,0.00867163,0.00633965,0.00212093,0.00105581,0.000854166
0.0131134,0.00981313,0.00872588,0.00865318,0.00246884,0.000277602
0.011942,0.00835055,0.0081953,0.00469781,0.00132002,-0.000923359
0.00900631,0.00563753,0.00340269,0.0017139,0.000906125,0.00032635
0.00977386,0.00673766,0.00529898,0.0107163,0.00172218,0.000520529
0.0139994,0.010017,0.00522907,0.0101958,0.00119985,0.000121588
0.0193229,0.013803,0.00761842,0.00694235,0.00154438,0.00111232
0.00883551,0.00659548,0.00394123,0.00347374,0.000509677,-0.000396146
0.0191083,0.00929519,0.00846907,0.00839758,0.000852379,0.000286752
0.0063212,0.00408422,0.00349899,0.00315401,0.000368935,-0.000175543
0.00471509,0.00322942,0.00227578,0.000809114,-0.000697104,-0.000926433
0.0152344,0.0108368,0.00400791,0.00616813,0.0011962,0.00201086
0.013804,0.00624955,0.00706621,0.0119517,0.00117879,0.00149875
0.0142666,0.006424,0.00557084,0.0107751,0.00147688,0.00253294
0.00648584,0.00496045,0.00342238,-0.00282037,7.05472e-05,-7.11905e-05
0.0187807,0.0136077,0.00702929,0.00323769,0.00117928,0.000754708
0.00565473,0.00414762,0.00412759,0.00385092,0.000349189,0.0012702
0.00628163,0.00437596,0.00326259,0.000661841,0.00149166,0.00017264
0.00616329,0.00465972,0.00164543,-0.00123011,-0.000226321,-0.000949236
0.00952409,0.00692434,0.00512723,0.0024779,0.00124664,0.000374731
0.0109316,0.0080139,0.00705204,0.00233581,0.00151071,0.00032764
0.0153227,0.0101946,0.00533946,0.00683638,0.00147606,4.92566e-05
0.00714065,0.00518284,0.00324598,-8.11742e-05,0.000332466,-0.00105878
0.0125245,0.00885552,0.004607,0.0046825,0.000669155,0.000339637
0.0162347,0.0117106,0.00570375,0.00356562,0.000967011,-8.53123e-05
0.0129624,0.00875162,0.0067326,0.00820679,0.000908397,0.00116833
0.0201823,0.00836696,0.00720419,0.00395834,0.00128237,0.00100577
0.0220069,0.00834891,0.00832313,0.00948934,0.00223506,0.000899025
0.0096069,0.00690983,0.00487977,0.00115429,0.00158625,0.00101925
0.00723334,0.00534674,0.00243778,0.00524665,0.00070613,0.000582117
0.0212286,0.0135005,0.00935379,0.0294396,0.00997714,0.0285337
0.00742007,0.00525131,0.00722158,0.00661542,0.00159323,0.000149847
0.025432,0.0156717,0.00916958,0.00850142,0.00181127,0.00210861
0.0063556,0.00434487,0.00192162,0.000950342,0.00101573,-0.000951808
0.00622506,0.0043462,0.003648,0.000225188,-7.85129e-06,0.00126059
0.0119162,0.00658968,0.00833573,0.0135742,0.0028726,0.00163633
0.0111151,0.00671792,0.00774002,0.013316,0.00200744,0.000922305
0.00923,0.00666852,0.00390429,0.0033429,0.00189523,0.00062034
0.0134418,0.00505032,0.00560608,0.0122669,0.00598461,0.0132251
0.0209133,0.0126518,0.0104047,0.0290499,0.0117445,0.0302169
0.0114916,0.00637859,0.00715955,0.00618516,0.00119452,5.49162e-05
0.00512686,0.00385847,0.00319896,-0.000808786,-4.45483e-05,0.00100127
0.0180113,0.00872926,0.021146,0.0414516,0.011656,0.0187563
0.0188629,0.0129855,0.00718826,0.00632969,0.00132153,0.000361302
0.00770799,0.00347807,0.00398479,0.00371021,0.000190287,-0.000174949
0.0117883,0.00691861,0.00538843,0.00555262,0.00119876,0.000659757
0.00836762,0.00614024,0.00396572,0.00213716,-0.000776499,0.000634109
0.00876363,0.0062955,0.00603112,0.00476147,0.0010551,0.00042002
0.0105178,0.00760573,0.00382124,0.00408817,0.0022944,0.000473028
0.00880046,0.00616142,0.0031876,-0.0016987,0.000660649,0.000210394
0.0109197,0.00748913,0.00822531,0.00582036,0.00164524,0.00125771
0.0114065,0.00783066,0.004337,0.00313115,0.000668229,0.000956944
0.00763479,0.00572555,0.0043216,0.001568,0.000674653,-3.0179e-05
0.0109164,0.0078259,0.00606553,0.00484906,0.00127726,0.00174036
0.00562132,0.00437042,0.0024168,0.00233953,-0.000436176,0.000800079
0.00614859,0.00420236,0.00267337,5.61827e-05,0.00094991,-0.000291835
0.0124998,0.00600986,0.00567505,0.00606245,0.00102773,-0.000485334
0.00514898,0.00392555,0.00291488,0.00145197,0.000182769,2.24253e-05
0.0167216,0.0104639,0.0113225,0.00883461,0.00218856,0.00222394
0.0192606,0.0112104,0.011838,0.0129037,0.00441791,0.00470606
0.0176522,0.0118726,0.0173526,0.0732451,0.0245965,0.0607971
0.0167961,0.0111058,0.00820568,0.0195345,0.00529536,0.00992444
0.00486309,0.00357062,0.00137078,0.000244275,0.000226479,-0.000180831
0.00476331,0.00340516,0.00146317,-0.000874847,0.000301313,0.00112677
0.00483545,0.00378086,0.0023549,-0.00204356,0.000149139,0.00118414
0.0120834,0.00841812,0.0045388,0.00036593,0.000788213,0.000651151
0.00807451,0.00376702,0.00478906,0.00284339,0.00212428,-7.23935e-05
0.0150492,0.0108718,0.00634791,0.00536197,0.00116833,-0.000238647
0.0127511,0.00921531,0.00507179,0.00963472,-3.88217e-05,0.000392019
0.0134335,0.00554852,0.00600931,0.00665626,0.00128325,0.000177547
0.0216393,0.0129664,0.00925986,0.0120696,0.00247631,0.00151827
0.00905225,0.00638922,0.00717234,0.000883011,0.000119101,0.000800293
0.0110339,0.00763121,0.0042062,0.0062298,0.000794323,0.000267165
0.00419556,0.00301575,0.00163927,0.00366299,-0.00151281,-0.000706072
0.00606588,0.00448353,0.00247053,-0.00061551,-0.000799026,0.000182592
0.00880152,0.0060661,0.00340256,0.000376812,0.00134228,0.000733147
0.0111799,0.00622522,0.00616594,0.00633514,0.0016038,0.00135171
0.0108034,0.00524169,0.00570689,0.00670198,0.000723133,0.000505086
0.00930837,0.00434826,0.00471086,0.00445501,-0.000276303,0.000362986
0.0058906,0.00421908,0.00463425,0.00181701,-0.000594481,7.26688e-05
0.00673307,0.00383253,0.00461909,-0.00456053,-0.000792395,0.000232872
0.00435823,0.00351386,0.00180583,-0.000320028,-0.0001669,0.00106882
0.0178941,0.0122989,0.00722358,0.00667177,0.00058986,0.0004379
0.0187057,0.00941386,0.00752035,0.00819382,0.00228856,0.000339854
0.0169953,0.00705499,0.00738011,0.00740616,0.00238602,0.000600613
0.0139009,0.00964092,0.00806909,0.00696091,0.00119415,0.00128361
0.0242752,0.0144518,0.0124189,0.0086555,0.00201808,0.00192289
0.0126102,0.00714863,0.00819705,0.00692523,0.00150963,2.4119e-05
0.0119643,0.00580291,0.00543839,0.00679128,0.000954274,0.000411257
0.0110108,0.00701163,0.00491826,0.000193856,0.000418302,6.41548e-05
0.00951654,0.00677531,0.0120325,0.0156208,0.0031618,0.000789469
0.00613261,0.00448737,0.00271589,0.000522482,0,-0.000404677
0.0110059,0.00764446,0.00381275,0.00133269,-0.000279772,0.000943838
0.0142179,0.00971475,0.00499112,0.00228794,-0.000128353,0.00112619
0.0115287,0.00812294,0.00298305,0.00349486,-6.1736e-05,0.00168245
0.0199533,0.0138992,0.0106868,0.0190036,0.00408092,0.00152024
0.0203092,0.0108612,0.0103658,0.0292149,0.0101031,0.0258307
0.00509317,0.00312089,0.00289128,0.000682038,0.000698231,0.000106321
0.00575533,0.00401204,0.00294726,0.00188467,-6.17204e-05,0.000831932
0.0198786,0.0132201,0.00733143,0.00718455,0.000295793,0.000536282
0.012688,0.0060486,0.00605292,0.0039655,-0.000162082,-1.95047e-05
0.0128141,0.00610166,0.00596461,0.00400254,-8.93696e-05,0.000225696
0.0177292,0.0126853,0.0054806,0.00677256,0.00127806,0.000673672
0.00689597,0.00533485,0.003573,0.00485859,0.00185706,-0.000198576
0.00751283,0.00573669,0.00247066,0.00448553,3.20981e-06,0.00015619
0.0106954,0.00728699,0.00387715,-8.18442e-05,0.000704922,0.000650264
0.00914903,0.00631687,0.00364876,0.00150423,0.000554366,-0.000369966
0.00907655,0.00625008,0.00263541,-0.0013155,-3.65416e-05,-0.00133486
0.0114744,0.00793595,0.00601003,0.00531746,0.00173815,0.00041444
0.0100104,0.00450983,0.0050032,0.00078877,0.00119019,0.000821798
0.00835697,0.00409495,0.00442616,0.00180414,0.000229099,0.000148744
0.00372162,0.00304383,0.00114169,0.00266742,0.000335751,-0.00168792
0.00626774,0.00476567,0.0032613,0.00230501,0.00071778,2.05007e-05
0.00754219,0.0052851,0.00580343,0.0046988,0.000768612,-0.000413222
0.0156706,0.0109912,0.0050768,0.000542023,0.000979299,0.00156398
0.00466678,0.00336708,0.00227735,-0.00187382,0.000310471,0.000521109
0.0216314,0.0143668,0.0138724,0.0230728,0.00512403,0.00693923
0.0355525,0.0237792,0.0194207,0.0272234,0.00687601,0.00449419
0.00889983,0.00656087,0.00564884,0.00302581,-0.000708634,-0.00102809
0.0116623,0.00820221,0.00370183,0.00025838,0.000651917,0.00110443
0.0113221,0.00796476,0.00429468,0.000269049,0.000556984,0.000453838
0.0142953,0.00986756,0.00521167,0.010069,0.000775964,0.000903855
0.0236387,0.0140984,0.0113986,0.0107022,0.00218772,0.0013687
0.0204648,0.00662873,0.0116007,0.0137191,0.00315787,0.00223718
0.028972,0.00711054,0.0146388,0.0203425,0.00380599,0.00295901
0.0253159,0.0101469,0.00891848,0.0126811,0.00281777,0.000970772
0.00631977,0.00363961,0.00285376,-0.00135506,0.000120373,0.000518434
0.0121167,0.00918128,0.00583747,0.00138343,0.000925334,0.000243943
0.0191464,0.00808157,0.0112548,0.00999051,0.00257144,0.00192926
0.0195185,0.008081,0.0114043,0.0100499,0.0025991,0.00160465
0.00918483,0.00348526,0.00807614,0.00244354,0.00136252,0.000218852
0.0131244,0.00655555,0.00684165,0.00586868,0.000821451,0.00036529
0.0124919,0.00761514,0.0180701,0.0178167,0.00456388,0.00180923
0.0124204,0.00752418,0.00567019,0.00327819,0.000485041,0.000712604
0.0107268,0.00709086,0.0055269,0.00303729,0.000170382,0.000724417
0.00438687,0.00326458,0.00349162,0.00142965,-3.00439e-05,-0.000590433
0.014962,0.00996078,0.00659276,0.00648664,0.00103852,0.0024801
0.00783729,0.00571118,0.00539906,0.00285081,0.000585029,0.00171283
0.007117,0.00511305,0.00342833,0.00314358,0.00108441,0.00116583
0.0123043,0.00870475,0.00635175,0.00394905,4.62812e-05,0.000175827
0.00439852,0.0033505,0.00192641,-0.000926249,-0.000195405,0.000765645
0.00490624,0.00347976,0.00304839,-0.000919648,-0.000481099,0.00165645
0.0103748,0.0075241,0.00322062,0.00413921,0.00149549,-0.000277438
0.00585084,0.0044862,0.00280461,0.00284065,0.000412307,-0.00181038
0.00740947,0.0054819,0.00538429,0.00498914,2.62947e-05,-0.00114419
0.0067767,0.0048305,0.00435304,0.00546445,3.35898e-05,0.00110278
0.016684,0.00855811,0.00750759,0.00443383,0.0017697,0.000862803
0.00691762,0.00478539,0.00328113,0.000630005,0.000546152,0.000329377
0.0125477,0.00695181,0.00423687,0.0060846,0.000890766,0.000698421
0.00469687,0.00356572,0.00373487,0.00124357,-0.000144815,0.00202094
0.0183594,0.0116786,0.0130082,0.0148471,0.00462015,0.00404266
0.0225186,0.0125785,0.0148939,0.0190994,0.0057776,0.0039609
0.00508109,0.00359488,0.00279346,0.0022452,0.000384247,0.000744587
0.00791017,0.005685,0.00595355,0.00174115,0.000199252,-7.95424e-05
0.00835499,0.00625627,0.00570563,0.00291509,-0.000472193,0.000168175
0.00552558,0.00402999,0.00378867,0.0044176,9.57622e-05,-0.000522866
0.0215298,0.0152907,0.0072331,0.00641962,0.00216528,-0.000162785
0.00813995,0.00553467,0.00328471,0.00302111,0.00055401,0.000659299
0.0172786,0.0121469,0.00632901,0.00568135,0.00123375,0.00163416
0.00847757,0.00604747,0.00455625,0.00361558,0.00108708,0.00138568
0.014519,0.00981713,0.00726354,0.00738828,0.00134527,0.0016268
0.0125774,0.00869415,0.00407503,0.0036851,0.000787411,0.000252707
0.0157032,0.00817089,0.00933001,0.00375107,0.000933475,0.00127488
0.00966895,0.00683732,0.00482231,0.00447734,0.000319391,0.00124856
0.0130518,0.00945638,0.0049049,0.00325821,9.09852e-05,0.0021052
0.0142592,0.010182,0.00612527,0.00416171,-5.19506e-05,0.000624499
0.00843982,0.00555226,0.0036237,-0.00152371,-0.000737933,0.000171541
0.00792551,0.00504903,0.00366577,-0.00244472,-0.000459524,0.000442694
0.0144344,0.0103519,0.00418964,0.00702341,0.000180268,-0.000412812
0.00795043,0.00556359,0.00380605,4.17957e-05,0.000701531,0.000440732
0.0135102,0.00912917,0.00549075,0.00798584,0.00287828,0.00710232
0.0110764,0.00770266,0.00424662,0.00363608,0.00042436,0.00178955
0.00865148,0.0058283,0.0100901,0.0113216,0.00253908,0.00180733
0.00926368,0.00445985,0.00737557,0.00903236,0.00134147,0.000167078
0.0129515,0.00911955,0.0078098,0.00868842,0.00183269,-0.00017655
0.0109555,0.00781221,0.00444021,0.0010097,0.00102556,-0.000807608
0.0128672,0.00896831,0.00389372,0.00654488,0.00151541,0.00249632
0.0100829,0.0071136,0.00548705,0.00303987,0.000987891,0.00295271
0.00945937,0.006957,0.00627549,0.00290919,0.000509485,-0.000544302
0.00565823,0.00433554,0.00256786,-0.000113019,-0.000443093,0.000726425
0.00970192,0.00654405,0.00661142,0.00113497,0.000840725,0.00101585
0.0127926,0.00887206,0.00577862,0.00609047,0.00183944,0.000377039
0.00463463,0.00324595,0.00234938,0.00144926,-0.000547508,0.000242597
0.00431106,0.00341284,0.0030803,0.00175132,0.000762686,0.00155942
0.00826596,0.00428938,0.00460877,-0.000825996,0.00121814,-0.000564916
0.0093297,0.00492985,0.00469845,0.00200512,0.00126133,-0.000819747
0.00534567,0.00373121,0.00264207,0.00407378,0.000722056,-0.000114691
0.00928785,0.00662747,0.00418306,0.00326004,0.000860769,0.0021686
0.0083597,0.00588802,0.00343216,0.00041323,0.000559238,0.00106335
0.00722843,0.00518351,0.00319319,0.00187738,-0.0002448,-0.00076213
0.0117075,0.00815881,0.0090059,0.0135701,0.00329993,0.00033109
0.00599701,0.00331874,0.00354813,0.000959486,-0.000583192,0.000653537
0.00777374,0.00451167,0.00395168,0.00461914,-0.000148382,0.000953969
0.00432223,0.00329555,0.00215241,0.00134769,-8.20309e-05,-0.000267115
0.0186342,0.0115687,0.00726056,0.0114201,0.00228145,0.00021515
0.00430186,0.00294706,0.00221984,0.00135302,-0.000116695,0.000260263
0.0155861,0.0102823,0.0044061,0.00594705,0.0014354,0.000338899
0.0120683,0.00631505,0.00782204,0.00398295,0.00185276,0.00111821
0.00813256,0.00609371,0.00275455,0.00149394,-0.000202285,0.000347876
0.00681568,0.00477525,0.0043287,0.0030841,-0.0010295,0.00104666
0.0106103,0.00746267,0.00496661,0.00647966,0.0012752,-7.71524e-05
0.0100981,0.0072203,0.00417951,0.00949177,0.000402881,-0.000749104
0.0113312,0.0077543,0.00617522,0.0108741,0.0025423,0.00203448
0.00939494,0.0057245,0.00490767,0.000852767,1.67525e-05,0.000976081
0.0242966,0.0170359,0.00747702,0.0111236,0.000460402,0.00183516
0.010399,0.00791302,0.00485949,0.00252577,0.000722657,-0.000445461
0.00603741,0.00461494,0.00350398,-0.000229297,0.000411099,0.000222341
0.00681971,0.00392158,0.00330049,-0.000910303,0.000201493,-4.36293e-05
0.0233163,0.0101668,0.0119733,0.0121796,0.00121711,0.000571829
0.0266133,0.0100846,0.0123882,0.0140126,0.00256906,0.000834802
0.0309988,0.0133237,0.0121842,0.0163271,0.00439236,0.00117795
0.0302192,0.0133921,0.0119703,0.0162005,0.00375572,0.00272268
0.0131411,0.00831621,0.00282079,0.00340236,0.00203879,0.00238106
0.0155528,0.00813877,0.00579493,0.00447953,0.00146811,0.000830079
0.0184717,0.00650758,0.00793423,0.00565915,0.00175633,0.00120173
0.0146234,0.00480322,0.00805062,0.00811116,0.00189525,0.00111465
0.00821313,0.00452846,0.00687096,0.00613945,0.00225378,0.00217891
0.0107618,0.00670608,0.0094406,0.00549535,0.00273499,0.0013044
0.0114629,0.00834477,0.00345906,0.0090366,0.000453054,-2.41698e-05
0.00538503,0.00359221,0.00176658,-0.000296556,9.46181e-05,0.000305046
0.0050065,0.00350587,0.00272315,0.000840913,0.000608105,-0.000280616
0.00580297,0.0040612,0.00340968,0.00160311,-0.000698088,0.0013753
0.0102173,0.00783412,0.00414851,0.00361451,0.00142547,0.000861029
0.014624,0.0106811,0.0112075,0.00542769,0.00188196,0.000717443
0.0212771,0.0146938,0.00587651,0.0103707,0.000712852,0.00040699
0.00575651,0.00419207,0.00258139,0.000509806,0.00146146,0.000756243
0.0138383,0.00950629,0.00861308,0.00484474,0.00153628,0.00200443
0.00586409,0.00422892,0.00300396,0.000433348,0.0014471,0.00120957
0.0145662,0.00931941,0.00505696,0.00465353,0.00256695,0.000152646
0.0132548,0.00758063,0.00673758,0.00533469,0.00178781,-9.43731e-05
0.0124135,0.0091825,0.00619655,0.00704473,0.00194179,0.000291632
0.0169223,0.00868303,0.0103209,0.0164429,0.00463664,0.00273878
0.0185287,0.00829275,0.0151536,0.0131044,0.0041268,0.003241
0.00782563,0.00525946,0.00477708,0.00448206,0.00185692,0.00146563
0.0230941,0.0142987,0.008857,0.00242794,0.00103919,0.00157102
0.00727348,0.00371685,0.00405758,0.00169796,0.000961723,0.00107485
0.00876844,0.00350966,0.00370024,0.00450239,0.00119111,0.00173834
0.00598423,0.00427351,0.00176453,-0.000773006,0.00105719,-0.000844472
0.0178211,0.0082755,0.00571034,0.00803414,0.0023942,0.0043481
0.0134615,0.00943919,0.00794888,0.00927696,0.00124558,-0.00152622
0.0109096,0.0049699,0.00638788,0.00417625,0.00168121,0.000381884
0.0108945,0.00486872,0.00654858,0.00479529,0.00156516,-0.000141833
0.0282121,0.0172028,0.0106128,0.00982674,0.00165577,0.00200672
0.00669156,0.00364631,0.00645039,0.00880971,0.00342331,0.00111851
0.0241697,0.0145191,0.00728498,0.00930909,0.00153762,-0.000256715
0.00457856,0.00389051,0.00270804,0.000918849,-0.000287814,-0.000101263
0.0077119,0.00511403,0.00270786,0.00277438,0.00107784,-0.000275769
0.00522997,0.0039,0.00219091,0.00228498,0.00156558,0.00133229
0.00675256,0.00474429,0.00658315,0.0061165,-0.000172267,-7.3023e-05
0.0141274,0.00963298,0.00627833,0.0035531,0.00138079,0.000261642
0.0143784,0.00709868,0.00779297,0.00941453,0.002365,0.00489723
0.00954244,0.00634818,0.0042296,0.00423881,0.000488682,0.00147016
0.017684,0.0122243,0.00557939,0.00763784,0.00125156,0.000287531
0.00978459,0.00681017,0.00323347,0.00310391,0.0014528,0.000970488
0.00795711,0.00559835,0.00330748,0.000688955,0.000548105,-0.000101194
0.00731795,0.00534425,0.00472062,0.00209242,0.000825679,-0.000116369
0.0298269,0.0162125,0.0287462,0.0454086,0.00660154,0.00374955
0.0132664,0.00515006,0.00633982,0.00841664,-0.000384477,0.00120926
0.0215429,0.00890374,0.0105043,0.0118328,0.00262239,0.00319952
0.00594867,0.00320252,0.00283197,0.0022567,-0.000271381,0.00105623
0.0145691,0.0101301,0.00440777,0.00553465,0.000341799,-0.000303473
0.00904678,0.00692525,0.00580454,0.00751392,0.000858976,6.94401e-05
0.0116013,0.00855003,0.00670957,0.0004066,0.000811599,0.000502412
0.00965458,0.00672737,0.00345197,0.000562432,0.000357658,0.00120776
0.0100933,0.00556606,0.0042625,0.0062746,0.000359474,-0.000804042
0.00733896,0.00370301,0.00307428,0.00443411,-0.000365194,-0.000595823
0.00489601,0.00359068,0.00234997,0.000501809,0.00020621,0.000277715
0.0141254,0.00849535,0.00701742,0.00485932,0.00276022,0.00047196
0.020771,0.00895669,0.011287,0.00808125,0.00167364,0.000947662
0.0117603,0.00868216,0.00709859,0.00315571,0.000375715,0.000397258
0.0135201,0.00948138,0.00521794,0.00515464,-0.000424965,0.00132645
0.0276242,0.0179131,0.0101605,0.010495,0.00523628,0.246125
0.0261863,0.00759252,0.014054,0.0159133,0.00393563,0.0422625
0.0219931,0.0113082,0.0118848,0.0110608,0.00411393,0.00116766
0.00847976,0.00581281,0.00264536,0.00318072,0.000326032,0.00119972
0.0116129,0.00800379,0.00570149,0.00897076,0.00130464,0.00180654
0.00494617,0.00375856,0.00264145,-0.00143407,-0.000124051,7.00658e-05
0.00637739,0.00419361,0.00319645,0.0011544,7.44723e-05,0.000157054
0.00668571,0.00453532,0.00260141,0.0026609,0.000159638,-0.00023594
0.01064,0.00726081,0.00482339,0.0137892,0.00243946,0.00305886
0.0106576,0.00744512,0.006412,0.00279373,0.00212525,0.00038059
0.0096578,0.00558832,0.00981167,0.0154412,0.00258723,0.00210359
0.0178463,0.00859485,0.00867828,0.0160153,0.00410108,0.00454853
0.0159517,0.00798371,0.0077829,0.0111787,0.00389373,0.00525966
0.00906375,0.00406654,0.00538945,0.00439555,0.000167793,0.00149069
0.00801405,0.00323668,0.00461453,0.00577888,-0.00013138,0.000698261
0.0107914,0.00782016,0.00363907,0.00513623,4.04402e-05,-0.000616956
0.0107374,0.00618841,0.00898935,0.0100365,0.00138579,0.00139441
0.0118788,0.00614592,0.0091502,0.00879318,0.00187612,0.00144234
0.0163553,0.0103013,0.00613633,0.00329145,0.00170528,-0.000541483
0.00449693,0.00333058,0.00273851,0.000484681,-0.000309652,0.00049684
0.011798,0.00797896,0.00813443,0.00433677,0.000772748,0.00233441
0.0186799,0.0127219,0.00593915,0.00618795,0.00198472,0.00182119
0.00490836,0.0036193,0.00392296,0.0018319,-0.000276075,0.000238234
0.0216378,0.0154478,0.00773891,0.00477183,0.000559025,0.000105419
0.0112561,0.00820297,0.00455067,0.00303169,-5.04724e-05,0.000504658
0.0156006,0.0108723,0.00569912,0.00549199,0.000662918,0.0015176
0.00702897,0.00515327,0.00273506,0.00271017,0.000510116,0.000259464
0.00446047,0.0034323,0.00259336,-0.00140978,0.000698941,0.000307192
0.0109457,0.00767097,0.00457108,0.00474232,-0.000126619,0.000399909
0.0108347,0.0074274,0.00336154,0.00315503,0.000448862,4.90169e-05
0.0179354,0.0117275,0.00851723,0.0150174,0.00297565,0.00275428
0.0117252,0.00784621,0.010019,0.0105721,0.00163143,0.00089411
0.0111435,0.00822662,0.00465499,0.00151402,-0.00018652,0.00144801
0.0100511,0.00743677,0.00411698,0.006418,0.000398983,0.00102581
0.01356,0.00952675,0.00713681,0.0104098,0.00275406,0.00227971
0.00404297,0.0032773,0.00259152,4.70384e-05,-0.000287159,2.9421e-05
0.0404191,0.0197127,0.0164047,0.0184093,0.00349005,0.00191807
0.00655603,0.00454838,0.00391926,0.0186086,0.00770318,0.0219586
0.0109988,0.00734884,0.00339307,0.0024252,0.000134073,0.00093688
0.00474078,0.00333854,0.00205958,0.00147175,-0.000163556,0.00102145
0.0133124,0.00941836,0.0071311,0.00481652,0.00122908,0.000148547
0.0169847,0.0105731,0.00820664,0.00599848,0.00126267,0.0011757
0.0130722,0.00709955,0.00383877,0.0039098,0.000614074,0.00128749
0.00461972,0.00352597,0.00245381,-0.000958553,0.000469339,-0.000943702
0.0292928,0.0160446,0.0128204,0.0195382,0.00312377,0.00485247
0.0337987,0.0152543,0.015582,0.018425,0.00256054,0.00328767
0.0181599,0.00871885,0.0108127,0.00691877,0.00134991,0.000609502
0.0140984,0.00788115,0.0110242,0.0137761,0.00281016,0.00285825
0.00925196,0.00632211,0.00724421,0.00331841,0.00290926,0.00195255
0.010897,0.00619403,0.00787214,0.00550782,0.00397534,0.00104588
0.0100267,0.00724916,0.00398019,0.00576423,0.00104998,6.73871e-05
0.0179377,0.011632,0.00854675,0.0069634,0.00166553,0.00100548
0.0199103,0.011582,0.00881262,0.00705801,0.00159955,0.000565717
0.015636,0.0113006,0.00437159,0.00460033,0.000265769,-0.000265532
0.0193418,0.0134831,0.016755,0.0135069,0.00491936,0.000206071
0.00617216,0.00460584,0.0021554,-0.00101637,0.000663376,0.000307507
0.0343754,0.0223124,0.00953862,0.0121366,0.00206703,0.000660687
0.00654151,0.00480291,0.00328799,0.00234794,-0.000731604,-0.000458805
0.026267,0.0130922,0.0122764,0.00990424,0.00161668,0.00106464
0.0283773,0.0134922,0.0123326,0.0109217,0.00237879,0.000833812
0.00679913,0.00495768,0.00457469,0.00565425,0.00180274,0.00148653
0.00963252,0.0067285,0.00562529,0.00331356,0.000607534,-0.000761442
0.016529,0.0106907,0.00700957,0.00798486,0.00229835,6.17667e-05
0.00836566,0.00574207,0.0049922,0.00846004,0.00200129,0.000795525
0.00909222,0.00386805,0.00569048,0.004318,-7.96357e-05,0.00126265
0.00812549,0.00333213,0.00506366,0.00204768,-0.000905047,0.00227077
0.00547589,0.00379255,0.00348485,0.00321829,0.00107129,8.58808e-05
0.0125255,0.00867418,0.00856699,0.00762551,0.00164561,0.000989263
0.00629495,0.00461839,0.00272614,0.00220646,-0.000391232,0.000945328
0.00969291,0.00703869,0.00300307,0.00451938,-0.000213912,0.000312512
0.00599987,0.004655,0.00274038,0.00181872,0.00104519,8.65417e-05
0.0107619,0.00772726,0.00376922,0.00714877,0.00227447,0.00117416
0.008058,0.00451521,0.00683266,0.00493135,0.0010708,0.00125828
0.0136593,0.006516,0.00754516,0.0078733,-0.000296317,0.0023468
0.00616638,0.00451411,0.00230105,0.00153126,-0.000319491,0.000611866
0.00629846,0.00454643,0.00406386,0.000254246,0.000902808,0.000170931
0.00613703,0.00435013,0.00322325,0.00214773,0.000715409,0.000168432
0.0114254,0.00814373,0.00362936,6.90512e-06,0,-0.00116613
0.0243038,0.0166027,0.0111832,0.0128849,0.00211123,0.00258508
0.00490547,0.00322294,0.00275886,-0.000118414,-0.000269417,-0.00171611
0.00687587,0.00522882,0.0037135,8.78634e-05,-0.000101817,0.00128539
0.0204302,0.0144979,0.0101384,0.00785482,0.00173364,0.000515556
0.0141945,0.0093572,0.0106864,0.0034866,0.00133863,0.000478243
0.0104905,0.00673076,0.00511884,0.0039762,0.000175202,-0.000327499
0.00919723,0.00643632,0.00387415,0.00670489,0.00160531,9.30678e-05
0.00504916,0.00349615,0.00303117,-0.0035233,-0.000301444,-0.000140049
0.0311153,0.021098,0.00978105,0.00645882,0.00247419,0.00152463
0.0183962,0.00864989,0.00724997,0.00825596,0.000985969,0.00206516
0.0147538,0.00880993,0.00578929,0.00620254,0.000778953,0.00203765
0.0128394,0.0089904,0.00304603,0.00141464,0.00108115,-0.000968672
0.00477321,0.00355697,0.00314648,0.000661873,0.00112659,0.000958805
0.0092902,0.00618202,0.00439896,0.00734333,0.000235699,0.00112889
0.00458154,0.00364619,0.00340159,-0.00290155,0.000538786,2.49264e-05
0.00522714,0.00425352,0.00235787,0.0010983,0.000250666,0.0013376
0.0123675,0.00876339,0.00524326,0.00278019,0.000948687,0.000343676
0.0155887,0.0105867,0.00750788,0.00511807,0.00160296,0.000581889
0.016902,0.0114638,0.00492133,0.00874039,0.00122003,0.00107197
0.0104271,0.00729797,0.00444488,0.00390437,0.000603406,-5.61778e-05
0.0140961,0.00602632,0.00544399,0.00677815,0.00199729,-0.000272136
0.0142799,0.00585142,0.00510407,0.00512722,0.000594923,-3.66704e-05
0.0151853,0.0108643,0.00539959,0.0210367,0.00774054,0.0156503
0.0088684,0.00600259,0.00277279,0.00243084,0.000252537,0.000587915
0.0120624,0.00876939,0.00315138,0.00339299,0.002833,0.000979173
0.0138398,0.00764935,0.00591335,0.00804025,0.000901066,0.00125577
0.0123545,0.00672302,0.0049579,0.00656553,0.000123111,0.00177415
0.0131929,0.00942725,0.00756119,0.00836223,0.00193697,0.00142637
0.0129809,0.00514223,0.00793945,0.00422486,0.000822198,-0.00095386
0.0239813,0.0159125,0.00851343,0.00829051,0.00146545,-3.45615e-05
0.0234534,0.0155267,0.0127115,0.00873715,0.00148946,0.000690397
0.0447551,0.0278031,0.0184269,0.0258005,0.0044525,0.00311969
0.00626377,0.00462114,0.00538881,0.00701058,0.000876127,0.00133468
0.00896118,0.00609748,0.00423885,0.0024026,0.000698852,4.68004e-05
0.00769367,0.00566141,0.00265057,0.002032,0.000395313,0.00128779
0.0105653,0.00700946,0.00496376,0.00886552,3.52883e-05,-0.000663818
0.00627586,0.0042816,0.00293587,0.00416216,-0.000792963,-5.46346e-06
0.0135253,0.00753695,0.00707914,0.00224899,0.00113045,0.00114406
0.0055391,0.00425238,0.00251802,-0.00336868,-0.000215973,-0.000402613
0.00720702,0.00518409,0.00481208,0.00435256,0.000826927,-0.000148726
0.00535926,0.00437094,0.00291857,0.00248733,-6.58194e-05,0.000518274
0.00738714,0.00529776,0.00329682,0.00196404,-2.79445e-06,-0.000765244
0.00617776,0.00471884,0.00336845,-0.0012095,0.000873941,0.000641777
0.0246582,0.0128161,0.011048,0.0130277,0.00191372,0.00178496
0.020473,0.0111568,0.007155,0.0078142,0.00299786,-0.000214796
0.00678353,0.0049854,0.00292933,0.00370317,0.000606568,0.000625482
0.0108348,0.00760434,0.0103308,0.00928729,0.00227817,0.00210774
0.00953254,0.006662,0.00364418,0.000156035,0.000189308,0.00153999
0.00934815,0.00668822,0.00807234,0.0052991,0.00311511,-0.00123083
0.00856873,0.00621983,0.00159613,0.00156926,-0.000367886,-0.000592625
0.0064113,0.00426641,0.00646974,0.0115601,0.00169975,0.000412184
0.00537296,0.00420433,0.00204183,0.00261419,-0.000320193,0.000474874
0.00651615,0.00469932,0.00207062,0.00366376,-0.000376463,-0.000270573
0.00424304,0.00352596,0.00233612,0.00165836,-0.000355044,-0.000473305
0.0126729,0.00783397,0.00575375,0.00470726,0.00107769,0.000368004
0.0145597,0.0101167,0.00918975,0.00957826,0.00172338,0.000626194
0.0238872,0.0101144,0.0122203,0.0178299,0.00297572,0.00132208
0.00569775,0.00399807,0.00281443,0.00255584,-0.00034749,-0.000119528
0.0184772,0.0130166,0.0105097,0.0101945,0.00116836,0.00206206
0.0102049,0.00714837,0.00519482,0.00516921,0.000770492,0.000516611
0.0097884,0.007103,0.00874421,0.0257261,0.00811536,0.0207521
0.0102703,0.00702944,0.00481267,0.00992136,0.000280387,0.000898314
0.00612403,0.00443115,0.00471372,0.00410031,0.00166418,-0.000590288
0.01286,0.0078991,0.0070732,0.00846656,0.000604081,0.000965005
0.0198285,0.00960286,0.00941213,0.009261,0.00190088,0.000191605
0.0192773,0.00965663,0.00922074,0.00803921,0.00201447,-0.000367128
0.0047968,0.00370986,0.00132916,-0.000302876,0.000163034,0.000293751
0.00421782,0.00304427,0.00238462,0.00221336,8.23748e-05,0.000428489
0.00905596,0.00640672,0.00755972,0.0174793,0.00618508,0.0078383
0.0108701,0.00680108,0.0052742,0.0102619,0.00201299,0.000974516
0.0101452,0.00577562,0.002918,0.00683394,0.000383671,0.000687963
0.0106687,0.00483706,0.00413729,0.00586962,-0.000463133,0.000903197
0.0118062,0.00586524,0.00439255,0.00524042,0.000158475,0.000708327
0.0167239,0.0104228,0.00594548,0.0104131,0.00317797,0.00538287
0.0139963,0.00780205,0.00487768,0.00817155,0.000939288,0.00340795
0.0125994,0.00826304,0.00717885,0.0120564,0.00183898,-0.000387904
0.00892742,0.00385626,0.00333235,0.00125096,0.0014255,0.000175345
0.0149791,0.00902373,0.00492096,0.00408034,0.000659778,-0.00121487
0.0119976,0.00858268,0.00755152,0.00469791,0.000746144,0.000553219
0.00470733,0.00349915,0.00478081,0.00211873,0.00111713,0.00112391
0.0280849,0.0182463,0.0132251,0.0197282,0.00488932,0.000381638
0.0137897,0.00919318,0.00562915,0.00526937,0.00129537,0.000134147
0.0130241,0.00840752,0.00521124,0.00613304,0.00167831,0.00109812
0.00720509,0.00543047,0.00415256,0.000521083,0.000711145,-0.000124777
0.00735409,0.00544894,0.00431049,0.00416057,0.000451898,0.00108557
0.017168,0.0114893,0.0084108,0.00809318,0.000633358,0.00245895
0.0162991,0.00907161,0.00829655,0.00874813,0.000372121,0.00166091
0.0122864,0.00556343,0.00716793,0.00708236,0.000492698,0.000634265
0.0108065,0.00550402,0.00606375,0.00412159,0.000155796,-0.000180571
0.0141241,0.00979851,0.0125804,0.00793393,0.00122914,0.000881826
0.00394882,0.00315505,0.00336235,0.00458667,2.45363e-05,-0.00210312
0.00552991,0.0041904,0.00302924,-0.00116872,-0.00030441,0.000551862
0.00990187,0.00681857,0.00337311,0.000722351,6.63043e-05,0.00152054
0.011684,0.00835128,0.00607525,0.00596609,0.00082023,0.00175837
0.0134165,0.00593289,0.0139963,0.0075887,0.00102762,0.00105272
0.00748543,0.00337836,0.00399533,0.000695586,0.000350215,6.06881e-05
0.00701823,0.0033197,0.00408591,0.0012212,6.7488e-05,0.000127253
0.0253694,0.0169804,0.010774,0.00591151,0.00167347,0.000955816
0.0125924,0.00668296,0.00461125,0.00377082,0.000172986,0.0014874
0.0107351,0.00758463,0.00430274,-0.0013856,-0.000668771,0.000145173
0.00525064,0.00411072,0.00255408,0.00379835,0.000813356,0.000449309
0.0113671,0.00791533,0.00407089,0.00677467,-0.00024908,-2.80398e-05
0.00427991,0.00334528,0.00173645,0.00377812,-5.52411e-06,0.000244938
0.0136907,0.00621532,0.00631641,0.00719295,0.000255378,-0.00068008
0.009852,0.00640012,0.00326619,0.00471621,0.000406296,-0.00079615
0.00822852,0.00532116,0.00303862,0.00410729,0.000496009,-0.00100071
0.0217872,0.0142436,0.0329321,0.0358534,0.00669927,0.000379928
0.0280269,0.0181695,0.028056,0.0451125,0.0125054,0.0132078
0.0137669,0.00970975,0.00558943,0.00345466,0.000324467,0.00191135
0.0079094,0.00583973,0.00614649,0.00178888,0.000293684,-6.15946e-05
0.00578609,0.00441637,0.00840088,0.0132765,0.00210983,-0.000464809
0.0169435,0.0123883,0.0054901,0.00814815,0.0009514,0.00152337
0.00446867,0.0031255,0.00229289,0.000296992,-0.000518995,0.000640111
0.0180542,0.0115055,0.00692094,0.00833849,0.00168065,0.00220488
0.00546986,0.00408144,0.00226751,0.00316297,0.000302953,0.00108984
0.00725769,0.00519692,0.00339642,-0.000721144,0.000817642,-2.73101e-05
0.00460663,0.00340508,0.00268103,-0.000259674,0.000921711,0.000949373
0.0252444,0.0132298,0.0145173,0.0207057,0.0045604,0.00160277
0.0223251,0.00983059,0.0102831,0.0139731,0.0024259,0.000218173
0.0134195,0.00799995,0.00889409,0.0142928,0.00193645,0.00133019
0.00574737,0.00440257,0.00178169,0.00214401,-0.000318136,0.00127113
0.00696162,0.00498554,0.00457534,0.00438387,0.000911396,0.000122895
0.00701376,0.00318043,0.00500328,0.00674959,0.00161503,0.000383351
0.00727511,0.00330561,0.00493589,0.00606681,0.000821242,0.000144504
0.0162987,0.0103308,0.00486533,0.00316909,0.000978008,6.4904e-06
0.012115,0.00808434,0.00399398,0.00240881,0.000280133,-0.000414688
0.0104704,0.00668995,0.00510971,0.00287826,0.000289951,0.00079184
0.0122529,0.00444122,0.00574535,0.0228636,0.0072849,0.020439
0.0144687,0.00624718,0.00815625,0.0103252,0.00165788,0.00548422
0.00971934,0.0042759,0.00507483,0.00299466,-0.000251017,0.00195109
0.0162912,0.00914267,0.00550965,0.00496981,0.0011058,0.00106797
0.00948996,0.00678796,0.00406153,0.00453464,0.000823847,0.000965894
0.0233277,0.0160549,0.0082166,0.00792016,0.00240593,0.00248873
0.0191497,0.012105,0.00892957,0.0170802,0.00468124,0.00247792
0.0118121,0.00586862,0.00486669,0.00893183,0.00157351,-0.000608422
0.0152749,0.0109618,0.00717347,0.00603402,0.00054863,0.000308377
0.00402122,0.00305951,0.00287877,0.00221054,0.000128586,0.000780774
0.0207952,0.0095937,0.00820308,0.00956127,0.00237441,-0.000341846
0.0223158,0.00951324,0.008088,0.012187,0.00118383,-0.000679396
0.0467565,0.025132,0.0287624,0.0295828,0.00578829,0.00399979
0.00646151,0.00454528,0.0043598,0.00772148,0.00100312,0.000808683
0.0106292,0.00742055,0.00490849,0.00906833,0.000760085,0.000598274
0.00563758,0.00439558,0.00315525,0.00040599,0.000528222,0.00117945
0.0155651,0.0109761,0.00561217,0.00817447,0.00169418,2.85658e-06
0.0231159,0.0103386,0.01004,0.00954533,0.00242989,0.00192965
0.0234032,0.0103471,0.00956236,0.00747372,0.00253636,0.00114952
0.0093427,0.0068345,0.00654684,0.00365436,0.00165246,-0.000712935
0.0298983,0.0159035,0.0192273,0.0181567,0.00379141,0.00159606
0.0281372,0.0159613,0.0170871,0.0159776,0.00303419,0.00072877
0.0188811,0.013205,0.0117968,0.00669739,0.00178655,0.00197567
0.0256114,0.0106954,0.00821523,0.0127117,0.00173738,0.00104416
0.0270495,0.0116278,0.0154522,0.0181486,0.00290946,0.000802644
0.0233649,0.0115946,0.0142539,0.0166754,0.00224045,0.00172029
0.00872692,0.00604335,0.00555065,0.0092233,0.00250098,0.000703822
0.00477972,0.00374413,0.00262122,0.000781034,-5.73062e-06,2.79711e-05
0.00848325,0.00597068,0.00469539,0.00636732,0.00095472,-0.000219278
0.0100645,0.00688007,0.00424852,0.00753029,0.000425761,0.000380406
0.0242111,0.00955026,0.0183391,0.0222633,0.00718458,0.00944927
0.00794192,0.00623635,0.00370548,0.00300316,0.000290475,-0.000795073
0.0168599,0.0118246,0.00756911,0.0175197,0.00369376,0.00057954
0.00789926,0.00588135,0.00626592,0.000753094,0.00012713,0.000207896
0.00880428,0.00626289,0.0092844,0.00582169,0.000888234,0.000305394
0.00444462,0.0037559,0.00320776,0.005268,0.00136939,-3.30377e-05
0.00824653,0.00603505,0.00535658,0.0016878,-0.000974824,-0.000304059
0.00758008,0.00470506,0.00381996,0.00563085,0.000772222,0.000352703
0.00629289,0.0047076,0.00276374,-0.000911305,0.000182299,0.00182526
0.00886894,0.00630078,0.00311055,0.0027654,0.00109838,2.9261e-06
0.00389664,0.00303638,0.00239022,0.000413065,-0.000683039,0.000968007
0.0155543,0.0111018,0.0108823,0.00711681,0.00135443,0.000566357
0.0111551,0.00836747,0.00512351,0.00653041,0.000732253,0.00125832
0.00901957,0.00642174,0.00530855,0.00636139,0.00120711,-0.00100605
0.00607163,0.00457941,0.00268818,0.0082509,0.00121351,0.0011949
0.00795456,0.00592373,0.00277885,0.00124013,0.000466024,-0.000678024
0.0127814,0.00891613,0.0136027,0.0179051,0.00462225,0.00791315
0.00590241,0.00461192,0.00434102,0.00314832,0.000428309,6.32306e-06
0.0146621,0.0103691,0.00461199,0.00902464,0.00119282,0.00090867
0.00980321,0.00706274,0.00366244,0.00480807,0.000186257,0.000635192
0.00478404,0.00386306,0.0018801,-0.000978852,-0.000130066,-0.000204268
0.0261072,0.0178937,0.011263,0.00930217,0.00131249,0.00228126
0.0222387,0.00872187,0.0125126,0.0148008,0.00284475,0.00262266
0.0230676,0.00873608,0.0129087,0.0140972,0.00261911,0.00273941
0.0138936,0.00971729,0.00586677,0.00411846,0.000681668,0.000729268
0.0166887,0.0121711,0.0101453,0.0118789,0.00140403,0.000444701
0.0082351,0.00559916,0.00412159,0.000877367,0.000201396,-0.000480155
0.00713672,0.00313012,0.00276513,0.000582891,0.000778443,-0.000895621
0.0147853,0.0102732,0.00659693,0.00454896,0.00137362,0.00235642
0.0117132,0.00838635,0.00592247,0.00642515,0.0014578,-0.00100057
0.0065498,0.00513674,0.00767354,0.00635999,0.00193235,0.000238773
0.0177294,0.0127756,0.0048069,0.00708015,0.0028998,-0.000130723
0.0172932,0.0121591,0.0121435,0.00959408,0.00135879,0.00166476
0.00746936,0.00536023,0.00306435,0.00165204,1.98071e-05,0.000959107
0.00865063,0.00587068,0.00336759,0.00266585,0.00151298,-0.000973707
0.00583359,0.00388872,0.0036059,0.000902897,-0.000420842,0.00120067
0.02036,0.0116273,0.00994026,0.011363,0.00262898,0.00114645
0.0180958,0.011621,0.00893747,0.00893097,0.00203265,0.00164674
0.0144695,0.0103745,0.00734631,0.00899149,0.00161784,0.00207539
0.0116325,0.00680408,0.00602679,0.00437112,0.0011519,-0.000391071
0.0106935,0.00669337,0.00555959,0.0031037,0.000538612,0.000361289
0.0100083,0.00690789,0.00663738,0.00638964,0.00113855,-0.00036604
0.00785921,0.00526395,0.00434107,0.00134329,-0.000196053,0.00168628
0.0195498,0.0129943,0.00783024,0.00937093,0.00226069,0.00365504
0.0178566,0.0110877,0.00670901,0.0105611,0.00244796,0.000258718
0.0118486,0.00514223,0.00865745,0.00958138,0.00106342,0.00204873
0.0122154,0.00510228,0.00896408,0.0101583,0.000111346,0.00171812
0.0206198,0.0119995,0.00852454,0.00795879,0.00156767,0.00170094
0.0133386,0.00936492,0.0137454,0.0131433,0.00259652,0.00270172
0.00530273,0.00372263,0.00307738,-0.000230482,0.000633229,0.00142019
0.0175314,0.0117569,0.0116989,0.00945879,0.00264476,0.00259262
0.00740673,0.00516205,0.0032149,0.00592137,0.00064441,0.00070856
0.013503,0.00516233,0.00544393,0.00953921,0.000591793,0.00105352
0.0124595,0.00530649,0.00476591,0.00698778,0.000296564,-1.50678e-05
0.0102311,0.00751289,0.00560464,0.00338235,0.000345054,0.000581761
0.011844,0.0060666,0.0088226,0.0126282,0.00279222,0.000628948
0.019567,0.00813802,0.00734208,0.0101736,0.00180621,0.000700876
0.0204279,0.00815977,0.00727724,0.0100123,0.00173713,0.000325061
0.0136386,0.00691165,0.00744593,0.00530696,0.000729889,0.000299523
0.00757731,0.00542229,0.00366132,-6.19302e-05,0.000532933,-5.96464e-05
0.00537696,0.00413458,0.00229389,0.00622153,0.0016936,0.000158666
0.0086559,0.00588948,0.00382179,0.00352931,-0.000614868,0.00172324
0.00786288,0.00581665,0.0052087,5.4571e-05,0.000616105,0.000740055
0.00726569,0.00519091,0.00345113,0.0039584,0.00103172,-0.000318174
0.00692105,0.00464798,0.00307625,0.000487429,-0.000163264,-5.41479e-06
0.0117859,0.00801825,0.00347639,0.00757963,-0.000245871,0.00132204
0.00437476,0.00334797,0.00191775,-0.00241041,-7.94077e-05,0.00101458
0.00657185,0.00493154,0.00246806,6.31326e-05,0.000267991,-0.00083353
0.0162023,0.011337,0.00398466,0.00603528,0.000178969,0.00116379
0.0076772,0.00546856,0.00409524,0.00129815,0.000844003,-0.000976297
0.0103662,0.00485408,0.00588517,0.0105663,0.00256761,0.000705774
0.00970584,0.0044649,0.00567035,0.0102782,0.00235034,0.000702494
0.0122345,0.0077495,0.0053031,0.000125964,0.00193306,-0.000389853
0.00758295,0.00565507,0.002892,0.00256959,0.000680966,0.000440015
0.00846818,0.00599542,0.00575463,0.0081441,0.000186025,0.00100126
0.00706262,0.00495453,0.00421371,0.00499392,0.000530691,0.000614359
0.0276363,0.0190293,0.0111085,0.0107262,0.00193642,0.000837045
0.0284789,0.0139099,0.0122568,0.0193845,0.00219455,0.00136162
0.0240176,0.0125315,0.00918335,0.0106622,0.000635298,0.000157223
0.00935266,0.0063271,0.0036186,-0.000170217,0.000859567,-0.000504475
0.0149429,0.0108638,0.00398992,0.00456257,0.00105197,0.00339816
0.0336862,0.0165461,0.0132584,0.014967,0.00315552,0.00192543
0.0286551,0.0149891,0.0103849,0.0118357,0.00191339,0.0012267
0.0187599,0.00758501,0.00976335,0.0103599,0.00178385,0.00168144
0.0283151,0.0118372,0.0139734,0.0164254,0.00235247,0.00239289
0.0202717,0.0104329,0.00935025,0.0133497,0.00140441,0.00108545
0.0107668,0.0057581,0.00570759,0.00411482,0.00153984,0.000610436
0.0176759,0.00776385,0.00812427,0.00359159,0.0010353,-0.00039492
0.0169813,0.011923,0.0106377,0.0092043,0.00195734,0.000974384
0.00632339,0.00446225,0.00384553,-0.00103963,0.00085771,-0.000190733
0.023844,0.0120367,0.0211137,0.0232461,0.0044951,0.00264161
0.0174879,0.00634071,0.0104599,0.0103565,0.000767388,0.00104811
0.00683452,0.00503483,0.00401959,0.00397518,0.000648733,0.000344196
0.005225,0.00378378,0.00590722,0.00202487,0.000603886,0.00144071
0.02822,0.0182094,0.0166919,0.0239967,0.00448644,0.00307287
0.00748239,0.00507517,0.00337631,0.00167456,-0.000533099,2.13965e-05
0.0101154,0.00722284,0.00492142,0.0061335,0.00188014,0.0041606
0.011936,0.00753983,0.00696785,0.0114398,0.00250009,0.00353754
0.00920391,0.0067751,0.00566,0.00188737,0.00119809,0.000435309
0.00915049,0.00663227,0.00459201,0.00412544,0.000796987,0.00107125
0.013221,0.00670023,0.00797417,0.00966646,0.00246827,-0.000211832
0.00551599,0.00405136,0.00290501,0.0015804,0.00062304,0.00048678
0.00854024,0.00504899,0.00623392,0.00171753,0.000924676,0.000207628
0.00444585,0.00337398,0.00260123,0.00378833,0.00143157,0.000511348
0.00890744,0.00632835,0.00280608,-0.00158965,0.000474879,-0.000943034
0.00744651,0.00522937,0.00331828,0.0043639,-0.000209697,0.000500229
0.00542765,0.0034871,0.00365999,-0.0018359,0.000192101,-1.32456e-05
0.016442,0.0117659,0.00978346,0.00730745,0.000329891,0.000625263
0.0398253,0.0245481,0.019118,0.0214554,0.0335879,1.83446
0.0228326,0.0157622,0.0108356,0.0138789,0.0129264,0.760396
0.00685761,0.00514927,0.00416419,0.000823294,0.000636614,0.000159245
0.00415757,0.00305514,0.00259398,0.00014885,0.000328024,0.000153639
0.0114344,0.00786338,0.0152522,0.026459,0.00545824,0.00505013
0.00662849,0.00464905,0.00530799,0.00574298,0.000516778,0.000785933
0.00937655,0.00644542,0.00417799,0.00285862,0.000974251,0.000315849
0.0127709,0.00922557,0.00598694,0.00492566,0.00122729,-0.000396479
0.0049006,0.00370156,0.00296801,0.00168168,0.00105835,6.32282e-05
0.0185666,0.0129052,0.0104954,0.0146498,0.00144061,0.00106828
0.00946998,0.00667425,0.00422116,0.00467782,0.000566106,-0.00038605
0.00421034,0.0032982,0.00203299,-0.00422061,-0.00037877,0.000364933
0.00731289,0.00545267,0.00310738,0.00391215,0.00134581,0.000162557
0.00447001,0.00325121,0.00220452,0.00523197,0.000547826,0.000233549
0.0181672,0.0125841,0.0118318,0.0419597,0.0104317,0.0269545
0.00870965,0.00654198,0.00251606,0.00345143,0.000272687,-0.000103681
0.00598451,0.00350362,0.00219523,0.000328506,0.00080609,0.000361672
0.00709124,0.00368007,0.00346153,0.00287849,0.00111474,0.0006965
0.00668767,0.00501175,0.00339774,-0.000776431,0.000357969,0.000487415
0.00648991,0.00485778,0.00206339,0.00189396,-0.000171062,-6.73083e-05
0.00754882,0.00523377,0.00564558,0.0026654,0.000856216,0.00103147
0.00971814,0.00499555,0.00518745,0.00704325,0.00336203,0.000200871
0.010247,0.00521096,0.00502542,0.00548865,0.00210192,0.000119282
0.00755745,0.00549942,0.0044244,0.00149364,0.00116383,-0.000581766
0.0096663,0.00665231,0.0057963,0.000866639,0.000879848,0.00047502
0.00778075,0.00541579,0.00300789,0.00145545,-0.000354655,2.92487e-05
0.00720494,0.00535196,0.00300468,0.000752946,7.91677e-05,0.00145326
0.00997462,0.007176,0.0070964,0.00470344,0.00157989,-0.000188198
0.00423389,0.00295233,0.00238448,0.000872429,-0.000685228,0.00010102
0.00627601,0.00441413,0.00289408,-0.000105175,0.000457019,9.93828e-05
0.0221992,0.0102079,0.00925244,0.0124837,0.00409823,0.00952537
0.0220591,0.0103115,0.00923231,0.0148392,0.00438734,0.00927822
0.00690612,0.00480858,0.00493885,0.00389662,0.000865751,-0.000362655
0.00762697,0.00539474,0.00457664,0.00119935,0.000946137,-0.0010545
0.0229799,0.0104897,0.01051,0.00302339,0.000974203,0.000918648
0.0226616,0.0106601,0.0105438,0.00391499,0.000527804,0.000543203
0.0125273,0.00551967,0.00855867,0.0121473,0.00186537,0.00123511
0.0165733,0.00914639,0.00777234,0.00685135,0.000702158,0.000698967
0.00521236,0.00370604,0.00296917,0.000486729,-2.11346e-05,0.000156559
0.00490652,0.00389629,0.00176354,0.0033361,-0.000867441,-9.38619e-05
0.00704963,0.00509906,0.00653627,0.00747778,0.000731602,0.000964171
0.0063124,0.00457278,0.0032344,-0.00178955,-0.000560488,0.000709847
0.00942157,0.00640141,0.00723093,0.00828898,0.00157453,9.75691e-05
0.026926,0.0174543,0.0156511,0.017639,0.00334555,0.00192875
0.00527269,0.0038833,0.00201308,0.00434529,0.000231437,-0.000223463
0.00873508,0.00536377,0.00352091,0.00591808,0.000401789,-0.000384419
0.00728456,0.00452604,0.00287728,0.00646052,0.000571221,-0.00110162
0.00642348,0.00492511,0.00324751,-0.000349173,-0.000418211,0.000987942
0.0186535,0.0100238,0.0130157,0.0144068,0.00430145,0.00267555
0.0112204,0.00801245,0.00659414,0.00964237,0.00171238,0.000785529
0.00653516,0.00481855,0.00388637,-0.000140426,-0.000212346,0.000625338
0.00808376,0.0055111,0.0036403,0.000869572,-0.000218258,0.000120703
0.0108554,0.00773444,0.00255356,0.00018833,0.000557462,-2.20025e-05
0.0169491,0.0116593,0.00580047,0.00820993,0.00120905,-0.000302181
0.00401944,0.00326829,0.00210298,0.00185817,-2.53122e-05,6.77065e-05
0.00990409,0.00724675,0.00456138,0.00137991,5.82905e-05,0.00111226
0.0115792,0.00825498,0.00456025,0.00442767,0.000841102,0.00143292
0.014899,0.00596028,0.00855666,0.00646721,0.00182877,0.000427411
0.0147117,0.00612328,0.00837284,0.00770748,0.00116357,0.000249271
0.00613751,0.00479934,0.00396867,0.00612523,0.000333201,0.00166162
0.00770182,0.00524563,0.00225196,0.00617646,0.000202137,0.000187706
0.014381,0.0103945,0.0100726,0.00428335,0.00112778,2.74893e-06
0.00526863,0.00385813,0.00227091,0.000274854,0.00111936,-0.000122366
0.00640294,0.00470537,0.00413181,0.00307038,0.000790261,-0.000674405
0.0125044,0.00886138,0.00502335,0.00549499,0.00100828,-0.00116332
0.00708998,0.00511699,0.00562692,0.00325985,0.000147493,0.000837489
0.00681763,0.0044196,0.00293722,0.0024115,0.0015229,0.000613399
0.0115642,0.00842307,0.00435041,0.00050781,0.00055193,0.00070713
0.00753728,0.00581183,0.00331585,0.00305149,0.000136762,0.000318525
0.0209773,0.0142477,0.01102,0.00635834,0.00195818,0.00129053
0.00977826,0.00693156,0.010097,0.0101748,0.00253611,0.00111504
0.0379892,0.0150359,0.0163072,0.018204,0.00291763,0.00186616
0.0204877,0.0117056,0.00593597,0.0106738,0.00124453,0.00131295
0.0186604,0.00919905,0.00894716,0.011488,0.0031999,0.00236038
0.00662996,0.00334943,0.00324761,0.000788076,0.000856964,-0.000300072
0.0129132,0.00906025,0.00732462,0.00737871,0.00108057,0.00153673
0.00824639,0.00414307,0.00397831,0.000611807,-0.000293288,0.000851548
0.00831153,0.00412314,0.0039471,-0.000154107,-0.0005825,0.00129106
0.00688635,0.00388471,0.00372107,0.00589908,0.000611049,0.00145987
0.0126138,0.00883,0.00248174,0.00337578,0.00112168,0.000400889
0.0104728,0.00734205,0.00390015,0.00368396,0.000650309,0.00121101
0.0122253,0.00850254,0.00368619,0.00233852,-0.000178078,-0.000150737
0.00998229,0.00754528,0.00580613,0.00710889,0.0023206,0.00137177
0.0053774,0.00413019,0.00187618,0.00365191,-5.40155e-05,-0.000377201
0.012161,0.00847608,0.00700912,0.00247291,0.000396498,0.00152948
0.0140649,0.00982647,0.00428577,0.00248462,-0.000171907,0.000420747
0.00576372,0.00405578,0.00296315,0.000176229,9.06774e-05,0.000754477
0.00999976,0.00734132,0.00463641,0.00456519,0.00111,0.00214306
0.0068412,0.00478125,0.00445804,0.00352045,-0.000198352,0.000919253
0.00912261,0.00663543,0.0042799,0.00180076,0.000156292,-0.00108656
0.00462898,0.00337981,0.00235768,-0.00108103,-7.64073e-05,0.000255021
0.00847515,0.00645691,0.00725282,0.0133144,0.000606046,-0.000268765
0.0133913,0.0093144,0.00813381,0.00760134,0.00102739,0.00111254
0.00786797,0.00427299,0.00714672,0.00395588,0.000772527,-5.01923e-05
0.00882662,0.00644749,0.00442965,0.0064594,0.000540489,0.000237075
0.0175483,0.0121875,0.00489079,0.00571317,0.00142348,0.000143658
0.00808683,0.00515399,0.00582826,0.00605349,5.56822e-05,-0.000265215
0.00877759,0.00668608,0.00260814,0.00567232,-5.99056e-05,-2.03073e-05
0.00605321,0.00460317,0.00236883,0.00426559,0.000364187,-0.000617121
0.0151309,0.010293,0.0104047,0.00509822,0.00110052,0.000911193
0.0163761,0.0115906,0.0100607,0.0252637,0.00806078,0.0269169
0.00951597,0.0071834,0.00522496,0.0021111,0.000770286,-0.000517867
0.0200995,0.0121979,0.0182313,0.0168517,0.00506533,0.00170964
0.0251014,0.014539,0.0223171,0.0202326,0.00542332,0.00220619
0.0202487,0.0111735,0.01147,0.0147703,0.00348816,0.00156249
0.0175475,0.0073427,0.00874343,0.0126454,0.00187422,0.00156859
0.0099527,0.00707225,0.00385819,0.00596673,0.000472178,-6.95409e-05
0.00524224,0.00394863,0.00219134,0.0011777,-0.000319913,0.00101346
0.00585458,0.00437217,0.00279927,0.00094157,0.000782242,0.00163758
0.00962989,0.0040894,0.00402481,0.00376513,0.00021278,-0.000394792
0.0178748,0.00641659,0.0104037,0.0089172,0.00104349,-0.000662163
0.0143695,0.00633066,0.00956937,0.0100108,0.000814172,-0.000145455
0.0111417,0.00807828,0.00650139,0.0153846,0.00235818,0.000376479
0.0105684,0.00772905,0.00294282,0.00406664,0.000555692,0.00240956
0.010954,0.00577225,0.00524888,0.0100987,0.00162872,0.00180686
0.0154346,0.0049795,0.00979113,0.01083,0.00146877,0.000599737
0.0140019,0.00943919,0.00536987,0.004499,0.000681604,0.00198093
0.0146269,0.00858197,0.00677088,0.00578507,0.000940965,0.00168365
0.0173129,0.010709,0.00749223,0.00857851,0.000354264,0.000135294
0.0099654,0.00648219,0.00518205,0.00269671,0.000642321,0.00154118
0.00742409,0.0053447,0.00518948,0.00527273,0.00197173,0.000140353
0.00554826,0.00427088,0.00249105,0.000117409,-0.000598062,-0.000305562
0.00410874,0.00312824,0.00250847,-0.000186641,-0.000782692,0.00020531
0.0143415,0.0102084,0.00702616,0.00927397,0.00208599,0.00108142
0.0135729,0.00929158,0.0197264,0.0332108,0.00533371,0.00364265
0.00672121,0.00486529,0.00400074,0.00971788,0.00182088,0.0038819
0.0160331,0.0113086,0.00678089,0.00875186,0.000301143,0.000329682
0.00559491,0.00384589,0.00270541,0.000855303,0.000442916,3.28778e-05
0.0135781,0.008051,0.00578058,0.00743975,0.000674788,-0.000914152
0.0150861,0.00817043,0.00576347,0.00737225,0.000202879,-0.000296117
0.0120776,0.00807058,0.00508239,0.00513073,0.000596204,0.000696547
0.00405212,0.00324645,0.0015404,0.0206382,0.00673183,0.0172133
0.00644021,0.00468231,0.00345669,0.00111631,0.000366249,0.000766621
0.00498168,0.00395923,0.00234811,0.00021924,0.000324167,-3.06941e-05
0.00396672,0.00297346,0.00156774,0.000255616,-0.000728024,0.000345512
0.0182229,0.00877607,0.0156571,0.0203087,0.00464286,0.00767913
0.00812815,0.00611215,0.00333615,0.00345256,0.000536369,0.00106185
0.0158918,0.0105411,0.00693739,0.00587135,0.00142957,0.000849527
0.00931325,0.00586559,0.00327814,0.00259639,0.00160846,0.000792716
0.0284991,0.0186889,0.0121609,0.0103557,0.00349629,0.000834968
0.0107835,0.00792605,0.00550886,0.000964287,0.000484774,2.67673e-05
0.00964612,0.00695374,0.00370973,0.00581109,0.000331927,-0.000539553
0.0058045,0.00455006,0.00161139,0.000944431,0.000203457,-0.000389288
0.0165836,0.0109229,0.00751568,0.00437635,0.001126,-5.76654e-05
0.0167338,0.00954093,0.0125172,0.00535865,0.00108694,0.00132576
0.00707631,0.00404167,0.00510736,0.0101769,0.00699884,0.0131528
0.00632901,0.00353266,0.00261382,0.0189475,0.00819604,0.0212456
0.00589199,0.0043981,0.00250829,9.08183e-05,-0.000144565,0.000844749
0.00993265,0.00384534,0.00526553,0.00432413,0.00264662,-0.000116225
0.0104894,0.00448402,0.00531022,0.00223327,0.00144841,-0.000176728
0.0110237,0.0078994,0.0064538,0.0008332,0.00109882,0.00282044
0.0216638,0.0141821,0.0247667,0.0298781,0.0079856,0.0130647
0.0109307,0.00578272,0.0107429,0.0139922,0.00182584,0.00229552
0.0287374,0.0168397,0.0131273,0.014879,0.00202671,0.00073669
0.0259524,0.0169082,0.0116367,0.012049,0.00161165,0.000499604
0.00653071,0.00445605,0.00210913,-0.000656021,-0.000449499,0.000460736
0.00426634,0.00303911,0.00281496,-0.00222784,0.000411536,-0.000594569
0.021064,0.0144246,0.00488656,0.00807472,0.000764661,0.00143009
0.0392512,0.021127,0.0155563,0.0176521,0.00336638,0.00149968
0.0237741,0.0151197,0.0098291,0.00523626,0.00211107,0.000712298
0.0148649,0.00970783,0.00738385,0.00803676,0.00105534,0.000122055
0.0058843,0.00440293,0.00293089,-0.00227368,-0.000110863,-0.000374752
0.00402817,0.00313303,0.00397851,0.00517592,0.000216384,0.000350361
0.00435556,0.00330188,0.00247842,0.00240835,-0.000526707,-0.00050037
0.0122425,0.00850124,0.00514001,0.00267641,-0.00015233,0.00124071
0.0209899,0.0145809,0.00623278,0.0152636,0.00544091,0.00923895
0.00518337,0.00389067,0.00244832,0.00503598,0.000399709,0.000294552
0.00564613,0.00394177,0.00222763,0.00301651,0.000376049,0.000629875
0.00439008,0.00303434,0.00247275,0.000830554,0.000638934,7.98165e-05
0.0246661,0.0105778,0.011227,0.00996384,0.00188707,0.00184348
0.0346586,0.0198636,0.0137188,0.0171226,0.00405787,0.00192848
0.01057,0.0067466,0.00472277,0.00510897,0.000395842,0.0013797
0.0148538,0.00982281,0.0140523,0.0129748,0.00195369,0.00129593
0.032395,0.0195059,0.0145766,0.0245926,0.00528036,0.00271217
0.0155661,0.0101002,0.00586953,0.0053602,0.000177213,0.000698838
0.00958639,0.00687421,0.00540073,0.00433985,0.000583993,7.84321e-05
0.015317,0.0108914,0.00688987,0.00475506,0.00157348,0.00061129
0.00411972,0.00338221,0.00244906,0.00186278,0.000650941,-0.00115202
0.0180401,0.0126122,0.00543908,0.00597546,0.000865591,0.0016168
0.00961954,0.00499693,0.00387607,0.00644294,0.00141968,-0.000765513
0.00970309,0.00511926,0.00385657,0.00222789,0.00099646,-0.000661915
0.011837,0.00831173,0.0123551,0.0114669,0.00387498,0.0015163
0.0179887,0.00802544,0.00861999,0.0063204,0.000918942,0.000759736
0.0236426,0.0113705,0.0122914,0.0119425,0.00132091,0.000867889
0.00488203,0.00347492,0.00251056,0.0021069,7.88706e-05,0.00175581
0.0102864,0.00627264,0.00574193,0.00434616,0.000477141,0.000764095
0.0069361,0.00317802,0.00361157,0.00343256,0.000250444,-0.00012912
0.0116183,0.00595111,0.00577488,0.00250342,0.00158329,0.000290531
0.0101897,0.00447424,0.00536616,0.00388729,0.00127747,-0.00010703
0.0212729,0.0120166,0.0136784,0.0171467,0.0019486,0.000750754
0.00657258,0.00313793,0.00614507,0.00214057,-0.000209134,0.000893263
0.0145675,0.00796506,0.0109225,0.0080995,0.000664443,0.0028023
0.0238141,0.0163057,0.0103429,0.0121969,0.00349387,0.00114841
0.00642255,0.0045475,0.00286774,0.000322361,0.000102591,-0.00058183
0.0191665,0.0106527,0.00672393,0.00384172,0.00129325,3.30063e-05
0.00639624,0.00496536,0.00322284,-0.000614434,-4.11019e-05,-6.0335e-05
0.00391595,0.00312451,0.00236675,0.00061147,1.30251e-05,-0.00144865
0.00508195,0.00408292,0.00321578,0.00374591,0.00105414,0.00132879
0.0177816,0.0123748,0.00579683,0.00645762,0.000223775,0.000962317
0.013643,0.00934436,0.00703717,0.00761038,0.00141731,0.000922618
0.00622251,0.00429511,0.00560765,0.00844201,0.00112438,0.00104046
0.0104216,0.00772218,0.00401134,-1.19511e-05,-0.000592341,0.000240309
0.0101607,0.00696313,0.0033334,0.00455371,-0.000796927,-0.000670298
0.00901998,0.00669163,0.00598291,0.00644844,0.00195896,0.000156875
0.00760487,0.00547915,0.00227454,-0.000307692,-0.000232799,0.00107119
0.00736519,0.00548691,0.00272804,0.000153517,-6.43295e-05,-5.91159e-05
0.014497,0.00801729,0.0103137,0.0054893,0.00199813,0.000667381
0.00397746,0.003052,0.00220285,0.00244612,6.51302e-05,-0.000685762
0.00583698,0.00430219,0.00245045,-0.000589834,0.00093735,-0.000217612
0.0137621,0.0102039,0.00646822,0.00717602,0.00200776,-0.000893413
0.00611031,0.00429528,0.00302337,0.000890966,-0.000252506,0.000695984
0.0114859,0.00840159,0.0056875,0.00495114,0.000688033,0.000458307
0.0139883,0.00927635,0.0126111,0.0146446,0.0033763,0.000616269
0.00534473,0.00363679,0.00243728,0.00086763,0.000347637,-4.13794e-05
0.0101492,0.00748579,0.00482031,0.0030546,0.001312,0.00146747
0.00966242,0.00375553,0.00397565,0.00722907,0.00304352,0.00462047
0.0097094,0.00520875,0.00380077,0.00618556,0.000844967,0.00213743
0.00752531,0.00499267,0.00990873,0.0124101,0.00211471,0.00240995
0.023063,0.0157807,0.0152556,0.0164748,0.00446165,0.00207208
0.0141647,0.0100925,0.00628762,0.000852313,0.000933161,0.000778555
0.0146597,0.00952501,0.0223161,0.0226289,0.00518192,0.00539248
0.00413612,0.0033034,0.00367005,-0.00185986,0.000515326,0.000615315
0.0154564,0.00704445,0.00519519,0.00456815,0.00164775,0.000246666
0.0149047,0.00709771,0.00660951,0.00727141,0.00169996,-0.000668243
0.019756,0.0100339,0.00979816,0.00922098,0.00160382,0.00239897
0.0164635,0.00741272,0.00951909,0.0070389,0.00031097,0.002691
0.00669626,0.00310094,0.00458716,0.00491743,-0.00059672,0.000110705
0.0042943,0.00294611,0.00329894,0.00219599,4.83122e-05,0.00125024
0.00555455,0.00343662,0.00285092,0.000460082,-0.000246672,0.000874459
0.0119445,0.0052127,0.00524527,0.00348572,0.000743144,0.00133841
0.0102527,0.00526638,0.00466906,0.00425503,0.000481157,0.00023171
0.0257195,0.0177435,0.00945824,0.00452966,0.00117449,-0.000197969
0.00414211,0.00339261,0.00245787,0.00193251,0.000966102,-0.000365377
0.00723887,0.00503118,0.00332924,-0.000312982,0.000338718,-0.000853291
0.00403788,0.00331698,0.00225392,0.000149606,0.000534931,0.00202759
0.00499701,0.00394798,0.0032384,0.00192152,-0.000151316,-0.00146787
0.0100503,0.00742199,0.00922719,0.00534545,0.00177123,0.000257833
0.0160565,0.0110333,0.00642942,0.0072023,0.000786983,0.00128117
0.017994,0.00930601,0.00822984,0.0100949,0.00192292,0.00124443
0.0185619,0.00887886,0.00983892,0.0125515,0.00156046,0.00134312
0.025571,0.0173905,0.00943334,0.00612392,0.00225752,0.000671588
0.0211264,0.0145712,0.00555065,0.0061324,0.00133811,-2.78745e-05
0.0135565,0.0060046,0.00766534,0.00998927,0.00201687,0.00128931
0.0153787,0.00739502,0.0114313,0.0137307,0.00237932,0.00165431
0.0108437,0.00750368,0.00656067,0.0115877,0.00163016,0.000252223
0.0127248,0.00893961,0.012204,0.0161476,0.00205537,0.00256976
0.00811591,0.00542122,0.00381173,0.000890417,0.000525364,0.000813496
0.00884024,0.00645476,0.00315412,-0.00134246,9.72143e-05,0.000479149
0.0200327,0.0104891,0.00954585,0.0168886,0.00202991,0.00605111
0.0126379,0.00854038,0.00794215,0.00713554,0.000256422,0.000560369
0.0111369,0.00763804,0.0045681,0.00225861,0.0012792,-0.000300269
0.0276157,0.0158601,0.00990743,0.0152735,0.00484743,0.000411455
0.0106672,0.00717003,0.00423714,0.00171034,0.000996466,0.00188838
0.0109205,0.00800669,0.00414149,0.00190288,4.28619e-05,-0.000870204
0.00938289,0.00363904,0.00362097,0.00350506,0.00205712,0.00136748
0.0200847,0.0129705,0.00876542,0.0132099,0.00247391,0.00129971
0.00640193,0.00496838,0.00217841,0.00700576,0.00116364,-0.000549134
0.00994263,0.00689036,0.00328018,0.00185668,-0.000185333,-0.000327853
0.0057658,0.00413947,0.0027775,-0.00198573,0.00121115,0.000872778
0.0078968,0.00577009,0.00443677,-0.000365637,0.000348465,-0.000147912
0.0128376,0.00895361,0.00415138,0.00362371,0.000925461,-0.000601768
0.0269552,0.0186684,0.0121651,0.00982756,0.00178123,0.000393545
0.00919278,0.00670751,0.004214,0.00236008,0.00112801,0.000231423
0.00656585,0.00406213,0.00262866,0.00334829,-0.000484094,-0.000168812
0.00812704,0.00540351,0.00457654,0.0120899,0.0018232,-0.000222677
0.00976384,0.00697201,0.00266763,0.00883189,-0.000126875,1.17585e-05
0.0104957,0.00510767,0.00495466,0.00424727,0.000953071,0.000376419
0.0150544,0.00820113,0.00691822,0.00710794,0.00112829,-0.000597887
0.0127423,0.00855198,0.00504185,0.0028783,0.00123812,-0.000457083
0.0170027,0.00845692,0.00801224,0.00770552,0.00210061,0.000267172
0.00638863,0.0043991,0.00309185,0.00287899,0.000295144,0.000198899
0.00770011,0.005512,0.00420437,0.000620746,0.00173843,0.000508468
0.022062,0.0153247,0.010291,0.0156095,0.00380445,0.000770547
0.0130216,0.00889327,0.0058271,0.00543598,0.000131408,0.000496593
0.0103251,0.00610462,0.00511409,0.000143873,-0.000516586,-0.000304055
0.0180081,0.0127022,0.00985232,0.00712403,0.00287112,0.000772504
0.00653476,0.00448089,0.00364868,0.00347461,-0.000219822,-0.000280338
0.0192622,0.0126661,0.0083451,0.0114628,0.00144366,0.000406558
0.012287,0.00841869,0.00458763,0.00757201,0.00226236,0.000632409
0.0187939,0.0128459,0.00800071,0.00560072,0.000839452,0.00137334
0.00668282,0.0046051,0.00448892,0.00397919,0.0014586,0.000830699
0.00987979,0.00755651,0.00461779,0.00583608,0.00131576,2.6064e-05
0.00809152,0.00607566,0.00232944,0.00162794,0.00126656,0.00114407
0.0141294,0.00836981,0.0047096,0.00792632,0.00146363,0.00189156
0.0234823,0.00995461,0.00795561,0.0114181,0.00161107,0.00171819
0.0205805,0.00989185,0.00672954,0.0115487,0.00135841,0.000877178
0.0135455,0.00956295,0.00515763,0.0051531,0.000147635,-0.000325638
0.00398188,0.00321272,0.00220081,0.000459486,-0.000212457,-0.000609993
0.00397231,0.00321492,0.00209419,-0.00153699,0.00089248,-0.000411436
0.0180201,0.0119967,0.0069982,0.00618674,0.00124217,0.000744426
0.00415079,0.00329148,0.00257023,0.00109437,0.000506955,0.000555013
0.0181095,0.0110242,0.00773142,0.00607217,0.00142868,0.00158552
0.0163224,0.0113418,0.00725719,0.00801845,0.000917483,0.000578676
0.0343037,0.0192396,0.0186289,0.0249324,0.00394329,0.00246715
0.0257541,0.0164053,0.0130386,0.0152059,0.00133661,0.00149547
0.0248791,0.0121348,0.00907808,0.0182415,0.00484124,0.00935442
0.0133196,0.00968719,0.0042609,0.00329736,0.00126349,0.000710046
0.01756,0.012291,0.00807854,0.00507411,0.00102579,0.00228506
0.0106504,0.00786173,0.00470169,0.0177094,0.00696871,0.0141348
0.0209025,0.0127934,0.00715765,0.00723635,0.000933915,0.000790127
0.0152818,0.0105272,0.00598895,0.00810329,0.00262102,0.00220904
0.005375,0.00404986,0.00266498,0.00380587,0.00196461,0.00059665
0.0184766,0.0129816,0.00497413,0.0114726,0.00279778,0.00114387
0.00400446,0.00292195,0.00227211,-0.00456698,0.000212704,-0.00108813
0.0111053,0.00759462,0.00332586,0.00183864,0.000234742,0.000426889
0.0259179,0.0171199,0.0118206,0.00935324,0.00272407,0.00211654
0.00531552,0.00371718,0.00329213,0.00302943,-0.000770393,0.00039624
0.00806627,0.00608071,0.00559899,0.00565592,0.00102365,-0.000167916
0.0114236,0.00724675,0.00466248,0.00291849,0.00148379,0.000193132
0.0135192,0.00724679,0.00489115,0.00221819,0.000440016,0.000411404
0.00843674,0.00572845,0.00325534,-0.000783716,0.000851265,-0.000405617
0.0162955,0.0095205,0.00746152,0.00341062,0.00137139,0.000577985
0.0156119,0.00953132,0.0070811,0.00221153,0.000318748,0.00131414
0.0100627,0.00730171,0.00463141,-0.00015596,0.000354288,0.00121059
0.0122629,0.0087397,0.00549313,0.00555859,0.0020893,0.000860868
0.0429442,0.0280052,0.0188174,0.0176714,0.00362614,0.00251798
0.00421694,0.00309713,0.00313741,0.00339403,-0.000923484,0.000136192
0.0145462,0.00840268,0.00591764,0.00456962,0.00156827,0.000902917
0.0129847,0.00551474,0.00668911,0.00406306,0.00174759,0.00193851
0.00796083,0.00561562,0.00560279,0.00488636,0.000439481,-0.000538834
0.00845013,0.0060503,0.004748,0.00127824,0.000111389,0.00178794
0.015138,0.0102311,0.00559552,0.00518051,0.000137468,0.00146359
0.0044035,0.00321522,0.00287694,-0.000215324,0.0011988,-0.000319384
0.0173293,0.0115517,0.00555559,0.00807885,0.0011449,-0.000409442
0.0266564,0.0177272,0.0109504,0.0113884,0.00198034,1.16842e-05
0.00439369,0.0030355,0.00193908,0.00155843,-0.000187432,-0.00128814
0.0262838,0.0182669,0.0113754,0.00671212,0.00235055,-0.000265614
0.0170713,0.00999859,0.00664784,0.00857585,0.00295455,-0.000897538
0.0162359,0.0100864,0.00664614,0.0100551,0.00231234,-0.00022503
0.0132568,0.00870561,0.00838491,0.0125281,0.00143981,0.00117316
0.00701177,0.00386309,0.00451719,0.00409588,0.000899082,-0.00169364
0.00845487,0.00542935,0.00441563,0.00214538,0.00131145,0.000819845
0.0117754,0.00762578,0.00718791,0.00832442,0.00262555,0.000494577
0.00884423,0.00681493,0.00332155,0.00435023,-0.000538495,-0.000239023
0.00802108,0.00592421,0.00342208,-0.0010704,-0.000115864,-0.00115354
0.00887013,0.00611656,0.00814028,0.0123427,0.00220496,0.000217494
0.00427394,0.00330921,0.00286469,0.00808475,0.00135281,0.00667767
0.00539141,0.00412015,0.00289511,-0.000116752,0.000858933,-0.000106623
0.00436665,0.00316831,0.00145623,0.0151453,0.00514798,0.0166012
0.0217426,0.015779,0.00883185,0.00482764,0.00139977,0.000784719
0.0206107,0.0101216,0.0144907,0.00936818,0.00277904,0.00083612
0.0119932,0.005572,0.00635352,0.00331243,0.000188665,0.000827911
0.00613922,0.00442722,0.00337777,0.00179088,0.000983176,0.000278425
0.0177869,0.0103064,0.00864349,0.0063106,0.00143665,0.00136012
0.00806391,0.00466918,0.00453715,0.00288166,0.00116478,-0.000378539
0.0112888,0.00703467,0.00644451,0.0100492,0.00222553,0.00116667
0.0141114,0.0101706,0.0041904,0.00717633,0.00152902,0.000564095
0.0153054,0.0106357,0.00591105,0.00914768,0.0024086,0.00185235
0.0046744,0.003384,0.0022428,0.000905277,7.8494e-05,-0.000245361
0.0177527,0.0120994,0.00558932,0.00437195,0.000564897,0.00116115
0.0118607,0.00804642,0.0037469,0.00636352,-0.000227937,-1.29358e-05
0.0133091,0.00906763,0.00381417,0.00651263,0.000835765,-0.00053204
0.015118,0.00637351,0.0105934,0.00530424,0.000726468,-0.000331621
0.0152272,0.00643536,0.0105763,0.00756105,0.00024522,0.000241188
0.0165254,0.0110632,0.00550811,0.00515308,0.000892379,-0.00077728
0.0258542,0.0167869,0.0146573,0.0361293,0.0129095,0.0357763
0.00771245,0.00536314,0.0061336,0.00776375,0.00208664,-0.000334178
0.0108795,0.00743382,0.00316166,0.0055123,-0.000120987,0.000219989
0.00843937,0.00448091,0.00537434,0.00256716,0.000961781,-0.00102476
0.0131124,0.00916731,0.00343348,0.00614605,0.00170152,0.00058928
0.00552307,0.00329404,0.00286104,-0.00100404,0.000504775,0.000851071
0.00621077,0.00365657,0.00359113,-2.38793e-05,-0.000467119,9.43329e-06
0.0101388,0.00415111,0.00653317,0.00483076,0.0010635,0.000212691
0.00684636,0.00365866,0.00496966,0.00380612,0.000601885,0.00102729
0.012376,0.00885272,0.0092233,0.0154744,0.00257451,0.00608549
0.00479736,0.00331478,0.00255101,-0.0033286,-0.000235774,-0.00156371
0.0101709,0.00645553,0.0034274,0.00348948,0.000794045,0.000692889
0.0122054,0.00688388,0.00448224,0.00139026,0.000358779,0.000149428
0.00611347,0.00420252,0.00400439,0.0054388,-0.000123824,0.000303132
0.00384528,0.00304207,0.0019542,0.00203384,0.000280627,0.000993282
0.0241266,0.00991505,0.00986537,0.00950068,0.00182075,5.40474e-06
0.00413605,0.00319614,0.00243415,-0.000399966,-0.00105298,-0.000308841
0.0164021,0.0116577,0.00606542,0.00403464,0.000579714,0.0011927
0.00431407,0.00321601,0.0028251,0.00116719,-0.000159477,-0.000298459
0.0121232,0.00829696,0.0101465,0.00977573,0.00128977,0.00140761
0.00424883,0.00309854,0.00288017,-0.00226783,0,-0.000504967
0.00606971,0.0047114,0.00357693,-0.00183015,-0.000456902,-0.000421959
0.0130221,0.00920496,0.00462026,0.00180131,-0.000418338,0.00133977
0.00999713,0.00721363,0.00350992,0.00247721,0.000602293,0.000340049
0.00866433,0.00654561,0.00253534,-0.00022425,0.000977614,0.000372762
0.00472543,0.00357057,0.00338736,-0.000489228,0.000580191,-0.000580417
0.0225044,0.0138995,0.0192999,0.0192439,0.00340643,0.00497846
0.0190622,0.00815535,0.00849778,0.00405452,0.00157565,0.00138074
0.0182402,0.00813861,0.0075476,0.00669772,0.000565893,0.000134323
0.00792472,0.00570148,0.00379127,-0.000968877,-0.000397357,0.00139419
0.00420715,0.00328404,0.00172193,-0.00446218,0.000522414,-0.000697427
0.0142358,0.0101035,0.00744177,0.00999125,0.00112722,0.00186929
0.00734692,0.00537567,0.00282602,0.00117916,-5.75743e-05,7.99661e-05
0.0157016,0.0108162,0.00921826,0.00840636,0.00128915,0.000274765
0.00901948,0.00651281,0.00330857,0.00638961,0.000291246,-0.000437683
0.00485952,0.00343089,0.00263202,0.00232394,0.000348063,-0.000742888
0.0112089,0.00828066,0.00477004,0.00419158,0.000336421,0.00114657
0.00500311,0.00366028,0.00278732,0.00249067,0.000795719,-0.000936036
0.0190237,0.0130998,0.00722699,0.00355566,0.00058912,-0.00116496
0.0118337,0.00825264,0.00724102,0.00499857,0.00183295,0.000949237
0.0167946,0.0115379,0.0105677,0.00659519,0.000977141,-0.000199649
0.00518021,0.00358419,0.003607,0.004951,-0.000424087,0.000834295
0.00557971,0.00402365,0.00357439,0.00273678,0.000209656,-0.000439459
0.0103684,0.00745979,0.00756293,0.005859,0.000326919,0.000792324
0.00405983,0.00342465,0.00745365,0.006652,0.00139043,-0.000121687
0.00773225,0.00533782,0.0039694,0.00363672,0.000679061,0.000196432
0.0100934,0.00672644,0.00354618,0.00337266,0.000460309,-1.46579e-05
0.0152628,0.0103633,0.00529728,0.00667328,0.00242469,0.000104298
0.012574,0.00853709,0.0116934,0.00928902,0.00245981,0.00268021
0.0118005,0.00840341,0.00497655,0.00125493,-0.000761849,0.00107282
0.00589322,0.00388165,0.00343315,-0.00272676,0.000601286,-0.000844724
0.0112838,0.00465825,0.00492647,0.00704241,0.00283981,0.00576092
0.0293918,0.011701,0.0143861,0.0219176,0.00562065,0.0121895
0.0104266,0.0077154,0.00460276,-0.00158497,-0.000721009,-0.00102533
0.0101302,0.00717735,0.00315936,0.0047594,0.00141292,0.000629788
0.015271,0.0103638,0.00427442,0.00269983,0.00131726,0.0015693
0.0344136,0.0180352,0.0140633,0.0166343,0.00345387,0.000860311
0.0360993,0.0180418,0.0143487,0.0161566,0.00419069,0.00177655
0.023026,0.0139463,0.00803779,0.00498277,0.000587035,0.0011175
0.015164,0.00973259,0.00611819,0.00328839,0.000578796,-0.000494117
0.0116413,0.00791023,0.0036088,-0.000405341,0.000335495,0.000376555
0.00991046,0.00660524,0.00462145,0.00365427,0.000576434,-0.000159886
0.00693425,0.00459754,0.00383127,0.00103768,-0.000386077,0.000909015
0.0196838,0.0139843,0.00718777,0.00801275,0.0016068,0.000902503
0.0101363,0.00718726,0.00329583,0.0053367,0.0017546,0.00183168
0.0216084,0.0128426,0.00801946,0.00694295,0.00152988,0.0016563
0.0193052,0.01012,0.00567512,0.00787209,0.000305317,0.000441223
0.0144361,0.0100877,0.00616081,0.0107492,0.00142038,0.00130172
0.0126845,0.00858702,0.00715679,0.00467267,0.000965863,0.0012385
0.00600948,0.00431963,0.00213211,0.00391725,-0.000854454,2.39259e-05
0.00958413,0.00684628,0.00369135,0.00480936,-8.97779e-05,0.000186507
0.00954385,0.00677978,0.00454996,0.00551685,0.000615425,0.000314991
0.0133156,0.00907926,0.0066496,0.00724942,0.0012394,-0.000102742
0.0169951,0.0110086,0.00758089,0.00915228,0.00192708,0.00062139
0.0215852,0.0104232,0.0106344,0.0115995,0.00144031,0.000894441
0.0203986,0.0095512,0.00951669,0.00934479,0.000596824,0.000982855
0.00530539,0.00364108,0.00348833,0.00230331,2.85131e-05,0.000104954
0.0130053,0.00848367,0.00936133,0.0105758,0.00174039,-0.000434143
0.00986478,0.00722779,0.00395236,0.00366272,5.51121e-05,0.00140603
0.0192529,0.0109175,0.00713629,0.0119234,0.00120355,0.00130985
0.0187693,0.0107407,0.00694887,0.0101731,0.00145043,-9.22181e-05
0.0147191,0.0085674,0.00773835,0.0165247,0.00509726,0.0110131
0.02469,0.015481,0.0106773,0.00984465,0.00324196,0.00186174
0.0152272,0.00866547,0.00413178,0.00941887,0.000899566,0.0012958
0.0106296,0.00728607,0.00671277,0.00170231,0.00056501,0.000514884
0.0123403,0.00842263,0.0104326,0.0135071,0.0038444,0.00309754
0.0217221,0.00892238,0.0143485,0.0116509,8.12042e-05,0.00248644
0.022379,0.0088047,0.0146946,0.0139884,0.0011047,0.00194038
0.0143642,0.00845636,0.00670031,0.00377829,0.00125537,-0.000378008
0.0153637,0.00838308,0.00664862,0.00576219,0.00132479,0.000147033
0.00570944,0.00386147,0.00374016,0.00415508,-0.000972465,-3.65898e-05
0.0234521,0.0146902,0.0374906,0.0576188,0.0109541,0.00591081
0.0129859,0.00868725,0.0111627,0.015929,0.00345855,0.00164142
0.00937386,0.00682589,0.00350479,0.00289818,0.00128803,-0.000546974
0.0066856,0.00497832,0.00259716,0.000374694,7.59695e-05,-0.000766232
0.0188494,0.0131812,0.00667989,0.0119034,0.00204566,0.00154145
0.0138716,0.00994741,0.00587805,0.00217436,0.001281,-0.000216392
0.00538859,0.00398373,0.00259838,-0.00224469,0.000276899,0.000418003
0.0103992,0.00742016,0.00463309,0.00996502,0.00384705,0.00699713
0.00447474,0.00311631,0.00181313,-0.00201819,-6.24214e-05,0.00170639
0.00643459,0.00478712,0.00331056,0.00342608,0.000336829,-0.000762775
0.00868603,0.00664335,0.0033879,0.00682033,0.00233997,0.0042695
0.0161273,0.0109342,0.00488439,0.00367073,0.00067569,0.00153921
0.0102028,0.00379021,0.0077239,0.00660833,0.00116511,-0.000564025
0.00849022,0.00368671,0.00638316,0.0075611,0.000238624,4.23295e-05
0.00874242,0.00650889,0.00384254,0.00516041,0.00103591,0.000204681
0.00982795,0.00683443,0.00628508,0.0152914,0.00534536,0.00484372
0.00616428,0.00405775,0.00287995,0.00124448,0.000612575,0.00096648
0.00622562,0.00382197,0.00269639,0.00602204,0.000777648,0.000123995
0.0124153,0.00849101,0.00644877,0.00524493,0.000373442,0.000428301
0.011373,0.00516372,0.00970101,0.00625737,0.0022817,0.00164983
0.0219284,0.0101888,0.0155835,0.0171917,0.0037466,0.00310969
0.0108855,0.00734823,0.00407227,0.00899393,0.00105973,-0.000303544
0.016576,0.0116109,0.00608399,0.0045952,0.000874873,-0.000230329
0.00758158,0.00502196,0.003271,0.00252018,0.00164801,-1.55142e-05
0.0107887,0.0077864,0.00457751,0.00600984,0.0013453,-0.000819155
0.00900599,0.00645501,0.00477161,0.0047135,0.000294318,0.000691394
0.0127684,0.0088871,0.00676017,0.00269077,0.00122282,-0.000753883
0.0220853,0.0122984,0.0109946,0.0145603,0.00208263,0.000767344
0.0103458,0.00729011,0.00418622,0.00269252,0.00126055,9.83525e-05
0.00984047,0.00684241,0.00339001,0.00458321,0.000343985,-0.000348766
0.0142945,0.00813869,0.00968812,0.0109605,0.00360571,0.0011938
0.00930278,0.00595882,0.00483864,0.00106335,0.000136436,6.9419e-05
0.00573439,0.00411286,0.00184805,-0.000662805,0.000996685,-0.0009581
0.012953,0.00888252,0.00570341,0.00558184,0.00176607,0.000693221
0.0129615,0.00889952,0.00657447,0.00428931,0.000499434,0.000855839
0.00612929,0.00344667,0.00396819,0.00454423,0.00139637,-0.000317217
0.00741235,0.00492481,0.00300144,0.00590807,0.00111555,-0.000698824
0.0122835,0.005502,0.00535053,0.00448015,0.00148987,0.000448467
0.0141383,0.0056079,0.00601985,0.00525507,0.00189897,0.000853808
0.010047,0.00497372,0.00408648,0.000949722,0.00175231,0.000294391
0.0227365,0.0113844,0.01005,0.00355614,0.0025929,0.00179459
0.0249094,0.0114574,0.0115344,0.00725008,0.00270142,0.00093626
0.0121855,0.00483588,0.00516839,0.00483377,0.000677812,0.000428574
0.00972103,0.00675564,0.00565204,0.00394048,0.00073545,-0.000568686
0.00948504,0.00679923,0.00188657,0.00377845,0.00161256,0.000161719
0.00560087,0.00403305,0.00300304,0.00171705,-7.46953e-05,-0.00057956
0.0100058,0.00686919,0.0043735,0.00297052,0.00109674,-0.000912644
0.00727442,0.00523335,0.00367906,0.00262833,3.56619e-05,0.000334981
0.0213104,0.0122397,0.00682754,0.00550119,0.000919066,-0.00016404
0.0190888,0.0120987,0.00634295,0.00669183,0.000552853,0.00173466
0.0185479,0.0124837,0.00834267,0.00682405,0.00126796,0.00235002
0.0114602,0.00488941,0.00611653,0.00432701,0.000401186,-0.000605351
0.0147696,0.00490801,0.00849822,0.00974177,0.0016616,8.31331e-05
0.0119203,0.0066362,0.00881471,0.00788658,0.00136143,0.000625751
0.00726705,0.00445879,0.00379609,0.00160348,-0.00057322,0.00153318
0.0149627,0.0103043,0.00508857,0.00335231,0.00207242,0.00101742
0.0203277,0.0144115,0.00912065,0.0063421,0.000483831,6.79228e-05
0.0119156,0.00834603,0.00519782,0.00952191,0.00138944,0.00121544
0.00820938,0.005868,0.00337366,0.00326339,0.000888259,-0.000226229
0.00481039,0.00349633,0.00317642,0.00241523,0.000322721,0.00120223
0.0328438,0.0178787,0.016884,0.0170629,0.00521615,0.00134107
0.0242631,0.0108259,0.0111354,0.00951598,0.00272522,0.000733128
0.00589464,0.00437827,0.00349999,0.0078947,0.000296805,0.000115164
0.0110096,0.00776144,0.00556627,0.00858977,0.00143261,0.000322899
0.00493796,0.00380346,0.00318554,0.00216701,0.000142542,-0.00113394
0.00535017,0.00353081,0.00303966,0.0022036,0.000570026,0.00217643
0.0217412,0.00886413,0.0153204,0.0244377,0.0067785,0.00736361
0.0232116,0.00900954,0.0150907,0.0284128,0.00611576,0.00752269
0.0103692,0.0072989,0.00291813,0.00389629,1.55225e-05,0.000801604
0.0118365,0.00823973,0.00237519,0.00339892,0.00100494,0.000261608
0.0102986,0.00561246,0.00481679,0.00412767,0.000692036,9.69208e-05
0.0141378,0.00817073,0.00568946,0.00250042,0.000388996,-5.03109e-05
0.0132821,0.00927851,0.00622222,0.0103429,0.00159375,0.000687613
0.00924647,0.00603561,0.00347701,0.00214056,1.82471e-05,-0.000220972
0.0109655,0.00726624,0.00562957,0.00518554,0.000277776,0.00150845
0.0109582,0.00782588,0.00371487,0.00087502,0.000836282,0.0011662
0.00552473,0.00417077,0.00358083,0.000774419,-9.14835e-05,0.00104533
0.00810887,0.00562885,0.00652187,0.0106966,0.00131377,0.0018524
0.0102362,0.00402368,0.00614473,0.0165738,0.0058745,0.0151463
0.0133163,0.00747919,0.0108745,0.0301631,0.00913841,0.0249148
0.00589416,0.00420468,0.00207509,5.29038e-05,-0.000332882,-0.001477
0.00891956,0.00621333,0.00393397,0.00304339,0.000903346,0.000793528
0.00646772,0.00426011,0.00299705,0.00181136,0.000357395,-0.000464106
0.0168301,0.0117611,0.00637271,0.00375113,0.000810331,0.00123597
0.0159042,0.0105195,0.0122136,0.00839362,0.00222432,0.00156501
0.0158971,0.00983277,0.010294,0.00662972,0.0015627,0.00148177
0.0194288,0.00878429,0.0108575,0.0126418,0.00297588,0.000502827
0.00788924,0.00398746,0.00442977,0.000784616,0.00108754,0.000866594
0.00614381,0.00384332,0.00308956,0.00221446,0.000703241,-0.000498322
0.00954105,0.00665378,0.00418214,-0.000445647,0.000657349,0.00100549
0.00666103,0.00452243,0.00581292,0.00571863,0.00070712,9.0273e-05
0.00620008,0.00481631,0.00282308,0.00102588,0.000218055,-0.000392271
0.00575616,0.00421905,0.00249316,-0.00243179,-0.000542904,-0.000119296
0.0113508,0.00780985,0.00564394,0.00202345,0.000132623,0.000520412
0.0118807,0.00831938,0.00530952,0.00841172,0.000405795,-0.000883963
0.00846405,0.00590045,0.00375978,0.00295152,0.00050044,-0.000512949
0.0051644,0.00358378,0.00155546,0.00336488,0.000355476,-0.000458236
0.00462454,0.00336202,0.00227062,-0.00279388,0.00108373,0.00185327
0.00553686,0.00380924,0.0021942,0.0255341,0.00938935,0.0251772
0.00884028,0.00603461,0.00715501,0.00664791,0.00107769,-9.70046e-05
0.0178872,0.0124039,0.0121813,0.0163987,0.00381528,0.00213976
0.00740047,0.0039421,0.004163,0.00419669,-0.00020395,0.000327722
0.00540566,0.00387253,0.00240602,-0.0015523,0.000126533,0.000482418
0.0194565,0.00928838,0.00933295,0.0311798,0.00935987,0.0231958
0.0205225,0.00826959,0.010328,0.0342567,0.0102656,0.0239441
0.0212449,0.0104259,0.0200498,0.0324528,0.00473368,0.00359388
0.00976362,0.00594345,0.00437204,0.0064721,0.000506608,0.00138083
0.00544595,0.00419956,0.00242078,0.00333675,0.000343383,-0.000317462
0.0112934,0.00668479,0.00653474,0.0105176,0.00100239,0.00206892
0.0116973,0.00670726,0.00649918,0.00802189,0.000692354,0.00233762
0.00500523,0.00349659,0.00280815,0.00541971,0.000958986,-0.000146141
0.0171119,0.00941588,0.0125992,0.012084,0.00239216,0.00312555
0.0185328,0.00931432,0.0133484,0.0131091,0.00353647,0.00334812
0.0217127,0.0146395,0.00716903,0.00927561,0.00137616,0.00215391
0.0117504,0.00865286,0.00595268,0.00729951,0.00146419,0.00166587
0.00455645,0.00324615,0.00305588,-0.00144113,0.000166117,0.00121176
0.0162958,0.0114794,0.0056539,0.00456135,0.000339832,0.000617746
0.0209321,0.0128723,0.00923214,0.00721049,0.00160292,0.000437361
0.0155861,0.00735006,0.00789374,0.00712596,0.00194408,0.000673531
0.00735107,0.0049885,0.00599424,0.0017467,0.00113091,0.000869403
0.00763527,0.00548131,0.00242425,0.00311905,0.000984845,0.000680552
0.00586647,0.00410769,0.00329878,0.00300578,0.000821742,-0.000655084
0.0039484,0.00304903,0.00249708,-0.000354039,-0.000688291,-0.000470839
0.0315157,0.020731,0.0104163,0.0187758,0.00320257,0.00114844
0.00563115,0.00392833,0.00213928,-0.000386749,0.000131969,-0.00049407
0.00419927,0.0033041,0.00105832,-0.00013236,-0.00016102,-6.1653e-05
0.00773117,0.00541431,0.00367281,0.000403633,0.00056362,-3.62284e-05
0.00525452,0.00375549,0.00519862,0.000582409,-0.00045029,0.00118242
0.00933233,0.00643271,0.00763766,-3.98138e-05,-0.000122945,-0.000248041
0.00882348,0.00651115,0.0059988,0.0123145,0.00367893,0.00476264
0.0137386,0.0101228,0.00442271,0.0017581,0.00111706,-0.000525352
0.00435798,0.0030831,0.00245111,0.000207408,0.000394715,-0.00124963
0.0076739,0.00537269,0.00450665,0.00302494,-0.00013401,0.00183952
0.0177098,0.011926,0.00519441,0.00779521,0.00121186,0.000537522
0.00593027,0.00416783,0.00437915,0.00527861,0.00096495,0.00223025
0.0147564,0.00581148,0.00794785,0.0135683,0.00331184,0.00165228
0.0173054,0.00953066,0.00723603,0.00914167,0.00147686,0.0009166
0.00558182,0.00379626,0.00193105,0.00345688,0.000322668,0.00053158
0.0328508,0.0125182,0.0156962,0.0240936,0.00443933,0.00344489
0.031096,0.012325,0.0183327,0.0200345,0.00407781,0.00204824
0.00514723,0.00372974,0.00203153,-0.000753363,0.00102343,-0.000221662
0.0120416,0.00834749,0.00344243,0.00589782,0.000149804,0.00127558
0.00751256,0.00558598,0.00279528,-0.000705168,-0.000416631,0.000648456
0.00669944,0.00474474,0.00386877,0.00222035,0.000137867,-0.00125637
0.00902091,0.00616594,0.00626683,0.00736867,0.00125758,-2.60274e-05
0.00855664,0.00571588,0.00379333,0.00216084,5.22171e-05,0.000400091
0.0136874,0.00644018,0.00750295,0.00406135,0.00178672,-0.000235091
0.0138905,0.010109,0.00718431,0.0074088,0.00222096,0.00143434
0.0198863,0.0136744,0.00744558,0.0121179,0.00190103,0.00218315
0.00849121,0.00596243,0.00290012,0.00305324,0.000631227,-0.000628113
0.00829183,0.0060526,0.00195961,0.00091822,1.147e-05,0.000506819
0.0224328,0.0140694,0.0109383,0.00582359,0.00172835,0.00029637
0.0262429,0.0106508,0.0134413,0.0195208,0.00401002,0.00305908
0.0260987,0.0107922,0.0131579,0.0195894,0.00379413,0.00240805
0.0108011,0.00654255,0.00446685,0.00477066,0.000696501,0.000803853
0.00904473,0.00654545,0.00372113,0.00213623,0.000541544,-0.000330681
0.00653852,0.00352394,0.00367352,0.00380407,0.000306621,-0.000438237
0.00746897,0.00412144,0.00418476,0.00631456,0.00090932,0.000656538
0.00531935,0.00350676,0.00442114,0.00270221,7.68454e-05,0.00150075
0.00904972,0.00617915,0.00497754,0.0065661,0.000396897,-0.000606006
0.0043161,0.00307477,0.00374113,0.00124411,0.00029044,-2.75417e-05
0.0118713,0.0062727,0.00510952,0.00526542,0.00118847,0.000966343
0.0121522,0.00916885,0.00348299,0.00508272,1.85696e-05,0.00103216
0.0135609,0.00956676,0.0039863,0.00587776,-0.000439629,0.000328844
0.0391032,0.0238739,0.035332,0.0390364,0.00910106,0.00331704
0.010246,0.00699786,0.00321862,0.00171713,0.000516955,0.000913758
0.00584736,0.00378223,0.00273591,-0.00324168,0.000728798,0.000926166
0.0328882,0.0152684,0.0136851,0.0291738,0.00836536,0.00802724
0.0365165,0.0189977,0.0195098,0.0371799,0.0103359,0.0187655
0.0128937,0.00846782,0.00511571,-0.000902121,0.000779025,-2.40032e-05
0.0145666,0.00833576,0.00705529,0.00916902,0.00231052,0.000490103
0.0170154,0.011392,0.00495129,0.00650307,0.00146149,0.00110212
0.00707802,0.00397416,0.00289744,0.00367664,-0.000394575,-0.000859257
0.0140031,0.00966305,0.00528416,0.00110821,0.00178057,0.00141284
0.00803723,0.00569757,0.00232989,0.000755345,-0.000438804,-0.000551278
0.0102149,0.00673238,0.00254442,0.0197212,0.00847534,0.0202391
0.0066559,0.00473571,0.00540483,0.0080859,0.00135053,0.000427974
0.00702111,0.00488177,0.0049941,0.00425681,0.00105714,-5.50252e-05
0.00877453,0.00597487,0.00504232,0.00292562,0.000643437,0.000715937
0.015845,0.0103917,0.00727403,0.00859014,0.00160608,-0.000332517
0.0111934,0.00647254,0.00449335,0.00775676,0.00155257,-0.00078699
0.00736109,0.00496281,0.00327726,0.00392759,0.000235771,0.00114806
0.0121206,0.00845584,0.00970696,0.00767992,0.00206312,0.00153569
0.0452325,0.027442,0.0183337,0.0161088,0.00328994,0.00259791
0.00681551,0.00426796,0.00255472,0.00207914,0.00019205,0.000628439
0.0150599,0.00666604,0.00756327,0.0069548,0.00106183,0.000841155
0.0065645,0.00497498,0.0028756,-0.000964843,-0.000221054,0.000470947
0.00730104,0.00491078,0.00286008,0.00215031,-0.00038874,0.000547976
0.0122283,0.00638297,0.00548362,0.00323849,0.00044837,-0.00134164
0.00866747,0.00344864,0.00515903,0.00815145,0.00126542,0.000116058
0.00908383,0.00343393,0.00547431,0.0072062,0.00110278,8.53597e-05
0.00735857,0.00510894,0.0032406,0.00320007,-0.000379411,-0.000814945
0.0561543,0.0277567,0.0450254,0.0644431,0.0136714,0.00566754
0.0512552,0.0241407,0.0354459,0.0396354,0.0073393,0.0025448
0.0116937,0.00807235,0.00400729,0.00316487,0.001075,0.00120535
0.00567751,0.00410962,0.0036112,0.0016881,-0.00021671,-0.00111799
0.0160924,0.00838662,0.00868374,0.0113765,0.00306207,0.00185026
0.00571784,0.00424565,0.00506291,0.00615234,0.000754451,0.000249124
0.0161047,0.0112232,0.00797767,0.0113877,0.00118995,0.000900874
0.0152654,0.00985021,0.00778954,0.00720954,0.00117005,0.00145778
0.0241389,0.0133312,0.0157952,0.0153956,0.00210595,0.00225301
0.0106471,0.00370623,0.00518275,0.00829435,0.00136885,0.000740664
0.00708932,0.00511535,0.00434149,0.00189176,-0.00094456,0.00102346
0.00754238,0.00517877,0.0032598,0.000565404,-8.81264e-05,-0.000342392
0.00635209,0.00464442,0.00565736,0.0101836,0.00140176,-0.000859176
0.0135958,0.00949001,0.00742832,0.00674406,0.00201824,0.00115703
0.0136504,0.00924337,0.00566453,0.00409064,0.000594745,-0.000256012
0.0109619,0.00721491,0.00430624,0.00639416,0.000778932,-0.000711819
0.0274421,0.0129229,0.0147908,0.0175213,0.00473311,0.0023869
0.0313241,0.0135983,0.0172972,0.0185543,0.00432099,0.00229833
0.0103521,0.00705372,0.0032649,0.00367447,0.000410139,-0.00101409
0.0205466,0.0139391,0.00745334,0.01279,0.00120858,0.000944659
0.00747749,0.00529512,0.0044569,-0.000504854,0.000690197,0.000267099
0.00428235,0.00325482,0.00211527,-0.00042267,-0.000212014,-0.000176301
0.0151413,0.0106833,0.0058811,0.00661361,0.000921639,0.000807043
0.00850091,0.00580094,0.00590439,0.00582626,0.00198263,0.00067693
0.00847866,0.00581977,0.00371296,0.00492388,0.000346029,-0.000378129
0.0102742,0.00704808,0.00381448,0.00510426,0.000532434,-7.7294e-05
0.00496796,0.00327262,0.0022855,0.00541855,0.00336865,0.00759771
0.00528189,0.00383331,0.00172161,0.00508465,-0.000550817,-0.000375979
0.00688971,0.00496949,0.00384819,0.00236833,5.61795e-06,-0.000208136
0.0317042,0.0151728,0.0172179,0.0229047,0.00495423,0.00108609
0.00713042,0.00529059,0.00302283,0.000882103,-0.000414792,-0.000829435
0.00601343,0.00455445,0.00267955,-0.000243648,0.000109226,0.000773532
0.0162293,0.010938,0.00646509,0.00806906,0.00217997,-0.000188088
0.0041748,0.00314133,0.00221979,0.00261306,0.000411431,0.0013343
0.020447,0.0087276,0.00724908,0.00787551,0.00141632,-0.000657843
0.0184455,0.00726801,0.00612275,0.00676407,0.000870611,0.000322419
0.0234941,0.0160044,0.0147134,0.0180616,0.00468027,0.00180767
0.0110519,0.00801141,0.00515642,0.00187327,0.0011968,0.00168772
0.00805002,0.005888,0.00294203,-0.000195668,0.000677704,0.000187725
0.0134772,0.00629897,0.00596087,0.00598251,0.00166344,0.000935712
0.0194066,0.0129393,0.00748819,0.00429223,0.00221454,4.02824e-05
0.00940895,0.00652637,0.00388963,0.00341361,0.000495035,-0.000325278
0.00793455,0.00550222,0.00334353,0.0038697,0.000469409,0.000553937
0.0104211,0.00469216,0.00444306,0.0049297,0.000586737,0.00190981
0.0128284,0.00708194,0.00412648,0.00806007,0.00289432,0.00756487
0.00849464,0.00549074,0.00338298,0.0231026,0.00902329,0.022202
0.00741247,0.00544953,0.00213704,0.001833,0.00095654,-0.000732705
0.00674342,0.00488185,0.00574123,0.00464505,0.000433071,7.46325e-05
0.0172776,0.0118605,0.00533707,0.0108968,0.00105323,0.0022068
0.00458456,0.00321078,0.00348724,0.00400218,0.000946821,0.0013727
0.0166839,0.0117335,0.00794334,0.0115763,0.00153774,0.00142748
0.00743284,0.005329,0.00338683,0.00356927,-0.000273233,-0.000445853
0.00918224,0.00634317,0.00502533,0.00668552,0.000232321,0.000432297
0.0155799,0.010657,0.0065182,0.00525152,0.00137251,0.000696918
0.0192218,0.0127161,0.0135511,0.0243961,0.00624522,0.00913158
0.0104971,0.00713287,0.00430243,0.00778841,0.00200444,0.00299535
0.011908,0.00717301,0.00428265,0.00844471,0.00276783,0.00248531
0.011408,0.00750852,0.00781034,0.00392945,0.00111694,0.00144441
0.0184963,0.0117891,0.0152498,0.0203166,0.0035664,0.000153136
0.014953,0.00781152,0.0132552,0.0131525,0.00280948,0.00295724
0.00938966,0.00671978,0.00360178,0.00535974,0.000584759,0.00111487
0.0129048,0.00915279,0.00369267,0.0131474,0.00222264,0.00657692
0.00769515,0.00561812,0.0040478,-0.00439703,-0.00040808,0.000306129
0.00473371,0.00366574,0.00256991,0.00302766,0.000801778,-0.00141415
0.0108125,0.00778724,0.00571743,0.00295682,0.00133976,-8.79623e-05
0.0150677,0.0106791,0.00589218,0.00702579,0.00266148,0.000348199
0.0180392,0.0115931,0.0201607,0.0246535,0.00502094,0.00149242
0.0118215,0.00824285,0.00479099,0.00310715,9.42181e-05,0.000170736
0.0190553,0.012441,0.00752263,0.00972541,0.00283772,0.00172046
0.0112351,0.00486921,0.00420743,0.00562095,0.00165313,0.000544712
0.00957515,0.00637966,0.00494797,0.00421797,0.0015552,0.000705494
0.00576548,0.00401102,0.00225224,-0.000519545,0.000928755,6.40978e-05
0.00497745,0.00294767,0.00263908,-0.0025431,0.00083381,0.00160511
0.012873,0.0087599,0.00773897,0.00695423,0.00282447,0.00233795
0.0145669,0.00996268,0.00525709,0.008133,0.00143573,0.00170453
0.030564,0.0202337,0.0102404,0.0131441,0.00450375,0.00332044
0.00708205,0.00493051,0.0037677,0.00541836,-0.000790473,0.000647749
0.00459082,0.0032137,0.0020891,0.00410694,-6.90895e-06,-0.000144405
0.0196071,0.0134898,0.00771666,0.00830054,0.00150661,0.0013311
0.0184319,0.00766779,0.0101234,0.00836017,0.00187686,0.00127562
0.0331332,0.0126275,0.0160881,0.0161209,0.00398556,0.00235633
0.0500965,0.0176132,0.0193099,0.0226966,0.00512662,0.00238355
0.0449814,0.0185966,0.0152216,0.0182873,0.00299127,0.00216103
0.0119277,0.00588867,0.00488146,0.00423636,0.000343186,0.000612186
0.004485,0.00308252,0.00245633,0.0038336,0.00134708,0.00213564
0.0092501,0.00656224,0.00429631,0.00364708,0.000873423,-3.51966e-05
0.00818096,0.00566668,0.00386808,0.000560373,0.000903522,0.00158844
0.0130018,0.00867214,0.00689546,0.0108137,0.000776659,0.00133429
0.0122089,0.00884913,0.00521764,0.0030979,-4.06705e-05,-0.000127981
0.0116141,0.00676358,0.00406964,0.00517507,0.00148272,0.000880442
0.00884117,0.00443529,0.00336273,0.00353728,0.00133697,-0.000488356
0.0156824,0.00889865,0.00937341,0.00806412,0.00291748,0.00183335
0.024423,0.0133854,0.0124368,0.014112,0.00367519,0.00194736
0.00729234,0.00542813,0.00543718,0.00129857,0.000651936,0.000791235
0.0128597,0.00919578,0.00511173,0.00707299,0.00124796,0.000147641
0.00646115,0.00474338,0.00325599,0.000685217,0.000217496,-0.000893148
0.00889743,0.0063359,0.0034328,0.00259711,0.000335759,0.00070654
0.00786747,0.00500859,0.00393628,0.0150083,0.00241207,0.00792375
0.0102146,0.00697495,0.00385457,0.00475653,0.000546443,0.000430301
0.0132386,0.00886615,0.0069688,0.00505219,0.00225401,0.00060406
0.0123625,0.00821113,0.00566757,0.00562808,0.000958535,0.0010124
0.00556192,0.00370147,0.00354964,0.00158293,-0.000123639,5.53323e-05
0.00552436,0.00357097,0.00328433,0.00146838,-0.000570556,0.000399807
0.00506869,0.00367612,0.00197674,0.00291503,0.000543311,0.000546684
0.00919397,0.00543938,0.00647181,0.00279818,0.000551632,0.000394749
0.0119126,0.00829872,0.00452105,0.00141221,0.00193853,0.00145951
0.0158464,0.0108539,0.00599271,0.00337049,0.000625193,-0.000103571
0.00536473,0.0036383,0.00298651,-0.00196265,0.000584052,-0.00069473
0.0124568,0.00834601,0.00562608,0.00465837,0.00092851,0.000713777
0.0117653,0.00580243,0.00555245,0.00690051,0.00171278,0.000335203
0.0111316,0.00444391,0.00510804,0.00561642,0.0015179,0.000479703
0.0133005,0.00931205,0.010651,0.0188804,0.00373986,0.0100812
0.0184291,0.0127713,0.00454799,0.00629683,0.00051208,0.000863473
0.0110278,0.00431502,0.0048468,0.00345359,0.00100009,0.000209845
0.0167372,0.00710105,0.00700991,0.00784934,0.00140275,0.00037992
0.00771893,0.00525164,0.00288279,0.00212147,0.000153707,-0.000156012
0.0125834,0.00872044,0.00519405,0.00559392,0.000272683,0.00236976
0.00672652,0.0047515,0.00272207,0.000479298,0.000138671,-0.000225176
0.00406692,0.00298193,0.00359215,0.00551359,0.000161365,0.000886657
0.00690391,0.00516439,0.00497651,0.00614329,0.00016356,0.000624667
0.00587578,0.00418078,0.00265592,0.00340939,0.000593553,-0.000172064
0.00632561,0.00293976,0.00336203,0.00112717,0.000855096,-0.000735847
0.00666843,0.00310501,0.00298045,0.00347336,0.000793565,-0.000603892
0.00698843,0.00341566,0.00320377,-8.49796e-05,0.000850145,-0.000157609
0.0134095,0.00860897,0.00509306,0.00405599,0.00133376,0.000404987
0.0104693,0.00728824,0.004109,0.00104324,0.000804062,0.00201951
0.00465049,0.00348671,0.00117599,3.24402e-06,-0.000504891,0.00128329
0.00704524,0.00522066,0.00179191,0.0265701,0.0122495,0.0374625
0.00661172,0.00483509,0.00369132,0.00859211,0.00115733,0.000398812
0.00548553,0.00416661,0.00301812,0.0023195,4.78416e-05,-0.000175157
0.00580536,0.00431481,0.00261287,-0.00161807,3.98594e-05,-0.000961275
0.0138566,0.00912003,0.0053917,0.00371703,0.00198553,7.55224e-05
0.00842721,0.00595743,0.00526788,0.00240198,0.00121676,3.26299e-05
0.0139222,0.00941435,0.0101363,0.0126817,0.0022999,0.00159871
0.00847571,0.00562836,0.00300915,0.00423561,0.000243698,-0.000988367
0.00406511,0.00308367,0.00536752,0.0216807,0.00712289,0.0167389
0.0105683,0.00757221,0.00286043,-0.000248767,0.00046735,0.00165481
0.00985968,0.00705315,0.00440129,0.00337613,0.000625013,0.00165528
0.0054818,0.00407756,0.00321927,0.000117847,0.00020181,-0.00157639
0.0125866,0.00865554,0.00575597,-0.000885324,0.000352557,0.00168574
0.0119191,0.00828625,0.00426928,0.000308729,0.00086212,0.000598089
0.013345,0.00521188,0.00701147,0.0147158,0.0058779,0.0131445
0.0136356,0.0051898,0.00713383,0.0154743,0.00553688,0.0111516
0.0102506,0.0069994,0.00390745,0.0149033,0.00393544,0.00810467
0.00400823,0.00303301,0.00214763,0.000530443,5.23747e-05,0.000379507
0.00643038,0.00444953,0.00405075,0.000933922,7.58757e-05,-0.000200803
0.00947057,0.00578903,0.00930507,0.0120559,0.00403209,0.00192955
0.0191489,0.0121445,0.0191008,0.0224341,0.00539407,0.00349809
0.0070472,0.00420245,0.00285651,0.00449459,0.000887712,0.00123404
0.0103247,0.00740989,0.00565827,0.00195137,0.000914971,0.00101639
0.0177462,0.0104221,0.0111847,0.0301239,0.0111774,0.0232389
0.0274617,0.0111402,0.0186209,0.0358703,0.0105693,0.0174002
0.0259848,0.0106303,0.0127153,0.0161732,0.00234236,0.00210362
0.0134692,0.00925503,0.0061219,0.00962415,0.00164412,0.000828773
0.00803721,0.00524502,0.00429655,0.00534918,0.00190885,0.00100847
0.00552898,0.0038733,0.0102201,0.0124568,0.00143566,0.000335132
0.0140294,0.00990543,0.0085964,0.00728186,0.000322726,0.000365818
0.011494,0.00436598,0.00644982,0.0020785,0.00100445,-0.00127489
0.00794521,0.00363123,0.00580215,0.00403834,0.00169962,-0.00105095
0.00597099,0.00346349,0.00304282,-0.00114875,1.46622e-05,-0.000308339
0.0111652,0.00771798,0.00353767,0.00347911,0.000568541,0.00100672
0.00906849,0.00638032,0.00152704,0.00417856,0.000374144,-0.000900135
0.00442447,0.003399,0.00482205,0.00226353,-0.000392712,-0.00120503
0.0121088,0.0072965,0.00474676,0.00420377,0.00135927,0.000660256
0.00868464,0.00611593,0.00354581,-0.00077059,-0.000177975,-0.00043962
0.00762456,0.00442442,0.0041303,0.00212639,0.000856828,0.00135837
0.0229496,0.00961811,0.010963,0.00517538,0.00205443,-7.88412e-05
0.0138732,0.00505798,0.00697817,0.00763715,0.00178706,-0.000587548
0.0137451,0.00627588,0.00887431,0.00805308,0.00203556,0.00153157
0.0140207,0.00986872,0.00843184,0.00770021,9.50258e-05,0.000355781
0.00759343,0.00481388,0.00419886,0.00283216,0.000748681,0.00064023
0.0149309,0.0107872,0.00632546,0.00960181,0.00109361,0.00169824
0.00665133,0.00473088,0.00512151,0.00636895,0.00147894,0.000903023
0.0066717,0.00467712,0.00268635,-0.00265647,0.000460995,0.000169365
0.0152731,0.0108521,0.00512782,0.00547847,0.00113853,-0.000621205
0.0207199,0.0144625,0.00643565,0.00815719,0.000792395,0.0014482
0.0092606,0.00644847,0.00634445,0.0064584,0.00214375,0.0010522
0.0160299,0.00674488,0.00841086,0.00539524,0.000500961,0.000344149
0.0156343,0.00680802,0.00827072,0.00514456,1.50336e-06,0.00115824
0.00502715,0.00339481,0.00265094,-0.00265665,-0.000153678,0.000173656
0.0129594,0.00933119,0.00407383,0.00399249,0.000810617,0.0013732
0.00515782,0.00321576,0.00388683,-0.00180042,-0.000704241,-0.000165539
0.00548479,0.00413776,0.00180483,-0.000247259,-0.00022379,0.0018859
0.00741061,0.00519371,0.0043674,0.00298265,0.000157586,-0.000143519
0.0113744,0.00793209,0.00495867,0.00310235,0.000197674,0.000459476
0.00752731,0.00551695,0.00302128,0.000464273,0.000489898,0.000476386
0.00769799,0.00480501,0.0044372,0.00429825,0.00103472,0.000400966
0.0214822,0.0142757,0.00845269,0.00858904,0.00270019,0.00201638
0.0080886,0.00541972,0.00281329,-0.000166842,0.00110466,6.45662e-05
0.00575079,0.00368521,0.00265279,0.00292532,-9.2634e-05,-0.000412726
0.00608576,0.00434863,0.00276916,0.000851876,0.000659798,0.000717053
0.00746165,0.00535005,0.00564551,0.00875193,0.00187534,-0.000296819
0.0114008,0.00805498,0.00300301,0.0022258,0.000502563,0.00119433
0.00636252,0.00345543,0.00285036,0.00185888,-0.000616092,0.000427616
0.00827453,0.00439523,0.00350778,0.00269755,-0.000124242,0.000293252
0.0105454,0.00716183,0.0056579,0.00223856,0.00151888,0.00113173
0.0138061,0.00964127,0.00523041,0.00448787,0.00100931,0.00164712
0.00757402,0.0036224,0.00298441,0.00245461,-0.000126452,0.00158928
0.0138746,0.00924401,0.00606259,0.00255642,0.00135205,0.00207619
0.00697855,0.00537051,0.00351496,0.00038315,-0.000854424,0.00087417
0.00426957,0.00323374,0.00336758,-0.00100545,-5.51761e-05,5.20706e-05
0.0050881,0.00359482,0.00224547,0.000601389,-7.97205e-06,-0.000791227
0.0183574,0.0131744,0.0111953,0.0102726,0.00135493,0.000209357
0.0306862,0.0175685,0.0186345,0.0173515,0.00176456,0.000693077
0.0155424,0.00640004,0.00879613,0.00895076,0.00255975,0.000722937
0.0074605,0.00493716,0.00238567,0.00474779,0.00053072,0.0014771
0.00926071,0.00615943,0.00373438,0.000302988,0.000773725,0.00258929
0.0146131,0.0110457,0.00542864,0.00671526,0.00179113,0.000213478
0.00569863,0.00417991,0.00341044,0.00522683,0.000779172,0.000991728
0.00644183,0.00454487,0.00366799,0.00605692,0.0016982,0.000803436
0.00973981,0.00705348,0.00440678,0.00589641,0.000754281,0.000798741
0.0134622,0.00868988,0.00578442,0.00654609,0.00116125,0.00147992
0.0115841,0.00758151,0.0050701,0.00526494,0.00137351,0.000622431
0.0121845,0.00781241,0.00476391,0.00408007,0.00124876,0.00226015
0.00875701,0.00525431,0.00339703,0.00294309,0.000129917,0.000553594
0.00546832,0.00397787,0.00230789,0.000535184,0.000199982,0.000199874
0.0114265,0.00782925,0.00474778,0.00210381,0.000623331,0.000813724
0.0152908,0.0107758,0.00483945,0.00935802,0.00358811,0.00594281
0.00803904,0.00603898,0.00581063,0.0017596,0.000309463,-0.000191225
0.00740268,0.00531239,0.00276726,0.00169919,0.000224527,0.00199167
0.00846377,0.00565619,0.00598115,0.00637901,0.0019718,0.00137552
0.00757704,0.00506206,0.00332325,0.00284985,4.49749e-05,-0.000288233
0.0144539,0.00960305,0.00730372,0.00380855,0.00143655,5.66454e-05
0.0145138,0.00776048,0.00844004,0.00845113,0.000561989,0.000283277
0.0179408,0.00767797,0.00895003,0.00601085,0.000657479,0.000483797
0.0177112,0.0121901,0.00819191,0.0146058,0.00292071,0.00728915
0.0119882,0.00783532,0.00708851,0.0266173,0.0115901,0.0289066
0.0133535,0.00690424,0.0116158,0.00905568,0.00201911,0.00324307
0.0126943,0.00673728,0.0112915,0.0104674,0.00136857,0.00206398
0.00567087,0.00429044,0.00378948,0.000493698,0.000773559,0.000989448
0.00483659,0.00342124,0.00237102,-0.00155273,0.000469286,0.00118496
0.006733,0.00481594,0.0127129,0.00885362,0.00150168,-0.00148154
0.00573423,0.00383709,0.00122715,0.00259663,0.00134469,-0.000379071
0.00635361,0.0046195,0.0027487,0.00210143,0.000659204,0.00025693
0.00888611,0.00597687,0.00400939,0.000912273,-2.05332e-05,0.00103772
0.0116967,0.00831665,0.00457203,0.00587373,0.000745972,0.00126369
0.0059808,0.00422968,0.00391974,0.000637204,0.000224037,0.000509218
0.0206582,0.0137031,0.0176282,0.0150325,0.00329639,0.00266998
0.0144003,0.0102258,0.00376615,0.00221587,0.00128336,-0.000394871
0.005986,0.00417533,0.00348574,-0.000466909,0.000799185,-0.000799045
0.00925714,0.00641372,0.00315442,0.00268046,0.000324251,0.000484081
0.00626239,0.0043731,0.00267688,0.00322192,0.000412265,-0.00048025
0.00553255,0.00400324,0.00300712,-0.00262404,-0.000558889,-0.00065835
0.0110294,0.00732522,0.00370215,0.0027739,0.000594585,0.00135861
0.00963074,0.00688344,0.00369726,0.0042282,0.000563589,0.000230692
0.0106401,0.00797176,0.0031372,0.00291469,0.000174759,0.000231423
0.00996872,0.00473743,0.00483333,0.00106409,0.00049346,0.000440898
0.015341,0.00953575,0.00638772,3.38795e-05,0.000102454,-0.000253235
0.00828586,0.005754,0.00405118,0.00691055,0.00177639,0.00212892
0.0112023,0.00769891,0.00471315,0.00730529,0.00104917,0.000171537
0.0094109,0.00665031,0.00270747,0.0036412,0.000253096,6.22608e-05
0.0087921,0.00576747,0.0035072,0.00322695,0.000337797,-0.000742099
0.00505576,0.00377689,0.00257103,0.00315249,0.000444375,0.00167161
0.0152527,0.0107827,0.00421662,0.00360152,0.000893721,-0.000305783
0.00745322,0.00517085,0.00254967,0.00291972,0.000567151,0.000505605
0.00984483,0.00730078,0.00476061,0.00121974,0.000400929,0.000122031
0.00620269,0.00413654,0.00285504,0.00206582,0.000359608,0.00116749
0.0132734,0.00757028,0.00448918,-0.000519564,0.000174026,0.000311636
0.0223391,0.0139149,0.00670248,0.0050246,0.00117824,0.00235595
0.0269463,0.0174255,0.0192788,0.0439621,0.011264,0.0270797
0.0193849,0.0133712,0.00700975,0.00508674,0.000787028,0.000489835
0.00499459,0.00352852,0.0024185,0.0027213,0.000466892,-0.00144442
0.0250931,0.0131608,0.00873785,0.00366437,0.00175527,0.000863525
0.0145875,0.00957992,0.00912631,0.0057095,0.000906665,0.000362517
0.0105422,0.00558276,0.0045472,0.00224787,0.000112807,-0.000149272
0.00634442,0.00314193,0.00300066,0.00250737,0.000817094,-0.000125847
0.00837474,0.00565069,0.00447797,0.00480385,0.000968148,0.00143187
0.0143725,0.00996905,0.0069821,0.00499149,0.00121087,0.000433582
0.00832036,0.00590909,0.00269731,0.00236687,0.00127511,-0.00133056
0.0245979,0.0150529,0.00811184,0.011555,0.00199077,0.000853806
0.0188818,0.0133593,0.00665471,0.00754984,0.0030119,0.000410775
0.00988391,0.00722529,0.00315719,-0.000180386,0.000245828,0.00168521
0.0054612,0.00389241,0.00283053,-0.00292078,0.00027474,1.55084e-05
0.00600409,0.00456524,0.00393388,0.00206128,0.000598799,0.000531088
0.0059269,0.00443982,0.00215321,-0.00477945,-0.000299698,0.000378062
0.00528887,0.00359332,0.00185064,-0.00114322,-0.000492656,0.000259096
0.0122147,0.00548482,0.00448774,0.00605698,0.00189094,0.000429632
0.0173858,0.00550087,0.00693232,0.00700535,0.0020434,0.0010723
0.0132926,0.00539284,0.00566514,0.00233029,0.00109443,0.00158473
0.00791645,0.00569248,0.00308421,-0.00129767,0.000288512,-0.00082615
0.00497853,0.00383515,0.00525397,-0.00113497,0.000376937,0.000436216
0.00722171,0.00532309,0.00311184,-0.00203225,0.000675828,0.000429098
0.0124599,0.00513275,0.00802948,0.000912159,0.00113962,0.000856559
0.0140416,0.00508144,0.00866058,0.00333065,0.00066023,0.00159964
0.00588303,0.00427832,0.00273939,0.00202206,0.000744787,0.000730238
0.0195761,0.0135751,0.00543313,0.00942329,0.00174687,-0.00131915
0.00781831,0.00565749,0.00317389,0.00282876,0.000191513,-0.000101579
0.0122968,0.00893924,0.00354456,0.0029377,0.000944287,-0.00134415
0.0134313,0.00919069,0.00287424,0.00383456,0.00140048,-0.000307886
0.00551642,0.00378481,0.00386047,0.00393595,0.00203959,0.000488985
0.0292403,0.0181835,0.0123245,0.00726851,0.00191197,0.00180557
0.00635361,0.00447393,0.00298995,0.00106458,-0.000557531,0.000643364
0.015294,0.0104879,0.00461814,0.00551219,0.000567634,0.000417486
0.00582145,0.00314058,0.00241032,0.00137429,0.000982708,0.00275083
0.0138199,0.00953874,0.00529596,0.00677257,0.00214574,0.00236499
0.00770905,0.00516406,0.00599052,0.00491965,0.000497367,-0.000810128
0.0159441,0.0103101,0.00718005,0.00154279,0.000685578,0.00113901
0.0183484,0.0113183,0.00997016,0.011172,0.00276032,0.00170461
0.0124909,0.00887064,0.00497412,-0.001848,3.70104e-05,0.000550358
0.0050073,0.00369882,0.00266211,0.000905567,-0.000452078,0.00122239
0.0068827,0.00451859,0.00228546,-0.00106839,-0.000194376,-0.000116744
0.00723174,0.00463801,0.00328352,0.00243486,0.000703071,0.000571294
0.00823769,0.00596143,0.00500284,0.00257183,0.00140707,-0.00039268
0.00452675,0.00313277,0.00328672,0.00132236,-1.60118e-05,0.000523222
0.00471888,0.00345089,0.00252563,-0.00162266,0.000459146,0.000108361
0.0268191,0.0169174,0.0112171,0.0120781,0.00293162,0.00208709
0.0272279,0.0143525,0.0104075,0.0102534,0.00184334,0.0012388
0.0209986,0.0143137,0.00883496,0.00713099,0.00140829,0.00121841
0.0129253,0.0054787,0.00587022,0.00222397,0.00135203,0.001069
0.0203015,0.0112431,0.00829811,0.0166262,0.0037359,0.000209446
0.00852929,0.00585733,0.00474003,0.00240208,0.000343716,-0.000111408
0.00499823,0.0034176,0.00231954,0.00623753,0.000650648,-0.000176708
0.0111488,0.00796422,0.0063609,0.00413769,0.000881786,8.05991e-05
0.00548755,0.00349808,0.00212262,0.000867621,0.00134642,0.000837692
0.0121894,0.00845904,0.00635637,0.00532172,0.00106819,0.000717547
0.0264827,0.0147987,0.0158835,0.0111793,0.00332914,0.00309323
0.0308872,0.014958,0.0176213,0.0143759,0.00314294,0.0034775
0.0108213,0.00412971,0.00612185,0.00859371,0.00118459,0.000458709
0.0138105,0.00671606,0.00647066,0.00589895,0.000644707,0.00106139
0.0131946,0.00689396,0.00600949,0.00509884,0.000334563,0.0013036
0.00956612,0.00688739,0.00349543,0.00286193,0.000842379,-0.00101173
0.00958246,0.00695687,0.00421268,0.00547704,0.00112833,0.00108653
0.00781376,0.00437724,0.0047854,0.00420226,0.000573602,0.00144226
0.00912594,0.00598887,0.00360228,0.000511787,-0.000717863,-0.0012031
0.00735316,0.0052792,0.005991,0.00390463,0.00174562,0.00119829
0.0258269,0.0131283,0.0119292,0.00986679,0.00473233,0.00263884
0.0326013,0.0184375,0.0178536,0.017772,0.00460838,0.00160473
0.0104225,0.00702539,0.00651775,0.0030223,0.000918172,0.000271504
0.0119156,0.00791147,0.00594458,0.0043175,0.00197991,0.00029286
0.0131436,0.0077922,0.0061547,0.0022841,0.00138576,0.000282586
0.00484511,0.00331103,0.00134942,-0.00150741,-0.000894832,0.000228078
0.0111479,0.0077518,0.00545197,0.00412512,0.000636755,0.00047906
0.0193343,0.00848669,0.0098912,0.00554481,0.0026432,0.00117231
0.017968,0.00854841,0.00858771,0.00233346,0.00127388,-3.5527e-05
0.00995666,0.00670314,0.0044768,0.00124552,0.000231331,-0.000781601
0.00979876,0.00685615,0.00452543,0.000732438,0.00078585,-0.000587825
0.0106012,0.00669362,0.00399104,0.00610225,0.000413682,0.000461969
0.0184026,0.0110165,0.00468357,0.00784338,0.00221244,0.00049358
0.0229199,0.0097154,0.01243,0.0107635,0.00339898,0.0014983
0.0128865,0.00845393,0.00405065,0.00584552,0.00187743,0.00190329
0.0066196,0.00488233,0.00620574,0.00766382,0.000554622,1.8678e-05
0.00562549,0.00365784,0.00457177,-0.00346973,0.000217267,0.00152018
0.00609321,0.00403003,0.0033553,0.0011067,0.000184055,0.00129521
0.00527805,0.00375296,0.00263451,0.00232501,0.000125655,-0.00140499
0.0162531,0.00971196,0.00903132,0.0129666,0.00218844,0.000674183
0.0191899,0.0102697,0.0102173,0.0137028,0.00150426,-0.000191965
0.0142182,0.00987625,0.00711333,0.014951,0.00244529,0.000834078
0.00943842,0.00641846,0.00438857,0.00326028,0.000487841,-2.75604e-05
0.010423,0.00524072,0.00406358,0.00722299,-0.0003686,0.000968167
0.0211758,0.0145034,0.0120863,0.0159891,0.00289704,0.00108785
0.00699122,0.00490975,0.00651227,0.00689643,0.0013735,-0.0014175
0.0322098,0.0166272,0.0143667,0.0108646,0.00300079,0.00084535
0.0127482,0.00902576,0.00471434,0.00357139,0.000421829,0.00133511
0.0124327,0.00766697,0.00394602,0.00456516,-2.81273e-05,0.00103448
0.00435361,0.00301841,0.00290496,0.00157003,0.000143754,0.000578582
0.0147395,0.00933705,0.00616655,0.0033412,0.0012301,0.00101283
0.0096272,0.00341387,0.00505868,0.00284732,-0.000291339,0.000721786
0.0212457,0.0147233,0.00685506,0.00392366,0.000456899,0.000568231
0.00688268,0.00522196,0.00536869,0.00651063,0.000555053,0.000147554
0.0102583,0.00727781,0.00522317,0.00398361,0.000968323,0.000445122
0.00757198,0.00356454,0.00371189,0.0095454,0.000258759,0.000638221
0.00880307,0.00504405,0.00346659,0.00506032,0.00101878,-0.000156344
0.0093555,0.00650199,0.00425907,0.00305135,0.000122477,-0.00064071
0.0117178,0.00797597,0.00530328,0.00303668,0.00116457,-0.000198295
0.00666571,0.00479763,0.00328311,-0.0012933,-0.000770932,0.000253008
0.00967652,0.00436413,0.00560167,0.00450672,0.000799408,0.000894689
0.0123205,0.00830312,0.00731655,0.00922877,0.00305104,0.000665227
0.00702029,0.00506365,0.00350438,0.00285777,0.00079118,0.00104575
0.018593,0.0117545,0.0079253,0.0133005,0.00305164,-0.000916285
0.0120159,0.00855335,0.00394194,0.0021465,0.00100264,0.000616299
0.00550597,0.00404319,0.00405702,0.00485303,-0.00015561,0.000544782
0.00922608,0.00639068,0.00437583,0.000358748,0.000478903,0.000203017
0.015878,0.0109414,0.00631012,0.00754448,0.00161908,-7.46249e-05
0.0120009,0.00826253,0.00522549,0.00506605,0.0013985,0.0005759
0.0171327,0.0109211,0.00707697,0.00948686,0.00315435,0.00142969
0.00618211,0.00377971,0.00324039,0.000290459,-0.000861201,-0.000752962
0.0224702,0.0153282,0.00760815,0.00845456,0.00174088,0.000796067
0.0248595,0.0168993,0.0155155,0.0133397,0.0039733,0.00354846
0.00589537,0.00430369,0.0035467,-0.00368057,0.000185526,-0.00196369
0.016373,0.0126795,0.0100938,0.00627354,0.00275695,6.17502e-05
0.0217289,0.0139731,0.0125784,0.00931659,0.00259075,0.000295605
0.0176621,0.011713,0.00601093,0.00630406,0.000464158,0.00225154
0.0118071,0.00789059,0.00317364,0.00217382,0.000699428,0.000890242
0.0100891,0.00698157,0.00508559,0.00354319,0.00147158,0.000706344
0.0124663,0.00842663,0.00803798,0.00807093,0.00155986,0.00143094
0.00472918,0.00313477,0.00288201,0.000773745,0.00070725,0.00184892
0.0220139,0.0113618,0.0245934,0.0210912,0.0050488,0.00349455
0.0114067,0.0080019,0.0085171,0.00920799,0.00133391,0.000597598
0.0199306,0.00911715,0.00875985,0.0143555,0.00130342,0.00111076
0.0203573,0.00854392,0.0088987,0.0129165,0.00146625,0.00087289
0.00941162,0.00687287,0.00301498,0.00329833,3.59965e-05,0.000299159
0.00761118,0.00530426,0.00322696,0.00783894,-0.000841522,-5.63728e-05
0.0126139,0.0085731,0.00608899,0.00505937,0.00120026,0.000660013
0.0195579,0.00853686,0.00799346,0.00888485,0.00203179,0.00142241
0.0184816,0.00840832,0.00748876,0.00936408,0.00145881,0.000699667
0.00768232,0.00526722,0.00230454,0.00227188,0.000849044,6.9724e-05
0.0171279,0.0116047,0.00817079,0.0060123,0.00119325,-0.000296434
0.0102643,0.00722266,0.0120632,0.00733102,0.00209914,0.00061768
0.020234,0.011704,0.0125094,0.0182453,0.00402813,0.000873754
0.00592243,0.00371267,0.00397322,0.0024117,0.000820563,-0.000272788
0.017513,0.0115193,0.00766804,0.00891233,0.00219534,0.00101313
0.0123002,0.00860277,0.00781973,0.0120381,0.00320741,-0.000108822
0.0110035,0.00757075,0.00537319,0.00459324,0.00028858,0.000630386
0.00837745,0.00490006,0.00623733,0.00137083,0.000319408,0.000365128
0.0348092,0.0153499,0.0188761,0.0193324,0.00410055,0.00155371
0.00866991,0.00605592,0.00286607,0.00240637,-0.000133754,0.000502044
0.0064089,0.00461361,0.00409668,0.00292793,0.000599372,0.0024193
0.00715524,0.00496557,0.00152532,5.30783e-05,-0.000247028,-0.000165309
0.00888407,0.00606105,0.00353491,-0.00298507,0.000361249,0.000213088
0.0117344,0.00825338,0.00616254,0.00180258,0.00115926,1.73587e-05
0.00971549,0.00714352,0.00830531,0.00262927,0.000176982,0.000146339
0.0139276,0.00714191,0.00539754,0.00511128,0.000296993,0.000990571
0.0142624,0.00762185,0.00518757,0.00259686,-0.00046928,0.00047872
0.00826279,0.00573866,0.00504901,0.00152118,0.000662251,-0.00112041
0.0128823,0.00889162,0.00475375,0.00433557,-0.000297802,0.000579151
0.0189483,0.0128125,0.0130065,0.0094038,0.00216822,0.000698764
0.00475853,0.00377643,0.0027076,0.00102109,-0.000465258,0.000343799
0.00662683,0.00478043,0.00423136,0.0070366,0.00122978,-0.000262261
0.0195572,0.00990815,0.00781522,0.00937367,0.00240486,-0.000191312
0.022356,0.00964464,0.00826833,0.0138632,0.00136921,-0.000403058
0.00434879,0.00321983,0.0025405,0.000566515,0.000952006,-0.000609619
0.0102035,0.00742081,0.00621258,0.00738737,0.000515164,0.00159621
0.0136554,0.00966054,0.00481006,0.00203802,0.0009658,-0.000907625
0.0132526,0.00796379,0.00993079,0.0134336,0.00106675,0.000132336
0.0104251,0.00372063,0.00657332,0.00581133,0.00100405,0.00136245
0.00903688,0.00365286,0.00569161,0.000224736,0.00106151,0.00162671
0.010588,0.00723922,0.0045297,0.0046265,0.000828236,-0.000650177
0.02213,0.0112123,0.0117976,0.0129882,0.00308827,-5.58381e-05
0.0161934,0.0115377,0.00586323,0.00490774,0.00259022,0.00116644
0.00702405,0.0037651,0.00330356,0.000691379,0.000307638,-0.000306083
0.0218738,0.0126326,0.00799124,0.00611762,0.000327728,0.00185919
0.0165902,0.00585519,0.00681874,0.000629391,0.000643547,-0.000329587
0.00869611,0.00403652,0.00397685,-0.00170031,0.000508643,9.0999e-05
0.00418395,0.00300783,0.0022978,-0.00145521,-2.05306e-05,0.000716817
0.00461552,0.00316263,0.00289759,0.000993514,-0.0007471,-0.0003384
0.0109493,0.00758074,0.00625335,0.0107367,0.00186388,0.00240626
0.0208257,0.0113535,0.00904989,0.00539655,0.000709437,-0.000272215
0.0367056,0.0145332,0.0241478,0.0245822,0.00613715,0.00552688
0.0377656,0.0144369,0.0223835,0.0243903,0.00472248,0.00586476
0.00456445,0.00359956,0.00357532,7.18389e-05,-6.11701e-05,-0.00066147
0.0259153,0.0136015,0.0138602,0.0142995,0.00404576,0.0026378
0.0243421,0.0106109,0.0125745,0.0105023,0.00264658,0.00105705
0.00555048,0.00411456,0.00241951,-0.000941752,-4.78184e-05,-0.0012353
0.0195844,0.0117912,0.00756771,0.0116731,0.00348951,0.00143406
0.0185916,0.011138,0.00751946,0.0115965,0.00234047,0.00251296
0.00696387,0.00457609,0.00283593,-0.000453318,0.00111402,-0.000331264
0.00545429,0.00416916,0.00497266,0.000931297,-0.000422438,0.000850757
0.0103586,0.00486971,0.00778447,0.00384397,0.00055439,0.00144205
0.0109555,0.00479314,0.00814076,0.0054966,0.000969767,0.000619994
0.0140562,0.00965861,0.0154366,0.0106127,0.00165658,-0.000488122
0.00815534,0.00411691,0.00497889,-0.00105231,0.00118988,-0.00121059
0.010493,0.00596606,0.00568037,0.000180297,0.00111445,-0.000501984
0.013986,0.010021,0.0057621,0.00418285,0.00034162,2.16386e-06
0.00728348,0.00508281,0.00574066,0.00498699,0.00077239,0.00151886
0.00831624,0.005885,0.004716,-5.65208e-05,0.000372067,0.0026773
0.0184531,0.0116382,0.0151206,0.0185843,0.00744208,0.00236765
0.00591623,0.00459545,0.00407611,0.000300564,-0.000719774,-2.03081e-05
0.00919435,0.0057465,0.00519837,0.00335767,0.00071512,0.00070724
0.00530181,0.00364296,0.0024427,-0.00209584,-0.000373714,9.90481e-05
0.0178603,0.0123375,0.0203554,0.0323661,0.0124396,0.0226089
0.00744296,0.00532712,0.00481286,0.00314164,-0.000874266,0.00108913
0.0127856,0.00881925,0.00443239,0.00165623,0.000761017,0.000806578
0.0112628,0.00809523,0.00509142,0.00548693,0.000412285,0.000813923
0.0143846,0.0104864,0.00827562,0.0048657,0.00120318,0.000597645
0.00815877,0.00541172,0.00446109,0.00366455,-0.000231467,0.000542652
0.00944409,0.00673359,0.00308608,0.00134587,-9.21716e-05,0.00189544
0.00490501,0.0032535,0.00188649,0.00146226,0.000110326,0.00114925
0.00788837,0.00558189,0.0121536,0.0728705,0.0406302,0.116281
0.0134806,0.00933318,0.00480185,0.00650946,0.000561168,0.000793365
0.0193277,0.0130012,0.00561042,0.00844615,0.000991831,0.000355961
0.0261564,0.0176672,0.00923248,0.012141,0.00286465,0.00213857
0.00972921,0.00728718,0.00419308,0.00159365,-5.24304e-05,-0.000708944
0.00648602,0.00447852,0.00244368,0.00344907,0.000480171,-0.000395694
0.00465016,0.00334939,0.00254861,-0.00159697,-3.69621e-05,0.000636074
0.0245953,0.0167193,0.00723476,0.00688938,0.00159682,0.000187525
0.0113337,0.00774714,0.00280104,0.00147476,0.00142866,-0.000138028
0.0152576,0.0104755,0.0107789,0.00670617,0.00122692,0.00077295
0.00615046,0.00419017,0.00308468,0.0039685,0.000756648,0.00025066
0.0105373,0.00682055,0.00378958,0.00169325,0.000710551,0.00101212
0.012624,0.00857766,0.00608032,-0.0010472,0.000838941,0.000368757
0.00671378,0.00495151,0.00261103,0.00421047,-0.000240415,0.000208456
0.0109955,0.00467844,0.00491464,0.0080153,0.00177449,0.000955242
0.0173817,0.0102576,0.00847142,0.00540318,0.00150258,0.00055764
0.00699389,0.00463437,0.00274228,9.09634e-05,0.000489157,0.00147841
0.00736949,0.0045759,0.00366193,-0.00059508,0.00128605,-2.04314e-05
0.00672018,0.00319085,0.003786,-0.000317285,0.000743803,-8.87388e-05
0.00698663,0.00462517,0.0087152,0.00830908,0.000806428,0.00107605
0.0120216,0.00837706,0.00503048,0.00708935,0.000803719,0.00276451
0.0100172,0.00580027,0.00445525,0.00736933,0.00271012,0.00493091
0.00813287,0.00346948,0.00346808,0.0130677,0.0026926,0.00842419
0.0122352,0.00851174,0.0051316,0.00717446,0.000779084,0.00184139
0.0161917,0.0113734,0.00492384,0.00179757,0.000196115,-1.04477e-05
0.00487475,0.00381722,0.00265877,-0.00216001,0.000351361,0.000518858
0.0266078,0.0179394,0.0149865,0.024189,0.00655252,0.0154658
0.00865983,0.00574479,0.00356989,-0.000431391,0.000687374,0.000349258
0.0166695,0.0112252,0.00649727,0.00489798,0.000633882,-0.000483833
0.00473152,0.00382153,0.0037451,0.00423861,0.00114209,0.000842776
0.0115361,0.00779201,0.0118103,0.0147502,0.00173278,0.00155712
0.00574738,0.00454788,0.00268777,-0.000548258,-8.61945e-05,0.000215268
0.00557284,0.00411498,0.00258753,-0.00048015,0.00019009,-0.000137149
0.00450006,0.00301691,0.00269328,0.000836627,0.000616123,0.00149403
0.0209215,0.00824904,0.0101977,0.0076546,0.00168679,8.12099e-05
0.0294936,0.00811427,0.0131641,0.0153596,0.00417419,0.00839386
0.014529,0.00787144,0.00941021,0.00927826,0.0019945,0.00268531
0.00414592,0.00315235,0.00277333,0.0117105,0.00530532,0.0185939
0.0140546,0.00978571,0.00550267,0.0066888,0.00179585,0.000444151
0.0138619,0.00598082,0.00810492,-0.000250212,0.00127002,-0.000635795
0.0189201,0.00976653,0.0105078,0.000629512,0.00183422,0.000566656
0.00993819,0.00687415,0.00454176,0.000677364,-0.000364658,0.000669853
0.0144495,0.0101866,0.00539871,0.00617625,0.000870059,0.000528406
0.00587846,0.00433486,0.00269786,0.000415421,-0.000172075,0.000419431
0.0110789,0.00781984,0.00421253,0.0043897,0.00061045,-0.000841122
0.0134266,0.00943564,0.0037818,0.00237229,0.000725965,0.000471225
0.0104104,0.00706423,0.00259743,0.00338069,0.000663199,0.000489702
0.0232135,0.0158072,0.015935,0.0200054,0.00422923,0.00207288
0.0132035,0.00927266,0.00817692,0.00502653,0.000572081,0.00166458
0.0112811,0.00835318,0.00493439,0.00418789,0.000842793,0.00169867
0.00451771,0.00335552,0.00147637,0.0131228,0.00658059,0.0218718
0.02138,0.0136055,0.00853429,0.00732952,0.0017184,0.00145796
0.0155424,0.00958868,0.00729503,0.00595884,0.00284254,0.00116731
0.00873937,0.00602259,0.00337038,-0.000225307,-0.00096818,0.000610255
0.00637968,0.00429978,0.00365687,0.00193016,5.26267e-05,0.000760758
0.0181927,0.0122425,0.0051208,0.00450059,0.0014474,0.0010435
0.00667802,0.0048602,0.00333211,0.000462486,0.000400041,0.000282248
0.00947236,0.00643201,0.0084248,0.0135583,0.00265778,0.00221545
0.0253272,0.0130321,0.0103607,0.00720926,0.00240835,0.000888852
0.0239836,0.0130447,0.0100692,0.00661124,0.00125376,0.000998174
0.0125336,0.0089638,0.00484034,0.0024682,-0.000579033,0.00131609
0.00635955,0.0044355,0.00542644,0.00539563,7.65439e-05,-0.000128573
0.0291065,0.0188473,0.0100714,0.0139124,0.00333107,0.00212813
0.0153997,0.00710109,0.00650618,0.00806189,0.00172418,0.00107461
0.0131675,0.0078227,0.00558547,0.0103896,0.00295499,0.000737171
0.00947573,0.00680268,0.00552649,0.00421986,0.000910158,0.00030798
0.0117681,0.00866486,0.00610903,0.0101089,0.00314779,0.00604149
0.00985039,0.0068063,0.0052813,0.00776066,0.000849074,0.000280818
0.00408051,0.00320685,0.00199748,-0.00210506,-0.000565494,-0.00104772
0.00914439,0.00672209,0.00364876,-0.00230438,0.000729453,0.00225517
0.00761574,0.00455954,0.00330957,0.000543953,0.000930349,-0.000611064
0.00730047,0.00543238,0.00628069,0.000769845,-4.76704e-05,0.000362236
0.0199142,0.00906505,0.0108183,0.0111178,0.00384305,0.000458345
0.0185627,0.00821154,0.00964005,0.010292,0.00188288,0.00107336
0.00543022,0.00379604,0.00201301,0.00143689,9.94443e-05,0.00106275
0.00937294,0.00655713,0.002933,0.00304723,9.03358e-05,0.0013116
0.0182792,0.0103485,0.00922042,0.0122783,0.0020988,0.00069976
0.00708131,0.00540283,0.00301159,-0.000756479,0.000420557,0.00067926
0.024936,0.0104516,0.0080721,0.0120212,0.00166491,0.000697138
0.024716,0.010599,0.00811337,0.0126314,0.0014206,0.000782002
0.014216,0.00984095,0.00689067,0.00206253,0.00205145,0.00130097
0.00965288,0.00647536,0.00726495,0.00667349,0.00178114,-0.000424825
0.0218297,0.0152622,0.0148926,0.0155086,0.00513425,0.00209137
0.00485395,0.00356343,0.00502094,0.00432452,0.000691689,8.4661e-05
0.0122905,0.00888757,0.00644588,0.00813049,0.00038795,-0.00035911
0.0092656,0.00669577,0.00418482,-0.000324551,-4.12867e-06,-0.000451011
0.00935622,0.00586778,0.00455886,0.00512001,0.00100444,0.00239168
0.0119241,0.00845053,0.00950179,0.0127394,0.002805,-0.000289205
0.0108788,0.00500822,0.0046496,0.00428471,0.000729854,-3.1532e-05
0.011255,0.00499646,0.00477553,0.00395303,0.00037446,0.000112062
0.00408136,0.00293266,0.00194242,-0.000504571,0.000944047,0.000291155
0.0177599,0.00729978,0.00731172,0.00952151,0.0021914,0.00138791
0.0188721,0.00733101,0.00778427,0.00922697,0.00207305,0.00205592
0.0249604,0.0155484,0.0139998,0.0176491,0.00243181,0.00278975
0.00875253,0.00620267,0.00406338,0.000437311,0.000794507,-0.000730762
0.0169449,0.0114751,0.00730201,0.00785759,0.000662514,0.000425023
0.0100463,0.00683083,0.00421631,0.00560808,0.000738693,0.000456838
0.00424753,0.00322861,0.00299024,0.00108966,0.000672607,-1.28121e-05
0.013644,0.0079227,0.00716839,0.00129202,0.00049831,0.000889804
0.020818,0.0127649,0.00708299,0.00547401,0.00200143,0.00145921
0.00665168,0.00452889,0.0029757,0.00111363,0.00153327,0.000800454
0.00740637,0.00525648,0.00407381,0.00504004,0.000573939,-0.00045324
0.00522948,0.003547,0.00250477,0.000526379,-2.74329e-05,-0.000363169
0.00456185,0.00355218,0.00231253,0.0026612,0.00114737,-0.00148982
0.00509807,0.00351772,0.00195198,-3.88486e-05,-0.00019505,-0.00016001
0.00482446,0.00364337,0.00235709,0.00224048,-0.000145638,6.82859e-05
0.0163618,0.00992016,0.00887656,0.0109868,0.00170022,0.00127067
0.00588535,0.00395837,0.00588135,0.00516063,0.00114092,-0.000752369
0.00442005,0.00319641,0.00225636,-5.53045e-05,-0.000211868,0.000578899
0.00886924,0.00624923,0.0032004,0.000276631,0.000109217,0.00093596
0.00711698,0.00476287,0.0037359,0.000826999,-0.000269354,-0.000334133
0.0159689,0.00897194,0.00822241,0.0112269,0.00272681,0.00607968
0.00631395,0.00466283,0.00424392,0.00299761,0.000266608,5.45659e-05
0.00860599,0.00619173,0.00509042,0.000704455,0.000396737,-0.000850431
0.0143273,0.00957593,0.008131,0.00869405,0.0013027,0.000974917
0.00553711,0.00418897,0.00302114,0.001956,0.000380419,-0.000477836
0.00981446,0.00543816,0.00311381,0.00317534,0.00081386,0.000459545
0.00895829,0.0050351,0.00292418,0.00451784,0.000573027,0.00027266
0.0107985,0.00703937,0.00365933,0.00200406,5.26258e-05,0.00252552
0.0108578,0.00736152,0.00773139,0.0188557,0.00452888,0.00740265
0.00720863,0.0035011,0.00352384,-0.00014035,-0.000318122,0.000727781
0.00735988,0.00318609,0.00351496,-0.000699479,-0.000585265,-0.000144438
0.0110347,0.00541577,0.00544529,0.00505152,0.0017313,-0.000483401
0.0167412,0.00827816,0.0073275,0.00440636,0.00101056,0.000449604
0.0129575,0.00634091,0.00651125,0.00851875,0.000876341,0.00017287
0.0193162,0.00633111,0.00960933,0.0129259,0.00151714,-7.45976e-05
0.0123342,0.00488083,0.00666739,0.0108473,0.00114199,0.000777131
0.0060644,0.00417528,0.00377751,0.0031006,0.000102371,0.00186966
0.0137771,0.00631079,0.00763207,0.00692248,0.00281828,0.00792192
0.0145652,0.00588202,0.00764812,0.00910507,0.00313074,0.00840888
0.00766963,0.00541468,0.00351717,0.000879582,-0.000373305,-0.000224656
0.0106151,0.00753366,0.0043025,0.00432358,0.00104155,-0.000573964
0.00453075,0.00313249,0.00232325,0.00557278,0.000139301,0.000444597
0.0135336,0.00862444,0.00559764,0.0126497,0.00371008,0.00971848
0.00832128,0.00586749,0.00407086,0.00389948,0.000316915,0.00138229
0.0166806,0.00785316,0.00788437,0.00964528,0.00236437,0.000342809
0.0172919,0.00802137,0.00976662,0.013093,0.00265747,0.00101834
0.00950942,0.00526657,0.00455593,0.00263894,0.000970792,-0.000152331
0.0109031,0.00666525,0.00769357,0.00829672,0.00142262,0.00116565
0.00511024,0.00355044,0.00214338,-0.00184894,0.000460445,-0.000178404
0.0137334,0.00945724,0.00596897,0.00432196,0.000761896,0.000692962
0.0179261,0.0113516,0.0071079,0.00677726,0.0010048,-4.57606e-05
0.00539383,0.00402213,0.00333552,-0.00192583,0.000230324,0.000242116
0.00674578,0.00477524,0.00323976,0.00213413,5.23387e-05,-0.000597013
0.0108875,0.0061312,0.00389463,0.00579052,0.000779215,0.00167987
0.0160486,0.0114383,0.00873484,0.0020021,0.00074302,0.00171928
0.0138829,0.00885124,0.00477466,0.00328635,0.000438473,0.00127716
0.0154565,0.00888441,0.00502665,0.0044856,0.000516458,0.00100476
0.00839568,0.0039,0.00514413,0.00412621,0.0017742,0.00157107
0.00995137,0.00584386,0.00594422,0.00595116,0.00140326,0.0012444
0.0116296,0.00454547,0.00578667,0.00364966,0.00200587,0.00212231
0.0128042,0.0053283,0.00620891,0.00629267,0.00135644,0.00114563
0.00704726,0.00390904,0.00370871,0.00252006,-0.000280865,-0.000733503
0.00484756,0.00353315,0.00267744,0.000170915,-0.00050589,-0.000493425
0.00675877,0.00504364,0.00330714,0.0141686,0.00388802,0.0134379
0.010307,0.00731783,0.00282184,-0.000419558,-0.00012951,0.000174433
0.0255395,0.00999315,0.0115777,0.0177388,0.00180855,0.00219831
0.0275534,0.00994439,0.011938,0.0149695,0.00143071,0.00165415
0.00756211,0.00515775,0.00306999,-0.000766405,-0.000712335,0.000816111
0.0121053,0.00853907,0.00505297,0.00191265,2.18402e-05,0.000422283
0.00822155,0.00555864,0.00340838,0.00139556,0.000270512,0.000288271
0.0111399,0.00804743,0.00494089,0.00310839,0.000615871,-0.00089518
0.0123414,0.00888906,0.00774812,0.00657327,0.000593264,-1.66984e-05
0.00535335,0.00341408,0.00185435,0.00273611,-0.00111441,-0.000652747
0.0124334,0.00865932,0.00422033,0.00241842,0.000115786,-0.00123361
0.00534626,0.00357913,0.00254247,-0.0029738,-0.000284444,0.000160696
0.0156869,0.011041,0.0063275,0.0115634,0.00141786,0.000979853
0.0120473,0.00817145,0.00418237,0.00301214,0.000460739,0.00185632
0.0100098,0.00673937,0.00419977,-0.00109363,0.000142946,-0.000665231
0.0316799,0.018531,0.0143428,0.0130252,0.00360041,0.00131894
0.0451798,0.0202749,0.0197524,0.0175666,0.00414664,0.00211399
0.00530892,0.00384992,0.00266001,0.0019208,-9.63089e-05,-5.29057e-05
0.00801582,0.00374084,0.00409207,0.00470004,0.000209456,0.000327146
0.00909309,0.00375254,0.00425864,0.00263858,-0.000191893,0.000659936
0.00605133,0.00468086,0.00271576,-0.00411158,-0.000160111,0.00020994
0.0133716,0.00946961,0.008227,0.00525613,0.00169509,0.00245369
0.00521182,0.0041049,0.00107938,0.000329522,-0.00034899,0.00196071
0.0226269,0.0127115,0.00809152,0.00687931,0.00153858,0.00279535
0.024129,0.00958169,0.014108,0.0128034,0.00168905,0.000907704
0.014389,0.00903946,0.00566699,0.00692701,0.00153394,-0.000271359
0.0154515,0.00897369,0.00561046,0.00756372,0.00127852,-0.00101384
0.0138548,0.00982261,0.00343684,0.00160587,0.00128624,-0.000291629
0.00759689,0.00471509,0.00428928,0.00144725,-0.000108859,-0.000161029
0.0138675,0.00541215,0.0079686,0.00845385,0.00203393,-0.000185614
0.0143362,0.00536208,0.00773981,0.00753326,0.000788045,-0.000952988
0.00426262,0.0032464,0.00203469,0.000607804,-0.000324702,-0.000194727
0.00528606,0.00307079,0.00420466,-0.00050785,-0.000559653,0.000613755
0.0130065,0.00668605,0.00594204,0.0026804,0.00102621,0.000895238
0.0131887,0.00661563,0.00504283,0.00346969,0.000963152,-0.000608839
0.00641327,0.00469328,0.00405691,0.00101736,0.00088908,-0.000866995
0.00482175,0.00337774,0.00276724,0.0047122,0.00151926,0.00356192
0.00694662,0.00481442,0.0022601,0.00310121,0.00119198,0.00066495
0.0176597,0.0119421,0.00608589,0.0101572,0.000976469,0.000742961
0.01339,0.00672428,0.00748342,0.00786,0.0023255,0.00111186
0.0105582,0.00754621,0.0059897,0.00949655,0.00167768,-0.000400018
0.0240001,0.016968,0.0125294,0.0171797,0.00394976,0.00143252
0.0105957,0.00732886,0.00191489,0.000420579,0.00045657,0.000173782
0.00828074,0.00615505,0.0027238,0.00580863,0.00102901,-0.000373681
0.00730522,0.00542968,0.00259253,0.00123173,-0.000559965,0.000766892
0.00461291,0.00344173,0.00863529,0.00630609,0.00307184,0.00481673
0.00996095,0.00699691,0.00376673,0.000663658,-0.00035741,0.000408477
0.0174832,0.012177,0.00546923,0.00563613,0.00191776,0.000595905
0.0112578,0.00772015,0.00520309,0.00279465,0.001434,0.00035968
0.00417993,0.00318452,0.00221214,-0.00350489,-0.000752515,0.00195226
0.0173081,0.00837705,0.00698857,0.00788151,0.0012638,0.000511747
0.0188308,0.00774997,0.0067174,0.00674942,0.00152898,0.000214614
0.0156104,0.0104759,0.00825648,0.0100503,0.00164839,0.00196373
0.0185397,0.0110817,0.0049635,0.00674057,0.00240098,0.00036821
0.00965891,0.00696627,0.00283149,0.00125028,4.06378e-05,0.000578982
0.0103307,0.00753953,0.0050031,0.00193765,0.00117859,0.000692533
0.0110577,0.00746482,0.00240586,0.00188392,0.00150772,0.00208152
0.0155757,0.0099777,0.0108834,0.00628514,0.00158176,0.00114552
0.0123415,0.00771616,0.00844455,0.00762718,0.000842502,0.00296889
0.00774143,0.00552678,0.00428082,0.0132319,0.00556793,0.0119294
0.0282096,0.0169878,0.0108026,0.0141165,0.00376937,0.00282562
0.0236129,0.0169073,0.00911141,0.0148112,0.00238991,0.00165763
0.00718532,0.00389385,0.00354586,0.00119271,0.000834659,0.000383135
0.00814792,0.00374208,0.00340621,0.000223627,0.000417362,-0.000863622
0.0163654,0.00707661,0.00971206,0.0103017,0.00112593,0.0016049
0.0391096,0.013689,0.0180097,0.0182153,0.00300476,0.00174474
0.0369925,0.0135613,0.0154639,0.0141959,0.00273444,0.000895153
0.00609296,0.00441811,0.0042613,0.00472899,0.000254609,0.000613377
0.0241443,0.0109683,0.00800991,0.00850422,0.00120149,0.000595523
0.00771936,0.0057955,0.00341421,0.00214032,0.000671414,-0.000312481
0.0207317,0.0143981,0.00809168,0.00795579,0.00193916,0.00114777
0.0106155,0.00565011,0.00460614,0.000486548,0.000432018,0.000122395
0.0285979,0.013028,0.0137273,0.016373,0.00299254,0.00171632
0.0340217,0.0162323,0.0156894,0.0193734,0.00200116,0.00119195
0.00695426,0.00468313,0.00404368,7.55798e-05,-0.000114112,-0.000107151
0.0161794,0.0108752,0.0108342,0.010756,0.00352997,0.0019199
0.00463464,0.00339303,0.00200352,-0.00178047,0.000355939,-0.000472693
0.0152483,0.0106046,0.00473505,0.00537689,0.000311011,-0.000786154
0.0167625,0.0111468,0.00697491,0.00541787,0.000837639,0.000688208
0.0055308,0.00414198,0.00176084,-0.000302783,0.000564567,-0.00037456
0.0156963,0.011023,0.0065975,0.0107121,0.00154452,0.000609031
0.0112046,0.00779466,0.00733858,0.00778885,0.00128535,0.00121576
0.00849466,0.00584877,0.00330363,0.00650531,0.000249081,0.000685373
0.0155268,0.0108671,0.00445563,0.00474584,0.00137266,0.00265858
0.00474712,0.00369577,0.00244157,-0.000434015,-0.000314984,-0.000796369
0.00504332,0.00385032,0.00302744,0.00291779,-0.000796495,0.0013898
0.0116702,0.00821791,0.00796098,0.00581278,0.00132844,0.000904703
0.0102217,0.00734558,0.00323419,0.00182874,0.000109712,0.00124566
0.00974679,0.00611082,0.0062369,0.00652979,0.00207526,0.0012956
0.0108766,0.00621321,0.0066654,0.00783553,0.00251737,0.00140893
0.00757422,0.00581562,0.0038157,0.00470277,0.000772992,0.000364668
0.00902573,0.0064085,0.00445076,0.00933984,0.000523408,0.000772632
0.00387201,0.00305153,0.00189577,0.00187199,-0.000147294,0.000253313
0.00739497,0.00550076,0.00678584,0.0041779,0.00232452,0.00123304
0.00601315,0.00432473,0.0035136,0.000800575,-0.000493974,-0.000242166
0.00409495,0.00317856,0.00229536,0.00180414,-0.000176564,0.00123692
0.0134639,0.00935409,0.00808535,0.0103482,0.00170203,-0.000330467
0.00451257,0.00311871,0.00261879,-0.000192279,0.00074255,-9.84473e-05
0.00445653,0.00323407,0.00317648,0.00523254,0.000411939,-0.000145769
0.00731754,0.00531368,0.00290962,0.00150784,0.000472505,0.000929706
0.0123537,0.0086613,0.00465152,0.0045787,0.000291645,0.000412168
0.0077031,0.00480319,0.00353208,-0.00078756,0.000132649,-2.9858e-05
0.00926587,0.00630128,0.00553519,0.00548626,0.000683871,-0.000115631
0.00416186,0.00299237,0.00187103,-9.5537e-05,0.000192566,0.000140103
0.0314932,0.0155304,0.0133412,0.0192539,0.00337718,0.000444206
0.0124585,0.00620633,0.0058883,0.00397619,0.000791268,-0.000442179
0.0157537,0.0111677,0.0140517,0.0256623,0.00626472,0.00189438
0.018634,0.0120193,0.0101887,0.00741621,0.00176657,0.000912131
0.0150098,0.0101851,0.00639681,0.00404007,0.000432293,0.000318443
0.00618878,0.00461629,0.00255685,-0.00022036,0.000864781,-0.000983527
0.0121903,0.00824981,0.0119558,0.0132562,0.004057,0.00143324
0.00744749,0.0050929,0.00270465,0.00117301,0.00123245,0.000298832
0.0148712,0.00640205,0.00652024,0.00419464,0.00170899,-0.00151148
0.0150287,0.00632515,0.00634703,0.00315458,0.00156109,-0.000807294
0.00881893,0.00633857,0.00412462,0.00147625,-0.000183974,0.0010143
0.0249585,0.0131583,0.0102751,0.00833094,0.00207646,0.00184665
0.0243274,0.0131445,0.0102504,0.00776504,0.00171416,0.00123242
0.0114195,0.00801697,0.0027776,0.00589378,0.000193015,0.000469781
0.0119788,0.00741187,0.005941,0.00483755,0.00166548,0.00163188
0.00942225,0.00678605,0.00387402,0.00534187,0.00096877,-0.000277925
0.00720796,0.00545206,0.00597988,0.00538055,0.00135568,0.000909984
0.0173703,0.0119712,0.0110058,0.0144774,0.00135521,0.00203089
0.00878009,0.00635466,0.00367035,0.00183683,0.000825184,0.000125596
0.018691,0.00788749,0.00995079,0.0260844,0.0105826,0.0265525
0.0177395,0.00788889,0.00891432,0.016696,0.00699386,0.0180717
0.0173231,0.0122282,0.00445388,0.00904966,0.00114723,0.00119095
0.0102189,0.00693725,0.00354587,0.00291253,0.00027046,0.000401844
0.00449726,0.00336948,0.00202887,-0.0014381,-9.2116e-05,0.00077935
0.00902685,0.0067585,0.00466247,0.00155839,0.000206895,0.00022243
0.0168927,0.012165,0.00588249,0.00241197,0.00229682,0.00114775
0.00918164,0.00410249,0.00380429,0.00455019,0.0018482,0.00104075
0.0248909,0.0159855,0.0130487,0.01135,0.00282437,0.00071869
0.0106355,0.00704824,0.00490705,0.00342186,0.00102457,-0.00064729
0.00711367,0.00550044,0.00366267,0.0011506,0.00128249,-0.000812584
0.00452749,0.00332516,0.00251307,-0.000572632,-0.000347693,-0.000771039
0.0167959,0.00660016,0.00662564,0.00783682,0.00200533,0.000675495
0.0170675,0.00667201,0.00672528,0.00728269,0.00191969,0.00058496
0.0116148,0.00724872,0.00549119,0.00793178,0.00116425,0.000878371
0.0183778,0.00921615,0.00812833,0.00638778,0.00202903,0.00195517
0.0114979,0.00807487,0.00930674,0.0094784,0.00114265,0.00278644
0.0183567,0.0127037,0.0146511,0.0143202,0.00366358,0.00797008
0.00929722,0.00473943,0.0043901,0.00593068,0.000569802,0.00118067
0.0151343,0.0100977,0.00491399,0.008589,0.000105569,0.000834311
0.00569337,0.00411401,0.00302014,0.000386576,8.21798e-05,0.000126627
0.00813674,0.00549835,0.00587179,0.00524339,0.00126019,0.00110995
0.0193314,0.0137953,0.00749324,0.00990987,0.0024917,-0.000126023
0.0141581,0.00999522,0.00566088,0.00724728,0.00119804,0.00128866
0.0151209,0.00656159,0.0105153,0.0142992,0.00344547,0.00231346
0.0185033,0.00723799,0.0126524,0.0144345,0.00369873,0.0012575
0.0117759,0.00850529,0.0042177,0.00718017,0.00150339,0.00124194
0.00574168,0.00447909,0.00276312,0.000618622,0.00062177,0.00040185
0.00533057,0.00329196,0.00228483,0.00399543,0.00132007,-0.000130731
0.00662897,0.00411742,0.00261128,0.0039297,0.000989757,-0.000601814
0.0132194,0.00877184,0.00501907,0.00700402,0.000553631,-0.00112598
0.00821557,0.00465873,0.00442793,0.00782934,0.00149596,0.00195276
0.0082865,0.00454611,0.00617416,0.00679005,0.00212311,0.00157139
0.00859282,0.0058679,0.00348788,0.00168031,0.000945819,3.47559e-05
0.00970068,0.00677226,0.00776934,0.00879106,0.00169545,0.00275142
0.0129013,0.00901758,0.00620863,0.00497565,-0.000163352,0.000626757
0.0184372,0.00689788,0.0102221,0.00574078,0.00139508,0.00508922
0.0183497,0.00677474,0.01029,0.00512962,0.00203264,0.00688299
0.0136505,0.00943959,0.00805749,0.0669146,0.0307652,0.0786003
0.00697026,0.00480657,0.00346656,0.00415801,-0.000258349,0.000631842
0.0230677,0.013944,0.0109081,0.00727048,0.00140134,0.00183318
0.0199363,0.0121286,0.00857022,0.00749508,0.00021314,0.000928017
0.0118752,0.00828048,0.00322495,0.00525957,0.000621567,0.000932303
0.0113632,0.00768569,0.0042331,0.00865877,0.00104336,0.00109995
0.00476439,0.00366431,0.00700953,0.00356193,0.0011086,0.000700985
0.010817,0.00469326,0.00439012,0.0296007,0.0104153,0.0248664
0.0105974,0.00457528,0.00430919,0.0273636,0.0105152,0.0246409
0.00603775,0.00368502,0.00395938,0.00226683,0.00116209,4.52532e-05
0.00611575,0.00416564,0.00695493,0.00910674,0.00194596,0.00060765
0.0231734,0.016042,0.0107065,0.0161012,0.00320408,0.00179046
0.0247855,0.0172472,0.00928428,0.00682951,0.00175351,0.00074671
0.0129143,0.00912004,0.00647973,0.00582775,0.00222577,0.00181002
0.0112719,0.00773518,0.00623812,0.00631492,0.00149503,0.000787471
0.00569311,0.00427796,0.00328811,0.00121435,0.00157923,-0.000433423
0.00582562,0.00351113,0.00197606,-0.000220035,0.000803557,0.000231713
0.0210753,0.0143677,0.00918743,0.0097487,0.00348338,0.00110505
0.0146303,0.0103236,0.00438571,0.00586618,0.00213366,-0.000979523
0.00839886,0.00638036,0.00607929,0.00994353,0.00154503,0.00298155
0.0115816,0.00815739,0.00535219,0.00488318,0.000158556,0.000419406
0.0179708,0.00903794,0.00807113,0.00481489,0.0021913,0.00167444
0.0193692,0.0107875,0.00643319,0.00685628,0.00207486,0.000891676
0.00926885,0.00624885,0.00290792,0.00338027,0.00131904,0.00113022
0.0165113,0.0067847,0.00608069,0.00873975,0.00198008,-0.00016021
0.0171384,0.00672494,0.00621345,0.00794353,0.00153859,0.000473687
0.00661262,0.0046982,0.00265926,0.00370419,0.00143662,0.0002687
0.00576759,0.00440908,0.00301659,0.000655544,0.000841543,-0.000294888
0.013578,0.00879867,0.00829079,0.015012,0.00515012,0.00681116
0.00862647,0.00623051,0.0061387,0.0105367,0.00266237,0.00352642
0.00654938,0.00501884,0.00372568,0.00442952,0.000417241,0.000413893
0.00886223,0.00394488,0.00521778,0.00425607,0.00202423,0.00122703
0.00934864,0.00421699,0.00507761,0.00103186,0.00203041,0.00108438
0.0107752,0.00755116,0.00461928,0.00137453,0.000859674,0.000161993
0.0167188,0.0111391,0.00572224,0.0100349,0.00254287,0.00144019
0.0157261,0.00773627,0.00725315,0.0113522,0.00258965,0.00665013
0.0153032,0.00732621,0.00708823,0.0112498,0.00300461,0.00727381
0.0122592,0.00842236,0.0078881,0.0081053,0.00206221,0.000587523
0.0125537,0.00824244,0.00778282,0.00671844,0.00211188,0.000355803
0.0203351,0.00941652,0.0124901,0.0125474,0.00206167,0.00319285
0.0141613,0.00979466,0.00427787,0.00326623,0.000724792,-0.000724018
0.00826712,0.00617552,0.00419812,0.00188662,0.000851569,-0.000886491
0.00902352,0.00641407,0.00600343,0.00502143,0.000593923,0.00129114
0.00785808,0.00531859,0.00329096,0.00770515,0.000281482,2.10673e-05
0.0103609,0.007606,0.00353269,0.00248153,0.000774648,0.000563015
0.0178206,0.010648,0.0071944,0.00416344,0.00177799,0.000961601
0.0168764,0.00767106,0.00826312,0.0103698,0.00226976,-0.00042403
0.0118714,0.00569291,0.00529855,0.00542527,0.00157309,0.000851935
0.0177062,0.012033,0.00412965,0.00605784,0.000793147,0.000381701
0.00930711,0.00618915,0.00514377,0.00585855,0.00128341,0.000615907
0.00473996,0.00345764,0.00303206,0.00040239,-7.38725e-05,0.000918314
0.00916273,0.00614049,0.0029079,0.00522964,0.00100471,0.00121414
0.0098704,0.00687556,0.00380353,0.00453069,0.000417394,-0.000187174
0.00711002,0.004764,0.00496347,0.00629331,0.00101233,0.00141588
0.00431669,0.00336471,0.00236751,-6.59625e-06,0.000933869,0.000206605
0.00883491,0.00638636,0.00464315,0.00344259,0.000745037,0.000229714
0.0158037,0.0113937,0.00606601,0.00140951,0.00172622,0.00119664
0.0284449,0.015794,0.00849495,0.00793231,0.00265043,-0.000207037
0.0144166,0.0062233,0.00599891,0.0140225,0.00340497,0.00105135
0.0282522,0.0134413,0.0140969,0.0256824,0.00482901,0.00202908
0.0121786,0.00799926,0.00441841,0.0119816,0.00482557,0.00912146
0.0155087,0.00958791,0.00514273,0.0123329,0.00341583,0.00963066
0.0103576,0.00734907,0.00961424,0.00600257,0.00192306,0.00156055
0.00708139,0.00535683,0.00386912,0.00247374,-0.000294753,0.000751174
0.0204812,0.0123084,0.0104209,0.0101944,0.00255975,0.00138224
0.0188099,0.0123828,0.00963947,0.00827117,0.00202207,0.0013963
0.0229384,0.00783374,0.0147868,0.0198756,0.00518611,0.00283039
0.0330369,0.01655,0.019848,0.0270055,0.00504261,0.0031505
0.0204345,0.0117235,0.0109987,0.00698395,0.00170392,0.00156899
0.00941031,0.00658241,0.00364438,0.000158212,0.000516109,0.000252777
0.0155517,0.0110398,0.0126663,0.0170229,0.00286338,0.00152654
0.00835049,0.00590813,0.00354911,0.000713918,0.00105934,0.00132845
0.00850767,0.00613529,0.0156392,0.0180205,0.0042359,0.00275415
0.00558988,0.00408573,0.0111992,0.00605244,0.00235667,0.00110997
0.00505068,0.00347459,0.00297319,0.00130276,-0.000470269,-0.00067107
0.0158855,0.0109184,0.00521971,0.00595329,0.000388516,0.000841188
0.00848466,0.0062972,0.00471464,0.0034305,0.000628966,-0.000383274
0.00611141,0.00403686,0.00564089,0.00286785,-0.000105089,0.00183068
0.0131586,0.00913172,0.00380301,0.00769292,0.00166246,7.78997e-05
0.00531117,0.00379014,0.00219762,0.00117034,0.000882868,0.000396976
0.00871417,0.00633989,0.00410719,-0.00063377,0.000924323,-0.000248717
0.0284124,0.0192,0.0119745,0.012947,0.00267316,0.000753352
0.00943231,0.00675768,0.00254096,-0.000186076,0.000699917,0.000456426
0.0138918,0.00697239,0.00540999,0.0115541,0.00375469,0.00780872
0.00458862,0.00355516,0.00150363,-0.0013522,-7.51952e-05,0.00151866
0.0207946,0.0136056,0.00849927,0.00791674,0.00168603,0.000380774
0.0241682,0.0136184,0.00926646,0.00698478,0.00151145,0.001286
0.0145921,0.0100711,0.00447463,0.0048971,0.00144818,-0.000300363
0.0160974,0.0111044,0.00821092,0.00478661,0.000979596,0.00100033
0.0155277,0.0103928,0.00473991,0.00491277,5.72332e-06,0.00125421
0.00645477,0.00432975,0.00350817,0.00355472,0.00018674,0.00120353
0.0052076,0.00405276,0.00433501,-0.000948766,0.00025907,0.000490335
0.0149431,0.00753247,0.00940199,0.0171622,0.00389847,0.00158253
0.0136328,0.00902236,0.00485301,0.00217108,0.00111901,0.0004524
0.0053833,0.00391763,0.00362765,0.00252145,-0.000793452,0.000905601
0.00469454,0.00334175,0.00227834,0.00267347,6.74923e-05,-0.000252771
0.0119751,0.00813519,0.0044221,0.00770868,9.84919e-06,-0.000289786
0.0205841,0.0117921,0.00987698,0.00848909,0.00110636,0.00114516
0.00895707,0.00635265,0.00349518,0.00537244,0.00041608,0.000425809
0.00861764,0.00622584,0.00207603,0.00372698,-0.000311544,0.00040725
0.010588,0.00760104,0.00391656,0.00492805,-7.31505e-05,0.000815275
0.0164095,0.0115084,0.00438829,0.00189341,0.000481825,0.00145893
0.0100478,0.00717859,0.00444523,0.006045,0.00134634,0.000187245
0.0116221,0.00537617,0.00484178,0.00116695,2.51416e-05,-0.0002494
0.012913,0.0049894,0.00553928,0.000864486,0.000631623,0.00135711
0.0141852,0.00932626,0.00558828,0.00815488,0.00176061,0.00059359
0.0150264,0.0105921,0.00859648,0.0111798,0.000732058,0.000209733
0.0118454,0.00534084,0.00563817,0.00749768,0.00169223,0.00207804
0.0160628,0.00463314,0.00828357,0.0149547,0.00522143,0.011364
0.0241314,0.0148161,0.0113897,0.0373271,0.00998214,0.0240906
0.0114588,0.00778504,0.00356501,0.00460415,0.00141717,-9.54325e-05
0.0089694,0.00615568,0.0121724,0.0136227,0.00344827,0.000241958
0.0120539,0.00834373,0.00344366,0.002127,0.00107433,-0.00057209
0.0223246,0.01086,0.0118426,0.0129521,0.00247178,0.00240213
0.00906939,0.00667317,0.00545751,0.00258334,-0.000159006,0.00168792
0.00834194,0.005709,0.00400058,0.00578834,0.00142024,0.000906155
0.00619425,0.00338127,0.00348687,0.00206845,0.000863492,0.00151758
0.0131928,0.00521303,0.00932419,0.00593815,0.0015692,0.00137564
0.0172505,0.00918762,0.00800809,0.00313414,0.000742361,0.000672263
0.0108133,0.00783837,0.00596761,0.00190542,0.000879612,-0.000537613
0.00775703,0.00494363,0.00613292,0.00211706,8.52383e-05,-0.00149073
0.00896672,0.0064867,0.0042247,0.00291017,2.75824e-05,0.000685261
0.00635904,0.00456789,0.00344149,-6.83343e-05,0.000255065,-0.000387556
0.0204978,0.0121423,0.010165,0.0102234,0.00236769,0.000662392
0.00554113,0.00386099,0.0024342,0.00202476,-0.000737727,2.09647e-05
0.0130984,0.00885826,0.00455088,0.00697043,0.000485837,0.000105004
0.0151219,0.0104363,0.00718517,0.00595785,0.00158231,-4.86929e-06
0.00710739,0.00530771,0.00266783,-0.00285372,0.00145862,-0.000245739
0.0140047,0.00876378,0.00644227,0.00080534,0.000878361,-0.000304933
0.0126766,0.00903592,0.00344992,0.00677363,0.00098809,-0.000577862
0.0219823,0.00936579,0.00884099,0.00820373,0.00145734,0.00117369
0.0233362,0.00944993,0.00912017,0.00992945,0.00143768,0.00148485
0.00804009,0.00430853,0.00356544,0.00441144,-0.000341772,0.000413327
0.00901034,0.00644593,0.00390176,0.00497284,0.000691626,0.00226775
0.0123859,0.0087806,0.004316,0.00236733,0.000393026,-8.73627e-06
0.015497,0.0108802,0.00473418,0.00606117,0.000280128,-0.000405553
0.0281981,0.0173964,0.0123544,0.013333,0.00354721,0.00181284
0.0169477,0.0118491,0.00439387,0.00356435,0.00107415,6.77323e-05
0.00634198,0.00460513,0.00417758,0.0255918,0.00623912,0.0177984
0.0099241,0.00690267,0.00924484,0.00337874,0.00239777,0.00168255
0.00642693,0.00469003,0.0116932,0.0147555,0.00362692,0.000804611
0.0121055,0.00860104,0.0144078,0.0101917,0.00274103,0.00186708
0.0102426,0.00734033,0.00254829,0.00203361,0.000258369,0.00125399
0.0106165,0.00558665,0.00521144,0.00854859,0.00182048,0.00108076
0.0274644,0.0115417,0.0108892,0.0101225,0.00272825,0.00053771
0.0247672,0.0116811,0.0096602,0.00823424,0.00241156,0.00028089
0.0177845,0.00860551,0.00939392,0.00880058,0.00150338,0.000382166
0.0213845,0.0104622,0.0102845,0.00915744,0.00158313,0.000458154
0.00572953,0.00450349,0.00189664,0.00157532,0.00122589,-6.36793e-06
0.0166659,0.0108006,0.00586514,0.00692108,0.00233959,0.000891785
0.0115347,0.00541746,0.00410842,0.00400113,0.000313853,0.000785661
0.0270015,0.0179753,0.0112553,0.0183533,0.00426427,0.00311302
0.0114025,0.00559244,0.00463565,0.00702013,0.000668146,0.00185822
0.0076161,0.00565324,0.00315271,0.00295438,0.0010042,0.000991053
0.00904715,0.0064457,0.00307696,0.00366067,0.00101109,0.00131376
0.00521378,0.00390176,0.00354037,0.000752042,0.000409694,0.000230172
0.0236568,0.0163316,0.0129379,0.015684,0.00413871,0.00767253
0.0158976,0.00607117,0.00553042,0.00544193,0.000993797,1.07795e-06
0.0178704,0.00855414,0.00555779,0.00497266,0.00110186,8.18223e-05
0.0067469,0.00464232,0.00442697,0.00210738,0.000983021,0.00117015
0.00660577,0.00475507,0.00354966,0.000398283,4.62071e-05,0.000292966
0.0129431,0.00773004,0.0079649,0.0037095,0.00147064,0.0013454
0.00943495,0.00589988,0.0108499,0.0302072,0.00822243,0.0150358
0.0216549,0.011976,0.0143608,0.0114742,0.00161244,0.00191231
0.0229385,0.0095197,0.0115825,0.0140144,0.00394076,0.0031059
0.0320452,0.01807,0.0159401,0.0129218,0.00107097,0.00168248
0.00616889,0.00335826,0.00391046,0.00300318,0.000526307,0.0013164
0.00583113,0.00326339,0.00359862,-0.00184856,0.000180748,0.000902555
0.0132718,0.00854134,0.00695493,0.0084177,0.00116072,0.0031177
0.0121763,0.00860228,0.00557705,0.00364952,0.000869186,0.00055091
0.0267071,0.012542,0.009457,0.00705283,0.000950035,0.00157324
0.00540042,0.00424583,0.00551117,0.00592136,0.000816833,0.00220717
0.00608954,0.0041309,0.00236335,-0.00191611,0.00132328,0.000472969
0.00512887,0.00378953,0.00117962,0.00830019,0.00409407,0.0101271
0.0049626,0.00355504,0.0028359,-0.000997105,0.000140856,0.00010882
0.00981139,0.00686143,0.00522412,0.00551519,0.000558241,0.000658876
0.00532454,0.00374899,0.00303732,0.00266448,0.000360599,-7.67237e-05
0.0214334,0.00822421,0.00883546,0.0110366,0.00195851,0.00174616
0.0185535,0.0079302,0.00666894,0.00985144,0.00171721,0.000679265
0.00660868,0.00499705,0.00350791,0.000382267,0.00225761,-0.000678148
0.012255,0.00714042,0.00588977,0.00793996,0.00246995,0.000368176
0.00946474,0.0048298,0.00522002,0.00622443,0.00103528,0.000110921
0.0410871,0.0183252,0.0196426,0.0237067,0.00455471,0.00152257
0.00821698,0.00327088,0.0044092,0.00254323,8.48279e-05,0.00088615
0.00776878,0.00330716,0.00414692,0.00463535,-0.000114495,0.000160027
0.0183747,0.00960315,0.00982181,0.00667767,0.00176258,0.000362653
0.00918659,0.00628039,0.00493806,0.00737153,0.000593549,0.000759173
0.00800063,0.00431597,0.00325681,0.00164048,0.000511729,-0.000530612
0.00847687,0.00574982,0.00654027,0.00332747,0.00161757,0.000507473
0.00726408,0.00540104,0.00261578,0.000271268,9.85009e-05,0.00152178
0.0073778,0.00549366,0.00210715,0.000951493,1.71856e-05,0.000788393
0.0129601,0.00848912,0.00990289,0.0211961,0.00573487,0.00876075
0.00539614,0.00400633,0.00256598,0.000649587,0.000311368,0.000552715
0.00394942,0.00320832,0.00477835,0.00323121,0.0010279,0.00103368
0.0164149,0.0103614,0.00785617,0.0057149,0.00161441,0.000855206
0.0128656,0.00804082,0.00885449,0.0023054,0.000827936,0.00148344
0.00788155,0.00542655,0.00317829,0.00422676,0.00115612,0.000250538
0.00646051,0.00465899,0.00337516,0.00523474,-3.88967e-05,-0.00019775
0.011824,0.00713676,0.00524073,0.00979616,0.00133892,-0.000268584
0.0092101,0.00548064,0.00350841,0.00847184,0.00142991,0.000505515
0.0103987,0.00735861,0.00627143,0.00985558,0.000916197,0.000413303
0.00637776,0.00451163,0.00230813,-0.00136705,0.000251141,-6.70233e-05
0.0108308,0.00769838,0.00378915,6.82487e-06,0.000283653,0.000189918
0.00549337,0.00414721,0.00165222,0.000114513,-0.000379296,0.000496981
0.00714451,0.00466933,0.00382028,0.020988,0.00520972,0.0197038
0.00730273,0.00514154,0.00547184,0.00599133,0.0015754,0.000554016
0.00570603,0.00456618,0.00289343,0.00165721,0.000942966,-0.00017821
0.00520213,0.00391647,0.00232105,0.00261112,-0.000172363,-0.00092204
0.0149305,0.00915853,0.0092968,0.00535088,0.00129846,6.76403e-05
0.0130976,0.00860132,0.00788612,0.00274179,0.000621033,-0.000293157
0.00922719,0.00350535,0.00538571,0.00377227,0.000538533,0.000599799
0.00896029,0.00433138,0.00414343,0.00255218,0.000135958,0.00115896
0.0115244,0.00861551,0.00490593,0.00432672,0.00114054,0.000391343
0.0158463,0.0111422,0.00539226,0.00673378,0.0016892,0.000372176
0.0131765,0.00940929,0.00874674,0.0227694,0.00387833,0.00246479
0.0137491,0.00717115,0.00517876,0.0031501,0.00135872,0.00162703
0.0146448,0.00758417,0.00528772,0.00745539,0.00186229,0.00128897
0.0123732,0.00882335,0.00615754,0.00330049,0.00173095,-0.000177154
0.00386352,0.00302981,0.00330896,0.0020194,0.000631144,0.000547941
0.0215598,0.0153286,0.00721025,0.00661787,0.00187962,0.000160951
0.00603143,0.0043661,0.00174234,0.00206757,0.00125966,0.00261759
0.0121095,0.00865107,0.00517708,0.00560997,0.00105541,0.000352198
0.00572768,0.00397393,0.00250927,0.00197465,-0.000159449,0.000906205
0.0115444,0.00804205,0.00937097,0.00940413,0.00306015,0.00171102
0.00676318,0.00462249,0.00277895,-0.00128339,1.217e-05,0.00092529
0.00772056,0.00503596,0.0020326,0.00198587,0.00157219,0.000977806
0.00965233,0.00576507,0.00608765,0.000850447,0.00164115,0.000936971
0.0123755,0.00665284,0.00568567,0.0017143,0.00113438,0.000877255
0.0248855,0.0111423,0.00984169,0.0108683,0.00179525,0.00128489
0.0239518,0.0109862,0.00912231,0.0111724,0.00123383,0.00128413
0.00861578,0.00360374,0.00310645,0.00486397,0.00108007,-0.000140035
0.00568043,0.00433633,0.00240051,0.00255551,9.29816e-05,0.000240703
0.00540329,0.00403424,0.00283398,0.00429256,0.000319542,0.000741908
0.0111073,0.00801248,0.00612915,0.00277885,-3.22065e-05,0.00119528
0.0132075,0.00900842,0.00461538,0.000933984,0.00088214,0.000232111
0.00506554,0.00376751,0.00419366,0.00545843,0.000452366,0.000381053
0.0058473,0.00426593,0.00188773,0.00336845,0.000682612,0.000615745
0.00535367,0.00409559,0.00299583,0.000360968,3.55498e-05,-2.72086e-05
0.0255902,0.0110001,0.00982236,0.00355288,0.0028373,0.000548548
0.0174224,0.00740564,0.00782111,0.00768644,0.00302672,0.000860485
0.0115517,0.00709676,0.00645523,0.00316333,0.00134262,-0.000766975
0.0130571,0.00903022,0.00547688,0.00216766,0.000855515,-0.000585499
0.023233,0.0137186,0.0099299,0.00931015,0.00251301,0.00114196
0.0159058,0.00788617,0.00687839,0.00459822,0.000992266,0.000697725
0.0152558,0.00728007,0.00659793,0.00260217,0.000282328,0.00133311
0.0115793,0.00826449,0.00461704,0.0115564,0.00243898,0.00142285
0.0119135,0.00823285,0.00412305,0.00577502,0.000105669,0.000112912
0.0160658,0.00710308,0.0122232,0.00909382,0.00143737,0.00128047
0.0147233,0.00736261,0.0143581,0.0122082,0.00373813,0.00193362
0.0129717,0.00599869,0.0124761,0.0110468,0.00249799,0.00118167
0.0167414,0.0117364,0.00586328,0.0090832,0.00252194,0.0010708
0.00503599,0.00342455,0.00255913,-0.00174112,-0.000192922,-2.12376e-05
0.0105737,0.00736811,0.00597029,0.00662715,0.00124684,0.000878374
0.00558776,0.00317365,0.00379724,0.0029604,-0.000436407,1.22919e-05
0.0104038,0.00805416,0.00334819,0.00397941,0.000472236,0.00208295
0.014528,0.0098235,0.00579019,0.00719652,0.00184109,0.00227687
0.0109516,0.00667424,0.00431109,0.00580017,0.00133779,0.000632795
0.0103324,0.00741429,0.00354008,0.00329126,0.000937163,0.000668371
0.00732187,0.00504981,0.0037789,0.00368167,-0.000322448,0.000307162
0.0125913,0.00928479,0.0097664,0.00793208,0.00163708,0.000462746
0.0118083,0.00836242,0.00499631,0.00805802,0.00300825,-0.00114301
0.0126763,0.00904283,0.00674648,0.000663619,0.00153219,0.000583357
0.00455086,0.00302174,0.00348471,-0.0025,0.000314645,0.000784679
0.00858135,0.00647333,0.00351894,0.00385108,0.000513349,0.00154722
0.00478695,0.00385621,0.00307303,0.00433314,0.000914355,-0.000528472
0.00605735,0.00371842,0.00294015,0.0015771,-0.000261553,0.000723131
0.00504775,0.00372488,0.00247204,0.00401133,0.00114007,-0.000382948
0.0102004,0.00686642,0.00253279,0.00119156,0.000252531,0.000886697
0.00702704,0.00449686,0.0067396,0.00715201,0.00197159,0.00104299
0.0160037,0.00677051,0.00689666,0.00967975,0.00164976,0.00188939
0.0162517,0.00659092,0.00685167,0.00923693,0.00125068,0.00121615
0.0131255,0.00777329,0.00463476,0.00433018,0.00129907,0.000749364
0.0129789,0.00562032,0.00541706,0.000413953,0.000502367,0.00155723
0.00777868,0.00295134,0.00389858,0.00420059,0.00112833,0.000640353
0.00525366,0.00399151,0.00233549,-0.0015491,-0.000224648,-0.000529667
0.0159827,0.0109529,0.0065681,0.0013909,0.000858955,0.00194175
0.00661094,0.00477656,0.00363351,0.00150641,0.000886867,0.0010183
0.0212066,0.0145611,0.00618118,0.0103483,0.00118423,0.000512085
0.00591572,0.00430595,0.0023479,0.00297323,0.000246981,0.000123787
0.00380538,0.00305557,0.00241008,-0.000450526,0.000332826,0.00036013
0.0121705,0.00854177,0.00633684,0.0117426,0.00233375,0.00211222
0.00459979,0.00339824,0.00217437,0.00317631,-0.000114324,-0.000412537
0.00841188,0.00570808,0.00389229,1.238e-05,0.000379609,0.000205598
0.00863531,0.00598355,0.0068964,0.00788165,0.00160774,1.5625e-05
0.00940655,0.00654739,0.00466347,0.00291355,0.000205465,2.74821e-05
0.00953553,0.00669196,0.00440081,0.00237067,0.000544235,-0.000535037
0.00738262,0.00553964,0.00189768,0.00375921,0.00187775,-2.61387e-05
0.011463,0.00798983,0.00315678,0.00569302,0.000688525,-0.000389056
0.00900587,0.00604877,0.00515708,0.00375409,0.00200536,0.0010163
0.0258582,0.0170813,0.0107626,0.0142642,0.00386636,0.00166103
0.0128783,0.00937659,0.00359054,0.00644012,0.000320069,-0.000342531
0.00609905,0.0045308,0.0023783,0.00132574,0.000513043,0.000779845
0.0142879,0.00888592,0.00580226,0.00983426,0.00147667,-0.000125836
0.00715136,0.00315217,0.00471328,0.00576736,0.00216124,-2.95004e-05
0.00400689,0.00337545,0.00180609,-0.000169009,-0.000403097,0.000727639
0.0084925,0.00318636,0.00552734,0.00698344,0.00142964,0.00109948
0.014552,0.010399,0.00419389,0.00676683,0.00175501,0.00096506
0.00437693,0.00311914,0.00253964,0.00349946,0.00110519,0.00107779
0.00653443,0.0042422,0.00252122,0.00579959,0.00306257,0.00479801
0.0175865,0.0121373,0.0102194,0.00948756,0.00219471,0.0020919
0.00746792,0.0056083,0.00294534,4.58675e-05,-0.000437395,0.00038081
0.00691965,0.00497683,0.0024767,0.00548628,0.00110867,0.000321299
0.00430016,0.00320137,0.00359137,0.00624642,0.000841744,0.000221301
0.0160561,0.00835073,0.012653,0.0134479,0.00287856,0.000884673
0.0097203,0.00672171,0.00586469,0.00856134,0.00106438,0.00100122
0.016642,0.00703551,0.00889826,0.00707331,0.00280124,0.000931069
0.018331,0.00829939,0.00603929,0.00705256,0.00170742,0.00236136
0.00871327,0.00645949,0.00463668,0.00176958,0.000456604,0.00107313
0.0118738,0.00862733,0.00529527,0.00294131,0.00202527,-0.000612696
0.0116494,0.00567816,0.00895521,0.012619,0.00300238,0.00153542
0.0068673,0.0030536,0.00319762,0.00536585,0.00112255,0.00100537
0.0105204,0.00610926,0.00455428,0.00522151,0.00155951,0.000735375
0.00809761,0.00618255,0.00495289,0.00784545,0.00144837,0.00120306
0.0200605,0.0128453,0.00906339,0.00491155,0.00218293,0.00189214
0.00731287,0.0053092,0.00303526,0.00290324,0.000899228,0.00173462
0.0138938,0.00976988,0.00513656,0.00646113,0.000708985,0.000765904
0.0122026,0.00858167,0.00527466,0.00598981,0.000994245,0.00131263
0.00760608,0.00553845,0.00553199,0.00626153,0.0015836,3.42198e-05
0.0138676,0.00973543,0.00426979,0.00570712,0.00208498,0.00160118
0.00755348,0.00516089,0.00867889,0.00369793,0.00307349,0.000785521
0.00607096,0.00365144,0.00295072,0.00131706,0.000449649,-0.000492726
0.0352137,0.0231811,0.0135402,0.020575,0.00462721,0.00289573
0.00608021,0.00447469,0.00310303,0.00287765,0.00105026,0.000335395
0.00420834,0.00345622,0.00365553,0.00147606,0.0013014,0.000289703
0.00489464,0.00311699,0.00212031,0.000559286,-6.46038e-05,0.00112626
0.00922186,0.00594039,0.00452115,0.000566657,0.000728942,0.00102806
0.00495566,0.00383233,0.00283429,1.20429e-05,0.00067401,0.000601815
0.0150942,0.0105791,0.00757601,0.00836126,0.00171812,0.000827085
0.02262,0.0117214,0.0094087,0.0121,0.00212984,0.000425396
0.0134317,0.00637996,0.0043285,0.00663819,0.00148764,0.000234093
0.0239894,0.0111825,0.0139253,0.0188352,0.00472405,0.0017483
0.00785052,0.00568983,0.00832546,0.00686977,0.00151263,0.000804642
0.00928935,0.00364465,0.00341152,0.00354013,0.000728894,0.0022724
0.0248407,0.0121276,0.0089557,0.00822401,0.00263262,0.00159467
0.021833,0.0122249,0.00804375,0.00741197,0.00234218,0.000193465
0.00575954,0.00423466,0.00271593,-4.18047e-05,0.000461425,0.00236962
0.00432441,0.00310765,0.00224393,-1.96742e-05,-0.00028332,-2.07476e-05
0.00867224,0.00609253,0.0030506,7.95986e-05,0.00042269,0.00123116
0.0201414,0.0140065,0.00739136,0.00510123,0.00161857,0.000442424
0.0137942,0.00922286,0.00701906,0.0113927,0.00190284,0.00248279
0.00419725,0.00314889,0.0018786,0.00239212,0.000224141,-0.000484332
0.00658783,0.00479669,0.00391437,0.00309276,0.000333237,0.000670216
0.00631555,0.00456228,0.00312926,0.0037834,0.000442173,-0.000776133
0.0117534,0.00815354,0.00597973,0.00346484,0.00189755,0.00176284
0.0213896,0.0097069,0.0124,0.0156332,0.00663995,0.00947762
0.0307755,0.0144958,0.0141227,0.0156733,0.00336848,0.00244495
0.0192468,0.013702,0.00877786,0.0093823,0.00153184,0.00214739
0.00811687,0.00576128,0.00301198,0.00334729,0.00164392,0.000131636
0.00468396,0.00322812,0.00270984,0.00519788,0.000980586,0.00174788
0.0197175,0.0136859,0.00947424,0.0078857,0.00864918,0.525759
0.0128484,0.00603441,0.00506718,0.00686299,0.00191228,0.000761893
0.0180062,0.00619491,0.00667313,0.00879153,0.00228433,0.000597585
0.0133201,0.00663287,0.00442938,0.0037823,0.00159413,0.000959554
0.0178838,0.00703426,0.00829731,0.0102993,0.00182597,0.001557
0.019165,0.00868951,0.0083235,0.0094927,0.00134188,0.000828746
0.00516066,0.00390274,0.00232464,0.00284709,0.000477217,0.00047093
0.01394,0.00836784,0.00631823,0.00762663,0.00189437,-3.99689e-05
0.00565292,0.00383298,0.00212761,0.00181959,0.00046941,0.000240005
0.0126381,0.00850709,0.00414818,0.00751612,0.00126312,0.00128483
0.00657774,0.00469941,0.00162776,0.00467743,-0.000677592,0.00106805
0.00878397,0.00640237,0.00461354,0.00348319,0.00121455,0.00135366
0.00653417,0.00314378,0.0035877,0.00562312,0.000921696,0.00108486
0.0229696,0.0136414,0.0098847,0.0160679,0.00359379,0.000557834
0.0127597,0.00654652,0.00614442,0.00313162,0.000501408,0.000778042
0.0248364,0.013982,0.0103356,0.00625396,0.00337848,0.00246821
0.0193631,0.0121579,0.00878998,0.00305743,0.00222664,0.000935442
0.00990866,0.00489555,0.00520276,0.00683835,0.000988585,0.00216363
0.00771143,0.0046293,0.00582794,0.00677499,0.00239103,0.00141359
0.019699,0.0128232,0.0148723,0.0165809,0.00369475,0.00289359
0.0118385,0.00822953,0.00364124,0.000508834,0.00130834,2.82385e-06
0.00623117,0.00455636,0.00313661,0.00101655,-0.000147761,-0.000401521
0.0188816,0.00891627,0.0103808,0.0101907,0.00240395,0.000797482
0.00963312,0.00640618,0.00553506,0.00270337,0.00142708,0.00060764
0.00979777,0.0041209,0.00535741,0.00569514,0.00190101,0.000951613
0.0125416,0.00669331,0.00916093,0.0109158,0.0022668,0.00146311
0.0197501,0.0136191,0.00879881,0.0129104,0.00185331,0.00198185
0.0112668,0.00450175,0.00507132,0.00543895,-3.30153e-05,-4.81451e-06
0.00550646,0.00379329,0.00414084,0.0107319,0.00128548,0.00120685
0.00901882,0.00385008,0.00573911,0.00276869,0.000987681,0.000956666
0.00949406,0.00380646,0.00590149,0.00382094,0.00134399,0.00033544
0.0105436,0.00740602,0.0060044,0.00188362,0.000243942,0.000113718
0.00814676,0.00378867,0.00468104,0.00431724,0.00139779,0.00136643
0.00746093,0.00535735,0.00302978,0.000982583,-0.000359523,0.00102305
0.0136732,0.00932852,0.00492939,0.00452734,0.000936082,0.000531144
0.011398,0.00841532,0.00458386,0.00538998,0.000901355,0.0031616
0.00706945,0.00529651,0.00294236,-0.00175875,0.000190673,0.000401464
0.0101907,0.00700697,0.00232105,0.00957968,0.00119488,0.00146374
0.00843749,0.00624681,0.00182455,0.000497777,0.00112666,0.000610759
0.0134815,0.00617112,0.00777215,0.00513968,0.00229241,0.00212287
0.0363543,0.0164023,0.0170613,0.0142556,0.00485757,0.00267099
0.0349119,0.0164238,0.0147011,0.0121537,0.00423248,0.00163713
0.00973961,0.00703003,0.00679324,0.00975174,0.00356673,0.00157017
0.00647687,0.00511282,0.00303402,0.00290606,0.000888119,0.000629983
0.0133311,0.00959002,0.00608586,0.00236126,0.000952636,0.000339281
0.0148151,0.0105364,0.00747335,0.00718703,0.00264357,0.0011018
0.0167527,0.0112895,0.0189038,0.0185672,0.00445088,0.00351619
0.00529436,0.00392545,0.00184385,0.0017795,0.000596863,-0.000555734
0.0133094,0.00932804,0.0053417,0.00610336,0.00129317,0.0013833
0.00971551,0.00745608,0.00399459,0.0026806,0.00126515,0.00152144
0.0130819,0.00920663,0.00549382,0.00804806,0.00227809,0.00100674
0.0113811,0.00848151,0.00388342,0.00186431,0.00195106,4.53729e-06
0.010489,0.00741993,0.00368598,0.00702626,0.00184238,5.29199e-05
0.011671,0.00507855,0.00559089,0.00818603,0.00158318,0.000307612
0.0120579,0.00521051,0.00533972,0.00796359,0.00171177,0.000636023
0.00468636,0.00344955,0.00247922,0.00109572,-0.000487598,0.00157087
0.00838388,0.00407321,0.00416022,4.30052e-05,0.00123923,0.000649407
0.00839079,0.00403583,0.00428534,-0.00165823,0.001145,1.82166e-05
0.0118496,0.00615785,0.00775251,0.00369562,0.00142046,0.000852411
0.0107023,0.00758137,0.00426276,0.0141164,0.00809958,0.0176623
0.00567839,0.00409119,0.00302927,0.0038506,0.000269753,0.000220565
0.00901004,0.0050149,0.00507395,0.00263049,0.000356339,2.70203e-05
0.00971762,0.00686999,0.00480404,0.00426213,0.00113326,0.00185053
0.00523179,0.00374255,0.00241236,0.000217876,0.000284761,0.000122347
0.0305807,0.018528,0.00925856,0.0136331,0.00328589,0.00288348
0.00655178,0.00357731,0.00352587,0.00648132,0.00139665,0.000746125
0.00620663,0.00362819,0.00336326,0.00561877,0.00120711,0.000860665
0.00761591,0.0053046,0.00235039,0.00375594,0.00122314,0.00144555
0.00815074,0.00602076,0.00150957,0.00506477,0.000679833,0.000342907
0.00448588,0.00327166,0.00248233,-0.000580348,0.000106222,0.00092346
0.00521363,0.00418684,0.00296485,-0.00136118,-8.84895e-05,3.91924e-05
0.00949304,0.0044217,0.00486012,0.00742132,0.0025635,-0.000134487
0.0113921,0.00450038,0.00600788,0.00955317,0.00287577,-4.05631e-05
0.0185075,0.0129032,0.00749975,0.00989826,0.00247914,0.0010045
0.00672046,0.00483131,0.00350711,0.00544091,0.00060636,0.000782636
0.0146857,0.00893997,0.00693014,0.00972381,0.00128597,0.000806159
0.0266459,0.0181627,0.00902261,0.0142255,0.0027522,0.00267578
0.0136728,0.00946787,0.00974496,0.0154432,0.00324979,0.00242441
0.00840715,0.00598389,0.00376095,0.00446745,0.00102088,0.000320014
0.0131223,0.00953517,0.00417789,0.00401988,0.0013778,-0.000289657
0.00682378,0.00465667,0.00300322,0.00647702,0.000652311,-0.000456113
0.00645151,0.00479715,0.00466384,0.0054892,-6.70026e-05,0.0010859
0.0082437,0.00579202,0.00347707,0.00276954,-0.000327288,0.00142108
0.00836201,0.00604566,0.00299492,-0.00129906,0.00107363,-0.000377499
0.00434782,0.00296324,0.00155782,0.000340463,-0.000383462,1.33234e-05
0.0102515,0.00709269,0.00517826,0.0077093,0.00075622,0.000990666
0.00579205,0.00319019,0.0026585,0.00240195,0.000490635,-0.000471055
0.0116665,0.00816762,0.00426437,0.00355171,0.00151296,-0.000468255
0.00998205,0.00695576,0.00453594,0.00581509,0.000208625,0.00103078
0.00570781,0.0040055,0.0025587,0.000971269,0.000540182,0.000158926
0.0175566,0.012229,0.0100434,0.016088,0.00331811,0.00260323
0.00885969,0.00592185,0.00416646,0.00819161,0.00090248,0.000507493
0.00982232,0.0069027,0.00525583,0.00270205,0.000993908,0.00105794
0.00999151,0.00604143,0.00316385,0.00096568,0.00146727,0.00170075
0.0300684,0.0145227,0.0105193,0.0138355,0.00493891,0.00345558
0.0297723,0.0112046,0.0111946,0.0117417,0.00378722,0.00394292
0.0380748,0.0232247,0.0223756,0.032246,0.00865215,0.00534096
0.00898938,0.00635825,0.00426565,0.00319308,0.000760365,0.000520808
0.00871059,0.00603914,0.0043769,0.00641928,0.00138375,0.000492395
0.0205906,0.0079678,0.0100053,0.01241,0.00208253,0.00190655
0.0203435,0.00791414,0.0099429,0.0119236,0.00151189,0.00199541
0.00466869,0.00370021,0.00201675,-0.000898672,-0.000123564,0.000314847
0.00675648,0.00486243,0.00319376,-0.00029801,-0.000104034,-0.000129933
0.0223493,0.0128568,0.00911487,0.0137839,0.00308914,0.00042259
0.00429031,0.00329078,0.00253884,0.00155475,0.000832701,0.0010959
0.0087457,0.00585387,0.00270656,0.00142883,0.000283329,0.00125052
0.0145006,0.00951921,0.00823325,0.00840574,0.00152073,0.00105995
0.00990206,0.00721876,0.00394851,0.00133086,0.00064667,0.000102356
0.00520816,0.0037543,0.00213269,0.0026049,0.000916422,0.000130103
0.00606084,0.00461022,0.00278015,0.00580128,0.00229799,0.00033407
0.00896024,0.00641954,0.00912199,0.0101433,0.00398329,0.000983824
0.0058312,0.004335,0.00275874,0.00121335,0.000911136,0.000770176
0.00825582,0.00591961,0.00207882,0.00403191,0.00101167,0.00159508
0.0164082,0.00963607,0.00560585,0.00729164,0.00158672,0.00387381
0.0300675,0.0148144,0.0234368,0.0229544,0.00741926,0.00700955
0.00906096,0.00648184,0.00675882,0.00736962,0.000653023,0.00143335
0.02144,0.0118848,0.00907853,0.00984883,0.00273977,0.00122829
0.0114765,0.00825458,0.00714917,0.00927656,0.00230091,0.00173815
0.0120352,0.0086556,0.00386027,0.002325,0.000540879,0.00121039
0.00932771,0.00669204,0.00271229,0.00295007,0.00056356,-0.000275472
0.00978271,0.00678823,0.00449555,0.00833299,0.00054965,0.00112696
0.00739385,0.00500825,0.00337574,0.00476387,0.000510935,0.000772179
0.0111178,0.00759525,0.00393585,0.00329452,0.000459538,0.000646656
0.00911507,0.00665187,0.00473661,0.012278,0.00260159,0.00878992
0.0100574,0.00659878,0.00627748,0.00664156,0.000858719,0.00115968
0.0149098,0.00997927,0.00623844,0.0050972,0.00156897,0.000242036
0.0132314,0.00832215,0.0055954,0.0137884,0.00248659,0.00171887
0.0090781,0.00626578,0.00332273,0.00473,0.000454805,0.00118168
0.00403426,0.00313152,0.00180331,0.00070534,6.22601e-05,0.000155762
0.00924539,0.00665751,0.00796077,0.0137062,0.00264047,0.00145575
0.00555183,0.00356243,0.00371492,0.0031093,7.25969e-05,5.78678e-05
0.0125666,0.00882791,0.00521175,0.00608421,0.00218811,0.00203582
0.0242067,0.0143318,0.0093902,0.0109026,0.00349638,0.00396185
0.00588594,0.00438066,0.00533059,0.00420186,0.000635775,0.00211234
0.00584988,0.00414154,0.00433555,0.00541233,0.00135996,0.000242508
0.0267715,0.0119391,0.0105409,0.00814917,0.000812898,0.000559673
0.00744156,0.00336099,0.00277687,0.000842718,5.01392e-05,4.67634e-05
0.0138253,0.0092238,0.00749107,0.00739984,0.00105503,-0.000807128
0.00997901,0.00698922,0.00500247,0.00403378,7.46316e-05,0.000593139
0.00797805,0.0058924,0.00863018,0.0102518,0.00152377,0.0013738
0.0067401,0.00490103,0.0031996,0.00655669,0.00124584,0.000363246
0.00830632,0.00596691,0.0036811,0.00400667,0.00180828,-0.00100329
0.00876417,0.00656547,0.00459574,0.00437769,0.0017789,-0.000806335
0.00707221,0.0048055,0.00267411,0.00820087,0.00323815,0.00571466
0.0215441,0.0087389,0.0138891,0.0169883,0.00372882,0.00305409
0.0233171,0.00973304,0.0150743,0.0181116,0.00364988,0.00315676
0.0127467,0.00852608,0.00604035,0.00967244,0.00371079,0.0119159
0.0072014,0.00465481,0.00331257,0.00305772,0.000496575,0.000403252
0.00531592,0.00405909,0.00411319,0.00296539,0.000307276,-0.000251476
0.00447425,0.00323771,0.00361307,0.00136735,0.000391342,0.00148432
0.0207909,0.0141236,0.00982394,0.0141018,0.00283264,0.00136627
0.0193383,0.0135267,0.00696947,0.00621706,0.000865691,-0.000216896
0.0078561,0.00560574,0.00675682,0.00506058,0.000181519,-0.00099752
0.0148689,0.0101412,0.0060975,0.00476087,0.000760267,-0.000526942
0.0129445,0.00717747,0.00667929,0.00732567,0.00219252,0.00105084
0.013339,0.00924854,0.00533046,0.0037895,0.00125955,0.0012086
0.0173312,0.00851164,0.00568394,0.00801346,0.00223353,0.00218233
0.00431504,0.00299154,0.00256485,0.00234061,0.000406622,0.0011758
0.0104761,0.00531355,0.00668171,0.00917028,0.00233815,-0.000423814
0.0202159,0.0130098,0.00542704,0.0102857,0.00202476,-0.000225816
0.0157774,0.00924987,0.0123516,0.0124989,0.00185454,0.000831003
0.0128218,0.00509169,0.00705839,0.00593328,0.000815818,0.00094713
0.0115378,0.00772921,0.00329786,0.00751979,0.0014422,0.000357559
0.0125033,0.00531478,0.00564862,0.00528921,0.00215929,0.00107089
0.0116146,0.00535379,0.00544282,0.00414168,0.00119355,0.000465674
0.0114675,0.00796535,0.0036121,0.00281384,-4.96546e-06,0.0015873
0.00890335,0.00614274,0.00563753,0.00491093,0.00186516,0.00138734
0.0194854,0.00963079,0.00672881,0.0205413,0.00536177,0.0152262
0.0199648,0.00821022,0.00685889,0.0241055,0.00627708,0.0196847
0.0103536,0.00739491,0.00509546,0.00226412,0.00158031,0.000629346
0.00828076,0.00539229,0.00301384,0.00284881,0.000744122,-0.000681317
0.0175783,0.0107291,0.00824483,0.00552345,0.000709521,0.000840669
0.019083,0.0129186,0.00857308,0.0102689,0.000818352,0.00256174
0.0116762,0.0083439,0.00730682,0.00660052,0.00114758,0.00153301
0.0055671,0.00402589,0.00274842,0.000326995,-0.000804481,-1.04133e-05
0.011178,0.00827029,0.00567373,0.00793587,0.000602093,0.000414468
0.00973941,0.00663787,0.00609295,0.00768781,0.00142248,0.00139507
0.00823201,0.00573806,0.00349574,0.00624185,0.00272797,0.000588147
0.0109853,0.00524257,0.00368006,0.00851402,0.00313077,0.00373725
0.015664,0.0063072,0.00505488,0.0109258,0.00332788,0.00611003
0.0132798,0.00689941,0.00476946,0.0068829,0.000367957,0.00282989
0.01571,0.0108394,0.00538669,0.00813913,0.00132456,0.00267191
0.00571093,0.00432617,0.00448669,0.00294062,0.000899792,7.64551e-05
0.00754817,0.00548804,0.00241669,0.00368676,0.000506928,0.000432277
0.0195662,0.0130765,0.00434231,0.00408649,0.000749298,0.000685056
0.00899472,0.00657385,0.00317767,0.00507725,0.000983767,0.00059894
0.00923746,0.00645612,0.00261425,0.000400884,0.000870653,0.000312029
0.0133343,0.00824841,0.00729781,0.0403117,0.0164538,0.0452844
0.00766859,0.00302087,0.00480171,0.00205835,0.000251151,9.0276e-05
0.00834501,0.00365795,0.00419723,0.00262286,0.000263266,0.000633473
0.0131351,0.00909529,0.0106048,0.0132488,0.00384732,0.000898212
0.0126418,0.00893267,0.00383891,0.0037223,0.000867251,-0.000483356
0.00791205,0.00552037,0.00397866,0.00364293,0.00100864,0.000472258
0.00490482,0.00336792,0.00325679,0.00110457,-0.000438385,0.000246993
0.0134378,0.00933683,0.00625291,0.00433319,0.000657473,0.00107433
0.0122924,0.00782644,0.00487751,0.00632431,0.00149274,0.000745445
0.00558422,0.00390864,0.00238702,0.00454551,-0.000184029,0.00186858
0.0051897,0.0040321,0.00218583,-0.00111769,0.000632293,-0.000364047
0.01127,0.0081857,0.00437891,0.00648911,0.00135831,0.000855139
0.00664385,0.00497866,0.00315795,0.00178437,0.000648015,-0.000248219
0.00575731,0.00408752,0.00247616,0.0016011,-0.000110661,0.00121745
0.00847563,0.00599826,0.00424274,0.00284623,0.000491127,0.000848698
0.0150932,0.0106345,0.00676556,0.00717927,0.00211542,0.000644064
0.0265635,0.0128011,0.0114008,0.0152497,0.00260026,-4.88339e-05
0.0292098,0.0135742,0.0119077,0.0184141,0.00300224,0.000152152
0.00475712,0.00331178,0.00268012,0.00447852,0.00166591,0.000365697
0.00414903,0.00324172,0.00270336,0.00287905,0.000753402,0.000501082
0.00577621,0.00383298,0.00129414,0.00284269,0.00111828,0.000418018
0.00533993,0.00389718,0.00237035,7.38163e-05,7.51671e-05,-0.00066558
0.0159216,0.0112356,0.00409601,0.00772393,0.00134707,0.00135266
0.0159857,0.0111855,0.00494634,0.00589806,0.00165967,0.000207783
0.0119881,0.00866795,0.00706548,0.00150542,0.00158211,0.000678661
0.0122194,0.00820892,0.00507788,0.00408168,0.00261455,0.00112001
0.0196746,0.0134151,0.00566541,0.00895645,0.00214214,0.00134988
0.0169547,0.0119892,0.0054066,0.00586652,0.000792316,0.000487297
0.00927879,0.00630503,0.00455278,0.00259531,0.000896396,0.00159402
0.00866135,0.00629234,0.00573524,0.00570154,0.000983329,0.000988003
0.00900587,0.00603022,0.00313821,0.00202141,0.000836233,-0.000140738
0.00918603,0.00659222,0.00298873,0.00563015,0.00100543,-0.00039115
0.0129735,0.00435719,0.00862119,0.0128421,0.00237208,0.00249603
0.0182773,0.0106362,0.00908275,0.0128583,0.00140905,0.00184693
0.0136993,0.00974067,0.00449109,0.00394911,0.000365063,-0.000501605
0.00629473,0.00503352,0.00331777,0.00488977,0.000101774,0.00112039
0.00432919,0.00297061,0.00205878,0.00138074,0.000129511,0.00155503
0.0117716,0.00626881,0.00746899,0.0146131,0.00506769,0.0119344
0.0120573,0.00631583,0.00752539,0.0131425,0.00455951,0.0119644
0.0135813,0.00912752,0.00568948,0.00976547,0.00141079,-0.000375973
0.0131285,0.00789144,0.00553152,0.00764409,0.000716526,-7.22899e-05
0.0112607,0.00793263,0.00541841,0.00785154,0.000412683,0.000132678
0.0226691,0.0097185,0.00867293,0.0108052,0.00156664,0.00143293
0.024283,0.0100655,0.00891745,0.00939515,0.00201498,0.00178501
0.0230699,0.0113959,0.00709641,0.0100151,0.000838735,0.00114074
0.0226668,0.0113272,0.00684217,0.010221,0.000552402,0.00159737
0.0101473,0.00666757,0.0049571,0.00867657,0.000547567,0.00114588
0.00841195,0.00577144,0.00415034,0.00298667,0.00130115,-0.000104761
0.00590022,0.00432819,0.00363443,0.0043169,0.000709329,0.00091578
0.00707949,0.00516517,0.00546896,0.00777964,0.00113129,1.28829e-05
0.0163939,0.0114854,0.00592499,0.00824184,0.00224329,0.00100156
0.00948931,0.00705287,0.0036587,0.00367153,0.000898999,0.000347199
0.00776916,0.00550438,0.00544162,0.00458198,0.00160533,0.000583973
0.00791918,0.00566305,0.004808,0.00507517,0.000841306,-0.000249412
0.0045574,0.00337857,0.00220913,-0.00186359,0.000802844,0.000167566
0.0144337,0.00958331,0.00624598,0.00899188,0.000825283,0.00100232
0.00730714,0.00547574,0.00201257,0.00539031,0.00231544,0.000748399
0.0164265,0.0110461,0.00752612,0.00837513,0.00206698,0.00173636
0.00474004,0.00330081,0.00248163,0.0191431,0.00802054,0.0191592
0.0181085,0.0096889,0.0076447,0.0035326,0.00108698,0.00122447
0.013914,0.00861457,0.00741811,0.0116533,0.0017205,0.00537935
0.0158811,0.0105441,0.0272038,0.0372941,0.00852882,0.00288431
0.0178163,0.0109185,0.00621555,0.0117943,0.00248553,0.00144391
0.0121025,0.00875876,0.00424345,0.00478043,0.000607221,0.000322859
0.00967564,0.00681967,0.00548737,0.00242904,0.000311503,0.00024824
0.0115909,0.00803347,0.00229674,0.00217295,0.00108036,0.00147799
0.0161234,0.011314,0.00616086,0.00778317,0.00172576,0.000157478
0.0064319,0.00419405,0.00719558,0.00874591,0.00069868,0.00213926
0.00485724,0.00339365,0.00204673,0.0017048,-1.9683e-05,0.000265511
0.0213807,0.00958838,0.0130725,0.00985077,0.00245266,0.000818529
0.0149778,0.00920551,0.00764864,0.00611307,0.00141661,0.000360761
0.0158195,0.00918438,0.00760348,0.00727759,0.00251964,0.000150468
0.00712468,0.00501007,0.00322774,0.0040948,0.000242136,0.000756245
0.0111563,0.00778838,0.00303582,0.00220156,0.00108008,-0.000114131
0.00638254,0.00487362,0.00302708,0.0043353,0.00126904,0.00225548
0.00662992,0.0038216,0.00335116,0.00160973,-0.000431696,-0.000228896
0.0081978,0.00446048,0.00369032,-0.00119409,0.000222678,-0.000192633
0.0126506,0.00781509,0.00441523,0.0120701,0.000595445,9.75061e-05
0.00908826,0.00481237,0.00303007,0.00573516,0.000395571,-0.000327962
0.0142294,0.0100299,0.00620369,0.00808033,0.00178194,0.00136178
0.0205328,0.00746476,0.0111691,0.00678144,0.00137278,0.00111099
0.0201312,0.00731767,0.0105121,0.00855137,0.0015145,0.000915232
0.0180818,0.0103478,0.00603173,0.0128692,0.00207592,0.000794344
0.014631,0.00658768,0.00530129,0.0090619,0.000850567,0.000267922
0.0206974,0.0134057,0.00984533,0.0131386,0.0069601,0.0123319
0.0104652,0.00412271,0.00669744,0.00695717,0.00131006,0.00194154
0.018031,0.00992084,0.0078503,0.0146962,0.00322274,0.000757787
0.0224985,0.0128271,0.00919893,0.0175144,0.00318204,0.00161928
0.00597506,0.00453252,0.00442863,0.00239146,0.000257779,0.000452997
0.0237585,0.0132094,0.00838487,0.0154682,0.00448903,0.00924378
0.00556868,0.00369727,0.002643,0.000933528,-0.00020769,0.00151342
0.0119105,0.00863296,0.00356308,0.0044407,-0.000452923,0.000527606
0.010864,0.00794578,0.00475409,0.00417017,0.000509598,0.000197219
0.00480953,0.00355054,0.00223181,-0.000246223,0.000257918,-0.00120172
0.022895,0.0150749,0.00791414,0.0121859,0.00197847,0.000848559
0.00650814,0.00317759,0.00336573,0.00493093,5.20627e-05,0.000208614
0.00817584,0.00462569,0.00318109,0.00327355,0.000822301,0.000312291
0.00746601,0.00537178,0.00415698,0.0047252,0.00155297,-0.000396606
0.0231362,0.0116109,0.0153676,0.0164923,0.00346962,0.00138893
0.0190729,0.00817859,0.00923621,0.00813165,0.000696164,0.00043707
0.0146056,0.0100065,0.00470871,0.00400494,0.00126459,-0.00154378
0.00916066,0.00646195,0.00619212,0.0104418,0.00100734,0.00118729
0.0159603,0.0111826,0.003927,0.00920178,0.00111341,0.00044686
0.0121187,0.00605284,0.00608565,0.00622393,0.00158134,0.000527451
0.0107096,0.007617,0.00242428,0.0039496,0.000568899,0.000788537
0.0189026,0.0100101,0.0112009,0.00928281,0.00196431,0.000959193
0.00554916,0.0039511,0.00236099,0.00361766,2.10012e-05,0.000395325
0.0141082,0.00937299,0.00692077,0.000688872,0.000692996,0.000891138
0.00854651,0.00628598,0.00414671,0.0168751,0.00503132,0.00977151
0.00466725,0.00345876,0.00225578,0.000246516,0.000139255,0.000454496
0.0109808,0.00486054,0.00541988,0.0058083,0.00143142,0.000678504
0.0156872,0.0101733,0.0062877,0.00662813,0.000938019,-0.000204247
0.00418954,0.00321468,0.00327927,-9.26462e-06,0.000917009,0.000415045
0.00447414,0.00318779,0.00158443,-0.00110931,0.00010394,0.00124193
0.00998013,0.00575692,0.00609388,0.00486996,0.000362173,0.000403244
0.00847262,0.00522398,0.00474158,0.00595855,-0.000229159,-4.71279e-05
0.0227633,0.0153793,0.00891207,0.0088317,0.0023411,0.000843955
0.00951171,0.00676441,0.00542312,0.00390086,-8.84819e-05,0.00086924
0.00507378,0.00382029,0.00402561,0.00617006,0.000248309,0.00109919
0.0108896,0.00792766,0.00379878,0.000582614,0.000960811,-0.00013705
0.0191984,0.0125597,0.0138737,0.0125635,0.00212305,0.000490613
0.0198998,0.0126149,0.0101121,0.0139009,0.00231305,0.00127036
0.0145657,0.00882468,0.00414656,0.00598277,-0.000148302,0.00091285
0.0127103,0.00924123,0.00844992,0.0092051,0.0019038,0.000628201
0.00529886,0.0042382,0.00164713,0.00179166,-0.000344811,1.21909e-05
0.00918153,0.00648221,0.00282718,0.00191169,0.000891239,0.000758861
0.0132979,0.00947495,0.00506571,0.00517021,0.000983027,0.000543189
0.0189261,0.0126439,0.0138412,0.0199831,0.00331778,0.00104417
0.00949264,0.00486068,0.00400304,0.00522412,0.000320058,0.000225272
0.0193088,0.00743921,0.0171287,0.0227575,0.00455529,0.00152138
0.0205358,0.00942539,0.00579393,0.00606788,0.00184965,-0.000437235
0.0220021,0.00940219,0.00566332,0.00526749,0.00149587,0.000447654
0.00674667,0.00511206,0.00331547,0.00437346,0.00013085,-0.000166385
0.00843181,0.0059396,0.00407317,0.00362704,0.00157078,0.000536912
0.00815621,0.00566758,0.00625081,0.0021751,0.000733579,0.000402659
0.00537451,0.00394877,0.00215765,0.00395574,0.000803104,0.00158984
0.0103163,0.0071411,0.00395535,0.000508418,0.000361695,0.000336737
0.01956,0.0118796,0.0071362,0.00810497,0.0025224,-0.000135231
0.008088,0.00464125,0.00292795,0.00223683,0.00280629,0.00535476
0.0137283,0.00896415,0.0104955,0.0107633,0.00185996,0.00152551
0.0138407,0.00945761,0.00514453,0.00377526,0.000888865,4.81521e-05
0.0114221,0.00761723,0.0145574,0.0196448,0.00305545,0.00166047
0.00634517,0.00485608,0.00223135,0.00300291,0.00119354,0.00186378
0.00425156,0.00322496,0.00200488,0.00273108,0.000272896,-0.000965704
0.00712362,0.00511094,0.00363483,0.00421571,-0.000131261,-0.000873965
0.00809745,0.00584978,0.00426167,0.00337224,0.00106773,0.000178773
0.00502789,0.00375876,0.00227515,0.00377364,-0.000127993,-0.000119396
0.0110997,0.00811139,0.00608406,0.00429824,0.000420071,0.000525509
0.00434021,0.0031502,0.00478348,-0.000284336,0.00039348,0.00102566
0.0106408,0.00758967,0.00347744,0.00791565,0.00107228,0.000380308
0.00699085,0.00498687,0.0025355,0.00149526,0.000778948,0.00147904
0.0114848,0.00794593,0.0040145,0.00248639,0.000803618,-0.000865564
0.00679681,0.00469403,0.00820526,0.0070219,0.00143087,0.00118726
0.0140314,0.00937866,0.00571147,0.00438266,0.000953814,0.000987305
0.0137737,0.00945333,0.00546372,0.00702923,0.000543006,-0.00069572
0.0116541,0.00831078,0.00249831,0.00515025,0.000386878,0.000240291
0.00433107,0.00312574,0.00201878,-0.00121534,9.85527e-05,-3.05011e-05
0.00413471,0.00309836,0.00267631,0.00393457,-0.000644914,0.000484951
0.0166203,0.0104664,0.00825159,0.0085727,0.00235091,0.000695708
0.0114357,0.00655728,0.00561429,-0.000558207,0.00138414,5.05439e-05
0.035658,0.020482,0.0163137,0.0175861,0.0043348,0.00189476
0.0336674,0.0203764,0.0156409,0.0169701,0.00334585,0.00224933
0.0120986,0.00879712,0.00755021,0.00453627,0.0018835,0.00143949
0.0139289,0.00925286,0.00621287,0.00231285,0.00189796,-6.70402e-05
0.0100173,0.00675943,0.0070085,0.00533853,0.000925606,-0.000378849
0.00782229,0.0052136,0.0026616,0.00526868,0.00072365,-0.000289024
0.0150231,0.0103202,0.00667604,0.00909773,0.00147455,0.000971476
0.0066049,0.00454484,0.00240933,0.00586864,0.000880172,0.00150323
0.00408953,0.00301867,0.0021539,-0.00122775,0.00094085,-0.000582577
0.00976412,0.00639085,0.00550171,0.00669607,0.00188751,0.000929374
0.00653006,0.00456831,0.0021962,0.000841138,-5.28706e-05,0.000625798
0.0129975,0.0090919,0.00418662,0.00236278,0.00114518,0.00138497
0.0147672,0.0106846,0.00692348,0.00255901,0.00124499,0.000136846
0.0106804,0.00742686,0.00486052,0.00544638,0.000914668,0.000772107
0.0183975,0.0131328,0.0128244,0.0150327,0.00276922,0.00141713
0.0167583,0.00890989,0.00803473,0.0183112,0.00363246,0.00749489
0.0107401,0.0043018,0.00587887,0.00525055,0.00125935,0.000826959
0.0108818,0.00467856,0.00561719,0.0029533,0.000735275,-7.57847e-05
0.0114575,0.00796074,0.00368062,0.00490983,0.000882466,0.00104449
0.0131381,0.00923409,0.0114646,0.014465,0.00326866,0.00239697
0.0292636,0.0178187,0.0182581,0.015982,0.00395203,0.00262986
0.0045678,0.00316163,0.00227,0.00243134,0.000438496,0.0001715
0.00660274,0.00388594,0.00398534,0.00131812,0.00131918,-0.000527821
0.00890181,0.00596942,0.00384967,0.0028729,0.000759726,-0.0006595
0.0130465,0.00769525,0.00658823,0.00521708,0.00102465,0.000800034
0.0124098,0.00763946,0.00642201,0.00573165,0.00101373,0.000120643
0.00411061,0.00321998,0.00240871,0.00452498,0.000421864,0.00079735
0.00894416,0.0062815,0.00383872,0.00190661,0.000931016,0.000541286
0.0046769,0.00320596,0.00245929,0.00337521,0.000275239,-0.000207902
0.0105709,0.0073038,0.00537276,0.00380252,0.000289935,-0.000412442
0.0174119,0.00954604,0.00865852,0.00785931,0.00172469,0.000398759
0.00514007,0.00317056,0.00248924,0.0033954,0.000304171,-0.000822278
0.0226459,0.0143159,0.0151221,0.0104949,0.00279961,0.00230797
0.0101225,0.00702695,0.00449463,0.00546043,0.000354819,0.00101731
0.00809545,0.00541192,0.00514802,0.00572339,0.00164666,0.00152415
0.00981949,0.00685959,0.00352591,0.00326748,-0.000147334,0.000957297
0.0148897,0.0104104,0.0071068,0.00572548,0.000309783,0.000140445
0.0120216,0.00653379,0.00506076,0.00554405,0.00121558,0.00061573
0.0106236,0.00443546,0.00483269,0.00502554,0.000552704,-0.000661442
0.0137396,0.00915079,0.00685544,0.00908367,0.00125748,0.000382742
0.00605689,0.00413936,0.00246372,0.00352175,4.93888e-05,0.00102588
0.0108405,0.00480079,0.00650605,0.0033585,0.000435588,0.000195785
0.0106778,0.00468416,0.00665186,0.00543522,0.000371634,-0.000135267
0.0168114,0.00826866,0.00814548,0.00873966,0.00126173,0.000245852
0.00728741,0.00509862,0.00450956,0.00353066,0.000980419,0.000803536
0.00507194,0.00365603,0.00228854,-0.00140282,0.000508954,0.000192086
0.00449642,0.00327654,0.00162277,0.00770056,0.0024806,0.0076017
0.0159335,0.0109427,0.0059606,0.00759214,0.00125884,-0.00154768
0.00686932,0.00501571,0.00318005,-0.00311999,0.000159256,0.000944853
0.0135214,0.0096915,0.00749352,0.00881926,0.00125645,-0.00100109
0.051916,0.023416,0.036607,0.0411701,0.0127967,0.0115822
0.0226745,0.0137473,0.00931808,0.0252491,0.00626863,0.0114245
0.0247495,0.00961083,0.0100594,0.01081,0.00204275,0.0013011
0.0238289,0.00961785,0.0095716,0.00802093,0.00163146,0.000144954
0.00876712,0.00616873,0.00389951,0.0059187,-0.000244669,0.00155078
0.015251,0.010207,0.00625619,0.00902398,0.000319201,0.000286018
0.016738,0.0116886,0.0041026,0.00462253,0.0011713,0.00162266
0.00412331,0.00316776,0.00192867,0.000256633,0.000393517,0.00156667
0.00500357,0.00345434,0.00236,0.00614098,-0.000349129,0.000196179
0.01136,0.00819756,0.0032906,0.00676253,0.00142685,0.00127805
0.0178091,0.00866057,0.008909,0.00518579,0.00132389,0.000930737
0.0104899,0.00613424,0.00294252,0.00667495,0.000703196,-0.0001368
0.023131,0.0106233,0.0092905,0.00822697,0.00166258,-2.02169e-05
0.0227294,0.0106883,0.00926923,0.00850435,0.00177647,0.000441328
0.00705542,0.00503166,0.00383247,0.00522846,8.39716e-05,0.000752248
0.00856189,0.00578658,0.00339495,0.00236091,0.000572658,0.00240507
0.00696726,0.00485062,0.00309217,0.00350675,0.000512468,0.000838661
0.00699763,0.00523397,0.00336747,0.00521997,0.000325062,7.87542e-05
0.0109943,0.00735379,0.00223241,0.00383937,0.000389536,0.000631061
0.00509518,0.00351167,0.00233438,0.00132359,0.000600562,-0.000711706
0.00929338,0.00652086,0.00898802,0.0208634,0.0064806,0.0164532
0.0107674,0.00740876,0.00438614,0.0101977,0.00141258,0.00549553
0.016687,0.0110436,0.0077207,0.0122386,0.00331313,0.00239488
0.0108361,0.00566295,0.00456244,0.0107967,0.00226676,0.00082926
0.0101392,0.00616986,0.00504054,0.00458779,0.00131614,0.000353561
0.0138292,0.00829361,0.00640726,0.00907093,0.00163804,-0.000354614
0.00542252,0.00389213,0.00272693,-0.000234513,0.000161261,0.000572572
0.00881016,0.00399976,0.0038406,0.00221322,0.000420674,-0.00129904
0.00953027,0.00384821,0.00435982,0.00157079,0.00058228,-0.00101029
0.0126922,0.00504014,0.00586503,0.00606909,0.000371181,4.27719e-05
0.0130401,0.0051336,0.00579605,0.00312691,0.000128645,0.00108128
0.0100624,0.00704174,0.007473,0.01311,0.00260107,0.000764209
0.0110236,0.00773021,0.00382437,0.00313155,0.00141301,0.000733472
0.0117184,0.00792762,0.00348729,0.00371253,-0.000724401,0.00161591
0.0257445,0.0169063,0.0113794,0.0125599,0.00335876,0.00124687
0.0209013,0.00869527,0.00844853,0.013385,0.0030131,0.00184332
0.0210204,0.00863976,0.00832603,0.0137419,0.00254448,0.00270238
0.0106526,0.0074008,0.00313859,0.00575793,0.00127415,0.00136859
0.0080691,0.0059923,0.00262024,0.00647374,0.00110407,0.00143132
0.00571176,0.00391548,0.00270901,0.00333373,0.000981369,-0.000528087
0.00774575,0.00568635,0.00373536,0.00694756,0.00120685,0.000286012
0.00823766,0.00606184,0.00396053,0.00552478,3.66732e-05,-0.000219049
0.00609211,0.00457001,0.00259945,-0.0015943,4.10972e-05,0.000341847
0.00809619,0.00593831,0.0050373,0.00408424,0.001945,-0.000265736
0.0125087,0.00890833,0.00462786,0.00971245,0.00385258,0.0117536
0.00873341,0.00595903,0.0062495,0.010149,0.00250427,0.00212924
0.0243053,0.0168933,0.0111935,0.00800744,0.00248561,0.00241953
0.00739629,0.00522087,0.00376592,0.00631473,-0.000198284,-0.000590496
0.0103186,0.00524533,0.0102955,0.0204669,0.00641294,0.0131326
0.00508492,0.0038128,0.00297414,-0.000779839,0.000483847,0.00175499
0.0149366,0.0106836,0.00600678,0.00649714,0.0014227,0.000455568
0.00890354,0.00580916,0.00378678,0.00242682,0.00044542,-0.00074698
0.0127845,0.00833293,0.00394842,0.0048258,0.000547177,-0.000817208
0.0233236,0.0119291,0.012036,0.0138944,0.00276558,0.00234082
0.0113685,0.00792848,0.00285982,0.00806369,0.000547648,0.00110328
0.00436956,0.00318616,0.00219721,0.00271651,0.000794725,-7.43571e-05
0.00706208,0.00494169,0.0037288,0.00244583,0.00158742,0.00116372
0.00875148,0.00451225,0.00588353,0.00784112,0.00257598,0.000316711
0.00925338,0.0066648,0.00389113,0.0030045,0.000156184,0.00128329
0.00443595,0.0030743,0.00234374,0.00201807,0.000653189,0.00136967
0.0126859,0.00914335,0.00638404,0.00711822,0.00190276,0.00106571
0.0127762,0.00914347,0.00434681,0.00712722,0.00135751,-0.000536582
0.0158935,0.00823382,0.00702216,0.00704772,0.00152591,0.0021851
0.0168313,0.00820245,0.00699168,0.00994437,0.00183212,0.00154356
0.00702448,0.00467207,0.00248392,0.006,0.000390338,-0.000345328
0.00437674,0.00292341,0.00180015,0.01523,0.0054846,0.014844
0.0197008,0.0131404,0.00764075,0.0140934,0.00317924,0.00212204
0.0077375,0.00545926,0.00159164,0.00479245,-0.000607521,-0.000325737
0.0125123,0.00888391,0.0052894,0.00782013,0.00130674,0.000634102
0.0200095,0.0127039,0.00713703,0.00826207,0.00150154,0.000620455
0.00756208,0.00514576,0.0104685,0.0158246,0.00359484,0.00267061
0.00665351,0.00334026,0.00379082,0.00531464,-4.95225e-05,0.000824787
0.00602292,0.00338926,0.00365016,0.00290223,2.11606e-05,0.00100653
0.0129966,0.00921138,0.00347783,0.00574409,0.00154031,0.000550563
0.0117982,0.00453098,0.00554602,0.00454754,0.00142153,0.000182036
0.013095,0.00621815,0.00533516,0.00610667,0.00100541,0.000983372
0.00552421,0.00405141,0.00267855,0.00284282,0.0011162,0.00186593
0.0143323,0.00985476,0.0062455,0.00940238,0.00193293,-0.000323624
0.0075922,0.00515835,0.0030835,0.00095963,-0.000154625,0.000851328
0.00568636,0.00341901,0.00168377,0.000574893,0.000275939,0.000970017
0.00478678,0.00360387,0.00262371,0.000105658,-0.000226946,-0.00111787
0.0063737,0.0047387,0.00574056,0.00429224,0.000461939,0.00153521
0.00808707,0.00603016,0.00329639,0.00391255,-5.34581e-05,-0.00032137
0.0162162,0.00840152,0.00798145,0.0112946,0.00208737,0.00148464
0.0208321,0.0140049,0.0158091,0.01758,0.00441131,0.00286216
0.0215323,0.0109996,0.0118132,0.0184884,0.00322916,0.00180195
0.0217711,0.0105132,0.00815384,0.0108117,0.0014835,0.000793128
0.00499888,0.00379068,0.00188652,0.00588211,0.000387288,-7.28831e-05
0.0119973,0.00839426,0.0124142,0.0137239,0.00168269,0.000177383
0.0163661,0.0114058,0.00783709,0.00566606,0.000704271,0.000833415
0.00936933,0.00671836,0.00427903,0.00658076,0.000341213,0.00104651
0.00640363,0.00445416,0.00389098,-1.47066e-05,-0.000132219,0.000938209
0.00615323,0.00421275,0.0029781,0.00327526,0.000928708,0.000901989
0.00886644,0.00418659,0.00587587,0.00781792,0.00136621,4.54959e-05
0.0119592,0.00416932,0.00687192,0.00610189,0.00145348,0.000823258
0.00926427,0.0038359,0.00423902,0.00424424,0.000230431,0.000465888
0.0362739,0.0217568,0.0306953,0.0453719,0.013113,0.0109192
0.036039,0.0117497,0.016552,0.0222408,0.00435942,0.00234722
0.04028,0.0117848,0.0178924,0.0205811,0.00415744,0.00187878
0.0184448,0.00894269,0.00720282,0.00339981,0.00179591,-7.48533e-05
0.00771262,0.00525654,0.00388729,-0.000669303,-0.0001444,0.00068669
0.0155287,0.0113229,0.00746223,0.00575731,0.00131907,0.000138213
0.00833563,0.00592317,0.00541411,-0.000287155,0.000770133,0.000942036
0.00539832,0.00395161,0.00382248,0.0018661,0.00175357,0.0010151
0.0146997,0.00984456,0.0155586,0.0143559,0.00171594,0.0027806
0.014657,0.0098608,0.0124306,0.0194446,0.00432832,0.00189513
0.00974644,0.00691139,0.00288584,0.00457136,0.000810249,-0.000276236
0.0251891,0.0115489,0.0111,0.0151404,0.00378199,0.00132173
0.00534027,0.00401583,0.00150044,-0.00444887,0.0013422,-0.000418944
0.00603107,0.00409367,0.0026254,0.00137982,0.000451888,0.00119289
0.00536197,0.00398821,0.00329648,-0.000395733,0.000941391,0.00111586
0.006924,0.00478217,0.00474515,0.00554898,0.00105539,-0.000696374
0.0100465,0.00639692,0.00356334,0.00757545,0.0020881,0.00131472
0.00762911,0.00417773,0.00296654,0.000880208,0.00010633,0.000525143
0.0135517,0.00881605,0.00667661,0.00817774,0.00126449,0.00105075
0.0121612,0.00739815,0.00605897,0.00874123,0.000879995,0.0016144
0.00690724,0.00471584,0.00314233,0.000198212,0.000163716,0.00101118
0.00551342,0.00397319,0.00227815,0.000709287,0.000524133,0.000191693
0.00541367,0.00419602,0.00247521,0.00151435,0.000754407,-0.00122012
0.0109563,0.00778562,0.00358777,0.00341093,0.00154164,-0.000106019
0.0213243,0.0129754,0.00811063,0.00489155,0.00111259,-0.000239483
0.0115379,0.0082102,0.00392588,0.00413004,0.00132572,0.000708969
0.00721171,0.00540839,0.00269718,0.0149631,0.00418602,0.0141873
0.00919007,0.00438387,0.00384502,0.00481534,0.00140976,0.000296311
0.00910233,0.00661572,0.00535999,0.00621027,0.00180169,0.000549685
0.0347769,0.022677,0.0179577,0.026258,0.00622463,0.00303753
0.00550984,0.00422584,0.00277984,0.00071621,-7.19634e-05,0.00132651
0.0131295,0.00902586,0.00465641,0.00662913,0.0002026,-0.000656867
0.017413,0.0120768,0.00427214,0.00325906,0.000817191,0.000646784
0.0209277,0.0116552,0.00885021,0.00760763,0.000902879,0.000826563
0.0299723,0.0111117,0.0158435,0.0181762,0.00593936,0.00707903
0.00899154,0.0063799,0.0040659,0.00187784,0.00167122,0.000587532
0.0132513,0.00915729,0.00517936,0.00947406,0.000742935,0.00153083
0.0154296,0.0109326,0.00417062,0.00743487,0.00116968,0.00134385
0.00580265,0.00424215,0.00377922,0.00464482,0.00192347,0.000614234
0.0169895,0.00673937,0.00933393,0.0156878,0.00333022,0.00145011
0.0170565,0.00673985,0.0090993,0.0154417,0.0035524,0.0010934
0.0113593,0.00614412,0.00555014,0.00394489,0.00103871,0.000513696
0.0115647,0.00828324,0.00480951,0.0111972,0.00292803,0.0058485
0.0213089,0.0144754,0.00729795,0.00862789,0.000456337,0.00102432
0.00504008,0.00328168,0.00207351,0.00290198,0.000351853,0.00124788
0.029999,0.0204193,0.0114329,0.0158026,0.00335942,0.00322373
0.0207863,0.0142197,0.00969538,0.007502,0.00140647,0.00140618
0.00701129,0.00453251,0.00287069,0.00369522,-7.89433e-05,-2.66182e-06
0.0121875,0.00865939,0.00582321,0.00534188,0.00174078,0.00132839
0.00606145,0.00416929,0.00294592,0.000600191,0.00100563,-0.000269877
0.0055446,0.00406064,0.00284408,0.00254282,0.000272125,9.06251e-05
0.0164202,0.0111787,0.00994844,0.0158827,0.00405268,0.00173984
0.00618877,0.00330932,0.00514411,0.00786026,0.00165884,-0.000452494
0.00715515,0.00494978,0.00509903,0.00411059,0.000489864,0.000357105
0.0103296,0.00421937,0.00549918,0.00413679,0.00102705,0.000531382
0.0120479,0.00538663,0.00877055,0.00923252,0.00157766,0.000597644
0.00719796,0.00520231,0.00307671,2.0374e-05,0.000403444,-0.000338672
0.0148759,0.010172,0.00650882,0.00838665,0.00120071,0.00149169
0.00896669,0.00629232,0.00449296,0.00614459,0.000733523,-0.00096965
0.00843796,0.00558228,0.00426495,0.00485583,-0.000408665,-0.000584002
0.0499054,0.0228473,0.0392067,0.0504257,0.0108557,0.00280377
0.00486404,0.0033602,0.00472326,0.00496269,0.00181103,0.000913799
0.0228589,0.0152029,0.0134984,0.0106159,0.00259623,0.00181554
0.00520665,0.00379328,0.0016086,0.00537026,0.00216543,-0.000602499
0.00879678,0.00639557,0.00411626,0.00614183,0.000505466,-0.000464451
0.011643,0.00804221,0.00478835,0.00578037,8.31985e-05,5.65488e-05
0.0122824,0.00643759,0.00575696,0.00574597,0.00100363,0.00119894
0.0241845,0.00947161,0.00991887,0.0112727,0.000935794,0.00143448
0.0207124,0.00951526,0.00800259,0.00998074,0.00106562,0.000988297
0.0262613,0.0172699,0.0136672,0.0201573,0.00435334,0.00338562
0.0179339,0.0125896,0.00707354,0.00655445,0.00133584,0.000874171
0.00939323,0.00589103,0.00421262,0.00754353,0.00274215,0.00351916
0.0137907,0.00726786,0.0051807,-0.000536112,0.00138714,0.0018465
0.00894176,0.00615348,0.00177147,0.00285235,0.00124356,0.000180736
0.011923,0.00815949,0.00541486,0.00927136,0.0026954,-0.000133998
0.0165678,0.00923918,0.0127054,0.0164362,0.00456032,0.00153304
0.007908,0.00555435,0.00420466,0.00401618,0.000455011,-0.000530698
0.00733466,0.00495878,0.00425435,0.00112032,0.000190198,0.000544386
0.00827172,0.00501836,0.00410924,0.00487749,0.000920316,0.000717082
0.0199156,0.0117563,0.00869126,0.00781656,0.00195663,0.000837901
0.010129,0.00720283,0.00780234,0.00875265,0.00213086,-0.000604027
0.00524027,0.00381126,0.00208412,0.00419564,0.000752719,0.000207001
0.0106301,0.00768498,0.0064481,0.00412921,0.00103046,-0.000324179
0.0136802,0.00743939,0.00586881,0.00859371,0.00113993,0.0012637
0.0118303,0.00821503,0.0066579,0.00454486,0.00137835,3.62605e-05
0.0142504,0.00710476,0.00745554,0.011372,0.00236042,0.00215849
0.0171954,0.00839237,0.007706,0.00937351,0.00173984,0.00100701
0.00756457,0.00422029,0.00241622,0.00451063,0.00104355,-0.000412828
0.00653508,0.00459367,0.00242364,0.000316434,0.000394277,-0.000354628
0.00610677,0.00448122,0.00311779,-4.08912e-05,0.000356401,-0.000433841
0.00921789,0.00645312,0.00359528,-0.00107144,0.000724937,-0.000636272
0.0136199,0.00948313,0.00529468,0.00594391,0.00116517,0.00169827
0.00473194,0.00351456,0.00221834,0.00274667,0.00046728,-0.000120907
0.00558195,0.00440113,0.00277256,0.00104328,-0.000409077,-0.00175542
0.00536589,0.00414063,0.00277179,0.0016408,-0.000628368,-0.000335194
0.00632949,0.00445954,0.00233686,0.00504925,0.00015574,-0.000791417
0.0214121,0.0152312,0.00640605,0.00796353,0.00205831,0.000922986
0.022402,0.015545,0.00876133,0.00912113,0.00230623,0.00193905
0.00627178,0.00432266,0.00603381,0.00513415,0.00128565,0.000948544
0.0114602,0.00786791,0.00503009,0.00387963,9.20559e-05,-0.000810097
0.00805091,0.00586897,0.00483744,0.00977286,0.00172031,-0.00037985
0.00882498,0.00379686,0.00500975,0.00557638,0.00180437,0.000590433
0.00904991,0.00395829,0.00499852,0.00622477,0.00165992,-0.00135781
0.0067714,0.00455019,0.00575581,0.00428934,0.00115655,0.000946995
0.00441734,0.0034854,0.00198756,0.00234648,0.000548637,0.00032677
0.00975558,0.00469759,0.00596992,0.00584809,0.00123767,-0.000414666
0.0192663,0.0136442,0.00904481,0.0147436,0.00163123,0.0015067
0.00783863,0.00554642,0.00412983,0.00146563,0.00197488,0.000247353
0.0045753,0.00355857,0.00258975,-0.00123313,1.48732e-05,0.000427939
0.0196947,0.013242,0.00618878,0.00997047,0.00184977,0.00141737
0.00639515,0.00466546,0.00290757,-0.000431837,-0.000176851,0.000378218
0.0232619,0.0151648,0.00912276,0.0428882,0.0133055,0.0303384
0.00571037,0.00392495,0.00494491,0.00626701,0.000861865,0.000617809
0.00837115,0.00362355,0.00492861,0.00414359,0.00150849,-6.21328e-05
0.00813753,0.00367188,0.00476739,0.00133862,0.00147775,0.000243989
0.00959752,0.00625264,0.0056126,0.00837906,0.00194402,0.00034126
0.0126714,0.00729743,0.00719534,0.0078796,0.00176703,0.000520921
0.00373186,0.0029523,0.00216792,0.00322698,-0.000294078,0.000723093
0.0159003,0.0109067,0.00636081,0.00100416,0.00168737,0.00141001
0.00398247,0.00315442,0.00165969,-0.00148129,-5.76568e-05,-0.000108993
0.0151911,0.0086091,0.00623743,0.00342566,0.00123933,-0.000378444
0.0141954,0.00802302,0.00708753,0.006326,0.002027,0.0012198
0.00645251,0.00425804,0.00429767,0.0096559,0.00468999,0.0069523
0.00599782,0.00442523,0.00275535,0.00236553,0.000396081,0.00129456
0.0114837,0.00802657,0.00935142,0.0245531,0.00995306,0.0275355
0.00838302,0.00603493,0.00254272,0.000338368,0.000175064,0.00101832
0.0172966,0.0101873,0.00830675,0.00730114,0.00106439,0.000268974
0.0186144,0.0130353,0.00795917,0.00987161,0.00190242,0.00105127
0.00758527,0.0053157,0.00502388,0.00441955,0.00185601,-0.000308599
0.00708875,0.00439705,0.00321481,-0.000503949,0.00130218,-0.000972109
0.00937102,0.00645937,0.00631298,0.00795086,0.00172609,-0.00011969
0.00481766,0.00336316,0.00241139,0.000400967,0.0011324,0.000487826
0.0139968,0.00970518,0.00629402,0.00676439,0.000818148,0.000151254
0.0260081,0.0143512,0.0113483,0.0197596,0.00561494,0.00147435
0.0125395,0.00873763,0.00606008,0.00735327,0.000982528,0.00214025
0.0142076,0.00961554,0.00452302,0.00569013,0.00167701,0.000533169
0.0102111,0.00743731,0.00472782,0.00718627,0.00222094,0.000320132
0.00527834,0.0035569,0.00225,0.00139982,4.46375e-05,-0.000742408
0.0103729,0.00737647,0.00290602,0.000618687,0.000441828,0.000498254
0.0143638,0.0104279,0.00478973,0.00640146,0.0014324,-9.81555e-05
0.0145215,0.0102207,0.00534307,0.0032326,0.00104786,0.000233477
0.0283386,0.0156001,0.0366255,0.0351412,0.00803429,0.00304523
0.00458804,0.00350064,0.00403974,0.00537959,0.000815816,0.000512965
0.0180586,0.0125853,0.00612263,0.00564836,0.00221119,0.00126101
0.00447585,0.00341682,0.00265305,-0.0013774,0.000644205,0.000122816
0.00658031,0.00407434,0.0028827,0.00479129,0.00116464,0.00137475
0.0184507,0.0127545,0.00682883,0.0104691,0.00129285,6.97061e-05
0.0100643,0.00706081,0.00583462,0.00671818,0.00206629,0.00203597
0.0338753,0.0126805,0.0194713,0.0163816,0.0043922,0.00433597
0.00431907,0.00318075,0.00414112,0.00613108,0.001281,0.000503053
0.0118884,0.00461167,0.00411157,0.00802116,0.00129443,2.46513e-06
0.0113736,0.00515088,0.00354013,0.00856724,0.00075668,-0.000137714
0.00535285,0.00393024,0.00254586,0.00243118,0.000355599,0.000113132
0.00524364,0.00376057,0.00281643,0.000793012,0.000525749,-0.00122941
0.00632544,0.00451155,0.00319509,0.00275912,0.000839973,0.00197963
0.0108783,0.00716896,0.00304284,0.00474177,0.0012995,0.000789288
0.0244828,0.0161444,0.0206105,0.0377345,0.00857278,0.00327981
0.00723938,0.00493858,0.00347983,0.00617578,0.0017557,0.000454495
0.0168918,0.0114317,0.00485012,0.00335167,0.00119909,-3.5598e-05
0.0135701,0.00564484,0.00500429,0.00477696,0.00138777,0.000151787
0.0134213,0.00567303,0.00519523,0.00420012,0.000926953,-6.37587e-05
0.0147235,0.0101293,0.00769005,0.00362649,0.00149061,0.000789479
0.0103611,0.00716562,0.00419721,0.00463413,0.00229327,0.00087441
0.00811014,0.00543446,0.00393537,0.00363981,0.000549098,0.00165661
0.00604408,0.00416339,0.00558652,0.00815977,0.00152804,0.000456022
0.00984109,0.00703454,0.0029603,0.0034212,0.000313791,-0.000474424
0.00801843,0.00405573,0.0047853,0.0092328,0.00243915,0.000372343
0.0116759,0.00820335,0.00620933,0.00612661,7.56632e-05,-0.000782289
0.00790717,0.00533736,0.0040497,0.00282405,0.00186077,-0.000396195
0.0149464,0.01021,0.00523652,0.00342284,0.00112202,-0.000311174
0.0123155,0.00846712,0.00829275,0.00710794,0.00154671,0.00168321
0.0117728,0.00783552,0.0038422,0.00551869,0.000694329,0.0022209
0.00525337,0.00381548,0.00339369,0.00187781,-0.000154339,-0.000876684
0.00444399,0.00337435,0.00173972,0.00670399,-0.000347705,0.000387958
0.00903206,0.00640097,0.00332347,0.00209771,0.000677164,-0.000123391
0.013182,0.00955657,0.00478986,0.00969716,0.00122928,0.000654618
0.00686128,0.00469609,0.00995487,0.00843383,0.00250637,0.00254247
0.00566169,0.00412897,0.00314435,0.00281628,0.000679676,0.000890312
0.00465127,0.00329506,0.00213779,0.00264809,0.00140673,-0.000288493
0.0151893,0.0108734,0.00645378,0.00278581,9.43142e-05,0.000565778
0.00805705,0.00571607,0.00419903,0.00340729,0.00227358,0.000247143
0.00761176,0.00536886,0.00706696,0.0175155,0.00521399,0.0106196
0.0114885,0.00770388,0.00397199,0.00132674,0.00113746,0.000148979
0.0111201,0.00600372,0.00519239,0.00467646,0.00143808,0.00147232
0.0104999,0.00477829,0.00513993,0.00211821,0.000769524,0.00031285
0.0045643,0.00305978,0.00225028,0.00377588,0.000373159,0.000409913
0.0189678,0.0123209,0.00893111,0.0109246,0.00223375,0.00162829
0.0093716,0.00662811,0.00337911,0.0209267,0.0086811,0.0238402
0.0120883,0.0084334,0.00348247,0.00584526,0.000866569,-6.83379e-05
0.00630444,0.00452098,0.00460143,0.00392182,0.00160035,0.00199648
0.0169764,0.00615789,0.0075328,0.00513214,0.00250813,0.0015143
0.00850382,0.00420866,0.00321871,0.0141679,0.00407327,0.0101145
0.00887727,0.00408184,0.00324296,0.0112016,0.00255025,0.00674761
0.0229354,0.0154288,0.00686138,0.0165864,0.00157305,-0.000174299
0.0172129,0.0076025,0.012558,0.0081446,0.0023372,0.0012064
0.0168987,0.00767028,0.0117445,0.00864968,0.00219773,0.000502791
0.0207461,0.0125303,0.00802843,0.00723303,0.00252786,0.000942213
0.0105227,0.00745362,0.00450011,0.00734603,0.00078293,0.0011217
0.00992199,0.00671404,0.00681927,0.00600144,0.00191865,0.000676921
0.00602577,0.00425462,0.00666574,0.00508789,0.00125394,2.67762e-05
0.0163971,0.0092524,0.00607099,0.0054336,0.00166714,0.000695935
0.0052229,0.00350556,0.00263931,0.00100194,0.000274474,-0.000263967
0.00703371,0.00520006,0.00246124,-0.0002697,0.00207046,9.66168e-05
0.0137894,0.00936095,0.00461637,0.00862586,0.00309467,0.00632104
0.0105748,0.00714283,0.00621007,0.00779176,0.000956692,-0.000673515
0.00417496,0.00302472,0.00204157,0.0031885,0.000199469,0.000140575
0.0102055,0.00726204,0.00471644,0.00978552,0.00328883,0.0103265
0.00960428,0.00633023,0.00945724,0.0105808,0.00160512,0.00105064
0.00919377,0.0067644,0.00328156,-0.000425267,0.000691924,-0.000259143
0.00815819,0.0058646,0.00315043,0.00425387,0.00135123,-0.000469888
0.0107023,0.00785867,0.00429418,0.00231251,0.000252796,3.60303e-05
0.0113661,0.00770399,0.00894016,0.00841607,0.00196235,0.00223303
0.00494071,0.00364727,0.00254374,0.00291698,0.000311534,-0.000864591
0.00893002,0.00535007,0.00752664,0.00803675,0.00135151,0.0022078
0.00776178,0.00570442,0.00445823,0.00774313,0.00105563,0.00261023
0.0145551,0.00995909,0.0118807,0.0141541,0.00361333,0.000398523
0.00825882,0.00646121,0.00405766,0.00302777,0.000849109,0.00136172
0.00965677,0.00709714,0.00345236,0.00156586,0.00137237,0.000781554
0.0199456,0.0142493,0.0115423,0.0143305,0.00155906,0.0012157
0.00738848,0.00502067,0.00359137,0.0042829,0.000589083,0.000333847
0.00602164,0.00454217,0.00482431,0.00381829,0.00129309,0.00139463
0.00477194,0.00337976,0.00285633,0.00227604,0.000153894,0.00091721
0.0116905,0.00785175,0.00442454,0.00969406,0.000834986,0.00020768
0.0137444,0.00991279,0.00709272,0.0101338,0.00118081,0.000668386
0.00748748,0.00314833,0.00332867,0.00547088,0.00198651,0.00140911
0.0126461,0.00434764,0.0055776,0.00786924,0.00129655,0.00120865
0.00917831,0.00420075,0.00384169,0.00556206,0.00072913,-0.000329362
0.00604693,0.00441879,0.00553555,0.00373695,0.00063362,0.00116523
0.0104425,0.00753606,0.0108834,0.0147076,0.00292233,0.00112274
0.00787125,0.00542694,0.00389666,0.00243394,0.000267106,0.00302824
0.00715386,0.00512166,0.00268124,0.00535308,0.00119352,0.000899853
0.0105592,0.00759635,0.00663364,0.00390178,0.00133109,-0.000527957
0.0140774,0.00980761,0.00397118,0.00379949,0.000469901,0.000203694
0.0115865,0.00786293,0.00461152,0.00804488,0.000756197,-0.000617092
0.012045,0.00638138,0.00659733,0.00514011,0.00234743,0.000659346
0.0134149,0.00637945,0.00706223,0.00504703,0.00265696,0.000486401
0.00734774,0.00544579,0.0044082,0.00221882,0.000455645,0.00078871
0.0120106,0.00818203,0.00527542,0.00966601,0.00286108,0.0019242
0.0206248,0.0137657,0.00937903,0.0081429,0.00157169,0.000496543
0.0117801,0.00801085,0.00502802,0.00316266,0.00153262,0.00168398
0.00999016,0.00681761,0.00324843,0.00402344,0.000460908,0.00035136
0.026111,0.0103103,0.0174448,0.0178901,0.0041021,0.00297335
0.0266994,0.0101506,0.0168992,0.0142989,0.00379865,0.00247228
0.00381028,0.00294816,0.00282206,0.00300249,0.000613237,0.000514274
0.00665816,0.00476415,0.00341466,0.00318118,0.00100861,0.000902359
0.00799916,0.00634091,0.00511964,0.00591353,0.000420281,0.0014348
0.0140483,0.010085,0.0080691,0.00797282,0.00156012,0.00128617
0.0100767,0.00725962,0.00684171,0.00628256,0.00105048,0.000779041
0.00738706,0.00537101,0.00430293,0.00345587,0.000855971,0.00150504
0.0117145,0.00831465,0.00352044,0.00211819,7.71145e-05,-0.000223474
0.0294162,0.0189883,0.0178313,0.02318,0.00359999,0.00170421
0.00635415,0.00463455,0.00316668,0.00270677,0.00139541,0.00121772
0.00750664,0.0053587,0.00315996,0.00291225,0.000308834,0.000905681
0.0222513,0.0140756,0.0088767,0.00850369,0.00207653,0.00154317
0.00434617,0.00335732,0.00169482,0.0218895,0.00922981,0.0214108
0.00480325,0.00331508,0.00252575,0.00152343,0.000317533,0.00184582
0.00785859,0.00546009,0.00488214,0.00154114,0.00114373,-0.00132398
0.00784031,0.00529142,0.00352756,0.00142393,0.00140713,0.000189863
0.0288242,0.01514,0.0218906,0.0223957,0.0040187,0.00294099
0.0235078,0.0103099,0.0124275,0.0148136,0.00149664,0.000407615
0.00734129,0.00547913,0.00532228,0.00722192,0.00135102,0.00218286
0.0197371,0.0143985,0.00753292,0.0124605,0.00155657,0.00101342
0.00633413,0.00442455,0.00441286,0.00186285,-6.84574e-05,0.000528154
0.0254065,0.0113484,0.0110182,0.0178666,0.00278556,0.00364393
0.0256633,0.0113367,0.0110516,0.0181699,0.00304095,0.00378094
0.00839221,0.00626555,0.0052755,0.0112696,0.000971338,0.00242212
0.0133773,0.00805735,0.00761983,0.00868917,0.00138845,0.00148375
0.0117306,0.00838352,0.00349938,0.00273995,0.0015631,0.000694919
0.0220347,0.00957935,0.0079486,0.0100135,0.00207082,-0.000328007
0.00681823,0.00448393,0.00280696,0.00312237,0.00109856,0.0012999
0.00435977,0.00302794,0.00263148,0.00208886,0.000393369,0.00121882
0.00832699,0.00597802,0.00449504,-0.00159728,0.00107518,0.00120136
0.00584253,0.00446818,0.00202048,0.00598845,0.000563751,-0.000375234
0.0124339,0.00605422,0.00692644,0.0038761,0.00162759,0.0011158
0.0156289,0.00830719,0.00674472,0.00599031,0.000985377,-0.000365256
0.00873811,0.00635806,0.00463549,0.00413995,0.000664438,0.000991201
0.00753504,0.00508579,0.00334574,0.0015274,0.000328162,-0.000629154
0.00680113,0.0046126,0.00308521,0.00261205,0.000564984,-0.000222458
0.0130508,0.00729644,0.00677761,0.00258096,0.0013271,4.02149e-05
0.014251,0.007323,0.00684346,0.00309095,0.00136241,0.000621801
0.0111979,0.0078069,0.0055512,0.0104579,0.00278054,0.00163186
0.0121045,0.00835169,0.00433389,0.0102044,0.00347323,0.00721157
0.00827634,0.00596922,0.00421142,0.00566947,0.00209268,0.000129097
0.00574999,0.00440384,0.00221764,0.00153938,-0.000277018,-0.000228748
0.0152306,0.0065125,0.00964576,0.022276,0.00988894,0.0227183
0.0147829,0.00651311,0.00935932,0.0216601,0.00990074,0.0227151
0.0206858,0.012314,0.00663406,0.0159004,0.00383294,0.0120174
0.0147653,0.0103346,0.00687161,0.00495346,0.000809104,0.00224789
0.00568855,0.00307186,0.00272296,0.00042161,0.000805588,-0.00157812
0.00808803,0.00583003,0.00282569,0.00228664,0.000455367,0.000583943
0.00934804,0.00664884,0.00237809,0.0063536,0.000526283,0.00172722
0.00744706,0.00502548,0.00482818,0.00141853,0.000674918,0.000603115
0.00717934,0.00497836,0.00299924,-0.000159022,0.00161311,0.000982374
0.00704517,0.00490945,0.003215,0.000665925,-3.50769e-05,0.000708564
0.008455,0.00571409,0.00352693,0.00279746,0.00132452,0.000513466
0.00864801,0.00614729,0.0035219,-0.000430211,0.00132314,0.00194109
0.01702,0.0110011,0.0109316,0.0190402,0.0040493,0.00126037
0.0065072,0.00435283,0.00298957,-0.00150221,0.000772927,0.000366543
0.0135895,0.00928877,0.00524019,0.00432367,0.00025137,9.73839e-05
0.00575375,0.00432319,0.00469911,0.00126918,-0.000556785,0.00066784
0.00962909,0.00664584,0.00513824,0.00472899,0.00102918,0.00113644
0.00610267,0.0039581,0.00379637,0.00489191,-0.000256969,0.000243838
0.0110534,0.00748027,0.00601743,0.00765263,0.00192055,0.00151958
0.0156501,0.0107659,0.0073094,0.00903289,0.00192387,0.000766796
0.00990013,0.00674814,0.0052952,0.00907079,0.00282093,0.000267248
0.0269502,0.0173277,0.0186107,0.0238017,0.00350267,0.00146359
0.0155987,0.010843,0.00289853,0.00885214,0.00152885,-5.68057e-05
0.0126536,0.00792822,0.00644998,0.00294275,0.00124624,0.00049653
0.0073975,0.00520242,0.00293448,0.00399257,0.000394459,-7.71307e-05
0.0058293,0.00416191,0.00233028,0.000413454,0.000263609,-0.000816244
0.00962959,0.00683878,0.00639818,0.00797991,0.00138062,0.00160327
0.0217899,0.0152194,0.00868845,0.00806996,0.00112782,0.00133511
0.004761,0.00351466,0.00660934,0.000209043,0.000447199,0.000567363
0.014176,0.0101135,0.00532101,0.00784625,0.00132039,0.000796321
0.0232615,0.0154309,0.00776458,0.00137127,0.00133974,0.000702587
0.00708767,0.00500188,0.00788358,0.00627405,0.00209618,0.000792536
0.00558703,0.00413926,0.00232852,0.00390293,0.000331454,-0.000724475
0.00609543,0.00394196,0.00268627,0.00207418,0.000273662,0.00064374
0.00870036,0.0055485,0.00313851,0.00425777,0.000194536,0.000447266
0.011767,0.00806932,0.00683785,0.00535494,0.000424533,0.000274079
0.0160939,0.00833594,0.00849844,0.0130367,0.00295915,0.00161863
0.0234161,0.0113987,0.021612,0.0142128,0.00378496,0.00142455
0.0250719,0.0115306,0.0221378,0.0165938,0.00398035,0.00123724
0.0104213,0.00559698,0.0065733,0.00717597,0.000376553,0.00139826
0.0157443,0.0109454,0.00629042,0.0077612,0.00168419,0.00159685
0.00736432,0.00536721,0.00315741,0.00452225,0.000428397,-0.000740297
0.0126236,0.00881237,0.0056724,0.00642214,0.00173407,0.000142491
0.011466,0.00598789,0.00605678,0.0051426,0.000264471,0.000753794
0.0103166,0.00407757,0.00492412,0.00317559,7.03856e-05,0.00181865
0.00767366,0.00496707,0.00399207,0.0021246,0.000925383,0.000480016
0.00403746,0.00311501,0.0024936,-0.000195875,-0.000346903,0.000460696
0.0127438,0.00772511,0.00757383,0.0146748,0.00400903,0.00760531
0.0144208,0.0079409,0.00737896,0.0177258,0.00324582,0.00712634
0.00489136,0.00312936,0.00338444,-0.00161373,-0.000361036,0.000845207
0.0046153,0.00347538,0.0020789,0.000695388,8.62686e-06,0.000958444
0.0162421,0.0111298,0.00509083,0.00459835,0.000532995,0.000238746
0.0162958,0.00859236,0.00849487,0.00989417,0.00317312,0.00140836
0.0166407,0.00736364,0.00809567,0.00965766,0.00228033,0.000800085
0.0095889,0.00355564,0.00406222,0.00261366,0.000913954,0.00131714
0.00856447,0.00577261,0.00388853,0.00376335,0.000798423,0.000878967
0.0128847,0.00915742,0.00557801,0.00416276,0.00165274,0.00117804
0.0111282,0.00764622,0.00536453,0.00637254,0.000552236,0.000598643
0.00914618,0.00649248,0.00475905,0.00637926,0.00153748,0.000313978
0.00725254,0.00493979,0.00359773,0.00458269,0.000326109,-7.45138e-05
0.0181731,0.00707921,0.00896497,0.00628807,0.00177282,0.00171599
0.0103198,0.00665307,0.0036326,0.00490161,0.000700382,0.00222176
0.0103523,0.00486856,0.0043948,0.00799748,0.00068592,0.00103654
0.0101785,0.00407434,0.0049621,0.00746615,0.000539355,0.000150537
0.0101464,0.0051999,0.00445386,0.0040923,0.000776343,0.000933297
0.00962186,0.00377683,0.00483173,0.00118876,0.000784711,0.000436581
0.0135737,0.00860805,0.00749795,0.00495838,0.0010821,0.00163885
0.00915825,0.00409387,0.0037135,0.00287171,-3.71284e-06,0.000155689
0.00772293,0.00542384,0.00659936,0.00652025,0.000865823,-0.000912165
0.00479214,0.0034334,0.00235656,0.0020539,-0.000450534,-4.85616e-05
0.0119839,0.00815996,0.00690929,0.00769992,0.00124946,0.000425234
0.00636417,0.00442208,0.00637472,0.00510509,0.00103113,0.00220296
0.00489748,0.00378477,0.00259461,0.00328032,-0.00051449,0.00107862
0.0109293,0.00680476,0.00466334,0.00761907,0.00151806,0.00141775
0.00683098,0.00370323,0.00740326,0.00576414,0.00118092,0.000968952
0.0137022,0.00926572,0.0120755,0.00867299,0.00246838,0.00319768
0.0171335,0.0118491,0.00563348,0.0101336,0.00204071,0.000367268
0.0186816,0.0107667,0.00561491,0.00921426,0.00200542,0.00058922
0.00790281,0.00582916,0.00341273,0.00861084,0.00291671,0.00702112
0.00863766,0.00609634,0.00452892,0.00680438,0.000895263,0.000215294
0.0103293,0.00750705,0.00392593,0.00817943,0.00138912,0.00144314
0.00545756,0.00401468,0.00268568,0.00337905,0.000362762,0.000471994
0.00571483,0.00419125,0.0023483,0.000623393,-5.64666e-05,0.00116346
0.0135769,0.00989084,0.00786453,0.0209731,0.00606249,0.0166447
0.00492115,0.00344773,0.00254288,-0.0012397,0.000380073,0.000612265
0.0235047,0.0149852,0.00790939,0.0139351,0.00231984,0.00177895
0.00600886,0.00457803,0.00661302,0.0152324,0.00652584,0.0152234
0.0117246,0.00824412,0.00186288,0.00522823,0.000884883,0.00111779
0.00663273,0.00483231,0.0023815,0.00153908,0.00120256,0.00145405
0.00520447,0.00399413,0.00281111,0.000408197,2.95651e-05,0.00297385
0.00479381,0.00364669,0.00204824,0.00225158,0.000177407,0.00192917
0.011231,0.00746595,0.00581754,0.00284634,0.00103784,0.00050792
0.00681746,0.00472345,0.00246946,0.00476492,-2.87837e-05,-0.00024243
0.00806967,0.00591788,0.00389464,0.000609463,0.000565821,0.00194611
0.00487863,0.00377996,0.00217097,0.00359841,0.000119466,0.00108593
0.00485918,0.00347433,0.00212948,0.00223922,-0.000179795,0.000910246
0.00832951,0.00594702,0.00392613,0.00948668,0.00117039,0.00111478
0.00588503,0.00396474,0.00282258,0.00332893,0.000609753,8.21571e-05
0.00628792,0.00441551,0.00289558,0.00246674,0.000607519,0.00196285
0.0088662,0.00454462,0.00511118,0.00720848,0.000230792,0.00111084
0.0106407,0.00765492,0.00662116,0.00758134,0.00128296,0.00146897
0.029247,0.0198688,0.0122611,0.0158006,0.00282597,0.000767637
0.024601,0.0120958,0.0124963,0.0176736,0.00355104,0.0020362
0.010206,0.00693276,0.00447795,0.00437091,0.000687581,0.000140131
0.00756427,0.00517648,0.00293232,0.00279548,-0.000292442,0.000675962
0.0131226,0.00909431,0.00324262,0.00731201,0.000521624,0.000686806
0.0260045,0.0178239,0.0077982,0.012371,0.00333141,0.00161655
0.00760794,0.00522599,0.00285025,0.0061591,0.000694921,0.000382181
0.0111524,0.00774256,0.00562953,0.00710805,0.00160956,0.000247506
0.00780594,0.00543465,0.00298518,0.00366792,0.000137945,0.000665272
0.0121588,0.00858043,0.00467487,0.00790904,0.000841278,0.000199186
0.0045252,0.00324796,0.00383093,0.00541688,0.000486075,0.000865082
0.00961163,0.00660142,0.00471517,0.00248639,0.000124934,-0.000285746
0.007309,0.0051511,0.0037178,0.00416666,0.000155863,0.00089066
0.00914268,0.00631642,0.0034447,0.00410579,0.000922118,0.000287565
0.00391983,0.00310372,0.00239791,0.00400486,0.000148067,0.000759365
0.00918767,0.00642984,0.00375916,0.00810089,0.000828938,0.000890839
0.00817144,0.00518304,0.00440308,0.00427809,0.00142841,0.000434946
0.0114548,0.00448384,0.00647682,0.00701118,0.00248421,0.00157215
0.0141621,0.00705939,0.00550262,0.025322,0.00817517,0.0235542
0.0130302,0.00510031,0.00616566,0.0279305,0.00711631,0.020374
0.00600716,0.00313545,0.00359799,0.00408744,0.000493481,0.000678732
0.012,0.00825891,0.00379967,0.00179059,0.00176761,0.00113406
0.0171318,0.00988758,0.00631599,0.010549,0.00275814,0.00102255
0.0196449,0.011303,0.00586774,0.0121669,0.00278297,0.0018301
0.00604282,0.00440914,0.00261248,0.00117367,0.000156933,0.000626064
0.013072,0.00884379,0.00583394,0.0101815,0.00260615,0.0015253
0.00928589,0.0062473,0.00397208,0.0120579,0.00299972,0.00916777
0.0150519,0.0104525,0.00597142,0.00731461,0.00128066,0.00106923
0.00534428,0.00362854,0.00357575,-0.00154592,0.000664881,0.000290453
0.0252004,0.0125423,0.00933593,0.011906,0.00254666,0.00167475
0.00917666,0.00624226,0.00830211,0.0109033,0.00177924,0.000389133
0.0104346,0.00744457,0.00468389,0.00946445,0.000203679,0.000554079
0.00442091,0.00333957,0.00281863,0.000785132,-2.93168e-05,0.000623808
0.00821058,0.00607566,0.00405166,0.00665724,0.0019277,0.00101567
0.00516367,0.003844,0.00173836,0.00361805,-0.000455199,-0.000295807
0.0102575,0.00624403,0.00433639,0.00389106,0.000684872,0.00158649
0.013408,0.00863386,0.0057146,0.0028474,0.00106654,0.00136792
0.00736566,0.00525729,0.0066028,0.0224331,0.00606,0.0261899
0.0126137,0.00828113,0.00818775,0.00754368,0.00190953,0.00239237
0.0121741,0.00753176,0.00872233,0.00935752,0.00155565,0.00265786
0.00857145,0.00408133,0.0056536,0.00209657,0.000501685,0.000249861
0.0081343,0.00415305,0.00545426,0.00115147,0.000205973,0.000314433
0.0270324,0.014711,0.0123863,0.022147,0.00687622,0.0121147
0.018525,0.0121265,0.0096031,0.0204833,0.00588415,0.0100655
0.0175754,0.0104582,0.0119745,0.015703,0.0030256,0.00202078
0.0180456,0.0124963,0.00544387,0.00677581,0.00100375,0.000756728
0.0107647,0.00757426,0.0033749,0.00923544,0.00165913,0.00138474
0.0151654,0.0104792,0.00199372,0.0162479,0.00384125,0.00695671
0.00860079,0.00515688,0.00312885,0.00496716,0.000768937,0.000799315
0.00803297,0.00492416,0.00570302,0.0109862,0.00215697,3.00551e-05
0.0149597,0.00729228,0.00603638,0.00745807,0.00103009,-0.00044086
0.0148567,0.00578388,0.006409,0.0065099,0.00102155,-0.000925819
0.00716363,0.0050547,0.00325491,-0.000606992,0.000171437,0.000454289
0.0142984,0.0100374,0.00583646,0.00300969,0.000844986,0.00114014
0.015084,0.00826269,0.0102403,0.00509745,0.00108166,9.25455e-05
0.0145876,0.00825309,0.00946993,0.00705726,0.000233999,0.000125766
0.00682443,0.00519382,0.0015864,0.00417676,0.00096316,0.000226265
0.00459244,0.00344252,0.0019716,-0.000830633,-0.000410733,0.00282014
0.010332,0.00653378,0.00318008,0.00583327,0.00124113,0.00103694
0.0109925,0.00489719,0.00851931,0.00349798,0.00141434,0.000759519
0.0170944,0.00753271,0.00682328,0.00758965,0.00152405,0.00141793
0.0181142,0.0075819,0.00716143,0.00783272,0.00165944,0.00157965
0.0082929,0.00553436,0.0153921,0.0413901,0.0102838,0.0226525
0.00612187,0.00420748,0.00317711,0.00569743,0.00199888,-0.000345967
0.0048704,0.00384586,0.00231008,0.0021363,0.000303437,0.00115485
0.00562815,0.00409334,0.00259928,0.000243166,0.000676718,0.000482515
0.013126,0.00728033,0.00804498,0.0139556,0.00256526,0.00198584
0.0102789,0.00448538,0.00796744,0.00983416,0.00180411,0.00154133
0.00451184,0.0033809,0.00623341,0.0129366,0.00229811,0.00288424
0.0104481,0.00719923,0.00362835,0.0274924,0.00677394,0.0171509
0.0149306,0.010018,0.00657882,0.0120094,0.0014191,0.00102187
0.012229,0.00860325,0.00359619,0.0104211,0.00333531,0.00108365
0.00830994,0.0051815,0.00394624,0.00653972,0.00166883,0.000334036
0.010559,0.00646128,0.00516594,0.00383385,0.000968088,0.000490639
0.0092066,0.00624952,0.0044032,0.00684966,0.0014139,0.000806265
0.0138267,0.00977784,0.00780316,0.00422223,0.00105849,0.00162429
0.00682545,0.00469132,0.00339526,0.00296693,-0.000310934,0.00127537
0.00752541,0.00556874,0.00282867,0.0032269,-4.0385e-05,0.000153878
0.00584705,0.00405622,0.00250132,0.000158939,0.00150267,-0.000695605
0.00694051,0.00502234,0.00230297,0.00339373,0.000580894,0.00195945
0.0184718,0.0119829,0.00714049,0.0140345,0.00150507,0.00205666
0.0220394,0.0100081,0.00950747,0.0107711,0.00170453,0.000234185
0.0212775,0.0100523,0.00904001,0.00860554,0.0014826,-0.000244114
0.00955801,0.00678525,0.00560908,0.00306884,0.00063982,0.000574506
0.00749945,0.00505413,0.00416489,0.0039147,0.0011362,0.000362605
0.0094663,0.00680646,0.00414422,0.00350236,0.00112676,0.00195208
0.00691735,0.00485885,0.00248116,0.00636956,0.00111729,0.000160052
0.00474942,0.0035621,0.00170806,-0.000172423,0,-0.000179595
0.00670421,0.00485658,0.00249118,0.00399343,0.000140457,0.000895148
0.0244722,0.0160121,0.0233122,0.037656,0.00879306,0.00643706
0.0137052,0.00938003,0.00574734,0.0084496,0.00156185,0.00129323
0.00963337,0.0045587,0.00599651,0.00721441,0.000904851,0.00119788
0.0123295,0.00456213,0.00748199,0.00659792,0.000909819,0.000139155
0.00715557,0.00484847,0.00476985,0.00483259,0.00121697,-0.000683996
0.00495352,0.00377412,0.00345075,0.00410365,0.000968486,0.000694589
0.0113044,0.00812521,0.00392836,0.00417079,0.000640018,0.000733897
0.0177646,0.0114774,0.00673194,0.00865498,0.00133308,0.00159884
0.0200032,0.012732,0.00722521,0.013413,0.00217496,0.00107956
0.0124247,0.008802,0.00772057,0.0114027,0.00104564,0.00122393
0.0184656,0.0130556,0.00785815,0.0104503,0.00322194,0.00211139
0.00658623,0.00441896,0.00241908,0.000787229,0.000742717,-0.000304344
0.00815222,0.00475995,0.00527655,0.00950511,0.00251734,0.00774184
0.00965058,0.00517503,0.00549631,0.0125027,0.00308649,0.00736308
0.0109887,0.00723883,0.00574516,0.00929631,0.00129175,0.00187972
0.00414498,0.00306985,0.00427603,0.00361077,0.000511249,0.000904348
0.00556611,0.00419332,0.00256215,0.00317697,0.000137211,6.71237e-05
0.00466799,0.00356226,0.00242148,-0.000186252,0.000432762,0.000450557
0.0109826,0.0076635,0.00436804,0.00460379,0.0015384,0.000900793
0.00587378,0.00440278,0.00251389,0.00324517,0.000980502,0.000235927
0.0134726,0.00763066,0.00738418,0.0162345,0.000702374,0.00188931
0.0137287,0.00909525,0.00628448,0.00484215,0.00108046,0.000784239
0.0155142,0.0108703,0.00426351,0.0109125,0.00207396,0.00176665
0.00554337,0.0041382,0.00273468,0.00124369,0.000741893,-0.000229558
0.0231497,0.0098395,0.011861,0.0128086,0.00412932,0.00177742
0.0161164,0.0116378,0.00523667,0.0142503,0.00246365,0.000792443
0.014188,0.0100807,0.00502158,0.00813435,0.00148143,3.57543e-05
0.012717,0.00561711,0.0065847,0.00782299,0.00179912,0.000371133
0.0179113,0.0110762,0.0089003,0.0105041,0.00200767,0.000700798
0.0122602,0.00845995,0.00513924,0.00929843,0.00194843,0.000968387
0.00674996,0.00368913,0.00416961,0.0026836,0.00110528,0.000478551
0.010754,0.0072619,0.00510715,0.00644061,0.0015386,0.000866111
0.0114952,0.00809655,0.00457673,0.0065024,0.000868423,0.00138465
0.0101456,0.00724023,0.00479752,0.00799257,0.00282199,0.00605785
0.00996167,0.00484559,0.00320443,0.00805792,0.00178381,0.000502262
0.0261688,0.0114556,0.0101065,0.0132417,0.00327723,0.000108447
0.0349195,0.0114994,0.0128054,0.016592,0.00339626,-0.000144298
0.0227337,0.0114502,0.00803253,0.00725962,0.00203736,-0.000137089
0.0242738,0.0121645,0.00973543,0.0128721,0.00180405,0.00197739
0.0128875,0.0088822,0.00528935,0.008359,0.00139585,0.000304438
0.0161621,0.0104959,0.00625485,0.011886,0.0023623,0.000919074
0.0120817,0.00788542,0.00642501,0.00496488,0.00164087,0.000518162
0.0148031,0.0060794,0.00652571,0.0116163,0.00193041,0.00143017
0.0161116,0.00919641,0.00694234,0.00840367,0.00131873,0.000543727
0.00878768,0.00641205,0.00275022,0.00280593,0.000616448,0.000276343
0.0120953,0.00523592,0.00468258,0.00619319,0.00205386,0.00173109
0.01557,0.00530326,0.00632678,0.00773812,0.00322261,0.00103387
0.0108643,0.0052606,0.00436679,0.00782539,0.00297434,0.000519394
0.0115895,0.00811007,0.00445464,0.00525741,0.000866528,-4.39691e-05
0.00918346,0.00673456,0.00291328,0.00619202,0.000784054,0.00181642
0.00693782,0.00493982,0.0102232,0.0134293,0.00268106,0.00107732
0.00507066,0.00340405,0.00369369,0.00796522,0.00302428,0.00365292
0.00447854,0.00343545,0.00236264,0.00313694,0.000118754,0.0010793
0.00833444,0.00477385,0.00381736,0.00177636,0.00125233,0.00333844
0.00782822,0.00503802,0.00541618,0.0085467,0.00196022,0.00431736
0.00967496,0.00684958,0.00408314,0.00293775,0.000768433,0.000396278
0.00735821,0.00538048,0.00406405,0.00563585,0.000980461,0.000760629
0.0180985,0.00837244,0.00768167,0.00289134,0.00133422,0.000308968
0.0222685,0.0152097,0.00760882,0.00976171,0.00227295,0.00131636
0.00912268,0.00586871,0.00445127,0.00989715,0.001546,0.000841645
0.00429826,0.00313034,0.00300259,0.00595472,0.000636836,0.000977577
0.0126922,0.00665574,0.00828027,0.0110098,0.00259285,0.000259352
0.0143324,0.00672618,0.00834682,0.0119934,0.00244698,0.00108138
0.00474805,0.00333138,0.0042467,0.00280814,-0.00056854,0.000402175
0.00975121,0.00711061,0.0044169,0.00864906,0.000439528,0.00154351
0.00812213,0.0056593,0.00590913,0.00504574,0.00185126,0.00240004
0.00776755,0.00560285,0.0034003,0.00276621,0.00108267,-0.000148673
0.0107643,0.00759747,0.00326427,0.00320416,0.00120391,0.00110079
0.0178792,0.0104857,0.00512835,0.00973349,0.00274065,0.000977381
0.01101,0.00758139,0.00563965,0.00298994,0.00169422,-0.000471685
0.0074755,0.00538309,0.00299166,0.00443429,-0.00015244,0.00029409
0.00996669,0.00708479,0.00509176,0.00560042,0.000933866,-0.000839839
0.00833285,0.00600283,0.00354442,0.00049447,0.000345536,0.000212384
0.0113502,0.00806288,0.0036619,0.00841448,0.0009366,0.00154451
0.0039425,0.00315891,0.0020051,0.00298642,0.000136135,-0.000340958
0.0097229,0.00697429,0.0041062,0.00501314,0.000774315,0.000978154
0.00643348,0.00462562,0.00388179,0.00704404,0.000389609,0.000195637
0.0163014,0.00995245,0.00767629,0.00639558,0.00306901,0.000612477
0.0197044,0.0131323,0.00768045,0.00598515,0.00138122,0.00169458
0.0191935,0.00713778,0.0147725,0.00955,0.00150881,0.000996591
0.0200071,0.00730247,0.0148597,0.0106266,0.0028447,0.000774279
0.0130361,0.00906321,0.00864821,0.0105208,0.00288059,0.000364776
0.0078774,0.00582351,0.00324567,-0.00081823,0.00078612,0.000700298
0.0172932,0.0118244,0.00621883,0.00783136,0.00123077,0.000644939
0.0134377,0.00949378,0.00477546,0.00446007,0.00174277,-0.000364397
0.00656931,0.00507755,0.00228908,0.00271182,0.000311868,0.000858504
0.00889844,0.00639166,0.00460069,0.00505666,0.000925512,-6.03002e-05
0.00798868,0.00576243,0.00262833,0.00475809,0.000564982,0.000913175
0.00696628,0.00505558,0.00911159,0.0247667,0.00710887,0.0179433
0.0310609,0.016247,0.0141174,0.0189446,0.0046684,0.00242608
0.0294849,0.0144497,0.0168481,0.0219735,0.00430403,0.00248761
0.00740037,0.00553619,0.00372119,-0.000338196,0.000421377,0.0010755
0.0129589,0.00851913,0.00403949,0.00584413,0.00253206,0.00494603
0.00901245,0.00475588,0.00370527,0.00961381,0.00266387,0.00632476
0.0108646,0.00686728,0.00472779,0.00740022,0.00131507,0.00148493
0.00981446,0.00673743,0.00254003,0.00946055,0.000630522,0.000318335
0.0137083,0.0098943,0.00670448,0.00450815,0.0011258,0.00266162
0.00798423,0.00574817,0.0027425,0.00659258,0.000213975,-0.000772771
0.00772542,0.00581003,0.00557951,0.00506872,0.00120349,0.000200897
0.0175605,0.0115292,0.0317071,0.0440009,0.00822615,0.00395513
0.021067,0.0111117,0.0141572,0.0159049,0.0044208,0.000758383
0.0194245,0.00894952,0.00929458,0.00824388,0.00172997,0.000237053
0.0112532,0.00771789,0.00419992,0.000978487,0.000685024,-0.000239438
0.00845625,0.00584914,0.00196084,0.00601257,0.000726322,0.0012696
0.00764672,0.00543012,0.00329486,0.00507382,0.000797763,0.000970079
0.016261,0.0118651,0.00404295,0.00703672,0.000928513,-0.000319909
0.0170165,0.0119899,0.0092853,0.00608557,0.000707003,0.00134204
0.011158,0.00760181,0.00518343,0.00399171,8.76504e-05,0.000468413
0.00715484,0.00504885,0.00400513,0.000646156,0.000485986,-0.000251162
0.00579699,0.00414509,0.00285408,0.00176568,0.000839148,0.00192416
0.0104588,0.00775446,0.00356408,0.00341785,0.00110296,0.00140533
0.014967,0.0104567,0.00897192,0.0124361,0.00271678,0.00225203
0.00902775,0.00669873,0.00327097,0.00516226,0.0010173,-0.000148103
0.012709,0.00880856,0.00465048,0.00620709,0.000406809,0.000525809
0.0145428,0.00822923,0.00976864,0.0121814,0.00294563,0.00116435
0.0118075,0.00698003,0.0078648,0.00955872,0.00214043,-0.000476103
0.00956692,0.00662611,0.00604574,0.00474685,0.000817044,-2.11739e-05
0.0329581,0.0190841,0.0126335,0.0152499,0.00206337,0.00260154
0.0221287,0.00840552,0.00758489,0.012084,0.00108994,0.000411276
0.0349284,0.0142493,0.0424235,0.0454138,0.0104891,0.00662923
0.0173408,0.0120186,0.0058186,0.00976771,0.00181451,0.00120093
0.0114429,0.0084369,0.00458456,0.00711221,0.00127153,0.000436123
0.00898044,0.00603001,0.00305553,-0.00118521,-0.000544318,-0.000162493
0.00745326,0.00520419,0.00330151,0.00397418,0.00107326,0.000340223
0.00472646,0.00377626,0.00196091,0.0010723,0.00101104,0.00150691
0.00778696,0.00514837,0.00511113,0.00637642,0.000743229,-0.000167297
0.00937968,0.00636267,0.00348593,0.00483085,0.00128739,0.000654144
0.015079,0.00998663,0.00982964,0.0124757,0.00230815,0.0023587
0.0113802,0.00451492,0.00628788,0.00447391,0.00189083,0.00128753
0.0122802,0.00440256,0.00613306,0.00564362,0.00109364,0.00164547
0.00717653,0.0047409,0.00248379,0.00565053,0.000397819,0.000475861
0.0110406,0.00685693,0.00477864,0.00370406,0.000375509,-0.000346429
0.00405747,0.00304343,0.00249647,-0.00034593,0.000320152,0.00023866
0.0110831,0.00795838,0.00860484,0.0062934,0.000919002,-0.000750713
0.00640896,0.00451943,0.00267412,-0.00141453,0.00132109,-9.57549e-05
0.00668943,0.00493691,0.00304615,0.00686148,0.000313229,0.000290099
0.0378929,0.0209809,0.0183673,0.018729,0.00327223,0.00219726
0.0136339,0.00927542,0.00476929,0.00663383,0.00110794,-3.156e-05
0.00647326,0.00459975,0.00195415,4.37352e-05,0.00101776,-0.000272581
0.0194212,0.0120298,0.00682256,0.00780525,0.00240767,0.000612366
0.0152325,0.00656037,0.00607735,0.00437268,0.00161325,0.00057907
0.00564382,0.00377441,0.004193,0.0036673,0.000713992,0.00160458
0.0046339,0.0035534,0.00385895,0.00944478,0.00109746,0.00397456
0.0133217,0.00513899,0.0118556,0.0130343,0.00373379,-2.78398e-05
0.0149856,0.00663852,0.00652466,0.00875566,0.00163156,0.00126344
0.0101762,0.00699573,0.0059181,0.0119246,0.00131172,-0.000144124
0.0142087,0.010209,0.00359716,0.00740895,0.00180492,0.000730785
0.0151412,0.00852521,0.00648296,0.00701198,0.00112253,0.0017796
0.00468407,0.00315554,0.00304151,0.00433093,0.000977871,0.00123581
0.0115981,0.00789437,0.00418949,0.00859386,0.0014314,0.000341114
0.0156008,0.0110598,0.0058145,0.00463685,0.00127996,0.000527246
0.0084562,0.0062128,0.004157,0.00163093,0.00170661,0.00112366
0.0262987,0.0112684,0.0145822,0.0146934,0.00363995,0.00128697
0.0399688,0.0121344,0.0182972,0.0218554,0.00395511,0.00193634
0.0387038,0.0167033,0.0154007,0.016908,0.00286717,0.00300339
0.0384721,0.0166572,0.0182668,0.0190501,0.00407018,0.00330426
0.0197618,0.00767717,0.0120819,0.011789,0.0029299,0.00247544
0.00549693,0.00413768,0.00206844,-0.000505538,0.000383676,-0.000362969
0.00982356,0.0071807,0.00739265,0.005728,0.00236521,-5.59857e-06
0.0150806,0.0106912,0.00662213,0.00254204,7.33084e-05,0.00131214
0.00769821,0.00528592,0.00191838,0.00575546,0.000802945,0.00125889
0.00731069,0.00496026,0.00380907,0.0153361,0.00305379,0.00869874
0.0106356,0.00750674,0.00323666,0.00475973,1.17722e-05,0.00120395
0.0100325,0.00714776,0.00250279,0.00462317,0.000331916,9.74019e-05
0.0124761,0.00708929,0.00544974,0.00695124,0.00153362,0.000955905
0.00874374,0.00358589,0.00405725,0.00334508,0.000224865,8.79703e-05
0.0229274,0.013741,0.0113299,0.0178549,0.00366926,0.00253437
0.0158488,0.00628178,0.00781942,0.00713412,0.00165734,0.00131402
0.0074223,0.0037082,0.00349797,0.00214122,0.000643041,0.000914909
0.00913433,0.00540616,0.00372766,0.00412336,4.56051e-05,-0.000531524
0.00684883,0.00510513,0.00352715,0.00494997,0.00060766,0.000873372
0.013866,0.00965874,0.00653677,0.00815302,0.000505748,0.000249716
0.00457135,0.00315769,0.00204081,0.00515761,-0.000524301,0.00127461
0.00408311,0.00295639,0.001625,0.00327699,0.000226824,0.00110528
0.00898105,0.00580653,0.00430646,0.0098178,0.00208001,0.00388428
0.0139473,0.00986637,0.00604398,0.00867685,0.00176494,-0.000801426
0.00797708,0.00591331,0.00431628,0.00488755,0.000553827,-3.83044e-05
0.01868,0.0101648,0.00837203,0.0089063,0.00164362,0.00166542
0.0154031,0.0110265,0.00687081,0.00501213,0.00244973,0.00041147
0.0206073,0.0139256,0.00802478,0.00781553,0.00101081,0.0014776
0.0146273,0.0104723,0.00652582,0.00497752,4.44221e-05,0.000835211
0.0145301,0.0104226,0.0102523,0.00981788,0.00186802,0.000400207
0.00414629,0.00327676,0.00272632,0.00207561,0.000291428,-7.37925e-05
0.00658952,0.00461041,0.00376556,0.00283973,0.000409599,0.000929792
0.0143211,0.00887456,0.00748882,0.00934626,0.00161197,0.0011404
0.0123756,0.00886281,0.00685167,0.00986188,0.000984163,0.000244461
0.0138361,0.00627779,0.012163,0.0103809,0.00318582,0.00103254
0.0132925,0.006379,0.0119544,0.011304,0.00196313,0.000828033
0.010228,0.00734749,0.0029765,0.00194715,0.000719011,0.00127501
0.0114898,0.00818616,0.00486696,0.00839535,0.000330867,0.000309916
0.0137148,0.00962241,0.00394686,0.0078325,0.00172222,0.000176059
0.0130603,0.00894285,0.00473906,0.0105418,0.00224977,0.00150945
0.0131403,0.00784647,0.00499927,0.00202221,0.000656334,0.00158933
0.0128698,0.00656572,0.00570094,-0.0018098,0.00018952,0.000657474
0.0126996,0.00905929,0.00672015,0.00489371,0.00175121,0.000582219
0.00904431,0.0061257,0.00204033,0.0086998,0.00179372,0.000230939
0.0105,0.00757945,0.00707365,0.00699339,0.00108896,0.00170503
0.01798,0.00746329,0.00765761,0.0112204,0.00198626,0.0022053
0.0237486,0.00973823,0.0117642,0.015297,0.00226695,0.00203981
0.0173456,0.0096652,0.00965757,0.012418,0.00187094,0.00111711
0.0159916,0.0113506,0.00579864,0.00371526,0.000678446,0.0013414
0.00920792,0.00402089,0.00465526,0.00382525,0.000925938,0.000627188
0.0115611,0.00657286,0.00451647,0.00450886,0.00049474,-0.000338243
0.00535498,0.00383102,0.00260803,0.00888849,0.000243001,0.00145941
0.00778588,0.00354211,0.00510685,0.0113044,0.00409524,0.00486011
0.00704353,0.00508465,0.00323006,0.00261765,0.000551204,-0.000582529
0.00941144,0.00679936,0.00346555,0.00619031,0.000656611,2.82409e-05
0.0180192,0.0105095,0.00902364,0.00675119,0.000766658,0.000250402
0.0043285,0.00338462,0.00250268,0.00129301,-0.000560949,0.00171284
0.00756521,0.00555277,0.00557512,0.0130427,0.00269218,0.000870757
0.00456089,0.0030474,0.00225188,0.00391677,0.000449894,0.00158844
0.0096339,0.00576818,0.00485504,0.00574975,0.0008444,0.00148233
0.00943618,0.00598725,0.0044651,0.00253459,0.00159488,0.00229156
0.00793898,0.00441951,0.00358936,0.00576892,0.000955946,0.000311389
0.0201778,0.0111588,0.0121033,0.0106443,0.00291071,0.001351
0.0268608,0.00869227,0.0130565,0.0106501,0.00207201,0.00185078
0.00623294,0.00439491,0.00627923,0.0029289,0.00074495,0.000599012
0.00671226,0.00464907,0.0116201,0.012891,0.00325364,0.00110005
0.00726203,0.00559243,0.00204232,0.00371046,0.00137971,0.00212567
0.0179412,0.0124549,0.00490874,0.0029239,0.00187715,-0.000329425
0.0122161,0.00893744,0.00285031,-0.00110279,0.000119089,0.000276273
0.00400496,0.00327334,0.00226753,-0.000390143,0.0011826,3.92105e-05
0.00782194,0.0057303,0.00473834,0.00226923,0.00106795,0.000979181
0.00831303,0.00517923,0.00851325,0.0115869,0.0020541,0.00216073
0.0134556,0.00915211,0.00594676,0.00371956,0.00160977,0.00196118
0.0246663,0.0111228,0.00870201,0.0111076,0.00357501,0.00180488
0.0116821,0.00799767,0.00393613,0.00741212,0.00225198,0.0012466
0.0122654,0.00891761,0.00514139,0.00822622,0.00181359,-0.000212395
0.00674842,0.00471791,0.00308092,-0.000500662,0.00125667,4.99258e-05
0.00586078,0.00437633,0.001663,0.000179077,-2.56369e-05,0.00149619
0.00501329,0.00360873,0.0024695,0.00469223,0.000787519,0.00193304
0.0108911,0.00792449,0.00815664,0.00863608,0.00120816,0.000549737
0.0201316,0.0136267,0.00802718,0.00699049,0.000872876,0.000418475
0.0184991,0.00991905,0.00797707,0.0100384,0.00191208,-0.00020902
0.00686676,0.00422162,0.00233822,-1.07784e-05,0.0014772,0.00148785
0.0116221,0.00812367,0.00449479,0.00495175,0.000935241,0.00295645
0.00477485,0.00320228,0.00346147,0.000392011,0.000323375,-0.000213636
0.0127804,0.00893464,0.00680126,0.00564071,0.00137706,9.92241e-05
0.0128536,0.00725006,0.00676241,0.0057973,0.00136588,-0.00107747
0.0230772,0.0138426,0.0104366,0.00665354,0.00176023,-0.000262786
0.00416347,0.00324425,0.00216954,-0.00227183,0.00123774,0.00168034
0.0171177,0.0115779,0.00629432,0.00950941,0.00343027,0.00400819
0.0134795,0.00952801,0.00583798,0.00779645,0.00135977,0.000525491
0.0079456,0.00563996,0.00577339,0.0057339,0.000613563,0.00308156
0.0159362,0.0115741,0.0183185,0.0338136,0.0148872,0.0255057
0.00817348,0.00560877,0.00241454,0.000477698,0.000861062,4.16325e-05
0.0065179,0.00431189,0.00277078,0.0010581,0.000293475,-5.93206e-06
0.0247258,0.0100448,0.0105242,0.00686006,0.00235659,0.0015408
0.0264286,0.0105133,0.0116487,0.00871415,0.00141216,0.00122526
0.0170531,0.0120632,0.00506898,0.00659844,0.00169268,0.000459407
0.00848977,0.00610888,0.00296139,0.00795221,0.000230585,0.000359759
0.0144837,0.00987718,0.00512898,0.00794263,0.00149328,-0.000222425
0.00992022,0.00677871,0.00641434,0.0064527,0.00208595,0.00157386
0.0125022,0.00715664,0.00676384,0.00845584,0.00243765,-0.00029418
0.0104668,0.00456018,0.00814092,0.0102034,0.00266587,-0.000181252
0.025694,0.0138957,0.0178153,0.0239452,0.00265739,0.00232335
0.0169948,0.00746065,0.0109027,0.013145,0.00412953,0.00336308
0.0179948,0.00706632,0.0107672,0.0148172,0.00409658,0.00168165
0.00834193,0.00560489,0.00516919,0.0009404,0.00135235,0.00183046
0.00994985,0.00712246,0.00621425,0.00834606,0.000939789,-3.1629e-05
0.0118483,0.00800645,0.00315207,0.00528706,0.00101874,-0.000111536
0.00547061,0.00399504,0.00291422,0.003728,0.000208091,-0.000149842
0.0138957,0.00816917,0.00528632,0.00471431,0.00109062,-9.64884e-05
0.00973794,0.00452119,0.00396194,0.00368861,0.000662072,-0.000140914
0.00390946,0.00319236,0.00211257,0.00406665,0.000400839,0.00125149
0.0109903,0.00688409,0.00548422,0.00576609,0.00076842,-0.000429114
0.00944575,0.00622625,0.00487489,0.0024362,0.000658137,-0.00045197
0.00789673,0.00452622,0.00488392,0.00537505,8.77507e-05,0.000300576
0.0232486,0.0106061,0.00800559,0.00735223,0.00186866,0.000357051
0.0214414,0.0106438,0.00643966,0.00917152,0.00233525,0.000270285
0.0132274,0.00965411,0.00548807,0.00802638,0.00158343,0.000881042
0.00725474,0.00481172,0.00279428,-0.0015296,-0.000281868,0.000534996
0.00518125,0.00341229,0.0019892,-0.000476521,-0.000128094,0.000957688
0.0258047,0.0146317,0.0173094,0.0215475,0.00463397,0.00425808
0.0201436,0.0127595,0.0135115,0.0159404,0.00309781,0.00175286
0.0116836,0.00791799,0.00527937,0.00333534,-0.000163336,0.000240478
0.0231587,0.0140314,0.00994155,0.0141618,0.00248348,0.00330335
0.0365162,0.020229,0.0141853,0.0138091,0.00233012,0.002664
0.0169726,0.0117823,0.00693835,0.00770505,0.00146629,-0.000498522
0.0204949,0.0139478,0.00729565,0.0141995,0.00263898,0.000511374
0.00621996,0.00449761,0.00338709,0.00281735,0.000895264,0.00192945
0.0128157,0.00777492,0.00678405,0.0104753,0.0020733,0.00141299
0.00438662,0.00350133,0.00205635,0.00334344,-0.000122948,0.000192016
0.00554529,0.00410056,0.00307688,0.00593594,0.00109287,-0.000657037
0.0169141,0.00712529,0.00667663,0.00760814,0.00112077,0.000929764
0.0168829,0.00719926,0.00677607,0.00602338,0.000929025,0.000714277
0.00617045,0.00465843,0.00401662,0.00476847,-0.000127709,0.000670815
0.0145153,0.00984398,0.00747922,0.00802784,0.00269618,0.00133229
0.0126304,0.00900707,0.00336668,0.00647017,0.00161186,0.00146908
0.0118191,0.00823964,0.00567076,0.0023491,0.00114463,0.00198496
0.0139125,0.00943643,0.0060594,0.00231471,0.000336903,0.000482049
0.0164724,0.0112436,0.00755164,0.0110694,0.00182308,0.00420193
0.0191268,0.00919347,0.0096018,0.015616,0.0033799,0.00345768
0.0248061,0.013535,0.0110883,0.0168525,0.00362421,0.00306151
0.0141913,0.0102525,0.00702237,0.00666663,0.0015903,0.000486975
0.011585,0.00794931,0.00756286,0.00303309,0.00140956,0.00212166
0.0134802,0.00944738,0.00560629,0.00402325,0.00142244,0.00119456
0.0214266,0.0145238,0.017158,0.0202664,0.00529666,0.0117611
0.00852368,0.00599328,0.00377298,0.00452462,0.00113239,0.00120638
0.00484939,0.00348896,0.00260875,0.00464203,0.00109203,0.000333325
0.0105538,0.00466417,0.00768251,0.0103414,0.0023362,0.0022888
0.0102876,0.00395737,0.00737386,0.00815383,0.00173163,0.0015402
0.0122308,0.00871799,0.00809824,0.021001,0.00741654,0.0164473
0.00991122,0.00691606,0.00344641,0.00936934,0.000919948,0.000463545
0.00521145,0.00391491,0.00286426,0.00434156,0.000767766,0.000408544
0.00565566,0.00414146,0.00273354,0.00327276,-0.000159057,0.00053043
0.0116618,0.00838348,0.00307892,0.00703117,0.00127264,0.00154183
0.00860594,0.00597461,0.00199874,0.00556607,-0.000365909,0.00138994
0.00554121,0.00392454,0.00273299,0.00183902,0.00062566,0.000132434
0.0121037,0.00868306,0.00463141,0.0028362,0.000268544,0.00155711
0.0146978,0.0101556,0.00730231,0.00596697,0.000526035,0.00191078
0.00496103,0.00365804,0.00613049,0.00815308,0.00113864,0.000415657
0.0064816,0.00434157,0.00276779,0.000241321,0.000173877,-0.000485087
0.0174742,0.00876542,0.00681125,0.00864959,0.00264912,0.00260935
0.0200034,0.0134968,0.0101197,0.00864141,0.000760602,0.000853472
0.00949206,0.00696479,0.00415612,0.00706636,0.00176596,0.000571134
0.0144573,0.00895214,0.00403658,0.00241938,0.00177941,0.00180901
0.00753521,0.00547763,0.00427756,0.00364049,0.00122364,0.000222712
0.00748664,0.00545959,0.00294746,0.00561192,-9.50728e-05,3.89519e-05
0.0130707,0.0084143,0.00493223,0.00746847,0.00132114,0.000234501
0.0129209,0.00694049,0.00460411,0.00345251,0.00154569,0.00114597
0.0122097,0.0064555,0.00471399,0.0057349,0.00131884,-8.46097e-05
0.00513231,0.00384249,0.00255595,0.00370581,0.000183887,0.000208361
0.0154471,0.0110046,0.00662831,0.0076224,0.001372,9.56442e-05
0.0142565,0.00979831,0.00459009,0.00678646,0.00191214,0.00100929
0.00758206,0.00523641,0.00968757,0.0140224,0.00216748,0.00170716
0.00696146,0.00494228,0.0053061,0.00124667,0.00114411,-0.000454716
0.0120528,0.00875832,0.00440697,0.0081382,0.000410061,0.00155698
0.0153055,0.0105683,0.00770293,0.0104464,0.00142267,0.000960587
0.00646112,0.00471396,0.00775561,0.00617085,0.00260568,0.00311723
0.0051364,0.00368329,0.00313832,0.00246141,0.000954508,-0.000162937
0.0120906,0.00852295,0.00392708,0.00953719,0.000901317,0.00117166
0.020419,0.0113474,0.00821443,0.00586058,0.00135619,0.000435698
0.0190254,0.0111397,0.00799145,0.00637202,0.00144288,-0.000227943
0.0110991,0.00538795,0.00463984,0.00540802,0.000410485,0.00203277
0.0172052,0.010385,0.00990242,0.0108929,0.00215335,0.00292108
0.00615489,0.00450839,0.0036755,0.00429765,0.000496168,0.00139931
0.0168893,0.0118305,0.00510078,0.00704155,0.000762455,0.000818
0.010971,0.00646523,0.00447326,0.00686288,0.00118783,0.00246705
0.00924889,0.00581118,0.00472717,0.00681442,0.000561167,0.00079372
0.00539319,0.00364409,0.00350632,0.00332153,0.000213944,0.000278003
0.0169358,0.0114552,0.0070888,0.0108889,0.00224795,0.00180517
0.0186771,0.0115202,0.0072737,0.00876406,0.00195555,0.00189325
0.00647167,0.00448246,0.00260166,0.00710315,0.000680106,-0.00033144
0.00607881,0.00465204,0.0046483,0.00620869,0.00116969,0.00079016
0.00776215,0.00539186,0.00503512,0.006144,0.000660614,-5.48893e-05
0.0211229,0.0118362,0.0115607,0.0167217,0.00289333,0.00134392
0.0124429,0.0047396,0.00791669,0.0137543,0.00319552,4.81215e-05
0.00408987,0.00309926,0.00207199,0.00151875,0.000682614,0.000255827
0.0118228,0.0067635,0.00427445,0.00392018,0.000708754,0.00067021
0.015193,0.00947076,0.0058518,0.00636623,0.000305467,0.00156377
0.00618909,0.00469107,0.00316451,0.00581937,0.00358031,0.0102901
0.00996028,0.00611146,0.00307208,0.00111585,0.000134482,-9.03058e-05
0.00815917,0.0054321,0.0027984,0.00465633,-0.000276312,-0.000638399
0.013481,0.00862703,0.00847792,0.00562819,0.00296864,0.0022425
0.00986285,0.00449122,0.00463817,0.00390982,0.000774436,0.00111561
0.0051354,0.00346202,0.00335318,0.00142352,0.000343991,0.000939127
0.00874032,0.00610354,0.00321737,0.00219102,-0.000205139,-0.000301201
0.0144326,0.00964387,0.00529989,0.00694158,0.00139324,-0.00098592
0.0157817,0.00994069,0.00505661,0.00821804,0.00154355,0.000653859
0.0123404,0.00615925,0.00461847,0.00496251,0.000765534,0.000581262
0.014858,0.0101123,0.00545272,0.00269989,0.00202713,0.000844178
0.0155805,0.00867121,0.00686704,0.00795674,0.00138009,0.00148285
0.0105015,0.00729969,0.00833364,0.0138601,0.00323866,0.00201668
0.0155717,0.00663583,0.00788856,0.0154658,0.00248565,0.00234974
0.0144241,0.00653308,0.00726102,0.0144453,0.00209972,0.00101573
0.0146937,0.0101507,0.00522092,0.0106275,0.0012715,0.000850461
0.0109672,0.00756132,0.0070891,0.00618965,0.00096714,0.000181825
0.00500258,0.00342154,0.00151635,0.00195926,-8.41642e-05,0.000521082
0.021147,0.0142451,0.00804571,0.00768357,0.00134163,0.00182839
0.0159636,0.0105714,0.0084564,0.0104312,0.00206718,0.00127838
0.0230624,0.0157895,0.00838932,0.00879362,0.00195022,0.00184699
0.00959688,0.00639977,0.00522404,0.00680786,0.00175875,0.00113327
0.0245793,0.0102546,0.00974913,0.0121554,0.00209547,0.000174241
0.0106979,0.0048195,0.00440854,0.00296595,0.000529716,-0.00124497
0.0142762,0.0100172,0.00634235,0.00241031,0.00154258,0.00142131
0.0173657,0.0118973,0.00731935,0.00868924,0.00170859,0.000155137
0.00628243,0.00449842,0.00278355,0.00641081,0.00100348,0.001429
0.009571,0.00682984,0.0036806,0.00309725,0.000454659,-0.000227957
0.00714074,0.00530426,0.0024208,0.00317695,0.00127194,0.000770145
0.0114428,0.00789817,0.00373063,0.0105766,0.00154134,0.0011044
0.0126276,0.00624571,0.00597936,0.00909471,0.00202204,0.000937863
0.0118818,0.0061893,0.00472084,0.00541242,0.00148448,-0.000346638
0.0096616,0.00676389,0.0101185,0.0136837,0.00284902,0.00161376
0.0055511,0.0036992,0.00181738,0.00619584,0.000590242,-0.00073229
0.0095044,0.00676819,0.00411911,0.00468657,0.000848977,-2.11395e-05
0.00839452,0.00605179,0.00594384,0.00419087,0.00110628,-0.00113527
0.00607136,0.00436955,0.0026944,0.00434468,0.000139689,0.001292
0.0121327,0.00737125,0.00418247,0.00970294,0.00158895,0.000945283
0.0145454,0.00828858,0.00484561,0.00615335,0.00257162,0.00135645
0.00424668,0.00302124,0.00259812,0.00215625,0.000733903,-0.00101251
0.00608812,0.00447946,0.0103238,0.00781884,0.00104022,0.00173409
0.0115112,0.00775521,0.00428682,0.00829692,0.00180837,0.000834323
0.0200969,0.0141549,0.00800672,0.00764535,0.0011652,0.000159449
0.00413172,0.00297288,0.00156872,0.00206558,0.000434737,0.000152042
0.00976809,0.00663305,0.00621354,0.0100889,0.00160629,0.00215896
0.0208544,0.0118779,0.00714416,0.00903274,0.00296759,1.26268e-05
0.010646,0.00442298,0.00518409,0.0041907,0.00202393,0.000360098
0.0116017,0.00545438,0.00453723,0.00352324,0.000972806,-0.000254268
0.00710209,0.00532393,0.00310806,0.00373594,0.00144333,0.00150533
0.0177454,0.0107576,0.0106762,0.00797884,0.00166066,0.00165113
0.00823428,0.00571295,0.00338107,0.00414164,0.000208006,0.000764699
0.00747311,0.00348059,0.00252781,0.00503982,0.00234758,0.0400939
0.0316095,0.0200475,0.00843712,0.0198709,0.0111454,0.487405
0.0104681,0.00376863,0.00379574,0.00818694,0.00363512,0.0663662
0.00933179,0.00666211,0.00475325,0.00972352,0.00178577,0.000934245
0.00541752,0.00410693,0.0027237,0.00316019,0.00110846,0.000105121
0.00705613,0.00502485,0.00191669,0.00256244,-9.31831e-06,0.000660444
0.00705056,0.00532351,0.00273237,0.00201564,0.000973146,-0.000693594
0.0157028,0.0105686,0.00824744,0.00924064,0.00196522,0.000806915
0.00701714,0.00431023,0.00307099,0.000108827,0.000106644,0.000836017
0.00612132,0.00454331,0.00643404,0.00651861,0.00192271,0.00233299
0.00524413,0.00395852,0.00258582,0.00236805,0.00104355,-0.000544271
0.0154033,0.0061056,0.00938613,0.011573,0.0015375,0.000636148
0.0159182,0.00618759,0.00921069,0.0123776,0.00111118,0.000889971
0.0291774,0.0125316,0.0154958,0.0162579,0.00325318,0.00178193
0.0123277,0.00860477,0.00265062,0.00211323,0.000658564,0.00128683
0.0147436,0.0101499,0.00488694,0.00593492,0.00120028,0.000497832
0.0095656,0.00652592,0.0100516,0.0256084,0.00766061,0.0250162
0.0114621,0.00778026,0.00453882,0.0075449,0.0011908,0.00133595
0.0110373,0.00795869,0.00407661,0.00291916,0.000790831,0.00304813
0.0129176,0.00889384,0.00693717,0.00797646,0.00118521,0.000477082
0.0103226,0.00552226,0.00480852,0.00886708,0.00194959,0.000465851
0.0119459,0.00557026,0.00490115,0.00744815,0.00154553,0.000358899
0.00683079,0.00502972,0.00304806,-0.000181777,5.6252e-05,0.00295742
0.0122615,0.00844606,0.00838907,0.00456776,0.00224317,0.000180026
0.0148713,0.0101373,0.0100941,0.0099499,0.00137488,-0.000263537
0.0052973,0.0039145,0.00265778,0.00226987,0.00148339,-0.00024201
0.00429001,0.00332566,0.00100715,0.000729555,0.000204297,-0.000469315
0.00895967,0.00673952,0.00529294,0.00123324,0.000206423,0.000304386
0.0131238,0.00596571,0.00561915,0.00718976,0.00116039,0.00191579
0.0151803,0.00723233,0.0060674,0.00483531,0.0013708,0.00141578
0.0123195,0.00532355,0.00692701,0.00962875,0.000649667,0.00166753
0.0138314,0.00833642,0.005842,0.00619235,0.000728427,0.000838581
0.00629976,0.00416368,0.00274767,0.00224661,-0.000804501,0.00205513
0.00860579,0.00618749,0.00625761,0.00693387,0.00142385,0.000844756
0.0118791,0.00838459,0.0069582,0.0049791,0.00151403,0.000484336
0.0144041,0.00960043,0.00464519,0.00636419,0.000771361,-0.000459986
0.00474011,0.003467,0.00276594,0.002218,0.00108834,0.00243601
0.0130838,0.00931418,0.0046757,0.00474899,0.00226134,0.000776743
0.00698162,0.00523922,0.00296066,0.00420359,-0.000427797,-0.000977228
0.00840855,0.00505186,0.00567153,0.00759038,0.00107781,0.00174117
0.0114696,0.00693982,0.00738181,0.00994509,0.00116304,0.00121493
0.00731029,0.00523798,0.00424205,0.00382772,0.000573697,0.000547263
0.0121497,0.00887989,0.00353096,0.00933125,0.0020319,0.00048769
0.0180422,0.0122225,0.0113714,0.0185006,0.0048988,0.00299073
0.00800046,0.00577989,0.00357149,0.00554804,0.00164087,0.000998861
0.00681073,0.00466282,0.00289411,0.00794535,0.0010633,0.00020947
0.0155667,0.0106337,0.00910702,0.0135983,0.00192344,0.000187478
0.00913276,0.00376794,0.00433739,0.00783318,0.00155951,-0.000625751
0.00419651,0.00311314,0.00241605,-0.000722487,0.000207004,0.00171517
0.0128756,0.00783802,0.00430474,0.00360052,0.00201259,0.00154625
0.0118358,0.00436756,0.00545596,0.0017946,0.00127324,0.00182621
0.00667316,0.00391256,0.00396593,0.00200898,0.000620936,0.000662646
0.00856502,0.00619933,0.00413402,0.00323813,0.00125025,0.000482879
0.0127402,0.0088042,0.0051074,0.00836033,0.00092748,0.00042842
0.0158931,0.0101143,0.00756007,0.00847507,0.00344007,0.0025811
0.0120357,0.006882,0.00906752,0.00839624,0.00264216,0.00162099
0.00663315,0.00476545,0.00177361,0.00264954,0.000877336,0.00151149
0.00734523,0.00467262,0.00337704,0.00047584,-8.49036e-05,-0.000378713
0.0110446,0.00679343,0.0066275,0.00608449,0.00145405,-0.000140813
0.00784241,0.00582279,0.00307787,0.00541095,-6.68976e-05,0.0019409
0.0104578,0.007351,0.00418915,0.00689343,0.00130856,-0.000914181
0.00879078,0.00584307,0.00296084,0.00537585,0.00148204,0.00201108
0.0177558,0.0122194,0.00595608,0.00853343,0.00101067,0.00119361
0.0101432,0.00686317,0.00655329,0.00747273,0.00232737,0.00176053
0.0194701,0.0135324,0.00524256,0.00635917,0.00192399,0.00180579
0.0142617,0.00993968,0.00845786,0.0105522,0.00172113,0.000985444
0.00378345,0.00316466,0.00287893,0.00184328,0.000659647,3.74116e-05
0.0208567,0.0111897,0.0107733,0.0140882,0.00336233,0.00205056
0.0180246,0.012726,0.00620872,0.00815978,0.00289127,0.000543057
0.0166415,0.011593,0.00822336,0.00807633,0.00194662,0.000331267
0.00550565,0.00379232,0.00274638,0.000797545,0.00115806,0.000760205
0.0136528,0.00885966,0.0100693,0.0202533,0.00376253,0.00126998
0.00461872,0.00365964,0.00209263,-0.00109127,0.000354608,0.000721065
0.00819917,0.00565442,0.00355039,0.00485299,9.74483e-05,0.000902324
0.0125343,0.00893159,0.0046599,0.00509655,0.00139015,-0.000531757
0.0286724,0.013709,0.0143523,0.00766671,0.00240169,-0.000423605
0.0086486,0.00599676,0.00454936,0.00428417,0.000960184,0.000734917
0.00581353,0.00445543,0.00174634,0.00463591,0.000785791,-0.000632664
0.00725752,0.00523718,0.00306923,0.0019587,0.000976319,-0.000346321
0.00999077,0.00721349,0.0063299,0.00346085,0.00108281,0.000826079
0.0099786,0.00731539,0.00432724,0.00691621,0.000945509,-0.000275738
0.0102877,0.00697964,0.00457175,0.00612558,0.00141995,-0.000336836
0.0100504,0.00714604,0.00397642,0.00600075,0.000225602,0.000199624
0.00725341,0.00482597,0.00181737,0.00433237,0.00126527,0.00140098
0.0111608,0.00749334,0.00466717,0.00621225,0.000115253,0.00118188
0.00464719,0.00354893,0.00239602,0.00321366,0.000403383,0.00176779
0.00645788,0.00486438,0.00548586,0.00723165,0.00116006,0.00103105
0.0114159,0.00787436,0.00661639,0.00575681,0.0010601,-0.000292009
0.0311365,0.021205,0.00848229,0.0176888,0.0023703,0.00240228
0.00791506,0.00582409,0.00294634,0.00456661,0.000398779,0.000961123
0.0233192,0.0116961,0.00753629,0.0144248,0.00256456,0.00164795
0.0201705,0.0141925,0.00841691,0.00809728,0.00206201,0.00128176
0.0303709,0.0182496,0.0123076,0.0156305,0.00283875,0.00245659
0.0296941,0.0133061,0.0108037,0.019967,0.00360839,0.0011319
0.0100242,0.00667558,0.00297214,0.0019509,0.000637553,-0.000345403
0.0166122,0.0116779,0.00657936,0.00343611,0.00214188,0.000378601
0.00563355,0.00349414,0.00357607,0.00623469,0.000664782,0.000787424
0.0144037,0.0059425,0.00549705,0.00812463,0.0028947,0.000109439
0.0142982,0.00638106,0.00506708,0.00612459,0.00241525,0.000188006
0.013296,0.00852428,0.0104925,0.00879259,0.00178991,0.00158213
0.00465452,0.00350247,0.00241983,0.00641399,0.00016417,0.000427638
0.0121959,0.00823557,0.00624798,0.00946957,0.002121,0.00116942
0.00780283,0.00528639,0.00235438,0.000878909,0.000215889,0.00175265
0.00509611,0.00369739,0.00295773,0.000837154,-0.000226182,0.00110724
0.0293726,0.0183217,0.0143389,0.0280295,0.00810268,0.0100773
0.00805788,0.00568112,0.00357303,0.00410641,0.00014658,0.000244025
0.0128065,0.00903898,0.00511865,0.00614069,0.00131708,0.00201751
0.0193621,0.0124578,0.0111124,0.00952124,0.00269814,0.00171925
0.0177981,0.0125876,0.00612364,0.00711188,0.000892048,0.00142047
0.00654315,0.00481306,0.00265622,0.00393926,0.000503592,0.000585146
0.0085403,0.00536466,0.00444823,0.00547837,0.00122453,0.000879659
0.00527254,0.00410859,0.0024544,-0.00139131,0.000109732,-8.39575e-05
0.022076,0.00915565,0.0135759,0.0142259,0.00281302,-1.48522e-05
0.0232132,0.011132,0.0123959,0.0132293,0.00208328,0.000296955
0.00984913,0.00681703,0.00341245,0.00534978,0.00111495,-0.000333497
0.0124072,0.00849623,0.00443411,0.00669096,0.00075421,4.75356e-05
0.0133413,0.00954445,0.0101528,0.023604,0.0053763,0.00589485
0.00660119,0.0044779,0.00338353,0.00270091,-0.000416963,-0.000282184
0.00413579,0.00299819,0.00192008,0.00337566,0.00167542,0.000563742
0.00448048,0.00315337,0.00177823,0.006854,0,0.000663183
0.0068309,0.00425741,0.00240001,0.004946,0.000522898,-0.000376001
0.0120239,0.0072449,0.00351185,0.00967057,0.000972988,0.000240702
0.00599876,0.00444989,0.00746251,0.0063853,0.00146389,0.00146345
0.0055713,0.004198,0.00311613,0.00311016,0.000283706,0.000604306
0.00797994,0.00565947,0.0025163,0.00377732,0.00087118,-0.000122145
0.0199964,0.00808636,0.0154999,0.0216512,0.0056068,0.001743
0.0106005,0.00601338,0.0119557,0.0152367,0.00465923,0.00189437
0.00567303,0.00368542,0.00185198,0.00184905,0.00115502,3.466e-06
0.00854456,0.00362602,0.00371633,0.00213507,0.00118229,-0.000380965
0.0105576,0.00637079,0.00436194,0.00278359,0.000538914,0.000481365
0.00695963,0.00429329,0.00503994,0.0056353,4.16991e-05,0.00105567
0.0238828,0.0161323,0.00635629,0.00925391,0.00233793,0.00155805
0.00570696,0.00390004,0.0102388,0.0125015,0.00417648,0.00205659
0.00789267,0.00572623,0.00441959,0.00616952,0.00264634,0.000960839
0.00517905,0.0037143,0.00268323,0.0025292,0.000933548,0.000263536
0.00498526,0.00401751,0.00245531,0.00414971,0.000324135,-0.000326003
0.00496157,0.00348555,0.00325276,0.000546675,0.000147938,0.000631386
0.00468078,0.00374935,0.00341454,0.00237388,0.00011445,0.000251065
0.00731492,0.00526897,0.00347463,0.00574016,0.000240528,0.000626256
0.00544526,0.00401364,0.00216277,0.00193644,0.00100786,0.000667507
0.00552352,0.0040872,0.00259722,0.0017548,2.41802e-05,-0.000410749
0.00511928,0.00395569,0.00411895,0.00571908,0.0012591,0.00133854
0.00691932,0.00472298,0.0040149,0.000215886,0.000118975,0.000285489
0.0132248,0.00746723,0.00519809,0.00543672,0.00113508,0.000339657
0.0166793,0.00947588,0.00600647,0.00827676,0.00127771,-0.000383171
0.00536104,0.00434068,0.00298267,0.00384323,-0.000277274,5.48348e-05
0.0089671,0.00421075,0.00396958,0.000681586,0.000213237,0.000195324
0.00927601,0.00427112,0.00398604,0.00378682,-0.000327996,0.000510191
0.0183704,0.0121204,0.0134604,0.0186102,0.00390675,0.00342616
0.0105064,0.0077227,0.00553274,0.0050135,0.000140902,0.00137958
0.0111913,0.00825758,0.00514565,0.00556751,0.00153774,0.000721948
0.00541564,0.00395528,0.00199104,0.00289627,0.000548911,-7.02329e-05
0.0148785,0.0106581,0.00472714,0.00521906,0.00113739,0.00127753
0.00663441,0.00451017,0.00272077,0.00436625,0.000953392,0.000334407
0.0118242,0.00879068,0.00520959,7.82465e-05,0.000394505,0.00148102
0.0140616,0.00989185,0.00908312,0.0158916,0.00152486,0.00205037
0.0228721,0.00934848,0.00914875,0.0113508,0.00238689,0.00128298
0.0228075,0.00943546,0.00905323,0.0118646,0.00302984,0.00160863
0.0286052,0.0157348,0.0128576,0.0158733,0.00471953,0.00202519
0.00706175,0.00482478,0.00563151,0.0144681,0.0010986,0.00105819
0.00418051,0.00305208,0.00272797,0.000995991,-0.000109451,-5.70953e-05
0.00369547,0.00300449,0.00231121,0.00184818,-0.000675347,0.000367016
0.015053,0.0101535,0.0044086,0.00784701,0.000692358,0.000468484
0.00438272,0.00333279,0.00216966,0.00337046,-0.000176248,-0.000145225
0.00530334,0.00393501,0.00176484,0.00710659,0.00253144,0.00602823
0.00526101,0.0041552,0.00332384,0.00115666,0.000127324,-0.000412384
0.00822345,0.00604562,0.00405829,0.00486494,0.00157266,-0.000301103
0.0122718,0.008551,0.00552394,0.00927224,0.00079072,0.000869693
0.00663307,0.0038665,0.00344586,0.00594479,0.000399832,5.84411e-05
0.00690748,0.00503997,0.00319743,0.00248436,0.000589848,-0.000942413
0.00512522,0.00390172,0.00219179,0.00122974,-0.000322505,-0.000777737
0.00479509,0.00345156,0.00290062,0.00329245,0.00027085,0.00171668
0.0160778,0.00985562,0.00804819,0.00873709,0.00089479,0.000707521
0.00682372,0.00473407,0.00378807,0.00656985,0.000349976,-6.73108e-05
0.0401035,0.0229593,0.0416399,0.0494357,0.0101465,0.00508833
0.015428,0.0106487,0.0116303,0.018533,0.00406854,0.00401662
0.019952,0.0103385,0.00911986,0.0129967,0.00226772,0.00207337
0.0165002,0.00587238,0.00694783,0.0117367,0.000822056,0.000733918
0.00808925,0.00617095,0.00329497,0.00148735,-3.82175e-05,0.000130339
0.00955581,0.0067028,0.00406961,0.00822449,0.0015822,0.000150101
0.00595284,0.00417077,0.00275128,0.00596715,0.000199099,0.00110476
0.00978293,0.0067392,0.00463856,0.00522535,0.000670647,-0.000133982
0.0152485,0.0109583,0.0203622,0.0360338,0.00851121,0.00325977
0.0234602,0.0115911,0.0286267,0.0453581,0.0102421,0.00330448
0.0159411,0.00941192,0.0182711,0.0260909,0.0040176,0.00243406
0.0108542,0.00485336,0.00574336,0.00717485,0.00153327,0.00195493
0.016395,0.0110736,0.0070453,0.010184,0.00171857,0.00112627
0.00735746,0.00542378,0.00457754,0.00371616,-9.68463e-05,0.00200166
0.00706249,0.00510631,0.0033135,0.00472322,0.000966312,-0.000169446
0.0191929,0.0135864,0.00940532,0.00583261,0.000984037,0.000579987
0.00390791,0.00313755,0.00252405,0.00174809,0.000491291,-0.000150603
0.0144723,0.0104206,0.00899284,0.011742,0.0019659,0.00178463
0.00571847,0.00419357,0.00195346,-0.000199502,0.000756646,-0.000106075
0.013033,0.00904089,0.00823872,0.00688654,0.00264846,0.00179392
0.0146193,0.00999038,0.00851156,0.00970362,0.00317209,0.00293324
0.0208311,0.0133495,0.0127104,0.0139466,0.00386553,0.00349545
0.015832,0.010695,0.00659879,0.00893566,0.00140842,0.00115173
0.0152705,0.00997827,0.00857002,0.00961444,0.00189438,0.000705829
0.0321344,0.0133816,0.0116871,0.0140059,0.00284967,0.00178729
0.0332359,0.0133833,0.0119639,0.0144264,0.00256832,0.000975082
0.0119738,0.00836415,0.00565606,0.00314642,0.000799134,0.000364879
0.00965577,0.00718657,0.00381736,0.0040947,0.00220697,0.000652673
0.00840439,0.00619456,0.00667035,0.0117529,0.00322096,0.00359938
0.0114722,0.00815923,0.00419499,0.00505807,0.00189216,0.00174017
0.0336767,0.0127203,0.0168705,0.0166564,0.00421757,0.00436937
0.0130259,0.00518424,0.00531891,0.00709432,0.000978605,0.00111578
0.0111188,0.00644148,0.00467501,-0.000550115,0.000225863,0.000251057
0.00938764,0.00463617,0.00472253,0.000937904,-8.19538e-05,0.000249453
0.0248817,0.0167699,0.00874195,0.0174124,0.00227242,0.00170252
0.0184501,0.0124575,0.00601478,0.0113367,0.00216392,0.000410645
0.00590632,0.00417068,0.00276156,0.0048431,0.000587645,0.00156496
0.0134856,0.00985687,0.00808644,0.00756288,0.00210913,0.000759846
0.013733,0.00919688,0.00677815,0.00800791,0.00226811,0.00170132
0.00526989,0.00384228,0.00251083,0.00198441,-6.94872e-05,0.000365159
0.00458861,0.00333871,0.00217613,0.0012769,-0.000263602,-0.000556092
0.0126423,0.00861796,0.0056631,0.00375849,0.000921904,0.00134735
0.00765646,0.00551693,0.00362385,0.00593884,0.00231058,0.001887
0.0178036,0.00680604,0.0138962,0.0133121,0.0033953,0.00140847
0.0193293,0.00792312,0.0138732,0.0150125,0.00298481,0.00176889
0.0238855,0.00903277,0.0113838,0.0126878,0.00122675,1.62167e-05
0.0254489,0.00920827,0.0116108,0.00982677,0.00150125,0.00139068
0.0111232,0.00806092,0.00407917,0.00560432,0.000495111,0.000820322
0.00936229,0.00658205,0.00413423,0.00644309,0.00151897,0.000880608
0.0135891,0.00573405,0.00603414,0.00792399,0.00109152,0.00132209
0.0196803,0.00572816,0.00746469,0.0100219,0.000844597,-0.000116903
0.0143597,0.00581463,0.00537916,0.00382969,0.000675928,-0.00114988
0.00810263,0.00564444,0.0030662,0.00586442,0.0018444,8.49474e-05
0.00577059,0.00320232,0.00293239,0.00216091,0.0010297,0.000115971
0.0120874,0.00869426,0.00386687,0.00497332,0.000366206,0.00157544
0.00445199,0.00329105,0.00232777,0.00182944,0.000925624,0.00182838
0.0130192,0.00662796,0.00624085,0.00780266,0.00210188,0.000472295
0.0132055,0.00666904,0.00607282,0.00950476,0.00196606,-0.000293648
0.00559942,0.00382034,0.00687013,0.0248593,0.0078918,0.0223307
0.0210615,0.0124079,0.00787744,0.011738,0.00317527,0.0026503
0.0179565,0.0128046,0.00551583,0.00973625,0.00233482,0.00363822
0.0203479,0.00841621,0.00703365,0.0240768,0.0083698,0.0186678
0.00728123,0.00558979,0.00345844,0.00142906,0.000280429,0.00111132
0.00826822,0.00606295,0.0026448,0.00737876,0.00156995,0.000588595
0.00671296,0.00377668,0.00356932,0.00505195,0.00113845,-0.000604934
0.0113219,0.00799721,0.00574421,0.00632487,0.00154541,0.000804313
0.00879276,0.00606939,0.00408541,0.00231317,0.000193345,5.5063e-05
0.0100742,0.00731858,0.0048471,0.00673356,0.00224042,0.00106378
0.0112015,0.00446183,0.00487656,0.00727554,0.00121148,0.00178866
0.0180157,0.0114385,0.00753552,0.00834624,0.00185015,0.00117533
0.00794922,0.0058776,0.00666234,0.00421889,0.0009807,0.00088894
0.00754474,0.00529183,0.00362916,0.0126797,0.00314257,0.00758405
0.00422889,0.00290284,0.00168413,0.00472044,0.00121787,-0.000651577
0.0112385,0.00811657,0.00440359,0.0089459,0.00269081,0.00784097
0.00812414,0.00601863,0.00524259,0.00432459,0.00146183,0.000327343
0.00982156,0.00686043,0.00412937,0.00275012,0.000163218,0.00121944
0.00411059,0.0030801,0.00210495,0.00100039,0.000356311,0.00119644
0.00976114,0.00600856,0.00556034,0.00479762,0.00210645,0.000879096
0.0179698,0.0115255,0.00957269,0.00866508,0.00239357,0.000380475
0.0127904,0.00874595,0.00498694,0.0063222,0.00171581,0.00169746
0.0216232,0.0120614,0.00977852,0.0114332,0.00333565,0.000590955
0.0217826,0.00786025,0.00888544,0.00823339,0.00154123,0.000316691
0.00995069,0.00516188,0.0041383,0.00300457,0.000508371,0.000376408
0.00592611,0.00403331,0.00182303,0.00217739,0.000467866,0.00122561
0.0117023,0.00797786,0.00589096,0.00309695,-0.000232981,-0.00124153
0.0132681,0.00906787,0.00421329,0.00399649,0.00115298,0.000376223
0.0162502,0.00784313,0.0081736,0.00946592,0.000948273,-4.14235e-06
0.0155288,0.00796208,0.00790202,0.00979014,0.00010943,-0.000248439
0.00537421,0.00423948,0.00365286,0.00536961,0.00122278,-0.000309399
0.015923,0.0112469,0.00792969,0.0138489,0.00234179,5.90156e-05
0.0135392,0.00961522,0.00444143,0.00538458,0.0016062,0.000746112
0.0268736,0.0122244,0.0111595,0.0129182,0.0018884,0.000967759
0.0146703,0.00987147,0.00744764,0.0115854,0.00224636,0.00311097
0.005359,0.00362262,0.00359622,0.00452713,3.15795e-05,0.00132396
0.00724765,0.00481307,0.00468317,0.0120375,0.00258672,0.00136144
0.0227167,0.0118161,0.00984025,0.0178916,0.00461746,0.00288021
0.0127353,0.0088582,0.00452444,0.00428957,0.000428214,-0.000907591
0.00939624,0.00706131,0.00332281,0.00413637,0.000203806,0.00184034
0.00453627,0.00352077,0.00181208,0.00242361,-0.000178249,-0.000315704
0.00792023,0.00482824,0.00466223,0.00709219,0.00084663,0.000999108
0.00949877,0.00432157,0.00489668,0.00842256,0.00162773,0.00111325
0.00914045,0.00427238,0.00458924,0.00800109,0.00129222,0.00122418
0.0165953,0.0104038,0.00878436,0.0104567,0.00164837,0.000669014
0.0222279,0.0154689,0.0102479,0.0162849,0.00184034,0.00185157
0.00869348,0.00646469,0.0044524,0.00675396,0.00148302,0.00086793
0.00828565,0.00539034,0.00630297,0.00332895,0.000879044,-0.000792448
0.00954586,0.00602586,0.00371498,0.00367989,0.00015693,-0.000638836
0.00590443,0.00397039,0.00120563,0.00983422,0.00144311,0.00216468
0.016379,0.00704901,0.00814146,0.00565126,0.00198264,0.000287977
0.0174166,0.0069408,0.0081011,0.00510978,0.00157198,-0.000228767
0.00686748,0.00517675,0.00234746,0.00119091,0.00105099,0.000726859
0.0043406,0.00329618,0.00245582,0.00616624,0.00054885,4.38333e-05
0.0102303,0.00746717,0.00331938,0.00350906,-0.000386996,2.27147e-05
0.00873809,0.00634349,0.00464288,0.00627886,1.16986e-05,0.000839364
0.0188612,0.00962104,0.00940411,0.0219503,0.00538807,0.0106157
0.020455,0.009467,0.00981965,0.0244444,0.00748581,0.0136077
0.00826705,0.0037057,0.00679595,0.00732919,0.00121418,0.000270893
0.00983479,0.00502051,0.0068217,0.00934807,0.000261216,0.00037527
0.00621308,0.00489264,0.00409675,0.00563311,0.00061144,0.000853529
0.0255704,0.017089,0.00892695,0.0171201,0.00376957,0.00297922
0.00525057,0.0039346,0.00267863,0.0223851,0.0090271,0.0228072
0.0104722,0.00547697,0.00420204,0.00440451,0.00148522,0.00109831
0.0178698,0.0105376,0.0064401,0.0101704,0.00119508,0.00227706
0.0109874,0.00734289,0.00854752,0.0125185,0.00239799,0.00288734
0.00678342,0.00475067,0.00294826,0.00282056,3.5228e-05,1.82644e-05
0.00458409,0.00339104,0.00303047,0.00165799,1.32762e-05,0.000698158
0.0069878,0.00523568,0.00367283,0.000455792,0.00147826,0.000575531
0.00745705,0.00557438,0.00322388,0.00525332,0.000138981,0.000789572
0.0106418,0.00798689,0.00508735,0.00616613,0.000900164,-0.000442796
0.00763708,0.00517711,0.00335773,0.00684037,0.00128809,-0.000186229
0.0101422,0.00587016,0.00451115,0.00829251,1.50959e-05,-0.000122783
0.00724571,0.00493494,0.00316508,0.00147716,-0.00105707,0.000741588
0.0107294,0.00753624,0.0063698,0.00559958,-8.51869e-05,0.00136397
0.0119932,0.00883765,0.00359932,0.00590319,0.00127131,0.00195095
0.0125154,0.00855217,0.00757592,0.00536246,0.00154272,0.00202516
0.0119684,0.00835338,0.00689487,0.0067267,0.000962748,0.00136409
0.0137668,0.00971813,0.0107536,0.00801118,0.00171365,0.00135649
0.00607633,0.00462247,0.0029232,0.00444808,0.00072643,0.000590994
0.0241405,0.016526,0.00864251,0.011623,0.00233513,0.00166144
0.021352,0.0109361,0.0142541,0.0173969,0.00381816,0.00182219
0.0199625,0.0108473,0.0128228,0.0199669,0.00324474,0.00210819
0.00911023,0.00651939,0.00461477,0.00171051,0.000626382,0.00115059
0.00610001,0.00416553,0.00673257,0.0059729,0.000820958,0.00112554
0.0104106,0.00622252,0.00630681,0.00605297,0.00255816,0.0011337
0.0168898,0.0120942,0.00600329,0.00803331,0.00048881,0.000845495
0.0071306,0.00514112,0.00192869,0.00583741,0.00132932,0.00100275
0.00713411,0.00526975,0.00383158,0.00575261,0.000495932,0.000896213
0.0220124,0.0153222,0.00897134,0.0105257,0.0026611,0.00263298
0.0117888,0.00818729,0.00608298,0.009303,0.00141937,6.13175e-05
0.00919275,0.00615936,0.00457453,0.00486139,0.00125502,-0.000715256
0.0183079,0.0125107,0.00761809,0.0127457,0.00170201,0.00161918
0.00752574,0.00578532,0.00371446,0.0023795,0.00107701,-0.000198177
0.00716253,0.00448942,0.0045959,0.00943177,0.00126376,0.00109347
0.0102739,0.00631547,0.0122667,0.0179468,0.00386878,0.000902477
0.00518575,0.00403374,0.00251077,0.00123308,0.000204276,0.001352
0.00541409,0.00433641,0.00308117,0.000307695,0.000711372,-0.00142552
0.0219288,0.0098536,0.00805365,0.00584002,0.00106701,0.00194047
0.0133224,0.00880962,0.00385649,0.00596501,0.0024917,0.00238022
0.0141766,0.0089561,0.00512599,0.0122382,0.00190888,0.00134636
0.0130633,0.00789833,0.00609214,0.00857455,0.000847518,-0.000402472
0.0141587,0.00794269,0.00601258,0.0085,0.000850544,-7.75232e-05
0.0218177,0.0133774,0.0098076,0.0115858,0.00220456,0.00190594
0.0181155,0.0126661,0.00745715,0.0133121,0.00296345,0.00404688
0.00491906,0.0035867,0.00397577,0.00530192,-0.000121719,0.000528777
0.0102198,0.00719995,0.00405145,0.00268437,0.00106113,0.000565514
0.0068213,0.00510444,0.003131,0.000180228,5.28587e-05,0.000950085
0.00523972,0.0034934,0.00210353,-0.000847291,0.000164597,0.000281149
0.00584983,0.00422191,0.00258641,0.00448511,0.000640062,0.000859005
0.00515776,0.00383698,0.00275937,0.00848972,0.00106049,-0.000712982
0.00736047,0.00533534,0.00324206,0.00360401,0.000891132,-5.09783e-05
0.0115235,0.00683891,0.0059287,0.00580234,0.000483282,0.000407271
0.0297282,0.0198784,0.031502,0.0393343,0.00814727,0.00468413
0.00998019,0.00714731,0.0041269,0.00517976,0.00126087,0.00172478
0.0165806,0.0102426,0.012336,0.0147854,0.00158718,0.00254875
0.00611004,0.00455269,0.00239739,0.00176956,0.000566713,9.78031e-05
0.0187616,0.0130525,0.00932895,0.0107646,0.00344989,0.00151794
0.0233476,0.0126177,0.0125526,0.0155727,0.00305429,0.00219921
0.011113,0.00762113,0.00385934,0.00858925,0.00118118,0.000448887
0.0219126,0.0141196,0.0124442,0.0110927,0.00240097,0.000204433
0.00658619,0.00464848,0.00234508,0.00419943,0.00100056,-0.000798297
0.00932846,0.00656516,0.00430856,0.00446621,0.00123856,0.000202949
0.0111985,0.00763241,0.00559063,0.00607972,0.000280817,0.000841013
0.00440158,0.00344535,0.00187411,-0.000253403,0.00121513,0.000412365
0.0240008,0.0130674,0.0109002,0.0133006,0.00220155,0.000999763
0.0254024,0.0132344,0.0125525,0.0151074,0.00296545,0.00326802
0.0272081,0.0131335,0.0128502,0.0152623,0.00281594,0.00187804
0.0195894,0.00630446,0.0120303,0.0124875,0.00463875,0.00534224
0.0302133,0.0137589,0.0165645,0.0207804,0.00573491,0.00555912
0.00851236,0.00485345,0.00504716,0.00264485,0.00120653,0.0001154
0.0106902,0.00778402,0.00448095,0.0104958,0.00261576,0.0019199
0.0106869,0.00661875,0.00772392,0.0116804,0.00245423,0.00159758
0.0119386,0.0066216,0.00799547,0.013233,0.00194432,0.00139812
0.00898129,0.00648048,0.00547402,0.00958906,0.00221755,0.000215606
0.00567526,0.00425809,0.00162984,0.00719546,6.78282e-05,0.00200752
0.0042485,0.0032531,0.00339821,0.00253138,0.000267964,-0.000538044
0.0215369,0.0108416,0.00916445,0.00952636,0.00114692,0.0013798
0.02418,0.0110129,0.0104595,0.011052,0.00231236,0.00107541
0.0111505,0.00709091,0.00520108,0.00596067,0.0013793,-0.00109594
0.013622,0.00760018,0.00587147,0.00627142,0.00069278,0.00292879
0.00588529,0.00427435,0.00317145,0.00336674,-0.000501921,3.68784e-06
0.0146217,0.00996068,0.0131523,0.0217091,0.00345667,0.00263929
0.0069493,0.00500047,0.00251514,0.00566228,0.000880203,7.53782e-05
0.00488055,0.00360557,0.00371767,0.000976754,0.00101419,0.00141782
0.0147033,0.0103783,0.00687384,0.0173461,0.00466442,0.00924529
0.0202957,0.013981,0.00780628,0.00785419,0.00214193,0.00143472
0.00713671,0.0036366,0.00601143,0.00632552,0.00228837,0.000307465
0.00746295,0.0036576,0.00594266,0.00584208,0.00223459,-0.000181287
0.0212646,0.0110272,0.010128,0.0146912,0.0023676,0.00283204
0.00720854,0.00367623,0.00341666,0.00254863,0.000842376,0.000343876
0.0066531,0.00371652,0.00352637,0.000812323,0.000514087,0.000353215
0.00781993,0.00529636,0.003009,0.00088448,0.00110391,0.0024392
0.00884674,0.00512047,0.00389496,0.0123327,0.00363234,0.00945741
0.0122765,0.00846601,0.00351743,0.00565071,4.11457e-06,0.00134082
0.0117524,0.00788464,0.00461719,0.00291479,0.000136508,0.00273436
0.0055129,0.00399478,0.00480966,-0.000494017,0.000969392,0.000546658
0.012567,0.00846904,0.00731271,0.00892879,0.00266089,0.00059628
0.0233227,0.0140949,0.00981706,0.0145293,0.00219969,0.00106163
0.00902,0.00611854,0.00556816,0.00558057,0.00202505,0.00106025
0.00666391,0.00496561,0.00367607,0.0068626,-0.000382818,0.000430032
0.0107747,0.00730809,0.00544563,0.00808148,0.00120644,-0.000229466
0.00466948,0.00367008,0.00265116,0.00466929,0.000165776,-0.000334861
0.00830373,0.00585824,0.00571046,0.00544629,0.000904871,0.000350042
0.0163419,0.0103382,0.00835898,0.0097465,0.00261793,0.00257115
0.0148296,0.00619387,0.00737961,0.00913823,0.00176,0.00224073
0.0136701,0.00960607,0.00552019,0.00660273,0.000906044,0.00180575
0.00893863,0.00644873,0.0031047,0.0019383,0.000765629,-0.000383509
0.0418891,0.0274878,0.040592,0.047876,0.0127882,0.004979
0.00466403,0.0036574,0.00246884,-0.000466149,6.7012e-05,-0.000652118
0.0109346,0.00567776,0.0043719,0.00891975,0.00135848,0.00102304
0.0103527,0.00431782,0.00476426,0.00755288,0.00121791,-0.000357751
0.0194315,0.0135065,0.0064867,0.0108686,0.00105612,0.00192855
0.0129357,0.00790041,0.00443365,0.00596588,0.00189965,0.00167619
0.0152298,0.00524096,0.0060673,0.00483638,0.00153765,7.36393e-05
0.0111469,0.00527638,0.00507083,0.00263391,0.001425,0.000624303
0.0143605,0.0101115,0.00583686,0.0162756,0.00339618,0.00886794
0.0232003,0.0160846,0.00946408,0.014599,0.00192915,0.000922327
0.0161269,0.0111881,0.00839672,0.00612897,0.00123556,0.00203088
0.0107853,0.00729407,0.00415618,0.00491298,0.00155954,7.53811e-05
0.00866228,0.00581538,0.00410148,0.003013,0.000500249,0.000586909
0.00866591,0.00574292,0.00282637,0.00475843,0.00107846,0.00078497
0.00766513,0.00562275,0.00205607,0.00256042,0.00110448,0.000306563
0.0059345,0.00440212,0.00174931,0.00334282,-0.00023646,0.000934854
0.00826358,0.0058775,0.00326884,0.00452025,0.000766773,0.000565098
0.0226633,0.00856323,0.00983327,0.0120066,0.00314305,0.00119667
0.0235244,0.00860648,0.00973467,0.0115942,0.00313703,0.00109412
0.0195151,0.00900932,0.00974181,0.00941388,0.00102461,-0.000128564
0.0197425,0.00903088,0.00941346,0.00943002,0.00107813,0.000331768
0.00463195,0.00320417,0.00266104,0.00307613,0.000810487,0.000326659
0.00597382,0.00453066,0.00290892,0.00373908,-0.000119358,0.00149724
0.00488034,0.00366405,0.00270113,0.00674307,0.000457765,-0.00132903
0.006846,0.00476457,0.00184383,0.00364177,0.000315881,0.000347816
0.00478598,0.00341256,0.00140578,-0.00112112,0.000908102,-0.000182098
0.00601627,0.00453071,0.00280347,0.00417654,0.00121435,0.00146421
0.0140631,0.00968653,0.00409729,0.0129606,0.00362892,0.00704895
0.0047513,0.00363528,0.00220781,0.00348296,0.00073704,-0.000373151
0.0132549,0.00598995,0.00746922,0.00782828,0.00246455,0.00138914
0.0139938,0.00935445,0.017529,0.0218598,0.00559719,0.00191329
0.0182897,0.00826671,0.00773505,0.00554968,0.00140929,0.00303026
0.027887,0.0188849,0.00982816,0.0166187,0.00308822,0.00132024
0.0139025,0.00566504,0.0062368,0.0086285,0.00180393,0.00286116
0.0176035,0.0070871,0.00784234,0.0117756,0.00258048,0.00331408
0.00826868,0.00421261,0.003324,0.00757654,0.00115344,0.00153793
0.0103178,0.00726545,0.00371009,0.00642451,0.000999007,0.000329499
0.0127828,0.00881079,0.00599751,0.0068236,0.00104657,0.0020279
0.0123334,0.00900718,0.00702609,0.0084357,0.00169655,0.00151375
0.00779885,0.00551083,0.00793125,0.00476134,0.00146852,0.00322643
0.010893,0.00659929,0.0129076,0.00989447,0.00291279,0.00162826
0.00715517,0.00510045,0.0035075,0.00202451,0.00120558,-4.23347e-05
0.00480255,0.0035796,0.00245214,-0.00152298,0.000551153,-0.0001458
0.00648923,0.0043082,0.00510412,0.00770883,0.00168291,-3.20973e-05
0.0223684,0.0146411,0.0168303,0.0248355,0.00611529,0.00329086
0.0102619,0.00641012,0.0216718,0.0226176,0.00482139,0.00362478
0.011874,0.00856728,0.0060198,0.00594897,0.00190636,0.000795728
0.0306211,0.0149198,0.0173487,0.0246325,0.00582219,0.00579268
0.0298125,0.0149228,0.0165664,0.0246591,0.00516306,0.00527128
0.011296,0.00808687,0.00476209,0.00714582,0.00108104,0.00173455
0.0212999,0.0148154,0.014561,0.0210972,0.00477254,0.00235051
0.00441137,0.00300746,0.00232958,0.00707969,0.000189692,0.000475292
0.0122784,0.00479283,0.00514071,0.0067492,0.000405358,0.000628284
0.0156945,0.00825347,0.00542173,0.0064846,-0.000609888,0.00107768
0.0122601,0.00715756,0.00922763,0.0130368,0.00220261,0.000329829
0.00590489,0.00423739,0.00322134,0.00402227,0.000857144,0.00095562
0.00844499,0.00611828,0.00408335,0.00584739,0.00105081,0.000341878
0.0100409,0.00687253,0.00469834,0.00309651,0.00119225,-0.000887515
0.0215971,0.0131865,0.00903337,0.0103833,0.00216451,0.00123912
0.0260417,0.00820282,0.0135684,0.0183626,0.00350907,0.00113961
0.0148346,0.00571703,0.00883942,0.0134535,0.00159467,0.000690391
0.011398,0.00775085,0.00572422,0.00659766,0.0010231,0.00131251
0.00590844,0.00435452,0.0021182,0.00379213,0.00055832,-0.000358608
0.0115695,0.0081621,0.00505431,0.00684324,0.00168657,0.000694302
0.0108606,0.00784913,0.00687243,0.00970523,0.00158554,0.00188096
0.00730402,0.00508064,0.00350024,0.00371631,0.000475114,0.000575842
0.00801936,0.00582356,0.00321966,0.0040172,0.000705028,7.044e-05
0.0109062,0.00827551,0.00535806,0.0092835,0.00181348,7.92678e-06
0.00855103,0.00601354,0.00353195,0.0044969,0.0010491,0.00168654
0.0117707,0.00822158,0.00359255,0.00603705,0.000689001,0.000678763
0.0196774,0.0109818,0.00717102,0.00804434,0.002155,-0.000398249
0.0217433,0.0109156,0.00768349,0.00608545,0.00198282,-0.000616916
0.0137829,0.0089001,0.00458449,0.00734626,0.000928866,0.000672046
0.00753572,0.00526658,0.00315917,0.00392348,0.000441687,-0.000485533
0.0081732,0.00570597,0.00377962,0.00933428,0.00222605,0.00451402
0.00727671,0.00494973,0.00346765,0.00173708,0.000487522,-7.72523e-05
0.0231841,0.0160095,0.0129774,0.0203849,0.00572171,0.0117679
0.00720341,0.00492679,0.0036769,0.00711193,0.00108521,0.000410717
0.0122282,0.00877227,0.0069296,0.00735007,0.00210033,0.000198544
0.0221495,0.00960098,0.0148357,0.00882773,0.00145911,0.000112117
0.0282581,0.00950566,0.0175441,0.0123501,0.00176831,0.000755527
0.0170184,0.00706552,0.0112296,0.0109857,0.000936608,0.00135986
0.00541784,0.00418412,0.00214839,0.00292313,0.000613055,0.00110749
0.00905553,0.00659876,0.00399384,0.00614585,0.000617311,0.000182828
0.00687574,0.0042133,0.00304282,0.00436666,2.25772e-05,0.000454598
0.00614781,0.00401423,0.00298955,0.00247572,0.00020643,-5.13102e-05
0.0290465,0.0191928,0.0204636,0.0455994,0.00852045,0.00287934
0.00401408,0.00310779,0.00248238,-0.000647073,0.000168094,-0.000915874
0.00894146,0.0060553,0.0048961,0.00677405,0.00142564,0.000304081
0.00502439,0.00379208,0.00279098,0.00504916,-0.000241919,0.000722151
0.00600689,0.00432988,0.00291243,0.00403069,0.00105591,0.00143353
0.0102631,0.00655546,0.00522683,0.0061204,0.00150456,-0.000455539
0.00793196,0.00558789,0.00359144,0.00678245,0.000286608,0.0010725
0.00726098,0.00562329,0.00240085,0.00394382,0.00149296,-0.00033743
0.0112668,0.00784736,0.00650214,0.0043741,0.00164016,0.000627498
0.00743707,0.00488943,0.00462567,0.00407958,1.68785e-05,0.000232089
0.0073583,0.00527628,0.0028938,0.00194689,0.000155745,-0.000437159
0.0104283,0.00704774,0.00364599,0.0102741,0.00419359,0.00807561
0.00998454,0.00718776,0.00266341,0.00440996,0.00148306,7.20604e-05
0.0176031,0.0122312,0.00710608,0.0128593,0.00293571,0.00206346
0.0244615,0.0163453,0.00989153,0.00895118,0.00276108,0.000567942
0.00859648,0.00557446,0.00687579,0.00986175,0.00186411,0.00111736
0.0133947,0.00954898,0.00354176,0.00283532,0.000141872,0.00115564
0.00909503,0.00673078,0.00480914,0.00638434,0.000291124,0.002844
0.00798078,0.00595446,0.00351109,0.00182881,0.000891593,-0.000232236
0.0033973,0.0029391,0.00260364,0.0155733,0.00559159,0.0183114
0.00561048,0.00441213,0.00417182,0.00625169,0.000347067,0.000527851
0.00749558,0.00533535,0.00201746,0.00363823,0.00112057,0.000404882
0.00483832,0.00346511,0.00131125,0.0175193,0.00452925,0.0108621
0.00511125,0.00384919,0.00257409,0.00412214,0.000862978,-0.000311428
0.0049099,0.00332291,0.00357576,0.00328969,0.000523859,0.000464923
0.00556348,0.00438486,0.00339305,0.00205967,0.000607248,-0.000254788
0.00756849,0.00298313,0.00533378,0.00495077,0.00151223,0.00157091
0.00929079,0.00665304,0.00337847,0.0163982,0.00463724,0.0125438
0.0104552,0.00695392,0.00534392,0.00246775,4.89471e-05,0.000709273
0.0123284,0.00885989,0.00634257,0.00945076,0.00271674,0.00188802
0.0049593,0.00366455,0.00247352,0.00388104,-0.00017473,0.000402647
0.00618135,0.00424444,0.00257288,0.00349937,0.000197086,-0.000697393
0.0103503,0.00716209,0.00727608,0.00522038,0.00124781,0.000674758
0.00640677,0.00404362,0.00263786,0.00343966,0.00042525,7.68896e-05
0.0119781,0.00440337,0.00630164,0.003477,0.00105302,0.000746144
0.0116312,0.00452529,0.00604363,0.00556099,0.00156085,0.000457165
0.00682945,0.005299,0.00446009,0.0073325,0.00162151,0.000890281
0.0419538,0.0210455,0.0252667,0.0353133,0.0093291,0.0235125
0.0381771,0.0211031,0.0230853,0.0282503,0.00692949,0.0180786
0.00919684,0.00631015,0.00328867,0.00510937,0.000879103,0.00079081
0.0249236,0.0170459,0.0139427,0.016164,0.00399627,0.00160412
0.0140191,0.00879269,0.00595506,0.00847163,0.0014146,8.71803e-05
0.0162295,0.00943557,0.00588123,0.00815051,0.00186758,-0.000240138
0.00862737,0.00433291,0.00406979,0.000986007,0.000137618,0.00111492
0.00828231,0.00425304,0.0042934,0.00283085,0.000271429,0.00148997
0.0114581,0.0057753,0.00704454,0.00926756,0.0019525,0.00217451
0.00866678,0.00551584,0.00458907,0.00640467,0.00169801,0.000674685
0.00605363,0.00399263,0.00222526,-0.000445796,-2.34002e-06,0.000621812
0.00422829,0.00300471,0.00308489,0.00446756,0.00126323,-0.000217812
0.0088508,0.00629044,0.00546117,0.00546796,0.00104411,0.00238726
0.018102,0.0121155,0.00617284,0.00582989,0.00121357,0.00121124
0.00434401,0.00341749,0.00262766,0.00391106,0.00131726,7.04071e-05
0.00971193,0.00669828,0.00456844,0.00584032,0.00114025,0.00146242
0.0168983,0.0114223,0.00314291,0.00996767,0.000804528,0.000374199
0.00800959,0.0056357,0.00378604,0.00575857,0.000269855,0.000530931
0.00852868,0.00624225,0.00235485,0.00216972,0.000988879,2.31874e-05
0.0071304,0.00530478,0.00309905,0.00719436,0.000727381,-0.000950689
0.0318713,0.0156663,0.010075,0.0248447,0.00705474,0.00765956
0.00745516,0.00319436,0.00442396,0.00411983,0.000566782,-0.000474039
0.00860953,0.00411734,0.00448608,0.00310645,0.000759894,0.000343726
0.00820481,0.00471187,0.0035052,0.00191957,0.0012866,0.00092407
0.00622085,0.00360291,0.00440664,0.0157682,0.00371704,0.0105279
0.00829716,0.0056546,0.00754158,0.0128661,0.00145022,0.000891558
0.0107957,0.00754495,0.00456087,0.00665404,0.00130304,-0.000758591
0.0158256,0.0114285,0.00499589,0.0114269,0.00223812,0.000299899
0.00456329,0.00342277,0.00337637,0.00198481,0.000804604,0.000440654
0.011617,0.00820234,0.00447004,0.00669346,0.00160488,0.000524608
0.0124362,0.0084024,0.00437122,0.011577,0.00114302,0.00127106
0.00771892,0.00567362,0.00325432,0.00492617,0.00101598,0.000736356
0.0216036,0.0100322,0.00898465,0.00754594,0.0027116,-0.000313221
0.0154746,0.00601581,0.00632207,0.00509793,0.000977309,0.000884513
0.00504585,0.00342283,0.00178779,0.00311728,0.000407855,0.000622834
0.00569102,0.00428123,0.00261403,0.00332014,0.000299404,4.24016e-06
0.0241151,0.0154889,0.0142948,0.0187497,0.00363726,0.00248783
0.0111709,0.00807527,0.00569167,0.0115623,0.00250541,0.00113271
0.00517869,0.00356119,0.0066775,0.00561635,0.00210248,0.000382228
0.00660196,0.00444057,0.00328894,0.00482992,0.000285925,0.000126811
0.00557405,0.00400342,0.00301648,0.00259644,-0.000362292,0.00035612
0.0251845,0.0137269,0.0115493,0.0135887,0.00286588,0.00118039
0.0232931,0.0137302,0.0107278,0.0105702,0.00219658,0.0008506
0.0166087,0.0120706,0.00709459,0.00896818,0.00164292,0.000525915
0.00604838,0.00454283,0.00267544,0.00445947,0.000186747,0.000663561
0.00856527,0.00594739,0.0045155,0.00568872,0.0019681,0.000926888
0.0153442,0.0106691,0.00584901,0.00544813,0.000467731,0.000280586
0.00907697,0.00687234,0.00526031,0.00686484,0.000826751,0.000550597
0.0122578,0.00816758,0.00496862,0.00333119,0.00106615,0.00155282
0.00682691,0.00502515,0.00371266,0.00737967,0.00160036,0.00108662
0.0280033,0.0163674,0.008066,0.0138846,0.00181459,0.00213888
0.0104371,0.006082,0.0059427,0.00801197,0.00207331,0.00164424
0.00890878,0.00555692,0.00501899,0.00814277,0.000803667,0.000534456
0.00782334,0.00563857,0.0033301,0.00327143,0.000241796,0.000560648
0.011516,0.00793623,0.00536257,0.00662558,0.00155792,-3.76955e-05
0.00962226,0.00704013,0.00329195,0.00402627,0.00105543,0.000826256
0.00792399,0.00536592,0.00349579,0.00857528,0.00159377,0.000467592
0.0048113,0.0036533,0.00221686,0.000876488,0.000346652,-0.000798079
0.00519047,0.00378419,0.00204384,0.00123256,-0.00046011,-0.00148701
0.00939332,0.00555504,0.00676649,0.00776448,0.00256848,-0.00139543
0.0114449,0.00814675,0.0120412,0.0355713,0.0114123,0.033587
0.0076228,0.00527219,0.00264213,-2.33524e-05,0.000412034,-0.000380299
0.0123289,0.00606235,0.00725082,0.00577508,0.000750737,0.000678866
0.0123678,0.00564617,0.00652812,0.00588058,0.000388747,0.00062088
0.0203235,0.0121344,0.00834563,0.0173589,0.00211061,0.000806631
0.0165978,0.00791191,0.00770902,0.0140404,0.000677111,0.000483048
0.0078121,0.00604499,0.00483511,0.00270344,0.00126613,0.000763684
0.0104663,0.00624239,0.00520711,0.00682821,0.000909645,3.38735e-05
0.0103155,0.00704751,0.00314408,0.00261259,0.000793592,-0.000870384
0.0123527,0.00669578,0.00713808,0.0107592,0.00223241,0.00085013
0.0181155,0.0102887,0.0104341,0.0156498,0.00255639,0.00105355
0.0125639,0.00878516,0.00407238,0.00370784,0.00165077,0.00136511
0.00758587,0.00562747,0.00615598,0.00989322,0.0029065,0.00286937
0.00663274,0.0046751,0.00184335,0.00639819,0.000714052,0.00197436
0.0237318,0.0160202,0.0179389,0.0225756,0.00515157,0.00114249
0.0161006,0.0089848,0.0141169,0.0217272,0.0035956,0.00269809
0.0158782,0.00616014,0.00841133,0.00970492,0.00237919,0.000206918
0.0159492,0.00626185,0.00862179,0.0110492,0.00214553,0.000626618
0.0200248,0.0136496,0.00955211,0.0132962,0.00122889,0.0011175
0.0209592,0.0133953,0.0246527,0.038469,0.0057563,0.00211268
0.00495232,0.00357466,0.00280524,0.0074774,0.00150142,0.00138273
0.00797093,0.00541854,0.00319384,0.000158832,0.000789321,-0.000132263
0.0164858,0.0118522,0.00402781,0.0055528,0.000766832,0.00102711
0.0099226,0.00535373,0.00506535,0.00810795,0.00118584,0.000469152
0.00851254,0.00480298,0.00477169,0.00510812,0.000586405,5.2219e-05
0.00413758,0.00331639,0.00206938,-0.00130939,0.000661299,-0.000117399
0.0097168,0.00462235,0.00383744,0.0057388,0.000458375,0.000576413
0.0199413,0.0111238,0.00792703,0.0081131,0.00174371,0.00131417
0.0149101,0.00941552,0.00689464,0.00577683,0.000832763,0.00136055
0.0186749,0.00860006,0.00640972,0.0105274,0.00131615,0.00241149
0.0271032,0.0163864,0.00795182,0.0145075,0.00491903,0.00674098
0.0119747,0.0084498,0.00655625,0.00890716,0.000810657,0.000970126
0.00476619,0.00356845,0.00195495,0.00137387,0.000864651,0.000192272
0.0129399,0.00902207,0.00451638,0.0108298,0.000937532,-0.000298483
0.00658916,0.00438867,0.00271035,0.00551238,0.000978938,0.000915101
0.0172981,0.0117848,0.00713501,0.00412515,0.00155041,0.00213366
0.00395874,0.00306412,0.00172912,0.00067471,-0.000231736,-0.000766416
0.0106351,0.00766491,0.0033931,0.0015294,0.00149584,-0.00051932
0.0101416,0.00737552,0.007277,0.00514967,0.00220165,0.000681399
0.0101249,0.0073588,0.00300021,0.00494873,7.61811e-05,0.00125578
0.00468337,0.00335394,0.00200782,0.00447403,0.000580265,-0.000228695
0.00642777,0.00472858,0.00286756,0.00167751,0.000539895,-0.000184746
0.0332194,0.0202624,0.0155301,0.0146883,0.00462951,0.0027314
0.00752189,0.00415608,0.00335237,0.00746502,0.00171694,0.000760348
0.00614336,0.00427772,0.00277705,0.00618173,0.000576013,0.000175704
0.00997317,0.00725562,0.00514501,0.00687271,0.000853458,2.89142e-05
0.00471195,0.00356391,0.00277219,0.00384973,0.00103443,0.000960009
0.0135453,0.00951992,0.00441416,0.00803137,0.00111915,0.00219781
0.00676277,0.00447836,0.00224238,0.00605065,0.000923193,0.000280675
0.0261813,0.0115592,0.0115666,0.0151151,0.00298217,0.00140714
0.0285103,0.0121533,0.0113311,0.00998776,0.00220358,0.000744699
0.0101724,0.00733977,0.00363906,0.00472241,0.00110116,0.00186395
0.00457942,0.00349049,0.00461458,0.00806651,0.00172064,0.000727194
0.00851077,0.0057952,0.006026,0.00523889,0.000280214,-0.000488896
0.0147687,0.0102177,0.00614958,0.00777364,0.000804233,0.000562973
0.0111864,0.00677502,0.00542075,0.0047847,0.000836131,0.00176336
0.0169498,0.0116263,0.00467176,0.0136414,0.00314392,0.000969965
0.0157709,0.0108778,0.00586333,0.0149327,0.00518788,0.012999
0.00653794,0.00447815,0.00293956,0.00286421,0.00106487,0.000688732
0.00829973,0.00634537,0.00439462,0.00767535,0.00205528,0.00178906
0.00679675,0.00490861,0.00440658,0.00374772,-0.000301467,0.000568814
0.0118373,0.00819176,0.0053362,0.00610617,0.00115395,0.00148876
0.00695081,0.0045288,0.00361166,-0.000115015,0.000906717,0.000176276
0.0152599,0.010621,0.00651014,0.00393127,0.00193097,0.000806161
0.0126874,0.00896878,0.00682787,0.0101622,0.00126291,0.000582542
0.00572758,0.00426276,0.00313098,0.00585084,0.00146143,-9.92989e-05
0.0068382,0.00328994,0.00631816,0.00488211,0.00128076,-4.90615e-05
0.0084039,0.00448209,0.00541863,0.00607429,0.000935047,0.000909894
0.00890129,0.00672349,0.00645068,0.00641067,0.00176206,0.000845966
0.0168836,0.0119442,0.00994075,0.00983098,0.00222757,0.00103632
0.0324971,0.020332,0.0220177,0.0268446,0.00624049,0.0042463
0.00879318,0.00652718,0.00280072,0.00614838,0.000302263,0.00045169
0.0177556,0.0104489,0.00489791,0.0100871,0.00201916,0.00217751
0.0108317,0.00763705,0.00521457,0.00968228,0.00269705,5.82639e-05
0.00934688,0.00711419,0.0034857,0.0081309,0.00166347,0.00149156
0.011887,0.00805298,0.00561725,0.00637981,0.00188488,1.92668e-05
0.0115641,0.00612351,0.00904978,0.00750294,0.00144003,0.000649512
0.0176236,0.0113185,0.0066651,0.0100449,0.00291668,-0.00020805
0.0123805,0.00714055,0.00520201,0.00673281,0.00100659,0.00148032
0.0105017,0.00762279,0.00517942,0.0072169,0.000533645,-0.000140866
0.00911483,0.00636426,0.00451547,0.0017898,0.000601158,0.0019118
0.012228,0.00659058,0.00669877,0.00111886,0.000964663,0.00120147
0.016142,0.00654826,0.00903068,0.0039606,0.00208177,0.00163678
0.0124386,0.00667115,0.00687332,0.00253769,0.00140346,0.00109562
0.0116376,0.00822569,0.00818261,0.00790617,0.00220355,0.00210659
0.00475041,0.00373294,0.00251052,0.00462581,0.00116771,-0.000348709
0.0211766,0.0134527,0.00839749,0.0154658,0.00215242,0.000435579
0.00401866,0.00304592,0.00484771,0.0040503,0.000816175,0.0016811
0.00850611,0.00369459,0.00435489,0.00467097,0.000605542,0.00134251
0.00675946,0.00477474,0.00246623,0.00377692,0.00121347,-1.66094e-05
0.00859697,0.00414351,0.00520831,0.00608204,0.000990331,0.00179174
0.00901353,0.00418761,0.00548624,0.0083675,0.00113714,0.00184332
0.00744924,0.0035834,0.00487368,0.0087078,0.000853476,-5.14364e-05
0.00768369,0.00358929,0.00476662,0.0109108,0.000795061,-4.83385e-05
0.013724,0.00966858,0.00432716,0.0059219,0.00176139,0.0013971
0.00969799,0.00688833,0.00482621,0.00739608,0.000977729,-0.000386728
0.0097971,0.00693939,0.00395332,0.00828661,0.000118705,0.00107554
0.00735943,0.00541748,0.00576487,0.00719198,0.00137651,0.00160395
0.00665187,0.00475531,0.00149034,0.00256538,0.00162175,0.000660924
0.0069321,0.00486819,0.00348984,0.00351587,0.000721748,0.00141551
0.0081447,0.00439555,0.00525032,0.0121603,0.00272611,0.00474141
0.0108316,0.00573421,0.00562778,0.0122088,0.00352961,0.00586984
0.0193592,0.0131422,0.00975806,0.0134428,0.00173536,8.71879e-05
0.00658086,0.00491374,0.005633,0.00750983,0.000588718,0.000562925
0.0139675,0.0081551,0.00878107,0.0133932,0.00226492,-0.000119213
0.0148521,0.00833911,0.00893513,0.0108824,0.00200311,-7.34287e-05
0.0110634,0.00778371,0.00294297,0.00666392,0.000869984,5.59791e-05
0.0164101,0.011185,0.00565624,0.0105966,0.0022302,0.00030601
0.00529515,0.0041012,0.00328968,0.00465643,0.00044506,-0.000301644
0.00712127,0.00455024,0.0033331,0.00528491,0.000532522,0.00111429
0.0100905,0.00463909,0.00572166,0.0037376,0.00144267,0.00109048
0.0110502,0.00462398,0.00656292,0.0042608,0.0014062,0.000550976
0.00792807,0.0046162,0.00488514,0.00262586,0.00102272,0.000228914
0.0144083,0.0070465,0.0065923,0.00650825,0.00168221,-0.000165384
0.0146472,0.00625442,0.00776283,0.00913071,0.00137153,0.00326898
0.0150799,0.00613559,0.00770198,0.0102601,0.000865585,0.00246237
0.00556821,0.00432081,0.00258502,0.00469071,0.000974135,-2.93558e-05
0.0289712,0.0185949,0.0157892,0.0161105,0.003738,0.0040741
0.0358688,0.0185574,0.0187258,0.0222071,0.00413666,0.00483983
0.0184737,0.00839804,0.00947329,0.0175906,0.00319575,0.000815286
0.0214691,0.0149751,0.0122683,0.0245498,0.00276054,0.00121919
0.00715886,0.00537029,0.00231458,0.00461829,0.000422711,0.000703901
0.0101401,0.00693894,0.00376239,0.00209191,0.0015968,0.000392115
0.011694,0.00792565,0.00467771,0.00521405,0.000681901,0.000234271
0.00475751,0.0035053,0.00223322,0.00643465,0.00067903,0.000451201
0.0070123,0.00507108,0.00272718,0.00340094,0.000393829,-0.000715231
0.0121732,0.00869941,0.00366086,0.00942987,0.000947518,0.00149935
0.00723852,0.00548151,0.00276166,0.000841635,0.000717885,-0.000385332
0.00635402,0.00434328,0.00305424,0.0055032,0.00129001,-8.45134e-05
0.0249743,0.0169923,0.0106216,0.00871508,0.00226037,0.000858531
0.00565152,0.0040613,0.00156654,0.00366136,0.000441795,-0.00017142
0.00663357,0.00345074,0.0056314,0.00933845,0.00184584,-0.000381175
0.0114297,0.00554802,0.00543094,0.00989017,0.00226279,-0.000275959
0.0109674,0.00583013,0.00401674,0.00920157,0.00171623,-0.000506839
0.00993682,0.00686713,0.00466315,0.00552447,0.000835038,0.000337593
0.0133506,0.00864342,0.0066209,0.00728538,0.00168138,0.00152986
0.0148936,0.0104273,0.00464065,0.00784835,0.00158438,0.00158606
0.00595055,0.00401441,0.00352933,0.00463425,0.000988085,0.000796619
0.00454219,0.00313225,0.0076856,0.00832948,0.00166506,-0.000117514
0.00458699,0.00352808,0.00281411,0.0053202,0.0014655,-0.000424098
0.00616904,0.00473759,0.00184257,0.00537162,0.000684605,0.00176398
0.0125641,0.00904854,0.00507241,0.00381523,0.00174427,0.00156319
0.0147668,0.0101526,0.019565,0.0230093,0.00542377,0.00299468
0.0143363,0.00942561,0.0073088,0.012083,0.00241578,0.00130731
0.00631248,0.00378691,0.00275419,0.00383644,0.000138596,0.00129889
0.0279774,0.0182226,0.0107475,0.0194048,0.00381834,0.00155938
0.00437623,0.00342328,0.00265842,0.00302691,0.0001939,-0.0010771
0.00818579,0.00592322,0.00325321,0.00547019,0.000819356,-0.000678677
0.00921708,0.00688009,0.00263658,0.00600458,0.0013933,0.00152096
0.00864349,0.00642998,0.00565474,0.0146696,0.00302499,0.00142568
0.00895264,0.00624953,0.00513452,0.00707782,0.000702135,0.000219348
0.00988931,0.00702629,0.00466792,0.010032,0.0010808,0.000832463
0.00894496,0.0063061,0.00498005,0.00517069,0.000714658,0.00233306
0.00567972,0.00432852,0.00344566,0.00421955,0.00114468,0.000352326
0.00850633,0.00626009,0.00345391,0.00619797,0.00126622,0.000535084
0.0103967,0.0076399,0.00412654,0.00977897,0.000726956,0.000783518
0.00928054,0.0070417,0.0030952,0.00710783,0.000929234,0.00123217
0.0190404,0.0130954,0.00778303,0.00774158,0.00194023,0.00132277
0.0374894,0.0132744,0.0208032,0.0366257,0.00695882,0.00324132
0.0456662,0.0165343,0.0223812,0.0365702,0.00601083,0.00179855
0.0177418,0.0125501,0.00801366,0.00457475,0.00164981,0.000112746
0.0121389,0.00508498,0.0066558,0.00364791,0.00167112,3.94043e-05
0.0121602,0.00497361,0.00677332,0.00508856,0.00136146,0.000458533
0.00384987,0.00296074,0.00232133,0.00554679,0.000742466,0.000615799
0.0048562,0.00354414,0.00218648,0.00266356,-0.000181888,-0.00014195
0.011272,0.00498109,0.00624636,0.00761422,0.00470242,0.00696277
0.0186127,0.00848411,0.00713721,0.00736908,0.00151655,0.000413492
0.00745083,0.00419181,0.00408321,0.0033651,0.00157957,0.000260393
0.00410106,0.00298495,0.00264749,0.0221739,0.00902593,0.0295689
0.0186284,0.0130139,0.00623668,0.00826502,0.00250806,0.00043459
0.0108133,0.00782626,0.00656971,0.00578398,0.000905858,0.00275438
0.0107795,0.00621262,0.00558894,0.00503483,0.00157191,1.61975e-05
0.0119126,0.0078374,0.00903211,0.0154903,0.00537808,0.00855924
0.0124905,0.00856758,0.00470845,0.0062395,0.0013981,-0.000208996
0.0296208,0.00900089,0.0136043,0.0139762,0.00309966,0.000689706
0.0233111,0.0094241,0.0111905,0.0123986,0.0029398,0.000962975
0.0100073,0.00682256,0.00473348,0.00674604,0.00107148,0.000333862
0.0144886,0.010211,0.00436238,0.00617847,0.00183706,0.000795522
0.0124546,0.00882075,0.00538925,0.00670999,0.00062079,-0.000297862
0.0196878,0.0137368,0.0103207,0.0109866,0.00242935,0.00322842
0.0118103,0.00804643,0.00412906,0.0102626,0.00279461,0.00739738
0.0123317,0.00888349,0.00615223,0.00547337,0.00106452,0.00231873
0.0143606,0.00993827,0.00395648,0.00886382,0.00110611,-0.000749154
0.0102469,0.00767999,0.00434466,0.00357657,0.000997384,0.000498112
0.00485022,0.00375092,0.00293258,0.00216364,6.27276e-05,3.97442e-05
0.0119308,0.00860261,0.0110989,0.0110787,0.00240665,0.00167302
0.014995,0.0104309,0.00542664,0.00422813,0.00101271,0.00132046
0.0138065,0.00955631,0.00583315,0.00701046,0.00283689,0.000677308
0.00822249,0.00595339,0.00630287,0.00405868,0.00173995,0.00201044
0.00446975,0.00338219,0.00325828,-0.00188612,0.00080501,-0.000227876
0.0151234,0.00680072,0.00900374,0.011125,0.0018112,0.00146054
0.0161022,0.0065266,0.00875989,0.0106408,0.00201549,0.000514643
0.00992973,0.00473288,0.00455714,0.00428365,0.00158423,6.76522e-05
0.0153447,0.00669819,0.00647046,0.00517359,0.00170401,0.000502299
0.0184599,0.0124496,0.00686335,0.010342,0.00107012,0.000876955
0.0155697,0.0109613,0.00684563,0.00864641,0.00249864,6.17873e-05
0.0101853,0.00559045,0.00278068,0.00452049,0.000827173,-0.000613906
0.0107363,0.00715022,0.00509353,0.00131554,0.00058862,0.000153897
0.00955295,0.00605945,0.00445555,0.00896254,0.00202474,0.00197874
0.00721187,0.00432889,0.00434465,0.00476554,0.00104458,0.00109221
0.00782802,0.00543376,0.00318554,0.00385157,0.00104047,-0.000447281
0.00496258,0.00372236,0.00283022,0.0027677,0.000592649,0.000252881
0.0113678,0.00504563,0.0153406,0.0171913,0.00296837,0.0012324
0.0107314,0.00494774,0.0092879,0.0122443,0.00151106,-0.000731878
0.00955159,0.00704582,0.00686794,0.00427474,0.00144881,0.000354879
0.00591066,0.00415397,0.00303779,0.00465245,0.000688434,-0.000757376
0.00642984,0.0047534,0.00301243,0.00328424,0.000939735,0.000882128
0.00627108,0.00479023,0.00386446,-0.0022908,-0.000251175,0.00083959
0.0317795,0.0217315,0.00908439,0.0111062,0.0187161,1.01107
0.0172577,0.0121408,0.00747723,0.00793142,0.00195028,0.00169145
0.00705934,0.00503716,0.00284256,0.00025583,0.000677704,-0.000478793
0.00801692,0.0055541,0.00424818,0.00610383,0.00124419,0.000519546
0.0183359,0.0122799,0.00992667,0.0106747,0.00223262,0.00076806
0.00617914,0.00438661,0.00169756,0.00584012,0.00186858,0.000444867
0.0166543,0.0116804,0.0117373,0.0111089,0.00297377,0.00178934
0.00720052,0.00500198,0.00324849,0.00598445,0.00176358,-0.000418534
0.00715186,0.00497595,0.00404992,0.00493099,0.000915612,0.00130828
0.0147342,0.00630745,0.00688928,0.0170853,0.00587526,0.0167438
0.0152395,0.00619049,0.00684555,0.0170071,0.00665936,0.0167825
0.0111202,0.00774511,0.0039433,0.00738385,-0.000168598,0.000562644
0.00666531,0.00506925,0.00307941,0.00257498,-0.000363486,-0.00128351
0.015632,0.0111147,0.00532579,0.00447555,0.000909035,9.6058e-05
0.00749463,0.00539109,0.00167303,0.00774886,0.00031894,0.000333855
0.0234611,0.0139745,0.0144908,0.0213803,0.00370223,0.00176935
0.0140981,0.00699863,0.00796198,0.00823042,0.0018258,0.000755326
0.0117964,0.00827828,0.00472174,0.00451377,0.000578186,0.000700434
0.00643003,0.00435979,0.0048405,0.00474771,0.000532436,-0.000442501
0.00691032,0.00489879,0.00342745,0.0019618,0.00028266,-0.000328787
0.00832566,0.00625002,0.00364601,0.00348358,0.00150107,0.000185441
0.0239578,0.016887,0.00777789,0.0134032,0.00177579,0.00121916
0.013073,0.0083584,0.00563898,0.0124499,0.00165969,0.00164531
0.0140788,0.00926559,0.0056646,0.00475527,0.00155629,0.000799747
0.0094846,0.00511837,0.00461403,0.0051984,0.00119779,-0.000217393
0.00713197,0.00421335,0.00335511,0.00116838,0.000529159,0.000118613
0.0114491,0.00764148,0.0080434,0.00940198,0.00110805,0.00156379
0.00649183,0.00463398,0.00259714,0.00412831,0.000527185,-0.000562588
0.0105816,0.00714801,0.00290044,0.00707458,0.00194758,0.000202149
0.0225045,0.0154446,0.0096914,0.0129543,0.00347026,0.00139587
0.0119023,0.00796962,0.011884,0.0242908,0.00645815,0.0115696
0.00993587,0.0073444,0.00635304,0.00323666,0.000602594,-0.000540651
0.00863366,0.00593769,0.0020933,0.00852628,0.000306947,0.000756662
0.00417195,0.00300292,0.00202737,-0.000646147,-0.000248617,-0.000842031
0.0189914,0.0125101,0.00616371,0.013758,0.00317247,0.00801832
0.0216914,0.0139801,0.0056153,0.00916818,0.00145101,0.00166426
0.00425567,0.00320517,0.00252577,0.00500187,0.00115849,0.00186969
0.0173142,0.0105332,0.00789791,0.0109313,0.00154101,-0.0004364
0.00621718,0.00437208,0.00569736,0.00648206,0.000196142,0.00139701
0.00550828,0.00420576,0.00292036,0.000792848,0.000869215,0.000249163
0.00899771,0.00321398,0.00468362,0.00363177,0.00123652,0.000889924
0.0271087,0.0144226,0.0155421,0.017675,0.00271299,0.00344271
0.0107959,0.0058452,0.00662139,0.00801364,0.00182967,0.000887688
0.0153369,0.00701416,0.00976127,0.0107379,0.00190045,0.000179506
0.024562,0.0099997,0.00893784,0.0145661,0.00315148,0.00194159
0.0243575,0.00988626,0.00886085,0.0130255,0.00315335,0.00197054
0.0104701,0.00745399,0.0103627,0.0168051,0.00363669,0.00102013
0.00481643,0.00333611,0.011409,0.0246103,0.0143702,0.493624
0.0142954,0.0078032,0.00501091,0.00736954,0.00173243,0.000199539
0.00949619,0.00690502,0.00584083,0.00768819,0.00202951,0.000967802
0.0144317,0.00683789,0.00619052,0.00303576,0.00127437,-0.00016142
0.0151868,0.00690362,0.00653171,0.00491049,0.00157847,-0.00031452
0.0135515,0.00574338,0.00701177,0.00499117,0.00170732,0.00190815
0.0178435,0.00828247,0.00720778,0.00720927,0.00157998,0.00132528
0.0135298,0.00988133,0.00632787,0.00776576,0.00233136,0.00164521
0.00762182,0.00385448,0.00549278,0.00316465,0.00106982,0.00171047
0.0218261,0.0150674,0.0157055,0.0118251,0.0045684,0.000388194
0.00640744,0.00472211,0.0034962,0.00295559,0.000159658,0.000713873
0.00638229,0.00436283,0.00338485,0.00518531,0.000411017,0.000545312
0.011098,0.00798939,0.00398298,0.00757786,0.0012959,-0.000740587
0.0118765,0.00749984,0.00762302,0.0101531,0.0015537,0.00166329
0.0111058,0.00740049,0.00335001,0.0062151,-0.000211675,0.000577065
0.00815987,0.00569638,0.00334262,0.000698481,0.0015824,0.000781599
0.00729351,0.00519608,0.00564582,0.00651937,0.000570983,0.0016759
0.00689976,0.00491793,0.00347167,0.000648236,0.00105513,0.00067452
0.00423599,0.00306055,0.00228315,0.00218733,0.000246947,-2.86038e-05
0.00853352,0.00550057,0.00302605,0.00611429,0.00125127,0.00201501
0.0099082,0.00670485,0.0050532,0.00315728,0.00129103,0.00104743
0.0184444,0.00739523,0.00920596,0.0154362,0.00510061,0.00268917
0.0269561,0.013695,0.0225781,0.0334521,0.0084384,0.00593512
0.00892235,0.00601941,0.003479,0.00524965,0.000793265,0.00081862
0.0218052,0.0115841,0.00939632,0.00918558,0.00294426,0.000623549
0.0121359,0.00885397,0.00776969,0.0162834,0.0023626,-0.000760023
0.0129753,0.00893559,0.00368009,0.00536482,0.00218599,0.00134034
0.00622363,0.0039833,0.00214537,0.00485339,0.000314491,9.89795e-05
0.0133599,0.00919509,0.00806052,0.00688916,0.00144989,1.05823e-05
0.0125671,0.00861921,0.00523822,0.00956457,0.00161879,-2.51583e-05
0.0106317,0.0065366,0.0062607,0.00474412,0.00177782,-8.99568e-05
0.00994418,0.00556168,0.00442731,0.00454757,0.00111553,0.0019978
0.00413264,0.00328036,0.00301153,0.00553076,0.000488593,0.000530206
0.00768933,0.00576727,0.00512621,0.00452723,0.00017108,0.000129336
0.00716829,0.00508144,0.00335418,0.00376439,4.64639e-05,-0.00110484
0.0168132,0.0114744,0.00846299,0.0102615,0.00130503,0.00106787
0.0267705,0.0147225,0.0215895,0.0276758,0.00740313,0.00392623
0.0491771,0.0263872,0.0183471,0.0403535,0.00920692,0.00766872
0.00628709,0.00417539,0.00545203,0.00803683,0.00162789,0.000443417
0.0196283,0.00873303,0.00965346,0.0109913,0.00204459,0.00137222
0.0199574,0.00879927,0.00944058,0.0112213,0.00258144,0.00153752
0.0126804,0.00922024,0.00522708,0.00856094,0.000514201,0.00107377
0.0177117,0.0107806,0.00677081,0.0061581,0.00269288,9.11661e-06
0.00626468,0.00450193,0.00244621,0.00358125,-0.000678547,3.30708e-05
0.00692288,0.00498387,0.00177608,0.00941837,0.00152117,0.00248572
0.00702941,0.00357371,0.00392532,0.00543764,0.00129109,-0.000295829
0.00687341,0.0035824,0.0038792,0.00532175,0.00118091,0.000149801
0.0226168,0.0102573,0.0118666,0.0227118,0.00622637,0.0114307
0.0222237,0.0103829,0.0118189,0.019643,0.00551864,0.0126499
0.0243993,0.0126299,0.00869852,0.0145539,0.00327847,0.00122779
0.00589513,0.00433975,0.00304245,0.0111142,0.00280084,0.00559966
0.00508026,0.00395727,0.00187772,0.00498858,0.000508829,0.00192053
0.0103411,0.0057438,0.00448204,0.00562519,0.00106256,0.00109051
0.010704,0.00529511,0.00328403,0.00654886,0.000910794,2.73299e-05
0.00932553,0.00441318,0.00610225,0.0110217,0.00196428,0.00301137
0.0177077,0.00761436,0.0112169,0.0152197,0.00202508,0.00149709
0.0152035,0.00766441,0.00961622,0.00967962,0.0022646,0.000206213
0.0209428,0.0141906,0.0121293,0.0321331,0.00901923,0.0156724
0.0130783,0.00913254,0.00751925,0.0228681,0.00883823,0.0216802
0.0220754,0.0145867,0.0227469,0.0221227,0.00522222,0.00117859
0.0149933,0.0094531,0.00771203,0.00930894,0.00265418,0.00117375
0.00956741,0.00393777,0.00282046,0.00523397,0.000523817,0.000230154
0.0131664,0.00927004,0.00630075,0.00615183,0.00245496,0.000731533
0.00554704,0.00399738,0.00373091,0.00382312,0.00163262,0.000262255
0.00584203,0.00311797,0.00408549,0.00894523,0.00165405,9.50258e-05
0.0103724,0.00707773,0.00445821,0.00503127,0.000591889,6.02503e-05
0.00737241,0.00529245,0.00284352,0.0141585,0.00290355,0.00719749
0.0139728,0.00980837,0.00672933,0.00609855,0.00224688,0.000409406
0.0151939,0.00741294,0.00569491,0.00822669,0.000959695,0.000318772
0.0181514,0.010625,0.00781784,0.0106916,0.00117764,0.000775697
0.0101949,0.00724188,0.00285548,0.00736059,0.00156853,0.000725429
0.0137695,0.00911611,0.0050504,0.00482681,0.00133467,0.000459404
0.00649681,0.00444907,0.00744314,0.00805403,0.00267198,-0.000267111
0.0138821,0.00800356,0.00713314,0.0266017,0.00823123,0.016988
0.00983029,0.00557665,0.00465812,0.00508767,0.0017942,0.000111698
0.00649052,0.00469911,0.0022966,0.00728647,0.000403088,0.000401801
0.00834661,0.00618356,0.00276511,0.0072268,0.000760812,0.000494649
0.00986134,0.00690826,0.00385705,0.00515034,0.00187469,0.000245703
0.024583,0.0167502,0.0118297,0.0119306,0.00215879,0.00263915
0.0123335,0.0087076,0.00776259,0.00763291,0.00144469,-0.000228447
0.00614314,0.00437871,0.00386674,0.00401945,0.00092177,0.00116448
0.0118224,0.00820238,0.00308401,0.0106555,0.00182504,0.00556955
0.00678425,0.00454796,0.00329859,0.00687944,0.000538806,0.00213891
0.0150931,0.0107364,0.0045628,0.0108149,0.0023229,0.000808814
0.0212355,0.0145074,0.00535958,0.0100612,0.00211436,0.000629134
0.0108162,0.00709057,0.00684214,0.00515255,0.00237979,0.000900479
0.00473755,0.00322113,0.00213231,0.00284944,0.00058181,0.000247744
0.0074245,0.00545549,0.00577237,0.00856084,0.00226741,0.000371441
0.00914256,0.00642312,0.00377064,0.00744058,0.000827675,0.000340763
0.005301,0.00386824,0.00296883,0.00125243,-2.39654e-05,9.36013e-05
0.00707738,0.00538976,0.00273077,0.00644436,0.000416802,-0.00125924
0.0101088,0.00691384,0.00485222,0.00428314,0.00126833,8.96095e-05
0.0121789,0.00795595,0.0037154,0.00188779,0.000894019,-0.000144267
0.0190321,0.0136777,0.0086129,0.0150983,0.00305991,0.00136171
0.0116409,0.00824426,0.00433257,0.00580794,0.00186211,-0.000447762
0.00596883,0.00440652,0.00252474,0.00428375,-0.000267817,0.00117274
0.00963478,0.00470568,0.00503608,0.00569444,0.00140946,0.000402643
0.0086496,0.00343478,0.00431065,0.00615252,7.62795e-05,0.00171953
0.00960934,0.00661509,0.00594884,0.00642869,0.000954576,0.000144947
0.0204079,0.0101089,0.0134561,0.0190005,0.00565098,0.00225598
0.0268016,0.0135512,0.0202452,0.0245691,0.00610932,0.00216246
0.00422096,0.00336915,0.00223386,0.00146178,0.000922886,-0.000571064
0.00405308,0.00306977,0.00208071,0.00341704,0.00101306,6.07886e-05
0.0092368,0.00642394,0.00430195,0.00127152,0.000962085,0.000837471
0.012358,0.00857579,0.00470263,0.005476,0.000757047,0.00136226
0.0338728,0.0141776,0.0155581,0.0219258,0.00615825,0.000376204
0.0341072,0.0141145,0.0153,0.0222233,0.0059793,0.000944817
0.00935244,0.00658247,0.00519736,0.00413686,0.000948937,0.00202631
0.0100121,0.00686079,0.00268509,0.00702923,0.000839598,-0.000768986
0.0305904,0.0147062,0.0124126,0.0118389,0.00277634,0.000125052
0.0173909,0.0123933,0.00715395,0.00676636,0.00177321,0.00226255
0.0147929,0.00924166,0.00614262,0.00499316,0.00161761,0.0011477
0.00993935,0.00556438,0.004309,0.0020136,0.000515335,0.000440305
0.012177,0.00856873,0.00450961,0.00313685,0.00131907,4.05468e-05
0.00613276,0.0045402,0.00319002,0.00245427,0.00043732,0.000842093
0.0147824,0.00899086,0.00765023,0.00814952,0.000864351,0.00101175
0.0119948,0.00811919,0.00634,0.00544263,0.000286829,0.000534424
0.0097199,0.00657209,0.00382538,0.00623977,0.000732623,0.00114157
0.00444528,0.00350632,0.00289773,0.00158822,0.000219203,-0.000281541
0.00568622,0.00449122,0.00247386,0.00373841,0.000132935,-0.000478109
0.00900353,0.00596714,0.00610289,0.0130362,0.00230485,-0.00132073
0.0096982,0.00616107,0.00497452,0.00221877,0.000991275,0.000427695
0.00925834,0.00557604,0.00379537,0.00599514,0.00109506,-0.000497915
0.00739597,0.00333088,0.00284138,0.00260098,0.000750341,-0.000304455
0.00485076,0.00368501,0.00331479,0.00780465,0.00143669,0.00059547
0.0094166,0.00639493,0.00328238,0.00401486,0.000500865,-0.000515683
0.00557056,0.00397244,0.0022223,0.00245143,0.00057652,-0.00083503
0.0049425,0.00356692,0.00227764,-0.0001456,0.000551194,0.000219592
0.0161194,0.00783075,0.00741536,0.00463323,0.00186632,0.000560639
0.0289944,0.0162575,0.0112921,0.00900196,0.00197966,0.00115119
0.00826543,0.00596221,0.00452882,0.00605906,0.00188571,-0.000910191
0.00653888,0.00503361,0.00327037,0.00082422,0.00082401,0.000725792
0.0044059,0.00304658,0.00242287,0.00356479,0.00060455,0.000282822
0.0220011,0.00977981,0.00954856,0.0137023,0.00281153,0.00160845
0.0295154,0.0189634,0.0226045,0.0346155,0.0070492,0.00427573
0.00801114,0.00300954,0.00436414,0.00317754,0.000937618,0.000275675
0.00650755,0.0048432,0.00344307,0.00134209,0.000923377,0.00124687
0.0121997,0.00815629,0.00382675,0.00356158,0.000575844,-0.00100343
0.00431704,0.00342882,0.00533522,0.0142065,0.00191767,0.00136697
0.00564125,0.00426637,0.00223295,0.00432875,0.00148979,-0.00056776
0.0112198,0.00780686,0.00404714,0.00368942,0.00158416,-0.000613842
0.0113033,0.00806436,0.0048817,0.0105514,0.000900834,0.00057985
0.00740881,0.00555368,0.0039142,0.00349342,0.00105394,0.000529105
0.0127263,0.00901749,0.00355279,0.00376837,0.00087275,-0.000101062
0.00968703,0.00545439,0.00420351,0.00603646,0.00055142,0.000799998
0.00808596,0.00547801,0.0043321,0.00256863,0.000827554,0.00040354
0.00910249,0.0066999,0.00368691,0.00611528,0.000673569,0.000807012
0.00957427,0.00698959,0.0055745,0.00509489,0.00117078,7.734e-05
0.010302,0.00734057,0.0061883,0.0102063,0.0014029,0.00148219
0.00508839,0.00366038,0.00231703,-0.00123535,-7.10527e-05,-0.000689001
0.0154791,0.0108747,0.00519392,0.00588367,0.000940921,0.00037539
0.0102313,0.00681698,0.00289609,0.010059,0.00358235,0.00837778
0.0095225,0.00667271,0.00325771,0.00250268,0.00126987,0.00152693
0.0046501,0.0032716,0.00355769,0.00797682,0.000758359,0.000251595
0.00954025,0.00694028,0.00572952,0.00318186,0.00148651,-0.000293658
0.00426302,0.00334739,0.00152887,0.00377821,0.000857329,0.0011901
0.00937367,0.00690272,0.00402923,0.0104505,0.000677258,-4.63219e-05
0.00940526,0.00631787,0.00906247,0.00455165,0.00181732,0.000811078
0.00517306,0.00387441,0.0035627,0.00126814,0.000627898,0.000230878
0.0135515,0.00966818,0.00627638,0.00705219,0.00171278,0.00149498
0.00952527,0.00676899,0.00353674,0.00549225,0.00162305,0.00059094
0.00949238,0.00657975,0.00538541,0.00507548,0.0011891,0.00198314
0.00778952,0.0032163,0.00455989,0.0018765,9.56887e-05,0.000196923
0.00779869,0.00327207,0.00428244,0.00383086,0.000395305,0.000379382
0.0274833,0.0194243,0.00794804,0.0105891,0.00289709,0.00225607
0.00747771,0.00519857,0.00415234,0.000694313,0.00158727,0.000142384
0.00893119,0.00514183,0.00447027,0.0044384,0.00151592,-0.00036888
0.00673829,0.00317013,0.00304912,0.00374341,0.00051068,-0.000634176
0.0224135,0.0141716,0.0102998,0.0134561,0.00427472,0.000614151
0.0157394,0.00806583,0.00668431,0.0101575,0.00231275,0.00147567
0.016374,0.0110244,0.00374647,0.010034,0.000830875,-0.000202886
0.0262898,0.0142514,0.00944203,0.0107861,0.0031217,0.000381462
0.0113129,0.00785201,0.01121,0.014343,0.00385504,0.0014158
0.00747407,0.00507847,0.00335366,0.00308725,0.000463107,0.000359541
0.00643814,0.00489289,0.00249594,0.00161864,-0.000264351,0.000159107
0.00565437,0.0044183,0.00387358,0.00532574,0.00183903,0.000985529
0.0224876,0.0152816,0.00824201,0.0192222,0.00614516,0.0129234
0.0157966,0.00615765,0.0126025,0.0160492,0.00412889,0.00245023
0.0346326,0.0115511,0.0271486,0.0358318,0.0070941,0.00301858
0.0338272,0.0158218,0.0230113,0.0276353,0.00446775,0.00314931
0.0244715,0.0153164,0.0117415,0.0187166,0.00319082,0.00360369
0.00483359,0.00341593,0.00337725,0.00947713,0.00127639,-0.000228546
0.0106398,0.00622196,0.00590814,0.0146266,0.00641215,0.0116421
0.0237076,0.0154074,0.011785,0.0259787,0.00785969,0.0151036
0.0117221,0.00785094,0.00406771,0.00710418,0.00211305,-0.00074813
0.0168957,0.0118105,0.00932687,0.00556437,0.00210952,0.000453763
0.0116405,0.00762045,0.0122655,0.0146938,0.0034852,0.000922318
0.00524606,0.00316852,0.00192655,0.00161447,0.000396829,0.00128096
0.0177581,0.0119054,0.00932648,0.0101116,0.00107271,0.00130458
0.0092156,0.00648588,0.00355145,0.00134826,-0.000339534,0.00027409
0.00957518,0.00683579,0.00774416,0.00952823,0.00250002,0.00107214
0.00893493,0.00651638,0.00378123,0.00103076,0.000876516,0.00027953
0.00766549,0.00551892,0.00498818,0.00357319,0.00148459,0.00184721
0.0129638,0.00908202,0.00587104,0.00335728,0.00131088,0.000335522
0.00527876,0.00392605,0.0036868,0.00311396,0.00154601,-0.000511296
0.0140547,0.00991142,0.00532797,0.00418983,0.0011974,0.00141636
0.00474455,0.0034531,0.00329676,0.000205754,-8.02541e-05,0.000408432
0.00428426,0.00343976,0.00435618,0.00642046,0.00171488,0.00214093
0.0104261,0.00528548,0.00434334,0.0062515,0.000952627,0.000396976
0.0105214,0.00516534,0.0042441,0.00774795,-0.000218251,-0.00144443
0.00390204,0.0033314,0.00205239,0.00338984,7.86901e-05,-0.000577255
0.0139381,0.0101409,0.0049663,0.00936255,0.00156817,0.00188072
0.0095029,0.00693021,0.00538936,0.00453606,0.00109135,0.00078151
0.012891,0.00879284,0.00401103,0.00645057,0.00126123,0.000583957
0.0172201,0.0118384,0.00628391,0.012518,0.00236568,-0.000479293
0.00703977,0.0053683,0.00565661,0.00800129,0.00252788,-0.000824122
0.0139602,0.00935336,0.00849732,0.00759119,0.00204298,-0.000112505
0.00619835,0.00479863,0.00261785,0.000529137,0.00118602,0.000348982
0.0108753,0.00740831,0.00491114,0.00675256,0.00148057,0.00119157
0.00620926,0.00421457,0.00250921,0.00184787,0.00111797,0.000655423
0.00938408,0.00675916,0.00352093,0.00597242,0.000382033,0.00111299
0.0264402,0.0127915,0.0108488,0.0191313,0.00629105,0.0125011
0.0148486,0.0103302,0.00421141,0.00662189,0.000575699,0.000215314
0.00390765,0.00332672,0.00361697,0.00429105,0.00162651,0.00216498
0.0085027,0.0061988,0.00382881,0.00360604,0.00108986,-0.000650051
0.00708026,0.00544146,0.00347157,0.0052651,0.0015548,-9.77036e-05
0.0112685,0.00794303,0.00919811,0.0154666,0.00296782,0.00294013
0.00951314,0.00663262,0.00406819,0.00289598,0.00130908,0.000898192
0.0158142,0.0101951,0.00630787,0.00576162,0.00109463,0.000622261
0.0168732,0.0100967,0.00639799,0.00559364,0.00101559,0.00054554
0.011929,0.00853681,0.00291265,0.00518396,0.00117146,0.000125545
0.0142543,0.00809063,0.0110058,0.0144297,0.00292659,0.000767249
0.007965,0.00553696,0.00220431,0.000527094,0.00115891,-0.000169003
0.00679541,0.00531811,0.00303941,0.00176066,0.00065453,0.000542308
0.0227896,0.0119091,0.0110035,0.00920512,0.00227366,0.00108591
0.0155696,0.00598781,0.00660083,0.00641815,0.00108032,0.00112672
0.0187164,0.00777918,0.0102944,0.0108153,0.0016853,0.00150683
0.0166902,0.00779655,0.00893925,0.0113951,0.00093969,0.000946447
0.00719369,0.00493255,0.00722569,0.00703999,0.00113196,0.000447972
0.00836269,0.00609862,0.00428895,0.00893694,0.00120983,0.000443938
0.00378769,0.00307206,0.00169269,0.000572641,0.000256314,0.000701908
0.0110661,0.00754549,0.00362678,0.0113842,0.00252056,0.00538007
0.0169273,0.00883685,0.00999165,0.0109522,0.00406106,0.00168194
0.0161531,0.00695338,0.00742958,0.00841913,0.00260602,0.000666812
0.0580055,0.0316645,0.0308448,0.0335408,0.00662699,0.0056175
0.0113676,0.00809504,0.0081527,0.00451921,0.00240641,0.00141597
0.0257659,0.0130702,0.0116085,0.0141839,0.00184947,0.00106193
0.00701283,0.00538269,0.00321838,0.00393535,0.000812926,0.000832328
0.00638011,0.00451702,0.00366932,-0.000275794,0.0010421,-0.00030194
0.00521741,0.00340651,0.0044302,0.00950456,0.00282496,0.000969501
0.0159095,0.0104653,0.00763284,0.00876095,0.00207666,0.00223157
0.0236565,0.00878674,0.0128111,0.0198814,0.00430086,0.00270612
0.0101728,0.00680545,0.00422724,0.00217002,0.00152518,0.000632329
0.0124018,0.00767644,0.00869703,0.00739514,0.0016686,0.00180877
0.00709268,0.00370646,0.00416678,0.00418688,0.000748085,9.34322e-05
0.00856491,0.00461662,0.00465832,0.00309395,0.000633187,0.000478026
0.00664488,0.00490624,0.00220308,0.00387933,-0.000114358,-0.000120088
0.0183059,0.0130851,0.00892944,0.0122733,0.00408941,0.0102299
0.0109732,0.00576456,0.00516391,0.002186,0.000836918,-0.00103614
0.0144536,0.00447925,0.00793429,0.00857059,0.00132912,-0.00027861
0.0179996,0.00581759,0.00969667,0.0121558,0.00247345,0.00165965
0.0139195,0.0103346,0.00645666,0.00377383,0.00101075,0.00101484
0.0212345,0.0106728,0.008578,0.00676248,0.00304418,0.00118877
0.0138135,0.00539012,0.00478585,0.00494265,0.000105212,0.00147418
0.00523259,0.00353592,0.00236114,0.00398246,0.00107887,0.00195602
0.0110351,0.00653405,0.00533029,0.00039466,0.00172868,0.000875876
0.00926682,0.00683518,0.00234619,0.00644398,0.00144689,0.00158212
0.0182491,0.011319,0.0191215,0.0287357,0.00705835,0.00328992
0.0126116,0.00732269,0.0112527,0.0120918,0.00343236,0.000405909
0.0107627,0.00642016,0.00466676,0.00471036,0.000415885,0.00101149
0.00797406,0.00335276,0.00463995,0.000602046,0.00251334,-0.00127825
0.0166525,0.0101302,0.00501034,0.00432987,0.00235709,-0.00139515
0.0141898,0.00941212,0.00406115,0.00983033,0.00164835,0.000162202
0.0126928,0.00863559,0.00540435,0.00507906,0.00189002,0.000134162
0.0115755,0.00817373,0.00486459,0.00352054,0.000682311,0.000951063
0.0165764,0.0115499,0.00450274,0.00892343,0.000762089,0.000213922
0.0371666,0.0245073,0.0174052,0.0227095,0.00445274,0.00258598
0.0121472,0.0085737,0.0039901,0.00746318,0.00197244,0.00126187
0.00588365,0.00379112,0.00309106,0.00437859,0.000627545,0.000716367
0.0108717,0.00774625,0.0046781,0.00470577,0.00170115,-0.00114676
0.0238985,0.0162499,0.0267773,0.0366306,0.00672686,0.00316475
0.00422705,0.00317323,0.00214652,0.00186136,0.00163371,0.000819968
0.0134683,0.00608294,0.00589518,0.00714202,0.00143796,0.000827654
0.0206305,0.01456,0.0100481,0.0132331,0.00225111,0.00221223
0.0162772,0.0114191,0.00565472,0.00673985,0.00104732,0.00119735
0.028796,0.0126161,0.0177299,0.0201216,0.0059841,0.00262618
0.0286525,0.0126077,0.018192,0.0190972,0.00485164,0.000816347
0.00786002,0.00529357,0.00302053,0.00394096,0.000741894,-0.000337353
0.00541178,0.00385123,0.00263207,0.00124798,0.000234362,0.00155133
0.0058946,0.00315017,0.00218312,0.00508349,0.00122465,0.00114816
0.0071002,0.00381798,0.00337799,0.00125644,0.000662621,0.00171015
0.0218034,0.00946441,0.0124445,0.0120365,0.00297856,0.000388414
0.0221436,0.00960658,0.0124643,0.0125402,0.00292811,0.000700721
0.00762542,0.00546367,0.00273025,0.00268623,6.29829e-05,0.000944486
0.00851875,0.00640159,0.0050408,0.00187947,0.00116761,0.000273049
0.00769424,0.0043681,0.00357673,0.00539117,0.000768867,-0.000199127
0.007615,0.00361619,0.00411234,0.00326982,0.00136454,-0.000179062
0.0087172,0.00552692,0.00361085,0.00521416,0.00155767,0.0018101
0.0270216,0.0190513,0.00852729,0.014243,0.00300509,0.0011343
0.0150002,0.00938173,0.00470076,0.00718775,0.00143083,0.000233402
0.015092,0.0101946,0.00568496,0.00925047,0.00146664,-0.000660879
0.0129531,0.00886185,0.00929942,0.00573012,0.00187209,0.0012169
0.0144258,0.00845851,0.00740287,0.0136709,0.00143383,0.00229306
0.0175103,0.0117505,0.00788338,0.00475579,0.000778325,0.00123141
0.0101196,0.0041774,0.00454167,0.0015762,0.000488433,0.000192931
0.00728987,0.00524393,0.00924383,0.00953948,0.00300704,0.00088366
0.0146102,0.00994238,0.00507181,0.00479299,0.000666887,-0.00116522
0.00863659,0.0061557,0.00562152,0.00550187,0.00125081,-0.000467585
0.013296,0.00689852,0.00652005,0.00591788,0.0012866,0.00141449
0.0132199,0.00680819,0.00666105,0.00819954,0.00109778,0.00182042
0.00501509,0.00355778,0.00277531,-0.000531888,0.000187921,0.000478104
0.00634934,0.00442076,0.0040655,0.00257908,-0.000347661,-0.00045174
0.0135794,0.00680421,0.00745375,0.0101464,0.00264128,0.00269672
0.020145,0.00803564,0.00924425,0.0124453,0.00222407,0.00133427
0.0158824,0.00490785,0.00669055,0.00785875,0.000866444,-4.22269e-06
0.00559868,0.00402969,0.00389532,0.00388021,0.000583686,-0.00102634
0.0127343,0.00856489,0.00524803,0.00601878,0.00185182,0.000552919
0.0260597,0.0178814,0.0278661,0.0344351,0.00661108,0.00316899
0.0124801,0.00889362,0.00553558,0.00761817,0.000795969,-0.000247864
0.00896003,0.0043295,0.00522968,0.00447967,0.00124893,-9.41805e-05
0.0076896,0.00378926,0.00400089,0.00283606,-0.000196956,0.00103624
0.0094365,0.0067124,0.00272112,0.00706348,0.00169913,-0.00142015
0.00746505,0.00532296,0.00434974,0.00589255,0.00141156,0.000274768
0.0215942,0.0103878,0.00941908,0.0128836,0.00299636,0.00136121
0.0245588,0.0127579,0.0110466,0.0113627,0.00221358,0.00132988
0.0106849,0.00739353,0.0056264,0.00909048,0.000884919,-0.000386266
0.00621148,0.00428475,0.00145812,-0.000480943,0.00139366,0.000204709
0.0128802,0.00928335,0.00639788,0.00779993,0.00153778,0.000195246
0.0148256,0.00975941,0.00703704,0.00149575,0.00131674,0.00048143
0.0188975,0.0093363,0.00997505,0.00838674,0.0020594,-0.000254928
0.0234974,0.0134016,0.0110473,0.010386,0.00289049,-0.000310882
0.010646,0.00761829,0.00609664,0.00685662,0.00114837,0.000997465
0.0128516,0.00873748,0.00601781,0.0121471,0.00184672,0.00112362
0.012051,0.00827298,0.00513242,0.00431448,0.000947405,0.000812918
0.00886141,0.00631406,0.00354314,0.00254419,0.00155134,0.000880991
0.0106509,0.00724256,0.0027313,0.00194316,0.000689587,0.000809816
0.011305,0.00816339,0.00467423,0.00699646,0.000707783,0.000395203
0.0155355,0.0107304,0.00623328,0.00457991,0.000470353,0.000595666
0.00686883,0.00473764,0.00399839,0.00694451,0.00240001,-0.000688301
0.0333928,0.0160651,0.0151385,0.0202089,0.0052192,0.00310236
0.0230813,0.0112363,0.0146328,0.0183634,0.00388495,0.00275239
0.0104156,0.0064505,0.0074794,0.00868533,0.000918731,9.78417e-05
0.00450035,0.0032329,0.00343091,0.000969274,0.00120829,0.000769849
0.00972183,0.00633643,0.00404445,0.00515832,0.00201993,0.000426599
0.012274,0.00523027,0.00539004,0.00665787,0.00238964,0.000578038
0.0126334,0.00793364,0.00442165,0.00750384,0.00197204,-0.000506032
0.00932911,0.00661147,0.00453724,0.00193741,-8.70629e-05,0.000250239
0.00969897,0.0065856,0.00677056,0.00812613,0.00106046,0.000810272
0.0351667,0.0231117,0.0183292,0.0202576,0.00464984,0.00270859
0.0100029,0.00692057,0.00383213,0.00898378,0.00123831,0.000212175
0.0141907,0.00960888,0.00476496,0.00754975,0.00186625,-0.000433508
0.0226455,0.00941573,0.00951291,0.0126932,0.00218259,-2.6747e-05
0.0233866,0.00860481,0.00986334,0.0141646,0.00089476,-0.000935296
0.00521769,0.00373317,0.00173316,0.0010205,-0.000231427,-0.000706202
0.0140679,0.00813435,0.00476806,0.00790571,0.000636949,0.000876814
0.00442136,0.00346904,0.00232775,0.00206672,-0.000530981,-2.1425e-06
0.00876819,0.00620599,0.00466712,0.00736001,0.00134633,-0.000254321
0.00468961,0.00338951,0.00177496,0.00257358,0.000212521,0.000558445
0.0109985,0.00795031,0.00679388,0.00436456,0.00141289,0.00222859
0.00883897,0.00636457,0.00365428,-0.00149619,0.000477664,0.00019473
0.0129644,0.00604382,0.00500358,0.00568448,0.000742395,0.0023963
0.0118256,0.00861413,0.00578142,0.00303691,0.00113993,0.00154345
0.0076326,0.00501285,0.00480868,0.00222899,-0.000246477,-0.000231196
0.0194933,0.0131933,0.00938225,0.00921137,0.00270305,-0.000258226
0.00899336,0.00652021,0.00367386,0.00270676,0.000951486,0.000220642
0.0229614,0.00907645,0.01121,0.0188684,0.00588133,0.00744689
0.0223511,0.0151336,0.0109876,0.0143219,0.00361154,0.000660876
0.0109145,0.0076225,0.00842764,0.00739352,0.00329258,-0.000660438
0.0146605,0.0102489,0.0056089,0.00363923,0.000998303,0.00114155
0.0192952,0.00978307,0.0131687,0.0131468,0.00350603,0.00162755
0.0146196,0.00591166,0.00683407,0.00478471,0.000661947,0.000905861
0.0170976,0.0122377,0.00932967,0.00811457,0.0021882,0.0014796
0.0146644,0.0103933,0.00517513,0.00639504,0.00160223,0.0009844
0.010772,0.00764172,0.00592399,0.0045724,0.00228601,0.00174005
0.0106285,0.00740452,0.00421508,0.003986,0.00109348,-0.000386362
0.00688124,0.00491878,0.00349395,0.000774736,0.000992338,-0.000559563
0.0188996,0.0121354,0.0106355,0.0120088,0.00140797,0.00218389
0.017815,0.0090117,0.00832904,0.0128379,0.00436985,0.00230948
0.0124742,0.00878447,0.00510646,0.00659877,0.000400702,-2.39076e-05
0.00574489,0.00424964,0.00349686,0.00574905,0.000294495,0.00219086
0.00650227,0.00391681,0.00218368,0.00107051,1.36222e-05,0.00181693
0.0258999,0.0165861,0.0124736,0.0236815,0.00421867,0.0023437
0.00610302,0.00361676,0.00401184,0.0014554,0.000798393,0.0001124
0.0251301,0.0120463,0.0105117,0.0115546,0.00146141,0.00122844
0.0101232,0.00382047,0.0139189,0.0213682,0.00498421,0.00153071
0.0166161,0.00803229,0.0266811,0.0370842,0.00804314,0.0040581
0.0159586,0.00896859,0.00970729,0.0195527,0.00452255,0.00126392
0.0043618,0.00298686,0.0024121,0.00325727,0.000570042,-0.000161459
0.00645523,0.00442305,0.00477542,0.00400716,0.00175346,0.00114007
0.00538465,0.00393222,0.00306236,0.0103711,0.00018341,3.75918e-05
0.00595464,0.0041801,0.00322261,0.00178531,0.00010906,0.000607426
0.0168253,0.0115889,0.00666361,0.00745333,0.00138527,0.00093832
0.0153317,0.0106723,0.00450948,0.0111566,0.00159177,7.69334e-05
0.0162997,0.0112145,0.0088713,0.00808968,0.00246947,-0.000269696
0.00750113,0.00538369,0.00603086,0.00198258,7.18304e-05,-0.000742049
0.00757417,0.00456706,0.00220072,0.00458393,0.00157506,-0.000969925
0.011765,0.00769139,0.0093929,0.00383256,0.000412863,0.000284951
0.00644941,0.00320368,0.00317155,0.0054353,0.00014081,0.000694564
0.0133225,0.00702399,0.00931081,0.0150234,0.00192953,0.000530124
0.0115527,0.00598755,0.00820125,0.010589,0.00129589,4.8859e-05
0.00985156,0.00700144,0.00335844,0.00397548,0.00149358,0.000317583
0.0211841,0.0116254,0.018271,0.0190957,0.00387405,0.00396977
0.0188553,0.0115758,0.0164865,0.0176538,0.00290537,0.00287485
0.033393,0.022275,0.0297625,0.0344005,0.00622533,0.0037313
0.0224265,0.0139245,0.0117404,0.0114578,0.00177836,0.00138666
0.0164535,0.0110537,0.0127043,0.0167526,0.00350157,0.000275149
0.0142562,0.0100988,0.004452,0.00856511,0.000241882,1.73704e-05
0.0060809,0.00444049,0.00383373,0.0119159,0.000745294,-0.000327605
0.0190569,0.0129075,0.0142372,0.0401398,0.0158283,0.0362625
0.0264672,0.0148744,0.0204072,0.0541693,0.0193096,0.0463416
0.0125508,0.0088135,0.00366034,0.00937494,0.00204444,0.00121061
0.0138708,0.00966519,0.00628188,0.00713407,0.00180445,0.00129598
0.0103315,0.00722007,0.00360259,0.00411513,0.000926266,0.000128447
0.00637008,0.00427928,0.00308959,0.00423784,0.00142366,-5.25962e-05
0.0119273,0.00767169,0.00595414,0.00721612,0.00192888,0.000499171
0.00829613,0.0045637,0.00435395,0.000407981,0.00092025,0.000841187
0.0108221,0.00726594,0.00741304,0.0077946,0.00207419,-0.000988937
0.017645,0.0112469,0.00747325,0.00915939,0.000992202,0.000777505
0.0163468,0.010828,0.0048866,0.0111981,0.00191964,0.00196827
0.0126062,0.00781219,0.00349611,0.00657493,0.000757393,0.000349326
0.0127244,0.00824011,0.00704465,0.00601853,0.0019515,0.00116495
0.00792095,0.00372274,0.00369487,0.00281394,0.00137036,0.00205393
0.0222214,0.0139595,0.0116099,0.0158681,0.00323087,0.000382107
0.00580027,0.00444307,0.00387037,0.00398971,0.0012602,0.00170004
0.0083082,0.00453523,0.0054805,0.0032816,0.00204879,0.000265699
0.0163877,0.0106141,0.00913011,0.0051001,0.00145755,0.000666518
0.0367638,0.0194266,0.0190853,0.02621,0.0050584,0.00375039
0.00489771,0.00352524,0.00249461,0.00608126,-0.000396447,9.22901e-05
0.0250793,0.0137818,0.0122169,0.0106367,0.0028044,0.00195791
0.0233315,0.0138188,0.0114594,0.0105102,0.00229178,0.00118822
0.0127034,0.00779218,0.00403143,0.00819223,0.00236775,-0.000282058
0.0149193,0.00867186,0.00466069,0.00431071,0.00088668,0.000743393
0.0180997,0.0107732,0.00752846,0.00686148,0.00133207,0.000478273
0.0153356,0.00623613,0.00731459,0.00828015,0.00216242,0.000562016
0.00769094,0.00373213,0.00349403,0.00498556,0.000829118,0.000766646
0.00511541,0.00385156,0.0019181,0.00221764,-4.68284e-05,8.60691e-05
0.00466878,0.00313487,0.00172193,0.00237499,-0.000406855,-5.73127e-05
0.00552742,0.00427305,0.00311749,0.00874215,0.00149705,0.000319363
0.00619567,0.00430629,0.00258848,0.00233681,0.0010049,-0.000263659
0.0193646,0.0135072,0.00904073,0.0134367,0.00311939,0.00193186
0.0172785,0.0119344,0.00774093,0.00945117,0.0019704,0.00169512
0.00684395,0.00485875,0.00330721,0.000653409,0.000292298,0.00138212
0.0232442,0.0117539,0.00828146,0.0105616,0.00353216,0.0018504
0.018533,0.00767248,0.00663673,0.00916812,0.00151984,0.00203696
0.0140621,0.0094974,0.00477219,0.00924601,0.000965211,0.000642735
0.0117141,0.00840752,0.00405263,0.00805266,0.00151444,-2.02175e-05
0.0151339,0.00925188,0.00694658,0.00446012,0.00147272,0.00219541
0.0167371,0.00914887,0.00703865,0.00799239,0.0016072,0.00375328
0.0106181,0.00729897,0.00656524,0.00536347,0.0010179,0.00252939
0.0171295,0.0106723,0.00859482,0.0129062,0.00200295,0.00253645
0.0188871,0.0105989,0.00867918,0.0111792,0.00130208,0.00168322
0.0219542,0.0136741,0.0109808,0.0240085,0.00312163,0.00355246
0.00554376,0.00383897,0.00274002,0.00278322,-1.61428e-05,-0.000404461
0.00718797,0.00530907,0.00430306,0.00309258,0.000848694,-0.000149982
0.0055931,0.00434014,0.00290311,0.00541146,0.0015026,-0.000881041
0.024191,0.0156849,0.023243,0.0418348,0.0144891,0.0279827
0.011863,0.00813742,0.00713914,0.00600082,0.000797718,0.000455908
0.00835369,0.00578018,0.00701432,0.0113125,0.00169246,0.00218109
0.0125627,0.008766,0.00667721,0.00508726,0.00119279,-0.000241354
0.0037487,0.00303704,0.004799,0.00324822,0.000161485,-0.000619489
0.0129478,0.00897487,0.0049922,0.0043503,0.00103346,-0.000139783
0.00925925,0.0063801,0.00422678,0.00177304,0.00111616,0.00185977
0.0205931,0.0142541,0.00942518,0.00878624,0.00123978,0.00146135
0.00665099,0.00473723,0.00231405,0.00866552,0.0024565,-8.19659e-05
0.0128399,0.00893938,0.00489766,0.00420696,0.000671874,0.00155271
0.00516892,0.00396053,0.00285805,0.00180833,0.000537468,0.00149376
0.0135816,0.00944809,0.00640155,0.00139369,0.000227139,0.00181199
0.00935231,0.00480718,0.00478878,0.00780525,0.00108075,0.00162179
0.010904,0.00425631,0.00698902,0.00694171,0.003644,0.00129556
0.0219522,0.0121045,0.0131678,0.0149692,0.00488706,0.0028382
0.0154842,0.00634295,0.00676197,0.00632257,0.000961818,0.00190477
0.0100474,0.00673199,0.00438392,0.0105505,0.00310924,0.00427202
0.00459936,0.00363792,0.00463578,0.00416418,0.000820391,-0.000107574
0.0288267,0.0160382,0.012347,0.0120898,0.00420734,0.00200873
0.0253642,0.0154645,0.0102629,0.00654328,0.00242911,0.00106026
0.00991147,0.00668345,0.00763708,0.00898776,0.000995875,0.000121984
0.00412267,0.00339602,0.00240701,0.000988187,-0.00057964,0.00115436
0.00648136,0.00466548,0.00306354,0.00418641,-0.000281497,-0.00117788
0.00773262,0.00542739,0.0020863,0.00243845,-0.000778762,0.000822186
0.00366446,0.00304059,0.0024636,-0.00143867,-0.000197442,0.000365831
0.00877418,0.00627526,0.00385087,0.00321051,0.000639318,0.00205306
0.0124271,0.00930806,0.00783631,0.00797411,0.00178797,-0.000218521
0.00530576,0.00371558,0.00463039,0.0115829,0.00250922,0.00587523
0.00845873,0.00590084,0.0034169,0.00620786,0.00140349,-0.000341074
0.00780751,0.00536262,0.00503843,0.00593188,0.000465523,0.00033158
0.0134125,0.00951225,0.00623189,0.00852246,0.000430592,0.00175308
0.00833275,0.00571013,0.00270487,0.00380457,0.000557408,-0.000111093
0.00665839,0.0045498,0.00284056,0.00290363,0.00103136,0.000436633
0.0182951,0.00943147,0.0262959,0.0331305,0.00617093,0.00394557
0.0134497,0.00922933,0.00612832,0.00838525,0.00119962,0.00180212
0.0270042,0.0164161,0.0128291,0.0160185,0.00307223,0.00362258
0.00741976,0.00487061,0.00308427,0.00474315,0.00140696,-0.000370125
0.0055794,0.00394101,0.0033237,0.00748307,0.00311056,0.00725379
0.00849923,0.00577895,0.00269586,0.00305345,0.000213905,-0.00083018
0.0151683,0.00948024,0.00774963,0.00456867,0.00164163,-3.93657e-05
0.00591966,0.0041647,0.00336632,0.00280597,0.00088496,-0.000163316
0.00606272,0.00475096,0.00288748,0.00178085,-0.000213105,0.000277712
0.0237245,0.0163348,0.00906993,0.00777554,0.00242597,0.00222456
0.00401882,0.0029644,0.00213679,0.00506115,0.000328215,-5.68141e-05
0.019054,0.00919784,0.00704974,0.0082527,0.00165698,0.000235744
0.00993471,0.00700455,0.00437791,0.00309685,0.000636142,-2.98778e-05
0.00645607,0.00439635,0.0025259,0.0027071,0.000511441,0.000919562
0.00665576,0.0048997,0.00274809,0.00292317,0.000398782,-0.000457337
0.00788358,0.00556658,0.00353547,0.00230664,0.000942451,0.000339908
0.0198101,0.0130694,0.00497587,0.0069156,0.00117541,-0.000433935
0.0207429,0.010139,0.0130204,0.0201744,0.00642242,0.00124001
0.0192383,0.00886435,0.0131364,0.0154039,0.00452208,0.00148421
0.0094901,0.00568962,0.00481028,0.00670856,0.00119628,0.00143635
0.0119165,0.00721498,0.00503284,0.00771128,0.000791805,0.000311464
0.00422525,0.00304956,0.00235972,0.00445078,0.000401879,-0.000899386
0.0360022,0.0155515,0.0200569,0.020562,0.00344573,0.00148822
0.0349617,0.015701,0.0201685,0.0191562,0.00326502,0.000356218
0.00609376,0.00422997,0.002566,0.000833307,0.00112941,0.000611276
0.00861471,0.00592406,0.00329764,0.00648782,0.000328622,-0.000480474
0.0116567,0.00783243,0.00675199,0.00988653,0.00214981,0.00195622
0.00562155,0.00415314,0.00252775,-0.000386817,0.00182748,-0.00015678
0.0113144,0.00721083,0.00482486,0.00542966,0.000151907,0.000520743
0.0125794,0.00720086,0.00507849,0.00727326,0.000512808,0.000882409
0.0192227,0.0103107,0.00851464,0.00963727,0.00288412,0.00397093
0.0133355,0.00528361,0.00544966,0.00371615,0.0019744,0.00282111
0.0253862,0.0119052,0.0108355,0.0128423,0.00244514,0.000691959
0.0105753,0.0058271,0.00696578,0.00573308,0.00169405,0.000610725
0.00906185,0.00487123,0.00600416,0.00484504,0.000500064,0.000807503
0.0457052,0.0270997,0.0194488,0.0320558,0.0075251,0.00222767
0.0212484,0.00631671,0.0098165,0.0100466,0.00199901,0.000270897
0.0156266,0.00630902,0.0083234,0.0104624,0.00155084,0.000765406
0.0101656,0.00462207,0.00525353,0.00282207,0.00162525,-0.000473514
0.00719367,0.00487473,0.00317022,0.0028293,0.000956944,-0.000896295
0.00513498,0.00390811,0.00187083,0.00212776,0.000500816,-0.00179414
0.00987256,0.00645443,0.00424815,0.00552299,0.000597969,-0.000334216
0.00591903,0.00452152,0.0030546,-0.00087298,-0.00039519,-0.000436297
0.00621824,0.00451661,0.00249398,-0.000103124,0.000281125,0.00155547
0.00413851,0.00307755,0.00308947,0.00592461,0.00060501,-0.0016605
0.00660473,0.00481311,0.0030543,0.000800895,-0.000182085,0.000486136
0.025509,0.0160706,0.014203,0.00993951,0.00354205,0.00291677
0.0104859,0.00608422,0.00477087,0.000127815,0.000995975,0.0010208
0.00588285,0.00442687,0.00268004,0.00303364,-3.93121e-05,0.000877856
0.0260745,0.0100429,0.0106804,0.0130938,0.00279537,0.00124443
0.0265655,0.0101374,0.0106184,0.013762,0.00283354,0.00151492
0.0207192,0.0136334,0.00846337,0.0111661,0.00173841,0.000309673
0.0158814,0.0089084,0.00574979,0.00788438,0.00311402,0.00195693
0.0263189,0.0159339,0.0128438,0.0215606,0.00465793,0.00191324
0.00462848,0.00344762,0.0022397,0.00393499,-0.000606885,0.000468817
0.00572958,0.00412788,0.00137782,0.00339534,0.000351495,-0.000717695
0.00548282,0.00412625,0.00367058,0.00551359,-0.000361852,-0.000317463
0.0198306,0.0126435,0.00858761,0.013297,0.00247669,2.2787e-05
0.0123162,0.00549921,0.00478473,0.00574625,0.00170291,-0.000378841
0.0104412,0.00726815,0.00421123,0.00654702,0.000847876,-0.000858715
0.0177804,0.0126608,0.00681792,0.0051169,0.000429856,0.000215814
0.00659755,0.00512935,0.00412282,0.00461831,0.00184868,0.00110982
0.0113201,0.00748853,0.00724883,0.00946996,0.00137659,0.00130664
0.00783968,0.00583546,0.00346928,0.00613939,0.000886207,0.000477838
0.00489775,0.00359759,0.0025087,-0.000835989,-0.000377587,0.000417239
0.00631667,0.0045974,0.00256996,0.00594102,0.00120168,0.00163257
0.0197825,0.0111754,0.00979648,0.013147,0.00336004,0.00264129
0.0165273,0.00658468,0.0103992,0.0132882,0.00265319,0.00405371
0.0143188,0.00977985,0.00995748,0.017712,0.00307565,0.000857059
0.0107765,0.00783711,0.00426424,0.0102537,0.00118039,8.06272e-05
0.00998779,0.00715284,0.0036405,0.00734228,0.000769948,-0.000432343
0.0127508,0.00833299,0.00524682,0.0065537,0.00179597,0.000873024
0.00920143,0.0046106,0.00520549,0.00529092,0.000789227,0.000452273
0.00542322,0.00365751,0.00308742,0.000415899,0.000386035,0.000552498
0.0106177,0.00749092,0.00881021,0.00632323,0.0027029,0.00205338
0.00987771,0.00398689,0.00814782,0.00656601,0.00135036,0.00217625
0.0192184,0.00894873,0.0176019,0.0147501,0.00310919,0.00215496
0.0159741,0.00494873,0.0140347,0.0154108,0.00198935,0.00080729
0.00452358,0.00355581,0.00235321,-0.00157652,-0.000290711,0.00022699
0.0103531,0.00703479,0.00545843,0.00730082,0.000795105,0.000998254
0.0200141,0.0138683,0.00800613,0.0111944,0.00148195,0.000716091
0.0288118,0.0163281,0.00975378,0.0108961,0.00187052,0.00177293
0.0136845,0.00944273,0.0067141,0.00704919,0.000840917,0.000572711
0.0105929,0.00764905,0.00586457,0.00529235,0.000479907,0.00104298
0.00963038,0.00668849,0.00454277,0.00134069,0.000767179,0.000884633
0.00550224,0.00389853,0.00309125,0.0034694,0.000313091,-7.526e-05
0.0320945,0.0211214,0.0130507,0.0165499,0.00314807,0.000884292
0.0109453,0.0080163,0.005041,0.00915673,0.00100979,0.00144351
0.0115768,0.00484502,0.0072925,0.00580688,0.00184374,0.00114082
0.0129306,0.00570003,0.00742381,0.00652092,0.00141718,0.000526267
0.0093918,0.00652396,0.00284769,0.00318439,0.000598619,9.95408e-05
0.0167078,0.0119916,0.00574939,0.00678934,0.00216923,0.000342018
0.0136498,0.00956345,0.00398736,0.00308707,0.000359665,-0.000472431
0.0089009,0.00620142,0.00582824,0.00546902,0.00110696,0.000216754
0.0111585,0.00585445,0.00388063,0.00149304,0.00122591,-0.000167614
0.01143,0.00592629,0.00416537,0.00337911,0.000832783,-0.000575559
0.00401879,0.00309561,0.00230682,0.00371516,-0.000132554,-0.000438352
0.00397466,0.00303147,0.00202449,0.00331856,-5.1346e-05,0.00031147
0.00660463,0.00471444,0.00319701,0.00473369,0.000351378,0.000132685
0.0105769,0.00728367,0.00526964,0.0048792,0.0013697,0.000261789
0.00939681,0.0065913,0.0045604,0.00570091,0.000946531,0.000865588
0.0150969,0.0102872,0.00669962,0.00608889,0.00140825,0.000372495
0.0101884,0.00708746,0.00492275,0.00221675,-6.75018e-05,-0.000423197
0.00836652,0.00578582,0.00503842,0.00419614,0.00155992,0.000746118
0.00964272,0.00678575,0.00490836,0.00606457,0.000645803,0.00108069
0.00736567,0.00514476,0.00524676,0.00439519,0.000309471,0.000727782
0.00455299,0.0033885,0.00261379,0.00187339,7.16468e-05,0.00211367
0.012059,0.00836875,0.00423693,0.00422982,0.00052546,0.00121144
0.00764608,0.0054046,0.00425806,0.00720598,0.00114677,0.00145744
0.00956311,0.00672678,0.00455721,0.00749354,0.000458808,0.000338786
0.00566576,0.00419228,0.00348553,-0.000509618,1.52567e-06,6.55954e-05
0.00728742,0.00515253,0.00381146,0.000498934,0.000261738,0.00185497
0.0125544,0.00623784,0.00598093,0.0046525,0.00128107,0.000107973
0.0116142,0.00487716,0.00506214,0.00754902,0.00133234,0.000753741
0.0225353,0.00762775,0.0106266,0.0146959,0.00293208,0.000523956
0.0180543,0.00756075,0.00866713,0.0135293,0.00266403,0.000715113
0.0155607,0.0108861,0.00647573,0.0163545,0.00422427,0.0103551
0.0130503,0.00927815,0.00614583,0.00707759,0.00194007,-0.00107566
0.00450268,0.00309643,0.00239043,0.00328445,0.00130063,-4.10939e-05
0.0156453,0.0110142,0.00682458,0.014207,0.0020117,-8.80604e-05
0.0110584,0.00758374,0.00321175,0.00621773,0.000781414,0.00170756
0.00429112,0.00329673,0.00235956,0.00477921,0.000593096,-0.000588996
0.00513222,0.00385756,0.0020889,0.00409004,0.00074002,0.000530086
0.0246627,0.0119426,0.011788,0.0117536,0.00262512,-0.000269085
0.00761308,0.00554995,0.010364,0.0145073,0.00264736,0.000370959
0.00830671,0.00466757,0.00351633,0.00470397,0.00128817,0.00112305
0.0196321,0.0103805,0.00760496,0.0132615,0.00247331,0.00149453
0.0196854,0.0102767,0.00755443,0.0137142,0.00253876,0.0010026
0.0109444,0.007458,0.00408839,0.0117934,0.00115252,0.00101998
0.022726,0.0129014,0.00908942,0.00814366,0.00174691,0.000612063
0.00483211,0.00353969,0.00277338,0.002559,0.000656782,0.000193598
0.0109034,0.00737799,0.00583552,0.00875968,0.0020268,0.000127795
0.0100866,0.00418356,0.00403326,0.00528708,0.00197308,0.000397982
0.014446,0.00757714,0.00409697,0.0053943,0.00172597,0.00125841
0.0238256,0.00955094,0.00936107,0.00974035,0.00247145,0.000918672
0.0109957,0.00502141,0.00438278,0.00572951,0.00154603,-0.00058863
0.013326,0.00921385,0.00548681,0.00762742,0.0012322,0.00042968
0.0146211,0.0100866,0.00671538,0.00528704,0.0014081,-0.000442448
0.0178881,0.0122701,0.0098652,0.009075,0.00200969,0.0036375
0.0104561,0.00622285,0.00557604,0.0262907,0.00699124,0.0181437
0.00468543,0.00312239,0.00196085,0.0184577,0.00796138,0.0189586
0.0134293,0.005731,0.0057015,0.00643444,0.00133786,0.000616021
0.0173597,0.00741295,0.00754218,0.00645572,0.000942908,-0.0002673
0.0125055,0.00573432,0.00566706,0.00635726,0.000317817,-0.000853921
0.00509972,0.0037436,0.00227378,0.0023557,0.00077855,0.000941293
0.0161393,0.0108896,0.00731596,0.00472879,0.00249383,0.000507758
0.0126438,0.00908368,0.00415694,0.00538072,0.000332019,0.00203977
0.00568772,0.0042414,0.00239737,0.00356031,0.00029843,-0.000900691
0.0148014,0.0101553,0.00765073,0.00720839,0.00131327,-0.000269155
0.0073941,0.00503656,0.00300032,0.0044353,-0.000287129,0.000785411
0.00552588,0.00404491,0.00298647,0.00147902,-0.000286498,-0.000122049
0.00510523,0.00381605,0.00273494,-0.000956336,0.000166086,-0.000173309
0.0194036,0.00796958,0.0110603,0.00791951,0.00278916,0.00134979
0.0151648,0.00633475,0.00765286,0.00933788,0.00105928,0.000902332
0.00690505,0.00518103,0.00187639,0.0033206,-0.000147429,0.000483989
0.00815658,0.00591171,0.00412816,0.00145386,0.00120817,0.00108023
0.00606132,0.00456058,0.00444628,0.00137104,0.000607575,0.000977543
0.00545061,0.0041442,0.00212393,0.00571338,0.000885162,-4.48986e-05
0.00455593,0.00393489,0.00286864,-0.00128815,0.000904719,0.00021589
0.0100864,0.00729865,0.00638308,0.00267438,0.000721925,0.0020644
0.0171483,0.00857311,0.00945798,0.0109251,0.00208527,0.00114043
0.0223396,0.0120681,0.0108851,0.0115896,0.00240666,0.000265112
0.00752288,0.00525532,0.00311324,0.00437165,-0.000475011,0.000438892
0.0236295,0.0141394,0.00943863,0.0115956,0.00210298,0.000851345
0.00901202,0.00656703,0.00631781,0.00497301,0.000642031,0.00029878
0.0216604,0.0137716,0.0111491,0.0145428,0.0038864,0.0026998
0.0199494,0.00922745,0.0134104,0.0176248,0.00445302,0.00267662
0.00620714,0.00346654,0.00385822,0.00463237,0.000678429,0.0011468
0.0177284,0.0117115,0.00616084,0.00659211,0.00134304,0.00136923
0.0134877,0.0100654,0.00428907,0.0072771,0.00147486,0.0019379
0.00704444,0.00505575,0.00476851,0.00655828,0.000465722,0.00102816
0.0121604,0.00833291,0.00510788,0.00451037,0.00105439,-0.000922297
0.0138262,0.00602398,0.00686825,0.000590306,0.00110749,-0.00057171
0.0116737,0.00877205,0.00484566,0.00482063,0.000633331,0.000278258
0.0086979,0.0062666,0.00374781,0.00525593,0.00153569,0.000438291
0.0135559,0.00886957,0.00582358,0.00928989,0.00183297,0.00097236
0.0206174,0.0141293,0.00680241,0.0116404,0.00168649,0.000470786
0.0145238,0.00576151,0.00772567,0.00798386,0.00212797,0.00107556
0.014186,0.0057315,0.00814269,0.00999822,0.001865,0.00108478
0.00992227,0.00679161,0.00336929,0.00584835,0.000455039,0.00118364
0.00865644,0.00543455,0.00469887,0.0102814,0.00321942,0.00519785
0.0100035,0.00599133,0.00513093,0.0119328,0.00392647,0.00603805
0.00454746,0.00359097,0.00295708,0.0019431,2.10187e-05,-0.00119927
0.00507543,0.00397625,0.00174661,0.00701984,0.000811451,0.000677682
0.00896588,0.00436497,0.00628877,0.00605757,0.002769,0.000883889
0.0212734,0.0126172,0.0084249,0.0101428,0.00189066,0.000555237
0.0141854,0.00742412,0.00605267,0.00923596,0.00135191,0.000893905
0.01548,0.00804935,0.00464121,0.00586546,0.000715725,0.000383427
0.0121549,0.00708933,0.00685839,0.00943556,0.00060991,-9.87986e-05
0.0115114,0.00587569,0.00391203,0.00337316,0.00066734,-0.00084573
0.00669611,0.00523997,0.00343003,-0.000593871,0.000947342,0.000131643
0.011067,0.00758189,0.0062588,0.00610693,0.00043905,-0.000328145
0.00517048,0.00384996,0.00205736,0.00337835,-9.54336e-05,-8.62912e-05
0.013705,0.00958742,0.012632,0.0169232,0.00501934,0.00183345
0.0107536,0.0072969,0.00551042,0.00503943,0.000362179,0.00122095
0.00699012,0.00477319,0.00301844,0.00124481,-0.000138645,-8.95018e-05
0.00545069,0.00403044,0.00269287,-0.000179354,0.000188152,0.00102838
0.00631993,0.00483889,0.00379321,-0.00090671,0.000231232,0.000197115
0.0120543,0.00715938,0.00824611,0.00816902,0.000798465,0.000835383
0.0119842,0.00621956,0.00511508,0.00965776,0.00120769,0.00151455
0.019692,0.00900881,0.0111861,0.0116259,0.0032555,0.00194051
0.0214403,0.0103521,0.011107,0.0106618,0.00270225,0.000872388
0.0368071,0.0205288,0.0208307,0.0213956,0.00392944,0.00170284
0.0323602,0.0205149,0.0182384,0.0190927,0.00248527,0.0026242
0.00919707,0.00635259,0.00536526,0.00513834,0.000999871,0.000993212
0.0136996,0.00722274,0.00718457,0.00935561,0.00114984,0.000345893
0.0139286,0.00599256,0.0068223,0.00947035,0.00104653,-0.0010427
0.0077625,0.00441242,0.00294171,0.00256363,0.000573269,-0.000454637
0.010514,0.00582655,0.00467696,0.00621942,0.00148418,-2.2385e-05
0.00582501,0.00417726,0.00224801,0.00185944,0.000219389,0.00129446
0.00584765,0.00453322,0.00228986,0.000671825,0.000375213,-0.000320307
0.00781383,0.00557908,0.00365307,0.00488467,0.000170919,0.000481262
0.0253208,0.0115107,0.012512,0.0242766,0.00499276,0.00267218
0.0212628,0.00857508,0.0198298,0.0298009,0.0061796,0.00362999
0.00609988,0.00434476,0.00136923,-0.00084376,0.00108292,0.000417019
0.0116026,0.00861867,0.00639659,0.00969457,0.00114885,0.000953064
0.00568428,0.00399057,0.0024829,0.00699619,-0.00020596,0.000198992
0.0110989,0.00765156,0.00490979,0.00800789,0.0022744,-0.000471807
0.00661763,0.0044613,0.00292002,0.00154681,0.00099715,-0.000789969
0.00616029,0.00432602,0.00301007,0.00272534,0.000447526,0.000464316
0.0107096,0.00757216,0.0054125,0.00149316,0.00133226,-0.00111089
0.00783354,0.00575975,0.00350042,0.00378173,-0.000196041,4.84589e-05
0.013299,0.00894322,0.00399631,0.00611302,0.000520154,-0.0009649
0.0183908,0.00837849,0.00725785,0.00735538,0.0015541,0.000402525
0.0179121,0.00849004,0.00709095,0.00939016,0.00195979,0.000471456
0.0172916,0.0116295,0.00635182,0.0275194,0.0112999,0.0247663
0.00565717,0.00428923,0.00285888,0.00450728,-0.000314666,-0.00021667
0.0162336,0.0105528,0.0058382,0.00804414,0.000962566,0.000868563
0.0178052,0.0125581,0.011069,0.00832863,0.00262927,0.00188884
0.0104038,0.00600018,0.011873,0.0184546,0.00265249,0.00109531
0.00920286,0.00510238,0.0100814,0.0146072,0.00106527,-0.000307911
0.0371245,0.0143234,0.0143814,0.0184568,0.00263755,0.00126596
0.0385755,0.0144313,0.0145275,0.0185379,0.00302536,0.00166964
0.00603273,0.00424232,0.00346443,-0.000224972,0.000647073,5.67854e-06
0.00455583,0.00330938,0.00243906,0.00407058,-0.000177473,-0.00040669
0.00795017,0.00550941,0.00446677,0.00500073,0.000272621,0.000219823
0.0117569,0.00833289,0.00426426,0.00306417,0.000864812,0.000471416
0.00726688,0.00524559,0.00267425,0.00519362,-0.000250324,-0.000766627
0.0126172,0.00911641,0.00692181,0.0133024,0.000892524,0.00125486
0.0204755,0.011676,0.00963258,0.0108675,0.00202666,0.000963845
0.0123127,0.00606411,0.00622733,0.00737027,0.000537212,0.000672404
0.0188355,0.0106713,0.00615752,0.00538285,0.000282701,-0.000732706
0.0120464,0.00738737,0.00436488,0.00325236,-0.000379465,-0.000699606
0.0106511,0.00632117,0.00403001,0.00493886,0.00163825,0.000637238
0.00784087,0.00529251,0.00743559,0.00929398,0.00209786,0.00277965
0.014387,0.0097919,0.00675505,0.00447373,0.00059307,0.00186253
0.00600583,0.0042124,0.00461811,0.00248754,0.000631408,0.000265983
0.02164,0.00588802,0.0120761,0.00852529,0.00222112,0.00287731
0.0165594,0.00578207,0.00901704,0.00630976,0.00170286,0.00261477
0.00977181,0.00642705,0.00388714,0.00367948,0.000416115,-4.14903e-05
0.00968158,0.00635426,0.00342956,0.0051954,0.000352151,0.00206662
0.0290736,0.0134752,0.00946203,0.00979143,0.00241195,0.000122696
0.029419,0.0134755,0.00946247,0.00843006,0.00261766,0.000101973
0.0076444,0.00318858,0.00371632,0.00729799,-1.64841e-05,0.000161095
0.0159525,0.00658936,0.00773653,0.0129687,0.00165274,0.00105892
0.0195071,0.012664,0.00914444,0.01084,0.00189067,0.0021879
0.00950911,0.00651601,0.00288424,0.00479265,0.000665013,0.00153813
0.00794866,0.0055273,0.00389336,0.00264931,0.00050423,0.000575679
0.0081629,0.00601194,0.0037707,0.00608332,-0.000279318,0.00167544
0.00998725,0.00733776,0.00778282,0.00524997,0.00145812,0.000217479
0.0243239,0.0151967,0.00881348,0.0309298,0.0106601,0.0243624
0.00685462,0.00516753,0.0029837,0.00130322,0.000902923,0.00133131
0.00408867,0.00315962,0.00184058,0.00116881,0.000548286,0.000224511
0.0210941,0.0138507,0.00859242,0.0120821,0.0016009,0.000379331
0.00875706,0.00365235,0.00615174,0.00885861,0.000765679,-0.000433262
0.0099406,0.0047509,0.00719577,0.00533459,0.00161503,0.000751122
0.0110069,0.00529376,0.0068733,0.00566259,0.00134962,0.00188867
0.0113617,0.00516461,0.00668728,0.00396371,0.00118768,0.00158577
0.014617,0.00586573,0.00670416,0.00639704,0.00135283,0.000869258
0.0151962,0.00640364,0.00669904,0.00349763,0.0008763,0.00145815
0.0195526,0.0126528,0.00683806,0.00685061,0.00290028,0.00200935
0.00550743,0.00376589,0.0036199,0.0186663,0.0110392,0.0305159
0.0188321,0.0128902,0.00793676,0.00872048,0.00182012,0.00108552
0.0311962,0.021728,0.013492,0.0209952,0.00497324,0.00597698
0.00576284,0.00378331,0.00252023,0.00114953,-0.000113034,-0.000147425
0.00771549,0.00463797,0.00312718,0.00504558,0.000571555,0.00220297
0.00727773,0.00505541,0.00286236,0.0034825,0.00106446,-0.00073878
0.00721526,0.00367439,0.00582999,0.00834592,0.00117371,-0.000589421
0.0078538,0.00346355,0.00463921,0.00482968,0.00106629,-0.000321508
0.0159202,0.00933844,0.0054805,0.0042762,0.00104066,0.0017404
0.016847,0.00684865,0.0067793,0.0052294,0.000860244,0.00186717
0.00859224,0.00366988,0.0035538,0.0034289,0.000874908,-2.42636e-05
0.00930514,0.00651513,0.0033575,0.00325358,0.000726984,-0.000198914
0.0147838,0.00798281,0.00689553,0.0133503,0.00307404,0.00140689
0.0123449,0.00544647,0.00706657,0.0103371,0.00207402,0.00102787
0.0281464,0.0191459,0.0182197,0.0192003,0.00464141,0.00334232
0.00829924,0.00608435,0.00231817,0.00740073,0.00142569,0.000975207
0.00453382,0.0033409,0.00142429,0.00199138,0.000478769,0.00179087
0.0156421,0.0106973,0.00788871,0.0144428,0.00249298,0.000559596
0.00454969,0.00326551,0.00274897,0.00147286,7.6181e-05,0.000245948
0.0199333,0.0136228,0.0058155,0.0107289,0.00288113,0.0014388
0.0110657,0.00730513,0.00426247,0.00469069,0.00109609,-8.75591e-05
0.00472567,0.0034131,0.00364787,0.00257851,0.000281263,0.00122945
0.0103768,0.00695382,0.00326484,0.00850461,0.001597,0.000769768
0.0295834,0.0131555,0.0156698,0.0244183,0.00685749,0.0069959
0.0290743,0.0120753,0.0129334,0.0223101,0.00629428,0.00651782
0.0187267,0.0121258,0.00820517,0.00590043,0.000323724,0.00313964
0.0217265,0.0143727,0.0366578,0.0777596,0.021957,0.0430514
0.0158641,0.0108464,0.0065736,0.0102297,0.00146299,0.00183404
0.0151158,0.0104536,0.00383324,0.00437861,0.000641101,1.74539e-06
0.00633363,0.00447658,0.00401441,0.000354317,-0.000500565,-0.00101128
0.00488378,0.00369549,0.00366165,0.0046382,0.00143697,-0.000137524
0.0104013,0.0071095,0.00618497,0.00950934,0.00239152,0.000518085
0.0111015,0.00768268,0.00544931,0.00570403,0.0012502,0.000150935
0.011271,0.00794915,0.00617054,0.00447736,0.00163306,0.00184094
0.00456276,0.00336441,0.00210256,0.00544249,0.000168501,0.00168202
0.0201885,0.010911,0.0100141,0.00722449,0.00199477,0.00171508
0.0117648,0.00828414,0.00299978,0.00682685,0.00115423,0.000544342
0.0106603,0.0074538,0.00404358,0.00290917,0.00127359,0.00169014
0.00606607,0.00431559,0.00225352,0.00683981,0.00189441,0.00185707
0.00472959,0.00346792,0.00166329,0.0227173,0.00736096,0.0207398
0.00454794,0.00342635,0.00205056,0.00237704,0.0011557,5.47087e-05
0.00718168,0.0055823,0.00347831,0.00342348,0.00186078,0.000874614
0.0150657,0.011026,0.00744644,0.0086584,0.00147984,0.00266067
0.00623174,0.00450573,0.00288976,0.00244491,3.60095e-05,-0.000182388
0.0089187,0.0061107,0.00479322,0.00121465,0.000229226,7.28459e-05
0.0121257,0.00881333,0.00589606,0.00894852,0.00250976,-0.00154511
0.0109819,0.00819517,0.00708121,0.00532011,0.000858786,-0.000529982
0.0221636,0.0149217,0.00773105,0.0158128,0.00149591,0.000385469
0.00707772,0.0050837,0.00282434,0.000523973,-4.22975e-05,0.00077787
0.00583131,0.00401768,0.00293098,0.0027554,0.000514549,-0.000392361
0.00496281,0.00362487,0.00139655,-0.000733675,-0.000192738,-0.00107484
0.0175257,0.0121006,0.0095743,0.00992563,0.0011867,0.00127475
0.00539004,0.00397259,0.00209779,0.00524215,0.000452535,0.00055865
0.00714021,0.00491441,0.00127627,0.00507509,0.000222767,-0.000113052
0.0122153,0.00804438,0.00473997,0.00583876,0.00179543,0.00156394
0.00544006,0.00413767,0.00274853,0.00635738,0.0014429,-0.000172444
0.00556544,0.00368746,0.00583521,0.0056705,0.00106328,0.000597467
0.0162771,0.00907049,0.00868812,0.0101323,0.00201305,0.000653494
0.0153161,0.00905584,0.00775507,0.00923218,0.00182594,0.000898041
0.00770541,0.00522458,0.0036535,0.00592202,8.15376e-05,0.000247296
0.0162862,0.00620414,0.00773671,0.008362,0.0036232,0.00443468
0.0303307,0.0116274,0.0130017,0.0158815,0.00504088,0.0086851
0.0248172,0.0116871,0.00993729,0.0120692,0.00389386,0.0077836
0.0214695,0.0119926,0.0064272,0.00551001,0.00278874,0.0017266
0.00682582,0.00475499,0.00587369,0.00760742,0.0026441,0.00152764
0.0251893,0.0170442,0.00627807,0.00997922,0.00203571,0.00217052
0.0244895,0.0170269,0.00786529,0.00916849,0.000768006,0.000131046
0.00955772,0.0065717,0.0081462,0.0133071,0.00232746,0.000200175
0.0124556,0.00841056,0.00467649,0.0075344,0.000338706,0.000161436
0.0104049,0.00713678,0.00463706,0.00303232,0.0010271,-0.000239758
0.00991039,0.00677525,0.00416744,-3.77431e-05,-5.93863e-06,0.000659135
0.00603151,0.00421271,0.00310448,-0.0017313,0.000754176,0.000476148
0.00407962,0.00314381,0.00203804,-5.49456e-05,-0.000147487,-0.00039585
0.00398507,0.00291428,0.00213532,0.00252587,0.00109608,0.000356368
0.0147769,0.00743623,0.00676497,0.0103513,0.00157699,0.00229198
0.0159837,0.00740651,0.00753842,0.0105616,0.00190121,0.00139053
0.0115074,0.00647455,0.00722392,0.00405803,0.00106417,0.000721877
0.014842,0.00865448,0.00631938,0.00752088,0.00290968,0.00273798
0.0104585,0.00510305,0.00532917,0.00164281,0.000411127,0.00126355
0.00575635,0.00419977,0.0037847,0.00741721,0.00128304,0.000253798
0.0170812,0.0119497,0.00430628,0.00109134,0.00145349,0.000329609
0.010911,0.00598893,0.00386751,0.0055936,0.000848841,0.0004385
0.0145864,0.0102126,0.00479466,0.00756687,0.00236107,0.0026769
0.00797885,0.0053306,0.00369338,0.00354195,-0.000221224,0.00047423
0.0175234,0.00987521,0.016345,0.0243546,0.00411817,0.0036358
0.0161403,0.00861491,0.0134473,0.015993,0.0026581,0.00243349
0.0081051,0.00560279,0.00384646,0.00723504,0.000651922,0.001614
0.0106272,0.00789343,0.0235439,0.0281519,0.00547331,0.00402246
0.00779286,0.0047955,0.00369959,0.00266628,0.00124446,0.000680707
0.0137288,0.00721982,0.00685083,0.0081566,0.00117731,0.000296401
0.00976705,0.00574717,0.00499146,0.00512512,0.000883898,0.00111173
0.021557,0.0146848,0.00866496,0.012687,0.00216267,0.000950145
0.00754051,0.00499649,0.00313781,0.00825091,0.000756299,-0.00040168
0.0104776,0.0075485,0.00824233,0.0152723,0.00334275,0.0120719
0.0115495,0.00779067,0.0241848,0.0269679,0.0050711,0.00389051
0.0196086,0.01274,0.0103314,0.015208,0.00233986,0.002341
0.0192805,0.00806584,0.00592494,0.00932267,0.00130415,0.000392561
0.0259961,0.0132026,0.00919092,0.00795634,0.00177132,0.000597788
0.0335268,0.0132562,0.011792,0.0143491,0.0030107,0.00177021
0.0332839,0.0163062,0.0122822,0.0170261,0.00465819,0.00222102
0.0435399,0.0193613,0.0268536,0.0351861,0.00729379,0.00348414
0.0271077,0.017719,0.0162855,0.0215117,0.00313506,0.00234146
0.0108321,0.0076618,0.0052048,0.00472216,-0.000695111,0.000886986
0.0103067,0.00601013,0.00636934,0.0102844,0.0023077,2.49694e-06
0.00803519,0.00394262,0.0054417,0.00809355,0.00119375,0.00114164
0.0148145,0.00751755,0.00674594,0.0238903,0.0069766,0.0212175
0.0187339,0.0110384,0.00815666,0.014624,0.00230423,0.00999848
0.00514585,0.00318692,0.00474119,0.00419357,0.00182671,0.00130589
0.0095918,0.00595671,0.00901829,0.0105928,0.00212186,0.00175455
0.0104594,0.00765138,0.00734867,0.0096581,0.00212968,0.00191327
0.0128418,0.00903257,0.00343397,0.00610403,0.00195745,0.00137589
0.00734809,0.00493921,0.00351639,0.00475758,0.000871586,0.00148009
0.013169,0.00854476,0.00549315,0.00830112,0.00162839,0.00157759
0.0185249,0.0118329,0.00653409,0.0044725,0.00227898,0.00203786
0.00997907,0.00507466,0.00477425,-0.00122261,0.00109968,0.000737036
0.0101847,0.00722936,0.00586645,0.00708321,0.00178571,0.000743519
0.00389635,0.00296727,0.00156985,0.00154294,0.00021052,0.000504625
0.0114394,0.00819522,0.0052608,0.00453858,0.0011912,-0.000905059
0.00913019,0.00635516,0.00558977,0.00502346,0.000865861,-0.000109334
0.00677267,0.00487224,0.00334044,0.00233247,0.000562545,0.00108925
0.0195124,0.0131995,0.00683429,0.00516484,0.00204005,0.00211151
0.0141048,0.00960188,0.00624379,0.00623556,0.00110254,0.000836805
0.00755712,0.00526882,0.00375524,-0.00089174,0.00135748,0.000694005
0.0184554,0.00954332,0.0145698,0.024429,0.0085556,0.0117864
0.0112412,0.0076568,0.0056427,0.00327209,0.000303908,0.000344033
0.00754538,0.00556029,0.00283032,0.00902476,0.00275641,0.00539265
0.00449085,0.00313212,0.00259533,0.00468337,0.000733844,-0.000490605
0.0131241,0.00776185,0.00511441,0.00743765,0.000600062,0.000165683
0.00582068,0.00437991,0.00307613,0.00260483,0.000668133,4.88091e-05
0.0138978,0.00944557,0.00498731,0.00807576,0.00137492,0.000186723
0.0237959,0.00991087,0.0133648,0.02357,0.00428962,0.00190836
0.0150008,0.0106056,0.00593355,0.00487373,0.00215007,0.0014569
0.0112217,0.00790554,0.00359461,0.0073527,0.0005583,0.00123738
0.0137412,0.00943778,0.00616144,0.0071693,0.000785726,0.00083387
0.0141959,0.00998663,0.00744111,0.0108875,0.00220319,0.0011857
0.005093,0.00361747,0.00298204,0.00507002,0.000181753,0.00157022
0.00531523,0.00360227,0.00565789,0.0101127,0.00214559,0.00075487
0.0134563,0.0091618,0.00499688,0.00425652,0.00165981,0.000685796
0.0108843,0.0070327,0.00308893,0.00757894,6.52235e-05,0.000706913
0.0311923,0.0164383,0.0219393,0.025885,0.00509632,0.00151229
0.00502873,0.00373905,0.00236266,0.0043858,0.000258365,0.000713561
0.0202022,0.00850585,0.0102944,0.0189584,0.00266093,0.00124717
0.0266058,0.013153,0.0125368,0.0205866,0.00338079,0.00135883
0.0432845,0.0292142,0.0184196,0.0175669,0.00398379,0.00188488
0.0168224,0.00664795,0.00576769,0.00591971,0.00152461,0.00152473
0.0165027,0.00679808,0.00527274,0.00727245,0.000825534,0.00167754
0.00933398,0.00494061,0.00485984,0.00455558,0.00116843,0.000382378
0.00961336,0.00503817,0.00468126,0.00417224,0.00135585,0.000220423
0.0251693,0.017534,0.0102497,0.0123088,0.00277571,0.000432762
0.00597989,0.00439966,0.00248769,0.0015901,-2.33825e-05,-1.93525e-05
0.00451543,0.0030465,0.00459226,0.000770418,0.00145823,0.00121414
0.00981284,0.00713994,0.00419492,0.00372332,0.000573817,0.00122826
0.0137631,0.00501598,0.00826896,0.00559789,0.00137782,0.000976439
0.0109771,0.00517987,0.00700511,0.00432661,0.00134554,0.000580783
0.010544,0.00724233,0.00552984,0.00507386,0.00250445,0.00171892
0.0177754,0.00945443,0.00637177,0.00493265,0.00116822,0.000419186
0.014486,0.0060532,0.0049058,0.00542939,0.00154806,0.000606632
0.00878093,0.00613947,0.00299888,0.00312379,0.000784739,0.000844814
0.0168949,0.0104595,0.0058441,0.00798634,0.00167195,0.00162876
0.0141689,0.00902334,0.00580512,0.00634421,0.000909157,-0.000178117
0.0214996,0.0139507,0.00724039,0.0117181,0.00329624,-0.000453865
0.0164074,0.0117859,0.00838022,0.00723983,0.00290459,0.000283656
0.00552098,0.00389539,0.00306006,-0.000894993,0.00068269,0.00170343
0.00547352,0.00371148,0.00280756,0.00350992,-0.00018438,-0.000380896
0.0124425,0.00508238,0.00723589,0.00770615,0.00186371,0.000776281
0.00533253,0.00369727,0.00250386,0.00302054,0.000853052,7.60307e-05
0.00630061,0.00449765,0.00257406,0.00208003,0.000605714,0.000291823
0.00735068,0.00475749,0.00331239,0.00293929,0.00119548,0.00169894
0.00584344,0.00366111,0.00497451,0.00503483,0.00135523,0.00141488
0.00677571,0.0046863,0.00563104,0.0087417,0.000956599,0.000760389
0.00898676,0.00433098,0.00523196,-0.00081545,0.000186529,-0.000565155
0.00953018,0.00437627,0.00512765,-1.5779e-05,0.000507937,-0.000732476
0.0148179,0.010336,0.00773032,0.00685489,0.001004,0.00163507
0.0165312,0.0108176,0.00941639,0.0117068,0.00258806,0.00323508
0.00680204,0.00458747,0.00318593,0.000962216,0.000425046,0.00114598
0.00975363,0.00640566,0.00279117,0.00311174,0.000488203,0.00211073
0.00608606,0.00431373,0.00287763,-0.00173557,0.000787883,0.00126241
0.00537182,0.00373958,0.00276991,0.000814793,0.000247497,0.00140164
0.0131213,0.00859126,0.0101963,0.00583333,0.00137902,0.00068439
0.0276753,0.018498,0.0102218,0.0202658,0.00579633,0.00991972
0.00944392,0.00646608,0.00296646,0.00270976,0.000651626,-0.000238383
0.0105968,0.00718176,0.00523578,0.00589085,0.00186862,0.000902907
0.0107603,0.0073197,0.00756363,0.0115262,0.0021156,0.00143468
0.0167298,0.00544895,0.0111006,0.0190872,0.00392451,0.00104274
0.0235725,0.0131257,0.0133733,0.0154467,0.00278973,0.00224927
0.0087138,0.00610907,0.00390856,0.011896,0.000876962,0.00210848
0.0120397,0.00832132,0.0115024,0.0112785,0.00325128,0.000337939
0.00770555,0.00540135,0.00319474,0.00356072,0.000338742,0.000816353
0.0112055,0.00741546,0.00477173,0.00264302,0.00167817,0.000778288
0.00589865,0.00422013,0.00614748,0.00923482,0.00118385,0.000841757
0.0126313,0.00850559,0.00384379,0.00659752,0.00248423,0.00134896
0.00888755,0.00647662,0.00389185,0.00404567,5.12705e-05,0.000360589
0.0170576,0.00924617,0.0132987,0.0154724,0.00493951,0.00262667
0.00714331,0.00360602,0.00482055,0.00132347,0.0014049,0.000771546
0.012674,0.00861084,0.010636,0.0100097,0.00240579,0.000409516
0.00726853,0.00515509,0.00370529,0.00437591,0.000524131,0.000222775
0.00672445,0.00467678,0.00284875,0.00593084,0.000495117,0.000582221
0.0080858,0.00564111,0.00338623,0.00230763,0.000276277,0.00148117
0.00791679,0.0055147,0.00289986,0.00621948,0.00100785,-0.000607766
0.0141315,0.00946213,0.00926225,0.0104297,0.00256857,-0.000107496
0.00575399,0.00417804,0.00265639,0.00745177,0.00155476,0.000942328
0.00820819,0.00311212,0.00301889,0.0106303,0.00236226,0.00632423
0.0119803,0.00714983,0.00342369,0.0140204,0.00315199,0.00829574
0.00720583,0.0051073,0.0069824,0.0143051,0.00185204,0.00192271
0.0111122,0.00763209,0.00418079,0.00799717,0.000975792,0.000859553
0.0290774,0.0194721,0.0100551,0.01146,0.00346653,0.00279515
0.00923868,0.00650786,0.00378867,0.00649565,0.000952857,0.000515834
0.0130776,0.00947295,0.00490354,0.000845694,0.000731441,0.000720603
0.018341,0.00959851,0.00875268,0.0140568,0.00272505,0.00320956
0.00909208,0.00486813,0.00505317,0.0160607,0.0049387,0.0139933
0.0160987,0.010957,0.00815057,0.00405034,0.00189406,0.00050132
0.0109842,0.00569364,0.00513803,0.011231,0.00209097,0.00143894
0.0131913,0.00889824,0.00429584,0.00341628,0.00159057,0.00110721
0.0082755,0.00544733,0.00217701,0.00627589,0.000351515,0.0011452
0.0158588,0.010701,0.00553478,0.00760401,0.00133266,0.000906479
0.0223615,0.0137776,0.00674144,0.00713532,0.00234181,0.00185371
0.00868543,0.00497568,0.00513185,0.0034089,0.000519647,0.00163887
0.0059455,0.00435429,0.0030748,0.00132211,0.000176276,-0.000223161
0.00972732,0.00600753,0.00680475,0.0102156,0.00158309,0.00012548
0.0113677,0.0080095,0.00456277,3.1997e-05,0.000405942,0.000473995
0.00827401,0.00589626,0.00199124,0.00665949,0.00170097,-0.000655332
0.0278231,0.0150621,0.0173333,0.0213527,0.00596964,0.0019633
0.0240662,0.0132861,0.0137041,0.0174319,0.00291534,0.00174605
0.00605504,0.00455905,0.00313208,0.00338504,0.000271064,-0.00108282
0.00805719,0.00563842,0.00538384,0.00775258,0.000749087,0.00113638
0.00603711,0.00423533,0.00214983,0.00288281,-0.000187488,-0.000741628
0.00609021,0.00434904,0.00397591,-0.000105844,0.00110578,-0.000333058
0.00768272,0.00487626,0.00479578,0.00683772,0.000914144,0.00117693
0.0129554,0.0071941,0.00696458,0.0124416,0.00158122,0.00197517
0.0144056,0.00599109,0.00969488,0.0131358,0.00288771,0.00296224
0.011199,0.00466279,0.00729908,0.00835039,0.00217089,0.00155007
0.0285995,0.0186398,0.0137159,0.0164608,0.00348848,0.000990957
0.00441266,0.00297195,0.00212081,-0.00104999,7.75499e-05,0.000758558
0.0104513,0.00565443,0.00793125,0.00999906,0.00243051,0.00118988
0.0120884,0.00674896,0.00833133,0.0129033,0.00217675,0.00157828
0.00898919,0.00658248,0.00382705,0.00483762,-0.000169839,-0.000522729
0.0089133,0.00665093,0.00371157,0.00166971,0.000959467,0.0014969
0.00476435,0.0034758,0.00251696,0.00217007,-0.000285123,-0.00105434
0.0127304,0.00833046,0.00416076,0.00904837,0.00162726,0.00217438
0.00712944,0.00461804,0.00476612,0.0108964,0.0034313,0.00987677
0.00646603,0.00464037,0.00197871,0.00044593,0.000553889,0.000523318
0.00858272,0.00608463,0.00338443,0.0078628,0.000789715,-0.000414448
0.00729952,0.00522976,0.00459793,0.00465022,0.0010654,0.000160264
0.008178,0.00604749,0.00333856,0.00421275,-0.00024733,0.00104558
0.00697803,0.00494182,0.00276736,0.00701008,0.000961617,-0.00117872
0.0141083,0.00773717,0.00851775,0.0109908,0.00286304,0.00133743
0.0182585,0.0103255,0.0166831,0.0169252,0.00310646,0.00193557
0.0253034,0.0143563,0.0192009,0.027684,0.00429776,0.00337943
0.00926749,0.00599748,0.00615695,0.00535428,0.00229679,0.000983106
0.00833808,0.00452834,0.00370763,0.00229593,0.0007801,0.000370075
0.0210509,0.0107655,0.00747827,0.0135165,0.00166244,0.00167027
0.0182457,0.00874598,0.0059281,0.0133051,0.00122306,0.00191027
0.0245905,0.0126264,0.0159432,0.0176088,0.00375846,0.000415384
0.00987871,0.00732127,0.00468134,0.0108636,0.00108745,-0.000324871
0.00630818,0.00443567,0.00310413,0.00616207,0.000694468,0.00162281
0.00670403,0.00469967,0.0028655,0.00172956,0.000555288,0.000577911
0.0193044,0.0118666,0.0113818,0.0120678,0.00231606,0.00177306
0.0141859,0.00722879,0.00757397,0.00246513,0.00129257,0.000692016
0.00671653,0.00515601,0.00500466,0.00448288,0.000676638,0.000491126
0.0224594,0.0159326,0.0114644,0.0174923,0.00361861,0.00504073
0.00577028,0.00387838,0.00277761,0.00116673,0.00168462,0.00111076
0.00925456,0.00646268,0.00220026,0.0062835,0.00130774,0
0.00771972,0.00556713,0.00324031,0.00674889,0.00101279,0.00069442
0.00511148,0.00364805,0.0103151,0.0121869,0.0016101,0.00246237
0.00959231,0.00667979,0.00463814,0.00409886,-0.000287766,-0.000199373
0.00523186,0.00385012,0.0028094,0.00116411,0.000652381,0.000771669
0.00558973,0.00408827,0.0027731,0.00187104,0.000523331,0.00100421
0.00889225,0.00415586,0.00501656,0.00317785,0.000968202,0.00037064
0.0174891,0.00647674,0.00988447,0.00697877,0.00234612,-0.000428397
0.0146775,0.00642692,0.00790699,0.00777919,0.00179771,-3.49742e-05
0.00744956,0.00499423,0.00191712,0.00283393,0.00127956,0.000760539
0.00570152,0.00406565,0.00269129,0.00215105,-0.000170576,0.00317037
0.0166721,0.0117869,0.00425723,0.00994495,0.00239322,0.00821952
0.00519712,0.00356649,0.001931,-0.00149101,-1.61359e-06,-0.000438099
0.00615634,0.00433831,0.00212008,0.00437975,0.000269022,0.000245964
0.00811026,0.00590177,0.00508015,0.00570069,0.0023011,0.00146024
0.0149796,0.00889657,0.00592701,0.00515993,0.00213585,0.00208266
0.0208463,0.0126769,0.00983335,0.0119996,0.00251567,0.00184259
0.00557103,0.00409671,0.00259551,-0.00204214,0.00116993,0.00196641
0.00613735,0.00435089,0.00695793,0.00366099,0.00209145,0.00102186
0.0164878,0.00701902,0.00733049,0.0169382,0.00484544,0.000891424
0.0172858,0.00709978,0.00797581,0.0170633,0.00465636,0.00213104
0.0294552,0.0176036,0.0139297,0.0119995,0.00289325,0.0022512
0.0247465,0.015343,0.00780364,0.010262,0.00241424,0.000328816
0.00505323,0.00370824,0.00240265,0.000915874,0.000199443,0.00177002
0.00876775,0.00392585,0.00458392,0.00589213,0.000936958,0.000415776
0.00867173,0.00397568,0.00453476,0.00239638,0.00100127,-0.000461533
0.0110169,0.0075292,0.004219,0.0108016,0.000267974,0.000553513
0.00834101,0.00559365,0.0055361,0.010054,0.00225319,0.00163544
0.00834051,0.00388952,0.00427464,0.00588398,0.000713854,-0.000223571
0.0218488,0.0153584,0.00646344,0.0115918,0.0030516,0.00184304
0.0067808,0.0048036,0.00261753,0.00305334,0.00160724,0.000225991
0.00485124,0.0036937,0.00245374,0.00279853,0.000222603,0.00135417
0.00540769,0.00356933,0.00366037,0.00613081,0.000971185,0.000907704
0.00435502,0.0031169,0.00287963,0.00166687,0.000339185,-0.000841382
0.00885464,0.00606574,0.00323042,0.0040658,0.000993903,0.00344887
0.00765858,0.00537181,0.00662549,0.00489347,0.000745663,0.00112862
0.00722118,0.00522886,0.00382437,0.00666849,-0.00015256,0.000735282
0.006775,0.00472466,0.00252457,0.00233229,0.00146645,0.000304798
0.00597386,0.00416726,0.00331814,0.00867356,0.00257591,0.000440522
0.0117561,0.00798212,0.00509342,0.00800238,0.00174501,0.00112147
0.00694948,0.00470615,0.00498364,0.0109689,0.00139315,0.00240439
0.00715816,0.0050592,0.00239581,0.0359206,0.0125581,0.0363712
0.0044515,0.00329213,0.00227347,0.0035658,0.000796015,0.000870286
0.013005,0.00909342,0.00964957,0.00690239,0.000619207,0.0029267
0.00702676,0.0038614,0.0036528,0.00267012,0.000620694,0.00128486
0.00556737,0.00391951,0.00311304,-0.00238074,0.000339341,-0.00066397
0.0122338,0.00848834,0.0105889,0.0141618,0.00389169,0.000475595
0.00814108,0.00579681,0.00605499,0.00317872,0.000666665,-0.000104668
0.022455,0.00935581,0.007856,0.0146982,0.00433969,0.00283049
0.0231627,0.0106615,0.00818129,0.0122521,0.00295898,0.0022977
0.0178974,0.0124334,0.00242889,0.00953618,0.00143495,0.000134513
0.0138138,0.00823883,0.00603223,0.00159439,0.00206136,0.00215737
0.00903827,0.00466699,0.00468416,0.0045896,0.00134556,0.00196314
0.00818131,0.00582872,0.00279111,0.00528753,0.00139604,0.00280114
0.0141577,0.00723245,0.00786162,0.0056646,0.00132741,0.00215614
0.0139789,0.00724426,0.0079668,0.0070275,0.00117654,0.00151185
0.00934226,0.00657059,0.00198564,0.0115218,-2.97875e-05,-0.000647792
0.0138701,0.0096588,0.00845023,0.0104278,0.00204265,0.000971583
0.0461775,0.0193276,0.0182072,0.0221805,0.00402425,0.00311012
0.0460198,0.0198633,0.0165393,0.0197836,0.00278365,0.00250473
0.00729003,0.00510551,0.00283503,0.00281454,0.00121037,0.000239225
0.00881761,0.00608343,0.0040076,0.00444474,0.00100749,-0.000214366
0.0110073,0.00601707,0.00454871,0.00654537,0.00212304,-0.00077391
0.0117441,0.00559876,0.00528541,0.00428156,0.00162326,-0.000664812
0.00974679,0.00692567,0.00364283,0.0037439,0.000425103,0.000647959
0.0156061,0.0110052,0.0119774,0.0118472,0.00132812,0.00141732
0.0107334,0.00726118,0.00989437,0.0120088,0.00367824,0.00035712
0.0135504,0.00933957,0.00473909,0.00670145,0.00107409,0.00060295
0.013213,0.00901052,0.0108247,0.0102457,0.00399336,0.000262648
0.00853569,0.00622619,0.00299329,0.00527135,0.000963792,0.000613967
0.00594141,0.00453624,0.00292251,0.00438241,-0.000230632,-0.0012497
0.0108732,0.00785141,0.00379762,0.00515195,0.000958826,0.00134095
0.0119766,0.00823229,0.00489334,0.00615067,0.00130989,-0.000376285
0.00600064,0.00422889,0.00247157,-0.000909497,0.000127089,0.000221721
0.0188228,0.013144,0.0056471,0.00538515,0.000976135,-5.12599e-05
0.0178636,0.0117807,0.00990471,0.015916,0.00275244,0.00238145
0.00686936,0.0050836,0.00253208,0.0020253,0.000915637,0.000789781
0.0132212,0.00931372,0.00546925,0.00819992,0.00198058,7.96536e-05
0.00916619,0.00653356,0.00758765,0.00365312,0.00146235,0.000190263
0.00842706,0.00605703,0.00410354,0.0047425,0.00120596,0.00096687
0.00667464,0.00522165,0.00299173,0.00676838,0.00161326,-0.000113325
0.0136925,0.00722498,0.00663081,0.00252667,0.000827032,0.000615542
0.0126138,0.00500894,0.00545523,0.00555621,0.000340029,0.00106386
0.0127542,0.00593877,0.012144,0.0137144,0.00177579,-0.0003517
0.0115887,0.00848936,0.00431678,0.000367499,0.000502066,0.000938531
0.00527933,0.00392109,0.00313425,-0.000611898,-6.59979e-05,0.000989535
0.00752459,0.00511627,0.0036189,0.00437539,0.00033718,0.00115324
0.00746466,0.00533435,0.00253363,0.0072737,0.000686924,0.00543639
0.0149104,0.0101798,0.00478734,0.00500004,0.00174023,0.000907186
0.0109274,0.00443296,0.00845836,0.022572,0.00728873,0.0260636
0.00676622,0.00494212,0.00274876,0.000840914,5.93203e-05,0.00182302
0.0224165,0.0147292,0.00729145,0.0150021,0.0011794,0.00204543
0.00950883,0.00666173,0.00404235,0.00445112,0.00119013,0.000291402
0.0116436,0.00764231,0.00601618,0.00665474,0.00110352,-0.000136409
0.00931926,0.00492818,0.00621343,0.00521174,0.00206396,0.000410639
0.00837788,0.00443026,0.00528037,0.00475362,0.0013733,0.000590291
0.00449968,0.00338912,0.00249791,0.000700467,0.000300348,-0.000394473
0.0107548,0.00727254,0.00325792,0.00213082,-0.000120369,3.35243e-05
0.00887002,0.0062493,0.00325271,0.00565766,0.000861481,0.0011122
0.0185334,0.0130779,0.00478614,0.00597775,0.000923748,0.000313773
0.0177892,0.0120982,0.00663527,0.00927104,0.00140281,0.00154224
0.0107166,0.00752764,0.00385852,0.0019275,0.00017316,-0.000219729
0.00650037,0.00469533,0.00185026,0.00325798,0.000787549,0.00141154
0.00733548,0.00510513,0.00288685,0.00545227,-0.000255344,0.00081905
0.00749581,0.00522355,0.00414177,0.00630407,0.000577658,0.000100093
0.0158791,0.0114317,0.00531351,0.00718755,0.0013866,0.000650578
0.00504651,0.00355473,0.00333378,-0.00368815,-0.000128677,-0.00087451
0.00714271,0.00502305,0.00195252,0.00250275,0.00126313,0.000586715
0.0219937,0.0108947,0.0083808,0.0115219,0.00228524,0.00132375
0.0323253,0.0109168,0.0134679,0.016414,0.00409944,0.00302508
0.0231884,0.00912051,0.0107372,0.0145689,0.0024189,0.00239981
0.00878899,0.00595905,0.00398258,0.00592489,4.19039e-05,-0.000205121
0.00550229,0.00331172,0.00242033,0.00317205,0.00026342,0.00140994
0.00499841,0.00302291,0.00236665,0.000335413,-0.000226452,0.00128683
0.019545,0.0105158,0.00674167,0.00825631,0.00193274,-1.29603e-05
0.0208462,0.0103941,0.00718969,0.00825156,0.00171646,0.000997939
0.033951,0.0210196,0.0185996,0.0262357,0.00309127,0.000729315
0.00402948,0.00303139,0.00217227,0.00337081,0.000465639,-0.000624244
0.0109673,0.00782362,0.00569977,0.00703268,0.00202857,0.000235072
0.00554805,0.00333207,0.00433391,0.011949,0.000656268,-0.000471536
0.0235625,0.0158642,0.00799734,0.00991946,0.0033813,0.00207808
0.0279223,0.0182041,0.0134269,0.0172142,0.00286526,0.00139966
0.0178029,0.00799185,0.00959249,0.0072923,0.00153805,0.00131854
0.009119,0.0061079,0.00448967,0.00604203,0.00129277,0.00169808
0.0109614,0.00563853,0.00441889,0.00439402,0.000633761,0.00197185
0.00784157,0.00388361,0.00283169,0.00204184,-0.00032904,0.00151916
0.00763623,0.00564351,0.00327263,0.00685883,0.000759444,0.000443213
0.0185242,0.00986826,0.00958679,0.00781253,0.00137041,0.00114248
0.00956928,0.00687761,0.00488539,0.00735745,8.66463e-05,0.000284167
0.0158368,0.0106376,0.00778953,0.00963171,0.00200931,0.00395918
0.00955385,0.00683904,0.0039957,0.00290277,0.00123374,0.00209527
0.0110137,0.00666165,0.00433659,0.00564561,0.00165558,0.000339678
0.010359,0.00702621,0.0110727,0.0116986,0.0031038,0.00229648
0.00672309,0.0046009,0.00577388,0.0102882,0.00224206,0.00755791
0.010431,0.00703274,0.00343524,0.00679619,0.00103662,0.00197298
0.0188528,0.0126313,0.00915474,0.00500626,0.00133543,0.00263505
0.0585771,0.0352873,0.0406689,0.0752315,0.0165055,0.0327035
0.0082515,0.00436637,0.00603194,0.00616194,0.000940716,0.00173424
0.0127593,0.00489168,0.00391436,0.00501232,0.00204117,-0.000399768
0.0126268,0.00481035,0.00397672,0.00498106,0.00185659,-0.000281226
0.00465443,0.00364833,0.00312924,0.00125491,0.000415525,0.00144553
0.00987716,0.00737133,0.00529496,0.00443723,0.000453684,-0.00037808
0.00792179,0.00574683,0.00357811,0.0105732,0.00163407,0.000449011
0.00774686,0.00555275,0.00382439,0.005572,-0.000410791,0.000956149
0.00566972,0.00414005,0.00892186,0.0170688,0.00585201,0.010652
0.0082852,0.00598663,0.00568925,0.00525222,0.00125104,0.00038826
0.026801,0.0170193,0.0117722,0.0134515,0.00287285,0.00260477
0.0248552,0.0151548,0.00885121,0.0116194,0.00193253,0.002694
0.0101816,0.00759308,0.0140557,0.0131724,0.00165061,0.00286578
0.00644718,0.00419821,0.00214524,-0.00550982,0.000163061,0.000607816
0.0206862,0.0123574,0.0073198,0.0112498,0.00208116,0.000328598
0.0260011,0.00956552,0.0156512,0.0203315,0.00595379,0.0124861
0.02551,0.0097242,0.0150422,0.0197128,0.00553321,0.01053
0.0108192,0.00743618,0.00585059,0.0063254,0.00144667,0.0010541
0.0233436,0.0156401,0.0153979,0.0210515,0.0032869,0.00313405
0.0078013,0.00577456,0.00277009,0.000996394,9.73716e-05,-0.00111312
0.0102662,0.00731247,0.00469541,0.0081556,0.000789498,-0.000422274
0.0136478,0.0097104,0.00491173,0.00926708,0.00411159,0.0064519
0.0263614,0.0178103,0.00886258,0.0105881,0.00190925,0.00122044
0.0145478,0.0100254,0.0052125,0.00643547,0.000938403,0.000677956
0.0195275,0.0138143,0.0156841,0.0142452,0.00333643,0.00198242
0.014321,0.00820671,0.00762739,0.0130967,0.00225131,0.00217452
0.0130946,0.00606449,0.00732735,0.0100975,0.00187783,0.00120372
0.0070006,0.00521926,0.00398894,0.00246499,0.000688763,0.000602292
0.0213954,0.0141909,0.00758555,0.0119568,0.00176519,0.00115097
0.0119247,0.00816175,0.0038135,0.00501924,0.000268083,0.000388392
0.0166446,0.00639317,0.0128042,0.0117577,0.0026448,0.00151544
0.0176265,0.00657571,0.0131336,0.0114077,0.00257965,0.00111371
0.0103843,0.00651344,0.00575419,0.00743942,0.00229919,0.00183887
0.0123348,0.00696269,0.00644295,0.0091048,0.00195419,0.00297766
0.00980805,0.00706339,0.00640957,0.00647184,0.00131498,-0.00101677
0.00497807,0.00386986,0.0035289,0.00653504,0.00115301,-0.000718988
0.00564442,0.00405968,0.00563903,0.00971475,0.00216159,0.000539373
0.0189683,0.0124273,0.00735423,0.00705572,0.00297695,0.00182673
0.015021,0.00984595,0.00920925,0.0140859,0.00260913,0.00270444
0.004222,0.00296012,0.00245831,-0.00137712,0.000639698,0.000208003
0.00850787,0.00609298,0.00299381,-0.000778148,0.000757054,0.000267802
0.0151095,0.0103895,0.0047778,0.00144417,-6.19647e-05,0.000344973
0.0231592,0.0143443,0.0111345,0.0161778,0.00369334,0.000818377
0.00842902,0.00610995,0.00670273,0.0038495,0.00105158,0.00117291
0.0278633,0.0144833,0.0175356,0.0236938,0.00318141,0.00301008
0.00647486,0.00438454,0.00309777,0.00441111,0.00079127,0.000870597
0.00978416,0.00701245,0.004595,0.00367099,-0.000283697,0.00224538
0.0113931,0.00800514,0.00588273,0.00700653,0.00105888,0.00156773
0.0227007,0.00816786,0.0107656,0.00971123,0.00295311,0.00170893
0.0241368,0.00822791,0.0111629,0.00955709,0.00179143,0.00214848
0.013172,0.00896914,0.00463375,0.00371374,0.00123163,0.000427131
0.00598924,0.004508,0.00322264,0.00175612,0.000925405,0.00119679
0.0133749,0.00941146,0.00543965,0.010873,0.00161176,9.91702e-06
0.0108826,0.00774847,0.00539918,0.00245406,0.000375497,0.00146513
0.0250677,0.0172521,0.0117695,0.013941,0.00172769,0.00140507
0.0181585,0.0102329,0.00617072,0.0115024,0.00228849,0.00159612
0.0206703,0.0101617,0.00666118,0.0136399,0.00171677,0.00188339
0.00758264,0.00343692,0.00189938,0.002561,-0.000388495,0.00103359
0.0112126,0.00798047,0.00632149,0.00969858,0.00172624,0.00116005
0.0194732,0.0136545,0.00908081,0.008307,0.000921379,0.000384261
0.00656706,0.00462022,0.00189622,0.00272957,0.000886581,-0.000620098
0.0079838,0.00420752,0.0222085,0.0337438,0.00904998,0.0110494
0.00561125,0.00368166,0.00686114,0.00803484,0.00181146,0.00191519
0.00790037,0.00598384,0.00448278,0.00294501,0.000493138,0.000263548
0.00470677,0.00325188,0.00167389,0.00302329,-0.000331888,-0.000906348
0.0119062,0.00820175,0.00500398,0.0039416,0.000590085,0.000601724
0.00983801,0.00668458,0.00224851,0.00226262,-0.000329981,-0.000984217
0.00683107,0.00505334,0.00373965,0.00519042,-0.000137491,0.000319195
0.00596595,0.00446925,0.00401671,0.00443168,0.00112892,0.000367257
0.0160098,0.0110307,0.00995058,0.0114768,0.0029493,0.00220684
0.0093901,0.00629173,0.00494522,0.00135539,-0.000189119,0.00112316
0.00804361,0.00566541,0.00340433,0.00492941,0.000554686,-0.000683551
0.00702113,0.00516745,0.00332132,0.00468266,0.000791216,0.000636259
0.00968057,0.0065189,0.00653219,0.00725158,0.0028219,0.00145629
0.00802875,0.00577314,0.00389709,0.0018927,0.000723058,-0.000137532
0.00735891,0.00531278,0.00227618,0.00390619,8.99424e-05,0.00027783
0.00897107,0.00613272,0.00309296,0.00338217,0.000673648,-0.00154211
0.00396489,0.00313393,0.00178754,-0.000575253,0.000262948,0.000460284
0.00880081,0.00601813,0.00301908,0.00536699,0.00192631,0.000953703
0.0112063,0.00795571,0.00404185,0.00636032,0.00102876,0.000913472
0.0107636,0.00519525,0.00866853,0.0121657,0.00223912,0.00175346
0.020698,0.0145414,0.00691399,0.00678963,0.00174053,0.000505527
0.00977942,0.00636598,0.00297221,0.00305771,0.000479793,0.000241402
0.00606119,0.00365526,0.00334767,0.0025996,0.000843348,-0.000520154
0.00682537,0.00415814,0.00228283,0.00204824,0.000926516,-5.83092e-05
0.0160449,0.00662471,0.00701624,0.0101514,0.00226766,0.00114646
0.0136623,0.00547503,0.00447022,0.00921347,0.00131974,-9.6681e-05
0.0127721,0.00891356,0.00702381,0.0107774,0.00139847,-0.000264213
0.00387497,0.00298095,0.00218618,0.0017992,3.94498e-06,-0.000323786
0.0259748,0.0103461,0.0142987,0.0101034,0.00189263,0.00178476
0.0243145,0.0161447,0.0100524,0.0059706,0.00220731,0.0026786
0.00822995,0.00545779,0.00384582,0.000363895,-0.000386215,-0.000581791
0.0238649,0.0153926,0.00795288,0.0110358,0.00155077,0.00236397
0.0183891,0.00882189,0.0104791,0.00909352,0.00113141,0.000368727
0.0159612,0.0106355,0.0101474,0.00933246,0.00129798,0.000401409
0.0101729,0.00675964,0.00659186,0.00671767,0.00154156,0.00179182
0.00680658,0.00513583,0.00223737,0.00280376,0.00013613,0.000329189
0.00622564,0.00433534,0.003344,-0.000400818,0.000367253,-4.55841e-06
0.0129819,0.00657466,0.00683532,0.00797898,0.00106635,0.00233484
0.0142704,0.0103004,0.00611995,0.00717136,0.000745505,0.000840432
0.0189525,0.0130033,0.00984763,0.00611884,0.00126637,0.000550716
0.00857525,0.00614791,0.00347885,0.00642021,0.00161045,0.00078543
0.0216366,0.0125445,0.00674812,0.0108691,0.00117441,0.000939842
0.011421,0.00782593,0.00402323,0.00311045,0.00119247,0.00130765
0.0113627,0.00781773,0.00358727,0.00507009,0.00106374,0.00254269
0.0176901,0.0121046,0.0113387,0.012623,0.00602933,0.220348
0.00465316,0.00327878,0.00251846,0.00392588,0.000506796,-5.74075e-05
0.00642208,0.0045219,0.00458415,0.00201897,0.000880621,0.000313068
0.0152861,0.00778561,0.00360262,0.00591116,0.00094056,0.00137369
0.013872,0.00684282,0.00320693,0.00477529,0.000584109,-0.000367218
0.0219067,0.0128166,0.0087521,0.00927,0.00152651,0.00256218
0.0110301,0.00769336,0.00452303,-0.000136289,0.000243473,-4.59555e-05
0.0185562,0.0132269,0.00757155,0.00865441,0.000889828,0.00107819
0.00418658,0.00327856,0.0024699,0.000724115,0.000490244,-5.01788e-05
0.0124226,0.00863389,0.00633695,0.00468185,0.00154929,0.00172886
0.0110528,0.0075177,0.00548574,0.00330906,0.00125243,0.000285788
0.00583508,0.00401094,0.0024083,3.78396e-05,0.000433674,-0.000514749
0.00978748,0.00688323,0.0065375,0.00654484,0.000831821,5.31223e-05
0.010215,0.00717254,0.00400476,0.00468087,0.000485789,-1.52699e-05
0.0170571,0.0122997,0.00395839,0.00778475,0.00163315,-0.000199078
0.00935161,0.00625074,0.00351632,0.00135478,0.00108444,-0.000269643
0.0221858,0.014942,0.00466939,0.00713581,0.0012014,-0.000942419
0.0121991,0.00875163,0.00582646,0.00650353,0.00140152,0.00152142
0.0111616,0.00778082,0.00425889,0.00784702,0.00124343,-0.000701046
0.0195987,0.00836174,0.00927879,0.0119157,0.00313554,0.00323315
0.0200729,0.00832939,0.00833773,0.0116324,0.00160757,0.00269211
0.0139622,0.00960646,0.00739165,0.00697778,0.00116879,0.00173132
0.00804005,0.0057922,0.004438,0.00608514,0.000664716,0.001657
0.020985,0.00793117,0.00739813,0.0119262,0.00309188,0.00182891
0.0469832,0.020853,0.037718,0.0478609,0.00980124,0.00555543
0.0136585,0.00930151,0.00480348,0.015249,0.00436479,0.0115804
0.0178807,0.0107285,0.00653031,0.00971741,0.00110639,-0.000253365
0.00778723,0.003888,0.00401773,0.00502521,0.00138023,1.77062e-05
0.00546385,0.00373158,0.002699,0.00278867,0.000914127,0.000975398
0.0134602,0.00918697,0.00666412,0.00946313,0.00143159,-0.00046825
0.00690727,0.00437765,0.00258691,0.00413738,0.000639104,0.00203585
0.0056773,0.00299709,0.00327026,0.00202081,0.000292965,0.00231999
0.00882961,0.00622701,0.00208495,0.00587264,0.000509356,0.000933678
0.00873829,0.00589707,0.00307837,0.0269125,0.010139,0.0265148
0.0350288,0.0188467,0.0209771,0.0218774,0.0044574,0.00226254
0.00972298,0.00703096,0.00400476,0.00398025,0.00144683,0.000478152
0.0220645,0.0145375,0.0161808,0.0218513,0.00509121,0.00464618
0.0208993,0.0106583,0.012981,0.024385,0.00487611,0.00224342
0.0162486,0.00747249,0.00746521,0.0280769,0.0126351,0.0258493
0.00701062,0.00517421,0.00225239,0.00551349,0.000420235,0.000966046
0.0164259,0.00964847,0.00603288,0.00793123,0.00124867,4.15063e-05
0.00519995,0.00371739,0.00431716,0.000681098,-0.000645598,-0.000168816
0.0347589,0.0226644,0.0150439,0.0281852,0.00688377,0.00149656
0.0362624,0.0229953,0.0247679,0.0309413,0.00497912,0.00289277
0.0137248,0.00945407,0.00544543,0.008997,0.000851171,0.00232406
0.00801491,0.00604582,0.00352924,0.00196497,0.00101988,0.000443445
0.00763358,0.00486516,0.00454737,0.00582711,0.000979038,0.000532338
0.00570821,0.00366726,0.00244381,0.00445235,4.64159e-05,0.00073828
0.00891815,0.00636555,0.00454814,0.00311955,0.00142769,-0.000943922
0.0132332,0.00900074,0.00384265,0.00741393,0.000325991,0.000765525
0.00899191,0.0059366,0.00491955,0.00650634,0.000312848,0.00166856
0.0106725,0.007556,0.00606577,0.00577208,0.000123761,0.000812828
0.00828898,0.00610865,0.00508209,0.00290218,0.000603134,0.00270146
0.00564129,0.00432053,0.00224924,0.00747018,0.0014707,0.00417475
0.00641406,0.00479121,0.005134,0.00810838,0.00174266,0.000972146
0.0123009,0.00878289,0.00747267,0.00964498,0.00222701,0.000949674
0.00388214,0.00308166,0.00229644,0.00384125,0.000317912,-0.000404459
0.00859017,0.00628707,0.00446608,0.00198621,0.000118261,0.00103445
0.0117268,0.00684548,0.00714419,0.00588623,0.00163486,0.000720543
0.0100279,0.00689671,0.00617401,0.00882026,0.00102736,9.11057e-05
0.00832465,0.0059108,0.00295236,0.00470774,0.00135098,0.00046457
0.0117506,0.00613347,0.00460545,0.00552782,0.000804522,0.00114131
0.0071379,0.00493688,0.00194166,0.00643622,0.00162422,-3.1152e-05
0.0247007,0.0165437,0.0145073,0.0143998,0.00391952,0.00328577
0.0110926,0.00594444,0.00521589,0.00453429,0.000753161,0.000651611
0.0102072,0.00595732,0.00921406,0.0111377,0.00209984,0.000351529
0.0148481,0.0100569,0.0052308,0.00860172,0.00116769,0.00128246
0.00879401,0.00473364,0.00487416,0.00846729,0.000344759,0.0048097
0.00992413,0.00360792,0.00515712,0.00380412,-0.000415441,0.00175923
0.00674199,0.00355375,0.00373402,0.00473003,-0.000568251,0.00123065
0.00565715,0.00407617,0.00217806,-0.00200398,0.00125411,0.000895719
0.0172837,0.0081191,0.00690001,0.0101134,0.00347461,0.00568672
0.0167452,0.00818025,0.00689299,0.0101743,0.00301363,0.0078544
0.00808925,0.00570702,0.00213063,-0.000647564,2.05955e-05,-0.000560372
0.00488992,0.00350203,0.00360557,0.00264756,0.000270293,-0.000565811
0.00585831,0.00459423,0.00235092,-0.000132648,0.000201813,0.000657742
0.00724911,0.00506574,0.00414354,0.00237601,0.000513103,0.000733794
0.00722615,0.00490978,0.00454898,0.00669959,0.00180835,0.00108595
0.0144246,0.010141,0.00404264,0.00201446,0.00241377,0.00101437
0.0127757,0.00877423,0.0109602,0.0186741,0.00403815,0.000958212
0.0351975,0.0130585,0.0203634,0.0230954,0.00326575,0.00207898
0.0207286,0.0110281,0.00757084,0.00846231,0.00142681,0.0014186
0.0194311,0.0109215,0.00723041,0.00863321,0.000672599,0.00129797
0.00767478,0.00539784,0.00395616,0.00262951,0.000647128,-0.000402996
0.0171881,0.0102289,0.00668905,0.010868,0.00133104,0.00112894
0.0101076,0.00734586,0.00626577,0.00295022,0.000328891,0.00213964
0.00536047,0.00388691,0.00331134,0.00123226,0.00091856,0.000207804
0.00638646,0.00447288,0.00426514,0.00204965,0.00067466,-2.26419e-05
0.00655147,0.00469627,0.00344373,0.00060017,-2.38599e-05,0.00172671
0.00928093,0.00588191,0.00555112,0.00333379,0.00046279,8.83908e-05
0.0138909,0.00982332,0.00525561,0.00740171,0.00182148,0.000902363
0.00792323,0.00573805,0.00307992,0.00519728,-0.000389512,0.000656279
0.00547012,0.00381641,0.00255469,0.00773093,0.00031275,-0.000693032
0.00566649,0.00383342,0.00249721,0.000924833,0.000109873,0.000882915
0.0104597,0.00755541,0.0112022,0.014544,0.00316052,0.0021947
0.0273287,0.0162198,0.0209108,0.0239495,0.00616027,0.00292723
0.0102182,0.0061466,0.00472893,0.00825438,0.00124387,0.0019411
0.00955626,0.00625399,0.00467525,0.00714199,0.000926178,0.000773461
0.00718213,0.00511542,0.00393834,0.003644,0.000562724,0.000515365
0.012631,0.00872452,0.00313807,0.00191616,0.000152267,-0.000943164
0.00523196,0.0038697,0.00293586,0.00433138,0.000327436,0.000810874
0.0113558,0.00777099,0.00361844,0.0106065,0.00232192,-6.73482e-05
0.0120998,0.00545356,0.00513456,0.00961546,0.00168037,0.00125724
0.0119753,0.0051428,0.00517223,0.0114065,0.0012984,0.000974448
0.014363,0.00970451,0.00509966,0.00392179,0.000190005,0.000909106
0.00595997,0.0043557,0.00239467,0.00394824,0.000301896,0.00114123
0.00587777,0.00399016,0.0029183,0.00496151,-0.000318046,0.0010697
0.00999834,0.00707115,0.00331863,0.0029117,0.000515122,-0.00105457
0.0122794,0.00836374,0.0041715,0.00369447,0.000846297,0.00184624
0.0196056,0.00865903,0.00716677,0.00538753,0.000718709,0.00113196
0.024654,0.00893287,0.00915151,0.00881447,0.00124226,0.000812476
0.0261516,0.0158479,0.00993536,0.0106734,0.00173797,0.00091011
0.0124401,0.00902294,0.00457023,0.00234236,0.000948608,0.000806814
0.00638238,0.00460335,0.00228203,0.00676012,0.000840438,0.000432651
0.00621931,0.0041269,0.00336751,0.00460807,0.000167071,0.000980202
0.023097,0.0144971,0.0103887,0.00968828,0.0030339,-0.000820329
0.0149982,0.00551718,0.00868927,0.0104274,0.00255293,0.000775856
0.0175883,0.0121898,0.00735193,0.0128641,0.00219406,0.00125449
0.0154636,0.00727281,0.0058414,0.00325469,0.000207676,0.00200587
0.0144424,0.00713411,0.00551928,0.00229177,0.000133989,0.000674852
0.00531103,0.00408257,0.00329115,0.00388497,0.00046274,-0.000311576
0.00703537,0.00480776,0.00333993,0.0080493,0.000354456,0.000524409
0.0327687,0.0177549,0.0150822,0.020118,0.00458615,0.00298642
0.023995,0.00939519,0.0113564,0.011585,0.00220601,0.00104784
0.00860875,0.00597531,0.00525996,0.00537972,0.00122915,0.000658998
0.00946225,0.00685098,0.00393752,0.00742747,0.00014282,0.000358894
0.0109852,0.0069649,0.00875486,0.005875,0.000962439,0.00085417
0.0110719,0.00554334,0.00472159,0.00403623,0.00120475,0.000822666
0.0120766,0.00560114,0.00483775,0.00654844,0.000573881,0.000929207
0.0175483,0.0108359,0.00746666,0.00764194,0.00213561,0.000931629
0.0233075,0.011727,0.0133044,0.0130689,0.0023814,0.00211843
0.022582,0.0117229,0.0131763,0.0109986,0.00216291,0.00207319
0.0280216,0.0127991,0.0171826,0.0139558,0.00276061,0.00209933
0.0292353,0.0128398,0.0171487,0.0111343,0.00296915,0.00147317
0.0087936,0.00602595,0.00453227,0.00793835,0.00188966,0.00114571
0.0124058,0.00887396,0.00466959,0.00449128,0.00171646,0.00125622
0.0184498,0.0105054,0.0107281,0.0176852,0.00347895,0.00168836
0.0213018,0.0113596,0.0116246,0.0176613,0.00302151,0.000676682
0.0205169,0.0104043,0.0185695,0.030764,0.010939,0.0237377
0.0197546,0.00883691,0.0120356,0.0170678,0.00456884,0.00715039
0.00712698,0.00505928,0.00193541,0.00204816,0.000364912,0.000691909
0.00917146,0.00654428,0.00433212,0.00339761,0.000542783,0.0011056
0.030765,0.0144551,0.0108558,0.0224606,0.0065155,0.0090394
0.0286098,0.0140428,0.0100194,0.0176263,0.00573564,0.00806886
0.0116225,0.00825667,0.00427517,0.0055922,0.000250749,0.000822491
0.0106935,0.00722155,0.00446566,0.00299118,0.000754761,-3.70189e-05
0.0125453,0.00894791,0.00364666,0.00831283,0.000760513,0.00156528
0.0042483,0.00318239,0.00295382,0.000313977,0.000620597,0.00101004
0.00955747,0.00640404,0.00331518,0.00644225,0.000857098,-0.000151372
0.0125634,0.00874152,0.00713544,0.0140221,0.00197464,0.00114762
0.0115312,0.00784051,0.00533849,0.00933929,0.000992045,0.000228954
0.00958971,0.00534924,0.00733252,0.0107866,0.00195614,0.001522
0.0085185,0.00447822,0.00515832,0.00347188,0.00107084,0.00070392
0.0136842,0.00948105,0.00601152,0.0153261,0.00237047,0.0022626
0.00441673,0.00296615,0.00166544,-0.00254323,0.000186362,0.00136838
0.0208373,0.0101748,0.00859522,0.00888514,0.00142593,0.00292332
0.00673534,0.00464957,0.00300029,0.00301062,0.00113624,0.00112191
0.0107434,0.00781538,0.00287449,0.00274391,-0.00031391,0.00100091
0.00434315,0.00322311,0.00220801,0.0026493,8.37137e-05,-0.000243101
0.00952921,0.00635191,0.00439942,0.00664687,0.000925905,0.000734902
0.00407476,0.00294978,0.00254133,-0.000450793,-0.000188637,0.000294438
0.00745415,0.00338868,0.00402367,0.00286763,0.000779575,0.00170033
0.00848539,0.00636133,0.00388077,0.000654503,0.000400916,0.000286987
0.00674348,0.00331149,0.00303582,0.000760176,0.000364814,-0.000255587
0.0107134,0.00719596,0.00451682,0.00220562,-0.000128987,0.000324549
0.0202952,0.0117274,0.00815706,0.0121707,0.00144292,0.00217568
0.00550878,0.00389136,0.00256356,0.00268614,0.000326332,-0.000325086
0.02712,0.0185259,0.00805397,0.0126816,0.00230189,0.00131394
0.00524221,0.00368457,0.00283179,0.00183537,0.000352618,0.000505653
0.0192063,0.00755079,0.0107267,0.0121525,0.00235464,0.00217406
0.0187318,0.00750531,0.010419,0.011478,0.00162274,0.00129389
0.00972284,0.00666599,0.00331198,0.00510301,0.00116005,-0.000501686
0.00512104,0.00397394,0.00227084,0.00422961,0.000887836,0.00146117
0.0141227,0.0099888,0.00572139,0.0125266,0.00320026,0.00788915
0.00855003,0.00587925,0.00353905,0.00618121,0.00188879,-0.00084095
0.0167891,0.0113755,0.00639527,0.0125655,0.00324716,0.00723048
0.00998778,0.00673298,0.00428707,0.00158326,0.000284244,0.000502893
0.0121419,0.00531495,0.00589184,0.0133718,0.00704792,0.011312
0.0129938,0.00613083,0.00559924,0.0137596,0.00693477,0.0124903
0.00382,0.00302512,0.00271245,0.0014704,0.000737109,-0.000172439
0.00575936,0.00432875,0.00238655,0.00144981,0.000188724,-0.000315861
0.00971467,0.00671638,0.00371669,0.00392659,-0.00011279,0.00015707
0.0138696,0.00848236,0.00522519,0.0108194,0.00138484,0.0015478
0.0109279,0.00755131,0.00392843,0.00460401,0.000487657,0.00116244
0.00819999,0.00587826,0.00324612,0.00187209,0.000216746,0.000702498
0.00877067,0.00614204,0.00396359,0.00403092,0.000193012,-0.00024974
0.00483275,0.00297233,0.00320766,0.008369,0.00167037,9.56395e-05
0.00734785,0.00466139,0.00492391,0.00614296,0.00116033,-4.54696e-05
0.022136,0.0152663,0.0112495,0.0137445,0.0027764,0.00115731
0.00875875,0.00432247,0.00465704,0.00359887,0.00125371,0.000934897
0.00882998,0.0035272,0.0045285,0.00465937,0.0012237,-9.67873e-05
0.0108497,0.00773533,0.00785646,0.00555922,0.00296195,0.00165042
0.00811226,0.00580239,0.0025304,0.00146608,0.000611881,9.72602e-06
0.00446609,0.0029406,0.00220805,0.000468406,0.000380372,0.000172144
0.0212553,0.0103064,0.00712276,0.0122947,0.00283731,0.00104305
0.0126696,0.00790573,0.00509644,0.00455739,0.00145071,0.000520584
0.0139161,0.00943855,0.00857888,0.00542548,0.00232565,0.000927943
0.00652518,0.00450933,0.00436641,0.00862616,0.00122899,-0.00135041
0.00871353,0.00634532,0.00313031,0.00519529,0.0005459,-3.48456e-05
0.00497276,0.00358407,0.00216355,0.00336924,0.00104771,0.000904285
0.00486533,0.00372747,0.00251417,0.00177393,-0.000114291,0.00124456
0.0100524,0.0050312,0.00411108,0.00136963,0.00204221,0.00185708
0.0358767,0.0167964,0.0154192,0.0172467,0.00358043,0.00261537
0.0209366,0.0112505,0.00986232,0.00866984,0.001512,0.0011857
0.0131326,0.00778801,0.0065594,0.000221426,0.0013222,0.000919485
0.0107963,0.00512577,0.00655053,0.00469499,0.00185123,0.00138464
0.00706873,0.00334317,0.00404418,0.00541941,0.00207811,-0.000161685
0.00805817,0.00565722,0.00344404,0.00592886,0.000998366,0.000311605
0.00586734,0.00437551,0.00293943,0.00413046,0.000892715,0.000700171
0.0111925,0.0073295,0.00555784,0.00581173,0.0026588,0.00164006
0.0229092,0.0144466,0.016292,0.0228992,0.00395393,0.00266754
0.00818502,0.00537905,0.00310879,0.00962488,0.00139037,-0.000275438
0.0201084,0.0123282,0.0135744,0.0130994,0.00191277,0.00178275
0.0143875,0.00891392,0.00597971,0.00617554,0.00190997,0.00169905
0.00775511,0.00518409,0.0034595,0.00145583,0.000519874,0.00142256
0.00667218,0.00501095,0.00248912,0.00264563,0.000888101,-0.00138066
0.0117381,0.00749579,0.00486211,0.00703867,0.00205601,0.000648837
0.00756095,0.00523361,0.00407591,0.00541801,0.000493923,0.000947711
0.00894387,0.00618723,0.00568405,0.00677868,0.000999138,0.00130923
0.00526439,0.00369708,0.00249379,0.00311883,0.000215083,-0.000278981
0.0116988,0.00874117,0.0052316,0.00493697,0.00131721,0.00147956
0.00919433,0.00604424,0.00404397,0.00221808,0.000890354,-0.000280856
0.00556899,0.00380067,0.00345086,0.00640219,0.000720838,0.000848442
0.00898142,0.00613355,0.00429378,0.0056782,0.000274487,0.000794594
0.00589161,0.00428464,0.00212781,0.00125656,0.000472807,-0.000701592
0.0134346,0.00852294,0.007793,0.0141843,0.00223894,0.000791787
0.00880735,0.00372453,0.00492475,0.00481543,0.000508719,-0.000295656
0.0107468,0.00790439,0.00577366,0.00475686,0.00147236,0.00153651
0.0366614,0.0201181,0.0126597,0.0175604,0.00376336,0.00837882
0.00558196,0.00418252,0.00288702,0.00371212,0.000566559,-0.000228765
0.00785491,0.00539097,0.00462808,0.00868556,0.00111297,0.000106417
0.00451677,0.00307653,0.00230873,0.00394837,-0.000698674,0.000508721
0.0146312,0.0100359,0.00346991,0.0034487,0.00155931,-0.000953607
0.0169747,0.0120015,0.0115759,0.018335,0.00366189,0.0024799
0.00881565,0.00656693,0.00280627,0.00758835,0.0014691,0.000226855
0.0268394,0.0107206,0.0153886,0.0178791,0.00464044,0.00261123
0.0271354,0.0107727,0.0152208,0.0190329,0.00441412,0.00275121
0.010944,0.00710918,0.00338613,0.00869609,0.00148881,0.000676664
0.0127639,0.00630234,0.00591061,0.0103336,0.00100807,0.00122141
0.00978896,0.00727756,0.00521995,0.00662766,0.000122868,0.000674466
0.0219938,0.0118541,0.008204,0.0133657,0.00425128,0.00859282
0.0285105,0.0116196,0.0158529,0.0238317,0.0063526,0.0123116
0.022793,0.00889222,0.0140996,0.0250998,0.00332895,0.00200179
0.0231723,0.00999163,0.016375,0.0237378,0.00310233,0.00182745
0.00650499,0.00465622,0.00333868,0.00158545,0.000266901,-0.000462853
0.0216844,0.0128224,0.00578747,0.00826035,0.00166799,-9.62453e-05
0.00544072,0.00393339,0.00273788,0.00598381,0.000983363,3.42371e-05
0.0173208,0.0115451,0.00749482,0.0133505,0.00194024,0.00282862
0.00894523,0.00610581,0.00360686,0.00416305,0.00113406,0.0016227
0.00628908,0.0043759,0.00323831,0.000354725,0.000342332,-4.2808e-05
0.0159458,0.0109576,0.00718067,0.012035,0.00168387,0.00242187
0.00636411,0.00489015,0.00371314,0.000786226,0.000790413,0.000240392
0.00721678,0.00537579,0.00446114,0.00226497,0.00101035,0.000352914
0.00906827,0.00615045,0.00723858,0.00763958,0.00116015,0.00103336
0.0111254,0.00767825,0.00535703,0.00571255,0.000399572,0.00176483
0.0110032,0.00758825,0.00331464,0.0110331,0.00129247,0.00173247
0.00563161,0.00403579,0.00299258,0.000856443,0.000447342,0.00116323
0.017531,0.0120159,0.00546092,0.00824482,0.00119279,0.00140241
0.0173573,0.0122009,0.010097,0.00791027,0.0019432,0.00122867
0.00885531,0.00606961,0.00200183,0.00161285,5.30036e-05,-0.00146643
0.00405724,0.00297715,0.00165336,0.0013695,-0.000184502,0.00102823
0.0100905,0.0070366,0.00294946,0.00366335,0.00112932,0.00045038
0.0112343,0.00450205,0.0064858,0.00363521,4.90305e-05,0.000173544
0.0126891,0.00648804,0.00703621,0.00382149,0.000171809,0.00111714
0.0145634,0.00983303,0.00710501,0.000908563,0.000831597,0.000914707
0.0183974,0.012389,0.0108805,0.00872404,0.002579,0.00149489
0.0115159,0.00802023,0.00396232,0.00609604,0.00041294,-0.00105773
0.00544294,0.00369904,0.00265428,0.000864976,3.31058e-05,-0.000740718
0.00511549,0.00361568,0.00295233,0.00364013,-0.000949635,0.00111976
0.0112821,0.00801229,0.00344548,0.00306498,0.000628309,0.00147257
0.00848744,0.00619954,0.00257225,0.00621254,0.000869139,0.000768848
0.0107508,0.00746754,0.00307331,0.00573146,0.000367434,0.000317878
0.00521254,0.00384296,0.00198647,0.00256761,-0.00051452,0.000714206
0.0111669,0.00763654,0.00351873,0.00834847,0.00142057,0.00158002
0.0120315,0.00778581,0.00672556,0.00451441,0.000814118,-0.000182412
0.0170133,0.0111096,0.00738414,0.00671889,0.0012035,0.00217278
0.00433945,0.00295364,0.00241849,-0.00118736,-2.001e-05,0.0016103
0.011535,0.00823611,0.00443217,0.00165729,0.000542825,-8.38643e-06
0.00394521,0.00292146,0.00250351,0.00186543,0.0010921,-0.0011483
0.0234892,0.0160842,0.00804611,0.00361183,0.00102506,0.00111303
0.00782879,0.00568279,0.00350646,0.00656197,0.00049675,0.00127546
0.00654883,0.00479897,0.00272685,0.00262303,-6.84444e-05,3.60432e-05
0.0109352,0.00794776,0.0127213,0.011681,0.00201558,0.00352816
0.0133019,0.00842263,0.00936472,0.00934579,0.000585147,0.000130266
0.012324,0.00887154,0.00524669,0.00598493,0.000608293,0.000849878
0.00743451,0.00521692,0.0036016,0.00594745,0.000156308,0.000426429
0.0114792,0.00785352,0.00337088,0.0063325,0.000899212,-6.1926e-05
0.0281821,0.0123534,0.0178734,0.0125749,0.00308962,0.000864568
0.0121506,0.00889833,0.00438851,0.00529,-0.000385027,-3.43636e-05
0.0090656,0.00650572,0.00380654,0.00524405,0.00116503,0.000293551
0.006842,0.00500334,0.00303556,0.00505929,-0.000852982,0.0010301
0.0335535,0.0221154,0.0133693,0.0146411,0.00432559,0.00249074
0.0117078,0.00482498,0.00339273,0.00447167,0.000718232,0.000342395
0.0327895,0.0186848,0.0597168,0.119194,0.0350399,0.0703495
0.0190342,0.0129896,0.0176282,0.0146917,0.00343562,0.00411513
0.0168404,0.0116174,0.0101223,0.013013,0.00337927,0.00102443
0.0173629,0.0122977,0.00575791,0.0107107,0.00263522,0.00352225
0.00686742,0.00498074,0.0053624,0.00524966,0.00043132,0.00145363
0.0246226,0.0117634,0.00942649,0.00953245,0.0021485,0.00331132
0.0300095,0.0118896,0.0121969,0.00847428,0.0027369,0.00340273
0.019037,0.0113727,0.0083829,0.0073455,0.00186,0.00206725
0.0116636,0.00810297,0.00423367,0.0053521,0.000687408,0.00048759
0.0107777,0.00785825,0.00628176,0.0156832,0.00487169,0.0104759
0.00678002,0.00510427,0.00681488,0.00707149,0.000558701,0.000723288
0.00717339,0.0044918,0.00298436,0.00395933,0.00121065,0.00347568
0.00696862,0.00342207,0.00272203,0.015954,0.00754332,0.0171778
0.0293419,0.014752,0.0101958,0.0119691,0.00292044,0.00305294
0.00572791,0.00431602,0.00339987,0.00247007,-0.000117198,-0.000443984
0.00655774,0.00485299,0.00255358,-0.000785832,-0.000663049,-0.000249499
0.00442986,0.00301301,0.00296818,0.00370252,-1.58774e-05,-0.000899034
0.0145455,0.0100363,0.00780482,0.00985228,0.000793001,0.000255687
0.00770754,0.0047081,0.00383255,0.000857837,0.000582901,-0.000152488
0.0100466,0.00678421,0.00452998,0.00752952,0.000566906,0.00138868
0.0128953,0.00691984,0.00400611,0.0125576,0.00440361,0.00912738
0.0106974,0.00580935,0.00342454,0.0145695,0.00393448,0.010146
0.0136135,0.00924466,0.00715873,0.00893671,0.00210387,0.00120743
0.0118309,0.00804932,0.00467351,0.0100081,0.000966224,0.000445949
0.00648582,0.00459334,0.00314358,0.00269559,0.00118983,0.000386008
0.0089415,0.00523054,0.0079646,0.00460294,0.00130246,0.00013638
0.00966852,0.00538414,0.00835237,0.00400501,0.00127838,0.000247068
0.00609316,0.00427275,0.00236672,0.00356453,0.000265414,0.00130595
0.0154121,0.0102953,0.0218748,0.0220696,0.00453851,0.00147014
0.0148305,0.0101899,0.00721212,0.00655085,0.00163475,0.000465216
0.0176401,0.0123058,0.00924471,0.0213321,0.00468028,0.00155259
0.00640878,0.00489045,0.00293806,0.00239979,0.000566199,0.00120265
0.00450971,0.00325506,0.00160749,0.00282816,-0.000147869,-4.83761e-05
0.0131481,0.00880238,0.00539388,0.00608084,0.00213549,0.0016963
0.00640974,0.00468829,0.00238365,0.00319856,0.000559609,0.00153147
0.0120132,0.00850828,0.00361565,0.00493184,0.000899139,0.000169545
0.0117457,0.00811181,0.0047766,0.0185692,0.00623412,0.0149719
0.0147452,0.0103677,0.00589297,0.0110982,0.00163694,0.00283896
0.00694311,0.00523224,0.00368046,0.00565872,-1.30036e-05,-0.000765948
0.0202626,0.00839043,0.0106542,0.0139625,0.0029086,0.00216376
0.0192972,0.00703735,0.00782008,0.00445026,0.00125857,0.0016882
0.00651289,0.00445505,0.00250075,0.00110393,0.000755413,0.000921189
0.0171969,0.0106252,0.00593032,0.00994924,0.00124327,0.00120786
0.0229941,0.0104644,0.00739696,0.0119184,0.00189932,0.00118298
0.0171946,0.0104699,0.0050009,0.00830837,0.000627073,0.00067691
0.0155935,0.0111575,0.007123,0.00958979,0.00236482,0.00087051
0.00974131,0.00691905,0.00226703,0.00326983,0.00132226,0.00085445
0.00968829,0.00670104,0.00714611,0.006872,0.00131246,0.00176652
0.00480675,0.00366576,0.00275408,0.00633772,0.000147335,7.72169e-05
0.00416886,0.0032431,0.0028913,0.000260614,-0.000134096,0.000993101
0.00654593,0.00313369,0.00786126,0.0172348,0.00714344,0.0152798
0.00817766,0.00534272,0.0125714,0.0300277,0.00857141,0.0217607
0.0201843,0.00891759,0.00983583,0.0105816,0.00178316,0.000835962
0.00516824,0.00388991,0.00241963,0.00307232,0.00090169,9.65188e-05
0.00725906,0.00520969,0.00320878,0.00670088,0.000466607,0.00138622
0.0116193,0.00814411,0.00482729,0.00698215,0.000948646,0.00146359
0.00936491,0.00677694,0.00552541,0.00209664,0.000980227,-0.00124208
0.00926877,0.0064682,0.00422372,0.00752985,0.000612317,0.00122315
0.00479842,0.00359198,0.00191533,0.00242823,0.00100762,-0.00132311
0.0134781,0.00959018,0.00682687,0.00970879,0.000730487,0.000498602
0.00486981,0.00356876,0.00391862,0.00244898,0.00162625,0.000121715
0.0105445,0.00737474,0.00427935,0.00235444,-6.65258e-05,0.000705095
0.0110675,0.00789864,0.00569707,0.00352027,0.000594871,0.00129523
0.0160153,0.0109293,0.00589724,0.00676911,0.0010723,0.000552499
0.00507119,0.00344592,0.00328078,-0.000550006,9.97436e-05,0.0010199
0.0121595,0.00856554,0.00782215,0.0128806,0.00280844,0.00160999
0.00469337,0.00344125,0.00236565,0.0023475,0.000676569,0.000482513
0.0118744,0.00814722,0.00523813,0.00659401,0.00146375,0.00066396
0.0125924,0.00815274,0.0068896,0.00779892,0.0015485,0.00101769
0.00882691,0.00659171,0.00468318,0.00717338,0.00151245,0.00194893
0.0078729,0.00401699,0.00490445,0.000674811,0.000854768,0.000131136
0.0126062,0.0064469,0.00557051,0.00605135,0.00080239,0.000710617
0.0150555,0.0078378,0.00637111,0.00675616,0.000326414,0.00125168
0.00840089,0.00608694,0.00450816,0.00271108,0.000249748,-8.93307e-05
0.00974862,0.00459136,0.00442807,0.00453355,0.000662867,0.000208642
0.0191692,0.00762629,0.00994059,0.0115708,0.00119863,0.0013029
0.0167725,0.00761151,0.00881665,0.010006,0.000734687,0.00136803
0.0095074,0.00663111,0.00564249,0.00604965,0.0012493,0.00157566
0.0108197,0.00736014,0.00884579,0.00863231,0.00181238,0.00123213
0.012603,0.00632871,0.0058519,0.00980105,0.00233515,0.005099
0.010036,0.00639148,0.00450824,0.00516768,0.0017801,0.0051283
0.00665888,0.00484035,0.00261366,0.00378146,0.000236028,-0.000409813
0.0055172,0.00424115,0.00251228,0.000634719,0.00113295,0.00174512
0.00881971,0.00609259,0.005614,0.00533055,0.00028206,0.000352149
0.016034,0.0110974,0.00905748,0.00480179,0.00157195,0.000168501
0.00980073,0.00680462,0.00411867,0.00383599,0.000673635,-5.45249e-05
0.0148859,0.0102402,0.00807958,0.00999787,0.00225689,0.00230366
0.0138487,0.0099335,0.00458427,0.00949748,0.0016677,0.00092266
0.0201256,0.0136588,0.00652615,0.012292,0.00161914,0.000481496
0.00516427,0.00391813,0.00284488,0.00265983,-0.000140362,0.000467504
0.0287175,0.0151069,0.0115446,0.0130956,0.00200015,0.00133863
0.0362668,0.0196317,0.0134646,0.0128567,0.00183084,0.00157788
0.00800556,0.00541824,0.00323337,0.00460446,-0.000508911,0.000617875
0.00787499,0.00526379,0.00370946,0.00305103,0.000729852,-0.000286709
0.00365301,0.00295629,0.00269299,0.00292685,0.000351202,0.000989562
0.00976329,0.00693899,0.00379506,0.00742759,0.000250237,0.000543788
0.0182703,0.0106794,0.00687947,0.01009,0.00244885,0.00218816
0.022845,0.012758,0.00939588,0.0126712,0.00271547,0.000790801
0.00577042,0.00433233,0.00244209,0.00466602,0.000893128,0.00129091
0.0068831,0.00470205,0.00239385,0.00760368,0.000852242,0.000773924
0.010635,0.00738652,0.00319926,0.00556962,0.000602751,0.00103479
0.0067407,0.00463178,0.00329035,0.00486166,-0.000506686,0.000503013
0.0113519,0.00797174,0.00265835,0.0104924,0.000679624,0.00141211
0.00739109,0.00533953,0.00305018,0.00185459,0.00112967,0.000962341
0.00640052,0.00413513,0.00340561,0.00393253,0.000968582,0.000249354
0.0243148,0.0161214,0.011038,0.0140158,0.00327421,0.00154347
0.0274127,0.016113,0.0115815,0.0151063,0.00329978,0.00206772
0.0038956,0.00298014,0.00165798,0.00479547,0.00129772,0.00062316
0.00773228,0.00542307,0.00343624,0.000884653,0.000350026,0.000306935
0.011244,0.00473018,0.00968832,0.0144368,0.00231265,0.00127687
0.0111982,0.0047763,0.00960794,0.0162041,0.00249071,0.00119998
0.035537,0.0166667,0.0270417,0.039958,0.0115648,0.00597056
0.0508484,0.0245038,0.02047,0.0299693,0.00634697,0.00357852
0.00714811,0.00492888,0.00323081,0.00723413,-0.000603662,0.000484477
0.00722514,0.00544913,0.00373793,0.00288742,0.000631076,-0.000114436
0.0278263,0.0127558,0.0137424,0.014106,0.00353938,0.00204392
0.0325868,0.0141493,0.0147991,0.015234,0.00413069,0.00189552
0.00881428,0.00629139,0.00330248,0.0033425,-5.91953e-05,9.16175e-05
0.00835007,0.00612664,0.00318949,0.00530129,0.00030845,0.000910472
0.0172493,0.0122415,0.00420161,0.00662506,0.000507677,0.00107999
0.0131897,0.00927161,0.00331893,0.00680515,0.000841061,0.00188889
0.00491568,0.00324691,0.00243312,0.00297988,0.00140667,-1.66656e-05
0.00671731,0.00430579,0.00469848,0.0116382,0.00412683,0.0105775
0.0171849,0.0104509,0.00835157,0.00952722,0.002022,0.0018967
0.00864204,0.00308468,0.00380077,0.00344626,0.000378392,0.000602084
0.00646994,0.00301303,0.00374641,0.00343784,0.000745464,0.00125694
0.00771315,0.00454482,0.0046629,0.00743959,0.000690331,-0.000242785
0.0324575,0.0193328,0.0164002,0.0214223,0.00420511,0.00135696
0.023932,0.0107028,0.00994578,0.0119157,0.00233937,0.00178835
0.0151928,0.0106907,0.00562467,0.00513143,0.00109468,0.00109756
0.00973054,0.00691039,0.00305578,0.00907876,0.00276603,0.00702605
0.0175137,0.0113267,0.010402,0.00977624,0.00306813,0.00108152
0.0135248,0.00772914,0.00850127,0.00906834,0.00186787,0.000964519
0.0164941,0.0114009,0.00789497,0.00785331,0.00172788,-0.000794649
0.00459274,0.00364858,0.00219129,0.0070292,0.00114361,0.000615517
0.0101436,0.00626531,0.00536217,0.00462107,0.00150702,-7.07103e-05
0.0138726,0.00960813,0.00440427,0.00206865,0.00136282,0.000833251
0.00775772,0.0054591,0.00428971,0.00172654,0.000326667,0.00129794
0.024422,0.0134719,0.011424,0.0126045,0.00261818,0.00159029
0.00595055,0.00440242,0.00271516,0.00298889,0.000335034,0.000611346
0.00458493,0.00357745,0.00301567,-0.000488101,0.000494822,0.000432198
0.0102866,0.00728942,0.00414868,0.00521198,0.00219903,0.00142698
0.00972041,0.00675856,0.00389047,-0.00105011,0.000301951,-0.000947292
0.0133765,0.00784073,0.00560696,0.0061975,0.00148054,0.00152022
0.0141349,0.00895558,0.00678775,0.00726479,0.00232324,0.000796521
0.0122461,0.0080324,0.0143873,0.0186283,0.00420738,0.00193974
0.0054433,0.0040098,0.0068657,0.00471589,0.00129607,0.000251864
0.0066406,0.00499107,0.00196409,0.00567308,0.00143417,0.000195023
0.00585447,0.00428326,0.00274343,0.00052282,0.000736168,-6.50433e-05
0.0168071,0.00977683,0.00891814,0.0139706,0.0029153,0.000233469
0.0120046,0.0074496,0.00602386,0.00892218,0.00186792,0.000862556
0.00673214,0.00474758,0.00319572,-0.00187966,0.000775875,0.000689669
0.00468003,0.0033111,0.002053,0.0031374,0.000646032,0.000283262
0.0186158,0.00989969,0.0076723,0.009287,0.00184601,0.00121288
0.0174872,0.00895246,0.0076891,0.00902389,0.00222235,0.000427823
0.0100076,0.00616898,0.00559948,0.00618209,0.0018229,0.000875258
0.00849356,0.00594784,0.00380153,0.00487914,0.00117254,0.00104043
0.0108826,0.00769694,0.00746354,0.00660429,0.00212319,0.000233672
0.0092071,0.00648203,0.00358191,0.00391768,0.00107568,0.000679811
0.0236677,0.0159323,0.0119048,0.0103959,0.00143144,0.000383341
0.0194774,0.0131315,0.0143468,0.0249314,0.00527321,0.00104649
0.0151879,0.009419,0.00668607,0.00583092,0.000980126,0.00168142
0.0105386,0.00623633,0.00429005,0.00492651,0.000616678,0.000121104
0.0231576,0.0147987,0.0208878,0.0226226,0.0036097,0.00320081
0.0198851,0.0123577,0.00829136,0.0118254,0.00256347,0.00141089
0.0107057,0.00732372,0.0032919,0.00323238,0.000919728,0.00159971
0.00595826,0.00409277,0.00246239,0.00314041,0.000850254,0.00045245
0.00537381,0.00393014,0.00206861,0.00407815,7.52859e-05,0.000120008
0.0146412,0.00711943,0.00483821,0.00536406,0.000803494,0.000738017
0.0173697,0.0119264,0.00696718,0.00286328,0.00240054,0.000573378
0.0312099,0.0207478,0.0134619,0.0218165,0.00357889,0.00239427
0.0205424,0.0114342,0.0111381,0.0158625,0.00375552,0.00635131
0.0162746,0.0112871,0.00525727,0.00592442,0.00203264,0.00141005
0.00697989,0.00495514,0.00298553,0.0044545,-0.000378378,0.000949617
0.0226908,0.0153337,0.0102717,0.0147083,0.00130405,0.00412006
0.00469435,0.00335846,0.00278958,0.00313346,0.000501223,3.74915e-05
0.00461857,0.00311584,0.0016625,0.00380115,0.00164384,0.00225732
0.00412798,0.00312926,0.00249057,0.00399509,5.81239e-05,0.00119475
0.00565241,0.00397586,0.00401258,0.00746773,0.000441917,-0.000408042
0.0222116,0.00960351,0.0143549,0.0129596,0.0032233,0.00169161
0.0180759,0.00689641,0.00999139,0.00980089,0.00259477,0.000385306
0.010136,0.00572398,0.00668785,0.00436371,0.00172859,-0.00116778
0.0119116,0.0077582,0.00741224,0.0140306,0.0038909,0.000557284
0.0177845,0.00820667,0.00936789,0.0169461,0.00340782,0.000508776
0.0161761,0.0105701,0.00653244,0.00963873,0.0014823,0.00099961
0.0210878,0.0134828,0.013092,0.019736,0.00365785,0.00236692
0.0155983,0.00655839,0.0103204,0.0131661,0.00273695,0.00103622
0.00502329,0.00373239,0.00251499,0.00140721,0.00110866,0.00149464
0.00838716,0.00606735,0.00443185,0.00404247,0.000369315,0.00207943
0.0143172,0.010142,0.00432618,0.00769184,0.0010212,-0.000858061
0.0247281,0.0108245,0.0131515,0.0129481,0.00308541,0.00252177
0.00896857,0.00379098,0.00472804,0.00645117,0.00176998,0.00489194
0.0148129,0.00831543,0.00724426,0.00370314,0.000671277,0.000780088
0.00586524,0.00424574,0.00398567,0.00157478,0.000245736,0.000663376
0.0138866,0.00983628,0.00876407,0.00905652,0.00165343,0.000229734
0.0119217,0.0082135,0.00670091,0.00604211,0.000531131,0.00187778
0.0140035,0.00946279,0.00389207,0.00876661,0.000968635,0.00167387
0.0275465,0.0126813,0.0104671,0.010654,0.00208937,0.00187836
0.0179435,0.00994093,0.00808148,0.00995406,0.00194526,0.00158113
0.0147205,0.0101321,0.00626959,0.0112851,0.0019096,0.000300127
0.00466765,0.00356795,0.00197412,0.00266751,-8.03002e-05,-0.000225241
0.00510999,0.00370794,0.00562467,0.00501832,0.000560791,0.0005
0.0119755,0.00813632,0.004326,0.0072323,0.00123288,0.00080684
0.00434111,0.00312216,0.00394721,0.00525614,0.000773863,0.000238792
0.00406475,0.00293014,0.00211977,-0.0008863,0.00115492,-0.000379958
0.00673929,0.00495313,0.00453159,0.00705926,0.00142792,0.00183148
0.0174517,0.0112568,0.00816939,0.0065886,0.00118535,0.000967077
0.00476551,0.00332989,0.00213908,-0.000363271,-0.000174365,0.000586775
0.0148603,0.0102259,0.00523739,0.00939341,0.00073489,0.0020246
0.00514148,0.00366247,0.00691837,0.00553108,0.00189644,0.000837525
0.00767766,0.00336233,0.00457898,0.00477303,0.000951756,0.000713345
0.00768442,0.00349955,0.00458801,0.00516498,0.000474436,0.00140514
0.0304131,0.012389,0.0113389,0.0154075,0.00150689,0.000745709
0.00965938,0.0067546,0.00336296,0.00185794,0.000423021,0.00110298
0.0138945,0.00803594,0.0062844,0.00686285,-0.000299271,0.00134452
0.00548564,0.00413529,0.00261926,0.00231422,0.000941054,0.000979415
0.00829556,0.00562336,0.00751431,0.00935689,0.00263162,0.00149642
0.0121654,0.00559095,0.00773129,0.00690447,0.00211815,0.000416886
0.0157135,0.0056225,0.00973193,0.00830555,0.00254842,0.000941936
0.00487643,0.00350864,0.00250655,0.00264488,0.000817691,-0.000182293
0.0175596,0.00807005,0.00757362,0.00897119,0.000933498,0.00220365
0.0171892,0.00680692,0.0080547,0.00834352,0.000332816,0.00218407
0.0151271,0.0104015,0.00479353,0.00655627,0.00207618,0.0010048
0.0220312,0.0128933,0.0145261,0.0141419,0.00230929,0.00220785
0.0245472,0.0158291,0.00709727,0.0129491,0.00190192,0.00118022
0.0115457,0.0082456,0.00309104,0.00352233,0.00161785,0.000321113
0.00918876,0.00624177,0.00410014,0.00396655,1.20231e-05,0.00112211
0.00658668,0.00475595,0.00237348,0.00196546,0.00116666,3.02467e-05
0.0150443,0.0102846,0.00537331,0.0101182,0.00467547,0.00941555
0.00503004,0.00335245,0.00246218,-0.00169229,0.000673757,0.000235699
0.00985517,0.00686067,0.00450377,0.00931219,0.00150881,0.00122509
0.00922422,0.00494053,0.00470835,0.00423918,0.00298866,0.00759151
0.013196,0.00837293,0.00476533,0.0170465,0.00484962,0.0116724
0.0042368,0.0033217,0.00196522,0.00204836,0.000761813,-0.000749057
0.0191784,0.0117732,0.0114344,0.0109808,0.00224165,0.00174906
0.0225978,0.00846115,0.00793997,0.0115503,0.0019228,0.00117533
0.019288,0.00870656,0.00645149,0.00783902,0.000197297,0.00163269
0.00775327,0.00561081,0.00351995,0.00568618,0.000862985,0.00054488
0.0166205,0.00851348,0.00544814,0.00936917,0.00165418,0.00106093
0.0165673,0.00857743,0.00550285,0.00864901,0.00142831,0.00137493
0.00633808,0.00445202,0.00337051,0.00493181,0.000806061,-0.000169583
0.00859329,0.00621526,0.00363996,0.00191841,-0.000184089,0.000615106
0.00483596,0.00356952,0.00157755,0.00479914,0.00115052,0.00120976
0.00742173,0.00550297,0.00331013,0.002884,0.000622573,-0.0011514
0.00676287,0.00499665,0.00504772,0.00502043,-0.000416073,-0.000957901
0.0049543,0.00378312,0.00313602,0.00130796,-0.000182303,0.0007434
0.00518773,0.00377641,0.00231679,0.00171175,4.91592e-05,0.00086035
0.00887395,0.00631136,0.00544669,0.00210646,0.00100739,-0.00179572
0.00932943,0.00684571,0.00180294,0.00419063,0.00128677,0.00131936
0.0287607,0.0192947,0.00831461,0.0118774,0.00263015,0.00116354
0.00511914,0.00341017,0.00452271,0.00419458,0.000765468,0.00136043
0.0217406,0.0127532,0.00661028,0.00906774,0.00151623,0.000221162
0.0111605,0.00782577,0.00952772,0.00781315,0.00235003,0.000808412
0.0184962,0.00974456,0.0107201,0.0117296,0.0031548,0.000251121
0.0214118,0.0112772,0.0116756,0.0135504,0.00260527,0.000427437
0.0183155,0.0101715,0.00750427,0.0132174,0.00309819,0.00800985
0.0380186,0.0189719,0.0141335,0.0138363,0.0035238,0.00239701
0.00664853,0.00479112,0.00275564,0.00173707,0.000300771,0.000951596
0.0105255,0.00731229,0.00385525,0.00300652,0.000687887,0.00119922
0.0125905,0.00523994,0.0056204,0.00859376,0.00179367,0.0015241
0.0200683,0.0116909,0.0105766,0.0127308,0.00257971,0.00213641
0.0106365,0.00698141,0.00438228,0.0103534,0.00081677,0.001275
0.016069,0.0114611,0.0103112,0.0106631,0.00272041,0.000544538
0.00730331,0.00497129,0.00358818,0.00445436,0.000953192,-0.000379037
0.0353762,0.0202874,0.0140644,0.0165014,0.00397307,0.00241093
0.00768807,0.00408133,0.00429371,0.00283515,0.00132506,0.00108693
0.00734783,0.00381586,0.00410464,0.00381181,0.00145945,0.000995578
0.015314,0.00783908,0.00629058,0.00726002,0.00121699,0.00144918
0.0142242,0.00696144,0.0065317,0.00572334,0.00079536,0.00132857
0.0135408,0.00908315,0.00674361,0.00742065,0.00192233,0.000420622
0.00544651,0.003839,0.00540447,0.00353591,0.000531423,0.00131719
0.00704715,0.00422119,0.00312477,0.00270898,0.000386415,0.000911966
0.0118347,0.00543388,0.00564365,0.00340218,0.00078279,-0.000502266
0.00711014,0.00520382,0.00320118,0.00346525,0.0001545,-0.00126614
0.0124348,0.00866912,0.00380998,0.00554832,0.00142379,-0.000315059
0.00772571,0.00337833,0.00508839,0.00581873,0.00131342,0.00183212
0.0182812,0.011394,0.00959528,0.00987285,0.0022221,0.000671109
0.0136224,0.00976654,0.00614925,0.00380883,0.00143919,0.000977414
0.0298711,0.01601,0.0126389,0.0148437,0.0033623,0.000302295
0.0254527,0.0135793,0.010491,0.0152814,0.00200473,0.00112953
0.0153388,0.0107512,0.00595727,0.00407783,0.00227629,-1.14774e-05
0.018108,0.0124044,0.00901593,0.0095647,0.00152013,0.000502453
0.00498897,0.00329065,0.00228475,0.00057695,0.000133001,-0.000998677
0.00544043,0.00392442,0.0033417,0.00165483,0.000756337,0.000836594
0.00731706,0.00522033,0.00324348,0.00339732,0.000627285,-0.000931592
0.0235879,0.0146854,0.011244,0.0159953,0.00396524,0.00286729
0.0153368,0.0106425,0.0059675,0.00631305,0.00147447,0.00158113
0.0210376,0.0132534,0.0120449,0.0220412,0.00652946,0.00905623
0.0204552,0.0122717,0.00947657,0.0145889,0.00322025,0.00152036
0.0251148,0.0144407,0.0103565,0.0133628,0.00276035,0.00258103
0.00632006,0.00446086,0.00273952,0.000799307,0.00136189,0.000685499
0.00480995,0.00375415,0.00916673,0.0077705,0.00160234,1.95644e-05
0.0121547,0.00828678,0.0116173,0.00647055,0.00197757,0.000892899
0.0324322,0.0171315,0.0122074,0.0188226,0.00418187,0.00352295
0.0388982,0.0171786,0.0145188,0.0183278,0.00365757,0.00289442
0.0175699,0.012171,0.0060317,0.0138167,0.00279057,0.00533614
0.00753246,0.00527777,0.00232259,0.0108185,0.000534488,-0.000304423
0.0156457,0.0105418,0.00621437,0.0107392,0.00245922,0.00325062
0.00477403,0.00307727,0.00266017,0.00185486,-0.000169299,-3.38726e-05
0.0123791,0.00896754,0.00432547,0.00308632,0.00127483,0.000557441
0.0103757,0.00738974,0.00371998,0.0194756,0.00783992,0.0228489
0.00929583,0.00597306,0.00409965,0.00335708,-0.000157975,0.000737019
0.00459269,0.00296017,0.00170738,0.00270994,-0.00063963,0.000740295
0.00914908,0.00639479,0.00215343,0.00741233,0.00267706,0.00368367
0.014828,0.0103869,0.00463428,0.00616409,0.00196049,0.00121742
0.00827558,0.00452114,0.00398806,0.00165756,0.00133928,0.000160362
0.00866852,0.00447239,0.00424876,0.0027128,0.00137295,0.000192538
0.0184268,0.0102327,0.00803329,0.0102085,0.00412308,0.00562967
0.0223175,0.0111408,0.00837285,0.0104923,0.0024364,0.0031082
0.00655421,0.00466716,0.00516487,0.00406566,0.00106057,-8.05432e-05
0.0126393,0.00815469,0.00552442,0.00404784,0.0010958,0.000906088
0.0113566,0.00611133,0.0051043,0.00314576,0.00155385,0.00100792
0.0106185,0.00531822,0.00522091,0.00461597,-8.8548e-05,0.00116128
0.00697399,0.00426469,0.00294681,0.00434891,0.0026011,0.000386653
0.0150258,0.0100787,0.009505,0.0162187,0.00295159,0.00261079
0.00827782,0.0060204,0.00418793,0.00519597,0.000914283,0.000253449
0.00903496,0.00630202,0.00377002,0.00198444,0.00116317,0.00197149
0.00526107,0.00387613,0.00178423,0.00637771,0.000367928,0.00088761
0.00769074,0.00549954,0.00291509,0.00313131,0.000898438,-0.000134206
0.00952806,0.00665369,0.00790229,0.00918909,0.00208738,0.000727211
0.0144469,0.00974581,0.00890861,0.0146946,0.00468751,0.00111405
0.00821266,0.00603118,0.00247013,0.0019499,0.000556378,-0.00136273
0.00607984,0.00474646,0.00417962,0.003955,0.000650621,0.000615267
0.017977,0.0125715,0.00832593,0.00364614,0.00275218,0.00168412
0.00528394,0.0038418,0.00177195,0.000474461,0.000802585,-0.00125546
0.0252337,0.0129689,0.0129889,0.00991625,0.00272225,0.00171633
0.0111121,0.00549786,0.00612299,0.0115438,0.00291411,0.00189536
0.00930243,0.00658205,0.002921,0.00617203,0.000845465,0.000179308
0.00461743,0.00314076,0.00208063,0.00122093,0.00012141,0.000975145
0.0155793,0.0104867,0.00572576,0.00424686,0.00124177,0.00195232
0.00835368,0.00579036,0.00433191,0.000853373,-0.000204493,-0.000769396
0.0210149,0.0119571,0.00954162,0.0122731,0.00168201,1.69545e-05
0.0185062,0.00765551,0.00843795,0.00787362,0.00248567,0.000943158
0.0191589,0.00855123,0.0083264,0.0101107,0.00265488,0.00111459
0.015967,0.00832366,0.00544051,0.0074171,0.00157331,0.00106044
0.0131851,0.00903324,0.00375012,0.00380504,0.00125543,-0.000916
0.0179442,0.0123429,0.00692241,0.0120064,0.00140121,0.00104017
0.00987813,0.00714817,0.00360803,0.00454244,0.00132032,0.00108297
0.00749282,0.00551106,0.00435462,0.00295089,0.000348374,-0.000186519
0.00885694,0.00642576,0.00513808,0.0166727,0.00197769,0.000327961
0.00594212,0.00436131,0.00259085,0.00403407,0.00147618,0.000220215
0.00505737,0.00350271,0.00316338,0.000615518,-0.000232455,0.00135248
0.00862973,0.00470583,0.00381944,0.00716368,0.00040321,0.00126221
0.0107676,0.00520627,0.00507213,0.00658111,3.4783e-05,0.000625123
0.0120898,0.00815702,0.00372588,0.00375036,0.00101873,-0.000422478
0.0286594,0.0179475,0.0456207,0.0598647,0.011444,0.00868558
0.0133053,0.00890975,0.00745559,0.0118826,0.00305513,-0.000130979
0.00918796,0.00642573,0.00608815,0.00600786,0.00218313,-0.000341439
0.00626183,0.00441912,0.00477283,0.00609131,0.00190298,0.00220576
0.0053421,0.0041332,0.0053411,0.00842904,0.00175592,0.000742146
0.0083805,0.0058518,0.00315552,0.00363245,0.000618679,-0.000592634
0.00555817,0.00384539,0.00337887,0.00268859,0.00144642,0.00122064
0.00773835,0.00563333,0.00262164,0.00930195,0.00324287,0.00813077
0.00749684,0.00536084,0.00337921,0.00244557,0.000656233,-0.000320758
0.0049633,0.00341454,0.00367792,0.00386311,0.000767967,0.00177004
0.00547419,0.00372571,0.00227065,0.00489633,0.000741822,-0.000567164
0.0167142,0.0115883,0.00976995,0.00813072,0.00227208,0.00226849
0.0162802,0.0112069,0.00989554,0.00920951,0.00163497,0.0024401
0.0122371,0.00723227,0.00726682,0.0161132,0.0021106,0.000885671
0.0090879,0.0063517,0.00307335,0.00221337,0.0020097,0.000872048
0.0176746,0.00879008,0.0073879,0.0168395,0.00508459,0.00578689
0.0197556,0.00966365,0.00732982,0.0176987,0.00490149,0.00669393
0.0123287,0.00870984,0.00436285,0.00871704,0,0.00143799
0.00518137,0.00397158,0.00479166,0.00513381,0.000860048,0.000152574
0.0102221,0.00730649,0.00280913,0.00570693,0.00144407,0.000960986
0.00546307,0.00377935,0.00302657,0.00538534,0.000724285,0.00102161
0.0116177,0.00804909,0.00374648,0.00497522,0.000497795,0.000593538
0.00793748,0.00564035,0.00419842,0.00625672,-0.000158647,0.00122944
0.00577992,0.00404229,0.00284269,0.000139552,-0.00011462,9.57552e-05
0.0114256,0.00725941,0.00778848,0.00906831,0.00231012,-0.000394362
0.0137811,0.00990728,0.00657645,0.00860432,0.00147993,0.00100228
0.01059,0.00423898,0.00710844,0.00805576,0.00130436,0.00101906
0.0235611,0.0100986,0.0118331,0.0138754,0.00257827,0.00102628
0.0133416,0.00946973,0.00462096,0.00734461,0.00127406,0.000207983
0.00423628,0.00305565,0.00220036,0.00137058,0.000306377,-0.000388679
0.0184001,0.0119849,0.00948004,0.00618052,0.0011398,0.000741228
0.00617024,0.00442338,0.00245983,0.00262792,0.000616907,0.000877775
0.0163716,0.0113039,0.00578152,0.00770287,0.0016928,-0.000834674
0.0145728,0.00849647,0.00712311,0.00829939,0.00201338,0.000261298
0.0140836,0.00454041,0.00436423,0.00579073,0.00235984,0.000219058
0.0112772,0.0065933,0.00234727,0.00608543,0.00223599,0.000593497
0.00563548,0.00414446,0.00274748,-0.00133111,-0.00100995,-8.22136e-05
0.0117687,0.00565281,0.0062297,0.00752327,0.00161906,0.000633699
0.0131586,0.00741779,0.00720193,0.00754767,0.00164371,0.000718164
0.00513224,0.00361829,0.00223922,0.00497707,0.000316607,4.61603e-05
0.00508143,0.0038149,0.00207331,0.00176688,0.000554342,-0.000804781
0.00536996,0.00380422,0.00642891,0.0128952,0.00464755,0.0112737
0.00790952,0.00530018,0.00355407,0.00449924,0.00108642,0.00149947
0.00571155,0.00365031,0.00346839,0.00523907,0.000716097,0.00226042
0.010187,0.006765,0.0029477,0.00647236,0.00166436,-6.74868e-05
0.00685751,0.00497477,0.00387393,0.00414906,0.00109851,0.00056414
0.0066748,0.00416148,0.00298903,0.00217613,0.00100236,-0.00032277
0.0189719,0.0132487,0.00955714,0.0108065,0.00236326,0.00125146
0.012249,0.00850398,0.0046356,0.00280569,0.00139552,0.000170192
0.0149825,0.0100475,0.00586291,0.00859075,0.00268493,0.00116951
0.00736773,0.003548,0.00320888,0.0020388,0.000989114,-9.34869e-05
0.00896837,0.00625211,0.00339712,0.00864424,0.000539083,-0.001177
0.00458373,0.00317149,0.00233779,0.00482746,0.000563509,-0.000269148
0.00615484,0.00316942,0.00313987,0.00444724,0.00147002,-0.000926544
0.00718129,0.00481609,0.00233655,0.0051205,0.00205973,-0.000828059
0.0095119,0.00667032,0.0042731,0.00568247,0.000648132,0.000149332
0.0177389,0.0115403,0.0111425,0.0170633,0.00327758,0.0015452
0.00978881,0.00709071,0.00469718,0.00112905,0.00126746,-0.000672598
0.00882647,0.00456944,0.00620103,0.00511837,0.000593306,6.64671e-05
0.0299327,0.0150271,0.0149823,0.0232613,0.00665629,0.0113765
0.0275615,0.0145148,0.0133534,0.0233692,0.00609283,0.0119996
0.00482186,0.00347745,0.00160252,0.0032966,-1.09299e-05,0.00205012
0.0193912,0.0127051,0.0104432,0.0122084,0.00227136,0.00187758
0.00453889,0.00342988,0.00153668,0.00054915,3.15477e-05,8.67361e-05
0.0185592,0.00745644,0.0104044,0.0159836,0.00436976,0.00744425
0.0129075,0.00899993,0.00847403,0.00523352,0.000389509,-0.00104142
0.00851372,0.00593319,0.00418434,-0.000694856,0.000243175,-0.000734177
0.0109757,0.00684438,0.00400556,0.00396769,0.000456074,-0.000878417
0.00709405,0.00507005,0.00334242,0.00087916,-5.62026e-05,-4.04568e-05
0.0098383,0.0045107,0.00474549,0.00876596,0.00134424,0.000566629
0.00894928,0.00390426,0.0044172,0.00506467,0.000736779,-0.000439119
0.0201097,0.0096121,0.00628733,0.0103057,0.00149444,0.000273269
0.00517218,0.00406408,0.00269653,0.00471878,0.00066749,0.000324705
0.00792458,0.00542963,0.00575191,0.00657227,0.000229002,0.000898996
0.0146281,0.00992938,0.00408444,0.00720982,0.00179938,0.0018271
0.0190765,0.0131315,0.00761316,0.00847515,0.00110518,0.000566814
0.0191777,0.0114354,0.00626907,0.00969668,0.00255459,0.000330287
0.0206083,0.00876263,0.00710364,0.00798118,0.00183326,0.0010157
0.0109069,0.00549782,0.0041654,0.00600431,0.000761678,0.0003964
0.0229443,0.0107596,0.0119468,0.0124417,0.00227321,0.00174893
0.0302244,0.0108056,0.0156446,0.0164055,0.00333245,0.00231828
0.0182938,0.00850476,0.0098291,0.0113872,0.00169624,0.00148687
0.00536197,0.00387741,0.00526435,0.00388082,0.000385717,0.000448714
0.0504133,0.0231149,0.0219544,0.0317515,0.0083481,0.00903959
0.0438084,0.019835,0.0185519,0.0263523,0.00663375,0.00899051
0.0231755,0.0148863,0.0189696,0.0272834,0.00732933,0.00829623
0.00502413,0.00333963,0.0015077,0.00347717,-0.000445422,0.000704868
0.027121,0.0122287,0.0137951,0.0141408,0.00337051,0.00131575
0.00609002,0.0036619,0.00223187,0.00407761,0.00114974,0.000739213
0.00410481,0.00323676,0.00323168,-0.00140236,0.000227193,0.000132202
0.00822086,0.00577632,0.00507949,0.00184744,0.000226241,-0.000459819
0.023239,0.0157424,0.0055726,0.00710077,0.00201692,0.00112823
0.0157847,0.0106702,0.00644298,0.00984063,0.00151293,0.000412231
0.0263859,0.0134621,0.0106372,0.0202368,0.00580935,0.000594136
0.0295967,0.0140834,0.0113878,0.0216866,0.00461569,0.00235482
0.00442153,0.00327938,0.0028768,0.00246518,0.00103938,0.000643314
0.015272,0.0109477,0.00469539,0.00584477,-0.000435664,0.000389865
0.023729,0.00963708,0.00918242,0.00970705,0.00137296,0.0013766
0.026016,0.00965949,0.0103641,0.00799884,0.00206446,0.000548015
0.0115715,0.00843465,0.00345486,0.00989665,0.00164264,-0.000384148
0.00618367,0.00303655,0.00423555,0.00846955,0.000778358,0.00135756
0.00951158,0.00671585,0.0041289,0.00295178,0.000590344,0.000591604
0.00735964,0.0049902,0.00326034,0.00338431,0.000901608,-0.000325128
0.00391785,0.00293574,0.00186543,0.00439657,0.000491702,0.0013421
0.0117773,0.00823461,0.00561257,0.00290437,0.00205746,0.000467297
0.0203997,0.00836279,0.0124926,0.0210557,0.00442677,0.0041498
0.0260544,0.0105533,0.0138332,0.0167599,0.00265651,0.00284791
0.0134368,0.00604538,0.00606545,0.00725944,0.000633895,0.000741609
0.019518,0.0135611,0.00623631,0.00861469,0.00157838,0.000605156
0.00496337,0.00377394,0.00234722,0.00270077,0.000783913,-0.00018663
0.0155356,0.0108389,0.00634538,0.00613251,0.00119096,0.00151662
0.0103985,0.00708188,0.005499,0.00747798,0.000686106,0.00161585
0.028711,0.0153266,0.0141172,0.0142055,0.00262653,0.00099059
0.00604613,0.00439465,0.00278691,-0.00103656,0.000727123,0.000471466
0.0110817,0.0082561,0.00555039,0.00671485,0.000490169,0.00145048
0.0224703,0.00954627,0.00441635,0.0156839,0.00234795,0.00133198
0.0221381,0.00831469,0.00519944,0.0143338,0.00180274,0.000309496
0.01186,0.00836411,0.003491,0.00940313,0.000981711,-0.000225363
0.00432375,0.00307664,0.00212688,-0.00117224,0.000612404,0.000581028
0.00503752,0.00365139,0.0025208,0.0045591,0.000589585,0.00072092
0.0125977,0.00489992,0.00856554,0.0231238,0.00670303,0.0134994
0.0127155,0.00480519,0.00871124,0.0213901,0.00660579,0.0128312
0.0126603,0.00823774,0.00960706,0.0139815,0.00466676,0.00249545
0.0101278,0.00693465,0.00747065,0.00993656,0.00350761,0.00170096
0.0143425,0.00976168,0.00613935,0.00616317,0.000828199,-1.79174e-05
0.00478802,0.00334614,0.00189328,0.00371852,0.00111764,-0.00028444
0.0126555,0.0092224,0.00463892,0.00528088,0.000773666,0.0020095
0.0102674,0.00711037,0.00566805,0.000943144,0.00117971,0.00109367
0.00723787,0.00469333,0.0048997,0.00373699,0.00133137,0.00119218
0.00491261,0.00369326,0.00323199,0.00101905,0.000518074,0.00102696
0.0135149,0.00694906,0.00416102,0.00507426,0.00230848,0.00148587
0.0121675,0.00803814,0.00666663,0.011126,3.85195e-05,-0.000230569
0.0230279,0.0121638,0.0234851,0.0416069,0.0113902,0.0210121
0.0132311,0.00772353,0.00777076,0.00658526,0.00238017,0.00358153
0.0206018,0.0110125,0.0112822,0.0136873,0.00281804,0.00589003
0.00982723,0.00716277,0.00288435,0.00653902,0.000608141,7.61018e-05
0.01266,0.00787133,0.00876711,0.00796292,0.00301644,0.00114442
0.0101356,0.00680549,0.0057691,0.00894133,0.00247917,0.00120387
0.00448164,0.00336078,0.00308318,0.00478479,-0.000172676,0.00166249
0.00773985,0.00538054,0.00259145,0.00714655,0.000719183,0.00199016
0.00715294,0.00533762,0.00314063,0.00282605,0.000230927,-0.000614835
0.00522434,0.00353628,0.00299497,-0.000816845,0.000376024,0.00039882
0.0108402,0.00692098,0.00705735,0.00544017,0.00145172,0.000820548
0.00744716,0.00528897,0.0032781,0.00236961,0.000415971,0.000308646
0.0110359,0.007835,0.00460999,0.00347553,0.00136269,0.00221291
0.00737703,0.00511412,0.00915379,0.0116676,0.00411739,0.00218054
0.00961584,0.0067188,0.00498999,0.00387574,0.00127041,0.00107726
0.0153136,0.00851973,0.00551936,0.00631939,0.000751973,0.00157648
0.0148233,0.00952981,0.00855548,0.0192785,0.00469246,0.00295791
0.0078866,0.00420884,0.00300736,0.00222167,0.000315815,0.00128775
0.0113444,0.00751566,0.00369038,0.00716979,0.000591783,-0.000440818
0.0121666,0.00586527,0.00751,0.00521745,0.0020918,0.00152019
0.010136,0.00720971,0.00243488,0.00621678,-0.000322009,0.000309235
0.0157645,0.0107331,0.0174609,0.0217103,0.00472172,0.0033488
0.011423,0.00761475,0.00621376,0.00530092,0.000955545,0.00052597
0.0069949,0.00539292,0.00192011,-0.000753824,0.000280411,0.00119082
0.00519751,0.00353263,0.00240407,0.00501214,0.000537894,-0.000155367
0.00517804,0.00391789,0.00323204,0.00106758,0.000132456,0.00146397
0.00990608,0.00686308,0.00676785,0.00518385,0.00117057,-0.000153586
0.00875842,0.00421058,0.00408653,0.00198738,6.17647e-05,-0.000848612
0.00863826,0.00427197,0.00404952,0.00389017,0.000464654,-0.000603568
0.00959461,0.00695931,0.00430435,0.00593637,0.00235891,0.00071412
0.0126099,0.00831296,0.00508495,0.00576299,0.00235593,0.00111935
0.00876181,0.00450587,0.00460878,0.00293938,0.000459562,-0.000332464
0.0190474,0.012204,0.0103956,0.00867374,0.00132639,0.00155598
0.00906217,0.00591081,0.00461755,0.00376479,0.00182297,0.000389103
0.0100431,0.00695381,0.0051563,0.00459037,0.00166201,0.00164255
0.0084463,0.00582006,0.00623226,0.00556801,0.00264194,0.00241779
0.00979676,0.00658017,0.00426275,0.00696959,0.000572914,0.00123392
0.021413,0.00930777,0.00705961,0.0143466,0.00274968,0.0017504
0.0217046,0.00926681,0.0076387,0.0101025,0.00137251,0.00159974
0.0147834,0.0101348,0.00567618,0.00701373,0.00110027,0.000309759
0.0110432,0.00729461,0.00566748,0.00627176,0.00195541,0.000424849
0.0129421,0.00922603,0.00939929,0.0176562,0.00323573,0.00179238
0.0182672,0.0127206,0.00578997,0.0144146,0.00182283,0.00169105
0.00624306,0.00430701,0.00409545,0.00848999,0.000818637,-2.02853e-05
0.00489476,0.0034279,0.00205797,0.00431577,0.000779826,0.000963945
0.0137159,0.00906054,0.0114691,0.0124659,0.00324921,0.00260294
0.00565366,0.00433775,0.00328602,0.00379557,-0.000493245,0.000727375
0.0218954,0.0111604,0.0124092,0.010229,0.00175769,0.00191218
0.0233623,0.0111926,0.012609,0.0108776,0.00203246,0.00220098
0.00516427,0.0035357,0.00243229,0.00237904,0.00148125,0.000598387
0.0106685,0.00767093,0.00507511,0.00483557,0.000652713,0.00120391
0.00763461,0.00523909,0.0030397,-0.00225446,0.000729819,0.000686309
0.0180653,0.0114673,0.00846624,0.0125842,0.00169005,0.00186007
0.0152349,0.0103993,0.00723392,0.00986389,0.000580472,0.000286159
0.0140225,0.00947114,0.015338,0.0243901,0.00419418,0.00185729
0.0107576,0.00535192,0.00680501,0.00584324,0.00231758,0.000771878
0.00947607,0.00451218,0.00580443,0.00711845,0.00178741,0.000739761
0.0122694,0.00835149,0.0187999,0.0228458,0.0049813,0.00378459
0.0110995,0.00752091,0.0086465,0.012873,0.00189189,-0.000443528
0.0108294,0.00734199,0.00419348,0.00642783,0.000818962,0.000405017
0.0115867,0.00798556,0.00537202,0.00845098,0.00106933,0.000866123
0.00658508,0.00439816,0.00320837,0.00595606,0.00137265,0.000281014
0.0231715,0.0152667,0.0183291,0.0482039,0.0106938,0.0164642
0.00885601,0.00387806,0.0074666,0.00849868,0.00104948,0.00173798
0.0111778,0.00604429,0.00677908,0.00600794,0.000955618,0.00174989
0.0102088,0.00460101,0.00928214,0.0103326,0.00176436,0.000559439
0.0110887,0.0057309,0.00675497,0.00724255,0.00153812,0.000215016
0.00502606,0.00339091,0.00222094,0.00259413,0.000496838,2.17444e-05
0.0159569,0.0110086,0.00592133,0.00304931,0.000529561,0.000118235
0.00647119,0.00432619,0.00202422,0.00194959,0.000560546,-0.000413703
0.0101885,0.00730156,0.0193724,0.0394836,0.0124252,0.0195797
0.0122547,0.00547695,0.0113734,0.0193181,0.00538717,-0.000159395
0.0218335,0.0133203,0.0152313,0.0178188,0.00394783,0.000883832
0.0165134,0.00739578,0.0079248,0.00529596,0.000835758,0.00081077
0.0182852,0.00891488,0.00937928,0.00728533,0.00143629,0.00108844
0.0040554,0.00308235,0.00271689,0.00358333,0.000668804,-0.000403075
0.0102493,0.00732496,0.00414395,0.00126481,0.000415279,0.000325884
0.00859729,0.00596352,0.00379733,0.00442909,0.00184626,0.000594088
0.00571864,0.00419807,0.00197331,0.00154079,0.000960321,0.000245725
0.00840284,0.00591945,0.0031524,0.00460555,0.00165232,0.000733848
0.0136889,0.0093213,0.00792905,0.0140676,0.00195309,0.00292019
0.0134292,0.00931,0.00826848,0.00335522,0.000315909,0.001337
0.00428921,0.00326116,0.00328286,0.00178109,-5.4528e-05,0.00126518
0.00556807,0.00433554,0.00198797,0.00122982,0.0008379,-0.000104375
0.00608527,0.00367355,0.00305545,0.001643,0.000633754,-0.000597191
0.00525163,0.00355067,0.00313065,0.00294886,0.000496721,-7.44177e-05
0.00682381,0.00486743,0.00267289,0.00476837,0.000533015,-0.000263764
0.0045658,0.00385753,0.00156018,0.000745534,0.000800766,0.000135433
0.0147127,0.0102127,0.00610483,0.00819403,0.00264735,0.00150817
0.0141315,0.00806288,0.0106081,0.0179615,0.00357693,0.00365551
0.00823367,0.00576655,0.00357833,0.0058344,0.00122332,0.00127384
0.00408723,0.00310225,0.00237898,0.00281576,-0.000455919,9.84218e-05
0.0139953,0.009624,0.0192421,0.0195882,0.00486563,0.00482577
0.0186502,0.0128133,0.00822858,0.0058888,0.0013213,3.83336e-05
0.00845228,0.00581259,0.00396535,0.00378575,0.000406686,0.00141416
0.0127642,0.00724602,0.00527885,0.00479448,0.000747804,-0.000376941
0.0245389,0.00958457,0.0102347,0.00879485,0.00190581,-0.000198665
0.0226708,0.0101461,0.0085572,0.00761322,0.00139061,0.00101202
0.00953075,0.0068594,0.00541295,0.0077296,0.000914268,0.00122322
0.00402437,0.00305729,0.00202384,0.002272,0.00038058,-0.000453136
0.00666897,0.00479834,0.00341652,0.00304964,0.00141383,0.00106726
0.00613642,0.00427503,0.00528425,0.00628015,0.000451854,0.000637121
0.00871711,0.00611259,0.00336487,0.00324988,0.00124691,0.00174752
0.005961,0.00323439,0.00276993,0.0038403,0.000881113,0.00136145
0.00557515,0.00428869,0.00228384,-0.00133986,-3.21224e-05,-0.000485261
0.00679582,0.00488029,0.00319246,0.00861792,0.00204318,-0.00116352
0.00872825,0.00605778,0.0065781,0.0104957,0.0021805,0.00283842
0.00804,0.00565627,0.00417931,0.003084,0.00147963,0.000372551
0.0145929,0.00899046,0.00781071,0.0127029,0.0016564,0.00118261
0.00732985,0.00506827,0.0018617,0.00332657,0.000524647,-0.000459925
0.0053294,0.0035404,0.00203226,0.00321602,0.00107539,0.00129789
0.00850939,0.00600481,0.009628,0.0114918,0.00425061,0.00187125
0.0140023,0.00997026,0.00458297,0.013156,0.005123,0.00901137
0.00529264,0.0038349,0.00297238,0.0019828,9.42437e-05,5.19279e-05
0.0196823,0.0132081,0.00582198,0.00928285,0.00092302,0.000253528
0.00648038,0.00485029,0.00246393,0.00405491,0.000323374,-0.000469073
0.0228963,0.0138148,0.0129301,0.0207032,0.00480652,0.00125366
0.00963107,0.00579368,0.00339612,0.00046907,0.00101384,0.00258958
0.0137377,0.00962963,0.0075618,0.00814044,0.00311389,0.000216795
0.00994112,0.00715547,0.0040384,0.011074,0.00104761,0.000950468
0.0184735,0.0112071,0.0102666,0.0113755,0.00271759,0.000234792
0.0166434,0.0112167,0.00903282,0.00848225,0.00215796,0.00168089
0.00821176,0.00535611,0.00342383,0.00229649,0.000737222,0.00268126
0.0042831,0.0034446,0.00254919,0.00291727,0.000368221,0.0013465
0.0225944,0.0112004,0.00896936,0.0131411,0.00270283,0.000731375
0.0116765,0.008152,0.00732956,0.0106825,0.00280519,0.000971142
0.0081044,0.00590061,0.00250729,-0.000470225,0.000963483,-0.000228645
0.0160573,0.0070744,0.0062144,0.00729704,0.00244502,0.000516785
0.0172149,0.00705183,0.00608907,0.00664199,0.00253432,0.000240052
0.00937376,0.00413312,0.00776067,0.00897284,0.00127278,0.00284676
0.00912657,0.00407899,0.00743578,0.00794305,0.000788032,0.00121979
0.0139617,0.00949972,0.0048656,0.00830114,0.000612254,0.00254829
0.0108884,0.00748331,0.00507671,0.0144915,0.00333502,0.00782681
0.0145842,0.00892949,0.00979111,0.0112435,0.00223569,0.000492413
0.0123969,0.00755739,0.00573659,0.00704051,-0.000305794,6.41198e-06
0.0177759,0.0123689,0.0062441,0.00429841,0.00137386,0.000695853
0.0126991,0.00751236,0.0062356,0.00824118,0.00333786,0.00144217
0.0131529,0.00921643,0.00611029,0.00909746,0.00214901,6.32283e-05
0.0138361,0.00645465,0.00886711,0.0116091,0.00234335,0.00136306
0.0139499,0.00548454,0.00965888,0.0116254,0.00192211,0.000950406
0.00482994,0.00378829,0.00239872,0.00241969,0.000614738,0.000968883
0.00725134,0.00513153,0.00501739,0.00300411,0.000708955,-1.81022e-05
0.0047361,0.00317905,0.00250847,0.00160068,0.000427147,0.000561132
0.0112658,0.00759271,0.00761222,0.00881326,0.000299604,0.000440097
0.00732251,0.00408391,0.00255036,0.000659008,0.00157189,0.000531242
0.0160647,0.00929673,0.00703838,0.00725091,0.00304928,-0.000372249
0.0218969,0.0133641,0.0057088,0.0109835,0.00229279,-7.89285e-05
0.00724642,0.00507321,0.00673388,0.00832286,0.00200114,0.0013226
0.00548732,0.00409591,0.00545073,0.00322685,0.000960165,0.000511441
0.0129237,0.0087215,0.0092008,0.0136583,0.00260065,0.00135225
0.0137346,0.0067819,0.00603177,0.0124111,0.00129382,0.00100225
0.0127854,0.0067208,0.00611356,0.00949327,0.00109264,0.000845571
0.00880163,0.00582025,0.00499531,0.00482741,0.00126038,0.00114891
0.0127241,0.00883725,0.00543523,0.00846403,0.00201743,-0.000195856
0.0160525,0.010796,0.00509382,0.011322,0.00101449,0.000755673
0.00469689,0.00320254,0.00399445,0.00352804,0.000376362,0.000747767
0.00690203,0.00474849,0.0042186,0.00741105,0.00018679,0.00101085
0.0118197,0.00860312,0.00499034,0.00559519,0.00175492,1.78455e-05
0.00594875,0.00444878,0.00235119,0.000839096,0.000282656,0.000703726
0.00477447,0.00387993,0.00525771,0.00506496,0.00119746,0.00115188
0.0112056,0.00716678,0.00400938,0.00502526,0.00158984,0.000161322
0.00688293,0.00452021,0.0113886,0.00617904,0.00137317,0.00243038
0.00591123,0.00437252,0.00269356,-0.000659833,0.00090356,-0.000780036
0.0110303,0.0061443,0.00402228,0.00491091,0.00169716,-5.50775e-05
0.0115204,0.00609819,0.00396821,0.00467174,0.0018721,0.000176014
0.0129109,0.00931732,0.00445797,0.0083934,0.000726715,0.000346673
0.0134644,0.0094443,0.0107164,0.0129419,0.0021126,0.00225385
0.0203162,0.0101468,0.0154705,0.0137207,0.00345415,0.0026117
0.0183881,0.00869094,0.00853268,0.0107362,0.00265919,0.00136326
0.0092908,0.00688959,0.0104519,0.0112689,0.0032067,0.00103713
0.0125144,0.00852912,0.00503434,0.00567256,0.000748016,0.00151495
0.00819405,0.00572507,0.00351807,0.00437988,0.000614796,0.00104091
0.0218174,0.0116569,0.00755052,0.00564138,0.00122445,0.00121085
0.024504,0.0116799,0.00865648,0.00519827,0.00151504,0.00187277
0.0123648,0.00630708,0.00478093,0.00397959,0.000965172,0.00219913
0.0106669,0.00712687,0.00449666,0.00525596,0.00137245,0.00055312
0.0365369,0.0211006,0.0139496,0.0134893,0.00320379,0.00314042
0.0164209,0.011476,0.00655118,0.00819497,0.00105406,-0.000217217
0.0112522,0.00757187,0.00499538,0.00143088,0.00107073,0.00148548
0.0162641,0.0109862,0.00554741,0.00983935,0.00171713,0.00183507
0.0120258,0.00827473,0.00474341,0.010587,0.00124296,0.00010794
0.00895493,0.00643579,0.00307303,0.00464156,0.000751875,0.000293491
0.00808295,0.00420428,0.00406891,0.00630294,0.000305497,0.00141606
0.00829396,0.00418902,0.00431027,0.00476503,0.000659311,0.001291
0.00955797,0.00680296,0.00315565,0.00951134,0.00192609,0.000560372
0.00600074,0.00430662,0.00148055,0.000845158,0.00191101,0.00110832
0.0103769,0.00725159,0.00435568,0.00420218,0.00168728,0.000389916
0.0106807,0.00631639,0.00625108,0.00690033,0.00216095,0.00039869
0.014433,0.0103641,0.0109637,0.0111798,0.00310586,0.00190186
0.0186838,0.0114246,0.0129317,0.0140957,0.00321989,0.00117059
0.0049119,0.00363005,0.00245882,0.00445861,0.000699528,-0.000271433
0.00930829,0.00641001,0.00248527,0.00345976,0.00173002,3.35724e-06
0.0175818,0.0122288,0.00685609,0.00495338,0.00213753,0.00117024
0.00928131,0.00653652,0.00393921,0.00541098,0.00132582,-0.000124604
0.00776676,0.00581338,0.00405312,0.0118503,0.00366312,0.00716889
0.00976586,0.00691735,0.00415346,0.0087741,-0.000271009,0.00175109
0.0116603,0.00835453,0.00570231,0.00164601,0.000759868,-0.000430925
0.00765006,0.00536978,0.00364323,0.00297346,-0.000109515,0.000259868
0.0133556,0.00636065,0.010299,0.00528869,0.00140823,0.00056405
0.00740798,0.0049311,0.00317101,0.00632188,0.000895411,0.00170325
0.0122866,0.0084051,0.00949646,0.0127024,0.00186515,0.000820862
0.00684217,0.00483625,0.00354498,0.00102677,0.000204446,-0.000490044
0.00460917,0.00326624,0.00261373,0.00329432,0.000750885,-0.000319549
0.00453447,0.00340433,0.00145879,0.00580516,0.000317498,0.000702412
0.00661963,0.00476016,0.00406448,0.00598995,0.00217217,0.00063825
0.00507866,0.00356599,0.00159862,0.00240988,0.000457599,0.000622988
0.00733993,0.00535916,0.00262539,0.00231873,0.000482116,0.00126198
0.00679845,0.00468784,0.0032095,0.00794896,0.000716418,0.000121669
0.012558,0.00859393,0.00483871,0.00378419,0.000465623,0.000382014
0.00549377,0.00397813,0.0030078,0.00319891,-0.000250163,-0.000850719
0.00877254,0.00619523,0.00315523,0.00269401,0.00092479,0.000611229
0.0108858,0.00592057,0.00553386,0.00461581,0.0010496,0.00331792
0.0170011,0.0120314,0.0089617,0.0229476,0.00924983,0.016606
0.00582012,0.00381376,0.00380348,0.00587567,0.00117366,-0.0004372
0.0208611,0.0143029,0.00629365,0.0122143,0.00288703,0.000748353
0.00971721,0.00475259,0.00378974,0.00580958,0.00099688,0.00207494
0.00796583,0.00373213,0.00371893,0.00550347,0.000617684,0.000373723
0.0121996,0.00885601,0.00550624,0.00521747,0.00122826,0.000533511
0.00709482,0.00417687,0.00401251,0.000779263,9.64185e-05,3.23273e-05
0.0118084,0.0077741,0.00540932,0.00311737,0.00139209,0.000469884
0.00611998,0.0042421,0.00362442,0.00305299,0.000468349,-0.000449001
0.00485512,0.00352761,0.00221692,0.00515763,0.0012846,0.000277415
0.0140802,0.00752908,0.0107224,0.011914,0.0021049,0.00106587
0.0126242,0.00920617,0.00361671,0.00615574,0.000910262,0.000883118
0.0223525,0.00972738,0.00939479,0.00966392,0.00160923,0.00258683
0.0270645,0.0142289,0.0127686,0.0114144,0.00176066,0.00328914
0.00918388,0.00674317,0.00306337,0.0121271,0.00365887,0.00798335
0.0102214,0.00694879,0.00420737,0.00117045,0.000936566,0.000949318
0.0111937,0.00820275,0.00855426,0.00615752,0.000787026,0.000138273
0.00747286,0.00559521,0.00396352,0.00501935,0.000525962,0.000482546
0.00565697,0.00411988,0.00234119,0.000671589,0.00101832,0.000475629
0.0110658,0.00822533,0.00336634,0.00500956,0.00030134,0.00159964
0.0183614,0.0122223,0.0102253,0.0102684,0.00187599,-4.65006e-05
0.00957737,0.00551659,0.00524176,0.00293915,0.000330252,0.000164076
0.00944429,0.00548047,0.00530035,0.0041595,0.000165874,0.000266688
0.00510585,0.00390133,0.00454896,0.0040548,-4.76846e-05,0.000602568
0.0291252,0.0163633,0.0145975,0.0230718,0.0042246,0.00221718
0.0184627,0.0117108,0.00657451,0.00855244,0.00156705,0.000317271
0.0121459,0.00648597,0.00730355,0.0100572,0.00248992,0.000770848
0.00816469,0.00391325,0.00490903,0.00439446,0.000701063,0.00197193
0.0192466,0.0139043,0.0105023,0.0133595,0.00374515,0.00173549
0.00899122,0.00609015,0.00425515,-0.000269389,-0.00123468,0.000393788
0.00933775,0.0065177,0.00327474,0.00288161,0.0018767,0.00110079
0.00763409,0.00562367,0.0042885,0.004001,-0.000107499,0.000824112
0.0120707,0.00824567,0.00432472,0.00590979,0.000936903,-0.0011168
0.00476799,0.0034583,0.00312483,0.00332718,0.000704221,0.00137386
0.0097526,0.00548634,0.00660102,0.00870738,0.000595022,8.66409e-05
0.00731021,0.00541772,0.00482846,0.00512153,-0.000589194,0.00192179
0.0534712,0.030418,0.0223069,0.0504507,0.0151834,0.0331922
0.00789557,0.00609194,0.00474305,0.00674167,0.00127347,0.00136192
0.011432,0.00530632,0.00571056,0.00578291,0.000266258,0.00332062
0.0122989,0.00637476,0.00594098,0.00487063,0.000797447,0.000833561
0.0106877,0.00717304,0.00603119,0.0104359,0.00286797,0.000249811
0.0143443,0.00766611,0.00513573,0.0041779,0.00157176,0.00154324
0.0118029,0.00798098,0.00446811,0.00557699,0.00096194,0.00198695
0.00682121,0.00512494,0.00337829,0.00365922,0.000696617,0.00136587
0.0241711,0.0161527,0.0256588,0.0379606,0.00879594,0.0102573
0.00780142,0.00533592,0.00521359,0.00858316,0.00134624,0.00154415
0.00831119,0.00580247,0.00619305,0.003925,0.000307964,0.000963327
0.0131997,0.0088563,0.0108007,0.0142601,0.00175783,0.00160173
0.00882723,0.00584649,0.00873026,0.00659412,0.00201413,0.00200007
0.0093716,0.00673871,0.00898729,0.00552788,0.00153468,0.0013946
0.0120209,0.00840161,0.00705666,0.0064571,0.00179343,0.00223346
0.0060391,0.00420601,0.00270454,0.00286107,0.00153458,0.000827448
0.0123527,0.00879406,0.00607539,0.00552351,0.000876955,0.00280565
0.00491851,0.00380845,0.00256684,0.00412793,0.00105631,0.00145238
0.011938,0.00874243,0.00805957,0.0102082,0.00109972,0.000792009
0.0105137,0.0075368,0.00359156,0.00627563,0.00214687,0.000731235
0.0110421,0.00785971,0.00715509,0.0034886,0.000443449,0.000307617
0.0129956,0.00922582,0.00425111,0.00423356,0.000818947,-0.000498623
0.0141284,0.0101472,0.00565953,0.00496545,0.00149295,0.000295363
0.025423,0.0117593,0.0102686,0.0125392,0.00293303,0.0014357
0.0274035,0.0117953,0.0104666,0.0127193,0.00284881,0.00157412
0.011102,0.00534776,0.00638671,0.00688144,0.00176187,0.000213279
0.0139046,0.00666524,0.00659725,0.00902199,0.0011981,-1.94117e-05
0.00837549,0.00630087,0.00690682,0.00648783,0.000663857,0.000408713
0.00532715,0.00389084,0.0029081,0.00110022,0.000832019,0.00139524
0.016117,0.00724852,0.00798159,0.00932131,0.00170073,0.00118231
0.0101587,0.00667314,0.00663762,0.00503529,0.000324289,0.000891766
0.00529172,0.00388413,0.00564097,0.0272325,0.00835399,0.0235886
0.00764299,0.00508114,0.00384463,0.00207228,0.00104441,0.00139585
0.00530642,0.00403281,0.00530362,0.00468186,0.00155421,0.000735913
0.0137676,0.00998466,0.00490751,0.00557791,0.00220158,0.000975545
0.0169636,0.0119663,0.00719977,0.00837408,0.00206233,0.000310426
0.00604248,0.00443527,0.00250356,0.0049594,0.000895926,0.00155868
0.0125698,0.00858163,0.00438695,0.00250145,0.00110769,-0.00018553
0.0148486,0.00946175,0.00642003,0.00377589,0.00206115,0.00105209
0.0183655,0.00972856,0.00930507,0.00970883,0.00215778,0.00112763
0.0121178,0.00659704,0.00497098,0.00225812,0.000469475,-0.00101261
0.0178452,0.0121308,0.0071397,0.00439428,0.000564779,0.000736444
0.00797261,0.00524506,0.00550079,0.00576451,0.000476627,0.00104841
0.0213932,0.0130387,0.00891247,0.0130379,0.00162681,-0.000251777
0.00948698,0.00636162,0.00342757,0.000862711,0.00112917,-5.47613e-05
0.0124299,0.00876893,0.00397577,0.00600752,0.00127531,0.00100983
0.00870577,0.00592292,0.00357904,0.00722957,0.00256213,0.000489083
0.0106652,0.00751135,0.00990695,0.0181558,0.00274558,0.000231219
0.012448,0.00688191,0.00750605,0.00707316,0.00054059,0.00138574
0.0217318,0.00833496,0.0104454,0.00330257,0.00271642,0.000601134
0.0244905,0.00872471,0.0110322,0.00979602,0.00263883,0.000711075
0.0131998,0.00787186,0.00617722,0.00675918,0.00130687,0.00180649
0.0157064,0.00812547,0.00676524,0.0077164,0.00131315,0.00183184
0.0162634,0.00914404,0.00874775,0.00782679,0.00133423,0.000900682
0.017912,0.010065,0.00705119,0.0112286,0.00121159,0.00136464
0.00468292,0.00331014,0.00247729,0.00137283,0.00120403,0.000401315
0.0158449,0.0106077,0.00627682,0.007645,0.00125351,0.0011376
0.00552123,0.0037679,0.00256262,0.00290767,0.000625145,0.000888683
0.0133452,0.00727464,0.00549046,0.00691536,0.000810379,0.000956909
0.0127415,0.00729968,0.00530307,0.00887998,0.000639709,0.000881135
0.011077,0.00644546,0.00794763,0.00802364,0.00267216,0.000181124
0.0118969,0.00641574,0.00717802,0.00715818,0.00150167,0.000404219
0.00740175,0.00535064,0.00334878,0.00476831,4.243e-05,0.000984685
0.00538542,0.00402734,0.00339943,0.00700864,0.00036243,0.00197089
0.0135694,0.00691785,0.00485428,0.00984932,0.00141999,0.00155885
0.0198641,0.0110792,0.00806083,0.0107485,0.00168584,0.00128002
0.0310554,0.0164291,0.0115475,0.0127913,0.00278274,0.00299239
0.0136166,0.00694219,0.0061828,0.00666545,0.00138459,0.000445595
0.0154955,0.00497635,0.00646857,0.00844187,0.00190426,0.00040811
0.0145767,0.00838284,0.00465641,0.00840331,0.00167076,-0.00105764
0.00590415,0.00448477,0.00278395,0.000462256,0.000621617,0.000470053
0.00742897,0.00543436,0.00295407,0.00193903,0.000953172,-0.000116358
0.010811,0.00766839,0.0029243,0.00656293,0.000569048,-4.05831e-05
0.010411,0.00511927,0.00602875,0.00515359,0.00107683,0.001243
0.0122678,0.00614108,0.00599914,0.00223948,0.000683852,0.00217295
0.00582105,0.00322922,0.00300707,0.00483113,0.00163973,0.000900591
0.0085993,0.00594111,0.00225262,0.00216779,0.000745711,0.000257943
0.0109708,0.00797485,0.00445902,0.00818417,0.00189585,-0.000909859
0.00446953,0.00328423,0.00304064,0.0032203,0.000463413,-0.000742151
0.00640187,0.00449709,0.00711845,0.00932758,0.00165826,0.000905411
0.0259798,0.016808,0.0275854,0.036235,0.00811045,0.00914075
0.00554915,0.00394497,0.00247938,0.00375535,0.000679389,-0.000312539
0.00815557,0.00510642,0.00501749,0.000336921,0.00068566,0.000531129
0.00716545,0.00530744,0.00284854,0.00506526,0.00103451,-0.000180281
0.0139355,0.00979184,0.00544412,0.0160192,0.00201355,0.00146518
0.0051798,0.00365002,0.00346084,-0.0010283,-2.68606e-05,0.00179369
0.00799344,0.00562545,0.00718541,0.00333095,0.000347294,0.000773974
0.0120609,0.00886622,0.00501631,0.0060665,0.00165341,-0.000100479
0.00781906,0.00311747,0.00381171,0.00345256,0.00165327,0.00123507
0.00923659,0.00434214,0.00416476,0.00759602,0.000766998,0.00168127
0.0103772,0.00725297,0.00564515,0.00329376,0.000666867,0.000373842
0.0155625,0.00704531,0.00946114,0.00749474,0.00169614,0.000936015
0.0069848,0.00520073,0.0038361,0.00382753,-1.11411e-05,-0.00041657
0.00597846,0.0045927,0.00409699,0.00101544,0.0012637,-0.000688824
0.00829717,0.00446021,0.00507664,0.00607065,0.000465747,0.00133041
0.00875888,0.00434611,0.00513131,0.00655992,0.00111743,0.000263083
0.00518345,0.00334921,0.00280209,0.00201183,0.000401813,0.00157801
0.00888527,0.00309743,0.00513875,0.00443405,0.00141914,0.000846373
0.00945012,0.00397409,0.00480374,0.00534105,0.000771772,0.000925984
0.0083186,0.00602613,0.00407674,0.00463219,0.000576594,-0.000557918
0.00525025,0.00361795,0.0025454,0.00388114,0.000605989,0.000385536
0.00769625,0.0053136,0.00421214,0.00334679,0.0011801,0.00125326
0.00651447,0.00477375,0.00327356,0.00256249,0.000993205,0.000313692
0.00599964,0.00417582,0.00208827,0.0019653,0.00101416,0.00228707
0.018831,0.00790472,0.0111072,0.0160008,0.00295435,0.00151544
0.0177153,0.00608614,0.00851031,0.0101299,0.00161135,0.00204474
0.0226486,0.0105536,0.0086445,0.0103348,0.00167511,0.0030749
0.0159883,0.00951087,0.00560895,0.00940866,0.000378885,0.00175084
0.00633027,0.00423915,0.00477991,0.00452787,0.00125503,0.000404763
0.0123186,0.00883481,0.0090559,0.00695841,0.00184507,0.000545478
0.013619,0.00726123,0.0092885,0.010762,0.00199065,0.00212201
0.0229467,0.0144794,0.00678193,0.0141331,0.00216695,0.000641386
0.0151075,0.00946678,0.00657175,0.00545952,0.00109592,0.00157191
0.0153247,0.00858999,0.00846278,0.012411,0.00172367,0.000801234
0.0175368,0.0125521,0.00574534,0.0111986,0.00150297,0.00221286
0.0135949,0.00560704,0.00655154,0.00744136,0.00488049,0.00907026
0.013975,0.00578034,0.00649163,0.00916331,0.00425854,0.00885259
0.0102933,0.00509306,0.00294052,0.00933414,9.19835e-05,-0.000452821
0.0123792,0.00492844,0.00366566,0.00947935,0.000368814,0.000177025
0.00567012,0.00398865,0.00328637,0.00451639,0.000886972,0.000444607
0.00468365,0.00364071,0.00246571,0.00404077,-6.81625e-05,0.000751515
0.0125964,0.008493,0.00531362,0.0106088,0.000870094,5.73349e-05
0.00822555,0.00591956,0.00403147,0.00266481,0.000636236,0.000715406
0.0070385,0.00530457,0.00414572,0.00553738,0.00199998,0.00221037
0.0153662,0.0106196,0.00524309,0.0100094,0.00315699,6.20494e-05
0.00514356,0.00357339,0.00254461,0.0025306,0.000735346,0.00135298
0.00465972,0.00319441,0.00268628,0.00353678,0.00035932,0.00228543
0.0228237,0.0156239,0.00739778,0.0115472,0.00104307,-0.000631184
0.0129831,0.00880571,0.00586099,0.00334608,0.000931898,0.000794184
0.00763427,0.00541685,0.00510618,0.00652312,0.00194037,0.00134181
0.0192616,0.0128502,0.00579709,0.00654414,0.0018395,0.00120398
0.00443517,0.00329338,0.00214016,-6.16109e-05,0.00016535,0.000399355
0.0156257,0.0111432,0.00764926,0.0169399,0.00397295,0.00793751
0.0149862,0.00915815,0.00466405,0.00922205,0.0010571,0.000489584
0.00952335,0.00543792,0.00565175,0.00590834,0.000201216,0.000101864
0.0152795,0.0103759,0.00522693,0.00696764,0.00199622,0.000405695
0.0127258,0.0087014,0.00536755,0.00680635,0.000563013,0.000573042
0.00745332,0.0051909,0.0118439,0.020067,0.00312456,0.00144046
0.0139045,0.0100773,0.00582027,0.0132474,0.00165589,8.86624e-05
0.011227,0.00569637,0.00581062,0.0127491,0.00249727,0.000415764
0.0105275,0.00402721,0.00545839,0.00693827,0.000887071,-0.000826296
0.00543474,0.00391353,0.00292354,0.00468683,0.000338071,-5.66544e-05
0.0509367,0.0311615,0.0269444,0.0549446,0.0154136,0.0292023
0.0107458,0.00363939,0.00462315,0.0132005,0.00139852,0.00222295
0.0109347,0.00778059,0.00323087,0.00454592,0.00136583,-0.000312221
0.00703876,0.00485492,0.00393393,0.00511655,0.000148937,0.00068444
0.00535839,0.00341549,0.00201305,0.00376352,0.000143134,0.000247977
0.011027,0.0058331,0.00669062,0.0127829,0.001017,0.000636679
0.0102183,0.00569175,0.00676701,0.0105454,0.000695147,0.00105308
0.0100025,0.00697872,0.00342826,0.00413678,0.00082326,-0.000511825
0.023252,0.00811204,0.0120766,0.0197143,0.00610664,0.00986237
0.019251,0.0097205,0.00936213,0.0194234,0.00599356,0.0111429
0.00682633,0.00364144,0.00404062,0.00247803,0.00101215,0.00396721
0.0473942,0.0279205,0.0207823,0.0513126,0.0151944,0.0283242
0.00895602,0.00651563,0.002912,0.00680203,-8.47006e-05,-0.000316491
0.0229818,0.013628,0.0113918,0.0132531,0.00320772,0.00270585
0.021255,0.0137769,0.0108878,0.0115411,0.00210373,0.00191584
0.0132092,0.00919155,0.00550079,0.00566188,0.00127723,0.000231541
0.00557416,0.00375383,0.00233836,0.00225815,0.000264268,-6.31588e-05
0.00607136,0.0045817,0.00288396,0.00594896,-0.000473597,0.000529584
0.0122632,0.00545442,0.00450076,0.00174218,0.0010251,0.000932463
0.0143999,0.00681075,0.00585031,0.00420295,0.000866311,0.000401114
0.0104705,0.00762732,0.0054877,0.00640404,0.000988702,0.000530685
0.0111875,0.00807279,0.00483191,0.00374283,0.000226984,0.00127407
0.0240043,0.0128758,0.00840777,0.00699999,0.0018644,0.00257468
0.0238791,0.0109889,0.00896909,0.0149765,0.00334322,0.000590785
0.0198722,0.0100298,0.0067416,0.0138023,0.00188996,0.00176765
0.0103719,0.00435823,0.00688334,0.00944528,0.00140367,0.00192398
0.0118923,0.00540201,0.00774239,0.010205,0.00102042,0.000594742
0.0051841,0.00380144,0.00204329,0.00104434,0.00019892,0.000136648
0.0104504,0.00758404,0.00469248,0.00656031,0.00079376,-0.000343424
0.023412,0.013107,0.00802955,0.00878449,0.00142915,0.000914563
0.0154123,0.0107853,0.00501241,0.00417965,0.0014041,0.000626477
0.0108212,0.00764421,0.00417253,0.00868758,0.00114226,0.000714868
0.00848455,0.00621072,0.00372278,0.00305473,0.000518836,-2.31726e-05
0.0250936,0.013152,0.0154612,0.0185542,0.00270962,0.00220499
0.0178704,0.0122336,0.00994556,0.0123757,0.0018318,0.00326709
0.00463528,0.0034994,0.00266813,0.00619732,0.00106578,0.00271453
0.0110196,0.00418456,0.0153388,0.0194873,0.00405657,0.00108437
0.010858,0.00425512,0.0129664,0.0171151,0.00306915,0.000451135
0.00998293,0.0072753,0.00312302,0.00503732,6.95285e-05,0.000618239
0.0130388,0.00923692,0.00425071,0.00822471,-1.58117e-05,0.00155449
0.00619141,0.00454018,0.00183415,0.00278074,0.000118942,0.000300869
0.021229,0.00941065,0.0127619,0.00908955,0.00343926,0.00117506
0.0221988,0.00944757,0.0133859,0.0103894,0.00258489,0.00134801
0.00996091,0.00739305,0.00529465,0.0292996,0.00933472,0.0284115
0.00648412,0.00465704,0.00179427,0.00546689,0.00156901,0.00124738
0.0144156,0.00678367,0.00858724,0.0146511,0.00355625,0.0015584
0.00482164,0.00333485,0.0019286,0.000937461,0.000898339,-0.000261328
0.00644257,0.00443828,0.00336128,0.00224489,0.00131806,0.000376817
0.00434052,0.0032956,0.00212126,0.00437772,0.000916984,0.000610179
0.0157019,0.0101896,0.00422935,0.00914414,0.00144224,0.00227971
0.00911076,0.00335613,0.00477223,0.0102876,0.000861939,0.00184447
0.00818971,0.00603402,0.00304489,0.00777941,-1.68707e-05,0.000861345
0.0173505,0.00881599,0.0121658,0.0121528,0.00267756,0.00117123
0.0137694,0.00983964,0.00515816,0.00660309,0.00167748,6.45802e-05
0.0163402,0.00831629,0.00784805,0.0112948,0.00254605,0.00152097
0.015951,0.00825278,0.00755865,0.0115049,0.00174128,0.00166828
0.0159117,0.011003,0.00811354,0.00723562,0.0012366,0.00127628
0.0132764,0.00877696,0.00834734,0.0111989,0.0014501,0.000290257
0.00454383,0.00349986,0.00284578,0.00313411,0.000478605,0.000709973
0.0137851,0.00957968,0.00420634,0.0160828,0.00361569,0.00947602
0.00636679,0.0040119,0.00309142,0.00375543,0.00162524,0.00147104
0.020187,0.0104184,0.00973766,0.0167877,0.00339409,0.00107436
0.00954421,0.00438774,0.00596219,0.0101953,0.00204167,0.00103424
0.00606471,0.00340969,0.00355533,0.00276596,0.000417794,-2.05419e-05
0.00790604,0.00432516,0.00421875,0.00278373,0.000387957,0.000197647
0.00773261,0.00431208,0.00430535,0.00457709,0.00163583,0.00128458
0.0167192,0.00702623,0.0133541,0.0145697,0.00434879,0.00800875
0.0189281,0.00707848,0.0152507,0.0163052,0.00506944,0.00863472
0.0144585,0.00514365,0.0101744,0.0135578,0.00290692,0.0028365
0.00870689,0.00415226,0.00478127,0.00785447,0.000784607,0.000304659
0.00485238,0.0037467,0.00224295,0.00244328,-0.000226407,-0.000144306
0.00540595,0.00389513,0.00297974,0.000749659,0.000263058,-0.000378786
0.0164553,0.0097087,0.00881903,0.0141476,0.00407423,0.00127592
0.0146384,0.00997651,0.0089607,0.00921663,0.00335064,0.000671138
0.00856253,0.00371485,0.00567724,0.00826818,0.00302935,0.000281689
0.0192093,0.00759419,0.0141857,0.0160578,0.00564304,0.00150993
0.0218588,0.0115952,0.015268,0.0144829,0.00260278,0.00215318
0.0129322,0.00909249,0.00566804,0.0134305,0.00311349,0.000745477
0.00693277,0.00508949,0.00729491,0.011161,0.00177501,0.00092034
0.0113777,0.00791942,0.00367657,0.00554908,0.00190012,0.000262105
0.00948448,0.00670716,0.00247701,0.00296039,0.000848326,0.00223459
0.0137058,0.00967331,0.0124467,0.0155567,0.00255306,0.00113479
0.00479978,0.00318344,0.00385532,0.00548985,0.000786122,0.00190075
0.00484811,0.00310119,0.00370554,0.00432377,0.000648779,-0.000142808
0.0193913,0.0109874,0.00950042,0.0113473,0.00323329,0.000705469
0.0245342,0.0137682,0.0102746,0.0110371,0.0030815,0.000612448
0.0127025,0.00725298,0.0037893,0.00548888,0.00152528,0.000397109
0.00703499,0.004952,0.00368056,0.0117139,0.00123721,0.000899473
0.0143759,0.0099896,0.00709364,0.00778966,0.000556381,0.000449138
0.00406872,0.00310856,0.00227849,0.00419352,0.000601365,0.00193464
0.00701592,0.00490773,0.00695232,0.00960104,0.00152806,0.00147173
0.00470432,0.00319816,0.00272527,0.00262959,0.000282222,-0.000246035
0.0150705,0.0102309,0.00651617,0.00329324,0.000838746,-0.000136431
0.00904225,0.00665673,0.00531505,0.00594042,0.000965482,0.000161118
0.0143107,0.00971613,0.00577077,0.00970989,0.00107734,0.000817564
0.00442803,0.00332909,0.00243872,0.000289313,0.000615394,0.0016716
0.011612,0.00841473,0.00420896,0.00750962,0.00194667,0.000475716
0.0147775,0.01027,0.00617839,0.00850615,0.000429298,0.000900082
0.0107045,0.0075062,0.00421026,0.00260952,0.000418172,-0.000778328
0.0100752,0.00695312,0.00923421,0.015297,0.00218835,0.00217768
0.00927163,0.00654166,0.00314217,0.00280118,0.00142312,-0.000298873
0.00455171,0.0030399,0.00217661,0.000215364,0.000614305,-5.45168e-05
0.00970454,0.00658195,0.00329175,0.00550291,0.00041459,0.00118897
0.00988962,0.00553713,0.00377433,0.0081189,0.000565119,0.00176848
0.0228091,0.00834123,0.00770748,0.00912018,0.00197019,0.00318176
0.0222321,0.00844095,0.00753097,0.00875821,0.00257987,0.00175187
0.0128914,0.0082853,0.00440263,0.00274622,0.00170253,0.00182951
0.010182,0.00525839,0.00522847,0.00373307,0.000389568,7.49814e-05
0.0123115,0.0058598,0.00694564,0.00539863,0.000841303,0.000515148
0.0124011,0.00851717,0.00501247,0.00494254,8.74265e-05,0.0022007
0.0191263,0.0120226,0.00694325,0.00469693,0.00180897,0.000785408
0.0139053,0.00944488,0.00517461,0.00217823,0.00136778,0.000104503
0.00442449,0.00351602,0.00351108,0.00252562,0.000494402,0.000800149
0.0135082,0.00537656,0.00835739,0.0126939,0.00229094,0.00232297
0.0141279,0.00537833,0.00827111,0.0129351,0.00161249,0.000559895
0.0124777,0.00924032,0.00374476,0.00891175,0.000501488,0.00158986
0.00922824,0.00632062,0.00234488,0.00822895,0.00114321,0.000937792
0.00430156,0.00316705,0.00138344,0.00281427,-0.000272938,0.000184835
0.0121063,0.00826226,0.00467441,0.00311918,0.00142935,0.000584427
0.0143499,0.00764638,0.00568108,0.00879025,0.000273247,0.00104834
0.0130747,0.00751449,0.00531234,0.010779,0.0003553,0.00118055
0.00524726,0.00335719,0.00493316,0.00652116,0.00100736,0.00115602
0.00691255,0.00461415,0.00313561,0.000987991,-7.16897e-05,0.00137273
0.0146943,0.0102022,0.00495187,0.00749602,0.00176956,0.00115737
0.00877432,0.00600814,0.00393112,0.00447455,0.00132786,0.00262682
0.0115641,0.00812235,0.00364555,0.00455811,0.0010894,0.00236085
0.0162165,0.00789556,0.00772593,0.0090278,0.00319084,0.00134369
0.0156226,0.0112508,0.00887977,0.0104592,0.000955724,0.00236642
0.00531653,0.00379124,0.00214919,0.00375849,0.000263504,0.00236397
0.00473723,0.00344074,0.00225975,0.00536918,0.000632197,0.000686812
0.00887523,0.00548046,0.00391091,0.00417854,0.000952196,-0.000970106
0.0141349,0.0097442,0.00534361,0.0096762,0.00107093,-4.35181e-05
0.0161107,0.0112227,0.00573123,0.0123169,0.00215584,0.0028341
0.0100655,0.007068,0.00501567,0.00344296,0.000631861,-0.000614439
0.0120606,0.00859612,0.00374251,0.0122301,0.00498297,0.00724964
0.0106239,0.00765205,0.00236365,0.00410134,-5.47742e-05,-5.37678e-05
0.0110323,0.00531712,0.00575294,0.00420876,0.000498692,0.000777119
0.0104026,0.00523467,0.00572358,0.00286713,0.000792667,0.00106713
0.0232116,0.0154737,0.0102173,0.0188032,0.00285149,0.0010239
0.0104878,0.00482916,0.00658222,0.00834769,0.00188208,0.00093575
0.00609336,0.00417904,0.00330925,0.00403852,0.00052764,0.00159735
0.00467313,0.00334788,0.00272733,0.000979415,0.000103989,0.000238489
0.00870501,0.00616468,0.00583058,0.00914652,0.0015099,0.000550418
0.00688413,0.00476994,0.00428502,0.00274273,0.000951663,0.00161102
0.0127299,0.00920362,0.00738071,0.00527425,0.00175744,0.000494264
0.0109655,0.00797792,0.00340842,0.00133443,0.00154767,0.000897845
0.0150699,0.0101283,0.00417384,0.00653913,0.000107564,0.00138881
0.0115457,0.00721729,0.00500229,0.00515323,0.00109746,0.00204551
0.00766448,0.00463604,0.00372316,0.00450256,0.000736904,0.00101065
0.00974231,0.00616672,0.00472654,0.00634524,0.000814329,-7.18486e-05
0.0138925,0.00894446,0.00293915,0.00562512,0.00104124,-0.000172206
0.0266187,0.0147343,0.0121792,0.0140923,0.00304543,0.00267731
0.00550498,0.0041672,0.00309418,0.0185181,0.00418132,0.0117001
0.00452387,0.00348195,0.00289745,0.00346442,0.000597837,0.000840373
0.00911123,0.00654234,0.00256543,0.00667825,0.00104359,0.000177027
0.00799868,0.00536709,0.00349406,-0.001864,-0.000169691,0.00174436
0.0119087,0.00844983,0.00594369,0.00431058,0.00109785,0.00185676
0.00671759,0.0049214,0.00244306,0.000870752,0.000479398,0.000804921
0.0115666,0.00836544,0.00776549,0.00944848,0.00180157,0.00152776
0.00898406,0.00644809,0.00598322,0.00179098,0.00214627,0.00119922
0.00564999,0.00402763,0.00350165,0.00534466,-0.000117201,0.00245697
0.00965562,0.00665712,0.00434188,0.00327838,0.00156244,0.00111146
0.0124775,0.00901196,0.00524007,0.0102008,0.00176176,0.00142765
0.0132769,0.00891637,0.00503282,0.006849,0.0018677,0.00249061
0.0135629,0.00783438,0.00495396,0.00647928,0.00129884,0.000627375
0.0139384,0.00765351,0.00656505,0.00811323,0.00236348,0.000694498
0.00705474,0.00528608,0.00511618,0.00522297,0.00168261,0.000892654
0.0225351,0.0124085,0.0111174,0.0120096,0.002548,0.00200195
0.0195724,0.00970977,0.0102509,0.0151649,0.00251726,0.00118826
0.0114546,0.00844009,0.00543671,0.00534528,0.00220063,0.000106137
0.0154603,0.0106082,0.00808593,0.00707595,0.000518441,0.000780261
0.0126428,0.00905263,0.0075329,0.00861819,0.00111739,0.000318951
0.00908409,0.00621717,0.00388787,0.00227476,0.000638205,0.000798406
0.0204415,0.00815609,0.0108721,0.0123481,0.00299273,0.00296324
0.02035,0.00811866,0.0109488,0.0116906,0.00247654,0.00241501
0.013234,0.00901664,0.00545469,0.0084476,0.000914819,0.000988252
0.00555053,0.0030137,0.00887126,0.0104891,0.00224556,0.000761623
0.0116255,0.0064996,0.00483042,0.00631086,0.000747487,-0.00100646
0.0105034,0.00572024,0.00438028,0.003894,-0.000162573,-0.000272112
0.0123984,0.00882685,0.00690673,0.00726364,0.00226897,0.000737712
0.0206925,0.00908179,0.00794751,0.0105782,0.00133491,0.000999143
0.0244216,0.0106317,0.0100362,0.0182796,0.0023953,-2.1839e-05
0.0129405,0.00681041,0.00547355,0.00503271,0.00186199,0.00137062
0.0215738,0.00973891,0.00999532,0.0116312,0.00324,0.00405501
0.0257071,0.0124843,0.0121775,0.0160603,0.00373052,0.00219088
0.0130144,0.0089305,0.00447438,0.00500926,0.000895523,0.00107576
0.00934322,0.00618483,0.00286269,0.00803181,0.000291357,0.000241915
0.00572369,0.00412999,0.00273732,0.00458551,0.00106779,0.000236013
0.00431634,0.00317397,0.00221479,0.00419029,0.00037453,-0.000223031
0.0187175,0.0113651,0.00506479,0.00896883,0.00103859,0.000633456
0.0055949,0.00412627,0.00202326,0.000399001,0.000570917,-0.000184057
0.02207,0.0149673,0.00821206,0.00884497,0.00141307,0.00134553
0.0135434,0.00943429,0.00493861,0.00224177,0.000314886,0.000380718
0.0043872,0.00337339,0.00209958,0.00223124,-0.000210442,0.000396873
0.0122532,0.00853087,0.00652322,0.0101294,0.00173962,0.000435924
0.0059708,0.00431178,0.00296412,0.00563272,0.000317518,-0.000691597
0.00601738,0.00418527,0.00540974,0.00709758,0.000273563,0.00139107
0.0162174,0.0111196,0.011373,0.0124279,0.00209512,0.000601479
0.00674473,0.00433806,0.00359144,-2.8611e-05,0.00113375,-0.000772289
0.00667963,0.00459442,0.00327429,0.00518776,0.000810464,0.00135404
0.00760752,0.00582043,0.0062446,0.00773034,0.00129717,0.00202429
0.00865207,0.0060574,0.0027876,0.0084038,0.00175101,0.00109347
0.00671365,0.00459267,0.00338295,0.00368162,0.000810986,0.00064142
0.0249361,0.0122042,0.014332,0.0147954,0.0018401,0.00178928
0.00670622,0.00488428,0.00328753,0.00486839,0.00206709,0.000928726
0.00537417,0.00384395,0.00283432,0.00297138,3.89049e-05,0.000981587
0.0196323,0.0129366,0.0095769,0.015115,0.00199618,0.00185106
0.00813866,0.00330699,0.00350397,0.00625348,0.000781116,0.00146316
0.0126482,0.00909469,0.00596139,0.00820315,0.00178887,0.00304487
0.0072288,0.00479198,0.00372205,0.00703487,0.00451864,0.00708859
0.00789441,0.00351494,0.00383468,0.00505773,0.000796367,0.00134118
0.0089452,0.00527236,0.00396023,0.00133023,-0.000285953,0.000970553
0.0133759,0.00829873,0.00428513,0.00623771,0.00097881,0.00229426
0.0085798,0.0038232,0.00356261,0.00317657,0.00140293,0.00239293
0.00440021,0.00346434,0.00202991,0.00360037,0.000793179,0.000131731
0.0146734,0.0103108,0.00573524,0.00675739,0.00077055,0.000798908
0.00561894,0.00428678,0.00105948,0.0035677,0.00026264,-0.000301044
0.0375819,0.0160418,0.0172315,0.0117252,0.003002,0.00328279
0.032259,0.016082,0.0149444,0.0129002,0.00301385,0.00187839
0.0104284,0.00725225,0.00435182,0.00284825,0.000743725,0.00121903
0.00710033,0.00527126,0.00347189,0.00539232,0.000684723,0.00184177
0.00665413,0.00518362,0.00732537,0.018488,0.00620339,0.0120868
0.0111452,0.00514846,0.00623305,0.00204608,0.00119429,0.00151271
0.00982891,0.00503901,0.00475765,0.00304194,-0.000625184,0.00121894
0.00601431,0.00419228,0.00301321,0.00447144,-0.000256872,-0.000190444
0.00580926,0.00380502,0.00437745,0.00213966,-1.97208e-05,-1.92193e-05
0.00543548,0.00388688,0.00291716,0.0007985,0.000677566,0.000550073
0.0135587,0.0091884,0.00521507,0.00958016,0.00215475,0.000755053
0.0209081,0.014325,0.017116,0.0212504,0.00523455,0.00348212
0.0101838,0.00751065,0.00781487,0.00820163,0.00132601,0.00282364
0.00892942,0.00600466,0.00308161,0.00124523,0.00108772,-0.000320312
0.0094105,0.00634755,0.00583833,0.00424751,0.00110721,-2.55016e-05
0.0142725,0.010173,0.00520666,0.00695036,0.00146064,0.00237923
0.0167981,0.00895749,0.0065494,0.007975,0.00217713,0.00165189
0.0314685,0.0117398,0.0133285,0.0187124,0.00321198,0.00269246
0.0276854,0.011817,0.0118702,0.0186842,0.00301954,0.00228418
0.0240247,0.0141264,0.00934634,0.00946441,0.00303418,0.000678526
0.0462934,0.0258769,0.018729,0.0305341,0.00750548,0.0120324
0.0284386,0.00988906,0.0152105,0.0167386,0.00276034,0.00336005
0.00966898,0.00670691,0.00734908,0.00724776,0.00142169,0.00116999
0.00838629,0.00558133,0.00416369,0.0161766,0.00288835,0.00163121
0.00787837,0.00469874,0.00539099,0.00618368,0.000455713,0.000979267
0.00527926,0.00354702,0.00230421,0.00565965,2.66948e-05,0.00159844
0.00706316,0.00511416,0.0028803,0.0030635,0.000240517,2.28542e-05
0.0103796,0.0070618,0.00389196,0.00309766,0.000710174,0.00019205
0.0189099,0.0133099,0.00477668,0.00522829,0.00149183,-0.000982784
0.0122158,0.00850664,0.00544307,0.00730362,0.00190061,0.0025885
0.0299476,0.0206422,0.00895877,0.0133025,0.003395,0.00134847
0.00784799,0.00571986,0.0063614,0.0143281,0.00339921,0.000298241
0.00588068,0.00418243,0.00274331,0.00248485,0.000803206,0.000529074
0.00948887,0.00712473,0.0088393,0.00807215,0.00133363,0.00068099
0.0225781,0.0141598,0.00939739,0.0145163,0.00212031,0.0013006
0.0143955,0.00583109,0.00523541,0.0061789,0.00188535,0.00176781
0.0136511,0.0067317,0.00529359,0.0051246,0.000374601,0.00152399
0.01046,0.00764109,0.00458325,0.00416657,0.00127842,8.12901e-05
0.00640025,0.00415056,0.00210263,0.00257017,0.000875284,-0.000424031
0.0108505,0.00587966,0.00610034,0.00464791,0.00172285,0.000567072
0.0119484,0.00594181,0.00600049,0.0048154,0.00163757,0.000918878
0.00397076,0.0029707,0.00224131,0.00241375,0.000249387,0.00149021
0.00569614,0.00405784,0.00324146,-0.000164017,0.00033585,-0.000524261
0.0172724,0.0122559,0.012351,0.0108724,0.00200084,8.27838e-05
0.0144317,0.0105971,0.0105026,0.0093944,0.00182531,0.00153328
0.0229678,0.0146699,0.00678913,0.0093882,0.00175223,0.000585324
0.0148243,0.0076724,0.00412216,0.00515606,0.000629493,0.000190684
0.00617253,0.00440011,0.00182527,0.004307,-0.000110307,0.000429494
0.0103637,0.00677228,0.00354837,0.00366181,0.000111683,0.000230992
0.00726179,0.00513804,0.00420854,0.00491033,0.000657417,0.000723427
0.00960965,0.00649815,0.00402439,0.00518883,0.000730063,0.00300227
0.00828188,0.00563293,0.00452087,0.00441371,0.00260622,0.00531248
0.022307,0.0148784,0.0102158,0.0108217,0.00249759,0.00162582
0.00657086,0.00470876,0.00300007,0.00255759,0.000840061,0.000281457
0.00822988,0.00598581,0.00334315,0.00690565,0.00140499,0.000822538
0.00529548,0.00390457,0.00204362,0.00358128,0.00143041,0.000983306
0.0123132,0.00867284,0.00837747,0.0109774,0.00370121,0.00126783
0.00408004,0.0031454,0.00170424,0.00185175,0.00089877,0.000592786
0.0151423,0.0072137,0.0112038,0.0130758,0.00218123,0.00371134
0.0120513,0.00830815,0.00397918,0.003007,-0.000204889,0.00121821
0.0120789,0.00835608,0.00588139,0.00284805,0.000403288,-0.000389787
0.00690217,0.00461496,0.00282732,0.00513216,0.000482501,-4.85699e-05
0.0136333,0.0095179,0.00826358,0.00986759,0.000799736,0.000664512
0.0138962,0.00983349,0.00433505,0.00758086,0.000896776,0.000577538
0.0271169,0.0111252,0.0105621,0.0140126,0.00326803,0.000857859
0.00876806,0.00643859,0.0030203,0.00323256,-0.000167753,0.000929219
0.0200908,0.0140165,0.0069038,0.0113896,0.00193376,0.00201086
0.0227323,0.0154882,0.010539,0.0136968,0.00257417,0.00101468
0.0182301,0.0110635,0.00873709,0.00669383,0.00152172,0.000454325
0.00725528,0.0051423,0.0034707,0.00425314,0.00153382,0.000408309
0.00717558,0.00479925,0.00654562,0.017057,0.00845083,0.0183926
0.0151871,0.0102815,0.00449927,0.00513406,0.00173812,-0.000145306
0.00801036,0.00569912,0.00279939,0.00752868,0.000284267,0.00121109
0.00688102,0.00487096,0.00331541,0.00244026,0.000221131,-0.000473284
0.00490772,0.00360807,0.0022547,0.00600091,1.43296e-05,0.00139892
0.0130967,0.00869425,0.00582739,0.00633205,0.00112066,0.00147819
0.0147893,0.009407,0.0064341,0.00925996,0.00186282,0.00191054
0.0148707,0.0103135,0.00642684,0.0100112,0.0016237,0.000848306
0.0165113,0.0110799,0.00752534,0.0112793,0.0010253,0.00137313
0.00764057,0.00343333,0.00365158,0.00142322,0.000956853,0.00117142
0.0103262,0.00729258,0.00642001,0.00339047,0.00165898,0.00184514
0.00736402,0.00510923,0.00386767,0.00807725,0.000272697,0.00109237
0.0154644,0.00627837,0.0101583,0.0100167,0.0018393,3.27269e-05
0.0153877,0.00629692,0.00961674,0.010116,0.00181192,0.00226141
0.00698479,0.00511695,0.00265594,0.00482363,0.000432392,0.000367753
0.0105654,0.00709421,0.00208161,0.00554641,0.000511264,0.000165135
0.0257313,0.0152204,0.00835813,0.0153333,0.00265695,0.00207879
0.0102668,0.00753295,0.00483965,0.00265081,0.000194216,0.00116884
0.00879198,0.00615459,0.00501849,0.00195883,0.000124042,4.99502e-05
0.0139107,0.00777778,0.00596831,0.00633049,0.00105946,0.00134101
0.00763922,0.00525942,0.00337067,0.00578808,-0.000182284,0.00146112
0.00749865,0.00511129,0.00305366,0.00421873,0.00125328,0.00212442
0.0105634,0.00764462,0.00367847,0.0149027,0.00383689,0.00854487
0.0247315,0.0133577,0.0223329,0.0343475,0.00650004,0.00457332
0.0126511,0.00714431,0.0120257,0.0139138,0.00200169,0.00242344
0.013328,0.00925658,0.00424256,0.00700377,0.00169464,-0.000852189
0.0247668,0.0148433,0.0119314,0.0139187,0.00420348,0.000485434
0.0117276,0.00803362,0.00307636,0.00542194,0.000582252,-0.000107822
0.0099821,0.00670122,0.00362947,-0.000463878,0.000350959,-0.000434998
0.00726166,0.00495729,0.00366883,0.00203018,0.000766015,0.00173296
0.00870165,0.00641629,0.0015957,0.00808575,0.00138677,0.000988612
0.0136749,0.00758112,0.00707935,0.00700055,0.00122639,0.00283335
0.0304559,0.0140655,0.0134285,0.0139356,0.00340107,0.00348284
0.019748,0.00858977,0.0116254,0.0153198,0.00361625,0.00038561
0.010027,0.00678444,0.00706102,0.0103353,0.00157607,0.000966822
0.0088373,0.00649123,0.00371165,0.00931926,0.00242829,0.000868897
0.00868134,0.00581609,0.00480031,0.00782055,0.00197388,0.000392581
0.00461887,0.00319165,0.00285975,0.00510261,0.00143008,6.17189e-05
0.0182734,0.0084863,0.00787484,0.00910516,0.002881,0.00027228
0.0222863,0.00720277,0.00985796,0.0119089,0.00357649,0.00039913
0.0189868,0.01028,0.00957223,0.00447035,0.00175937,0.000536056
0.0295452,0.017311,0.0133408,0.0146344,0.00350262,0.00359037
0.0222248,0.0145935,0.00946742,0.00895089,0.00211646,0.00181608
0.0277809,0.0201408,0.014403,0.0150888,0.00361338,0.00155666
0.0404401,0.0244748,0.019502,0.0197409,0.00461168,0.00141217
0.0126437,0.00888764,0.00795042,0.0111176,0.00258954,0.00199099
0.016969,0.0064233,0.0101009,0.0110559,0.0016738,0.00196676
0.0206911,0.0142447,0.00819121,0.0138357,0.0010529,0.00147569
0.0118884,0.0060526,0.0131479,0.0146267,0.00329358,0.00283819
0.0111807,0.00466784,0.0103677,0.0113016,0.00128609,0.00119695
0.0190789,0.0104613,0.0100056,0.00627927,0.00184462,0.00180994
0.0110956,0.00741348,0.00392259,0.00407372,0.00065913,0.000932118
0.00526336,0.00368887,0.00215285,0.00166978,-0.000353254,0.000383464
0.0056642,0.00449412,0.00580926,0.00572297,0.000630439,0.00111032
0.0107386,0.00765315,0.00743964,0.0100855,0.00100985,0.00175438
0.00487773,0.00364468,0.00305397,0.00469036,0.00162535,5.01466e-05
0.0144751,0.0100321,0.00483951,0.00502286,0.000956978,0.00145909
0.00960561,0.00688383,0.00380967,0.00432747,-0.000363018,0.00017218
0.0052035,0.00375636,0.00245338,-0.000372092,0.000432921,0.000709128
0.0155368,0.00861207,0.00894448,0.0114732,0.00126457,0.000990593
0.0156683,0.0108604,0.0151814,0.0403218,0.013648,0.0359275
0.0089837,0.00651032,0.00792345,0.00990303,0.00186384,0.000364355
0.0061634,0.0043009,0.00284088,0.00181162,0.000980096,0.00177581
0.004737,0.00350321,0.00288598,0.00635152,0.000810673,0.000810956
0.0051815,0.00362292,0.00240203,0.00141301,9.33622e-05,0.00130319
0.0121174,0.00811953,0.00311063,0.00281181,0.000471583,0.000601085
0.00991479,0.00700824,0.00508465,0.00843388,0.00177168,0.00167791
0.0117392,0.008217,0.00496444,0.00829765,0.00137732,-0.00039898
0.0176584,0.0112995,0.00905756,0.0230068,0.00823473,0.0174246
0.0106371,0.00668019,0.00502372,0.00619063,0.00148803,0.000308566
0.0121499,0.00855916,0.0100204,0.0174354,0.0023914,0.00137376
0.00974079,0.00658593,0.00374616,0.0089148,0.00219977,0.00196206
0.00585363,0.0042119,0.00509238,0.00805509,0.0011284,0.000705585
0.0184457,0.00707956,0.0096393,0.014275,0.00283764,0.000957106
0.00596006,0.00403217,0.00322697,0.00555354,0.00105884,0.00138392
0.0108486,0.00761956,0.00491565,0.0109375,0.00137463,0.00193969
0.00874855,0.00604714,0.002506,0.0063362,0.00332025,0.00377316
0.00806801,0.00605219,0.00455593,0.00681332,0.00115814,0.000862381
0.00874003,0.00620398,0.00687628,0.00941395,0.00209386,0.00225117
0.0126527,0.00808157,0.00574524,0.00261221,0.00120478,0.00143849
0.00824324,0.00322697,0.00378666,0.00425157,-0.000110789,0.000303836
0.0108526,0.00802756,0.00391751,0.00226983,0.00153347,0.00208853
0.00974023,0.00724836,0.00397486,0.000864718,0.00114939,0.000188714
0.0204683,0.0114845,0.0111133,0.0128226,0.00283958,0.00248479
0.00483425,0.00362056,0.00261566,0.0023653,0.00113396,0.00205804
0.00463888,0.00351557,0.00149723,0.00282252,0.000395979,8.5974e-05
0.00575703,0.00421224,0.00178417,0.00203859,0.000158175,-0.000553256
0.0100819,0.00640344,0.0049759,0.00273456,0.00103193,0.00219477
0.00598907,0.00444965,0.0031202,0.00279996,0.000754228,-0.000350886
0.00926106,0.00676952,0.00509115,0.00861849,0.00162578,0.001777
0.0104775,0.00720616,0.00543316,0.00545914,0.00134063,0.000618188
0.00982486,0.00690365,0.0084716,0.0164601,0.00360994,0.00781375
0.00880756,0.00630035,0.00402959,0.0061842,0.000918214,0.000462858
0.0138217,0.0074314,0.00535664,0.00633539,0.00159888,0.000828472
0.00934669,0.00652217,0.00579783,0.00603444,0.00113801,0.000676953
0.0121997,0.00783656,0.00719215,0.00507765,0.00268066,0.00247052
0.0250315,0.0173453,0.0102092,0.0164876,0.00123503,0.00285771
0.0119572,0.0081259,0.00461156,0.00295731,0.000741133,0.000887904
0.00994132,0.00658989,0.00307497,0.00169595,0.00076005,6.94166e-05
0.0105892,0.00751301,0.00524198,0.00785592,0.00111756,0.000672638
0.0109079,0.00719889,0.00275296,0.00657141,0.00184513,-0.000362524
0.00953622,0.00656053,0.00492548,0.00830878,0.00206666,0.00126804
0.00912121,0.00413302,0.0062771,0.00428338,0.00169474,0.000760844
0.00874615,0.00410367,0.0058121,0.00371875,0.000914931,0.000294747
0.0190919,0.0131328,0.00922435,0.0121254,0.00247749,0.00193963
0.00793339,0.00568661,0.0028536,0.00339463,0.00107633,0.00131251
0.0133429,0.00928231,0.0070285,0.00353699,0.000465792,0.000866459
0.0110691,0.00725308,0.00378062,0.00383233,0.0011413,0.00134757
0.0214023,0.0114304,0.010071,0.0116362,0.00380411,0.00131176
0.0347515,0.0176218,0.0136016,0.0145394,0.00430479,0.00197545
0.00563936,0.0038553,0.00257658,-5.52927e-05,0.000460035,0.00149853
0.00562092,0.00416099,0.0028482,0.00226613,0.000997857,0.00145845
0.0101219,0.00579843,0.00405929,0.0132276,0.00559905,0.0116489
0.0236607,0.0121663,0.0216051,0.0351132,0.0100443,0.0110404
0.0222601,0.0140895,0.0283935,0.0351909,0.0072018,0.00158698
0.00522416,0.00382088,0.00369666,0.00124988,0.00104004,0.000932738
0.0040849,0.0033626,0.00247253,-0.00112625,0.000347454,0.000765761
0.00851328,0.00623172,0.00232167,0.00575813,0.000278319,0.00140585
0.00585182,0.00394878,0.00232649,0.000469563,0.000213731,0.000893473
0.0142622,0.00581879,0.00615933,0.00779271,0.00191392,0.00698633
0.0140915,0.0058017,0.00609365,0.00726715,0.00167739,0.00590362
0.0151463,0.0103766,0.00392959,0.00795186,0.00223927,0.00140222
0.00680027,0.00503226,0.00308243,0.00573364,0.00206065,-0.000411052
0.0147293,0.00702559,0.00863237,0.0115799,0.00194294,0.00227868
0.0274508,0.0114495,0.0144436,0.0173356,0.00282931,0.00130863
0.00854175,0.00620199,0.00289048,0.00359999,0.000999116,0.00256311
0.010966,0.00809917,0.0047011,0.000949356,0.000303156,0.000724445
0.011402,0.00828137,0.00424608,0.00743129,0.00133127,-6.38581e-05
0.00431896,0.00314621,0.00231525,0.00204862,0.000405374,-9.91296e-05
0.0116107,0.00802296,0.00259513,0.00566034,0.00229824,0.000980163
0.0083307,0.00575094,0.00319209,0.00400883,0.0017316,-0.000287011
0.0358754,0.0164925,0.0160958,0.0214821,0.00388563,0.00202583
0.0137629,0.00968812,0.00557131,0.00519055,0.00152014,0.000235725
0.0122301,0.00853439,0.00713996,0.00617696,0.0011726,0.00166382
0.00490016,0.00337661,0.00308312,0.00494968,-0.000556133,0.000945756
0.00860701,0.00372496,0.00441132,0.00497549,0.00126927,0.00223567
0.0117645,0.0070349,0.00464005,0.00779692,0.00141412,0.000300068
0.0205891,0.0114974,0.0103218,0.0146623,0.00251876,0.000613914
0.0119577,0.00734988,0.012219,0.0138591,0.00297302,0.00211956
0.0139128,0.0079408,0.0133658,0.018299,0.00371872,0.00266127
0.0044571,0.00322171,0.00261706,-0.00203218,0.000783078,-0.000923364
0.00658508,0.00404101,0.00463027,0.00896872,0.00155064,0.000756847
0.00656881,0.00454236,0.00284272,0.00113958,0.000184487,-0.00110756
0.0144715,0.00884394,0.00526534,0.00498736,0.00195543,0.00238927
0.0157885,0.00499526,0.00621098,0.00764349,0.00176907,0.00129042
0.0166344,0.00572903,0.0069101,0.00909325,0.00198538,0.000710531
0.0062684,0.00449815,0.00261185,0.00234131,0.000489908,-0.000625602
0.00527335,0.00361705,0.00385544,0.00209837,-0.000517678,0.000433918
0.00442096,0.00318645,0.00255523,0.00272841,0.00054379,-0.00237316
0.00827874,0.00554008,0.00393031,-0.00302977,0.000259042,0.00129505
0.00517564,0.00396819,0.00178823,0.0032438,0.000494815,0.000643601
0.0130307,0.0091492,0.00499419,0.00973311,0.00053517,0.00223217
0.01138,0.00780096,0.00370711,0.00320796,0.000782574,0.00121678
0.0100983,0.0069578,0.00298493,0.00374486,0.00222292,0.000800827
0.00986729,0.0070315,0.00228602,0.00221479,0.00189016,0.00107623
0.00484204,0.00370777,0.00212183,0.00217191,0.000841465,0.000727713
0.00993605,0.00706518,0.00597642,0.00378801,0.000373261,-0.000966384
0.0181211,0.0128261,0.00696715,0.0150094,0.00296704,0.00211466
0.00960719,0.00637089,0.0032336,0.00519277,0.000620578,0.00083158
0.0039828,0.0032317,0.00194109,0.00345311,-0.000468939,0.00053704
0.0260033,0.0105923,0.0105148,0.0100507,0.0024993,0.00245183
0.0273046,0.0106391,0.0103224,0.00959761,0.00290405,0.00135604
0.0392651,0.0226277,0.0312326,0.0321462,0.00804184,0.0115524
0.00750075,0.00525956,0.00418157,0.00335212,0.00124864,0.00144856
0.0176649,0.0103181,0.00821261,0.012715,0.00310272,0.000557503
0.0136058,0.0098908,0.0046453,0.0060617,-2.79432e-05,-0.000158837
0.0113918,0.00833144,0.00496729,0.00742616,0.000987952,0.000703353
0.0175879,0.0101473,0.00998561,0.0150023,0.00192845,0.00110114
0.015773,0.00772125,0.00797433,0.0114745,0.00172451,0.000752978
0.015181,0.0108212,0.00710341,0.0105514,0.00240222,-0.000882494
0.00824619,0.00515395,0.00366112,0.00551571,0.00141813,0.00112051
0.00964232,0.00609611,0.00257856,0.00502459,0.00144875,-0.000273603
0.0157298,0.00718863,0.00492109,0.0114516,0.00166627,0.0011227
0.0156858,0.00702915,0.00502734,0.0104736,0.00116181,0.00142616
0.00829114,0.00390911,0.00376669,0.0044537,0.00057752,0.00124423
0.00974753,0.00434192,0.00494873,0.00344709,0.00135152,0.000200234
0.0102173,0.00426992,0.00506514,0.00172356,0.00132521,-0.000343611
0.00548968,0.00397951,0.00270636,0.00459597,-0.000343847,0.000762273
0.0146968,0.00896689,0.00561661,0.00554004,0.00098326,-0.00124266
0.00559906,0.00397716,0.00286629,0.00108235,0.0012611,0.000133492
0.0177428,0.00779264,0.00784572,0.0147961,0.00249521,0.000661092
0.0265984,0.0140532,0.0102826,0.0152329,0.00278274,0.000591161
0.0196963,0.0140014,0.00771399,0.00985806,0.00159055,0.000188762
0.00898272,0.0046377,0.00581036,0.0114784,0.00141196,0.000713381
0.0076293,0.00318657,0.0048048,0.0102958,0.00108501,-0.000465351
0.029577,0.017696,0.0136182,0.0241003,0.00371812,-0.000676906
0.0275032,0.0176217,0.0127909,0.0219911,0.00395544,0.00100651
0.0218329,0.0143122,0.0112484,0.0135523,0.00336788,0.00304865
0.0173433,0.0123142,0.00789338,0.00625642,0.00205177,0.00188813
0.0193802,0.0128157,0.00641389,0.00574053,0.0021907,-0.00031121
0.0075877,0.00527075,0.00428313,0.00507934,0.00111953,0.00193057
0.0123106,0.00500471,0.00589701,0.00911942,0.00362216,0.00403625
0.0221696,0.0119712,0.0104671,0.0190836,0.00474024,0.00540629
0.00799866,0.00586428,0.00443388,0.00431296,0.00143725,0.000464222
0.029024,0.0153082,0.00980058,0.0175821,0.00410984,0.000190916
0.0170767,0.0107674,0.00833753,0.00967859,0.00274157,0.00229585
0.0214907,0.0135143,0.010611,0.00609544,0.00270308,0.00182696
0.00712069,0.00420546,0.00387101,0.00207809,0.00135172,0.000211578
0.0114157,0.00739251,0.0048859,0.00295571,7.75835e-05,-0.000817063
0.00633481,0.00434434,0.00255688,0.00200421,0.000193633,0.000168915
0.0137711,0.00877791,0.00540654,0.00565131,0.00169697,0.000663759
0.0160704,0.00951724,0.00550994,0.00604856,0.00105203,0.00163596
0.0224855,0.0116683,0.0105303,0.0126871,0.00216972,0.0030283
0.0229005,0.00916629,0.0171309,0.0244503,0.00526129,0.00708217
0.00457678,0.00349783,0.00375844,0.00300994,0.00113791,0.00102438
0.00758315,0.00568169,0.00539187,0.00522329,0.00141983,0.000921192
0.0218589,0.0148414,0.00866689,0.0102661,0.00110259,0.000215668
0.0102283,0.00676241,0.00409216,0.00738723,0.0026833,-0.00094136
0.00671376,0.00475696,0.00241309,0.0169556,0.0053955,0.0147711
0.00534356,0.00372547,0.00252909,0.00225293,0.00111832,0.00100325
0.00987136,0.00669677,0.00390243,0.0066065,0.00194713,0.000878935
0.0126072,0.0064914,0.007715,0.0153787,0.00227492,0.000904527
0.00510304,0.00345452,0.0050263,0.0080716,0.00167466,-0.000137037
0.0161362,0.0108326,0.00798038,0.00590983,0.00154187,4.99074e-05
0.0102038,0.0074082,0.00361378,0.0060338,0.000883048,0.00146739
0.00807455,0.00391277,0.00517737,0.00985198,0.00339116,0.00543467
0.00844038,0.00388441,0.00525948,0.010244,0.00340016,0.0061749
0.00613392,0.00401712,0.00276183,0.00596358,0.000162279,0.00132728
0.0122924,0.00886174,0.00871267,0.00686525,0.00226455,0.00153356
0.0155608,0.0101564,0.0102175,0.00665466,0.00155654,0.00158588
0.0101102,0.00484166,0.00446505,0.00164617,0.00131339,0.00166273
0.0135249,0.00580252,0.00636124,0.00719762,0.00139435,0.0016357
0.00773832,0.00358675,0.00449737,0.00600664,0.000719138,0.0016074
0.016888,0.0100076,0.0078857,0.0058051,0.00124653,0.000745726
0.00548891,0.00411499,0.00206205,0.0022289,0.000278154,-0.000241323
0.00657444,0.00464154,0.00315998,0.001207,0.000279701,0.00235623
0.0136767,0.009468,0.00602271,0.00679027,0.00126689,0.000220251
0.0120301,0.00847851,0.00393402,0.00594868,0.000734954,0.00104394
0.0329907,0.0181642,0.0276681,0.0385626,0.00673193,0.00249732
0.0197775,0.0124251,0.0146027,0.0243281,0.00331217,0.00221819
0.0162491,0.0108797,0.009343,0.00873863,0.00129738,0.00139974
0.0295774,0.0201598,0.0122733,0.0173031,0.00301795,0.00225854
0.00936905,0.00653906,0.00394016,0.0012548,0.000540944,0.00147896
0.0164648,0.011318,0.00720892,0.00211042,0.00177603,0.00107851
0.0175934,0.0124888,0.00688398,0.00693841,0.0014569,0.00215162
0.00842271,0.00622952,0.00278782,0.00536516,0.00180946,-0.000580466
0.00822714,0.0055421,0.00295416,0.00616561,0.000646049,0.00192227
0.00420117,0.00319446,0.00171339,0.00185731,7.43256e-05,-7.91355e-05
0.0092666,0.00686393,0.0037946,0.00908309,0.00134503,0.00173906
0.00516567,0.00394156,0.00374166,0.00362428,0.000750352,-0.000925235
0.010296,0.00750718,0.0046736,0.00438719,0.000954794,0.000661906
0.00658828,0.00426654,0.00297825,0.00385451,0.00113445,0.00110813
0.00590762,0.00427024,0.00217682,0.00150231,0.000799466,-0.00061245
0.00606526,0.00432226,0.00369726,0.00541642,0.000335866,0.000518941
0.014118,0.00969386,0.00743451,0.00913585,0.000676852,0.0033876
0.0184703,0.0113882,0.0109131,0.00870273,0.00165899,6.5956e-05
0.0149494,0.0061263,0.00873266,0.00419129,0.000990271,0.00149439
0.0148818,0.00735717,0.0085882,0.00230151,0.000544719,0.000850086
0.0106124,0.006579,0.00732956,0.00719206,0.00151868,0.00198637
0.0106112,0.0054859,0.00539496,0.00765591,0.00232217,0.000212187
0.00970827,0.00503858,0.0049255,0.00791911,0.00164676,-1.53533e-05
0.0101877,0.00687723,0.00230406,0.0104951,0.000810346,4.49588e-05
0.00691496,0.00499935,0.00822478,0.0107733,0.00269965,0.00719173
0.00710232,0.00509036,0.00336312,0.000199399,0.000594376,-0.000583363
0.0236754,0.015617,0.0103439,0.0101726,0.00351956,0.00265083
0.0141294,0.00980324,0.00686349,0.00589926,0.00181561,0.000199787
0.0145178,0.00773072,0.00710963,0.0316321,0.0124672,0.0280048
0.017758,0.00992039,0.00905705,0.011983,0.00260441,0.00194382
0.0209502,0.0131027,0.0077873,0.0109619,0.00184087,0.00115786
0.0104897,0.00558105,0.00441317,0.00568181,0.00106861,-0.000531563
0.0143669,0.00900897,0.00584916,0.00779004,0.000652903,0.00130163
0.00467925,0.00326481,0.00222923,0.000491798,0.000173443,0.00123248
0.00763199,0.00561763,0.00328097,0.00327392,0.000576461,-2.42117e-05
0.007639,0.00562698,0.00256995,0.00411426,0.00011246,0.000154969
0.0157197,0.0091239,0.00818909,0.00813607,0.000526785,0.000509462
0.0146164,0.00926267,0.00762919,0.00533387,0.000251226,0.000574141
0.00534171,0.00343487,0.00274816,0.000880774,0.000783135,0.000720944
0.0105383,0.00744556,0.00485826,0.0017012,0.0017123,0.000996
0.00973576,0.00686061,0.00746132,0.004417,-0.000472189,-0.00117057
0.014798,0.00705119,0.00542364,0.00552425,0.00188037,0.00158511
0.0134619,0.00711815,0.00525767,0.00573283,0.000719128,-0.000167465
0.00952586,0.00528595,0.00441653,0.00538877,0.00099229,-0.000333524
0.0074038,0.0042207,0.00343102,0.00432137,0.000222978,0.000453904
0.00445933,0.00316537,0.00219497,0.000411804,0.000674494,-0.000546026
0.0133504,0.00929344,0.00289389,0.00613632,0.000668741,0.000858434
0.0155955,0.0108305,0.00483212,0.00506179,0.00124076,0.00220603
0.0155587,0.0109351,0.00649688,0.00323875,0.0024162,0.00184096
0.0105394,0.00535962,0.00607503,0.00668158,7.78269e-05,0.000327738
0.0108965,0.00535777,0.00616727,0.00753378,0.000699098,0.000156114
0.00442499,0.00345694,0.00276573,0.00293174,-2.9488e-05,0.000228188
0.00693685,0.00424308,0.00387604,0.000429594,0.00135358,0.00207449
0.0259957,0.0153376,0.00973645,0.0236592,0.00627604,0.0158296
0.0241361,0.0153695,0.00930559,0.022206,0.00644838,0.0164956
0.00655296,0.00449886,0.00338124,0.000620365,0.000167892,-0.00108892
0.00890141,0.0060655,0.00645445,0.00833225,0.00207298,0.000838567
0.0134123,0.00848059,0.00629811,0.00922989,0.00173179,0.00110332
0.023993,0.0100626,0.0106983,0.0175874,0.00260459,0.00327661
0.0196017,0.00739977,0.00836606,0.0130097,0.00111857,0.00185685
0.0110921,0.00798679,0.00382621,0.00705594,0.00122516,0.00192369
0.00578746,0.00429135,0.00708549,0.00505533,0.00101723,0.000962806
0.0062502,0.00397186,0.00267816,-0.00251433,0.000242949,-0.000168302
0.00934569,0.00665988,0.00423914,0.00388214,0.00140326,0.000208177
0.0143793,0.0069523,0.00794595,0.00569322,0.00233339,-8.62618e-05
0.0308199,0.0127648,0.0108269,0.0155653,0.00343793,0.00058228
0.00633842,0.00461678,0.00313861,0.00415609,0.000411327,-0.000469401
0.0122053,0.00804488,0.00537178,0.00597743,0.000398645,0.00157515
0.00720116,0.00453365,0.00944747,0.0105117,0.00163798,0.00141242
0.0166051,0.0115983,0.00618018,0.00699234,0.00130504,0.000494929
0.0183879,0.0126853,0.00618767,0.00684269,0.0012948,0.000777025
0.00612075,0.00405781,0.00234608,0.00353939,0.00134315,0.00126436
0.0048133,0.00342,0.00189645,-0.00157894,0.000516753,-0.000461649
0.00872287,0.00629279,0.00348242,0.00308261,0.000852457,0.00162544
0.00813621,0.00602694,0.00257751,0.00514552,0.00151592,0.00100068
0.00814608,0.00351723,0.00426139,0.00452022,0.000996461,0.0013079
0.00852088,0.00335034,0.00428033,0.00517175,0.000797153,0.00141632
0.00603525,0.00452201,0.00286755,8.52207e-05,-0.000114044,0.000558196
0.00703507,0.0049066,0.00358266,0.00179801,0.000236329,0.000313779
0.00609045,0.00442706,0.00469456,0.004941,0.000999598,0.00112415
0.0120151,0.00816556,0.0080853,0.0114027,0.00180991,0.00254559
0.0130742,0.00905507,0.00729773,0.00979079,0.00138352,0.00034042
0.00422622,0.00308115,0.00312874,0.00192851,1.70833e-05,-0.000887083
0.00816395,0.00550115,0.00254626,0.00537976,0.000566641,0.000368511
0.00659282,0.00378423,0.00311442,0.00556719,-0.000219309,0.000948951
0.0116337,0.00806675,0.00468922,0.00522743,0.000499623,-0.0012229
0.0100893,0.00680349,0.00361502,0.00455969,0.00085181,0.000662978
0.00796501,0.00558642,0.00330441,0.00286075,0.000964043,0.00123409
0.0164666,0.011682,0.0110434,0.0180392,0.00523054,0.00288998
0.0159697,0.010184,0.00818742,0.0102981,0.0016013,0.000418254
0.00816215,0.00575584,0.00464115,0.00440971,0.00136136,0.00198431
0.0211147,0.0143558,0.00831737,0.0119119,0.00232506,-0.000446038
0.00706129,0.00487066,0.00362579,0.00531028,0.000936832,0.00133376
0.00880018,0.00626584,0.00533646,0.0026048,0.000926336,0.00101335
0.0157951,0.0101583,0.00749203,0.00649211,0.00148269,0.000574858
0.0140541,0.0101992,0.00680684,0.00507826,0.00100115,0.00096612
0.0264338,0.0127852,0.00820536,0.0116594,0.00272022,0.00117207
0.0268762,0.0126696,0.00795522,0.012673,0.00233264,0.00249282
0.00771153,0.00538037,0.00793989,0.00664655,0.00276708,0.0088498
0.0042577,0.00331335,0.00252987,-0.000477638,0.000428766,9.0307e-05
0.00924679,0.00423531,0.00468089,0.00210886,0.00129953,-0.000333149
0.00893114,0.00600589,0.00358801,0.0057565,0.00107982,0.000862613
0.00442055,0.00340703,0.00182048,0.00312397,0.000106836,0.000945963
0.0164434,0.0111046,0.0104987,0.012327,0.00210758,0.00241835
0.00521735,0.00385589,0.00366586,0.00267313,0.00102402,-0.000120317
0.011961,0.00861586,0.00520683,0.0134603,0.00191475,0.00115358
0.00648104,0.00467266,0.00214261,0.019023,0.00504691,0.0130959
0.0121082,0.00803824,0.00565274,0.00433597,0.00128437,0.00144934
0.0149279,0.00963405,0.00463182,0.0023517,0.00130962,0.00113304
0.00986875,0.0066699,0.00358209,0.0184173,0.0093744,0.0200161
0.0210695,0.0135232,0.0145844,0.0237669,0.00575545,0.00879012
0.0149535,0.00501821,0.00676641,0.00925174,0.00122705,0.00138498
0.013282,0.00760639,0.00516283,0.00519109,0.000330762,0.00101541
0.00769715,0.00525028,0.00335898,0.00289138,0.000139627,0.000843685
0.0135207,0.00907712,0.00461008,0.00619148,0.00175072,0.00146043
0.0106241,0.00628637,0.00496726,0.00145624,0.00066949,-0.000254137
0.0237093,0.00974139,0.017037,0.0231233,0.0034877,0.00233874
0.0240919,0.00970119,0.0181073,0.0215873,0.00352512,0.00221542
0.01525,0.0105424,0.0101905,0.0173211,0.00221658,0.00055352
0.0135525,0.00927929,0.00479717,0.00710047,0.00110032,0.00195408
0.00553862,0.00408493,0.00311198,0.00339187,-7.26808e-05,0.000510037
0.00525471,0.00403134,0.00249257,-0.00145565,0.00125365,0.000741295
0.00670032,0.00312625,0.00400434,0.00294743,0.000618349,0.000210395
0.00438333,0.00342227,0.00289761,0.00151733,0.000926911,0.00186392
0.0146232,0.0105643,0.00534096,0.00484361,0.000939585,0.0012803
0.031223,0.0155284,0.0112016,0.0154413,0.00322169,0.00112827
0.0110026,0.00803453,0.00360738,0.00366772,0.000455106,-0.00043181
0.00813401,0.00410145,0.00341255,0.00608763,0.00130286,8.2465e-05
0.012847,0.0081066,0.00523031,0.0106565,0.00193107,0.00222897
0.0124857,0.00892267,0.00618976,0.00555539,0.000727604,8.14394e-05
0.0135973,0.00908625,0.00480031,0.00780762,0.00167354,0.000148029
0.0227127,0.00957493,0.0115769,0.00834545,0.003282,0.000425782
0.023296,0.00946794,0.0118334,0.00972032,0.00274341,-7.67504e-05
0.0205114,0.0140034,0.00945837,0.0160717,0.00210628,-9.71458e-05
0.00846789,0.00581306,0.0038812,0.00515648,0.00185271,0.000458446
0.00522881,0.00386508,0.00259309,0.00267154,0.000110405,0.000635936
0.00829299,0.00608099,0.00307652,0.00312287,0.000758946,0.00023792
0.00520527,0.00376657,0.00231067,0.002961,0.000556482,-0.000696429
0.0153237,0.00686006,0.00731541,0.00629333,0.00229588,0.00141659
0.0179226,0.00731882,0.00795453,0.00716203,0.00162423,0.000570965
0.00477254,0.00362175,0.00221314,0.00190136,-0.000345503,-0.000534897
0.0115885,0.00827371,0.0043168,0.00958761,0.00314144,0.000808437
0.00801763,0.00558252,0.00256453,0.00599195,0.000997463,0.0011066
0.00809527,0.00587677,0.00516808,0.00396057,0.00101378,0.00113197
0.0103503,0.00726314,0.00360579,0.0107776,0.00122448,7.82517e-05
0.00754717,0.00568351,0.00311915,0.00664567,0.000758809,0.000564996
0.00629684,0.00457992,0.00372411,0.00185972,0.000222664,0.000676707
0.0046153,0.00337205,0.00258057,0.00287309,0.000314522,-0.00026983
0.0105369,0.00736282,0.00386089,0.00421141,0.000260105,-0.000850421
0.00406561,0.00311186,0.00169048,-0.00128179,-0.000401129,-0.000908943
0.0360966,0.0213943,0.0244265,0.0285196,0.00591968,0.00355289
0.013302,0.00977119,0.00573,0.00554873,0.00195277,0.000320587
0.029286,0.0195377,0.0143855,0.0167559,0.00183335,0.000906421
0.018282,0.00713926,0.00946949,0.00637578,0.0016643,0.000803689
0.00581311,0.00405005,0.00307989,-0.00104099,8.07679e-05,-0.000289377
0.0134119,0.0093208,0.00379425,0.00982977,0.00104493,0.000735573
0.0205611,0.0139054,0.0117824,0.0122942,0.0034826,0.000808018
0.00427157,0.00302776,0.00286837,0.00380067,0.00117514,0.000340767
0.00669703,0.00463571,0.00195008,0.00723739,0.000394472,-0.0017046
0.0074514,0.00491891,0.00354977,0.00559584,0.000155833,0.000111495
0.00401181,0.0032105,0.00268095,0.00215295,0.000195842,0.000491251
0.0066364,0.00493934,0.00391107,0.00434255,0.000634756,-0.000364981
0.00666038,0.00416237,0.0050475,0.00567266,0.00205438,0.00155122
0.0168359,0.0102557,0.00712435,0.00684381,0.00159449,0.000817512
0.0105203,0.00476832,0.00511646,0.0039774,0.000930859,-0.000668523
0.0249136,0.0113146,0.00775424,0.00716337,0.00279448,0.00072076
0.0220577,0.00879518,0.0136309,0.0161118,0.00456782,0.00223429
0.0239066,0.00986868,0.00953364,0.0106762,0.00317498,0.00113199
0.0117867,0.00488839,0.00617242,0.00409542,0.000974719,-0.000425228
0.014258,0.00777245,0.00667165,0.00508411,0.00115527,-0.000638771
0.0211496,0.0108229,0.0092134,0.0112996,0.00194978,0.000690794
0.00860061,0.00606891,0.00379014,0.00556658,0.00123979,-0.000271692
0.00563762,0.0041766,0.00253137,0.00708495,0.00113734,0.000466249
0.00729737,0.0049892,0.00326296,0.00649165,9.31189e-05,0.00140646
0.0155264,0.0108187,0.00771296,0.00576808,0.0017078,0
0.00965562,0.0069998,0.00456319,0.00718094,0.000840053,0.00150901
0.00392264,0.00296155,0.00205157,-0.00280238,0.000213238,-2.18507e-05
0.0100993,0.00723366,0.00267712,0.00407239,0.000998273,-0.000118528
0.00705515,0.00507628,0.0034341,0.00442481,0.000983183,-0.000488253
0.00869822,0.00617898,0.00422296,0.00256737,-0.000347998,-0.000137181
0.0151641,0.0102894,0.00363953,0.00572234,0.00100076,0.00208473
0.00699158,0.00486287,0.00353169,0.000557188,0.000677233,0.000420966
0.00882228,0.00589561,0.00429771,0.00320943,0.00103507,0.000960317
0.0119854,0.00781024,0.00420006,0.00307401,0.000663061,0.000617741
0.00681879,0.00350265,0.00401211,-0.00217341,-0.000595224,-0.000643066
0.0195871,0.0132316,0.0105178,0.0190527,0.00399072,0.00192416
0.00418658,0.00298178,0.00212484,0.00301752,0.000495912,0.000258955
0.00709699,0.004952,0.00278927,-0.000191796,0.00102732,0.000464254
0.00648488,0.00459072,0.00422708,0.000216556,-5.23293e-05,-0.000397558
0.0262177,0.0141155,0.0161553,0.0175302,0.00383222,0.000409535
0.0202487,0.0098083,0.0124747,0.0117843,0.0022188,0.00059724
0.00884404,0.00498292,0.00361025,0.00748373,0.00200078,-0.00068241
0.0119752,0.00777821,0.00711816,0.00476776,0.00188798,-6.54286e-05
0.0160139,0.0108304,0.00800444,0.00438612,0.00118288,0.00157148
0.0232513,0.0124196,0.00883922,0.00885397,0.00229345,0.000697247
0.020959,0.0114477,0.00896023,0.00751984,0.00221321,0.000659315
0.0227857,0.0114976,0.00919977,0.00634198,0.00227281,0.000650993
0.00888409,0.00661554,0.0061256,0.00721197,0.000997946,0.00089511
0.00546839,0.00357322,0.0022757,0.000870707,0.000222913,-0.000750996
0.00798364,0.00556712,0.0032696,0.00919059,0.00217744,0.00430421
0.00678444,0.00497117,0.00254575,0.00157776,0.00156179,0.000391769
0.0077016,0.00553285,0.00473554,0.00370473,0.000600041,0.000172451
0.0193345,0.00787817,0.00915882,0.00671873,0.00172569,0.00159857
0.0237595,0.00745784,0.0108433,0.00654575,0.00211792,0.00217996
0.0152145,0.00726481,0.00653989,0.005536,0.00123192,0.00135387
0.0148691,0.010164,0.00755631,0.00947581,0.00238674,0.00245923
0.00745587,0.0050789,0.00374458,0.000172013,0.00171592,0.000738041
0.00471172,0.00344619,0.00235304,0.00424279,0.00148608,0.0020032
0.00995214,0.00702028,0.00581094,0.00798219,0.00116066,0.00012272
0.0045159,0.00337297,0.00207071,0.000565209,0.00133909,0.000769705
0.0187633,0.00950404,0.00914338,0.0112912,0.00316844,0.00156799
0.049269,0.0307967,0.0285833,0.0241744,0.00633298,0.0033376
0.00802714,0.00541272,0.0039512,0.000669946,0.00126976,0.00150373
0.00938174,0.00560706,0.00439749,-0.000599931,0.000780868,0.000608533
0.0095873,0.0042711,0.00509053,0.00268542,0.00136534,0.000624392
0.0154064,0.00718791,0.00593778,0.00445041,0.00163489,0.000406719
0.0162685,0.0100782,0.00674566,0.00910338,0.00220913,0.000284893
0.0112408,0.00539781,0.00782928,0.00603815,0.00141001,0.000385122
0.0113642,0.0055285,0.00781828,0.00768857,0.00173769,0.000248176
0.00735636,0.00485645,0.00398201,0.00490178,0.000296991,0.00056249
0.00627375,0.00444024,0.00233629,0.00144685,0.00107734,0.00182959
0.0111016,0.005743,0.00844398,0.00591197,0.0011526,0.00101796
0.0106825,0.00573551,0.00770367,0.0040737,0.000813026,0.00106908
0.0100623,0.00500697,0.0067881,0.00900127,0.00216786,0.00156065
0.0156563,0.00549644,0.0102567,0.00631583,0.00285152,0.00101461
0.0102769,0.00704319,0.00547701,0.00610481,0.0015375,0.001241
0.022596,0.011866,0.017118,0.0318486,0.00859712,0.0164485
0.00620634,0.00434752,0.00290659,0.0018351,0.000227364,0.000382315
0.0103232,0.00725626,0.00835388,0.013259,0.00309385,-0.00037223
0.00424098,0.00320144,0.00212023,0.000392983,0.000382439,0.000783875
0.00477357,0.00353536,0.00230909,0.00348171,-0.000298354,-3.70011e-05
0.0138882,0.00995952,0.00593977,0.00416745,0.00205798,0.00153453
0.00538605,0.00383684,0.00217559,-0.000473298,0.000814507,-0.000106039
0.00735705,0.00500823,0.00200806,0.00489236,0.00203078,0.000323531
0.00618594,0.00459779,0.00314419,0.00291794,8.90696e-05,0.00178639
0.00903893,0.0066943,0.00395419,0.00576587,0.00186207,-8.9769e-05
0.0192843,0.0132679,0.00884199,0.007813,0.00201039,0.00128031
0.0149533,0.00981671,0.00872166,0.00322826,0.00167932,-0.00100312
0.0117118,0.00695672,0.00622935,0.00341778,0.00135527,-0.00116923
0.00793116,0.00544583,0.00477389,0.00634036,0.000987862,-0.000311808
0.00933927,0.0061824,0.00623121,0.00935594,0.0018459,0.00113305
0.0137406,0.00755261,0.00925391,0.01347,0.00212956,0.00219193
0.0175452,0.0105345,0.00480504,0.00964336,0.00181928,0.00134904
0.0431114,0.0239382,0.0146273,0.024014,0.00397749,0.00404218
0.0128382,0.00880533,0.00483461,0.00655654,0.00146155,0.000651058
0.00870232,0.00500368,0.00357949,0.00190777,0.000427778,0.000975778
0.0152594,0.00964314,0.00539687,0.00662956,0.000453014,0.00116674
0.00741593,0.00544285,0.00412261,0.00443048,0.00120449,-0.00059744
0.0279655,0.0183829,0.0142433,0.0289083,0.00487554,0.00272298
0.0119367,0.00811128,0.00506803,0.00451292,0.00164967,0.00130146
0.00873183,0.00386403,0.00593724,0.00445136,0.00139049,0.00107427
0.0113107,0.00443418,0.00802799,0.01061,0.0019884,0.0025242
0.0098701,0.00604745,0.00376639,0.00820063,0.00226866,0.00103319
0.00486116,0.00295475,0.0018202,0.0002075,0.00202583,-0.000733561
0.0152562,0.0105148,0.00703712,0.00351556,0.0013431,0.00127778
0.00652703,0.00449966,0.00302359,0.0013907,0.000123206,0.000871245
0.0150979,0.0101797,0.00424852,0.0076517,0.000526617,-0.000285141
0.00843995,0.00610517,0.0066869,0.00975577,0.00194955,-0.000471325
0.0100507,0.00694658,0.00446394,0.00602533,0.00188149,0.000899783
0.011216,0.00517193,0.0056975,0.00757243,0.00213528,0.00351685
0.00540013,0.00386242,0.00276295,0.00294906,0.000354851,0.00106132
0.00638514,0.00456119,0.00255145,0.00450098,0.000562252,0.000895554
0.00632693,0.00446533,0.00317653,0.0118133,0.00385225,0.0105327
0.00939854,0.00689487,0.00776112,0.0106993,0.00250985,0.00114295
0.0101764,0.00671242,0.00423288,0.00482021,0.00143324,0.000132292
0.00580536,0.00407332,0.00276677,0.00269946,0.000897474,0.00207469
0.0138414,0.00964216,0.0116506,0.0117954,0.00173544,-0.000432877
0.0131506,0.00908115,0.0043274,0.00698225,0.00216472,0.00125592
0.0150756,0.0101642,0.00544121,0.00194438,0.00206585,-0.000237037
0.00575082,0.00428879,0.00323907,0.00610177,0.000805437,0.0007922
0.0125072,0.0084181,0.00561614,0.002235,0.000931149,0.000541978
0.00428566,0.0035226,0.00275437,0.00441745,0.000844706,0.000430858
0.00686765,0.00443238,0.00320593,0.00205197,0.00078102,0.00148984
0.0137399,0.00980369,0.00693062,0.00402098,0.00164535,0.000854561
0.00737257,0.00526654,0.00302063,0.00184268,0.0021719,-0.000402939
0.0098777,0.00610693,0.00372941,0.00164123,0.000615203,0.00155013
0.0164739,0.00680674,0.00565566,0.00552786,0.00100404,0.0033605
0.00684639,0.00386807,0.00326095,0.00565067,0.000858244,0.00134313
0.0184747,0.0127189,0.00578109,0.00910337,0.0019854,0.000231701
0.0142102,0.00931803,0.0130931,0.012102,0.0030372,0.00160235
0.00907866,0.00641986,0.00370949,0.0108945,0.00338305,0.0118936
0.00506014,0.00387045,0.00337443,0.00243291,0.00127824,0.000452728
0.011821,0.00828786,0.00542977,0.00444756,0.00178528,0.000245836
0.0190862,0.00951462,0.00398475,0.00882314,0.00171554,-0.000241543
0.00915748,0.00618158,0.00526867,0.00962431,0.00171875,-0.00018976
0.010015,0.00672961,0.00399325,0.00276515,0.000842074,0.000312025
0.00649379,0.00482557,0.00206993,0.00507098,0.000993354,-0.000345453
0.0206999,0.0124974,0.00814873,0.00560319,0.00111661,0.0014888
0.0179475,0.00792398,0.00811245,0.00628477,0.00130859,0.0030438
0.00657676,0.00443137,0.00486069,0.00335884,0.00121124,0.000178171
0.00831354,0.00559992,0.00337824,0.000277129,0.00129071,-0.000814979
0.0101344,0.00750442,0.00521552,0.0003084,0.00187478,-0.000322684
0.0163197,0.0114394,0.00963391,0.0100215,0.00190111,0.00109803
0.0117042,0.00817311,0.00382239,0.0101362,0.00159798,0.00200801
0.0137796,0.00978979,0.00471638,0.00503827,0.00102805,0.00119069
0.0259419,0.0163603,0.0116181,0.0108962,0.00295963,0.000922451
0.0435831,0.0171161,0.0302158,0.0331625,0.00703293,0.00538709
0.0380334,0.0171782,0.0276611,0.0324888,0.00699958,0.00589625
0.0114923,0.00794797,0.00488835,0.0052231,0.000296415,0.000333397
0.00960047,0.00669349,0.00392088,0.00405423,0.00215015,0.00105213
0.00978228,0.00684738,0.00401704,0.00172488,0.00102298,0.00137495
0.00512232,0.00330159,0.00221053,0.00346647,0.000960423,0.000944269
0.0113164,0.00507082,0.00849633,0.00835492,0.00322229,0.00104878
0.028887,0.0170689,0.0176445,0.0128244,0.00373414,0.00171547
0.0140308,0.00976842,0.00914333,0.01367,0.0025841,0.00264852
0.00542256,0.00377591,0.00275666,0.00263894,0.00109978,-0.000562751
0.0074268,0.00332175,0.0037904,0.00403753,0.00143579,0.00169547
0.0200409,0.0136136,0.0103203,0.0116569,0.0016882,0.000890008
0.00800923,0.0058525,0.00452258,0.0057187,0.00135375,0.00058419
0.0101635,0.00491368,0.0053085,0.00370723,0.000562747,-0.00020283
0.00920317,0.0041312,0.00525266,0.00416102,0.00125192,0.000234676
0.0263508,0.0132653,0.0326906,0.0399297,0.00775457,0.0034572
0.00616173,0.00425038,0.00385314,0.00281145,0.00162497,-0.00100541
0.00723699,0.00496593,0.00609039,0.00326075,-0.000100064,-0.000291126
0.0123319,0.00830811,0.00939565,0.0104804,0.00213795,0.000602823
0.00729358,0.00487588,0.00324966,0.0019948,0.000586588,0.000103124
0.00767811,0.0055742,0.00498737,0.00588802,0.00131491,0.00164636
0.00951666,0.00675558,0.0032102,0.00557678,-1.15571e-05,-0.000868635
0.022669,0.0109008,0.0114267,0.00844362,0.00286977,0.0020176
0.0139465,0.0100562,0.00819389,0.0129003,0.00147605,0.00037327
0.0118537,0.00849943,0.00391966,0.00349373,0.000248936,0.00139293
0.0116906,0.00858392,0.0063922,0.0226167,0.0108332,0.0268692
0.00625395,0.00459371,0.0047703,0.00690497,0.00204978,0.000939101
0.0104161,0.00723798,0.00324762,0.00502725,6.18659e-05,-0.000897203
0.00907271,0.00630097,0.0048456,0.00513535,0.00111189,0.00154777
0.0145451,0.00905189,0.00864882,0.0111521,0.00133645,-0.000663904
0.010841,0.00596628,0.00647972,0.00663271,0.000307514,0.000101331
0.0044835,0.00326254,0.00203668,0.00065562,-8.63692e-06,-0.000476436
0.00682309,0.00466262,0.00253204,0.00351807,0.00110186,0.000876341
0.0152073,0.00694081,0.00790368,0.00836837,0.00189327,0.000173127
0.0154147,0.00699251,0.00784749,0.00848689,0.00215317,6.24964e-05
0.00407729,0.0031074,0.00209128,0.000262317,0.000232046,-0.000219333
0.0104943,0.00772933,0.00371788,0.00558835,0.00101977,-0.000427366
0.0100958,0.0071707,0.00495761,0.00679518,0.00252223,0.00107898
0.0216135,0.0124194,0.0154531,0.0196406,0.00588218,0.00292953
0.0180159,0.00678476,0.0103997,0.0107236,0.00280818,0.00115593
0.00739829,0.00533025,0.00499136,0.00649418,0.0023114,0.00111871
0.0133564,0.00883918,0.00423694,0.0167257,0.00309608,0.00532816
0.00905429,0.00611145,0.0225576,0.0216469,0.00673885,0.00269753
0.0118027,0.00645956,0.00449638,0.0022907,0.000674722,0.00014103
0.013512,0.00858271,0.00387794,0.00508806,0.000653458,0.000891664
0.0135796,0.00950685,0.00423,0.00980563,0.00121986,0.000656236
0.0226997,0.0101768,0.0114602,0.0108153,0.00305054,0.00284527
0.0253617,0.0100277,0.0178228,0.0153453,0.00313118,0.00216905
0.00427643,0.00309875,0.00240872,-0.000334687,0.000365996,0.000454489
0.0137485,0.00616366,0.00653846,0.00994103,0.0021615,0.000625904
0.0124195,0.00851002,0.00471024,0.00763815,0.00239882,0.00115969
0.00916177,0.00577692,0.00481478,0.00435315,0.00114924,0.000795834
0.0125334,0.00614678,0.00832844,0.0155418,0.00441395,0.000228742
0.015641,0.00707714,0.0107413,0.0176606,0.00380354,0.000793063
0.0175119,0.0117697,0.00603839,0.00838617,0.000585149,0.000474218
0.00966146,0.00363996,0.0157031,0.023369,0.00411174,0.00241094
0.00464188,0.00332713,0.00247184,0.00581453,0.00196499,0.000680402
0.0048278,0.00342198,0.00245973,0.00272452,0.000986763,0.000252271
0.00877952,0.00618956,0.00374513,0.00482169,0.00182554,0.000761942
0.017793,0.00954198,0.00747964,0.00804533,0.00178915,-0.000831156
0.00811223,0.0057996,0.00327708,0.00149783,0.000371069,0.00074859
0.0169765,0.0117897,0.00533301,0.00487101,0.000966324,-0.00057738
0.0304895,0.0165591,0.0141854,0.0117896,0.00221766,0.00177191
0.0188923,0.0126149,0.00569346,0.00744719,0.000879542,0.000235089
0.00646747,0.00485024,0.00236274,0.0050998,0.000803649,-0.00130127
0.00445923,0.00335508,0.00210454,0.000430346,0.000867245,0.000844493
0.0198015,0.0123869,0.00615641,0.0102262,0.00206952,0.00165398
0.00663644,0.00454046,0.00302452,0.00425804,0.000385937,0.00131581
0.0422508,0.0251305,0.0175459,0.0230223,0.00448393,0.00219359
0.00929051,0.00652988,0.00374452,0.004405,0.000713707,0.000901831
0.0190866,0.0109071,0.00747545,0.0048577,0.00123797,0.000929267
0.0379417,0.0140652,0.0133021,0.0166039,0.00535059,0.00252443
0.0351265,0.0141075,0.0122994,0.0168755,0.00524146,0.00243921
0.00878933,0.00619175,0.00472175,0.00251363,0.000363898,0.000694968
0.0189634,0.0133888,0.00819319,0.00632294,0.00181129,0.000660066
0.0107725,0.00756776,0.0044657,0.00665225,0.00155776,0.00145445
0.00627955,0.00435896,0.00646947,0.00287288,0.00112824,3.57107e-05
0.0145189,0.00944012,0.0160459,0.0220395,0.00528038,0.00359319
0.0245093,0.0150135,0.0199507,0.0203702,0.00742577,0.0131802
0.0116999,0.00824817,0.00572348,0.00764314,0.00161475,-5.34149e-05
0.0123541,0.00886683,0.00513842,0.00420516,0.000840325,0.00116027
0.00472836,0.00309101,0.0023328,0.00353616,0.00112407,0.000508708
0.008843,0.0049841,0.00503551,0.00671419,0.00115052,-0.000646243
0.00740978,0.0056499,0.00352961,0.0025696,0.00166222,-0.000106459
0.00936034,0.00665846,0.00344412,0.00973773,0.0012325,0.00119519
0.00420321,0.00295546,0.00266309,0.00235401,0.000712542,0.000144522
0.0127418,0.00848488,0.00507199,0.00661485,0.00126767,-0.000898889
0.013539,0.00938473,0.00395012,0.00389496,0.000531638,0.000397246
0.023046,0.0159079,0.00645329,0.0115344,0.00337612,0.00184329
0.0106878,0.00731098,0.00557412,0.00941729,0.00251627,0.000492697
0.0225384,0.0131099,0.00935071,0.0111704,0.00257354,0.00104213
0.0174261,0.0116758,0.00518686,0.00662314,0.00221745,0.000782856
0.0164638,0.00702928,0.00767227,0.00795121,0.0007771,0.00150294
0.0197412,0.00713967,0.00881658,0.00874515,0.0014282,0.00173421
0.0150371,0.00874654,0.00563592,0.0068425,0.00155966,0.000655676
0.00659889,0.00471371,0.00398718,0.0026831,0.00142841,-0.00084683
0.0130656,0.00907386,0.00385571,0.00403448,0.00137592,0.00097745
0.0114739,0.00778835,0.00867334,0.0120029,0.00225204,0.00124653
0.0114321,0.00819101,0.00463175,0.0111386,0.00298316,0.000718575
0.0209309,0.0144355,0.0061804,0.00731664,0.00273106,0.000763043
0.0140741,0.00984705,0.00474997,0.00404041,0.000650655,0.0021775
0.00723215,0.00485126,0.00264532,0.00328647,0.000967532,-0.000155197
0.00457162,0.00309959,0.00273482,0.000208985,0.000811635,-0.0016609
0.00804561,0.00546556,0.00392395,0.0027186,0.000526781,-0.00114033
0.00999673,0.00708601,0.00574642,0.00665583,0.000909526,0.000971298
0.00613702,0.00391249,0.0027683,0.00332658,0.000988819,-0.00161612
0.00643664,0.00470924,0.00272214,0.00534364,0.00190794,-0.000402687
0.00934004,0.00643877,0.00300938,0.00717026,0.00149523,-0.000795769
0.0143179,0.00985803,0.00450843,0.0113934,0.00269999,-0.000107195
0.00430408,0.00322426,0.00240818,-0.00186813,-0.000195343,-0.000234089
0.00927178,0.00631089,0.00664722,0.00554951,0.00294331,-0.000453335
0.00897697,0.0060938,0.00356436,0.00723199,0.00167021,-0.000580939
0.0104492,0.00566803,0.00303177,0.00572447,0.0013974,0.000413065
0.0100788,0.00480584,0.00339949,0.00149569,0.0011087,-0.000394095
0.00399092,0.00309946,0.00208883,0.0029883,0.00100783,0.00190576
0.00441577,0.00313015,0.00328143,0.00662816,0.000279156,0.00134293
0.00567178,0.00421828,0.00412131,0.00413837,0.00211269,6.20848e-05
0.0220168,0.0104434,0.010383,0.0124587,0.00428339,0.00230813
0.0140617,0.0058008,0.00628155,0.00484772,0.00105613,0.000957244
0.0125703,0.00866338,0.0039229,0.00756853,0.0014262,0.000287795
0.00676008,0.00447698,0.00307255,0.00246763,0.000400581,-2.25262e-05
0.00936251,0.00691931,0.0023986,0.00236787,0.000927644,-0.000101225
0.0177914,0.00942317,0.00804081,0.0062492,0.00113294,0.00155318
0.0166812,0.00930744,0.00795947,0.00598964,0.00124914,0.00142479
0.0082593,0.00470424,0.00371814,0.00685596,0.00163695,-7.32633e-05
0.00966681,0.00680536,0.00470902,0.0087097,0.00202999,0.00225465
0.0264786,0.0119123,0.00998709,0.00818018,0.00228083,0.00142619
0.0282883,0.0119393,0.0103914,0.00808408,0.00225545,0.00146058
0.0065179,0.00442363,0.0018281,0.00488948,0.00151414,-0.00105453
0.0134832,0.00879271,0.0117408,0.0179605,0.00483721,0.00154143
0.0106371,0.006897,0.00656851,0.00706938,0.00151154,0.000229227
0.0133951,0.00805139,0.00744775,0.00672495,0.00147365,0.00129338
0.0212872,0.0098883,0.0124754,0.0124322,0.00387234,0.00301151
0.0258882,0.0107299,0.0150531,0.022185,0.00355615,0.00256242
0.0103273,0.00754943,0.00558035,0.00971365,0.00104948,0.000676261
0.00759423,0.00541891,0.00338311,0.000519146,0.00148301,-0.000422345
0.00581399,0.0041564,0.00379263,0.00690765,0.000769255,0.00169458
0.0271682,0.0103321,0.0132475,0.0141873,0.0025038,0.000470205
0.0135708,0.00543849,0.00669417,0.0089243,0.00130473,6.99796e-05
0.0127985,0.00933818,0.00368554,0.00635714,0.00107159,-0.000268058
0.0101905,0.00715543,0.00602493,0.00693539,0.00202702,0.000430146
0.00686136,0.00488186,0.00180231,0.00162566,0.000134371,0.00203011
0.019046,0.0132192,0.00658202,0.0129303,0.00328891,0.0017018
0.00558555,0.0037462,0.00232028,0.00414448,0.000807226,-0.000158752
0.0132486,0.00862424,0.00853854,0.006108,0.00260788,-0.000408627
0.00505798,0.00345431,0.00285517,0.00124428,0.00135527,0.00125113
0.00787072,0.0059722,0.00368963,0.00295007,0.00152715,0.000357022
0.00752542,0.00441649,0.0036739,0.00461349,0.000689116,0.000683347
0.0105574,0.0077747,0.00405383,0.00368282,0.000447871,0.00130699
0.0114747,0.00571841,0.00599616,0.00541435,0.000728775,0.00116061
0.013604,0.00603529,0.00684679,0.00795113,0.000710652,0.00026656
0.0214817,0.0145229,0.0101486,0.0132411,0.00379459,0.000751573
0.0139424,0.0100706,0.00788898,0.009149,0.00244839,0.000915972
0.00505001,0.00340842,0.00289231,0.00517376,-0.000467699,0.00037328
0.00559276,0.00422057,0.00327376,0.00190018,-8.06839e-05,0.00126106
0.00836431,0.00579232,0.00362438,0.00360606,0.0012151,0.000715998
0.0133654,0.00901105,0.00589525,0.0104494,0.00376361,0.000106542
0.00411845,0.00294836,0.00184816,0.0021108,0.000768639,0.000456122
0.00866066,0.00630004,0.0057569,0.00807762,0.00114335,0.000483128
0.0140343,0.00962403,0.00556713,0.003898,0.00117078,-0.000383417
0.0239441,0.0117055,0.0138627,0.0207798,0.0038821,0.000973135
0.0212762,0.00975271,0.0123359,0.0169797,0.00349762,0.00149839
0.00754387,0.00480628,0.00381151,0.00487517,0.000776948,0.00103157
0.00461598,0.00330269,0.00250446,0.00199691,0.000432036,0.000250607
0.00986335,0.00647319,0.00331231,0.00524737,0.000315611,0.00073034
0.0109585,0.0074992,0.00341077,0.01075,0.000755326,0.00129709
0.00861875,0.00617458,0.00323589,0.00331108,0.000660441,0.000428222
0.00429704,0.0035307,0.00221367,0.00267254,0.00108466,0.000165731
0.0104194,0.0076159,0.00353507,0.00704607,-0.000587131,0.00064982
0.0149679,0.00766957,0.00607013,0.00952544,0.00171757,0.00114819
0.00916499,0.00585161,0.0022165,0.00236012,0.00109068,0.00111502
0.0101069,0.00696981,0.00594742,0.0122458,0.00291268,0.00226241
0.00696741,0.00473464,0.00303104,0.0058874,0.000432374,-0.00104381
0.00546798,0.00385484,0.00245425,0.00557601,0.000695054,-0.000894374
0.00481314,0.00333012,0.0020094,0.00159015,0.00071815,0.00116924
0.0186082,0.0111537,0.00844708,0.00793612,0.00151951,0.00176484
0.00501397,0.00357431,0.00512855,0.00449071,0.00027131,0.000634586
0.00939677,0.0063526,0.00249363,0.00147897,3.4548e-05,-0.00045786
0.0109473,0.00509146,0.00528233,0.00192551,0.000335158,0.00177492
0.0195677,0.0102655,0.0107179,0.00698204,0.00200177,0.000732764
0.0241188,0.0097544,0.0128594,0.0200027,0.005306,0.00241255
0.0198804,0.00819273,0.00916947,0.0113752,0.00228269,0.000872259
0.0189602,0.00790681,0.00946376,0.00806004,0.00231411,0.000229711
0.0146071,0.00723955,0.00512283,0.00818496,0.00107882,-0.000743017
0.0153757,0.0100805,0.00709229,0.0104864,0.00217933,0.000878801
0.00436134,0.00331564,0.0034062,0.00139947,0.000868057,0.000240532
0.012937,0.0085743,0.0104728,0.0148578,0.00261194,0.00113008
0.0168596,0.00662037,0.00514792,0.0117297,0.00182713,0.000160664
0.0182305,0.00769459,0.00535252,0.00949069,0.000924284,5.59897e-05
0.0192472,0.0131285,0.00788188,0.0128394,0.00214523,0.000772912
0.0126783,0.00798901,0.00731066,0.00737787,0.00172904,0.00114341
0.010392,0.00740839,0.00521195,0.00502931,0.000110579,0.000237909
0.011832,0.00769719,0.00814328,0.00707365,0.00113469,0.0011762
0.0299531,0.0139211,0.0149917,0.0172743,0.00388863,0.00221671
0.0305907,0.0140949,0.0128965,0.0162715,0.00386877,0.00137487
0.00406962,0.00319249,0.00175033,-0.00184509,-0.000616253,-0.000340335
0.00617128,0.00442878,0.00118421,-0.000143894,0.000337089,0.00173981
0.00882298,0.00637688,0.00625529,0.00509647,0.00126493,0.00110455
0.017102,0.00862363,0.00605037,0.00933992,0.00144292,0.000339766
0.0265326,0.0163436,0.00724455,0.0144172,0.00150219,0.00107131
0.0131726,0.00904956,0.00493988,0.00149343,0.000792971,-0.000430221
0.00856292,0.00629801,0.00453437,0.00406502,0.00147089,-8.69802e-05
0.00908746,0.00396247,0.00452667,0.0084406,0.00119546,0.00332043
0.00626749,0.00456911,0.0039938,0.00245954,0.00150669,0.00094155
0.00533508,0.00379819,0.00220334,0.00115087,0.0013359,0.000949151
0.00425836,0.00334383,0.00219626,0.0004123,0.000270732,0.000661248
0.0169,0.0107939,0.0123875,0.018045,0.00372221,0.00229679
0.00515981,0.00355858,0.00220098,0.00121696,0.00166354,-0.00061096
0.0117986,0.00681863,0.00576036,0.00371114,0.00142936,0.00104791
0.0129481,0.00686551,0.00604166,0.0049047,0.0013396,0.00112205
0.0134923,0.00796321,0.00474978,0.00690119,0.00138366,0.00136815
0.00806228,0.00335317,0.00314715,0.003574,0.000835904,0.00171786
0.0075693,0.00547394,0.00325787,0.000478308,0.000731624,0.000350108
0.00826173,0.00473329,0.00895207,0.0094071,0.00211793,0.00166322
0.0171674,0.0117673,0.00897426,0.00954761,0.00208908,0.00179044
0.0114623,0.008174,0.00246639,0.00901128,0.00128495,0.00171892
0.00598897,0.0043729,0.00340043,0.00471584,0.00104434,-0.000348477
0.00756238,0.00534244,0.00376971,0.00234343,0.000396746,-0.000700745
0.0204821,0.00847379,0.01034,0.0169889,0.00225841,0.000974415
0.0227975,0.00855279,0.011391,0.0174557,0.00284282,0.00075178
0.0104118,0.00510451,0.00476245,0.00810177,0.00124492,0.000587293
0.010293,0.00698612,0.00336944,0.0103827,0.000559735,0.000751671
0.00528007,0.00377566,0.00214892,0.00330112,0.000527468,0.000102412
0.0074494,0.00531121,0.00318993,0.000799507,0.00112597,0.000641128
0.00934539,0.00665398,0.0028945,0.00133523,0.000801924,0.000649573
0.0121896,0.00836171,0.00335949,0.0047606,0.00081235,0.000822272
0.00889644,0.00497457,0.00464192,0.00217501,0.00142034,0.000384716
0.011698,0.00808923,0.00378833,0.00626832,0.0011146,0.000307011
0.00731146,0.00513956,0.00369861,0.00171896,0.00019285,0.000307013
0.01005,0.00735591,0.00468655,0.001631,0.00175843,0.00030076
0.00454417,0.00343051,0.0024093,0.00185455,0.000646215,-0.00140037
0.0131976,0.00905211,0.00791869,0.0118185,0.00206601,0.00121332
0.0127079,0.00894172,0.00455984,0.00784914,0.00202954,0.000104037
0.0156033,0.010868,0.00809622,0.0116207,0.00202483,0.000430371
0.0166534,0.00998485,0.00864992,0.00999138,0.00261814,0.00112372
0.0143369,0.0092547,0.00727732,0.00948208,0.00143789,0.000931375
0.0192212,0.0079449,0.00686793,0.0116232,0.00160863,0.000846014
0.0210779,0.00943512,0.00697493,0.00973672,0.00218316,0.000215362
0.011376,0.00543421,0.00481751,0.00537644,0.000679546,0.00205107
0.0104786,0.00537689,0.00408145,0.0039644,0.000258495,0.00126109
0.00589483,0.00436307,0.00156616,0.0054033,0.000772129,0.000323527
0.0192997,0.00826554,0.0150664,0.0160266,0.00482518,0.00155459
0.0179407,0.00807566,0.0139588,0.0151217,0.00377869,0.000544168
0.0230816,0.0127303,0.0148854,0.0156259,0.00297005,0.00219602
0.0220557,0.0127285,0.0144318,0.0160173,0.00191111,0.0011404
0.00470812,0.00354481,0.001939,0.00203916,-0.000548806,-0.00128517
0.00829981,0.0061162,0.00495135,0.00651625,0.000581154,0.000454009
0.00680469,0.00510699,0.0021096,0.00288585,0.000374593,0.000643214
0.0145478,0.00574905,0.00963512,0.0108453,0.00382313,-0.00023436
0.00623222,0.00333054,0.00469035,0.00484464,0.00136052,0.000357119
0.00490663,0.00351607,0.00257543,0.00395875,0.000702353,-0.00013072
0.0047381,0.00347158,0.00265616,0.00192158,0.00118079,0.000403183
0.0148241,0.0104752,0.00603254,0.00790684,0.0010645,0.000288906
0.0159383,0.00946221,0.00642977,0.00297913,0.00108941,0.000460135
0.00753695,0.00498152,0.00286057,0.00658458,0.000546133,0.000830352
0.0157122,0.0107835,0.00654264,0.00879079,0.00259111,-0.000207226
0.00875972,0.00639672,0.00504118,0.00786603,0.00210138,0.00110274
0.00846521,0.00609314,0.00346693,0.004757,0.000504589,0.000197996
0.0132301,0.00915248,0.00407076,0.0043276,0.0018821,0.000580782
0.0123731,0.00852603,0.00406242,0.00282905,1.89352e-06,-0.00094163
0.0110905,0.00754783,0.0112145,0.0107419,0.003141,0.00133301
0.013982,0.0100282,0.00615006,0.00806351,0.00110309,0.00135409
0.0152195,0.00742201,0.00617041,0.00881578,0.00192006,0.000810597
0.0320896,0.0124985,0.0121978,0.0150048,0.00302367,0.000896368
0.0255415,0.0113695,0.00910423,0.00940866,0.00199093,0.000887314
0.00968222,0.00665345,0.00963044,0.0128021,0.00322619,0.00260994
0.0152279,0.00781586,0.00909672,0.0108491,0.00222301,-9.74147e-05
0.0237884,0.0100013,0.0125555,0.0120401,0.00237517,0.000574476
0.00489197,0.00338684,0.00273813,7.37826e-05,0.000508416,-0.000152234
0.0208235,0.014103,0.0063282,0.00859305,0.000540459,0.00100438
0.00550947,0.003862,0.00333621,0.00402866,0.00169025,0.000600827
0.00693539,0.00490433,0.00323058,0.00529208,0.000156884,0.00062872
0.00749903,0.00514529,0.00372214,-0.000866449,-0.000683958,-0.000146393
0.0106288,0.00722541,0.00428192,0.00607447,0.00093439,0.000676772
0.0049562,0.00384725,0.001711,0.00183094,-0.0005994,-0.000396495
0.0111956,0.00754951,0.017696,0.0229533,0.00340008,0.00179715
0.0174318,0.0120785,0.00728878,0.0067753,0.00370118,0.00456867
0.00403962,0.00312627,0.00254075,0.00306473,0.000478734,-0.000438738
0.00793414,0.00586718,0.00403655,0.00332194,0.000987305,0.00143134
0.0239857,0.0163446,0.00572552,0.00937493,0.00158635,0.00189065
0.0192862,0.0114291,0.00845397,0.0133765,0.00114618,0.00138506
0.0209428,0.0115314,0.00896171,0.0138327,0.000551598,0.00147474
0.00717276,0.00495669,0.00264747,0.00277478,0.00019494,-0.000618526
0.0123467,0.00817107,0.00388392,0.00416479,0.00197934,0.00232342
0.0102781,0.00603625,0.00348079,0.00301217,0.00136524,0.000255974
0.0119966,0.00827283,0.00398764,0.00369554,0.000603598,-0.000543339
0.0103467,0.0068371,0.00588058,0.00422187,0.00114572,-0.00164591
0.00621284,0.00408392,0.00338039,0.00106603,0.00094023,-0.000957555
0.016246,0.0109858,0.00649711,0.00436972,0.000862746,0.000735252
0.00754294,0.00534612,0.00429951,-0.00172342,0.000824484,0.000589306
0.0139982,0.00776781,0.00563478,0.00281995,0.000569239,-0.000962541
0.0243132,0.00871999,0.0108234,0.0145099,0.00242916,-0.000476528
0.0235845,0.0130588,0.00984315,0.0161917,0.002199,0.000716281
0.0123252,0.00845604,0.00509747,0.00390739,0.00057431,-0.000911287
0.0106848,0.00490226,0.00537121,0.00641717,0.00107513,0.00146684
0.0132891,0.0070857,0.0050597,0.00516693,0.00217787,0.00211264
0.0226848,0.0114221,0.00879156,0.0134995,0.00274294,0.000876828
0.0239169,0.0153515,0.0113428,0.008729,0.00182905,0.00353226
0.00414414,0.0029436,0.00225311,0.00291301,-0.000377964,-0.000598045
0.00484151,0.00351971,0.00268007,0.00200943,0.00157778,8.56424e-05
0.00451843,0.00355833,0.00203443,0.00189613,0.00019438,0.000952962
0.0205628,0.00967336,0.0113125,0.0135982,0.00410912,0.00168391
0.0248081,0.0123016,0.0107023,0.0153428,0.00298215,0.00192662
0.0130931,0.00701979,0.00892702,0.0100216,0.00350698,0.00256144
0.0152742,0.00770457,0.00901402,0.00921565,0.00271997,0.00260167
0.0151498,0.0102436,0.00715146,0.0102319,0.00191285,0.000764258
0.0389256,0.021566,0.0145997,0.0159495,0.00270346,0.00166003
0.0308895,0.0206559,0.0120885,0.0134243,0.00135696,0.000768386
0.00907162,0.00460866,0.00423051,0.00738419,0.00132784,0.00101402
0.00866617,0.00461078,0.00419206,0.00690223,0.000972311,0.000760805
0.00583858,0.00399332,0.00325626,0.00283871,-0.000411584,-0.000260427
0.0116451,0.00814403,0.00218349,0.00389698,0.000798542,0.000729382
0.00411762,0.00304925,0.00418887,0.00653507,0.000512434,-0.000130108
0.010813,0.00751185,0.00335896,0.010795,0.00236286,0.00539425
0.00571734,0.00437262,0.00219537,0.00116892,0.00018718,0.000244772
0.0144366,0.0098497,0.00815603,0.00739207,0.00164816,-0.000140707
0.00692977,0.0045548,0.00280799,0.00208528,0.000281132,-0.000560999
0.0185351,0.0123988,0.0119115,0.010755,0.00195337,0.00032894
0.0184077,0.0124894,0.00690695,0.0109108,0.00225685,0.000146131
0.00694476,0.00515435,0.00350276,0.00532736,0.00102951,0.000588918
0.00512006,0.00372449,0.00254994,0.00465913,0.000261951,0.00107777
0.0183929,0.00750575,0.00632015,0.00212228,0.00163816,0.00109523
0.0192491,0.00769297,0.00640883,0.00386735,0.00163784,-4.13732e-06
0.0101114,0.00676055,0.00956207,0.00939564,0.00100377,0.00027715
0.00491863,0.00347523,0.00244191,0.00309112,0.00160276,0.000689146
0.0155872,0.0110209,0.00772586,0.0124608,0.00168874,0.0023615
0.00761194,0.0056098,0.00272101,0.00543761,0.000518688,0.00161222
0.00715527,0.00476036,0.00315509,0.00629209,0.000632551,0.000331365
0.00566104,0.00375198,0.00299923,0.0043947,0.000346486,0.000180683
0.0170022,0.011487,0.00842035,0.00760815,0.0011539,0.000767803
0.0125308,0.00887765,0.00687144,0.00860824,0.00284173,0.000862947
0.0128864,0.00846035,0.01698,0.0275142,0.0049779,0.0029552
0.00666433,0.00430323,0.00565808,0.00518419,0.0017383,0.000927279
0.0175159,0.00956601,0.00676403,0.00983909,0.00115744,0.000645078
0.0204807,0.00633461,0.00823811,0.0133702,0.0020529,0.000760252
0.0206641,0.00654875,0.00834628,0.016598,0.00274496,0.000874162
0.0150776,0.0064171,0.0057014,0.0105618,0.00209932,0.00147092
0.00535111,0.00354285,0.00192741,-0.000303853,0.00114694,0.000806109
0.0050549,0.00389158,0.00205357,0.0015271,5.42473e-05,4.76332e-05
0.0187369,0.0128131,0.0109864,0.0184669,0.00204715,0.00270793
0.0247688,0.00920548,0.00977214,0.014278,0.00364419,9.65079e-05
0.0226551,0.0113118,0.00846824,0.00792235,0.00283659,-0.00010122
0.00508924,0.0037337,0.00235416,-0.0007707,0.000165161,-0.00122219
0.0233745,0.00888208,0.0101514,0.00704582,0.00190133,0.0021227
0.0253216,0.00888616,0.0104758,0.00974368,0.00174267,0.00178624
0.0225784,0.0144315,0.0113618,0.0159296,0.00317748,0.00207806
0.00595202,0.00348646,0.00374718,0.000110264,0.00042394,0.00120241
0.00717086,0.00510427,0.0038421,0.00317659,0.000988902,0.000520496
0.0210324,0.0107465,0.00900193,0.0151149,0.00308138,0.00201572
0.0172235,0.0117828,0.00711195,0.0065415,0.0011511,0.000295494
0.00566634,0.0038185,0.00196687,0.00297437,-0.000206753,0.000615042
0.0092762,0.00666802,0.00313731,0.00405341,0.00100475,0.00196501
0.0185547,0.0131161,0.00595274,0.00779254,0.000679846,0.000251744
0.00780851,0.00525923,0.00316469,0.00257413,0.00115672,0.00202211
0.00575981,0.00434578,0.0033829,-0.00103618,4.91993e-05,0.000901504
0.00961256,0.00657001,0.00420587,0.00473936,0.00114932,-0.000506199
0.0107904,0.00465479,0.00425159,0.00145538,0.000851058,0.00100618
0.0196841,0.00655946,0.00980326,0.00699861,0.0020331,0.000593198
0.0299051,0.0105205,0.0135386,0.0125692,0.0033532,0.00197444
0.0261498,0.0105413,0.0120895,0.0132418,0.0029455,0.00333989
0.01398,0.00604826,0.00613365,0.00699947,0.0011825,0.000702407
0.0216922,0.0143001,0.0145781,0.0124037,0.00351511,0.00182819
0.0124841,0.00884137,0.00723374,0.00638757,0.000253313,0.00200457
0.00695327,0.00523303,0.00410387,0.00275919,0.00116597,0.000874557
0.0191837,0.0116375,0.00878373,0.00767269,0.00304299,0.000138798
0.00757768,0.00528744,0.00338081,0.0039955,0.00191971,2.96014e-05
0.00419008,0.0031389,0.00123446,0.00152756,6.30118e-05,0.000369235
0.0168971,0.010046,0.00898425,0.0110618,0.00342574,0.000833769
0.0115332,0.00842696,0.00365164,0.00410784,-8.71915e-05,0.00140355
0.0108621,0.00724055,0.00870717,0.01628,0.00305485,0.00361828
0.010457,0.00693056,0.00526585,0.00952597,0.00137711,0.00171896
0.00507617,0.00363061,0.0025208,0.00646013,0.000299339,-0.000446976
0.00741676,0.00510159,0.00211069,0.00562039,0.00175632,0.00328326
0.00910933,0.00618944,0.00605804,0.00969717,0.00224634,0.00217974
0.018915,0.00777583,0.00935766,0.00918337,0.00196292,-0.000375426
0.0188967,0.00766167,0.00973999,0.0109134,0.00167376,-0.00115485
0.0109219,0.00646679,0.00659229,0.00558531,0.000815631,0.00163331
0.0159591,0.00546666,0.00951723,0.00369325,0.00324323,0.000603596
0.0157806,0.00814697,0.00771159,0.00564407,0.00204992,0.00113889
0.00792307,0.00511137,0.0033251,0.00421333,0.000967346,0.0203742
0.0118163,0.00786039,0.00365779,0.00515741,0.00670361,0.36893
0.0224526,0.00905766,0.0103942,0.0164988,0.00303173,0.00213131
0.0166932,0.00855447,0.00745054,0.00971479,0.00139838,0.00279887
0.00735319,0.00552157,0.00269145,0.00495411,0.00131191,-0.000733033
0.00903875,0.00646557,0.00232124,0.000805509,0.000667176,-0.000316612
0.0138005,0.00991231,0.00660718,0.00694282,0.0010305,0.000256977
0.0121194,0.00860499,0.00372458,0.00638766,0.00154637,0.000532946
0.0190597,0.00866926,0.00862135,0.00908605,0.00188375,0.000880992
0.0199213,0.00879294,0.00877071,0.00805885,0.0018711,0.000155899
0.0128994,0.00864824,0.00852617,0.00915636,0.00149149,1.1579e-05
0.00670896,0.0047976,0.00388011,0.00338508,0.000870665,0.000784838
0.0114236,0.00824163,0.00415788,0.00694848,0.00159054,0.00069961
0.0132574,0.0096014,0.00585904,0.00302477,0.000306579,-0.00012095
0.00804542,0.00570003,0.0045222,0.00256013,0.000991888,0.000767735
0.0105172,0.00677767,0.00447697,0.00855572,0.00237444,0.000841854
0.00658738,0.00474387,0.00214941,0.00281985,0.000898428,0.00079068
0.0110969,0.00701111,0.00534698,0.0032098,0.00140708,0.00116656
0.0062072,0.00442187,0.00252161,-0.000256156,0.00078535,0.000366049
0.0117975,0.0082788,0.0103922,0.00766164,0.00116048,0.00201306
0.00547661,0.00399453,0.0024004,0.00353556,0.000639178,-0.00120146
0.00620816,0.0044627,0.00331536,0.00110572,0.000576007,0.000310665
0.0184802,0.00906876,0.00803916,0.0101433,0.000569015,8.36634e-05
0.00631911,0.00423036,0.0034647,0.00351961,0.000842423,0.000688401
0.00615701,0.00451289,0.00244496,0.0020304,8.66377e-05,0.000700577
0.00571169,0.00422385,0.00220915,0.0017969,8.65597e-05,-0.000576818
0.0110865,0.00776459,0.00448583,0.00775432,0.000768865,0.000855108
0.0191074,0.0117543,0.00831753,0.0103684,0.00200067,0.00165403
0.0176789,0.0118442,0.0147904,0.0291548,0.00683999,0.00840611
0.00715312,0.00506595,0.00369766,0.00270095,0.00167224,0.00111559
0.0119462,0.0083052,0.00460176,0.00528373,0.00142941,0.00054708
0.0146825,0.0101456,0.00469888,0.00297899,0.00163207,0.0012445
0.00761362,0.00564052,0.00379959,0.00226696,0.000491179,0.000398665
0.0101877,0.00691394,0.00385593,0.0045013,0.0010295,-0.0011633
0.0184769,0.0125295,0.00594639,0.00787784,0.00158053,0.00205822
0.0143056,0.0101953,0.00657062,0.0163115,0.00548897,0.0119472
0.00539922,0.0034103,0.00265095,0.00521967,0.000380283,7.53561e-06
0.00702587,0.00434277,0.00350366,0.00234146,0.00124655,5.20603e-05
0.00764518,0.00489552,0.00342527,0.00177355,0.00108272,0.00113901
0.0307851,0.0137964,0.0158636,0.023762,0.00584625,0.00181092
0.0130861,0.00531557,0.00519407,0.00933213,0.00134889,0.000666416
0.010124,0.00677422,0.0046314,0.0043521,-9.52031e-05,7.57179e-06
0.00651185,0.00448148,0.0121957,0.0109013,0.0024751,0.0023791
0.0139142,0.00968236,0.00366895,0.00745532,0.00120043,0.000332541
0.0120999,0.00805669,0.00475632,0.00549057,0.0010836,0.000419342
0.0179604,0.0113495,0.00698546,0.00834455,0.00367879,0.00229933
0.0137216,0.00853122,0.00534077,0.00671257,0.00228641,0.000866297
0.00729498,0.00484186,0.00190891,0.0032658,0.00164256,0.000117559
0.0150206,0.0103782,0.00683791,0.00851717,0.00132891,0.00141003
0.0151638,0.0108046,0.00543321,0.0118491,0.00367841,0.00605858
0.0110442,0.00783394,0.00505128,0.00301632,0.000786492,-0.000926496
0.0110668,0.00725549,0.00505809,0.00552368,0.00138348,0.000245853
0.0183639,0.00702198,0.00972951,0.014998,0.00409122,0.00258171
0.0250553,0.0134187,0.010005,0.0184246,0.00353891,0.0024333
0.00806867,0.00608754,0.0039634,0.0029343,0.000391768,0.000499214
0.00668673,0.00460481,0.00410792,0.00274335,6.9876e-05,0.000432642
0.00811895,0.00574928,0.00361911,0.00232033,0.000618135,-0.000292838
0.0250776,0.0107321,0.014688,0.022834,0.00563234,0.00315117
0.0246919,0.00994562,0.0131633,0.0167815,0.00351167,0.00239491
0.00470033,0.00338428,0.00209529,0.00302578,0.000879897,0.000197009
0.00710147,0.00478149,0.00236489,0.000284487,-2.60036e-06,0.000457512
0.0167469,0.0114957,0.00810496,0.00478582,0.00101118,0.000483452
0.00743202,0.0055928,0.00181689,0.00443642,0.000774212,0.000641867
0.00607466,0.00444443,0.00371043,-0.000314275,0.000540824,0.00176166
0.0113197,0.00768428,0.00494458,0.00558941,0.00146067,0.000219481
0.0207308,0.0135291,0.00906325,0.0119122,0.00244506,0.000315491
0.0182545,0.0112626,0.00848056,0.0103469,0.00147136,0.00066626
0.00854299,0.0057732,0.00231511,0.00287686,0.000409893,-0.000589412
0.0116319,0.00686806,0.00442472,0.00606297,0.000780204,0.000173022
0.0090498,0.00634767,0.00414839,0.0065758,0.00209864,-0.000254382
0.0189661,0.00984103,0.00724596,0.0102484,0.00265183,0.00117289
0.0294029,0.0103651,0.0125837,0.013982,0.00312077,0.00124519
0.0180893,0.0127821,0.0060211,0.00967422,0.00209366,0.000304686
0.00568418,0.00391529,0.00251018,0.0052092,0.000587919,0.000243699
0.0041468,0.00316975,0.00221556,0.00184496,0.000293325,-0.0014328
0.01689,0.0116177,0.00887311,0.0102389,0.00194962,0.00140482
0.0252976,0.0112802,0.0195545,0.0279127,0.00753037,0.00730863
0.0207604,0.00835339,0.0115006,0.0152502,0.00140708,0.00290246
0.00840093,0.00629169,0.00373869,0.00341386,0.00102909,0.00114308
0.00830397,0.00623877,0.00438807,0.00489286,0.00130744,0.000184279
0.0285914,0.0181613,0.0113929,0.0168009,0.00309734,8.56707e-05
0.0138727,0.00977335,0.00452313,0.00146147,0.00158615,0.000410872
0.00826803,0.00565127,0.00276831,0.00566923,0.00195488,-0.000333278
0.0139483,0.00903103,0.00507482,0.00798108,0.00165165,0.000478103
0.0169411,0.00832919,0.00711479,0.00733225,0.00162656,-4.78608e-05
0.0127518,0.00886896,0.00362883,0.00279789,0.00145472,9.41472e-05
0.0118753,0.00828565,0.0045556,0.00480654,0.000558467,0.00112968
0.0210705,0.00971896,0.011725,0.0228091,0.00451734,0.00667517
0.0161668,0.0109548,0.006198,0.00831776,0.00101298,0.000950759
0.00427862,0.00322006,0.00245588,0.000695481,0.00080004,0.00102706
0.00469594,0.00357231,0.00271157,0.00204769,0.00048223,-0.00130626
0.0064015,0.00482134,0.00372185,0.00172171,0.00102886,-4.60433e-05
0.0125117,0.00861858,0.0044322,0.00458001,0.00126302,0.000338779
0.00783912,0.00530846,0.00335139,0.000953211,0.000721154,0.000135249
0.0173398,0.00697918,0.00712958,0.00751235,0.00193365,-0.000405573
0.0171009,0.00696548,0.00682392,0.00880877,0.000765174,-0.000396668
0.0156982,0.0109397,0.0107261,0.0103437,0.00249092,0.00156497
0.0048724,0.00364858,0.00815857,0.00842593,0.00179388,0.00141161
0.0233634,0.0098463,0.00975024,0.012177,0.00181834,0.000754621
0.0235569,0.00997736,0.00972969,0.0131526,0.00201646,0.000643638
0.00450217,0.00347157,0.00124403,2.00535e-05,0.000356327,0.000626466
0.00787056,0.00493792,0.00213034,0.0024982,0.00109928,0.000747715
0.00465403,0.00363255,0.0027271,0.00255277,0.000548639,0.000889307
0.00518129,0.00379491,0.00229646,0.00326132,-0.000439536,1.78365e-05
0.0128365,0.00904415,0.00501585,0.00298109,0.00139081,0.000523975
0.0134553,0.00957811,0.00410424,0.00199965,0.00140257,0.000334734
0.00797412,0.00612884,0.00369075,0.00102024,0.00131241,0.000418306
0.00987165,0.00437677,0.0057544,0.00929759,0.00208578,-2.64003e-05
0.00959436,0.0044644,0.00568043,0.00706931,0.00162569,0.00120389
0.00866562,0.00531106,0.00705357,0.00678169,0.00160288,0.00149353
0.0194187,0.00729489,0.00997952,0.0142172,0.00279088,0.0025377
0.0186049,0.0081254,0.00761748,0.0145233,0.00244817,0.00131416
0.00842497,0.00601934,0.00382752,0.00346189,0.00146653,0.00130316
0.00872546,0.00601167,0.00496703,0.00929603,0.00201517,-0.00071298
0.0144099,0.00998939,0.00483712,0.00480452,0.000874288,-0.000933338
0.0227993,0.0152399,0.0123129,0.0311794,0.00845371,0.0217721
0.0126419,0.00863217,0.00414159,0.00741353,0.000912832,0.00193574
0.00451957,0.0033931,0.00178777,0.00358562,0.000752257,0.000252576
0.00971907,0.00663076,0.00647992,0.00460304,0.000776538,-7.80938e-05
0.00780176,0.00562776,0.00425444,0.00701278,0.000787055,0.000648059
0.0130662,0.00954829,0.00685546,0.00575946,0.000990112,0.00162679
0.0104435,0.00722313,0.00475501,0.00239718,0.000435682,0.000308475
0.00747782,0.00543475,0.00419514,0.00501604,0.000564527,0.0002863
0.0105165,0.00687742,0.01098,0.00907194,0.00200342,0.000708149
0.0097511,0.00671516,0.003853,0.00268072,0.000688548,-0.00035785
0.00878215,0.00618322,0.00414495,0.00555357,-0.000260132,0.000260998
0.0305841,0.0171207,0.0142569,0.0152448,0.00333488,0.00155562
0.00915179,0.00588369,0.00405838,-0.00151861,-0.00047137,-0.00015449
0.0200242,0.00983314,0.0101469,0.0102764,0.00282613,0.000966832
0.0311092,0.0196254,0.0124154,0.0131817,0.00268912,0.00186322
0.0177777,0.0088518,0.00713358,0.011311,0.00235737,0.00259622
0.0240767,0.011897,0.011203,0.00509135,0.0014192,0.000842228
0.0284348,0.0118502,0.0128229,0.00936186,0.00222125,0.00147276
0.0147961,0.00841475,0.00521051,0.00883866,0.00135471,0.00124626
0.0143988,0.00927884,0.00712459,0.0114547,0.00101291,0.00108144
0.00611267,0.00398976,0.00311399,0.000878328,1.06978e-05,0.000452276
0.0232699,0.00855359,0.00853517,0.00911074,0.00241107,0.00102985
0.023415,0.00854614,0.00845278,0.00783044,0.00192253,0.000978081
0.011289,0.00816139,0.00338349,0.000555642,0.00128844,0.000901595
0.0216039,0.0137075,0.0119552,0.0179451,0.00223103,0.00155475
0.00748536,0.00536886,0.00425717,0.00458558,0.000614146,0.000900703
0.00526479,0.00291932,0.00319031,0.00587139,-0.000251181,0.00108017
0.0110815,0.00665226,0.00398988,0.00709082,0.000818537,0.00155771
0.0253305,0.0143304,0.00867255,0.00948752,0.0021755,0.00226263
0.017659,0.00914305,0.00893458,0.0112868,0.00203734,0.00146781
0.00685789,0.00534128,0.00412814,0.00361805,0.00128184,0.00204162
0.0172842,0.0122005,0.0075526,0.00484871,0.000889761,-0.000262776
0.00942879,0.00649882,0.0029686,0.00290654,0.000660199,0.00128791
0.0058838,0.00410701,0.00294217,0.00379637,0.000953185,0.00158268
0.027332,0.0106351,0.0116367,0.0300848,0.012239,0.0283634
0.0161466,0.00607901,0.00625399,0.00441571,0.00196114,0.00408591
0.0141063,0.00891238,0.00550194,0.00158621,0.0021607,0.000939162
0.00677194,0.00491633,0.00520301,0.00872651,0.000977631,0.000527552
0.0242734,0.0165187,0.00875233,0.0229226,0.0077536,0.0181816
0.00528927,0.00398629,0.00257458,0.000629482,0.00106427,0.00134059
0.0217488,0.014792,0.00630802,0.00793638,0.00104698,1.8901e-05
0.0305159,0.0187759,0.0161051,0.020258,0.00431705,0.00195952
0.0174285,0.00935083,0.00649252,0.00703402,0.00148466,0.00128573
0.0194551,0.00996829,0.00822948,0.00673413,0.00148206,0.00142468
0.00680379,0.00495829,0.00381495,0.00604112,0.00206541,0.00102712
0.0119752,0.00874279,0.00607029,0.00341933,0.00129714,-0.000389086
0.0229797,0.0117684,0.00808756,0.0130359,0.00435482,0.0028311
0.0255724,0.0145142,0.0100763,0.0154671,0.00358747,0.0021243
0.00951506,0.00675904,0.00402759,0.00933718,0.0014657,-0.000318703
0.0083845,0.00596358,0.00345709,0.00505932,0.00110034,-0.000218782
0.00566671,0.004043,0.00419327,0.00472989,0.00126537,0.000248456
0.0112894,0.00766353,0.00559348,0.0119461,0.00213877,0.00076787
0.00709284,0.00454024,0.00358896,0.00158536,0.000622855,0.000661568
0.00708115,0.00412405,0.00376781,0.00381222,0.000606266,-0.00012537
0.0100637,0.00616065,0.0113476,0.00863626,0.00147325,0.00144027
0.0109797,0.00562717,0.00855507,0.00596592,0.000751564,0.000763373
0.0145477,0.0101889,0.00292532,0.0101589,0.00151077,0.0010068
0.00602024,0.00439982,0.00305265,0.00824584,0.000792204,0.0103979
0.0131705,0.00816372,0.0122051,0.0101271,0.00398069,0.00179862
0.0360269,0.0181322,0.0259155,0.0229634,0.00541483,0.00251859
0.0223621,0.0141584,0.00574102,0.0120281,0.0013383,-0.000399722
0.0140541,0.00751572,0.0053572,0.00931952,0.00243348,-2.5325e-05
0.0185125,0.0110982,0.0090475,0.00670466,0.00283635,0.00109916
0.0135509,0.00935353,0.00608066,0.0127549,0.00246286,0.000172458
0.00914715,0.00651126,0.00342409,0.0053415,0.000114074,0.000271977
0.0135815,0.00941097,0.00617386,0.0093561,0.00235412,-0.000565705
0.0069002,0.00508164,0.0035796,0.0029526,-0.000208339,0.000526351
0.00756806,0.00543884,0.00507855,0.00584251,0.00155715,-0.000636938
0.0215284,0.012258,0.00788385,0.0109544,0.00329681,0.00357818
0.0375188,0.0238266,0.0201155,0.0327299,0.0066507,0.00868362
0.0048209,0.00345519,0.00233236,0.000328257,-0.000552919,0.00020098
0.0141586,0.00973006,0.00696265,0.00980381,0.00272783,0.000946177
0.0106693,0.00675938,0.003954,0.00388189,0.00171474,0.00105754
0.0097836,0.0067122,0.00351587,0.000315647,0.000515281,0.0010184
0.00452501,0.00307918,0.00132614,0.00400945,-0.000532282,-3.08624e-05
0.0315374,0.0131532,0.0252422,0.0320477,0.0074955,0.00320113
0.00424401,0.00325842,0.00172944,0.000729109,0.000471326,-0.000275581
0.0157148,0.00864557,0.00702741,0.00630536,0.00187133,0.000447986
0.0170215,0.00873292,0.00726985,0.00672073,0.00174672,0.000707301
0.0151398,0.00835404,0.00550525,0.0142716,0.00371511,0.0106523
0.00651752,0.0044584,0.00225973,0.00429926,0.000573558,-0.00105783
0.0158802,0.0110087,0.00699688,0.00924294,0.00178167,0.00173354
0.0122199,0.00883661,0.00474903,0.00799554,0.0015021,6.37409e-05
0.0122898,0.00868441,0.00359183,0.00392589,-0.000119756,-0.000177277
0.00447588,0.00350634,0.0019329,0.00458033,0.000465819,0.000409302
0.00961583,0.00658745,0.00272312,0.00483551,0.000365875,-5.37287e-05
0.010516,0.00765726,0.00421842,0.00509985,0.00121812,0.00143095
0.00693847,0.00433968,0.00612112,0.00925616,0.00230798,0.00249632
0.00593049,0.00296374,0.0106084,0.0186548,0.00351555,0.00145638
0.00904459,0.0063244,0.00275129,0.00373945,0.00216661,0.00243345
0.00491597,0.00376642,0.00277559,0.00210831,0.000913264,-0.00114079
0.00636345,0.00473889,0.00339241,0.00285329,0.000501555,-0.00139264
0.0159076,0.00784718,0.00677247,0.00970323,0.00306167,0.000619366
0.0141361,0.007673,0.00609632,0.00975984,0.001444,0.000315137
0.00765357,0.00373124,0.00558586,0.0076878,0.00239927,0.00204434
0.00895193,0.00457242,0.00674256,0.00760975,0.00119129,0.0010279
0.0283495,0.0189128,0.00785126,0.00741891,0.00307961,0.000921914
0.0128358,0.00904765,0.00398381,0.00418349,0.00125703,0.00117472
0.0154596,0.0109049,0.00532525,0.00407573,0.000932658,0.000811482
0.00854735,0.00391042,0.00532125,0.0085372,0.00177563,-0.000108441
0.0479478,0.0205593,0.0182661,0.0276136,0.00661076,0.00898443
0.0382392,0.020564,0.0138226,0.0234553,0.00592715,0.00778012
0.0144104,0.00633969,0.00682451,0.0070865,0.00118423,-0.000797733
0.0135161,0.00642802,0.0063852,0.00536642,0.00138075,0.000168568
0.00624271,0.00442975,0.00322935,0.00293183,0.00053042,-6.61975e-05
0.0105608,0.00714302,0.00345172,0.00263175,0.000567299,-0.000472679
0.0108649,0.00766864,0.00474203,0.00301937,-9.0092e-05,0.000231008
0.0141319,0.00984025,0.00364111,0.00625178,0.00140525,0.00139875
0.0243835,0.0164581,0.0130142,0.0214505,0.00526735,0.00327779
0.0151945,0.0105563,0.00439239,0.00487001,0.000978857,0.000962416
0.0178883,0.0118251,0.00796138,0.00487019,0.00323536,0.00120835
0.00747573,0.00542432,0.0040435,0.00741166,0.000274892,0.000852231
0.0157598,0.0111701,0.0112725,0.00983449,0.00217869,0.00156162
0.00849455,0.00601403,0.00337965,-0.00101083,0.0007876,0.000940674
0.00737434,0.00513062,0.00470873,0.00392363,0.000870195,-9.88609e-05
0.00838318,0.00569479,0.00353338,0.003953,0.000281876,-0.000581649
0.00772108,0.00561615,0.0036884,0.00344464,0.000848242,0.000672701
0.0223492,0.0136359,0.00655883,0.0101594,0.00301895,0.00164543
0.0167754,0.0121519,0.00763596,0.0168995,0.00390461,0.00148682
0.00462402,0.00344578,0.00258437,-0.00084883,8.67032e-05,-0.000139135
0.00783047,0.0055689,0.00266754,-0.000387625,0.00112485,0.000746452
0.0146473,0.009884,0.0067531,0.0156702,0.00211828,0.000312625
0.0128551,0.00592688,0.00526851,0.0052825,0.00181397,0.00147809
0.0136084,0.00596504,0.00523749,0.0080147,0.00136493,0.00073836
0.0307257,0.0130177,0.0111978,0.0168863,0.00284104,0.00213818
0.013932,0.00930445,0.00806953,0.00693255,0.00179402,0.00130104
0.0100195,0.00711103,0.00500427,0.00503988,0.00115713,0.00178288
0.0274983,0.0175216,0.0317367,0.0475249,0.0100462,0.00414961
0.0100923,0.00639579,0.00489222,0.00972961,0.00137619,0.00150242
0.00424313,0.00324078,0.00205987,0.00259088,0.00071147,0.000145936
0.00597361,0.00462797,0.0032235,0.00336802,0.000269152,-0.000813469
0.00671337,0.00454272,0.00170524,0.00317498,0.000466085,0.00110778
0.00584956,0.00405426,0.002434,0.00209591,0.000441392,0.000614401
0.0121906,0.00826281,0.0044412,0.0058652,0.00364116,0.00540532
0.0199804,0.0100669,0.00780913,0.00933644,0.00217136,0.00094255
0.0270623,0.0182464,0.0168219,0.0233024,0.0041452,0.000855464
0.00510396,0.0037368,0.00303643,0.00220796,-0.000323102,0.000237301
0.0122348,0.00809744,0.00978557,0.00959621,0.00216476,0.00167401
0.00635334,0.0036129,0.00399166,0.00351416,0.00109284,0.00180321
0.0100244,0.00427089,0.00803032,0.00918334,0.00171959,0.00211142
0.0219405,0.0125521,0.0118627,0.0042048,0.00220954,0.00188033
0.0264713,0.0183612,0.00949825,0.0135001,0.00294553,0.00102468
0.00718049,0.00516071,0.00321591,0.00534022,0.000192065,-0.00110717
0.00398629,0.00295181,0.00263703,0.00190134,0.000294996,0.000485158
0.0213056,0.0151802,0.00732693,0.0119924,0.00248382,0.00114635
0.00422922,0.0032367,0.00586006,0.00322543,0.000885716,-2.43623e-05
0.00863355,0.00597553,0.00363502,0.00795973,0.00118343,0.00136256
0.00935809,0.00667976,0.00671057,0.0090563,0.00167197,0.000553034
0.0196246,0.0140144,0.00651261,0.0114899,0.00112269,0.000558495
0.0166443,0.0100081,0.00669638,0.00667631,0.000189734,0.00151617
0.0172988,0.0121904,0.0102433,0.0143919,0.00268417,0.00239321
0.0166445,0.0118588,0.00818566,0.0110933,0.00137868,0.000845596
0.0172793,0.0116002,0.0109163,0.0147107,0.00378732,0.00163939
0.0185042,0.0128135,0.00595701,0.00952702,0.00185955,0.00189721
0.00759689,0.00527072,0.00160701,0.00499201,0.000314224,0.00169773
0.00725678,0.00520665,0.00568077,0.0108587,0.00219281,0.000601086
0.0126931,0.00909896,0.00886664,0.0144017,0.00253861,8.07839e-05
0.0171131,0.0110431,0.00774939,0.00771789,0.00217457,0.00223925
0.00857915,0.00619496,0.00457321,0.000619847,0.000243717,0.000963293
0.00439927,0.00304028,0.00277664,0.00367368,0.0010868,0.000487044
0.00416002,0.00311173,0.0024827,0.00152757,0.000705472,0.000248206
0.00648084,0.00454572,0.00328636,0.00254738,0.00189019,-0.000381192
0.0104762,0.00773536,0.0056789,0.00805443,0.00272451,0.000685313
0.0135833,0.00915728,0.00665624,0.0111905,0.00250374,0.000166428
0.0143427,0.00930394,0.00599521,0.0101541,0.00091505,-6.34119e-05
0.0199563,0.013265,0.00778526,0.0126539,0.00299441,0.0010876
0.00778886,0.00525691,0.00374382,0.00303219,0.00151152,0.00157051
0.00530291,0.00367717,0.00117051,0.0098605,0.00164114,0.00291722
0.00475473,0.00361182,0.00222076,0.0015881,0.000548165,-0.000217067
0.0301529,0.0197021,0.0124928,0.00855676,0.00154236,0.00110623
0.00578067,0.00443805,0.00308468,0.0019047,0.0003979,0.000547096
0.00447886,0.00339845,0.00266229,0.00306966,0.000764194,0.000534327
0.00526834,0.00378221,0.00161471,0.00274549,-6.52999e-05,0.00133939
0.00749286,0.00503686,0.00388548,0.00751314,0.00301465,0.00805831
0.0213838,0.0117549,0.00977679,0.0103002,0.00195257,0.00167538
0.0182912,0.0104793,0.00861704,0.00664511,0.00058147,0.000763939
0.0122287,0.00862311,0.00584342,0.00674115,0.000801165,0.00147311
0.0137002,0.00938764,0.0111395,0.0165709,0.00204998,0.00265803
0.00564764,0.00391726,0.00538761,0.0106502,0.00113972,-7.26763e-06
0.0163541,0.0114889,0.0108274,0.00782585,0.00234975,0.00265382
0.00415771,0.00334685,0.00251877,0.000173955,-0.000525846,-0.000279185
0.00913179,0.00640375,0.00327146,0.00298138,-0.000340665,0.000276013
0.0155247,0.0110327,0.00425218,0.00777348,0.00188221,-0.000593523
0.00706229,0.00473418,0.00308424,0.0027333,-1.09076e-06,0.000529969
0.00637446,0.00435427,0.00318678,0.00396275,4.00228e-05,0.00180312
0.0137332,0.00865842,0.00543193,0.00474629,0.00201856,0.000721735
0.011127,0.00818109,0.00369388,0.00365128,0.0018518,0.000791314
0.00497334,0.00365112,0.00295418,0.00636469,0.000353129,-0.000693863
0.0192458,0.0137082,0.00459049,0.00693153,0.00198442,-0.000295381
0.0115437,0.00817226,0.00415522,0.00465552,0.000212832,-0.000243427
0.0085705,0.00582283,0.00437962,0.00138456,0.000546983,0.000236004
0.0261526,0.0134654,0.00961508,0.00812218,0.00201701,0.00241958
0.0166066,0.00739783,0.00785176,0.0067004,0.0020027,0.000712803
0.00546801,0.00392378,0.00183012,0.001387,0.000580099,0.000506469
0.00818356,0.00541939,0.00303341,0.00510262,0.000496532,-0.000487997
0.0150826,0.00638451,0.00677461,0.00771333,0.00164312,0.00162533
0.0171517,0.0084146,0.00719767,0.00833699,0.001633,0.00146667
0.017408,0.00793615,0.00772783,0.00865305,0.00208505,0.00274043
0.0229186,0.00941696,0.00962354,0.012638,0.00175715,0.00307682
0.0165007,0.00940825,0.0071741,0.00967602,0.00111726,0.00204439
0.016151,0.0113713,0.00955073,0.0139884,0.00277571,0.00138533
0.0052707,0.00392143,0.00291785,0.0021691,0.000938814,-0.000518947
0.0182316,0.0125792,0.00443749,0.0130967,0.00144242,0.000383311
0.0210553,0.0127337,0.0117054,0.0134155,0.00199797,0.00105066
0.0151026,0.0103753,0.00455345,0.0109808,0.00210681,-0.000240753
0.0115248,0.00790195,0.00376604,0.00173873,0.000126541,-0.000678311
0.0055538,0.0039614,0.00216106,0.00455325,0.00148183,0.00153138
0.0219503,0.0152134,0.0121971,0.0102762,0.00184684,0.00161458
0.012987,0.00889888,0.00614524,0.00931417,0.00151267,0.000505111
0.0049093,0.00344866,0.00388384,0.00416844,0.000687045,0.000132771
0.0318438,0.0133424,0.0271106,0.0604752,0.0213009,0.0521765
0.0279919,0.0133094,0.0235557,0.057636,0.0204459,0.0533681
0.0186718,0.0130045,0.0068732,0.00884646,0.00146323,0.00080591
0.00553316,0.00385156,0.00248633,0.000780349,3.99925e-06,0.00150278
0.00613134,0.00455225,0.00457565,0.00455847,0.00106536,0.00197679
0.0153,0.0110458,0.00623821,0.00625438,0.0010202,0.000744046
0.021182,0.0125544,0.0113417,0.0195432,0.00674411,0.0149492
0.00754427,0.00386968,0.00307884,0.00175241,0.00168874,0.00217075
0.0130298,0.00821969,0.00579291,0.00544141,0.00155937,0.00165691
0.00632593,0.00457417,0.00236031,0.00299379,0.0007099,1.03092e-05
0.0064548,0.00492545,0.00395847,0.00698464,0.00146546,0.00283338
0.00681043,0.0050512,0.00328191,0.00449871,0.00111141,-8.25621e-05
0.00938634,0.00649409,0.00390839,0.0084318,0.0012029,0.00285307
0.00628079,0.00473324,0.00691356,0.00670483,0.00168479,-4.25752e-05
0.0123083,0.00871161,0.00391663,0.0100931,0.00194197,0.000690341
0.00473856,0.00310927,0.00215833,0.000170991,0.000780148,-5.03228e-05
0.0223476,0.0146647,0.0093246,0.0106188,0.0029849,0.00156192
0.00826908,0.0033258,0.00482647,0.00408767,0.000834897,0.000180446
0.00857207,0.00326714,0.00480137,0.00770576,0.00106361,0.000527088
0.0071527,0.00481958,0.00290364,0.0016081,0.000596473,-0.000245978
0.00523446,0.00347063,0.00233034,0.00157768,0.000989227,0.00151481
0.00940402,0.00687653,0.00371599,0.00452082,0.00153266,0.000206219
0.0131743,0.00547523,0.00686655,0.00557544,0.0015415,0.000909277
0.0133854,0.00582821,0.00657392,0.00484042,0.00034773,5.49452e-05
0.0050211,0.003817,0.00243612,0.000983331,-7.10727e-05,-0.00124446
0.0052161,0.00380177,0.002409,0.00104019,0.000145782,0.000152832
0.004319,0.00349882,0.00240361,0.00322026,0.000975421,-0.00049643
0.00887415,0.00618563,0.00526104,0.00608997,0.001238,0.000205343
0.013397,0.00927718,0.00451631,0.00738552,0.000762083,-0.00106582
0.0183904,0.00973637,0.00922209,0.0132552,0.00259528,0.00141276
0.0105255,0.00714353,0.00563709,0.00587386,0.00217811,0.00101684
0.010963,0.00486936,0.00416998,0.00605895,0.000775209,0.00111911
0.010205,0.00342695,0.0061813,0.00795953,0.000666486,0.00134011
0.0188471,0.0128567,0.00609475,0.0126511,0.00195377,9.1546e-05
0.00715086,0.0051532,0.00415042,0.00151758,0.000324961,0.0010466
0.0080972,0.00565915,0.00304935,0.00110721,0.00104377,0.00073994
0.00683966,0.00321267,0.00309457,0.00266079,0.000349539,-9.52919e-05
0.0158042,0.0103153,0.00418597,0.00139261,0.00092516,-0.000360642
0.0122329,0.00875811,0.00560622,0.00669136,0.0019281,0.000254416
0.0221729,0.0135177,0.00767868,0.0125273,0.00314887,0.000169772
0.0165608,0.00702678,0.00667599,0.00596232,0.00250527,-0.000543532
0.00450351,0.00348074,0.00192978,0.00166251,0.000426792,0.000143143
0.0127897,0.00523221,0.00546929,0.00722161,0.00152628,0.00105783
0.0152745,0.00816807,0.00443578,0.0060001,0.00146308,0.000434091
0.0198299,0.0128823,0.0102634,0.0137866,0.00278079,0.00170486
0.0105604,0.00704359,0.00360145,0.00833034,0.00128756,0.000629743
0.00900307,0.00673677,0.00590832,0.00315653,0.00123684,0.000303339
0.0162535,0.0113752,0.00729554,0.00919113,0.00207278,0.00101518
0.0167398,0.0114344,0.00635792,0.00712954,0.0027133,0.000292893
0.0106947,0.00499416,0.00429116,0.00407072,0.0017168,-0.000366174
0.0120738,0.00477599,0.00481266,0.00429353,0.000957025,-0.000247622
0.0350715,0.0229808,0.0140976,0.021569,0.00622385,0.00714727
0.0152479,0.0106609,0.00524969,0.00691866,0.00136969,3.08243e-05
0.00783772,0.00560462,0.00378382,0.00552203,0.00156379,-0.000606885
0.0212176,0.0146318,0.00689983,0.00788828,0.00161071,0.000716949
0.0144813,0.00932464,0.00568078,0.00861293,0.00125305,0.000784338
0.0125642,0.00695088,0.00616335,0.00374207,0.00110991,-0.000288598
0.034751,0.0174627,0.0103454,0.0100927,0.00274687,0.00224711
0.031779,0.0174921,0.00920892,0.00871818,0.0019043,0.00175624
0.0236083,0.012457,0.00914277,0.0152873,0.00313013,-0.000844933
0.00777429,0.00542796,0.00894024,0.0154236,0.00362609,0.00142328
0.0215069,0.0141345,0.00701709,0.0142367,0.00271781,0.00254275
0.0172883,0.0103041,0.0149863,0.0184148,0.00360878,0.00423907
0.00759212,0.00554262,0.00374087,0.00203176,0.000768748,0.000563371
0.0372054,0.0230004,0.0334886,0.0455221,0.00987022,0.00840353
0.0117272,0.00854107,0.00491906,0.00997025,-1.13426e-05,0.00219792
0.00482484,0.00364967,0.00252086,0.00163895,0.0017433,-0.000607667
0.0187199,0.01092,0.0158084,0.0211927,0.00430714,0.00127713
0.0116226,0.00837819,0.00908849,0.00844436,0.00202006,0.000396917
0.00735717,0.00487154,0.00312208,0.00707083,0.000809049,0.000526872
0.00826816,0.00565058,0.0042829,0.0053189,0.000772873,0.00150061
0.0117395,0.00795204,0.00555598,0.0102333,0.00272083,0.00695452
0.00513927,0.00391883,0.00257566,0.00407325,0.00104832,-0.000658041
0.0150936,0.00776578,0.00870857,0.00655305,0.00169928,0.000908119
0.0202477,0.0138132,0.0064276,0.015061,0.00361449,0.00538443
0.0108811,0.00797927,0.00497908,0.00333932,0.000564137,0.000196064
0.0138218,0.00687274,0.00570417,0.0099877,0.00246909,0.00173373
0.0207714,0.0125147,0.0120261,0.016202,0.00246941,0.00161873
0.0123109,0.00726784,0.00481174,0.00464435,0.000958001,0.00170971
0.00982313,0.00488084,0.00373128,0.00258804,0.00172228,0.00148917
0.0308752,0.0156329,0.0135021,0.0135946,0.00354861,0.00202118
0.0140919,0.00949059,0.00580371,0.00511956,0.0020956,0.000555062
0.00959772,0.00661496,0.00565602,0.00552708,0.00127438,0.00146432
0.00768081,0.00556843,0.0035314,0.0033055,0.000874326,-0.000175953
0.00762985,0.00539511,0.00555621,0.00220841,0.000692426,0.00138367
0.00465631,0.00336964,0.00251154,0.00541203,0.00209664,0.000600316
0.00451736,0.00336882,0.00214674,0.000110346,0.000724957,0.00220646
0.0302914,0.0164041,0.0181094,0.0187684,0.00435846,0.00313702
0.0120807,0.00812381,0.00254753,0.0037528,0.000812982,-0.000413939
0.0297087,0.0190605,0.0147972,0.0193407,0.00377703,0.000915536
0.00609087,0.00484456,0.00253589,-0.00126648,0.0020548,0.00055931
0.0112484,0.00789364,0.00457191,0.00909359,0.00324101,0.00759513
0.0129628,0.00893984,0.0037942,0.00774486,0.00159422,0.000285009
0.00690624,0.00293994,0.00356712,-0.000683557,0.00127867,0.000391643
0.0129295,0.00841769,0.00474271,0.0033491,0.00245578,-0.000126248
0.00512868,0.00360367,0.00307327,0.00386129,0.000780386,0.00143143
0.0113243,0.00848181,0.0056517,0.00953026,0.00265913,0.000770132
0.00476483,0.00339073,0.00250528,0.00575592,0.000611299,-4.903e-05
0.0383493,0.025131,0.0166263,0.0178757,0.00389779,0.00522755
0.00860066,0.00614402,0.00366434,0.00236862,-9.37875e-06,-0.000226466
0.00443935,0.00351584,0.0027984,0.00384431,0.00083276,0.000638189
0.00436645,0.00341476,0.00224683,0.00183058,0.000535068,-0.00156139
0.0094084,0.0065487,0.00216862,0.0045739,0.00101859,0.000807866
0.00628357,0.00398703,0.00307478,0.00438696,0.00041093,-0.000241487
0.0109938,0.0081105,0.00567489,0.0038754,0.00229781,0.000151879
0.0120406,0.00833385,0.00495496,0.00604771,0.00254112,0.000384551
0.0176711,0.0107333,0.00857569,0.0111185,0.00350419,0.00109202
0.00655535,0.00378833,0.00301463,0.00493488,0.0011016,0.000976215
0.010528,0.00687629,0.00448322,0.00299656,0.00152599,-1.65738e-05
0.016058,0.0109968,0.00962569,0.00530036,0.00254771,0.00123893
0.022767,0.0135126,0.00775812,0.00768129,0.00192779,0.00166886
0.0399562,0.0171488,0.0129231,0.0190062,0.00336981,0.00220105
0.0341124,0.0171056,0.0107727,0.0159622,0.00336021,0.00219567
0.0265819,0.0165159,0.0121224,0.015108,0.00230159,0.00215059
0.0148523,0.0103597,0.00780869,0.012141,0.00233821,0.00245959
0.0158342,0.0106189,0.00840794,0.0110816,0.00232484,0.00232101
0.023725,0.0135417,0.0107554,0.0096191,0.00271144,0.0020489
0.0122166,0.00430252,0.00686999,0.00436989,0.00198475,0.00246408
0.0101951,0.00453008,0.00637806,0.00481274,0.00132758,0.00230153
0.0127113,0.00927391,0.0055385,0.00515006,0.00187746,0.00114794
0.00734854,0.00527155,0.00328668,0.00551481,0.000671678,0.000823
0.00430965,0.00326876,0.00220924,0.00320014,0.00102863,-0.000376041
0.00567888,0.00442619,0.00267544,-0.000982128,0.000498899,0.000648637
0.00541533,0.00388435,0.00218859,0.0055859,4.10594e-05,0.000194787
0.00470158,0.00355434,0.00274161,0.00139638,0.00051683,-0.000199619
0.0218218,0.00951004,0.0108698,0.0127382,0.00203491,0.000558728
0.0269135,0.00949961,0.0137479,0.0153995,0.0026204,0.00179759
0.0266776,0.00856024,0.0118801,0.0120838,0.00297272,0.00197934
0.0282474,0.0138536,0.0111813,0.0113567,0.00303282,0.00143753
0.0201038,0.0132288,0.00810336,0.00861418,0.00190459,0.00116896
0.00772647,0.00541566,0.00383888,0.00919833,0.00147873,0.000476226
0.0173155,0.0102564,0.00845765,0.0113231,0.00243194,0.00140941
0.00599862,0.00408734,0.00304289,-0.000758305,0.00106615,0.00098864
0.0128807,0.00885472,0.00497659,0.00202603,0.000835442,0.000381273
0.00636708,0.00443948,0.00327772,0.00472996,0.000230087,0.00179624
0.00640662,0.00471292,0.00253364,-0.000580692,0.00132395,-0.000500253
0.0054793,0.00364296,0.00722779,0.00649029,0.000942428,0.00177901
0.014485,0.00764461,0.00663507,0.00569483,0.00130958,0.00161124
0.0108367,0.0078918,0.00379238,0.00504931,4.14083e-05,0.000864865
0.00902308,0.00660576,0.00322427,0.000146389,-0.000722565,0.000830093
0.00785815,0.00583819,0.0046939,0.00659482,0.000585941,-0.000169783
0.00545233,0.00428384,0.002831,0.00319492,-0.000416303,0.000277358
0.00650862,0.00472617,0.00284176,0.00401804,0.00149478,0.00271736
0.0228233,0.0102729,0.00886022,0.0130042,0.00256652,0.000171991
0.023912,0.010788,0.00810553,0.0128863,0.00223744,0.00172237
0.00910982,0.0061418,0.00538818,0.0049097,0.000305701,0.00200135
0.00770763,0.0033284,0.00394483,0.00528744,0.00177393,0.000583681
0.00842256,0.00454489,0.00302822,0.00817254,0.00120022,-4.80237e-05
0.0109093,0.00810414,0.00462471,0.011727,0.00295342,0.00890622
0.0104474,0.00737895,0.00753287,0.0164204,0.00362242,0.00797509
0.0134965,0.00806386,0.00980971,0.00847958,0.00118453,0.00159625
0.005119,0.00366161,0.00277869,0.00376281,0.00030647,0.00135133
0.0123331,0.00849598,0.00504378,0.00854257,0.00106995,-0.000105595
0.00979733,0.00700152,0.00499202,0.00473064,0.000969009,0.000574279
0.0101716,0.00739033,0.0073144,0.0120689,0.0050571,0.011712
0.011033,0.00758374,0.00494751,0.00822079,-0.000318818,0.000957182
0.00434419,0.00297683,0.00246696,0.00175412,0.000433878,0.00140768
0.0160112,0.0115502,0.00825356,0.00695195,0.00172746,0.00107052
0.0470038,0.0231752,0.0271432,0.0380409,0.00987423,0.0166613
0.0486323,0.0230133,0.0272112,0.0372729,0.0103407,0.0164145
0.00703674,0.00513378,0.00208873,0.0027772,0.000158381,0.000198506
0.0291314,0.0102622,0.0142072,0.0189222,0.0068004,0.00385574
0.0540771,0.0276478,0.0513773,0.0694045,0.0147967,0.00561936
0.0291741,0.0134589,0.0194595,0.0232826,0.00640045,0.00341565
0.0119498,0.00827073,0.00578765,0.00710196,0.00127508,0.000782665
0.0147963,0.00975545,0.00737711,0.00865692,0.00143719,0.00123125
0.00632251,0.00443025,0.00322012,0.00107101,0.00108179,0.000401845
0.0126212,0.00889338,0.00580539,0.0066599,0.00157261,0.00137454
0.00687458,0.00490228,0.0075259,0.0105243,0.0018149,0.00191264
0.00641153,0.00476417,0.00349876,0.00392777,0.000804565,0.00153461
0.0141986,0.00822749,0.0071948,0.00426305,0.00133559,0.00112915
0.00507032,0.00390815,0.00220941,0.00153502,0.00121552,0.000432318
0.00626911,0.00467074,0.00294245,0.00209392,0.000984954,-0.00046023
0.00563048,0.00391023,0.0021215,0.00400912,0.000672481,-0.000116289
0.00443613,0.00298113,0.0012856,0.00399631,0.000292999,0.000860725
0.00711602,0.00528483,0.00465133,0.00576881,0.001663,-0.000293312
0.00960115,0.00700374,0.00477337,0.00400173,0.00167289,0.000725972
0.0153655,0.0108599,0.0066249,0.00385273,0.000705214,0.00158175
0.0102884,0.00735699,0.0104795,0.0138097,0.00243818,0.00141052
0.00947262,0.00652188,0.00585292,0.00643959,0.000644291,0.000491622
0.0191366,0.0130568,0.00572741,0.00693701,0.00249972,0.00119865
0.00558684,0.00358589,0.00274508,0.000655487,-0.000129116,0.000196637
0.00638571,0.0046139,0.00288146,0.00257775,0.00169384,0.000543967
0.0182677,0.00968169,0.00688814,0.00556258,0.00126532,0.00217165
0.0178314,0.00975692,0.00688313,0.00512173,0.000729086,0.00232481
0.0146715,0.0102604,0.004996,0.00330473,0.000929653,0.00160658
0.00549559,0.0038737,0.00265669,0.00617154,0.000779882,0.000166161
0.0178144,0.0082049,0.00721853,0.0123157,0.0019386,0.00198244
0.0238004,0.0109537,0.00745714,0.0119338,0.00196091,0.00185674
0.0153716,0.0107697,0.00441324,0.00862573,0.000707913,0.00144848
0.0138944,0.00573972,0.00690155,0.00596328,0.00251112,0.000445655
0.0136536,0.00707993,0.00489065,0.0097447,0.00119518,0.00134111
0.0168671,0.0108964,0.00518362,0.00774527,0.000472678,0.00245806
0.0134515,0.00930067,0.00330296,0.00860833,0.00197757,-3.18645e-05
0.00609067,0.00452399,0.00361301,0.00360084,0.00107776,0.000944889
0.00648991,0.00467105,0.00249311,0.00194673,0.000745825,0.00116053
0.0147597,0.0101638,0.00518492,0.00633028,0.00198636,-0.000175897
0.00893567,0.00548794,0.00289324,0.00205177,-0.000122156,-0.000193364
0.0107492,0.0050524,0.00511094,0.00626169,0.00154986,0.00116652
0.0132269,0.00925186,0.0032796,0.00656801,0.0015754,0.000311976
0.0346982,0.0149337,0.0133401,0.021248,0.00340075,0.00254758
0.031752,0.0149339,0.0110402,0.0203413,0.00283255,0.00205245
0.00769184,0.00563865,0.0123928,0.00811803,0.00271606,0.00126365
0.00685152,0.00459712,0.00317751,0.00117988,0.000711531,3.60306e-05
0.00875934,0.00650299,0.0036474,0.00380814,0.000430245,0.000857807
0.00712269,0.00520059,0.00240126,0.000212924,0.000572089,-0.000450679
0.00965012,0.0073045,0.00299489,0.00905591,0.000493718,2.43772e-05
0.0111812,0.0076351,0.00440431,0.00467785,0.00232693,2.96716e-05
0.00676919,0.00360479,0.00396129,0.00398787,0.000641718,0.00013168
0.00578606,0.003266,0.00349359,0.00597337,0.000279249,0.000435771
0.0282408,0.0140372,0.0131943,0.0154738,0.00256586,0.00158791
0.0200472,0.012595,0.00901298,0.00950307,0.00115199,0.000434555
0.0123276,0.00857055,0.00542491,0.00342972,0.00156357,0.00201451
0.0038291,0.00293121,0.00222559,0.00201948,0.000215055,0.000763836
0.0044626,0.00357342,0.00148749,-0.00142918,-0.000174179,-0.000617577
0.0115813,0.00811973,0.00590535,0.00439279,0.0014985,0.00141086
0.0043944,0.00329121,0.00222789,0.00434086,0.000189528,-0.00053605
0.0177653,0.0119516,0.00683698,0.0046632,0.000660306,-0.000411331
0.00489157,0.00361239,0.00267102,0.00239477,5.29283e-05,0.000353779
0.00975886,0.00693463,0.00281675,0.00387897,0.000828905,0.000782626
0.00603048,0.00454205,0.00372156,0.00120982,-0.000819384,-0.000977811
0.00723262,0.00471283,0.00351652,0.00837196,0.00113897,-6.96285e-05
0.0105249,0.00588713,0.00642174,0.00486728,0.000384823,-0.000235071
0.0179778,0.0119077,0.00799622,0.00706881,0.0012591,0.000712083
0.0176597,0.0119456,0.00936519,0.00959266,0.00313848,0.00221636
0.00425987,0.0034456,0.00222002,0.00223845,0.00133638,0.00174868
0.00666333,0.00496215,0.00433751,0.00282248,0.000322324,0.000644751
0.0119546,0.00824315,0.0161649,0.0179953,0.0017922,0.0035745
0.0120875,0.00708671,0.00584074,0.00461667,0.00158295,-0.000772494
0.00820538,0.00544249,0.00346889,0.00149635,-0.00022183,0.000102645
0.0146161,0.0102668,0.00433748,0.00971903,0.00155148,0.000529799
0.0108541,0.00723612,0.00402256,0.0239898,0.00661157,0.0214709
0.0214389,0.0146345,0.0105405,0.0127798,0.00309405,0.00130719
0.00714852,0.0050294,0.00356808,0.00786767,-8.85259e-05,0.000975403
0.0165647,0.0115105,0.00543529,0.00776247,0.000372896,-0.00104934
0.00821033,0.00609696,0.00638666,0.00475916,0.00195812,0.000434729
0.0101549,0.00705678,0.00437868,0.000748751,0.000236243,0.00194693
0.011204,0.00553888,0.00598849,0.00703992,0.00217021,0.000954586
0.0326273,0.0198468,0.0223424,0.0321316,0.00602002,0.00355385
0.0130439,0.00886586,0.00457828,0.00601482,0.000453366,-0.000898425
0.0218415,0.0150043,0.00692291,0.0103469,0.00111454,0.00238634
0.00835149,0.00585341,0.00364622,0.00389414,0.00035596,0.00112961
0.00832059,0.00624505,0.00422659,0.00281466,0.00187595,0.00118123
0.0123926,0.00848295,0.00517172,0.00471603,0.000885878,0.000446815
0.0122846,0.00864472,0.00585365,0.000245216,0.000958826,0.00214867
0.00844612,0.00603133,0.00426279,0.00398321,0.000420782,0.00166035
0.030089,0.0191699,0.0456069,0.0548478,0.0107823,0.00534065
0.0397367,0.0223469,0.0157088,0.0220976,0.00504571,0.00295689
0.0426472,0.0224955,0.0158551,0.0182756,0.00414467,0.00318582
0.00428217,0.00319043,0.00177794,0.00377702,0.000674547,5.95867e-05
0.0112007,0.0047343,0.00552908,0.00330268,0.000927353,-4.00992e-05
0.0129862,0.00530928,0.00533419,0.00277943,0.00105975,-0.000862652
0.00792206,0.00546236,0.00309286,0.0013027,0.000884605,-0.000950567
0.00933902,0.00467582,0.00549027,0.00634069,0.00176598,-0.000155047
0.0121417,0.005614,0.00674177,0.00849712,0.00129937,-0.000894367
0.00405257,0.00304389,0.00315271,0.0105745,0.00309931,0.0075765
0.00744378,0.00549679,0.00375241,0.00013903,0.000765039,0.000464184
0.00817604,0.00566,0.00262067,0.00409296,0.00138614,0.00199446
0.00545256,0.00374712,0.00170067,0.00102442,0.000663796,0.000546828
0.00484833,0.00317901,0.00160065,0.00313909,0.000521679,0.000694459
0.00653906,0.00467434,0.00337696,0.00490555,-0.0001965,0.000616189
0.0128441,0.0063732,0.00586327,0.0103768,0.00148471,-6.44462e-05
0.0184562,0.0111595,0.0083215,0.0109262,0.00216603,0.00168778
0.00915681,0.00632393,0.00500906,0.00556424,0.00130712,0.000509557
0.0127973,0.00887837,0.00584407,0.00665476,0.00129734,0.000627335
0.00971892,0.00686935,0.00328176,0.00550701,0.000855024,-8.99517e-05
0.00660952,0.00495415,0.00699266,0.00736286,0.00235836,0.00100976
0.00683983,0.00482656,0.00266298,-0.00110599,0.000589311,0.00180684
0.00594654,0.00432633,0.00971388,0.00650725,0.00283801,0.000559115
0.0106304,0.00726671,0.00543626,0.00324943,0.000769378,-3.01991e-05
0.0095987,0.0065871,0.00500793,0.00527692,0.00031907,0.000412138
0.00672898,0.00437346,0.00304174,0.00368464,0.00132952,-8.69239e-05
0.0121544,0.00851972,0.00533776,0.00769007,0.00106541,0.000865351
0.00574242,0.00437877,0.00463213,0.00468802,0.00141874,-0.000106064
0.0218556,0.0150103,0.0081804,0.00901526,0.00229307,0.00010429
0.00621824,0.00467134,0.00390829,0.00826112,0.000754753,0.00033733
0.0128686,0.00928785,0.00338408,0.00938098,0.000234612,-0.000333409
0.00592255,0.00429256,0.00282151,0.00408621,0.00137392,-0.000131813
0.0161642,0.00628297,0.0071864,0.0105045,0.00121144,0.0022483
0.0162405,0.00621729,0.00711128,0.00928805,0.000945254,0.00191411
0.00835605,0.00372786,0.00572578,0.000416506,0.000706055,-0.000749906
0.00812283,0.00396889,0.00564636,0.000451268,0.000981668,0.0002837
0.00900631,0.0061596,0.00308491,0.00706342,0.000601774,0.00161188
0.0113363,0.00769468,0.00515995,0.00507253,0.00118087,-0.000539834
0.0248354,0.0132943,0.013118,0.0270729,0.0102111,0.0207742
0.0125352,0.00669581,0.00578995,0.00423341,0.0017214,0.00338885
0.00700451,0.00495091,0.00336253,0.00281905,0.000597785,0.00044032
0.00629791,0.00412525,0.00257718,0.00624287,0.00159663,0.000660856
0.0161438,0.0106725,0.0131077,0.0127657,0.00345705,0.00363181
0.0248216,0.00912943,0.0119457,0.0142152,0.00242947,0.000930097
0.00799563,0.00418733,0.00298754,0.0040757,0.0012065,-0.000242141
0.0049081,0.00306334,0.00191301,0.00335563,0.000301251,0.000461518
0.0067218,0.00469588,0.00207886,0.00262368,0.000518601,0.000656591
0.01394,0.00639798,0.0067285,0.00513572,0.00107814,5.32546e-05
0.0288214,0.0191763,0.0142728,0.0352842,0.012194,0.0243005
0.0163555,0.0112531,0.00544575,0.0066609,0.00159296,0.00109376
0.00647694,0.00422975,0.00285529,0.00522186,0.000349299,-0.00145241
0.00774683,0.00485035,0.00329639,0.00665715,-7.60802e-05,6.90027e-05
0.00586081,0.00313511,0.00259175,0.00199031,-4.00538e-05,0.000212118
0.00805307,0.00608525,0.00312348,0.00326549,0.000679907,0.000785122
0.0141462,0.00947078,0.00617918,0.0145986,0.00226105,-0.000275433
0.0109315,0.00740352,0.00288468,0.00798381,0.000992915,0.00184388
0.00796644,0.00555666,0.0035955,0.00217163,0.000630271,-0.0011994
0.00992805,0.00644622,0.00586727,0.00212497,0.00170574,0.000589346
0.004063,0.00339328,0.00211347,0.00175039,0.000269393,-0.000348344
0.0118349,0.0059224,0.00822497,0.0101683,0.002546,0.0011711
0.009507,0.00407392,0.00628296,0.00379952,-0.000552124,0.000973192
0.0370592,0.0158419,0.0144718,0.0160499,0.00285798,0.00248605
0.0370328,0.0158934,0.0143003,0.0175435,0.00338082,0.00170908
0.00773065,0.00346024,0.00407973,0.00264264,0.000211368,0.000492549
0.0122657,0.00759339,0.00550714,0.0019494,8.6089e-05,-8.36651e-05
0.0205185,0.0147056,0.0107731,0.00737359,0.00197259,0.000934276
0.0133203,0.0094553,0.00786319,0.00927959,0.00138165,0.000155591
0.0325158,0.0129836,0.014579,0.0203443,0.00543405,0.00332568
0.0364456,0.0139962,0.016464,0.0175088,0.00500896,0.00271076
0.00942278,0.00585782,0.00428385,0.00177037,0.000951044,0.00139053
0.0146987,0.0091169,0.00599095,0.00193056,0.000857522,0.0018502
0.0100581,0.0074059,0.003919,0.0060857,0.0014263,0.00208064
0.00675139,0.0047695,0.00173673,0.00426497,0.00127659,0.000667347
0.0196842,0.0138325,0.0114943,0.015946,0.00387737,0.0018023
0.0172253,0.00935137,0.00883687,0.0139654,0.00367245,0.000540935
0.0279799,0.0175598,0.0269108,0.0236045,0.00458634,0.00102622
0.0394537,0.0201604,0.0148041,0.0171595,0.00397173,0.00252951
0.00874124,0.00621477,0.00389625,0.008338,0.000261139,0.000674486
0.0179629,0.0122909,0.00745704,0.00885609,0.00176331,0.000799743
0.00806071,0.00588502,0.00465093,0.00330059,0.00132582,0.000769639
0.0107231,0.00720732,0.00605122,0.0172102,0.00586064,0.0139857
0.0319633,0.0121608,0.0114824,0.00928045,0.00299334,0.00151518
0.0309251,0.01219,0.011091,0.0107367,0.00183091,0.00207876
0.0116538,0.00478312,0.0107106,0.0176239,0.00594809,0.00938037
0.0129814,0.00716276,0.00963829,0.0146875,0.00340869,0.00192798
0.00830131,0.00603931,0.00390571,0.00434315,0.000905727,-6.28259e-05
0.00878224,0.00588525,0.00194407,0.00202901,0.000473824,-0.00106863
0.00876213,0.00611145,0.00521303,0.00453846,-0.000135926,0.000345197
0.00540327,0.00398476,0.00280447,0.00279406,0.000183716,-6.76596e-05
0.00453102,0.00332572,0.00246686,0.00510117,0.00101763,0.00090324
0.0062254,0.00462913,0.00260846,0.00336001,0.000380246,0.00110504
0.0148579,0.0102796,0.00631466,0.0054538,0.000645316,0.000475122
0.0205682,0.0134236,0.00743147,0.0054461,0.00249882,-0.000722349
0.00948428,0.00673266,0.00472522,0.00355414,0.000810863,-0.000633808
0.00847428,0.00618218,0.00315309,-0.000913053,-0.000677532,0.00065154
0.01162,0.00781032,0.0040285,0.00827082,0.00208758,0.000390581
0.00632425,0.00442033,0.00303998,0.00599154,0.00189953,0.000542448
0.00417294,0.00292479,0.00235619,0.00312367,0.000136481,0.000692531
0.00419638,0.00316264,0.00218177,-0.00418751,-0.000184558,0.000608367
0.015722,0.00867492,0.00888715,0.00932683,0.00259649,0.000277058
0.00958216,0.00707957,0.00326169,0.0032755,-0.000141034,0.00020815
0.0102985,0.0074809,0.00402879,0.00532991,0.000621575,-3.55856e-05
0.00845552,0.00536459,0.00491974,0.00255811,0.000693347,0.000982854
0.00552204,0.00377822,0.00756977,0.00702754,0.00162889,-2.46413e-05
0.00949414,0.00697615,0.00368571,0.000336913,0.00108443,0.000330243
0.00728376,0.00374956,0.00382788,0.00614903,0.000502654,-0.000721969
0.00788641,0.00374695,0.00384834,0.00406404,0.000389621,-0.000838765
0.0174712,0.00919515,0.00757302,0.011863,0.00253864,0.00076404
0.0199673,0.0100939,0.0105024,0.0130338,0.00157075,0.00188028
0.0190117,0.0129126,0.00882819,0.0123455,0.00143574,0.00123126
0.0127843,0.00755879,0.00894866,0.0108724,0.0020769,0.00183018
0.00858526,0.00436129,0.00852639,0.0155297,0.00203471,0.00133978
0.0043192,0.00323242,0.00256552,-0.000695466,0.000369561,0.00130545
0.0140993,0.0101399,0.00560951,0.00446401,0.00182761,0.00173586
0.011839,0.00843771,0.00524499,0.00436665,8.90252e-05,-0.00079545
0.00991862,0.00716422,0.00237887,0.00307714,0.000569752,0.00033304
0.0163591,0.0117489,0.0098358,0.0129608,0.00269635,0.00116025
0.00430716,0.00356141,0.0023113,-0.000101775,6.54004e-05,-0.000199873
0.00521151,0.00407476,0.00268108,0.00249593,0.000186277,0.00081292
0.0129483,0.00911552,0.00537286,0.00682393,0.00159937,-0.000383891
0.0516574,0.0328402,0.0212385,0.026448,0.00569241,0.00687274
0.00617793,0.00415501,0.0027829,0.00153231,-0.000559409,9.45533e-05
0.0156809,0.0101044,0.00456457,0.00482845,0.000704084,0.00103509
0.00722174,0.00496217,0.00485739,0.00527087,0.000308166,0.00339953
0.0152696,0.00881391,0.00602367,0.00508631,0.00150493,-4.32937e-05
0.00702291,0.0051545,0.00455291,0.011088,0.000293783,0.00137859
0.00571847,0.00436771,0.00263357,0.00193931,0.000524435,0.000118126
0.0049744,0.00358747,0.00242993,0.00255909,0.000601518,0.000537934
0.00720346,0.00511518,0.00340551,0.00161626,-6.87939e-05,0.000920148
0.0247863,0.0130958,0.00959099,0.0122424,0.00240428,0.00198872
0.0262502,0.0129665,0.00975188,0.0135259,0.00260736,0.00170238
0.00899375,0.00644454,0.0041207,0.00735451,0.000744479,0.000633283
0.00466639,0.00308295,0.00215869,0.00244346,0.000149481,0.000274331
0.0126139,0.00875058,0.00452158,0.00637147,0.000106776,0.0010679
0.0131328,0.00666982,0.0067438,0.00983283,0.00122135,-0.000145886
0.0218967,0.0121993,0.0104943,0.0160776,0.00202873,0.000631976
0.0107676,0.00772012,0.00273316,0.0105142,0.00153581,0.000720731
0.0158981,0.0110012,0.00455985,0.00502921,0.00181103,0.000150317
0.00511772,0.00368632,0.00535939,0.00387292,0.00169752,-0.000284932
0.00865565,0.00454659,0.00521163,0.00681822,0.00135008,0.000651483
0.0118779,0.00761309,0.013545,0.0128625,0.00202985,0.000449967
0.0211073,0.0140376,0.0127864,0.029893,0.0109412,0.0208681
0.0152107,0.007599,0.00466077,0.0115047,0.00222707,0.00210678
0.0183601,0.00526432,0.007402,0.0140771,0.00224099,0.0011833
0.0308141,0.0216612,0.00958959,0.0147398,0.00108761,0.00120433
0.0099633,0.00679753,0.00316022,0.00294103,0.000384694,0.000196124
0.00690811,0.0049619,0.00247082,0.00204805,-8.27591e-06,-0.000208467
0.00787793,0.00520681,0.00470384,0.0077164,0.00320876,0.00428134
0.00558704,0.00299236,0.00258879,0.0160909,0.00372473,0.0125409
0.00581059,0.00449305,0.00405923,0.00924619,0.00176598,-0.000119411
0.00573721,0.00421891,0.00177069,0.00674402,-0.000531369,0.000309334
0.00773888,0.00585384,0.00425102,0.00247954,0.000301765,0.00031757
0.0135891,0.00921318,0.00335629,0.00811574,0.00211419,0.00120899
0.00601968,0.00459291,0.00295553,0.0032875,0.000827688,4.68553e-05
0.0112753,0.0065337,0.00585746,0.00520066,0.00124951,0.000817348
0.00739724,0.00508525,0.00541497,0.00473576,5.87393e-06,-0.000333075
0.00917799,0.00659906,0.00574319,0.00452357,0.00107393,0.000270188
0.0108263,0.00606878,0.0127358,0.00993276,0.00237673,0.000922734
0.0111356,0.00598517,0.0128881,0.0112165,0.00216974,0.000996086
0.00682854,0.00463608,0.00264551,0.00457282,0.00143828,0.000419768
0.00919486,0.00646605,0.00645508,0.0110817,0.00138109,0.000195988
0.0159223,0.00557906,0.00769015,0.0064194,0.00144533,-4.83534e-05
0.0141702,0.00492769,0.00643858,0.00355755,0.0013966,0.00146167
0.020067,0.0100895,0.0069761,0.00678963,0.00145637,0.00258079
0.00974826,0.00606486,0.00430548,0.00802934,0.00124037,0.000172777
0.0110414,0.00796936,0.00397968,0.00196646,0.000384907,0.000239954
0.0154457,0.0081409,0.00825972,0.0120419,0.00156833,0.0002101
0.0212398,0.0108552,0.0157042,0.0266089,0.0089419,0.0146466
0.0249404,0.0106934,0.0191876,0.0298834,0.00828774,0.0134608
0.00798708,0.00563145,0.00269753,0.00468984,0.00102773,-0.000227594
0.00975835,0.00703325,0.00358592,0.00730447,0.000426587,-0.000248911
0.0299224,0.0192612,0.0166616,0.0197661,0.00357247,0.00124345
0.00612139,0.00447827,0.00101271,0.00150488,0.000186936,0.002534
0.00485399,0.00379511,0.00143241,0.0168278,0.00689563,0.0189397
0.00675029,0.00509018,0.00182521,-0.00134072,0.000199641,-0.000705348
0.0201421,0.0141139,0.00730049,0.00905971,0.000969512,0.000141413
0.0130001,0.00925757,0.0051746,0.00651536,0.000687979,0.00102821
0.0137085,0.00903612,0.00982241,0.0101449,0.0016853,0.00110566
0.0128252,0.00847189,0.00516674,0.00773029,0.00167782,0.000824989
0.0125844,0.00810671,0.00416095,0.00549612,0.000231613,-0.000606202
0.00770039,0.00557138,0.00304483,0.00696929,0.000701748,0.0016667
0.00947909,0.00457662,0.00620323,0.00916318,0.00133243,0.00191513
0.0135876,0.00656109,0.00887658,0.00773172,0.00143955,0.00121103
0.00629228,0.00473366,0.0027255,0.000244249,-0.000942546,0.000104077
0.0152197,0.0107977,0.00942652,0.00704866,0.000585811,0.000710927
0.00875252,0.00619699,0.00212524,0.00405083,0.000150973,-0.000219068
0.0213608,0.0117579,0.0067791,0.0118819,0.0023676,0.00129448
0.035038,0.0164876,0.0117407,0.0153864,0.00312526,0.00202697
0.0280436,0.0166279,0.00972464,0.0116492,0.00227489,0.00234093
0.0116672,0.00751479,0.00425549,0.00591926,0.0013259,0.000161081
0.0157163,0.0108489,0.0103263,0.0120678,0.00223905,0.00260507
0.0214473,0.0142952,0.00956368,0.0110675,0.00288746,0.000451436
0.00670072,0.00451395,0.00442629,0.00666651,0.00129008,0.00192383
0.00543718,0.00378173,0.00298331,0.00271026,0.000301891,0.00021614
0.0054219,0.00418105,0.00747932,0.00800667,0.00120805,-0.000227385
0.0126272,0.00682901,0.00656641,0.0158893,0.00249178,0.00386066
0.00721387,0.00517523,0.00354558,0.00312038,-0.000213356,-0.000752145
0.00611323,0.00412634,0.00122,0.00197727,0.000564466,-0.00100343
0.0238769,0.0163354,0.00867006,0.0159548,0.00189915,0.00167253
0.0243505,0.016193,0.00669912,0.0161979,0.00399155,0.00692604
0.0113629,0.00784477,0.00569009,0.00737211,0.00131701,0.000458791
0.0114377,0.00744666,0.00523922,0.00392293,0.00126061,0.000438721
0.00767292,0.00318464,0.00391946,0.00379305,-0.000124282,0.000221418
0.0103302,0.00659967,0.00787387,0.0105794,0.00289552,0.00777421
0.0151922,0.0069969,0.010068,0.0113789,0.00341935,0.00469502
0.0110896,0.00564383,0.00624106,0.00575052,0.0013434,0.000732086
0.00626586,0.0047155,0.00306373,0.00104429,0.000564575,0.000378784
0.00420327,0.00305058,0.0030175,0.00560771,0.00117786,8.83828e-05
0.00967271,0.00714097,0.00429263,0.00451985,0.000675341,0.00053459
0.005901,0.00449533,0.00278892,6.6668e-05,0.000219846,-6.35973e-05
0.00872369,0.0036638,0.00381254,0.0059517,0.00146026,0.00022723
0.0175832,0.00671223,0.0082793,0.0129846,0.00297952,0.000185273
0.0130022,0.00494834,0.00558504,0.00877106,0.00190665,0.000661964
0.00925208,0.00634447,0.00405836,0.0025898,2.02104e-05,0.000792368
0.00957203,0.00643853,0.00262142,0.0021284,-0.000226202,0.00124304
0.013795,0.010078,0.00616863,0.00614878,0.000648096,0.00199912
0.00815811,0.00325557,0.00595218,0.00523175,0.00149166,0.00154701
0.017264,0.0108113,0.0128758,0.0135563,0.00306216,0.000759144
0.0151289,0.0107722,0.004786,0.0109299,0.00170806,0.000556036
0.00668697,0.00497482,0.00184236,0.00477976,0.000611058,0.000863193
0.0191504,0.00756481,0.010316,0.0118971,0.00207774,0.00231716
0.0231847,0.00758513,0.0124375,0.0118398,0.00237956,0.00204587
0.0134396,0.00572267,0.00751788,0.00586718,0.00141883,0.00135292
0.00555463,0.00389463,0.00231527,0.00473861,-0.000107322,0.000429515
0.0141387,0.00968509,0.0055066,0.00460147,0.000499928,0.000562949
0.00714152,0.00518309,0.00293041,-0.00138011,0.000705425,0.00108852
0.0151991,0.0100071,0.00699425,0.0122898,0.00197166,0.000432497
0.0415532,0.0216721,0.0395727,0.0415005,0.00929763,0.00322103
0.0153227,0.010729,0.00645775,0.00694724,0.0021936,0.00140841
0.0174034,0.00945111,0.00680677,0.0103497,0.00174279,0.00117034
0.0368924,0.0192744,0.0123015,0.0212503,0.004929,0.00413912
0.0086839,0.00568133,0.00379516,-0.00160521,0.0005086,0.00139528
0.0222248,0.0156203,0.00878001,0.0214288,0.00457052,0.00619706
0.00948098,0.00682329,0.00366909,0.000724968,-0.000363418,0.00101536
0.0132142,0.00934219,0.00634655,0.00716388,0.00120938,0.00110048
0.00726584,0.00417316,0.00414687,0.0026375,0.000409332,9.54903e-05
0.0115308,0.00801628,0.00413659,0.00731211,0.000163153,-5.33555e-05
0.0174783,0.0118759,0.00527108,0.00795139,0.00168976,0.000429193
0.00820761,0.00585515,0.00380386,0.00343722,0.000846823,-0.000633374
0.0106862,0.00769084,0.00434866,0.0075819,0.000806432,-7.97953e-05
0.00779651,0.00569733,0.00293426,0.00309438,0.000621598,0.000178638
0.00751615,0.00534099,0.0026067,0.00439693,0.000373903,-0.00064065
0.0051399,0.00385298,0.00220941,0.00186052,0.000855491,-0.000367382
0.0132272,0.00921685,0.00418812,0.0052028,-0.000824048,0.00106605
0.0113986,0.00772018,0.00386061,0.00540469,0.00181148,0.000147619
0.033698,0.0145819,0.0144571,0.0236015,0.00407785,0.00192269
0.0108472,0.00548791,0.0038836,0.00140688,0.00182565,0.00167215
0.00684625,0.00512162,0.00264625,0.00240014,0.00124184,0.000457124
0.015352,0.010795,0.00576374,0.00818228,0.000872505,0.000363999
0.008188,0.00613966,0.00277651,0.00524183,0.000525349,0.000807377
0.00643142,0.00478671,0.00388605,0.00426633,0.000560487,0.00116585
0.00656578,0.00314788,0.00390178,-0.000805058,-0.00014216,0.00108067
0.013449,0.00980941,0.00659961,0.0118624,0.0023716,0.000534344
0.00903434,0.0057226,0.00369385,0.00621187,0.00149085,0.000645575
0.00604272,0.00312047,0.0026971,0.00320602,6.06457e-05,0.00157895
0.00575041,0.00405559,0.00259264,0.000138294,0.000158511,-0.000306876
0.0165097,0.0115054,0.00905753,0.00762685,0.000862308,0.00220244
0.00740037,0.00494011,0.00285783,0.00560944,0.000720106,9.73423e-05
0.00965969,0.0068098,0.00765936,0.00736328,0.00114822,0.000742068
0.00447125,0.00298696,0.00221747,0.00255446,1.3084e-05,0.000347522
0.0172354,0.0101148,0.0104468,0.00818385,0.00206129,0.00285537
0.00418964,0.0031924,0.00163534,0.0281587,0.0105644,0.02764
0.0129856,0.00770357,0.0064612,0.00782074,0.0017687,0.00162663
0.0128527,0.00552824,0.00545217,0.0040518,0.000147784,0.000113529
0.0166983,0.0116911,0.00697289,0.00825471,0.000669098,0.000848487
0.00904148,0.00448326,0.00569307,0.00475159,-0.000122784,0.000869064
0.00928825,0.00435684,0.00558148,0.00216714,-0.000176504,0.000710211
0.00520148,0.00374169,0.00192183,0.00271936,-0.000462551,0.000759517
0.0314556,0.0202741,0.0163428,0.0262519,0.00601908,0.0102659
0.0159309,0.00790971,0.0107014,0.0131602,0.00357033,0.00152985
0.018374,0.0126358,0.00567205,0.0113829,0.00145785,0.00096707
0.00946269,0.00674043,0.00248627,0.0047162,0.00126194,0.00152925
0.00430938,0.00311103,0.00249196,0.00405047,0.00078825,0.000987181
0.0119194,0.00810021,0.00644139,0.00648789,0.00128206,-0.000420159
0.00781385,0.00506897,0.0029399,0.00383414,0.00134596,0.00130556
0.00430851,0.00316097,0.00248128,-0.00277881,0.000165077,-0.000992552
0.00367552,0.00304501,0.00245519,0.000290283,-0.00104204,-0.000178676
0.00809393,0.00599082,0.00528534,0.0056309,0.000631585,-6.9468e-05
0.00572928,0.00334295,0.00277185,0.00233051,0.000739543,0.000495481
0.00778151,0.00393383,0.00393043,0.00625621,0.00250318,-0.000277084
0.016682,0.0116123,0.0136663,0.0164208,0.00505015,0.00853788
0.00737699,0.00534064,0.0060272,0.00562397,9.67589e-05,0.00079131
0.0118852,0.00829121,0.00405758,0.00390589,0.000194401,0.000593965
0.0154661,0.00721272,0.00746055,0.00944992,0.00152236,0.00179285
0.00942047,0.00427628,0.0037566,0.00644468,0.00113999,0.00197633
0.00922023,0.00417568,0.00367778,0.00735291,0.000899738,0.000721001
0.0102562,0.00725971,0.00424407,0.00530613,0.000459127,0.000347603
0.0127932,0.00949304,0.00520711,0.00707408,0.0017587,0.00132908
0.0408414,0.0237481,0.018575,0.0294359,0.00475007,0.00692897
0.0548368,0.0253273,0.02374,0.0342273,0.00562297,0.00629794
0.00721804,0.00517865,0.00400035,0.00262348,-0.000779579,0.000739577
0.00954037,0.00658022,0.00639578,0.00542923,0.00130098,0.000744147
0.0128785,0.00888189,0.00437187,0.00797094,6.65484e-05,0.000540271
0.00642739,0.00323849,0.00376499,0.0044137,0.000493731,0.00135311
0.0244635,0.0144363,0.0105458,0.00973378,0.00198364,6.21438e-05
0.00953551,0.00662031,0.0026921,0.00536374,-0.000441537,0.000354076
0.0140316,0.00936881,0.00807819,0.00719984,0.00152994,0.000384842
0.0104575,0.00739114,0.00322305,0.00620035,0.000423023,4.34366e-06
0.00490348,0.00392078,0.00240168,0.00305603,0.000430242,-0.000724491
0.00558536,0.00434888,0.00331543,0.00171905,3.88425e-05,8.15578e-06
0.00523885,0.00310125,0.00240448,0.00605003,0.000602294,0.00218543
0.00944915,0.00591741,0.00447359,0.0078958,0.000709829,0.00046437
0.00750407,0.00542016,0.00524442,0.00545043,0.00131099,-8.025e-05
0.0135073,0.00993262,0.00430685,0.00329112,0.00039477,4.08606e-05
0.0129889,0.00903927,0.0057926,0.00677964,0.00119717,0.0014395
0.00765581,0.00518099,0.00500301,0.00522419,0.000836977,0.000710157
0.0112879,0.00745474,0.00562131,-0.00142318,0.000919507,0.00171768
0.00477868,0.00349791,0.00301053,0.00160902,6.49171e-05,0.00135279
0.0278709,0.0114485,0.0133373,0.0208861,0.00642176,0.00808339
0.0281618,0.0113321,0.0124589,0.0172309,0.00544201,0.00809081
0.0147074,0.00985568,0.0106115,0.0125782,0.00189032,0.00263025
0.0104258,0.00760606,0.00460965,0.00215621,0.000692556,-0.000242374
0.00810196,0.00602442,0.003631,0.00325914,-9.65576e-05,-8.56733e-05
0.0157677,0.00955408,0.00879818,0.0108151,0.00316097,0.00251559
0.0147194,0.00948357,0.00818378,0.00994413,0.00283705,0.00157207
0.0110988,0.00473317,0.00488525,0.0164511,0.00581335,0.0152723
0.0213203,0.0084428,0.00832198,0.0194052,0.0061124,0.0151425
0.0168284,0.00851925,0.00539402,0.0143012,0.00380309,0.0127768
0.0173452,0.0120658,0.00487768,0.0070753,0.00185031,0.0020116
0.0147063,0.00983497,0.00432363,0.0054636,0.00086952,0.000924522
0.0146454,0.0103398,0.00635305,0.00527248,0.000672204,0.00116816
0.00648723,0.00481819,0.00215272,0.00239498,0.00025412,0.00129069
0.00909313,0.00664756,0.00303806,0.00716767,0.000574074,0.00074367
0.00479932,0.00366793,0.00226445,0.0034405,-0.000468601,0.00127457
0.00691095,0.00522462,0.00289014,0.00334957,0.000983781,0.0017909
0.0234713,0.00955118,0.0123466,0.0217813,0.00617613,0.00788103
0.0272849,0.0100287,0.0143363,0.0271103,0.00805979,0.0128733
0.0168982,0.0118965,0.0117605,0.0176401,0.00356159,0.000608217
0.0207175,0.0119858,0.00939254,0.0149408,0.0034256,0.00309229
0.0125758,0.00875722,0.00719274,0.00542798,0.00147146,0.00275352
0.00985058,0.00674548,0.00408026,0.00497076,0.000425402,0.00372326
0.0130135,0.00712493,0.00906834,0.0151828,0.00305113,0.00429076
0.00531998,0.00356924,0.00244012,0.00618042,0.000347699,-0.000411304
0.0153651,0.0108539,0.00393231,0.00414545,9.34349e-05,0.00119804
0.0311901,0.0214795,0.00796897,0.0118124,0.00172892,0.000371038
0.0137258,0.0093723,0.00355363,0.0103322,0.000567853,0.0010536
0.0104406,0.00716329,0.00417,0.00471825,0.00165896,0.000579259
0.0140354,0.00958035,0.00559087,0.00505831,0.000626365,0.00116741
0.00909723,0.00649662,0.00462178,0.0123032,0.00383752,0.0131993
0.00706092,0.00508087,0.00238852,0.00559214,0.000317616,0.000789053
0.0088814,0.00634328,0.00494042,0.00458151,0.000571586,0.00048514
0.0102633,0.00686258,0.00438183,0.00671253,0.0013269,-0.000454029
0.0187789,0.0117141,0.011038,0.0113295,0.00298752,0.00183108
0.0156749,0.00898943,0.00619853,0.00838087,0.00236678,0.000187842
0.0175961,0.0117132,0.00503711,0.0114628,0.00240753,0.00048515
0.0133571,0.00933786,0.00415979,0.00964551,0.00222067,0.000668074
0.0216875,0.00988384,0.00949493,0.0108411,0.00246666,0.00235697
0.0206655,0.00994685,0.00890402,0.00902542,0.00151022,0.00146004
0.00433834,0.00322964,0.00278583,0.000679036,0.000450178,0.000874156
0.0165866,0.0105168,0.00587096,0.00662352,0.0013696,0.000670987
0.00436589,0.00316339,0.00224505,0.000961288,0.000226836,0.000901878
0.00722184,0.00534198,0.00284047,0.00401704,-4.28896e-05,0.00143863
0.0245481,0.0141353,0.035503,0.108291,0.035001,0.0940399
0.0294048,0.0149557,0.0166175,0.0192666,0.00586781,0.00813634
0.0151098,0.00906328,0.0105416,0.0143611,0.00289387,0.00150045
0.0231232,0.0131174,0.0282968,0.0977655,0.0374874,0.0811209
0.0112208,0.00792993,0.00423873,0.00664656,0.00169365,0.00141766
0.00573463,0.00433091,0.00271534,0.000696144,0.000667123,0.00101411
0.00441673,0.00364094,0.00324519,0.00439379,0.000798791,0.00141035
0.0248409,0.015357,0.0125624,0.0137252,0.00259954,0.00139823
0.00588367,0.00427678,0.00202102,0.00386076,7.56223e-05,0.000423856
0.0246456,0.0130667,0.00879261,0.0135275,0.00208471,0.000126743
0.0255984,0.0107433,0.00986541,0.0140621,0.00157702,0.000210468
0.0114004,0.00789991,0.00518678,0.00530992,0.000837772,0.000923886
0.0545648,0.0289498,0.0321543,0.0309155,0.00817489,0.00354737
0.0111752,0.0076354,0.0099756,0.0080561,0.00225825,0.000200646
0.0158461,0.0109516,0.0099395,0.0120484,0.00131676,0.000862811
0.01227,0.00850889,0.00590283,0.00426196,0.00109552,0.000383899
0.0136062,0.00942877,0.00393809,0.00656976,0.00056314,0.000164177
0.0178703,0.00953665,0.00681608,0.0100831,0.00222219,0.00212527
0.0191951,0.00940624,0.00704314,0.00975279,0.00244755,0.0014149
0.0303092,0.0116694,0.0219388,0.0285638,0.00610069,0.00454572
0.0362464,0.011621,0.0235099,0.0328223,0.00573681,0.00453673
0.00465472,0.00338427,0.00339852,0.00346964,0.00184183,0.000419177
0.012099,0.00776541,0.00823576,0.0137885,0.00215103,0.000871106
0.0104318,0.0074539,0.00732299,0.00957268,0.000788378,0.00151903
0.00911654,0.00690697,0.00612495,0.00589792,0.000861625,0.000301918
0.0172044,0.0112252,0.00614726,0.00920792,0.00226708,0.00266603
0.0106769,0.00723186,0.00486036,0.00730534,0.00153892,0.000286982
0.00796731,0.00591798,0.00234677,-0.000420599,0.000416667,-8.6731e-05
0.0117702,0.0054222,0.00832004,0.00459751,0.000530642,0.000581718
0.0131577,0.00798245,0.00665247,0.00915301,0.0029126,0.00201398
0.0175387,0.00682504,0.00860886,0.0105388,0.00136857,0.00195987
0.0104458,0.00467222,0.00471918,0.00628287,0.000414095,0.000952006
0.0213891,0.0144283,0.00752668,0.0120746,0.00191415,0.000901963
0.003833,0.00298259,0.00382105,0.00651402,0.000726592,0.000611414
0.00652677,0.00473634,0.00411815,0.00790261,0.00202436,0.00166497
0.011343,0.00745713,0.00589443,0.00549494,0.000979392,0.000924775
0.00788844,0.00344416,0.00395395,0.00276125,0.000343943,-0.000327665
0.00948377,0.00356234,0.00570424,0.00504308,0.000771316,0.000695843
0.00625076,0.00335514,0.00391514,0.0045861,0.00047714,0.000982568
0.00460216,0.00321622,0.00123673,0.0012171,-0.000268283,0.000102968
0.00759067,0.00498971,0.00294455,0.00896466,0.000591183,-0.000289321
0.0207614,0.0136732,0.00713917,0.0117023,0.00500371,0.00935778
0.0187944,0.00813311,0.0133041,0.0257446,0.0120179,0.0328025
0.0229466,0.00813896,0.0166304,0.024846,0.00945139,0.025796
0.00861786,0.00619783,0.00618794,0.00879961,0.00159368,0.00148938
0.00700816,0.00495832,0.00342478,0.00371803,0.00215071,0.00186748
0.0088528,0.0064843,0.00328856,0.00506266,0.000692856,-2.32284e-05
0.0185875,0.00737983,0.00643567,0.00534568,0.00101029,0.00121714
0.0189521,0.0100091,0.00591655,0.00627931,0.000532988,0.000878055
0.0170652,0.00884234,0.00832538,0.0102842,0.00171927,0.00199207
0.0180908,0.011195,0.00888215,0.00800697,0.00205665,0.00237831
0.00732841,0.00589951,0.00405529,0.00660768,0.000490195,-0.000792212
0.00816988,0.00570051,0.00295741,0.00768604,0.000676009,0.00205317
0.0108227,0.00757556,0.00457967,0.00238975,0.00074792,0.000451218
0.0038016,0.00299731,0.00408468,0.00591141,0.00108721,3.50834e-05
0.00558369,0.00394685,0.00373474,0.00360106,0.00133046,0.00125924
0.0154446,0.00765162,0.00649925,0.00743007,0.00152848,0.000976506
0.0139552,0.00996681,0.00510312,0.00887609,0.0030195,-0.000101708
0.0125752,0.00852438,0.00517959,0.00285144,-9.88894e-05,0.000511729
0.0101759,0.00503617,0.00554262,0.0179742,0.00353734,0.00692759
0.00392975,0.00302422,0.00179634,0.0219522,0.00875873,0.0231103
0.014251,0.010038,0.00575939,0.00880087,0.00166897,0.00207079
0.0158643,0.0114715,0.00443536,0.00843339,0.000999902,0.00022603
0.00555943,0.00374768,0.00290939,0.00485591,0.00121811,-0.000761644
0.0112491,0.00817033,0.00885838,0.00985488,0.0014239,-0.000596546
0.00523173,0.00358006,0.00249899,0.0041662,-0.000111005,0.000751689
0.00848723,0.0061145,0.00344767,-0.000117813,0.000322443,0.000762162
0.00880616,0.00601564,0.00443511,0.00694537,0.00121843,-0.000378244
0.0119839,0.00800033,0.00301492,0.00445906,0.00151767,0.00071814
0.0105421,0.00532562,0.00713508,0.00318784,0.00133708,-9.75414e-05
0.0129173,0.00908434,0.00696637,0.00766739,0.0016317,-0.000544579
0.00447294,0.00342784,0.00278247,0.00642108,-0.00053591,0.000154968
0.0183101,0.0124695,0.00585377,0.00799903,0.00031993,0.000696123
0.00748909,0.00530128,0.00297588,0.00212683,0.000844883,-0.000596077
0.012147,0.00869695,0.00342977,0.00700781,0.00221157,-0.000377048
0.00966609,0.00712527,0.00449931,0.00821465,0.0013734,0.00115852
0.0132876,0.00625271,0.00567194,0.00816013,0.000598001,0.00125247
0.0155544,0.00675814,0.00694366,0.00700277,0.00112854,0.00134331
0.0224429,0.0145446,0.0141683,0.0449529,0.0124566,0.0248359
0.0149039,0.00685642,0.00913399,0.0106561,0.00122671,0.00025639
0.00881527,0.00614079,0.00444701,0.00316004,0.000747457,0.0012352
0.0110996,0.00542325,0.00349274,0.0061806,0.000748808,-0.000759854
0.0117923,0.00642748,0.00368415,0.00509638,-0.000127435,-0.000880159
0.00442755,0.00334804,0.00316997,0.000995737,0.000372572,-0.000354405
0.00985951,0.00697972,0.00512058,0.00564788,0.000297259,0.00116485
0.017267,0.011809,0.00680631,0.00680521,0.00205445,0.00124586
0.0104339,0.00738565,0.00580204,-0.00195529,0.00128803,9.41681e-05
0.0211662,0.0117796,0.00649392,0.00823678,0.00125484,0.00136606
0.0216731,0.0107998,0.00681619,0.0100209,0.000936545,0.00128985
0.0198512,0.0136528,0.00737727,0.0123138,0.00165258,0.00343196
0.01423,0.00953391,0.00773836,0.0130288,0.00179871,0.00192661
0.0127601,0.00932345,0.00691588,0.0151946,0.00461547,0.0091319
0.00776914,0.005314,0.00580602,0.00453943,0.00174086,0.00110768
0.01056,0.00726937,0.00733088,0.013559,0.00137218,0.000350124
0.00693933,0.00499514,0.00390496,0.00512958,0.000761269,0.00113871
0.00623265,0.00451175,0.00249688,0.0067973,-0.000588584,-0.00039659
0.0100433,0.00725714,0.00376915,0.00840713,0.000515515,0.00185158
0.0128062,0.00911238,0.00741399,0.00650195,0.00338186,0.0028432
0.00798834,0.00554546,0.00282668,0.00366993,-7.02901e-05,-0.00108625
0.0111637,0.0082444,0.00375323,0.0052777,0.00182675,0.000302796
0.00455815,0.003489,0.0024801,0.00271919,0.000434817,-0.000425569
0.0042382,0.00338298,0.00245383,-0.000331174,8.58701e-05,-0.00146309
0.00905863,0.00628032,0.00394589,0.000980178,0.000202678,0.000909232
0.0102524,0.00726072,0.00440939,0.00577018,0.000756815,0.000369494
0.0106845,0.00767181,0.00691835,0.0047566,0.000299742,0.000248404
0.0105866,0.00750103,0.00464627,0.00509049,0.00171403,0.00131229
0.00754297,0.00548784,0.00255632,0.0131762,0.00328716,0.00666074
0.011066,0.00430004,0.00570513,0.00511494,0.000695011,6.06307e-05
0.011724,0.00426098,0.00581055,0.00280492,0.000941525,-0.000361244
0.00937443,0.00493301,0.00618382,0.00458457,0.00187377,0.00113988
0.0118795,0.00582603,0.00696353,0.00537148,0.00215713,0.00174396
0.0158422,0.0113141,0.00641658,0.00348666,0.00118473,0.00224546
0.00909412,0.00622782,0.00363218,0.0124448,0.00217471,0.00595858
0.022811,0.0116229,0.00745813,0.015223,0.0027507,0.00069963
0.0222562,0.0100183,0.00750486,0.0115858,0.00181244,0.000350162
0.00772354,0.00539746,0.00552193,0.00913594,0.00123738,0.00101953
0.0229443,0.0138495,0.0136704,0.0608229,0.0240005,0.0560539
0.0171131,0.0106706,0.00721678,0.0141246,0.00501921,0.0118491
0.00599574,0.00431174,0.00384723,0.00993081,0.00392332,0.0117696
0.0126586,0.00648742,0.00563968,0.00698814,0.000226244,0.00211991
0.0145712,0.00637791,0.00828078,0.0136859,0.00354165,0.0031802
0.0315622,0.019237,0.0356058,0.0559332,0.0121562,0.00737412
0.0215011,0.0119019,0.0100393,0.0145784,0.00217706,0.00122803
0.00454382,0.00348592,0.00208303,0.000712126,-0.00075727,0.000857555
0.00756237,0.00401947,0.00291264,0.00592179,0.000949521,-0.00108652
0.0113009,0.00653734,0.00381814,0.00741779,0.000507502,0.000360946
0.00898548,0.00558121,0.00360392,0.00401939,0.00021468,0.000805901
0.0105629,0.00595907,0.00508912,0.00707986,0.000414088,2.00919e-05
0.0128254,0.00806095,0.00674166,0.00567801,0.00100306,0.00120992
0.0315808,0.0179672,0.0157903,0.0184785,0.00245935,0.000912222
0.00855934,0.00528144,0.00473073,0.0072191,0.000992663,0.000468405
0.0127397,0.00746938,0.00600261,0.00985044,0.00176186,0.00295014
0.00859881,0.00627917,0.0033696,0.0107449,0.000977544,-0.000421803
0.00919914,0.00674959,0.00326478,0.00617311,0.000647461,-0.000462567
0.0111129,0.0077005,0.00538932,0.00413207,0.00107626,0.000502412
0.0126955,0.00869373,0.00741274,0.00654119,0.00127355,-0.000666903
0.00686454,0.00511642,0.00370662,-0.00247967,-0.000277054,-0.000381502
0.0109242,0.00694315,0.00559303,0.0033873,0.00176433,0.00131052
0.00741806,0.00435635,0.00452208,0.00800751,0.00189905,0.000641069
0.00635863,0.004933,0.00457242,-0.00108616,-4.52787e-05,0.00124016
0.0209987,0.0143731,0.00770463,0.0143578,0.00203774,0.000526502
0.00957,0.00437858,0.00360595,0.00439362,-0.00034577,0.00083794
0.0132637,0.00915988,0.00512458,0.0071739,0.000852018,0.00095332
0.00862179,0.0061674,0.00353471,0.00419153,0.000162278,-0.000899243
0.00674017,0.00431505,0.00281665,0.0029541,0.000310368,-0.000845067
0.0162449,0.0081607,0.0056982,0.00883844,0.00237417,0.000682583
0.0235783,0.0160659,0.0105153,0.017533,0.0035025,0.00426581
0.0128007,0.0092247,0.0118243,0.0128823,0.00367789,0.00110781
0.0229335,0.0157459,0.0110944,0.0133349,0.00197875,0.00190017
0.00956917,0.00646713,0.00424881,0.00334234,0.000139266,-0.000398779
0.0220965,0.014896,0.0136339,0.0151334,0.00280848,0.00120588
0.0396572,0.0232367,0.013848,0.0258104,0.00472958,0.00591912
0.0103806,0.00669067,0.00404326,0.00567735,0.00170756,0.001955
0.00967769,0.00627729,0.00342167,-0.000766053,0.000492247,0.00108305
0.00733198,0.00490385,0.00300944,0.00561592,0.00206205,-4.49998e-05
0.0106579,0.00776104,0.00337519,0.00365392,0.00129418,0.00174897
0.0121458,0.00812557,0.00760337,0.00719677,0.00204599,1.9987e-05
0.00843499,0.00576168,0.00475667,0.00225591,-0.000314041,0.000308678
0.0226212,0.0150774,0.0246033,0.0376019,0.00755566,0.00292031
0.00540371,0.00388239,0.0023987,0.00750565,-7.58977e-05,-0.000550646
0.00841757,0.00592682,0.00344643,0.0011471,0.000880381,0.000188034
0.00974431,0.0065373,0.00350819,0.00842187,0.00108955,-7.5167e-05
0.0125002,0.00663295,0.00580298,0.0106533,0.00134307,0.000680668
0.0112131,0.00714759,0.00721412,0.00457902,0.00148748,-0.000282731
0.0120541,0.00576146,0.00607193,0.00481983,0.000480381,-0.000662673
0.0176858,0.0126208,0.00585797,0.00818285,0.00123191,0.000235852
0.00670358,0.00511459,0.00196949,0.00376202,-4.44403e-05,-9.88463e-05
0.00491786,0.00334746,0.00335908,0.000924221,0.000399848,0.00169999
0.0190982,0.0120316,0.00630142,0.00270162,0.00122486,0.00106183
0.010008,0.00408621,0.00428319,0.00147025,8.08867e-05,0.000827518
0.00667481,0.00460289,0.00304215,0.00545803,-0.000737526,0.000645609
0.0143757,0.0102432,0.00824632,0.00865815,0.00203034,0.000134263
0.00662339,0.00449798,0.00276719,0.00560403,-0.000518307,0.00159746
0.012511,0.00891153,0.00826323,0.0132328,0.00160101,0.00219509
0.0161169,0.0104148,0.00426473,0.0105491,0.00134836,0.00136617
0.0193232,0.0103206,0.0128615,0.0122883,0.00233614,0.000547889
0.00757328,0.00577413,0.00236724,0.00887365,0.00393216,0.00800566
0.0105452,0.00695523,0.0101856,0.00877727,0.00137479,-0.000616768
0.0102291,0.00722591,0.00479649,0.00281736,0.00131504,0.00109651
0.0186215,0.0130237,0.00492569,0.00715327,0.000869178,0.0013225
0.0133453,0.00972256,0.00449499,0.00518023,0.000984361,-0.00113384
0.00736002,0.00544964,0.00395748,0.00992161,0.00123316,-0.000127637
0.00617349,0.00467522,0.00218132,0.00615397,5.87004e-05,0.000134593
0.0105175,0.0073959,0.00291978,0.00354396,0.000559131,-0.000198029
0.0113711,0.00769423,0.00619707,0.00793449,0.000314051,0.000898542
0.00883443,0.0062074,0.00482598,0.00918969,0.00154477,0.00191001
0.0072877,0.00543191,0.00384719,0.00931082,0.00104053,-0.00113237
0.00863034,0.00641306,0.00335488,0.00190011,-0.000387516,-0.000220876
0.0189691,0.0127372,0.00802439,0.0133431,0.00197392,0.0020137
0.0108697,0.00783882,0.00259139,0.0093378,0.000341356,0.00179662
0.00765756,0.00554703,0.00370686,0.00187954,0.000857461,0.000128571
0.00385247,0.00304301,0.00209218,0.00322284,0.000484448,0.00049738
0.0101179,0.00746556,0.00361858,0.00301857,0.000918858,-0.000659702
0.0100122,0.00647938,0.00396305,0.00263678,-5.84617e-05,-0.000594055
0.0174842,0.0122497,0.00635686,0.00260357,0.000600914,0.00116227
0.00960986,0.00692835,0.00382115,0.00291139,0.000682795,0.00186455
0.00484432,0.00341074,0.00262588,0.00340831,-0.00135731,0.00109422
0.0043687,0.00340557,0.00219263,0.00247442,0.000708728,0.000888027
0.0046075,0.00344651,0.00237942,-0.00179495,-0.000616125,-0.000732137
0.0088286,0.00607031,0.0048041,0.000919518,0.000554266,0.000353123
0.00506839,0.00366597,0.00148017,-0.00145199,0.000451857,-0.000318269
0.0197615,0.012146,0.00896471,0.00944633,0.00152615,0.000290939
0.0128561,0.00529598,0.00548646,0.0108799,0.00141374,0.00152132
0.0146241,0.00588918,0.00628462,0.0103125,0.00192448,0.00202482
0.0166034,0.0116478,0.00672828,0.00280831,0.00127308,0.00021609
0.00539081,0.00322581,0.00403904,0.00637273,0.00016559,0.000121867
0.0072871,0.00524809,0.00466505,0.00413889,0.000116271,0.00176658
0.00763622,0.00516601,0.00305077,0.00452489,0.00165523,0.00055289
0.0147323,0.0101145,0.00811297,0.0120429,0.00167373,0.00176354
0.0204355,0.0140498,0.012514,0.0108803,0.00289565,0.000569216
0.00812632,0.00462733,0.00267136,0.00177112,0.000665957,-0.00124431
0.0123785,0.00802157,0.0050122,0.0113,0.00232718,0.000150866
0.00631747,0.00458138,0.00652731,0.0176031,0.00514985,0.0179044
0.011399,0.00786392,0.0043251,0.00538145,0.00106821,0.00124506
0.00798728,0.00364765,0.00247555,0.0234505,0.0100329,0.025175
0.0196163,0.0125014,0.00508365,0.0133745,0.00255379,0.00335187
0.016523,0.0115733,0.00913603,0.0132632,0.00305551,0.00203717
0.0166434,0.0116639,0.00694918,0.014517,0.00230956,0.000624867
0.00713403,0.00499618,0.00328452,-0.000720851,-0.000433262,0.000636286
0.00965018,0.00459858,0.00534088,0.00332415,0.000472312,0.000722352
0.00934729,0.00462327,0.00527757,0.00531537,1.56376e-05,0.00105759
0.0117194,0.00806351,0.0048694,0.00951824,0.00252229,0.000964513
0.0149627,0.00856065,0.00747985,0.00880053,0.000905003,-8.38121e-05
0.0183179,0.0102345,0.0077474,0.00919763,0.000736106,0.000661716
0.0276199,0.0181817,0.0116378,0.0269673,0.0058698,0.00192313
0.0119914,0.00447888,0.00443255,0.00780555,0.00087601,0.000234851
0.0125203,0.00880473,0.0100744,0.0127824,0.00271549,0.00122028
0.0398132,0.0246535,0.0292722,0.0377278,0.00699453,0.00264338
0.0200981,0.0134884,0.0126408,0.013253,0.00150399,0.000264719
0.0254235,0.0162855,0.0479216,0.0551671,0.00840032,0.00619292
0.00810518,0.00367161,0.00491389,0.00127097,-1.67312e-05,-4.37066e-05
0.00844594,0.00372406,0.00523923,0.00222013,0.000282756,0.000314541
0.0193728,0.00981637,0.0118689,0.019107,0.0042324,0.00210489
0.0154379,0.0075716,0.01037,0.0140801,0.00332748,0.00262447
0.00447432,0.00320186,0.00245845,0.00388241,0.000301545,-0.000423315
0.0058241,0.00322902,0.00492121,0.00394625,0.000669189,0.00144127
0.0158158,0.00537549,0.0111861,0.0123402,0.00247481,0.00148089
0.0129676,0.00497154,0.00880824,0.0117503,0.00190731,0.00148017
0.00462857,0.00324641,0.00204745,0.00102772,0.000384464,-7.35738e-06
0.0106459,0.00765173,0.00483315,0.00570824,0.00110469,0.000879829
0.00932812,0.0066853,0.00290224,0.00574042,0.000610608,0.000527348
0.014005,0.00964251,0.00611827,0.00519771,0.00174083,0.00125629
0.0112948,0.00756777,0.00375078,0.0020271,6.6315e-05,-0.000536377
0.026916,0.0136371,0.010646,0.0149934,0.00367747,0.00160156
0.0258734,0.0136459,0.0103099,0.0170997,0.00345482,0.000493073
0.00640639,0.00489834,0.00423585,0.0042957,-0.000380668,-0.00092413
0.00835578,0.00581448,0.00360812,0.00377438,0.000228587,0.000534487
0.0168722,0.00802368,0.0061041,0.00611936,0.000691129,2.99154e-05
0.0167367,0.0078818,0.00616907,0.00774388,0.00035396,0.000646206
0.0073372,0.00558862,0.00284609,0.004567,0.0002278,-0.000445921
0.0187505,0.0129363,0.00450589,0.00799721,0.000465914,0.00229652
0.00544624,0.00305339,0.00391361,0.00787615,-0.000665078,0.000101441
0.00448546,0.00325712,0.00305262,-0.000888604,3.24931e-05,0.00101525
0.00637119,0.0044226,0.00308757,-0.00126378,0.000552218,0.000362405
0.0203489,0.0137158,0.00935463,0.0099788,0.00249887,0.00192333
0.00876287,0.00535581,0.00415001,0.00439194,0.00124223,-0.00246862
0.00954036,0.00601024,0.00472907,0.0029767,0.000632469,-0.00111058
0.0131538,0.00927605,0.00479538,0.00381197,0.000801493,0.000448585
0.00688658,0.00512309,0.00420503,0.0047412,0.0017623,0.000440623
0.0132461,0.00910455,0.00332871,0.00469102,7.34939e-05,-0.000131501
0.00797695,0.00494367,0.00288383,0.0020752,0.000993027,-2.66244e-05
0.00752902,0.00314148,0.00546988,0.00290993,0.000730216,0.000729976
0.0158315,0.00996132,0.0113694,0.00890414,0.000725026,0.00070857
0.0137308,0.00940814,0.00647342,0.00707892,0.00106353,0.00112755
0.0205288,0.00843083,0.00888916,0.00541578,0.00140476,0.00103775
0.0204737,0.00842493,0.00900436,0.00729055,0.00141302,0.000931746
0.00890105,0.00642619,0.00719874,0.00839913,0.00143938,0.0016017
0.00429329,0.00322399,0.00199056,0.00204329,0.00011563,-0.000692691
0.0106576,0.00766395,0.00618854,0.00148379,0.00104724,0.000505568
0.0104156,0.00758908,0.00558468,0.00941082,0.000737702,0.000743316
0.00581042,0.00421265,0.00256627,0.000988679,0.000756863,0.00141007
0.00675816,0.0046061,0.00412323,0.000943211,0.00106424,0.000500561
0.0148246,0.00785854,0.010571,0.0093645,0.00330226,0.00182955
0.0180671,0.00982926,0.011505,0.0100244,0.00183592,0.00100492
0.0149787,0.0104448,0.00528542,0.00414491,0.000944501,0.000582538
0.0166937,0.0117408,0.0059701,0.00561773,0.000712412,-4.39702e-05
0.00928117,0.0062872,0.00331774,0.000716996,0.000645634,9.83057e-05
0.0172946,0.0116713,0.00638448,0.00642985,0.00193841,0.00241592
0.00643537,0.00467019,0.00245197,0.0159567,0.00653035,0.0159422
0.0115484,0.00791483,0.00362848,0.00705077,0.00134232,0.000582825
0.0242268,0.011476,0.00925478,0.00775943,0.00177923,0.00165116
0.0084555,0.00588723,0.00366139,0.00637568,0.000618914,0.000419851
0.0146917,0.0101877,0.00797574,0.00620525,0.00120397,5.66915e-06
0.00866277,0.00482492,0.00398283,0.00276652,0.000440505,4.48774e-05
0.0107175,0.0074761,0.00276775,0.00466165,0.000876408,0.00160531
0.00624297,0.00451863,0.00311946,0.00812339,0.000148783,0.000698526
0.0184157,0.0125904,0.00541594,0.00388377,0.00107641,0.00232466
0.00746076,0.00505891,0.00319699,0.0102531,0.00396396,0.00740482
0.012215,0.00840288,0.0106844,0.0092585,0.00191962,0.00203414
0.00574619,0.00434742,0.00188356,0.000570751,0.000927126,-0.000242271
0.0121092,0.00686936,0.00395683,0.00891411,0.00152711,0.00107003
0.0105266,0.00635816,0.00419361,0.00858319,0.00255456,0.00215682
0.00648682,0.00449329,0.00355971,0.00183546,0.000957968,0.000314472
0.0155682,0.00906655,0.00762724,0.00967865,0.00141251,0.00138438
0.0136767,0.00530894,0.00661081,0.00812242,0.000653866,0.00144503
0.0124868,0.00735778,0.00628849,0.00401971,0.000744923,0.00135431
0.0140559,0.00932253,0.00449121,0.00338058,0.0011839,-0.000230526
0.00986701,0.00722397,0.00326883,0.0122518,0.00352895,0.0075244
0.0134855,0.009705,0.00292235,0.00177499,0.00019909,0.00198161
0.0251101,0.0106458,0.0141748,0.0231331,0.00750497,0.0123009
0.008926,0.00645043,0.00425191,0.00575645,0.000511206,0.000807642
0.00855589,0.00637317,0.00439238,-0.00197825,3.55738e-05,0.000278675
0.0109517,0.00774757,0.00372618,0.00614902,-5.72815e-05,-0.000575821
0.0153529,0.0070509,0.00507367,0.00801339,0.00196415,-0.00066526
0.0153021,0.00702295,0.00491478,0.00582209,0.00210539,-0.00032955
0.0153757,0.010454,0.0092166,0.0131101,0.00292469,0.000678163
0.0185529,0.0100722,0.0069168,0.00659895,0.00208277,0.00166205
0.0170913,0.00730018,0.00698197,0.00487876,0.00139723,0.00151685
0.0138006,0.00954941,0.00766389,0.00747315,0.000338399,0.00207413
0.0254336,0.0153576,0.0103461,0.0101457,0.00266518,0.002215
0.0179889,0.0115709,0.0130437,0.015021,0.00329852,0.000925877
0.0115469,0.00848174,0.00495287,0.00240018,0.00155681,-3.27038e-06
0.00837239,0.00628504,0.00730859,0.00429558,0.00108149,0.0010853
0.0176247,0.00874572,0.00752693,0.00433055,0.00123833,0.000557611
0.0187325,0.00871765,0.00773645,0.00784618,0.00126866,0.000827803
0.00840535,0.00355642,0.00351399,-0.000952503,0.00104739,0.000626998
0.0270155,0.0172939,0.0205813,0.0241748,0.00421009,0.0024775
0.0487876,0.0245092,0.0226538,0.0341233,0.0089457,0.00954983
0.0555473,0.0245361,0.0243246,0.038864,0.00871632,0.00790382
0.0203879,0.0141139,0.00761695,0.00660629,0.00179217,-0.00067585
0.00905742,0.00608061,0.00281466,0.00260017,0.00174049,0.00130584
0.024253,0.0090883,0.0105843,0.0158233,0.00501796,0.0123324
0.0246106,0.00851274,0.0112782,0.0124942,0.00152001,0.00614329
0.0134876,0.00821263,0.00766419,0.0056174,0.000919475,0.00310953
0.0101172,0.00680483,0.00574947,0.00745609,0.00165625,0.000447024
0.00897014,0.00649312,0.00501298,0.00673484,0.00152531,0.000248567
0.0103469,0.00708717,0.0038809,0.00146506,0.000632846,0.00143348
0.00473784,0.00369091,0.00535793,0.00286617,0.000422301,0.000661616
0.0257423,0.0114555,0.00757751,0.00781915,0.00253324,0.00122564
0.0245768,0.0113397,0.00704458,0.01077,0.0017922,0.00113443
0.0165342,0.011398,0.0048592,0.00532815,0.000693881,-0.000327986
0.0103365,0.00549817,0.0093667,0.00894405,0.00274313,0.000996942
0.0136155,0.00553228,0.0109882,0.0119361,0.00380088,0.0016707
0.00895105,0.0054967,0.00663288,0.00447883,0.00116833,-0.00069362
0.0063842,0.00430396,0.00347016,0.00409421,-0.000231423,-0.00185566
0.00390954,0.00320124,0.00259224,0.00290215,0.000496561,0.000413522
0.0296559,0.0129499,0.0129984,0.0217895,0.00418241,0.000531689
0.01463,0.00806244,0.00588064,0.00427938,0.00126303,0.00129311
0.00734841,0.00359098,0.00466585,0.00422311,0.00102271,-0.000189535
0.0126862,0.00806791,0.0075208,0.00631004,0.000758483,-0.000283665
0.0161844,0.0103514,0.00763578,0.00765853,0.00130114,0.00098726
0.0223695,0.0113026,0.0125121,0.00540192,0.00159127,0.000987212
0.0195635,0.00828422,0.0112579,0.00948961,0.00199743,0.00169703
0.0451992,0.0209099,0.0327297,0.0386076,0.00922409,0.00870329
0.0401977,0.0208655,0.0281672,0.0361235,0.00800987,0.00756143
0.00638241,0.00463429,0.00451364,0.0155597,0.00229738,0.00378328
0.00438315,0.00325747,0.00154884,0.0202894,0.00760948,0.0200413
0.010237,0.00715124,0.00434,0.0047494,0.000593919,0.00155692
0.00741157,0.00526978,0.00396422,-0.000136524,0.00244796,0.000704337
0.0122827,0.00874688,0.00445942,0.00738082,0.00134489,0.00213612
0.0149427,0.00910344,0.00729948,0.0037023,0.0011167,0.00250504
0.00753569,0.0035256,0.0034985,0.0037809,0.000660383,-0.00110428
0.00748515,0.0032192,0.00324495,0.00626205,0.00054458,-0.00023661
0.00527368,0.00409803,0.00324234,0.000925137,-5.12769e-05,0.000205805
0.0115485,0.0058465,0.00641553,0.00596476,0.000680004,0.000994596
0.0136482,0.00830759,0.00862905,0.0071178,0.00185117,0.00152246
0.0148215,0.00763859,0.00795861,0.0082595,0.00114234,0.000732656
0.00551185,0.00365997,0.00265575,0.000564669,-0.00127192,-0.000541086
0.00371646,0.00293022,0.00252006,-0.00124814,7.6076e-05,0.00153247
0.015881,0.010796,0.0054316,0.0125413,0.00234384,0.00586578
0.01867,0.010428,0.0114247,0.0169579,0.00351475,0.000819472
0.0228316,0.0128973,0.013242,0.0139294,0.00276374,1.3755e-05
0.0175132,0.00786921,0.00914427,0.00900758,0.00133635,-0.000668698
0.00939848,0.00633799,0.00428226,0.00741028,0.000485294,0.00036159
0.0217536,0.0120212,0.0112985,0.0140696,0.00430755,0.000638862
0.00644029,0.00446572,0.0030712,0.000817758,0.000656369,-0.000779321
0.0151965,0.0106632,0.0134163,0.0114673,0.00255544,0.00164054
0.00459055,0.00357183,0.00501905,0.00228582,0.000479499,2.96459e-05
0.00614339,0.00472131,0.00289564,0.00398944,0.000254914,-0.000657521
0.0158998,0.0112829,0.00308039,0.00617105,0.00236116,0.00133173
0.00429477,0.00299403,0.00123313,0.00172722,0.000626639,0.000450743
0.0202204,0.0136731,0.013062,0.0165018,0.0030561,0.0024685
0.0155539,0.00718726,0.00627023,0.0093471,0.00138571,0.000381144
0.0202777,0.0105692,0.0110298,0.0104795,0.00240589,0.00133128
0.00604339,0.00423376,0.00235978,-0.00325212,0.000852825,-0.000332586
0.00384104,0.00299779,0.00259774,-0.00161449,-0.000272847,0.00255122
0.0511214,0.0274682,0.0564567,0.0541002,0.0110438,0.00303321
0.0146883,0.010095,0.00735274,0.0117356,0.000912098,0.000437235
0.0121272,0.00597408,0.00504682,0.00921897,6.60551e-05,0.00101782
0.00956557,0.00509623,0.00467666,0.00626875,0.000803848,0.000729292
0.0117915,0.00856111,0.00673153,0.00522319,0.00114838,-0.000509135
0.0171689,0.0120377,0.0119047,0.0142262,0.0022366,0.00149216
0.0100927,0.00728752,0.00605048,0.00802312,0.000294342,-0.000686426
0.0214864,0.0146795,0.00834089,0.00942561,0.00217924,0.000643203
0.00592751,0.00448884,0.00475,0.00604728,0.000722656,0.00249871
0.0105386,0.00721543,0.00389881,0.00581424,0.000482654,0.000645443
0.00778629,0.00575931,0.00405502,0.0013692,0.00220674,0.000376918
0.0157596,0.0106601,0.0056638,0.00568741,0.000695418,0.00144796
0.0071407,0.00515635,0.00367227,0.00474473,0.00049843,0.000737921
0.00512171,0.00395362,0.00317073,0.00419887,0.00176999,0.00136299
0.00934843,0.00666114,0.00684413,0.00648303,0.000426331,0.00110623
0.00839857,0.00600831,0.00357173,0.000722378,-1.55837e-05,-8.89429e-05
0.0164947,0.010372,0.00948457,0.00810638,0.00200635,0.00262966
0.0081732,0.00454993,0.00373009,0.00499937,0.00190101,0.000624348
0.0168596,0.00938395,0.00658228,0.0103971,0.00160397,0.00113075
0.0117441,0.00791256,0.0044518,0.00572755,0.00171537,0.00121065
0.0046145,0.00350742,0.00333888,0.00517519,0.00125494,0.0010134
0.00917002,0.00546174,0.00332852,0.0153269,0.00486641,0.0102569
0.00514514,0.00329184,0.0028908,0.00035781,-0.000368013,0.00107709
0.0172811,0.0115868,0.00575428,0.00918277,0.00165356,0.000816034
0.0049638,0.003836,0.00225997,0.000690009,-0.000334224,-0.000136343
0.00403626,0.00295299,0.00301124,0.00266657,-2.95794e-06,-6.9871e-06
0.00965189,0.00662798,0.00658998,0.0109306,0.000872614,0.00132938
0.0050568,0.0039699,0.00118679,-0.000700912,0.000727284,8.40367e-05
0.00950965,0.00654578,0.0041772,0.00182983,0.000560318,0.000838783
0.00440861,0.00319451,0.00201228,0.000121014,0.000111918,0.000889681
0.0100054,0.00681397,0.00431907,0.00209716,0.000152263,-0.000293972
0.0132687,0.00921091,0.00559528,0.00735616,0.000269394,-0.000453965
0.0108715,0.00770719,0.00811004,0.00971255,0.00191492,0.00184618
0.00403734,0.00312412,0.00278662,0.00100129,-0.000381561,0.000294259
0.0161798,0.0112445,0.00697104,0.0106236,0.00112192,0.00050206
0.00920165,0.00659972,0.00434208,0.00659261,0.00158186,0.00123286
0.0232793,0.0125228,0.0138647,0.021971,0.0037117,0.00265499
0.0240277,0.0125726,0.0139844,0.0218491,0.00393099,0.0020158
0.00656609,0.00468903,0.00358493,0.00313906,0.000634436,-0.000290188
0.0145715,0.0101684,0.0060413,0.00484829,0.00077704,-0.000120333
0.0241326,0.0161919,0.00868022,0.0116184,0.00228367,0.00116451
0.0154679,0.00984055,0.00557142,0.00842457,0.00188318,0.00140631
0.0108245,0.00632922,0.00474322,0.00790938,0.000914526,0.000491835
0.00824656,0.00577101,0.00376879,-0.00021682,5.20666e-05,0.00209655
0.00453093,0.0036854,0.00199142,0.00146832,0.00133802,0.000820667
0.00591063,0.00351484,0.00356748,0.00119132,0.00044639,0.000464559
0.0156451,0.0103812,0.00771874,0.00516118,0.00158125,0.00334691
0.00594348,0.00443701,0.00179391,0.00437319,0.0007005,0.000336943
0.0076236,0.00564339,0.00332661,0.00308925,-7.41052e-06,-0.000478255
0.00517319,0.00409254,0.00446704,0.00723785,0.00104956,-1.37611e-05
0.00919819,0.00685125,0.00428833,-0.000705816,-0.000121189,-0.000780801
0.0188023,0.011045,0.00668522,0.00765981,0.000421804,0.00158282
0.00746635,0.00529197,0.00362197,0.000369121,0.000557255,0.00167428
0.0139937,0.0100214,0.00571787,0.00622721,0.00129564,-0.000340951
0.00746478,0.00481292,0.00338482,0.00578638,0.000836323,0.000264585
0.0351988,0.0225262,0.0195092,0.0230193,0.00432625,0.00319888
0.00788553,0.00552562,0.00233632,0.0013342,-0.000265958,0.00102521
0.0102779,0.00704044,0.00341007,0.00382357,-5.75334e-05,0.000105974
0.0256108,0.00994994,0.0107305,0.0102277,0.00189695,0.000502839
0.0268604,0.0126976,0.0108652,0.0105328,0.0019204,0.000733487
0.00679364,0.005158,0.00551732,-0.000230735,0.000992132,0.00128115
0.0129787,0.00616275,0.00501956,0.005824,0.00154687,-0.000619097
0.0193881,0.0115723,0.00709345,0.0111361,0.00116307,-1.41543e-05
0.00756287,0.00546049,0.00532019,0.00753193,0.00114597,0.00177799
0.00869612,0.00458413,0.00447986,0.00632837,-0.000566223,0.000625473
0.00679657,0.00413077,0.00356767,0.00860504,0.00145657,0.0027977
0.0111486,0.00794659,0.00429666,0.0118454,0.00346215,0.00693484
0.0141438,0.00992603,0.00546505,0.00589261,0.000650931,0.000138309
0.0142672,0.00983382,0.00510814,0.00272834,0.000677741,-0.000630971
0.011635,0.00630988,0.00725688,0.00892008,0.00185754,-0.000550226
0.0104279,0.00599886,0.00659353,0.00584328,0.000744393,-0.00079295
0.00764926,0.00558095,0.00396548,0.00227886,-0.000387922,0.000432022
0.00434733,0.00320298,0.00170752,0.0108327,0.00265968,0.00942054
0.0133401,0.00944763,0.00376068,0.00721347,0.00097553,0.00144117
0.0110233,0.00775432,0.00379652,0.00329204,-0.000323412,0.0014385
0.0203856,0.0144506,0.00811038,0.0101476,0.00203683,0.00132721
0.00409741,0.00320215,0.00249776,-0.00033567,-0.000127764,0.00146792
0.00558957,0.00401518,0.0026186,0.0029983,0.000498902,0.000391074
0.00540172,0.00408181,0.00158261,0.00539853,0.00175763,0.00253516
0.018034,0.00838834,0.00756248,0.0085843,0.00234004,0.0026701
0.0147966,0.00552784,0.00700187,0.0044164,0.00133768,0.000693992
0.0104969,0.00610681,0.00544857,0.00420116,0.000597706,0.00071603
0.0279974,0.0172787,0.0134257,0.0277339,0.00835834,0.017309
0.0046987,0.00308102,0.00147604,-0.000404687,0.000916995,0.000671183
0.0105393,0.00708084,0.00578885,0.00811558,0.000860602,0.00123554
0.00913194,0.00502192,0.00603968,0.00931966,0.000842764,0.00142032
0.0229972,0.0146462,0.00733462,0.00621565,0.00231642,0.00127661
0.00508449,0.00389024,0.00237972,0.00342191,-0.000903266,0.000368222
0.00760058,0.00535687,0.00461675,0.000695351,0.000960555,0.00178142
0.0178782,0.0118905,0.0146732,0.0228226,0.0036367,0.00272578
0.00586598,0.00451969,0.00222182,0.00557536,0.00106897,0.00031394
0.00942921,0.00674853,0.00504643,0.00190536,8.51999e-05,0.00128437
0.00939673,0.0065947,0.00374891,0.001721,0.000505835,0.00049683
0.0108297,0.00717995,0.00416812,0.0062747,0.000454823,-0.000481859
0.0074384,0.00502978,0.00307594,0.000303646,0.000404488,0.0011936
0.0125505,0.00884145,0.00729641,0.0119033,0.00221796,0.00233865
0.0108534,0.00783182,0.00362489,0.00553369,0.00151712,0.000524174
0.0131621,0.00880309,0.00584514,0.00731554,0.000722167,0.000276907
0.00766793,0.00553321,0.00407764,0.00590941,0.000380798,0.000165307
0.0385019,0.0165418,0.0126879,0.0168808,0.00330382,0.00199142
0.0400894,0.0165722,0.0129307,0.0169784,0.003265,0.00275037
0.00973403,0.00707752,0.00374283,0.00204149,0.000754961,0.00129851
0.00753441,0.00439518,0.00506066,0.00213718,0.000558029,0.000216796
0.00903902,0.00441447,0.00487565,0.00546587,0.000596927,-2.11263e-06
0.00619404,0.00409955,0.00198419,0.00529502,0.000424207,0.00119621
0.0224264,0.014823,0.0289002,0.0314901,0.00742534,0.00446629
0.0234624,0.00915295,0.0165665,0.0182907,0.00333357,0.00127213
0.0173104,0.00754808,0.00645318,0.00866342,0.00339004,0.000733138
0.0154785,0.00612805,0.0056193,0.00858903,0.00213763,0.00101615
0.00981028,0.00713584,0.00353081,0.000595116,0.000556709,0.000500659
0.0212633,0.0128692,0.0116226,0.0168187,0.00468554,0.00192502
0.0250991,0.0153423,0.0322693,0.0490355,0.00986343,0.00403939
0.00535659,0.0039372,0.0022833,0.00417451,0.000163963,0.000746215
0.00560772,0.00366988,0.00239242,0.00322773,0.000261738,-0.000870157
0.00658895,0.00466961,0.00412032,0.00538412,0.00066086,0.00129024
0.0304885,0.00864074,0.0129836,0.0199019,0.00311673,0.00189735
0.0199123,0.00766038,0.00971184,0.0120232,0.00158954,0.00108104
0.0103119,0.00764647,0.0076775,0.00378011,0.00084055,0.000294093
0.00810947,0.00605037,0.0033295,0.00351481,0.0017344,0.000675786
0.00543323,0.00396885,0.00304936,0.00290137,-9.37654e-05,0.00027643
0.0253922,0.0152882,0.0226271,0.0232723,0.00573329,0.00308091
0.0083537,0.00620315,0.00326636,0.00230145,0.000690708,-5.00376e-05
0.0092448,0.0063708,0.00297069,0.00507314,0.00104532,0.00195602
0.011002,0.00793977,0.00416789,0.00407043,0.00170078,0.0014159
0.00812489,0.00582869,0.00319409,0.00137007,0.000362868,0.000122323
0.0169304,0.0115867,0.00620217,0.0117774,0.00250802,0.000225689
0.00727545,0.00513999,0.00542949,0.00708952,0.000480704,0.000864931
0.0102623,0.00736524,0.00311895,0.00357128,0.000969122,0.000497285
0.0078056,0.00481347,0.00305651,0.0044204,-0.000289978,-0.000201784
0.00742409,0.00534886,0.00259826,0.00446734,0.00105943,0.00034235
0.00540093,0.00399122,0.00414861,0.00400191,0.00100508,-0.000749536
0.0338892,0.0168991,0.0118798,0.0132503,0.00270516,0.00107228
0.0175111,0.0107532,0.00983226,0.0061263,0.00191232,0.000994227
0.0280324,0.0108992,0.0147517,0.0121516,0.00210244,0.001484
0.0150135,0.00572993,0.00782927,0.0103491,0.0022066,0.00190663
0.0151162,0.00568689,0.00784737,0.0109226,0.00207993,0.00167874
0.00945364,0.00458517,0.00655661,0.00521094,0.00128628,0.00106987
0.0137236,0.00451214,0.00790372,0.00822829,0.00252549,0.00066406
0.00893888,0.00381005,0.00409022,0.00481081,0.00179602,-0.000633141
0.00501162,0.0037865,0.0048954,0.00577595,0.000938697,-0.000438918
0.00491812,0.00381778,0.00213777,0.00734392,0.000944465,-0.000402918
0.020947,0.0146929,0.00801682,0.00974015,0.00207979,0.000219684
0.0174164,0.0111214,0.00601336,0.0093253,0.00289155,0.00133337
0.0151721,0.00910928,0.00560023,0.00477115,0.00155711,0.00049544
0.00560214,0.0033871,0.00229907,0.00136955,0.000814469,0.000703254
0.0185209,0.00859377,0.00964796,0.0121009,0.00259774,0.00022357
0.0180842,0.00780496,0.0074951,0.00640002,0.000388555,0.00118996
0.0195593,0.00881051,0.00741589,0.00578746,0.00107332,-0.000738948
0.00506781,0.00354161,0.00244396,0.00444084,0.00115185,0.000833865
0.0153688,0.0107857,0.00589073,0.00722437,0.00148249,0.000378662
0.00543855,0.0041343,0.00202428,-0.00134479,0.000234672,-3.85311e-05
0.0171096,0.00940275,0.00709129,0.00797754,0.00271839,0.0012341
0.0182703,0.0110679,0.00626359,0.0102185,0.00199625,0.000618473
0.00575166,0.0036118,0.00286074,0.00911312,0.00189367,0.00948793
0.0102647,0.00651152,0.00636078,-0.00015422,0.00163159,0.00179049
0.0135204,0.00773964,0.00778967,0.00200715,0.00107681,0.00112204
0.00520742,0.00428937,0.00366227,4.43285e-05,-0.000185687,-2.38181e-05
0.0177856,0.0124342,0.00475833,0.00691234,0.0017219,0.00168338
0.0065855,0.00467746,0.00292813,0.00454483,0.000839495,0.000481814
0.00416882,0.00331816,0.00207498,-0.00135994,0.000449681,0.000621232
0.0121952,0.00699355,0.00388995,0.00781155,0.00106746,0.00188914
0.0152501,0.00866735,0.00590976,0.00802109,0.00140315,0.000509632
0.0231856,0.0110251,0.0104371,0.0104082,0.00160212,0.00139205
0.0225074,0.0111352,0.0102564,0.00882245,0.00108896,0.0019654
0.0161974,0.0105685,0.00635789,0.00569025,0.00178797,0.00127382
0.006715,0.00480437,0.00348619,0.00634931,2.12813e-05,0.0010287
0.0086176,0.00598691,0.0037868,0.000758501,0.00150048,3.75399e-05
0.025804,0.0171616,0.0189389,0.0207992,0.00463544,0.00233427
0.0093385,0.00637573,0.00413872,0.00402828,0.000368478,-0.000512463
0.00721755,0.00526739,0.00180887,0.000935613,0.000499438,-0.000128559
0.00964045,0.00683636,0.011605,0.0102703,0.00122936,0.00154464
0.00700225,0.00529923,0.00323692,0.00121821,0.00108318,0.000236501
0.0089953,0.00642832,0.00347185,0.00276667,0.000545079,0.00150682
0.00966999,0.00559051,0.00578101,0.00856044,0.00146201,-9.42102e-05
0.00776657,0.00448283,0.00436443,0.00345316,0.000465659,0.000536592
0.0112141,0.00789429,0.00318762,0.0061808,0.000670248,0.000285194
0.00759369,0.00571113,0.00354869,-0.000178938,0.000410738,-0.000317968
0.00434796,0.00305998,0.00151233,0.00564636,-0.000251355,-0.000704871
0.0049283,0.00312543,0.00239958,0.00462184,0.00063797,-0.000202588
0.0145637,0.00798878,0.00745603,0.00540268,0.00114657,0.000373186
0.0115745,0.00558612,0.00549974,0.00300725,1.2095e-05,5.21931e-05
0.0210887,0.014293,0.0088919,0.0149624,0.00185211,0.00181378
0.0220111,0.0119215,0.0111429,0.0107217,0.00271566,2.13022e-05
0.00832994,0.00495583,0.00408669,0.00269703,0.00161935,-0.000413054
0.0141488,0.00854465,0.00988619,0.0157134,0.0039343,0.0019046
0.0124893,0.00822332,0.00863369,0.0100503,0.00156289,0.00169409
0.0192091,0.0131056,0.00637188,0.00668507,0.0026235,0.000390958
0.00861922,0.00605952,0.0049678,0.00485326,0.000812426,0.000246911
0.00784929,0.00567097,0.00346933,0.000758091,0.000687118,0.000470827
0.00876943,0.00519381,0.00538224,0.00334243,0.00170679,0.000768533
0.0103667,0.00736326,0.0038643,0.00579524,0.000569404,0.00160125
0.0100719,0.00662668,0.00377973,0.00536529,0.000611968,-7.03229e-06
0.0193133,0.0128358,0.00497135,0.00759308,0.00143203,0.000547442
0.00779827,0.00529312,0.00359198,7.5996e-05,-0.00038387,0.000258823
0.0109342,0.00789268,0.00505159,0.00449157,0.00107794,0.000123891
0.0126063,0.00803425,0.00493884,0.00704417,0.00101456,0.000435507
0.00907238,0.00646029,0.00584859,0.00999541,0.00201469,0.000955897
0.00597171,0.00424465,0.00300426,0.00146972,0.00113825,0.000521189
0.00856112,0.00533432,0.00414586,0.0145855,0.00470688,0.0115077
0.0285551,0.0173099,0.00891187,0.013684,0.00203242,0.00210648
0.0127221,0.00768663,0.00723854,0.00785129,0.00161927,0.00272374
0.0131648,0.00890215,0.0111909,0.0100769,0.00124832,0.00194043
0.00732143,0.00526033,0.00428944,0.00576773,0.000559489,0.000914667
0.0126287,0.00635832,0.00685823,0.00676702,0.000710747,0.00177325
0.00795072,0.00496255,0.00317514,0.00791648,0.000464256,0.000569297
0.00872573,0.00595003,0.00233077,6.76658e-05,-2.80966e-05,0.000472668
0.00795414,0.00403581,0.00297271,0.00593193,0.000717195,-0.000157946
0.0111393,0.00603242,0.00329917,0.00427581,-0.00018452,0.00100957
0.0215931,0.0105062,0.0117832,0.0135675,0.00314609,0.00191942
0.0223223,0.010586,0.0117192,0.0130916,0.00271941,0.00110798
0.0061731,0.00446435,0.0027041,0.00359919,0.000859513,0.000469262
0.00853936,0.00600095,0.00185331,0.00289666,4.12096e-05,-0.000656073
0.0334612,0.0167405,0.0129091,0.0194228,0.00474655,0.000974506
0.0194709,0.00979132,0.00850636,0.0108313,0.00183063,0.00150351
0.00848351,0.00595769,0.00294682,0.00761766,-8.22061e-05,-0.00100193
0.0233185,0.0110056,0.0066427,0.0153897,0.00342081,0.00230021
0.0210361,0.0129701,0.00954784,0.0115735,0.00234611,0.00100678
0.0101856,0.00703816,0.00548231,0.00348307,0.00141957,0.000547738
0.0135022,0.00896075,0.00487825,0.00392881,0.00179201,-0.00100225
0.0109853,0.00642748,0.00497277,0.00430443,0.00249248,0.000145744
0.00740723,0.00509017,0.00561884,0.00555535,0.00111656,0.00201896
0.0122552,0.00793883,0.00460257,0.00754631,0.0026938,0.00105507
0.0104935,0.00649986,0.00459383,0.00278182,0.000584231,0.00100125
0.0230437,0.0149253,0.010437,0.0124585,0.00159781,0.000776003
0.0199701,0.0132313,0.00690302,0.0233318,0.00603866,0.00620931
0.0118122,0.00812889,0.00371877,0.00569885,0.00153054,-0.000892249
0.00750549,0.00544343,0.00280656,0.00208928,0.00199111,0.00246789
0.0195968,0.0134323,0.00916117,0.010391,0.00216744,0.000159826
0.0101853,0.00716648,0.00314508,0.000158081,0.000660438,0.00119948
0.0134789,0.00863735,0.00739484,0.00773988,0.000382769,0.000398393
0.0166002,0.00893144,0.00777278,0.00762116,0.000351597,0.00013702
0.0124298,0.00411787,0.0048922,0.00569435,0.00181072,-0.000116837
0.0154313,0.00772056,0.00600413,0.00594886,0.00157948,-0.000212356
0.0100912,0.00710031,0.00389636,0.00142208,-2.8402e-05,-0.000260839
0.00654126,0.004793,0.00308746,0.00324038,0.000702903,0.00145563
0.00933847,0.00641972,0.00409175,0.000904087,6.4338e-05,-0.00104664
0.00464371,0.00311009,0.00286898,0.00139681,-0.000260963,-0.000469866
0.00992575,0.00695078,0.0059494,0.00299802,0.000474047,0.0014691
0.0413401,0.0172672,0.0153016,0.0214629,0.0055637,0.00335908
0.045319,0.022805,0.0191494,0.0268651,0.00653487,0.00311051
0.0124363,0.00912222,0.00426958,0.00634314,0.00152693,-0.000919231
0.0111891,0.00807508,0.00788522,0.00490844,0.00191603,-0.000313827
0.00469052,0.00364885,0.00259285,0.00211697,0.00155656,0.000860328
0.00631979,0.00455777,0.00333152,0.00497427,-0.000472131,0.00077316
0.00763415,0.00565061,0.00487013,0.00838757,0.00181928,0.000707897
0.0089713,0.00601851,0.00417549,0.00415574,0.00142329,0.000543774
0.00397804,0.00303772,0.00249173,0.000306286,0.000519945,0.000373569
0.0127244,0.00664797,0.0063104,0.00626556,0.000944279,0.00120994
0.00577509,0.00415297,0.00266818,0.00191084,0.000211471,0.00129425
0.00412732,0.00303906,0.00231432,0.00685763,0.000751804,0.000756094
0.00407938,0.00326458,0.00175322,0.000945125,0.000555477,0.00139561
0.0147306,0.010057,0.00636882,0.00443603,0.00275675,0.00208149
0.00733081,0.00524582,0.00296015,0.0194129,0.00617082,0.0153123
0.0183628,0.0127543,0.00580645,0.0210835,0.00825463,0.0176594
0.0129125,0.00891889,0.00793398,0.0087699,0.00172582,0.000632602
0.00433889,0.00317206,0.00352279,0.00267299,0.000184514,-0.000705528
0.0102836,0.00729558,0.00457175,0.00678449,0.00127149,0.000480324
0.00846098,0.0060843,0.00549948,0.00470804,0.00151799,0.000175907
0.0270264,0.0124836,0.0150334,0.0139763,0.00265488,0.00285679
0.028977,0.0125364,0.0156415,0.0161177,0.00256307,0.00250627
0.0180449,0.0121585,0.00604851,0.0110138,0.000389364,0.00174001
0.00786147,0.00561719,0.00477166,0.0011762,-0.00050441,-0.000652044
0.00488563,0.00360893,0.00271995,0.00417121,0.000230449,0.00101227
0.0106273,0.00723968,0.0051774,0.00419997,0.000435709,0.000928503
0.00780719,0.00305249,0.00547544,0.00697007,0.00175072,0.00113927
0.00805391,0.00319085,0.00529437,0.00709563,0.00112095,0.000578927
0.0102797,0.00727645,0.00445512,0.00524855,0.000932461,5.92901e-05
0.00946099,0.00496594,0.0068359,0.0101859,0.00140272,0.000318497
0.0115263,0.00661383,0.00701233,0.0099129,0.00148852,-0.000134426
0.0135252,0.00918681,0.00562254,0.00386432,0.000488508,-0.000395887
0.0083816,0.00350334,0.00437784,0.00331107,0.00170004,0.000853555
0.00851174,0.00342772,0.00451418,0.00427609,0.000984209,0.000196007
0.014851,0.0103464,0.0101933,0.00904142,0.00150756,0.000560824
0.00646299,0.00421854,0.00274784,0.00372254,0.000827486,-0.000382673
0.0209915,0.00837704,0.0103838,0.0169472,0.00261294,0.00181274
0.0211271,0.00840118,0.0101801,0.0150486,0.00292271,0.00168668
0.009693,0.00665166,0.00837688,0.00688205,0.00201944,0.00164823
0.0161583,0.00988042,0.00547256,0.00816122,0.00151048,-0.000152847
0.00554574,0.00371641,0.00239589,0.00363881,-0.00126737,7.4311e-05
0.0112685,0.00541272,0.00590035,0.00505169,-6.42353e-05,-0.000395067
0.00525826,0.00323972,0.00412048,0.00304278,0.000909888,-0.000178229
0.0167662,0.00933564,0.00581122,0.0198474,0.00397433,0.0111697
0.0108452,0.00717868,0.0033474,0.00641162,0.000407117,0.000187925
0.00926877,0.00471639,0.00505908,0.0087077,0.0011154,-0.000284472
0.025732,0.0175417,0.0103925,0.0111632,0.00130681,0.00143472
0.00775917,0.00537655,0.00237478,0.00346813,0.000376004,2.63451e-06
0.0108198,0.00718636,0.00540952,0.0133699,0.00305234,0.00725659
0.00398924,0.00321827,0.00191333,0.000648899,0.0003271,0.000377593
0.0112324,0.00770888,0.00360772,0.00627149,0.00170128,0.00119386
0.00630887,0.00458258,0.00380936,0.00697409,0.00156253,-7.09396e-05
0.0160019,0.0108024,0.013119,0.0112754,0.00237024,-0.000669329
0.00621942,0.0043433,0.00175494,0.00207615,0.000838427,-0.000458853
0.0106241,0.00726259,0.00529411,0.0104893,0.0019058,0.000873949
0.0127423,0.0086983,0.00441632,0.00584344,0.00142118,0.000360133
0.00498237,0.00387476,0.00244353,0.00231243,-7.47438e-05,0.000210124
0.011356,0.00813108,0.00344561,0.00301769,0.000414854,-0.000886714
0.00878698,0.00624139,0.00468019,0.00566913,0.00171038,0.00162044
0.0160576,0.0114677,0.00532063,0.00913532,0.000985893,0.000917088
0.00863936,0.00589626,0.00497683,0.00534674,0,-0.000926526
0.0136226,0.009243,0.00612847,0.00249706,0.00077525,-3.76301e-05
0.00749896,0.0049521,0.00422613,0.00379032,0.000994006,0.000520564
0.0105895,0.00705331,0.00340868,0.00466447,0.00065603,-9.5369e-05
0.0188095,0.00945026,0.0103378,0.0110764,0.00192271,0.00233246
0.020813,0.00818611,0.0104336,0.00824228,0.00158049,0.000880653
0.0133664,0.00865417,0.00596978,0.00774979,0.000799021,0.00051293
0.0222116,0.0103797,0.00663225,0.0127445,0.00234666,0.00133488
0.0109002,0.00689373,0.00645442,0.00762594,0.000827574,0.0004557
0.00845914,0.00590225,0.00281113,0.00255249,0.000290416,-0.00100069
0.0169632,0.0115703,0.00546756,0.00569936,0.00183298,-0.0012065
0.00751128,0.00399416,0.00395142,0.000926026,0.000402953,0.000904708
0.00949158,0.00576685,0.0041605,0.00115987,-6.63409e-05,0.000519327
0.00779731,0.00562912,0.0041637,0.00507032,-0.000145345,-0.000425682
0.0079303,0.0054635,0.0035158,0.00642084,0.000985331,5.73396e-05
0.0101453,0.00569378,0.00435338,0.00669959,0.0019027,0.000283107
0.012724,0.00568302,0.00812262,0.00343917,0.00110003,-0.000111836
0.0123683,0.00585992,0.00825741,0.00319736,0.00104513,-0.000612059
0.0278978,0.0123117,0.0116774,0.00841986,0.00168436,0.00193191
0.00513487,0.00355077,0.00239165,0.00538244,0.000992888,0.00418793
0.0124867,0.00660055,0.00760113,0.00705611,0.000954389,0.00247416
0.00759253,0.00520913,0.00448905,0.00900033,0.000823599,-0.000363015
0.00406999,0.00297372,0.00164088,0.0211453,0.0111769,0.0269735
0.0148811,0.00878258,0.00663286,0.00818232,0.00249759,-1.50686e-05
0.0129134,0.00652855,0.00930079,0.0075597,0.000892121,-0.000956948
0.0141862,0.0099464,0.00423667,0.00399487,0.00120735,0.0022558
0.0101649,0.00712134,0.0030727,0.00307945,0.00143626,0.000992337
0.0093859,0.00408253,0.00412828,0.0153344,0.00802475,0.0152206
0.00959828,0.00412596,0.00431629,0.018288,0.00846438,0.0177058
0.013703,0.00949865,0.00534812,0.00704331,0.00213907,0.00137709
0.0155947,0.00793279,0.00682975,0.002177,0.00129588,-0.000477182
0.00693926,0.00507023,0.00222858,0.00498742,0.000848878,0.00137097
0.0049621,0.00345407,0.00198264,0.00228412,0.000903231,0.000484855
0.00987407,0.0057527,0.00709511,0.00784888,0.00175055,0.000421289
0.0178198,0.00733533,0.0110726,0.00876911,0.00210878,0.00129964
0.0150577,0.00748381,0.00897797,0.00733849,0.00156236,0.00116879
0.0111401,0.00646902,0.00476941,0.00724419,0.00188883,0.000835021
0.0100544,0.00501174,0.00441352,0.00391178,0.000966197,-0.000242333
0.0194958,0.00840631,0.00702544,0.00884042,0.00191723,0.00161661
0.03048,0.0167005,0.00948756,0.0088702,0.00276036,0.0011721
0.0159382,0.00841564,0.00839468,0.0125537,0.00362577,0.000324908
0.0203515,0.00969166,0.0144288,0.0105455,0.00114439,0.00232922
0.0215586,0.00986595,0.0172648,0.0138499,0.00177759,0.00125405
0.00850839,0.00593526,0.00339618,0.00487906,0.000301254,0.000701083
0.00397149,0.00300435,0.00205928,0.00532879,0.00141941,-0.000364864
0.0229515,0.0132008,0.0118239,0.0189975,0.00325896,0.0011564
0.00479705,0.00359033,0.00301962,-9.27195e-05,0.000200865,0.000858758
0.00677774,0.00503568,0.00564358,0.00645943,0.0012801,0.000786798
0.0243342,0.0163754,0.0102765,0.0133467,0.00285627,-1.08296e-05
0.013127,0.00918274,0.0051174,0.00739019,0.00122509,0.000647853
0.00483298,0.00357769,0.00314397,0.00221112,-5.74431e-05,0.00135062
0.0140983,0.0097376,0.00536691,0.00611906,0.000381854,0.000977761
0.0110168,0.00794793,0.00575961,0.00586444,0.00110217,0.0012281
0.0129765,0.00927453,0.00556571,0.0072831,0.00211743,-8.53843e-05
0.012825,0.0089731,0.00463928,0.00839972,0.00214091,0.00100287
0.00659342,0.0047124,0.00289545,0.0033457,0.000395282,0.000409134
0.00617107,0.00418435,0.00230764,0.00116136,0.000719558,-0.000472312
0.0126724,0.00834526,0.00381848,0.00891047,0.00139501,0.000304433
0.0142016,0.00838425,0.00388784,0.00682346,0.00100013,0.000788116
0.00682233,0.00469248,0.00491268,0.00192764,0.000279324,-0.000216752
0.00463393,0.00321577,0.00139018,0.0179235,0.00453473,0.0110976
0.00535301,0.00358114,0.00182045,0.00511042,0.000239355,0.00049678
0.0114848,0.00640046,0.00685452,0.00418449,0.00171814,0.000103021
0.0135059,0.00947271,0.00526737,0.00283286,0.00208376,0.000488596
0.0181788,0.0120752,0.00628974,0.0208614,0.00672183,0.0114224
0.00952739,0.00461638,0.00324792,0.0076263,0.00128632,0.00106137
0.0104073,0.00587566,0.00701373,0.00389461,0.00113214,0.00120235
0.023835,0.0132019,0.0115074,0.017434,0.00307874,0.00228552
0.00847101,0.00583679,0.003999,0.00538729,0.0010279,0.000813996
0.0130593,0.00842615,0.00751649,0.010817,0.00199939,0.00234596
0.00984781,0.00625541,0.00588101,0.00569258,0.00101741,0.00225911
0.0086589,0.00593368,0.00475915,0.00319221,0.000189003,0.000748734
0.0330898,0.0194369,0.0121103,0.0122775,0.00398022,0.000106633
0.0278002,0.0179397,0.0164798,0.0180508,0.0040111,0.00171061
0.00457319,0.00346947,0.00185409,-0.000857176,0.000583903,0.000121121
0.00923487,0.00623314,0.00427901,0.00134718,0.00187504,-0.000845107
0.0172752,0.009852,0.00656818,0.00516872,0.00296203,0.000985484
0.0115777,0.00676976,0.00460697,0.00276977,0.000953519,0.00120807
0.00823099,0.00491637,0.00380354,6.83307e-05,0.00166305,0.00150779
0.00629248,0.00394397,0.00288713,0.000485313,0.000622387,0.00149027
0.0101502,0.007616,0.00534852,0.00563853,0.000507412,0.000900764
0.0134115,0.00935664,0.00410254,0.00620508,0.00155804,0.00069013
0.00948389,0.00677658,0.00379632,0.00502757,0.000657716,-0.000241813
0.00963839,0.00660578,0.00632941,0.00813603,0.00235398,0.00115712
0.00733724,0.00503366,0.00263988,0.00766186,0.00185173,-6.83241e-05
0.0117388,0.00843613,0.00358097,0.00216554,0.000629846,0.000240513
0.0215264,0.0147406,0.00724314,0.0122673,0.00300414,0.000890775
0.0182742,0.0109855,0.00724341,0.00255186,0.00197301,0.00184636
0.00880146,0.00580775,0.00300279,0.0112355,0.00266217,0.000194344
0.00684125,0.00494332,0.00236928,0.00331203,0.000492777,0.000517305
0.0285688,0.0114963,0.0179104,0.0124017,0.00423441,0.00441198
0.0361143,0.0114554,0.0195274,0.0147523,0.00477026,0.00386488
0.0203221,0.0101805,0.00857869,0.0125241,0.00136281,0.00043655
0.00674548,0.00430549,0.00334724,0.0048154,0.000638447,0.00120016
0.0119261,0.00803174,0.00726934,0.00359112,0.00135749,0.00237978
0.00903457,0.00618549,0.00341841,0.00282877,0.000685149,-0.000219239
0.00978876,0.00695299,0.00486446,0.00543233,0.000408496,0.00016106
0.00749205,0.00553842,0.0035686,0.00381602,0.000619029,0.00190668
0.0130798,0.008903,0.00460325,0.00553268,0.00174814,0.000347936
0.00896491,0.00429362,0.00457081,0.00650495,0.0010149,0.00153764
0.00873317,0.00530971,0.00733415,0.0060055,0.000484491,-0.000372892
0.0129887,0.00810749,0.00784115,0.0100401,0.00307024,0.00103084
0.0122079,0.00809416,0.0072678,0.00753223,0.00156979,0.00111888
0.00817042,0.00577941,0.00396841,0.00162104,0.00106447,-0.000356413
0.00842016,0.00557362,0.00837055,0.016975,0.00289676,-3.2322e-05
0.0139921,0.00966256,0.00742812,0.00630122,0.00166128,0.000928528
0.00718215,0.00530368,0.00380851,0.00505891,0.000688385,0.000797994
0.00707328,0.00499213,0.00513608,0.00417873,1.06062e-05,-0.000292092
0.00668743,0.0048041,0.00287398,0.00406455,0.000524309,0.000781209
0.00550002,0.0041266,0.00255864,-5.24251e-05,0.00141496,0.00221065
0.0272897,0.0158112,0.0167799,0.0338411,0.0112466,0.0195991
0.00403438,0.00305558,0.0012355,0.00391662,-2.65267e-05,-0.000333661
0.0174209,0.0119037,0.00955724,0.00959288,0.000902517,0.00141993
0.0130966,0.00675259,0.00821242,0.00878559,0.000868488,0.00109362
0.0192976,0.00673134,0.0113774,0.0142696,0.00160957,0.000523373
0.0120921,0.00607332,0.0058442,0.00905033,0.000301276,-0.000617679
0.00742356,0.00531986,0.00710378,0.00651823,0.00212405,0.000674018
0.0220262,0.0140705,0.0151645,0.0170321,0.00546646,0.00217042
0.00890743,0.0061238,0.00408405,0.00739457,0.000726851,0.00113569
0.0126797,0.00713169,0.00602421,0.0064583,0.0011645,0.00292882
0.00899566,0.0062386,0.00529959,0.00533567,0.00152259,-0.000401797
0.00702276,0.00516212,0.00424624,0.00593096,0.00052603,-0.000197475
0.0186828,0.0124145,0.00909005,0.011767,-8.11912e-05,0.00121042
0.0123071,0.00704573,0.00692583,0.00710459,0.0026079,0.000948437
0.0139443,0.00922983,0.00437175,0.00973516,0.00240406,-0.000213237
0.0224276,0.0158376,0.01398,0.0340238,0.0105293,0.0143993
0.00770455,0.00581477,0.00283699,0.00689238,-4.20696e-05,0.000279043
0.0158796,0.00795264,0.00920098,0.014191,0.00384869,0.00118921
0.00810894,0.00583737,0.00410485,0.00196461,-0.000189414,-0.000515825
0.0268036,0.0159213,0.0100495,0.0133853,0.00212427,0.00128394
0.00432744,0.00337062,0.00250798,-0.000459301,0.000589098,0.000102303
0.00403004,0.00314486,0.00260496,0.0023008,-0.000247431,-0.00143349
0.00681269,0.00502231,0.00375789,0.00329599,0.000718721,0.00105881
0.0176938,0.00675862,0.00785799,0.00502541,0.00249005,0.0014829
0.0192929,0.00785707,0.0104245,0.00585418,0.00119341,0.00096517
0.0149106,0.00910989,0.00686454,0.00455002,0.00149457,-0.000912297
0.0128158,0.00479195,0.00794346,0.0140897,0.00292486,0.00030302
0.0126241,0.00479829,0.00787796,0.0141409,0.00278393,4.76343e-05
0.0212484,0.0105801,0.00820408,0.00375915,0.00091359,0.000725298
0.0216186,0.0107174,0.00845351,0.00524731,0.00171982,0.00179575
0.0131423,0.00871975,0.00464362,0.00640376,0.00193976,0.00159856
0.00704803,0.00532633,0.00455407,0.00686926,0.000214695,-0.00081707
0.0114861,0.00803605,0.00323607,0.00431954,0.000878355,0.000439585
0.0109262,0.00524999,0.00947408,0.0111382,0.0026074,0.0025104
0.0128986,0.00911392,0.00721331,0.0061706,0.00203961,0.000949517
0.0137344,0.00919001,0.0068168,0.0066095,0.00183414,-0.000519375
0.0324008,0.0192615,0.0147073,0.0141719,0.00362455,0.00075286
0.011586,0.00827962,0.00608362,0.00687802,0.00181223,0.00092193
0.00758294,0.005432,0.00309001,0.0020105,0.000643125,0.00112949
0.0136862,0.00963197,0.00793164,0.00854973,0.000822282,0.000897068
0.0044618,0.00323104,0.00254114,-0.000413578,0.000169371,-0.000879519
0.00665382,0.00462253,0.00666674,0.0100464,0.0029496,0.00632783
0.010525,0.00373784,0.00784954,0.0106761,0.00279219,-0.00010757
0.0273606,0.0131025,0.0206627,0.0204943,0.0040172,0.00111287
0.0217966,0.00686716,0.0101024,0.0102649,0.00150901,0.00178115
0.0134448,0.00921161,0.00403871,0.00474135,0.0010249,0.000980997
0.0152551,0.00950964,0.00703914,0.00896346,0.00227914,0.000203675
0.0107869,0.00751213,0.00527712,0.00454429,0.00062672,0.00249743
0.00968444,0.00705478,0.00330236,0.00696168,0.00197409,0.000750397
0.00487878,0.00348143,0.00207536,0.00336904,0.00103395,-0.0013425
0.0103061,0.00710498,0.00309511,0.0068501,0.000432424,3.00914e-05
0.0166406,0.00803808,0.0080934,0.00613882,0.000616611,0.000454024
0.0245901,0.00965643,0.0110862,0.0104195,0.00298355,0.00164774
0.0189213,0.00894146,0.00838581,0.0120424,0.00423684,0.00195962
0.0118028,0.00851749,0.00413494,0.00707319,0.00224697,-0.000302001
0.011329,0.00746774,0.00458993,0.00398269,0.000792516,0.000988582
0.0157664,0.0108634,0.00399125,0.00316557,0.00124764,0.000244566
0.0105659,0.00736549,0.00461505,0.00609548,0.00163076,-0.00130793
0.00490942,0.00390435,0.00244077,0.00249779,0.000738151,0.000208568
0.00853219,0.00607245,0.00400551,0.00229144,0.00154795,0.000389283
0.00574815,0.00361952,0.00361078,0.00399599,0.00033227,-0.000461917
0.0102706,0.0076668,0.0027532,0.00586636,0.00091922,0.000157947
0.0131646,0.00522977,0.00639759,0.0101261,0.00313411,-0.000543064
0.013241,0.0050642,0.00624928,0.0124757,0.00230496,-0.000319087
0.0134032,0.00912613,0.00613699,0.00637879,0.00175404,0.000573271
0.00935605,0.00633077,0.00499647,0.00501619,0.000813121,0.000984414
0.0343998,0.0195974,0.0182391,0.0154702,0.00271355,0.00143355
0.00458333,0.0036141,0.00272363,0.00147352,0.000737637,0.000277115
0.0074673,0.0053784,0.0039468,0.000492614,0.000723492,0.000942096
0.00666142,0.00402274,0.00311134,0.00676415,0.000582509,-0.000731862
0.00815997,0.00524803,0.00373512,0.00378397,0.000643942,-0.000296999
0.0106554,0.00467708,0.00629793,0.000406248,0.000185712,0.000441121
0.0108111,0.00468508,0.00634128,0.00075577,0.000559881,0.000925326
0.00413903,0.00320571,0.00374916,0.00137174,0.001954,-4.99408e-05
0.00397664,0.00292729,0.00271854,0.000250761,7.14723e-05,0.000265211
0.0317398,0.0131146,0.0120498,0.0160413,0.00391518,0.00249854
0.0152436,0.00714652,0.00601764,0.00892115,0.0019307,0.000927625
0.0151073,0.00711874,0.00596354,0.00672384,0.00208937,0.00110075
0.00407012,0.00307907,0.00383853,0.00439397,0.0010203,7.27884e-05
0.0179859,0.0127935,0.00743958,0.0133558,0.00366148,0.000605105
0.00810807,0.0058996,0.00381867,0.00503938,0.00203499,0.000672353
0.0131695,0.00959778,0.00428856,0.0069666,0.00167682,0.000175109
0.00469571,0.00330605,0.0023822,0.00360324,-0.000398912,0.00020399
0.00670878,0.00472974,0.0043564,0.00682557,0.000484588,0.00149932
0.00429637,0.003284,0.00186413,0.000115713,0.00158458,0.00299526
0.0343948,0.0177941,0.0131761,0.016442,0.00351286,0.00121898
0.0464281,0.0177919,0.0235983,0.0187487,0.00384849,0.00243431
0.00801378,0.00558913,0.00358151,9.78405e-05,0.00075815,0.00145131
0.00444301,0.00314104,0.00217132,0.00295761,0.000270388,-0.000159736
0.00853182,0.0053938,0.00452499,0.00272441,0.00122213,0.00134469
0.00928779,0.00529302,0.00433979,0.00239986,0.00111013,0.00193151
0.0117551,0.00842295,0.00259831,0.00480541,0.00170022,0.000362643
0.00945724,0.0038708,0.00548566,0.00548089,0.00224857,0.00133046
0.011591,0.00634809,0.00612227,0.00318909,0.000579255,0.00120637
0.00997486,0.00728717,0.00602308,0.00838365,0.00174362,0.000369395
0.00402465,0.00292136,0.00182801,0.00555192,-0.000282642,0.00206281
0.0053306,0.00388763,0.00244354,0.00532549,0.000875698,0.000978625
0.0113656,0.00786915,0.00442664,0.0062959,0.000303177,0.000242789
0.00874083,0.0063966,0.00289824,0.00330635,0.00135769,0.000574051
0.0134806,0.00787858,0.00667963,0.00442061,0.00100038,0.00120589
0.00470945,0.00340082,0.00315216,0.00129509,0.000786444,0.000315146
0.0119197,0.00877383,0.00403102,0.00397068,0.00116525,0.000949785
0.0171995,0.012014,0.00688504,0.00652833,0.000692008,-0.000554836
0.00527563,0.00424658,0.0035015,0.00260706,0.000272991,-6.8054e-05
0.00460612,0.003496,0.00240617,0.00100048,0.000148995,-0.000451596
0.0110913,0.00810641,0.00552158,0.00472633,0.00172393,-0.00077323
0.00392338,0.00310457,0.00275928,-0.000302121,8.7565e-05,3.3241e-05
0.0251514,0.0165948,0.0180671,0.0248884,0.00542178,0.00629982
0.0210483,0.0145031,0.0110698,0.0082762,0.00266182,0.00249505
0.0058042,0.0044341,0.00247829,0.00362672,0.000354069,-0.000860805
0.00548263,0.00412355,0.00291893,0.00629078,0.000363123,0.0003402
0.00511062,0.00380203,0.00237813,0.00240487,-0.000116309,-0.000621171
0.0091665,0.00649511,0.00465713,0.0230907,0.00707202,0.0197582
0.00557297,0.00399236,0.00344821,0.00349356,0.0005218,0.000131618
0.0200886,0.0139191,0.0196714,0.0267831,0.00430959,0.00297598
0.00907136,0.006158,0.00402789,0.00095603,0.000903552,0.000183331
0.0124865,0.00852971,0.00399806,0.00351368,0.000922833,0.00131046
0.00674321,0.00306836,0.00422306,0.00446721,0.00213303,-8.54885e-05
0.00716357,0.00420832,0.00369785,0.00494055,0.000546592,-0.000775177
0.00438221,0.00329313,0.00304809,0.00452577,0.000338466,0.000133507
0.0130303,0.00907567,0.00462804,0.0106158,0.00251754,0.000687368
0.0129477,0.00517852,0.00661398,0.00537099,0.00256536,-0.000541743
0.0125267,0.00518484,0.00624962,0.00717026,0.0017149,0.000646393
0.0134409,0.00609129,0.00704489,0.0123043,0.00312281,0.00310145
0.00685825,0.00518973,0.00586134,0.0129295,0.00170125,0.000628325
0.0167632,0.0121103,0.0117962,0.0104187,0.00240567,0.000992985
0.0215251,0.0100457,0.0169033,0.0189286,0.00441523,0.00700156
0.0216679,0.00926916,0.0160126,0.0151799,0.00476313,0.00737274
0.0138131,0.0097587,0.00742605,0.0107075,0.00154466,0.00173311
0.00634183,0.00452174,0.00224279,0.00325417,0.00121803,0.00142756
0.0121771,0.00856253,0.00457706,0.00506016,0.00238519,0.00114209
0.0139177,0.00968693,0.00653119,0.00636409,0.00170778,0.00127662
0.00880612,0.00635382,0.00273804,0.00529926,0.000613193,0.000639309
0.0134147,0.00623733,0.00630831,0.00920029,0.000939817,-0.000218436
0.0134467,0.00631943,0.0063065,0.00815176,0.00117144,0.000214188
0.0150016,0.00871365,0.00745383,0.00634867,0.00140378,0.00125788
0.0137048,0.00764077,0.00684013,0.00459189,0.000679723,-2.95877e-05
0.011358,0.00825245,0.0043629,0.00194452,-0.000558324,0.0011319
0.0211169,0.010679,0.00794253,0.0139373,0.00315141,0.00327345
0.0494265,0.0284159,0.0209585,0.0345495,0.00523164,0.00322428
0.0130547,0.00910992,0.00532694,0.0113317,0.00313201,0.00129949
0.00911668,0.00611844,0.00371874,0.00252702,0.00111614,0.000385095
0.0166382,0.01137,0.00721627,0.00457735,0.0015048,0.00112694
0.0148445,0.0103459,0.0136365,0.0113098,0.00189512,0.000369472
0.014299,0.0087718,0.00531506,0.00474074,0.000663202,0.00237388
0.0271334,0.0127576,0.0123455,0.0179768,0.00309435,0.00117129
0.0072529,0.00514248,0.00364236,0.0044138,0.00079965,0.00134071
0.00509861,0.00366117,0.00314121,-0.000404035,0.00095523,0.000640036
0.00452494,0.00359219,0.00242875,0.00131533,0.000290841,0.000302307
0.00700216,0.00495005,0.00310069,0.0100275,0.00342711,0.00784327
0.00765554,0.00550205,0.00304999,0.000770012,0.000511777,0.000412871
0.0074294,0.00507277,0.00271315,0.00762565,0.00116486,-0.000456341
0.00585508,0.00414725,0.00298742,0.00401692,0.00230492,0.00110402
0.00750959,0.00550549,0.00324246,0.00317419,0.0011734,0.000986044
0.0309376,0.0123167,0.018206,0.0156569,0.00349923,0.00206504
0.0104443,0.00621383,0.00435735,0.00734618,0.0010178,0.00182141
0.00923636,0.00532345,0.00407096,0.00419668,0.000641001,0.000832433
0.00810917,0.00580475,0.00611283,0.00830581,0.000936431,-0.000472443
0.0102307,0.00716257,0.00481807,0.00241178,0.000485225,0.000287233
0.00749551,0.00524692,0.00334448,0.00699044,0.00112782,0.00098021
0.00512753,0.0040171,0.00186398,0.00253504,-0.000489237,-0.000470855
0.00664147,0.00494025,0.00332994,0.000760016,-0.000327885,0.000458137
0.00907331,0.00641914,0.00400271,0.00580961,0.00121516,-0.000115596
0.00512713,0.00351074,0.0027901,0.0025005,0.000342868,-0.000180191
0.0116345,0.00832873,0.00598949,0.00837242,0.00192103,-0.000288326
0.00770839,0.0054322,0.00435906,0.00117007,0.00102717,-0.000109341
0.00943875,0.00645692,0.00744688,0.00660543,0.00125213,0.00157001
0.0225364,0.015225,0.00655136,0.00988326,0.00192924,0.00204917
0.0125052,0.00881485,0.005604,0.00120594,0.000823958,0.000501022
0.00476452,0.00349236,0.00163635,-0.00325113,0.000429967,0.000242162
0.00544808,0.00373068,0.00407453,-0.00181853,0.000510624,0.000819405
0.00993439,0.00698753,0.00626567,0.0095048,0.00170553,0.00177892
0.0051407,0.00368694,0.00228469,0.0028211,-4.64659e-05,-0.000601693
0.0116307,0.00811409,0.00544945,0.00364466,0.0014397,-0.00036192
0.00715777,0.00519904,0.00309741,-0.000328743,0.000476551,-0.000329249
0.00423519,0.00308409,0.00225452,0.000932764,0.00103739,-0.00107685
0.00764138,0.00347351,0.00414856,0.00401687,0.001597,0.00070228
0.0164033,0.00716908,0.00949799,0.0108701,0.00359761,0.000754511
0.0128979,0.00512006,0.00730592,0.00798264,0.00147811,-0.000510778
0.00683334,0.00332605,0.00462176,-5.81329e-06,0.00115341,0.00082983
0.0138989,0.00930052,0.00474893,0.00555131,0.00155957,0.00232808
0.00470442,0.00346325,0.00260906,0.000334122,0.000431447,0.000248602
0.00503272,0.00308992,0.00394795,0.00233531,0.000434975,-0.000656529
0.00810568,0.00425977,0.00555561,0.00609396,0.00211725,0.00208446
0.0128083,0.00864081,0.00887619,0.0108731,0.00183482,0.00240568
0.0118103,0.00857577,0.00547922,0.00373805,-0.00018938,-0.000877515
0.0155172,0.00733866,0.00564016,0.0059593,0.00264601,-0.0010399
0.00858095,0.00626153,0.00343386,0.00521331,0.000670262,0.00113679
0.00832466,0.00582623,0.00715402,0.010256,0.00157305,0.000954753
0.0104348,0.00718863,0.00471945,0.0102121,0.00177502,0.00134382
0.0108516,0.00782001,0.00764658,0.00378767,0.00157398,0.000946339
0.0219658,0.00882415,0.0154255,0.0140674,0.00339208,0.000904538
0.0246654,0.00954459,0.0179723,0.0138006,0.00367824,0.00137957
0.0229638,0.0149235,0.0129047,0.0107404,0.00186068,-0.000147049
0.0155907,0.0110487,0.00628324,0.00979014,0.00155223,0.00180436
0.0221869,0.0150907,0.00785193,0.0166235,0.00493899,0.00719554
0.0218887,0.00904336,0.00739319,0.0115778,0.00158026,0.000175377
0.00530195,0.00400307,0.002261,-0.000991132,-9.7481e-05,0.000574357
0.0256225,0.0141128,0.0195158,0.0243947,0.00547497,0.00157744
0.00887077,0.00521545,0.00559744,0.00292782,7.30066e-05,0.00188448
0.0138078,0.00995682,0.00385639,0.00794886,0.00167764,0.000849816
0.0121394,0.00804036,0.00432702,0.00655598,0.00136093,-0.000655059
0.0124151,0.00827626,0.00484358,0.00917119,0.00176849,0.000278918
0.0046954,0.00363771,0.00275723,0.00283239,0.000352645,-0.000191081
0.00849607,0.00631528,0.00258314,0.00450198,-3.21777e-05,0.00106928
0.00674117,0.00487281,0.00308569,0.00113535,0.00152113,0.000444904
0.00969123,0.00683021,0.00446662,0.00538757,0.000984885,0.00153863
0.012753,0.00942931,0.00558763,0.00524439,0.000718109,0.000356362
0.0117606,0.00838562,0.00456345,0.00546957,0.000912242,0.000643115
0.0181997,0.00872776,0.0118844,0.0140865,0.00412171,0.00204639
0.0347557,0.0135743,0.0159611,0.0205618,0.00380962,0.0025256
0.0191381,0.0103468,0.00728255,0.0100935,0.00108045,-0.000371949
0.00663605,0.00331965,0.00376642,0.00423438,0.000632567,-0.000286296
0.0139189,0.00818431,0.00506957,0.00546215,0.00248103,-0.000187259
0.012615,0.00588197,0.00545254,0.00345381,0.000464433,-0.000386806
0.0170842,0.012212,0.00918782,0.00759844,0.00123966,0.00107855
0.00979413,0.00601752,0.00305822,0.000853855,0.00035397,0.00130254
0.00863596,0.00378907,0.00361841,0.00473698,0.00149403,0.00205011
0.0112725,0.00403847,0.00552299,0.0127052,0.00480004,0.00662028
0.00734055,0.00392979,0.00367079,0.00935705,0.0039373,0.00666107
0.011925,0.00833734,0.0043578,0.00406316,0.000795876,-0.00140856
0.00401707,0.00305135,0.00265341,0.00399807,0.00019214,0.000558988
0.0169025,0.0118338,0.00653998,0.0112645,0.00212461,0.00205525
0.00967784,0.00692716,0.00355833,0.00447932,0.00102167,-6.08893e-05
0.017784,0.0110577,0.00866463,0.00929666,0.0019198,0.000646491
0.00408621,0.0035393,0.00220495,0.003185,0.000343282,0.000896864
0.0125437,0.00864289,0.00508794,0.00616368,0.00172807,0.000557162
0.0315528,0.0103149,0.0307598,0.0236761,0.00400616,0.00252292
0.0238647,0.0163725,0.0105485,0.0221288,0.00441199,0.00124958
0.0060624,0.00458566,0.00497701,0.00428535,0.000963955,0.000961671
0.041206,0.015712,0.0151526,0.0177266,0.00501456,0.00234575
0.0392851,0.0158025,0.0142288,0.0180949,0.00435154,0.00173624
0.0105679,0.0073791,0.00320444,0.00544219,0.00164829,0.00103273
0.00988543,0.00647598,0.00876244,0.0113587,0.00231334,0.000454769
0.0107152,0.00643348,0.00697748,0.00182594,0.00155065,0.000215161
0.00765202,0.00517374,0.00243524,3.5272e-05,0.000782059,0.000447346
0.0230224,0.0110032,0.0116539,0.013219,0.00258685,-0.000742216
0.0251821,0.010875,0.0122112,0.013381,0.00219355,0.000427734
0.0101847,0.0071098,0.00414933,0.00666818,0.00224334,0.000607024
0.0283163,0.0194212,0.013513,0.0163139,0.00260415,0.00174732
0.0272397,0.010594,0.0105606,0.0153277,0.00260105,0.000615463
0.0279921,0.0109419,0.0109848,0.0128184,0.00234263,0.000561736
0.0157286,0.00641593,0.00593711,0.00573633,0.000796926,0.00118026
0.0196402,0.00634123,0.00819608,0.00772474,0.00145601,0.00263511
0.014636,0.00647048,0.0057793,0.00727942,0.00111313,0.00232488
0.00750091,0.00544891,0.00593724,0.0113712,0.0021818,0.00150624
0.0110267,0.00753796,0.0119267,0.03076,0.0101197,0.0214605
0.0119205,0.00841158,0.00476947,0.00522339,0.00117013,0.00144018
0.0046177,0.00339617,0.00274452,0.00254211,2.64408e-05,9.83483e-05
0.0145536,0.0104807,0.00543438,0.00255409,0.00163387,0.000458885
0.0161541,0.00972924,0.00911471,0.0109194,0.00330566,0.00116938
0.0226135,0.0121398,0.00844047,0.0169874,0.00651864,0.0143928
0.0223692,0.0122022,0.00812436,0.0197054,0.00621064,0.0135755
0.0048907,0.00362192,0.0025135,0.0012147,-1.95496e-05,0.000913193
0.00701239,0.00485752,0.00300511,-0.00124749,0.00053739,-0.000178038
0.0153399,0.00801993,0.00770482,0.00684615,0.00170681,0.00377766
0.0271195,0.0118496,0.0110222,0.0190002,0.00603998,0.00860667
0.0143887,0.00762956,0.00610598,0.0103391,0.00270911,0.00130129
0.013654,0.00744796,0.00384586,0.00746764,0.0012539,-0.000597931
0.0118643,0.00747818,0.00626799,0.00617279,0.00180068,0.0026432
0.00977707,0.0068164,0.00377799,0.00530219,0.00122602,-0.000602498
0.0085711,0.00607391,0.00344082,0.00554106,0.00180567,0.00168778
0.00872779,0.00623058,0.00442042,0.00796909,0.00170904,0.00166806
0.0142259,0.00969506,0.00659868,0.00309323,0.000880586,0.00140161
0.00973207,0.004086,0.00584084,0.0022696,0.00177397,0.00108556
0.0147881,0.00951366,0.00848642,0.00702697,0.00302813,-0.000222836
0.0112131,0.00769181,0.00512257,0.0161854,0.00285728,0.00617342
0.00604579,0.00454305,0.00291033,0.00537297,0.00132776,0.000979232
0.0121931,0.00581794,0.00719762,0.0148559,0.00185683,0.00252971
0.0131439,0.0057964,0.00736977,0.0148367,0.00202873,0.00151913
0.0255621,0.0175002,0.00874871,0.00731307,0.00142066,0.00249803
0.0163575,0.00961944,0.00435407,0.0030613,0.00114538,0.000341407
0.0191458,0.0100192,0.007738,0.0106013,0.00193116,-0.000113315
0.00765517,0.00549758,0.00329601,0.00366131,0.000890862,0.000238117
0.0206418,0.0140198,0.0112812,0.00683632,0.00226165,-0.000394466
0.0102457,0.00506536,0.00585794,0.00579343,0.00231032,0.00183235
0.00958539,0.00595521,0.00438729,0.00379967,0.00104121,0.000220695
0.0101634,0.0072885,0.00462135,0.00445906,0.000660251,0.00149274
0.0133719,0.00967378,0.00441161,0.00547474,0.00164037,8.24423e-05
0.0124168,0.00866314,0.00789715,0.0128682,0.00147967,0.000305158
0.00851724,0.00598444,0.00474356,0.00899215,0.000537504,-0.000225013
0.00617084,0.00454611,0.00224346,0.00370273,0.000845488,0.0017684
0.0103265,0.00741782,0.00543461,0.00869904,0.00193037,0.00093732
0.00942311,0.00703233,0.00667576,0.0059413,0.00256363,0.00154845
0.0133145,0.00945189,0.00842375,0.0116825,0.00217545,0.000931086
0.00394832,0.00321543,0.00372913,0.00244297,0.00169728,-0.00088337
0.00887926,0.00426733,0.00425988,0.00512929,0.00107724,0.00280692
0.0122051,0.00438094,0.0065676,0.00780581,0.00237628,0.00222677
0.0182516,0.00734074,0.0115257,0.0119164,0.00198338,0.000477795
0.00520269,0.00360914,0.00549452,0.00557198,0.000386053,-0.000282692
0.00737192,0.00540676,0.00851535,0.00634371,0.00235491,0.000656588
0.00454214,0.00384334,0.00241701,0.00223622,0.000566387,0.000545045
0.00444747,0.00313883,0.00139164,0.00141985,0.000541589,0.00144333
0.0364431,0.0178024,0.0158046,0.0181547,0.00442233,0.00158574
0.0449519,0.0176925,0.0183108,0.0218823,0.0044354,0.00220844
0.0172462,0.0116833,0.00524565,0.00632515,0.00100976,-0.000322126
0.013859,0.00796474,0.00526937,0.00861744,0.00232003,0.000222591
0.014209,0.00760144,0.00509441,0.00512917,0.00125199,0.000426045
0.0424989,0.0227835,0.0187197,0.0235475,0.00436572,0.000971588
0.0099741,0.00652861,0.00329801,0.002971,0.00107795,0.000206643
0.02232,0.00906163,0.00910171,0.00644317,0.00168118,7.80273e-05
0.0168257,0.00917598,0.00717978,0.00665383,0.00153492,0.000365748
0.00458519,0.00349352,0.00321346,0.00574382,0.000779196,0.000428272
0.0096738,0.00669973,0.00355826,0.00397597,0.00158261,-0.000309495
0.00828945,0.00596908,0.00794703,0.00690235,0.00242247,-0.000159312
0.00754937,0.00537393,0.00392329,0.00526952,0.00135914,0.000307993
0.00713586,0.00496156,0.00414988,0.00619771,0.000291989,0.000436332
0.0170189,0.0106577,0.00844214,0.01122,0.0024085,0.00149558
0.0265986,0.0105986,0.0115224,0.0142123,0.00319263,0.00135966
0.0216937,0.009925,0.00812938,0.00987767,0.001294,0.00166286
0.00992238,0.00575264,0.00435139,0.00300735,0.0013632,-0.000390356
0.0201922,0.00766433,0.010808,0.0142153,0.00233592,0.000575403
0.0209513,0.00758215,0.010987,0.0129408,0.00269417,0.000967058
0.00939457,0.00657933,0.00398433,0.0096163,-0.000393892,0.000445173
0.00676333,0.00484721,0.00158999,0.00258623,0.00102123,0.000545812
0.00875157,0.00410478,0.00401467,0.00663401,0.00162057,0.000161297
0.00719564,0.00301182,0.00257788,0.0054279,0.0010499,0.000125903
0.00919948,0.0063855,0.00478867,0.00449194,0.00101641,0.000604789
0.0172399,0.0106626,0.0162076,0.019844,0.00482276,0.00112537
0.0218606,0.0140194,0.00974485,0.0131284,0.00259336,-0.000376855
0.00769491,0.00331862,0.00590184,0.00706576,0.00131591,0.00129367
0.0131644,0.00831425,0.00884226,0.00873727,0.000835525,-0.00041379
0.0118334,0.00810881,0.00689956,0.00990999,0.00118484,0.000494495
0.00723698,0.00500123,0.00182237,-0.000538843,0.000225633,-0.000119764
0.0125445,0.00845573,0.00530416,0.00559538,0.000492219,0.000285082
0.00674293,0.00530116,0.00441302,0.00576478,0.0017579,-0.000415066
0.0231956,0.0144958,0.0167408,0.0233953,0.00407312,0.00221516
0.00717215,0.00370742,0.00671295,0.00647306,0.000866555,0.000539246
0.0113113,0.00611468,0.00661342,0.00681969,0.000878813,0.0012388
0.0102567,0.00538642,0.00515296,0.0159879,0.00458533,0.0129963
0.0109184,0.00557169,0.00527734,0.0220236,0.00824551,0.0242387
0.0100088,0.00716792,0.00561458,0.0102279,0.00150533,0.000599458
0.00752492,0.00515448,0.00332036,0.00285938,0.000139971,0.000209459
0.00521085,0.00391821,0.0019572,0.00423353,0.000143817,-0.00189239
0.0176837,0.0122383,0.00713243,0.00807502,0.00134453,0.000690589
0.0105326,0.00760611,0.00913415,0.00639843,0.00168542,0.000778176
0.0144492,0.00927252,0.00573504,0.00584475,0.00162458,-0.00108298
0.0097148,0.00531129,0.00383126,0.00415085,0.00146455,-0.000627296
0.0123028,0.00870647,0.00380022,0.00658817,0.00126555,0.000241988
0.0136262,0.00560011,0.00526587,0.0138874,0.00159503,-0.000688748
0.0190204,0.0126811,0.00657581,0.00721176,0.00146826,0.00299096
0.0107043,0.00713109,0.00415901,0.00787404,0.00231199,0.000386029
0.0112775,0.00777598,0.00664061,0.00970532,0.00117767,5.72849e-05
0.00479361,0.0036729,0.00290632,0.00324688,0.000712522,-0.000436676
0.0199058,0.0138256,0.0252504,0.0295605,0.00631476,0.00374795
0.0132672,0.00919191,0.00741009,0.00932839,0.00143057,-0.000141549
0.0115993,0.00625556,0.00482042,0.00431211,0.00020984,-0.000329161
0.0223503,0.0143818,0.0101517,0.0086269,0.00166987,0.00127674
0.00443201,0.0032649,0.00245068,0.0019912,0.000480703,-0.000719651
0.00631427,0.00433583,0.00290088,0.00461785,0.000766862,-0.000465217
0.0112173,0.0081572,0.00527213,0.0098321,0.00211248,0.00162183
0.00539068,0.00387454,0.00235095,0.00495024,0.000653442,0.000774133
0.0227241,0.0136766,0.0114971,0.0186413,0.00238522,0.00168072
0.0235827,0.0148044,0.00935146,0.00994823,0.00282611,0.00150808
0.0249021,0.0148168,0.0105994,0.00945584,0.00252972,0.00161672
0.00754318,0.00406082,0.00389222,0.00188934,0.000511644,3.37416e-05
0.00730746,0.0053911,0.00302615,0.000444487,0.000741476,-0.000277012
0.0118712,0.00649862,0.00786139,0.00953511,0.0029037,0.00115345
0.0117253,0.00560365,0.00600743,0.00640547,0.000307377,2.30364e-05
0.0140097,0.00786595,0.00746366,0.0163105,0.0027796,0.00310421
0.0161867,0.00916312,0.00918512,0.0159775,0.00169231,0.00244961
0.0125745,0.00858331,0.00585743,0.00709693,0.00217558,0.00128716
0.00662425,0.00468262,0.00325376,0.000855495,-0.000575213,0.000745251
0.00740228,0.00523201,0.00227736,0.0055557,0.000738568,0.00133007
0.014312,0.0100838,0.00908593,0.0153468,0.00235669,0.000130207
0.0110115,0.00758872,0.0047436,0.00279436,0.00185178,0.00109935
0.0155704,0.00695626,0.00764843,0.00547772,0.00114762,8.89457e-05
0.0163737,0.0098843,0.00722934,0.00511697,0.000291558,-0.000743275
0.00514779,0.00384034,0.00275973,0.00544815,0.000725028,-0.000256245
0.0310935,0.01505,0.0137741,0.0186511,0.00416318,0.0015967
0.0279623,0.0178795,0.0105991,0.0198227,0.00381469,0.00250585
0.0174646,0.011688,0.00799845,0.0101431,0.00147705,-0.000893204
0.00412876,0.0031127,0.00207284,0.00548199,0.000636653,-0.000171087
0.00985627,0.00684161,0.00629029,0.00407042,0.00174476,0.000593681
0.0117141,0.00828478,0.00469157,0.00478145,0.00128646,0.001301
0.00681607,0.00498326,0.00238684,0.00580041,0.000936625,0.00104944
0.0228116,0.0107741,0.00817451,0.0135754,0.00160821,-0.000415843
0.0228886,0.00884931,0.00939401,0.0106639,0.00240996,0.000538438
0.00901421,0.00606592,0.0034996,-0.000984203,0.00077919,-0.000563353
0.00655826,0.00481142,0.00685221,0.00786917,0.00163103,0.000802838
0.0078894,0.00558216,0.00467629,0.00345637,0.000471242,-0.00013248
0.0117865,0.00802958,0.00401691,0.00297546,0.00156442,-0.000604113
0.00993581,0.00684882,0.00277878,0.000914727,0.00142072,0.000267181
0.00529943,0.00413396,0.00264448,0.00318692,0.000706176,0.00091319
0.0125067,0.00712946,0.00612279,0.0059871,0.00194025,0.00162103
0.0214172,0.0122112,0.0081707,0.00926213,0.00177408,0.00110429
0.0102146,0.00738862,0.00426559,0.00553682,0.00192418,0.00118399
0.00879566,0.00572974,0.00422416,0.00440981,-2.16558e-05,0.000707872
0.012593,0.00880614,0.00351358,0.00611557,0.00186676,0.00138814
0.00858594,0.00618747,0.00208774,0.0027639,4.40147e-05,-0.00124964
0.011699,0.00837042,0.0047643,0.00312612,0.000738805,-0.000189091
0.00995933,0.00570342,0.00611902,0.0101119,0.0018082,0.000573733
0.00694366,0.00302283,0.00685123,0.00654209,0.00285985,0.00221445
0.0295077,0.0154003,0.0176299,0.0214226,0.00536308,0.00295967
0.00403779,0.00317244,0.00207209,0.00238191,0.000704833,0.00203058
0.00891799,0.00663365,0.00247903,0.00533569,0.00275323,0.00027343
0.005155,0.00372611,0.00295785,0.00326527,0.000599677,0.000399087
0.00599223,0.0042936,0.00327794,0.0068618,-0.000145151,-0.000462926
0.0103946,0.0076384,0.00440054,0.00256343,0.00199771,0.00168067
0.0211733,0.0128407,0.00832995,0.0105458,0.00183893,0.00120662
0.0164621,0.00648078,0.00630241,0.00500637,0.000506541,1.99729e-05
0.0141152,0.00622465,0.0118585,0.00980943,0.00231819,0.00234823
0.0192207,0.00616034,0.0141436,0.0117217,0.00257213,0.00215499
0.00751394,0.00323123,0.00592088,0.0116982,0.00189653,0.000217018
0.00951742,0.00560877,0.00602223,0.00913929,0.00114194,0.000448732
0.00629549,0.0044435,0.00270554,0.00427902,0.00044827,8.26991e-05
0.00883079,0.00650238,0.00393294,-9.80826e-05,0.00171869,-0.000435747
0.0118276,0.0077572,0.00373808,0.00790212,0.00158929,-0.000815055
0.00533504,0.0038047,0.00374818,0.00795943,0.00307934,0.00407301
0.00428961,0.00301791,0.00229841,0.000701171,-0.000755419,0.000790789
0.0050352,0.00382834,0.00261429,-0.00265313,0.00088424,0.000441798
0.00560164,0.00416691,0.00319721,-0.000302663,0.000698774,0.000752115
0.0139764,0.00992758,0.00655293,0.00525593,0.0022752,-0.000267725
0.013702,0.00970145,0.00489773,0.00493333,4.73389e-05,0.000638981
0.0205222,0.00833499,0.0144803,0.0155358,0.00460698,0.00233971
0.0043703,0.00363032,0.00321664,0.000230883,6.52135e-05,-0.00171607
0.00638427,0.00458185,0.004282,2.87669e-06,0.000474669,-0.000138733
0.00940597,0.0064404,0.00475578,0.00556689,0.000951896,0.00134755
0.0133685,0.00833893,0.00622187,0.00855889,0.00151168,0.000792271
0.0102392,0.00513772,0.00319998,0.0033808,0.00136308,0.000324412
0.00884828,0.00623167,0.00817475,0.00942731,0.00178243,-0.000444975
0.00477251,0.00331877,0.00208797,0.00254382,0.000540353,-0.000290884
0.0038366,0.00313302,0.00238289,0.00178496,-0.000454341,-0.000689005
0.00546372,0.00363055,0.00252469,0.00394223,0.000218547,0.000184422
0.00920457,0.00639466,0.00486667,0.00355833,0.00138241,0.00145072
0.00530542,0.00397209,0.00274891,0.00268117,-0.0004041,-0.00054943
0.0313772,0.0161901,0.0104283,0.0186483,0.0042554,0.00209918
0.0269242,0.0134063,0.0102838,0.0160748,0.00330767,0.0018327
0.00772467,0.00399209,0.00411558,0.00475663,-0.00012426,0.000252539
0.010819,0.00649793,0.00492921,0.00997817,0.000716993,0.000160953
0.0116344,0.00806065,0.00548514,0.00166917,0.00212779,0.000900178
0.00994443,0.00611517,0.00373123,0.00634232,0.000694621,-0.000648254
0.00502734,0.00366223,0.00208913,0.00272758,-0.000309977,0.00105392
0.00550047,0.00403175,0.00566255,0.00228228,0.000266262,0.000201126
0.00639878,0.00468302,0.00516091,0.00535613,0.00218522,0.00176892
0.005529,0.0032495,0.00215803,-0.00135831,0.000425235,0.000521802
0.0138052,0.00895122,0.00476478,0.00440746,0.00142975,0.000987562
0.00855869,0.00610828,0.00344802,0.00313068,0.0017189,0.00128523
0.00657577,0.00310511,0.0037245,0.00226984,0.000245644,0.000644264
0.0340406,0.0145321,0.0233865,0.0312438,0.0066886,0.00365921
0.0350656,0.0144737,0.0233233,0.0301348,0.0061578,0.00371254
0.00764275,0.00531725,0.00254038,0.00465911,2.63605e-05,-0.000129555
0.00932612,0.00535081,0.00522114,0.00451144,0.00102069,0.000698688
0.0106223,0.0072218,0.00601994,0.0109557,0.00352859,0.00195321
0.0101105,0.00697433,0.00587879,0.00608929,0.00119889,0.00192026
0.0141935,0.00626241,0.00808007,0.00915712,0.00245677,0.000133979
0.0246008,0.014647,0.0136528,0.011291,0.00270434,0.000382525
0.00957007,0.00709584,0.00367041,0.00737892,0.00142302,0.000362949
0.0226091,0.0152868,0.00604712,0.00451497,0.00272241,0.00168779
0.0142553,0.00595024,0.00532208,0.00558715,0.000877787,-9.00071e-05
0.0147373,0.00590653,0.00559672,0.00790723,0.00156257,0.00071533
0.0126908,0.00863201,0.0103637,0.014357,0.00227696,0.00251917
0.00439382,0.00338859,0.00260445,0.00163641,0.000799389,0.000551192
0.0151071,0.010242,0.00646919,0.0123159,0.00166439,0.00103983
0.00942091,0.0067547,0.00377784,0.00795124,0.00203931,0.000674154
0.0219244,0.0148946,0.0083654,0.00665214,0.00117959,-0.000553219
0.00511527,0.00371144,0.00257232,0.00581708,0.000634449,-0.00109811
0.00994005,0.00688334,0.0028812,0.00757079,0.00253795,-0.000545544
0.00836079,0.00576493,0.00368828,0.00224835,0.00100837,0.000875883
0.0159871,0.0112171,0.00682013,0.0124442,0.00158232,0.00241572
0.0112125,0.00767028,0.00716452,0.0163267,0.00319266,0.000570235
0.0107539,0.00745971,0.0035182,0.00409603,0.00256232,0.00183282
0.0105573,0.00716198,0.00353735,0.0240708,0.00671425,0.0182698
0.0144622,0.00996696,0.00552673,0.00822996,0.0019855,0.00100802
0.0112073,0.0075853,0.00778617,0.00887954,0.00340355,0.00137702
0.00722414,0.00334389,0.00379129,0.00551555,0.000639617,0.00146847
0.00794157,0.00456172,0.00340874,0.00129848,0.000242103,2.13519e-05
0.0142706,0.00996031,0.00465985,0.00364691,0.00144097,-0.000224457
0.0131682,0.00922115,0.0042138,0.00688424,0.00118103,0.000397294
0.00819665,0.00576492,0.00271805,0.00460116,0.00065572,0.000985808
0.012391,0.00868667,0.00519299,0.00142265,0.000816115,0.00026771
0.0124503,0.00864074,0.00541714,0.00707582,0.000571236,0.000755233
0.0131954,0.00730806,0.00541539,0.00887012,0.00157907,-0.000189923
0.0147589,0.00725523,0.00617642,0.00902433,0.00266456,0.000517377
0.0116179,0.00769045,0.00572845,0.00969598,0.00169362,0.000458142
0.00608029,0.00420205,0.00370216,0.00477059,0.00117118,0.000112507
0.0444616,0.0181993,0.0159409,0.0246931,0.00515999,0.00270566
0.0285524,0.0120744,0.00938061,0.0189764,0.00280627,0.00153815
0.00960927,0.00647888,0.00411432,0.00272676,0.00073435,-3.09739e-05
0.0191122,0.0112278,0.00989891,0.0146642,0.00366345,-0.000400198
0.0151899,0.00617983,0.00550879,0.0135166,0.0027846,-0.000785858
0.00520802,0.0033698,0.0034162,0.00492993,0.00106868,0.00142026
0.00527347,0.00386895,0.00315326,0.00208925,-4.3998e-05,0.000601035
0.0258175,0.0169999,0.00733161,0.0107515,0.00211836,0.00236547
0.00939502,0.00620805,0.00434506,0.0075476,0.00138013,0.00145264
0.00634464,0.00350349,0.00311645,0.00272431,0.000480808,0.000736678
0.015436,0.0108799,0.0345494,0.03949,0.00977889,0.00443993
0.0260214,0.0159511,0.0105042,0.0174608,0.00280552,0.00130573
0.0201235,0.0136505,0.00949864,0.00866052,0.00234902,0.00222145
0.0283523,0.0186759,0.00941686,0.00885268,0.00332876,0.00271326
0.00646847,0.00464911,0.00563498,0.00552894,0.000280882,0.000530331
0.0059059,0.00454322,0.00198108,0.000520967,0.000580287,0.000290938
0.00850482,0.00614095,0.00993173,0.00955433,0.00212177,0.00065053
0.00448464,0.00316153,0.00180268,0.00355826,-0.000224413,0.000975537
0.00830816,0.00615317,0.00282513,0.00780863,0.00139582,0.000816927
0.013806,0.00982533,0.00946091,0.0177432,0.00292173,0.000180013
0.0109792,0.00767781,0.00395225,0.00392265,0.000960399,0.0014259
0.013046,0.00889165,0.0109434,0.0151245,0.00488167,0.000636206
0.00444363,0.00333188,0.00636307,0.00575361,0.000698241,0.00116765
0.00663005,0.00449526,0.00298647,0.00330159,0.00067544,-0.000486747
0.0168832,0.0114795,0.00609922,0.0111263,0.0013922,0.000145349
0.00628105,0.00441929,0.00222524,0.0041286,0.000561484,0.00101947
0.00521027,0.00383917,0.00413917,0.0129782,0.00597485,0.0146557
0.0370859,0.0185476,0.0185632,0.0134116,0.00291115,0.00195829
0.0147089,0.00985679,0.00530196,0.0108652,0.00161096,0.00127004
0.0159531,0.0111248,0.00842706,0.0172107,0.00403444,0.000910025
0.00482333,0.00383617,0.00230079,0.00316425,0.00156383,0.0019801
0.00567353,0.00428788,0.00775995,0.010442,0.00362501,-0.000628454
0.00591458,0.0043161,0.00219028,0.0048914,0.00131,0.00130421
0.0277095,0.0165408,0.00846214,0.0165097,0.00324845,0.00198585
0.00449373,0.00328148,0.00342501,0.000860169,0.000567842,-0.000121963
0.00580829,0.00418816,0.00196347,0.00424387,0.000513128,0.00132087
0.00930942,0.0065842,0.00772191,0.0123527,0.00190431,0.00243914
0.0090049,0.00446597,0.00484126,0.00369776,0.000494857,5.83075e-05
0.00686753,0.00479736,0.0106903,0.0147101,0.00324411,0.00084666
0.00687625,0.00515251,0.0034987,0.00121552,0.00121175,0.00130101
0.00473694,0.00349934,0.00159113,0.00562827,0.00123602,-0.000180142
0.00693815,0.00495693,0.00271516,0.0018199,0.00150689,-0.000217
0.00760636,0.00569351,0.00331658,-0.00319107,0.000799295,0.0013661
0.0160923,0.0074388,0.00620934,0.0057707,0.000947403,0.00113624
0.0147752,0.0072307,0.00579392,0.00591916,0.000966466,0.00124533
0.0162104,0.00902886,0.00790503,0.00896515,0.00427207,0.0014678
0.0300837,0.0121843,0.0119758,0.0123232,0.00370795,0.00309717
0.0257102,0.0121918,0.00972065,0.00985273,0.00238932,0.00249027
0.0100261,0.00705543,0.00449978,0.00631416,0.000565968,0.000415218
0.0231723,0.0135661,0.0151105,0.0109116,0.003707,0.00206725
0.0185502,0.0125323,0.0125772,0.0155678,0.00389182,0.0019424
0.0242022,0.0139698,0.0155789,0.019632,0.00438403,0.00249314
0.00926342,0.00519903,0.00526972,0.00263071,0.00253359,0.00203408
0.00827338,0.00429351,0.00482803,0.00111351,0.00200379,0.00123008
0.0110467,0.00751456,0.0055355,0.0052925,0.00113934,5.2789e-05
0.0113059,0.00798524,0.00469502,0.00471267,0.000831171,0.00106672
0.0355484,0.0198027,0.0157273,0.0149149,0.00515383,0.00294813
0.0121884,0.00897955,0.00447816,0.00714122,0.00243921,0.00032717
0.00823431,0.00590508,0.00300935,0.00832735,0.000505876,0.000125854
0.00617563,0.00475908,0.00280855,0.00376673,0.00169771,-0.000189118
0.00396547,0.00328219,0.00179404,0.00411776,0.000745006,-0.000623039
0.0132718,0.00920046,0.00512942,0.00328279,0.00117668,0.000378596
0.0179505,0.00666072,0.00867545,0.0141968,0.00338185,0.00185394
0.0211583,0.0111481,0.00814734,0.011966,0.00253731,0.00162083
0.0115143,0.00840319,0.00609234,0.0126053,0.00251496,0.000713054
0.0103637,0.00497673,0.00558867,0.00395151,0.000900283,0.000538675
0.0115554,0.00471145,0.00541411,0.00508576,0.00166881,0.000155963
0.0115637,0.00473972,0.00535981,0.00716779,0.0021048,0.000158668
0.0238782,0.0134104,0.0187363,0.0166147,0.00360506,0.000812792
0.01375,0.00618453,0.00578929,0.00875311,0.000169672,0.000392913
0.0134522,0.00941189,0.00464546,0.00732725,0.00196414,0.000995533
0.00411825,0.00319526,0.00221523,0.00254003,0.00142971,-0.000132335
0.0353783,0.0213861,0.0353914,0.0374586,0.00728489,0.00515107
0.0123725,0.00883224,0.0049762,0.00968417,0.000901381,0.000155129
0.00952551,0.0069271,0.0049401,0.00523994,0.00178151,0.000143389
0.00381491,0.00309855,0.00211514,0.00133102,0.000425025,0.000431133
0.0264331,0.0181183,0.0175598,0.034391,0.0107348,0.0253532
0.00719928,0.00532133,0.00301284,0.000372634,0.000515862,-0.000456979
0.0158327,0.0107,0.00834927,0.00939528,0.00208913,0.00226095
0.0100948,0.00725291,0.00489376,0.00211812,0.00110611,0.00257271
0.0226987,0.0143652,0.00985042,0.017371,0.00610357,0.0112997
0.0113169,0.00812878,0.00509753,0.0104161,0.00100359,0.000686454
0.00813975,0.00557659,0.00384287,0.00281546,0.000894077,0.000830314
0.0161095,0.0109368,0.00833903,0.0079112,0.00144105,0.00160229
0.0216737,0.0137076,0.0147187,0.0123104,0.00344143,0.00150386
0.00840268,0.00580922,0.00378732,0.00681781,0.00204519,0.00109654
0.0125705,0.00884141,0.00425447,0.00280628,0.0012877,0.00146542
0.00484024,0.00350773,0.00246607,0.00285953,0.00052246,0.000736981
0.0297475,0.0158513,0.0120012,0.0214599,0.00503577,0.000211171
0.0101832,0.00515783,0.00508365,0.0062563,0.00131606,0.00140419
0.0109817,0.00518007,0.00514855,0.00538383,0.00096781,0.000596559
0.00529172,0.00406777,0.00200237,-0.00209018,0.000245722,0.00115227
0.0229795,0.0149712,0.0180943,0.0477774,0.0121792,0.0191989
0.0223705,0.0138097,0.00778298,0.00557673,0.00295188,-0.000306011
0.0179928,0.00992214,0.00522162,0.00754185,0.00152513,0.000261067
0.0199251,0.0117231,0.0119253,0.0127281,0.00310888,0.00123725
0.0150768,0.0106587,0.00770106,0.017129,0.00342794,0.00321565
0.00855585,0.0062978,0.00371746,0.0062009,0.00116161,-0.000863667
0.0241642,0.0169133,0.0063044,0.0285724,0.00870648,0.0227167
0.00747529,0.00531977,0.00371341,0.00241146,0.000642517,-0.000649035
0.016842,0.0103308,0.00763915,0.00901677,0.00262943,0.00103595
0.010099,0.00689415,0.0049448,0.0023409,0.00126669,0.000700555
0.00813978,0.00583546,0.00232875,0.00488188,0.000711742,0.00139236
0.0107587,0.00743194,0.00420831,0.00989343,0.00193339,0.00303824
0.0093,0.00664391,0.00328779,0.00561556,0.000807149,-0.000695773
0.0270557,0.0116001,0.0159699,0.0240696,0.00634851,0.00257305
0.0269218,0.011462,0.0156755,0.023255,0.00517715,0.00256211
0.00730237,0.00336999,0.00338237,0.00763618,0.000648697,0.00138768
0.00778577,0.00335964,0.00368413,0.00769256,0.000829581,0.000801564
0.00644594,0.00417045,0.00245258,0.00224581,0.00141058,-0.000267291
0.0221567,0.0127961,0.0102356,0.0298874,0.0101596,0.0201239
0.00949854,0.00516342,0.00385634,0.00390761,0.00133145,0.000472804
0.0136009,0.00782025,0.00573837,0.00630612,0.00244129,0.00155287
0.0147686,0.00846455,0.00489309,0.00728034,0.00112691,-8.44825e-05
0.00522974,0.0037149,0.00216863,0.00453763,0.000787058,-0.00123702
0.00758718,0.00529553,0.00559969,0.00561124,0.00179558,-0.00048529
0.0216245,0.0135175,0.00721224,0.00704744,0.00206475,0.00115898
0.0149329,0.0102282,0.00521589,0.00733324,0.0015572,0.00102721
0.00548031,0.00341902,0.00695136,0.0144662,0.00491413,0.00662413
0.00681471,0.00429271,0.00423956,0.00513438,0.00116158,0.000946524
0.00547929,0.00392995,0.00238344,0.00206011,0.000824938,0.000306825
0.00467999,0.00343485,0.00199872,-0.00230682,0.000380937,0.000534703
0.0141576,0.00990152,0.00511704,0.00709734,0.00134862,-0.000309017
0.0105496,0.00755691,0.00447178,0.00186828,0.000377767,0.000277067
0.00778762,0.00529541,0.00489091,0.00540845,0.000299704,0.000482129
0.01175,0.00775761,0.0041617,0.0039071,0.000817865,-0.000687332
0.00885055,0.00454614,0.00400447,0.00360189,0.000675752,-0.000203335
0.00909479,0.00453249,0.00397094,0.00274508,0.000904163,-1.59161e-05
0.0162909,0.0109079,0.00850615,0.00479029,0.00155772,-0.000599555
0.007987,0.00553981,0.00335591,0.00405279,0.00186115,-0.00140871
0.0109457,0.00424767,0.0055952,0.00693506,0.00320774,0.000867978
0.0178377,0.00983115,0.0074978,0.0136477,0.00373211,0.000156044
0.0121127,0.00845172,0.00395541,0.00665762,0.00110134,1.93822e-05
0.00518408,0.00367562,0.00126012,0.00275832,-4.5806e-05,0.000134966
0.00419227,0.00316934,0.00316215,0.00240622,0.000308348,0.00071694
0.00415259,0.00320343,0.00264345,-0.0015456,0.000844889,0.000561668
0.0180187,0.0121832,0.00666627,0.00672448,0.00111012,0.00128382
0.00960854,0.00649177,0.00863385,0.0085225,0.00353694,0.000973825
0.018496,0.0129875,0.00478054,0.00717933,0.00182335,0.00177923
0.00952262,0.00669117,0.00485615,0.00704746,0.00171677,0.00167979
0.0145182,0.0090233,0.00942477,0.0131564,0.00727835,0.00826201
0.0139673,0.00823238,0.00480835,0.0044536,0.00146554,0.00115683
0.00823626,0.00417981,0.00626326,0.0106576,0.00188835,-0.000150777
0.00704577,0.00308215,0.00619349,0.0105677,0.00178694,-2.92782e-05
0.00492017,0.00360972,0.0027896,0.00465151,0.00114353,6.23525e-05
0.00697654,0.00478166,0.00334341,0.00578816,0.000828764,0.000368272
0.0146565,0.0101296,0.00472948,0.00811187,0.00172541,0.00147108
0.0412912,0.0186022,0.023649,0.0265378,0.00575669,0.0035219
0.0160865,0.0108523,0.0088555,0.0201653,0.00711685,0.00976839
0.0177678,0.0123799,0.00551718,0.00528927,0.0016447,-0.000759056
0.00434035,0.00313182,0.00273964,7.78266e-05,0.000296052,-0.000497681
0.00503599,0.00360947,0.00383275,0.00482331,0.00106056,-0.000753471
0.0103144,0.00704748,0.00374822,0.00723647,0.000590175,-0.000176219
0.0195503,0.011935,0.00907199,0.0084561,0.00203251,0.000314034
0.0136215,0.00921148,0.00525067,0.0151102,0.00261003,0.00202032
0.00608554,0.00425104,0.00308309,0.00267376,0.000717924,-0.000755242
0.00612806,0.00453991,0.00370081,0.00245447,-0.000122527,-0.000695679
0.00823521,0.00475818,0.00780415,0.00897676,0.00127861,0.000639905
0.0208101,0.00922617,0.0106744,0.010186,0.00243706,0.00212114
0.0191337,0.00796428,0.00792485,0.00597876,0.000176374,0.00193978
0.0170131,0.0117208,0.00633247,0.00485276,0.00208314,0.00041622
0.00583831,0.00348305,0.00232183,0.00185809,0.000126125,0.000479807
0.010866,0.00760815,0.00528621,0.00432404,0.0013184,-3.18784e-05
0.0074613,0.00304629,0.00349852,0.00445107,0.00120673,0.000900055
0.0116778,0.00732818,0.0040491,0.0068293,0.00138779,0.000980946
0.0181332,0.00897004,0.00600247,0.00785406,0.00258485,-0.000483512
0.0152868,0.0069624,0.00439406,0.00482825,0.00216093,-0.000788823
0.00489383,0.0033835,0.00220946,0.00290535,-0.000127712,-0.000248084
0.00515801,0.0035988,0.00194733,0.00114954,0.000247589,-0.000861811
0.0102406,0.00758369,0.00334889,0.00327386,-0.000205592,0.000320744
0.0121442,0.00852345,0.0059206,0.00410004,0.000613572,-0.000394297
0.0065162,0.00471346,0.00212039,4.93316e-05,0.00039179,0.0011353
0.00417969,0.00330982,0.00499019,0.00717124,0.00178458,0.0010566
0.0146361,0.0104318,0.00382953,0.00489245,0.00152875,0.0014944
0.0130501,0.00866265,0.00557933,0.00269568,0.00145668,-0.000491147
0.0136249,0.00759855,0.008416,0.00969695,0.00263137,0.0027765
0.0166009,0.00892025,0.0144431,0.0140077,0.00339381,0.00146533
0.0148934,0.00908884,0.00660893,0.00400113,0.00137203,0.00178503
0.00867084,0.00405885,0.00409639,8.76711e-05,0.000588015,1.48386e-05
0.00705742,0.00523961,0.00178649,0.00410574,0.000343688,-0.000480195
0.0126451,0.00813898,0.0049429,0.0072819,0.00149261,0.000625015
0.00858807,0.00605376,0.00342224,0.00158222,0.00155634,-0.000726219
0.0127413,0.00907847,0.00251261,0.00528484,0.00134813,0.00160964
0.00548889,0.00374604,0.00239089,0.00267176,0.000685935,-0.000842469
0.0077892,0.00566559,0.01411,0.0156265,0.00282485,0.00119827
0.00971765,0.00642881,0.00519372,0.00650878,0.00205734,0.00192927
0.00882424,0.00590158,0.00221372,0.00208387,0.000868484,0.000238722
0.00600963,0.00459846,0.00314539,0.00237791,0.00114574,-0.000687186
0.0163014,0.0108731,0.00619177,0.00583094,0.00183426,0.000553883
0.0114494,0.0081838,0.00592658,0.00668759,0.00320026,0.00128352
0.0105945,0.00762571,0.00210852,-0.00018221,1.42236e-05,-0.000779458
0.0100677,0.00695743,0.00524404,0.0056682,0.000758485,8.86273e-05
0.00413506,0.00324028,0.00335392,0.0009711,0.000225526,0.000944787
0.0109067,0.00604193,0.00561817,0.00936592,0.000471125,1.21117e-05
0.0155869,0.00883442,0.0110065,0.0124947,0.00343146,0.00208426
0.0143577,0.00815124,0.00954814,0.0108251,0.00212454,0.0016873
0.00704765,0.00502306,0.00358696,0.0156305,0.00402,0.00679092
0.0102918,0.00765396,0.00545687,0.00660287,0.00142381,-5.90322e-05
0.0134123,0.00775885,0.0139568,0.0135677,0.00372182,0.00214775
0.00821019,0.00589619,0.00286141,0.00258316,0.00142188,0.00194038
0.012409,0.00836476,0.0061069,0.00905562,0.00289167,0.00300191
0.020095,0.0100705,0.00924632,0.00769038,0.00161592,0.00091
0.0178252,0.00768109,0.00861341,0.00973235,0.00159465,0.000950357
0.00524393,0.00395381,0.00288974,0.000955657,0.000994827,-0.000763345
0.0184026,0.0126589,0.00696432,0.0193318,0.00601778,0.011316
0.0277872,0.0153026,0.0106934,0.0146494,0.00358448,0.00230174
0.0137561,0.00969865,0.00345677,0.00581494,0.00109561,0.000257716
0.010259,0.00744501,0.00570459,0.00501237,0.000779392,0.000747469
0.00813139,0.00625152,0.00319856,0.00382,0.00136712,0.000532145
0.0186965,0.0105301,0.0084991,0.0132002,0.00230101,-0.000281773
0.0168296,0.0104767,0.00769577,0.0121014,0.00201583,-0.000822394
0.00943009,0.00662639,0.00460799,0.00428373,9.19741e-05,0.000718419
0.00428759,0.0029549,0.00424772,0.00771959,0.00181038,0.000771621
0.0082479,0.00593523,0.00566279,0.00378796,0.00089469,0.00193619
0.00498654,0.0035914,0.00198448,0.00403507,0.000524695,0.000627884
0.0145179,0.00887037,0.00600972,0.00447025,0.0018419,0.00150193
0.00988447,0.00531145,0.0047519,0.00230895,0.0010475,0.0010845
0.00855169,0.00428414,0.00384326,0.00152952,0.000965569,-0.000334454
0.00627756,0.00391739,0.00253726,0.000508401,0.00230518,0.00048851
0.0207432,0.0137995,0.0121417,0.0221529,0.00740326,0.00959995
0.00589076,0.00417803,0.00448543,0.00908409,0.000792233,0.000802537
0.0157123,0.0108092,0.00421079,0.00931916,0.000935033,0.000706297
0.00691318,0.00517942,0.00218697,0.00384671,0.000321535,0.00114255
0.00729769,0.00500236,0.00415628,0.00167728,0.000841967,0.000807888
0.0157828,0.00879737,0.00765752,0.0085539,0.00149659,0.000858663
0.0155742,0.00877324,0.00752975,0.0100233,0.00180687,0.000740965
0.0213853,0.014999,0.00690093,0.0166689,0.00246263,0.00171595
0.00962192,0.00708573,0.00435271,0.00490895,0.000654583,0.000459916
0.022456,0.00872202,0.0108971,0.0117343,0.00204054,0.00109732
0.020342,0.00861139,0.00914647,0.0108157,0.00198738,0.000502364
0.0053554,0.00377091,0.002657,0.00184623,0.000741441,0.000309773
0.00971506,0.00697346,0.0035582,0.00182661,0.00127673,0.000488927
0.034819,0.0147957,0.0203627,0.0194374,0.00308467,0.00102478
0.0337564,0.0147721,0.0193697,0.0174681,0.00289006,0.000456599
0.0179374,0.0123369,0.00623644,0.005273,0.00250323,0.000769165
0.0114606,0.00808549,0.00702031,0.00883227,0.00266188,0.00136934
0.00871022,0.00351131,0.00484602,0.00292688,0.00147447,-0.000157083
0.00926846,0.00432944,0.00490789,0.0025389,0.00147574,-0.000446179
0.0120111,0.0083269,0.00900173,0.0206716,0.00620113,0.0133989
0.00721847,0.00536393,0.00352415,0.000412463,0.00173628,-0.000188396
0.00413502,0.00311418,0.00196961,0.000243111,-0.000191985,-0.00178752
0.0195257,0.00951815,0.00708624,0.0098471,0.00109796,0.00294426
0.0146577,0.00744616,0.00761145,0.00857128,0.00195094,-0.000325421
0.036265,0.0196604,0.0147447,0.0189504,0.0032174,0.00132096
0.0059198,0.00441318,0.00623997,0.003491,0.000935688,0.000707686
0.0103299,0.00635276,0.00475751,0.00460471,0.00129037,-0.000887827
0.0129518,0.00930298,0.00436432,0.00543083,0.000488182,0.00143292
0.0151851,0.0106111,0.00718772,0.00797669,0.00168915,0.000426658
0.0168352,0.011316,0.00567953,0.00711993,0.0011558,0.0013729
0.00502571,0.00356423,0.00233175,0.00233581,0.00040779,0.000681616
0.0153531,0.0107232,0.00634896,0.00658761,0.00149066,0.00199407
0.009159,0.00638434,0.00454286,0.00637288,0.000115719,-1.07281e-05
0.0123781,0.00743333,0.00595064,0.00383273,0.00121546,0.000890384
0.0154878,0.010839,0.00483743,0.00791667,0.00182479,0.000845286
0.00672552,0.00479235,0.00336981,0.00190903,0.000190377,0.00128088
0.0207373,0.00982224,0.0106093,0.00762377,0.00233657,0.00174227
0.0211668,0.00982262,0.0107017,0.00731364,0.00163814,0.00178008
0.0131585,0.00794393,0.00596275,0.0124034,0.00351556,0.00434697
0.0182758,0.010043,0.00980269,0.00716456,0.00199407,0.000978885
0.0169858,0.0100319,0.00873804,0.00583704,0.00206658,0.000183583
0.00677945,0.00456786,0.00292126,0.00189753,0.000422304,0.00233118
0.0141581,0.00985719,0.00651775,0.00974743,0.00205725,0.00149258
0.020338,0.0139525,0.0117431,0.0136035,0.00272577,0.00164139
0.0303893,0.0210648,0.00714152,0.0166449,0.00418228,0.0083154
0.00663881,0.00447708,0.00344499,0.00377774,0.000348845,-1.34205e-05
0.0114929,0.00807138,0.00583205,0.00893991,0.00144462,0.00154379
0.0065547,0.00356948,0.00351547,0.0023169,0.00011003,-0.000589139
0.0041416,0.00313943,0.00156773,-0.000641108,0.00200225,0.00243624
0.01203,0.00868662,0.00418676,0.00928133,0.00265224,0.000959216
0.0171414,0.0116956,0.00823951,0.0129089,0.00307514,0.00211346
0.0107977,0.00720649,0.00639708,0.0106444,0.00138639,0.00153991
0.0108574,0.00726299,0.00430534,0.00313763,0.00082399,0.000291412
0.00839381,0.00584069,0.00339158,0.007222,0.00240707,0.00461743
0.00733863,0.0045797,0.00303007,0.00102987,0.000150851,0.000463054
0.0117198,0.00830917,0.0055203,0.0060682,0.00160384,0.00184442
0.00651222,0.00464563,0.00215995,0.0121998,0.00641701,0.0171953
0.0169388,0.0119266,0.00711226,0.00362903,0.00172883,0.00184075
0.00623261,0.00455837,0.00295385,-0.000246964,4.23781e-05,-0.000577165
0.00616796,0.00443142,0.00222472,-0.000602087,-0.000277254,-0.000176784
0.00976985,0.00436217,0.00440612,0.00115159,9.32493e-05,0.000374603
0.00934962,0.0040031,0.00341496,0.00239243,0.000383633,0.000167076
0.00617388,0.00438189,0.00166066,0.00392027,-0.000498025,0.000817617
0.0133291,0.00950137,0.00562932,0.00514019,0.00221332,-0.000523355
0.0047211,0.00330387,0.00217659,0.00361442,0.000745248,0.00126643
0.024456,0.0148755,0.0111257,0.0224536,0.0062616,0.00934601
0.00739951,0.00478357,0.0032999,0.00553672,0.00148609,0.000587947
0.00727311,0.00537903,0.00601591,0.0113682,0.00543111,0.00811013
0.0136221,0.00563993,0.00713808,0.00559603,0.00189736,0.00356978
0.00747795,0.00539813,0.002983,0.00432602,0.00150129,0.00100581
0.0213451,0.00933711,0.00719644,0.0114131,0.00154551,0.00116354
0.0208251,0.009401,0.00680146,0.0100216,0.00130132,0.000867742
0.014517,0.00996077,0.0054091,0.00545315,0.00302257,-7.3481e-06
0.00539216,0.00381738,0.00228914,0.00327878,-0.00087954,0.00167561
0.0129179,0.00951972,0.00677147,0.00466943,0.00136172,0.000453406
0.0175675,0.00795137,0.0113052,0.0106304,0.00222778,0.00150294
0.0170914,0.00697617,0.00929486,0.00614499,0.00153674,0.000450178
0.00454591,0.00338628,0.00250247,0.00242367,-0.000209797,0.00108009
0.00774373,0.00579832,0.00231546,0.00660192,0.0013737,0.000936068
0.00742475,0.00496845,0.00400275,0.0060584,0.00139626,-0.00045549
0.018254,0.0129134,0.00537741,0.00772836,0.00218945,0.000960596
0.00658433,0.00490615,0.00291777,-0.000414205,-0.000664084,0.00103608
0.0171921,0.0102047,0.00616961,0.00954903,0.00139959,0.000126939
0.0149136,0.00735799,0.00341693,0.00709331,0.000966932,0.0012145
0.0165533,0.0109535,0.00713937,0.00572128,0.00121588,0.00286234
0.0258589,0.0125636,0.00779925,0.00876896,0.00121563,0.000980588
0.016826,0.0116537,0.00565247,0.00220084,0.000825985,0.00123517
0.0125697,0.00803142,0.00482624,0.00767101,-0.000163488,0.00127715
0.00621354,0.00449589,0.00206505,0.00314784,0.000847318,0.00160354
0.0109816,0.0075228,0.00325661,0.00702931,0.000755677,-0.000690498
0.00501725,0.00396552,0.00323006,0.00221506,0.000290466,-0.000685909
0.0046383,0.00349021,0.0100263,0.00637247,0.000803621,0.000114524
0.00808038,0.00401713,0.0048282,0.000151193,0.000344943,-0.000103862
0.025768,0.0132812,0.0122823,0.0138061,0.00214197,0.00248455
0.0308931,0.0136129,0.0144433,0.016683,0.00224896,0.00265339
0.00838375,0.00610151,0.0037284,0.000391184,0.000972985,0.000669646
0.00451743,0.00318158,0.00231109,-0.000141294,0.000410152,-0.000289349
0.00602514,0.00422321,0.00198432,-0.00153373,0.000905424,-0.000475711
0.00938665,0.00617249,0.00336349,0.0113284,0.00342776,0.0100658
0.0106886,0.00529807,0.00348956,0.00354192,0.0024308,0.000622629
0.0106574,0.00527326,0.00349231,0.00478037,0.00209447,0.000433987
0.00897856,0.00399297,0.00435478,0.0069459,0.0015256,0.000397315
0.0156451,0.00992079,0.00706716,0.006672,0.00199075,0.00169357
0.0105131,0.00757175,0.00495156,0.0103197,0.00167709,0.00111106
0.0359653,0.0146406,0.0240003,0.0240953,0.00547688,0.00371055
0.0382663,0.0121105,0.0185762,0.0213859,0.00306652,0.00207133
0.0103559,0.00730116,0.00582954,0.00114319,0.000807565,0.000103251
0.00969325,0.00678997,0.0019123,0.00476366,0.00202641,-0.000333472
0.0100209,0.00715332,0.00532946,0.00556734,0.000680469,0.00148725
0.00952435,0.00491517,0.00530126,0.00600383,0.000119869,0.000287896
0.0107052,0.00528479,0.00529447,0.00694135,0.000820379,0.000165034
0.0104059,0.00668121,0.00269997,0.0062311,0.00118932,0.000747154
0.00674151,0.00473785,0.00319411,0.00889152,0.000928027,8.70191e-05
0.00927942,0.00692993,0.00312785,0.00437499,0.000495236,0.00167934
0.00894106,0.00633894,0.00377292,0.00501662,0.0011525,-7.777e-05
0.0284392,0.00962883,0.0107284,0.0200914,0.00593053,0.0113682
0.027246,0.00957554,0.0101202,0.0177429,0.00305336,0.00483016
0.00732162,0.00527525,0.0023243,0.009963,0.00211335,0.0080362
0.00441582,0.00303302,0.00241104,0.00285048,0.00106726,0.000396067
0.0103968,0.00734221,0.00616119,0.00955007,0.00210981,0.00139162
0.0133059,0.00651051,0.00571456,0.0111347,0.00162598,0.000258631
0.014248,0.00621889,0.00730922,0.0101834,0.00132571,-0.000429244
0.00503423,0.0035187,0.00116024,0.00263562,0.000823005,0.000643147
0.0062739,0.00454363,0.00301592,0.00286175,0.000237686,0.000500865
0.0102232,0.0068115,0.0039119,0.00152004,0.00102257,0.000397795
0.00449444,0.00332379,0.00412294,0.00621632,0.00030821,0.00160924
0.0046889,0.00365087,0.00517174,0.00966277,0.00140423,0.000994143
0.00578383,0.00415362,0.00555498,0.00355219,0.00149175,0.00150783
0.00769719,0.00562266,0.0037581,0.000418188,0.000375666,-0.000123158
0.0192293,0.0111355,0.00574439,0.00934117,0.00221441,0.00209653
0.0156737,0.00441795,0.00607351,0.00569723,0.000950243,0.000625997
0.0281208,0.0175934,0.102381,0.152093,0.0464481,0.070769
0.0110082,0.00563839,0.0055352,0.0110191,0.00133303,0.00310893
0.011299,0.00555246,0.00583044,0.00887735,0.00189724,0.00331823
0.0283958,0.0117251,0.010419,0.00950741,0.00303376,0.000587375
0.0289306,0.0116506,0.0100847,0.011096,0.00287554,0.00139083
0.019372,0.012654,0.00757945,0.00754195,0.00173238,0.00128141
0.0113847,0.00414027,0.00495126,0.00734525,0.00130077,0.000846378
0.00947303,0.00411387,0.00458348,0.00752068,0.000942542,0.000726281
0.00922588,0.00603376,0.0048192,0.00424901,0.000422663,-0.000557561
0.0145356,0.00855747,0.00651281,0.00936638,0.00258833,0.000918109
0.0106124,0.00750453,0.00270134,0.00451171,0.00101764,0.000307979
0.00748486,0.00548203,0.00345228,0.00648037,0.00121751,0.000472781
0.010406,0.00745997,0.00422825,0.00451335,0.000106114,-0.000487861
0.0181529,0.00936909,0.0146546,0.0164741,0.00494008,0.00177451
0.035742,0.0112002,0.0236762,0.0245408,0.00696769,0.00520913
0.0291899,0.00955098,0.0149009,0.0199896,0.00542307,0.00273261
0.00686062,0.00503313,0.00518032,0.0027125,0.000780698,0.00118717
0.0229711,0.0148944,0.0125501,0.0218326,0.00598102,0.0028926
0.00551984,0.00367804,0.00281264,0.0033646,0.00181195,0.000315263
0.00638983,0.00467881,0.00470823,0.00450312,0.00115735,0.00149149
0.0137243,0.00949794,0.00316124,0.00594051,0.00107148,0.00100857
0.00998649,0.00652945,0.00665516,0.00514476,0.00105017,-0.000651038
0.0145218,0.00664916,0.00664478,0.00383418,0.00120343,0.000221069
0.0169886,0.00897003,0.00665944,0.00608593,0.000841657,-0.000995607
0.00682612,0.00484424,0.00108989,0.00369365,0.000971151,2.29234e-05
0.0122095,0.00864972,0.0064934,0.00683005,0.000605264,-0.000551686
0.00799273,0.00569379,0.00230996,0.00457723,0.00144369,-0.00106818
0.011002,0.007577,0.00395812,0.00595563,0.000933138,0.000672235
0.00626211,0.00459019,0.0032914,0.00108371,0.000646754,0.000467056
0.014389,0.00980236,0.00530131,0.00713022,0.000868538,0.000710502
0.00523626,0.00349119,0.00219523,-0.00305299,0.000268521,0.00119599
0.0164312,0.0109778,0.00553746,0.0115392,0.00266879,0.000495026
0.0235938,0.0157428,0.0127461,0.014292,0.0035597,0.00112974
0.00789201,0.00567921,0.00489993,0.0078109,0.000221329,5.75241e-05
0.0133094,0.00918337,0.00798036,0.00172436,0.000650594,0.000732299
0.0184924,0.011311,0.00700535,0.00602503,0.00165528,0.00129359
0.0235261,0.0129223,0.0178683,0.0237267,0.00599909,0.0030205
0.0161017,0.0112231,0.00716773,0.010853,0.0024392,0.00193182
0.0168943,0.0115392,0.00502116,0.00970545,0.00271861,0.00386224
0.011148,0.00790418,0.00486877,0.00633535,-0.000130765,0.0012957
0.039643,0.0229777,0.0209915,0.029575,0.0042401,0.00462474
0.0102302,0.00710595,0.00361207,0.00564672,0.00136691,0.000743657
0.0257888,0.0134497,0.00844908,0.0150998,0.00253859,-0.000477243
0.00573334,0.00419581,0.00315426,0.0019487,0.000506849,0.000461807
0.00517434,0.00368663,0.00330096,0.00395356,7.12201e-06,0.000282729
0.0252232,0.0172134,0.0142568,0.0245302,0.00664811,0.0017614
0.00780323,0.00549364,0.00364974,0.0037978,0.0021992,0.00110057
0.0109935,0.00755571,0.00758692,0.0060736,0.00228815,-0.000133459
0.00985438,0.00533037,0.00769254,0.0134174,0.00438563,0.00792415
0.0141511,0.00525786,0.0100051,0.0187789,0.00472826,0.0073819
0.00904006,0.00559818,0.00512863,0.00573429,0.00126391,0.000412041
0.00859521,0.00625935,0.00406314,0.00394955,0.00213841,0.000951339
0.0269023,0.017617,0.00893247,0.0118413,0.00375317,0.00147684
0.00765986,0.00557444,0.00314565,0.00211446,0.00112788,0.000378957
0.0121122,0.00830677,0.00419775,0.00470876,0.000656452,-0.000514668
0.0176328,0.00850124,0.00553678,0.0134286,0.00253212,0.00037568
0.0251935,0.0136043,0.0077019,0.014565,0.00228463,0.000922264
0.00872928,0.00575225,0.00425345,0.0145607,0.00424229,0.0104107
0.0277794,0.0106251,0.0105526,0.0199205,0.00629008,0.0122107
0.0325786,0.0143258,0.0103617,0.0175459,0.00461735,0.00580937
0.00930294,0.00639691,0.011059,0.0166078,0.00334904,0.00122152
0.0193884,0.0133633,0.00680928,0.00600953,0.00175232,-0.000387793
0.0176975,0.00769265,0.0082222,0.0107909,0.00149321,0.000657649
0.0170271,0.00680157,0.00770041,0.00948949,0.00137104,-0.000484172
0.00720909,0.00531519,0.003056,-7.87267e-06,0.000930197,0.000288658
0.00462817,0.00323372,0.00239155,0.00396795,3.06585e-05,-0.000366363
0.0117811,0.00843061,0.0079422,0.0126301,0.00249635,0.00145819
0.0106058,0.00564239,0.00436985,0.00554617,0.00198455,-0.000475357
0.00810886,0.00554896,0.00336056,0.00257768,-3.8937e-05,-0.000108269
0.0278986,0.0144432,0.0113334,0.0176571,0.00370732,0.000837563
0.0142664,0.00948301,0.0130018,0.0182817,0.00328914,0.000557051
0.0141712,0.00991052,0.00581182,0.00346466,0.00182217,0.000910863
0.0207946,0.0102954,0.00876268,0.00962909,0.00244161,7.93514e-05
0.0221352,0.0104363,0.00914544,0.0108437,0.00213785,0.0010457
0.00830801,0.00560271,0.00748368,0.0061105,0.00287582,0.00232628
0.0252996,0.0142171,0.00977036,0.0184856,0.00382852,0.00088363
0.0199018,0.00972113,0.00728969,0.0120778,0.0016746,0.000399497
0.00830871,0.00595512,0.00254994,0.00231017,0.00045419,-0.00144454
0.00726459,0.0050661,0.00269009,0.00705287,0.0016369,0.000126104
0.0110332,0.00767859,0.00767172,0.011986,0.00346864,0.00319581
0.005252,0.00368534,0.00295851,-0.00230007,0.00119439,-0.000900663
0.00516423,0.00371777,0.00208801,0.00401361,-0.000756032,-0.00118709
0.0125228,0.00833127,0.00404156,0.00862854,0.00151875,0.000364489
0.0247363,0.013376,0.012148,0.0194835,0.00541338,0.000769509
0.00663702,0.00497475,0.00194194,0.00934358,0.00270125,0.00433652
0.0107235,0.00735679,0.00372492,0.00815395,0.00222619,0.00134127
0.0117294,0.00835281,0.00550694,0.00621864,0.000756011,-0.000389189
0.00984961,0.00693921,0.0043506,0.00316366,0.000788691,0.000881923
0.0214675,0.0148861,0.0071942,0.00912694,0.00263764,0.000420871
0.0167808,0.0116424,0.00642237,0.00668374,0.00140693,0.0014699
0.0102759,0.00699451,0.00549656,0.00523693,-5.89561e-05,0.000843979
0.00763801,0.00469184,0.00378823,0.00746467,0.000205736,0.000861734
0.0123948,0.00900391,0.00457253,0.00200407,0.00167746,0.00214909
0.0132919,0.00894677,0.00799812,0.010279,0.00193041,0.000866736
0.00759018,0.00522679,0.00424928,0.00348659,0.000182435,-0.00023632
0.0129166,0.00865298,0.00889808,0.00942893,0.00120772,0.000334845
0.0152505,0.0107054,0.00652773,0.00693321,0.00176939,0.00113477
0.0171207,0.00743745,0.011118,0.00736337,0.00237346,0.000824659
0.0225791,0.00744653,0.0123723,0.00994262,0.00172727,0.00142319
0.0128001,0.00497358,0.00615721,0.00688455,0.000540581,0.00104776
0.00466144,0.0036121,0.00235397,0.00171373,0.000667319,0.00242372
0.00739713,0.0050277,0.00332005,0.00621197,0.000859162,0.00108203
0.020701,0.0141084,0.00754981,0.00871995,0.00112055,0.00105167
0.00845499,0.00619407,0.00293496,0.00191659,0.000756194,0.00102376
0.00992008,0.00726838,0.00427814,0.00140023,0.00128058,0.000473348
0.00575974,0.00449506,0.00217876,-0.00246085,0.000607821,0.000173499
0.0182841,0.00821109,0.00721057,0.00548554,0.00181032,0.00153457
0.00795075,0.00453737,0.00268196,0.00654168,0.000984372,-0.00112252
0.00802574,0.00477905,0.00482937,0.00144262,0.00109597,-0.0011431
0.00794287,0.00583195,0.00389942,0.0047242,0.00114094,0.00133573
0.00413471,0.00307341,0.00140128,0.00121334,-0.000457318,0.000127996
0.00481554,0.00363512,0.002088,0.000484079,0.00168963,-0.000885461
0.00441493,0.00333392,0.00280145,-0.000355001,0.000962138,-0.00114334
0.0105164,0.00408425,0.0060209,0.00307875,0.00104366,-0.000210869
0.0179359,0.00609063,0.00983728,0.00916666,0.00193231,0.000325467
0.0156596,0.00667695,0.00786436,0.00699378,0.0022222,0.00220595
0.0073557,0.00527649,0.00130847,0.000178733,0.00106519,0.000696432
0.0112144,0.00752599,0.00286068,0.00364337,0.000993931,0.000425261
0.0117793,0.00819514,0.00340975,0.0025999,0.00149598,-0.000365433
0.0268729,0.0169559,0.00709384,0.0154678,0.0043966,0.00356963
0.0142608,0.00768463,0.00449106,0.0121866,0.00301295,0.00737421
0.00999538,0.00700589,0.00280675,0.00388703,0.00146414,0.00179019
0.00830451,0.00608575,0.00394994,0.00882866,0.000427418,-0.000433886
0.0468288,0.0247244,0.0166165,0.0169967,0.00282842,0.000907144
0.00979106,0.00674016,0.00216038,0.00437287,0.000921361,6.89292e-05
0.0197728,0.0136014,0.0168057,0.0344497,0.00532118,0.00251372
0.0133685,0.00898338,0.00309899,0.00649435,0.00173244,0.000712569
0.0130314,0.00931408,0.00344723,0.00414064,0.00155319,0.000951286
0.0142692,0.00996514,0.00393085,0.00681013,0.00176282,-0.000434589
0.00660565,0.00448423,0.00260716,-0.000968934,0.00106147,0.000972766
0.00595104,0.00436226,0.00295802,1.3083e-05,0.000963518,0.00047809
0.00609712,0.0041154,0.00246665,0.0012098,0.00120304,-0.000107652
0.00590616,0.00416473,0.00113614,0.00431956,0.000776918,0.0012518
0.0278617,0.0193103,0.00952766,0.0133463,0.00409365,0.00121782
0.00972388,0.00708984,0.00274886,0.00389259,-0.000104955,0.00148988
0.0357008,0.019253,0.00966691,0.0131266,0.00306353,0.00034516
0.00622633,0.00439249,0.00225616,0.00319613,0.000293141,-0.000740227
0.0212129,0.0140882,0.0103566,0.00707961,0.00205882,0.00121384
0.00550166,0.00404387,0.0023427,0.00196395,0.00058692,-0.000850564
0.00796524,0.0056978,0.00335125,0.000449108,0.00176182,0.000798122
0.0143036,0.00606846,0.00908956,0.00445679,0.00173269,0.000896372
0.018722,0.0106288,0.00439295,0.0069342,0.00226934,-0.000478994
0.014819,0.00545362,0.00432049,0.00453035,0.00158392,0.00023988
0.00707127,0.00366051,0.00272513,0.0053881,0.000213651,0.000422836
0.00440063,0.00361216,0.00295833,0.00335055,0.000839975,-1.94736e-05
0.00851786,0.00611097,0.00311696,0.00838178,0.000602303,-0.000891605
0.016789,0.0120855,0.0068888,0.00481038,0.00237025,0.000491875
0.00608023,0.00438855,0.00229637,0.00137431,0.000516654,0.000680493
0.0300385,0.0144282,0.0122129,0.0130398,0.00373589,0.000143981
0.00982643,0.00545172,0.00639132,0.00529795,0.00200112,0.00225253
0.0102417,0.00497664,0.00590589,0.00104629,0.000602254,0.0012104
0.0162977,0.011334,0.00424074,0.00336992,0.000321371,-0.00106645
0.0154238,0.0107949,0.00519836,0.00818316,0.00150599,0.00103695
0.0146546,0.00612767,0.00701283,0.00630579,0.00232547,6.69966e-05
0.0125853,0.00613732,0.00595652,0.00456614,0.00167848,0.00059613
0.00593945,0.00399971,0.00244256,-0.00108268,6.09765e-05,-0.000194081
0.0206661,0.0140216,0.0145028,0.0211366,0.00515266,0.00420099
0.024329,0.0154531,0.0216297,0.0232443,0.00611107,0.00361345
0.00966405,0.00389816,0.00353317,0.0148289,0.00347674,0.00931303
0.00728759,0.00330296,0.00328677,0.0105051,0.000197936,0.00258839
0.0292776,0.0126073,0.0120836,0.0132856,0.00434182,0.00189714
0.0439995,0.0152939,0.0167214,0.0207004,0.00475969,0.00284403
0.00767151,0.0049932,0.00412215,0.00625098,0.00124872,0.000322594
0.0071778,0.00388065,0.00460402,0.00320953,0.00112,3.42006e-05
0.0231661,0.0156682,0.0138519,0.0165715,0.00358795,0.00274138
0.0175599,0.0107433,0.00939991,0.0126627,0.00309723,3.35154e-06
0.0199383,0.0125801,0.00698914,0.00811279,0.00196677,0
0.00504777,0.00377899,0.0022868,0.00230933,0.000956188,-5.87189e-05
0.0154304,0.010713,0.00538899,0.00630776,0.00146154,0.00162189
0.00646053,0.00460399,0.00233927,0.00401529,0.000321412,0.00019632
0.00693367,0.00512499,0.00222075,0.0047677,0.00117188,0.00103018
0.0141821,0.00970153,0.00383479,0.00606863,0.00139783,0.000959381
0.00642683,0.00453527,0.00339174,0.00354364,0.000261282,0.000640878
0.00710496,0.00467186,0.0035126,0.00520419,0.000676772,-0.000221387
0.02145,0.0122455,0.0145788,0.0218483,0.00261105,0.00170568
0.0250765,0.0122739,0.0167596,0.0245267,0.00303015,0.00241879
0.0104432,0.00714526,0.00410228,0.00302645,0.000396866,0.000383898
0.0151254,0.00995968,0.00549721,0.0110579,0.00406886,0.00785664
0.0122747,0.00846175,0.00410602,0.00937979,0.00128168,-0.000924549
0.00748962,0.00409993,0.00331309,0.00170865,0.00119989,6.0398e-05
0.00849045,0.00418416,0.00326285,-0.000216389,0.000355697,0.000136762
0.00530893,0.00399338,0.00220205,0.00533535,0.00192961,0.000669397
0.0211978,0.0111768,0.00808529,0.00775213,0.00123565,0.00107079
0.0134985,0.00532986,0.00565939,0.0075585,0.00198268,-7.90314e-05
0.0151444,0.00712409,0.00680807,0.00957544,0.002106,0.000737095
0.0142442,0.00682276,0.00537134,0.00908221,0.00272352,0.000301587
0.0110243,0.00490211,0.00439907,0.00446731,0.00113806,0.000200657
0.0173659,0.0118539,0.00599453,0.0100815,0.000920339,0.000953112
0.0208057,0.0140305,0.00770322,0.0117243,0.0027058,0.00222072
0.0140533,0.00966227,0.00613507,0.00366594,0.00138966,0.0012891
0.00980726,0.00665933,0.00487355,0.00304671,0.00157732,0.000504167
0.0128011,0.00887928,0.00456272,0.00591463,0.0002833,0.000886479
0.00586828,0.00380572,0.00240404,0.00667085,0.00122111,0.000961248
0.00906496,0.00582519,0.00359795,0.00437792,0.000946186,0.00203035
0.0252834,0.012123,0.0107901,0.0203826,0.00747721,0.011362
0.0108086,0.00767091,0.00419446,0.00559391,2.02718e-05,0.000355399
0.019087,0.0131373,0.00702715,0.00586152,0.00110125,0.000429373
0.012032,0.00824904,0.00503292,0.00194278,0.000566469,0.000360495
0.0286089,0.0127793,0.0120724,0.019898,0.00420495,0.00193389
0.0146728,0.00704838,0.0046589,0.0075962,0.00114064,-0.000300149
0.00913327,0.0050953,0.00345777,0.00566417,0.00209143,0.00114775
0.0137377,0.00922271,0.00706933,0.00709522,0.0013231,0.00149602
0.0145119,0.0102377,0.00547768,0.00483171,0.00118552,0.00032777
0.0193401,0.0131171,0.00615531,0.0110764,0.00273511,0.000399069
0.0125041,0.00878181,0.00496384,0.00623138,0.000404331,-0.00111283
0.00484582,0.00353645,0.0026657,0.00407751,0.000866822,-0.00122664
0.0103555,0.00595622,0.00736117,0.00415642,0.00201047,0.00105958
0.0109048,0.00585897,0.00748758,0.00433717,0.00252948,0.000772453
0.0284331,0.0179089,0.01949,0.0209863,0.00487111,0.00136045
0.00771234,0.00522482,0.00346134,0.00351259,0.000875412,0.000573056
0.0124325,0.00596658,0.00657147,0.00505035,0.000818378,-0.000152788
0.0138512,0.00719471,0.00648163,0.0049297,-0.000288955,5.78801e-05
0.0105447,0.00737774,0.00505935,0.00299008,0.00119552,0.000648603
0.0045429,0.00313893,0.00435678,0.00112154,-0.000188104,-0.000226447
0.00633058,0.00454795,0.0048121,0.00281666,0.00131648,-5.19922e-05
0.0173663,0.0121272,0.00843391,0.00678165,0.00104383,0.00105544
0.0296976,0.0176687,0.0152291,0.0120496,0.00488835,0.00281538
0.00974458,0.00699061,0.00386899,0.00359676,0.00127105,0.000999758
0.00397788,0.00302533,0.00127894,0.000340037,0.00048815,-0.000440002
0.0232384,0.0120853,0.0122938,0.0112223,0.00301294,0.00219848
0.00666188,0.00457048,0.00385245,0.00348692,0.00075351,0.00146627
0.0221712,0.0113857,0.00979315,0.0157572,0.00537435,0.00965786
0.00706439,0.00486478,0.00255689,0.00489615,0.000660889,0.00109866
0.00384355,0.00312444,0.00231229,-0.00148397,0.000273527,0.000558918
0.00542344,0.00405308,0.00221346,0.0102475,0.0009199,0.00284577
0.00497918,0.00331496,0.00370804,0.003555,0.00124959,0.000680173
0.0077942,0.00546043,0.0037222,0.0036695,0.0012041,-0.000164977
0.0108117,0.00607105,0.00498079,0.00719956,0.00133851,-0.000228103
0.0106423,0.00599698,0.00478959,0.00636926,0.00150234,-6.01546e-05
0.0152081,0.00510618,0.00939162,0.0104924,0.00308192,0.00129125
0.0140468,0.00669999,0.00661566,0.00717361,0.00108522,0.00126728
0.00658794,0.00464365,0.0030523,0.00150339,0.000248294,0.000625225
0.0208616,0.0142848,0.0131665,0.0130382,0.00251209,0.00113174
0.0248088,0.0160086,0.00840351,0.0140434,0.00272038,0.00126856
0.00533691,0.00376036,0.00361775,0.00416376,-0.000164723,-0.000273425
0.0251107,0.0118561,0.0105709,0.0144749,0.00305926,0.00353462
0.0140948,0.00909461,0.00715941,0.00915885,0.00173225,0.00129178
0.00830283,0.00603544,0.00259617,0.000384948,0.000699737,-0.000654809
0.00886773,0.00595121,0.00299426,0.000899246,0.00147923,0.000862213
0.0236514,0.0106014,0.00676097,0.0101429,0.00443938,0.00745943
0.0204657,0.0139152,0.00498166,0.0104427,0.00240219,0.00195826
0.00688142,0.00378921,0.00381124,0.00644124,0.00171659,0.000655495
0.0126908,0.006672,0.00572295,0.00743123,9.227e-05,-0.000292549
0.00497714,0.00364219,0.00232912,0.00377219,0.000290379,-0.000964307
0.0156812,0.010662,0.00556489,0.0109934,0.000995865,0.00142435
0.0140912,0.00860654,0.00562964,0.00852431,0.00164302,0.000463071
0.00644108,0.0046256,0.00230382,0.0019451,0.000577045,-0.00104979
0.00710836,0.00507322,0.00805668,0.00525613,0.00114297,0.00119213
0.00915304,0.00619786,0.00512048,0.00192038,0.00123017,0.00114578
0.0130683,0.0083719,0.00457365,0.0064428,0.00147651,0.000244184
0.008705,0.00594771,0.00444864,0.00790189,0.00173727,0.000785878
0.0110957,0.00807004,0.00700031,0.00544761,0.00237066,0.00154095
0.0100748,0.00687618,0.00412016,0.00395096,0.00282857,0.000513437
0.00678239,0.00444103,0.0161629,0.0263923,0.00661891,0.00264692
0.0099526,0.00690878,0.00303943,0.00513273,0.00105942,-0.000241661
0.0143742,0.0100276,0.00473373,0.00531498,0.00115901,-0.00049755
0.0130294,0.00818233,0.00810578,0.0130091,0.00298842,0.000813329
0.014757,0.00827132,0.00773109,0.0117901,0.00185925,0.000138842
0.0108435,0.00705173,0.00511135,0.00916573,0.00230331,0.00151131
0.00866924,0.0059878,0.00420456,0.00776389,0.000569628,0.00120748
0.00713025,0.00488838,0.00261905,0.00341359,0.00171757,0.000446384
0.0048422,0.0034911,0.0025734,0.000567595,0.00113444,-5.53617e-05
0.0191382,0.0120005,0.0104982,0.0109955,0.00176373,0.000910062
0.0177425,0.0128022,0.00608687,0.0168006,0.00490486,0.0125684
0.00681979,0.00521491,0.00337557,0.0021323,0.00119168,0.000720273
0.00822338,0.00571822,0.00317627,0.00230523,8.15887e-05,-0.00011155
0.00797703,0.00528055,0.00342349,0.00328694,-0.00020116,0.000649596
0.00839671,0.00585581,0.00449915,0.00923123,0.00171639,0.00106146
0.00823583,0.00531397,0.00345498,0.00944833,0.00105435,0.000649892
0.0223899,0.0102806,0.00698433,0.0155988,0.00595689,0.00824263
0.00589409,0.00439412,0.00296428,0.00433649,0.000770293,-0.00135372
0.00883253,0.00627137,0.00400933,0.0157433,0.0022888,0.000745722
0.0102689,0.00738395,0.00385806,0.00484149,0.00166923,-0.000849126
0.00768455,0.00530195,0.00295731,0.000344192,9.58114e-05,0.00220645
0.0177004,0.0119686,0.00551729,0.00616128,0.00203144,0.000952883
0.0120533,0.00831073,0.00338378,0.00722953,0.00244794,0.000107367
0.00783526,0.00540501,0.00366646,0.00538039,0.000257901,1.03235e-05
0.00972834,0.00657877,0.00633368,0.00383983,-0.000295435,0.00110435
0.0177308,0.00929718,0.00790181,0.00743936,0.00104337,0.00097359
0.00685475,0.0049721,0.00427831,0.00361223,0.00162516,-0.00121937
0.00684262,0.00384252,0.0037375,0.00259885,0.000863165,-0.000230362
0.0118405,0.00808482,0.0110464,0.0084158,0.00204952,0.00332489
0.0144367,0.0101575,0.0093454,0.00918703,0.00166613,0.00120376
0.00672959,0.0046521,0.00245847,0.00759814,9.51175e-05,0.00230246
0.013451,0.00893415,0.00405283,0.00768114,0.00149704,0.0019663
0.0115584,0.00814583,0.0045387,0.0059322,0.000281616,0.000262933
0.00430892,0.00322183,0.00198176,0.000611427,-0.000910194,0.00236684
0.0200251,0.0130904,0.0130794,0.0102681,0.00295024,0.00143481
0.0153345,0.00428305,0.00845001,0.00546596,0.00128915,0.00129775
0.0261498,0.0127546,0.0124457,0.0142078,0.00282907,0.00223642
0.0212138,0.00890255,0.00755373,0.0138467,0.000832811,0.000321551
0.0145989,0.0103885,0.0089022,0.0133446,0.000914978,0.00170487
0.0172389,0.0118992,0.0069777,0.0121843,0.00347004,0.010952
0.00444994,0.00339008,0.0023233,0.00331353,0.000530208,0.00121239
0.0115767,0.00766734,0.00455157,0.00232539,0.000744054,-0.000658368
0.00583468,0.00381051,0.00292479,0.00252745,0.000532119,0.000129151
0.011616,0.00789471,0.00538482,0.00530197,0.001595,0.000499287
0.0104939,0.0058637,0.00707831,0.00561219,0.00085239,0.000808686
0.0200588,0.00832876,0.0116838,0.0138502,0.00301127,0.00205453
0.00601925,0.00428218,0.0018361,0.00210391,-1.32587e-05,0.000790518
0.0106485,0.0071926,0.00293059,0.00304528,0.00112696,0.00210248
0.0196211,0.0103791,0.0108158,0.0190491,0.00444852,0.00130479
0.0203622,0.0112451,0.00682137,0.00786629,0.0021456,0.00150372
0.00747117,0.0053007,0.00344648,0.00532836,0.0012453,0.00155494
0.00455661,0.00343297,0.00223281,-0.000284136,-0.000456719,-0.000355197
0.00901231,0.00605522,0.00434523,0.00436756,0.00139378,-0.000780077
0.0065548,0.00487373,0.00302258,0.00371248,0.000692944,-0.000345494
0.00432352,0.00308046,0.00222654,0.0043618,0.000683669,-0.0014467
0.00612284,0.00436866,0.0033094,0.000766017,0.00108662,-0.000427847
0.00497471,0.00362363,0.0027268,0.00259611,0.000477257,0.00137434
0.00830256,0.00589026,0.00331013,0.00366976,0.0014329,0.000616351
0.00789306,0.00574726,0.00293652,0.00389392,0.00100085,0.000912803
0.0163419,0.011417,0.0143612,0.00902763,0.00280747,0.00263596
0.00670446,0.00464026,0.00340844,0.00356749,0.00141323,0.00268863
0.00949244,0.00649657,0.00470469,0.0106542,0.00262443,0.00061654
0.0122827,0.00824114,0.00461996,0.0114363,0.001998,-0.000676676
0.00467634,0.0033215,0.00262615,0.000893231,-0.000533016,0.000515361
0.0139083,0.00926696,0.00680904,0.00869065,0.0022025,-0.000199737
0.0200464,0.0130618,0.00842255,0.00966798,0.00168979,-0.000374403
0.00446647,0.00315036,0.0039349,0.00148498,0.000440091,0.00026394
0.0132888,0.00613544,0.00615911,0.00988265,0.00194074,0.00139487
0.0166633,0.0080711,0.00877319,0.00993467,0.00199803,0.000725492
0.0100845,0.00600619,0.00484664,0.00181718,0.00069337,4.77621e-05
0.00540237,0.00379922,0.00299158,0.00054533,0.000289145,0.00153183
0.00506423,0.00348939,0.00187915,0.000138263,-5.92718e-05,0.00051955
0.00414347,0.00330332,0.00303991,0.00105894,0.000803202,0.000437674
0.0165781,0.0111222,0.00803552,0.0144441,0.00170065,0.00125179
0.0063441,0.00421865,0.00457135,0.00514079,0.00123681,0.00158021
0.0188672,0.0129633,0.00810367,0.00986572,0.00273438,0.00189748
0.00732394,0.00541535,0.00581894,0.00625693,0.00235081,-0.000369917
0.015037,0.00977325,0.00501488,0.00574638,0.00165166,0.00054348
0.00981316,0.00624062,0.00365177,0.00573953,0.000648797,0.000430965
0.0133471,0.00967006,0.00536577,0.00579227,0.000717465,0.00133545
0.00798452,0.00579872,0.00323114,0.00100251,0.000775849,0.000610667
0.0187143,0.00725091,0.0156759,0.0244793,0.00613788,0.00465161
0.0300656,0.0148681,0.0241744,0.0369576,0.00887438,0.00590987
0.0197322,0.00943092,0.00929135,0.0143306,0.00335268,0.0010715
0.00547596,0.00347494,0.00312899,-0.00247388,0.000534522,-5.77085e-05
0.024435,0.0134327,0.010673,0.0182116,0.00315472,0.00156278
0.00811921,0.0041556,0.00342972,0.00694109,0.00118437,-0.000210971
0.0207941,0.0144845,0.0125164,0.00845604,0.00268893,0.000599226
0.0191675,0.0131354,0.00527511,0.00794528,0.00237094,0.00037616
0.021496,0.0145098,0.0085339,0.0114547,0.00265718,0.000598594
0.00682911,0.00302243,0.00288791,0.00955988,0.00080235,-9.67249e-05
0.0118255,0.00703869,0.00556604,0.00231807,0.00180601,-0.00110262
0.0185404,0.0133855,0.00594168,0.00919707,0.00213589,0.00183507
0.0161751,0.00828138,0.00585203,0.010979,0.00224919,-3.3578e-05
0.0178904,0.00833708,0.00591507,0.0131815,0.00124975,-0.000277073
0.00918921,0.00649386,0.00484507,0.00535925,0.000700712,0.000416821
0.0113859,0.00801689,0.00411724,-0.000354519,6.77361e-05,0.00148059
0.00611317,0.00446491,0.0019472,0.003613,0.000656841,0.00096455
0.010762,0.00734812,0.00323845,0.00499067,0.00117531,0.000369107
0.00558503,0.00413362,0.00515196,0.0074462,0.00211759,0.00156411
0.0175848,0.0106648,0.00698704,0.00428995,0.000387381,0.00181006
0.00708708,0.00432551,0.0052736,-0.0016416,1.62799e-05,0.000796001
0.00444061,0.00325725,0.00261334,0.00102486,0.000448506,-7.21286e-05
0.00845977,0.00572829,0.00326334,0.00644102,-0.00013109,-1.58934e-06
0.00631145,0.00355123,0.00391279,0.0056178,0.00136956,0.000400225
0.0232068,0.0156948,0.0076146,0.0106141,0.0057316,0.00741737
0.0274997,0.0104207,0.0119426,0.0126431,0.00278008,0.000641848
0.0294718,0.0113391,0.0129829,0.0126761,0.00240938,0.000370531
0.0125831,0.00867141,0.00545326,0.00944555,0.00110581,0.00146137
0.0178136,0.0119177,0.00786355,0.0118898,0.00136309,0.00150638
0.0222479,0.0152958,0.0158573,0.0151152,0.00428616,0.00139082
0.0086452,0.00613388,0.00484999,0.00240639,0.00148569,0.00015968
0.00822969,0.0060694,0.003432,0.00441483,0.00103536,-0.000323438
0.028964,0.0143497,0.0120725,0.0151234,0.00277822,0.00148853
0.0138227,0.00957301,0.00560962,0.00514574,0.00209369,-0.00155856
0.00965308,0.0048907,0.00439897,0.00652499,0.00175568,0.00128475
0.00863689,0.00402131,0.00560485,0.0084877,0.00110035,0.00189435
0.0159913,0.0110188,0.00993204,0.00444234,0.0024059,0.00027143
0.00492599,0.00355894,0.0026747,0.00356019,0.00101774,0.00108461
0.0140361,0.0095807,0.00580191,0.00859451,0.00225782,0.000783728
0.00942836,0.00611499,0.00459924,0.00912022,0.00094755,0.000802465
0.010725,0.00751616,0.00370984,0.00519176,0.00108596,0.000841662
0.01777,0.0125049,0.00547295,0.00642126,0.000901686,0.000496358
0.0129852,0.00894101,0.00406146,0.0021865,0.00104814,-0.000220337
0.0123204,0.00802742,0.00670784,0.00437794,0.000830668,0.00112258
0.00903867,0.00654411,0.00285908,0.00152531,0.000167102,-0.00027192
0.00492922,0.00331,0.00120427,0.00335533,0.000481215,-0.000665222
0.0219315,0.00922756,0.0182807,0.0197826,0.00578622,0.00793787
0.0273504,0.00924064,0.0196125,0.0187254,0.00587694,0.00804631
0.0156166,0.00674912,0.00647388,0.0098874,0.00356057,0.00540996
0.00852592,0.00433623,0.00373367,0.00463537,0.000514097,2.38741e-05
0.00879716,0.00489765,0.00347532,0.00509811,0.000182216,-0.000565792
0.00556112,0.00387789,0.00265611,-0.000441673,0.000679575,-0.000142593
0.00919455,0.00639191,0.00498106,0.00553069,0.00265108,0.000833885
0.00870378,0.00583084,0.00288441,0.00811054,0.000692471,0.00167087
0.00708499,0.00501148,0.0057841,0.00950753,0.00230639,0.0015322
0.0486773,0.0209603,0.0268461,0.0324909,0.0075332,0.00284265
0.00725911,0.00306565,0.00244139,0.00599013,0.00126492,0.000968903
0.00707403,0.00497759,0.00372818,0.00980128,0.00178952,0.00106849
0.0141334,0.00978553,0.00911703,0.00678057,0.00206885,0.00108891
0.0162813,0.00968129,0.0096604,0.00658942,0.00258206,0.00132615
0.0100997,0.0069117,0.00767495,0.00730001,0.00209362,0.00162293
0.00536408,0.00357918,0.00276957,0.00228397,0.00084894,-1.1759e-05
0.00649755,0.00468651,0.00506733,0.00082815,0.00212069,0.000122733
0.0057563,0.00405425,0.00298996,0.00353462,0.000694414,0.00169852
0.0145547,0.00661443,0.00634204,0.00418625,0.000998742,0.000876108
0.017233,0.00932212,0.00616299,0.000679339,0.00120115,0.00115177
0.00861467,0.00614401,0.00290327,0.00181442,0.00115022,-0.000506384
0.00558137,0.00389501,0.00338929,0.00376124,0.00106834,-0.00131982
0.0118057,0.0062774,0.00533092,0.00272547,0.000616495,-0.00024708
0.0421658,0.0172259,0.0252396,0.030135,0.00680315,0.00417773
0.00604689,0.00452345,0.00284804,0.0033638,0.000657812,1.85926e-05
0.00486443,0.00369782,0.00240698,-0.000729112,0.00136311,0.000551389
0.0136095,0.00958251,0.00802647,0.00561555,0.00160188,0.00207745
0.00869719,0.00634488,0.00226103,0.0098306,0.00252575,0.0044895
0.0123577,0.00875056,0.00530698,0.00452999,0.000864404,0.000242798
0.00785606,0.00366328,0.00398816,0.00576289,0.00155443,0.000437399
0.0144438,0.00551681,0.00643312,0.00881715,0.000901148,0.000129328
0.013439,0.00549622,0.00588336,0.00774222,0.000967654,2.14569e-05
0.00483868,0.00346186,0.00430466,0.00263367,-0.000153854,0.000251127
0.0451445,0.0212301,0.0173248,0.0222704,0.00372965,0.00282543
0.0102893,0.00700214,0.00732613,0.00801166,0.00179633,0.00104456
0.00938544,0.00664819,0.00380344,0.0111268,0.00188893,-0.000223762
0.0178202,0.011538,0.0137162,0.0104832,0.00483195,3.01689e-05
0.00576548,0.00441831,0.00310098,0.00788177,0.00134356,0.000903611
0.00798304,0.00566401,0.00412342,0.00174227,0.000349299,0.000185863
0.0192215,0.0130492,0.00592456,0.00715315,0.000832803,0.00193081
0.00722184,0.00507775,0.00493934,0.000448296,0.000191943,0.0017364
0.0112359,0.00786443,0.00558291,0.0281503,0.0129318,0.0383329
0.0178845,0.0123352,0.0166387,0.0179295,0.00456885,0.00380946
0.00797612,0.00539684,0.00420541,0.00374091,0.000956292,-0.000533777
0.00616633,0.00368228,0.00307504,0.00102768,0.00131273,0.00011595
0.0100758,0.00619317,0.00468736,0.00426608,-3.66798e-05,-1.93395e-05
0.00535174,0.00360202,0.00485772,0.00872782,0.000367815,0.000183357
0.0159619,0.0107785,0.00869754,0.00827151,0.00164006,0.000483468
0.0109399,0.00484683,0.00509288,0.00967799,0.00201603,-0.000435165
0.0243864,0.00836944,0.00835891,0.0178729,0.00236316,-9.07005e-05
0.0137743,0.00933573,0.00533295,0.00246669,0.000593733,0.00117097
0.01266,0.00908231,0.00478407,0.0042531,0.000881203,0.00101767
0.0218756,0.0091048,0.0105692,0.00542927,0.000697037,0.0012743
0.0220074,0.00916849,0.0105525,0.00585007,0.00110255,0.00134331
0.0045602,0.00311788,0.00526248,0.0019745,0.000529684,-0.00019849
0.00545822,0.00362613,0.00367761,0.00213617,0.000223065,-0.000816882
0.010892,0.00765204,0.00499959,-0.000236212,0.00109556,0.000818067
0.0225841,0.0129532,0.0117988,0.0123128,0.00328983,0.00106742
0.0112895,0.00467452,0.00433815,0.00730576,0.0020873,-0.000344284
0.011661,0.00454392,0.00409676,0.00582415,0.00167429,0.000289396
0.0111565,0.00681646,0.0102587,0.0217224,0.00675316,0.00518533
0.00606003,0.00424127,0.00296814,0.00212219,0.000194861,0.000518005
0.0138171,0.00960194,0.00958729,0.0151978,0.00280703,0.00200042
0.0108431,0.00740829,0.00388233,0.0081465,0.00344842,0.00718127
0.00578195,0.00432163,0.0028533,0.00375854,0.000282617,-0.000825041
0.00487363,0.00341941,0.00181998,0.00193006,2.65506e-05,-0.000647695
0.0133845,0.00838572,0.0055019,0.007073,0.00151806,0.00136536
0.0122043,0.00618214,0.00504936,0.00233903,0.000454982,0.00111923
0.0156178,0.0107281,0.00777715,0.0058191,0.00124475,0.00116672
0.013986,0.00595738,0.00736824,0.0104741,0.00246055,0.000602909
0.0178236,0.00865802,0.00956037,0.0114496,0.0026737,0.00144616
0.0068033,0.00492972,0.00216728,0.00113907,0.000452611,-0.000192866
0.00867427,0.00638946,0.00401027,0.00209762,0.00110621,-0.00157634
0.0181545,0.0090685,0.00751621,0.00972535,0.00302428,0.00251223
0.0181154,0.00896603,0.00764148,0.00780226,0.00273604,0.00114511
0.0111037,0.00646505,0.00540947,0.00539417,0.0012113,0.00068068
0.0160443,0.0106648,0.00710591,0.0130549,0.00317909,0.00108387
0.00774251,0.00584752,0.00595943,0.00498279,0.00116,0.000823532
0.00508723,0.00392458,0.00233009,0.00393514,-1.11155e-05,-0.000376273
0.00702961,0.00344576,0.00343002,0.00132598,0.000795125,0.00199556
0.00878193,0.00571638,0.00540128,0.00741347,0.00237686,0.00294999
0.0142028,0.00911631,0.00965644,0.00766487,0.001837,0.00085709
0.0102902,0.00745449,0.00445051,0.0037281,0.00167985,0.000410181
0.026054,0.0167669,0.014693,0.0238474,0.00442765,0.00172957
0.0239706,0.0145282,0.010135,0.00995011,0.00171943,0.00166855
0.00879615,0.00374716,0.00436699,0.00715282,0.00199673,0.00178227
0.00956697,0.00541252,0.00407215,0.00463338,0.000708521,0.00118646
0.0139531,0.00963451,0.00429761,0.00789471,0.00137085,0.000797212
0.0077752,0.00485312,0.00533573,0.00606383,0.00161362,0.00144554
0.00558639,0.00442665,0.00191514,0.00865532,0.00170686,0.000352532
0.00556367,0.00417457,0.00250996,0.00282031,0.000757897,0.000122881
0.0134868,0.00932531,0.00386084,0.00299159,0.0011258,0.000879086
0.0215909,0.0145395,0.00480586,0.00966446,0.00245754,0.00210267
0.00827622,0.00559389,0.00572402,0.00510871,0.0010229,0.000144509
0.0165341,0.0115477,0.00612394,0.00674457,0.00091961,0.00187559
0.0298911,0.0184386,0.0250435,0.0476409,0.00906661,0.0051875
0.015547,0.00869342,0.00724104,0.00650501,0.00182945,0.00173369
0.00515438,0.00379077,0.00310745,0.00522361,0.00131296,-0.000622006
0.00434927,0.00309846,0.00248804,0.000759816,0.00154028,-0.000182812
0.0367877,0.0201734,0.015667,0.0238101,0.00682011,0.00899863
0.00422589,0.00334094,0.00289293,0.00204877,0.000241528,0.00023062
0.00445985,0.00341936,0.00223838,0.00234409,0.000560553,-0.000383477
0.00661926,0.00473931,0.00353239,0.00460476,0.00122823,0.000871924
0.0163325,0.00702002,0.00616252,0.00916178,0.00196187,-0.000199346
0.01665,0.00696565,0.00594396,0.00775431,0.00211015,8.31767e-05
0.00687508,0.00454969,0.00423926,0.00254292,0.00309134,0.00076765
0.00513118,0.00327689,0.00319681,0.00150191,0.000563312,0.00138075
0.00558236,0.00403844,0.0032786,0.00718855,0.00215974,-0.000186634
0.0210245,0.013398,0.00760334,0.00830547,0.0029401,0.00134012
0.00418109,0.00320455,0.00172768,0.00153848,0.000417652,-0.000701292
0.0176057,0.0121961,0.0104234,0.013613,0.00303276,0.00123561
0.00518917,0.00385701,0.00314071,0.00723866,0.000857354,-0.000111219
0.0151714,0.0099329,0.0103304,0.0118844,0.00060231,0.000848903
0.00779674,0.00508033,0.00599336,0.00795045,0.000882115,0.000698453
0.00607492,0.00396885,0.00270134,0.00258698,-0.000331031,0.000213301
0.00662762,0.00488005,0.00288053,0.00185148,0.000659488,0.00138637
0.0120594,0.00874262,0.00410179,0.00843351,0.0016444,0.000673665
0.0298023,0.018242,0.0172492,0.0252656,0.00554138,0.00744354
0.0139374,0.00520458,0.00934529,0.0345919,0.0122559,0.0304585
0.0100004,0.00706314,0.0032721,0.00398389,0.00162352,0.000681854
0.0102366,0.00709484,0.00441881,0.00485789,0.00104379,0.000464675
0.00609629,0.00434268,0.00495953,0.00537085,0.000728202,0.000557532
0.0116901,0.00773028,0.00541693,0.00497483,0.00132122,0.0016787
0.0132537,0.00939747,0.00629968,0.0109125,0.00303435,0.000675951
0.0048284,0.00330553,0.0027793,-0.00193179,0.00031539,-0.000357573
0.00500372,0.00373896,0.00284189,0.0017288,0.000640797,-3.08337e-05
0.0119214,0.00465312,0.00613444,0.00540209,0.00167622,0.000926813
0.025812,0.010533,0.0114626,0.0117587,0.0040084,0.00335685
0.0242502,0.010629,0.0101379,0.0112519,0.00335955,0.00180273
0.00978034,0.0064766,0.00348723,0.0062248,0.00108884,0.000177347
0.0138673,0.00938839,0.00591684,0.00861144,0.000604564,0.000261856
0.0178742,0.0124725,0.00769521,0.00846589,0.00224564,0.00230117
0.0276942,0.0178408,0.0102332,0.0119081,0.00295261,0.00287317
0.00494729,0.00378967,0.00464346,0.00752227,-3.99481e-05,-1.52641e-05
0.0121827,0.00820819,0.00575546,0.0101375,0.000903434,-4.78762e-05
0.0127494,0.00899611,0.0050316,0.00609058,0.00179085,0.00315374
0.00726624,0.00358628,0.00295246,0.00558088,0.000344282,0.00236265
0.0128877,0.00833411,0.00424671,0.00810133,0.00187785,0.00122903
0.0324112,0.0145758,0.0212534,0.0220997,0.00567258,0.00412309
0.0400303,0.0154138,0.0229862,0.0245434,0.00592001,0.00220055
0.00564133,0.00372986,0.00396779,0.00886814,0.00144908,0.000110064
0.00505686,0.0038102,0.00451712,-0.00242115,0.000545925,0.00083576
0.00746771,0.00492654,0.00686624,0.00524129,0.000586421,0.0019135
0.011676,0.00732484,0.00440191,0.0174601,0.00357149,0.00796618
0.00469881,0.00323231,0.00337123,0.00284734,0.00105893,-0.000560118
0.0147448,0.00986197,0.00593043,0.00720137,0.00107391,0.00289056
0.00787393,0.00479141,0.00358268,0.00498851,0.000582692,0.00120271
0.00671751,0.00346445,0.0046486,0.00655965,0.00099912,0.00127209
0.00439889,0.00343048,0.00538172,0.00605736,0.00224784,0.00057196
0.00773419,0.00450233,0.00406519,0.00466202,0.00137819,0.00157869
0.00596633,0.00406011,0.00304309,0.0031307,0.000326529,0.000507334
0.00936316,0.00679061,0.00450415,0.00607206,0.00177918,0.00242783
0.0101313,0.00725293,0.00381494,0.00477166,0.00108798,0.00121258
0.00849298,0.00506021,0.00231041,0.00366526,0.000420518,-0.000194352
0.0107722,0.00619877,0.00269302,0.00035068,0.000736578,-9.40281e-05
0.0247407,0.016991,0.00928236,0.00623577,0.00216579,0.00085798
0.00700115,0.00356359,0.00743566,0.0111263,0.00300377,0.00127906
0.0144305,0.00997425,0.00530048,0.00429309,0.00108007,0.00138798
0.00775173,0.00553728,0.004475,-0.000802995,0.00067897,0.000712068
0.02113,0.0138129,0.013049,0.0227776,0.0072712,0.0107268
0.0179728,0.0108245,0.00673421,0.00657427,0.00219598,0.000944428
0.0120069,0.00467494,0.00458501,0.000529595,0.00077622,0.000284663
0.0123519,0.00488185,0.00539086,0.00712917,0.00115679,0.0013286
0.0136004,0.0053066,0.00563593,0.00736746,0.00202097,0.00255354
0.0198195,0.00843562,0.00815954,0.0130447,0.00274848,0.000846662
0.0141235,0.00587333,0.00729869,0.0101614,0.00114074,0.0019937
0.0143309,0.0102414,0.00552281,0.0137066,0.00238719,0.00259859
0.0236707,0.0119365,0.00987772,0.0132986,0.00361646,-0.000149064
0.0252578,0.0104296,0.00921914,0.00741157,0.00224876,0.00105189
0.00475372,0.0035251,0.00382064,0.000521027,0.00150876,0.000660294
0.0158566,0.0110368,0.00560398,0.00309821,0.00156451,0.00269045
0.0182725,0.0126669,0.00593829,0.00580013,0.00139705,-0.00016522
0.0222127,0.0149867,0.0130534,0.0161419,0.0041881,0.00161345
0.0074635,0.0041413,0.00479961,0.00357821,0.00191523,0.000236684
0.00642085,0.00457615,0.00154825,0.00658325,9.99194e-05,0.000287305
0.00904289,0.00638541,0.00375819,0.00497024,0.000970162,0.000407383
0.0080557,0.00545074,0.00369473,0.00142383,-0.000325623,-0.000669088
0.020387,0.0125379,0.0144001,0.0159662,0.0031476,0.000664042
0.013989,0.00525459,0.00680177,0.00614187,0.00133327,-0.000572474
0.0131856,0.00934943,0.00814151,0.0143751,0.00216242,0.00121518
0.0145779,0.00839966,0.00794836,0.0118816,0.00282942,-0.000170135
0.011418,0.00620777,0.00620772,0.00906101,0.000875277,0.00159916
0.00917195,0.00680344,0.00420721,0.00666136,0.00275988,0.00132715
0.00950904,0.00701862,0.00226623,0.00643232,0.00140559,0.000893489
0.0212408,0.008977,0.0166747,0.0179105,0.00509924,0.00312482
0.0264752,0.0114268,0.018531,0.0210788,0.00474818,0.00184341
0.00530406,0.00373895,0.00218958,0.00207701,0.000421131,7.70583e-06
0.00651298,0.00497247,0.0024416,0.00213133,0.000195147,0.0011028
0.0080082,0.0056581,0.00355166,0.00398978,0.00109509,0.00199376
0.00710318,0.00488271,0.00373497,0.00406704,0.000244993,0.000998248
0.0159074,0.0104021,0.00645612,0.000936482,0.00134219,0.000954392
0.0107512,0.00736379,0.00594219,-0.00096659,0.00137376,0.000646874
0.0146032,0.00981911,0.00630537,0.00292624,0.00156972,0.0012378
0.0154736,0.00644107,0.00684667,0.00722066,0.00156819,0.000223633
0.0139064,0.00585695,0.00621041,0.00554329,0.00128395,0.000118169
0.0215532,0.0116751,0.0127855,0.0146857,0.00266158,0.0006542
0.00914548,0.00613307,0.00462956,0.00189744,0.00109435,0.000224761
0.00987125,0.00725238,0.00454711,0.00529567,0.0010425,0.000205085
0.0177602,0.00916171,0.0103324,0.00949226,0.00172964,0.000829372
0.015347,0.00947517,0.00717482,0.00265074,0.00187732,0.00257132
0.00663215,0.00453554,0.00234665,0.00369438,0.00052388,0.000733731
0.00957543,0.00649575,0.0096686,0.00916725,0.0030383,0.00199793
0.00989642,0.00702538,0.00414116,0.00193533,0.000668338,-0.000518411
0.0142675,0.00987801,0.00727789,0.00754672,0.00221676,0.00164674
0.00512106,0.00368439,0.00264028,0.00225787,0.00129312,0.000214388
0.0173984,0.0099196,0.00806089,0.010267,0.00175625,0.000791001
0.00638937,0.00463987,0.00402495,0.0101719,0.00197124,-7.11738e-05
0.014214,0.00986647,0.00568802,0.00331038,0.00113217,-0.000125675
0.00832587,0.00488183,0.00438689,0.00957437,0.00161202,0.00192778
0.00781688,0.00388165,0.00602172,0.0111666,0.00159634,0.000728826
0.0116966,0.00814571,0.00385353,-0.000346328,0.00117531,0.000775369
0.00831712,0.00577071,0.00375112,0.00237664,0.000389033,0.000785112
0.0220629,0.0112646,0.0095938,0.0147358,0.00274273,0.000623315
0.0103478,0.00736,0.0075726,0.00587345,0.000464009,0.00103443
0.00413689,0.00332436,0.00244993,0.000571133,0.00039882,0.00215689
0.0227361,0.0113184,0.0118786,0.0169353,0.00363046,0.00171403
0.0236531,0.0103486,0.00943426,0.0134804,0.00198513,0.00110011
0.0139294,0.00581867,0.00706152,0.0173379,0.00547927,0.00928746
0.0169329,0.00877546,0.00672745,0.0108151,0.00357263,0.00378149
0.00938928,0.00674587,0.00317859,0.00358529,0.00125852,-0.000445494
0.00888244,0.00629983,0.00452919,0.0021792,0.000117344,0.000278568
0.0160584,0.00834928,0.00676047,0.00939664,0.00219569,0.00230571
0.0250549,0.0146803,0.0148558,0.0214065,0.00497274,0.00209488
0.0169404,0.00837576,0.00706221,0.00810168,0.000753005,0.00161159
0.0137568,0.00579892,0.00527539,0.00448419,-0.000110928,0.00015343
0.00948411,0.00679208,0.00374268,0.00580766,7.09809e-05,-0.000210131
0.0115611,0.0077303,0.00815502,0.0027951,0.000976078,0.00170719
0.010342,0.00528061,0.00422437,0.00701225,0.00202491,0.00076633
0.0101033,0.00742365,0.00493681,0.00291388,0.000886723,0.00128634
0.00464447,0.00325857,0.00268727,0.00610756,0.000879324,0.00163786
0.00904692,0.00604699,0.00402179,0.00451046,0.00111961,-0.000829927
0.0167215,0.00867841,0.0079403,0.0133752,0.00197254,0.000255823
0.00580098,0.00427123,0.0019468,0.00353218,0.00091868,-0.00104281
0.0349326,0.0184634,0.0218051,0.0349563,0.00914968,0.00526846
0.0101366,0.0052805,0.00542227,0.00868522,0.00262135,0.00146967
0.0142862,0.00816912,0.0135657,0.0211101,0.00388823,0.000834222
0.00679646,0.0046133,0.00479008,0.00559139,0.00181684,0.000501431
0.0147897,0.0102224,0.00596471,0.00738847,0.000706399,0.00198455
0.0112066,0.00667203,0.00767631,0.006831,0.00194383,0.00261407
0.013824,0.00977586,0.00541807,0.00755503,0.00168369,0.00127387
0.0107067,0.00770847,0.00731807,0.00713442,0.00187016,0.00124356
0.00624309,0.00465736,0.00362568,0.00285976,0.000804867,-0.000393939
0.0231989,0.0160482,0.00842189,0.00912747,0.00200667,0.000716171
0.00842016,0.00626609,0.00493658,0.00492103,0.00105136,0.000272748
0.00630387,0.00437717,0.00328101,-0.00157029,0.000135283,0.00191998
0.00421484,0.00304,0.00133457,0.00339423,0.000367929,0.000788754
0.0118781,0.00845708,0.00469765,0.00652923,0.00182943,0.0012681
0.0173493,0.00743272,0.00723962,0.00712783,0.00290204,0.00165635
0.0223965,0.00752337,0.00966755,0.00967734,0.00287955,0.000650528
0.0139924,0.00845527,0.00422705,0.00397946,0.0024634,0.000930184
0.00660568,0.00434234,0.00280972,0.00260166,0.00186736,0.00153875
0.0105787,0.00460857,0.00664793,0.00991143,0.00147048,0.000567809
0.014634,0.00959653,0.00545473,0.0039981,0.0015263,-0.000457749
0.00482593,0.00379143,0.00279366,-0.00062261,0.000412227,-0.000566791
0.0113192,0.00796303,0.0133107,0.0131001,0.00342194,0.00129866
0.030988,0.0140582,0.0129022,0.0110652,0.00239457,0.000700691
0.0130285,0.00873473,0.00506329,0.00425318,0.00098797,0.0014321
0.00930413,0.00477546,0.00498624,0.0047974,0.00144681,0.00036705
0.00643932,0.0048869,0.00361864,0.00387712,0.00173065,-0.000354675
0.0124041,0.00877741,0.00424659,0.00104319,0.00118547,0.000804982
0.0228944,0.0101971,0.0124562,0.0175658,0.00372199,0.00376276
0.0258998,0.0087125,0.00954156,0.00986949,0.00226001,0.00288306
0.0203787,0.00864852,0.00773857,0.00784246,0.000732006,0.00151454
0.00643554,0.00368308,0.00353908,0.00604092,0.0026431,0.000991159
0.0102854,0.00619768,0.0054457,0.0080455,0.00184444,0.00124162
0.00964512,0.0039597,0.0035748,0.0063627,0.0017561,-6.44759e-05
0.0247706,0.0157073,0.00903821,0.0106258,0.00240133,0.000100104
0.0139111,0.00960424,0.00789942,0.007208,0.002231,-0.000375141
0.019286,0.0108712,0.00810419,0.0129002,0.00116085,0.00238689
0.0201237,0.00973498,0.00925087,0.0124396,0.00124769,0.0023694
0.0089064,0.00412995,0.00485975,0.006203,0.00164506,0.00131949
0.0233899,0.0132674,0.00781674,0.00603619,0.00185519,0.000221817
0.0224517,0.0109535,0.00796142,0.010049,0.00136845,-9.68427e-05
0.0148894,0.00607601,0.0071055,0.00714768,0.00221666,0.000308475
0.016503,0.00603702,0.00745116,0.00839878,0.00162977,-0.000493358
0.0159387,0.00571449,0.00643408,0.00919497,0.00268713,0.000364643
0.0203924,0.00567842,0.00749324,0.0116331,0.00366918,0.00137732
0.0135891,0.00504871,0.00442409,0.00737847,0.00229759,0.000774134
0.00948182,0.00706578,0.00215667,0.00974519,0.00325417,0.00903861
0.0160141,0.0110897,0.00527587,0.00881587,0.00106574,0.00123704
0.0179387,0.0117751,0.00476616,0.00945372,0.00256817,0.000543782
0.0189219,0.0128239,0.00580048,0.0130095,0.00209251,0.00173767
0.0058367,0.00462309,0.00299805,-0.00176915,0.000251716,-0.00137885
0.0255118,0.014631,0.00955406,0.014276,0.00491557,0.00630586
0.0168332,0.0113844,0.00620038,0.00634692,0.000920721,0.00154478
0.00915278,0.00622944,0.00440819,0.00250002,0.00103569,-0.000529204
0.0054702,0.00430657,0.00469798,0.000355684,0.000385522,0.00217358
0.0243551,0.00975383,0.0106078,0.0116291,0.00174957,0.00141547
0.0355134,0.0116463,0.0167047,0.0160753,0.00333726,0.00181084
0.0246229,0.0116127,0.0118508,0.0122065,0.00254571,0.000966262
0.00984911,0.0069819,0.00267561,0.00319001,0.00025522,0.00114487
0.0171815,0.0119037,0.00755919,0.0110676,0.00136544,-0.000680351
0.0103506,0.0069994,0.00407545,0.0097198,0.00185151,0.00307929
0.00435853,0.00294146,0.00218695,0.0022748,0.000920978,-6.73055e-05
0.0145516,0.0102174,0.006342,0.00398654,0.000894436,0.000853674
0.00704706,0.003134,0.00481193,0.000679735,0.000153763,0.00174725
0.00693839,0.00314181,0.00479206,0.000850455,-0.000107078,0.00117109
0.0208448,0.0110689,0.00873656,0.0140625,0.00245692,0.00343236
0.0089878,0.00539573,0.00508278,0.00600537,0.00214817,0.00253555
0.0148223,0.00910985,0.0138692,0.0191705,0.00471813,0.00363166
0.0101683,0.00738654,0.00432647,0.00786966,0.00138415,0.000735321
0.0204229,0.0138041,0.00761448,0.00716903,0.00200994,0.000119776
0.00920123,0.00650845,0.00436683,0.00520636,0.000925643,0.000117448
0.00459854,0.00320035,0.00260581,0.00133057,0.000518374,-0.0007752
0.0297927,0.0148291,0.0149134,0.0151925,0.0031121,0.00202587
0.0256537,0.0131708,0.0136329,0.0108524,0.00128427,0.00133451
0.028337,0.0185567,0.00778311,0.0107662,0.00222335,0.00187425
0.00901041,0.00381434,0.00326068,0.00141466,0.000523607,0.00117597
0.0281901,0.013931,0.0153141,0.0188157,0.00392159,0.00206155
0.0163697,0.0100373,0.00832392,0.00830324,0.00140855,0.00101029
0.0148163,0.0105002,0.0055555,0.00998562,0.00297995,-0.000238853
0.0250493,0.0153619,0.0130327,0.0157254,0.00344272,0.00172964
0.0120874,0.00827307,0.00480038,0.00446769,0.000304789,-0.000387072
0.0127095,0.00834371,0.00417135,0.00512507,0.00120536,-0.000643366
0.0066666,0.0033563,0.00406238,0.00404947,0.00189701,0.000832917
0.00674285,0.00497944,0.00299544,0.000526033,0.00084625,0.000889848
0.00559464,0.00386779,0.00148417,-0.00307999,-0.00022181,-0.000298014
0.00524499,0.00401757,0.00209349,0.00434368,0.00100611,0.00202128
0.0221634,0.00944147,0.0114523,0.0236997,0.00671375,0.0104126
0.0229995,0.00957463,0.0117661,0.0219771,0.00528829,0.0089163
0.00738158,0.00514141,0.00243283,0.00721886,0.00117939,0.000114736
0.0131069,0.0089423,0.0067908,0.0107451,0.00146464,0.000978088
0.0136849,0.00952941,0.00558527,0.00768245,0.00386392,0.00808474
0.0078453,0.0052063,0.00365156,-0.00145318,0.0010027,0.000762126
0.0191328,0.00747398,0.00740434,0.00955209,0.00245811,0.00370947
0.0197339,0.00925609,0.00735603,0.00896111,0.00295159,0.00479629
0.008116,0.00567676,0.00298834,0.000629746,0.000357981,0.00122705
0.0184152,0.00741837,0.00715905,0.00681077,0.00168152,0.00124045
0.0201759,0.00916263,0.00712979,0.00784452,0.00107595,0.00153554
0.0247553,0.0180287,0.0116053,0.0111108,0.00311259,0.00288521
0.0294072,0.0178947,0.012605,0.00993646,0.00349937,0.00282632
0.00661433,0.00331379,0.00187275,0.00499747,0.00102728,-0.000612678
0.0119037,0.00810814,0.0099186,0.0107489,0.00215216,0.00231931
0.0109705,0.0076727,0.00437603,0.00355988,0.00090185,-0.000838066
0.00550772,0.00376219,0.00256732,0.00230871,-3.55531e-05,0.000222597
0.00905272,0.00671235,0.00346852,-0.000820026,0.000216156,0.000318752
0.00888928,0.00434224,0.00420261,0.00394513,0.00133116,0.00032564
0.0113664,0.00815104,0.00518318,0.00528346,0.00200901,-0.000518077
0.0130964,0.00888846,0.0048511,0.00783391,0.00163385,0.00112073
0.00621801,0.00439441,0.0030158,-0.00150014,0.000420307,0.000799267
0.00822301,0.00573152,0.00273944,0.00483261,0.0012927,0.0008077
0.0190038,0.00791765,0.0082325,0.0142316,0.00279382,0.00322107
0.0256684,0.0134499,0.0110181,0.0167408,0.00269747,0.00254729
0.0173359,0.0125282,0.00476242,0.00842547,0.00182386,0.00133343
0.0113854,0.00769589,0.00917163,0.0113019,0.00136518,0.00137837
0.0229461,0.0101143,0.00932321,0.0130584,0.00213528,0.00159351
0.0275447,0.013739,0.0115167,0.0136786,0.00185739,0.00122111
0.00682924,0.00507837,0.00312078,0.00333567,0.000211782,0.000585627
0.00618859,0.00447024,0.00436927,0.00555533,0.00105793,4.13121e-05
0.00779045,0.00340159,0.0030566,0.00461273,0.000956407,0.00175711
0.00904507,0.00406785,0.00357876,0.00336805,0.000917823,0.00154292
0.018311,0.0115722,0.0105341,0.0151438,0.00286694,0.0022504
0.00912127,0.00641428,0.0030032,0.00335118,0.00112473,-0.000196973
0.0139803,0.00516408,0.00638334,0.00789267,0.00217013,-0.00106789
0.0127543,0.00516604,0.00589225,0.00536342,0.00129924,-0.000792706
0.0104081,0.00721229,0.004124,0.00501196,0.00270753,0.00610482
0.00739621,0.00568991,0.00352344,0.00388532,-0.000385741,0.000738929
0.0203505,0.0102682,0.00834682,0.00766396,0.00242701,0.00023036
0.0263554,0.0145089,0.00934786,0.0120135,0.00178756,0.0012288
0.0128389,0.00886927,0.00450329,0.00322581,0.00217336,0.00187467
0.0160823,0.00782013,0.00859755,0.00940379,0.00112193,0.0010474
0.019044,0.0140055,0.0104068,0.0118163,0.0033931,0.00238466
0.0326342,0.0146941,0.0148047,0.0202479,0.00484113,0.00310016
0.0296928,0.01473,0.0127801,0.0178339,0.00416552,0.00135786
0.00997576,0.00707541,0.00306926,0.00214371,0.000568155,-0.000389918
0.00872059,0.00595242,0.00440106,0.00191078,0.000977207,-0.000212157
0.016238,0.00804453,0.00545069,0.00930886,0.00276955,0.00178033
0.0163783,0.00806839,0.00552825,0.0102209,0.00228616,0.00137798
0.0172647,0.0117363,0.00706738,0.0087098,0.00283034,0.00102298
0.0202203,0.0117139,0.0075861,0.0120388,0.0025044,0.000957302
0.0340319,0.0119438,0.0183969,0.01898,0.00438799,0.00231758
0.0285767,0.0119682,0.0160291,0.0158968,0.00389938,0.00212628
0.00626742,0.00335069,0.00306757,0.00404295,-0.00104296,0.00015817
0.017108,0.0095548,0.00744517,0.0051691,0.00165476,0.00200296
0.00609768,0.00436233,0.003134,0.00191846,0.00147303,0.00113042
0.0165242,0.0113906,0.0048187,0.0118173,0.0014326,0.00126446
0.0110265,0.00765192,0.00409146,0.00351982,0.000950335,0.000337004
0.0147282,0.00852256,0.00859277,0.0110572,0.00280909,0.00133836
0.00864842,0.00332914,0.00386455,0.00987153,0.00382261,0.00516234
0.0127255,0.00828879,0.0061993,0.0131297,0.00459783,0.00525853
0.0062433,0.00455654,0.00342279,0.0165818,0.00554444,0.0111419
0.0046583,0.00330304,0.00263193,0.000780784,-4.57857e-05,-0.000489881
0.0136063,0.00701513,0.00639826,0.00765718,0.00216407,0.00078953
0.01586,0.0085556,0.00595749,0.00757835,0.00222783,0.00111279
0.00673173,0.00430359,0.00318155,0.00126522,0.000163329,0.000137728
0.00612021,0.00409235,0.00292961,0.00151653,0.000556465,-0.00111718
0.0369472,0.0211341,0.0117696,0.0347981,0.013876,0.0328183
0.0356507,0.0128045,0.0149007,0.0518447,0.0195593,0.0476739
0.00576796,0.00348868,0.00271722,0.00281448,0.00111731,-0.000402276
0.00969681,0.0064595,0.00434473,0.00370992,0.00180767,0.000344676
0.0148376,0.0100951,0.0066553,0.0120557,0.00206726,0.00116044
0.0125707,0.00874873,0.00371845,0.00868067,0.00189679,0.00176873
0.00715104,0.00407509,0.00610778,0.0113024,0.00277145,0.000282685
0.00840468,0.00494558,0.00432995,0.00563052,0.0017539,0.000934868
0.00701918,0.00496578,0.00267609,0.0049997,0.00105766,4.91232e-05
0.0153984,0.0109783,0.00628815,0.00510752,0.0014407,0.00116652
0.0249314,0.0169973,0.0135474,0.0176401,0.00329448,-0.000242511
0.0221299,0.0135207,0.0221417,0.0293254,0.00573336,0.00519777
0.0119923,0.00859918,0.00548882,0.00426877,0.00113854,8.21746e-05
0.00548252,0.00388847,0.00246798,0.00417738,0.000721355,-0.000448892
0.0146293,0.00651515,0.0112102,0.00826216,0.00295075,-9.51149e-05
0.0144674,0.00663028,0.011325,0.0107051,0.00284286,0.000374069
0.0173652,0.0072274,0.00951045,0.00996899,0.00136913,0.000927419
0.0178014,0.0070782,0.0082367,0.0100281,0.00132852,0.000637862
0.0118144,0.00804846,0.00456402,0.00641898,0.00227039,0.00271354
0.0103741,0.00705097,0.0040382,0.00508048,0.000713483,5.58257e-05
0.0109679,0.00746347,0.00470008,0.00394856,0.00219362,-8.51333e-05
0.00425567,0.00312689,0.00347471,0.00448986,0.000695683,0.00062232
0.0122659,0.00849907,0.00481994,0.00741131,0.000816729,-0.000325713
0.00805013,0.00581811,0.00343883,0.00429532,5.42563e-05,0.00105818
0.012812,0.00564949,0.00433086,0.00876999,0.00240784,0.000918327
0.0178976,0.00908674,0.00685409,0.0045786,0.00135135,0.00168209
0.0113812,0.00724533,0.00493342,0.00376447,0.000488449,0.000373241
0.0101311,0.00694079,0.00695998,0.0106603,0.00351215,0.00551966
0.00623361,0.00388961,0.00154584,0.01918,0.0105044,0.0201077
0.0101227,0.00697821,0.00664769,0.0042192,0.00232288,0.00167136
0.00636923,0.00464373,0.00303943,0.00744234,-0.00015101,0.000730265
0.00976088,0.00626004,0.00438089,0.00543252,-0.000101074,0.00108223
0.0221994,0.0111925,0.0187317,0.0215811,0.00447505,0.00161517
0.0175557,0.0109027,0.00567887,0.0165907,0.00456681,0.0045528
0.0138909,0.00968195,0.00652079,0.0080239,0.0013432,0.00238939
0.0144511,0.00958394,0.0158667,0.0352683,0.00564006,0.00470618
0.0141361,0.00955486,0.00778362,0.00969002,0.000144838,0.00142114
0.00611635,0.00460767,0.00216394,0.00182622,0.000425925,-0.0011554
0.0132064,0.00894916,0.00662259,-0.000206703,0.00120523,0.00127783
0.0175514,0.0108712,0.00697202,0.00701617,0.00193026,0.00149841
0.0141151,0.00801857,0.00644262,0.003793,0.000867392,0.000117912
0.00979313,0.00708657,0.00658379,0.00450296,0.00202738,0.00143818
0.00682623,0.00473118,0.00153645,0.00345641,0.000177703,6.70786e-06
0.0108157,0.00739045,0.00514316,0.0033546,0.00208912,0.0028347
0.0168478,0.00692526,0.00811971,0.0128337,0.00236656,0.00109753
0.00871025,0.00465973,0.00477311,0.00362163,0.00163648,0.000652812
0.00468718,0.00341823,0.0026733,0.000649778,0.00106415,0.00134585
0.0106621,0.00722326,0.00405838,0.00469476,0.0015705,0.00132003
0.00651843,0.00412986,0.00289882,0.000258718,-3.68003e-05,-0.00185175
0.0254585,0.0171168,0.0109484,0.0152641,0.00288311,0.00213248
0.0187201,0.0127692,0.00712263,0.0110093,0.00195587,0.000868461
0.0206768,0.0106403,0.0102842,0.00703137,0.00156134,0.00161162
0.0183024,0.0081946,0.0101695,0.0050982,0.00167856,0.00227266
0.0143454,0.0104778,0.00721654,0.00688693,0.00254466,0.00173766
0.00654306,0.00442815,0.00387285,0.00428162,0.000103751,0.00151197
0.0100288,0.00735989,0.00561543,0.0134566,0.00443881,0.00700337
0.00944957,0.00663484,0.00320743,0.00564449,0.00107207,0.000552513
0.00756097,0.00534258,0.00319773,0.00139077,0.00109126,0.00081008
0.015119,0.0105809,0.00753827,0.00705277,0.00153755,0.00171704
0.00646812,0.00477113,0.00561085,0.0042591,0.000510428,0.0010282
0.00584127,0.00397881,0.00264602,-0.00125538,0.000597751,0.000936098
0.00855538,0.00586466,0.00394109,0.0059259,0.000583909,0.000375207
0.00634058,0.00456857,0.00180066,0.0118817,0.00143883,0.000575411
0.00735811,0.00508317,0.002911,0.00114065,0.000459757,0.000158492
0.00677778,0.0045312,0.00130682,0.00442195,0.000549368,0.000667805
0.0093708,0.00493909,0.00776593,0.0148355,0.00291908,3.26853e-05
0.00697528,0.00485701,0.00361914,0.0024662,0.000273522,0.0004982
0.0188775,0.0120721,0.00717605,0.00630192,0.00110613,0.00114139
0.0122316,0.00783841,0.00598766,0.00570289,0.00126948,0.000675164
0.0289544,0.0105531,0.0120697,0.0125659,0.00180403,5.56413e-05
0.0264855,0.0105143,0.0106973,0.0113258,0.00144046,-0.000622456
0.0143801,0.0101021,0.00498732,0.0112778,0.0017774,-0.000321478
0.00844487,0.00353741,0.00468429,0.00319153,0.00135886,6.28912e-05
0.0110708,0.0036448,0.00651656,0.00880766,0.000454525,-0.000393793
0.00696778,0.00361597,0.00378866,0.00920346,1.79618e-05,-0.000437646
0.00430362,0.00303563,0.00245397,0.00360152,0.000227653,0.000455921
0.00840076,0.00473404,0.00377761,0.00391309,0.00145723,0.00192077
0.00793214,0.00475115,0.00354324,0.00499795,0.000657127,0.00200079
0.0153982,0.00935136,0.0129703,0.015106,0.00193866,0.00263212
0.0139691,0.00966324,0.00484957,0.00571373,0.00100181,0.000371264
0.0095595,0.00606758,0.00536764,0.00816212,0.000737781,0.000641008
0.0109831,0.00764685,0.00754659,0.00628516,0.00214957,0.00143672
0.00971665,0.00706181,0.00439025,0.00315007,0.000874312,0.000863939
0.0176052,0.0125179,0.0108267,0.011203,0.00235439,0.00172276
0.00938586,0.00675851,0.00338697,0.00571554,0.0012177,0.00116159
0.0102194,0.00744426,0.00474608,0.00251509,0.00131352,-3.40078e-05
0.0103806,0.00698069,0.00394185,0.00151265,0.000701213,0.000623464
0.0054694,0.00355495,0.00362826,-0.000892346,0.000226459,-0.000549636
0.00540576,0.00322533,0.00374001,-0.000404152,-3.24707e-05,0.000133122
0.00425912,0.00298039,0.00209367,-0.00285027,0.000193879,7.84241e-05
0.00680867,0.00493494,0.00365458,0.00465825,0.000871704,0.000661124
0.0119835,0.00862863,0.00509028,0.00788274,0.00177616,-0.000375571
0.0110882,0.00664779,0.00506447,0.00752038,0.000774524,3.59452e-05
0.00982438,0.00540148,0.00551371,0.00919247,0.000567138,0.00396517
0.0231546,0.0160373,0.0177733,0.0350598,0.0110064,0.0215623
0.0107448,0.00801367,0.00640607,0.00640177,0.00326874,-0.000311109
0.00744829,0.00474897,0.00369423,0.00236206,0.000305192,0.0010261
0.00496309,0.00354457,0.00235712,0.00233217,0.00129296,-0.000942453
0.00536996,0.00354499,0.00292048,0.00121142,-0.000104199,0.000545291
0.0328667,0.0132702,0.0130953,0.0139219,0.00352707,0.00229569
0.01629,0.00907859,0.00521617,0.00605302,0.00191575,0.00104763
0.00938323,0.00649579,0.00380475,0.00345958,0.000256995,-0.000178138
0.0158355,0.0106359,0.00573424,0.0119723,0.00100168,0.000462769
0.0100475,0.00715589,0.00460079,0.0038099,0.000515302,0.00133052
0.00533596,0.00370362,0.0023806,0.00514968,0.00156485,0.000715915
0.0155335,0.0106066,0.00496024,0.00667528,0.000730953,0.000741162
0.0159408,0.0105126,0.00867898,0.0102108,0.00167341,0.00164406
0.0244565,0.016319,0.00907064,0.0116242,0.00180596,0.000913675
0.0102072,0.00695856,0.00512367,0.00428784,0.000349693,0.000605148
0.0215281,0.0116005,0.0215364,0.0190173,0.00387867,0.00402033
0.00594614,0.00408387,0.00248336,0.0026276,0.000348435,-0.000595906
0.0127,0.00867394,0.00398851,0.00700747,0.00164384,-0.000222141
0.042755,0.0234298,0.0189244,0.0259606,0.00732091,0.00239255
0.00706628,0.00336861,0.00447123,0.0124772,0.00452263,0.0102639
0.00733482,0.00330624,0.00459045,0.0133707,0.00481306,0.00969679
0.00856959,0.00589771,0.00318088,0.00106566,0.000382509,-0.000291287
0.0176122,0.00908603,0.00735251,0.0122867,0.00267777,0.0025322
0.028385,0.012372,0.0148831,0.0141014,0.00322854,0.00174029
0.0167162,0.00654469,0.00793593,0.0110929,0.00164474,0.000894876
0.00894447,0.00367327,0.00707113,0.00526039,0.00224655,0.00147601
0.0233153,0.0150438,0.0074377,0.00216858,0.00164363,0.00129385
0.0150576,0.0106693,0.00490758,0.00621032,0.000326285,0.000751644
0.00480002,0.00372251,0.00223847,0.00147073,0.000682363,-0.000444928
0.00492328,0.00379342,0.00244295,0.00855834,0.000794934,0.000169962
0.00602568,0.0041743,0.00168291,0.004566,0.000411112,0.000726557
0.0163651,0.011217,0.00601415,0.00910353,0.00156657,0.00255846
0.00485833,0.00329152,0.00305492,0.00144603,0.000556901,0.000198474
0.0202595,0.0140597,0.00651803,0.00940954,0.00247471,0.000871396
0.0071136,0.00489819,0.00395383,-0.000307377,0.000341873,0.000390685
0.0062188,0.00340505,0.00490377,0.00618957,0.00102072,0.000876123
0.00660922,0.00391924,0.00485197,0.00488253,0.000283601,0.00139248
0.00680789,0.00468965,0.00605584,0.0104714,0.00223666,0.000874538
0.0147933,0.010125,0.0132678,0.0186027,0.00514906,0.00187095
0.0133019,0.00952109,0.00727049,0.011331,0.0026182,0.00521464
0.00553362,0.0040866,0.00269224,0.000297982,0.000700522,0.00117171
0.0126288,0.00872892,0.00394738,-0.000634104,0.000775503,0.000901213
0.0119259,0.00818624,0.00546498,0.00497693,0.00131271,0.00153744
0.0106235,0.00745738,0.00544342,0.00661861,0.000473481,0.000160739
0.00498465,0.00352032,0.00255766,0.00135208,0.000404172,0.000523134
0.012265,0.00765299,0.00959915,0.0100729,0.00136914,-0.000101132
0.0147151,0.00804922,0.0067973,0.00461752,0.00320121,0.00125005
0.00599546,0.00460886,0.00366466,-0.000102499,-2.17947e-05,0.00144281
0.00941705,0.00633181,0.00379198,0.00554006,0.00103405,0.0016667
0.0211998,0.0116842,0.00987254,0.0124024,0.00257645,0.00285852
0.0182912,0.00899697,0.00682234,0.00721913,0.00207983,0.00177613
0.00686712,0.00499142,0.00285551,0.00492783,0.000449213,-8.55957e-05
0.0133705,0.00966711,0.0114017,0.0105112,0.00292282,0.00251146
0.0184357,0.0123634,0.0130601,0.0139776,0.00339715,0.002993
0.00665226,0.00450806,0.00572374,0.00551969,0.00186539,0.00135206
0.0109258,0.00742504,0.00469417,0.00951967,0.00211056,0.00176807
0.0163896,0.0115725,0.00702654,0.020119,0.00521582,0.0105167
0.0113447,0.00463107,0.00548561,0.00550869,0.0010532,0.000127776
0.0101056,0.00717063,0.00299363,0.00589144,0.000522581,0.000433227
0.0195203,0.0116336,0.00939904,0.0109097,0.00255244,0.00156811
0.00790429,0.00396149,0.00411343,0.00218102,0.000438148,-3.85003e-05
0.0202633,0.0124794,0.00934893,0.00696952,0.00172928,0.000441969
0.0130595,0.00640063,0.00572723,0.00470001,0.000616288,6.05305e-05
0.00611383,0.00453259,0.00254165,0.00416177,0.00128009,0.000903413
0.0255477,0.0170165,0.0107332,0.012617,0.00230744,0.0011099
0.0296815,0.0099873,0.016771,0.0185617,0.0047463,0.00438855
0.026178,0.00993872,0.0159165,0.0206421,0.00400792,0.00461599
0.0212706,0.0102697,0.0125738,0.0122786,0.00405673,0.00162082
0.0305221,0.0127459,0.0164911,0.0154597,0.00358722,0.00272622
0.0144104,0.00642282,0.00912644,0.00486958,0.000937116,0.000330402
0.0145735,0.00640551,0.00913515,0.00340991,0.00146306,0.000445225
0.00825825,0.00375605,0.00417216,0.00246721,0.00165404,0.000355149
0.0147544,0.00956925,0.00984043,0.0195646,0.00320045,0.00109075
0.0149636,0.010406,0.0107977,0.0130612,0.00108367,0.00176461
0.0122587,0.00587281,0.00638337,0.00808302,0.00104583,0.000755833
0.0196631,0.0129144,0.0114744,0.0146432,0.0032159,0.0025587
0.00904972,0.00411108,0.00384159,0.00758007,0.000954004,8.1331e-05
0.017134,0.00993678,0.00564386,0.00531701,0.00115479,0.000338195
0.00910355,0.0067275,0.00258089,0.00209927,-0.00072807,-0.000307921
0.00724909,0.00531246,0.00167105,0.00411269,0.00134227,0.00202295
0.0117185,0.00830158,0.00347446,0.00401114,0.00109053,-0.000206885
0.0222979,0.0100327,0.00916241,0.0106612,0.00238317,0.000139143
0.0231684,0.0108351,0.0093813,0.00940156,0.00253529,-0.00018747
0.00606928,0.00455813,0.00576891,0.00484536,0.00047429,-6.06841e-05
0.0574813,0.0277661,0.034146,0.0475242,0.0108986,0.00725332
0.0128297,0.00884234,0.00666815,0.0125746,0.00137918,0.00206313
0.0248997,0.00972427,0.0185794,0.0225612,0.00550488,0.00552379
0.0254051,0.0098166,0.0191106,0.0216438,0.00526446,0.00479101
0.0366397,0.0227977,0.0143092,0.0219338,0.00398575,0.00107321
0.0136639,0.00956749,0.00621509,0.0126319,0.00124511,0.0015458
0.00456291,0.00360611,0.00221629,-0.00188593,0.000936955,0.000370154
0.015271,0.00972157,0.0110797,0.0267727,0.00788593,0.0139785
0.00479537,0.00390495,0.00228137,-0.00146006,0.000165972,-0.000800608
0.00727949,0.00527703,0.00445007,-0.000372193,0.00152593,0.00160909
0.0203394,0.0135406,0.0068712,0.00528967,0.00104722,0.0011656
0.00553362,0.00412643,0.00289258,0.00239334,0.000942619,0.000561577
0.00853975,0.00614639,0.00342612,0.00776493,0.00069336,0.000305186
0.00877276,0.00631921,0.00416177,0.00725785,0.00175379,7.62221e-05
0.00986935,0.00703049,0.00396127,0.00160288,0.0013085,-0.000895875
0.0216951,0.009001,0.00642561,0.0173401,0.00530343,0.00828727
0.0228312,0.00893747,0.00661142,0.0177748,0.00548342,0.00882709
0.0159881,0.00745449,0.00587134,0.0125598,0.00165963,0.00234651
0.0151934,0.00740236,0.00603673,0.00555616,0.00183106,0.00168551
0.015768,0.0105174,0.0105041,0.0111798,0.00209105,0.000637437
0.00826842,0.00391863,0.00901286,0.0102136,0.00209979,0.000665477
0.0118538,0.00521947,0.00669787,0.00461509,0.00119557,0.00238364
0.0133284,0.00522535,0.00766226,0.00701841,0.00128298,0.00154338
0.00936983,0.00680753,0.00890052,0.0168049,0.00583772,0.00696743
0.0127572,0.00890961,0.00526248,0.00745019,0.00115416,7.13024e-05
0.00916515,0.00649089,0.00309381,-0.00113486,-6.49101e-05,0.00114723
0.0191234,0.0125335,0.00760595,0.00790628,0.00149559,0.00102488
0.00832429,0.00322955,0.00343466,-0.000101745,0.000638485,0.000769994
0.00773854,0.00559609,0.00884738,0.0114494,0.00287469,0.00296037
0.0254832,0.0171805,0.0128097,0.0181983,0.00334133,0.00130836
0.00774311,0.00567472,0.00282878,0.00488152,0.00062074,0.000923384
0.00625497,0.00419968,0.00277077,0.00302953,-6.49879e-05,0.000268114
0.00815673,0.00551058,0.00229404,0.000616196,-0.000160509,0.000151656
0.00520771,0.00396916,0.00221425,0.00315077,2.61e-05,-9.84805e-05
0.00602792,0.00431803,0.00202506,0.000480716,0.000505595,0.000130266
0.00844845,0.00610056,0.00276985,-0.00157776,0.00118273,0.00155249
0.00524561,0.00382983,0.00270638,0.00392994,0.00130748,0.00021649
0.00584332,0.00431423,0.0089291,0.00146278,0.00144971,0.0027581
0.00582509,0.00435039,0.00352447,0.00175392,1.45966e-05,0.000521575
0.00560677,0.00408447,0.00265709,0.00347866,0.000121852,0.00128682
0.00590658,0.00422245,0.00250265,-0.00115933,-0.00066237,0.000376653
0.00974094,0.00676219,0.00318249,0.00821711,0.00379839,0.00725935
0.0221984,0.0127961,0.00782205,0.00737716,0.0029599,0.00107541
0.0108709,0.00495522,0.0060172,0.00848145,0.00159941,0.00207575
0.020727,0.00937727,0.0113405,0.0164291,0.00194139,0.00306593
0.0161075,0.00935544,0.00850889,0.0111957,0.00195674,0.00100692
0.0104192,0.00701871,0.00368174,0.00213878,0.00111132,0.000459851
0.0102548,0.00730177,0.00478402,0.00491385,0.000784033,0.000216982
0.0166151,0.0122564,0.00696735,0.00742054,0.00151774,0.000300962
0.00750821,0.00446567,0.0058194,0.00283169,0.000805137,0.00016018
0.00643436,0.00404804,0.00340064,0.00565397,0.000901539,0.000944622
0.0092516,0.00569491,0.00562541,0.0058683,0.000253306,0.000841841
0.00905365,0.00411704,0.00574094,0.0157712,0.00748901,0.0185995
0.0115647,0.00490813,0.00734689,0.0395414,0.0137771,0.0425976
0.0162607,0.00900339,0.00741196,0.00617877,0.000369868,0.000699113
0.0142104,0.00689453,0.00718786,0.00508846,0.00022667,0.000723067
0.00678382,0.00512043,0.00293486,-7.56409e-05,0.000419403,-0.000179918
0.00792297,0.00347144,0.00457408,0.00336686,0.000137019,-0.000116883
0.0153379,0.0103379,0.00555834,0.00705805,0.00226501,0.000571733
0.0151944,0.011043,0.00648411,0.00319407,0.0021187,0.0017889
0.0143435,0.0103411,0.00500293,0.00585747,0.00132858,-8.08357e-05
0.00647149,0.00449404,0.00211431,0.00260113,0.000333297,0.00166657
0.00419164,0.00315258,0.00425711,0.00252083,0.000685158,0.000865474
0.0126534,0.00706469,0.00570551,0.00187555,0.00116094,0.000168537
0.0264502,0.017916,0.0127146,0.0166385,0.00292645,0.00157694
0.0176803,0.0121537,0.00705056,0.00881011,0.00256914,0.00171689
0.00885799,0.00614328,0.0034062,0.00407841,0.00107388,0.000990987
0.0073731,0.00482546,0.00301673,0.000117769,0.000852024,-0.000185856
0.0107543,0.00741147,0.0062024,0.00469705,0.0023193,0.000849298
0.00513186,0.00390451,0.00268966,0.000466546,0.000542556,-0.000481542
0.011317,0.00837884,0.00603079,0.00361109,0.00100832,0.000958589
0.0159801,0.0114916,0.00759281,0.0103819,0.00391624,0.00384946
0.00812539,0.00614927,0.00386519,0.00579589,0.0026839,0.00125965
0.00792969,0.00589182,0.00224621,-0.000810664,0.000794191,-0.000467376
0.0115358,0.00829126,0.0054841,0.00741819,0.000891048,0.000242788
0.0106267,0.00753518,0.00575357,0.0122662,0.00273791,0.00232395
0.00656199,0.00484262,0.00395158,0.00306652,0.000932461,0.000407768
0.0107441,0.00635018,0.00619037,0.00484783,0.00128788,0.00193078
0.00591863,0.00411496,0.00597162,0.00523573,0.000888794,0.000489671
0.0112692,0.00800309,0.0048996,0.0061825,0.000580139,0.000281342
0.00438041,0.00326015,0.00281553,0.000463613,0.000884097,0.000499154
0.00420965,0.00333324,0.00203649,0.00112553,0.000341404,0.00144687
0.01446,0.0104776,0.00548343,0.00301844,0.00120375,0.000731407
0.00675539,0.00485306,0.0035385,0.00632023,0.000392788,0.000390418
0.0044004,0.00304686,0.00210855,0.0043773,0.000325921,0.000281067
0.0159671,0.00710627,0.0129878,0.011181,0.00278227,0.00141182
0.0238955,0.00910353,0.0164745,0.0169385,0.00320953,0.0014002
0.0331539,0.0115628,0.0148155,0.0368787,0.011343,0.0201094
0.03569,0.0115946,0.0160159,0.0414816,0.0112551,0.020938
0.0239057,0.0142608,0.00775618,0.0272054,0.0101905,0.0207228
0.0133254,0.00743586,0.00764022,0.00471877,0.00102376,0.00227072
0.0113026,0.00637755,0.00586728,0.00895599,0.00220654,0.0013266
0.00563727,0.00421233,0.00303712,0.00431452,0.000490205,0.00035576
0.0130337,0.00635536,0.00611454,0.00868836,0.0017443,0.00150986
0.0127838,0.00631083,0.00614221,0.00589918,0.00177798,0.00193318
0.00830197,0.0057997,0.0031268,0.00314276,0.00125772,-6.31264e-05
0.00631048,0.00458497,0.00223226,0.00476402,0.000152914,0.000770976
0.0041829,0.00314901,0.0016228,0.00275476,0.00109056,0.00118255
0.0205691,0.00895632,0.0138857,0.0132672,0.00347275,0.00264512
0.0185952,0.00823888,0.0124034,0.0123231,0.00391468,0.00227663
0.00705533,0.00506123,0.0043951,0.0039036,0.00253091,-0.000676714
0.0102874,0.00728507,0.00423378,0.00371256,0.000928581,0.00115892
0.00395294,0.00326397,0.00389273,0.00122174,0.0013028,0.000542263
0.0115215,0.00719678,0.00533154,0.00556479,0.00051737,3.17308e-05
0.00754266,0.00302741,0.00354181,0.00470915,9.01812e-05,-0.000780795
0.0129644,0.00706019,0.00610844,0.00596502,0.00190572,0.00372127
0.0151086,0.00903,0.00585876,0.00560402,0.00158251,0.00252299
0.00399483,0.00317874,0.00359806,0.000294115,0.000868331,0.00118291
0.0163077,0.00940732,0.00811479,0.0120928,0.00151528,0.000250078
0.00774231,0.00307508,0.00748114,0.00405337,0.00164977,0.000317391
0.00942072,0.00683699,0.00461292,0.00147331,-0.000286821,0.000985363
0.00473853,0.00340116,0.00555101,0.0131936,0.00249768,0.00130915
0.00818697,0.00353168,0.00446145,0.00372642,0.00120822,-2.43427e-05
0.0106061,0.00611397,0.00528346,0.00225134,0.00161358,0.000647093
0.0343181,0.0230282,0.015862,0.0235737,0.00483236,0.00306822
0.00900131,0.00603298,0.016815,0.0227309,0.006099,0.00179309
0.0229116,0.0122783,0.0106684,0.0115597,0.00342682,0.00129122
0.0057797,0.0042392,0.00163744,0.00262565,0.000917307,-0.00058207
0.00968055,0.00713898,0.00422169,0.00185981,0.000781469,-0.000321099
0.00495333,0.00347988,0.00293643,-4.71049e-06,-0.000180381,0.00204305
0.0094923,0.00470221,0.00399205,0.00533105,0.00220117,0.00346687
0.0208759,0.0140463,0.00588639,0.0116309,0.0036248,0.00935787
0.0043558,0.00321677,0.00245169,0.00320338,0.000222599,0.000929544
0.0136273,0.00683618,0.00868275,0.0120639,0.00243303,0.000959177
0.0139091,0.00940074,0.00590697,0.00889038,0.0024204,0.0013055
0.0220229,0.00989,0.00624427,0.0113451,0.00155403,0.000297693
0.00493694,0.00349087,0.00262782,0.00481667,-0.000186515,0.000973389
0.003954,0.00304761,0.00353351,0.00331174,0.000576467,-0.000522117
0.00576127,0.00418396,0.00222155,0.000519041,0.000197166,-0.000161694
0.0563593,0.0307935,0.0649576,0.0826143,0.018961,0.00864097
0.0240924,0.00950552,0.0158002,0.0150868,0.0024799,0.000879437
0.0100248,0.00705898,0.00466756,0.00348148,0.000398292,0.00047817
0.0157888,0.0111837,0.00889238,0.0112125,0.00341691,0.00123306
0.018296,0.011938,0.00881629,0.00657457,0.00218864,0.001366
0.0215008,0.0120274,0.00963091,0.00545326,0.00228895,0.00073664
0.019731,0.0135427,0.00664376,0.0106923,0.00225732,0.00116058
0.0107106,0.00769738,0.00427259,0.0021345,0.000752549,0.000588132
0.0130617,0.00887778,0.00564322,0.00676412,0.00127554,0.000753595
0.011047,0.0080803,0.00400839,0.00415092,0.000296689,0.000457873
0.00486448,0.00364401,0.00482634,0.00573145,0.000667452,0.00013616
0.0154291,0.00880766,0.0142293,0.0184022,0.00308187,0.00210959
0.0055537,0.00406567,0.0035316,0.00508035,0.000839145,0.00140246
0.0111624,0.0077697,0.00375826,0.00579744,0.00107988,-0.000112763
0.0109362,0.00566709,0.00537434,0.00427827,0.000275467,0.000698037
0.0105471,0.00569832,0.00528928,0.00425593,0.000578905,0.000365179
0.0121101,0.00833102,0.00568552,0.00573266,0.00149529,0.00132778
0.0125951,0.00875088,0.00387035,0.00643715,0.00070157,0.0018536
0.0187,0.00758411,0.00875326,0.0107587,0.00262849,0.00102911
0.0191935,0.00763955,0.00877022,0.010883,0.0028119,0.00190451
0.0273209,0.0169157,0.0101535,0.00687081,0.00313186,0.000870089
0.0159639,0.0108982,0.0064106,0.00415162,0.00159211,-0.00032195
0.009326,0.00670712,0.00726171,0.00928168,0.00248757,0.00167725
0.0175932,0.0119294,0.00524194,0.00460851,0.00120442,0.00185493
0.00813199,0.00408156,0.00473152,0.00508254,0.00101718,0.000265234
0.0144696,0.00926904,0.00983249,0.00840351,0.00163113,8.36434e-05
0.0047513,0.00344537,0.00307747,0.00431258,0.000861412,-0.000535426
0.0302018,0.011437,0.0145485,0.0226838,0.00676645,0.00294623
0.0115052,0.00765643,0.00424442,0.0119128,0.00115548,0.000600886
0.00428353,0.00340466,0.00678905,0.00600638,0.00269393,7.3212e-05
0.012516,0.00876489,0.0173054,0.0173698,0.00230621,0.000988411
0.0171059,0.0114514,0.00666014,0.00638137,0.00129657,-0.000325449
0.00697833,0.00516585,0.0046588,0.00363666,0.000152111,0.00133273
0.00559067,0.00401519,0.00312109,0.00252846,0.000960273,0.0013852
0.0184746,0.0107572,0.00715721,0.0132655,0.00183318,0.00214514
0.00891261,0.00617345,0.00757536,0.00814946,0.0010101,0.000158226
0.0376559,0.0143247,0.014713,0.0273453,0.00485056,0.00206278
0.0133586,0.00525769,0.00592911,0.00492973,0.00160296,0.000971343
0.0289251,0.0111012,0.0109279,0.0160402,0.00329721,0.00109137
0.0315081,0.0119537,0.0119357,0.0181943,0.00375925,0.000756228
0.00824696,0.00431793,0.00412521,0.00505258,0.00178121,-0.00090335
0.0126965,0.00900775,0.00501049,0.00246874,0.000788972,2.69452e-05
0.0313218,0.0176307,0.0241526,0.04457,0.0122304,0.0266008
0.0240409,0.0135872,0.0153626,0.0234374,0.00427153,0.0123322
0.0125536,0.00799261,0.00800453,0.00556744,0.00162377,0.00139617
0.00644861,0.00396619,0.00611014,0.00231548,0.000923465,0.0018436
0.0120765,0.00862911,0.00574043,0.00994324,0.00185414,0.00221183
0.0133757,0.00895016,0.00315837,0.00466925,0.00138392,-0.000652839
0.0136864,0.00939813,0.0313923,0.0327726,0.00880961,0.00361739
0.015226,0.0103587,0.00839745,0.0064932,0.00187119,0.000709216
0.00461673,0.00345812,0.0028124,0.00498591,0.000524162,-0.00161548
0.0120077,0.0083097,0.00297807,0.0066893,0.0015815,0.000339985
0.0088496,0.00656867,0.00211122,-0.000165956,0.000135308,7.84168e-05
0.0107473,0.00793238,0.00397113,0.00174461,0.000541767,0.000450924
0.0106973,0.00757944,0.0037413,0.00395229,0.000834227,-0.000334473
0.00722234,0.00339189,0.00511493,0.00564292,0.00106867,0.00214248
0.00787521,0.00357378,0.00525806,0.00525051,0.000407247,0.000701761
0.0115276,0.00756122,0.00385281,0.00738549,0.00265464,0.0011285
0.00833413,0.00429786,0.00377012,0.00177898,0.000369797,0.00203355
0.0109614,0.00803663,0.00432266,0.00469315,0.00104894,0.000342759
0.00585985,0.00439682,0.00227182,0.00162378,0.000255893,0.000737718
0.00735359,0.00417807,0.00313608,0.0024834,0.000614781,0.000675945
0.00635059,0.00338259,0.00311922,0.00271927,0.000274571,0.00129786
0.00553708,0.00382675,0.00336316,0.00352873,0.000297211,7.45741e-05
0.00809984,0.00599572,0.0055387,0.00451217,0.0006545,0.000150837
0.0127108,0.00928641,0.0057912,0.00591174,0.002182,0.00096059
0.00758579,0.0054924,0.0034435,0.00783757,0.000581364,0.000436016
0.0178757,0.00953391,0.0108971,0.014445,0.00260221,0.00285588
0.0382641,0.0142917,0.0198265,0.0258653,0.00515395,0.00242345
0.0521479,0.0196087,0.0209493,0.0268621,0.00585026,0.00311088
0.0147166,0.010395,0.00786838,0.0102057,0.00299716,0.00214503
0.0123383,0.00898117,0.00525494,0.00521428,0.00193148,0.0022252
0.00617313,0.00415014,0.00254488,0.00779795,0.00408413,0.00914724
0.0111185,0.00791767,0.00677681,0.00661717,0.0010479,0.000724678
0.00558729,0.00397027,0.00240922,0.00267893,0.000362726,0.000570137
0.0333019,0.0193967,0.0143571,0.0212338,0.00625891,0.00709101
0.0236744,0.0111473,0.00830727,0.0173441,0.00469143,0.0125627
0.0175287,0.0120169,0.00591295,0.0116237,0.00207932,0.0021572
0.0124767,0.00882845,0.00556348,0.0049259,0.000206493,0.000485415
0.00530422,0.00301988,0.0019873,0.00530549,0.000893475,0.000672004
0.00946282,0.00654168,0.00644399,0.00637311,0.00207412,0.00174351
0.00518507,0.00364713,0.00305212,0.00330137,0.00126794,0.00139161
0.00625383,0.00425135,0.00775887,0.00526857,0.0010084,0.00161974
0.0136226,0.00746599,0.00621436,0.0280855,0.00964591,0.0247712
0.00438057,0.00324091,0.00239942,0.00460853,0.000415699,-0.000705732
0.0188935,0.0111016,0.00911716,0.00948728,0.00165132,0.00038722
0.0190401,0.00837318,0.0104796,0.0086753,0.00183098,0.000744882
0.016612,0.00650783,0.00815585,0.0051602,0.00119528,0.000385636
0.0150939,0.0101252,0.00555577,0.00497387,0.00187455,0.000829127
0.0078838,0.00568515,0.00332135,0.000853905,0.000166785,0.00221306
0.0110285,0.00772894,0.00713133,0.00761798,0.00188339,0.000108388
0.0292513,0.0187786,0.0161994,0.0243756,0.00646621,0.0042641
0.0147761,0.0104286,0.00761919,0.00629334,0.00160584,0.00190158
0.00414098,0.00332241,0.00256981,-0.00220039,0.000772312,-0.000313094
0.0262448,0.0112504,0.0148455,0.0121931,0.00179103,0.00093723
0.0252199,0.00998168,0.0152481,0.0115898,0.00130325,0.000487999
0.0113414,0.00562937,0.00589219,0.00796294,0.000787519,-0.00068765
0.00499685,0.00387214,0.00397041,0.00561803,0.00126254,0.000435133
0.0181579,0.0126892,0.00738699,0.0101234,0.00161645,0.000995292
0.0140587,0.00979643,0.0046932,0.00873945,0.00149545,0.00181773
0.0190703,0.00753879,0.00926753,0.0105004,0.00217484,0.00179449
0.0187566,0.0074302,0.00910013,0.00893934,0.00121006,0.00179418
0.0115115,0.00655228,0.00750071,0.0032637,0.00234177,0.00119419
0.0109298,0.0064865,0.00726545,0.00305722,0.00199342,0.000301577
0.00861821,0.00587058,0.00358339,0.00169881,0.00137917,-0.000184394
0.00409031,0.00296033,0.00235548,0.00553953,0.000162803,0.000825532
0.00923851,0.00643449,0.0070857,0.00348542,0.000396811,-0.000221359
0.0116303,0.00830703,0.00419033,0.00581984,0.00112405,0.00174218
0.0136743,0.00967035,0.00542689,0.012213,0.00156978,-0.000123237
0.00471771,0.0031776,0.00238524,0.00320248,0.00129194,0.00129291
0.0106795,0.00749476,0.00479463,0.00250882,0.00111914,-0.000270048
0.00956777,0.00425052,0.00399551,0.0040845,0.00179958,0.00287272
0.0197855,0.00834013,0.00733473,0.0117983,0.00166117,0.00230001
0.0192663,0.0084284,0.00731758,0.0112816,0.00169799,0.00156126
0.0134844,0.00934628,0.00835462,0.0114685,0.00216425,0.000507673
0.00463782,0.00301567,0.00290101,0.00613865,-2.94353e-06,0.000106701
0.0528989,0.0220288,0.0207269,0.0220934,0.00428433,0.00282047
0.0626851,0.0220268,0.0258818,0.0243062,0.00395106,0.0019377
0.00517327,0.00364706,0.00273889,-0.000206934,0.000539686,-6.16179e-05
0.0187206,0.0121659,0.0105402,0.02417,0.00763892,0.0147928
0.0165915,0.0113888,0.00661643,0.00699285,0.00232298,4.81097e-05
0.00842403,0.0059027,0.00887292,0.0133029,0.00211376,0.00166767
0.00565309,0.00403682,0.00210468,0.00197721,0.000641179,0.000703826
0.0105436,0.004113,0.00546462,0.00519066,0.00134405,0.00286773
0.0268019,0.0121007,0.0140516,0.0144299,0.00322602,0.00404985
0.00728652,0.00495831,0.00320495,0.00283039,0.00079774,0.000202402
0.0107677,0.00603791,0.00490374,0.00594741,0.000763072,0.00110868
0.0187057,0.0111999,0.00813598,0.00594332,0.00105647,0.00129814
0.0153671,0.0105423,0.00526258,0.00432111,0.00110719,0.000858023
0.00419699,0.00292285,0.00258376,0.00289297,0.000954942,0.00127742
0.0402047,0.0192757,0.0214669,0.0242347,0.00506041,0.00356378
0.0042221,0.00313631,0.00105496,0.00295174,0.000984305,0.00175857
0.00979811,0.00657823,0.00438471,0.00885156,0.00104991,0.00126445
0.00691487,0.0049166,0.00366766,0.00544124,0.000621241,7.26515e-05
0.00938823,0.00608671,0.00484605,0.00579392,0.00173189,0.000466365
0.00508167,0.00345896,0.00265744,0.00621395,0.000813906,0.000716961
0.0126206,0.0078919,0.00620747,0.00863371,0.00144296,0.00188744
0.00756687,0.00516225,0.00570174,0.0103123,0.00106705,0.00242528
0.00649468,0.00447138,0.00386047,0.00640402,0.00208965,0.00666486
0.00507994,0.00329876,0.00221972,0.00186472,0.00112062,0.000168666
0.00685037,0.00424562,0.00474665,0.0052033,0.00111796,-6.29348e-05
0.0079832,0.00449788,0.00481142,0.00552536,0.000704137,6.07133e-05
0.00732163,0.00522033,0.00363663,0.00420456,-2.64158e-05,-0.000578685
0.00714192,0.00478746,0.00322126,0.000578348,0.00071127,0.00147422
0.0119945,0.00843117,0.00478676,0.00591211,0.000268907,0.000749208
0.0051887,0.00356779,0.00253736,0.00071231,0.00020778,9.50936e-05
0.00504206,0.00367453,0.00255276,-0.00061204,0.000657116,3.78197e-05
0.00811018,0.00486138,0.00359139,0.00346654,0.00138869,0.00154097
0.0141078,0.00905282,0.00521023,0.00921143,0.00467852,0.00947911
0.0224462,0.0118836,0.0075541,0.0263997,0.010045,0.0150296
0.0171536,0.0120667,0.00993092,0.0101781,0.00263028,0.00169238
0.021406,0.00985586,0.0111605,0.00879725,0.00238089,0.000872261
0.02103,0.00991386,0.0111666,0.00837666,0.0015783,0.00141947
0.0097712,0.00673471,0.00413034,0.00715582,0.00143544,0.00125736
0.0150875,0.0104673,0.00762682,0.00756043,0.00229128,0.0009582
0.011247,0.00768303,0.00378288,0.00657718,0.000894831,-0.000469929
0.00815806,0.00550002,0.00480274,0.00578017,0.000314352,0.0020275
0.0105312,0.00777285,0.00509979,0.0130464,0.00228086,0.000423157
0.0114513,0.00771837,0.00377481,0.00580804,0.00096364,0.000393625
0.0127519,0.00861061,0.00328575,0.00660424,3.46111e-05,0.00168623
0.00588641,0.0035581,0.00132794,0.0042111,0.000157331,0.000328005
0.0171256,0.00914316,0.00806426,0.0153936,0.00528268,0.00641743
0.0145765,0.00618492,0.00606219,0.0184974,0.00618652,0.0134838
0.00991515,0.00664626,0.00400401,0.00308445,0.000434817,0.00219152
0.01079,0.00754395,0.00243708,0.00235776,0.00195415,0.000394927
0.0242843,0.0157391,0.00965055,0.0106386,0.00374097,0.00226071
0.0137469,0.00775435,0.0040024,0.0052096,0.00311074,0.00190936
0.0183871,0.0128499,0.0054421,0.00537659,0.00155938,0.00184451
0.0171506,0.0116118,0.013555,0.0135128,0.0041408,0.00373031
0.00637059,0.00468422,0.00250701,0.000463636,0.00108948,0.000103184
0.0160274,0.0102462,0.00923437,0.00780136,0.00129507,-0.000225353
0.0143024,0.0102604,0.00516144,0.00397473,0.00184375,0.00135206
0.0123413,0.00868699,0.00623088,0.00529414,0.00117817,0.00189463
0.00406653,0.00314377,0.00126878,0.0059156,0.000776237,-0.000344765
0.0138384,0.00887127,0.00521745,0.00456069,0.00100349,0.000180363
0.0121739,0.00523297,0.00689753,0.00926426,0.00262455,3.29561e-05
0.0074069,0.00477962,0.00322775,0.00383126,0.00134111,-0.000142643
0.0254185,0.0152684,0.0105459,0.0085613,0.00171787,0.00282138
0.0183086,0.0100675,0.00722453,0.00640042,0.00106559,0.001307
0.0195354,0.0109857,0.00900603,0.00949014,0.00207435,0.00136421
0.0122295,0.00828717,0.00578511,0.0124231,0.00164739,0.000433212
0.0158548,0.00944216,0.0134878,0.00967655,0.00161496,0.000994679
0.00602082,0.00335294,0.00361849,0.00858831,0.00060182,0.00131647
0.00946614,0.00501838,0.00431123,0.00346925,0.00131468,0.000192918
0.0163499,0.010173,0.0064677,0.00321879,0.000955162,0.000518936
0.00601281,0.00440201,0.00254707,0.00426506,0.00177273,0.00138364
0.0230068,0.0155874,0.00915894,0.00948276,0.00286293,0.00236935
0.00739692,0.00387054,0.00457448,0.00604777,0.000364547,0.00121877
0.00861636,0.00529127,0.00666162,0.000912072,0.00057117,-8.72142e-05
0.00553823,0.00412849,0.00211288,-0.00255044,0.000776043,0.000590326
0.00808344,0.00582161,0.00447757,0.00407323,0.000656742,8.633e-05
0.0218909,0.0107789,0.0143941,0.0194886,0.00497403,0.00122162
0.0219023,0.0130515,0.0116871,0.0137513,0.00320243,-2.63872e-05
0.00842447,0.00574398,0.00349104,0.00194101,0.000266486,0.000896417
0.0121309,0.00839844,0.00501166,0.00421939,0.000346719,5.09602e-06
0.019546,0.0132255,0.0072028,0.0102376,0.00123296,-0.00164236
0.00898259,0.00652665,0.00319844,0.00340057,0.000114465,0.000315442
0.0118262,0.00853434,0.00619077,0.00739185,0.000973207,0.00058113
0.0209448,0.0114829,0.00940087,0.0177439,0.00313889,0.00123735
0.0105244,0.00669035,0.00340942,0.00566676,0.00132204,7.5553e-05
0.00991917,0.007033,0.00283396,0.00842875,0.00157739,0.000871884
0.00755936,0.00401316,0.00651583,0.00410378,0.000654676,0.000396315
0.00661394,0.00371379,0.00565848,0.00472779,0.000264324,0.000340223
0.00672304,0.00504516,0.00678079,0.00596972,0.000895997,0.000809337
0.00838631,0.00593296,0.00870961,0.015741,0.00224203,0.000493391
0.0107712,0.00749092,0.00367234,0.00344215,0.000768092,0.00133052
0.00855696,0.00587841,0.00382715,0.00491556,0.00192507,0.00106911
0.0148365,0.00617768,0.00638151,0.00810452,0.0025631,0.000683302
0.0222673,0.00713538,0.010064,0.00988748,0.00291731,0.00118337
0.0174413,0.0085436,0.00898556,0.00776915,0.00194679,0.00028208
0.0140482,0.00968135,0.00305858,0.00672821,0.00181866,-0.000419389
0.00582861,0.00381344,0.00501879,0.00194739,0.000603124,-0.000449334
0.00679445,0.00357892,0.00464894,0.00528534,0.00181231,0.000503919
0.0111624,0.00746547,0.00834453,0.0104205,0.00175527,0.00110684
0.0160401,0.00926288,0.00644558,0.00742195,0.00104271,0.00147174
0.00570975,0.00369246,0.00269152,0.00140534,-0.000251496,0.000997204
0.0116695,0.0079528,0.00329801,0.00542896,0.00195763,0.000613147
0.0105357,0.00696644,0.00379532,0.00369777,0.00162612,-2.2136e-06
0.0129504,0.00876775,0.00452235,0.00565361,0.000791421,0.000937603
0.00792814,0.00478768,0.00333049,0.0174189,0.00497404,0.0114395
0.0105046,0.00676904,0.00268057,0.00474262,0.00126176,-0.00108155
0.0127335,0.00778717,0.00543927,0.00372875,0.00151755,-0.000262654
0.0201822,0.0138563,0.00773273,0.0123854,0.00181255,0.000631771
0.0106336,0.00761485,0.00402018,0.0014391,0.000497437,0.00111709
0.0274601,0.0121158,0.0161308,0.0240403,0.00594762,0.00413109
0.0286048,0.0120293,0.0157658,0.0205414,0.00482112,0.00270874
0.00963839,0.00673527,0.00635882,0.00729677,0.000466788,0.00142782
0.0137557,0.00728671,0.00546187,0.00926759,0.00262349,-0.000205814
0.00985588,0.00362766,0.00417574,0.00570157,0.00154169,9.80367e-05
0.00479167,0.00326293,0.00217162,0.00294672,0.000682351,0.000892326
0.0117967,0.00846667,0.00605925,0.00438925,0.00111125,0.00169788
0.020519,0.0142107,0.00998627,0.0121099,0.00418399,0.0016525
0.0111675,0.00787253,0.00323234,0.00676532,0.00147255,0.00157854
0.0136543,0.00919431,0.00612944,0.00965021,0.0014105,0.000356461
0.00969353,0.00652812,0.00433424,0.0074134,0.00114497,0.000621024
0.007897,0.00526391,0.00400316,0.00843699,0.00130934,0.000512373
0.00615525,0.00351043,0.00266916,0.00692714,0.000251241,0.000434779
0.0098067,0.00451644,0.00951432,0.0157109,0.0030335,0.00679258
0.0106265,0.00467885,0.00896898,0.0154019,0.00302174,0.00635655
0.0157993,0.0109101,0.00757366,0.0110971,0.00145741,0.000760524
0.00815491,0.00603997,0.00719417,0.00580733,0.00182313,-0.000561732
0.00503777,0.0037973,0.00259008,0.00437823,0.000763613,0.00109959
0.00929444,0.00629684,0.00294971,0.0075729,0.000557226,-0.000576134
0.0161816,0.0104323,0.00843314,0.00855783,0.00242312,0.000971265
0.0111699,0.00747901,0.00512219,0.00528261,0.00326759,0.000229151
0.0130332,0.00811123,0.00641328,0.00409561,0.00190247,0.000382564
0.0165525,0.00726083,0.00755483,0.010708,0.00262882,0.000365773
0.0229952,0.0115586,0.00866342,0.00795043,0.00276346,0.000231127
0.0146159,0.010086,0.00689774,0.00351934,0.00105948,-7.86536e-05
0.00793884,0.00584917,0.00221345,0.00303795,-5.81796e-06,0.000546535
0.0319845,0.0138903,0.00954164,0.0220453,0.00331199,0.000367814
0.0160169,0.0100356,0.00458525,0.00783256,0.00146083,0.000701926
0.0205513,0.0119161,0.00924785,0.00987323,0.00240295,0.000530107
0.023487,0.0119684,0.00967931,0.0123056,0.00241566,0.000696118
0.0161202,0.00726479,0.00808131,0.007977,0.00196884,0.001061
0.0174293,0.0118042,0.0083367,0.0149081,0.00389802,0.00154114
0.00768149,0.00565443,0.00262705,0.00345719,0.000725306,-0.000393306
0.0180715,0.0132163,0.00652253,0.00854148,0.00294623,0.000572335
0.0268161,0.0174958,0.00863358,0.00949838,0.00288947,-6.67256e-05
0.00887729,0.00668809,0.00308828,0.00567298,0.00145495,0.00132414
0.01696,0.010696,0.00798452,0.00607663,0.000737997,0.00114904
0.00528686,0.00377693,0.00225736,0.00129634,-6.78673e-05,-0.0005355
0.00460825,0.00358036,0.00249189,-9.93168e-05,0.00140101,0.000511795
0.00710117,0.00510751,0.00401155,0.00364712,0.000423348,0.000359303
0.0306332,0.0183701,0.018337,0.0135258,0.00298795,0.0013482
0.010057,0.00685048,0.00452503,0.00135257,0.00113465,0.00157815
0.00888821,0.00626571,0.00554557,0.0170708,0.00545752,0.0123613
0.0190712,0.0124256,0.00697513,0.00913744,0.00239786,0.000138195
0.024093,0.010451,0.00735737,0.00867401,0.002133,0.00114309
0.0223238,0.00858355,0.00547514,0.00831868,0.00244602,0.00100541
0.0250264,0.0127924,0.00613566,0.0047944,0.00164436,0.000126415
0.00587814,0.00419423,0.00218147,0.00202866,0.000630906,-0.000224053
0.0054091,0.00363181,0.00295558,0.00322941,0.000505402,0.000689547
0.0166198,0.00904852,0.00659545,0.00959517,0.00109551,0.00142206
0.00763953,0.00561723,0.00290607,0.00185107,0.00120307,0.000119747
0.00727635,0.00491284,0.00211886,0.00397068,0.00197642,-0.000248909
0.00504015,0.00384791,0.00357207,0.00207747,-0.000240135,0.00112075
0.018219,0.00801271,0.00885124,0.0111121,0.00167563,0.00242791
0.0196088,0.00805516,0.00948234,0.0118005,0.00179714,0.00177098
0.0122205,0.00623655,0.00573516,0.0041849,0.000394034,0.00125106
0.0126052,0.00632252,0.00596768,0.00601486,-0.000185317,0.000754965
0.0113039,0.00702758,0.00562868,0.00861357,0.000381568,0.00105767
0.0115548,0.00711772,0.00539858,0.00754952,0.00144665,0.000798931
0.0179064,0.0131504,0.00727304,0.0179156,0.00270736,0.0055083
0.0199719,0.0124928,0.00987165,0.0184385,0.00460748,0.00207812
0.00641675,0.00441117,0.0035113,0.00229412,0.000708062,0.000165632
0.00663237,0.00461724,0.00317883,0.00551422,0.00125783,0.000403148
0.0255282,0.0154055,0.0100122,0.0105827,0.00284904,0.000637354
0.0247857,0.0132538,0.00967348,0.010417,0.00186351,0.00226947
0.00967746,0.00681187,0.00305088,0.00210903,0.000632961,0.000384859
0.0121366,0.00495295,0.0058124,0.00380585,0.0017614,0.000613513
0.0130723,0.00534383,0.00624314,0.00295606,0.00102663,0.000808213
0.0134603,0.0095903,0.00786509,0.00184857,0.00208486,0.00202245
0.00657583,0.00495203,0.00447873,0.00334608,0.00175304,-0.000156331
0.00497296,0.00385585,0.00294905,0.00203504,0.00066817,-1.15435e-05
0.00945001,0.00502129,0.00466308,0.00646823,0.000813138,-0.000743212
0.0130225,0.00829849,0.00525541,0.00804698,0.000538226,-0.00078594
0.00506089,0.00358409,0.00249404,0.00315247,0.000160714,0.000592133
0.00862553,0.00641234,0.00305295,0.0154104,0.00540464,0.0137807
0.0233869,0.0107476,0.0110907,0.0194852,0.00388766,0.0025407
0.0141109,0.00960737,0.00429539,0.010495,0.00102229,0.00216822
0.00568018,0.0042582,0.00315422,0.00311358,-0.000137475,0.000586747
0.00556123,0.00443491,0.00485895,0.0021647,0.000822545,0.000445724
0.00638497,0.00466187,0.00278358,-0.000556399,0.000885381,0.00146064
0.00666725,0.00493457,0.00263351,0.0044667,0.000582157,-0.000844195
0.00535598,0.00409888,0.00360544,0.00663575,-0.000590793,0.000205119
0.00876019,0.0063829,0.00343508,0.000350233,0.00131787,0.00139026
0.014529,0.00996986,0.00611078,0.00295704,0.00103799,0.00146811
0.0118772,0.00795754,0.00591054,0.00345136,0.000332638,0.000704409
0.00584834,0.00410759,0.0036349,0.00521597,0.000837724,0.00165731
0.0117676,0.00833256,0.00330716,0.0017583,0.00079008,0.00208929
0.0145404,0.00973148,0.0115138,0.0130174,0.00432979,0.00284717
0.0385795,0.0159258,0.0206169,0.0352146,0.00788875,0.00374529
0.011496,0.00756148,0.00441903,0.00614619,-0.000304936,-0.00141789
0.00633996,0.00345906,0.00259139,-0.00137005,0.000493135,-9.01654e-05
0.0190654,0.010293,0.00944415,0.0242233,0.00619991,0.0125633
0.0159824,0.0100778,0.00910757,0.0095441,0.00197702,0.00221545
0.0195091,0.0112364,0.0103689,0.0102849,0.00225548,0.00205554
0.00513253,0.00386797,0.00429307,0.00595812,0.00141045,0.000945165
0.0100395,0.00662674,0.00675569,0.00428471,0.0006071,0.000181432
0.00632965,0.004713,0.00321296,0.00439235,0.00127899,4.89334e-05
0.0120116,0.00816258,0.00623927,0.00501506,0.00105952,0.000433951
0.00496036,0.00370775,0.00270466,0.00329822,0.00102575,0.0001818
0.017742,0.0122018,0.00947153,0.00634171,0.00170033,-0.000984685
0.0252548,0.0163039,0.00997421,0.0131657,0.00195469,0.00150047
0.014542,0.00720248,0.0107729,0.0127108,0.00332837,0.00160842
0.0127946,0.00829679,0.00698844,0.00813602,0.00145858,0.000453432
0.0132973,0.00615082,0.00589805,0.0023087,0.00200744,-0.000836869
0.0119166,0.00628287,0.00524537,0.00210704,0.00180956,-0.000544395
0.00432828,0.00350344,0.00238334,0.0059129,0.000916777,0.00158056
0.00815868,0.00622022,0.00336109,0.00426485,0.000681427,0.00119291
0.00579036,0.00316298,0.00315155,0.00132392,0.000532797,0.000241505
0.0102089,0.00754922,0.00899655,0.00647257,0.00195176,0.000158531
0.00475888,0.00346382,0.00297894,0.00506987,0.000324856,0.000887494
0.0102093,0.00691449,0.00274923,0.00271506,0.00136101,0.00102205
0.0167666,0.0114259,0.00482979,0.0126597,0.00165683,0.00134176
0.0164921,0.0109913,0.00719835,0.00998355,0.00358308,0.00246685
0.00745235,0.00524927,0.00414923,0.00356613,0.00101102,0.000117716
0.00428262,0.00305392,0.00376643,0.0018597,0.000505918,0.00220575
0.0149868,0.00815149,0.00691188,0.00291214,0.000817828,0.000883431
0.0213289,0.0145638,0.00874177,0.0162375,0.00198975,0.00192088
0.00929872,0.00662739,0.00445574,0.00463676,0.00100455,0.000604905
0.00424843,0.00321938,0.00250811,0.000110268,0.000245577,-0.000147749
0.00802277,0.00584725,0.0039869,0.00365773,0.000473792,-0.000174927
0.00679793,0.00503793,0.00475747,0.00969085,0.00174722,-0.000773254
0.0215109,0.0131228,0.00936995,0.014419,0.00208543,-0.000406235
0.023319,0.0161077,0.0406113,0.0425364,0.00973777,0.00233168
0.0111345,0.00791916,0.00821555,0.00915496,0.00111315,0.00130434
0.00516049,0.00351258,0.00146321,0.000240681,-0.00037008,0.000808915
0.0106709,0.00755949,0.00440148,0.0277782,0.00779829,0.0197747
0.00870097,0.00617698,0.00437303,0.0160214,0.00675611,0.0132169
0.0130452,0.00927311,0.00833962,0.00466304,0.00068453,0.000361096
0.0061669,0.00441487,0.00297681,0.00394522,0.000505851,0.000161613
0.0129888,0.0074485,0.00509437,0.00803662,0.000819725,-0.00125642
0.0152306,0.0108886,0.00678971,0.00894296,0.00190724,0.00234329
0.00658717,0.00454164,0.00293299,0.00356693,0.000782811,-5.77291e-05
0.0187375,0.0124225,0.0090161,0.00739537,0.00339464,0.00139074
0.0105345,0.00670922,0.00618208,0.00814871,0.000858165,0.000223754
0.019653,0.00848366,0.0091069,0.0121871,0.00149359,0.00143678
0.0193471,0.00853138,0.00877146,0.0123971,0.00147168,-0.00019764
0.020128,0.00826052,0.00610807,0.00710643,0.0017635,0.000545388
0.0211197,0.00835807,0.00653332,0.00933503,0.00111662,0.000451496
0.00981623,0.00727896,0.00322773,0.00558491,0.00136408,0.000188966
0.00476983,0.00370079,0.00246338,0.00247535,-0.000379191,0.000623307
0.0133132,0.00930712,0.00406821,0.0081633,0.00211849,0.00129267
0.00790808,0.00549081,0.00383312,0.00487605,0.00195905,0.00220994
0.0100298,0.00754307,0.0033396,0.00581244,0.00120007,0.000406392
0.00591365,0.00454983,0.00186284,0.00396896,-4.1365e-05,0.00172769
0.0106583,0.00713801,0.00479466,0.00345787,0.000177666,-0.000381212
0.0177027,0.0114031,0.0269212,0.0233415,0.00569133,0.00312554
0.0119363,0.00559027,0.00642504,0.00451482,0.000694833,2.37067e-05
0.0230009,0.0160895,0.010965,0.010757,0.00365846,0.00216409
0.005723,0.00411141,0.00443039,0.00180614,0.00145108,0.00116727
0.0046591,0.00352545,0.00293263,0.00798154,0.000716217,0.000863394
0.0305501,0.0169386,0.0271171,0.0409409,0.0112361,0.0143559
0.0184133,0.00760712,0.00822573,0.0106284,0.00213221,0.00158689
0.0204112,0.0128754,0.010769,0.0132545,0.00325084,0.00228182
0.0160079,0.0110531,0.0125548,0.00513071,0.00191164,0.00214366
0.0141264,0.00887093,0.00559512,0.0109303,0.00153941,-0.000228419
0.0102467,0.00414548,0.00471373,0.0142372,0.00293405,0.000305027
0.0110076,0.00557031,0.00479308,0.0101358,0.00253175,-0.000744155
0.0110955,0.00454905,0.00644107,0.00640877,0.00130575,-0.000416959
0.0125874,0.00559078,0.00678573,0.00626253,0.000404829,-0.00121737
0.00773834,0.00566913,0.00297589,0.00311776,0.00102465,-0.000201668
0.0177988,0.010345,0.00671305,0.00561756,0.00243275,2.11418e-05
0.0220637,0.00808182,0.00894769,0.00792184,0.00209785,0.000990754
0.0311799,0.016619,0.0157371,0.0178444,0.00602286,0.00134122
0.0250445,0.0103733,0.00968985,0.0130033,0.00348343,0.00169605
0.0260257,0.0101782,0.0103137,0.0115672,0.00232987,0.00161137
0.00811382,0.00579875,0.00527162,-0.000544227,0.000203642,0.000457165
0.00977251,0.00724039,0.00472144,0.00236003,0.00128296,0.00213346
0.0121986,0.00833878,0.00403204,0.00582987,0.00180131,0.00217421
0.00452184,0.00345497,0.0049214,0.00627725,0.00132922,0.000337925
0.0145647,0.00805215,0.00928101,0.00519771,0.000413268,0.000941497
0.014406,0.00757301,0.00668972,0.00807707,0.00295555,0.00326791
0.0121944,0.00671204,0.00776806,0.00979342,0.00299194,0.00291429
0.0111218,0.00657049,0.00543626,0.0010821,0.000540663,-9.33281e-05
0.00550297,0.00369628,0.00255394,-0.00049843,-0.000271628,0.000551762
0.0180585,0.0124455,0.00631632,0.00703138,0.00182988,0.000582501
0.0359486,0.0233856,0.0171156,0.0237901,0.00329006,0.00197809
0.00604633,0.00446555,0.00390819,3.52157e-05,0.00041068,0.00113105
0.00534804,0.00330902,0.0025006,0.000868169,0.000171922,-0.000664902
0.0142239,0.0090009,0.00612071,0.00533085,0.000748736,0.000228426
0.00510061,0.00366568,0.00270736,-0.00193972,8.79838e-05,0.00101405
0.0141686,0.00998057,0.0050543,0.00759974,0.000379752,-0.000581654
0.00876937,0.00613204,0.00450654,0.00278757,0.000884924,0.000384253
0.0218005,0.00869392,0.0106867,0.0119615,0.00277282,6.86542e-05
0.0233431,0.00982298,0.0115179,0.0148413,0.00243839,0.00107636
0.0156548,0.0105889,0.0100432,0.0103748,0.00124672,0.00262057
0.00405641,0.00302512,0.00247999,0.00372779,0.000677428,0.000223322
0.0134602,0.00931889,0.00422209,0.00725115,0.00131256,0.00136302
0.0111054,0.00736009,0.00430373,0.00309396,0.00205303,0.00160806
0.00873727,0.00630162,0.00345786,0.00155151,0.00116674,-0.00115298
0.0161097,0.0111339,0.00483807,0.00568704,0.00127671,0.000362193
0.00598225,0.00454245,0.00205791,0.00449006,0.000700176,0.000620303
0.00724983,0.00331088,0.00400274,0.00808775,0.00159033,0.000641638
0.0121409,0.00747244,0.00563233,0.0106414,0.00260726,-0.00133318
0.0104119,0.00759105,0.00719679,0.00609848,0.00139615,0.00227081
0.0250302,0.0179742,0.00826323,0.011923,0.00332426,0.000557625
0.00876414,0.00638619,0.00452657,0.00227112,0.000273912,0.000707862
0.00888085,0.00642337,0.00279245,0.00671862,0.00111247,0.00124018
0.00851724,0.0034845,0.00433056,0.00203923,0.00227599,-0.000282711
0.00732554,0.00330716,0.0035464,-0.000314105,0.00169777,0.000170751
0.00856628,0.00645984,0.00437428,0.00206331,0.000658059,0.00098819
0.0111955,0.00759264,0.00214995,0.00433176,-0.000196415,0.00159918
0.00429745,0.00309526,0.00230599,0.00107928,-0.000235341,0.00013067
0.0139744,0.00834381,0.0063258,0.00540899,0.00184991,-0.000125213
0.0173227,0.0091547,0.00729837,0.00733681,0.00255418,0.00069607
0.00624826,0.00375416,0.00398019,0.00119813,8.51011e-05,0.000312985
0.0226685,0.0109916,0.0114614,0.0097925,0.00312906,0.00274591
0.0205163,0.00891966,0.0101225,0.00860734,0.00153027,0.00202183
0.00857482,0.00632111,0.00386328,0.00245554,0.00171778,-2.79418e-05
0.0100452,0.00611946,0.00347384,0.00397564,-0.000205005,-9.91851e-05
0.016054,0.010055,0.00799662,0.0101517,0.00237569,0.000250237
0.00510774,0.00332084,0.00259208,0.00246479,0.000409052,0.0014194
0.00556689,0.00401812,0.00287473,0.00175318,0.000214893,0.00114984
0.00991518,0.00689262,0.00529792,0.001716,0.000334483,0.00059287
0.00462759,0.00361907,0.00214296,0.00222581,-0.000103547,8.01503e-05
0.0136443,0.00638204,0.00840183,0.00535688,0.00152029,0.00155357
0.0096663,0.00683097,0.00453147,0.00175348,0.00114119,-0.000120641
0.0115528,0.0082477,0.00588381,0.0117373,0.00235329,0.000829753
0.0067087,0.00475756,0.00363249,-0.000525323,0.000139006,-4.99166e-05
0.00487113,0.00384535,0.00324836,0.00140112,0.00191761,0.0012331
0.0159244,0.0113671,0.0057721,0.00403367,0.000528069,0.000657676
0.00795796,0.00569533,0.00420884,0.00267594,0.000503302,-0.000260424
0.00873373,0.00583908,0.00521639,0.00487904,0.00153982,0.00081874
0.00601573,0.00436727,0.00305572,0.00153776,0.00102323,-0.00113697
0.0113103,0.00802149,0.00366106,0.00345311,-1.88018e-05,0.000110762
0.00806905,0.00551951,0.00476375,0.010665,-1.21613e-06,8.86463e-05
0.0132783,0.00893953,0.00816831,0.00569973,0.00169086,0.0010696
0.022448,0.0153904,0.0090452,0.0116984,0.00322447,0.000709474
0.0150456,0.0108676,0.00499907,0.00391606,0.00123524,0.00114784
0.0112105,0.00794445,0.0069166,0.00161005,0.00145124,0.000967079
0.0246084,0.0155635,0.0101902,0.0168227,0.00630817,0.00601305
0.00894702,0.00630243,0.013602,0.0150977,0.00367456,0.00241494
0.0133168,0.00961681,0.00492076,0.00576241,0.00139137,-0.000716903
0.0105192,0.00727176,0.00313738,0.00388887,-0.00108104,0.000758837
0.00732615,0.00425068,0.00328545,0.00134506,-0.000954954,0.000807935
0.00613866,0.00451869,0.00245724,0.00108458,0.00156349,0.00155596
0.0069336,0.00483637,0.00162403,0.000735276,0.000494216,0.00102778
0.00888753,0.00568292,0.00349583,0.00110605,0.000101489,0.00177481
0.00719062,0.00444098,0.00313705,0.000309496,0.000161232,0.00102829
0.0106379,0.00697234,0.00581728,0.00347427,0.000923667,-0.000114889
0.0179722,0.0122991,0.00719418,0.00149616,0.00193321,0.000302226
0.010932,0.00747405,0.00658808,0.0031417,0.000543779,0.00166974
0.0124398,0.00799562,0.00496362,0.00710289,0.00161694,-0.000234413
0.0093221,0.00671724,0.00469441,0.00400858,0.000883755,-0.000212821
0.0255532,0.0173643,0.0133331,0.00928989,0.00328917,0.00103749
0.00866582,0.00628928,0.00382135,0.00516642,0.000139975,-0.000865658
0.00763926,0.005496,0.00345856,0.00115788,0.000689923,1.55101e-05
0.00587512,0.00418683,0.00285543,0.00792836,0.001181,-4.80563e-05
0.0153896,0.00819558,0.00622924,0.0055885,0.000936482,4.97097e-06
0.00665183,0.004797,0.00321418,0.00192412,0.000735585,0.000407261
0.00588052,0.00401165,0.00459401,0.00501863,0.000784795,4.1476e-05
0.0116451,0.00783649,0.00488316,0.00658115,0.00101504,0.000819492
0.0115947,0.00781873,0.00600556,0.00416781,0.00147607,0.000283773
0.0062522,0.00434724,0.00323099,0.00159048,0.00166129,-0.000570269
0.0116103,0.00810754,0.00410363,0.00277954,0.000835553,-0.000923189
0.0187435,0.0131392,0.00887873,0.0112534,0.00289753,0.000602057
0.0113127,0.00710762,0.00416862,0.00786367,0.00211016,0.00294253
0.0143826,0.00843902,0.00449667,0.00639897,0.001001,0.0024109
0.0179862,0.0065434,0.00918037,0.0117604,0.00280454,0.00165212
0.0208678,0.00709696,0.00982928,0.0102388,0.00146549,0.00105072
0.0169482,0.010004,0.00819153,0.00801598,0.000884078,-8.91612e-05
0.0123067,0.0088432,0.00505241,0.00653767,0.00186075,0.000752748
0.0262889,0.0152513,0.0101571,0.0165475,0.00377152,0.00275674
0.00829639,0.00605036,0.0033486,0.00295434,0.00108227,0.000750466
0.00888962,0.00477798,0.00839405,0.00770019,0.00316642,0.00064907
0.0152329,0.0108208,0.00637086,0.0108479,7.34101e-05,0.00049531
0.0096185,0.00665941,0.00339556,0.00155099,0.00122615,-0.000232133
0.0058268,0.00437738,0.00318933,0.00131933,0.00043543,0.000538797
0.0081328,0.0058592,0.00296795,0.00407207,0.000653815,0.00077366
0.00834488,0.0058569,0.00561442,0.00722189,0.000818962,-0.000472818
0.00727178,0.00521534,0.00379562,0.000629136,-2.12182e-05,0.00042885
0.00450321,0.00322576,0.00281695,0.00368335,0.000433444,-0.000321595
0.0107399,0.00762791,0.00495558,0.00307321,0.000118604,0.000114324
0.0187102,0.00987159,0.0106348,0.00795992,0.00234055,0.0397032
0.0162301,0.00711804,0.00828655,0.00632161,0.000589756,0.0191938
0.0121086,0.00830139,0.00836349,0.00612435,0.00139615,0.00066211
0.0310063,0.0130101,0.0160044,0.0224737,0.00414515,0.00383739
0.00732466,0.00482227,0.0035133,0.000877895,0.000282475,0.00128868
0.00668687,0.00390985,0.00191042,0.00283235,0.0014177,-2.91379e-05
0.0194352,0.0131336,0.00775562,0.00582129,0.00165428,0.00133384
0.0142358,0.0100966,0.00573541,0.00363244,0.00100739,0.000555129
0.0153423,0.00909597,0.00897763,0.0156827,0.00438929,0.0019655
0.0313399,0.0188903,0.0183678,0.0274881,0.00496729,0.00427137
0.036102,0.0187791,0.0199581,0.0252729,0.00584277,0.00334854
0.0212511,0.0160784,0.00949175,0.00986584,0.00201079,0.00129959
0.014157,0.00976474,0.00541472,0.00493865,0.000946847,0.00249225
0.0325994,0.0197057,0.00824501,0.0140727,0.00284683,0.00201831
0.0159171,0.0106557,0.00607477,0.00726477,0.00124944,0.00176455
0.0164004,0.00902434,0.0133567,0.0139391,0.00298349,0.00154828
0.0136895,0.00838604,0.0107499,0.010356,0.00180924,0.00125758
0.019114,0.0133943,0.00564588,0.00492748,2.60968e-05,-0.000281592
0.00922032,0.00682124,0.0036764,0.00561118,0.00156245,0.00219074
0.0100327,0.00592463,0.00495155,0.00432544,0.00112346,0.000390552
0.0183192,0.0106841,0.00743083,0.0100109,0.00204495,0.00207546
0.00981054,0.00687026,0.00529113,0.00740307,0.00124432,-0.000397663
0.0154519,0.00820608,0.00888189,0.00977528,0.000843181,0.000489394
0.0124422,0.00757915,0.00674973,0.00686784,0.000882961,-0.000669901
0.00862635,0.00628792,0.00542218,0.00572959,2.57334e-05,1.25751e-05
0.0144546,0.00964566,0.00458013,0.00439442,0.00149693,-0.000227441
0.00999277,0.00581496,0.00527828,0.00525209,0.00153875,-0.000858993
0.0116016,0.00702766,0.00572337,0.00468582,0.00188467,-9.89486e-05
0.00454447,0.00334238,0.0028056,0.000756637,0.000866164,-0.000176268
0.0182688,0.00988192,0.0196424,0.0161726,0.00380906,4.13858e-06
0.0338343,0.0148073,0.0308077,0.0284122,0.00519024,0.00203861
0.0306051,0.01641,0.0211072,0.0315121,0.00877234,0.00355551
0.0285989,0.0147172,0.0424096,0.0502295,0.01001,0.00707748
0.00513393,0.00343217,0.00285013,0.00317733,0.00085262,-0.000256759
0.0102273,0.00705486,0.00400071,0.00516372,0.00223803,0.00075349
0.00767323,0.00571564,0.00284739,0.00407369,0.000506248,0.000528121
0.0120424,0.0062441,0.00551642,0.00968211,0.00160935,0.00142109
0.0182509,0.0113651,0.00730029,0.00951607,0.00166913,0.00204314
0.0302083,0.0147936,0.0151604,0.0137006,0.00391758,0.000836379
0.00454851,0.00348535,0.00245385,0.004414,0.000236586,-0.000323418
0.0139551,0.00735499,0.00563103,0.00979679,0.00158631,0.00142696
0.0074278,0.00551501,0.00510068,0.00359191,1.06933e-05,-8.13902e-05
0.0142738,0.0100639,0.00728478,0.00531455,0.00126764,0.000788303
0.00724135,0.00393924,0.00413526,0.00215025,0.000447391,-0.000615219
0.0135295,0.00491035,0.00491394,0.00163041,0.00140294,-5.03607e-05
0.026415,0.01656,0.0118023,0.00975352,0.0020886,0.00210715
0.00578121,0.00452444,0.00319811,-0.000476474,0.000138582,-7.82802e-05
0.0133678,0.00932433,0.00558828,0.00925463,0.002862,0.00099541
0.00867987,0.00576643,0.00395178,0.00366211,0.000424177,0.000373943
0.00516737,0.00322463,0.00477966,0.00345675,0.00164691,0.00110173
0.00669076,0.00469056,0.00227839,-0.000661783,0.000384572,0.000373866
0.0108273,0.00757025,0.00538786,0.00574843,0.000325086,-8.76216e-06
0.0180555,0.0119952,0.00648616,0.00749289,0.00145498,0.00144861
0.00527299,0.00394252,0.00383223,0.00363835,0.000891078,0.000427968
0.00854085,0.00612152,0.00333722,0.0040078,0.000544017,-0.000176699
0.0188166,0.0108922,0.0107434,0.00894148,0.00222225,0.00262849
0.0291674,0.0104056,0.0138445,0.0154256,0.00369091,0.00270688
0.0264832,0.0145917,0.00901846,0.0142521,0.0039582,0.00123774
0.00486775,0.00372937,0.00263668,-0.00012478,0.00116939,0.00173442
0.0130822,0.00682019,0.00570357,0.00511746,0.00100811,0.000720523
0.0117229,0.00796541,0.0052635,0.00772288,1.04795e-06,0.00130092
0.00678854,0.00491675,0.00333144,0.00153893,0.000474835,-1.51665e-05
0.0143495,0.0099991,0.00481661,0.0038764,0.000982249,-0.000864474
0.00737555,0.00306999,0.00384621,0.00476306,0.000262753,0.000658095
0.00681655,0.0031014,0.00341043,0.0022128,0.000424718,-0.000229375
0.00539508,0.00418864,0.00251169,0.00205513,0.00106906,0.00107609
0.00500187,0.00342217,0.00225615,0.00146721,-6.10293e-05,-0.000310692
0.0050397,0.00368209,0.00243364,0.00561522,0.000861199,-0.000201569
0.00452672,0.0032525,0.00258407,0.0017421,-0.000244636,0.00123808
0.0172032,0.0115556,0.00633209,0.0108109,0.00216494,0.0014276
0.0114032,0.00595355,0.00820052,0.00568303,0.00204762,0.00191954
0.0116301,0.00555599,0.00778861,0.00624955,0.00187726,0.00255037
0.0214301,0.0140512,0.0152335,0.0161239,0.00262582,0.00169826
0.0108317,0.00776503,0.00397172,0.00763291,0.000715522,7.54449e-05
0.0105547,0.00709314,0.00564915,0.00426202,0.00173333,0.000706775
0.0521642,0.0254332,0.0418411,0.0501296,0.0115002,0.00555023
0.00982272,0.00566359,0.00423334,-0.000541961,0.00228856,-0.000256922
0.00857624,0.00414311,0.00417433,0.00671847,0.000858195,0.000589515
0.0101151,0.00487767,0.00463169,0.004305,0.000864094,0.00049398
0.0118893,0.00835083,0.0048593,0.006614,0.00136993,0.00235355
0.0155232,0.00814708,0.00624753,0.00972971,0.00264445,0.000928556
0.0186555,0.0114506,0.00686178,0.0103679,0.000590998,0.000137917
0.017666,0.0104731,0.00687575,0.0159287,0.00339472,0.0078738
0.0170825,0.0104424,0.00681686,0.0152632,0.00274602,0.00571133
0.00711624,0.00480642,0.0039657,0.00607882,0.000402853,0.000474941
0.0154923,0.00708543,0.00740952,0.00849536,0.00272326,0.00107653
0.0161565,0.00738756,0.00708114,0.00622766,0.0024768,0.000302401
0.0112874,0.0080871,0.00458599,0.00720738,0.00109153,0.0010223
0.014886,0.0104366,0.0070907,0.00524172,0.00175703,-5.45012e-05
0.00820266,0.00570024,0.00284041,0.00594849,0.00136869,0.00010304
0.0115327,0.00777524,0.00960862,0.00495235,0.00205651,0.00181222
0.0103308,0.00746027,0.00299725,0.00025908,0.00157233,0.00232632
0.0179099,0.00786546,0.00652558,0.00791544,0.000950736,0.001055
0.0189999,0.00866684,0.00605117,0.00539023,0.00131564,0.00209172
0.0121119,0.00840289,0.00617373,0.00755013,0.00299176,0.00597321
0.0096625,0.00718684,0.00367191,0.00382103,0.00112894,-1.47854e-06
0.0158764,0.00795709,0.00729405,0.00834526,0.00226768,0.00094313
0.0137681,0.00829727,0.00484824,0.00277918,0.00102412,0.000721145
0.00538982,0.00385124,0.00398766,0.00539686,0.000475297,0.00068208
0.0142031,0.00999753,0.00479418,0.0140661,0.00469447,0.0118476
0.0103933,0.00670655,0.00514189,-0.00146179,0.000784137,-0.000881318
0.0181162,0.0126645,0.00524515,0.00631497,0.001846,0.00207606
0.0092701,0.00618875,0.00353404,0.00500043,0.000907144,0.000238417
0.00518301,0.00381517,0.00244386,0.00635681,0.000828759,0.000112594
0.00646261,0.00497444,0.00255698,0.00570091,0.000283802,-0.000650346
0.00574655,0.00428822,0.00434287,0.00540677,0.000930348,-0.000144178
0.0191458,0.0089161,0.0113222,0.00574541,0.00234188,0.00178191
0.0222656,0.0119748,0.0121786,0.00518595,0.00161182,0.000821058
0.006806,0.00471245,0.00519561,0.00382133,0.000588241,0.000140463
0.00688214,0.00368325,0.00330435,0.00349254,0.000853998,0.00114192
0.0239097,0.0118162,0.014472,0.0254044,0.003995,0.00307946
0.00686283,0.00493363,0.00391291,0.00619253,0.00146562,0.00113237
0.00870472,0.00626534,0.00393014,0.00287886,9.53049e-05,-0.000358627
0.0140774,0.00925197,0.00614861,0.00515845,0.00115288,0.000790333
0.0123211,0.00707757,0.00642154,0.00492151,0.0005549,0.000200147
0.0170611,0.00598247,0.00617239,0.00683939,0.00127905,0.000522673
0.0128991,0.0054726,0.00444975,0.00624065,0.000794105,1.18673e-05
0.00452991,0.0033347,0.00395894,0.0233449,0.00853194,0.0211103
0.0218616,0.0111241,0.0163381,0.0163782,0.00372736,0.00208269
0.00858767,0.0057159,0.00508451,0.00367592,-0.000258698,0.00204328
0.0181838,0.00772581,0.00816261,0.00815269,0.00201714,0.00156433
0.0176153,0.00768219,0.00813912,0.00956908,0.00213038,-0.000122096
0.00910664,0.00597169,0.00444592,0.00571808,0.000823011,0.00074283
0.0131797,0.00931235,0.0088489,0.0119656,0.00131916,0.00288202
0.00758247,0.00514373,0.00340153,-0.00253115,0.000669932,-0.000900029
0.0126652,0.00865713,0.00458624,0.00775526,0.00135787,0.00142477
0.00813093,0.00591288,0.00803682,0.00324465,0.00130885,0.00102405
0.0305539,0.0158251,0.0108348,0.00892419,0.00234252,0.00338974
0.0296717,0.0158265,0.0105781,0.00877279,0.00233157,0.00218579
0.00845179,0.00566698,0.0046198,-0.000749722,0.000855,-0.000197078
0.00855586,0.00549974,0.00667121,0.00559913,0.00185632,0.00268764
0.00938824,0.00636206,0.00369985,0.00922144,0.000310806,0.000340413
0.00472887,0.00357587,0.00284092,0.00154806,0.000107506,0.000336012
0.016045,0.0111499,0.00472003,0.0104083,0.00223702,0.00291418
0.0112738,0.00798147,0.00244066,0.017179,0.00395504,0.00777598
0.00909894,0.00666033,0.00553539,0.00457307,0.00104557,0.000946945
0.0120699,0.00681325,0.00763778,0.0027288,0.00290808,0.00118044
0.0175963,0.0121745,0.0045558,0.00442151,-0.000524816,0.00152162
0.0078823,0.00560392,0.00473919,0.00362037,0.000940014,0.000237805
0.00438741,0.00310246,0.00198883,0.00131853,0.00172211,-0.000218075
0.0148127,0.0101111,0.0067255,0.00667816,0.000843354,0.00172161
0.0192443,0.011526,0.00745265,0.00431514,0.000769648,0.00080657
0.0119459,0.0081153,0.00994576,0.00791297,0.00158646,0.000512116
0.00827994,0.00583301,0.00322844,-0.00149325,-0.000724107,0.00083216
0.00475082,0.00336956,0.00241673,-0.0012728,0.000996967,0.000629317
0.0127942,0.00914728,0.00455333,0.00755526,0.00110411,0.00278787
0.0134224,0.00534164,0.00597508,0.008863,0.0038018,0.000841676
0.0175775,0.00904757,0.00757744,0.00839818,0.00340538,0.000284808
0.0079547,0.00547016,0.00499309,0.00555539,0.00168117,0.00113346
0.0210861,0.00920961,0.0124637,0.00788968,0.00181365,0.0013171
0.0164644,0.0105721,0.0103895,0.00733017,0.00192065,0.00218261
0.00574988,0.00418274,0.00387285,0.00378983,0.000341243,0.000213416
0.0181322,0.0108743,0.00992097,0.0055624,0.00245099,2.70203e-05
0.0140785,0.0101659,0.00791385,0.00199955,0.000754363,0.000177669
0.010422,0.00743517,0.00722363,0.00229466,0.00168596,0.0011947
0.0147028,0.0104103,0.00494771,0.00581329,0.000676509,0.000803126
0.00657322,0.00430973,0.00313982,0.00345899,0.00108925,0.000824764
0.0145281,0.00692409,0.00489315,0.0058748,0.000456469,0.00100365
0.0170883,0.0113471,0.00597493,0.00674566,0.00245991,0.0014527
0.0171013,0.0119107,0.012326,0.00825839,0.00112307,0.00214445
0.00994056,0.00723895,0.00539197,0.00267602,0.0006138,8.38839e-06
0.0210987,0.0146238,0.0139886,0.0252031,0.00422235,0.00227683
0.00676928,0.00469636,0.00264393,0.00172356,6.13528e-05,0.00123812
0.0250538,0.0166464,0.00773794,0.0146655,0.00472021,0.00306925
0.00649005,0.00435827,0.00282431,-3.29178e-05,0.00127096,0.00149063
0.0292255,0.0142612,0.0102558,0.0169411,0.00302987,0.00444748
0.0407152,0.0204756,0.0137431,0.0214867,0.00443868,0.00792623
0.00613547,0.00446028,0.00226681,0.000706891,0.00128666,-0.000398287
0.00665244,0.00473764,0.00324652,0.00179284,0.00018287,1.51962e-05
0.01171,0.00677734,0.00476896,0.00750575,0.00252931,0.00131372
0.00996243,0.0050796,0.00816703,0.00905906,0.00180674,0.00112584
0.0129004,0.00859344,0.007407,0.00992176,0.00154594,-0.000305984
0.0126783,0.00824564,0.00662266,0.00533839,0.000941006,-0.000744242
0.0198179,0.00982034,0.00916052,0.0132328,0.00290406,0.00408921
0.010378,0.00747998,0.00357399,0.00558963,0.000337282,0.000494678
0.0201686,0.0138275,0.00735566,0.0115817,0.00184702,0.00260126
0.0151914,0.0106938,0.00652228,0.00288792,0.000641837,0.000504535
0.00749352,0.00544849,0.00347348,0.00315617,0.00052638,-0.000192244
0.0108086,0.00688588,0.00306334,0.0160226,0.00436541,0.0120358
0.00413417,0.00292744,0.00273439,0.000445821,0.000623266,0.00124525
0.0122563,0.00745398,0.00763448,0.00437004,0.00119074,0.00126702
0.0125023,0.00740721,0.015298,0.0164465,0.00177393,0.00268902
0.0142071,0.00988914,0.00429514,0.000721506,0.000738053,0.000471748
0.0179579,0.0125485,0.00751492,0.00515254,0.00069365,-0.000379009
0.0126938,0.0089406,0.00578038,0.00128381,0.000738073,0.00116458
0.00702723,0.00512333,0.00299144,0.00293369,-2.24916e-05,0.000252827
0.0103628,0.00720682,0.00340223,0.00092214,0.00147094,0.00256649
0.0108157,0.00497524,0.00548248,0.00635538,0.00116423,0.00143749
0.0116846,0.005046,0.00627452,0.00539107,0.00136803,7.0421e-05
0.0132645,0.00658846,0.00620704,0.00396073,0.00212009,0.000771206
0.0128268,0.00601468,0.00592324,0.00451957,0.001625,0.000970034
0.019886,0.0115457,0.00749795,0.0105519,0.00217675,-9.92479e-05
0.00914396,0.00571437,0.00669219,0.00461941,0.00162794,0.00171605
0.00415425,0.00315344,0.00365129,0.0017752,2.46477e-05,0.000906671
0.0202975,0.00867591,0.00812831,0.0102707,0.00230275,0.00160217
0.0236569,0.0115916,0.00965209,0.0100086,0.00257706,0.00161777
0.00778773,0.00533507,0.00663136,0.00676017,0.000862397,0.000163876
0.00877423,0.00600969,0.00258554,0.00266861,6.23376e-05,0.00238252
0.0134623,0.00770704,0.00557848,0.00261768,0.00101127,0.00166799
0.01403,0.00763003,0.00555706,0.00478383,0.00137396,0.00124535
0.0203374,0.0122701,0.00937868,0.0194198,0.00477154,0.00914318
0.0137072,0.0099901,0.00684146,0.0113791,0.00221034,0.000490544
0.0239968,0.0141922,0.0100364,0.0175701,0.00173327,0.000427024
0.0285304,0.0148002,0.0242407,0.0282485,0.00745743,0.00441035
0.019518,0.0107652,0.00894443,0.00673342,0.00218009,0.00169042
0.0316188,0.0146923,0.0117339,0.010596,0.00277529,0.00292968
0.00959713,0.00410147,0.00325581,0.00570542,0.000488597,0.00161922
0.00933677,0.00651369,0.00344512,0.0033652,0.000151838,0.00064922
0.00427032,0.0032497,0.00173738,-0.0027342,-0.000515792,0.000244006
0.00646613,0.00462728,0.00191575,0.00171018,-0.00061011,0.000102292
0.0107003,0.00672256,0.00386328,0.00531727,0.000820923,0.00166905
0.00549331,0.00364492,0.00175034,-0.00246111,2.77731e-05,-0.00103918
0.00534209,0.00427583,0.00276093,0.00416471,0.000367955,-0.000557534
0.00451215,0.00313969,0.00259184,0.00168599,-0.000255362,0.000167673
0.0135546,0.00939845,0.00633798,0.00853892,0.00147205,0.000140462
0.00517825,0.00402005,0.00487628,0.000730403,0.000687143,0.00124546
0.0176086,0.00938417,0.0119004,0.0185623,0.00494329,0.0114175
0.0170525,0.00940553,0.0113146,0.0130968,0.00292983,0.00727175
0.00485662,0.0035955,0.0053316,0.00979932,0.00104102,0.000988655
0.0163127,0.0112034,0.00506325,0.0104853,0.000870096,-0.000266029
0.0129879,0.0093278,0.00937627,0.0116041,0.00295502,0.00272113
0.0334937,0.022407,0.0173195,0.0165686,0.00340403,0.0019595
0.0129061,0.0087211,0.00573362,0.00142996,0.000500944,0.00145675
0.0102197,0.00699228,0.00470046,-0.00128715,2.91211e-05,0.00212131
0.00822009,0.00439592,0.00357908,0.00214295,0.00060003,0.00296307
0.0203016,0.0119998,0.0216719,0.0205747,0.00339742,0.00295913
0.0171097,0.00520999,0.0111485,0.0124154,0.0018638,0.00274012
0.0427254,0.0151865,0.0196914,0.0226503,0.00491146,0.00188406
0.0408449,0.0150984,0.0194585,0.0203959,0.00439361,0.00226694
0.016674,0.00920175,0.00741883,0.0109529,0.00420675,0.00178702
0.0176399,0.00996649,0.0131269,0.016289,0.00356838,0.00221739
0.0184037,0.00775443,0.00698857,0.00848681,0.00270423,0.00134266
0.0188261,0.00659252,0.00749866,0.0077716,0.00232301,0.00142022
0.0164887,0.00899162,0.00656886,0.00574413,0.00123558,-0.000263012
0.0069614,0.00445455,0.00489744,0.00274499,0.00133651,-0.00054638
0.00871519,0.00634327,0.00740497,0.00600387,0.000490324,-0.000549006
0.00765005,0.00312599,0.00421498,0.00298948,3.96383e-05,-0.000453479
0.0100193,0.00597787,0.00480357,0.00580863,-5.67288e-05,0.000996263
0.004903,0.00360195,0.00226881,-0.00025941,0.000453681,0.00226914
0.0137839,0.00718714,0.00568596,0.00721949,0.000872046,0.000499168
0.0144006,0.00718974,0.0058507,0.00491151,0.000484279,0.00033333
0.0491974,0.0235383,0.0161222,0.0199172,0.00322583,0.0032822
0.0142947,0.00575993,0.00457456,0.00935798,0.000887138,0.00100558
0.0101688,0.00668911,0.00311083,0.00478964,0.000474628,0.00116863
0.0197266,0.0117128,0.00653359,0.00931787,0.00311229,-0.00104882
0.0124048,0.00407993,0.00439876,0.00451069,0.00219252,-0.00021453
0.00456358,0.00328235,0.00363615,0.000894161,-0.000491953,-0.0005858
0.019072,0.0129214,0.00683492,0.00386605,0.00124697,0.000137714
0.00860086,0.00380025,0.00363005,0.00253364,-0.000286831,-0.000146761
0.0170282,0.00993697,0.00646724,0.00822357,0.00223806,9.80628e-05
0.0090599,0.00567036,0.00597751,0.00578288,0.0010668,0.000767894
0.0070521,0.003833,0.00323665,0.00208758,-0.000661905,0.00127424
0.0396127,0.0197249,0.0216924,0.0300441,0.00462623,0.00284161
0.0115914,0.00634066,0.00467046,0.010695,0.00137071,0.00170157
0.0110342,0.00633712,0.00462631,0.00778197,0.00100115,0.00147838
0.00820808,0.00573526,0.0034697,-0.00201361,-0.000314886,-0.000628122
0.0120501,0.00575283,0.0106324,0.00599675,0.00250433,0.000893852
0.0139827,0.00707352,0.0122432,0.00844621,0.00193665,0.00131585
0.0182736,0.0079981,0.0103319,0.0104421,0.00285247,0.00111555
0.0199827,0.00996498,0.00966129,0.00820236,0.00185996,0.00130375
0.0207804,0.0139714,0.0117154,0.0108105,0.00313164,0.000993944
0.00488141,0.0035765,0.00186285,0.0183146,0.00486909,0.0193622
0.0117983,0.00686862,0.00642184,0.00514466,0.00146017,0.000368835
0.0244125,0.0170842,0.0140278,0.00891731,0.0040211,0.00125348
0.006318,0.00381204,0.0031318,0.00369851,0.00013242,0.000996832
0.0117117,0.00755067,0.00524342,0.00935675,0.00220525,0.000332738
0.00588416,0.0038605,0.00357192,0.00403228,-5.56148e-05,0.000628938
0.0324696,0.018616,0.041409,0.045951,0.00957805,0.00489079
0.0216542,0.0090187,0.0111094,0.0185782,0.00118379,0.00118151
0.005477,0.00409816,0.00275069,0.00186313,0.000850237,-2.89245e-05
0.00615226,0.00494916,0.00478322,0.00323557,0.00082573,0.00142264
0.0174227,0.0115533,0.00594905,0.00640947,0.00213376,0.00117847
0.0252003,0.00990866,0.00738841,0.00685132,0.00219674,0.0019999
0.0257674,0.0100482,0.00728909,0.00836376,0.00232959,0.00117025
0.0147007,0.0105997,0.00616992,0.00601705,0.000506928,0.000875515
0.0107408,0.00619481,0.00527882,0.00388632,-0.000537521,-0.000315803
0.0120152,0.00610083,0.00422858,0.00363522,-0.000238711,-0.000308982
0.00854758,0.00637982,0.00312183,0.000450927,0.000641885,0.00105552
0.0113648,0.00838574,0.00578222,0.00647896,0.000137354,0.00147359
0.0190462,0.0133511,0.0103636,0.021313,0.00617736,0.0158294
0.00651129,0.00443615,0.00430446,0.00627874,0.00130702,0.00182021
0.0161055,0.0113383,0.00486412,0.00426635,0.00116645,0.000426379
0.00993589,0.00708636,0.0032098,0.00545176,-0.000126459,-0.00111247
0.00499883,0.00388768,0.00237729,0.0031282,0.000415276,-0.000564346
0.00417205,0.00326111,0.00169116,-0.00104013,-0.000395491,-0.000414289
0.0109106,0.00779569,0.0127371,0.0211645,0.00646509,0.00990049
0.0107804,0.00640737,0.00364789,0.00317617,0.000134431,-0.00053065
0.00990579,0.00651789,0.00348796,0.00628118,0.00131726,-0.00139494
0.00698767,0.00413891,0.00440202,0.0107327,0.00460713,0.0103948
0.0161135,0.00752957,0.00983359,0.00647498,0.000822132,0.00251728
0.0167918,0.00758791,0.00994234,0.00699112,0.000833888,0.00121375
0.0184146,0.0125867,0.0068299,0.0126251,0.00279898,0.00149983
0.0185736,0.0118729,0.00925419,0.0170384,0.00380111,0.0020962
0.0217382,0.011962,0.0104616,0.0195403,0.00313773,0.00287812
0.0075507,0.00475976,0.00386572,0.00395149,-0.000237893,0.00207799
0.00830255,0.00528868,0.00345046,0.000472714,0.000228434,0.000741944
0.0147121,0.00595155,0.00748424,0.00723092,0.00128344,0.00172043
0.0141826,0.00597305,0.00657096,0.00611538,0.000914255,0.00114092
0.00951156,0.00476377,0.00565503,-0.00226884,0.00167233,0.000686106
0.0227084,0.00916146,0.0104702,0.0233401,0.00601956,0.0118464
0.0267059,0.00969447,0.0123888,0.0305451,0.00766033,0.0169266
0.0085472,0.00607378,0.00743419,0.00440582,0.00109847,0.00157682
0.0251244,0.0172281,0.00740863,0.00735743,0.00215045,0.00196905
0.0114795,0.00788849,0.00644333,0.00436006,0.00223207,-0.000327663
0.0162681,0.00625868,0.00624448,0.00532935,0.000565785,0.000109534
0.0158716,0.00632817,0.0057283,0.00584547,0.000474185,4.73956e-06
0.0121992,0.00839549,0.00673322,0.00555671,0.00166491,0.00171198
0.00539068,0.00362205,0.0025182,-0.00209986,0.000243408,-0.000259496
0.00818731,0.00549616,0.00564035,0.00514896,0.00113292,0.000735014
0.00445697,0.00312848,0.00238107,0.00547583,5.10346e-05,0.000277281
0.0164515,0.0105065,0.0071056,0.00708821,0.00182518,0.000719505
0.00722853,0.00384606,0.00369956,0.00607411,0.0016128,-0.00101624
0.013517,0.0055445,0.00650711,0.0033486,0.00193427,-0.000490882
0.017079,0.0103283,0.00787168,0.00254658,0.00194264,-0.000899199
0.00820751,0.00539675,0.00258781,0.00971735,0.00349311,0.00573196
0.010903,0.00802357,0.00551732,0.00487058,0.000646033,0.00135282
0.00469021,0.00346243,0.00189199,0.00107712,0.000716922,0.00100421
0.00911674,0.00673189,0.00471722,0.0107907,0.0011141,-7.21403e-05
0.0167173,0.0120724,0.012366,0.00714239,0.00245731,0.00113232
0.0274031,0.012907,0.0164422,0.0178204,0.00360471,0.00115856
0.0356445,0.0129839,0.0207619,0.0208838,0.00468718,0.00305933
0.0312604,0.0117744,0.0166312,0.0156076,0.00211149,0.00241769
0.0203675,0.0117316,0.0113072,0.0103311,0.00154291,0.00113717
0.0120863,0.00818387,0.00601289,0.00233762,0.000270016,0.000857448
0.0141221,0.00950571,0.00758793,0.00562996,0.000358119,0.00149261
0.00622436,0.00439815,0.00262761,0.0104799,0.00267733,0.00767797
0.0115122,0.00802082,0.00444227,0.00419566,0.000913076,0.00119102
0.0132133,0.00931557,0.00478981,0.00346837,0.00165674,-0.000276651
0.0134699,0.00947123,0.00634678,0.00523374,0.00238984,0.000647685
0.0276835,0.0137362,0.00960666,0.0140526,0.00385511,-0.000399871
0.0193434,0.00980736,0.0336015,0.0367728,0.00896377,0.00156696
0.0193504,0.0135061,0.00711712,0.0124,0.00128097,0.00119111
0.0212932,0.00963468,0.0095297,0.0107763,0.00287963,0.00244452
0.0129324,0.00882037,0.00623168,0.00441533,0.00269475,0.000419678
0.0116895,0.00629972,0.0056943,0.00789231,0.00403477,0.00924098
0.00571727,0.00381341,0.00281493,0.00183326,0.00064076,-0.000376173
0.0103306,0.00699343,0.00238154,0.00305694,0.000545637,0.000515987
0.0239278,0.0101772,0.00963212,0.0108513,0.00354266,0.00242907
0.02423,0.0101099,0.00861914,0.00937877,0.00231744,0.00229197
0.0117204,0.0064547,0.00813738,0.00294905,0.00100872,0.00182984
0.0100668,0.00670706,0.00327731,0.00464807,0.00092347,-0.00046845
0.0059043,0.00372336,0.00321399,0.00342702,0.000446369,0.00114857
0.0107337,0.00578207,0.00523715,0.00768161,0.00135883,0.000509179
0.00812366,0.00537844,0.00342628,0.000739577,0.000626403,0.000151849
0.00670107,0.00444758,0.00277939,-0.000703203,0.00079282,0.000482757
0.0151751,0.0101755,0.00730282,0.00767701,0.00202482,0.00174964
0.011849,0.00830698,0.00342649,0.00197289,0.000198361,0.00110552
0.0216094,0.00949683,0.00921915,0.00946103,0.00220602,0.00139402
0.00917994,0.00590961,0.00466036,0.00380774,0.00108418,0.000736083
0.00539622,0.0038438,0.00212735,-0.00125456,0.000421413,-0.000217705
0.011793,0.00812286,0.0084322,0.0201579,0.00487826,0.00697555
0.00673103,0.00501129,0.00272842,0.00586836,0.00237047,0.000976091
0.00608228,0.00462948,0.0025338,0.0200438,0.0109191,0.0246057
0.00926075,0.00684284,0.00251473,0.00496406,0.00225275,0.00131171
0.0310031,0.0148975,0.0112468,0.0108156,0.0037793,0.00157674
0.0130724,0.00589249,0.00477268,0.00749229,0.00138541,0.000665851
0.0127057,0.0057279,0.00418821,0.00428127,0.000549274,0.00109826
0.0194268,0.0104876,0.00898465,0.0060284,0.00213581,0.00157268
0.0203755,0.00972306,0.0105829,0.00542781,0.00198402,0.0030019
0.00954358,0.00399125,0.00546489,0.00282185,0.00210429,0.00360665
0.00887391,0.00439689,0.00361537,0.00536746,0.00220103,-8.14082e-05
0.0105132,0.0048787,0.00443626,0.00297528,0.00159764,0.00118657
0.0084369,0.0054406,0.0057561,0.0116963,0.0016844,0.00232707
0.00656897,0.00451944,0.00287273,0.00323314,-0.000187656,0.000136417
0.0137273,0.00995135,0.00539105,0.00885781,0.00211108,0.00115456
0.0201036,0.0136205,0.0073116,0.0110385,0.00192739,0.00242354
0.00741916,0.00483769,0.00572259,0.0104329,0.00184843,0.00223667
0.0126776,0.00799086,0.00785584,0.00717052,0.00249803,0.00127467
0.0133897,0.00943458,0.00871964,0.00965887,0.0028771,0.00117385
0.0345728,0.0219691,0.0104905,0.0157596,0.00327528,0.000209476
0.040132,0.0217702,0.0136117,0.0164141,0.00654778,0.00685203
0.0451692,0.0222426,0.014235,0.0149935,0.00552315,0.00589769
0.0202177,0.00938335,0.00928674,0.00688666,0.0023109,0.00134541
0.00496753,0.00374216,0.00246495,-0.00102572,0.000198617,0.000448105
0.00584885,0.00448836,0.00143673,0.000317436,0.00102605,0.000365908
0.0147973,0.0103004,0.0154524,0.0275999,0.00813473,0.0128056
0.00821269,0.00591941,0.00237791,0.00191737,0.000663641,0.000706197
0.00973278,0.00657641,0.00422477,0.00628994,0.00195796,0.000748052
0.0297078,0.0168882,0.0183561,0.0269229,0.00506428,0.00912113
0.0119166,0.00836929,0.00366138,0.00585108,0.000124435,-0.00069647
0.0207823,0.0116862,0.00829504,0.0119589,0.00197487,3.57925e-05
0.00534506,0.00332152,0.00165327,0.00387057,0.000391029,0.000981412
0.00969805,0.00476361,0.00471911,0.00021425,0.000815539,-0.000594793
0.00830424,0.0056308,0.00353714,0.0018565,-0.000298349,0.000119186
0.0214235,0.00881866,0.0112615,0.00710358,0.00259106,0.000477539
0.0257003,0.0113414,0.0122897,0.00997556,0.00195479,0.00128791
0.00875026,0.00453122,0.00295998,0.00273451,0.00147469,0.0021983
0.00780208,0.0032604,0.00279911,0.00265215,0.000829133,0.00148753
0.0108342,0.00759186,0.0056415,0.00834324,0.000605712,-1.85231e-05
0.00377338,0.00301691,0.00298487,0.00322831,0.00109887,0.000249714
0.0129649,0.00930293,0.0087697,0.0140434,0.00428776,0.00218442
0.0126633,0.00872673,0.00640286,0.00694747,0.00243094,0.00216773
0.00555133,0.00403267,0.00294832,0.000278229,0.000551622,7.0816e-05
0.00567379,0.00414061,0.00301152,0.00123471,0.000332037,-0.00027947
0.0219877,0.0104507,0.0101703,0.0121441,0.0025234,0.00357845
0.022312,0.0106249,0.0102415,0.0123175,0.00328942,0.00288168
0.0112684,0.00752818,0.00505506,0.00375075,0.000537844,0.00178907
0.0185926,0.00888897,0.0116412,0.0237844,0.00609021,0.0137775
0.0122245,0.00622732,0.00558087,0.0061219,0.000782612,0.000744402
0.0155139,0.010677,0.00417841,0.00253749,0.00144445,0.00156705
0.0116239,0.00810751,0.00441822,0.00411097,0.0014352,0.00256784
0.00567931,0.00419057,0.00231608,0.000226145,5.74093e-06,0.000646073
0.0194574,0.0113335,0.00739492,0.00570381,0.00166763,0.00196029
0.00791974,0.00558194,0.00515775,0.00777052,0.000330043,0.000326347
0.0065743,0.00430222,0.0026565,0.00322575,0.000450427,0.00050387
0.0206383,0.0098821,0.0101452,0.0125762,0.00287811,0.00229167
0.0233295,0.0098503,0.0111806,0.0120952,0.00288297,0.00272385
0.0143796,0.00983484,0.00702004,0.00509241,0.00220685,0.000788612
0.0162,0.00870823,0.0124067,0.00851672,0.00233936,0.00141078
0.0116754,0.00743381,0.00748631,0.00708028,0.00134932,0.00182384
0.0125695,0.00350989,0.00595345,0.00216122,0.00117818,0.00168878
0.0158203,0.00738918,0.0056674,0.00955175,0.00112396,0.00105521
0.0199985,0.0106572,0.00718733,0.0149757,0.0043045,0.0085051
0.0121124,0.00854167,0.00496006,0.0117732,0.00186473,0.00144329
0.00510111,0.00355528,0.00304743,0.00213481,0.00105872,0.000519037
0.00809656,0.00563877,0.00626403,0.00705562,0.00213993,0.00179142
0.0151262,0.0110957,0.00180556,0.0106882,0.00385361,0.00891998
0.0132815,0.00968131,0.00827213,0.0133554,0.00097706,0.00113231
0.0207645,0.0133486,0.0116001,0.0118516,0.00277263,0.00121344
0.00629987,0.00427555,0.00307613,-0.00207282,0.00180795,0.000809739
0.00459724,0.00328443,0.00252446,0.000740258,0.000360683,-0.000280918
0.00538468,0.00403368,0.00264114,0.00340666,0.00049809,0.00064282
0.0100726,0.00707932,0.0031916,0.00454733,0.00163097,0.00165678
0.0224991,0.0150508,0.0068782,0.00758082,0.00117139,-6.42929e-05
0.0222963,0.0122579,0.0168948,0.0153064,0.00317127,0.00161066
0.00574152,0.00400678,0.00267399,0.0038875,0.000738202,0.00172654
0.0114427,0.00801776,0.00375403,0.0038871,0.00210566,0.000510937
0.0093647,0.00604853,0.00364901,0.00119507,0.000889978,-0.000177313
0.0170817,0.0115634,0.0141741,0.011705,0.0044714,0.00295888
0.0154561,0.0109519,0.0047294,0.0054759,0.00139341,0.000928834
0.00466999,0.003336,0.00289356,0.00240574,0.0018062,0.000951346
0.0145997,0.00747132,0.00499657,0.00382195,0.00188676,0.00220263
0.0147782,0.00571493,0.00480601,0.00279952,0.00129723,0.0016277
0.0237537,0.0161996,0.00913973,0.00887339,0.00130552,0.000855105
0.00829519,0.00570448,0.00554323,0.00862532,0.00263287,0.00621335
0.00544656,0.00387656,0.0023689,-0.00155228,0.000409562,0.0015287
0.00940337,0.00663649,0.00440543,0.00439664,-9.04692e-05,0.000488387
0.00646356,0.00437528,0.00306209,-0.00115515,0.000987372,0.000751145
0.0120771,0.00853441,0.00950067,0.016046,0.00185767,0.00205919
0.00721971,0.00522443,0.00469576,-0.00474448,0.00116899,0.000161828
0.0119378,0.00826306,0.00293196,-0.000206252,0.000943404,0.000688846
0.00784152,0.00536187,0.00245964,0.0031743,0.000378801,0.000118834
0.0239614,0.015106,0.0259533,0.0369518,0.00927378,0.00451334
0.0174627,0.0111798,0.00880974,0.0122978,0.0030578,0.000411578
0.0292674,0.016378,0.0115731,0.0142226,0.00215013,0.00109301
0.00868169,0.0057808,0.00576936,0.00218788,0.00131984,0.000838375
0.0201783,0.00874072,0.012284,0.0116763,0.00310342,0.000625603
0.0200837,0.00790147,0.012379,0.0118038,0.00237721,0.00115099
0.00442469,0.00336287,0.00346872,0.00765278,0.000708497,-0.000439403
0.0139305,0.00965647,0.00545914,0.00759548,0.000726964,0.000963182
0.00885145,0.0038639,0.00340617,0.0024768,0.000955456,0.000537189
0.0140941,0.00429881,0.00502495,0.00426429,0.00130429,0.00269519
0.0110376,0.00576277,0.00328767,0.00105312,0.000821119,0.00204624
0.0091482,0.00620909,0.00358806,0.00242485,0.00019737,-0.000616775
0.0160768,0.0107868,0.00469929,0.00703415,0.00168471,0.00151326
0.00612418,0.00429709,0.00296491,0.0110129,0.00553583,0.0154233
0.0115969,0.00663323,0.00448131,0.004892,0.00140077,0.000372484
0.0161729,0.00897469,0.00752549,0.00999406,0.00145639,0.00048104
0.00512497,0.00309401,0.00187978,0.00226475,0.000566985,0.000660311
0.0134004,0.0090973,0.00417878,0.00638982,0.00104974,0.000596865
0.00757143,0.00554915,0.00368508,0.00274435,0.00198762,0.0012487
0.00804035,0.00561847,0.00375673,0.000603096,0.00107786,-0.00069167
0.00904668,0.00621515,0.00354276,0.0021803,0.000120307,0.000267434
0.00957525,0.00658661,0.0036482,0.00406988,0.00065271,8.13231e-05
0.0279489,0.0188602,0.0101296,0.0137077,0.00266307,0.0016731
0.0138591,0.00956214,0.00902174,0.00555762,0.0015637,0.00114538
0.0230963,0.0157639,0.00724912,0.00812897,0.00132972,0.00154003
0.00847263,0.00631198,0.00517973,0.00489799,0.00194493,0.00215047
0.0127114,0.00654006,0.00588471,0.000853714,0.000877535,-0.000319715
0.0116349,0.0083738,0.00465539,0.00624117,0.000801026,0.000811268
0.0162869,0.0113404,0.00411981,0.00727976,0.00111602,0.000888898
0.00609402,0.00438718,0.0022713,0.000218515,-2.7652e-05,-0.000115802
0.0168351,0.0117138,0.00702105,0.00910121,0.000706571,-0.000109396
0.00603409,0.00370102,0.00192453,0.0033068,0.00150051,7.43957e-05
0.00969595,0.00633627,0.00348941,0.0108076,0.00308002,0.00426818
0.0183878,0.00880735,0.00914283,0.00711062,0.00237729,0.00120552
0.0286998,0.0109204,0.0142622,0.0133234,0.00385911,0.00155832
0.0174964,0.0120347,0.00594751,0.00654974,0.00176863,0.000872448
0.00593893,0.00427669,0.00217776,0.00157365,0.00166864,0.00092937
0.0515147,0.0271549,0.02277,0.0294345,0.00577231,0.00212959
0.0572214,0.0277097,0.0245958,0.0303026,0.00514359,0.00298527
0.00845777,0.00587303,0.00426358,0.0065116,0.00189441,0.00140756
0.00759124,0.00526647,0.00397338,0.00343415,0.000633692,-0.000372473
0.00440351,0.00327456,0.00248156,-0.00230717,-0.000116583,3.83825e-05
0.023788,0.00942583,0.0103374,0.0232923,0.00323481,0.00166681
0.0311287,0.0154746,0.015962,0.0217808,0.00377886,0.00205898
0.0121846,0.00854049,0.00796987,0.00777701,0.000849134,0.00169192
0.00391676,0.00308444,0.00251067,0.00171129,-0.000277013,-0.000940326
0.00532246,0.00383895,0.00301382,0.000127365,4.94537e-05,0.000815359
0.00654281,0.00472939,0.00298407,0.00743486,0.00238594,0.00229577
0.00562232,0.00437706,0.00350373,0.00548942,-0.00100629,0.00107591
0.00445152,0.00362114,0.00256559,0.000574723,0.000262431,-0.00114544
0.00513901,0.00371207,0.00378513,0.00092913,0.000824106,0.00111112
0.00498151,0.00378301,0.00276748,0.00504258,-0.000177654,0.000654191
0.00803412,0.00560034,0.00398821,0.00397686,0.00206135,0.00595058
0.00765849,0.00370182,0.00420205,0.00448452,0.00229872,0.00298574
0.00979697,0.00563634,0.00688531,0.00830362,0.00199932,0.000914653
0.0037928,0.00311639,0.00181076,0.000406181,-0.000535545,0.00240402
0.0175911,0.00943877,0.0078152,0.00752793,0.00102006,0.000576862
0.0115301,0.00862142,0.00548041,0.00857379,0.00199359,0.000259969
0.0324641,0.0175661,0.0102342,0.0192177,0.0024311,0.00137741
0.00708378,0.00493574,0.00284944,1.96498e-05,0.000264458,-9.84214e-05
0.020349,0.0118066,0.0132906,0.0170118,0.00347617,0.00198545
0.0224059,0.0118596,0.01429,0.0144465,0.00355736,0.00137919
0.006331,0.00500321,0.00173386,0.00543268,0.00170992,3.43989e-05
0.0102361,0.00593588,0.00484017,0.00192476,0.00117937,0.00153357
0.0120453,0.00735379,0.00634308,0.00585422,0.00107226,0.0029938
0.00773316,0.00534273,0.00314936,0.00881902,-0.000425319,0.000199791
0.0134326,0.00765001,0.0196043,0.0425092,0.0136847,0.0283454
0.0161506,0.00792756,0.0100267,0.0257509,0.00604871,0.00979898
0.0172304,0.0118676,0.0138974,0.0137322,0.00321662,0.000818524
0.0366154,0.015337,0.0176236,0.0191305,0.00298523,0.00169786
0.00481318,0.00357587,0.00203082,0.000982167,-0.000953663,-0.000486445
0.00826726,0.00621842,0.00557798,0.00287558,0.00149864,0.00120029
0.015953,0.00972099,0.00677326,0.00303615,0.00097982,-0.000153051
0.010576,0.00778394,0.00364043,0.0053882,0.000817444,0.00063476
0.0158643,0.011386,0.00681907,0.0109244,0.00155097,0.00104505
0.00577195,0.00430772,0.00284815,4.02038e-05,0.000496288,0.00109725
0.0148488,0.0105352,0.0116439,0.0131529,0.00166925,0.000527238
0.0134725,0.00603466,0.00884561,0.00769282,0.0026261,0.00224763
0.0146195,0.0056245,0.0101584,0.00998682,0.00225302,0.00332498
0.00368289,0.00307532,0.00162855,0.00530514,0.000980635,0.00146221
0.00734299,0.00503497,0.0031152,0.00218668,-0.000176418,-0.00138039
0.00427991,0.00323262,0.00280797,0.00165894,-0.000100283,1.67487e-05
0.00579303,0.0035128,0.00344327,0.00239225,0.000975273,0.000861518
0.00805037,0.00541715,0.00281689,0.0003664,0.00030546,0.000192582
0.0240828,0.0108141,0.0111204,0.0110287,0.00173676,0.000619907
0.0189446,0.00867622,0.00755603,0.00706412,0.00142818,0.00126988
0.0229231,0.00864656,0.00891838,0.0106424,0.00193962,0.00161215
0.0286194,0.0154002,0.0122677,0.0268719,0.00732317,0.0084647
0.0226134,0.0130844,0.0149672,0.0404934,0.0103484,0.0134312
0.00955459,0.00703694,0.00382197,0.00430911,0.000361495,0.00113189
0.0145247,0.00750452,0.00606481,0.00633001,0.00179724,0.000397995
0.0074037,0.00519609,0.00387604,0.00227432,0.0014212,0.000617228
0.0120377,0.00807375,0.00554577,0.00352412,0.000480315,-0.000100491
0.0114212,0.00812004,0.00512423,0.00456321,0.0013173,0.00117888
0.0088745,0.00652707,0.00301064,0.0028368,0.0015277,-0.00127031
0.0091384,0.00481988,0.00559782,0.00702557,0.000805552,-0.00016452
0.0241445,0.0128198,0.0103963,0.00922033,0.00147275,-0.000198565
0.020299,0.0131334,0.00919857,0.00935606,0.00179658,0.000886565
0.0244302,0.0108049,0.01746,0.0207572,0.00412167,0.0021246
0.0262189,0.0133329,0.0194924,0.0213182,0.00474585,0.00178677
0.00721492,0.00505983,0.00455413,-0.000836023,0.000140155,0.000749409
0.00690745,0.00486463,0.00267619,-0.00371401,0.000237103,0.000129389
0.00556794,0.00402616,0.00253492,0.00125552,0.000557964,0.000509588
0.0182024,0.0129351,0.00626958,0.0132366,0.00146788,0.0020003
0.0218928,0.0133482,0.00963177,0.00897024,0.00278701,0.00127257
0.00645196,0.00460018,0.00311583,0.00731078,0.000267143,0.00120882
0.00662355,0.0047183,0.00258792,0.00898207,0.00207433,0.00473959
0.010753,0.00535929,0.00923672,0.00306178,0.0014719,0.000825301
0.0109392,0.0057619,0.0088809,0.00191757,0.00156165,0.000494363
0.00417756,0.00313653,0.00167283,0.000249737,0.000573892,0.00150424
0.0150742,0.00903609,0.00946849,0.00828917,0.00334287,0.00168856
0.0128197,0.00872175,0.00491711,0.00694659,0.00113801,-0.00030596
0.00408023,0.00306962,0.00308684,-0.000602798,0.000762883,-0.000733988
0.00523535,0.00338406,0.00252816,0.0039899,0.000579212,0.00161521
0.00574937,0.00332971,0.00213669,-0.00108315,0.000184345,0.000623379
0.0094433,0.0065088,0.00646502,0.00555227,0.00221644,0.000609731
0.0111866,0.00770924,0.00596465,0.00370564,0.00261542,0.00119434
0.0103495,0.00749065,0.00334759,0.00590737,0.000422311,0.000120611
0.0178188,0.00940122,0.0117786,0.0095366,0.00273063,0.000824229
0.0147839,0.0104626,0.0072668,0.00480378,0.000253489,0.00032537
0.00919597,0.0066367,0.0092635,0.00666081,0.0027155,0.00145813
0.0132809,0.00945301,0.00559968,0.00528948,0.00129137,-0.000171191
0.00456625,0.00331899,0.00263566,-0.000806745,0.000115344,-0.000482512
0.0110437,0.00768801,0.00359322,0.00305265,0.0010965,0.000166083
0.0142551,0.0104684,0.00823792,0.00665324,0.00352711,0.00170563
0.00594372,0.00457868,0.00239867,0.00409577,0.000397472,-0.000477654
0.00791089,0.00558751,0.00302406,0.000616812,-0.000212648,0.00113049
0.00652382,0.00461663,0.00293815,0.00354549,0.000411896,-6.25953e-05
0.0175094,0.00822742,0.00979483,0.00669577,0.00199115,0.000368508
0.0194261,0.00937808,0.00993312,0.00948419,0.00258065,0.000237144
0.00482555,0.00332378,0.00922484,0.0090651,0.0016232,0.000949801
0.0153556,0.0104503,0.00806002,0.00542417,0.00128463,0.00184842
0.00739445,0.00498955,0.00324248,0.00101844,0.00102596,-0.000361434
0.0133918,0.00723917,0.00686937,0.00182298,0.00119512,0.000667038
0.0190462,0.0127583,0.00515082,0.00650335,0.00066038,0.000481215
0.00664347,0.00484451,0.00255398,0.00604835,0.000732867,-0.000235359
0.0264697,0.0139205,0.0104915,0.00921262,0.00305783,0.000764124
0.00699699,0.0052171,0.00389098,0.00778169,0.00125469,-0.000409376
0.00896278,0.00634898,0.0022203,0.00395084,-0.000200833,0.000762584
0.00583527,0.00430866,0.00253729,0.00317845,0.00128757,-0.000244038
0.0419707,0.0187872,0.0227498,0.0243236,0.00481351,0.00233527
0.00863516,0.00618576,0.00415323,0.00349003,0.000437752,0.00108428
0.0212467,0.01251,0.0110499,0.0206154,0.00521223,0.00677964
0.0158216,0.00653124,0.00868807,0.0187863,0.0045453,0.00685802
0.010483,0.00439956,0.00453093,0.00803361,0.000647283,0.000781414
0.0136836,0.00622662,0.00616622,0.00845384,5.15525e-05,0.00154439
0.0225253,0.0152663,0.0062536,0.0118387,0.00205749,-0.000217658
0.0075075,0.00494469,0.00578222,0.00540307,0.00215551,0.000356257
0.014398,0.00998201,0.00455623,0.00600051,0.00117763,0.00192502
0.0119683,0.00846821,0.00738268,0.00795577,0.00215391,0.00182651
0.0127409,0.00895956,0.0080879,0.00620901,0.00156581,0.00256971
0.00423372,0.00296382,0.00157124,-0.000216835,-0.000547298,0.000733418
0.0128705,0.00868141,0.00522356,0.00300318,0.00163238,0.00188634
0.00665177,0.0045604,0.00340053,-0.00292508,-0.000235749,0.00114657
0.0212539,0.0142697,0.010644,0.0150595,0.00197846,0.0033879
0.00812573,0.00595525,0.00301144,0.0038355,0.00135981,0.000696037
0.0218904,0.0118923,0.0140128,0.0115684,0.00272864,0.00149833
0.0170899,0.0107026,0.00648236,0.00976015,0.000926713,0.000958619
0.0073942,0.00398603,0.0038493,0.00245841,0.000808434,-0.000433211
0.0148567,0.00896899,0.00614069,0.00193468,0.000292204,0.000571611
0.00673152,0.00390272,0.00235861,0.0080768,0.00237974,0.00319187
0.0111318,0.00684884,0.00437896,0.00150326,0.00143047,0.00191108
0.0106319,0.00712673,0.00456498,-0.00123516,0.000621252,0.00182974
0.00745794,0.00549907,0.00170623,0.00233568,0.000395451,-0.000912827
0.0127199,0.00898728,0.00409804,0.00563518,0.00124054,0.00032764
0.00808956,0.00555783,0.00523919,0.0020276,0.000883928,-0.00028117
0.00986447,0.00699391,0.00426447,0.00268785,0.000676504,0.0014727
0.0228047,0.0153818,0.00870141,0.00946329,0.00309867,0.00138455
0.0103716,0.00711738,0.00429856,0.00307835,-1.04432e-05,0.000225612
0.0119067,0.00804598,0.00503175,0.00341208,0.000766348,-0.000164799
0.013549,0.0090266,0.00548868,0.0114795,0.00115113,0.000388833
0.0138017,0.00949342,0.00419584,0.00825784,0.000321433,0.000703386
0.00806203,0.00581275,0.00292996,1.20336e-05,0.000371274,0.00105127
0.0148881,0.0106738,0.00803073,0.0163609,0.00201844,0.00272818
0.00960629,0.00701088,0.00289239,0.00200442,0.00032391,0.000664656
0.0202343,0.0141576,0.00967949,0.0142099,0.00318341,0.00490283
0.00689531,0.00519131,0.00313263,0.00362931,0.000534722,0.000656307
0.0088986,0.00485402,0.00433756,0.00694469,0.00168552,0.00112728
0.0134372,0.00711261,0.00815334,0.0118745,0.00172235,0.00098393
0.00956744,0.0056531,0.00558612,0.00941274,4.38906e-06,0.000275071
0.0136308,0.00955221,0.0063886,0.010408,0.00168755,0.000639255
0.0113347,0.00792956,0.00586666,0.00567463,0.00220068,0.000417077
0.0115161,0.00777744,0.00421654,0.00462879,0.00136481,-0.000182691
0.0135612,0.00962313,0.00446349,0.0054072,0.00187514,0.00080323
0.00693218,0.00501786,0.00379435,0.00233403,0.000254303,0.00104005
0.00932006,0.00638826,0.00428107,0.00236707,0.00161447,0.00013427
0.0198099,0.0129863,0.00802147,0.00991732,0.00237502,0.000314938
0.0121837,0.00897523,0.00768687,0.0170518,0.00211549,0.00217998
0.0078538,0.00439305,0.0035115,0.0019759,0.000226883,0.00143478
0.0087485,0.00367802,0.00783924,0.0115484,0.00180839,0.00415272
0.00496697,0.00377657,0.00278489,0.0038509,0.000411068,-7.9958e-05
0.0247132,0.0156439,0.00917984,0.0167912,0.00509486,0.00943447
0.0140305,0.00616636,0.00438112,0.00766587,0.00135877,0.000569608
0.0278157,0.0138032,0.0138232,0.0192017,0.0017936,0.00151107
0.00857654,0.00602539,0.00515841,0.00401565,0.00168743,0.000934411
0.0199161,0.014044,0.00732236,0.0038854,0.00171234,0.00222299
0.00691951,0.0049518,0.00431959,0.000501532,0.000576668,-0.000340796
0.00620001,0.00468472,0.0027797,0.0028726,0.000927098,-0.000746367
0.0116804,0.00767424,0.00531435,0.00344832,0.000810937,-0.000217139
0.00857051,0.00577748,0.00437127,0.00356242,0.000914751,-0.000467136
0.0125412,0.0088558,0.0049362,0.00639407,0.00141268,0.0008033
0.00765157,0.00530762,0.00344282,0.00228763,0.00132139,0.00176802
0.016205,0.0113421,0.0103033,0.012677,0.00227539,0.002239
0.0121846,0.00857871,0.00651765,0.0105157,0.0020112,0.000799415
0.00753858,0.00555935,0.0036399,0.00322701,0.00053732,-9.32462e-05
0.00608597,0.00422053,0.00269524,0.00704599,0.000471114,0.00075581
0.00845363,0.00602936,0.00591781,0.0068756,0.00151347,0.00255957
0.0154391,0.0107888,0.00804115,0.00724639,0.00217071,0.00107171
0.00430415,0.00308066,0.00361941,0.00123479,0.00101078,0.000905829
0.00557562,0.00413103,0.00292001,0.00448138,0.000127958,0.00042647
0.0238651,0.0164733,0.0113698,0.0108094,0.00235958,0.00075238
0.0174681,0.0116546,0.0170916,0.0127194,0.00300933,0.00224178
0.00888331,0.00636398,0.00364917,0.000970203,-0.000537198,0.000852724
0.0168782,0.0117809,0.00762984,0.00783863,0.00219168,0.0018034
0.0044255,0.00317851,0.00222102,-0.000536112,0.000336236,0.000380953
0.00772643,0.00542106,0.00286527,0.00100076,0.00109343,0.000202183
0.00854869,0.00602326,0.00741658,0.00861005,0.00206629,0.000831117
0.00525812,0.0037155,0.00278261,-0.00257181,0.000135092,-0.000404336
0.00488397,0.00369278,0.0021386,-0.000144534,0.000769567,0.000591694
0.00828548,0.00581327,0.00477623,0.00402281,0.00138408,0.000766005
0.00714218,0.0047437,0.00310123,0.00158384,0.000348397,0.000788572
0.0120589,0.00861303,0.00395862,0.00130594,0.00214966,0.000265982
0.00819876,0.00595161,0.00453525,0.00367425,0.00037578,0.000968752
0.0215471,0.00982322,0.00904724,0.0121902,0.00279376,0.0012722
0.021518,0.00976017,0.00881441,0.00927781,0.0023566,0.000440764
0.0177194,0.0104606,0.00475357,0.000997544,0.00195134,-0.000237593
0.00414515,0.00311859,0.00157497,0.0020508,0.000638428,0.00025073
0.0044563,0.00356472,0.00333057,0.00553503,0.00112007,-0.000214976
0.00857369,0.00619511,0.00300911,0.00354733,0.00034221,0.000728199
0.00745018,0.00519685,0.00591207,0.02017,0.00511491,0.0131327
0.00585593,0.00428849,0.00155146,0.00104563,0.00106986,0.000367421
0.00607818,0.00417605,0.00296766,0.00221104,0.000524402,-0.000390947
0.017282,0.00877245,0.00799906,0.00818328,0.00143626,0.000736335
0.0159505,0.00807932,0.00703903,0.00712141,0.00141896,0.00103341
0.00586148,0.00339249,0.00329069,0.00194598,0.000735367,0.00159485
0.00591795,0.0040044,0.00282261,0.00239444,8.0629e-05,-0.000411413
0.00799672,0.00566651,0.00357962,0.00457832,0.000140149,0.000429749
0.0198983,0.0101968,0.00936432,0.00875595,0.00203235,0.00213252
0.00715702,0.00397019,0.00398969,0.000314521,0.000567744,0.00100877
0.00517297,0.00327697,0.00348538,-0.00221436,0.000779923,0.000630789
0.00567841,0.00307144,0.00305983,-9.67031e-05,-0.000190619,-9.52094e-05
0.0172902,0.012003,0.0189563,0.0155687,0.00291948,0.00391152
0.00782572,0.00560957,0.00390092,0.0045825,-0.000199197,-0.000651512
0.00516827,0.00381212,0.00270062,-0.000217697,0.00128607,-0.000982346
0.00795969,0.00339371,0.00386183,0.000564729,-0.000252438,0.00186638
0.0184564,0.00957033,0.0141058,0.0154373,0.00338346,0.000632439
0.0190835,0.011954,0.00933673,0.0305272,0.0114454,0.0320001
0.0157143,0.0106027,0.00516208,0.00119014,0.00131988,0.00114381
0.00439999,0.00352763,0.00251063,0.00419633,0.00143463,0.00102771
0.00441783,0.00342545,0.0025356,0.00221627,0.000219804,0.00106234
0.0332678,0.0149264,0.0170879,0.0187855,0.0038789,0.0024511
0.032495,0.0149052,0.0165477,0.018883,0.00231088,0.00216802
0.00468297,0.00324639,0.00227846,0.00277806,0.000756093,0.000699923
0.0136715,0.00977849,0.00593431,0.00370089,0.00107948,0.00176118
0.01445,0.00995217,0.00478763,0.0101658,0.00173047,0.00108249
0.0110985,0.00754506,0.00361319,0.0106758,0.00356383,0.00432705
0.0145109,0.00988221,0.00379513,0.00595058,0.000637744,0.000129605
0.0199528,0.0117,0.00788598,0.0069891,0.0015687,0.000891733
0.00719165,0.00526801,0.00403549,0.00980614,0.000791187,0.000892668
0.0165464,0.0113294,0.00394087,0.00554558,0.00177556,0.00105195
0.00984154,0.0068326,0.00340112,0.00261268,0.00153367,0.00113834
0.00743186,0.0044209,0.00598483,0.0049225,0.000796648,0.00122072
0.0143868,0.0100282,0.00682365,0.00603738,0.000599494,0.000343604
0.0142633,0.00855708,0.00806694,0.00753432,0.0011727,0.000218938
0.00796452,0.00360191,0.00395452,0.00376291,0.000675833,-2.63283e-05
0.0208927,0.0139009,0.010991,0.0111679,0.00263729,0.000815581
0.0056894,0.00407454,0.00210234,0.00632951,0.000767361,0.00201094
0.0219268,0.0100785,0.00937716,0.0219903,0.00567979,0.0115901
0.0239773,0.0116674,0.00848547,0.0240775,0.00495344,0.0112637
0.0185894,0.01125,0.0100324,0.00600061,0.00226702,0.0012014
0.0143518,0.0101527,0.00979226,0.00692461,0.0026424,8.45956e-05
0.00678491,0.00477852,0.00404409,0.00474184,0.0015095,0.00118689
0.0126488,0.00861086,0.00311023,0.00962478,0.00440696,0.00682748
0.0146154,0.00597241,0.00787322,0.0104035,0.00411353,0.00238946
0.00478529,0.00325071,0.00265518,0.00287826,1.74611e-05,0.00113782
0.0260331,0.0163501,0.0332528,0.0467809,0.0078921,0.00310432
0.00609471,0.00438887,0.00335061,0.00222985,0.00104687,0.000503128
0.0127528,0.00590765,0.0102994,0.0104455,0.00158407,0.000919215
0.0163699,0.00797137,0.00918164,0.00611347,0.00151319,0.000563197
0.0081987,0.00576942,0.00271468,0.0040807,-0.000269918,-0.000106148
0.01443,0.0100162,0.00366381,0.00626416,0.000456126,0.00131324
0.015261,0.0107788,0.0217329,0.0292051,0.00456366,0.00264706
0.0152614,0.00773356,0.00601508,0.0121502,0.00122658,0.000104795
0.0218008,0.0123499,0.00760771,0.0102133,0.000504553,0.00121508
0.00890246,0.00641507,0.00410408,0.00402289,0.00112322,0.00146378
0.00719574,0.00484914,0.00216209,0.00303058,0.000688451,0.000717689
0.0181126,0.0122822,0.00487639,0.00848067,0.0014163,0.00266071
0.00786355,0.00567651,0.00380492,0.005105,0.00238711,0.00333357
0.0111694,0.00791744,0.00589947,0.00736358,0.00196486,0.00162104
0.00709391,0.00512294,0.00255323,0.00611831,0.000565004,-0.000687792
0.0064625,0.00451702,0.00247097,0.00397889,0.00035302,0.0010198
0.00460146,0.00365377,0.00268987,0.00216562,0.000458867,-4.02703e-05
0.016882,0.0111577,0.00673525,0.0046826,0.00183775,0.00180401
0.0180258,0.00986585,0.0354818,0.042523,0.0123175,0.0122005
0.00519914,0.0034267,0.0036754,0.00687534,0.00131356,0.000792286
0.0163639,0.010978,0.00779928,0.0124235,0.00271334,0.00156585
0.00663642,0.00358076,0.00314505,0.00538996,-0.000160887,0.000757149
0.0122331,0.00849648,0.00421527,0.00326323,0.00114937,0.00146129
0.00376145,0.00318972,0.00355302,0.00101123,0.000324644,0.000970687
0.011418,0.00806663,0.00545296,0.0110344,0.0017414,0.0007762
0.00464202,0.00326824,0.00367768,0.00226502,0.0011133,0.000765089
0.00577411,0.00413422,0.00224478,-0.00412219,-0.000456668,0.000645068
0.00461726,0.00355206,0.00265734,-0.00109729,0.000176309,-0.00107892
0.0052332,0.00394947,0.00310754,-0.000577117,0.000203796,-0.000211381
0.00819857,0.00559396,0.00354665,0.00672839,0.00137105,0.00108173
0.0136899,0.00834889,0.00580841,0.0130729,0.0012211,0.00147073
0.00862129,0.00329364,0.0039637,0.00285375,0.000612966,0.000456022
0.0204538,0.0086062,0.00890111,0.0133973,0.00190802,0.00189904
0.0139056,0.00724482,0.0062008,0.00975245,0.000937864,0.000422386
0.0147178,0.00730308,0.0064524,0.0118148,0.000869202,0.00122658
0.0181338,0.0121886,0.00777432,0.0117771,0.00132459,0.00230613
0.0222134,0.014925,0.00740982,0.0100248,3.53748e-05,0.00113292
0.0201258,0.00655977,0.00733479,0.00905111,0.00119641,0.000131877
0.0141999,0.00730146,0.0055937,0.00474752,0.00115901,0.000283525
0.0115052,0.00355608,0.00633193,0.00207798,0.00122542,0.00156827
0.00975212,0.00357271,0.00489243,-0.000250716,0.00148959,-0.000169663
0.00480343,0.0034255,0.00361658,0.00284836,0.000534184,-0.000831141
0.00699459,0.00438384,0.00403206,0.00422754,0.00125788,0.0018485
0.00925262,0.00614568,0.00348503,0.00436967,0.000561848,-0.00114641
0.00579394,0.00444941,0.00218638,0.00177967,0.00105857,-0.00119005
0.0160217,0.0109092,0.00619842,0.0104698,0.00101353,0.00169893
0.0152858,0.0104614,0.00411606,0.00242121,0.000937896,0.000630119
0.0149951,0.00744031,0.00966086,0.00981797,0.00273112,-0.000138903
0.014893,0.00755087,0.00935464,0.00915771,0.00138928,-0.00109397
0.0248249,0.0152265,0.00942667,0.00869772,0.00273883,0.00167171
0.0219758,0.014808,0.00896706,0.00496165,0.00151672,0.00117921
0.0253805,0.0173058,0.0071059,0.011927,0.00303576,0.00187133
0.0130609,0.00899545,0.00549592,0.00827971,0.000859291,0.00152516
0.0120083,0.00830779,0.00499201,0.00581782,0.00179051,0.00223595
0.00513582,0.00380523,0.00123441,0.00356101,-0.000176761,0.000833491
0.00783824,0.00554948,0.00358255,0.00534021,0.000273203,0.0010898
0.00740181,0.00529918,0.00340755,0.00504198,-0.000465711,8.05503e-05
0.00577031,0.00397588,0.00270723,0.00286227,0.000806669,0.000334711
0.00859319,0.00651273,0.0033188,0.00368973,0.000977758,0.000195223
0.0132489,0.00897991,0.00579515,0.00701714,0.00149935,0.000408293
0.0048234,0.00314549,0.00168551,3.09929e-05,0.000522148,0.000590644
0.0219563,0.0134161,0.0171691,0.0228062,0.00585451,0.00169968
0.0176887,0.00701415,0.0113441,0.025321,0.00479997,0.00246162
0.00928984,0.00381752,0.0050616,0.00839498,0.000661973,0.00168571
0.00722342,0.00548524,0.00219814,0.00599157,0.000125222,-0.00059406
0.00632247,0.00437945,0.00278009,0.00551043,0.000324419,0.000441004
0.00552177,0.00414781,0.00276954,-0.000156903,0.000310269,0.000741676
0.00591306,0.00481209,0.0027896,-0.000789418,-5.72429e-06,0.000896106
0.00594852,0.00446686,0.00261072,0.00261761,0.000732009,-0.000228222
0.0079738,0.00576464,0.00429853,0.00540634,0.000183128,0.00119756
0.0180609,0.0127331,0.00717571,0.00739524,0.00212241,0.00107441
0.0143173,0.00877552,0.00495185,0.0041255,0.000470561,0.000413132
0.0251322,0.0148198,0.00954086,0.0119546,0.00187233,0.0017205
0.0137836,0.00962715,0.00631781,0.0075441,0.000100379,-0.000663987
0.00910028,0.00643704,0.0040955,0.00582526,0.00176955,0.00169404
0.0063163,0.00461292,0.00218776,0.00303485,0.00105652,0.00192845
0.0171409,0.0106101,0.00745412,0.00601353,0.00283822,0.00148179
0.0172115,0.0116886,0.00552381,0.00720916,0.00190421,0.00106549
0.0297855,0.0148298,0.0215224,0.0209705,0.00598723,0.0047936
0.0145454,0.0102543,0.00519602,0.0105598,0.00109077,7.58688e-06
0.00926245,0.00646396,0.00937108,0.0106946,0.00207356,0.0018146
0.0137991,0.00996162,0.00839018,0.0112985,0.00295011,0.00190963
0.00651605,0.00466429,0.00313745,-0.00176656,0.000403427,0.00151377
0.00860554,0.00620181,0.00383604,0.00820718,0.000556,0.000839844
0.00810186,0.00586118,0.00441033,0.00225931,-0.000221855,0.00052419
0.00817474,0.00489564,0.00436473,0.0025725,0.000758374,-0.000242698
0.0200601,0.0110174,0.0118842,0.0130709,0.00239063,0.00264297
0.00852736,0.00586969,0.00146428,0.00565115,0.00211523,0.00688841
0.00998713,0.00449365,0.00407166,0.00571568,0.00122624,0.000173714
0.0164124,0.00624958,0.0075129,0.00383094,0.000641963,0.000300617
0.00676336,0.0049842,0.00743587,0.0134221,0.00456228,0.00818422
0.0053964,0.00420118,0.00219198,0.000284328,-0.000522787,-0.00125747
0.0084532,0.00491221,0.00523445,0.00393245,0.00111068,8.62556e-05
0.00988248,0.00561981,0.00367011,0.00460093,0.000250147,-0.000465193
0.00740881,0.0050444,0.00418439,0.00685148,0.00278547,0.000421739
0.00925933,0.00663579,0.0048354,0.00710243,0.00120657,0.00163032
0.0155028,0.0100809,0.0082647,0.00970364,0.00154678,0.0015198
0.0185601,0.009623,0.0109383,0.0134598,0.00390299,0.00147892
0.0175044,0.00947318,0.0102153,0.0139148,0.00274659,0.00216721
0.00803297,0.00561144,0.00387825,0.00367796,0.000948884,0.000568293
0.0101031,0.00714577,0.00354632,0.00835117,0.00254345,0.000669727
0.0115767,0.007892,0.0046671,0.00126041,0.00147525,0.00110258
0.0100656,0.00715765,0.00445999,1.71122e-05,0.000397874,0.000507848
0.0160802,0.00823815,0.00791835,0.00959063,0.00164238,0.00302635
0.0172759,0.0064883,0.00758455,0.0115042,0.00284678,0.00266055
0.0121783,0.00630412,0.00581883,0.00926364,0.00172182,0.00207647
0.0119052,0.00622557,0.00632199,0.00951369,0.00224037,0.00057589
0.012503,0.00613097,0.00627246,0.0118271,0.00174058,0.000959024
0.00411714,0.00315396,0.00251772,0.00298449,0.000120113,-0.000179353
0.0136203,0.00909776,0.00425261,0.00872614,0.000831814,0.000506303
0.00823909,0.00561845,0.00450923,0.00428909,0.000963537,-1.47518e-05
0.0286735,0.0136295,0.0307739,0.0363171,0.00844588,0.0043327
0.00693039,0.00513547,0.00390431,0.00529625,0.00176429,0.000827134
0.0109563,0.00787243,0.00357238,0.00117925,0.000273297,0.00019952
0.0223622,0.0151484,0.0161569,0.0148234,0.00383858,0.00420333
0.00814843,0.00486747,0.00295177,0.00455585,0.000212561,0.00119049
0.0252082,0.0152879,0.0111627,0.00842621,0.0016356,0.00219289
0.011197,0.00749843,0.00398367,0.00137989,0.00091912,-0.000111632
0.00855962,0.00623673,0.00405316,0.000776543,0.00120954,0.000509971
0.0108131,0.00494671,0.00557632,0.00623316,0.000916499,0.00147045
0.0228912,0.00786526,0.0121938,0.00989092,0.00347774,0.00113568
0.0209569,0.00798073,0.0114675,0.00895962,0.0031011,0.000696538
0.0088889,0.00671779,0.00284031,0.00946789,0.000982389,0.000966494
0.00739033,0.00550586,0.0041315,0.00753513,0.0010079,0.00116387
0.0145425,0.00976225,0.00437114,0.00710011,0.000828065,0.00153387
0.0197128,0.0133242,0.00606272,0.01104,0.00237443,0.000460285
0.00870582,0.00596117,0.0070157,0.0058576,0.000724552,0.000271784
0.0186546,0.0127576,0.0101836,0.0112412,0.00265929,0.00132498
0.0209274,0.00757784,0.0119867,0.0169341,0.00424459,0.0079616
0.0189485,0.00749156,0.0103322,0.0134549,0.00360613,0.00540635
0.00715151,0.00507702,0.004627,0.00991177,0.00204921,0.0013216
0.00886671,0.00622498,0.00235125,0.00470715,0.00146818,-0.000577171
0.00454962,0.00356475,0.00256604,-0.00274375,0.000849805,-0.000172962
0.00578861,0.00444101,0.00241536,-0.00119608,9.44795e-05,0.00132647
0.00703728,0.00504184,0.00357802,0.00364073,0.000869649,0.000809303
0.00762589,0.00590198,0.00312303,0.00414964,-0.000116769,0.000508426
0.0346171,0.0170114,0.0151747,0.021508,0.00430846,0.00412484
0.00429901,0.00328734,0.00267437,0.00657894,-0.000525277,0.00114018
0.0102107,0.00709191,0.00410185,0.00188428,0.000256616,0.000450716
0.0124518,0.00909159,0.00660299,0.0072649,0.00125363,0.000125196
0.0180566,0.00982314,0.0103008,0.0138785,0.00184563,0.00115869
0.0196788,0.00975677,0.0110842,0.0152077,0.00180394,0.000985904
0.00749061,0.00573245,0.00322714,0.00490318,0.000289116,0.000304898
0.0106556,0.00470432,0.00555478,0.00776263,0.0020332,0.00160133
0.00753391,0.00459734,0.00309951,0.00370585,0.00153367,0.00130743
0.0121679,0.00859344,0.00362491,0.00381774,0.00127348,0.00111971
0.035194,0.0179889,0.0195472,0.0160648,0.00416124,0.00445227
0.00516771,0.00379384,0.00262727,0.0044797,0.000768098,0.00214658
0.0102136,0.00494898,0.00456266,0.0074647,0.000474227,0.00112645
0.00834425,0.00494689,0.00381107,0.00550112,0.0010239,0.00120145
0.0179354,0.0120485,0.00998144,0.0139297,0.00241458,-2.14268e-05
0.00559022,0.00372014,0.00253966,0.0014588,0.00166753,7.30646e-05
0.00969642,0.00539922,0.00745054,0.00155025,0.00077082,0.00016161
0.00644147,0.00402849,0.0035171,-0.00254626,0.000819638,0.000761749
0.0109799,0.00745073,0.00712897,0.00366134,0.00162766,0.00117554
0.0044768,0.00308712,0.00291598,-7.32977e-06,-0.000799361,0.000974071
0.00504613,0.0034344,0.00264697,0.00502971,0.00163138,-0.000259639
0.0117751,0.00864774,0.00600978,0.00364238,0.00182383,0.00158424
0.0105819,0.00565109,0.00620078,0.00954922,0.00277315,0.0017398
0.0136456,0.00770968,0.00472929,0.0057537,0.00126639,0.00023173
0.00546881,0.00367349,0.00234997,-0.00296576,0.00105514,-4.20802e-05
0.0100242,0.00734678,0.00595759,0.00814177,0.00190716,-0.00030152
0.0183814,0.00939741,0.00854764,0.00944047,0.00208451,-3.43531e-06
0.0146572,0.00976511,0.00463337,0.00311917,0.000471233,0.00136046
0.00822654,0.00558879,0.00333273,0.00468757,9.01977e-05,0.0003165
0.0239949,0.0116234,0.0108593,0.0113398,0.0033862,0.00100531
0.0375275,0.0206348,0.0144575,0.0158817,0.00421517,0.00161866
0.0193839,0.0117575,0.00626064,0.0110467,0.00254119,0.000829032
0.0190817,0.0118164,0.00631997,0.0095023,0.00238459,0.000351073
0.0224239,0.0144535,0.00890562,0.00337692,0.0013665,0.00116213
0.00943401,0.00663076,0.00349183,-0.000235115,0.00070497,0.000688157
0.00675815,0.00331491,0.00246419,0.0022705,0.000879979,0.00144683
0.0111188,0.00678391,0.00437704,0.00288991,0.00142589,0.000841629
0.00615848,0.00438857,0.00258397,0.00254815,0.000417186,0.0013587
0.00808178,0.00565466,0.0105964,0.0122372,0.000963859,0.00254829
0.0153007,0.0102531,0.00646608,0.0107667,0.00203515,0.000215978
0.00739136,0.00490959,0.00314527,0.00296565,0.00158975,0.000685045
0.0044287,0.00325296,0.00242334,0.00103272,0.000719338,0.00185349
0.0106696,0.00726961,0.0110834,0.0147338,0.00349056,0.00107775
0.0211572,0.0143637,0.00802484,0.00428386,0.00219513,0.00363428
0.0201204,0.014096,0.00915288,0.00641397,0.00326849,0.00177573
0.0221569,0.0147748,0.0115321,0.0125041,0.0024943,0.00354074
0.0126603,0.00840459,0.00754043,0.0130344,0.00179234,0.00205076
0.0070347,0.00485643,0.00278605,0.00266615,0.00060669,0.000512301
0.00777902,0.00545258,0.00335827,0.00494588,0.000227193,0.000758124
0.00621609,0.00440409,0.00433239,0.0072666,0.00223557,0.00056165
0.0353193,0.0167821,0.0141942,0.0112373,0.00250846,0.00279053
0.0385525,0.0183915,0.0148038,0.011412,0.00269107,0.00154
0.017579,0.0120854,0.0115677,0.0211771,0.00254461,0.000795439
0.0103843,0.0069682,0.00968428,0.00971011,0.00221813,0.00247402
0.00562078,0.00411688,0.00264851,0.00572349,-0.000341921,0.000483189
0.00826286,0.00595581,0.0018366,0.0026073,0.000994308,0.000524505
0.0253977,0.0141715,0.0144528,0.0171266,0.00384204,0.0028199
0.0296918,0.0142292,0.0153307,0.0182183,0.00480457,0.00318796
0.0160235,0.0064304,0.00564929,0.00896574,0.00169784,0.00121133
0.0115212,0.00842633,0.0100428,0.0124791,0.00397016,0.00195448
0.0117021,0.00568423,0.00585796,0.0035687,0.000800275,0.000394228
0.0108469,0.00743325,0.00667576,0.00870471,0.000300081,0.00157594
0.00941594,0.00648915,0.004607,0.00609431,0.00175353,9.45478e-05
0.0204653,0.00777305,0.00785079,0.0112203,0.00206266,0.00133874
0.0187139,0.00784433,0.00650855,0.0106726,0.00100085,0.00239654
0.0103452,0.00739689,0.0038447,-0.000298322,0.000198075,0.000543803
0.00453561,0.00342411,0.00225983,0.00421325,0.000708145,0.00219757
0.0164638,0.0080583,0.00765129,0.0074352,0.00324103,0.0057037
0.0053489,0.00380834,0.00262669,0.00219196,0.000446608,0.000492678
0.00500282,0.0032352,0.00262527,0.00319272,-0.000791081,8.87208e-06
0.0145017,0.0100603,0.00541126,0.00889472,0.00117375,0.000264154
0.0143682,0.00999666,0.00793003,0.00852372,0.00232832,-0.000294651
0.0107743,0.00756993,0.00352009,0.0102223,0.00259327,0.00169244
0.00992185,0.00705705,0.00361521,0.00524141,0.00126225,0.000170998
0.0105518,0.00733542,0.00835896,0.0101311,0.00120186,0.00111937
0.0143305,0.00990209,0.00634843,0.00715014,0.000982851,0.00173029
0.0384403,0.0210421,0.0137699,0.0149754,0.00259844,0.00270074
0.0199498,0.0140391,0.0116367,0.0267937,0.00510757,0.00707975
0.0186465,0.0130618,0.00662067,0.00140732,0.00168677,0.000450795
0.0154974,0.010159,0.00811414,0.0160939,0.00169499,0.00113347
0.00928228,0.00617246,0.00213655,0.00289737,0.00119578,0.000322197
0.00653555,0.00490016,0.00340872,0.00212238,0.000385074,0.000702328
0.01541,0.010823,0.00711642,0.00632085,0.000907784,0.000162838
0.00874166,0.00430995,0.00487645,0.00402383,0.00077646,-0.000740589
0.00851319,0.00427264,0.00459419,0.003834,0.000325132,0.000659189
0.0122878,0.00887712,0.005072,0.00114594,0.000709708,0.00244125
0.00535258,0.00370492,0.000962933,0.00248499,0.000705851,-7.04175e-05
0.0174261,0.0114905,0.0076132,0.0115981,0.00179106,-0.000136713
0.0119123,0.0083459,0.00618607,0.00873342,0.00291569,0.00135341
0.00714911,0.00490868,0.00256339,0.00142447,0.000705509,0.00224147
0.0154215,0.0109594,0.00816501,0.00873564,0.00295809,0.00466149
0.0307845,0.0146719,0.026244,0.0301404,0.00805214,0.00422852
0.0287009,0.0144136,0.022987,0.0243296,0.00548341,0.00244081
0.00578314,0.00404389,0.00267638,-0.000278827,1.77943e-05,0.00130885
0.00455916,0.0033345,0.00243426,0.00059346,-0.000159214,0.001209
0.00804524,0.00584384,0.00564884,4.9456e-05,0.000484777,0.000399384
0.0183436,0.0107133,0.00627448,0.00937535,0.00258252,0.00214486
0.0143115,0.00463375,0.0111344,0.0267269,0.00861897,0.0198306
0.0127583,0.00584727,0.00821483,0.0187998,0.00485789,0.0104177
0.00994332,0.00706407,0.00505217,0.00205598,0.00126297,0.000533626
0.00492802,0.00346481,0.00418476,0.0112467,0.00255933,0.00769847
0.00952974,0.00663797,0.00544059,0.00616148,0.000609782,0.00142749
0.0126504,0.00511607,0.00842566,0.0150108,0.00232541,0.000949789
0.0117478,0.00512223,0.00597029,0.00592435,0.00103456,-0.000415413
0.00579426,0.00397887,0.00351171,0.0018094,-0.000174181,-0.000418348
0.00811452,0.00415023,0.00314203,0.00125072,0.000845838,0.00116066
0.00617313,0.00439893,0.00361565,0.0013522,0.000712559,0.000633028
0.0126117,0.00852289,0.00710916,0.0094894,0.00119012,0.000726259
0.0116049,0.00837454,0.00421634,0.00931802,0.00124855,0.000241077
0.0149337,0.0106006,0.00799025,0.00551888,0.00133837,0.000875031
0.013177,0.00934897,0.00501052,0.00914224,0.00126073,0.00165732
0.00524472,0.00367346,0.00279659,-0.00100647,-0.000813455,-0.000490174
0.00624605,0.00428518,0.00451689,0.00844054,0.00210747,0.000757737
0.0144985,0.00931358,0.005891,0.00670462,0.00173349,0.000965561
0.0134165,0.0092901,0.0124675,0.013561,0.00298673,0.00212957
0.0122385,0.00837208,0.0034756,0.00267408,0.00159394,-6.44942e-05
0.0108133,0.00706668,0.00490478,0.0114169,0.00192877,0.000899894
0.0134735,0.00945599,0.00292375,0.00346567,0.000837997,0.000595678
0.0121541,0.00801613,0.00399897,0.00891597,0.00117729,0.000758519
0.00603796,0.00445931,0.00321113,0.0029599,3.28376e-05,5.04246e-05
0.0124613,0.00859077,0.00473676,0.00550783,0.000103408,0.000189951
0.0164213,0.0117051,0.00640415,0.00456958,0.00126892,0.000540622
0.0226744,0.0150069,0.0226244,0.0398933,0.0106713,0.0131768
0.0109772,0.00769678,0.00363496,0.00289576,0.000547939,0.000279676
0.0179539,0.00731148,0.00726743,0.0107633,0.00147123,0.00259908
0.0183677,0.00731395,0.00705548,0.00979317,0.00170273,0.0020615
0.0198491,0.0137613,0.0113731,0.0155968,0.00149766,0.00236995
0.00666982,0.00356492,0.00312094,0.00342291,0.00033583,0.00077588
0.00640465,0.00452549,0.00344613,0.00307287,-0.000619803,-0.000199562
0.00620802,0.00401234,0.00430258,0.0043483,0.00139038,0.000555653
0.00808412,0.00574349,0.00325579,0.00560929,0.00186025,0.00124192
0.00962733,0.0038511,0.00547491,0.00369818,0.00171899,-0.000142191
0.010141,0.00376397,0.00541824,0.00463458,0.0020182,-0.00107707
0.00466685,0.0034615,0.00249483,0.00138331,8.57235e-05,-0.000776296
0.0165105,0.0117744,0.00814775,0.0105332,0.00202441,0.000117902
0.0121902,0.00838095,0.00449995,0.00607488,0.00150697,0.000999908
0.00723322,0.00501228,0.00510643,0.00496495,0.000382672,0.000825286
0.00458293,0.00339136,0.00235557,-0.00110475,3.39796e-05,-0.000520934
0.00696947,0.00502003,0.00314898,0.00229923,0.00133906,0.00104758
0.0226296,0.0159875,0.0102644,0.0105599,0.00194296,0.00207674
0.0127379,0.00613339,0.0071235,0.0114203,0.00150452,0.00160905
0.0215114,0.0098051,0.0082789,0.0141407,0.00121567,0.00298012
0.0294997,0.0159671,0.0144454,0.019255,0.00288176,0.00146233
0.0236843,0.0133669,0.0119766,0.00992974,0.00212782,0.000808294
0.0246287,0.011792,0.0108463,0.010572,0.00101876,1.52169e-05
0.0144019,0.0102688,0.0095504,0.0106023,0.00242156,0.0014567
0.0190744,0.0128493,0.00379109,0.004018,0.00195439,0.00119339
0.00439728,0.00312633,0.00167416,0.00246102,-0.000807903,0.000343183
0.022776,0.0152872,0.0106682,0.0163565,0.00328424,0.00408924
0.00990847,0.0069149,0.00391583,0.000780999,0.00138795,0.000633194
0.0152616,0.0105426,0.00787219,0.0117128,0.00216491,0.000601392
0.00878127,0.00656446,0.00595921,0.00538617,0.000395338,0.00112538
0.00581222,0.00388837,0.00232598,0.00240774,0.000712668,-0.000337115
0.00907785,0.00646273,0.0065885,0.0106746,0.0016455,0.00230953
0.0106084,0.00759448,0.00442738,0.00496943,0.000469009,0.00121636
0.00799554,0.00541079,0.00657048,0.0100352,0.00220263,0.00200372
0.00446436,0.00336417,0.00152863,-0.00095962,0.000819815,0.000396415
0.00798059,0.00548056,0.00353118,0.00139097,0.000788617,8.92398e-05
0.0142536,0.00532686,0.00597369,0.00778508,0.00125096,0.00194821
0.0137101,0.00524474,0.00591422,0.0066678,0.000626062,0.00105558
0.00554008,0.00372905,0.0023091,0.00284806,-0.00025221,-0.000163233
0.00806917,0.00460747,0.00312759,0.00701959,-0.000694141,-0.0010341
0.0059785,0.00441569,0.00317472,-5.86318e-05,0.000676139,-0.000163021
0.00399507,0.00298711,0.00235117,0.000265984,-0.000387384,0.000646999
0.00904045,0.00627077,0.00475168,0.00194846,0.0012372,0.000538377
0.00509116,0.00399338,0.00326521,0.0008606,-0.000248663,-9.26436e-06
0.00746394,0.00303508,0.00413475,0.0056355,0.00121239,0.00217925
0.0080973,0.00341877,0.00437869,0.00559272,0.00115381,0.00115096
0.0054443,0.00378822,0.00479194,0.00425773,0.00125451,-0.00072172
0.0101984,0.00642108,0.00695885,0.00816549,0.00146337,0.000421666
0.0239595,0.0155411,0.0218646,0.025398,0.00422364,0.00246244
0.0125394,0.00811576,0.0033361,0.00801754,0.000537831,0.00105156
0.0261088,0.0174161,0.0164849,0.0230573,0.00378344,0.00375305
0.022683,0.0154207,0.0109793,0.0135531,0.00233091,0.00321691
0.0257774,0.0129272,0.0114729,0.00801984,0.00158785,0.00238452
0.026681,0.0128165,0.0111787,0.007218,0.00183256,0.00246455
0.0168191,0.0115763,0.00500744,0.00798326,0.000855621,0.000227626
0.0094103,0.00430126,0.00481656,0.00735649,6.16375e-05,-0.000368455
0.0147449,0.0091507,0.00875066,0.00776725,0.000657326,4.05273e-05
0.0169633,0.011547,0.00522888,0.00959967,0.000808574,0.0021812
0.0125234,0.00862186,0.00794349,0.00831987,0.00194413,-0.000164144
0.0118228,0.00789278,0.00402908,0.000947342,0.00154532,0.000371706
0.00644522,0.003664,0.00276902,0.00232283,0.000331196,-0.000884479
0.0169811,0.0117638,0.00447873,0.00680551,0.00136445,0.000429657
0.0091837,0.00614274,0.00291628,0.000181741,0.000657417,-0.000114768
0.00765641,0.00523084,0.00244162,0.00306072,0.000160182,0.000815348
0.0100621,0.00667636,0.00434119,0.00795888,0.00258081,0.00408017
0.00781095,0.00524631,0.00280265,0.0103544,0.00115844,0.0027172
0.0119559,0.00820274,0.00553332,0.00645846,0.00150083,0.000208929
0.00880038,0.00527109,0.00377903,0.00781927,0.00156503,-0.000356517
0.00783399,0.00389966,0.00320217,0.00108035,0.00060964,0.000430942
0.00627025,0.00321656,0.00384977,0.00270329,-0.000110375,-0.000302366
0.0108789,0.00636979,0.00534694,0.00445694,0.000657755,0.000506849
0.0147316,0.00941395,0.00730394,0.00288732,0.00122856,0.000700777
0.0139969,0.00808454,0.00594714,0.00745853,0.00139186,0.0012096
0.0196514,0.00761633,0.00893724,0.0124466,0.00103486,0.00225613
0.0136462,0.00737479,0.00586082,0.00939691,0.0011369,0.0019959
0.00811318,0.0057967,0.00441023,0.000920368,0.000721548,0.0024468
0.0129346,0.00812972,0.00650211,0.00542089,0.00157197,0.00191131
0.00782796,0.00568662,0.00400056,0.0081191,0.00156561,0.00229384
0.0119247,0.00630535,0.00484405,0.0100099,0.00287698,0.0037165
0.0348095,0.0228587,0.0215663,0.0306621,0.00634723,0.00309235
0.00455103,0.00342452,0.00240967,0.00423264,0.000348777,0.000799888
0.00407742,0.0030433,0.00157223,0.000717627,-0.000367428,0.0007462
0.00529586,0.00372743,0.00221237,0.00474607,-0.000270611,0.00098451
0.02518,0.0136012,0.00895698,0.0152619,0.00548361,0.00575169
0.0324498,0.0174977,0.0291674,0.0526176,0.0139182,0.0217809
0.0109059,0.00773253,0.00480977,0.00879191,0.000601018,0.000550898
0.0252978,0.0113065,0.00909052,0.020914,0.00481674,0.0136079
0.0227189,0.0110741,0.00727914,0.018608,0.00463777,0.0142533
0.0123241,0.00575776,0.00591716,0.011212,0.00230177,0.00635456
0.0111257,0.00547018,0.00655204,0.0114428,0.00356753,0.00472178
0.0183365,0.0116605,0.00924838,0.0149167,0.00402468,0.00600044
0.0144627,0.00968023,0.00349343,0.00722345,0.0016781,0.0017194
0.0133684,0.00947339,0.00469655,0.00640486,0.000784701,0.000820013
0.0180438,0.0127504,0.00627823,0.00532663,0.000730517,0.00129998
0.0137996,0.00661622,0.0079238,0.00621526,0.00130391,0.00114333
0.0269255,0.0177604,0.0123398,0.0128978,0.00206338,0.00190957
0.0142045,0.010302,0.00410941,0.00429607,-0.000248519,0.000152155
0.0195531,0.0130372,0.00744662,0.0108164,0.0028538,0.001869
0.0076051,0.004199,0.00318938,0.00497758,-4.99474e-05,0.00111524
0.00455096,0.00318624,0.00191159,0.00191518,9.78918e-05,0.0018365
0.0159991,0.0101541,0.0170698,0.0395848,0.0122036,0.023796
0.00801582,0.00567986,0.00599086,0.00769658,0.00069839,0.00149773
0.00691753,0.00516572,0.00297143,0.00455619,0.000590881,0.00120462
0.0117032,0.00814946,0.00385972,0.00437728,0.0010634,-0.000416239
0.00553954,0.00380045,0.00288871,0.00251705,0.000304792,1.42456e-06
0.0369791,0.0220245,0.0229438,0.0331754,0.00821721,0.00673173
0.00917148,0.00564882,0.00484363,0.00438508,9.49085e-05,-0.000511943
0.0137666,0.00838991,0.0059559,0.00682536,0.00143773,-0.00143605
0.0189295,0.0132705,0.0108129,0.0128028,0.0026245,0.00145372
0.0184738,0.012873,0.00775965,0.0121489,0.00302918,0.00257722
0.00533566,0.00383183,0.0029959,0.00170914,0.000687453,-0.000440278
0.00716993,0.00532362,0.00349566,0.00427263,0.00122485,0.00146217
0.0191626,0.00884142,0.0079488,0.00759497,0.00140868,0.0017369
0.0198362,0.00873979,0.00801577,0.0105142,0.00113745,0.000496424
0.0129309,0.00923028,0.00454237,0.00887809,0.00236431,0.00549789
0.0111199,0.00762353,0.00374745,0.00659779,0.000593187,0.000809154
0.00761128,0.00490563,0.00343206,0.00242806,0.000151845,0.000478766
0.0130894,0.0082483,0.00359763,0.00117705,-0.000357319,0.000370005
0.0139834,0.00753413,0.00628897,0.0139229,0.00283041,0.00158471
0.012175,0.00531957,0.00830863,0.0163359,0.00376443,0.000138087
0.00385679,0.00304258,0.0014912,0.00060897,2.49162e-05,-0.000569603
0.00874977,0.00650352,0.0028581,0.00297181,0.000863952,0.00108019
0.00664286,0.00465552,0.00306601,0.0060561,0.000798907,0.0021453
0.038442,0.0194528,0.0178648,0.0265875,0.00596182,0.00457807
0.027713,0.0129666,0.00877703,0.015668,0.00240939,0.00250201
0.00893025,0.00667449,0.00285828,0.000823423,7.52462e-05,0.00161247
0.0137989,0.0100967,0.00657059,0.0137199,0.00340981,0.0110111
0.0177847,0.0114017,0.00836933,0.0140066,0.00360115,0.00636064
0.00993275,0.00464083,0.00499713,0.00556505,0.00109947,0.00230659
0.0107837,0.00660026,0.00912203,0.0066118,0.00159621,0.00153788
0.00667143,0.00490964,0.00267248,0.000309776,0.000611599,-0.000520785
0.0102419,0.00684359,0.00760734,0.00877076,0.00134194,0.00157528
0.00436862,0.00327082,0.00125471,7.26068e-05,0.000859119,-0.000503432
0.00688421,0.00468042,0.00584804,0.0075802,0.0014979,0.00158132
0.0132455,0.00885144,0.00322186,0.00653188,0.00174818,0.00138351
0.0183154,0.0127891,0.00745273,0.00286885,0.00150208,0.000939891
0.0206128,0.0129373,0.00764207,0.00130095,0.00114867,0.0013117
0.0067523,0.00453448,0.00648138,0.00383252,0.000584036,0.000740649
0.00631136,0.00482016,0.00313233,0.00281265,0.00112231,0.000678663
0.00844128,0.00612816,0.00200514,0.0034228,0.0012414,0.000392456
0.0067924,0.00356592,0.0035424,0.00126494,0.000780173,0.00127766
0.00462835,0.003201,0.00326938,0.00398745,0.0010326,0.000676526
0.0187774,0.0111635,0.0157538,0.0250346,0.0045736,0.004156
0.00801932,0.00577011,0.00411069,0.00807709,0.00128382,0.00173895
0.0156698,0.0105772,0.0121622,0.082321,0.0376334,0.104119
0.00648638,0.00442211,0.00405742,0.00309898,0.00332988,0.0007418
0.0289081,0.012685,0.0128469,0.0103717,0.00293089,0.000820391
0.0265192,0.0121918,0.0118376,0.00902148,0.00229469,-0.000233019
0.00651004,0.00482006,0.00169122,0.00747214,0.000568018,0.000752199
0.0150274,0.0100737,0.00585241,0.0140008,0.00227298,0.00119891
0.0379055,0.0175615,0.0238963,0.0305706,0.00834535,0.00666677
0.00821018,0.00552657,0.00377004,0.00536117,0.000871186,-0.00127098
0.00482258,0.0036904,0.00213664,-0.00125299,0.000353781,-0.000296535
0.0156146,0.0109831,0.00713093,0.00611109,0.00248196,0.000676562
0.0152748,0.0106706,0.00645722,0.00595465,0.00148076,0.000450555
0.0144274,0.00803225,0.00622529,0.00309313,0.000906732,0.000473323
0.0149997,0.00804762,0.00630702,0.00243211,0.00119039,-0.000324953
0.00635528,0.0047916,0.00313464,0.00371919,0.00147657,0.00169293
0.0042146,0.0032664,0.00177563,0.00143714,0.000806486,0.00068862
0.00534326,0.00384742,0.00230901,-0.00099683,0.000364588,0.000563811
0.00800494,0.00557318,0.00672547,0.0108801,0.0018787,0.000601753
0.00541718,0.00390069,0.00438476,0.00626305,0.00103449,0.0006258
0.010847,0.00568819,0.00560029,0.00311613,0.00184839,0.00180085
0.00963033,0.00548668,0.00492976,0.000702492,0.00165439,0.000777854
0.0101801,0.00724741,0.00929162,0.0132536,0.0026268,0.00147644
0.0191478,0.0129799,0.00884333,0.00641597,0.00154034,0.00195495
0.0171895,0.00686532,0.00629747,0.00619109,0.00162754,0.000841536
0.0117612,0.00773902,0.00401767,0.00194065,0.00121732,0.00069008
0.0113913,0.00811405,0.00363309,0.00460878,-0.00073546,0.00182004
0.0126481,0.00857367,0.00638794,0.008007,0.00242323,-0.000249749
0.00956504,0.00669322,0.00314306,-0.00127794,0.00124056,0.00191761
0.0110019,0.0077869,0.0054656,0.00884608,0.00153539,0.00161721
0.0124414,0.00906014,0.00991377,0.0122387,0.00269886,0.00113569
0.00713358,0.00549284,0.00312913,0.00423002,0.00155524,-0.000718715
0.0151034,0.0100986,0.00437175,0.00698075,0.00156164,0.00199415
0.00907346,0.00673385,0.00329599,0.00300587,0.000126424,-0.000690631
0.0128407,0.00913516,0.00554256,0.00495787,0.0011876,0.00087721
0.00495592,0.00416647,0.00296199,0.00379604,0.000610896,0.000616327
0.0175247,0.0122153,0.00524235,0.0133356,0.00282884,0.00100821
0.0119318,0.0085973,0.00679027,0.0129858,0.00293807,-0.000494665
0.016488,0.011104,0.00771106,0.00900127,0.00106113,0.00160427
0.0177447,0.0106776,0.00906107,0.00984917,0.00219362,0.000318855
0.00859212,0.00476957,0.00449802,0.00530619,0.000874841,8.73412e-05
0.00918897,0.00462671,0.00458474,0.00435059,0.000714042,0.000726212
0.00486555,0.0034411,0.00214558,0.000555919,-0.000711412,0.000447948
0.019185,0.0120666,0.00728113,0.00822029,0.00206121,0.0014656
0.00503545,0.00385024,0.00321906,0.00340388,0.000186573,0.0011159
0.020447,0.0145091,0.00644757,0.0139226,0.00143045,0.00261792
0.00887964,0.00565473,0.00542986,0.0032288,0.00063183,0.00104197
0.0143034,0.0100215,0.0100645,0.0139713,0.00232625,0.00206052
0.0113189,0.00786121,0.00544079,0.00607589,0.000312844,0.000643563
0.0152725,0.0104047,0.00573519,0.00784072,0.000746924,0.000892677
0.00953234,0.00663227,0.00371911,0.00555265,0.000978553,0.000272744
0.00570116,0.00447382,0.00131215,-0.00123257,0.000649002,-0.000703621
0.0101235,0.00717603,0.0041535,0.00363197,0.0013549,0.000450485
0.0219925,0.0152894,0.0080322,0.0118434,0.00355877,0.00190366
0.0128269,0.0089764,0.00566564,0.0065915,0.00218333,0.000318488
0.0120514,0.00824449,0.00523618,0.00730328,0.00109761,0.000392263
0.0130121,0.00745305,0.0102097,0.0110828,0.0021869,-0.000168697
0.0125945,0.00737379,0.00365798,0.0101699,0.00490984,0.0105989
0.0108785,0.00649558,0.00446936,0.00643647,0.000780126,0.000778544
0.0043456,0.00298865,0.00353856,0.00397174,0.000164149,0.000783024
0.0117978,0.00510932,0.00599223,0.00985861,0.00120449,0.00122068
0.0122186,0.00501479,0.00644056,0.0116761,0.00155357,-8.58851e-05
0.0129764,0.00973389,0.00660773,0.00839913,0.00175409,-0.000428905
0.0156183,0.0112333,0.0131571,0.0195389,0.00336976,0.00235395
0.0337508,0.0208139,0.020645,0.0338889,0.00639924,0.00391738
0.00491591,0.00373048,0.00296176,0.00107588,0.000607122,-0.000466217
0.00943481,0.00626226,0.00487522,0.00397672,0.00108996,-0.000295979
0.006924,0.00430274,0.00278533,0.00222683,0.000511719,0.00011082
0.00856265,0.00423407,0.00466092,-0.000406239,0.00177555,0.00117911
0.0111836,0.00370621,0.00571596,0.00224778,0.00127959,0.00203102
0.0245372,0.0142445,0.0135037,0.0186319,0.00382098,0.000158476
0.0212279,0.0143997,0.0116202,0.0161963,0.00223869,0.000404371
0.018951,0.0123043,0.00997596,0.0149925,0.00433248,0.00104048
0.0125541,0.00879599,0.00402635,0.00693884,0.00187506,0.00188293
0.0337705,0.0139856,0.0155322,0.019494,0.00441129,0.00220897
0.0185301,0.0131712,0.00664896,0.0113031,0.00425575,0.000919402
0.00714339,0.00510476,0.00292462,0.00733138,0.000359697,7.56291e-05
0.00529703,0.00424205,0.0028468,0.001642,-3.41781e-05,0.00146091
0.0116501,0.00785635,0.00511959,0.00597542,0.0012259,0.000955001
0.0126393,0.00885696,0.0080165,0.0100157,0.00212228,0.000864109
0.0151139,0.00652137,0.00623634,0.00856053,0.00264001,0.000262065
0.0152003,0.00648408,0.00569845,0.00849685,0.00207436,0.000264514
0.00797082,0.00568176,0.00326363,0.00554764,0.001218,-0.000718846
0.0273999,0.0103741,0.0145253,0.0176706,0.00241645,0.000762586
0.00430328,0.00332319,0.0027978,0.000710744,0.000620406,8.65441e-05
0.0101779,0.00653171,0.00599563,0.0167083,0.00617475,0.0167593
0.0161635,0.0105815,0.00719062,0.0130915,0.00193725,0.0062005
0.0119818,0.00845423,0.00544875,0.00504675,0.00165121,0.000652146
0.00624429,0.00420697,0.00287986,0.00255176,0.000368314,-0.000708253
0.00726128,0.00298769,0.00356338,0.0046696,0.00111728,3.47784e-05
0.00857768,0.00467477,0.00358183,0.00587255,0.000619984,0.000734309
0.0172987,0.00979329,0.00855257,0.00516589,0.00139791,0.000119753
0.00635082,0.00476322,0.00271291,0.00759841,0.000516302,0.000709015
0.00937346,0.00646188,0.00420188,0.00760573,0.00201355,0.00511103
0.00976074,0.00702269,0.00315559,0.00095734,0.00163526,-0.00033704
0.00869593,0.00384018,0.00448421,0.00508103,-0.000367754,0.00181666
0.00830691,0.00379404,0.0045193,0.00576262,-6.55122e-05,0.00241779
0.00484545,0.00375566,0.00250224,0.00152545,0.000131067,0.000237806
0.0253962,0.0122401,0.00808789,0.0173042,0.00356855,0.00137424
0.0132301,0.00539542,0.0126329,0.0151174,0.00305509,0.00214625
0.0288317,0.0177866,0.0444403,0.0446206,0.00856336,0.00458419
0.0108116,0.00792569,0.00639365,0.00665987,0.000584901,0.000200835
0.0120755,0.00570794,0.00487427,0.00557564,0.00109854,0.000821161
0.0116401,0.00477541,0.00487378,0.00759164,0.000851779,-0.000283042
0.0196229,0.01406,0.00649193,0.0110656,0.00227287,0.000547789
0.00458004,0.00356451,0.00256155,0.00198254,-0.000321543,0.000805776
0.0163538,0.0111695,0.00667378,0.00253367,0.000457207,-0.000276628
0.00733182,0.00511979,0.00249374,-0.000640517,0.000512976,-0.000875697
0.00828877,0.00614445,0.00427352,0.00593212,8.09891e-05,0.00237207
0.00810503,0.0041507,0.00518513,0.00266667,0.000989767,6.98657e-06
0.0132343,0.00664212,0.00510742,0.00861357,0.000263649,3.32465e-05
0.0128576,0.00658523,0.00504988,0.00670629,6.07623e-05,0.000301453
0.0152565,0.00460808,0.0101685,0.0122516,0.00221078,0.00145075
0.0126247,0.00537022,0.0078029,0.0100283,0.00123793,0.00162491
0.0187207,0.0111504,0.010454,0.010228,0.00321868,0.000790729
0.00618937,0.00454005,0.00299104,0.00399704,-7.54077e-05,-0.00124486
0.0047072,0.00368656,0.00337025,0.000971194,-0.000633549,0.000492542
0.00459918,0.00333457,0.00220732,0.00300563,0.000364378,-0.00151815
0.00714507,0.00383242,0.00356791,0.00289607,0.00151136,0.00106491
0.00737123,0.00371755,0.00388968,0.00237244,0.00115219,0.000726026
0.0142769,0.0070134,0.00951177,0.00727043,0.00236554,0.00104152
0.0125934,0.00560474,0.00816294,0.00760267,0.00180665,0.00116406
0.00575466,0.00427333,0.00177359,-0.000570456,0.000834987,0.000207184
0.00845356,0.00555032,0.00770202,0.00666113,0.000130576,0.000133528
0.0123051,0.00813519,0.00540983,0.0067579,0.000863561,0.000329276
0.0170842,0.0104157,0.00661664,0.00854921,0.000979287,0.00109036
0.00929793,0.00542958,0.00467122,0.000357742,0.0008948,0.00160277
0.00827776,0.00626254,0.0036914,0.00975946,0.00459059,0.00785534
0.00511758,0.00395286,0.00223178,0.00209261,4.36218e-05,0.000928119
0.012605,0.00855293,0.00424187,0.00581439,0.00111578,0.00201136
0.0089197,0.00441724,0.00445231,0.00251759,0.00259352,0.00121784
0.0139615,0.00576193,0.00664918,0.00869915,0.0013755,0.00240655
0.0166027,0.0114911,0.00624035,0.00569155,0.00208177,0.00197413
0.0236243,0.0154606,0.0087382,0.0123796,0.00201107,0.00154644
0.00876269,0.00597063,0.00394944,0.0049621,0.000800759,-0.000143213
0.00791331,0.00580917,0.00261662,0.00380545,0.000996988,0.000810987
0.0161826,0.009681,0.0086317,0.0196709,0.00351306,0.00448145
0.00768685,0.00350536,0.00583688,0.0173783,0.00600389,0.0133283
0.0348695,0.0205401,0.0131337,0.0201142,0.00442764,0.000897032
0.00486456,0.00361946,0.00154112,0.00213667,0.00111238,-0.000626767
0.014318,0.00986357,0.00841364,0.0115265,0.00258227,0.000709617
0.00991135,0.0049877,0.0046834,0.00493244,0.00179726,0.000276203
0.0248249,0.0114214,0.011118,0.0123592,0.00237361,0.00113477
0.0221238,0.0113489,0.00929915,0.0098717,0.00115602,0.00131317
0.00579464,0.00366318,0.00299408,0.00191541,0.000196533,0.000279822
0.00699592,0.00413721,0.00362701,0.0062931,-6.18989e-05,0.00121207
0.0115653,0.00772442,0.00478854,0.00402957,0.000519034,0.000925909
0.0113167,0.00818791,0.00463083,0.00966475,0.000860358,0.000478628
0.0138835,0.0100975,0.0057351,0.00710096,0.000512869,0.000486318
0.0123532,0.00834372,0.0087652,0.019327,0.0042253,0.00624584
0.00741151,0.00572062,0.00271552,0.00190801,1.48864e-05,5.57718e-05
0.00962595,0.00693839,0.0035244,0.00464145,0.000403426,0.000616173
0.0115892,0.00822485,0.00710697,0.00467398,0.00204186,0.00126786
0.012185,0.0080777,0.00454374,0.00421814,0.000647636,0.000154013
0.0146841,0.00989741,0.00855791,0.024648,0.00886705,0.0203292
0.0186801,0.0116013,0.00533324,0.00912468,0.00106984,0.000664698
0.0144179,0.0101419,0.0102255,0.00375792,0.00136069,0.00119307
0.0115911,0.00514259,0.00674391,0.00268941,0.00122036,0.000627608
0.0176323,0.00530519,0.00981856,0.00613308,0.00152,0.000134939
0.016016,0.00505837,0.00815471,0.00762734,0.00152626,-0.000648136
0.0113534,0.00795357,0.00387928,0.00588429,0.001366,-0.000458107
0.00727973,0.00541266,0.00501645,0.00278984,0.0002156,0.000376359
0.00812636,0.00490603,0.00459095,0.00771291,0.000828725,6.78065e-05
0.00725359,0.00324312,0.00312982,0.00672557,-0.000179547,0.00137238
0.00559284,0.00357706,0.00245805,0.00296259,-0.000637494,0.00125996
0.00997043,0.00715321,0.00338742,0.00290814,0.000469504,0.000459887
0.0209023,0.0109245,0.00973146,0.0221008,0.00610218,0.00997065
0.0197497,0.00844018,0.00872596,0.0114798,0.00277028,0.00488366
0.00676423,0.00493506,0.00587774,0.00272566,0.000373065,0.000688379
0.00673054,0.00339039,0.00548298,0.0125067,0.0047561,0.00983298
0.0229433,0.0161103,0.0137091,0.0126666,0.0030949,0.0010744
0.0179351,0.0121689,0.0108767,0.0148552,0.00358635,0.00217611
0.00887866,0.00626128,0.00692701,0.0081314,9.64866e-05,0.00138617
0.0115135,0.00814877,0.00782701,0.0103477,0.00237059,0.00179823
0.0195106,0.0134743,0.00838456,0.00684867,0.000407214,0.00155678
0.0221191,0.0127818,0.0105882,0.00512356,0.00355398,0.00190249
0.0196898,0.0122893,0.00950624,0.00424945,0.0021327,0.00384603
0.0162168,0.010969,0.00800108,0.00616481,0.000541419,0.000715733
0.00544198,0.00421967,0.00482814,0.0038628,0.00133059,0.000635399
0.00540073,0.00390838,0.00368834,0.00392902,0.000761789,0.00039522
0.0155528,0.0108976,0.0213316,0.127357,0.0499812,0.132208
0.0215606,0.0142763,0.0175184,0.0228564,0.00471573,0.0027241
0.010101,0.00759531,0.00773842,0.00502978,0.00133919,-0.00049053
0.00764238,0.00533185,0.00344306,0.00591052,-8.07516e-05,0.000589832
0.017443,0.0112399,0.0172046,0.0200327,0.00428457,0.000493621
0.0220379,0.00872074,0.00778805,0.0147414,0.00302101,0.00114425
0.0182357,0.00794337,0.00670394,0.0112747,0.00155809,0.00154292
0.00699331,0.00487646,0.00706733,0.00289182,0.000604456,0.000501647
0.0178378,0.0119827,0.00734286,0.013007,0.00219573,-3.38005e-06
0.013707,0.00936891,0.00417798,0.00831388,0.000500659,0.000210106
0.00896404,0.00631067,0.00273125,0.00469222,0.0010314,-0.000548602
0.00866492,0.00609362,0.00494166,0.00305143,0.000891867,0.00129628
0.0287137,0.0124254,0.0139222,0.0322185,0.0113978,0.0230977
0.0106673,0.00740432,0.00477008,0.0022074,0.00188221,0.000830363
0.00724412,0.00537136,0.00333232,0.00167166,0.000289378,0.000620891
0.0103417,0.00732203,0.0047094,0.00238698,0.000717769,0.0019134
0.013244,0.00915026,0.0063412,0.0101643,0.00239645,0.00132249
0.0138672,0.0102225,0.0054909,0.000624601,0.000215454,0.00111115
0.018506,0.0127884,0.00901566,0.0119554,0.00154796,0.00137425
0.0149083,0.00619999,0.0093728,0.0111877,0.00242828,0.00311013
0.0245374,0.00768704,0.0126555,0.0112566,0.00229452,0.00344993
0.0187149,0.00759447,0.00845662,0.00792234,0.00139406,0.00205461
0.0106787,0.00797759,0.00735375,0.0055788,0.00134836,0.000522163
0.0229713,0.0158749,0.00821025,0.0127964,0.00311736,0.00254864
0.0188279,0.0125626,0.00658562,0.00756193,0.00170225,0.00265434
0.00825248,0.00567954,0.00458613,-0.00137731,0.000511649,0.000600934
0.005146,0.00360345,0.00238871,0.00607122,0.000135734,-0.000178899
0.0121088,0.00837774,0.0037382,-6.95225e-05,0.00120504,0.000720465
0.0107456,0.00704392,0.00383302,0.0032992,0.000942056,-6.40229e-05
0.0180119,0.00775266,0.00962842,0.00486876,0.00303752,0.0017511
0.0179491,0.00779038,0.0097139,0.00911235,0.002539,0.00154995
0.00410885,0.00307757,0.00438712,0.00379026,0.000135757,-0.000169861
0.0165306,0.0112662,0.00659754,0.00382858,0.00268139,-7.26689e-05
0.00424115,0.0030003,0.00231806,0.00177184,0.000626125,0.000121256
0.0123538,0.0084519,0.00567797,0.00667835,0.00208535,0.00109134
0.0129338,0.00490118,0.00587639,0.00151558,0.00134988,0.0010737
0.0177638,0.00500356,0.00881097,0.00767301,0.00290001,0.00143436
0.0126962,0.00479985,0.00638135,0.00837494,0.00164347,0.000751155
0.00407766,0.00312387,0.00312576,0.00071968,0.000532145,1.88673e-05
0.00739656,0.00554148,0.00321373,-0.000513233,0.00106952,0.00200005
0.0129348,0.00703562,0.00932597,0.0116988,0.00212068,0.00183751
0.0113637,0.0059472,0.00681145,0.00832647,0.000562835,0.00037454
0.0148282,0.00977382,0.00622643,0.00727353,0.00132623,0.000272721
0.00553404,0.00406591,0.00188478,0.000494564,0.000867187,0.000731765
0.00514853,0.00378012,0.00254785,0.000661889,-0.000297605,-0.00142555
0.0166603,0.0107111,0.00662659,0.0058767,0.00101711,0.0011907
0.00674917,0.00364396,0.00212208,0.00301757,0.00102554,-0.00047603
0.0105421,0.00699302,0.00483875,0.00683736,0.00091247,0.00226147
0.00468187,0.00345055,0.00214607,0.0025209,0.000862461,0.00264413
0.00728648,0.00325451,0.00480362,0.00109698,0.000686068,-0.000257403
0.0137743,0.00956716,0.00406224,0.00846889,0.000583431,-6.32246e-05
0.0132798,0.00874978,0.010263,0.024607,0.00601678,0.0101751
0.0200934,0.0110758,0.0131493,0.0138024,0.00301339,0.000623029
0.00749177,0.00557714,0.00376108,0.000329788,-0.00021247,-0.00142865
0.00833122,0.00430346,0.00410377,0.00536233,0.00137585,0.00104907
0.0096124,0.00367597,0.00478474,0.00440501,0.000914724,0.00170588
0.00975132,0.0062861,0.00330921,0.00325828,0.000376526,0.00176778
0.00692819,0.00503759,0.00324712,0.000781185,0.00126159,0.00020442
0.0049017,0.00361378,0.0026241,-0.00235562,0.000660539,-0.000696413
0.00843432,0.00616112,0.00215731,0.00228411,0.000699871,-0.000991939
0.0121807,0.00536579,0.00524673,0.00282373,0.00049509,-0.000492384
0.012652,0.00535081,0.00528044,0.00274354,0.000731251,-0.000281266
0.0223801,0.00989304,0.0122352,0.00799024,0.00196397,0
0.0228149,0.0098624,0.0122375,0.00972868,0.00213697,-0.00044566
0.00440292,0.00351335,0.00230972,-0.00143072,0.00065901,-0.000798253
0.00474319,0.0032893,0.00202068,-0.000479926,9.93346e-05,-0.000352823
0.0129226,0.00882591,0.00507126,0.00274016,0.00110274,-0.000738517
0.00756186,0.00559112,0.0035865,0.00387939,0.000482678,0.000115608
0.00444165,0.00330432,0.0026636,-2.29223e-05,-0.000776976,-0.000400888
0.0144524,0.00989072,0.00430577,0.0066095,0.000858002,0.000150307
0.0099125,0.00711141,0.00424536,0.00235365,0.00100847,0.000109437
0.00979716,0.00714962,0.00254108,0.00458082,-2.08631e-05,0.0012209
0.0176112,0.0122487,0.00455056,0.011025,0.00202869,8.32288e-05
0.00714288,0.00487562,0.00932342,0.00955757,0.001643,0.000883946
0.00723323,0.00521012,0.00234313,0.00236546,0.00184486,-0.00091868
0.0146167,0.010094,0.00513686,0.00587051,0.00240845,0.000728365
0.00818737,0.00578986,0.00264768,0.00257281,0.00155507,0.000160067
0.00590352,0.00417614,0.00377921,-0.000987117,0.000696332,0.0013479
0.00768891,0.00338718,0.00404164,0.00265035,0.000848315,0.00126289
0.011944,0.0073059,0.00759431,0.0102305,0.00254648,0.00123641
0.00740514,0.00525574,0.0027089,0.000740512,0.000223769,-0.000476824
0.0077129,0.00555194,0.00740652,0.00940912,0.00223557,0.00175006
0.0196482,0.0123607,0.00814551,0.00772677,0.000950672,0.000791142
0.00977558,0.0062076,0.00613044,0.015749,0.00521321,0.00770723
0.00971723,0.00491633,0.00521281,0.01033,0.00100383,0.00315899
0.0403182,0.0256827,0.0143842,0.0280119,0.00951014,0.0186575
0.0119537,0.00595358,0.00465468,0.0131751,0.0029074,0.00197525
0.0222782,0.00669704,0.00833727,0.0140655,0.00330668,0.00188658
0.0176683,0.00675942,0.0067018,0.0116086,0.00290863,0.00111731
0.0120921,0.00853883,0.0036566,0.00864461,0.0013619,0.000449434
0.0139783,0.00656027,0.00512478,0.0106776,0.00185147,0.000718737
0.0118314,0.00720807,0.00443228,0.0112659,0.000872294,0.00113461
0.027729,0.0152521,0.0125845,0.0128472,0.00332125,0.00197592
0.00665364,0.00489289,0.00303855,0.000675974,0.000687762,-0.000554438
0.0116655,0.00843891,0.00423108,0.00694791,0.00101752,-0.000388796
0.0188093,0.0126969,0.0104019,0.009661,0.00240863,0.00114272
0.010117,0.00737906,0.00517694,0.0071005,0.00152782,0.000100797
0.00523625,0.00394381,0.0022314,0.00175619,0.000492593,0.0005593
0.0078208,0.00470465,0.00449311,0.00279647,0.00115922,0.00212269
0.0211905,0.0103562,0.00948471,0.00712079,0.00300725,0.00109802
0.0216131,0.0127234,0.00783698,0.0116301,0.00248067,0.000961722
0.0125815,0.00857268,0.00626583,0.012596,0.00271967,1.70644e-05
0.00684496,0.00512282,0.003836,0.00675059,0.00119348,-4.99972e-05
0.022105,0.0152281,0.00932546,0.0155442,0.00290994,0.00216134
0.008191,0.00593205,0.00525394,0.0017592,0.000390572,0.00237445
0.0153904,0.0091839,0.00721479,0.0103995,0.00116612,-0.000392998
0.0133848,0.00809266,0.00609317,0.00446704,0.000907254,-0.000215742
0.0127693,0.00934897,0.0074858,0.00459476,0.000573477,-0.00174088
0.0100301,0.00698264,0.00912487,0.0106016,0.00236266,0.0028398
0.0180554,0.0122393,0.00878489,0.0232659,0.00814564,0.0222429
0.00669339,0.00455098,0.00477488,0.00673832,0.00215643,0.00141728
0.00728263,0.00542718,0.00448634,0.00577317,0.000516363,0.000616531
0.00747233,0.00342459,0.00455141,0.00792213,0.000488374,0.000269672
0.00666102,0.00313599,0.00362971,0.00622738,0.000488358,-0.000258307
0.00577498,0.00437924,0.00176895,0.00368897,0.00106412,-0.00124249
0.00395497,0.00308809,0.00240127,0.0014918,0.000884707,-0.000434801
0.0133909,0.00899256,0.00361586,0.00241926,0.000856649,0.000111171
0.00770546,0.00478953,0.00268117,0.00216344,0.000519142,0.000499463
0.00881538,0.00614932,0.0026383,0.00417473,0.000456143,0.000431571
0.00482795,0.00355561,0.00244744,0.00391881,0.0004603,-0.000417575
0.0050046,0.00360829,0.00325507,0.00266725,9.58816e-05,0.00060739
0.0181632,0.012217,0.00763535,0.00569174,0.00242053,0.000363218
0.00721215,0.00524475,0.00455909,0.00669893,0.000364991,0.000969285
0.00901414,0.00624506,0.00625938,0.00926963,0.00111915,0.00181527
0.00562949,0.00392749,0.00243572,0.0122214,0.00319934,0.00911072
0.020694,0.00878732,0.0126855,0.0121608,0.00221756,0.00155263
0.0202684,0.00880664,0.0124154,0.0143311,0.00260373,0.00172706
0.0108225,0.00641233,0.00658637,0.00773065,0.001032,-4.67383e-05
0.00419357,0.00315153,0.00342882,0.00302832,0.000127133,0.000735872
0.0240582,0.0151861,0.0106957,0.0137986,0.00300063,0.00193301
0.0108489,0.00730239,0.0035061,-8.99751e-05,0.00027285,5.18647e-05
0.00983337,0.00655832,0.00410266,0.00333338,0.0014059,0.000452676
0.00826037,0.0031094,0.00432154,0.00718949,-0.000376782,-0.000465708
0.00958616,0.00476708,0.00468786,0.00669834,0.000189548,-0.000378738
0.00582393,0.00434942,0.00315061,-0.000244663,0.00221343,0.000513818
0.0171356,0.0118233,0.00638881,0.00201871,-0.000467569,0.00174688
0.0203243,0.0123365,0.0073718,0.0116917,0.0022253,0.00122471
0.0112819,0.00524448,0.00563934,0.00248543,0.00229124,0.00201745
0.014897,0.00782484,0.00594341,0.00384651,0.00127157,0.000975042
0.00641114,0.00512086,0.00360911,0.0174662,0.0104473,0.028634
0.0098788,0.00704377,0.00447256,0.00568331,0.00190462,0.00101678
0.0139449,0.00823386,0.00670461,0.00760924,0.000872906,0.00125095
0.0177463,0.00645933,0.0109479,0.0126182,0.00299788,0.00235694
0.0105306,0.00466342,0.00613635,0.00589992,0.00174542,0.00232351
0.0298075,0.0146374,0.0128136,0.0194016,0.00313141,0.00130993
0.00617306,0.00464524,0.0030756,0.00514715,0.000207771,0.000207803
0.00770285,0.00502869,0.00487691,0.00346911,0.000516549,0.000790271
0.00842312,0.00492263,0.00511456,0.00491459,0.00231089,0.000269503
0.0103965,0.00714665,0.00511076,0.0001449,0.00147298,-0.000656099
0.00514812,0.0036481,0.00251675,0.00302215,0.000513029,-2.3406e-05
0.0180555,0.0116455,0.0126666,0.0154476,0.00388346,0.000766659
0.00849318,0.00506592,0.0033988,0.00427562,0.000744627,0.000728267
0.00651706,0.00328928,0.00334638,0.00388619,-0.000185836,0.000136293
0.0166156,0.0114784,0.00508751,0.0120901,0.00159747,-0.000112919
0.00499821,0.00387046,0.00809965,0.00916097,0.00264862,-1.40342e-06
0.0143977,0.00980882,0.0066874,0.017319,0.00524244,0.00647089
0.00512124,0.00370336,0.00211001,0.00304135,0.000523218,-0.000282417
0.00497647,0.00406542,0.00256166,0.0020034,0.000218801,0.00186064
0.0276463,0.0119608,0.0104458,0.0243805,0.00930671,0.0188444
0.0179644,0.00871976,0.0113216,0.011893,0.00152685,0.000950338
0.019863,0.0124345,0.0081767,0.00538872,0.00221899,0.00115145
0.0134631,0.00920119,0.00598643,0.00754879,0.00142831,0.00113282
0.0161768,0.0112366,0.0117025,0.0141915,0.00380038,0.00242684
0.0181251,0.0116898,0.0113568,0.0191377,0.00370231,0.00150282
0.012779,0.00906122,0.00659268,0.00926421,0.00111067,5.64972e-05
0.0163946,0.0117947,0.00744173,0.00225725,0.000821993,0.000869137
0.00811646,0.00565503,0.00340209,0.00504878,0.00447737,0.00700176
0.0148828,0.0105461,0.0055833,0.0109622,0.00300652,0.000273123
0.0138262,0.00883955,0.00858671,0.0120591,0.0018244,0.00170777
0.0132344,0.00956545,0.00491996,0.00525806,0.00142711,0.000110668
0.00916144,0.00666239,0.00392945,0.00122968,0.000631936,-0.000705098
0.0158604,0.0110546,0.00554454,0.0067373,0.000310391,0.00166173
0.0155937,0.0112572,0.0117243,0.0172169,0.00412817,0.00159306
0.0161821,0.0110081,0.00729701,0.00905753,0.00238399,-0.000190396
0.00426515,0.00329798,0.00174386,0.000623959,0.000554518,-0.00012522
0.00518039,0.00383774,0.00280519,-0.000468097,0.00110761,-0.00049336
0.00617913,0.00447497,0.00418608,0.0169238,0.0047223,0.0103239
0.00497135,0.0039661,0.00268636,0.00293179,-0.000403062,-0.000103653
0.0181608,0.0126523,0.00804679,0.0084968,0.0023048,0.0009089
0.00923675,0.00689213,0.00356036,0.00224396,0.00197125,0.000281239
0.0155584,0.00991649,0.00736268,0.00702554,0.00133736,0.00194719
0.0178789,0.0103391,0.00770115,0.00791994,0.00103032,0.0010071
0.013368,0.00944315,0.00782364,0.0067473,0.00131032,0.000559295
0.0109017,0.00778056,0.00257088,0.00146394,0.000251703,0.0031217
0.00569764,0.00413594,0.00272785,0.00162022,0.000669778,-6.64661e-05
0.0187911,0.0120793,0.00733745,0.00837112,0.00281934,0.00273937
0.0271958,0.0134815,0.00746685,0.0166498,0.00367654,0.00173493
0.0234501,0.0147455,0.0127535,0.0128637,0.00409507,0.0014415
0.0188161,0.0127646,0.0060893,0.00521216,0.00228765,0.00113417
0.00644186,0.00332566,0.00148613,0.00237025,-0.000356899,0.000928313
0.0105396,0.00588503,0.00577907,0.00532491,0.00125375,0.00145895
0.00986384,0.00578261,0.00544042,0.00814044,0.000706433,0.0013689
0.00580082,0.00442471,0.00367249,0.00275313,0.000323477,0.00035415
0.020069,0.00935187,0.0120314,0.0138891,0.00195436,0.000641647
0.0245692,0.0123953,0.0125621,0.0123856,0.00250495,-1.57236e-05
0.00404782,0.00312609,0.00211141,0.000677408,0,1.40931e-05
0.00763352,0.00521093,0.00549266,0.0085218,0.00195645,-0.000960365
0.0184919,0.00872029,0.0112976,0.0185257,0.00420563,0.00274699
0.0208024,0.0099056,0.0125806,0.0210089,0.00477837,0.00270344
0.00787137,0.00581686,0.0051966,0.00725393,0.00172817,0.000545103
0.0170229,0.0116335,0.0057409,0.0210836,0.0094451,0.0245977
0.00826844,0.00523922,0.00465498,0.00421429,0.000433657,0.000613423
0.00924498,0.00593687,0.00367696,0.00488003,0.00141739,-0.00057153
0.00664401,0.00489514,0.00276355,0.00136659,0.000551799,0.000246244
0.0181339,0.0116772,0.00614368,0.00762331,0.00152094,0.000693818
0.00522229,0.00396656,0.00315921,0.00159002,0.000183888,0.000269646
0.0169127,0.0112764,0.00706061,0.00884881,0.000427104,0.00243668
0.0222985,0.0113951,0.0128437,0.0166469,0.00321722,0.00376654
0.0100993,0.00686009,0.00488868,0.00439208,0.0023394,-0.00158135
0.00778146,0.00535419,0.00290884,0.00379327,-0.000282025,0.00113472
0.00725257,0.0054464,0.00337942,0.00463073,0.000161877,-2.88103e-05
0.0241708,0.0143741,0.00905032,0.0187698,0.00322031,0.00189747
0.0182373,0.00741078,0.00695702,0.0109925,0.00220204,-0.000795046
0.0189777,0.00726673,0.00645682,0.00985626,0.00190593,-0.000529382
0.00540064,0.00400411,0.00371571,0.00240932,0.000245614,0.000130045
0.0231633,0.0102277,0.00736537,0.0207207,0.00355581,0.00711088
0.0234137,0.0100859,0.00723065,0.0169112,0.00328307,0.00448115
0.0321786,0.019178,0.0274986,0.0277839,0.00687204,0.000661597
0.0265411,0.0161593,0.020942,0.020195,0.0047118,6.60866e-05
0.00800576,0.00317853,0.00491917,0.0069777,0.00205335,0.00192256
0.00677331,0.00305519,0.00372019,0.00540751,0.00134132,0.00191969
0.0272943,0.0169253,0.0115317,0.0107492,0.0016435,0.000356042
0.0132113,0.00908817,0.00602326,0.00457371,0.0012235,-0.00059342
0.00859193,0.00600823,0.00453945,0.00254939,0.00150515,0.000655023
0.00778277,0.00565997,0.00369004,0.00226663,0.00175013,0.00230061
0.0103351,0.00620742,0.00898726,0.0100574,0.00221528,0.000303564
0.0125738,0.00799232,0.0327829,0.0407434,0.00925074,0.00251475
0.00528648,0.00379731,0.00326944,0.00888423,-0.000109897,0.000722718
0.00533973,0.00362254,0.00541239,0.0123864,0.00233237,0.00109625
0.0255807,0.0110077,0.0119367,0.0153288,0.00322256,0.00168883
0.0311584,0.0143635,0.0126248,0.016243,0.00224351,0.00215779
0.0345459,0.0215151,0.0140869,0.014656,0.00288054,0.00151532
0.018343,0.00982299,0.00829485,0.00443229,0.00164994,-0.000955552
0.00535553,0.00382284,0.00159539,-0.000253357,-0.000218117,0.00166098
0.00563161,0.00409891,0.00236985,0.00180891,0.000377486,0.00104836
0.0139553,0.0053381,0.00924877,0.0118521,0.00267446,0.00247257
0.0117236,0.00785168,0.0042367,0.00113746,0.000715836,-0.0007062
0.0054711,0.00404877,0.00240082,-0.000255908,0.000335668,-0.000117115
0.022367,0.0155095,0.00673144,0.00700249,0.00204782,0.000505764
0.0182854,0.0113373,0.00966804,0.0142947,0.00270811,0.00150701
0.0152288,0.01062,0.00648612,0.00961394,0.0019475,0.000983009
0.0119187,0.00834997,0.00326225,0.00488824,0.00169479,0.0012765
0.00913289,0.00623693,0.00322724,0.00381115,0.00101489,0.000418587
0.00633262,0.00301242,0.00399123,0.0011713,0.00120645,0.000882399
0.0102376,0.00350064,0.00546537,0.00568367,0.00143783,0.000699768
0.00932478,0.00572697,0.00409796,0.00801509,0.000736755,0.000113836
0.00614889,0.00362052,0.00376189,0.00235252,0.00034662,-0.000429158
0.00651035,0.00479253,0.00220791,0.00383546,-5.27486e-05,5.23387e-05
0.0115924,0.00841648,0.0047123,0.00938154,0.00154365,0.000330838
0.0106794,0.00600879,0.00503548,0.00568855,0.00142815,0.00133846
0.0103828,0.00523459,0.00551545,0.00210478,0.000691929,0.000487231
0.0187509,0.0123396,0.0106985,0.0158291,0.00318886,0.000457754
0.00953431,0.00675488,0.00733582,0.00629446,0.00129598,-0.000197014
0.0102902,0.00389886,0.00651398,0.0115206,0.00227502,0.00230566
0.0145621,0.00856201,0.00954645,0.0123428,0.00314508,0.000945754
0.0130167,0.00636299,0.00560183,0.00686359,0.000940694,0.00013317
0.0147562,0.00791974,0.00655718,0.00965385,0.0012814,-0.000540965
0.0115577,0.00791154,0.00482373,0.00566105,0.00221391,-0.000209572
0.00925946,0.00665779,0.00614327,0.00881976,0.000558382,0.00113639
0.00609466,0.00457751,0.00241078,0.00110537,0.00056827,0.000215504
0.00729402,0.00559155,0.00423168,0.00833346,0.000310342,0.000538379
0.0108632,0.00746444,0.00470248,0.00710653,0.000703066,0.000759926
0.0146222,0.00979076,0.00686083,0.00529791,0.00158616,-0.000855676
0.0108062,0.0074545,0.00907554,0.00712061,0.00142597,0.000842279
0.00819604,0.00495493,0.00342412,0.00201512,0.00103078,0.00141964
0.0196666,0.00707166,0.00677246,0.00218717,0.00128466,-0.000692311
0.0190331,0.0071001,0.00660372,0.000529747,0.00144311,-0.00105176
0.018331,0.01144,0.00891284,0.0158502,0.00397593,0.000263838
0.0107137,0.00755795,0.00481695,0.00657242,0.000815011,0.000873136
0.00922133,0.00621611,0.00358876,0.00387676,0.000813075,0.00122398
0.0130102,0.00640005,0.00950392,0.0115177,0.00201542,0.00161202
0.0113819,0.00628567,0.00813966,0.00933415,0.00101716,0.00250712
0.0146966,0.0098332,0.00605914,0.00909284,0.0017225,0.00117136
0.00884414,0.00394559,0.00650714,0.00608162,0.000606139,0.000314888
0.0106665,0.00549714,0.00695827,0.00464105,0.000284883,0.00130295
0.0136795,0.00914039,0.00313838,0.00565454,0.000507472,0.000478428
0.0221015,0.0151145,0.0231337,0.0259146,0.00632423,0.00765326
0.0177094,0.0125696,0.0131851,0.0153246,0.00329897,0.00096762
0.0243925,0.0163545,0.00782273,0.0094353,0.00115813,0.0013558
0.00878378,0.00629433,0.0104173,0.0161332,0.00342819,0.00284074
0.00566825,0.00400487,0.00443443,0.00431651,0.000809089,-8.91609e-05
0.0125823,0.00878127,0.00370733,0.00227472,0.00102128,0.00127149
0.00722927,0.00460295,0.00277194,0.0035326,-0.000154112,0.000820461
0.0296183,0.0184328,0.0134667,0.0194756,0.00445842,0.000932265
0.0168173,0.00814517,0.00635,0.0136036,0.00110524,0.00096275
0.00654566,0.00449567,0.00388087,0.00175025,0.00100278,-0.000102185
0.0369876,0.0167255,0.0136752,0.0153941,0.00249632,0.0034639
0.00538843,0.00295867,0.00130812,0.00663636,0.000717476,-0.000393807
0.00463673,0.00373761,0.00292485,-0.00216338,0.00135672,0.000620604
0.0158872,0.010942,0.0186257,0.017015,0.0029113,0.00325268
0.00607694,0.00412792,0.00471158,0.00574374,-0.000156817,-0.000718582
0.011708,0.00516716,0.00706921,0.00517509,0.00241549,0.00194961
0.0133994,0.00592828,0.00800793,0.00837153,0.00294455,0.00199695
0.0165572,0.0103816,0.00441798,0.00860604,0.00195406,0.00056954
0.0118332,0.00445935,0.00238145,0.00346992,-6.05586e-05,0.000492852
0.00921354,0.00657032,0.00342577,0.00124265,0.00189953,0.000927045
0.00837523,0.00659598,0.00233209,-0.000242176,0.000297893,-0.00137688
0.0136184,0.009711,0.0046492,0.00471532,0.00121593,0.00191495
0.0166917,0.00928179,0.00724514,0.0116072,0.00210066,0.00123963
0.012107,0.00505721,0.00618385,0.00492689,0.000823518,0.000567045
0.00765118,0.00559566,0.00274968,0.00384657,0.000125173,-0.000235066
0.013867,0.00983135,0.00451124,0.00242913,0.000751681,0.00121247
0.0178523,0.0124212,0.00935466,0.013869,0.00181212,0.00366137
0.0173301,0.0120675,0.00496354,0.00614927,0.001479,0.000189767
0.0170474,0.00687012,0.00815098,0.00940723,0.000905229,0.00148867
0.0090676,0.00464669,0.0047441,0.00421192,0.000794555,0.000857409
0.00625807,0.00412555,0.00201679,0.00353622,0.000945636,0.00134767
0.0056162,0.00415056,0.00327555,0.00325302,0.000830898,0.000517602
0.0082957,0.00624803,0.00349025,0.00794963,0.0011561,0.00288584
0.00546766,0.00401239,0.00246114,0.00321948,0.000395537,0.000252516
0.0176296,0.00941333,0.0088974,0.0141864,0.00263526,0.000889088
0.00716432,0.00316352,0.00483872,0.00650956,0.00127235,0.000931164
0.00884423,0.00612053,0.00325221,0.00244263,0.00153853,-0.00112257
0.0111449,0.00741835,0.0062466,0.00928356,0.00196311,0.00152264
0.00713498,0.00357381,0.00463616,0.00642248,0.000824147,0.00119514
0.00490204,0.00380693,0.00369054,0.00238516,0.000511853,0.000712759
0.0153669,0.0106595,0.00602361,0.00694372,0.00193638,0.00119943
0.00897529,0.00386209,0.00402285,0.00591464,0.000884211,0.00240324
0.01641,0.0112499,0.00741026,0.0120447,0.0020932,-6.57297e-05
0.004324,0.00301608,0.00129201,0.00241054,-0.000333306,0.000382207
0.00802695,0.00441532,0.00399889,0.00571371,0.000645652,0.000479085
0.0080626,0.00424489,0.00391418,0.00208265,0.000326475,0.000888504
0.0127559,0.0077392,0.0056744,0.00653939,0.000530258,0.00064355
0.0302994,0.0203708,0.0148312,0.016592,0.00419067,0.00157288
0.00843883,0.00582736,0.00923858,0.00646818,0.00128705,0.000974681
0.00894421,0.00366854,0.00551669,0.00103661,0.00173254,0.000261163
0.00917612,0.00368374,0.00545105,0.00337046,0.00163602,0.000276566
0.0195978,0.013899,0.00792727,0.00871568,0.00273518,0.00140281
0.0106692,0.00777153,0.00656948,0.0127229,0.00128904,0.00259019
0.0097855,0.00682382,0.00415837,0.00319355,0.000732654,0.00100716
0.00855786,0.00612485,0.00397976,0.0102273,0.0025029,0.0046452
0.015723,0.0113281,0.00875756,0.0135643,0.00171882,0.00142747
0.0127732,0.00560454,0.00582826,0.0068634,0.0018445,0.00137029
0.0116415,0.00669408,0.0126937,0.00888866,0.00292671,0.000584146
0.00873776,0.00334475,0.0059032,0.00773386,0.00176856,0.000154628
0.0140582,0.00654446,0.00684001,0.0110889,0.00207795,0.00061101
0.0229268,0.0151253,0.0104438,0.00896836,0.00194778,0.00130172
0.00767922,0.00567112,0.00622375,0.00914125,0.00129532,0.000292933
0.00928343,0.00678823,0.00345188,0.00273333,0.000948005,0.000493626
0.00724471,0.00534885,0.00678929,0.00458425,0.0018924,0.000504163
0.0164465,0.010923,0.00508909,0.00875142,0.00187653,0.00218874
0.0128612,0.00902434,0.00316628,0.00575986,0.00037285,0.00205699
0.0270101,0.0184978,0.011955,0.0150252,0.0200451,1.14264
0.015007,0.00705468,0.00665464,0.00740596,0.0024689,-0.000693215
0.0145191,0.00687653,0.00646155,0.00663104,0.00151065,-0.000173301
0.0188623,0.00923408,0.009989,0.0152322,0.00394595,0.00206231
0.0223056,0.00904288,0.0112046,0.0185699,0.00446807,0.0015494
0.00726578,0.00506317,0.00397307,0.0048976,6.77849e-05,0.00135814
0.00528869,0.0041362,0.00532872,0.00929833,0.00210161,0.00126505
0.00922811,0.00645021,0.00398553,0.00382925,0.00128606,0.000322003
0.0231675,0.013984,0.00917434,0.0101493,0.00162964,0.000532539
0.020835,0.0140022,0.00823916,0.0112504,0.00115576,0.000291664
0.0180813,0.0106415,0.00699611,0.00314164,0.0013951,0.00305711
0.016937,0.0105381,0.00702077,0.00521218,0.000723634,0.00323445
0.00691943,0.0048511,0.00318786,0.00387548,0.000975767,0.0011305
0.00950386,0.00661971,0.00517766,0.0108614,0.00283343,0.00384006
0.00682413,0.00505835,0.00363477,0.00766382,0.00110785,0.00069655
0.0110841,0.00753372,0.00774662,0.0082244,0.00245362,0.00112812
0.0142433,0.00890924,0.00661227,0.0065946,0.00148134,0.000689474
0.0109385,0.00625469,0.00399656,0.000869621,0.00114748,0.000347465
0.0137227,0.00755213,0.00424487,0.00279828,0.000990037,0.000859532
0.00880362,0.00640832,0.00435938,0.00582241,0.00185954,-0.000275199
0.0142232,0.00970594,0.0171826,0.0193451,0.00415897,0.00294463
0.00698025,0.00483937,0.00333264,0.0054532,0.000245087,0.000139685
0.00552007,0.00390593,0.00643389,0.00518492,0.00196747,0.000677694
0.00887265,0.0056605,0.00978016,0.0134616,0.00317449,0.00281708
0.010046,0.00667913,0.00626819,0.00785429,0.00172416,-0.000958576
0.0126551,0.00718135,0.00388077,0.00228014,0.000460773,0.00124242
0.0192706,0.00892264,0.00767092,0.00879422,0.000853498,0.000490245
0.0166485,0.0111564,0.0127105,0.0174493,0.00271729,0.000669273
0.00976296,0.00520075,0.00578058,0.00749782,0.0014658,-4.00811e-05
0.00961506,0.00528007,0.00601103,0.00719142,0.000924838,-0.000116899
0.0148292,0.0095736,0.00700849,0.00885506,0.00181005,0.00112197
0.00928422,0.00662734,0.00499919,0.00440105,0.000669858,0.000231669
0.00425271,0.00334137,0.0019669,0.00239792,-0.000346553,-0.000537697
0.0155024,0.00985301,0.00806497,0.00627452,0.00192853,0.000468123
0.0101348,0.00623791,0.0048557,0.00297097,0.000405921,-0.000167442
0.0159019,0.0104646,0.00580067,0.00993755,0.00239225,0.00124188
0.00798474,0.00329264,0.00385441,0.000326976,0.000904032,0.000378664
0.00975469,0.00598995,0.00960756,0.00593884,0.00191381,0.000425026
0.0197731,0.00773682,0.0179712,0.0170061,0.00298424,0.00185529
0.0183034,0.00778579,0.0162324,0.0175795,0.00296694,0.00278762
0.0257979,0.0170131,0.020942,0.0161766,0.00464755,0.00375554
0.0182534,0.0125194,0.00623479,0.00946162,0.00196236,0.00120123
0.00575791,0.00371216,0.00289244,0.00188325,0.00117784,0.000452148
0.0130619,0.00913027,0.00274018,0.00774237,0.00157259,0.000669713
0.00680825,0.00321635,0.0117891,0.0162782,0.00238191,-0.000847634
0.0134571,0.00958864,0.00354704,0.00558951,0.000719489,0.00190269
0.0247651,0.0152903,0.00953988,0.0169911,0.0032031,0.00108418
0.0157199,0.0110003,0.0156842,0.0165757,0.00432868,0.00283374
0.00497348,0.00385845,0.00241052,0.00159614,0.000875995,0.000634273
0.0188467,0.0128599,0.00561122,0.00729819,0.000848764,0.000134917
0.0245657,0.0173444,0.0171834,0.0193319,0.00298811,0.00210362
0.00996301,0.00679581,0.00561889,0.00704716,0.000804336,0.00109783
0.0257555,0.0174265,0.0190697,0.0597374,0.0179855,0.0161556
0.0118727,0.00795548,0.0070703,0.00809474,0.00158714,0.00124736
0.0049727,0.00369513,0.0053467,0.00767856,0.00120572,0.00122408
0.00916677,0.00647224,0.00492961,0.00112836,0.000894301,0.001047
0.004974,0.00373176,0.00268706,-0.00116349,-0.000449106,7.54119e-05
0.0135616,0.00926716,0.00352278,0.00529849,0.00119908,-0.000422143
0.00963726,0.00659701,0.00511836,0.00123224,0.000150872,0.000856682
0.00996933,0.00467695,0.00599998,0.00898131,0.00139224,0.000492436
0.0155934,0.00981301,0.00591579,0.00843955,0.00250694,0.000800738
0.00620125,0.00471136,0.00228386,0.00526699,-0.000353553,0.000258809
0.00861219,0.00626572,0.00364607,0.00125209,0.000671218,-0.000419635
0.0192191,0.00920731,0.00776475,0.0117921,0.000771815,0.000991545
0.0191345,0.00907339,0.00763561,0.0102971,0.00107448,0.000485451
0.00466425,0.0033599,0.00245873,0.00322518,0.000927083,-5.11531e-05
0.00977166,0.00689401,0.00469436,-0.00140986,0.00130886,0.000975292
0.0194813,0.013172,0.0054302,0.00691881,0.00146451,0.00117499
0.0119855,0.00837597,0.00371014,0.00450268,0.00172569,-0.000803701
0.00745571,0.0053625,0.00490658,0.0077063,0.00259852,0.00136752
0.00738733,0.0049836,0.00377906,0.00256424,-0.000294318,-6.0234e-05
0.0154954,0.0107858,0.00511468,0.00502979,0.00170747,0.0021401
0.00892828,0.00629848,0.00392322,0.00749152,-0.000302762,0.000314326
0.0125115,0.00885519,0.00437537,0.00455717,0.000105887,0.00084516
0.010778,0.00726585,0.00512992,0.00699348,0.00128687,-0.00013268
0.0115753,0.00737696,0.00411651,0.00259199,0.000676229,0.00127011
0.0487093,0.0271931,0.0186581,0.0279749,0.00350721,0.00169645
0.0127924,0.00896132,0.00398102,0.00572656,0.00116608,0.000883987
0.0103335,0.00591014,0.00484705,0.0102483,0.00181903,0.000567901
0.012621,0.0071081,0.00578373,0.00972356,0.000617749,0.000853127
0.011849,0.00801501,0.00480666,0.00735507,0.00112439,0.00253522
0.0170759,0.0110932,0.00547127,0.00929747,0.00177756,0.00137561
0.00585263,0.00394902,0.00358403,0.00159765,0.000281006,0.000923996
0.00730087,0.00526181,0.00312383,0.00155832,0.00160882,-8.77798e-05
0.00929228,0.00506712,0.0047055,0.00617697,0.00151965,0.00128864
0.0124704,0.00737217,0.00600706,0.00638802,0.000941344,0.00135378
0.010556,0.00750945,0.00235199,0.000610578,0.00195989,0.000738991
0.00503702,0.00353907,0.00154257,0.00108354,-0.000262933,6.54992e-05
0.00923733,0.00632343,0.00365342,0.00363412,0.000632095,0.00226763
0.00888835,0.00626266,0.00366802,0.00800383,0.00032764,0.000768075
0.00796478,0.00578886,0.00387084,0.00265862,0.000907136,0.00120019
0.00962905,0.004601,0.00497482,0.0039611,0.00169359,0.000801019
0.0288165,0.0109523,0.0117086,0.0153683,0.00377115,0.00291984
0.0320778,0.0108603,0.0126714,0.016891,0.00304595,0.00296569
0.0217929,0.0132969,0.00699995,0.0102702,0.00251235,0.00129937
0.0132127,0.00955534,0.00588324,0.00562639,0.000469598,0.000584221
0.0184806,0.00898735,0.00699845,0.00553707,0.00202142,0.00100971
0.0129886,0.00657385,0.00707575,0.0168155,0.00658322,0.0118128
0.0123659,0.00684767,0.00812469,0.0112143,0.00197617,0.00203029
0.0112063,0.00599167,0.00739064,0.0106357,0.00144013,0.0014613
0.00575848,0.00455111,0.00415828,0.0157687,0.00509695,0.0186311
0.00966382,0.00720079,0.00833323,0.0104244,0.00202282,0.000505003
0.0107121,0.00773931,0.00292854,0.00350097,0.000606673,0.00127106
0.015303,0.0103602,0.00664732,0.00408338,0.00174672,0.00026653
0.00974214,0.00704761,0.00473393,0.00688225,0.00151479,-3.57439e-05
0.0254656,0.00793859,0.0131996,0.0129105,0.00321713,0.00391159
0.0219736,0.0081027,0.0110632,0.0148629,0.00210018,0.00321084
0.0306442,0.0115413,0.0113263,0.0142453,0.00482462,0.00223175
0.0383385,0.0190541,0.0113343,0.0129497,0.00362909,0.00219767
0.0138176,0.00978888,0.00680188,0.00570726,0.00194225,0.000975665
0.00579599,0.00389754,0.00284223,0.00382563,0.000114793,0.00212661
0.00741274,0.00552149,0.00397925,-0.000404491,0.00107835,0.000256595
0.00864448,0.00619544,0.00212481,0.00845645,0.0017625,0.00405131
0.00946229,0.0069831,0.00278848,0.00520522,0.00240584,0.00104655
0.00722966,0.00517191,0.00629612,0.00813352,0.00110299,0.00192117
0.00977231,0.0069711,0.00267148,0.00131379,0.000426788,0.00155651
0.0141718,0.010314,0.012931,0.0153148,0.00290072,0.00106257
0.0150567,0.0105223,0.00808437,0.00464371,0.00108784,0.00116896
0.00760232,0.00516088,0.00367905,0.00551208,0.00127559,0.00087847
0.00666546,0.00476593,0.00292682,0.00420746,0.00044987,-6.75235e-05
0.00759739,0.00526788,0.00363813,0.00367401,0.000427918,0.000362155
0.0172573,0.0116901,0.00686843,0.0075849,0.00281512,-0.000353838
0.00937656,0.00629154,0.00525419,0.00504167,0.000975413,0.00111128
0.0184449,0.00867354,0.00813283,0.00530335,0.000757185,0.00135875
0.0384385,0.017491,0.0113718,0.0122688,0.00252487,0.00185123
0.0151001,0.00951701,0.00922948,0.00771459,0.00250295,0.00200047
0.00524041,0.00397364,0.00253597,-0.000674691,-0.00022779,-0.000452294
0.0245949,0.0143569,0.00952966,0.00977214,0.0025242,0.0018501
0.0101023,0.0071134,0.00580836,0.00529994,0.000763731,0.00136473
0.0294407,0.0189434,0.0107358,0.0100545,0.0027223,0.00179639
0.0262557,0.00980296,0.0106409,0.0136906,0.00241399,0.00113532
0.0202188,0.00985545,0.00898782,0.012216,0.00218549,0.00102763
0.0093041,0.00616361,0.00484628,0.00321933,0.000976645,0.000841209
0.00590703,0.00360182,0.00207973,0.00110893,0.000354855,0.000245942
0.00607819,0.00472577,0.00280143,0.0036119,0.000522469,-5.79988e-05
0.00781997,0.00588822,0.00342186,0.00391744,0.00162907,0.000328089
0.0052033,0.00387962,0.00258446,0.00940891,0.00317142,0.00972559
0.00475243,0.0035094,0.0030008,0.00338998,0.000156102,0.00016043
0.0200152,0.0136536,0.00885185,0.0083517,0.00300855,0.00207737
0.00968716,0.00618901,0.00677539,0.00575954,0.00117511,0.00121724
0.0108802,0.00503431,0.00644686,0.00710607,0.00161528,0.000495174
0.00574363,0.0038812,0.00460368,0.00426512,0.000345804,0.000252804
0.0065027,0.00468678,0.00480348,0.00429921,0.00105258,0.00111739
0.0188198,0.0131464,0.0305182,0.0309431,0.00628736,0.00378266
0.0198698,0.0111185,0.00997917,0.0137288,0.00290644,0.00290928
0.016517,0.00819241,0.00761094,0.010345,0.0013803,0.000711261
0.00879469,0.00616679,0.00585916,0.00699904,0.00174186,0.00181784
0.0198985,0.0138431,0.00686213,0.00672185,0.0013138,0.00127934
0.00525177,0.00398088,0.00282283,0.00622592,4.40728e-05,1.70339e-06
0.0124313,0.00841301,0.00534177,0.00459936,0.00128377,-0.00030657
0.00844884,0.00639635,0.00378177,0.00425362,0.000990183,0.00010437
0.00971478,0.00700021,0.00402877,0.00288306,0.000766754,-0.000104145
0.00851475,0.00601726,0.0101047,0.0136533,0.00344967,0.00197988
0.0320169,0.0207817,0.0137048,0.022154,0.00501154,0.00179674
0.00684006,0.00388526,0.00935208,0.0134648,0.00216293,-0.00103158
0.0132257,0.00945331,0.00697769,0.00861138,0.00128663,-0.000485016
0.0101399,0.00716704,0.00610442,0.00530427,0.00118226,0.000933675
0.0124142,0.00889719,0.00873682,0.00539226,0.00126199,0.000891624
0.0231311,0.0129709,0.0123115,0.0171549,0.00391746,0.000907673
0.00639156,0.00459069,0.00290046,0.00500586,0.00035338,0.00103735
0.0130516,0.00917853,0.00555451,0.00659165,0.000110051,0.0022941
0.00572943,0.00421057,0.00549215,0.00688346,0.000865199,8.09771e-05
0.0104717,0.00719737,0.00412345,0.00735089,0.00114764,0.000458661
0.00943644,0.00467621,0.00623379,0.00539856,0.000681592,0.00120295
0.0212116,0.0120034,0.015474,0.0140936,0.0036292,0.000764007
0.0184687,0.00749504,0.00911,0.0093221,0.00139835,0.00107928
0.00617586,0.0046654,0.00322776,0.001074,0.000671091,0.00108258
0.00457197,0.00328683,0.00250408,0.00175101,0.000731846,0.00141023
0.0161481,0.00821323,0.0158819,0.0225231,0.00554058,0.00109036
0.0116612,0.00801643,0.00545716,0.00548577,0.00188213,0.000583935
0.00571114,0.00394302,0.00192974,0.00242683,0.00130519,-0.000440888
0.0128207,0.00811632,0.00526066,0.00682753,0.00130278,0.00056209
0.0048255,0.003486,0.00283703,0.00413178,0.000244662,-0.00117393
0.00414378,0.00311803,0.00197093,0.00267459,-0.000265601,0.0014698
0.00856289,0.00585392,0.00460416,0.00882954,0.00295939,0.00873081
0.0150298,0.00584799,0.00916988,0.0133335,0.00173184,0.00141828
0.0166997,0.00905148,0.00762094,0.011218,0.00106721,0.000476414
0.00611376,0.0043151,0.00282493,-0.000968302,-0.000114585,-0.00090305
0.00911304,0.00453773,0.00507378,0.00471076,-0.00011472,5.60957e-05
0.00861294,0.0046132,0.00487451,0.00339735,0.000591982,-0.000685371
0.00737317,0.00527525,0.00337061,0.00597609,7.78787e-05,0.00167787
0.0144599,0.00772352,0.0083486,0.00688851,0.0018006,-4.15364e-05
0.00962066,0.00730448,0.00381789,0.00592994,0.00100228,0.00054177
0.0234216,0.0166485,0.00639117,0.00898873,0.00278646,0.0001154
0.01286,0.0090505,0.00333711,0.00502252,0.00115737,0.00111921
0.00868877,0.00629831,0.00499301,0.00373178,0.00111022,0.00408703
0.0210643,0.0124047,0.0143438,0.0142842,0.00371012,0.00507361
0.0168488,0.00808265,0.00791898,0.00815264,0.00203168,0.00113783
0.0257532,0.0112314,0.00892182,0.0112361,0.00249849,0.00313706
0.0187717,0.00940239,0.00590751,0.00652818,0.00114729,0.00278624
0.0101522,0.00515006,0.00546842,0.0104954,0.00158301,-0.000328806
0.00765506,0.00568756,0.00388956,-0.000138626,0.00126146,-3.26874e-05
0.0349316,0.0161394,0.0109417,0.0229492,0.00605474,0.0110129
0.0237342,0.0142683,0.00690808,0.00906871,0.00170794,0.00190649
0.00603899,0.00425909,0.00414371,0.00406019,0.00167852,0.00101885
0.0284086,0.0126005,0.0116367,0.0161019,0.00417872,0.00280371
0.0295151,0.0125536,0.0123307,0.0173144,0.00356823,0.0020485
0.00598507,0.00362083,0.00240941,0.00488532,0.00117146,-0.000140658
0.0190392,0.0087456,0.00736713,0.0103914,0.00180482,0.00110264
0.0178472,0.00792322,0.00684831,0.00553706,0.000976646,0.00100578
0.0103287,0.00722241,0.00312324,-3.95874e-05,0.000744187,0.000743553
0.0103976,0.00764014,0.00268986,0.00226397,0.000411601,0.000647996
0.00591211,0.00399286,0.00315772,0.000497502,0.000937797,-0.000620925
0.0130528,0.00927621,0.00579012,0.0083597,0.00200766,-0.000564047
0.00943763,0.00644784,0.0205839,0.0183048,0.00336654,0.000410407
0.00475659,0.00387729,0.00247997,-0.00127452,0.00113251,-5.76125e-06
0.0122318,0.00876732,0.00478858,0.00410075,0.000193672,0.000623535
0.024033,0.00933577,0.0135975,0.0188764,0.00382168,0.00194134
0.025911,0.0101887,0.0135963,0.0157427,0.00290317,0.00172635
0.00923395,0.0067261,0.00472387,0.00361665,0.000847859,0.00153322
0.0133355,0.00946086,0.00409566,0.0110453,0.00329,0.00544479
0.00408115,0.00327642,0.00255368,-0.000803683,0.000283758,0.000504007
0.024301,0.00982642,0.0108656,0.0171262,0.00543512,0.00182519
0.0106066,0.00583536,0.00380475,0.00299838,0.00139728,0.00211005
0.00813317,0.00451574,0.00286484,0.00307242,0.00116355,0.000850032
0.0188138,0.0128406,0.00710499,0.00768347,0.00199592,0.00157392
0.00781403,0.00404245,0.00415198,0.0072955,0.000104183,0.00264487
0.0299929,0.0141682,0.0210198,0.0230699,0.00539888,0.00252111
0.00691921,0.00456118,0.00263268,0.00389726,0.000365947,0.000324804
0.00947718,0.0064475,0.00373294,0.011057,0.00134928,0.0029067
0.0107295,0.00759313,0.00472037,0.0021206,0.000536861,-0.00121994
0.0190016,0.0129767,0.00664141,0.015833,0.00421542,0.00948958
0.0186296,0.0133467,0.00605764,0.00369099,8.13099e-05,-0.000487691
0.0101017,0.00709683,0.00348542,0.00918079,-0.000199998,-0.000771357
0.00421529,0.00338703,0.00236934,0.000491485,0.00018131,-0.000879628
0.00528006,0.00348149,0.00271918,0.00175438,0.00104897,0.00102777
0.009472,0.00620668,0.00491978,0.00984037,0.00189965,-0.00154801
0.00593248,0.00299792,0.00352226,0.00872598,0.00112301,-0.00124178
0.0119368,0.00831288,0.00510658,0.00753119,0.00159657,0.00178959
0.012727,0.00924175,0.00595839,0.00463019,0.00118714,-0.000779081
0.00794792,0.00322143,0.00391646,0.00510325,0.00069237,0.000908029
0.0134138,0.00961642,0.0053298,0.00456711,0.000556405,0.00170918
0.00430477,0.00321997,0.00264774,0.000407418,0.00084464,-0.000517985
0.0135057,0.0095843,0.0061032,0.00305232,0.00139387,0.00130896
0.0211016,0.0146083,0.013171,0.0243064,0.00534641,0.00300831
0.00648197,0.00441731,0.00267803,0.00427252,0.00144049,0.000985718
0.00525177,0.00365443,0.00200667,0.00170928,0.000274693,0.000641745
0.01162,0.00827313,0.00396229,0.00671787,0.00140661,0.00097974
0.0278499,0.0134613,0.0158384,0.0179421,0.00362561,0.00216893
0.00425432,0.00309806,0.00272866,0.00155889,0.000681354,0.000879647
0.0103823,0.00728508,0.00427283,0.00914397,0.00132129,0.00130481
0.00469746,0.00349194,0.00272915,0.00199339,0.000409698,0.000328194
0.00581511,0.00422651,0.00270394,0.00257928,0.000435165,0.00108803
0.00642063,0.00314211,0.00377395,0.00675074,0.00078499,0.00175818
0.00906608,0.00514415,0.00516753,0.0124808,0.000275465,0.0010909
0.00642778,0.00465776,0.0031807,0.00707914,-0.000438338,0.00175259
0.0179008,0.0122779,0.0055808,0.00345781,0.000811591,0.000429141
0.0121394,0.00829963,0.00440484,0.0092432,0.00289794,0.000738592
0.00631003,0.00500208,0.00349677,0.00100881,0.00184524,0.000476779
0.00614178,0.00450504,0.00573942,0.00757789,0.000826402,0.000659878
0.0105204,0.00527278,0.00435226,0.00835385,0.000959682,0.00145705
0.00849267,0.00436482,0.00506111,0.00635513,0.000660813,0.00113047
0.00857062,0.00397899,0.00495409,0.00613539,0.00119125,-0.000233261
0.0102111,0.00702882,0.00450931,0.00528651,0.000789818,0.000194269
0.00999556,0.00680945,0.0043995,0.00840922,0.000949629,0.00249298
0.0132104,0.00920808,0.00581203,0.00721523,0.00126149,0.000636777
0.00845098,0.00627255,0.00312383,0.00732569,-0.000322824,0.000454858
0.00557449,0.00438154,0.00225885,0.00224338,0.000523598,-0.000245995
0.0137729,0.00928382,0.00452482,0.00383516,0.000728435,0.00119504
0.0150679,0.0104568,0.0131456,0.0124134,0.00306558,0.00222507
0.00597229,0.00418332,0.00279113,0.00174222,-0.000129278,-0.000566114
0.00920228,0.006523,0.00372114,0.00354456,0.00139363,0.00053089
0.00680844,0.00444432,0.00185608,0.00639172,0.000637233,0.000361584
0.00572834,0.00408314,0.00270235,0.00231246,0.000311661,5.79461e-05
0.0118331,0.00758884,0.00552591,0.00742265,0.00207968,0.00112247
0.0129353,0.00742369,0.00572071,0.00979068,0.00161499,0.000720793
0.00813503,0.00578451,0.00396373,0.00298011,0.00155787,-0.00043862
0.0243455,0.0165476,0.0151491,0.0101395,0.00254619,0.0032943
0.0128737,0.00568823,0.00889859,0.017741,0.00625901,0.0126351
0.0141598,0.00599643,0.00970338,0.0214601,0.00641401,0.0130912
0.0136659,0.00956697,0.00600601,0.00441,0.00184956,0.000801609
0.0175145,0.0123282,0.00836277,0.00665022,0.00183073,0.0015391
0.0127578,0.00882106,0.00447428,0.0023503,0.00080808,-0.00090089
0.0140263,0.00981297,0.0048762,0.0058722,0.00212469,0.00147544
0.00448132,0.0033554,0.00254069,0.00348488,7.28412e-05,0.000423543
0.00993312,0.00677609,0.00485959,-0.000739095,-3.85972e-05,0.00202057
0.0192127,0.00849459,0.00876181,0.010511,0.0024049,0.00141673
0.0393251,0.0216059,0.014192,0.0162493,0.00396403,0.00135346
0.00956553,0.0063995,0.00381901,0.00465736,0.00108144,0.00101769
0.00824635,0.00581647,0.00297103,0.00111806,0.00113148,-0.000265746
0.0125694,0.00873687,0.00614771,0.00620884,0.00216863,-0.000207978
0.0108061,0.00738024,0.00768843,0.00983863,0.00126939,0.00195934
0.00391661,0.00318848,0.00260011,0.00215426,0.000333224,-0.00110742
0.00892889,0.00635343,0.00289744,0.000199763,0.000447511,-0.000412225
0.0227184,0.0154405,0.00577636,0.00724954,0.00113967,0.000226043
0.00570978,0.0044159,0.00265453,0.00555723,0.000616856,0.00149849
0.00826556,0.00585883,0.00272814,0.00387716,0.00177266,0.000286308
0.0105894,0.00443501,0.00364145,0.0060937,0.00139491,0.00186126
0.0108312,0.00551367,0.00351362,0.00834027,0.00210302,0.00186309
0.010349,0.00419775,0.00454711,0.00786387,0.00220366,0.000467639
0.00951518,0.00414748,0.00435035,0.00693595,0.00179352,0.000689486
0.00857143,0.00593118,0.00352503,0.00423131,-0.000143405,-0.00099519
0.00803509,0.0058955,0.00667548,0.00747207,0.00170043,0.000137303
0.00684477,0.00500911,0.00414841,0.000975748,0.000696524,0.000289574
0.00766797,0.00332871,0.0040099,0.000638522,0.00251847,0.000104259
0.00957797,0.00492777,0.00451596,0.00657787,0.00233685,0.00169642
0.00729458,0.00511758,0.00290288,-0.0042645,0.000912888,-0.000881514
0.00745269,0.00494688,0.00387677,0.00120952,0.000206264,0.000249264
0.0109817,0.00662052,0.00469921,0.00371135,0.000681293,0.00134366
0.00937218,0.00576629,0.00544261,0.00159462,0.00153198,8.05859e-05
0.00706874,0.00525223,0.00338303,0.00216375,0.00152702,0.00150975
0.00843749,0.00518742,0.00429697,0.00431287,0.000921156,-0.000191715
0.0049259,0.00375436,0.00222897,0.00424742,0.000661372,0.000820111
0.0290989,0.0128664,0.0113563,0.014,0.00436985,0.00234784
0.0299842,0.0128091,0.0112358,0.0180427,0.00370925,0.00113722
0.0216205,0.0143299,0.00656728,0.0141681,0.00171331,0.000322342
0.0327885,0.0202954,0.0291477,0.0436028,0.0112562,0.00806915
0.0208287,0.0135318,0.00928257,0.00766123,0.00296682,0.00168188
0.0234629,0.0136211,0.00999597,0.0100886,0.00362463,0.00206168
0.00725787,0.00460571,0.00246545,0.00349883,0.00156862,0.00280266
0.0188827,0.00801876,0.0110338,0.0120822,0.00169546,0.00436894
0.0449653,0.0218927,0.025203,0.0485106,0.0114298,0.0158856
0.0403854,0.0219211,0.0205543,0.0454224,0.011455,0.0159478
0.0120676,0.00813611,0.00340557,0.00344157,0.000729846,0.000225347
0.0158076,0.0109181,0.00442401,0.00969594,0.0019076,0.00127467
0.0122498,0.00874763,0.00315641,0.00881898,0.00158297,0.00138887
0.0107649,0.0075292,0.00329596,0.00455413,0.0012751,0.000199918
0.0067828,0.00458963,0.00310827,0.00225073,5.61595e-06,0.000438593
0.00346164,0.00291261,0.00222334,0.00154228,-0.000489002,0.000169511
0.00511965,0.00372402,0.00296367,0.00280555,0.00166179,0.00011138
0.00851313,0.00580728,0.0119531,0.00847637,0.00342184,0.00313223
0.0129338,0.00580144,0.0058452,0.0047121,-5.57786e-06,0.00170106
0.0166999,0.00735974,0.00735477,0.0102234,0.00111347,0.000799234
0.00955211,0.0067261,0.00831729,0.00803477,0.00217219,0.00199564
0.0162047,0.00879072,0.0050665,0.00964071,0.00197829,0.00138561
0.0186292,0.0104253,0.0080793,0.00720905,0.0022499,-0.00034662
0.0282293,0.0147036,0.0131913,0.00967507,0.00280348,0.00110318
0.0118337,0.00888295,0.00795364,0.0101121,0.00270624,0.0015859
0.00832843,0.00315334,0.00527026,0.00928907,0.00253607,0.000647948
0.00813043,0.00317519,0.00523605,0.0108105,0.00198421,0.000879736
0.00621577,0.00471894,0.00310312,0.00160927,0.000176675,0.00109692
0.0430498,0.019131,0.0192392,0.0351905,0.0115853,0.0219126
0.00562782,0.00407968,0.00169159,0.00290683,0.00120776,0.00220447
0.00507349,0.00353245,0.00169495,0.00247583,0.00011103,-0.000723922
0.03497,0.0197756,0.0199141,0.0223309,0.00400098,0.00129061
0.0123639,0.00841877,0.00600877,0.00622238,0.00156453,0.000137353
0.00436444,0.00327517,0.00225335,0.0025088,0.000836559,0.00053686
0.00534534,0.00372558,0.0029239,0.0018257,0.00107634,0.00170376
0.00478014,0.00372564,0.00263722,0.00336711,0.000247129,-0.00151953
0.00815554,0.0054531,0.00251485,0.00257828,0.000232657,-0.000447634
0.00948084,0.0067902,0.00651977,0.0073167,0.00106866,0.0021072
0.0248177,0.0138333,0.0146016,0.0185214,0.00353372,0.0028408
0.0267442,0.0125514,0.0116985,0.0269021,0.00672162,0.0116308
0.00850231,0.00621452,0.00430282,-0.00202038,-0.000265824,0.000139637
0.0252823,0.0121954,0.0110331,0.00906599,0.0016993,0.000979576
0.0145712,0.0102998,0.00506985,0.00859488,0.00266515,0.0025092
0.00604413,0.00405185,0.00414655,0.00484303,0.000736123,-0.000102815
0.0108401,0.00737184,0.00539962,0.00694841,0.000807813,0.000789138
0.00650552,0.00403195,0.00472543,0.00910161,0.00195792,0.00224618
0.00661406,0.00366775,0.00380802,0.00761077,0.00218929,-6.85624e-05
0.0137175,0.009704,0.00397685,0.00523791,0.0016961,0.00129364
0.0150667,0.0108754,0.00508694,0.0117254,0.00125084,0.000853707
0.00651812,0.00482926,0.0037846,0.00205678,0.000529854,0.00115221
0.00988926,0.00704171,0.00352387,0.00374028,0.00124762,0.000488811
0.00823407,0.00582368,0.00217521,0.00746844,0.000969923,0.00153688
0.0235377,0.0153338,0.0083966,0.0269353,0.00833857,0.0186024
0.00823599,0.00555802,0.00285179,0.00195596,0.000443595,0.000771583
0.00825065,0.00570684,0.0032775,0.00629683,0.000570159,-0.000840522
0.0122222,0.00811719,0.0080037,0.00909549,0.00299727,0.00135008
0.00635906,0.00419584,0.0030743,0.00719744,0.00214111,-5.31693e-05
0.0173916,0.0116359,0.00997735,0.0190606,0.00196981,0.00155378
0.0107834,0.00740572,0.0036931,0.00667706,0.00230017,-0.000284054
0.0140263,0.00847003,0.00620101,0.0140479,0.00269034,-0.000412901
0.0071733,0.00527426,0.00427149,-0.000128792,0.00133505,0.000993837
0.00794358,0.0034288,0.0045846,0.0031859,0.00194161,-0.000214137
0.00942114,0.00661233,0.00401647,0.0051849,0.000352312,-5.22487e-05
0.00818059,0.00561271,0.00351382,0.00601398,0.000731298,-0.00101458
0.0149821,0.0103576,0.00454896,0.00946439,0.000586003,-0.00107765
0.0150999,0.00702088,0.00656564,0.00449569,0.000936083,0.000628409
0.0151173,0.00577667,0.00574003,0.00692517,0.000356424,0.000984495
0.02247,0.015449,0.0089289,0.00753378,0.000881246,0.0021296
0.0225599,0.0151517,0.0107151,0.0123253,0.00228816,0.00139369
0.0412519,0.0227404,0.0378631,0.0613323,0.012076,0.00466188
0.0150628,0.00853803,0.0107755,0.020256,0.0014762,0.00216888
0.00438643,0.00324493,0.00246958,0.00245915,0.00108583,0.00192162
0.0115007,0.00573465,0.00991718,0.0151668,0.00190246,0.000743505
0.0111946,0.0031657,0.00763349,0.00929295,0.00031669,0.00216033
0.0100413,0.00311664,0.00625058,0.00808962,0.000884372,0.00211414
0.00748366,0.00305662,0.00465454,0.00753384,0.000679517,0.00205263
0.0172652,0.0115139,0.00652453,0.00959655,0.000385192,0.00197736
0.0166444,0.00605893,0.00712437,0.00846109,0.0012209,0.00220902
0.0168186,0.00612215,0.00723585,0.00713761,0.00115425,0.0019334
0.00886758,0.00621622,0.00413246,0.00353846,0.000508251,0.00064674
0.00598714,0.00343349,0.00265982,0.00446986,0.000936483,4.10226e-05
0.00708963,0.00522412,0.0039101,-0.00164649,0.00101032,0.000613484
0.0101144,0.0075624,0.00441456,0.00349011,0.00140034,0.00155214
0.00612835,0.00469695,0.00364312,-0.00245778,0.000523714,-0.000829414
0.00398361,0.00300692,0.00188297,0.00334758,0.00111389,-0.000353411
0.0156852,0.0111041,0.00819447,0.0199627,0.00289622,0.000584922
0.022513,0.0107081,0.00813289,0.0122418,0.00154631,0.00168468
0.0242661,0.0161012,0.0365611,0.0337232,0.00783546,0.00500065
0.0108785,0.00797097,0.00706185,0.015385,0.00271409,0.00174448
0.0178126,0.00987656,0.00714906,0.00425675,0.00115193,-0.000284473
0.00842828,0.00478101,0.00430603,0.00276682,0.0012715,0.000328829
0.0126473,0.00864647,0.00606429,0.00672296,-0.000108485,2.27759e-05
0.0100368,0.00748581,0.00572109,0.00219423,0.00152284,0.000564745
0.0124404,0.00842557,0.00358919,0.00500911,0.00172589,0.000991992
0.0115194,0.00820205,0.00428807,0.0104764,0.000956696,0.00047486
0.0139395,0.00952315,0.00496937,0.0062478,0.00190822,0.00146359
0.0109663,0.00725375,0.00449299,0.00668181,0.0016202,8.99095e-05
0.0136575,0.00954683,0.00717037,0.0103767,0.00147938,0.000589125
0.00654136,0.00499607,0.00253141,0.000779977,0.000382397,0.000252823
0.0172723,0.0102539,0.00591145,0.00728914,0.000454961,0.00183727
0.0101797,0.00720299,0.00864668,0.00232903,0.00173919,0.00047761
0.00750584,0.00558328,0.00282612,0.00270327,0.000311836,0.00087563
0.00808749,0.00569944,0.00360725,0.0037263,0.00094106,0.000541921
0.00639521,0.00468906,0.00289708,-0.00118976,0.000979505,-0.000529314
0.0099586,0.00659221,0.00642804,0.00716786,0.00209021,0.00235094
0.02289,0.015766,0.0124706,0.0128914,0.00194619,0.00254384
0.0105426,0.00727104,0.00375563,0.00796097,0.00195678,-8.1723e-05
0.00610349,0.00412238,0.00318369,0.00638459,5.79457e-05,-0.00034441
0.0133474,0.00633395,0.00894604,0.0125754,0.00200344,0.00105618
0.00708415,0.00500283,0.0037446,0.00470264,-0.000214416,0.000873971
0.00777014,0.00538352,0.00347064,0.000599771,0.000495205,0.000456935
0.020103,0.0135236,0.00843955,0.0141386,0.0018129,0.00142529
0.00597964,0.0039939,0.00299288,0.00261762,0.000828639,-0.00157312
0.00381835,0.00312503,0.0014019,0.0025205,-0.000303402,-0.00065508
0.00807684,0.00546855,0.00275128,0.00234723,4.20467e-05,0.000322945
0.0112926,0.00778045,0.00451304,0.00688425,0.000754938,0.000870824
0.00810801,0.00437665,0.00499481,0.00193516,0.000407143,0.000553395
0.00927972,0.00493943,0.00492262,0.00427484,0.000413215,0.000592963
0.0141119,0.0101681,0.00664867,0.00530058,0.00168799,0.00136296
0.034237,0.0148093,0.0138701,0.0208255,0.00568986,0.00565304
0.0145251,0.0091228,0.00559352,0.0135518,0.00158843,0.00194111
0.0118082,0.0060771,0.00749498,0.00286653,0.000986692,0.00196179
0.0298897,0.0132616,0.0124732,0.0172767,0.00324143,0.000904341
0.030698,0.0144462,0.0133573,0.0171394,0.00196071,0.000884125
0.00903612,0.00626926,0.00734588,-0.00064332,0.00140031,0.00170593
0.01218,0.00635938,0.00835334,0.0102817,0.0024094,2.17605e-06
0.0101499,0.00719213,0.002627,0.0024903,0.000411084,-0.000217485
0.00788666,0.00578202,0.00281513,0.00489796,0.000236756,0.00017607
0.0113197,0.00465407,0.00400938,0.00199886,0.00157213,0.00132132
0.0112212,0.00474633,0.00399215,0.0014265,0.000918551,0.00164651
0.0116832,0.0081423,0.00400766,0.00470451,0.00221692,0.00120331
0.0261095,0.0134872,0.0138354,0.0250573,0.00463307,0.00353822
0.014341,0.00942636,0.0065777,0.00481442,0.00159705,0.000777103
0.0148463,0.0102823,0.00496467,0.00741474,0.000793161,0.000256613
0.00484727,0.00365098,0.00277203,0.000242931,0.000508593,0.000445013
0.00703955,0.00518213,0.00325368,0.00503792,7.10158e-05,1.43272e-05
0.004723,0.00357561,0.00298145,0.000725805,0.000213544,-0.000561506
0.00840542,0.00364395,0.00424557,0.00943549,0.00195586,0.000977938
0.0179986,0.0108693,0.00618121,0.0129599,0.00217499,0.00256905
0.0108065,0.00691776,0.00393842,0.00445704,0.000485893,0.00151783
0.0187824,0.0124857,0.00968452,0.0105857,0.00343621,0.00161323
0.0289256,0.016446,0.0244342,0.0357061,0.00762266,0.00439981
0.0275173,0.00854328,0.0109316,0.0127654,0.00285617,0.00185987
0.0243832,0.00848258,0.00991102,0.0108959,0.0018128,0.00235966
0.00732172,0.00549885,0.00285909,0.00257368,-0.000427756,0.0011035
0.0147222,0.00800086,0.00595836,0.0123799,0.001727,0.00107648
0.0090581,0.00643165,0.00288593,0.00840632,0.000381624,2.89142e-05
0.00580574,0.00435737,0.00300095,0.00337432,0.000848552,0.000681199
0.00861253,0.00594936,0.00344905,0.00133713,0.000504336,0.00136138
0.0147482,0.0095748,0.00654608,0.0151519,0.00471931,0.00557934
0.00772263,0.00301423,0.00338102,0.00386807,0.000930408,0.000935305
0.0116673,0.00873536,0.00521154,0.00843999,0.00120272,-2.73922e-05
0.00990077,0.00401335,0.00591245,0.0073494,0.00248807,0.00101322
0.0141019,0.00452808,0.00970467,0.00822313,0.00297171,0.000884472
0.0127001,0.00542899,0.00948612,0.00825114,0.00122388,0.0013341
0.0128099,0.00927169,0.00395484,0.00348185,0.00131181,0.000498632
0.0104429,0.00643933,0.00579964,0.0032742,0.00107205,0.00126293
0.017679,0.0113822,0.012743,0.010485,0.0036515,0.00192793
0.020289,0.0124647,0.00729313,0.0126906,0.00343638,-0.000136615
0.0235239,0.0123822,0.00788666,0.0151652,0.00354558,0.000724477
0.00860713,0.00616226,0.0042016,0.00150724,0.00169783,0.00113851
0.0118511,0.00823503,0.00418496,0.0068012,0.00155012,0.000933412
0.00882038,0.0063607,0.00426385,0.000647594,0.000846541,0.000895391
0.0136995,0.00681762,0.00456248,0.00327003,0.00215779,0.000519428
0.0198996,0.00680629,0.00740376,0.00873566,0.00336077,0.00117791
0.0186854,0.00689359,0.00786448,0.0107767,0.0027642,0.00169779
0.00727177,0.0032862,0.00341694,0.00348955,0.00180459,-0.000263726
0.0082823,0.00573135,0.00656123,0.00995176,0.000687393,0.000708732
0.0124931,0.00854093,0.00810665,0.00423998,0.00254357,-0.000419819
0.0216408,0.0125829,0.0153798,0.0178098,0.00339918,0.00329092
0.0182491,0.00974697,0.0110774,0.0125707,0.000947899,0.00212297
0.0093916,0.0064465,0.00781979,0.0128072,0.00130063,0.000971372
0.00674857,0.00478768,0.00464516,0.00694923,0.00169632,-9.87825e-05
0.0187707,0.00840424,0.00972349,0.0136562,0.00197627,0.00230619
0.0159003,0.0111161,0.00715195,0.00924384,0.000345035,0.00329676
0.0117489,0.00705315,0.00716029,0.0291074,0.00980817,0.0206278
0.0144607,0.0070459,0.0070828,0.0252588,0.007639,0.0185817
0.00942652,0.00560471,0.00278011,0.00412046,0.00103253,0.00114279
0.00745774,0.00375009,0.00465624,0.00527238,0.000600406,0.000799958
0.0294166,0.0160822,0.0294871,0.0404883,0.00979469,0.0063885
0.00566181,0.00396068,0.0043001,0.0058249,0.000133301,0.000259478
0.0100942,0.00703565,0.00388635,0.00482292,0.00106584,4.59132e-05
0.0155237,0.0092151,0.00544055,0.00869048,0.00165097,0.00113713
0.0112235,0.00615153,0.00435524,0.00512012,0.000151537,0.00192988
0.00733417,0.00538941,0.00197626,0.000825507,0.00207546,0.000166247
0.00998615,0.00706603,0.00320691,0.00426274,0.000452047,0.00075543
0.00750278,0.00535037,0.00400466,0.0054773,0.00104618,0.00115258
0.0118614,0.00847829,0.00520904,0.00175341,0.00160195,0.000221109
0.021019,0.0116824,0.0107528,0.0107282,0.00212444,0.000358536
0.0104506,0.00689893,0.00415472,0.0050239,0.000941545,-0.000366104
0.00989787,0.00730769,0.00524719,0.000642085,0.00172105,-0.000474145
0.00953349,0.00679854,0.00553717,0.00289671,0.000439858,0.00120552
0.0261497,0.0172186,0.0127997,0.0237075,0.00617719,0.0129957
0.00957964,0.00379702,0.00730434,0.00836323,0.000603262,0.00171437
0.00951383,0.00380291,0.00704001,0.0100716,0.00104528,0.00194623
0.00530959,0.00359558,0.00282587,-0.00246183,0.00110369,-0.000897729
0.00864708,0.00450796,0.00534093,0.00852366,0.00180701,0.00164359
0.044484,0.0267148,0.0284601,0.0477023,0.0115909,0.00491168
0.00608691,0.00401367,0.00657985,0.00558897,0.00191984,-0.000183304
0.00679485,0.00493842,0.0049433,0.00135362,-5.11192e-05,0.00075386
0.01115,0.00752322,0.00506262,0.00603087,0.000568044,0.000636273
0.00930998,0.00628764,0.00401354,0.00541141,0.000313329,5.01875e-05
0.0151639,0.00808406,0.0079226,0.00504343,0.00132414,0.00154525
0.0138616,0.00813729,0.00737745,0.00447546,0.00111697,0.000841407
0.0124359,0.00878947,0.00505393,0.00454992,0.00170754,0.0016031
0.00610359,0.00427937,0.00251141,-0.000439302,0.00165368,0.00143569
0.00786043,0.00559253,0.00336606,0.0233907,0.00683714,0.0202915
0.00981233,0.00610525,0.00415115,0.00615942,0.00116667,0.000853092
0.0340681,0.019852,0.0129697,0.0135986,0.00262697,0.000795716
0.0213589,0.00873987,0.0105888,0.0126072,0.00405888,0.00212544
0.0221628,0.00870063,0.0109897,0.0139906,0.00371025,0.0019114
0.0059226,0.00390667,0.00191125,0.000874428,0.000631257,0.000493539
0.00439447,0.00331172,0.00184458,-0.000832715,-4.14688e-05,-0.000396266
0.0111523,0.00815624,0.00505671,0.0134854,0.00300656,0.000897345
0.00435682,0.00335387,0.00227431,0.000442519,0.000749263,0.000374365
0.0248631,0.0123884,0.00869935,0.0104106,0.00165391,0.00180701
0.0209063,0.0112625,0.00765193,0.00663336,0.00177708,0.000571462
0.00367373,0.00331373,0.00102654,0.0015855,1.97444e-05,-0.000433274
0.00922569,0.00672358,0.00587358,-0.000494828,0.000767592,0.0012299
0.0099108,0.00625881,0.00656534,-0.000851993,0.00192404,-0.00029758
0.0119967,0.00861167,0.00318218,0.0025721,0.00134774,0.0001826
0.0190456,0.0133271,0.00848644,0.0120344,0.00257824,0.00213069
0.00972535,0.00726238,0.00428055,0.00294985,0.000991056,0.000521602
0.00916784,0.00623704,0.00372664,0.00421874,0.000649554,0.000231263
0.0134956,0.0093905,0.00602887,0.00376529,0.00170778,0.000866957
0.0355268,0.0231891,0.0117914,0.0182883,0.00328484,0.00091946
0.0210887,0.011907,0.00752416,0.0114797,0.00235623,-0.000490038
0.0214097,0.0112934,0.015614,0.0334337,0.0117773,0.0132497
0.0289929,0.0167425,0.0246304,0.0534473,0.0155393,0.0236752
0.00587504,0.00409914,0.00293985,0.000261014,0.000578687,0.000390895
0.0155091,0.0108583,0.0065824,0.00674973,0.00119159,0.000933595
0.0207574,0.00982913,0.00862975,0.0070905,0.00196811,0.00127625
0.0222255,0.0097984,0.00891994,0.00746606,0.00207818,0.00223893
0.0160766,0.0113464,0.00507349,0.0104906,0.00219487,0.00126465
0.0194819,0.0114148,0.00581829,0.0125848,0.00251335,0.000983727
0.0181439,0.00723334,0.0153009,0.0168687,0.00377685,0.000884491
0.017783,0.00681237,0.0143919,0.0116874,0.0031219,0.000868582
0.0111404,0.00752813,0.012526,0.0169921,0.00381129,0.00185415
0.00886734,0.00651685,0.00246413,0.00352379,5.51413e-05,-0.000186368
0.00383444,0.00301018,0.00437562,0.00303962,0.000460452,0.000436533
0.00523755,0.00361963,0.00246381,0.00612336,0.00076847,0.00174562
0.0100223,0.00720951,0.00825522,0.00784621,0.00134589,0.00138866
0.00996901,0.00715645,0.00764605,0.00854154,0.0020624,0.000472965
0.0165255,0.0110986,0.00664672,0.00985093,0.0021817,0.000667682
0.0158877,0.00817438,0.00672259,0.00824853,0.00117543,0.00166833
0.0139619,0.00702178,0.00582825,0.00834865,0.00177929,-8.44419e-05
0.00416413,0.0032385,0.00235453,0.00661301,0.000283165,-5.27201e-05
0.00802222,0.0046745,0.00441708,0.000456847,0.000354752,-0.000215643
0.00660586,0.00332923,0.00386087,-0.000798889,7.94355e-05,0.000204224
0.00630029,0.00425558,0.00363029,0.00324752,0.000324522,-0.00137796
0.0291611,0.0194915,0.014398,0.0124972,0.00310006,0.0014793
0.0120625,0.00328932,0.008852,0.0100623,0.00162078,0.000637564
0.00848096,0.00327263,0.00684121,0.0075491,0.00174923,0.00122208
0.0124551,0.00749628,0.00572355,0.00152463,0.00241969,0.000449299
0.0146303,0.00918081,0.00834987,0.0053321,0.00239218,0.00106365
0.00749118,0.004368,0.00269611,0.0016155,0.000476255,0.000145464
0.0073512,0.00352003,0.00680741,0.00571525,0.00114517,0.00194523
0.0122331,0.00548531,0.00527564,0.00434412,0.000725488,0.000106199
0.012735,0.00534392,0.00560259,0.00559509,0.000992992,3.78479e-06
0.0091794,0.00540091,0.00393869,0.00644423,0.0013613,0.00189374
0.00742625,0.00542593,0.0026643,0.00148277,0.00102441,0.000772667
0.00741152,0.00534793,0.00303796,0.00344969,0.000137796,0.000538111
0.00461813,0.00358962,0.00281679,0.000691802,0.000302089,0.00105099
0.0179938,0.0103142,0.00678047,0.0100155,0.00141507,6.89126e-05
0.0121213,0.00869804,0.00402994,0.00218168,0.00231167,0.00194194
0.0118408,0.00845747,0.0028013,0.0110598,0.00171617,4.74985e-05
0.00447329,0.00330263,0.00175679,0.000245164,0.000316512,0.0019728
0.0068669,0.00314354,0.00334824,0.00314909,0.000104621,-0.00128439
0.00753662,0.00300163,0.00323248,0.00625429,0.00106127,-0.000215015
0.0134948,0.00823397,0.00698693,0.00677194,0.0019868,0.000344268
0.0146464,0.00794801,0.00665132,0.00854695,0.00201121,0.000280887
0.013537,0.00715487,0.0062909,0.00764238,0.00167437,0.000484575
0.0134246,0.00709763,0.00651831,0.0113778,0.00221175,0.00172838
0.0112764,0.00527392,0.00567208,0.00747258,0.00134963,-0.000258642
0.0096595,0.00731636,0.00931241,0.00584986,0.00150891,0.00112429
0.0105687,0.00652897,0.00450363,0.00425421,0.0026314,0.00171559
0.00478092,0.00341214,0.00246157,0.003582,0.000591354,-0.00100657
0.00888488,0.00624273,0.00233142,0.00780745,0.00158978,0.00125966
0.0115504,0.00758653,0.0084659,0.0119649,0.00210515,0.00217885
0.011418,0.00781367,0.00452423,0.00662873,0.000996112,-6.552e-05
0.00652652,0.00439847,0.00545222,0.00473348,0.00191105,0.00195948
0.00851461,0.00526933,0.00324973,0.00613518,0.00148992,-6.71736e-05
0.00820672,0.00525189,0.00349281,0.00691305,0.00114673,0.000120418
0.0121444,0.00868705,0.00575088,0.00383112,0.00183173,0.000977328
0.0278191,0.0171099,0.00737584,0.0127242,0.00114394,0.000458792
0.0157739,0.0105869,0.00507012,0.00676952,0.00103857,0.00118716
0.00927853,0.00671052,0.00356387,0.00051746,0.00107337,6.09223e-05
0.00529383,0.00374758,0.00204516,0.00165092,0.00064454,0.000823603
0.0195399,0.0113874,0.0120456,0.0177771,0.00305493,0.00270405
0.0188245,0.00601442,0.00932689,0.00813329,0.00110012,0.00248585
0.0109968,0.00557945,0.00519566,0.00282864,0.000722796,0.0015701
0.0134576,0.00951679,0.00873208,0.00919426,0.00358058,0.00150701
0.00993267,0.00732005,0.00517825,0.00307681,0.000617867,0.00219823
0.0156418,0.00860861,0.00867496,0.0110177,0.00271735,0.00147958
0.022172,0.0120693,0.0121325,0.0136462,0.00251542,0.00159252
0.00793658,0.00543055,0.00147301,0.0107739,0.00310401,0.0412102
0.0129175,0.00867252,0.00755338,0.00759651,0.00167294,0.00102333
0.0131021,0.00934411,0.00586904,0.00751645,0.00164573,0.00139139
0.0263783,0.0108734,0.0217006,0.0288653,0.00822892,0.0148452
0.0260171,0.0105455,0.0177884,0.0141234,0.00240721,0.00307611
0.0113225,0.00454251,0.00798349,0.00469068,0.00124118,0.00111723
0.0103087,0.00726481,0.00521585,0.00528704,0.0017232,0.0031022
0.0146495,0.0101005,0.00925717,0.00698464,0.00107521,0.00212949
0.00678534,0.00501511,0.00435979,0.00354575,0.000612773,0.000735544
0.00533388,0.00363548,0.00394045,0.00261147,-0.00039415,0.000479876
0.00584127,0.00374992,0.00301463,0.00327767,0.000387187,0.000251218
0.00423064,0.00314689,0.00183676,-4.05394e-06,0.000170132,0.000840424
0.0246741,0.0174792,0.00879597,0.0107394,0.00157957,0.00141473
0.00699313,0.00521747,0.00408608,0.00167332,0.00121079,0.000171159
0.0167023,0.0117217,0.0058173,0.00431426,0.00197559,0.00150609
0.00471841,0.00344332,0.00441746,0.00643437,0.000860059,0.000222333
0.0051863,0.00378594,0.00342878,0.000237957,0.000137955,0.00100105
0.00679445,0.00485219,0.00355473,0.00375547,-0.000203481,0.000884145
0.0066759,0.0045895,0.00899015,0.00975826,0.00248641,0.00344178
0.00675106,0.00511903,0.00308446,0.00707736,0.000785508,-0.00103497
0.00804691,0.005699,0.00297974,0.00438872,1.76623e-05,0.00269726
0.00577787,0.00414749,0.00181154,0.00165488,-0.000306052,-3.89244e-06
0.00467116,0.00345007,0.00307051,0.00504864,0.000704717,0.000936532
0.0121034,0.00835213,0.00453726,-0.00136424,0.000745858,0.000471072
0.0112504,0.00551911,0.0050583,0.00574221,0.000664335,0.00203325
0.00429291,0.00292333,0.00316406,0.00433623,-0.000243662,-6.64677e-05
0.00836677,0.00613737,0.00285779,-0.00108173,0.00106274,0.00174052
0.0169689,0.00836815,0.00714879,0.00814897,0.00209219,0.000889596
0.0150368,0.00590989,0.00538336,0.00710315,0.000372557,0.000190875
0.00561725,0.00375107,0.00402467,0.00289379,0.000381517,0.00161922
0.00428964,0.0029398,0.00221419,0.00307357,8.50181e-05,0.000969796
0.0189025,0.0131001,0.00769572,0.00578751,0.00302672,0.00119372
0.00929678,0.00616033,0.00637754,0.00842371,0.00200155,0.00159496
0.0078111,0.00544811,0.00219782,0.00186529,0.000515002,-0.000257298
0.00403626,0.00319827,0.00305264,5.59151e-06,0.00068966,0.000464252
0.00828724,0.00587014,0.00458944,0.00507215,0.000892889,0.000275492
0.00608129,0.00426904,0.00277223,0.00136314,-0.000510033,0.00178829
0.0123701,0.00560348,0.00969663,0.00762894,0.002046,0.00343058
0.0174772,0.0095129,0.0133287,0.00955652,0.00301006,0.00204169
0.0140593,0.00988962,0.00604313,0.00678119,0.00140491,0.000483212
0.0137582,0.00800769,0.00959473,0.0151125,0.00192661,9.82469e-05
0.012404,0.00753315,0.00723683,0.0118787,0.00213213,0.00155351
0.00996683,0.00495074,0.00540974,0.00741022,0.00140783,0.000230745
0.00624051,0.00479398,0.00352182,0.00445317,0.000528451,-0.000934703
0.00626885,0.00479579,0.00291912,-0.000396891,0.000346054,-4.12339e-05
0.00496732,0.00319401,0.00299302,0.00319734,0.000120036,0.00037442
0.0165833,0.0119497,0.0110724,0.0123028,0.00360621,0.00716681
0.0116998,0.00437621,0.00514434,0.00353959,0.000148152,0.00206046
0.0103768,0.00729155,0.00733615,0.00773217,0.000681047,-0.000377701
0.0182813,0.0113861,0.0108412,0.00879576,0.00176199,0.00196452
0.00958167,0.00451743,0.00660785,0.00610689,0.00219152,0.00227719
0.0122599,0.00552833,0.00668973,0.00491293,0.000722447,0.00228022
0.00863354,0.00583692,0.00412458,-0.000586017,0.00112194,-0.000947861
0.0188769,0.0127202,0.0102266,0.017431,0.00466176,0.001057
0.00582355,0.00452623,0.00346829,0.00552614,0.00162614,0.000132131
0.00971521,0.00630494,0.00491151,0.00375667,0.00046463,0.0010192
0.0129978,0.00691332,0.0068859,0.00874107,0.00132567,0.00230319
0.0141645,0.00680053,0.00695886,0.00771409,0.00126061,0.00196676
0.00799067,0.00536103,0.00524896,0.00928315,0.000795885,0.000232977
0.0037684,0.00311136,0.00150453,0.0018739,0.000297327,0.000154695
0.00866858,0.00598915,0.00423598,0.00573693,0.000601943,-0.000488312
0.0126946,0.00864617,0.00566834,0.0107976,0.00245008,0.000361698
0.0141167,0.0095427,0.00498232,0.00885973,0.00123558,-0.000543957
0.00632919,0.0047993,0.00292404,0.00379335,0.00233334,0.00453101
0.00766161,0.00564771,0.0034882,0.00434358,0.00132799,0.00012454
0.0147864,0.0103216,0.0058597,0.00587264,0.000388167,0.000807872
0.00921919,0.0062927,0.00840582,0.00210517,0.00183958,-0.000150756
0.0113236,0.00791626,0.00534904,0.00888855,0.00201249,0.00123234
0.0167683,0.0116819,0.029126,0.0369713,0.0101182,0.0066591
0.00737161,0.00522777,0.00315506,0.00184209,0.0021243,0.000666716
0.0100517,0.00670554,0.00416706,0.00644998,0.00131918,0.000459684
0.0106682,0.0076518,0.00297432,0.00422811,0.00129992,-0.000329881
0.00544578,0.00393559,0.00567253,0.00608317,0.00178005,-0.000191035
0.0044065,0.00307606,0.00223148,0.00221419,0.000613174,-0.000233008
0.0253023,0.0136339,0.0100823,0.0117461,0.00104254,0.000876902
0.0200206,0.010971,0.00788962,0.0152359,0.00358087,0.000770088
0.0189906,0.0064288,0.0084756,0.0117872,0.0020721,0.000674364
0.0162512,0.00553177,0.00858406,0.0104728,0.00104639,0.00113973
0.0104242,0.00561984,0.00519457,0.00529563,0.00091572,0.000803202
0.00945475,0.00653955,0.00248333,0.00107924,0.000872484,0.000529018
0.00471596,0.00336434,0.00103148,-0.000218159,-0.000296488,-9.39406e-05
0.00828538,0.00569777,0.00330169,0.00103403,-0.000571286,-0.00024654
0.0160566,0.0108742,0.00597461,0.00857482,0.00154398,0.000944813
0.00733921,0.00530263,0.00312573,0.00172487,0.000451439,9.26371e-05
0.00719944,0.00296765,0.00685332,0.00421881,0.00234102,0.000275296
0.00815779,0.0042294,0.00872431,0.00584063,0.00217574,-1.27119e-05
0.0104988,0.00415426,0.00526039,0.00238249,0.00190864,-0.000631341
0.0135615,0.00490727,0.00710446,0.00341286,0.00144606,0.000575396
0.00877582,0.00492935,0.00469041,0.00249606,0.00117595,-0.000294215
0.00469528,0.00361038,0.00254865,0.00799497,0.000466908,-0.000146696
0.00663347,0.00456037,0.00220704,0.0032119,0.000221162,-0.000489843
0.00983812,0.00702488,0.00391582,0.00641963,0.000172869,0.00109678
0.0173505,0.0123976,0.00693661,0.0114734,0.00127639,0.00171899
0.0065204,0.00392123,0.00596406,0.00564299,0.00147873,0.00138094
0.0141806,0.00930731,0.005548,0.00693279,0.00109688,0.000729851
0.00686803,0.00529507,0.0031969,0.0046567,-0.000428944,0.00108275
0.00816287,0.00604222,0.00339435,0.000618794,0.000372082,0.000195695
0.00786856,0.00538414,0.00300215,0.00681801,0.00143508,-0.000602951
0.010737,0.00746629,0.00617232,0.0080587,0.00145603,-9.03036e-05
0.0100403,0.00744077,0.00485152,0.0065583,0.00156712,0.00278829
0.00911929,0.00641369,0.00276183,0.000874732,0.00124033,-2.8985e-05
0.0152105,0.0103862,0.00558727,0.00829284,0.000218693,0.00144459
0.0164336,0.0102578,0.00831544,0.00771865,0.00119693,0.00050185
0.02564,0.0160907,0.0113247,0.0192092,0.00416915,0.00141747
0.0220354,0.015,0.00798668,0.00957521,0.00135534,0.00174168
0.00738042,0.00531956,0.00232655,0.00373554,0.000552483,0.000383915
0.0104538,0.00702219,0.00361791,0.0031656,0.000529725,0.000447666
0.00636584,0.00455896,0.0119504,0.0101118,0.00149904,0.000535847
0.00988446,0.00458108,0.00672649,0.00406511,-0.000202869,-9.37666e-05
0.0109354,0.00498125,0.0067789,0.0055636,-0.000175539,-0.000130213
0.00541155,0.00371876,0.00322239,0.0113594,0.00481908,0.0139084
0.0140021,0.00971084,0.0073104,0.00509045,0.00216101,0.0014176
0.0181343,0.00697851,0.00911965,0.00786757,0.00129879,0.00221364
0.0145161,0.00717812,0.00895016,0.00487969,0.00145933,-0.000482267
0.0184178,0.00828584,0.00931064,0.0108321,0.00212255,-0.000566037
0.0052649,0.00371128,0.00407908,-0.000112078,0.00106708,0.0010597
0.00759189,0.00563072,0.00238071,0.00230174,0.000584555,0.000510533
0.00593129,0.00464317,0.0040543,0.00348063,0.00185353,0.00130001
0.017404,0.00842276,0.00887654,0.0120606,0.00267013,0.00106648
0.022322,0.0115739,0.0101858,0.00699121,0.00090435,0.000580021
0.0169424,0.0117485,0.00814866,0.00977421,0.00213028,9.19465e-05
0.00477734,0.00356321,0.00445924,0.00553668,0.000155607,8.71069e-05
0.00973184,0.00668436,0.00417162,0.00236519,6.27069e-05,0.000451773
0.019529,0.0128406,0.00621496,0.0126306,0.0023227,0.00106754
0.00639777,0.00393634,0.00325193,0.00435176,0.00116436,0.00154193
0.0114111,0.00818388,0.00512924,0.0119005,0.000599573,0.00176789
0.014047,0.0097938,0.00791832,-0.00107182,0.00200382,0.000467743
0.00661462,0.0041633,0.004738,0.000838815,0.00100549,4.61923e-05
0.00844666,0.00629885,0.0054997,0.0105526,0.00167854,0.00105282
0.0138427,0.00796225,0.00531601,0.00504803,0.00169247,0.000740562
0.00919373,0.00610842,0.00305661,0.00493721,0.000280438,0.00180515
0.0104523,0.00696722,0.00470707,0.0106775,0.00041397,-0.000153897
0.0188453,0.00920766,0.00933979,0.00912161,0.00208889,0.00101703
0.0114654,0.00786704,0.00479086,0.00278432,0.000966944,0.000197574
0.0322121,0.0131,0.00912056,0.0198101,0.00318759,0.000839197
0.0405853,0.0131145,0.0132226,0.0214217,0.00427133,0.00163443
0.0290242,0.0130609,0.00962432,0.0131327,0.00292311,0.000187331
0.00926883,0.0064277,0.00510998,0.0043177,-0.000307962,0.000709119
0.00754507,0.00547393,0.00321364,0.00407309,0.000419868,0.00148963
0.0174197,0.012142,0.0112577,0.01149,0.00194074,0.00272494
0.0206906,0.0105081,0.0114086,0.0119555,0.00259925,0.000400664
0.0206699,0.00865117,0.0100006,0.0106382,0.00246238,0.00199376
0.0257772,0.00853807,0.0116914,0.0141099,0.00263645,0.00275168
0.0123891,0.00622643,0.00506439,0.00542307,0.000242122,0.00168138
0.00693611,0.00506009,0.00650018,0.00133884,0.000660756,0.00153086
0.0118346,0.00660336,0.00550971,0.00960475,0.000995542,0.000350323
0.00622655,0.00443554,0.00200942,0.00190529,0.00119663,0.00120074
0.00809758,0.00517426,0.00447003,0.00435752,0.000177892,-0.000431411
0.0102126,0.00588274,0.00472147,0.000389933,3.33458e-05,0.000936212
0.00746969,0.00520241,0.00344893,0.00567887,-6.95235e-05,0.000676766
0.00928299,0.00670638,0.00348356,0.0110741,0.00083034,0.000565435
0.0228838,0.0151859,0.00769217,0.0124215,0.00124251,0.00140019
0.0143696,0.00795144,0.00538124,0.00430453,0.00112892,-0.000332181
0.0140733,0.00655214,0.00541686,0.00547363,0.00104057,-0.000244353
0.0136131,0.00916112,0.00388742,0.0052059,0.00200543,0.0014618
0.00993231,0.00708459,0.00631999,0.0109918,0.00225888,0.00145387
0.0172285,0.0117307,0.00481957,0.000995628,0.00130139,0.000543627
0.013674,0.00952746,0.00490024,0.00570847,0.00149882,0.000731497
0.0139399,0.00947726,0.0112666,0.0177273,0.00243902,0.00146931
0.0113322,0.00542491,0.00792912,0.0133091,0.00190897,0.00318327
0.0120364,0.00540915,0.00803714,0.0123677,0.00168686,0.00300663
0.0188948,0.00964495,0.0076201,0.0129428,0.00158075,0.00204093
0.00891784,0.00602418,0.00329191,-0.00285621,0.00071914,0.00100886
0.0039101,0.00310028,0.001423,0.00328121,0.000766415,-0.000146532
0.00507609,0.00373839,0.0024718,0.00212225,-0.000135286,-0.000756755
0.0086977,0.0058292,0.00373037,0.00157426,0.000724876,-0.00091112
0.00831512,0.00590736,0.00356211,0.00153415,9.23287e-05,-0.00073189
0.00775599,0.00569166,0.00591341,0.00650356,0.000971426,-0.000885326
0.00671446,0.00365278,0.00222338,0.00662377,0.00324734,0.00574167
0.0211788,0.0136967,0.00743917,0.0328691,0.0120325,0.0251453
0.00601934,0.00408607,0.00261846,0.00253585,-0.00112344,0.000217989
0.00742523,0.00543528,0.00370814,-0.000902742,0.000218303,0.000696916
0.00429818,0.00313814,0.00163875,0.0228283,0.00745443,0.0256515
0.0138284,0.00925701,0.0053742,0.00509752,0.00227041,0.000211537
0.0216708,0.00957581,0.00995,0.011849,0.00257372,0.000633913
0.0215103,0.00951456,0.00990293,0.0113525,0.00253555,0.000613326
0.0108504,0.00755653,0.00355386,0.00492707,0.000603412,0.00033974
0.0126096,0.00888212,0.00834172,0.00584246,0.00360039,0.00709704
0.0360854,0.0182603,0.016808,0.0292106,0.00637923,0.00413874
0.0339277,0.0167204,0.0239801,0.0232295,0.00546299,0.00478942
0.0297712,0.0146231,0.012175,0.0152071,0.002703,0.00154506
0.00981137,0.00383091,0.00500194,0.00350197,0.0010359,-0.000713067
0.0102201,0.00704608,0.00442404,0.0050897,0.00116643,0.00135706
0.0153421,0.0075902,0.00671216,0.0043844,0.00197796,0.00268339
0.0180337,0.0075423,0.00806015,0.00678104,0.00246252,0.00269097
0.0233095,0.0103073,0.0106783,0.0121508,0.00252691,0.00189659
0.0199614,0.0102707,0.00815085,0.0152235,0.00194139,0.0013788
0.00984566,0.00558987,0.00285856,0.00541774,0.00100903,-0.000384643
0.0264252,0.015011,0.013187,0.00764073,0.00244925,0.000762915
0.0274649,0.0147888,0.0140782,0.0136967,0.00314242,0.0012112
0.00992085,0.00676655,0.00451488,0.00208249,0.00102527,0.00100821
0.00727172,0.00544341,0.00342072,0.0017692,0.000459485,9.0668e-05
0.00726807,0.00530827,0.00321318,0.00201095,0.000320006,-0.000804093
0.00551399,0.00408418,0.00290185,0.00379356,0.000300718,0.00116215
0.00464337,0.00321853,0.00375787,0.00243304,0.00100641,0.00138326
0.0224665,0.0132566,0.00952188,0.0150904,0.00313395,0.000455844
0.014195,0.0093572,0.00555088,0.0079869,0.00117711,0.00253833
0.00680781,0.00499579,0.00532326,0.00676699,0.000548055,-0.000651184
0.0253182,0.0117879,0.0136209,0.0243359,0.00451851,0.00145225
0.0342141,0.0169176,0.0172454,0.0252867,0.00536706,0.00504685
0.0284108,0.0140015,0.013078,0.0172843,0.00270869,0.0037162
0.0115558,0.00832566,0.00497651,0.00735428,0.00103011,0.000226165
0.014263,0.0104142,0.00720512,0.00297457,0.0013262,-6.71337e-05
0.0147794,0.00994821,0.0049651,0.00818764,0.00052134,0.00130477
0.00789356,0.00578263,0.00267346,0.000394046,0.000962112,-0.000590768
0.00561926,0.00374541,0.0032241,0.00516666,0.000712272,0.00189737
0.00948002,0.00691233,0.0108091,0.0119872,0.00196067,0.000164048
0.0304065,0.0202497,0.0146106,0.0154757,0.00397283,0.00301248
0.00662888,0.00488387,0.00352989,-0.000249591,0.000631032,0.00103173
0.00455419,0.00334276,0.00256376,0.000972393,0.00138503,-0.000737569
0.0111793,0.00802439,0.00547689,0.00518148,0.000318568,0.000787266
0.0191466,0.0127058,0.00596601,0.0126763,0.00256017,0.00106527
0.00920904,0.00611507,0.00574139,0.00741008,0.00125536,0.0025803
0.00778529,0.00529942,0.00282877,0.00184497,-0.000385126,0.000787009
0.0139938,0.00974133,0.00362203,0.00188761,0.000726189,-0.00111029
0.00440727,0.00324765,0.00116846,0.00227394,0.000853825,0.000410518
0.0193546,0.0133877,0.015355,0.0293912,0.0066947,0.00202295
0.00841571,0.00568202,0.00361459,0.00357703,0.000459214,0.000135977
0.00595229,0.00433423,0.00619573,0.00856151,0.00182804,0.00233024
0.00751078,0.00552236,0.00408458,0.004527,0.000388406,-0.00109526
0.0128294,0.00927145,0.00553289,0.0110221,0.00291023,0.00136987
0.00697308,0.00444966,0.00401573,-0.000553249,0.000640064,0.000115532
0.0127595,0.0090822,0.00522098,0.00338373,0.000263309,0.000349591
0.0275994,0.0122495,0.0101719,0.0137705,0.00258711,0.00155881
0.00385244,0.00318052,0.00150148,-0.000444241,1.99829e-05,0.00021853
0.00669404,0.00486737,0.00237897,0.00319039,0.000798859,0.000515291
0.00883602,0.00608358,0.0041023,0.00227424,0.00198404,0.00135414
0.00770871,0.00447045,0.00351231,0.00394578,0.000468591,0.000199466
0.0059662,0.00295651,0.00286325,0.000361937,0.000421317,0.00109231
0.00663567,0.00443648,0.0030078,-0.00300569,6.03923e-05,0.000360362
0.00688179,0.0041901,0.00303833,0.006583,0.00154423,0.00112894
0.0145725,0.0065688,0.00962295,0.016213,0.00487363,0.0066792
0.0232301,0.0158994,0.00921326,0.0102805,0.00292511,0.00395599
0.00597261,0.00397628,0.00301721,0.000780455,6.24998e-05,-0.000725323
0.0139582,0.00941197,0.00469767,0.00702784,0.00107435,0.000320222
0.00854709,0.00486237,0.00311791,0.00274818,0.000175312,0.000934773
0.014512,0.00924008,0.00949983,0.0224714,0.00620237,0.01773
0.0220372,0.00926967,0.0112303,0.0189749,0.00453316,0.00418134
0.0220233,0.00914837,0.0110797,0.0173809,0.00436123,0.00362562
0.0122419,0.00819421,0.00360692,0.00508862,-6.51669e-05,0.00110622
0.00844109,0.00605617,0.00275102,0.00742293,8.89878e-05,0.000607843
0.0143056,0.00979276,0.00642263,0.0114959,0.00187183,0.00270773
0.00696399,0.00506388,0.00510015,0.00655529,0.00151588,-0.000839785
0.0120267,0.00799197,0.00361332,0.00408824,0.00107074,0.000529122
0.0246298,0.0110128,0.00798174,0.0111091,0.00137715,0.000692683
0.0242829,0.0108722,0.0076994,0.00840186,0.00148751,0.0002849
0.01024,0.00415056,0.00868346,0.0081875,0.00237761,0.00278791
0.0244944,0.0117708,0.0225886,0.028313,0.00601951,0.00441055
0.0105864,0.00692219,0.00397116,0.0087089,0.000536234,-0.000474119
0.0367029,0.0149572,0.0140019,0.0161328,0.00191271,0.0023805
0.0351808,0.0148477,0.0133885,0.0126967,0.00162287,0.00237232
0.0165455,0.00659165,0.00717224,0.0119027,0.00374037,0.00667553
0.0181285,0.0077676,0.00698398,0.017479,0.00499791,0.0106188
0.0279043,0.0108595,0.00911315,0.0195752,0.00429772,0.00195087
0.0258963,0.00987548,0.00840893,0.014073,0.00210085,0.000632205
0.0124564,0.00829007,0.00806198,0.00922899,0.000405746,0.000228625
0.0039746,0.00307548,0.00291876,0.00205237,0.0006505,4.01803e-05
0.0125298,0.00873264,0.0094163,0.0120952,0.00211091,0.00154155
0.0146932,0.00984845,0.00782344,0.00948266,0.0010536,0.00174416
0.0298713,0.0188353,0.0134154,0.0161476,0.00368712,0.00238797
0.00636787,0.00455499,0.00313601,0.000614989,0.00122227,0.00093976
0.0235117,0.0159657,0.0101951,0.0240998,0.00347804,0.00134225
0.0100991,0.0072417,0.004616,0.00335011,0.000935484,0.000740455
0.0066433,0.00317655,0.00552519,0.00978282,0.00173119,0.00163581
0.0145996,0.00763317,0.0110599,0.0156733,0.00375623,0.0022032
0.00983522,0.00457526,0.00535454,0.00338123,0.00180806,0.00103272
0.018228,0.0123263,0.00841613,0.0113393,0.00262797,0.000151716
0.00591038,0.00428744,0.00308553,0.00313494,0.00162834,0.000920525
0.00647716,0.00495122,0.00228184,0.00198753,0.000506865,0.00249725
0.0117761,0.00572985,0.00709159,0.00884738,0.00195955,0.00236043
0.0128221,0.0061677,0.00772083,0.00686321,0.00259066,0.0020745
0.00710355,0.00511121,0.00484349,0.00399683,0.00219788,7.99651e-05
0.0138437,0.00601655,0.00723858,0.0212857,0.00522691,0.00791168
0.0148272,0.00630191,0.00736412,0.0189101,0.00274184,0.0047565
0.00683874,0.00375397,0.00501102,0.00785485,0.00153357,-0.000862623
0.012835,0.0039405,0.00696722,0.0132333,0.00171897,0.000347234
0.0196482,0.00861528,0.00921936,0.0162626,0.00175497,0.000313364
0.0237721,0.0101708,0.009577,0.00866866,0.00140219,-1.68205e-06
0.0261346,0.0100506,0.0100948,0.010314,0.00235283,-0.000163434
0.013741,0.00638039,0.00512829,0.00613339,0.00160936,-0.000539451
0.0141351,0.00963891,0.00544002,0.0036762,0.00103704,0.000827925
0.00553063,0.00389814,0.00211911,0.00169175,0.000234939,5.04803e-05
0.0122955,0.00882305,0.00357089,0.00758127,0.0028551,0.00159296
0.0103027,0.00715439,0.0054428,0.012066,0.00266735,0.000549471
0.0179335,0.00815624,0.0094878,0.00913711,0.00195565,0.0004172
0.0141465,0.00992549,0.00620655,0.00887098,0.00127995,0.00102515
0.0108298,0.00751369,0.00376983,0.00783023,-0.000135014,0.00124468
0.0216833,0.0147982,0.00782795,0.00990242,0.00233585,0.0033191
0.0136805,0.00587395,0.00920377,0.0070085,0.00129714,0.00205097
0.0152292,0.00630584,0.0105929,0.00955766,0.00184686,0.00050159
0.0128094,0.00863158,0.00632641,0.00317035,0.00120268,0.00136258
0.00967131,0.00700883,0.00277219,0.00788132,0.000570869,-0.000745764
0.00765607,0.0053177,0.00241145,0.0042514,0.000726165,0.000472795
0.00979265,0.00676165,0.00428675,0.00276741,0.00105133,-0.0014386
0.0139512,0.00744166,0.00973156,0.0189033,0.00550851,0.0102734
0.00458109,0.00334418,0.00337122,0.00564042,-6.53842e-05,-8.6445e-05
0.00439736,0.00342585,0.0028267,0.0012242,-0.000188677,0.00134806
0.00781479,0.00592908,0.00187873,0.00359065,0.000233798,-7.83379e-05
0.00676976,0.00516906,0.0030897,0.00452775,0.000898713,0.000192493
0.00793859,0.00579876,0.00226097,0.00442766,0.0013924,0.00159612
0.0042094,0.00300978,0.00251427,0.00309381,0.000901881,-0.000277999
0.00610822,0.00457542,0.00457307,0.0128147,0.0028845,0.00063377
0.014034,0.00777966,0.00630547,0.000923169,0.000740657,0.0016445
0.0148196,0.00781253,0.00656496,0.00140508,0.000131124,0.00161532
0.0131095,0.00920231,0.00834673,0.0169304,0.00305551,0.00481861
0.00896572,0.00584269,0.00413103,0.00320032,0.000219059,0.00149106
0.00451857,0.0031823,0.00489424,0.0041806,0.00175558,0.00274783
0.00452878,0.00350243,0.00298232,0.00517478,-0.000335977,-0.0005669
0.0252475,0.0105521,0.0100018,0.0115229,0.00358898,0.00168385
0.026701,0.0104338,0.0101182,0.0136163,0.00365362,0.00136235
0.0056675,0.00426563,0.00299433,0.00558623,0.00067141,0.000153904
0.0107005,0.00752658,0.00580047,-0.000433973,0.000829179,-8.8279e-05
0.0099947,0.00737443,0.00535572,0.00547099,0.00143254,0.000525133
0.015787,0.00951316,0.00448877,0.00412061,0.000799395,0.00102077
0.011054,0.00676341,0.00391367,0.00104147,0.000712877,0.000948728
0.00600468,0.00396317,0.00293306,0.00218091,0.000714267,0.000458305
0.0165612,0.00836511,0.00984131,0.0131066,0.00334436,0.00805437
0.0156437,0.00836106,0.00949519,0.0136637,0.00196162,0.00718635
0.00738263,0.00536804,0.00372972,0.000854712,0.000358463,0.00122028
0.00705682,0.00366059,0.00413941,0.00432437,0.00102315,-2.66053e-05
0.0113275,0.0082207,0.00358012,0.00194506,0.000194266,0.001108
0.0077453,0.00484812,0.00344607,0.00227491,0.00154108,0.000791381
0.00884577,0.00530846,0.00337322,0.00453664,0.00119896,0.000738824
0.0171424,0.00959522,0.00809318,0.00700982,0.00225601,0.001424
0.0222653,0.00958164,0.0116168,0.00864547,0.00289803,0.00321895
0.0323005,0.0167797,0.0202135,0.0259523,0.00620038,0.00497223
0.0427774,0.020339,0.0263358,0.0344669,0.00664684,0.00616502
0.0282876,0.0154436,0.0134447,0.0130886,0.00160744,0.00330446
0.00464794,0.00329416,0.0025746,0.00227017,-0.000179409,0.000714968
0.0242637,0.00922325,0.0126064,0.0120779,0.00207164,0.00219978
0.0239115,0.00915006,0.0116555,0.0105193,0.00192277,0.00203811
0.00802057,0.0055077,0.00723191,0.00376108,0.000774176,0.00160984
0.00555677,0.00408875,0.00309019,0.00166119,1.08901e-05,0.00144551
0.0167497,0.0115151,0.0082043,0.0131689,0.00243882,0.0064705
0.0129453,0.00870059,0.00316359,0.00992876,0.00142182,0.00185835
0.012188,0.00882512,0.00916488,0.00650666,0.000932933,0.00155838
0.0045824,0.0033998,0.00301726,0.00312518,-0.000364211,0.00124285
0.0199236,0.0119668,0.00671787,0.00255252,0.000769562,0.00225687
0.0239953,0.0104816,0.00999795,0.00808452,0.000684702,0.000917295
0.00581927,0.00430899,0.00309676,0.00341412,0.000777686,0.000768518
0.00741018,0.00534743,0.00452799,0.00627735,0.000638429,0.000115132
0.0106032,0.0078463,0.00378549,0.00385153,0.000962879,6.23083e-05
0.0189867,0.00885406,0.00859115,0.00846102,0.00261396,0.000763737
0.016739,0.0115292,0.0050365,0.009804,0.00167704,0.000968808
0.0101848,0.00695903,0.00334507,0.00820729,0.00119252,-0.000238673
0.00664572,0.00490623,0.0049836,0.00522035,0.00279043,0.000634074
0.0429745,0.0251201,0.016495,0.0268325,0.0088857,0.0129636
0.0338089,0.0237578,0.0141924,0.0261267,0.00819379,0.0144408
0.0137143,0.00888385,0.00571981,0.00814248,0.00152193,-0.00069562
0.00806963,0.00586767,0.00294392,0.0162833,0.00755443,0.026747
0.0277112,0.00910707,0.0193348,0.0204431,0.00436907,0.00402751
0.0125755,0.00525073,0.00562062,0.00883629,0.00242461,0.000936922
0.022161,0.0128902,0.010765,0.0134261,0.00247975,0.00324364
0.0285951,0.0129446,0.0137655,0.0167077,0.00489394,0.00385136
0.0188257,0.00738646,0.00908441,0.00987703,0.00268711,0.00111346
0.0077104,0.00558121,0.00415563,0.00223748,-6.91882e-05,8.92703e-05
0.0144389,0.0065867,0.00563359,0.00475644,0.00125554,0.000536934
0.0168049,0.0096372,0.00669463,0.00829998,0.00099574,0.000718543
0.00729258,0.00548431,0.00163953,0.00253394,0.00155107,0.00123745
0.00584673,0.00366366,0.00233789,0.00342432,0.000771869,0.00171117
0.00834426,0.00534334,0.00378715,0.00313272,0.0009834,0.00219574
0.0073814,0.0056635,0.00401924,0.000322417,-7.65914e-05,0.000946363
0.0261592,0.0107989,0.0119651,0.0124322,0.00286939,0.000895846
0.0131933,0.00915406,0.015382,0.0216864,0.00319532,0.000341128
0.0169137,0.0117893,0.00780015,0.0157996,0.00383616,0.00498884
0.00520178,0.00371766,0.00320184,0.00478276,0.000584059,-0.000472482
0.0189244,0.0133375,0.0116448,0.0146399,0.0020814,0.000121074
0.0158441,0.0110063,0.00546965,0.00715764,0.000875984,0.000213342
0.0164086,0.0114422,0.00623321,0.00499436,0.00233837,-0.000816572
0.0068181,0.00520099,0.00343377,0.00690838,0.000220475,0.0005421
0.0236369,0.0128439,0.0120284,0.0214786,0.00451244,0.00516526
0.0108352,0.00790913,0.00573095,0.00721457,0.00192272,0.000589424
0.0142549,0.00689551,0.00802567,0.0189004,0.00484112,0.00986476
0.0199686,0.0109382,0.00996885,0.0217532,0.00609772,0.0133345
0.0186417,0.0128902,0.00763183,0.0112211,0.000569276,0.000864359
0.019483,0.0137344,0.00995996,0.0128944,0.00238158,-0.000346564
0.00861166,0.00571506,0.0041966,0.00525656,0.00161054,0.000589572
0.004653,0.00373544,0.00203004,0.00276828,0.000853912,-0.00156467
0.00461599,0.00348501,0.0023301,0.00303,0.000297432,-0.000923572
0.0143323,0.00838612,0.00997528,0.00825584,0.0039154,0.00124995
0.0199984,0.014097,0.00411288,0.00963304,0.000225678,0.000284821
0.0228075,0.0134779,0.00734412,0.00650607,0.000992432,0.00183739
0.00603137,0.00467334,0.00159992,-0.00213808,0.000437048,0.00078657
0.0150499,0.0106753,0.00378732,0.0069895,0.000377603,-0.000645753
0.0047197,0.00346646,0.00265172,-0.000271336,0.000343315,-0.000820627
0.0114529,0.00834348,0.00437957,0.00610613,0.00222692,0.00204985
0.0114838,0.00829542,0.00361063,0.00618493,0.000521585,0.000377301
0.0249417,0.0122985,0.0077054,0.0116834,0.00200533,0.00124236
0.0113283,0.00589333,0.0133394,0.027868,0.00765979,0.0158156
0.0146648,0.00826242,0.0193258,0.0398354,0.00922232,0.0199951
0.00668777,0.00494147,0.00257773,0.00242449,0.0011264,-0.000275543
0.0160502,0.0110379,0.00904228,0.00843852,0.0008645,-6.07439e-05
0.0144512,0.00851044,0.00670016,0.0103767,0.00207329,0.000952147
0.00526172,0.00370593,0.0020583,-0.0026231,0.000110919,0.00110228
0.00497848,0.00366615,0.00137072,0.00359296,0.000257701,0.00045162
0.0208993,0.0143093,0.00614783,0.0144408,0.00523137,0.0125325
0.00614573,0.00477508,0.00236274,0.0014347,-4.04035e-05,0.000762915
0.0145729,0.00980056,0.00500192,0.00511959,0.000931669,0.00150489
0.0156934,0.0110869,0.00703507,0.00819922,0.00146438,0.00224365
0.00645988,0.0045418,0.00336638,0.00320898,0.000821549,0.000831982
0.00390127,0.0030601,0.00203774,0.00467516,-0.000130724,0.000280091
0.0132148,0.00925792,0.00572293,0.00739076,0.00120497,-5.10371e-05
0.0222988,0.0150157,0.00776141,0.0101746,0.00150701,0.000126956
0.00530325,0.0031269,0.00242839,0.00475294,0.000948378,9.05847e-05
0.00957501,0.00402309,0.00520757,0.00538215,0.000808752,0.00165654
0.00865965,0.00406025,0.00511836,0.00345203,0.000132945,0.000758856
0.00483243,0.00354534,0.00282818,-0.000331764,0.000144599,0.00143838
0.0132184,0.0090899,0.00368056,0.0131732,0.00335877,0.00578831
0.00567975,0.00425926,0.00345497,0.00111162,-0.000405867,-8.85393e-05
0.00911478,0.00653124,0.00397003,0.00914282,0.000515688,0.000766618
0.00518226,0.00409101,0.00608494,0.0030327,0.00117469,0.000548605
0.00496107,0.00398388,0.00353803,0.00177151,0.00101763,-0.00118893
0.0217091,0.0127493,0.0066965,0.00951279,0.00193704,0.00032455
0.00903738,0.00637088,0.00387931,0.00723029,0.00103677,3.68916e-05
0.0098815,0.00643365,0.00296246,0.00489917,0.000962268,-0.000797975
0.00402124,0.00299543,0.00242993,0.00058708,-7.43946e-05,-0.00148439
0.0111835,0.00805411,0.00553374,0.010797,0.00160981,0.000465806
0.00713445,0.00538323,0.00267333,0.00300779,0.00202089,-0.000164833
0.0136632,0.00965192,0.00838475,0.00721334,0.00250977,0.00259593
0.019025,0.0134685,0.00784654,0.00587832,0.00199559,0.0013024
0.00581577,0.0043662,0.00274545,0.00583141,-0.00042949,0.00170976
0.00833205,0.00571329,0.00376715,0.000772327,0.000515393,0.000130195
0.0112033,0.00810252,0.00573372,0.00455472,0.000697639,-0.00122629
0.00373718,0.00290127,0.00407419,0.00722532,0.0016487,0.000659121
0.00989623,0.00692456,0.00383649,0.00591807,0.00159613,0.000199438
0.0175809,0.0113565,0.0100344,0.0130827,0.00380653,0.00336329
0.0170221,0.0116784,0.00735441,0.0111832,0.00203252,0.000409126
0.00555602,0.00388037,0.00376533,0.00308037,0.00013902,0.000328723
0.00638729,0.00460191,0.00299589,-0.00286958,0.00117067,0.00109773
0.0120488,0.00467985,0.0127201,0.0299246,0.00931677,0.0166366
0.0140484,0.00957496,0.00726438,0.0095951,0.00274303,0.00230167
0.00783556,0.00570208,0.00538643,0.00724225,0.000960864,0.00116995
0.00783792,0.00576765,0.00288679,0.00204624,0.00174869,0.000173983
0.0142993,0.00610394,0.0075363,0.00766648,0.00139533,0.00105249
0.0142101,0.0062632,0.00810244,0.00559236,0.000893061,0.000366984
0.012729,0.00865751,0.0035314,0.0051582,0.00138469,0.000955216
0.00545299,0.00453802,0.00331107,0.00221929,0.000765502,-0.000693274
0.0224963,0.0104487,0.0121308,0.00807177,0.00383982,0.00105303
0.0247043,0.0129509,0.00957539,0.0107215,0.00273261,-0.00062257
0.00675906,0.00471297,0.00249489,0.002824,0.000505965,-7.16855e-05
0.0178918,0.00721286,0.00825968,0.00815159,0.00193134,-0.000259091
0.0179757,0.0126792,0.00705447,0.00513097,0.000970514,0.000961301
0.0056907,0.00431044,0.00311771,0.00248506,0.000952761,-0.000981185
0.00650628,0.00485872,0.00299389,0.00188052,0.00170973,0.000559491
0.00477192,0.0036919,0.0021012,0.0037579,0.000507067,-0.00135992
0.00846267,0.00384255,0.00334999,0.00270821,0.000311322,0.000805708
0.008214,0.00461284,0.00313724,0.00207196,0.000134541,0.000656471
0.00949516,0.00660802,0.00706233,0.00073347,0.00125287,-0.000140414
0.00614558,0.00465327,0.00343607,0.00262107,0.000473239,-0.000174039
0.0127256,0.00926703,0.00748782,0.0107401,0.00151847,0.00247822
0.0370782,0.0146088,0.016394,0.0185666,0.00359429,0.00128921
0.0371285,0.0146766,0.0163768,0.0182277,0.00382772,0.00192968
0.00910585,0.00675781,0.00288636,0.0015159,0.000674879,0.00212665
0.00822117,0.00615897,0.00552706,0.0117053,0.00253719,0.0019562
0.0132936,0.00953396,0.00514854,0.00712188,0.00472863,0.00940336
0.00590158,0.0043267,0.00523482,0.00439119,0.00127435,-0.000733013
0.00887912,0.00655239,0.00324622,0.00836662,0.0031048,0.00475841
0.00497324,0.00340015,0.00422323,0.00419324,0.000831674,0.000800185
0.00915854,0.00598163,0.00421263,0.00313398,0.00132079,0.00189216
0.0125764,0.00916915,0.00414997,0.00762908,0.00176149,0.000227306
0.0184853,0.00774857,0.00753903,0.00719879,0.0013073,0.000696151
0.0179948,0.00779116,0.00727058,0.00589739,0.00145465,-0.000601656
0.0138601,0.00998562,0.00380117,0.0129626,0.00167935,0.00198586
0.0132519,0.00897484,0.00977932,0.013077,0.00187351,0.000896964
0.0153885,0.0110389,0.00602783,0.0193208,0.00426182,0.0111534
0.00411703,0.00310931,0.00215803,0.00129812,-0.000158626,-6.20256e-05
0.0390833,0.0215162,0.0215258,0.0265872,0.00417304,0.00248903
0.0304497,0.0126523,0.015663,0.0134986,0.00327523,0.00128802
0.00488763,0.00375484,0.00214725,0.0064201,0.000827775,-0.000355611
0.0184664,0.0124912,0.00582312,0.00926569,0.00206977,0.000634987
0.0111443,0.00743072,0.00672031,0.00629229,0.00233017,-4.74435e-05
0.0230083,0.0155796,0.00802406,0.0117715,0.00171559,0.00179049
0.0077172,0.00569112,0.0035376,0.0089108,0.001113,0.00200031
0.0192939,0.0121437,0.00852866,0.00557934,0.000785919,-0.000922584
0.0145757,0.010043,0.00758784,0.00480311,0.00206089,0.000302413
0.0359855,0.0230136,0.0171191,0.0212661,0.00513716,0.00233533
0.00616824,0.00443427,0.00865113,0.0125679,0.00187219,0.00162091
0.00821425,0.00598358,0.00733951,0.00585935,0.00152679,-0.000547684
0.0145381,0.00842332,0.00727729,0.00757805,0.00126212,0.00145417
0.0135372,0.00836494,0.00678368,0.00842564,0.00147469,0.00230464
0.0227775,0.0117589,0.0127534,0.0106857,0.0014339,0.00142056
0.0209855,0.0140025,0.00669801,0.0169672,0.00149558,0.00090825
0.0184402,0.00728331,0.0102012,0.012401,0.00223784,0.00133318
0.0273183,0.0175023,0.0125256,0.0194523,0.0054213,0.00513169
0.00693913,0.00524431,0.00573467,0.00973879,0.00170488,0.00128049
0.00743715,0.00554792,0.00430186,0.00614509,0.000578904,0.00084886
0.0170721,0.0112216,0.0100537,0.010917,0.00159029,0.00185545
0.00803953,0.00543895,0.00406681,0.0148229,0.00143759,0.00232688
0.0125084,0.00874388,0.00511921,0.00516951,0.00187595,0.00030864
0.0086585,0.00606105,0.00303172,0.00228676,-0.00032481,0.000962394
0.0153147,0.0107149,0.00548054,0.00949593,0.000767374,0.00235008
0.00627265,0.00447284,0.00247213,0.00273168,0.000369022,0.000676389
0.0077054,0.00569798,0.00319997,0.00183299,0.00114303,-8.36303e-06
0.00902124,0.00624547,0.00366321,-0.00025577,0.000529579,-6.19609e-05
0.0182578,0.0123874,0.00911028,0.0119503,0.00355015,0.00800375
0.00826072,0.00377536,0.00344962,0.00327576,0.000922317,-0.00070485
0.0115604,0.00839226,0.00591136,0.00582071,0.00122134,-0.000274007
0.012714,0.00874834,0.00696088,0.00825545,0.00135834,0.00216324
0.0101064,0.00724152,0.00465088,0.00444378,0.00112107,0.000749393
0.0194793,0.0116172,0.0119627,0.024288,0.00501418,0.0104759
0.00828978,0.00577425,0.00318303,0.00397028,0.000473066,-6.9356e-05
0.00895359,0.006067,0.00625567,0.00709663,0.000930336,0.00140083
0.0140009,0.0101188,0.00360306,0.0116586,0.000233435,0.000439074
0.0105945,0.00751633,0.00424846,0.00706642,0.00132072,0.000292566
0.0088787,0.00630089,0.00523958,0.00705549,0.00174947,0.00231285
0.00512484,0.00374505,0.00243843,-0.000413166,0.00018718,8.76482e-05
0.00456342,0.00324904,0.00215348,0.00272292,-0.000191463,0.00184683
0.0125457,0.00879354,0.00423665,0.000800151,0.000440269,-5.20198e-06
0.0547971,0.025876,0.0219271,0.0314318,0.0063721,0.00284953
0.0421203,0.0226362,0.0180298,0.0266017,0.00286565,0.00237875
0.00398104,0.00305229,0.0030189,0.0048408,-0.000453328,0.000342051
0.00445122,0.00319179,0.00243286,0.00274917,0.000604525,0.00126499
0.00471606,0.00361826,0.00457708,0.00416081,0.000658626,0.0004121
0.00759264,0.00511407,0.00358446,0.00414402,0.000353303,-0.000436708
0.0222894,0.0105203,0.0114219,0.0165072,0.00502299,0.00273116
0.0229593,0.00919878,0.0112174,0.0145052,0.00283087,0.000362402
0.0187556,0.0127038,0.00739767,0.0191459,0.00650892,0.0152581
0.00444872,0.0032988,0.00231948,0.00644173,-8.77765e-06,-0.000886754
0.00570275,0.00433416,0.00244391,0.00101291,6.55892e-05,0.00108204
0.0073474,0.00527864,0.00474423,0.00518276,0.00120619,-0.000724032
0.0100884,0.00671816,0.00442459,0.00399538,0.00181299,-0.00142618
0.0131358,0.0089522,0.00509625,0.00471648,0.00156948,0.000700167
0.00747018,0.00577069,0.00296842,0.00572469,0.000900196,-0.000364313
0.0143685,0.00972618,0.00562234,0.0058845,0.0021501,0.00162606
0.00744767,0.00552487,0.00446877,-0.00136862,0.00114757,0.000839868
0.0134147,0.00583621,0.00700296,0.00904589,0.000834883,0.00104239
0.0111089,0.0058137,0.00576404,0.00896687,0.000574084,0.000633137
0.015007,0.00765323,0.00631751,0.0093665,0.00248728,0.000264306
0.0176159,0.0084344,0.00681677,0.00851388,0.0018489,0.000798813
0.0185026,0.00770095,0.0130958,0.0157543,0.00383949,-3.92682e-05
0.0190098,0.00760297,0.0131442,0.0145289,0.00404191,0.000426598
0.0111155,0.00803002,0.00671761,0.0100119,0.00117549,0.00115586
0.0118516,0.00862142,0.00380427,0.00186053,0.000787114,-7.91159e-05
0.0147532,0.00995643,0.009506,0.019014,0.00210888,0.000484335
0.00678944,0.00439022,0.0034312,0.00307286,0.000638545,-0.000201668
0.0073321,0.00504218,0.00289373,0.00450589,-2.7758e-05,0.000485283
0.0102991,0.00763542,0.0057958,0.00498887,8.02917e-05,0.00172806
0.00604864,0.00429106,0.00880296,0.0113124,0.00162261,0.000564487
0.016835,0.0116451,0.00598612,0.00646517,0.000738248,0.000769061
0.0150888,0.00712739,0.00562818,0.00837422,0.000487484,0.000429801
0.0184432,0.009092,0.00682892,0.00399927,0.000599108,0.000683305
0.0104221,0.00752024,0.00443622,0.00758876,0.0025575,-0.000283111
0.0277765,0.0162079,0.0123994,0.0213883,0.0032371,0.000877374
0.0217754,0.0109753,0.0109588,0.0233115,0.00467261,0.00166513
0.0119772,0.00551955,0.00484056,0.00514493,0.00127553,-0.000118855
0.0113114,0.00781703,0.0025952,0.00664138,0.000837367,0.00024302
0.0135012,0.00717069,0.00550387,0.00559538,0.00157484,-0.000810301
0.00882581,0.00470518,0.00375966,0.00433262,-0.000145189,-0.000154802
0.00429709,0.00322749,0.0024857,0.00328458,0.000449275,0.000104881
0.00600981,0.0037426,0.00340216,0.000659526,0.000903709,0.00016123
0.0352429,0.0198027,0.0131121,0.0166443,0.00422704,0.0024984
0.0264167,0.0138252,0.00890323,0.0133512,0.00199803,0.00151788
0.00814681,0.00599853,0.00667946,-0.000602885,0.000579357,-0.00044947
0.0191272,0.0135514,0.00587935,0.00693021,0.00196084,0.000511352
0.00424117,0.00304888,0.00224865,4.75617e-05,-0.000397985,5.0374e-05
0.0155386,0.00902577,0.0058409,0.00996795,0.00234428,-0.000323125
0.00799267,0.00539347,0.00281875,0.00323373,0.000880843,-0.00022196
0.00493674,0.00335592,0.00274171,0.00148212,-0.000528689,0.00217409
0.00673417,0.00497246,0.00260839,0.00709014,0.00165025,-0.000325882
0.00474246,0.00344606,0.00199452,0.000796397,-0.00027697,4.33766e-05
0.0047507,0.00315638,0.00270287,0.00460763,0.000255324,-0.000316743
0.00911478,0.00642676,0.00344974,0.00499451,0.00121167,0.000984216
0.00906086,0.00434849,0.00549158,0.0119797,0.000644913,0.00141784
0.00893191,0.00471825,0.00575445,0.0121788,0.00141179,0.00175869
0.0214329,0.0137671,0.0115619,0.0166847,0.00347775,0.000402426
0.0131508,0.006215,0.0070165,0.00627526,0.00245364,0.000794511
0.0155944,0.00775422,0.00870448,0.0091395,0.00211702,0.00166264
0.00429405,0.00333509,0.00492495,0.00807466,0.0011206,0.00113913
0.0267487,0.00997796,0.00898899,0.0181591,0.00441258,0.00802078
0.0272725,0.00997501,0.00895073,0.0185028,0.00403869,0.00764968
0.0186115,0.0105632,0.00618601,0.0131716,0.00473034,0.00632705
0.0169289,0.00958585,0.00656043,0.0139269,0.00490082,0.00668796
0.00783724,0.00326362,0.0040204,0.00602769,-8.24717e-05,-0.000214984
0.00811104,0.0032538,0.00393096,0.00554979,0.000603724,0.000460777
0.0134489,0.00558482,0.00956886,0.0100233,0.00265194,0.000787152
0.0156793,0.00735431,0.0115752,0.00795185,0.00211697,0.00057473
0.0100933,0.00740765,0.00203943,0.00557363,-0.00033292,0.00222738
0.0149125,0.0102678,0.00724095,0.00695704,0.000184726,0.00132446
0.0116689,0.00716354,0.0061442,0.00651096,0.00148954,-0.000842678
0.011855,0.00863833,0.00435154,0.00487846,0.00111206,0.000204001
0.0100441,0.00712582,0.00435538,0.00406181,0.00172394,0.00176401
0.0187586,0.010625,0.00833771,0.0156314,0.00316144,0.00357071
0.0119732,0.00827027,0.00338761,0.00782516,0.000520616,-0.000907357
0.00565409,0.00414567,0.00238887,0.00289103,0.000301177,-0.000219976
0.012281,0.00539294,0.00706489,0.00857719,0.00142286,-0.000153699
0.0158579,0.00545052,0.0108072,0.0138956,0.00288076,1.06998e-05
0.0137173,0.00458886,0.0104972,0.0145273,0.00213624,0.00106011
0.0125886,0.00885192,0.00534661,0.00348403,0.000378904,-0.000705647
0.0322298,0.0210292,0.011331,0.0117306,0.00362823,0.00194146
0.0163495,0.0113276,0.010361,0.0132986,0.000935483,0.000910832
0.0147211,0.00987974,0.0089495,0.0105788,0.00292871,0.00270101
0.0197776,0.00820649,0.00921705,0.0142448,0.00265291,0.000816664
0.024789,0.0108375,0.0119215,0.0145288,0.00249535,0.00291052
0.0162813,0.0117789,0.00667208,0.00624778,0.00118394,7.20478e-05
0.0201777,0.0124592,0.00779761,0.00785372,0.00136308,0.000908701
0.0136899,0.00980252,0.00657307,0.00510675,0.000899946,-0.000120865
0.0125315,0.00760805,0.0058281,0.0045752,0.000671566,0.000884241
0.0226179,0.0104736,0.0119409,0.00920346,0.00173508,0.00376914
0.024775,0.0154774,0.00993043,0.0124994,0.00142337,-0.000404754
0.0130978,0.00915124,0.00390828,0.00269642,0.00044058,0.00103437
0.00721951,0.00479366,0.00343652,0.00217431,2.21167e-05,-0.00080254
0.0094042,0.00696973,0.00280216,0.00848681,0.00105846,-0.000126738
0.00563064,0.00434009,0.00286161,0.000984309,0.000282117,-0.000169146
0.0100307,0.00671038,0.00383841,0.00396814,0.000791274,0.00150031
0.0248969,0.0130203,0.00913273,0.0150912,0.00372885,0.000499455
0.0263882,0.0130064,0.00935324,0.0178749,0.00384974,-0.00103686
0.00519611,0.00374654,0.00542347,0.00602274,3.30823e-05,6.53056e-05
0.012503,0.00520221,0.00579676,0.0134385,0.00241436,0.0035701
0.0134073,0.00655537,0.00638749,0.00988151,0.00126975,0.00129238
0.0238926,0.0113338,0.0100388,0.0101603,0.0027395,0.00071507
0.00583769,0.00445725,0.0035954,0.00382136,-0.000802689,3.30167e-05
0.00449025,0.003573,0.00261755,0.00477303,0.00195094,0.000148441
0.0163397,0.0110428,0.0068192,0.00902451,0.00136187,0.000220069
0.00664288,0.00437813,0.00488541,0.0039545,0.000375901,0.00147073
0.0176987,0.00902229,0.00636772,0.0130276,0.0026479,0.00263022
0.0421881,0.023292,0.017366,0.0264412,0.00572215,0.00379948
0.0144656,0.00894653,0.0063495,0.00712282,0.00156398,0.00261956
0.0188001,0.00779775,0.00835122,0.0162363,0.00338745,0.00133866
0.0199113,0.00761462,0.0085611,0.0173176,0.00335802,0.000580038
0.0255689,0.0148448,0.0101008,0.0114766,0.00240774,0.00137737
0.00675719,0.00369382,0.00342692,0.000273469,-0.00022771,0.00162638
0.0136488,0.00831358,0.00603494,0.00462279,0.000465595,0.000204538
0.00927037,0.0052992,0.00295493,0.00465969,-0.000653209,0.00013863
0.00442591,0.00308742,0.00248386,-0.000346468,8.44499e-05,0.000280543
0.0166904,0.011711,0.00317704,0.00589451,0.0018394,0.000922025
0.0125492,0.00763262,0.00795347,0.00686622,0.00148593,0.00110949
0.00774968,0.00362177,0.00494806,0.0048121,0.000727402,-0.000990725
0.0132354,0.00887334,0.00499768,0.00597523,6.00658e-05,0.000522431
0.0101639,0.00365535,0.00454992,0.00156674,0.000891732,0.000665672
0.00962056,0.00377737,0.004542,-0.00130517,0.00115981,-4.70136e-05
0.0108313,0.00695621,0.00551347,-0.00151424,0.00150794,-0.000269221
0.0049995,0.00370408,0.00304369,0.000713605,0.000520517,0.000138808
0.0124182,0.00803247,0.00520628,0.00796136,0.000817428,-0.000180015
0.0104365,0.00414546,0.00505307,0.000292009,0.00118659,0.00136585
0.0087563,0.00516335,0.00441558,0.00439398,-1.43725e-05,0.000915006
0.0178378,0.00987051,0.00675349,0.0109934,0.0014724,0.001138
0.02688,0.0164287,0.0235215,0.0216411,0.00400571,0.00279575
0.0190439,0.0100245,0.0107606,0.0123893,0.00132722,0.00136589
0.00988345,0.00707004,0.00479781,0.00517508,9.3605e-05,-0.000428089
0.0151589,0.0101619,0.00479631,0.00600604,0.000478272,0.00122661
0.00614639,0.00384804,0.00378283,0.0113949,0.000689779,0.000812158
0.00667108,0.00327276,0.00293533,0.00425064,0.00100842,-0.000183706
0.0288269,0.015582,0.0139675,0.0176512,0.00449458,0.00375617
0.0357151,0.0169176,0.0157462,0.0227949,0.00488873,0.00304309
0.0199622,0.0138423,0.00721988,0.0123262,0.00163561,0.0007814
0.00894962,0.00625715,0.00476564,0.00613026,0.000911654,-0.000449248
0.00767662,0.00534751,0.00283573,0.00352565,0.00189449,0.00143663
0.00490086,0.00345148,0.00287116,0.000796453,-2.20895e-05,0.00206153
0.0128516,0.00895457,0.00374937,0.00634529,0.000219317,0.000385254
0.00914732,0.00452797,0.00487958,0.00810413,0.00139201,0.00014066
0.0096037,0.00417597,0.00447631,0.00255427,0.000179525,-0.000593562
0.0104955,0.00578007,0.00398636,0.00204073,0.000326677,0.000104399
0.00637402,0.00460251,0.00266008,0.00374669,0.00020637,0.00170098
0.041087,0.0238936,0.0298717,0.0363171,0.00691995,0.00190014
0.0103977,0.00395967,0.00622217,0.00707633,0.00218862,0.000168215
0.0106422,0.00511832,0.00507453,0.00427411,0.00146118,-0.000352149
0.00939721,0.0065926,0.006346,0.00585396,0.00102142,0.000218309
0.00731938,0.00523266,0.00449939,0.00325228,0.000460627,0.00050223
0.00667328,0.0046971,0.00354319,0.00265677,0.000249472,0.0012917
0.0135248,0.00968946,0.00666471,0.00360859,-0.000187275,0.000906877
0.0124052,0.0084542,0.00651312,0.00374033,0.000711054,0.00104098
0.0112589,0.00706191,0.00347581,-0.000631871,0.00112249,0.00130933
0.0105935,0.00687665,0.0035595,0.000108313,0.00109166,0.00110352
0.047962,0.0190998,0.0150037,0.0195882,0.00510304,0.00140756
0.00853548,0.006285,0.00366646,0.00630608,0.00134893,0.000679816
0.00735729,0.00555873,0.00309394,0.00460978,-0.000189689,0.000529413
0.0138733,0.0093612,0.00725417,0.0059869,0.00257808,-0.000327115
0.0171712,0.00880077,0.00601862,0.0108442,0.0021927,0.00131309
0.0117165,0.00832378,0.0042138,0.00997073,0.00104273,0.000547723
0.00471772,0.00350917,0.00317372,0.00815681,0.00195432,0.0016377
0.0172088,0.0120777,0.00729391,0.00980418,0.00253795,0.00212236
0.0123599,0.00848654,0.00421914,0.00362553,0.00170499,-0.000738709
0.00450178,0.00336572,0.00131601,0.00481857,-4.34064e-05,7.16804e-05
0.0100638,0.00717057,0.00673024,0.018592,0.00758404,0.0189345
0.0084507,0.006059,0.00294583,0.00187347,-0.00037347,0.00128441
0.013712,0.00927488,0.0059086,0.00569918,0.00145739,0.00106594
0.00793682,0.00404416,0.00487808,0.00319373,0.0012258,-0.000170786
0.00554897,0.00372522,0.00859268,0.00705104,0.000990962,-0.000114302
0.00472263,0.00347627,0.00205158,0.000853838,0.000637224,0.0006966
0.00713754,0.00519759,0.00396257,0.00256807,0.00201515,-0.000757892
0.00739554,0.00515116,0.00293484,-0.00301571,-0.000817561,-0.000592159
0.0226643,0.0129672,0.00602659,0.0130556,0.00187585,0.000168789
0.00670769,0.0050019,0.00546688,0.00724406,-0.000486445,0.00280636
0.0156373,0.0106711,0.00300297,0.0151388,0.00425654,0.0122696
0.0116998,0.00841769,0.00335542,0.00517337,0.000352709,-0.00050025
0.00540186,0.00386518,0.0019193,0.00421413,0.000342742,0.00143925
0.016354,0.0111994,0.00810942,0.0179045,0.00633248,0.0126331
0.00558635,0.00389921,0.00219605,0.00312394,0.000537601,-0.00167751
0.0150936,0.00998041,0.00520222,0.00543279,0.00145365,0.00117146
0.0166998,0.00764599,0.00701135,0.00460577,0.00214773,0.00212988
0.0135196,0.00656263,0.00593054,0.0062431,0.000877411,0.00317242
0.00885167,0.00650474,0.0034395,0.00429755,0.00070523,0.000663484
0.0148431,0.0105767,0.00511497,0.00527452,0.00154184,0.00034471
0.0155768,0.0108268,0.0170895,0.0148048,0.00321617,0.000984419
0.005154,0.00359237,0.00216219,0.00235106,0.000439653,0.00104449
0.00612566,0.00434695,0.00207996,0.00239692,0.000732683,-0.000452256
0.00515035,0.00399161,0.00441161,0.00658182,0.00166083,0.0013563
0.0236652,0.0126324,0.0122982,0.0124043,0.001566,0.00105232
0.00773435,0.00592535,0.0027085,-0.0012254,0.000889927,-0.000895285
0.00809763,0.00454478,0.00326695,0.00508515,0.00222467,0.000654298
0.00793433,0.00568988,0.00132693,0.00697527,0.0008446,-0.0010932
0.00530669,0.00391255,0.00250558,0.000336326,0.000457933,-0.00129117
0.00401268,0.00324466,0.00198938,0.00681381,-4.52896e-05,-0.000735732
0.00692451,0.00479701,0.00321515,0.0041209,4.50904e-05,-0.000373225
0.00922114,0.00653898,0.00297779,0.00379405,0.00110186,0.000998335
0.0223371,0.0154836,0.0124882,0.0126234,0.00399191,0.00127541
0.0110685,0.007739,0.00503065,0.0004763,0.000875027,0.000667814
0.0114659,0.00676765,0.00394465,0.00856852,0.00253335,0.000354068
0.014603,0.0057014,0.00722731,0.0111364,0.00172865,0.00359647
0.0146081,0.00743612,0.00772819,0.00986879,0.00169892,0.00278681
0.0140978,0.00921792,0.0151308,0.0180877,0.00383892,0.00166564
0.0141051,0.00959453,0.00502381,0.00721277,0.000131656,-0.000736137
0.00848527,0.00419442,0.00363033,0.00485271,0.000972908,0.000414088
0.00946284,0.00455761,0.00350474,0.0017977,0.000738582,0.00164647
0.0150358,0.00828973,0.0057092,0.00612441,0.000835687,0.00102955
0.0186085,0.0134274,0.0112634,0.0129931,0.00169721,0.00154314
0.00409345,0.00298441,0.00449432,-0.000613992,0.00106635,-0.000969056
0.00620773,0.00319854,0.00410351,0.000212618,0.000438777,0.00117057
0.0125531,0.00865318,0.00908849,0.0134387,0.00423328,0.00590108
0.0109012,0.00757078,0.00439861,0.0113403,0.00398793,0.0101274
0.00678644,0.00492321,0.00485212,0.00791471,0.000820234,-0.000292076
0.0302052,0.0171103,0.0164901,0.0122506,0.00323449,0.00121709
0.018344,0.00660077,0.0179534,0.0140208,0.00159069,0.0016428
0.0103599,0.00647068,0.00447293,0.00740899,0.00201836,0.0015416
0.00447327,0.00349244,0.00259132,0.000132355,0.00101134,0.00112001
0.0138208,0.00577617,0.00739669,0.00802821,0.00165931,-0.000485851
0.0117197,0.00515018,0.00622828,0.00702469,0.00135913,-0.00127514
0.00567789,0.00455637,0.00339828,0.00848337,0.00127477,0.00147398
0.0285546,0.0139629,0.0128769,0.012463,0.00178258,0.000998711
0.0106281,0.00520946,0.00627533,0.00651561,0.000504104,-0.000904961
0.00960144,0.00590342,0.00487189,0.00606835,0.000910884,-0.00102875
0.0089523,0.00626085,0.00331558,0.00672556,0.00111275,1.37948e-05
0.0140982,0.00961794,0.00697714,0.00732441,0.000851474,0.000682458
0.0147571,0.0102876,0.00691877,0.0159821,0.000998439,-0.000137354
0.0151471,0.0101748,0.00534901,0.00795034,0.00174869,0.000653994
0.0111413,0.00772307,0.00573835,0.00955185,0.000202449,0.000177651
0.00597678,0.00474734,0.0031212,0.00309315,0.000552937,0.00109074
0.00497682,0.00346675,0.00275569,0.00420917,-0.00023099,0.000420741
0.0182038,0.0106446,0.00716684,0.0125101,0.002566,0.000713866
0.0143946,0.00974123,0.00586007,0.00746325,0.000853439,0.000675141
0.00868645,0.00635432,0.00400805,0.00047399,0.0002287,-0.000192812
0.0219694,0.0149899,0.0125879,0.0218396,0.00320739,-3.4365e-05
0.00875783,0.00389805,0.00483399,0.00502509,0.00033342,0.0004652
0.00812829,0.00383489,0.00470041,0.00256457,2.04586e-05,-0.000493779
0.0119517,0.00855025,0.00458948,0.000946273,0.000356299,0.000288701
0.0202233,0.0120808,0.00642196,0.007302,0.000896406,0.00145945
0.0141787,0.00573994,0.00489338,0.00542359,0.000158628,0.00196887
0.0162082,0.00687941,0.00498436,0.00611771,0.00111959,0.000163489
0.0108329,0.00407045,0.00269125,0.00413639,0.00167064,0.000829773
0.014287,0.00595229,0.00555695,0.0038853,0.00193369,0.000680553
0.0121711,0.00583848,0.00502568,0.00401079,0.0017008,0.000302537
0.00635098,0.00456794,0.00224602,0.00654789,0.000989321,-0.000580615
0.0148966,0.00859034,0.00740489,0.0118587,0.00101818,0.00125058
0.00562447,0.00353605,0.00396432,0.00241976,0.00141178,0.00126775
0.0124998,0.00912221,0.00428763,0.00795474,0.00194954,0.00131051
0.00994151,0.00687449,0.00592872,0.00465846,0.00071626,0.00118555
0.00686316,0.00339436,0.00317973,0.00226644,0.000358466,-0.0001644
0.0113753,0.00780297,0.00542932,0.00208655,0.000611104,0.00216257
0.0124979,0.0078508,0.00644159,0.00929119,0.00116957,0.00117207
0.00994818,0.00688552,0.00421147,0.00497652,0.000545872,0.00201322
0.0298989,0.0117259,0.0133017,0.0159145,0.00346424,0.00358586
0.03535,0.0187851,0.014995,0.0125834,0.00143522,0.00265964
0.0122176,0.0084853,0.00518822,0.00605377,0.00108942,0.000188055
0.0100375,0.00697942,0.00372019,0.00285935,0.00110906,-0.000615191
0.0234433,0.0110344,0.0101086,0.0108078,0.00238062,0.00147684
0.0270005,0.0111099,0.0119989,0.0113154,0.00223038,0.00164922
0.0218848,0.00672287,0.0115181,0.0105501,0.00101976,0.00106159
0.0157141,0.00534066,0.00919952,0.0114466,0.00146398,0.00143131
0.0117728,0.00632062,0.00940307,0.00812689,0.00155869,0.000988071
0.0179282,0.00707076,0.00813332,0.0117814,0.00159429,0.00082163
0.0265833,0.0136673,0.00990258,0.0164319,0.00237303,0.00250988
0.011513,0.00809891,0.0122577,0.0186574,0.00285379,0.0015767
0.0177607,0.0115208,0.00797902,0.0110977,0.00370684,0.00102798
0.0309106,0.019499,0.0124155,0.0144668,0.0042978,0.00150924
0.00384307,0.00311378,0.00241144,0.00737076,0.00123774,0.000459315
0.0116532,0.00633398,0.00552606,0.00564208,0.00129375,-0.000204164
0.00706314,0.00394859,0.00385741,0.000828003,0.000629003,-0.000169685
0.0107834,0.00772786,0.00386561,0.0028512,0.000670905,0.000543535
0.0304663,0.017337,0.0261861,0.0281876,0.00641351,0.00316216
0.0215099,0.012366,0.0173833,0.0141758,0.00268191,0.00223446
0.010968,0.00784844,0.00553913,0.00667319,0.000490022,0.000643476
0.00729591,0.00392362,0.00259551,0.00482726,0.00124336,0.00282127
0.0161523,0.0100291,0.00649284,0.0111073,0.00366857,0.0102224
0.0133563,0.00781021,0.00743916,0.00433431,0.00151879,0.0018753
0.0147338,0.00916629,0.00538602,0.00760449,0.000693155,0.00204483
0.012229,0.00654699,0.00444296,0.00489869,0.0010532,-0.000352405
0.0180833,0.0109387,0.0110502,0.0112203,0.00114162,0.000593211
0.00515316,0.00378317,0.00290108,0.00476504,0.000273062,-0.000505766
0.00925351,0.00632024,0.00272542,0.00299676,0.000637733,0.00109877
0.0145751,0.00597279,0.00558499,0.00572499,0.00173906,0.000668987
0.0214492,0.0120866,0.00776414,0.0137806,0.00158981,0.00159896
0.0347843,0.0163289,0.0188741,0.0261674,0.00617786,0.00396863
0.0486832,0.0162654,0.0244448,0.0412375,0.00969091,0.00755526
0.0176932,0.0120062,0.0070538,0.00815491,0.000480301,0.00174165
0.0288401,0.0139,0.0113785,0.0189959,0.00296302,0.0023273
0.0310598,0.0139165,0.0117383,0.017914,0.00368904,0.00274274
0.00545009,0.00395564,0.00245999,0.000529631,0.00126917,0.000564955
0.0155442,0.0107879,0.0147837,0.0261964,0.00342386,0.0017648
0.00525104,0.00353832,0.00282499,0.00527453,0.000164154,-0.000157843
0.0064478,0.0047139,0.00274041,0.00497193,0.000200937,0.00173381
0.00952477,0.00689177,0.00502474,0.00749468,0.00134616,0.000841602
0.0218646,0.0138866,0.0146909,0.00896553,0.00253571,0.00245142
0.0074788,0.00449702,0.00335578,0.0002628,0.00167239,0.00145525
0.0259969,0.00900819,0.0104376,0.0160396,0.0020668,0.00112164
0.0247569,0.00909965,0.0099517,0.0149665,0.00132907,0.000654611
0.0166939,0.0116567,0.016957,0.0240232,0.00450948,0.00206382
0.013367,0.00936077,0.00859964,0.00959,0.000858826,0.000145251
0.00464055,0.00343958,0.00176778,-0.0015588,-0.000134162,0.00105156
0.00660664,0.00461836,0.0036357,0.00182834,0.000611787,-2.52622e-05
0.00963336,0.00690028,0.00651278,0.00675522,0.00189227,0.00059027
0.00716957,0.00481874,0.00294432,0.00473291,0.000544325,0.000100344
0.00400867,0.00317038,0.00101296,0.00491863,7.57657e-05,-0.0011128
0.00852313,0.00627081,0.00250755,0.00581701,0.00115568,0.000613099
0.013473,0.00523289,0.00691328,0.00977959,0.000959316,0.00125735
0.00609624,0.00340201,0.00516822,0.00779376,0.00182978,0.00108415
0.020943,0.00937365,0.00733406,0.0120946,0.00295179,0.000780382
0.02191,0.00933541,0.00742064,0.0148595,0.00333985,0.00119425
0.0130761,0.0097044,0.00795276,0.00614981,0.00102339,0.00256311
0.00460688,0.00352484,0.00376116,0.00382952,-0.000317654,0.000700223
0.00573392,0.00396474,0.00278658,0.0066526,0.00105327,-0.00100315
0.0051643,0.0038072,0.00312128,0.00134497,0.000353032,0.000965872
0.00420433,0.00317346,0.00184549,-0.000231553,0.000276597,0.000619646
0.00881079,0.00586184,0.00372495,0.0037374,0.00117955,-0.000884368
0.017317,0.00979523,0.00783509,0.0103546,0.00191675,0.000909915
0.0107636,0.00753401,0.00320325,0.00598531,0.000387761,9.31051e-05
0.00695166,0.00478736,0.00608927,0.00808359,0.00203335,0.00132908
0.0192858,0.0133964,0.00693974,0.0104128,0.00191572,0.00192312
0.0192345,0.0135813,0.00859289,0.0128357,0.00179953,0.00132096
0.0333351,0.0207368,0.0130114,0.0137549,0.00382225,0.000170884
0.00411614,0.00301796,0.00196577,0.00410739,0.000872267,0.000234198
0.00465667,0.00341414,0.00217853,-0.000223016,-4.77456e-05,-0.000584414
0.00495087,0.00382509,0.00310098,0.000344451,-4.75912e-05,-0.000597122
0.008636,0.005962,0.00982404,0.00946257,0.000803462,0.00086628
0.00669587,0.00441226,0.00367023,0.00198388,0.00025451,0.000300343
0.0166529,0.0109614,0.0167689,0.0161516,0.00334958,0.000960572
0.0050328,0.00365719,0.0049202,0.0102524,0.0044201,0.00805095
0.0119574,0.00587357,0.0104103,0.0110985,0.0028085,0.000403696
0.00551597,0.00356799,0.00271671,0.00176483,-0.000881878,0.000450709
0.00662636,0.00436537,0.00447308,0.00702907,0.000112076,-0.000416471
0.0127141,0.00873378,0.0147272,0.0115798,0.00397471,0.00258109
0.00652447,0.00444317,0.00326488,-0.00270617,0.000314574,0.00110998
0.00384211,0.00303541,0.00185625,0.00198097,-0.000182118,0.00173699
0.014079,0.00995624,0.00287209,0.00624765,0.00103573,0.000604896
0.00514788,0.00363091,0.00312865,0.00159699,0.000925306,0.000915141
0.00884143,0.00594315,0.00392913,0.00760643,0.000568845,0.00140678
0.0163245,0.00802712,0.00842349,0.00821869,0.0032101,-1.14069e-05
0.0165653,0.00802474,0.00812919,0.00825367,0.00232667,0.000883919
0.0267492,0.0158919,0.0134981,0.0173597,0.00368995,0.00235857
0.0214614,0.0148594,0.00582444,0.00670555,0.00173713,0.000795445
0.0139339,0.00824392,0.00684274,0.00658231,0.000929414,0
0.00733963,0.00518111,0.00335526,0.00291321,0.00056233,0.000415733
0.0202679,0.0141425,0.00835035,0.0082843,0.00143899,0.00243667
0.00646899,0.00475464,0.00376828,0.00296621,0.000950809,0.000398015
0.0110466,0.00760327,0.00480926,0.00586493,-0.000371483,0.00152265
0.0274167,0.0164104,0.0116384,0.0159625,0.00243827,0.00238555
0.0374224,0.0214934,0.0237078,0.0323057,0.00613382,0.00203296
0.0145099,0.0090344,0.00668444,0.00717861,0.00204552,0.00226885
0.00952057,0.00666669,0.00344523,0.00734639,0.00147446,0.000367597
0.0125646,0.00720467,0.0046652,0.00546132,0.00148044,0.00166792
0.0187746,0.0113572,0.00430002,0.00844852,0.00246623,0.00275677
0.00595294,0.00403685,0.00162175,0.00297665,-0.000114099,-0.000220532
0.0079997,0.00558505,0.00396591,0.00728987,0.00112236,0.000956615
0.0138437,0.00880962,0.00765613,0.00694488,0.00151774,0.000254817
0.0129488,0.00941575,0.0079856,0.00716525,0.00153103,0.0017993
0.0146138,0.00622859,0.0071885,0.00802878,0.00287493,0.00244684
0.0145229,0.00631967,0.00698431,0.00753036,0.00235797,0.00184715
0.00793533,0.00583895,0.00319366,0.00707991,0.00154941,0.00108717
0.00928891,0.00636969,0.00419498,0.00117622,0.00141254,0.000792899
0.00782753,0.00467657,0.00306175,0.00326947,0.000539118,0.000408335
0.00600038,0.00371396,0.00211289,0.00192846,0.000889374,-0.000406837
0.00872609,0.00600577,0.00354383,0.00767285,0.00136412,0.00189671
0.0217555,0.008835,0.0120401,0.0115936,0.00281039,0.00210944
0.0273444,0.00889474,0.0159031,0.0226479,0.00544519,0.00407032
0.0186707,0.00959693,0.0147594,0.0304831,0.00606298,0.0044524
0.0142715,0.00873754,0.00687813,0.013949,0.0030516,0.00102364
0.00887888,0.00515756,0.0041155,0.00405588,0.000391438,-0.000599711
0.0100664,0.00556754,0.00480194,0.00747437,0.000932433,-6.55515e-05
0.0152162,0.00652592,0.00779232,0.0279545,0.01085,0.0274995
0.0153974,0.00689994,0.00666749,0.00527973,0.00116084,-0.000120949
0.00730584,0.0055346,0.00357543,0.00740539,0.00145604,0.00122221
0.013274,0.00895726,0.00578668,0.00729601,0.00178131,0.000741348
0.0106033,0.00673041,0.011358,0.0297987,0.00779899,0.0155335
0.0125119,0.00743153,0.00489406,0.00409147,0.0006532,0.000887395
0.0240201,0.0162352,0.0148712,0.0201322,0.00444896,0.00631237
0.0184193,0.00998445,0.0111938,0.0118031,0.00166278,0.00116602
0.00518518,0.00382069,0.00182995,0.00846212,0.00172964,0.0065929
0.00611344,0.00447565,0.00304534,0.0061671,0.000642384,-0.000153875
0.00455813,0.00317657,0.00269127,-0.00136829,0.000614857,0.00074698
0.0143941,0.00887197,0.00744885,0.00498634,0.00095445,-0.00031995
0.0204154,0.0102575,0.00838507,0.0127994,0.00210518,0.00098657
0.00794121,0.00549524,0.00403104,0.00868816,0.00156787,-0.000610484
0.0055743,0.0037764,0.00275584,0.00303295,0.000162538,0.000799524
0.00546783,0.00424639,0.00476249,0.00235154,-0.000291203,-0.000457933
0.0101271,0.00693277,0.00377559,0.0130104,0.00286714,0.00323017
0.0319465,0.0185575,0.017807,0.052175,0.0139969,0.0183419
0.00574209,0.00362528,0.00410718,0.00241279,0.000184549,0.000285217
0.00700058,0.00464149,0.00400017,0.00356831,0.00128818,-0.000519976
0.00674885,0.00479589,0.00488856,0.00804393,0.000862212,0.000627533
0.0170973,0.00908322,0.0063197,0.00698671,0.00173059,0.00158505
0.031469,0.0140405,0.0105504,0.0104081,0.00268574,0.00238033
0.0267352,0.0139411,0.00866962,0.010835,0.00141292,0.00189455
0.0121096,0.00832188,0.00778206,0.0104873,0.00106888,0.00114674
0.0136493,0.00644608,0.00575077,0.00676103,0.00317266,0.00449445
0.0146848,0.00646512,0.00567942,0.00910003,0.00292096,0.00319807
0.00677758,0.00454055,0.00282716,0.00276897,0.000767405,0.00130247
0.00594331,0.00298963,0.00285002,0.00401155,-0.000512592,0.000657416
0.00818172,0.00588384,0.00275436,-0.00277451,0.000932405,0.000281752
0.0112656,0.0054054,0.00544127,0.0075284,0.00143531,-0.00159338
0.0108895,0.00545894,0.00541151,0.00491999,0.000465663,-0.000978583
0.0123194,0.0085395,0.00327803,0.00423387,1.13456e-05,0.00134526
0.00987884,0.00658965,0.00500265,0.00635406,0.00110488,0.00195783
0.00992506,0.00668686,0.0045004,0.00794613,0.000418441,0.000657868
0.00691804,0.00499151,0.00353551,0.000991817,-0.000301916,-0.00081805
0.00509147,0.00401123,0.00278412,0.000763534,0.000927949,0.000670928
0.0127285,0.00395788,0.00691797,0.00945919,0.0029095,0.000966489
0.026378,0.0149181,0.0145705,0.0167989,0.00399317,0.00362672
0.0269659,0.0122438,0.0117705,0.0128408,0.00171086,0.00233921
0.0133994,0.00524685,0.00479481,0.00826662,0.00138347,0.000837626
0.0114756,0.0048123,0.00446081,0.00549342,-0.000437479,0.00139353
0.00836116,0.0060492,0.00424958,0.00263703,0.000442519,0.000265432
0.0154333,0.00843748,0.0100575,0.0103263,0.00190026,0.000936224
0.0153085,0.00669397,0.00653684,0.00653224,0.00195108,0.00165524
0.0151457,0.00669845,0.0063546,0.00595276,0.00215027,0.00221742
0.0198582,0.0111462,0.00669495,0.0171954,0.00615374,0.0169223
0.0285343,0.0176937,0.0116766,0.0166829,0.0041666,0.00450472
0.0111748,0.00666479,0.00453316,0.00465763,0.00121379,0.00109025
0.00489364,0.00304356,0.00150194,0.000105991,-0.000111185,0.000629733
0.00846187,0.00497561,0.00532872,0.00434608,0.00108396,0.000342441
0.00498734,0.00365435,0.00211178,0.001208,-0.000127849,0.000530501
0.00862068,0.00607769,0.0041876,0.00291154,-0.000645635,0.000456568
0.0129031,0.00900336,0.00609437,0.0105165,0.00194711,0.000227751
0.00777441,0.00549727,0.00253703,0.00591289,0.00189608,0.000232715
0.0200142,0.0139206,0.00824124,0.00774467,0.0023083,0.00129809
0.00437546,0.00318041,0.00166945,0.00130814,0.000716528,0.0019368
0.0144618,0.00883173,0.0064827,0.0154214,0.00218409,0.000376204
0.0151555,0.00838317,0.00679444,0.0106239,0.00249189,0.000970148
0.0124155,0.00803019,0.00756745,0.00771656,0.00262118,0.00133596
0.00742279,0.00365723,0.0050322,0.000848554,0.00185829,0.000490963
0.0115077,0.0068671,0.00488125,0.00397029,0.00148312,5.95326e-05
0.0203533,0.011948,0.0156643,0.0176225,0.00264029,0.00369943
0.022023,0.0104907,0.0211107,0.0266916,0.00387498,0.0035419
0.0227574,0.00947647,0.0150021,0.0144615,0.00274344,0.00024514
0.0139312,0.00927883,0.00644348,0.00807542,0.00164495,0.00166274
0.0091087,0.00626395,0.00240465,0.000534248,0.000399681,0.000265524
0.0130949,0.00516485,0.00559309,0.0104662,2.98971e-05,8.11827e-05
0.0156878,0.00886649,0.00643143,0.00644707,0.00116117,9.39562e-05
0.00532238,0.00406003,0.00417447,0.00119734,0.00125912,0.000415293
0.00913114,0.0063847,0.00408538,0.00541406,-0.000256124,0.000453453
0.0199635,0.0085891,0.0100127,0.00922266,0.00263886,0.00259067
0.0292406,0.0166214,0.0166741,0.0195056,0.00235825,0.00168029
0.0118703,0.00837773,0.00273798,0.00560929,0.000258365,0.0013534
0.00388824,0.00295165,0.00184786,0.00534976,0.00257514,0.00498211
0.0171977,0.0119934,0.00988096,0.0151136,0.00501076,0.00222028
0.00906223,0.00489171,0.00439682,0.00217464,0.000259163,0.000422915
0.00950181,0.00527466,0.00399116,0.00420087,0.00038792,0.00014855
0.0144009,0.0103076,0.00649164,0.006135,0.00163337,-0.000113282
0.0122079,0.00866375,0.00358375,0.00865193,0.00145439,0.00127958
0.017706,0.00970736,0.0116551,0.0176041,0.00327893,-0.000212091
0.0132949,0.00932476,0.00463412,0.00659723,0.00144599,-0.00065031
0.0129573,0.0091604,0.0043786,0.00701788,0.000984626,0.000263033
0.020858,0.0144296,0.00598989,0.0102469,0.00184427,0.0010104
0.0102632,0.00735356,0.00394113,0.00779454,0.00184634,-0.000784187
0.00649977,0.00461925,0.00439063,0.00561894,0.00137782,0.00213815
0.00397828,0.00310468,0.00167553,-0.000799045,0.000480507,-1.8604e-06
0.00450315,0.00327504,0.0024665,0.00199541,0.000216777,6.39267e-05
0.0074022,0.00521249,0.00323694,0.00213206,-0.000275879,0.00119485
0.0046132,0.00355075,0.00178526,0.00136989,0.00139793,-0.00117704
0.0075513,0.00443049,0.00406051,0.00384584,-0.000130332,0.00139171
0.007351,0.00444752,0.0042177,0.00232559,-9.38567e-05,0.000838799
0.0051254,0.00353017,0.00207692,0.0019445,0.00010132,-0.000288926
0.0169957,0.0085186,0.00869521,0.000338239,0.00221674,0.00116538
0.0252793,0.00855101,0.0138027,0.00743062,0.00325489,0.00103073
0.0191184,0.00740491,0.0101626,0.00951034,0.00179078,-0.000344761
0.00723217,0.00401666,0.00344739,0.0076367,0.00100235,0.000137406
0.00671613,0.00416686,0.00322888,0.00569723,0.000941489,-0.000163811
0.013368,0.00970924,0.006325,0.00939125,0.00290481,0.000794505
0.0133281,0.0084039,0.00664541,0.005411,0.0017424,0.001332
0.0100744,0.00548991,0.00615411,0.00421181,0.00119548,0.000665912
0.0123276,0.00869651,0.00906731,0.00488585,0.000332927,0.000660664
0.0162481,0.00706667,0.00801523,0.00843542,0.00230776,0.00138593
0.00399676,0.00304924,0.00205423,0.0052266,0.000408147,0.00126856
0.0164218,0.00681767,0.0103857,0.012065,0.00132292,0.0024238
0.0203869,0.0106717,0.0114657,0.016206,0.00128281,0.00100238
0.0109335,0.00697238,0.00602419,0.0133183,0.00291692,0.00265959
0.0237738,0.0163062,0.0115753,0.014558,0.00319886,0.000699169
0.00512108,0.00338442,0.00214419,0.000623895,0.00165349,0.00109915
0.00655075,0.00471046,0.00217346,0.000487766,0.000730691,4.35105e-05
0.0108694,0.00740169,0.00408175,0.0094995,0.000948099,0.000740358
0.0133715,0.00898799,0.00313666,0.00791814,0.000942928,-0.000391534
0.00665015,0.00464304,0.00336238,0.00145687,0.00166421,-0.000444116
0.00664152,0.00469606,0.00307012,0.00145869,-2.03795e-05,0.00134512
0.00688644,0.00510657,0.00590421,0.00752783,0.00163985,0.000255923
0.00717861,0.00481726,0.00673792,0.0064175,0.00132921,-0.000513421
0.0105102,0.00737155,0.00571379,0.0132059,0.00350986,0.00169688
0.00429171,0.00296332,0.00228883,-0.00162775,-6.27151e-05,0.000122443
0.0264219,0.00931342,0.0134274,0.016531,0.00483751,0.00251955
0.0172155,0.00926736,0.00953999,0.011368,0.00255783,0.000405855
0.0100004,0.00674413,0.0032698,0.00286726,9.56765e-05,-0.000295316
0.0124066,0.00897185,0.00310244,0.00588419,6.2499e-05,0.0005102
0.00651347,0.00492204,0.00281248,0.00468208,0.0012053,-0.00027706
0.012474,0.00948215,0.00777931,0.00622332,0.00239129,-0.000170202
0.0183957,0.0118172,0.0101508,0.00985052,0.00286797,-7.58378e-06
0.00835725,0.00613337,0.00581724,0.00594405,0.00132927,0.00145066
0.0146784,0.00705451,0.00653988,0.00754531,0.00169086,0.00167589
0.0174352,0.00815307,0.00695787,0.00884853,0.00214843,0.00125667
0.00584588,0.00381232,0.00267941,0.00309666,0.000681408,0.000140562
0.0190779,0.00839993,0.0122533,0.0141409,0.00223232,0
0.00558366,0.00402368,0.00353993,0.000985071,-1.68321e-05,0.000147879
0.00409923,0.00322588,0.00318939,0.00353512,0.000178569,1.06221e-05
0.00583154,0.00442673,0.00240279,0.00318529,0.000359532,0.00192639
0.00797732,0.00326251,0.00324618,0.00585776,0.000711183,0.000767178
0.0130409,0.00680474,0.00396613,0.00636597,0.0017117,0.000897543
0.00945668,0.00479998,0.00306981,0.0035689,0.00136474,0.000868616
0.0148338,0.00941028,0.00675006,0.00380979,0.00138021,-0.00079033
0.00898175,0.00638087,0.00321925,0.00685048,0.000997239,-0.000852632
0.0156588,0.00973704,0.00629834,0.00487359,0.000835702,0.00046815
0.018418,0.00464629,0.00807449,0.00384984,0.00104579,0.00106988
0.0225358,0.00944244,0.0106478,0.00698805,0.00249009,0.00152487
0.01882,0.00990368,0.00789123,0.00518874,0.00163125,0.00177618
0.0171561,0.0117651,0.00847397,0.0132666,0.00284404,0.00160741
0.00744122,0.00518918,0.00414356,0.00663796,0.000914651,0.00085162
0.0326743,0.0186331,0.0431385,0.0445066,0.00932453,0.00388076
0.0244438,0.0134454,0.0248814,0.0219829,0.00364233,0.00140746
0.00460092,0.00315851,0.00166586,0.00396435,0.00038726,0.00194589
0.0173029,0.0118912,0.00616032,0.0106598,0.00103955,0.000649115
0.0229621,0.0160359,0.00776017,0.00963137,0.00115508,-0.000205199
0.00990076,0.0051893,0.00517831,0.00601827,0.00144187,0.000981166
0.010192,0.00526982,0.0054161,0.00407447,0.0010985,0.000699059
0.0120507,0.00655685,0.00751607,0.00509531,0.00161168,0.00117638
0.00976634,0.00468308,0.00654662,0.00597495,0.00099216,0.000445399
0.00731604,0.00568264,0.00359619,0.00143439,9.24436e-05,0.000138207
0.0102723,0.00688338,0.00933718,0.0148045,0.00476861,0.00211343
0.0170888,0.0116076,0.00500738,0.0101979,0.00154988,0.000559319
0.00421774,0.0032468,0.00289259,-0.000561204,0.00154358,0.000554297
0.0109883,0.00740844,0.0058521,0.00685555,0.00202876,0.00255903
0.00972599,0.00478465,0.00539905,0.00329745,0.000455921,0.00129584
0.0184151,0.00679045,0.00835467,0.0118184,0.00272145,0.00542064
0.0160542,0.00682938,0.0066295,0.0127337,0.00220811,0.00575622
0.0162082,0.0114666,0.00584576,0.0030049,0.000830571,-0.000419744
0.00994459,0.00681507,0.00450828,0.00417701,6.38577e-05,0.000317112
0.0109703,0.0069516,0.00508646,0.0082042,0.00157753,0.000870917
0.0194345,0.0130856,0.0111315,0.0141151,0.00215161,0.00142705
0.00878785,0.00361282,0.00798656,0.00938647,0.00168607,0.00288181
0.00925028,0.00360975,0.00808495,0.00809313,0.00181569,0.00157593
0.00655505,0.00458221,0.00556824,0.0018812,0.000911375,0.00091342
0.0136718,0.00963424,0.00616835,0.0122216,0.00416245,0.00861136
0.00444518,0.00356866,0.00290731,6.83397e-05,-1.99454e-05,-0.000562014
0.0054578,0.00402512,0.00431493,0.00514642,0.000265349,0.000461251
0.0117724,0.00817787,0.0036925,0.0055683,0.00099815,0.00140228
0.00680059,0.00510632,0.002625,2.33969e-05,0.0013295,9.91008e-05
0.0322882,0.0122087,0.0112617,0.0129426,0.00445724,0.00423291
0.0414895,0.0125849,0.0148979,0.0201422,0.00505766,0.00403375
0.012983,0.00886135,0.00896954,0.0108658,0.00163732,0.00211194
0.00684828,0.00488782,0.00282025,0.00148899,0.00110383,0.0016461
0.028761,0.0146464,0.014867,0.0146031,0.00252725,0.000751506
0.0107983,0.0079508,0.00507551,0.00782974,0.000403791,0.000193593
0.0151129,0.0104476,0.00420454,0.00672014,0.00149793,0.000763138
0.0168318,0.011274,0.0223429,0.0290706,0.00630368,0.012942
0.00543563,0.00398332,0.00227863,0.00486135,0.000681121,0.000947361
0.00487081,0.00336868,0.0034181,-0.00015618,0.000394054,0.00162115
0.0195925,0.0131764,0.00476523,0.00971677,0.00200559,0.00067656
0.018503,0.0115536,0.0078333,0.00906162,0.00176639,0.00121682
0.019336,0.00691958,0.00879066,0.0123972,0.00142788,0.000822876
0.0183145,0.00695506,0.00811644,0.0141285,0.00168082,0.000919054
0.0131641,0.0053512,0.00539538,0.00831462,0.00039421,-6.43553e-05
0.00971376,0.00488277,0.00497088,0.00634333,0.000219285,-0.000287118
0.00888117,0.00637346,0.0052372,0.00802674,0.000364387,0.000664962
0.00540693,0.00384134,0.00357411,0.00428778,-1.39672e-06,0.000763506
0.00970481,0.0067124,0.00378576,0.00766645,0.00161316,0.000255209
0.00960546,0.00354243,0.00415456,0.00368153,0.000330074,0.000404002
0.0088515,0.00348165,0.00396792,0.00326138,0.000719509,0.000231429
0.0171256,0.0118033,0.00496334,0.00856756,0.00150077,0.00181522
0.00849181,0.0056892,0.00309376,0.00304752,0.000533808,0.00140932
0.0124249,0.00581479,0.0047711,-0.000477952,0.000623536,0.000253326
0.00644675,0.00457408,0.00314043,0.00334822,-0.000337809,-0.000406693
0.0142539,0.0103504,0.00555819,0.00448751,8.97102e-06,0.00102903
0.00428147,0.00317274,0.00247642,0.000162427,-0.00135686,-0.000332656
0.0219034,0.0120904,0.0108323,0.0111344,0.00307001,0.0020578
0.0202986,0.012214,0.0101383,0.0106914,0.00254629,0.00160907
0.00832923,0.00596915,0.00384994,0.00431775,0.000174888,-6.35702e-05
0.010445,0.00639804,0.00668193,0.00919174,0.00210884,-0.000361853
0.0110561,0.00495066,0.00826393,0.0122719,0.0021171,0.000453753
0.0115534,0.00583601,0.0071776,0.00985366,0.000720359,0.00145208
0.0259507,0.0184286,0.0115786,0.00652436,0.00182138,0.00223562
0.0184955,0.0119372,0.0126041,0.0245404,0.00511604,0.00468212
0.00830328,0.00507779,0.00307486,0.0051255,0.000621087,0.000831127
0.00721578,0.00517343,0.00378589,0.00239091,6.97924e-05,0.0003669
0.0104016,0.00715326,0.00300248,0.00558685,0.000649777,8.39347e-05
0.00401255,0.00312015,0.00221304,0.00203994,0.000183364,-0.00142937
0.022001,0.0109732,0.0138674,0.0198426,0.00336397,0.00248741
0.0273972,0.014801,0.0169709,0.017546,0.00377309,0.000962914
0.00445337,0.00319353,0.00243177,0.00426844,0.000116745,0.000451031
0.0136773,0.00957744,0.0044752,0.00744912,0.00134192,0.000764212
0.00600902,0.00432612,0.00276003,0.00852733,0.00037678,-4.29317e-05
0.0158339,0.0113682,0.0036287,0.00993334,0.00204388,0.000197237
0.00531478,0.00404792,0.0024285,0.00145439,-0.000635821,0.00060165
0.00428224,0.00327378,0.00242938,0.00202463,0.000558027,3.17477e-05
0.0048974,0.00334829,0.00188485,0.00483586,-0.000175263,0.00117548
0.0197865,0.00977456,0.0127387,0.012835,0.00281796,0.00275783
0.0141169,0.00807043,0.00913954,0.00620675,0.000756747,0.00109184
0.00529175,0.00354814,0.00267089,-0.00105606,0.000942647,0.00142125
0.00916857,0.00636,0.0069248,0.000937239,0.00127123,-0.00033878
0.00708173,0.00332749,0.00347963,-0.000232647,-0.000177741,-0.000154268
0.0242024,0.0161731,0.0139299,0.0139205,0.00388083,0.00283078
0.00503418,0.00381881,0.00252575,0.00156678,-0.000204139,0.000595566
0.0253474,0.012505,0.0105832,0.00951663,0.00211629,0.000839491
0.00729398,0.00436473,0.00397679,0.00255749,0.00141052,-0.000122455
0.00522661,0.00394712,0.00266981,0.00559877,0.000826852,0.000735282
0.00939868,0.00551812,0.00362194,0.0100757,0.00118764,-0.000402952
0.0109639,0.00395364,0.00470147,0.00815844,0.00273319,0.000333287
0.00741669,0.00297723,0.00341698,0.00238416,0.00208101,0.00119296
0.00405413,0.00314975,0.0014985,0.0192883,0.00671103,0.0258917
0.0153223,0.00627991,0.00901221,0.0118732,0.00333572,0.000999056
0.0156683,0.0061913,0.00939744,0.0112234,0.00312659,0.00140646
0.0145706,0.0100089,0.00571405,0.00859869,0.00145564,0.00147546
0.0110945,0.00615022,0.00829607,0.00885446,0.00105678,0.0010561
0.0100176,0.00698653,0.00506829,0.00245198,0.000718238,0.000987448
0.0132526,0.00819842,0.00548091,0.0268531,0.00889382,0.021765
0.0129273,0.00932159,0.00462877,0.00535763,0.00138156,0.00150386
0.0112704,0.00534275,0.00639403,0.00309641,0.000793788,0.000256852
0.0113633,0.00539724,0.0061617,0.00180502,0.000571211,-0.000383177
0.00418919,0.00317133,0.00172472,0.00121822,0.000605667,0.00170014
0.00922053,0.00648407,0.00477043,0.011478,0.00070305,0.00208588
0.00669697,0.00471277,0.00232142,0.00497461,0.000380445,-1.71267e-05
0.0273227,0.0139922,0.0119525,0.0128358,0.00452015,0.00489283
0.0159985,0.0114591,0.00624952,0.00874018,0.00191363,0.00107664
0.0162702,0.0113184,0.00432439,0.0181854,0.00623712,0.0159244
0.00866668,0.00585343,0.00400523,0.000750638,-0.000408684,-0.0012769
0.00976301,0.00668334,0.00415726,0.00497,0.00196401,-0.000844262
0.0226322,0.0112252,0.0109188,0.0136992,0.00181521,0.00185904
0.022589,0.0105402,0.00705618,0.00940406,0.00123232,-0.000233334
0.00904511,0.00631095,0.00474739,0.00230696,0.000745688,0.0010971
0.0184652,0.0100355,0.00749988,0.00543756,0.00237295,-0.000192919
0.037455,0.0125936,0.0327479,0.0360469,0.00639594,0.00285778
0.0321509,0.012572,0.0283874,0.031948,0.00542652,0.00253794
0.0229117,0.0105115,0.0134262,0.02188,0.00307023,0.00424346
0.0229374,0.0155981,0.00966468,0.0101448,0.00241476,0.00258975
0.00555394,0.00361433,0.00256308,0.00402262,0.000532682,0.00146521
0.00933603,0.0066998,0.00602948,0.00739393,0.00126711,0.00148228
0.00655371,0.00460073,0.00411541,0.00228255,0.00101223,0.000527161
0.00993332,0.00572265,0.00542038,0.00811966,0.00245078,0.00138606
0.022402,0.0144087,0.00859524,0.00734114,0.00222147,0.000666228
0.0162957,0.0114372,0.0066179,0.00812658,0.00191679,0.00318539
0.00761215,0.00547045,0.00483972,0.00612261,0.000237537,-5.45803e-05
0.00879947,0.00583106,0.00496299,0.00380169,0.000956372,-0.000364496
0.00648719,0.00440076,0.00329865,0.00190378,0.000204043,-0.00120225
0.0313931,0.0178995,0.0427722,0.0748849,0.0233647,0.0424177
0.00502134,0.00366453,0.00313617,0.00336931,0.00213097,0.000196414
0.0097218,0.00688757,0.00422175,0.00735221,0.000372061,-0.000599501
0.0056882,0.00398534,0.00468159,0.00272375,-6.03853e-05,-0.000131442
0.00624304,0.0041802,0.00254863,0.00547749,0.000312335,0.000587973
0.0156431,0.0108827,0.00615516,0.0119059,0.00238535,0.000951875
0.0137675,0.00885767,0.0040536,0.00797501,0.00189938,0.00117316
0.010487,0.00734354,0.00433641,0.00750208,0.000861905,0.000684964
0.0322674,0.0195649,0.0169303,0.0194699,0.00402058,0.0010638
0.0366995,0.019552,0.0184325,0.0182233,0.00393358,0.000766955
0.00775646,0.00552327,0.0029877,0.00231204,0.000177068,0.000532
0.0191524,0.0126999,0.00933452,0.0127189,0.00298946,0.001382
0.0122938,0.00840137,0.00564702,0.0115144,0.00123025,0.00104173
0.0130553,0.00900487,0.00484811,0.0042587,0.0026267,0.000399608
0.01477,0.0103686,0.00411534,0.0089035,0.00135035,0.000448921
0.00970803,0.00611705,0.00459677,0.00574576,0.00265441,0.00294541
0.0169368,0.00909866,0.00710915,0.00909879,0.00233753,0.00360326
0.0103131,0.00624974,0.00432474,0.00462224,0.000475226,0.000970556
0.0109251,0.00524668,0.00804292,0.010868,0.00216872,0.00280183
0.0200177,0.0113826,0.0117646,0.0136795,0.0025215,0.00242666
0.0104404,0.00676486,0.00741434,0.0102361,0.0027459,0.000897698
0.0104012,0.00676131,0.00253008,0.00786964,0.00147993,-0.000244345
0.023791,0.00994282,0.00997441,0.0270413,0.00609211,0.0129988
0.0236649,0.00995719,0.00983336,0.0271623,0.00572995,0.0116886
0.00720578,0.00531121,0.00255923,0.0095678,0.000130209,0.00136468
0.0159269,0.0110758,0.00773979,0.0106685,0.00276112,0.000305466
0.00671674,0.00485736,0.00352609,0.00488532,0.00105964,0.00118147
0.00445219,0.00330678,0.00181809,0.00513365,0.000344311,0.000811023
0.0222805,0.0149165,0.0335525,0.0355438,0.00676411,0.0033069
0.0059123,0.00368242,0.00177188,0.00525164,0.00129971,0.00218045
0.0140311,0.00705238,0.00917754,0.0160422,0.00186559,0.00334575
0.0099257,0.00726261,0.00412374,0.00145913,0.00103661,1.91147e-05
0.00570219,0.00339036,0.00267099,0.00459612,0.000355206,0.000572417
0.0142764,0.00965877,0.00811272,0.00822793,0.00206362,0.00196001
0.00446213,0.00336372,0.00229044,0.00217607,-0.00096205,0.000887527
0.00633469,0.00437503,0.00241216,0.000519986,9.68562e-06,9.78295e-05
0.00694812,0.00493671,0.00570191,0.0119542,0.00260124,1.64981e-05
0.00649958,0.00430355,0.00250254,0.00334362,0.0010927,-0.000355862
0.0265848,0.017534,0.0112421,0.0159788,0.00265459,0.00141551
0.010355,0.0073877,0.00274181,0.00207857,-0.000319193,0.00121667
0.0106339,0.00705245,0.00562049,0.00630912,0.00170931,3.28251e-05
0.00889021,0.00492154,0.00406212,0.00506072,0.00169007,0.000736464
0.00738594,0.00304665,0.00331253,0.00657473,0.000387,0.000977131
0.00506578,0.00329176,0.00276511,0.00266993,0.000441497,-0.00102315
0.0149025,0.00926774,0.00638925,0.00705792,0.000184434,-0.000249917
0.0207136,0.0146587,0.00654252,0.0083967,0.00139388,0.000355171
0.00465594,0.00320473,0.000984108,0.00378843,0.00079205,0.000827738
0.0100498,0.00483328,0.00439875,0.00328907,0.000837451,0.0019548
0.0145129,0.00801524,0.00482925,0.00609815,0.00089958,0.00166234
0.00425205,0.00327342,0.00151997,0.00100574,0.00114134,0.000391922
0.0225149,0.0115893,0.0110566,0.0157894,0.00208732,0.00180512
0.0130373,0.00568929,0.00627164,0.00969454,0.00205341,0.00039317
0.013788,0.0056721,0.0064448,0.00769319,0.000998663,0.000892263
0.00937983,0.00649614,0.00371653,0.00718786,0.00027252,0.00109915
0.0133096,0.00873028,0.00649913,0.0226391,0.00710583,0.0170787
0.0113876,0.008075,0.00394209,0.00481006,-3.16352e-05,0.00111586
0.00834353,0.00414395,0.00361812,0.00117698,0.00181285,0.00032538
0.0141086,0.00991012,0.00695127,0.0136978,0.00216728,0.00138855
0.0134324,0.00959053,0.00529132,0.00427211,0.000797964,0.000596644
0.0261051,0.0117172,0.0116316,0.01746,0.00311698,0.00266643
0.0260984,0.0118226,0.0113602,0.0174842,0.00170718,0.00268509
0.0334663,0.0194639,0.0222137,0.0343462,0.00616276,0.00286124
0.0055885,0.0043206,0.00564232,0.00536229,0.000333052,0.00142684
0.0162873,0.011163,0.017787,0.0226719,0.00394995,0.00170919
0.00903445,0.00656511,0.00365859,0.00102231,5.50417e-05,0.00207079
0.00802518,0.00470118,0.00449828,0.00313509,-0.000327971,0.000659137
0.00857247,0.00460949,0.00498398,0.00329375,-0.00131212,0.000887292
0.00525164,0.00374793,0.00200891,0.00174179,0.000647512,0.000184498
0.0191745,0.0129227,0.00547223,0.00955136,0.00203416,0.00134934
0.00802531,0.00464359,0.00457885,0.00816989,0.00107648,0.000778583
0.00743805,0.00539154,0.00359102,0.00348317,0.000979378,-0.000340937
0.0117274,0.00852011,0.00467678,0.00847467,0.00160033,0.00160391
0.00473431,0.00332919,0.00177728,-0.00182371,0.000517026,0.000449216
0.00407283,0.00333588,0.00317134,0.00267804,-1.5103e-05,0.00118576
0.00830234,0.00564779,0.00205588,0.00535201,-0.000365964,-0.000149978
0.0122325,0.00883266,0.00675146,0.0102059,0.00205971,0.0010149
0.019542,0.00951975,0.0112582,0.0129177,0.00223632,0.00095041
0.0185504,0.00735908,0.00904059,0.0113489,0.00107939,0.000155385
0.02422,0.00903835,0.0108656,0.00900951,0.00273349,0.00142584
0.0241407,0.0090636,0.0105188,0.00969471,0.00236468,0.00128246
0.0110219,0.0062781,0.00651259,0.00697203,0.000869463,0.000223747
0.0130578,0.00619858,0.00807331,0.00696351,0.000825243,0.000921737
0.0139802,0.00954255,0.00465079,0.00662389,0.00135207,0.00142059
0.0080064,0.00586264,0.00526307,0.00991045,0.000150595,-0.000674047
0.00536495,0.003754,0.00337163,0.00567367,0.000166312,0.00117124
0.0193095,0.0104116,0.00829566,0.00773489,0.00194237,0.00119603
0.022117,0.0105413,0.00888204,0.00925931,0.00184382,0.00160975
0.00664258,0.00449284,0.00505039,0.00305147,8.3428e-05,0.000410185
0.0053742,0.00404433,0.00274144,0.00175366,0.000502889,0.00156741
0.00583558,0.00410489,0.00242041,0.00392621,0.000614205,-0.000428958
0.0048579,0.00372144,0.00273758,0.00446668,0.00021804,0.000245412
0.018464,0.0123899,0.00631653,0.00884547,0.00243033,0.00145109
0.0107456,0.00723184,0.00631699,0.0107717,0.0011999,0.00117805
0.00536209,0.00396522,0.00330566,0.00254846,-8.8578e-05,0.00100244
0.0135036,0.00923625,0.00425893,0.0116351,0.00426331,0.00859989
0.00439268,0.00311136,0.00239541,0.00521155,0.000735907,0.000370139
0.00867768,0.00617394,0.0054341,0.00672936,0.00143182,-0.00116938
0.0211756,0.00889672,0.010797,0.0127881,0.00250474,0.000839631
0.0257777,0.0092077,0.0159151,0.0124459,0.00396351,8.95213e-05
0.0157109,0.00778601,0.00887682,0.00968904,0.00241611,0.000859996
0.0154066,0.00767509,0.00856713,0.0109016,0.00179069,0.00079422
0.0199355,0.00800033,0.00738687,0.00977,0.00156489,0.00158322
0.0246212,0.0167219,0.00997869,0.0156913,0.00388428,0.00170328
0.0128254,0.00730997,0.00670573,0.00338981,0.00146286,0.000468076
0.0142519,0.00765109,0.00736402,0.0051019,0.000980091,2.9069e-05
0.00486136,0.00342064,0.00760921,0.0111666,0.00261664,0.000472186
0.00687878,0.00501015,0.00299411,0.00140572,4.77744e-05,0.000827703
0.0175801,0.0123073,0.0054922,0.0089112,0.00204687,0.00270292
0.0147496,0.00991248,0.00434212,0.0133515,0.00382554,0.000616916
0.00440997,0.00320875,0.00206171,0.000263965,-0.000356877,0.00057224
0.00471659,0.00375709,0.00266634,0.00346732,0.0016127,-0.000367961
0.00429649,0.00324709,0.00254266,0.00116513,-0.000741488,0.00212859
0.0146074,0.00888727,0.00849502,0.0126972,0.00129,-0.000390289
0.00805962,0.00597823,0.0031913,0.00307007,0.000896864,0.000932137
0.014239,0.00993048,0.00819086,0.00903,0.00109755,0.00102904
0.013683,0.00927177,0.00715483,0.00963239,0.00248549,0.00214142
0.00537252,0.00408358,0.00240678,-0.00170243,0.000672815,0.00186064
0.0286307,0.015609,0.0151578,0.0202528,0.00303933,0.0032417
0.0107532,0.00729739,0.00544886,0.00325088,-9.53862e-05,-0.000574931
0.00563284,0.00412,0.00235737,0.0180794,0.00606568,0.0140427
0.00523601,0.00402624,0.00298629,0.00190464,0.000785548,-0.000866813
0.00871534,0.00558153,0.0061749,0.00326217,0.000379002,0.000480847
0.0220137,0.0146903,0.0117531,0.0162095,0.00305631,0.00167375
0.00498571,0.0031476,0.00248238,0.00326904,0.000481744,0.00105732
0.0127796,0.00880672,0.00336396,0.0102264,0.00105076,5.62271e-05
0.0053752,0.00396904,0.00413672,0.00246924,0.000383011,0.0012741
0.00767043,0.00528732,0.00369214,0.00639275,0.0022415,0.000301467
0.00684616,0.00377015,0.00406793,0.00503744,0.00094254,0.000774435
0.010931,0.00720482,0.00435088,0.00722079,0.00120652,0.000569409
0.0057479,0.00424036,0.00239031,0.00105416,-0.000215094,0.000696111
0.00849979,0.00555275,0.00325555,0.00660158,0.000868941,0.000576868
0.00701305,0.00490318,0.00355474,-0.000421138,0.00111915,0.0001509
0.00870489,0.00610792,0.00338645,0.00368381,0.00109801,0.000453139
0.0124293,0.00814291,0.00549104,0.00596933,0.000969941,0.000386044
0.00984143,0.00674778,0.001989,0.00286662,-8.77418e-05,0.000262403
0.010849,0.00745161,0.00373623,0.00628239,0.00123779,0.000420089
0.00440638,0.00345121,0.00255857,0.00783095,0.000704756,0.000935538
0.0197875,0.0108935,0.00740738,0.00277808,0.00106684,0.000924291
0.0130227,0.00838295,0.00560868,0.00657745,0.00107793,0.00116089
0.00824319,0.0033631,0.00329431,0.0047555,-4.68104e-05,-0.000676268
0.0107488,0.00774209,0.00601855,0.00325167,0.000614116,0.000756194
0.0196641,0.00815546,0.00714222,0.0112604,0.00412646,0.00714845
0.0187607,0.00810224,0.00690327,0.0109495,0.00389953,0.00716355
0.00789924,0.00566408,0.00288285,0.00148136,-0.000435278,-0.000351964
0.0375096,0.0136955,0.014425,0.0246374,0.00419623,0.00288992
0.00667524,0.00467694,0.00294411,0.00800764,0.00302117,0.0120484
0.0340174,0.0158715,0.0234125,0.0299207,0.00764301,0.00406514
0.0121324,0.00858783,0.00851298,0.0104171,0.00109097,0.000975668
0.0127149,0.00903563,0.00416422,0.005043,0.000276079,0.00243811
0.0278455,0.0128381,0.00929228,0.00963889,0.00203426,0.00122755
0.0285985,0.0128791,0.00950175,0.00993834,0.00260038,0.00124858
0.0275887,0.0133371,0.0149423,0.0190058,0.0047738,7.63652e-05
0.0233858,0.0133008,0.0134898,0.0185063,0.00280939,0.000419068
0.0105034,0.00547443,0.00584393,0.00122111,0.00172235,-0.000745842
0.00442715,0.00314562,0.00243645,-0.00230564,2.33167e-05,0.000997839
0.0119792,0.0087129,0.00424948,0.00191396,0.0015196,-0.000442172
0.00418919,0.00312804,0.00150892,0.00577726,0.000697975,0.000412064
0.0105169,0.00684482,0.00587621,0.0085901,0.00159452,0.00230946
0.00943554,0.00464052,0.0054744,0.00611393,0.00151109,0.00202576
0.0103868,0.00620844,0.00603463,0.00312645,0.00110924,0.001527
0.0262092,0.0173805,0.0108454,0.017348,0.00411268,0.00516429
0.0246359,0.0162992,0.0127072,0.0169282,0.00374707,0.00168741
0.0167894,0.0116411,0.00755378,0.00581217,0.00148177,-0.000537134
0.0143018,0.0101336,0.00411014,0.0167498,0.00234685,0.00350633
0.00924771,0.00663574,0.00396604,0.00772583,0.000820718,-0.00040811
0.0087319,0.00629186,0.00343714,0.00557864,0.00079208,0.000962767
0.0202351,0.0104262,0.00527636,0.0159231,0.00314114,0.00705267
0.02259,0.0104504,0.00732258,0.0183237,0.00316622,0.00700044
0.00966057,0.00388103,0.00412661,0.00485162,0.00088777,0.00194304
0.0127911,0.00925045,0.00509675,0.00594273,0.00264917,0.00223872
0.0122635,0.00592729,0.00553035,0.00470043,0.00071279,0.000240446
0.0120411,0.00573655,0.00530628,0.00755146,0.00129774,0.00058191
0.0265792,0.014926,0.0101707,0.0208895,0.00559092,0.00675882
0.0232174,0.010694,0.0086296,0.015836,0.00401394,0.00463557
0.00452974,0.0033396,0.00231977,0.00265792,-0.000582105,-0.000529161
0.00853357,0.00610093,0.0027267,-0.00263394,0.000577024,0.000484935
0.0154923,0.0106305,0.00456352,0.00793781,0.00115235,0.000821963
0.00667866,0.00452974,0.00321613,-0.00125255,-6.67561e-05,0.000643388
0.00801453,0.00575408,0.00451433,0.00403927,0.000309945,0.000832363
0.0212102,0.00909515,0.0141206,0.0140626,0.00357416,0.000706779
0.0211821,0.00912584,0.0142458,0.0177103,0.00339895,0.00158102
0.00561983,0.00423658,0.00195069,0.00181589,-0.000438291,-0.000162408
0.00732307,0.00529842,0.00612063,0.00864967,0.00148021,-0.000463436
0.0181613,0.0120475,0.0123463,0.0173924,0.00302435,0.000191705
0.00808037,0.00552252,0.00217138,0.00692778,0.000800197,0.000414197
0.0183547,0.0124206,0.00516812,0.010478,0.00243494,0.00186769
0.0107506,0.00616265,0.00509923,0.00691547,0.000656757,0.000854817
0.0111383,0.0065547,0.00401017,0.002767,0.00114019,0.000694713
0.0100704,0.00679928,0.00472396,0.00547839,0.00116515,3.41733e-05
0.00482832,0.00353664,0.00451709,0.00484766,0.00020369,0.00150006
0.011324,0.00815773,0.00493985,0.0112112,0.00123427,0.000699729
0.00766769,0.00566991,0.0025158,0.00538252,0.000690208,0.00164518
0.00674255,0.00453345,0.00602273,0.00501495,0.0010063,0.00234172
0.018811,0.00883185,0.00827853,0.00809392,0.00130875,0.000975672
0.0228359,0.0152672,0.00781768,0.00845121,0.00152894,0.000639395
0.012159,0.00586055,0.00441933,0.00494089,0.00146019,0.00114742
0.0103531,0.0068801,0.00293007,0.00971901,0.000903617,0.000698985
0.0115609,0.00760525,0.0105408,0.0339912,0.0118467,0.0245145
0.0134836,0.00750875,0.00728227,0.00807246,0.00171754,0.00164858
0.00938885,0.00415757,0.00509438,0.00567719,0.00069631,0.000662843
0.00689038,0.00490015,0.00321182,0.00541099,0.000482556,-0.000203862
0.00408957,0.00312471,0.00316118,0.00177478,0.000195754,0.00202234
0.0154302,0.00922745,0.00989679,0.0183084,0.00318243,0.00347712
0.0250171,0.0148087,0.0075692,0.0114493,0.00219523,0.00114247
0.0148546,0.00606869,0.00517753,0.00539172,0.0011247,0.000277122
0.00673896,0.00401454,0.00499761,0.00381795,0.00129241,0.00135924
0.00538786,0.00308719,0.00286588,0.000131064,0.000719648,0.000749257
0.00739469,0.00539586,0.00295885,0.00422342,0.000283771,0.000109995
0.0280889,0.0187582,0.0155371,0.0220287,0.00690489,0.0131451
0.0164239,0.0111239,0.00525114,0.00300937,0.00139032,0.0016274
0.0051603,0.00356418,0.00287894,-0.00107885,-0.000943226,0.00195947
0.00657082,0.00482512,0.00409401,0.00460547,0.00041222,0.000729405
0.00994271,0.0047736,0.00566976,0.00453083,0.00162245,0.00176196
0.012657,0.00745144,0.00525337,0.00347726,0.000632633,9.08281e-06
0.0092613,0.00468708,0.00395478,0.00300159,0.000312443,-0.000436343
0.00463296,0.00341602,0.00195532,0.0217056,0.00879829,0.0256916
0.00679002,0.0050821,0.00283919,0.000676233,-0.000116091,0.00189732
0.0279159,0.014453,0.0139225,0.0180906,0.00504227,0.00249284
0.0265833,0.0144094,0.0129317,0.0177747,0.00400606,0.000871321
0.00725696,0.00505295,0.00239222,0.00107934,-1.6291e-05,-0.000988054
0.00997426,0.00692744,0.00298215,0.00328012,-0.00014467,-0.00102242
0.031596,0.0128417,0.0177958,0.0218622,0.00530822,0.00394721
0.0334003,0.0139764,0.0175595,0.0229531,0.00364934,0.00181888
0.00635253,0.00470015,0.00274318,0.00464096,0.000461413,0.000534017
0.0107045,0.0079136,0.00355539,0.00303954,0.000962859,0.000491775
0.010371,0.00726292,0.00415085,0.00172649,0.000469739,0.00265759
0.010119,0.0072841,0.00536872,0.00561644,0.000242889,0.000736231
0.0187495,0.00958196,0.00542043,0.0142862,0.00491519,0.00670294
0.012371,0.00933141,0.00405061,0.00801869,0.000987964,-0.000295665
0.0137413,0.00946359,0.00489193,0.0107141,0.00127439,0.00252082
0.00984156,0.00386924,0.00502287,0.00353081,0.000624479,0.000494333
0.0105432,0.00473662,0.00536075,0.00166251,0.000341191,0.000687531
0.00827814,0.00401437,0.00462314,0.00837549,0.00124632,3.13886e-05
0.0174943,0.0116916,0.00697597,0.00515496,0.00123838,6.77743e-05
0.00783663,0.00577466,0.00335558,0.0054416,0,0.000972843
0.010867,0.00739896,0.00363393,0.00472646,0.000725717,0.000465707
0.00743725,0.00554102,0.00304309,0.00384747,0.00139709,0.000638355
0.00400797,0.00299215,0.00188142,0.0053337,0.000436285,-0.00172449
0.0249094,0.0115982,0.0114469,0.0133191,0.00272767,0.00175749
0.0206214,0.00952172,0.0154278,0.019433,0.00252989,0.00152713
0.0219832,0.0108568,0.0136213,0.0131979,0.00188597,0.00084969
0.00641593,0.00462475,0.00292999,0.00466684,0.000494922,-0.000328819
0.00965118,0.00640851,0.00548755,0.00679548,0.00127805,0.000111832
0.015998,0.0104029,0.00817352,0.00969321,0.00235167,0.000914377
0.00455186,0.00336607,0.00230543,0.00131743,0.000462095,0.00132892
0.00885804,0.00639386,0.00450462,0.00130507,0.00145021,0.00133711
0.0112127,0.00780943,0.00339884,0.00670136,0.00145705,-0.000215844
0.0120783,0.00870881,0.00447533,0.00508771,0.000704762,0.00237657
0.00628408,0.00436024,0.0023119,0.00659325,0.00229542,0.00281356
0.0124003,0.00854115,0.00522868,0.0125142,0.00309208,0.00768625
0.0376699,0.0193537,0.0111643,0.0197148,0.00549176,0.0144255
0.00762689,0.00536222,0.00351341,0.00333269,0.00107239,0.000416734
0.0153548,0.00986836,0.00672141,0.0110049,0.00154767,0.000894108
0.00880997,0.00453391,0.00450106,0.0043334,0.000410147,-0.000122728
0.0125137,0.00924339,0.0071898,0.00644693,0.00119862,-0.000410842
0.0162226,0.00832332,0.00685938,0.00615425,0.00484512,0.0093544
0.0180516,0.00884676,0.00633511,0.00328209,0.00322983,0.00557164
0.0196047,0.00979689,0.00967844,0.0149206,0.00210549,0.000656279
0.0201827,0.00988941,0.00976803,0.0159689,0.00239311,0.000958386
0.020565,0.0139042,0.00800194,0.0101867,0.00189712,-0.000353861
0.0170796,0.00895922,0.00981528,0.0138074,0.00167353,0.0015227
0.00452336,0.00318882,0.00150124,-0.000945877,-0.000316724,0.00109709
0.0154799,0.0110599,0.0035279,0.00641608,0.00100081,-0.00121876
0.00729003,0.00527743,0.00456087,0.00473449,0.000811794,0.000773461
0.00530909,0.00374213,0.00281594,0.00135275,0.000248168,0.00163776
0.00558205,0.00390274,0.00297365,0.000897433,0.000388184,0.000822638
0.0046386,0.00328987,0.00281433,-0.000969332,0.000591949,0.000353338
0.00727376,0.00420043,0.00292499,0.00466868,-0.000201672,0.00129811
0.00503663,0.00359199,0.00432673,0.00503898,0.00133722,0.00210797
0.0131692,0.00886595,0.00806757,0.00487898,0.0013127,0.000645594
0.006878,0.00466911,0.00324807,0.00140892,9.70683e-05,-0.000313372
0.0158399,0.00664452,0.0127607,0.0138309,0.00443401,-5.97965e-05
0.0173734,0.00737761,0.0143853,0.0146997,0.00315637,0.000597864
0.0131725,0.00935997,0.00549192,0.00240769,0.001373,0.00146188
0.0107567,0.00784494,0.00433593,0.00300816,0.00203303,0.000630909
0.0147014,0.00804868,0.00582276,0.00700643,0.0014622,-0.00024065
0.0091764,0.00624732,0.0063634,0.00907899,0.000977742,0.00168465
0.00822196,0.00577711,0.00237887,0.00633196,0.00104451,0.000845769
0.0121256,0.00557445,0.00492053,0.0027427,0.00139899,0.000656685
0.0114296,0.00557991,0.0049915,0.00232918,0.000990566,0.000211032
0.0107375,0.00543916,0.00610558,0.00444408,0.00165406,0.00231706
0.0104862,0.00531136,0.00589917,0.00396776,0.00145397,0.000852535
0.00544,0.00417441,0.00281994,0.00359205,-0.000571176,-0.000518112
0.0104179,0.00599474,0.00530732,0.00371143,0.000935836,8.20551e-05
0.00621998,0.00345811,0.00416138,0.00404108,0.000236272,-0.00064641
0.0143065,0.0100943,0.00387501,0.00909554,0.00200703,0.0017329
0.0141615,0.00985039,0.00823111,0.00990221,0.00162088,0.00078222
0.00778601,0.00352602,0.00354725,0.00226166,0.00171991,0.00169684
0.0183849,0.010156,0.00507364,0.0102204,0.00287754,0.00163526
0.0282916,0.0101886,0.0125645,0.00977122,0.0019129,0.00191287
0.0192322,0.0141235,0.00721879,0.0182618,0.00393862,0.00163841
0.0226379,0.0142057,0.00742623,0.0195404,0.00394609,0.000673449
0.0101631,0.00632403,0.00470137,0.00523668,0.000712225,0.000339443
0.0167339,0.0114943,0.00614425,0.00601237,0.000768665,0.00113007
0.0102179,0.00566218,0.00326497,0.0106636,0.000824096,3.5583e-05
0.00427978,0.00335911,0.0018547,0.000447621,0.00106326,0.000767202
0.00845909,0.00598969,0.00381767,0.0038876,0.0016951,0.000595694
0.0118014,0.00830497,0.0035323,0.00886062,0.000618725,-7.16664e-06
0.00432269,0.00327763,0.00287744,-0.000323602,-0.000449286,0.000462211
0.00465706,0.003593,0.00241462,-0.000727895,-0.000498117,0.000679627
0.0206824,0.0145098,0.00664837,0.0108127,0.00179672,0.00241823
0.0149794,0.010766,0.00881601,0.00422748,0.00225263,-5.91936e-05
0.0106216,0.00739259,0.00477297,0.00286024,0.000476377,0.00146674
0.00889118,0.00644623,0.00203066,0.000826205,0.000469318,-0.000274134
0.0151909,0.00625387,0.00885399,0.0108267,0.00111871,0.00117639
0.015408,0.00624292,0.00884712,0.00739714,0.00173069,0.00109523
0.00465343,0.00307564,0.00160656,0.000961516,0.00145871,0.000262969
0.0109444,0.00788706,0.00467527,0.00073818,0.00042125,0.00061947
0.00710183,0.00478106,0.00421441,0.00320346,0.00155834,-4.01952e-05
0.00987948,0.00687119,0.00380692,0.00424186,0.000395343,0.00173239
0.0146823,0.0100572,0.00451823,0.00616038,0.00170914,0.000500786
0.0209451,0.0136302,0.00854774,0.0123305,0.00165553,0.00138563
0.00396651,0.00308854,0.00386113,0.00467326,0.000832003,0.000593014
0.0145143,0.00919435,0.00525579,0.00594959,0.00291542,0.00177499
0.0114377,0.00628197,0.00494515,0.00160001,0.00179362,-0.000544567
0.0173747,0.0109388,0.00903707,0.0118696,0.00312563,0.00100464
0.0275449,0.018247,0.0100139,0.010828,0.00220737,0.0020448
0.00723769,0.00522717,0.0035507,0.00301235,0.000597827,0.000285222
0.0152314,0.00676704,0.00800362,0.012242,0.00260072,0.000496599
0.0145635,0.00700912,0.0075271,0.00719712,0.00174851,3.21162e-05
0.0107865,0.0073912,0.00399601,0.00359776,0.000836921,0.00149706
0.00751877,0.00523093,0.00519945,-0.000317678,-0.000454254,-0.000100701
0.0116753,0.00803702,0.00593138,0.00744708,-0.000400798,0.001558
0.0153617,0.0109892,0.00486191,0.0114817,0.00163777,0.000407547
0.0114778,0.00810592,0.00618285,0.00465691,0.00142772,0.00112951
0.0101869,0.0049481,0.00477831,-0.00102381,-0.000160742,-2.28911e-05
0.0190519,0.0131732,0.00982615,0.0121207,0.00158431,0.00147402
0.00535235,0.003938,0.00308716,0.00157367,0.00031489,0.00148586
0.00543276,0.00398096,0.00325165,0.00302082,0.00037232,0.000344179
0.0111687,0.00566135,0.00534494,0.00775749,0.00134423,0.00253252
0.0117142,0.00557852,0.00503154,0.00741533,0.000986256,0.00148269
0.0125027,0.00846203,0.00308127,0.00260765,0.00120701,0.000681544
0.00765348,0.00523413,0.00317838,0.00176392,0.000490759,0.000654327
0.00504394,0.00378595,0.00492986,0.00317885,0.000200087,0.00131394
0.020777,0.0138774,0.0134552,0.0123387,0.00361971,0.00194975
0.00936928,0.00657423,0.00220507,0.011113,0.00130374,0.000494043
0.00759367,0.00500287,0.00579362,0.00591661,0.00137968,0.00111517
0.0153276,0.0107248,0.00431999,0.00669178,0.00140311,-0.000794794
0.00499236,0.0037298,0.00229228,0.00234953,0.000208682,0.00143973
0.013515,0.00995828,0.00478487,0.00590408,0.00112705,0.000622576
0.00708449,0.00517734,0.00229513,0.00625136,-0.000198718,0.000738978
0.0118562,0.00823222,0.00564462,0.00296082,0.000237437,0.000389315
0.0114891,0.00813679,0.00310034,0.00279859,0.00210724,0.000610128
0.0114699,0.00842774,0.0108747,0.00917077,0.00178633,0.00128792
0.00657397,0.00442184,0.00279684,0.00808469,0.000848998,0.00109982
0.00927468,0.00665671,0.00399212,0.00503568,0.00131618,-4.37571e-05
0.0230599,0.0115614,0.0100789,0.00733277,0.00372748,0.000456231
0.0219609,0.0115687,0.00969325,0.00366208,0.00386205,-0.000400551
0.00856505,0.00628509,0.00273734,0.002061,0.000562703,0.000990174
0.00914067,0.00639165,0.00613032,0.0109883,0.000644935,0.00219189
0.00569785,0.00395566,0.00223811,0.000485181,0.00143922,0.000530922
0.0154478,0.00641669,0.00644429,0.0100595,0.00175149,0.00149461
0.00749932,0.00315543,0.00323626,0.0201252,0.00723851,0.0193983
0.0413771,0.012596,0.0173274,0.0270747,0.00448461,0.00456167
0.00747344,0.00565326,0.00419341,0.00527896,0.00428483,0.00652079
0.00990974,0.00685543,0.00427815,0.00688432,0.00199721,0.0023647
0.0054342,0.00410703,0.00301291,0.00710675,0.00113791,0.00184059
0.0124654,0.00822361,0.00559738,0.00241121,0.00136057,3.4751e-05
0.0145821,0.00949502,0.00779206,0.0197309,0.0064775,0.011732
0.0201152,0.0125536,0.0100719,0.0118209,0.00369751,0.00357507
0.0228852,0.0127173,0.010876,0.011035,0.00228683,0.00346656
0.00569931,0.00399948,0.00165777,0.00410768,0.000228232,2.01544e-05
0.0105847,0.00730232,0.00458259,0.00658471,0.000910145,0.00172148
0.00874137,0.00554693,0.0041162,0.0077421,0.00260159,0.00472874
0.0118305,0.00521617,0.00538224,0.0181193,0.00590765,0.0123114
0.011464,0.00535409,0.00510178,0.016148,0.00440059,0.0120973
0.0061307,0.00424626,0.00426567,0.0141046,0.00224488,0.000501064
0.0118754,0.00814399,0.00378938,0.00239908,0.00192068,-5.16973e-05
0.0145512,0.010113,0.0092711,0.0123078,0.00170739,0.000892459
0.0237534,0.0156451,0.0117354,0.0136422,0.00240562,0.000992673
0.00424637,0.00302726,0.00259886,0.00170127,-0.000922583,0.0011411
0.012798,0.0090015,0.00682934,0.00996683,0.00204425,0.00252133
0.0044522,0.00316006,0.00271447,0.00261052,0.000562521,-0.000447645
0.00940933,0.00678638,0.00327962,0.0018864,0.00089828,0.000554671
0.0187069,0.011303,0.00856569,0.00432315,0.00128591,0.00119345
0.0165685,0.00604777,0.00545061,0.0334388,0.0135965,0.035399
0.0161606,0.00614584,0.00527544,0.0327041,0.013282,0.0347287
0.00465342,0.00327334,0.00261551,0.00670474,0.00017504,0.00119011
0.00427336,0.00323392,0.0040376,0.00761554,0.00116928,8.12866e-05
0.0181693,0.0111112,0.00966144,0.0122887,0.00227457,0.00179914
0.0167271,0.0109824,0.00857104,0.00785545,0.00206406,0.000571832
0.0245232,0.0123352,0.00963812,0.0091817,0.00285407,0.00237256
0.0227475,0.00944892,0.00741431,0.0127494,0.00244206,0.00262911
0.0258338,0.0124052,0.00929467,0.0152303,0.00123027,0.00204151
0.027517,0.010124,0.00980902,0.0139146,0.000698881,0.00188115
0.0197197,0.0105635,0.00977861,0.0171658,0.00301749,0.00333126
0.0157237,0.0105417,0.0120231,0.0160537,0.00309731,0.00191565
0.00779313,0.00512871,0.00456584,0.00349775,0.000311285,-0.000745541
0.0102945,0.00688295,0.00480202,-0.00209402,0.00190042,0.00100572
0.0144647,0.00564527,0.00900497,0.0161936,0.00299825,0.000572975
0.0207329,0.0103882,0.0126297,0.0209647,0.0037256,0.00177196
0.02132,0.0103235,0.00859368,0.0142742,0.00333274,0.00838089
0.011288,0.00787492,0.00428134,0.000742121,0.000344292,0.000365626
0.00847346,0.00576816,0.0109638,0.0146384,0.00314523,0.00161872
0.0127266,0.00873504,0.00553215,0.00708067,0.0020619,0.00274214
0.00556051,0.00430459,0.00323017,0.00395519,0.00121712,-1.07209e-05
0.0106144,0.00722202,0.00362722,0.0111207,0.00158481,-0.000933762
0.0183215,0.0102482,0.00893585,0.00653669,0.00272569,0.00267844
0.0196927,0.010341,0.00902468,0.00631166,0.0019668,0.00160216
0.0136576,0.00827839,0.00773689,0.00812614,0.000652164,0.00115376
0.0111462,0.00620072,0.00612341,0.00959691,0.000797098,0.000852392
0.0047061,0.0033353,0.00306372,-0.00476947,-2.07005e-05,0.00175692
0.00782594,0.00588984,0.00270287,0.00415054,0.00101835,0.00015255
0.0130601,0.00903179,0.00751825,0.00517895,0.00135298,0.00154527
0.02323,0.00932358,0.00932783,0.0149618,0.00270238,0.00319096
0.0232434,0.00935276,0.00908755,0.0115301,0.00277515,0.00308725
0.0148162,0.00886341,0.00558032,0.0114233,0.00210658,0.00115928
0.0143412,0.00820162,0.00643057,0.0031929,0.000585447,0.000976939
0.00642896,0.00461976,0.00376218,0.0054433,0.000583736,-0.000532532
0.00707986,0.00504779,0.00442908,0.00668384,0.00196564,0.00382238
0.0161061,0.0105156,0.00530465,0.00924317,0.00118197,0.000834689
0.00756515,0.00543715,0.00462934,0.00452827,0.00201829,0.000136097
0.0194313,0.00893828,0.010373,0.00935625,0.00421471,0.000531092
0.0244198,0.0112094,0.0111694,0.00927589,0.0032485,-0.000434892
0.0109184,0.00793687,0.00312073,0.00432727,0.00121985,0.000782698
0.0121012,0.00822111,0.00540445,0.00585706,0.00137179,0.000918732
0.00757428,0.00528136,0.0027054,0.00469733,0.00131212,0.00191072
0.00639985,0.00482911,0.00219041,0.0343773,0.0131877,0.0397468
0.0151307,0.0102586,0.00701333,0.00709261,0.0013821,0.00120722
0.00462159,0.0032818,0.00292774,0.00311376,0.000674018,-0.000392866
0.00460549,0.00328372,0.00293353,0.00145981,-0.000458307,0.000217075
0.00988797,0.00682531,0.00296434,0.000783395,-0.000380398,-0.0011164
0.0151183,0.0102003,0.00900488,0.0100993,0.00279936,0.0015171
0.00780836,0.00563773,0.00370941,0.00495596,0.000284872,0.000433718
0.00634781,0.00435791,0.00289084,0.00443186,0.000141649,0.000402964
0.0208585,0.0115017,0.00611965,0.0102107,0.00199753,0.00121086
0.0153312,0.00728013,0.00378376,0.00875703,0.00142402,0.000288304
0.019613,0.00795212,0.00959088,0.00969957,0.00199435,0.000675573
0.0302292,0.00907968,0.0163157,0.0209625,0.0052392,0.00181424
0.0312694,0.0153687,0.0115544,0.0193573,0.00403942,0.0022717
0.0198465,0.00910061,0.00677616,0.0113139,0.00170377,0.000739556
0.00685182,0.00460705,0.00343122,0.00534809,0.00135652,-9.97793e-06
0.0198445,0.0133608,0.00834466,0.00688603,0.00195712,0.00095471
0.0242877,0.0119388,0.0178387,0.0195781,0.00317866,0.00120738
0.00759619,0.00395137,0.0060264,0.00390465,0.000287141,-2.04997e-05
0.00785777,0.0038619,0.00605486,-0.00123871,0.000556819,0.000618269
0.00549201,0.00372762,0.00266519,-0.00154749,0.000332964,0.000200503
0.00437392,0.00328663,0.00316624,0.0283874,0.00987376,0.0142212
0.00748592,0.00536884,0.00340198,0.000655255,0.000936726,0.00107523
0.0222479,0.0115733,0.016294,0.0220901,0.00740662,0.0149158
0.0314553,0.0109291,0.0132597,0.0122436,0.00277294,-0.000514841
0.00498154,0.00354128,0.00438157,0.0106607,0.00390582,0.00780314
0.00458251,0.00347244,0.00220402,0.00502669,0.000673443,-0.00114564
0.0088041,0.00628298,0.00833552,0.00643703,0.00126487,0.000259701
0.0133175,0.00905549,0.0054489,0.00314153,0.000677457,0.000356567
0.0118793,0.00799707,0.00584422,0.00812977,0.00231188,-0.000134473
0.00525515,0.00372967,0.00279156,0.00255362,6.06615e-05,0.000235279
0.00592687,0.00437172,0.00161875,0.00598695,0.0006822,-0.000217746
0.0109423,0.00745947,0.00405672,0.0138013,0.00440334,0.00982445
0.0123797,0.00863625,0.00655517,0.00399647,0.000949745,-0.00043093
0.00696944,0.00466011,0.00358097,-5.42986e-06,0.000229396,-0.000226046
0.00809222,0.00576624,0.00300109,0.00331631,0.00127155,0.000372812
0.011329,0.00788404,0.0039571,0.00219356,0.00190007,-0.000401503
0.0143273,0.00527333,0.00678527,0.00921902,0.00148109,0.00124704
0.00519466,0.00413759,0.00363787,0.00102487,0.000708769,-0.00088152
0.0215549,0.0110223,0.00721661,0.0108804,0.00207296,0.00129798
0.0176584,0.0123886,0.00740359,0.00675413,0.00142755,0.00144831
0.00466445,0.00343862,0.00305331,0.00327997,0.00165186,0.000349618
0.0155754,0.0106844,0.0134657,0.0188132,0.00268421,0.000874995
0.035742,0.0151142,0.0201686,0.0206368,0.00467931,0.00190054
0.0124214,0.00883919,0.00345176,0.00341019,0.00106931,-0.00073754
0.0131872,0.00896241,0.00556843,0.00462669,0.000669802,0.000377449
0.0342703,0.0222464,0.0143439,0.0194751,0.00424374,0.00387958
0.0094339,0.00665921,0.00429005,0.00488747,0.0012463,0.00106401
0.00597799,0.00379836,0.00323546,0.00334477,0.000432737,-0.000574157
0.00693252,0.00508417,0.00373245,0.00600785,0.000799525,0.000210708
0.0064834,0.00447572,0.00192021,-0.00206745,0.000759051,0.00206368
0.0109701,0.00437983,0.0119474,0.0153472,0.00315381,0.00314344
0.0115212,0.0051727,0.0126158,0.0140649,0.00169753,0.00278946
0.00828846,0.00623342,0.013442,0.017204,0.00568453,0.0131339
0.0241308,0.0164852,0.00853198,0.00670307,0.00231874,0.00276436
0.00920626,0.00610762,0.00217156,0.00500572,0.00161908,0.000269507
0.0123594,0.00863319,0.00366878,0.00311014,0.00111889,0.00151948
0.00576723,0.00396507,0.00481537,0.00441404,0.000476168,-0.000418962
0.0115084,0.00837777,0.00524161,0.0100941,0.00486312,0.0128747
0.0496723,0.03202,0.0216485,0.0278839,0.00797248,0.0026004
0.0112034,0.0079153,0.00503101,0.00581985,0.000921683,0.00169621
0.0194498,0.0107964,0.00928723,0.00637919,0.00234155,0.00111646
0.0416845,0.0184877,0.0120221,0.0191382,0.0041557,0.00227158
0.0228003,0.0122146,0.0150084,0.0160749,0.00302386,0.0033877
0.0128171,0.00814394,0.005126,0.00578347,0.00148952,0.000564411
0.00723299,0.00507901,0.00489965,0.00973344,0.00113161,0.00146837
0.00968976,0.00699646,0.00463062,0.00665189,0.000944777,0.000263649
0.0162478,0.0113835,0.00606037,0.00716474,0.00115408,0.000811374
0.00567083,0.00396406,0.00282447,0.00118675,0.000651903,0.00045451
0.00867839,0.0061013,0.00336953,0.00844047,0.00107105,0.00229526
0.00694031,0.00474577,0.00226664,0.000225951,-0.000220718,-0.000127422
0.0263107,0.0110735,0.00954283,0.0128904,0.00436694,0.0012235
0.0261509,0.0110596,0.00929963,0.0174931,0.0034077,0.000361555
0.0106591,0.00725517,0.00637796,0.00669911,0.00214953,0.00335771
0.00950787,0.00670625,0.00823546,0.0120276,0.0023606,0.000920269
0.00864541,0.00537603,0.00462436,0.00175581,0.000524136,-0.00152464
0.0236321,0.0123882,0.0128288,0.0623038,0.0217805,0.0575895
0.00911564,0.00647357,0.00205479,0.00412078,0.000223606,0.00204977
0.0183007,0.00693662,0.00952787,0.0108904,0.000613179,0.000945211
0.0065877,0.00486169,0.00361846,0.00371622,0.000415207,0.000236846
0.00932985,0.00650721,0.00282605,0.00335659,0.00097208,-0.00100362
0.00537391,0.00402679,0.00182887,-0.000741345,-1.30036e-05,-0.000404923
0.00854187,0.00474358,0.00340513,0.00449098,0.00123574,0.00215304
0.0199799,0.00812072,0.00918553,0.0064886,0.00160887,0.00151305
0.0186984,0.00804087,0.00894914,0.00691859,0.00114861,0.0010463
0.0115671,0.00832113,0.00492946,0.00581171,0.000456876,0.000703853
0.0064549,0.00452868,0.0024856,0.00318207,-2.31762e-06,0.000464508
0.0183635,0.00895931,0.00984077,0.0134414,0.00197108,7.28195e-05
0.00453041,0.00357391,0.00208295,0.000924074,0.000577573,0.000488038
0.011718,0.00788036,0.00317496,0.00276225,0.00100055,-0.000657563
0.00553114,0.00409178,0.00287101,0.00292914,0.0010122,-0.000646266
0.0134964,0.00844176,0.00806578,0.00398953,0.00193458,0.000616966
0.0135305,0.00692047,0.00770972,0.00399954,0.0013529,0.000281776
0.0109533,0.00760451,0.00382923,0.00401209,0.000224465,-0.000323961
0.00658701,0.00407624,0.00407121,0.00565544,0.000964744,0.000231579
0.00448153,0.00353124,0.00202913,9.04796e-06,0.00035336,-0.000633157
0.00488585,0.00393569,0.00244822,0.0021358,0.00123769,0.00133687
0.0102795,0.00748325,0.00603978,0.000967707,0.000995632,-0.000318815
0.0139749,0.00983784,0.00539921,-0.000805054,0.00222832,0.00102392
0.0125641,0.00889792,0.00252998,0.0068342,0.00191675,0.000648824
0.0110739,0.0074295,0.00488857,0.00782437,0.000984065,-0.000403246
0.00454463,0.0033631,0.00197253,0.000369321,-0.000114775,-0.000125656
0.0163699,0.00902561,0.00712713,0.0068668,0.00106649,0.00127427
0.0123655,0.00562869,0.0047622,0.00389308,-0.000146697,-0.00086842
0.0197417,0.0136156,0.00802543,0.00826653,0.00195664,0.000386965
0.0164829,0.00620491,0.011931,0.0105273,0.00411218,0.00269286
0.0194504,0.0111276,0.0175501,0.0144493,0.00433225,0.00314401
0.00664754,0.00465136,0.00354529,0.00565636,0.000871835,0.00120935
0.0167313,0.00885545,0.00983817,0.0208897,0.00716958,0.0118576
0.0204962,0.0105976,0.00930732,0.0311529,0.008362,0.0250819
0.00458604,0.00349329,0.00284321,1.74963e-05,0.000427147,0.00143963
0.0128176,0.00917508,0.00496652,0.0243689,0.00578785,0.016251
0.00963832,0.00660697,0.00481901,0.011643,0.000954828,0.0023743
0.00677552,0.00348293,0.00745664,0.0081023,0.00140524,0.00180043
0.00845626,0.0046311,0.0060066,0.00700317,0.0011241,0.00289463
0.00767419,0.0040994,0.0031755,0.0115525,0.00437989,0.00931501
0.0103418,0.00540029,0.00401488,0.0112986,0.00255887,0.00499972
0.0138843,0.00930633,0.00838861,0.00751901,0.00111325,0.00120593
0.0167635,0.0116393,0.00709529,0.0068533,0.00131301,0.000670209
0.0178556,0.00710797,0.00486326,0.00819761,0.00150678,0.000921217
0.0227438,0.00887415,0.00852354,0.00576206,0.0016139,0.00165072
0.0108805,0.00765006,0.0067011,0.00860446,0.000983097,0.000892549
0.0170461,0.0117151,0.00583045,0.00741827,0.00182758,0.000262263
0.00662238,0.0046062,0.00531607,0.00679154,0.00188734,0.000177721
0.00817804,0.00558803,0.00338575,0.00149378,0.000843693,0.0017742
0.00850905,0.00559918,0.00417085,0.00257925,0.0007612,-0.000817794
0.0083443,0.0056806,0.00614303,0.00432289,0.00118283,0.00202859
0.0113407,0.00796938,0.00738462,0.0101214,0.00217247,0.000815485
0.0175753,0.0117942,0.00705691,0.00856531,0.00161015,-0.000451294
0.010693,0.00738683,0.00453368,0.00488846,0.00186369,0.000713006
0.0125368,0.00543216,0.00519909,0.00331555,0.0017106,0.00139807
0.0158327,0.00735688,0.00627594,0.0103534,0.00178357,0.000156217
0.00724106,0.00490995,0.00257321,0.00494573,-0.000969646,-0.000222374
0.0194846,0.0137184,0.00756261,0.00702544,0.00116372,0.00149949
0.0115134,0.00801975,0.00821012,0.00184493,0.00115883,0.000809363
0.0133494,0.00946182,0.00620735,0.000988288,0.000377565,0.00100035
0.00641302,0.00463818,0.00257277,0.00669488,0.00101581,0.000152954
0.0191199,0.0117301,0.0118366,0.0127765,0.00243871,0.000306833
0.0063282,0.00466543,0.00262977,0.00706721,0.000100108,-0.000117494
0.0086656,0.00626962,0.00635759,0.0158744,0.00411457,0.00764124
0.0117748,0.00859232,0.0092243,0.019758,0.00418101,0.000136668
0.00513773,0.00376775,0.00305691,0.000528144,-0.00090127,-0.000306892
0.0067294,0.00493093,0.00576103,0.0245683,0.0091519,0.0263725
0.0153498,0.0106672,0.00710976,0.00771933,0.000924456,0.00238237
0.0110408,0.00635602,0.00715081,0.0104623,0.0024387,0.000513736
0.019348,0.0129308,0.00719796,0.0164687,0.00432561,0.00911701
0.00885306,0.00639238,0.00491606,0.0106755,0.000958092,0.000951618
0.0452017,0.0293274,0.025546,0.0267646,0.00621386,0.00324121
0.0154965,0.0110403,0.00496853,0.00412579,0.000121502,0.00304119
0.0185587,0.0111539,0.0070633,0.0112214,0.00162691,0.00182823
0.0104905,0.00507059,0.00401,0.00300274,0.00186964,0.000183497
0.010288,0.00510264,0.00402961,0.00420179,0.00110782,-0.000182772
0.00765166,0.00505062,0.00337576,0.0010919,0.000132209,-0.000778465
0.00973618,0.00527984,0.00488961,0.00315731,0.00121104,-4.03753e-05
0.00938953,0.00432229,0.00415064,0.00206133,-0.000102839,-0.000138821
0.00986676,0.00694097,0.0110333,0.0171943,0.00299715,0.00171748
0.0081025,0.00506621,0.00359541,0.00643565,0.00152674,-7.67191e-05
0.00677118,0.00482352,0.00270848,0.00443094,0.00088844,5.35656e-05
0.022561,0.0139002,0.0109257,0.0107301,0.00211673,0.00120391
0.0106715,0.00699296,0.00436159,-0.00184907,0.00108522,0.00027627
0.00744525,0.0048418,0.00346691,0.000497197,-0.0011101,0.000281066
0.00770308,0.00534844,0.00235306,0.000304468,0.00095186,0.00102128
0.023015,0.0111582,0.017463,0.0147323,0.0024522,0.00364225
0.0165961,0.0118198,0.00508473,0.00626812,0.00168464,0.000162408
0.00599875,0.00405562,0.00266904,0.000584967,0.000541646,-5.9421e-06
0.00569857,0.00386328,0.00326868,0.00202627,0.000845438,0.00119385
0.0210918,0.0132128,0.0084874,0.0104471,0.00152157,0.00154997
0.0187686,0.0128961,0.0081831,0.0060613,0.00112904,0.0031507
0.0165036,0.0113596,0.0101877,0.00619465,0.000974231,-0.000312269
0.007874,0.00532302,0.00336893,0.00542507,0.000969141,-3.29334e-06
0.0266347,0.0173644,0.0119106,0.0126698,0.0028611,0.000731419
0.0136553,0.00943633,0.00468412,0.00812514,0.00091672,0.00179907
0.0125512,0.00820354,0.0046953,0.00500309,0.00170235,0.00155152
0.00521595,0.00353819,0.00269833,0.0059084,6.37117e-05,0.00131205
0.0144432,0.0101213,0.00493303,0.00452857,0.000244278,0.00103505
0.0100611,0.00618801,0.00379009,0.0031643,0.000859866,0.000789369
0.00946305,0.00619769,0.00373425,0.00708556,0.000348123,0.00161814
0.010773,0.00732595,0.00393565,0.00642857,0.000621731,0.000619091
0.0109693,0.00774541,0.00396096,0.000897614,0.000491863,-0.00142544
0.0066342,0.0039166,0.00346775,0.00246899,0.00102681,-0.000800295
0.0153249,0.0106318,0.00593398,0.00573655,0.000255177,0.00145165
0.00656019,0.00445394,0.0034314,0.000961754,0.000702252,-0.000951177
0.00709796,0.00527217,0.00300112,0.0036609,0.00014916,0.0007579
0.00857049,0.00640033,0.00365908,0.00099889,-0.000305865,-0.000443554
0.0200772,0.00995971,0.0136926,0.0148072,0.00313555,0.00373771
0.0313568,0.0103139,0.0165156,0.0158223,0.00236801,0.00315266
0.0237033,0.0102669,0.0102824,0.00882946,0.00123032,0.00155239
0.0111359,0.00765859,0.0074669,0.00742731,0.00102927,0.000499837
0.0140512,0.00997027,0.00996925,0.0132799,0.00283478,0.00130705
0.0139971,0.00970133,0.00499267,0.00293729,0.00149624,-0.000423716
0.00515004,0.00378562,0.00250027,0.00313441,0.000111608,0.000405919
0.0110768,0.0075639,0.0046808,0.00524177,0.00217312,-2.57239e-05
0.0132791,0.00936485,0.00793873,0.00658149,0.00129248,-0.000463558
0.0044088,0.00331447,0.00279251,0.00665835,0.000817015,0.000701704
0.0305848,0.0208456,0.012039,0.0162364,0.0023701,0.00119367
0.00518404,0.00314325,0.00287513,-0.00120919,0.00100348,-0.000335126
0.0190412,0.0127836,0.00851589,0.00809665,0.00273963,0.00109492
0.00589506,0.00405439,0.00204854,0.00273137,0.00153605,0.000138289
0.00827394,0.00572647,0.00343333,0.00190255,0.000178636,-0.000586712
0.00760351,0.00541378,0.00532427,0.0120436,0.00108676,0.00203056
0.00813383,0.00597269,0.00664855,0.00608222,7.85785e-05,-0.000477653
0.0187832,0.0130891,0.00647726,0.00812323,0.0016047,0.000125764
0.0134339,0.00737209,0.00584965,0.00614558,0.00018751,0.000744365
0.00409637,0.0033506,0.00275111,-0.00204768,0.000147383,0.00157194
0.0103087,0.00729803,0.00341898,0.00344669,0.000715613,0.000662686
0.0132231,0.00893714,0.00491916,0.00341306,0.000109099,0.000510724
0.009142,0.00623852,0.00598929,0.0200645,0.00694993,0.0174723
0.020525,0.0117626,0.0120374,0.00952578,0.00218457,0.00259405
0.00979419,0.00468395,0.00480748,0.0257743,0.00808995,0.0286627
0.00569017,0.00401648,0.0052934,0.000430945,0.000228291,0.00106369
0.0161438,0.0109644,0.00716584,0.00912223,0.00130491,0.00099576
0.0155742,0.0110104,0.00507413,0.0101332,0.00424216,0.00731571
0.0085443,0.00568555,0.0110993,0.00835039,0.00138538,4.07777e-05
0.00914452,0.00626721,0.00481162,0.00371501,0.000254611,9.58656e-05
0.0106947,0.00632254,0.00390328,0.000258557,0.000874471,0.0011389
0.00659841,0.00474111,0.00350577,0.000245575,-0.000691126,0.000355572
0.0042311,0.00307831,0.0021205,0.00248926,0.000958484,9.53118e-05
0.0153381,0.0109544,0.00618959,0.00316345,0.00181163,4.91385e-06
0.0293119,0.018663,0.00850877,0.0151424,0.00222413,0.00257896
0.00472223,0.00334472,0.00406457,0.00530453,0.000807409,0.00207502
0.0112448,0.00787475,0.00397756,0.00335168,0.00243159,0.00108394
0.0153214,0.00850772,0.00873092,0.0104819,0.00200755,0.00168304
0.0118205,0.00867273,0.0103443,0.00451029,0.00190074,0.00165229
0.00632656,0.00425664,0.00368598,0.00393182,0.000585906,-3.291e-05
0.0100967,0.00738719,0.00407847,-0.000554439,0.000691983,-0.000971183
0.0212803,0.0141822,0.0158338,0.0227532,0.00705069,0.0123806
0.0120332,0.00849659,0.00580054,0.00427617,0.00147759,-0.00113192
0.011926,0.00826602,0.00550299,0.00165128,5.96525e-05,0.000838758
0.00630011,0.00473952,0.00151781,0.00200563,0.000691015,0.000247245
0.00542167,0.00419328,0.00273536,0.000663007,-0.000186991,0.000189068
0.00870145,0.00432749,0.00439518,0.00239377,0.000107799,0.00166979
0.00781167,0.00440414,0.00424597,0.00278425,0.000583785,-1.87963e-05
0.00677857,0.00499982,0.00231732,0.00217808,0.000377786,-0.000211077
0.00765276,0.0054381,0.00288557,0.00662673,0.000518923,3.74898e-05
0.0104019,0.00765145,0.00392735,0.00136574,0.000669036,0.00079837
0.0168182,0.0113824,0.00324082,0.0107282,0.00384543,0.0069189
0.00737726,0.00380324,0.00330651,0.00701711,0.00194005,0.000559715
0.0117527,0.0073491,0.00416727,0.00492427,0.00165343,0.001034
0.00583434,0.00429199,0.00149644,0.000628727,0.000245171,-0.00119271
0.0132421,0.00898976,0.00515029,0.00980112,0.00129749,0.000269092
0.0425272,0.0286878,0.0180522,0.0173697,0.0057997,0.00265403
0.0205743,0.011833,0.00946839,0.0139496,0.00145198,0.00140597
0.010281,0.00567652,0.00436081,0.0083914,0.00120185,0.0028416
0.0125458,0.00927474,0.00473364,0.00290342,0.00143529,0.000307359
0.0114869,0.00602728,0.00500986,0.00137461,0.00106122,-0.000368603
0.0113893,0.00596957,0.00510524,-0.000187982,0.000932626,-0.000662279
0.00822301,0.00589926,0.00394006,0.00984254,0.00185336,0.000478283
0.0152386,0.0082402,0.00710262,0.00987856,0.000583002,0.000838946
0.0127159,0.00705885,0.00567543,0.00683314,0.000419916,-0.000259599
0.0136198,0.0061909,0.00650367,0.00586378,0.000870798,0.00103499
0.0100772,0.00726665,0.00397637,0.00627391,0.000812197,0.00126236
0.00407247,0.00320682,0.00179158,-0.00349402,-0.000501886,0.000469697
0.0107606,0.00732458,0.00480227,0.00469087,0.00145321,0.00109846
0.0153914,0.00681081,0.00838225,0.00379513,0.00283909,0.000295129
0.0159344,0.00694804,0.00867723,0.00291122,0.00198287,0.000636627
0.0065426,0.0029591,0.00491199,0.00655979,0.000613265,0.000356089
0.019239,0.00876876,0.00899637,0.00711398,0.00213878,0.000741956
0.0182411,0.00730352,0.00764985,0.00474119,0.00202415,0.00161976
0.0167024,0.0108492,0.0062581,0.00710558,0.00147008,0.00202674
0.0135429,0.00946857,0.00522663,0.00573887,0.000858669,0.00189319
0.0184994,0.0119386,0.00475016,0.00829386,0.00176785,-0.000180055
0.00837144,0.00391351,0.00294753,0.00510838,-1.80649e-05,-0.00101331
0.0114249,0.00735385,0.00415797,0.00432476,0.000317262,0.0010795
0.00840893,0.00630003,0.00921074,0.0149713,0.00209164,-5.18541e-05
0.00848175,0.0058914,0.00633179,0.00299299,0.00131223,0.000150181
0.00496834,0.00359603,0.00260594,0.00599237,0.00211907,-0.000307044
0.0136669,0.0094448,0.00792044,0.00557424,0.00128699,0.000595755
0.0128228,0.00520902,0.00480244,0.00898231,0.000879615,0.000740558
0.0148343,0.00760473,0.00543591,0.00878483,0.000159455,0.00255517
0.0128776,0.00883576,0.00667377,0.00531051,-6.66158e-05,-0.000497142
0.0154729,0.0106458,0.00611956,0.0131209,0.00276804,0.00153511
0.0106762,0.00555437,0.00335014,0.0101533,0.000207352,-0.000742871
0.00465114,0.00310831,0.00162575,0.00453338,0.00022337,0.000296465
0.0111491,0.0077762,0.00415347,0.00535064,0.000765315,0.0013073
0.00913843,0.00668003,0.00352162,0.00241636,0.000114764,0.00101203
0.00735884,0.00501599,0.0053015,0.00621518,0.00114644,0.00135975
0.0087228,0.00617509,0.00362379,0.00570025,-0.00035343,0.0015279
0.00708592,0.00516617,0.00275556,0.00208395,0.000704618,-0.000963984
0.0296932,0.0172044,0.0133661,0.0162774,0.00288792,0.00253006
0.0123571,0.00881337,0.00767397,0.0083959,0.000275936,-0.000429796
0.0162498,0.0109972,0.0137859,0.0167397,0.00182095,0.000205302
0.0134571,0.00865081,0.00476899,0.00946748,0.00279802,0.00137906
0.0126675,0.00935562,0.00420173,0.00896922,0.000999371,0.000577816
0.00662047,0.00498608,0.00373511,-0.00132882,0.000520101,0.00127094
0.00700979,0.00308721,0.00406889,0.0041203,0.000287745,-0.000746778
0.00767054,0.00297443,0.00432276,0.00584968,-9.34037e-05,-0.00033085
0.0114716,0.00802067,0.0088792,0.00621186,0.0014733,-0.000347135
0.0139154,0.00751435,0.00916554,0.00974222,0.0022791,0.000975902
0.0133579,0.00599565,0.00545944,0.000721747,0.00178367,6.06713e-05
0.0241647,0.013832,0.0113531,0.0129232,0.003688,0.0031659
0.00555324,0.00358003,0.00271577,0.00146305,0.000120912,0.00427713
0.0178546,0.0123236,0.0323006,0.0785071,0.0187085,0.0163151
0.00763182,0.00405118,0.00727086,0.00366007,0.000678475,0.00255402
0.00800376,0.00397475,0.00748954,0.00350841,0.000937044,0.00275806
0.019049,0.0122496,0.0126297,0.0167103,0.00259573,0.00159734
0.00959128,0.00491134,0.00571731,0.00798021,0.00174952,0.000175726
0.0106573,0.00692168,0.00492945,0.00274753,0.00135326,0.00189181
0.0203145,0.0106516,0.00812256,0.019458,0.00711622,0.0148685
0.021529,0.0107971,0.0066035,0.0280137,0.00858572,0.0197016
0.0126004,0.00873324,0.00629824,0.00249543,0.000449737,0.00116381
0.0119066,0.00822434,0.00745967,0.010754,0.00124444,0.000597721
0.00535317,0.00360441,0.00247549,0.00557026,8.73712e-05,-0.000670242
0.0173482,0.00736092,0.00984545,0.00904623,0.00155061,-0.000273871
0.0241039,0.01665,0.00874647,0.00938743,0.000999785,0.000266947
0.00417024,0.00299886,0.00213035,0.00170607,-0.000484347,-0.000623059
0.0050131,0.00372488,0.00218281,0.000408337,-0.000246427,0.00155612
0.00479759,0.00324705,0.00215838,0.00486789,0.000445614,0.000782675
0.0135467,0.00876703,0.00528548,0.00130362,0.0005773,0.000255511
0.0105941,0.0062023,0.00538036,0.00423612,3.10942e-05,0.000904635
0.0103039,0.0072796,0.00351127,0.00721477,0.00266763,0.000834726
0.00500871,0.00364292,0.00185106,0.00111185,9.45955e-05,0.00120969
0.0144422,0.0102726,0.0165117,0.0261217,0.00908748,0.0183792
0.0110137,0.00748097,0.00515653,0.00114012,0.000471083,0.000953222
0.0109334,0.00763844,0.00525434,0.00685639,0.00176105,0.000312752
0.00732954,0.00499939,0.00226689,0.00034266,0.000886844,0.00175912
0.0227333,0.0128344,0.00869627,0.00948339,0.00182654,0.00198916
0.0212115,0.0108038,0.00794811,0.0101832,0.000797909,0.00121814
0.0190798,0.012316,0.0154343,0.0133754,0.00324679,0.00140427
0.0189604,0.0118775,0.0113581,0.0148175,0.00233572,0.0024934
0.0129874,0.00643489,0.00622811,0.00584055,-0.000322945,0.00179708
0.0124964,0.00593658,0.00540576,0.00283656,-0.00117734,0.00226066
0.0151835,0.00949454,0.00556142,0.00821538,0.00142493,0.00109226
0.00601102,0.00440876,0.0029417,0.00674386,0.000246078,0.000747061
0.0110816,0.00478497,0.00532101,0.00338437,0.000296018,0.000492527
0.0116274,0.00475978,0.00542713,0.00248941,0.000140377,0.00120663
0.0150583,0.00818872,0.00610946,0.00250003,-0.000238747,0.0011496
0.0156456,0.00824266,0.00557934,0.00493416,0.00016297,-0.000203585
0.00841443,0.00575439,0.00428008,0.00592547,0.00189981,0.00167422
0.00410332,0.00313453,0.00247938,0.00279183,0.000419336,0.00161979
0.00566782,0.00385237,0.00193546,0.000412049,-0.000427166,-0.000652934
0.0125482,0.00866054,0.00397369,0.00439647,0.00145077,0.00030181
0.0143106,0.00993713,0.00476538,0.00677635,0.00133291,2.26441e-05
0.0105058,0.00740639,0.00407969,0.0139921,0.00140204,0.00189115
0.0295221,0.0194908,0.0095954,0.0118712,0.00240565,0.00184721
0.0130277,0.00587513,0.00547785,0.00310498,0.00100897,3.74369e-05
0.0176058,0.0078748,0.00719923,0.00729729,0.00184174,0.00128252
0.0175444,0.00777782,0.00751762,0.0098559,0.00147955,0.000388116
0.0089761,0.00593285,0.00448159,0.00727432,0.0012698,-0.000326205
0.00472678,0.00300044,0.00245005,0.00191524,0.000710211,-0.00036986
0.0201397,0.0132886,0.0151693,0.0195282,0.00523853,0.00428128
0.0106807,0.00649826,0.0042198,0.00858318,0.000543293,-0.000549067
0.0282835,0.0189312,0.0229061,0.0310758,0.00575007,0.00326539
0.00986621,0.00712123,0.00326027,0.00390846,0.000767251,-4.66486e-05
0.00754108,0.00557395,0.0049925,0.00119766,3.67078e-05,0.000308918
0.0215957,0.0102303,0.00922548,0.0118286,0.000907225,0.00161992
0.0224545,0.0101776,0.00909944,0.0102434,0.00104038,0.00190916
0.00998909,0.00750868,0.00561354,0.0156952,0.00694048,0.0140896
0.0120792,0.00844907,0.00671464,0.0101686,0.0047343,0.00797199
0.0108742,0.00590969,0.00539642,0.00377366,0.000481406,0.00117909
0.0115174,0.00586094,0.00570001,0.00244114,0.000865372,0.000918161
0.0187449,0.0128115,0.00796894,0.00980123,0.00100611,0.00327009
0.0141927,0.00712771,0.00564909,0.00599635,0.000956557,0.000752608
0.0104468,0.00654399,0.0045715,0.00471481,0.000245587,0.000133927
0.0111773,0.00731545,0.00351555,0.00304699,8.06378e-05,0.000920386
0.0148275,0.00865955,0.00679147,0.0125189,0.00222586,0.000750559
0.00548196,0.00423485,0.00219689,0.00220765,0.000626352,-0.000461538
0.0217474,0.0144118,0.0132485,0.0166873,0.00232229,0.00143756
0.0104755,0.00762202,0.00380725,0.00675738,0,-0.000370337
0.0131642,0.00893483,0.0107221,0.0151522,0.0025371,0.00231236
0.00744431,0.00561538,0.00383436,0.0026207,0.000727078,-0.000166056
0.0126353,0.00502054,0.00616656,0.00544437,0.000618143,-0.000413507
0.0128702,0.00487393,0.00589622,0.00569642,0.000290774,-0.000270037
0.00950304,0.00428858,0.00480677,0.00633675,0.000321578,0.001149
0.0112906,0.00432894,0.00544135,0.0095639,0.000676924,0.00331594
0.0108328,0.00662627,0.00406435,0.00879082,0.000963871,0.00577627
0.0076276,0.00528051,0.0036077,0.00346887,-8.57255e-05,-0.000650106
0.00799346,0.00565924,0.00289984,0.00579768,-0.0002075,0.000247169
0.00939819,0.00599329,0.00363783,0.00858564,0.00113859,8.14009e-05
0.00762218,0.00392048,0.00294456,0.00542085,0.000806319,-8.52124e-05
0.0193656,0.0129899,0.0140155,0.0148288,0.00244943,0.00134489
0.0170913,0.0115717,0.00746061,0.00740784,0.00218948,-0.00122904
0.0165598,0.00608571,0.00885073,0.0115353,0.00147257,0.00369731
0.0264064,0.0152322,0.0135253,0.0159597,0.00212825,0.00259573
0.00453969,0.00333369,0.00210857,0.00392029,-0.00101948,-0.000490585
0.00527643,0.00403779,0.00275722,0.00296614,0.00126022,0.000553129
0.0184812,0.00822009,0.0145074,0.0182189,0.00345794,0.00136495
0.0246958,0.0171419,0.00966326,0.00940147,0.00207581,0.00116463
0.0056903,0.00437163,0.00229496,0.00239512,0.000122063,0.000524268
0.00832017,0.00361637,0.00489396,0.00177473,-9.94499e-06,-0.000508507
0.00843961,0.00356905,0.00479201,0.00351363,0.00024307,-0.000168007
0.0213558,0.0111307,0.00769011,0.00545649,0.00236407,-0.00011806
0.0139805,0.00781514,0.00489794,0.00315822,0.000963187,0.000242421
0.00872468,0.00354185,0.00427305,0.00743915,0.000698021,-0.000122425
0.0143815,0.0080692,0.0058222,0.00791735,0.000604005,0.00135691
0.0133395,0.00434195,0.00723831,0.00845051,0.00131888,0.00114516
0.0110354,0.00429385,0.00615001,0.00428211,0.00123249,0.001348
0.011865,0.00799863,0.00409986,0.00569542,0.000156316,0.00121849
0.0191495,0.0127194,0.00742191,0.0162255,0.00154061,-0.00040818
0.0155446,0.0103333,0.00534329,0.00981844,0.00141247,0.000120731
0.00848328,0.00587325,0.0034593,0.00405393,0.000674511,0.000762646
0.00434451,0.00348079,0.00187024,0.00200917,-8.30991e-05,-0.00126366
0.0430827,0.0139559,0.0158109,0.0195287,0.00488411,0.00255606
0.0329622,0.0169658,0.0122184,0.014226,0.00282112,0.00187169
0.00457366,0.00321203,0.00211892,-0.000263756,0.000211186,-0.000535442
0.0210894,0.0142977,0.00758248,0.015704,0.000602839,0.00186405
0.0157702,0.0077543,0.00608175,0.00507259,0.000847955,0.000300162
0.0152356,0.0058949,0.00611727,0.00358226,0.000363125,0.000987508
0.00843414,0.00562706,0.00289153,0.00404899,0.000403368,0.00177004
0.0105964,0.00734204,0.00563067,0.00201714,0.000677481,0.00089838
0.0177115,0.0120613,0.00455118,0.0138537,0.00416656,0.0105957
0.00611071,0.00453884,0.00414775,0.00381004,0.000319551,-0.000548181
0.00978147,0.00654562,0.00465029,0.000465903,0.00051637,0.000578264
0.0168982,0.0108836,0.00879255,0.0134031,0.00293193,3.56151e-05
0.0148901,0.0106059,0.00379196,0.00167451,5.88507e-05,0.00139328
0.00581864,0.0042773,0.00191803,0.00331956,-0.000131399,0.00167848
0.00428255,0.00332348,0.00181066,0.00265029,-0.000722366,-0.000199133
0.0205553,0.0100598,0.00799441,0.00765513,0.00191095,-0.000705305
0.0200484,0.0100073,0.00769904,0.0102167,0.00135829,-0.000154257
0.00605286,0.00406927,0.00306946,0.00840035,0.000988798,0.000192328
0.00500843,0.00370034,0.00216656,-2.68012e-05,-0.000524511,0.00185176
0.0160337,0.0108131,0.00421271,0.00893007,0.00111387,0.00102927
0.00733483,0.00411859,0.00468713,0.00490592,-0.000314792,0.000388864
0.00748292,0.00306324,0.00348478,0.00525914,0.000558616,0.00119986
0.0155934,0.0109296,0.00742003,0.00948263,0.000461197,0.000659126
0.00462415,0.00318612,0.00177529,0.000855732,0.00131509,-0.00111134
0.0136848,0.0092288,0.00420512,0.00868179,0.00101621,0.000654529
0.00964202,0.00676893,0.00393466,0.00466497,0.000705715,-0.000356787
0.0103522,0.00685509,0.0036659,0.00287902,0.000824679,0.000848097
0.00772312,0.00525582,0.00381089,0.00560507,-0.000157742,0.00188507
0.00937656,0.00639177,0.00534087,0.00586517,0.00161419,-0.000787941
0.00743889,0.00521568,0.00248584,-0.00124132,0.00084564,0.00322596
0.00952918,0.0065586,0.00492122,0.00522088,0.00114477,-0.000410707
0.0109774,0.0073938,0.00412117,0.00788346,0.0010623,0.000812424
0.0140546,0.00792081,0.00578594,0.00628199,0.0016462,-2.84652e-05
0.0129811,0.00797442,0.00559278,0.00634933,0.00115262,-0.000225194
0.00649635,0.00478306,0.00317708,0.000872232,-0.000286152,0.000755232
0.0110389,0.00761616,0.00783819,0.00672799,0.00149001,-5.39278e-05
0.00955389,0.00677686,0.00670019,0.00962096,0.00103508,8.19052e-05
0.00600008,0.0040743,0.00270242,0.00179547,0.000965409,0.0014829
0.0098774,0.00684071,0.0036122,0.00748517,0.00112667,0.00182192
0.00551103,0.00409474,0.0029607,-0.00154111,0.000646756,0.00135649
0.011177,0.00592387,0.00561309,0.00479375,0.00172053,0.00144544
0.012993,0.0075432,0.00551419,0.00133763,0.00218267,0.00117644
0.0178991,0.0117039,0.00983619,0.0130955,0.00133085,0.00289471
0.0246652,0.0115925,0.0121183,0.0146527,0.00249293,0.00251538
0.0158228,0.00685528,0.00653311,0.00814152,0.00185926,0.00120141
0.0100792,0.00677973,0.00337738,0.00763921,0.000970155,0.00147131
0.00432687,0.00344044,0.00222407,0.00189489,-0.000735864,0.0001615
0.00630611,0.00463138,0.00197925,0.00477532,0.000992689,0.000328304
0.00651269,0.00474149,0.00276801,0.00164662,-0.000572586,-0.00149156
0.00670341,0.00456004,0.00341014,0.00041093,-9.0624e-05,0.000124047
0.0070163,0.00507677,0.00366175,0.00198869,5.80933e-05,-0.000590541
0.00701329,0.00531963,0.00712638,0.00298513,0.000948057,0.00074472
0.0129184,0.00873026,0.00515243,0.00540891,0.000237065,0.00238697
0.00529608,0.00368198,0.00516597,0.00618736,0.0011722,0.000730215
0.00795509,0.00539698,0.00778555,0.00833926,0.0018358,0.00140061
0.0130623,0.00916234,0.00309122,0.00114616,0.000296623,4.50201e-05
0.0065233,0.00399499,0.00334369,0.00355197,0.00111209,-0.00030295
0.0217672,0.0151709,0.00429559,0.00403812,0.00127083,-0.000549988
0.0153845,0.00776517,0.00688562,0.0172858,0.00585482,0.00885601
0.0167496,0.00759339,0.00634686,0.0174555,0.00527751,0.00744967
0.010469,0.00698518,0.00448921,0.00465889,0.00012091,-0.000556673
0.00669549,0.00420632,0.0036915,0.00868738,-0.000938373,6.96439e-05
0.00649839,0.004346,0.0022973,-0.000179149,-0.000278922,0.000131015
0.00911781,0.00414791,0.004456,0.00736045,0.00350669,0.00314773
0.0240119,0.014428,0.0104111,0.0140332,0.00502071,0.00975964
0.00716196,0.00520738,0.00247024,0.00521247,-0.000116969,0.000359887
0.00674636,0.00495321,0.00447383,0.00195045,0.00189114,0.000216328
0.00432031,0.00321762,0.00197939,-0.00138861,0.000790397,0.00103357
0.00540779,0.00370695,0.00200508,0.00708608,-0.000117655,0.000645017
0.0084357,0.00618505,0.00596362,0.00922094,0.000663916,0.000682154
0.00802109,0.00590265,0.00347138,0.0048041,0.00116909,0.0019356
0.018871,0.0104024,0.00737298,0.0124075,0.00311837,0.00125519
0.00709118,0.00509014,0.00319508,0.00111556,0.000186536,0.000960009
0.0151135,0.0102605,0.00669801,0.00238788,0.000756621,0.00116672
0.00770081,0.00551251,0.00388659,0.00525147,-0.000493734,0.000215013
0.020147,0.0109147,0.00799011,0.00663804,0.000765253,0.000103292
0.0318126,0.0214865,0.0106457,0.0174281,0.00237687,0.00120561
0.00657195,0.00471737,0.0022617,0.000552627,0.000276255,0.0010815
0.00567938,0.00394238,0.00844219,0.0135021,0.00155684,0.000528907
0.0260047,0.0159166,0.0145294,0.0085189,0.00242676,0.00122795
0.0212561,0.0104349,0.0091148,0.0107685,0.00323491,0.00196651
0.0519333,0.0191483,0.0257581,0.0262869,0.00574311,0.00256042
0.00502061,0.00333543,0.00224099,0.000418058,0.000666617,0.000203672
0.00556388,0.00387369,0.00258005,0.00158984,-0.000263122,-0.000653441
0.00850856,0.00607945,0.00447282,0.009151,0.00135092,0.000350634
0.00559316,0.00315836,0.00291103,0.00373446,-4.0567e-05,0.000875043
0.00586704,0.00428962,0.0027241,0.00345896,0.0014032,-0.00122611
0.0136362,0.00515071,0.00585159,0.00935568,0.00256754,0.000848447
0.0165725,0.00702959,0.00668069,0.00913491,0.00153436,0.000813671
0.0142084,0.00995308,0.00730086,0.00905532,0.000765856,0.00270706
0.0131995,0.00935747,0.00508241,0.00489843,0.000722835,0.000586987
0.00811038,0.00347852,0.00804204,0.0102902,0.00143081,0.00221185
0.00884318,0.00359982,0.00956826,0.0143326,0.00146475,0.00152979
0.0100782,0.00589701,0.0085344,0.0157629,0.00416471,0.00655767
0.00620325,0.00440332,0.00146151,0.00372373,0.000389973,0.000447234
0.0105492,0.00741644,0.00483789,0.00963762,0.00147467,-0.000181182
0.0123972,0.00866354,0.00577828,0.00299889,-0.000255414,0.00166046
0.0133577,0.00952154,0.00670195,0.00534412,0.000781933,-0.000343897
0.0119172,0.00837906,0.00307799,0.00668207,0.00125163,0.000527263
0.0110521,0.00778256,0.00436129,0.00384185,0.000855139,-1.77211e-05
0.0221371,0.0104583,0.0180651,0.0163427,0.00286159,0.0017353
0.0206027,0.0105387,0.0166363,0.0138838,0.00179652,0.00292655
0.00566923,0.0029154,0.00340624,0.00533226,0.000241033,0.000632499
0.00560468,0.00296964,0.00323129,0.00466008,0.000129336,0.00137522
0.0105879,0.00761704,0.00371343,0.00320001,0.000873386,0.000891738
0.016376,0.00661838,0.00860978,0.0110169,0.00238979,0.0013701
0.0180282,0.007787,0.00863833,0.0108882,0.00291789,0.00238701
0.0181057,0.0107931,0.00578776,0.00891209,0.00194518,0.00123066
0.0186949,0.0106677,0.00584931,0.00596062,0.00182637,0.000743672
0.0102844,0.00707162,0.00484499,0.00349503,0.00120746,0.000790418
0.0147,0.0101167,0.0120663,0.0149201,0.00181734,0.0027377
0.00827577,0.00570788,0.0033199,0.0022201,0.000679617,0.00175074
0.00533059,0.00373268,0.00443065,0.0135952,0.00468925,0.0184723
0.00399038,0.00317248,0.00182511,-0.00267141,-0.000159662,0.000895713
0.0159814,0.00895921,0.00941037,0.0111882,0.00172878,0.000153534
0.0138069,0.00931748,0.00501507,0.00416792,0.00116645,0.000752604
0.00819381,0.00546718,0.00261374,0.0048443,0.000264306,5.60633e-05
0.0113288,0.0077228,0.00443342,0.00604039,0.000509021,0.00106695
0.0052198,0.00353871,0.00175527,0.0058366,0.000231009,0.0031811
0.0516045,0.0233287,0.0452019,0.054868,0.0110779,0.00562788
0.00908043,0.00627852,0.00498995,0.00568659,0.000351332,0.00241586
0.0146534,0.00730502,0.0117013,0.0160143,0.00396303,0.00186942
0.0107682,0.00748127,0.00380921,0.00582489,0.000520701,0.000823655
0.0157046,0.010733,0.010401,0.0135682,0.00210695,0.000980047
0.013824,0.00929238,0.00631861,0.0052975,0.000589917,0.0019301
0.00621199,0.00330478,0.00218308,-0.00276145,0.000241147,-0.000988268
0.00682497,0.00468508,0.003568,0.000811725,0.000821906,-0.000388543
0.0095079,0.00409566,0.0068276,0.00868476,0.00133264,-0.000258483
0.0112917,0.00640545,0.00830375,0.00570508,0.0021439,0.000155476
0.0100418,0.004275,0.00503353,0.00694823,0.000940515,0.00210842
0.0344886,0.0113704,0.0140833,0.0160982,0.00413525,0.00133091
0.0318436,0.011394,0.0123545,0.0153471,0.00337209,0.000488784
0.00715708,0.00461456,0.00491466,0.00402173,-0.000460634,-0.000131219
0.00910337,0.00691003,0.00508538,0.00807429,0.000861023,0.000729782
0.0160728,0.0106355,0.00733473,0.0091084,0.000795584,-0.00119819
0.0171961,0.00783161,0.00850212,0.0117515,0.00361987,0.0019556
0.0207331,0.00863067,0.0122712,0.0103316,0.00353231,0.00132531
0.0200104,0.0140199,0.0079948,0.0106593,0.00174294,-0.000643431
0.0154724,0.00855642,0.00571159,0.00170675,0.000315257,0.00224326
0.0162842,0.00782125,0.00606364,0.00763201,0.000861927,0.00345853
0.0294196,0.0175418,0.0218869,0.0280307,0.0054024,0.00969173
0.0446398,0.018745,0.033113,0.0400391,0.00808937,0.0112934
0.00928939,0.00668577,0.00350609,0.00391543,0.00115413,-7.85467e-05
0.00782501,0.0045368,0.00363168,0.00821543,0.00153135,0.00131318
0.021115,0.0126243,0.00990169,0.0152755,0.00121308,0.00129767
0.0162424,0.00676797,0.00798356,0.00774924,-0.0003583,-0.000752419
0.00465168,0.00324754,0.00252838,0.00121366,0.000898458,0.000193951
0.016917,0.0105216,0.00391914,0.00890946,0.00043093,0.00141077
0.0198982,0.00838297,0.0150951,0.0166724,0.00326066,0.00101261
0.00736575,0.00521081,0.00222041,0.000215529,0.000103356,0.00194635
0.0135591,0.00827645,0.0170105,0.0181718,0.00423916,0.00291271
0.00679404,0.00436463,0.00543452,0.00301397,0.00190279,0.000969208
0.00992956,0.00720871,0.00427213,0.00587704,0.00114186,6.12799e-05
0.0117782,0.00476859,0.00602861,0.00892724,0.00300072,0.00734389
0.0200873,0.0116846,0.00856519,0.0192275,0.0064787,0.0127793
0.0189889,0.0116696,0.012723,0.00932788,0.00227509,0.00164081
0.00942685,0.00678931,0.00373623,0.00386042,0.00048713,0.000116503
0.00475993,0.00340222,0.00188337,0.000801804,0.00160492,0.000218566
0.00835426,0.0058149,0.00329634,0.00354539,-1.09867e-05,0.000671226
0.00393462,0.00304868,0.00279012,-0.000885409,0.000171915,0.000218573
0.0130762,0.00952601,0.00568828,0.00335402,0.00107795,0.00211964
0.00750535,0.00492559,0.00338956,0.00438012,0.00147295,0.0047009
0.0113534,0.00800126,0.00500359,0.0365834,0.0193185,0.0466927
0.0119912,0.00818977,0.0101249,0.00413406,0.00268075,-1.71935e-06
0.0122889,0.00537756,0.00651107,0.00737225,0.00104414,0.00260367
0.0101077,0.00714474,0.00217524,0.00296387,0.00106262,-0.000488984
0.00997108,0.00456229,0.0053367,0.0079801,0.000751536,0.000956861
0.0101625,0.00461288,0.00540822,0.00770737,0.000603991,0.000877692
0.0217358,0.0145141,0.00844999,0.00889756,0.00226198,0.00108185
0.00729355,0.00502105,0.00233605,0.00406737,0.00177311,0.00162588
0.00641152,0.00441952,0.000913437,-0.00104618,-0.000199367,-0.000638278
0.0242331,0.0127664,0.00782743,0.0101103,0.00189789,0.00104049
0.00848427,0.00581763,0.00563248,0.00787045,0.000614891,-0.000277649
0.0273891,0.0139107,0.0144257,0.0187657,0.00348572,0.00144293
0.00748553,0.0045592,0.00302612,0.00611158,0,-0.000392487
0.0103827,0.00734374,0.00448705,0.00602819,0.000732807,0.000927547
0.0239007,0.0116944,0.00843434,0.0102361,0.000889086,0.000761192
0.0333816,0.0117266,0.0125089,0.0150615,0.00129254,0.00102855
0.0254281,0.0117602,0.00893072,0.011091,0.00112023,0.00050545
0.0174708,0.012508,0.00865676,0.0104643,0.00101374,-0.0001687
0.00854611,0.00424727,0.00467682,0.0241396,0.00899849,0.0312435
0.00866794,0.00428043,0.00453429,0.021495,0.00651516,0.0257745
0.00625938,0.00357859,0.00320189,0.00215816,0.00076992,0.00117978
0.0141833,0.00902864,0.00599423,0.00713129,0.000837725,-0.00014443
0.0134206,0.00667943,0.0065405,0.00693503,0.00144183,0.00150108
0.00900782,0.0063585,0.00464629,0.00826126,0.00142639,0.00179066
0.00665388,0.00479619,0.003065,0.00188697,0.000266534,0.00101245
0.00928719,0.0067122,0.00412119,0.0018323,-0.00034217,-0.000472124
0.0294847,0.0136134,0.0100271,0.010516,0.00248825,-0.000460012
0.0096886,0.00565097,0.00490019,0.00131302,0.000415199,0.00189558
0.00825437,0.00462704,0.00494558,0.00158454,0.000546946,0.00163217
0.00421595,0.00325801,0.00165762,0.00553457,-0.000938093,0.000223475
0.0124055,0.0049004,0.0038921,0.00527468,0.0003453,0.000887248
0.0131616,0.00499143,0.00382654,0.00518724,0.000816213,0.00155687
0.0109488,0.00678302,0.00433504,0.0105854,0.0030619,-0.000327036
0.0122861,0.00687531,0.00438865,0.00854294,0.00276417,0.000558168
0.00990525,0.00673259,0.00315031,0.0063085,0.000707734,-0.000964817
0.00714223,0.00463043,0.00423417,-3.31103e-06,0.000561731,0.000840283
0.0298556,0.0130847,0.0111606,0.0146934,0.00413862,0.00184538
0.0327221,0.0145953,0.0118731,0.0100062,0.00305569,0.000818722
0.0124191,0.00849819,0.00428878,0.00723792,0.000650962,0.00144198
0.0167505,0.00794917,0.00544435,0.00790635,0.00062712,-8.12819e-05
0.0173356,0.00702956,0.00522248,0.00627155,0.000296009,0.000660642
0.0153755,0.00851815,0.00701296,0.00892838,0.00187595,0.000616605
0.0448404,0.0188905,0.033908,0.0616476,0.0171272,0.0305798
0.0203222,0.0140999,0.00795437,0.0135566,0.00170567,0.00311399
0.012708,0.00901528,0.00348992,0.0127358,0.000677399,0.000751366
0.0156557,0.0106983,0.00625556,0.00764069,0.00139284,0.00120369
0.0386645,0.0228262,0.0217112,0.0346603,0.00784211,0.0105311
0.0220389,0.0128308,0.0112462,0.0141644,0.00362953,0.00229822
0.00725962,0.00311493,0.00344291,0.00242585,0.00109158,0.000715042
0.00895751,0.00493962,0.00381904,0.00473915,0.00151468,0.000757603
0.0114874,0.00793661,0.00504774,0.00359614,0.00037679,0.000832144
0.0207407,0.0145378,0.00632254,0.00651846,0.000601583,0.000417967
0.00803974,0.0041305,0.00406717,0.00492713,0.000371613,0.000547545
0.00738858,0.00331103,0.00347357,0.00400509,-0.000349885,0.00062986
0.00645313,0.00404064,0.00167456,0.00130316,0.00052553,0.000335605
0.0100015,0.006398,0.00288064,0.0099619,0.00308701,0.00799732
0.00932739,0.00629286,0.00486742,0.00356192,0.000856733,0.000968358
0.0109217,0.00778071,0.00403587,0.00427271,-5.27759e-05,0.00111656
0.00726854,0.00499434,0.0018428,0.00510118,4.80849e-05,0.00125656
0.0208369,0.0124316,0.00821123,0.00902318,0.00233131,0.00240746
0.0268,0.0161702,0.0115529,0.0154055,0.00264029,0.000696041
0.00975339,0.00678916,0.00477319,0.0034569,-0.000340384,0.00154284
0.0126999,0.00898552,0.00490711,0.00852805,0.00175939,0.000666812
0.0225372,0.0115072,0.00909082,0.013254,0.00494056,0.00748543
0.024122,0.011611,0.00906478,0.0157129,0.00385344,0.00635464
0.0228779,0.0150686,0.0178808,0.0145002,0.00163989,0.00252433
0.0103369,0.00598698,0.00446165,0.00608321,0.000884584,0.00153429
0.00706932,0.00473731,0.0132249,0.0140272,0.00286865,0.002926
0.0137501,0.00952405,0.00588476,0.00534021,0.00210685,0.00153075
0.0116911,0.00846244,0.00701801,0.0087814,0.00071431,-0.000161264
0.0110725,0.00778151,0.0076241,0.00954324,0.00476659,0.00669049
0.0120235,0.00840857,0.00631587,0.00488494,0.00134406,0.00140922
0.013187,0.00893913,0.00469375,0.0149741,0.001843,0.00321882
0.00525384,0.00379948,0.00326812,0.0041245,0.00131547,-0.000543056
0.0115573,0.00785353,0.00463684,0.00461289,0.00117937,0.000965918
0.0174025,0.0111877,0.0155602,0.0397583,0.0122352,0.0163859
0.0118337,0.00613638,0.00536471,0.0110295,0.00164704,0.00166333
0.00731682,0.00363195,0.00302597,0.00554116,0.000482022,0.000447156
0.00858088,0.00374651,0.00353705,0.00698767,0.00114794,4.11116e-05
0.0119792,0.00826128,0.00802878,0.00763644,0.00124109,0.000907349
0.0108903,0.00768012,0.00408763,0.00244033,0.0011094,-0.000198287
0.00770054,0.0057313,0.00407047,0.00351239,0.000100886,0.00152605
0.0158027,0.00918379,0.00544506,0.00963467,0.00146721,-0.000290348
0.0213235,0.0106105,0.00646027,0.00948551,0.000645804,0.00188277
0.0135845,0.00832664,0.00274556,0.00246364,-0.000580388,0.00188898
0.0160682,0.0106672,0.00308653,0.0087391,0.000926296,0.000917396
0.0129008,0.00846772,0.00792031,0.0110877,0.00142651,0.00151524
0.00627735,0.0043101,0.00332494,0.00490001,0.000758769,0.000992585
0.00983045,0.00673057,0.00472912,0.00566434,0.000706719,-0.000849858
0.0147817,0.0105441,0.0068625,0.00767434,0.00174523,0.000272051
0.0185811,0.0109214,0.0161823,0.0270488,0.00471481,0.00389599
0.0129862,0.00900311,0.00505171,0.000947549,0.000901284,0.00158925
0.00877396,0.00400161,0.00372647,0.00218543,0.000896411,-0.000451508
0.00656737,0.00342869,0.00621047,0.00551573,-0.000101718,-0.000114261
0.0104525,0.00704389,0.00236824,0.00330088,0.00142272,-0.000426882
0.00859322,0.00619734,0.003687,0.00893334,0.00229841,0.000340138
0.0221848,0.0151805,0.00822536,0.0107399,0.00200913,7.29476e-05
0.00706052,0.00499452,0.00282468,0.00494546,0.00142429,-2.68932e-06
0.0198668,0.00849264,0.00846154,0.0107993,0.00165601,0.00106845
0.00854358,0.0033024,0.00560573,0.00285819,0.00184803,6.35488e-05
0.00952989,0.00514531,0.00511567,0.00510771,0.000712955,-0.000158145
0.0148776,0.00716066,0.00555071,0.00819259,0.0011526,0.00122889
0.0188697,0.00968333,0.00630844,0.0117832,0.000408742,-0.000834032
0.0102685,0.00726822,0.00505602,0.013928,0.00388118,0.0088793
0.0188435,0.0101625,0.00866963,0.00881206,0.00131973,0.000342039
0.0163597,0.00831622,0.00748736,0.00681838,0.000184357,0.00134161
0.0150723,0.0109167,0.00864373,0.00524599,0.00113572,0.00157952
0.015003,0.010319,0.00521542,0.00677179,0.00142257,-0.000796919
0.00654359,0.00491791,0.00556786,0.000516255,-6.31366e-05,0.000575264
0.011063,0.00769565,0.0048176,0.00182945,0.000527233,-0.000868667
0.00522491,0.00347284,0.00194306,-0.000346192,-0.000236571,0.000104094
0.00894533,0.00634221,0.00543141,0.000816286,0.000699711,0.00128904
0.0204756,0.0111583,0.00890427,0.0137968,0.0029635,0.00217279
0.0217682,0.0111669,0.00847547,0.0113208,0.00247151,0.00214441
0.00750378,0.00510372,0.00350968,0.00322763,0.000764362,0.000700637
0.0138945,0.00949752,0.00886081,0.0132538,0.00239711,0.000625825
0.0118299,0.00646319,0.0053475,0.00502684,0.00103502,0.00150953
0.0255162,0.00861295,0.0147535,0.0125281,0.00259494,0.00400621
0.0226152,0.00904013,0.0124905,0.0113465,0.00157878,0.00419268
0.00963806,0.00679681,0.00245741,0.00146901,2.36033e-05,0.00229274
0.0130529,0.00895932,0.00472748,0.00726152,0.000866442,0.000808578
0.00639417,0.00472301,0.00221278,0.00163537,-0.000165096,-0.000463231
0.005998,0.00317203,0.0036942,0.00559769,0.000447852,0.00158063
0.00565095,0.00410762,0.00393979,0.00311794,0.00152365,-8.65178e-05
0.0250811,0.0171175,0.0199031,0.0284253,0.00525078,0.00128679
0.0271312,0.0180901,0.0103867,0.015532,0.00254889,0.00187974
0.00541788,0.00430718,0.00586538,0.00194361,0.000575494,0.000705064
0.0121707,0.00847903,0.00235797,0.0115465,0.00244057,-0.00029264
0.00875596,0.00601557,0.00343181,0.00685708,0.000758357,-0.000690159
0.0131246,0.00910274,0.00487401,0.00311484,-9.01503e-05,0.00118236
0.0077775,0.00376393,0.0032216,0.00341138,0.000503279,0.000734886
0.0107054,0.0071663,0.00493333,0.00311469,0.000792601,0.000100949
0.0230768,0.0123691,0.00933358,0.0109838,0.00110561,0.00207316
0.0119774,0.00840671,0.00588368,0.00554209,0.000225267,0.00139954
0.0130314,0.00953643,0.00443959,0.00561882,0.00101634,0.000399088
0.0113249,0.00765335,0.00440056,0.00173061,0.00061458,0.00066623
0.0108779,0.00685907,0.00440382,0.00627795,0.00115494,0.00076904
0.00894708,0.00447028,0.00470548,0.006658,0.00219211,0.0020833
0.0126765,0.00819699,0.00483348,0.00631987,0.00149412,0.00148772
0.0129098,0.00872718,0.00780073,0.00839664,0.00104573,-0.000151029
0.00916941,0.00688865,0.00576113,0.00474512,0.0011147,-0.00129066
0.00511568,0.00362154,0.00219299,-8.10386e-05,0.000922278,0.000336818
0.0142843,0.00981242,0.00473973,0.00438342,0.000771931,0.000735419
0.0101286,0.00684887,0.00361935,0.00647937,0.00156667,0.000556058
0.00927186,0.00647113,0.00644394,0.0106437,0.00171891,0.00109462
0.0356731,0.0211217,0.0134098,0.0194052,0.00212163,0.000774154
0.0079713,0.00576769,0.00400323,0.00438026,0.000423159,0.000516078
0.0196395,0.0126082,0.00669508,0.00803479,0.0019793,-0.00118245
0.0159538,0.0114102,0.0057968,0.00751217,0.00101639,0.000926177
0.00685332,0.00341082,0.00431912,0.00344618,0.000562861,0.000561759
0.0161722,0.00635577,0.00749872,0.00719041,0.00155294,0.00128742
0.0209606,0.00628417,0.0131213,0.0156725,0.00419232,0.00186506
0.0166599,0.00674802,0.0116393,0.0135027,0.00341945,0.00259174
0.0121713,0.00725159,0.00581408,0.00629343,0.00201613,0.000486428
0.0207822,0.0101921,0.00980413,0.00833928,0.00222529,0.00251837
0.00712674,0.00496248,0.00347872,0.00503763,0.000682348,0.000161084
0.0229874,0.0120959,0.00824909,0.00810963,0.00161137,0.00236805
0.0217764,0.00951994,0.00954347,0.00835818,0.0022866,0.000439892
0.0228056,0.00940073,0.00970576,0.00732641,0.00220185,0.000636043
0.0071157,0.00462989,0.00270253,0.00306828,0.00180867,0.000201549
0.0122481,0.00720791,0.0050616,0.0033532,0.00201213,0.000672509
0.00662292,0.00303628,0.00323813,0.00659411,0.000646246,0.000738108
0.00422539,0.00313317,0.00303106,0.00307081,0.00030806,0.000203333
0.0083861,0.0046619,0.00458707,0.00424825,0.00169639,-0.000606076
0.0118823,0.00698721,0.00401497,0.00287338,0.00169203,-0.00136653
0.00826549,0.00550615,0.00365755,0.00912559,0.00120806,0.00117529
0.00982434,0.0068537,0.00344267,0.00324424,0.000859666,0.000877544
0.0183203,0.0105719,0.00901033,0.0103555,-2.21801e-05,0.000166729
0.0132906,0.00566022,0.00514636,0.00734462,-0.000167302,0.00109346
0.0166052,0.00817957,0.00584508,0.00809681,0.000307648,0.000763524
0.00901689,0.00578471,0.0042326,0.00599455,0.00066065,-0.000180489
0.00945778,0.00656069,0.00538705,0.00447277,0.000277687,5.56382e-06
0.00899631,0.00637361,0.006703,0.00711371,0.00121539,6.17919e-05
0.00722555,0.00542019,0.00227509,0.00306938,0.000639394,0.000951002
0.0158777,0.0112491,0.00684833,0.00669522,0.000387564,0.000904484
0.00847594,0.00599994,0.00424535,0.00339814,5.09812e-05,0.000256907
0.00926129,0.00446641,0.00435181,0.0029201,9.2989e-05,0.000196609
0.0188455,0.0128481,0.00682267,0.00967295,0.00145382,0.000164417
0.0123299,0.00784318,0.00553386,0.00290133,0.00123547,0.00111961
0.00910142,0.00568378,0.00445783,0.00449689,0.000363375,-9.56795e-05
0.00695681,0.00311186,0.00260245,-0.000326263,0.000558847,0.00156094
0.00958002,0.00685658,0.0073517,0.00873338,0.00176464,0.00174564
0.0245371,0.0118021,0.00940885,0.0106565,0.00246957,0.000191178
0.0350105,0.0161833,0.0138276,0.0130479,0.00362026,0.00127092
0.00626592,0.00433941,0.00254656,0.00683453,0.00248648,0.00865453
0.0126138,0.00869347,0.00504911,0.00895366,0.00159771,-0.000750488
0.00688278,0.00456976,0.00686057,0.014689,0.00306495,0.00623598
0.0223625,0.0105898,0.0159135,0.0203125,0.00502226,0.00983793
0.0125117,0.00865456,0.00444026,0.00691601,0.00187081,0.0015964
0.00700989,0.00517923,0.00329455,-0.00464411,4.59937e-05,0.00109804
0.00826332,0.00575768,0.00335219,7.45169e-05,0.00108184,0.000436306
0.00413684,0.00301351,0.00231729,-0.000246859,-0.000167294,-7.61703e-05
0.0123662,0.00809483,0.00457586,0.00349458,0.0012781,0.00115516
0.00961282,0.00402711,0.00446457,0.00404474,0.000838588,0.00188009
0.0166341,0.00908502,0.00620909,0.00774626,0.00134763,0.00224686
0.0246481,0.0108578,0.0141162,0.00978297,0.00357871,0.00195054
0.0228075,0.0103254,0.0118703,0.0107643,0.00308173,-0.00015014
0.0109973,0.0074463,0.00245558,0.00610427,0.000621555,0.000371968
0.00697658,0.00505151,0.00609011,0.00519385,0.000590874,0.000502273
0.0142364,0.00703427,0.0119625,0.0119958,0.00137198,0.00107232
0.0155396,0.0111013,0.00454116,0.00862023,0.000183698,0.00197635
0.012547,0.00905102,0.00520741,0.00542347,0.000927242,0.00241496
0.00727199,0.00329098,0.00760873,0.00702325,0.0023794,0.00141398
0.0211183,0.0121519,0.00720541,0.00987528,0.00171888,0.000855293
0.00505117,0.00392887,0.00289993,0.00259969,0.000205163,-7.23489e-05
0.00958658,0.00663855,0.0043939,0.00272955,0.000713392,-6.20097e-05
0.0127615,0.00861295,0.0167406,0.0140368,0.00302091,0.00179678
0.0207694,0.0138128,0.00660614,0.00691398,0.00131092,-0.00104904
0.0322469,0.0125294,0.0125623,0.0114619,0.00234339,0.00144112
0.032479,0.0126517,0.0119536,0.0107505,0.00158717,0.000611084
0.00746251,0.00516591,0.00423131,0.00165613,0.000518038,0.000556025
0.00517196,0.00339337,0.00303076,-0.00123406,0.00099767,0.000427379
0.00483948,0.00321416,0.00263155,0.000860779,0.000264558,-0.000241814
0.0369831,0.0197075,0.0194907,0.0178469,0.0030793,0.000279664
0.00984811,0.00734033,0.00320564,0.00250722,0.00101575,0.000770797
0.0101841,0.00746879,0.00376953,0.00562735,0.000576822,0.000986746
0.00871056,0.00630556,0.00323461,0.00488253,0.000404864,0.000282417
0.00451887,0.00323113,0.00282951,-0.00097691,0.000462856,0.000453874
0.023916,0.0124478,0.0101303,0.00863715,0.00386794,-0.00109667
0.0230125,0.0125136,0.00969147,0.00761969,0.00345777,-0.000972667
0.0116063,0.00797128,0.00539309,0.00747644,0.000402903,0.00121439
0.0111452,0.00746218,0.00378181,0.00576638,-0.000156878,4.24253e-05
0.00827245,0.00585736,0.00287071,0.00181478,-3.61551e-05,-5.67768e-05
0.0100375,0.00693635,0.00817235,0.0097459,0.000513335,0.000353057
0.00836619,0.0058242,0.00622875,0.00581584,0.000499087,7.14579e-05
0.0156675,0.0107158,0.00464172,0.00498821,0.000104218,-0.000294896
0.00892458,0.00623179,0.00518876,0.00451293,5.9948e-05,0.00166607
0.0158976,0.0112176,0.00585637,0.00238252,0.000888166,0.000741848
0.00684801,0.00502973,0.00271762,0.00435256,-0.000184658,-0.000714358
0.0149877,0.009958,0.00407553,0.00473935,0.000603118,0.000689277
0.00769767,0.00527412,0.00386267,0.00595765,0.000437212,0.00116345
0.0159272,0.0108082,0.00643284,0.00562171,0.000923424,-0.000375656
0.018423,0.0128416,0.0125039,0.0127011,0.00236815,0.00198855
0.0129817,0.00904761,0.00379162,0.00996948,0.00186109,0.00198589
0.0074897,0.00512592,0.00299819,0.00456336,0.000448986,-0.000984523
0.00924057,0.00660848,0.00390229,0.00374596,1.09347e-05,0.00202338
0.0217817,0.0142307,0.00799004,0.0112969,0.00126576,0.000888282
0.0286552,0.0169832,0.0102563,0.0148435,0.00338386,0.000645664
0.015107,0.00834132,0.00539297,0.00374727,0.00122085,-3.69953e-05
0.00647123,0.00367763,0.00384661,0.0110117,0.00534739,0.0123005
0.0151054,0.00870469,0.00902469,0.0228391,0.00867927,0.0226228
0.00394609,0.00300314,0.00217917,0.00192238,-0.000321059,0.000566806
0.00781787,0.00541586,0.00308926,0.00321965,0.000638836,0.00178132
0.00920906,0.00682053,0.00409483,0.00307334,0.000428101,0.0031253
0.0078099,0.00550902,0.00518633,0.0149872,0.00432084,0.00777282
0.00548323,0.00374345,0.0014689,0.00392207,-0.000101076,-0.000287818
0.033087,0.0130394,0.0119607,0.0205706,0.00575556,0.00733079
0.0251008,0.0118255,0.010915,0.0149454,0.00343575,0.00550942
0.0165661,0.0113265,0.0061329,0.00883035,0.00168647,0.000964681
0.00756944,0.00537651,0.00322034,0.0052342,0.000696719,0.000996992
0.00754123,0.00537447,0.00429013,0.00168312,0.00080768,-0.000282941
0.00971707,0.00593063,0.00407634,0.00137269,0.00147142,0.00030046
0.010947,0.00409554,0.00505896,0.000170876,0.00138293,0.00166606
0.010216,0.00476204,0.00432537,0.00403325,0.00147136,0.0010378
0.00465378,0.00335038,0.00131964,0.0091627,-0.000197811,0.000469921
0.0209898,0.00891638,0.0107545,0.0103112,0.00185281,0.0014109
0.021384,0.00892644,0.0109644,0.00979784,0.00209824,0.00160862
0.0298342,0.0139121,0.0112629,0.0166783,0.00283937,0.00132007
0.0455854,0.0232621,0.0161615,0.0217147,0.00292436,0.00221463
0.00947983,0.00532403,0.00500035,0.00716168,0.00174756,0.000703032
0.0165049,0.00834169,0.00609187,0.00804938,0.000599728,-0.000241244
0.017113,0.00888313,0.00569514,0.00996438,0.000342362,0.000460487
0.0144757,0.0096781,0.00529585,0.00575925,0.000468627,0.000803138
0.0119905,0.00819417,0.0032524,0.00532004,0.00109464,-0.000222782
0.00966427,0.00668701,0.00371823,0.0051727,0.00140458,0.000143598
0.00994228,0.00579502,0.00413345,0.00700416,0.00063354,0.000439413
0.00732335,0.00353837,0.00327472,0.000327308,0.000631286,1.20946e-05
0.0101445,0.00650804,0.0056643,0.00353532,0.000630426,0.00122417
0.0148622,0.00996802,0.0102633,0.0153695,0.00398293,0.00114375
0.0156029,0.0106448,0.00855248,0.0129358,0.000443073,0.00123595
0.0122108,0.00800985,0.008125,0.0132657,0.00261595,0.000251186
0.0131426,0.00892928,0.00905778,0.0107068,0.00116415,-0.000199257
0.0123414,0.00645344,0.00683772,0.00748033,0.00048574,-0.000219411
0.00603182,0.00403978,0.0027095,0.00453753,-0.000451418,-0.000866084
0.0122839,0.00848987,0.00861306,0.0123948,0.00365301,0.00981371
0.00482165,0.00339371,0.0028075,0.000526541,0.000423804,-0.000204922
0.0115037,0.00812472,0.00449715,0.00338987,-0.000189066,9.68119e-05
0.00469228,0.00297027,0.00244085,0.00432626,-0.000861918,0.00227865
0.016352,0.00665186,0.00910433,0.0088274,0.00165997,0.00214247
0.0207684,0.00981702,0.0106807,0.00491741,0.00185965,0.00131579
0.00756066,0.00555551,0.0043791,0.00210158,0.000309662,0.00189484
0.00689892,0.00507655,0.00306165,0.000476013,-0.000194813,0.000761903
0.0116006,0.00761358,0.00454568,0.00796875,0.0011451,0.000345509
0.00798904,0.0055867,0.00877769,0.00187696,6.20393e-06,-4.22763e-05
0.0180225,0.0123806,0.00956777,0.0165102,0.00516304,0.00654565
0.00604713,0.00466787,0.00506448,0.00490706,-0.00021839,0.000169795
0.0134055,0.00903543,0.00766525,0.00939411,0.00179318,0.00229285
0.00722931,0.00324334,0.0043112,0.000643381,0.000415344,-0.000226457
0.00744417,0.00328822,0.00429154,0.000968926,-0.000206416,-0.00133779
0.0068131,0.00351657,0.00602059,0.0172872,0.0037472,0.00998403
0.013592,0.00527389,0.0112856,0.016528,0.00305881,0.00344563
0.0118235,0.00563593,0.00852229,0.00999738,0.00161431,0.000672585
0.0117071,0.00818847,0.00669665,0.00523128,0.000877117,-0.000316493
0.0139062,0.00960137,0.00606467,0.00701204,0.00066001,0.00120952
0.0140584,0.00953249,0.00545988,0.0115919,0.000932635,0.00147733
0.00815739,0.0057606,0.00420099,0.00541033,0.000666448,1.07963e-05
0.0123335,0.00830898,0.00407361,0.00549062,0.000761602,0.000459552
0.0166986,0.0106301,0.0115302,0.0130285,0.00349879,0.00226833
0.0159945,0.0113499,0.0141011,0.0126373,0.0016386,0.00178569
0.0225857,0.0157123,0.00815359,0.00604743,0.00124503,-0.000672365
0.00829677,0.00575573,0.00241709,0.000358609,0.000759529,-0.000286669
0.00774322,0.00590011,0.00289601,8.53112e-05,0.000912065,0.000530908
0.0263446,0.0117654,0.0117364,0.0168311,0.0024255,0.00135077
0.0281651,0.0118455,0.0119687,0.0172998,0.00295439,0.000841872
0.00526889,0.00382334,0.00217734,-0.000442499,0.000295165,0.000129936
0.0148167,0.00993852,0.0081473,0.00458685,0.00118159,0.00120313
0.00776295,0.00524477,0.00223351,0.0038033,-1.96138e-05,-0.000143483
0.00640573,0.00459038,0.00368597,0.00665855,0.000896781,0.000591439
0.00672911,0.00450115,0.0025671,0.00391793,0.00090625,6.89694e-05
0.0145168,0.00784766,0.00459766,0.00571291,0.00130933,0.00213468
0.0116828,0.00605509,0.00425913,-0.000110436,0.000981595,0.00236131
0.00540507,0.00377645,0.00342406,0.00165438,0.00100233,-0.000355796
0.00893531,0.00611867,0.00489569,0.00566606,0.00191957,0.00144331
0.015827,0.0105659,0.0110305,0.0159237,0.00760503,0.0149266
0.0179054,0.0094441,0.0126484,0.0200837,0.00575962,0.00994
0.00441382,0.00334329,0.00139441,0.00175074,0.00102778,-4.08427e-06
0.0154386,0.00970813,0.00579207,0.00515137,0.0015447,-0.000151514
0.0185891,0.012098,0.00706253,0.0150982,0.00285909,0.0025835
0.0224423,0.00872293,0.0178875,0.0192869,0.00464585,0.00593774
0.037447,0.0133979,0.0298233,0.0335005,0.00833526,0.0113975
0.0301259,0.0134714,0.0221006,0.0299907,0.00751293,0.0105892
0.0144558,0.0102179,0.00980978,0.01178,0.00260448,0.0041445
0.0152662,0.0107621,0.00652402,0.007038,0.001344,-0.00124817
0.0104052,0.00674159,0.00237785,0.00517537,0.00101196,0.00144494
0.00730717,0.00370786,0.00241448,0.00376718,0.00082276,0.000613393
0.00856464,0.00503345,0.00498481,0.00456021,0.000918301,0.000988891
0.0073547,0.00538519,0.00328607,0.000818069,0.000944476,0.00123833
0.0119619,0.00580467,0.00667899,0.00573309,0.00116741,-0.000154568
0.0144954,0.00736929,0.00814822,0.00227,0.00139482,-0.000374776
0.0290824,0.0179537,0.0123153,0.0140738,0.0033903,0.00150868
0.00683911,0.00499669,0.00241227,0.000237199,-1.65704e-05,0.000654193
0.0120519,0.00620759,0.00499749,0.00505891,0.00113443,0.000100857
0.0180428,0.00698515,0.00763026,0.00902035,0.000821181,0.000494421
0.013473,0.0069426,0.00574601,0.00811377,0.000626178,-0.000269788
0.0271743,0.0130524,0.0107356,0.0124371,0.00115148,0.00167066
0.00534851,0.0039764,0.00311627,0.00245369,0.00104708,0.00011168
0.013919,0.00968318,0.00562818,0.00930971,0.000948733,0.000446955
0.00731048,0.00500404,0.00363828,0.00408031,0.0008936,-0.000160346
0.00941196,0.00655579,0.0032235,0.0100258,0.00320816,0.008208
0.00900362,0.00640815,0.00530743,0.00597681,0.0006191,0.00245339
0.0121996,0.00561807,0.0055186,0.00213026,0.00117858,-0.000380655
0.0126237,0.0056053,0.00556732,0.00267175,0.00133158,2.2776e-05
0.0134085,0.00973398,0.00589649,-8.61122e-05,0.000685625,0.000895126
0.0127901,0.00865312,0.0130028,0.00946176,0.00158961,0.000347372
0.00476038,0.00328061,0.00237527,0.000146202,0.000996706,0.00039457
0.00840228,0.0061974,0.00439589,0.00241874,0.00027387,-0.00067263
0.0123992,0.00829827,0.00627943,0.00436329,0.00066578,0.000853316
0.0221169,0.0150494,0.0111952,0.0150562,0.00324375,0.00134822
0.0124984,0.00619794,0.00440669,0.00149916,0.000756838,0.000257242
0.0261448,0.00882537,0.0106775,0.0103901,0.0017168,0.00148519
0.0236724,0.00924679,0.00955922,0.00958473,0.00166737,0.00083106
0.0182305,0.0116921,0.0100287,0.0174501,0.00180694,0.000891173
0.0190776,0.0128813,0.00760456,0.0194063,0.00640789,0.0174111
0.0170286,0.0117862,0.0103813,0.00901725,0.00288551,0.000642709
0.0122851,0.00890072,0.00409487,0.00187917,0.00216841,0.00115568
0.00660274,0.00457653,0.00533686,0.00765902,0.00130171,-0.000686891
0.0122549,0.00864375,0.00530415,0.00979786,0.0015391,0.00719782
0.0126324,0.00848695,0.00386743,0.00133382,0.000346319,0.000923469
0.00795049,0.0053789,0.00296459,0.0053289,0.000640722,-0.00119069
0.00486523,0.00366072,0.00380994,0.00494519,0.00105127,0.00021323
0.00776081,0.00439716,0.00808749,0.00286118,0.000785197,-0.000255652
0.0170398,0.0120825,0.0150028,0.011768,0.00253805,0.000623299
0.0132718,0.00513119,0.00510354,0.00547866,0.0010456,-0.00054648
0.0187828,0.0110934,0.00576615,0.00256862,0.0031687,0.000263119
0.00732162,0.00530026,0.00322809,0.000269174,0.00152386,-0.000558294
0.00776015,0.00557908,0.0028473,0.00518825,0.00031621,0.00168639
0.0119876,0.00837773,0.0042649,0.00111764,0.00127522,0.00270362
0.022404,0.0120033,0.00855163,0.0120137,0.00229897,0.00199585
0.0038568,0.00298768,0.0036033,0.000524883,-0.000480556,4.88038e-05
0.00685422,0.00462354,0.00595032,0.0077383,0.00158816,0.000816625
0.00821913,0.00590702,0.00492193,0.00195683,-0.000874353,-0.000450434
0.0108104,0.00706305,0.00433927,0.00470441,0.000295039,0.000532507
0.0133093,0.00629238,0.0173967,0.018405,0.00414398,0.00295173
0.00568855,0.00433366,0.00244559,0.00500495,0.000400099,0.000576676
0.00386947,0.00296427,0.00193314,0.00609977,0.00100625,-0.000717915
0.0141291,0.00966584,0.00542298,0.00549596,0.00162561,0.000843101
0.01613,0.00766525,0.00674393,0.00903749,0.00293952,-0.00131822
0.010206,0.00546057,0.00476565,0.00158624,0.000802828,0.0016924
0.00877824,0.00642484,0.00704095,0.0030744,0.00177832,0.00056989
0.0323401,0.0144017,0.0190383,0.0265243,0.00470255,0.0029214
0.0189821,0.0071437,0.0116214,0.0162149,0.00105554,0.0024102
0.0138527,0.00987722,0.0101088,0.0141861,0.00390597,0.00139948
0.00954976,0.00625032,0.00451702,0.0024787,0.000374213,0.00061929
0.0259616,0.00927774,0.014777,0.0217499,0.00386572,0.00232837
0.0344306,0.0144826,0.0156621,0.0198877,0.00465989,0.00184168
0.00914933,0.00361676,0.0034843,0.00675463,0.00115121,0.000603818
0.0122381,0.00361602,0.00471957,0.00772292,0.00128617,0.00128274
0.0194014,0.00953413,0.00810078,0.00546652,0.000817884,0.00117338
0.00468739,0.00355486,0.0026069,0.00111982,0.000656131,0.00106874
0.0153976,0.00752298,0.00628212,0.00482271,0.00168412,-0.000906073
0.0157928,0.00765884,0.00633912,0.00366945,0.00136561,-0.000300732
0.0118724,0.00820529,0.00572765,0.0087386,-0.000305748,3.93146e-05
0.0153159,0.0107626,0.00429811,0.00314322,0.00080127,0.00110958
0.0123208,0.00891479,0.00571623,0.00616053,0.00192617,0.00191008
0.0121162,0.00752051,0.00498815,0.00279652,0.00174659,-6.00179e-05
0.015266,0.00993033,0.00674756,0.000281742,0.00222138,0.000900625
0.0115947,0.00664293,0.00474399,0.00459229,-0.000466198,0.00159381
0.0130759,0.00634072,0.00589478,0.00677098,0.000690862,-0.000281774
0.00669513,0.00468042,0.00266749,0.00462366,0.000286555,0.000663907
0.0227135,0.0149407,0.00713055,0.0118497,0.00314251,0.00310309
0.0122414,0.00486009,0.00627406,0.00176145,0.0028423,0.000114174
0.0186946,0.0110963,0.00962242,0.0086716,0.00221242,0.000357333
0.00853196,0.00626487,0.0038546,0.00398717,0.000796734,0.00111873
0.00763119,0.0034264,0.00424487,0.00169883,0.000805402,0.00105766
0.0159436,0.0088023,0.00729322,0.00715912,0.0013681,7.29846e-05
0.0173088,0.0121152,0.00890566,0.00789695,0.00103137,0.0027513
0.00998981,0.0074735,0.00906207,0.0114074,0.00309366,0.00219035
0.0102546,0.00707927,0.00549428,0.00425121,0.000561681,0.000639867
0.0107419,0.00768197,0.00483214,0.00272738,0.000983989,-0.000293217
0.0080997,0.00597786,0.00348697,0.00384934,0.000461372,3.09631e-05
0.00747826,0.00529252,0.00326367,-0.000635819,-0.0005959,0.00116195
0.00743972,0.00532556,0.00290809,-0.000650914,0.000222627,0.000480796
0.00767959,0.00541464,0.00419862,0.00399504,0.000304335,0.00141449
0.0261991,0.0173812,0.0142617,0.0124233,0.00285942,0.00242369
0.0379833,0.0178712,0.0184346,0.0171755,0.0035805,0.00271734
0.02835,0.0152186,0.0118464,0.00979877,0.00117921,0.00182164
0.0304923,0.0211153,0.0110479,0.0136587,0.00302947,0.00262705
0.00553751,0.00355414,0.00424241,0.00664639,0.00165384,0.000488053
0.00442345,0.00336882,0.00240994,0.00320808,-1.68261e-06,-0.000745059
0.0124253,0.00832451,0.00698449,0.0108238,0.00234908,0.000430149
0.0103613,0.00743801,0.00402717,0.00285533,0.000789541,3.30755e-05
0.00443163,0.00337911,0.00303201,2.77891e-05,0.000352212,0.00078029
0.0192067,0.013742,0.0085447,0.0084434,0.00172877,0.000980743
0.0167979,0.00638536,0.0094722,0.00793654,0.00321925,0.00102039
0.0148389,0.00625451,0.00727958,0.00476291,0.00157358,0.000272552
0.00714509,0.00483847,0.00379032,0.00392181,0.000133108,0.000130602
0.00578295,0.00403019,0.00270806,0.00246117,-0.000137614,-0.000578242
0.0285656,0.0198905,0.0140674,0.0135986,0.00230434,0.00183954
0.00742196,0.00560411,0.00299403,0.00323393,0.000377442,-0.00133318
0.00571755,0.00427658,0.00188451,0.000824281,-0.000408187,0.00148681
0.00958405,0.00658906,0.00472135,0.00134814,0.00131318,0.0011251
0.0109503,0.00502711,0.00526259,0.00188698,0.000684484,0.000514032
0.0104375,0.00463399,0.00497061,0.00343503,0.000395677,0.000484047
0.00689595,0.00454561,0.00544532,0.0136979,0.00100855,0.00129173
0.0058046,0.00375191,0.00232946,0.00397452,-4.63631e-05,0.000570327
0.012702,0.00893471,0.00462119,0.00319016,-0.000140919,0.00194265
0.0148735,0.00862133,0.0136208,0.0239879,0.00447376,0.00497821
0.00555253,0.0041742,0.00397115,0.0034501,-0.000116789,0.00053313
0.0139846,0.00970383,0.00610553,0.0224576,0.00746239,0.0167276
0.00451382,0.00318344,0.00198228,-0.00218799,0.000500163,-8.028e-06
0.0239288,0.0156439,0.017932,0.0225585,0.00480949,0.000800859
0.00579393,0.00302234,0.00258019,0.00421578,0.00116723,-5.94731e-05
0.0128885,0.00854968,0.00517024,0.00127364,0.00252388,-0.000302623
0.0182858,0.0127461,0.00642728,0.0115367,0.00147524,0.000354215
0.00911534,0.00608115,0.00404516,0.00276466,0.000615251,0.000685003
0.010444,0.0070294,0.00326178,0.00405323,0.000449146,0.00130702
0.00631351,0.00454288,0.00262164,-0.00153629,-0.000685454,0.00116969
0.018297,0.0085088,0.00794603,0.0112584,0.00187122,0.00261557
0.0130758,0.00811149,0.00594232,0.0104851,0.000496692,0.000533205
0.0151921,0.00605001,0.00875381,0.00667689,0.000645723,-0.000293709
0.0068904,0.00500878,0.00249834,0.00359071,-0.000164059,0.000947507
0.0215169,0.0151483,0.0112255,0.0118089,0.00234986,0.00160395
0.00512148,0.00393944,0.00242442,0.00252337,0.000350881,0.00156437
0.0220639,0.00933026,0.00842687,0.0158501,0.00219688,0.00128355
0.0220266,0.00929339,0.00830879,0.0139184,0.00227374,0.000978721
0.0165095,0.0111378,0.00719854,0.00630629,0.00127605,0.000451299
0.0122556,0.0079602,0.00441579,0.0144844,0.00418292,0.00925631
0.0214607,0.0106005,0.0111848,0.0111559,0.00164474,0.000809221
0.0183922,0.0098148,0.00951863,0.00743731,0.00177244,0.000388721
0.0138009,0.00847404,0.00617994,0.00289384,0.00155843,0.000845813
0.0253886,0.0167676,0.0160063,0.0229333,0.00539069,0.00126805
0.0375718,0.0169167,0.0114822,0.0180646,0.00346433,0.000407954
0.0276796,0.014575,0.00828162,0.0152686,0.00265851,-0.000278442
0.00479876,0.00337197,0.00423106,0.00661775,0.00232449,-0.00141613
0.0204837,0.00763876,0.00846696,0.00696986,0.00174788,0.00119022
0.0235426,0.00830121,0.0096551,0.00765005,0.0019208,0.00126579
0.00833333,0.00592318,0.00351833,0.00366837,0.000609303,0.000677961
0.0105475,0.00713977,0.00441251,-0.000137977,0.000872447,-0.000101068
0.0168078,0.0108182,0.0112298,0.012914,0.00243298,0.00221346
0.01587,0.00839883,0.00836524,0.0172372,0.00186701,0.00102177
0.0162034,0.00617002,0.0101804,0.0141545,0.00337044,0.0017439
0.0167659,0.00803336,0.00899315,0.0141898,0.00271344,0.00176808
0.00735187,0.00542563,0.00307991,0.00394245,0.000951875,7.42772e-05
0.0125597,0.00876203,0.0057621,0.00418621,0.00130764,0.00130239
0.0204011,0.0138482,0.00750298,0.00312525,0.00246513,-0.000465723
0.0181115,0.00975762,0.0115517,0.00399494,0.00255889,0.000498639
0.0210271,0.0110033,0.0125656,0.00554327,0.00143853,0.000633703
0.00446015,0.00330306,0.0020381,0.000607712,-0.000531175,-0.000370786
0.0114454,0.00790431,0.00450422,0.00213346,0.000757142,-1.64157e-05
0.00845673,0.00601796,0.00345017,0.00551265,0.000728998,-0.000385924
0.00633,0.00449539,0.00278573,0.00526619,0.000225374,0.000170808
0.00450637,0.00307845,0.0015505,0.00337801,0.000326998,0.00172604
0.0198069,0.011052,0.00739877,0.00971881,0.00187579,0.00133139
0.0205488,0.0110694,0.00755436,0.00814026,0.00209705,0.0012293
0.0168379,0.011556,0.00842938,0.0134557,0.00349362,0.00095092
0.0153823,0.0101999,0.00939827,0.00899935,0.0024511,0.000605315
0.0179486,0.0128707,0.00448309,0.00824778,0.00117552,0.00133737
0.0121423,0.00859325,0.00381082,0.00602611,0.000530405,0.000566928
0.00431932,0.00312189,0.00239822,-0.000624525,0.000391777,0.000371124
0.00884018,0.00640089,0.00335776,0.00491742,0.00236316,0.000131783
0.00452507,0.00322279,0.00203454,-0.000571196,0.00170421,0.00067238
0.0165717,0.0103356,0.0159673,0.0238542,0.00411794,0.00178979
0.0122539,0.00575996,0.00870481,0.0100672,0.00146796,0.00111152
0.0130483,0.00900975,0.00528826,0.00684011,0.00124219,0.000541202
0.00605601,0.00444121,0.00370756,0.00141946,0.000399472,0.00221097
0.0186577,0.0126356,0.0051773,0.00662235,0.00230817,0.00240366
0.0192382,0.0090711,0.00944182,0.0150474,0.00378372,0.00280164
0.0171743,0.00652889,0.00799184,0.00911854,0.00138552,0.00184399
0.0234321,0.012259,0.0115849,0.00889457,0.00110485,-0.000916073
0.0141239,0.00787367,0.00712455,0.00503999,0.000380363,-0.000818614
0.0118312,0.00861515,0.00610087,0.00759662,0.001016,0.000692373
0.011107,0.00734205,0.00861749,0.00232273,0.0020291,0.00119844
0.00587537,0.00459047,0.00200722,0.00269631,0.000954306,0.000365245
0.00722746,0.00426891,0.00425962,0.00376011,0.000822464,0.000634587
0.00646276,0.00331104,0.00393709,0.00339328,0.000890138,-0.000724729
0.0170726,0.00921368,0.00954959,0.00662225,0.000922778,9.91511e-05
0.00517411,0.00387791,0.00279631,0.00788715,0.00193672,-0.000847514
0.00765142,0.00549597,0.00272468,0.00468366,0.000769582,-0.00104796
0.00744514,0.00521284,0.00301423,0.00116349,0.000743453,-0.000743485
0.018123,0.0120407,0.00694748,0.00719677,0.0022225,0.000976258
0.0086131,0.00552663,0.00404844,0.000322439,0.000962435,0.000965481
0.00429995,0.00321592,0.00194346,0.00113639,7.13287e-05,0.00061669
0.0137465,0.00628261,0.00579604,0.00598457,0.00182488,0.00281314
0.0189004,0.0102504,0.00724481,0.00848567,0.00115504,0.00171021
0.0150247,0.0100789,0.0122658,0.0130678,0.00393951,0.00847853
0.0142618,0.0094946,0.00604258,0.00819778,0.00172293,-4.14474e-05
0.00982049,0.00675326,0.00491087,0.00490267,0.000502004,0.000387808
0.00476351,0.00338676,0.00135695,-0.00107939,-0.000517544,0.00198871
0.00894072,0.00619936,0.00295498,0.00670526,0.00137656,-0.000307611
0.00377714,0.00312207,0.00253061,0.0042503,-0.000533071,-0.000584792
0.0149998,0.00742101,0.00696305,0.003854,0.00063092,0.00143614
0.018846,0.00990957,0.0089145,0.00668774,0.00239264,-0.000419952
0.0133593,0.00951508,0.00578581,0.00351646,0.000268821,-0.000502959
0.0211168,0.00903974,0.00981307,0.0110894,0.00328399,-1.88433e-05
0.00807273,0.0056031,0.00411849,0.00453906,0.00142561,0.00181965
0.0057462,0.00381988,0.00410996,0.00669892,0.000730011,0.00095592
0.00878091,0.00627335,0.00310614,0.00513104,-0.000394456,0.000359926
0.00994124,0.00670197,0.00378223,0.00142277,-8.20742e-05,6.8936e-05
0.0198061,0.00896107,0.00604591,0.00954296,0.00134616,0.00289616
0.0117221,0.00832289,0.00455273,0.00643324,-0.000491336,0.000473127
0.00616497,0.00479916,0.00755498,0.00781361,0.00129127,0.0027166
0.0126791,0.00860695,0.00676668,0.0157407,0.00620687,0.013507
0.0151785,0.00846732,0.0071776,0.0174597,0.00676931,0.0149081
0.0160095,0.00756082,0.00644775,0.00843571,0.000572692,-2.11923e-05
0.0164511,0.00756771,0.00622447,0.00566859,0.000325696,-0.000523902
0.0104319,0.00749026,0.00402284,0.00420498,0.000866882,0.00131139
0.00971041,0.00696528,0.00526961,0.00658882,0.00123951,0.000869968
0.0139653,0.0084104,0.0112003,0.0103851,0.00295773,0.000738205
0.0125614,0.00831241,0.00436709,0.00443625,0.000179111,-0.00131223
0.00885124,0.00656627,0.00464427,0.00256557,8.18888e-05,0.000280398
0.00962786,0.00671767,0.00394012,0.0011987,0.00177446,0.000997102
0.0117308,0.00662491,0.00622241,0.0142381,0.00417375,0.0103162
0.0162529,0.0101512,0.00535371,0.00601584,0.000437988,0.00279509
0.00734865,0.00517775,0.00327733,0.00499594,0.000956214,0.00128209
0.0105493,0.00730382,0.00405989,0.0013947,0.00164686,0.00135483
0.00475243,0.00326552,0.00638265,0.00010482,0.0013182,0.00156779
0.0315857,0.0124637,0.00941138,0.0107533,0.00329767,0.000536945
0.00851884,0.0057437,0.00839302,0.000767174,0.000699599,0.00157817
0.0110677,0.00752101,0.00351517,0.00285789,0.00114856,-3.77991e-05
0.042025,0.0269819,0.0181071,0.0215492,0.00356768,0.0028364
0.00481614,0.00355649,0.0026715,0.000969443,0.000182753,-0.000393091
0.0129896,0.00883605,0.00801736,0.00339227,0.00136788,0.00124019
0.0081012,0.00553248,0.00340736,0.0063316,0.00121829,-0.000437807
0.0120511,0.00836617,0.00430165,0.004989,0.00256839,-0.000893035
0.00676648,0.00495504,0.00412395,0.00421295,0.000558089,-1.69088e-05
0.0107839,0.00766447,0.00489971,0.00530225,0.00187009,0.000761171
0.00486378,0.00355683,0.00223769,0.00382277,0.00034578,0.000699906
0.0288829,0.0131752,0.0189341,0.0220794,0.00446417,0.00282855
0.0207053,0.0101773,0.0130178,0.0171756,0.00302354,0.000982662
0.00696386,0.00349404,0.00306839,0.00600414,0.000660857,0.000773677
0.0175226,0.00967129,0.00704719,0.0076699,0.0021475,0.00172852
0.0050548,0.00366358,0.00323749,0.00276484,0.000701634,0.000574851
0.0124731,0.00887935,0.00876799,0.0335237,0.010478,0.0304842
0.0170872,0.0119905,0.00578794,0.00240687,0.00106681,0.000224664
0.00798853,0.00382579,0.00418313,0.00473692,0.00122435,5.12368e-05
0.0172736,0.0122075,0.0059471,0.00977751,0.00186751,0.000195992
0.0276034,0.0185554,0.018113,0.0338907,0.00870215,0.00642449
0.0171238,0.00739067,0.0072519,0.00763207,0.00121816,0.00135906
0.0171951,0.00740859,0.00681983,0.00842229,0.00160853,0.00180341
0.00705617,0.00384316,0.00444956,0.00179149,-0.000107837,0.000160288
0.00695698,0.00489132,0.00387716,0.00602718,0.00066658,-0.000656117
0.00878254,0.00605833,0.00333817,0.00231712,0.00194417,-8.63137e-05
0.00459334,0.00332232,0.00406238,0.0107199,0.00164273,0.000652353
0.012868,0.00929166,0.00592794,0.00333535,0.00157805,0.000646198
0.0118813,0.0087786,0.00467785,0.00828338,-0.000558199,-0.00130329
0.00785235,0.00576704,0.00329157,0.00657845,-0.00010311,-0.000620182
0.00870553,0.00572637,0.00423744,0.00324502,0.000858109,0.000286087
0.015143,0.0103677,0.00493744,0.0157906,0.00363011,0.00926467
0.00576765,0.00313894,0.00250695,0.00253284,-0.000972326,-0.000330689
0.00880746,0.00618606,0.00503917,-0.00117454,-0.000485724,0.000157975
0.00405252,0.0031164,0.00242707,-0.00014294,-0.00072527,-0.000979378
0.0117478,0.00776284,0.00364232,0.00382531,0.00105139,0.00067101
0.00918358,0.00621591,0.00244722,0.00561382,0.000709477,0.000642063
0.00534969,0.00391739,0.00279563,0.00475402,0.00162838,0.00060369
0.00741059,0.00512956,0.00402834,0.00607063,0.000946573,0.000401178
0.0105492,0.00556647,0.00722182,0.0242401,0.00586366,0.0121569
0.00810341,0.00311612,0.00441195,0.0118228,0.00158337,0.00614924
0.00800005,0.00508913,0.022341,0.0304387,0.00879229,0.0095228
0.00756606,0.00567616,0.00558097,0.00687069,0.00215811,0.00226575
0.0128284,0.00879969,0.00629331,0.00890797,0.00145349,0.000452581
0.0104927,0.00715695,0.00316077,0.00757997,0.000532863,0.000154177
0.00712621,0.00496489,0.0040634,0.00207731,0.00111017,-0.000242206
0.00999161,0.00690365,0.00420646,0.00499933,0.000531695,-0.00135109
0.0309663,0.0197721,0.0184256,0.0286712,0.00830385,0.0063331
0.0194418,0.0131816,0.00699746,0.0100593,0.00205234,9.80924e-06
0.0164855,0.011537,0.00819736,0.00561287,0.00149496,0.000818587
0.0194774,0.0114677,0.00664848,0.0116421,0.00070679,0.000465815
0.00396821,0.00304837,0.0019332,0.00201612,-0.000571759,0.000247875
0.0168361,0.0110159,0.00560546,0.00369976,0.00212143,0.000754073
0.0133862,0.00650723,0.00640059,0.00616119,0.00192118,0.0016878
0.0143623,0.00648745,0.00694093,0.0085715,0.00274267,0.00178508
0.00509652,0.00352176,0.0035631,0.0033729,0.000760217,0.000324306
0.00736429,0.00510067,0.00248185,0.000105621,0.000426628,-0.000178522
0.0112006,0.00783525,0.00241905,0.00145457,0.000349274,0.00113368
0.0159141,0.00889295,0.0091089,0.0235771,0.00871726,0.0154415
0.0132097,0.00868006,0.00587527,0.00576155,0.00149758,-0.000777682
0.00926215,0.00381621,0.00508104,0.00132313,0.00101053,0.00151921
0.00853805,0.00465281,0.00391365,0.00524065,0.00169823,-0.000430679
0.0237791,0.0132748,0.0145733,0.0118626,0.00177001,0.00169022
0.0104136,0.00503763,0.00361973,0.00662053,0.0018925,0.000148563
0.0123214,0.0062129,0.0048289,0.00771282,0.00154704,0.000712575
0.0193033,0.00761058,0.0113462,0.00994911,0.00309426,0.000513804
0.0177314,0.00726335,0.011332,0.0115137,0.00312007,-1.29637e-05
0.00460223,0.00322463,0.00331223,-0.0020531,0.000528969,-0.00073762
0.0163236,0.0109467,0.00505682,0.00705185,0.00133016,0.0012942
0.0107194,0.00464917,0.0044718,-0.0027228,0.000485304,0.00012118
0.00933498,0.00475974,0.00394206,-0.00131858,9.99327e-05,0.000594557
0.0144915,0.00874636,0.00761833,0.00644346,0.000992831,0.000636831
0.00470197,0.0036696,0.00130186,0.00461403,0.000331165,0.000814801
0.00998522,0.00713203,0.00964157,0.00683737,0.00146627,0.00179708
0.032418,0.0192996,0.0143095,0.0164922,0.00434697,0.00507132
0.036184,0.0193537,0.0149794,0.0167799,0.00405756,0.00558461
0.0181346,0.00945783,0.0225718,0.0665416,0.0229239,0.0412804
0.00691149,0.00498545,0.00331491,0.00314267,0.000893334,-8.79836e-05
0.00664281,0.00503331,0.00371698,0.0052204,2.23125e-05,0.000496547
0.0157669,0.00999694,0.00695868,0.00455987,0.00207005,0.00116934
0.0105684,0.00636404,0.00480406,0.00209383,0.00182558,0.000928796
0.0117753,0.00834035,0.00307871,0.0111831,0.00272025,0.00447936
0.0113683,0.00796945,0.00601687,0.00556513,0.000861668,0.000997689
0.00397292,0.00314163,0.00177196,0.00312017,0.000157888,8.61071e-05
0.00734462,0.00504125,0.00389505,0.00529191,0.00114187,-0.000222738
0.0168053,0.0113851,0.00434222,0.00830153,0.00165656,0.000653552
0.0109315,0.00751887,0.00308257,0.00815132,0.00119467,0.000849514
0.00850542,0.00608037,0.00406497,0.000944513,-5.47597e-05,0.0014291
0.0147669,0.0107365,0.00499492,0.0043951,0.0017044,0.000185707
0.0234664,0.011695,0.0111988,0.0164443,0.00378534,0.00187094
0.0206108,0.0109827,0.00933593,0.011299,0.00264418,0.00116137
0.0065899,0.00415723,0.00299819,0.00344191,0.000203323,0.000988605
0.0330863,0.0191819,0.0140651,0.0177982,0.00298922,0.00259864
0.0129717,0.00436339,0.00482899,0.00337912,-0.000339329,0.000975687
0.0048777,0.00339639,0.00178512,6.34461e-05,0.000232299,0.00039876
0.0074763,0.00401363,0.0033042,0.0047348,0.00205944,-0.00064031
0.00699908,0.00386135,0.00341109,0.00423951,0.00102844,0.000636625
0.0541598,0.0214082,0.0202065,0.0320722,0.00764891,0.00312135
0.0137884,0.00898016,0.00518016,0.0180166,0.00260984,0.00278297
0.00482816,0.0033845,0.00221159,-0.00134152,-2.76771e-05,-1.30497e-05
0.0171825,0.00914761,0.00645252,0.00528565,0.00197143,0.00147918
0.00678093,0.00462682,0.00222161,0.00187191,0.000807349,-0.000219495
0.0214934,0.011329,0.00675142,0.00423757,0.0023592,0.00083058
0.0200598,0.0112577,0.00641361,0.00272193,0.00165684,0.000309334
0.00673241,0.00489039,0.00339577,0.00414297,0.000468768,-0.000981233
0.00545551,0.00405737,0.00202306,0.00136222,0.000565647,0.00064456
0.00638834,0.0040914,0.00300003,0.00243203,4.58866e-05,0.00214879
0.00901317,0.00639354,0.00699731,0.00708294,0.00140009,-0.00017617
0.0115344,0.00793345,0.00586239,0.00620171,0.00143736,0.00083356
0.0170652,0.00996152,0.0086432,0.00799719,0.000844617,0.000459685
0.00905171,0.00478301,0.00598328,0.00689001,0.00166772,0.000808393
0.00931824,0.00480156,0.00598505,0.00672859,0.0015617,0.0010854
0.0129542,0.00594092,0.00498651,0.0029343,0.000696904,0.00170819
0.0185938,0.00947458,0.00688573,0.00201701,0.000160963,0.000704884
0.0109329,0.00508859,0.00491947,0.00982915,0.00185627,0.00175351
0.0115536,0.0057019,0.00508272,0.00946441,0.000408686,0.00180153
0.0299173,0.0170494,0.0112453,0.0151447,0.00226159,0.00148332
0.0160482,0.00707587,0.0067833,0.00546319,0.00124533,0.000300828
0.00717453,0.00507632,0.00267007,0.0014886,0.000904363,-0.000830136
0.0124815,0.00874289,0.00662101,0.00786444,0.00153924,0.00164901
0.0103633,0.00700375,0.00262757,0.0071359,0.000619847,0.0012206
0.00786704,0.00554518,0.00350244,0.00553466,0.000549276,0.000846212
0.0107709,0.00729689,0.00678553,0.0031666,0.00166569,0.000675506
0.0159803,0.00690673,0.00487167,0.011054,0.00127285,1.64136e-05
0.01513,0.00684771,0.00415327,0.00683202,-1.44231e-05,-0.0015699
0.0165818,0.01136,0.00552132,0.0123917,0.000818168,-0.000490293
0.0134208,0.0049312,0.00775444,0.00983386,0.00250281,0.00108416
0.0132883,0.0048047,0.00774376,0.00686983,0.00208858,0.000442562
0.0197897,0.0125808,0.00717191,0.00525532,0.00216601,0.000491757
0.0160484,0.0111822,0.0060356,0.00346239,0.00113345,-0.000501656
0.0242934,0.0135772,0.010905,0.0180763,0.00525266,0.00855315
0.0169241,0.0122824,0.00637088,0.00450822,0.00195768,0.00381063
0.013623,0.00858498,0.00750426,0.0070691,0.000975556,0.00166385
0.0197324,0.0134187,0.00624239,0.0109936,0.00323613,0.000636555
0.0136999,0.00987493,0.00614432,0.00650366,0.00155209,1.72583e-05
0.00888682,0.00377148,0.00469705,0.0067584,0.00152302,0.000501382
0.00910842,0.00390866,0.00485797,0.00756217,0.000250173,1.84907e-05
0.0149728,0.00836244,0.0059689,0.00416257,0.00161052,0.0018754
0.00551812,0.00393233,0.00575467,0.00152934,0.00115171,0.00164058
0.00768361,0.00525658,0.00253866,0.00635974,0.000421406,0.000657198
0.0255419,0.0164551,0.0263605,0.0463264,0.00906634,0.0156161
0.00795678,0.00601117,0.0033221,0.000192356,0.000439223,-0.000655959
0.00618932,0.00476046,0.00389572,0.0038023,0.000307988,-0.00058597
0.0140092,0.00962006,0.00654207,0.0127388,0.00312572,0.00300972
0.0165114,0.0107873,0.00526817,0.00613549,0.000930302,0.000333219
0.00598562,0.00411291,0.00190009,0.00160125,0.000909925,0.00083585
0.0121171,0.00770055,0.00509818,0.00820288,0.00169935,0.00239137
0.0448167,0.0207506,0.0416088,0.048717,0.00987235,0.00350965
0.0464095,0.018518,0.0336187,0.0358722,0.00605537,0.00344349
0.0075497,0.00430069,0.00482336,0.00467645,0.000816408,0.000449561
0.00913811,0.00494009,0.00479798,0.0046888,-0.000217423,0.000415635
0.00436308,0.00327342,0.00551615,0.00727788,0.00090925,0.000634909
0.0139699,0.00969783,0.00847625,0.00914875,0.00143879,0.00217975
0.0118909,0.00669644,0.00583493,0.008883,0.0019971,-0.000839903
0.00658261,0.00298252,0.00376001,0.0041065,0.000599528,-0.000224499
0.012165,0.00767729,0.00506074,0.00561962,6.59219e-05,0.00042597
0.0158341,0.00839503,0.00820117,0.0118621,0.00347839,0.0025357
0.0407441,0.0234131,0.0170228,0.0267899,0.00635972,0.00348917
0.00895535,0.00588603,0.00517277,0.00880983,0.000760498,0.00115759
0.0079042,0.00516755,0.00476359,0.00701658,0.00204256,-0.000861698
0.0110748,0.0074137,0.00288378,0.00540812,0.000529709,0.000506865
0.0393882,0.0231565,0.0168623,0.0231519,0.00331282,0.00173675
0.00775513,0.00563708,0.00185156,-0.00232234,0.000622388,0.000913572
0.00828549,0.00558657,0.00309633,0.00257947,0.000593116,0.00122662
0.00634029,0.00453632,0.00356906,0.00242366,0.00138564,0.000566239
0.00619873,0.00424971,0.00368477,0.00124332,0.00118429,0.000162216
0.0189166,0.0131916,0.00715593,0.01358,0.00233885,0.001848
0.0245347,0.0163848,0.010314,0.0127863,0.00210285,0.00164185
0.0127718,0.00871175,0.00397953,0.00419735,0.00196961,0.00281428
0.0104771,0.00719628,0.00437527,0.00397344,0.000998738,0.000321361
0.0131599,0.00762986,0.00564285,0.00702947,-1.14066e-06,-0.000692044
0.00683574,0.00521798,0.00221864,0.00323227,0.000607153,0.000846297
0.013681,0.00571064,0.00676572,0.00960659,0.00279604,0.000601107
0.0135224,0.00575799,0.00660997,0.00707105,0.00237549,0.000341886
0.00922038,0.00653542,0.00517257,0.00272962,4.60063e-05,0.00183466
0.0135084,0.00968378,0.00411269,0.0109409,0.00379612,0.00753626
0.0134727,0.00998816,0.0064116,0.00436884,0.000242274,1.71061e-05
0.00666189,0.00353445,0.00362914,0.00217612,0.000547069,-0.00078842
0.00679914,0.00508854,0.00299312,0.00550531,0.000275256,-0.0010223
0.0129258,0.0086074,0.00550459,0.00574408,0.0013476,0.00113414
0.00769562,0.00526472,0.00531887,0.00411751,0.00184284,7.79044e-05
0.00742136,0.0050453,0.00410728,0.00182509,0.000237341,-0.000235404
0.0103747,0.00706905,0.00473891,0.0046875,0.00109107,3.84529e-05
0.010594,0.00638422,0.00400652,0.00390202,0.000610449,0.000175336
0.00889544,0.00537191,0.00366436,0.00152386,0.000680052,0.000908713
0.0206481,0.0125375,0.00792128,0.00910799,0.00145372,0.00202677
0.0115152,0.00695209,0.00505043,0.0043152,0.00152632,0.000975252
0.0106337,0.00719677,0.00457643,0.00610322,0.000288919,0.000143455
0.0121217,0.00830479,0.0040963,0.00625879,0.00161944,0.000600316
0.00729412,0.00543881,0.00295258,0.00778661,0.0014295,0.00131453
0.00418931,0.00312652,0.00221375,0.00557373,0.000825277,-8.40397e-05
0.00434928,0.00318945,0.0020967,0.00275083,0.000211978,0.0011752
0.0060653,0.00420284,0.00446097,0.00247304,0.00127384,-0.00222911
0.00610877,0.00429652,0.00275978,0.00428732,0.000914855,0.000179265
0.01498,0.00968535,0.00867934,0.00713818,0.00199283,0.000552158
0.0126721,0.00580656,0.0061343,0.0244426,0.005581,0.0212353
0.0072676,0.00524712,0.00336808,0.00513225,0.00123188,-5.64787e-06
0.00780114,0.00565144,0.0026469,0.00449762,0.000817302,0.00118379
0.0387175,0.0169035,0.0360458,0.0731705,0.0225196,0.0403955
0.0261862,0.00991747,0.0213038,0.0428475,0.0138025,0.025628
0.0119594,0.00840548,0.00418245,0.0206524,0.00679057,0.014041
0.0118917,0.00813199,0.00684155,0.00451852,0.000979272,0.000155341
0.011757,0.00815844,0.00464185,0.00395618,0.000618756,9.87681e-05
0.00598172,0.0042828,0.00308951,0.00230083,9.69147e-05,0.000365265
0.0258751,0.017461,0.0129407,0.0155212,0.00418327,0.00345075
0.0111335,0.00706998,0.00514608,0.00391097,0.00157739,0.00112953
0.00871998,0.00593728,0.00641787,0.000355642,0.00112324,0.000528942
0.00520468,0.00394993,0.00360728,0.00156676,0.00111633,0.00120694
0.0185147,0.0126749,0.00735926,0.00769464,0.00125357,-0.000492469
0.0100247,0.0066024,0.00371323,0.00571124,0.00012568,0.000210955
0.0174139,0.00732431,0.00869184,0.00713902,0.000966506,0.00133702
0.0158968,0.00652056,0.00717128,0.0018347,0.00045414,0.00149895
0.0109789,0.00621592,0.00453012,0.0010493,0.000818358,0.00155481
0.0117226,0.00833748,0.00536238,0.00749392,0.000739779,0.00141529
0.00938945,0.0064754,0.00523919,0.00595892,0.00237062,0.000347544
0.0195728,0.00821537,0.00754043,0.0133687,0.0018511,0.00195274
0.0199139,0.00825176,0.00755955,0.0120655,0.0018294,0.00134028
0.0065556,0.00475067,0.00472953,0.00426144,0.00159221,-0.00135466
0.0163934,0.0113864,0.0104688,0.0128368,0.00208488,0.00148928
0.0136879,0.00820987,0.00494475,0.00619674,0.00118122,0.00234947
0.0113756,0.00530691,0.00469095,0.00244635,0.000545063,0.00123679
0.0055714,0.00314986,0.00309905,0.000388574,0.000434502,0.00050216
0.0112011,0.00824513,0.00595775,0.00724482,0.000691757,-0.00196918
0.00501015,0.00357748,0.00303346,0.000626013,0.000155535,-0.000621767
0.0217753,0.0145079,0.0127723,0.0184237,0.00510013,0.000320527
0.00731276,0.003307,0.00308794,0.00472352,0.000695008,-0.000188966
0.00624919,0.00409225,0.00385943,0.00525441,-0.000209439,-0.000503048
0.0112461,0.00838917,0.00541183,0.00690619,0.00229824,0.000926545
0.0234794,0.0131667,0.00961903,0.0104527,0.00340446,-0.000362076
0.0102463,0.00388872,0.00623015,0.0127365,0.00147642,0.000992805
0.0183812,0.012862,0.00555701,0.00443691,0.00227794,0.000439472
0.00660387,0.00465866,0.0036441,0.00378488,0.000135999,-3.407e-05
0.0128927,0.0056044,0.00440569,0.0133873,0.00166006,-0.000630597
0.0146765,0.0103168,0.00534069,0.0087164,0.00136221,0.00178171
0.00710336,0.00526488,0.00341757,0.00142391,0.000935138,0.00186212
0.0139691,0.00991052,0.00513165,0.00836775,0.000938835,-0.000740821
0.00706774,0.00521364,0.00475544,0.00563838,0.00202221,0.000729082
0.0125688,0.00891736,0.00503722,0.00727799,0.00154542,-0.000702334
0.00932557,0.00648709,0.00414695,0.00504282,0.00174819,0.00156091
0.00915157,0.00605517,0.00458023,0.00250162,0.00127183,0.000931998
0.01459,0.00991345,0.00468001,0.0035202,0.00111386,-0.000975307
0.008116,0.0058227,0.00546551,0.00144372,0.000139582,0.00172799
0.0152452,0.0103664,0.00351581,0.00590094,0.000496551,-1.42729e-05
0.0115658,0.00823148,0.00594498,0.00635809,0.00198538,0.000950023
0.0132387,0.00919786,0.00872424,0.01002,0.0015837,0.00132965
0.0159539,0.010453,0.00762296,0.00318502,-0.000167377,0.0025107
0.00512871,0.00361369,0.00414945,9.75758e-05,0.000300724,-0.000396461
0.0221406,0.0146954,0.00834124,0.0148714,0.000409171,0.000211972
0.0312123,0.0194406,0.0125117,0.0125957,0.00334012,0.000861646
0.0165409,0.00997317,0.00769651,0.0076257,0.00135016,0.000855991
0.0236692,0.00883856,0.0110277,0.0111796,0.00139739,0.00174223
0.0141589,0.00732401,0.006395,0.00829714,0.00109337,0.000682869
0.00920959,0.00648218,0.00341556,0.00316561,0.000903595,0.000221922
0.0105827,0.00767506,0.00544611,0.00408069,0.0009487,0.000995801
0.00656887,0.00483739,0.00173707,-0.000379851,0.000866542,0.000502734
0.0117299,0.00849259,0.00749617,0.00965124,0.0021449,0.00228981
0.0095357,0.00695072,0.00476348,0.012033,0.00215761,0.000513449
0.0126688,0.00533741,0.0117781,0.0100196,0.00273381,0.00156292
0.0100396,0.00714381,0.0068259,0.00888778,0.00142695,0.000146277
0.0157304,0.0109748,0.00547541,0.00342626,0.00238217,0.00125238
0.015895,0.0062092,0.00725486,0.0107081,0.0022418,0.00611025
0.0167373,0.00699906,0.00691964,0.00966506,0.002178,0.00598854
0.00835693,0.00589303,0.00309393,0.00959483,0.00109385,-9.66302e-05
0.00865152,0.00619818,0.00341567,0.00473749,0.00121598,0.00101717
0.00810326,0.00582899,0.00395213,0.000772392,0.00101655,0.000592544
0.00715034,0.00474565,0.00240052,0.00439311,0.000548694,0.000675777
0.00616476,0.00448638,0.00211215,0.00241966,0.000645016,0.000413401
0.0168181,0.0111569,0.00891926,0.0108955,0.00275967,0.00215225
0.0273983,0.0161708,0.00920159,0.0102287,0.00225456,0.00121702
0.00824111,0.00585197,0.00358657,0.00288901,-0.000345644,0.000473467
0.00697233,0.0047167,0.00560739,0.00584307,0.00154474,0.00155521
0.00556282,0.00403843,0.00320434,0.00312932,-3.92208e-05,-0.000686372
0.00876298,0.0059843,0.00408125,0.00725525,0.0007205,-3.18616e-05
0.0132434,0.00952991,0.0037334,0.00451848,0.00135867,-0.000175088
0.0191822,0.00777944,0.00840372,0.00866982,0.00211875,0.000503544
0.0197519,0.00779421,0.00842556,0.00901644,0.00194383,0.00105896
0.0109364,0.0067391,0.0042726,0.00361511,0.00169816,0.000819824
0.00867313,0.00455699,0.00300927,0.000803539,0.000960843,0.00159546
0.0203808,0.0122177,0.00742393,0.0114908,0.00231648,0.00178706
0.0102844,0.00642383,0.00605751,0.00529286,0.00136724,0.00109517
0.0094732,0.00624995,0.00295991,0.00134399,0.000761271,0.000649872
0.00904706,0.00604151,0.00711147,0.0130136,0.000639869,0.000488188
0.0160222,0.010938,0.00655631,0.0117632,0.00205012,0.00304838
0.00881636,0.00603828,0.00398133,0.00174122,0.000408139,0.000270336
0.0112535,0.00767297,0.00228183,0.00775566,0.000345194,0.000345233
0.0174292,0.0116877,0.0156808,0.0244927,0.00386831,0.00453985
0.00769935,0.00331156,0.0035182,0.00855366,0.00162283,0.000569138
0.0277946,0.0170577,0.0115397,0.0120975,0.00279121,0.00250907
0.00703722,0.00527075,0.00455479,-0.00156659,0.00124106,-0.000889709
0.00898628,0.00616438,0.00622586,0.00673788,0.000641033,9.21636e-05
0.00800026,0.00363987,0.0039401,0.0067041,0.000886928,-0.00116219
0.00824887,0.00375856,0.00376902,0.0032123,0.000572217,-0.000754682
0.0177429,0.0129278,0.00558983,0.00538915,0.00180786,0.00105237
0.0115005,0.00811233,0.00375502,0.00347263,0.00068266,0.000962567
0.0111247,0.00802118,0.00439851,0.00419234,0.000386802,0.000894017
0.00613413,0.00319838,0.00409262,0.00617958,0.000608229,0.000594049
0.0100145,0.00669061,0.0042139,0.00312014,0.000613758,-0.00174286
0.00975203,0.00651109,0.003522,0.00270481,0.000894235,0.00017249
0.0142,0.0098155,0.00524926,0.00558116,0.00155399,0.00148947
0.024449,0.0127826,0.0120227,0.00935075,0.00357562,0.00284057
0.0260099,0.0127975,0.0128323,0.0114755,0.0037139,0.00209536
0.00869545,0.00382571,0.00514917,0.00339831,0.000464312,0.00140489
0.0303632,0.0151555,0.00923457,0.0114587,0.00338269,0.00132106
0.0254485,0.0104424,0.00763665,0.00698244,0.00123396,0.000224165
0.00692464,0.00461806,0.00321935,-0.000896623,0.000237564,-0.00134639
0.00760461,0.00407687,0.00669439,0.00853227,0.00206849,0.000420524
0.00951617,0.00667957,0.00629499,0.00266309,0.000419804,0.00114506
0.0151019,0.0103173,0.00873442,0.00877807,0.00153296,0.00275118
0.0182214,0.0128308,0.00766995,0.00998056,0.00123224,-0.000375714
0.0121711,0.00600311,0.00411191,0.000419246,0.000873714,0.000257543
0.0105005,0.00739129,0.0056983,0.00365281,0.000924015,0.00100323
0.00647793,0.00479014,0.0028045,0.000745921,0.000905612,0.000175015
0.010211,0.00569922,0.00425719,0.00877163,0.00497942,0.00921999
0.0200348,0.0128849,0.00626401,0.0208661,0.00646835,0.0135244
0.0152176,0.0105983,0.0121583,0.0134611,0.00296407,0.00191772
0.0212683,0.0145152,0.00703693,0.00490092,0.00135616,0.00196711
0.0122566,0.00712224,0.0053455,0.00295801,0.000191338,-0.00124383
0.00981305,0.00682996,0.00476283,0.00810545,0.00165662,0.00101754
0.0160224,0.0110672,0.00635238,0.0100207,0.00104888,0.00010782
0.0110084,0.00793875,0.00355883,0.00488769,0.00115844,2.15813e-06
0.0101547,0.00691316,0.00434009,0.00470399,0.00119812,0.000459986
0.0236009,0.0127236,0.00882222,0.00976012,0.00236892,0.000870834
0.0258635,0.0127209,0.00902517,0.00929135,0.00275886,0.00104192
0.024547,0.0099516,0.00989434,0.00741592,0.00266747,0.00186653
0.0319424,0.0101089,0.013858,0.0133311,0.00292545,0.00275457
0.0175706,0.00789868,0.00820197,0.00583645,0.001121,0.00129059
0.011944,0.00821549,0.00377616,0.006117,0.00156568,0.000935261
0.0169322,0.0112959,0.00828297,0.0107405,0.00183947,0.00016285
0.00899288,0.00431844,0.0061188,0.00316826,0.000839844,0.00106016
0.0205769,0.0104247,0.0146039,0.0542428,0.0169305,0.0504022
0.0226805,0.0113608,0.0111464,0.0283043,0.00718675,0.0246811
0.00825065,0.00561119,0.0051786,0.00496072,0.00209058,0.00172549
0.0172288,0.00876566,0.0078062,0.0103555,0.00230764,0.0021266
0.0423375,0.0243264,0.0234413,0.0315133,0.00516234,0.00375299
0.00610389,0.00429088,0.00278973,-0.00154687,0.000449451,-0.000347539
0.0184205,0.0123802,0.00673914,0.0103259,0.00086429,0.000381975
0.0111325,0.0080236,0.00335137,0.00339211,0.000841022,-0.000144696
0.0284356,0.0127001,0.0101329,0.0145049,0.00308807,0.0022382
0.0360395,0.0134581,0.0133167,0.022374,0.00417899,0.000715524
0.00505125,0.00338153,0.00198454,0.0047042,-6.6579e-05,0.00187664
0.0158948,0.0112588,0.00425718,0.00953462,0.00106398,0.00227217
0.00943958,0.00670263,0.0037759,0.00706311,0.00137247,0.00143044
0.00533904,0.00417018,0.00235873,0.0042038,0.000233614,0.000531578
0.0148315,0.0102285,0.00773177,0.00529851,0.00319602,0.00240725
0.00495507,0.00368489,0.0023629,0.00120301,-0.000410932,-0.000203499
0.0069178,0.00342041,0.00294049,0.00646319,6.57366e-05,-0.00092644
0.00962589,0.0055414,0.00507762,0.00177204,0.000603604,-0.000211947
0.0211417,0.0125965,0.00836894,0.0128561,0.00115689,0.00221033
0.0210537,0.0116304,0.00915771,0.0139339,0.00156812,0.000939038
0.0155852,0.010753,0.00872386,0.00419732,0.00118209,0.00128531
0.00924553,0.00637264,0.00200515,0.000347144,0.000512062,0.000829903
0.00776718,0.00484622,0.00299852,0.00818893,0.00120204,-0.000665577
0.011179,0.00762138,0.00397412,0.00832738,0.000502682,0.00164639
0.0149444,0.010322,0.00848631,0.0122247,0.0015368,0.00165461
0.00572092,0.00399232,0.00404986,0.00459642,0.000746646,0.000150219
0.036542,0.020983,0.0149335,0.0186324,0.00520664,0.0029697
0.013383,0.00896754,0.0049134,0.0048611,0.00131899,0.00214085
0.00694736,0.00501648,0.00477062,0.0048304,0.000196431,0.000158315
0.0122115,0.00890216,0.00712883,0.00772032,0.00216849,-0.00016749
0.0124967,0.00657597,0.00653292,0.00800441,0.0019178,0.000499704
0.0120179,0.00572444,0.00833531,0.0121359,0.0024209,0.000894434
0.0164144,0.0118068,0.00786735,0.0116982,0.0008917,0.00163124
0.00923199,0.00480567,0.00567264,0.00404199,0.00184935,0.000877635
0.010259,0.00695859,0.00478389,0.00526373,0.000308418,0.00111389
0.0174843,0.0104692,0.00677305,0.00802465,0.000947562,0.000631581
0.00568769,0.00398181,0.00204155,0.00724059,-0.000639721,0.00169303
0.0264966,0.0178012,0.0189712,0.0271372,0.0078752,0.0175783
0.0144941,0.00627299,0.008512,0.00775804,0.00208054,0.00127413
0.014166,0.00633995,0.0085748,0.00599938,0.00143403,0.000808373
0.00697725,0.00472137,0.00332988,0.00261764,-0.000230188,0.00126428
0.0109962,0.00762341,0.00299494,0.00204802,0.000644769,-0.000428997
0.0229288,0.0158454,0.00812148,0.0116774,0.00165391,0.00178097
0.0104658,0.00714195,0.00626107,0.0133393,0.00141939,0.000433069
0.00750644,0.00462014,0.00391705,0.000210463,0.00198425,0.000350865
0.0123166,0.0081122,0.00664701,0.0150788,0.00130811,0.00300267
0.0235255,0.00943372,0.0110078,0.0155632,0.00217248,0.00271908
0.0195718,0.00747874,0.00835486,0.0067141,0.00123527,0.00231154
0.00571538,0.00411307,0.00415264,0.00380392,-0.000122425,0.000660702
0.00497445,0.00322074,0.00211739,0.00431116,0.00118201,0.00429322
0.00711882,0.00473278,0.00314507,0.0226722,0.00611182,0.0233338
0.00612416,0.0040933,0.00163472,0.00606289,0.000619425,-0.000102226
0.0211619,0.0124182,0.00857856,0.0121553,0.00145471,0.000608962
0.00996304,0.00690474,0.00332319,0.00323674,0.000585986,0.00105661
0.00743932,0.00532202,0.00335273,0.00259317,0.000766676,0.000206119
0.0107567,0.00769744,0.00452877,0.00551396,0.00116049,0.000549264
0.0319373,0.0187065,0.0157081,0.0119014,0.00381374,0.00146008
0.00541936,0.00363803,0.00231063,0.00415869,0.00176848,-0.000825098
0.0056981,0.0041235,0.00297482,0.00444343,-0.000269587,0.0019029
0.00932069,0.00652008,0.00247084,0.0083286,0.000936401,0.000543023
0.0142106,0.00722445,0.0102443,0.00730452,0.00143185,0.00294982
0.0132534,0.00727274,0.0103552,0.00848214,0.00179006,0.0014472
0.0145952,0.00997247,0.00472166,0.0102086,0.00170073,0.00137939
0.0126903,0.00869087,0.00692043,0.00608083,0.00198411,0.00175036
0.0213453,0.0140111,0.00683017,0.0102909,0.00637198,0.0100015
0.00664711,0.00482356,0.00279891,0.00441114,0.00120189,0.000436583
0.00957405,0.00639502,0.00206236,0.00427274,0.00103337,0.00237154
0.0066242,0.0043998,0.0045863,0.00340013,0.000301092,0.000115743
0.0136594,0.00932209,0.00803668,0.0086635,0.00247984,0.00161824
0.00988551,0.00670064,0.00359791,0.00705862,0.00113157,7.80999e-05
0.0136021,0.00929877,0.00488362,0.0124328,0.00127425,0.00149318
0.00701024,0.00506563,0.00244168,-0.00061414,0.000407823,0.00131166
0.0185514,0.0109177,0.00747129,0.0106032,0.00227613,0.00116849
0.0133071,0.00901135,0.0045091,0.00404544,0.000918686,-0.00161128
0.00609602,0.00398795,0.00209546,0.00721967,7.18303e-05,0.000132831
0.00920479,0.00632567,0.00448344,0.0111228,0.00191634,0.000889273
0.00851753,0.00630389,0.00249267,0.00522401,-0.000115645,0.00036278
0.010789,0.00735685,0.00389599,0.00722735,0.000730414,0.00137673
0.00986076,0.00714772,0.00227913,0.00278548,0.000718668,0.000622806
0.0120079,0.0084675,0.00285708,0.00324393,0.00110373,0.000217437
0.00932566,0.00630986,0.00356142,0.00849814,0.000488002,0.000901111
0.0143745,0.0104218,0.00550219,0.00605119,0.00131058,0.00246096
0.015898,0.00985203,0.00574012,0.0122477,0.00229402,0.00152588
0.00934221,0.00407216,0.00440856,0.00746065,0.00133794,0.00113124
0.00565946,0.00438098,0.00391207,0.0032039,0.00062804,0.000951708
0.0128743,0.00928636,0.00613203,0.0111986,0.00202064,0.000863244
0.00705846,0.00510286,0.00700784,0.00680935,0.00188726,0.000800725
0.00453404,0.00354331,0.00227483,0.00602585,0.000875228,0.00207368
0.00850743,0.00591766,0.00409946,0.00616507,0.00185323,0.000751418
0.0191252,0.0107758,0.00543449,0.00949642,0.00238808,0.00188066
0.044034,0.0219061,0.0093542,0.0185794,0.00408619,0.00289711
0.00698392,0.00464988,0.00485405,0.0051784,0.00103945,0.00170082
0.0101543,0.00612512,0.00446197,0.00653962,0.00106549,0.00134859
0.00773563,0.00309588,0.00401605,0.00352058,0.000160875,0.00125428
0.00781341,0.00533007,0.00337986,0.00374613,0.0011745,0.000601911
0.00833706,0.0062196,0.0057237,0.00160654,0.000715318,6.79607e-05
0.00605567,0.00454931,0.00471746,0.00459011,-0.00010026,-0.000285015
0.0119813,0.00855355,0.00388021,0.00888196,0.000498846,-0.000472554
0.0276722,0.0101715,0.0137968,0.0166362,0.0033103,0.00138092
0.0277727,0.0102277,0.0136592,0.0145272,0.00316661,0.00133558
0.00550901,0.00376512,0.00300652,0.00103647,0.000706373,-0.000380482
0.0075515,0.00487823,0.00318688,0.0018224,0.00136717,0.00553983
0.0076251,0.00536574,0.00296919,0.00171541,-0.000108414,-1.5276e-05
0.0118249,0.00822796,0.0064892,0.00500702,7.1213e-05,0.00204639
0.0215698,0.00918265,0.00716118,0.00940965,0.00194208,0.00130278
0.0270848,0.00922206,0.0093716,0.0185633,0.00371168,0.00812406
0.0169641,0.00686827,0.00579827,0.0138344,0.00302859,0.00774814
0.0193717,0.0114938,0.00947282,0.00924874,0.00134452,0.00134846
0.00935936,0.00643728,0.00527227,0.0109649,0.00127709,0.00176745
0.00428497,0.00316608,0.00201727,-0.000739742,0.00013059,0.000504257
0.012991,0.00923282,0.00551798,0.00673668,0.001405,0.00098309
0.0143464,0.00640683,0.00513196,0.00712421,0.00090714,-0.000916609
0.0154247,0.00636266,0.0053962,0.00815068,-0.000374263,6.80131e-06
0.010187,0.00600299,0.00362552,0.00242905,0.000906915,-0.00049584
0.00455014,0.00336879,0.00244388,9.38372e-05,0.000172246,-0.000504769
0.0176413,0.0118699,0.00432117,0.00980726,0.000515123,0.00158655
0.0108252,0.00740245,0.00430389,0.00329654,0.000113762,0.000735173
0.00840179,0.00559555,0.00352662,0.00429256,0.00084954,0.000656591
0.0151096,0.0101196,0.00692494,0.00675686,0.00239034,0.000308781
0.0143676,0.01013,0.00589882,0.0106301,0.00130465,0.000728697
0.00422248,0.00328494,0.00136773,-0.00134227,3.32868e-05,0.00057353
0.0043966,0.00340789,0.00297464,0.0057647,-0.00016136,0.000819187
0.0118528,0.0066936,0.00659762,0.00715824,0.00199921,0.00466905
0.0261978,0.0132073,0.0127152,0.0143503,0.00415829,0.010541
0.00544956,0.00350636,0.00295501,0.00259024,0.00165316,0.00153014
0.00522259,0.00394095,0.00369327,0.00501474,0.000222462,6.64007e-05
0.00925792,0.00631341,0.00320148,0.00594119,-7.3084e-05,-0.000308181
0.0134865,0.00516474,0.00747404,0.00779369,0.00172358,0.00258941
0.0134298,0.00528721,0.00714449,0.00728844,0.00210242,0.00230954
0.00429754,0.00307451,0.00120999,0.0152212,0.00694201,0.0155765
0.0250831,0.0171314,0.011696,0.017622,0.00488723,0.00217981
0.0111452,0.00796455,0.00937877,0.0137503,0.00183841,0.000991046
0.00763445,0.00531467,0.00155648,0.00139901,0.0015545,-0.000582967
0.00530829,0.0037464,0.00254034,0.00136422,0.000151281,0.000448815
0.00952684,0.00488046,0.00429094,0.00129529,0.00132142,0.00145899
0.00511137,0.00373201,0.00128881,0.00191444,0.000151181,-0.00010972
0.00966194,0.00708994,0.00398684,0.00705604,0.000980817,0.00063888
0.0059414,0.00412529,0.00423631,0.00592965,6.19902e-05,0.000941371
0.0137082,0.00950967,0.00403084,0.00848493,0.00161155,0.000983587
0.0141193,0.00983972,0.0049094,0.00628025,0.000654311,0.0026472
0.0122882,0.00873016,0.00533966,0.00562253,0.00170009,0.00129997
0.0220139,0.0146942,0.0088174,0.00910856,0.00212525,0.00255538
0.0132985,0.00936088,0.00648633,0.00809468,0.0022458,0.00199837
0.00916002,0.00633468,0.00523255,0.00930897,0.000379941,0.00152386
0.0157284,0.0108031,0.0134828,0.0329856,0.0118618,0.0199374
0.0329526,0.0120778,0.0219693,0.0450149,0.0140158,0.0239405
0.0292193,0.0120993,0.0190125,0.0385544,0.00998981,0.0178089
0.0208656,0.0141463,0.00589632,0.00910279,0.00193769,0.00163451
0.01016,0.00713142,0.00389986,0.00715504,0.00213149,0.00232588
0.00817861,0.00356177,0.00371207,-0.000674409,-0.00037569,-0.000219546
0.00756923,0.00352292,0.00385753,-0.00132582,-0.000215886,-0.000672578
0.0175339,0.0116337,0.00890633,0.013229,0.00211823,0.00117259
0.0151384,0.0101295,0.00345825,0.00823718,0.000372926,0.00214035
0.0233027,0.0151719,0.00808637,0.0130377,0.00318949,0.00206982
0.0153418,0.0105503,0.00477715,0.00544401,0.000531733,0.00160971
0.00966029,0.00648202,0.00718315,0.000303855,-0.000713622,-5.67554e-05
0.0108793,0.0077723,0.00477225,0.00908194,0.000913626,-9.22511e-05
0.0118364,0.00816961,0.00391058,0.00630149,0.000860699,-0.00053463
0.00816986,0.00583961,0.00250986,0.00482025,-0.000330358,0.000639453
0.0258304,0.0106168,0.00913673,0.00938871,0.00172553,0.00164058
0.0264763,0.0105456,0.00936199,0.0105223,0.000486395,0.00184339
0.00830052,0.00597376,0.00381534,0.00542704,0.000223109,-0.000350393
0.0051645,0.00357836,0.00286433,0.00635783,0.00039242,-0.00024078
0.0078205,0.00566712,0.00701806,0.00708153,0.00216575,0.00241659
0.00639518,0.00484854,0.00256337,4.98734e-05,0.000286784,-0.000601642
0.00534188,0.00362191,0.00217614,0.00334478,-0.000683848,0.000529163
0.00614746,0.00467492,0.00193187,0.00438572,0.000104371,2.96603e-05
0.0163634,0.011418,0.00561745,0.00856715,0.00135641,0.000372664
0.0108847,0.00776263,0.00472666,0.00504543,0.000989576,0.000925764
0.00637039,0.00352047,0.00561258,0.0054659,0.0010444,0.00118472
0.015315,0.00985675,0.00979,0.0113834,0.00304565,0.00223932
0.021721,0.0101625,0.011938,0.0157083,0.00333777,0.00274852
0.0143418,0.00542814,0.00557834,0.00825905,0.000768563,0.0010479
0.0151144,0.0106672,0.00638386,0.00724728,0.00215062,0.000775262
0.012698,0.00889687,0.00442147,0.00714588,0.000347715,0.00140063
0.00840273,0.00573241,0.00286218,0.00126575,-0.000375126,5.14963e-05
0.0174021,0.0118095,0.00586723,0.00734025,0.000624265,0.00194675
0.0269778,0.0138142,0.00692807,0.0137879,0.00328129,0.0017809
0.0107984,0.00780782,0.00439672,0.00577397,0.00144932,0.00103935
0.049232,0.0266933,0.0277464,0.0365964,0.00940267,0.00810382
0.0534102,0.0268074,0.0287068,0.0392654,0.00913742,0.0079755
0.0156514,0.00922469,0.0113827,0.0112804,0.00259323,0.000861797
0.00468502,0.00342019,0.0018532,0.00336031,0.000151713,0.000898277
0.0201968,0.0102602,0.0143782,0.0186313,0.00195431,0.000655724
0.00824441,0.00576072,0.00379728,0.00905712,0.000669867,0.000668
0.00570206,0.00414821,0.00312613,0.00674282,0.00199228,0.00117165
0.00614688,0.00448724,0.00366602,0.00802186,0.00135867,0.000463153
0.0115663,0.00817561,0.00533285,0.0099021,0.00234748,0.00128712
0.0171976,0.0108881,0.00927225,0.00835111,0.00135737,-0.00036428
0.0165541,0.0104485,0.00736122,0.00880821,0.00185223,0.000517214
0.0063949,0.00483366,0.00244967,0.00593223,0.000403644,0.000667131
0.0126458,0.00822347,0.00528617,0.00139946,0.00183949,-0.000464465
0.0105036,0.00740408,0.00545007,0.00793391,0.000593963,0.000727231
0.0129809,0.00522623,0.00596842,0.00494389,0.00159008,-0.0017332
0.00470551,0.0031518,0.00283706,0.0012433,0.000844242,0.000770003
0.00828867,0.0039852,0.00383418,0.0113521,0.000405213,0.00149736
0.0108969,0.00387339,0.00522843,0.013481,0.00104433,0.00094846
0.0119067,0.0071837,0.00506934,0.0049717,0.000471564,0.000659857
0.0196297,0.0120178,0.0188834,0.0350447,0.00781892,0.00868474
0.00658428,0.00508581,0.00404014,0.00451701,-0.000150923,0.000579834
0.00858573,0.00613033,0.00419472,0.00688492,0.000591614,0.000953907
0.00497354,0.00374003,0.00426651,0.000973569,0.000191737,-0.000837296
0.0125421,0.00865338,0.00498983,0.00895127,0.00161107,-0.00114029
0.00545772,0.00320207,0.00406629,0.00125151,0.000396928,4.10144e-05
0.0129938,0.00602493,0.00658524,0.00582053,0.000760459,0.000884378
0.00736778,0.00514345,0.00798423,0.0101764,0.00260119,0.000991323
0.00948802,0.00683671,0.00964149,0.0127435,0.00160718,0.00147388
0.0106171,0.00710841,0.00440359,0.00575421,0.000948676,0.00139284
0.00740088,0.00456681,0.00274686,0.00140936,0.000563975,0.000231363
0.0162092,0.0114705,0.00588858,0.00789246,0.00126618,0.000720912
0.0122592,0.00827735,0.00598457,0.0113319,0.000820188,0.0020991
0.0217585,0.0109392,0.00788579,0.0145282,0.00176211,0.0010712
0.0217225,0.0110789,0.00765353,0.0156293,0.00201736,0.000824935
0.0164544,0.0111616,0.00523722,0.00857434,0.00234138,0.000695961
0.00948211,0.00686265,0.00491249,0.000610263,0.000941753,0.00120368
0.0224451,0.012456,0.0106993,0.00897637,0.00272067,0.00171015
0.0148414,0.00995289,0.0054833,0.00647683,0.00104406,0.000573213
0.0119715,0.00804131,0.00378039,0.00330559,0.00118815,-0.000204296
0.0168136,0.0105037,0.00599187,0.0118253,0.00254308,0.00150052
0.0224355,0.0104352,0.0092264,0.0177506,0.00473425,0.00733976
0.0204784,0.0135519,0.0140729,0.0225028,0.00332957,0.00220763
0.0110595,0.00787681,0.00310051,0.00426078,0.00354855,0.00685395
0.0208575,0.00954564,0.00563429,0.00990567,0.00185563,0.000930022
0.0362435,0.0139717,0.0172395,0.0266418,0.00480202,0.00127709
0.0290474,0.0126178,0.0174048,0.0283182,0.00436306,0.000936362
0.00954392,0.00673746,0.00332098,0.000882351,0.000681068,-4.05725e-06
0.00740799,0.00545974,0.00666699,0.00587414,0.00144406,0.000908983
0.00671809,0.00500021,0.00236628,0.00341022,-0.000180396,-0.000655389
0.00925562,0.00336773,0.00367354,-0.00030774,0.00671356,0.269658
0.028749,0.0193093,0.00930314,0.0078575,0.017256,1.04721
0.0059487,0.00403167,0.00307326,0.00372189,0.00104064,0.000713151
0.00516363,0.00365175,0.00277244,0.00267487,-0.000343445,-0.000411923
0.0321445,0.0138354,0.0159895,0.0118718,0.00236607,0.000979006
0.0262546,0.0137562,0.0120841,0.00937981,0.00135626,0.00212747
0.0161901,0.00685651,0.00779587,0.00876382,0.0023263,0.00190294
0.0465131,0.0163561,0.0187365,0.0211687,0.00362507,0.00467462
0.0419175,0.0164322,0.0173097,0.0220367,0.00333631,0.0038357
0.0360336,0.016772,0.0124473,0.0188836,0.00351519,0.00112947
0.0366388,0.0166469,0.0127319,0.0205477,0.00404192,0.0022241
0.0141351,0.00708606,0.00692471,0.0100226,0.00144396,0.00193168
0.0205206,0.00913716,0.00924769,0.0139878,0.00275859,0.00111989
0.021274,0.00923258,0.00935635,0.014332,0.00265186,0.00109787
0.00973177,0.00692629,0.00196025,0.0089753,0.00143221,-0.000343211
0.00647327,0.00479084,0.00259804,0.00359267,0.00103566,0.00036248
0.00437761,0.00330662,0.00241043,0.000212987,5.70798e-05,-0.000579567
0.0109651,0.00690831,0.00644013,0.00556222,0.00082563,0.000546109
0.0218809,0.0104611,0.00876763,0.0094737,0.00105273,0.00214147
0.0068016,0.00477956,0.00460395,0.00499323,2.86038e-05,0.000563113
0.00723582,0.00522764,0.00384226,-4.1197e-05,0.000669408,0.000661883
0.00517321,0.00342294,0.00301217,0.00587194,-0.000265659,0.000471996
0.0116456,0.00811222,0.00634909,0.00336021,0.0013431,0.0015005
0.0226983,0.0140853,0.0111657,0.0145011,0.00223315,0.00281124
0.013819,0.00956558,0.00412096,0.00438572,0.00252169,0.00273356
0.0102437,0.00627344,0.00440223,0.00146564,0.000530192,0.00145564
0.0102129,0.00583051,0.00778427,0.0092923,0.00196027,0.00135524
0.00914278,0.00624468,0.00358104,0.00570967,-0.000481248,-0.000126098
0.00392407,0.00312725,0.00204078,0.00198722,0.000244367,-0.000361296
0.00441357,0.00297741,0.00280227,-0.000997188,0.000193999,0.000428637
0.00755758,0.00535465,0.00401342,0.00558447,0.000272718,-9.45818e-05
0.00722771,0.00528931,0.00472429,0.00314544,0.00139657,0.000764082
0.019736,0.0101603,0.0115608,0.0110852,0.00222032,0.00183283
0.0237523,0.0127854,0.0137732,0.014038,0.00230899,0.00105094
0.0199389,0.0135948,0.0100194,0.0137674,0.00108692,0.000233822
0.0149495,0.0103441,0.00675711,0.0124838,0.00206787,0.00112918
0.0113776,0.00789096,0.00550341,0.00261963,-0.000677006,0.00133813
0.0183356,0.0122699,0.0206007,0.0311021,0.00708715,0.00348401
0.00418519,0.00300705,0.00331413,0.00246369,0.000615988,-0.000712663
0.00472912,0.00323011,0.00215245,0.00351467,8.39927e-05,-0.000819906
0.013994,0.00703212,0.00458809,0.00419626,0.00221374,0.000884819
0.0182274,0.0108106,0.00601906,0.00654899,0.00197133,0.000485408
0.0144191,0.00778953,0.00693419,0.00720885,0.00100551,0.000936774
0.00594992,0.00401532,0.00270964,0.00293648,-0.000562587,-0.000149149
0.0107213,0.00723608,0.00339698,0.00721744,0.000625926,0.000338375
0.0060721,0.00457896,0.00215623,-0.00497701,0.000235521,-0.000782346
0.00523787,0.00389859,0.00224937,0.00313257,0.000196962,0.00027436
0.0117904,0.00808026,0.00851558,0.0136924,0.00279682,0.00144346
0.00702549,0.0049235,0.00290225,0.00679004,4.53452e-05,0.000269061
0.0185797,0.0125844,0.00798101,0.00808924,0.00159938,0.00162697
0.0107436,0.00731893,0.00389988,0.00518878,0.000323854,0.000449153
0.0100766,0.00703664,0.00384627,1.55565e-05,0.00206051,0.00220109
0.0120945,0.00701218,0.00526085,0.0195839,0.00605856,0.0152409
0.00899305,0.00502192,0.0051936,0.00638651,0.000971676,0.00114353
0.0105798,0.00471545,0.00595565,0.0041591,0.000724116,0.000279855
0.00696562,0.00378798,0.00351045,0.00399356,0.000575138,0.000322978
0.0122927,0.00685166,0.00477798,0.00335528,0.000934307,0.00215008
0.021858,0.011464,0.00875228,0.00905583,0.0010405,0.000931273
0.0136686,0.00916159,0.00557202,0.00108546,0.000156758,-0.000797667
0.0185152,0.0128021,0.00573383,0.01148,0.0025668,0.0013047
0.00523014,0.00362869,0.00289567,0.00310366,0.000727369,0.000946263
0.0298527,0.0168715,0.0115892,0.0170328,0.00338453,0.00189514
0.0124691,0.00829518,0.00449797,0.00853471,0.00118692,0.000831996
0.0130289,0.0091184,0.00271109,0.00625951,0.00185376,0.00213793
0.00888441,0.00601484,0.0023852,0.000170308,0.00151911,0.00221999
0.00931798,0.00652647,0.00298886,0.00589439,0.000823025,-0.000421954
0.00694237,0.00518475,0.00287911,0.000553031,0.00142486,-0.000113229
0.0119212,0.00718503,0.00602861,0.0017329,0.00109353,-2.04784e-05
0.0125744,0.0086161,0.00315236,0.00230988,0.00154606,0.00178491
0.0081809,0.00431442,0.00586505,0.00350498,0.000576163,-0.000369401
0.0205641,0.0108394,0.011086,0.00987791,0.00218648,0.000308008
0.0248137,0.0156299,0.0103658,0.0123569,0.00245377,0.00172794
0.00792618,0.00306137,0.00248509,0.00462871,0.000206115,0.000907638
0.00494447,0.00369542,0.00319179,-0.00188245,-0.000407759,0.00149038
0.00952609,0.00655301,0.00444025,0.00236013,-0.000190609,0.00118875
0.0138037,0.00829612,0.00836933,0.00693536,0.000552885,0.00171692
0.0200766,0.0138273,0.00750004,0.0105695,0.00178471,0.00201955
0.0300138,0.0154655,0.0186883,0.0339988,0.0148815,0.0363212
0.00742546,0.00512731,0.00665608,0.0164043,0.00158863,0.00107684
0.00668672,0.00471104,0.00283272,0.00405378,-0.000202903,0.000849489
0.00573309,0.00414059,0.00292579,0.00115046,0.000162613,0.00123386
0.00837077,0.0060204,0.00409263,0.00378371,-0.000251645,0.00129657
0.0107471,0.00557628,0.00753091,0.00513662,0.00251289,0.000845564
0.00913632,0.00604981,0.00683988,0.0123852,0.00153386,0.000667164
0.0168732,0.0115287,0.00824323,0.0126384,0.00195562,0.00157582
0.0136404,0.00920579,0.00671385,0.00788964,0.00130419,0.00193947
0.00627102,0.00461935,0.00242023,0.00157643,0.00102862,0.000511121
0.00719856,0.0049499,0.00298021,0.00372155,-0.000122081,0.000702184
0.00761959,0.00550911,0.00320032,0.00566019,0.00107213,-0.000806314
0.0105026,0.00737028,0.00504562,0.0073246,-4.77472e-05,0.00169319
0.0149434,0.00898065,0.00611696,0.0115001,0.00153187,-0.000399236
0.0104576,0.00434957,0.00341557,0.00395743,9.45308e-05,-0.000168993
0.0056692,0.00372846,0.00281511,0.00234865,0.000837532,0.000296679
0.0622469,0.0337363,0.0234723,0.035871,0.00756279,0.00441698
0.0422618,0.0244633,0.0150293,0.0213985,0.0025196,0.00135926
0.024896,0.0153657,0.00794884,0.011442,0.00302056,0.00332553
0.00652097,0.00460531,0.00303397,0.00567559,-0.000198085,0.000295656
0.0179755,0.00817214,0.0113861,0.011245,0.00205625,0.000125697
0.0152145,0.0106029,0.00433991,0.00677486,0.000888834,0.0014528
0.0145854,0.0071451,0.00790111,0.00820845,0.00146329,0.000541479
0.0162592,0.00972972,0.0112885,0.0134236,0.00403174,-0.000376611
0.00724862,0.00516585,0.00281354,0.00178924,0.00157381,0.00168159
0.0102745,0.00741484,0.00459658,0.00302393,-0.00018367,0.000356927
0.004749,0.00366088,0.00313895,0.00841463,-0.000991578,-2.30039e-05
0.011832,0.00828012,0.00351884,0.00422038,0.00126758,0.00112734
0.00525359,0.00313298,0.00420854,0.00112374,-8.45094e-06,6.06624e-05
0.00967469,0.00673347,0.00348272,0.00413402,0.000704738,-0.000772337
0.0134795,0.00955993,0.00779852,0.00411449,0.000265654,0.00099607
0.0213109,0.0144246,0.00858203,0.0164417,0.00207235,0.00203551
0.0059412,0.00449335,0.00329529,0.00567027,3.50698e-05,0.00110613
0.012257,0.00846925,0.00519869,0.00737452,0.00136642,0.00163565
0.0104892,0.0071861,0.00281349,0.00420138,0.000330351,-0.000500462
0.0154817,0.0102718,0.00768192,0.010547,0.00143329,0.000753554
0.015293,0.00990417,0.00570083,0.0101743,0.00249997,0.00114794
0.013005,0.00897128,0.00543394,0.00845206,0.00149307,0.00212004
0.0160012,0.0106768,0.00917478,0.0147328,0.00149447,0.000787945
0.00694558,0.00467829,0.00383894,0.00231589,-0.000763112,-0.000541028
0.00896607,0.00559746,0.00425709,0.00356724,-0.000565325,0.000164401
0.00538933,0.00375073,0.00298822,0.00743904,0.000704448,-0.000758269
0.00853988,0.0058493,0.00358271,0.00506345,-0.000397838,-0.00031932
0.00518619,0.00360944,0.00284563,0.00361962,0.000197664,-0.00027708
0.00530674,0.00384593,0.00268274,0.00153346,0.000903367,8.39634e-06
0.0284266,0.0176432,0.0226306,0.028283,0.00552995,0.00308327
0.00852931,0.00597594,0.00494973,0.00581351,0.00137873,0.0017628
0.00774154,0.005239,0.00290786,0.00466568,0.00110642,0.000434216
0.011458,0.00549443,0.00742707,0.00429266,0.000274557,-0.000338057
0.0363932,0.0215553,0.020185,0.0281944,0.00510202,0.00382443
0.0252707,0.0107608,0.00838397,0.00986247,0.001778,0.00145021
0.0125941,0.00843399,0.00472477,0.00889514,0.00113333,0.00093569
0.00831906,0.00607094,0.00451816,0.00262692,0.00146493,0.00122948
0.0057675,0.00405699,0.00263714,0.00662335,0.00050622,0.000773003
0.0188435,0.0123259,0.00447997,0.0167917,0.00474682,0.00880494
0.0110831,0.00536444,0.00370725,0.00705096,0.000839898,0.00133011
0.0195956,0.0126794,0.00995729,0.0127403,0.00270025,0.00202916
0.00466511,0.00320346,0.00212527,0.00322219,0.000774474,5.11006e-05
0.00872058,0.00565804,0.00291081,0.00681146,-0.000574299,-0.00116539
0.0103823,0.00719879,0.00471257,0.00449395,0.00015685,0.000429773
0.00813907,0.00394516,0.00456065,0.00791042,5.4868e-05,0.00131682
0.0140438,0.0068021,0.00608364,0.00328215,0.0012182,0.000694968
0.0142379,0.00585095,0.00675267,0.00497735,0.00109997,0.00119624
0.0060828,0.00460755,0.00325395,0.00210963,0.00036745,0.000196226
0.0114483,0.00792952,0.00397089,0.00171832,0.000988836,0.000772057
0.0068909,0.00330608,0.00431794,0.00484656,0.000672856,0.00101962
0.0091247,0.00524785,0.00637122,0.00459832,0.000662001,0.0012227
0.0139662,0.0086449,0.00765014,0.010112,0.000688954,0.00170524
0.0122183,0.00868373,0.00675052,0.00449407,0.000761686,0.00143908
0.0141436,0.00870624,0.00725488,0.00593793,0.00151011,0.00110207
0.00649813,0.0046484,0.00333762,0.00116464,-2.90667e-05,0.000805003
0.0083034,0.00378833,0.00419089,0.0024016,0.000468339,0.000215246
0.00853105,0.00369826,0.00427698,0.00147156,-2.57215e-05,-0.000699291
0.0304901,0.011714,0.00828578,0.0154078,0.00215664,0.000644951
0.0304212,0.0117197,0.00794232,0.0141718,0.00280471,0.000552357
0.0105936,0.00730954,0.00715645,0.00589786,0.00146816,0.000604567
0.0181203,0.00617281,0.0174949,0.0128252,0.00392659,0.000256216
0.0177224,0.00673114,0.0174522,0.0115524,0.00402471,0.000842998
0.00654612,0.00334429,0.00327049,0.00433873,0.000285859,3.41208e-05
0.0300941,0.0195493,0.0168147,0.020086,0.00427636,0.00252006
0.005919,0.0037639,0.00238559,0.00347815,-0.000173717,0.000709406
0.00610803,0.0042405,0.00373722,0.0141907,0.00137101,0.00437874
0.0103831,0.00700704,0.00270841,0.00100897,0.000244244,0.00112036
0.0176727,0.0121905,0.00657869,0.0104855,0.00178586,0.00147659
0.00915513,0.00385535,0.00460278,0.00549904,0.00133302,-0.00146751
0.0147625,0.0106265,0.0115508,0.00919002,0.00131909,0.00158968
0.00623478,0.00425424,0.00239769,0.00291689,0.00101004,0.00161935
0.00626112,0.00430366,0.00288829,0.000379077,0.000368314,0.00035555
0.0149177,0.0100912,0.0050824,0.00763446,0.00136913,0.00149835
0.00563793,0.00372211,0.00283477,0.0022034,0.000456379,-0.00171368
0.0071667,0.00450339,0.00402521,0.00371557,0.0016302,7.63054e-05
0.0100044,0.00699143,0.00580771,0.00571736,0.00189581,0.000675517
0.0134354,0.00931379,0.00424156,0.00723879,0.000505608,0.000263547
0.0108268,0.00775771,0.00717566,0.00699218,0.00114252,0.000256917
0.0265825,0.0145664,0.0106468,0.0137151,0.00406336,-0.000331197
0.0049577,0.00393633,0.00193345,0.00276278,0.000269177,-0.000338234
0.020659,0.0136727,0.00724292,0.00742152,0.00185999,0.000800728
0.0166933,0.00996864,0.00677264,0.00839761,0.000830538,0.00033783
0.00714138,0.00502916,0.00496363,0.0145356,0.00151709,0.00189154
0.00766155,0.00359136,0.00454735,0.00238185,0.00135923,0.00221432
0.01639,0.010032,0.00822551,0.00740609,0.00137953,0.00164984
0.00959978,0.00672844,0.00475423,0.0117458,0.00153406,-0.00021537
0.0156152,0.010912,0.0108785,0.00812633,0.00182639,0.0030639
0.028465,0.0187552,0.0138512,0.0128767,0.00301365,0.00121425
0.006258,0.00467604,0.00293815,0.00401329,0.000865187,0.000562514
0.00722553,0.00305811,0.00468882,0.0202579,0.00750102,0.0176312
0.00742746,0.00308474,0.0046909,0.0201564,0.00715655,0.0199759
0.00780906,0.005398,0.00399082,0.00394452,0.0015942,-0.000612979
0.0128939,0.0083222,0.00919567,0.0112551,0.0025989,0.00147161
0.00954839,0.00597327,0.00348167,0.00465794,0.00120288,-0.00133085
0.00576679,0.00432673,0.00243243,0.00569129,0.000857704,0.000845431
0.0120272,0.00689655,0.00773428,0.00524961,0.00234651,0.000402486
0.014193,0.00995326,0.0038075,0.00317362,0.00135456,-0.00129574
0.00398336,0.00308221,0.00211751,-0.00186864,0.000382147,0.000202892
0.00621835,0.00461864,0.00464322,0.00478297,0.000868901,8.21742e-05
0.0052828,0.00437091,0.00284568,0.00265041,-2.86568e-05,0.000781421
0.0227533,0.0150132,0.00760091,0.0130708,0.00312624,0.00206958
0.033622,0.0196265,0.0225536,0.0235975,0.00490513,0.00297123
0.00669082,0.0046387,0.00424151,0.00384016,0.00082881,-0.000185414
0.00488782,0.00335168,0.00428432,0.00319116,0.000490661,-0.000558213
0.0155895,0.00643981,0.00676688,0.00534979,0.000773251,0.00104554
0.0162228,0.00661002,0.00664943,0.0092878,0.000671529,-6.1263e-05
0.0198855,0.0112421,0.0103666,0.0121742,0.00301903,0.000597622
0.0106468,0.00709738,0.00562432,0.00867086,0.00145084,0.000156724
0.0238295,0.0131896,0.0109095,0.00814188,0.00283889,0.00185901
0.0153938,0.0106068,0.00909034,0.00997867,0.00149937,0.00244333
0.0192686,0.0117861,0.00619017,0.0133658,0.00566204,0.00957011
0.0141425,0.00628642,0.00382495,0.013766,0.00562193,0.0140057
0.009304,0.00636198,0.00399104,0.00803609,0.00132284,0.00156684
0.0111222,0.00747586,0.0107135,0.00980559,0.00417713,0.0021016
0.0089659,0.0062612,0.0026322,0.000696711,0.000175523,0.000715235
0.0098392,0.00667589,0.00766415,0.00759596,0.000703565,0.00107088
0.00683591,0.00383298,0.00245117,0.00620269,-5.5118e-05,-0.000523011
0.00620897,0.00333224,0.00233687,0.00378575,0.000172115,-0.000500376
0.0127392,0.00905447,0.00281387,0.00343978,0.000265355,-0.000693881
0.017484,0.0122595,0.00854594,0.010398,0.00264437,0.000161471
0.00844129,0.00591313,0.00387154,0.00488575,0.000630171,0.00166444
0.0199891,0.00938052,0.00632144,0.0159487,0.00194053,0.00117491
0.0163135,0.00646254,0.0044912,0.00895701,0.00107168,-0.000848683
0.0151906,0.00759545,0.00722821,0.0143718,0.00379102,0.000365527
0.0190539,0.00860573,0.00853597,0.0176141,0.0032741,0.000315456
0.00827421,0.00346946,0.00368227,0.00148002,0.000701161,0.000130214
0.00658647,0.00434264,0.00304142,-0.00216402,0.00127405,-0.000662022
0.0130755,0.00899667,0.00776007,0.00976435,0.00176914,0.00196707
0.00756759,0.00531842,0.00380416,0.00482372,0.00102912,0.000657015
0.0148205,0.0101505,0.00559066,0.00345124,0.000479105,0.000820721
0.00535068,0.00355346,0.00330122,0.00466344,0.000903857,0.0013696
0.0129047,0.00883058,0.00570654,0.00292217,-9.10183e-05,-0.0001475
0.0072512,0.00535785,0.0119575,0.0140587,0.00342814,0.00498718
0.013877,0.00996633,0.00694201,0.00545606,0.00134935,-0.000367502
0.010718,0.00547767,0.00508046,0.00716092,0.00102359,-0.000584107
0.00512356,0.00360787,0.00290123,0.00314432,0.000993232,-9.96934e-05
0.00900547,0.00662578,0.00329444,0.00618381,0.000626593,-0.000384903
0.0306253,0.0203776,0.0122291,0.0183129,0.00353986,0.00183326
0.00420068,0.00312282,0.00208847,-0.00296931,0.000599675,0.000335285
0.0118964,0.00844403,0.0039902,0.00139644,0.000301845,0.000973568
0.00895387,0.00456415,0.00471108,0.00230143,8.12996e-05,-0.000172314
0.00994932,0.00715077,0.00571626,0.00603005,-0.00037351,0.00153423
0.0169574,0.00853716,0.00938337,0.00826027,0.00183775,0.000507357
0.0182782,0.00867879,0.00934677,0.00771078,0.00131488,5.33701e-05
0.00497284,0.00378859,0.00251988,0.00373511,-0.000579209,0.00141545
0.0115804,0.00513658,0.00673293,0.00903135,0.00129914,0.00210105
0.0142212,0.00601567,0.00783226,0.00870225,0.000378572,0.00337113
0.00855667,0.0036159,0.00458305,0.00619224,-0.000550125,0.00202935
0.021042,0.0144691,0.00763427,0.0100711,0.00185481,0.00144957
0.0134145,0.00742072,0.0114906,0.0128421,0.00298351,0.000228443
0.00979633,0.00442007,0.00729477,0.00720579,0.00117517,-0.000841609
0.01723,0.007641,0.0078118,0.0178553,0.00544401,0.00809911
0.0253699,0.00774024,0.0106039,0.0188716,0.00728649,0.00937488
0.0177857,0.00684996,0.00717133,0.013342,0.00608238,0.00993793
0.0105816,0.00763215,0.00549964,0.00571332,0.000723458,0.000966058
0.0190752,0.00949785,0.00825052,0.01436,0.00247645,0.000264991
0.0230109,0.0108434,0.00916907,0.0100195,0.00274768,0.000700076
0.010152,0.00752707,0.00422476,0.00523113,0.000621417,-0.00046007
0.00718921,0.00512582,0.00419243,0.00908999,0.00121431,-0.000524908
0.00448469,0.00341602,0.00127674,0.00163972,0.000215031,0.000300069
0.0152637,0.0104717,0.00690743,0.00578493,-0.000158788,0.00164664
0.0106827,0.00714701,0.00302413,0.00682246,0.000304365,0.000333249
0.0162099,0.0112849,0.00632052,0.00822716,0.00158248,8.17881e-05
0.0199216,0.0134509,0.00783921,0.00966203,0.0015654,0.000513146
0.00672757,0.003028,0.00370733,0.00519871,0.00109537,0.000264701
0.0149116,0.00967912,0.00660946,0.0103801,0.00206206,-7.45467e-05
0.0205607,0.0111347,0.0135792,0.0123879,0.00347915,0.000549164
0.0288623,0.0200992,0.0133138,0.0185512,0.0048992,0.00211534
0.00644294,0.00458137,0.00350406,0.00444871,0.000161939,2.04807e-05
0.00571317,0.00417961,0.00384965,0.00197104,0.000439219,-0.000343117
0.0101961,0.00694517,0.00428814,0.00274554,0.000767339,0.000178913
0.0285987,0.010942,0.0219679,0.0364855,0.0132995,0.0250603
0.0307234,0.0110027,0.0228231,0.0385413,0.0129856,0.0235671
0.0139819,0.00580973,0.00697575,0.0077706,0.00140298,0.000631494
0.00615637,0.00384039,0.00265721,0.00013396,0.000512736,-0.000604371
0.00976335,0.00698,0.0024103,0.00448531,0.00107417,0.0005841
0.0124841,0.00858945,0.00426583,0.00834423,0.00061743,0.000498764
0.00671047,0.00477815,0.00282895,0.00904377,0.00127517,-0.000596975
0.0154487,0.00658244,0.00669332,0.0110577,0.00233173,0.000974226
0.0220028,0.0081057,0.0103473,0.00917586,0.00196022,0.00197698
0.00861018,0.0059031,0.00260408,0.00491384,0.00108978,0.000232924
0.0062638,0.00463773,0.00230631,0.00142144,0.00130743,-0.000186218
0.0136996,0.00729182,0.00815628,0.0107018,0.00227371,0.00160407
0.0146823,0.0102196,0.00776898,0.00416379,0.00117548,0.000402447
0.00414493,0.00300202,0.00307557,-0.00231337,0.00094252,6.95616e-06
0.012451,0.00833436,0.00490931,0.00706867,0.00157103,0.000505085
0.0191119,0.00853239,0.00910652,0.0111348,0.00197827,0.000675202
0.0191618,0.00857073,0.008997,0.00818638,0.00245381,0.00113985
0.0124517,0.00473911,0.00616351,0.00329791,0.000640418,0.000187698
0.012631,0.00488468,0.0061682,0.00435573,0.000857856,0.00127953
0.0047543,0.00346891,0.00238678,0.00160815,-0.000940766,-0.000212318
0.00584723,0.00315118,0.00463876,0.00103959,0.000773182,0.000708886
0.00703751,0.00458571,0.00523071,-0.000229311,0.000512152,0.00075172
0.01346,0.00912235,0.00524605,0.00764743,0.00119242,0.000101112
0.0122289,0.00640017,0.00807901,0.00578921,-0.0002339,0.000273987
0.0187234,0.00875969,0.0101638,0.00776728,0.00205891,0.00162054
0.0176382,0.00885125,0.00985404,0.00612167,0.00222815,0.000449401
0.012783,0.00506581,0.00594385,0.00419354,0.001731,0.000593504
0.0127354,0.00491354,0.00571784,0.00503614,0.00143107,-0.000294439
0.00559275,0.0042135,0.00274815,0.0014001,-2.56645e-05,3.53495e-05
0.0355285,0.0171635,0.0119307,0.0174116,0.00419986,0.00140081
0.0223462,0.0109875,0.00802156,0.0153024,0.00227674,0.00130877
0.0161541,0.00867954,0.00889702,0.00978641,0.00265866,0.00159506
0.0211759,0.0137213,0.00953793,0.0140151,0.00233409,0.00227137
0.0315169,0.0192567,0.0182037,0.0273972,0.00639202,0.00655251
0.0128509,0.00644294,0.00718473,0.00585556,0.00141359,0.00125965
0.0241884,0.00784862,0.0129,0.0112381,0.00242154,0.000823465
0.0216789,0.00778986,0.0109698,0.00981563,0.00222785,-0.000176719
0.0111,0.00767024,0.00519149,0.0267683,0.00811199,0.0224112
0.01192,0.00760406,0.00451925,0.00773822,0.000420934,0.0020884
0.0247875,0.015444,0.0200413,0.0206445,0.00307089,0.00345942
0.0115509,0.00406464,0.00590087,0.00883699,0.000841138,0.0015971
0.00528717,0.00350858,0.00236327,0.00221228,-0.00048252,0.000116206
0.0121007,0.00811295,0.00549032,0.00480604,0.000818168,0.00197638
0.00965498,0.00709909,0.00334614,-0.000516095,0.00159467,-0.000292264
0.00442269,0.00317833,0.00163474,0.00533732,-0.000121888,-0.000592089
0.0064923,0.00451927,0.00354747,0.00855091,0.00137136,0.00103316
0.00699579,0.00510121,0.0046592,0.00299355,0.000434181,8.74387e-05
0.0207319,0.0144475,0.00791461,0.0111808,0.00160703,-0.000389572
0.0167132,0.012065,0.00499421,0.00742356,0.00130754,0.00115079
0.00854267,0.00593215,0.00584973,0.00704181,0.00135315,0.000144537
0.021574,0.0130046,0.00823983,0.00721868,0.00144988,0.000485801
0.00928896,0.00614059,0.00556729,0.00415892,0.00154236,0.000634222
0.0158119,0.00930044,0.00676325,0.0107413,0.003758,0.009537
0.0155533,0.00897986,0.00790915,0.00642008,0.00132544,0.00108959
0.0116203,0.00692925,0.00767012,0.00827482,0.00114303,0.000452986
0.00545659,0.00385237,0.00297138,0.00318817,-7.22552e-05,-6.32728e-05
0.00676881,0.00464943,0.00535948,0.00988181,0.00230873,-0.000192928
0.00552837,0.00398583,0.00621719,0.00546555,0.000532178,0.00131006
0.0337083,0.0216571,0.0138437,0.0311684,0.00558752,0.00182797
0.00630984,0.00475795,0.00302344,0.00298398,0.000244979,-0.000126969
0.00771198,0.00504703,0.00272913,0.00269322,0.00108854,-0.000812948
0.00790915,0.00580832,0.00366874,0.00772201,0.000767531,-0.00029696
0.0153188,0.00633553,0.00462375,0.00379879,0.000445385,0.00106813
0.0184151,0.00629286,0.00646709,0.00790387,0.00116941,0.00283376
0.0186137,0.00892794,0.0106929,0.0108499,0.00301652,0.00581176
0.0062607,0.00428937,0.00288103,0.00422026,0.000332365,-0.000971424
0.0215067,0.00943055,0.00657425,0.00716825,0.00196797,0.000965671
0.0210615,0.00958588,0.00649806,0.00735737,0.0012722,0.00102498
0.00477921,0.00356205,0.0024575,0.0042642,-0.000341448,0.000295665
0.0325014,0.0211176,0.013022,0.0161508,0.00374691,0.00107739
0.016913,0.01157,0.00648905,0.00868354,0.00211324,0.00089
0.0150963,0.0106369,0.00765063,0.0104727,0.00174387,2.8907e-05
0.00916588,0.00548417,0.00377032,0.00680399,0.000117564,-0.00030065
0.0155416,0.00938724,0.00520556,0.00654711,0.000856651,0.000368335
0.0115295,0.00801886,0.0142583,0.0158359,0.00396914,0.00157755
0.00946722,0.00692953,0.00398795,0.00461105,6.18822e-05,0.000761642
0.00695626,0.00486396,0.00412367,0.00542759,0.000172307,3.13481e-05
0.0118913,0.00594442,0.0313273,0.0330317,0.0082187,0.00524444
0.0187022,0.00703252,0.0244631,0.0288782,0.00570822,0.00384719
0.0159696,0.00635546,0.0120613,0.0197611,0.00304979,0.00207475
0.0234496,0.0137506,0.00959671,0.0220014,0.00957804,0.0126399
0.020623,0.00920129,0.0149274,0.0400097,0.0157005,0.0285975
0.0144015,0.00686219,0.00660612,0.013397,0.00269272,0.00201807
0.016445,0.00605532,0.00589669,0.0119349,0.000927712,0.00126881
0.0127685,0.00670622,0.00591066,0.00623536,0.000753284,-7.86438e-05
0.00710394,0.00313708,0.00257644,0.00220433,0.0007397,0.000734957
0.013934,0.00979871,0.00966037,0.013876,0.00268038,0.00173004
0.0131348,0.0090954,0.010195,0.0109631,0.00153534,0.00018423
0.0115674,0.00795965,0.00650092,0.00659292,0.00122976,0.000758204
0.00512936,0.00369215,0.00334082,0.00111732,0.000816277,0.00162173
0.0116822,0.00507147,0.00413865,0.0116829,0.00115691,-1.12097e-05
0.0115103,0.00447191,0.00417281,0.0112419,0.00101605,0.00110352
0.0195377,0.0132976,0.00828189,0.00988395,0.00140328,0.00186119
0.00506859,0.00344575,0.00273348,-0.000197362,0.00120887,-3.43636e-05
0.0150561,0.00833397,0.00510104,0.00523346,0.0015573,0.00139069
0.0210509,0.009663,0.00718348,0.00860889,0.00341642,0.00451687
0.0231976,0.0140132,0.0119335,0.0328405,0.00990934,0.0303641
0.0107031,0.00699706,0.00366931,0.00239159,0.000701899,0.000891126
0.00785312,0.00348016,0.00390429,0.000234129,0.000552951,-0.000977848
0.0161652,0.0112902,0.00915547,0.010577,0.00116979,0.00227585
0.017942,0.00905865,0.0116628,0.0114179,0.00296111,0.000285814
0.00620202,0.00473326,0.00274575,0.00065935,0.000312339,-0.000283814
0.051686,0.0289757,0.0274728,0.0384546,0.00779191,0.00532652
0.0368077,0.023822,0.0205643,0.0265757,0.00334317,0.00364198
0.0127392,0.00874403,0.00464834,0.00673564,0.00169471,-0.00115603
0.0126255,0.00881846,0.00476394,0.0077109,0.000435871,0.000485567
0.00703924,0.0051624,0.00300862,0.00647464,0.000550963,-0.000279495
0.00502869,0.00339281,0.00350087,0.0021762,0.000183436,0.00100948
0.0293847,0.0192368,0.0137363,0.0200483,0.00326216,0.00186218
0.0114415,0.00801137,0.00629299,0.00660691,0.00213926,0.00082815
0.00841238,0.00593829,0.00307325,0.0117773,0.00493643,0.0120471
0.0120546,0.00754861,0.00746345,0.00469598,0.000950299,-0.000131745
0.00753081,0.00449718,0.00643357,0.00145917,0.000122962,-0.00157259
0.0116562,0.00779474,0.00471433,0.00590848,0.00110937,0.00173578
0.00549061,0.00432276,0.00240457,0.00248562,0.000386159,0.000823
0.00480584,0.00350287,0.00380032,0.00620713,0.00014786,0.00119559
0.0413847,0.0264665,0.0138216,0.0180144,0.00350332,0.00138918
0.0264787,0.0161973,0.0127987,0.0108038,0.00292269,0.000804459
0.0341235,0.0137874,0.0145888,0.0193767,0.00393007,0.000972349
0.00434201,0.00331891,0.00202061,0.00337627,-0.00044904,0.00143295
0.011538,0.00822137,0.00570822,0.00742676,0.00111173,0.000152829
0.0071611,0.00392286,0.00366876,0.00455218,0.000687316,-0.00037348
0.00730128,0.00517115,0.00284217,0.00434516,0.000140443,0.00126681
0.00907964,0.00621287,0.00400319,0.00367432,0.00091937,0.000489143
0.0103581,0.00726409,0.00697056,0.00675583,0.0013219,0.000555961
0.0212291,0.014782,0.0122325,0.0272887,0.00936011,0.0184492
0.0107795,0.00462746,0.010253,0.0154315,0.00262883,-0.000190695
0.0123696,0.0060523,0.00587729,0.00615309,0.00106559,0.000668551
0.0133713,0.0075222,0.00475289,0.00599033,0.00195154,0.000717411
0.00447074,0.00321792,0.00177317,0.00190709,0.000221379,0.000252173
0.00537437,0.0035982,0.00244022,0.00262213,0.00108599,-0.00217043
0.0213348,0.0127992,0.0103137,0.0148389,0.00205891,0.00204968
0.0164216,0.0112832,0.00626005,0.0143757,0.00214333,0.00169698
0.0095561,0.00682093,0.00270912,0.00285914,0.000819652,0.00204967
0.0058666,0.00454586,0.00216365,0.00406366,0.000489008,-0.000463017
0.00984653,0.00729592,0.00820594,0.011861,0.00168473,-0.000762484
0.00696304,0.00470244,0.00323832,0.00482477,0.000789705,-0.000598531
0.0124217,0.00722582,0.00817852,0.00417253,0.00263907,-0.000144753
0.0147199,0.00935645,0.00323211,0.0093281,0.000900298,-0.000166155
0.00656691,0.00448668,0.00945635,0.00504952,0.00227401,0.000240656
0.00810273,0.00565676,0.00516357,0.00434905,0.000642372,-1.58348e-05
0.016601,0.00964798,0.00876771,0.00878106,0.00128145,0.00184801
0.0210645,0.00998432,0.0103234,0.0095749,0.00180356,0.000420657
0.00923924,0.00673968,0.00391621,-0.00283676,4.72027e-05,-0.000400058
0.0132408,0.0093551,0.00428566,0.0061698,0.00164039,0.000599966
0.00557248,0.00411016,0.00420972,0.0069162,0.000745388,9.19233e-05
0.00447358,0.00297215,0.00273655,-0.00279444,0.000614563,-0.000395493
0.0109456,0.00514966,0.00595265,0.00382774,0.00147127,0.00140973
0.0112494,0.0052416,0.00606187,0.00353404,0.00160729,0.0012354
0.0125501,0.00880866,0.00591714,0.00576322,0.00215558,0.00122933
0.00985646,0.00694581,0.00694395,0.00580346,0.00102599,-0.000891239
0.0112318,0.0082283,0.00505882,0.0115716,0.0013553,0.000979641
0.0080287,0.00579827,0.00351263,0.00503786,5.75086e-05,-9.39019e-05
0.0164351,0.011636,0.00629947,0.00722861,0.00291391,-0.000305878
0.0134812,0.00896711,0.00778652,0.0038538,0.0011174,-0.000644468
0.0233142,0.0158357,0.0106785,0.00986547,0.00197585,0.00057265
0.00752863,0.00512042,0.00301556,0.00903209,8.05493e-05,0.000730578
0.0136036,0.00952234,0.00538471,0.0126463,0.00290639,0.000856052
0.0210174,0.0126782,0.00836989,0.00457166,0.00135037,0.000743327
0.012894,0.00824692,0.00909546,0.016052,0.00164816,0.000659025
0.00778042,0.00417843,0.00730326,0.0097695,0.00120472,0.00133817
0.0196241,0.00951201,0.0124641,0.0116414,0.00318779,0.00150309
0.0149042,0.00836448,0.00531657,0.00516143,0.00223187,0.00187108
0.0139461,0.00665937,0.00468513,0.00741923,0.00144362,6.71952e-05
0.00665659,0.00482104,0.00768909,0.00487355,0.0014269,0.000181104
0.0117738,0.00695305,0.00501264,0.00171123,0.00092331,0.00111106
0.0138938,0.00688961,0.00602952,0.00346647,0.00160872,0.000708756
0.00688883,0.00309313,0.00323975,4.82896e-06,0.000731443,-0.000631624
0.0131832,0.00932887,0.00599239,0.0058515,0.00061261,0.00147003
0.00721876,0.00542098,0.00363377,0.00142696,0.000810007,-0.00112004
0.0223755,0.00795771,0.00936845,0.0165464,0.00263664,0.00176789
0.0179885,0.00844118,0.00700663,0.00946979,0.00208129,0.00121853
0.00587329,0.00465295,0.0048621,0.00116193,0.000603172,-0.00114043
0.022805,0.014089,0.0086413,0.0140213,0.00449796,0.00620253
0.0117008,0.0079442,0.00502501,0.00360693,0.00137059,-4.35968e-05
0.00926026,0.00617365,0.0039709,0.00703749,0.0012087,0.000403814
0.0131882,0.00923332,0.0069912,0.00333631,0.00112686,0.0013616
0.0262672,0.0121278,0.0111069,0.0298962,0.00845798,0.0179803
0.00629013,0.00438328,0.00412332,0.00124115,-0.000206161,-0.000375817
0.00618309,0.00453064,0.00317556,0.00347547,0.000259101,7.36908e-05
0.0100999,0.00692717,0.00436528,0.00285503,0.000799344,0.000335445
0.00891022,0.00656339,0.0026748,0.00156484,0.00134588,0.00161576
0.0268528,0.0161225,0.013958,0.0277972,0.0078723,0.0131173
0.0114709,0.00860024,0.0022711,0.00790732,0.00170221,0.00231273
0.00649889,0.00480441,0.00283086,0.00221793,0.000343225,-0.00138359
0.00752673,0.0045277,0.00623531,0.00390102,0.000985306,0.000762886
0.0226117,0.0152681,0.0146963,0.0234555,0.00435835,0.00280917
0.015483,0.00694178,0.0094259,0.0132625,0.00202178,-0.000103315
0.0151742,0.00694502,0.00952569,0.0154043,0.00130825,-0.000620297
0.00814334,0.00597006,0.00332675,0.00392244,0.00124556,-0.00034453
0.00986467,0.00698503,0.00381855,0.00908675,0.00155225,-0.0012395
0.0076276,0.00328698,0.00469867,0.00494171,0.00065977,0.000316578
0.00730221,0.00303838,0.00439737,0.00177054,-4.30102e-05,0.00123936
0.00541136,0.00403194,0.00236675,0.00814153,0.000724796,-0.000346143
0.0191943,0.0120935,0.00703507,0.0109041,0.00270407,0.00204383
0.0192283,0.012927,0.00576022,0.00938533,0.0021421,0.000237764
0.00902162,0.00524741,0.00251758,0.00229797,-7.02605e-05,-0.000564055
0.013717,0.00556152,0.00570086,0.00611734,0.00152504,0.00112009
0.0141962,0.0055968,0.0056207,0.00707322,0.00168255,0.00153491
0.0194362,0.0114984,0.00933776,0.0145626,0.0025867,0.00160199
0.00924055,0.004376,0.00512774,0.00445735,-0.000250872,-0.000368599
0.0131606,0.00450847,0.00625002,0.00520412,0.000758306,0.000771775
0.0125572,0.00816849,0.00361035,0.00372481,0.000808507,0.00115959
0.00482139,0.00326906,0.00203847,-0.00011923,0.000588634,0.00147122
0.00771906,0.00532161,0.00432157,0.00294547,0.000226043,0.00042534
0.00810303,0.00408652,0.00438602,0.00459118,0.00115533,-0.000208645
0.00863802,0.00356843,0.00531154,0.00846435,0.00146589,0.000715703
0.00568515,0.00346876,0.0030523,0.00561295,0.000188398,0.000871217
0.010462,0.006763,0.00974683,0.0071347,0.000612017,0.00048602
0.0144987,0.00657657,0.00851966,0.00925244,0.000989515,0.00089755
0.0152097,0.00670303,0.00857302,0.00877844,0.000189057,0.000900955
0.00767287,0.00512546,0.00255775,0.00701193,0.00168568,0.00681962
0.00642331,0.00388576,0.00294528,0.00426842,0.00152421,0.00082403
0.007682,0.00460986,0.00309456,0.00372991,0.00171937,0.00100642
0.0123538,0.00732622,0.00552103,0.00732339,0.000433113,-0.000354562
0.0102343,0.00563295,0.00474406,0.00353302,0.000245178,0.000659079
0.00557437,0.00406643,0.00929594,0.0111242,0.00246422,0.00219155
0.00757277,0.00563977,0.00308545,0.000311146,0.000763992,-0.000602073
0.0146476,0.0102208,0.003772,0.00560004,0.00146519,0.000542065
0.00664647,0.00450377,0.00179799,0.00601556,0.000216417,-0.000323052
0.0147554,0.00993898,0.0083861,0.00987957,0.00206737,0.0016923
0.00979162,0.00682,0.00346254,0.00450183,0.000408801,0.000740344
0.0117914,0.00846402,0.0131858,0.0255891,0.00546696,0.00752682
0.00519599,0.00386877,0.00257872,0.00101805,-1.84738e-05,-0.000171463
0.00530482,0.00395207,0.00208617,0.00547654,0.000693981,0.000322831
0.00942088,0.00657347,0.00431531,0.012168,0.000951453,0.000915998
0.0066834,0.00488437,0.00327828,0.00664191,0.000652866,0.000548166
0.00894997,0.00473505,0.00696682,0.00653976,0.00113141,0.00132931
0.00990551,0.00486981,0.00724897,0.00768037,0.00093929,0.000998963
0.0183988,0.00886675,0.0081105,0.0133855,0.00138001,0.00107497
0.0192692,0.00821541,0.00761419,0.0164248,0.00109747,0.00110024
0.0133009,0.00681298,0.0062341,0.00513788,0.000822288,0.000928582
0.0123981,0.00621326,0.00579398,0.00771563,0.00079911,0.000690797
0.00792276,0.00549937,0.00432509,0.00650608,0.00136919,0.000177796
0.00434761,0.00320363,0.00181513,0.00302723,0.00138905,0.000395553
0.012624,0.00858735,0.00840089,0.010298,0.00129593,0.00062209
0.00514854,0.00381141,0.00123492,0.0055807,-0.000393448,0.000711596
0.0100326,0.00687165,0.00491894,0.00523024,0.00101766,-0.000148093
0.00577919,0.00400995,0.00327978,0.00709308,0.00216408,0.0040225
0.00955807,0.00684803,0.0043079,0.00413388,0.00149114,0.00138017
0.014254,0.00964904,0.00435589,0.0052208,0.00230295,-0.000303856
0.0236349,0.0129148,0.011297,0.0183538,0.002802,0.00175955
0.0215191,0.0129018,0.0108639,0.0169843,0.00288674,0.000266545
0.0196113,0.00943406,0.0107629,0.0128516,0.00178117,0.000742933
0.00892837,0.00541072,0.00449062,-0.000424409,7.0194e-05,-0.00037746
0.0158731,0.0115607,0.00738681,0.0103147,0.00263451,0.00118409
0.0210033,0.0129869,0.00895597,0.0117308,0.0017323,0.00172789
0.00670213,0.00478138,0.0039272,0.00358461,1.31234e-05,0.000150509
0.0105631,0.00755471,0.00294846,0.00999025,0.00134855,0.000198044
0.0145224,0.0102997,0.00543163,0.00983366,0,0.000142387
0.0169966,0.0121451,0.00780001,0.00938817,0.00166169,0.00111212
0.0169601,0.0111433,0.0216737,0.0289075,0.00326018,0.00224963
0.0112656,0.00663285,0.00482365,0.0105766,0.0012465,0.000136685
0.00696027,0.0050597,0.00308568,-0.00258186,0.000848857,0.000804895
0.0152599,0.0106923,0.00468554,0.00882923,0.00214849,0.00146611
0.00639885,0.00449187,0.00525215,0.00228305,0.000280333,0.000450431
0.00917303,0.00650417,0.00285801,0.00133225,0.000779926,-0.000652721
0.00453575,0.00348584,0.00253214,0.00315227,-0.000126379,-0.000925831
0.009148,0.00658161,0.00490755,0.00550402,0.00103981,0.00330565
0.00855776,0.00616248,0.00361955,0.00096292,0.00133247,0.00115297
0.00956437,0.00670191,0.00519825,0.00706151,0.000398594,0.000832741
0.0108451,0.00826273,0.00391904,0.00424214,4.55428e-05,0.000242871
0.011074,0.00746707,0.00578161,0.0092384,0.000750274,-0.00085158
0.00397188,0.00291226,0.00178271,0.00347904,0.000447043,0.00122517
0.0222707,0.015333,0.00997081,0.0130166,0.00176597,0.00174296
0.00841594,0.00641229,0.00333215,0.00533019,0.00070765,0.000405128
0.00841158,0.00585951,0.00553859,0.016773,0.00405075,0.015217
0.0147329,0.00985629,0.00632398,0.0092728,0.00272652,-0.000559066
0.0211818,0.0106344,0.0104838,0.00711241,0.00186728,0.000232285
0.00618382,0.00451706,0.00483292,0.00128885,0.000907275,-0.000856702
0.00465662,0.0034655,0.00314409,0.000753723,0.000660955,-0.000580635
0.0142404,0.00956682,0.00693532,0.00373773,0.000478384,0.00075107
0.0180843,0.0103428,0.00676635,0.00694944,0.000891269,0.000964316
0.00865053,0.00626976,0.00648622,0.00789305,0.00240832,0.00159007
0.00508289,0.00357647,0.00304393,-0.00101156,0.000653983,5.49468e-06
0.0106633,0.0072554,0.00697048,0.00518686,0.00133709,0.000629213
0.0114267,0.0068656,0.00654038,0.00685554,0.00211202,0.000210237
0.00755685,0.00564748,0.00375837,0.0022813,0.000213954,0.000485814
0.0168256,0.0118147,0.00577183,0.00942854,0.000781732,0.000136233
0.00885495,0.00636103,0.00482191,0.00729448,0.00381801,0.006308
0.0044843,0.00351735,0.00218413,0.00235777,-0.000608788,0.00113047
0.0163314,0.00852374,0.00520798,0.0096496,0.00236465,0.000965759
0.0135938,0.00602818,0.00412472,0.0102976,0.00170678,0.000871435
0.00691492,0.00307775,0.00583164,0.0116709,0.00369973,0.00456084
0.0206683,0.0133013,0.0311276,0.0398675,0.0114539,0.0164594
0.0222235,0.00959337,0.0135373,0.0351025,0.012959,0.0273599
0.0214321,0.0122476,0.0109077,0.0113818,0.00384316,0.00886755
0.0285841,0.0189489,0.0163885,0.0128212,0.0040875,0.00249362
0.0215725,0.0108273,0.00650614,0.0129618,0.00231915,0.00150772
0.0132374,0.00907998,0.00479806,0.00663331,0.0014885,0.000210281
0.00613227,0.00297665,0.00359189,0.00205387,0.00102508,-9.67016e-05
0.0118884,0.00859843,0.00461847,0.00727412,0.00230519,0.00254736
0.00997987,0.00725531,0.0059186,0.00883049,0.00175249,0.00152835
0.00652714,0.00453157,0.00240411,0.00118989,0.00069261,0.000713245
0.00544149,0.00390113,0.00303914,0.00185348,-9.79748e-05,0.000578674
0.0113216,0.00765629,0.00638277,0.00499522,0.00151202,0.00195678
0.00552511,0.00370358,0.00253665,-0.00123447,7.63995e-05,0.00148893
0.0129232,0.0093898,0.0046009,0.0065178,0.000988173,0.00107114
0.0175222,0.00631032,0.00706257,0.00649261,0.0010482,0.000475953
0.0228182,0.00628389,0.0103561,0.00644042,0.00131608,0.00122355
0.0145425,0.00608455,0.00682329,0.00202057,0.000940069,0.000693845
0.00509961,0.00372887,0.00237797,-0.000576806,-0.000243473,-0.00117494
0.00741706,0.00349688,0.0035553,0.00449596,2.12034e-05,0.00113346
0.0175904,0.0122027,0.00527149,0.0230463,0.00818575,0.0165801
0.00452876,0.00349555,0.00216226,0.00740475,0.00158932,3.8919e-05
0.0100582,0.00714452,0.00317626,0.002218,0.000190255,-0.000564711
0.0181698,0.0115207,0.00969231,0.00444408,0.000368043,-0.000857167
0.00881936,0.00589895,0.00361872,0.00106933,0.00113715,-0.000251001
0.0122211,0.00661353,0.00673681,0.00554921,0.00105318,0.000462828
0.0115531,0.00541946,0.00590978,0.00487928,0.00165966,2.95069e-05
0.0116689,0.00618151,0.00590395,0.00847338,0.000691653,-2.43897e-06
0.00996098,0.00437442,0.00356076,0.00618562,0.000396893,-0.00117736
0.0174361,0.0117739,0.00748257,0.010352,0.000884387,0.00150493
0.00707156,0.00464583,0.00330172,0.00317883,0.000289509,-1.55413e-05
0.00464403,0.00331265,0.0024563,0.00328157,0.00127742,-0.000502066
0.00390721,0.00312001,0.00250633,-0.000744494,0.000975812,0.000891939
0.010677,0.007104,0.00638332,0.0130627,0.00188204,0.000754618
0.0325835,0.0141156,0.0116055,0.0174175,0.00508954,0.00191103
0.0470876,0.0140971,0.0191971,0.0247767,0.00564218,0.00409518
0.0341182,0.0107321,0.0169452,0.0238025,0.00427565,0.0028094
0.00893303,0.00648275,0.00289886,0.0057372,-0.000451054,0.000553977
0.0132038,0.00766481,0.00656464,0.00813675,0.00422409,0.00395249
0.0153102,0.00984135,0.00804336,0.00527549,0.00270587,0.00135396
0.0115365,0.0081506,0.00313923,0.00542043,0.00176085,0.000743465
0.00410803,0.00320738,0.00210729,0.00236144,0.000664735,-0.000987868
0.00395182,0.00303721,0.00199059,0.00404699,9.5109e-05,0.000458115
0.00634977,0.00452534,0.00282711,0.000210655,0.000725334,2.67584e-05
0.0155233,0.0111222,0.00677187,0.0114499,0.00124642,-6.68257e-05
0.0104556,0.00714351,0.0048724,0.00707123,0.00251882,0.00401235
0.0160974,0.00549284,0.0101854,0.0285609,0.0113319,0.0275021
0.0191242,0.0101836,0.0105434,0.0142802,0.00371264,0.00865691
0.00555967,0.00395327,0.00314992,0.00322333,0.000723751,-0.000737278
0.00686845,0.00493159,0.0100786,0.00910241,0.00160674,0.00188229
0.013339,0.00936235,0.00656474,0.00230312,0.000217444,0.00106501
0.014658,0.00671761,0.00812935,0.00872523,0.00206513,0.00375765
0.0106143,0.0072084,0.00488537,0.00606812,0.00086111,-0.000635232
0.0129401,0.00875087,0.00383031,0.00538289,0.0014503,0.00180582
0.0244881,0.0122347,0.0152858,0.0175598,0.00604572,0.00211859
0.0240984,0.0122724,0.0163007,0.0207346,0.00376259,0.00117804
0.0117259,0.00820841,0.00325018,0.00681618,0.000220967,0.000909157
0.0201787,0.0133357,0.00874401,0.0092135,0.00362771,0.0013374
0.0100007,0.00531394,0.0046203,0.00151758,0.000465766,-0.000847054
0.0205288,0.0141327,0.00795306,0.0106015,0.00234355,0.00259971
0.00779573,0.00567567,0.00440649,0.00478782,0.000507734,0.00040692
0.00452047,0.00332381,0.00328552,0.00693768,0.000471229,0.000614076
0.0163652,0.00875797,0.0156674,0.0238257,0.00537604,0.00316882
0.0182847,0.0111883,0.010991,0.0121113,0.00201009,4.22469e-05
0.0131087,0.00830916,0.00557638,0.00771336,0.00230287,0.00117272
0.0064842,0.00368154,0.00288133,0.000316359,0.0003632,-0.000672268
0.00941668,0.00559608,0.00525669,0.00416411,0.000715458,-0.000372003
0.00672249,0.0047269,0.00359367,-0.000256112,0.000722968,0.000209326
0.0378355,0.0176504,0.0202259,0.034648,0.00780421,0.00344818
0.0347342,0.0172325,0.0166,0.0261155,0.00456687,0.00122906
0.0071403,0.00485256,0.00467004,0.00101281,0.00183599,-0.0007214
0.026365,0.0143022,0.0090653,0.0109959,0.00154723,0.00214326
0.00996212,0.00572026,0.00420399,0.00485999,9.43738e-05,-0.00044619
0.00506427,0.0037468,0.00254049,0.0063129,-9.72624e-05,-0.00158738
0.0221621,0.00977069,0.00952648,0.0155011,0.00258614,0.00262547
0.0227267,0.00973499,0.00996257,0.0143029,0.00262728,0.00206337
0.00462541,0.0032001,0.00282358,-0.00263105,-0.00021478,0.000804577
0.00818758,0.00570309,0.00308549,0.00121971,-5.0485e-06,0.000274302
0.0116293,0.00848435,0.00526677,0.00855109,0.00174334,0.000201071
0.00932314,0.00655273,0.00401335,0.00641233,0.00099953,0.000882223
0.00622598,0.00415561,0.00460961,0.00728635,0.00309664,0.00353927
0.00541626,0.00373072,0.00218582,0.00266402,0.000654206,0.0001598
0.00442413,0.00331786,0.00246104,0.000935921,0.000219172,0.000161661
0.00621249,0.00425215,0.00335241,0.000895531,-0.000303344,0.000499365
0.00794907,0.00595067,0.00356796,0.0030669,0.000964094,0.000238983
0.0112313,0.00620866,0.00674007,0.0034755,0.000851284,0.000757463
0.00625149,0.00452877,0.00270589,0.000420652,0.000368491,-0.000613505
0.0206673,0.0085603,0.0079059,0.00764981,0.00151406,0.000659659
0.0206259,0.00858374,0.00779893,0.00585221,0.00148648,0.00118639
0.0113075,0.00795892,0.00449667,0.00547657,0.0013709,-5.97542e-06
0.0101621,0.00716127,0.00634048,0.0428953,0.0123412,0.0308428
0.00532783,0.00427995,0.0019236,0.000395813,-0.000795909,0.000975757
0.00384022,0.0029783,0.00294603,0.00155433,-0.000320066,0.000354101
0.0300817,0.0180125,0.00916303,0.0167004,0.00186031,0.000300166
0.025056,0.0158709,0.00842361,0.0168195,0.000958776,0.000453361
0.0194638,0.0105612,0.0107122,0.00879914,0.00214648,0.000855753
0.0055375,0.00388781,0.00324117,0.00128547,0.00100914,-8.91444e-06
0.0164824,0.0102953,0.0107228,0.0119394,0.00251057,0.0030954
0.0171753,0.0115483,0.00721385,0.00952465,0.00161131,0.0005409
0.00659889,0.00322579,0.00365472,0.00309025,0.000620816,0.00167776
0.00642735,0.00462695,0.00289462,-0.00105534,0.000677396,0.00176022
0.0157468,0.0105206,0.017278,0.0175747,0.00353207,0.00278018
0.00867277,0.00585687,0.0045271,0.00550903,0.00189983,0.000714375
0.00901215,0.00618848,0.00302781,-6.34988e-05,-6.02324e-06,0.00117028
0.0151248,0.0103649,0.0115051,0.0120081,0.00265418,0.00383659
0.00544646,0.00396511,0.00280779,0.00237569,0.000385945,0.000247221
0.008322,0.00621842,0.00198277,0.0038109,0.000247427,-0.000747345
0.00941304,0.0065408,0.00599192,0.00628178,0.00158448,0.0026829
0.0150989,0.00873517,0.00453412,0.0215599,0.00745968,0.0137967
0.0186801,0.00625529,0.00629294,0.0132532,0.00262964,0.00458837
0.0161137,0.00487764,0.00640475,0.00819456,0.000975552,0.000529097
0.0151066,0.00954091,0.0081451,0.0114234,0.00226177,0.00296205
0.0130143,0.00928301,0.00562663,0.00372105,0.000869906,0.000838322
0.00798111,0.00583926,0.00266298,0.0031104,0,0.000147407
0.00560637,0.00440183,0.00306414,0.00177268,0.000161924,0.00143633
0.00755743,0.00403239,0.00284644,0.0238481,0.0101923,0.0264041
0.00959916,0.0047807,0.00460195,0.00581163,0.0017672,0.000530744
0.0112078,0.00520515,0.00449548,0.00533914,0.00101769,0.00167559
0.00499199,0.00341144,0.00238286,-0.00112705,0.000596212,0.000863694
0.00389093,0.00332475,0.00253302,-0.00195094,0.000247116,-0.000627991
0.0284977,0.0194031,0.0108123,0.00555586,0.00222188,0.00153701
0.0196305,0.0137759,0.0115199,0.0130958,0.00245155,0.0012591
0.00712553,0.00469926,0.00192048,0.00181933,0.000161287,0.000168167
0.0119617,0.0056532,0.00550904,0.00684637,0.000539405,0.00142773
0.0138046,0.00868287,0.0101501,0.00406064,0.00182124,0.00107906
0.00955618,0.00398461,0.00913459,0.00550712,0.0018671,0.00155906
0.00844311,0.00444397,0.00753973,0.00919781,0.00223565,0.00328619
0.00462638,0.00332968,0.00330461,0.0219763,0.00958834,0.0277728
0.00503663,0.00373932,0.00270184,0.000813807,0.000648071,-0.00202604
0.012094,0.00629641,0.00503609,0.007868,0.00101723,0.0016776
0.00654166,0.0049955,0.00338231,0.000935775,0.000258627,0.000611064
0.0220711,0.0152103,0.0111918,0.00890775,0.00351822,0.000722319
0.0220677,0.0146784,0.0105672,0.0131978,0.00400589,0.00255157
0.0318442,0.0161248,0.0135375,0.0157187,0.00254007,0.00432579
0.0313603,0.0161655,0.0135185,0.0184334,0.00275764,0.00378075
0.0050832,0.00308113,0.00247083,0.00268094,0.000964584,0.00027725
0.019298,0.00869951,0.00968935,0.0049265,0.0020904,0.00212031
0.0196762,0.00870936,0.00955652,0.00256873,0.00261615,0.00226973
0.009108,0.00669904,0.00719901,0.00767358,0.000985557,0.00112874
0.00586902,0.00426168,0.00349814,0.00373312,0.000893266,-0.000564998
0.0116329,0.00787589,0.00461341,0.00505179,0.000582656,0.00165612
0.0141981,0.00969525,0.0050553,0.00353454,0.000768661,0.000599897
0.0158285,0.0110824,0.00902133,0.00624541,0.00206355,0.000283902
0.00927629,0.00635852,0.0044862,0.00694536,0.000394595,3.25686e-06
0.00614624,0.00434418,0.00341341,0.00209591,0.00115629,0.00122564
0.00632482,0.00455492,0.00293276,0.002158,-0.000269342,0.00110663
0.00591479,0.00419226,0.00251887,0.00429642,0.00124914,0.000281268
0.0132254,0.00907591,0.00559086,0.00844241,0.00107829,0.00150245
0.012857,0.00863487,0.0154685,0.0212842,0.00555337,0.00189229
0.0172212,0.0101879,0.0205805,0.0264792,0.00556053,0.00272134
0.0128053,0.00744286,0.00627934,0.00368574,0.000942713,0.00112048
0.0140171,0.00828395,0.00546383,0.010784,0.00119057,0.000513617
0.0185769,0.0108279,0.00827391,0.00612827,0.00165907,0.00131198
0.00927444,0.00619994,0.00319999,0.00395287,0.000529172,0.000763743
0.0104226,0.0074953,0.00423822,0.00616793,0.000856922,3.30994e-05
0.0352095,0.0152656,0.029746,0.0624469,0.0182272,0.0411962
0.00917014,0.00652851,0.00447448,0.0019269,0.000639377,0.000914005
0.0248362,0.0142993,0.00786892,0.0125654,0.00132895,0.00121599
0.0161364,0.00693684,0.00664475,0.00712417,0.00162667,-0.000421112
0.0106699,0.00642036,0.00488758,0.00575202,0.000106338,0.000456522
0.00597364,0.00447765,0.00333845,0.00463529,0.000901074,0.000176023
0.0122011,0.00849748,0.00922712,0.0153965,0.00193409,0.00086204
0.00396234,0.00323345,0.00231503,0.00212969,-1.81472e-05,-0.000226892
0.00475211,0.00384789,0.00165863,0.00208183,-0.000723128,0.001321
0.0103197,0.00709886,0.00380309,0.00202935,0.000505933,0.000727893
0.0254209,0.0174675,0.0115833,0.0164455,0.00289616,0.00132172
0.0112536,0.00635409,0.00286523,0.00126932,0.0015224,-0.000972424
0.0269201,0.0120578,0.0101489,0.0067868,0.00281477,-2.44513e-05
0.0331643,0.0121355,0.0139567,0.0166281,0.00372534,0.00195025
0.0219852,0.00846432,0.0102515,0.0112588,0.00271789,0.00282904
0.00526559,0.00346364,0.00343651,0.00218548,0.000265164,-4.1141e-05
0.00568252,0.00427624,0.00184727,0.00547114,0.000171732,-0.000431601
0.0288133,0.018691,0.0118765,0.0201546,0.00430142,0.00374563
0.00472576,0.00321821,0.00264295,-0.00239972,-0.000397492,0.00165985
0.0129104,0.00887977,0.00460655,0.0120126,0.00234561,0.00505441
0.00552996,0.00383197,0.00264566,0.0050339,2.3037e-05,0.00132099
0.020287,0.0102652,0.00782535,0.0146738,0.00179438,0.000161781
0.0167214,0.00787861,0.00579069,0.0076813,0.000678137,0.000955339
0.0146555,0.00814082,0.00701806,0.00879379,0.00225501,0.000373052
0.0153294,0.00479106,0.00982794,0.0121495,0.00289936,0.00176981
0.00814693,0.00332191,0.00395796,0.00788359,0.00215669,0.00108048
0.0115584,0.00783071,0.00474327,0.00259574,0.00121351,-0.00125652
0.00399342,0.00315631,0.00189795,0.000853797,-0.000438532,0.00222354
0.00967618,0.00501588,0.006151,0.0114917,0.00222974,0.000952543
0.0185655,0.00649827,0.0104294,0.0151092,0.0027514,0.00210791
0.0168795,0.00668481,0.00929012,0.0110049,0.00246417,0.00225018
0.0129051,0.00778765,0.0046867,0.00593776,0.00212415,0.00127861
0.0177693,0.00773274,0.00761619,0.00749305,0.00207561,0.00211867
0.0182553,0.0101185,0.00687287,0.00839167,0.00185207,0.001012
0.0210422,0.0144841,0.0150428,0.0212048,0.0047809,0.00402994
0.0477624,0.0229907,0.0522278,0.0699706,0.0146326,0.00771571
0.0154247,0.010848,0.00642366,0.00518583,0.000784119,0.000748613
0.00871876,0.00432341,0.00675097,0.00256172,0.00112557,0.000639461
0.00871,0.00420648,0.00645277,0.00323874,0.00122496,0.001595
0.014631,0.00730957,0.0137532,0.0225132,0.0033835,0.000746913
0.0197017,0.010563,0.00901791,0.00872368,0.00117849,0.00234224
0.01535,0.00987795,0.00559599,0.0116948,0.00497283,0.0133462
0.0142801,0.00897886,0.0127454,0.0156139,0.00254043,0.0038035
0.00935766,0.00660943,0.00535244,0.00447993,0.000879537,0.0014526
0.00627804,0.00488708,0.0034832,0.00238735,-0.00133403,-0.000225604
0.0141164,0.00963414,0.00536973,0.00506737,0.00212025,6.5643e-05
0.00697907,0.0050442,0.00356901,0.00066025,0.000362961,0.000718113
0.0143433,0.00711983,0.00841165,0.00559892,0.00154784,0.000918733
0.00970635,0.00691941,0.0045107,0.0103094,0.003168,0.00774178
0.0101403,0.0067417,0.00386263,0.00279229,5.1028e-05,-0.000734869
0.0125991,0.00885237,0.00574062,0.00613405,0.00114487,0.000216935
0.00525605,0.00369514,0.00325503,0.00325406,0.000453638,0.00109551
0.00445562,0.00365319,0.00267109,0.000656098,0.000392046,0.000713835
0.0156683,0.00958953,0.0120375,0.00674185,0.00209768,0.00226379
0.011006,0.00770727,0.0111808,0.00550786,0.00157747,0.00372243
0.00640804,0.00467148,0.00206705,0.00112336,-0.000308905,-0.000422614
0.00660291,0.00460173,0.00583009,0.00612087,0.00114586,0.00259129
0.0126301,0.00851786,0.00584755,0.000966169,0.00189638,0.00101001
0.00671122,0.00384514,0.00458356,0.00433475,0.00145354,0.0011146
0.00930605,0.00462937,0.00520243,0.00444484,0.00107782,0.00235286
0.011658,0.00670646,0.00657962,0.00608009,0.0011115,0.000768279
0.00832888,0.00422599,0.00545422,0.00814005,0.00137762,0.00164301
0.00961964,0.00486545,0.00585355,0.00685394,0.00149915,0.000905191
0.0053143,0.00351889,0.0021968,-0.000807676,0.00045237,3.36641e-05
0.0103725,0.00744664,0.00515536,0.00512109,0.00216854,0.00162531
0.00541268,0.00351253,0.00268512,0.00413747,0.00101938,-6.04206e-06
0.0112469,0.00755327,0.0041269,0.00684548,0.000880068,-0.000185359
0.00944958,0.00383615,0.00411946,0.00933213,0.00248316,0.00684017
0.0150201,0.00908273,0.00695578,0.00856304,0.00191742,0.0019083
0.0134709,0.00935766,0.00621549,0.0107111,0.000619645,0.00229648
0.0148233,0.00881067,0.0108935,0.0124245,0.00631426,0.0122198
0.0161721,0.0113424,0.00689908,0.00994476,0.00165157,0.000950913
0.0159756,0.00953514,0.00718187,0.011328,0.00175655,0.0012409
0.0126282,0.00686283,0.00597991,0.00826706,0.000462838,-7.54973e-05
0.018157,0.0125825,0.00790441,0.00635812,0.00213913,0.00116632
0.030527,0.0149488,0.0210203,0.0233149,0.00752603,0.00959402
0.00869582,0.00605427,0.00377581,-0.00233936,0.00028811,0.000971849
0.0112482,0.00796195,0.00472341,0.00478607,0.00209457,0.000570719
0.0102312,0.00680596,0.00354642,0.00756947,0.000325016,-0.00135866
0.0374283,0.0195709,0.0153468,0.012894,0.00181056,0.00155552
0.0154351,0.00712887,0.00607713,0.00919658,0.00214948,0.00131216
0.0272176,0.0145252,0.0107439,0.0104583,0.00309296,0.00205222
0.00702267,0.00468092,0.00193671,0.0213583,0.00916599,0.0218337
0.027141,0.0117197,0.0128848,0.0112193,0.00376414,0.00167273
0.027146,0.0116724,0.0126904,0.0129672,0.00266504,0.000627259
0.0227378,0.0140551,0.0165543,0.0170702,0.00336559,0.00149578
0.00554061,0.00388879,0.00631371,0.00900721,0.000246172,0.00138042
0.0241829,0.0159371,0.00907899,0.0245885,0.00728613,0.0106439
0.00988657,0.00701386,0.00383037,0.00869221,0.000924993,0.00100333
0.00707268,0.00521583,0.0033278,0.00492715,0.000569239,-0.000273882
0.00424542,0.00318844,0.00143379,0.000810072,0.0012342,-0.000527698
0.00907816,0.00429002,0.0022002,0.00904749,0.00167328,0.000539215
0.0112391,0.00787586,0.00365293,0.00595976,0.00155413,-0.000336874
0.0135734,0.0096176,0.00884486,0.0114771,0.0018047,0.00255977
0.0109152,0.00742159,0.00802055,0.00675259,0.00280363,0.00193183
0.00902537,0.00675948,0.00632501,0.00519533,0.00158422,0.00131122
0.0155915,0.0113691,0.00880745,0.0118842,0.00316005,0.00294622
0.0116014,0.00700621,0.00851814,0.00767267,0.00204228,0.00137786
0.0135187,0.0041522,0.00806618,0.00444219,0.000603633,0.000321997
0.00907191,0.00423567,0.00485873,-1.541e-05,0.000244695,-0.00124426
0.00696904,0.00484587,0.00392145,0.00188822,0.00149623,0.000402527
0.00705435,0.00522949,0.00349272,0.0024684,0.0018048,0.00152201
0.00665668,0.00469785,0.00309224,0.000842694,0.000271676,0.000171595
0.00864479,0.00594399,0.00306598,0.00122384,0.000421029,-0.000391975
0.00482691,0.00340302,0.00215566,0.000334559,0.00116108,0.000179107
0.00895513,0.00605731,0.00347582,0.0144281,0.00529528,0.0135964
0.00499032,0.00358424,0.00239558,0.00359055,0.000289273,0.00110272
0.00646995,0.00441752,0.00347324,0.00462269,0.00198339,0.00121155
0.00668038,0.00374014,0.00347396,0.00112634,0.000526878,0.000497018
0.0108917,0.00735318,0.00536921,0.00635247,-0.000268114,0.000296465
0.00873673,0.00610813,0.00384956,0.00434124,0.0016275,0.00101673
0.00550688,0.00401695,0.00199916,-0.00108932,9.27699e-05,0.000957794
0.0199077,0.0127351,0.0151185,0.0126848,0.00356809,0.00121239
0.00887797,0.00650789,0.00528635,0.00347824,8.58542e-05,0.00160088
0.00490452,0.00345587,0.00299185,-0.00307438,0.000721616,0.00180514
0.00890806,0.00641428,0.00491382,0.00226095,0.00142648,0.000746854
0.0127644,0.00909877,0.0158439,0.0281397,0.00358268,0.0021181
0.0109908,0.00769042,0.00374031,0.00494947,0.000234976,0.000613832
0.00678647,0.00489913,0.00537581,0.00232547,0.000819212,0.00028531
0.00980395,0.00689202,0.00442041,0.0103924,0.00134824,0.00244361
0.00787704,0.00525367,0.00356935,0.0062796,-0.000159117,-0.000546118
0.00615829,0.00323352,0.00392585,0.00329293,0.000759977,5.62447e-06
0.0191103,0.0122086,0.00725356,0.0129772,0.00314039,0.000573443
0.00644828,0.00437214,0.00188825,0.00483411,-5.5377e-05,0.0016881
0.013279,0.00557611,0.00847949,0.0285276,0.00930305,0.021329
0.0157688,0.00810791,0.0105958,0.0393534,0.0116968,0.0297059
0.0140251,0.00939003,0.00627602,0.00451999,0.00107837,9.37206e-06
0.0170001,0.0113942,0.0046437,0.00829078,0.00148139,-0.000585584
0.00820615,0.00569636,0.00331391,0.000322786,-0.000484935,-0.000681451
0.0338704,0.0136457,0.0205625,0.0234849,0.00305116,0.000321471
0.0246031,0.00973879,0.0134135,0.0132865,0.00142646,-0.00063766
0.0104646,0.00751269,0.00331268,0.00226643,0.00152242,0.000952662
0.0149907,0.00754925,0.00529081,0.00402787,0.00138271,0.000567952
0.0127423,0.00577065,0.00475134,0.00574257,0.00165751,0.00117243
0.00640576,0.00477068,0.00263283,0.00163798,-5.37429e-05,0.000347757
0.0307211,0.0133983,0.0208843,0.0284638,0.00501549,0.00490046
0.0277854,0.00970857,0.0157758,0.020278,0.00311103,0.00305047
0.00854339,0.00597101,0.00494061,0.00139201,0.000186655,0.00207253
0.0112641,0.0064109,0.00475529,0.00212694,0.00165563,-0.00061679
0.0082598,0.00301856,0.00340494,0.00011986,0.00122704,0.000957632
0.0101786,0.00707913,0.00297508,-0.00254049,0.00107017,0.00133348
0.0101569,0.00726717,0.00342502,0.00466158,0.000733446,7.78222e-05
0.011621,0.00775039,0.00690931,0.00693829,0.00288756,0.000206788
0.00922138,0.00380573,0.00432442,0.00922327,0.00124661,-0.000428837
0.0080784,0.00383241,0.00440528,0.00836099,0.00116114,0.000128169
0.0276491,0.0168656,0.0190382,0.026381,0.00703619,0.00543959
0.00550156,0.00367539,0.00300923,0.00121543,0.00065708,0.000263118
0.0156586,0.0105517,0.00405825,0.00899171,0.000395908,0.00034474
0.0255053,0.0169827,0.0097571,0.00756362,0.00188113,-0.00127866
0.00711344,0.00479916,0.00351132,0.00597601,0.00123864,0.0014393
0.0082563,0.00497334,0.00395319,0.00133952,0.000552621,0.000964312
0.0148396,0.0077297,0.00933803,0.0136593,0.00257976,0.00208785
0.00460269,0.00298817,0.00229707,0.00452557,0.000237905,0.000689678
0.00593643,0.00451323,0.00242555,0.00271258,0.000832192,0.000265504
0.0111428,0.00839321,0.00429043,0.0067907,0.00103418,0.00113173
0.00971084,0.00713199,0.0045278,0.00807818,0.000920217,-0.000331726
0.00577029,0.0042137,0.00617556,0.00340627,0.00127488,-0.000889585
0.00866093,0.00632466,0.00353675,0.000835324,0.000539211,0.000369861
0.0219397,0.0148059,0.0148593,0.0207942,0.0036485,0.0029069
0.0185783,0.0131665,0.00817653,0.00867126,0.00260938,0.00131804
0.0183268,0.00701403,0.0110378,0.0142775,0.00446712,0.00532897
0.0209042,0.0111795,0.014737,0.0204695,0.00486499,0.007624
0.0106656,0.00786088,0.00381676,-0.00176497,0.000372893,-0.00131736
0.0057874,0.0043772,0.00294223,0.00249299,0.00197997,0.00143856
0.00660569,0.00444359,0.00346325,-0.000576171,0.000668491,0.000883914
0.00874171,0.00363133,0.00660343,0.00499716,0.00195326,0.000388584
0.0105559,0.00612876,0.00434349,0.00407723,0.00115591,-5.13152e-05
0.0070952,0.00502646,0.00360624,0.00606034,5.35194e-05,4.12484e-05
0.00620017,0.00294174,0.00418421,0.00147313,0.000556515,0.00205243
0.00701706,0.00372582,0.00444915,0.0028806,0.000189307,0.00130472
0.00547216,0.0036666,0.0025815,0.00368668,0.000732635,-0.000595362
0.0140857,0.0078511,0.00568918,0.00717088,0.00190461,0.00114916
0.0120442,0.0059077,0.00449742,0.006188,0.00118281,0.00112447
0.00845966,0.00641508,0.00736751,0.00736156,0.000666037,0.000673806
0.015295,0.00783191,0.00670351,0.00831499,0.00147335,0.00152311
0.014628,0.00786811,0.00649209,0.0093512,0.00113279,0.00163127
0.0110072,0.00789928,0.00364198,0.00530738,0.000488804,0.00248643
0.0141631,0.00998785,0.00502006,0.00367047,0.00111996,-0.00104418
0.00790372,0.00587258,0.00380102,0.00165688,0.00023855,-0.000619226
0.0129907,0.00912523,0.00330199,0.00580125,0.000407672,0.00135566
0.00912045,0.0062162,0.0131804,0.0211187,0.0132661,0.318374
0.0132187,0.00936789,0.00334772,0.00566,0.00210229,0.000711658
0.00972543,0.00715519,0.0030033,0.0102114,0.00263225,0.00421862
0.0075504,0.00546979,0.00420688,0.00345275,6.63086e-05,0.00136617
0.00563598,0.00419571,0.00298809,0.00352665,0.000319031,1.24949e-06
0.0049442,0.00390447,0.00296799,0.00205482,0.00182086,0.000675137
0.0163394,0.0103268,0.0055385,0.0049514,0.00132699,0.000987084
0.00564351,0.00394404,0.00337962,0.00402382,0.000707423,-0.000696161
0.0052426,0.00386385,0.00237367,-1.69064e-05,6.35113e-05,0.000835714
0.00817745,0.00444145,0.00416958,0.00111968,0.000792008,0.000988215
0.026823,0.0113154,0.00903018,0.0188005,0.00445199,0.00603511
0.00925192,0.00604152,0.00364238,0.00385564,0.00170356,0.0019844
0.0138542,0.00922013,0.00670192,0.0133455,0.00427255,0.010357
0.0057989,0.00423533,0.00483306,-0.000194914,0.00146226,0.00126499
0.00836547,0.00598151,0.00636821,0.00600884,0.00122121,0.000860524
0.0166053,0.0111833,0.0063986,0.00270036,0.00217494,0.00126953
0.0197571,0.0137324,0.00857519,0.00957706,0.00167582,0.000586313
0.0136423,0.00970338,0.00386033,0.00245587,0.00108554,4.37121e-05
0.0162968,0.00926461,0.00856489,0.00664416,0.00170989,0.000426424
0.00746059,0.00529278,0.00389362,0.00711253,0.00112334,-0.00011588
0.00800864,0.00572667,0.00358254,0.00256221,0.00280856,0.00111405
0.00765747,0.005767,0.00760286,0.00451606,0.00100218,0.00241462
0.0169192,0.0097941,0.00567205,0.0131287,0.00193161,0.00111185
0.0165281,0.010189,0.00879342,0.0216395,0.00247589,0.00319809
0.0135092,0.00958248,0.0102167,0.0100782,0.00263572,0.00190792
0.00601474,0.00354304,0.00179781,0.00410067,0.000731286,-0.000153867
0.00935551,0.00646843,0.00305985,0.00263424,0.000467743,0.000912307
0.00897697,0.00637225,0.00969105,0.0111062,0.0014474,0.00130648
0.00521284,0.00332254,0.00278095,0.00151133,0.000745409,0.00138188
0.0108659,0.00748801,0.00403564,0.00306365,0.00033307,0.000533337
0.0148844,0.00687018,0.00986107,0.010086,0.00123323,0.00148383
0.014772,0.00601198,0.00886333,0.00661302,0.000632492,0.00147573
0.00608937,0.00447859,0.0023999,0.0119903,0.0047917,0.00910948
0.0170621,0.0121632,0.0132242,0.0220853,0.00510178,0.00388024
0.00950563,0.00678793,0.00550177,0.00504109,0.00103937,0.000906367
0.0101551,0.00732594,0.00628327,0.00101613,0.000433402,0.000618942
0.0518937,0.0286344,0.0254197,0.028591,0.00567061,0.00463205
0.00779519,0.00542409,0.00331843,0.00209075,-0.000105866,-0.000494835
0.00832532,0.00584362,0.00665345,0.00350902,0.000453024,0.000875918
0.0164188,0.00979298,0.00896143,0.00574279,0.00152391,0.00174957
0.00446775,0.0034157,0.00225395,0.00262641,-4.97224e-05,0.000120317
0.0104754,0.00740559,0.00527694,0.00520443,-7.23003e-05,-6.52035e-05
0.0198156,0.0134889,0.00897239,0.0141055,0.00276597,0.000917862
0.0143027,0.00999588,0.00507634,0.00395243,0.00105227,0.000639162
0.0137378,0.00965808,0.00603737,0.00351383,0.000372725,0.00053077
0.00477466,0.00339985,0.00203589,0.000545681,-0.00105088,0.000190857
0.00565256,0.00418397,0.00349801,0.00226349,-0.000136125,0.000572474
0.00406991,0.00299755,0.00194575,-0.000715083,8.33169e-05,-0.000805928
0.0188011,0.0106284,0.0128131,0.0069066,0.00330253,0.000639389
0.0129489,0.00845222,0.00764694,0.00860687,0.00170622,0.00225505
0.00716234,0.00335762,0.0027023,0.00457271,0.000536839,0.00058107
0.00730296,0.00528001,0.00458662,0.00172754,0.000435075,0.000135681
0.0234323,0.0156759,0.0134037,0.0141241,0.00339245,0.00262888
0.00423501,0.00327058,0.00107542,0.00143203,-1.55855e-05,7.65653e-05
0.0118848,0.00767267,0.00687059,0.0102439,0.0010972,0.00215736
0.0203433,0.00688592,0.015497,0.0185959,0.00369866,0.00417675
0.0177284,0.00720558,0.0126495,0.0113254,0.00340322,0.00190993
0.00459037,0.00355831,0.00179016,0.00274389,0.000116684,-0.000397161
0.0542625,0.0318623,0.0247859,0.0288373,0.00800098,0.00328119
0.00588306,0.00409091,0.0032999,0.00244065,-0.000133864,0.000665737
0.010742,0.00769441,0.00642519,0.00932554,0.0018056,0.00467338
0.00776399,0.00534624,0.00799136,0.0098463,0.00180501,0.000971534
0.0165992,0.00755839,0.00935537,0.00944645,0.00247441,0.00256271
0.0247606,0.011444,0.0129947,0.0104844,0.00273451,0.00288139
0.00914948,0.00669426,0.00511646,0.00240506,-0.000499391,0.00219299
0.00956992,0.00712811,0.0045816,0.00157235,-0.000467882,0.00225053
0.0149809,0.0075137,0.0095847,0.0103833,0.00237792,0.000380812
0.0160661,0.0074263,0.0104529,0.0100987,0.00256764,0.00132375
0.0130182,0.0095826,0.00450373,0.00857919,-0.000182733,0.000386086
0.00878419,0.00627711,0.00442564,0.0121778,0.0018547,-0.000331785
0.00408054,0.00304411,0.00295619,0.00420626,-0.000175206,-0.00094174
0.0128092,0.00888717,0.00598236,0.00438379,0.000275125,0.00142046
0.0111649,0.00765112,0.00453132,0.0018928,0.00136217,0.000923855
0.0109681,0.00758159,0.00673162,0.0054245,0.000240133,0.00104191
0.00737324,0.00388666,0.00403722,0.00182348,0.000591019,-0.000223025
0.00999931,0.00379736,0.00578427,0.00588549,0.000699114,-0.000663285
0.00618159,0.00471201,0.00637207,0.00357094,0.000182462,0.000529833
0.0127756,0.00892881,0.00457812,0.00183138,-1.75072e-06,0.000642252
0.0372989,0.0139006,0.0142201,0.0180925,0.00285733,0.00162349
0.0368164,0.0139634,0.013791,0.0185683,0.00257806,0.00260462
0.0104525,0.00763746,0.00345309,0.00405096,0.000322578,-0.000793232
0.0154237,0.00997138,0.00595788,0.00643754,0.00058805,0.00189213
0.017796,0.010149,0.00626063,0.00518975,0.000291864,0.0015287
0.00822909,0.00569297,0.0053422,0.00847576,0.00143946,0.000292363
0.00921091,0.00617459,0.0111932,0.00960804,0.00114679,0.00107558
0.00632037,0.00491507,0.00212981,0.000226531,-0.000391091,0.00177061
0.00520934,0.00359084,0.00228589,0.00194518,6.19329e-06,0.000429935
0.00667774,0.00457301,0.0038748,0.00115468,-0.000298855,0.00142161
0.00476811,0.00362717,0.00230411,0.00486786,0.001199,0.0008121
0.00846036,0.00592857,0.00399992,0.000603246,0.000167445,-0.00010538
0.0139254,0.00894588,0.00569396,0.0103661,0.00346032,0.0049445
0.00762622,0.00334442,0.00449813,0.00321834,0.000276542,0.000110737
0.00909224,0.00344583,0.00486051,0.00470464,0.00052562,-0.000211187
0.0130638,0.00893719,0.00550419,0.00695908,0.000718911,3.51007e-05
0.0157816,0.0111599,0.00530508,0.00641422,0.000843512,-0.00098906
0.0124634,0.00877752,0.00576998,0.00459114,0.000488014,0.00016385
0.00839187,0.00621095,0.00370091,0.00443871,0.000175589,0.00126148
0.0170776,0.0109091,0.00615251,0.00118313,0.000574868,0.000511985
0.0118437,0.00885663,0.00613193,0.00284751,0.00188477,0.00181789
0.00910702,0.00690734,0.00438115,0.0071945,-0.00032019,-0.000341082
0.0203254,0.00969085,0.00867399,0.00757277,0.00248486,-0.000240598
0.0192217,0.00984478,0.00827189,0.00617788,0.00125205,0.000301069
0.00416417,0.00306908,0.00382499,0.0031957,0.000944449,0.00178618
0.0107105,0.00757893,0.00405088,0.00403726,0.000622042,0.0014049
0.00843233,0.00613796,0.00382725,0.0054308,0.00127155,0.00107923
0.00423744,0.00332247,0.00237077,0.00355648,0.000371059,0.000843485
0.0118785,0.00701093,0.00362459,0.0223534,0.00677699,0.0175832
0.00431115,0.00321453,0.00415765,0.00182821,0.000599692,0.000963141
0.00910924,0.00616242,0.00571126,0.00729808,0.00196467,0.0024218
0.00720422,0.00501738,0.0070294,0.00533003,0.00133921,0.00297125
0.0162155,0.0100613,0.00691672,0.00934414,0.00204191,0.0025172
0.00571019,0.00436196,0.00300258,0.00469372,-0.000110742,0.00139065
0.00898178,0.00605486,0.00467213,0.00391489,0.000617903,-0.00167212
0.00831117,0.00540465,0.00288626,-0.000891426,0.000554667,0.00202093
0.0166765,0.0117984,0.00755035,0.00804584,0.00124531,0.00150593
0.0123699,0.00865837,0.00632688,0.00579998,0.00244441,0.00043926
0.0068578,0.00499999,0.00495588,0.000792178,-0.000396981,0.000999843
0.00549755,0.00411749,0.00224282,0.00781164,0.00193395,0.00911339
0.00784793,0.00392496,0.00397967,0.00424857,0.000310648,0.000762491
0.00825974,0.00409067,0.00412782,0.00259769,0.000552582,-0.000161924
0.00873202,0.00486155,0.00295327,-0.000225042,0.000251051,-0.000429375
0.0195065,0.0136925,0.00584279,0.015773,0.00239249,0.00120617
0.0060692,0.00437272,0.00227598,0.00693261,0.000560486,-0.000448172
0.0134899,0.00942189,0.0038711,0.00806985,0.00101906,0.000642243
0.0112362,0.00759882,0.00746118,0.00677494,0.00102279,0.00354529
0.0104333,0.0074109,0.00512761,0.00553432,-4.59054e-05,-0.000237559
0.0188524,0.0108342,0.00746647,0.0131809,0.00239432,0.00112832
0.00715387,0.00522344,0.00405616,-0.000611722,0.000331722,0.000173727
0.0291944,0.0114839,0.0175224,0.0220509,0.00492059,0.00450082
0.029907,0.0115093,0.0176953,0.0228544,0.00485351,0.0036647
0.0124749,0.00858976,0.00650143,0.00430606,0.000188851,0.000250218
0.00676918,0.00502838,0.00317993,0.00192166,-0.000353015,0.000450787
0.00515401,0.00384933,0.00504918,0.00606112,0.000259929,0.00130648
0.00672962,0.00471985,0.00299886,0.00662555,0.000615114,0.000994049
0.00658328,0.00444838,0.00439905,0.000541526,0.000802779,-0.0008571
0.0265441,0.015217,0.0173277,0.0219841,0.0041125,0.00193832
0.0112489,0.00760022,0.00682513,0.00483681,0.00137872,0.00124275
0.0131274,0.00761821,0.00738067,0.0051739,0.00103816,0.000685524
0.0195382,0.0131981,0.0070571,0.00754732,0.00163524,0.00127132
0.00930539,0.00645418,0.00557356,0.00480069,0.000702306,-3.32538e-06
0.0162056,0.010581,0.0150199,0.0107417,0.00312786,0.00145705
0.0141398,0.00968809,0.010209,0.00859109,0.00107418,0.00153987
0.0135858,0.00742316,0.0089291,0.00630727,0.00125845,0.000446158
0.0255415,0.012409,0.00649048,0.00720614,0.00191245,0.0015687
0.0111322,0.00753683,0.00610223,0.00748866,0.00187584,-0.000575608
0.0110252,0.00785174,0.00334494,0.00456582,0.00183266,0.000943597
0.0112574,0.00789397,0.00875679,0.00834428,0.00194075,0.00136289
0.00688578,0.00511684,0.00466378,0.00360281,0.0003361,-0.000409692
0.00676393,0.00495413,0.00397593,0.00793378,-0.000513438,-4.65737e-05
0.017559,0.0125786,0.00540471,0.00495909,0.00193369,0.000647597
0.0183182,0.0127479,0.00982748,0.0143688,0.00216142,0.00259349
0.0143593,0.00868,0.00734536,0.00904684,0.0010364,0.000588015
0.0122318,0.00523666,0.00671328,0.00619794,0.000658426,0.000349711
0.00639148,0.00496941,0.00401868,0.0048283,0.000517495,0.000234096
0.0166089,0.0114031,0.0089255,0.0099961,0.000900292,0.00260395
0.0184251,0.0132527,0.00762638,0.00697008,0.00283443,0.000920139
0.00502911,0.00340624,0.00201904,2.88079e-05,0.000358311,0.000981384
0.0227493,0.010356,0.00750293,0.00655163,0.000687243,0.00321812
0.0321973,0.0167483,0.0102765,0.0112335,0.00312034,-0.000333564
0.0151534,0.0104576,0.0119434,0.0113403,0.00190541,0.00173395
0.00626787,0.00363109,0.00356693,0.0025482,-0.000686637,0.000962711
0.00764693,0.00535153,0.00337628,7.44433e-06,0.000623777,0.00130175
0.00863102,0.00407625,0.0052666,0.00893286,0.00139459,0.00184219
0.0114638,0.0039015,0.00796659,0.010494,0.0012176,0.00166474
0.029911,0.0199023,0.0111858,0.0110875,0.00187078,0.00237391
0.0056445,0.00407045,0.00376918,0.000541657,-0.000314866,0.000800633
0.00572075,0.00333338,0.00420164,0.00163176,-0.000316543,-0.000798929
0.0126633,0.00914473,0.00298771,-0.00118844,0.00108138,0.000476147
0.0106071,0.00529641,0.00548193,0.0057361,0.000463366,0.00159554
0.00687948,0.00501519,0.00234856,0.00598039,0.00123446,0.00105783
0.0435247,0.0180859,0.0183927,0.0177151,0.00365085,0.00288811
0.0515762,0.0181008,0.0225118,0.0227904,0.00468749,0.00273454
0.0421785,0.0182162,0.0175929,0.0196634,0.00363375,0.00229863
0.0201122,0.00664464,0.00954641,0.0112975,0.00192392,0.000787046
0.0197773,0.00853504,0.0077745,0.00850251,0.00236515,0.000299832
0.0143387,0.00772751,0.00951171,0.00415265,0.000479491,0.00056887
0.0119785,0.00835124,0.00688417,0.00738513,0.00153227,0.00225624
0.00864262,0.00618623,0.00393121,0.00643218,0.00188923,-0.000245716
0.00972295,0.00689329,0.00441516,0.00283733,-0.000124115,3.61532e-05
0.0155115,0.0105095,0.0046525,0.00551371,0.000279109,0.001468
0.0106694,0.00751187,0.00381171,0.00415503,0.000867245,-0.00030777
0.0141766,0.00695402,0.00938293,0.00965371,0.00141951,0.000682162
0.00973195,0.00626348,0.00541715,0.00811366,0.00151789,0.000196561
0.00573701,0.00424501,0.00720903,0.004202,0.00127509,0.00145366
0.0166438,0.0121288,0.00757149,0.0100306,0.0019864,0.00090901
0.0102753,0.00742283,0.00680966,0.00666124,0.0015363,0.00198864
0.00955079,0.00710759,0.00445319,0.00338345,-4.57156e-05,-0.000669698
0.00602848,0.00362667,0.00256179,0.00534678,-2.30528e-05,-1.44949e-05
0.00663851,0.00397029,0.00259157,0.00208903,-0.000154498,0.00263384
0.00432403,0.0032831,0.00227294,-0.0010204,0.000698187,0.000484184
0.0125696,0.00847564,0.00653927,0.0112919,0.00153773,0.000914625
0.0145041,0.00902377,0.00405799,0.00413458,0.00132387,0.0020001
0.0118814,0.0067006,0.00320638,0.00480878,0.000526413,0.000724288
0.011498,0.00747663,0.00559666,0.00700126,-0.000312633,0.000848084
0.00657234,0.0039248,0.00306204,0.00395012,0.000638216,0.000716677
0.0215374,0.00992726,0.00869553,0.00992682,0.00175442,0.00129801
0.0209956,0.00982315,0.00841202,0.0109516,0.00162329,0.000295952
0.0152146,0.0109046,0.00453488,0.00647219,0.000525752,0.000355998
0.0116787,0.00632851,0.00651948,0.00367543,0.00231217,0.00100934
0.0157188,0.00666294,0.00772021,0.0037473,0.00168548,0.00231101
0.00986418,0.00500325,0.00338368,0.00240262,0.000283197,0.00163494
0.0165392,0.00830466,0.00706311,0.00772588,0.00108058,0.00158479
0.0161464,0.00578152,0.00788695,0.00420461,0.00154084,0.00150849
0.00941917,0.00513435,0.00649138,0.00454263,0.000374965,-0.000433906
0.0162956,0.0108696,0.00931649,0.00877082,0.00120825,-5.33381e-05
0.0116234,0.00722616,0.00523259,0.00576889,0.000665352,-0.000122617
0.0202168,0.0138783,0.00576085,0.0131485,0.0035092,0.000876502
0.00852138,0.00616229,0.00548399,0.00174817,0.000780686,0.00120937
0.0146649,0.0103424,0.00965315,0.0102798,0.0015087,0.0013372
0.0107755,0.00738879,0.00701889,0.00677564,0.00125154,0.000710089
0.00434818,0.00333086,0.00242356,-0.00152693,0.000808037,0.00127143
0.0152285,0.0105667,0.00444731,0.0050607,-0.000170492,-0.000383415
0.00785696,0.00580872,0.00380735,0.00451874,0.000850412,0.000244188
0.0115845,0.00832121,0.00449274,0.00540787,0.000666898,0.000349505
0.00866826,0.00588939,0.00291072,0.00168925,-0.000999373,0.000782413
0.00895263,0.00640695,0.00439958,0.00542334,0.00126972,0.00276148
0.0045727,0.00348613,0.00268227,-0.000431559,0.000804386,0.000132974
0.00712276,0.00513334,0.00235347,0.00134685,0.00014517,-0.000799366
0.0249906,0.017163,0.00616479,0.0127184,0.00245348,0.00158502
0.00441778,0.00309289,0.00242305,-0.00172421,0.00025578,-0.00144395
0.0121686,0.00832397,0.00429796,0.00588603,0.000596846,0.000684775
0.0186897,0.0100425,0.00705098,0.00531005,0.0019102,-0.000278555
0.0224071,0.00990225,0.00759984,0.00953298,0.00267978,-0.000294217
0.0181964,0.0106258,0.00447435,0.0117296,0.00209958,0.000322225
0.00635415,0.00419136,0.00607159,0.003742,0.000627443,-0.000536461
0.00510137,0.00400897,0.00257015,-0.00138788,0.000271908,0.000432214
0.0112036,0.00760241,0.00173694,0.00215294,0.000335455,0.00111412
0.0063689,0.00473259,0.00478306,0.0161045,0.00445187,0.0183371
0.00990068,0.00449916,0.00358527,-0.00114974,0.000268156,0.00127348
0.0206544,0.0113326,0.0057423,0.00450184,0.00251791,-0.000626412
0.00943817,0.00611388,0.00220606,0.0047237,0.000647634,-0.000540671
0.0231162,0.0159648,0.00715747,0.00945657,0.00221393,0.00178438
0.00667498,0.00502807,0.00216709,0.0099167,0.00102729,-0.000670184
0.0109869,0.00752207,0.00443412,0.00323976,0.00129234,0.00088373
0.0073352,0.00346784,0.00515833,0.0130341,0.00432118,0.00903776
0.0253593,0.0139858,0.00827261,0.0132788,0.00279158,0.00151545
0.00804921,0.00303054,0.00392378,0.00493694,0.00106055,0.00312449
0.00692407,0.00296309,0.00353558,0.00547295,0.000923582,0.00182796
0.0111692,0.00791521,0.00347043,0.00730076,0.00149279,0.0018052
0.0115932,0.00455567,0.0044703,0.00813676,0.0010509,0.000487374
0.0124061,0.00621969,0.00451325,0.00759726,0.00119106,-0.000147457
0.00928317,0.00614188,0.00386816,0.00294182,0.000594908,0.000940188
0.0101362,0.00654965,0.00544672,0.00701474,0.0015823,0.00199978
0.0125877,0.00909993,0.00766184,0.00267029,0.000908042,1.79094e-05
0.0146011,0.00996126,0.00501624,0.00842646,0.00145206,0.000256702
0.00477316,0.003797,0.00331616,0.00115612,2.28345e-05,0.00118749
0.00685379,0.00350231,0.00320745,0.0032777,0.00131646,0.000302491
0.0123287,0.00778158,0.00475171,-0.000565601,0.0015224,0.000394858
0.0256071,0.0114214,0.0110077,0.0118815,0.00197453,0.0032963
0.0206592,0.00962795,0.00994303,0.00977042,0.000791146,0.0023863
0.0147411,0.00787965,0.00632189,0.00869966,0.000676639,0.000347025
0.029107,0.0123603,0.00960131,0.0183848,0.00487244,0.00199608
0.0090986,0.00668937,0.004708,0.00405924,-4.8477e-05,0.000606245
0.00392718,0.00294822,0.0015001,0.00113945,0.0013494,0.000103745
0.00773283,0.00429234,0.00436283,-0.000469413,0.000709537,0.00164231
0.00832815,0.00429081,0.00456457,0.000311985,-0.000314648,0.00127458
0.0127944,0.0090973,0.00251252,0.0064719,0.000540508,0.000436269
0.00720906,0.00513654,0.00418638,0.000450594,0.00205183,-0.000118358
0.00649746,0.00504769,0.00553232,0.00532291,0.00126247,0.00058863
0.0260609,0.012226,0.0134571,0.0108691,0.0027156,0.00355242
0.00659365,0.00448773,0.00448169,0.00625113,0.00147727,0.00190697
0.00916586,0.00635114,0.0041776,0.000336585,0.000470955,-0.00041314
0.00733201,0.00539009,0.00624526,0.00321989,0.00111389,0.00117016
0.0146724,0.0106624,0.00633466,0.00849769,0.0013956,0.00167021
0.0162464,0.0110069,0.00612242,0.0112511,0.00228509,0.00153763
0.0211198,0.00807257,0.0063337,0.00850814,0.00179732,0.000907017
0.0211606,0.00815549,0.00613726,0.00483795,0.0022622,0.00179352
0.0043288,0.00332814,0.00230428,0.00133572,2.44627e-06,0.000458204
0.00402061,0.00293726,0.00185119,0.00243369,-0.000176737,0.000385335
0.00448721,0.00358499,0.00267597,0.00247139,0.00149649,0.000810093
0.01069,0.00732384,0.00684752,0.00325844,0.000148885,-3.19823e-05
0.00861,0.00476969,0.00480891,0.000777409,0.000650191,9.75388e-05
0.0173596,0.00907845,0.00742067,0.00818987,0.00230448,0.000369098
0.0157491,0.00912371,0.00613148,0.00631261,0.00254815,0.000303412
0.00572624,0.00410414,0.00290648,0.00432215,0.000539079,-0.000589512
0.00883741,0.00599683,0.00471796,0.0049493,-0.000371585,0.00276807
0.00772592,0.0049744,0.00330562,0.00269622,0.000814765,4.30329e-05
0.00426635,0.00315231,0.00354154,0.00454701,0.0016917,0.00106493
0.0118614,0.00833867,0.00591974,0.00423486,0.000102309,0.002709
0.0127453,0.00882237,0.00464411,0.0073085,0.000703049,0.00326237
0.00856781,0.00607656,0.00460375,0.00826732,0.00158236,0.00117464
0.00639845,0.00407574,0.00384701,0.00383288,0.000132356,9.25506e-06
0.00478471,0.00374537,0.00275811,-0.000412547,0.00111185,9.8633e-05
0.0191952,0.0112532,0.00929858,0.00974085,0.00207444,0.0014353
0.0150487,0.00803584,0.00633138,0.0101303,0.00207829,0.00120047
0.0137785,0.0051696,0.00776007,0.0146822,0.00515609,0.0052853
0.0158031,0.0067444,0.0100616,0.0157535,0.00522075,0.00872753
0.0140026,0.00978382,0.00494954,0.00122251,0.0010958,0.00122127
0.00732932,0.00522258,0.00419249,0.00189908,0.00172521,0.000292463
0.0127346,0.00740777,0.00569314,0.00515542,0.00102746,0.00065266
0.023119,0.0088001,0.00931859,0.00727577,0.00225163,0.000611753
0.0270743,0.0132026,0.00946371,0.00854431,0.00244498,-0.000251414
0.00524504,0.00367478,0.00223087,0.00449439,0.000662612,0.000902325
0.0159614,0.00947203,0.00859978,0.00967784,0.00207097,-7.75816e-06
0.013438,0.00925643,0.00747568,0.00880619,0.0011415,-0.00116717
0.0115859,0.00558381,0.00522325,0.00472878,0.000971233,0.000450082
0.0144872,0.00714454,0.00686886,0.00752451,0.000859426,-0.000168001
0.00652049,0.00424906,0.00332607,0.00286169,0.000857903,0.000290735
0.00798525,0.00514648,0.00300741,0.0027457,-1.90112e-05,0.000200635
0.0092154,0.00647769,0.00369866,0.00306572,0.000349425,-0.000200968
0.0190201,0.0130067,0.00785464,0.0101751,0.00139891,0.00166599
0.01367,0.00722963,0.00539715,0.00558822,0.000667437,-0.000339419
0.0128734,0.00738621,0.00517823,0.0047041,0.00102416,-0.00102471
0.010005,0.00372209,0.00355733,0.00952648,0.00134523,0.00013356
0.020046,0.0119218,0.00743229,0.00937845,0.000616362,8.17396e-05
0.0262279,0.0175856,0.0109927,0.0121823,0.00182048,0.00147237
0.0178401,0.0104632,0.0107118,0.0183917,0.0021783,0.00159855
0.0182209,0.0121855,0.00960332,0.00889635,0.00195472,0.00177178
0.0139261,0.00997875,0.00680721,0.0139596,0.0023171,0.00191794
0.0107017,0.00771644,0.00388778,0.00614194,0.00158518,0.000552806
0.0165073,0.0108214,0.00547582,0.00197376,0.000394902,0.000337148
0.0125071,0.00421469,0.00414443,0.00336053,0.00156701,0.00110737
0.0101358,0.00577212,0.00402512,0.00625425,0.000263784,-0.000109347
0.00500879,0.00366403,0.0021512,-0.000639268,0.00104847,0.00115555
0.00824589,0.00611775,0.00638196,0.00819559,0.00145038,-0.000354676
0.025673,0.0174711,0.0305023,0.0359832,0.00695729,0.0030376
0.0240182,0.0122562,0.0102605,0.00837461,0.00151313,0.00193065
0.0214787,0.0112096,0.00914056,0.00736664,0.000932537,0.000921823
0.00947099,0.00529672,0.00510638,0.01106,0.00693549,0.0169144
0.00806009,0.00490673,0.00756549,0.01182,0.00262139,0.000347242
0.0165542,0.0110708,0.00517078,0.00638868,0.00232815,0.000622196
0.00885211,0.00672491,0.00329055,0.000631527,4.79813e-05,0.000750278
0.00937594,0.0041426,0.00596409,0.00646119,0.00235893,-0.000271433
0.0199378,0.0135192,0.00894655,0.00683998,0.00180653,-0.000115123
0.00502245,0.00335464,0.00406611,0.00395952,0.000696293,0.000984036
0.00463824,0.00352213,0.00238168,0.000754356,0.000271345,0.00129114
0.00471156,0.00373595,0.00208254,-0.00415993,-0.000387987,0.000698698
0.0153697,0.00645461,0.00667148,0.00926008,0.00159767,0.000519685
0.0148756,0.00666116,0.00542972,0.00631151,0.000965472,0.00282431
0.0467371,0.0291468,0.0235056,0.0205657,0.00543792,0.00502522
0.0152604,0.00890234,0.00401526,0.00965143,0.00112566,0.00128782
0.0130712,0.00624934,0.00493113,0.00577893,0.000930458,-0.000196935
0.0112572,0.00793801,0.0054123,0.00143993,0.000635093,0.000134424
0.013597,0.0059069,0.0059975,0.00484812,0.000877343,0.000165682
0.013972,0.00639381,0.00560381,0.00315799,0.000971074,0.000881959
0.00944945,0.00484785,0.00520628,0.00144103,-0.000156453,-0.000207521
0.00872521,0.00670648,0.00367026,0.00183858,0.000153882,0.000294191
0.00862582,0.00579146,0.00447752,0.0052072,0.000784942,0.00150739
0.00603171,0.00395011,0.00227337,0.00369232,0.000717867,-0.000669117
0.0215826,0.0082708,0.0102127,0.00901626,0.00241259,0
0.0209212,0.00825383,0.0101879,0.00911509,0.00241821,0.000231363
0.0228018,0.0159758,0.013093,0.0275751,0.00360285,0.00238618
0.00884996,0.00582284,0.00781466,0.00967618,0.0025254,0.000265256
0.00453081,0.00355699,0.0019252,0.00253073,-1.60035e-05,-5.873e-05
0.013569,0.00910786,0.00449748,0.00457881,-5.18273e-06,-0.000329455
0.0188894,0.00767966,0.00939546,0.00770601,0.00216044,0.00211321
0.0225242,0.00812975,0.0105353,0.00725739,0.00183963,0.00149297
0.0197987,0.0134118,0.00697516,0.00917233,0.00168615,0.00118585
0.0101812,0.00490523,0.00592556,0.00541226,0.00172402,0.000626511
0.0098417,0.00717708,0.00636682,0.00384369,0.00133081,0.00162565
0.0302787,0.01928,0.0165719,0.0225072,0.00559648,0.00407883
0.0383023,0.0193019,0.0189482,0.0243814,0.00501447,0.00379934
0.00553241,0.00431869,0.00242857,0.00590768,-4.30746e-05,-0.000123368
0.014307,0.00733593,0.0103589,0.0147552,0.000923174,0.0010232
0.0144236,0.0079666,0.00709006,0.00201157,-0.000383526,0.000222877
0.00571508,0.00439515,0.00266371,0.00303351,0.000643169,0.000838192
0.0200993,0.0137671,0.0104937,0.0116741,0.00283449,0.0062272
0.0122049,0.00844913,0.00602847,0.00853282,0.000289032,0.000634439
0.00642305,0.00492369,0.00298045,0.00281635,-4.16455e-05,-3.38713e-05
0.0173688,0.0103275,0.00810234,0.003791,0.00159634,-0.000804279
0.010766,0.00722198,0.00402788,0.00434492,0.00103573,0.00166255
0.0147186,0.00619716,0.0092959,0.00970408,0.00194696,0.000328909
0.00957166,0.00562116,0.00592029,0.00985814,0.0025685,1.22073e-05
0.00894344,0.00534309,0.00580309,0.00669548,0.00162974,0.000178223
0.00485561,0.00325518,0.00210085,0.00351347,0.00117703,-0.00018465
0.00625038,0.00458816,0.00254609,0.00248422,0.000370489,0.000885506
0.00485915,0.00351213,0.00314006,0.00256941,0.000626717,0.00164448
0.0196948,0.0135078,0.0130237,0.0147071,0.00257841,0.00248024
0.0143541,0.0102614,0.00469734,0.00438143,0.00164253,0.00123933
0.013243,0.0095269,0.00377914,0.00496662,0.00183244,0.000518564
0.0128564,0.0069778,0.00605032,0.0046457,0.00081401,0.000364852
0.0113353,0.00709111,0.00544813,0.00616557,-0.000336335,-0.000583331
0.00579275,0.00447124,0.00329061,0.00643718,0.00137478,0.00152873
0.0113817,0.00772675,0.00748817,0.00577212,0.00259115,0.00149405
0.00687631,0.00511211,0.00376483,0.00076597,-0.000201591,0.000681914
0.0127857,0.0086595,0.00504756,0.00781417,0.00116647,-0.000849939
0.00525252,0.00373895,0.00305858,0.00145409,8.74491e-05,0.00247797
0.00538277,0.00398178,0.00300988,0.00221858,0.000285174,0.0011449
0.0170086,0.011698,0.00768701,0.00387137,0.000871531,0.0013186
0.0141321,0.00983667,0.00675035,0.00598316,0.00136454,0.00146841
0.0129265,0.00889054,0.00426193,0.00199979,0.00138124,0.000174739
0.00436044,0.00327241,0.00197478,-0.00125031,0.000768844,0.000331828
0.00453843,0.00313367,0.00474248,0.00613968,0.00187293,0.00053929
0.0063778,0.00379489,0.00385745,0.00328013,0.00105734,0.00152688
0.00754162,0.00453643,0.00262926,-0.000976634,-3.84993e-05,0.00112714
0.0067254,0.00323287,0.0020171,0.00163773,-0.000605961,0.000502173
0.0122121,0.00482233,0.00653915,0.00548937,0.000743777,0.00155707
0.0216025,0.00969701,0.0108112,0.00978884,0.00112227,0.0034912
0.019287,0.00965556,0.0100848,0.00741402,0.00123443,0.00313536
0.00531792,0.00373866,0.00318821,0.0035613,0.00095167,-0.000196049
0.009134,0.00681694,0.00464508,-0.000708878,0.00183177,0.000844412
0.0157614,0.0107618,0.00785239,0.00922932,0.0014878,-0.00022662
0.0118168,0.00819021,0.00383314,0.00380196,0.000202532,-0.00031376
0.0217285,0.0132124,0.00913141,0.00690891,0.000878132,0.00138625
0.0169756,0.00763271,0.0082982,0.00617939,0.00305212,0.000906808
0.00398146,0.00320223,0.00209317,-0.00455676,0.000521202,0.000700835
0.0119198,0.00829008,0.00444417,0.00586081,0.00131664,0.00169703
0.024337,0.0160093,0.00943215,0.0135857,0.00232409,0.00114517
0.00567073,0.00401023,0.00304794,0.0021188,0.000760117,-0.000499968
0.00747598,0.00519607,0.00355832,0.00536019,0.00122112,-0.00123789
0.02267,0.0155062,0.00676885,0.0123256,0.00309407,0.00158523
0.00597296,0.00420657,0.00431821,-0.000780861,0.000260566,-7.47662e-05
0.0102081,0.00713151,0.0120025,0.0138207,0.00330225,-0.00063272
0.006546,0.00389251,0.00351305,0.00584456,0.00169734,0.00172129
0.0181451,0.00922761,0.0103216,0.01292,0.00238076,0.00143274
0.00989632,0.00706305,0.00304958,0.00313898,0.000284246,0.000711945
0.0133027,0.00936669,0.00578368,0.00745243,0.000792358,0.00183535
0.0102838,0.0074646,0.00458416,0.00421661,0.00146392,-0.000356582
0.00426919,0.00302364,0.00204519,0.000213043,-0.000607014,-4.531e-05
0.0125653,0.00824826,0.00570799,0.00606241,0.000380609,0.000375372
0.00665341,0.00509055,0.00384839,0.000537074,0.000803161,0.00150689
0.0180792,0.012605,0.00987795,0.010297,0.00154023,-8.71624e-05
0.00581196,0.00425427,0.00190727,-0.00224415,-0.00026348,-0.00154603
0.00882879,0.00650056,0.0050732,0.00236466,0.000145935,0.000528261
0.0179396,0.0129548,0.00729972,0.00758697,0.00222001,-0.000398998
0.0132685,0.00903889,0.00467239,0.00166468,0.0016242,0.000769116
0.0106226,0.00753315,0.0032212,0.00638357,0.000564392,0.000745526
0.00516324,0.00365067,0.00294877,0.000190755,0.000489428,0.00182977
0.0241223,0.0123696,0.0119349,0.017467,0.0054465,0.00665129
0.0175803,0.0121883,0.0115289,0.015298,0.00273966,0.00246013
0.00782825,0.00572412,0.00364148,0.00300215,0.000865077,0.00110388
0.0162452,0.0111596,0.00650035,0.00442069,0.00115413,0.00199002
0.0135477,0.00666575,0.0095063,0.00812699,0.00217715,0.00206407
0.0138702,0.00540753,0.00873298,0.00606423,0.00167967,0.00200137
0.023363,0.0143469,0.0148459,0.0162441,0.00387462,0.000533252
0.00807797,0.00523504,0.00297782,0.002464,0.00116749,0.00029363
0.00730314,0.00529843,0.00322881,0.00102222,0.000129133,0.00129949
0.00553654,0.00389249,0.00315371,0.000442332,0.000496649,0.000716277
0.00482075,0.00370588,0.0016412,-0.00150301,0.000180425,-4.98425e-05
0.0262885,0.0174712,0.0100728,0.0194322,0.00353165,0.000488502
0.0115334,0.00548379,0.00290849,0.004201,-0.000885243,-0.00121456
0.0352474,0.0175164,0.0199239,0.0223875,0.00486262,0.00315384
0.0167628,0.011017,0.00979242,0.0151277,0.00591532,0.0134177
0.0185467,0.0084876,0.0145506,0.00655031,0.00384794,0.00217471
0.0201405,0.00849615,0.0151113,0.010756,0.00389828,0.00376928
0.0143564,0.0102267,0.0078824,0.0120529,0.00350573,0.00213951
0.00719119,0.00500403,0.00429255,0.00156106,-9.85107e-05,0.000187415
0.0108263,0.00636898,0.005092,0.00135656,2.47376e-05,-0.000294135
0.00798109,0.00540987,0.00337303,1.17512e-05,0.000215014,8.46201e-05
0.0153163,0.00667654,0.00728703,0.00493775,0.000905209,0.000942013
0.0134897,0.00949462,0.0042902,0.00817911,0.00359652,0.010741
0.00761426,0.00578747,0.00311424,0.00291679,0.00152916,0.000715171
0.0218814,0.0124765,0.00927046,0.0171695,0.00430532,0.00143643
0.0236615,0.0165238,0.014093,0.0121651,0.00302701,0.00219773
0.0164417,0.0100322,0.00561051,0.00968568,0.00160763,0.00175577
0.00569632,0.00442225,0.00360955,0.00466649,0.000425319,0.000196712
0.0228845,0.0156118,0.00741842,0.00729497,0.000944778,0.00184001
0.00756685,0.00519585,0.00326527,0.00346196,0.000756695,0.00159709
0.0113597,0.00795277,0.0026905,0.00144294,0.000358671,0.00139548
0.00799815,0.00586406,0.00362509,0.000683813,0.000207699,-0.000797875
0.0109484,0.00676449,0.00479351,0.00314449,0.00112222,-0.000467431
0.0248981,0.0133323,0.00790885,0.0108578,0.00127839,0.00132172
0.0219518,0.0133903,0.00689727,0.00906889,0.00158442,0.00135704
0.00516228,0.00379374,0.00247115,-0.00164317,-0.000199973,0.000914369
0.0204456,0.0130122,0.0101238,0.0157407,0.00229873,0.00321019
0.0172108,0.0125832,0.00824967,0.010717,0.00153919,0.00182674
0.00779118,0.00533113,0.00504541,0.00623339,0.000432173,0.00144257
0.0119474,0.00820008,0.00796593,0.00124777,0.00192745,-0.00108657
0.0189996,0.0098411,0.00796427,0.00185723,0.00130051,0.00148957
0.018581,0.00986085,0.00790933,0.00272854,0.00121939,0.000411016
0.0185032,0.0125526,0.00719233,0.0097029,0.00145263,0.00180567
0.00701649,0.0035782,0.00431675,-0.000593281,0.00100924,0.000343505
0.0104704,0.00575124,0.00587017,6.98552e-05,0.000313324,0.00192781
0.0128281,0.00740161,0.00419464,0.0037291,0.00157639,-0.000139896
0.0117446,0.00744537,0.00417128,0.00705942,0.000506087,0.00069898
0.0186564,0.00703299,0.0126274,0.0113524,0.00164167,0.00172982
0.0186072,0.00705451,0.0118748,0.0137547,0.00224528,0.00198085
0.0145508,0.00962346,0.0179275,0.0333166,0.00580385,0.00775695
0.00891815,0.00429113,0.00511211,0.00402998,0.00196191,0.00032798
0.0096864,0.00427938,0.0055855,0.00200292,0.000457929,-7.48741e-05
0.00474524,0.0033395,0.00210216,0.00401678,0.000962368,-0.000816432
0.00971562,0.0039484,0.0062732,0.00362365,0.00100651,-0.000413419
0.00963099,0.00387543,0.00595587,0.0033445,0.000460596,-0.000651469
0.0108295,0.00754872,0.00396816,0.00789526,0.00183696,0.000889058
0.00576298,0.00376504,0.00356684,0.00160334,0.000604853,7.14224e-05
0.0182749,0.0124007,0.0107377,0.00479755,0.00190802,-0.000338643
0.0165792,0.0117818,0.00763547,0.00463806,0.000429403,-0.000659314
0.00661879,0.0048925,0.00380033,-0.00122888,-3.74252e-05,-0.000283367
0.0119738,0.00758309,0.00689071,0.00246672,-9.56079e-05,0.000464327
0.0138415,0.0081596,0.00739313,0.00186152,5.74469e-05,-0.000663484
0.00456951,0.00343135,0.00212677,0.000240439,0.000180512,0.000505646
0.0211849,0.0137124,0.00875524,0.00816682,0.00123657,5.55958e-05
0.01303,0.00470325,0.0063142,0.00416462,0.000454526,0.00103201
0.0183672,0.00967889,0.00789276,0.00694174,0.000612882,0.00138444
0.0216592,0.00978229,0.00920308,0.0108163,0.001823,0.0015137
0.0146217,0.0090541,0.00524848,0.006945,0.000271638,-0.000792056
0.017634,0.00996606,0.00678766,0.0103013,0.0031083,0.001922
0.0153421,0.00559953,0.00675977,0.00593009,0.00150697,0.000367336
0.00915764,0.00654086,0.00280346,-0.000305633,0.000522381,-0.000153906
0.00893673,0.00635827,0.00204398,0.00507939,0.000163763,0.00049901
0.00815457,0.00556687,0.00275824,0.00589513,0.000416908,0.00174689
0.0206771,0.0142763,0.00644794,0.0110794,0.00109905,0.000934941
0.011769,0.00844478,0.00504163,0.00214763,0.00129127,0.000372347
0.0124357,0.00859502,0.00670361,0.0195183,0.00485115,0.0124784
0.0103941,0.00410983,0.0049679,0.00740799,0.000819338,0.00131705
0.0155648,0.00972097,0.00726318,0.0145254,0.00236341,0.00112197
0.0114039,0.0083119,0.00728858,0.00682983,0.00201021,0.00101325
0.00687745,0.00494772,0.00260753,0.0035005,0.000722104,0.000506054
0.017956,0.0106719,0.010619,0.00980849,0.00250846,0.00197002
0.00453278,0.00345951,0.001375,0.0190871,0.00393329,0.0125428
0.015319,0.00974486,0.00512359,0.00724224,0.00224651,0.000301685
0.0110147,0.00593451,0.00451001,0.00833276,0.0019143,0.00110427
0.0123048,0.00854483,0.00569369,0.011266,0.00185044,0.00304391
0.00513661,0.00359264,0.00212463,-0.00408633,-0.000204723,0.00153286
0.0107031,0.00722905,0.00435947,0.00380966,0.000874777,0.000357341
0.0129657,0.00882863,0.00878295,0.00958422,0.00251976,-0.000594585
0.0156463,0.0104491,0.00613659,0.0116122,0.00232081,8.67484e-05
0.00571139,0.00417959,0.00397496,-0.000369621,0.000835612,-3.32414e-05
0.0143887,0.00981901,0.0040559,0.0101485,0.000330842,0.000307271
0.0193503,0.0131173,0.00504545,0.0167483,0.00200546,0.000691538
0.0127542,0.00901268,0.00725536,0.00441914,0.000358296,2.44796e-05
0.0110951,0.00807109,0.00592556,0.0058109,0.000452273,-0.00129652
0.00506125,0.00373597,0.00378372,0.00454731,0.000895649,5.98234e-05
0.0135395,0.00937423,0.00589653,0.000887934,0.00100962,0.000792613
0.0135902,0.0102255,0.00736737,0.00995948,0.00172587,0.00124547
0.0132886,0.00534493,0.00891626,0.0131571,0.00323446,0.000340624
0.0144885,0.00734251,0.00923735,0.0110948,0.0017724,0.000891239
0.00860312,0.00345719,0.00516751,0.00239633,0.000491502,0.000405108
0.016283,0.00653789,0.00732406,0.0088011,0.00221358,0.0015801
0.0188123,0.00853577,0.00709213,0.0103199,0.00182419,0.00183297
0.00739315,0.00429856,0.0032636,0.002989,0.000750624,6.33209e-05
0.00542561,0.00397821,0.00296739,0.00474746,0.000815777,0.000283575
0.0283249,0.0110849,0.0131892,0.0113145,0.00307329,0.00184326
0.0286164,0.0109082,0.0132231,0.0118977,0.00302218,0.00207994
0.00477731,0.00350614,0.00130107,-0.000877551,-8.2409e-05,0.00132902
0.0211559,0.0115052,0.00604721,0.00965652,0.00145621,-0.00102209
0.0239034,0.0155805,0.0086476,0.00910482,0.00126478,0.00178463
0.0055223,0.00433367,0.00285229,0.00409562,0.000147109,-0.000110281
0.00548517,0.00388176,0.00183918,0.00171132,0.000654948,0.00140793
0.00685564,0.00490083,0.00360715,0.00197309,-7.69408e-06,-0.000330035
0.00778383,0.00579756,0.00690634,0.00660686,0.00144296,0.00219276
0.0158052,0.010711,0.00575496,0.00549054,0.000528429,0.000373541
0.00728141,0.00489265,0.002997,0.00320044,0.000509863,-9.47002e-05
0.0131578,0.00855954,0.00617391,0.00682297,0.00293505,0.00187534
0.0130654,0.00910174,0.00417897,0.00134454,0.000132191,0.000687382
0.00941554,0.00644947,0.00473574,0.00493918,0.000648296,0.000330121
0.0112139,0.00789842,0.005049,0.0030328,0.000976326,-0.0010603
0.011991,0.00840131,0.00282158,0.00464002,0.00119074,-0.000552642
0.00579342,0.00447802,0.00327855,0.00148898,0.000576344,0.000490538
0.0128487,0.00926867,0.00787364,0.00589739,0.000622522,0.00187595
0.0169113,0.0119577,0.0065014,0.00746494,0.00133046,0.00104834
0.0075414,0.00485926,0.00436885,0.00630655,0.00121392,0.00062978
0.0135798,0.00973793,0.00754808,0.00925225,0.000603138,6.62937e-05
0.00542263,0.00387045,0.00213411,0.00362354,0.000837629,-0.00107177
0.0138469,0.00685197,0.00556407,0.00452197,0.00152847,-0.000433115
0.0137989,0.0067321,0.00550667,0.00409741,0.00212082,-0.000356614
0.0158274,0.0110603,0.0045798,0.000785358,0.00214795,-0.000120378
0.0122147,0.00880122,0.00669444,0.00802965,0.00168621,0.000565607
0.00573458,0.00309155,0.002459,-0.00195543,0.000438872,0.0015582
0.0178083,0.0119087,0.0119038,0.0204069,0.00372588,0.00146594
0.0178676,0.0124149,0.0067169,0.0121242,0.00118296,0.00253536
0.0230319,0.0120807,0.00901674,0.0075273,0.00295327,0.00108029
0.02408,0.0119818,0.00909626,0.0108826,0.00251954,0.000933596
0.00925661,0.00658126,0.00365118,0.00597815,0.00236125,0.0098487
0.00780763,0.00393707,0.00553371,0.00606192,0.00122269,0.000606635
0.00947507,0.00430834,0.00575104,0.0069113,0.000223345,0.000831603
0.0105174,0.00747142,0.00365464,0.000213706,-0.000485867,8.70521e-05
0.00904861,0.00644226,0.00660441,0.00358118,0.00101338,0.00190073
0.0107598,0.00748329,0.00368363,0.00905552,0.00206736,0.000765807
0.0257409,0.0131678,0.0163123,0.0161358,0.00432767,0.000698875
0.0219016,0.008819,0.0131567,0.01074,0.00298908,0.00072601
0.00593483,0.00422329,0.00373456,0.00527066,6.89753e-05,-0.000166604
0.00578527,0.00402682,0.00406261,0.0061351,0.000420793,0.00114671
0.0053604,0.00320727,0.00470304,0.0149454,0.00190442,0.00193175
0.0202335,0.00952671,0.00894812,0.00972915,0.00287813,0.00128942
0.0186845,0.00948246,0.00848619,0.00638678,0.00226304,0.00193223
0.0367752,0.0134952,0.0158819,0.0245558,0.00486663,0.00262519
0.0331714,0.0134007,0.0141574,0.0208115,0.00444077,0.00143254
0.0114371,0.00818507,0.00214766,2.02648e-06,0.000944492,0.000163898
0.0132946,0.00891759,0.00524926,0.00723279,0.0010622,0.000939659
0.0267502,0.0117327,0.013076,0.0112314,0.00361293,0.00172842
0.0195382,0.0103306,0.010599,0.00816257,0.0025534,0.00264993
0.0101604,0.00694254,0.00748048,0.00603452,0.000647174,0.00164844
0.00423313,0.00306364,0.00264833,3.82823e-05,-8.57616e-05,0.000414099
0.0054353,0.00399398,0.00223715,0.000154537,0.000666019,-0.000810968
0.0211681,0.0122958,0.0122208,0.010316,0.00232774,0.00381398
0.00456381,0.0034183,0.00328419,0.00480562,0.000640624,0.00139295
0.0222065,0.0085336,0.0120256,0.00914267,0.000768599,0.00156164
0.0230887,0.00853585,0.0124496,0.0108914,0.00119345,0.00112579
0.00569898,0.00436953,0.00444114,0.00599938,0.00047531,0.00122807
0.0164235,0.0116681,0.0062358,0.00460455,0.00144888,0.00196615
0.00913895,0.00666205,0.00353323,0.00586249,0.000915859,0.00109736
0.00857041,0.00632002,0.00394672,0.00133974,0.000829667,-6.28631e-05
0.00869967,0.00662883,0.0044638,0.00333393,0.00170981,-0.000217649
0.0135407,0.00499428,0.00815701,0.005425,0.000682908,0.000549437
0.0058271,0.00414513,0.00442463,0.002998,-0.00015855,0.00118653
0.0352827,0.0241502,0.0179314,0.0290941,0.00873647,0.00612884
0.0108923,0.00760783,0.00330248,-0.00376675,4.18261e-05,-0.000838697
0.010785,0.00803892,0.0025721,0.00409822,0.000982009,0.000823456
0.00719224,0.00497101,0.00315798,0.0211671,0.00646108,0.0225984
0.0225004,0.0129789,0.00970776,0.0104564,0.00282569,0.00153034
0.0143023,0.00763933,0.00674563,0.00723514,0.000273863,0.00150569
0.0177468,0.0118531,0.00583381,0.00629418,0.00148497,0.0015512
0.00582246,0.00439831,0.00252916,0.00129648,0.000487564,-0.000715119
0.0183571,0.0130659,0.00830707,0.0136041,0.00382187,0.0018941
0.00388338,0.00324729,0.00229524,-0.000677384,2.31526e-05,-0.000547292
0.0129147,0.00913209,0.00540857,0.00974247,0.000730767,0.000633363
0.00384318,0.00319132,0.00159472,0.00307713,-0.000273816,0.000305729
0.00587144,0.00443598,0.00248958,0.00480893,0.000959879,-0.000883873
0.00540245,0.00371643,0.00202158,0.0038849,-0.000114219,0.00123306
0.0174497,0.0121876,0.00612245,0.00535534,0.000912096,0.001402
0.0138187,0.00730344,0.00825142,0.00679617,0.000363827,0.00170131
0.0125842,0.00793925,0.00499344,0.00731742,0.00212744,0.000820517
0.0142636,0.00573081,0.00772199,0.00269211,0.000330951,-0.000484457
0.013084,0.00705199,0.0040383,0.00231096,0.000472884,0.000414879
0.0135096,0.00917027,0.00454186,0.00577272,0.000685622,0.000338475
0.0106621,0.00780818,0.00482226,0.00992101,0.0016222,0.00148832
0.0179016,0.0123444,0.013578,0.0179224,0.00577658,0.00106718
0.00513361,0.00374531,0.00216167,0.00343947,0.000354399,-0.00020407
0.024409,0.0100772,0.00806707,0.00635385,0.00297626,0.00242006
0.0253379,0.00823106,0.00940151,0.0105693,0.0035637,0.000965036
0.00693015,0.00452835,0.00351813,0.00188542,0.000947452,0.000595005
0.0283031,0.0112844,0.0146688,0.0128915,0.00330586,0.00139627
0.0258616,0.01125,0.0123822,0.00916764,0.00182877,0.00182116
0.00938678,0.00690463,0.00685406,0.0202819,0.00689943,0.0181543
0.0170345,0.00657844,0.0156044,0.0165541,0.00527848,0.0020805
0.0231736,0.0114824,0.02454,0.0238208,0.00607628,0.00258911
0.0212347,0.0126421,0.0097465,0.0094985,0.0014458,0.00140477
0.00623588,0.00380465,0.00449441,0.00124584,0.00168049,0.000177268
0.0115382,0.00747161,0.0113158,0.0118055,0.0038322,0.00143536
0.00627217,0.00480273,0.00263006,0.00435628,0.000226226,0.000316084
0.00427303,0.00345322,0.00286304,2.60548e-05,0.00079172,2.24161e-05
0.00646684,0.00445597,0.00232594,0.00141776,0.000238019,0.000313237
0.00792206,0.00583646,0.00380718,0.00639867,0.00136645,-0.00089954
0.0117811,0.00836623,0.00593788,0.00892365,0.000880516,-0.00012887
0.00884185,0.00620963,0.00271463,0.00165655,4.6749e-05,0.000773142
0.00722871,0.00418021,0.00369888,0.00183135,0.00158803,0.00102024
0.00612539,0.00471957,0.002122,0.00294536,7.63518e-05,0.00106413
0.0116279,0.00822733,0.00983297,0.0108386,0.00158135,0.00229993
0.00475632,0.00347582,0.0024449,0.00415871,-0.00160914,0.000938607
0.0107438,0.00713836,0.00366073,-0.00193509,0.00104089,-6.4487e-05
0.00509462,0.00350791,0.00295886,-0.000968408,0.000839504,0.00148901
0.00942278,0.00582199,0.00349571,0.00115321,0.000621692,-0.00176251
0.00813153,0.0034931,0.00328766,-0.000595845,0.000166478,-0.00162786
0.0123251,0.00828292,0.00502091,0.00402507,0.000414502,0.000255354
0.0097681,0.00676311,0.0105169,0.012353,0.00240456,0.00214598
0.0115723,0.00658937,0.00486885,0.00582229,0.00101567,0.00122315
0.0117496,0.00844544,0.00525859,0.004713,0.0010999,0.000328601
0.0157436,0.0109617,0.00513743,0.0075546,0.00138587,0.00238059
0.00644193,0.00436979,0.00270203,0.00254217,0.000246202,0.000201641
0.00705121,0.00506024,0.0058273,0.00463602,0.00102967,0.000279851
0.0115917,0.00759151,0.00495109,0.0013444,-6.2961e-05,0.00060263
0.00418491,0.00296932,0.00227597,0.00526173,0.000200687,0.00197082
0.00751899,0.00489974,0.00371396,-0.00113705,0.00116479,-0.000736403
0.0216641,0.0117407,0.00964778,0.00955344,0.00269076,0.00135456
0.0225833,0.0118625,0.00930145,0.0131707,0.00299648,0.00114242
0.0156887,0.00777326,0.00665375,0.00760252,0.00171151,0.0021303
0.0148129,0.00683132,0.00611039,0.00688787,0.00163618,0.0020497
0.0049613,0.0034397,0.00318924,0.00235308,0.000958454,-0.000443583
0.00793266,0.00409825,0.00594325,0.00781858,0.00231052,0.000291718
0.0127566,0.00503723,0.00758088,0.0129271,0.00215413,0.000861389
0.024551,0.015872,0.0129646,0.0100519,0.00242911,0.00239258
0.0123635,0.0061093,0.00628302,0.00323692,0.000392699,0.000910027
0.0203028,0.0135117,0.00716644,0.0089552,0.00246163,0.000543524
0.00688031,0.00489492,0.00254599,0.00458973,0.000309655,-0.00120637
0.0114396,0.00824974,0.00627349,0.00272487,0.00167883,0.00137838
0.0134356,0.00772555,0.0052223,0.0049878,0.000614841,0.00123878
0.014305,0.00893829,0.00564108,0.00328227,0.00140477,0.000571575
0.00702412,0.00508157,0.00498899,0.00905447,0.000929001,0.002263
0.00594031,0.00438755,0.00286353,0.00331959,0.000990911,0.00129826
0.0238521,0.0143641,0.0150777,0.0299979,0.0106257,0.0289202
0.0258354,0.0144564,0.0152068,0.0292205,0.00863646,0.0243792
0.0051084,0.00370511,0.00309382,-0.000370418,0.000674187,0.000151749
0.0107402,0.00513545,0.00515394,0.00535189,0.00160815,0.000792681
0.0138138,0.00547063,0.00689166,0.0051787,0.000411643,-0.000239558
0.00661456,0.00397,0.00314383,0.00270148,-4.50942e-05,-0.00109452
0.00524749,0.00396954,0.00101924,0.0012775,-0.000539789,0.000383516
0.010252,0.0073455,0.0083652,0.00936852,0.00218195,0.00168235
0.014403,0.00933377,0.00713054,0.00444749,0.0018245,0.00112811
0.0148347,0.010334,0.00363773,0.00829299,0.00137925,0.000651902
0.0131703,0.00948803,0.00441134,0.00483311,0.00133745,0.000312208
0.00612599,0.00444009,0.00432618,0.00207885,-0.00068238,0.00165932
0.0109144,0.00758799,0.00605006,0.00877695,0.00230051,-0.000345983
0.00534665,0.00399395,0.00248392,0.00156373,0.00115179,0.0007519
0.0156345,0.0091053,0.00758139,0.00229986,0.000927574,0.0010996
0.0114358,0.00580643,0.00537973,0.000610593,-0.000322123,0.00161199
0.0127208,0.00592692,0.00678907,0.00264019,0.00102777,0.00137313
0.00682583,0.00513097,0.00253909,6.24629e-05,0.000361236,-1.98673e-05
0.00695598,0.00484669,0.00281206,-0.0016133,4.16242e-05,0.00111098
0.0102387,0.00719909,0.00436944,0.00252136,0.000972661,0.00118014
0.013145,0.00611964,0.00651632,0.00151376,0.00125471,0.000223855
0.014449,0.00675241,0.00672941,0.00351197,0.0010233,0.0013909
0.0140735,0.00934124,0.00588866,0.00752225,0.000823112,0.00097024
0.00932941,0.00651353,0.00513893,0.00309139,0.00219343,0.000136466
0.0365274,0.024152,0.0154132,0.0210725,0.00336382,0.00398419
0.0165104,0.00993733,0.00543356,0.0088498,0.000494751,0.000185735
0.020144,0.0129852,0.0134114,0.00952709,0.00196224,0.00121673
0.00905645,0.00650143,0.00436407,0.00273415,0.000927608,0.000860039
0.013591,0.00904775,0.00630607,0.00482847,0.00228908,0.000534257
0.0231769,0.0138603,0.0147066,0.0272819,0.00705096,0.00364378
0.0197353,0.010077,0.00777797,0.00697689,0.00186705,0.00269908
0.0204162,0.00681974,0.0078964,0.0204196,0.00491325,0.00664967
0.0155823,0.00692077,0.00598186,0.0174143,0.00415738,0.00577412
0.015272,0.00723054,0.00531771,0.00769719,-0.000192156,0.00215316
0.0161211,0.00713761,0.00513627,0.00992176,-0.000457231,0.00177382
0.0121405,0.00867091,0.0119936,0.00648656,0.00343262,0.0017118
0.00606232,0.00431368,0.00393271,-0.000331172,0.000225378,0.000547635
0.00926643,0.00630562,0.00426108,0.00575083,0.00153961,0.000803866
0.0158207,0.0110835,0.0100014,0.00672799,0.000610674,-0.00033844
0.0613009,0.0301522,0.0431176,0.051743,0.0120115,0.0131434
0.0179256,0.0125167,0.00791465,0.00964668,0.00204621,0.000767509
0.0206015,0.0119548,0.00805653,0.00749403,0.00219763,-0.00067587
0.0175978,0.00893256,0.00786426,0.00304722,0.00149457,-2.92665e-05
0.010898,0.00491989,0.00652302,0.00331476,0.000231594,0.000904373
0.00936064,0.00470539,0.00500488,0.00144754,-7.1012e-05,0.000804565
0.0575351,0.031555,0.052418,0.0651309,0.0150589,0.00657792
0.0193939,0.0116188,0.0080793,0.0085378,0.00110679,0.00220486
0.0100621,0.0071721,0.00474179,0.00461987,0.000754874,-0.000423389
0.0105791,0.00768627,0.00427299,0.00295184,0.00159399,0.00450116
0.0144979,0.00989614,0.0120453,0.0122101,0.00238109,0.00275599
0.0239695,0.0115132,0.020818,0.0300533,0.00773314,0.0110562
0.0146042,0.0102543,0.00505576,0.00371587,0.00146441,0.000323084
0.0357061,0.0186873,0.0265699,0.0231459,0.00713536,0.00424836
0.0117016,0.008102,0.01347,0.0234552,0.00447083,0.000911703
0.0146893,0.0101057,0.00697926,0.00259975,0.00266765,0.00108972
0.0157153,0.0109806,0.00429907,0.00503929,0.00082685,0.00111801
0.0109159,0.0075235,0.00511054,0.00571778,0.000847527,0.00156204
0.00948936,0.0064747,0.00350459,0.00522557,0.00139425,-5.76841e-05
0.0122673,0.0081667,0.00374291,0.00127098,0.00164032,-0.000610448
0.00745903,0.0042242,0.00291599,0.00247049,-0.000134544,0.000438139
0.0103101,0.00730311,0.00685859,0.0147254,0.00207754,0.00112314
0.014218,0.00807629,0.00584583,0.00902985,0.00143821,0.000269138
0.00429232,0.00318626,0.00211679,0.00116396,0.000155811,-0.000453634
0.0160705,0.00912104,0.00625106,0.00391949,0.000856297,0.00164763
0.0166332,0.00592749,0.0127113,0.0107481,0.00330658,0.000161355
0.0130563,0.00541882,0.0126106,0.0105838,0.00291973,-0.000226871
0.0132222,0.00782671,0.00522465,0.00485271,0.00119035,8.02828e-05
0.0072449,0.00523318,0.00376508,0.000843944,0.000152103,0.000932741
0.0220582,0.0149646,0.00849413,0.00889225,0.00151847,0.00208411
0.0113288,0.00822902,0.00380431,0.00109801,0.000866884,0.000661074
0.0127368,0.00909451,0.0042144,0.00241219,0.00149952,-0.000191358
0.00394127,0.00305264,0.00188521,0.005125,0.000157097,-0.000562884
0.0104774,0.00761169,0.00308008,0.0105348,0.000676831,0.000691197
0.0177626,0.00994174,0.00674099,0.00585104,0.000718559,-0.000694231
0.0189436,0.0100289,0.00694246,0.00752,0.00154321,8.66793e-05
0.0367552,0.0225341,0.0201407,0.0314334,0.0076067,0.0104675
0.00822362,0.00584575,0.00355616,0.00497068,0.000678933,-0.000745715
0.00490368,0.00351652,0.0035602,0.000401789,4.67911e-05,-0.000296588
0.0109716,0.00581115,0.00486052,0.00227854,0.000230513,0.000937899
0.0110873,0.00762758,0.00408582,0.00104488,0.000718775,4.67165e-05
0.010761,0.00765989,0.00422865,0.00463079,0.000498736,0.000337365
0.00682732,0.00517101,0.00271305,0.00128596,0.000539532,-8.46987e-05
0.0161457,0.0113055,0.00386601,0.0067297,0.000672811,0.000430713
0.00413065,0.00318522,0.00243208,0.00343082,0.000832927,0.00192404
0.0102757,0.00716669,0.00566643,0.00619624,0.00208951,0.00315346
0.0263892,0.0146635,0.00977546,0.012551,0.00371679,0.0076445
0.018299,0.0113049,0.00772896,0.00978242,0.00115201,-0.000102882
0.0109595,0.0077488,0.0037986,0.00841338,0.00403501,0.00984139
0.00903031,0.00551715,0.00395698,0.00309153,0.000591698,1.58503e-06
0.00835766,0.00490605,0.00484998,0.00616283,0.000496837,-0.00025264
0.0210706,0.0147573,0.0108845,0.00900528,0.00148451,0.00230793
0.017462,0.011721,0.00616213,0.00507954,0.000738783,0.000568671
0.016922,0.00931225,0.00942552,0.0124428,0.00163837,0.00139124
0.00843786,0.00468848,0.00488027,0.0034033,1.06353e-05,0.000637824
0.00993302,0.00525448,0.00562043,0.00796454,0.000480339,0.000418037
0.00833044,0.00587586,0.00253768,0.0058781,-8.07904e-06,0.00124207
0.0170706,0.00785622,0.0067755,0.0062259,0.000199216,0.00193393
0.0155431,0.00564601,0.00876945,0.00855235,0.00110752,0.00189747
0.00797634,0.00490067,0.0046634,0.00575683,-0.000165798,-0.000306923
0.0071041,0.00383777,0.00411299,0.0041984,-9.92525e-05,-0.000143085
0.00932667,0.00412668,0.00484771,0.00117365,4.66157e-06,0.00156813
0.0170557,0.00737058,0.0105025,0.0106278,0.00204684,0.00209645
0.0256267,0.00918416,0.0162715,0.0164685,0.00309654,0.00211208
0.0206297,0.00923256,0.013154,0.0144732,0.00211743,0.00192683
0.017071,0.009517,0.00803941,0.00547644,0.000698911,0.00225926
0.00469217,0.0035567,0.00260621,-0.00139877,-5.80602e-05,-0.00133354
0.0169807,0.0119145,0.00511979,0.00749567,0.000418742,0.000444872
0.00996259,0.00709019,0.00407239,0.00442248,0.000975198,0.000967209
0.0150433,0.0100892,0.00546983,0.00650222,0.00166298,0.0004202
0.00444423,0.00343252,0.00359704,0.0073171,0.00139114,0.000990496
0.0148325,0.00728048,0.00705856,0.00217716,9.15908e-05,0.000877251
0.017876,0.00613595,0.00826839,0.00822572,0.000468749,0.000222858
0.0110102,0.00458589,0.00486986,0.0064998,0.00071117,-0.00100425
0.00684972,0.00493914,0.00289195,0.00257607,-0.000182184,6.10222e-05
0.0116548,0.00573597,0.00668053,0.00884298,0.00171351,0.000987357
0.0124345,0.00883775,0.00375666,0.00306512,0.00114107,-0.000931689
0.0118742,0.00875379,0.00449387,0.00318177,0.000774455,0.00192805
0.0177,0.0119548,0.00671956,0.0060781,0.00117244,0.00147976
0.0208907,0.012042,0.0105369,0.0104897,0.0018629,0.000912546
0.00896905,0.00605662,0.00468058,0.00444177,0.000846889,0.000551405
0.0189888,0.012561,0.009384,0.0137079,0.00323277,0.00561627
0.00598113,0.00399721,0.00395503,0.00324832,0.000597681,0.0013637
0.0117794,0.00766648,0.00542068,0.00849541,-0.000117039,-0.000374747
0.00738387,0.00358622,0.00334414,0.000591829,1.32164e-05,-0.000577728
0.0058114,0.00358095,0.00474524,0.0029704,0.000132988,-0.000416192
0.0110242,0.00774743,0.00331539,0.00162207,0.000975891,0.00101496
0.0236939,0.0138652,0.0135431,0.0181082,0.00300241,0.000271526
0.00775253,0.00504676,0.00366899,-0.000180118,0.00071481,0.00108989
0.0248789,0.0153669,0.00952749,0.00832316,0.00106338,0.00155093
0.00744891,0.00551233,0.00323476,0.000823486,0.000160861,0.000485435
0.00819457,0.00488458,0.00480567,0.00307819,-3.49895e-05,-0.000844573
0.0119436,0.00834792,0.00789621,0.0064117,0.00156804,0.00215533
0.00534189,0.0042942,0.00210636,0.00340447,0.00026769,0.000787653
0.00988655,0.00697068,0.00446114,0.0285354,0.00798252,0.0246248
0.00689987,0.00514948,0.00348305,-0.00434277,-5.14424e-05,0.00084954
0.00982121,0.00447559,0.00448632,0.00363446,0.000882158,0.00150495
0.0103637,0.00456023,0.00439525,0.00573974,0.000920546,0.00111912
0.00628846,0.00462183,0.00375554,0.00395624,0.00178924,-0.000623313
0.0115016,0.00659423,0.00747689,0.00550391,0.000980965,0.00136545
0.00727628,0.00497925,0.0041691,0.000867677,0.00115428,0.000355969
0.015465,0.00927846,0.00764611,0.0093128,0.00159071,0.00230701
0.0286991,0.0192623,0.0151123,0.025474,0.00421724,0.00118353
0.00776313,0.00538993,0.00222195,0.00354016,-0.000194359,1.01249e-05
0.00596546,0.00440976,0.00417876,0.0120499,0.00505324,0.0114661
0.00520704,0.0039058,0.00142592,-0.0003898,-0.000416867,0.00134017
0.0047287,0.00328825,0.00239287,-0.0038089,-0.00068302,0.000955536
0.00514729,0.00406816,0.00183392,0.0184708,0.00685793,0.0151187
0.014291,0.00764299,0.00668136,0.00907385,0.00127694,0.00090166
0.0363323,0.0121036,0.0166076,0.0172154,0.00352886,0.00209437
0.0240542,0.0102686,0.0112399,0.00840373,0.00259991,0.00287053
0.00737949,0.00547079,0.00258232,0.00172242,0.000217046,0.000377249
0.0120091,0.0086283,0.00553232,0.00256958,0.000482717,0.000747181
0.0149287,0.00858898,0.00934707,0.0110196,0.00211661,0.00139081
0.0139429,0.00793068,0.00556864,0.00308318,0.000667353,0.000918232
0.0113548,0.00525143,0.00585785,0.0066806,0.00129177,-0.000166684
0.0135352,0.00634738,0.00721122,0.0124869,0.00115857,0.000730065
0.00935351,0.00688672,0.00410504,-0.00158001,-0.00018796,-2.53647e-05
0.00843607,0.00597478,0.00496876,0.000925367,0.000962733,0.000376733
0.00914049,0.00596972,0.00515304,0.000529633,0.000925269,-0.000614981
0.00477925,0.00367835,0.00265517,-0.0013426,-0.000331509,-0.00112646
0.00816677,0.00593256,0.00588792,0.00181193,0.000696732,-0.000451506
0.00463086,0.00323006,0.00272532,0.00432347,0.00032195,0.000460199
0.00499669,0.00350007,0.0015269,0.0194965,0.00812354,0.0182947
0.00640831,0.00473539,0.00571676,0.00848266,0.00135871,0.000353789
0.0107595,0.00741178,0.0203961,0.0207909,0.0034608,0.00168946
0.0128566,0.00896287,0.00565551,0.00730616,0.00142982,2.92946e-05
0.0191703,0.0132405,0.00920215,0.0114192,0.000704797,0.00101581
0.00604834,0.00323356,0.00217866,0.00468558,-0.000175861,0.000724767
0.0069414,0.004995,0.00367619,0.00376805,0.000827184,-0.00131974
0.00946776,0.00708681,0.00381057,0.00553725,0.000224226,0.000863316
0.00767995,0.00541248,0.00422053,0.00480668,0.000946225,0.00187647
0.00621687,0.00446291,0.00292145,0.000948121,0.000650931,0.00107149
0.0287779,0.0107981,0.012497,0.015446,0.00345352,0.0020788
0.0262527,0.0109003,0.010577,0.0112827,0.0024837,0.00141924
0.00784674,0.00549676,0.00556037,0.00378603,0.000458417,0.00131398
0.0111787,0.007898,0.00438984,0.00319472,0.00049474,0.000310298
0.0116285,0.00805746,0.00614363,0.00664031,0.00131809,0.000139649
0.0300653,0.0149837,0.0153553,0.0167523,0.00348282,0.00327355
0.0115827,0.00640211,0.00402158,0.0107161,0.00142142,0.000792023
0.0426716,0.0205407,0.019827,0.0230336,0.0039185,0.00308925
0.00546615,0.00383677,0.00247376,-0.00204912,0.000592943,0.000693174
0.0162334,0.00969852,0.00655026,0.00518031,-0.000130182,0.000696911
0.0078603,0.00410247,0.00512216,0.0038818,-0.000535576,0.00164651
0.0099897,0.00538689,0.00730273,0.00238355,0.00139864,0.0012751
0.0134253,0.00559276,0.00524572,0.00424918,0.00152885,0.00099629
0.0156496,0.0083376,0.00566265,0.00822536,0.00119848,0.00107684
0.0112109,0.00748043,0.00502779,0.00327914,0.000476059,-0.000372291
0.00613559,0.00474116,0.00227408,0.00373219,0.000349793,0.000289268
0.00658536,0.00464426,0.00357451,0.000721635,-2.94338e-05,0.000390186
0.00682297,0.00523103,0.00260534,0.00827236,0.000768797,0.000853332
0.00491398,0.00356545,0.00121246,0.000953589,-0.000787728,-0.000250295
0.0104174,0.00710792,0.00325042,0.00076622,0.00123288,0.000289376
0.00863331,0.00593695,0.00539079,0.00780085,0.00103712,0.00160957
0.0128027,0.00873437,0.00413957,0.00727049,0.00219944,0.000872364
0.0127293,0.00708673,0.00458882,0.00161075,-0.000455541,0.000688325
0.0165374,0.0110354,0.0126787,0.0125247,0.00320028,0.000272018
0.00763458,0.0055707,0.00236707,-0.000741763,0.000468166,-0.001778
0.00797958,0.00552405,0.00415413,0.004107,0.000227572,0.000717147
0.0157131,0.0103708,0.00885655,0.00730273,0.00307789,0.000523443
0.0058039,0.00443212,0.0032677,0.00316052,0.000895719,0.0019265
0.0085415,0.00618688,0.00344847,0.00141668,0.00108546,0.00142883
0.016195,0.0113397,0.0090589,0.0101983,0.00165005,0.00158911
0.0124864,0.00759254,0.0052009,0.00668866,0.000340178,-0.00102116
0.0124418,0.00737789,0.00378859,0.00209028,0.00108836,-0.000168909
0.012511,0.00610331,0.00393317,0.00323479,0.00064657,0.000221713
0.00761651,0.00563142,0.00218477,0.00638882,0.000562166,-0.000144536
0.0253974,0.0132584,0.0118833,0.0126313,0.00125004,0.00106322
0.0157833,0.0113158,0.00513541,0.00446472,0.000537408,0.00123665
0.0203068,0.0140081,0.0125731,0.0110246,0.00152868,0.000964908
0.00577739,0.00433626,0.00413519,0.000492727,0.000393803,0.000732912
0.00578452,0.00446885,0.00379872,0.000460415,-0.000468163,-0.000319671
0.0215767,0.0129004,0.00680023,0.00964318,0.00219959,0.000820156
0.0140296,0.00974459,0.0042054,0.00500561,-0.000205356,-0.00041793
0.0186434,0.0119618,0.00752558,0.00812404,0.00168516,-0.000112809
0.0123207,0.0084397,0.00402146,0.00913713,0.00106224,-0.0011606
0.00831182,0.00565406,0.00334827,0.00677981,-0.000853339,0.000691592
0.0078624,0.00536744,0.00317139,0.00356053,0.000270376,0.000611659
0.00968176,0.00478726,0.0064248,0.00498851,0.000912552,9.17657e-05
0.00663617,0.0044889,0.00327255,0.0038504,0.00162935,0.000209706
0.00548557,0.00361612,0.0039729,0.00407587,0.000167022,-5.94383e-06
0.0129952,0.00873653,0.00565283,0.0022175,0.000571535,-0.000297789
0.0039282,0.00298863,0.00177325,-0.00169229,-0.000324984,-0.000309163
0.0206728,0.00897126,0.0113568,0.00958132,0.0020926,0.0016501
0.0247334,0.010494,0.0127278,0.00763052,0.00214128,0.00210654
0.0110901,0.00652085,0.00546832,0.00430434,0.000702744,0.00132361
0.0210705,0.0112823,0.00719993,0.00737192,0.000402122,0.00151507
0.00773229,0.00554698,0.00280392,0.00150129,0.0010408,0.00171592
0.00907282,0.00446123,0.00440239,0.000723062,0.000608101,0.00022129
0.0138429,0.00686907,0.00435379,0.00616002,0.00148508,-0.000216221
0.0152217,0.00691199,0.0055641,0.0078959,0.000982109,0.000752995
0.00603858,0.00447625,0.00227679,0.00368836,-0.000674471,0.000167633
0.0107275,0.00736328,0.00608487,0.0031838,0.000266647,-8.66513e-05
0.0114957,0.0078071,0.00505911,0.00858636,0.00169204,0.00114741
0.0135023,0.00953825,0.00823157,0.0112372,0.00092836,0.000516472
0.014146,0.00965488,0.00463821,0.00321033,0.00157726,0.000666007
0.00412655,0.00294373,0.00247432,0.0013541,-0.000250688,-0.000105604
0.0154999,0.0083087,0.00766636,0.00415599,0.00103139,-0.000454304
0.00986061,0.00712122,0.00282669,0.00352841,0.000809204,-0.000826572
0.00860016,0.00533996,0.00459067,0.00478341,0.000806884,-0.00114406
0.00703077,0.00520783,0.00412825,0.00431116,0.000684479,0.000188795
0.0152149,0.0106567,0.00744251,0.00600904,0.000827082,0.00057312
0.0100849,0.00685352,0.0049127,0.00568923,-0.000704611,0.00165779
0.00768262,0.00532395,0.00316936,0.00211504,0.00106819,0.00223559
0.012576,0.00858752,0.00951875,0.0143735,0.00310212,0.00258649
0.0141087,0.00986037,0.00476965,0.00603753,0.000173599,-3.38513e-05
0.00428786,0.00322764,0.00189133,0.000939296,0.000208477,-0.00150276
0.00425206,0.00339277,0.00227352,-5.26003e-05,-0.000289957,-0.000278936
0.00851041,0.00601719,0.00387973,0.00431364,0.00149546,0.000930545
0.00574331,0.00364355,0.00354542,0.00427337,-0.000479084,-0.00193644
0.00794531,0.00484993,0.00366976,-0.000799805,-0.000450648,-0.000542596
0.0154249,0.00751051,0.005089,0.00846224,0.00071356,-0.000757257
0.0119791,0.0048676,0.00332322,0.00321898,0.000229112,-0.00143136
0.0109098,0.00759651,0.00617764,0.00190975,0.000843595,0.00212614
0.0148513,0.00819114,0.00564514,0.00783545,0.00145803,0.000408904
0.0160384,0.00849549,0.0062469,0.00819162,0.000516401,-0.000362398
0.00714307,0.00517913,0.00315605,0.00240797,0.00112943,-0.000721977
0.00472263,0.00363578,0.00137218,-0.000966519,-0.000585111,0.00108278
0.0102733,0.00711253,0.00291539,0.0070755,0.000384601,0.000853631
0.00880523,0.00618595,0.0042465,0.00514951,0.00134367,3.44837e-05
0.0302648,0.0119946,0.0164926,0.0182116,0.00461356,0.0014894
0.0335876,0.0167259,0.0209096,0.0239359,0.00590239,0.00115528
0.0123484,0.00848441,0.00428769,0.00292197,0.000420213,0.000966594
0.00423546,0.00347721,0.00245307,-0.000157852,0.00108933,-0.0012768
0.00667717,0.00498045,0.00269682,0.00377647,0.00139899,0.000850874
0.0113876,0.00448393,0.0073648,0.00618299,-0.000198041,0.000526911
0.0117201,0.00446205,0.00712498,0.00655448,4.85907e-05,1.78081e-05
0.0101209,0.0073046,0.00352477,0.00402989,0.00034133,-4.04519e-05
0.0185621,0.0124937,0.00710621,0.00996607,0.0016177,0.00319276
0.00858906,0.00641651,0.00248392,0.0228239,0.0074356,0.0248435
0.0112146,0.0080638,0.00430746,0.0063383,0.000977999,-0.000516587
0.00880396,0.00624885,0.00526946,0.00492214,0.00132851,0.000943914
0.00420114,0.00300813,0.00174651,0.00314901,-0.000935621,-0.000757205
0.0112166,0.00771718,0.00458744,0.00741966,0.000634384,0.000832365
0.00391124,0.00314194,0.00211502,-0.000331888,0.00118698,-0.000496036
0.0111453,0.00758606,0.00536206,0.00655278,0.000782507,-0.00148991
0.00460352,0.00314617,0.00641306,0.00990684,0.00214299,0.0014528
0.0226733,0.0111547,0.0134936,0.0124247,0.0030091,0.00180619
0.0112393,0.00790186,0.00479974,0.00559013,0.000294027,0.000795919
0.015062,0.0105459,0.00629319,0.00877373,0.00215032,-0.000159398
0.00643832,0.00417336,0.0037559,0.00455279,-0.000351319,0.000540592
0.0119431,0.00515347,0.00466714,0.00882445,0.000953131,0.000882853
0.026621,0.0108684,0.0193911,0.0224046,0.00447609,0.00340346
0.0195118,0.00656458,0.00931618,0.0121162,0.00259228,0.00624803
0.0151293,0.00641443,0.00789238,0.00392199,0.000600089,0.000671447
0.00789431,0.00427121,0.0038638,0.000685535,0.000709674,0.000521054
0.0250374,0.0165718,0.00899159,0.0120335,0.00263355,-0.00030864
0.00815968,0.006029,0.00499592,0.00336027,0.000842764,0.00247122
0.0123094,0.00729142,0.00574755,0.00220946,0.00187318,0.000718987
0.0220705,0.0149986,0.0085636,0.0139784,0.00184195,0.00171938
0.011797,0.00865277,0.00585353,0.00783207,0.00200431,-4.15769e-05
0.0151973,0.0107919,0.00638751,0.0118102,0.00149916,-0.000948799
0.0126361,0.00900577,0.00631104,0.00609794,0.00188395,0.000585602
0.00510407,0.00394091,0.00266582,-0.00300958,-0.000408081,0.00124148
0.00814566,0.00595383,0.00474977,0.00176032,-0.000287704,0.000761343
0.0118806,0.00800392,0.00444693,0.00509182,0.000168863,0.000318829
0.0104124,0.0075017,0.00662899,0.00261635,0.00209165,0.000457257
0.0225949,0.0125341,0.0125581,0.03194,0.00983382,0.0212246
0.0216198,0.012501,0.0122037,0.0315643,0.00875858,0.0207232
0.00664935,0.00495788,0.00240647,-7.04239e-05,0,-0.000709655
0.0165756,0.00861549,0.00797384,0.006899,0.00117434,0.000658588
0.0160898,0.00863778,0.00774796,0.00854049,0.000908902,0.000861874
0.0113504,0.00796622,0.00478083,0.00461398,0.00127758,-2.34409e-05
0.00820415,0.00591785,0.00231303,-0.000807382,0.00104092,-0.00100347
0.0123671,0.00857609,0.00641897,0.00565944,7.90468e-05,-0.000440911
0.0131711,0.00938884,0.00413931,0.00239772,0.00215541,0.000484019
0.00664442,0.00477094,0.00371424,0.00180739,5.96086e-05,0.000381221
0.00837866,0.00343995,0.00339261,0.00590106,0.00101884,0.000340138
0.0145905,0.00909192,0.00552849,0.00588754,0.000688442,1.39061e-05
0.012635,0.00886033,0.00367937,0.00824923,0.00178152,-0.000496489
0.0193175,0.0136964,0.0155493,0.0175078,0.00440386,0.00275336
0.0089524,0.0063729,0.00377388,0.0047295,0.0002636,2.16765e-05
0.00780885,0.00560603,0.00336547,0.00500561,0.00155428,0.00162476
0.0172709,0.0117107,0.00671164,0.00754182,0.00258533,0.00132081
0.00617872,0.00442548,0.00335565,-0.000397268,-0.00016489,0.000667576
0.00855311,0.0064775,0.00310017,0.000864983,-0.000160053,0.00043096
0.0123439,0.00891155,0.00615064,0.0031721,0.00161168,0.000375166
0.0116509,0.00809142,0.00433334,-0.000982352,0.00107927,0.000188743
0.00388426,0.00302171,0.00299178,0.000353749,0.000317022,0.000780779
0.0270477,0.0131091,0.0146978,0.0120777,0.000976381,0.000844565
0.00617925,0.00464656,0.0029363,0.00756772,0.00032605,-0.000282179
0.0102588,0.00573887,0.00593041,-0.000976957,0.000135002,-0.000595747
0.0108226,0.00497327,0.00838631,0.0115481,0.00224458,0.000207017
0.0106342,0.00687454,0.0048177,0.00782118,0.00096237,0.00175866
0.00537719,0.00371577,0.00271333,-0.000295485,0.000923784,0.000990906
0.0170929,0.0119986,0.00519019,0.00702212,0.000399667,-0.000871778
0.00909001,0.00628645,0.00370882,0.00358983,-1.6029e-05,0.000544113
0.0127482,0.00874857,0.00397169,0.0061919,0.00189321,0.000125603
0.00837639,0.00593345,0.00410692,0.00423147,0.0012528,-0.00105815
0.00863946,0.00623609,0.00264712,0.00278846,0.000826143,0.000340007
0.033013,0.0168374,0.0114208,0.0169012,0.00395653,0.00149253
0.01764,0.0101401,0.00750962,0.00746346,0.000995085,0.00155768
0.0140798,0.00872145,0.00714404,0.0093735,0.00229905,0.00146665
0.0282558,0.0110397,0.00930613,0.0185601,0.00200456,0.00147977
0.0251605,0.0126148,0.00855259,0.0135607,0.00163351,0.00118725
0.0146209,0.0107466,0.00646599,0.00557749,0.0010015,-0.000103072
0.0256584,0.0113146,0.0103886,0.0121907,0.00274277,0.00108449
0.0219006,0.0112716,0.00817623,0.0097885,0.0030379,0.00223636
0.00877449,0.00382223,0.00552001,-1.41713e-05,0.00187965,0.00139872
0.00889091,0.00396283,0.0056089,0.00383366,0.0027614,0.00100006
0.00595775,0.00393212,0.00276051,-0.000159924,0.000566393,0.000517847
0.00569793,0.00421375,0.00295802,0.000527871,-6.21623e-05,-2.82946e-06
0.0139259,0.00964663,0.00524758,0.00223866,0.000379694,-2.40213e-05
0.00521926,0.00370662,0.00380606,0.00543096,5.66278e-05,0.00107756
0.00701458,0.0031868,0.00240312,0.00171526,0.000410849,-0.00041098
0.00723675,0.00364663,0.00231169,0.00304599,0.00039182,-0.00112023
0.0104778,0.00717128,0.00326419,0.00539734,0.000349785,0.000438741
0.0107071,0.00416872,0.00737458,0.0101865,0.000603168,0.000981364
0.0109924,0.00402078,0.00726633,0.0106115,0.0011678,0.000832514
0.0102442,0.00685739,0.00714423,0.00647233,0.000336969,0.000226166
0.00912844,0.00622716,0.0021437,0.00207175,0.00035116,0.000133263
0.0111223,0.00800864,0.0064555,0.00364651,0.000710398,-0.000479218
0.0160262,0.00816263,0.0122187,0.0144748,0.00367334,0.00185595
0.016216,0.00763273,0.0112377,0.0127454,0.00198919,0.00217777
0.0179271,0.0101829,0.00745747,0.00658441,0.00119557,0.000482642
0.0175618,0.010112,0.00732172,0.00619836,0.000442426,0.000616813
0.00533188,0.00391752,0.00221436,0.003431,0.00048775,0.0002892
0.00409087,0.00325356,0.00452973,0.00650816,0.000797999,0.000635913
0.0167102,0.00785992,0.0094744,0.0110109,0.00323868,0.00762102
0.00486736,0.00388925,0.00414352,0.00235989,8.47802e-05,0.000396564
0.0185815,0.0129477,0.00831847,0.032542,0.0119809,0.0328728
0.00734297,0.00548491,0.00253252,0.00410546,0.000270956,-0.000658438
0.00537505,0.00360609,0.00203836,0.00104253,0.00054558,2.32563e-05
0.0161366,0.011475,0.00726092,0.00492299,0.00126017,0.00167492
0.00489845,0.00367041,0.00244455,-0.000913515,2.21927e-05,-0.00123878
0.0179892,0.00741206,0.010528,0.00863102,0.00339808,0.000221043
0.0176772,0.00733365,0.0100825,0.00707534,0.00286747,0.000837735
0.00972472,0.00654387,0.00889083,0.0108692,0.0017013,0.000127931
0.00795631,0.00548337,0.00563839,0.00276379,0.00107154,0.000523672
0.00546156,0.00384065,0.00216737,0.00415532,-8.28938e-05,0.000782936
0.0234399,0.0132574,0.012596,0.0149071,0.00400732,0.00229709
0.0179232,0.0107148,0.00649861,0.00563691,0.00120719,0.00128694
0.0114241,0.00788921,0.00366964,4.43397e-05,6.40743e-05,0.00110855
0.0181726,0.00720658,0.0125092,0.0184071,0.00312779,0.00153762
0.0091919,0.00638255,0.00267116,0.001319,0.000480738,0.00148537
0.00849398,0.00627716,0.00329316,0.00649117,-0.000175106,-0.000751918
0.014719,0.010388,0.0063018,0.00284192,5.81666e-05,0.000200589
0.0115108,0.00742127,0.00497487,0.00378394,0.000763185,-0.00173082
0.0141958,0.00948005,0.00602939,0.00524358,0.000696698,0.000275399
0.0192643,0.0103995,0.010899,0.0110162,0.00305148,0.00357023
0.0225398,0.00701642,0.0107854,0.00879638,0.00269688,0.000848315
0.0146173,0.00699696,0.00674113,0.00680628,0.000903502,0.000830722
0.0118498,0.00798175,0.00700102,0.00292504,-0.000495484,0.000931519
0.00480689,0.00338297,0.00243636,0.00202783,5.05607e-05,0.000913003
0.00380615,0.00311718,0.00222809,0.00260801,-0.000372711,-2.87408e-05
0.0169624,0.0115324,0.00893371,0.0119611,0.00280608,0.000552061
0.00553072,0.00395175,0.00337346,0.0021276,6.66985e-05,8.87561e-05
0.00505079,0.00353887,0.00237832,0.00161049,0.000326115,-0.000965334
0.0062372,0.00411821,0.00235415,0.00211435,0.000836249,-0.00123901
0.0128693,0.00949275,0.00615453,0.00301385,0.00174179,-0.00104706
0.0113845,0.00779195,0.00402695,0.00431423,0.00105887,-0.00125208
0.00777929,0.00551424,0.00222953,0.00374635,0.000377078,0.000668448
0.00531594,0.00383848,0.00279195,0.0044218,-5.25583e-05,0.000664732
0.00604346,0.003285,0.00272168,0.00595802,0.00152704,-0.000679038
0.00717784,0.00381789,0.00284095,0.00611403,-0.000155043,-8.88187e-05
0.00479926,0.00347732,0.00324883,-4.91114e-05,0.000409668,0.000473293
0.0186015,0.0114175,0.0120576,0.0190758,0.00472392,0.00104611
0.0125884,0.00634052,0.0037521,0.0100567,0.00155073,0.000800106
0.00677398,0.00461398,0.00331784,0.00114468,0.000113057,0.000190954
0.0065615,0.003558,0.00304715,0.00376813,-0.000205765,-0.000729885
0.0123608,0.00879807,0.00510382,0.00598104,0.00169,0.00161676
0.0118586,0.00807831,0.00400051,0.00512869,0.00198953,0.000791062
0.0048046,0.00339891,0.00257025,0.00068738,0.00040394,0.000478953
0.0140334,0.00806291,0.00974685,0.00817278,0.00224203,-9.70376e-05
0.015289,0.0104636,0.00478272,0.00821863,0.000881194,-0.000543728
0.0212468,0.0134842,0.0116624,0.0181709,0.00455691,0.00480693
0.0205294,0.00986062,0.0104886,0.0204309,0.00432471,0.00741351
0.0157639,0.00987154,0.0092224,0.0132222,0.00222384,0.00281039
0.00832946,0.00621782,0.00329441,0.00260288,0.000867324,0.00118607
0.00648886,0.00467439,0.00195515,0.0071189,1.3538e-06,0.00100957
0.0193733,0.0134512,0.0099745,0.0123155,0.00291733,0.000375239
0.0116524,0.00803781,0.00375526,0.00203362,0.00141114,-0.000986676
0.0140048,0.00911828,0.0044556,0.00802118,0.00293987,0.000805265
0.0118815,0.00821348,0.00407664,0.00952305,0.00205723,0.000351936
0.0140195,0.00857705,0.006811,0.0133939,0.00140796,0.000595609
0.0156712,0.0100507,0.00514633,0.00590356,0.00104424,0.00106743
0.0044336,0.00337896,0.00116672,-0.00371846,0.000461118,-0.00134509
0.0148863,0.0085489,0.00733616,0.00926282,0.00131901,0.00111348
0.0141623,0.00831614,0.00719583,0.00615885,0.00272501,0.000406262
0.00868785,0.00619893,0.00292297,0.00583506,-3.16728e-05,0.000962379
0.0141063,0.00943378,0.00899607,0.00599202,0.000769701,0.0010924
0.0137341,0.00943346,0.00448664,0.00537403,0.000455012,0.000496045
0.00571649,0.0041899,0.00255192,0.00393277,0.000601834,-0.000132886
0.0282296,0.0186047,0.0132171,0.0210228,0.00424513,0.0015555
0.00429173,0.00312766,0.00153406,0.0270891,0.0112396,0.0285074
0.0124239,0.00596835,0.00432457,0.00527757,0.00211969,0.000175487
0.0105084,0.00476264,0.00367167,0.00392437,0.00156339,0.000740088
0.0097855,0.007015,0.00437648,0.00838022,0.000536829,0.001231
0.0186901,0.0117453,0.0056876,0.00856681,0.0024415,0.00306841
0.0170768,0.0116166,0.00545084,0.00730205,0.00163841,0.00224733
0.0104391,0.00718174,0.00391717,0.000440467,0.000424521,0.000334454
0.00472493,0.00340358,0.00254067,0.000950267,6.82128e-05,-0.000902724
0.00573013,0.00436906,0.0030044,0.00357568,8.70838e-05,0.000194211
0.0157434,0.0109691,0.00537118,0.00655603,0.00020935,9.76331e-05
0.00491868,0.00346335,0.00242249,-0.000334211,0.000278359,0.000566885
0.0280459,0.0170643,0.00830729,0.00805838,0.00249519,0.00185526
0.0116635,0.00697501,0.00567539,0.00740111,0.00146785,0.00137699
0.0104859,0.00521428,0.00436341,0.00342411,0.00261653,0.000569035
0.0144343,0.0102665,0.0062719,0.0020724,-0.00021092,-0.000183906
0.0106013,0.00736277,0.00508437,-0.000830271,0.00030962,-0.000961555
0.00784345,0.00528904,0.00941801,0.0114816,0.00361917,0.000799737
0.00934883,0.00646286,0.00461549,0.00078514,0.000150014,0.000872875
0.0196389,0.0114568,0.00860187,0.00422816,0.000969304,0.00109679
0.0285362,0.0181001,0.0111452,0.0156488,0.00238786,0.00291037
0.00649564,0.00442705,0.00468036,0.00264958,0.000219694,-0.000197723
0.0136225,0.00933377,0.0063484,0.00263479,0.00110065,0.000758862
0.0165382,0.0100299,0.00561362,0.00373069,0.001662,0.000164573
0.0109265,0.00432478,0.00717092,0.0136939,0.00369667,0.00818936
0.0169999,0.00753906,0.011621,0.0285076,0.00924951,0.0199275
0.0170674,0.00751772,0.0110716,0.0284922,0.00966981,0.0189438
0.00857392,0.0032527,0.00349032,0.0166267,0.00687766,0.0153109
0.00471711,0.00357311,0.00280045,-0.00102175,0.000458695,0.00064886
0.018002,0.0102073,0.011676,0.0117179,0.00297184,0.00208906
0.0234631,0.0164199,0.00624729,0.0138112,0.0016987,0.00183127
0.00521113,0.00370468,0.00238823,0.000650237,0.000302456,-0.000850693
0.00574841,0.00449931,0.00253936,0.00677128,0.00167462,0.000646658
0.00992061,0.00688948,0.00343011,0.0056642,0.000732114,0.000625453
0.0102547,0.00733771,0.00784079,0.0100963,0.000320345,9.51593e-05
0.0130324,0.00489995,0.00646623,0.0078527,0.00272273,0.000741263
0.0129827,0.00527558,0.0071366,0.0107856,0.00205417,0.000415398
0.0122459,0.00856212,0.00431707,0.0047621,0.00123938,0.000515493
0.00711893,0.0052885,0.00243018,0.00258196,0.0012405,0.000179268
0.00581654,0.00390349,0.00264559,-0.00245609,-0.000425621,-0.000529794
0.00526996,0.00419812,0.00310595,0.000143174,-0.000468665,0.00122457
0.0120811,0.00835441,0.00778144,0.00693769,0.00168884,0.00158776
0.0128685,0.00862823,0.00526319,0.00528467,0.000886096,0.000724757
0.0196566,0.00981214,0.0126959,0.0120903,0.00420998,0.00217945
0.023964,0.0123004,0.0121217,0.0112905,0.00206461,0.00158336
0.0215215,0.0142497,0.00739336,0.00563786,0.00181894,0.00127819
0.0108443,0.00711743,0.00674296,0.00568677,0.00130263,-0.00016406
0.0201587,0.0117866,0.0101293,0.0135542,0.002375,0.00107733
0.00889626,0.00322062,0.00399972,0.0034604,0.000424167,-0.000349418
0.00984357,0.00678398,0.00522857,0.0133146,0.00348014,0.0122777
0.00789335,0.00545714,0.00384932,0.00601665,0.000969911,0.000785799
0.00516771,0.0034952,0.00292278,0.00496522,-0.000930251,-0.000250587
0.0171543,0.00685831,0.00843129,0.00816053,0.00131362,0.000943465
0.0164341,0.00692745,0.00796744,0.00804502,0.00083284,0.00122295
0.00606775,0.00426605,0.00538311,0.00709192,-0.000194251,0.000167514
0.011827,0.00666692,0.00628937,0.0066312,0.000675428,0.000765332
0.00782613,0.00495183,0.00368531,0.00116813,0.000695495,0.000815842
0.0168376,0.0105066,0.00584886,0.00882935,0.00220704,0.00230122
0.00928467,0.00487866,0.00427038,0.00481284,0.00117254,0.000752346
0.0154706,0.00945005,0.00552169,0.00652914,0.00106717,-3.16744e-05
0.0172702,0.00944245,0.0056039,0.00928307,0.00155797,-0.000924927
0.0060447,0.0045084,0.00210348,0.00340979,-6.47168e-05,0.000606141
0.0145483,0.0100417,0.0130302,0.0131442,0.00378198,0.00352197
0.0139612,0.0100192,0.00555264,0.0100263,-0.000902231,0.00083063
0.00557516,0.00414059,0.00308967,0.00450055,0.000318812,-0.000479923
0.00546163,0.0042109,0.00426568,0.00133323,6.40554e-05,0.000727581
0.0177975,0.00863514,0.0105064,0.0167043,0.00237171,0.00136058
0.0257269,0.0155366,0.0134233,0.0167431,0.0022589,0.0010616
0.00637679,0.00444525,0.00305871,0.00182794,0.000761841,-0.000646434
0.0106795,0.00746075,0.00890105,0.00684675,0.000754572,0.00116439
0.00517209,0.0039008,0.00320619,0.00124329,0.00113154,0.000545581
0.0247327,0.0132288,0.00914741,0.0116801,0.0026493,-0.000416444
0.0101222,0.00724871,0.00373716,0.000839106,-7.29621e-05,-0.00153078
0.00441402,0.00340174,0.0019288,0.00258767,-0.000875431,-0.000551244
0.0064268,0.0047894,0.00279505,0.0115184,0.0043754,0.0135409
0.00433673,0.00311333,0.00232102,-0.000876679,0.000423557,3.69418e-05
0.00806143,0.00574565,0.00324027,0.00347642,-0.000136499,0.00159267
0.0169358,0.00694912,0.00717157,0.00846879,0.00145759,0.000435358
0.0193597,0.00681686,0.00860917,0.0105706,0.0018476,0.000380586
0.00937557,0.00524202,0.00288927,0.00225686,0.000929665,0.000581331
0.0200583,0.0136604,0.00961401,0.0172598,0.00279358,0.00273206
0.00770358,0.00531512,0.0055909,0.00692458,0.00112202,0.00133517
0.0159124,0.0106733,0.0123209,0.0126287,0.00323906,0.00327199
0.0189604,0.0128198,0.00717081,0.0134229,0.00155681,0.00196775
0.0202063,0.0114325,0.00861967,0.00622095,0.00221798,0.000387635
0.00873051,0.00611553,0.00340895,0.00117981,0.000706041,0.00301147
0.0233398,0.0136995,0.00848028,0.0110828,0.00262099,0.00033975
0.00568571,0.0041698,0.0022934,0.000105581,0.000481821,0.00029836
0.00671416,0.00443666,0.0034367,-0.00237323,0.000159887,-0.000600155
0.0088303,0.00642298,0.00647678,0.00526819,0.0013992,0.00139508
0.00840139,0.00591904,0.0024122,-3.55162e-05,0.00125586,0.000257047
0.00784809,0.00547876,0.00443087,0.000775449,0.000527795,0.0015908
0.0220591,0.0102562,0.00681264,0.0118282,0.00218866,0.000629833
0.0205987,0.00926884,0.00647835,0.00671431,0.000957049,0.00123575
0.00565894,0.00404412,0.00313158,0.00651089,0.000408867,0.000370928
0.0150903,0.00558256,0.0103262,0.0163998,0.00189883,0.000348412
0.0148825,0.00564123,0.0101841,0.0169359,0.00170779,0.000130085
0.0168369,0.00698202,0.00888795,0.0111466,0.00254861,-0.000188839
0.0198209,0.00708596,0.0108802,0.0117953,0.002618,0.000584227
0.00533894,0.00384347,0.00195543,0.0034762,0.00105992,0.000522761
0.0142412,0.0102322,0.00425939,0.00317288,0.000302852,-0.000905118
0.0273722,0.0106637,0.0114669,0.0107807,0.00258643,0.000512171
0.0275727,0.0106025,0.0105135,0.00847614,0.00206523,6.46306e-05
0.00833114,0.00554969,0.00393773,0.000259174,0.0015292,-0.000848529
0.00458535,0.00354847,0.00229813,0.00181783,0.000845556,-0.000833766
0.00514088,0.00389708,0.00191423,0.00765115,0.00155686,-0.000482185
0.00707947,0.00508886,0.00306044,0.00357111,-0.000355927,-0.0013002
0.00736267,0.00529302,0.00646515,0.00724764,0.0015032,0.00169254
0.0139917,0.0068555,0.00641789,0.00694029,0.000863176,0.00161046
0.00482985,0.00368295,0.00136783,-0.00295252,-5.47347e-05,-0.000662559
0.00916274,0.00659193,0.00985462,0.00967185,0.000992755,0.000103159
0.00644935,0.00469556,0.00343751,0.00394703,0.000850561,0.00168211
0.0147968,0.0103372,0.00827737,0.00821857,0.0015838,0.000371675
0.0376235,0.017318,0.0121043,0.0198987,0.00271096,0.00201818
0.00483921,0.00356215,0.00191137,0.00307893,-0.000635178,0.000955123
0.021737,0.0146472,0.00922733,0.0116775,0.00206736,0.000597878
0.0114959,0.00795722,0.00471918,0.00313324,0.000415493,0.000489372
0.0157559,0.00937694,0.00884507,0.0156804,0.00183137,4.96713e-05
0.0182104,0.00839467,0.0109044,0.0157476,0.00353216,0.00530412
0.012247,0.00832481,0.00624109,0.0111101,0.00199206,0.00057847
0.0131016,0.00622517,0.00698497,0.0151938,0.00297498,0.00144815
0.0231916,0.0142196,0.0104093,0.0125084,0.00263474,0.00137592
0.00875001,0.00625802,0.00505384,0.00565096,0.000799704,0.00142449
0.00804627,0.00555871,0.00481401,0.00479206,-0.000242373,0.000869481
0.0196066,0.0131991,0.00612257,0.00967983,0.00222376,0.00176264
0.00830975,0.00442781,0.00333479,0.00528452,0.000797356,0.000578962
0.0313605,0.0124939,0.0139178,0.0168167,0.00251906,0.00145211
0.0384154,0.0124736,0.0176564,0.0167445,0.00373867,0.00196186
0.0263195,0.0105768,0.010793,0.00677119,0.00190459,0.000673929
0.0142732,0.00668145,0.00546651,0.00511739,0.000730424,0.000702653
0.0125297,0.00880151,0.00649508,0.00946565,0.00232475,0.00128365
0.0261686,0.0103311,0.0123173,0.019465,0.0035993,0.00190722
0.0276222,0.0103734,0.0125394,0.0203825,0.00345505,-0.000259297
0.00659643,0.00474893,0.00310118,0.0035813,0.000855389,0.000360546
0.0130334,0.00857415,0.00378273,0.00546861,0.000973218,-0.000678553
0.0186662,0.0130687,0.00954984,0.0110461,0.00230839,0.00255034
0.00917078,0.00623362,0.0047554,0.00245309,0.000829796,0.000165719
0.0144888,0.00799178,0.00629439,0.00639604,0.00126049,0.00115532
0.00835917,0.00536641,0.00417247,0.00157154,0.000146419,-0.000779315
0.00939368,0.00635468,0.00410215,-0.000444425,-0.000626733,0.000599877
0.00884115,0.00597845,0.00879182,0.0119809,0.00189074,0.000935408
0.00800935,0.00592593,0.00391628,0.00303892,0.00111165,0.0011608
0.00875172,0.00621856,0.00432027,0.00492362,0.00118624,-0.000257621
0.0116333,0.00659282,0.00870089,0.0087401,0.00129657,0.00130601
0.011242,0.00747984,0.00490893,0.00616606,-0.000138311,0.00133113
0.0047857,0.00392944,0.0029338,-0.00100676,0.000506023,2.40324e-05
0.0118618,0.00828882,0.00606525,0.00184529,0.000126356,0.000662373
0.0103232,0.00663688,0.00605258,0.00558385,0.00131767,-0.000768492
0.0148106,0.00808517,0.00785467,0.00641463,0.0012685,8.74523e-05
0.00524086,0.003522,0.00155125,-3.92873e-05,-0.00024484,-0.000812012
0.0079224,0.00559531,0.00362594,0.00711674,0.000472345,0.00160695
0.0043623,0.00305748,0.0017969,0.00347154,0.000941353,0.000525039
0.024573,0.0121383,0.00906883,0.00969995,0.00218245,0.00233262
0.0107374,0.00766999,0.00378007,0.00616829,0.00294058,0.00186124
0.0116528,0.00818883,0.00487863,0.0137735,0.000288662,0.00106867
0.00719796,0.0048706,0.00348183,0.00159464,4.48477e-06,-0.00133394
0.00608158,0.00441699,0.00426688,0.00923977,0.000901198,0.000192727
0.027054,0.0142841,0.0137843,0.016928,0.00397467,0.00254146
0.00628754,0.0043365,0.00440995,0.0165783,0.00688672,0.0145583
0.00504794,0.00383164,0.00258099,0.003246,-0.000285951,0.00208518
0.0114793,0.00747554,0.00719444,0.00756566,0.00176061,0.00154674
0.00616838,0.00456064,0.00401964,0.000458077,0.000343291,-0.000264921
0.00961909,0.00387375,0.00853522,0.00319857,0.000443972,-0.000284939
0.0267917,0.00837767,0.0159578,0.0176811,0.00495581,0.00203104
0.0261202,0.012313,0.0153003,0.0171997,0.00436792,0.0037063
0.00871924,0.00484645,0.00504026,0.00427623,0.00109654,0.000934265
0.005222,0.00358529,0.00249796,0.00410199,0.000449883,-0.00146654
0.010371,0.00696442,0.00735853,0.00875898,0.00168222,0.000116368
0.0186458,0.0130576,0.00620164,0.0065568,0.000781126,-0.000788307
0.0071858,0.00543503,0.00522581,0.00539971,0.00100537,5.40787e-05
0.0129687,0.00911201,0.00400494,0.00491165,-0.000548286,0.000181428
0.00612468,0.00426282,0.00329449,0.00717675,-0.000122347,0.00155407
0.0118906,0.00494953,0.00610644,0.00755335,0.00082098,7.02951e-05
0.0121801,0.00538134,0.00698057,0.00921501,0.000751648,-0.000199964
0.00480761,0.00341745,0.00328264,-0.00232854,-0.000367533,-0.000270191
0.00917292,0.00635478,0.0102581,0.010116,0.00209844,0.00144531
0.00740285,0.00470561,0.00294798,0.00189567,0.000814723,0.000947846
0.0208614,0.0141751,0.00852803,0.00607214,0.000799047,0.00151087
0.0220858,0.0139211,0.017621,0.0281822,0.00543656,0.00406737
0.010653,0.00612578,0.00512311,0.00634865,0.000912079,0.00230204
0.0102043,0.00735107,0.00364671,0.0118949,0.000935785,-0.000381435
0.00708688,0.0035442,0.00635453,0.0045524,0.000680571,0.0020945
0.0200295,0.0134925,0.0241925,0.0265678,0.00621519,0.00518329
0.00663525,0.00440342,0.00325804,0.00132558,0.00086711,-0.000320824
0.00764163,0.00546516,0.00692333,0.00121553,0.00165487,0.00122707
0.00496809,0.00359866,0.00265236,-0.000721705,0.000324137,0.00120657
0.0110798,0.00810914,0.00410282,0.0116889,0.000535634,-0.000345111
0.017299,0.0101807,0.0111179,0.0137027,0.00321132,0.00260377
0.0266145,0.0138435,0.014311,0.0138613,0.00278303,0.00171453
0.0162877,0.0106677,0.00761272,0.00381051,0.00320449,0.0018453
0.0162815,0.00725613,0.0212879,0.0314647,0.00648405,0.00592425
0.0164631,0.00659401,0.0166534,0.0221454,0.00253179,0.00222841
0.00530409,0.00367769,0.0015834,0.00371276,-0.000313537,0.000694162
0.0143974,0.00918033,0.00548811,0.0063663,0.000987364,0.00121377
0.00656651,0.00468635,0.00919504,0.00782635,0.000240544,0.00129467
0.023595,0.0128834,0.016702,0.0125832,0.00363649,0.00196855
0.00908734,0.00620091,0.00641025,0.000592203,9.93041e-05,0.000944977
0.00797693,0.00591817,0.00319064,-0.00134339,0.00152259,0.00106732
0.0199732,0.014119,0.00687707,0.00814486,0.00168417,0.00162194
0.0213315,0.0106597,0.0101552,0.0135071,0.00263543,0.00257231
0.0108308,0.00785444,0.00599646,0.0108473,0.00127104,0.000565966
0.0051832,0.00359934,0.00339949,-0.00183738,8.77819e-05,-0.000331196
0.0162902,0.00898643,0.00842519,0.0068878,0.001854,0.000970048
0.0173807,0.00897334,0.00867057,0.00779164,0.00165224,0.00154799
0.00641074,0.00397009,0.00287412,0.00226715,0.000981947,0.00117134
0.00819115,0.00582211,0.00394757,0.00153209,0.000825743,0.000317033
0.0236044,0.0120913,0.0122586,0.013126,0.00372565,0.00111594
0.0295169,0.0135787,0.0127453,0.0126167,0.00246213,0.000792181
0.0119332,0.0086838,0.00903191,0.00952094,0.00181148,-0.000300375
0.00448569,0.00329807,0.00223515,0.00152661,0.000532847,0.000161609
0.00488636,0.00341695,0.00281795,-0.00253977,-0.000584017,0.000378385
0.00449805,0.00323366,0.00282511,0.00137038,-0.000172051,8.9418e-05
0.00775799,0.0041813,0.00369753,-0.000407121,0.00102273,0.00117164
0.0357963,0.0222327,0.0170227,0.0249563,0.00496233,0.00232976
0.0110906,0.00505769,0.0054902,0.0103533,0.000867998,0.00129513
0.0106142,0.00440025,0.0055518,0.00902739,0.00104942,0.00239459
0.0205713,0.0100308,0.0104195,0.0133871,0.00284221,0.00110587
0.0209454,0.00989468,0.0105487,0.0148145,0.00231865,0.00135907
0.0165312,0.00738627,0.00764958,0.00614614,0.00131564,0.00167435
0.0176164,0.0112862,0.00701074,0.00863343,0.000885504,0.00280948
0.00627582,0.0034342,0.00339743,0.000609975,2.66115e-05,0.000676682
0.00998542,0.00677933,0.00343149,0.00112146,0.000817131,0.000281086
0.0150248,0.0103649,0.00901869,0.0133796,0.00270632,0.000513655
0.00898426,0.00554381,0.0042698,-0.000257546,0.000486146,-0.000501789
0.0128264,0.00841695,0.00683426,0.00531971,0.00118312,0.000167711
0.00539177,0.0039519,0.00231077,0.00645449,-0.000214755,-0.00060414
0.00809928,0.00552736,0.00657333,0.00431216,0.000371895,0.000121402
0.0197142,0.0108452,0.00909677,0.0143708,0.0031362,0.00184067
0.0273108,0.0108023,0.0120642,0.0165967,0.00400765,0.000152943
0.022639,0.0120539,0.0103445,0.00819605,0.00293517,-0.000818895
0.010321,0.00652594,0.00534958,0.00577637,0.000714363,0.00168121
0.00989705,0.00688242,0.00586309,0.0021074,0.00100858,0.000469309
0.0148639,0.0107222,0.00987944,0.00781608,0.00180414,0.00179241
0.00941079,0.00641211,0.0037506,0.00573943,6.29513e-05,-0.000879397
0.0327307,0.0220232,0.0238645,0.0245376,0.0046516,0.00160738
0.012998,0.00877902,0.0154914,0.0262103,0.00636154,0.00690536
0.0163851,0.0112176,0.00835218,0.00447281,0.001588,-0.000459596
0.0120469,0.00577746,0.00902163,0.00966764,0.00283091,0.00092729
0.0140419,0.00887731,0.00746429,0.00651588,0.00239314,0.0018588
0.00511268,0.00344611,0.00177103,0.00139355,0.000728038,-0.000500529
0.0156078,0.00935345,0.00569779,0.00460815,0.00203138,0.000426164
0.022587,0.00789188,0.00809548,0.0137564,0.00230059,-7.68081e-05
0.0245725,0.0151429,0.00843609,0.0106829,0.0018184,-0.000802241
0.00891406,0.00605684,0.00371959,0.00903979,0.00199471,-0.00129604
0.00841048,0.00359657,0.00410747,0.00179605,-0.000353086,0.000811747
0.0104392,0.00388909,0.00501441,0.000628328,-0.000244835,0.000698274
0.00918633,0.00477546,0.00439871,0.00976388,0.00152293,0.00175117
0.00831821,0.00519118,0.0034535,0.00294866,0.000586059,0.00154338
0.00792935,0.005851,0.00308921,0.00290556,0.00157335,9.7181e-05
0.0533884,0.0337485,0.0393902,0.0469287,0.00782272,0.00640285
0.00398665,0.00294323,0.00269623,0.0242179,0.0108276,0.0337026
0.0102827,0.00727981,0.00591537,0.00249796,0.00124288,0.000769868
0.0212341,0.0142501,0.00849233,0.0122005,0.00276837,0.0016457
0.0128849,0.00871789,0.00966749,0.00727224,0.00208087,0.00164444
0.0161468,0.0107705,0.00831414,0.00778115,0.00174207,0.00221807
0.0184589,0.0130841,0.0078716,0.00915663,0.0019138,0.00233972
0.00400556,0.0030004,0.00190316,0.00238146,0.000972129,0.00101607
0.0115879,0.00566002,0.00838911,0.00502236,0.00189859,0.00248753
0.01018,0.00560786,0.00838543,0.00683467,0.000696865,0.00199603
0.0110578,0.00778261,0.00540476,0.00453322,0.000813671,0.000714431
0.012557,0.00627273,0.0070091,0.0129827,0.00141425,0.000954493
0.0199725,0.0121894,0.0068864,0.0138587,0.000732754,0.000669129
0.00853777,0.00586672,0.00375699,0.00232366,0.000894725,0.00135113
0.00593206,0.00441519,0.002772,0.00221982,0.000425837,-0.00041996
0.011808,0.0083547,0.00677853,0.00800309,0.00152818,0.000618196
0.0216388,0.0150267,0.0112163,0.0168299,0.00475565,0.0108015
0.0151012,0.0103063,0.00653881,0.00830164,0.00147747,-0.000306392
0.0105638,0.00725763,0.00464795,0.0078671,0.00051583,0.000104008
0.0214946,0.00915528,0.00970749,0.0107175,0.00264551,0.0032313
0.0198194,0.00741066,0.00638564,0.00904945,0.00152774,0.00198051
0.0117238,0.00810193,0.00447078,0.00714709,1.6329e-05,0.000530633
0.00578693,0.00415375,0.00335827,0.00139896,0.00115207,0.00164767
0.0259411,0.00853206,0.0137694,0.0150743,0.00498912,0.0019303
0.0238265,0.0085298,0.0124173,0.0132207,0.00372338,0.00154426
0.0140511,0.00963271,0.00591208,0.00683326,0.00106198,0.00115463
0.0173005,0.0119148,0.00489509,0.00559312,0.000366899,0.000530142
0.00827803,0.00595837,0.00380294,0.00679425,0.000267734,-3.14937e-05
0.0186137,0.00765813,0.00795718,0.00873029,0.00231474,0.00159193
0.0258779,0.00773631,0.0143155,0.0154781,0.00365547,0.00183891
0.0188046,0.00748713,0.0123344,0.0103098,0.00165163,0.00171293
0.0100075,0.00434919,0.00650832,0.00490657,0.000589978,-0.000384285
0.00683288,0.00425067,0.00352808,0.00172993,6.71777e-05,-0.00083521
0.005601,0.00391319,0.00138478,0.0304204,0.0125716,0.0357535
0.00889437,0.00497101,0.00563914,0.00463338,0.000836378,0.00210459
0.00938895,0.00489369,0.00553473,0.00408677,0.000828628,0.00136161
0.014578,0.0099519,0.00398488,0.00825869,0.00206902,0.000384602
0.0234928,0.00993851,0.0130708,0.021573,0.00399223,0.0016813
0.0056424,0.00414851,0.00277326,0.00300727,0.000311035,-0.000517712
0.0268003,0.0151673,0.0143399,0.0166978,0.00337072,0.00239031
0.0120987,0.00803142,0.00597712,0.00730208,0.0012818,0.0011359
0.0213859,0.0110673,0.00806971,0.00991418,0.000498184,0.00132243
0.0200944,0.0133074,0.0162395,0.0201759,0.0052641,0.00461128
0.00587611,0.00458163,0.00280496,0.00370909,-0.000274209,0.0013536
0.035454,0.0153269,0.017622,0.0228387,0.00488811,0.00413424
0.022038,0.0101099,0.0120691,0.00827702,0.00128609,0.000288187
0.00801926,0.00340996,0.00459281,0.00316385,-0.000237102,-7.50089e-05
0.0182184,0.0128112,0.00551661,0.00568115,0.0010511,0.00146619
0.00590085,0.00435244,0.00145338,0.00152206,0.000788488,0.000493904
0.0216713,0.00934097,0.0089838,0.0127926,0.00183179,0.0019346
0.0231964,0.0104777,0.00811009,0.0102989,0.00129116,0.000228375
0.0192812,0.0110267,0.00886,0.0179012,0.00293459,0.00196533
0.0143372,0.00575565,0.00599533,0.00524923,0.000595685,0.000884894
0.0147655,0.0101711,0.00358465,0.0017317,0.00276587,0.000658739
0.0111247,0.00637822,0.00450564,0.00724048,0.00156267,-0.000158657
0.00959208,0.00430432,0.00422306,0.00391398,0.000220676,-0.000375023
0.0107559,0.00742793,0.00702929,0.012236,0.00182269,0.000693942
0.0122425,0.00794706,0.00515704,0.00528234,0.00127141,-0.000484881
0.00696435,0.00347569,0.00406327,0.00108721,0.000111906,0.000648048
0.0150102,0.0105344,0.00494826,0.0042067,0.000452833,0.00104176
0.00703267,0.00495596,0.00283955,0.00580195,0.00101787,0.00091448
0.0142452,0.00998229,0.00590105,0.00598036,0.0015679,-0.00111288
0.0175925,0.0124071,0.00588278,0.00513095,0.00158329,2.42351e-05
0.00611477,0.0041605,0.00260971,-0.000442198,0.00077213,-0.000483283
0.0162885,0.00728386,0.00695902,0.00663885,0.00218832,0.00125113
0.031101,0.0151438,0.0102362,0.00950154,0.00186421,0.000211371
0.00462305,0.00360941,0.00267197,-0.000335101,0.000332903,0.000356924
0.0132227,0.00893153,0.00443038,0.00100938,0.000885603,0.000230106
0.00583233,0.00345084,0.00361909,0.00352527,0.000172575,0.000409319
0.00540686,0.00320195,0.00338563,0.00378155,-0.000190276,-0.000442715
0.00423434,0.00319525,0.00238774,0.00233006,-1.94934e-05,0.000578542
0.0119885,0.00863296,0.00523597,0.00616438,-0.000171852,0.000678763
0.0153519,0.0104546,0.00306801,0.00825618,0.00078897,0.00144024
0.00780616,0.00473111,0.00347184,0.00351558,0.000578071,4.61207e-05
0.0120855,0.00863259,0.00400198,0.00509099,0.000697596,-6.89072e-05
0.0113831,0.00747425,0.0040555,0.00366743,0.000474706,0.00211489
0.00833812,0.0048044,0.00329569,0.00206397,0.000488414,0.000731977
0.00946007,0.00499367,0.00490902,0.00155621,0.00172148,0.002899
0.0185416,0.0112919,0.0140201,0.0159089,0.00388265,0.00241116
0.00951345,0.00659146,0.00496267,0.00116871,0.000715799,0.00127515
0.0154622,0.00805887,0.0105906,0.0131635,0.00124029,0.00163809
0.0124174,0.00773662,0.00826049,0.00772082,0.000837067,0.00170276
0.0114573,0.00826826,0.00512204,-0.00147722,0.000177071,0.00081182
0.00743434,0.00438051,0.00373101,0.00276351,0.000499265,-0.000469407
0.0231773,0.00848415,0.00796035,0.00832354,0.00202213,-0.000964837
0.0240041,0.00843717,0.00833853,0.00835637,0.00202043,0.000472035
0.0159598,0.0109622,0.00594606,0.0116867,0.000190755,0.00276514
0.00473236,0.00350047,0.00318648,0.00117562,0.00023151,8.00616e-05
0.00509262,0.00356418,0.00284267,0.00349378,0.000375946,0.00158173
0.0100995,0.0062477,0.00354958,0.00414893,0.000113953,-0.000702981
0.00379974,0.00297233,0.00185073,0.00430995,0.000310348,5.66909e-05
0.0107016,0.00658887,0.00509405,-0.000722017,0.000794507,0.000932427
0.0152348,0.0057402,0.00773992,0.0022411,9.63094e-05,0.00163252
0.0132718,0.00583236,0.00693099,0.00108544,0.000917719,0.00191077
0.00664485,0.00491147,0.00307725,0.00583082,-9.53451e-05,0.000235492
0.00463833,0.00347015,0.00359639,0.00048437,0.00147975,-0.000561805
0.0325891,0.0115113,0.0161492,0.021049,0.00538944,0.00724821
0.0284456,0.0129221,0.0135961,0.0148535,0.00310809,0.00317853
0.0115009,0.00803016,0.00830522,0.00716023,0.00059741,0.000340556
0.00566563,0.00394842,0.00345148,-0.000741273,-0.000449418,-0.000703575
0.00692503,0.00451179,0.00338789,0.00193718,-0.000150299,0.000366962
0.00585275,0.00367859,0.00395539,0.002093,0.000507295,0.00229694
0.00717711,0.00486498,0.00366607,0.000695463,0.0010846,-0.000263304
0.016877,0.0112763,0.00603908,0.00919284,0.00297884,0.0019031
0.0169917,0.00821168,0.00697505,0.00559219,0.0021815,0.000637067
0.0161487,0.00825169,0.00647272,0.0074304,0.00153604,0.000901753
0.00878412,0.00617508,0.00253709,0.00259284,3.04195e-05,-0.000410475
0.0121173,0.00848198,0.0066764,0.00423387,-2.04193e-05,-0.000397673
0.012236,0.00838461,0.00371708,0.00462876,0.000546369,0.000980257
0.017137,0.0122213,0.0107123,0.0176456,0.00216307,0.00298353
0.0067671,0.00486187,0.00379313,0.00415082,-0.000639832,-0.000605268
0.005,0.00349068,0.00246832,-0.00155981,-0.000190266,0.000942771
0.00987796,0.0069538,0.00466304,0.00374618,0.000569487,0.000775271
0.0161847,0.00786009,0.00591481,0.00763913,0.00188097,0.00219382
0.016138,0.00785279,0.00579283,0.00597068,0.00167564,0.00174961
0.00471114,0.00346119,0.00269215,-0.000912193,0.000645071,0.000143272
0.0245972,0.0163047,0.00942917,0.0132778,0.00292936,0.00138728
0.0131924,0.00721704,0.00865379,0.0111691,0.00242593,0.00134098
0.0191212,0.00641661,0.0111902,0.0121433,0.00168825,0.00160961
0.0155888,0.00759838,0.00718441,0.00723294,0.00172542,0.00103857
0.00971174,0.00493624,0.00342607,0.00298587,0.000342038,0.000998464
0.00474208,0.00351209,0.00187387,0.00231323,0.000265657,-0.000113854
0.012626,0.00819831,0.00462968,-0.000402242,0.00127005,0.00300262
0.00468636,0.00349459,0.00249094,0.00139317,0.000747138,0.000713136
0.0141482,0.00979532,0.0113022,0.0096546,0.00190252,0.00131569
0.0156477,0.0110986,0.0084739,0.0136824,0.00154244,0.001555
0.0323775,0.0193608,0.0120582,0.0107967,0.00367485,-0.000399982
0.00971628,0.00674613,0.00592763,0.00485648,0.00115305,0.000725436
0.00663724,0.00466145,0.00339293,0.00505067,0.000272859,6.34385e-05
0.0100806,0.00612334,0.004988,0.00564736,0.000868486,0.000579258
0.00893406,0.00333427,0.00426055,0.00119829,-0.000754133,0.000754033
0.00711805,0.00489848,0.00367533,0.00327328,-8.38482e-05,9.95911e-05
0.0104685,0.00764594,0.00393837,0.00624193,0.00112329,0.000599757
0.00892913,0.00601177,0.00359828,0.00241576,-0.000236878,0.00113329
0.0087882,0.00643411,0.00366141,0.00199841,-0.00128649,0.00172313
0.013627,0.00755836,0.00660044,0.00444163,-0.000383441,0.0022079
0.0119143,0.00491174,0.00533936,0.00455159,-3.69049e-05,0.00112347
0.0112407,0.00773315,0.00584051,0.00933377,0.00107387,0.00155206
0.00421742,0.00301408,0.00225502,9.93945e-05,-0.000967485,0.00036011
0.00400741,0.00314229,0.00188206,0.000715812,-1.88264e-05,0.000442312
0.0106457,0.00713185,0.00505805,0.00735061,0.000374432,0.00118327
0.0134207,0.0094208,0.0075828,0.00703794,0.000545668,0.000884843
0.00834951,0.00568967,0.00328374,-0.00322867,0.000804255,0
0.00384225,0.00314856,0.00424382,0.00416285,0.0003058,0.0017067
0.0135052,0.00943946,0.00725473,0.00670646,-0.000595043,0.00129199
0.00803113,0.00553832,0.00527307,0.00712074,0.00063947,0.00251178
0.00833262,0.00318237,0.00425604,0.00461745,0.000712071,0.00207649
0.0351392,0.0218656,0.0133785,0.0113525,0.0028063,0.00152094
0.014978,0.00867623,0.00603833,0.00439984,0.00137181,-0.000594935
0.0114065,0.00511307,0.00490908,0.00273134,0.000665804,0.000568144
0.0100211,0.00693598,0.00370923,0.00248666,-0.000575613,0.00110418
0.0118135,0.00816905,0.00467638,0.00375224,0.00050791,0.000373937
0.0206469,0.013252,0.0105283,0.0119655,0.00273066,-6.15267e-05
0.0142138,0.0094196,0.00654269,0.00666924,0.000703482,0.000853359
0.0101194,0.00484259,0.00531015,0.00712813,0.000396864,0.000998705
0.0171969,0.0121356,0.00717861,0.0138346,0.00153692,0.00223241
0.0108256,0.00814308,0.00907604,0.0125572,0.0022121,0.00101081
0.00747995,0.00357884,0.00426416,0.00338275,0.000441437,0.00119959
0.00709588,0.00365289,0.00407899,0.00231524,0.000345489,0.000796902
0.00393486,0.00306661,0.00222447,0.000663066,-0.000851614,0.000526817
0.0156764,0.00711884,0.0132815,0.0182099,0.00445518,0.00128673
0.0147429,0.00648466,0.0114866,0.0154487,0.00443889,0.00117946
0.0070069,0.00463379,0.0120175,0.012122,0.00173393,0.00212276
0.0170652,0.0118859,0.00698048,0.00604114,0.000243197,0.000228433
0.00649922,0.00389741,0.0028503,0.00303756,0.000998868,0.000875292
0.0224914,0.0146331,0.0125656,0.0192722,0.00315543,0.00186879
0.0180919,0.0125425,0.00633055,0.0132979,0.000329918,0.0012889
0.00457899,0.00347176,0.00376168,-0.00193055,-0.000487291,-2.84646e-05
0.0220431,0.0155747,0.00909026,0.0123202,0.00274833,0.000705053
0.00573126,0.00431265,0.00314073,0.0010986,0.00122743,-0.000683699
0.0134311,0.00940852,0.00504174,-0.000821626,0.00129798,0.000886172
0.0131847,0.00896316,0.0043944,0.00442691,0.000433155,0.00211691
0.0150439,0.0106602,0.00586223,0.00431704,0.00040681,0.00100513
0.0132747,0.00909525,0.00357908,0.00758408,0.000889293,-1.37639e-05
0.0174569,0.0121781,0.00699275,0.00546499,0.00120709,0.00143465
0.0137473,0.00927287,0.00576996,0.00335542,0.000341958,-0.00079117
0.00679251,0.00431744,0.00481419,0.00223391,0.00128537,0.000767876
0.0140505,0.00960983,0.00371887,0.00610257,0.00126729,9.23316e-05
0.0138532,0.00957166,0.00644997,0.00728622,0.00104971,0.000433164
0.00910084,0.00619642,0.00426476,0.00396929,0.000962877,0.000458076
0.02153,0.0111614,0.00957594,0.0107903,0.00306316,0.000140082
0.0306818,0.0163662,0.0137008,0.0116688,0.00235679,0.000772794
0.0249198,0.0117042,0.0139792,0.0147256,0.00408711,0.00118462
0.0234896,0.0125137,0.0101694,0.00933954,0.00194588,0.00229977
0.0176788,0.00914013,0.00723698,0.00163604,0.000755459,0.00176769
0.0104085,0.00711459,0.00516267,0.00327165,0.000312255,0.00144018
0.0370348,0.0187313,0.0145976,0.0222273,0.00635685,0.00129223
0.0174096,0.00835975,0.00761482,0.00828483,0.00201276,0.00164562
0.00984514,0.0071505,0.00484676,0.00851485,0.00169714,0.00112649
0.0182133,0.0124908,0.00876218,0.0182338,0.00380041,0.00218184
0.0129718,0.00919622,0.00547923,0.00236238,0.00060583,0.000802036
0.00591658,0.00427805,0.0043222,0.00369897,2.33443e-05,0.00128494
0.0119631,0.00829075,0.0034412,0.00732703,0.000523092,0.00173789
0.00935262,0.00657034,0.00508829,0.00440017,0.000977613,0.000626628
0.0256504,0.013879,0.0177494,0.0166336,0.00323043,0.00114651
0.00584927,0.00456255,0.00248144,0.00297586,0.000650199,0.00189466
0.0133502,0.00764633,0.00431769,0.00619272,0.00182582,0.00253333
0.0179517,0.0103926,0.00505266,0.00669873,0.00255133,0.000348369
0.0158144,0.00841858,0.0133362,0.0104961,0.00190517,0.00194254
0.0155021,0.00712676,0.0116693,0.00879423,0.000568894,0.00148046
0.016009,0.0094807,0.00681533,0.0132532,0.00190206,0.00218279
0.00693035,0.00501061,0.00269533,0.00428354,0.000723308,0.00117284
0.00777682,0.00529144,0.00740647,0.00893387,0.0019098,0.00114991
0.0168148,0.0084608,0.00743552,0.00874548,0.00209876,0.00453298
0.0281884,0.016191,0.00979801,0.019574,0.00303601,0.00466175
0.00742912,0.00519918,0.00336072,0.00379795,0.000577117,0.00134383
0.0138266,0.0082746,0.00618246,0.0079536,-0.000666764,0.000456497
0.00529783,0.0037975,0.00263714,0.000653162,-0.000494867,0.000275201
0.0239428,0.0160506,0.00746904,0.0137085,0.00310782,0.00186177
0.0143379,0.00792571,0.00797146,0.00864437,0.00163866,0.00130652
0.0167759,0.00908837,0.00728761,0.0041346,0.00120911,0.00112346
0.0224858,0.0112807,0.00889367,0.0038722,0.00262807,0.000323905
0.0188509,0.0089081,0.00906504,0.00878833,0.00112496,0.000298986
0.00753981,0.00553838,0.00288396,-0.000849437,0.00065175,0.000352506
0.008631,0.00630616,0.00470184,0.00473112,0.00197773,0.00234395
0.0131624,0.00684599,0.00512178,0.0119199,0.0028264,0.00350876
0.0144978,0.00721711,0.00645622,0.00991749,0.00407103,0.00608206
0.007938,0.00559612,0.00377933,0.00302428,0.000743319,-0.000802936
0.0213104,0.00987544,0.00806784,0.0112434,0.00381889,0.00121193
0.0259271,0.0105428,0.0107651,0.0157667,0.00317606,0.000217066
0.00493976,0.00334372,0.0026465,-0.000102295,-0.000450242,0.0010946
0.0160681,0.0106792,0.00942812,0.0133715,0.00248499,0.00165569
0.0114808,0.00766662,0.00404142,0.00506243,-0.000970111,0.000151846
0.00876317,0.00622142,0.00312862,0.00945851,0.00133983,0.00197623
0.00565864,0.00388586,0.0016791,3.39211e-06,0.00107724,-0.000710386
0.00583173,0.00402998,0.00269284,0.00355991,0.00100367,0.0019837
0.0150525,0.0102552,0.00372619,0.00545744,0.000875281,0.000156091
0.0154937,0.0102772,0.00588056,0.00664402,0.00274522,0.000303526
0.0124441,0.00905361,0.00346101,0.00515385,-0.000340262,0.00196485
0.0106867,0.00758174,0.00927289,0.00638871,0.00251091,0.0026254
0.00610246,0.00443582,0.00254263,0.0026602,0.00114925,0.00155772
0.0209405,0.0130264,0.00894156,0.0216694,0.00791833,0.0197835
0.0168742,0.00962062,0.00432022,0.00965086,0.00240509,0.00315926
0.00921427,0.00474055,0.00470948,0.00809002,0.000502177,-0.000250636
0.00915137,0.00474514,0.00445438,0.00875319,0.000589975,0.00058719
0.0252363,0.0101497,0.00914789,0.0113203,0.00100178,0.00134827
0.0220206,0.0101645,0.00716694,0.0092997,0.00178494,0.000428264
0.0188853,0.00709318,0.0106901,0.00983558,0.00259354,-0.000107913
0.0189993,0.00712377,0.0107031,0.0137258,0.00218161,0.00122902
0.0144987,0.0101983,0.00557126,0.00926165,0.000140867,0.000151279
0.00439574,0.00326463,0.00226979,0.00514408,-7.86831e-05,-0.000872845
0.00761132,0.00506704,0.00245731,0.00646199,5.98697e-05,0.000355362
0.00774255,0.0050383,0.00315005,0.000110485,0.000649521,0.000519843
0.0155169,0.00694558,0.00834851,0.0126783,0.00221702,0.000265099
0.0129802,0.00891359,0.00225539,0.00387322,0.000191903,0.00037914
0.0178089,0.013389,0.0110658,0.0115745,0.00270161,0.000988001
0.0231349,0.0140623,0.0132167,0.0128204,0.00279229,0.000423142
0.00617681,0.00487434,0.00993093,0.00461319,7.18076e-06,0.00128397
0.00510753,0.00375374,0.00258559,-0.000442044,9.06838e-05,0.00174004
0.00539024,0.00337661,0.00248658,-0.00246343,0.000934722,0.000661191
0.00795089,0.00488134,0.00409533,0.00247924,0.0014145,-0.000927426
0.00615965,0.00430577,0.00274041,0.00237421,-0.000186571,-0.000191087
0.00922616,0.0064799,0.00377759,0.00460471,0.00141443,0.0017254
0.0251764,0.0169679,0.00767496,0.0113305,0.00219964,0.000804707
0.00619121,0.00354587,0.00358589,-0.000134241,0.000292105,-0.000689082
0.00424166,0.00331849,0.00320159,0.00180817,0.000608919,0.000347425
0.00778534,0.00512365,0.00464055,0.00556758,0.00166291,-7.56568e-05
0.00437054,0.00323146,0.00184521,-0.000197383,-5.89183e-05,-0.000405451
0.00478885,0.00345595,0.00206998,0.00375105,-0.000299758,0.00018558
0.0191016,0.00936711,0.00897094,0.00861545,0.00205085,0.000329705
0.0172559,0.00717803,0.0083508,0.00305275,0.00104901,0.00102352
0.01321,0.00873963,0.0080134,0.00923468,0.00272063,0.00156025
0.0169447,0.00947807,0.0109018,0.0108949,0.00134295,0.00234399
0.00582429,0.00357691,0.00344791,0.00269587,0.00039244,0.000857455
0.00888693,0.00364678,0.00440883,0.0088628,9.82821e-05,0.00129294
0.00953489,0.00506546,0.00398203,0.00448771,-0.000484605,0.000389117
0.0109503,0.00747271,0.00341067,0.000985214,0.000442724,-0.000441214
0.00807264,0.00527961,0.00341576,8.89625e-05,0.000824959,-0.000858746
0.013081,0.00699076,0.00444806,0.0101176,0.000792964,0.00100582
0.00845385,0.00364314,0.00336265,0.00628369,-5.31529e-05,0.00219368
0.0226343,0.00901495,0.0101834,0.0117788,0.00120517,0.00249714
0.0235301,0.00896887,0.00999982,0.012458,0.00125906,0.00192518
0.00798604,0.00553972,0.00300746,0.00821772,7.66425e-06,1.1435e-05
0.0187575,0.0128399,0.00820478,0.0117308,0.0021644,0.00039213
0.0159826,0.0115308,0.0162941,0.0134835,0.00276842,0.00376848
0.0274372,0.0113843,0.0133394,0.0106734,0.00330184,0.00178906
0.0280091,0.011331,0.0133298,0.0103908,0.00211629,0.00105697
0.00614118,0.00367751,0.00388612,0.0013827,0.00130192,0.000841137
0.0134442,0.00758466,0.00522465,0.0053421,2.41606e-05,0.000946351
0.0084095,0.00591039,0.00631085,0.00404278,0.00144696,0.000321688
0.00842501,0.00542613,0.00466749,-0.000527896,6.95742e-05,0.000128775
0.0137084,0.00706035,0.00653801,0.000862688,0.000755416,0.000178138
0.0100188,0.00424311,0.00415367,0.000668285,0.000760896,-0.000324132
0.0108294,0.00736085,0.00391423,0.00422569,0.000343928,0.000837863
0.0196992,0.0129694,0.0270967,0.0318698,0.00527848,0.00321674
0.00433482,0.00318181,0.0039321,0.0014038,6.84995e-05,0.00129819
0.00604053,0.00454664,0.00329426,0.00981285,0.00285417,0.0106898
0.00756534,0.00515981,0.00231466,0.00284229,0.000530945,0.00112186
0.0138409,0.00953049,0.00773138,0.0153758,0.00289172,0.000213476
0.00684192,0.00451541,0.00337326,0.00807057,0.000589101,9.49784e-05
0.00411528,0.00311747,0.00268953,-0.00169784,-0.000281352,-0.000599811
0.00892013,0.00632048,0.00355362,0.00549134,0.000945922,-0.000121886
0.00832353,0.00556998,0.00449412,0.00269823,0.000113359,-0.000420748
0.0158789,0.0106526,0.00516475,0.0034085,0.000454452,0.00147784
0.00771496,0.00536059,0.00324062,0.00174918,0.000269643,0.00206071
0.00913312,0.00662069,0.0046372,0.00315178,-0.000327647,0.000810303
0.0125903,0.00908265,0.00622905,0.00706616,0.000457506,0.00085232
0.0156755,0.00734715,0.00508304,0.0034088,0.00127116,0.00128121
0.0219488,0.0134356,0.0115371,0.0122645,0.00320789,0.00298578
0.00672659,0.00409723,0.00302642,0.00144374,-0.000812698,0.000486473
0.0048942,0.00370606,0.0022672,0.00911456,0.000690159,0.00152449
0.0155092,0.0105116,0.00818958,0.011403,0.00181807,0.00141586
0.0109377,0.00684896,0.00481083,0.00598647,0.000640931,0.000995235
0.0151579,0.0105489,0.00773903,0.00606596,0.000572108,0.000856287
0.00561897,0.00430123,0.00132157,0.00289658,-0.000182091,-0.000168418
0.00783065,0.00533718,0.00446267,0.00687151,0.0010422,0.000993931
0.0101449,0.00716675,0.00401795,0.011593,0.00202615,0.00502758
0.00887443,0.00589476,0.00395849,0.00842315,0.000624427,-0.000991232
0.00407747,0.00326158,0.00241347,-3.24789e-05,6.14695e-05,3.22968e-05
0.0167425,0.00961282,0.00677598,0.00763226,0.00106241,-0.00085031
0.00620911,0.00430289,0.00360273,0.00345954,0.00142304,0.000815474
0.00572415,0.00382037,0.00238694,0.0012144,0.000364999,-0.000149815
0.0115926,0.00758288,0.00590689,0.007724,0.00302366,0.00441528
0.00928247,0.00699742,0.00568967,0.00624584,0.000729304,0.00110664
0.00425997,0.00302266,0.00176186,0.00584524,-0.000336319,5.59905e-05
0.00506612,0.00381391,0.00194476,0.00514008,-0.000842829,0.00132483
0.00504651,0.00368555,0.00265602,0.00260102,0.000729147,0.00034457
0.00570753,0.00389589,0.00256996,-7.21869e-05,-0.000456479,0.00014513
0.00625229,0.00433094,0.00335372,0.00421048,-0.0010086,0.0021123
0.00615311,0.00439799,0.0030232,0.000476881,0.00116407,0.00197667
0.00438104,0.00312568,0.00325776,0.00451323,0.000734421,-0.00117692
0.0148719,0.00999334,0.00349521,0.00688348,0.00144967,0.000956084
0.0139937,0.00691583,0.0146372,0.0194714,0.00507866,0.00213576
0.0145613,0.00696216,0.0160274,0.0185466,0.00468372,0.00229817
0.0180856,0.00891449,0.00864793,0.00983928,0.00120213,-0.000238662
0.0205558,0.00997169,0.00946437,0.00810598,0.000471625,0.000765064
0.0279419,0.0107288,0.0108556,0.0137719,0.00193825,0.00323258
0.0295682,0.010643,0.0113743,0.0139119,0.00187416,0.0034115
0.025232,0.0153589,0.0165673,0.016353,0.00351261,0.00211289
0.0309774,0.0165982,0.0189586,0.0191867,0.00383852,0.00306158
0.00470603,0.00357215,0.00153238,0.00504454,-0.000157031,0.00032712
0.0253756,0.0177501,0.00769992,0.0104981,0.00208169,0.000657692
0.0067687,0.00482039,0.00277269,0.00140965,-0.000310325,0.0008224
0.00611559,0.00465001,0.00301521,0.00315463,0.00166659,-0.000362831
0.00849358,0.00534354,0.00308653,0.00400162,-0.000165266,0.000206064
0.00904485,0.00618569,0.00611609,0.00211725,0.000655537,0.0011313
0.00656989,0.00464768,0.00571595,0.00349995,0.00367058,0.000722703
0.0091558,0.00670668,0.0058135,0.00631729,-1.26619e-05,-0.000602079
0.0091272,0.00660285,0.0035715,0.00778036,0.00140731,0.000606191
0.0102976,0.00762846,0.00527423,0.00599461,0.000888389,0.000904133
0.00737477,0.00481757,0.00575066,0.00671814,0.00141399,0.000882466
0.0137264,0.00796146,0.0130627,0.0127721,0.00308327,0.00146094
0.00911707,0.00457117,0.0051715,0.00419592,0.000405589,0.00145674
0.0150101,0.00871596,0.00635867,0.00554633,0.00073423,0.00137667
0.0101962,0.00732636,0.00377566,0.00618506,0.00138268,5.03851e-05
0.00853191,0.00583459,0.00406694,-0.000157299,0.000474047,0.000743426
0.0256239,0.0143943,0.0115906,0.0150657,0.0044448,0.00568847
0.0187306,0.0127225,0.00933302,0.00765279,0.00114621,-0.000467434
0.00832373,0.00593405,0.00237838,0.0056398,-0.000245301,-0.0002874
0.0051298,0.00370914,0.00806568,0.00424404,-0.000173404,0.000258835
0.00411074,0.00324423,0.00252089,0.00182111,0.000709567,0.000840369
0.00624564,0.00417777,0.00245277,0.00795877,0.00330728,0.00498975
0.008183,0.00558841,0.00313481,0.00114019,0.00039622,-0.000291117
0.0230649,0.0126025,0.0113808,0.00969742,0.00313213,0.00187988
0.0167861,0.00976984,0.00765633,0.0080845,0.00140404,5.42901e-05
0.00831933,0.00601315,0.00365484,0.000968102,0.00141658,0.00113308
0.0136187,0.00925446,0.0063434,0.00523079,0.00156887,0.00208624
0.0181388,0.00904397,0.0069532,0.00874357,0.00168479,0.00206162
0.0186424,0.00906981,0.00687363,0.00822214,0.0019254,0.00213581
0.0234314,0.00963591,0.010631,0.0128818,0.00216318,0.00186096
0.0243399,0.00972482,0.0108187,0.011138,0.00216219,0.00231357
0.0075262,0.00504962,0.00333252,0.00329883,0.000132759,0.00027021
0.0223123,0.0127576,0.0167983,0.036028,0.00965423,0.00280903
0.0180914,0.0120135,0.0128433,0.0185975,0.004207,0.0010448
0.00567303,0.00372372,0.00228559,-0.000411681,4.46388e-05,-0.000424419
0.00926262,0.00478511,0.00397124,0.0108125,0.00218527,0.000953371
0.00461844,0.00339699,0.00267148,-0.00334154,0.000419063,1.66223e-05
0.00447427,0.00355299,0.0021554,0.00185395,0.000302351,7.5165e-05
0.0103869,0.00682468,0.00795869,0.00830237,0.00149153,0.00111465
0.012107,0.00857184,0.00468919,0.00779496,0.00194569,0.00237577
0.00910584,0.00624096,0.00339025,0.00418582,0.000891054,-0.000118516
0.0146476,0.0104252,0.00830053,0.00400519,0.000802436,0.000973217
0.0183984,0.00994731,0.00869251,0.00990748,0.00307169,0.00234084
0.015291,0.00570616,0.00679773,0.0059211,0.00133316,0.000671931
0.0195065,0.0130253,0.00829639,0.0050415,0.000864981,2.95962e-05
0.00849077,0.00584888,0.00380547,0.00683704,0.00060366,0.000212882
0.0116837,0.0075149,0.00454664,0.00788034,0.000524454,0.00104461
0.021512,0.0147304,0.00612171,0.00944964,0.000914372,0.000737314
0.00748833,0.00408247,0.00424979,0.00139173,0.000681668,0.000346819
0.025576,0.011375,0.0113051,0.00926569,0.00163488,0.00226536
0.00795709,0.00384019,0.00416308,0.00321089,0.000777629,0.000548559
0.00795213,0.00394116,0.00402537,0.00139985,0.000883459,-7.71079e-05
0.0204945,0.0106212,0.0100038,0.0071766,0.00144196,0.00144128
0.0362374,0.0143343,0.0176454,0.0206771,0.00429406,0.00286489
0.0286507,0.0165239,0.0130523,0.0194311,0.00314043,0.00182662
0.0256803,0.0126043,0.0135289,0.0139809,0.00320312,0.00340127
0.0247359,0.0111822,0.0128816,0.0144309,0.00164291,0.00188796
0.0126932,0.00889518,0.00392803,0.00406109,0.000541784,0.0012969
0.0167211,0.0112624,0.00844917,0.00620137,0.00141959,0.000608095
0.0150821,0.0106309,0.00499481,-0.000175394,0.00124035,0.000817713
0.00581289,0.00434989,0.00158215,0.00155062,0.000320407,0.000965834
0.015561,0.0105319,0.00685523,0.00228007,0.000935188,0.00116136
0.00775877,0.00567133,0.00277698,0.00545205,0.000516571,-0.000205173
0.021163,0.00959982,0.0065996,0.0105281,0.00137976,0.000633514
0.0227483,0.0096166,0.00676878,0.00817321,0.00148518,-3.29104e-05
0.0306972,0.0202348,0.0161712,0.0156216,0.00318135,0.00435092
0.0179154,0.0104799,0.00543263,0.0107808,0.000722411,0.000282516
0.016627,0.0112934,0.00804261,0.00891623,0.00117482,0.000742852
0.01908,0.0130261,0.00788657,0.0056335,0.000347363,-0.000237602
0.00615357,0.00430114,0.00323224,-0.00272411,0.000288942,-0.000569241
0.0042769,0.0031184,0.00243641,0.00198168,-3.24576e-05,0.00169807
0.00434998,0.0033599,0.00157334,-0.00133415,4.09702e-05,0.00275953
0.0160936,0.00995041,0.0108102,0.0258216,0.00429717,0.011602
0.0127324,0.00729592,0.00452764,0.00765778,-0.00023256,0.000353227
0.00692283,0.00469905,0.00195749,0.00574431,0.00125011,-0.00105815
0.0150963,0.0104944,0.00633271,0.00874667,0.000111261,0.00114815
0.0221795,0.0107928,0.0113413,0.0128985,0.00472693,0.00186284
0.0246215,0.012372,0.0140135,0.0145059,0.00448043,0.00238701
0.0097208,0.00626052,0.00522159,0.00522734,0.000615944,-0.000811789
0.023642,0.0128674,0.0130308,0.016568,0.00363101,0.00296427
0.00650032,0.00472932,0.00332789,0.000635526,0.0010572,0.000896725
0.0104588,0.00586668,0.00924334,0.0105386,0.00100599,0.000996359
0.0174193,0.0121002,0.00778736,0.0076868,0.00280171,0.000508185
0.01487,0.00781838,0.00711938,0.00353536,0.000920968,0.000620085
0.0123233,0.0086931,0.00622544,0.00613273,0.00162124,-0.000196836
0.0107121,0.00510113,0.00610637,0.00820036,0.00146226,0.0012093
0.00580243,0.00435791,0.00237711,-8.99478e-05,0.000183878,0.00177057
0.0141473,0.00947303,0.00259979,0.00643624,0.000932535,0.000943813
0.00625728,0.00424197,0.00280647,0.00265923,0.000525515,-0.000650027
0.00993708,0.00539922,0.00448855,0.00169342,0.00169779,0.00107711
0.0105244,0.00534905,0.00471174,0.00243956,0.00164316,0.000722568
0.0136677,0.00679179,0.00425754,0.00527326,0.00182525,0.00023507
0.0154466,0.00774919,0.00456668,0.00722963,0.0012443,0.00125962
0.0243422,0.0165803,0.00947906,0.00572671,0.00082396,0.0023738
0.0117579,0.00811808,0.00393739,0.0116424,-4.43503e-05,0.0014129
0.0151085,0.00708575,0.00607186,0.00745016,0.000803805,0.00206352
0.0180467,0.00939329,0.00811889,0.0102989,0.0018057,0.00171387
0.00723063,0.00431735,0.00307571,0.00938977,0.00208484,0.000132473
0.0208415,0.00835699,0.00807994,0.00727572,0.00100293,0.000644715
0.020615,0.00837318,0.00798624,0.0110496,0.000673224,0.000762771
0.0266168,0.0143654,0.017431,0.0193686,0.00352298,0.00422538
0.027844,0.0142242,0.018181,0.0205294,0.00375758,0.0044031
0.0220521,0.0124856,0.0072861,0.0151718,0.0025754,0.0010171
0.0158685,0.0110918,0.0074306,0.00825951,0.00225687,0.00206735
0.00943141,0.00638081,0.00318731,0.00442228,-0.000655273,-0.000761694
0.00555748,0.0042072,0.00295078,0.00429611,-0.000186971,0.00123672
0.0142628,0.00862668,0.00489753,0.00653444,0.00123442,0.000903138
0.016442,0.00786745,0.00766191,0.00705643,0.00179068,0.00121471
0.0203397,0.0141193,0.0073074,0.0128748,0.00499529,0.00803026
0.0138769,0.00992771,0.00439853,0.00394988,0.000511441,0.000461852
0.00479206,0.00327459,0.00345286,0.0035818,0.000462978,0.00012265
0.0139339,0.00870567,0.00588798,0.0207863,0.00370469,0.00969177
0.0157276,0.0104214,0.00838318,0.0121496,0.00208994,0.00217796
0.00679881,0.00463986,0.00278651,0.000893418,0.00011679,-0.000126579
0.0080368,0.00421764,0.00450983,-0.000145736,-0.000402147,0.000657539
0.00852956,0.00415055,0.00447856,0.00277488,-0.000149659,0.00097292
0.0221964,0.0119607,0.00986115,0.0168738,0.00224652,-0.000554531
0.0295218,0.0124972,0.0234107,0.0303335,0.0054146,0.00536754
0.00754277,0.00518883,0.00408986,0.00296912,0.000939589,0.000657278
0.0104087,0.00691948,0.00328604,0.00651801,0.00204301,-3.0287e-05
0.0096347,0.00650791,0.00534129,0.0120154,0.00133239,0.00103079
0.0055984,0.00384036,0.00284669,0.00306865,-0.000119957,-0.000206205
0.00689255,0.00508728,0.00270485,0.00361418,-0.000494818,0.00052138
0.0212064,0.00928765,0.0088676,0.0140278,0.00506505,0.00803829
0.0206399,0.00931294,0.00885451,0.0118362,0.00429579,0.00622976
0.0056835,0.00427028,0.00325848,0.00159113,-0.000201723,-0.000785345
0.0141584,0.00973709,0.00401003,0.00567472,0.00209326,-0.000103018
0.029443,0.0145036,0.0163752,0.0148935,0.00539408,0.00725042
0.0103464,0.00712389,0.00510046,0.00955826,0.000115736,0.00023375
0.0111524,0.00742669,0.00764052,0.0020723,0.00120515,0.00182167
0.0110281,0.00786608,0.00349707,0.00497685,0.000662482,0.00122056
0.0191152,0.00765993,0.00851962,0.0066929,0.00211765,0.00439408
0.0202241,0.00819984,0.00889641,0.00937743,0.00179559,0.00376941
0.0244913,0.015504,0.00904814,0.0180632,0.00465066,0.00687557
0.0104111,0.00760368,0.00281877,0.00179778,0.000882096,-0.000649107
0.00668357,0.00489085,0.00569901,0.00357002,0.00253959,0.00148871
0.00512058,0.00353582,0.00216706,0.00437457,0.00035315,0.00102965
0.0170059,0.0118771,0.0118269,0.0129318,0.00347648,0.00257052
0.0159116,0.0101543,0.0130491,0.0270143,0.0083218,0.0209971
0.0180581,0.0094043,0.00598184,0.00981807,0.00117432,0.000684252
0.0075351,0.00474223,0.0033452,0.00699744,0.000263922,0.0012145
0.00765948,0.00527167,0.00337722,0.00287897,0.000759199,0.000287851
0.01237,0.00561516,0.00590469,0.00328141,0.00100631,0.000408239
0.0114409,0.00492693,0.00488176,0.00356655,0.00104,0.000836763
0.0257949,0.0171829,0.00948636,0.01399,0.00298264,-0.000140482
0.0129322,0.00894106,0.00592295,0.00628954,0.00237056,0.00095409
0.00724487,0.00545528,0.00434316,0.00539282,0.00200209,0.00106397
0.0111533,0.00548714,0.00507328,0.00122713,0.00192965,-0.000813406
0.00471202,0.00353563,0.00128107,0.00336379,0.000398862,-0.000105506
0.0120402,0.00862358,0.00498815,0.0121744,0.00561147,0.0128461
0.00839192,0.00573378,0.00495657,0.013121,0.00409946,0.0114286
0.0169218,0.0114994,0.00926316,0.00841533,0.00297698,0.000705566
0.0102057,0.0061014,0.00590386,0.00423251,0.000495244,0.00043747
0.0100647,0.00668807,0.00557482,0.00703823,0.00136355,0.00121147
0.0111252,0.00787075,0.00501006,0.00804122,0.000341317,9.83339e-05
0.0169257,0.010199,0.00690497,0.00657881,0.000907837,0.000543245
0.012119,0.00592895,0.00560864,0.00375194,0.00100401,0.00025951
0.00760772,0.00494125,0.00298163,0.00216344,0.000679762,0.00110952
0.00810643,0.00541648,0.00305277,0.000110532,0.000130092,0.00132655
0.00762175,0.0055247,0.00440997,0.00884921,0.00103269,0.00223625
0.00628725,0.00346985,0.00319749,0.00548222,4.12646e-05,-6.89934e-05
0.015678,0.00641997,0.00699483,0.00690186,0.00216013,0.000540305
0.0145745,0.006336,0.00657632,0.00447074,0.00236794,0.000341449
0.00764268,0.00536082,0.00362124,0.00284017,-0.000266499,-0.00078374
0.00907991,0.00640012,0.00763423,0.000799864,0.000728,0.000387009
0.0205891,0.0138966,0.0095728,0.00855517,0.00176138,5.37677e-05
0.0118787,0.00804851,0.0032924,0.00533833,-0.000600063,0.000848187
0.0157807,0.00931941,0.00723808,0.0207406,0.00719484,0.0171597
0.0139313,0.00772611,0.00799865,0.0258174,0.00879374,0.0177645
0.021371,0.00870839,0.00903468,0.0112261,0.00168059,0.00201519
0.0353329,0.0179051,0.0249222,0.0396787,0.0101725,0.0200043
0.0136764,0.00576603,0.007213,0.0171769,0.00336776,0.00543142
0.00786445,0.00565846,0.00361546,0.00129785,0.000703483,5.74681e-05
0.0063942,0.00494421,0.00516944,0.00296332,0.000980053,0.000356861
0.0176232,0.00798769,0.0166584,0.0288504,0.00614368,0.00314518
0.0190178,0.0089811,0.020025,0.0289537,0.0049998,0.00330055
0.021514,0.0147576,0.0064271,0.008192,0.000850221,3.78765e-05
0.0057276,0.00352525,0.0026786,0.00485376,0.00080003,-0.000331033
0.00711916,0.00366604,0.00224049,-5.02333e-05,0.000817377,2.15756e-05
0.0148922,0.0104108,0.00486206,0.00341144,0.00162189,0.000797587
0.0115524,0.00779002,0.00332587,0.00573264,0.000768511,6.65214e-05
0.0161052,0.0110891,0.00433942,0.00561519,0.00108297,0.00158486
0.00519077,0.00351613,0.00195066,0.00373468,0.00115749,0.00358253
0.00505178,0.00409907,0.00254097,0.00732387,0.000520984,-0.000867079
0.013868,0.00981198,0.00551589,0.00704645,0.00115673,3.15119e-05
0.00864058,0.00634484,0.00403687,0.00619481,0.0012524,-0.000546945
0.00891902,0.00632374,0.00356553,-0.000610447,4.6885e-05,0.00203219
0.00610473,0.0044107,0.00435129,0.0081019,0.00203348,0.00124026
0.0125885,0.00539269,0.00440303,0.00870883,0.00105021,0.000887729
0.00607335,0.00418435,0.00211514,0.00428115,-0.000108037,0.000403335
0.00882767,0.00569419,0.00529518,0.0031272,-9.44562e-06,0.00190082
0.0298432,0.0176522,0.0112105,0.0143959,0.00168888,0.00221339
0.00599852,0.0043362,0.0024688,0.00549063,0.00119775,0.000676457
0.01278,0.00893119,0.00436851,0.00862975,0.000684954,0.00097306
0.00832343,0.00602121,0.00407315,0.00107989,-0.000499697,-0.000883658
0.0130444,0.00928329,0.00409226,0.00814495,5.53495e-05,-0.000331458
0.0189698,0.0110856,0.00842639,0.00834839,0.00253065,-0.000788431
0.0164558,0.0050771,0.00760971,0.00717082,0.00112334,0.00157766
0.0125146,0.00499664,0.00578602,0.0030694,0.000847824,0.00211229
0.00835212,0.00630261,0.00388393,0.00439125,0.00164902,-0.00100359
0.00795565,0.00558288,0.00375928,0.0141657,0.00182526,0.00751018
0.0202088,0.0122118,0.0094338,0.00981786,0.00195397,0.000215803
0.004458,0.00329695,0.00220443,0.0062231,0.000299454,0.00078268
0.0133632,0.00917553,0.00490442,0.00167541,0.00099358,-2.93139e-05
0.00419962,0.0029839,0.00203314,0.00367936,8.50171e-05,0.000196016
0.013173,0.00842447,0.00445797,0.00287978,0.000713365,-0.000226665
0.0182289,0.0078721,0.00714021,0.00624587,0.000808875,0.00126019
0.0208834,0.00860977,0.00879692,0.00863977,0.00208995,0.000709581
0.0119805,0.00460876,0.005327,0.00663589,0.00203333,-0.000944095
0.0176801,0.0118622,0.00811509,0.00794427,0.00143625,0.00194707
0.0137941,0.00804041,0.00564159,0.00968375,0.00137993,0.00215941
0.0137881,0.00735536,0.00413537,0.00828298,0.000729013,0.00159618
0.0141641,0.0100382,0.00433829,0.00594972,-0.000140162,-8.84018e-05
0.00434459,0.0033578,0.00182602,0.00266946,0.000627944,0.00146876
0.0238604,0.0162869,0.0130659,0.0235787,0.00337574,0.00152926
0.0132016,0.00932761,0.00699737,0.0136304,0.00199132,0.00122482
0.0195584,0.0138991,0.00800889,0.0175661,0.00463652,0.00741765
0.00742529,0.00506417,0.00533505,0.00449107,0.000965777,0.00110365
0.00709119,0.00541238,0.00344811,0.00560023,0.00025473,0.00212887
0.0135213,0.00968842,0.00510271,0.00595091,0.00110583,0.000307878
0.00608341,0.00447754,0.00272002,0.00315516,7.70871e-05,0.00268145
0.00590894,0.00318061,0.00342938,0.0174834,0.00783103,0.0180252
0.0165336,0.010897,0.00591723,0.00643385,0.00222012,0.00103216
0.00568004,0.00417347,0.00139604,0.00253138,0.000740934,0.00171911
0.00890979,0.00641405,0.00398439,0.00558876,0.00113682,0.00136071
0.00506327,0.00373104,0.00266365,0.00336379,-0.00119031,-6.92211e-05
0.0131226,0.00907788,0.00531959,0.00889406,0.00192767,0.000374674
0.0252507,0.0130156,0.00971079,0.0122664,0.00280567,0.000810729
0.027343,0.0129634,0.00963834,0.0150409,0.00381368,0.00106679
0.00680139,0.00452226,0.00257132,0.000960999,0.00102536,0.000328953
0.0182203,0.0123421,0.00788934,0.00557536,0.00122855,-0.000755832
0.00815199,0.00598322,0.00708481,0.00710873,0.000877503,0.0015738
0.00495913,0.00357388,0.00289324,0.00567948,5.8531e-05,0.000444368
0.0189295,0.00864147,0.0115295,0.0246756,0.0042791,0.00388837
0.0208295,0.00885386,0.0119904,0.0218185,0.00313778,0.00312328
0.00846394,0.00423508,0.00316075,0.0059664,0.00032064,0.000515476
0.00925989,0.0062998,0.00822349,0.0105295,0.00153742,0.00137869
0.024022,0.0105769,0.0128967,0.00900255,0.00209327,0.00116119
0.022068,0.00944036,0.012657,0.00543179,0.00100508,-0.000313824
0.0167411,0.0112853,0.0086879,0.00489189,0.00225138,0.00104988
0.011858,0.0065083,0.00751837,0.00538907,0.00086046,6.56888e-05
0.0132931,0.00907642,0.004966,0.00867395,0.00180406,0.000414712
0.0138792,0.00899729,0.00584164,0.00424191,0.00121101,0.000180189
0.00423166,0.00343242,0.00214132,0.00180674,-7.74149e-05,-0.000222791
0.0145931,0.0101492,0.00777657,0.0129467,0.00237982,-0.000359446
0.00715015,0.00465798,0.00225749,0.0048912,-3.47278e-05,0.0021205
0.0154164,0.00643322,0.00837458,0.00929932,0.0025659,0.00118703
0.0161438,0.00727297,0.00786656,0.00488956,0.00126035,0.000303114
0.011617,0.00810637,0.00583635,0.00417025,0.001806,0.000498389
0.0109877,0.00764252,0.00384348,0.00291528,-0.000221135,0.000327899
0.00607531,0.00304089,0.00283558,-0.00107173,-0.000487772,0.0017169
0.00770696,0.00477205,0.00406105,0.00467346,-0.00031716,0.00128538
0.0120318,0.00822221,0.00451382,0.00901728,0.0010876,0.00225158
0.00972942,0.00680549,0.00399945,0.00975467,0.00263613,0.00204723
0.0238364,0.0144896,0.00890173,0.0131816,0.00351964,0.0012321
0.0237417,0.0114426,0.00850444,0.0138786,0.0033765,0.00164645
0.0112679,0.00823841,0.00504738,0.00450659,-0.00104284,0.000781364
0.00448812,0.0030923,0.00313608,0.00212429,4.53311e-05,0.000811676
0.010909,0.00764031,0.00389932,0.00675002,0.00156034,-0.000551913
0.00551434,0.00401273,0.00261816,0.00287317,0.000969233,0.000499548
0.0202433,0.0136047,0.00634325,0.00867319,0.00163873,0.00139027
0.0090133,0.00461802,0.00506474,0.00857355,0.00071075,-0.00011303
0.00688717,0.00312807,0.00431086,0.00487937,0.00118496,0.000390161
0.0126658,0.00870336,0.00762722,0.00588022,0.00129808,0.000781603
0.0105969,0.00699457,0.00574358,0.00595163,0.00052392,0.00174383
0.00801972,0.00548918,0.00364386,0.00928122,0.000845015,0.000235321
0.0111435,0.00802561,0.00512914,0.00772527,0.00234541,0.00159891
0.0108614,0.00766755,0.00270544,0.00686201,0.00102551,-0.00164673
0.0230988,0.0155075,0.00796183,0.00291018,0.00134859,-0.000156468
0.00508867,0.00360593,0.00225548,0.0021722,-0.000191022,0.0001456
0.0135104,0.00970102,0.00505187,0.00876055,0.00141538,0.000649789
0.00939468,0.00656685,0.00339561,0.00376124,-4.45665e-05,0.000252907
0.0152541,0.0078061,0.00906566,0.00861536,0.00142319,0.000600352
0.013998,0.00731404,0.00880763,0.00771572,0.00113063,0.000922495
0.00849627,0.00617612,0.003331,0.00205185,0.000461036,0.000410849
0.0263709,0.0170435,0.0155958,0.0306461,0.0083348,0.00481709
0.00843518,0.00459831,0.00337536,0.0256856,0.00771243,0.0229319
0.00562718,0.0041651,0.00232248,0.00265527,0.000102952,0.00070199
0.0155976,0.0109859,0.0041292,0.0106611,0.000768463,0.00193771
0.0182218,0.0118896,0.0145024,0.0143337,0.00161339,0.00161223
0.00717276,0.00522143,0.00406594,0.00691313,0.00060635,0.00112592
0.0163649,0.00821853,0.00816634,0.0100329,0.00253548,0.000595101
0.0165114,0.00652289,0.00715097,0.00759376,0.00104452,-0.000150651
0.0062192,0.00472126,0.00235383,0.00375202,0.000517533,0.000228193
0.00389098,0.00303945,0.00201768,0.00600703,-2.15428e-05,-0.000711997
0.014844,0.00935332,0.00766639,0.0069951,0.00136928,0.00140686
0.00836351,0.00583477,0.00316587,0.00547932,-8.17918e-05,0.000317671
0.00591951,0.00433528,0.00288974,-0.000978146,0.000805379,0.00134203
0.00715365,0.00495318,0.00242471,0.00241606,0.000874075,8.76802e-05
0.00538578,0.00387377,0.00590361,0.00937557,0.000900028,4.6236e-05
0.0422127,0.021158,0.0211434,0.0253973,0.00533139,0.00356413
0.0093904,0.00663629,0.00333827,0.00392444,0.000811562,-0.00224439
0.0124458,0.00941009,0.00527891,0.00636396,0.00109189,0.00117198
0.0158976,0.00593725,0.00792003,0.00847926,0.00152535,-0.000399731
0.0161111,0.0107971,0.0039068,0.00700213,0.000754032,0.000446553
0.0155246,0.00764873,0.00395029,0.000691526,0.00145386,0.00120098
0.0154936,0.00757832,0.00401895,0.00406914,0.00202843,0.000310511
0.00602098,0.00427203,0.00323213,0.00141806,0.00110559,0.000938909
0.0093796,0.00693308,0.00469395,0.00199403,0.00164351,0.00158227
0.0113617,0.00784804,0.00515899,0.00632964,0.00105909,0.00166993
0.0210905,0.011125,0.00949168,0.0128112,0.00270965,0.0016457
0.0211375,0.0102808,0.0114498,0.0153242,0.00199145,0.000462659
0.0146026,0.0102193,0.0043817,0.00645521,0.00142943,0.000635064
0.0131117,0.00951176,0.00978251,0.00188433,0.000656939,0.000924992
0.0285852,0.0204286,0.018669,0.00931086,0.0029691,0.000269937
0.00809508,0.00603315,0.00183733,9.11182e-05,0.000273751,-0.000476862
0.0164392,0.0121222,0.00364536,0.00649667,0.00203372,0.000331143
0.021249,0.0140508,0.01019,0.0261255,0.00826585,0.0132663
0.005835,0.00447914,0.00326804,-0.000340185,-2.97247e-05,-0.000488922
0.0141336,0.00985661,0.0113116,0.0141205,0.004956,0.00160957
0.015491,0.0106502,0.00564271,0.00447646,0.00150823,0.00198404
0.00769527,0.00557511,0.00272274,0.00439917,-0.000385595,0.000470639
0.0266774,0.0168855,0.0117049,0.00742623,0.00344532,0.00230907
0.0236341,0.0167748,0.0120347,0.0128397,0.00330637,0.0015211
0.0139378,0.00830277,0.00761126,0.00745151,0.00196749,-0.000258572
0.0163672,0.0107424,0.00594596,0.00774828,0.00118022,0.00105727
0.0157776,0.00602192,0.00672956,0.00741236,0.00269504,-0.000494385
0.0287915,0.0164048,0.0123779,0.0175466,0.00365858,0.00114648
0.00408619,0.00316635,0.00229019,0.00278143,0.000569422,0.000679803
0.0287147,0.0194533,0.0193523,0.0237675,0.0041453,0.00463937
0.00752706,0.00544917,0.00311596,-0.000930006,-0.000316357,0.000268282
0.00775645,0.00571799,0.00420728,0.000304838,-0.000300787,0.000265146
0.00579509,0.00413074,0.002489,-0.00021841,0.000294308,1.40976e-05
0.0105106,0.00620317,0.00388875,0.00741903,0.0010893,0.00276056
0.0083422,0.00599809,0.0031063,0.00347088,-2.53713e-06,0.00137591
0.0150112,0.00584079,0.00719348,0.0144645,0.00280299,6.6787e-05
0.0157194,0.00599658,0.00761145,0.0128492,0.00295538,-0.000336145
0.0136635,0.00948277,0.00325627,0.00247471,0.000783168,0.000781208
0.00390021,0.0031467,0.00217934,0.00411654,0.00116803,-0.000525516
0.0107123,0.00771079,0.00574408,0.00443716,0.000529004,0.00113891
0.012891,0.00849426,0.00498629,0.00461459,0.00255782,0.00167956
0.00593074,0.00406505,0.00228351,0.000435111,0.000284373,0.000801981
0.0177681,0.0110261,0.00909675,0.0163914,0.00260347,0.00157664
0.00755288,0.00422036,0.00447645,0.00564273,0.000897496,0.00263687
0.00590571,0.003048,0.00346792,0.00220181,-0.000278719,0.000224698
0.0103493,0.00505682,0.00671616,0.0103105,0.00200663,0.00255219
0.0138901,0.00860826,0.0120273,0.0163021,0.00239861,0.000515062
0.00857826,0.00612406,0.0102135,0.00796888,0.00215722,0.00107763
0.0257097,0.0173503,0.00680848,0.0103521,0.00271755,0.00177773
0.0158438,0.00693833,0.00524039,0.00141918,0.000745915,0.00139555
0.0179462,0.00822044,0.00584749,0.0029367,-7.40396e-05,0.000260917
0.011332,0.00817281,0.00757842,0.00528459,0.00152456,0.000333076
0.0318339,0.0157345,0.0293409,0.0669562,0.0201524,0.0392885
0.0419108,0.0199959,0.0373841,0.0743044,0.0212275,0.0429055
0.010286,0.00693297,0.00498732,0.00609607,-0.000331915,-0.000110202
0.0506573,0.0244293,0.0186424,0.0259528,0.00634184,0.00496318
0.00796663,0.00585004,0.00219202,0.00791024,-0.000494851,0.000644109
0.0172888,0.0118028,0.00508261,0.00358302,1.0841e-05,0.000462433
0.0159075,0.00952774,0.00929286,0.0164145,0.0029904,0.000669309
0.00510524,0.00347848,0.00207883,0.00509672,0.000590314,-0.000561584
0.0195551,0.0133809,0.00894871,0.01266,0.0016006,0.000601168
0.0159768,0.0113639,0.00521372,0.00396284,0.00111935,0.001153
0.00887367,0.00360544,0.00553077,0.00266013,-0.000168037,0.000598191
0.00885929,0.00344061,0.00529412,0.00448202,-7.39889e-05,0.000158212
0.00667635,0.00481086,0.00709769,0.0122891,0.00310572,0.00291609
0.0121406,0.00886517,0.00753669,0.0232584,0.0066254,0.0176353
0.00808997,0.00579491,0.0106049,0.0148738,0.00186732,0.000706088
0.0104806,0.00755517,0.0035305,0.00285287,0.000383193,0.00060246
0.016506,0.00817184,0.00938076,0.00925147,0.00189338,0.0010902
0.0163242,0.00813989,0.00935899,0.00747436,0.00294375,0.00152631
0.00665501,0.00464815,0.00288005,0.0058491,0.00151079,4.99221e-05
0.0201195,0.0125997,0.00675712,0.00825382,0.000746554,-0.000537846
0.00589272,0.00429409,0.0027466,0.00162125,0.000998842,5.51491e-06
0.00812915,0.00562865,0.00284764,-0.00227278,0.000332741,0.00120746
0.0126203,0.0087791,0.00347215,0.00818618,0.00409039,0.00802216
0.00481914,0.00357318,0.00246849,0.00341984,0.000663687,0.00128588
0.0156061,0.00707522,0.00597962,0.00837865,0.000644118,-2.64994e-05
0.00498204,0.0034412,0.00291294,0.00365731,0.000319883,0.0009483
0.00574354,0.00445377,0.00250406,-0.00110602,0.00121873,-0.000151604
0.00688836,0.00495141,0.00253496,0.00199343,0.000756888,0.00122063
0.00454577,0.00359375,0.00162643,-0.00362135,-0.000180854,0.00101678
0.0145336,0.00998868,0.00753127,0.0127732,0.00174723,0.00013516
0.0173257,0.0123409,0.00762985,0.0103915,0.00115814,0.00043747
0.0201262,0.0111224,0.00813296,0.00704196,0.0012667,0.000895454
0.0195919,0.00666968,0.00871024,0.0188837,0.00516892,0.00633703
0.0769385,0.0452543,0.0556022,0.0805304,0.0207627,0.0303541
0.00834827,0.0060299,0.00207467,0.00751321,0.00152252,0.00101433
0.00560806,0.00395026,0.00363306,0.00804984,0.00271288,0.00581315
0.0121379,0.00851595,0.00642243,0.011243,0.00263528,0.00805724
0.0250875,0.0104704,0.0171516,0.0198747,0.00496111,0.000317921
0.024917,0.0104206,0.0163572,0.019293,0.00401526,0.00138392
0.00839787,0.00367735,0.00325198,0.0166123,0.00381866,0.0107691
0.00788586,0.00361042,0.00261584,0.0176937,0.00470624,0.0123053
0.0066905,0.00481102,0.0033185,0.00647886,3.76009e-05,-0.000129625
0.00492219,0.00357864,0.00204559,-0.00037846,0.000293882,0.00136136
0.00619339,0.00426906,0.00260941,0.00636637,0.00108504,0.0042403
0.0150888,0.00874654,0.00602631,0.00552215,0.00098123,-0.000247466
0.0168786,0.0111824,0.0107496,0.0199688,0.00311751,0.00069262
0.00478012,0.00348467,0.00270916,-0.00118327,-0.000142683,0.000705351
0.0119754,0.00883087,0.0089553,0.0388446,0.0117224,0.025192
0.00621781,0.00456768,0.00232409,0.00076485,-2.05083e-05,0.00139511
0.0109283,0.00722722,0.00431698,0.0102081,0.000740083,-0.000494695
0.0125365,0.00762961,0.00499382,0.00478134,0.000762826,0.00117896
0.00433453,0.00346198,0.00350887,0.000120407,0.000683661,0.000697421
0.0131706,0.00652671,0.0064518,0.0281947,0.00809101,0.0213455
0.00577483,0.00430705,0.00315533,0.00188125,-0.000176934,-0.000128884
0.00906433,0.00639946,0.00507609,0.0026246,0.00105532,0.000750914
0.0048171,0.00355737,0.00201832,0.00176935,0.00119091,0.000690987
0.0193968,0.00724592,0.00629488,0.0105708,0.00133758,0.00180276
0.0197126,0.00734723,0.00623589,0.0123753,0.00158974,0.000171761
0.0154296,0.00613056,0.00828259,0.0127867,0.00369353,0.000893322
0.0153024,0.00630982,0.00842498,0.0116038,0.003535,0.000365417
0.0228168,0.0101656,0.0230278,0.0326828,0.00692982,0.00369837
0.0100605,0.00748578,0.00523666,0.00486593,0.000836242,4.43665e-05
0.00489291,0.00312322,0.0013379,0.00080929,0.000539035,1.48434e-05
0.00488948,0.0032527,0.00261333,0.00135338,0.000718224,-9.72581e-05
0.00910117,0.00621372,0.00881202,0.00816614,0.00164134,0.000599907
0.015487,0.00739269,0.00578469,0.0118407,0.00223838,0.00190794
0.0191035,0.0113629,0.00640149,0.0109096,0.0017654,0.00124562
0.00401112,0.00341017,0.00447838,0.00357385,0.000421519,-0.000457945
0.00875316,0.00613384,0.0037067,0.0015338,-0.00025412,-0.000151173
0.0059639,0.00439148,0.00144041,0.0014416,0.000301573,-3.19121e-05
0.0196366,0.0101489,0.00834673,0.00963612,0.00150677,0.000527387
0.0110591,0.00810767,0.0054589,0.00445651,0.00144949,-0.000181692
0.0180731,0.0120676,0.00682494,0.0112981,0.0020758,0.00476969
0.00763156,0.0052719,0.0040234,0.00856435,0.000570577,0.00046949
0.0209573,0.0136591,0.0151096,0.0139784,0.00248981,0.00250504
0.00915196,0.00318037,0.00481667,0.00649902,0.000952323,0.000662151
0.0186558,0.00705009,0.00791881,0.0106023,0.00342838,-0.00042194
0.018635,0.00699681,0.00786116,0.0117542,0.00367532,-0.00135715
0.0102777,0.00672484,0.00358252,0.0076803,0.000483383,0.000236595
0.0190748,0.011288,0.0087522,0.0136033,0.0018894,0.00062126
0.0192866,0.0114163,0.00867764,0.0111673,0.00166658,0.000980552
0.0116366,0.00857045,0.00397021,0.00240712,0.000117546,0.000212162
0.0215793,0.0118799,0.00894634,0.00899957,0.0010612,0.000560892
0.00699663,0.00539554,0.00336928,0.00167766,0.000301128,0.00111141
0.00426146,0.00309404,0.00357354,0.00123893,0.000730967,0.000811847
0.00485071,0.00371397,0.00283955,0.00265673,-0.00079327,-0.000277785
0.0101386,0.00681805,0.0142602,0.0175382,0.00211691,0.000883622
0.0109979,0.00683996,0.00406365,0.00536411,0.00146857,0.00105491
0.0109561,0.00688494,0.00507599,0.0054164,0.000834043,-0.000111422
0.0116184,0.0083845,0.00469462,0.00426406,0.00186266,-0.000112435
0.0230933,0.0157589,0.00737436,0.0104437,0.00122784,-0.00013038
0.0222544,0.0147787,0.00473665,0.00696454,0.000993137,0.00118719
0.00942257,0.0065308,0.00392473,0.00455066,0.00105279,0.00371486
0.0176675,0.012337,0.0083805,0.00571118,0.00081115,0.000724742
0.00987991,0.00596445,0.00418617,0.00788888,0.00138967,0.000912596
0.00760293,0.00420255,0.0031628,0.00228312,0.000846169,0.00256407
0.00631478,0.00446367,0.00252103,0.00417388,-0.000355805,0.000958316
0.0147573,0.00598588,0.00571356,0.012284,0.00179672,0.000806
0.0158993,0.00726832,0.00668847,0.0123049,0.00204426,0.000964336
0.0098698,0.00473948,0.00484799,0.00668688,0.000699476,0.000493939
0.00998725,0.00485883,0.00488355,0.00523794,0.000272534,-5.35566e-05
0.0330622,0.0165683,0.0164428,0.0169339,0.00159462,0.00128628
0.00444638,0.00309474,0.00275854,0.00355459,-0.000512242,-0.000174578
0.00746698,0.00537522,0.00307338,0.00369732,-0.000676977,8.31609e-05
0.00642759,0.0037826,0.00427115,0.0051474,0.00134289,0.000916916
0.00987083,0.00706501,0.00315903,0.00521942,0.00229495,0.000519866
0.00551249,0.00434901,0.0028726,-2.11395e-05,0.000159335,0.000681075
0.0158606,0.0111531,0.00567865,0.00801455,0.00136244,0.00150656
0.0154644,0.0108467,0.00315716,0.00976001,0.00164573,0.000697464
0.0046304,0.00319095,0.00237711,0.0050242,-0.000674695,0.0016308
0.0128011,0.00836249,0.00580807,0.012689,0.00131867,-0.00136118
0.00614319,0.00444993,0.00345001,0.000564614,0.00119309,0.00207413
0.00572095,0.00402004,0.00193161,0.00361333,-0.000715767,-0.000689312
0.0165743,0.0112749,0.00513243,0.0046325,0.00135757,0.000632206
0.0152117,0.00840392,0.00615865,0.0110457,0.00265468,-3.98696e-05
0.022647,0.0142343,0.00929741,0.0139891,0.00285767,3.02743e-05
0.0158374,0.00693469,0.00883225,0.0159174,0.00642116,0.00721757
0.0241448,0.0142497,0.013049,0.028109,0.0100841,0.0156428
0.0188842,0.0131248,0.00614897,0.0102391,0.00182973,0.0016949
0.00631588,0.00447946,0.00249972,0.00649813,2.52155e-05,0.00113334
0.0185691,0.0103122,0.00747356,0.00724611,0.00158327,0.000742292
0.00742949,0.00563671,0.00285635,0.00311827,0.00124744,0.000578246
0.0145407,0.0100067,0.00689927,0.00618255,0.00234173,0.00139974
0.00851367,0.0042792,0.00654547,0.0104114,0.00173227,0.00204993
0.00913497,0.00394775,0.00487502,0.00693806,0.000585717,0.000289731
0.00816009,0.00560292,0.00276238,0.00607618,0.00185845,-0.000196265
0.00980279,0.00675723,0.00512076,0.00662152,0.00089366,0.000642936
0.0237934,0.00906791,0.0107943,0.00845671,0.00157664,0.000332054
0.0255171,0.00912285,0.010705,0.0129954,0.00106629,4.29419e-05
0.0247055,0.0128863,0.00884059,0.0112684,0.00198881,0.000484149
0.0214089,0.0124395,0.00893166,0.00593976,0.00246839,0.000473001
0.0191799,0.0136567,0.0116174,0.0113209,0.00243572,0.0018283
0.00423041,0.00324806,0.00231837,0.00215463,7.22314e-05,-0.000991713
0.00541535,0.004161,0.00243964,0.00122639,-0.000670551,0.00107609
0.00536052,0.00372985,0.00393091,0.00401608,0.000594064,-8.0474e-05
0.0134936,0.00927699,0.0112112,0.0222993,0.00691637,0.0114023
0.00394829,0.00296947,0.00106332,0.0143395,0.00795659,0.0244061
0.00618189,0.00471645,0.00152444,0.00323771,-5.76422e-05,0.000664031
0.0171577,0.0112462,0.0340616,0.0483411,0.0112183,0.00706469
0.0172024,0.0113857,0.0129129,0.018019,0.00594128,0.00561083
0.0111448,0.0082448,0.00574801,0.0069988,0.00158322,0.00101545
0.00912174,0.00652434,0.00415724,0.00555328,0.000646188,0.000413034
0.0113957,0.00793278,0.0100757,0.00502583,0.00127821,0.00169886
0.00758363,0.00523701,0.00418468,0.00447064,0.0011733,0.00138743
0.0113926,0.00777512,0.00379949,-0.000300561,0.000929316,0.000375893
0.00397456,0.0033314,0.00265237,-0.00148864,-0.000201832,-0.00152268
0.0140317,0.010031,0.0048769,0.0041455,0.00129986,0.00137267
0.00627663,0.00451869,0.00269148,0.000159961,0.000730571,0.00136224
0.0224805,0.014352,0.0127491,0.0116873,0.00257774,0.000686347
0.00836825,0.00592009,0.00349565,0.00138481,-0.000132891,0.000273105
0.00670775,0.004781,0.0029461,0.0038029,0.000679881,0.00139482
0.0154174,0.0108621,0.00911059,0.0119695,0.00200082,0.000258541
0.0152259,0.00979962,0.00763465,0.0082105,0.00123294,0.00152178
0.00866133,0.00654265,0.00457164,0.0043985,0.00153785,-0.00012328
0.0133188,0.00541909,0.00639206,0.00569819,0.000106308,0.00214464
0.0139781,0.00718304,0.00514107,0.000884819,0.000741932,0.00228964
0.0124743,0.00899255,0.00514351,0.000506855,0.000601343,0.00168271
0.0117092,0.00816231,0.00452195,0.00301713,-0.000169513,0.000348537
0.00687334,0.00319684,0.0040603,0.00141648,0.000666207,0.000571713
0.0195814,0.0115781,0.0106324,0.0126698,0.00183442,0.0030062
0.0140961,0.00928737,0.0115104,0.0218603,0.00530851,0.00207932
0.0186442,0.0130242,0.0072442,0.00811573,0.00102644,0.00107348
0.0104024,0.00693479,0.00386535,-0.000243707,5.06481e-05,-0.00042951
0.0231968,0.0149612,0.0138687,0.0183493,0.00367376,0.00109674
0.0126126,0.00863217,0.00408724,0.00559003,0.00138356,0.000401056
0.00982101,0.00453118,0.00602133,0.00582814,0.000858175,0.000609607
0.011736,0.00540435,0.00494579,0.0045878,0.000187795,0.00133972
0.0195982,0.00727436,0.00931997,0.012008,0.00244876,0.000826438
0.0199555,0.00814947,0.00962026,0.0106512,0.00223937,0.000928522
0.0147464,0.0101208,0.00626742,0.00276771,0.000697256,0.000335564
0.0105496,0.00727862,0.00480619,0.00602354,0.000264296,0.000483554
0.00589669,0.00421484,0.00268172,0.00270056,-0.000363221,1.4503e-05
0.0465839,0.0256122,0.0170992,0.0193281,0.00285295,0.00432378
0.00850639,0.00419079,0.00375373,0.00106822,0.00050934,0.00109344
0.0121332,0.00816342,0.00368411,0.00944481,0.0015259,0.000671896
0.0115285,0.00826429,0.00534934,0.0115016,0.00223208,0.00152015
0.00963602,0.00373879,0.00588104,0.00866043,0.00262976,0.00541161
0.0230448,0.0136892,0.0140195,0.0148026,0.00352731,0.00389032
0.00517019,0.00366836,0.00148206,-0.000878947,0.00019124,1.83039e-05
0.0110757,0.00811414,0.00580185,0.00238442,0.00015958,0.000638857
0.0267613,0.0185635,0.0114836,0.0060271,0.00120069,0.000306487
0.0186145,0.0127868,0.00849558,0.00263913,0.00152132,-0.000253012
0.00804894,0.00557544,0.00340191,0.00290346,0.00112778,0.000672403
0.00944313,0.00666022,0.00247997,0.00676512,0.00200013,0.00185544
0.013871,0.00990418,0.00691026,0.00721481,0.00151304,-5.99493e-05
0.0227393,0.014913,0.0116084,0.0149075,0.000943853,0.0004092
0.00997437,0.00701207,0.00199735,0.00425153,0.00086159,-0.000229171
0.005428,0.00412112,0.00190637,0.00195139,2.099e-05,0.000134673
0.00955635,0.00647873,0.00300328,0.00825245,0.00314914,0.0046232
0.0125847,0.00836824,0.00403334,0.00811299,0.00104374,-0.000855355
0.0151549,0.010422,0.00997738,0.0107783,0.00229919,0.0020666
0.0233127,0.00971906,0.0129559,0.0210585,0.00297839,0.00107636
0.00961927,0.00667912,0.00685069,0.00952487,0.00176826,0.000307618
0.0128268,0.00919335,0.00522168,0.0109223,0.00136674,0.000445769
0.00736455,0.00533457,0.00528358,0.00405224,0.0010705,-2.7825e-05
0.0103173,0.00721641,0.00364271,0.00237055,-0.0003519,0.00161713
0.00391135,0.00313325,0.00236936,-7.60374e-05,0.00042985,-0.000427425
0.00863721,0.00621931,0.00217161,0.00233255,-0.000557465,-2.66733e-05
0.00969459,0.00685306,0.00430808,0.00249016,0.000730822,0.000941201
0.0181416,0.0126398,0.0063208,0.0140593,0.00279307,0.000764819
0.0268741,0.012027,0.0110847,0.0133057,0.00394842,0.000300994
0.0262622,0.0119507,0.0105909,0.0130022,0.00378607,0.00026338
0.00463156,0.00345488,0.00189456,-0.00134958,0.000822352,0.00115745
0.0129761,0.00917406,0.00587697,0.00592397,0.00160384,0.000415656
0.0186093,0.00933062,0.00591841,0.00814559,0.00167704,2.19482e-05
0.0216009,0.0114542,0.00751504,0.00433286,0.00125098,0.00209826
0.00389167,0.00302361,0.00215926,0.00218303,0.000609741,1.09115e-05
0.0267584,0.0155118,0.0105667,0.0110107,0.00329455,0.00316392
0.0153161,0.00953369,0.00501879,0.0147957,0.00292393,0.00616007
0.0114897,0.00720555,0.00998823,0.0146974,0.00200909,0.00141897
0.00444085,0.00329707,0.0023374,0.00437612,-0.000798844,0.000299423
0.00567966,0.00403172,0.00369807,0.00437754,0.00166568,0.00188962
0.0143144,0.00986663,0.00702895,0.00157694,0.000539398,0.00174591
0.012594,0.00860806,0.0122148,0.0115798,0.00290109,0.000989504
0.00809362,0.00573479,0.00637345,0.0107527,0.00261501,0.0014463
0.0108157,0.00801602,0.0060145,0.00909627,0.00166313,0.00057829
0.00655614,0.00504644,0.00426218,0.00553175,0.000206462,0.00193482
0.006179,0.00452242,0.00280082,0.00447387,0.000624294,0.00246368
0.00424279,0.00356651,0.00251993,0.00112798,0.000853117,0.000233586
0.0203627,0.00792553,0.00737203,0.0159765,0.00424836,0.00301735
0.020807,0.00784416,0.00731947,0.014909,0.00416488,0.00288254
0.00690948,0.00498777,0.00107012,0.00390311,0.000939937,0.00100851
0.0135754,0.00626961,0.0121373,0.0140567,0.00405188,0.00137886
0.00893885,0.00614482,0.00310291,0.00257884,0.000237931,0.000642992
0.0141954,0.0068045,0.00620478,0.00630776,0.000612491,0.000250936
0.0113796,0.00836971,0.00419451,0.00630768,-0.000410214,0.000853226
0.0108498,0.00597595,0.00703825,0.00692355,0.00251873,0.00125396
0.00981783,0.00492495,0.00496287,0.00515997,0.000754404,0.00048814
0.016789,0.00871073,0.00530163,0.00572367,0.00175868,0.000310675
0.0203085,0.0107465,0.00744699,0.00446436,0.00109371,-0.000644899
0.0124469,0.00726347,0.00475192,0.00463278,0.00205246,0.00032902
0.0119151,0.00726946,0.00505986,0.00369833,0.000739517,0.00123421
0.0166592,0.011821,0.00655882,0.0119655,0.00197576,0.00197587
0.0129063,0.00896556,0.00558683,0.00504467,0.00190474,0.000671995
0.0140576,0.00943617,0.0074446,0.00968965,0.00202716,0.00159104
0.00377915,0.00306542,0.00479119,0.00628245,-0.000143798,0.000215515
0.00456148,0.00350535,0.00255799,-0.00280831,0.000539717,0.000895598
0.012625,0.00527173,0.00544039,0.00503996,0.00119567,0.000330873
0.0123459,0.00517323,0.00522309,0.00559057,0.00111202,0.000956559
0.0145411,0.0106294,0.00647853,0.0124294,0.00286152,0.00175999
0.0388281,0.0208827,0.0210419,0.0350362,0.00645477,0.00956867
0.0153204,0.0110822,0.00794265,0.00634667,0.00166512,-0.000471233
0.00470477,0.00331343,0.00344663,0.000199134,8.75265e-05,0.0011532
0.00735073,0.00518469,0.00265366,0.00187221,0.000664523,0.000227516
0.00923639,0.00641563,0.00649233,0.00381741,0.00164182,0.000557971
0.00628671,0.00480016,0.00478234,0.00239582,-0.000148084,0.000460191
0.0144119,0.00520654,0.0071361,0.00677693,3.42083e-05,0.00204023
0.0126631,0.00508308,0.00578114,0.00669079,-0.000139195,0.000685246
0.00494184,0.00384396,0.00243529,0.008456,0.000398576,-5.25824e-05
0.0131873,0.00860194,0.00726736,0.00581667,0.00192891,0.00127719
0.00669365,0.0045848,0.00278967,0.00199447,-0.00101283,-0.000254736
0.00405981,0.00304356,0.00257902,0.00127335,-0.000173812,0.000522329
0.00570374,0.00404713,0.00464863,0.00404773,0.00131065,0.00166123
0.0089158,0.00532988,0.00508999,0.00726361,0.00119234,0.000113111
0.00818981,0.00369621,0.00390054,0.0032766,-0.000166781,0.000186763
0.00530834,0.00362125,0.00286682,0.000768146,-0.000166816,0.000277266
0.0276949,0.0104039,0.0112282,0.0114302,0.00325909,0.000610977
0.0117513,0.00804248,0.00405961,0.00637007,0.000244782,0.00113289
0.020285,0.0141517,0.00945555,0.0157541,0.00262448,-0.000757381
0.0115712,0.00852447,0.00430997,0.00684223,0.00162819,0.00120665
0.0242344,0.0148481,0.00676875,0.0102738,0.0013686,0.00116793
0.0149357,0.00809825,0.00366899,0.00704558,0.00107921,0.00181557
0.0139218,0.00974841,0.00463711,0.00287106,0.000120978,-2.84577e-06
0.0140499,0.00977783,0.0055434,0.0101889,0.0027061,0.00411584
0.0144516,0.0101047,0.00512894,0.00366875,0.00191985,-5.61494e-05
0.0292704,0.0124081,0.0163522,0.0164286,0.00337194,0.00235583
0.023391,0.0123524,0.0124984,0.0148772,0.00209632,0.0028245
0.00860166,0.00600259,0.00339812,0.00065461,0.000256337,0.00162168
0.0170453,0.0121654,0.00468135,0.00891863,0.00142632,0.000773518
0.017767,0.00851009,0.00701994,0.029832,0.0102532,0.0243927
0.0273627,0.00841597,0.00951066,0.0345001,0.0115179,0.0257698
0.0181595,0.00838764,0.00579379,0.0226358,0.00560367,0.013856
0.00991667,0.00700704,0.00412073,0.00448333,0.000527272,0.000247571
0.00471199,0.00370346,0.0019018,-0.000839429,0.000371124,-0.000642444
0.00854768,0.00487488,0.00388168,0.00451548,0.000785266,0.00160339
0.022374,0.0152328,0.00887644,0.00859274,0.00156089,0.000918253
0.0076129,0.00524726,0.00596448,0.00931913,0.00225613,0.0012554
0.0179724,0.0103781,0.00720863,0.00471221,0.000836183,0.000340906
0.0137302,0.00778602,0.00492809,0.00523682,0.000158649,0.00150535
0.00573094,0.00384307,0.00177662,0.00131352,-1.61797e-05,-0.000809115
0.00707603,0.00495149,0.00311357,0.00792026,0.000775575,0.000358409
0.00481327,0.00381815,0.00315394,0.00131035,-0.000183121,-0.000401638
0.0104471,0.0075596,0.0038012,0.00362221,0.0014272,0.000128845
0.0351381,0.013167,0.0170878,0.0186161,0.00494444,0.00121891
0.0295207,0.0132204,0.0144001,0.0173881,0.00368037,0.000807545
0.00657354,0.00507751,0.00389821,0.00426028,-0.00050506,0.000804295
0.00845113,0.00594319,0.00306207,0.0280436,0.0112001,0.0314514
0.00433517,0.00323061,0.00167087,0.00521162,-0.00133089,2.29711e-05
0.0165956,0.00997877,0.00750614,0.00909798,0.00207351,0.00148385
0.00746737,0.00539564,0.00437521,0.00316883,0.000380595,0.000986033
0.00904568,0.0064164,0.00417277,0.00445019,0.000380241,-0.000350215
0.016721,0.0112445,0.00347932,0.0080186,0.000690249,0.00182668
0.0116461,0.00746042,0.00563822,0.00615168,0.000725976,0.000893961
0.0101168,0.00548431,0.00488888,0.00198652,0.000586752,0.00117789
0.0305363,0.0145254,0.0178383,0.019284,0.00483865,0.00145374
0.0283586,0.0142005,0.0186303,0.0218287,0.00450091,0.00258309
0.00455082,0.00339546,0.00300501,0.000776984,0.000118371,0.0006208
0.0126275,0.00730537,0.00330911,0.00548494,0.00151738,9.95002e-05
0.0167503,0.0102134,0.0101493,0.0104331,0.00250375,0.00456544
0.00787007,0.00309713,0.00384159,-0.00209282,0.000599252,0.000890411
0.00778327,0.00437436,0.00341192,0.00108557,0.000503075,0.000506148
0.00938163,0.00606406,0.00450509,0.00316587,0.00150452,-0.00020261
0.0141447,0.00961343,0.00535615,0.00682609,0.000675398,0.00230289
0.0576352,0.0270159,0.0547588,0.101459,0.0205116,0.0177161
0.00613737,0.00437176,0.00321491,0.00433021,-1.98095e-05,0.0018961
0.0219471,0.0122789,0.00750234,0.00846908,0.00165634,0.0028083
0.00557636,0.00425803,0.00318213,0.000225154,0.000408556,0.000301883
0.00972043,0.00701549,0.00451627,0.00591909,0.000886548,-0.000320744
0.0040005,0.00312705,0.00214641,-0.00226986,0.000141422,-0.000784134
0.00919768,0.00624293,0.00377605,0.0024851,9.86143e-05,0.000581542
0.00769178,0.00572613,0.00354517,0.00367504,0.000952835,-0.000893964
0.012833,0.00868256,0.00533072,0.00719068,0.00131148,0.00175167
0.00526426,0.00370073,0.00304461,0.00297577,0.000367464,-1.71444e-05
0.02329,0.0113094,0.0100148,0.0212724,0.00659791,0.00816317
0.0205152,0.0143405,0.00911252,0.00754326,0.00252678,0.00139534
0.0264808,0.0163538,0.012328,0.0202096,0.0032904,0.0030003
0.0227276,0.0153293,0.0131657,0.0216215,0.00261421,0.00339624
0.0166356,0.0111732,0.00605291,0.00755849,0.000899293,0.00150946
0.0174489,0.0115792,0.00869075,0.00690686,0.00156155,0.00126482
0.00456705,0.00330921,0.00227132,0.00598297,0.000573566,0.000222284
0.00579175,0.00415066,0.00265919,0.00155254,0.000994764,0.000554659
0.0254633,0.0169012,0.0161975,0.0192318,0.00420431,0.00325723
0.0146008,0.00760026,0.012871,0.0127125,0.00211467,0.00148175
0.0125466,0.00877879,0.00679838,0.0147821,0.000641488,0.00203358
0.00728204,0.00517527,0.00287195,0.0138577,0.00328418,0.00944641
0.00782638,0.00561741,0.00230542,0.00176586,-7.48752e-05,-8.9748e-05
0.00896503,0.00630858,0.00311732,0.00298785,-0.000500726,0.000655944
0.0117528,0.00823974,0.00539503,0.00773023,0.00130061,0.00127645
0.0135479,0.00926245,0.00630868,0.0074526,0.00042398,0.00147765
0.00632613,0.00464689,0.0027463,-0.00023344,0.000463821,0.00063201
0.00798483,0.00569181,0.00295852,0.000745543,0.000313944,0.00106953
0.0213101,0.00970113,0.0127518,0.0107293,0.00401759,0.0048773
0.020455,0.0103294,0.0129313,0.0136599,0.00423948,0.00635985
0.0139911,0.0100301,0.0055413,0.00425518,0.0016308,0.000169364
0.0307241,0.0141335,0.0146735,0.0161031,0.0041243,0.00311037
0.028937,0.0126601,0.0111295,0.0117074,0.00218486,0.00136627
0.00632673,0.00414654,0.00186171,0.00417419,0.000781395,0.00161737
0.00710306,0.00538693,0.00224101,0.00492952,0.000277566,0.000198558
0.00836059,0.00619726,0.00207506,0.00566531,0.000348277,0.000615924
0.0106507,0.00719419,0.0047324,0.00377015,-0.000172441,9.11876e-05
0.00493871,0.00364964,0.00298293,0.000637132,0.000193569,0.000595311
0.0262189,0.0136667,0.0151327,0.0165735,0.00340674,0.0022459
0.019189,0.00785505,0.0103037,0.0142243,0.00314562,0.00294487
0.0122074,0.00832944,0.00687163,0.00781693,0.00143057,0.0018698
0.0240118,0.0147039,0.00900292,0.0095329,0.00178124,0.00205762
0.0268175,0.0146492,0.00897098,0.0121969,0.00136018,0.00203211
0.0111501,0.00701559,0.00270343,0.00318773,0.000476777,-0.00095656
0.0161006,0.0103481,0.00649953,0.00847181,0.000783685,-0.000819255
0.0111886,0.00563411,0.00440975,0.00468076,0.00187675,0.00238611
0.0112504,0.00642501,0.00632274,0.0097922,0.00264206,0.00179741
0.01262,0.00624301,0.00513995,0.00552941,0.00156338,0.000331728
0.0127763,0.00899378,0.00422601,0.0064819,0.00130955,0.00132901
0.0115948,0.00844368,0.00452783,0.00530418,0.000763184,-0.000154132
0.00978573,0.00689381,0.00797089,0.000807086,0.000430269,0.000459366
0.016511,0.0109476,0.00557255,0.00654637,0.000880828,0.000338143
0.0219068,0.00823978,0.00671598,0.0101998,0.0015627,0.00121772
0.0228872,0.00837348,0.00678564,0.0121596,0.00152411,0.0016139
0.00814117,0.00558089,0.00296895,0.00493776,0.00100023,0.000160112
0.00699405,0.003892,0.00362366,0.0050328,0.000781826,0.00150748
0.0157637,0.00889231,0.00789492,0.00804436,0.00222755,0.00120444
0.00888996,0.00648889,0.00258995,0.00489135,0.000578946,0.000749977
0.012871,0.00910571,0.00423912,0.0115632,0.0011063,0.00222381
0.0223618,0.0139309,0.00831888,0.0112773,0.00285423,0.00251389
0.0159922,0.00863648,0.00499589,0.00880512,0.00225663,0.0023042
0.0129819,0.00733818,0.00661043,0.00767996,0.00122956,0.00285405
0.0120204,0.00736189,0.00640312,0.00646889,0.00132901,0.00172747
0.017318,0.0102443,0.0064824,0.00940398,0.00148454,0.00158199
0.0215936,0.0140633,0.00882416,0.00767016,0.0022156,0.00343165
0.012307,0.00877721,0.00725525,0.0104621,0.00263494,0.00241953
0.0132492,0.00958475,0.00661964,0.00333583,0.00164552,0.000496683
0.0155826,0.0108994,0.00533532,0.00498409,0.00186908,7.28171e-05
0.0107474,0.0071541,0.00407814,0.0123431,0.0022364,0.00023902
0.0124724,0.00785559,0.00531028,0.013487,0.00200343,0.000634666
0.0106431,0.00712352,0.00464088,0.00214879,0.000566107,0.00160198
0.00832785,0.0055646,0.00411948,0.00267242,-0.000239073,0.00156121
0.00706202,0.00518616,0.00335209,-0.00112315,-0.000130076,0.00128015
0.00606969,0.00428022,0.00250865,0.00561905,0.000514056,0.00187336
0.00672215,0.00474312,0.0048461,0.00844439,0.00110732,0.00153545
0.0163871,0.0111717,0.00769381,0.0114839,0.00299673,0.000622485
0.023932,0.0165236,0.0085827,0.0156937,0.00439076,0.00562465
0.00467894,0.00356589,0.00263788,0.00667174,-9.41761e-05,0.000275441
0.00492798,0.00404182,0.00246569,0.000988944,0.00042343,0.00152152
0.0056898,0.00385189,0.00238501,-0.000343432,-0.000328901,0.00127952
0.0158249,0.0111972,0.00708636,0.00749607,0.00241984,0.00241262
0.0174426,0.00993078,0.00740664,0.00735653,0.000799886,0.00071454
0.012346,0.00673175,0.00561899,0.00640123,0.000826891,0.000626175
0.0292955,0.0142439,0.00825475,0.0335692,0.0099111,0.0231059
0.00518054,0.0040394,0.00404718,0.00588144,0.00100038,0.00171623
0.0165667,0.0115416,0.00938826,0.00405406,0.00149134,0.00333029
0.0103187,0.00713018,0.00213836,0.000546554,0.00109903,0.00115899
0.0152225,0.0107549,0.00552138,0.00538132,0.00167083,0.00175427
0.00751696,0.00573176,0.00242231,0.00605965,-0.00039573,-0.000617834
0.00496144,0.00339317,0.0024802,-0.000447005,-3.47519e-05,7.93158e-05
0.0120396,0.00490117,0.00681947,0.00623891,0.00177837,0.00253442
0.0118442,0.00488213,0.00671414,0.00632364,0.00177743,0.00160381
0.0171759,0.0076353,0.00652055,0.0105505,0.000891426,0.00149059
0.0180646,0.00769017,0.00728,0.00902281,0.00114108,0.00203972
0.00804362,0.00442253,0.00354455,-0.00152645,-3.95918e-05,-2.22833e-05
0.0131354,0.00910042,0.00458107,0.00711294,0.00145431,-0.000638603
0.00590702,0.00434694,0.00431405,0.000941228,0.00085167,-0.000116992
0.0131181,0.00948035,0.00640491,0.00782777,0.000511122,0.000565863
0.0267684,0.0160901,0.0239164,0.0388464,0.00912119,0.00403635
0.00729098,0.00514258,0.00278111,0.00338737,0.000564296,-0.000491743
0.0148884,0.0105538,0.00679698,0.00498938,0.00145482,2.63276e-05
0.00808839,0.00343665,0.00527478,-0.00102687,0.0013169,0.00039118
0.0441116,0.0245835,0.0181854,0.0193805,0.0042478,0.00236692
0.00756578,0.0055963,0.00230263,0.00274746,0.0012697,0.000709477
0.022445,0.0156417,0.00832314,0.0237477,0.0100449,0.0254435
0.0249545,0.0166729,0.0156445,0.0164738,0.00335961,0.00103724
0.00878605,0.00595581,0.00583678,0.00644034,0.00140539,0.000114819
0.0126079,0.00907926,0.00872996,0.0289054,0.00835588,0.0161373
0.0257026,0.0178751,0.0133358,0.0149889,0.00273134,0.000592794
0.0133639,0.00810382,0.00560148,0.0026884,0.00138669,0.000222435
0.0150512,0.0105583,0.00399767,0.0117278,0.000500313,0.00031085
0.0129548,0.00931735,0.00360986,0.0084438,0.00152623,0.000641129
0.010017,0.00637796,0.00527925,0.00743834,0.00199418,0.00138885
0.0054753,0.00371827,0.00253686,0.00190049,-7.71443e-05,0.000340825
0.0133478,0.00884226,0.00544913,0.00440767,0.000492221,0.00100959
0.0108768,0.00753639,0.00299548,0.00301261,0.000331613,-0.000606946
0.0121026,0.00801809,0.00394939,0.00324494,0.000375354,0.000743774
0.0126797,0.00870612,0.00628068,0.00760733,0.00139395,0.00123262
0.0187802,0.0118698,0.00804943,0.00760244,0.00192545,0.00208219
0.0101435,0.00695038,0.00463241,0.00896276,0.00130493,0.00147285
0.00809383,0.00537087,0.00261874,0.00417973,0.00131008,0.000280836
0.0304797,0.0121267,0.0192098,0.0226123,0.00576823,0.00721219
0.0301142,0.012009,0.0188124,0.019691,0.00521895,0.00893961
0.0236865,0.0152618,0.0188536,0.0378525,0.00911331,0.0131403
0.00931561,0.0061553,0.00391055,0.00562541,0.0020933,0.00522713
0.0143097,0.0051432,0.0087659,0.0073797,0.00133309,0.00245126
0.0126929,0.00513815,0.00819405,0.00909008,0.00108857,0.00146503
0.00861068,0.00636792,0.00281265,0.00325433,0.0016999,-0.000524727
0.00673588,0.00472017,0.00261116,0.00431718,0.000844791,0.000925719
0.0204832,0.00918975,0.0119123,0.00970897,0.00284263,0.00236503
0.00605983,0.0043311,0.00271934,0.00112142,0.000408542,0.000862292
0.00652247,0.00390493,0.0033759,0.00393659,-0.000713568,0.00102038
0.0174489,0.0119183,0.00607279,0.0107431,0.00150653,0.00144746
0.00796858,0.00568066,0.00361794,0.00289356,-2.77061e-05,0.000555948
0.012982,0.00918931,0.00570933,0.00774532,0.0019393,0.000305184
0.00531935,0.0040547,0.00188791,-0.00215371,2.94223e-05,0.000881493
0.00885046,0.00633818,0.00303045,0.00772833,0.000881575,0.00156022
0.00774869,0.00541049,0.00340454,0.00602212,0.000661392,0.00111742
0.0101885,0.00748284,0.00299842,0.00363105,0.00126519,0.00155208
0.00713191,0.00356464,0.0017935,0.00275155,0.000617521,0.00125766
0.0121382,0.00776011,0.00437871,0.00175782,0.00167217,0.00214206
0.037945,0.0146469,0.0134055,0.0176589,0.00429446,0.0020002
0.0373267,0.0147694,0.0132388,0.018212,0.0036509,0.00196734
0.00581813,0.0044018,0.00236754,-0.00125913,-0.000101678,0.000560084
0.00911248,0.00653789,0.00540502,0.0114347,0.00265397,0.000471195
0.00503183,0.00302749,0.00240904,0.00426934,0.00061598,0.00185
0.0075232,0.00439046,0.00315142,0.00450315,0.000536705,0.00136534
0.00633873,0.00322836,0.00259243,0.000690189,-0.000105558,0.000139694
0.0127835,0.00665178,0.00711345,0.00681961,0.00392749,0.00605129
0.0164642,0.00876037,0.00911887,0.0109163,0.00464344,0.0093826
0.0134446,0.00783217,0.00442738,0.0200414,0.00806054,0.0177452
0.0232933,0.0132452,0.0125497,0.0104452,0.00168837,0.00112033
0.00432898,0.00325661,0.00328576,8.49655e-05,0.000400684,-8.90261e-05
0.00894903,0.00624069,0.00390275,0.00474652,0.00171803,0.000252617
0.0238753,0.0163386,0.00888311,0.00912069,0.00247588,0.00210007
0.0130111,0.00527076,0.00582782,0.00750139,0.00170944,0.00256802
0.012854,0.00534633,0.00567038,0.00983396,0.00114645,0.00304539
0.00413763,0.00304439,0.00328016,0.00331886,-0.000764337,0.000326783
0.0226596,0.0158774,0.00964046,0.0143908,0.000875152,0.0022661
0.0142363,0.00969124,0.00427361,0.00687365,0.000600781,0.00202293
0.0146808,0.00989134,0.00708205,0.00965699,0.00160753,0.0011704
0.0110943,0.00776491,0.00568395,0.00930208,0.00238293,0.0017274
0.00963926,0.00579456,0.0033017,0.00359235,0.00145155,0.000452165
0.00907717,0.00566985,0.00347749,0.00781451,0.00103234,0.00287913
0.0151571,0.0100177,0.0122824,0.0150596,0.00336451,0.00474122
0.0121952,0.00846798,0.0053304,0.00606427,0.00099452,0.00158836
0.0171638,0.01201,0.00442373,0.00732603,0.0018494,0.00109398
0.00558214,0.00402641,0.00334164,0.00411682,0.000992811,0.00166546
0.00519731,0.00387458,0.00238743,-0.00334685,0.00033466,-0.00067952
0.00775148,0.00579434,0.00252793,-4.50871e-05,5.62959e-05,-0.000332769
0.00771566,0.00568534,0.00644048,0.0117227,0.00125511,0.000848022
0.013354,0.00917526,0.00600562,0.0061252,0.00074029,0.00225144
0.00880831,0.00334441,0.00373724,0.00686093,8.15832e-05,-0.000197745
0.0190381,0.0122066,0.00753237,0.00862585,0.0004789,-0.000279832
0.0125207,0.00847078,0.00634141,0.00650334,0.00314955,0.00623641
0.0161041,0.00961152,0.00670754,0.00810836,0.000903154,0.00222079
0.0268372,0.0166493,0.0123819,0.0165268,0.00235461,0.00222134
0.0146522,0.00813953,0.00647398,0.00640616,0.000415484,0.000273976
0.00714517,0.00477068,0.00174957,0.000943989,0.000825171,0.00031905
0.00486777,0.00350815,0.00318846,-0.000929402,-0.000189898,0.000225408
0.0146913,0.00902117,0.00775664,0.00728157,0.000885175,0.000282104
0.006123,0.00464332,0.00281519,0.00286976,0.000342364,-0.000626847
0.00707699,0.00380666,0.00383039,0.00818799,0.00130597,0.000182307
0.00914534,0.00540108,0.00398964,0.0100732,0.00168255,0.00107961
0.00786981,0.00570016,0.00347375,0.00511641,6.61251e-05,0.000753183
0.00442077,0.00342004,0.00359106,0.00831528,0.00100188,-0.000692252
0.0056026,0.00333709,0.00380852,0.000178162,0.0013128,-0.000603453
0.0221505,0.0102613,0.0129441,0.0146289,0.00422651,0.00111202
0.0251433,0.0102834,0.0121717,0.0170045,0.00328508,0.00168794
0.00764598,0.00548788,0.00432235,0.00327639,0.00123243,-0.000542129
0.0130485,0.00665685,0.00748924,0.010354,0.00101472,0.000424538
0.0138325,0.00665887,0.00758642,0.013005,0.00119199,0.00131855
0.00989885,0.00713989,0.003596,0.00555706,0.000582319,-0.000205875
0.00472075,0.0036537,0.00288021,0.00255954,-0.000160748,0.000583363
0.0323273,0.0185751,0.0191464,0.0215579,0.0044622,0.00365941
0.0309208,0.0186615,0.0169949,0.0195032,0.00212733,0.00194162
0.0122181,0.00608548,0.00664693,0.00747337,0.001314,0.00187702
0.0219266,0.00754512,0.0138894,0.0168624,0.00405643,0.0040051
0.0189835,0.00868342,0.0117984,0.0111858,0.00295206,0.00344713
0.0291528,0.0179527,0.0121845,0.0149259,0.00264193,0.00185224
0.00920324,0.00682374,0.00488608,0.00299734,0.000670971,0.000857889
0.0119412,0.00826838,0.00604544,0.00607657,0.00171561,0.0018811
0.0211131,0.0104727,0.00909985,0.0147268,0.00584218,0.00582912
0.0163695,0.0100692,0.00605004,0.0114298,0.00355856,0.00525872
0.0280407,0.0116989,0.0110418,0.0150564,0.00428027,0.000848587
0.0321432,0.0146661,0.0136769,0.016256,0.00444948,0.000580641
0.00479679,0.00324338,0.00301161,0.00159351,0.00141147,0.000331692
0.00498404,0.00345149,0.00204664,0.00722892,0.000360022,0.0002788
0.00557053,0.00308519,0.00136707,0.00275146,0.00182294,0.000393774
0.0148105,0.0107082,0.0058008,0.00805112,0.000295603,0.000992909
0.00461234,0.00354619,0.00289131,0.00159947,0.000336986,0.00152926
0.0249799,0.0141205,0.0114021,0.0144364,0.00345004,0.00147462
0.0259594,0.0171919,0.0336056,0.0495755,0.011618,0.00575386
0.0129829,0.00937381,0.00587387,0.00679753,0.00148074,0.000594933
0.041921,0.0218334,0.0169801,0.0200789,0.00403467,0.0032549
0.0414792,0.0219583,0.0182585,0.0247149,0.00242315,0.003429
0.0126555,0.00771152,0.00764307,0.0123685,0.000735716,0.000983897
0.0116512,0.00837161,0.00453169,0.0118284,0.000439674,0.000408417
0.0242327,0.0155563,0.0102355,0.0101203,0.00145882,0.00185383
0.0429172,0.0221073,0.0462216,0.0665837,0.016801,0.0270782
0.00702297,0.00513029,0.00350082,0.00851962,0.000706053,0.000152641
0.0137078,0.0095473,0.0054398,0.0025619,0.00123679,0.000366377
0.0128102,0.0068339,0.00891178,0.00574134,0.00189966,0.00173651
0.0130067,0.00667318,0.00878336,0.00809598,0.00154127,0.00174604
0.0200029,0.0138343,0.0100223,0.0114403,0.00292181,-7.33869e-05
0.00804317,0.00537848,0.00203633,0.00796919,-0.000352113,-0.00129804
0.0201284,0.0110459,0.00876407,0.00907173,0.00230684,0.000130897
0.0139525,0.00563582,0.00600029,0.00509169,0.000546694,7.03582e-05
0.0107281,0.0072142,0.00321386,0.000767552,0.000526877,0.000353736
0.00651327,0.00432927,0.0057942,0.0152622,0.00564332,0.0140706
0.00860865,0.00608758,0.0031147,0.0487456,0.0206723,0.054788
0.00732219,0.00394093,0.00373584,0.0028639,0.000787434,0.000341849
0.0207266,0.0147478,0.0081753,0.0204801,0.0058755,0.015378
0.0127629,0.00784641,0.00669588,0.00296143,0.00030049,0.001384
0.0259739,0.00874473,0.00973034,0.00882629,0.00295406,0.00547784
0.0478748,0.0237208,0.0222198,0.0309904,0.00699362,0.0122736
0.00931964,0.00689931,0.00863458,0.0107822,0.00101618,0.00171975
0.00424017,0.00335814,0.00232605,-0.0051419,0.00104815,0.000609103
0.00701931,0.00316502,0.00401178,0.00626939,-0.000288241,0.000974657
0.00989897,0.00723896,0.00517446,0.00502988,0.000747051,0.00017364
0.0238501,0.0134289,0.00854061,0.0105073,0.00374472,0.00163728
0.0113659,0.00841888,0.005365,0.0204007,0.00789154,0.0200551
0.00807089,0.00572682,0.00298017,0.00078382,-0.000375068,0.000510511
0.0103837,0.00452573,0.00706599,0.00940794,0.00100956,0.000473106
0.0111502,0.00590047,0.00672131,0.0125312,-7.90892e-05,0.000995236
0.00606783,0.00463754,0.00300596,0.0207233,0.00606371,0.0166722
0.00715271,0.00509984,0.00398273,0.00144976,0.000227052,0.000945065
0.0340299,0.0199005,0.0468505,0.044622,0.0103027,0.00734197
0.00505292,0.00361361,0.00495633,0.0130862,0.00168518,0.0020885
0.0164564,0.0110417,0.00835024,0.0083339,0.00133668,0.000976865
0.00762215,0.00394358,0.00386933,0.00444899,0.00116142,0.00155054
0.00909276,0.00487575,0.00513324,0.000764839,0.00140461,0.00209734
0.0200024,0.00832874,0.0102213,0.0068528,0.00233657,0.00161519
0.0174257,0.00819579,0.00800818,0.00664694,0.00127262,0.00147552
0.00611885,0.0047695,0.00313379,0.00278761,0.001314,-0.000262339
0.0116652,0.00872368,0.00513377,0.00779409,0.0020847,0.000114113
0.013685,0.0069337,0.00749678,0.0237575,0.0110323,0.0317788
0.0143987,0.00691305,0.00751974,0.0252258,0.00903205,0.0282944
0.00689823,0.00319069,0.0027623,0.00675832,-0.000155457,-9.07053e-05
0.01376,0.00626502,0.00768941,0.0135512,0.00191961,0.000802035
0.0126896,0.00738744,0.00756045,0.0101215,0.00210879,0.000757553
0.00401508,0.00308016,0.0025575,0.00125259,0.000359305,0.000851596
0.0114254,0.00808108,0.00620657,0.0100075,0.00131958,0.00220342
0.00717247,0.00484911,0.00652786,0.00791903,0.00173817,0.000724603
0.0067248,0.00481255,0.00370018,0.00671551,-0.000100283,5.62665e-05
0.00717905,0.00495502,0.00284799,0.00447676,0.00122536,1.07785e-05
0.0195203,0.00740711,0.00840843,0.0093923,0.00163824,-0.000357493
0.0168493,0.00784395,0.00608041,0.00859914,0.00204429,-0.000225706
0.0274332,0.0104535,0.00906495,0.0124589,0.00250731,0.000970161
0.0299087,0.0104973,0.0104029,0.0126482,0.0027401,0.00100271
0.0130208,0.00834795,0.00493712,0.00520409,0.000235273,0.00134658
0.00874609,0.00621942,0.0046941,0.00436591,0.000381071,0.00231602
0.0444102,0.0142069,0.0174901,0.0169498,0.00386708,0.00107318
0.00559412,0.0031357,0.00352403,0.000423062,0.00104137,0.000297647
0.00633533,0.00377149,0.0034207,0.00187449,-0.000329459,0.000174284
0.00953854,0.00716788,0.00568108,0.0142916,0.00447739,0.0101201
0.0143006,0.00728856,0.00619897,0.00443866,0.00168433,0.00135755
0.018769,0.00816427,0.0091368,0.0131795,0.00327253,0.00945078
0.017446,0.0120089,0.00516992,0.0101983,0.00167945,0.00182945
0.00737909,0.00516175,0.00305637,0.000602613,-9.13331e-06,0.000971097
0.00494253,0.00353657,0.00220062,0.000135806,-0.00050453,0.000224784
0.00716097,0.00494327,0.00367824,0.00299053,0.000841802,0.00153521
0.00978059,0.00652992,0.00471727,0.0059186,0.00127888,0.00250715
0.0174525,0.0120102,0.0188688,0.0157378,0.00384041,0.00543861
0.0110207,0.0064517,0.00457841,0.00660923,0.00131362,0.00203693
0.0101399,0.00695734,0.00552086,0.00128002,0.000525578,-0.000169917
0.0121192,0.00864423,0.00437024,0.00723792,0.00115547,0.00101621
0.0243356,0.0152296,0.00641778,0.0110397,0.0020821,0.00183137
0.00696563,0.00491165,0.00326137,0.00761505,-1.71754e-05,-0.000562071
0.0381642,0.0148921,0.014338,0.011304,0.00260584,0.000950806
0.0136921,0.00975955,0.00523477,0.00892473,0.000788969,-0.000228857
0.00957046,0.00380877,0.0044268,0.00298608,0.00128905,0.000677841
0.0169176,0.00657459,0.00714684,0.00846487,0.00202277,0.000633057
0.0149692,0.0080205,0.00524928,0.00700316,0.00116255,0.000771968
0.00810996,0.00540216,0.0040322,0.00759702,0.00128778,0.00123454
0.0173296,0.00897136,0.00809684,0.00990092,0.00181563,0.00152733
0.016479,0.00896137,0.00769155,0.0120169,0.00150268,0.0019628
0.00866184,0.00618871,0.00282804,0.00516476,0.00222643,-0.000585039
0.00862578,0.00521012,0.00569985,0.0037946,-0.00021585,-1.56761e-05
0.0052063,0.00378842,0.00261043,0.00384985,0.0012587,0.00179889
0.0169913,0.0106872,0.00843513,0.00611533,0.00267816,0.000864223
0.00790222,0.00586263,0.00289473,0.00624159,0.000532671,-0.000915797
0.00897575,0.00676513,0.00616263,0.00503924,0.00138628,0.000914105
0.0124794,0.00846759,0.00539444,0.00667246,0.000413727,0.000474
0.0148976,0.00794326,0.00778039,0.00631154,0.00157996,0.000937556
0.0146905,0.00698899,0.00701666,0.00213659,0.000905478,0.00206955
0.010575,0.00743384,0.00420739,0.00330571,-0.000277577,-0.000629712
0.00995975,0.00693119,0.0036919,0.00404912,0.000221473,0.000819205
0.022333,0.0147882,0.0100144,0.0182043,0.00320696,0.00255085
0.00496575,0.00359253,0.00335655,0.000789035,0.000523284,0.000689132
0.00968583,0.00687721,0.00393447,0.00125701,0.000463711,0.000792866
0.0130904,0.00707803,0.00619781,0.00528689,0.000990339,-0.000838859
0.012323,0.00709595,0.00612839,0.00351758,0.000522442,-0.00103034
0.00549592,0.00291187,0.00311029,0.00145686,-0.000624657,-0.000174072
0.00592647,0.00395682,0.00250963,0.0014155,0.000241049,9.53051e-05
0.0113519,0.00813309,0.00653879,0.00677253,0.00220194,0.000773766
0.00827957,0.00613474,0.00431617,0.00504501,0.000309242,-0.00111567
0.00638273,0.00451385,0.00467754,0.00277113,-0.000107749,0.00261657
0.0290847,0.0143748,0.0138915,0.0180054,0.00401974,0.00381308
0.019939,0.0138105,0.00632805,0.0187167,0.00389745,0.0120782
0.00484857,0.00381514,0.00199128,0.00138477,0.000145631,0.00134118
0.00428703,0.00308729,0.00284626,0.000572855,0.000533934,-0.000174325
0.0169038,0.00937844,0.00619589,0.00650858,0.00168232,0.000820805
0.0248092,0.0133857,0.0191178,0.0221562,0.00575875,0.00351574
0.00491293,0.0036701,0.00215838,0.006317,0.000989783,0.000900874
0.0144254,0.0104453,0.0059451,0.0044777,0.00129158,0.000292496
0.00709923,0.00504566,0.00256956,0.00483853,-0.000296113,0.00111632
0.0131742,0.00927568,0.00468232,0.00475401,0.00117583,0.0011839
0.00698566,0.00513061,0.0028688,0.00249228,4.91499e-05,0.000844736
0.00885422,0.00632318,0.00918632,0.0110294,0.000826945,0.000987321
0.00456127,0.00337794,0.00276201,0.00627739,0.00268143,0.000484835
0.0107541,0.00724697,0.00667768,0.00108312,0.000695677,2.74857e-05
0.00617614,0.00416219,0.00296936,0.00610785,0.00155271,-0.000956613
0.00996459,0.00707759,0.00625791,0.00602182,0.000571611,0.000632192
0.00883686,0.00601066,0.00323806,0.0103615,0.00512631,0.0116197
0.0281249,0.0120266,0.0073744,0.0120691,0.00151859,0.0021911
0.0284427,0.0124096,0.00771872,0.0165664,0.00287654,0.00218151
0.013394,0.0085833,0.00589486,0.00449954,0.000643813,-0.000256372
0.0241311,0.0123294,0.0104978,0.0113765,0.00116918,0.00205435
0.0132937,0.00595562,0.00577555,0.00313038,0.00128927,0.000552896
0.0180688,0.0109122,0.0112357,0.0122873,0.00280183,0.00160773
0.00961972,0.00700639,0.00577571,0.00645169,0.000946026,0.000512503
0.0121997,0.00714728,0.0045351,0.00268101,7.43675e-05,0.00125184
0.00992744,0.00605625,0.00385022,0.00469785,5.34509e-05,0.000530371
0.00780968,0.00435599,0.00312908,0.00207315,8.7261e-05,0.000764833
0.00883137,0.00415375,0.00373048,0.00125583,0.000142636,0.00103237
0.00755814,0.00538148,0.00343355,0.00113155,3.42139e-05,0.000299443
0.0170452,0.0118311,0.00683752,0.0096864,0.00172289,0.000671452
0.0196805,0.0135151,0.00491731,0.0166399,0.00287375,0.00243766
0.0116004,0.00649231,0.00425947,0.00740217,-0.000162436,0.00161711
0.00631009,0.00420886,0.00397009,-0.000641489,0.000171101,0.00127031
0.00695934,0.00425522,0.00382116,-0.00259856,-0.000124743,0.000204763
0.023446,0.0145717,0.0124464,0.0218135,0.00551984,0.00805037
0.0184348,0.0107928,0.00763833,0.00558186,0.00185717,0.00195239
0.00553221,0.00417887,0.00170938,0.00296366,0.000398018,0.000406467
0.0106479,0.00753839,0.00780869,0.00527788,0.000996625,0.00103716
0.0104414,0.00733758,0.00613763,0.00704722,0.00134256,0.00201072
0.00628172,0.00478835,0.00348732,0.00604564,5.49137e-05,0.00227257
0.0212475,0.0146941,0.00468579,0.00377035,0.00235752,0.00118412
0.00835447,0.0056261,0.00464742,-0.000582679,0.00124568,0.000310982
0.0259893,0.0132079,0.0116757,0.0151578,0.00568103,0.0117827
0.0148356,0.0105058,0.00593363,0.00795054,0.00117295,0.0039999
0.00534702,0.00407596,0.00444461,0.00234139,0.000792519,0.00120305
0.0208374,0.010755,0.00816924,0.0179701,0.0032249,0.00728789
0.00467083,0.00332856,0.00300565,0.00173291,0.000255938,-0.000167935
0.00651822,0.00340175,0.0046653,0.00397423,-0.00027468,-3.97514e-05
0.00715821,0.00409381,0.00464005,0.00208732,0.00045986,0.000726962
0.0125307,0.00884128,0.00531381,0.00653261,0.00141866,-0.000121444
0.00642862,0.00418037,0.00309274,-0.00137772,0.0007728,0.00113437
0.023729,0.0168189,0.00809444,0.0128095,0.00181427,0.00159161
0.00632621,0.00452737,0.00541495,0.00533506,0.0011045,0.000124891
0.00460974,0.00371422,0.00326898,0.00247508,0.000428847,-0.000854414
0.00585672,0.00440011,0.00225929,0.00676591,-0.00011024,-0.000941193
0.0196013,0.0136789,0.0123987,0.0149798,0.002991,0.00200879
0.018696,0.0122542,0.0122573,0.0119224,0.00256766,0.00392477
0.0114687,0.00428892,0.00558343,0.00775139,0.000788082,0.00105837
0.00521701,0.00383925,0.00278553,0.001877,0.000635317,0.000896631
0.0043975,0.00343225,0.00280696,0.00431185,0.000643336,-0.000817429
0.0121813,0.00838299,0.00602172,0.00838054,0.00220043,0.000249843
0.0122578,0.00834408,0.0068847,0.00829781,0.00279456,0.000253492
0.0146118,0.0086241,0.00628901,0.00681037,0.000528438,-0.000158556
0.0182703,0.0102423,0.0148769,0.0121024,0.00130936,0.00191728
0.0089645,0.00682594,0.0026112,0.00352159,0.00101806,-0.000688478
0.0110178,0.00739846,0.00709678,0.0119699,0.00195373,0.00048403
0.0214958,0.00806831,0.0130796,0.0164196,0.00266177,0.000663132
0.0189097,0.00813604,0.0115861,0.0129243,0.00223892,0.000921381
0.00795645,0.00461323,0.00467376,0.00710902,0.000964679,0.000254913
0.0108098,0.00692915,0.00460419,0.00522814,0.000637969,0.000580457
0.00899251,0.00648647,0.0049301,-0.00257357,0.00130499,0.00127026
0.0131468,0.00939737,0.0044577,0.00434164,0.00164365,0.000114141
0.0209519,0.0140713,0.0172909,0.0315215,0.00404371,0.00219132
0.00441934,0.00322096,0.00224497,0.00122437,0.00115876,-0.00045731
0.0172728,0.0115648,0.0315618,0.0279078,0.00474572,0.00183321
0.010386,0.00618039,0.0052039,0.00877357,0.00228041,0.00134731
0.0298623,0.0184345,0.0164679,0.0153151,0.00409229,0.00328573
0.00555951,0.00335103,0.00337235,-0.000883059,0.000522117,-0.000394619
0.00686404,0.00349533,0.00385263,0.00189441,0.00081316,0.000165814
0.00788352,0.00579096,0.00168402,0.00545139,0.000968937,0.00171885
0.014192,0.00983511,0.00458176,0.00850736,0.00136188,-0.000403182
0.0161066,0.0110671,0.0107847,0.024872,0.00509088,0.00476475
0.0161388,0.0077171,0.00589569,0.0129573,0.00369187,0.00720172
0.012496,0.0062091,0.0110046,0.0100509,0.00403207,0.00402338
0.00727668,0.00523401,0.00338928,0.000938255,0.000146045,0.00111334
0.00589365,0.00413609,0.00284148,-0.00415248,-2.73504e-05,0.00201656
0.0185935,0.0123043,0.00956226,0.0214095,0.00292669,0.000723412
0.0038332,0.00301113,0.00209491,0.00254745,0.00114841,0.00377768
0.00525647,0.0040121,0.00299787,-0.00109141,0.000688527,-0.000735645
0.0219051,0.0100137,0.00860567,0.0078363,0.0023406,0.00103057
0.0233286,0.0117137,0.0100506,0.00780509,0.00130837,0.00138468
0.00749324,0.00488559,0.00295719,0.00251983,3.64398e-05,0.000103296
0.0157334,0.0109592,0.0133054,0.0102874,0.00188794,0.00193306
0.0170543,0.00675564,0.00850767,0.0140237,0.00211748,0.00219244
0.00592158,0.00435875,0.00367121,0.00425435,0.000647441,-0.000209809
0.0188396,0.0117777,0.0136471,0.013438,0.00386348,0.00155896
0.0136193,0.00699202,0.00580985,0.00380529,0.00125798,0.00084952
0.0150272,0.00856389,0.00584149,0.00277862,0.000882187,0.000227924
0.0166022,0.00845506,0.00861222,0.00786937,0.00131139,0.00176001
0.00476348,0.00351031,0.00269728,0.00538216,-0.000133755,-0.000189479
0.0068756,0.00483894,0.00396254,0.0048962,-0.000578499,-0.00021008
0.00675223,0.00447967,0.00356752,0.00588215,0.000576962,0.00092751
0.0163873,0.0112767,0.0156056,0.025213,0.0040048,0.00150075
0.0119853,0.00637692,0.00391055,0.0105485,0.00256648,0.00086124
0.00941916,0.0066143,0.00358719,0.00628997,0.00126653,0.000509133
0.0124738,0.00648293,0.00557552,0.00663008,0.00181699,-0.000370631
0.00925859,0.00650511,0.00336546,-0.000189711,0.00051081,-0.00172639
0.00954332,0.00701049,0.00301868,0.00523727,0.00180653,0.000706473
0.0191018,0.0133967,0.00665911,0.0111644,0.00337347,0.00170034
0.0143854,0.008961,0.00772931,0.00821343,0.0015698,0.00136466
0.0107491,0.00418451,0.00530464,0.00584789,0.00098887,0.000765663
0.0102729,0.0072216,0.00412758,0.00835356,0.00249594,0.00572788
0.00706582,0.00488254,0.00322185,0.00279025,0.00147005,0.000313
0.00521922,0.00375044,0.0039639,0.00827753,0.00160061,0.00150381
0.0129518,0.00845908,0.00349618,0.00575683,0.00131696,0.00163099
0.037062,0.0139339,0.0167697,0.00930894,0.00280598,0.00153115
0.0393671,0.0140763,0.0167504,0.0111541,0.00317517,0.00292023
0.00525025,0.00382071,0.00480601,0.00168033,-6.1501e-05,0.000418234
0.00565757,0.00443151,0.00264491,0.00018494,0.00114078,7.16716e-05
0.00998155,0.00679708,0.00362892,0.00095529,0.000285093,0.00196153
0.043526,0.0142668,0.0247856,0.0301351,0.00824203,0.000921732
0.00788766,0.0055185,0.00785518,0.00971248,0.00140557,0.00147319
0.00437718,0.0033339,0.00238351,0.000949764,-6.43139e-05,0.000468457
0.00963714,0.0066963,0.00459425,0.0106915,0.00156504,-0.000622294
0.00937391,0.0042297,0.00467485,0.00658592,0.00127657,0.000111878
0.0193448,0.00965335,0.00757984,0.0105225,0.00289157,0.00124742
0.0250787,0.0147935,0.0114741,0.0129498,0.00250484,0.000983031
0.0138189,0.00636507,0.00758617,0.0110858,4.82167e-05,-0.000156144
0.0132996,0.0094585,0.00461711,0.00484394,0.00107869,0.000849199
0.0090779,0.00613499,0.00342919,0.000374977,0.000898572,0.00098298
0.00668826,0.00494042,0.00272368,-0.00107475,0.000411607,0.00292778
0.00879151,0.00641922,0.00401552,0.00600063,0.00419457,0.00620021
0.0305426,0.0144566,0.0126492,0.0145338,0.00316128,0.000382931
0.0102726,0.00744597,0.00571467,0.00358187,0.000305333,0.00029759
0.00443295,0.00332428,0.00277681,0.000303741,0.000179357,-0.00040215
0.0140558,0.0100569,0.0067723,0.00453817,0.00236124,0.00101218
0.0134601,0.00966267,0.00390061,0.00867175,0.000667521,0.000632508
0.034899,0.0127447,0.0170729,0.0185048,0.00329159,0.00211281
0.0300136,0.0121495,0.0142037,0.0146616,0.00230361,0.000489671
0.00917294,0.00683974,0.00791139,0.00308237,0.000638517,0.000255938
0.00408027,0.00332714,0.00282876,0.00725061,0.00146264,-0.000166853
0.00610661,0.00434213,0.00645028,0.00355819,0.000723479,0.000404953
0.0111656,0.00773802,0.00402044,0.00572088,0.00123319,0.00020255
0.00970366,0.00674,0.00334626,0.00207626,0.00036809,0.000716551
0.0139203,0.00988421,0.00836368,0.0068319,0.00216848,0.00149475
0.00463241,0.00348823,0.0020955,0.00494248,-0.000102849,-0.000372379
0.0183889,0.00766586,0.0102952,0.0167379,0.00274527,0.000707075
0.0252863,0.0135941,0.0128919,0.00929521,0.00178383,0.0013248
0.00841623,0.00333269,0.00400393,0.00455163,0.00102354,0.00217056
0.0166694,0.0122774,0.00659122,0.00872926,0.00336708,-0.000141752
0.0203377,0.0119938,0.0123178,0.011464,0.00176917,0.00095502
0.00801285,0.00590644,0.00248203,0.00395704,0.00163794,0.00256904
0.00572812,0.00414527,0.00363964,0.00404512,0.00159172,8.76055e-05
0.0117641,0.00560818,0.00578948,-0.000509263,0.00258778,0.00127201
0.0293591,0.0178946,0.0147877,0.0199016,0.003739,0.00281002
0.01419,0.00996155,0.00450445,0.00555363,4.16095e-05,-0.000229639
0.0042746,0.00302371,0.00256622,-0.00107536,-0.000292088,-0.000206101
0.0121267,0.00511366,0.00522377,0.0109758,0.000947258,-7.38541e-05
0.0120452,0.00517237,0.00544112,0.00776772,0.00089178,0.00019298
0.00851245,0.00363134,0.00380418,0.0010174,0.000908287,0.000606732
0.0185465,0.00996102,0.0104114,0.0124299,0.00163374,0.000270373
0.0107735,0.00755525,0.00349659,0.00412137,0.000602912,0.000922859
0.006537,0.00484858,0.00564061,0.00114829,0.00118007,0.0017761
0.00878099,0.00490087,0.00724534,0.00985008,0.00248881,0.00101056
0.0108687,0.00521566,0.00583706,0.00329719,0.00133046,0.00048975
0.00510454,0.00376829,0.00327599,0.00821871,0.000863977,-0.0010151
0.00423713,0.00319416,0.00193739,0.00431467,0.000345821,0.000521674
0.0104881,0.00632446,0.00759656,0.000637486,0.000800496,0.000484801
0.00671411,0.00513147,0.00279409,0.00359336,0.00137786,-0.00038436
0.0187855,0.011715,0.00492526,0.0104323,0.00184653,0.00183562
0.00728245,0.00531742,0.00385928,0.00248901,0.00139924,0.000432909
0.0156851,0.0107719,0.0124414,0.0116582,0.002216,0.00143373
0.0112803,0.00776738,0.00418857,0.00677879,0.000828384,0.00128192
0.0110719,0.00777465,0.00350491,0.00635401,0.000911381,-0.000138042
0.00689805,0.00455017,0.00293666,0.00246447,-0.00033416,-0.000256606
0.0209665,0.0146914,0.0062748,0.0100507,0.00147155,0.000254322
0.00919268,0.0050294,0.00353847,0.00484009,0.000642464,0.00201016
0.00395886,0.00294544,0.00347447,0.000586852,0.000987092,0.00123777
0.00654431,0.00490067,0.0018116,0.00456733,0.000873681,0.00139416
0.018049,0.0107648,0.0109688,0.0147451,0.00106165,0.000509659
0.0371266,0.0139546,0.0151655,0.0242222,0.00502138,0.0020452
0.0372961,0.0133323,0.0123477,0.0219403,0.00269153,0.00114273
0.0153897,0.00821186,0.00806378,0.0161677,0.0044588,0.00692263
0.0148491,0.00731469,0.00681593,0.00578961,0.00175896,0.00230144
0.0121429,0.00831356,0.00264597,0.00327392,0.000944744,0.00113148
0.0164314,0.0110559,0.00601313,0.00575463,0.000736538,0.000633664
0.00726547,0.00509492,0.00330409,0.00366239,0.000380583,0.000994332
0.0117918,0.00745504,0.00478168,-0.00100198,0.00117388,-0.000907562
0.0283095,0.0136442,0.0117388,0.0169225,0.00350315,0.00257386
0.0261076,0.0130388,0.0109563,0.0124271,0.00269905,0.00169623
0.00433068,0.0031737,0.00511045,0.00410467,0.000406009,0.00134616
0.0103892,0.00753206,0.00321842,0.00301854,0.00132129,-0.000425501
0.0150218,0.0106642,0.00530856,0.00821898,0.000720608,0.000336454
0.00939012,0.00615624,0.00374756,0.00789419,0.000609961,0.00102098
0.0295178,0.0124671,0.015107,0.0195547,0.00303919,0.00148713
0.0291649,0.0123956,0.0148908,0.0184613,0.0033383,0.00178943
0.0048949,0.00318681,0.00305354,0.000921247,0.00129885,0.000367454
0.00559017,0.00339352,0.00289505,0.00107486,0.00129977,0.000123735
0.0165805,0.0115176,0.00470786,0.00664542,0.00165588,0.000138814
0.00513769,0.0038904,0.00506272,0.00690672,0.000700483,-0.00103461
0.00443758,0.00321849,0.00245608,-0.000998298,-0.000130241,0.000716927
0.00768676,0.00562424,0.00355731,-0.000270789,5.99434e-05,0.000402656
0.0109546,0.00696406,0.00588722,0.00521578,0.00123697,0.00306181
0.00922851,0.0067805,0.00385393,0.00210011,0.00115332,0.000821759
0.00468662,0.00305837,0.00136475,0.0214591,0.00718123,0.013991
0.00536942,0.00309084,0.00227486,0.00563699,6.96102e-05,0.0011125
0.0165348,0.0114542,0.00578257,0.0105327,0.000362657,0.000344501
0.00548028,0.00431662,0.00340905,0.00374234,-0.00024991,-0.00128781
0.0110497,0.0080709,0.00608059,0.00490985,0.00174786,-3.77271e-05
0.00634532,0.00465168,0.00385029,0.00437679,0.000229077,0.00091782
0.0113805,0.00770961,0.00470346,0.00446915,0.0015085,0.000534229
0.00701738,0.00525665,0.00748945,0.00577171,0.000121073,0.00154426
0.0040669,0.00304965,0.0027145,-0.00147893,-0.000209991,-0.00124346
0.0198947,0.0114287,0.00933569,0.0147797,0.00113081,0.000780312
0.0192267,0.0135398,0.00640318,0.0130989,0.0014775,-0.000654586
0.00470696,0.00338278,0.00234006,0.00103561,0.00118297,-0.000886773
0.00644721,0.0047012,0.00325007,-0.00129912,0.000197966,8.45263e-05
0.0127779,0.00865488,0.00481442,0.00461799,0.00123252,0.000296909
0.00551187,0.00397904,0.00330491,0.00195977,0.00142828,-0.000670207
0.00566905,0.00425953,0.00145542,-0.000831554,0.00158641,0.000411745
0.0152517,0.00771613,0.0108317,0.00970838,0.00188958,0.0014756
0.013836,0.00754924,0.00660822,0.0107596,0.000784896,0.000104962
0.00455608,0.00342324,0.00237449,-0.00111711,-9.69096e-05,-0.000465231
0.00807611,0.0059752,0.00197377,0.000725821,0.000286752,-0.000310089
0.00689205,0.00305456,0.00313433,0.00629916,0.000532371,-2.37816e-05
0.00468218,0.0034468,0.00199731,0.000467215,-4.25526e-05,0.00106251
0.00471407,0.00342553,0.00280983,0.00251827,1.70991e-05,0.00246191
0.0145939,0.0101238,0.00585726,0.0103942,0.00209417,0.00152731
0.012126,0.00681358,0.00664824,0.0083901,0.00290203,0.00192815
0.00822663,0.00595365,0.00376446,0.00555865,0.000155171,0.00116817
0.0139551,0.00960105,0.00579181,0.0082232,0.000794566,0.00139228
0.00731565,0.0051669,0.00423777,0.00220892,0.000654526,-0.000673705
0.00538035,0.00391339,0.00259619,0.00331868,-0.000102978,0.000471659
0.0155365,0.00918188,0.00644115,0.0102485,0.00110602,0.00134358
0.0129503,0.00916595,0.00667954,0.00698479,0.00202765,0.00143807
0.00505886,0.00387634,0.00420386,0.00135815,0.00185049,-3.02735e-05
0.0175515,0.0115997,0.0130097,0.0155377,0.00273691,0.00123842
0.00859427,0.00370856,0.00489945,0.00595936,0.000468962,-0.000432683
0.0334202,0.0190911,0.0160088,0.0207023,0.00413223,0.0019071
0.0201732,0.00821891,0.0100235,0.00973318,0.00244703,0.00158157
0.0206562,0.00804641,0.00987805,0.00961663,0.0015646,0.00168511
0.0123998,0.00859978,0.00516831,0.00355078,0.000637458,0.00206479
0.00657273,0.00414057,0.00394722,0.004467,0.000452694,0.000943025
0.0244802,0.0146342,0.00858849,0.0121629,0.00256413,0.00049358
0.0152749,0.00705129,0.0177987,0.0239381,0.00374132,0.00134594
0.0308754,0.0202551,0.0216424,0.0257082,0.00492527,0.00299451
0.00558996,0.00395923,0.00159126,0.00165031,0.000589971,-0.000442003
0.0100973,0.00704856,0.00430379,0.0087245,0.00155727,-2.80412e-05
0.00694542,0.00503684,0.00311823,-0.000183364,0.00105792,0.00183224
0.00728107,0.00536431,0.00341561,0.00323248,0.00205361,0.002041
0.0132249,0.00782524,0.00769389,0.0140395,0.00201532,0.000723543
0.0129135,0.00874293,0.00551249,0.0165511,0.00445919,0.00847357
0.0101494,0.00727115,0.00621344,0.00793578,0.00164898,0.000660029
0.0180301,0.0123238,0.0126131,0.0182073,0.00393562,0.00240011
0.00592691,0.00436214,0.00248891,0.00139698,0.000935324,-0.000813384
0.0115356,0.00783483,0.00526462,0.011267,0.00135532,0.000425864
0.00659946,0.00491474,0.00170048,0.000700363,-0.000430356,-0.000172942
0.00439794,0.00316049,0.00223368,0.00114615,-3.68695e-05,0.000436743
0.00814473,0.00578192,0.003153,0.00732769,8.80189e-05,0.00171612
0.0129879,0.00727837,0.00660004,0.00346161,0.000852474,0.000639401
0.00909388,0.00413964,0.00458267,0.00176471,0.00052609,0.000214598
0.0108889,0.00741951,0.00363741,0.00317169,0.00109243,0.00154029
0.0185339,0.0131456,0.00692558,0.00299952,0.000643601,-0.000798616
0.00851445,0.00556686,0.00194514,0.000747595,0.000788707,0.000244559
0.0127548,0.00779528,0.00431486,0.00607297,0.00104575,0.000197455
0.0131467,0.00904708,0.00657159,0.00894419,0.00158561,0.00160064
0.0101227,0.0073139,0.00716241,0.00767918,0.00175811,0.00403359
0.0115022,0.00864154,0.00434055,0.00219841,0.000578187,0.000244133
0.00392015,0.00293363,0.00292965,0.00157333,0.000220631,-0.000140248
0.0134419,0.00859846,0.00531301,0.0026161,0.000535951,0.00190113
0.00460172,0.00333432,0.00220446,0.00385791,0.00022737,0.000421499
0.0184377,0.0127337,0.00438324,0.00924244,0.00136465,0.00154581
0.0155449,0.0112319,0.00778836,0.00797679,0.00234437,0.00158471
0.0164666,0.0112028,0.00811247,0.00887192,0.00321891,0.000792026
0.007875,0.00491284,0.00284309,0.00111847,0.00169845,0.00106794
0.0115907,0.00720965,0.00629374,0.00344643,0.00103365,-0.00176764
0.00977332,0.00696493,0.00507039,0.00725642,0.000907953,0.00145551
0.0172035,0.0116807,0.006557,0.0145301,0.00147506,0.000975791
0.0163702,0.0111759,0.00526837,0.00400316,0.00225615,-0.00109972
0.00463149,0.0033884,0.00203688,0.00140465,0.000635239,4.96018e-05
0.00516083,0.00391144,0.00296271,0.00264685,0.000687919,1.79993e-05
0.00787584,0.00460593,0.00482402,0.00551528,0.00205916,0.000911655
0.00849578,0.0039273,0.00438706,0.00643975,0.00150064,0.000681408
0.00875496,0.0063174,0.002323,0.00139327,0.000856827,0.000702438
0.0116558,0.00826086,0.00661057,0.00541791,0.000726914,0.00148446
0.0268502,0.0169778,0.0137367,0.0178938,0.0038737,0.00202301
0.00895857,0.00414687,0.00408539,0.00132747,0.00136752,0.000338085
0.0106632,0.00614689,0.00409146,0.00582546,0.000204366,0.000511011
0.0213631,0.0133869,0.00706713,0.0147544,0.00140406,0.000882421
0.00720001,0.00495974,0.00324923,8.26386e-05,0.000599065,-0.000143701
0.00548065,0.00379448,0.00281991,0.00863333,0.000700217,0.000836885
0.0225854,0.00970769,0.015204,0.0266618,0.0109598,0.0236894
0.0243268,0.00967922,0.0153309,0.0255498,0.00851885,0.0173029
0.00478127,0.00358308,0.00257117,0.00909586,0.000321426,-0.000269621
0.00566649,0.00409135,0.00254002,0.00178397,2.60584e-05,0.00150353
0.0089494,0.00643054,0.00460719,0.00596603,0.00122299,0.000258647
0.0133312,0.00931825,0.00694056,0.00756413,0.00140405,0.00155722
0.0112531,0.00773247,0.00879415,0.0129205,0.00110533,0.00173679
0.0109217,0.00760416,0.00402688,0.00912411,0.0013703,-0.000554162
0.00550415,0.0042634,0.00359506,0.00117723,0.000316439,-0.00120469
0.0108468,0.00560196,0.00341858,0.00826092,0.00126759,0.00127374
0.00985185,0.00428706,0.00370174,0.00984798,0.00039209,0.0020976
0.00444514,0.00326063,0.00239704,0.0024646,-0.0011487,0.00287084
0.00498786,0.00348372,0.00201062,0.00265922,-0.000784529,0.000247985
0.00535871,0.00419857,0.00279371,0.00271678,-0.000917036,0.00160608
0.0143048,0.00939481,0.0197066,0.0399884,0.0109527,0.0196518
0.0116038,0.00585339,0.00745141,0.0107274,0.00214003,0.00339422
0.012023,0.00764562,0.00514965,0.00375305,0.000954333,0.000264019
0.0135794,0.00961383,0.00455123,0.00693481,0.00141995,0.000715126
0.00688638,0.00475811,0.00447697,0.00477374,0.00166627,9.14871e-05
0.00957662,0.00724588,0.00734584,0.010113,0.00137675,0.00102886
0.00793289,0.00596582,0.00273776,0.00514672,0.000782904,-0.000759351
0.00598363,0.00385961,0.00168903,0.00264713,0.000985446,4.12796e-05
0.0168366,0.0115395,0.012049,0.0128983,0.00280839,0.000297943
0.023903,0.0159511,0.0104206,0.0125902,0.00210122,0.00188641
0.0191014,0.0124947,0.0173026,0.0305206,0.00679691,0.00550495
0.0136474,0.00532975,0.0107904,0.0145176,0.00267468,0.00319512
0.013949,0.00551826,0.0107937,0.0152089,0.00253933,0.00315031
0.0103612,0.00697546,0.0053018,0.003719,0.00016215,0.000507346
0.00845128,0.00639042,0.00422582,0.00351824,0.000502564,0.00108556
0.0151316,0.0105648,0.00597256,0.00951116,0.00186111,0.000850578
0.00865666,0.00550729,0.00427345,0.00277497,-0.000276445,-0.000725745
0.0128359,0.0094279,0.00531085,0.00715936,0.000948924,-0.000884738
0.0137263,0.00926951,0.00751635,0.00711579,0.00278157,0.00268952
0.0051048,0.00343288,0.0025988,0.00149184,0.00145609,-0.00125739
0.00784356,0.0056057,0.00276059,0.0022374,0.000378597,-0.000131391
0.0171416,0.011922,0.00491037,0.00290824,0.000526308,0.000907707
0.00993278,0.00679651,0.00374037,0.00500405,-2.54953e-05,0.000725465
0.00469155,0.00347116,0.00298847,0.000417823,0.000628749,0.000153454
0.00789264,0.00429793,0.00370617,0.00122962,0.000778099,-0.000807636
0.00545635,0.00424182,0.00556375,0.00625747,0.000713692,0.00101804
0.0153551,0.00758396,0.00489792,0.00530194,0.000715394,0.000718551
0.00417483,0.00319189,0.00250987,0.00187088,9.81597e-05,5.349e-05
0.00644028,0.00456586,0.00279345,0.00428863,0.000773451,1.09415e-05
0.00867342,0.00626064,0.00393705,0.00245728,0.000960529,0.00138097
0.00824386,0.00620002,0.00362108,0.00470249,2.0908e-05,0.000295076
0.00855302,0.00567128,0.00281503,0.00120123,0.0017005,0.000915931
0.0168119,0.0118557,0.00776121,0.0106791,0.00377092,0.00046141
0.0185411,0.00960859,0.00821568,0.00397073,0.00141156,0.00155192
0.0161858,0.0112463,0.0107814,0.010092,0.00126977,-0.000102001
0.0121779,0.00828504,0.00442206,0.0032773,0.000776241,-0.000992905
0.0166743,0.0118213,0.00391763,0.00811442,0.00159702,0.00123064
0.00933528,0.00670032,0.00445267,0.00525211,0.000798869,-0.000795872
0.012545,0.00868155,0.00575505,0.00935774,0.00132669,0.00127231
0.00796381,0.00633977,0.00499571,0.00641994,0.00204546,0.00654804
0.0182712,0.0112615,0.0120153,0.0147368,0.00364181,0.00134864
0.0165309,0.0090065,0.00905429,0.0102371,0.00232376,0.00131664
0.00944915,0.00707459,0.00336269,0.00447146,0.000852439,-0.00035284
0.006559,0.00455407,0.00277318,-0.000436288,0.000632259,0.00110042
0.00377869,0.00310511,0.0011734,0.000626529,-0.000970567,-0.000345519
0.00900366,0.00651192,0.00309863,0.00458709,0.00108754,-0.000513154
0.0111095,0.00599179,0.00504084,0.00192378,-0.000259148,0.000141174
0.00929164,0.00470753,0.00456779,0.00302449,-0.00022873,-0.000655885
0.0124077,0.00810947,0.00522926,0.00544533,-0.000113915,-0.000441784
0.0112345,0.00666526,0.00447416,0.0040972,7.94128e-05,-0.000976324
0.0202049,0.013228,0.0113817,0.023323,0.00595558,0.0122397
0.00690701,0.00480242,0.0033322,0.00309396,-0.000226998,-0.000797375
0.00447773,0.00301984,0.00196157,-1.18645e-05,-0.000100722,0.000864914
0.0318219,0.0129277,0.0161744,0.0375182,0.0121339,0.0209363
0.032438,0.0129388,0.0156714,0.0379943,0.0116137,0.0212464
0.00933421,0.00672311,0.00460909,0.00175252,0.000487527,0.000484518
0.0169708,0.010522,0.00416361,0.00523217,0.00138338,0.00100537
0.0203828,0.00752433,0.0077871,0.0112947,0.00208845,0.00117156
0.0185415,0.00744191,0.00758738,0.0108279,0.00245853,0.000555924
0.0129818,0.00926846,0.0119942,0.0198646,0.00335404,0.000649777
0.00556227,0.00370801,0.00225952,0.00381044,0.00036332,-0.00113205
0.0061902,0.00447316,0.00233728,0.00531977,0.000556036,0.00082608
0.0092901,0.00623858,0.0119724,0.0135841,0.00450151,0.00268645
0.0147576,0.00945039,0.00437583,0.0055475,0.00148601,0.00015249
0.013964,0.0085381,0.00441735,0.00473685,0.000809618,0.0018638
0.00648895,0.00332602,0.00272373,0.00386441,0.000394862,0.00114172
0.00896514,0.00640594,0.00424357,-6.66168e-05,2.13673e-05,-0.000272391
0.0118067,0.0064401,0.00716443,0.0126369,0.000618225,-0.000335563
0.0139419,0.00925435,0.00660167,0.0105344,0.0020991,0.000436494
0.00745653,0.00507701,0.00522896,0.00635009,0.00208915,-0.000289647
0.0163587,0.0111802,0.00529572,0.0081261,0.00116196,0.00206732
0.00739656,0.00533366,0.00425885,0.00365902,0.000804365,-0.000165473
0.0095356,0.00669119,0.00545329,0.00751726,0.0011709,0.000327834
0.0186456,0.0127418,0.00758946,0.0052455,0.00162962,0.000592079
0.00562451,0.00433291,0.00310567,0.00812137,0.00154877,0.00596318
0.0277233,0.0138968,0.0105803,0.0176276,0.0029196,0.0026655
0.0123468,0.00855447,0.00697247,0.00699301,0.00115761,0.00115417
0.00941574,0.00613583,0.0032344,0.00174845,0.000535001,-0.00103641
0.0088059,0.00614233,0.00403111,0.0033323,0.00148587,0.00189665
0.00774437,0.00529858,0.00338041,0.003992,0.00045891,0.00020489
0.0135618,0.00620179,0.00613123,0.00561088,0.00131491,-0.00011348
0.0138962,0.00634166,0.00623836,0.00562792,0.00128843,-0.000719778
0.0417435,0.0240389,0.0625671,0.077413,0.017859,0.0106271
0.00830993,0.00608065,0.00226856,0.00342548,0.000352602,0.000985655
0.00661335,0.00480552,0.00409457,0.00326314,0.000293813,-0.000431802
0.0167,0.00917695,0.00932755,0.00977908,0.00200197,0.00103908
0.0243577,0.00907318,0.0127208,0.0150543,0.00349792,0.00156287
0.0284024,0.00953441,0.0134953,0.0183519,0.00403126,0.000699333
0.0196616,0.00962023,0.00882989,0.0103524,0.00236064,0.00158327
0.0151394,0.00708081,0.0132723,0.0119141,0.00317457,0.00321254
0.0218052,0.0118743,0.0190475,0.0195249,0.00389452,0.00346192
0.0184397,0.0103077,0.0063049,0.0111478,0.00197964,0.000643659
0.0123554,0.0073905,0.00461397,0.00922574,-0.000517392,0.0013862
0.00787697,0.00457815,0.00433097,0.00127985,0.000546574,9.09391e-05
0.0201096,0.0101366,0.0094565,0.0101863,0.00223606,0.00189693
0.00878052,0.00598032,0.00399346,0.00604528,0.00115874,0.000301806
0.0233632,0.0109679,0.0137248,0.013226,0.00120569,0.00309035
0.0153536,0.0109735,0.0056663,0.00550366,0.00168263,0.000726897
0.016488,0.0112325,0.00669487,0.00300437,0.000826987,0.000447341
0.0140735,0.00950575,0.00583635,0.00904484,0.001963,0.00191474
0.0101891,0.00662049,0.00521094,0.006217,0.00228261,0.000612853
0.0167642,0.0104882,0.00800718,0.0104115,0.00232228,0.00249436
0.00815967,0.00598791,0.00306235,0.00584481,0.00139724,0.000352993
0.0120975,0.00613734,0.00791724,0.0137129,0.00254169,0.00283319
0.00977913,0.00414877,0.00544049,0.00606161,0.00122361,0.00191542
0.00573707,0.00392391,0.00240739,-0.00357248,-0.000366341,0.000450172
0.0402966,0.0260476,0.0368746,0.0379726,0.00749328,0.00386395
0.00828231,0.00595865,0.00439403,-0.000380697,-0.000269108,0.000610977
0.00806619,0.00630323,0.00270414,0.00609221,-0.000545929,0.00165697
0.0268049,0.0129657,0.00890017,0.0110542,0.00441339,-0.000260856
0.0280525,0.0129803,0.00891723,0.0130722,0.00467752,0.000537911
0.010803,0.00736224,0.00759037,0.0121891,0.00314498,0.000568992
0.0155952,0.00925125,0.0102008,0.0121498,0.00309567,0.000184551
0.00834398,0.00525422,0.00481265,0.00279447,0.000424591,0.000162563
0.00956288,0.00642503,0.00428634,0.00335935,0.000446993,0.000315416
0.0333272,0.0120852,0.0160307,0.0226271,0.00300377,0.000830904
0.0218242,0.0154012,0.00768527,0.00982241,0.00133015,0.00140676
0.00397919,0.00305348,0.00251523,-0.00172593,6.50268e-05,-0.000868306
0.0128916,0.00602592,0.0143489,0.021823,0.0035403,0.00377847
0.0109505,0.00587212,0.00586557,0.00392435,0.000289152,-0.0012791
0.0146882,0.0102294,0.00412598,0.00521252,0.00195514,-0.000750331
0.014309,0.0100621,0.00872616,0.00829255,0.000964066,0.000840388
0.0110955,0.00799271,0.00961,0.0149418,0.00283091,-0.000545544
0.00520183,0.00401513,0.00246031,0.0120584,0.00112468,0.000369331
0.00629843,0.00439071,0.00254577,0.00618949,0.00101539,0.000555371
0.006793,0.00465224,0.00349452,0.00354069,0.000106109,-0.000274785
0.0144348,0.00846444,0.00694027,0.00204132,0.00143709,0.000567612
0.0131464,0.00920925,0.00339064,0.00617167,0.0019027,0.00105254
0.0111721,0.00488466,0.00603673,0.0015009,0.000594283,-0.00142431
0.0108816,0.00369669,0.00519957,0.00437838,0.00124747,-0.000384869
0.0121039,0.00780963,0.00744723,0.0103611,0.00211409,0.00172353
0.0400101,0.0243387,0.0286024,0.0553705,0.0153315,0.0229967
0.00621871,0.00484388,0.00289388,0.00141835,0.00154034,0.000971457
0.0159362,0.010668,0.00636263,0.00317395,0.00231327,0.000616942
0.00927207,0.00474397,0.00502657,0.000440012,0.0012185,0.00235898
0.0144161,0.00995464,0.00648958,0.0121354,0.00140063,0.00257703
0.00731681,0.00513297,0.00365256,0.00310483,0.00112385,0.00202574
0.0242987,0.013041,0.0122422,0.0146435,0.00459188,0.00299333
0.0328351,0.0135459,0.0219157,0.0200851,0.0039113,0.00445807
0.0293187,0.0135641,0.0201732,0.0209584,0.00374167,0.00406298
0.0105491,0.00697172,0.0259415,0.0513968,0.0170831,0.0292735
0.0120564,0.0084874,0.00534441,0.00836623,0.000778593,0.000768544
0.0172681,0.0118125,0.00817767,0.00581086,0.000947585,-0.000634733
0.0119957,0.00840947,0.00408014,0.00656846,0.00176331,0.000630717
0.00438007,0.00350932,0.00235391,0.00131715,0.000798704,0.000416226
0.0164875,0.0112123,0.00794572,0.0114764,0.00162597,0.00113785
0.0258955,0.0161132,0.0311093,0.0513461,0.0152334,0.0208857
0.00903534,0.00664883,0.0061267,0.00405786,0.00129244,0.000827873
0.0070154,0.00494548,0.00308839,0.00477665,0.000336301,0.000836131
0.0124591,0.0047406,0.00934855,0.00661621,0.00233804,0.00138691
0.0239471,0.0102497,0.0129116,0.0125229,0.00274055,0.00186364
0.00774995,0.00534313,0.00331832,0.00160526,0.00186816,-0.000459971
0.0058236,0.00408329,0.00398304,0.00435468,0.00102253,-0.000490216
0.0142273,0.0101585,0.00577413,0.00908707,0.00215703,0.00155387
0.0113153,0.00798872,0.00251865,0.00555938,-0.00021761,0.00140021
0.0055878,0.00403013,0.00223922,-0.000557963,0.000669917,0.00097117
0.0108375,0.00715604,0.00410354,0.00120941,0.000567994,-0.000197856
0.00521834,0.00374647,0.00260357,-0.00199715,0.000204964,0.000810348
0.0148243,0.010166,0.00633109,0.00761133,0.00188948,0.00155204
0.00886295,0.00570163,0.00326721,0.00212394,0.00182744,0.0010538
0.00975507,0.0068404,0.00341494,0.00958078,0.00397561,0.00960768
0.00740359,0.00540499,0.0035951,0.0064725,0.000710841,-0.00035919
0.00822794,0.00599388,0.00331028,0.00811193,0.000692589,-0.000587657
0.0183527,0.0123086,0.0121367,0.0133764,0.00243421,0.000300085
0.0133261,0.00874399,0.00632531,0.0104221,0.000791659,-0.00091656
0.0122051,0.00846618,0.00453559,0.00641552,0.000912974,0.0011806
0.0143439,0.00968281,0.00427172,0.00299128,0.000683916,0.000985368
0.0147753,0.00943762,0.00659725,0.00587323,0.000365787,0.00160602
0.0107733,0.00418862,0.00433586,0.00422578,0.000492064,0.000564584
0.0274585,0.0179552,0.0156062,0.0152137,0.00264772,0.00268967
0.0179358,0.0120349,0.010186,0.0128371,0.0021936,0.00205671
0.0141388,0.00856814,0.00366564,0.00384505,0.00171305,0.00128768
0.025971,0.0119264,0.0118994,0.0203195,0.00340178,0.000929815
0.0159884,0.00634753,0.0169366,0.019407,0.00491416,0.00266354
0.0159304,0.00697549,0.0178404,0.0196283,0.00519268,0.00259924
0.00863328,0.00646213,0.00514893,0.00127583,0.0014396,-7.7504e-05
0.00629508,0.00448008,0.00414255,0.00525354,-0.000248679,0.000161703
0.00420252,0.00297914,0.00252345,0.0088734,0.000387339,-0.000321687
0.00556052,0.00422239,0.00513005,0.00483251,0.00189036,0.00116385
0.0264966,0.0106336,0.0117474,0.0179583,0.00212963,0.00241023
0.0216794,0.0103777,0.00921209,0.0111876,0.00135862,0.000869227
0.0109722,0.00732597,0.00367516,0.00686502,0.000706342,0.00139061
0.0151421,0.0104065,0.00390809,0.00777673,0.00122551,-0.000681305
0.00907711,0.0064564,0.00400487,8.29603e-05,0.00120168,8.66711e-05
0.0107458,0.00781823,0.0133265,0.0176687,0.00292851,0.0017405
0.00706288,0.0052311,0.0065471,0.00784592,0.00140105,0.000740449
0.0202988,0.0140131,0.00949205,0.00564841,0.00246235,0.000554323
0.0164668,0.0105158,0.00745574,0.00501181,0.00195274,0.00116942
0.0129854,0.00806699,0.00530677,0.00480334,0.000931688,0.000857845
0.0107867,0.00737748,0.00396308,0.0108402,0.00140942,0.0021508
0.0108181,0.00800563,0.00313009,0.00630872,0.000569541,0.00112469
0.00832389,0.00597301,0.00423839,-0.000790399,0.000899025,0.000549668
0.0113967,0.00774624,0.007142,0.0054881,0.000974982,0.000935153
0.00588679,0.00468521,0.00217304,0.00188597,-0.000150535,0.000401141
0.017265,0.0118817,0.00626211,0.00579933,-7.44229e-05,0.00127835
0.0202743,0.0138659,0.0108002,0.00604392,0.00180286,4.2783e-05
0.00674144,0.00490736,0.0056938,0.00658497,0.00150807,0.000746066
0.0163216,0.00901454,0.009561,0.00470496,0.00169706,0.00221455
0.0174422,0.0091074,0.00753002,0.00653439,0.00176216,0.00168445
0.00548635,0.00374744,0.00265894,0.00147992,-0.000188685,0.000446346
0.015295,0.0100756,0.00905572,0.0114794,0.00182087,0.00125199
0.00695958,0.00468383,0.00382982,0.00603738,0.000379972,0.000222085
0.00690622,0.00468535,0.00611834,0.006383,0.00155898,0.00237535
0.00701783,0.00527198,0.00509938,0.00457595,0.00162634,0.000669853
0.00536671,0.00403727,0.00280363,0.00392871,-0.000320249,-4.3514e-05
0.0220245,0.0148482,0.00694437,0.0028997,0.00276974,0.00217093
0.026174,0.0112531,0.00964577,0.0227527,0.00476044,0.00140366
0.0275708,0.0112209,0.00930797,0.0212325,0.00447561,0.00107174
0.00792611,0.00543154,0.0046063,0.00494777,0.00176057,0.000125103
0.0130726,0.00865087,0.00714169,0.0150585,0.00388965,0.00505086
0.0150372,0.00901326,0.0079696,0.0158368,0.00400002,0.00582924
0.00823919,0.00598807,0.00247513,0.00349809,0.000660493,0.000783599
0.00874634,0.00431683,0.002706,0.0039312,0.000384158,-0.000726684
0.0146563,0.0101417,0.0045666,0.002094,0.000449454,0.00085744
0.0109778,0.00783392,0.00597247,0.00967892,0.00156645,0.000137851
0.00558308,0.00390162,0.00294144,0.000550359,-0.0006429,-0.00102687
0.0125028,0.0085875,0.00564429,0.0100995,0.000213479,-0.00154122
0.00763009,0.00539126,0.00327636,0.00843981,0.00228026,-0.000300511
0.0121077,0.00841549,0.00576992,0.00843472,0.00072532,0.000668294
0.0126429,0.00824781,0.00510052,0.00837379,0.00223242,0.000678415
0.0105395,0.00511275,0.00451999,0.00199518,-0.000197458,0.00061719
0.00769464,0.00570523,0.00480752,0.00732845,0.00215096,0.00146286
0.00792603,0.00537799,0.00326041,0.0033654,0.000168037,6.50198e-05
0.00596993,0.00454231,0.00514048,-0.000447401,0.00123826,0.00104386
0.00912148,0.00543482,0.0047382,0.00274697,0.00241242,0.000412373
0.02494,0.00726894,0.0122754,0.0191156,0.00307176,0.00209692
0.0199984,0.00728864,0.0102323,0.0175061,0.00187192,0.00216697
0.0121745,0.00599396,0.00557654,0.00731033,0.000613475,0.00225966
0.00685313,0.00507905,0.00285624,0.0017204,9.87402e-05,0.000104267
0.0249526,0.009324,0.00942057,0.0324684,0.0149741,0.0346118
0.0282477,0.011706,0.00866749,0.0280354,0.0122844,0.0311
0.015482,0.0102469,0.00492128,0.00196,0.00216998,0.000946907
0.0150114,0.00988486,0.0183582,0.0245453,0.00540205,0.00279186
0.0177702,0.00807215,0.00935476,0.00555086,0.0021006,0.00176344
0.0181306,0.00807323,0.00931704,0.0028193,0.00128729,0.0011232
0.00456859,0.0031914,0.00239097,0.00206293,6.27245e-06,0.000379907
0.0061344,0.00399441,0.0031497,0.00506932,-0.000426007,0.00138446
0.0133942,0.00913587,0.00474169,0.00749367,0.00126635,0.000539509
0.0089104,0.00593873,0.00349407,0.001309,0.000522446,0.00157194
0.010352,0.00474671,0.00371219,0.01346,0.00570724,0.0167283
0.00923322,0.00442434,0.00399002,0.0055336,0.00160415,-0.000475297
0.00732607,0.00512111,0.00903559,0.0123939,0.00181022,0.00043885
0.00577662,0.00442408,0.00263701,0.00403923,0.000796801,0.000743352
0.0101926,0.0073146,0.00253232,0.00181607,0.00152021,-3.87793e-05
0.00753527,0.00532875,0.00226029,0.0104367,0.00332913,0.00759619
0.0101406,0.0074239,0.0038628,0.00229798,0.00110991,-0.000136958
0.0180419,0.0103066,0.00575958,0.0103003,0.00184277,0.00215019
0.0164968,0.0104189,0.00565036,0.00873622,0.00141495,0.00149352
0.0118584,0.00534898,0.00706816,0.0070938,0.00255935,0.000625875
0.0149195,0.0085726,0.00887982,0.00675653,0.00365216,-3.18412e-05
0.00410154,0.00302458,0.00267648,0.00215073,-0.000260282,0.000676219
0.00991816,0.00722424,0.00301687,0.00689159,0.00117872,-0.000416964
0.0124099,0.00726616,0.00581002,0.00475899,0.00172686,-0.000473788
0.0117905,0.00632322,0.00706151,0.00248066,0.000665088,0.00120919
0.0113728,0.00492012,0.00639022,0.00489406,0.000468096,0.00149115
0.00444276,0.00324984,0.00112446,0.0029286,0.000362179,0.000130324
0.00883116,0.00605008,0.00324124,0.00116293,0.000111778,-0.000258929
0.00441989,0.00326587,0.00269091,0.0156744,0.0041691,0.0110558
0.00944581,0.00478615,0.00458091,0.00588515,0.00058499,-0.000486829
0.00652091,0.00475449,0.00421271,0.000256799,-0.000746469,0.00154567
0.00655224,0.00465732,0.00704686,0.00697388,0.00181015,0.000939847
0.0140479,0.00821774,0.00542442,0.00956558,0.000896914,-0.000599705
0.0124924,0.00718392,0.00510611,0.00621233,0.000700415,0.000636027
0.0120675,0.00824721,0.00464573,0.0098198,0.00110654,0.00146269
0.0191629,0.0134347,0.00769494,0.0113084,0.0013273,0.0030755
0.00988785,0.00318597,0.0050077,0.0102634,0.00115095,0.00106237
0.0322785,0.0152975,0.0158067,0.0284349,0.00747846,0.00935013
0.0324911,0.0172542,0.0129162,0.0257288,0.00604897,0.0135436
0.00485188,0.00357251,0.00226374,-0.000927246,0.000967448,0.00112054
0.0266532,0.0139987,0.0118365,0.0130744,0.00182365,0.00024849
0.0219136,0.0133588,0.0111068,0.0115647,0.00217947,0.000507409
0.0100774,0.00631026,0.00733967,0.00783251,0.00205017,-0.000472392
0.0229806,0.015383,0.00726036,0.014471,0.00246514,0.000838302
0.0102855,0.00744606,0.00300364,0.013352,0.00413873,0.00863661
0.011161,0.00594457,0.00435116,0.00833393,0.00124959,0.000748018
0.00455251,0.00323153,0.0034819,-0.0015582,0.00034312,0.00100116
0.01091,0.00783643,0.00691567,0.0044556,0.00151359,0.00153254
0.0207144,0.0142598,0.0107564,0.0117003,0.00393704,0.00195282
0.00882075,0.0063842,0.00414327,0.00706115,0.00085318,0.00078125
0.00637035,0.00482147,0.00240231,0.00136938,-0.000166894,-0.000606667
0.0176258,0.0106099,0.00716948,0.00675995,0.00215086,0.00180347
0.0146468,0.00882636,0.00626584,0.00577607,0.000478978,0.00168199
0.0148152,0.010337,0.00390988,0.00458069,0.00128683,0.000341736
0.00619459,0.00330816,0.00774001,0.00738837,0.000319083,0.000799229
0.0116853,0.0080708,0.00508784,0.00540743,0.00157045,0.000124264
0.0196366,0.0132525,0.00622656,0.00487337,0.0012429,0.000471051
0.0042,0.00322811,0.00235053,0.00391605,0.00136605,-0.000334709
0.0166425,0.0107562,0.00550581,0.00658492,0.000648535,0.00217019
0.00453464,0.00350754,0.00206344,-0.00239717,0.000916801,0.00078428
0.0105826,0.00606737,0.00555761,0.00281107,0.00177881,0.000668627
0.0244077,0.0150083,0.00895463,0.00600852,0.000977411,-6.39334e-05
0.0147296,0.0106733,0.00705475,0.00858646,0.000810888,0.000861232
0.011716,0.00843592,0.00424637,0.00442148,0.00201803,-0.000238954
0.00524617,0.00362741,0.00401654,0.00611991,0.00154555,0.000577024
0.0084341,0.0052382,0.0041105,0.00838758,0.00110084,0.00141686
0.00724253,0.00523699,0.00310979,0.0055346,0.000954146,-0.000810252
0.00656977,0.00486041,0.00277689,0.00382441,0.000642195,-7.6101e-05
0.0332877,0.0124613,0.0138109,0.0162277,0.0030328,-0.000407835
0.0325621,0.012599,0.0131624,0.01622,0.00322581,2.46285e-05
0.00964525,0.00660934,0.00827341,0.013225,0.0024828,0.000519674
0.00946612,0.00651266,0.00444792,0.00428137,0.000496822,0.000143345
0.0131314,0.00916567,0.00618256,0.00683741,0.0019939,0.0012228
0.0103519,0.00732101,0.00378137,0.00970948,0.00365366,0.00949654
0.00460756,0.00335595,0.00377647,0.00504334,-0.00030704,-0.000460402
0.00553681,0.00328971,0.0041505,0.00221702,8.37691e-05,-0.000672956
0.00976266,0.00450058,0.00677136,0.00683924,0.000956687,-0.000775738
0.0102084,0.00524619,0.0062538,0.00955235,0.00147624,-1.44387e-05
0.0206811,0.0133304,0.00877059,0.0119765,0.000860978,0.000239435
0.0113378,0.00769157,0.00543236,0.00642191,0.00141431,5.46831e-05
0.0184877,0.00723646,0.00784336,0.00261661,0.00204277,-0.000332098
0.018104,0.00710434,0.00760338,-0.000145312,0.00116296,-0.000223326
0.00837144,0.00611852,0.00438574,0.00274431,-0.00034467,0.000365078
0.0141389,0.00695636,0.00732371,0.0028311,0.00180212,0.00200077
0.0143412,0.0068847,0.00728841,0.00562252,0.000873879,0.000802479
0.0297954,0.0145292,0.0100642,0.0170887,0.00276103,0.00153273
0.0132619,0.00866011,0.0079248,0.00424939,0.000755908,0.00148685
0.00943965,0.00684418,0.00420792,0.00309984,0.00126791,0.00055225
0.00655379,0.00502902,0.00433743,0.00495086,0.000739093,0.00116814
0.00966868,0.00724656,0.00886821,0.00957255,0.00151186,0.000639834
0.00523419,0.00347466,0.00200089,-0.000446201,0.00152007,0.000488862
0.0156262,0.0110171,0.00490013,0.00879555,0.00111423,-0.000342026
0.00856653,0.00518213,0.00345875,0.00269547,0.0011621,0.00241685
0.0513157,0.0260665,0.0292734,0.039549,0.00844952,0.00594524
0.0112972,0.00795587,0.00286768,0.00481887,0.000540807,0.00131386
0.0169668,0.0101098,0.00928516,0.0136599,0.000782712,0.00126297
0.0113085,0.00677101,0.00602936,0.00537133,0.000769351,0.00159919
0.00548462,0.00435635,0.00261895,-0.000144492,0.000290936,-0.000690288
0.0102147,0.0075159,0.00398657,0.00125483,0.000805778,-0.000547055
0.00972467,0.00698215,0.0045617,0.00789618,0.00102824,0.000529467
0.0142063,0.00994147,0.00475429,0.00758618,-6.47121e-05,0.00076967
0.0136915,0.00960802,0.00848917,0.00536362,0.00164781,-0.000522251
0.0137002,0.00830766,0.00581407,0.00830924,0.000765835,-0.000382524
0.0121014,0.00852565,0.00658397,0.00778653,0.00124057,0.00104164
0.0058737,0.00400251,0.00479041,0.012286,0.00295274,0.0102087
0.00973158,0.00679259,0.00458535,0.00792366,0.00121389,0.00147456
0.00644796,0.00482066,0.00285029,0.00044026,0.00107705,-0.000165773
0.00547941,0.00346015,0.00449586,1.69672e-05,0.000994452,-0.000315511
0.0223794,0.0157562,0.0108078,0.0115839,0.00242071,0.00254662
0.00396789,0.00309782,0.00228041,-0.000438995,0.000419527,0.000337887
0.00904382,0.00621127,0.00488162,0.00722909,0.00219986,0.00155857
0.00670695,0.00469887,0.000975297,0.00400212,0.000977722,-0.000107453
0.00958489,0.0065065,0.00391549,0.00200906,0.000164903,0.000543627
0.0186972,0.00894317,0.0092064,0.00849476,0.00156091,-0.000227449
0.0188377,0.0089376,0.00914888,0.00880641,0.00159007,-0.000191543
0.00437269,0.00358594,0.00300961,0.00328812,0.000209271,-0.000375499
0.0095352,0.00663286,0.00382933,0.00719824,0.00149418,0.0004292
0.00799501,0.00554519,0.00444412,-0.00035247,7.67201e-05,-0.00043826
0.0123553,0.00892267,0.00327862,0.00739345,0.00105863,0.00129226
0.00880336,0.00639721,0.00303938,0.00121148,0.000616357,-0.000594425
0.00439908,0.00342067,0.00274644,-0.00156968,0.000465011,-0.000127068
0.00897797,0.00652408,0.0031412,0.00576759,0.00199618,0.00164309
0.00734264,0.0052426,0.00382815,0.00107098,0.000106265,0.000491314
0.00745973,0.00301153,0.00350359,-0.000923689,0.000479083,-0.00124115
0.00700381,0.0030444,0.00293926,0.00106732,-0.000541649,-0.000421697
0.00673605,0.0048925,0.00293318,-0.00239299,-0.000456905,0.00180101
0.0121246,0.00770085,0.00453088,0.00446333,0.000620469,0.00174098
0.0138611,0.00794294,0.00564655,0.00814819,0.000973504,0.000708076
0.0105529,0.0058901,0.00658147,0.00547701,0.000414579,0.00146827
0.0115179,0.00610815,0.00708361,0.00540553,0.000331462,0.00141771
0.00409143,0.00307277,0.00118677,-0.00490128,-0.000147001,-0.00052381
0.0300104,0.019895,0.0141167,0.0190223,0.00474101,0.00257559
0.00544934,0.00380794,0.00243711,0.00158759,2.99395e-05,0.000267737
0.0126061,0.00904159,0.00443874,0.00870382,0.000775706,0.00218143
0.00952634,0.00625661,0.00395364,0.00367971,0.00172831,0.000174114
0.0201654,0.013488,0.00529603,0.0032915,0.00101578,0.000874407
0.0122583,0.00788423,0.00711635,0.00263967,-0.000477279,0.000772677
0.00525488,0.00389096,0.00324964,0.00305589,0.000445235,0.000833452
0.01126,0.00790256,0.00362904,-0.000357449,0.000302932,0.000607808
0.00920487,0.00428088,0.00498224,0.00265348,0.000665408,-0.00048123
0.0180393,0.0118751,0.00878106,0.00668051,0.0017254,-0.000239454
0.00496917,0.00345674,0.0027457,0.00209029,-0.000270343,-0.000143066
0.0127185,0.0086992,0.0060969,0.00712598,0.00143238,0.000227848
0.022153,0.0146059,0.0131937,0.0210258,0.00470689,0.00622574
0.0191073,0.00982511,0.00779501,0.0115808,0.00201428,0.00182467
0.0172385,0.00979136,0.00719348,0.0113035,0.00181834,0.00123884
0.0054752,0.00305486,0.00398056,0.00328091,-0.000133396,0.00140131
0.0194378,0.0136309,0.00705648,0.00558853,0.00139233,0.000366368
0.0248855,0.0135504,0.00871107,0.00783187,0.0018859,0.0008069
0.0100664,0.00560284,0.00369599,0.00201842,-0.000427139,0.000476072
0.0244762,0.0151557,0.0088466,0.0115807,0.00158622,0.00083069
0.00622097,0.00457417,0.00277753,0.00386637,0.000335963,0.000210842
0.00933408,0.0068225,0.00790101,0.00773067,0.00363744,0.000965497
0.00940458,0.00550463,0.00747849,0.00568147,0.0017729,-0.000405965
0.017896,0.0112846,0.00690643,0.00609799,0.00180951,0.000441802
0.0153939,0.00669584,0.0066802,0.0105799,0.00177698,0.00097442
0.0163053,0.00704672,0.00614513,0.0085902,0.00221917,0.000652633
0.010523,0.00747064,0.00443855,0.00403488,0.00139941,0.000447169
0.00426724,0.00308663,0.00256867,0.000504421,-0.00018637,0.000651421
0.00812314,0.00542916,0.00349704,0.00590411,0.000522558,0.000529582
0.00654094,0.0047577,0.00357189,-0.000969712,0.000460556,0.000555685
0.0103858,0.0061785,0.00385066,0.00590172,0.0017911,0.00130835
0.00595637,0.00464958,0.00615162,0.00391431,0.00039514,-3.17762e-05
0.00452741,0.00369821,0.00236097,0.00307013,5.21072e-05,0.000699742
0.0161634,0.0115507,0.00705847,0.00598364,0.00118676,0.00176604
0.00915593,0.00391411,0.0045514,0.00444908,0.00196361,0.000902678
0.0170121,0.0074684,0.00802336,0.00638773,0.00153326,0.000211657
0.0102631,0.00620119,0.00756261,0.00876531,0.00129073,0.00113806
0.0130777,0.00675706,0.00856821,0.0104513,0.00191088,0.000879757
0.00983867,0.00450599,0.00331792,0.00836201,0.000981853,0.00021354
0.0125814,0.00751012,0.00346907,0.0056202,0.00247718,-0.000186723
0.00945116,0.00696115,0.00422167,0.00925617,0.00101115,0.00235634
0.0135363,0.0100759,0.0043929,0.0050031,0.000672624,0.00176154
0.00854611,0.00360976,0.00450802,0.00539191,0.000817288,0.00119066
0.017914,0.00777283,0.0081813,0.0144569,0.0028299,0.000881059
0.0115769,0.00781981,0.0183616,0.0141142,0.00385893,0.00127415
0.00656574,0.00468733,0.00254757,0.00289083,0.00194188,0.00447344
0.0184979,0.0071584,0.00604619,0.0259085,0.00928353,0.0236415
0.0216723,0.00662213,0.00801096,0.0385326,0.0124117,0.0366337
0.00904788,0.00622536,0.00203161,0.0089889,0.00180081,0.00123987
0.0197842,0.0124893,0.00888764,0.00579934,0.00259261,0.00139747
0.0108101,0.0072239,0.00670205,0.00803692,0.00113957,0.000651458
0.0136675,0.00925156,0.00889388,0.0138304,0.00286891,0.00336732
0.0182752,0.0122838,0.00531154,0.0105518,0.00133028,0.00246479
0.0151217,0.0104734,0.00555703,0.00177369,0.000821189,0.00128131
0.00479969,0.00314252,0.00216132,-5.1581e-05,-0.000567474,-0.00077488
0.00511565,0.00323849,0.00287388,-0.00223824,0.00113736,0.00169465
0.0340795,0.0134831,0.0254622,0.0436074,0.0125282,0.0154098
0.0372499,0.0165525,0.0315204,0.0481384,0.0100679,0.0110098
0.0114964,0.00691163,0.00624294,0.00754411,0.000984129,0.000713652
0.014535,0.00814984,0.00699686,0.0116797,0.00159377,0.000118656
0.00773709,0.00396426,0.00420481,0.00389903,0.0014398,0.00111621
0.0139884,0.00968534,0.00410105,0.00309687,-0.000545594,0.00102336
0.00984861,0.00683417,0.00374288,0.00305103,0.00111808,0.000764837
0.0298937,0.0203201,0.0114041,0.0186058,0.00496932,0.00367788
0.00720312,0.00298294,0.00413058,0.00623141,0.000325058,0.00176969
0.0188568,0.010262,0.0117362,0.0108977,0.00319178,0.00376184
0.0208335,0.0131326,0.0128351,0.0117412,0.00303827,0.00216958
0.00866997,0.00573377,0.00319078,0.0052213,0.000749894,-0.000566197
0.0154861,0.00750068,0.0120965,0.0105845,0.00163392,0.00243477
0.0132128,0.00931588,0.0103362,0.0163999,0.00353779,0.00195222
0.0183414,0.0103669,0.00609774,0.00800071,0.00241469,0.000285104
0.00607087,0.00339265,0.0027544,0.00162681,0.00110777,0.000288169
0.0159345,0.0108252,0.00521037,0.00538359,0.0019179,0.000553266
0.00703005,0.0049347,0.00222712,0.0036296,0.000940085,0.00040544
0.0075321,0.00530616,0.00438252,0.00719068,0.000775425,0.000938428
0.00702019,0.00464982,0.00494637,0.00741952,0.00172299,0.00110183
0.010686,0.00735941,0.00344913,0.00182917,0.00168096,0.000330916
0.0115974,0.00814123,0.0029775,0.00324585,-0.000271183,0.000458114
0.0142955,0.0102762,0.00610101,0.00455981,0.00236579,0.000811899
0.00800681,0.00558341,0.00375261,0.00178265,0.000926835,-0.00072949
0.0156913,0.0106813,0.00454628,0.00785574,0.000797656,-0.000997739
0.0169621,0.0116026,0.00473984,0.00410378,0.000314367,0.00151266
0.00762739,0.00533508,0.00699168,0.0097951,0.00164664,0.00107385
0.0115569,0.00842014,0.0035945,0.00728363,0.000883722,0.00135842
0.00799382,0.00427132,0.00369021,0.00178716,0.000939667,-0.00049247
0.0184833,0.012516,0.00688335,0.00438439,0.00219316,0.000818894
0.00699048,0.00539948,0.00384719,0.00347878,-0.000400155,0.000954964
0.0197043,0.0138035,0.00738669,0.00562707,0.0013624,0.000833074
0.00568479,0.00450002,0.00353445,-0.000552982,7.01811e-05,-0.000768822
0.00537289,0.00402034,0.00284054,0.00200133,0.000378139,0.000545725
0.0115728,0.00831478,0.00694544,0.0077622,0.00170049,-2.03945e-05
0.00637623,0.00475384,0.00294391,0.00303076,-2.8561e-05,0.000396684
0.00805615,0.00571071,0.00336525,0.000256764,0.000715088,-0.000844839
0.0140562,0.00888141,0.00914433,0.0110792,0.00188987,0.00199361
0.0113467,0.00788863,0.00332421,0.00533514,0.000988855,0.00119023
0.0109439,0.00430595,0.00686893,0.0107986,0.00259032,0.00227886
0.0130843,0.00536427,0.00780233,0.00554008,0.00162254,0.00290028
0.0215828,0.0143372,0.00759285,0.00699566,0.00193169,0.00180978
0.00966892,0.00687814,0.00313389,0.00365931,0.000509488,-0.000752766
0.0104582,0.00708947,0.00283427,0.00635208,0.000779207,0.000291054
0.0192927,0.0134482,0.00742312,0.0085098,0.00191432,-0.000534316
0.00462953,0.0033125,0.00161677,0.00175591,-0.000214191,-0.000647899
0.00893576,0.00598216,0.00308724,-0.000273089,9.35187e-05,0.000309249
0.00475843,0.00352509,0.00181498,0.00203468,-0.00103337,0.000776429
0.00692546,0.00414046,0.0042166,0.00417794,-0.000208199,0.0015935
0.00741863,0.00507206,0.00444647,0.00271908,0.000727727,0.000727217
0.0147959,0.0105063,0.00641626,0.000818794,0.00111148,0.00116679
0.00597755,0.00464999,0.00360024,0.00211525,-0.00105697,0.000448337
0.0100498,0.00687926,0.00475598,0.00380817,0.000399965,5.58937e-05
0.0152747,0.0107097,0.00740683,0.0150935,0.00305935,0.00387412
0.00436584,0.00333122,0.00219744,0.0036127,0.000827533,-0.000713819
0.00808276,0.00538535,0.00353618,0.00386933,0.00078982,-0.000280197
0.017311,0.0121087,0.00464602,0.00343896,0.00100659,-0.000572909
0.0139365,0.00922892,0.00602498,0.00305974,0.00118429,0.00110716
0.0106172,0.00677453,0.00492896,0.00341203,0.000705251,0.00133451
0.0236667,0.0115823,0.0125526,0.0120772,0.0028213,0.00222203
0.0123768,0.00862106,0.00447785,0.00205953,0.000213221,-0.000399701
0.00816368,0.00353444,0.00516929,0.00897596,0.00111654,0.00100591
0.00801044,0.00347906,0.00491781,0.0068991,0.000696041,0.00149687
0.0123192,0.00849663,0.00418087,0.0108544,0.00156934,0.000574958
0.00833703,0.00524688,0.00294396,0.00764331,0.00060276,0.00187883
0.0157679,0.00969955,0.00910142,0.00840084,0.0016403,0.00244789
0.0301329,0.0149946,0.0119469,0.0198627,0.00741781,0.0151395
0.0152484,0.0107902,0.00950453,0.00978129,0.00254197,0.00125146
0.0045438,0.00336574,0.0020524,0.00241202,-0.000453127,0.000611332
0.00616863,0.00413277,0.00232892,0.00218536,-8.42257e-05,0.00110212
0.00515485,0.00406649,0.00220073,0.00304607,0.000936895,0.000431299
0.00990115,0.00711058,0.00486028,0.00891183,0.00162783,0.000543309
0.00766361,0.00357561,0.00426521,0.00154024,0.000805593,-0.000289897
0.00450021,0.00334643,0.00578842,0.000806789,5.58049e-06,0.00101122
0.00564017,0.00422197,0.00502134,0.0048568,0.00183615,0.00231045
0.00514877,0.00390523,0.00256354,0.00440263,0.00169163,0.00150952
0.00746249,0.00569703,0.00634788,0.00551503,-1.85679e-05,0.000953482
0.0108406,0.0077073,0.00417081,0.00557317,0.000728493,0.000882272
0.00678085,0.00446475,0.00347538,-0.00125499,6.97373e-05,0.000590324
0.0126679,0.00890455,0.00522214,0.000379549,0.00210864,0.0002787
0.0203627,0.00822668,0.00733037,0.0094309,0.00202044,0.00245967
0.0258331,0.0125061,0.0103779,0.0114745,0.00237832,0.00367822
0.0230502,0.015645,0.00798534,0.0168476,0.00301701,0.00482974
0.0143971,0.0066219,0.00619727,0.0119336,0.00292202,0.00676738
0.0241924,0.0118488,0.0101356,0.0113406,0.00279531,0.00373825
0.0198606,0.00957706,0.00840411,0.00700441,0.00126875,0.00222041
0.0191794,0.0129963,0.00915883,0.0202496,0.00470202,0.0110301
0.00427132,0.00334017,0.00243049,0.0021743,0.000181968,-0.000188836
0.0114117,0.00814748,0.00487533,0.0013204,0.00141704,0.000720269
0.00933502,0.00661667,0.00498795,-0.000193337,0.000606929,-0.000485828
0.00795804,0.00572697,0.00287161,0.00297237,0.000549844,0.00129633
0.0141595,0.00997794,0.014392,0.0129644,0.00491038,0.000957216
0.0148352,0.00551653,0.00572535,0.00812029,0.00155597,0.000462084
0.0282613,0.0144556,0.00978165,0.00930523,0.0019196,0.00104149
0.0252698,0.0144939,0.00889438,0.009746,0.00172828,0.00025493
0.00484076,0.00325034,0.00240511,0.00290413,0.000380295,0.00111134
0.0244586,0.0097962,0.0103201,0.0142908,0.00184258,0.000692863
0.0246935,0.00978287,0.0100336,0.0116284,0.00222895,0.000591581
0.0219139,0.0137477,0.00578629,0.00584578,0.00187276,0.00118089
0.0147592,0.00633509,0.00628153,0.00906402,0.00152209,0.000291462
0.017043,0.00689882,0.00714263,0.00774742,0.00111443,0.000226018
0.0157376,0.00608678,0.0104189,0.0203364,0.0037238,0.00169949
0.0227045,0.0106463,0.0142782,0.026662,0.00399355,0.00176579
0.0175416,0.00902332,0.00714012,0.00497865,0.000904904,0.000604837
0.0115076,0.0080194,0.00382713,0.00505769,0.000928466,0.00128644
0.00613939,0.00481364,0.00226017,-0.00186506,0.000313538,0.000834676
0.0105322,0.00422402,0.00417752,0.00883013,0.00127399,0.000875813
0.0105102,0.00411576,0.00443841,0.0101241,0.00110804,0.000548233
0.00514781,0.00372453,0.00288934,-0.00114097,-0.000110498,-0.000456331
0.0156437,0.0105834,0.00753257,0.00482045,0.00310585,0.000824939
0.00655117,0.00461749,0.00357099,0.000700776,-4.98813e-05,-0.000356357
0.0102054,0.00728759,0.00709984,0.00914382,0.00150963,0.000768185
0.00942367,0.00639989,0.00441634,0.00386411,0.000572194,-0.000873364
0.00927346,0.0068603,0.00398226,0.00607604,9.92635e-05,0.00160722
0.00592686,0.00416891,0.00318337,0.00452419,0.000529776,0.000229144
0.00559994,0.00432601,0.00301807,0.00253845,0.000672931,-0.000829999
0.00650791,0.00487574,0.0039497,0.000397123,1.22646e-05,-0.000220672
0.0156285,0.00899806,0.00709546,0.0165906,0.00127226,0.000731952
0.0165883,0.00802727,0.00536369,0.00962598,0.00103833,-0.000807552
0.0183235,0.0128914,0.0067424,0.00563667,0.00180002,0.00112284
0.0227725,0.0156843,0.00753408,0.00803961,0.0015369,-0.000108468
0.0132831,0.00899108,0.00344614,0.00734406,0.0015692,-0.00109536
0.0129959,0.00911489,0.00444928,0.00373107,0.00109598,-0.000211667
0.0141859,0.00971418,0.00383785,0.00195438,-0.000768532,0.000488205
0.0195743,0.0124827,0.00745792,0.00861894,0.00116722,0.00185927
0.00716618,0.00301584,0.00280004,0.00345509,0.00103344,0.0006173
0.00884064,0.00562317,0.00349133,0.00341487,0.0012893,-0.000591123
0.00610605,0.00473621,0.00292662,0.00562443,-0.00025785,1.36842e-05
0.00614595,0.00460242,0.00229002,-0.00181684,0.000163426,0.00110589
0.00518212,0.00380417,0.0029418,0.00211246,0.000206201,0.000425148
0.0139535,0.00659767,0.00545308,0.00712935,0.0014848,0.000392182
0.0142399,0.00653847,0.00581761,0.0107424,0.000772301,0.000965347
0.00846845,0.00567925,0.00352052,0.00303734,0.00270004,0.000945981
0.00954785,0.00627262,0.00330716,0.00225515,0.00102242,0.000841795
0.00632266,0.00461978,0.00290639,0.00167781,0.000308483,-0.000573621
0.0210609,0.011638,0.00935009,0.0112335,0.00115613,0.00242802
0.00708865,0.00492171,0.00497665,0.00156761,-0.000129786,0.00169549
0.00641503,0.0032607,0.00303463,0.000370729,6.77699e-05,0
0.0119414,0.00692077,0.00709213,0.0108599,0.00079211,-0.000653597
0.00755018,0.00533228,0.0053186,0.0104816,0.00327456,0.00824404
0.0155164,0.0107329,0.0048356,0.00982498,0.0037103,0.00861616
0.00740233,0.00513445,0.00312063,0.0055618,0.000734875,0.00268595
0.0099358,0.00670304,0.00481831,0.00147186,0.000653568,0.000349433
0.00982193,0.00555224,0.00517894,0.00476667,0.000596257,0.000302723
0.00949871,0.0065604,0.00430904,0.00718702,5.04245e-06,0.00209609
0.0102971,0.00613389,0.00340526,0.00886229,0.000364468,0.0010647
0.01129,0.00806665,0.00337344,0.0028616,0.00114628,0.00132087
0.00535561,0.00377647,0.00211031,0.00304965,0.000957403,-0.00100525
0.007704,0.00459323,0.00203683,0.00228259,0.000987073,0.000911392
0.00831574,0.00342924,0.00214142,0.00438733,0.00141211,0.00118978
0.0141587,0.00973663,0.0062412,0.00701884,0.0014105,0.00133643
0.00830279,0.00596244,0.00342238,-0.000870511,0.000519168,0.000413571
0.0111162,0.00797426,0.00359152,0.00978035,0.0016138,0.00100149
0.0119083,0.00858533,0.0075933,0.0100263,0.00235072,0.00178628
0.00655888,0.00488723,0.00227222,0.00172784,0.000128879,0.000441676
0.0230306,0.0130576,0.0125139,0.018865,0.00311347,0.00200297
0.00803669,0.00567634,0.00415852,0.00336693,0.000700178,0.000973282
0.0109921,0.00766217,0.00538721,0.00834214,0.000327979,0.00062886
0.00703319,0.00497139,0.00816122,0.00900421,0.000924062,0.000734095
0.014594,0.0101826,0.0065335,0.00509846,4.07578e-05,0.000515171
0.0103227,0.00703455,0.00557189,0.00254025,0.000535612,0.000339335
0.0335399,0.020037,0.0128885,0.0164905,0.0025827,0.00378349
0.00606131,0.00453516,0.00220785,0.00336611,-0.000115116,-0.000353345
0.0172218,0.0107949,0.0085702,0.00565218,0.0014357,0.000977209
0.00915932,0.0055135,0.00435565,0.00129563,0.000629232,0.00014022
0.005739,0.00405861,0.00238658,-0.00238116,0.000563708,0.000624342
0.00713987,0.00381783,0.00410843,0.00110912,0.000534559,5.38407e-05
0.0071375,0.003863,0.0038424,0.00342343,0.000492567,0.000656545
0.00996167,0.00596645,0.00631733,0.0021402,0.000966608,0.00163123
0.0094178,0.00593014,0.00644628,0.00248582,0.00104285,0.00184555
0.0190449,0.0127867,0.00919496,0.0115832,0.00199605,0.0026269
0.00847405,0.00487061,0.00441574,0.0038116,-0.000194929,0.000730276
0.0118683,0.00769682,0.00437288,0.00585457,0.00141439,0.000738813
0.00947664,0.00552085,0.00326494,0.00910489,0.00119229,8.20426e-05
0.00533505,0.00370365,0.00382146,0.00331639,-0.000555821,0.00104025
0.0100166,0.0040334,0.00538602,0.00229023,0.00121718,-0.000660522
0.01019,0.00395423,0.00555191,0.00108784,0.00116645,0.000416449
0.0151126,0.00653984,0.00909884,0.0109655,0.00223967,0.00256491
0.0147192,0.00654055,0.00864503,0.00914268,0.00198742,0.00072866
0.00797471,0.00578491,0.00338269,0.00170434,0.00116773,0.00242019
0.00383228,0.00297082,0.00192843,-0.00132592,0.000225479,0.000624098
0.00708859,0.00483681,0.00311604,0.0029392,3.02482e-06,0.000357283
0.00625367,0.00424366,0.00233021,0.00238829,0.000978399,0.00154672
0.0157207,0.00967958,0.00570772,0.00687678,0.000262214,0.00107441
0.0231751,0.0143243,0.0109514,0.0118832,0.00206029,0.000973373
0.00958389,0.00705008,0.00437872,0.000323299,0.00118535,-0.000704658
0.0348707,0.0196157,0.0260551,0.0348787,0.00688805,0.00304682
0.00865562,0.0055382,0.00402531,0.00882112,0.00161806,0.00032041
0.00604576,0.00440744,0.00350427,0.00124265,0.000193252,0.00120193
0.00590844,0.00435399,0.00219576,0.0197539,0.00717629,0.0194786
0.00876967,0.00404629,0.00538015,0.00471492,0.00124545,0.00187782
0.0156233,0.00968622,0.00861222,0.00999871,0.00277275,0.000619648
0.0191075,0.0123949,0.0112577,0.00789187,0.00109453,0.000494709
0.00969508,0.00661261,0.00446621,0.0139891,0.00261076,0.00943921
0.00621865,0.00395875,0.00209307,0.0016722,-5.9019e-05,0.00132051
0.0389909,0.0171577,0.0171056,0.0254936,0.00851418,0.0144192
0.0393782,0.01706,0.0164657,0.0234479,0.00764992,0.0149696
0.00951421,0.00673049,0.00558429,0.000148507,0.000201477,0.000279376
0.0050911,0.00338044,0.00320714,0.00121948,8.75936e-05,0.000979229
0.0101202,0.0042847,0.00460652,0.000957364,0.00112758,0.000558916
0.0102065,0.00517843,0.00436923,-0.00179714,0.000832138,0.000742455
0.00488632,0.00360665,0.00285706,0.00225666,-0.000197792,0.0010584
0.00544618,0.00416073,0.00187558,0.000948078,-0.00037593,6.19609e-05
0.00602114,0.00445642,0.00290574,0.0045989,2.24524e-05,0.00210114
0.00658805,0.00505259,0.00282368,0.00514895,0.000469321,-0.000231085
0.0171734,0.011618,0.00755067,0.00902148,0.00224927,0.00086299
0.0288958,0.0199666,0.0122052,0.0164064,0.00269752,-0.000208817
0.011597,0.00828508,0.00446112,0.00561406,0.00153198,0.00136515
0.0183998,0.0127358,0.00589506,0.00484133,0.00126857,0.00168421
0.0107517,0.00808931,0.00635046,0.00667931,0.00134742,0.000318911
0.014153,0.00709269,0.00988288,0.0135254,0.00183916,0.00256822
0.0177436,0.00756895,0.00974897,0.0153396,0.00162927,0.000839278
0.0124854,0.00798075,0.00677291,0.013306,0.00174783,0.000900403
0.0197489,0.00972757,0.00933254,0.00932796,0.00175479,0.00119694
0.017757,0.0123213,0.0107735,0.0113134,0.00256268,0.00235294
0.0147199,0.00841408,0.0074307,0.0159507,0.00580091,0.00924734
0.0116086,0.00760965,0.00629988,0.0172018,0.00559271,0.00978891
0.0162683,0.00874794,0.00784786,0.00784387,0.00249444,0.00134483
0.0079658,0.00562866,0.00275661,0.00425131,6.44277e-05,0.000941171
0.0159152,0.00850836,0.00434247,0.0102836,0.00228144,0.000178334
0.0163516,0.0081671,0.00532775,0.00712634,0.00248431,0.0017385
0.00471487,0.00354962,0.00286335,0.00589313,0.00066817,-0.00121905
0.00870731,0.00579217,0.00318222,0.00420278,-0.000266569,-0.000881511
0.0255166,0.0156197,0.00959164,0.0107997,0.00174397,0.00173156
0.0115998,0.0076883,0.00988551,0.00449544,0.001591,0.00153699
0.0116538,0.00340093,0.00855851,0.00816088,0.000888141,0.00107201
0.0116384,0.00606131,0.00619607,0.00749659,0.000713521,0.00112843
0.00790252,0.003343,0.00331709,0.00108724,-0.000460255,0.00147726
0.0122902,0.00636092,0.00547881,0.0071243,0.00183217,-0.000452179
0.0122816,0.00654243,0.00601842,0.00233816,0.000738929,0.000733511
0.011079,0.00751891,0.00489789,0.00782741,-0.000782232,-5.31805e-05
0.00838066,0.00593495,0.0044956,0.0033196,0.000292327,0.00103349
0.00561847,0.00404746,0.0024514,0.00331672,0.000888323,-0.000598813
0.00534247,0.00307804,0.0037717,0.00813751,0.000629827,0.00197068
0.00674097,0.00337754,0.00434662,0.0065575,0.00122018,0.00118627
0.00640312,0.00476049,0.00277156,-0.00186928,-7.3614e-05,0.000670016
0.00737001,0.00422166,0.00379432,-0.00424651,0.000679774,0.000333597
0.0158085,0.0106612,0.00719803,0.00513284,0.00261968,0.000613154
0.00538037,0.00302096,0.00346657,0.00185198,-0.000107551,0.000648787
0.00737605,0.00306265,0.00461718,0.00316239,0.000609114,0.00074718
0.00987935,0.00574473,0.00472324,0.00494866,0.000255887,0.000340584
0.0054098,0.00419547,0.00270847,-0.00147024,-0.000318155,0.00104376
0.0117488,0.00853768,0.00426205,0.000280121,-0.000287284,0.000128793
0.009728,0.00674381,0.00465834,0.00169921,0.000608468,-0.000976006
0.0124385,0.00850464,0.00551015,0.00696309,0.000878366,-4.67942e-05
0.00549897,0.00405484,0.00269567,0.00121221,-2.15583e-05,-0.00123045
0.00699707,0.00504077,0.00293733,0.00709458,0.000354227,-0.000777611
0.00949757,0.00678393,0.0064608,0.00973284,0.00147287,-0.00018092
0.0228026,0.0155922,0.00951218,0.015058,0.00156978,0.00208949
0.00387649,0.00307953,0.00192202,0.000646601,0.000123429,0.000797007
0.0072605,0.00550785,0.00372387,0.00153664,0.00123519,0.000159896
0.0272055,0.0144201,0.0104715,0.0141374,0.00229772,-0.000101657
0.0111908,0.00761937,0.00406931,0.0069894,0.000351672,0.00193807
0.00968197,0.00371641,0.00583307,0.00254407,1.82591e-05,0.00147851
0.00980087,0.00389496,0.00577206,0.00198728,5.59179e-06,0.000465339
0.0128154,0.00842354,0.00420304,0.000340371,0.000513469,0.000100987
0.00888716,0.00643865,0.00358569,-0.0015622,-0.00026586,0.000128704
0.0134184,0.00965324,0.00692437,0.00682537,0.00227137,0.00027556
0.00647838,0.00461322,0.00321788,0.00553636,0.00164112,0.00377921
0.00669455,0.00477165,0.00250266,0.0011548,-0.000684249,0.00110045
0.00837724,0.00479399,0.00486672,0.00458041,0.000314669,8.01503e-05
0.0107311,0.00481039,0.00567091,0.00379387,0.000630237,-4.78075e-05
0.0177268,0.0112713,0.00699787,0.00839384,0.000887402,0.000844474
0.015181,0.0104907,0.00550491,0.00384584,0.000941361,5.05126e-05
0.0105441,0.00739733,0.00396849,0.00315998,0.000578669,0.000564897
0.00788443,0.00544752,0.00374879,0.00326344,0.00117054,0.00315617
0.0237132,0.0164788,0.00789535,0.00415163,0.00172553,0.00230195
0.0119936,0.00802993,0.00305785,0.00565293,0.00135046,0.00013992
0.00862292,0.00594589,0.00367221,0.0034976,0.00102867,-0.000754039
0.0183942,0.0108523,0.00936829,0.0170942,0.00407227,0.00167259
0.0117357,0.00614466,0.00411145,0.0055258,0.000964185,0.000489658
0.0134773,0.0059315,0.00460647,0.00728123,0.000745854,-0.000390336
0.0121666,0.00391939,0.00512999,0.00787221,0.00115112,-0.000331607
0.00428603,0.00344278,0.00186046,-0.000498312,0.000161124,-0.000305684
0.00809323,0.00325342,0.00316178,0.000738329,0.000824171,0.000289962
0.0116573,0.0082954,0.00497922,0.00122758,0.00037532,0.000824099
0.00648212,0.00483656,0.00467118,0.00224933,0.00072961,0.00143043
0.0289463,0.0183721,0.0113715,0.0206985,0.00408563,0.00207178
0.0102177,0.00716014,0.00722989,0.00711194,0.00095886,-0.000416645
0.0112735,0.0079584,0.0034162,0.00615839,0.000195055,0.000558665
0.0243014,0.0143062,0.0176192,0.0233677,0.00409581,0.00269527
0.0105889,0.00731105,0.00445895,0.00351166,0.000573356,0.000783869
0.00402039,0.00320368,0.00199578,0.00201852,0.000483492,0.00137808
0.00851221,0.0059118,0.00273089,0.00247508,-0.000102257,0.000702458
0.00685104,0.00433417,0.00396633,0.00390901,0.00102269,6.31723e-05
0.0138586,0.00897124,0.00524536,0.00220532,0.00115601,-0.000872682
0.00928262,0.00672968,0.0223214,0.0217888,0.00488217,0.00140317
0.0222596,0.0151492,0.00994811,0.0148432,0.0023775,0.00171264
0.00442222,0.0031891,0.00311918,0.0017143,-0.000681462,0.000938022
0.00481466,0.00352815,0.00365781,0.00809748,0.000486986,0.00157443
0.00445293,0.00337203,0.00221638,-0.000474131,0.00034021,0.00180958
0.00530936,0.00407676,0.00277759,-0.000217377,0.00100143,0.000957336
0.0277029,0.0111265,0.0132384,0.0132923,0.00383905,0.0018671
0.0234509,0.0110685,0.0108337,0.0101817,0.00400842,0.00143893
0.00639973,0.00433511,0.00786636,0.0114011,0.00565124,0.00541697
0.0095579,0.00670435,0.00336431,0.00345758,0.000896438,0.000464453
0.0126899,0.00866558,0.00375758,0.00213609,0.000573899,2.7178e-05
0.0160811,0.0109035,0.0109955,0.0153752,0.00236263,0.000290466
0.0114911,0.00792555,0.00385371,0.00871314,0.00247336,0.000962927
0.0137265,0.00985567,0.00544002,0.00351713,-2.22964e-05,0.00176745
0.00625926,0.00449121,0.00888631,0.00491144,0.000696148,0.00212228
0.00720149,0.00503682,0.0140117,0.0217165,0.00410928,0.00250369
0.0118382,0.00834358,0.00599161,0.00103812,0.000812621,0.00248499
0.00453482,0.00320525,0.00302397,-0.000618733,-0.000511016,0.0010526
0.00983275,0.00701642,0.00455497,0.00326213,-3.00401e-05,-0.000857182
0.00939004,0.00470133,0.0039671,0.00152267,0.00263435,0.00308819
0.0100458,0.00495333,0.00448835,0.00419751,0.00203864,0.0053034
0.0197595,0.0125206,0.00956343,0.00977911,0.00229326,-0.0003339
0.0129667,0.00782024,0.00684716,0.00599435,0.000300683,0.00045476
0.00904346,0.00572992,0.00403491,0.00455105,-4.36918e-05,0.000814807
0.0119959,0.00821121,0.00446925,0.00360529,0.000925213,0.000727709
0.00828053,0.00613638,0.00564166,-0.0015815,0.000405838,0.000895654
0.00440331,0.0032567,0.00175844,-0.000790308,-0.000107134,-6.05571e-05
0.00457215,0.00332453,0.00185247,0.00248819,0.000746412,-0.00026904
0.018724,0.00859052,0.00928766,0.00700925,0.00255187,0.00146711
0.0231326,0.0126165,0.0115123,0.00597017,0.00219514,0.00150745
0.0149891,0.00931996,0.00457486,0.00485631,0.0014193,0.00315977
0.0113698,0.00571294,0.0039179,0.00467213,0.00121626,0.00137272
0.0117586,0.00852818,0.00567048,0.00494074,0.00129461,0.000128622
0.00750417,0.00530921,0.0181412,0.00787987,0.000399601,0.00357783
0.0168342,0.00810986,0.00951618,0.0203541,0.00631667,0.0204649
0.0144141,0.00715698,0.006133,0.00947226,0.00167854,5.44457e-05
0.0159398,0.00722704,0.00666069,0.00837407,0.00192539,-0.000135117
0.00804314,0.0058141,0.00329168,-0.00263584,0.000572009,2.33112e-05
0.00923548,0.00545099,0.00353324,0.00333635,0.000706372,0.00105036
0.00869388,0.00429871,0.00385942,5.84188e-05,-0.000351017,-0.000460556
0.00390193,0.00297074,0.00286866,-0.00236199,-0.00125526,-0.00080318
0.00743194,0.00554067,0.00353724,-8.5045e-05,0.000625347,0.00175103
0.0159017,0.0110015,0.00875957,0.012048,0.00419878,0.00216279
0.00968289,0.00704508,0.00387285,0.00443411,0.00213601,-0.000397537
0.0082149,0.00602283,0.00394413,0.00616663,0.000913416,-0.000680678
0.00670419,0.00486667,0.00296976,0.00224888,-6.47354e-05,-0.000167179
0.0183908,0.00873459,0.00860245,0.00659006,0.000812936,0.00187533
0.0184014,0.00877889,0.00850543,0.00872869,0.00123156,0.000888802
0.0049298,0.00376005,0.00215422,0.00356433,0.000227555,-0.00160086
0.0526265,0.0347074,0.0216092,0.0382792,0.0073681,0.00121111
0.013234,0.00629897,0.00362271,0.00215227,-0.000349225,-0.000778447
0.00544923,0.00396785,0.00337614,0.0018031,-0.000192631,0.000378469
0.0132318,0.00926631,0.00643854,0.00699795,0.002085,0.00118052
0.015885,0.0115234,0.00357752,0.00632594,0.00158384,0.00145707
0.00676864,0.00499343,0.00321077,0.00385674,0.000532998,0.000985667
0.0113734,0.00828237,0.00584356,0.00284313,0.000775265,0.00105059
0.0158559,0.011226,0.00619926,0.00416633,0.00027887,0.000749175
0.0113251,0.00749336,0.00357773,0.00477548,0.000922932,-0.000948965
0.0113841,0.00602933,0.0037437,0.00675627,0.00073556,-3.79925e-05
0.0057141,0.00409072,0.00126055,0.00370351,0.000176869,0.00198273
0.0122986,0.00887397,0.0139376,0.0121601,0.00301779,0.00231384
0.03516,0.0169685,0.0154164,0.0149024,0.00285001,0.000627994
0.0156416,0.0105991,0.00633094,0.00179929,7.37112e-05,0.000858443
0.0275182,0.0173555,0.0115411,0.0245194,0.00536539,0.0115394
0.0257545,0.0163031,0.0116563,0.015962,0.00183605,0.00336607
0.00576148,0.00399023,0.00166746,0.00331072,5.5128e-06,0.000733393
0.0151318,0.0107716,0.0065962,0.00635739,0.00168548,0.00156266
0.0317708,0.0171104,0.0160539,0.0193721,0.00262051,0.000814257
0.0325982,0.012872,0.0203124,0.0195576,0.00356244,0.00112506
0.0231841,0.00955526,0.0142024,0.0150753,0.00144849,0.000817001
0.00469996,0.0035068,0.00246042,0.00391021,0.000600357,0.0014605
0.0095084,0.00705737,0.00437976,0.00209756,0.0014905,3.21166e-05
0.00736164,0.00530114,0.00324739,-0.000335977,0.000340246,0.000645271
0.0117139,0.00834681,0.00629589,0.00485273,0.000639063,0.000215206
0.00895411,0.00629321,0.00304177,0.00555737,0.0015942,0.00171658
0.0202539,0.0118491,0.0132542,0.0172057,0.00482426,0.00141384
0.0203776,0.0113703,0.0121493,0.0139263,0.00351788,0.00212642
0.0127753,0.00867927,0.0037558,0.00804687,0.000820297,0.000117641
0.00410659,0.00320852,0.00182229,0.000493328,-9.63373e-06,-0.000112612
0.00685713,0.00502798,0.00351267,-0.00145231,0.000370925,0.000590151
0.0134071,0.00531127,0.00656054,0.00430846,0.00107118,0.000634385
0.0147458,0.00514082,0.00709019,0.00685117,0.00124989,0.00149991
0.0199837,0.0124257,0.00731755,0.0116997,0.00277288,0.0018488
0.0302431,0.0143494,0.0111503,0.0205536,0.00276876,0.00287959
0.0145555,0.0103931,0.00323601,0.00345215,0.000743302,-0.000391233
0.00411852,0.00319093,0.00276868,-0.00153705,0.000307565,-0.000327915
0.011153,0.00786403,0.00474015,0.00522502,-0.000424337,0.0014753
0.0066285,0.0051297,0.0031013,0.0044684,0.00038674,0.00448534
0.0135514,0.00947312,0.00693299,0.00435185,0.00177901,0.000394425
0.00979715,0.00620947,0.00523,0.00179157,0.0012817,0.000951804
0.00842842,0.00584837,0.00526524,0.000973314,9.77461e-05,0.0020134
0.0179397,0.0126558,0.00726208,0.00686746,0.00207017,0.000672795
0.0112771,0.00750684,0.00402355,0.00323114,0.00140845,-7.65897e-05
0.0147576,0.0054172,0.0103607,0.00285295,0.000408541,0.00103284
0.0227415,0.00697669,0.0139048,0.00811475,0.00190463,0.0011394
0.0163619,0.00699312,0.00880575,0.00447261,0.00194736,0.000876306
0.00739342,0.00531303,0.00527601,0.00643523,0.000734587,0.00162678
0.00521161,0.00381856,0.00216651,-0.000650376,-0.00115521,0.000217437
0.02533,0.0111009,0.0175174,0.0199741,0.00436475,0.00268819
0.0280895,0.0110058,0.0189276,0.0221914,0.00469305,0.00271691
0.0120779,0.00659652,0.00700185,0.0056538,0.000589537,0.000988738
0.00634614,0.00442743,0.00199786,-0.00183597,0.00107078,-0.000309682
0.00946441,0.0060472,0.00428032,0.00509753,0.000270453,0.00130249
0.0137088,0.00731158,0.00704238,0.00417222,0.000789401,0.00192311
0.00869549,0.00474727,0.0039496,-0.000248519,5.42661e-05,0.000974014
0.0108531,0.00765774,0.00500333,0.00708663,0.00093151,0.000507951
0.00746805,0.00488111,0.00294941,0.0044674,-0.000156656,-0.000471453
0.00884969,0.00518579,0.00560626,0.00139186,0.00106132,-0.000126083
0.00856604,0.00341481,0.0068539,0.00787943,0.00366565,0.00606219
0.00760296,0.00314589,0.00538432,0.00583552,0.0019883,0.00322106
0.00739308,0.00522648,0.00318062,0.00579195,0.000279126,-0.000486408
0.00745209,0.00516759,0.00412411,0.00194272,-0.00031549,0.00216327
0.00823973,0.00580261,0.00617471,0.00422959,0.0019204,0.00097022
0.0102222,0.00730785,0.00356665,0.00753461,0.000206643,0.00115375
0.0158352,0.00707137,0.00668306,0.00737779,0.00114147,0.00133537
0.0156178,0.00700937,0.00649686,0.00478212,0.000956913,0.000613038
0.00606237,0.00447626,0.00277053,0.00128764,-0.000442429,0.000831068
0.0152625,0.0112304,0.00700402,0.0072256,0.00137512,-0.000222086
0.0153243,0.0107018,0.00733803,0.00890606,0.00170095,0.000787
0.00561534,0.00395433,0.00244859,0.000324082,0.000596611,0.000563339
0.00535728,0.00398249,0.0030704,0.00263116,0.000648292,0.00151201
0.00809798,0.00636253,0.0042597,0.0036682,0.000706127,-0.000515611
0.0070624,0.00309099,0.00435599,0.00556971,0.000260593,0.00115752
0.00716109,0.00348752,0.00368211,0.0115481,0.00655473,0.0159841
0.0131797,0.00601069,0.00583541,0.0210757,0.0102977,0.0231641
0.0138171,0.00754503,0.00563195,0.00919628,0.00275943,0.00615241
0.0115757,0.00733932,0.00507176,0.00546739,0.00119411,0.00132321
0.00663219,0.00338275,0.00277796,0.00262059,-0.000311073,0.00102747
0.00585566,0.00418086,0.00252808,0.00383533,0.00162222,0.00349795
0.00839499,0.00363885,0.00390542,0.0174427,0.00674263,0.015426
0.0121274,0.00678665,0.00569897,0.0117101,0.0039695,0.00943941
0.0200703,0.0141509,0.00474545,0.00100756,0.00229114,0.00305912
0.0067074,0.00461118,0.00435809,0.00631474,8.3e-06,0.00180206
0.0131564,0.0084308,0.0057853,0.00927582,0.00220321,0.00216773
0.00938372,0.00596589,0.00424429,0.0068308,0.00055561,0.00144337
0.00896627,0.00641763,0.00382715,0.00770648,-0.000361802,-0.000265588
0.00497211,0.00334215,0.00315161,-0.00272525,3.16464e-05,0.00119567
0.0180904,0.0129853,0.005245,0.00843485,0.00218186,0.00257743
0.00958913,0.00689747,0.00422134,0.000225553,0.000304811,-0.000440862
0.0246184,0.00945016,0.00814085,0.0192297,0.00431857,0.0111898
0.0288105,0.00930449,0.0106273,0.0222823,0.0064585,0.0149422
0.0222014,0.00796257,0.0105145,0.0214357,0.00556752,0.0122392
0.014671,0.007147,0.00797979,0.0136847,0.00239461,0.00350467
0.00677,0.0046903,0.00422034,0.00295333,0.000524166,0.000602337
0.013515,0.00552873,0.00675106,0.00508419,0.000268158,0.000435338
0.0165078,0.00545663,0.00783349,0.00559881,0.000799481,0.000817383
0.0234962,0.0112204,0.0100806,0.0115945,0.00324396,0.00346763
0.0190877,0.00919854,0.00782274,0.0111261,0.00273177,0.00261293
0.00452539,0.00312908,0.00356301,0.00546717,-9.71317e-05,-0.000338781
0.00987148,0.00719685,0.00287697,0.00214784,5.41839e-05,0.000215614
0.00950204,0.00676793,0.00405903,0.00312235,0.000941811,-1.99817e-06
0.00615887,0.00463908,0.00299096,0.00272077,0.00039235,0.00210771
0.0139458,0.00957637,0.00486289,0.00473971,0.00121042,0.00264023
0.00837899,0.00618468,0.0040162,0.00510773,0.000590912,0.000231043
0.00530832,0.00373016,0.00314197,0.0050948,0.000182276,0.000817997
0.0165881,0.0109308,0.00416711,0.00588643,0.00159868,4.5803e-05
0.00759986,0.00532981,0.00682574,0.00643827,0.00183746,0.00119843
0.00755744,0.0055252,0.00473124,0.000628708,0.000880827,0.000397513
0.0102238,0.00681082,0.00457909,0.00112884,0.000725187,0.00157847
0.00643304,0.00476847,0.0031898,0.00270848,-0.00045338,0.000191196
0.0211923,0.0133684,0.00733184,0.00817239,0.0023461,0.00223518
0.0107948,0.00632032,0.00432277,0.00522145,0.000948236,-0.000777467
0.0178706,0.0107482,0.0283616,0.0368763,0.0106571,0.00622868
0.0408014,0.0252293,0.0669015,0.0860812,0.0189404,0.00780369
0.010743,0.00729284,0.00463637,0.00679971,2.84209e-05,8.66239e-05
0.0103087,0.00743634,0.00566477,0.00948238,0.000475679,-0.000639826
0.0122954,0.00664856,0.00487731,0.00325859,0.0011468,0.00214566
0.0115634,0.00561636,0.00537174,0.00681708,0.000376966,-0.000238619
0.00676479,0.00429522,0.00215392,-0.00029459,-0.000352056,-0.00110124
0.00579669,0.00402089,0.00267637,0.000298145,-0.000548459,-0.00120375
0.0184792,0.00977883,0.0111758,0.0170818,0.00390399,0.00925716
0.0107812,0.00702299,0.00444608,0.00954391,0.0015441,0.000791852
0.00609245,0.00433842,0.00240347,-2.54798e-05,-5.44148e-05,0.00167283
0.00889695,0.00335147,0.00312956,0.00396385,0.000146327,0.00040262
0.0160809,0.006811,0.00698796,0.00584165,0.00193136,0.000717208
0.011928,0.00590278,0.00605671,0.00527317,0.000782196,0.000465647
0.00651771,0.00465808,0.00270657,0.00334662,-0.000913555,0.00120033
0.00961571,0.00640606,0.0030101,0.00203718,0.00037143,0.000747275
0.0115539,0.0083996,0.00847813,0.0050621,0.000335591,-0.000890287
0.00717778,0.00529586,0.00255071,0.0028651,0.000809945,-3.40758e-05
0.00660021,0.00405795,0.00240872,0.00432833,0.000971146,0.00271904
0.0120118,0.00734699,0.00409946,0.00309942,0.001313,0.00216649
0.00782114,0.00553224,0.0039278,0.00581891,1.38413e-06,-0.000488025
0.0161821,0.0111062,0.00922417,0.00983197,0.00233887,0.000956557
0.0118801,0.00624268,0.00679679,0.00435409,0.00018039,0.000560143
0.0171706,0.011683,0.00829815,0.00758471,0.00166818,0.000781239
0.0205233,0.0117986,0.00882892,0.00948234,0.00291693,0.00102483
0.0233509,0.0108379,0.0148159,0.0141619,0.00335525,0.00279965
0.0228348,0.0150642,0.0123183,0.0156422,0.00245303,0.000928233
0.00732744,0.0041724,0.00727909,0.00493708,0.00169334,0.00081404
0.00670349,0.00422328,0.00682338,0.00644483,0.00159673,-0.000186662
0.00684024,0.00483157,0.0036944,0.00229397,0.000819219,0.000705631
0.00748946,0.00566981,0.00363997,-0.00126188,-3.86411e-05,-0.000582888
0.012003,0.00713214,0.00545631,0.00578364,0.000681716,0.000204986
0.0155904,0.0087187,0.00622479,0.00765259,0.000336876,-0.000157405
0.00639395,0.00355195,0.00295849,0.00290314,0.000465271,0.00130604
0.027774,0.0156851,0.0140791,0.0131924,0.00207151,0.00320151
0.00772325,0.00541113,0.00328899,0.00101798,-0.00103459,0.000571982
0.00519415,0.00390052,0.00245621,0.00880668,-0.000205051,0.00159405
0.019329,0.0105727,0.0103116,0.00542865,0.00140393,0.00166046
0.0113864,0.00795455,0.0033606,0.00732591,0.000982826,0.00107083
0.0231559,0.0158613,0.0121327,0.0156957,0.00290306,0.00159155
0.0156813,0.0110651,0.00542667,0.00402862,0.00120318,0.00175339
0.00594112,0.00433192,0.00186877,0.00262225,0.00125269,0.00106508
0.0149701,0.00628936,0.00729976,0.00807115,0.000512906,-5.93437e-05
0.0146621,0.00624674,0.00690862,0.00608894,0.000544236,-0.000469006
0.0183345,0.0124601,0.0133212,0.0180007,0.00458765,0.00493348
0.0276107,0.0173829,0.0179864,0.0273741,0.00615299,0.00351513
0.00423701,0.00307005,0.00577573,0.00605026,0.00225094,0.00125367
0.00882524,0.00613138,0.00449911,0.00470946,0.00136746,7.91693e-05
0.00934153,0.00653186,0.00570397,0.00605109,0.00193116,0.0018345
0.0101688,0.00714528,0.00490778,0.00396278,-0.000120584,-0.00025736
0.0149756,0.0108467,0.00858942,0.0138276,0.00239979,0.00202092
0.00986495,0.00661475,0.00338083,-0.000662277,0.00073678,0.00204269
0.0149794,0.010047,0.00715525,0.00660269,0.00196338,0.000798107
0.00725474,0.00535728,0.00384476,0.0018296,0.000119665,0.00078273
0.0127427,0.00862695,0.00644972,0.00798014,0.00190541,0.00164773
0.0150423,0.00984087,0.015167,0.0173785,0.00325094,0.00123249
0.0100763,0.00599308,0.0086034,0.00414902,0.00109633,0.00148603
0.0260155,0.0111894,0.0102224,0.0142563,0.00140303,0.000504003
0.0128352,0.00700465,0.00629746,0.00365655,-0.000140465,0.00173417
0.00413879,0.00338279,0.00173491,0.00286065,-0.000923223,0.00196848
0.0264866,0.0104795,0.0131487,0.0214366,0.0033247,0.00186858
0.00427299,0.00337491,0.00215572,0.00438411,5.57918e-05,0.00218179
0.0103313,0.00719697,0.00398064,0.00302438,0.000829165,0.000955229
0.0125147,0.00719447,0.00492639,0.00858793,0.00115968,0.000275527
0.00635256,0.0049082,0.00444483,0.00248295,0.000478609,0.000788712
0.0151824,0.00591407,0.0121603,0.0101724,0.00221339,0.00232065
0.0203291,0.00904334,0.0111105,0.014538,0.000907765,0.00112092
0.0133675,0.00638793,0.0038361,0.00764344,-0.000406549,0.000889499
0.0127169,0.00864946,0.0035721,0.00591746,0.00181742,2.69226e-05
0.0107135,0.00769179,0.00305488,0.00942283,0.00047152,-0.000151433
0.0112598,0.00785891,0.00487076,0.00336984,-0.00105313,-0.000795692
0.00853797,0.00578515,0.00343786,0.0038677,-0.000157689,0.00227502
0.0138966,0.00799119,0.00463957,0.00443032,0.00131314,0.000208158
0.0138345,0.00621183,0.00473186,0.00305064,-0.000300619,-2.69373e-05
0.00476354,0.00346295,0.00248632,0.00160125,-0.000250127,0.00135559
0.0160972,0.0112382,0.00487665,0.00931766,0.00309874,0.00120786
0.0174245,0.00710867,0.00952491,0.00887138,0.000698505,0.00186806
0.0188444,0.00793143,0.010269,0.00979387,0.00122137,0.000493257
0.0126718,0.0076581,0.015577,0.0145675,0.00144223,0.00233996
0.0171349,0.0104671,0.00824296,0.0104282,0.000703111,0.00244947
0.00514714,0.00317769,0.00321686,0.000580643,-0.00134288,-0.000165796
0.00631441,0.00408278,0.00286957,0.00108418,-0.000712536,0.00038581
0.0205098,0.0083904,0.00727651,0.00733172,0.00174711,0.000644404
0.0215953,0.00914338,0.00767944,0.00882612,0.000693234,-0.000253702
0.0177771,0.011883,0.00461501,0.00762246,0.000770519,0.000464357
0.0262977,0.0141439,0.01205,0.00931861,0.00153281,0.00373166
0.0293097,0.0141671,0.0128188,0.0124261,0.00249941,0.00345093
0.00991267,0.00503542,0.00807573,0.00954302,0.00135807,0.000996255
0.010093,0.00585023,0.00358653,0.00286499,0.00123194,0.000550008
0.0151333,0.00800529,0.00468819,0.00831924,0.003175,0.00823236
0.0235582,0.0164982,0.00889511,0.0340811,0.0110997,0.0214472
0.00571379,0.00357524,0.00502968,0.00606526,0.0022294,0.00190972
0.0111995,0.00618694,0.00474437,0.00609176,0.0012629,0.000247316
0.0106935,0.00660013,0.0051617,0.00417517,0.00145534,0.000523809
0.00606254,0.00398629,0.00325637,0.00162249,-0.000439138,0.00122411
0.055214,0.0254683,0.0349417,0.0654378,0.0169365,0.030859
0.00757278,0.00514862,0.00369215,-0.000519526,-0.000495207,0.00126124
0.0154976,0.0105048,0.00535071,0.00391371,0.00142414,9.14141e-05
0.00451762,0.00323892,0.00211916,0.00113583,-0.00111872,0.000279106
0.0143257,0.00952898,0.00858487,0.00864264,0.00126592,0.0012768
0.00940709,0.00668405,0.00315088,0.000495025,0.00115056,0.000653905
0.0222117,0.00857794,0.0105533,0.0120644,0.00241382,0.00182062
0.0219818,0.00856314,0.0103843,0.0142134,0.00237895,0.00256871
0.0161416,0.00904919,0.00616895,0.00752644,0.000903934,0.000830423
0.0085783,0.00357475,0.00447421,-0.0056164,0.00156086,0.00115606
0.00833044,0.00596517,0.00471872,0.0052974,0.000410719,0.000479501
0.00766071,0.00583973,0.00302264,-0.000304486,0.000122151,-0.000137939
0.0144023,0.00698646,0.00472971,0.00419766,0.00229515,0.000965596
0.0329497,0.0167048,0.0166066,0.0242824,0.00439352,0.00216512
0.033045,0.022355,0.0138001,0.015756,0.00286647,0.00375847
0.0104703,0.00729395,0.00467081,0.00465157,0.000725492,-0.000569607
0.00474591,0.00351237,0.00241204,0.00401963,0.000187595,-0.000428038
0.00717206,0.00493786,0.00218882,0.00153557,0.00114905,-0.00084634
0.0116603,0.00705693,0.00556112,0.000850605,0.000854967,0.000437237
0.0175644,0.0113125,0.010267,0.0281477,0.00797013,0.0187525
0.00465294,0.00373247,0.00330939,0.00644443,4.17926e-05,0.00242917
0.00753991,0.00519382,0.00277594,-0.000106507,0.000630466,-0.000739982
0.0165346,0.0112017,0.0050159,0.00770795,0.00124883,0.000461527
0.0222283,0.0140048,0.0111529,0.0160262,0.00310213,0.00226454
0.0126007,0.00503621,0.0117728,0.00928389,0.00175421,0.00222313
0.0132428,0.00509993,0.013223,0.00980843,0.00273492,0.00128122
0.0110437,0.00745564,0.00554142,0.00634528,0.00153506,0.000985938
0.0321772,0.018985,0.0125518,0.0116108,0.00414579,0.00260038
0.0089828,0.00631239,0.00424169,0.00256262,0.000261771,0.000621851
0.0145975,0.00971285,0.00819492,0.0060655,0.00251813,0.0012905
0.00517559,0.00369735,0.00368979,0.00102104,0.00139077,-0.000233804
0.0061456,0.00413309,0.00304076,-0.00157752,7.47338e-05,-0.00082472
0.0539111,0.0239566,0.0382561,0.0527411,0.0093469,0.00612181
0.0697556,0.0239955,0.053593,0.0691298,0.0115795,0.00778221
0.00791832,0.00621282,0.00560642,0.00442041,0.00229127,0.00155521
0.0142313,0.00900368,0.00638705,0.0082302,0.0021209,0.00172912
0.00821608,0.00602162,0.00279348,-0.000859994,0.00033996,-0.00179774
0.0155513,0.00737594,0.00562322,0.0111401,0.00270652,0.00104517
0.0184505,0.00917269,0.00735836,0.0124806,0.00185693,0.00139472
0.00806636,0.00583851,0.00553476,0.00259939,0.000650351,0.000427767
0.0155223,0.0110905,0.00549812,0.00436293,0.0011583,0.000256911
0.0070398,0.00481935,0.00416392,0.00365128,-5.02616e-05,-0.000199862
0.00513709,0.00390628,0.00248528,0.000229015,-0.000309404,0.00157618
0.0256602,0.012955,0.0115977,0.0115547,0.00281296,0.00116273
0.0301937,0.0129097,0.0125464,0.0163517,0.00334636,0.00149964
0.0157251,0.00774501,0.00495973,0.00774815,0.00149722,0.00176905
0.00941578,0.00667341,0.00346065,0.00313549,-0.000178704,-0.000754227
0.00530869,0.00348144,0.00577032,0.00804404,0.0019872,0.00249746
0.00497936,0.00342368,0.0028202,0.00197776,-0.000845157,0.00156739
0.00919249,0.00551635,0.00284242,0.00688315,0.00128941,0.000301648
0.0130601,0.0085398,0.00589825,0.00776606,6.72652e-05,0.000964877
0.00945039,0.00666783,0.00364885,0.00312138,8.08673e-05,-0.000505252
0.014671,0.00669592,0.00786741,0.00582925,0.00155211,0.00169631
0.00534125,0.00398419,0.00346498,0.00371802,8.78379e-05,0.000866076
0.00681443,0.00434216,0.0084345,0.00485352,0.00126332,0.00119836
0.010185,0.00732385,0.00378656,0.00665343,0.00015464,0.000558535
0.00976766,0.00689282,0.00638482,0.00557657,0.00255452,0.00228132
0.0186898,0.0079051,0.00689444,0.00551964,0.00103419,0.0011663
0.0346178,0.0190645,0.0418573,0.0568713,0.0106437,0.00575458
0.0159189,0.0108915,0.00504386,0.00997452,0.00119809,0.00205576
0.00736408,0.00428344,0.00293508,0.00703353,0.000301536,0.000904701
0.00692507,0.00518644,0.00469443,0.00470394,0.000818326,-4.80653e-05
0.0249104,0.01393,0.0110757,0.0084046,0.00173223,0.00152469
0.0323501,0.0205712,0.0123885,0.017805,0.00359422,0.00239046
0.0146049,0.00983044,0.0132382,0.0197945,0.00346687,0.00332483
0.0234877,0.0108102,0.0114064,0.0102397,0.00191235,0.00227779
0.0253742,0.0108685,0.0127876,0.00769758,0.0023173,0.000645405
0.0138857,0.00710876,0.00726599,0.00614636,0.0017731,0.000381017
0.0153387,0.00718845,0.0074169,0.00330377,0.000980833,0.000219586
0.0130343,0.00825411,0.0046995,0.00830667,0.00150418,0.00197378
0.00960603,0.00654504,0.0040373,0.00581519,0.00110254,0.0011093
0.0131174,0.00626525,0.00759687,0.00624511,0.00159032,0.00151046
0.00433175,0.003266,0.00278735,0.000568766,-0.000661085,0.000687402
0.00945001,0.00670547,0.00375426,0.00717489,-0.000272479,0.000493933
0.0194201,0.0128814,0.00584805,0.0110279,0.00148646,-0.00058999
0.00828889,0.00604867,0.00428628,0.00153936,0.000457638,0.000964391
0.00789689,0.00432338,0.00301651,0.00333647,-0.000822647,-0.00063476
0.00765357,0.00430376,0.00519655,0.00440582,0.00119856,0.000608127
0.00729477,0.00355626,0.00460622,0.00203445,-0.000337398,-0.000122026
0.0109862,0.00782746,0.00406272,0.00562691,0.00110968,0.00112001
0.00926207,0.00616713,0.00510779,0.0114098,0.00183831,0.00182172
0.00577008,0.00443608,0.00228249,0.00195982,0.000288311,-0.00104974
0.0105549,0.0051301,0.00555364,0.00883384,0.000985759,0.00080763
0.00476157,0.00359153,0.00375497,0.000909864,0.000343494,-5.575e-05
0.00736517,0.00485529,0.00243045,0.00545058,-0.000153903,-0.00137037
0.0189408,0.011063,0.00799303,0.007258,0.00113768,0.00124597
0.0139494,0.00797353,0.00576874,0.00661477,-0.000391005,0.000472865
0.00975212,0.00708093,0.00432152,0.00385673,-0.000245938,9.54269e-05
0.0142605,0.00874885,0.00426947,0.00608044,0.0017341,4.88674e-05
0.00870751,0.00599482,0.00229546,0.000852269,-0.000209207,0.00289334
0.0203322,0.0134839,0.0105875,0.0304003,0.010782,0.0204712
0.00997362,0.00726063,0.00344411,0.00209844,0.000510202,0.00147792
0.0111601,0.00703299,0.00445848,0.00727517,0.00204664,0.00103638
0.00680761,0.00523653,0.00312299,-0.000200476,0.000320564,0.00259801
0.027187,0.0122097,0.0113651,0.0185868,0.00204266,0.00315906
0.00881214,0.00648304,0.00630488,0.00723177,0.0011955,0.00112639
0.012421,0.00836047,0.00547018,0.00685332,0.00191337,0.000460668
0.00791533,0.00541153,0.00365579,0.00120897,-0.000633722,-0.000180965
0.00920438,0.0067115,0.00628143,0.00709707,0.00194325,0.000232819
0.0263664,0.0173239,0.0098519,0.0160449,0.00280076,0.00111839
0.00783458,0.00564523,0.0042136,0.00089048,0.000150798,-0.000119487
0.0122545,0.00859432,0.00423613,0.00747296,-0.000175121,4.53683e-05
0.00917088,0.00681537,0.00461385,0.00367378,-0.00025221,-0.000635552
0.0101357,0.00743873,0.00403916,0.00582629,-0.000659532,0.000298843
0.00720383,0.00530558,0.00253637,0.00848548,0.00370526,0.00670656
0.0252278,0.0171084,0.0139961,0.0227628,0.00439128,0.00274211
0.0183675,0.0123556,0.00624946,0.0098034,0.00186626,0.00159913
0.00488443,0.00323691,0.00201274,-0.00615744,-0.000727899,-0.000306604
0.0117672,0.00702542,0.00562635,0.00458044,-0.000101504,0.00286274
0.0268121,0.0120705,0.0121368,0.0100523,0.00253032,0.00226769
0.00895499,0.00671171,0.0042931,0.00713353,0.000817721,0.00167777
0.0067646,0.0049273,0.00308659,0.00417098,-0.000603166,0.00134316
0.0190416,0.0129596,0.0103527,0.0160382,0.00222565,0.00367037
0.0362491,0.0212093,0.0180465,0.0236659,0.00445773,0.0017249
0.0208092,0.0117121,0.00869063,0.00517872,0.0015096,0.000908643
0.00966509,0.00390649,0.00479165,0.0107026,0.00230269,0.00465663
0.011922,0.00385366,0.0061798,0.0113916,0.00219599,0.00420983
0.00659418,0.00376914,0.00377161,0.00311247,2.4578e-05,-0.000334849
0.0200953,0.0104665,0.00796807,0.0119056,0.00167339,0.00167804
0.0186005,0.0114972,0.00706512,0.00138299,0.00249229,-0.000487986
0.0168419,0.0113598,0.00666129,0.00471422,0.000485413,0.0010368
0.00925932,0.00640657,0.0140729,0.0160307,0.00265393,0.0037456
0.00576874,0.00411081,0.00533527,0.0025591,0.000298447,-0.000628113
0.0134417,0.00575843,0.00718884,0.00547127,0.00172703,0.00153343
0.0167043,0.00970905,0.00823486,0.00601136,0.00124146,0.000896936
0.00502804,0.00361492,0.00278506,0.00126903,-0.00027204,0.000629451
0.0132335,0.00905365,0.00586571,0.00677785,0.00180419,0.00093497
0.0161927,0.0112216,0.00525916,0.00782749,0.00184145,0.00156588
0.00905984,0.0064758,0.00264819,0.00240171,0.00189458,0.00164782
0.0130461,0.00920795,0.00572463,0.00620678,0.00217411,0.0015798
0.00813703,0.00563541,0.00420504,-0.00190541,0.00088396,0.00148023
0.0110313,0.00779983,0.00588792,0.00425648,0.000541827,0.00179182
0.00799089,0.00589575,0.00342326,0.00316627,0.000492083,0.00093741
0.0159845,0.0108691,0.0068757,0.0127908,0.00154245,0.00104723
0.00782549,0.00323808,0.00482078,0.00368379,0.000532777,0.000610559
0.00792434,0.00315202,0.00485008,0.000848725,0.000645894,0.000314717
0.00452374,0.00316092,0.0023786,0.00162225,0.00041378,0.00132337
0.0136266,0.00764054,0.00809655,0.00459702,0.00171202,0.000854139
0.0236392,0.0116814,0.00663543,0.00854256,0.00253513,-0.000300181
0.0257676,0.00993631,0.0143469,0.0123735,0.00313663,0.000658293
0.00937004,0.00657916,0.00448313,0.00349955,0.00128894,0.000811404
0.0159893,0.00911921,0.00828386,0.00648774,0.00126253,0.00107238
0.00924573,0.00409001,0.00414982,0.00205903,0.000175566,0.000349337
0.00725509,0.00364211,0.00324474,0.00241682,-0.000139945,-0.000269514
0.0157024,0.0106705,0.00664644,0.00829048,0.00151879,0.00139546
0.0183553,0.0110286,0.0069803,0.00780852,0.00207425,0.00203962
0.0127192,0.00909019,0.00417502,0.00555642,0.0045595,0.228951
0.0110435,0.00767041,0.00492699,0.00480989,0.00192721,-0.000654825
0.018577,0.0108634,0.0118103,0.015512,0.00349763,0.00267513
0.00925335,0.00522227,0.00508863,0.0068205,0.00251489,0.00275008
0.0190352,0.012896,0.00755627,0.00694832,0.00109039,0.00149545
0.0193405,0.0122077,0.00600142,0.0071679,0.00273613,0.00110111
0.00391972,0.00312705,0.00204191,0.00355449,0.000427724,0.00128527
0.0118096,0.00488269,0.00719875,0.00929067,0.00189362,0.00278552
0.0150988,0.00704627,0.0112286,0.0131032,0.00256928,0.00214868
0.0127066,0.0088118,0.00321814,0.00843687,0.000517629,0.00104788
0.0105056,0.00758156,0.00260444,0.0013599,-0.000756049,-0.000343104
0.00461229,0.00342833,0.00213941,-0.000604696,0.000290943,-0.000455536
0.0059198,0.00447369,0.00310344,0.00277359,0.000465239,0.00170718
0.00817914,0.00579864,0.0031225,0.00427281,-0.000298349,-9.5284e-05
0.0137205,0.00593475,0.00568527,0.00121203,0.00119701,0.000213026
0.0105623,0.0047038,0.00699226,0.00367358,0.000310524,0.00142374
0.00901835,0.00653012,0.0103735,0.00879431,0.00256849,0.00048254
0.0221465,0.00986745,0.0119784,0.0159375,0.00270217,0.00177349
0.00638396,0.00464692,0.00309645,0.00265239,0.000376945,0.00221911
0.0136211,0.00757929,0.00814644,0.0154245,0.00380119,0.00797809
0.0153205,0.0077618,0.0087554,0.0147281,0.005067,0.00939452
0.0214673,0.0143877,0.00885496,0.0139484,0.00366057,0.00813277
0.0041966,0.00304085,0.00219768,0.00396711,-0.000706601,0.000878652
0.00784351,0.0052545,0.00329033,0.00406571,0.00162601,0.000378237
0.00494802,0.00369107,0.00352172,7.79517e-05,0.000693256,0.000675953
0.00639475,0.00511646,0.0037574,-0.00117135,-0.000392314,0.000458173
0.0200366,0.0140132,0.0079933,0.00793634,0.00149581,0.0008454
0.00735085,0.00551677,0.00622943,0.00671181,0.00173648,0.00211846
0.0108412,0.00734121,0.006739,0.00623413,0.00154755,0.00135207
0.0124219,0.00855608,0.0042499,0.00511602,0.000486481,0.000559038
0.019284,0.0136465,0.00951545,0.0131918,0.00182839,0.00175286
0.0193089,0.0128118,0.0166427,0.0217681,0.00518876,0.00219026
0.00526311,0.00426872,0.00286961,0.000780074,0.00025213,0.0008379
0.0118696,0.00895413,0.00785292,0.0101725,0.000837621,0.000826776
0.0127332,0.00773545,0.00528018,0.00457601,0.000164467,0.00219818
0.0144223,0.00773061,0.00572709,0.00586375,0.000190091,0.00146238
0.0108152,0.00696639,0.00295929,0.00650623,0.00108857,0.00027889
0.0279662,0.0168997,0.0162279,0.0120392,0.00177076,0.000888698
0.00803224,0.00496983,0.00398523,0.000430575,-0.000205686,0.00263326
0.0142455,0.00787631,0.00656409,0.0085433,0.00211426,0.00293193
0.0203369,0.00856055,0.00974957,0.0117266,0.00490995,0.00293985
0.0253606,0.0158883,0.018028,0.0177006,0.00563498,0.00121249
0.0151479,0.00520982,0.00969663,0.0131431,0.00316066,0.00164301
0.0145324,0.0093809,0.00425231,0.00607661,0.00122847,0.00113588
0.00862199,0.00625609,0.00472029,0.00203473,-0.000142309,0.00194884
0.0242926,0.0161521,0.01154,0.0123539,0.0034196,0.00105508
0.00378431,0.00311537,0.00256335,0.00156125,-0.000192717,0.000432643
0.00900286,0.00652274,0.00421865,-0.000740551,-0.000316908,-0.000787193
0.0134761,0.00915243,0.00509448,0.0075775,0.000399159,0.0016388
0.00716848,0.00554203,0.00488483,0.00558466,0.00113594,0.000434417
0.00981243,0.00568006,0.00387562,0.00497764,0.00052511,0.000244533
0.00970625,0.00633775,0.00328455,0.00561715,0.00134167,0.000903758
0.00968296,0.00678941,0.00467144,0.00592422,-0.000335008,-0.000641622
0.00933423,0.00676531,0.00522679,0.0010238,0.00126433,0.00156925
0.0112904,0.00790915,0.00206068,0.00453392,0.000890739,0.00172147
0.0100774,0.00753156,0.00541921,0.00470107,0.00136731,-0.000350243
0.0126831,0.00784991,0.00567711,0.00692213,0.00137647,-0.000243282
0.00750954,0.00502619,0.00316288,0.00282504,-0.000153776,-0.000137994
0.0122597,0.00843536,0.00724669,0.00524512,0.0023839,0.00071767
0.00976192,0.00696937,0.00402165,0.00665011,0.000685659,-0.000440198
0.0112935,0.00802044,0.00620355,0.011065,0.0013987,0.000990665
0.0046233,0.00315308,0.00243723,0.000726434,-0.000365175,0.000747813
0.00781861,0.00545553,0.00426269,0.000797803,0.000782497,0.0017957
0.0174233,0.0123086,0.00873939,0.00701782,0.00130552,0.000536975
0.0179857,0.0119148,0.0109407,0.0131076,0.00243985,0.00281122
0.00905322,0.00642478,0.00281214,0.00729581,2.35167e-05,0.000660102
0.0151833,0.0104664,0.00539914,0.00245995,0.00108197,0.000692133
0.00721778,0.00405484,0.00418449,0.00627022,0.000608476,0.00119796
0.0155408,0.00580308,0.00725588,0.0142972,0.00357343,0.00783765
0.0143365,0.00569746,0.0058968,0.0153806,0.00368543,0.00739518
0.0207703,0.0142292,0.0093732,0.00919138,-7.89027e-05,0.000234885
0.0142649,0.00592645,0.0059412,0.00667558,0.000907826,0.000193898
0.0162012,0.00593545,0.0070371,0.0106729,0.00114365,0.00094729
0.00681429,0.00326048,0.00294041,0.00672048,0.000105261,0.00133737
0.0102261,0.0067802,0.00429542,0.00462605,0.00159966,0.00151122
0.0371454,0.0229775,0.0202961,0.0336296,0.00842644,0.0091756
0.0201104,0.00927478,0.0105182,0.0148647,0.00301048,0.00384925
0.0110438,0.00785569,0.00314969,0.00352601,-0.000611065,0.00116172
0.00505022,0.00359175,0.00189594,0.00456139,0.000765689,0.00107261
0.0196246,0.0136695,0.00819006,0.0103142,0.00107012,0.000216112
0.00449414,0.00326881,0.00242676,-0.00116204,0.000726688,-0.000724608
0.00429639,0.0031544,0.00266578,0.000632602,-0.00101913,0.000103676
0.00678749,0.00489302,0.00315899,-0.00365091,0.000856864,-0.000209265
0.00529132,0.00411863,0.00431726,0.00500352,0.000290307,0.00145286
0.00459197,0.00338627,0.00384856,0.00599058,0.000405041,0.000137081
0.0111178,0.00727255,0.00491658,0.00331432,-8.32847e-05,0.00100729
0.00434421,0.00332207,0.00151447,0.00115511,-0.00111568,0.000190185
0.00529566,0.00401558,0.00186349,-0.000161621,0.000469824,7.7122e-05
0.0175606,0.0123866,0.00438907,0.00523475,0.000595581,0.00135019
0.0106087,0.00438234,0.005101,0.00697631,0.000284793,0.000864952
0.0146025,0.00446578,0.0092184,0.0117786,0.00153008,0.00168122
0.0115684,0.00599994,0.00958316,0.0118334,0.00225029,0.000319912
0.00955783,0.00681024,0.00304233,0.00386032,-2.26731e-05,-0.000458189
0.00536807,0.0037027,0.00314777,0.00496153,-0.000862877,5.63016e-05
0.0109307,0.00752296,0.00468924,0.00347835,0.000296757,0.000411305
0.0205112,0.00945533,0.00900029,0.0139504,0.00142787,0.000684266
0.00757224,0.00549478,0.00537608,0.00713953,0.00339578,0.00540914
0.00435839,0.00364169,0.0025775,0.00276234,0.000515128,0.00125327
0.0163967,0.0114992,0.00762906,0.00909491,0.000255573,0.000563186
0.00932223,0.00524575,0.00529165,0.00542748,0.00157312,0.000407349
0.0142458,0.00741889,0.00678639,0.0046205,0.000601295,0.000928218
0.0215537,0.014046,0.0113648,0.0134376,0.00183824,0.00163213
0.0188046,0.0109661,0.00689237,0.00522887,0.00201484,2.28609e-05
0.0182553,0.0114983,0.00597087,0.00106202,0.000149349,-0.000908591
0.0129952,0.00894553,0.00312481,0.00380055,0.000513529,0.000933983
0.00674568,0.00488584,0.00308764,0.00356302,-0.000417967,-0.000320788
0.0120248,0.00620548,0.00819987,0.0041374,0.00148565,0.000310822
0.0136037,0.00686197,0.00833528,0.00809171,0.000967946,0.000375593
0.00643578,0.00395626,0.00624553,0.00916371,0.000253135,0.00118316
0.0161665,0.0116367,0.00519779,0.0017607,0.000396268,-9.01745e-05
0.00406502,0.00309725,0.00168331,0.00591571,0.000468145,0.000608228
0.00502268,0.00402672,0.00256927,0.00241413,0.000822064,-0.000712113
0.00648672,0.00476293,0.00307976,0.00433462,0.000211902,0.000360299
0.0279058,0.0145203,0.0102239,0.0174255,0.00209246,0.000599579
0.0265082,0.0145375,0.00954385,0.0131867,0.00131888,0.000140498
0.00558172,0.00398473,0.00388739,0.00336,0.000218657,0.000403992
0.00782729,0.00550399,0.00273681,0.00508072,0.00104216,0.000630298
0.00542877,0.0032828,0.0029968,0.000481659,9.47348e-05,0.000171343
0.00584076,0.00351852,0.00259918,-0.000458853,-0.000372337,-0.00022482
0.0147677,0.010543,0.00765951,0.00915239,0.00109912,0.000962485
0.0105301,0.00756615,0.00734274,0.0110092,0.00109551,0.00265226
0.00803674,0.00586418,0.00348066,0.000281614,0.00169223,0.0019322
0.0074946,0.00540579,0.00342768,0.00122939,0.00058104,-0.00115869
0.00482781,0.00346258,0.00128763,0.00189925,0.000165498,-0.000486074
0.00445605,0.00338782,0.00267995,0.00776983,0.000795977,9.27765e-05
0.0116655,0.00606693,0.00601074,0.00449878,0.000668754,0.000887514
0.0137468,0.0054685,0.00612037,0.00780938,0.000762539,-0.0010406
0.00850756,0.00606133,0.00308328,0.00477261,0.000736976,-3.73655e-05
0.00720717,0.00560881,0.00306827,-0.000238349,-0.000881573,0.000716268
0.0162091,0.0102846,0.00727481,0.00995752,0.00320177,0.00227241
0.0229094,0.0142549,0.0085899,0.0090797,0.00288864,0.00128805
0.00613654,0.00455427,0.00294237,-0.00357629,-0.000336057,0.000670096
0.0152196,0.0103722,0.00454022,0.00748606,0.00204637,0.000845185
0.0053091,0.00368086,0.00268005,0.00194269,0.00129828,0.000360457
0.00985546,0.00698686,0.00301353,0.00775099,0.000637575,0.00084581
0.0206022,0.0142672,0.00757823,0.0137057,0.000392978,0.000236032
0.00510358,0.00347805,0.00287582,0.00501949,-0.000150213,-0.00110614
0.0063677,0.0046103,0.00327805,0.00570258,0.000346773,0.00046073
0.00832112,0.00566637,0.00478441,0.00557565,0.00159802,0.000417483
0.008108,0.00496735,0.0029063,0.00678249,0.00103726,0.000120459
0.0117399,0.00658807,0.00656256,0.00567989,0.00144367,0.000443201
0.00999253,0.00602916,0.00491989,0.00286215,0.000325804,0.00097224
0.0141927,0.00967938,0.00478318,0.00319836,-9.57833e-05,0.000803948
0.0228512,0.0111012,0.00726514,0.0115754,0.00244946,0.00140404
0.0217723,0.00914115,0.00834604,0.00984085,0.00240247,0.00201667
0.0123275,0.00451856,0.00587091,0.00192369,0.000824593,0.00096004
0.0155926,0.00845636,0.0076841,0.00619644,0.000228405,-0.000667137
0.0130639,0.00781724,0.00688019,0.0118562,0.00136132,0.000757671
0.00730665,0.00531671,0.00456643,0.00509248,0.00193377,0.00125286
0.0118211,0.00810985,0.00523537,0.00399731,0.000338417,0.000656974
0.017136,0.00705883,0.00837114,0.00610167,0.00162391,0.00154131
0.0172731,0.00716468,0.00842725,0.00484417,0.0011951,0.00195192
0.00913023,0.00619464,0.00359418,0.00585153,-0.000140673,0.000610607
0.0046588,0.00329366,0.00209307,0.00783064,0.000300061,0.00415313
0.0135425,0.00967735,0.00899804,0.00622013,0.00123264,0.00175872
0.0122611,0.0056613,0.00407511,0.00410532,0.00207126,0.000246199
0.0125658,0.00571764,0.00422162,0.00361576,0.00229438,-0.000320186
0.0147481,0.0058686,0.00852115,0.0152939,0.00689361,0.0122754
0.0212288,0.00660188,0.00980486,0.0293113,0.0109745,0.0272978
0.0155511,0.0082591,0.00651272,0.0206752,0.00540199,0.0157244
0.00999546,0.00685882,0.00262804,0.0010544,5.18207e-05,0.000727893
0.0155812,0.0110347,0.00909078,0.0188641,0.00163402,0.00220782
0.0121084,0.00878626,0.00630073,0.00381115,0.00109664,0.00148822
0.0154392,0.00721025,0.00732185,0.00396863,0.000284508,0.00142864
0.0153548,0.0071277,0.00725438,0.00677353,0.000530358,1.74677e-05
0.00964108,0.00433586,0.00596066,0.00674223,0.00248259,0.000467555
0.0103686,0.00533688,0.00641356,0.00637148,0.00189945,0.000885109
0.00953159,0.00637628,0.00346027,0.00265525,0.00167058,0.00196231
0.00557137,0.0036035,0.00301135,0.00336051,0.00121538,-0.000266481
0.00459269,0.00358138,0.00201383,0.00251618,0.000466867,0.00123329
0.00640759,0.00479289,0.00213973,0.00282212,-0.000232063,0.000884252
0.00900413,0.00628331,0.00609519,0.00027254,0.000863944,0.000389145
0.016287,0.0111023,0.00631993,0.0083665,0.000847906,0.000888815
0.0162798,0.00687879,0.00919608,0.00952909,0.00278929,0.00263511
0.0159912,0.00704741,0.00903335,0.0083013,0.00297432,0.00115657
0.0127478,0.00890678,0.00616949,0.00901406,0.00143929,0.00514933
0.00816674,0.00571876,0.00144617,0.00532969,0.00121423,0.00113316
0.0109487,0.00789608,0.00469576,0.00510764,0.000317186,0.00215606
0.010434,0.00682402,0.00499714,0.00386801,-0.000449264,-0.000650047
0.00700697,0.00368082,0.00334595,0.00162483,-5.08391e-05,0.000278403
0.00968098,0.00652484,0.0038766,0.00525609,0.00080386,0.000204828
0.00836687,0.00597467,0.00402485,0.00216567,0.000202144,-0.000779864
0.0136444,0.00546553,0.00672328,0.00673664,0.000526169,0.00168499
0.0169375,0.00975935,0.00666146,0.00954969,0.000587539,0.000991583
0.00824095,0.00569414,0.00343,0.00578122,0.000155218,0.00158586
0.0118339,0.00826688,0.00397225,0.00494574,0.000436232,-6.12245e-05
0.0129841,0.0092196,0.00686218,0.00641865,0.00180717,1.92888e-05
0.00686251,0.00498292,0.00324083,0.00802887,-0.000178469,0.00159987
0.0123376,0.0086858,0.00469928,0.00123209,0.000599408,0.0010049
0.0110787,0.00779583,0.00312597,0.0061669,0.000150649,-0.000769439
0.0293215,0.0147723,0.0316528,0.0472698,0.0123003,0.0132906
0.0225691,0.0108898,0.0414318,0.0655296,0.0141652,0.0179842
0.0166023,0.00749119,0.00624662,0.0042229,0.00207209,0.00154749
0.0200438,0.0075304,0.00923137,0.00810246,0.0032645,0.00222015
0.0147893,0.00588246,0.00918414,0.00539758,0.00159519,0.00218764
0.0178067,0.0109229,0.00959123,0.00743138,0.000760493,0.000570001
0.0170289,0.00998013,0.00933887,0.00744465,0.00073185,0.00122308
0.0122491,0.00579938,0.00661658,0.00873574,0.00206319,0.00112015
0.00996265,0.00461095,0.00507582,0.00804298,0.00118141,0.000805208
0.00861133,0.0057763,0.00620524,0.0110678,0.00134127,0.00107767
0.0086018,0.00648792,0.00280311,0.00330846,0.00117617,1.46323e-05
0.00625767,0.00406803,0.00407095,0.0076366,0.0011723,-0.00151793
0.00936516,0.00649761,0.00518565,0.00376026,-0.000206941,-2.60366e-05
0.00821372,0.0055675,0.00339173,-0.00100866,-0.000524062,0.00107275
0.0313293,0.0162505,0.013008,0.0195998,0.00416437,0.0020585
0.0451548,0.0227726,0.0228688,0.0295792,0.00681089,0.00255795
0.00769357,0.00543405,0.00788888,0.0077046,0.00187571,3.44027e-05
0.00711531,0.00533279,0.00314734,7.98917e-05,0.000339672,-0.000532043
0.0117142,0.00687095,0.00655956,0.00825199,0.000105296,0.00089638
0.0162049,0.00741436,0.00757986,0.0121697,0.00101162,0.00218928
0.0344847,0.0146192,0.0119286,0.0146876,0.00307341,0.00125229
0.00649298,0.00443073,0.00333798,0.00405778,0.0003868,-0.000991108
0.0107796,0.00773988,0.00343326,0.00266849,0.000366832,0.000501553
0.007956,0.00566696,0.00421042,0.00541899,0.00173172,5.83955e-05
0.0123962,0.00710836,0.00425836,0.00449845,0.000765554,0.00065954
0.00972354,0.0040288,0.00476328,0.0045298,-0.000694915,0.000660061
0.00539291,0.00394179,0.00321551,-0.00181419,-0.000282087,0.000978012
0.00464009,0.00320538,0.00351394,0.00451794,0.000344661,0.00075443
0.0128098,0.0090102,0.00357273,0.00558407,0.00112097,0.000129069
0.0129336,0.00766075,0.00552485,0.00984921,0.00077575,0.00194691
0.0131612,0.00720491,0.00634348,0.00821607,0.00036979,0.00123515
0.0112033,0.00755268,0.00567407,0.00669434,0.000859942,0.00020011
0.0144495,0.0103939,0.00492089,0.00767805,0.000136011,-0.000922577
0.0145283,0.0072668,0.00584634,0.00852608,0.00281273,0.00155198
0.0163307,0.00587379,0.00789728,0.0052069,0.0022329,0.00096054
0.00977588,0.00431626,0.00520923,0.00335173,0.00135133,0.000878488
0.0145625,0.0102109,0.00608295,0.00198165,4.10786e-05,0.00105375
0.00592384,0.00354436,0.00283987,0.00093301,-9.14352e-05,-0.000379887
0.009058,0.00566668,0.0049765,0.00541924,0.000805561,0.000236533
0.0151382,0.0104584,0.00646806,0.00605753,0.000955309,-0.000181646
0.00991064,0.00715986,0.0041853,0.00496555,0.000100683,0.00160783
0.0197681,0.0104644,0.0116311,0.0124866,0.00250839,0.000911189
0.00462972,0.00335341,0.00305207,0.0060071,-0.000301136,0.0013939
0.00975915,0.00654366,0.00472926,0.00534073,7.93076e-05,0.00223636
0.0285115,0.0192727,0.0101412,0.0180382,0.00268016,0.0015974
0.0117688,0.00528545,0.00480174,0.00278607,-0.000276554,0.00228635
0.0128057,0.00584397,0.00503455,0.00771409,0.000339765,0.00305498
0.0183627,0.0102881,0.00716227,0.0143414,0.00257109,0.00203868
0.0202806,0.0132195,0.00760305,0.00621702,0.00208486,0.00290608
0.0108516,0.00451757,0.00516265,0.00657768,0.00376353,0.00376017
0.0137959,0.0068122,0.00694369,0.0165029,0.00527981,0.00917412
0.00972625,0.00658114,0.00604691,0.00563727,0.000137236,0.000889677
0.0163157,0.00768383,0.00802657,0.0128012,0.00193037,-6.51285e-05
0.019764,0.00738771,0.00877119,0.0113119,0.00173693,0.000421001
0.0129877,0.00593483,0.00594684,0.00341496,0.00047136,0.000597309
0.0104486,0.00749998,0.00425606,0.00338717,-0.000683876,-0.000621122
0.015926,0.0113444,0.0115927,0.0097524,0.00292614,0.00038942
0.00855995,0.00637562,0.0039174,0.0062054,0.000280917,0.000662136
0.00842519,0.0050082,0.00497707,0.00584898,0.000720596,0.000445412
0.0074402,0.00366384,0.00463067,0.00436149,6.98426e-05,0.000473148
0.00515148,0.00381671,0.00267721,0.00575425,-0.000322265,7.24334e-05
0.00780878,0.00415774,0.00372738,0.00363907,-0.000238677,-0.000400509
0.0065247,0.00476095,0.00287844,0.00617178,0.000100473,0.00127909
0.0294002,0.0179088,0.044364,0.0640444,0.0144247,0.0119612
0.0139539,0.00619053,0.00633264,0.00829848,0.00128617,0.000907531
0.021132,0.0115763,0.00785211,0.0157617,0.00316196,0.00518886
0.0143886,0.00550614,0.00511691,0.0117445,0.00188427,0.006565
0.0125943,0.00882967,0.00533197,0.00367534,0.00136426,0.00271148
0.0131327,0.00911053,0.00499745,0.00740091,0.000837985,0.000382854
0.0115403,0.00842591,0.00698627,0.00529875,0.00145779,0.00128993
0.00850436,0.00585789,0.0038618,0.000581843,0.000455651,0.00149555
0.00798356,0.00602787,0.00405743,-0.00127691,0.0014009,-0.000856967
0.00874164,0.00615694,0.00364992,0.00122722,0.00139048,-0.000462429
0.0128673,0.00743467,0.012354,0.0112417,0.00223526,0.00376263
0.00939791,0.00668516,0.00352324,0.00370453,0.000207784,-0.000592104
0.00463862,0.00361033,0.00301392,0.0044077,-7.94468e-06,0.000792593
0.00450876,0.00315673,0.00249184,0.00195674,0.00169458,0.00161714
0.0205881,0.0146544,0.00836612,0.00870841,0.00176953,0.00176903
0.00925723,0.00672182,0.00948117,0.0110471,0.0028429,0.000899555
0.0154365,0.0102084,0.00627555,0.00966439,0.00103433,0.000865731
0.00957857,0.00352384,0.00849565,0.019117,0.00250525,0.00122338
0.00939264,0.00559438,0.0115131,0.0218047,0.00331681,0.00210293
0.00593552,0.00412557,0.00238401,0.00213726,-0.000224442,-0.000258325
0.00630041,0.00445313,0.00248486,0.00232337,-0.000129854,0.000120174
0.00655385,0.00462826,0.00305426,0.0048345,0.00120304,0.000526816
0.0058649,0.00369589,0.00283592,0.00472384,-2.62626e-05,0.0010818
0.0135366,0.00940456,0.00584179,0.00980487,0.00184559,0.00101127
0.0127345,0.00888972,0.0047613,0.00812324,0.00117886,0.00120262
0.0131505,0.00737213,0.00873451,0.0110693,0.00154922,0.00131922
0.00803986,0.00572288,0.00363737,0.0051666,0.00174177,0.000253146
0.0104451,0.00689535,0.00492768,0.0002518,0.000674779,0.000616295
0.010201,0.00638933,0.00342043,0.00555216,0.000371024,0.000980517
0.0112472,0.00771472,0.00443524,0.00244023,0.000229184,0.0011277
0.0134146,0.00869442,0.00722594,0.00981456,0.00207281,0.000965682
0.00883326,0.00383102,0.00417105,0.00565822,0.00138588,0.00170703
0.0136612,0.00964469,0.00369075,0.00880274,0.000454477,0.000949094
0.0111456,0.00845805,0.00458733,0.00379975,-0.000585984,0.000384527
0.0121374,0.00835075,0.00631108,0.00420708,0.000435723,0.00172134
0.0171561,0.00797639,0.00644432,0.0028175,0.00148007,5.54506e-05
0.0168895,0.00789641,0.00650008,0.00599031,0.00148625,0.00037133
0.0244293,0.0166627,0.00726443,0.0146901,0.00177043,0.000716801
0.0139189,0.00959745,0.00676365,0.0136163,0.0019417,0.00177044
0.0248717,0.0167981,0.00897771,0.00839427,0.000956061,0.00236493
0.014561,0.0104746,0.00633924,0.00965403,0.00207817,0.00218549
0.012338,0.00891181,0.00550037,0.00694835,0.000987019,-0.0006219
0.00729918,0.00548973,0.00554423,0.00210457,-0.000305333,-0.00010398
0.0209747,0.0143378,0.0232339,0.0348771,0.00493739,0.00186699
0.0216799,0.0148552,0.00733436,0.0129267,0.00125789,0.00114574
0.00745513,0.00357636,0.0049064,0.00584723,0.000631279,0.000268603
0.00770194,0.00310696,0.00475322,0.00208171,0.000841262,0.000389115
0.0106469,0.00399784,0.00627621,0.00884726,0.00143601,0.00216157
0.0151568,0.00870637,0.00774937,0.0114276,0.00236969,0.00134225
0.00496945,0.00370866,0.00211623,0.00586289,0.000676662,-2.21994e-05
0.0117759,0.00728884,0.00915869,0.00876224,0.000588743,6.30141e-05
0.00953245,0.00666674,0.00420294,0.00439366,0.000335316,0.000439651
0.0133411,0.00933054,0.00523748,0.00845664,0.0015119,0.00261691
0.0140042,0.00717667,0.00595012,0.00561088,0.00197929,0.000404544
0.0130026,0.00617115,0.00686894,0.00501907,0.000559612,0.00177261
0.0110207,0.00804688,0.00552415,0.00518764,0.00177727,0.00169155
0.0201556,0.00900666,0.00974322,0.00968872,0.00246129,-0.00143125
0.0219483,0.00848679,0.0109385,0.00980278,0.00141847,-0.000817795
0.00838287,0.00571837,0.00598752,0.00693522,0.00183083,0.00197837
0.0086381,0.0059401,0.00385337,0.000793347,0.000688708,-0.000706448
0.0118105,0.00823412,0.00468694,0.00571385,0.000932063,-0.000384732
0.00504118,0.00373274,0.00299299,0.00064085,-9.91115e-05,-0.00069798
0.0142082,0.00910692,0.00583188,0.00649322,0.00126462,0.00175214
0.00551116,0.00404984,0.00175287,0.00526729,0.000648335,0.00029003
0.00915917,0.00696108,0.00276753,0.00316367,0.000931358,-0.000357697
0.0217322,0.01496,0.00827868,0.00530954,0.000530765,0.00268236
0.012751,0.00890902,0.0178372,0.0302843,0.00832204,0.00868161
0.0183441,0.0121183,0.0254017,0.041822,0.00999582,0.0101707
0.0121495,0.00820145,0.00367229,0.0060181,0.000327039,-7.07775e-05
0.0123177,0.00819724,0.00590689,0.00855504,0.000647559,-0.000304833
0.00651198,0.00475812,0.00292884,0.00399383,-0.000391441,3.40406e-05
0.00608775,0.00454339,0.00274314,-0.000564094,0.000105534,0.000381793
0.00878515,0.00347661,0.00497635,0.0134805,0.0059265,0.014279
0.0116655,0.00429116,0.00672501,0.0157593,0.00511194,0.0148552
0.00786357,0.00423391,0.00465695,0.0147968,0.0041143,0.0124788
0.0120194,0.00608277,0.00800589,0.00877554,0.00268236,0.000211819
0.0115492,0.00610005,0.00760716,0.0100522,0.00191185,0.00194621
0.0111415,0.00818244,0.00674495,0.00588251,0.000569569,0.0008462
0.00777819,0.00530215,0.00259686,0.00263004,0.000595972,0.000783859
0.00747164,0.00568819,0.00364419,0.00350273,0.000511361,0.00119196
0.0122253,0.00880017,0.00369,0.00591864,0.000267622,0.00128864
0.0229263,0.009311,0.010198,0.0129019,0.00206504,0.00148387
0.0269778,0.00936579,0.012099,0.018393,0.00218785,0.000744389
0.0128509,0.00590599,0.00523419,0.00692978,-5.33644e-05,0.000856573
0.0103158,0.0073244,0.00377051,0.00476274,0.000399656,8.99583e-05
0.00469211,0.00347945,0.00190217,0.00152617,-0.000462267,0.000277305
0.0140522,0.00951393,0.00342204,0.00435197,0.000539662,0.00152948
0.00650873,0.00448051,0.0036742,0.00367344,-1.51127e-05,0.00198116
0.0112724,0.0078778,0.00931748,0.0113636,0.00150208,0.00133366
0.00768536,0.00513259,0.00452345,0.000577721,0.00162724,0.00126061
0.00840416,0.00412239,0.00423712,0.00627255,9.40015e-05,0.000539903
0.0192366,0.0130817,0.00690635,0.00789865,0.00119706,0.00206433
0.0256141,0.0148378,0.0154583,0.0182119,0.00378468,0.00257176
0.00816319,0.00466977,0.00495001,0.00750987,0.00103977,0.00071245
0.013097,0.00943785,0.00439229,0.00754809,0.00108247,9.1017e-05
0.012468,0.00577742,0.00671063,0.00576311,0.00154015,0.000592491
0.0118413,0.00570929,0.00641035,0.00569363,0.00168416,0.00106577
0.00592881,0.00420245,0.00282619,0.00152734,0.000819733,-0.000226767
0.0141431,0.00932472,0.0039872,0.0086345,0.00158882,0.000440751
0.0144335,0.00722388,0.00896122,0.0103987,0.00262942,0.00204601
0.0110181,0.00490418,0.00609085,0.00111931,0.000703203,0.00149964
0.0109184,0.00762675,0.00289812,0.00112007,0.0014339,0.000201306
0.0121604,0.00678047,0.00529144,0.00894228,0.000776215,0.00099704
0.00921344,0.00670498,0.00371089,0.00744033,0.00145923,-0.000727386
0.0111241,0.00785512,0.0136362,0.00653776,0.00179655,0.000606879
0.017101,0.0115955,0.00881548,0.00941167,0.00218124,0.00257135
0.0109769,0.00621057,0.00445548,0.0099062,0.0017723,0.0067146
0.00672633,0.0035992,0.00439818,0.00726112,0.000720935,-0.000512937
0.00764795,0.00400905,0.00468363,0.00488454,-0.000628878,-0.0011632
0.00761706,0.00569195,0.00239233,0.00557072,0.000810556,0.00178117
0.00574887,0.00409628,0.00296868,0.00136851,0.000923552,-7.95898e-05
0.0159991,0.0100133,0.00509099,0.00615803,0.00133017,0.0017361
0.0179507,0.0103389,0.019082,0.0414127,0.00804286,0.00515456
0.0171201,0.00942341,0.00847238,0.0100866,0.00239306,0.00116046
0.00720247,0.00333333,0.00379584,0.00484823,0.000761666,0.00128347
0.00927082,0.00661726,0.00250164,0.00619312,0.000396735,0.00150422
0.00418687,0.00311013,0.00339314,-0.000915354,-0.000580687,0.000185198
0.0406824,0.0199591,0.0176151,0.0185676,0.00434238,0.00131026
0.0102134,0.00695274,0.00284357,0.00769006,0.000483177,-0.000156744
0.00458841,0.00325298,0.00621558,0.0138857,0.00171382,0.000461257
0.00560611,0.00418,0.00217329,0.00230118,0.00125909,0.000298342
0.00394883,0.00314007,0.00250721,0.00804219,0.00173479,0.00797122
0.0198922,0.012235,0.0119794,0.0137167,0.00454324,0.00275188
0.0160875,0.0111024,0.0063562,0.00246545,0.00132816,0.000820792
0.0098259,0.00372548,0.00458593,0.00615065,0.000363224,-0.000799074
0.0109197,0.00382769,0.00477869,0.00425115,8.39407e-05,-0.00027675
0.0290719,0.0162203,0.0160573,0.0219938,0.00336641,0.00409877
0.00962696,0.00338435,0.00314818,0.00519058,-0.000835086,0.000690473
0.00873049,0.00628074,0.00473664,0.00556896,-1.01247e-05,-0.000885949
0.00583396,0.00292647,0.00269139,0.00259171,0.000759824,0.000265087
0.00875538,0.00578498,0.00399975,0.00292599,0.000657337,-0.000207513
0.00513073,0.00404207,0.00671997,0.00656737,-0.000283432,0.0018941
0.029245,0.0188829,0.00834606,0.01079,0.00250302,0.00130941
0.0113014,0.00579912,0.0054812,0.00590246,0.00108244,0.00113576
0.0113142,0.00581576,0.00527132,0.00189756,0.000560218,0.00109928
0.00433517,0.00319662,0.00222252,-0.000844098,0.000233926,0.00132428
0.00413141,0.0031784,0.0020089,0.000663835,0.000185529,-0.000328369
0.0222459,0.0156214,0.0202351,0.0223715,0.00250637,0.00175251
0.00616927,0.00431208,0.00362333,0.000110385,0.000286481,0.000708012
0.00835444,0.00421059,0.00368912,0.00537403,0.000641786,0.000701643
0.0160472,0.00702821,0.00571029,0.00787011,0.00218897,0.00242809
0.0250359,0.0119417,0.00883872,0.0154794,0.00286695,0.00271712
0.0179063,0.0120827,0.00541555,0.0161735,0.00241873,0.00129022
0.0162926,0.0114881,0.0056806,0.00680281,0.000729967,0.00139648
0.00813894,0.00560699,0.00385553,0.00283694,0.000801819,0.000918268
0.0125659,0.00905075,0.00368868,0.00657612,0.00192766,0.00126009
0.0152663,0.0105671,0.0045737,0.0121695,0.00122389,0.00160737
0.0163155,0.0107645,0.0100678,0.0127874,0.00211936,0.00253979
0.00876393,0.00498016,0.00552381,0.00232066,0.00131738,0.000150762
0.00744862,0.00373369,0.00434749,-0.00232602,-0.000320164,0.000228345
0.012088,0.00870189,0.00856197,0.0117242,0.00215082,0.00154252
0.00860488,0.00640203,0.00376528,0.0150637,0.00420244,0.0101865
0.0198278,0.0105563,0.0117046,0.0123354,0.00290799,0.00116391
0.0170557,0.0112535,0.00563787,0.00760716,0.00157084,-0.000674779
0.0125908,0.00874547,0.00746904,0.0121963,0.000736618,0.000994562
0.0217025,0.0140722,0.00828294,0.00620517,0.00077872,0.000695244
0.00453807,0.00355041,0.00285112,0.00340968,-0.000333011,-0.000222832
0.00606207,0.00419899,0.00242362,0.00198292,0.000747761,0.000223739
0.0102439,0.00687379,0.00414981,0.00425533,0.000725738,0.000374628
0.0045531,0.00344866,0.00224392,0.00405735,0.000310121,0.000401684
0.0242557,0.0160039,0.0303289,0.0341368,0.0102895,0.0142014
0.0103419,0.00742134,0.00406212,0.00594917,0.00067343,-0.000115476
0.00638103,0.00475678,0.00296817,0.000855387,0.000202984,0.000275783
0.00538229,0.00407091,0.00299026,0.00423774,-0.000681901,0.000414747
0.0198946,0.0128094,0.00677537,0.00856669,0.00152189,0.00187152
0.00631403,0.00433521,0.00504478,0.00624922,0.00147857,0.000266577
0.0310766,0.0194432,0.0133012,0.0155003,0.00293753,0.0029966
0.0109275,0.00793343,0.00440903,0.00390516,0.00200201,0.000326149
0.00428543,0.00330899,0.00222246,0.00251315,0.000282559,-1.09904e-05
0.00513314,0.00371265,0.00265245,-9.9988e-05,0.000348773,0.000759589
0.00376871,0.00317905,0.00219961,0.00352124,-7.14165e-05,0.00112076
0.0114959,0.00770609,0.00312889,0.00585171,0.00115357,-0.000682444
0.0150693,0.0106642,0.00457927,0.00950761,0.00317053,0.00829902
0.00672081,0.00489849,0.00406648,0.00322081,0.000232895,0.000658145
0.00688541,0.00351902,0.00561786,0.00277362,0.000386399,0.000692212
0.00723275,0.00353767,0.00549484,0.0033917,0.000469413,0.000758643
0.0166783,0.0118512,0.0123454,0.00771149,0.00351324,0.00177113
0.0170735,0.0115271,0.00711743,0.00711512,0.000513106,0.00135457
0.013267,0.00874509,0.00552557,0.00300638,0.000929133,0.00125339
0.00562612,0.00427003,0.00309935,0.00293353,0.00175208,0.00120855
0.0231878,0.014359,0.0160878,0.014589,0.00378468,0.00417307
0.0181106,0.0108898,0.00651862,0.00758578,0.00190791,0.0005725
0.00655919,0.00469202,0.00297786,0.00821635,0.00081875,-0.00057693
0.00444146,0.00312152,0.00315202,0.000974912,0.000713453,0.00165178
0.0277778,0.0160773,0.0128906,0.0140342,0.00422628,0.00146192
0.00817378,0.00616957,0.00419369,0.00703775,0.000828373,0.000694206
0.00706987,0.00474436,0.00505572,0.0102194,0.00169689,0.00260985
0.00917831,0.00639801,0.00449224,0.00517977,0.00158701,0.00192972
0.0107224,0.00747055,0.0041129,0.0013599,0.000483491,0.000214418
0.00555258,0.00405705,0.00296236,0.000906835,0.00136385,0.000565119
0.0071635,0.00539642,0.00315317,0.00325965,0.000760387,0.000290175
0.0131948,0.00899739,0.00618425,0.00805819,0.00135795,0.000928449
0.00667728,0.00448355,0.00350238,0.0057066,0.000330226,-0.00150737
0.00639943,0.00449755,0.00330633,0.00542975,0.000913139,0.00101153
0.0120154,0.00664223,0.00610566,0.00705027,0.00201442,0.00178497
0.0107796,0.00622879,0.00511749,0.00665459,0.00047439,0.0010168
0.0044787,0.0031751,0.00301589,0.00305901,-0.00142512,0.000178994
0.00558909,0.0040725,0.00284972,0.00350921,-0.000452277,0.00208983
0.00479015,0.00339077,0.00209412,0.00168858,0.00120966,4.40154e-05
0.00921502,0.00384745,0.00471789,0.00527681,0.00163604,0.000196286
0.0124807,0.00831602,0.00650071,0.00896454,0.000631849,0.000997681
0.00644425,0.00449828,0.00526445,0.00696827,0.000868401,0.00185265
0.035276,0.0127823,0.0182813,0.027016,0.00388048,0.00449341
0.0125658,0.00886888,0.00340903,0.00797086,0.00513551,0.00771803
0.0191949,0.0129884,0.00803368,0.0106672,0.000906345,0.000192569
0.00575023,0.00397069,0.00296427,-7.51873e-05,0.00116589,0.00156007
0.00671949,0.0049371,0.00398295,0.00506828,0.000906413,0.00149199
0.00774287,0.00550732,0.00367247,0.00350625,0.000351936,-0.000465336
0.0057444,0.00420787,0.00353887,0.00123632,0.000264086,0.000457336
0.0170668,0.012268,0.00498923,0.00465923,0.0024502,0.000604271
0.0237748,0.0149675,0.0098902,0.0187216,0.00368736,0.00295783
0.0124445,0.00592678,0.00809434,0.0131816,0.00184849,0.00157553
0.00647569,0.004543,0.00323817,0.00466063,0.000802045,0.00129636
0.0145913,0.00746441,0.00685599,0.0162082,0.00585645,0.0132968
0.013837,0.00751431,0.00656758,0.0175715,0.00524354,0.013176
0.0162635,0.00650063,0.0064775,0.0160956,0.0087859,0.018734
0.0178001,0.010151,0.00611455,0.0183702,0.00964094,0.0214137
0.00668615,0.00488025,0.00300195,0.000711859,0.00128671,-0.000573337
0.0122369,0.00892301,0.00556502,0.00701531,0.00126415,0.00145524
0.0175502,0.0122103,0.00536212,0.00243303,0.00140216,-0.000619213
0.0169093,0.0076549,0.0109548,0.013835,0.00283351,0.00255946
0.0310902,0.0100263,0.018026,0.0230569,0.00288091,0.00281912
0.0255493,0.00994296,0.0136525,0.0176956,0.00124201,0.00169257
0.0072921,0.00506542,0.00284723,0.00330338,0.000903806,-0.00101603
0.0124668,0.00628247,0.00557067,0.00597398,0.000526473,0.000377937
0.00686857,0.00370728,0.00266581,0.00367529,0.00022425,2.33443e-05
0.00739135,0.00516692,0.00270902,0.00598974,0.000377971,0.000699216
0.017874,0.00735544,0.00892809,0.00921473,0.00202471,-7.47358e-05
0.0160986,0.00737643,0.00752426,0.00995337,0.00167034,-0.000313089
0.00597089,0.00439136,0.00344474,0.00117924,-8.81729e-05,0.000787236
0.00461634,0.00344633,0.0025782,0.00669926,0.00117005,0.000870965
0.0305108,0.0159979,0.0160573,0.0264226,0.00426098,0.00451715
0.0148755,0.00652734,0.00688281,0.0146307,0.00494993,0.00783082
0.0273539,0.0173771,0.0127869,0.0217785,0.0051677,0.0120039
0.0107468,0.00773269,0.00530362,0.00322197,0.000605279,0.00133027
0.00643526,0.00473663,0.0036492,0.00390505,0.000177541,0.00059271
0.0116263,0.00687685,0.00490001,0.00644755,0.000757375,-0.000102595
0.013769,0.00838169,0.00684875,0.00473255,-0.000579761,-0.00155852
0.0066653,0.00467363,0.00290649,0.00439537,-0.000121319,-0.00020816
0.00512969,0.00372589,0.00255256,0.0013835,0.000912456,0.000547794
0.00710555,0.00529358,0.00473451,0.00299444,0.000315085,0.000385884
0.00791292,0.00577748,0.0030991,0.00411231,5.31986e-05,0.00207509
0.00691793,0.00488795,0.00278256,0.00217489,-0.00019063,3.26518e-05
0.0144995,0.00989073,0.00729978,0.00752753,0.000330448,0.00174477
0.0202231,0.0140932,0.00914501,0.00888704,0.00127074,0.00207323
0.00870003,0.00661931,0.00340468,0.00784262,0.000230579,0.00219632
0.0124416,0.00845098,0.00797242,0.0114516,0.00170019,0.00232776
0.0112384,0.00531023,0.00689143,0.00276902,0.00100551,0.000661663
0.0098718,0.00680987,0.00313983,0.00204925,0.000862721,0.000274765
0.0103032,0.00726803,0.00448161,0.00572816,0.00040167,0.00116709
0.00680478,0.00346492,0.00406247,0.00128936,0.00158848,0.000369473
0.00667789,0.00349027,0.00387937,0.00586475,0.00192391,-0.000824975
0.0167586,0.00946579,0.00847416,0.0116106,0.00270166,0.00141095
0.0365653,0.0153086,0.015367,0.0181071,0.00455492,0.00202613
0.00682712,0.00510782,0.00312921,0.00594213,0.0017343,0.00215266
0.0130697,0.00875059,0.00659385,0.00821486,0.00122801,0.000706489
0.00566331,0.00420942,0.00239951,0.00607846,-0.000188873,-0.000203607
0.0043198,0.00360056,0.00275318,0.00568953,0.000735745,0.00146769
0.0151468,0.0106242,0.00972393,0.00528671,0.00204902,0.00161762
0.00716615,0.00429915,0.00289532,0.000845757,0.00126295,0.00190608
0.0241588,0.0162403,0.0154012,0.0244346,0.00590948,0.00206904
0.00461407,0.00327365,0.00395151,0.00192441,0.000618112,0.00110069
0.00928755,0.00641477,0.00385356,0.000672186,-0.000289139,0.000458308
0.00576673,0.00398601,0.00322932,0.00440214,0.000765987,0.000118376
0.0171835,0.0109643,0.019141,0.0236027,0.00503726,0.00521642
0.0245306,0.0126533,0.0263847,0.028056,0.00514078,0.00590441
0.0190327,0.00910325,0.00998185,0.00852913,0.00159747,0.00104895
0.0123138,0.00505996,0.0059154,0.00772792,0.00143949,0.000286346
0.00713096,0.00495275,0.00238935,0.00176674,0.000978157,-5.39421e-05
0.00540651,0.0042106,0.0024269,0.00554453,0.000247904,0.000623471
0.0128103,0.00539787,0.00501831,0.00654311,0.00136098,0.00190752
0.00786737,0.00322244,0.00315969,0.00653343,6.87798e-05,0.00110999
0.012607,0.00879549,0.00455633,0.0088322,0.00106705,0.000369996
0.0164603,0.0114645,0.00611606,0.00758599,0.00225947,0.00254049
0.00851753,0.00622247,0.00224695,0.00596741,0.000530423,0.000474616
0.0208916,0.00973938,0.00750007,0.00962535,0.00298043,0.000988547
0.0208888,0.0110596,0.00799797,0.00845739,0.001728,0.0017648
0.00835011,0.00613817,0.00347951,0.00242666,0.000942693,0.00206363
0.0108173,0.0072226,0.00977807,0.0146443,0.00215027,0.000686634
0.0112132,0.00718119,0.00506159,0.00949176,0.000998798,0.001298
0.0143085,0.00643663,0.00725964,0.0103663,0.00232974,0.000824552
0.0148178,0.00786292,0.00784073,0.00919895,0.00218349,0.00167583
0.00854981,0.00582926,0.00519791,0.00173302,0.0011577,0.000395096
0.0234383,0.0128886,0.0115073,0.0124581,0.00200366,0.00175197
0.017481,0.0108918,0.00881094,0.00864057,0.000844813,0.000161485
0.0200801,0.014165,0.00619033,0.00481831,0.00225968,8.12669e-05
0.00934102,0.00550454,0.00453716,0.00692392,0.00051776,-0.000425741
0.00778728,0.00431103,0.00409247,0.00467835,-0.000206877,0.000392706
0.00969662,0.00704075,0.00637134,0.00640338,0.000954349,-0.000168427
0.00871878,0.00595441,0.00425926,0.00225695,0.000252685,8.85937e-05
0.0191514,0.0125507,0.00798121,0.0049858,0.00159381,0.000773124
0.00915971,0.00633462,0.00225053,0.00150916,7.84623e-05,-0.00156247
0.0164506,0.0105175,0.00803137,0.00597155,0.000652581,0.000637871
0.00864798,0.00621666,0.00399033,0.00491673,0.00134062,0.000588093
0.0124371,0.00854624,0.00520744,0.00540127,0.00141549,-0.000177099
0.00959457,0.00663395,0.00518871,0.00356571,-0.000581165,0.00120866
0.0270478,0.0166687,0.0070568,0.0112765,0.00203071,0.00138258
0.014984,0.00607466,0.00805163,0.0119005,0.00213294,0.000714907
0.00977413,0.00438818,0.00766673,0.0135728,0.00213377,7.80364e-05
0.0101429,0.00589023,0.00533474,0.00557762,0.00192554,0.000766666
0.0235809,0.0128985,0.0150624,0.014699,0.00389036,0.00127216
0.0265143,0.0164359,0.0365618,0.0497881,0.00966527,0.0136467
0.010853,0.00772251,0.00412061,0.00809496,0.00164246,0.000341279
0.035408,0.0128859,0.0339484,0.05585,0.0124413,0.00991632
0.0570846,0.0168264,0.0426241,0.0653636,0.0120341,0.0108999
0.0424904,0.0168296,0.0246213,0.0370994,0.00560825,0.00479329
0.00668449,0.00474572,0.00402579,0.00497648,-0.000511373,0.00111366
0.00723893,0.00390725,0.00406594,0.00140435,0.000239108,-0.000293172
0.00415546,0.00329615,0.00336787,0.00469096,0.000836039,0.000801095
0.00983543,0.00701569,0.00904351,0.00742374,0.00116596,0.00246318
0.0088319,0.00412779,0.00636161,0.00528858,0.000788286,0.00117293
0.0086731,0.00428981,0.00636126,0.00450563,0.00150032,0.00103118
0.00996251,0.00722192,0.00595829,0.00628906,0.00207307,-0.00027325
0.00964244,0.00452357,0.00457619,0.00452004,-0.000703382,-0.000468928
0.00537479,0.00372332,0.00475147,0.00709136,0.000632539,0.000459017
0.0230899,0.0097011,0.00944003,0.0114916,0.00183925,0.000725491
0.00708264,0.00501718,0.00230694,0.0158389,0.00742897,0.0211882
0.0101055,0.00737058,0.00560433,0.00584018,0.00131208,0.000706868
0.00926715,0.00614864,0.00284034,0.00400353,0.00062086,0.00124617
0.0322492,0.021907,0.011614,0.0161435,0.00232118,0.00224862
0.0137558,0.00970823,0.00621334,0.00931752,0.00122088,0.00253282
0.00576302,0.00304475,0.00331721,0.00220302,0.000736022,0.000724717
0.00618872,0.00296947,0.00334868,0.00325905,0.000757922,3.87472e-05
0.0108303,0.00764496,0.00506415,0.00580548,0.000918568,0.000908502
0.00866983,0.00565384,0.00210541,0.00153355,0.000505643,0.000772916
0.0153015,0.00862094,0.00669259,0.00968329,0.00324429,0.003116
0.0251495,0.0148026,0.0356211,0.0405501,0.00887838,0.00609369
0.00779162,0.00561031,0.0023769,0.00421576,0.000397495,-0.000430762
0.0271778,0.0110353,0.0111745,0.0169798,0.0033566,0.00208561
0.0213102,0.0106651,0.00932727,0.0112009,0.0018206,0.000976863
0.00506385,0.00370895,0.00182559,0.00468035,0.000207308,0.000402767
0.0178941,0.0111546,0.0123179,0.0137973,0.00430581,0.00786958
0.024818,0.0104566,0.0130654,0.0192702,0.00280439,0.00397016
0.0256741,0.0102492,0.0131479,0.0167961,0.00244291,0.00308759
0.0146233,0.00822082,0.0078583,0.00616582,0.00166311,6.06344e-05
0.00534071,0.00405867,0.0022913,-0.00204139,0.000252471,0.000338521
0.0092901,0.00653516,0.00497396,0.00532482,0.00142746,-0.000761026
0.0293046,0.0153588,0.0199416,0.0193081,0.00379235,0.00359199
0.0318651,0.0153631,0.02018,0.0207306,0.00432262,0.00204262
0.00521105,0.00364264,0.00329336,0.00333032,0.000351808,0.00156133
0.015622,0.0109969,0.00744833,0.00589881,0.00198278,0.000105984
0.0228956,0.0125846,0.00905911,0.0119303,0.0033973,0.0021621
0.0220453,0.0109075,0.0076553,0.0124444,0.00288671,0.00250924
0.00595549,0.00418663,0.0031029,0.00160529,0.000839861,-0.000349855
0.00640337,0.00474298,0.00288069,0.00359413,0.000527475,-0.000351128
0.00582584,0.00443531,0.00201006,0.00515539,-0.000479266,5.70387e-05
0.0103629,0.00599857,0.00687075,0.00310776,0.00202171,0.000149249
0.0110929,0.00744183,0.00418913,0.00773879,0.000308971,0.00172522
0.00751445,0.00523903,0.00530724,0.00301646,0.000104938,0.00125895
0.00733193,0.00497811,0.00318969,0.00200551,0.00106944,-0.000643028
0.0122682,0.00511177,0.00675993,0.0100771,0.00319892,1.12261e-05
0.0111739,0.00755475,0.00398779,0.00310157,0.000604065,0.000783688
0.00528094,0.00322709,0.0021711,0.000514854,0.000955859,0.000442947
0.00580852,0.00314966,0.00422117,0.00570272,0.000147595,7.95045e-05
0.010855,0.00523628,0.0075105,0.00773998,0.00176434,0.000475824
0.0184392,0.0107319,0.00989364,0.00674321,0.00237474,0.00108209
0.0180833,0.00781034,0.00812033,0.00747068,0.00200524,0.00159071
0.0226049,0.0119573,0.00942635,0.00865596,0.00145107,0.00237011
0.0175857,0.01069,0.012604,0.0166374,0.00279742,-0.000206711
0.0229009,0.0105126,0.0153835,0.0187187,0.0026486,-0.000523846
0.0121019,0.00650643,0.00704475,0.00798549,0.000694966,0.000241062
0.0103708,0.00458352,0.00670454,0.00569055,0.00113277,0.00101595
0.0135511,0.00449639,0.00824924,0.00568218,0.00110313,0.00181828
0.0106863,0.00303425,0.00522575,0.00380324,0.00017866,0.000632056
0.0129432,0.00774604,0.00544543,0.00502982,7.98786e-05,0.000889994
0.00742898,0.00529868,0.00297721,0.00684734,-0.000101555,0.00042084
0.00415915,0.00333381,0.00158197,-0.0018355,0.000225394,0.00122563
0.00435416,0.0031167,0.00254145,0.00203008,6.25756e-05,-0.000892681
0.00775586,0.00556934,0.00650186,0.0150934,0.00405568,0.0107114
0.0186619,0.0131493,0.00546025,0.0035067,0.00216458,0.00022515
0.00755483,0.00533993,0.00309147,-0.00314075,0.000696683,-0.000700074
0.012232,0.00626506,0.00717081,0.00927255,0.00268837,0.00154317
0.0323807,0.0130069,0.0141308,0.0164289,0.00173792,0.00174114
0.030769,0.0130007,0.0131848,0.0151554,0.00172747,0.00113
0.00722089,0.00477295,0.00375447,0.00286859,3.59864e-06,0.000165346
0.0282137,0.0166775,0.0114163,0.0164223,0.00374412,0.000141287
0.00890143,0.00650166,0.00463467,0.00220573,0.00106077,-0.000222106
0.00997349,0.00715465,0.00451946,0.00501458,0.000471767,0.000271693
0.0134823,0.00958041,0.00475601,0.00291196,0.000467538,0.000141251
0.0141192,0.00975303,0.0055458,0.00767123,0.000830328,0.00110503
0.00690445,0.00407288,0.00370433,0.00134109,0.000492043,0.00155936
0.0117553,0.00491651,0.00575904,0.0109862,0.00217544,0.00715215
0.0124679,0.0048039,0.00573605,0.00988504,0.00144901,0.00640112
0.0123163,0.00862948,0.00493708,0.0041462,0.00123085,0.000922629
0.0159058,0.0109209,0.00800902,0.013374,0.00360027,0.00173109
0.00598667,0.00440371,0.00263854,0.00149311,0.000293852,0.0011101
0.0182619,0.0129162,0.00866333,0.00674806,0.00112722,0.00203354
0.00943899,0.00679282,0.00427468,0.00295302,0.000845809,0.00284875
0.0186287,0.01259,0.00676723,0.00892322,0.00126526,0.000461221
0.0146609,0.00991393,0.00712955,0.00889873,0.000633211,0.00151312
0.0235055,0.00888652,0.0104518,0.0117398,0.000991715,0.000108428
0.0211876,0.00887993,0.00881104,0.0121791,0.000478294,3.82537e-05
0.00813034,0.0051176,0.00466886,0.00369102,0.000533159,0.000573325
0.0166774,0.0081751,0.00823479,0.0077673,0.000756456,0.0013619
0.0205003,0.0061487,0.0100777,0.011177,0.00125864,0.000888678
0.0198038,0.00603806,0.00989948,0.0101155,0.00150284,0.000748529
0.0159426,0.00721599,0.00719452,0.0059266,0.000468894,0.000921024
0.00565235,0.00396808,0.00235552,0.00133298,-0.00034033,-0.000414666
0.00477229,0.00345252,0.00301899,-0.000585545,-2.51605e-05,-4.97148e-05
0.0125934,0.0090761,0.00473551,0.00140832,0.000669836,0.00118661
0.00567948,0.00400549,0.00474992,0.00527408,0.000599101,-3.2562e-05
0.00927946,0.0062847,0.00642446,0.000821267,0.000287616,0.00283166
0.0117823,0.00807773,0.00659785,0.0153547,0.00599963,0.0134886
0.00754855,0.00367141,0.00357297,-0.0021103,0.00120851,0.00119374
0.0188929,0.00834958,0.00668308,0.00600162,0.00226701,0.00233448
0.0313493,0.019744,0.0089411,0.0135918,0.00234729,0.00208566
0.0120579,0.00815832,0.00363483,0.00226213,3.34862e-05,0.000720907
0.0161947,0.00747509,0.00753317,0.00716923,0.000983858,0.00151173
0.0188984,0.00878449,0.00766402,0.00985017,0.000121151,0.00141313
0.00983577,0.00660311,0.00761664,0.00598503,0.00104449,0.00110885
0.022868,0.012345,0.0078291,0.00920755,0.00185119,0.000236199
0.0227965,0.0123178,0.00753923,0.00695765,0.00185988,0.000957924
0.0110134,0.00732611,0.00356971,0.00523861,0.000688645,0.0024684
0.0196119,0.0129235,0.00898974,0.00914719,0.00189348,0.00265299
0.0049801,0.00324357,0.00254453,-0.00178066,0.000192733,-0.000107619
0.00451086,0.00333876,0.00213422,0.000154657,-0.00111234,-0.000643047
0.00757429,0.00539462,0.00208211,0.00402443,-0.000750619,-0.00031857
0.00432939,0.00326267,0.00296708,0.00129032,-0.00149384,-0.000978831
0.0147798,0.0091793,0.0039105,0.0107254,0.0010147,0.000973871
0.00893621,0.00459971,0.00287826,0.00617122,0.00049268,0.000823067
0.0179355,0.0116511,0.00732714,0.00788502,0.0012459,0.000988564
0.0159357,0.0105713,0.00626613,0.0119387,0.000547332,0.00280745
0.0162264,0.0110695,0.00699836,0.00933745,0.000743543,0.000757064
0.00713936,0.00529408,0.00293591,0.000974965,0.000292043,0.000722224
0.012417,0.00886274,0.0036952,0.00508229,-0.000188069,-0.000499007
0.00772332,0.00589209,0.00354689,0.0074296,0.000420042,0.00107655
0.00502098,0.00357535,0.00162147,0.00323925,0.000207527,0.00133819
0.00496405,0.00382832,0.00210111,-0.00026279,0.000793038,0.000723891
0.0177566,0.0127226,0.00577292,0.0127153,0.00601864,0.00715981
0.0206139,0.00854001,0.0112711,0.011688,0.00178008,0.000978425
0.0178262,0.0105626,0.00810399,0.00499177,0.000489214,0.000830864
0.0189065,0.0105449,0.00809047,0.00707818,0.000744287,0.00093335
0.0304983,0.0129613,0.0155352,0.0140604,0.00329416,0.00157198
0.0334777,0.0129463,0.0176074,0.0178996,0.00355022,0.000874882
0.0158728,0.00941895,0.00931847,0.00737907,6.53921e-05,0.000526974
0.00512349,0.00412547,0.00395268,0.00495196,0.000386373,7.83228e-06
0.0122003,0.00851028,0.00617628,0.00700616,0.00111503,0.00104659
0.0211969,0.0135461,0.0102931,0.0058679,0.00113719,0.00155176
0.00592042,0.00454687,0.0035286,0.00201528,-0.00012321,0.00223024
0.0150874,0.0084648,0.00465546,0.00603003,0.000255433,0.000970996
0.0158951,0.00848909,0.00492345,0.00530564,0.00047878,0.000991272
0.004881,0.00359335,0.00198383,0.00344875,-5.70092e-05,0.000808961
0.0094682,0.0047788,0.00939851,0.00923275,0.00167266,0.000308448
0.00617344,0.00426336,0.002657,-0.00096601,1.23881e-05,-2.49555e-05
0.0158955,0.00683362,0.00661248,0.00707968,0.00127083,0.000648437
0.0199061,0.0100191,0.00815126,0.00608771,0.000365918,0.000792398
0.0153902,0.0109039,0.00605077,0.00785585,0.000446034,-0.000336514
0.0140537,0.00978009,0.00541238,0.00330934,5.45089e-05,0.000629897
0.0203991,0.00995103,0.00817718,0.0188126,0.00226078,0.000388072
0.0239891,0.0129304,0.0181844,0.0165814,0.00312547,-3.26326e-05
0.0112976,0.0084562,0.00519825,0.00265995,0.00217339,0.00021447
0.00550535,0.00402548,0.00274802,0.000853551,0.000591172,0.000227976
0.0212858,0.00839929,0.0140029,0.0177934,0.00251669,0.00172665
0.0301312,0.00987603,0.0180012,0.0218039,0.00320054,0.00161212
0.0134052,0.00774445,0.00425825,0.00916266,0.00088399,0.0027345
0.00953707,0.00575383,0.00486058,0.00237254,0.000691651,0.00123518
0.016692,0.010026,0.00914408,0.00703247,0.00168455,0.00127395
0.00819722,0.00481257,0.00274792,0.00417671,0.00141268,0.00104818
0.0174572,0.0118439,0.00545844,0.0082,0.000480954,0.00108943
0.0100277,0.00716921,0.00403282,0.000161969,0.000165205,0.00161657
0.0112729,0.00561056,0.00486492,0.00758181,0.00326076,0.0045935
0.0143989,0.00820385,0.00571504,0.0100207,0.00305778,0.00746261
0.00457072,0.00331303,0.00133734,-0.00291983,0.000737496,0.0015114
0.0112878,0.00779554,0.00414622,0.0102583,0.00185397,0.000861651
0.0169821,0.0119847,0.00590418,0.011266,0.00120136,0.00296653
0.0180489,0.0118221,0.00966719,0.0083691,0.00155209,0.00023906
0.0159621,0.0107256,0.00645116,0.00615856,0.00156362,0.00200638
0.0144442,0.00634179,0.00717896,0.0125717,0.00124375,0.00211027
0.0114646,0.00560753,0.00564825,0.0082919,0.000459252,0.00235895
0.0107874,0.0077295,0.00567799,0.00481087,0.00117972,0.000584475
0.0165141,0.0114099,0.00538105,0.0111416,0.00229424,0.00229961
0.0149774,0.0102024,0.00541329,0.00514358,1.83565e-05,0.000366855
0.00857513,0.00578917,0.00351436,0.00138464,0.00170493,0.000853047
0.0148264,0.0104708,0.00507429,0.0109169,0.000506502,0.000293798
0.0116543,0.00834814,0.00542518,0.0064608,0.000827503,0.00155194
0.00879507,0.00623872,0.00348104,0.00990396,0.00067871,0.00125865
0.0317021,0.0207181,0.0180779,0.0207773,0.00316003,0.00235188
0.00834403,0.00392791,0.00425233,0.00204948,0.000246822,0.000747438
0.0110465,0.00780786,0.00458317,0.00218012,0.000543067,0.000804665
0.0127303,0.00905182,0.00662497,0.00658057,0.00172097,0.00019413
0.00886755,0.00601412,0.00513297,0.0035161,0.000377417,0.00107696
0.00793129,0.00541007,0.00376744,0.00723716,0.00181783,0.00060136
0.01169,0.00838865,0.00593242,0.00618826,0.000125467,-0.000234825
0.00795424,0.00580599,0.00426876,0.00456099,0.00105598,-1.89476e-05
0.0102379,0.00760431,0.00349234,0.00318599,0.000580308,-0.000424793
0.0169786,0.0116384,0.0082501,0.00443489,0.000346914,0.00262507
0.00605365,0.00470104,0.00944863,0.00726322,0.00176248,0.00233433
0.0123746,0.00827248,0.00379244,0.00618786,0.000329649,0.000360823
0.00910296,0.0049417,0.00416051,0.0102963,0.000848411,0.00204805
0.0175902,0.0111263,0.00680309,0.0106329,0.00142047,0.00136261
0.0145684,0.00881797,0.00429761,0.00717095,7.1406e-05,0.000113892
0.0128308,0.00826439,0.00596568,0.00621818,0.00129144,0.00120029
0.00836518,0.00442042,0.00317065,0.00631102,0.00139499,0.00142779
0.00681595,0.00466584,0.00329798,0.000709634,0.000567917,0.0001475
0.0199141,0.00991228,0.0118719,0.0155067,0.00207145,0.000695091
0.0179064,0.0099205,0.0075565,0.00799008,0.000340153,-0.000520137
0.00673351,0.00471787,0.00376925,0.00766092,-0.00113535,-0.000151716
0.00420585,0.0032014,0.00223443,0.00106509,-0.000201722,0.00104206
0.00685343,0.00493355,0.00198762,0.00455168,0.000950622,-0.000151872
0.00906848,0.00654603,0.00713352,0.00492811,9.99505e-05,0.000968012
0.0192567,0.0128767,0.0115783,0.0135385,0.00225518,0.00206047
0.013333,0.00772382,0.00638858,0.00550686,0.00129356,0.00119176
0.0109967,0.00785687,0.00562343,0.00160993,0.00125038,0.00259135
0.0120063,0.00833418,0.00738029,0.0102812,0.00205792,0.00177449
0.0116856,0.00811545,0.00438143,0.00825401,0.000532506,0.000968837
0.0320931,0.0171781,0.0145015,0.0238663,0.00323976,0.00284271
0.0263343,0.0100603,0.0109754,0.0131777,0.00266035,0.0022521
0.00977337,0.00583498,0.00383038,0.0106354,0.00370199,0.00553174
0.0100026,0.00694899,0.00462701,0.00523216,0.00061847,0.00112629
0.0188303,0.0122684,0.00907546,0.0118645,0.00169104,0.000892244
0.0122644,0.00525004,0.00690146,0.00554763,0.00104955,-0.000112067
0.00557202,0.00418311,0.0023519,-0.00157947,0.000950805,0.000335043
0.0058245,0.00441351,0.00402315,0.00175425,0.00172858,0.000744733
0.00453786,0.00353448,0.00219717,0.00208903,-0.000252328,0.00283484
0.0195974,0.00825167,0.00851708,0.0125454,0.00304227,0.00151489
0.00480476,0.00325889,0.00272787,0.0103176,0.000338979,0.0014856
0.0111952,0.00764414,0.00512376,0.00542152,0.000310523,0.000568522
0.00572912,0.00388565,0.00351733,0.00307797,0.000875482,-3.8782e-06
0.0035707,0.00298958,0.00175071,0.0037593,-0.000417071,0.000212425
0.013863,0.00593848,0.00860733,0.0102918,0.00288304,0.00178388
0.00637986,0.00475712,0.0046554,0.00995678,0.00090166,0.00112659
0.0222778,0.0129682,0.00966932,0.0271344,0.00576896,0.0166622
0.019881,0.0120033,0.00886226,0.0168393,0.00212704,0.0117278
0.00724867,0.00513187,0.00314932,0.00402024,0.000648911,0.000587752
0.0120124,0.0084803,0.00450198,0.0020004,0.000961651,0.00109279
0.0105151,0.00747648,0.00412999,0.000551862,0.000833192,-0.00156945
0.00937707,0.00646697,0.00320646,0.00342932,0.00147585,0.00161525
0.00629965,0.00465866,0.011982,0.0142126,0.00357224,0.00139688
0.00822964,0.00583926,0.00306186,0.00280423,0.00047985,-0.000238033
0.0106322,0.00462424,0.0064364,0.00677133,0.000410724,0.000223132
0.01049,0.00464698,0.00617887,0.00566708,0.000948652,-0.000292904
0.0212112,0.00881092,0.0124451,0.0159487,0.00408906,0.00538439
0.00685826,0.00463427,0.00254948,0.00216655,0.00224072,0.000882221
0.0104528,0.00756479,0.00345626,0.00221838,0.000256244,0.000397494
0.014154,0.00745511,0.00620663,0.00787162,0.002226,0.00106675
0.011062,0.00697656,0.00503512,0.00507427,0.000721191,0.00123379
0.0049013,0.00383783,0.00318219,0.00251832,0.000360938,0.000469395
0.0205362,0.013501,0.0107627,0.00866928,0.00325509,0.000607718
0.0101255,0.00705458,0.00348358,0.00209919,0.00118028,0.000686956
0.00493368,0.0034007,0.00453164,0.00503104,0.000250865,0.000108625
0.0163217,0.0111479,0.0040644,0.00554342,0.000531744,1.96681e-05
0.0209449,0.011639,0.00736937,0.0115477,0.00142548,0.001124
0.00721535,0.00364979,0.0111099,0.012133,0.00235031,0.00367415
0.00675092,0.00359926,0.0111041,0.0127342,0.001998,0.00355495
0.012492,0.00907368,0.00506312,0.00791434,0.000892765,0.0018348
0.0154238,0.0100585,0.0159676,0.0246652,0.00334417,0.000522432
0.0104238,0.00735913,0.00525444,-7.47883e-05,-0.000353714,0.00179807
0.0045632,0.00317395,0.00277769,0.00429238,0.000198738,0.000820586
0.0175738,0.00958675,0.00864677,0.0123623,0.00133975,0.000836791
0.00433762,0.00348375,0.00374919,0.0065366,0.000854549,0.000617456
0.00590598,0.00446233,0.0039543,-0.00134545,0.000907229,0.000242371
0.00591736,0.00438307,0.0042156,0.00132396,-0.000802203,0.00076879
0.0160329,0.0111343,0.00541302,0.0106966,0.00151647,0.00101089
0.00982173,0.00701697,0.00405329,0.00314603,0.000578791,0.000400552
0.00647184,0.00410224,0.0051272,0.004737,0.00202662,0.00256112
0.00501237,0.00315322,0.0018938,-0.00402352,0.000852968,0.00259856
0.0188457,0.00903199,0.00785165,0.00859056,0.00181128,0.00109026
0.0192929,0.00805943,0.00903924,0.00537691,0.00147527,0.000691812
0.00639163,0.00430392,0.00538187,0.000142321,0.00175599,0.000579714
0.00736087,0.00510377,0.00331921,-0.00142985,0.00040695,0.0016892
0.00580312,0.00427862,0.00240881,0.00278641,0.000668164,0.000794243
0.00907585,0.00439429,0.00301409,0.0218304,0.00551602,0.0129191
0.0126805,0.00453924,0.00566178,0.0268367,0.0068845,0.0133404
0.00952499,0.00572037,0.00581605,0.0106558,0.00176572,0.00302831
0.00455573,0.00344126,0.00271584,0.00609255,0.00131883,0.001935
0.017825,0.00902862,0.020149,0.0256725,0.00543429,0.00411943
0.0174926,0.012579,0.00668027,0.00555108,0.00222352,0.000493578
0.00662753,0.00485922,0.00277528,0.00562593,0.00130314,0.000135
0.0100858,0.00586793,0.00475153,0.0024442,0.000922577,0.0003967
0.00902906,0.00300881,0.00474733,0.00421888,-0.000162326,0.000143736
0.0070719,0.00476906,0.00586286,0.0050109,0.00153928,0.00128738
0.0126819,0.00906383,0.00488426,0.00693282,-7.70721e-05,-0.000236972
0.00855455,0.00623892,0.0043618,0.00578953,0.00150471,0.000265123
0.0139475,0.00989455,0.00431332,0.00294623,0.000377927,-0.000483476
0.0350668,0.0223905,0.0211777,0.0316195,0.00729829,0.00441652
0.00980999,0.00611786,0.00447597,0.00492882,0.00108779,0.000868604
0.0141118,0.00784851,0.00537258,0.0062035,0.00111791,0.00103623
0.00745418,0.00347711,0.00428789,0.00269803,0.00114393,-0.000284742
0.0116739,0.00823652,0.00608634,0.00211552,0.00252204,-3.14143e-05
0.0284078,0.0183115,0.00982034,0.0187264,0.00412299,0.00312576
0.0155701,0.0107036,0.00530329,0.0104882,0.00169419,-0.000154847
0.023699,0.016755,0.0130839,0.019008,0.00817657,0.00885992
0.00732379,0.00548871,0.00290131,0.00487716,0.00025393,0.000167499
0.0101566,0.00683291,0.00647302,0.010108,0.00230401,0.000181333
0.00408812,0.00296578,0.00285978,0.00397168,0.00166374,-0.00109226
0.010164,0.00704671,0.00627919,0.00248623,0.00123349,-0.000848936
0.0126348,0.00827274,0.00557966,0.00724863,0.00138848,-0.000245376
0.00932342,0.00713327,0.00383728,0.00399593,0.000769627,0.000632833
0.0171814,0.0117834,0.0249529,0.0228772,0.00293638,0.00120357
0.00422781,0.00341293,0.00231092,0.00294415,1.8292e-05,0.00144848
0.0132969,0.00892099,0.0073503,0.0147035,0.00245093,0.0014634
0.00959953,0.00671586,0.00524031,0.00745156,0.000560007,0.00127799
0.0191193,0.0131861,0.0151654,0.00749844,0.00207441,0.00169952
0.0132729,0.00902701,0.00401117,0.000239963,0.000188342,-0.000309431
0.00925771,0.00612884,0.00331214,0.000797688,-0.000931125,0.000171875
0.00739437,0.00432461,0.00394155,0.00214626,-2.99128e-05,0.000383135
0.00838661,0.00463982,0.00383052,-0.000965982,0.000247805,2.60117e-06
0.0156864,0.0108789,0.00767619,0.00573397,0.00108055,-0.000143637
0.00842043,0.00585076,0.00497634,0.00237229,0.00170095,0.0013878
0.0403822,0.0178467,0.0173028,0.0197074,0.00492582,0.00219626
0.00696006,0.00357063,0.00402865,-0.00048678,0.000171247,0.000842189
0.00815395,0.00368547,0.00412371,0.00250861,0.000234166,-0.000257309
0.01636,0.0111493,0.00565328,0.00451555,0.00123198,0.000516909
0.00623915,0.00451691,0.0057642,0.00729366,0.000367805,0.000339415
0.0073578,0.00563504,0.00314144,0.00368012,0.000692589,0.00228161
0.00537257,0.00380813,0.00269072,0.00172035,0.00130469,0.000169196
0.0150277,0.00994866,0.00554306,0.00860201,0.00109554,0.000360525
0.00541136,0.00396641,0.00224814,-0.00276435,-0.000334852,7.71488e-05
0.00638151,0.00440597,0.00338365,-0.000615639,0.00057355,2.22122e-05
0.00446646,0.0034109,0.00197588,0.00337507,0.000453618,-0.000404853
0.00522193,0.00396122,0.00209058,-0.00148091,0.000167138,0.00075348
0.0110404,0.00745444,0.00426623,0.00756916,0.000714679,0.000844596
0.00646592,0.00416812,0.00350357,0.00671092,0.000710672,-0.00026123
0.032071,0.0166265,0.0105597,0.015648,0.00266778,0.00100126
0.030069,0.0117436,0.0115993,0.0130178,0.00250137,0.00142399
0.00457939,0.00352955,0.00210774,0.00219481,0.00123473,-0.00100566
0.0237701,0.0154122,0.0143201,0.0188511,0.00365169,0.000732635
0.051033,0.0270042,0.0365053,0.0476879,0.0109972,0.01421
0.01791,0.00718915,0.00943471,0.0158902,0.0027509,0.00158392
0.00869839,0.00623479,0.00222001,0.00784614,0.000979287,-0.00102932
0.00723187,0.00466664,0.00348449,0.00263827,0.000251391,0.000376718
0.00792746,0.00519442,0.00697279,0.00304118,0.000987501,0.000821648
0.0126812,0.00846946,0.0129267,0.0284695,0.00700667,0.0151771
0.00680005,0.00397529,0.00376289,0.00461598,0.000515264,0.00139297
0.0265491,0.0167158,0.0120302,0.00787675,0.00162126,0.000485066
0.0159918,0.0106447,0.00546245,0.00941106,0.00159712,0.00237437
0.0180682,0.0105755,0.0112161,0.0122281,0.00341148,0.000483566
0.0161607,0.00798379,0.00912424,0.0107997,0.00279031,0.000656385
0.00489508,0.00322405,0.00229087,0.00344114,-0.000293037,0.000646751
0.0094289,0.00669418,0.00326003,0.00231131,0.000582346,-0.000715323
0.0152675,0.0109017,0.00459252,0.00445514,0.000910823,0.000620559
0.00614267,0.00448192,0.0020908,0.000983252,-0.00036586,0.000879326
0.00550144,0.00326712,0.00199561,0.00091363,2.40915e-06,0.00087916
0.0182689,0.012317,0.0199712,0.0334928,0.00673009,0.00260815
0.0115371,0.00705595,0.00538962,0.00358501,0.000702081,-0.000323412
0.0144367,0.0102367,0.00701397,0.0136092,0.0050572,0.00786656
0.0298221,0.0186236,0.0156433,0.0249373,0.00515457,0.0025181
0.0168335,0.00738158,0.00840553,0.011118,0.00229986,0.00246059
0.0171973,0.00744736,0.0085417,0.00853695,0.00236983,0.00196341
0.0157391,0.0108511,0.00459927,0.00782346,0.000524319,-0.000156958
0.00766907,0.00567974,0.00197899,0.00722588,0.000704908,0.000993824
0.0149197,0.00779118,0.00791937,0.00243535,0.000953295,0.000203391
0.0175581,0.0119285,0.0086376,0.00433996,0.00131356,0.00228429
0.0201599,0.0119448,0.00915125,0.00709471,0.00118698,0.00241701
0.00508094,0.00404215,0.00202922,0.0026801,0.000851319,8.07933e-05
0.00683784,0.00510733,0.00591931,0.00822711,0.00161875,0.00432277
0.0187524,0.0117649,0.0148493,0.0511243,0.0188886,0.0431571
0.0139722,0.00813874,0.00879024,0.00793007,0.00104798,-0.000171266
0.0114956,0.00641841,0.00712811,0.00421411,0.000301813,-0.000521469
0.046118,0.0281113,0.0320991,0.0516449,0.00903092,0.00452937
0.0275221,0.0114236,0.0192904,0.0335199,0.00811336,0.0029553
0.0295422,0.0114292,0.0184325,0.0351008,0.00614522,0.00208958
0.0145583,0.00658693,0.00623692,0.00867534,0.000311824,0.000395877
0.00896707,0.00624856,0.00518073,0.00628497,0.000375274,0.000828131
0.00908715,0.00618355,0.00315723,0.00473486,0.000901313,0.00105391
0.0127845,0.00870856,0.00419432,0.00987145,0.00396882,0.00842278
0.0215307,0.012627,0.00802962,0.0134863,0.00173665,-2.87049e-05
0.0125724,0.00800386,0.00483843,0.00481639,0.000599693,0.00151178
0.0104327,0.00546915,0.00297278,0.00351306,0.000134598,0.00110625
0.0120436,0.00849599,0.00751239,0.00801935,0.00135598,0.00068508
0.00730492,0.00549233,0.00321158,-0.00292797,0.00107644,0.000721805
0.00706742,0.0034353,0.00252778,0.00492884,0.000718523,-0.000151026
0.00689291,0.00359229,0.00239618,0.00731312,0.000237234,0.000827784
0.0128,0.00882252,0.00837117,0.00932686,0.00083845,0.000182182
0.0158015,0.0113191,0.0055306,0.00420039,0.00100739,0.000734825
0.0116368,0.00823214,0.00564366,0.00153743,-0.000624407,0.000492522
0.00975798,0.00693267,0.00281992,0.0017582,0.000797088,-0.000740656
0.0221083,0.0128485,0.00960353,0.0148563,0.00194165,0.00102971
0.00548431,0.00395286,0.00301209,0.0022767,-0.000200451,-0.000798812
0.00810711,0.00579327,0.00347133,0.00267367,0.00179533,-0.000567488
0.0212911,0.0145476,0.0038907,0.00474855,0.00139635,0.000722394
0.0275694,0.0158518,0.0126086,0.0117776,0.00285769,0.00121259
0.0184889,0.0107199,0.00930698,0.00829468,0.00172379,0.00138247
0.0227799,0.0155051,0.00623696,0.00972071,0.00132656,-8.01877e-05
0.025926,0.017581,0.0133212,0.0202741,0.0035868,0.0021786
0.0175214,0.00875267,0.00795665,0.00865059,0.00226363,0.00291355
0.0361877,0.0171473,0.0185727,0.0311047,0.00650963,0.00312329
0.0381543,0.0184849,0.0228061,0.0355263,0.00649003,0.00329573
0.0173644,0.0106601,0.00569117,0.00866519,0.00178242,0.000232683
0.00905531,0.00508915,0.00350938,0.00142477,-0.000910936,-0.000138993
0.00922796,0.00437281,0.00469865,0.00373406,-0.000400736,0.00136777
0.0173808,0.0121702,0.0060057,0.00860752,0.00176974,0.000147771
0.00980944,0.00648951,0.00741793,0.0133319,0.00201701,0.00230932
0.0102326,0.00738526,0.00580438,0.00635193,0.000257593,0.000399555
0.0128888,0.00771448,0.00669537,0.0113418,0.000959907,0.00142095
0.0109955,0.00615465,0.00370846,0.00167167,0.00072744,0.000349036
0.00510061,0.00388047,0.0015795,0.00404628,0.000974983,0.000381665
0.0127119,0.00914382,0.00499527,0.00712752,0.00078126,0.000455041
0.0131277,0.00930813,0.00337879,0.00470166,0.000239335,5.96949e-05
0.0076394,0.00439234,0.00356199,0.00820802,0.00136118,0.00398544
0.00981961,0.00664781,0.00383547,0.00716248,0.00181023,0.00483085
0.00494522,0.00402742,0.00257053,0.00161116,6.53249e-05,-0.000429463
0.0101631,0.00741727,0.00510158,0.00736109,0.000389827,0.000155343
0.0113123,0.00751224,0.00307811,0.00447493,0.00139167,0.00070449
0.0408085,0.024899,0.0148753,0.0174397,0.00391734,0.00191647
0.0174281,0.00826585,0.00782394,0.0160033,0.00310982,0.00205104
0.0182494,0.0129214,0.00693553,0.00984257,0.00296403,0.00228439
0.0065215,0.00473594,0.00281634,0.00163102,0.000829683,0.000493304
0.0167475,0.00847322,0.00805474,0.0115323,0.00196676,0.00177144
0.0111192,0.00790733,0.00389625,0.0130583,0.0030138,0.00666274
0.0131815,0.0089135,0.00879063,0.0281423,0.00978044,0.0206037
0.00662547,0.00511236,0.00319131,-0.000977445,-0.000196167,-0.000855888
0.0136195,0.00798996,0.00585976,0.0112314,0.0020287,0.00127641
0.0128503,0.00814939,0.00534974,0.013889,0.000213668,0.000925396
0.0249623,0.010598,0.0121481,0.0188514,0.00406174,0.0100874
0.0340059,0.0157424,0.0211908,0.0220278,0.00488984,0.00307936
0.0196404,0.0095572,0.0136643,0.0182057,0.00565537,0.00405032
0.0124768,0.0071507,0.00342258,0.00692238,0.00157694,0.00118288
0.0230273,0.00976416,0.0137885,0.0117107,0.00414426,0.00181697
0.0189819,0.00685431,0.0110129,0.0106573,0.0030156,0.00161345
0.00473837,0.00314199,0.00333127,-0.000371413,0.000247731,0.0013593
0.0196522,0.0115442,0.0102239,0.0153341,0.00197233,0.000332939
0.0218644,0.0115162,0.0107359,0.0142759,0.00154015,0.000780235
0.00920526,0.00654856,0.00583383,0.00611293,0.00114101,0.00128515
0.0125774,0.00572336,0.00745651,0.00503419,0.00207063,0.000951038
0.00700992,0.00475701,0.00283304,0.00244918,-0.000380832,0.00171855
0.015493,0.010964,0.00740244,0.00762684,0.00287041,0.00179546
0.0174371,0.0121836,0.00933045,0.00752491,0.0014963,0.00239033
0.0103387,0.00725913,0.0134322,0.021449,0.00246906,0.00197737
0.00505747,0.00326482,0.00343456,0.00351217,0.00086698,0.000933339
0.0065633,0.00507829,0.00292634,0.00224548,-0.000275581,0.00102526
0.00729642,0.00525352,0.00246171,0.00142755,0.00129137,0.000552856
0.0302467,0.0153219,0.0139097,0.0184193,0.0034075,0.000456538
0.0152791,0.00624523,0.00823157,0.00972531,0.00142956,0.00057903
0.0191289,0.010208,0.00878415,0.0103852,0.00280677,0.00208147
0.0210365,0.0102146,0.00922283,0.00935208,0.00237794,0.00100035
0.0273782,0.0105265,0.0151331,0.0190822,0.00317066,0.00214576
0.0118384,0.00826269,0.00621676,0.00215993,0.00208951,-0.000484987
0.00741615,0.00561571,0.00364981,0.00507306,0.000410733,0.000927539
0.0101486,0.00605634,0.00508142,0.00914874,0.000435741,0.000504848
0.00961549,0.00503488,0.00552182,0.00490048,0.001263,9.49174e-05
0.00744292,0.00555639,0.00302907,0.00426253,0.000367968,0.00115524
0.00713218,0.0053838,0.00594481,0.00187659,0.000982244,-3.87051e-05
0.0238404,0.0109524,0.00984605,0.0165435,0.00313053,0.00342614
0.0136605,0.00951618,0.0112054,0.0155214,0.0040124,0.00163087
0.00754045,0.00467942,0.00332519,0.00781505,0.00101006,-0.00067446
0.00652363,0.00494919,0.00251612,0.00428748,-4.48997e-05,0.000600111
0.0489231,0.0256705,0.0152651,0.0263256,0.00378839,0.00401764
0.0371096,0.0191383,0.0124935,0.0185631,0.00258924,0.00214713
0.0150377,0.00624951,0.00716438,0.0083452,0.00196522,-0.000138354
0.0108637,0.00784935,0.00449576,0.00634542,0.0010098,-9.86815e-05
0.0183282,0.00824615,0.00866586,0.011662,0.00229852,0.00164907
0.0174671,0.00791248,0.00848646,0.00885377,0.00211122,0.00151147
0.0186346,0.0135223,0.0125807,0.0117943,0.0023307,0.00058997
0.0164467,0.0111702,0.00537133,0.00468313,0.000743952,0.000499057
0.00836021,0.00623409,0.0022158,0.00565482,0.000722632,0.00134601
0.00848191,0.00648091,0.00404656,0.00163135,0.000648936,-2.75806e-05
0.00905881,0.0064015,0.00376507,0.00914511,0.000434815,0.000408537
0.00816975,0.00606462,0.00326177,0.00295167,0.000386463,0.000335969
0.00749628,0.00319707,0.00354621,0.00435688,0.000542558,-0.000569178
0.0134204,0.00762092,0.00458149,0.00719002,0.00119047,0.000699816
0.00888465,0.00451184,0.00341104,0.0024158,0.000353181,0.00240953
0.00613758,0.00454685,0.00244384,0.00256457,0.00135589,0.000601608
0.0200153,0.0116394,0.00751924,0.0117791,0.00153847,0.00165462
0.0103076,0.00742248,0.00385631,0.0104862,0.00405563,0.0141377
0.00487475,0.00350726,0.00226281,0.00382426,-9.21714e-06,-0.0012132
0.00430649,0.00357159,0.00142188,0.0017178,0.000793394,-0.000563592
0.015123,0.0105106,0.00870766,0.0107932,0.00183173,0.00145229
0.00774411,0.0040008,0.00345058,0.00435999,0.00101098,0.00214026
0.0103281,0.00648715,0.00426481,0.00402314,0.000307187,-9.16597e-05
0.00494051,0.00311544,0.00236343,-7.23155e-05,0.000605428,0.000649113
0.0152793,0.00810085,0.00894136,0.0089053,0.00151943,0.00206888
0.0148444,0.00666787,0.00612631,0.00711442,0.000334996,0.00134251
0.00645866,0.00505983,0.00260927,0.00368012,0.000246657,0.000710373
0.0282977,0.0194692,0.0127349,0.0216548,0.00395327,0.00259535
0.0349513,0.0194456,0.0140227,0.0219012,0.00482569,0.00339011
0.00440183,0.00331971,0.00225779,0.00322715,0.000583187,-5.08174e-05
0.00671083,0.00397736,0.0028634,-0.00102191,0.000358909,-0.000100477
0.00840558,0.00624164,0.00273336,-0.00225179,0.000338361,0.000236741
0.00856478,0.00634926,0.00376408,0.00317753,0.000542742,0.000788845
0.00929484,0.00661612,0.00331462,0.00444996,5.08018e-06,0.00100514
0.00792427,0.00537814,0.00574513,0.00708093,0.000978725,-0.000273558
0.00900039,0.0063526,0.00346008,0.00182778,0.00179548,0.00209767
0.0152139,0.0104173,0.00698613,0.0128064,0.00342547,0.00019367
0.0246943,0.0165381,0.0096707,0.0177534,0.00284884,0.00129415
0.0106084,0.00649749,0.00353849,0.00669359,0.000564244,-0.00143061
0.00443575,0.00326125,0.00439005,0.00252426,0.00093254,0.000118004
0.00420396,0.00311261,0.00240166,0.00497164,0.00171249,0.00135708
0.00652528,0.00471134,0.00497156,0.00190575,0.000701553,-0.00040293
0.00460254,0.00341608,0.00312914,0.00302328,-0.000317296,0.000118155
0.0113617,0.00772645,0.00599666,0.00730159,0.00159713,0.00171806
0.0073861,0.00550375,0.00297121,0.0078822,0.00160651,0.00308112
0.00719908,0.00475486,0.00211528,0.0040659,0.00150835,-0.000244987
0.00959102,0.00595266,0.00669381,0.00609916,0.00312042,0.000920684
0.00605713,0.00439839,0.00311989,0.00471233,-0.000284957,0.000784594
0.00402984,0.00310784,0.00321024,0.00373918,0.000905983,0.000741638
0.00865192,0.00485892,0.00464793,0.00346205,-9.42692e-05,-0.000384462
0.0369084,0.0150989,0.0174594,0.0156794,0.00383051,0.00241184
0.0366014,0.0149994,0.0159633,0.0155368,0.00224728,0.00123464
0.0196113,0.0127927,0.00798821,0.00954096,0.00118139,0.00178496
0.0168081,0.0110983,0.0111402,0.0130935,0.000981756,0.00101552
0.00929969,0.00652903,0.00489379,0.00857381,0.000937358,0.00101777
0.0135623,0.00920107,0.00445772,0.00501905,0.00113887,-0.000186817
0.00570728,0.0038913,0.00299434,0.00416545,0.000177915,0.000829925
0.00795714,0.0055309,0.00526036,0.00362879,0.000599886,0.000396495
0.0135021,0.00947041,0.00480077,0.00373465,0.00165916,0.000345345
0.00717641,0.00399353,0.00391926,0.00705578,0.000990528,0.000593963
0.00676935,0.00343745,0.00482601,0.00534657,0.000679492,0.000624966
0.0100333,0.0068877,0.00577787,0.00235172,0.000236084,0.000493942
0.00818326,0.00555245,0.00294503,0.00326683,0.000626913,0.00113441
0.0424017,0.0183281,0.0207548,0.0369649,0.00738092,0.00751202
0.0413201,0.0183447,0.0171562,0.0244548,0.00526063,0.00398518
0.0100343,0.0070883,0.00378269,0.000808557,0.000766968,0.00099681
0.0180745,0.012531,0.00500864,0.0111419,0.00349748,0.00559298
0.00595182,0.00425063,0.00124344,0.00372401,0.000426554,9.83332e-05
0.00424286,0.00314036,0.00189005,0.00326547,0.000208442,0.000441952
0.00430698,0.00326199,0.00162279,0.000380773,0.000691992,-0.000669455
0.0141329,0.00949731,0.00470573,0.00677253,0.0017945,0.00111898
0.00458716,0.00340338,0.00374755,0.00289732,0.00163078,0.00032437
0.00828511,0.00608598,0.00220308,0.00307319,0.000250905,-0.000465732
0.015202,0.010948,0.00697503,0.0091409,0.00271501,-0.000616156
0.00443678,0.00342868,0.00244731,0.000101243,0.00111523,0.000476842
0.0176958,0.0100984,0.00853492,0.00362847,0.0019543,0.00129317
0.0309358,0.0186859,0.012842,0.021725,0.00440805,0.00201683
0.0161663,0.0108127,0.00638492,0.00516774,0.00168658,0.00237867
0.0107743,0.00660117,0.00484945,0.0049636,0.000690607,0.00102576
0.0127956,0.00928221,0.00563978,0.00434651,0.000334877,0.00127387
0.00557992,0.0040073,0.00241529,0.0013256,-0.00047434,0.000918734
0.00754907,0.00516172,0.00342344,0.00164484,0.000497001,4.81287e-05
0.0182584,0.0127782,0.0116508,0.0116884,0.00505122,0.00367087
0.0182369,0.00763794,0.00553104,0.00755677,0.00119213,-0.000450079
0.0087198,0.00594497,0.00388135,0.00544655,0.000391383,-0.00024165
0.0154687,0.00951176,0.00693733,0.00705631,0.0014694,0.00137064
0.0126867,0.00717288,0.00479371,0.00841115,0.00155321,0.00169593
0.0099879,0.0047638,0.00492782,0.00999649,0.000634244,0.00112053
0.0060375,0.00456238,0.00256595,-0.00061041,0.000862585,0.00184709
0.00795758,0.00574594,0.0030783,-0.000721341,8.94e-05,-0.00023903
0.00987053,0.00557321,0.00531985,0.00224213,0.000278485,0.000648449
0.0112858,0.00519798,0.00613011,0.00683981,0.00060758,0.000309578
0.0108053,0.00518541,0.00584025,0.00401726,0.00100666,0.000695366
0.00467443,0.00353552,0.00113418,-0.000365149,0.000712666,-0.000714932
0.0138234,0.0074071,0.0108295,0.0112161,0.0004011,-0.00107402
0.00538789,0.00379736,0.00289284,0.00336865,-0.000199406,0.000367247
0.015716,0.0111459,0.0122546,0.00967346,0.00160192,0.00146864
0.0246779,0.0100389,0.0105108,0.00919966,0.000885707,0.00152677
0.0250552,0.010193,0.0105082,0.00984945,0.000838521,0.00127223
0.0136639,0.0065827,0.00579385,0.00369125,0.00113738,0.000314312
0.0176283,0.0113083,0.00852224,0.00850872,0.00256205,0.00144205
0.0123108,0.00730646,0.00403692,0.00695309,0.00135017,-0.000247335
0.00641816,0.00360078,0.00264833,0.00188193,0.000410926,0.0013088
0.0113728,0.0072572,0.00442083,0.00756676,0.00170713,0.00134174
0.0166808,0.011599,0.00755285,0.0110965,0.00143017,0.0016636
0.0134009,0.00958723,0.00368607,0.00379207,0.00214968,0.000989298
0.00383708,0.00335512,0.0027145,-0.00173758,-0.000442355,-3.58863e-05
0.00630542,0.00457193,0.00265335,0.00289897,0.00207246,-0.000258285
0.00860779,0.00652275,0.00405398,0.00409797,0.001515,-0.00032212
0.00872713,0.00596238,0.00418568,0.00207795,0.00175113,0.00126778
0.00826458,0.00623208,0.00262514,0.00636746,0.00120798,0.000613866
0.00878689,0.00386256,0.00490014,0.00656208,0.00223096,-7.16021e-05
0.00879421,0.00394455,0.00487483,0.00523485,0.00174744,-0.000711404
0.00521759,0.00378832,0.00275271,0.00474715,0.000751034,-0.000655879
0.00724115,0.00504947,0.00635737,0.00993738,0.00175951,0.00185875
0.016756,0.011691,0.00490481,0.00847244,0.00121458,0.00188474
0.0159246,0.0055341,0.00714558,0.010343,0.00270402,0.000492134
0.0153618,0.00739879,0.00610803,0.00779085,0.00188426,0.000442327
0.00494279,0.0040677,0.00272188,0.00255456,0.000826576,0.00112505
0.00491428,0.00323282,0.00231534,0.00282057,0.00075627,0.00175675
0.00996162,0.00739909,0.00842948,0.00803175,0.00117035,0.00174552
0.00866089,0.00625691,0.00334624,0.00526547,0.000809183,-0.000198722
0.0241635,0.0131627,0.0117591,0.0153685,0.00215806,0.000476717
0.0190495,0.00763734,0.00902891,0.0134322,0.00192861,0.000408794
0.00748995,0.00545286,0.00259836,0.00198391,0.000731468,0.000923197
0.018069,0.0126578,0.0051921,0.00691878,0.00126177,0.0014952
0.0125078,0.00901719,0.00543595,0.00636641,0.000475959,0.000817504
0.00877022,0.00654116,0.00350927,0.00595271,0.00113579,0.00187716
0.00875932,0.00402784,0.00572996,0.0216171,0.0073603,0.0217652
0.00945753,0.00654568,0.00453394,0.0050491,0.00118493,0.000157553
0.00613202,0.00457587,0.00424257,0.00540024,0.000256473,0.000309219
0.0146214,0.00545251,0.0112145,0.0118727,0.00270155,0.000524026
0.0190357,0.00527757,0.0139466,0.0120814,0.00289153,-0.000904553
0.0182534,0.0115433,0.00940674,0.00928406,0.00239611,0.00032288
0.0231638,0.0122451,0.0117302,0.0103107,0.0017428,0.000562975
0.010347,0.00503805,0.00372654,0.00190076,0.00133613,0.000676705
0.0099124,0.00497762,0.00359165,0.00263979,0.000981102,-0.000187669
0.0209584,0.0108858,0.0126004,0.0204607,0.00469915,0.00275701
0.021083,0.00900814,0.0132016,0.01823,0.00391879,0.00155352
0.0171482,0.010011,0.00897794,0.00847633,0.00176411,-0.000424976
0.00569677,0.00338452,0.0029816,0.00561103,0.000705503,0.000600119
0.00682058,0.00439875,0.00462452,0.00511949,0.00110272,0.000318495
0.00933653,0.00602649,0.00530749,0.00133623,0.00113113,0.000451945
0.0102534,0.00686663,0.00775763,0.0171142,0.00619192,0.0117984
0.0128654,0.00948778,0.00410409,0.00917335,0.0017338,0.000476984
0.00639252,0.00449498,0.0031479,0.00524962,0.00158518,0.000574069
0.0163424,0.0104659,0.00788096,0.0113969,0.00150165,0.000280415
0.00646976,0.00442406,0.00255371,0.00384889,0.00133789,0.000110595
0.007267,0.00550877,0.00312737,0.00355619,0.000764626,6.56132e-06
0.0105986,0.00760914,0.00352192,0.011954,0.00205548,0.00210387
0.0124614,0.00831959,0.00464454,0.00812124,0.00393982,0.00612719
0.00473221,0.00368367,0.00206072,-0.000410957,0.000570893,-0.000445449
0.0276135,0.0128674,0.0134456,0.0112212,0.00407411,0.000940415
0.0338905,0.0148925,0.0153412,0.0144164,0.00515254,0.00147217
0.00602395,0.00466687,0.00333859,0.00565494,0.000501833,-0.000607349
0.00795724,0.00582914,0.00318032,0.00779411,-0.000281776,0.000984732
0.00439194,0.00340742,0.00149837,0.00160936,0.000941677,0.000775145
0.00621926,0.00441322,0.00243694,0.00443228,0.000722933,0.00120122
0.00947543,0.00442831,0.00350696,0.00637722,0.000774895,0.000209488
0.0091614,0.00440373,0.00352469,0.00518999,0.000326297,-1.79262e-05
0.00570016,0.00407036,0.00315612,0.0023242,0.00170175,-0.000270771
0.016408,0.0114125,0.0084191,0.0110122,0.00183949,0.000824342
0.0192892,0.00768752,0.00825448,0.0113467,0.00171128,0.00167975
0.0143789,0.00623756,0.00512706,0.00426877,0.000961912,0.00164614
0.0153487,0.010618,0.00438826,0.00663828,0.00193114,0.00146264
0.0366631,0.0217958,0.0143165,0.0211011,0.00402311,-0.000244183
0.00762603,0.00543822,0.00301118,0.00307648,0.00111003,6.60076e-05
0.0146979,0.0101063,0.00550802,0.00971081,0.00181099,0.000849525
0.0113653,0.00782798,0.00512564,0.00839994,0.000138904,0.00187992
0.0159231,0.0110895,0.0146396,0.0203558,0.00484912,0.00414981
0.00580234,0.00325826,0.00352919,0.000901206,0.00175858,-1.9035e-05
0.0102248,0.0065861,0.00422501,0.00456369,0.00115315,0.00171322
0.0137373,0.00605527,0.00487001,0.0108114,0.00193454,0.000106251
0.00804546,0.003625,0.00426172,0.00383621,0.000161789,-0.0014211
0.00586072,0.00324006,0.00294057,0.00351519,-0.000161187,-0.000638992
0.0173019,0.00804797,0.00790745,0.0103318,0.000778869,0.00220008
0.00906681,0.00671392,0.00302305,0.00655519,0.000574138,-0.000423221
0.00400841,0.00309739,0.00268643,-0.000249107,0.0011075,0.00147629
0.0112645,0.00760229,0.00496014,0.00457096,0.00155539,-0.000374917
0.0138548,0.00997533,0.00496802,0.00360026,0.000918381,0.00196277
0.00850234,0.00577426,0.00509575,0.0112133,0.000974105,-0.00148392
0.0185769,0.0109927,0.00777807,0.00954376,0.00232073,-0.00045122
0.0138251,0.00681035,0.00611755,0.00526774,0.00135514,1.37504e-05
0.0186989,0.0109295,0.00969198,0.0123733,0.00129386,0.00139384
0.0168228,0.00859197,0.00913886,0.0127465,0.000201041,0.000996006
0.00613418,0.00458652,0.00994893,0.0113776,0.00131845,0.00178923
0.0119126,0.00831286,0.00563957,0.00661336,0.000916995,-0.000377303
0.0111656,0.00821006,0.00425365,0.00467361,0.00171781,-0.000513628
0.00585766,0.00438979,0.00340293,0.00491654,0.00139088,-0.00130805
0.00597768,0.00408459,0.00433682,0.00783705,0.000556057,0.000353459
0.00741271,0.00565362,0.00258561,0.00673163,0.00116335,-0.00097573
0.018276,0.0115985,0.00847053,0.00968492,0.00212635,0.000738433
0.0146932,0.00689705,0.00902977,0.011086,0.00158768,0.00154152
0.0126437,0.00866742,0.0048307,0.00448018,0.000970415,0.000402703
0.00482689,0.00374589,0.00214643,0.00489077,0.000101378,-0.00175375
0.00501654,0.00334664,0.00242222,0.00243167,0.000726384,-0.000171872
0.00696326,0.00532519,0.0053526,0.00780449,0.000300183,-0.000413607
0.00663274,0.00337903,0.00284835,0.00338272,0.000914432,0.000302462
0.00659878,0.00348189,0.00274723,0.00183419,0.000728088,-0.000133698
0.00441697,0.00354991,0.00218181,0.000727122,0.000803347,0.000416845
0.014563,0.00966702,0.00514002,0.00516701,0.00123652,-0.000151431
0.00670547,0.00445139,0.00407111,0.0059252,0.000519625,-0.000825147
0.00942565,0.00537794,0.00383065,0.00068946,0.00168858,0.00058021
0.0127312,0.00882434,0.00392642,0.00986219,0.0024118,0.0043227
0.0039508,0.00291032,0.00215346,0.00350908,-5.2526e-05,0.00132904
0.0111891,0.00769528,0.00361949,0.00894477,0.00122608,0.00235298
0.0111051,0.00812346,0.0038211,0.00769748,0.000580733,-0.000255867
0.0226507,0.0126409,0.0108372,0.00963008,0.00216912,-0.000425445
0.0234959,0.0160055,0.00574117,0.0068681,0.00142822,0.00173503
0.0117762,0.00603376,0.00603412,0.00531572,0.000181887,0.000613742
0.00633126,0.00463224,0.00225706,0.00336819,0.00148904,0.00044357
0.0211362,0.0130502,0.00907794,0.00859507,0.00218294,0.000795369
0.00817117,0.00598183,0.00306332,0.00595967,0.00033947,-0.000336557
0.00677763,0.00322793,0.00301283,0.000786778,0.00108242,0.000911769
0.015554,0.00541323,0.00666167,0.00683704,0.000500134,0.000281317
0.0143374,0.00544447,0.00588178,0.00586979,-1.07324e-05,-1.68053e-05
0.0104602,0.00731667,0.00580981,0.00799606,0.00166597,0.00103205
0.0164883,0.00875036,0.00940656,0.0152144,0.00713778,0.0110899
0.023531,0.0123976,0.0119751,0.0224354,0.00918164,0.0140152
0.0141245,0.00974517,0.00647869,0.00351473,0.00148658,0.00147817
0.0158315,0.0109408,0.00605672,0.0109998,0.0037328,0.000188769
0.00966478,0.00703128,0.00495952,0.00541759,0.000508304,-0.000631476
0.00729273,0.00530438,0.00471372,0.00549007,0.00107784,-0.00028091
0.00528534,0.00383179,0.00181859,0.000511503,0.000812732,0.000118174
0.012255,0.00443877,0.00485044,0.00967312,0.00200072,0.0020726
0.0137839,0.00445477,0.00528044,0.0101234,0.00228966,0.000770733
0.018829,0.00811909,0.00835617,0.0180906,0.00402297,0.0042807
0.0170685,0.00688976,0.00734599,0.0172339,0.0034856,0.00653135
0.0123836,0.00771538,0.00493523,0.00718509,0.000817688,0.00093445
0.00866316,0.0046618,0.00393658,0.00246546,0.000274401,0.000681537
0.0050437,0.00389657,0.00388538,0.00582119,0.00082094,0.000412262
0.00897003,0.00380323,0.00314997,0.00332337,0.000843789,0.00065013
0.0128274,0.00472401,0.00465897,0.00255449,0.00197459,-0.000238241
0.0203462,0.0131115,0.00761877,0.00972817,0.00308243,0.000353175
0.0140295,0.00981782,0.00577517,0.00664916,0.00099074,-0.00189546
0.0162735,0.00780169,0.0154129,0.0213889,0.00565729,0.000346003
0.0117889,0.00528609,0.00838931,0.0132776,0.00172072,0.000145255
0.00813374,0.00606868,0.00195972,0.00120502,0.00173727,0.00138776
0.0102031,0.00710003,0.00653798,0.0102252,0.00191339,0.00233487
0.0110358,0.00752316,0.00539769,0.0285728,0.0100572,0.0290913
0.00578803,0.00396513,0.00310837,-0.00150157,-0.000233184,0.000775984
0.0114676,0.00816712,0.0102921,0.00960034,0.00108753,0.00173888
0.011173,0.00768319,0.0035252,0.00513271,0.000247657,0.000821664
0.00547525,0.00395771,0.00275671,0.000315598,0.000198566,0.000303912
0.0244502,0.0162508,0.0112574,0.0116356,0.00291483,0.00173293
0.0132392,0.00666001,0.00485928,0.00475344,0.00150997,-1.66552e-05
0.0301925,0.0118401,0.0140318,0.0237765,0.00551064,0.00173236
0.0320027,0.0146166,0.0161,0.0262051,0.00490507,0.000974876
0.00771837,0.00418586,0.00201844,0.0027806,0.000103487,-0.00046289
0.0125867,0.0077227,0.00525035,0.000644656,0.000326776,-0.000536351
0.00795284,0.00303907,0.00304027,0.000214101,0.00152345,0.0014011
0.0148023,0.00834981,0.00379616,0.00530232,0.00109223,0.000101343
0.0231641,0.012123,0.0100281,0.00671983,0.00291034,-0.000466825
0.0197528,0.010278,0.00815758,0.00949437,0.00181842,-0.000695049
0.00862857,0.00650187,0.00305416,0.0019763,0.000508889,0.00130944
0.0150982,0.0107158,0.00860772,0.0084102,0.00151771,0.000463296
0.00858837,0.00632724,0.00383347,0.00711109,0.00115726,-0.000818824
0.0159945,0.0109919,0.00699075,0.00653247,0.00138557,-4.27918e-05
0.00567841,0.00374135,0.00298838,0.00188606,0.000801883,-0.000848702
0.00681154,0.00494685,0.00166739,0.00495329,0.00183495,0.000722189
0.00974243,0.00463899,0.00422569,0.000770797,0.00109873,0.000185971
0.00832802,0.00590366,0.0039662,-0.000536011,0.000346959,-0.000447969
0.0146169,0.00993991,0.00563465,0.00728741,0.000742401,0.000382696
0.0161571,0.0094363,0.00855014,0.0146326,0.0022973,0.000526781
0.0166202,0.00900093,0.0089889,0.0111268,0.00161637,0.00124553
0.00833508,0.00442986,0.0041281,0.00131751,0.000699244,-0.000119276
0.00652913,0.00470285,0.00258202,0.00607997,0.00112227,0.000571074
0.00468668,0.00360715,0.00284664,0.00233458,0.000490463,-0.000234827
0.0204664,0.0118011,0.0148163,0.0168548,0.00500378,0.00351498
0.00382626,0.00299529,0.00189989,-0.00681291,0.000239547,0.00144893
0.00416726,0.00307774,0.00291027,-0.00144756,0.000485332,-0.00131034
0.00606761,0.00430606,0.00312581,0.000922557,4.92309e-05,-0.00161832
0.0108233,0.00768887,0.00437003,-0.00223218,0.00040151,-0.000797342
0.00593009,0.00427631,0.00246908,-0.000733856,0.0001784,0.00215245
0.0111286,0.00806675,0.00419701,0.0147918,0.00426573,0.0102855
0.00679916,0.00460622,0.00259043,0.00455889,0.00134477,0.00123712
0.0046532,0.00331943,0.00258211,0.00354532,0.00106669,-0.000854146
0.00594824,0.0041634,0.00422049,0.00482174,0.00115091,0.00228882
0.0111919,0.00614043,0.00432085,0.00210574,0.000841109,0.000570002
0.0121151,0.00801505,0.00856991,0.00887535,0.00169659,0.000496827
0.0083835,0.00517785,0.00335537,0.00837559,0.000670933,-0.000664619
0.00617268,0.00432831,0.00322663,0.00286051,0.000420432,3.40198e-05
0.0253929,0.0176722,0.00983529,0.0216859,0.00546512,0.0105121
0.0103847,0.0075933,0.00275808,0.00329016,0.00104728,0.000863096
0.00428822,0.00300323,0.00236097,0.00231502,0.000357319,-0.000579239
0.0161945,0.01114,0.00551817,0.00896684,0.00161906,0.00101483
0.00391283,0.0030475,0.00244492,0.000680115,9.9631e-06,0.00152303
0.00960224,0.00539326,0.00448103,0.00361965,-8.25483e-05,0.000925734
0.0126173,0.00507579,0.00639115,0.00996544,0.00111644,0.00151414
0.0107071,0.00577394,0.00729279,0.0125463,0.00207783,0.00313575
0.00805433,0.00591465,0.00332832,0.0022521,0.000734357,6.74418e-05
0.00697304,0.00504946,0.00217628,0.00473532,0.00137254,0.00191689
0.00581856,0.00452926,0.00243602,0.00395049,0.000363451,0.00017631
0.00729954,0.00571448,0.00442473,0.00480402,0.00211943,0.000803785
0.00579029,0.0042836,0.00258862,-0.00252587,-0.000245126,0.000170152
0.0102506,0.0077038,0.00410654,0.00245972,0.000576989,0.000868198
0.00986255,0.00712444,0.00585172,0.00481769,0.00206612,0.00217046
0.0115888,0.00833033,0.0106968,0.01546,0.00230903,0.00122413
0.0209748,0.0128323,0.0128774,0.0120296,0.00265665,-0.000275199
0.00526904,0.00401441,0.00312414,0.00372166,0.000766773,0.000985806
0.00844937,0.00616688,0.00523785,0.00338591,0.000563217,0.000168281
0.0178128,0.0114895,0.0230803,0.0326642,0.00648546,0.00197166
0.00860457,0.00582835,0.00304223,0.0029701,0.000132593,0.00134438
0.007047,0.00522955,0.00340502,0.00371968,0.000805509,0.000943056
0.0238469,0.010523,0.0121128,0.00784033,0.00388157,0.00262218
0.0266019,0.0136986,0.0114277,0.0134575,0.00262287,0.0015483
0.0062217,0.00418318,0.00291994,0.00624073,0.000426035,-0.00087491
0.022985,0.0120825,0.00965176,0.0127499,0.00285628,0.00117525
0.0230016,0.00962883,0.00875982,0.0115002,0.00252979,0.00066949
0.0120732,0.0082766,0.00960715,0.0130061,0.0044802,0.00972837
0.0154574,0.00789382,0.0102859,0.0157652,0.00451244,0.000288861
0.0184327,0.0129086,0.00554497,0.00485918,0.00173023,0.000241544
0.0108162,0.0074879,0.00455838,0.00542902,0.000659586,-2.51577e-05
0.0168584,0.0117769,0.01238,0.0102766,0.00215385,-0.000296123
0.0137536,0.00996102,0.00616884,0.00411863,0.000722959,0.00243576
0.00622966,0.00474223,0.0033647,0.00165311,0.000800371,2.83637e-05
0.00757067,0.00313656,0.00339151,0.00461565,0.00165288,-0.000204085
0.0109191,0.006745,0.00391981,0.00648613,0.00210848,0.000182422
0.00859151,0.00569534,0.00456878,0.0017855,0.000160955,0.000499939
0.00944457,0.00643877,0.00406683,0.00467629,0.00126964,-0.000580724
0.0229825,0.0158916,0.0150173,0.0165958,0.0029382,0.000622161
0.0136826,0.00928162,0.00702098,0.00961172,0.00154601,0.000251977
0.0122362,0.00673464,0.010193,0.0130078,0.00277004,0.00100572
0.0101361,0.00680217,0.00317097,0.00152859,0.00045526,-0.000990614
0.0258141,0.0168366,0.0205009,0.0234701,0.00458352,0.00346117
0.016869,0.0119181,0.00639789,0.00650015,0.000196945,0.000126214
0.0152731,0.0108019,0.00653704,0.00571361,0.00130822,-0.000490547
0.0109465,0.00555218,0.00388678,0.00296518,0.000422034,0.00170662
0.0201657,0.00704631,0.00781669,0.0126245,0.00258239,0.00234396
0.0374589,0.0209607,0.0143202,0.0175225,0.00307032,0.00161748
0.0183166,0.00644485,0.010877,0.00996942,0.00201609,0.00109068
0.0192892,0.00648593,0.0109663,0.00731499,0.00193746,0.00161871
0.00673611,0.00488846,0.00395692,0.00703078,-5.35505e-05,-0.000196738
0.00792166,0.00538886,0.00392047,0.00624799,0.000580185,0.00115259
0.00575312,0.00429023,0.00168754,0.00333382,0.000611916,-0.00104765
0.0246659,0.0127497,0.00916047,0.0131739,0.00266428,0.000690225
0.0222012,0.0104726,0.00632876,0.0129267,0.00184606,0.00133651
0.0155316,0.0106711,0.00674475,0.00945615,0.00270664,0.00227218
0.0103589,0.0076219,0.00496695,0.0025699,0.000480744,-2.22914e-05
0.0229533,0.0144059,0.00960824,0.011005,0.00430492,0.0028668
0.00581163,0.00411626,0.00250191,0.00400391,0.000986883,0.00111669
0.0454688,0.0181523,0.0178475,0.0193108,0.00572198,0.009377
0.0285593,0.0171877,0.0191567,0.0215807,0.0042212,0.00166355
0.00862904,0.00493826,0.00425056,0.000995315,-8.00824e-05,0.000413961
0.00429608,0.00316154,0.00133991,0.00934247,0.000608953,-0.000301368
0.00607205,0.00440682,0.00273911,-0.00159931,0.000411658,0.000389075
0.00779624,0.00546631,0.00189503,0.000443369,0.00115353,0.000531582
0.00442548,0.00332531,0.00239115,0.00147587,0.00146476,-0.000224632
0.0139291,0.0101385,0.00296563,0.00725132,0.00125808,-8.37238e-05
0.00424535,0.00304573,0.00173803,0.0026536,3.81103e-05,-0.000864496
0.0124535,0.00903103,0.0130751,0.00658647,0.00436332,0.00148597
0.00986122,0.00683254,0.00319044,0.00230753,0.000115454,-0.000547128
0.00485853,0.00380454,0.00241297,0.000994317,0.000609892,-0.00186073
0.0151853,0.0086544,0.00773573,0.00739272,0.00109028,0.00097184
0.0161328,0.0117257,0.00734428,0.0124624,0.00327489,0.00452225
0.00697703,0.00505263,0.00530022,0.00316018,-0.00033538,3.43059e-05
0.0107585,0.00708449,0.00557882,0.0033513,0.00083365,0.00143089
0.0045678,0.00357555,0.00110455,0.00265995,0.000542931,8.53435e-05
0.0042745,0.00324763,0.00168378,0.00276452,-2.20856e-05,-0.000437267
0.00932183,0.00662646,0.00268698,0.0023129,0.00013425,-0.000528124
0.0139054,0.00845348,0.00770534,0.00984162,0.00210284,0.00102889
0.0103815,0.00603947,0.00470285,0.00903071,0.000706372,-0.000437888
0.00850547,0.00576535,0.00356349,-0.000589957,0.00060439,0.00114542
0.0109902,0.00404479,0.00611742,0.00828342,0.00133735,0.00200712
0.0107654,0.00491551,0.00671124,0.00556345,0.00129522,0.00124297
0.0119822,0.00807403,0.00502214,0.00542396,0.000969753,0.000735417
0.0129188,0.00901698,0.0053923,0.00470337,0.00134202,-0.000531442
0.0135446,0.00719318,0.00601616,0.0032302,0.00190819,-0.000238093
0.0128882,0.00722396,0.00572335,0.00614041,0.00196833,0.000242624
0.00995577,0.00653654,0.0089645,0.0214928,0.00481406,0.00916257
0.0256964,0.0115743,0.0173748,0.0214414,0.00549328,0.00356334
0.0236656,0.0114864,0.0162017,0.0208167,0.00368894,0.00295201
0.0108846,0.00730495,0.00416052,0.00929737,0.000204222,-6.90632e-05
0.0118736,0.00452307,0.00997035,0.0104001,0.0023229,0.00188916
0.0256841,0.00984525,0.0181831,0.0307479,0.00650838,0.00798966
0.0213938,0.00970451,0.0144656,0.0245755,0.00655262,0.00782285
0.0187757,0.0127537,0.0104179,0.00694415,0.00243118,0.00278154
0.0126268,0.0085414,0.00745626,0.00437947,0.0015651,0.00116169
0.00724223,0.0045726,0.00278311,0.00125562,-0.000207713,0.00101448
0.014398,0.00627535,0.00835831,0.00572747,0.00167616,0.000862544
0.00615724,0.0045305,0.0033611,0.00564447,0.000796765,0.00174535
0.0182722,0.0128815,0.00618491,0.00844805,0.00113927,0.000988675
0.0275385,0.0149225,0.00933176,0.0101643,0.00261532,0.00371479
0.00388354,0.00318714,0.0019065,0.00117757,9.57169e-05,0.00154061
0.00763957,0.00474951,0.00348058,0.00337493,0.00161933,0.00278934
0.0154072,0.00698881,0.00867902,0.00887889,0.00183924,0.00241373
0.0130255,0.00584974,0.00779822,0.0058392,0.00128229,0.0010486
0.0135637,0.00942576,0.00487522,0.00572822,0.00143792,0.000113741
0.0127131,0.00614203,0.00724154,0.00521975,0.00155978,0.00344564
0.0188107,0.00733077,0.011253,0.0191575,0.00690684,0.0109465
0.0148012,0.00687953,0.00888703,0.0218323,0.00774579,0.013882
0.015411,0.0104221,0.00583872,0.00645774,0.000722326,0.000671953
0.00874382,0.00611335,0.00316381,0.0056787,4.30949e-05,-0.000215245
0.0240691,0.00942911,0.00918074,0.00965772,0.00247918,0.000666523
0.014437,0.0101297,0.00458384,0.00645081,0.00134543,8.02441e-05
0.0151119,0.0110006,0.00559967,0.00632741,0.00136011,0.000837375
0.0182558,0.00968308,0.00757322,0.0119456,0.00264275,0.000236019
0.0176073,0.0119816,0.00936608,0.0164416,0.00493231,0.00857342
0.011466,0.00694794,0.00411713,0.0099146,0.000968172,0.00126576
0.0104749,0.00671746,0.00575781,0.00797559,0.00209721,0.000508709
0.018705,0.0127125,0.00767269,0.00809691,0.000752636,0.00220193
0.00652054,0.00499454,0.0028843,-0.000292952,0.000500005,-0.000407884
0.0195137,0.00707137,0.0118324,0.0228767,0.00531467,0.009774
0.0238224,0.00700817,0.0129624,0.0217888,0.00548813,0.00967524
0.0125586,0.00562602,0.00466485,0.00362039,0.00177732,0.00383801
0.00854682,0.00484339,0.00665736,0.0079987,0.00187044,0.00167453
0.00623987,0.00289757,0.00399276,0.00485643,0.00101218,0.000688389
0.00826858,0.00590796,0.0141834,0.0163168,0.00532836,0.00166141
0.00811167,0.00589714,0.00454832,0.00324513,0.00208247,0.00149971
0.0120399,0.00896373,0.00323101,0.00342152,0.000766151,0.000259573
0.0145532,0.00694103,0.0071827,0.0138756,0.00293971,0.00240381
0.0178722,0.00688077,0.0088104,0.0184446,0.00308202,0.00093772
0.00942791,0.00392225,0.00409932,0.0121427,0.00165955,4.93449e-05
0.0050952,0.00403912,0.00249045,0.00114907,0.00186291,8.14066e-05
0.0196051,0.0137465,0.00715721,0.0130488,0.00108932,0.00109661
0.0246378,0.0168038,0.0110024,0.0135279,0.00361824,0.00126855
0.00710802,0.00520313,0.00457715,0.00401551,0.000681553,0.00206564
0.0179671,0.0107086,0.0104711,0.00935179,0.00294063,0.00154477
0.0142947,0.00632634,0.00797284,0.00500398,0.00247981,0.000949155
0.00532191,0.00379835,0.00259712,-0.000248035,0.00105408,-0.000609346
0.00592593,0.00423216,0.00292724,0.0170953,0.00747429,0.0213192
0.0263233,0.0161461,0.0167602,0.020839,0.00428035,0.00177867
0.0148986,0.0104151,0.00570766,0.00482137,0.00127996,-2.08959e-05
0.00452445,0.00344329,0.00112514,0.00465106,0.00135868,0.0001319
0.015005,0.0107101,0.00381125,0.00734106,0.00109792,0.000779177
0.00798328,0.00572428,0.00416842,0.00893287,0.00184552,0.000548893
0.00431723,0.0032382,0.00244763,0.0040171,0.00123159,-8.25391e-05
0.0115465,0.00729203,0.00538575,0.00778249,0.0014846,0.000498559
0.00669419,0.00494927,0.00224268,-0.000300376,0.000829813,0.000404755
0.013135,0.00751024,0.0133007,0.00597359,0.00114389,0.000937228
0.00796685,0.00362801,0.00458997,0.0093492,0.00159246,0.000342668
0.0176976,0.00694805,0.00795644,0.00830946,0.0019448,0.00158311
0.017551,0.00797953,0.00730286,0.00977445,0.0015693,-0.000179953
0.00452736,0.00338172,0.0011915,-0.000409551,0.000236279,0.000287406
0.0152668,0.00602008,0.00728153,0.00612863,0.00185498,-5.25017e-05
0.0180359,0.00809783,0.00778801,0.00314081,0.00155758,-9.93553e-05
0.011853,0.00781382,0.0044367,0.00611826,0.00215204,0.00138848
0.0118107,0.00749295,0.00510888,0.00708668,0.0027486,1.76235e-05
0.00362132,0.00298852,0.00156717,0.000714819,0.00125058,-0.000824965
0.0134556,0.00965155,0.00482174,0.00506279,0.00179721,-0.00011869
0.0210176,0.011489,0.00923465,0.0120995,0.00205193,0.00180746
0.0153222,0.00995921,0.0250235,0.0258913,0.00724448,0.00333613
0.00926844,0.00688874,0.00287733,0.0029219,0.000324142,0.00182849
0.0109707,0.00771571,0.00655562,0.0115458,0.00055513,0.000753284
0.0130319,0.00964653,0.00358026,0.00560945,0.00237062,0.000196376
0.017482,0.0116387,0.00795682,0.0163909,0.00361648,0.00111475
0.0114386,0.00784921,0.0028937,0.00513381,0.000603164,0.000341454
0.00356948,0.00297947,0.00213081,0.00394753,-0.000636154,0.00114398
0.00617438,0.00436958,0.00274412,0.00446788,-0.00054853,0.000237208
0.00776647,0.00545364,0.00449266,0.0062441,0.00105498,0.00231505
0.013289,0.00932177,0.00430627,0.00458828,0.00314722,0.00128056
0.00937584,0.00624784,0.00733732,0.00189057,0.000809432,0.000352376
0.00830807,0.0062766,0.00289672,0.00816517,0.00320166,0.00659616
0.00611436,0.00412968,0.00397148,0.0054507,0.000242771,0.00171458
0.00847773,0.00522238,0.00506993,0.00460524,0.0016675,0.00148619
0.0121136,0.007785,0.00414296,0.00706401,0.001825,0.000451392
0.00807616,0.00565787,0.00432979,0.00429693,0.000900572,-0.000191725
0.0117367,0.00850501,0.00507735,0.0017847,0.00102912,-7.61607e-05
0.0191077,0.00812272,0.00906025,0.00795574,0.00270094,0.00641918
0.021135,0.00802183,0.00972964,0.0107565,0.00257288,0.0066166
0.00964152,0.00662489,0.00710825,0.0141828,0.00148604,0.00141328
0.0191002,0.00718241,0.010899,0.0167816,0.00391192,0.00102433
0.0194896,0.00706597,0.0111274,0.0174097,0.00349421,0.000340594
0.00526058,0.00364888,0.00276876,0.0036983,0.000685535,-0.000249821
0.0138432,0.00516916,0.00937177,0.0101258,0.00311909,0.000864811
0.0149376,0.00526357,0.0104797,0.0148409,0.00270211,0.000937009
0.0111582,0.00777748,0.00419078,0.00453423,-0.000885109,-0.000102524
0.0146508,0.00979703,0.00490765,0.00583051,0.00106869,0.00146777
0.0268929,0.0176421,0.0203735,0.0328868,0.0073449,0.00547154
0.0060129,0.00438712,0.0022049,-0.000768161,0.00106828,0.000932992
0.00576773,0.00434479,0.00240615,0.000722828,0.00145449,0.00173669
0.0207552,0.0143999,0.0112527,0.0144965,0.00269471,0.00117386
0.0183296,0.00959908,0.0069188,0.00576906,0.00183662,0.00186717
0.0178062,0.00734137,0.00674237,0.000474968,0.00172857,0.000636374
0.0138318,0.00960973,0.00687189,0.012251,0.00216985,0.0023426
0.00684564,0.0051378,0.0054784,0.00454286,0.00213128,0.000557935
0.0112253,0.00624534,0.00352465,0.0098564,0.00137164,0.00117118
0.0229068,0.012011,0.00678091,0.00840165,0.00198354,0.00128494
0.0233877,0.0120126,0.00685546,0.00912459,0.00248508,0.00201021
0.00817689,0.00401807,0.00472461,0.00280214,0.000880018,0.000489764
0.00785257,0.00324561,0.00448426,-2.01371e-05,0.000611773,0.000858892
0.00984406,0.0040539,0.00515944,0.00025801,0.000201451,-0.000567307
0.0098501,0.00402718,0.00496084,0.000128692,0.0010211,-0.000152979
0.0107388,0.0077601,0.00468451,0.00676891,0.000778599,0.00107169
0.00945347,0.00494541,0.00521803,0.00224636,0.00146136,-0.00103879
0.0136759,0.00718041,0.00511743,0.00581729,0.00092287,-0.00015928
0.012709,0.00561262,0.00508306,0.00297184,0.000654673,0.000200558
0.00507882,0.00344433,0.00137869,-0.00315113,-4.93659e-05,-0.00145853
0.0105351,0.00727542,0.00654686,0.00594465,0.0016414,0.000578829
0.00930347,0.00668376,0.00284459,0.00398198,0.00115245,0.0006356
0.00768424,0.00544317,0.00549192,0.00628791,0.000240864,0.000979415
0.0147213,0.0104063,0.00411691,0.00563318,0.00136735,0.0012497
0.0065245,0.00479776,0.00331147,0.00295906,-0.00094044,0.00183481
0.00992757,0.00451574,0.00549567,0.00990733,0.000791801,3.14726e-05
0.0167334,0.0102161,0.00611842,0.00947127,0.000973613,0.000312123
0.0195241,0.0104206,0.014947,0.0233718,0.00351425,0.00174052
0.0147012,0.00989569,0.0113187,0.0123049,0.00235341,0.00127361
0.0199304,0.0135944,0.00750829,0.00911038,0.0025035,0.00128634
0.0040368,0.00299902,0.00237463,-0.000789053,-0.000209199,-0.000220989
0.0112156,0.00792883,0.00291883,0.00739814,0.000508265,0.000649521
0.0210891,0.0136786,0.00814985,0.0112806,0.00241388,0.000823914
0.0155484,0.00931842,0.0138786,0.0294586,0.0103692,0.0261348
0.0219762,0.0102707,0.0140731,0.0144846,0.00248802,0.00174151
0.0119005,0.00717121,0.0079813,0.00417665,0.00176839,0.000775365
0.0216799,0.0132166,0.0101756,0.00355235,0.00131348,0.00185348
0.0190731,0.00700014,0.0069644,0.00821697,0.00090594,0.000257114
0.0177641,0.00687365,0.00653198,0.00770607,0.00112301,0.000963689
0.00465202,0.00315541,0.00276885,0.00384209,0.00042414,0.00018464
0.0292054,0.0126292,0.0116061,0.0137612,0.00303158,0.00149787
0.0293163,0.0125293,0.0114658,0.0131536,0.00322311,0.00177663
0.00504234,0.00360446,0.00266323,0.00219818,6.31242e-05,-0.000281818
0.00636368,0.00456274,0.00402749,-0.00104025,0.000615873,0.0012085
0.00469101,0.00314509,0.000913026,0.000596644,0.000185693,0.000704867
0.00597431,0.00441541,0.00287641,-0.00191008,-0.000337041,0.000874333
0.021216,0.0128096,0.00902634,0.00862105,0.00126176,0.000588948
0.0306164,0.0125961,0.0320682,0.0405538,0.0107407,0.00627075
0.0296927,0.0116301,0.0109898,0.0102457,0.00307947,0.00184119
0.022481,0.0123932,0.00812466,0.0173924,0.00285352,0.000471042
0.023957,0.0124364,0.00833347,0.0150733,0.00276886,0.000840327
0.00549953,0.00398918,0.00278584,0.00226767,0.000906651,0.000103778
0.00983044,0.00694042,0.00414465,0.00139645,0.000388251,-0.000644069
0.00682311,0.00505048,0.00468421,0.00410559,0.0012287,-0.000613434
0.00611323,0.00411867,0.00299471,0.00297414,2.71966e-05,-0.000715376
0.00901604,0.00639537,0.00450267,0.00678547,0.001069,0.00074775
0.00939462,0.00688554,0.00348095,0.0154854,0.00457311,0.0111501
0.0144049,0.00907358,0.0105136,0.0124859,0.00345672,0.00123698
0.0180874,0.0122974,0.0125547,0.014948,0.00336262,0.00164651
0.0157967,0.00951868,0.00469065,0.00895792,0.00220984,-0.000638464
0.0129977,0.00539005,0.00509601,0.00349726,0.00135543,-0.000734175
0.0195925,0.00902645,0.00915638,0.008594,0.00184616,0.00103526
0.0237129,0.00891194,0.011295,0.0125566,0.00271972,0.00136639
0.0148617,0.00828196,0.00621946,0.00573205,0.00217781,0.00011704
0.00820937,0.00559449,0.00600345,0.0145657,0.00209094,0.00300382
0.0110536,0.00760291,0.0040778,0.00871899,0.000263326,2.65802e-05
0.0110085,0.00789582,0.00423925,0.00722582,0.00169043,0.00190215
0.0102954,0.00712704,0.00462511,0.00333426,0.000627992,-0.000417319
0.013324,0.00834882,0.0061479,0.00441988,0.00100258,0.00317837
0.00804658,0.00330237,0.00428175,0.00517763,0.000499667,0.00276067
0.023325,0.0104263,0.0110081,0.00774655,0.0018431,0.00193197
0.0212783,0.0104089,0.0101903,0.00222478,0.00187959,0.00172156
0.00993147,0.00707232,0.00498651,0.00343375,0.000921799,0.00102417
0.0137215,0.00575658,0.00771111,0.00655071,0.000837405,0.000297243
0.0131204,0.00890492,0.00933662,0.00707144,0.00227049,0.00115889
0.0082872,0.0057883,0.00433203,0.00214556,0.000821459,0.000793612
0.00731616,0.00507383,0.00709332,0.00444038,0.00100018,0.00024181
0.0113163,0.00581502,0.00830317,0.011865,0.00295192,0.00227085
0.0246171,0.0148997,0.0171293,0.0302113,0.0042691,0.00268664
0.00871299,0.00614599,0.00668955,0.00681411,0.000714232,0.000950801
0.0101349,0.00578281,0.00554982,0.00550982,0.00139912,0.000938154
0.0120073,0.00642366,0.0057558,0.00484848,0.000984527,0.000973185
0.00493941,0.00317295,0.00350146,0.0028289,0.000479569,0.00030232
0.013151,0.00918727,0.00515343,0.00512998,0.00128706,0.00293097
0.00897195,0.00642552,0.00288163,0.00581258,0.000902213,0.00182574
0.00570379,0.00387419,0.00300537,0.0116122,0.00369023,0.00659625
0.00964716,0.00692868,0.0022645,-0.000177899,0.00108379,9.74865e-05
0.00502914,0.00370333,0.00262797,0.00360048,-0.000140141,0.000694682
0.0205804,0.0143733,0.0069215,0.00783476,0.00167635,0.00133916
0.0191094,0.0118316,0.0153718,0.013053,0.00341916,0.00184698
0.0173113,0.0121336,0.00477972,0.00430285,0.00218238,0.000156045
0.00965977,0.00653961,0.00564013,0.00235528,0.00170395,0.00228702
0.00949069,0.00658678,0.00458576,0.00770728,0.000347171,0.000493794
0.0093713,0.00489746,0.00733989,0.00801376,0.00211332,-0.000599845
0.0135614,0.00589566,0.00679364,0.00831854,0.00292821,0.001518
0.0144613,0.00576647,0.00699169,0.00661712,0.000682137,0.000483407
0.00485905,0.00368348,0.00269027,0.00560984,0.000395237,-0.000460338
0.00794385,0.00381416,0.00321428,0.002694,0.00171546,-0.000492932
0.00620709,0.00455708,0.00244042,0.00823601,0.000780092,-6.18164e-05
0.0105095,0.0073142,0.00450018,0.006002,0.00073756,-0.000796335
0.0049944,0.00398412,0.00306012,-0.00130006,0.000559391,-0.000947862
0.0182298,0.012784,0.00874698,0.00898431,0.00271574,0.00153307
0.0250499,0.0128587,0.0115319,0.0123325,0.00177253,0.00215752
0.0172573,0.0116023,0.00596058,0.00862184,0.000885444,-0.000677682
0.00814589,0.00583309,0.0045559,0.00760771,-0.000890553,0.00165503
0.00469399,0.00351182,0.00140767,0.00305131,0.000938542,-0.00107533
0.00685421,0.00361551,0.0042157,0.000297054,0.00142178,0.000988673
0.00659398,0.00319497,0.00421114,0.00180142,0.00130608,0.000705563
0.00836061,0.00604551,0.00584275,0.00990341,0.00201496,0.000906972
0.0136625,0.00726138,0.00549989,0.00897262,0.00227552,0.00177975
0.0145195,0.00588836,0.00623615,0.00912176,0.00333353,0.000938465
0.00952799,0.00372635,0.00343308,0.00301805,0.00174149,0.00108796
0.0094455,0.00363102,0.00359637,0.00274384,0.00158601,0.000809145
0.010831,0.00570748,0.00601793,0.000876669,0.0011618,0.000834409
0.00614346,0.00313126,0.00392134,0.00561847,0.0001162,0.000767916
0.0137703,0.00948267,0.00407963,0.00173648,-0.000201249,0.00101569
0.004513,0.00319096,0.00240656,0.00308025,-0.000123977,0.00123026
0.0148589,0.00851557,0.00587059,0.0111044,0.00216883,0.000960273
0.0134152,0.00855745,0.00551505,0.00861838,0.00120101,0.000387911
0.0115455,0.00590014,0.0037692,0.00635475,0.00232352,0.000953588
0.00981721,0.00686402,0.00378801,0.00535307,0.00137917,0.00127277
0.0109545,0.007561,0.0044424,0.00284952,0.000426512,0.00130479
0.0086556,0.0048029,0.00441372,0.00202183,0.00108808,0.00106535
0.0087225,0.00596037,0.0047836,0.00489791,0.00108634,0.000734769
0.00842881,0.00581677,0.00241901,0.00569899,0.000511802,0.00106893
0.0105459,0.00753064,0.00475287,0.00200644,0.000417039,0.00191808
0.00892551,0.00447517,0.00522962,0.00944269,0.000564238,0.0011458
0.0266143,0.0125341,0.0106809,0.0195936,0.00375223,0.00239466
0.0266499,0.0126463,0.0107934,0.0204478,0.00368377,0.00271912
0.0168517,0.0109387,0.00624822,0.00671414,0.0014734,0.00337941
0.00728579,0.0036935,0.00368572,-0.000465113,0.000214117,0.000919216
0.0183144,0.012216,0.0059122,0.0102495,0.00184548,0.00226006
0.00504842,0.00305486,0.00447974,0.00406655,0.000984558,1.38949e-05
0.00873588,0.00653576,0.00340138,0.00705639,0.00100266,-0.00120248
0.0104314,0.00678713,0.00348457,0.0042792,0.0015395,0.00271769
0.0174987,0.0120866,0.0131449,0.0497611,0.016271,0.0288955
0.0168777,0.0114934,0.00779334,0.00688048,0.00276105,0.00283468
0.0116508,0.00777614,0.0049914,0.00768365,0.00127002,0.00176089
0.0066435,0.00473256,0.00339973,0.00430346,0.000300599,-0.000222793
0.00561896,0.00361111,0.00278955,0.00190817,0.000230524,-5.98026e-05
0.0125199,0.00576918,0.00680168,0.00570749,0.00214506,0.000272072
0.00818889,0.00380341,0.00383947,0.00360741,0.00138843,0.000961093
0.0108328,0.00394852,0.00548455,0.00435446,0.00150685,0.002388
0.0073686,0.00348459,0.00378625,0.00035821,0.000610822,0.00172548
0.00677138,0.00507359,0.00794317,0.00663844,0.000650779,0.00134214
0.00847223,0.00587484,0.00324979,0.00533111,0.00143092,0.00036124
0.0107018,0.00687763,0.00462902,0.00313261,0.0012893,0.00110247
0.0097798,0.00557925,0.00319701,0.00669934,0.00215555,0.00505179
0.00815132,0.00535827,0.010988,0.00733135,0.00219516,-0.000562467
0.0156573,0.0105463,0.00577563,0.00629145,0.000658196,0.00178331
0.0149078,0.0103512,0.00699012,0.0111436,0.00250246,0.000839185
0.00960595,0.00680546,0.00457524,0.00250314,0.00150117,-0.000466434
0.00888614,0.00603606,0.00574402,0.00610882,0.00143549,-0.000211821
0.0174827,0.0116206,0.00934646,0.0118797,0.00119268,0.000850359
0.015998,0.01096,0.00461022,0.00812457,0.000788653,-0.000568114
0.00827843,0.00592403,0.00613602,0.0022783,0.00155275,0.00117975
0.014489,0.0103151,0.00760059,0.00522102,0.000824285,0.00111514
0.00927905,0.00638645,0.00487575,0.00454714,0.000696804,-0.000302987
0.00543184,0.00403016,0.00301901,-0.00348167,0.00086858,-0.00142705
0.0155883,0.0108526,0.00656272,0.00723828,0.00211877,0.000559014
0.00503056,0.00337783,0.00251405,0.000957151,0.000491399,-2.56685e-05
0.0050493,0.00382937,0.00271148,0.00259453,-3.03832e-05,0.000128355
0.0114386,0.00786937,0.00634516,0.00235902,0.00191212,0.00228351
0.00937414,0.00463089,0.00355583,0.00332572,-2.74565e-06,0.000909142
0.0273936,0.0145948,0.0123457,0.00876188,0.00313138,0.000696132
0.0264175,0.0125528,0.0215132,0.0272297,0.00695864,0.0025163
0.015656,0.00903193,0.00647352,0.00721395,0.00176723,0.00138356
0.0112421,0.00581742,0.00452466,0.00454672,0.000947599,-0.000307915
0.00552331,0.00376897,0.00119714,0.00112852,0.000623776,-0.00123372
0.00797212,0.00547742,0.0033783,0.00753811,0.000370014,0.000706668
0.0076423,0.00540128,0.00531908,0.00595957,0.002016,0.00126939
0.00937395,0.00649373,0.00434394,0.00289454,0.000214736,0.000717351
0.0121024,0.00851961,0.00447234,0.000726586,0.00055224,0.0014746
0.0104911,0.00796649,0.00510721,0.00152631,0.000406236,0.00151018
0.00795611,0.00565573,0.00161206,0.00293455,0.00176756,0.00119401
0.0198145,0.0134233,0.0052995,0.0117049,0.00217395,2.17796e-05
0.0145148,0.009954,0.00650432,0.0116238,0.00278655,0.000319499
0.0196297,0.0135625,0.0102124,0.0162212,0.0040806,0.000422365
0.0123119,0.0085113,0.00584292,0.00663796,0.00189069,-0.000112534
0.00596706,0.00441163,0.00331284,0.00131856,0.000467824,0.000900071
0.0196676,0.0132077,0.00867112,0.0116063,0.0021115,-9.50032e-05
0.00475125,0.00365396,0.0025377,0.002395,-0.000151784,9.92879e-05
0.0208477,0.0146787,0.00776255,0.00880598,0.00177701,0.000164068
0.00833438,0.00612358,0.00384105,0.0153643,0.00689557,0.0166266
0.0124427,0.00702741,0.00477745,0.00495563,0.000779171,0.00116802
0.031356,0.0126596,0.0181759,0.0355574,0.00913964,0.0164346
0.0356179,0.013654,0.0199758,0.033391,0.00928513,0.0163923
0.00945386,0.00583599,0.00679706,0.00389612,0.00175006,0.00197446
0.011968,0.0071297,0.00796634,0.00315732,0.00093084,0.00352249
0.00646493,0.00456724,0.0020666,0.00456022,0.00142659,0.000694324
0.0124504,0.00887413,0.00732522,0.0112734,0.0011823,0.00290673
0.0319397,0.0101025,0.0116926,0.00998096,0.00441292,0.00123675
0.0309415,0.0101657,0.010553,0.0126982,0.00390304,0.000417809
0.0105226,0.0069639,0.00348905,0.0048414,0.000526124,-0.000125351
0.0188732,0.0133059,0.00578394,0.0123025,0.00230552,-0.000101957
0.00812266,0.0059718,0.00310941,-0.000499077,0.000906655,-0.000315885
0.00976054,0.00718093,0.00575143,0.010535,0.00280511,-0.000871371
0.00533123,0.00394927,0.00147698,-0.000402445,0.00199283,0.000471704
0.00733291,0.00515841,0.00356299,0.00307234,0.000838657,0.000368637
0.0146451,0.0104175,0.00521334,0.00734642,0.00120548,0.00171446
0.0178661,0.0075343,0.00631705,0.0093206,0.000906471,-0.000753126
0.0210777,0.0128969,0.0106746,0.0217609,0.00497517,0.00319738
0.0250621,0.0167906,0.00684738,0.0119772,0.00191697,0.00277393
0.0119862,0.00868637,0.00441814,0.00145815,0.000769464,0.000644896
0.00488953,0.00349927,0.00287623,0.00611604,0.00121074,0.000822109
0.0291615,0.0161233,0.010754,0.0109323,0.00196115,0.000437418
0.0149696,0.0100493,0.00596415,0.00799805,-0.00010356,-0.00120821
0.0135413,0.00842557,0.00692063,0.00378512,0.00175806,0.000956247
0.0183538,0.0122914,0.00842019,0.00832611,0.00185389,0.00103963
0.00791293,0.00433516,0.00356102,0.00565507,-0.000726181,-0.00140315
0.00432485,0.00313388,0.00145466,0.00233911,0.000301212,-0.000474861
0.00548618,0.00399263,0.00191586,0.00381351,-0.000561654,-0.000976505
0.0216186,0.0141513,0.0103596,0.0239619,0.00388898,0.00136092
0.0096157,0.00695802,0.005554,0.00121111,0.00120203,0.00047181
0.018973,0.0115975,0.0140299,0.0135791,0.00266499,0.000756421
0.0201381,0.0127549,0.00611466,0.00769529,0.00189534,0.000182178
0.00783727,0.00524168,0.00510854,0.00417311,0.000944634,0.000963712
0.00781071,0.00578769,0.00439837,0.0049599,0.000782908,0.000943379
0.0196812,0.00814861,0.00869427,0.0117645,0.00106433,0.00172182
0.018665,0.00990666,0.00650834,0.00753655,0.00142074,0.000727992
0.015411,0.010689,0.00793064,0.00848654,0.00278964,0.000461601
0.00411607,0.00323737,0.00213279,0.00138802,0.00013301,0.000120275
0.0119462,0.00654757,0.00534294,0.00406555,0.00193553,0.00128495
0.0213535,0.00732216,0.00879179,0.00646836,0.00234135,0.000795332
0.0145259,0.0074282,0.00587985,0.00442767,0.00192143,-0.00103006
0.00510437,0.00354433,0.0023915,0.000326551,0.000215097,0.000781885
0.00464993,0.0031394,0.00228513,0.00273558,0.00118251,-0.000393539
0.0130477,0.00864871,0.00612738,0.00781409,0.00152317,0.000881954
0.00977115,0.00662822,0.00360916,-0.000816196,0.00188291,-0.000606424
0.0178125,0.0114731,0.0294916,0.0365942,0.00807547,0.00715544
0.00884436,0.0060246,0.00230679,0.00404769,0.00103983,0.000789312
0.0105522,0.00744188,0.00460806,0.00516067,0.00070275,0.00169391
0.00529005,0.0040951,0.00122258,0.00103384,0.00154859,0.000962621
0.0135336,0.00925507,0.00512688,0.00917877,0.00101799,0.00100311
0.00929916,0.0066814,0.00284115,0.00620162,0.00151337,-0.000889894
0.00909159,0.00638228,0.00362738,0.00854507,0.00163368,-0.000969294
0.00789229,0.00541854,0.003873,0.0017888,0.000299614,-0.000868609
0.0117031,0.00803754,0.00416364,0.003354,0.000684619,-0.000324055
0.032971,0.0217722,0.0113279,0.0202187,0.00301241,-0.000131364
0.019572,0.013531,0.00736678,0.0116022,0.00196259,0.00137478
0.00915617,0.00621556,0.00410684,0.0016217,0.000150145,0.00104074
0.00472681,0.00385941,0.00138534,0.000292309,-0.000124268,0.000226113
0.012392,0.00837721,0.00551782,0.00208108,0.00106098,0.00125698
0.0159467,0.00962915,0.00667302,0.00808575,0.00295959,-0.000155038
0.00486301,0.00344259,0.00234909,0.00131386,0.00050474,-0.000605387
0.012269,0.00573576,0.00513512,0.00677052,0.00100496,0.00019964
0.0063484,0.00436044,0.00412559,0.00570689,0.00148624,-0.0006241
0.00460176,0.00369052,0.00238389,0.000873444,0.00128287,-2.93469e-05
0.00955131,0.00651963,0.00551009,0.00704037,0.00212069,0.000816761
0.0101565,0.00683008,0.00581302,0.00574386,0.00130422,-2.14178e-05
0.0304379,0.0136769,0.0116746,0.01212,0.00165407,0.00264839
0.0203085,0.0115175,0.00910689,0.0140946,0.00333204,-0.000130156
0.0168547,0.00992321,0.00664589,0.00743896,0.00162094,0.00131797
0.00795401,0.00337772,0.00389552,0.00540219,0.000375083,0.000702846
0.0122196,0.0063212,0.00760416,0.00499864,0.00174547,0.00193493
0.0129977,0.00622259,0.00769842,0.00770492,0.00144887,0.00105098
0.0146134,0.00716999,0.00565566,0.00122712,0.00202331,0.000279938
0.0158688,0.00778067,0.00607916,0.00366378,0.00165195,0.000743984
0.0128193,0.00528523,0.00463919,0.00533138,0.00214231,0.0010749
0.0196335,0.0122123,0.00800297,0.00719219,0.00255271,0.00150542
0.0108596,0.00743873,0.00322193,0.00690804,-7.23373e-05,0.00034347
0.00720695,0.00499824,0.0097925,0.0101472,0.00155988,0.000781285
0.0095419,0.00649868,0.00308445,0.000532865,0.000407825,0.002255
0.00957232,0.0067977,0.00442998,0.0016626,-2.40488e-05,0.0018606
0.00840893,0.00597444,0.00318085,0.00250618,0.000269126,0.000449174
0.0145769,0.0105664,0.00651265,0.00470729,0.00131353,0.00111645
0.013032,0.00837737,0.00581951,0.00787352,0.00252024,0.000212534
0.011135,0.0055962,0.00540812,0.00397901,0.00141681,0.00204261
0.00881818,0.00555106,0.00484642,-3.75272e-06,0.000719877,0.00219913
0.0058611,0.00380904,0.00296828,0.0011477,0.000643381,0.00137796
0.0106788,0.00714123,0.00734383,0.00734373,0.00180482,0.001842
0.00667672,0.00479037,0.00335634,0.000656282,0.000802629,-0.000860178
0.0184875,0.012892,0.00899459,0.0103886,0.00173134,-0.00124471
0.0116495,0.00765198,0.00532017,0.00515673,-4.67946e-05,-0.00128439
0.0138902,0.00716934,0.0152468,0.0167681,0.00370312,0.0011671
0.0101353,0.00719743,0.00584353,0.00692486,0.00168238,0.00109069
0.0187289,0.0126778,0.0138078,0.0205408,0.00580437,0.00812879
0.00603574,0.00437622,0.00208177,0.00127189,0.000996079,-0.000216919
0.0350626,0.0160226,0.0148673,0.015544,0.00365745,0.00174983
0.013674,0.0055203,0.00642753,0.00923648,0.000866145,-9.66126e-05
0.0149998,0.00615485,0.00708438,0.00906407,0.00107181,0.000858666
0.0174545,0.00893569,0.00599646,0.00561416,0.00066952,-0.000263531
0.0127219,0.00875455,0.00379581,0.00277801,0.00104586,-0.00084161
0.0243717,0.0107213,0.011984,0.017581,0.00350284,0.00186112
0.0410544,0.0258602,0.0275201,0.0412005,0.0140874,0.151489
0.00666068,0.00354733,0.00410947,0.00423876,0.00144004,-0.000544215
0.0189948,0.0126307,0.00652535,0.00532067,0.00160695,0.00230328
0.0172837,0.0120053,0.0105528,0.0128722,0.00340964,0.00101937
0.0118754,0.00818637,0.0035703,0.0026106,0.001135,8.22094e-06
0.0057009,0.00445916,0.00188433,0.000247851,0.00093785,0.000826703
0.0162908,0.00820557,0.00626781,0.00433921,0.00010835,0.00200669
0.0141878,0.00990769,0.00673351,0.00494448,0.00202982,0.0018148
0.00860158,0.00640512,0.00981781,0.00723308,0.00223395,0.00115026
0.0110508,0.00787297,0.00512337,0.00368952,0.00176796,0.00179487
0.0134828,0.00966747,0.00447167,0.00594064,0.000751689,0.000867142
0.0179796,0.0069441,0.00979857,0.0157589,0.0036788,0.00356982
0.0472653,0.0158069,0.0266516,0.0350587,0.00797428,0.0139566
0.0146193,0.00987467,0.0103818,0.0100616,0.00108448,0.00183695
0.0103725,0.00664064,0.00925394,0.00829787,0.00144278,-0.000534354
0.0116805,0.00755431,0.0036287,0.00152141,0.00109903,0.00175629
0.0242171,0.0109656,0.00775074,0.0119984,0.000635109,0.00219633
0.0140848,0.00902761,0.00470146,0.00448017,0.00137676,0.0016938
0.00847963,0.00597561,0.00414711,0.00623552,0.000219234,-0.00105696
0.0136462,0.00720411,0.00694998,0.00938253,0.00241066,0.00305112
0.0086039,0.00486629,0.00541876,0.00529198,0.00128854,0.00189217
0.0267411,0.0178459,0.0128792,0.016865,0.00316005,0.00231362
0.0107078,0.0074835,0.00528606,0.00498849,-8.17589e-05,0.00117131
0.0108236,0.005506,0.00515964,0.00265638,0.000742667,0.00101376
0.00450239,0.00313152,0.00239316,-0.00379482,-0.000602568,-0.000698897
0.00460184,0.00350403,0.00203948,0.00098041,0.00101432,0.000810881
0.0158819,0.00936025,0.00512646,0.00659054,0.0024254,-0.000322387
0.0109338,0.0069699,0.00346003,-0.00138482,0.000386792,-0.000961919
0.00954702,0.00672974,0.00645117,0.000980004,0.000758124,-9.03667e-05
0.00614429,0.00423651,0.00254839,0.0177325,0.00983905,0.0283082
0.00678912,0.00477664,0.00328967,0.00164283,0.000939792,0.00179441
0.00958165,0.00595195,0.00738787,0.0104932,0.00215062,0.00158007
0.0135625,0.00790096,0.0102603,0.0112382,0.00218202,0.00180976
0.00483244,0.00349862,0.00210149,0.00290704,0.00048786,0.000784215
0.0165037,0.0116886,0.00882145,0.009071,0.00180762,0.000931099
0.021188,0.00827717,0.00858805,0.0134071,0.00331224,0.000777985
0.0250109,0.0132219,0.0104436,0.00991328,0.00191375,0.00223212
0.00573025,0.00369436,0.00156321,0.000244982,0.000852111,0.00245447
0.00629428,0.00456267,0.0030826,0.00530793,0.000904066,0.000960143
0.0060172,0.00303308,0.00581328,0.0494875,0.0211289,0.0579536
0.00785046,0.00439765,0.00572086,0.0291247,0.0110751,0.0331686
0.0166461,0.00802654,0.00824526,0.00464414,0.000524023,-0.000228509
0.0140599,0.00938472,0.00903647,0.0128319,0.0023177,0.00136239
0.0116455,0.00632519,0.00949624,0.010188,0.00167685,0.000454108
0.0121206,0.00384216,0.00790057,0.00954872,0.0019217,0.000510196
0.00881359,0.00369094,0.00474596,0.00379832,0.00113204,-0.000323393
0.0184828,0.012117,0.0264252,0.0361579,0.00922444,0.00669757
0.0108942,0.00798292,0.00680293,0.0091179,0.00157108,0.000796353
0.00408556,0.00348872,0.00124818,0.0068549,0.00056742,-0.000435816
0.0104756,0.00787624,0.00412753,0.00133203,0.000151092,0.000903451
0.00525521,0.00369834,0.001974,-0.00490217,0.00111182,-0.000353574
0.0170939,0.012198,0.00625596,0.0104308,0.00226369,0.00154447
0.0122489,0.00884929,0.00488821,0.00773072,0.000933864,0.000593092
0.00868886,0.0059929,0.00303319,0.00160578,0.00017772,0.000631606
0.0193792,0.0114352,0.00787331,0.0130171,0.0022654,0.00248263
0.0178759,0.0113483,0.00735905,0.0118739,0.00148329,0.00325718
0.00681213,0.00449124,0.00374949,0.0032937,0.00131962,0.00108274
0.024591,0.0125141,0.0079717,0.0145471,0.00374635,0.00115263
0.0286212,0.0142095,0.0193974,0.0132653,0.00418872,0.00219903
0.013696,0.00708986,0.00823011,0.00510233,0.00112201,-0.000917371
0.0139649,0.00716567,0.00810514,0.000822603,0.00152045,-0.000682078
0.0246035,0.00976809,0.0105886,0.0191355,0.00504217,0.00181958
0.0415993,0.0148338,0.0232322,0.0321047,0.00768035,0.0032112
0.0356577,0.0127502,0.0191213,0.0226565,0.00401071,0.00177938
0.00547702,0.00390752,0.00178626,0.00361613,0.000969163,0.00123394
0.0136615,0.010041,0.00425565,0.00720866,0.00121751,0.000191038
0.00406409,0.00333336,0.00294631,0.00351195,-0.000152342,0.000861433
0.00972487,0.00475103,0.00511248,0.00578446,0.00102319,-0.000404936
0.00972522,0.00477735,0.00534518,0.00558077,0.000512677,0.000535681
0.00872435,0.00612298,0.00280284,0.000155004,8.15548e-05,0.000772535
0.00598105,0.00453516,0.00521617,0.0082661,0.00158346,0.000230035
0.0139543,0.00992558,0.010021,0.0118089,0.00109567,0.000659464
0.00842482,0.00611885,0.00307069,0.00390817,0.000646898,0.00116642
0.0209936,0.0116785,0.00929185,0.00884041,0.00197438,0.000596192
0.0149654,0.00655695,0.0172888,0.0240036,0.00507878,-0.000333387
0.0153059,0.00665557,0.0156581,0.0215475,0.00360943,0.000280157
0.00494337,0.00317747,0.002569,-0.0023398,-0.000345946,0.000226091
0.0122973,0.00870282,0.00383086,0.00602468,0.000461987,5.97544e-06
0.00559785,0.0041532,0.00274563,0.00257186,0.000822931,-5.31399e-05
0.0138854,0.00974874,0.00548903,0.0081231,0.00136113,0.00158887
0.00978733,0.00707085,0.00423209,0.0088134,0.000769487,-0.000172119
0.00657918,0.00493727,0.00380481,0.00258035,0.000183833,-0.000313252
0.00537829,0.00397453,0.0023445,0.00323246,0.001306,0.00111485
0.0124837,0.00819819,0.00627402,0.00262915,0.00129015,9.18488e-05
0.00734543,0.00298575,0.0049112,-0.000155639,0.00126264,-0.000437638
0.015734,0.00803011,0.0084868,0.0054051,0.00187031,0.00187552
0.008781,0.00431349,0.00500587,0.00758683,0.00120236,0.00176651
0.0056846,0.00402046,0.00250898,0.00298277,0.00092566,0.000899738
0.00933211,0.00665617,0.00572412,0.00643434,0.00213683,0.000590002
0.00902927,0.00646903,0.0049038,0.00250088,0.0010253,0.000564024
0.0059893,0.00420523,0.00259281,-0.000329497,0.000817088,0.00119446
0.0190858,0.0101087,0.0106445,0.0132814,0.00178921,0.00149608
0.011281,0.00578688,0.00918655,0.0186497,0.00569958,0.0113371
0.01191,0.00537034,0.00625859,0.00705921,0.00145082,0.00284987
0.00636632,0.00439506,0.00236422,-5.95321e-05,0.000817531,6.17515e-05
0.00509212,0.00366621,0.00228657,0.00177708,0.000665268,0.0018419
0.0250695,0.0171271,0.0125017,0.00908395,0.00141031,0.00156531
0.0142018,0.0068972,0.00566451,0.00646461,0.000891011,0.000331279
0.0149215,0.00715202,0.00506977,0.00535293,0.000510799,0.00115759
0.00540932,0.0041141,0.00267609,-0.00192883,-2.20718e-05,-0.000485015
0.00550287,0.00419434,0.00254779,0.000963861,-0.000412301,0.00334066
0.0298868,0.0159439,0.0215683,0.0231466,0.00537755,0.00245055
0.0138607,0.0101494,0.00455949,0.00551883,-0.000512018,-0.000452062
0.0105186,0.00741015,0.00675873,0.0153036,0.00356581,0.00823671
0.0259592,0.015434,0.0137233,0.0098296,0.00214517,0.000580968
0.00740883,0.00512516,0.00288796,0.00424352,0.0015948,0.000107063
0.00784069,0.00463284,0.0043489,0.00105483,0.00177809,0.000466119
0.0116515,0.00535772,0.00452616,0.0025732,0.00141106,-0.000591933
0.0314031,0.0151244,0.0122835,0.0143007,0.00228745,0.000670414
0.00881576,0.00589107,0.00307298,0.00401742,0.00129994,0.00330166
0.00859973,0.00339139,0.00593835,-0.000866532,0.0014142,-0.000313903
0.00883632,0.00343828,0.00623086,0.00139912,0.000921572,-0.000267345
0.0117669,0.00506879,0.00615223,0.00371833,0.00147201,-0.000401458
0.0132167,0.00609305,0.00657301,0.00507498,0.00131343,-0.000481067
0.0150295,0.0107317,0.00460918,0.00473359,0.0012047,0.00047309
0.0421251,0.0195895,0.0171162,0.0221485,0.00483826,0.00162325
0.0144115,0.00695466,0.00773173,0.00818886,0.00170605,0.00121191
0.0115778,0.00554811,0.00837202,0.0122052,0.00126293,0.00223196
0.0049274,0.00397159,0.00320232,0.00159751,0.000942405,-0.000105507
0.010117,0.0040613,0.00450847,0.00452964,0.000245814,0.00227853
0.0111684,0.00527428,0.00544587,0.00379733,0.000540497,0.00169878
0.0117061,0.00802142,0.00610125,0.00592337,0.00121783,-3.00206e-05
0.0101686,0.00594676,0.00587885,0.00260855,0.000935997,0.000689794
0.00842844,0.00503805,0.00515765,0.000773824,0.00131257,-0.00104402
0.00588654,0.00404316,0.00315332,0.0073275,0.000195575,0.0013852
0.0231068,0.0156845,0.0139266,0.0217727,0.00343644,0.00303238
0.0130318,0.00848941,0.00495114,0.00984814,0.00174085,0.000823155
0.0117366,0.00711633,0.00558309,0.00596746,0.00070564,-2.66716e-06
0.00778381,0.0053802,0.00267002,-0.00391752,-0.000648156,0.000586411
0.00434848,0.00346546,0.00252532,0.00168732,0.000316134,0.00149618
0.00919929,0.00646512,0.00563147,0.00582245,0.000880151,0.000874161
0.0169287,0.00860759,0.00731051,0.00681639,0.000940385,0.000771623
0.022113,0.0121452,0.00782022,0.0100544,0.000270944,0.00115723
0.00663521,0.0044658,0.00395944,-0.00264886,-0.000441704,0.00062116
0.00466187,0.00381859,0.00201737,-0.000337495,0.000903393,-0.00100711
0.0194244,0.0131799,0.00634606,0.00838184,0.00301444,0.000194026
0.00404477,0.00314689,0.00152935,2.81165e-05,-0.00124179,0.000154121
0.0145654,0.010155,0.00374878,0.00681941,0.0004822,0.00107158
0.00765084,0.00576679,0.00337833,0.000533053,8.48275e-05,0.000757376
0.0188041,0.0129425,0.00661799,0.0082587,0.00215074,0.000969918
0.00883623,0.00658663,0.0051967,0.00524361,0.000620568,-0.000127967
0.0171466,0.0120562,0.00705332,0.00980403,0.00221474,0.00214846
0.0280484,0.014862,0.0116116,0.0288024,0.00819897,0.0147535
0.0227969,0.0078854,0.0136227,0.0206509,0.00435587,0.00526315
0.019941,0.00936097,0.0104908,0.0158896,0.00204016,0.00379902
0.0166972,0.0114058,0.00739782,0.00471313,0.00136525,0.000270179
0.00709328,0.00487991,0.00270516,0.00177284,0.00113447,0.000500112
0.0171676,0.0104386,0.00684518,0.00881593,0.000865569,-0.000375308
0.00800702,0.0039576,0.0034935,0.00413691,-0.000101298,0.000932182
0.00694671,0.00503082,0.0028707,-0.000586843,-0.000111331,-0.000501064
0.0294574,0.0187009,0.010213,0.00881634,0.00240504,0.00223908
0.00893154,0.00418424,0.00515262,0.00873891,0.00213151,0.000635999
0.00878327,0.00372948,0.00443932,0.00367571,0.00123074,0.00061436
0.0102899,0.00560471,0.00631987,0.00427454,0.00125546,-0.000577642
0.00461639,0.00307969,0.00324542,0.000187898,0.000549518,-0.000800714
0.00601255,0.00400791,0.0032079,-0.00027573,0.00108945,0.000780347
0.00694941,0.00486031,0.00301313,0.00438544,9.92038e-05,0.00196938
0.0193697,0.00808294,0.0148419,0.0201079,0.00425706,0.00155564
0.0198071,0.00807262,0.013865,0.0169701,0.00433614,0.000847222
0.00666709,0.0048157,0.00221621,0.00818532,0.0012866,0.000846723
0.00436244,0.00318459,0.00237325,0.00200368,0.000503269,0.0007509
0.00583107,0.00381128,0.00260781,-0.00162871,0.000723168,0.000969726
0.00967497,0.00685471,0.00505693,0.00522331,0.00159919,0.00114647
0.0136239,0.00966549,0.00573642,0.00858345,0.00136937,-0.00019952
0.00724635,0.00497629,0.00286898,0.00560213,0.000893758,0.000922875
0.00450024,0.00321644,0.00213833,0.00139523,0.000250171,0.00110268
0.00960164,0.00649556,0.0039054,0.016211,0.00868844,0.018529
0.0182168,0.0117867,0.00668226,0.0108496,0.00101821,0.000427343
0.00554706,0.00397001,0.00348607,0.00166914,0.000667857,-0.000859639
0.00690511,0.00461269,0.00327657,0.00117231,0.000807164,-0.00017349
0.0100574,0.00520817,0.0045515,0.00623687,0.000638339,0.00115724
0.0150034,0.00688374,0.00554627,0.00602512,-0.000200631,0.00180399
0.0109063,0.00751953,0.00387896,0.00738609,1.59767e-06,0.000476959
0.00448604,0.0033853,0.00221747,-0.000156413,-0.000151811,0.000269284
0.00955952,0.00641177,0.00413546,0.00509137,0.000314323,-0.00102734
0.00966031,0.00680625,0.00651491,0.00552118,0.00303153,0.00171599
0.0161704,0.0108079,0.0051384,0.00132946,0.00196995,0.0011328
0.00774707,0.00565382,0.00423896,0.00219852,0.000617933,-0.000329473
0.0112346,0.00710493,0.00383543,-7.9329e-05,0.000225806,-0.000276288
0.0154818,0.0105687,0.00704279,0.0059926,0.00042868,0.00136533
0.005819,0.00395508,0.00249515,-0.000672133,0.00151911,0.000815453
0.00928748,0.006364,0.0114899,0.0142693,0.00177963,0.00214234
0.0133566,0.00542724,0.00520021,0.00445782,0.00183611,0.00302123
0.0199438,0.00847382,0.010289,0.0098974,0.001929,0.00248849
0.0140201,0.00652933,0.0084748,0.00251373,0.00142329,0.00187403
0.0104487,0.00577552,0.00522254,0.00277411,0.00195668,0.00129536
0.0116366,0.00449578,0.00641183,0.00353576,0.000745044,0.00245278
0.00961994,0.00670457,0.00409584,0.0069173,0.000667235,0.00131836
0.00570008,0.00400585,0.00305272,0.00447869,0.00110729,0.000742609
0.0195218,0.00815015,0.00752023,0.00734429,0.00367643,0.000321137
0.0225789,0.00821587,0.00905531,0.0103475,0.00395909,9.65471e-05
0.0306733,0.012976,0.0187004,0.041611,0.0124076,0.0260526
0.0341218,0.0182007,0.0262527,0.0295511,0.00601236,0.00450775
0.0313237,0.0207151,0.0128621,0.0140097,0.00318924,0.00210632
0.00519831,0.00315257,0.00220424,-3.80991e-05,0.000404962,1.9732e-05
0.0146628,0.00990989,0.00595431,0.00152377,0.000329044,0.000556196
0.011998,0.00807904,0.00411816,0.00698354,0.00220427,0.000903321
0.0157689,0.0109546,0.00491473,0.00364005,-0.000103711,0.00100642
0.00527153,0.00338123,0.00236016,0.00371548,0.00102424,0.000199506
0.0065791,0.00444808,0.00322639,0.00277558,0.00163234,0.0013952
0.0151664,0.00788877,0.00533743,0.0158445,0.00404198,0.00860002
0.014594,0.00783261,0.00503693,0.0151212,0.0030265,0.00698427
0.00748654,0.00528763,0.00295065,0.0043456,0.000549536,0.000607127
0.0143347,0.00980074,0.00449397,2.62735e-05,8.28619e-05,-5.82522e-05
0.00447905,0.00330469,0.00224026,0.00191567,0.000768824,-0.000153711
0.0149819,0.00690438,0.00740123,0.00658708,0.00195187,0.000553043
0.0269228,0.0120454,0.01301,0.0124344,0.00273512,0.00136556
0.0259938,0.0119423,0.0122872,0.0121903,0.00213377,0.00185631
0.00623827,0.00450917,0.00366905,0.00686864,0.000862506,0.000982687
0.0190024,0.0129469,0.00951275,0.0291548,0.00889672,0.0228485
0.00753583,0.0054501,0.00283354,0.00163267,0.000349172,-0.000144968
0.00647391,0.00433737,0.00244368,0.00523804,0.000217902,0.00116663
0.00493271,0.00328983,0.00217165,-0.000240272,0.000262906,0.000872079
0.00549443,0.00404434,0.00354657,0.00314662,0.00017866,-0.000219151
0.00747624,0.00437332,0.00485777,0.0103706,0.000727846,-0.000257505
0.00696947,0.0039195,0.00476638,0.00508991,0.000403462,-0.000221756
0.0222202,0.0126096,0.023118,0.040521,0.0110338,0.0202229
0.0173934,0.0106886,0.0183821,0.0270894,0.00524765,0.00816573
0.0161858,0.011276,0.00559231,0.0159512,0.00489237,0.0138085
0.0255404,0.0129084,0.0111028,0.0100341,0.00233008,-0.000231689
0.0204511,0.0107577,0.00719319,0.0122422,0.00192665,-7.47263e-06
0.0212956,0.0141599,0.0107507,0.00965759,0.00231303,0.00101426
0.0150104,0.0106332,0.00523979,0.00353149,0.000223323,0.00115213
0.00564691,0.00447557,0.00282659,0.00445786,0.000594573,-0.000672947
0.00734514,0.00496884,0.00302137,0.00197565,0.000562691,-0.000668252
0.0181699,0.00958752,0.00682245,0.00724498,0.00149412,0.00271265
0.0347344,0.0151164,0.0119999,0.0130112,0.00238126,0.00224885
0.0054599,0.0037576,0.00241037,0.00215641,-0.00019355,-0.000681309
0.0086182,0.00641663,0.00248142,0.00223298,0.000576777,-0.000137438
0.004313,0.00322019,0.00278221,0.00173681,0.000486739,0.0010804
0.00637956,0.00464818,0.00281983,0.00494188,0.000856315,0.000437532
0.0122768,0.00732737,0.00317468,0.00752301,0.00109092,0.000150983
0.0174754,0.00895349,0.00603819,0.0104419,0.0030182,0.00137585
0.0171121,0.00772439,0.00881399,0.00778141,0.00175238,0.00074624
0.0115788,0.00815508,0.00373343,0.00250799,0.000957577,-0.000677111
0.00662688,0.00503102,0.00271481,0.00478512,0.000711978,-0.00102772
0.0104562,0.00760513,0.00397182,0.00778694,0.00176424,0.000355978
0.0080185,0.0059104,0.00377935,0.00371104,-0.000391944,0.00210998
0.00498651,0.0034855,0.00275913,0.00305867,0.000833792,-0.000378607
0.00747985,0.00523408,0.00465664,0.00734733,0.00029598,0.00170377
0.014866,0.0104557,0.0114997,0.0128873,0.00132087,0.00099893
0.00797793,0.00569176,0.00346736,0.0044532,0.000309318,-0.000822755
0.012873,0.00565025,0.00461907,0.00719777,0.000648928,0.000595833
0.0127929,0.00564566,0.00465148,0.00935666,7.14658e-05,0.000283666
0.044584,0.0226213,0.0184072,0.0230293,0.00385331,0.0019991
0.0171926,0.0111992,0.00503169,0.00643809,0.00175496,0.000495865
0.00628578,0.00392942,0.00410894,0.0050176,0.000759697,0.00116303
0.038049,0.0187388,0.0135439,0.0183198,0.0031332,0.00114165
0.0236183,0.0164722,0.00715148,0.0108587,0.00131827,0.00179316
0.00965057,0.00506549,0.00497484,0.00200728,0.000295758,0.000458853
0.0243365,0.0146231,0.0123497,0.0160842,0.00459944,0.00204313
0.0117808,0.00521616,0.00426519,0.00139458,0.00101725,-0.00113006
0.00667896,0.00492624,0.00197849,8.1022e-05,0.000683787,-0.000808113
0.00748869,0.00550539,0.0054711,-0.0020573,-0.000280286,0.000548811
0.0054212,0.00375083,0.00270663,0.000574856,0.00109195,0.00149478
0.00545481,0.00409426,0.00282069,0.00604816,0.0012956,-0.000893593
0.0107454,0.00751653,0.00368477,0.00580256,-0.000808508,0.000593173
0.00393253,0.00304311,0.00372068,0.00592396,0.0016528,0.00127796
0.0272289,0.011224,0.0134054,0.00883367,0.00256832,0.00139503
0.0133316,0.00888857,0.00393754,0.00365715,0.00099285,0.00103579
0.0162358,0.00963548,0.00791807,0.00396743,0.000811212,0.000808725
0.0269724,0.0155634,0.0118262,0.0116388,0.00341639,0.00142053
0.0144161,0.00929635,0.00986406,0.0103474,0.00214414,-0.000574126
0.0129354,0.00898345,0.00826083,0.0116774,0.00142788,0.000814049
0.0128372,0.00872406,0.00657514,0.00850831,-1.80814e-05,0.000862625
0.0122834,0.00824983,0.00576802,0.00955078,0.00222035,-0.000803941
0.0178031,0.0122217,0.00501773,0.00674169,0.00186901,-0.00139844
0.00871613,0.00611193,0.00292673,0.00222777,0.000420262,-0.000905036
0.0119351,0.00813378,0.0057078,0.0014064,-5.81354e-05,0.000877115
0.00919877,0.00678433,0.00272551,0.000237898,0.00159013,0.000755196
0.0131964,0.00939571,0.0134808,0.0073764,-6.96579e-05,0.0014191
0.00798878,0.00539685,0.00200942,0.00806355,0.000510328,-3.86861e-06
0.00677859,0.00320587,0.00264704,0.000475974,0.000592534,0.00080894
0.0148845,0.00943803,0.00537202,0.00755623,0.00120578,0.00191205
0.0146294,0.00988686,0.00582955,0.00659264,0.00233969,0.00125941
0.0157135,0.010811,0.00512783,0.0103859,0.0025175,0.00642125
0.00540094,0.00400121,0.00184429,0.00413328,0.000734932,0.00138232
0.0104698,0.00714273,0.00464489,0.00539573,0.000621343,7.8886e-05
0.00935143,0.00650637,0.0037154,0.00729817,0.000861848,-0.000247928
0.00729701,0.00517858,0.00363005,0.0026015,0.00101172,0.00014281
0.0184575,0.0128372,0.00830026,0.00339383,0.000900571,0.0010428
0.0249816,0.0149198,0.0103457,0.0187828,0.0026597,0.000833161
0.0167445,0.0112517,0.00693056,0.0070687,0.00157031,0.00134989
0.0278625,0.0166336,0.0148125,0.0300882,0.00581335,0.00136565
0.0174196,0.0107502,0.00862972,0.0177893,0.00163016,0.000691845
0.00568455,0.00408163,0.00273259,-0.00189172,0.000349998,0.000243542
0.0320239,0.0189376,0.0150979,0.0165458,0.00293191,0.00142969
0.019359,0.010495,0.0139439,0.0176024,0.00475117,0.00349967
0.0411385,0.0248746,0.024743,0.0237742,0.00554194,0.00467109
0.0142447,0.00988768,0.00332968,0.00380227,0.0006797,-0.000174112
0.0116467,0.00773655,0.00616103,0.0113765,0.00208319,0.00188056
0.00570931,0.00436622,0.00304739,-0.000975147,-0.000329462,0.000265395
0.00480703,0.00350965,0.00221738,0.000489797,0.00079985,0.000219194
0.00812639,0.0056822,0.00321709,0.00271421,-0.000119837,-0.000415076
0.0385116,0.0251561,0.0139448,0.0237811,0.00364558,0.0037231
0.0168036,0.0094419,0.00601423,0.0055205,0.0018148,-3.58002e-05
0.0160005,0.00944834,0.00623173,0.00421594,0.000775924,-0.00050769
0.0187356,0.00824984,0.00855183,0.00591391,0.00131378,0.00218073
0.0224608,0.00817363,0.0161906,0.0231764,0.00517291,0.00365877
0.0155048,0.00849244,0.0225894,0.0304351,0.00605528,0.0038364
0.0245807,0.014199,0.0165944,0.0237744,0.00648352,0.0111597
0.00776561,0.0051609,0.00493361,0.00349913,0.000696349,-0.00019286
0.00691542,0.0051132,0.00443122,0.00168359,0.00147714,0.000609488
0.0159574,0.0107988,0.00589144,0.00864915,0.000864879,0.000530328
0.00905281,0.00675644,0.0038271,0.00344695,0.00121649,0.00154503
0.033335,0.0138449,0.0176083,0.0261851,0.00781298,0.0154424
0.0335568,0.0137339,0.0177986,0.0248325,0.00766475,0.0150029
0.00995914,0.00693927,0.00397366,0.00230456,0.00129511,0.000988891
0.00459362,0.00330248,0.00245851,0.00151092,-0.000860187,0.000728138
0.00814304,0.00560444,0.0038065,0.00682344,0.00108992,0.000828661
0.0124108,0.00849152,0.00423701,0.0075586,0.000553785,-0.000802158
0.0176272,0.00952298,0.00613483,0.00646203,0.00229169,-0.00172029
0.0176559,0.00945034,0.00666897,0.00411715,0.00219577,0.000319533
0.00784857,0.00550479,0.00435085,-0.00110357,0.000676301,0.00162437
0.0169809,0.0116912,0.00657893,0.0062678,0.00134087,0.00198686
0.00415519,0.0031197,0.00307793,0.00527042,0.000717861,-0.000110603
0.0133019,0.00747283,0.00585138,0.00971243,0.00113864,0.00118089
0.00727165,0.00477421,0.00300586,0.000309493,0.00111354,0.00210197
0.012302,0.00721223,0.0123028,0.0180738,0.00463301,0.0044033
0.0238206,0.0135487,0.0205151,0.0256327,0.00569615,0.00499045
0.0212333,0.0146757,0.0108802,0.0149313,0.00331268,0.0011064
0.0167365,0.00690053,0.00912537,0.00919117,0.00144877,0.00155892
0.0172346,0.00699469,0.00921231,0.0102142,0.00111283,0.00132909
0.00724907,0.00493669,0.00323339,-0.00117106,0.000629462,0.00047284
0.00812388,0.00591601,0.00365521,0.0052263,0.00157809,-0.000416702
0.0284501,0.0137421,0.0152727,0.0102739,0.00394547,0.00221677
0.00697683,0.00510605,0.00306058,-0.000592831,-0.000106577,-5.2646e-05
0.00802548,0.00542459,0.00514621,-0.00182241,0.000382532,-0.000503222
0.0133318,0.00910898,0.00494365,0.00886287,0.00108611,0.00149779
0.00697491,0.00427201,0.00393168,0.00416157,-0.000196025,-0.00079094
0.00578726,0.00406585,0.00332419,0.00152633,0.000576442,0.000124418
0.00431487,0.00344859,0.00470385,0.00550338,0.000838277,0.00138653
0.00734741,0.00497565,0.00440896,0.00298572,-0.000459546,0.00134676
0.0202298,0.0125285,0.00761197,0.0112212,0.000466605,0.00126765
0.0129578,0.00549425,0.0108137,0.012802,0.00109192,-0.000265735
0.010804,0.00764292,0.0057414,0.00689728,0.00126223,-0.00016355
0.00871976,0.00606818,0.00377842,0.00484252,-0.000199343,5.01105e-05
0.00633157,0.00460445,0.00248145,0.00445992,-0.000131549,-5.76765e-05
0.0118209,0.00833592,0.00516649,0.00400397,8.67075e-05,-0.000549853
0.0184941,0.00701001,0.0102706,0.0104239,0.000997851,0.00114879
0.0205461,0.00701657,0.0117418,0.0102923,0.00119698,0.00146857
0.00761948,0.00513266,0.00418115,0.00700514,-8.27635e-05,0.000521665
0.00636752,0.0045071,0.00380761,0.00627037,0.00169599,0.00597418
0.0136625,0.00782849,0.00660322,0.00430923,0.00102021,-0.000486465
0.00877973,0.00327932,0.00494961,0.00185436,0.000652919,-0.000223084
0.0155139,0.0105379,0.00725579,0.00353381,0.00165916,-0.000152867
0.00942876,0.00663166,0.00330798,0.00742969,-0.000196368,-0.000627963
0.0158729,0.0106539,0.00706542,0.0112298,0.00097106,-0.000544033
0.0123041,0.00860266,0.00541777,0.00323481,7.78162e-05,0.00107982
0.00743766,0.00536253,0.00346031,0.00220089,-0.000294573,0.000440149
0.00754834,0.00567609,0.00303668,0.00076688,0.000455707,7.71202e-06
0.00788877,0.00576314,0.001929,0.00453949,7.5261e-05,0.00091805
0.00804114,0.00543175,0.00421291,0.00294492,0.00157669,-0.000129388
0.00681336,0.00501644,0.00367823,0.00118407,0.000106761,-0.00021596
0.0102781,0.00750349,0.00379419,0.00162686,0.00171896,0.00222625
0.0218482,0.0124451,0.0132256,0.0120956,0.000843629,0.00334513
0.00478193,0.00377644,0.00245965,0.00384043,0.000727215,-0.000592506
0.00584729,0.0042264,0.00185695,-0.000526071,0.00069462,-0.000451396
0.0152556,0.0107359,0.00601264,0.00647343,0.000541482,-0.00111852
0.0209178,0.01431,0.00814348,0.00817881,0.00208235,0.000584735
0.014706,0.0102182,0.00300352,0.00460593,0.00244154,-0.00108839
0.0361413,0.0149621,0.0132173,0.0190098,0.00347973,0.00293363
0.0287322,0.0149612,0.0104582,0.0145719,0.0021168,0.00294337
0.0050123,0.00324322,0.00332308,-0.000390754,-0.000142636,-0.000598819
0.0053038,0.00332666,0.00255601,0.00283894,-0.000629938,-0.000380767
0.00941693,0.0048202,0.00383767,0.00798941,0.000889675,0.000936697
0.0211008,0.0135006,0.00626535,0.010788,0.00124987,0.00204287
0.0176982,0.00480448,0.00650851,0.00811872,0.00201631,-1.76502e-05
0.0166056,0.00523013,0.00950409,0.0107886,0.00314395,-2.13506e-05
0.00973484,0.00529078,0.00690939,0.00699999,0.00232082,0.000163657
0.0314927,0.0172961,0.0199814,0.0186413,0.0033963,0.00147163
0.015877,0.0111543,0.00882644,0.00997561,0.00204876,0.00172986
0.020802,0.0141054,0.00625317,0.00817636,0.0025451,0.00176232
0.00803059,0.00571674,0.00204093,0.00489408,0.00107241,0.00159194
0.011492,0.00807547,0.00422924,0.00393998,0.000189806,0.000214356
0.0263768,0.0153818,0.00899899,0.0155238,0.00260943,0.00229368
0.005704,0.0032805,0.00311876,0.00107603,0.000794981,-0.000211101
0.0225573,0.0159311,0.00781326,0.00969515,0.00136622,0.000511872
0.00688983,0.00507642,0.0041303,0.00273675,0.00165974,-5.08498e-05
0.0132676,0.00818175,0.00913813,0.0148061,0.00215804,0.00136855
0.0105583,0.00699307,0.00652495,0.0139415,0.00119214,0.000814843
0.00750263,0.00507438,0.00305459,0.00135177,-9.29951e-05,-0.000853444
0.013427,0.0094498,0.00339684,0.00707053,0.00225389,0.00515611
0.017971,0.0120305,0.00785203,0.0113148,0.0017971,0.000850534
0.00503931,0.00313399,0.00407882,0.00527631,0.000434325,-0.000936311
0.0059711,0.00432611,0.0017777,-0.000714725,0.00023571,-0.000675913
0.0112476,0.00789378,0.00356083,0.00358286,0.000854356,0.000477222
0.0234999,0.0136046,0.0152466,0.015464,0.00351627,0.000676114
0.00778357,0.00560269,0.0022581,0.00122706,0.00043722,0.000699297
0.00850506,0.00587841,0.00469733,0.00446847,0.00139348,0.00266789
0.0485006,0.0251289,0.0340721,0.0496993,0.0102457,0.00517189
0.0110611,0.00654322,0.00494171,0.00389894,0.000351013,0.000673592
0.0168948,0.0105283,0.00620964,0.00224846,0.000866971,0.000219924
0.00650933,0.00481389,0.00343998,0.0018231,-4.71822e-05,-0.000405237
0.01717,0.0116045,0.00667694,0.0105994,0.00186304,0.00118084
0.0167362,0.0117677,0.00973685,0.0125604,0.00270862,0.0013882
0.0129622,0.00900221,0.00316348,0.00379666,0.00118629,0.00075912
0.0136257,0.00871735,0.00360689,0.0119686,0.0015702,-0.00100237
0.0114993,0.00601199,0.00363949,0.00397014,0.000407698,0.000154547
0.00874394,0.00651581,0.00397441,0.00449782,0.000579179,0.000567176
0.0208025,0.0143623,0.00974103,0.0260988,0.00774906,0.0106076
0.0128888,0.00933245,0.0100415,0.0113698,0.00140109,0.00175031
0.00478079,0.00374686,0.00481577,0.0197063,0.00699643,0.0166035
0.00863024,0.00606804,0.00273847,0.00534122,-0.000231529,0.000572912
0.00420064,0.00349647,0.00252605,-0.00114259,-0.000281549,-0.00107563
0.0107858,0.00757897,0.00435338,0.00814674,0.000790395,0.00120682
0.00744299,0.00516462,0.00269818,0.00218503,0.000138428,0.00019346
0.0132856,0.00892986,0.00759577,0.00563563,0.00137169,0.00104963
0.0133661,0.0093364,0.00673677,0.0112812,0.00101236,-0.00086603
0.0045685,0.00371594,0.0020457,0.00246841,-0.000192625,-0.000984003
0.00552123,0.00368465,0.00391887,0.0028807,0.00147655,0.000174416
0.00601497,0.00447719,0.00259739,-0.000275934,0.00116968,-0.000599763
0.0106845,0.0045901,0.00664122,0.00877574,0.00179611,0.000409461
0.0109746,0.00460747,0.00671592,0.00678238,0.00163672,0.00160773
0.0100497,0.00729767,0.00204267,0.00331437,0.00109979,-0.000978252
0.01272,0.00873839,0.00350971,0.00528106,0.00165664,0.000862154
0.0107472,0.00732926,0.0051957,-0.000928648,0.00106058,-1.65663e-05
0.0256394,0.0118332,0.0104898,0.0117284,0.00149468,0.000494242
0.0196189,0.0118428,0.00787555,0.00751028,0.000540182,0.000184222
0.017758,0.0124618,0.00735809,0.00353959,0.000379108,0.00108503
0.0137139,0.00995123,0.0056875,0.00728304,0.0012679,0.00129331
0.0174121,0.0109484,0.00503574,0.0131592,0.00251007,0.00314246
0.012215,0.00652418,0.00442378,0.0143291,0.00581359,0.0111195
0.0210284,0.0140039,0.0112181,0.00889976,0.000880841,0.000135301
0.00401021,0.00318951,0.00244684,0.00417803,0.00080261,-4.81507e-05
0.00416293,0.00311659,0.00248567,-0.000230473,-0.000152596,0.000973075
0.0234267,0.0151803,0.0122225,0.01964,0.00641022,0.00898416
0.0165897,0.0067268,0.0107164,0.0145011,0.00268876,0.00260246
0.0188338,0.00956729,0.0148864,0.0196506,0.00354477,0.00176544
0.006007,0.00436528,0.0032066,0.000385125,0.000356764,0.000539823
0.0142167,0.00988627,0.00413818,0.00329326,0.000394209,-0.000331933
0.0076963,0.00591362,0.00354308,4.13287e-05,2.19482e-05,0.000617431
0.00546173,0.0035482,0.00249619,0.000469257,-0.000604064,-0.000166556
0.0266094,0.0179831,0.00870782,0.0170012,0.00274183,0.00142649
0.00437108,0.00327738,0.00232576,-0.000466279,0.000704661,0.000289998
0.0131632,0.00946888,0.00551078,0.0115784,0.00203329,0.000732972
0.0187038,0.0132181,0.00533578,0.00403415,0.00114016,0.000269171
0.00940491,0.00684038,0.00365426,0.00504311,0.000156443,0.00124718
0.00476681,0.00333335,0.0025085,0.00224043,-0.000684022,0.0011566
0.0101353,0.00738902,0.00600118,0.000183594,2.29987e-05,-5.21309e-05
0.0100903,0.00672501,0.0047632,-0.00218713,0.000703544,0.00148061
0.0127544,0.00615258,0.0074464,0.00644343,0.0014463,0.00113681
0.0118226,0.00752182,0.00522009,0.0136568,0.00177932,0.000970879
0.042402,0.0210388,0.0406686,0.0468411,0.00982166,0.00634989
0.0329755,0.0173477,0.0117102,0.0167793,0.0022635,0.00131741
0.0040963,0.00313952,0.00127099,-0.00129343,0.000326523,-0.000471929
0.00768453,0.00397837,0.00354616,0.00602104,0.000829753,0.00298612
0.0115946,0.0068496,0.00438123,0.00347935,0.000652058,0.00242599
0.0108548,0.00756581,0.00597708,0.0032754,0.00130162,0.000387395
0.00594056,0.00443943,0.00462511,0.00119285,0.000242174,0.00110285
0.00455166,0.00342824,0.00480025,0.00279134,-0.000365016,-2.4775e-05
0.0120761,0.00796412,0.00438836,0.00605392,0.000744217,-0.00169843
0.00815959,0.00593739,0.00390076,0.00251782,0.000152624,0.00030188
0.0154465,0.00941293,0.0125117,0.0152938,0.00398488,0.00203038
0.0172255,0.0093911,0.0129495,0.0171213,0.00303318,0.00182089
0.0212413,0.0105386,0.00717309,0.00892822,0.000882595,-0.000163777
0.012049,0.00695728,0.00709608,0.0165557,0.00370169,0.00135248
0.0154546,0.00910889,0.00916683,0.015722,0.00348888,0.00120244
0.0179543,0.0107064,0.00570215,0.00283808,0.00137004,-2.66505e-05
0.00960315,0.00383304,0.00603034,0.00574897,0.000660455,0.00105052
0.0146222,0.00475102,0.00838564,0.0114287,0.000993699,0.00113658
0.0106984,0.00512404,0.00496178,0.00359701,-0.000131868,0.000828207
0.0340393,0.0146371,0.0138526,0.0176,0.00433334,0.00171355
0.0266798,0.0131213,0.0137083,0.0141115,0.00291161,0.00205399
0.00701673,0.00395804,0.00524146,0.0161246,0.00413414,0.00371263
0.040821,0.0238258,0.0184328,0.0130171,0.00452391,0.00133046
0.00505202,0.00361961,0.00282752,0.00114921,0.000408832,0.000798655
0.0096251,0.00465789,0.00585309,0.00390262,0.00102331,0.000713694
0.00584747,0.00409816,0.00567276,0.00619263,0.00253849,-0.000589673
0.0163794,0.0108195,0.00516806,0.0108802,0.00220411,-0.000152885
0.0140771,0.0102621,0.00614174,0.0103404,0.0017574,0.000691266
0.00537439,0.00413922,0.00226846,-0.000557623,-0.000478633,-0.00028134
0.00818335,0.0059813,0.00298279,0.00294454,0.00151109,0.00137584
0.0109012,0.007831,0.00501921,0.0140237,0.00422067,0.0099417
0.00420559,0.00331946,0.00262222,0.00250622,0.000263455,-4.8861e-05
0.00444118,0.00312562,0.00214142,0.000456272,-0.000359989,1.53574e-05
0.0135049,0.00854663,0.0182958,0.0328767,0.00721524,0.00115854
0.0175928,0.0105403,0.0289949,0.0424883,0.00827319,0.00240005
0.006133,0.00470485,0.00382837,0.00288958,0.00107995,-0.00163531
0.0165737,0.01172,0.00601035,0.0109514,3.84041e-05,0.00166393
0.00490799,0.00347549,0.00288311,0.000764786,-0.000172849,-0.00111176
0.0127446,0.00905862,0.00468992,0.0122204,0.00175954,0.00123754
0.0251978,0.0140012,0.00904665,0.015121,0.00293669,0.00166221
0.0128688,0.00829193,0.00662238,0.00863051,0.00136877,0.000722722
0.0171636,0.00927889,0.00816432,0.00700047,0.00164762,0.00117499
0.00933082,0.0066556,0.00463073,0.00589565,-0.000135418,0.000580071
0.0056585,0.00352727,0.00418366,0.00452512,0.000255837,-0.000776544
0.0128621,0.0084796,0.00676067,0.0032904,6.21431e-06,0.00178232
0.0118922,0.00598024,0.00505883,0.00234352,0.000782538,0.00119186
0.00914987,0.00678442,0.0035179,0.00137165,0.000265242,0.000658691
0.0220162,0.013819,0.00912836,0.00904562,0.0015456,-0.000708399
0.00687835,0.0050978,0.00300885,0.0013173,4.7511e-05,7.81799e-05
0.00894536,0.00484174,0.00893691,0.00376761,0.00150867,0.000670877
0.0200617,0.00988584,0.00538248,0.0100652,0.00153411,0.00170702
0.0205656,0.00980915,0.00541405,0.01128,0.000638692,0.00119266
0.0186469,0.0131491,0.00382133,0.00400476,0.00102731,-8.3457e-05
0.00541622,0.00394185,0.00149874,0.00276814,0.00160459,-0.000411435
0.00688431,0.00515601,0.00303567,0.00776415,0.000376568,0.000127606
0.0202617,0.0142646,0.00956851,0.013975,0.00189769,0.00153657
0.0045439,0.00355183,0.0025632,0.00939174,-0.000192092,0.000249545
0.0253666,0.0133072,0.0111181,0.0178636,0.00410091,0.00168375
0.005845,0.00452487,0.00333872,0.0010141,-0.000316112,0.00010344
0.0295744,0.0120057,0.0111379,0.0181037,0.00340253,0.00168813
0.0167979,0.0102904,0.00666239,0.0102483,0.00180944,0.000849379
0.0195939,0.00997303,0.00807364,0.00804701,0.00178858,0.000327727
0.0202915,0.00994665,0.00810917,0.00973837,0.00104424,0.000249076
0.0121341,0.00844254,0.0036195,0.00590062,0.000831579,0.000915171
0.00879803,0.0061687,0.00349441,0.00144356,0.00104829,0.000171756
0.00437642,0.00298491,0.00281506,0.000990332,0.000209601,-0.000574263
0.00555613,0.0042294,0.00217988,0.000243391,0.000539912,-0.000620456
0.0103377,0.00584104,0.00482281,0.00191865,0.000414645,6.24308e-05
0.0162807,0.010981,0.00443991,0.00942408,0.00131155,0.000563175
0.00930689,0.00561518,0.00408086,0.00343673,0.00138694,-0.000423357
0.0281785,0.0110203,0.00957186,0.0125173,0.00233624,0.00408185
0.0272756,0.01107,0.00956746,0.012499,0.00172801,0.00412679
0.00560112,0.00439216,0.00362863,0.00363982,0.000114817,0.000367866
0.0110102,0.00780307,0.00509603,0.00284784,0.000374793,-0.000496833
0.0113056,0.00793061,0.00574934,0.00572645,0.00185525,5.85222e-05
0.0165643,0.0117626,0.0045676,0.00627296,0.000664966,0.00261786
0.00795246,0.00568031,0.00410879,0.00735143,0.00161958,-0.000120299
0.0185258,0.0128749,0.0140832,0.0155681,0.00204649,0.0024618
0.0174054,0.00840667,0.00668074,0.00377242,0.000921136,-0.000774119
0.0171322,0.00784743,0.00616006,0.00824054,0.000963839,-0.00131897
0.00546319,0.00388479,0.00215946,0.00247347,0.000224031,-0.000301397
0.00517306,0.00417558,0.00293744,0.00196505,-0.000819146,0.00158263
0.0206943,0.0136497,0.0314558,0.0805236,0.0195908,0.0270429
0.0155812,0.00757946,0.00518675,0.0047827,0.00116565,-0.000279805
0.00490531,0.00326644,0.00262128,0.00148905,0.000731341,-0.000909648
0.0174851,0.00755195,0.00741124,0.010574,0.00288933,0.00114864
0.0176748,0.00905849,0.00680894,0.00698051,0.00197761,0.00200684
0.00580005,0.00418232,0.00387443,0.000134894,-0.000356762,-0.000420728
0.0298897,0.0179496,0.0236532,0.0264455,0.00580303,0.00448586
0.0085001,0.00561089,0.0113014,0.0201291,0.00307639,0.00105037
0.00467174,0.00334374,0.0039983,0.00399266,0.000677205,-0.000481734
0.00815681,0.00592089,0.00263316,0.00560077,0.000490667,0.000123208
0.00604014,0.00393843,0.00272491,0.00351168,0.000241747,-8.76556e-05
0.0141261,0.00831738,0.00799186,0.00811471,0.00153593,0.000298066
0.0124941,0.00865991,0.00436592,0.00584549,0.000853966,0.000353146
0.00566305,0.00411258,0.0033074,0.00388398,0.000125271,0.000337149
0.00896642,0.00634209,0.00688011,0.0105274,0.000293837,-0.00107679
0.0244102,0.0165758,0.00945025,0.00714387,0.000436759,0.00313386
0.00576452,0.00426993,0.00267414,0.00409693,-0.000195312,8.27049e-06
0.00629802,0.00452874,0.00298788,0.00284336,-0.000434792,-0.00120144
0.00466266,0.0035484,0.00252257,0.000321789,0.000761836,0.000522721
0.0126338,0.00901291,0.00620227,0.00821418,0.00134145,-0.00132843
0.0094975,0.00677709,0.00496164,0.00583842,0.00167589,0.000544474
0.00990483,0.00412638,0.00597619,0.00519122,0.00166281,0.000680667
0.00880121,0.0040742,0.00566938,0.00354066,0.00130888,0.000668194
0.0136099,0.00683804,0.00649055,0.00796432,0.00118759,0.0015027
0.00972465,0.00423901,0.00550935,0.00599523,0.00146387,0.000835698
0.0148643,0.00699253,0.00636693,0.0074403,0.00132225,0.000539433
0.0145271,0.00685665,0.00624632,0.00743736,0.00151421,0.000645043
0.017309,0.0112656,0.0213662,0.0344569,0.00656207,0.00584372
0.00945421,0.00432725,0.00483318,0.00687757,0.000259175,0.000625894
0.0134,0.00895231,0.00699379,0.00533079,0.00012904,0.00111636
0.0328646,0.0221787,0.010989,0.0147812,0.00279664,0.00111494
0.0213329,0.0130263,0.0169106,0.034915,0.0074554,0.00980816
0.0144865,0.00601179,0.0139034,0.0294509,0.00493357,0.00319801
0.006078,0.004456,0.00301098,0.00216673,-2.37417e-05,-0.000577478
0.00938448,0.00662941,0.00346275,0.00384623,0.00224065,0.00558405
0.00719564,0.00417142,0.00274501,0.00280295,0.000523239,0.000740746
0.0101499,0.00731512,0.00372571,0.0014043,0.00160551,-4.27158e-05
0.0112867,0.00803781,0.00523916,0.000989976,0.000833665,3.07228e-05
0.0131801,0.0088615,0.00367747,0.00425452,0.000791661,0.00142919
0.0089538,0.0063304,0.00376026,0.00588152,0.000688264,-0.000993906
0.0181563,0.0123093,0.00560026,0.00696424,0.00207789,0.000648831
0.00968285,0.00681987,0.003673,0.00296132,0.00141733,-0.000733011
0.0064485,0.00476821,0.00306766,0.00316422,0.000984931,-0.000173348
0.0131834,0.00650667,0.00678286,0.00659875,0.00111994,0.0010063
0.00961179,0.00656055,0.00735571,0.00799571,0.00210487,0.000202138
0.0133311,0.0093052,0.0115642,0.0133776,0.00325313,0.00223908
0.0148125,0.0102586,0.00939976,0.0082639,0.00208264,0.000667194
0.0128337,0.00618077,0.00634743,0.0071669,0.000734568,0.00120717
0.0122437,0.00633173,0.00619558,0.0109173,0.000476813,0.00180981
0.0177156,0.0117084,0.0103546,0.0173073,0.00544684,0.00929976
0.0106555,0.00435486,0.00787954,0.00442439,0.00176772,0.000942483
0.00803214,0.00625375,0.00317257,0.00162703,0.000285397,0.000503457
0.0282008,0.0137769,0.0101211,0.0183476,0.00466044,0.00131523
0.00993693,0.00728812,0.00401862,0.00622825,0.00108237,0.000351255
0.0106199,0.00797756,0.00269643,0.00478479,0.000521448,-0.000712379
0.00696678,0.00490654,0.00385507,0.00277238,0.000370003,0.000157037
0.00970125,0.0069186,0.00434001,0.00684851,0.00106377,0.00122597
0.00803301,0.00596363,0.00541712,0.00629387,0.000828099,1.73704e-05
0.00831496,0.00585956,0.00235389,0.00357364,0.000638059,-0.000377648
0.00597069,0.00443892,0.00248426,0.00264019,7.78984e-05,0.00051684
0.00428744,0.00350663,0.001684,0.00364163,0.000217082,-0.00113042
0.00942312,0.00666201,0.00534035,0.00877972,0.00248053,-9.76515e-05
0.00615347,0.00479763,0.00357241,0.00292585,0.00069636,-0.000548458
0.0184849,0.0124538,0.0110232,0.0110703,0.00232032,0.00236608
0.0123288,0.00517955,0.00674273,0.01099,0.00144511,0.00116273
0.0114733,0.00600848,0.00466732,0.00428955,0.000827935,0.00106394
0.012439,0.00821055,0.00448978,0.00783537,0.00182817,0.000262119
0.0100536,0.00609102,0.00727721,0.0137026,0.00190262,0.00190641
0.00623879,0.00396846,0.0032196,0.00294136,-0.000308915,0.00105632
0.00678499,0.00513643,0.00284199,0.00403625,6.80472e-05,-0.000641109
0.0225326,0.0124661,0.0132759,0.00679752,0.000671606,0.00074252
0.00507857,0.00410498,0.0023978,0.00344593,-5.02151e-05,-0.000522209
0.0195631,0.013351,0.00657592,0.0123261,0.00193513,0.00128184
0.00944976,0.00396502,0.00522583,0.0058985,-0.000822605,3.18063e-05
0.00716215,0.00503816,0.00422782,0.00719587,0.0016248,0.000663437
0.0237036,0.00842622,0.00921227,0.0156199,0.00212028,0.000923407
0.0230542,0.00843207,0.00875836,0.0144365,0.00141466,0.00105971
0.00403209,0.00317596,0.00535209,0.00404158,0.000375805,0.000220833
0.0102416,0.00515793,0.00448918,0.0192525,0.0049653,0.0116454
0.0146811,0.0081208,0.00545397,0.0108509,0.00221818,0.00405438
0.0279534,0.0186559,0.00723437,0.0144175,0.00288514,-0.000212981
0.00614417,0.00435895,0.00326649,0.00295873,0.000380334,0.000175478
0.00943246,0.00713073,0.00401728,-0.000561276,0.000421995,0.000593264
0.00488476,0.00352525,0.00259565,-0.000251881,0.000259724,-0.000958675
0.00978443,0.00600725,0.00593484,0.00938417,0.00114011,0.000690698
0.0067294,0.00478498,0.00247887,0.00438308,0.001351,-0.0010492
0.00438263,0.00310388,0.0022255,0.00164215,-0.000590152,-0.000364318
0.00411474,0.0032722,0.00251547,-0.00151764,-0.000499792,0.00116517
0.00834055,0.00590575,0.00363222,0.00108136,0.00161859,-0.000145322
0.00868709,0.00618312,0.00435429,0.000817645,0.000733241,0.000765796
0.00421949,0.00320755,0.00173446,0.00483281,4.5326e-05,0.00110258
0.0124565,0.00816547,0.00646841,0.00503523,0.00253517,0.00261734
0.0209596,0.00853612,0.011936,0.0139662,0.00371667,0.000281171
0.0061116,0.00420079,0.00276959,0.00916942,0.00174491,-3.69394e-05
0.00789891,0.00558202,0.00210427,0.00318996,0.00103371,0.000800187
0.00550836,0.00411105,0.00253455,0.000834383,-0.00105795,0.000864354
0.0180302,0.0126037,0.00679784,0.00593645,0.00122134,0.000744725
0.00469994,0.00374346,0.0035937,0.00289891,0.000114413,-0.00110028
0.0424485,0.0148404,0.0166397,0.0206456,0.00428093,0.00284762
0.0166554,0.0107017,0.00646515,0.00613156,0.00194012,0.00126402
0.0136658,0.00778841,0.00927397,0.00748144,0.00160976,0.0011281
0.0190337,0.0126283,0.00963714,0.0138567,0.00302499,0.00383295
0.0101619,0.00721963,0.00238058,0.00287512,0.000497947,-0.0013303
0.00731314,0.00391526,0.00453442,0.00390562,0.000705906,0.00130415
0.00744176,0.00349327,0.00428161,0.00307114,-3.06327e-05,-0.000650412
0.00673336,0.0050573,0.00465462,0.00733448,0.000816291,-8.03532e-05
0.00908159,0.00654493,0.00416235,0.00319476,-2.70366e-05,0.000191842
0.0067693,0.00485678,0.00265672,0,4.17997e-06,0.000970636
0.0216401,0.012845,0.00875153,0.0130404,0.00282915,0.00171641
0.0192864,0.0126875,0.00737066,0.0113536,0.000964019,0.00129568
0.00513918,0.00387627,0.00183931,0.00222591,8.99953e-05,-0.000169102
0.0148888,0.00981411,0.00691528,0.00766259,0.00171262,0.00083248
0.0079903,0.00380137,0.00312584,0.000965207,2.23658e-05,0.000215503
0.0115103,0.00648736,0.0040134,0.0014274,0.00079654,-0.00016862
0.0159411,0.0112832,0.00480905,0.0104091,0.000490523,0.000883148
0.0100839,0.00678789,0.00433289,0.00116885,0.00100788,0.00110232
0.0168111,0.00809566,0.00776941,0.00563341,0.000744789,0.000757415
0.0162732,0.00805954,0.00739527,0.00475925,0.000398715,0.00082543
0.0100279,0.00531072,0.00594692,0.00883549,0.000115632,0.0011428
0.0169485,0.00640779,0.0110425,0.0131526,0.00133487,0.000838024
0.00864433,0.00330019,0.00621184,0.0051084,0.000290253,0.000521925
0.00918238,0.00666338,0.00489608,0.00273029,0.000196876,0.000210461
0.00545417,0.00308514,0.00326867,0.00150897,0.00165799,0.00021833
0.0194085,0.0076815,0.00909675,0.00891628,0.00231453,0.000328515
0.0185858,0.00772214,0.00762148,0.00919205,0.00244869,-0.000214609
0.0321736,0.0203626,0.0182841,0.0223613,0.00495985,0.00317636
0.0123886,0.00572214,0.00523501,0.00566185,0.000845746,-0.000414191
0.0106247,0.00756167,0.00481623,0.00965441,0.00098599,0.00328476
0.029805,0.0197259,0.0578463,0.0749803,0.0155352,0.00893607
0.00722861,0.00413039,0.00280835,0.00353939,0.00135164,0.00102951
0.00447587,0.00369672,0.00282105,0.00479357,0.000581798,0.00245334
0.0146757,0.0108376,0.00581684,0.0036609,0.00102536,-0.000491979
0.0175422,0.0108797,0.00583459,0.00424826,0.00165929,-0.000211372
0.0176485,0.0123978,0.00601014,0.0119408,0.00242343,-0.000112606
0.00540968,0.00408505,0.00293792,-2.98067e-05,-0.000398059,0.000116462
0.0103561,0.0071479,0.00445936,0.00718037,0.0024172,0.00637382
0.00778266,0.00565178,0.0156543,0.00935155,0.00287555,0.000437664
0.00852934,0.00474882,0.0035127,0.0039404,0.000550259,-0.00034701
0.0250635,0.0153072,0.0144648,0.0112844,0.00389095,0.00203086
0.00678167,0.00486909,0.00422698,0.00315952,0.000651911,0.000283246
0.0107795,0.00756612,0.00722212,0.000975248,0.00163571,0.000679731
0.00881353,0.00568919,0.00525836,0.00374071,-0.000409329,0.000328128
0.00916054,0.00403137,0.00382777,0.0071821,0.00132117,9.45593e-05
0.00879287,0.00429197,0.00320217,0.00539748,0.000519048,0.000517717
0.0122918,0.00625198,0.0056341,0.0125309,0.00110396,0.000721152
0.0122694,0.00623012,0.00554773,0.0114196,0.0012949,0.000353829
0.0150596,0.0106192,0.00488905,0.00986625,0.00056683,-0.000249104
0.0137229,0.00784849,0.00857093,0.00658441,0.00190657,0.00264403
0.0654424,0.0250476,0.0284008,0.035155,0.00764495,0.00608181
0.0649318,0.0249523,0.0281949,0.0348262,0.00634915,0.00744199
0.0119944,0.00851119,0.0037898,0.00293115,0.000144965,0.000850558
0.0113109,0.00763016,0.00487119,0.0115396,0.0011473,0.000963832
0.0130153,0.00758544,0.00498515,0.00811443,0.000779529,0.00044058
0.00711687,0.00369426,0.00381329,0.00213678,0.000917085,-0.00137956
0.00942419,0.00558184,0.00435046,0.00400096,0.00130348,0.000196928
0.0125146,0.00774404,0.00379629,0.00167968,0.000757198,0.00193953
0.0147485,0.00991007,0.00754424,0.00776436,0.00240358,0.00105414
0.0112279,0.00771994,0.00346376,0.00465493,0.000915408,-0.000746275
0.0110951,0.00808525,0.00664757,0.0047139,0.00047781,0.000678552
0.00558604,0.00408693,0.0017586,0.00523896,-0.000705909,0.000490189
0.0222085,0.0116097,0.0106526,0.0192585,0.00428021,0.0115627
0.0201028,0.0106382,0.00947635,0.0182627,0.00299892,0.0120396
0.015931,0.0115201,0.00522707,0.0036427,0.00120253,0.00134993
0.0387647,0.0251955,0.0273802,0.0704501,0.0240321,0.0499309
0.0251932,0.0164221,0.0104824,0.0130074,0.002434,-0.000101578
0.0208503,0.00825967,0.0104838,0.0122215,0.00251083,0.000619361
0.0207488,0.00808991,0.0100771,0.0103324,0.00179531,0.00020067
0.0278571,0.0122157,0.0121025,0.00507894,0.00189984,0.000363465
0.0281642,0.0122057,0.0122918,0.00894269,0.000530681,0.00031049
0.00852069,0.00600773,0.00290268,0.0129955,0.00281621,0.00610243
0.0112766,0.00784709,0.00429867,0.00268669,0.000505286,0.000755047
0.0140407,0.00891446,0.00660332,0.00336299,0.00218421,-4.43877e-05
0.00432708,0.00326362,0.00181136,-0.00294401,0.000124849,-0.00124086
0.00566608,0.00419985,0.00292295,0.00437447,-0.000990501,-0.000179058
0.0122908,0.00881968,0.00358515,0.00589958,0.00132222,0.000240254
0.0275824,0.0179439,0.0140487,0.0160679,0.00185246,-7.91356e-06
0.011709,0.00545452,0.00475605,0.0246493,0.012453,0.0343417
0.0108304,0.00373706,0.00478885,0.0131201,0.00260109,0.0103201
0.0103607,0.00740768,0.00315592,0.00538616,0.00066026,0.00084091
0.0125699,0.00882144,0.0060387,0.00550662,0.00159104,0.000729452
0.00447507,0.00343319,0.00143144,0.00266061,0.000272689,0.000630898
0.00777777,0.00571171,0.00408405,0.000992907,0.00100959,8.55792e-05
0.0254347,0.0173035,0.00901386,0.0106486,0.0013356,-0.000210331
0.00500354,0.00384049,0.00368999,0.0013111,-0.000127762,0.000148197
0.0099719,0.00737658,0.00420529,0.00351036,0.000464899,0.000436093
0.00598513,0.004535,0.00153494,0.000605588,7.12091e-05,-0.000543347
0.012888,0.00870873,0.00518551,0.00620364,0.001357,0.000577557
0.00965752,0.00674621,0.00444584,0.00908555,0.00314557,0.00745197
0.0110688,0.0076015,0.00414621,0.0075249,0.000947353,0.00038655
0.0081282,0.00562077,0.00603591,0.0021585,3.47095e-05,0.00115032
0.0103174,0.00722471,0.00661893,0.00237892,0.00132734,-0.000190756
0.0200421,0.0140964,0.00557821,0.00964162,0.000350938,-0.000423687
0.00812471,0.00580211,0.0030282,0.00287022,0.000951172,0.00126268
0.026676,0.0168754,0.0159157,0.0184933,0.00231348,0.00174134
0.0110913,0.00605049,0.00693259,0.00253031,0.000376517,0.00122683
0.00397438,0.00308865,0.00233372,-0.00303224,0.00015645,0.000483225
0.0122599,0.00867617,0.00564937,0.00987225,0.00390291,0.00122382
0.00745491,0.00583491,0.00360514,0.0037594,-0.000595496,-2.13912e-05
0.0144161,0.00668832,0.00555524,0.00340136,0.0022598,7.06545e-05
0.0148207,0.00625207,0.00540957,0.00201727,0.0013771,0.000330198
0.00858497,0.00567867,0.00614599,0.00918531,0.00211677,0.0019105
0.0101477,0.0060542,0.00631946,0.00597818,0.000872587,-7.31206e-05
0.00926233,0.00577442,0.00601432,0.00327914,0.000946974,0.000184729
0.00511937,0.00393328,0.00227993,0.00145169,0.00135604,0.000195621
0.0128937,0.00920555,0.00377814,0.0095029,0.00298535,0.000503029
0.00611367,0.00482774,0.00302638,0.00445713,0.000997295,0.000310722
0.0203806,0.0142751,0.00719642,0.00987281,0.000926707,4.53919e-06
0.00843517,0.0060567,0.00516765,0.00932117,0.00184959,0.00249418
0.0286347,0.0149477,0.020328,0.0408709,0.0104869,0.0133515
0.0216907,0.00907545,0.0103248,0.0267871,0.00824509,0.0134707
0.012715,0.0071428,0.00653364,0.00794337,0.00139205,0.00122332
0.0178803,0.00775391,0.00752891,0.00672498,0.0022083,0.00304021
0.0218588,0.0119888,0.00521782,0.0108128,0.0022412,0.00173923
0.0103318,0.00547676,0.00326974,0.00476075,-0.000153124,0.000216086
0.00535954,0.00401741,0.000970231,-0.000640188,0.000896397,0.000260324
0.00825898,0.00546973,0.00428329,0.00455428,0.00071785,0.0012113
0.00686626,0.00442993,0.0035185,0.00306224,-0.00047348,2.80492e-05
0.0196794,0.00959829,0.00710014,0.00960792,0.00253672,0.00156385
0.020762,0.00999499,0.0085325,0.010456,0.00301487,0.00237086
0.0117142,0.00846666,0.00894265,0.0129429,0.00185727,0.000751836
0.0131984,0.00738645,0.00812381,0.00865386,0.00326815,0.0043958
0.0192536,0.00645201,0.0091948,0.0145245,0.00627607,0.0147722
0.00788346,0.00435315,0.00354114,0.00226569,0.000826633,0.000220844
0.0121897,0.00797023,0.00435689,0.00589067,0.000713561,0.00107051
0.00986313,0.00673666,0.00505007,0.0101447,0.000152239,-0.000296879
0.0143436,0.0101656,0.00456485,0.0103542,0.00215078,-0.00115317
0.00616261,0.00450678,0.00262464,0.00588195,0.000262717,0.00072146
0.0137215,0.0096668,0.00545521,0.00619969,0.00154706,-0.00071077
0.0116795,0.00814143,0.00330599,0.00215296,0.00047709,-9.90808e-06
0.00510955,0.00335013,0.00432039,0.00559599,0.0001947,0.000878781
0.00479759,0.00338565,0.00188178,0.00226043,-0.000193516,0.000692319
0.00774471,0.00568772,0.00331535,0.0093098,0.000584858,0.000932347
0.0204823,0.0139224,0.00588543,0.0126713,0.00222578,0.00204332
0.00560373,0.00380977,0.00255092,0.00360914,0.000178586,0.000801075
0.00731935,0.00510231,0.0039223,0.0063353,-7.22353e-06,-0.000929434
0.0105387,0.00694082,0.00320044,0.00885612,0.000392897,0.00164558
0.0210036,0.012553,0.0079939,0.0141879,0.00325506,0.00159471
0.0096501,0.00663704,0.00281096,0.00423446,0.000347803,0.0016304
0.00624461,0.00484226,0.00268885,0.00381551,0.000193691,7.99924e-06
0.015402,0.010467,0.00416005,0.00359078,0.00158637,-0.000138846
0.0132668,0.00937172,0.00473365,0.00445867,0.000646885,0.000812158
0.0152213,0.00861333,0.00673145,0.0102861,0.00126579,0.00355522
0.0122985,0.00706756,0.00562464,0.0096724,3.3609e-05,0.00125727
0.00389493,0.00300157,0.00273507,0.00165271,0.0008424,-0.000381275
0.00951752,0.00609081,0.00420301,0.00246536,-0.000995221,0.00234703
0.0232834,0.0143748,0.0225166,0.0293806,0.00748767,0.00390088
0.0210452,0.00900961,0.010478,0.0134681,0.00170147,0.00291647
0.0272057,0.00903619,0.0126438,0.0188824,0.0025301,0.00196144
0.0169409,0.00687937,0.00603705,0.0110474,0.00199942,0.00164348
0.00478643,0.00339882,0.00495822,0.00708315,0.000955916,0.00155616
0.00653678,0.00417597,0.00532705,0.00920895,0.00170941,0.000893429
0.00624187,0.00382695,0.0037004,0.00325249,-0.000345329,0.000468997
0.0158321,0.01153,0.00744276,0.0173331,0.00289439,0.00058574
0.00624994,0.00448444,0.00264837,0.00678645,-9.55171e-05,0.00141401
0.0238807,0.0161972,0.00933913,0.0137645,0.00253177,0.00143359
0.00529477,0.00377555,0.0020934,0.00205461,-0.000190238,0.00166387
0.00914699,0.00589069,0.00430138,0.001601,0.000499543,-0.000367909
0.0184647,0.0132893,0.0065583,0.00893544,0.00367053,0.00021627
0.00815312,0.00564314,0.00234216,0.00827124,0.00130037,0.000712627
0.0173566,0.011551,0.00559236,0.00637318,0.00124252,0.00101411
0.0167232,0.0118722,0.00470443,0.008299,0.000946971,-0.000410271
0.0186081,0.0121583,0.0137561,0.0161595,0.00196607,0.00224584
0.0271077,0.0169475,0.0112804,0.0137672,0.00361526,0.0019757
0.0324201,0.0207477,0.0348421,0.0489608,0.00874007,0.00447831
0.00496813,0.00378256,0.0023439,0.00627428,0.000827057,0.00178791
0.0047908,0.00372767,0.00164269,0.00402117,8.91219e-05,-0.000786002
0.0113354,0.00466149,0.00681093,0.0124103,0.00228497,0.00201776
0.0123885,0.00626781,0.00610441,0.0117108,0.00209976,0.00228535
0.01414,0.00969708,0.00741655,0.0189108,0.0023796,0.00112679
0.0109659,0.00805629,0.00273048,0.0062592,0.00140385,0.000565346
0.00953791,0.00655402,0.00569969,0.0111683,0.000371803,0.000642523
0.0189227,0.0130031,0.0196038,0.0419113,0.00721626,0.00410199
0.0166908,0.0116055,0.00413272,0.00715464,0.00190827,0.000665047
0.00502371,0.00369156,0.00249803,0.00595361,0.00114531,0.000689904
0.00910126,0.00416691,0.0035249,0.00399315,-0.000166149,0.00125581
0.00877206,0.00466673,0.00708104,0.00632724,0.00147884,0.00145914
0.0127409,0.00856076,0.011591,0.0127677,0.00127584,0.00117322
0.0114183,0.0069906,0.00493239,0.00212081,0.00119828,0.000564853
0.0202217,0.0106479,0.0104445,0.0155118,0.00273188,0.00012468
0.0147083,0.00547225,0.00879529,0.0116082,0.00150757,0.000128583
0.013701,0.0097288,0.00389281,0.00774168,0.00125565,0.0011379
0.00451296,0.00320153,0.00214469,0.00619489,-0.000168761,0.00106956
0.00783009,0.00576484,0.00324355,0.00623079,0.00120787,-0.000403534
0.0100182,0.0070395,0.00288144,0.00533543,0.00132545,-0.000138206
0.00387163,0.00307712,0.00235456,-0.000367166,9.55724e-06,-0.000128503
0.0083401,0.00606244,0.00182636,0.00137976,0.000971854,-0.000498127
0.0197283,0.0123286,0.0112192,0.010361,0.0024753,0.00180163
0.0138434,0.0068289,0.00767218,0.00511744,0.000809262,0.00121784
0.0155583,0.00781366,0.00952021,0.0115033,0.00279766,-0.000401322
0.00415327,0.00312938,0.00138509,0.0097721,0.00490725,0.0106567
0.0100666,0.00714247,0.00397172,0.00638793,-0.000202087,-0.00023765
0.0300699,0.0178268,0.00862967,0.0160073,0.0016203,0.00244358
0.00468436,0.00300833,0.0023769,0.00705193,0.000412295,0.000902332
0.00519644,0.00414343,0.00263419,0.000689772,6.34663e-05,-0.000352443
0.010144,0.00688827,0.00479302,0.00585304,0.000339567,0.0016593
0.00957147,0.00684939,0.00724869,0.0124893,0.00192656,-6.62098e-05
0.00486439,0.00359488,0.00354658,0.00521535,0.00207547,-0.00031656
0.00730115,0.00427059,0.00409827,0.00638398,0.000979783,0.000408913
0.0139611,0.00900763,0.00435991,0.00892814,0.00160483,0.00536918
0.00991347,0.00723033,0.00285946,0.00654291,0.00137394,0.0017195
0.00789143,0.00529315,0.00312133,0.00110812,0.000930388,0.000765542
0.00925294,0.0064455,0.00611582,0.00487074,0.00126577,0.00309117
0.00605015,0.00428226,0.0036408,0.027272,0.00999289,0.032201
0.0103203,0.00501064,0.00643934,0.0081577,0.00261873,0.00456947
0.0134891,0.00840055,0.00801069,0.00921421,0.00159514,0.00182762
0.0106914,0.00770157,0.00455281,0.011608,0.00111086,0.000932262
0.00472015,0.00368016,0.00295744,0.00318219,0.000110084,-0.000104278
0.0093927,0.00380745,0.00658978,0.01063,0.00160398,0.00191255
0.00956291,0.00377879,0.00665539,0.0105312,0.00152133,0.000901297
0.0221002,0.0148824,0.0084002,0.0107992,0.00113415,0.00282971
0.0176723,0.0125138,0.00802467,0.00962581,0.00172282,-7.22575e-06
0.00451826,0.00352153,0.00219281,0.00319969,0.00108962,0.000872387
0.00395281,0.0031263,0.00315135,0.000547078,0.000286605,0.00208695
0.0227028,0.0114546,0.0110684,0.0193066,0.00439887,0.00166077
0.0256377,0.0121044,0.0114069,0.0185667,0.00349511,0.00207331
0.0200526,0.0141598,0.00574436,0.00615826,0.00262658,0.00094262
0.0112353,0.00786722,0.00617433,0.0147587,0.00448357,0.00864552
0.0161091,0.0110416,0.00545467,0.00339035,0.00200441,0.00106333
0.00931461,0.00584556,0.00366955,0.0064322,0.00136654,0.00422811
0.00394525,0.00305418,0.00192506,0.00191789,9.17306e-05,0.000354212
0.010125,0.00638806,0.00755444,0.0109534,0.000998959,0.00220292
0.0280534,0.0188803,0.0132087,0.0168185,0.002491,0.00106696
0.00752039,0.0054411,0.0025473,0.0017638,0.0018552,0.000270189
0.018953,0.010499,0.00548094,0.0101252,0.000988903,0.00172032
0.0192931,0.0115491,0.00593705,0.0130493,0.00194071,0.00182061
0.0194971,0.0105979,0.00597404,0.00863034,0.00240996,0.00245953
0.0182681,0.00902591,0.0061282,0.00994693,0.00143062,0.00050496
0.0188535,0.00821848,0.010197,0.0157419,0.00362679,0.000294396
0.00976707,0.00700484,0.00501298,0.00430945,3.10793e-05,0.000298109
0.00439413,0.00307323,0.00229334,0.00421719,0.000775766,0.00022458
0.0132975,0.00962656,0.00598714,0.00913678,0.00201898,0.0010945
0.00761544,0.0053148,0.00382316,0.00278499,0.00164177,0.00293058
0.0101948,0.00558962,0.00458937,0.00931072,0.00160927,-0.000161123
0.0185031,0.0114473,0.00799827,0.0127848,0.00239964,0.00126385
0.0118443,0.00849633,0.00736503,0.0119752,0.00195601,0.000875612
0.0166031,0.00650237,0.00723249,0.00605657,0.00192536,0.00011331
0.0165287,0.00654788,0.00701741,0.00741302,0.00216861,0.000182817
0.0150569,0.00761714,0.00786007,0.00839874,0.000676932,0.000778191
0.0134354,0.00438851,0.00687373,0.00584311,0.000635767,0.000635227
0.0103126,0.00693362,0.00757583,0.00833274,0.00084629,0.00101114
0.00638447,0.00504206,0.00457282,0.00938376,0.000378829,0.00107256
0.0224555,0.0155697,0.0066614,0.00400794,0.00179189,0.0016242
0.0235491,0.0095438,0.014142,0.0177878,0.00345038,0.00195934
0.019388,0.00948064,0.0116993,0.0115121,0.00235818,0.000986063
0.0217458,0.014135,0.0123604,0.0154212,0.002837,0.00259783
0.0174209,0.0094563,0.00664358,0.00677557,0.00199735,-0.00137155
0.0212419,0.00906636,0.0110701,0.00921328,0.00165992,0.000817884
0.017445,0.00703199,0.0096741,0.0103785,0.00237781,0.0018721
0.0117622,0.00806825,0.00361347,0.00375392,0.00114876,-0.000128193
0.0204995,0.0137038,0.00896702,0.0134749,0.00141182,0.000794936
0.00743136,0.00547227,0.00314549,0.00542037,0.00037824,0.000688582
0.00567897,0.00444587,0.00243905,0.00157488,-0.000104475,-0.00100955
0.00505961,0.00370753,0.0026794,0.00259231,-0.000676134,0.000414146
0.00626073,0.00316984,0.00490084,0.0101877,0.00141178,0.00279049
0.00979032,0.00564321,0.00720442,0.0121515,0.00136332,0.00153928
0.00871903,0.00608103,0.00579289,0.00396257,0.00158129,0.000291929
0.0153419,0.0111763,0.00608223,0.00937391,0.00117345,0.000386073
0.023164,0.015707,0.0105766,0.0134722,0.00203375,0.00242708
0.02498,0.0162431,0.0108454,0.018168,0.00461539,0.00421742
0.00988384,0.00572585,0.00316057,0.0109527,0.00411322,0.00778244
0.0119263,0.00543931,0.00633857,0.00286666,3.27273e-05,0.000527442
0.0117298,0.00541844,0.0064234,0.00369614,0.000248492,0.00145146
0.00551901,0.00375507,0.00260743,0.00325988,-0.000276043,-0.00130609
0.00918672,0.00667424,0.00494267,0.00482741,0.00140931,0.000421414
0.00996032,0.00691452,0.0041535,0.00451873,0.000664857,-0.00042479
0.0129527,0.0091873,0.00506434,0.00414365,0.000443128,-0.000945868
0.0181102,0.0101408,0.0070857,0.00732058,0.00265688,0.000940053
0.00445448,0.00302133,0.00162158,-0.00123491,0.000799127,-0.000162918
0.0150113,0.00836529,0.00612168,0.00339523,0.000865238,0.00195318
0.00646837,0.0048735,0.00390827,-0.000103106,0.000500496,0.000585713
0.0147374,0.0100967,0.00518425,0.00392231,0.00171533,0.00148043
0.0111627,0.00751907,0.00365031,0.00606887,0.00196016,0.00102623
0.0107475,0.00755348,0.00625611,0.00897813,0.00106171,-0.000673476
0.00503839,0.00381292,0.00400112,0.00118954,0.000351552,0.000508381
0.0187845,0.0118113,0.013185,0.00916132,0.00225289,0.000434293
0.0161857,0.0111252,0.0129467,0.00948112,0.00175844,0.00137219
0.0076994,0.00547447,0.00246335,0.00516556,0.000385937,-0.000337687
0.00489267,0.00373006,0.00298629,0.00605023,0.00127142,0.000661494
0.0089192,0.00543519,0.00407424,0.00393247,0.00136895,0.00170734
0.0202159,0.00879544,0.0091334,0.0124596,0.000930407,0.000751043
0.0192537,0.00882501,0.00874188,0.0123852,0.000683045,0.00181234
0.0122359,0.00840971,0.00382513,0.00483795,0.00267316,-0.000692457
0.055243,0.0275156,0.0202547,0.0288715,0.00650204,0.00390115
0.0226429,0.0114113,0.00994131,0.0131971,0.00204067,0.00144993
0.0164853,0.00925784,0.00781667,0.00638557,0.00210151,0.00166951
0.0102059,0.00697424,0.00467888,0.010988,0.00188248,0.00177442
0.0177616,0.012312,0.00738274,0.00690682,0.0012989,0.0011973
0.014311,0.00997824,0.00553906,0.00885634,0.00145265,0.00180693
0.00635101,0.00421453,0.00320441,0.000884228,0.000273135,0.00138116
0.00462366,0.00325673,0.00238938,-0.000605204,-0.000577219,0.00198798
0.00780178,0.00576949,0.00328887,0.0029501,-0.000118798,-0.00128566
0.00833303,0.00436604,0.00416864,0.00645576,-0.000370624,-0.000691565
0.00833428,0.00430248,0.00417743,0.00693761,-3.07821e-05,-4.62262e-05
0.0090644,0.00575013,0.00596,0.00290721,0.00201733,0.000587084
0.00652807,0.00392074,0.00447257,0.00332317,0.00131875,0.00067231
0.0137949,0.0100408,0.00773483,0.00725323,0.00150145,0.000444338
0.0157375,0.00966243,0.00692811,0.0063411,0.00111904,-0.000375137
0.0116766,0.00679014,0.00575455,-0.000644138,0.00157942,0.00133229
0.0104269,0.00588817,0.00371147,0.00173273,0.000986288,8.8797e-05
0.01572,0.0107564,0.00762317,0.0103136,0.0018595,0.00170164
0.0074873,0.00561004,0.00388805,0.0118718,-0.00071275,0.00110969
0.0252175,0.0147105,0.0139331,0.0142568,0.00473045,0.00342011
0.0298409,0.0166735,0.0140078,0.0140279,0.00316653,0.00141593
0.00848182,0.00610902,0.00312414,0.00331072,0.000286696,-0.000855053
0.0183657,0.0125787,0.0106809,0.00498885,0.00153639,0.00225241
0.0179736,0.00884905,0.00899297,0.0110849,0.00400905,0.000773431
0.0235829,0.0106425,0.0108873,0.0158302,0.00405443,0.00171446
0.0486712,0.0175997,0.0262674,0.032733,0.00785905,0.00289957
0.0467911,0.0211589,0.0175548,0.0198869,0.00595924,0.000585977
0.00995507,0.00616786,0.00453251,0.00257757,0.001735,0.000586696
0.0201378,0.0138214,0.00849194,0.0095383,0.00275336,0.00245594
0.0146178,0.0100674,0.0039798,0.00220051,0.000976539,-0.000851861
0.00564924,0.00389043,0.00267912,0.00216336,0.000776781,0.00146025
0.00607383,0.00398167,0.00244516,0.00701266,0.00133106,0.00192578
0.017456,0.00663687,0.00857114,0.0113435,0.00175114,0.00271055
0.0080391,0.0054674,0.00974327,0.00515246,0.00200097,0.000583784
0.018071,0.0111665,0.00909351,0.0130034,0.00174563,0.000690249
0.010717,0.0064085,0.00563649,0.00996123,0.00120212,0.00018607
0.0040993,0.00331122,0.00195247,0.000272892,0.000690355,0.000789586
0.0119678,0.00799306,0.00433077,0.0060992,-0.000340787,0.000294396
0.0183042,0.0127183,0.00821851,0.0115112,0.00108938,0.00232776
0.026166,0.0108029,0.0122687,0.00902329,0.00150622,0.000780499
0.0256967,0.0108667,0.0121751,0.00611996,0.00209463,-3.00627e-05
0.00800902,0.00546173,0.00235181,0.0020051,0.00112321,0.000262931
0.0099844,0.00692366,0.00551953,0.00330554,0.000502145,-0.000396601
0.0153875,0.0104941,0.0101284,0.009762,0.00477857,0.0072465
0.010514,0.00723189,0.00769754,0.0101916,0.00130805,0.00124754
0.00630912,0.00381563,0.00259488,0.000496248,0.00063424,0.000688278
0.00530391,0.00413526,0.00231646,0.00567023,0.000426482,0.000767825
0.00415903,0.0032621,0.00439642,0.00368202,0.000114473,0.00158178
0.00694435,0.00494002,0.00283624,0.00415574,0.00012383,0.000169805
0.00927601,0.00672426,0.00391596,0.00377954,0.000860331,0.000764761
0.00837149,0.00587044,0.00320407,0.00193875,-0.000183099,9.06138e-05
0.0061454,0.0034357,0.0028338,0.00163,0.00124822,-0.000268002
0.00597234,0.00363722,0.00296415,0.000101837,0.0003613,-0.000358418
0.0213111,0.00826534,0.0125267,0.0120247,0.00292596,0.00134524
0.0190063,0.00822342,0.0127123,0.0126991,0.00240101,0.00228031
0.0113639,0.00780993,0.00371757,0.00544631,0.000362047,0.00076884
0.0109301,0.00799696,0.00350081,0.00737177,0.00120587,-0.00118499
0.0175969,0.011694,0.00531195,0.00432174,0.00102932,0.00075452
0.00689622,0.00471783,0.00332207,0.002988,0.000514745,3.40514e-05
0.00515038,0.00346265,0.00313592,-0.00186876,-0.000189267,0.000796896
0.00597206,0.00476825,0.00268622,3.37017e-05,0.000327983,0.000422596
0.0053981,0.00439385,0.00257817,0.000774853,5.31289e-05,0.000346796
0.0236256,0.0125655,0.00823282,0.0124976,0.00198435,0.00117444
0.0194343,0.0125437,0.00825191,0.00892176,0.00136566,0.000728514
0.00564882,0.00393538,0.00255297,0.00010902,-0.000954722,0.00051932
0.00596703,0.0044173,0.00381123,0.00044992,-0.00036353,0.000292512
0.00491151,0.00356791,0.00435175,0.00210242,0.00232335,0.00137451
0.0202822,0.00778616,0.00763628,0.0129051,0.000872222,-0.0001287
0.0201435,0.00777511,0.00761606,0.0129165,0.000791098,-0.000806745
0.00968741,0.00660463,0.00702064,0.00997493,0.00272581,-0.000158416
0.0206169,0.0102478,0.0104955,0.0123467,0.0038962,0.00166339
0.0297984,0.0170332,0.0149823,0.01971,0.0043969,0.00293815
0.0100161,0.00496629,0.0079781,0.00599137,0.000758251,0.000769873
0.0103277,0.00507493,0.00783702,0.00351783,0.000865488,0.00123227
0.0107424,0.00805784,0.00622691,0.00777823,0.0018096,0.000567389
0.00616769,0.0042558,0.00444609,0.00466535,0.000923989,0.000817984
0.00435753,0.00357308,0.00407899,0.00372672,0.000736943,0.00151779
0.0131698,0.00925145,0.00471466,0.000224656,0.00101498,0.00106961
0.0191929,0.0113916,0.0126955,0.0184623,0.00371776,0.00120927
0.011996,0.0056766,0.00534567,0.00824917,0.00210892,0.000870828
0.00480025,0.00404888,0.00310937,0.0054596,-0.000105086,0.000118987
0.0127557,0.00904954,0.00439681,0.00186032,0.000937666,0.000348058
0.0129553,0.00879206,0.00668092,0.0049161,0.00115202,0.00156036
0.00402098,0.00305429,0.00308811,-0.000880401,0.000863832,0.000538881
0.00871457,0.00355013,0.00420167,0.00394803,0.00200694,0.00125875
0.018268,0.0084754,0.00989988,0.00967587,0.00240625,0.00159359
0.0128747,0.00492071,0.00821618,0.00329806,0.000467628,0.00120187
0.00556429,0.00438534,0.00276345,0.00255042,0.000832182,0.00105156
0.0172477,0.0124145,0.00944175,0.00749013,0.00232923,0.000860108
0.00785786,0.00575273,0.00379736,0.0170574,0.00770724,0.0216306
0.0204885,0.0110005,0.00800349,0.00964717,0.0025427,6.99348e-06
0.0203936,0.0109092,0.00795351,0.00945071,0.00280304,0.000307522
0.0137854,0.00946996,0.00968768,0.0115629,0.00415969,0.00205309
0.0101514,0.00656137,0.00392963,0.00108904,0.0013494,0.00105886
0.0122898,0.00483512,0.00563838,0.000157647,0.00243372,-0.0011665
0.010605,0.00490849,0.00514004,0.00195523,0.00202006,-0.00197669
0.00964957,0.00668631,0.00463002,0.00151281,0.000567474,0.00303891
0.0124817,0.00699945,0.007729,0.0125111,0.00172055,-0.000229035
0.0171988,0.00688207,0.00938978,0.0137285,0.0015025,-0.00111024
0.0134772,0.00535712,0.00610348,0.00309427,0.00079707,-0.000699862
0.016165,0.0110021,0.00659552,0.00487599,0.00117508,0.00143072
0.00428175,0.00329575,0.00232476,-0.00137033,0.00101029,0.00116063
0.0075814,0.00568147,0.00405193,0.0056871,-0.000388982,-0.000428208
0.0145575,0.00824574,0.0104802,0.00998574,0.0034311,0.00235207
0.0179736,0.00841242,0.0121675,0.0134195,0.00386658,0.0039592
0.0130726,0.00845611,0.00785284,0.00735836,0.00156567,0.00148333
0.00452129,0.00313466,0.00151518,0.00879753,0.00405711,0.00981467
0.0163976,0.00687006,0.00676225,0.0129095,0.00142602,0.00055763
0.0127525,0.00891321,0.00368789,0.00252114,0.000674249,0.00101234
0.0229607,0.0103987,0.0112203,0.00504646,0.00138502,0.000506415
0.0237192,0.010594,0.0109392,0.00853756,0.000916977,0.000614416
0.0182341,0.0129447,0.00469781,0.00672252,0.00139445,8.46097e-05
0.0116862,0.00842563,0.00386642,0.00589549,0.00135151,0.00216832
0.0118831,0.00811137,0.00865394,0.00751989,0.00217912,0.00139331
0.0117475,0.00839515,0.00454349,0.00483913,0.000902137,0.00171051
0.020432,0.0142258,0.00976418,0.0145065,0.00421509,0.000820556
0.00543727,0.00377316,0.00224477,0.00159393,0.0002293,0.000948794
0.0211888,0.0145898,0.0134887,0.0164523,0.0033792,0.00122934
0.00969199,0.00667796,0.00269306,0.00379858,0.00153446,0.000965177
0.0142114,0.00975621,0.00302797,0.00305808,0.000511255,0.000124436
0.00894528,0.00623245,0.0105191,0.0121583,0.00464535,0.00171085
0.01249,0.00847928,0.00694479,0.00820901,0.000611831,0.000888949
0.012318,0.00859939,0.00550803,0.00492613,0.0014823,0.000837782
0.0110191,0.00475965,0.00580255,0.00239588,0.00111738,0.000678863
0.0121351,0.00579228,0.00579983,0.00504437,0.000546359,0.00103955
0.0124309,0.00488661,0.0048622,0.022473,0.00531007,0.0169558
0.0163013,0.00622188,0.00631228,0.0186929,0.00323947,0.0106791
0.011483,0.00466377,0.00400007,0.00446209,0.000797735,0.00195293
0.00478875,0.00347686,0.00362289,-0.000154855,0.000675941,0.000163429
0.0101681,0.00427597,0.00519386,0.00705868,0.0010404,0.00250946
0.0195503,0.00834845,0.0078964,0.0155254,0.00186423,0.00212734
0.00958818,0.00663574,0.00979013,0.014595,0.0030798,0.00229375
0.00765272,0.00328649,0.00402978,0.0215125,0.00918502,0.0247571
0.00831253,0.00313828,0.00427597,0.0199273,0.00915324,0.023386
0.0101157,0.00720842,0.00427833,0.00342689,0.00050983,0.000258852
0.014486,0.0103433,0.00493779,0.00609357,0.00200544,0.000894818
0.0178596,0.00972563,0.00547596,0.00745931,0.00338008,0.00196545
0.013487,0.00522523,0.00415665,0.00657565,0.00110738,0.001924
0.0167273,0.0069116,0.0112585,0.0148499,0.00373755,0.00192993
0.011255,0.00599207,0.0086172,0.0102822,0.00180096,0.00114051
0.013051,0.00938399,0.00509638,0.00864918,0.00147826,0.0012952
0.0218885,0.0127942,0.0098977,0.011243,0.00276511,0.000675981
0.00582908,0.00423543,0.00499944,0.0033885,-0.000494543,0.0015413
0.0114822,0.00797704,0.00614883,0.00267864,0.00169992,0.00124037
0.0165179,0.0113443,0.00830063,0.00845928,0.00134006,0.000408114
0.00868348,0.00570803,0.00388462,0.0084779,0.00106251,0.000778529
0.00969853,0.00576007,0.00418499,0.00620312,0.000822967,0.00103808
0.00820604,0.00577251,0.00286503,0.00365503,0.00154196,0.000413674
0.00889252,0.00610419,0.00382814,0.0041163,0.00111783,0.00212223
0.018505,0.00787764,0.00629741,0.00651805,0.000745088,0.000947614
0.0176694,0.00882412,0.00781944,0.00986572,0.00210098,0.00119086
0.00891507,0.00482836,0.00441467,0.0023376,0.000158906,0.000171002
0.0123815,0.00568842,0.00746927,0.00675833,0.00122613,0.00102676
0.012396,0.00575866,0.00675869,0.00574897,0.00149103,0.00117747
0.0163975,0.0112651,0.00460062,0.0216902,0.00553797,0.014342
0.00886688,0.00612916,0.00503935,0.00173503,0.000314103,0.000347983
0.0253482,0.0123603,0.00655411,0.00930977,0.00209078,0.000724389
0.0206107,0.00849952,0.00489795,0.00630154,0.000795851,0.00146282
0.0139017,0.00731687,0.00624079,0.0102958,0.00120126,0.00022477
0.00645772,0.00462417,0.00392111,0.00556363,0.000412865,0.000931444
0.0105497,0.00720363,0.00419155,0.00485035,0.000283063,-0.000546299
0.00767175,0.00574515,0.00477096,0.00965877,0.00382047,0.00672793
0.00862679,0.00620245,0.00297656,0.00556347,0.000533901,0.00124647
0.00611531,0.00340385,0.00470138,0.00491317,0.000335456,0.00101618
0.00633754,0.00354123,0.00431745,0.00417133,0.000283277,0.00022227
0.0171309,0.0119084,0.00450003,0.00694798,0.00134168,-0.000175658
0.00835351,0.0063308,0.00410051,0.00255838,0.00129843,-0.000576332
0.0160222,0.011586,0.0111836,0.0100089,0.00225459,-0.000350021
0.00765242,0.005387,0.00410344,0.00386457,-0.00058879,-0.000483896
0.0120095,0.0085974,0.00714526,0.00438442,0.00108457,0.00142947
0.0184416,0.0126647,0.00617063,0.0044343,0.00121822,-0.00101107
0.017162,0.0104154,0.00655582,0.00190298,0.00234309,0.00155961
0.00523386,0.00322998,0.00733689,0.00632712,0.00159253,0.00258636
0.0135859,0.010094,0.00565521,0.010554,0.00226606,0.00208861
0.0289294,0.0146452,0.0145932,0.032546,0.0118842,0.0207789
0.0061175,0.00448885,0.00358389,0.00287827,0.00108062,-0.000662478
0.0150035,0.00972149,0.00785831,0.00692934,0.0015711,0.00110119
0.0167963,0.0096792,0.00812467,0.00826657,0.00152437,0.000613334
0.00670302,0.00515221,0.00458154,0.00450126,0.00196938,0.00127491
0.012508,0.00646855,0.00745129,0.00654661,0.00275784,0.0028332
0.00865162,0.00419201,0.00474808,0.00367958,0.000201814,0.00180215
0.0113775,0.00810956,0.00436355,0.00389784,0.00254299,0.00190692
0.0158057,0.0107824,0.00407502,0.0111385,0.00178598,0.000264099
0.00679811,0.00498361,0.00250774,0.00577032,0.00069281,0.00150226
0.0111939,0.00722812,0.00638922,0.00774759,0.00295283,0.00111779
0.0134742,0.0073144,0.0062624,0.00399597,0.00161045,0.00138456
0.0099997,0.00687366,0.00616223,0.00669864,0.000910577,0.000238283
0.01463,0.00861135,0.00540121,0.00746774,0.00106286,0.000526059
0.00524633,0.00352898,0.00239695,0.00238285,1.12782e-05,1.43945e-05
0.0101127,0.00710143,0.0040944,0.00650495,0.001557,0.000973534
0.00541732,0.00384961,0.00287776,0.00301551,0.00036456,0.000205712
0.00746451,0.00482537,0.00454834,0.00199433,0.00229275,8.0214e-05
0.0177077,0.0121472,0.00978451,0.0153812,0.00164567,0.000429555
0.00786684,0.00615394,0.00317229,0.0058225,0.000434836,0.000487098
0.00755525,0.00350583,0.00437918,-0.000386374,0.000116008,0.000452676
0.00792617,0.00352153,0.00440261,-0.001729,0.000226795,0.000186929
0.0148476,0.0102987,0.00408446,0.00718882,0.00118723,0.0018045
0.00965318,0.00464052,0.00418337,0.0035127,0.000395403,0.00165044
0.0117784,0.00602471,0.00527843,0.00888225,0.00139828,0.000610855
0.00811111,0.00420842,0.00495965,0.00480096,0.00133365,0.000386341
0.0156507,0.009863,0.00857748,0.00715167,0.00212997,-0.000570399
0.00380955,0.00305087,0.00459439,-0.00169338,0.000153832,0.000707911
0.00664834,0.00499946,0.00298218,0.00334283,-0.000536494,-0.000315988
0.0487478,0.0167664,0.026751,0.029857,0.00582493,0.00324385
0.0164414,0.0113175,0.00477569,0.00871257,0.00212117,0.00130173
0.0116165,0.0061047,0.00967226,0.00816176,0.00270318,0.0021916
0.00617605,0.00433405,0.00556017,0.00330585,0.00114667,-0.000527365
0.0101639,0.00679453,0.00398434,0.00237909,0.00136038,-0.000787268
0.0260046,0.0129205,0.0106552,0.010705,0.00288569,0.000744604
0.00892033,0.00496924,0.00230111,-0.000882193,0.000492438,-0.000959406
0.0107209,0.00718237,0.00580141,0.00761168,0.000932445,0.000944974
0.00516628,0.00412143,0.00274696,0.000555245,0.000718182,0.000331419
0.00541053,0.00383307,0.00307522,0.000574141,-0.00084553,-0.000313645
0.0153731,0.0083216,0.00816578,0.00525654,0.00128803,0.00169741
0.0187418,0.0128532,0.00686627,0.0113129,0.00179646,0.000505941
0.00997535,0.00700353,0.00473535,0.00656306,0.00165058,0.000705543
0.0120956,0.00828521,0.00607643,0.00603149,0.00015901,0.000624584
0.0114498,0.00844682,0.00588654,0.00959874,0.00166641,3.74954e-05
0.00913897,0.00672031,0.00406183,0.00560604,0.0018301,-0.000227394
0.0183778,0.0120461,0.00488914,0.0107915,0.00094132,0.000135396
0.017919,0.0103906,0.00602456,0.0100609,0.001676,0.00170802
0.00730416,0.00548285,0.00338003,0.00543099,-0.000643283,0.000153158
0.0100038,0.00560486,0.00468449,0.00646933,0.000800846,-0.000945218
0.00759381,0.0048957,0.00391618,0.00216014,0.000763622,-0.000845999
0.0101167,0.00673672,0.00453949,0.0052364,0.00065597,-0.00110137
0.00774623,0.00544275,0.00452649,0.00215036,0.000758834,-0.000595617
0.00634044,0.00449236,0.00675674,0.00462052,0.00139747,0.000503903
0.0136847,0.00941636,0.00508366,0.00448578,0.00102081,0.000110548
0.00568607,0.00413226,0.00399682,0.0022145,0.000614672,0.000309642
0.0138595,0.00916985,0.00689722,0.00531359,0.00150081,0.000304176
0.0268609,0.0170833,0.0107693,0.0111521,0.00148269,0.00091151
0.019427,0.0148882,0.007179,0.0101025,0.000797566,0.0011542
0.0127457,0.00911219,0.00562131,0.00475072,0.000993665,0.000970362
0.00607554,0.00447276,0.0044539,0.00668937,0.00126822,-3.94285e-05
0.0111939,0.00777434,0.00437131,0.00385699,0.00123524,-0.000674474
0.00816985,0.00585662,0.00328429,0.00501092,-0.000594698,-0.0004983
0.00481154,0.00326611,0.00263672,0.00213496,0.000719757,-0.000568687
0.00823778,0.00643978,0.0036484,0.00221284,-0.000347985,0.000992598
0.0157448,0.00959897,0.00658136,0.0123416,0.00276267,2.2337e-05
0.0125677,0.00512907,0.00379045,0.00727312,0.00195156,-0.00126338
0.00602438,0.00451897,0.00241923,0.00103566,0.000335919,0.00139317
0.00648468,0.00503534,0.00312425,0.00660094,0.00100565,0.00144546
0.0154835,0.00842746,0.00683232,0.0164405,0.00318068,0.00854515
0.00793844,0.00549205,0.00352796,0.000930031,0.000479497,-0.000612691
0.0148228,0.00962961,0.00922465,0.0103669,0.00197447,0.000909676
0.0195179,0.0130365,0.0110924,0.0210487,0.00515555,0.0149617
0.00524847,0.00367294,0.00245458,0.0344737,0.0124867,0.0306147
0.0119218,0.00857407,0.0031437,0.00521738,0.00105293,0.000738507
0.00415261,0.00304286,0.00275261,0.000254808,-6.84088e-05,-0.000626736
0.0107191,0.00674606,0.00335347,0.00410188,0.000425592,0.000633584
0.0114018,0.0051226,0.00454984,-0.000211224,-0.00010511,0.00020187
0.0105911,0.00640536,0.00545193,0.000132249,0.00011736,0.00169814
0.00786774,0.00489074,0.00389328,0.00452705,0.00172492,6.40329e-05
0.00573328,0.00415904,0.00361895,-0.000169815,0.000745456,0.00159609
0.0155448,0.0112308,0.00533064,0.0057327,0.0011451,0.000553418
0.0100955,0.00705826,0.00329807,0.000814748,0.00134666,0.00202766
0.00596008,0.0043407,0.00686806,0.00490466,0.00308608,0.00126742
0.00994101,0.00710498,0.00204903,0.0128532,0.000832375,-0.000133274
0.0157565,0.00769929,0.00821057,0.00794664,0.00301805,0.00257953
0.0145267,0.00751618,0.00556246,0.00658165,0.00125442,0.000647805
0.0211735,0.0105861,0.0124547,0.00891203,0.00197561,0.00123039
0.0169605,0.0111629,0.00531114,0.0049818,0.0015905,-0.000468686
0.0118346,0.00594024,0.00543956,0.00913639,0.00180142,0.000191372
0.00837795,0.00626205,0.00360186,0.0025085,0.00101332,0.000942815
0.00574272,0.00437737,0.00378664,0.00301373,-5.92649e-05,0.000145737
0.017057,0.0118224,0.00570899,0.00216292,0.000433351,-0.000103519
0.0108752,0.00767433,0.00605882,0.00557531,0.00144496,0.000630193
0.00943499,0.00664746,0.00346143,-0.00122768,0.00141886,0.000706765
0.0168857,0.0110948,0.0153152,0.0139588,0.004182,0.000744936
0.00421826,0.00310917,0.00238,0.00404688,0.000228519,-0.000278617
0.0335614,0.0172995,0.0159541,0.0201728,0.00472211,9.59234e-05
0.0210283,0.00786328,0.00866813,0.0121476,0.00297329,0.00133869
0.0112281,0.0046519,0.0044438,0.00364096,0.00196605,1.51593e-05
0.0052328,0.00412084,0.00244468,0.00112751,0.000607537,0.000100656
0.00707388,0.00356585,0.00356828,0.00593173,0.000786607,0.000999055
0.0129392,0.0089394,0.00327654,0.0102451,0.00159901,0.00168512
0.00747667,0.00515824,0.00335097,0.00258281,0.000327246,0.000132375
0.0140537,0.00799209,0.00326082,0.0110863,0.00153432,0.0012208
0.0141771,0.00852244,0.00427194,0.00522165,-0.000371448,0.000433494
0.00841222,0.00622828,0.00485217,0.00545598,0.00133387,0.000680642
0.0143925,0.00556155,0.00845465,0.00827016,0.00126703,0.000880068
0.0553928,0.0257081,0.0242088,0.0261812,0.00495148,0.0037343
0.0542315,0.0262405,0.0202653,0.0207745,0.00470148,0.00446379
0.0343885,0.0160369,0.0379563,0.0374874,0.00949485,0.00499799
0.0218673,0.0146895,0.0212867,0.0206345,0.00421412,0.00265953
0.0106722,0.00608438,0.00319521,0.0117342,0.00472051,0.00746799
0.00987996,0.00675818,0.00353554,0.00549559,0.00203852,0.000383891
0.00680663,0.00499202,0.00261038,0.00215879,0.000569565,0.00234853
0.034377,0.0206783,0.0175868,0.0572131,0.0193472,0.0453886
0.0131186,0.00702726,0.00752268,0.0157331,0.00507884,0.00402607
0.0114694,0.00573498,0.00462364,0.00572822,0.000701809,0.00292491
0.0164748,0.0106213,0.00622234,0.00997722,0.000169575,0.00148295
0.0119908,0.00815989,0.00864515,0.00526477,0.00137438,0.00351096
0.00925317,0.00557436,0.00375664,0.00547815,0.00155673,0.00156521
0.0099399,0.00538526,0.00593653,0.012115,0.00200675,0.0014117
0.00805939,0.00389646,0.00442677,0.0064886,0.000993224,0.00159312
0.00606856,0.00466094,0.00519115,0.0049363,0.00211378,0.00016497
0.0217586,0.0106536,0.0103126,0.00989999,0.0031453,0.00145917
0.0250254,0.0105942,0.011386,0.0147687,0.00225539,0.000989307
0.0212327,0.00972666,0.00766342,0.0154704,0.00274264,0.000439455
0.0235244,0.00981855,0.00845012,0.0157609,0.00329757,0.000873007
0.0116348,0.00788473,0.00394344,0.00649609,0.000445199,0.000784379
0.00927687,0.00658136,0.00447567,0.0053666,-0.000292174,-5.42943e-05
0.0100298,0.00716825,0.00451181,0.00385736,-6.87908e-05,0.00155318
0.0129457,0.00927804,0.00595203,0.00656552,0.00216087,0.00235432
0.0106197,0.00759576,0.00380317,0.013786,0.00374887,0.00728138
0.00932068,0.00658389,0.00713155,0.00427731,0.00100907,0.000894058
0.0113311,0.00787567,0.0070187,0.0145941,0.00350338,0.00124348
0.0122306,0.0081024,0.00433149,0.00405921,0.000330853,0.000433888
0.00492163,0.00342242,0.00505545,0.00790227,0.000878113,0.000872822
0.00598858,0.00428264,0.00290242,0.00109069,-0.000513242,-0.000143711
0.00611983,0.00461604,0.0033391,0.00256424,0.00091653,0.000986524
0.0243734,0.0169376,0.00871164,0.0138394,0.00306976,0.00297105
0.012596,0.00864082,0.00405132,0.00295567,0.00112641,-0.000127547
0.00881113,0.00618821,0.00420233,0.00942264,0.00243464,0.00679207
0.00586608,0.00324148,0.00445849,0.00195658,0.00119377,0.0017188
0.016616,0.0115904,0.00528231,0.00410267,0.00247838,0.00106352
0.0279967,0.0146775,0.0125996,0.0135393,0.00229736,0.00205696
0.0155541,0.00893449,0.00696744,0.0089323,0.000145534,0.00017018
0.0122391,0.00735182,0.00698914,0.00252432,0.000888763,0.000905145
0.0121539,0.0082866,0.00546705,0.007969,8.31972e-05,0.000589228
0.0162134,0.00971862,0.00950468,0.0101636,0.0031838,0.000678936
0.00696083,0.00456649,0.00349087,0.00080899,0.000414249,0.00133906
0.00561257,0.0043415,0.00404898,0.0043798,-0.00101139,0.000596425
0.0138675,0.00959849,0.00484897,0.00670276,0.000570513,7.77164e-05
0.0129297,0.00741086,0.00576532,0.00171596,0.000187017,0.00231521
0.0335444,0.017954,0.0136091,0.0163413,0.00316433,0.000140371
0.00709268,0.00534219,0.00407236,0.0045395,5.58884e-05,0.00152717
0.0148123,0.00552545,0.0068628,0.00793973,0.00123386,-5.81187e-05
0.0175836,0.00881076,0.00704612,0.00322751,0.000438757,-0.000312226
0.0141677,0.00919433,0.00959843,0.0136937,0.00230984,0.00019122
0.0110607,0.00562673,0.00349952,0.00453747,0.000249116,0.000362708
0.00896935,0.00648417,0.00468459,0.00291704,0.00100883,-0.000340389
0.0110266,0.00720308,0.00495749,0.00204101,0.00156794,0.00128486
0.0122016,0.00654402,0.00565451,0.00508783,0.000135595,0.000386932
0.0129416,0.00659625,0.00566678,0.00777948,-0.000229702,0.000318317
0.00828405,0.00631561,0.00382093,0.00337175,0.000441472,0.00019559
0.0162139,0.0108817,0.00996138,0.0147536,0.00263465,0.00102894
0.0057192,0.00400869,0.00353802,0.00246988,-0.000411776,-0.000383177
0.0102337,0.00739802,0.00389086,0.00408497,0.000716476,0.000649241
0.00938138,0.00683502,0.00624313,0.00703713,0.00112127,0.000548849
0.0204195,0.00887842,0.00731142,0.00662087,0.00150641,0.000690624
0.0106978,0.00482164,0.00466057,0.00700455,-0.0002661,-0.000394461
0.0123633,0.0069578,0.00800818,0.0104551,0.00128809,-0.0010895
0.0143685,0.0102502,0.00376677,0.00181643,0.000887004,0.00129738
0.00471328,0.00332047,0.00231807,0.000289528,-0.000705367,-0.000118767
0.00495174,0.00332641,0.0024272,0.00176584,-0.000119919,0.000321024
0.022332,0.0133919,0.00941749,0.0108042,0.00234781,0.00222364
0.0314323,0.0110285,0.0112169,0.0140266,0.0033091,-0.000376314
0.0265387,0.0109801,0.00785005,0.00966179,0.00223625,0.000139139
0.00475341,0.00341315,0.00266001,0.0072933,-5.41313e-05,0.000886579
0.0094881,0.00676475,0.00553885,0.00352508,0.0025913,0.000641591
0.0174025,0.0122669,0.00755521,0.0113029,0.00228454,0.00133691
0.00816329,0.0049878,0.00517629,0.00456165,0.00130085,0.00192763
0.0098118,0.0052832,0.00599724,0.00633402,0.000867006,0.0015317
0.00510355,0.00318709,0.00262742,-0.00180024,-0.000150047,-0.000114713
0.016242,0.00984311,0.0128282,0.00662019,0.00189265,0.00206134
0.0156544,0.00926992,0.0117577,0.0116694,0.00233122,0.0016424
0.0221653,0.0147864,0.0144496,0.016236,0.00432025,0.00175781
0.00699588,0.0049177,0.00293324,0.00467117,0.00121704,0.00151696
0.014201,0.00969772,0.0104283,0.00659573,0.00152002,-0.000188931
0.0139533,0.00977342,0.00558322,0.0136477,0.00444472,0.011693
0.0139825,0.00906593,0.00614972,0.00182499,0.00188217,0.000743598
0.00487866,0.00354626,0.00234784,0.000213043,0.000893921,0.00243659
0.00831611,0.00572299,0.00478961,0.0039153,0.000625617,-0.000771256
0.00952521,0.00619749,0.00557398,0.00670188,0.00287804,4.62854e-05
0.0125385,0.00893225,0.00588032,0.00431888,-8.90492e-05,0.000637275
0.00570965,0.00426,0.00221518,0.00418558,0.00150882,-0.000160038
0.00834484,0.0059197,0.00387835,0.00126591,0.000637614,-0.000112628
0.0165009,0.00905161,0.00674138,0.0056605,0.000966272,-0.000213411
0.0157621,0.00904078,0.00661294,0.00854234,7.99624e-05,-0.0001494
0.0109802,0.00474955,0.00807533,0.0127362,0.00284575,-0.000380236
0.00781067,0.00445867,0.00318276,0.00938056,0.00130038,-0.000945066
0.0104841,0.00752806,0.00503525,0.00575147,0.000627174,3.77576e-05
0.00584053,0.00399739,0.00311638,0.00337367,-3.38274e-05,0.00108962
0.0313844,0.0109299,0.0151752,0.0178025,0.0038938,0.00436962
0.0217805,0.0109343,0.0113591,0.0143599,0.00303537,0.00284328
0.0104888,0.00607518,0.00763621,0.00201784,0.00127912,0.000678419
0.0107094,0.00603513,0.00770414,0.00680552,0.00181146,4.85768e-05
0.00654103,0.00440807,0.00376749,0.00119479,0.000849284,0.00079356
0.0217481,0.0121504,0.0110125,0.013028,0.00221243,0.00168798
0.0184844,0.0123227,0.010001,0.0136294,0.00175132,0.00122792
0.00950964,0.0064979,0.00910097,0.00506921,0.00126438,0.000807258
0.0134049,0.00857503,0.00641003,0.00607102,0.00153136,0.000253361
0.00866741,0.00554416,0.00414725,0.00347905,0.000261629,-0.000353376
0.00691247,0.00538802,0.00285178,0.000518168,0.000504095,-0.000787668
0.0082634,0.00576192,0.00388346,0.0055948,0.000648148,0.000612593
0.0122265,0.00852286,0.00700951,0.0126155,0.0015871,0.00210591
0.00979371,0.00695916,0.00409626,0.00320497,0.000891577,0.00130033
0.00488887,0.00326333,0.00239949,0.0037342,-8.0608e-05,0.000905982
0.0107917,0.00583392,0.00444831,0.00363253,0.00099172,0.00151033
0.0103573,0.00660268,0.00474917,0.00411229,0.00103419,0.00284134
0.0301515,0.0114375,0.00885268,0.0100495,0.002136,0.00165548
0.0300402,0.0113728,0.00864206,0.0144627,0.0022398,0.00194453
0.0155396,0.00641152,0.00913465,0.0150226,0.00389948,0.00950377
0.00501434,0.00353947,0.00227215,-0.000746336,0.000618393,0.000440905
0.00758238,0.00537401,0.00682456,0.0103433,0.0019959,0.00200222
0.00420346,0.00337215,0.00394485,0.00256304,0.00111638,0.000937702
0.00926626,0.00434029,0.00433506,0.0124359,0.00122197,0.00186694
0.00914424,0.00425296,0.00416366,0.008702,0.00124289,0.00123452
0.00833503,0.00383808,0.00387892,0.00217162,0.000374332,0.000459736
0.0171802,0.00668392,0.00806446,0.00935236,0.000488613,-9.84978e-05
0.0154824,0.00807357,0.00562302,0.00895766,0.000885217,-0.000157266
0.0165675,0.0106836,0.00904722,0.00577726,0.00341616,0.00260357
0.0170537,0.00891402,0.0086874,0.0108158,0.00440091,0.00797098
0.0196923,0.00995694,0.00953825,0.00901344,0.0030448,0.00619951
0.0131194,0.00738015,0.00585043,0.00913703,0.00209204,0.00142752
0.0170332,0.00966994,0.00761928,0.00968072,0.00316169,0.00449925
0.018284,0.0129909,0.00824084,0.0103372,0.00249713,0.00120133
0.0180113,0.0115459,0.0084799,0.00833753,0.0021624,0.00136318
0.00803027,0.00503579,0.00350055,-0.00056888,0.00108873,0.00165702
0.0121659,0.00806814,0.00742277,0.00815919,0.00232087,0.00237659
0.00906539,0.0044752,0.00402141,0.00878327,0.00133209,0.00063288
0.0109936,0.0077595,0.00549481,0.00653654,0.000379972,0.00105678
0.0100971,0.00695062,0.00701028,0.0044113,0.00147608,0.0012189
0.00831181,0.00587239,0.00355502,0.00274688,0.00068438,0.00172288
0.0044943,0.00332224,0.00251286,-0.00117719,0.000430317,0.0010138
0.0142554,0.00600786,0.00931419,0.00935786,0.00177738,0.00289355
0.00781916,0.00528179,0.00749284,0.0135117,0.00184846,0.000446697
0.00687655,0.00493169,0.00369902,0.00135502,0.000100621,-0.000485516
0.00736412,0.00487638,0.00202389,0.00138073,0.00100859,-6.0666e-05
0.0166108,0.00820114,0.00852405,0.00798473,0.0025283,0.000652208
0.0147335,0.006081,0.0079722,0.00868143,0.00211695,0.000882604
0.00582343,0.00402676,0.00295983,0.00462792,0.000639853,-0.000271804
0.0178127,0.012616,0.00584833,0.00798627,0.000538316,-0.000260294
0.00604275,0.00429667,0.00289002,0.00429932,0.000833873,-0.00083479
0.0088127,0.00587699,0.00486308,0.00764906,0.000386669,0.000275848
0.0178887,0.0119565,0.00558365,0.0081228,0.00222347,0.00167344
0.00787631,0.00561906,0.00769062,0.0236699,0.00796325,0.0167166
0.0175119,0.009584,0.0121334,0.017259,0.00219205,0.0030755
0.0465622,0.0293898,0.0172946,0.0184965,0.00429627,0.0015736
0.00605233,0.00426673,0.0070561,0.00933378,0.00183067,-0.00165279
0.0110175,0.00788734,0.012564,0.00991652,0.00215927,6.25251e-05
0.00892609,0.00571171,0.0042357,0.0042728,0.000579624,0.00127901
0.00841746,0.00597137,0.00565708,0.00324726,0.00109734,5.94063e-05
0.0069018,0.00516317,0.00191727,0.00535559,0.000910454,-0.00109126
0.0282331,0.0174283,0.0182557,0.0227722,0.00619595,0.00453066
0.0338126,0.017435,0.0202574,0.0240915,0.00610044,0.00446137
0.0158588,0.0111104,0.00819687,0.00723235,0.00183235,0.00129412
0.00822908,0.00608608,0.0050357,0.00112857,-0.000252992,0.00306666
0.00728863,0.0045759,0.00421642,0.00245203,0.000166683,0.000821728
0.0156622,0.0112348,0.00445093,0.00638829,0.000861343,0.000791645
0.00736979,0.00430812,0.00363797,0.0043518,0.000992707,0.000153324
0.00506717,0.00363147,0.002326,0.00395989,0.000638198,0.00122527
0.0105429,0.00685793,0.00530441,0.00465197,0.00135202,0.000431068
0.0271914,0.0178868,0.0160444,0.0179117,0.00422459,0.00373603
0.00874713,0.00609407,0.00405742,0.0029648,0.000812324,-1.63578e-05
0.0130393,0.00894492,0.00507004,0.00681572,0.00141954,0.00122044
0.00814591,0.00595127,0.00426526,0.00104595,0.001471,0.000749446
0.00467549,0.00323993,0.00672288,0.0100312,0.000187296,0.00136761
0.0103855,0.0070623,0.00873906,0.00858409,0.0014685,9.41587e-05
0.0223561,0.0147162,0.00989741,0.0130512,0.00240328,0.00348425
0.0138672,0.00795058,0.00756701,0.00424151,0.00180043,0.000931146
0.00534945,0.0037692,0.00324254,0.00321846,0.000246032,0.000128664
0.0203712,0.0106795,0.0090001,0.0100096,0.00236631,0.000159624
0.0218669,0.0105588,0.00855416,0.00852526,0.00180479,0.000657556
0.00446882,0.00329507,0.0023493,0.00115905,0.000266953,0.000363067
0.00967293,0.00710853,0.00998282,0.00976913,0.00198106,0.00196755
0.0150121,0.0101823,0.00410165,0.00584745,0.00178619,0.00138344
0.00962575,0.00686502,0.00445432,0.00873587,0.00104689,0.000691843
0.00746235,0.00538048,0.00357536,0.00615837,0.00143539,-0.00105499
0.0267375,0.01381,0.023415,0.0200264,0.00396671,0.00179045
0.00647538,0.00475213,0.0027753,0.00233336,0.000528416,0.000754378
0.0176554,0.0122721,0.00500207,0.0046269,0.00139738,0.000152246
0.0105381,0.00694267,0.00507127,0.00359501,0.000314419,0.00111593
0.0208292,0.0120286,0.00739402,0.00667374,0.00193306,0.00035359
0.0171362,0.00900099,0.00689748,0.00665859,0.000892426,-0.000241245
0.0064842,0.00410562,0.00393192,0.00501075,-0.000714011,-0.000511336
0.017712,0.0119846,0.00659907,0.00438891,0.00192733,-0.000113911
0.0188948,0.0127285,0.00602213,0.00982685,0.00234855,0.00136581
0.0151073,0.00763466,0.00774819,0.00546907,0.00192439,0.00168558
0.0164792,0.00800427,0.00884508,0.0096665,0.00252228,0.00148044
0.0120615,0.00576209,0.00496409,0.0073139,0.000819384,-0.000376794
0.0257855,0.0145308,0.0112482,0.013168,0.00287089,0.000350621
0.00454501,0.00339088,0.00229459,0.00245931,0.000443844,4.66804e-05
0.00843576,0.00584108,0.00417978,0.00950433,0.00205019,0.00232876
0.0054209,0.00379084,0.00214672,0.00215289,0.00114345,0.000939424
0.00597926,0.00362837,0.00680154,0.00852305,0.00177262,0.00141827
0.00806945,0.00559699,0.00282912,0.00796495,0.000686479,0.000693036
0.00938642,0.00683036,0.00465268,0.00676879,0.000537387,-0.000389325
0.00961902,0.00679964,0.00495897,0.00485124,0.000197406,0.000323602
0.0112658,0.00749137,0.00453435,0.00660729,0.000490716,0.000274863
0.00403316,0.00317752,0.00241054,0.00499311,-0.000156153,0.00129096
0.0188585,0.0109254,0.00879862,0.012397,0.00142241,0.000109143
0.00598665,0.00366002,0.0036869,0.0049483,0.000281544,0.000784605
0.00796469,0.00503221,0.00285061,0.0037626,0.000189554,0.000480847
0.0117048,0.00788489,0.00977285,0.011207,0.00166583,0.00220992
0.0182614,0.0106244,0.00624275,0.004712,0.00245129,-0.000479719
0.0111496,0.00767757,0.00634509,0.00497711,0.00160481,-5.81569e-05
0.010787,0.00567802,0.00580243,0.00399913,0.00115868,0.00147427
0.0123101,0.00605026,0.0061228,0.00483724,0.00161597,0.00191714
0.00508036,0.00303773,0.00289549,0.00345293,0.000788837,0.00183964
0.0109525,0.00491601,0.005652,0.0110927,0.00279717,0.0023924
0.0116315,0.005339,0.00553587,0.00946063,0.00204756,0.00163978
0.00504683,0.00384376,0.00198303,0.00603812,-0.000357112,0.000598315
0.0166999,0.00706992,0.00765826,0.00566161,0.000929699,0.00220981
0.0175196,0.00699292,0.00784028,0.00439111,0.00144474,0.00113944
0.00704615,0.00503012,0.00326055,-0.00168229,0.00175276,7.14883e-05
0.00629553,0.00299412,0.0034331,-0.00137988,0.00126699,0.00112028
0.00655963,0.00311811,0.00341453,-0.0011778,0.000883911,0.00109209
0.0207204,0.0136441,0.0274728,0.0451359,0.00938609,0.0037359
0.0140897,0.00942862,0.00401875,0.0061294,0.00135638,0.0019609
0.015053,0.0103056,0.00346398,0.00343176,0.00155334,0.000195771
0.00874362,0.00607917,0.00455254,0.000317498,5.685e-05,0.000875064
0.00593037,0.00459878,0.00238686,0.00307294,-5.43148e-05,-7.30898e-05
0.0095197,0.00690424,0.00323172,0.00561259,0.00134192,0.00133882
0.0258954,0.011215,0.00928388,0.0104439,0.0028951,0.00127047
0.00724153,0.00493166,0.00233237,0.00401925,0.000454771,0.000727534
0.00787703,0.00548632,0.00267924,0.00389714,0.00128301,0.000394917
0.00460203,0.00360883,0.00239364,0.00354595,-0.000156556,-6.54582e-05
0.0132997,0.00979853,0.00393145,0.00631177,0.00229983,0.00128229
0.00958734,0.00666522,0.00395192,0.0071836,0.00027956,0.000689708
0.0185556,0.0130945,0.00758144,0.00482967,0.0013949,0.00155878
0.0165859,0.0114343,0.00676154,0.0120395,0.00259546,0.00295045
0.0069728,0.0051581,0.00301046,0.00259392,0.00037347,-0.000224111
0.0123757,0.00869845,0.00773615,0.00817632,0.00136731,0.000705477
0.00478413,0.00365725,0.00157244,0.00122535,0.00139746,0.00164155
0.0108036,0.00742755,0.00383506,0.00201465,-0.00125521,0.0014346
0.00842344,0.00595323,0.00285824,0.00749955,-0.000466389,-0.000167448
0.00895522,0.00474562,0.00334156,-0.00196794,0.000701041,-0.000356385
0.0171003,0.0113678,0.005591,0.0047775,0.00155228,0.000140402
0.00421149,0.00303012,0.00254478,-0.00171083,0.000690177,0.000357785
0.0168419,0.0117816,0.00586044,0.00930395,0.0012573,-0.000640819
0.014333,0.0102368,0.00692111,-0.00014779,0.00116286,0.00146981
0.0184669,0.00907974,0.0072066,0.00990981,0.0031011,0.0062368
0.0175799,0.00897494,0.00708097,0.00428738,0.00343609,0.00649131
0.0144303,0.00437789,0.00679599,0.0109961,0.00115649,0.00211514
0.0340902,0.0228899,0.012067,0.0122328,0.00281511,0.00249832
0.00846132,0.00453003,0.00400179,0.00015434,-0.000162269,7.8022e-05
0.0190908,0.0130668,0.00838425,0.0118817,0.00197524,0.00145605
0.00712387,0.00426162,0.00416112,0.0031523,0.000299414,0.00015503
0.0065262,0.00471311,0.00201803,0.0119751,0.00268366,0.00562261
0.0120483,0.00839763,0.0045627,0.00712668,-0.000238197,0.000291621
0.0123121,0.00827389,0.00386713,0.00701397,0.00167333,0.000322788
0.0105048,0.00739214,0.0079753,0.0087059,0.00152778,0.00189186
0.00586438,0.00387498,0.0026969,0.000785173,9.67073e-05,-0.00154849
0.0197876,0.0117217,0.008984,0.00980894,0.00228809,0.00170555
0.0156609,0.0102057,0.00687094,0.00648968,0.000525229,0.00149283
0.0175266,0.0113047,0.00570125,0.00692236,0.00287801,0.00748378
0.00641747,0.00454453,0.00234781,0.000382933,-0.00103865,9.17407e-05
0.0466119,0.0171918,0.0185112,0.0177393,0.00352581,0.00317398
0.0381485,0.0167978,0.0149691,0.0166589,0.00363642,0.00213038
0.0157283,0.00859222,0.00717376,0.00465993,0.00123217,0.00167594
0.0254495,0.0107126,0.0103745,0.0127773,0.00157244,0.000549501
0.0254286,0.0107433,0.0102852,0.0112876,0.00151877,-4.17997e-05
0.00637048,0.0044502,0.00230814,-0.000772046,5.49895e-05,0.000674024
0.0182038,0.0128057,0.00645663,0.00805797,0.00250966,0.00257489
0.0146083,0.00994182,0.0048113,0.00753166,0.000836753,0.0023936
0.00845212,0.00594976,0.00349395,0.00646141,0.000657217,0.000878881
0.00676622,0.00530998,0.0042459,0.00522437,0.000833566,0.0010527
0.00829134,0.00518608,0.00296168,0.00551532,0.000799737,0.000726135
0.0161497,0.00957594,0.00515401,0.00966185,0.00163347,0.000616074
0.0118362,0.00780636,0.00539597,0.00585717,0.00249486,0.00115657
0.00917491,0.00674098,0.00274414,0.0046195,0.00173358,0.000727967
0.00778524,0.00535011,0.00324554,0.00510978,-1.68068e-05,0.000235045
0.0154887,0.0101865,0.00694103,0.00880789,0.00176256,0.000958876
0.00455496,0.0032212,0.00208364,0.000170183,0.000470126,-0.000439239
0.0129131,0.00935065,0.00999429,0.00499352,0.00128015,0.00101142
0.0113832,0.00769886,0.00870415,0.00749354,0.00255125,0.00180468
0.013167,0.00903438,0.00431925,0.00360585,0.00105269,0.00120461
0.0167157,0.0103286,0.00894237,0.00662911,0.00249784,0.000813369
0.00885146,0.00629299,0.00464286,0.00327546,0.000600371,0.000554186
0.0103809,0.00766134,0.00372207,0.004684,0.0012886,0.00137692
0.0239228,0.0167613,0.00736776,0.0121021,0.000789247,0.00097025
0.0105078,0.00746363,0.00386238,0.00311817,0.000625536,-0.00119042
0.0161642,0.0106931,0.00724325,0.00717169,0.000424521,0.00254421
0.0109549,0.00767105,0.00315528,0.00371983,-0.000663731,0.000703672
0.00472825,0.00348668,0.00185715,0.00280101,0.000693945,0.00113533
0.0183933,0.0104327,0.00632137,0.00727964,0.00178241,0.000949127
0.0131016,0.00636439,0.00383232,0.0072212,-6.58965e-05,0.000715831
0.0113573,0.00650516,0.00596854,0.00667228,0.00129872,0.00119964
0.0261394,0.0174808,0.0130246,0.0148007,0.00226404,0.00158269
0.0245858,0.0145468,0.0154156,0.0164876,0.00314872,0.00219716
0.0145509,0.00996427,0.00545847,0.0051654,0.00162624,0.00222077
0.0224609,0.0133908,0.00612458,0.0114045,0.00211654,0.00140184
0.017087,0.00784636,0.00575258,0.00652301,0.000819713,0.00132277
0.00979973,0.00697087,0.00422566,0.00708522,0.00101478,0.00229814
0.0125426,0.00879421,0.00373063,0.00520179,0.00181222,0.00088126
0.00486467,0.00325275,0.00334711,0.0234169,0.00764662,0.0208085
0.00886517,0.00643726,0.022859,0.022568,0.00413641,0.00296742
0.033177,0.0208597,0.0203685,0.0247957,0.00500974,0.00398723
0.0252493,0.0194579,0.0149019,0.0146168,0.00126045,0.00377674
0.00838192,0.00397242,0.0046889,0.00011765,0.00106782,-0.000279668
0.00685661,0.00493088,0.00305708,0.00198726,0.000505586,8.42949e-05
0.010539,0.00723261,0.0047408,0.00277969,0.00063457,0.000757676
0.035671,0.0133605,0.0203409,0.0233336,0.00553699,0.0015073
0.0171793,0.00762878,0.00616405,0.0126922,0.00201222,0.00121121
0.0110351,0.0073857,0.0043231,0.0076819,0.00250603,0.00119887
0.00693696,0.00449563,0.00202551,0.00217451,0.00124167,-0.000123038
0.00910567,0.00634739,0.00457979,0.0100489,0.00141341,0.00171393
0.00891086,0.00603288,0.00378165,0.0246138,0.00970231,0.0320625
0.0114575,0.00805608,0.00416221,0.00987223,0.00191976,-0.000388576
0.0121851,0.00817174,0.00506577,0.00432111,0.00135971,0.000376341
0.00686397,0.00506906,0.00248986,0.00250851,0.00129584,0.000419019
0.0200861,0.00765342,0.00935516,0.0102973,0.00247607,0.000701654
0.0201658,0.00772734,0.00918546,0.0114372,0.00270036,0.000966342
0.0270657,0.0132307,0.0121153,0.00678946,0.00194693,0.000717692
0.00594871,0.00430639,0.00648983,0.0119354,0.00253235,1.77314e-05
0.0143208,0.00855176,0.00869587,0.0147007,0.00436009,0.00223821
0.00925128,0.00651395,0.00334082,0.00543461,-1.06296e-05,-0.000170554
0.0108044,0.00618189,0.00671053,0.00455418,0.00197616,0.000595461
0.0141738,0.00845479,0.00602069,0.00592993,0.0017231,0.00147111
0.0144218,0.0070511,0.00547034,0.00839424,0.00224154,0.000463525
0.0210718,0.00909447,0.00887214,0.00915709,0.00238691,0.0021205
0.0282743,0.00896468,0.0124346,0.0129222,0.00353738,0.00245821
0.0209141,0.00877514,0.00880646,0.00946374,0.00242515,0.00268091
0.0094939,0.00524884,0.00599512,0.00478022,0.00104928,0.00124137
0.0269431,0.0110133,0.0135782,0.0161582,0.00329534,0.00365747
0.0308173,0.014505,0.0112417,0.0269947,0.00593108,0.0121833
0.00665615,0.00331159,0.00263159,0.00626253,0.000728161,0.000808083
0.0099616,0.00719908,0.0018904,0.000853841,0.000477638,0.000313182
0.0191415,0.00992951,0.00679875,0.00684622,0.00299959,0.00194048
0.010502,0.00585561,0.00482835,0.0055182,0.0017235,0.00209866
0.00860415,0.00594715,0.00560757,0.00486872,0.00114756,0.00306427
0.00545656,0.00391181,0.00262842,0.00262904,0.000294436,0.000699997
0.00772698,0.00417203,0.00903958,0.0105301,0.00127971,-0.000526933
0.00933531,0.00645039,0.00449092,0.00977729,0.000696941,0.00173054
0.0277477,0.0133535,0.0110853,0.0205324,0.00311962,0.00303713
0.00572933,0.00396385,0.00296475,0.00489868,0.000498017,-0.000132031
0.0130342,0.00752986,0.00577988,0.00724113,0.000255469,0.000538778
0.00516908,0.00341463,0.0024961,0.00458953,0.000663343,0.00161011
0.0134851,0.00900343,0.00521032,0.00565673,0.00113322,0.00192165
0.00429768,0.00323658,0.00261903,-0.000370625,-0.000173382,0.000243486
0.0115144,0.0083195,0.00310488,0.00856445,0.00136095,0.00121892
0.01254,0.0070061,0.00576895,0.00750235,0.0026172,0.000443199
0.0102783,0.00440952,0.00443948,0.00268581,0.000955797,0.000832573
0.0106829,0.0075199,0.00524366,0.000788692,0.00119383,0.00215557
0.00684679,0.00478915,0.00250196,0.000139096,0.000897582,0.000344521
0.0055736,0.00389472,0.0031162,0.00279685,0.000426893,0.000472471
0.0112226,0.00341446,0.00754185,0.0058547,0.00129611,0.00148749
0.0136034,0.00484627,0.00914834,0.00848331,0.00230056,0.00091096
0.0217004,0.00908324,0.0114537,0.0105608,0.00305112,0.0013696
0.0205928,0.00908515,0.00959554,0.00845364,0.0028957,0.000849751
0.00955893,0.00691282,0.00419281,0.00375138,-9.56495e-05,-0.000276626
0.0166364,0.0106506,0.00754462,0.00642972,0.00186287,0.00193856
0.00616014,0.00438622,0.00198717,0.00133528,0.000466323,-2.40515e-05
0.0060279,0.00435637,0.0040121,0.00292937,0.00170512,0.0010554
0.0155245,0.0112521,0.00512018,0.00648999,0.00198067,0.00302036
0.0171836,0.0121479,0.00552266,0.00572347,0.00249771,0.0024825
0.00609397,0.00432554,0.00271294,-0.000180466,-0.00035364,0.000459951
0.0184629,0.0128696,0.00963049,0.00850122,0.000627442,0.000404983
0.00880817,0.00403761,0.00439489,0.00546173,0.00134477,0.000416829
0.00881557,0.004781,0.0047418,0.00629804,0.00125601,0.000685281
0.0133812,0.00557991,0.00708615,0.00305838,0.00176981,0.00111895
0.0162351,0.0096811,0.00837896,0.00943381,0.00152538,0.00056556
0.00661145,0.00467049,0.00549882,0.00498804,0.000832009,0.0007453
0.00528987,0.00393027,0.00244104,0.00114709,0.000629855,0.000754409
0.00562092,0.00376696,0.00370595,0.00483192,7.79565e-05,0.00144036
0.00728518,0.00519761,0.00287457,0.00720775,0.00115134,-0.00126837
0.009531,0.00664583,0.0032459,0.00380736,0.000755951,0.00061766
0.0146834,0.00939263,0.01197,0.0122031,0.00279331,0.00183312
0.0186382,0.0110333,0.00669996,0.00778478,0.00130527,0.00135369
0.0123726,0.00847753,0.00399414,0.0055073,0.00196247,0.00107763
0.0201918,0.0136066,0.00856824,0.0158522,0.00335699,0.00199865
0.00617094,0.00451047,0.00335833,0.000241739,0.00143647,-0.000370457
0.0232527,0.0139311,0.00937791,0.0084672,0.00223033,0.000501874
0.0176338,0.0121529,0.00651007,0.00819008,0.00244228,0.00151903
0.0131666,0.00880872,0.0064302,0.00404338,0.000782963,0.000665388
0.00930995,0.00383112,0.006289,0.0168926,0.00449153,0.00659002
0.00918399,0.00457982,0.0067732,0.017043,0.00393001,0.0095855
0.00526349,0.00336518,0.00266668,0.00462977,0.000365384,0.000131009
0.00786941,0.00552787,0.00283885,-0.00240487,0.00111915,-0.000157296
0.0128729,0.00550541,0.00638044,0.0069071,0.000608765,0.000855405
0.0194197,0.0114055,0.00608205,0.00280371,0.00219705,-0.00027119
0.0159069,0.0107867,0.00669127,0.00869711,0.000531353,0.00175337
0.00488505,0.00371649,0.00320405,0.0018971,0.000586915,0.000720047
0.0139817,0.00733155,0.00607409,0.00621021,0.00121987,0.00171696
0.015983,0.00794159,0.00621282,0.00708972,0.00136294,0.00152026
0.00453177,0.00298849,0.00253428,0.0048667,5.35124e-05,0.0018055
0.0138495,0.00929468,0.00406445,0.00306841,0.00196661,0.000444669
0.01567,0.0109187,0.00557425,0.00677812,0.00200203,0.000720505
0.0212676,0.00880258,0.00787802,0.00797461,0.00269463,0.00150594
0.0230655,0.00905353,0.00826074,0.00731863,0.0015369,0.000746194
0.00611196,0.00360581,0.0029276,-0.000812412,0.000995859,-0.000133498
0.00638231,0.00468611,0.00565492,0.0132879,0.00449725,0.0134605
0.00587504,0.00426135,0.00288574,0.00271951,0.000340119,0.00169304
0.015648,0.010901,0.00524089,0.0068732,0.00255491,0.000206968
0.0307639,0.00879762,0.0144065,0.017336,0.00320853,0.00209669
0.0239412,0.00896751,0.0103712,0.00936471,0.00338069,0.000813742
0.00916762,0.00443854,0.00261013,0.00232077,0.00205328,0.00141929
0.0184013,0.0126623,0.00784063,0.00820456,0.00262917,0.00175169
0.00921796,0.00656995,0.00337912,-0.00144148,0.000705062,-0.000429677
0.00455796,0.00319648,0.00236306,0.0012271,0.000956453,-0.000404174
0.00835104,0.00572738,0.00346648,0.00099179,-0.000310403,-0.00063274
0.00412362,0.00299667,0.00248757,0.00133868,-0.000428451,0.000324624
0.0140387,0.00898459,0.0113333,0.0188457,0.00420689,0.00140774
0.00758607,0.00312369,0.00497341,0.00620372,0.00075019,-0.000179205
0.00603939,0.00445844,0.00215959,0.00129981,0.000336649,-0.000121479
0.0234667,0.0163457,0.0128171,0.0145562,0.00312919,0.00235913
0.0064051,0.0032086,0.00379175,0.00111374,0.000275346,0.000406049
0.00692006,0.00404842,0.00859653,0.00379571,0.000726434,-0.00115681
0.0110072,0.00647096,0.0045384,0.00610645,0.00143728,0.00165028
0.00964352,0.00599512,0.00425251,0.00458539,0.000114957,0.00159525
0.0135422,0.00914035,0.00644589,0.0143536,0.00195189,0.00104553
0.0176479,0.00847769,0.008556,0.00816521,0.00162252,8.1483e-05
0.0174141,0.0085841,0.00839298,0.0105926,0.00167884,0.000381286
0.0129437,0.00898779,0.00502997,0.00345823,0.00237094,0.00139782
0.0135369,0.00686823,0.0104989,0.00553926,0.00337424,-8.01151e-05
0.013771,0.00688891,0.00683523,0.00179248,0.00152505,0.000998934
0.0119858,0.0084358,0.00552935,0.00348783,0.00126799,-6.35789e-05
0.0150501,0.0104045,0.00659431,0.00491018,0.00217321,0.000142903
0.00511888,0.00361424,0.00673635,0.00836987,0.000502338,0.00109254
0.00520683,0.00351617,0.00267833,0.000934031,-5.7881e-06,0.00115377
0.0217149,0.0142002,0.0109187,0.0152554,0.0039652,0.00223825
0.00817829,0.00444492,0.00318875,0.0028937,0.00102376,0.00137524
0.00838899,0.0061265,0.00283507,0.00719319,0.00203183,0.000403613
0.00964463,0.00703815,0.00211378,0.00846376,0.00142808,-0.000354987
0.00432806,0.00305665,0.00449063,0.00602212,0.000971348,0.000251311
0.0121502,0.00515426,0.00597814,0.00595113,0.00116355,0.000427812
0.0175103,0.00830466,0.0081028,0.0123222,0.00216691,0.000949953
0.0187205,0.0084181,0.00819153,0.0138837,0.00178295,0.000499125
0.028395,0.0155665,0.0115949,0.0136332,0.00276825,0.00216594
0.0124684,0.00497283,0.00467472,0.00437667,0.00134194,0.00172652
0.00598796,0.00434697,0.00172654,0.00451133,0.000673531,-0.000682006
0.018709,0.0102423,0.00816463,0.00802902,0.00157506,0.00090267
0.00915672,0.00617255,0.00444257,0.00325168,0.000271651,-0.000914596
0.0379826,0.0169189,0.0174771,0.020896,0.00429405,0.00432607
0.0333559,0.0129011,0.0177778,0.0196202,0.00459899,0.00479158
0.0100328,0.00733173,0.00320685,0.00710973,0.00111783,0.000721221
0.008051,0.00551265,0.00314861,0.00171154,0.000638896,0.000305786
0.00825806,0.00627378,0.00214788,0.000199496,0.00237469,0.000375046
0.0093627,0.00663669,0.00269489,0.0007026,0.000595632,0.00082114
0.0207088,0.0108378,0.00801368,0.0123893,0.0033142,0.00150387
0.0139099,0.00855584,0.00437419,0.00764632,0.00173153,0.000758362
0.0172018,0.0100623,0.00454912,0.00423744,0.00189364,0.00120748
0.00893065,0.00601364,0.00415992,0.00717576,0.000871641,0.000727905
0.00901191,0.00632576,0.00535468,0.00690268,0.00184666,0.00204319
0.0108789,0.00759161,0.00518855,0.00573245,0.000914431,7.89784e-06
0.00597546,0.0045753,0.00385236,0.00579854,0.00143238,0.000265412
0.00549464,0.00376718,0.003193,0.00402694,0.000604473,0.000346663
0.00699573,0.00290349,0.00412269,0.00716107,0.000529119,0.000279445
0.0295477,0.0169941,0.0127971,0.0133376,0.00196357,0.00159257
0.0127211,0.00938058,0.00415957,0.0103301,0.000985346,0.000871012
0.0228669,0.0147601,0.00979083,0.00986134,0.001512,0.000628074
0.0173791,0.0106567,0.00726,0.00359933,0.000421428,0.000318969
0.00740765,0.00497318,0.00609299,0.00524335,0.00106484,0.00143468
0.00417338,0.00334317,0.00234272,0.00208507,0.000348051,-0.000426198
0.00570615,0.00382617,0.00144233,0.0010321,0.0010913,-0.000167377
0.0188571,0.00907522,0.00736466,0.00969645,0.00175059,0.00140792
0.0181341,0.0123039,0.00928247,0.0109781,0.00286612,0.00224058
0.0118354,0.00822104,0.00905726,0.00139096,0.000643941,0.00123774
0.00798485,0.0052875,0.00596839,0.00631964,0.00180501,0.00016065
0.0193291,0.0121451,0.00636102,0.00848958,0.000904763,0.000352948
0.00912585,0.00677769,0.00347756,0.00490693,0.00165976,0.000926961
0.0292307,0.0177268,0.0242273,0.0226621,0.0049737,0.00600226
0.00384832,0.0031799,0.00252487,-7.45621e-05,0.000945293,0.00131451
0.00807779,0.00548163,0.00840087,0.0116238,0.00375747,0.00227881
0.0151675,0.00749191,0.00683542,0.00703425,0.00275301,0.00302807
0.014613,0.00740794,0.00644185,0.0074111,0.00168544,0.00268899
0.0182684,0.00900714,0.00519611,0.0071189,0.00179501,0.00120086
0.0249459,0.0143259,0.0094638,0.0125192,0.00316165,0.00132228
0.00377539,0.003023,0.00113432,-0.00479866,4.67726e-05,-0.000309452
0.00630534,0.00465517,0.00363673,0.00431505,0.00056356,-0.000974552
0.00691536,0.00485181,0.00279964,0.00206206,0.000839258,0.000572975
0.00433313,0.00318601,0.0021993,0.00423412,-0.000242092,0.000942677
0.0136491,0.00934692,0.00614873,0.00165728,0.000952124,0.000874001
0.0139761,0.00970598,0.00443862,0.00371253,0.00085902,0.000215498
0.0128486,0.00872836,0.00550915,0.00840282,0.00174402,0.00145429
0.00574199,0.00354705,0.00250812,0.00227066,0.00123976,-0.000267589
0.013982,0.00781411,0.00425962,0.00487937,0.00041643,-0.000411065
0.0144677,0.00847324,0.00514995,0.00845932,0.000841313,-0.00109104
0.00418077,0.00310704,0.00182975,0.00074919,0.000931297,-3.10281e-05
0.00517304,0.00381028,0.00562891,0.007149,0.00118041,0.000858663
0.0122135,0.00833943,0.00313294,0.00582875,0.000444843,0.00211887
0.0143847,0.00742142,0.005816,0.00225011,0.00130468,0.00123129
0.00465605,0.00360995,0.00183409,0.00101764,0.00123752,-8.7516e-05
0.0108214,0.00695795,0.00249555,0.00809628,-0.000354255,0.00103903
0.00959999,0.00518657,0.00369354,0.00146207,0.000151947,0.00153812
0.00849594,0.00352524,0.00479536,0.0128297,0.00120824,0.000953324
0.00765141,0.00410374,0.00261771,0.0105979,0.000308742,0.000413528
0.0103623,0.00721546,0.0061165,0.00768449,0.000841212,0.00164541
0.00500458,0.00386813,0.00271309,0.0015808,0.000885705,0.00198495
0.019962,0.0114557,0.00908103,0.00880944,0.00255686,-0.000439595
0.0107687,0.00648211,0.00586603,0.00667324,0.00235884,0.000980297
0.00668372,0.00377121,0.00395349,0.0028115,0.00034554,0.00220015
0.044504,0.0179188,0.0435485,0.0602474,0.0118997,0.00424005
0.00549076,0.0041165,0.0029595,0.00535601,0.00196278,0.000774158
0.00949984,0.00666233,0.00540016,0.00738906,0.00131113,0.000794735
0.0104251,0.00763169,0.0065308,0.00793683,0.00120555,0.000375205
0.00651069,0.00440641,0.00263779,0.00110894,0.000363779,0.000675666
0.0207427,0.0139789,0.00876775,0.00714048,0.00207707,0.000545263
0.0452618,0.029762,0.0134286,0.0437374,0.0122361,0.0241203
0.0279346,0.0132188,0.0154206,0.0194768,0.00392714,0.00130016
0.0288424,0.0132,0.0154528,0.0192419,0.00444154,0.00368863
0.0202546,0.00749515,0.0107474,0.0172718,0.00536812,0.00718731
0.0169655,0.00642858,0.0078614,0.0100609,0.00157843,0.00202201
0.00550293,0.00406631,0.0028496,-5.50534e-05,0.000182829,0.000766459
0.0220635,0.00875053,0.0110157,0.0121062,0.00348762,0.000369377
0.0492775,0.0177246,0.0194837,0.0206947,0.00523173,0.00112501
0.0426057,0.0177273,0.0145984,0.0157205,0.00383482,0.00106074
0.00736723,0.00502183,0.00299022,0.00478179,0.000866401,-0.00067681
0.0168964,0.00853196,0.00892602,0.0111485,0.00370296,0.00062553
0.0165174,0.00853037,0.00803714,0.0104537,0.00315169,0.000141373
0.0126033,0.00899049,0.00406223,0.00603435,0.000107468,5.55158e-05
0.0264521,0.0166385,0.00868494,0.0146423,0.0033266,0.00239812
0.00756672,0.00558361,0.00260194,0.00255842,0.00172112,0.00140552
0.017185,0.00863058,0.00758687,0.00868416,0.000255662,0.000654452
0.011684,0.00827668,0.00900259,0.00828608,0.00085524,0.00155054
0.00873288,0.00553829,0.00343847,0.00270719,0.000944849,0.000458483
0.0103957,0.00703573,0.00281637,0.00389069,0.000256561,0.000768398
0.00919519,0.00632162,0.00479559,0.00557739,0.00131238,0.000286291
0.0293382,0.0201323,0.0102866,0.0131509,0.00214753,0.000564519
0.00401865,0.00298847,0.00155753,0.00161679,-6.94175e-06,-0.00041891
0.00694904,0.00324201,0.00234629,0.00323461,0.00150636,0.000418311
0.0186371,0.0114784,0.00531721,0.00875762,0.00135744,-0.000193136
0.0084774,0.00598269,0.00626175,0.0108538,0.0022401,0.0014972
0.00472549,0.00325882,0.00341935,0.00325931,-7.00529e-05,0.000691651
0.0151024,0.00619143,0.01023,0.0116643,0.00182249,0.00179673
0.00441704,0.00340974,0.00247492,0.00294493,0.0014424,-0.000293992
0.00871225,0.00607446,0.00800321,0.0112705,0.00251205,0.000580427
0.00665635,0.00507244,0.00174066,0.00115599,0.000704071,-0.000930007
0.0189309,0.0109635,0.00951839,0.0111423,0.00150433,0.00101903
0.0179984,0.00727637,0.0100333,0.0185304,0.00451773,0.00217343
0.0349205,0.0166013,0.0194234,0.0293594,0.00549651,0.00299344
0.0292958,0.016684,0.0164277,0.0227301,0.00421854,0.00233329
0.0188515,0.013182,0.00523872,0.00838031,0.00135019,0.00138797
0.00657495,0.00474073,0.00362825,0.00536408,0.000856318,0.000363439
0.00707108,0.00502919,0.00175953,0.00337208,0.00121658,0.00111121
0.0108281,0.00557191,0.00602563,0.0061598,0.00202418,-0.00117463
0.00994492,0.00430845,0.00532927,0.00508973,0.0017727,-0.000768075
0.017544,0.0102218,0.00612392,0.00851403,0.00249275,-0.000260298
0.0168034,0.0102135,0.00642764,0.00803279,0.00218804,0.000528343
0.00401547,0.00317703,0.00188429,0.00652554,0.000961297,-0.00015446
0.0135301,0.00949899,0.00498413,0.00683397,0.00104047,0.000978322
0.015331,0.0105787,0.00572514,0.0137235,0.00218455,0.00180035
0.00887639,0.00621583,0.00403854,0.00532823,0.00089857,-0.000115832
0.0162405,0.00576696,0.006866,0.00936238,0.0020347,0.00109571
0.027478,0.0104739,0.010767,0.0175927,0.00316938,0.00191474
0.0377338,0.014388,0.0190919,0.0249625,0.00616623,0.00347217
0.00540979,0.00395502,0.00276734,0.00259698,0.000828121,0.000846969
0.0161488,0.0102435,0.00531598,0.0090625,0.00178136,0.0015132
0.0113776,0.00447138,0.00568491,0.00613773,0.00125218,0.00147058
0.0113711,0.00453183,0.00577419,0.00545461,0.00139728,-0.000141626
0.00532163,0.00379201,0.00320464,0.00296768,0.00118781,0.00137742
0.0142223,0.00797081,0.00858202,0.0102063,0.00171108,-0.000252516
0.0153115,0.00793867,0.00884157,0.00824728,0.00160478,-0.000173731
0.00933541,0.0067411,0.00234622,0.003775,0.000940165,-0.000160532
0.0077761,0.00527733,0.00260633,0.00314207,0.000511913,0.000195851
0.00898482,0.00663827,0.00436943,0.00838772,0.000316363,-0.000224478
0.0116468,0.00604951,0.0088947,0.00972773,0.00197154,0.000112549
0.00938039,0.00385646,0.00754746,0.0103789,0.00320936,0.000359347
0.0147672,0.0103081,0.0073713,0.0080415,0.000654391,0.000866243
0.0158551,0.0112245,0.00693919,0.00645546,0.00109593,-0.00128147
0.00492062,0.00360868,0.00271214,0.00531813,0.000321538,-5.09629e-05
0.00637584,0.00426821,0.00381774,0.00013567,0.000574452,0.000778881
0.0280294,0.0171029,0.0147653,0.0263254,0.00674335,0.00634611
0.0354905,0.0196613,0.017027,0.0276486,0.00744046,0.00805435
0.00666812,0.00372359,0.00358681,0.00139447,0.000925313,0.000203709
0.00673603,0.00448286,0.00771438,0.0170229,0.00276086,-0.000431965
0.00885711,0.00643699,0.00440613,0.00475428,0.00224349,-0.00029983
0.0045883,0.00318938,0.00310307,0.00458565,0.00137351,-0.000241806
0.00555721,0.00399342,0.00158599,0.00516128,0.000477882,-0.000678133
0.0109164,0.00745857,0.00834881,0.00771504,0.00147747,0.00137671
0.0218258,0.0134197,0.0123331,0.0120632,0.00287873,0.00129165
0.0174004,0.0112229,0.0139475,0.0106492,0.00278239,0.00172096
0.00919588,0.00305669,0.00601842,0.00856286,0.00176091,-0.00123868
0.00740386,0.00304982,0.00423574,0.00599667,0.00155642,-0.00109538
0.0137124,0.00952533,0.0100402,0.0207741,0.0105288,0.0169601
0.0160345,0.00812681,0.0060606,0.00525769,0.00214306,0.0013956
0.023924,0.0136202,0.00817237,0.0130753,0.00299599,0.00207414
0.00606991,0.00467616,0.00247575,0.00289906,0.000986378,-2.7626e-06
0.0109358,0.00793304,0.00501732,0.00625495,0.00219604,-0.000562201
0.00832025,0.00575066,0.00301193,0.00301167,0.0007782,-0.000442046
0.00838426,0.00595398,0.00267995,0.00483527,0,0.000297716
0.0118425,0.0079188,0.00543184,0.00880875,0.00343629,0.0027978
0.0178653,0.0121969,0.00875417,0.0128631,0.00225842,-0.000976161
0.0100294,0.00690905,0.00526656,0.00861388,0.000526708,-0.000915248
0.00810466,0.00612118,0.00374268,0.000561613,0.000734308,0.000337332
0.00397994,0.00308563,0.00300517,0.000752498,0.000277315,-6.95831e-05
0.00708545,0.00507274,0.00375402,-0.00242792,0.000521571,-0.000142835
0.0154111,0.0091577,0.00736058,1.94943e-05,0.000697645,0.00212754
0.0166991,0.00749571,0.00843753,0.013082,0.00123398,0.000817138
0.00809723,0.00533355,0.00339173,0.00718786,0.00181758,-0.00125526
0.00554865,0.00348464,0.00274973,0.00176016,0.000438934,-0.000459792
0.00729476,0.0050528,0.00298456,0.00443068,0.00122926,-0.000683493
0.0106011,0.00722387,0.00431681,0.0050965,0.000982471,-0.000768988
0.00759532,0.00558364,0.00258406,0.00423045,-8.4871e-05,0.000243073
0.0229046,0.0118473,0.00886363,0.0113788,0.00233249,0.000760683
0.00824854,0.00547382,0.00401946,0.00933178,0.00239274,0.00537273
0.0256682,0.0106069,0.01256,0.0172531,0.00356816,0.00100627
0.0315057,0.0104507,0.0151688,0.0204199,0.00448707,0.00125532
0.0182421,0.0100159,0.00899284,0.00891001,0.0029021,0.000496306
0.0147685,0.0101853,0.0100368,0.00541706,0.00141679,0.000730945
0.00922713,0.00639163,0.00389003,-0.000517848,0.00133315,-0.00121157
0.014287,0.00870226,0.00708176,0.0036627,0.00265009,0.000329773
0.013323,0.00879891,0.00683376,0.00347737,0.00223199,0.000469522
0.00696108,0.00502411,0.00486779,0.00971687,0.00221614,0.000756245
0.0247988,0.0166753,0.00804201,0.0108331,0.00338828,0.000372914
0.0154445,0.010595,0.00689278,0.0111733,0.00133575,0.00130615
0.00967265,0.00589792,0.00545402,0.00587476,0.00214211,-0.000779285
0.0113847,0.0048971,0.0054097,0.0109123,0.00119924,0.00109647
0.00962918,0.00636747,0.00354387,0.00555113,0.000926534,0.000520839
0.00464117,0.00340263,0.0027172,-0.000718899,0.000597378,-0.000728364
0.00540292,0.00363552,0.00286699,-0.000426134,0.000447275,0.000349181
0.0103579,0.00704199,0.00763657,0.0128504,0.00245381,0.000771383
0.00905395,0.00602201,0.00340427,0.00337749,0.00218515,-0.000253181
0.017212,0.0110766,0.00661712,0.00590989,0.00172959,-0.000364567
0.00594893,0.00424041,0.00427079,0.00486866,0.00189964,-0.000266766
0.0171424,0.0117309,0.00595145,0.0116741,0.00182774,0.000605868
0.0196715,0.0134251,0.00864508,0.00676943,0.00197504,0.00270132
0.00785956,0.00585291,0.00441287,0.00776349,0.000552275,0.000185177
0.0112308,0.00636832,0.00585037,0.00489516,0.00104386,0.00134294
0.0115199,0.00539792,0.00581615,0.0052498,0.000351308,0.00102721
0.0209704,0.013853,0.0072463,0.0145084,0.00180512,-0.000908926
0.0133039,0.00928066,0.00462252,0.00335252,0.00103314,0.00175276
0.0116403,0.00843732,0.00442106,0.00587247,0.000643242,0.000447578
0.00525594,0.00308661,0.00338352,0.0027076,0.0005287,0.000212744
0.0214637,0.00943423,0.00950787,0.0106551,0.00205451,0.00152324
0.00690182,0.00492779,0.00288905,0.00226321,0.000727252,-0.000637168
0.0174416,0.00839391,0.0079366,0.0114503,0.00145263,0.0021571
0.015425,0.00851443,0.00719366,0.0101927,0.00119944,0.00124794
0.00565966,0.0030539,0.0033663,5.71291e-05,0.000478877,7.04286e-05
0.0162988,0.00716825,0.00734874,0.00490296,0.00270136,-0.000651314
0.0248106,0.00978163,0.0128314,0.0117185,0.00462025,0.00225013
0.0228874,0.00731784,0.015881,0.0143568,0.00426507,0.0034116
0.0281764,0.0134596,0.0191327,0.0316917,0.00846982,0.00569162
0.0309412,0.0134883,0.0208742,0.0390352,0.00867743,0.00659801
0.0145088,0.00593175,0.00555259,0.0280772,0.00993925,0.0217389
0.0130697,0.00603872,0.00546792,0.0312613,0.0100326,0.0256664
0.0318069,0.0150282,0.0143073,0.0168787,0.00362486,0.00224892
0.00659892,0.00447244,0.00198952,0.00164534,0.000173998,-0.00094283
0.00831189,0.00581243,0.00492279,-0.00205264,0.000682233,5.77072e-05
0.0179176,0.0114312,0.00621141,0.0105886,0.0027217,0.00197853
0.0176625,0.0108808,0.00787471,0.014801,0.00209332,0.00102406
0.00960744,0.00661542,0.00828035,0.00997776,0.00194899,0.000320713
0.0114019,0.00659845,0.00776988,0.00988143,0.00202721,0.000278994
0.018422,0.00778093,0.0118363,0.013307,0.00317071,-0.0003495
0.0150151,0.00782776,0.00939646,0.010279,0.00201591,0.00031012
0.0101026,0.00699668,0.00493279,0.00708011,0.000368142,0.000453249
0.012457,0.00430272,0.00534754,0.0112283,0.000651073,0.000555706
0.013561,0.00682535,0.00511094,0.00762961,0.00117976,6.1964e-05
0.00731764,0.00435496,0.00406535,0.00601235,0.00142595,0.00123988
0.0154047,0.00949093,0.00767945,0.00744549,0.00371743,0.00261731
0.00559334,0.0044406,0.00335257,0.00113414,0.000292393,-5.46733e-05
0.00546116,0.00363565,0.00518724,0.00351258,0.00072287,0.00199873
0.00489464,0.00369085,0.00221144,0.00101285,0.00026981,-0.000312836
0.0156197,0.00596648,0.018258,0.0137869,0.00454004,0.00362551
0.0135591,0.00932487,0.00649744,0.0270973,0.00941387,0.0206984
0.00611476,0.00466867,0.00241125,0.00729388,0.000955021,0.000839316
0.0116474,0.0076796,0.00398984,0.00757619,0.00131756,0.001463
0.0225404,0.0162401,0.00575459,0.0104092,0.00203189,0.00186814
0.0118388,0.00826287,0.00381861,0.00710362,0.00041926,0.00136443
0.0253491,0.0119669,0.0102711,0.0137709,0.00401426,0.00185565
0.0096366,0.00588416,0.00755114,0.00829989,0.00119494,0.000205302
0.016397,0.0106322,0.015573,0.0231843,0.00505624,0.00301093
0.0313241,0.0182218,0.027611,0.037814,0.00729914,0.00380739
0.00553199,0.00419485,0.00242505,0.00287384,0.000574325,0.000985203
0.0126741,0.00857785,0.0207153,0.00732547,0.0015973,0.00107749
0.00976563,0.00698031,0.00289568,0.00949709,0.00149968,0.000567058
0.0117595,0.00802383,0.00688624,0.0113194,0.00124438,0.00129782
0.0100597,0.00660699,0.00271698,0.00257991,0.000898702,0.000352522
0.0086546,0.00429411,0.00332581,0.00490446,0.00116336,-0.000545802
0.00915187,0.00446514,0.005353,0.00645844,0.000411954,0.000879515
0.0126116,0.00883299,0.0120993,0.0224452,0.00566495,0.00462782
0.0127668,0.00870221,0.00591244,0.00791336,0.00109858,-0.000830834
0.00925684,0.00644741,0.00238173,0.00525971,0.000334415,0.000174555
0.016344,0.0103023,0.0073302,0.00478801,0.00123817,0.000345616
0.0124352,0.00505239,0.00733142,0.00396141,0.000861223,0.00121961
0.0166348,0.0116669,0.00807878,0.0101477,0.00177511,0.00164147
0.0168608,0.00652585,0.00932993,0.00954877,0.00226716,0.000843974
0.0163294,0.0070155,0.00890081,0.00964939,0.00163136,0.000593767
0.0146636,0.0106032,0.00458239,0.000146769,0.000798763,0.000886115
0.00810955,0.00553157,0.00351585,0.00387537,0.000367204,-0.000686197
0.00890292,0.00632403,0.0115873,0.01359,0.00276463,0.00310235
0.00583279,0.00417663,0.00614325,0.00457242,0.00210967,-0.00113594
0.00643902,0.00392043,0.00287531,0.00621932,0.000648677,0.00170856
0.00792185,0.00512467,0.00406993,0.00970361,0.000783512,0.00160958
0.0220202,0.0104509,0.00878947,0.0146994,0.00202656,0.000564178
0.0270016,0.01261,0.0100479,0.0165863,0.00298848,0.000313341
0.0106478,0.00614603,0.00384883,0.0113352,0.00084211,-0.00018065
0.019616,0.00996543,0.00767614,0.0137472,0.00273171,0.00277938
0.0171213,0.00992901,0.00663248,0.00668336,0.00299168,0.0033772
0.040742,0.0152395,0.0263045,0.0512978,0.0138212,0.0199781
0.00677154,0.00400111,0.00407933,0.0054699,0.0010708,0.0014738
0.00734695,0.0052969,0.0047971,0.00654187,0.000128891,-1.45068e-05
0.00899088,0.00639337,0.00362577,0.00567714,0.00152893,-0.000463808
0.0144694,0.00773294,0.00586361,0.00941259,0.00229997,0.000208442
0.013784,0.00986799,0.00693131,0.00906566,0.00175409,0.00118204
0.00591119,0.0041243,0.00346193,0.00722768,0.00108298,0.000728703
0.00524792,0.0041473,0.00441634,0.00703404,0.000203856,-0.00123653
0.0308784,0.0132511,0.00859308,0.0155537,0.00295605,0.00112372
0.00722683,0.0050477,0.00398941,0.00875669,0.00144385,0.00106943
0.00759677,0.00561733,0.00344043,0.00078466,-0.000423729,-0.00140033
0.0126001,0.00892006,0.00439537,0.00568709,0.000108063,0.000320866
0.00713816,0.00536016,0.00228229,0.00863261,0.00163426,0.000598345
0.0308418,0.0183213,0.0121468,0.0422488,0.0145833,0.0345153
0.022314,0.0134254,0.00878455,0.0286157,0.00648169,0.0210109
0.0132223,0.0092754,0.0040806,0.0116395,0.00196653,0.00126433
0.00775315,0.00546215,0.00225529,0.00605582,0.00152382,-0.000419877
0.00977582,0.00677832,0.0102476,0.0151314,0.00427105,0.000391683
0.0135666,0.00960641,0.00417756,0.00452043,0.000593588,0.00126742
0.0126038,0.00638701,0.0049383,0.00535705,0.000985793,0.00162092
0.0147103,0.00957654,0.00551594,0.00660854,0.00191083,0.00117747
0.00956989,0.00677075,0.00391799,0.00563939,0.000501252,-0.000368819
0.00652324,0.00432364,0.00260931,0.00354709,0.0011926,-0.00142044
0.00561543,0.00316945,0.00249776,0.00187555,0.00144285,0.00147796
0.00597903,0.0034903,0.00229923,0.00356875,0.00125517,0.000424166
0.00847148,0.00565963,0.0022219,0.00217688,0.00142916,0.0015348
0.0120936,0.00805817,0.00467691,0.00328359,0.000604883,0.000641582
0.0112814,0.00812072,0.00518696,0.00404422,0.000346298,0.000838249
0.00710196,0.0049298,0.00306964,0.00433805,0.0011126,-0.000974967
0.00960581,0.00675296,0.00354789,0.00645727,0.000731452,0.000146005
0.00457498,0.00356103,0.00339546,0.00166604,0.000760474,0.00185961
0.00869646,0.0060114,0.00531595,0.00647147,0.00181196,0.00317699
0.0236905,0.0122853,0.0112132,0.0295183,0.0105529,0.0340853
0.00449092,0.00327212,0.00250803,0.000458194,0.00040577,-0.000768854
0.0172198,0.0118688,0.00592922,0.0041046,0.0012381,-3.81226e-05
0.00795473,0.00556521,0.00383012,0.00275222,0.000878212,0.000845907
0.0262637,0.00872207,0.013764,0.0153859,0.0031467,0.00288522
0.0131104,0.0055208,0.00861184,0.00936903,0.00206137,-3.95447e-06
0.0206367,0.0110871,0.00931369,0.00964437,0.00229182,0.000890553
0.0178167,0.00982101,0.00780617,0.00773159,0.000916213,0.000731848
0.00733261,0.00501508,0.00345401,0.00207084,0.00016689,0.000889868
0.0111593,0.00807787,0.00463707,0.00368964,0.00187366,0.00112414
0.00861827,0.00629342,0.00449212,0.0034604,0.0014447,-0.000667174
0.00474001,0.00352417,0.00232575,0.00158704,0.00126822,-0.000152856
0.0054935,0.00384902,0.00218412,0.00231112,-0.000730102,-0.000176631
0.0169965,0.0113011,0.00785615,0.00795666,0.00116373,0.00269971
0.00708184,0.00507019,0.00602891,0.0050162,0.000227298,0.00122365
0.0109079,0.00665517,0.00608681,0.00221655,0.00211605,0.00109838
0.00940946,0.00419743,0.00697837,0.00476305,0.00189277,0.000130431
0.0092396,0.00617201,0.00438545,0.000801269,0.00158424,0.000919843
0.0129154,0.00938441,0.00318838,0.00513141,0.0010696,0.00114013
0.00544332,0.00434615,0.00223149,0.00262461,0.000652472,0.000915024
0.0113975,0.00787359,0.00549599,0.00585323,0.00245885,0.000653703
0.0197072,0.0124546,0.00829369,0.012507,0.00133654,0.00192566
0.0319184,0.0142763,0.0161148,0.0230858,0.00455211,0.00168646
0.0297261,0.0142979,0.0156028,0.0215798,0.00581964,0.000460049
0.0171804,0.00954603,0.00894252,0.0123387,0.00276836,-0.000731433
0.0125368,0.00910533,0.00600324,0.0135067,0.00339082,0.000641798
0.012297,0.00883831,0.00850883,0.0145248,0.0034323,0.00103359
0.00869429,0.005694,0.00448675,0.00419102,0.0012103,-2.13712e-06
0.00440871,0.00309789,0.00199272,-0.000519351,-0.000158891,0.000455054
0.0243026,0.0131737,0.014802,0.0181279,0.00349322,0.00102433
0.00831711,0.00586466,0.00437354,8.02199e-05,0.000606693,3.61111e-05
0.0121438,0.00868115,0.00524799,0.00543514,0.00135319,-0.000172937
0.0105566,0.00713607,0.00801695,0.0142636,0.00336483,0.0014783
0.0233777,0.016352,0.0107883,0.0222894,0.00784061,0.0141497
0.00524615,0.0037233,0.0030768,0.000255313,0.000837394,0.00113312
0.0214962,0.0147634,0.0165077,0.0151316,0.00209902,0.00270102
0.00453382,0.00325636,0.00264835,0.00227622,-0.000630637,-0.000408823
0.00838931,0.0053631,0.00326924,0.00644284,0.000957773,0.000509422
0.0188062,0.0103598,0.00783255,0.00225883,0.0016291,0.000171582
0.00997099,0.00558286,0.00605088,0.00702016,0.0017878,-0.000316367
0.0151839,0.0104233,0.00810474,0.00906747,0.00181623,-7.14381e-05
0.0124784,0.00742599,0.00349956,0.00350413,0.000521269,-7.8276e-05
0.0119332,0.00738487,0.0039313,0.00544097,0.000833026,-0.000562382
0.0043763,0.00330167,0.00410184,0.00320639,0.000568634,-0.000360387
0.00696679,0.00496496,0.00435642,0.0253857,0.00735096,0.0243279
0.0065758,0.00451752,0.00265604,0.00383072,0.000894924,-0.000425652
0.0206094,0.0139875,0.00732059,0.0160252,0.00308617,0.000884552
0.00571125,0.00340288,0.00360751,0.00481064,0.000411098,-0.000485507
0.00850087,0.00535135,0.00556484,0.00344784,-0.000159101,4.62504e-05
0.012604,0.00739473,0.00554038,0.00126848,0.00097621,0.00108568
0.00943512,0.00394871,0.00324281,0.000979413,2.54019e-05,-0.000432063
0.0139645,0.00643506,0.00579478,0.00915284,0.00172193,0.00397971
0.0176733,0.00651078,0.00764152,0.0103575,0.00217374,0.00237863
0.0212695,0.00742447,0.0109054,0.0159504,0.00386805,0.00231026
0.0263618,0.0150987,0.0142454,0.0184492,0.00407822,0.000921537
0.00394984,0.00325917,0.00244806,0.00662537,0.000794238,-0.000201028
0.00536908,0.00437485,0.00331978,-0.000134406,0.0012669,-0.000473852
0.0169458,0.0106039,0.00549103,0.00643304,0.000964301,0.000499733
0.0120384,0.005663,0.00482369,0.00793201,0.00125316,-0.000108488
0.003911,0.0031245,0.00196931,0.00418306,0.000823934,0.000270081
0.012057,0.00839727,0.0072216,0.0287162,0.00907202,0.0225221
0.00832825,0.00617878,0.00271424,0.00564626,0.000789497,0.000934522
0.00620282,0.00454166,0.00269532,0.00153999,-0.000696416,0.000224785
0.0185194,0.0114206,0.00955874,0.00870869,0.00377681,0.00103309
0.0277346,0.0128926,0.0125226,0.0213291,0.00318845,0.00249133
0.0262808,0.0105666,0.011825,0.0165802,0.00289088,0.00225798
0.00959242,0.00440401,0.0042671,0.00600238,0.00130407,0.000967369
0.0182907,0.0126288,0.00753644,0.0110176,0.00214107,0.00170184
0.0077176,0.00521085,0.00483305,0.0106298,0.00176155,0.0023324
0.0179766,0.0125807,0.00503029,0.00540015,0.00244906,-0.00158853
0.0101342,0.00651231,0.005781,0.0122147,0.00205598,0.00173317
0.00651007,0.0048503,0.00315082,0.00316211,0.000945256,0.000197173
0.00927759,0.00618926,0.00635925,0.012776,0.000813507,-0.00189
0.013001,0.00811864,0.0085372,0.00825765,0.00194399,0.00015935
0.0126428,0.00893551,0.00935586,0.0244915,0.00666948,0.00971241
0.00805363,0.00583407,0.00431796,0.000172004,0.00182592,0.00325846
0.00551541,0.0037993,0.0012615,0.0043388,0.000811924,-0.00060331
0.0120017,0.00763273,0.00563535,0.00599113,0.000805845,0.00179616
0.00600273,0.00415657,0.00386175,0.00835708,0.00166142,0.00064835
0.0111284,0.00593832,0.00828893,0.00702361,0.00146089,0.000417076
0.015387,0.00943807,0.00739201,0.0120605,0.00250751,1.32013e-05
0.0131987,0.00863821,0.00705842,0.00485304,0.00164448,-0.00093173
0.0147704,0.00736692,0.00785613,0.0102021,0.000234718,7.4924e-05
0.0127246,0.00913325,0.00360546,0.00609397,0.00068096,0.000591514
0.0110946,0.00720938,0.012894,0.015862,0.0033518,0.00314942
0.0163162,0.00926324,0.00746467,0.00973895,0.000576552,0.00094196
0.0127511,0.00614536,0.00482504,0.00325655,0.000183958,0.00022313
0.0127622,0.00532875,0.00528777,0.00510554,-0.000473587,-0.000419357
0.0089047,0.00601613,0.00345507,0.00295597,3.85688e-05,0.000209727
0.00983242,0.00721119,0.00428208,0.00166287,0.000177547,0.000727394
0.0117619,0.00805115,0.00441159,0.0112722,0.00381436,0.0106534
0.0267153,0.0105456,0.0146514,0.0317604,0.00717051,0.00300432
0.0279173,0.0104681,0.0132527,0.0233591,0.00498365,0.00419875
0.00714812,0.00505279,0.00403875,0.00446488,0.00185631,-0.00101924
0.00744332,0.00513309,0.00541725,0.00358329,0.000630688,-0.000473433
0.0128444,0.00927302,0.00441226,0.00341181,0.00106753,-0.000304729
0.0085716,0.0044107,0.00438345,0.00194294,-1.56262e-05,0.000644986
0.00881378,0.00452017,0.00444618,0.00410183,2.01481e-05,-0.000108773
0.00923521,0.00642292,0.00291311,0.0148111,0.00040693,-0.000968698
0.0211188,0.0144285,0.00902419,0.00844235,0.00194386,0.00202956
0.00868918,0.00439357,0.0046193,0.00121688,0.00122345,0.000884925
0.0176177,0.0117288,0.00781092,0.00716878,0.00168076,0.00204322
0.00837509,0.00494676,0.00400656,0.00674237,0.00152485,0.000782976
0.0212183,0.0142993,0.00827637,0.00655136,0.00159597,0.00118094
0.0164782,0.0102451,0.00736214,0.0121406,0.00246752,0.00109077
0.0146112,0.00827742,0.0091631,0.00770482,0.00156383,-0.000359825
0.0148287,0.00872158,0.00704776,0.00508807,0.00205486,0.00223204
0.0216026,0.00889953,0.00911197,0.00711552,0.00120065,0.00228888
0.0172831,0.0088102,0.00709657,0.00781761,0.00109106,0.000661524
0.0221444,0.0148826,0.00918791,0.0157389,0.00321706,0.000110005
0.00600026,0.00456287,0.0022608,0.00257595,0.000676543,0.000952508
0.00678933,0.00500614,0.00280975,0.00192927,0.000715771,-0.00218474
0.0186167,0.00750317,0.00956938,0.0154639,0.00250543,-0.000805766
0.0212152,0.00742821,0.0101936,0.0143381,0.00264598,-4.50047e-06
0.0115183,0.00562495,0.00485926,0.00290895,0.00104264,0.000945555
0.0103313,0.0073377,0.00325196,0.00424512,0.00164973,-0.000450977
0.00915082,0.00640671,0.00646458,0.0025202,0.00115096,-0.000227363
0.018711,0.0110881,0.0081363,0.00898701,0.00242579,0.00229313
0.0150421,0.00953211,0.00700635,0.00507881,0.000531334,0.00197652
0.0145328,0.00984641,0.010583,0.00754195,0.00228864,0.00122399
0.0280369,0.0142586,0.0105337,0.0131924,0.0039241,0.000611911
0.0116881,0.00669857,0.00589669,0.00125154,0.00109043,0.00147307
0.0104967,0.00744765,0.00252517,0.00530631,0.000825472,0.000442655
0.0233174,0.0120807,0.00938836,0.0183057,0.00108117,0.00171428
0.00788596,0.00590969,0.00142872,0.00146454,0.000974686,0.000449897
0.0120178,0.00885166,0.00501371,0.00370651,-0.00018553,-0.000847641
0.00698479,0.00493794,0.00310763,0.00357408,0.000169682,0.00118258
0.0120122,0.00627321,0.00500568,0.00883944,0.00222908,0.00095278
0.00417002,0.00309551,0.00281285,0.00122751,-0.000126161,0.000191119
0.00761712,0.00511819,0.00352985,0.00253226,-0.000298259,0.0015209
0.0123611,0.00890369,0.00673427,0.016344,0.00412749,0.00762564
0.0173564,0.0111929,0.0071011,0.012427,0.00270671,0.0010469
0.0125002,0.00701127,0.00480555,0.0245046,0.00770999,0.0150277
0.0124164,0.00778987,0.00519415,0.0046855,0.00128587,-1.28875e-05
0.00433157,0.00336537,0.00206468,0.00336158,0.00156484,0.00137584
0.00916364,0.0067903,0.00847406,0.0121503,0.00294327,1.98177e-05
0.0222971,0.00967447,0.0107205,0.0124884,0.00308455,-0.000627977
0.0200013,0.00891751,0.00927054,0.00911154,0.0022353,-0.000970638
0.016577,0.00943079,0.00873872,0.010516,0.00233759,0.000155292
0.0120019,0.00837252,0.00464066,0.00699605,0.000769861,-0.000322902
0.00602506,0.00435271,0.0026703,0.00130649,-0.000530269,-0.00149856
0.0179615,0.00767614,0.00776841,0.00851388,0.00228059,0.00131587
0.0231243,0.0118391,0.00924814,0.0139541,0.00210163,0.00301383
0.00856533,0.00490991,0.00425265,0.0113732,0.00285435,0.00783794
0.00932721,0.00454609,0.00537522,0.0021994,0.00143543,0.0016377
0.00466373,0.00351421,0.00228398,-0.000578513,0.000340475,0.000629991
0.0052561,0.00365236,0.00279232,0.00340659,0.000523761,0.000679738
0.00557539,0.0042394,0.00316728,0.00257209,0.00145827,-0.000862147
0.0115187,0.00807579,0.00723419,0.00590297,0.00228553,0.00207385
0.0057014,0.00426448,0.0032953,0.00051737,0.000875005,-0.00134846
0.0088402,0.00637239,0.00337204,0.0056266,0.00134601,0.00166122
0.0254837,0.0168718,0.0127559,0.0213164,0.00381539,0.00383536
0.0067625,0.0053774,0.00342934,0.000217348,0.00078184,-0.000915729
0.013472,0.00923918,0.00777109,0.00613121,0.00203799,0.00256888
0.0155657,0.00564579,0.00615933,0.0129245,0.00238497,0.00170768
0.0141767,0.00559847,0.00509941,0.0139382,0.00191593,0.00224835
0.0145536,0.010322,0.00653912,0.0144054,0.0035365,0.00861857
0.00737844,0.00535847,0.00324652,0.00451572,0.000784463,0.000128037
0.0117952,0.00630369,0.00494505,0.00758754,0.00118415,0.000663964
0.0121188,0.00634495,0.00521453,0.00548878,0.000911412,0.000191619
0.0289136,0.0170525,0.0175972,0.0156919,0.00371379,0.0015884
0.010324,0.00696414,0.00434132,0.00444609,0.00103232,-0.000160436
0.0101957,0.00737302,0.00302036,0.00594092,0.000213508,-3.25841e-05
0.0188242,0.00837064,0.0064568,0.00901888,0.00214112,-0.000429627
0.0104438,0.00732737,0.00469273,0.00284292,0.00123374,-0.000486934
0.0177305,0.0121141,0.00589711,0.00598589,0.0014752,0.000297961
0.0104247,0.00596797,0.00586653,0.0047531,-0.000297569,0.000209033
0.00951462,0.00673846,0.00345742,0.00573357,0.00046603,-0.000239194
0.023043,0.0152416,0.0248579,0.0292535,0.00695554,0.00225773
0.0103751,0.00762182,0.00535741,0.00196673,0.00061153,0.000779973
0.0262474,0.0110781,0.00887645,0.0116995,0.00344099,0.00326525
0.0289423,0.011157,0.0103283,0.0278898,0.00958603,0.0172729
0.0199146,0.00914502,0.00871236,0.0244902,0.00867754,0.0160178
0.0113116,0.00625267,0.00524355,0.00862818,0.00343454,0.00434951
0.00513819,0.00320691,0.00219916,0.00406891,0.00019135,-0.00158232
0.013876,0.0100014,0.00554489,0.00805415,0.000627807,0.00105317
0.013921,0.00815517,0.00669279,0.0053249,0.00141335,0.00188963
0.0178134,0.00552328,0.00762427,0.0154861,0.00485581,0.00505426
0.0143138,0.00671791,0.00575422,0.0118116,0.0034967,0.00650985
0.0137212,0.00958353,0.00465699,0.00597981,0.00211061,0.000170805
0.00883194,0.00618465,0.00377677,0.00392723,0.000733629,0.000598981
0.00920463,0.00629895,0.00533511,0.00630072,0.0002356,0.00104479
0.00945647,0.00708437,0.00503472,0.00213347,-0.00043392,0.00152518
0.0102793,0.00718442,0.00471791,0.00639565,0.000629088,0.000553493
0.0153287,0.0107679,0.00602915,0.00660082,0.000817222,0.00170077
0.0110743,0.00527199,0.0047116,0.00157457,0.000941033,0.000114556
0.011848,0.0083259,0.00311177,0.00387245,0.000734978,0.000378712
0.013029,0.00919976,0.00420099,0.0121589,0.000621726,-0.000633442
0.026367,0.0101586,0.0136292,0.0166241,0.00323949,0.00287988
0.00671073,0.00319341,0.00333796,0.00393633,0.000611326,-0.000341733
0.00514245,0.00384225,0.00271181,0.00400844,0.000435761,-0.000389291
0.0135382,0.00744352,0.00486998,0.0102631,0.000751701,0.000468655
0.013742,0.00754713,0.00662268,0.0087549,1.94115e-05,2.21094e-05
0.010413,0.00741967,0.00412344,0.00644006,0.000989106,-8.12725e-05
0.00951395,0.00557626,0.00361786,0.00509302,0.00151512,0.00149187
0.0259372,0.0132124,0.00800745,0.00797165,0.00268654,0.0028652
0.0294399,0.01579,0.0178133,0.0143687,0.00369094,0.00126713
0.0101404,0.00736732,0.00284801,0.00918345,0.00193116,0.000432874
0.00554775,0.00393006,0.00302737,0.0056294,-0.00048903,0.000755232
0.00563666,0.00415189,0.00290489,0.00532786,0.000652491,-0.000335872
0.0184465,0.0132387,0.00397711,0.00927883,0.00198191,0.00174793
0.00464834,0.00360813,0.00234065,-0.00215179,-5.73839e-05,0.000740934
0.0109281,0.00659382,0.00565775,0.00572862,0.00111111,0.00160464
0.007184,0.00361829,0.00333302,0.00256275,0.000634738,-0.000161161
0.0146825,0.00717183,0.00449682,0.00456852,0.000765237,-0.000204266
0.0158861,0.006032,0.00538515,0.00334335,-0.000467551,0.000592294
0.00399187,0.00301137,0.0022601,0.000374823,0.000367945,0.000334179
0.00478933,0.00368082,0.00262481,-0.00221768,-1.66751e-05,0.000723388
0.0114167,0.0079857,0.00550704,0.00791118,0.000238139,0.00136231
0.021613,0.011475,0.00982904,0.0134966,0.00185988,0.00292331
0.00783293,0.00547374,0.00454751,0.00600932,0.000133757,0.000642345
0.00532449,0.00381878,0.00292287,0.00296785,9.34548e-05,5.04261e-05
0.00992554,0.00703913,0.00415662,0.00643822,0.00043398,0.000742112
0.014675,0.0101696,0.0140986,0.0243234,0.00520495,0.00311403
0.0166042,0.0116046,0.00967157,0.00848783,0.00247253,0.001801
0.00682367,0.00460416,0.00236767,0.00349106,0.000864362,-0.00111266
0.0100885,0.00695567,0.00416079,6.77785e-05,0.001139,0.000545837
0.0147479,0.0106157,0.00588509,0.0198294,0.00260314,0.00174718
0.0135653,0.00933269,0.00490304,0.00967235,0.00224917,0.000923444
0.0180406,0.0069755,0.00819075,0.0140527,0.00292509,0.000363802
0.0306,0.015355,0.0129012,0.0240168,0.00386737,0.000916088
0.0154294,0.0107528,0.00653447,0.000228282,0.000677664,0.00202257
0.0127656,0.00868931,0.00418502,0.00536388,0.000961479,0.000581195
0.00963669,0.00681787,0.00340803,0.00150736,0.00124077,-0.000267205
0.0130776,0.00758733,0.0046173,0.0034662,0.00194998,-0.000228284
0.011163,0.00674283,0.00447641,0.0011519,0.00080763,-0.000387686
0.00851755,0.0059607,0.00472404,0.00537181,0.00134556,0.00168456
0.0190371,0.00825166,0.00762762,0.0102711,0.00281608,0.000665805
0.0187523,0.0128275,0.00958942,0.0254953,0.00998031,0.0258581
0.00605873,0.00445281,0.00415604,0.00392437,0.000607553,0.000409826
0.00616885,0.00431576,0.0027045,0.00531833,0.00137629,0.000559791
0.00703665,0.00544057,0.00215397,-0.00100801,0.00023088,-0.000306498
0.0165665,0.00870165,0.00696696,0.00740999,0.00142721,0.000145417
0.00997413,0.00716573,0.00559622,0.00373769,3.95475e-05,0.000445096
0.00811285,0.00564376,0.00354502,0.0104237,0.00135517,0.00121945
0.0147265,0.00723173,0.0101049,0.0140954,0.004808,0.00253235
0.0133363,0.00586461,0.00899479,0.00952892,0.00298734,0.00126837
0.0340756,0.0212683,0.0255189,0.0403388,0.00798066,0.0129952
0.00605641,0.00434467,0.002912,-0.00100342,0.000516139,-0.000403382
0.00619398,0.00422038,0.00254452,0.000686623,8.64501e-05,0.00095286
0.00588056,0.00401962,0.00225849,0.00339589,5.97645e-06,-0.000885042
0.0113504,0.0078471,0.00581682,0.0081552,0.000886022,-0.000306864
0.00693208,0.00482643,0.00279994,0.00267749,-0.000199862,-0.000139774
0.0308368,0.0178396,0.0187026,0.0178925,0.00546523,0.00200629
0.00748345,0.00537349,0.00286222,0.00153919,0.00142009,0.00158908
0.00681965,0.00346936,0.00481765,0.0225019,0.00642009,0.0194278
0.00996593,0.00723434,0.00465669,-2.25331e-05,0.000232014,-0.000294781
0.00971403,0.00733732,0.0055689,0.00531115,0.000625529,0.00106574
0.00613324,0.00485083,0.00328166,0.00851418,2.39104e-05,0.000923304
0.012838,0.0092711,0.00659473,0.00896251,0.000688064,0.00134751
0.00978536,0.00709329,0.00774878,0.00599643,0.000301648,0.000797805
0.0123154,0.00847508,0.00958435,0.0105611,0.00137952,0.000994043
0.00790586,0.00564554,0.00326848,0.00569892,-0.00023359,0.000203038
0.00943796,0.00668525,0.00281704,0.00306577,0.000130681,0.000446758
0.00485368,0.00370113,0.00516528,0.0113516,0.00126642,0.000498147
0.0165261,0.0113173,0.0151594,0.0238688,0.00404366,0.00216483
0.0140475,0.00783211,0.0076869,0.0102339,0.00200978,-0.000624374
0.0089995,0.00564958,0.00427458,-0.00249166,0.000880113,-2.78267e-05
0.0117028,0.00837659,0.00503947,0.00561912,0.000194036,-0.000218813
0.011592,0.00785702,0.0053432,0.00794456,0.00142185,0.00181575
0.00408381,0.00307414,0.00181435,0.00230173,-0.000639411,0.000489951
0.0224207,0.0152828,0.00656589,0.00568184,0.00135509,-0.000196176
0.00607748,0.00444098,0.00340094,0.0031941,0.00103143,-0.000660165
0.0131657,0.00928915,0.004949,0.00211241,-0.000391245,0.00159612
0.0041462,0.00312811,0.00238396,0.00427321,0.00109649,0.00095722
0.0243743,0.0137959,0.00901166,0.00928649,0.0028387,0.00162106
0.00487894,0.00376949,0.00283855,0.00567776,-0.000910663,0.00026109
0.0117603,0.00815425,0.00335957,0.0110791,0.00129596,-4.48032e-05
0.0196054,0.0138193,0.00392541,0.00905259,0.00111736,0.00142526
0.0113348,0.00781347,0.00473595,0.0089116,0.00113466,0.000460924
0.012843,0.00515165,0.0049399,0.0105013,0.00155199,0.000431551
0.0168826,0.0103178,0.00469284,0.0127664,0.002582,-0.000681041
0.013856,0.0100211,0.00654372,0.00747704,0.00101718,0.000319196
0.00773003,0.00566603,0.00336237,0.00928754,0.00238171,-0.000429696
0.0147349,0.00745144,0.00558043,0.0124755,0.00293174,0.00788957
0.0277205,0.0123309,0.0135559,0.0182067,0.00432137,0.00257381
0.0184092,0.0125495,0.00869115,0.0107259,0.0019438,0.00227741
0.0147179,0.00939953,0.0123237,0.0216816,0.00554197,0.00323098
0.0136125,0.00956836,0.00401336,0.0165949,0.00451863,0.012062
0.0168512,0.0120487,0.00634658,0.00445714,0.000835939,0.00101028
0.0142099,0.00758227,0.00363381,0.00740606,0.00252836,0.000831372
0.0112094,0.00528184,0.00351959,0.00655961,0.00257951,0.000982817
0.0159409,0.0113774,0.0145947,0.0221175,0.00511985,0.00136742
0.00979875,0.00688625,0.00335724,0.0085952,0.000943461,0.000899645
0.00839414,0.00615114,0.00555581,0.00438027,0.0010023,-0.000191274
0.0131588,0.00904713,0.00665948,0.0140533,0.00196822,-0.000314759
0.0225403,0.0133952,0.0137678,0.0183571,0.00514217,0.00918515
0.0263774,0.0135875,0.0153703,0.0224308,0.00452635,0.0106514
0.0112112,0.00777804,0.00553883,0.00399164,0.00125356,0.000932899
0.00663961,0.00462788,0.00354469,0.00866176,0.00095679,-0.00180718
0.0287408,0.0175232,0.012031,0.0120861,0.00213555,0.00379493
0.00514873,0.00396706,0.00164316,0.00330589,4.65936e-05,0.00101503
0.00442117,0.00371677,0.00103924,-0.000327215,0.000462765,0.00102775
0.0158792,0.011109,0.00933009,0.00600147,0.00253767,0.000862531
0.0117992,0.00820028,0.00489737,0.00439336,0.000903698,0.000728079
0.0111166,0.00498638,0.0044147,0.00544905,0.00101436,0.00159242
0.0161577,0.00502268,0.00724971,0.00802067,0.00251329,0.00161514
0.01356,0.00525161,0.00581908,0.00403563,0.00186187,0.00122368
0.0164196,0.00686215,0.0209548,0.0634236,0.0211527,0.0473311
0.00400795,0.00319549,0.00181915,0.00197354,0.000711801,0.00113415
0.00543236,0.00408715,0.00253319,0.00208733,0.00149728,-0.000492696
0.0107432,0.00503548,0.00694868,0.00795634,0.00103865,0.00178294
0.0136038,0.00680927,0.00865225,0.0108171,0.00142512,0.00171254
0.0124653,0.00812713,0.00724544,0.0108829,0.00158779,0.0013968
0.0198496,0.0135774,0.0114907,0.0160522,0.00331572,0.00220187
0.00581056,0.00405508,0.00270186,0.00391936,0.000300959,-0.00107387
0.00985368,0.00719564,0.00858009,0.00921614,0.0020987,0.00286516
0.0225816,0.0103854,0.01052,0.0107686,0.00275727,0.000737586
0.0223671,0.010368,0.0106223,0.0143294,0.00231708,0.00174823
0.00578996,0.0043817,0.00353468,0.0046899,0.00161881,0.000321797
0.0128043,0.00562017,0.0067272,0.00337889,0.00208897,0.000762703
0.0132689,0.00562056,0.00676328,0.0036608,0.00152049,0.00134771
0.0110415,0.00803445,0.00407306,0.00169888,0.00161482,0.00174258
0.0160007,0.00957993,0.00778289,0.0122509,0.00144178,0.0012377
0.00905673,0.00544046,0.00308271,0.00465637,0.000452377,0.00234014
0.00899956,0.00519389,0.00399984,0.00436698,0.000679875,0.0024853
0.0167488,0.00791161,0.00660989,0.00622738,0.00235529,0.000223447
0.0168297,0.00786447,0.00668736,0.00605424,0.00223744,-0.00103353
0.0044027,0.0030066,0.00159551,0.00394692,8.30282e-06,-0.000632167
0.00574382,0.00392807,0.00212743,0.00366783,0.00102748,-0.000696514
0.0123537,0.00853751,0.00737262,0.0121483,0.00162097,-0.000191112
0.00994642,0.0044672,0.00455461,0.00134997,0.000371948,0.000934948
0.014317,0.006741,0.00596001,0.00744818,0.00038061,0.00195537
0.0233281,0.00814735,0.010828,0.00825984,0.00110909,0.000123652
0.0215064,0.0134272,0.00708069,0.0112476,0.00311336,0.000611761
0.00372528,0.00317513,0.0039612,0.0078782,0.000260675,-4.36737e-05
0.00848495,0.00584103,0.00324766,0.00758567,0.000393534,0.00137671
0.012994,0.00914454,0.00572402,0.00352202,0.000320156,0.00104014
0.0139931,0.00616156,0.00553426,0.00924107,0.00195193,0.00179905
0.0232529,0.0133571,0.00732702,0.0148484,0.00197667,0.00367626
0.0135604,0.00564155,0.00499902,0.00856646,-9.30648e-05,0.00042722
0.00423554,0.003104,0.00232891,0.000694126,-0.000621573,-0.000942233
0.00843845,0.00600033,0.0028401,0.002946,0.00021189,-0.00171861
0.0116475,0.00781241,0.00710965,0.0105706,0.00253164,-0.000415746
0.00431109,0.00328536,0.00226266,-0.00296236,0.000596842,-0.000830918
0.0199521,0.00900566,0.00759926,0.0112874,0.00173295,0.000166779
0.0199651,0.00903411,0.00749762,0.012226,0.000622123,0.000381955
0.00602905,0.0041296,0.00251481,0.00302518,8.65932e-05,0.000498412
0.0127911,0.00884492,0.00531098,0.00487251,0.0007755,0.000969001
0.0147289,0.0101664,0.00418124,0.00522778,0.000815062,-0.000892463
0.00703946,0.00467912,0.00312317,0.00276092,0.00124094,9.17672e-05
0.0152172,0.0103423,0.0101751,0.00748549,0.000779234,5.0751e-05
0.0135104,0.00888487,0.0110284,0.0176911,0.0057371,0.0148491
0.0149752,0.0082307,0.00701169,0.00786459,0.000946278,0.000582467
0.0215393,0.0064013,0.0103213,0.0050152,0.000484705,0.00038514
0.0163024,0.00643487,0.00796561,0.00132456,0.000848566,0.00102018
0.0225644,0.0159107,0.00935736,0.00854988,0.000506159,0.000503306
0.0114379,0.00783308,0.00526304,0.00706524,0.000483179,-0.000521871
0.0159921,0.010979,0.00950999,0.0118648,0.00130757,0.00138108
0.0160428,0.00734751,0.00399543,0.0107943,0.0020067,0.00167306
0.0190482,0.0104477,0.00446435,0.00760119,0.00136675,0.00141405
0.0244265,0.00999059,0.0112088,0.0116578,0.00292882,0.00260917
0.00678805,0.00527512,0.00358109,0.0053267,0.00115473,0.000282225
0.00365487,0.0031635,0.00299351,0.00101122,-0.000262492,-0.00171846
0.0160108,0.0110304,0.00594418,0.0108791,0.00169529,0.00120789
0.0133959,0.00914253,0.00507995,0.00444119,0.00107275,-0.000774567
0.0145892,0.009603,0.00853902,0.00353993,0.00135887,0.000715994
0.0136983,0.00989132,0.011637,0.00574913,0.00114746,-0.000369544
0.00561358,0.00336482,0.00340913,0.0032698,-0.000216045,8.04949e-05
0.00630382,0.00332875,0.00337737,0.00366871,-0.000105087,-0.00110732
0.0124074,0.00689878,0.00414825,0.00699218,0.000866256,0.000277202
0.0122892,0.00685932,0.00403478,0.00512474,0.000266643,-0.000419973
0.0126257,0.00518158,0.00967891,0.0125803,0.00167038,0.0017592
0.0128542,0.00500835,0.0095987,0.0123348,0.00143693,0.00110839
0.00811807,0.00440155,0.00475605,0.00825092,-0.000832323,0.00128352
0.0186924,0.00849184,0.0106245,0.0152709,0.00242286,0.00070154
0.0154251,0.00591301,0.00796971,0.0110268,0.000553546,0.00106179
0.00564545,0.00314236,0.00463193,0.00450996,0.000886879,0.00122751
0.00921908,0.00567561,0.00390017,0.0029891,0.000291117,0.0018132
0.0203203,0.0112562,0.00833229,0.0079869,0.00239066,0.00100379
0.00972427,0.00587838,0.00786369,0.01048,0.000910837,0.00192487
0.0141105,0.00572212,0.0133832,0.0114922,0.00318882,0.000397613
0.0156575,0.00566176,0.013552,0.0116647,0.00327845,0.000240096
0.0248791,0.0144321,0.00747906,0.0137055,0.00197852,0.00205963
0.0182401,0.0081501,0.00657726,0.00944224,0.00139998,0.00196148
0.0101508,0.00694179,0.00546868,0.00813697,0.00152722,0.00137011
0.0224285,0.00997743,0.0110532,0.0127859,0.00222833,0.000446633
0.0133112,0.00944733,0.00512292,0.00534515,0.0012846,0.000357593
0.011306,0.00773198,0.00376899,0.00605847,0.00164336,0.000485941
0.00822392,0.00590719,0.00333913,0.00955154,0.00114888,0.000195883
0.0209731,0.0146751,0.00550041,0.0100189,0.00150951,0.00060384
0.00620602,0.00484766,0.00288759,0.00150834,-0.00010022,-0.000303185
0.00705615,0.00463855,0.00313757,-0.00113861,0.000829699,0.000143728
0.00492682,0.00317089,0.00187473,0.000649022,0.000675659,-0.00183769
0.0122999,0.00537566,0.00495384,0.00619269,0.00173585,0.000364327
0.0100888,0.00722365,0.00581824,0.00500042,0.000320558,-9.68423e-05
0.00698617,0.00340144,0.00409306,0.00818678,0.000440505,0.000909237
0.00725781,0.00336165,0.00438784,0.00511188,0.00051277,0.0016998
0.0164153,0.00793028,0.0136659,0.0237701,0.00532674,0.0131699
0.021928,0.0141408,0.00920084,0.0116465,0.00170378,0.000645998
0.00644698,0.00463767,0.00350781,0.0049384,-0.000912304,-0.000609007
0.0150841,0.0105267,0.00560056,0.0124563,0.00249573,0.00634641
0.00998,0.00697532,0.00340736,0.00165047,-0.000599916,-0.000220112
0.0114219,0.00717067,0.00468959,0.00449668,-0.000307278,-0.00120417
0.00761839,0.00321255,0.00343268,0.00668027,0.000110006,0.00056551
0.0102118,0.00499516,0.0055626,0.00678474,0.00154944,-5.27918e-05
0.0103328,0.00591223,0.00569705,0.0066493,0.000938421,0.000867093
0.0112515,0.00596876,0.00665685,0.0104218,0.00297902,0.00182385
0.00805582,0.00554801,0.00400113,0.0069725,0.000263923,0.00132573
0.0076017,0.00566054,0.00501472,0.0078467,0.00155669,0.00270189
0.0158661,0.00784399,0.00878943,0.00653448,0.00211615,-0.000610369
0.0199464,0.00794731,0.0112994,0.00922005,0.00269016,0.000355645
0.00924655,0.00665287,0.00529843,-0.000111284,0.000175208,0.00142649
0.0106244,0.00664809,0.00543038,0.00880017,0.00179776,-2.77094e-06
0.0129379,0.00714415,0.00743896,0.00865924,0.00110236,-0.000622512
0.0075336,0.004168,0.00452113,0.00180741,-0.000422595,-0.000241881
0.00909335,0.00630224,0.00417696,0.00305517,-0.000343687,0.000429284
0.00486698,0.00345659,0.00206436,0.000539908,0.000551002,-0.00090613
0.00905165,0.00614031,0.00350347,0.00731493,0.00184518,0.000410494
0.00769827,0.00449103,0.00450942,0.00378077,0.00133459,-0.000344841
0.0101562,0.00589914,0.00537874,0.0028797,0.000683529,0.000192762
0.00464666,0.0034007,0.00307874,0.00461528,-3.05011e-05,0.000142166
0.0137849,0.00592601,0.00959868,0.0096084,0.00275833,0.000284973
0.0210158,0.00669395,0.0135691,0.0159471,0.00314066,0.00136353
0.0172371,0.00668469,0.0102999,0.0146893,0.00244546,0.00184319
0.0111028,0.00787263,0.00348078,0.00642422,3.60258e-05,-0.00106912
0.00547309,0.00423381,0.00262434,0.00364018,-0.000109834,0.0010319
0.0251758,0.013063,0.00966193,0.0140819,0.00138945,0.000261811
0.0098739,0.00729398,0.0050967,0.00992531,0.00218489,0.00645536
0.0132372,0.00849526,0.00446512,0.00686458,0.00220194,0.0011499
0.013576,0.0063023,0.00683181,0.00669823,0.000189959,0.00122823
0.0122734,0.00636673,0.00642164,0.00459001,-0.000629899,0.000860333
0.0178592,0.00854038,0.00957764,0.00689938,0.00192502,6.08893e-05
0.00401478,0.00296979,0.00234679,0.00326156,-0.000689812,-0.000280328
0.0175545,0.0103019,0.00572447,0.00971356,0.00228768,0.00106576
0.0224385,0.0154094,0.00984818,0.00846816,0.00257032,0.000955848
0.00713558,0.00528444,0.00741434,0.00677121,0.00154225,0.000873063
0.00400673,0.00335043,0.00856878,0.0150981,0.00675455,0.0128506
0.00539444,0.00414163,0.00273184,0.00231845,0.000793554,-0.000540541
0.0309876,0.0151703,0.0167971,0.011598,0.00399077,0.00125378
0.0139661,0.00650453,0.0132645,0.018398,0.0041659,0.00214039
0.00666283,0.00448008,0.00352033,0.00529061,0.000419466,0.000606491
0.00955716,0.00624588,0.00739374,0.00565039,0.0014255,0.000251865
0.0103898,0.00617993,0.00755439,0.00839091,0.00184518,0.000681616
0.0144259,0.00982684,0.00624343,0.00401462,0.000674063,0.00137378
0.0184502,0.00986381,0.00832202,0.00970247,0.000996313,0.00128283
0.00928019,0.00694686,0.00337813,0.00522864,0.000461034,0.00087952
0.0115372,0.0079544,0.0092353,0.0175654,0.00285723,-0.000243296
0.0176436,0.012136,0.0058542,0.00544112,0.00157456,-0.00100092
0.0158876,0.0109954,0.00662565,0.00890027,0.00153995,0.000343585
0.00519568,0.0034583,0.00423753,0.00277154,0.000624647,-0.00197448
0.0146456,0.010258,0.0108988,0.00657609,0.00211634,0.00023899
0.00515753,0.00407154,0.00277057,0.00406337,0.000223155,0.00121861
0.007922,0.00505795,0.00432467,0.00462412,0.000796532,0.00134762
0.0118106,0.00829208,0.00274841,0.00730345,0.00116391,0.000114672
0.00650747,0.00455585,0.0042394,0.0115046,0.00474892,0.00756114
0.0158901,0.00978788,0.00641781,0.00742034,0.00111867,0.00153485
0.0114521,0.00621726,0.00858711,0.0077265,0.00152516,0.000684718
0.0108784,0.00604913,0.00237877,0.00659822,0.000434671,-0.000141488
0.0195049,0.0112939,0.00539234,0.00928967,0.00121317,-0.000253048
0.0160203,0.00659984,0.0129363,0.0242588,0.0074568,0.00633164
0.0214148,0.0102979,0.0238186,0.0352932,0.00689519,0.00269229
0.00778493,0.00549617,0.00306047,0.00469996,0.000161769,0.000810681
0.015119,0.0102358,0.00732091,0.0129416,0.00398898,0.00827762
0.0247256,0.018319,0.00838494,0.00795117,0.00213067,0.00176893
0.0300926,0.0185131,0.00889655,0.0103359,0.00254504,0.00214559
0.00729868,0.00370303,0.00488871,0.00468659,0.00112873,0.000297153
0.0175528,0.00682428,0.00643439,0.00342553,0.00146968,0.00153675
0.00590766,0.00374691,0.00361578,0.0031756,0.00100722,0.000706955
0.00847452,0.00469471,0.00528051,0.00986891,0.00215112,0.00208962
0.0265154,0.0141091,0.0186808,0.0205573,0.00312675,0.00234216
0.00533659,0.00405304,0.00300672,0.00317513,-0.000485039,0.000739868
0.0128031,0.00878818,0.00536181,0.00791871,0.000414715,0.00121009
0.0125131,0.00802581,0.00679161,0.00486199,0.000977024,0.00103892
0.0105421,0.0076686,0.00481521,0.00675874,0.0020408,0.000719847
0.00604873,0.00461603,0.00243785,0.00396041,-0.00032848,0
0.00920801,0.00659125,0.00439807,0.00371775,0.000694398,-0.000315191
0.00457309,0.0032684,0.00191669,0.00621034,0.00121174,-0.00041034
0.0307072,0.014968,0.00993113,0.0191729,0.00261493,0.00252627
0.0217767,0.00864341,0.00721238,0.0140906,0.000267539,0.000428673
0.0198962,0.0140128,0.00508834,0.0093241,0.00037538,0.0031142
0.00610227,0.00332743,0.00426789,-0.000480778,0.000639675,0.0010464
0.00562112,0.00341564,0.00402684,-0.000374198,0.000326318,0.000674017
0.0107839,0.00776813,0.00425635,0.00709757,0.00119346,0.000369001
0.00745964,0.00523727,0.004545,0.00568206,0.00201082,0.000234405
0.00409297,0.00321947,0.00152968,0.00110313,-0.000281017,-0.001239
0.0125584,0.00871723,0.00605882,0.00852554,-4.7438e-05,0.000351005
0.00926591,0.00632898,0.00347338,0.00456669,0.000991366,-0.000807454
0.00875853,0.00482989,0.00384014,0.00594871,0.00232509,0.000422353
0.0176627,0.0111318,0.00649072,0.0126427,0.00182102,0.000633291
0.00634449,0.00446837,0.0034988,0.00486919,0.000156711,0.00108225
0.0127029,0.00899107,0.00805048,0.0126712,0.00191458,0.00143003
0.00467555,0.00351319,0.00214664,0.00386261,-0.000818445,0.00057579
0.0153526,0.00883409,0.00641551,0.00754688,0.00200724,0.000777587
0.0156877,0.00686983,0.0096197,0.0118647,0.00245172,0.00185897
0.0181512,0.0117755,0.0110801,0.0101736,0.00373104,0.00223579
0.00435785,0.00315703,0.00238733,0.000259431,0.000467185,-5.69632e-05
0.0215009,0.0135664,0.00756106,0.00899985,0.000554011,0.00246976
0.00473151,0.00372962,0.00171596,-0.00170367,-0.000289557,0.000333806
0.0136601,0.00960354,0.00646995,0.00750686,0.00068599,0.00106213
0.00579006,0.00421121,0.00285209,0.00532536,0.001522,0.000663044
0.00782491,0.00589501,0.00363873,-0.00322388,-0.000338924,-0.000336416
0.0125647,0.00687443,0.00861911,0.00605517,0.00153553,4.80572e-05
0.00630248,0.00468314,0.00298552,0.00282691,0.000108529,0.00128217
0.00414409,0.00335467,0.00313567,0.00153722,-0.000146676,0.000628391
0.0226747,0.00876105,0.0121073,0.0168359,0.00367994,0.000816778
0.0117683,0.00500239,0.00573609,0.00377104,0.00175435,0.000206048
0.0193994,0.0125725,0.00719097,0.00834167,0.00281025,0.000568008
0.00846605,0.00615015,0.00244931,0.00343373,0.000489947,0.00061697
0.012359,0.00918742,0.00576964,0.00440998,0.000671373,-0.000613003
0.0286493,0.0128626,0.0143304,0.0108968,0.00350546,0.000909912
0.00423151,0.00327607,0.0031428,0.00276376,0.000825773,3.67704e-05
0.00950965,0.00699185,0.00390506,0.00139294,0.0011434,-0.00118297
0.0140011,0.00979954,0.00583318,0.00591676,-0.00025942,0.00112968
0.0068424,0.00485553,0.00292278,0.00148579,-0.000796175,0.00102542
0.00466091,0.00368821,0.00226431,-0.00111551,0.000575546,-0.000407481
0.00886905,0.00688188,0.00362706,0.00754063,0.00172905,0.000782805
0.0144138,0.0101473,0.00892249,0.00812533,0.0019039,0.00229562
0.0169689,0.0118331,0.00874723,0.0138023,0.00266893,0.00113037
0.0197857,0.0127096,0.00796419,0.00958152,0.000755445,0.000906811
0.0111206,0.0076653,0.0045064,0.0075386,0.000159692,0.000305115
0.0105215,0.00723977,0.00313203,0.00141992,0.000693048,0.001982
0.00723306,0.00356428,0.00502005,0.0046368,0.000742791,0.000280786
0.00837845,0.00563641,0.00351882,0.00864789,0.000988769,0.000497766
0.00537549,0.00413109,0.00382663,-0.00143335,0.000593274,0.000389777
0.01119,0.00833868,0.00433697,0.00641045,0.000895231,0.000105285
0.0369143,0.0198213,0.0129467,0.0192697,0.0038391,0.00186012
0.0286505,0.0161161,0.0105884,0.0131389,0.00238912,0.00234347
0.0201605,0.0136173,0.00928541,0.0105025,0.00166524,0.000393867
0.021657,0.0148061,0.00739852,0.00611015,0.00154295,6.81329e-05
0.0206975,0.0141677,0.00488378,0.0071851,0.00178081,0.00159312
0.012763,0.00865941,0.00432564,0.0108496,0.00176066,0.00960199
0.0063922,0.00349305,0.00427155,0.00697432,0.00145698,0.00191226
0.0126628,0.00885614,0.00630203,0.00848066,0.00223768,0.000198674
0.0137709,0.0094082,0.00794659,0.0115924,0.00154482,0.00156807
0.0105648,0.00573254,0.00760236,0.0222587,0.00615911,0.0167867
0.01005,0.00556947,0.00605867,0.00795412,0.000589385,0.00419984
0.0172533,0.0111398,0.00799889,0.0110196,0.000808918,0.000984831
0.0135108,0.00924679,0.00516386,0.00767329,0.000317507,0.000725591
0.016015,0.0101095,0.00807277,0.00997321,0.00161707,-7.50019e-06
0.00686708,0.00491589,0.00390629,0.00476218,0.000866475,-0.00114881
0.00606739,0.00477108,0.00293329,0.00663108,-0.000197813,0.000859932
0.00490798,0.00325601,0.00428147,0.00298798,0.000214012,-8.47999e-05
0.0152206,0.00742313,0.00606694,0.00724862,0.00109521,0.000474549
0.0155882,0.00726416,0.00602388,0.00686091,0.000738413,-4.41372e-05
0.0176764,0.0122598,0.00748982,0.0103905,0.00236678,0.000863841
0.011179,0.00778553,0.00253836,0.00703764,0.000713978,9.122e-05
0.0118687,0.00833319,0.00414077,0.00833083,0.00118883,-5.65984e-05
0.00899817,0.00668555,0.00274572,0.00640561,0.00130478,0.000364443
0.00467798,0.00319753,0.00296594,0.000515869,-0.000422054,-0.000770114
0.00888586,0.00594159,0.0031094,0.0027944,0.000908307,6.99292e-05
0.010312,0.00716619,0.00346083,0.00413144,0.000911542,0.00196008
0.0143601,0.00998768,0.00597191,0.00357546,0.000437744,0.00283186
0.0207253,0.0113229,0.0129855,0.0210039,0.0026636,0.00212911
0.0179014,0.0120617,0.00902404,0.0105969,0.000987889,-0.00025003
0.0040101,0.00326906,0.00236244,-0.000745673,0.00011533,0.0015049
0.0062668,0.00455864,0.00319411,0.00172184,0.000444983,0.000103573
0.0181932,0.0084347,0.0141766,0.0179795,0.00626639,0.00314269
0.0350193,0.0203719,0.0354564,0.0403951,0.00983161,0.00566012
0.0160494,0.0112214,0.00364159,0.00401003,0.00100699,0.000106293
0.00648051,0.00433413,0.00200886,0.00308506,9.69117e-05,0.000228299
0.0125011,0.00874127,0.00515839,0.00644422,0.00150445,-0.000635845
0.0146165,0.0102475,0.00655667,0.00620126,8.79693e-05,0.00161128
0.00609638,0.00391686,0.00218242,0.00170405,-0.000326622,7.86069e-05
0.0132404,0.00911363,0.00994627,0.00931291,0.00211666,-0.000931157
0.0185435,0.0106416,0.00674725,0.0012143,0.00108583,0.00267408
0.0201977,0.0105309,0.00700735,0.00512197,0.000763059,0.00225029
0.00806691,0.00583844,0.00805792,0.0137796,0.0024569,0.000465226
0.00856435,0.00618908,0.0032391,0.00361503,0.000320732,-0.000240092
0.0201905,0.0091346,0.0150366,0.0188757,0.00401528,0.00682851
0.0209351,0.00914502,0.0147471,0.0114537,0.00287153,0.00597727
0.00989778,0.00669236,0.00519767,0.0105425,0.00138516,-0.000270533
0.00810969,0.00595007,0.00325545,-0.000473192,0.000692232,0.00107082
0.00416899,0.00321857,0.002605,-2.8707e-05,-0.000719875,-0.000362561
0.00864363,0.0063796,0.00409532,0.00174067,0.000128893,0.00160873
0.00389851,0.00298498,0.00244242,-0.000445306,-0.000475021,-0.000527219
0.022146,0.0148927,0.00776848,0.010049,0.00172172,0.000488386
0.00495185,0.00368739,0.00270495,0.000483752,0.000252158,0.00182889
0.0206441,0.0102237,0.00980887,0.0120481,0.0029346,0.000902112
0.0185405,0.0101238,0.00886741,0.0113957,0.00253396,0.000935327
0.00893966,0.00387289,0.00643282,0.00778639,0.000976484,0.000952852
0.0100805,0.00485128,0.00766461,0.0097221,0.00146454,0.00158115
0.0100205,0.00707992,0.00560327,0.0103315,0.00141109,0.000766127
0.00506111,0.00357115,0.00199788,0.00113182,0.000521149,0.00061754
0.00956888,0.00632219,0.00455011,0.00363969,0.00132515,0.000627254
0.00777599,0.00533371,0.00429696,0.00117673,0.000683345,0.00126974
0.0084401,0.00598141,0.004438,0.00618389,0.000651212,0.00159602
0.0103357,0.00755759,0.00632593,0.0343908,0.0127929,0.0306103
0.016931,0.00981682,0.00662327,0.00811443,0.0020729,-0.000261231
0.00690855,0.00462679,0.0030462,0.0005643,-7.52206e-05,-0.000232898
0.0168267,0.0107066,0.00727909,0.00720918,0.00267603,0.00189469
0.0268499,0.0162263,0.00979874,0.00860667,0.00203706,0.000364943
0.0121713,0.00740181,0.00682752,0.00580833,0.000588462,0.00122367
0.0125856,0.00864518,0.00461533,0.00135346,0.000177511,0.00101324
0.00916174,0.00642919,0.00137504,0.000395807,-2.38059e-05,0.00138945
0.0067464,0.00466923,0.00277881,-0.00224299,-0.00072204,-0.000500333
0.00405139,0.00333771,0.00216221,-0.000186051,6.19854e-05,0.000276317
0.00655545,0.00487524,0.00342204,0.00232332,6.83341e-05,-0.000187436
0.0100053,0.00701775,0.00384937,0.00429768,0.00140083,0.000202603
0.0169445,0.00838747,0.00654941,0.0116591,0.000967901,0.000480804
0.0102321,0.00752509,0.00403657,0.00471551,0.00123956,0.000960917
0.00849552,0.00441381,0.00484546,0.000251393,0.000157646,0.00125352
0.0084696,0.00448628,0.00486807,-0.00235341,-0.000231502,0.00160021
0.00865268,0.0063971,0.00365389,0.0075421,0.00225888,0.00538963
0.0180099,0.00797703,0.00825842,0.0110063,0.00155219,0.000832608
0.0237267,0.0155165,0.018788,0.0296138,0.0056749,0.00355085
0.0179119,0.0125047,0.00659367,0.00956758,0.00124166,0.00135285
0.00833877,0.0030863,0.00504458,0.0057803,-8.127e-05,0.00168707
0.00509743,0.00379361,0.00264741,0.00124634,-0.000547063,0.000335181
0.0248753,0.0123586,0.01062,0.00959269,0.0020762,-0.000635289
0.00525366,0.00378706,0.00295254,-0.00168226,0.000731633,-0.000370833
0.00697605,0.0047292,0.00278424,0.00364759,0.000639443,0.000445446
0.0118118,0.00860216,0.00656281,0.00833702,0.0024332,0.000756738
0.0195509,0.0118621,0.010193,0.0184775,0.00253419,0.00431268
0.00594046,0.00429397,0.00337942,0.0035184,1.27367e-05,8.81872e-05
0.0117075,0.0081705,0.00748543,0.0131135,0.00101554,0.00151946
0.00583254,0.00396209,0.0027983,0.00351499,0.000557158,-0.000995587
0.00937099,0.00529382,0.00279177,0.00609406,0.0005769,0.00034807
0.00908338,0.00528516,0.00295264,0.00285695,2.59342e-05,0.00148021
0.0219337,0.01378,0.0114066,0.0126506,0.00290832,0.00107985
0.0151596,0.00759425,0.0108398,0.00919308,0.00283994,0.000826244
0.00790097,0.00448553,0.00512475,0.00697283,-0.000595678,0.001089
0.0190664,0.0096608,0.00988579,0.00540338,0.00113932,1.49156e-05
0.0123427,0.00641445,0.00251171,0.000840166,0.00112743,-0.00100045
0.00956801,0.00678884,0.00363468,0.00591624,0.000471488,-0.000445019
0.0160542,0.0114005,0.0084445,0.00594798,0.00241157,0.000505605
0.0290588,0.0187005,0.0115746,0.00742854,0.00164855,0.00225424
0.00709744,0.00531763,0.0034837,0.00105829,-0.000653228,0.000864099
0.013694,0.00917758,0.00506977,0.00392307,0.00112709,-0.000272002
0.0101927,0.00382431,0.00494445,0.00297738,0.00238323,0.00338844
0.00983965,0.00589533,0.0052266,0.00764819,0.00283322,0.00617187
0.00680651,0.0048468,0.00305781,-0.00205908,0.000644775,-0.00109573
0.0138097,0.00787713,0.00630773,0.0104892,0.00363757,0.00963997
0.0130469,0.00780825,0.00611759,0.0109461,0.00253758,0.00845466
0.0158104,0.00907176,0.00794707,0.00679263,0.00247872,0.00178375
0.0114506,0.00832424,0.00474561,0.00550815,0.00117982,0.000137848
0.0210059,0.0105538,0.00841327,0.00715473,0.00054268,0.00191088
0.0255634,0.0105412,0.0111771,0.0143402,0.00227844,0.00332273
0.0194938,0.011333,0.0121356,0.00936716,0.00281423,0.0031309
0.00672756,0.00494702,0.00248143,0.00046227,-6.26056e-05,0.00014942
0.00686747,0.00521346,0.00373245,0.00287699,0.000468827,0.000959848
0.0087259,0.00604335,0.00377238,0.000763519,-0.00054133,-2.18403e-05
0.00466993,0.00349894,0.00268217,-0.00563739,-0.000391342,0.000584509
0.00806058,0.0060969,0.00245615,0.00598375,0.000952872,-0.000377643
0.0167362,0.0109609,0.0132946,0.0202525,0.00203233,0.003718
0.00728754,0.00522951,0.00286262,-2.49837e-05,0.00087401,0.000499927
0.00813222,0.00588738,0.00369312,0.00284454,0.000996867,0.000998931
0.0157976,0.00872783,0.00619879,0.00655206,0.000534502,-0.00143232
0.0277746,0.0117387,0.0100595,0.0113073,0.00102337,-0.000789263
0.021888,0.0132115,0.00819108,0.0117934,0.00129615,0.000924365
0.0148811,0.010414,0.00533999,0.00606813,0.000366068,0.000802341
0.00407042,0.00292958,0.00260086,0.00192158,0.00101165,0.00200094
0.00725181,0.00435556,0.00428901,0.00120514,0.000450067,0.00196616
0.0203253,0.0138234,0.00972444,0.0111072,0.000547998,0.00125435
0.0079633,0.00522012,0.00514763,0.00735706,0.000877651,0.000267578
0.0109669,0.00682422,0.0056062,0.00435794,0.00142317,-0.000444623
0.00992811,0.0071999,0.0037311,0.00363842,0.000700096,-0.000805126
0.00609615,0.00416056,0.0028818,-0.00264938,0.000556623,0.00163293
0.0263625,0.0121619,0.00935574,0.0112684,0.00156029,0.0012545
0.0271984,0.0122354,0.00953977,0.0105548,0.00184726,0.00132627
0.0174262,0.010813,0.0118401,0.00932706,0.00166081,0.00196323
0.00858547,0.00555885,0.00331412,0.00479341,0.000586206,-0.00109804
0.0157276,0.00846583,0.00744649,0.0104183,0.00207716,0.000515572
0.0108709,0.0047302,0.00488089,0.00550474,0.000551098,0.000670585
0.00430742,0.00309558,0.00237543,-0.000175028,0.000360679,3.09256e-05
0.0137066,0.00942877,0.00404387,0.00384567,0.00103026,-0.00126382
0.0103141,0.00734581,0.00330466,0.00682171,-0.000148008,-0.00148428
0.0285396,0.0182488,0.0135886,0.0192535,0.00431876,0.00307819
0.011428,0.00582297,0.00618857,0.00932431,0.00202484,0.00172315
0.0153428,0.00434056,0.00979719,0.0114905,0.0030432,0.00231991
0.0115336,0.00451386,0.00789998,0.00827577,0.00116303,0.0019024
0.00715132,0.00373503,0.00421304,0.0151347,0.00368793,0.00611906
0.00516227,0.00375352,0.00207858,0.0049785,0.000797754,-0.00104903
0.00800427,0.00592652,0.00228551,0.0037774,0.00108714,5.49867e-05
0.00743959,0.0052734,0.00343797,0.00347242,0.000224946,-0.000610369
0.0126214,0.00884395,0.00873799,0.0123185,0.00390127,-0.000260795
0.0207041,0.00987159,0.0103512,0.0114361,0.00142263,0.00261346
0.0209969,0.0100195,0.010301,0.0120934,0.00157819,0.00269293
0.00444613,0.00343268,0.00289822,0.00486247,0.000111522,-0.00019174
0.0160351,0.00972268,0.00646941,0.00934905,0.00188633,0.00132795
0.0202267,0.00970991,0.00731883,0.0130912,0.00174622,0.00253207
0.0197032,0.0103596,0.0061753,0.00828326,0.00169363,0.00280391
0.00646681,0.00338884,0.00295135,0.00186266,0.000152658,0.0008621
0.0229939,0.0155334,0.0125411,0.00813724,0.00275536,0.00206744
0.0197156,0.00883717,0.00604731,0.00937076,0.00243287,0.00116466
0.022347,0.00788628,0.00666548,0.0106776,0.00175958,0.00154677
0.0105105,0.00706906,0.00770645,0.0117465,0.00322231,0.00164133
0.0179995,0.00908185,0.00723769,0.00693854,0.00122867,-0.00110822
0.00826155,0.0060025,0.00334978,0.00437712,0.000665901,0.00102766
0.0198084,0.0112762,0.0209833,0.0272599,0.00553498,0.00137438
0.00668846,0.0051461,0.00335868,-0.00116597,-0.000523634,-0.000667308
0.0230417,0.0154906,0.00812644,0.00964522,0.00132302,0.00140829
0.00959723,0.00688817,0.00457634,0.00822716,0.00100533,0.000528326
0.0164923,0.0103808,0.00877031,0.0101962,0.00400571,0.000219166
0.0251651,0.0156391,0.0118925,0.0131192,0.00265287,0.00361677
0.00567423,0.00420345,0.00351691,0.00113875,-0.000369679,-0.000174613
0.0131507,0.00798341,0.00584056,-0.000435556,0.00125424,0.00135956
0.0133659,0.00930041,0.00557397,0.00460908,0.00132703,0.00146874
0.0142411,0.0066667,0.00687686,-0.00237727,0.000193393,0.00105681
0.0239426,0.0127132,0.00798741,0.00804567,0.00176461,0.00203203
0.0125467,0.00623836,0.00845429,0.00520634,0.000715053,0.000773428
0.0180438,0.00618405,0.0112231,0.00314672,0.000745339,0.00151243
0.0144112,0.00460837,0.00780361,0.00229339,0.000852425,-0.000501824
0.00843329,0.00436947,0.0049796,0.00218153,-0.000520751,-0.000415314
0.0191878,0.0133153,0.00805891,0.00629363,0.000845236,0.000971494
0.0136426,0.00964421,0.0049655,0.00395936,0.000960664,0.000337306
0.00999691,0.00490792,0.0056134,0.00972922,0.000683298,0.000322983
0.00925072,0.00462037,0.00524042,0.00662694,0.00138533,-0.000380136
0.0151506,0.0112001,0.00808072,0.00841009,0.00170255,4.45333e-05
0.0178238,0.0120868,0.00730254,0.00968878,0.0016278,0.0014226
0.0280001,0.0191328,0.0131325,0.0173943,0.00308315,0.0013189
0.00798688,0.00578884,0.00588684,0.00425261,0.000548032,0.000320904
0.0132844,0.00901811,0.00590571,0.015757,0.00506839,0.0116086
0.0373089,0.0227244,0.0184259,0.0275022,0.0055816,0.00294237
0.0159699,0.00809419,0.00601635,0.00492162,0.00121097,0.00133638
0.0241476,0.0113426,0.00963213,0.0122981,0.0012738,0.00242071
0.00674941,0.00468238,0.00152001,0.00509782,0.000602656,0.000183959
0.00802402,0.00573819,0.00730546,0.00755551,0.00160674,-0.000838462
0.010096,0.00712322,0.00303173,0.00589285,0.000713411,-0.000746031
0.0178347,0.0120723,0.00707461,0.0111884,0.00222798,-7.76459e-05
0.00662864,0.00479604,0.00244505,0.00351913,-0.000247591,-0.000866755
0.0100824,0.00724215,0.00313727,0.00657264,0.00122494,0.00082661
0.014827,0.010178,0.00801405,0.0116103,0.00258605,0.000283761
0.0244113,0.0127278,0.00914224,0.0146773,0.00227213,0.00235641
0.00982491,0.00582928,0.00268361,0.0079705,0.00148006,0.00188349
0.00573608,0.00402801,0.00294662,-8.64611e-05,-0.000515372,0.000217536
0.00519281,0.00353742,0.00202413,0.00415823,0.000960864,0.000565711
0.00636383,0.00460771,0.00418683,0.00712115,0.00138533,0.00153343
0.00733713,0.00329629,0.00431615,0.00475498,0.00020428,0.00228953
0.00673857,0.0036763,0.00390131,0.00220748,-5.7045e-05,0.000292634
0.0139563,0.00797641,0.00689294,0.00223406,6.59993e-05,-0.0009258
0.0111873,0.00723781,0.00559922,0.00290373,-4.23117e-05,-0.000599031
0.01893,0.00883849,0.00726041,0.0119117,0.0020477,0.000494582
0.0288556,0.0120218,0.0100353,0.00983964,0.00477061,0.00402406
0.0351796,0.0129363,0.0120092,0.0207598,0.0052168,0.00330269
0.0118127,0.00790941,0.00427931,0.00219457,0.00144973,0.00108623
0.0379723,0.0186546,0.0123217,0.0204894,0.00331454,0.00188437
0.0101803,0.00692346,0.00526973,0.00508353,0.000586813,0.00115719
0.0175698,0.0119042,0.00463555,0.0134175,0.00202012,-0.000807409
0.0198801,0.0109178,0.0159824,0.0119607,0.00166986,0.000321494
0.0172755,0.0116608,0.0068629,0.0140133,0.00209089,0.000679038
0.00542572,0.00368613,0.00370447,0.0103424,0.00151878,0.000618305
0.0129322,0.00731739,0.0065397,0.00753833,0.000262078,-0.000222008
0.0235608,0.00951946,0.0108177,0.0089164,0.000824776,0.000916566
0.0178414,0.00956696,0.00764029,0.00562509,0.000652471,0.000771032
0.00737685,0.00507787,0.00828998,0.0086499,0.00367987,0.00177571
0.0134824,0.00865093,0.0161749,0.0199719,0.00709676,0.00277742
0.016672,0.0114509,0.00791336,0.00621162,0.00182042,0.00125097
0.00983333,0.00672554,0.00563881,0.00567068,0.00116912,0.00216136
0.00374291,0.00304948,0.0016623,0.0029494,0.00138437,-0.000568106
0.0115039,0.00851465,0.00654693,0.00252681,0.000780248,0.000781054
0.00455191,0.00347677,0.00271163,-0.000927045,-0.00144002,0.00160751
0.0300774,0.020143,0.0110232,0.00564994,0.0012223,0.00140854
0.00734627,0.00540477,0.00328585,0.000774177,-0.0003586,-0.000206599
0.00757143,0.00571239,0.00537652,0.00184729,0.00103623,-0.000237269
0.011115,0.00672629,0.00492839,0.00599256,0.00127796,-0.000382672
0.0144344,0.00747565,0.00554353,0.0064026,0.0012249,-0.00100609
0.00442702,0.00347563,0.0015878,0.000180476,0.000598833,5.56284e-05
0.00914744,0.0066613,0.00431077,0.00345417,0.000733405,-0.000256155
0.00479577,0.00376064,0.00239005,-0.00215255,-0.000218467,0.00120551
0.0205204,0.0123055,0.0179734,0.0115922,0.00406254,0.00159528
0.0124188,0.00893549,0.00439828,0.00661469,0.00122119,0.00220322
0.0100028,0.00667527,0.00438212,0.00781472,0.00201822,0.000305495
0.00702145,0.00334008,0.0031832,0.00667555,0.000515528,-0.000478093
0.00507546,0.00378562,0.00214605,-0.00122904,-0.000224342,0.000309326
0.00617972,0.00480838,0.00277955,5.4881e-06,0.000520094,0.000629938
0.0127699,0.0088584,0.011844,0.0159052,0.00241157,0.00158933
0.0080761,0.00354418,0.00739781,0.00735409,0.00134971,0.000968799
0.0161015,0.0101512,0.00713187,0.00850416,0.00152919,0.000993531
0.00877979,0.00617707,0.00309138,0.00576713,0.0015062,0.000724756
0.0114829,0.00827723,0.00436182,0.010471,1.24782e-05,0.000471138
0.00520803,0.00358113,0.00290455,0.00102224,0.000624445,0.00150635
0.0099307,0.00694124,0.00407272,0.00503631,0.000701148,0.00139896
0.00527915,0.00382821,0.00380215,-0.00125497,0.000597047,0.000570327
0.00810878,0.0034568,0.00387054,0.00273619,0.00121739,0.000359144
0.00797119,0.00357067,0.0034764,0.00289261,1.99371e-05,0.00124509
0.00722182,0.00510499,0.00299174,0.00108736,0.000219214,-0.000292579
0.0133377,0.00938339,0.00466143,0.00763699,0.0012019,0.000838109
0.0157556,0.0112553,0.0103252,0.00800889,0.00186562,0.00075334
0.00543075,0.00387938,0.00173956,7.02614e-05,0.000798908,-0.000418045
0.0118384,0.00837818,0.00649069,0.00595917,0.00123157,0.00163841
0.00553571,0.00410937,0.00236783,0.00253543,0.000407778,-0.000663647
0.0090958,0.00635271,0.00361773,0.00256007,-0.000655163,-0.00035711
0.00825389,0.00371604,0.00488159,0.00151716,0.000114822,0.000138105
0.00851016,0.00377927,0.00499184,0.00409255,0.000213229,-0.00024074
0.00440115,0.00321537,0.00668227,0.0103581,0.00125192,0.000651392
0.00674068,0.00296986,0.00373527,0.00568133,0.000927548,0.00159684
0.011814,0.00663139,0.00622828,0.00485145,0.0011687,0.00174496
0.00653106,0.00289144,0.00431428,0.00612996,0.000624276,-0.000204346
0.00645074,0.00444421,0.00330618,0.00117793,-0.000206953,-0.000364333
0.00660768,0.0045434,0.00373331,0.00103924,0.00162067,-0.00134501
0.00955029,0.00642662,0.00394001,0.00716066,0.00366087,0.0114718
0.0145324,0.00968121,0.00491671,0.00695846,0.00128181,-0.00154387
0.0264625,0.0122994,0.0104535,0.011901,0.00319596,-3.28619e-05
0.033399,0.0121601,0.0141045,0.0129042,0.00301326,-0.000274324
0.0200873,0.00675476,0.00731828,0.00456165,0.00080859,-0.000420981
0.0140579,0.00915091,0.00803208,0.0120749,0.00202363,0.00102012
0.00720756,0.00476414,0.00239108,0.00163087,7.81307e-05,0.000678255
0.0117313,0.0079705,0.00393516,0.00557306,0.000150077,0.000735004
0.0152335,0.00585757,0.00622643,0.00763068,0.000815334,-0.000165323
0.0192382,0.00914995,0.00695684,0.0107687,0.000597582,-0.00134712
0.0117052,0.00787637,0.0045284,0.00595692,0.000642489,0.0006688
0.0143034,0.0078428,0.00601831,0.011273,0.000437157,0.000932314
0.0129523,0.00896627,0.00480668,0.00419052,0.00127604,0.000993627
0.0193783,0.0134434,0.0115496,0.0119258,0.00302175,0.00442801
0.00681417,0.00511446,0.00331816,-0.00306956,0.00199621,-0.000226387
0.0120667,0.00407275,0.00652146,0.00148127,0.0018876,0.000474426
0.00884742,0.00424164,0.00501733,0.00127745,0.00131774,0.000193866
0.0104976,0.00694924,0.00484794,0.00690519,0.00189561,0.00106824
0.0301618,0.0182702,0.0149845,0.0244002,0.00558663,0.00723199
0.00708258,0.00490531,0.00578326,0.00618892,0.000904744,0.000892324
0.00965742,0.0037319,0.00751943,0.00999685,0.0050125,0.00797589
0.0181752,0.0122258,0.0105591,0.0123493,0.00283752,0.00142035
0.0118974,0.00852289,0.00991219,0.00903483,0.00150001,0.00046722
0.00699122,0.00534783,0.00271558,0.00263305,0.00145794,0.000859664
0.00747615,0.00522024,0.00343629,0.00276837,0.000294694,-0.00044937
0.00957526,0.00517989,0.00466893,0.00152636,0.000741346,-0.000367212
0.0157098,0.00895717,0.00702067,0.00308785,0.00120038,0.000230225
0.00785979,0.00578907,0.00226344,-0.00134258,0.000557422,0.000339699
0.00674821,0.005121,0.00365076,2.27276e-05,0.000411248,0.000388853
0.0150047,0.00651168,0.00722681,0.00557069,0.00217144,0.0022515
0.0159572,0.00661173,0.00727724,0.00714822,0.00235477,0.00298639
0.00977171,0.00650701,0.00554549,0.00386077,0.000545716,0.00256259
0.0188003,0.0127309,0.00593439,0.00421665,0.00154194,-2.49173e-05
0.0307419,0.0117106,0.0209225,0.0219856,0.0052392,0.000694677
0.0305415,0.0128554,0.0184093,0.0148443,0.00341316,0.00143388
0.00829258,0.00555676,0.0032389,0.00487014,0.000609044,-0.000916488
0.00656053,0.00475458,0.00347772,0.0032824,0.000291691,1.00994e-05
0.0112172,0.00781996,0.00427283,0.00365775,0.00078323,0.000285487
0.0122281,0.0088838,0.00536597,0.00598414,0.00109655,0.000768892
0.013158,0.00897759,0.00680228,0.007879,0.0015872,0.00123574
0.0162395,0.00931526,0.00821868,0.0112854,0.00482799,0.00653118
0.0107141,0.00768223,0.00275752,0.00286475,0.00154245,-1.28446e-05
0.0160467,0.00839324,0.0119218,0.0116547,0.00143608,0.000963471
0.0112192,0.00459421,0.00677153,0.00531104,0.000585258,0.00197829
0.0157816,0.0107038,0.00671805,0.00447435,0.00012343,0.00149695
0.0164916,0.00822262,0.00888546,0.00630198,0.0029583,0.00151156
0.0100599,0.00714732,0.00394266,0.016156,0.00948783,0.0229477
0.00739317,0.00511183,0.00329269,0.00435195,8.01052e-05,0.000872123
0.00425687,0.00328984,0.00167564,-0.00372711,0.000451234,0.000931864
0.0101384,0.00720472,0.00430665,0.0101977,0.00219353,-0.000871194
0.0203056,0.0139136,0.00932064,0.00803337,0.000825624,0.000204392
0.0071524,0.00504711,0.0033803,-0.000189707,0.000164756,0.000809738
0.00425015,0.00341786,0.00262167,-0.00178616,-0.000468171,-0.000227874
0.0253332,0.0176823,0.00824847,0.0121423,0.00175206,0.00148248
0.0197044,0.0112479,0.0219485,0.0255184,0.00540398,0.000371389
0.00991408,0.00670141,0.00286051,0.00393806,0.000812476,0.000271032
0.00671952,0.00501448,0.00373627,0.00465468,0.000393152,0.00244139
0.0135083,0.00924837,0.00704042,0.00802823,0.000935679,0.000422211
0.0123413,0.00728139,0.00504215,0.0048141,0.00056924,-0.00172612
0.0142335,0.00991453,0.00408101,0.00756859,0.00129381,0.000541626
0.00932482,0.00660305,0.00455926,0.00148173,0.000709636,-7.86289e-05
0.00976044,0.00635938,0.00338435,0.00723503,0.000254271,0.000998885
0.00558447,0.00429579,0.00262179,0.00225766,0.000543739,-3.15119e-05
0.00925389,0.00587826,0.00521329,0.00666102,-2.14268e-05,4.79151e-05
0.0101815,0.00597507,0.00518253,0.00636938,0.000394769,-5.18551e-05
0.0195798,0.00929191,0.00924229,0.00709714,0.00199175,0.000433802
0.00855825,0.00597048,0.00341966,0.00280655,-0.000339197,0.00106857
0.00623282,0.00469373,0.0028952,0.00539647,0.00111835,-0.00216829
0.011629,0.00810766,0.00382464,0.00455708,0.00178906,0.000345916
0.0151178,0.00742239,0.0162136,0.0136739,0.00494483,0.00121359
0.0136846,0.00937775,0.00804489,0.0523284,0.0235803,0.0686682
0.00469915,0.00343977,0.00436554,0.00117435,0.00127512,0.000506608
0.00923444,0.00625922,0.00495492,0.00867863,0.00153285,0.000800919
0.0237081,0.01061,0.0098792,0.0120157,0.00344663,-0.000377368
0.0195294,0.00778397,0.00650191,0.00618702,0.00197186,0.000513629
0.017966,0.00772431,0.0127614,0.0334435,0.0092058,0.0268184
0.0177865,0.00775563,0.0127302,0.0283743,0.00703841,0.0222514
0.0056633,0.00412672,0.00301569,0.00211033,0.000166372,0.000426659
0.0103078,0.00722531,0.00388754,0.000342676,0.000683602,1.7853e-05
0.0238279,0.0140543,0.0132866,0.00876063,0.00229066,0.00165722
0.0261272,0.0148302,0.012089,0.00701682,0.00215874,0.00229652
0.00477487,0.00333413,0.00313062,0.00143,0.00094444,0.000876007
0.0144315,0.010238,0.00570974,0.0113338,0.000733189,0.00124547
0.00853386,0.00601015,0.00381551,0.0103881,0.000988415,0.00191548
0.0198298,0.0136639,0.0145847,0.0126451,0.00389179,0.00227475
0.0186657,0.0127897,0.00861951,0.0115844,0.0010275,0.000691736
0.00823983,0.00603885,0.00253694,0.0023315,-0.000256978,0.00076455
0.00992716,0.00682567,0.0076397,0.0141314,0.00189773,0.000391207
0.00524195,0.00386428,0.00255322,-0.00335163,0.00125258,-0.00051491
0.010326,0.00758622,0.00399907,0.00387989,0.00165731,0.00269131
0.0069699,0.00528365,0.00401685,-0.00017106,-0.000498531,0.000124939
0.00414233,0.00302626,0.000996801,-0.000739024,-1.60494e-05,5.99858e-06
0.0114179,0.0082346,0.00404559,0.0036788,0.00111784,0.000278907
0.0141498,0.00996413,0.00936378,0.00194569,0.00214748,0.0013283
0.00656061,0.00484957,0.0021337,0.00179614,0.00192507,-0.000646214
0.00651355,0.00499602,0.00236642,0.0032586,0.00136446,0.000945484
0.00858345,0.00555263,0.00573136,-1.95825e-05,0.00142022,0.00136698
0.0130894,0.00816781,0.0071834,0.00010422,0.00042927,0.0012529
0.0118686,0.00805783,0.00599578,0.00348946,0.00127655,-0.000425262
0.00638034,0.00476195,0.00404252,0.00136553,0.000731615,0.00111508
0.0118223,0.00841639,0.00462269,0.00443044,0.000217432,-0.000219763
0.0217988,0.00966317,0.00778321,0.00951,0.00225383,0.000976428
0.0142765,0.00783895,0.00676193,0.00420937,0.00249547,0.00166668
0.0137615,0.00667265,0.00643674,0.00557231,0.000869235,0.000564573
0.0324768,0.0146194,0.0123178,0.0170321,0.00458513,0.00283388
0.0387807,0.0152351,0.0158814,0.0143687,0.00545073,0.00249612
0.0108575,0.0078732,0.00404582,0.00080275,-0.000200661,-0.000543648
0.00530887,0.00387551,0.00364031,0.0027451,0.000646559,0.000126693
0.0200927,0.0110904,0.0100283,0.00923287,0.00176146,8.06751e-05
0.0310879,0.0109725,0.0132532,0.01445,0.0026962,-0.000293752
0.0193254,0.00959652,0.00648746,0.00891501,0.00134002,-0.000262339
0.0196859,0.0100527,0.00837587,0.00775784,0.000866639,0.000235388
0.018687,0.0100361,0.00822946,0.00702369,0.00118146,-0.000488512
0.0159188,0.00859115,0.00602574,0.00586799,0.00204624,0.0010217
0.00884805,0.00584484,0.00550215,0.00177172,0.0012587,-4.79275e-05
0.00522426,0.00368279,0.00316982,0.00127186,0.00151842,0.000912243
0.0215453,0.00891921,0.00780639,0.0085441,0.00100087,0.00182843
0.025211,0.0142649,0.0227438,0.0194488,0.00349526,0.00274465
0.0298659,0.0126886,0.0122987,0.00927711,0.000923943,0.000991726
0.0145983,0.00653135,0.00544712,0.00989717,-4.3253e-05,0.00273396
0.00624118,0.00452776,0.00328314,0.00813479,0.00237192,0.0026505
0.00688074,0.00390531,0.00311839,0.00373212,0.00191406,0.000678368
0.00917541,0.00464347,0.00493521,0.00369855,0.000292531,0.00062336
0.00541811,0.00367659,0.00266961,0.00222054,0.000425916,-0.000223412
0.00434107,0.00302557,0.00237155,0.00246936,0.000329084,-0.000246513
0.0218952,0.0124887,0.0104064,0.00837877,0.00257921,0.000840913
0.0168879,0.00861685,0.0078401,0.00637024,0.000965051,0.00020906
0.0167464,0.0086122,0.00761995,0.00569116,0.00123718,0.000561893
0.0118056,0.00465754,0.00858951,0.00800895,0.000640188,0.00247716
0.0197868,0.00661843,0.0134507,0.0135176,0.00250979,0.00294082
0.0176444,0.00845895,0.0109116,0.0111576,0.00213928,0.00076717
0.00645421,0.0048787,0.00323887,0.00328635,0.000270073,0.000492881
0.0125328,0.00776933,0.00399259,0.00897818,0.0021619,0.00020458
0.006771,0.00472724,0.00439797,-6.46909e-05,0.000523358,0.00103757
0.00702748,0.00349759,0.0033539,-0.000948869,0.00108294,0.00230891
0.00654523,0.00348696,0.00305302,0.00122379,0.000973336,0.00286814
0.0112514,0.00794972,0.0057168,0.0134866,0.00231539,0.000231862
0.0148694,0.0105545,0.0038555,0.00319358,0.0013963,0.00291541
0.0127839,0.0062872,0.00399006,0.0061428,0.0020413,-0.00138643
0.0297635,0.0172482,0.00943944,0.0116917,0.00253997,-0.00106792
0.011282,0.0070715,0.0067372,0.00700905,0.00227605,0.000311053
0.0167005,0.00880107,0.00777357,-0.00151328,0.00271962,0.00108602
0.00748512,0.00324813,0.00400918,0.000981278,0.000543904,9.20227e-05
0.0113561,0.00755446,0.00498031,0.0111482,0.000501254,0.000672033
0.0120246,0.00830909,0.00813547,0.00466714,0.000971303,0.000583773
0.00955515,0.00678678,0.0033916,0.00369256,-0.000164267,-0.000556387
0.00615904,0.00413416,0.00258143,0.00186604,0.000119711,0.00095782
0.00848558,0.00609524,0.00294762,0.00221461,9.10357e-05,0.00151265
0.0159887,0.0114466,0.00595437,0.0060668,0.00124138,0.00098082
0.0086031,0.00582584,0.00363459,0.00501876,-0.000119109,-0.000744469
0.0158895,0.00606197,0.00717874,0.000159238,0.00111293,-0.000525248
0.0206909,0.0129775,0.0059578,0.00572397,0.00233669,0.00155905
0.00752475,0.00518506,0.00369711,0.00480496,0.000571148,0.000797993
0.00682925,0.00399561,0.00380921,0.000691387,-3.94515e-05,0.000355433
0.0100092,0.00709685,0.00615338,0.00304247,0.000910441,0.000400392
0.0111582,0.00732309,0.00560796,0.0103642,0.00164818,0.00118142
0.0134953,0.00929224,0.00689525,0.011095,0.00205597,0.000814471
0.0196465,0.0115226,0.00857399,0.00696324,0.00328655,0.000852739
0.0128182,0.00879163,0.00634449,0.00825964,0.00302688,0.000766192
0.0342412,0.0151637,0.0184595,0.0212168,0.0053605,0.000531677
0.00420193,0.0030977,0.00268885,0.00146923,-0.000761835,-0.000309647
0.015458,0.00964858,0.00611464,0.0103992,0.00179434,0.00195398
0.0107223,0.00797123,0.00431333,0.00382354,0.000379343,-0.000496623
0.00452481,0.00347424,0.00279178,0.00182753,0.000206493,0.00283422
0.00824476,0.00578208,0.0032915,0.00517764,0.000979259,0.000440853
0.00813958,0.00583193,0.00308587,0.00443517,0.000413762,-0.00135416
0.00996005,0.00664506,0.00877256,0.00849604,0.00168233,0.00320614
0.0039336,0.00314948,0.00176338,-0.00052645,0.000701327,0.000814092
0.0123758,0.00814543,0.00477986,0.00225006,0.000958347,-0.000302596
0.00421013,0.00316415,0.00168944,0.000261154,-0.000603587,0.000336557
0.0138917,0.00703168,0.0047494,0.00680427,0.0010768,0.00273314
0.0143071,0.00893748,0.0119223,0.0124287,0.00220875,0.00276804
0.0097848,0.00471287,0.00293774,0.000760097,0.00217416,0.0017226
0.00641957,0.00363403,0.00416342,0.00214791,-0.000253374,0.000479459
0.0121805,0.00866812,0.00467538,0.00512588,0.00130371,-0.00104075
0.00485153,0.00353383,0.00268551,0.00233597,0.00119036,-0.000633614
0.00498066,0.0036207,0.0025925,0.0017613,0.0010118,0.000908326
0.0130128,0.00880264,0.0054251,0.00632969,0.001123,0.000168321
0.00567533,0.00411046,0.003173,0.00437153,0.000334034,0.00168962
0.00459835,0.0039236,0.00508572,0.0100103,0.00290049,0.000864448
0.00392909,0.00298701,0.00307542,0.00262358,0.000236706,0.000602874
0.00734371,0.00524114,0.00362888,0.000848002,0.000524309,-0.000819257
0.0156784,0.0105076,0.00761145,-0.00050483,0.00222628,0.000746903
0.00770644,0.00463022,0.00303464,-0.000649166,0.00165494,0.000573393
0.00404296,0.00333809,0.00215834,0.00167579,-0.000229719,2.11028e-05
0.00651484,0.00475232,0.0025764,-0.00138723,0.000911074,-0.000995241
0.0106278,0.00552526,0.0040279,0.0101559,0.00544848,0.0115782
0.0101442,0.00562987,0.00385673,0.00683373,0.0026704,0.00588108
0.0121733,0.00841653,0.00337219,0.00429191,0.00192661,0.00213954
0.00549961,0.004212,0.00211746,0.00288804,0.00166624,-0.000300733
0.0140516,0.00988857,0.006142,0.00492754,0.00136445,0.000554411
0.0120344,0.00781259,0.0052794,0.00562847,0.00170539,0.00124474
0.0125624,0.00487554,0.00515871,0.0115936,0.00273852,0.000777674
0.017178,0.00635997,0.0074661,0.00922189,0.00200979,0.000905596
0.01675,0.00632473,0.0073676,0.00904956,0.00182845,0.00060343
0.0100301,0.00394017,0.00490249,0.00776602,0.00201553,7.00394e-05
0.00519011,0.00340971,0.00234049,0.00397675,-7.11739e-06,0.00101288
0.00901106,0.00617655,0.00367555,0.000988302,0.000934789,3.40976e-05
0.0098315,0.00728602,0.00526881,0.0141245,0.00339271,0.00190339
0.00664582,0.00492712,0.00287379,0.00102979,0.000987438,0.00106278
0.0165363,0.0110647,0.00654593,0.00536509,0.00232642,0.000550992
0.0153794,0.00671397,0.0080768,0.00770808,0.00161456,-0.000508598
0.00726284,0.0053242,0.00341743,0.000166277,0.00120859,1.50005e-05
0.0226021,0.0130285,0.00821426,0.00645697,0.00162386,0.00102803
0.0110713,0.00769744,0.0082781,0.00920321,0.00155334,0.00121946
0.0144047,0.0100353,0.00569194,0.00320195,8.18596e-05,0.000231092
0.00435753,0.00345374,0.00283467,0.00230877,-3.6971e-06,-0.000497275
0.0152087,0.0104359,0.00764353,0.00932572,0.00263452,-0.000292401
0.00623955,0.00492074,0.00215996,0.0056742,-0.000417113,-0.000130253
0.00921945,0.00669372,0.00559745,0.00497209,0.000837626,0.000232321
0.00951046,0.00681072,0.00682718,0.00431776,0.00123928,-5.01357e-05
0.0087527,0.00648078,0.00379502,0.00694524,0.00167427,0.000990706
0.0114818,0.00774661,0.00731691,0.00750142,0.00177654,0.00143252
0.00860317,0.00637777,0.00436907,0.00358252,0.000824337,0.00135233
0.00873686,0.00631711,0.00446486,-0.00021023,0.000798572,0.000466377
0.0146121,0.0100465,0.0129177,0.0161458,0.00242946,0.000456592
0.00490514,0.00325332,0.0027106,0.00106122,0.000457512,0.00113662
0.0138749,0.0097296,0.00422111,-0.000525695,0.00055795,5.5733e-05
0.0129245,0.00884661,0.00365999,0.00480043,0.000628986,-8.64857e-05
0.00622646,0.00453936,0.00168231,0.00241503,0.00111128,0.000950229
0.00741204,0.00494646,0.00173498,0.00576306,0.00173072,-0.00102836
0.0213845,0.0104962,0.00998855,0.017834,0.00412604,0.00441124
0.010421,0.00765225,0.00652851,0.00775162,0.00106506,-0.000412591
0.00697273,0.00463618,0.00316171,0.000577773,0.000289868,0.00077444
0.00685345,0.00394891,0.00223322,0.00251396,5.53428e-05,-0.000320424
0.00437407,0.00329497,0.0040975,0.000838207,0.00116414,-0.00113713
0.0149992,0.00844765,0.00713966,-0.000285836,0.00198356,0.000730906
0.0165689,0.0084291,0.00727185,0.00421939,0.00158471,0.00109052
0.00498889,0.00381719,0.00244829,0.00690996,0.00118034,-0.000958579
0.0118787,0.00723523,0.0053762,0.00245343,0.000836715,-5.2665e-05
0.0137517,0.00935605,0.00748165,0.00946923,0.00102226,0.00226685
0.00591149,0.00431886,0.00302352,0.00400172,8.77848e-05,0.000971049
0.00586485,0.00437484,0.00218732,-0.00294236,0.000150846,0.00178713
0.00694369,0.00341026,0.00421152,0.00649047,0.00146516,0.00131848
0.010983,0.00798648,0.00385546,0.000962087,0.000979774,-0.00129373
0.00367096,0.00324933,0.0068394,0.0021619,0.000996845,0.00134933
0.0381918,0.0149686,0.0207102,0.0353698,0.0137601,0.022738
0.0399279,0.0157694,0.0239141,0.0391807,0.0139781,0.0229638
0.00840804,0.00604183,0.00306628,0.00282963,0.00133065,-0.000857088
0.00859858,0.00632543,0.00267218,0.000632564,0.000681157,-0.00116944
0.012278,0.00863133,0.00408302,0.00516274,0.000748536,-0.000214435
0.0207496,0.0140215,0.00777263,0.0097007,0.00180797,0.00107541
0.0201977,0.0140166,0.00793236,0.00927963,0.00311714,0.00198867
0.00912605,0.00614701,0.0042157,0.00471567,4.43164e-05,-0.000676406
0.0132023,0.00913625,0.0042618,0.00862856,0.00187723,0.00122705
0.0106578,0.00756114,0.00462968,0.00515479,0.000294437,0.00109602
0.00545189,0.00373164,0.0034648,0.000998988,-5.3065e-06,-0.000876449
0.0221175,0.0128457,0.0141492,0.0120848,0.00329821,0.00157288
0.0256883,0.012855,0.0149768,0.00941963,0.00310168,0.00118743
0.00458344,0.00314543,0.00211536,-0.000361954,-0.000813404,0.000515332
0.00858855,0.00572474,0.00316113,0.00278061,0.0012622,0.00131679
0.0129667,0.00935975,0.00406886,0.00395602,0.00147189,-0.000474951
0.0222132,0.0148429,0.00989826,0.0105023,0.00245481,0.00189751
0.0128191,0.00667817,0.00535696,0.00454435,0.00199967,0.000879082
0.0137592,0.00675757,0.0055861,0.00422061,0.00119457,0.000560483
0.0227775,0.0134062,0.0102208,0.00945019,0.000996547,0.00139002
0.0142643,0.00983325,0.00606947,0.00421541,0.00159465,0.00178218
0.00823188,0.00428957,0.00375404,0.0042702,0.00127942,-0.00014241
0.0107405,0.00763385,0.00513469,0.00248443,0.00148572,-0.000910029
0.00630239,0.00469222,0.00295557,0.00234784,0.000269224,0.00100222
0.00431481,0.00319707,0.00262347,-0.00114742,0.00108062,-5.72041e-05
0.0134073,0.00959461,0.00790477,0.00733119,0.00210999,0.00265344
0.0157923,0.0110769,0.00528065,0.0102689,0.000854371,-0.000270512
0.0114887,0.00806603,0.00324573,0.00141053,0.000584096,-0.000683073
0.00573567,0.00367784,0.00290479,0.00528739,0.001157,0.000233751
0.0048233,0.00364633,0.00224009,0.00393644,0.000142468,-0.000722907
0.00722186,0.00349812,0.00398476,0.0107407,0.000772877,-0.000825118
0.00596944,0.00314873,0.00359309,0.00665061,0.00025939,0.000602824
0.0386349,0.0186967,0.0197422,0.0224512,0.00527192,0.00200981
0.0375111,0.0187933,0.0187252,0.0217288,0.00431799,0.00242086
0.0151634,0.00814184,0.00597551,0.012531,0.00190799,0.00105728
0.00944642,0.00684561,0.00510898,0.00635749,0.00133346,0.000945212
0.00424337,0.00327274,0.00264282,0.0026898,0.00103305,0.000175154
0.00994827,0.00694419,0.00605506,0.004125,0.00223407,-7.76181e-05
0.0141118,0.0101323,0.00377469,0.00826089,0.00274362,-3.2905e-05
0.00590219,0.00402296,0.00286335,0.00357302,0.000723473,-0.00108971
0.00688244,0.0041241,0.00322333,0.00197568,0.000726471,-5.80586e-05
0.00783091,0.00569757,0.00385639,0.0180413,0.00796109,0.0189345
0.0253417,0.0153664,0.0123289,0.0210259,0.0039257,0.00180591
0.00819812,0.00336694,0.00428245,0.00580159,0.000467164,0.00157995
0.0109112,0.00742511,0.00757403,0.0103907,0.00257722,0.000578483
0.00993664,0.00708996,0.00576316,0.00924151,0.00194749,0.000483032
0.0103095,0.00691624,0.00614806,0.00456993,0.00220566,0.00136883
0.0101859,0.00710202,0.00446102,0.00187002,0.0010506,0.00122517
0.00791751,0.00546111,0.00239962,0.00458161,0.00023906,0.000655881
0.00500341,0.00369299,0.0031476,-0.000484088,-8.82801e-05,0.000563959
0.0388041,0.0238409,0.0125393,0.0239336,0.00255351,8.35865e-05
0.00862879,0.00614284,0.00392506,0.00131013,0.00170124,0.0011408
0.00975055,0.00680144,0.00945858,0.0126468,0.0039874,0.00912071
0.00431137,0.00316679,0.00189494,0.000380101,0.000233554,-0.000463256
0.00451166,0.00327874,0.003268,0.00123484,0.000695709,-0.000709824
0.00813357,0.0035915,0.00502751,0.00114899,0.000388362,0.00125171
0.0105111,0.00794657,0.0042757,0.00792185,0.000150818,0.00123885
0.0118561,0.00529406,0.00628379,0.00343687,0.00115159,0.000338668
0.0121488,0.00442294,0.00523335,0.00464346,0.000922649,-2.55453e-05
0.00631191,0.00384427,0.0029668,0.00133456,9.27967e-05,0.0010025
0.0128044,0.00915026,0.00333358,0.00371669,0.00142659,0.000559878
0.0118975,0.00820431,0.00379726,0.00371276,0.000361428,0.00163421
0.00601158,0.00456734,0.00305366,-0.0016925,-3.46379e-05,-0.00104947
0.00516765,0.00336209,0.00272972,0.00219164,0.001127,0.000689865
0.0212486,0.0134599,0.00633209,0.00323311,0.00238146,0.000575411
0.0145663,0.00848179,0.00397188,0.000676706,0.00257473,0.000910254
0.0103756,0.00475557,0.0056435,0.00248617,0.00189698,-0.000252978
0.0108504,0.00475609,0.00610099,0.00174783,0.00124092,0.000100146
0.00562161,0.00419626,0.00265094,0.00508736,2.99877e-05,0.000718631
0.00722869,0.00537615,0.00587016,0.00408306,0.00269178,0.00174559
0.0120835,0.0083674,0.00413692,0.00484722,0.00132594,0.00274511
0.00579251,0.00441597,0.00239554,0.0312069,0.0115735,0.0295355
0.010737,0.00725359,0.00508191,0.0125188,0.00489421,0.0114881
0.0109904,0.00813907,0.00623932,0.00599311,0.000457044,0.00160602
0.00837184,0.00619182,0.00359901,0.0018243,0.00029237,0.00137246
0.0317379,0.0202689,0.0202428,0.0200898,0.00842473,0.00341014
0.0291437,0.0199771,0.0075163,0.0155086,0.00272829,0.00122834
0.00621362,0.00450199,0.00355784,0.000805256,0.00112403,-0.00084256
0.01895,0.012799,0.00813677,0.0119614,0.00141009,-0.000339562
0.0142181,0.00804793,0.00705244,0.00845695,-0.000158865,-0.000866873
0.0196262,0.00990834,0.00763777,0.00712116,0.00232888,0.000286324
0.0185039,0.00777365,0.00773035,0.00800844,0.00161393,-0.000224998
0.00816001,0.00591716,0.00341428,0.00321201,0.000953714,0.000252611
0.00855311,0.00609936,0.00322378,-0.00100499,0.00157433,0.00338911
0.0103491,0.00725082,0.00525349,-0.00170817,0.00104878,0.00032981
0.00476555,0.00361317,0.00107954,-0.00362488,-0.000182457,-0.000542573
0.0133886,0.00869588,0.00746004,0.00917962,0.00201041,0.000978361
0.01376,0.00936662,0.0054795,0.00447932,0.00196255,0.000467354
0.0184491,0.0106189,0.00961049,0.0206426,0.00851636,0.0161852
0.0188465,0.0114183,0.00854831,0.0134859,0.00218776,0.0021142
0.0079349,0.00561965,0.00324755,0.00599267,0.00147418,-0.000426851
0.013765,0.00920286,0.00690632,0.00286524,0.00208426,0.00128486
0.0157572,0.00610411,0.00565521,0.00773775,0.0015714,-0.000729387
0.0233379,0.0130996,0.00775533,0.00784219,0.000467001,0.000370848
0.0165294,0.00983706,0.00781521,0.00444512,0.00155037,0.00102577
0.0110711,0.00520947,0.00427228,-4.42874e-05,0.00106644,-0.000398501
0.00476808,0.00360318,0.00421844,0.00834136,0.00196981,-4.40373e-05
0.0125366,0.00729113,0.00491623,0.00619318,0.000342458,0.00118579
0.032702,0.0181074,0.0302162,0.0442912,0.0121959,0.00385715
0.0172703,0.0062652,0.00748867,0.0116967,0.00155508,0.00185309
0.0122748,0.00870315,0.00742631,0.00906824,0.00266985,0.00244141
0.0141001,0.0094064,0.00496557,0.0077602,0.00222129,0.000260145
0.0078948,0.0029265,0.00334104,-0.000157265,0.000704378,0.00161918
0.0103384,0.00628734,0.00406276,0.0196598,0.00741568,0.0145172
0.00827784,0.00368999,0.0027697,0.0100966,0.00265274,0.00345327
0.00450765,0.00348014,0.002572,0.00310049,0.000773769,0.000387123
0.0130717,0.00553985,0.00681397,0.0078827,0.00334012,-0.000636069
0.0133488,0.0055939,0.00700306,0.00804847,0.00274421,2.3133e-05
0.0151654,0.0105933,0.00737455,0.00560202,0.00214803,0.00054477
0.00890084,0.0044401,0.00437184,0.00245447,0.000893202,0.000128822
0.00782626,0.00323206,0.00360143,0.00256867,0.00101798,0.000668734
0.0172777,0.0120543,0.010143,0.00676213,4.7927e-05,-0.000351785
0.00972515,0.00653112,0.00455377,0.00701678,0.000623476,0.000441968
0.0137424,0.00765336,0.00560169,0.00820445,0.00130847,-0.000237358
0.00780922,0.00568424,0.00435599,0.00601697,0.00160714,-0.000612517
0.0178197,0.011975,0.016618,0.018362,0.00408497,0.00166658
0.0146114,0.00987513,0.0043023,0.00362001,0.00121248,0.000285683
0.00417407,0.00326908,0.00295897,0.00197858,0.000966668,0.0013203
0.015105,0.0104359,0.00632549,0.00578743,0.000232932,0.000727853
0.00826927,0.00515275,0.00426021,0.00640255,0.00198498,0.00103392
0.00615861,0.00435189,0.00341564,0.00230225,-0.000107181,-0.00118685
0.00411549,0.00310064,0.0018,0.00254772,-0.000757141,0.00207165
0.0062338,0.00428786,0.00274395,0.00252032,-5.75873e-06,-0.000633509
0.00743987,0.00494401,0.00334419,0.00173749,-0.000194802,-0.000972067
0.00495301,0.00346404,0.00129717,0.00365286,0.000716505,-0.0015204
0.0284173,0.0129727,0.0105707,0.0175123,0.00385346,0.00086901
0.00480395,0.00312453,0.00233855,-0.00117051,0.000109862,-1.87977e-06
0.00397674,0.00312064,0.00451594,0.00284969,0.00263549,0.000798746
0.0305032,0.0204485,0.020942,0.0307065,0.00617649,0.00350331
0.0121435,0.00878391,0.00465559,0.00351894,0.0012619,0.00211961
0.0560143,0.0250425,0.0255425,0.0457984,0.0121976,0.0170619
0.0248426,0.013604,0.0104392,0.0147288,0.00268123,0.000507641
0.00505934,0.00358327,0.00537969,0.00309259,0.000703244,0.00112193
0.0208564,0.00884706,0.0117212,0.0107731,0.00398844,0.00194186
0.0201407,0.0085549,0.0108711,0.0114266,0.00239876,0.00159549
0.0120939,0.00728831,0.00624062,0.00482339,0.000481861,0.000433749
0.00719449,0.0055496,0.00254832,0.000426105,0.00105826,-0.000976028
0.0113889,0.00656116,0.00666518,0.00587858,0.000866806,0.00147049
0.011936,0.00370174,0.00579806,0.000303811,0.000918549,-6.8602e-05
0.007821,0.0033407,0.00322242,-0.00374352,0.00108311,0.000384527
0.0111144,0.00759636,0.00435442,0.0028877,0.000212829,0.00167935
0.0111291,0.00742683,0.00767021,0.00626828,0.00227403,0.00070285
0.010342,0.00619286,0.00592067,0.00585471,0.000588259,0.00107086
0.0106197,0.00727787,0.00637993,0.00988457,0.00095867,0.000725225
0.0156097,0.0112614,0.00297487,-0.000449256,0.00119389,0.000272454
0.00678726,0.00486591,0.00503413,0.0041278,0.00128992,-0.000618617
0.00992899,0.00720861,0.00324653,0.00294085,0.00109808,-0.000228426
0.0156241,0.0107573,0.0131532,0.00921339,0.00242113,-0.00076929
0.0190347,0.0104605,0.0100453,0.00538485,0.00183774,0.000885994
0.0086099,0.00618471,0.00528461,0.013355,0.000686601,-2.19098e-05
0.00869587,0.00619869,0.00446028,0.00111215,0.000735516,0.000240959
0.00599935,0.00425186,0.00288999,0.00361204,0.00128318,-0.000935491
0.0158609,0.00968439,0.00635018,0.00381702,0.00221694,0.00100483
0.0111706,0.00693679,0.00465025,0.00152404,0.000951381,0.00125533
0.0167596,0.00868951,0.00916815,0.0153359,0.00320884,0.00170653
0.0173478,0.00777757,0.00841906,0.010318,0.00205237,0.000826623
0.0130669,0.00891524,0.00642169,0.00763584,0.00134667,-2.96935e-05
0.00479285,0.00324587,0.00283622,0.00103194,0.000372875,4.17372e-05
0.0303244,0.0202285,0.0117885,0.022262,0.00440021,0.00195595
0.0114013,0.00838809,0.0031832,0.00814558,0.0019656,-2.84827e-05
0.0101351,0.00729726,0.00337239,0.00277045,0.000680373,0.00148906
0.0176168,0.0124719,0.0076152,0.0115021,0.00374326,-0.00109482
0.00637774,0.00487746,0.00166802,-0.000985986,0.000637908,-0.000163229
0.00713636,0.00525179,0.00472127,0.00531959,0.00136074,0.000688611
0.00879769,0.00593189,0.00405735,0.000657792,0.00132058,-0.00089598
0.0119742,0.00822681,0.00749765,0.00135573,0.00106112,0.000931763
0.00717976,0.00521667,0.00230821,-4.54835e-05,0.000846189,4.25024e-05
0.0171361,0.00687287,0.00920199,0.00756443,0.00181738,0.00334233
0.0174815,0.00694878,0.00905833,0.0105952,0.000716694,0.00183609
0.00480864,0.00373728,0.00173215,0.0048619,0.000448077,-0.000286095
0.00468837,0.00373084,0.00245564,0.00278041,6.80623e-05,0.00148884
0.00807098,0.00588116,0.00255369,0.00604422,0.00189702,-0.000258057
0.00586317,0.00350295,0.00277878,0.00133894,0.00242789,0.000262732
0.0273843,0.0122416,0.0190258,0.015272,0.00436589,0.00234958
0.0112879,0.00658819,0.00819795,0.00425191,0.00182846,0.000346823
0.0167512,0.00821851,0.00764388,0.00757326,0.000805892,0.00025617
0.0173271,0.00891576,0.00740328,0.0085041,0.000641385,0.000511739
0.00542148,0.00426138,0.00477416,-0.00178027,0.000422089,0.00150702
0.0121671,0.00531099,0.00465465,0.00486798,0.00188442,0.00104978
0.0126594,0.00547572,0.00478304,0.00565078,0.00114644,0.000495512
0.00745846,0.00565613,0.00542208,0.00271503,0.00065705,0.00122422
0.0315566,0.0190611,0.0138263,0.0226682,0.00596315,0.0061471
0.00482982,0.00347129,0.00189774,-0.00192958,0.00066637,0.00144988
0.0131918,0.00522839,0.00639327,0.00362886,0.00132832,0.00159442
0.0171807,0.00841385,0.00696461,0.0077681,0.00229488,5.95094e-05
0.0153916,0.0107008,0.00623121,0.00505022,0.00132475,0.00149614
0.0305793,0.012604,0.0112661,0.0135995,0.00250556,0.00349439
0.0141392,0.00976855,0.00641115,0.00286002,0.00213148,0.00416071
0.00830028,0.00457068,0.00405455,0.00280614,0.000691073,0.001529
0.00899057,0.00666405,0.00605078,0.00537551,0.00309859,-0.00163811
0.0229874,0.0146708,0.013168,0.0198218,0.00342288,0.00145102
0.0142742,0.0103036,0.00988677,0.00873425,0.000808602,-0.000401742
0.00912434,0.00555736,0.00384064,0.00254951,0.000453026,-0.000583455
0.0148568,0.00919116,0.00504483,0.00107092,0.00082497,0.000174654
0.0110145,0.00797782,0.00467393,0.00915966,0.00204563,0.00232886
0.0172868,0.00957205,0.00725182,0.010664,0.00194781,0.00276722
0.0119439,0.00660691,0.00549573,0.00958706,0.00133012,0.00163774
0.00504052,0.00367145,0.0033357,0.00247476,0.00203165,-0.000518271
0.0169707,0.00806968,0.00848939,0.0122278,0.00259029,0.000720837
0.00411715,0.0030863,0.00241759,0.0027068,0.000175013,0.000601154
0.00854536,0.00326991,0.00475364,0.00586025,0.000465957,0.00176121
0.0287327,0.0112814,0.0124358,0.014912,0.00242751,0.000491321
0.0270991,0.0113906,0.0114779,0.0118019,0.00234501,-0.000703928
0.00974523,0.00706726,0.00338373,0.00207274,-0.000474013,-0.000676225
0.0168857,0.0115381,0.00586401,0.000599607,0.00122914,0.000574442
0.00982838,0.00473822,0.00429401,0.00672381,0.00175383,0.000780532
0.0100693,0.0046266,0.00407477,0.0059667,0.00140727,0.00132508
0.008497,0.00619058,0.00264006,0.00197413,0.000756728,0.000241556
0.0105359,0.00766964,0.00745983,0.0108084,0.003604,5.06623e-05
0.0132254,0.00721133,0.00643004,0.0063652,0.000819569,0.000521156
0.0144497,0.00717887,0.00649057,0.00743205,0.00116396,0.000609788
0.00965767,0.00688881,0.00632016,0.0177316,0.00605139,0.0186575
0.00542423,0.00409913,0.00178363,0.00198814,-0.000214894,0.000436179
0.0186659,0.0122702,0.00706248,0.00752793,0.00297973,0.00120389
0.0105485,0.00764002,0.00424139,0.00763938,0.00225908,0.00417254
0.0103539,0.00719848,0.0052925,0.00346681,0.000228601,-0.000177688
0.00505175,0.00354632,0.00268216,-0.00130306,0.000620733,-0.000660771
0.00854685,0.00537052,0.00470278,0.0036588,0.0010063,-0.000193748
0.00690994,0.00415279,0.00285918,0.00276634,0.000522844,0.000193833
0.0104128,0.00764114,0.00439294,0.00405707,-2.69455e-05,1.26545e-06
0.0409485,0.0179435,0.0296647,0.0364832,0.00919383,0.00561308
0.0118211,0.00868283,0.0159649,0.0306453,0.00630694,0.00183594
0.013706,0.00932476,0.00908932,0.0107936,0.00425397,0.00173968
0.00634897,0.00466846,0.00296377,-0.00183755,-0.000657594,0.000206036
0.022704,0.0117434,0.0102852,0.013037,0.00210502,0.00211439
0.0131966,0.00613566,0.00541649,0.00688964,0.0014979,0.0025538
0.00643441,0.00452416,0.00397085,0.00465279,0.000429594,0.00082982
0.0203494,0.0109317,0.0107505,0.0107128,0.00148915,0.00239382
0.00862628,0.00367138,0.00366694,0.000310814,0.0027144,4.99854e-05
0.0161765,0.0106117,0.00609832,0.00452862,0.00128573,0.0022957
0.0324096,0.00883567,0.016956,0.0215331,0.00477584,0.00116227
0.0248463,0.0108305,0.0141044,0.0206431,0.00381797,0.00112296
0.0121558,0.00690675,0.00425924,0.00645718,0.00163339,-0.000107146
0.0190324,0.00972363,0.00574618,0.0187727,0.00997358,0.0262909
0.0180169,0.00972178,0.00570258,0.0148327,0.00610731,0.0181183
0.00809957,0.00568473,0.00336625,0.00321055,0.000974946,-0.000633266
0.00851678,0.00415153,0.00419775,0.00776291,0.000213317,0.000133541
0.00766572,0.00361888,0.00381708,0.00266116,0.00148999,0.000176104
0.0100096,0.00682462,0.00839767,0.00884303,0.00207425,0.000591226
0.0073322,0.00504818,0.00240898,0.0042733,0.000385937,0.0010665
0.00760744,0.00527204,0.00290855,0.00469386,0.000224962,-0.000837872
0.022849,0.012631,0.0099441,0.0117975,0.00212141,0.000935316
0.0165366,0.00884185,0.0107841,0.00833216,0.00256527,0.000677946
0.0200521,0.00981066,0.0129629,0.00832459,0.0032597,0.00223932
0.0117212,0.00829196,0.00579934,0.00899404,0.000256466,0.00126241
0.00430047,0.00328427,0.00289618,0.00203509,0.00182149,-0.00139994
0.00943865,0.00720673,0.00431528,0.00469055,8.92452e-05,-0.000407793
0.00598566,0.00424899,0.00333837,3.59765e-05,-0.000537696,0.000190305
0.0129138,0.00560953,0.00834629,0.00763974,4.92841e-05,-0.00113359
0.0136623,0.00553217,0.00856782,0.00702276,0.000152968,-0.000171939
0.0195784,0.00788216,0.00788554,0.0040703,0.00148725,0.000785248
0.019819,0.00798384,0.00799546,0.00266645,0.00153176,0.000978205
0.00700099,0.00453365,0.00294904,0.00128014,0.00152717,-0.000335508
0.0207515,0.0108353,0.00994055,0.0100799,0.00228802,2.66698e-05
0.019689,0.0100303,0.0092117,0.00950234,0.00116255,0.00165993
0.00464806,0.00298969,0.00244617,0.00263146,0.000453099,0.000588781
0.00450589,0.00323689,0.0012173,-0.000120541,0.000799139,-0.000758332
0.00460505,0.00357672,0.0025316,-0.000491887,0.000348453,0.000671045
0.0135837,0.00941439,0.00475796,-0.000396096,0.000118289,0.000310803
0.00912549,0.00543984,0.00290308,0.00650546,0.00578986,0.0109508
0.00691235,0.00307568,0.00327232,0.0232365,0.00907953,0.0233028
0.00740071,0.00552909,0.00323215,-0.000297251,0.000654473,0.000904922
0.0107025,0.00624937,0.00449773,0.00459592,0.00141234,-0.000376099
0.0121742,0.0062276,0.00462307,0.00450964,0.0015036,-0.000144799
0.0139739,0.00941678,0.00832837,0.00432067,0.00115578,-0.000968141
0.00777683,0.00524037,0.00322995,0.00689609,0.000722243,0.000158121
0.0153072,0.00964243,0.00513761,0.00269703,0.00207957,6.01591e-05
0.0100656,0.00467717,0.00495547,0.00362669,0.00136375,-0.000464347
0.00913071,0.00384527,0.00405809,0.00376649,0.000492016,-0.000820425
0.0152653,0.00980625,0.00584736,0.00433413,0.00113231,-0.00119788
0.00965319,0.00366018,0.0037723,0.00143271,-9.64359e-06,0.000230464
0.0138486,0.010042,0.00635703,0.00561004,0.00126788,-0.000320813
0.00745174,0.00499864,0.0042161,0.00375122,0.000515775,-0.00108128
0.00498167,0.00377534,0.00375504,0.00359115,0.000232269,-0.000707713
0.0114578,0.0062136,0.00365459,0.0123716,0.00133634,-0.00065009
0.0115493,0.00846588,0.00356329,0.00289786,-0.000337938,0.000601289
0.00833381,0.00429082,0.00316111,0.00478141,0.000354189,0.000458006
0.0076349,0.00440427,0.00323466,0.00487308,0.000822676,-0.000269892
0.00492858,0.00393272,0.00235191,0.00269885,0.000478257,-0.000279447
0.00495345,0.00369897,0.00258894,-0.000449241,0.000640121,-0.000981981
0.0140732,0.00997759,0.0071759,0.00802826,0.00250932,0.000110443
0.0130786,0.0054674,0.00757632,0.00589033,0.00262932,-0.000699206
0.0228602,0.00904248,0.0110997,0.010758,0.00266342,-0.000396724
0.00976243,0.00728063,0.00518929,0.00947576,0.00130452,0.000537119
0.0119062,0.00850777,0.0039088,0.00447787,0.00157477,-0.0008586
0.011083,0.00802005,0.00275873,0.00279415,0.00155522,-0.000863869
0.0284483,0.0194593,0.0256552,0.027842,0.0067866,0.0029727
0.0115177,0.00716783,0.00475088,0.0065585,0.00165362,-0.000416227
0.0133529,0.00754852,0.00493838,0.00243364,0.00239305,-0.000595725
0.0331792,0.0172218,0.0162163,0.0159328,0.0053141,0.00249402
0.00905467,0.0064732,0.00509514,0.00321108,0.000360747,0.00023055
0.0176844,0.0116698,0.00768305,0.00807475,0.00143092,-5.4814e-06
0.0240572,0.0120755,0.00987918,0.0112635,0.0016349,0.000764863
0.0179829,0.00697508,0.00851489,0.00726568,0.00198126,0.000947079
0.0170876,0.00943387,0.00658463,0.0110769,0.00183423,0.000433386
0.00791884,0.00572011,0.00677356,0.0044772,0.00125922,0.000716547
0.00902118,0.00617206,0.00471959,0.00440369,0.00140669,0.000568598
0.0116362,0.00790531,0.00443133,0.00521507,0.000879548,0.000654236
0.00963169,0.00712399,0.00361637,0.00515661,0.00201881,-0.000687841
0.00840079,0.00582861,0.0036447,0.000566191,0.0018741,-0.00120138
0.00660179,0.00498065,0.00291777,0.00201798,0.00171118,-0.00115355
0.0100298,0.00741237,0.00669038,0.00550672,0.00169856,-0.000833623
0.0155145,0.0101761,0.00854623,0.00927006,0.00216297,-8.63151e-05
0.00531688,0.00403026,0.00396074,-0.00146826,-0.000640457,0.000892451
0.0234826,0.0159563,0.013092,0.0105521,0.00307645,0.00112843
0.00827874,0.00567929,0.00311453,0.00435264,0.00150744,-0.000348926
0.00904519,0.00648319,0.00372553,0.00245772,0.000471795,-0.00102996
0.00480512,0.00375796,0.00208978,-0.00118857,0.000601632,-0.00042018
0.0127002,0.00757354,0.00601296,0.00890419,0.00233006,0.00051178
0.0102907,0.00533557,0.00487471,0.00600515,0.00123784,0.000538476
0.0164788,0.0111168,0.00590936,0.00829394,0.00108779,0.000465389
0.0149899,0.0106322,0.00645087,0.00946357,0.00172823,0.00209491
0.0123966,0.00877799,0.00457975,0.00626915,0.00168443,0.00108156
0.00405703,0.00327691,0.00217917,0.000238871,-0.000241085,-0.000272436
0.00681286,0.00499689,0.00317034,0.00148588,0.00132681,4.43683e-05
0.00939417,0.00658421,0.00427774,0.00234615,0.00100505,0.000979829
0.00462997,0.00345598,0.00231808,0.00155943,0.000688075,-0.000409179
0.0206829,0.013393,0.0161999,0.0233814,0.00454766,0.00240858
0.0193201,0.00819343,0.00815629,0.004968,0.00202786,0.00139139
0.013057,0.00951083,0.00523822,0.00406916,0.00220149,0.00116139
0.018895,0.013039,0.0133353,0.023449,0.006963,0.00858098
0.0222556,0.0129218,0.0143639,0.0261135,0.00638203,0.00864323
0.010877,0.00743989,0.00363368,0.00196091,0.00156311,0.00017624
0.00775674,0.00560984,0.00217099,0.00034621,0.000662686,0.000445857
0.0124792,0.0077111,0.00461521,0.00171191,0.00149536,-0.00111039
0.00722763,0.00506937,0.00365909,0.00535565,0.00174381,-0.000460509
0.0184194,0.0120217,0.0217953,0.0577386,0.0206429,0.0478974
0.00517133,0.00413726,0.00293045,-0.000482526,0.0014463,-0.000344295
0.0112368,0.00781246,0.00433498,0.0041498,0.000863452,-0.000297071
0.00542392,0.00397452,0.00600735,0.00628883,0.00147013,0.000396994
0.0062611,0.00323715,0.00443901,0.00799624,0.00150591,0.00026564
0.0171618,0.0121916,0.00899322,0.0127695,0.00221258,0.00134227
0.0177574,0.0125203,0.009144,0.00931138,0.00186505,0.00162671
0.00540962,0.0038748,0.00322036,-0.00157847,0.000531815,0.000889029
0.00604219,0.00439596,0.00255059,0.00268939,0.00146229,-8.83937e-05
0.00438007,0.00333198,0.00437884,-0.00412948,0.000848249,-0.000848274
0.0109989,0.00775794,0.00476297,0.00386878,0.000836065,-7.65659e-05
0.00906695,0.0056439,0.00422213,0.00351048,-2.64372e-05,0.000328281
0.00649227,0.00462989,0.00369471,0.00480897,0.00202887,0.00240937
0.0137694,0.00944287,0.0045163,0.01298,0.0043013,0.0111251
0.0130761,0.00917515,0.00416872,0.00367595,0.00163459,-0.000703995
0.0162533,0.00977215,0.00476285,0.0135325,0.00112152,0.000744685
0.0131526,0.0093049,0.00409478,0.0103544,0.00162052,0.000493717
0.0124414,0.00851998,0.00284917,0.004788,0.00134614,-5.65061e-05
0.00452654,0.00317998,0.00105813,-0.000910393,0.000971508,-0.000784845
0.0152366,0.0100053,0.0109957,0.00975895,0.0019466,0.0020621
0.00655314,0.00346047,0.00503321,0.00259985,0.000313603,-0.000775777
0.0159136,0.0114764,0.00545149,0.00741264,0.00153372,0.00087113
0.00774647,0.00452418,0.00455884,0.00380225,-9.50213e-05,7.85469e-05
0.00661932,0.00453966,0.00332901,-0.0012687,0.00160417,-5.49062e-05
0.00831021,0.00510255,0.00440868,-0.00019431,0.00119707,0.000657939
0.0115103,0.00819022,0.00397887,0.00534163,0.000104485,0.000871051
0.00463056,0.00363717,0.00321989,0.00107497,0.000599396,-0.000671868
0.0183615,0.00951195,0.0105107,0.0107132,0.00157349,0.000930434
0.0203275,0.00948014,0.0104716,0.00761,0.00104543,0.00107327
0.0143198,0.00774737,0.00818678,0.009595,0.00245155,0.000110779
0.0186988,0.0086932,0.0100521,0.0118105,0.0023062,0.0020426
0.0102142,0.00532489,0.00497157,0.0052581,0.00054708,0.000716586
0.0161627,0.0112459,0.00765577,0.00853248,0.00221181,0.00224809
0.00929817,0.006481,0.0069438,0.00774044,0.00167291,0.00106934
0.00826208,0.00595227,0.00476104,0.00267017,0.00219708,0.00253391
0.00533808,0.00369362,0.00299167,0.00317519,0.00012967,8.52188e-05
0.00541803,0.00403868,0.00310524,-0.00216934,0.000307603,8.60235e-06
0.0194074,0.00990212,0.00919866,0.00735791,0.00255092,0.000266737
0.011897,0.00626107,0.00549112,0.00218874,0.00114732,-0.000227969
0.00713456,0.00483235,0.00290258,0.00515318,0.000544977,-0.00157003
0.00621289,0.0043087,0.00326111,0.00132567,-0.000183836,-0.000358673
0.0261118,0.0111977,0.0127932,0.012944,0.00348334,0.00364344
0.01484,0.0104607,0.0127053,0.0125229,0.00278982,0.00230589
0.0187864,0.0129569,0.00721494,0.0275313,0.00842403,0.0172183
0.0068603,0.00487387,0.00192466,0.00161274,8.48445e-05,0.000248232
0.00939182,0.00678306,0.00368289,0.00397249,0.000408928,6.74845e-05
0.0133265,0.00904629,0.00950303,0.00759429,0.00164556,0.000821346
0.0100252,0.00654718,0.00353019,0.000704339,0.00134795,0.000534643
0.0100543,0.00721431,0.00365998,0.00384441,0.00226527,0.00100116
0.0145632,0.00672242,0.0180155,0.028067,0.00413475,0.000929688
0.0131476,0.0056725,0.0200006,0.0297675,0.00411489,0.00114633
0.00401786,0.00313994,0.00206362,0.00118046,-0.000572194,0.000517002
0.00506426,0.00427144,0.00271253,0.00501112,0.000434708,0.000436309
0.00405159,0.00305533,0.00213294,0.000334758,-2.97778e-06,-7.34565e-05
0.0067577,0.00496683,0.00509624,0.00240458,-1.48693e-05,0.000776101
0.0204154,0.0131158,0.0133818,0.0113741,0.0013268,0.0014706
0.0241416,0.0164211,0.010447,0.0167056,0.00184574,-0.000282737
0.00885582,0.00596384,0.00393446,0.000442282,-0.000303256,0.00167766
0.00834293,0.00515428,0.00353946,0.00406918,0.000825439,0.000824284
0.0180033,0.0120941,0.00602951,0.00497901,0.00152226,0.00182029
0.014559,0.010228,0.00478363,0.00417088,0.000345932,-0.00117167
0.0200491,0.0137139,0.00784786,0.0140906,0.00250397,0.00260533
0.0155004,0.0096757,0.00636117,0.00814125,0.00216129,0.00175779
0.0109515,0.00692914,0.00454659,0.00131201,0.000849707,0.00185514
0.0284239,0.0174996,0.0115513,0.0118065,0.00194469,0.000133951
0.00432567,0.0036293,0.0022315,-0.000807906,0.00114293,-0.000859977
0.0120825,0.00537233,0.00562507,0.00741894,0.000495807,0.000669618
0.0125156,0.00553971,0.00542359,0.00749979,0.00100309,-0.000463497
0.00440816,0.00340052,0.0018943,0.00179735,0.00117387,5.93186e-06
0.0276433,0.0132185,0.0113757,0.00899077,0.00258357,0.00220449
0.0225896,0.0151783,0.00951312,0.0106508,0.00227062,0.00217216
0.021149,0.00838416,0.0138485,0.0160433,0.00464133,0.0027997
0.0207111,0.0082689,0.0132261,0.0150365,0.00381029,0.00270832
0.015628,0.0101176,0.0103702,0.015363,0.00259285,0.00281236
0.0155465,0.00992559,0.00833274,0.024776,0.00731854,0.0157296
0.00504973,0.00359727,0.00378295,0.00311599,-7.69787e-05,0.0013967
0.0164471,0.0112353,0.00628124,0.00334504,0.00195216,-0.000577533
0.0146555,0.00998341,0.00629828,0.0110939,0.00267046,0.0013596
0.0154531,0.010147,0.00346583,0.00604397,0.000526867,0.000410518
0.0116735,0.00641439,0.003647,0.00405576,7.30982e-05,0.000177957
0.0170523,0.0123578,0.00374312,0.00928571,0.000762983,-0.000464377
0.00950466,0.00546473,0.00592307,0.00965246,0.000559338,0.00122822
0.00810696,0.00509971,0.00437303,0.00587348,-8.6718e-05,0.000846613
0.0139944,0.00994236,0.00605608,0.00135068,0.000586679,0.000393848
0.0200724,0.0134224,0.0108912,0.025587,0.00842445,0.01555
0.00877998,0.00590392,0.00428635,0.000455342,0.000935115,0.000814829
0.0138119,0.00957559,0.0053227,0.00749983,0.000548812,0.000575011
0.00987439,0.0069551,0.00350714,0.00645746,0.00118313,0.0011163
0.00554566,0.00448141,0.00309548,0.00210195,0.00140311,0.000381215
0.0102708,0.00733501,0.0032732,0.00896488,0.00367366,0.00805777
0.00623678,0.00325701,0.00194683,0.0192407,0.00854392,0.022742
0.00871536,0.00528289,0.00337352,0.00474977,0.00153035,0.00419536
0.00544959,0.00383485,0.0023578,0.000508727,0.000803969,0.000109953
0.00413472,0.00336788,0.00303197,0.00464479,-0.000103904,0.00023551
0.016439,0.0111317,0.00765526,0.0116772,0.00176018,0.000504646
0.00742544,0.00475079,0.00244485,0.00465701,0.00060697,0.00119519
0.013785,0.00915399,0.00798085,0.00994987,0.00253485,0.0012364
0.0187619,0.0117935,0.00984968,0.0211351,0.00454091,0.00150046
0.0122704,0.00841018,0.00486575,0.00714796,0.00147415,0.00157986
0.00707774,0.00498914,0.00234798,0.00523185,0.000349463,-0.00121457
0.00839446,0.0061095,0.00453338,0.00625672,8.92211e-05,0.000680609
0.00551487,0.00401021,0.00223095,0.00385271,0.000774744,0.00175615
0.0165628,0.0113078,0.0116047,0.0119099,0.00238377,0.00160545
0.0121124,0.0085132,0.00555262,0.00482314,0.000956804,0.00112233
0.00601574,0.00463825,0.00147922,0.00186976,0.00102493,8.36693e-05
0.00730155,0.00495457,0.0038724,0.00134968,0.00122594,-0.00107285
0.00574637,0.0030631,0.00343398,0.00129937,0.000957886,-0.000419005
0.00610308,0.00350313,0.0031378,-0.000369206,0.000512982,0.00152665
0.0206063,0.0129583,0.0086753,0.00534638,0.00187662,0.00170695
0.0240288,0.0149627,0.0139259,0.00907414,0.00142363,0.000697628
0.00839026,0.00626107,0.0050818,0.00502893,0.000517156,-0.000135669
0.0225978,0.0170233,0.0150959,0.0258066,0.00810153,0.0100105
0.0315988,0.0198531,0.0196265,0.0288411,0.00809553,0.0106132
0.0128825,0.00694107,0.00647655,0.00918725,0.00179607,0.00110359
0.0143329,0.00493067,0.00730114,0.00838377,0.00200646,0.000490525
0.0216441,0.012697,0.0142076,0.0142381,0.00443025,0.00319254
0.00859945,0.00578692,0.00284826,0.00587101,-0.000134522,0.00181128
0.010444,0.00770489,0.00369578,0.00895843,0.00146327,-0.000632958
0.0144651,0.00889782,0.00403547,0.00844699,0.0014558,0.000135528
0.0221415,0.0102985,0.00945738,0.00939175,0.00199205,0.000327209
0.0255077,0.0102332,0.0109403,0.0132736,0.00255828,0.00084987
0.0225884,0.0129984,0.0089836,0.0138489,0.00147325,0.00104644
0.00934708,0.00454567,0.00438301,0.00293446,0.00188362,0.000343187
0.0111743,0.00767439,0.00717055,0.0103304,0.00113339,0.000262418
0.00957345,0.00350813,0.00599574,0.00771505,0.000670243,-0.000336366
0.0124643,0.00700595,0.00773033,0.00931071,0.00222906,0.00135958
0.0409478,0.02289,0.021648,0.0265431,0.00525431,0.0046824
0.0147264,0.0105296,0.00923707,0.00325723,0.00231387,-0.000140744
0.0117244,0.00715162,0.00492984,0.00207057,0.000502209,0.00108888
0.00770646,0.00338527,0.00329054,0.000779044,-0.00010611,0.000348645
0.0136199,0.00533265,0.0147087,0.0209928,0.00406956,0.00178653
0.00996885,0.00453941,0.00577248,0.0101892,0.00283208,0.00320301
0.0205446,0.0108055,0.0130078,0.027453,0.0060893,0.00668422
0.00474115,0.00374182,0.00254268,0.000904882,0.000693842,0.000245438
0.0160056,0.0104231,0.00993791,0.00791447,0.00247673,0.0013695
0.0189818,0.012825,0.00461211,0.011926,0.00200923,-0.000197474
0.00824803,0.00348737,0.00680339,0.0147505,0.00287188,0.00305198
0.0211054,0.0129649,0.0219079,0.0320304,0.00680928,0.00572527
0.00883202,0.00585528,0.00501775,0.00402319,0.000888052,0.00156977
0.0279119,0.0170388,0.010981,0.00837201,0.00248642,0.00185036
0.00466126,0.00332876,0.00224132,0.00667831,-1.62687e-05,0.000420987
0.0127915,0.00885849,0.00599362,0.00363298,0.00118652,0.000934467
0.00682333,0.00488459,0.00389606,-0.00220771,0.00106104,-0.000293421
0.00926794,0.00631762,0.00321401,0.00837163,0.00107084,0.000186918
0.0076269,0.00545118,0.00423607,-0.000631842,0.000128326,0.000894897
0.00715611,0.00524948,0.00390222,0.00761893,-0.000256,0.00019126
0.00880754,0.00323953,0.00480961,0.0051554,0.00126569,0.000652463
0.0244886,0.01467,0.01068,0.0149379,0.00269108,0.00280543
0.0111624,0.00802607,0.00427901,0.00624999,-0.00021058,0.000168008
0.00483337,0.00376602,0.00384291,0.00205275,0.00143869,-0.000719453
0.0139498,0.00925738,0.00492272,0.00154091,0.00182247,0.00139471
0.011672,0.00815785,0.00415839,0.0017001,0.000125292,0.000967826
0.0134114,0.00925573,0.00621052,0.00710745,0.00296543,0.00107988
0.00649307,0.00474836,0.00356836,0.00631567,0.00105085,0.000389851
0.00809908,0.00574827,0.00333559,0.00113569,-1.6982e-05,-0.000371911
0.013666,0.00947247,0.0034832,0.0043988,0.00216478,-0.000113229
0.0149416,0.00585752,0.00548171,0.0167306,0.00393525,0.00785631
0.0259895,0.0169627,0.00750253,0.00990052,0.00164257,0.000112041
0.00912099,0.00649643,0.00769877,0.00762531,0.000543993,-0.000676808
0.0113026,0.0077419,0.00492714,0.00584563,0.00103191,0.000450988
0.0138293,0.00899233,0.00806025,0.00982881,0.000276903,0.000727078
0.0185746,0.0125066,0.00678521,0.00967193,0.00224715,-0.000307692
0.0173301,0.00923436,0.00535436,0.00701205,0.000267821,0.000932757
0.00443958,0.00327237,0.00305692,-0.00147888,0.00122132,-0.000991691
0.00534287,0.00379478,0.0034115,0.00154968,0.000163264,8.69511e-05
0.0106793,0.00578588,0.00574497,0.00598214,0.001295,0.000146512
0.00999307,0.00724105,0.00406505,0.00345231,0.00093196,7.66114e-05
0.00451224,0.00352513,0.00232737,-0.000718001,-4.49179e-05,-0.000338661
0.00752673,0.00521458,0.00512398,0.00147299,0.00116613,0.00147145
0.00880358,0.00635312,0.00388733,0.00295201,-7.68788e-05,-6.72571e-05
0.00890337,0.00631031,0.0034242,0.00201076,0.000359594,0.000431541
0.0101073,0.00607982,0.00550417,0.00493871,-0.000142958,0.00134599
0.00653051,0.00499696,0.00329756,0.00420827,-0.000428534,0.00116045
0.00927028,0.00675271,0.00391451,0.00436778,-6.77843e-06,-0.00014709
0.00518669,0.00375841,0.00375775,0.00557939,0.000106733,0.000938614
0.00555255,0.00396322,0.00336033,0.000475482,0.000302999,-0.000754251
0.0118633,0.00862727,0.00680135,0.00559757,0.00104678,0.000852313
0.011934,0.00820991,0.00294653,0.00362001,0.000768298,0.000759315
0.00426508,0.00341826,0.00151045,0.000605535,-0.000566049,0.00143582
0.00849144,0.00609674,0.00509108,0.00089031,2.70061e-05,9.40448e-05
0.0082378,0.00586019,0.00289727,0.00490614,0.00127054,0.000395778
0.00756726,0.00539167,0.00511351,0.00243443,-7.3965e-05,0.00157635
0.00879033,0.00607208,0.0034158,0.00383652,0.00107614,0.000546907
0.00912263,0.00641212,0.0045596,0.00490587,0.000528609,0.00173816
0.0262293,0.0137025,0.0083885,0.0146086,0.00408218,0.000558866
0.0057453,0.00416281,0.00191515,0.00350807,0.000613326,-0.000497883
0.00767025,0.00299941,0.00321119,0.00456107,0.00125199,0.000776255
0.0114863,0.00622364,0.00450791,0.00633676,0.00107113,0.00167442
0.0156184,0.0107309,0.0131949,0.0251932,0.00495558,0.00159238
0.0129242,0.008921,0.00542271,0.00587108,0.0012615,0.00219703
0.0116059,0.00582198,0.00589833,0.00640995,0.00128428,0.00198899
0.00917715,0.00666716,0.0035993,0.00155839,0.000377526,-0.00016495
0.0197154,0.0128619,0.00726749,0.00953783,0.00168572,0.00192152
0.0142377,0.00603708,0.00475919,0.00801063,0.00107098,0.0010344
0.0136644,0.00601689,0.00456957,0.00555277,0.000474106,0.00127599
0.00505286,0.00406318,0.00327182,-0.00228577,0.00105146,-0.000336248
0.00576218,0.00426514,0.00329108,0.00189116,-0.000109668,-0.000305047
0.0244743,0.0116018,0.00869998,0.0102512,0.00161124,6.95396e-05
0.02529,0.0175091,0.0119992,0.0119573,0.00365604,0.00298632
0.00567635,0.00415101,0.00312906,0.0132774,0.0037935,0.0106923
0.0124302,0.00854413,0.00917968,0.00661668,0.000762865,0.00174432
0.0196389,0.0125759,0.0119248,0.0181001,0.00528303,0.00175441
0.0202151,0.0120251,0.00810647,0.00873982,0.00140975,1.12515e-05
0.00784697,0.00578219,0.00463683,0.00886277,0.00141085,0.000733139
0.0040874,0.00345936,0.00270852,-0.000505633,-9.61788e-05,0.000852286
0.0170864,0.00887446,0.0089326,0.0103978,0.00164252,0.000802983
0.0107569,0.00692497,0.0057262,0.00418206,0.0015901,-0.000121559
0.0101899,0.00730603,0.00640187,-0.000580145,0.00205918,-0.00103708
0.00705646,0.0050711,0.00291428,0.00140614,-0.000508647,-0.000898389
0.011295,0.00792767,0.003271,0.00670547,0.000651626,0.00138864
0.0248628,0.0185401,0.0114581,0.0158929,0.00232959,0.00280365
0.0349286,0.0197336,0.0154423,0.0212882,0.00393215,0.00498267
0.0187988,0.00708983,0.00983607,0.01367,0.00255474,0.00631559
0.00745201,0.00540685,0.00177474,0.00522526,0.00121008,-0.000101959
0.0129628,0.00871403,0.00668715,0.00203401,0.00029243,0.000927315
0.00779362,0.00411452,0.0035958,0.00357174,0.00130948,0.00148153
0.00923195,0.00534389,0.00370496,0.00300039,0.000859355,0.00167898
0.0146637,0.00982254,0.00976838,0.0113632,0.00230934,0.000335175
0.00876587,0.00666603,0.00413569,0.000417879,0.00146851,0.000593217
0.0346387,0.0215893,0.016567,0.0162108,0.0026116,0.00171667
0.0127347,0.00892316,0.00389733,0.00406181,0.0011759,6.69057e-05
0.016763,0.00995733,0.0113174,0.00720642,0.00227327,0.001709
0.0149452,0.00878837,0.00835949,0.0042395,0.00193888,0.00253674
0.0171794,0.00981052,0.00831273,0.00678777,0.00152869,0.00173826
0.0106973,0.00591744,0.00543084,0.00350482,0.00118793,0.00130101
0.0105789,0.00422333,0.00590288,0.00532261,0.00122562,0.000730031
0.0223191,0.0126884,0.00903234,0.0172068,0.00236757,0.000687706
0.0262293,0.0147824,0.00979039,0.0156167,0.00247285,0.0011525
0.00941587,0.00708691,0.00763557,0.00396419,0.00233317,0.00136782
0.0137429,0.00956666,0.00398672,0.00131609,0.000392471,0.00031061
0.00882817,0.00617476,0.00294501,0.000217028,-0.000315855,-0.00100804
0.0142008,0.0102794,0.00846078,0.0125608,0.00211338,0.00145571
0.0434292,0.0226886,0.0207586,0.0260064,0.00511225,0.00380706
0.0128831,0.00905688,0.0042079,0.00525175,0.001579,0.000111012
0.0172691,0.00876002,0.0150898,0.0167019,0.00233089,0.00225407
0.00463185,0.00335041,0.00131049,8.13214e-06,0.000970364,-0.0011999
0.00460007,0.0036871,0.00225455,-0.000465333,0.00031766,0.000504746
0.00418201,0.00316272,0.00139206,0.0024159,-0.000614734,-0.000163651
0.0164915,0.0104274,0.00777642,0.0120702,0.00183659,-0.000513417
0.00708782,0.00483229,0.00312063,0.00127093,0.000558839,0.00248224
0.00528178,0.00364784,0.00165477,0.00211488,0.000284687,0.000123418
0.0111333,0.00799618,0.00352833,0.00385564,0.00102134,0.000611716
0.0141562,0.00887362,0.00593141,-0.00210575,0.00119925,0.000692305
0.0126716,0.00723468,0.00425156,-0.00109487,0.000918469,0.000649975
0.00727175,0.00320697,0.00471101,0.00292347,0.00165489,0.00101353
0.00611996,0.00439731,0.00362837,-0.00168068,0.0012702,0.00138337
0.0119635,0.00832628,0.00450527,0.00627694,0.000444672,0.000745151
0.00657629,0.00343178,0.00304734,-0.000425585,0.000531004,0.00144825
0.00405269,0.00296346,0.00210432,-0.00202935,-0.000610061,-0.00186077
0.00603769,0.00414914,0.00233576,0.00326574,0.000166613,-0.000124781
0.0155356,0.0104624,0.00710135,0.00509921,0.00121506,0.000784427
0.0137509,0.00954311,0.00374053,0.00565536,0.00244148,0.00168262
0.00773964,0.00561228,0.00365234,-4.99436e-05,0.000820588,-0.000646883
0.0170239,0.00770637,0.00821071,0.00466036,0.00146211,0.000548573
0.0170231,0.00769556,0.00802421,0.00463618,0.00172658,0.00156269
0.0105386,0.00770466,0.00687038,0.00466148,0.00129996,0.000752725
0.0189661,0.0130025,0.00933334,0.0105508,0.00135853,0.00144176
0.00962197,0.00670152,0.00409552,0.000763347,-0.000599186,0.000518239
0.013153,0.00887129,0.0051888,0.00834411,0.00216417,-0.000322671
0.017243,0.0060945,0.00924529,0.0060815,0.00246509,0.00172246
0.00948568,0.0042057,0.00719026,0.00243938,0.00179713,0.0025427
0.00818547,0.0057216,0.00318095,0.00509767,0.00176332,0.00148476
0.00873094,0.00639428,0.00370059,-0.000618365,0.00192433,-0.000164387
0.00811092,0.00574196,0.0025726,0.00604269,0.000380151,-0.00137078
0.0154235,0.0101408,0.010236,0.0102661,0.00245361,0.000997911
0.020469,0.011999,0.0137159,0.0125926,0.00281763,0.00098469
0.0107173,0.00751435,0.00287449,0.00116068,0.00182276,-0.000709327
0.00442033,0.00323418,0.00412154,0.00484355,0.000254394,0.000713999
0.0110291,0.0065632,0.00661415,-0.00132611,0.000611063,0.000726174
0.0131197,0.00650235,0.00794257,0.00384502,0.00159815,0.0008425
0.00676915,0.0039894,0.00399263,0.00335558,0.0014514,-9.51931e-05
0.00593513,0.00466028,0.00307672,0.00414055,-0.00141078,0.000756802
0.0159669,0.00715883,0.00753978,0.0101773,0.00202482,-0.00115171
0.00466707,0.00333807,0.00304358,0.000277085,0.000543295,-0.00109196
0.00800043,0.00586553,0.00425929,0.00728896,0.000690115,-0.000165506
0.0144919,0.00986426,0.004865,0.00330081,0.0007096,0.000227629
0.00735744,0.00559321,0.00465934,0.00739039,0.000843406,0.0010599
0.00496759,0.00382953,0.00292658,-0.000534743,-0.000255722,0.000945809
0.00429519,0.00319362,0.00192374,0.00336665,-0.000332599,0.000384272
0.00656772,0.00465387,0.00317913,-0.000689055,0.000153379,0.00118945
0.0124058,0.00887584,0.00439658,0.00657224,0.00198414,0.00162636
0.00556518,0.00398944,0.00317096,0.00476495,7.14292e-05,0.000209501
0.014128,0.00514079,0.00859819,0.00787915,0.00228981,0.000811356
0.0238314,0.010517,0.0163876,0.019636,0.00408299,0.00398886
0.017997,0.0124665,0.00628255,0.00932395,0.00213708,0.000214929
0.00746503,0.00535058,0.00528876,0.0179145,0.00329307,0.00115755
0.0103171,0.00648558,0.00534066,0.000574517,0.000916231,0.00146018
0.00960641,0.00619803,0.00528754,0.00570497,0.00134353,0.000953894
0.0103094,0.0061914,0.00472962,0.00462414,0.00154633,0.000347408
0.00434501,0.00320639,0.00120267,0.00335372,0.0010505,0.000221065
0.0105859,0.00749808,0.00479348,0.0052303,0.0002724,-0.000242794
0.00726901,0.00390819,0.00308876,0.00606557,0.000884553,0.0011851
0.00642538,0.00456874,0.00354147,0.00108816,0.000428977,-0.000165937
0.0120729,0.00819377,0.0128077,0.0157924,0.00397051,0.00274882
0.0138114,0.0096121,0.00580331,0.00606408,0.00104403,-0.00114978
0.0193757,0.0134726,0.00922296,0.00765654,0.00130323,0.000571716
0.0168834,0.0118917,0.00585997,0.00663043,0.00180549,0.000486467
0.0191651,0.0123369,0.0102199,0.0119999,0.00249796,0.00149267
0.0278432,0.0107147,0.0112552,0.0144525,0.0019323,0.000434955
0.0277668,0.0105802,0.0114125,0.0126715,0.00218813,0
0.00768842,0.00400381,0.00346086,0.000762482,-0.000285118,0.000285532
0.0169514,0.0103216,0.020424,0.0221754,0.00533954,0.00267792
0.0081589,0.00601994,0.00205927,0.00355414,0.001102,0.00204334
0.0137874,0.00951785,0.00776912,0.0242919,0.00862837,0.0213779
0.0203277,0.0140156,0.00907013,0.0100735,0.000135158,0.000638308
0.0110192,0.00773278,0.0064168,0.00299424,0.000423843,0.000851659
0.0138172,0.00859047,0.00574429,0.00611239,0.000786253,0.00158798
0.0106227,0.0046749,0.00511565,0.00131917,0.00138746,0.000773623
0.0104934,0.00579223,0.0054971,0.00540125,0.00226061,0.000381731
0.0103482,0.00745553,0.00614798,0.00902565,0.00226957,0.00107345
0.0107811,0.00771405,0.00284263,0.00661563,4.9704e-05,0.00202962
0.0276422,0.0188328,0.0121713,0.0190819,0.00500442,0.00304406
0.00864994,0.00591857,0.00289016,0.00349562,0.00162591,0.00116943
0.0076824,0.00490907,0.00519538,0.00527042,0.00225385,-6.88613e-05
0.00716899,0.00390827,0.00321068,0.00303662,0.000475606,-0.00131454
0.00676014,0.00354238,0.00294215,0.00223245,-0.000159091,0.000318801
0.00809791,0.00592017,0.00405458,0.00840365,0.00150972,0.000481094
0.0144637,0.00832283,0.00628628,0.0138446,0.00235869,0.000107627
0.0166442,0.00993693,0.00651506,0.0130297,0.00286423,0.000523019
0.00432061,0.00321148,0.00326779,0.00439023,0.00133797,0.00257676
0.0127187,0.00884487,0.00661021,0.0106103,0.00235833,0.00245854
0.00763205,0.00433941,0.00468722,0.00420944,0.00048057,0.001474
0.0109806,0.00677667,0.00836064,0.00621226,0.00147535,0.00157919
0.0117616,0.00686085,0.00871526,0.00500903,0.00214294,0.000976609
0.00552972,0.00351701,0.00306723,-0.000220665,0.000922681,0.000693231
0.0122767,0.00863302,0.00498946,0.00946393,0.00220135,0.000982739
0.0190814,0.0113112,0.00696298,0.0119034,0.0021946,0.00155128
0.00453504,0.00350389,0.00190378,0.00431422,0.00125625,0.00130037
0.00506693,0.00383366,0.00128735,0.000532098,0.000707426,0.000547275
0.00693027,0.00360064,0.0058091,0.0150287,0.00272411,0.00452663
0.00847051,0.00621408,0.00354147,0.00532644,0.00165464,0.000555947
0.0122814,0.00691718,0.00493144,0.0089808,0.00239014,0.000643085
0.012924,0.00544241,0.0058042,0.00535805,0.00239764,0.00113866
0.0101275,0.00680177,0.0051345,0.00728589,0.000604141,0.000890042
0.00777264,0.00519202,0.00295802,0.00691644,0.00161354,0.00190497
0.0090175,0.00665159,0.00317861,0.000876773,4.86244e-05,0.00050766
0.0130873,0.00923433,0.00987125,0.0104232,0.00375463,0.00252454
0.00772614,0.00542376,0.00472249,0.00755673,0.000925114,0.00110857
0.0216633,0.0141546,0.0145916,0.0223976,0.00171107,0.00377268
0.0178837,0.0106246,0.00690921,0.00462991,0.0032308,0.00158454
0.0104456,0.00697213,0.00434613,-0.0010486,0.00112137,8.27567e-05
0.0242338,0.00886341,0.0106741,0.0110344,0.00408264,0.00341703
0.0259479,0.0122264,0.00971341,0.011482,0.00387324,0.00143932
0.0144681,0.00606364,0.00744579,0.00762447,0.00104786,-0.000124287
0.0146836,0.00592907,0.00748938,0.0104692,0.00102486,0.000446387
0.011761,0.00620294,0.00476871,0.00783844,0.0012151,-0.000251797
0.0148667,0.0100318,0.00459023,0.00442603,0.00219632,0.00106539
0.00639358,0.00490312,0.00288841,0.000866689,-0.000540172,0.00189858
0.00690966,0.00522959,0.0027878,0.00161489,0.000462273,0.000391886
0.00435916,0.00342137,0.00287272,0.00080719,0.000731333,0.000614056
0.00663239,0.00508491,0.00500892,0.0037952,0.00124859,0.000220653
0.0049947,0.00343193,0.00359586,0.00154567,0.00099684,0.000200207
0.00521685,0.00375608,0.00464916,-0.00255544,0.0010676,-6.96061e-06
0.0121524,0.00854632,0.00432776,0.00668389,0.000497756,-0.000490747
0.00532657,0.0038158,0.00384608,0.001329,-0.00169845,0.000567064
0.0064361,0.00478739,0.00712231,0.0107664,0.00307584,0.00100324
0.00486598,0.0037641,0.00235338,0.00123133,-0.000473825,0.00100773
0.0107821,0.00754458,0.00740387,0.0131117,0.00394092,0.00694895
0.00720454,0.00491208,0.00557052,0.010376,0.00254766,0.00267563
0.00620646,0.00497652,0.00251082,0.00540697,0.000317201,0.000335969
0.0129073,0.00931376,0.00724022,0.00514321,0.00109495,0.00101355
0.0122909,0.00528282,0.00635454,0.00264676,0.00150269,-6.87038e-06
0.0134751,0.00692544,0.00641806,0.00263164,0.000260496,-0.000185292
0.00606006,0.00410367,0.00298189,0.00286911,-0.00127336,0.000868259
0.0180927,0.0124951,0.005672,0.00584436,0.000972595,0.000156399
0.0332589,0.0140496,0.0149144,0.0164509,0.00441398,0.00136399
0.0313647,0.0123557,0.0106213,0.0223967,0.00505319,0.00768843
0.0317712,0.0123474,0.0105534,0.020496,0.00536,0.00803484
0.0176928,0.0117825,0.00620045,0.00530516,0.00189964,0.000600137
0.0120449,0.00586992,0.00576923,0.00534931,0.00184614,-0.000565187
0.0127841,0.00670749,0.00628862,0.00596439,0.00171277,0.00142805
0.00996087,0.00685306,0.00355524,0.00583831,0.00116526,0.00150472
0.00900438,0.006658,0.00576468,0.00455644,0.00124683,0.000849308
0.0141794,0.0100329,0.00881735,0.00628782,0.00198136,0.00132013
0.0118595,0.00804946,0.00283222,0.00532317,0.000955389,-9.64845e-06
0.0237081,0.0154547,0.0133709,0.0136532,0.00245779,0.000855331
0.0121324,0.00922304,0.00631678,0.0174817,0.00371949,0.00763917
0.0107058,0.00792046,0.00597804,0.00932309,0.00257364,-0.00047769
0.00550996,0.00428887,0.0028802,-0.00196045,0.00064822,5.26319e-05
0.0209364,0.0135344,0.0123672,0.0190892,0.00402582,0.00299914
0.00807073,0.00550863,0.00327646,0.00449784,0.000222887,0.00298338
0.00872758,0.00541894,0.00589013,0.0061908,0.00205469,0.00480339
0.0126267,0.00491068,0.00611497,0.00291999,0.00119728,0.000632293
0.0122626,0.00572322,0.00594477,0.00409741,0.00152609,0.000790467
0.0103384,0.00665012,0.0038677,0.00658761,0.000399575,-0.000546064
0.042605,0.0264624,0.0179201,0.0304436,0.00867987,0.00484817
0.0168436,0.00602729,0.00769825,0.0106521,0.00264793,0.000715276
0.00828626,0.00410835,0.00490062,0.00522075,9.10287e-05,0.000634118
0.0104445,0.00746715,0.00434623,0.00451326,0.000241096,0.000140736
0.0168069,0.0116809,0.013454,0.0207553,0.00392932,0.00119946
0.0091733,0.0066479,0.0060458,-0.000763351,0.00121186,-0.000408635
0.00895676,0.0068869,0.00352196,0.00493802,0.00149328,0.00174882
0.00856283,0.00627345,0.00284439,0.00252674,0.000297075,-0.000125803
0.0136706,0.00740631,0.00514665,0.00162668,0.000426496,0.000757089
0.00940856,0.00633146,0.00497623,0.00320241,0.000453998,0.000505826
0.00697127,0.00522904,0.00303464,0.00213741,0.00118277,-0.000386363
0.0132473,0.0097999,0.00569459,0.00649425,0.00150888,0.000547743
0.00727157,0.00478051,0.00537723,0.00398244,0.000514372,-0.000674302
0.00622421,0.00456505,0.00820504,0.00639025,0.00124268,2.15778e-05
0.00754269,0.00557423,0.00350463,0.0140969,0.00124917,-0.000159202
0.00975463,0.00503283,0.00572344,0.0032171,0.000477494,0.00248075
0.00971791,0.00457293,0.00469038,0.000837665,0.000463956,0.00141173
0.0163172,0.00664932,0.00978525,0.0230811,0.00725014,0.0141706
0.0217563,0.00679428,0.0115462,0.025972,0.00586796,0.0119858
0.0203377,0.00801742,0.00843761,0.010063,0.00278628,0.0031328
0.0129487,0.00611135,0.00584461,0.00468366,0.00144887,0.00282312
0.0116177,0.0082627,0.00315865,0.00362012,-0.000132955,7.08617e-05
0.00655521,0.00441155,0.00495708,0.00303275,0.00146474,-0.00113052
0.00616792,0.00453902,0.00303215,0.00538656,2.06817e-05,0.00105554
0.0105399,0.00762489,0.00316116,0.0115253,0.00100046,-0.000117864
0.0133672,0.00906701,0.00636375,0.00292837,0.000153281,0.000870398
0.013373,0.00949585,0.00453213,0.00874726,0.000733356,0.00213895
0.0105027,0.00605494,0.00540762,0.00787978,0.000423704,-0.000395056
0.0101891,0.00515384,0.00444131,0.00602754,0.000559515,0.000434551
0.00375916,0.00304648,0.00218532,-0.00121234,-0.000876737,0.000893347
0.00486344,0.00332955,0.00318323,-0.00191683,0.000466832,0.000235273
0.0123778,0.00548415,0.00485499,0.00407846,0.0016198,0.000177911
0.0188532,0.0110794,0.00507024,0.00483913,0.00175115,0.00185791
0.0116546,0.00796674,0.00424291,0.00766342,0.000110746,-0.000102821
0.00599691,0.00444093,0.00401848,0.00240328,0.000824129,0.00267071
0.01521,0.0106998,0.00580103,0.00545825,0.00133654,-0.000108138
0.0107808,0.00784977,0.00516339,0.00239474,0.000573623,0.000385028
0.0154689,0.0104517,0.00541185,0.00354462,0.00198826,0.00130974
0.0124628,0.00880818,0.008094,0.00459321,0.00114812,0.000107185
0.0253086,0.0176102,0.011436,0.0153862,0.00273401,0.000125418
0.010106,0.00696427,0.012224,0.0128925,0.00219435,0.00307725
0.00745256,0.00543521,0.00314308,0.00353376,0.000502776,5.73536e-05
0.0165303,0.0117267,0.00746322,0.00751896,0.00253576,0.003111
0.0205803,0.0144826,0.00558575,0.00503527,0.000573035,0.00185901
0.0061377,0.00478766,0.00617901,0.00376692,0.00141981,0.00138608
0.00971445,0.0051357,0.00623073,0.0238588,0.00873324,0.0273894
0.00951218,0.00527776,0.00598657,0.0208909,0.00618363,0.0192175
0.0102683,0.00710314,0.00352898,0.00518836,0.000687047,-0.000645443
0.00713912,0.00503782,0.0034164,0.00284407,0.000785658,0.000364337
0.0085877,0.00344872,0.00580884,0.0039856,0.00102464,0.00100259
0.0080925,0.0040088,0.0047867,0.00117094,0.000444363,0.00172138
0.00390209,0.003324,0.00223283,0.00406518,-0.000169659,-0.00048627
0.00412176,0.00308989,0.0025828,-0.000692955,2.76606e-05,0.00137618
0.0116972,0.00821826,0.00422428,0.00785002,0.00104353,0.00074568
0.00674566,0.00490064,0.00295103,0.00265536,-0.000425857,-0.000282401
0.00420932,0.00343439,0.00226319,-0.000843188,-0.00044136,0.000159209
0.0164395,0.0118506,0.0110656,0.0214816,0.00324936,0.00096195
0.0355734,0.0167689,0.0295455,0.0334699,0.010282,0.006701
0.0463227,0.0233973,0.067897,0.0701226,0.0167475,0.00915817
0.0157962,0.01114,0.00576346,0.00835917,0.000662176,0.00150744
0.00750951,0.00537831,0.00472527,0.00587607,0.000227268,0.000363479
0.0303224,0.0193912,0.0121809,0.0133346,0.00321416,0.00123458
0.012579,0.00889854,0.00462563,0.00780759,0.000745886,0.0018375
0.00456885,0.00311698,0.0025974,-0.00277549,0.000353078,-0.000545606
0.00993261,0.00615491,0.00355841,0.00690029,0.0019777,0.000829399
0.0212801,0.0148553,0.00816245,0.00936563,0.000405216,0.00185267
0.0295396,0.0172283,0.0139522,0.0114158,0.00260114,0.00267171
0.00415486,0.003203,0.00145243,0.00333122,0.000580001,-0.000962644
0.0144247,0.00579327,0.00631176,0.00552474,-0.00060981,0.000914926
0.0142232,0.00586241,0.00635242,0.00650408,-0.000684946,-0.000419645
0.00448831,0.00364614,0.00254073,0.00210896,-0.000723602,0.00011828
0.0255481,0.0142089,0.010788,0.0117283,0.00352547,0.000875719
0.0208891,0.008683,0.00859101,0.00659079,0.00139087,0.000638363
0.0122895,0.00668223,0.00957879,0.0114714,0.00255555,0.000592802
0.00719652,0.00400273,0.00652235,0.00381807,0.00106212,-0.00147338
0.0078168,0.00400316,0.00662141,0.00663196,0.00179553,-0.00079207
0.00379127,0.0030625,0.00225858,0.00135343,-0.000716251,0.00119018
0.0271836,0.0111547,0.0118013,0.0149105,0.00365127,0.00536898
0.0326475,0.0111568,0.0133571,0.0221503,0.00499005,0.00876953
0.0140135,0.00916605,0.00655195,0.00852412,0.00181175,0.00103354
0.017568,0.011974,0.00359184,0.00865866,0.00246426,0.00117977
0.00630164,0.0047735,0.00294495,0.0017486,-0.000195317,-8.72136e-05
0.015728,0.0111892,0.00759116,0.00700223,0.00139059,0.00122334
0.00695769,0.00496772,0.00311759,0.00506651,0.00115944,0.00060937
0.0162488,0.0104143,0.00748403,0.0140395,0.00208425,0.000688576
0.00417383,0.00313573,0.00143539,0.00238911,0.000517049,0.000182496
0.0106819,0.00792799,0.00733612,0.0046833,0.00074519,-0.000128596
0.0145651,0.0097276,0.00674967,0.00526739,0.000476755,3.15135e-06
0.0279807,0.0199401,0.0105231,0.0199364,0.00519738,0.00729974
0.0113075,0.00807325,0.00622452,0.00638948,0.00164886,0.000613081
0.0141357,0.0102066,0.00583402,0.00917072,0.000901811,-0.000999421
0.00952288,0.00560251,0.00453579,0.00339909,0.000915795,-0.000690441
0.00844929,0.00543304,0.00426466,0.00329308,0.000410407,-0.000330514
0.0183981,0.0110588,0.00812536,0.00749603,0.00129536,0.0013683
0.00660451,0.00462746,0.00362234,0.000981401,0.000123106,0.00107468
0.0180102,0.0121863,0.00514452,0.00520262,0.000847542,0.000983107
0.00592922,0.00404319,0.00196835,0.00124477,0.000532465,-0.000512216
0.0108619,0.00697158,0.00664521,0.00833805,0.00455724,0.00929795
0.00425912,0.00332354,0.00220788,-0.0019425,0.000310321,-0.00056191
0.0277903,0.0147523,0.0102887,0.014379,0.00269875,0.00212832
0.00397517,0.00328762,0.00236027,0.00405644,0.000459737,-0.000933851
0.0173557,0.0117648,0.00722371,0.0119517,0.00168825,0.000326763
0.0102346,0.00713986,0.0055487,0.00403149,0.000957267,5.1711e-05
0.00975359,0.00485451,0.00505681,0.00223586,0.000179867,-0.00122002
0.00946518,0.00485503,0.00496481,0.00398653,-2.17057e-05,-0.00137777
0.0136513,0.00576098,0.0067094,0.00263917,0.000240577,0.000663083
0.0129255,0.00578589,0.00618107,0.0061133,0.000346251,-0.000730925
0.0106347,0.00766051,0.005049,0.00328933,0.00156269,0.00119147
0.0134001,0.00931887,0.00463812,0.00693677,0.00123931,0.000391658
0.0113966,0.00662674,0.00604036,0.00858963,0.00199277,0.000625534
0.0185838,0.00848896,0.00753887,0.00839919,0.00130671,0.000506444
0.0201486,0.00869281,0.00722977,0.00721003,0.00166645,-4.97569e-05
0.00579873,0.00425866,0.00248053,0.00137559,0.00116498,0.000828734
0.00658764,0.00502569,0.00298366,0.00777617,0.000370066,0.000842568
0.00814102,0.00547459,0.00384107,0.00191675,0.000296433,0.00132741
0.0161,0.0107954,0.00918757,0.00727955,0.00168931,0.000673383
0.00941922,0.00420401,0.00469283,0.00393439,0.00111758,-0.00021585
0.00936878,0.00407843,0.00446947,0.00484821,0.000936678,0.000736052
0.0057172,0.00450441,0.00265813,0.00483715,0.00178736,-0.000526641
0.0303983,0.0122261,0.013105,0.0138746,0.00306034,0.00193046
0.0407282,0.0168761,0.0157839,0.0216821,0.00248459,0.00185062
0.0169069,0.0105679,0.00681777,0.0126962,0.00105159,0.00145277
0.0183068,0.0105235,0.00688932,0.0141841,0.00190736,0.000749586
0.00619233,0.00460518,0.00319703,-0.00119345,-0.000108079,-0.00152915
0.00734275,0.00554767,0.00482783,0.00665621,4.83789e-05,0.000344532
0.0345573,0.0226144,0.0105785,0.0105711,0.00285993,0.000934691
0.0361733,0.0158521,0.0168164,0.0144475,0.00441371,0.00251628
0.0131871,0.00879623,0.00767639,0.0140256,0.00244528,-0.00051341
0.00707982,0.00344601,0.00298884,0.00405253,-0.000285842,1.30501e-06
0.014291,0.00719267,0.00752056,0.00991846,0.00216906,0.00188914
0.0197227,0.0107754,0.00885175,0.0122247,0.00188514,0.00147788
0.0181497,0.0127324,0.00877078,0.011271,0.000911021,0.00134687
0.00525538,0.00363086,0.00474013,0.0202629,0.00547681,0.0115409
0.0135468,0.00719719,0.00653895,0.00451972,0.002228,0.000717866
0.00969736,0.0067065,0.0041815,0.00517023,0.000847357,0.00155234
0.0179197,0.0101427,0.00644608,0.00670159,0.00107817,0.00193487
0.0175012,0.012228,0.00414438,0.00803373,0.000816357,-1.69613e-05
0.0108219,0.00648909,0.00922071,0.0143145,0.00129971,0.00128917
0.00888536,0.00649287,0.00724878,0.00765827,0.000702834,0.000359542
0.00616406,0.00453493,0.00294243,-0.0024536,-0.00010273,-0.000883278
0.0103414,0.00712487,0.00405784,0.00596718,0.00110718,-0.000890213
0.0242205,0.0148825,0.011433,0.011429,0.00292876,0.00101703
0.0209731,0.0147801,0.0101616,0.00988678,0.000752203,0.000249512
0.0120055,0.00864558,0.00548291,0.0102364,0.000132772,1.06196e-05
0.0130524,0.00706658,0.00515748,0.0110309,0.00251734,0.00219803
0.0281331,0.016736,0.010467,0.0183553,0.00416136,0.00264847
0.0219178,0.0157358,0.00853782,0.012628,0.00316459,0.00277689
0.00472469,0.00334046,0.00281453,0.00028702,-0.000452224,0.000917272
0.017828,0.0114743,0.00642776,0.0167338,0.00368396,0.00759609
0.0114839,0.00772306,0.00371498,0.00809014,0.000927659,0.00180878
0.00649244,0.00455631,0.00268763,0.0191084,0.00688062,0.0172682
0.0212579,0.0161991,0.00909481,0.0168075,0.0030784,0.00204107
0.0323711,0.0200937,0.0113989,0.017709,0.0027989,0.00233389
0.00363768,0.00312389,0.00189945,0.00212807,0.000202491,-0.000881383
0.0115307,0.00809652,0.0123979,0.0238919,0.00621998,0.0112376
0.0117656,0.00849818,0.0063983,0.00358937,0.000953006,0.000254135
0.00763202,0.00560224,0.0021801,0.00543128,0.000832843,0.000444904
0.0173298,0.00743491,0.00623996,0.00796139,0.000169637,0.000663478
0.0173926,0.00732073,0.00618844,0.00494543,0.000204668,0.000983842
0.0147337,0.00908532,0.00648949,0.0069697,0.00182863,0.00206093
0.0066302,0.00493047,0.00262085,0.00431515,0.000482441,0.000760376
0.0128749,0.00888424,0.00596627,0.00644436,0.00292311,0.00121949
0.016828,0.0101709,0.00566604,0.00784827,0.00225011,0.00232264
0.012308,0.00438204,0.00504889,0.00795706,0.000923195,0.00239676
0.0100654,0.00640708,0.00353631,0.0038636,0.00125588,0.000829999
0.0073758,0.0053479,0.0048537,0.00295244,0.000842307,0.000290806
0.0166769,0.0117613,0.00480928,0.00563639,0.00157174,0.00101303
0.010407,0.00722594,0.00592411,0.00757716,0.000967455,-6.37218e-05
0.00959086,0.00669533,0.00425914,0.00180551,0.000760711,0.000196172
0.00756289,0.00566814,0.00325102,0.000540949,0.00110503,-5.75084e-05
0.0179261,0.012563,0.00530109,0.019951,0.00363593,0.0007092
0.00785972,0.00540529,0.00340035,0.00225424,0.000291951,-0.000323182
0.00793353,0.00507747,0.0032242,0.00366752,0.000551322,0.000604065
0.00843903,0.0050936,0.0029169,0.00496193,0.000801459,0.00131409
0.0134993,0.0094278,0.00450012,0.0037308,0.001255,0.00103741
0.0211699,0.0145161,0.00893949,0.0172609,0.00517482,0.0138826
0.0132072,0.00941803,0.00460313,0.000212736,-0.000478205,-0.000379008
0.0242356,0.0116425,0.00918809,0.0117721,0.00309489,-0.000417865
0.0246106,0.0117689,0.00872673,0.00991948,0.00279487,-4.9861e-05
0.00579983,0.00457614,0.00504918,0.00663742,-0.000148034,0.000125683
0.0224013,0.0141702,0.0138368,0.0188518,0.00573854,0.00813521
0.0187343,0.0114458,0.00800234,0.0105502,0.00230917,0.00154975
0.0147773,0.00726518,0.00771219,0.00469344,0.000107833,0.000703489
0.0158462,0.00734193,0.00768587,0.00251787,-0.000416104,0.000387417
0.0108074,0.00763698,0.00430951,0.00290798,0.00102369,0.000976224
0.0192971,0.0119264,0.00696378,0.00688521,0.000939142,0.00146399
0.00789897,0.00607045,0.00684964,0.00515111,0.00147592,-0.00122374
0.00505225,0.00346617,0.00171578,0.00482664,0.000377269,0.000391847
0.0161066,0.00795534,0.0101555,0.00235263,0.000340885,0.000448372
0.0191711,0.00788812,0.0110512,0.00832049,0.00121306,-0.000675157
0.00943937,0.00428311,0.00333094,0.00664593,0.00078794,-0.000598461
0.0154834,0.00859899,0.0101745,0.0067699,0.00156503,0.00269528
0.0172651,0.00865178,0.0100323,0.0101264,0.00227748,0.00275349
0.0147683,0.00816039,0.00647073,0.00527366,-0.00013162,4.38204e-05
0.0153909,0.0082413,0.00629159,0.00383953,0.000634993,0.000719742
0.0100867,0.00595575,0.00500442,0.00846328,0.00144239,-0.000529425
0.0206362,0.0115532,0.0104839,0.0114173,0.00240126,0.00291489
0.00931239,0.00660844,0.00399626,0.00658474,0.000926044,0.000245684
0.0112337,0.0075135,0.00390744,0.00438827,0.00115109,7.79373e-05
0.00477211,0.00308984,0.00182675,-0.00165636,0.000139559,0.000142193
0.015222,0.00651844,0.00881444,0.0106934,0.0035336,8.31326e-05
0.0149717,0.00656748,0.00848223,0.00901665,0.0028955,0.000478053
0.00535562,0.00427175,0.00269803,0.000603723,0.00023449,-0.00110574
0.0142325,0.00974702,0.00539474,0.00632861,0.000134217,0.00145137
0.0145137,0.00741249,0.00883073,0.00906616,0.000839754,0.00026121
0.0152585,0.00748201,0.00918331,0.00679203,0.00107128,0.000645446
0.0123491,0.008435,0.00484898,0.00403307,0.0011525,-1.07254e-05
0.00706307,0.00504749,0.00461173,0.00229658,0.000436659,0.00162323
0.0111156,0.00549865,0.00482415,0.00378035,0.00149869,-0.0010259
0.0131759,0.0070554,0.00550272,0.00525409,0.00051075,-0.000992815
0.014127,0.00603531,0.00692127,0.00927037,0.00158205,-0.000226736
0.0147857,0.00604661,0.00649139,0.00792245,0.00159887,-0.000822697
0.0186868,0.0127044,0.00730375,0.014992,0.00334801,0.00115242
0.00947474,0.00683051,0.00853422,0.00581197,0.00214481,0.00126273
0.00880709,0.00642557,0.00299729,0.00437278,0.000656372,1.2127e-05
0.0110845,0.00768055,0.00689761,0.00685476,0.00158233,0.00070813
0.0135299,0.0094468,0.00503239,0.00340363,0.0015094,9.79579e-05
0.0125135,0.00669862,0.0054781,0.00368123,0.00162681,0.000342559
0.0300078,0.0144339,0.016268,0.0211314,0.00368843,0.000447267
0.0141577,0.00717602,0.00559917,0.000313032,0.00139787,0.000569612
0.0117445,0.00519852,0.00436254,-0.00125479,0.000528027,-0.00011353
0.00901203,0.00655506,0.00647073,0.00183622,0.00156018,-0.00119682
0.0160892,0.00611469,0.00874259,0.00657432,0.00165878,0.00171633
0.0171152,0.00604827,0.00909473,0.00784681,0.00134196,0.0017444
0.0108816,0.00729762,0.00800886,0.00363066,0.00134827,0.00166355
0.00717373,0.00452344,0.00317912,0.00426374,0.000141709,-0.000797149
0.00410796,0.00319415,0.00256626,0.000951027,-0.000364965,-0.000654894
0.0104094,0.00652869,0.00574637,0.00523486,0.000292287,0.000459515
0.0112372,0.00804469,0.00365764,0.00270998,0.00089545,0.000718357
0.0082071,0.00438699,0.00536671,0.00793447,0.0012573,0.00222314
0.00773543,0.00588016,0.00274686,0.00626198,0.00233378,0.00231542
0.0160108,0.00709316,0.0174926,0.0250732,0.00614122,0.00659297
0.0172664,0.00709323,0.0208051,0.0313238,0.00620069,0.00895955
0.0120405,0.00882318,0.00487991,0.0071,0.00226971,0.000219255
0.0114999,0.00759901,0.00392649,0.0055225,-0.000363753,-0.000897062
0.00451702,0.00356967,0.00492636,0.00990079,0.00241553,0.00550928
0.0134681,0.00746054,0.00636243,0.00399857,0.000634078,-6.08235e-05
0.0129682,0.00741623,0.00610187,0.00346572,0.000921573,-0.000277634
0.00961087,0.00645623,0.00294034,0.0139085,0.00447852,0.00644225
0.0114666,0.00749163,0.0094053,0.00706009,0.00164367,0.000661707
0.00610261,0.00442242,0.00326691,0.000874425,-1.66533e-05,-0.000676378
0.0131258,0.00935204,0.00592503,0.000942488,0.000156383,0.00027108
0.00481123,0.00354595,0.00301891,0.00760068,0.000439513,0.0019393
0.0233742,0.0130232,0.0102411,0.0135624,0.00275974,0.00101168
0.00421332,0.00295935,0.00318392,0.000585849,0.0004749,-0.00143046
0.00477589,0.00363332,0.00238218,-0.000531825,0.000871662,0.000682411
0.0184699,0.0122419,0.00924267,0.0123319,0.001754,0.000668833
0.0170691,0.00629999,0.0104446,0.00726975,0.00152318,0.000786618
0.0139925,0.0074236,0.00917227,0.00417719,0.00135004,0.000762297
0.0188764,0.00785235,0.00773515,0.010868,0.000870509,0.00104797
0.0202925,0.00892735,0.00868936,0.0104486,0.00197129,0.00260507
0.0531904,0.0291398,0.0224995,0.0460235,0.00834308,0.00608992
0.0139768,0.00951717,0.00468699,0.00588976,0.00129073,-0.000133732
0.0158323,0.0108751,0.00527667,0.0100983,0.00127389,0.00278684
0.0155628,0.0111795,0.00425552,0.0095687,0.00238476,0.000368263
0.0211349,0.00997675,0.00945758,0.0116199,0.00129939,0.00151063
0.0253901,0.0143979,0.0110136,0.00809208,0.00102518,0.00151845
0.0163544,0.0113993,0.00852626,0.0128958,0.000602024,0.00196536
0.00551746,0.00416684,0.00217282,-6.58114e-05,0.000746272,-0.000808027
0.00584752,0.00435648,0.00297063,0.00400424,0.000668072,-0.000515986
0.0037674,0.0030744,0.00404914,0.00937757,0.00110194,0.0013532
0.00817856,0.00593538,0.00498848,0.00478049,0.000778398,0.00206798
0.00699282,0.00527442,0.0031714,0.00317247,0.000767054,0.0013186
0.015032,0.00960942,0.00799487,0.00696216,0.00148343,0.0023321
0.0136964,0.0092883,0.00769465,0.00258667,0.000869938,0.00104212
0.00785458,0.00575821,0.00281722,0.00260263,-0.000770479,0.000946029
0.00819276,0.00573049,0.00347734,-0.000332362,0.000461982,0.00118013
0.00811274,0.00408662,0.00424015,0.00330383,0.000994376,-0.000216969
0.0141851,0.0102655,0.00926467,0.00443292,0.0013976,0.00139802
0.0182609,0.0127316,0.00612047,0.00760657,0.00066445,0.00137368
0.0140442,0.00969195,0.00852028,0.0104485,0.00278072,0.000486472
0.0222087,0.015224,0.00679065,0.00881786,0.00160308,0.00101556
0.01265,0.00471625,0.00681268,0.00582921,0.000245311,-0.000100486
0.0122959,0.00473364,0.00652556,0.00510756,0.000168808,-0.000646924
0.00881894,0.00578341,0.00351201,0.00211751,0.000453831,-0.000610527
0.00551652,0.00437307,0.00346501,0.00440396,0.00133018,-0.000869389
0.015145,0.0106113,0.00652949,0.0118647,0.00103173,0.000595085
0.0111385,0.00776931,0.00485173,0.00572759,0.00182409,0.00125556
0.0186034,0.0129564,0.00777699,0.0117069,0.00262188,0.0031038
0.023973,0.0116681,0.00819331,0.00815991,0.00124762,0.00177875
0.0241705,0.0116214,0.00823321,0.00717814,0.00168507,0.00157999
0.0213696,0.013557,0.00737665,0.0171861,0.00577994,0.0129721
0.0077324,0.00550992,0.00336422,0.00317791,0.000448141,0.00176774
0.0176833,0.0105358,0.00523724,0.00695413,0.000618362,0.000573809
0.0179261,0.0125666,0.00484629,0.0153277,0.00202502,0.00255974
0.00935646,0.00660827,0.00527148,0.00614769,4.23459e-05,0.00142847
0.019135,0.0135783,0.0050635,0.00731286,0.00210343,0.000494102
0.00902522,0.00618494,0.00291175,0.0013612,7.91861e-05,-0.000639993
0.00623071,0.00489583,0.00557974,0.00191636,0.00108598,0.000207251
0.0147551,0.00665773,0.00581399,0.00640256,0.00161471,0.00225975
0.00901904,0.00630131,0.00365387,0.00338195,0.00174076,0.000571148
0.011079,0.00738766,0.00450469,0.00688124,0.000788592,-0.000775696
0.0200145,0.00805967,0.00657541,0.00728286,0.00322408,0.000974531
0.02512,0.00846933,0.00894656,0.00954612,0.00304764,0.00116944
0.0121047,0.00544086,0.0050004,0.00300234,0.0013187,0.000559359
0.00426365,0.00312663,0.00241813,0.00811681,0.00107484,0.0010234
0.00589452,0.00427485,0.00420039,0.00577055,-0.000133462,0.000896376
0.0120511,0.00857512,0.00455918,0.00585785,0.000329344,0.00053858
0.00917993,0.00673513,0.0033515,0.0028972,0.000795855,0.000681541
0.00459456,0.00334292,0.00280677,0.00547696,-0.000677451,0.000567414
0.00648956,0.00487056,0.00256503,0.00192416,0.000705969,-0.000265986
0.00400954,0.00328936,0.00405544,0.00395811,0.000868003,0.00115437
0.0192262,0.0127296,0.014492,0.0136038,0.00329476,0.0031064
0.010457,0.0079103,0.00352706,0.00527899,0.000439319,0.000397798
0.0224197,0.00978847,0.00918491,0.0110922,0.00227958,0.00080853
0.00863161,0.00445276,0.00436212,0.0053447,0.000948482,0.000249128
0.00929997,0.00406314,0.00429038,0.00897001,0.00118895,-0.000526997
0.00843734,0.00643839,0.00723217,0.00467217,0.000399692,0.00129163
0.0286145,0.0128474,0.0312133,0.112159,0.0403443,0.101905
0.0105226,0.00748069,0.00622167,0.0088943,0.00234595,0.0028454
0.00993395,0.00699158,0.00743834,0.00653519,0.0016072,-0.000592319
0.00667334,0.00482118,0.00324835,0.00239428,0.000121688,-0.000368746
0.00618619,0.00439192,0.0044508,0.00270951,0.00126477,-0.000855043
0.0069857,0.00509586,0.0032639,0.00654115,0.00244495,0.00117068
0.00681769,0.00484066,0.00432096,0.00190094,0.000923445,0.000403271
0.00497317,0.00336532,0.00258096,0.00105633,0.00104465,0.000518588
0.0149629,0.0105785,0.00654877,0.00617771,0.00135691,0.000131994
0.00435519,0.00327674,0.00414144,0.00149038,0.000515287,-0.000661537
0.00394153,0.00320103,0.00121305,0.000415893,0.00123055,-6.59107e-05
0.00505025,0.00333766,0.00323272,0.00368182,0.000567098,-0.000573128
0.00698893,0.00526958,0.00396057,0.00572136,0.00039186,-0.000447375
0.00899904,0.00650051,0.00671466,0.01012,0.000495558,0.0012553
0.00741305,0.00514696,0.0030101,0.00208371,0.000864497,0.000338144
0.0207428,0.0135938,0.0116675,0.0129093,0.00265014,0.00209528
0.00873171,0.0061882,0.00487106,0.00237164,0.000728447,0.000668128
0.0117317,0.00836688,0.0132583,0.0168391,0.00369781,0.00199279
0.0133472,0.00915516,0.00645956,0.0041625,0.00243784,0.000322587
0.00635547,0.00481753,0.00312383,0.00160831,-0.000368484,-0.000435773
0.00991763,0.00735104,0.0109208,0.0158039,0.00428077,-6.52752e-05
0.0134022,0.00936936,0.00538115,0.00621092,0.000574476,0.000411967
0.0112391,0.00594238,0.00734478,0.0116788,0.00451326,0.0103368
0.0145474,0.00598666,0.00881322,0.0128136,0.0032146,0.00862618
0.0163757,0.00760646,0.00831965,0.00289279,0.000514801,0.00152168
0.0134247,0.00746825,0.00681478,0.00336658,-6.0213e-06,0.000601324
0.00762084,0.0053813,0.00536843,0.00593999,0.00113003,0.000624472
0.0248707,0.0169675,0.0156569,0.0259345,0.00814989,0.0202047
0.0207394,0.0133803,0.00929226,0.00830509,0.00181997,0.00161177
0.0109627,0.00498653,0.00486489,0.00967348,0.000507897,0.00080557
0.0163994,0.00715649,0.00644751,0.00612502,0.00142469,0.000270039
0.0161864,0.00717993,0.00630479,0.00715651,0.00131848,7.47196e-05
0.0108356,0.00710443,0.00554757,0.0100142,0.00112426,0.000169175
0.00873943,0.00618471,0.00665504,0.00410617,0.000442025,-0.000679604
0.00695066,0.00440202,0.00346064,-0.00132709,0.000944871,0.00107227
0.0123261,0.0073118,0.0202037,0.033736,0.00810444,0.00603281
0.0235546,0.0150523,0.0618797,0.0694916,0.0133734,0.00999827
0.0124165,0.00866877,0.00418426,0.00497078,0.000876562,0.00156503
0.00908349,0.00638033,0.0031343,0.00440414,-0.000173374,-0.000713451
0.00462243,0.00336901,0.00272644,-3.70948e-05,-0.000209761,-0.00136365
0.0120179,0.00841851,0.00373113,0.00700492,0.000626813,0.000582532
0.00521863,0.00359842,0.00279577,0.00757151,0.00134323,-5.6041e-05
0.0091761,0.00635384,0.00331157,0.00873408,-0.000169148,0.000980734
0.0106059,0.00561877,0.00792751,0.00775377,0.000380713,0.00101315
0.0119185,0.0056225,0.00879219,0.00806879,0.000182768,0.00131106
0.0204221,0.0111212,0.00796576,0.0127651,0.00299005,0.000939569
0.00800772,0.00565442,0.00356399,0.00649322,-0.000695901,-0.000720631
0.00496249,0.0033611,0.00298351,0.00451811,0.00032003,-0.0010535
0.00658672,0.00480434,0.00703999,0.00324072,0.000675479,0.000958546
0.00534445,0.0040059,0.00347691,-0.000364108,-0.000370961,-1.45734e-05
0.0081155,0.00579312,0.00606341,0.00190148,0.000658689,0.000112833
0.0089114,0.00649212,0.00438399,0.00425377,0.000187846,-0.00012184
0.0065733,0.00501933,0.00374789,-0.000263182,0.000252599,0.000438378
0.0153094,0.0105386,0.00471759,0.00251725,0.00117215,-0.000904277
0.00969119,0.00403249,0.00405588,0.00648518,-0.000915963,-3.69515e-05
0.0100438,0.00389666,0.00408245,0.00762629,-0.000663553,-0.000273346
0.016828,0.0114087,0.00435729,0.0122309,0.0014912,0.000329706
0.0302954,0.0203473,0.0147527,0.029449,0.00499822,0.00352026
0.0185061,0.00810648,0.00702146,0.00615906,0.00208493,0.00139105
0.0213199,0.0080003,0.0067967,0.0101178,0.00142762,0.00037704
0.00572094,0.00421333,0.00243657,0.00324656,0.000249169,0.000120688
0.00446654,0.00312153,0.00225418,0.00135365,0.000749915,0.000481223
0.0168842,0.0116713,0.00968201,0.011625,0.00306739,0.0020922
0.0214023,0.0113007,0.0112555,0.00971439,0.0032692,0.0017622
0.0104118,0.00762662,0.00552908,0.00479872,0.000467704,0.00168446
0.00558492,0.00413468,0.0024352,0.00270581,0.000286395,-0.000693287
0.0048306,0.00359326,0.00330715,0.00399089,0.000764598,0.001081
0.00950443,0.0065619,0.00305116,0.00336718,0.000459356,-0.000497291
0.0129913,0.00827233,0.00505251,0.00601216,0.000733983,0.000175732
0.0243746,0.0155066,0.00797582,0.00952649,0.00135275,0.000258589
0.00701772,0.00490134,0.00393372,-0.00160177,0.00078588,0.000690872
0.007957,0.0058603,0.00276618,0.00335885,0.000537261,-0.0014863
0.0252589,0.0150092,0.0103263,0.0128595,0.00241486,0.00165257
0.0095907,0.00403419,0.00633485,0.00287315,0.000398032,0.000171401
0.00928516,0.00384251,0.00617317,0.00375512,0.000419131,-0.000725352
0.012799,0.00944463,0.00797924,0.0106564,0.00199345,0.00126118
0.00954295,0.00671017,0.00425095,0.00384414,0.000556228,0.000734416
0.0221345,0.0123661,0.0105373,0.0134164,0.00293279,0.00118498
0.00899012,0.00627022,0.00374335,0.00844629,0.000825179,-0.000198158
0.0132321,0.00898943,0.0036413,0.00355595,0.00156495,0.00180933
0.00724769,0.00515406,0.0025505,0.00329792,-0.000497234,0.000428861
0.0161462,0.00943037,0.00557618,0.00669196,0.00178267,0.000903551
0.0120279,0.00513143,0.00353388,0.00372598,0.000796754,6.76884e-05
0.0064535,0.00444266,0.0047135,0.00257335,-0.000857867,-7.75078e-05
0.0112992,0.00748273,0.00572731,0.00722222,0.00081513,0.000910878
0.0070817,0.00493315,0.00548973,0.00385415,0.000208385,-0.000556105
0.00849347,0.00515307,0.00405726,0.00569868,0.000834258,0.00080037
0.0318504,0.0223038,0.0130074,0.0153243,0.00156021,0.00218003
0.0140422,0.00984972,0.00580665,0.00732511,0.000656453,0.00199668
0.0142541,0.0097312,0.0126132,0.00947688,0.00264676,0.000806719
0.0161529,0.0108307,0.00941557,0.0111015,0.00360545,0.00388408
0.00640508,0.0049575,0.002872,0.00395947,0.000595544,-0.000949432
0.00460677,0.00376395,0.00275096,-0.000270287,0.000445426,0.000730343
0.0102138,0.00657311,0.00520699,0.0032425,0.000789009,0.000544989
0.0120476,0.00808559,0.00600715,0.0148226,0.00256675,0.00385293
0.0071778,0.00519736,0.00307659,0.000494474,0.00156256,0.000672149
0.0272935,0.0135089,0.0112069,0.00968674,0.00306349,0.000688679
0.0152088,0.00616779,0.00898515,0.00838243,0.00181846,0.000294038
0.0172191,0.00777358,0.00802023,0.00736854,0.00159969,0.00113572
0.00915227,0.00654376,0.00358086,0.000818805,0.000721591,-0.000462177
0.0148383,0.00665467,0.00814773,0.00540474,0.00183296,0.000833517
0.0146244,0.00667744,0.00784578,0.00607198,0.00166599,0.000583321
0.00930804,0.00664924,0.00770428,0.00795644,0.000631789,0.00107491
0.0141628,0.00720898,0.01013,0.0101004,0.0026919,0.0012591
0.0102388,0.006346,0.00289311,0.00766552,0.00185188,0.00103004
0.0117941,0.00712444,0.00598247,0.00733196,0.00117931,0.00152104
0.0129556,0.00709801,0.00626258,0.00796043,0.000981907,0.00138892
0.00970849,0.00677843,0.00506131,0.00754402,0.00242544,0.00105317
0.0121631,0.00780864,0.00549947,0.0114234,0.000755033,0.00112512
0.0147173,0.0067966,0.00646832,0.00911882,0.000560865,0.000146394
0.0145774,0.00676304,0.00610971,0.00866671,0.00115263,-0.00035688
0.0274844,0.0177049,0.0222567,0.0260054,0.0070105,0.00554542
0.0343994,0.013576,0.0222547,0.030013,0.0103129,0.0206877
0.0272881,0.0122374,0.0152395,0.0215277,0.00412205,0.00493444
0.0147582,0.00899121,0.00495708,0.00838682,0.0033995,0.00863308
0.0093073,0.00417985,0.00393395,0.00239974,0.0010379,0.00240005
0.0110204,0.00478986,0.00777593,0.0108556,0.000735624,0.00134886
0.0105048,0.00459205,0.00613644,0.00747251,6.15062e-05,0.00120719
0.00956556,0.00686846,0.00348209,0.00443499,0.000169591,0.00050958
0.0117619,0.00790013,0.00267808,0.00750525,0.00169787,-0.00137883
0.00555825,0.00398762,0.0025236,0.0057634,0.000595923,-0.000170627
0.00422867,0.00305964,0.00125597,0.00350402,-9.3431e-05,-0.00141062
0.00781221,0.00578289,0.00345819,0.0010034,-0.000478539,0.000257797
0.00602725,0.00471045,0.00299285,0.000215489,0.000437355,-0.00113214
0.0077873,0.00305471,0.00404982,0.00222399,0.00108125,0.000491413
0.00851516,0.00365985,0.00430716,0.00202623,0.00103774,0.00145502
0.0123249,0.0086017,0.00680156,0.0113816,0.00243348,-0.000137679
0.0145156,0.0071544,0.00624011,0.00763821,0.00166118,0.00244034
0.0135945,0.00599816,0.00680942,0.00654507,0.00138825,0.00152456
0.00723241,0.00392718,0.00476534,0.00681102,-0.000367276,0.000367114
0.0060628,0.00420796,0.0046708,0.00692069,0.000527852,0.000199169
0.0190309,0.00714301,0.00993979,0.00848912,0.00292799,0.00133013
0.0132248,0.00534406,0.0067357,0.0052615,0.000502224,0.00159997
0.0143587,0.009975,0.00460122,0.00606978,0.00132917,-0.000421909
0.0162361,0.0065908,0.0086613,0.0133014,0.00351146,0.00196752
0.0072282,0.00516265,0.00283332,0.00486176,0.000585822,-0.000815359
0.0108225,0.00739557,0.00432237,0.00538352,0.000563682,0.000490483
0.0115391,0.00570739,0.00485984,0.00401626,0.00182859,0.00172275
0.013743,0.00816741,0.00600818,0.00124631,0.000774575,0.00125917
0.00775779,0.00357607,0.0030581,0.00469804,0.00105161,-0.00020575
0.0108629,0.00723935,0.00340162,0.00637352,0.00110706,-0.000186188
0.0181795,0.0112481,0.00691092,0.0108733,0.00138354,-0.000409717
0.00874444,0.00632141,0.00359044,0.00032129,0.000578322,-0.00022203
0.0100773,0.00716222,0.00466913,0.0045255,0.00161625,0.00107008
0.00653583,0.00476955,0.00347607,0.00234026,0.00181778,0.000435728
0.00647942,0.00489205,0.00474422,0.00126303,0.00118682,0.00012162
0.00920592,0.00637009,0.0030952,0.00759773,0.00360052,0.00765501
0.00946834,0.0067417,0.00349088,0.00292812,0.000605075,-0.000166523
0.00954652,0.00622785,0.00456818,0.00266667,0.000547928,-8.25854e-06
0.00983141,0.00461067,0.00437027,0.00313253,0.000321382,-0.00105277
0.0193327,0.0125948,0.00693189,0.00408047,0.00115341,-0.000469324
0.0134592,0.00907073,0.0105291,0.0161596,0.00303063,0.00124505
0.0296578,0.0130478,0.0161779,0.0206124,0.00477664,0.0021971
0.0285127,0.0129723,0.0157931,0.0197386,0.0041056,0.00135391
0.00612393,0.00359465,0.00348522,0.00211124,0.000355893,-0.000786608
0.00959895,0.00467265,0.00952213,0.00958438,0.00189996,0.00111367
0.00606781,0.00460808,0.00431905,0.00131837,0.000542045,0.000603445
0.00592457,0.00420213,0.00345808,-0.00316798,0.000695352,0.00162009
0.0157401,0.0106737,0.00830253,0.0100073,0.00202299,0.00178701
0.0141696,0.00501945,0.0100939,0.0148102,0.00278954,0.00117475
0.0140663,0.00517062,0.00879893,0.0116213,0.00253218,0.00138775
0.0121416,0.00788291,0.00418422,0.00570556,0.00122804,0.00145274
0.0221112,0.0147403,0.0104027,0.0101498,0.00170028,0.000456448
0.00844385,0.00613704,0.00305687,0.0025075,-0.000313903,-0.000996178
0.00810847,0.00608843,0.00329762,0.000701218,0.000626279,-0.00119694
0.0186217,0.0124116,0.00797276,0.00613501,0.000663742,0.000833383
0.00456826,0.00343698,0.00257345,0.00283266,-0.0006026,0.000946756
0.0107185,0.00758764,0.00421378,0.00682985,0.000108492,-0.000988488
0.00798169,0.00569787,0.0033871,0.00204572,-4.96182e-05,-0.0007992
0.00879434,0.00584925,0.00436833,0.00495061,0.00100459,0.000282482
0.0125084,0.00898583,0.0034501,0.00452595,0.00070207,-0.00111469
0.0105764,0.00762577,0.00381376,0.00326251,0.000452115,0.000242633
0.0096568,0.00678411,0.00530933,0.00838167,0.000241068,0.00235662
0.0130834,0.00933358,0.0043917,0.00623405,0.00104107,0.000169914
0.0116555,0.00758015,0.00776495,0.00685087,0.00165714,0.00216216
0.00926078,0.0059783,0.00428017,0.00177789,0.00190512,0.00100323
0.014442,0.00985772,0.00410404,0.0050691,0.00107923,0.000675231
0.00988319,0.00678401,0.0028146,0.00785403,-0.000573625,-0.000278193
0.015671,0.00941769,0.00542657,0.00975823,0.00095202,0.000536493
0.0108392,0.0065296,0.00447425,0.00523271,0.000422811,0.000754682
0.00896719,0.00422316,0.00401707,0.00618895,0.00037623,-0.000186154
0.00658051,0.0047312,0.00496372,0.00403506,0.00066505,-0.000339708
0.00430497,0.00343261,0.00210271,0.000227217,2.34856e-05,0.000359171
0.00422905,0.00294671,0.00273531,0.000590949,0.000473817,-0.000123471
0.0128469,0.00849695,0.00449072,0.00293781,0.00122201,0.00263507
0.012051,0.00839922,0.00926486,0.0105273,0.00395249,0.00222256
0.0193089,0.0137277,0.00645405,0.011548,0.0017507,0.00116418
0.00941755,0.0037815,0.00787456,0.00706123,0.00238866,0.00128102
0.0251848,0.0158227,0.0109777,0.00706681,0.00186689,0.00169921
0.00867067,0.00606004,0.00225739,0.00455689,0.000840424,-0.000365133
0.0144633,0.0100121,0.00787799,0.00939541,0.00215108,0.00186859
0.0177698,0.0120895,0.00896639,0.00918487,0.00148657,0.00064026
0.00921373,0.00415621,0.00535397,0.00349396,0.000977067,0.00112041
0.0222153,0.0109404,0.0111863,0.0154678,0.00295325,0.00280893
0.0164137,0.00758488,0.00645543,0.010843,0.00160514,0.000640668
0.00724768,0.00486997,0.00503658,0.00186087,0.000222862,-0.000691772
0.0168645,0.0114154,0.00773733,0.0100353,0.0021085,0.00199129
0.0112452,0.00832502,0.00503746,0.00741801,0.000498485,0.00109704
0.0118089,0.00817228,0.00524402,0.00456082,0.00168568,0.000942276
0.0066969,0.00510742,0.00277067,0.00540591,0.0013294,3.85898e-05
0.00499097,0.00350766,0.00214143,0.00261564,-0.00021803,-0.000596922
0.0078298,0.00588296,0.00420982,0.00212461,0.00135397,0.000476628
0.0167514,0.0117648,0.00590173,0.00996696,0.00123614,-2.46392e-05
0.0188922,0.0126186,0.00737203,0.00748277,0.00191738,0.00273512
0.0125897,0.00590358,0.00525517,0.00169607,0.000693191,0.00230732
0.00594093,0.00438701,0.00333741,0.00522579,0.000886022,0.00269496
0.00756686,0.00535757,0.00375277,-3.89465e-05,8.57604e-06,0.000586381
0.029236,0.0197128,0.0123466,0.00955562,0.00318128,0.00193001
0.00586998,0.00369724,0.00524361,0.0060983,0.00127363,-0.000709748
0.00901704,0.00621422,0.00551647,0.00695491,0.000882734,0.000811239
0.0122226,0.00791334,0.00434494,0.00831642,0.00123394,0.00121596
0.00891371,0.0061722,0.00224803,0.00115481,-0.000932878,-0.000390114
0.00694198,0.00482917,0.00394266,0.00230167,0.000310549,0.000207342
0.0122466,0.00546824,0.00630788,0.00756057,0.00189474,0.00202295
0.0186766,0.00915981,0.00986023,0.0127093,0.00291425,0.00633072
0.00800249,0.00558471,0.00331138,0.00182034,0.000917705,0.000810429
0.0126915,0.00886641,0.00494687,0.00733613,0.00126602,-0.000154354
0.0156375,0.011195,0.00818793,0.00816207,0.000215125,-0.000462456
0.0113657,0.00681006,0.00557107,0.00522041,0.00191052,-1.3518e-05
0.00979713,0.00625476,0.00555582,0.00480007,9.15455e-05,0.000366649
0.0066782,0.0048233,0.00252807,0.00038681,0.000270065,-0.000216521
0.00475397,0.00342609,0.00193829,-0.0007189,-8.90856e-06,0.000826645
0.0225656,0.0103063,0.00860103,0.00895745,0.000834518,0.00374628
0.0129378,0.00691773,0.00682115,0.00821698,0.00197222,-0.00038131
0.0211169,0.00902382,0.00925,0.0104412,0.00301932,0.00287969
0.0273161,0.0147816,0.00952646,0.0105917,0.00129194,0.00310687
0.0236408,0.0141802,0.0466225,0.0765169,0.0239984,0.0291571
0.00626817,0.00458203,0.00326907,0.000663871,-0.000791422,-0.000103895
0.0141871,0.00973879,0.00766567,0.00881379,0.00196978,0.000688478
0.00786237,0.00568164,0.00765927,0.00965912,0.0023803,-6.60701e-05
0.0056255,0.00410076,0.00211665,0.00118972,0.000374703,-0.00161607
0.00783099,0.00598427,0.00887631,0.00538483,0.00237241,0.000704173
0.00642721,0.00440447,0.0031976,0.00123049,0.00117588,0.000773122
0.0107325,0.00738637,0.00439875,0.00140892,0.000833325,0.00185174
0.0137019,0.00943392,0.00511665,0.00114203,0.000630325,0.00175292
0.0340653,0.0218707,0.0187239,0.04531,0.0118596,0.0141471
0.0107422,0.00766212,0.00677846,0.00711141,0.00151265,0.000144578
0.0106404,0.00579566,0.0037052,0.00718344,0.000640827,0.000310648
0.0109436,0.00772,0.00428335,0.0014701,-0.000445418,0.000125304
0.0191074,0.0114786,0.00884396,0.00440491,0.000976512,4.92263e-05
0.0119356,0.00817764,0.00489329,0.00471776,0.00097163,0.000178192
0.0123026,0.00835285,0.00435301,0.0113097,0.00194007,0.0010939
0.0120032,0.00865418,0.00657858,0.00509405,0.00212626,-0.000222131
0.0100626,0.00563515,0.00627728,0.0103315,0.00209469,0.000462213
0.0142591,0.00816147,0.00665522,0.010152,0.00143632,0.000706355
0.00588594,0.0044787,0.00218521,0.00149985,0.000353014,-0.000534586
0.0230174,0.0158535,0.0130885,0.0154898,0.00236011,0.0018526
0.0131686,0.00803403,0.00635662,0.0051483,0.00056663,-0.000112032
0.0301179,0.0118093,0.00972958,0.0167085,0.00344796,-0.000551275
0.018264,0.00986593,0.00582787,0.0105435,0.00130724,0.000264855
0.00849174,0.00570423,0.00436313,0.00217426,0.00233971,0.000296484
0.0114269,0.00787016,0.00639325,0.0100763,0.00342728,0.00687238
0.00832608,0.00341884,0.00421179,0.0211545,0.00664495,0.0223838
0.0150082,0.00520938,0.0070514,0.0267483,0.00834744,0.0224835
0.0164866,0.00979841,0.0069548,0.0132315,0.00186825,0.00891632
0.0163818,0.00601948,0.0100924,0.00482268,0.000567807,0.00115625
0.0164565,0.00662716,0.0108702,0.00544614,0.00106771,0.000476237
0.0233538,0.0162488,0.0154185,0.0249766,0.00496854,0.00348418
0.00606624,0.00411486,0.00276643,0.00228328,0.000771088,0.000674028
0.0258299,0.0115763,0.0119131,0.0143597,0.00272744,0.00134287
0.0197448,0.00776932,0.0119309,0.010579,0.00245325,0.00203552
0.0108632,0.00736792,0.00768917,0.00447953,0.000457236,0.0015458
0.00652706,0.00453514,0.00241949,0.00270522,0.00106883,-0.000402905
0.00734051,0.0053098,0.00234263,0.00186058,-0.000198586,-0.000419252
0.0235027,0.0147958,0.019192,0.0196833,0.00514505,0.00265815
0.0178544,0.0123202,0.00535059,0.00359409,0.000139307,0.000970618
0.00617872,0.00413192,0.00286879,0.00422549,0.000327747,0.00259575
0.0176905,0.0092495,0.0133211,0.014794,0.0041856,0.00226984
0.0145299,0.00751181,0.00610595,0.00306472,0.000525314,-0.000366594
0.00790184,0.00614211,0.00361598,0.0043967,0.000260344,-0.000287784
0.0122086,0.00883739,0.00662067,0.0033164,-5.3963e-05,0.000309487
0.0105257,0.0076663,0.004272,0.00349582,0.00145243,0.00100981
0.0115561,0.00832019,0.00984907,0.0120002,0.00154484,0.00204499
0.00666399,0.00426703,0.00298908,0.00340406,0.000768193,0.000866327
0.00693945,0.00292491,0.00512897,0.00557393,0.0023118,-5.861e-05
0.00762181,0.00495245,0.00534891,0.00324153,0.000991275,-0.000515153
0.00846135,0.00599465,0.00684649,0.00739624,0.00133235,-9.02009e-05
0.0127048,0.00866746,0.00566115,0.0115707,0.00305995,0.00147004
0.0113509,0.00762,0.00565254,0.00338723,0.00203707,0.000488445
0.0182373,0.00918478,0.00933858,0.016945,0.00757724,0.0139424
0.0257249,0.0138996,0.0127831,0.0248218,0.00938624,0.0178567
0.00728589,0.0053172,0.00271274,0.00462434,0.00174632,-0.000871463
0.00424907,0.00309708,0.00379593,0.00325499,0.000640735,0.00063751
0.00687443,0.00460638,0.00505549,0.00344172,0.00178512,0.000117515
0.0305659,0.0171322,0.0130163,0.010558,0.00346454,0.00187356
0.0199987,0.0122143,0.00845541,0.00104984,0.00141517,0.000562062
0.0180464,0.00804476,0.0132044,0.0130631,0.0036809,0.00170789
0.0199161,0.00917168,0.0107109,0.0106197,0.00179287,0.000645063
0.00478264,0.0033503,0.00223863,-0.000937445,-0.000109069,0.000462874
0.0248081,0.0169058,0.0159887,0.0237921,0.00408418,0.000833411
0.00948621,0.00400162,0.00501476,0.00730934,0.0010412,0.00185627
0.0093305,0.00399119,0.00474727,0.00644718,0.000489996,0.000342774
0.0266597,0.0159913,0.0141392,0.0138842,0.00217203,0.000860524
0.00730444,0.0042863,0.0025167,0.00430149,0.000623608,-0.000338997
0.00551629,0.00430244,0.00351371,0.00266746,0.0011325,0.000278906
0.0170881,0.0107715,0.0058692,0.00731457,0.00146444,0.00180951
0.0151172,0.0107295,0.00536928,0.00799049,0.001667,0.00194916
0.00565904,0.00419415,0.00803289,0.00912452,0.00369698,0.000713403
0.00681476,0.00468907,0.00341811,0.00184016,-0.000222609,0.000234719
0.0176303,0.011901,0.00760286,0.00460875,0.000952135,0.000848995
0.00521631,0.00356852,0.00282675,0.00465849,0.00105944,-0.00083983
0.0121457,0.00564186,0.00609825,0.00449333,-0.000183539,-0.0011771
0.0156896,0.0112609,0.00839373,0.00974116,0.00191367,0.00114298
0.0126633,0.00897517,0.00452157,0.00659568,0.000967203,0.000489543
0.00999892,0.00713982,0.00331006,0.00289875,0.000825193,0.00159146
0.022031,0.0121096,0.00844712,0.00655242,0.00214085,0.0029722
0.00431922,0.00313943,0.00264512,0.000220939,0.000495194,0.00120315
0.00637636,0.00446677,0.00295614,0.00291709,0.000769158,0.00126253
0.0293397,0.0185584,0.00740182,0.0108128,0.00243426,0.00128366
0.00688668,0.00494387,0.00247213,0.000954124,0.00156901,0.000953852
0.00503846,0.0036241,0.001685,0.00254515,-0.00029124,-0.00204141
0.00521621,0.00380143,0.00274379,-0.0015889,9.03392e-05,-0.00015624
0.0128299,0.00913778,0.0046296,0.00458857,0.000217234,0.000641854
0.0226015,0.0147112,0.0143259,0.0158221,0.00307853,0.00154116
0.0075771,0.00388469,0.00303615,0.00617813,0.000437546,0.000287734
0.00783809,0.00585134,0.00409052,0.0057044,0.000644778,0.00172135
0.00426469,0.00309704,0.00175639,-0.00170618,-0.000319067,0.00175524
0.0153107,0.0108001,0.00708124,0.00335101,-0.000277639,0.000798753
0.0106159,0.0060097,0.00419848,0.00304463,-1.39775e-05,0.00205055
0.00711541,0.00502522,0.00258892,0.000701973,0.000156467,0.000556759
0.00877752,0.00567639,0.00723518,0.00120512,-0.000308095,0.000674796
0.00782575,0.00560134,0.00441149,0.00272638,0.00163848,0.000424692
0.0075754,0.00526355,0.00452894,0.000772194,0.000201149,0.000159022
0.00990049,0.00477314,0.0051743,-0.00162404,0.00150846,0.000176559
0.0101922,0.00525209,0.00635046,0.01002,0.00210151,0.00138746
0.0141214,0.00897899,0.0058777,0.00904978,0.0019492,0.000366507
0.0141543,0.00775975,0.00513511,0.00574081,0.000764636,0.00112552
0.0326158,0.0122974,0.0111571,0.0123623,0.00316462,0.00144007
0.0178715,0.00647041,0.0062768,0.00637442,0.00123744,-0.000162426
0.00798212,0.00585984,0.00323546,0.00335394,0.000971249,0.00120088
0.0117652,0.00856526,0.0078132,0.00643741,0.00123345,-0.000102038
0.00905343,0.00671906,0.0036991,0.000563431,0.000163139,-0.000388119
0.012757,0.00556696,0.0053836,0.00417359,0.000754049,-8.02761e-05
0.012651,0.00551263,0.00528826,0.00536182,0.000438713,-0.000464405
0.00659025,0.00375709,0.00352735,0.00168299,-0.000492977,0.000258513
0.00995211,0.00682369,0.0040135,0.00275461,0.0014035,0.000424974
0.0105393,0.00439643,0.00721371,0.0176329,0.00307784,0.00583915
0.0161562,0.00924838,0.00784666,0.00954824,0.00115295,0.00258882
0.0149313,0.00980012,0.0155974,0.0365527,0.0123705,0.0267165
0.0169683,0.00984758,0.00648292,0.00667629,0.0011616,0.000914342
0.0184186,0.00995402,0.00677458,0.0042829,0.0011304,0.001569
0.0283029,0.0180816,0.0187925,0.0177275,0.00387835,0.00119423
0.011405,0.00826592,0.0066249,-0.000636839,-0.000470795,0.00086328
0.0327648,0.0217002,0.023219,0.0310559,0.0064115,0.00541938
0.00770681,0.00539273,0.00380831,0.0153379,0.00336448,0.00982009
0.0123522,0.00884537,0.00554154,0.0086408,0.000644559,-0.000449198
0.00507927,0.00404366,0.00267359,0.000855659,0.000439229,0.000936558
0.0117117,0.00830653,0.00391092,0.00365725,0.000818091,-0.000346083
0.00867377,0.00617217,0.00640915,0.00656143,0.00144762,0.000137758
0.00886653,0.00679671,0.00389485,0.00743132,0.000460999,-0.000474026
0.011097,0.00577429,0.00897799,0.0249595,0.0094727,0.0268366
0.00922736,0.00677287,0.00424377,0.00580679,0.00174142,0.00340108
0.0107869,0.00771661,0.00781189,0.0118613,0.00244261,0.00247215
0.0136274,0.00939734,0.00484061,0.00390336,0.00184295,-0.000277239
0.00622091,0.00451364,0.00236863,0.00141552,-3.91565e-05,-0.00111444
0.0297724,0.0156579,0.00958242,0.0157424,0.0039016,0.0079658
0.0461958,0.0155028,0.0155141,0.0205254,0.00423708,0.0059691
0.0365411,0.0155656,0.0124827,0.0121897,0.00249942,7.3873e-05
0.0147168,0.00780531,0.00616256,0.00623335,0.00118046,0.00119419
0.00550445,0.00373053,0.00175428,-0.000374004,0.00149597,0.000376544
0.00960687,0.00723453,0.00377278,-0.000612613,0.000234672,-0.000437274
0.0118858,0.00796653,0.00734392,0.00541711,0.00196134,9.93398e-05
0.0140258,0.00982144,0.00520951,0.000343164,-0.000118581,0.00160461
0.0105704,0.00721915,0.00789905,0.00711628,0.00205387,0.00345062
0.0174234,0.00903823,0.00879863,0.00927281,0.00200076,0.00241021
0.0221231,0.0133163,0.00919366,0.00865462,0.00221044,0.00206502
0.0100262,0.00699936,0.00396268,0.00548405,0.000512701,-0.000303144
0.014369,0.00991111,0.00475771,0.00266573,0.00034617,0.00120289
0.00863162,0.00459712,0.00570111,0.00213785,0.00090098,0.00119059
0.0145214,0.00458038,0.00767943,0.00431535,0.00210668,0.00134751
0.0149437,0.00880167,0.0056469,0.00632773,0.00196257,0.000389328
0.00962152,0.00687725,0.00314502,0.00363481,0.00131228,0.00124328
0.00757809,0.00461386,0.00406831,0.00475628,0.000478913,-5.96908e-05
0.0154981,0.0104102,0.00589152,0.00905847,0.00129585,0.0012219
0.00558589,0.00384584,0.00241409,0.00335645,0.000718912,0.00138301
0.00918154,0.00628573,0.00401496,0.00039317,0.000610613,9.73437e-05
0.0124764,0.00868878,0.00613908,0.00883244,0.0037721,0.00971938
0.0123777,0.00878417,0.00543206,0.00047719,-0.000134316,0.000245136
0.0192352,0.0132462,0.00554273,0.00220535,0.001148,0.000710218
0.00370481,0.00314618,0.00177345,-0.000199556,-0.000320733,0.000994521
0.00610512,0.00430504,0.00293137,0.0030134,7.93077e-06,-0.000537239
0.010371,0.00750263,0.00438688,0.00156013,0.000900853,0.00222704
0.00569069,0.0038644,0.00325534,0.00474876,-0.000422767,0.00229456
0.00484868,0.0037955,0.00292839,-0.000271804,-0.000193712,-0.000321801
0.00709943,0.00482892,0.00333148,0.00697011,0.00195487,0.00347422
0.00425038,0.00316876,0.00224887,-0.00295804,0.000370924,0.000527052
0.00575993,0.00398041,0.00278017,-0.000710714,7.734e-05,0.000498717
0.00473424,0.0037509,0.00258988,0.00515817,0.000724401,0.000812257
0.00871981,0.00620088,0.00442172,0.000447972,0.00121978,0.00113745
0.00864485,0.00614723,0.00356735,0.00188876,0.00134765,0.0017767
0.00460302,0.00323198,0.00243449,0.00319642,0.000239007,0.000915818
0.00512629,0.00422973,0.00372269,-0.000830659,0.000790584,-0.000130915
0.00487708,0.00345189,0.00245312,0.000798872,-0.000284579,-0.000910432
0.011294,0.00598808,0.00521163,0.00240855,0.00117903,0.000710922
0.011401,0.0058087,0.00519895,0.000359664,0.000425154,-0.000444254
0.0236238,0.0139289,0.00921309,0.00720178,0.00117616,0.00158428
0.0334949,0.0144383,0.0164904,0.0160478,0.00360634,0.001027
0.00554669,0.00425852,0.00221189,0.00169334,-0.000376787,-0.000276308
0.0047822,0.00319835,0.00328213,0.00546652,-0.000613977,0.000242631
0.0234063,0.00980151,0.00899549,0.0155136,0.00318603,0.00213554
0.0236593,0.00985062,0.00882446,0.0159809,0.00325566,0.00286896
0.0080674,0.00598867,0.00380676,0.00656763,0.00136221,0.000613647
0.0144211,0.0102081,0.00639598,0.00810118,0.00210229,0.00130131
0.00632617,0.00452699,0.00263976,0.00945756,0.00545882,0.01695
0.00659548,0.00489858,0.00286967,0.00170359,0.000521281,0.000120307
0.0275178,0.016164,0.0131711,0.0139497,0.00181156,0.000431091
0.0191965,0.0125978,0.0173794,0.0183829,0.00316909,0.00255584
0.0165705,0.0103039,0.00900212,0.0103032,0.0024157,2.66681e-05
0.0187338,0.0120535,0.0104477,0.00826536,0.00367756,0.00310267
0.0331597,0.016915,0.0168202,0.0137319,0.00419375,0.00378667
0.0260827,0.0109141,0.0126843,0.0119538,0.00185416,0.00127788
0.00929968,0.00635254,0.00437862,0.00435603,-7.119e-05,0.000965453
0.00774499,0.00357863,0.00585745,0.00342615,0.000552564,0.000665636
0.00851077,0.00616858,0.00408066,0.000857861,0.000909752,-0.00107141
0.0102301,0.00737134,0.00789748,0.00737717,0.00205073,0.00155015
0.0103357,0.00479534,0.00669436,0.00497335,0.00125978,0.000521097
0.0094617,0.00399702,0.00503393,0.00889661,0.000763065,0.000999661
0.0051411,0.00390596,0.00279975,0.00143853,0.00138861,-0.000653884
0.0215924,0.00971122,0.00779224,0.012265,0.00325655,0.00358636
0.0216427,0.00976439,0.00742093,0.0133176,0.00211793,0.00182583
0.0109585,0.00771308,0.00341007,0.00604327,0.00044346,0.00205468
0.0190251,0.0129431,0.00744844,0.00840089,0.000732868,0.000725122
0.0144457,0.0102071,0.00507992,0.00532253,-0.000111579,0.00145471
0.0191286,0.013055,0.00500351,0.0090043,0.00144661,0.00107943
0.0173877,0.0115103,0.00423148,-0.000514046,0.00129734,0.00132714
0.00844069,0.00598659,0.00433493,-8.24989e-05,0.000400441,0.000498231
0.00859764,0.004298,0.00603484,0.00861945,0.000937808,0.00169778
0.0073395,0.004232,0.00395347,0.00478441,0.000289421,0.000154316
0.0145543,0.00995552,0.0043585,0.00592899,0.00112482,-0.000173172
0.00735687,0.00561299,0.00388525,0.00541695,0.000979206,0.000995508
0.00635889,0.00345138,0.00431837,-0.000101666,0.000258083,0.000199583
0.034319,0.0237835,0.0108388,0.0157524,0.00500706,0.00105623
0.00967083,0.00717642,0.00390691,-0.00047688,0.00112906,-0.000141264
0.023004,0.0135732,0.00729037,0.0113609,0.0023912,0.00113461
0.00418196,0.00311632,0.00294126,0.00249164,0.000386907,-0.000126711
0.00939138,0.00387103,0.00279174,0.00330818,0.00113763,0.000365669
0.0164016,0.0110873,0.00452158,0.00481252,0.00122586,0.000989
0.00651386,0.00436933,0.00297145,0.00133248,0.0002254,0.00118348
0.00667179,0.0037379,0.00275909,0.00147943,0.000450053,0.000269259
0.0140703,0.00515316,0.00597851,0.00601197,0.000945481,0.00035093
0.0137962,0.00515962,0.00587427,0.00686246,0.000336537,-7.37367e-05
0.00474017,0.00352003,0.00277642,-0.00279206,-0.000290839,0.000642429
0.00812444,0.00560481,0.00307172,-3.1607e-05,0.000555361,0.00154463
0.00855056,0.00588624,0.00848037,0.00739169,0.00373147,0.00361617
0.0158759,0.00792628,0.00833376,0.0118216,0.00169947,1.75821e-06
0.00536777,0.00412459,0.00315929,0.00347628,-0.000291229,0.000433253
0.00424808,0.00338906,0.00360175,0.00057995,-7.28087e-05,-7.73242e-05
0.0127452,0.00881462,0.0045862,0.00410279,0.00119157,0.000736129
0.00607467,0.00433775,0.00200009,-0.00126634,4.77587e-05,0.000221534
0.0159277,0.0107308,0.00518979,0.00638031,0.00160628,0.000782861
0.0205563,0.0114566,0.00962896,0.0104833,0.00176072,0.00123343
0.0283729,0.0185923,0.00916751,0.00929802,0.00277465,-0.000785733
0.029861,0.0187126,0.0261331,0.0505684,0.0158684,0.0213989
0.0126122,0.00899399,0.0071025,0.00514622,0.00168767,0.00289229
0.0145485,0.00928202,0.00794937,0.0253971,0.00953223,0.0256055
0.0152018,0.0103214,0.00455317,0.00418997,0.0013888,0.000862378
0.00730301,0.00321593,0.00442945,0.000538927,-0.000167009,4.33022e-05
0.015465,0.00985336,0.00679719,0.0129251,0.00165887,0.00131787
0.0144047,0.0100906,0.00975252,0.0103821,0.00300479,0.00142944
0.00605181,0.00425322,0.00292024,0.00235032,0.000282823,-0.000597508
0.0296884,0.0162275,0.0152399,0.0158246,0.0021613,0.00048967
0.0119817,0.00810549,0.00605089,0.00652197,0.00087475,0.000724463
0.0408467,0.0195293,0.014792,0.0180962,0.00420259,0.00333252
0.0041808,0.00292148,0.0015337,-0.000118646,-0.000158012,0.00138813
0.0119564,0.00727543,0.00362391,0.00117084,0.000140158,9.45612e-06
0.0109577,0.00809749,0.00732302,0.00773864,0.00144964,0.00132952
0.00796465,0.00612178,0.00259872,0.00172086,0.000739126,0.000360459
0.0213422,0.0135523,0.0115094,0.0128247,0.00218518,0.00117049
0.0172772,0.0128854,0.00986356,0.0132991,0.000937219,0.000957519
0.0175317,0.00992404,0.0107995,0.00469455,0.0014883,0.000205703
0.00936849,0.00686845,0.00389268,-0.00493019,0.000319092,5.94318e-05
0.0077126,0.00389081,0.00598985,0.00566672,2.337e-05,-5.26892e-05
0.00955704,0.00464196,0.0065722,0.00373207,0.00116009,-0.000291331
0.00480516,0.00386952,0.00266893,0.00269309,0.000103003,0.000761839
0.0182254,0.0112117,0.00766137,0.00908868,0.00270279,0.00159707
0.0308316,0.0123236,0.0139215,0.0174024,0.00472221,0.0021504
0.0228276,0.0122947,0.0116382,0.0136118,0.00380631,0.00120951
0.00943843,0.00527439,0.00527525,0.00272142,0.0012065,0.000223506
0.0105827,0.00727681,0.00522812,0.0012838,0.000626349,0.000362418
0.0302188,0.0205575,0.0157062,0.0184923,0.00296792,0.00244267
0.0186736,0.0111374,0.00746516,0.0086047,0.00224144,-0.00106515
0.00702783,0.00502754,0.00366038,0.000986897,0.00158315,-0.000827101
0.00809216,0.00563588,0.00261788,0.00263342,6.44151e-05,0.00128352
0.00823123,0.00577658,0.00365266,0.00285672,-8.52927e-05,0.0018648
0.0176682,0.0121846,0.00688325,0.00162682,0.00278,0.00143412
0.00595847,0.00446856,0.00340363,0.00165166,-0.000213024,-0.000120347
0.0129313,0.00632933,0.00613585,0.00227242,0.00147295,0.00137295
0.0277437,0.0171392,0.011823,0.00707596,0.00139452,0.000760132
0.0350853,0.0139662,0.0137047,0.0148332,0.00458986,0.00378459
0.035049,0.0140304,0.0123041,0.0178647,0.00421184,0.00351994
0.0197136,0.0140332,0.00637384,0.0107815,0.00213723,0.00152386
0.00992239,0.00583403,0.00575096,0.00602866,0.00143184,0.00190799
0.0156421,0.0108485,0.00677118,0.0014998,0.00266806,0.00112556
0.00669712,0.00495737,0.00318425,0.00017266,0.000897968,0.000187846
0.0190887,0.0131144,0.011068,0.0109054,0.00277751,0.00226337
0.0115444,0.0081088,0.0081656,0.00178294,0.0013462,0.00163844
0.00926642,0.00710743,0.00417022,0.00294232,0.000659086,0.000541264
0.0158955,0.00991357,0.0091574,0.0118369,0.00301529,0.00272391
0.0237393,0.0157245,0.0102602,0.0115977,0.00233405,0.00154265
0.0328983,0.0168937,0.0145646,0.0132156,0.00422647,0.00325305
0.0134244,0.00912405,0.00501191,0.00383169,0.00185764,0.000406385
0.0227181,0.0161343,0.00962162,0.00622343,0.00342929,0.00148036
0.0121341,0.0085096,0.00468469,0.00428493,0.000613145,-0.000193309
0.00622734,0.00445147,0.00236998,-0.000401316,0.000722295,0.00204074
0.00957007,0.00661059,0.00422479,0.00309661,0.000950268,2.0325e-05
0.0117199,0.00789116,0.00613422,0.0019251,0.000469882,-0.000531619
0.00753794,0.00488063,0.00294901,0.00125232,0.00131191,0.000151089
0.0147958,0.010005,0.0064143,-0.000222937,0.00243927,0.00091777
0.0141529,0.00722777,0.00612371,0.00576067,0.000561846,0.000760446
0.0130754,0.00526835,0.00561329,0.00408388,0.000798429,0.000561899
0.00645694,0.00449401,0.00374702,0.00591237,0.00118457,0.000209143
0.00790929,0.00582835,0.00437693,0.00267498,0.00114936,9.73401e-05
0.00702422,0.00406293,0.00327815,0.00102073,0.000653746,0.000589951
0.0219457,0.013879,0.0105388,0.0114949,0.00399261,0.00303819
0.00825296,0.00579238,0.00403102,0.00418118,0.000653057,6.47211e-05
0.0133117,0.00883772,0.00899741,0.0155406,0.00198878,0.0022426
0.00805585,0.00417681,0.00283417,0.00789692,0.00107815,0.000489786
0.0194249,0.0097284,0.00702249,0.00943939,0.00220189,0.00116653
0.0075984,0.00553304,0.00462763,-1.83127e-05,0.000883649,9.82134e-06
0.00634136,0.00435661,0.0028959,0.00510439,0.001031,0.00105457
0.00518557,0.00363522,0.00511786,0.000920604,0.000181093,0.00134922
0.00386951,0.00313374,0.00275763,0.000539888,-0.00028584,0.00022523
0.00926442,0.00661959,0.00387955,0.00111955,-0.00050676,0.00055696
0.0106747,0.00643677,0.0051749,0.00446567,0.00116667,0.00115174
0.0179812,0.0109028,0.00540934,0.00730229,0.00126642,0.00143918
0.00960846,0.00669821,0.0033934,0.00220821,-0.000214807,0.000895288
0.00867469,0.00600455,0.00178551,0.00522205,0.00101656,-0.000521265
0.0184824,0.0089413,0.00963562,0.0151803,0.00283576,0.00140689
0.0178902,0.0126251,0.0041057,0.0155938,0.0013129,0.000618687
0.00546172,0.00401372,0.0029313,0.00341815,-0.000596538,-0.00157842
0.00417652,0.00325615,0.00243462,-0.000315944,0.000773657,0.000706331
0.021646,0.0105624,0.0102147,0.0144721,0.00236455,0.00147635
0.0181811,0.0123948,0.00644319,0.0070246,0.00196776,0.00162801
0.0104907,0.00741886,0.00669497,0.00917307,0.00208741,0.00240412
0.0179238,0.0110962,0.00930406,0.00980115,0.00227056,0.00143713
0.0100222,0.00475507,0.00689585,0.00972182,0.00158715,0.000482157
0.00915331,0.00652779,0.00603275,0.00402105,0.000976512,0.00208992
0.00470331,0.00354374,0.00141824,-0.000219685,0.000234901,0.000522044
0.0142824,0.00657819,0.00556834,0.00506521,0.00152731,0.00267191
0.0154105,0.00654951,0.00587906,0.0030818,0.000971385,0.00101666
0.00699958,0.00537483,0.00329988,0.00298397,0.000842228,0.00115586
0.030511,0.0132107,0.0169581,0.0266506,0.00387631,0.000655051
0.0251791,0.00992354,0.012678,0.0296518,0.00878002,0.0148788
0.00619628,0.00454779,0.0028021,0.00126388,0.000860806,0.000749739
0.00827449,0.00566831,0.00325621,0.00602647,0.001533,0.00165769
0.00768525,0.00526601,0.0122628,0.011706,0.00182544,0.00242418
0.00649059,0.00469202,0.00310941,-0.000189989,0.00113153,0.00182943
0.0159363,0.0115043,0.009203,0.0144538,0.001425,0.00183955
0.00445255,0.0035244,0.00231506,0.000448881,-0.000923464,0.00111901
0.0101864,0.00728739,0.0035078,0.00160669,0.00118637,-0.00033855
0.0134526,0.00726265,0.0085788,0.00885117,0.00297648,-5.26931e-05
0.0127358,0.00596514,0.00768281,0.00602419,0.00265538,0.000546478
0.00617306,0.00442458,0.00332828,0.0108219,0.00536465,0.0144208
0.00861937,0.00628675,0.00320953,0.00222057,0.000986724,1.40547e-06
0.0131842,0.00938419,0.00372741,0.00256754,0.000192803,0.00157292
0.00936716,0.00689072,0.00726616,0.00473239,0.00196336,0.00122221
0.0161615,0.0112531,0.00775703,0.0089205,0.000273885,0.000628638
0.0052567,0.00386326,0.0026281,-0.00349957,0.000617261,0.000617241
0.0108376,0.00722097,0.00774216,0.00806545,0.00256178,0.00196818
0.0120569,0.00845501,0.00627767,0.00490315,0.000168101,0.00132467
0.0103859,0.0073617,0.00420221,0.0128933,0.00344242,0.00660842
0.0113134,0.0081862,0.00591711,-8.72954e-06,-9.8855e-05,0.00270067
0.00699539,0.00536556,0.00286412,0.00615384,0.00147777,0.00116473
0.0114229,0.00783989,0.00435715,0.00339302,0.000880991,0.000218859
0.0141052,0.00773622,0.0155092,0.00773968,0.00341205,0.000965501
0.0113611,0.00732716,0.00723722,0.00597927,0.000602524,0.000921008
0.0248837,0.0105479,0.014966,0.0160629,0.002819,0.00122183
0.0230828,0.0104748,0.0142791,0.0135467,0.00297913,0.00029521
0.00540022,0.00417669,0.00280585,-0.000915862,0.000435782,7.55783e-05
0.0102778,0.00711432,0.00418775,-0.000643163,-2.14244e-05,0.000921022
0.0155646,0.0106786,0.00491889,0.0016286,0.00129887,0.000194575
0.0104674,0.00756468,0.00533269,0.00342747,0.000233675,0.000414033
0.0152503,0.00991255,0.00823347,0.00457859,-7.38309e-05,0.00107761
0.0125617,0.00913911,0.00485151,0.00490703,0.000656677,0.000879022
0.00581905,0.00426063,0.00498868,0.00434591,0.00143135,0.00253432
0.00785378,0.00521037,0.00351194,0.00449803,0.000307431,0.000726824
0.00404973,0.00305603,0.00333627,0.00368222,0.00158236,-0.0006215
0.0051369,0.0038074,0.00225456,0.000849536,0.000613938,-0.000143776
0.00614829,0.0042939,0.00325783,-0.00101136,0.000784095,0.000500702
0.00524493,0.00367433,0.00246606,0.00413472,-0.000626531,-0.00018929
0.0283403,0.0142984,0.00910303,0.0117016,0.00241106,0.000498029
0.0111381,0.00749101,0.00718902,0.0144852,0.00403326,0.0077946
0.031345,0.0120896,0.0176268,0.0342593,0.00842381,0.0129985
0.0067219,0.004875,0.00380796,0.00392839,0.00121997,0.000535854
0.0055117,0.00419183,0.00216161,0.000693414,0.000712757,0.000183051
0.0173237,0.00927109,0.00806628,0.00851348,0.00245515,0.000813813
0.0171395,0.00935314,0.00798679,0.00869077,0.00225991,0.000552481
0.0137293,0.00730445,0.00624695,0.00291816,0.00152799,-0.000126349
0.0186842,0.0110198,0.00694851,0.00406127,0.00168172,0.000115529
0.0108378,0.00767843,0.00415873,0.001416,-0.000348918,0.000192303
0.0179604,0.0122876,0.00794992,0.00667116,0.00237274,0.00224982
0.00500521,0.00407602,0.00300908,-0.000389053,0.0019135,0.000261923
0.0146728,0.00807088,0.00984207,0.00574731,0.00192222,0.00152551
0.00821515,0.00352459,0.00313594,0.00330502,0.00136448,0.000499706
0.00714658,0.00300942,0.00327597,0.00038008,0.00152028,0.00130868
0.00728792,0.0050451,0.00798957,0.00685081,0.00230514,0.00200847
0.0194081,0.0136585,0.00725107,0.00572312,0.00217056,0.000628088
0.00986163,0.00667675,0.00387661,0.00304896,0.000519586,0.000261454
0.00952677,0.00688986,0.00666492,0.00597415,0.00109137,0.0019948
0.0131272,0.00904425,0.00464886,0.00264754,-0.000216532,0.000199806
0.00660213,0.00472244,0.00322603,0.0035005,-0.000271899,0.00159445
0.00952885,0.00686636,0.00573665,0.00450512,0.0013204,-0.000472573
0.00668816,0.00491104,0.00324397,-0.000308429,0.00036029,0.000848206
0.00868457,0.00602457,0.0039902,0.00251301,0.00140089,0.00117676
0.00522629,0.00349181,0.00248288,0.00289613,-0.000116325,0.000648655
0.00709834,0.00523391,0.00547045,-0.000405688,6.77843e-05,-0.000709942
0.00784095,0.00531839,0.00462189,0.00375699,0.00135152,-0.000149671
0.00750341,0.00561773,0.00303085,0.00183356,0.0013487,0.00108157
0.0202432,0.010123,0.011679,0.01275,0.00226235,0.00173106
0.0199056,0.0101251,0.0116869,0.0146131,0.0020743,0.002727
0.00581677,0.00418435,0.00215236,0.000882306,0.000906755,0.00131401
0.00844254,0.00612053,0.0139257,0.0110474,0.00433031,0.00199582
0.0078668,0.00575294,0.0025226,0.00149942,-0.000158467,0.000538807
0.0131955,0.00936445,0.00306158,0.00229891,0.00100883,0.00216595
0.0111487,0.00768304,0.00724475,0.00453266,0.00194113,-0.000106153
0.0128151,0.00859907,0.0046205,0.000744939,0.00065626,0.000978363
0.00846236,0.00617789,0.00369602,0.000582509,0.000167394,0.00056051
0.0165926,0.0100408,0.0135727,0.0128253,0.00229821,0.00331702
0.00658746,0.0045612,0.00404696,0.00390319,0.0014245,0.00286934
0.0131435,0.00566087,0.00505757,0.00176806,0.00136522,0.00152115
0.0129106,0.00554818,0.00495506,0.00161085,0.00122428,0.0017165
0.0310464,0.0150621,0.0120696,0.0147421,0.00413756,0.000763404
0.0206393,0.00980976,0.0105527,0.010709,0.00227535,0.000735745
0.0167733,0.0111587,0.00902371,0.0134169,0.00218904,0.00284241
0.0194144,0.0132262,0.00593139,0.00897639,0.00161801,0.00147152
0.00733082,0.00535516,0.00254993,-0.00138176,0.00147883,0.00202943
0.00929475,0.0065837,0.00540369,0.00401178,0.00192419,0.00124847
0.014703,0.010473,0.0103488,0.00439359,0.00286785,0.00267655
0.00602219,0.00310566,0.00407542,0.00786621,0.00177177,0.00364719
0.0139314,0.00907852,0.00628015,0.00338291,0.000589245,0.000248629
0.0155482,0.00910995,0.00628903,0.00208596,0.000693272,0.000698766
0.00900955,0.00654247,0.00288102,0.00129148,6.5295e-05,0.00251019
0.023131,0.00903472,0.00860565,0.00967478,0.00344119,0.00165268
0.025718,0.0126044,0.00799686,0.00893998,0.00355281,0.000795298
0.00549386,0.00369627,0.00368788,0.00328175,0.000704089,0.000722624
0.0240937,0.00936466,0.0107039,0.0100717,0.00149006,0.001285
0.00527921,0.00367247,0.0016007,0.00159387,0.00118083,-0.000198298
0.0221086,0.0149662,0.00759476,0.0301302,0.00935677,0.0265691
0.017193,0.00893097,0.00840306,0.00521908,0.00293021,0.00117642
0.0194655,0.00943202,0.00882407,0.0102378,0.00261897,0.00166577
0.0184007,0.0108091,0.00916594,0.0121333,0.00196084,0.00245001
0.00516163,0.00384772,0.00282911,0.000564033,0.00017849,-4.33962e-05
0.00857309,0.00597125,0.00417406,0.000325023,-0.000352854,0.000401567
0.0113405,0.00800612,0.00461929,0.0132485,0.00413086,0.0112348
0.0127588,0.00616716,0.00642145,0.00638249,0.00115574,1.45054e-05
0.0188584,0.00627518,0.00872002,0.0120497,0.00303595,0.00046422
0.0178356,0.00846088,0.00631301,0.00899492,0.00248611,7.40434e-05
0.00527899,0.00391167,0.00269249,0.00353881,-0.000355149,0.000289796
0.00728023,0.00493312,0.0047349,0.00964598,0.0019793,-9.26839e-05
0.0171689,0.0124012,0.0074713,0.00312267,0.000364266,0.00140409
0.0111616,0.00669902,0.00496347,0.00597288,0.00223266,0.00143579
0.0113531,0.00653656,0.00668033,0.00516186,0.00202638,0.00442137
0.0051677,0.0037083,0.00290695,0.00156666,8.43684e-05,-0.000347541
0.0143943,0.0101549,0.00875789,0.00805781,0.00106639,0.000840799
0.0108359,0.00560052,0.00600396,0.00717357,0.00123844,-4.20486e-05
0.0117668,0.00562973,0.00619118,0.00471925,0.00157199,0.000104725
0.00462656,0.00348873,0.00212509,0.00482789,-0.000386693,-0.000193415
0.0107649,0.00773096,0.00341177,0.000541847,-0.000186788,5.648e-05
0.0108676,0.00754777,0.00462653,0.000462759,-2.71075e-05,0.00157237
0.0107588,0.00754487,0.00515608,0.00323926,0.000139733,0.00132196
0.0231973,0.0157985,0.00909622,0.0130042,0.00273081,0.000614354
0.00910872,0.00425265,0.00538734,0.00196472,0.000964405,0.00149471
0.0122814,0.00652007,0.0062109,0.0026622,0.000883721,0.00217447
0.0103571,0.0069255,0.00419755,0.00408269,0.000287664,0.00207853
0.0073579,0.00518854,0.00291461,0.000738978,0.000357731,0.00116745
0.00629651,0.00438695,0.00308315,0.000475103,0.000864908,-8.12189e-06
0.00859213,0.00574931,0.00273562,0.00131073,0.00152039,0.000894155
0.0162201,0.00682094,0.00771352,0.00827782,0.000651412,0.00160192
0.0173839,0.00678642,0.00797652,0.00846561,0.000716531,0.00136271
0.00737559,0.00520763,0.00302681,-0.00209552,-0.000142171,0.00147841
0.024971,0.0137444,0.0100456,0.0124239,0.00188255,0.000590588
0.00629385,0.00469798,0.0038769,0.0104811,0.00185754,0.00991178
0.0149596,0.00659511,0.00593903,0.0056042,0.00133636,0.00104621
0.0155986,0.00671175,0.00634682,0.00829757,0.00103593,0.000797347
0.00602188,0.00307158,0.00346475,0.00492562,-0.00021324,0.00100715
0.0129844,0.00541971,0.00909614,0.0121241,0.00197379,0.000548229
0.0128769,0.00523094,0.00802364,0.00834866,0.00206838,0.000404379
0.0194005,0.00885818,0.00646081,0.00833359,0.000877972,0.00133932
0.00620591,0.00464196,0.00195757,0.00308754,0.000255923,0.000723772
0.00740276,0.00551883,0.00365336,-0.00105252,0.00114704,0.00218789
0.0111947,0.00813859,0.00810632,0.00461314,0.000828694,0.000557587
0.0164759,0.0109726,0.0109838,0.0115378,0.00337736,0.000581025
0.0111892,0.00635896,0.00527438,0.00686314,0.00115828,0.00139342
0.00573561,0.0043775,0.00284226,0.00283872,0.00105634,0.000958585
0.0147826,0.0101601,0.0119676,0.0221203,0.00531052,0.00110258
0.00735989,0.00349731,0.00426246,0.00427367,0.000627484,0.000419084
0.00800096,0.00564815,0.00730686,0.00250787,0.000493931,0.00211011
0.00955557,0.00644772,0.00354899,0.00284605,0.000466397,0.00122968
0.00698941,0.00496848,0.00615752,0.00488884,0.00146802,-0.00019815
0.00515378,0.00409064,0.00260742,0.00201953,0.00111844,0.000438289
0.0144051,0.0101747,0.00453095,0.00484597,0.000615846,0.00127425
0.00636239,0.00439485,0.00247096,6.26866e-05,0.000231723,0.000917881
0.00785955,0.00584418,0.00361799,0.00588702,0.000582891,0.000383817
0.00554757,0.00375935,0.00269212,-0.000873215,0.00153126,0.00115159
0.010015,0.00384052,0.00539449,0.00806666,0.0029736,1.27541e-05
0.0145713,0.00883866,0.00707374,0.00883416,0.00158322,0.000796743
0.0116259,0.00840236,0.0049646,0.0058398,0.000170541,0.000256317
0.00911591,0.00632893,0.00299299,0.0028209,0.000616405,0.000747946
0.0171648,0.00840967,0.0128422,0.0242743,0.00522596,0.0029519
0.0141577,0.00984736,0.00510629,0.00879835,0.00137575,3.47664e-05
0.00505473,0.00382762,0.00277195,0.00239588,0.000825994,0.00156006
0.0196466,0.0112364,0.00809672,0.0153003,0.0047037,0.00637128
0.00900777,0.00601564,0.00391508,0.00525036,0.000192884,0.000908574
0.0166782,0.0115522,0.00862552,0.0115739,0.00284751,0.000954913
0.00786076,0.0056036,0.00520194,0.00261644,0.00202362,-0.000584267
0.0118348,0.00837857,0.00663528,0.00688077,0.00183351,0.00438669
0.00575012,0.00312604,0.00468667,0.0120472,0.00354045,0.0134181
0.0150717,0.0107879,0.00678422,4.04368e-06,0.001437,0.0010497
0.0091814,0.00633828,0.00686903,0.00693137,0.000737579,-0.00116809
0.00577208,0.00363086,0.00367421,0.0016441,0.000995012,0.000290666
0.00990693,0.00607313,0.00241465,0.00430297,0.00118268,-0.000406486
0.0124987,0.00467291,0.0058074,0.00524687,0.00169609,0.000691289
0.00844471,0.00452886,0.005453,0.00237118,0.00153196,0.00195851
0.0129909,0.00900598,0.0100414,0.0283015,0.00556464,0.0114439
0.0179433,0.0118095,0.00662312,0.0137405,0.00217487,0.00357115
0.0247097,0.0146392,0.0111257,0.0244113,0.00736367,0.00784883
0.00491417,0.00330416,0.00149285,-0.000406465,0.00126592,-0.000397937
0.0228013,0.00820242,0.0112476,0.0157902,0.00337161,0.00133163
0.007649,0.00561889,0.0039256,0.000139903,0.000379473,0.000723683
0.0265234,0.0165602,0.0114071,0.0210204,0.00304475,0.0020985
0.0187502,0.00811252,0.00606771,0.0106893,0.000909545,0.000732251
0.0158333,0.0111832,0.0169526,0.0204807,0.00375621,0.000771508
0.0075984,0.00517992,0.00351585,-0.0022726,0.000399448,0.000801379
0.0204733,0.0127841,0.00899274,0.00444903,0.00139758,0.000178839
0.0140483,0.00953883,0.00565262,0.00425499,4.40044e-05,0.00123592
0.0115846,0.00778985,0.00354408,0.000670277,0.00150734,0.0020582
0.0167071,0.0105163,0.00755182,0.00939652,0.00136668,0.00106305
0.0394895,0.0205735,0.0125971,0.0281176,0.00931371,0.0140709
0.0171751,0.0111285,0.0076674,0.00755407,0.00152971,0.00190961
0.0115581,0.00432963,0.00589998,0.00294427,0.0012212,0.000310136
0.00618829,0.00438758,0.00292243,0.00188848,0.000404835,0.000266814
0.0135909,0.0089207,0.00992755,0.00930806,0.00255954,0.00484105
0.00730579,0.0052607,0.00277468,0.00786251,0.000640166,0.00134788
0.0102262,0.00742576,0.00384589,0.00482475,0.000845736,-0.00107218
0.0112656,0.00789461,0.00395161,0.00382297,0.0027556,-0.000348254
0.00557766,0.00328675,0.00170341,-0.00073608,0.000955185,0.00091157
0.0123653,0.00855936,0.00433973,0.00521511,0.000914469,0.000849737
0.0045189,0.00311647,0.00270486,0.00127372,0.000804745,-0.00015018
0.0115472,0.00782237,0.00528355,0.00492025,0.00115952,2.19997e-05
0.0267692,0.00980379,0.0151546,0.0169107,0.00391888,0.00243459
0.0193781,0.012282,0.0170584,0.0189607,0.00695758,0.00283216
0.0127209,0.00605884,0.0106573,0.0100523,0.00339938,0.00255885
0.00659729,0.00460723,0.00406404,0.00544315,-0.000587709,-9.09837e-05
0.0235392,0.0162493,0.00873839,0.00614184,0.00160592,0.00287723
0.0228751,0.0148365,0.010445,0.00834179,0.00135166,0.000776247
0.00480676,0.00358098,0.00154203,0.000749485,0.000270528,-0.000772801
0.0171681,0.0116153,0.0169508,0.0125175,0.0016545,0.00111079
0.0277519,0.00937582,0.0115549,0.0133411,0.000836826,0.00145144
0.0262923,0.00938198,0.0096801,0.00952913,0.00200612,0.000724176
0.00826438,0.00593204,0.00404986,0.000395879,0.000391701,-0.00103896
0.00476252,0.00341766,0.00256724,-0.00366509,9.59973e-05,0.00131808
0.0108652,0.00608388,0.00461872,0.00116885,0.000807503,0.0011357
0.0066995,0.00321573,0.00222283,0.00305816,0.000969452,0.0011116
0.00920998,0.00510705,0.00265937,0.00152106,0.00114307,0.00205984
0.0151351,0.0102864,0.00861489,0.008447,0.00221665,0.00106717
0.00591103,0.00449577,0.00688155,0.00239208,0.00184276,0.000528044
0.0109586,0.00788827,0.0055181,-0.00046794,-0.000388717,0.000596584
0.0201183,0.00809856,0.00953783,0.0153732,0.0032316,0.00145619
0.0203259,0.00816158,0.00862521,0.0110748,0.00206785,0.00120982
0.00790212,0.00562527,0.00367945,0.00158338,0.00178704,0.00133169
0.00849751,0.00625964,0.00785123,0.00222367,0.000883466,-1.53163e-05
0.0155934,0.00906854,0.00621275,0.00455299,0.000427008,-0.000720944
0.00440871,0.00352619,0.00281902,0.000560503,6.43453e-05,-0.000491597
0.00746557,0.00508682,0.00293936,0.00477778,-0.000679178,-0.00058831
0.0137021,0.00905053,0.00700213,0.00346,0.00187153,0.00149663
0.0248432,0.0110317,0.0126148,0.021129,0.00478836,0.00202948
0.0232626,0.0109659,0.0115109,0.0156915,0.00398249,0.00212305
0.0109528,0.00794519,0.00390987,-4.81193e-06,0.000764278,0.00202532
0.0218091,0.0137761,0.0105006,0.0103946,0.00170373,0.00171472
0.0106757,0.00725727,0.00468929,0.00436884,0.000126786,0.000716897
0.00868059,0.00636959,0.00406936,0.00890352,0.00221349,0.000397369
0.0108272,0.00786259,0.00366528,0.0026204,-9.59536e-05,-0.000190958
0.0140401,0.00957248,0.00525386,0.00491688,0.00108385,0.000119594
0.0138919,0.0100872,0.00526861,0.00347242,0.000354543,0.00164027
0.00800101,0.00541273,0.00446473,0.00526433,0.00110943,0.00156015
0.00432526,0.00323873,0.00261468,0.000494345,-0.000543268,-0.000963064
0.00520935,0.00380545,0.00350576,-0.00213156,0.000270826,-0.000392721
0.00591968,0.00397831,0.0020899,0.00157589,-0.000484788,0.000176508
0.0116945,0.00751707,0.00751135,0.0110801,0.00146727,0.00180655
0.0185355,0.00785711,0.00759122,0.0115258,0.00203583,0.00160827
0.0318787,0.0144652,0.0114772,0.0113108,0.0032588,0.000573934
0.0080534,0.00591198,0.00311834,0.00202963,0.00135376,0.00213695
0.00994526,0.00695439,0.0023649,0.00447,0.000903373,0.00182646
0.0175625,0.0118804,0.00655247,0.00472292,-1.09831e-05,0.00123913
0.0160323,0.0114257,0.00795958,0.00716338,0.00172745,0.000147515
0.0129676,0.00826895,0.00488289,0.00255789,0.000964294,-0.000172647
0.0224957,0.0148544,0.00906734,0.00755331,0.00245409,0.000839871
0.00538834,0.00383995,0.00244322,0.00912121,0.000675751,0.0011455
0.00484026,0.00358055,0.00259421,0.00256425,0.000222465,-0.0010157
0.00868589,0.0034019,0.00411686,0.00103284,0.00167475,0.000923242
0.0121459,0.00684877,0.00557096,0.000955583,0.000402369,0.000342209
0.00473197,0.00345382,0.00264374,0.00397987,-0.000455919,-0.000705101
0.00378182,0.00302335,0.00208426,0.0150175,0.00693436,0.019927
0.0113155,0.00830514,0.00704323,0.00831766,0.00214066,0.00201706
0.0187565,0.0130798,0.00620617,0.00906478,0.00190109,0.00261772
0.0112911,0.00772965,0.00484581,0.00644725,0.00175687,0.00201721
0.0116576,0.00827739,0.00372812,0.00232732,0.000168971,-2.4847e-05
0.0122067,0.00639954,0.00792856,0.0133675,0.00158827,0.000678407
0.0088158,0.00612962,0.00761019,0.00943913,0.00216612,0.00222589
0.0207245,0.00953241,0.00699227,0.00910683,0.00186668,0.00348231
0.0214047,0.00965059,0.00702681,0.0121716,0.00178647,0.00201126
0.0155766,0.0109998,0.00842616,0.018933,0.00426611,0.00931121
0.0108039,0.00756498,0.00366739,0.00598891,0.00102569,2.43294e-05
0.00860226,0.00585946,0.00436005,0.00725527,0.000355266,0.000654347
0.0108672,0.00583018,0.00683176,-0.000129042,0.00191534,0.00190259
0.0182511,0.0112154,0.0100299,0.0078965,0.00175563,0.00265281
0.0115011,0.00661308,0.00829472,0.0300447,0.00676507,0.0131792
0.0118063,0.00674715,0.00816106,0.0299669,0.00640125,0.0123891
0.0192044,0.0119163,0.0125969,0.0114968,0.0043812,0.000351895
0.0100181,0.00703362,0.00431801,0.00596402,0.000192426,0.000906141
0.01146,0.00844795,0.00359037,0.00455439,3.80293e-05,0.00065237
0.0262369,0.0109552,0.0103275,0.011921,0.00270628,0.00155006
0.00469746,0.00319659,0.00209861,-0.00500734,0.000861389,-0.000939014
0.00598045,0.0043285,0.00334883,0.00300741,0.00054821,-0.000116691
0.0115249,0.00806626,0.00417682,0.00514296,-0.000317642,0.0016027
0.0137318,0.00963727,0.00515215,0.00375131,0.00189134,0.00224619
0.00902119,0.00604968,0.0043509,-0.0034903,-0.000124257,0.000386877
0.005596,0.00354663,0.00434204,0.00894676,0.00246696,0.00315919
0.0144341,0.00678499,0.00663008,0.00640855,0.000901521,0.000658722
0.0149871,0.00664454,0.00647065,0.00344674,0.000613407,0.0013697
0.00713502,0.00514503,0.00347315,0.00683511,-6.17183e-05,0.000477361
0.0124036,0.00834128,0.00841808,0.00916975,0.00221738,6.13418e-05
0.00770238,0.0049141,0.0035838,0.00456831,0.000556206,0.00198682
0.00585283,0.00424492,0.00304027,-0.00298367,-0.000667292,4.40978e-06
0.00554357,0.00414809,0.00270677,0.00158962,0.000746752,0.000397924
0.00706389,0.00378108,0.00334156,0.00694171,0.000957008,0.00276392
0.0165617,0.0107362,0.00601205,0.0091209,0.00168995,0.00108995
0.021751,0.0102455,0.0131621,0.0141267,0.00362579,0.00126934
0.00955688,0.0067844,0.00371432,0.00698966,0.000296487,-0.000620918
0.014857,0.00864746,0.00948857,0.0113168,0.00259582,-0.000110015
0.0171991,0.0068091,0.0084314,0.00825486,0.00338457,0.000987214
0.0127346,0.00858016,0.00713989,0.00267588,0.000967193,0.00129006
0.00707486,0.0030368,0.0038251,0.00311993,-0.000443024,6.68855e-05
0.0105224,0.00575792,0.0049575,0.00580917,-0.000541597,-0.00017998
0.0105138,0.00739513,0.00526317,0.00680618,0.00010035,5.48816e-05
0.0182672,0.0126221,0.00731216,0.012759,0.00115636,0.000531696
0.0253401,0.0113438,0.0101177,0.0134824,0.00318975,0.000612103
0.0242002,0.011413,0.00973518,0.00964214,0.00254042,0.000545172
0.00620597,0.00465335,0.00276925,-0.00161406,0.000715696,0.000779627
0.00879085,0.00625271,0.00420639,0.00576518,0.000991196,0.00098081
0.00546,0.00379794,0.0030689,0.000669103,0.000649561,0.00103591
0.00726561,0.00505359,0.00345911,0.00356323,0.000710536,-0.000995764
0.00984246,0.00688694,0.00771849,0.0106807,0.00190587,0.00192211
0.0119823,0.00540836,0.00576957,0.000954573,0.000790351,-5.87667e-05
0.0066386,0.00511808,0.00335691,0.00426887,0.00106336,0.00119897
0.00610174,0.00432177,0.00285487,-0.00306208,0.000987808,0.00135033
0.00386993,0.0031039,0.00214051,0.000713351,0.000150953,0.000246111
0.00760042,0.00533177,0.00575684,0.0040189,0.000669006,0.0018726
0.00817349,0.00585811,0.00316032,0.00599129,8.13265e-05,5.19806e-05
0.0112418,0.00808755,0.00478688,0.00318841,0.000265725,0.000165658
0.00586024,0.00402812,0.00410615,0.00379879,0.000568536,0.00121593
0.0189064,0.0126004,0.00576529,0.00360206,0.00207323,0.00141853
0.0122733,0.00819014,0.0050324,0.00414725,0.000830446,4.33374e-05
0.00856795,0.00571922,0.00402803,0.0045021,0.000890791,0.000461068
0.0111659,0.0081943,0.00432795,0.00249429,0.000204536,0.00043141
0.00448775,0.00345242,0.00331102,0.000919254,-0.000253707,0.000306995
0.00782912,0.00525521,0.00354906,0.00320993,0.00108622,0.00172988
0.00437999,0.00298098,0.00198903,-0.000895877,0.000425267,0.00111012
0.0094211,0.00670901,0.00454149,0.00170681,4.05271e-05,0.0007401
0.00440274,0.00338141,0.0030328,0.00450221,0.000458323,0.000500418
0.0123558,0.00703719,0.00883664,0.0105857,0.00329607,0.00094872
0.00418508,0.00316509,0.00331281,0.00420959,0.000530225,0.000643805
0.0157176,0.00934303,0.00699887,0.0177091,0.00557282,0.012138
0.0120003,0.00818871,0.0035453,0.00541586,0.000298986,0.000525247
0.00932113,0.00649577,0.00285417,0.00331839,0.00157644,-0.000884018
0.00887275,0.00618876,0.00426044,-5.28517e-05,0.000806769,-0.000241756
0.0117108,0.0082678,0.00792669,0.00167114,0.000553069,0.000962861
0.0184698,0.0126157,0.00513825,0.00488137,0.00166163,0.00122782
0.00538929,0.00402203,0.0051467,0.00094276,0.00137445,4.02501e-06
0.0174801,0.00945512,0.00943365,0.00806581,0.00228273,0.000772921
0.0114449,0.00756542,0.00665594,0.0106809,0.00179953,0.00146898
0.017629,0.00853344,0.00704018,0.00795451,0.00175294,0.00213376
0.02754,0.0172621,0.0100014,0.0114922,0.00135547,0.000639452
0.0206728,0.0111361,0.00750685,0.0087938,0.000409198,0.00295214
0.0216615,0.0110394,0.00753182,0.0100971,0.000459106,0.00191661
0.010288,0.0046409,0.00514062,0.00250878,0.000319551,0.000645306
0.00749068,0.00518366,0.00329026,0.00181867,0.00113146,0.000713928
0.00395478,0.00293823,0.00272218,0.0026374,0.000514893,-0.000500568
0.00909615,0.0066792,0.00622253,0.00193427,0.00171278,-0.000331634
0.0106409,0.00725766,0.00221052,0.00116943,0.000814214,0.000811264
0.0275935,0.0173539,0.0101264,0.0137477,0.00257783,0.00320471
0.00913415,0.00440329,0.0054772,0.00512331,0.000137928,-0.000237817
0.0121153,0.00841003,0.00523218,0.00265768,0.00148089,-0.00061815
0.0074508,0.00366185,0.0042702,0.0028971,0.000928687,0.000313453
0.00436743,0.00333735,0.00153372,0.000170584,-0.000100703,-0.000273904
0.0226092,0.0149231,0.0106684,0.0135928,0.00106539,0.00047024
0.0115069,0.00784993,0.0241448,0.0254938,0.00672372,0.00187986
0.00511741,0.00392792,0.00242651,0.00271218,0.0012891,0.00132269
0.0095422,0.00668992,0.00395397,0.00179011,0.00013218,-0.00159788
0.0108085,0.00674087,0.00472631,0.0063272,0.00121911,0.0011991
0.0150811,0.00925497,0.00619722,0.00364361,0.00216917,-0.000130037
0.0190522,0.00836612,0.0116673,0.00186899,0.00142843,0.00194626
0.0189772,0.00844576,0.010929,-0.000721273,0.00137628,0.00157708
0.00451301,0.00317573,0.0025074,0.0023045,0.000631638,-0.00131884
0.0147557,0.010216,0.00559511,0.00269218,0.00158671,0.000891226
0.019451,0.0134508,0.0150511,0.0189539,0.00436259,0.00300257
0.00727606,0.00543734,0.00360793,-0.000176805,0.000243543,0.00165354
0.0159956,0.011149,0.00940705,0.0106476,0.00181618,0.00260422
0.00650451,0.00436023,0.0037453,0.00045327,0.00048359,0.000562724
0.0114042,0.00789352,0.0024627,0.00247101,5.53738e-05,1.16926e-05
0.0134693,0.00700418,0.0054858,0.00414152,0.00138186,0.000395451
0.01471,0.00701138,0.00575171,0.00831031,0.00119487,0.000398003
0.00703778,0.00514662,0.00393616,0.00541499,0.00184563,0.00196936
0.0114906,0.00811698,0.00551704,0.00942441,0.00263469,0.000476459
0.00575244,0.0038903,0.0018044,0.00128088,-0.000535219,0.000687811
0.0284124,0.018956,0.0213885,0.0281981,0.00590993,0.00204712
0.0200244,0.0144682,0.00714495,0.00799202,0.00116671,0.000630642
0.0043667,0.00294176,0.00119383,0.00257878,-0.000722661,-0.00011587
0.014043,0.00974761,0.00427555,0.00633805,0.000640543,0.00114727
0.00941619,0.00645285,0.00383818,0.00195553,0.00234079,0.00167131
0.00665255,0.00486068,0.00190148,0.00220411,0.00137234,0.000771808
0.0110376,0.00671271,0.00804174,0.00754908,0.00155338,0.000770632
0.00829665,0.00463607,0.00522108,0.00591562,0.0015083,0.000201736
0.0138395,0.00937236,0.00614886,0.00886599,0.00260473,0.000126385
0.00576379,0.00410219,0.00287428,-0.0024751,-0.00106468,0.000418883
0.0173866,0.0121228,0.00432922,0.00396352,0.000867554,-0.000425618
0.0158616,0.0106718,0.00831873,0.00636042,0.00146094,0.00146194
0.0132013,0.00905424,0.00405319,0.000690581,0.000764504,0.000998753
0.00880629,0.00617413,0.00394711,-0.000274457,0.000597152,0.000848197
0.020696,0.012337,0.00977667,0.00693885,-0.000266707,0.00128536
0.0164133,0.0108581,0.00581472,0.00944802,0.00252054,0.00232469
0.017474,0.0124223,0.0160174,0.0131333,0.00257671,0.000761312
0.014726,0.00958918,0.00710274,0.00406789,0.000499596,0.0023447
0.0053864,0.0041568,0.00406839,0.00286643,-0.000931889,0.00116745
0.0244927,0.0133427,0.0120798,0.00771532,0.0019367,0.000982884
0.0181407,0.0125228,0.00744725,0.00393905,0.00083192,-0.000641896
0.0256183,0.0168217,0.0124257,0.0124821,0.00341413,0.00137584
0.0173014,0.01098,0.0182395,0.0199464,0.0063864,0.00544442
0.0136395,0.00789062,0.0136861,0.0156028,0.00283686,0.00361638
0.0118866,0.00850204,0.00666638,0.00628595,0.000931397,-0.00057068
0.00561846,0.00426299,0.00444572,0.00302245,0.000188953,0.00156416
0.0147659,0.0103226,0.00683044,0.00706703,0.00202197,8.2414e-05
0.0186225,0.0122344,0.00543418,0.00690301,0.0022649,0.00155672
0.0152679,0.00902793,0.00634498,0.00165252,-0.000133436,-0.000834233
0.0142971,0.0054825,0.00552256,0.00198721,0.000246667,-0.000351869
0.0112917,0.00645111,0.00422558,0.00188821,7.86338e-05,0.00177618
0.012032,0.00634805,0.00427409,0.000387166,-8.25821e-05,0.00153738
0.00704483,0.00470798,0.00831821,0.0140132,0.0062482,0.00776525
0.00895003,0.0063838,0.00312457,0.00128632,0.000366589,0.00229939
0.00404167,0.0033022,0.00205983,0.00115124,-0.000267873,0.000575518
0.0170508,0.011777,0.00610355,0.00436896,0.00101376,0.0010132
0.00426683,0.00316707,0.00238013,0.0041435,5.32403e-05,0.00138247
0.00682562,0.0048145,0.00290967,0.00309638,8.63633e-05,0.000607598
0.0113436,0.00819668,0.00445209,0.00142181,0.000709125,2.43007e-05
0.00618043,0.00462566,0.00195576,-0.000188045,0.00116525,0.000973308
0.0338758,0.0159667,0.0151639,0.0170478,0.00302911,0.000999622
0.00414064,0.0030624,0.00216199,-0.000112748,0.000126617,0.000824278
0.00811826,0.00574111,0.00497459,0.00102127,2.4517e-05,0.000898542
0.00636088,0.00391858,0.00404674,-0.000234003,0.000761954,0.00246048
0.0237161,0.00927713,0.0113536,0.00637781,0.00359629,0.00331431
0.0236075,0.00937327,0.010604,0.0080878,0.00369099,0.00106594
0.0297926,0.0197258,0.0128285,0.0145223,0.00242789,0.000648239
0.00778847,0.00579414,0.00370663,0.00352234,0.000595145,-0.000419564
0.00987375,0.00472305,0.00445036,0.00706858,0.000496437,0.000536064
0.023934,0.0157994,0.00652456,0.0106596,0.00197501,0.00154113
0.0138426,0.00624486,0.00753623,0.00723253,0.000679366,-0.00111724
0.00775309,0.00565541,0.00316951,0.000845956,0.000202477,0.00145771
0.00772582,0.00571899,0.00344007,0.000155043,0.000339975,0.000497414
0.0109181,0.0057992,0.00792468,0.00521769,0.00218766,0.00193604
0.00758953,0.00539438,0.00316921,-0.00052006,0.000211891,5.76123e-05
0.00745707,0.00557232,0.00233561,0.00406507,0.000869581,0.000559173
0.0242243,0.00893968,0.0108724,0.013565,0.00201113,0.000561831
0.0233983,0.00890845,0.0102445,0.012905,0.00165879,0.00233339
0.00797804,0.00311665,0.00323167,0.0046911,0.000762838,0.00122591
0.0108968,0.00634766,0.00437506,0.00363277,0.000807681,0.000147959
0.007044,0.00486874,0.0020478,0.000796776,0.000144793,0.000213055
0.0119289,0.00820851,0.00452597,0.00600249,0.000870007,0.00152439
0.00717389,0.0045372,0.00286067,0.0070107,-0.000660726,0.000251835
0.00970165,0.00670481,0.00351002,0.00214173,-0.000517139,-0.000621629
0.0163949,0.00875761,0.00916892,0.0118734,0.00162113,0.00208828
0.0226563,0.012124,0.0102141,0.0142237,0.0045899,0.000988979
0.0111149,0.00788667,0.00447413,0.0043919,0.00036904,0.00127741
0.027656,0.0137141,0.0116347,0.0109673,0.00155521,0.0013985
0.0351638,0.011799,0.0168192,0.0142424,0.00240674,0.000800306
0.021472,0.00854036,0.011482,0.00968647,0.00228786,0.000701339
0.0112002,0.00778572,0.00390363,0.00537906,0.00152889,-0.000500825
0.00622317,0.00462906,0.00349582,0.00528676,0.00112898,0.000458673
0.00442708,0.00343403,0.00227538,-0.000174185,-0.000217867,0.000352643
0.00804922,0.0056655,0.00499786,0.00314673,0.00290766,0.000763935
0.00535622,0.00409653,0.00271623,0.00101259,0.000714218,0
0.00788589,0.0054383,0.0043255,0.00634574,0.00114785,0.000710654
0.00996503,0.00707138,0.00329882,0.0062781,0.000192275,0.000571945
0.00820608,0.00615498,0.00207379,0.00394254,-4.59905e-05,-0.00134371
0.0134151,0.00874314,0.00915947,0.00951217,0.00242127,0.000900313
0.00687239,0.00443192,0.0023887,0.00230512,-7.63674e-05,0.000213869
0.00883604,0.00614977,0.00278296,0.000960543,-0.000421136,0.000602491
0.00544256,0.00324596,0.0031506,0.00723255,0.000432274,0.00124078
0.014001,0.00450978,0.00834215,0.00972641,0.00299948,0.00206611
0.0294635,0.0140614,0.0191309,0.0211686,0.00433255,0.0020221
0.0138285,0.00700419,0.00680012,0.004872,0.000903217,0.00133467
0.0110886,0.00774672,0.00354295,0.00612218,0.00126366,0.00290074
0.0254241,0.0166317,0.0403717,0.0594057,0.0134858,0.00975054
0.00806577,0.004994,0.00394809,0.0153028,0.0032074,0.010852
0.0123731,0.00827977,0.00368426,0.00710126,0.001002,0.00106439
0.0135503,0.00836273,0.00823465,0.00855497,0.00185911,0.00146553
0.0215676,0.0144856,0.00894497,0.00893685,0.00262745,0.00254098
0.0276698,0.0189852,0.00992679,0.00666824,0.00396731,0.00141629
0.00732677,0.00491084,0.00577559,0.00840234,0.000734059,0.00046316
0.0131447,0.0089358,0.0131783,0.0163951,0.00508369,0.000933689
0.0131635,0.00769482,0.00859819,0.0180138,0.00673203,0.00989161
0.015291,0.0105563,0.00792177,0.0090334,0.00212536,0.00232375
0.0391225,0.0137139,0.0164241,0.0152357,0.00401258,0.00202296
0.041837,0.0137247,0.0178872,0.0187026,0.00459697,0.00167337
0.0220033,0.01227,0.00890025,0.00882465,0.00260875,-0.000130359
0.0175938,0.0114736,0.00653291,0.00919902,0.00246645,0.00056284
0.0162062,0.0105585,0.00802588,0.00781144,0.00267212,0.0024805
0.016507,0.0118671,0.00615641,0.00449827,0.000671314,-0.000228585
0.0141848,0.010411,0.00555581,0.0117977,0.00172834,0.000335795
0.0128476,0.00679043,0.00889699,0.00675648,0.00190344,-5.19529e-05
0.0039234,0.00309842,0.00257867,0.00150458,0.000832677,-0.0006308
0.0114175,0.00787109,0.00596827,0.00842813,0.00176705,0.000644729
0.021262,0.0102317,0.0124387,0.0154497,0.00163006,0.00361946
0.0201339,0.00952539,0.0120969,0.0142998,0.00188994,0.00403759
0.00480994,0.00347588,0.00283303,-0.000737309,-3.80903e-05,0.000466381
0.00829154,0.00564739,0.00372059,0.00539404,0.000546676,0.0010737
0.0103762,0.00694975,0.00368888,0.00344011,0.000665179,-0.000371652
0.0136989,0.0100073,0.00585424,0.00774588,0.00270049,0.00174931
0.00951814,0.00700197,0.00489366,0.00566917,0.00220219,0.00138
0.0108504,0.00736998,0.00239851,0.00378828,-4.8162e-05,0.000719837
0.0261832,0.0104658,0.0114563,0.00722566,0.00190856,0.00173472
0.0263652,0.0104968,0.011301,0.00692755,0.00262091,0.00196417
0.00982482,0.00609965,0.00545611,0.00726863,0.00364606,0.00692811
0.0131245,0.00892145,0.00821862,0.00670402,0.00365157,0.000626293
0.0206736,0.014221,0.00794532,0.0163415,0.00426369,0.00873018
0.0158076,0.0103741,0.00644929,0.00347828,0.000698045,0.000301036
0.0135367,0.00928994,0.00687981,0.00568034,0.000700004,-7.78194e-05
0.00979882,0.00583758,0.00531529,-0.00160536,0.000287866,0.00142781
0.00979104,0.00501286,0.00356316,-0.00211246,-0.000500448,0.000658857
0.0247917,0.0167257,0.009755,0.00741421,0.00215294,0.000602892
0.00524792,0.00377116,0.00259478,0.00404523,0.000849592,0.000279137
0.00936193,0.00682507,0.00263397,0.000574174,-0.000252544,0.00143771
0.0116156,0.00784705,0.00619569,0.00463881,0.0015012,0.00184958
0.0176933,0.0121057,0.00620665,0.00957585,0.000827065,0.000671826
0.0059677,0.00457886,0.00145103,0.00552737,0.000474478,0.000301974
0.00917452,0.00411782,0.00469515,0.00365625,9.55554e-05,0.000779372
0.0253551,0.0166781,0.0132948,0.0154821,0.00314141,0.00114325
0.0100889,0.00531266,0.00411293,0.0020062,0.00153924,-0.000589308
0.0152575,0.00931567,0.00750161,0.00338355,0.000755052,-0.00120471
0.00803628,0.00566782,0.00246709,0.00516529,0.00083037,0.000599439
0.0129272,0.00640927,0.00592712,0.00975,0.001743,0.00142087
0.0124761,0.00626974,0.00574107,0.0076841,0.00132717,0.000943223
0.0282255,0.0186472,0.00908623,0.010807,0.00182075,0.00169449
0.0113339,0.00608377,0.00617352,0.00265007,-0.00025548,0.00169807
0.0140967,0.00973651,0.00397167,0.00407736,-4.44269e-06,0.00203721
0.0208519,0.0144627,0.00688559,0.00586685,0.00213093,0.00063432
0.0254437,0.0100962,0.0122937,0.00870914,0.00245147,0.00235769
0.0228106,0.0109284,0.0110818,0.008162,0.00250299,0.00171059
0.0143635,0.00613333,0.00659247,0.0044228,0.00150194,0.00123356
0.0171166,0.00781453,0.00770197,0.00834267,0.00130335,0.000862953
0.0245996,0.0138416,0.00788949,0.00854593,0.00140884,0.000859119
0.00526602,0.0039908,0.0024249,0.0004376,0.000149973,0.000947429
0.00418672,0.00309282,0.00262029,-0.000133397,9.30519e-05,-0.00139022
0.016148,0.0110003,0.00989043,0.0206764,0.00594929,0.0141136
0.0123451,0.00787645,0.0131147,0.0105995,0.00241716,0.00244264
0.0077814,0.00525953,0.00345727,0.00458217,-0.000151339,9.07558e-05
0.007695,0.00418811,0.00351681,0.0038479,-0.00115456,0.00238768
0.00493054,0.00354287,0.00229409,-0.00403637,0.00031514,-0.000195549
0.00981621,0.00692637,0.00608178,0.00415658,0.00223737,0.000680087
0.00616708,0.00458068,0.00392217,0.00559818,0.000240919,0.000632258
0.0045978,0.00315798,0.00252523,0.00387743,-0.00127893,0.000906165
0.0134415,0.00960434,0.00435548,0.00920544,0.00174527,0.000719049
0.023537,0.0155339,0.00992122,0.0138647,0.00272626,0.00138825
0.0182471,0.0116834,0.0126163,0.0202021,0.00292467,0.00119948
0.0124505,0.00889183,0.007183,0.00989054,0.00188024,0.000371553
0.0101287,0.00655628,0.00541469,0.0140681,0.00102571,0.00138677
0.00626196,0.00387183,0.00637846,0.011289,0.0012903,0.000896872
0.00635232,0.00467052,0.0030648,0.00200545,0.000552228,9.96824e-05
0.00625145,0.00436792,0.00292736,0.00273942,0.000464693,0.00127897
0.00666111,0.00493036,0.00331153,-0.00135419,6.8671e-05,0.000849739
0.0145065,0.00769179,0.0069025,0.0111072,0.00670459,0.0117124
0.0166123,0.0092533,0.0103206,0.0142615,0.00408883,0.00459028
0.01468,0.0100072,0.00703478,0.0115286,0.000971085,0.00102323
0.0172194,0.011665,0.00512017,0.00282052,0.000166602,0.000534984
0.00931721,0.00354481,0.00475798,0.00507538,0.000957222,0.000568427
0.0198683,0.00808501,0.00892771,0.0121004,0.00161042,0.00119061
0.0151139,0.00979456,0.00567862,0.00299828,0.00104217,0.000763592
0.0265538,0.00981384,0.0147832,0.0175654,0.00226421,0.00226622
0.0306714,0.00978576,0.0168014,0.0194197,0.00350273,0.00221471
0.0169841,0.00935476,0.00998383,0.00913181,0.00136552,0.00163501
0.0138113,0.00938984,0.00652634,0.00409578,1.72012e-05,-0.000153329
0.00544328,0.00430656,0.00156424,-0.00188593,0.0002739,0.000203148
0.00993672,0.00704953,0.00634491,0.0138159,0.0012464,3.17121e-05
0.0095572,0.00645401,0.00848913,0.0027772,0.00114519,0.000882631
0.00766336,0.00537871,0.00562421,0.00794598,0.00118644,0.00278568
0.0208215,0.0119875,0.0110704,0.0128605,0.00179734,0.000673999
0.00648786,0.00451494,0.00445802,0.00394662,0.00105175,0.00292483
0.0127441,0.00879247,0.00601277,0.00394566,0.000637089,0.000728914
0.0140134,0.0100397,0.00417669,0.00673181,0.00135956,0.000868814
0.00881287,0.00631002,0.00539188,0.00238013,0.000663859,0.000248567
0.0109689,0.00562232,0.0042455,0.00323443,-0.000450226,-0.000775555
0.00701123,0.00515576,0.00334906,0.00161867,0.000704686,0.00243457
0.00915665,0.00651162,0.00517545,0.00893641,0.00200779,0.00194769
0.0166701,0.00691464,0.00721616,0.00751441,0.00075202,0.000676897
0.0307107,0.0158841,0.0133022,0.0171039,0.00148384,0.00200259
0.0274297,0.014806,0.0124479,0.0159099,0.00161716,0.00222657
0.0181551,0.0109339,0.00880777,0.0137394,0.00110214,0.00207104
0.00860074,0.00589343,0.00320137,0.00134462,-0.000343678,7.84711e-05
0.0102161,0.00692847,0.00342726,0.00247496,-2.05281e-05,-0.000290029
0.0105152,0.00756525,0.00368603,0.00255543,-0.000214764,-0.00092334
0.0168235,0.0119428,0.00772962,0.00784745,0.000968934,0.00124659
0.0054864,0.00400361,0.0047368,0.0206942,0.00675542,0.0218058
0.0138397,0.0101828,0.0119078,0.0130279,0.00191991,0.00234836
0.0171757,0.0120657,0.00690598,0.0063701,0.00317842,0.000238211
0.0197303,0.0120604,0.00689943,0.0109964,0.00279886,-0.000499731
0.0115674,0.00828136,0.0084801,0.00541244,0.00213817,0.00364481
0.0164251,0.00645316,0.00904885,0.0136708,0.00404562,0.00672944
0.0267191,0.0134026,0.0154577,0.0268775,0.0055491,0.00780162
0.0113301,0.00719362,0.00353891,0.0104575,2.76287e-05,0.00162826
0.00493116,0.00371876,0.0026978,0.00417559,0.000570902,0.00122591
0.0174444,0.0122907,0.00388656,0.0106655,0.0013694,0.000585358
0.00852127,0.00614416,0.0043257,0.0101853,0.00254917,0.0073752
0.0146821,0.00899292,0.00638773,0.0096346,0.00147212,0.00106179
0.0417651,0.0250738,0.0209736,0.0204599,0.00437964,0.00317272
0.0254946,0.0185639,0.0105523,0.0104076,0.00174224,9.58278e-05
0.00719969,0.00477683,0.00373442,0.000803344,-0.000465584,0.000311225
0.022305,0.0135341,0.0107156,0.00718419,0.00243549,0.000528333
0.0100206,0.00724134,0.00655233,0.0117992,0.00181819,0.000727682
0.0204347,0.0088067,0.00853163,0.0108223,0.00247083,0.000279696
0.0214334,0.00879587,0.00980148,0.0120017,0.00242666,0.000350023
0.0131557,0.0087067,0.00539927,0.00904262,-0.000269587,0.00129743
0.0119459,0.00692535,0.00527229,0.0105823,0.000719073,0.00160361
0.00598984,0.00347954,0.00295614,0.00674661,0.000601527,0.000839016
0.011084,0.00768321,0.00460946,0.00384527,0.00059591,0.00138948
0.00969091,0.00639973,0.0212761,0.0404065,0.0143523,0.0270584
0.0081547,0.00587826,0.00394829,0.00964759,0.00218824,0.000106692
0.00816233,0.00622126,0.00885116,0.00177694,0.000274729,-0.000411334
0.00585258,0.0039271,0.00394626,-0.00124076,0.000946404,-0.000546332
0.00602585,0.00426972,0.00372058,0.00358811,0.00210923,0.00314101
0.00463159,0.00306191,0.00167,0.00384536,-0.000505343,-2.86766e-05
0.0183564,0.0126774,0.00771139,0.010982,0.00187986,0.00278438
0.00893714,0.00427374,0.0042541,0.00388362,-0.000532084,0.000858929
0.00943193,0.0043551,0.00426825,0.0040931,-0.000227644,0.00148003
0.0083791,0.00600335,0.00458882,0.00642801,0.000899194,0.00124595
0.00957787,0.00427577,0.00495061,0.00214543,0.00133796,-0.000478626
0.00962558,0.00442629,0.00481203,0.00213571,0.0010937,-0.000283859
0.00929857,0.00657691,0.00467601,0.00380317,0.000502808,0.000588465
0.0159955,0.006724,0.00817739,0.00594497,0.000264761,0.000530592
0.0164666,0.00655309,0.00818621,0.0048638,0.000112904,-0.000139563
0.00422708,0.00296727,0.00274072,0.00280001,0.000238306,-0.000737317
0.0145328,0.00949334,0.00808664,0.00811888,0.00309772,0.00223967
0.0100129,0.005792,0.00465757,0.0107502,0.00292454,0.00701474
0.00886014,0.00594356,0.00684836,0.00096431,-0.000101946,5.98589e-05
0.00546204,0.00384501,0.00270354,-0.00123691,0.000106821,-0.000142886
0.0147655,0.00776765,0.0101631,0.00970079,0.00209563,0.0013782
0.0168972,0.0087113,0.0103748,0.010594,0.00265482,0.00126339
0.0156404,0.0105529,0.00364842,0.00458236,-0.00015247,-0.000486254
0.0191058,0.0132757,0.00698258,0.00454812,0.00161804,0.000478777
0.00948771,0.0070218,0.00330591,0.000596387,0.000704784,0.000146695
0.00551286,0.00388901,0.00362715,0.00208681,0.000800784,-0.00089874
0.00773624,0.00557621,0.00662151,0.0064011,0.000809107,-0.00129595
0.0154951,0.0107212,0.00911676,0.00633682,0.00192147,0.000561482
0.00446697,0.0033253,0.00290733,0.00270514,0.000359025,-0.00082056
0.0132859,0.00575416,0.00534402,0.0114891,0.00240983,0.000984097
0.00558806,0.00400611,0.00397738,0.0015313,-0.00017061,-0.000738207
0.00872742,0.0064966,0.00385769,0.00499887,0.000831572,0.000440083
0.0179674,0.0101278,0.00656063,0.00573109,0.000994765,0.000785218
0.0151077,0.0104398,0.00627513,0.00409704,-0.000368791,0.00210419
0.00632916,0.00382975,0.00294344,0.0015058,0.000385066,0.000901979
0.0158048,0.0108728,0.00637488,0.00497146,0.00231232,0.00162529
0.0126285,0.00893955,0.00439693,0.00729013,0.00107979,0.000405737
0.00860525,0.00604157,0.00312835,0.00467605,0.00107387,0.00137129
0.00986347,0.00695395,0.00915331,0.00766938,0.00288835,0.00183488
0.0134921,0.00679551,0.0053182,0.00486403,-0.000122965,-0.000263464
0.00442762,0.00313409,0.00288908,-0.00235904,0.000234121,-0.000543836
0.0102559,0.00585216,0.00600667,0.00206963,-5.65754e-05,-0.00157977
0.00722123,0.00476641,0.00380902,0.00103404,0.000361461,0.000278482
0.0203056,0.00870013,0.00626972,0.00670721,0.00255385,0.000848979
0.0201045,0.00874305,0.00632904,0.00764768,0.00209378,-6.19908e-05
0.00723247,0.00530022,0.00374949,0.00333449,-0.000699493,0.00199063
0.00594481,0.00428101,0.00296076,0.00407385,0.000105794,0.000235053
0.00549773,0.00402292,0.00247832,-0.00178907,0.000516034,0.00147626
0.0144746,0.00752409,0.00637283,0.0224426,0.0091931,0.021188
0.0060605,0.00452793,0.00603226,0.0076204,0.000880237,0.00128797
0.0235218,0.0101764,0.0153997,0.0157399,0.00243376,0.00115977
0.0268811,0.0126727,0.0145294,0.0145489,0.00126373,0.00131865
0.00634331,0.00452723,0.00191162,0.0013158,0.000212263,0.00216171
0.0174292,0.0121149,0.00837249,0.0114961,0.00224741,0.000607444
0.0107554,0.00475007,0.0055652,0.00445019,0.000688054,-1.1377e-05
0.0184534,0.00778806,0.0099518,0.00642084,-0.000120159,0.000151329
0.008412,0.00615161,0.00250348,0.00121076,0.000485697,0.000299483
0.019171,0.0115495,0.00683679,0.0113837,0.00278037,0.000426893
0.00802208,0.00330798,0.00503633,0.00616417,0.000517757,0.000942222
0.0160604,0.00909743,0.00820832,0.00822132,0.00226468,0.00286149
0.0249056,0.0121998,0.0121716,0.0226506,0.00712538,0.0191088
0.00777652,0.00583418,0.00288118,0.00473944,0.00173678,0.000207195
0.00903229,0.00629185,0.00352942,-0.00113013,0.000197922,0.000372924
0.00657259,0.00465063,0.00243017,-0.00149916,0.000232241,0.00042988
0.00695874,0.00521614,0.00556424,0.00813424,0.000267826,0.00100159
0.0100488,0.00708327,0.0040381,0.00727671,0.00184668,0.00479947
0.0340266,0.0224762,0.0262786,0.0496273,0.0157341,0.0257489
0.0209827,0.0142493,0.0134124,0.0071899,0.00186948,0.0028053
0.0145224,0.0100527,0.00625281,0.00405443,0.000796747,0.00234628
0.0229014,0.0112421,0.00883484,0.0087311,0.00217139,0.00158213
0.0223561,0.0111606,0.00871082,0.0095835,0.000990027,0.00207328
0.00403632,0.00317801,0.00255892,0.000552642,0.000569451,0.00103988
0.00682033,0.00476268,0.00227913,0.00287481,0.000609794,0.001783
0.0148676,0.0102753,0.00440378,0.00267616,0.000546557,9.16756e-05
0.0141581,0.00909545,0.00963668,0.0125258,0.00403807,0.00130353
0.0100889,0.00723496,0.00424527,0.00517763,0.00114473,0.00159852
0.0124985,0.00860649,0.00481672,0.0132613,0.00226823,0.0046466
0.00773132,0.00539981,0.00340389,-0.00188433,0.000406605,3.14617e-05
0.010938,0.00720824,0.00521327,0.0008704,0.000809197,0.000729341
0.0103081,0.00732207,0.00396903,0.0052185,0.000313112,0.000684189
0.00964693,0.0066288,0.00282129,-0.000455492,-0.000562648,0.00204812
0.00949889,0.006267,0.00424682,0.00306835,0.00121708,0.000202614
0.0054294,0.00382672,0.00269528,0.000122076,-0.000223161,0.000211627
0.0138007,0.00925465,0.00610846,0.00384936,0.000297056,-0.00112706
0.0145604,0.00943709,0.00653794,0.00881974,0.00262584,0.001335
0.00766012,0.00368537,0.00281736,0.00674136,0.00104613,-0.000364352
0.00592405,0.00432039,0.00203962,0.00182287,0.00073367,0.000858468
0.0100728,0.00667958,0.00503783,0.00787939,0.00062366,-0.000239984
0.00827927,0.00607163,0.00571096,-0.000335462,0.000640085,-0.000274417
0.010888,0.0066095,0.00519763,0.00519281,0.000778932,-1.0072e-05
0.0128392,0.00747966,0.00982313,0.0084994,0.00146741,0.000995265
0.0102984,0.00721794,0.00512925,0.00374319,0.000117329,0.00113418
0.0162864,0.00826807,0.00892471,0.00191626,0.00163446,-0.00027643
0.014869,0.00831816,0.0083378,0.00517597,0.000659754,0.00049116
0.0112925,0.00682839,0.00489974,0.00448506,0.00185415,0.000404761
