"FSC-A","FSC-H","SSC-A","GFP-A","PI_LSS-mKate-A","mCherry-A"
32.369587,21.139336,11.192523,34.820648,9.364452,16.927338
6.536671,4.328243,2.512663,12.430403,3.692008,5.294785
13.184525,9.270758,3.959623,14.877633,3.441968,2.707902
15.265486,10.391918,6.130815,17.895498,3.897216,7.525374
38.854721,23.031025,24.133564,36.416462,36.022079,2705.455322
26.633684,17.267797,28.896046,137.439178,40.540966,64.430046
5.498857,4.162811,1.938821,10.950448,3.728151,8.084072
20.891499,14.594845,5.757374,29.025518,6.399145,3.214979
15.245277,10.864977,5.143324,16.333838,2.946739,22.794302
60.447479,36.425926,42.511440,160.299667,38.047844,124.073982
14.207271,7.261422,4.852614,33.486912,7.353333,4.846893
27.619017,17.825300,23.309898,75.828125,18.529480,54.620186
12.259893,8.726099,4.474853,21.299898,5.480711,10.679579
25.659382,17.714094,8.479153,36.157692,6.594425,6.782709
6.752483,4.932944,2.229681,10.311673,2.351078,1.865547
8.725064,6.359221,3.067872,14.454526,2.955044,3.212249
11.431510,8.089014,3.240323,13.760093,2.098508,4.581228
17.350624,12.243423,10.459356,10.517656,13.892637,998.250732
6.361277,4.563950,2.767966,3.104275,0.380311,1.480480
34.617153,17.984016,12.195077,39.287823,9.428333,38.109753
35.457447,17.902687,13.006740,60.273048,13.070712,31.328033
6.997840,5.183949,2.635963,19.463320,3.978432,1.986729
58.401871,36.081917,18.267097,36.871738,7.427013,20.964972
7.299005,5.284810,4.570673,12.373507,2.021842,3.391997
35.813385,23.372454,13.246333,64.024269,15.010810,16.930616
10.237767,7.520752,5.763656,25.451559,6.009820,21.040207
23.769581,15.698917,10.644872,46.893158,10.396944,26.459827
4.612017,3.534979,2.351109,12.157729,3.413530,9.826360
7.011326,4.772084,2.901556,8.134952,2.133205,0.628708
11.895570,8.175076,3.583852,9.013490,1.744433,5.213924
86.607430,36.890053,32.776905,123.526428,31.079870,68.935928
11.970825,8.653775,3.848411,19.612793,4.432315,3.657132
4.427217,2.969347,1.304375,8.244838,1.548384,2.695927
29.307455,19.659149,15.776752,33.227348,6.047880,15.785804
26.610668,18.068420,13.064199,30.993620,9.121423,22.679056
19.301722,12.867826,6.319115,32.574841,8.205932,37.137272
6.573671,4.563481,2.761423,11.577190,2.755607,3.527249
19.655216,13.794730,5.711824,17.451483,3.600084,12.263795
7.222253,5.519556,2.910137,14.219238,3.174558,6.764646
29.347282,18.834923,18.815693,54.055614,12.917939,68.827553
23.628397,15.670769,19.674244,71.193604,19.701550,39.352539
29.750654,20.159603,9.573309,28.296026,7.019498,13.368065
7.547774,5.575555,2.156251,11.054775,3.381118,6.695785
11.152712,8.203213,3.050637,13.470233,2.575902,2.876795
6.010999,4.347024,1.038546,12.269590,1.773338,3.104388
23.239531,16.434492,10.742540,44.549175,11.364618,46.166386
9.945455,6.981271,4.329821,16.965689,4.761179,2.864183
13.527842,9.260922,4.699511,12.261987,2.021994,8.642300
32.082916,21.865721,15.024632,43.604416,8.883309,29.597286
8.818349,6.210690,2.903341,13.152514,2.685235,2.237105
9.955014,7.297535,5.195630,24.883799,4.892226,1.861275
24.857395,16.897619,19.697592,18.204727,3.338717,11.240502
9.136140,6.213661,2.859556,12.437028,2.068777,13.160204
17.043579,11.767532,20.843531,84.792297,19.829596,24.721478
46.497520,30.034033,13.331553,43.800793,9.999749,48.786335
15.259605,10.915627,5.488201,19.697979,3.073097,6.642778
13.168852,9.287577,4.697026,14.432507,3.206519,3.569644
9.668346,6.636491,3.698342,10.692226,2.183468,16.250704
9.801982,7.023465,3.443110,20.145536,4.589282,8.064932
12.975500,9.030190,4.693983,17.969194,4.795149,11.871719
4.176429,3.285997,1.676306,10.521440,1.544364,7.311451
21.015631,13.988029,10.337582,50.513569,11.620717,21.294880
44.731892,28.307062,14.839974,44.278439,10.315653,8.506538
9.771909,7.037271,2.078802,13.926607,3.943268,10.741369
31.663984,21.066101,7.085675,38.675735,10.168612,17.967360
35.951267,22.687019,34.990799,164.531265,37.470909,50.805012
11.077848,7.881887,2.924634,20.045839,4.264461,8.597088
45.842136,20.615183,18.075253,85.110809,19.593676,42.705509
13.339631,9.114972,4.503021,24.786339,5.526752,4.378327
14.675331,10.055876,6.024876,16.972460,4.718610,4.684419
10.346749,7.571827,3.803397,14.584959,3.428089,11.285723
13.066419,8.729123,26.620644,61.746902,13.784655,8.967828
18.093836,12.523011,4.472946,2.337984,2.526649,256.139404
10.321101,7.165448,3.949706,18.198498,3.730856,10.226309
10.882784,7.753846,6.920418,19.755163,5.287553,3.750199
10.240340,7.627642,3.559743,13.654884,3.671858,3.890508
6.920114,5.050401,3.927908,13.061601,3.495287,2.472911
4.942760,3.571543,1.790117,10.705057,2.661178,2.690814
91.119286,50.501961,61.705353,205.626160,55.724026,206.728302
29.622698,20.224522,12.870671,42.914417,9.975865,6.151498
20.039206,11.485633,14.715975,42.031498,12.568552,32.517746
20.119978,11.473358,16.107960,56.953690,14.875893,33.600548
10.499314,7.916800,3.696420,9.712214,2.961567,10.109690
11.374825,7.654816,4.814498,12.336719,3.533566,13.624012
15.194038,10.935143,3.513865,15.686784,5.595589,35.774673
17.528654,11.730018,5.709589,16.411850,4.653937,24.196068
12.322583,8.362149,5.499919,18.861572,3.782933,11.311010
7.634428,5.430856,1.577938,10.593091,2.554015,8.683698
16.070627,10.895895,8.338354,32.927567,8.930914,9.593036
9.891336,6.767107,3.962152,3.346118,0.193136,2.284342
15.529228,10.791028,12.309672,62.356842,14.963835,8.951887
10.997539,7.629718,4.256857,14.519388,2.917633,5.830956
23.353167,15.919240,12.706656,14.980305,28.463886,2092.093506
6.693910,4.577539,2.935066,13.459529,11.381014,19.069326
20.584887,13.992103,6.384775,1.197135,6.185007,420.976990
38.719742,16.148014,80.023369,255.873566,64.128281,182.497253
8.405517,5.973544,4.329278,10.696424,3.172909,8.311747
41.595547,27.502073,16.278078,59.539913,13.538563,16.080833
22.492039,15.115084,6.164032,25.803547,6.406995,9.758497
12.369609,8.962593,1.787486,12.380940,3.819917,9.663462
42.416439,28.869690,15.280811,11.409093,18.499660,1524.003540
51.917076,31.648510,21.921070,79.579933,22.688395,50.588585
20.678127,14.473935,11.849401,28.184271,7.948916,10.810080
13.238068,9.035986,6.141359,16.495884,3.836731,4.189496
16.758137,6.289922,5.864409,9.085414,4.165186,16.881004
22.201784,13.288125,8.538967,41.102592,11.199304,13.425436
4.951840,3.818860,1.828514,13.063994,4.205416,2.042075
13.096179,9.134170,4.615380,15.977656,4.931718,4.269292
19.493023,13.482327,12.038631,25.324310,5.416429,11.516946
8.097816,5.824336,3.773039,12.434173,3.457868,3.674613
36.939812,24.958614,8.982662,35.756950,8.906237,18.619774
7.051925,4.992837,2.723145,8.237855,2.168629,9.215370
19.145931,12.859130,12.714853,34.187359,8.115799,16.650255
40.875652,23.414066,19.553532,32.988361,20.809748,1097.271973
9.677941,7.162224,2.952350,11.403776,3.585363,4.371129
18.642046,13.151903,5.795857,25.025349,5.497427,7.105385
10.740446,7.529643,3.683412,13.733079,3.025369,2.868696
52.599922,33.009766,41.276672,118.273048,29.391047,100.603065
27.530392,18.674013,11.759709,53.264698,13.214045,12.085099
30.500923,20.970325,10.154785,36.672371,8.503159,24.255934
3.924527,3.137574,2.022877,11.235937,2.941202,4.339083
23.130756,15.902146,8.114951,31.526726,7.350623,22.145361
12.160571,9.026816,3.757058,11.595368,3.182048,8.797767
7.368961,5.367910,2.605950,6.129955,2.051271,2.702398
27.962698,18.975851,11.735494,16.035126,11.307080,712.116760
11.408518,8.180790,3.462625,17.458651,4.574195,5.642189
16.122154,10.866612,5.758409,16.689930,3.801548,6.755052
6.311203,4.065043,2.752561,13.880799,3.006065,10.017865
18.157143,12.695511,5.560975,11.777001,3.053262,2.628403
51.009735,31.457792,17.665482,45.671600,10.993235,22.192671
9.013486,6.134519,7.591793,8.825272,13.006904,1186.917114
39.084808,25.215273,16.346581,58.363663,14.539170,49.954166
37.970005,24.082382,14.093200,57.904480,14.782138,31.709238
14.562633,10.279129,13.445689,41.918560,10.947677,11.154359
33.568153,20.846823,21.722046,72.316536,16.734037,45.531395
19.510752,13.937077,4.160989,11.741743,2.454609,4.568141
9.732945,6.825201,8.009074,26.650146,8.937477,18.984676
22.145100,14.737417,23.962263,60.831306,14.265963,90.343399
8.289995,5.939168,3.302807,11.630487,3.003409,3.455671
17.995636,11.475952,16.628355,41.952908,11.972320,10.081180
45.144928,26.079227,46.792145,162.449951,38.838627,118.063690
13.933654,9.104850,5.621156,16.194508,3.981725,12.183463
27.144531,17.641716,10.952045,37.602894,9.572522,12.084663
18.001762,12.347380,5.391436,13.247238,3.705849,12.538031
19.987667,13.524367,8.817039,43.288898,11.350221,33.265213
34.525963,22.740133,18.166706,106.457886,25.895767,22.159666
8.217577,5.628552,10.730215,66.903572,15.018522,9.379425
27.015299,18.272520,7.629596,27.361628,6.074453,23.541443
26.309044,17.820982,8.233336,19.740028,4.823689,13.288482
22.633978,15.561757,7.264711,27.861246,7.526295,11.083878
74.920059,33.270061,128.370667,411.617615,96.929016,270.597473
14.612797,10.448057,7.555655,20.971893,5.339370,9.138331
11.580741,7.916444,3.997848,17.238022,3.690080,3.147292
16.791067,11.477886,11.501348,27.605619,13.637033,540.437012
21.149906,14.131251,5.831141,18.258368,4.387187,10.037761
26.669142,18.432497,8.612550,3.782319,12.922801,1056.203735
4.771194,3.435119,1.782673,9.700795,2.501590,4.538227
15.786715,11.034178,7.393281,22.073732,6.176724,22.335480
17.929636,11.994930,4.856387,21.628824,4.086971,5.863050
16.990385,11.345681,6.841369,19.101519,4.056977,16.013063
34.225071,21.772038,16.486074,44.012344,11.963610,20.249939
14.477412,8.229498,6.296977,29.246407,5.867995,11.451232
28.428997,19.094336,7.475198,42.093239,10.978456,12.643930
8.944415,6.129764,2.990767,12.316094,2.439091,7.749996
23.823298,16.304443,12.316876,11.357526,13.417279,1041.935547
15.483992,10.688975,7.256242,38.898781,10.596889,30.246956
27.906164,18.586302,10.109731,36.689381,9.637863,28.932011
7.834153,5.487829,8.722159,26.744349,6.799185,14.282503
6.076902,4.041617,2.943841,5.087404,1.943799,16.613327
17.787498,12.573446,6.062855,4.944105,1.317585,23.136673
8.051222,5.523715,3.180856,10.018187,3.281962,3.378403
24.822561,17.154028,9.624840,26.389475,7.152193,4.707235
27.894779,18.093580,27.630949,70.773277,16.194803,32.011646
19.848213,13.495375,10.569893,35.400661,8.424282,75.734581
13.712032,9.790586,6.623631,37.160595,10.581175,35.602306
70.664528,41.329430,29.151327,64.767204,16.364342,38.400475
10.498298,7.727052,2.712554,12.786271,3.215452,9.894677
44.003506,26.490620,25.672855,94.469910,21.884756,53.198902
25.352240,17.521482,6.415167,4.463804,4.742730,358.083649
9.815946,7.039744,2.591516,20.342150,4.871874,12.590112
6.087489,4.194657,2.983590,12.538112,3.869795,4.650095
8.043945,5.831512,3.634953,16.312346,3.845498,5.081286
4.847394,3.339580,1.382550,11.442827,2.436906,3.777193
15.394697,10.821211,6.921899,14.008368,2.959817,3.247081
25.610973,17.048210,6.489779,11.298512,8.790885,544.404358
18.068335,12.004240,6.118334,35.084545,7.399178,3.318880
15.570758,11.312788,4.226460,11.937064,4.002522,6.788489
8.775850,6.028582,3.266874,2.567423,2.083367,90.469337
11.097445,8.321009,5.789623,21.041744,5.970558,12.842582
4.484425,3.549288,1.951950,4.853132,1.108249,2.919225
37.891972,24.676468,34.159164,88.010078,20.745224,64.287537
15.495930,10.280309,5.815207,22.842154,5.632670,4.499783
34.730251,18.450653,10.912266,45.812946,10.168066,16.735003
38.342991,24.002787,14.637598,46.147297,13.136004,19.002415
22.202755,15.251960,6.912293,21.926193,6.353364,5.768078
16.973562,11.917367,4.877738,17.432348,4.754138,14.194966
10.320287,7.027220,3.492847,9.588315,2.104449,3.190635
45.414654,25.837700,53.744022,147.376831,36.277367,114.628815
30.937580,21.104996,27.677094,64.417374,13.614206,18.556723
16.348597,11.115672,7.120333,13.516776,7.724788,454.990631
7.857043,5.889986,5.161325,14.756246,2.919473,5.821702
11.649576,8.114205,4.951005,22.140446,4.556460,6.199465
12.699783,9.102564,5.033561,29.800030,7.169887,17.213011
18.230377,12.957947,10.991001,34.644382,9.704219,20.061954
16.781582,11.513746,7.281607,35.033390,9.568867,10.634804
10.618287,7.893084,8.058368,21.213179,5.832335,5.749125
56.927586,28.952335,65.269318,177.673599,44.355545,307.876465
47.939735,28.656651,21.552315,74.358932,19.484444,23.734856
15.610350,10.628996,6.128376,12.186035,3.529491,3.772576
9.489081,6.454450,2.992658,10.151011,3.232223,5.746336
20.768232,14.151091,7.006918,16.302067,4.839005,19.066006
33.393024,21.267792,13.154245,29.624870,7.473794,13.726555
24.910049,16.902254,26.023075,56.204624,14.129126,40.619328
24.678001,17.572420,7.921580,36.010345,9.227608,16.310402
6.558934,4.529713,8.732481,22.196144,6.376192,2.649802
10.474685,7.888869,4.195902,16.644321,2.952344,9.222474
23.581993,16.245026,7.511882,30.752695,7.870156,4.745705
15.158220,9.996914,10.435279,32.743145,8.205615,6.328336
14.373521,10.075708,5.252516,13.570455,3.762717,6.467979
8.357038,5.986513,2.437702,9.438207,2.427833,6.601127
32.992954,21.658239,8.602351,39.380390,10.073984,17.856161
9.140548,6.418037,2.841102,7.982057,2.324546,3.164674
6.590338,5.216136,3.722586,10.020783,2.148463,14.534636
45.106419,28.151304,11.939127,24.953503,20.801886,1488.975708
50.457184,30.765169,22.155931,75.905022,19.056087,55.119770
11.446113,7.895428,3.488738,7.574794,2.062502,6.484034
30.521807,20.629026,11.625433,9.878402,11.134210,869.977539
12.113077,8.251855,6.403016,17.451427,4.484438,3.515663
7.393726,5.453338,2.686932,12.332350,2.907120,4.051466
15.998813,11.898289,3.027938,21.004189,5.379660,22.093374
20.795189,14.869103,10.902215,29.097250,6.297718,8.054415
12.611245,9.089072,5.750225,17.733034,3.278000,10.276385
13.072428,8.304179,4.417847,20.401361,4.107156,9.023170
10.512318,4.664070,4.273230,21.836407,3.968911,5.275645
9.941437,6.596457,3.605037,16.129719,2.909298,4.035826
14.997705,10.281490,4.625646,19.884918,4.024521,6.188541
4.102764,3.242682,2.278151,4.345776,2.420692,3.106312
7.872122,5.452674,3.936973,10.103943,3.016175,9.066215
20.077194,13.508265,7.414435,22.814156,5.038131,13.693075
24.013826,16.252031,16.121466,32.903973,6.551367,45.139641
15.213957,10.531872,7.077375,27.160227,6.180258,11.003994
14.822374,10.570477,8.331521,27.677389,6.618477,27.307499
15.302279,10.846370,7.008552,19.381857,4.177987,4.910276
7.853232,5.843273,3.295587,9.420914,2.466660,10.944403
34.468670,19.652630,26.439920,89.892380,23.888430,68.961304
17.156729,12.051827,10.833803,25.680136,7.541903,15.969290
21.593801,13.999686,12.529398,55.660995,12.723473,25.934185
16.727654,11.703321,6.495467,30.112841,7.830722,21.006569
28.865639,19.162569,9.066701,34.116478,8.914783,20.346481
4.372202,3.207432,2.846159,9.596733,2.228136,7.281071
16.325006,11.018905,9.291744,30.292368,6.872118,7.158580
9.080138,6.839571,2.681918,18.587055,4.307598,6.049333
16.879009,11.882773,5.903319,21.478491,5.004352,7.526153
19.032907,13.231318,8.622066,37.985134,9.796979,19.447721
23.387403,16.205236,7.268822,20.265045,5.494847,11.678582
10.938812,7.579276,5.196484,19.132973,4.175418,7.828674
7.916763,5.733398,3.310357,15.329144,3.874975,3.574846
15.017969,10.342583,9.888854,34.692108,6.689875,23.309492
6.706854,4.622979,2.287496,9.680584,2.564426,1.804391
16.441067,11.757257,11.736792,32.153706,6.698757,15.564994
5.701295,4.242429,2.501838,12.787597,2.077239,3.395570
9.959496,7.433292,2.709162,10.416297,3.111419,4.801989
32.784584,22.418770,9.046951,9.051083,13.933839,998.152893
12.881246,9.239965,5.097518,3.145735,0.854732,7.449143
5.590447,4.079785,2.436733,9.764712,2.152714,3.480403
34.906761,22.601465,31.604118,75.307312,18.378698,39.695747
12.805800,9.097997,8.007193,27.109581,6.670207,2.574261
34.526890,23.508324,14.924503,38.072117,8.769826,16.832952
11.050531,7.477433,11.948679,27.685085,6.328691,15.903358
4.750678,3.366088,2.088521,1.866404,0.698374,6.319411
74.111298,33.964218,38.065544,126.572655,32.819569,91.835793
15.252128,10.065907,4.674119,17.004936,3.689095,6.492652
29.064926,19.311308,10.384377,51.779240,10.468301,8.987129
43.529339,28.016668,39.717865,31.990330,42.557365,3202.113525
27.347685,18.063253,16.344921,65.922562,13.540561,36.602516
8.837323,6.106199,2.957753,10.816668,1.689353,4.364892
8.900545,6.223927,5.073757,11.078845,2.668821,5.519403
27.478323,11.933494,12.869352,44.714092,10.933889,28.170534
14.111685,9.908038,3.748164,12.252139,2.632612,9.955284
29.060970,19.551485,12.219901,42.453049,10.102690,26.399670
12.466418,8.633485,4.197124,19.551174,3.374020,11.032255
24.510384,16.727663,20.608393,50.820431,11.290680,13.257089
15.380025,10.540131,5.905437,28.152021,6.851512,3.839958
40.426922,24.675325,18.179522,15.723815,37.785667,3261.067139
18.717388,11.864373,31.168737,156.829239,39.974941,142.831482
13.336680,9.295114,4.458267,11.109084,3.303859,5.748542
6.530487,4.325885,3.051610,12.819669,1.893868,3.770962
9.593693,7.011049,2.737245,13.044091,3.026816,3.644871
42.259552,28.178314,23.393335,74.498108,18.395639,54.442307
5.916018,3.945652,3.162699,3.475780,0.597081,15.456365
21.189680,14.430269,6.033608,21.656094,4.340611,10.161541
14.549418,8.026872,5.835340,19.585678,5.188200,9.603673
15.044112,7.868851,6.312397,20.909384,6.328038,9.542626
9.039904,6.928053,8.330937,15.528508,3.383120,5.294434
9.887883,6.729791,3.751270,9.160282,2.119006,4.247746
17.007683,11.731226,5.188021,21.031900,4.970685,1.983985
7.627579,5.301084,3.382079,11.713614,2.116895,3.395950
65.117073,38.227444,25.293024,70.265236,17.115160,53.237373
20.308931,14.459267,6.422978,14.447701,3.821744,5.719610
4.891726,3.651188,2.490429,1.291819,1.724043,146.619385
45.005871,26.749676,44.586670,121.070595,31.312201,99.619324
9.008904,5.728877,3.669729,1.518633,0.786562,7.056475
7.999059,4.668822,5.945073,25.081841,6.851982,21.290384
45.638710,27.561138,24.666319,61.846603,13.905788,51.733696
28.564466,17.787903,35.203217,117.929276,28.491825,112.032242
30.857533,21.269808,8.191465,40.209995,8.873126,7.296896
24.969580,17.360781,21.232910,69.737244,15.267896,34.735847
22.066383,15.540585,7.136607,39.860054,11.278016,5.695578
8.567086,5.927116,3.356660,6.783674,2.295678,5.470685
17.372337,11.894242,5.684678,15.769223,2.670113,8.487636
66.106453,35.822960,26.264389,99.971367,23.473515,77.255821
31.049894,19.771610,22.318808,105.737518,25.577835,64.137268
17.115192,11.398457,5.356672,18.086130,3.690269,5.989086
8.151768,5.792012,2.519435,12.250943,2.206567,2.326653
23.301298,16.014978,6.532987,37.379128,9.172476,10.304608
4.685310,3.502375,2.289518,4.831526,0.978779,1.492060
53.715366,32.800972,21.580639,59.530022,15.564998,49.723862
46.631474,29.682892,20.960556,61.311371,12.899089,14.215148
20.336943,13.658159,4.232734,19.239672,5.523670,27.576588
17.715508,12.485501,5.933968,18.060190,2.955618,4.466175
21.643400,14.674138,6.571673,18.596413,4.563264,9.489351
38.264267,25.204802,9.701099,27.729258,7.684002,13.338260
20.874346,14.301391,7.435035,18.691200,4.076462,18.777430
41.994938,27.312025,70.906532,123.275284,145.849579,4411.686035
15.408276,11.044721,5.241921,21.421099,6.363581,6.107181
50.408546,24.270882,34.880219,91.021408,19.443636,35.577991
27.567684,17.659996,8.733698,31.173956,8.836309,26.632187
5.803109,4.047179,2.624180,14.952646,3.039926,8.800241
6.986123,4.883330,3.107727,13.416380,3.523195,14.930457
9.421516,6.724299,2.209739,12.955051,3.402146,2.232764
10.908768,7.860665,4.715350,15.431617,3.065464,4.445089
23.309612,15.996507,9.558019,28.651173,7.712464,22.230021
33.430958,21.562555,10.119688,31.744726,9.069699,11.389026
33.998211,18.745058,10.257313,38.379589,8.698327,6.168535
39.828663,26.177784,12.877178,24.647476,6.753450,8.256424
25.518162,17.594196,6.384900,24.001274,5.058424,20.497480
4.289447,3.055463,1.793107,7.548214,1.801681,-0.737897
17.806503,12.516505,5.051748,18.163534,3.598402,19.929253
60.637402,33.154568,66.828247,235.393066,59.084583,209.174301
11.293952,8.158681,3.811550,10.693819,2.446778,13.074325
17.619492,12.239626,5.689800,38.337177,9.117517,4.808339
5.218832,4.058785,1.994815,8.443476,2.634505,2.256721
7.096125,4.881665,2.940816,11.956646,3.035756,4.470882
7.609714,5.176753,2.112526,13.422839,3.009228,9.595438
12.369706,8.361070,4.621234,23.871725,4.472329,9.085549
17.537415,12.536815,3.693313,20.443506,4.740083,3.207993
38.790043,25.730860,47.527473,168.470749,42.085499,303.128876
41.692017,28.472914,20.423716,35.850697,8.722066,39.710346
9.070251,6.432503,4.660388,14.740941,3.658944,2.724098
6.881958,4.916488,1.623472,6.530899,2.337009,3.452937
8.098236,5.811832,3.463073,11.710359,2.705018,8.287936
9.098330,6.147090,2.070541,12.368199,3.499428,6.492468
60.066517,37.295979,63.660629,198.008514,45.221203,148.263916
25.125027,16.873274,7.260444,24.575291,6.652262,43.074154
23.045166,15.967576,9.179111,27.233210,7.912833,14.226318
8.144112,5.620259,3.386914,12.389817,4.067651,3.535931
13.550919,9.621120,3.759217,12.604515,2.714141,6.525428
11.881302,8.306376,3.608537,14.220518,3.306247,5.973258
33.732563,22.121027,12.405949,66.625343,15.126360,21.345675
20.187481,13.769079,13.045779,40.780056,10.974195,30.293756
7.304812,5.267318,3.369039,10.468865,3.069551,1.700776
9.960355,7.018066,4.084056,11.739937,2.911398,2.887653
24.140856,16.289446,6.366535,27.651682,5.186019,16.643141
5.192736,3.309508,2.762691,7.959236,2.274405,5.510749
17.658710,11.996884,12.488495,29.537138,8.361444,32.717812
5.787459,4.422673,2.463924,13.083318,2.063341,2.173101
16.849508,11.496189,4.320244,23.363573,6.442869,4.616127
9.144805,6.161410,3.768003,13.240317,4.751507,23.745584
10.775617,7.846791,5.217498,16.772011,4.700574,10.271965
5.230290,3.424843,2.503622,9.658873,2.955983,2.119230
8.228653,5.597852,2.992652,9.778961,3.288632,5.899023
5.833227,4.012626,3.354422,17.100342,4.999805,5.660666
5.261465,3.786893,2.647652,8.152120,1.811406,7.309547
31.606287,20.090643,16.823566,65.544014,14.419673,24.963915
9.135232,6.140151,3.797951,19.773647,5.536208,11.265758
6.953737,4.877994,2.928901,9.904048,1.285386,1.783105
13.700980,9.558317,7.979372,35.669388,9.431741,14.311577
19.364914,13.445359,6.679322,23.999096,5.990352,5.501981
6.835209,4.674291,2.378235,11.991009,1.726869,2.332067
18.640984,13.525772,10.844707,31.535805,8.074994,17.564661
14.295867,10.241077,3.887928,15.602946,3.832257,3.270571
14.160958,9.685679,6.212033,24.358789,6.702813,6.295924
27.690620,19.352673,10.431800,22.715153,4.859786,3.118764
14.494161,10.214236,9.078728,21.811663,5.212166,12.516253
5.484247,3.841730,2.701311,7.980679,2.401985,9.683729
29.617611,19.465197,10.952815,34.454834,8.623476,9.601450
9.186262,6.527809,3.268747,12.773295,2.935256,9.262390
24.645067,16.553389,8.552578,4.341211,11.300271,993.849915
11.972734,8.387681,4.869233,4.203884,16.209612,892.981689
32.971035,21.204533,9.335731,41.903831,10.128738,27.714560
12.744414,8.833949,3.426326,12.298697,3.421430,3.094730
16.703020,11.660847,5.432819,21.178478,6.135483,11.323160
12.503335,8.441746,5.902594,39.983543,10.053439,27.988041
14.904147,10.287925,5.301301,7.007175,15.399742,1190.576050
17.476885,11.823828,8.493336,38.686913,9.368315,28.544113
16.631943,11.749177,3.575339,37.374050,10.525701,4.712970
19.847143,13.909534,16.354685,51.638634,14.420464,52.931553
14.735217,9.838279,14.249763,74.979454,17.002844,30.894407
10.399040,7.488431,4.437375,22.961151,4.403020,10.210192
12.207533,8.215180,5.600882,16.941750,3.795001,2.834599
15.878646,11.125835,4.230840,32.667320,8.068547,4.666321
22.480425,15.467395,5.955389,21.577103,5.478974,7.316301
4.995471,3.757698,2.354481,8.031893,2.173700,-0.268036
15.373182,10.523336,5.349942,25.804842,7.717158,28.467781
4.586051,3.235921,2.285271,-0.640343,0.184581,10.074808
9.091321,6.636890,3.056283,8.475364,2.849387,4.771569
39.045910,26.156549,39.708546,156.226196,36.880226,166.989014
22.599958,15.780611,8.957111,29.910671,6.833863,8.465586
32.236435,21.520342,14.572818,55.749435,13.070015,25.783157
11.143910,7.786778,3.369111,15.230997,3.330839,4.965904
15.279251,11.059575,3.610020,20.539644,5.524333,16.268274
17.779589,7.374313,6.612356,27.181280,5.725462,7.897597
17.370726,7.385802,6.946643,32.787952,6.312292,8.169109
22.505556,15.492052,11.657478,57.347759,15.321368,19.424599
26.082554,18.130730,6.364785,42.620296,9.456080,5.114279
74.891769,35.870682,87.108276,262.272522,64.021835,166.939941
22.049503,15.555978,7.697928,29.341936,7.227763,21.652910
12.442648,8.795189,7.196280,19.742712,4.695506,14.513776
26.566637,18.271923,9.188542,21.419241,4.328428,10.790124
62.964149,30.847904,121.068649,318.708862,75.147545,164.141022
26.347385,17.074331,12.922935,67.093117,14.563100,7.316396
15.471216,10.860888,6.351319,25.656345,5.638425,10.978477
5.859953,4.261599,8.013553,24.708302,5.292169,7.349977
17.875061,12.817370,6.329585,26.905354,6.847647,9.338326
21.683283,14.707818,8.570002,34.225277,7.515572,15.717456
25.771713,11.157908,7.632839,18.179518,5.412048,14.062362
21.652449,12.604161,6.746683,28.988377,6.671217,7.848332
13.507665,9.399950,2.676803,38.069599,10.195713,30.613905
36.863110,24.165977,14.651751,42.034592,9.951809,30.001635
20.899227,14.149686,6.773760,14.963220,3.999786,5.645860
9.630749,7.157534,7.568304,21.874792,6.452209,3.427012
17.560305,12.402014,6.462123,17.376947,4.536574,12.122134
17.143387,11.713762,7.796641,13.649956,9.824951,787.669495
8.174903,5.869303,3.170833,10.604053,2.809918,5.380276
26.826067,18.615471,11.138909,28.769110,5.881972,15.764598
20.470423,13.462725,10.246945,36.257046,9.821639,36.295818
6.556896,3.107485,3.891375,14.733209,3.965593,3.574891
16.304529,11.013764,4.738238,28.023951,6.502188,17.009686
24.440615,16.446674,13.594219,31.886726,7.286428,18.375320
56.961151,33.771790,37.875351,128.946899,27.579859,140.645081
24.731192,16.965855,5.988837,24.135815,6.327122,6.174306
29.625183,18.326670,19.860426,67.122017,15.142112,40.457470
6.654266,4.664014,2.938990,9.905443,3.342128,3.840860
9.207514,5.703176,2.905409,14.337298,3.289548,6.578044
38.301090,25.077007,12.302428,27.929817,6.519284,11.525546
26.044641,16.758223,16.410181,60.170547,12.510373,21.375822
12.444272,8.629209,6.458279,17.475975,4.427330,7.412295
23.957739,11.747729,11.425835,64.049431,17.518517,74.976463
24.278711,11.644404,12.234392,73.476242,18.798515,71.304344
27.524500,18.958138,9.677910,7.521885,5.535960,326.475311
22.776281,15.837093,7.550337,27.239452,6.490064,7.495169
39.773590,26.305611,12.631515,53.624966,13.589999,8.828561
4.691930,3.164098,5.099415,13.833344,3.127455,4.208337
20.319370,14.204601,5.438905,26.110830,6.556413,7.681804
40.503345,26.531689,17.494177,61.632904,16.303003,55.292084
42.346264,25.532633,29.578447,66.540131,16.519001,94.331314
8.317507,5.742072,6.693789,5.581171,8.325371,734.851074
8.067245,5.481052,4.204057,12.104053,2.860273,9.692906
15.500156,10.905167,6.829823,43.791618,11.449681,12.561580
31.971294,20.596874,19.073339,83.707405,21.847694,60.414421
8.087429,5.574719,2.676583,10.616179,1.633407,2.526672
7.401062,5.348339,4.318338,17.151196,4.841501,4.859063
13.070209,8.950803,3.564118,3.366650,2.457328,322.256500
9.084254,6.229856,2.665511,11.448114,2.587721,2.335415
12.241073,8.297988,3.359893,17.096588,5.936452,13.454884
7.313719,5.247329,3.428623,9.144688,1.507272,6.010687
29.495165,19.139404,13.032332,39.793552,10.139612,14.152513
17.031017,11.267699,5.870150,22.850826,4.402055,24.458939
6.626192,4.364181,2.578661,17.226547,5.233891,2.897518
13.320355,9.044162,3.995100,13.140185,3.631013,2.662531
5.432417,4.400032,2.310726,9.681816,1.358023,3.163018
18.486101,12.692320,13.672892,55.258701,13.969495,15.311124
21.983706,14.525456,8.933965,34.567421,8.331767,21.565987
14.603607,10.185085,4.921703,25.971376,6.116615,9.512582
30.928879,21.276680,14.866388,26.934126,4.955537,15.276307
10.387162,7.405092,3.221293,7.809565,2.314295,2.539112
12.448852,8.646189,4.454582,11.136332,3.299621,9.509252
48.306034,31.262836,16.253166,43.159428,9.714614,60.354862
17.403259,11.881371,4.724113,28.468699,7.041390,6.246137
6.845491,5.205542,1.489561,12.745714,2.765307,6.159590
11.471294,8.060541,6.383979,23.914883,5.192773,14.395611
32.826660,21.654228,23.289270,83.084709,25.565426,153.021210
20.524725,9.047038,7.353137,26.580265,8.120300,10.226543
19.262533,9.047674,7.240037,29.528969,7.943765,7.834802
12.303562,8.754244,11.207441,26.413507,7.136541,12.167831
39.475468,25.291697,33.080101,102.943649,23.562681,95.421860
6.088905,4.123345,2.596788,26.997843,6.756601,12.516586
8.909197,6.510230,3.039491,9.863636,2.908228,2.902672
12.869083,8.832845,4.487823,19.888664,4.020265,2.198068
14.755941,9.923368,5.052880,11.722960,2.544607,10.560155
12.696885,8.812926,6.435305,17.183159,4.280864,16.897070
23.995302,16.403471,9.356046,37.752266,7.797140,15.770394
21.969397,14.916680,10.600455,29.475681,8.188002,30.458389
48.655621,30.548634,14.952115,50.257332,12.031215,12.749294
27.256401,18.902828,11.892770,24.569426,5.576200,24.282200
20.307970,14.364625,7.013259,14.033801,3.646648,9.013502
10.147164,7.178594,2.810630,7.900465,1.992007,1.983234
13.646761,9.362594,3.881182,12.770407,2.448067,7.317667
8.306660,5.904063,1.819247,8.956083,2.635215,3.725533
35.669441,23.775810,12.003254,34.319302,8.259166,12.388506
7.928052,5.585038,3.128794,12.518270,3.728379,12.047960
24.097675,15.263200,17.185888,78.054871,19.159128,22.306852
19.934288,13.928786,6.627950,25.432913,5.068863,8.990881
15.565641,10.780314,11.418321,12.427007,24.246555,1823.226807
43.861549,29.018309,13.357221,34.480289,8.824942,39.709457
22.002068,15.113722,10.661418,51.623123,13.612994,42.226238
18.809063,13.188179,5.863873,26.998930,7.327805,7.881807
8.183403,6.153773,3.441150,6.270751,1.851577,4.689362
6.810755,4.662355,2.738515,9.401326,2.234306,8.192186
11.835726,8.326880,6.751157,14.991546,3.898586,15.570803
6.072948,4.463012,2.780850,11.749877,2.264176,4.955498
14.931924,10.118067,4.360347,15.578118,3.192445,6.803619
24.857758,16.545658,7.409926,23.274252,5.510523,12.128812
14.453156,10.418588,4.683846,10.248766,2.281228,6.883571
54.642265,32.045368,28.086300,90.722694,20.438538,14.066884
4.611719,3.325863,5.257274,11.774566,3.106740,4.927140
36.632450,14.474938,17.740856,47.505592,13.765847,19.886808
36.125057,14.503281,17.709667,50.692863,13.473208,18.342754
5.682213,4.172162,2.732488,7.067976,1.750695,3.604222
16.235205,11.066953,12.024278,42.029667,9.723094,66.677765
24.162392,17.456142,7.010143,27.619692,7.575658,9.593270
11.666272,8.527408,4.182926,15.447582,2.397748,5.207464
7.766007,5.495164,3.574608,9.509901,1.823843,7.493364
14.097697,9.871088,13.829081,6.417557,11.561128,965.906921
11.619583,8.092879,5.017467,21.777460,3.860594,4.895610
4.704094,3.291346,1.980362,4.785490,1.110983,4.267171
11.972081,8.362642,4.613952,24.358852,5.019396,7.767608
21.636307,14.931428,9.325339,31.466812,7.953841,7.211921
25.448528,11.831565,13.866518,55.082191,12.299816,54.862617
18.272129,12.341389,8.207678,10.277168,18.762470,1288.704956
7.660002,5.788272,3.113606,13.084326,3.079902,2.577027
21.823481,14.967744,9.051285,32.048840,6.785756,10.502228
6.521664,4.739632,4.929995,7.925786,3.395362,6.744056
16.184566,11.661171,7.860229,23.029650,6.519381,44.466076
6.400442,4.556647,1.620569,9.060366,1.977091,1.643602
17.552305,12.773655,4.633373,15.593702,3.556560,6.119797
23.551992,15.700502,18.556051,62.052326,15.851753,32.810005
26.549757,16.973976,24.015221,100.699478,22.192648,66.583344
12.680906,9.458643,4.232883,19.239784,3.962198,12.031176
12.203156,7.853015,4.068552,20.080519,4.717129,5.408130
18.746742,12.802401,7.087953,24.884918,6.216580,15.143982
18.274343,12.696810,9.251618,31.759563,8.129580,28.695028
25.900522,18.136600,7.517769,7.314071,7.819624,610.357788
16.440489,11.516130,3.950262,25.604811,7.076876,9.664491
6.927409,4.835038,3.077565,12.022002,3.180565,5.882232
6.862111,4.857862,4.577518,18.383289,3.926850,17.949980
30.841518,20.708073,8.595331,20.878870,6.046592,9.557071
14.285790,10.140659,4.624238,15.489985,3.028033,3.115611
11.502526,8.377914,6.723237,23.048159,4.937645,6.558647
4.363777,3.153829,3.794558,17.505522,3.971656,12.380439
29.127043,14.278959,10.862196,38.725689,9.011982,23.373182
29.318811,14.354324,11.508873,42.552849,10.054372,22.475758
7.690857,3.232934,3.597357,15.949183,2.908184,5.228545
8.706253,5.698361,2.698177,11.611606,2.313304,2.347210
9.695976,6.967803,3.916197,16.389023,4.205171,5.148858
21.870893,15.068611,14.509520,56.701366,14.092010,31.091785
25.891108,16.960758,27.650593,100.330978,28.787506,15.323639
8.338750,6.097619,2.798018,15.132848,2.883301,6.700827
19.148582,12.550315,10.223218,46.253872,10.186487,43.128571
21.891901,14.691674,32.070259,78.677971,18.230957,62.898651
11.557973,7.966773,5.380017,23.178072,4.977089,4.132789
17.831421,12.151000,4.304641,25.541843,6.030907,5.674190
30.142464,18.706255,14.766067,65.693108,14.593175,9.676225
7.483827,5.194638,2.859262,9.395773,1.560975,6.435076
7.006290,5.056279,3.255577,11.606477,3.838714,7.166341
10.519854,7.657232,5.382314,15.697343,4.100763,8.724988
13.314409,9.503823,4.283875,10.780893,2.142899,3.804351
22.203777,14.538489,12.532747,54.085369,12.258993,29.388248
9.618303,6.985942,3.020967,12.708851,3.618108,2.966415
7.236019,5.436069,3.919367,11.153033,3.009604,3.818679
21.239004,14.566455,7.292561,26.608053,6.719052,12.168752
5.187706,3.600783,1.712051,6.803464,1.522617,1.226422
32.249332,18.270420,9.557058,50.712311,14.259636,48.781670
36.790707,20.627567,23.075039,21.481501,35.317493,2782.863525
17.743328,12.160655,8.832351,46.184067,12.758065,58.032425
11.225286,8.147599,3.797246,13.199353,3.637300,11.313521
15.376946,11.052209,7.098694,20.677374,4.528154,7.455338
36.400707,24.259050,11.345057,39.378860,8.855763,37.103691
18.146872,12.564289,15.279920,35.391750,10.792223,32.990627
18.311941,12.161401,4.863676,22.534580,6.998878,24.588694
16.970680,11.640685,6.968917,16.506699,4.259104,8.188548
9.149019,6.126285,3.274910,11.537065,3.042660,0.901826
11.135131,7.998274,10.132418,8.831324,2.562967,3.841186
25.436296,17.237442,13.921145,46.251991,12.405849,30.545057
41.388935,28.778580,31.356272,87.810280,19.857540,19.658209
38.603958,24.517311,24.033276,82.700974,21.325790,19.981026
20.992832,13.866995,12.568265,45.067772,10.957408,8.700651
30.388844,20.725964,9.112311,31.283844,6.747417,25.557579
17.757961,12.872876,4.782413,26.495098,7.248230,6.262219
26.578056,17.593395,11.662670,47.650383,12.822204,14.942509
41.048237,25.387009,30.992996,92.418198,20.673853,89.538338
30.856565,20.773863,15.633253,78.972878,18.776861,42.166489
18.625805,12.315511,17.023197,45.227673,10.740798,5.880926
7.834716,5.562415,3.356624,7.706616,2.896107,7.808382
13.348121,9.488669,4.863992,26.071819,5.838294,20.395981
12.155397,8.434094,4.665359,17.108013,3.867482,6.834481
22.179367,15.235103,7.913184,22.518353,5.520721,17.506071
21.117573,14.479020,7.851489,18.507162,3.111146,2.892367
5.600669,3.896558,4.762964,3.460138,0.632099,6.233335
36.485626,23.071751,10.424114,39.305492,9.712967,40.418076
18.576729,13.021466,11.773072,49.316559,12.322139,75.307503
9.072688,6.406461,3.874613,10.810742,2.353049,2.585345
11.367468,8.363129,3.398611,25.770510,5.966295,10.296819
6.183763,4.623887,1.808173,10.317928,1.345847,2.704498
7.281984,5.260909,2.836224,9.865159,1.835490,3.565378
18.543015,13.274075,9.606931,27.228025,6.944697,26.154926
51.997429,30.696886,28.362305,117.827423,29.833008,68.784821
15.496274,11.078485,9.411726,11.517158,23.302090,1756.716919
10.145578,7.531713,3.532310,27.656942,6.045766,4.022738
11.592374,8.211076,3.167711,9.793458,3.164732,3.963053
19.170338,13.030037,8.742300,21.781082,6.264511,15.660824
13.558223,9.824449,4.448927,14.385114,3.495995,7.208241
8.475227,6.172623,4.361125,7.250467,1.922724,1.528178
3.841254,3.196278,2.158930,9.094150,1.940909,1.818294
7.451261,5.520500,4.340488,12.099612,3.901585,7.474256
13.643186,9.836504,8.102480,25.455753,6.358898,4.319294
11.137963,8.082664,4.738733,13.630499,3.608571,15.622652
46.974106,29.063265,19.229614,61.311642,14.386640,19.360216
27.239473,17.926344,6.006254,20.251827,4.819961,20.967190
11.781199,7.905442,5.244964,16.166990,4.691403,6.474553
29.749683,18.658882,19.559141,31.348194,6.832575,8.079168
10.145272,6.972221,3.342991,10.299081,3.779661,10.543961
13.597463,9.268942,4.840631,10.627926,2.115577,5.056436
15.006567,10.506848,7.764469,43.176933,10.226739,40.155071
8.528417,6.283835,3.754288,9.386934,1.672816,7.543774
25.718130,17.298883,8.039471,28.906595,5.917209,12.426709
18.312071,12.927711,5.092439,26.298040,5.731024,8.773322
22.302114,15.258814,10.911728,28.389999,8.689066,24.289770
24.023693,16.410004,9.646115,38.882595,8.458340,7.633626
14.783129,10.246490,6.454941,18.397818,4.517028,10.800918
58.818817,35.973602,40.260319,116.669586,25.857689,55.502941
5.142533,3.377710,2.277828,10.639449,3.406788,6.628276
15.295784,10.521728,5.512582,20.157194,4.592335,10.188569
53.267693,31.467598,46.145309,141.562866,30.373707,60.354294
19.874004,13.387927,21.538012,66.398224,16.317448,37.499790
8.324921,5.683178,3.293379,8.804659,2.229412,12.086897
25.896120,17.427317,9.817747,34.268135,9.751353,22.439644
12.738900,8.899575,5.598395,26.009741,6.322611,29.732361
17.373352,12.177519,5.138823,20.396748,4.571823,13.703121
31.912596,20.556166,17.281847,80.795128,20.643459,46.317032
34.198139,15.131901,22.138130,98.911591,26.590576,37.345222
59.064953,36.348083,15.307539,39.054359,8.643234,15.222535
22.634615,15.070254,10.220390,32.261337,10.154878,42.954082
4.900878,3.527719,2.658179,9.223800,1.955721,5.711683
10.126399,7.269410,7.308048,16.921021,20.210506,1439.438354
51.403385,30.043758,47.741680,142.970749,33.736183,51.200821
6.204341,4.612920,2.510239,8.166863,2.415911,4.514437
32.787418,21.835535,10.131149,39.457153,9.425054,27.135586
6.972417,5.154369,9.514029,23.997416,6.943973,16.862097
13.350413,9.288596,3.899221,13.723594,4.264165,5.049657
32.808475,20.798670,12.622494,49.162407,13.432379,15.974184
16.753731,10.992344,15.329420,92.722740,20.986723,133.176575
13.414197,9.449365,4.401874,8.897174,2.305079,3.777058
21.559919,14.510148,6.655147,14.500590,3.973867,6.985786
5.303577,4.036726,3.726240,15.710137,4.387001,8.634150
13.224186,8.667077,9.506121,31.967304,7.417727,7.139185
10.611108,7.605534,2.958693,12.374900,3.295049,2.816423
31.826328,20.325058,10.481539,53.433910,11.798667,20.545816
28.464693,19.438271,10.658752,21.872049,5.873732,6.699413
20.837280,13.807391,10.965465,47.291607,12.612089,37.659573
20.042704,13.444866,8.168086,30.051899,8.044493,38.662144
25.205420,16.802971,15.755208,43.405098,11.032991,32.319084
9.857321,7.203436,3.477656,15.455108,3.657104,1.395147
17.636477,12.340579,9.052123,32.008789,8.015245,36.269691
8.217584,6.210290,3.382382,10.933422,3.083339,5.251866
7.304358,4.916441,9.671880,18.275560,14.846447,830.284363
15.164920,10.923703,4.837124,27.710201,11.351014,5.056114
15.626771,10.713831,6.196150,21.843407,4.686365,7.567051
7.214484,5.193472,5.028048,4.429144,6.446617,524.305481
21.839752,15.142746,6.974318,27.037268,6.860992,19.138716
49.138214,32.197498,12.701877,11.981137,11.889776,954.296387
10.827593,7.524794,8.945158,58.518623,16.440542,36.616703
15.329679,10.815001,12.779059,45.496712,10.665064,12.221491
7.379121,4.942606,2.374844,10.374166,2.952564,4.671965
5.903594,4.543536,2.194949,8.519485,2.314168,1.958177
9.051058,6.529397,8.939645,23.928333,7.334769,14.712457
19.294001,13.791754,4.394203,23.310898,4.950364,12.982964
45.407822,30.203390,35.592365,18.590740,38.591255,3395.117676
8.738399,6.403446,3.630316,15.970449,3.845702,9.062853
15.977664,10.912755,10.527802,29.734251,7.254766,20.822155
14.569371,9.957651,4.301224,21.664375,4.115160,13.382755
5.089220,3.695337,1.998609,11.112075,1.691811,3.729937
25.267084,17.274708,10.261517,27.005724,7.113466,7.723096
6.616644,4.483768,2.473400,9.297352,2.342474,4.221305
40.112747,26.169214,13.693508,47.185131,10.741992,17.075180
21.227787,14.706532,7.655030,5.930757,1.305814,4.023496
26.063480,18.281660,13.584849,48.283649,10.316082,33.566666
37.882923,18.557339,24.099661,74.574326,17.659180,30.861734
31.743202,15.377837,16.259438,68.493973,14.147965,15.737295
6.763530,5.032179,2.956556,8.987134,1.584102,9.332151
20.806496,14.568522,6.268831,14.819983,2.134515,4.317766
19.883451,14.165867,5.914291,17.851160,4.427597,50.738712
5.316629,3.847839,2.244256,7.537616,1.339778,5.007751
27.852757,15.094563,10.035978,25.958765,8.021435,32.176197
29.160213,15.111057,10.939242,33.410007,8.500710,28.328688
16.756672,11.668902,4.157125,23.621529,6.534919,8.381612
11.141966,8.058738,6.885934,26.469191,7.305119,13.255793
8.086417,5.422338,5.432579,25.872349,6.138267,2.273624
17.473129,12.051442,6.332794,28.315960,5.962224,22.019325
8.940969,6.322865,3.619862,9.595612,3.642416,5.690827
29.266541,18.348780,20.023466,85.129715,20.910553,42.733017
20.538044,13.783779,6.607005,18.305836,4.930160,11.543901
16.775015,11.804132,4.634687,21.758194,4.102604,8.232080
6.424689,4.512083,2.539744,10.396937,2.413160,6.675489
4.408267,3.264698,1.721496,5.016761,0.800157,1.744746
26.480358,18.475889,7.902008,17.652182,23.115232,1428.339355
39.915894,25.114452,54.863956,153.428070,35.662266,46.211395
14.594503,10.223619,14.276226,52.773125,12.340736,20.739756
23.562397,15.858667,33.023899,148.530640,39.749165,80.224075
10.661000,7.791228,4.421366,18.369959,4.512574,13.698223
6.377203,4.660252,8.815677,19.968283,5.487940,6.974887
12.868347,8.790786,5.665233,7.836906,1.889448,3.690547
19.254316,13.448559,12.173138,36.829659,8.390661,44.026051
24.505915,16.500879,8.620787,30.954224,6.779757,13.752354
12.697288,9.175068,4.169560,15.355703,4.515561,2.871346
6.284797,4.525427,2.759588,11.038305,2.701251,3.482714
8.086297,5.528021,3.631870,9.665391,1.691842,3.709204
44.934181,28.115921,21.908850,76.159988,20.041187,15.487268
25.765842,16.833794,15.815602,70.686317,16.088692,22.111975
13.174313,9.054245,4.305880,10.840768,2.218102,21.278082
21.891447,13.306278,9.444077,28.935305,6.557926,10.748566
40.863205,26.066412,23.433720,79.262871,19.173203,60.834629
19.417747,13.053608,6.793980,22.263926,5.398914,17.931242
21.521345,14.560026,7.246535,26.867147,6.196793,20.021467
27.443901,19.139593,23.819096,78.348129,17.524733,62.250980
12.634351,9.019208,3.277568,13.379773,2.897393,4.381618
4.497704,3.289306,1.881675,13.126576,3.549343,2.577757
21.560244,14.882614,7.101567,20.070852,4.678396,4.707897
6.721816,4.771747,3.237296,2.440689,0.171470,2.940068
7.528393,5.446057,3.211135,9.431335,1.478889,1.895794
6.713051,5.010527,4.830269,21.413557,5.414399,5.307993
37.885696,24.281687,9.857564,41.117004,8.718579,21.986963
14.312445,10.424588,4.930016,17.263439,3.301970,6.752173
6.135479,4.337060,1.729741,13.243059,3.374395,6.785680
25.205950,17.390551,7.901955,24.673218,6.255364,28.500704
19.589609,13.572019,7.799502,22.552778,4.192880,5.774663
16.740076,11.465049,11.708379,29.795115,7.445741,35.174118
6.024639,4.094009,2.560783,12.016088,3.030591,11.895668
19.936163,14.228967,4.220222,29.322819,7.393184,11.366537
24.944469,16.526314,19.346601,39.173180,9.516653,8.578444
10.532334,7.065023,1.982618,9.301864,3.167310,3.302696
59.003906,35.142807,16.712408,57.943127,14.059133,42.183067
40.671349,21.401749,35.729431,87.019974,22.231688,31.266022
44.085892,21.344763,49.477348,138.763443,29.067417,31.348928
31.352472,16.492199,12.514317,32.719845,8.995651,6.676823
29.003168,16.516567,12.324595,36.109428,9.202992,4.960281
9.607638,6.636876,3.184836,20.600782,3.885832,2.535616
18.334936,12.358894,8.934153,36.655228,9.601319,19.546778
12.563025,8.722449,4.055545,13.693080,3.604379,11.335521
6.086052,4.389358,2.375323,3.322790,0.685781,2.412165
5.754647,4.083866,2.147987,11.424019,2.517165,1.417173
24.352535,16.677542,26.139668,102.746132,26.741510,62.482014
13.013250,9.422747,3.794484,11.669783,1.820193,5.005888
6.104456,4.129572,2.632509,8.461615,2.323854,2.628117
29.806503,19.286577,9.391568,43.061039,10.674099,7.149132
7.783242,5.461843,2.247322,2.735031,1.232977,5.773053
12.165628,8.633804,3.991152,19.147860,4.880317,3.254066
12.943780,9.275006,3.980343,15.649416,3.706379,21.810228
42.271599,25.000490,70.549423,215.824554,51.713772,109.837296
13.374205,9.243553,3.189985,11.409901,3.514705,8.856499
41.043839,26.104879,12.309825,29.436066,6.387068,22.426996
9.374506,6.189135,6.073411,25.280424,4.919651,4.323887
18.299309,13.208448,8.814745,7.460942,2.105145,5.674822
15.641963,10.805553,14.471084,62.805183,14.211115,50.650681
23.541752,16.638893,7.221214,26.833931,5.876710,6.192383
45.630753,29.083124,12.383604,37.994522,9.334745,19.617119
35.767109,23.514517,10.842864,34.046497,7.779083,37.016087
11.333323,7.764660,5.027690,17.691885,2.636976,6.863548
5.934148,4.139237,2.904348,10.324212,3.069257,11.069284
8.640846,5.945333,3.541451,8.075986,2.158520,1.578802
13.280906,9.404502,3.716857,11.536179,3.615218,3.108087
6.167749,4.170200,3.577444,7.666121,3.531140,1.337329
38.240780,22.636196,89.678513,258.248291,62.834827,90.116516
28.014704,19.291176,13.379913,47.107510,10.340500,20.492481
51.831841,33.180885,16.744328,35.477058,10.708944,25.344406
8.335003,6.247930,2.848675,13.754152,4.176267,3.854447
20.610973,14.431287,7.780982,21.662529,6.645644,14.714388
8.178057,5.819026,9.288894,19.052931,3.461523,9.996477
13.087035,9.458364,4.127864,11.885928,3.994433,8.698071
41.730682,28.116337,17.298664,68.205078,15.889265,78.600502
55.260437,31.882563,49.626564,152.575912,39.091255,74.706688
23.912373,16.276915,6.052772,2.653853,8.489284,792.134277
7.505392,5.404148,2.581630,24.911432,5.553455,2.687588
6.526214,4.797762,3.629016,11.107841,3.208920,6.456057
15.345886,10.845513,2.945839,19.572943,5.938188,19.975327
6.354928,4.653470,7.692216,7.463032,8.085648,632.197571
11.557371,8.555525,3.706291,27.024908,8.738968,18.926846
56.157135,27.878510,78.895729,266.994263,60.897987,95.826927
6.995826,5.069683,4.584292,16.167202,3.357702,2.091299
13.154645,9.559106,3.989222,11.170912,2.912881,4.050239
6.502168,4.613978,2.197614,8.853857,2.498603,5.800865
8.019317,5.802860,3.253810,14.590443,3.729174,18.343388
15.763873,10.505900,4.661418,23.204159,6.696658,2.554820
67.931068,38.538208,24.559549,15.209865,24.686419,2036.055542
7.647995,5.719987,2.854343,10.171958,2.423625,2.186574
30.671581,19.883387,13.231236,41.461208,9.360366,18.854490
18.894707,10.219685,6.670377,34.770481,6.574012,16.549189
35.918308,23.398096,17.450338,67.181610,14.450975,20.841328
42.374065,27.308561,19.737806,80.637489,19.950314,38.704224
8.378429,5.802074,3.379355,14.270294,3.983759,1.828268
5.256081,3.688425,3.476660,12.186685,2.990653,4.640973
17.560844,12.211508,6.468830,26.176420,4.481107,13.914055
9.393485,6.763782,3.558179,8.072611,1.641428,3.132088
45.825249,29.993080,16.863285,56.328682,13.893714,25.879122
14.166695,10.030216,5.884737,14.805986,3.233106,8.292278
6.997382,4.982601,2.724476,17.593342,4.043115,3.047809
8.155336,5.796482,3.218285,8.466648,1.914281,8.376657
11.958675,8.616306,4.417799,14.509283,4.738374,25.331160
4.089210,3.045277,1.938588,10.714079,1.991776,1.581367
43.252506,28.742611,14.247213,8.368026,17.500084,1378.483276
28.739784,19.773706,8.926609,55.316711,14.157969,17.813292
21.071274,15.411265,6.775657,21.147587,5.424164,5.498671
22.913181,10.110888,6.352985,20.609127,5.615821,13.907509
24.272299,12.894629,7.265853,40.363274,7.126428,11.825161
4.919025,3.175167,3.108559,17.986883,3.911471,8.743549
41.718029,26.044666,17.695417,63.476482,13.338647,12.078502
41.804226,26.817005,22.737717,90.590782,22.887419,115.323822
27.562168,18.707237,9.226058,27.746189,7.442729,28.658525
7.426297,5.187424,1.918166,24.231632,9.261690,19.900122
7.663144,5.425278,2.611004,11.023307,3.727734,7.123074
24.552382,17.231525,8.814853,30.506063,6.673663,20.854195
8.108654,5.824556,2.094129,9.689955,2.445520,5.713043
15.038313,10.246038,5.967396,20.541939,5.901106,7.232205
27.979126,18.877823,7.600364,27.830360,8.071707,6.834550
5.170073,3.631861,2.608932,10.151968,2.739446,3.864183
36.569153,23.910543,7.878797,42.634090,11.432882,4.838880
16.795712,11.873882,4.504908,19.511585,4.322084,11.336369
38.581028,25.481688,10.148715,35.728493,8.427446,22.473694
19.905067,13.402615,6.511062,18.440920,5.206295,6.475750
6.129083,4.384602,2.269246,10.409974,2.619076,4.038354
14.611873,10.219484,3.906970,12.076973,3.786316,22.507273
9.059182,6.735361,3.274575,11.153214,3.145816,7.650538
17.262596,12.494400,3.796773,18.871315,4.985438,4.127021
10.034238,7.004256,4.182547,16.826326,4.881668,7.100223
38.181873,23.832533,14.005465,42.222076,11.914179,70.817703
26.205698,17.441851,7.551381,23.519392,6.341945,18.239233
6.846278,5.139380,3.771494,19.797085,3.857366,2.662055
22.724909,15.603833,7.344125,23.930170,5.435869,7.514731
15.136503,10.431415,3.497616,22.258335,5.284808,6.486831
18.262199,12.137388,12.310333,59.179478,13.286144,38.226917
8.126371,5.973436,5.772969,22.047848,5.377878,8.555747
18.630667,13.138843,5.236586,20.456062,5.765348,3.731153
18.034607,12.415906,9.339014,43.498650,10.544076,16.231007
17.705685,12.590723,17.405369,43.387222,10.111134,64.786087
5.645331,4.245810,2.601756,9.791294,3.019514,8.795753
12.184982,8.455685,5.261246,13.952930,3.086504,3.574966
13.301953,9.317915,4.601613,27.455980,5.846379,5.132301
26.555788,17.458439,22.271324,26.110395,37.331009,2932.275391
18.880989,13.192762,8.750544,33.438480,8.437211,28.022913
29.730465,13.718009,7.613264,24.572723,6.159045,10.062916
30.203934,13.804747,7.705542,26.532869,6.423226,10.082234
13.269818,9.667889,9.804989,17.369757,5.123876,2.777797
6.736529,5.002241,3.880443,15.108267,4.720395,11.706924
14.279307,10.167195,4.143201,18.027441,3.700479,3.590829
16.780914,11.857689,5.585289,24.622322,5.834816,8.900977
7.217904,5.108296,2.942992,6.988356,2.289938,4.117896
9.319631,6.426563,2.252599,9.570745,2.800894,4.415977
4.762086,3.430556,1.665815,7.349861,2.644142,2.143254
35.820457,23.561790,18.384651,63.462994,16.472811,10.769567
13.607351,9.577394,5.360517,3.697614,9.710485,727.003967
7.168629,5.098280,3.540559,8.855281,2.455334,13.361460
25.396784,17.835062,16.488180,40.285263,9.843896,16.915541
15.067563,10.415649,6.773882,29.667645,9.154089,19.086082
10.584417,7.542329,4.229326,13.589714,2.229051,6.856580
8.823825,6.316447,3.502909,15.303787,2.674355,4.858323
13.432419,9.505881,2.369437,8.279281,3.219257,3.731834
23.187956,15.104144,7.815637,35.394154,8.553824,32.704975
6.618682,4.743843,2.024984,8.963594,2.243555,4.181414
19.360186,13.314894,7.508028,23.187620,6.109283,4.505993
8.820655,6.477407,3.599244,20.576120,5.170928,10.940322
9.054149,6.419306,3.088856,18.981388,3.528692,8.511761
23.322163,15.777236,8.920817,26.114075,7.781236,21.600391
14.419304,10.273774,5.671597,21.867052,5.312618,16.622805
6.594427,4.711281,3.259294,10.356053,3.014960,7.863670
33.861233,22.757782,12.710151,36.801167,8.223632,24.879339
18.041080,12.572928,8.290205,50.175632,13.392625,44.168148
5.608179,4.310327,2.865645,18.775473,4.999503,13.721258
21.108688,14.115011,13.090947,53.352177,11.503222,26.275778
13.595039,9.814517,3.281531,16.699495,4.933728,12.681133
13.555161,9.110706,5.493338,13.578629,3.493818,6.514626
8.698384,5.672763,1.983931,11.460921,2.773226,4.791461
48.237488,29.442497,33.699322,94.813965,23.298344,89.368126
18.248362,12.107588,5.700625,32.953297,8.396892,7.169193
58.119648,34.656818,20.456766,62.618351,14.817111,14.712621
33.468452,16.408970,10.784616,41.305000,11.315715,7.797250
32.668266,16.571754,10.935134,43.783085,11.483903,7.406590
24.486748,17.157833,7.874970,14.642479,3.926761,9.048003
16.084415,10.994038,4.085598,22.115921,5.639997,4.356020
8.933619,6.358201,2.913790,9.858610,3.558279,8.293032
8.098262,5.555993,2.975679,12.504002,3.741956,5.160942
23.361898,15.349483,12.830327,78.525047,18.645271,12.316794
25.878525,17.216267,12.467404,34.889225,8.171888,7.215200
31.041739,19.898588,34.852371,117.972038,26.919016,44.862553
7.269737,5.020979,8.273234,22.102789,5.713497,14.844499
13.597450,9.597715,4.465696,33.046825,9.737718,27.347361
22.049147,15.242106,6.928939,12.401978,4.573776,7.738687
7.544134,5.383621,1.930628,9.482109,2.800709,6.254885
39.313183,24.345633,18.939966,83.187630,17.921696,42.367546
4.969363,4.095141,2.660326,14.719547,3.877685,8.536075
16.073639,11.173633,5.900298,16.233477,4.497961,5.418644
31.486467,21.319601,10.079647,30.355698,5.797843,24.452887
8.503119,6.258167,2.683274,9.736744,2.889889,2.802693
12.574508,8.086866,4.293701,18.417545,4.083737,15.434948
12.141444,7.930265,4.621824,9.408317,3.730917,6.398970
9.516300,7.023973,5.561323,13.054419,3.991499,12.290190
4.274911,2.968997,3.156559,7.477871,2.520198,1.065374
30.227880,20.718151,11.899182,42.358730,10.350348,25.633528
16.504284,11.248673,7.622198,19.216312,6.035698,10.231659
19.874598,12.942992,21.448860,87.904396,21.697540,31.912573
6.406029,4.841852,3.629067,24.130133,5.643040,1.953873
13.914226,9.536246,4.892785,25.146444,5.532092,13.806093
16.212446,10.785657,4.636175,18.641073,4.720192,20.694281
7.296392,5.080805,5.684268,14.824422,2.742070,3.074966
14.935861,10.509559,7.404283,18.863358,4.272315,12.040611
32.948238,21.543201,10.136987,46.031998,10.197693,16.055223
19.978468,13.227308,8.135439,23.070549,5.555199,13.506842
11.336337,8.044345,7.303245,33.441830,8.873857,13.398649
17.064241,11.766963,5.394815,26.393829,5.862673,10.779848
8.340461,5.512278,2.896575,8.533201,2.058017,1.275508
17.779814,12.763143,6.907442,38.646656,9.035577,16.767288
9.697328,6.871179,3.689319,10.683251,1.667495,7.626207
11.676789,8.226240,3.323103,11.778325,1.832924,8.568351
33.322372,21.765881,40.731525,151.120743,35.793499,134.042923
20.542061,14.256205,11.633057,36.733307,8.293602,13.544024
14.015725,9.504262,8.339570,32.442436,8.135076,55.750050
6.765476,4.640180,4.928699,24.774618,5.873878,27.171053
9.492334,6.537438,3.022774,17.331017,3.937508,1.498345
10.120995,7.221582,2.912368,12.743103,2.490127,4.382083
11.543428,8.436200,3.665142,10.291821,2.822235,2.958053
9.606449,7.032212,3.528550,16.091486,3.262070,9.137444
10.475126,7.185598,3.780366,21.423128,4.396088,3.764206
33.596451,20.471136,20.847893,65.287445,15.212314,18.035763
39.972847,26.058266,10.262352,49.711578,11.287024,28.789915
22.602549,15.183214,9.484268,31.125467,7.103773,59.061172
21.994608,15.134530,8.231546,37.992886,10.428160,31.402037
13.708632,9.889163,4.685143,7.534665,2.199262,5.588878
9.626626,6.583994,3.027250,11.342359,2.548850,3.473396
5.091741,3.744185,2.894183,9.455284,1.386617,3.217809
19.933756,13.399261,13.217575,24.129679,18.948097,1111.495361
32.099632,21.453739,9.477468,36.291409,9.187673,19.100111
37.518681,24.452625,9.261258,38.936649,8.461794,8.290403
8.601442,5.939683,3.136927,9.461863,2.906204,4.256453
23.980688,15.885834,10.802183,43.736809,9.592835,34.918777
24.421812,16.732313,13.418896,31.057474,7.047632,26.267670
5.281676,3.753746,1.315507,4.542698,1.044991,2.403436
38.965309,24.897432,42.227959,133.656219,31.769741,52.803226
16.862848,11.784805,9.942213,30.834246,8.822197,25.270660
41.548088,26.449741,10.768691,52.475552,12.718513,12.916544
12.204804,8.539882,4.209825,17.314745,4.358392,6.165147
20.063894,13.717559,6.633841,21.117077,5.994746,5.573019
35.367382,24.015535,11.558395,31.857889,7.012064,11.192423
13.591147,9.526600,4.194533,11.181270,3.752594,7.222778
25.234314,17.117323,25.807213,101.162529,24.272675,108.595276
8.050109,5.782126,2.709099,8.225673,3.290557,2.842218
18.782866,12.774934,6.978877,18.736723,6.239151,14.352262
5.918499,4.373930,2.527313,8.650522,1.756100,5.866616
10.783985,7.803349,8.367707,27.408781,5.900056,16.133558
18.419550,11.833545,7.299388,19.340240,4.776186,10.856947
36.623245,23.526882,37.696587,143.723465,36.548443,80.336533
21.068024,15.107191,5.081830,29.114523,6.981881,5.367627
26.989573,18.224754,7.499753,37.259880,8.452516,11.987727
16.937569,11.605680,5.668382,21.975252,4.426620,4.432818
9.749938,6.841090,8.239029,36.507149,8.564091,41.694664
34.774426,23.932735,11.700026,34.301853,8.293467,5.744503
13.450434,9.751399,3.686088,21.979275,5.849534,1.557058
8.253131,5.642744,2.539774,10.103660,2.541898,9.690665
13.863276,9.708228,4.120512,11.409243,3.424761,10.334274
17.598608,12.004591,5.208991,30.141727,6.190032,11.216946
33.787941,22.348932,11.881528,31.108187,8.272088,24.128099
13.737971,9.456463,10.921977,29.050365,6.625729,8.309042
16.699896,10.386149,3.901972,25.814480,7.170913,8.384611
4.711393,3.531691,4.368618,18.016020,4.178544,9.879289
9.751672,6.718257,5.697106,20.381113,7.208764,7.966955
15.991725,10.996916,9.645548,29.781334,7.683592,31.437519
10.674870,7.251211,4.369007,14.993071,2.726800,12.425765
13.271176,8.845926,18.269569,100.655632,25.607550,26.409416
6.275227,4.241089,2.702694,10.993221,2.909654,1.739991
12.270870,8.299672,7.022426,5.393235,1.148784,13.867811
7.550208,5.580174,3.623850,14.546568,3.698364,19.144030
4.875829,3.158206,1.908462,8.941941,1.067968,9.056583
5.991785,3.944918,2.674049,7.704788,1.986705,6.055614
5.972269,4.297610,2.880437,8.393667,1.193473,3.161033
14.600316,10.559043,5.030239,17.981438,5.266891,18.927643
18.952072,13.063280,5.016577,21.116772,4.337701,22.690899
20.763983,13.934299,7.501875,27.542978,5.247427,7.977706
14.826762,11.079904,5.524294,21.640402,4.891923,3.460002
8.672717,6.039058,9.584778,42.572205,8.513739,9.386735
30.714111,19.095098,11.024934,34.981445,10.635633,7.262993
7.836163,5.768715,6.862270,5.397187,0.827103,3.821712
11.165839,7.985029,4.139464,0.156236,-0.086567,13.979545
17.439804,12.768995,12.165895,39.447182,8.974255,11.790639
5.579059,3.888079,1.995533,5.164384,1.683983,9.238440
10.483481,7.739625,3.981071,17.468954,3.872065,4.354729
8.184374,5.799822,4.080961,12.525464,3.157547,4.962070
15.389089,9.301302,4.657104,15.529873,4.155740,11.324111
38.393608,22.018990,41.784138,63.580921,13.402574,43.110622
32.410877,18.286076,26.014738,105.760529,26.568027,78.492462
13.683837,9.910394,4.711764,6.273828,1.024494,12.075744
16.297358,11.574224,5.701196,25.406324,6.775163,7.124368
27.116861,18.083811,8.807988,38.079456,10.839821,17.409567
16.066717,10.860230,10.425747,23.097715,5.838623,6.036302
10.519014,7.198641,4.173928,16.375454,4.673743,23.338974
8.228045,5.810300,4.537815,23.067490,4.054055,3.483253
17.235954,11.898371,4.066586,20.027172,4.491133,6.385362
6.817581,5.025491,3.306346,10.115286,2.909125,3.626388
24.115429,16.613321,6.419900,45.182583,11.788437,16.131659
11.734093,7.839769,4.122675,21.551607,4.830908,6.992095
32.220470,19.525747,29.094971,161.412384,40.899998,150.350189
23.567457,16.421446,7.427851,24.093842,6.625502,30.597729
8.919724,6.648438,6.440400,23.332140,5.159329,5.886363
22.001925,14.872661,4.745576,7.660785,10.152591,759.893250
8.979730,6.106953,3.280265,18.981907,4.631286,1.757754
7.637988,5.413305,2.612324,12.265244,4.142312,0.716861
62.661945,37.807785,23.582598,19.645514,35.099644,3229.335449
30.254023,19.951923,10.409195,29.059692,6.301088,27.909239
22.765034,15.823022,20.267117,37.429489,8.685287,9.661457
7.655508,5.833697,1.287086,11.770935,3.579923,4.195166
9.930233,7.220937,4.611115,12.940800,2.896829,5.365418
16.863045,11.902001,11.837407,23.093609,6.921838,4.488603
7.196877,4.982735,2.082075,9.442507,3.192550,3.849705
37.634693,24.132965,20.187195,77.732330,17.457718,32.712910
5.932440,4.316389,2.551165,10.189517,3.635444,7.183119
5.426104,3.842186,2.761244,7.880717,2.635204,2.984228
10.454613,7.142914,4.689622,13.047286,3.372922,3.819582
12.262777,9.055195,4.193379,15.585164,2.886063,1.232029
17.924026,12.668156,3.503414,15.905300,3.039461,4.427237
9.738021,7.215882,5.082108,23.567516,5.579116,9.324689
18.771992,13.505133,5.105298,18.645771,4.972989,12.966140
25.993629,17.538567,15.575822,46.778591,10.708591,26.535126
45.674160,27.989683,17.350252,58.243118,14.418130,88.115799
54.157288,27.562723,64.416946,225.067337,54.703060,127.284142
22.983633,15.644048,14.422931,42.830624,8.967939,61.774502
43.834000,28.377363,26.181608,71.116539,16.351799,70.112099
38.690987,25.319763,16.146154,61.864227,13.524716,25.362810
8.124663,6.006906,4.055590,13.934922,4.242081,7.973140
10.082962,7.060154,3.237930,14.082052,3.356899,0.115966
5.449994,3.823667,2.580957,10.408773,3.112781,2.650278
7.284495,4.900727,4.888967,27.850145,6.249007,1.855379
5.205033,3.791839,5.445728,17.323784,4.339327,4.915217
24.024603,16.764965,6.910161,24.213812,5.549685,4.244799
88.021706,45.807041,103.936630,362.605988,91.639732,138.080826
23.508389,16.561565,8.228606,38.620850,11.989169,47.236172
7.244691,5.125282,2.639989,9.506232,2.583217,5.318176
8.017241,5.939656,2.942091,14.776815,3.697558,10.163202
38.117130,23.345982,30.199623,127.683800,28.948195,49.329128
22.094357,15.313134,7.029186,25.609499,6.087583,10.525063
33.480034,21.237682,19.171234,67.048042,15.743211,26.281466
68.576675,31.615004,53.723064,192.885010,46.920315,74.042473
9.303246,6.808519,7.758459,27.267792,6.465385,25.091778
37.690186,24.750725,14.119328,47.349804,12.115911,19.996086
9.340949,6.457467,3.545940,14.069590,2.671873,0.539111
14.243111,9.899471,3.978755,10.758017,2.476937,9.409750
11.195462,8.246819,4.357036,36.172550,9.427300,5.166404
11.148000,7.879461,3.750024,13.184536,3.122181,3.468769
9.098954,6.360050,2.927969,20.833418,4.581408,12.182025
18.299732,12.862933,7.149071,20.989567,5.071135,19.953165
10.436562,7.170465,7.882169,70.895180,20.359022,60.627396
14.165929,9.874497,7.298455,17.642498,4.000768,7.875732
24.838634,16.477839,6.552764,23.635727,5.304224,4.255005
15.176943,10.307549,5.594162,15.663487,3.135030,12.496104
7.990749,5.780169,2.499990,12.770755,2.650397,15.113030
6.126870,4.280053,3.118122,12.742538,4.188083,4.206790
13.822608,10.128911,5.594720,14.160038,3.564913,7.964136
43.293968,26.606852,39.665432,144.277893,33.293236,59.619434
4.157738,3.044884,2.435318,8.668959,2.566163,11.231013
30.764864,19.421934,25.738928,78.424843,17.933968,79.871986
10.976736,7.814096,3.653617,19.687717,3.760430,4.715420
13.443769,9.510028,9.435881,7.244008,17.595699,1464.476929
11.107818,8.284161,4.113853,12.608768,2.824626,13.891891
7.542768,5.435287,1.739225,9.802842,2.281275,3.436974
44.631447,25.480135,25.913685,89.690994,20.618711,73.156319
15.488443,10.624802,15.472055,46.470364,9.698647,41.701553
14.406617,10.456753,6.144291,15.291516,3.692718,1.636581
10.983910,7.652820,3.189979,19.049221,5.712778,5.304191
13.196126,9.468506,3.179742,15.783405,3.780734,8.437993
32.832630,20.757160,14.018585,61.185017,14.537786,22.508068
13.608961,9.598198,4.149879,31.765339,7.596194,16.268255
32.849060,22.024569,9.696841,7.119092,15.734376,1454.522583
25.916857,17.415344,11.007648,35.352566,8.653481,25.941374
27.657072,18.578117,18.527458,66.454018,16.888500,24.367107
8.567513,6.227860,2.752936,9.768439,4.188291,10.454822
59.587490,32.262535,28.455706,89.752159,22.399023,33.451115
5.281942,3.844134,2.027755,6.793003,1.973428,0.722609
65.686852,36.516800,23.288626,88.761467,24.336306,56.593800
30.034891,18.538568,24.334028,30.216375,33.877403,2630.558838
4.516090,3.291979,3.269984,14.656673,4.176345,11.318704
16.464077,11.639652,4.533753,26.215752,6.511683,22.495298
32.564785,21.041296,16.974588,62.517181,14.428526,39.551537
12.834270,8.878552,3.348990,11.014049,3.362895,5.479522
15.572330,10.812306,5.112234,6.302441,0.911886,4.166744
6.155398,4.619776,4.208795,10.036161,3.331164,2.537678
51.459454,30.439903,23.747772,94.870026,22.301069,100.189484
48.049236,31.263664,13.691300,29.209637,7.184326,7.783750
10.555655,7.725592,4.238230,14.493600,3.311531,5.717187
9.586617,6.998543,5.697104,4.778547,7.549017,586.128906
15.371465,10.740451,6.216839,18.069845,5.240513,15.260512
28.154537,11.389547,9.195480,36.702667,10.642807,33.116299
26.206970,11.292869,8.956811,54.410324,13.582600,34.425423
5.467348,3.823468,2.292552,6.642797,1.979522,1.388094
35.331825,15.453352,7.747783,53.903576,12.849199,32.554058
46.049030,29.440725,17.813173,12.437634,25.603422,2400.546143
38.030712,24.357485,12.358113,47.242809,10.059530,11.039197
55.244919,26.744959,102.559143,324.435883,73.426689,85.829102
10.944346,5.661854,5.871028,6.049438,3.381053,8.563384
11.007172,6.193610,5.830898,17.251198,3.970308,3.769490
10.234683,7.233109,3.346310,1.799528,0.814432,2.318538
11.857012,8.484756,9.294854,38.543797,11.694963,91.451416
14.585756,10.486228,8.788910,25.712404,7.016391,20.786728
12.216543,7.686357,11.775682,23.287037,13.882344,752.901978
16.175667,10.792779,4.655574,26.062380,5.742713,6.848029
7.983181,6.080188,2.914168,9.872542,2.785786,3.972772
5.574805,3.951488,2.337163,11.623637,2.754576,3.642823
16.623898,7.706474,6.088292,21.921133,4.275962,9.081556
37.269398,24.642843,14.849733,54.837170,11.927423,17.275560
5.718219,4.062230,2.639756,13.374700,3.139538,7.386850
13.672595,9.309381,19.460606,68.834259,16.650301,33.065884
8.314132,5.806702,4.703119,14.372738,3.520740,13.438921
8.687373,5.877500,2.817894,14.688384,4.557560,2.833606
15.529144,10.835544,10.655189,70.782051,16.908487,31.082094
11.062198,7.670561,4.296282,13.425364,3.618996,12.359726
14.458271,10.258545,3.477715,14.703599,3.490002,6.661198
8.739037,6.290775,3.245827,11.747888,2.312360,4.423847
11.947427,8.376188,4.293103,9.393206,2.491123,9.022186
27.302757,17.643829,10.139196,34.045387,8.607081,23.377321
36.309254,24.880562,13.725474,45.836288,11.484791,42.486290
9.634215,6.695615,6.107539,27.073942,7.725295,6.809188
23.383200,16.244074,7.153740,38.098785,9.544511,7.663900
3.830144,3.100975,2.332788,8.628870,2.796283,6.144264
28.199123,15.992360,36.176186,129.203735,31.790615,51.349392
30.598339,19.813986,19.193132,70.314369,18.444656,93.822975
7.425886,5.457612,2.375645,14.484782,2.573476,0.300710
27.726685,18.341549,6.260196,27.594238,6.129532,15.762069
8.405333,5.935486,3.222318,12.538740,2.817902,1.449115
6.782413,5.084051,3.034878,29.442938,6.656143,3.386814
8.874468,6.588290,2.981180,14.161304,2.839029,4.685165
5.281348,3.701881,5.123399,21.504141,4.117340,19.766041
6.393705,4.795643,2.644717,10.458787,2.146965,1.239094
33.408485,22.133707,10.595898,23.849752,6.695541,16.062737
4.393201,3.103632,4.526050,15.933836,4.041830,8.219498
6.270499,4.480339,2.135591,14.750119,4.059661,7.665362
28.772457,19.567648,9.853915,21.199793,6.219393,19.899820
32.211510,21.699879,9.547746,34.532516,9.149173,24.200979
45.853386,28.511463,15.509542,47.177578,12.027366,22.177736
16.471302,11.898523,8.804581,25.483868,7.109827,13.331435
11.069314,7.695773,4.077579,13.199532,2.443116,6.986009
28.214701,18.958755,9.915551,36.616959,8.627468,23.454784
35.575504,23.212437,17.679272,49.850342,12.824999,69.078728
52.936790,34.492756,15.394608,41.410210,9.006583,38.515827
40.625546,27.310152,9.691204,27.163261,22.581755,1393.454712
26.320717,17.823584,13.436796,67.535431,16.740986,24.650383
10.178573,7.029850,3.676753,15.078659,3.027542,8.617989
5.908010,4.659911,2.141375,3.095183,4.232522,345.047913
20.323664,13.932997,11.755892,37.683414,10.893288,32.796165
31.235159,20.373840,9.316794,31.211355,8.771592,22.057480
24.017374,15.531086,11.838339,45.798328,11.198735,44.637417
50.190800,32.819241,16.807104,71.870247,15.431606,19.310545
4.193878,2.930303,1.793637,7.402855,1.869070,1.157804
27.051239,18.268040,22.160044,71.534897,17.137352,36.698185
58.071278,32.453800,52.477154,199.475510,46.224945,139.662674
20.136465,14.073712,8.218570,18.174473,3.513135,17.601744
7.688666,5.742760,2.740899,0.803135,-0.257805,1.881443
6.323052,4.496525,2.481399,12.987885,3.384917,0.313761
9.978667,7.229602,2.792701,11.227407,2.112487,8.584400
7.403959,5.503525,1.752527,12.236352,2.475503,3.990144
52.910995,28.382814,52.748127,201.126144,47.670845,87.253235
14.911419,10.429332,9.021300,32.479862,7.210860,18.886496
16.637789,11.744020,4.436015,18.242201,4.815588,8.989028
9.509182,6.775892,3.902206,11.346049,3.292072,8.186940
4.661635,3.424344,1.730313,9.475047,3.053514,2.249829
26.707918,17.945293,8.708276,30.663008,7.993152,12.858744
5.185192,3.835474,2.460708,13.911810,2.915660,8.703203
5.555342,4.294079,3.046722,18.789591,3.837969,1.874092
7.573984,5.675198,6.576478,26.751598,7.558287,10.920478
53.669834,32.407185,25.109873,77.857002,17.960690,20.462122
12.027375,8.451894,5.419199,21.875475,5.208160,7.631389
16.257477,11.137424,19.863771,55.567039,15.371225,20.029434
13.461848,10.102103,5.229488,12.826400,3.017169,1.539355
64.267868,38.885872,46.241142,176.822525,40.784538,127.173927
11.468670,8.092791,3.133163,13.973032,1.700718,5.654963
11.570020,8.282838,2.380991,16.198410,4.174697,2.992826
21.250221,14.491726,6.845283,19.499784,5.156775,19.397087
5.535511,4.005471,2.017342,5.965971,1.717674,2.121453
4.867804,3.238782,2.495374,13.866157,1.802408,1.638406
14.568749,10.186241,5.257422,23.730255,4.782590,3.880199
54.868668,30.650381,58.096008,153.740707,35.851734,68.235382
4.723107,3.477581,1.411176,16.305693,3.182158,11.153957
5.554737,3.725231,6.563025,15.182353,3.111630,2.317079
21.589048,14.763758,12.593414,38.513126,9.941610,21.594931
13.614696,9.090677,3.562405,16.550549,3.087042,3.552027
25.401525,17.512442,6.550485,26.558666,6.072036,11.089561
26.387096,18.064098,18.914965,52.220150,12.698992,40.249508
6.897621,5.048489,4.790310,21.851055,4.158256,6.601015
8.999846,6.344049,2.641987,7.949453,1.206794,8.745872
9.739126,6.744658,21.153231,79.645706,19.685295,41.678776
6.801994,4.512759,3.404472,8.521226,2.434458,6.924733
6.975326,5.043362,1.806970,10.487422,3.123636,4.565773
9.729839,7.240341,3.232059,15.777588,3.865545,5.297637
27.226017,18.218513,8.043283,35.091679,8.153730,11.998717
25.639660,17.880445,16.264267,50.855896,13.098316,33.762428
5.085456,3.555220,2.032735,8.892089,1.681616,11.628544
24.667906,17.066952,21.658178,81.679199,18.219933,18.756622
7.387595,5.237550,3.288826,13.276988,2.984714,9.756314
26.618258,17.877703,22.833485,72.110176,15.755829,31.922199
26.043234,15.505899,8.103827,27.728043,7.417436,16.859539
17.110579,11.642674,6.755117,18.913826,4.457138,8.517011
39.709026,25.622871,13.209798,34.289162,7.615792,46.497490
9.564111,6.970134,4.514729,12.056272,3.245261,8.627966
4.871646,3.481025,3.162008,5.017566,1.732291,4.441356
18.748096,12.888721,6.677680,20.640633,5.501726,11.412393
47.796066,29.590984,26.178410,121.160225,27.387238,84.291946
29.662058,20.402262,15.402911,46.998508,13.077870,74.192894
7.598517,5.541442,3.092010,13.347960,2.187028,6.674745
13.300224,9.387190,5.153803,26.415512,6.669239,54.888382
11.383911,8.206467,3.713573,12.978981,4.032893,13.299162
15.854726,10.757158,5.125560,22.495554,6.461205,8.045542
21.632147,14.696005,6.196012,17.957935,6.306875,39.328892
12.024419,8.825591,3.482594,19.951521,4.337158,12.267973
15.741199,10.961862,5.903847,14.466902,4.025631,5.513239
17.749521,12.556503,2.695638,24.092142,6.156947,8.888763
23.308069,15.558836,6.601961,27.415215,7.958364,25.592321
11.914550,8.070778,3.514076,10.934093,2.434385,2.236875
15.199814,10.965816,4.232762,12.505804,3.435296,6.402795
15.092650,10.224467,8.638525,8.076066,1.399095,14.892042
22.444458,15.071404,8.271223,20.393970,5.082873,16.192617
9.906817,7.262092,3.792118,12.735077,2.953110,8.662150
31.330914,20.544250,28.421402,77.122375,20.310728,108.725929
32.785309,21.625572,12.795873,41.042564,7.222550,25.757244
15.334245,11.218351,5.939921,23.335903,5.423244,18.370180
19.250687,8.379797,8.062157,22.118332,6.159193,10.822268
18.273884,8.399983,7.902575,21.817186,6.237940,10.558331
11.724393,8.639925,3.205088,16.386793,3.071334,7.473495
19.355356,13.141951,6.180724,23.729612,6.419748,22.517986
20.453461,14.445426,5.369385,26.735403,8.373179,4.052869
6.512793,4.846787,3.209619,14.208841,3.767323,2.726740
9.369976,7.089126,2.924698,10.225244,2.778972,4.221719
13.321810,9.800812,4.706728,12.010302,3.474400,6.209173
5.143338,3.804679,5.335965,17.699169,3.641600,9.408603
29.769173,20.520147,9.105324,33.266697,6.018292,6.367556
33.917706,16.146643,22.668705,73.494659,17.899223,56.399334
6.192693,4.841544,3.299613,18.234112,4.425951,6.737466
5.053653,3.647754,1.977593,11.665304,2.514068,7.110264
13.697426,9.788938,4.431311,13.610516,3.331487,3.697655
26.017275,17.123001,13.046771,44.088806,10.249016,8.760627
11.402046,8.515749,2.859660,13.975473,2.947499,5.155478
17.225760,12.087704,3.417012,27.662504,6.424289,13.442454
7.728126,5.688342,2.776525,11.076547,2.320796,3.153362
9.640133,6.946942,4.318256,8.846210,2.740561,3.546812
13.091646,9.616566,3.712909,8.751381,2.306824,4.368151
29.460007,20.113325,19.847181,51.847572,13.859798,50.169113
62.485775,32.972237,39.584576,140.961914,34.872002,64.210556
5.155650,3.913105,4.425503,9.025792,2.086009,4.072166
9.556565,6.410366,3.235834,12.126237,2.727010,16.407724
41.342968,25.825714,15.888873,68.106186,15.405420,39.597019
25.804352,17.975451,5.296112,25.718054,6.640368,25.556137
8.985568,6.371985,3.359495,10.784329,2.431877,4.267754
7.285670,5.306123,2.063335,11.068211,3.076331,8.143703
10.655982,7.307960,8.906899,39.951740,8.830709,30.899834
14.766469,10.543656,4.376691,20.380423,4.022920,3.369991
48.372089,28.901661,47.910088,216.654572,51.609436,103.225174
13.663240,9.905656,3.783773,10.161926,2.564016,3.188196
23.016336,15.522528,7.492118,19.306139,5.388387,3.092689
27.345362,18.578308,7.868415,23.314974,5.976772,19.002922
22.503069,15.274814,12.506462,36.471794,8.457716,7.675947
15.910536,10.853765,10.997485,33.821388,9.029358,19.694530
20.761108,14.558918,8.010382,21.355091,4.324327,10.139142
37.558113,25.855640,15.314939,57.352165,14.276338,38.911758
25.953060,16.369101,33.627251,105.131813,25.014923,38.594257
15.674366,10.949444,4.840688,16.667000,3.499577,2.173963
7.822584,5.540383,2.675484,14.830812,2.892372,9.529411
85.071297,41.121109,101.065506,332.120178,79.268578,142.431290
6.235271,4.415974,1.917175,11.562476,1.879878,1.999656
4.112781,2.983662,2.087253,5.424387,1.255700,3.022642
7.889130,5.466760,2.717305,10.048833,1.536103,7.296954
20.687788,14.259957,7.866576,13.435088,3.315712,27.139101
20.077351,13.828012,6.204533,29.073841,5.999683,4.431976
18.927328,13.078939,13.838045,53.379566,12.003401,11.598586
17.527950,12.196461,4.343061,21.921621,5.717099,1.971743
10.071605,6.846537,4.669455,18.396095,4.422357,18.263638
33.535435,23.595848,10.447825,6.856524,9.170922,648.418579
30.760332,20.696760,10.498607,29.619570,6.808160,37.300217
16.869213,12.078442,8.588090,32.077744,7.862568,36.473911
15.094797,10.489882,9.644049,28.285831,5.774614,10.121970
8.448954,5.871236,3.140945,14.178809,3.137688,1.412742
10.265158,7.307181,3.380828,10.800845,2.351620,10.018903
12.131502,8.662066,3.690200,12.145205,4.902380,9.185884
16.858669,11.441642,5.901726,17.864298,4.299666,14.495973
33.897984,22.496050,45.849957,154.192474,38.824139,135.506256
35.176014,21.364086,44.931175,102.715729,23.563837,78.950142
24.956358,10.763901,10.139119,25.129370,6.636274,17.977829
24.683182,11.134182,10.105329,33.745796,8.154798,15.746681
22.576666,15.571540,7.220543,47.979744,10.142637,15.783558
28.622171,20.126833,8.923160,19.970602,5.119687,18.477005
20.083132,9.868509,8.738698,13.092846,5.185171,392.415680
21.408842,13.314138,10.190892,17.003191,15.889533,1015.307800
6.710977,4.599576,2.002542,8.909686,2.522441,7.332868
7.570115,5.420224,2.445181,7.854882,1.833275,1.090166
7.683728,5.658041,2.630432,8.918408,1.865874,4.546599
39.323841,24.548344,22.687788,94.702621,20.926447,61.649071
10.527362,7.293754,7.633761,27.993593,7.273685,18.907040
56.334686,34.556160,72.792877,236.082153,56.378399,205.439362
39.938995,26.603827,10.783631,38.079712,8.935036,16.873730
52.197990,28.211611,110.853485,377.118866,90.191193,318.735809
25.068123,17.005146,6.354790,26.403652,5.711639,7.699722
12.424623,8.631441,4.002965,11.873293,3.728848,1.997865
29.465576,19.683147,13.694556,52.654552,12.871216,16.987581
14.762181,10.584272,3.848630,12.524932,3.796588,3.430747
4.001087,3.139722,7.711907,18.615324,4.541983,7.903026
20.611769,13.887748,9.141000,30.437330,7.986261,13.127418
30.841240,20.718115,12.513331,31.848635,5.986561,12.428602
5.387618,3.648896,1.494420,7.332179,2.046727,2.979357
11.316823,7.799027,3.066620,21.439108,4.771779,9.763678
6.426735,4.530780,2.303786,9.976400,2.745523,3.449553
9.353191,6.941058,4.039680,5.931924,1.182332,4.766265
21.702164,15.238802,7.057971,38.911598,10.009733,9.815283
4.233307,2.991239,2.111677,5.838825,1.694917,10.825534
6.209217,4.378651,3.048190,13.689841,2.408017,5.122714
4.227997,2.960949,2.085326,8.599333,1.708953,1.122890
37.594627,20.832001,30.546234,94.164742,21.305599,45.823944
12.473723,8.875801,3.872807,15.496697,4.198186,3.277532
31.342264,21.548676,8.264536,26.481461,7.708447,20.184626
22.861996,15.227697,7.302516,21.881428,6.049927,20.784828
11.837367,8.498494,3.966965,13.040224,2.893650,7.583117
9.181718,6.437421,2.619387,13.273010,3.728355,4.371341
8.762629,6.106704,3.043637,24.646235,4.630562,2.076892
13.632496,6.802927,6.847354,13.380724,4.199171,34.639336
12.315120,5.682157,6.624526,19.586081,5.583774,24.822306
42.881615,25.993242,15.646735,40.827904,10.484765,35.007393
21.071814,8.173306,7.036311,35.044899,7.674970,16.784828
34.348949,23.624256,12.322847,42.776096,10.735507,22.314871
18.654043,13.074373,7.337584,22.345533,5.605886,13.458406
17.081749,12.096664,7.116226,16.160526,3.299772,2.364706
33.845463,16.940582,12.017776,26.527008,7.804703,45.751770
34.110130,16.894058,12.966958,40.558090,10.133313,48.495590
7.557686,5.559782,2.274544,6.966110,2.412999,2.954085
16.244091,11.119868,4.988035,16.969191,4.065520,8.223264
25.072750,17.300949,7.799378,19.781759,5.263758,12.892383
37.811543,24.386848,13.143478,57.272015,13.617710,30.851294
15.817285,11.160540,3.504940,13.641651,3.865545,24.831928
8.298865,5.665437,4.814478,13.661205,3.758478,4.417293
17.395218,11.923126,5.914334,13.588472,3.644910,11.860947
13.466953,9.672036,4.569000,3.397354,1.005126,2.215753
27.208050,18.266117,23.816942,94.667992,21.440348,58.252907
5.433336,3.754661,7.500042,21.197680,5.236591,9.999542
36.846928,25.009663,12.052814,34.634289,10.520348,69.913422
7.774034,5.534221,2.400433,7.538798,1.874268,3.766496
18.223419,12.649749,5.416295,18.001663,4.100905,4.235652
17.647594,11.960565,7.456001,27.018448,7.882885,10.670235
19.466078,13.566601,7.026541,27.570875,8.012512,11.697521
53.925159,33.175022,16.733974,72.725578,20.181326,67.647804
26.285513,18.320719,8.318906,30.080648,7.803420,35.684032
15.383925,11.074005,11.872906,28.501501,8.064371,6.799435
4.234902,2.997771,2.170954,2.902306,1.465983,2.870155
26.862343,18.434793,9.916320,20.527681,4.199261,22.995192
58.225227,37.977623,29.636042,72.486977,16.797184,31.691607
8.854152,6.522531,3.013681,15.563050,2.755052,7.162011
28.223127,18.196350,10.839283,50.420952,13.104716,11.397776
9.214928,6.989172,3.528028,8.621204,3.675421,15.364683
15.546586,11.279984,4.403454,12.542206,2.910808,6.386362
15.881330,11.263057,9.697641,29.437654,7.431660,12.696433
14.275629,10.389245,4.295264,16.602108,4.141459,5.313596
21.661943,15.403799,8.462950,22.518257,6.808580,14.182459
42.131660,19.636814,16.608919,47.868568,11.789979,25.935488
40.772476,19.652187,16.820286,49.929863,12.131214,25.224394
5.886621,4.263989,2.018583,12.209847,2.082762,5.177032
7.607555,5.543788,2.788800,8.366852,2.699810,7.182243
16.818707,11.447392,8.940166,49.347019,13.455065,61.821518
31.324179,21.149141,16.442017,73.359978,15.428190,28.101162
13.105731,9.403892,5.984950,25.079607,5.283486,1.696348
10.799557,7.613883,3.490790,13.013678,3.117432,10.952257
18.798391,13.345970,5.616336,23.536299,5.562498,17.765459
7.431253,5.435650,2.602394,8.137505,1.893620,4.493079
15.356134,10.984628,4.911006,14.052547,3.545848,3.572667
6.737010,4.731928,2.716423,17.949118,4.062895,7.537508
50.624744,34.674866,15.635434,69.980461,16.394676,44.989758
7.921237,5.597379,4.788643,13.899147,2.944912,4.624815
11.670046,8.466606,10.328062,44.536041,10.608224,15.810566
8.663149,6.532207,2.841656,12.560287,3.309463,5.562483
25.409744,17.166727,13.938827,29.763733,6.988062,23.978722
30.554298,20.591787,16.750864,56.973537,12.995443,48.073643
4.486381,3.321318,2.405617,17.752377,4.644859,4.679576
17.182814,11.871318,9.105697,38.612720,10.530733,28.326719
41.757671,27.641155,33.831417,95.093002,25.098709,136.135193
18.284185,12.883929,5.039030,17.247240,3.273462,1.952430
10.929283,7.760238,7.005588,1.913826,0.604169,11.060767
5.283656,3.682336,2.392307,21.065187,4.452650,3.350559
23.523689,16.422964,6.644317,33.558041,9.822972,26.566246
14.517823,10.757927,3.563578,8.919920,3.640454,5.846683
76.344704,47.985725,79.495728,228.121933,55.102650,155.044312
32.829472,22.483604,10.653746,46.667622,10.770235,20.799473
34.335888,23.288589,10.970005,40.207703,10.265953,9.475550
11.683644,8.366027,4.262133,9.623682,3.137260,10.825395
6.012940,4.235341,2.501543,10.998681,2.144279,20.987411
3.930018,3.158410,2.584105,10.169885,2.619324,3.902727
17.120220,11.830958,6.121606,18.187574,4.444261,17.075867
14.452500,10.280642,5.970577,9.683326,1.894612,4.180293
10.694452,7.776480,2.930894,13.014653,2.797937,3.291458
12.230736,8.437173,26.492136,40.366253,9.391648,15.830992
7.146362,5.116820,2.485415,12.055677,2.549415,3.490603
10.300659,7.418504,3.975668,25.669916,6.307568,10.461374
17.710875,12.342792,8.822484,39.785492,10.218122,28.354055
8.645594,6.292758,2.778113,17.187078,4.260789,15.393522
7.457308,5.496128,2.509708,9.630274,2.078219,9.702888
9.493134,6.625583,4.048230,8.324770,2.144695,3.259538
9.976828,7.592794,7.612949,41.462147,9.437219,28.896137
11.402466,8.255033,4.346560,17.484213,3.927865,11.266294
7.694600,5.281275,2.846674,14.455556,3.242300,6.933109
5.641070,4.125647,2.167821,6.955971,0.571131,2.092939
7.730199,5.492341,2.986691,6.504407,1.321840,5.875168
25.960999,17.623331,6.853929,20.979017,4.784252,7.892345
5.106035,3.697000,2.761714,9.006513,1.304755,8.564904
15.119532,10.565207,5.220615,19.984678,3.861041,22.713316
13.752827,9.582430,5.933704,19.447372,4.190114,17.925316
11.087208,7.861732,5.231731,14.595964,4.006099,12.834258
14.933979,10.650323,6.813512,19.541327,4.602476,3.774432
69.889648,37.939018,83.560471,263.886719,66.362114,199.728592
25.998856,12.954621,28.723560,158.360046,30.394884,45.842476
48.715832,30.601397,14.814719,26.676455,5.557230,10.512317
16.986141,11.511867,9.318537,29.326410,7.639464,11.548997
15.247422,10.709254,4.876587,2.662178,3.939948,334.749084
28.456285,19.965910,12.299223,44.747944,9.636366,12.289377
61.400024,31.382509,41.510403,115.407410,27.537733,72.326691
3.982587,3.325053,1.866679,10.014519,2.379219,3.375963
25.648462,17.797882,16.998087,50.719852,13.999106,53.226173
21.920731,15.311831,9.403502,12.349041,22.951962,1739.537598
8.270296,5.629921,3.481942,16.264732,5.100271,27.070309
4.462951,3.004242,2.980717,7.790477,2.108577,2.903844
14.133821,9.380280,17.370199,66.528374,16.291759,37.176758
8.830214,6.557912,3.184516,6.761930,2.682074,3.566635
20.912056,14.476047,5.243107,19.751835,4.895565,42.364960
4.811682,3.375196,2.755078,15.834908,4.747306,6.436689
11.398996,7.900674,8.186652,23.922277,6.447262,10.826429
7.345833,5.521243,4.141642,16.854172,4.623141,2.462151
28.943243,19.738617,18.258631,60.477367,15.565886,67.050911
43.189308,23.294716,16.532078,45.169964,11.197420,33.070599
37.904335,23.251545,15.938148,51.500645,11.854588,28.140572
19.429317,13.662971,7.573637,37.949406,9.541254,10.752381
11.587440,7.992536,6.428214,24.001778,7.205317,14.547785
35.042274,18.322659,12.286795,30.484217,7.963871,24.127453
11.113290,7.870667,4.366237,17.500107,3.998496,3.360112
9.130869,6.532788,3.751183,13.174256,2.995903,6.441203
16.305893,11.960340,8.431482,27.349689,6.670822,21.014538
17.744066,12.634095,5.811881,54.743752,14.612656,24.717812
15.721182,10.883436,4.816974,22.392731,5.873410,4.013506
6.923774,4.810247,5.468590,19.929359,5.079350,23.622473
14.763685,9.954448,5.973338,45.270138,12.538032,31.049231
7.069757,4.843207,2.081210,7.327398,3.025055,5.940960
5.046823,3.509275,2.113974,7.393135,3.095773,3.718079
9.831970,6.909400,7.078961,49.211845,11.229085,6.812609
28.156221,19.019686,18.838326,16.213926,36.262146,2567.308594
9.168819,6.724830,3.811283,10.228160,4.994716,5.378026
11.605456,7.672208,5.697333,16.180183,3.158063,3.554250
32.090614,12.370982,14.001464,56.240559,13.179527,16.331013
31.019251,12.361287,13.556684,62.420967,14.194368,14.778786
22.093737,15.215698,8.183952,20.843697,5.546746,7.403185
18.523829,12.360691,6.170297,16.203472,5.238058,15.792936
13.643576,9.419991,3.952588,16.805557,4.061489,5.187896
20.458097,9.751322,7.005666,24.759396,6.042281,11.343825
18.305368,8.405144,6.784001,33.760612,6.710135,7.362852
7.056733,5.412932,3.579208,17.427711,3.224648,1.989470
17.983864,12.880276,6.981983,17.465239,3.420618,6.746334
20.081894,14.278578,3.987481,22.407331,6.509081,22.357185
10.090668,7.076451,3.308263,-0.162174,1.040936,3.193774
24.301065,16.819660,8.484129,20.587645,4.878662,18.894873
103.079430,54.859406,74.565468,298.059998,69.344254,170.837341
21.596899,14.861928,10.900637,46.841370,12.817916,25.090981
13.078298,9.168920,4.965275,10.479534,3.564897,9.113460
9.128100,6.779583,2.668561,4.295919,1.328384,5.153359
53.004986,33.087910,22.625105,59.370415,15.190678,31.849928
7.240206,5.801513,2.583435,2.784991,2.538937,0.118935
71.111877,38.345284,41.834122,96.166519,22.230133,37.021461
7.613004,5.518297,4.513771,29.466389,7.833801,28.119034
16.442404,11.655998,4.677818,11.422686,2.917335,5.942289
14.427031,10.471278,3.986111,16.483030,3.383504,12.128196
17.604013,12.276024,5.392128,16.001211,4.038261,16.377954
11.353253,8.236362,3.494609,20.472786,4.743646,4.254664
21.151585,14.397445,6.280064,17.755909,5.543333,34.874065
10.739386,7.946316,3.723503,9.615837,2.657623,5.709418
23.956642,16.731094,6.173432,20.349886,5.784483,4.186088
16.681311,11.752481,13.946721,41.640484,10.281654,17.513870
16.102741,11.443346,9.840920,34.828239,8.327635,7.689060
6.657935,5.099707,2.392071,15.795374,3.511652,2.819027
14.525786,10.290164,9.370807,26.252102,5.682545,29.236080
6.095137,4.248816,2.709430,7.558911,2.659727,1.256021
8.545666,6.350625,2.962824,11.863417,3.721096,4.322008
6.195836,4.845565,2.659568,13.963784,4.337412,2.279742
21.566788,14.988144,4.238071,21.002138,4.752204,4.398658
12.821317,9.266914,4.437487,14.919965,4.078165,7.611542
28.514568,19.018749,15.371888,63.437408,16.755268,31.381372
11.326170,8.205827,3.039215,14.100533,4.618412,1.497631
12.473952,8.541686,5.083352,13.517623,3.594553,5.751517
22.744093,16.376087,8.128678,16.585955,3.943221,10.388964
26.539261,18.904640,9.425652,4.862859,7.797977,554.433533
35.360092,23.963619,16.414627,51.992218,11.896303,32.564255
13.989411,9.647133,5.790247,18.914522,4.896959,27.120943
14.565533,10.450957,4.236638,16.199306,3.301165,3.769972
19.420229,13.123721,12.158114,47.372787,11.903400,35.370468
23.502981,15.262314,34.146339,143.178879,39.434681,34.400074
14.277555,9.490667,8.156332,40.576687,10.432686,16.773129
30.532892,20.325237,14.940928,47.853222,10.443074,31.743948
15.692854,11.578301,4.742890,17.309620,4.558034,1.672088
9.049129,6.608596,3.881721,9.239146,2.495380,14.620602
17.622450,12.260879,24.805428,102.686722,23.915531,106.996796
16.503277,12.256204,15.287440,29.535341,7.567574,29.193083
20.893162,14.105037,7.086934,22.521023,7.015218,6.447803
18.566677,12.657968,11.626733,33.742554,8.786802,18.625257
9.514820,7.095284,3.071529,7.535323,1.887567,3.662109
13.645164,9.743887,5.976617,21.799868,5.173048,8.741842
6.580734,5.140241,2.471356,11.061424,3.160939,8.411877
7.838860,5.862783,4.129881,8.579985,2.345268,2.746219
31.098373,19.756525,12.757947,52.243370,11.188281,25.748909
8.170110,5.776555,4.021187,5.595143,0.711828,2.499498
12.683836,8.794457,3.800938,22.940435,5.247820,6.398318
12.210902,9.049401,5.255213,18.680696,3.557324,21.512690
15.658522,11.458973,5.509764,26.256786,6.138094,5.691330
13.601661,10.071239,4.249000,13.186355,3.412023,3.209473
7.559622,5.505829,3.353496,7.810339,2.273552,4.933360
10.581015,7.365623,6.056196,23.499750,5.455204,6.817516
8.164610,5.774826,2.803591,10.206791,2.801747,1.098780
16.593744,10.721651,27.422308,112.940460,28.829517,67.673553
9.203522,6.648327,3.059606,9.074219,1.816571,3.827636
28.900272,19.805948,7.848385,19.297188,5.843853,5.195584
43.166927,21.058249,67.778732,187.666138,41.662945,69.291855
9.214314,6.228485,3.655335,16.796238,4.040920,12.461506
73.603325,43.003010,56.090893,173.421677,39.703278,34.870571
14.181234,10.156494,4.077394,10.908800,3.483182,26.126228
7.031173,5.032629,2.909696,8.597893,2.719430,3.180655
11.687922,8.474944,3.886567,17.018744,4.970778,13.931726
10.406163,7.630471,3.863906,11.558348,3.256877,5.068308
23.241966,16.444593,8.616221,23.047800,5.568254,19.681107
35.716347,24.549236,8.710350,5.879623,17.218843,1409.978149
6.812924,4.792030,2.673578,17.196712,4.241019,3.509643
5.628519,4.150966,2.989455,7.991088,1.336757,8.304161
4.387269,3.221734,1.520942,9.959266,2.192292,5.955722
7.009179,5.239619,3.005395,5.705754,1.482579,5.261981
12.899858,8.804420,4.402297,10.696908,2.111543,3.692190
17.808540,12.275212,25.476967,63.034981,16.065536,22.915880
33.056889,22.236437,12.331647,38.954418,11.687654,19.903580
14.854468,10.720833,6.800658,12.819896,2.922671,6.136200
21.467024,14.800630,10.725656,20.687773,6.536020,4.575674
51.542336,32.791271,38.579376,165.371841,39.686634,86.404594
32.637527,21.976898,10.893573,28.284159,6.637109,14.558092
8.593620,6.208978,2.421447,16.042053,3.202904,5.189886
8.655032,6.214471,3.449103,13.526277,3.342804,2.502820
29.227291,13.629316,8.537273,30.479912,6.377589,15.365308
28.144964,13.631936,8.575253,33.744122,6.806811,14.980349
7.877454,5.844234,3.105314,13.263742,2.365965,2.760349
8.323482,4.326677,2.070389,7.086501,1.951905,2.690365
29.309422,14.525085,6.089468,32.742374,12.541025,599.782349
23.502754,9.993067,6.787765,28.733036,18.383440,987.794189
15.160707,10.821086,4.067094,11.531711,3.675791,7.617014
46.072086,28.723749,15.747700,53.896820,12.042065,57.346573
8.933343,6.667099,2.663784,11.136209,2.693627,6.408040
10.504759,7.725350,2.876009,26.057518,5.193520,2.261510
11.122379,7.918723,6.500788,32.511021,8.262301,5.230505
9.891239,6.996303,2.865112,8.965016,2.723720,4.937091
19.743511,13.690244,7.583628,28.912598,6.440357,9.982492
4.916276,3.608637,2.045637,12.054288,2.421920,1.174297
10.932892,8.035120,3.606115,13.035197,3.862458,16.564907
50.735096,28.942760,101.126106,256.185028,62.514259,95.170082
13.328470,8.680918,8.408896,43.777462,11.144990,8.346826
12.257974,9.063816,3.379523,14.128278,4.151022,3.482970
22.045315,15.086319,7.329547,44.595833,10.518231,31.023575
11.024480,7.805646,3.162158,9.709915,1.963398,0.959527
5.460333,3.792903,1.821823,10.616719,2.765079,2.444626
36.694710,22.653980,21.347174,58.319489,14.305223,18.473486
8.503433,5.903625,4.907893,16.483858,3.947970,5.920125
14.556168,10.360864,4.170845,15.735362,3.957177,7.268379
15.486498,11.236051,4.552909,16.315180,5.432884,29.462404
10.589704,7.751665,4.563964,12.923915,2.467916,4.103768
15.517611,10.875829,4.669530,21.400951,4.908386,10.911696
21.171625,14.935745,5.168065,32.089939,8.967909,5.336913
15.866190,11.253715,4.708723,12.827191,3.018072,6.487130
17.439856,12.301898,4.604169,14.920889,4.948018,2.763191
26.795399,18.372715,9.217032,24.969509,6.986915,9.285493
7.775990,5.800726,5.346972,17.814751,4.587640,13.839427
4.979959,3.329478,2.296192,11.070960,2.743949,6.813979
6.840050,5.124228,1.965432,19.760494,5.961170,8.696684
16.567060,11.350046,5.302579,21.088268,4.674065,11.937237
12.537497,9.456436,3.384197,15.626554,2.753017,4.518542
14.238038,10.267737,5.164941,12.982393,3.722001,12.561954
9.501027,6.767465,4.152534,23.370144,5.772482,8.869152
7.604834,5.316442,2.857904,13.505737,3.676745,7.772350
39.795639,26.260172,14.588097,43.263218,9.506905,6.957690
9.368810,7.048139,3.799864,11.293131,3.168571,5.274225
52.454517,33.013447,21.761372,59.032688,15.315892,66.366272
48.503563,29.016298,26.189728,82.142227,21.115955,86.413925
15.649490,10.823227,5.225725,29.051722,7.853677,16.922287
9.870760,7.117475,3.569388,14.423217,3.892470,11.102515
6.311328,4.322944,7.509878,20.407755,4.200957,2.540619
25.056376,17.200821,7.458068,21.538258,4.960161,11.771176
12.607734,9.171607,3.176436,12.375565,3.767087,1.827719
6.168542,4.437029,1.778027,10.403254,1.845941,2.998202
6.166034,4.572715,3.788066,41.413486,10.887478,5.020122
4.878622,3.541855,1.625814,11.622497,2.713044,2.573272
46.633656,31.627018,15.146092,40.280811,10.233221,17.408976
22.860050,16.044838,21.767221,75.329994,18.448452,24.652374
7.048785,5.028663,3.030784,17.236094,3.477003,2.750667
10.353442,7.241876,3.884921,14.731557,3.018865,2.767328
61.625671,28.044022,89.011566,308.963348,75.725746,250.267838
25.646431,14.039581,8.207779,34.559345,7.245827,30.103310
28.686401,19.565506,11.231135,38.742287,8.999804,29.414158
5.208889,4.020618,1.812885,15.142069,2.514333,7.411632
12.976456,9.026845,5.866317,18.820992,5.878432,10.096024
5.880507,4.582098,2.098112,7.804744,1.864241,6.531744
11.704741,8.445862,5.469713,13.784200,3.198721,7.763798
24.597891,16.857325,11.197422,42.751328,12.504672,12.576235
22.329334,14.792626,6.597739,34.221306,7.100215,4.734365
15.992554,11.464041,6.120367,21.687006,6.137540,23.531433
7.981792,5.795330,2.678453,14.387628,3.021507,4.387339
17.319731,11.963687,7.063486,35.171158,9.428859,12.647194
29.401543,15.854519,11.438702,28.956310,7.983521,14.639732
23.593676,13.598436,7.306427,30.564880,6.792881,7.519197
48.799175,24.447063,80.726540,247.133820,57.886799,88.033188
29.482100,19.622572,10.407606,42.687729,9.937731,21.798214
18.262064,13.109205,7.783689,40.511303,8.975502,21.299534
16.969948,11.543205,12.460027,16.455797,4.216091,4.303829
19.677475,14.237262,7.988831,29.419027,7.904154,8.119079
25.155642,16.997713,18.481789,58.645546,12.198050,14.477509
25.188770,17.777056,11.987093,37.270184,9.013608,28.102633
23.779097,16.392563,19.162537,47.156086,10.061749,48.089066
21.377157,15.102056,8.463552,20.273283,4.182015,8.844483
80.045433,41.501106,104.558472,300.762238,67.748405,114.886459
12.058198,8.458669,7.152644,24.646572,6.288486,34.080608
40.033848,18.528221,14.195156,38.271385,9.633851,37.350292
6.923903,5.160823,2.777050,9.132257,2.430962,3.267448
22.497839,14.651573,17.150059,60.289688,14.444179,52.848351
5.195160,3.820685,1.486912,5.794087,1.405239,1.625251
57.668472,26.934849,24.829285,102.865082,25.716276,42.344177
8.782002,5.995925,3.652633,14.961390,3.037536,8.024705
30.491543,20.733070,12.227363,50.643208,12.571386,45.096687
11.716066,8.028047,4.318455,14.198005,3.536744,11.481759
28.359838,19.541281,8.770647,30.249247,5.449280,18.382841
16.289276,11.214285,8.607899,42.033916,11.006479,21.999056
7.630657,5.736705,3.242599,12.283343,3.244109,3.673289
18.442036,12.796580,5.529547,12.713940,4.323505,17.386185
11.520473,7.995769,7.921002,20.957731,5.101480,7.133949
7.555413,5.458002,2.336608,10.105274,1.711611,3.691219
11.524303,8.334455,6.937490,11.143205,19.071642,1553.138184
10.597710,7.542944,3.929667,9.943175,2.084596,6.467993
8.703942,6.253092,6.051106,31.928320,6.613577,13.331139
43.041260,28.624626,18.216562,58.077106,14.857285,21.653540
28.377825,19.181318,12.006697,30.030807,7.788231,12.176261
19.388172,14.032057,8.383094,31.986431,7.404281,17.606165
66.896446,34.937416,157.456863,475.887054,113.706360,377.881866
8.068111,5.892562,2.380463,21.409252,4.353087,10.895082
6.720354,4.799332,1.914467,29.893267,8.226505,30.584108
23.977804,15.632335,9.996883,23.565971,5.007008,12.882749
31.154871,20.790026,8.706029,26.447065,5.699599,12.738945
23.894619,16.463001,11.186749,32.430145,7.983667,10.467437
6.407798,4.664001,1.894149,9.647784,1.026980,0.657877
5.865541,3.989058,2.593247,10.994749,3.280159,7.030192
14.519026,10.346478,4.182223,15.921620,4.261083,6.995247
10.663574,7.831634,3.259050,7.273272,2.005543,2.007960
24.130960,16.899403,11.805117,48.355587,12.842023,52.712379
61.523277,34.111561,78.241196,229.914825,56.931244,200.164688
17.941496,12.384536,6.514855,23.059376,6.409650,20.595865
10.141495,7.061276,3.522879,18.265545,3.803256,18.469936
13.989945,9.941023,5.278535,16.327919,4.420402,4.748994
8.402894,6.226963,2.953505,10.579783,2.369591,1.909597
17.440805,12.443152,6.214012,6.709585,1.709615,4.435685
16.408205,11.000279,7.678518,16.347235,3.886576,7.092757
22.349632,12.784442,10.596450,54.661484,14.494562,22.318470
15.794221,6.172292,8.216627,50.958836,11.573204,10.710083
15.531585,10.793674,5.608293,16.530462,3.977581,3.799970
11.446763,8.063689,3.967506,22.889111,4.113281,14.932670
8.309254,6.426833,4.076587,11.386834,2.168875,1.770845
6.739487,4.823855,2.493327,8.863034,2.241906,2.928339
35.714790,23.246880,27.569168,85.559784,19.902456,31.918940
19.084440,13.746315,5.738216,22.492874,6.448735,10.033635
29.116079,20.250568,16.049067,47.447144,10.705389,21.870590
52.493027,32.613083,38.779324,27.153006,32.809734,2711.320557
6.570924,5.191867,3.642853,9.652070,12.832969,6.744489
31.589262,21.355047,8.509538,31.944466,8.654367,29.929714
29.838669,20.645126,9.752586,26.720856,6.131238,6.086262
10.609138,7.323141,4.909884,15.461128,2.728800,2.920788
9.992188,7.039768,4.439956,14.519558,3.010375,7.404015
17.114594,11.983245,5.088948,23.183197,5.803010,2.818724
19.255503,13.397005,12.543892,44.584839,10.869827,22.339891
10.334853,7.263482,4.334618,3.847651,0.078234,9.706538
9.532727,6.792147,9.772336,32.890289,7.300704,8.757459
8.244902,6.162195,5.904789,25.909842,6.529953,13.520720
7.864807,5.628415,3.552186,9.316957,3.026562,13.428664
4.890987,3.456358,3.820098,14.639094,3.199572,2.081971
59.569218,37.402657,52.970726,176.366455,39.380322,87.655441
18.173922,12.570070,4.432117,21.028524,5.706661,12.857341
30.426750,21.032766,13.120826,43.446014,11.349695,15.447541
21.955687,12.151192,11.472380,53.568722,13.932727,14.491771
37.571625,23.729383,16.764791,35.432175,26.304317,1774.337280
36.543251,20.670559,65.636589,218.438324,54.417595,125.920120
6.645095,4.634591,3.303416,5.389889,1.237624,13.130588
22.827341,16.434832,7.280597,28.414755,7.992692,6.101506
10.666840,7.471805,4.720433,18.155516,3.517426,5.565108
43.571918,27.440331,25.548285,101.497406,23.558514,65.949821
8.370814,5.983641,2.959957,20.139343,4.247268,4.520236
5.308391,3.932918,2.244248,12.147950,2.647883,1.715511
11.170860,8.233809,3.788396,10.546061,2.203140,4.875823
12.257689,8.821558,4.993830,17.972515,3.814027,7.786187
5.592935,3.702420,3.067822,14.267353,3.803400,6.482117
9.444676,6.950381,2.903479,12.513885,3.873546,11.574046
7.152532,5.558104,2.707046,9.338458,1.967633,2.106298
20.303148,14.591276,5.346003,14.679444,3.638322,5.398736
6.344477,4.512136,2.737047,8.151134,3.264350,0.884770
4.962330,3.585483,2.634304,7.665431,1.891137,4.808063
13.507107,9.748851,2.657169,22.747908,4.141567,5.776661
33.364731,22.609409,9.333923,35.494621,9.363350,22.698950
33.889278,22.241755,9.458602,48.161484,10.839190,26.861532
23.036594,15.460712,26.440039,87.948441,20.563986,79.047264
22.372286,15.888540,10.176425,33.360569,7.741608,6.552517
8.837729,6.566097,2.987590,13.858470,4.435506,3.036989
5.376798,3.825499,2.203739,3.695848,1.097987,3.482286
6.364163,4.763004,2.874196,34.767887,7.357456,6.410320
13.459068,9.545373,11.202632,48.970001,11.432851,11.086046
11.497697,7.808445,4.799049,2.417141,6.446430,603.738953
33.540825,22.694876,11.923684,49.522873,11.494658,35.838783
11.097749,8.072499,3.568022,11.132134,2.880707,15.987461
12.629670,9.238965,3.653967,12.114664,3.417477,16.439186
26.850555,17.427267,51.216183,158.679764,37.239063,129.208649
19.199730,13.715803,5.814878,23.277233,5.048940,11.103047
81.065010,43.676373,65.507103,239.967667,60.913643,248.375504
43.976921,27.837683,13.031332,44.906002,10.133018,29.452713
16.859245,12.200363,5.577439,32.303616,8.703649,22.459761
20.033781,13.500813,6.390753,28.215193,5.835543,22.650944
6.455142,4.810523,4.776607,11.238287,3.247599,6.171004
12.133267,8.331757,4.206479,19.353489,4.390707,1.578078
31.046700,21.102177,6.954881,33.656273,7.565932,16.581902
22.185877,9.317105,7.515670,26.357841,7.967984,10.909091
21.520525,9.234467,7.950668,34.588257,8.136578,9.738342
17.504181,12.195689,6.768973,6.988110,1.083122,9.190245
9.561159,6.464864,3.662046,12.519589,4.034915,15.529245
57.141811,33.493134,57.971703,215.671005,53.461994,108.269676
14.475762,10.169543,4.661290,21.207706,4.356056,7.356919
24.845367,16.725275,5.758114,20.684294,4.049468,7.037967
48.209625,28.558874,39.069412,139.709320,33.448765,100.117653
24.648867,16.793797,6.507227,21.369764,5.057459,7.227564
43.330128,28.244007,13.867642,44.942356,11.812177,68.947227
11.474130,7.998837,4.154929,7.799682,3.579347,6.636820
24.453131,16.587170,7.203318,27.159336,7.089907,7.236289
44.155830,28.059326,31.274889,105.397255,25.634924,129.059662
47.361507,30.331581,12.901552,39.700825,10.092021,7.508373
8.465533,6.360312,3.654762,9.038151,2.234321,12.609533
18.574430,13.188135,5.813998,19.095156,4.033054,11.678884
8.586247,6.195020,2.369568,9.237477,2.173820,2.089151
6.502645,4.761440,2.452823,1.866272,0.853137,3.061814
11.107851,7.718963,5.159613,17.678825,4.569657,2.889109
22.218679,15.470478,7.338996,25.223759,7.219379,28.616156
30.792936,21.417639,10.608805,36.023792,8.907503,33.781029
13.821243,9.625395,4.875004,21.230328,5.487807,4.044532
5.787465,4.215184,4.179926,17.839476,5.078117,22.657730
13.683395,9.647781,7.229875,10.814413,2.311881,1.623117
11.153718,8.071195,5.671411,29.919817,8.005382,31.092812
10.494203,7.561050,4.138974,11.259461,2.652203,6.380933
8.365043,6.364157,3.620450,19.453270,4.325916,4.682423
12.214752,8.694533,5.085015,21.113260,6.272292,11.185999
14.595448,10.349090,4.803339,26.985973,6.295470,24.880358
15.106257,10.518775,5.285451,19.530434,4.649489,33.639862
4.111321,2.952516,1.806682,7.783604,1.927195,5.992146
19.784618,14.336787,5.438424,15.016786,3.949097,10.860676
17.212334,12.171237,5.930616,16.251072,4.504133,10.873778
19.326933,13.700540,6.054790,19.507648,4.049884,5.762322
8.812654,6.349168,4.530898,14.010975,3.453070,0.617953
40.696629,25.719048,27.167637,79.904831,18.154951,19.444670
12.370776,8.979774,4.098547,10.818986,3.740501,16.206568
36.360931,24.049726,40.775749,151.536682,32.310848,52.041664
6.995058,4.644617,2.959646,10.341762,2.939497,16.010555
9.571417,6.633734,6.262631,11.424313,2.970586,3.307820
5.383430,4.128157,8.563214,28.249500,7.289590,7.616227
11.772553,8.458883,3.517991,9.041825,3.091349,7.880642
19.381901,13.801558,5.106549,28.430946,6.610943,7.699379
22.575521,15.803926,9.101152,40.068657,8.780029,21.837439
6.057537,4.234435,1.670576,9.227425,2.564111,3.020675
18.458229,12.368114,6.017527,27.408411,5.924217,4.224085
21.873753,15.935591,14.617861,56.933128,12.813397,17.365757
22.318699,15.183401,8.236449,35.056519,7.804709,15.803914
30.449883,21.441462,12.723005,8.486531,2.347652,21.963722
47.736889,28.803034,26.974787,88.881332,22.980614,48.489819
5.318602,4.058933,1.929503,11.419127,2.751850,6.948077
7.336123,5.136024,13.733641,60.357647,14.527833,31.526402
18.798935,13.131684,5.289863,26.982731,6.728063,3.750943
11.997423,8.282679,3.836236,29.365351,6.524182,6.567120
16.011894,10.981230,10.782684,51.930813,12.064022,43.334087
5.923565,3.973942,2.365025,10.660886,2.010934,3.645928
16.042896,11.505091,5.124813,5.025662,5.577793,386.364777
11.391775,8.225675,3.609190,11.090461,2.256266,7.952994
5.196005,4.002769,1.757834,9.086159,1.907085,6.642951
12.195207,8.534124,7.074500,35.156670,9.142559,6.169076
26.970530,18.154070,25.964619,99.742897,27.809072,88.548965
14.483998,10.296170,6.674608,33.822903,7.801261,20.200428
6.694355,4.996849,9.810202,20.640966,3.632437,6.719980
35.640587,16.112497,14.630953,54.730568,15.538090,12.461711
33.605099,15.229816,14.327079,74.067871,18.934719,9.484367
24.824551,16.664660,12.864774,28.068941,6.844990,9.790870
7.467155,5.282902,3.208044,13.940104,4.217252,4.155410
13.723470,10.030896,5.233404,20.397844,4.788348,20.669163
29.101608,19.579433,23.778881,52.471054,12.536141,28.332249
7.807642,5.554191,3.758942,20.074858,6.189969,11.771222
36.788845,22.766827,19.111656,61.853153,14.916988,36.816662
14.200234,10.148536,6.255282,14.818634,2.978900,7.165322
8.225430,5.817006,2.954291,10.129145,2.297331,5.315528
9.425232,6.981575,4.462947,19.460583,5.008278,17.065155
31.574581,21.899851,11.523987,65.942543,15.971756,21.639544
23.765028,16.496578,5.656425,26.078638,6.074294,24.022310
12.298644,8.674012,3.470177,16.601297,4.532839,17.469475
4.538300,3.189952,2.358874,8.732718,2.893164,10.941345
5.137286,3.934517,1.608717,6.414840,2.278703,3.096460
14.851679,10.696176,9.569892,22.913599,5.415781,8.691833
6.707518,4.855106,2.772326,15.239701,4.035273,6.530588
12.371695,8.914010,4.730968,11.046124,3.994951,10.551510
23.075306,16.237951,14.189161,52.426960,14.055322,47.801685
15.361780,10.796551,6.019439,4.011108,1.238087,2.620522
36.657253,25.314489,12.440336,57.237965,14.323138,27.152077
13.253582,9.631142,5.519849,15.862914,2.328363,2.135290
32.523735,22.417831,12.113584,39.165337,9.308851,9.728240
13.488231,9.581520,4.089879,14.948797,3.551625,3.599622
24.639297,16.306578,10.917975,19.834219,5.404690,13.955602
5.067517,3.932105,3.146074,11.537364,3.052633,8.893117
20.883186,14.282810,6.723700,13.133103,3.231904,2.414639
5.381815,4.099446,7.624878,17.967333,4.781394,10.321846
25.268034,12.321399,9.210697,8.228909,6.177673,502.004028
22.337660,13.085542,8.126899,17.523598,7.445791,130.643265
39.712833,23.656038,29.331747,20.576183,19.687889,1679.089355
8.349559,5.546559,2.755095,7.360286,1.638421,2.097705
5.733570,4.213363,2.525289,8.203186,1.339929,5.383765
8.111099,6.093009,3.013704,8.180255,1.639996,1.741195
21.603872,14.815206,5.781497,26.916121,6.919550,19.406836
25.018400,16.810703,15.886416,55.762028,14.119660,37.847229
9.177115,6.289788,2.725811,19.290033,5.266296,4.769965
21.809649,14.951715,7.273250,21.541317,4.534441,9.093407
10.974224,7.756575,3.114863,15.722601,4.008402,7.951571
11.276320,8.305959,3.655403,11.401341,1.826655,2.553575
10.013995,7.336988,3.326677,9.411483,3.232384,3.210633
18.371885,13.435761,5.318179,11.494407,3.333752,3.188464
40.020996,24.622656,27.525036,82.286278,20.361120,27.683746
20.178295,13.925438,5.781312,25.093300,5.331119,9.005977
8.978151,6.679321,2.885243,13.533920,3.450557,8.321146
10.111156,7.020618,2.822947,13.216208,3.145669,2.702491
14.677265,10.000535,8.819343,44.895187,10.879970,4.411437
40.167412,26.954681,13.816547,44.196728,9.745598,14.713932
17.179518,11.613302,11.815543,41.465969,9.632180,24.002045
32.905880,21.766987,9.953482,29.756453,6.959486,10.672112
11.901202,8.773172,2.527262,12.311995,3.181399,5.737957
7.606268,4.983604,3.172118,8.693794,1.280017,4.879966
8.648542,6.255078,2.223723,6.615095,1.818633,2.481744
11.867016,8.602214,5.673995,40.021580,8.368487,14.465412
8.982020,6.381104,2.835775,10.402302,2.973954,6.529494
36.294327,23.584631,13.866675,38.070984,8.904819,23.374905
9.278460,6.254815,14.351128,33.634712,13.781354,396.582581
13.220205,9.406593,21.573341,51.463863,12.700456,18.881052
4.312920,3.262823,2.256354,14.497908,2.583053,1.888401
37.591946,25.954531,18.094599,51.207783,11.348087,25.385605
25.534033,17.558641,8.805358,37.529301,9.466897,11.673780
34.629917,21.808903,50.607162,210.245255,49.095097,40.108307
8.171155,5.867837,2.789392,2.924132,0.387319,3.946723
6.607292,4.568830,2.733092,6.953274,2.368758,13.392410
33.048286,22.003679,14.579565,60.351433,13.745193,36.456764
28.646896,19.714746,10.389712,34.212872,7.786438,8.556956
4.680254,3.563688,1.870456,5.966563,0.904561,6.268724
30.617830,21.098511,10.577854,41.017952,8.920187,16.796026
8.316343,6.079054,3.067775,8.357269,1.266066,8.994417
37.077274,19.904716,16.332296,62.780128,13.377138,22.887758
12.816099,9.030906,4.899875,4.070558,4.855752,383.588989
32.233391,22.007505,11.322195,52.168137,14.245622,37.322384
46.496716,30.751976,17.826000,18.058018,24.922071,1868.481689
23.187496,16.122187,8.797895,25.919838,6.361921,3.898673
13.003822,9.323774,2.834907,14.567586,3.430992,10.085525
21.928108,14.897446,9.510129,41.142849,10.571152,29.601120
13.401422,7.597382,5.454141,14.347735,3.989884,4.558129
13.667514,7.912327,5.680068,21.226360,4.767861,3.695068
8.671782,5.995983,3.766233,15.278392,3.737679,12.219328
28.655518,20.300148,21.247520,87.912071,21.879354,86.204346
7.367506,5.032897,3.187247,9.745839,2.181758,3.964188
6.343362,4.557292,2.326945,8.597666,2.974788,3.235578
8.139794,5.540956,2.733058,13.142765,2.586733,3.915460
9.475548,6.765607,12.403288,30.863722,6.317988,6.618126
6.134753,4.645648,2.498052,5.243830,1.984580,2.382536
14.696418,10.517300,5.043633,13.013504,2.478844,2.194800
10.632843,7.650845,7.689336,6.189299,0.561610,16.488884
13.971693,10.089854,5.779754,18.379858,4.741995,9.394110
7.029818,5.419086,11.486141,22.951408,5.890002,16.147228
25.057716,17.222824,13.773764,27.396008,7.548780,11.110439
6.520805,4.453340,2.674391,8.855448,2.919478,2.284956
10.742898,7.769119,3.472469,9.007254,2.989363,10.244354
18.350885,12.833037,6.730425,28.653524,6.531030,43.903721
11.852802,8.200097,5.237192,24.285406,5.401069,5.671837
24.903921,17.778803,9.013201,34.849274,7.771263,7.327709
39.631275,26.531738,38.322620,94.351067,22.481699,49.406567
23.454706,15.704792,11.414305,44.557869,11.734138,23.507051
12.248845,8.533642,3.075509,17.670500,3.711665,2.859602
33.280533,22.990360,23.047539,32.913258,6.981499,10.455804
23.769848,11.022397,10.077458,36.596134,9.043626,68.818878
7.433034,5.290221,2.922389,8.300194,1.344420,0.172449
10.301160,7.201029,3.630672,12.364619,3.760855,14.423854
7.067474,5.432765,2.479864,7.790809,1.138822,1.733878
27.120298,18.218987,10.266759,42.252670,10.272431,23.167688
42.107056,25.641676,21.403299,52.021881,12.015556,34.170471
32.218395,20.747801,11.066706,10.213241,13.444283,816.484192
14.559715,9.005548,4.333937,17.042995,8.891821,37.605492
18.489296,12.974004,5.249307,8.773921,2.118644,11.585762
25.902687,16.989893,12.046915,39.933033,9.567281,14.800707
62.477810,31.392473,88.905716,287.845856,65.005577,193.257736
10.365397,7.617910,19.355026,59.410233,14.639250,50.134041
7.797222,5.318283,2.247078,12.668103,2.903558,1.743395
11.105971,7.877748,4.435340,17.013580,3.702992,3.276241
4.902331,3.441992,2.508723,8.746007,2.518180,4.846397
10.221149,7.337269,3.662736,9.306593,2.052001,5.581911
13.878916,10.395320,5.334138,17.324446,3.088719,5.298981
24.255323,17.278538,9.808233,33.418797,6.498459,20.577864
8.185776,6.152150,2.711400,9.705803,3.217983,11.248739
40.665661,27.049780,25.976702,89.732109,21.997271,53.944851
14.961219,10.838123,10.380731,33.865242,9.286901,21.127522
9.147479,6.841433,3.560729,12.318605,2.818978,3.368933
18.929445,13.215441,9.360316,40.324768,9.404356,9.771369
25.845961,17.276337,22.989695,60.032288,15.138066,68.689064
32.347481,21.592649,35.749390,128.017197,28.571939,77.505241
22.927256,14.754018,20.769440,86.579163,20.943716,30.686045
15.649940,11.294498,5.081456,10.862291,2.272997,9.324837
10.036840,7.290277,4.729662,15.505083,3.346473,4.576066
20.371490,14.717819,7.068387,11.259685,3.508987,8.161747
14.475095,10.533920,5.754532,16.829235,4.103262,13.196171
9.755301,6.603327,5.144860,28.577673,8.232944,14.385610
7.837979,5.756811,2.781223,11.191315,2.572829,6.186498
11.784366,8.323380,5.329292,19.762680,5.006950,9.581282
18.807211,13.401656,10.061117,32.261417,8.346807,18.958088
22.232580,15.642393,20.811630,60.527756,42.073544,2123.248535
14.228554,9.674602,13.864900,34.875591,7.912134,18.025045
14.466759,10.537929,4.464668,10.597209,2.756236,8.626965
27.734045,17.589174,45.227070,122.294266,29.696701,67.827896
18.152277,13.133271,6.296733,33.843246,8.484137,17.081081
27.261105,18.146250,12.480162,41.379627,9.064945,14.470615
23.007742,16.179405,6.224576,29.807018,6.141829,8.028955
39.875473,28.327869,26.964209,91.518562,22.321835,81.003983
7.336997,5.209090,4.777377,6.541170,1.245090,4.642593
8.471015,5.972885,5.815459,6.377026,8.220594,599.351562
35.007877,23.899374,10.368856,35.788670,9.280438,30.142700
18.721979,12.830606,6.495864,16.847654,4.084394,3.213898
45.365192,24.371532,43.870529,157.350784,40.184055,88.380074
6.038677,4.437696,2.663435,8.439883,2.541091,10.831937
11.435764,8.507560,4.050410,8.091789,2.953014,5.237445
11.592329,8.270086,4.448332,22.637110,5.784276,7.733894
21.539635,15.185287,12.162799,38.041534,9.563602,20.409691
5.836840,4.483844,3.096157,10.828094,2.787646,6.437147
9.080437,6.443473,3.153462,11.936413,3.331081,5.594016
11.657394,8.469850,4.233407,16.783876,3.774838,7.639159
26.033203,17.347439,9.503974,39.591434,10.712026,20.017061
6.161318,4.651289,2.209886,17.180374,4.059294,4.400246
19.694204,13.563729,8.648852,28.346119,7.134209,11.185558
18.917479,13.324591,22.351048,101.755707,24.115742,59.780247
9.579260,6.880386,4.259170,14.576855,3.757429,1.415769
22.426733,16.049122,8.155132,22.530075,5.402997,16.666203
14.319887,10.122938,4.090695,14.703396,3.649442,17.592941
7.940039,5.690533,3.077882,10.651543,2.097175,8.845120
73.945938,44.934971,45.955044,152.622925,39.110546,145.662994
5.996906,4.416677,3.067827,0.697110,-0.039077,2.822253
51.808136,32.353622,36.908623,118.146629,28.711044,86.480850
6.879171,5.444543,3.439008,8.109867,1.788003,4.415258
21.892241,15.101758,8.252397,37.076786,8.052551,9.093951
28.300949,17.227585,10.193598,38.933365,9.469083,15.706897
27.084990,15.914936,14.630144,55.121925,12.699723,30.872511
20.805712,14.665293,5.951703,17.232340,4.645483,11.290930
15.928617,11.516794,5.932610,22.749542,5.822928,10.803334
11.362535,7.829556,4.003374,9.877922,2.631071,6.863668
27.499496,18.897896,17.202597,60.127495,13.021214,26.451584
48.915825,29.587883,19.725677,84.564423,18.146965,65.022354
16.115227,12.068451,4.574066,14.068389,2.384997,3.089534
11.452284,8.040416,3.990855,15.199522,3.532581,6.492598
21.454767,13.463264,26.604584,102.685051,27.040762,80.367691
10.782341,7.425706,2.819895,10.986487,2.339851,14.556545
45.814762,30.476824,23.385736,88.506264,21.875372,47.825130
55.848343,29.724539,52.900345,192.939407,47.663914,128.022797
5.968413,4.574527,2.789897,5.764263,1.690073,3.809987
15.371039,11.324232,5.802587,20.452023,4.307695,7.334946
11.973177,8.298721,3.846002,3.555422,0.135290,3.783592
8.050240,5.597345,3.288743,12.091110,3.424921,3.753507
19.641821,12.850181,42.408279,179.939957,46.432053,47.166607
11.326585,8.115099,12.267099,61.074829,14.396696,14.099839
17.699335,12.604678,5.734914,25.064543,7.100581,12.659427
23.130032,16.561337,6.829932,16.339378,4.387267,14.549730
20.810574,14.352275,5.481688,20.616707,4.115888,10.283228
23.884806,17.605427,15.459322,57.216816,14.014923,17.587194
9.920601,7.120180,4.626269,18.448994,3.958906,9.791278
6.922561,4.944862,2.752578,7.796146,1.928777,8.937883
44.033428,20.504538,45.890324,141.458817,33.970196,137.701950
13.732504,9.763000,3.870464,10.703942,2.660173,3.399885
16.170618,11.938219,6.171651,17.423456,6.121256,4.808841
12.651803,9.606315,3.431603,11.284713,3.458753,3.155779
11.443802,8.146119,3.513458,13.233656,2.979032,2.158852
64.040764,36.179470,36.280895,169.970078,41.829163,210.297226
42.610020,26.806404,21.154861,98.382515,25.325254,115.750557
4.796261,3.577123,2.196772,9.032431,1.835129,2.882949
21.595041,15.427568,5.391207,28.843285,7.080775,36.147442
20.622669,14.532741,6.976529,25.997694,5.914752,3.340480
12.509962,9.009399,3.356286,11.531679,1.797001,3.388831
37.791851,25.461269,13.092652,41.183884,8.949777,7.444152
15.760353,11.414467,4.321047,18.358889,4.554294,11.218404
26.827488,18.932373,15.104600,41.208797,12.028608,37.553913
6.224465,4.634285,6.016756,21.346628,6.282648,6.366632
4.298719,3.227698,3.685240,17.687202,4.312182,4.823820
7.204395,5.608746,2.320760,7.059752,2.768538,1.246299
10.461342,7.677413,3.746734,10.178737,2.688607,11.611243
10.546955,7.674015,13.852401,44.534039,10.904589,17.891352
17.877552,12.271067,4.740506,26.662867,6.477324,45.903946
17.824389,12.704538,4.735559,25.417021,5.357485,5.263400
4.272993,3.373600,1.832986,5.948039,2.016698,1.564254
18.585688,13.257364,6.240624,20.645887,4.719595,7.594790
3.760946,3.033842,2.316002,10.740014,2.894606,3.618960
25.366198,17.805132,8.283124,24.860712,4.935839,19.867229
23.862829,16.538382,8.051637,32.745434,8.547559,3.543198
11.509626,8.506641,3.841602,15.331586,3.861420,13.717977
7.904976,6.038722,2.788059,12.065014,2.786920,3.046269
5.769839,4.173747,2.191961,13.420044,3.122265,1.749970
34.177727,23.097094,12.522818,46.852757,10.553310,68.123131
20.508223,14.381390,15.975321,28.389429,7.156781,18.295053
8.772835,6.548232,2.895934,13.923920,3.336333,2.348291
43.328796,26.369797,41.738693,150.207489,36.768425,48.514221
20.070272,14.391953,9.123123,32.948021,8.153505,15.019876
14.882285,10.258448,13.089287,60.098656,14.772428,30.388737
18.268505,12.863680,3.355512,20.197287,5.469906,5.003529
7.941792,5.888742,2.701254,8.103350,2.974097,2.372897
10.900495,7.552329,4.339718,13.662461,3.060889,12.325512
6.185366,4.899691,2.865313,11.270041,3.387404,4.980065
39.807217,25.613895,15.418222,45.539532,12.427212,52.112968
24.846855,17.173325,21.013281,71.292679,16.897959,51.850174
37.882401,25.520874,19.050846,48.159203,11.958894,52.473595
6.580830,4.896102,8.199913,23.168058,4.717287,4.690917
57.696762,29.317787,52.841003,192.190292,46.522453,163.098312
7.033208,5.359920,3.440918,3.069618,0.375678,4.293300
11.607837,8.830709,2.968328,12.724811,2.783320,12.029145
22.927965,16.652573,10.531559,35.332714,8.279391,11.635961
5.007196,3.627166,1.964705,5.532330,1.348778,0.351260
49.632763,22.585245,21.032228,64.133873,15.054924,49.219810
48.362343,22.256088,29.753345,105.248718,23.180874,59.633854
14.746984,10.542526,3.635342,19.642838,6.025705,5.815400
32.741348,22.457703,8.528366,14.699658,9.784393,606.857544
62.535362,32.209782,62.528625,56.457817,79.884773,4471.152344
27.060991,18.152321,10.874249,22.803173,6.706158,6.052361
9.271065,6.784854,6.466096,39.954044,10.378298,41.487991
10.347322,7.241861,4.406661,11.670772,3.290644,3.854446
12.057226,8.943776,3.591255,19.131178,4.764641,2.922768
10.497693,7.457791,4.274768,13.918943,3.911736,12.405272
18.588173,13.707866,6.077211,30.668613,6.739697,14.343640
17.186071,12.493798,5.494407,14.010654,3.471004,4.889166
19.211414,13.132343,18.940968,94.232277,24.101068,73.271355
35.595184,22.225704,35.318527,81.551109,18.868176,44.048767
12.578960,9.031494,3.505767,20.301172,4.030102,4.284584
6.404355,4.838966,2.834220,19.897388,4.482263,9.803244
46.673740,17.232040,28.044195,121.508713,30.385983,79.665192
44.093342,17.246229,27.484697,131.501053,31.235756,73.089294
16.814650,11.974706,7.085945,25.392540,5.974183,5.560568
11.021300,7.964323,3.327806,9.907803,1.863869,3.440282
26.999640,17.671072,10.525723,27.356127,5.584889,21.623087
16.456106,11.645642,6.699292,37.675392,8.309144,23.671242
21.491817,14.377051,42.126240,74.886475,18.623499,72.505013
12.448124,8.815450,10.082397,35.087025,6.096871,12.942093
14.683846,10.162624,10.115964,50.191319,10.750724,29.124058
10.596162,7.370728,4.342157,25.217773,6.593163,9.235437
20.068872,14.375345,7.340302,14.322051,3.640086,25.271408
19.848085,13.582576,6.618275,17.139826,3.474530,6.064896
8.541972,5.990628,3.802294,18.242756,5.296005,3.681674
28.190746,20.042095,7.667492,30.352245,7.712544,10.511937
6.106147,4.559675,2.490875,5.007885,1.159287,2.592656
5.836824,4.362491,2.580414,17.158558,4.918548,1.414336
34.315369,23.048250,19.393398,14.588145,14.465067,909.032104
16.994854,12.432343,5.512056,20.621559,5.479160,8.089284
32.751892,23.121101,15.338195,27.397467,7.404238,17.365152
8.587081,6.221205,5.011098,14.102626,3.156743,9.028104
4.793767,3.572359,1.705633,7.773881,1.455623,3.137039
5.422186,3.957226,2.326164,9.218460,3.903721,5.666087
15.928675,11.020542,8.982166,35.809692,9.221588,13.907778
7.745994,5.442013,3.327942,23.618027,4.720413,12.416296
24.326479,17.171486,5.224194,29.710968,7.171957,10.532876
18.184242,13.571277,5.848456,23.456863,5.338295,4.107203
11.228242,7.897473,3.960816,15.986757,3.634964,15.167053
19.146017,9.502609,6.645136,19.418785,5.167044,9.522190
19.020935,9.496345,6.478382,23.018717,5.472372,9.007994
18.927225,13.338531,13.385972,17.159058,42.065411,3027.350342
22.970451,15.507962,13.296211,43.389744,26.560514,1522.369751
10.472193,7.071960,5.544917,18.762615,4.761573,7.092390
13.165177,9.795989,4.065053,14.246517,3.830639,3.255941
5.051152,3.575318,2.394342,10.451650,2.425778,1.149614
69.780777,39.080719,31.893417,86.824036,22.330673,60.285480
15.931157,11.571936,3.922409,26.261276,5.555303,10.439671
18.640003,13.153089,5.958130,2.919445,4.181500,315.054657
17.077929,12.030763,9.215673,20.170509,4.754183,3.214465
4.576579,3.440447,2.801241,10.056804,3.100547,8.115611
9.322595,6.918740,3.061653,9.118446,3.055740,10.579477
36.932838,24.822203,15.229321,59.557465,12.676315,48.241257
8.519916,6.006290,4.151492,17.834927,4.708847,9.397367
43.524414,29.103117,13.404307,52.502628,12.750618,35.653980
15.598056,11.336239,6.206442,17.827639,4.656790,8.519288
12.505446,8.454057,4.091049,18.281214,4.454845,4.454897
41.195377,27.276098,13.384738,40.878414,8.271989,19.498346
33.003727,21.490353,6.877447,34.376431,8.981685,6.872044
7.956563,6.016150,2.717606,10.074691,2.537177,17.673748
48.359154,24.008020,76.216278,248.472992,62.498932,129.971954
25.342773,17.649317,10.176758,45.306248,10.672462,19.100250
23.200035,15.897118,9.293508,43.935959,10.401231,48.551842
12.960807,9.605374,4.047458,8.201006,2.288438,9.857690
9.515612,6.837735,4.956049,18.555471,4.457126,8.049551
12.229884,8.749250,4.352493,14.593040,4.120720,4.146093
8.914306,6.613193,3.065285,10.827855,3.086172,2.435285
18.129101,12.628732,5.656351,14.251700,4.178740,5.323346
12.212939,8.090406,2.518800,20.742741,4.977657,4.806724
71.335541,31.565361,155.016876,528.705994,130.096085,569.977234
5.069532,3.852009,2.392398,5.442407,0.968900,0.877116
9.500373,6.526261,3.352113,11.970420,2.199704,13.388321
9.186037,6.733307,3.529324,12.426415,3.600191,1.383252
6.429563,4.685530,2.864069,9.570283,2.736047,4.319763
16.485027,11.644518,2.506126,25.798294,7.645844,7.921975
4.710394,3.325284,3.347537,22.753082,4.758700,7.181487
21.571745,14.515583,9.800182,33.602329,7.752272,7.944646
9.978993,7.103084,4.072418,11.202401,2.670869,3.510365
14.754022,10.127642,9.127021,41.285713,11.266597,22.564047
15.135674,11.072723,7.169031,12.509381,2.201261,6.366619
15.175955,10.526779,7.208671,29.020184,5.864491,15.494919
20.629288,14.617564,6.507275,23.497156,6.660094,13.382017
6.640741,4.985045,3.687904,13.781360,3.966622,7.490428
17.255228,11.763721,5.036610,14.829970,3.349468,6.559274
8.761386,6.299133,3.459964,11.551657,2.905751,1.740773
25.679050,17.678999,7.665067,24.843712,5.044390,12.945276
9.458197,6.799748,3.375853,11.843729,3.774520,2.919712
10.091921,7.556984,3.984692,19.675699,4.045883,4.574824
10.356923,7.435575,5.514878,16.671757,3.908617,12.154156
7.418375,5.256230,2.669540,12.031631,2.103893,5.502944
35.458672,22.080193,22.263426,70.131668,15.877344,51.865967
34.550789,22.616842,21.347643,53.731911,11.282986,31.607826
39.823166,26.726620,21.117641,26.370859,37.765072,2976.162109
5.025674,3.647763,1.634491,15.743185,3.317832,8.901540
34.394623,16.494938,10.007432,38.105637,9.817364,20.076792
36.585583,23.519434,11.887061,63.359184,14.240831,13.763287
9.362635,7.000632,3.921137,13.610762,2.430609,6.622346
34.260590,23.146317,14.698975,69.437683,18.405518,48.932152
15.545738,10.774874,4.780758,18.099529,3.596863,2.587189
9.718896,6.620705,3.777551,7.663585,3.280507,13.602023
20.216627,13.936102,5.767354,25.373896,6.840992,10.605575
13.763013,9.765961,7.819017,21.374765,4.771757,11.544369
21.140005,14.482061,8.495571,35.594849,8.470704,22.441008
13.626863,9.564937,3.694271,11.674701,2.502113,4.994733
19.752192,13.852945,11.154936,47.949291,11.002111,12.171453
38.885651,24.682655,19.889738,62.718391,16.050200,22.711889
19.206282,13.319980,5.579935,24.129513,6.582951,4.252203
23.765907,15.371138,19.560480,108.084480,27.539671,12.701369
5.553801,3.953031,3.000331,10.476467,2.176318,3.604944
15.484490,10.579726,17.069937,94.175903,26.482748,31.724609
14.317896,10.298398,5.354332,24.356552,5.813496,13.308321
23.544397,15.520109,8.986304,45.208614,12.293972,4.177548
30.365507,20.182352,9.317810,40.741959,10.633042,24.111113
10.735950,7.847583,3.607859,12.782150,2.859403,7.265350
12.638054,9.177757,3.633797,12.330989,3.810814,2.598777
12.160142,8.979829,6.218110,29.609591,6.444479,2.789606
37.795586,24.774841,10.249466,32.818398,7.424887,28.394323
16.490810,11.463034,6.346425,20.765749,5.610837,4.723666
31.303488,20.086275,35.650440,141.831406,36.168194,63.100510
5.865694,4.365776,2.891134,8.777066,2.709137,5.455246
32.177944,21.784479,8.870974,26.403631,6.192094,5.808886
37.594784,25.055151,13.755865,44.897293,12.273669,38.161201
13.125330,9.359813,4.186062,12.482676,3.705045,4.769310
7.545599,5.511168,2.778664,13.088783,4.326541,6.889730
29.400742,19.690941,12.844162,44.851746,11.527825,26.181265
9.118151,6.150576,10.050928,27.829720,7.179643,17.288950
21.433897,14.560671,12.953972,51.155487,11.206738,16.006445
6.755342,4.738898,2.492745,8.569745,2.603963,6.100700
15.359019,10.658085,5.472477,21.148085,4.284695,23.346376
10.622965,7.336123,4.106864,16.629562,2.564650,4.225698
4.435820,3.122995,2.415031,9.988031,2.798741,1.360407
5.779921,4.172923,2.363918,11.118863,2.485123,5.891382
31.650551,20.671116,12.440535,42.964886,9.347205,27.373917
24.443762,16.143040,12.738125,49.808197,10.818408,42.065624
9.577177,6.962181,6.021532,31.363144,7.911902,29.937754
17.204798,11.958420,12.318737,42.872112,10.223657,5.107604
13.536582,9.615849,4.304186,11.678716,4.456452,6.228172
40.964634,26.533257,26.186039,78.064873,19.553469,75.364952
51.959469,29.512722,25.445442,26.081480,4.918374,108.608421
40.783886,24.726425,34.415833,125.915794,28.076136,48.672729
26.714754,17.433424,9.025229,28.492937,5.697809,24.013172
5.313502,3.961245,1.875366,9.261971,2.220638,0.718946
81.529549,47.288399,31.751453,99.230515,21.982710,43.690521
8.010566,5.942096,3.260604,13.570642,2.421412,2.230382
25.544245,17.686758,7.213627,27.507320,5.652383,12.057634
23.105844,16.144175,8.584347,33.055481,7.752380,28.836199
31.447950,19.310766,27.997147,120.762100,29.672224,76.908585
19.501717,13.157154,8.917744,34.925690,8.034258,40.524612
12.038591,7.959088,3.506416,9.159217,2.828329,5.248358
20.284048,13.544530,5.864365,20.969389,4.707747,8.778719
14.514375,10.572109,4.932145,21.180372,4.972807,20.110613
4.311705,3.203870,1.993668,6.092849,2.512039,6.966516
35.244457,23.109711,29.968719,71.017776,16.401360,88.739304
6.948348,4.707060,6.610442,22.783976,3.873591,4.398447
6.349163,4.794727,3.124079,9.500550,1.434836,13.887938
4.262618,3.183674,2.351104,8.899639,1.660060,1.468007
49.025166,26.107298,50.789467,209.850647,52.881741,152.057663
8.127083,5.534086,2.503295,11.755307,2.609534,6.440703
9.003124,5.132356,3.574652,9.408966,2.777703,3.984680
6.279194,3.290250,3.251634,12.310845,2.806132,3.993646
9.534300,7.058387,3.237757,5.200548,1.586847,1.526163
43.464504,23.439724,59.367447,163.301071,39.947342,87.311722
6.259483,5.079249,2.555491,14.227565,3.323907,3.852905
8.139356,5.639851,3.536659,10.218817,2.723614,7.279205
36.952682,23.416098,10.266013,41.429306,9.150471,13.579574
10.070872,7.072468,9.403572,34.875378,8.540314,25.569044
10.348471,7.598770,3.942462,15.725519,3.072016,24.827181
14.313645,5.426172,7.244452,16.130291,5.396231,18.339607
20.605005,13.187864,10.655875,43.352398,9.917589,29.227036
19.799862,13.916989,7.065890,30.515869,6.721359,8.795361
48.402279,29.120884,23.772959,62.044018,14.925364,29.662346
54.081589,30.492060,50.507095,188.076920,46.479858,136.721588
20.071156,13.197842,16.681637,97.937187,25.397964,68.178520
4.617990,3.221265,2.183955,11.306451,1.789831,2.748936
8.141243,5.726501,4.731390,30.147705,7.473766,12.459307
17.246569,11.896826,7.423837,25.298195,6.826262,7.723123
7.111909,4.904870,2.884478,10.866734,2.582272,2.304381
6.213051,4.146878,4.902098,11.728484,3.702240,9.365808
8.917809,6.589088,4.590532,12.329714,2.882059,7.707075
22.260754,15.178622,11.373186,46.534523,13.033404,13.463037
38.957882,24.880129,26.225607,83.132439,17.936804,73.354965
21.142378,15.160710,7.416220,22.225975,5.193726,12.567697
27.628149,19.353537,16.619667,56.040703,15.325113,97.485130
21.034431,14.566235,11.909513,23.877338,5.518684,5.133693
9.820605,4.311404,3.088175,14.881540,4.402457,8.469718
7.886633,4.274259,2.479814,15.390080,4.308181,8.072820
5.845051,4.320793,4.752650,20.136684,6.126717,10.591773
10.843113,7.833134,3.576843,11.823691,3.065737,8.783929
47.295708,30.890507,18.062685,55.928345,13.557775,27.605848
20.095978,14.170564,7.464601,30.876717,7.637339,8.258192
16.392849,11.256319,6.220748,20.934872,4.308546,15.585443
18.560257,13.198355,7.595996,29.783360,7.082542,20.916752
12.442763,8.995112,5.052650,13.073724,3.434235,1.218972
18.541492,13.206626,7.753527,19.400846,4.381356,16.655865
19.813873,13.509384,6.262536,17.958445,4.268138,8.731064
25.677681,17.665010,12.224432,42.837608,9.616982,10.103025
34.902126,23.719378,9.656735,46.042397,10.007935,33.105446
27.581156,13.523985,21.705402,58.484612,14.081974,15.594369
6.470283,4.984828,2.809596,10.564409,2.346168,2.225577
29.036482,18.339832,34.618458,86.213173,21.827980,25.910282
41.857319,24.281649,25.514948,70.683777,16.498043,42.115360
16.487289,11.813280,3.717536,11.847873,2.992068,7.942978
9.186260,6.732078,3.650780,15.277114,3.498040,9.041281
23.682634,15.684644,26.125658,113.521072,26.036629,72.365211
46.497051,29.467329,19.091026,17.485752,25.934813,2164.691406
13.385679,9.675788,3.539510,13.616497,3.083641,3.811643
24.255379,16.950970,8.774690,32.851662,8.488851,7.143417
13.581229,9.529757,4.512679,4.908754,0.347327,2.439571
9.351608,6.874945,4.067091,17.109179,3.215192,0.897481
6.996488,4.802019,2.459206,10.929556,2.393742,2.689265
14.205109,9.491870,6.350389,14.932412,3.990095,22.667957
13.952196,10.260753,14.969395,76.401070,16.363237,17.151129
18.460817,8.989913,5.365577,23.652594,6.765993,5.679901
14.767166,5.736215,4.832783,26.841906,6.386806,4.074419
17.719730,12.417664,6.709045,29.790682,6.794448,12.584816
40.058315,26.035423,51.002766,218.576111,54.669376,93.016281
10.771234,7.737386,3.509155,18.727795,3.599007,3.464970
23.060555,16.398296,9.068487,40.255245,10.235395,10.962939
6.969478,5.166019,2.546266,8.973850,4.493329,7.427711
7.941036,5.402330,3.251152,13.743889,4.312386,8.745108
12.785645,8.910174,5.347777,3.712982,1.556196,5.782258
6.204664,4.267739,2.534374,14.457913,3.470382,0.730251
10.801084,7.383763,2.630111,19.493399,3.799762,16.744774
13.698693,9.604616,8.358020,20.749435,6.978986,4.970915
4.255916,3.087546,5.344279,20.167412,5.329160,22.010664
19.868757,13.480558,7.846242,41.330929,10.314638,26.184151
41.412163,21.995918,78.290634,294.282196,71.844528,148.955688
55.770157,30.840761,59.077229,180.730820,41.460224,102.938980
8.976665,6.623557,3.052769,16.984383,2.992132,9.012999
12.966321,9.104403,4.393513,19.745934,3.891154,7.628574
13.218703,9.310388,4.398238,9.228350,3.707950,3.020960
12.196640,8.862509,9.458569,23.476002,6.447888,14.340921
17.844069,12.272206,4.793828,21.319340,6.134880,10.737853
5.611146,3.644742,2.238502,9.968575,2.312054,6.800446
16.328098,11.562937,4.431011,18.486032,5.181717,4.864520
5.412381,3.533867,2.223532,7.424875,2.125944,4.331437
6.502155,4.892801,2.235645,10.771726,1.891131,3.950076
55.258759,35.030754,18.682154,62.570461,14.404556,39.085583
24.671698,16.672575,8.619460,29.673626,7.258781,23.370575
8.085205,6.018860,2.643662,14.804663,3.151006,0.395149
15.260581,10.965802,4.103737,7.970716,2.678219,5.406723
17.306786,7.102454,7.108273,24.632082,5.185148,14.096747
16.612843,7.138939,7.048308,24.680458,5.031772,12.953481
8.008551,5.627898,2.473916,22.312756,6.339180,20.923162
11.595907,8.678700,3.669625,16.535530,3.427172,9.007419
11.443443,8.107605,3.691127,17.166063,3.540484,3.468978
20.757809,14.653152,8.095737,18.664911,5.333789,20.057756
11.887540,8.453435,3.211681,14.901377,3.554333,25.277128
15.308315,11.031497,4.454984,15.483721,3.045675,17.209215
5.567740,3.863369,6.877028,16.382803,4.594062,6.587660
6.460917,4.765553,2.633247,5.410284,1.893261,1.593386
16.506310,11.336927,6.951599,12.164677,3.769809,5.340589
17.525362,11.667728,4.381991,19.604504,4.313481,8.479439
12.369505,8.657216,3.411409,15.374411,4.570743,14.816005
20.703035,13.973880,7.403808,21.078308,6.033130,27.192162
6.914600,4.866183,2.362127,10.901331,1.918475,5.165881
7.775282,5.366792,3.795333,13.192861,3.342809,5.956112
26.792866,17.910109,15.982855,57.230373,15.169131,98.210068
10.782054,7.735180,3.238634,15.205086,4.088490,2.149377
11.361541,7.851849,4.537208,14.249428,3.023908,4.198682
12.672601,9.218935,3.390229,12.953743,3.094976,4.644416
26.378365,17.087894,16.104288,74.170685,17.056810,18.636936
15.635744,10.572397,4.745003,17.683529,4.552374,3.624475
24.294704,17.050371,9.150043,29.058620,6.836150,12.482813
8.428224,6.185023,4.359446,19.123327,4.646884,6.898787
10.712755,7.450375,3.593163,12.830007,2.877359,3.226552
36.479084,22.874821,15.095571,43.971119,10.725197,16.440691
18.029346,12.739519,6.448999,37.721863,9.319602,38.820354
5.902920,4.173606,4.873175,11.130533,3.796706,2.326157
15.265471,10.795141,2.805583,10.873778,3.051260,11.723771
4.492615,3.364692,3.592543,19.236267,5.353436,18.830532
12.692632,9.069413,5.196990,13.761327,2.719005,3.561478
14.148508,10.146045,9.913074,61.386890,15.047266,43.541275
10.958860,7.843394,3.295193,11.034305,3.477879,1.996175
5.894818,4.114736,3.943895,16.261616,5.110873,3.937842
23.511843,15.757797,9.695253,35.406384,8.904557,24.340389
16.411352,11.024507,4.861794,14.005619,2.988144,5.480646
8.435093,6.210416,2.392189,12.306088,3.364486,2.477011
18.178432,12.788132,7.527855,28.450825,6.940946,6.999722
37.053062,24.045584,16.992949,44.326038,10.769939,13.861798
9.469153,6.600329,3.633996,13.903653,3.923057,4.257952
24.312904,15.298394,32.747356,104.322479,26.343666,183.142670
19.671600,13.881072,11.911328,37.356789,10.478522,19.986738
10.112859,7.253162,3.771410,13.203912,2.780475,14.638216
24.948797,17.406555,10.340388,43.443939,9.621639,10.131426
45.167690,27.526497,30.302650,111.100388,25.477200,65.848167
5.777981,4.039670,3.830589,13.979714,4.737460,16.913103
46.906281,29.149681,21.755463,69.005157,19.296722,64.897881
10.539449,7.576426,4.439034,9.961373,3.687236,3.486966
11.225800,8.173021,4.044962,15.909774,3.689338,1.528393
13.924549,9.672446,3.705587,12.864218,3.621866,13.499534
17.711790,12.404046,5.130939,26.391531,6.637916,10.320617
27.557388,19.226297,9.064288,32.791939,7.282631,13.700914
17.274681,11.871066,24.954542,76.924438,18.342155,38.200886
17.851450,12.276587,4.269894,19.594597,3.946239,9.369096
49.182274,32.375824,15.552790,54.587219,10.995679,28.745371
35.634689,23.654863,12.594558,39.482048,9.619058,49.587204
9.434390,6.684908,3.190766,8.521556,1.999495,1.198449
7.915010,5.563623,2.969632,8.944156,2.706117,12.039322
22.587761,15.678425,6.386172,14.720345,4.601040,11.116398
14.617696,10.268193,5.649980,2.459143,0.802526,6.411279
5.386381,3.894809,2.267430,1.821985,0.732187,3.949277
13.751305,9.425261,15.028762,52.909042,13.237416,18.949419
8.919688,6.290306,2.682098,10.071513,1.405268,6.241711
12.462795,8.910267,3.424878,6.758757,1.999560,8.876270
17.099270,11.678261,5.958821,16.463285,3.715272,18.330681
8.247878,5.838370,7.419539,25.726665,6.973320,8.422588
22.074203,15.151064,6.843301,14.158966,3.597752,5.818003
22.253744,15.527421,8.748617,24.304348,5.381200,14.866748
11.964536,8.884101,3.316108,13.365468,2.714047,3.849175
14.634506,10.302249,5.154526,22.079185,5.666489,15.783630
24.374449,16.564857,18.066519,54.960835,12.375893,21.630280
4.693916,3.847939,2.898419,15.035868,3.131443,7.686827
21.977242,15.024705,11.889411,38.649261,8.468478,8.904301
7.260760,4.924114,3.206624,9.595284,1.793219,6.451052
54.987614,36.380951,20.138083,52.921719,12.289900,35.032341
11.179516,8.102601,3.553342,21.187658,3.691311,1.747725
30.904818,20.299160,12.166247,32.792786,7.979532,26.630663
30.294157,21.007271,19.909239,76.420876,21.141611,56.917202
15.656604,11.176437,4.570905,18.261150,3.971081,5.370626
22.741392,15.743464,6.895201,23.496510,5.840071,3.060326
10.039989,7.295491,3.821375,11.873992,3.645726,11.291496
5.208663,3.868073,1.562177,10.996163,2.498262,3.039842
12.677856,9.151013,4.538507,20.955914,3.991805,11.940852
7.943142,5.429430,4.825444,28.571171,8.438905,5.755679
12.482982,8.977536,4.580029,17.811123,3.252087,10.716893
13.755834,9.557897,6.208739,23.538927,6.400018,21.648531
10.369897,7.910538,2.937323,12.262019,3.065487,4.391605
39.107193,25.445007,10.130615,34.801708,6.979917,12.660456
18.918978,12.721641,12.012943,42.523014,9.467743,8.909501
22.256107,15.325050,6.271426,23.600861,5.395200,4.274929
37.667423,24.975557,15.687892,59.763100,15.451918,44.223595
16.988415,11.633180,8.086538,25.548153,5.946918,17.823038
12.350953,8.813331,4.694011,18.693441,3.832944,3.461174
22.577183,15.930733,7.825430,19.329523,4.125537,11.084045
9.165670,6.876962,2.203515,16.057577,3.264448,6.398498
24.485687,16.397434,7.110675,23.806490,4.524246,9.679681
9.251269,6.329982,3.042007,6.462791,1.642502,2.672801
13.583671,9.559165,6.144434,21.770857,5.688974,13.608048
8.670867,6.351625,3.753316,11.272338,1.824191,6.593076
26.086628,17.513338,4.778186,29.642561,7.490138,24.899967
5.092350,3.967932,2.640689,7.826611,2.686973,6.558863
25.102152,17.456329,11.367052,35.350803,10.439034,9.100340
13.175124,9.068198,6.029489,18.949688,4.494522,18.256775
20.112812,13.557321,17.606541,52.054764,11.895432,58.124935
24.359678,17.155426,5.556986,24.284847,5.042508,10.995317
4.954173,3.291429,4.975194,9.734930,3.620589,9.041640
15.944403,11.310299,6.180693,17.130678,4.598228,3.290118
25.709372,16.470570,12.600308,47.094257,12.518888,35.222744
15.817415,11.138600,8.693573,32.566956,8.447189,28.065489
11.776557,8.128169,3.921854,14.936871,4.050194,4.786899
4.385130,3.159927,1.842910,10.632893,2.078253,-0.074676
12.782482,8.870979,5.047739,11.625405,2.770908,7.401223
32.094238,21.680367,9.297192,32.598248,6.956633,14.028409
19.899481,14.237838,14.975359,10.472860,28.865616,2131.102295
30.695826,21.587231,18.873940,64.005638,15.961213,52.170586
32.908596,22.178841,11.754232,33.097439,9.099654,12.019517
29.925966,20.595255,18.751080,62.093967,15.179070,47.179867
17.883207,12.794856,5.993045,16.659775,4.076062,12.398315
16.924097,11.877526,4.897697,12.732722,3.048999,2.792058
10.576518,7.678371,4.380405,18.074091,3.070933,14.601965
13.239156,9.465153,6.339536,13.721603,3.031705,8.450090
9.294853,6.707899,2.821086,13.375362,3.513744,13.800466
6.952526,5.044989,2.537450,8.207006,2.820186,6.807161
5.132084,3.995954,2.114908,12.026779,3.084242,1.861239
14.778417,9.925856,5.845244,18.753132,5.492900,6.180173
9.516110,6.975046,3.480519,10.692869,2.607259,11.288729
30.989471,20.069468,9.053441,36.922741,9.523797,33.377163
4.123603,3.355986,2.876355,11.963886,2.238530,8.704567
8.174864,5.738965,2.946292,6.019244,2.181022,11.136792
10.131561,7.659417,3.852578,9.489082,1.354500,3.510881
11.427665,7.694281,8.311111,30.621603,7.046885,8.217123
11.263786,7.659323,3.002396,7.652291,1.449018,3.566785
47.265072,28.780169,20.805857,78.832115,20.031773,34.465492
8.482514,5.545844,3.896715,5.695742,13.768964,1118.455811
27.301222,18.441946,9.424511,43.519268,10.557887,21.038620
6.633543,4.552640,3.992138,10.266515,2.656143,2.051942
25.680763,16.759449,26.460083,101.356346,21.195549,39.249619
18.426598,13.193495,5.411197,17.903208,3.298923,6.323062
22.577108,15.740881,6.346467,30.214537,8.480815,14.982467
13.819809,9.474950,5.661121,31.010626,7.439820,6.018197
53.169735,29.903814,81.827126,227.177536,57.895687,163.369217
33.205605,21.160465,17.029978,54.472603,12.392235,45.059734
12.229920,8.958906,5.424047,5.539033,1.868545,4.749985
8.090020,5.578267,3.312566,20.362560,4.872019,19.908482
5.242675,3.622823,2.259211,8.773899,2.181677,2.165696
8.733260,6.461422,3.058386,13.697993,2.940989,1.857076
16.322008,11.215546,11.570360,37.570259,8.917184,25.606419
46.074791,28.294001,11.521488,38.061676,10.324330,9.447923
24.628094,17.283531,11.288860,35.206673,10.486352,50.699898
70.873734,38.530533,34.034233,138.371552,35.506794,95.628586
43.817566,29.324219,24.201262,126.881569,28.641600,54.299397
10.505560,7.712375,3.609152,16.218945,3.367946,9.163730
11.984754,8.091636,7.508423,34.306507,8.190821,21.311655
20.738857,14.594145,6.091202,20.468048,4.968379,23.632860
6.133039,4.277753,2.517651,8.885713,3.359009,8.133985
11.518231,8.094662,8.730169,43.699894,9.264260,9.319839
20.787781,14.635827,6.670420,16.966824,3.417105,20.538643
16.543148,11.860552,7.309771,32.854336,7.829891,11.953660
16.734665,12.402507,4.850834,10.977035,3.356869,5.067263
12.987465,8.935675,14.874021,64.308052,17.011480,42.452656
17.581902,11.605895,19.061451,55.396023,15.330060,55.497406
8.852550,6.226563,2.216552,13.393757,3.441527,3.538584
6.714459,4.738993,2.815053,9.829344,2.472520,8.165365
36.879009,24.228329,15.204832,60.590340,16.277287,33.868492
18.965414,12.894603,6.739403,24.566654,6.174058,11.414452
17.093140,12.305444,4.314596,28.369902,6.701549,10.491462
29.756325,19.403906,21.741695,40.324333,9.739164,46.569683
11.117161,7.781812,3.930984,23.817818,6.335219,1.483136
13.598197,9.734412,6.863296,21.193560,5.755266,4.110613
19.488272,13.700340,5.412330,40.065929,9.556711,27.252686
10.413022,7.263452,3.649534,14.094875,2.596622,5.803052
57.989059,35.632801,18.824312,44.721432,10.293679,35.398643
6.268363,4.542592,3.316534,25.334738,6.230027,4.128747
13.244543,8.853548,4.296178,12.194880,3.286037,4.424371
22.265802,15.655855,6.407602,23.012375,5.706635,19.252642
5.820870,4.224790,2.276859,9.311027,1.233207,2.923159
11.144152,5.501124,3.592604,12.984925,3.089888,12.769798
12.354606,7.722914,4.220545,14.934911,3.136842,7.039462
49.551464,31.571678,15.347669,13.576842,38.192921,3105.403320
14.319793,10.568909,3.638599,13.249507,2.530262,1.698411
13.919133,9.860937,4.013930,13.364337,2.774611,7.514612
8.045320,5.870464,3.339365,1.872356,0.350576,5.495643
27.503603,18.723495,11.606113,51.912373,10.675295,47.024910
13.465991,9.850782,4.408604,14.202949,4.195312,9.480525
36.829426,18.039946,11.914166,42.156368,10.880254,38.342358
8.386575,6.079420,3.081892,13.980125,3.068955,16.272367
4.307720,3.118881,1.977264,7.637213,1.562300,1.459973
12.939505,9.272736,4.111040,13.180853,2.937042,9.714900
23.126921,16.081324,13.086097,35.304897,8.627515,24.793013
31.349100,19.123537,25.773758,71.548721,16.523441,34.351475
10.937435,7.871208,3.887127,9.114307,2.373998,12.636953
12.434675,9.179275,4.403566,12.392665,3.364756,8.012651
5.601005,4.152047,2.519232,10.515142,2.840833,3.558648
8.558470,5.832862,9.185293,31.872566,7.602329,50.129486
19.268787,13.320354,8.666920,30.678816,8.065651,25.732325
30.900595,20.523033,12.022884,40.233639,10.609566,19.693110
21.887691,15.171781,6.120366,24.607336,6.957789,6.725464
6.234257,4.115178,3.073392,14.204145,2.754169,5.045033
38.442223,25.441677,17.629135,44.344929,10.961575,10.495209
12.715034,9.112067,3.574856,21.611895,5.269834,15.257487
23.457882,16.485374,11.248557,23.281260,6.346494,12.077237
7.677099,5.541630,2.599309,9.864055,2.031953,5.633777
10.405649,7.303884,3.268374,11.428654,2.625061,2.810579
4.842731,3.460713,2.535914,13.552386,3.657149,3.789445
16.297905,11.510905,13.737154,38.780704,8.843579,16.129522
9.123064,6.689679,3.180432,9.793653,2.267395,3.588692
12.126096,8.405661,6.333639,16.052008,3.640748,10.969647
11.380256,7.808119,6.675808,48.972404,8.442633,5.797482
8.394416,6.317808,4.048934,13.622825,1.906199,4.264864
11.923617,8.325663,5.819901,30.253820,5.625108,14.759148
45.682377,29.862415,71.488991,68.684029,17.614784,84.058540
11.063114,8.246540,3.411302,10.995456,2.253731,3.828922
16.269085,11.873325,6.292960,20.109789,5.002687,7.620116
14.403347,9.524879,13.718515,61.293411,14.605409,11.806695
10.226301,7.481319,3.146359,17.485420,3.507385,4.997455
11.307734,8.483737,4.581093,25.268805,5.800550,7.873177
13.225801,9.750531,4.992529,27.724808,5.775261,11.213146
20.101583,14.252315,6.626683,13.080035,2.852737,5.922664
7.489122,5.383815,4.967168,23.361637,4.676985,37.530514
20.666166,13.936204,3.886640,24.122458,5.580945,22.227859
136.524734,61.890800,122.965111,427.101837,121.288132,1771.924927
5.697647,4.236329,2.372922,9.656624,2.587620,0.278347
8.305462,5.983619,4.682575,19.063877,4.493116,21.966143
10.109003,7.311434,6.656375,22.914371,4.445483,7.761451
15.607082,10.832259,4.880201,31.105320,7.448243,12.383210
48.572575,28.051685,26.833288,100.136116,25.319590,75.916382
19.286381,12.192571,7.417892,24.295195,6.357359,14.107052
32.782269,21.931170,9.352962,38.238697,8.509949,41.600933
4.797356,3.126907,2.534497,16.784494,3.587352,16.399576
9.624691,6.720701,3.974663,19.367315,4.042026,23.124790
20.964790,13.214686,12.911310,51.624592,13.627673,71.685471
56.468391,35.971756,55.115913,204.574493,49.548985,88.556526
5.866438,4.572317,3.427451,7.935654,2.716900,4.245033
21.107639,14.647222,7.314730,24.912174,5.628842,15.722126
46.612194,30.206322,56.169739,149.668121,32.844414,82.795891
24.432774,15.318080,19.309422,66.683113,15.621744,31.147478
30.666010,20.989674,6.516554,33.753838,7.948197,24.616774
12.657399,9.153989,6.164817,16.941906,2.320904,6.243721
17.451200,12.483668,10.985950,42.139912,10.186628,12.993728
11.821321,8.472592,3.664279,14.071404,2.245158,3.741148
16.064491,11.212488,5.696397,18.164339,4.452352,10.878746
8.479390,6.308490,7.378461,6.874439,12.399965,933.096008
10.743318,8.045589,3.595504,12.173489,2.927575,2.827655
60.920330,33.228096,38.408478,108.027596,24.843760,47.182045
32.074486,21.912243,11.735533,35.433510,8.641160,7.885836
11.012367,7.988981,4.780030,16.296535,3.239136,6.325056
9.473613,6.743650,3.273431,11.590235,2.947530,2.970850
14.309440,10.129746,5.705359,23.842464,5.313755,5.019520
34.407661,17.786818,11.114410,20.838148,6.274684,9.728000
25.767157,12.624695,8.824695,26.419004,6.408749,7.456988
25.226965,17.800388,7.700316,32.507599,8.201254,12.852404
23.357101,15.999839,11.060697,44.567142,12.145576,30.105101
40.532848,24.326567,40.327618,108.250626,29.665981,67.369316
20.466810,13.937640,12.971166,68.047935,15.431666,64.028900
21.502829,14.479648,8.136357,30.130447,7.955254,31.688206
46.361740,21.976133,30.780582,105.599159,24.684919,26.124813
17.614311,12.388148,3.242040,18.411644,5.286256,17.679594
8.890264,6.452114,3.928305,18.569052,4.028265,5.740180
11.818954,8.337399,10.393324,28.717455,7.061719,10.475986
5.390237,4.246428,3.347090,11.759700,2.402778,2.757195
15.882617,11.776067,4.474861,9.971916,2.831858,6.561163
25.839205,18.013260,9.657789,31.743757,7.558500,18.957891
62.191696,37.530277,19.141827,60.342144,16.402088,48.348698
16.716095,11.790955,13.143362,59.190372,16.578066,45.854134
12.288170,8.799179,4.677875,19.154655,3.347477,5.785339
13.932124,10.267606,5.142295,4.863081,0.327434,6.351172
50.237827,25.891171,59.366909,218.584732,51.252438,102.508766
7.666288,5.725072,3.237287,8.913227,1.225212,5.801299
11.848726,8.835873,3.814518,11.964835,2.987989,8.483715
18.608988,12.711836,7.143020,24.501841,6.548858,17.700256
29.794086,20.982306,11.858806,26.972574,6.251969,9.109040
17.744492,12.921455,5.364692,23.907627,5.319719,6.280213
35.996159,25.074450,16.638548,12.580037,18.804213,1340.257202
37.245911,24.900904,25.048555,88.621033,20.426525,53.818783
8.114339,5.785166,2.876013,13.326451,3.746051,2.529437
32.679745,23.047997,6.570360,32.931454,8.765893,26.851912
18.161819,12.462936,9.166276,23.494331,5.419320,11.090264
21.348106,14.700687,6.127078,39.078438,9.415771,15.313840
42.453888,25.496546,33.858315,118.188507,27.818390,47.616653
11.107994,7.808736,3.931258,12.489839,4.070783,3.105021
7.245281,5.351266,2.003836,13.481715,2.882014,5.754952
13.924306,10.156581,5.519629,20.942753,5.894523,17.627142
26.043741,17.697712,12.144129,38.907814,10.707683,32.016468
18.786671,13.390644,6.174498,18.408014,5.244870,9.537368
34.292141,20.763016,21.627787,94.967682,21.646160,39.721027
34.989182,22.332891,15.061614,79.973976,19.513981,64.589050
8.339178,6.282448,3.184047,10.730869,1.991587,2.742440
11.209332,8.220147,3.336028,12.638305,2.368182,12.503377
34.848804,22.426619,14.624657,54.213680,11.295815,22.675190
4.127030,3.201196,5.248092,31.990644,7.851176,1.020752
29.036640,19.171675,14.039127,47.590767,11.009913,8.022538
38.245541,25.777266,15.690964,51.110077,10.435518,20.275631
4.689825,3.519650,2.483979,4.584045,1.106371,1.287651
51.088440,26.114422,65.428413,181.947388,41.293018,59.073288
24.374706,16.840534,14.292616,43.880859,9.981171,11.969512
12.610475,9.130085,3.676625,24.940680,6.875865,2.630566
22.349270,15.380248,7.038902,40.436409,10.405798,18.310743
17.111721,12.084323,10.991457,53.307114,13.502549,40.861519
21.364265,14.811105,9.510736,29.332886,12.183782,471.219452
27.803637,17.916506,10.827034,47.891907,14.234585,30.818569
14.320351,10.344069,4.204574,15.413975,3.529674,16.898798
12.434449,8.650120,2.886077,12.115133,2.780414,7.830521
47.281437,29.476974,17.011717,69.372803,14.484606,19.579269
49.677101,30.946779,15.333056,97.526550,22.859585,57.481579
18.193100,11.304536,4.778368,25.384781,6.107549,10.659895
20.759304,14.570621,8.012182,25.926640,5.707323,3.806566
11.531982,8.657812,3.886293,12.240560,2.977375,3.918207
14.266768,9.716235,21.532785,40.335197,10.691401,57.676838
33.603519,23.303417,15.118427,41.101456,9.541619,12.290880
10.246671,7.343044,3.364364,14.754877,2.324501,9.335776
35.600739,22.138464,17.475771,71.866577,16.343895,27.794218
27.525198,19.279167,10.897410,16.991638,22.297581,1349.569458
27.776590,18.221151,17.205265,45.011185,10.948960,14.162401
9.699010,6.634101,4.096714,8.768625,3.161637,15.459789
11.070725,7.641257,11.729499,9.840616,2.645248,10.342503
9.418643,6.922196,3.158622,13.044464,2.706844,6.020905
11.421441,8.382825,3.073216,13.760536,2.579122,1.252780
19.086575,13.517486,12.550541,24.023825,6.634921,61.082188
6.054765,4.589746,2.386724,5.945970,1.652883,2.113555
19.854259,13.948503,5.243814,26.261765,6.941034,6.024020
5.804542,4.301180,2.383623,12.235785,3.651367,15.139837
26.218939,18.064110,9.780589,29.094618,6.701981,23.137470
7.859755,5.889571,3.750787,9.838936,3.361066,9.953283
57.010128,37.680439,32.878105,101.380424,25.364500,112.666740
9.167603,6.374206,3.175851,31.234776,5.773867,10.385581
5.849867,4.472679,2.753696,12.565074,2.557427,2.875353
17.854639,12.698406,5.836567,12.262971,2.267338,3.345413
84.333435,40.699993,39.345551,105.495811,24.222675,40.301731
42.750210,27.718060,11.707326,40.449158,9.279894,36.534439
16.004486,11.123591,5.398521,28.678768,6.539019,6.772923
33.344868,21.731718,8.768700,32.692272,8.533941,30.380051
14.475068,9.998890,7.122235,33.110012,7.342956,2.788068
19.412642,13.716001,7.997924,23.468992,4.818760,51.546741
70.025482,36.249100,59.125210,262.465149,62.209621,172.568253
21.069351,15.383908,6.934777,7.587728,5.866281,353.994659
14.895059,10.237071,4.807639,18.040720,4.793676,20.588200
20.565140,15.011724,8.447827,3.960634,12.823400,1128.333862
11.137468,8.180513,3.836737,14.854412,2.290560,10.725693
21.645250,15.165183,6.893623,26.254587,5.450461,11.025912
55.784943,24.821806,31.627291,76.115280,20.196127,128.153091
47.985439,23.287428,30.204147,78.924110,19.439199,104.529503
15.921440,11.209731,3.928329,19.474007,4.709135,11.201065
45.192310,17.053574,10.164104,40.436684,10.822391,16.353548
45.215576,17.181421,10.097822,43.279251,11.467901,16.579231
22.638233,16.048264,6.189358,25.493589,5.807327,17.407343
6.335874,4.644513,2.905354,3.736223,-0.040420,1.627486
15.183190,10.959116,6.964659,33.083111,6.578389,9.812644
17.532450,12.556973,6.971932,22.887087,4.566941,11.463889
41.035084,28.503057,13.659865,44.357456,9.755244,5.430551
30.080351,19.755526,8.698169,30.678846,6.523870,17.317099
33.368877,23.275539,7.648899,26.369061,5.464648,12.652095
29.979891,21.207756,13.300806,55.165024,15.437671,9.299602
33.607727,23.044006,13.897598,53.936508,12.477209,34.338543
38.822254,26.516739,13.373610,35.687130,9.425777,28.694700
23.095289,15.951956,9.126797,38.744427,9.377682,9.970676
5.284449,4.023849,2.440844,15.198188,5.217310,9.089662
18.529408,12.838131,4.733713,25.280109,5.833308,15.352825
10.376644,7.177375,2.887057,10.776765,2.623781,5.687110
40.968880,26.197950,11.109313,52.365978,12.777105,15.699129
20.326338,13.893837,9.061643,39.808887,10.942938,36.308849
11.542654,8.474361,7.552019,24.544613,5.977929,21.590563
11.272430,7.543229,14.467193,37.111240,8.660460,42.157955
15.740451,11.439474,4.886205,25.027643,5.279985,11.153245
13.780360,9.542182,17.799923,58.441105,15.359785,22.843325
31.158321,19.240986,20.682167,60.822567,13.745440,59.989944
26.284977,18.207125,12.149041,45.216957,11.430166,9.598439
45.550484,26.633770,20.599871,67.662010,16.507938,42.100449
7.592989,5.649742,5.101544,22.018951,5.707145,7.885061
11.818963,8.702774,6.895095,23.298449,6.549933,12.417284
53.684780,33.764927,18.072758,50.721451,12.358866,12.690845
24.143654,16.385199,9.053932,29.692408,7.202544,4.452489
6.603693,4.576404,2.892240,9.747316,3.297274,6.186664
24.459637,16.857893,13.712070,50.712540,11.724095,12.111327
57.865551,36.095970,18.587463,78.710678,16.484892,13.824870
14.096955,10.115587,7.077055,38.003532,8.928453,26.716658
18.049488,12.374957,7.073034,21.400448,5.396222,5.556918
11.919188,8.660112,4.105822,16.500698,3.496073,13.104420
15.693143,10.634108,7.681385,30.538828,7.988596,47.825558
38.821388,24.640005,50.885963,224.540924,52.227791,66.560768
30.930407,20.133118,17.533758,82.088654,20.159336,24.614546
13.204443,9.331102,6.708859,21.298939,5.000507,9.272376
16.613119,11.847476,4.560084,5.536276,1.272095,3.568574
6.434318,4.888412,2.435325,7.585827,1.544476,3.403294
14.656014,10.394080,3.836081,11.642503,3.070356,3.474260
12.657286,9.594503,3.852670,18.735050,4.535653,2.910174
9.035078,6.286179,8.681705,33.966934,8.860450,20.623875
17.629120,12.615946,26.248367,31.897341,41.571659,2899.811523
25.076105,17.256134,15.536028,63.284122,15.950465,17.293907
15.049732,10.375804,5.785410,21.398195,6.309254,33.104626
14.033453,9.252460,5.006388,15.490489,3.471637,10.787281
16.995716,11.711559,7.167261,26.646523,6.289527,21.861107
17.750120,12.392357,6.571148,10.557123,8.709081,507.052612
16.792023,11.734128,5.971533,18.891428,5.270868,3.887575
56.983791,34.744400,37.172756,99.271553,24.837463,41.676594
9.955671,7.118484,3.000989,16.650806,4.643890,5.159095
15.620208,10.681112,5.108156,19.804609,4.352301,6.756899
8.014364,5.624930,3.822936,14.812002,3.398614,1.855600
15.616749,11.012462,2.900449,22.847784,4.065327,16.207468
8.138553,6.061145,3.632687,11.184979,3.471763,2.618137
6.284490,4.630213,2.564343,8.717751,1.693491,2.483621
12.886573,9.263191,2.029078,24.887922,6.185368,8.037823
8.454660,6.086136,2.759541,15.174979,2.760938,3.696363
46.945335,31.522856,53.515270,161.132339,35.752071,41.605713
4.082724,3.085353,2.988180,8.071002,2.558347,2.778852
19.636314,13.655681,5.994117,27.667706,7.824709,20.832424
9.783180,7.292956,3.214454,22.175186,5.906561,5.008331
16.499475,11.601433,6.265637,22.821007,7.018079,6.258707
6.013884,4.091230,7.780217,27.148832,6.142870,24.908117
16.753016,11.701305,20.046694,40.232143,9.138233,28.287279
15.987691,11.165853,6.535255,38.975311,8.762620,3.675322
6.874155,5.064589,2.992070,8.890399,1.652163,7.811168
28.478106,19.660114,17.394682,46.464130,9.211237,26.673456
17.967186,12.610165,6.663490,17.671476,4.626973,12.544991
21.822971,15.083957,8.422638,26.816732,6.492590,14.910587
13.417999,9.507351,5.215275,14.732864,4.355494,10.768402
5.772405,4.278622,2.192330,9.842615,1.859526,4.406250
18.193640,12.921641,5.794364,29.096836,6.297812,11.966318
26.066084,17.001101,19.460163,44.571301,8.712125,14.495490
23.920654,13.912896,10.345135,31.580999,7.160360,16.789429
23.534613,13.786528,9.785769,36.336555,7.852719,10.468815
14.329161,10.219812,8.892691,23.733038,6.059399,15.855295
17.923296,12.439333,13.744205,22.084736,29.730904,2194.381836
13.085416,9.002911,8.382751,35.045406,8.805280,7.198938
29.598089,20.250551,11.564237,88.287468,20.256620,11.985766
18.455168,13.145518,9.853736,19.304470,4.512549,8.088376
24.092247,15.868056,14.906508,87.800156,19.673603,140.595779
12.559575,9.038136,3.620929,12.712121,4.459270,9.451569
25.073185,17.185188,8.035474,34.587814,9.060333,35.368729
22.576010,15.189941,5.815451,31.819664,7.607810,9.382854
66.940453,35.975006,116.200691,382.140533,94.547165,202.785492
7.117052,5.343594,2.125907,10.506609,2.015823,6.275000
19.583397,13.686526,7.878566,19.299038,3.567212,9.543473
7.118566,5.034871,2.869792,10.821268,2.550898,4.106950
14.642456,10.747605,9.160396,31.760462,7.793908,15.471258
10.962886,7.884145,3.799196,2.393318,0.532385,1.546305
21.095932,14.153319,14.821437,37.168995,9.783544,32.462738
12.835574,9.231449,4.089979,19.790438,4.918326,1.801020
11.685649,8.488552,2.182002,22.404602,4.398959,12.537095
16.400934,10.373107,5.588026,17.486303,5.046578,11.322125
8.501762,4.575150,5.049304,14.804763,3.167785,3.418605
10.142461,7.163709,3.057511,10.700478,2.696957,3.642723
11.273041,8.210088,4.191820,15.525530,4.454973,7.410031
22.633379,15.450863,17.569626,46.459419,11.689300,22.548550
6.420054,4.824623,3.251724,8.141743,2.449211,3.721729
11.559875,7.898465,6.074176,20.101322,4.321673,18.973570
5.527923,4.297961,1.868444,11.594723,2.989199,7.579406
11.678516,8.740144,6.058653,22.580566,5.354186,7.842956
9.982888,7.064008,3.290451,14.233204,3.260825,8.396359
25.868383,17.850746,6.729501,22.368845,4.791510,16.758501
8.637948,6.196925,4.703638,15.828758,3.642480,5.596852
6.486094,4.922215,2.575061,7.283279,2.220922,7.496349
19.038998,13.829628,7.798168,19.433676,3.326662,11.568698
18.839897,13.717266,6.229321,15.556585,4.671365,27.457649
12.529043,9.017418,4.277150,17.921776,4.194303,4.027338
16.701075,12.085642,5.400933,16.508804,4.253619,10.346218
24.431740,16.533840,9.446775,50.356518,14.138838,39.451244
24.695511,16.713243,19.123455,67.084152,15.295397,25.670815
42.502586,27.954813,12.331063,14.057777,22.405165,2054.652588
9.031498,6.625345,3.169615,12.545508,2.686700,11.296227
19.734362,13.375721,6.616775,45.788120,9.207992,18.304064
10.936579,7.945348,2.908775,14.562728,3.293531,4.072098
29.392637,20.416061,24.821381,58.964657,13.683378,29.223040
19.590282,13.640755,7.013157,25.479532,6.194733,2.601491
28.293421,19.069632,26.647873,83.138382,21.929848,100.865608
34.870899,23.352552,8.989923,39.142559,8.510500,10.873920
11.072420,8.118436,2.930505,10.824150,2.279409,3.623583
38.116081,25.803097,12.690589,38.270550,8.448359,13.888889
9.226037,6.834739,3.182644,13.631752,4.014352,10.715048
9.637866,6.770602,3.410375,11.059813,3.293088,4.073258
52.038059,29.591114,61.785824,223.155304,55.558796,182.844116
8.459667,6.196269,6.225088,29.398344,6.108177,10.168050
4.333740,2.907048,2.194346,7.696739,1.757183,5.963619
21.653200,15.350990,7.801769,39.617573,8.696758,15.128116
4.803981,3.621815,3.062006,9.260633,2.682259,4.126434
16.797516,11.315985,5.022522,20.442822,4.031193,15.069204
46.842545,28.016680,22.004826,27.904730,49.301029,3136.986572
24.037676,16.992346,9.816856,20.076735,3.858155,12.286623
16.634218,11.710809,6.240551,19.624668,4.171233,27.647240
11.173804,8.209115,3.389342,13.804670,3.743355,6.054492
5.898695,4.304300,2.570758,13.399505,1.957528,6.503736
61.819981,34.279648,21.251162,90.520660,22.657257,23.266743
19.428173,13.431914,5.812564,23.462265,5.536277,38.338120
17.431892,12.531030,3.425018,19.612352,5.506649,18.439548
11.492550,8.293974,5.021944,14.965933,4.825893,7.646884
8.059769,6.029883,2.399616,20.004288,5.030724,3.464690
23.034327,11.727778,15.788180,47.689754,12.054821,11.297342
20.378187,11.833132,10.528414,45.854954,9.253319,5.361359
12.904040,9.357352,4.165263,12.415439,3.264033,10.002923
8.053422,6.187348,1.604390,25.438227,8.263221,17.280287
5.191747,3.631804,2.782101,8.824910,2.826866,6.128214
9.305383,6.896044,3.370517,11.400268,2.274121,4.252840
10.553177,7.554239,2.722680,21.219257,4.371830,15.051045
20.414135,14.017208,14.376864,52.791985,14.913050,43.779648
7.618444,5.274108,2.407370,11.240447,2.504069,3.931676
11.191159,7.762511,3.439643,11.405682,2.805374,2.683395
6.289238,4.609951,2.372463,7.725771,2.157535,4.339255
62.218765,37.949905,78.834305,332.950562,78.451141,250.942551
48.403469,29.564899,44.895214,207.494568,44.723274,55.831829
10.142124,7.521315,4.072754,25.313496,7.190420,10.504885
28.705614,19.458622,13.668415,47.975746,13.237789,34.237720
7.340024,5.375390,2.876209,11.802071,2.581462,0.813769
8.267020,5.917605,2.340775,12.694940,2.485723,3.962035
5.036636,3.812531,2.601984,7.633049,2.625864,5.846104
11.588007,8.215232,3.654390,12.330940,3.759051,2.219880
20.175539,13.850962,7.453480,16.739676,3.705603,11.018584
11.882488,8.107656,4.798385,22.739594,6.474269,15.018804
12.314867,8.904668,4.359032,22.344044,6.034263,6.205107
16.818104,11.649577,6.052247,21.567884,5.384927,8.719241
7.308339,5.403590,3.324833,8.529680,2.966752,8.822796
7.493723,5.683029,2.527022,12.916599,3.133630,8.084849
19.849943,13.868557,5.946650,17.889204,3.810201,14.812555
5.545923,4.262722,2.172316,3.720393,-0.152216,2.386178
10.336442,7.525288,3.643360,13.397771,3.603210,9.925240
15.376969,11.176128,4.697024,25.262621,6.063355,9.754343
27.847042,19.437912,10.948007,38.131214,9.717300,56.828732
31.070278,20.865435,18.676022,46.212910,10.542630,23.034483
15.509495,10.934717,5.087759,15.270087,3.085501,2.129551
12.464880,8.869071,4.378425,8.881144,3.204737,4.250681
6.008557,4.477417,3.277843,13.542851,4.010149,13.667216
47.876163,28.900885,17.841291,46.463596,9.860225,17.235521
8.520123,6.187878,4.251702,13.734594,4.558491,13.323357
10.899021,7.915936,3.882843,18.599606,4.282728,9.944277
36.601791,22.693199,30.883774,73.997299,15.749283,27.166527
6.080830,4.625316,2.247115,11.677138,3.480328,5.297737
50.762779,29.598463,26.269493,141.182632,31.869236,22.511972
6.886986,5.214348,2.862455,10.395747,2.803426,10.271120
26.726923,19.024412,11.721821,28.603653,7.242146,18.463253
16.700953,11.504899,5.485048,12.766518,2.808660,4.965898
9.856112,7.168771,4.213131,16.643991,3.525785,5.521124
26.977108,17.189671,13.224328,42.489597,9.347532,38.235867
15.764930,10.817382,6.345466,22.802755,4.741976,6.596862
26.824778,18.331257,6.458760,34.661182,8.458332,16.268393
26.465998,18.650919,10.131886,33.747002,7.633171,43.279327
29.189011,19.433290,13.987367,46.440819,11.282041,62.261551
23.293663,16.123072,9.713834,24.538658,7.752890,29.126764
5.758913,4.230133,2.107544,7.146088,2.116624,5.376677
8.740957,6.352699,2.628037,5.107025,1.983381,10.652406
6.291243,4.882736,2.229831,7.137710,1.736500,10.418166
14.041992,10.318071,3.698989,14.635583,2.941379,13.754025
37.071972,23.851027,17.477369,43.600029,11.588770,7.113850
14.178606,10.376534,3.792828,9.380564,3.355786,1.346409
8.539525,6.438159,3.709209,13.729155,2.658312,3.179344
21.557806,15.092777,8.100782,30.262693,8.107360,9.215551
22.809425,15.489359,11.336928,50.233070,11.311617,9.333130
17.381498,12.546912,5.837065,20.246046,4.890328,12.884272
46.422939,28.051092,40.910751,109.544823,27.939682,92.561569
49.306732,32.116673,12.939848,39.368584,8.544424,19.511488
44.284004,28.487106,25.678722,111.155182,26.247931,49.350517
7.418384,5.466445,2.966909,6.716422,1.776240,1.365129
23.183683,16.112972,11.020740,49.753422,11.890584,12.006874
16.971016,12.369113,6.069108,13.474796,3.631845,13.708364
5.328898,3.947695,3.256859,5.044690,0.135699,2.448578
11.907046,8.632036,3.751029,8.927386,2.489896,1.771035
14.756586,10.421202,4.895126,19.796137,4.877010,5.462026
9.313544,6.520802,4.325659,11.892772,3.311946,4.073313
4.905601,3.899356,3.719833,11.911105,2.772505,3.615502
11.431330,8.113471,3.351131,11.251407,2.305383,11.356642
14.967460,6.499933,5.568037,10.854755,3.144380,8.755357
13.295877,6.682208,4.647769,15.753740,3.897544,8.596847
14.481071,10.209014,14.115950,28.481592,7.370941,15.245298
7.057600,5.388579,2.994443,9.687572,3.232219,3.242533
118.374222,48.892948,149.538010,463.605377,113.473717,394.029480
15.188151,10.878220,4.954632,10.582059,3.295188,2.115670
7.623602,5.658304,2.906853,10.309116,3.533245,9.190546
41.147560,27.457546,9.315624,38.016697,8.752169,20.873959
35.615204,22.519911,10.822636,59.039406,14.557691,23.944059
4.668233,3.292621,2.028440,11.348354,1.617097,2.294941
20.428349,11.228007,9.429262,21.844961,5.941431,16.152683
16.010521,8.339409,7.855005,24.234074,6.536456,11.753193
23.619493,16.233944,7.541874,27.713505,5.856535,7.687539
23.320610,15.847378,12.899669,39.850155,8.050283,23.614330
16.088785,11.757286,3.001458,9.583389,2.590521,4.148584
46.404873,28.976711,22.010820,66.633240,16.948956,58.245834
23.243050,16.055391,7.443817,29.288191,6.872011,14.208847
42.336613,27.791908,19.640366,53.282372,12.163761,14.017602
22.789686,15.589128,21.892750,52.465683,11.648821,14.373199
43.214729,28.409657,37.622982,74.459129,18.537994,89.137192
6.053252,4.235355,2.087692,12.870107,3.778708,8.353595
23.340843,15.711093,9.286399,36.674232,10.162490,11.677639
5.902769,4.195645,1.731678,10.707797,3.096392,1.702814
7.101392,4.805053,2.858082,7.084326,2.912832,4.114427
7.861570,5.655712,2.345744,7.755139,2.574995,1.042094
5.741825,4.343334,2.342532,8.277164,2.009595,2.257861
16.975502,12.374526,4.566893,14.888531,3.260538,5.024292
8.348269,6.185451,8.931157,24.861174,7.245601,13.461584
18.866892,13.477561,12.112986,42.780128,10.102757,13.915751
17.795216,12.369239,7.304224,30.139565,7.884547,43.300819
5.677886,4.023363,2.536468,8.910534,2.214538,5.019564
12.343989,8.786035,5.432891,19.406073,4.314074,2.323305
10.002119,7.146243,4.785982,18.491541,5.305711,9.410450
28.502357,19.205919,12.145943,20.242523,4.569716,9.322508
7.334343,5.676752,4.413069,18.259579,5.036848,7.974865
77.714508,37.659489,51.355438,82.227219,17.539762,39.047161
12.339910,7.054061,4.145052,12.408493,3.621959,12.844319
9.085855,4.811981,3.016927,18.216022,3.979405,4.145599
7.676775,5.374779,3.162201,12.131656,2.806856,4.829336
13.965418,9.882938,6.842055,15.786374,3.894386,8.559716
38.148350,24.938669,15.740717,52.482697,13.920092,17.736244
45.604244,26.418289,25.915770,82.070572,19.780607,64.070091
8.834954,6.708049,3.752777,8.782770,1.649354,7.211768
7.826427,5.746719,3.228686,10.739177,2.795300,1.375660
16.654318,11.112351,6.800353,44.056515,10.893827,7.399723
20.437120,13.670017,6.675874,22.700148,4.748777,9.575561
49.732399,26.738010,123.719490,431.652466,98.259148,171.048462
13.921305,9.788740,4.252433,14.225517,3.531164,4.605941
32.698730,22.126549,34.219154,56.175045,13.823643,61.818501
16.506472,11.738499,5.766586,16.545378,4.112091,8.499784
23.680159,14.845506,9.552590,16.505564,5.250457,33.519009
29.183279,17.653454,12.192027,44.687294,10.448608,38.334198
31.352341,19.497669,29.299925,132.268143,31.473719,84.215797
18.533772,12.660442,4.983246,25.552839,5.763587,48.500401
38.990921,23.884350,26.752357,151.645767,37.870434,23.759359
31.217772,19.710991,41.781158,136.765396,32.172237,80.590408
31.787067,21.060957,12.509784,47.226368,12.283732,11.348902
35.431755,23.964794,34.335011,116.036209,28.184196,72.965530
19.985521,14.370323,9.010748,24.252188,5.358600,8.004078
7.899786,5.678465,6.299918,35.869091,8.282322,5.756659
4.883172,3.764382,2.866205,1.502736,0.289967,2.373326
12.568417,8.502532,5.680570,21.051291,4.766784,4.552114
38.206360,16.768297,13.744530,35.704617,11.576336,496.419922
9.435999,7.035864,4.138744,9.884556,3.065563,11.994928
18.199436,11.994569,6.889506,23.873211,6.052526,13.866745
36.821495,23.504160,33.311527,98.776596,24.077608,82.439240
10.936434,7.728586,3.390618,12.617762,3.676687,17.040918
46.127857,29.592503,14.693062,45.179100,10.250408,28.956654
16.072868,11.353337,3.741665,20.211205,5.717916,11.907118
46.654110,31.001133,15.190969,36.675457,9.131351,12.845973
16.233477,11.180980,5.359415,24.657377,6.098177,3.397219
6.413714,4.688972,2.970415,2.390605,0.721020,9.830505
16.385309,11.099380,7.325840,45.598728,11.033684,26.352327
46.077007,19.443268,35.478546,126.546066,29.538248,18.783012
16.013987,11.496332,4.649563,13.337455,3.934379,10.649502
28.095903,19.187632,28.780640,125.820175,31.245504,248.665527
9.372355,6.887864,3.403099,12.874187,2.821321,4.767362
38.419636,25.898180,14.993620,52.378345,12.544414,57.202862
19.502272,13.642554,8.105332,31.731003,6.241525,3.045227
18.087313,12.829949,7.417423,34.801239,7.421544,14.678337
18.368042,13.215828,5.861084,23.342619,5.652144,5.118849
32.938847,21.815424,9.524805,38.378933,8.916970,26.555124
7.267023,5.499194,4.387764,24.469046,6.727359,6.120414
16.182732,11.185009,7.292405,18.226788,4.172692,6.425647
6.352617,4.633352,2.989070,10.519176,2.919758,10.481479
20.452890,14.217259,9.057428,39.425121,7.812765,12.429659
19.467457,13.170497,5.594519,22.360500,4.539629,6.742639
29.717203,20.477835,16.012129,65.943695,17.858690,41.300388
23.498486,16.137144,27.034422,83.439156,18.147287,55.468979
27.106291,18.331461,13.028150,42.938637,10.054625,21.026117
4.245693,3.427944,2.354841,6.537469,1.797256,7.571943
22.207432,15.981946,10.807486,35.450573,11.164734,28.448603
23.309654,16.293068,8.134764,35.305550,8.654649,12.061915
9.002293,6.618461,3.276293,16.853785,4.142062,19.465698
23.675667,15.255326,14.302332,65.426704,14.078769,70.328362
17.747679,12.518551,6.179825,28.257610,6.680724,20.581099
20.710415,13.420209,17.144268,70.818985,16.285313,34.016102
12.001442,8.850682,3.869593,15.053678,3.668679,2.490813
12.353482,8.854605,12.155567,27.858522,8.081223,7.166193
8.779809,6.179274,3.208281,12.128373,2.499276,2.097596
44.219208,25.620842,46.220383,129.238495,30.129278,56.481098
6.378068,4.510243,2.344326,9.427225,2.041160,2.645246
16.727898,11.872385,6.726456,27.475145,6.695835,6.869667
4.976743,3.641265,2.665336,6.863377,1.938426,4.977787
31.951174,15.049182,20.622522,31.030865,18.542318,1102.333862
27.680464,14.362419,19.085594,33.581570,22.755745,1200.860474
8.724972,6.352152,2.835523,15.786343,4.256354,3.384066
12.103727,8.524526,3.142217,12.590801,3.688699,11.342896
9.087111,6.435795,2.780671,10.514781,2.557501,5.744799
38.445545,24.184505,32.602676,92.230164,22.312956,43.437447
27.701895,18.463608,31.242323,172.092438,44.389275,80.541458
11.881279,8.323574,3.285921,12.591327,1.981883,3.266231
13.411683,9.593084,12.593092,47.539700,13.007896,27.989185
32.087521,21.744978,5.103267,18.348820,5.330915,5.974095
26.464245,17.154442,29.695646,41.834114,32.503258,1812.882080
16.299219,11.407041,6.185118,22.187197,6.334500,17.369442
40.293919,28.043110,13.446867,34.877613,8.296464,58.912884
16.382555,11.020679,4.833057,21.720119,4.754098,14.014030
18.378424,13.057347,4.568659,19.828289,5.956601,9.347636
45.428169,21.787037,20.472227,99.334122,24.538465,67.327766
8.852976,6.355948,3.127999,16.745735,3.391236,10.396786
11.629807,7.988317,3.895102,12.709377,4.389565,3.425490
40.066784,24.961813,13.796932,44.411743,11.787455,14.819548
12.325548,9.059917,6.035590,11.415667,2.365650,1.741411
4.297300,3.555116,2.797276,9.684387,2.089606,14.048332
10.640487,7.320411,3.901430,9.025537,2.823792,1.523582
18.591202,13.085483,8.197345,38.675861,10.154745,34.752464
5.071746,3.921660,2.211175,11.360715,1.876299,2.948181
49.798534,32.539692,18.194849,99.053848,22.048943,58.752918
6.166080,4.466741,3.341362,10.516149,1.828153,2.622334
27.345146,18.748610,7.775419,29.077854,7.303571,15.851058
7.473595,5.613235,2.826257,8.778309,3.358994,8.452692
9.825536,7.139949,3.404313,13.802738,3.680899,3.334734
9.666249,7.057567,3.702774,13.874771,2.810314,12.556211
13.637685,9.549349,7.378396,23.441708,6.302298,14.889900
14.719470,10.190985,6.850393,33.030304,8.663064,13.422677
8.398624,5.914384,3.635694,13.116440,4.369749,4.098510
17.968447,12.449574,6.205719,22.638474,5.435568,12.134273
10.271095,7.323551,3.509159,12.115143,3.548074,10.744109
31.133209,21.343555,12.282674,39.552746,8.784863,23.845406
20.539486,14.420850,5.860786,24.954927,7.866265,7.326112
23.244417,15.487404,13.833776,59.232410,18.103415,35.353668
7.417634,5.823907,2.720149,10.008379,2.108711,8.649402
25.789328,17.248304,11.662587,53.200836,12.290092,21.886740
8.216391,5.679192,5.431659,33.389881,7.399376,6.221060
15.640056,10.612987,5.336184,25.091337,5.787462,18.152147
25.165821,17.446003,18.294128,62.558292,14.926106,42.856155
31.106918,20.994291,12.246241,38.446892,9.089782,10.985551
14.590417,10.395064,3.579443,12.658748,2.528182,6.791059
6.772035,4.803114,2.847634,10.445100,1.748096,6.045102
25.152287,17.589558,11.584140,38.669308,9.888712,32.229668
21.191366,14.851180,8.692463,31.397764,6.571824,13.847283
13.959160,10.095184,7.134288,34.139256,9.688245,40.004585
49.612164,24.179293,93.664215,311.127106,77.577347,137.011093
6.043115,4.432510,2.264493,9.630700,2.474418,3.117785
21.062414,14.695068,8.028387,21.346893,4.249223,14.118487
14.166126,10.153327,5.649716,28.374390,6.010358,4.882450
24.667545,16.592424,40.283871,128.325104,29.836006,181.970795
41.483456,26.148281,21.709427,95.507957,22.073187,107.885452
8.925217,7.013439,2.714437,9.870358,2.270180,6.433980
5.342832,3.955439,2.722988,13.123551,3.653487,7.026069
60.411610,30.626169,85.761604,266.552185,58.849052,113.935867
13.003257,9.162230,4.708007,14.660596,3.717746,6.511073
19.231180,13.115785,5.258970,20.154224,5.127819,2.975450
27.334606,18.433899,11.589786,32.329601,7.191620,15.342134
9.571185,7.004459,3.008326,9.365733,1.687753,2.483448
14.192093,9.848431,9.838799,15.509602,12.192731,643.273682
11.554653,8.357415,7.769745,25.073965,6.382620,16.247997
5.297989,3.808466,2.929701,12.465672,3.298635,9.424127
12.355835,8.662080,8.801903,35.547504,9.405195,7.496469
33.343246,22.455992,15.247176,42.188313,8.581138,20.147964
15.187353,10.606199,5.527642,20.954657,5.697824,25.562017
11.074474,7.977687,4.033908,16.258823,5.754531,20.118668
17.859447,12.503767,4.729635,44.489254,11.969641,33.106827
18.536608,12.937663,5.752931,25.486458,5.208125,20.632643
29.821489,20.779852,8.631895,25.006912,5.779424,6.529421
21.894733,14.997276,6.187199,27.604403,5.508867,7.470281
17.952087,12.723006,5.899683,6.571432,10.199127,865.351318
24.784376,17.130514,8.439989,24.177631,4.676823,4.588402
19.300440,13.403379,7.937342,27.544678,8.226737,18.701910
28.847588,19.127478,10.724822,40.087864,9.616169,15.566823
13.805346,9.634718,7.117842,29.187639,7.768636,8.951348
39.002666,24.926170,41.201969,127.755089,32.384907,72.155899
54.497932,34.483910,30.997511,78.083206,18.328323,58.701130
10.119479,7.278432,3.197253,10.447915,1.662773,2.069435
24.609446,16.725584,12.767353,74.977432,19.339409,18.750969
9.694962,6.947187,3.291371,8.259386,2.677262,5.023841
56.834621,30.008369,72.535553,225.512268,56.442047,149.512222
23.660717,15.823666,21.845240,64.030609,16.996386,95.143433
16.616621,11.980574,10.685783,40.443901,10.130559,40.899563
4.659829,3.248504,1.566154,7.453964,0.889375,3.349373
10.839187,7.939616,3.538626,9.618280,2.362743,4.617073
23.400860,16.191061,8.139312,25.729774,7.976444,25.726591
17.932205,12.445761,6.166807,28.981823,7.210047,12.356670
11.538848,8.171244,3.773266,12.351685,2.554891,8.180716
20.081882,14.346267,4.551779,19.042061,2.716218,17.519602
7.190675,5.210864,3.039461,9.927777,2.454486,6.739840
25.833748,16.682426,17.189083,78.331604,18.886652,38.087246
18.502790,13.222038,7.889779,33.624893,6.355697,27.822792
47.650764,29.423897,28.738356,76.828979,20.461643,192.316269
16.664564,11.629876,4.938562,21.127026,5.058888,30.688469
31.015018,20.584810,10.257760,43.973888,9.652469,13.120131
34.623573,23.645790,11.498684,42.919746,11.583576,26.541664
22.531965,15.699805,19.304333,53.078537,11.157459,37.271599
14.259070,10.554669,5.653673,15.447847,3.058080,20.218931
57.536644,37.115273,16.924398,55.649593,13.858364,14.141725
14.718313,10.840713,11.378071,22.783068,6.506053,10.062183
13.361308,9.432285,22.500856,17.822140,26.236660,1837.116577
12.158101,8.731987,3.882690,11.972689,2.733914,9.347080
16.322924,11.537483,5.118568,5.358778,4.170063,327.914124
9.651310,7.124153,3.648052,5.001618,0.605466,4.218225
37.812840,22.943529,28.943047,109.336174,28.837997,131.501221
11.025727,7.801662,4.175317,21.136755,4.991600,6.360195
18.664093,13.133931,7.244361,39.908588,10.643014,14.090345
10.283672,7.330132,3.954921,9.996019,3.289357,14.512833
7.112429,5.040635,3.740839,17.799177,5.038898,2.965255
13.316802,9.800594,5.072425,26.513060,6.694344,6.390552
7.278873,5.163888,3.625665,23.948299,5.336020,6.444026
28.218637,18.600229,9.924266,38.905277,9.873260,21.903355
28.744059,13.945103,7.137391,21.946882,6.373517,19.788004
27.228958,13.942937,7.240296,23.772943,6.702935,18.302509
81.988617,40.464661,119.186195,349.051941,81.058640,135.330353
14.972349,10.792185,4.650232,16.913425,3.218846,10.144989
23.286486,16.250652,7.561413,6.570179,8.364018,602.445740
9.806636,6.917445,7.640346,25.015928,9.614438,6.922497
11.250192,8.157640,3.594846,9.924167,2.924050,7.043712
32.603111,22.001326,11.019099,40.665779,8.881148,8.899517
13.892672,9.413084,5.860862,14.506350,4.426416,13.557047
7.458755,5.344922,2.192072,14.112982,3.245657,3.325660
30.009056,19.858976,15.598777,41.404217,8.182996,13.265869
9.225818,6.457480,5.236834,4.151595,0.872798,9.430779
15.555288,10.948462,5.181141,11.615142,2.602516,6.795417
24.398975,16.805830,7.726835,26.557751,6.504529,5.353925
27.746704,19.210161,8.268951,25.554087,6.099326,26.439062
32.478344,21.029295,23.248898,63.070374,15.484073,36.367371
19.052874,13.204701,7.942207,4.400883,0.678985,13.535880
32.310249,20.581989,23.052649,69.527969,17.004263,42.262039
39.458263,25.691473,11.459897,39.838760,11.075117,32.952320
17.263325,12.441326,5.227939,9.597094,3.152451,2.060052
21.948931,15.182624,5.777162,25.773954,6.921238,4.021014
33.112141,22.408344,12.061100,10.678058,25.366240,1990.605957
22.093668,15.110231,7.200047,18.618971,4.355853,11.612903
13.445580,9.211317,4.301155,25.641512,6.840541,12.638719
40.430954,26.580763,14.015866,48.566368,11.890247,16.381632
9.959274,6.998982,3.868337,26.762814,5.929012,2.646881
37.759415,17.093058,13.724985,45.154507,11.306213,30.457375
35.870426,16.972273,13.722799,47.146980,11.501303,27.988636
26.425037,17.948471,8.950929,39.057751,11.130803,36.115555
21.502871,14.347650,6.723068,22.019724,6.762441,20.341803
28.954218,18.609228,24.106033,80.958580,19.727097,56.992500
57.882374,26.291151,28.616426,127.342018,29.242044,45.422951
27.483650,18.821598,7.616234,23.398930,6.008350,13.134218
9.905034,7.541388,3.815211,12.032769,2.385932,8.283067
41.630054,22.768696,41.017662,96.152008,25.325218,32.596191
7.405904,5.220073,2.349573,11.997119,3.058959,3.724652
43.820911,27.850994,23.228973,84.076050,19.704386,25.371099
9.473652,6.953910,2.907398,9.445123,1.104930,14.327757
24.800249,17.043882,8.924469,6.760617,9.852936,769.495117
17.542852,11.955853,6.053479,6.440330,2.614192,8.114642
10.470725,7.683934,2.723060,12.678980,2.148737,12.881458
12.815176,8.836480,5.347837,12.705110,3.160345,9.456295
32.941544,21.950775,23.587841,54.765823,10.821760,31.507868
19.977150,13.740175,10.766167,46.229935,11.258620,21.965076
41.891956,27.206938,14.672898,49.188042,13.925735,69.859634
5.106969,3.464975,3.129231,10.117101,2.167957,3.313429
17.060520,11.823767,5.372149,12.186744,3.143092,6.833707
4.543946,3.052496,2.019891,4.608567,0.958220,2.985396
11.745526,8.427364,8.244319,26.017937,5.796202,17.520044
19.666210,13.824531,6.994800,14.212321,4.218609,15.722673
25.444653,14.906631,8.188425,32.897697,6.155464,32.648609
20.696493,14.084875,15.905396,44.883640,9.894142,12.843490
6.718438,5.211960,6.125986,21.585114,5.503267,15.024035
52.054081,31.584963,22.824060,62.004032,14.510907,27.105701
10.251870,7.204106,2.891127,9.115154,2.051189,3.768620
8.487245,5.954509,3.105817,11.697984,3.458001,5.219921
5.762762,3.875010,2.301018,24.856680,7.271881,17.328016
14.971552,8.659000,5.511322,14.374091,4.054627,7.679128
9.894202,4.758700,3.480767,9.638187,1.559887,5.171406
33.515533,19.575924,38.965248,101.272575,23.447184,86.109070
27.487074,17.785923,14.840309,86.374184,22.351259,26.528593
21.297573,14.742631,6.611317,7.517385,1.262064,22.306286
15.981359,11.192818,4.841121,22.862801,5.935881,16.576929
73.959297,42.334446,112.009094,317.630096,69.537109,136.460648
27.672499,19.078178,8.969277,4.190649,16.744932,1460.452271
20.439781,14.173697,12.045381,25.474962,7.751183,13.050774
9.532114,6.947223,2.928642,10.486860,2.108334,4.097979
9.250963,6.762094,2.527462,13.656529,3.848615,5.543326
38.239658,23.041445,13.389927,49.737968,10.184697,26.676111
17.544407,9.297349,8.807639,36.191509,7.329139,11.737392
21.057217,14.381576,6.188570,22.504431,3.829952,8.413066
9.382607,6.101401,4.072957,11.116330,3.399647,2.994671
21.384335,14.332660,10.971425,32.418468,8.074661,7.829430
9.606764,6.813792,3.045132,12.979928,2.841754,2.008229
33.074253,17.737154,10.136973,59.751377,13.722560,51.150986
39.203388,25.601255,12.764222,40.525917,10.653793,16.794502
6.541837,4.759124,3.824642,14.928733,3.786490,18.787748
14.616818,9.600027,12.361419,44.172890,10.460475,29.151190
33.941650,22.829802,28.006790,111.054604,30.909897,82.853065
72.873306,37.893719,131.131470,404.144562,94.187080,224.881592
14.894881,10.798593,4.249110,17.481482,4.489062,5.577213
6.842019,5.223880,2.098479,11.586504,2.164420,2.994125
9.312485,6.356103,3.413483,14.752516,3.209761,20.643549
6.222318,4.052050,3.316402,19.977739,5.735606,18.097113
7.105505,5.284678,2.707093,3.612170,0.249486,2.298721
11.155809,8.147619,7.639130,23.054955,5.333150,7.694613
9.585947,7.070332,4.779982,23.491529,6.241464,14.416933
15.448943,10.907132,3.205844,23.374161,5.234047,9.411883
8.035278,5.577687,2.944078,17.159138,4.068038,7.733604
7.814556,5.622852,2.159504,5.307261,0.652214,-0.747664
18.099983,12.610881,7.312495,21.333696,4.945927,16.173880
16.451580,11.235493,15.301455,43.656948,9.075264,22.965405
19.505480,13.529072,4.757423,26.102556,6.665061,6.399383
7.495017,5.208144,2.439841,15.265965,4.139194,1.594551
30.062885,19.854567,8.342059,40.419113,10.750458,30.908009
39.903393,25.947456,17.815447,57.550350,13.211177,32.183258
27.583309,18.754593,26.989189,90.168053,23.262577,42.135754
22.097349,15.562669,5.871531,17.586472,4.367009,6.022589
9.487117,6.758780,5.672429,15.441631,3.851761,9.887973
12.864277,9.185027,3.784243,16.448338,2.678238,10.047827
5.859258,3.943385,11.683111,13.057000,3.465183,14.148645
14.661465,10.456676,5.463446,18.373775,5.092594,13.115651
36.754410,25.295229,17.207575,31.643368,8.648384,34.783520
14.290509,10.078923,4.550653,29.469891,6.986962,11.952734
12.955044,9.138881,3.783613,13.627542,2.804009,2.806200
21.467276,14.624884,15.438029,63.447899,16.135811,22.784563
58.866692,37.336559,70.603310,172.802414,36.880638,132.149246
14.613945,10.203478,7.964481,30.138777,5.904024,12.738553
6.916724,5.201584,2.666183,9.259966,2.865430,12.322333
11.519083,8.072569,3.057406,12.754682,2.535170,2.417426
36.092388,21.198000,16.846148,82.184158,20.372736,50.908772
29.198223,15.865611,13.353725,71.708405,14.621052,30.322491
7.837745,5.819924,2.791241,8.698870,2.031314,4.428774
9.477728,7.120065,3.059638,12.207843,2.696056,4.744253
9.147049,6.421278,3.517264,13.097444,4.870642,13.893335
21.365618,14.514116,8.176826,36.229214,8.978567,25.761606
17.661486,11.994787,11.207398,35.344193,9.280546,39.486462
4.548739,3.247355,7.042859,13.454437,2.967336,2.395022
14.002846,9.654014,6.556368,28.737770,6.083385,25.924454
68.938354,39.972878,32.156139,107.677223,22.931232,31.386576
115.441025,57.592239,113.809319,418.182983,102.786095,132.342377
15.968248,11.133727,5.551770,22.559156,4.598751,12.352466
15.731229,10.956885,8.184469,23.630625,5.991405,6.375247
30.374538,18.370722,21.617519,99.633995,23.724558,75.372528
7.931870,5.937407,3.111612,6.196309,2.084380,5.823955
13.412390,9.383900,5.156840,17.501049,3.691344,10.686653
18.990854,12.858161,10.355436,42.117954,11.247217,20.077297
38.112766,25.099010,17.001196,15.621022,19.471848,1571.647705
26.627535,18.915081,17.393797,54.914665,11.958798,54.120239
54.706978,34.660870,18.772783,68.613670,16.615545,50.936836
13.115152,9.441903,10.279512,54.397434,14.758372,35.479076
6.761737,5.107086,2.416045,7.902888,2.003073,1.030430
27.721128,18.403637,12.641771,52.150269,12.490683,16.339539
8.389481,6.019727,4.949019,18.182417,4.566108,6.945634
29.694033,19.949554,7.071217,40.314617,10.675355,33.065922
28.570126,19.488173,29.196407,124.114990,32.477547,139.177673
9.230918,6.744226,3.788492,10.260554,2.566619,7.712972
5.124665,4.098823,2.853304,15.946351,4.317529,1.586381
11.672197,8.551407,3.118779,12.881299,2.608524,8.688830
17.252018,12.384769,6.281326,12.263514,3.916714,1.288056
12.732985,9.226211,3.523131,19.991026,5.349808,12.316093
7.749661,5.867372,2.919329,12.779028,2.324312,6.327139
14.101710,9.489161,3.433894,17.096312,3.460390,5.899914
9.047205,6.836058,2.992969,8.292040,2.047842,2.415010
26.401007,18.677948,10.536232,33.872326,7.481575,14.895795
20.509226,14.705010,5.966374,23.626268,5.277023,7.683177
27.451765,19.207382,8.403869,33.082611,7.130452,18.114511
8.528598,6.180098,3.044997,7.844631,1.552213,4.055498
10.451588,7.584885,4.723424,10.353578,2.762094,2.898490
8.761933,6.737370,3.163731,1.999652,7.825880,630.433472
9.062873,6.326922,3.397130,10.880776,3.326441,12.465936
36.522953,24.503431,19.832912,43.732822,10.474173,38.919567
39.392895,25.632866,11.324728,31.657036,7.474659,21.413839
27.610723,18.521429,7.334877,34.856728,6.703646,29.178612
5.431499,3.651614,2.119120,10.325024,3.218206,4.736211
13.973377,9.872391,12.525393,40.110111,10.390594,21.171169
27.085127,19.380133,6.272982,20.383118,4.879504,11.517036
4.699472,3.573792,2.640091,11.815130,1.973517,2.438958
15.795196,10.688472,7.827767,52.373730,13.073415,20.455181
32.905796,21.890804,10.475512,29.844959,8.085774,3.620836
15.907999,11.373809,5.766239,8.205591,0.297242,-0.083916
25.263607,17.851210,8.299420,33.735744,9.963396,35.469105
11.167745,7.855150,4.077286,20.689676,4.884479,6.888886
19.817799,13.976737,5.332585,23.776299,5.537244,15.740395
5.168699,4.026357,2.000945,14.244342,3.252544,6.292845
21.679308,14.933164,8.415227,32.679157,8.342608,36.753391
28.486412,19.358263,11.751462,49.038803,10.837571,15.062294
8.635646,6.278346,4.905672,29.799356,6.910410,23.222500
26.149700,15.172414,9.198474,54.648392,13.395511,34.248638
16.239853,11.460139,8.772564,29.230379,6.753766,6.804724
25.907986,17.973833,6.335671,30.957752,6.540585,5.270552
22.868452,15.364226,10.939496,34.227356,8.759278,13.679095
6.244352,4.532836,2.806133,10.285073,2.974189,7.174745
25.059439,17.011246,10.956038,40.099442,8.431281,28.137218
18.549343,12.930415,43.814083,112.694145,26.623503,43.910385
47.781769,28.289635,43.630253,120.904823,29.180408,41.186443
29.799728,19.989925,10.545342,37.810928,8.777439,8.117443
34.535816,23.290836,10.795416,20.233675,18.501768,1212.381226
32.842670,16.257820,14.807634,48.611523,12.375741,37.219925
12.519474,8.966722,6.238229,12.515876,2.776682,8.647276
10.315342,7.107713,9.812329,43.633293,10.128810,9.487309
50.120056,30.542757,18.455572,54.737350,12.301615,28.375360
5.141425,3.829391,2.377881,8.617819,3.113258,1.481785
16.473385,11.771931,6.898731,18.309713,3.633354,2.415699
16.826897,11.819911,6.871890,25.786112,5.663992,8.072030
10.813068,8.018250,3.960346,16.932611,3.860169,1.273429
31.300482,21.872149,6.589386,6.774759,7.008191,625.325806
20.038624,14.166389,9.808409,18.162096,3.738236,3.578657
14.803827,10.129940,4.041944,27.060234,7.339679,5.696737
23.351042,16.359356,8.012862,25.739132,5.185051,8.716089
7.051903,4.916198,2.757652,10.853060,3.550445,7.827354
12.622150,9.347441,4.854890,4.090916,0.709383,3.091952
10.886064,7.292800,4.158337,14.110455,3.272982,4.985628
14.489841,9.873923,4.039237,16.648926,4.466283,21.595490
10.452786,7.332390,4.029390,11.187469,2.923698,10.818892
58.628094,37.706879,70.669930,241.723923,60.620049,270.403198
20.656490,14.222007,9.319632,39.939869,8.590520,7.019278
10.933566,7.700741,11.371424,40.768353,8.193568,13.538754
39.122200,23.809624,74.916817,258.467590,62.906750,161.735474
10.481439,7.109620,10.292252,44.746002,12.064932,14.840439
23.373127,16.003036,9.041375,26.218760,6.940929,24.495239
57.990681,37.559883,23.176249,21.531633,4.062490,41.369907
24.753582,16.888521,9.077726,27.292570,6.787916,29.775875
19.954388,13.699861,11.606061,44.568668,10.704699,12.151419
15.182180,8.137902,5.661340,25.263428,6.529678,4.234825
12.413774,4.894315,6.525984,35.423969,8.927184,4.543122
11.341951,8.068354,3.354098,9.347836,2.748265,2.991003
13.641850,9.740607,5.099497,23.938759,6.198276,3.641644
30.007490,19.399118,8.273088,37.689693,7.880785,7.921953
22.074736,15.278581,6.525068,32.691624,7.350151,12.215608
7.575062,5.870076,3.489555,11.743856,1.534110,2.175662
11.205679,8.178816,5.323527,3.527827,9.527981,908.225342
14.166012,10.587488,4.401825,11.089530,3.381884,13.675672
20.462524,14.100698,11.088304,28.524027,5.782534,3.923236
30.252169,20.910465,10.266412,26.755003,6.725907,15.985395
20.202555,14.796520,5.805161,23.880060,6.084830,9.945779
7.357358,5.247549,2.908826,8.100765,3.155582,0.372153
20.835100,14.649896,10.866266,75.233070,18.600416,33.189354
12.845440,9.294624,4.025476,14.806213,3.528672,4.078609
11.877173,8.789106,3.542471,12.253795,2.114292,2.646563
23.938631,16.270775,7.903817,21.879198,5.471440,12.961199
4.017067,3.242940,1.744871,4.778901,1.099093,-0.027705
36.619705,25.582424,16.506721,43.363594,9.585897,20.431267
18.078108,12.853604,4.265427,26.755955,5.411376,15.608774
30.530703,20.286432,18.514965,58.260872,15.917456,56.941925
22.900358,16.300554,5.331729,27.962955,6.793672,9.284323
39.611458,25.139236,15.386313,71.483231,16.972456,33.788494
24.583414,17.200945,7.949920,26.698301,6.998771,31.604856
5.800638,4.140474,2.828905,6.305332,1.509764,4.036869
21.963444,15.199998,9.176438,30.730265,8.992322,25.501760
9.473057,7.120659,2.715380,18.013901,3.841881,1.014935
19.139143,13.264517,5.914536,26.667107,6.268666,14.854413
33.028557,22.534492,14.932924,63.786186,15.381944,78.611618
37.815441,24.916834,9.599326,35.703030,6.711401,27.818499
31.768911,20.803446,13.560923,50.903961,14.480951,83.748062
20.083815,13.658226,14.086696,57.207981,15.486684,13.970557
11.769883,8.397517,5.134723,14.691935,3.742997,5.702933
24.716610,16.978670,8.606936,27.627157,7.838370,23.183697
19.644815,13.374595,11.153954,29.853086,8.527864,5.125531
21.049187,14.059856,6.259695,23.801712,5.593479,3.446619
18.756041,13.193644,4.788259,21.218454,4.284915,13.914922
12.288087,8.772758,4.255021,16.981684,4.595976,10.589574
13.310693,9.193460,6.028391,24.108984,6.742983,8.760671
91.464127,47.361664,73.117355,229.152603,56.069332,200.407928
30.868820,19.919773,11.644287,44.456627,10.458840,23.514353
13.453715,8.612792,3.732667,17.702154,3.542817,6.354511
26.993071,18.622770,12.856313,52.470184,12.151248,59.337379
24.293997,17.041101,15.184024,56.520130,15.348657,40.030373
15.999489,11.385093,4.557471,9.900167,2.270941,4.477085
5.057802,3.698013,3.493623,4.883178,1.448895,1.921528
32.150734,21.295757,9.786556,43.938366,9.955164,13.659750
30.144623,20.475851,11.164580,37.987831,9.943800,12.566393
5.190760,3.878185,3.655504,22.283834,5.104539,3.812572
69.172318,41.205025,27.197823,77.960472,17.120163,58.479256
37.430977,24.702068,11.269983,51.254711,12.345825,18.302042
19.576336,12.581717,4.089872,27.688404,7.465596,10.211793
23.075588,15.334116,10.887370,38.495110,9.944083,23.059841
30.215120,18.031288,26.841373,119.730247,28.168266,23.472378
14.165074,10.287622,4.938753,21.180302,4.719326,17.499468
15.542399,11.488076,9.841426,39.042366,9.662605,16.524767
6.344597,4.817169,6.168861,20.458628,4.209852,3.206674
51.981224,34.110668,29.831295,73.670601,18.252785,54.643055
21.828728,15.889071,5.568892,25.007238,6.296961,12.520829
15.620531,10.803391,17.790585,71.498901,17.460278,34.466503
22.578358,15.787848,6.611993,23.798660,3.954168,4.335339
9.404122,6.882033,4.143983,7.527224,0.979128,1.376882
18.453226,12.881043,7.153175,20.797922,4.528606,7.544943
8.031412,6.020362,3.201555,12.431129,2.004791,7.867601
9.753895,6.577445,2.802750,9.014255,2.281968,2.401443
49.565735,28.430256,44.711407,163.268097,40.913551,93.915054
16.629814,12.003553,6.493014,24.794342,5.096717,4.570060
7.604541,5.386178,2.804236,9.257009,2.193990,2.006419
9.831798,6.631457,6.114268,24.351286,9.164699,33.682896
38.966053,23.684015,40.161362,161.053146,38.429024,143.771347
10.030940,6.978333,3.449544,13.141784,3.457555,3.616693
48.041321,29.431873,40.768730,112.673668,25.128214,28.908998
25.072905,17.396645,13.821717,43.953037,9.709587,30.326555
5.692009,4.284938,2.445365,11.572829,2.851650,2.176175
19.248663,13.888169,9.462459,52.691498,12.300916,31.398132
12.078751,8.642669,3.621490,10.558846,2.057061,9.243033
11.309796,8.213581,19.214214,74.369698,19.745478,16.022034
8.651634,6.337010,3.210972,9.388619,1.895246,7.173070
40.871025,28.149290,9.562292,40.606514,9.587367,11.549955
13.254899,9.209249,4.766381,19.356581,3.703068,10.379491
10.292817,7.147460,3.034361,13.385445,3.666426,3.635474
62.996357,30.929348,22.823378,52.569469,11.273296,35.507004
13.770016,9.981973,5.538213,22.838776,5.052918,3.379385
19.760313,8.758973,7.000964,24.966314,6.944631,9.441000
19.017740,8.754144,6.983444,29.169329,7.005165,9.416039
9.366552,6.758554,3.915587,10.246372,2.378048,12.194304
22.826218,15.977813,7.590340,26.378603,5.994813,19.092834
8.033703,6.113375,5.525096,27.899593,5.223680,4.572690
17.144873,11.226280,21.344017,93.156189,20.467995,41.042488
23.049364,16.018597,15.213574,68.061188,17.807661,31.608046
15.078140,10.535341,4.979227,19.936459,4.556847,4.162817
7.639684,5.484757,2.463430,11.884380,2.414317,8.387694
44.978085,28.905159,13.555726,32.858452,6.932746,24.010033
25.072020,17.902147,10.399169,30.541265,7.732970,22.961164
61.884094,34.238106,98.675117,333.616272,84.345123,314.043243
41.968952,27.229864,15.397423,37.164379,10.060246,15.682783
60.715271,37.282047,29.718084,83.661087,20.714558,172.383804
29.723200,19.101097,21.801151,75.391975,17.716902,81.434486
6.840048,5.462983,3.803571,10.706801,3.452006,6.619801
24.420780,16.848206,8.607828,25.168949,6.271005,11.503549
27.004671,16.369894,38.428650,156.467926,38.657703,82.275948
7.130861,5.423079,3.807460,20.756924,6.038336,3.765321
8.013711,5.513448,4.127658,11.296165,2.750998,3.022309
60.029202,27.700411,125.858665,400.467224,89.426987,267.727203
29.746485,20.033031,9.022869,23.642000,6.347710,9.699627
6.451262,4.453916,2.524763,10.668652,2.660288,7.657709
37.773380,24.824112,10.562920,39.576729,9.906425,9.631759
38.227818,25.373646,13.234981,42.031834,10.641678,57.663445
46.360153,29.828608,29.706812,125.832497,26.069603,72.188766
34.650078,23.024805,21.548357,84.161827,19.011208,42.695450
30.627577,20.705492,11.502103,9.982446,1.341513,16.743544
10.901582,7.914943,6.979823,8.421953,7.082298,414.251404
41.016312,25.606840,28.836535,99.967781,23.519012,49.255203
8.447621,5.740931,3.246300,13.026920,3.044114,5.086102
6.037894,4.330633,2.559999,12.703961,2.281463,12.187057
14.113048,9.862121,5.319231,15.794564,4.654332,5.420156
26.518129,18.065033,23.470619,99.770927,23.949232,126.557098
15.650958,10.862690,11.967997,51.577526,12.863210,49.701538
8.437762,6.243036,2.908778,12.734596,3.522828,3.697174
14.424294,10.580287,3.917596,11.166430,2.283358,9.561749
17.545198,12.606840,7.430071,18.876547,6.546940,41.408649
8.030847,5.281505,3.247675,8.899440,2.451128,11.024805
33.855564,22.880138,9.135942,25.403383,7.203888,23.771564
4.355117,3.370954,1.082189,18.229225,4.985781,10.941571
26.003971,17.968954,9.403980,28.128550,7.763520,13.079976
22.410990,15.806376,4.896981,33.358704,7.275677,13.222136
23.133770,15.638316,7.601527,27.208656,5.263347,8.225283
8.297832,6.185803,6.607257,21.378975,4.900887,3.144815
41.046951,28.752909,25.025322,31.260214,9.586514,99.060669
10.666951,7.395977,4.899224,15.901167,3.795163,1.912421
35.630878,23.901186,24.616785,103.465767,24.677092,50.068737
60.767925,33.250591,58.636135,229.300858,53.128895,173.655075
15.957229,11.261441,6.372155,20.889713,5.006701,23.107250
24.132093,16.948004,7.460229,25.733673,6.465848,16.918936
37.033340,16.568115,12.923424,36.356426,8.339984,50.119938
7.457483,5.087179,2.396685,13.826920,2.753528,10.985296
89.443634,46.558556,171.990799,561.937500,135.810822,275.103180
23.933014,16.945774,7.095374,20.016399,4.981890,11.075233
10.649563,7.702329,3.591221,10.758390,2.906428,8.246891
14.054875,10.179744,5.221921,19.416395,5.717054,4.985497
22.605562,15.756428,5.911436,24.753784,6.182988,9.334270
11.892884,8.303680,3.868767,9.992472,1.997737,2.956278
9.207918,6.753360,2.677427,10.403571,3.270624,7.833679
7.227541,5.327632,3.287643,11.467386,2.786704,8.091313
24.806461,17.399906,18.317169,71.715172,16.933712,11.349896
14.704380,10.393162,8.079163,37.655182,8.365871,24.178154
54.491089,30.632690,32.576550,126.898262,29.419870,140.076218
18.392126,13.069126,4.802757,29.444736,7.263422,3.469150
10.070253,7.308642,15.087942,32.141186,7.223849,15.553639
29.894100,20.128077,11.218209,34.143650,7.612472,25.549717
25.142782,17.760080,9.190029,24.982649,6.197062,19.330362
8.237192,5.855348,3.349849,11.458138,3.373617,3.007943
10.067131,7.235364,2.805473,19.830927,3.656855,6.247564
34.411976,22.526798,18.426765,44.201447,9.817138,10.129269
20.256676,14.228852,6.133049,27.628466,6.162196,16.687433
15.680141,11.035762,4.009862,17.879942,3.642971,9.458625
12.232222,8.650704,4.812847,19.281765,5.563396,6.464448
15.651504,11.325256,5.937304,15.128010,3.508706,6.362625
12.281635,8.683757,4.054063,20.983831,4.653305,6.324330
8.913329,6.578260,2.703122,11.747181,3.047332,6.126623
10.224354,7.507613,5.478792,14.802773,3.088718,6.056586
6.219176,4.358829,3.272763,15.247979,2.989117,3.300160
8.492458,6.714445,3.643977,8.950729,2.432796,9.058244
58.806713,35.633324,49.604233,143.482513,32.190571,94.162834
8.414347,6.062335,3.569810,12.687207,2.536401,6.100406
4.251311,3.382386,3.871944,21.731659,5.616055,7.610995
22.632895,15.772544,7.657425,35.891621,7.648141,40.393677
30.911066,21.044367,8.671251,51.536503,10.741789,10.277525
20.593861,14.359790,6.219431,14.191950,3.583091,5.911695
17.767605,12.820353,5.360350,13.909180,3.008919,8.449105
6.206637,4.825830,8.265612,30.174070,6.460319,8.545630
31.175919,21.194038,15.459813,38.562069,10.596261,25.166399
9.891404,6.743991,4.006475,12.536052,3.941150,4.140427
16.587315,11.968856,5.018218,11.633726,3.321184,15.929009
23.287678,16.165871,19.344381,71.538330,18.812092,54.319061
30.121271,17.901884,9.437874,33.422428,8.537561,24.633677
19.641027,11.860229,6.353961,28.175917,6.668695,11.832283
8.718084,6.333149,4.232579,8.567140,2.867879,12.734780
7.111416,5.421878,2.994298,10.513610,3.009480,3.674478
29.625853,18.551592,31.360380,90.585304,23.462269,130.262405
21.068535,14.486861,7.559011,27.163263,6.886518,7.369653
14.389968,10.382561,4.077021,21.941330,4.811388,30.094007
24.030632,16.643051,7.457955,17.172258,5.550671,22.084127
24.641554,16.873232,13.172944,42.833595,8.785148,31.300186
13.260412,9.339819,4.738913,19.787069,4.703172,8.534177
26.684525,18.351833,26.587004,28.416084,44.365780,3106.247070
6.143928,4.573539,4.892121,44.594772,11.567502,2.841641
7.794638,5.703980,2.831476,4.026033,0.887415,5.209768
14.606606,7.877989,5.884432,18.585119,4.833086,20.889606
40.492233,23.377594,42.772545,146.574127,35.501297,105.963287
31.539869,19.670027,18.863134,98.317520,24.850538,55.790173
16.451374,11.680709,4.185726,12.394149,3.461009,7.001701
7.155270,5.396857,2.758206,3.757125,0.277512,3.208144
10.655255,7.727932,3.450420,18.589748,3.530299,19.975330
11.972066,8.783238,3.542585,16.687134,4.525075,10.306388
16.962727,11.681362,4.748521,24.081661,5.772274,21.089294
23.191343,16.577805,5.818151,29.952902,7.258580,2.253590
36.379185,25.649662,24.522194,132.370239,34.694733,80.643913
31.479031,21.209494,20.791059,81.215706,18.631180,16.355932
9.421791,6.886491,3.832217,15.242811,4.134539,11.000519
36.513008,23.727139,13.597428,26.994814,6.344024,12.034863
8.525978,6.056149,2.419060,12.873523,3.166323,4.112659
17.018457,11.459788,6.185300,21.079142,6.694977,7.366217
16.591089,11.620019,4.658430,17.217096,3.872651,8.925483
23.050785,15.976177,8.969794,54.613617,12.652465,26.960953
21.021103,14.079617,6.356260,17.612345,5.644397,4.777452
23.061119,16.366295,10.663177,50.037655,12.055292,10.065970
4.446919,3.307131,1.694136,8.799915,2.929194,0.829123
7.501675,5.433102,5.454605,20.654768,5.958272,12.917594
4.484673,3.352602,2.595843,8.898192,2.703902,6.786472
26.914505,17.948986,11.816761,51.288158,12.477909,35.361126
10.055593,6.948262,5.671727,15.066982,3.803148,7.160017
30.577404,19.406948,7.431148,38.256229,9.031726,13.915362
39.869053,25.143656,23.728638,73.828751,18.843523,56.038769
21.539295,14.744934,9.610495,56.332733,12.288027,15.117109
24.311741,11.608969,7.873682,20.744984,4.706707,10.027659
23.874525,13.197228,8.418985,29.639263,6.523953,7.633965
24.454952,15.398888,12.982908,47.890705,12.284640,24.708397
16.562452,11.621697,9.109897,37.069088,10.090520,26.925220
47.031826,31.313778,20.900631,58.193863,13.279742,55.888321
31.345793,21.814440,15.222239,46.855358,12.682874,21.175755
18.431870,12.968861,17.085176,54.985401,12.033774,13.924349
23.032125,15.782790,6.387915,25.505259,6.449379,16.625477
43.149139,27.573029,21.070950,59.048214,13.119872,25.223124
57.750019,34.172794,47.052883,153.223892,36.210640,88.113060
19.727922,13.545816,4.047278,17.680954,4.900166,3.939558
5.101971,3.739380,2.410611,3.961273,0.370687,1.042547
34.856834,24.147293,12.431159,34.344883,7.547554,11.657725
43.047344,27.890968,11.146778,45.789864,12.468263,33.093220
12.404499,9.186807,3.430611,10.423140,2.998277,10.071487
12.227204,8.182618,7.381638,30.000259,6.827352,16.975124
33.439083,19.459517,26.379835,90.703117,21.651033,45.091145
6.979217,4.941480,4.004983,17.229727,4.771622,4.080994
13.288372,9.557353,9.395476,40.665752,8.773322,36.799244
18.801868,12.678763,13.868713,36.921162,9.210458,16.463415
18.892021,13.069816,4.498315,22.426149,5.283788,16.061726
28.391375,14.057576,9.426110,53.085953,14.023760,32.577255
25.863935,14.114031,9.067108,56.062836,14.334684,26.424929
50.779598,29.113068,24.500156,83.353416,20.534210,67.912491
54.205219,31.999260,38.113289,156.262833,37.852100,201.532104
8.311861,5.838312,3.728576,9.814631,2.819726,3.899837
15.711773,9.961801,2.841623,13.483643,3.676489,6.221079
28.488428,19.352055,16.766296,61.555038,14.320518,18.276842
29.914942,19.155384,17.004210,46.139000,13.181016,34.040916
5.732302,4.193777,2.313526,8.372144,1.912399,2.265218
12.795691,8.938929,3.380202,23.181522,4.185880,4.741150
30.524055,14.132010,44.111267,83.846283,20.924442,73.686111
66.373169,38.761501,42.236813,160.350281,34.603432,62.423161
36.805672,24.142292,11.563880,42.188206,9.782055,27.987564
10.814985,7.600943,5.038610,16.232813,4.179276,6.795838
15.923655,10.885578,4.868828,26.984613,6.782521,15.933834
5.867439,4.096728,2.715097,13.694265,2.754794,11.062284
54.692684,32.451328,34.762676,112.250648,27.556070,114.587349
8.782822,6.211531,4.636355,10.920130,3.075570,2.634463
5.139136,3.843832,2.174045,14.140332,2.809901,3.499828
22.582029,14.765053,10.299211,39.211674,9.702051,18.575903
34.262749,22.485344,8.811533,33.614868,6.562637,36.958385
9.324379,6.443486,3.192131,14.385022,3.012090,12.858864
12.647627,8.855001,6.963624,32.346977,9.050787,34.928761
32.123322,22.042860,8.089546,32.660725,6.804451,7.025681
26.569613,11.183914,9.558906,25.542448,7.966298,26.478989
24.844860,12.565477,8.951223,43.656574,12.032439,16.935160
7.013197,5.211616,2.564867,9.431007,2.618857,3.906038
53.431648,33.966026,20.142464,51.564003,10.633258,39.312809
10.871050,7.692889,3.971787,14.053357,3.659801,4.737362
19.168055,13.275036,6.043816,23.221064,6.799096,33.710484
25.211573,17.689213,11.932867,26.328835,5.309843,20.285440
14.396646,10.047077,6.795846,3.631009,10.591804,938.291931
44.329395,27.446644,17.771952,78.084320,18.139402,12.990211
31.171059,20.458471,16.609295,49.758221,14.169201,27.249657
25.964825,17.800461,6.796857,19.608772,2.885737,7.945928
34.212872,23.618631,15.057117,55.346069,13.065094,17.100107
7.166301,5.214595,4.130166,12.917456,3.399894,7.714765
12.211710,8.773974,15.412470,47.902065,13.111485,24.303740
31.949419,20.874187,7.590884,31.432714,8.486867,18.382166
13.384916,9.597587,3.510666,14.420754,3.250573,5.002712
7.738227,5.536428,2.948147,12.974034,3.123518,6.582920
13.053639,9.472661,5.598151,34.468693,8.320968,8.150490
16.578325,12.201599,8.641225,16.085592,4.385851,7.460530
9.767613,7.381444,4.378654,18.554195,5.507904,36.509209
16.325445,11.622647,5.427212,18.633181,4.735279,8.088146
18.606115,13.297686,5.410951,14.429579,3.294334,16.439499
15.618992,11.046013,5.039057,24.925228,6.020505,30.984159
15.090247,10.022173,5.595833,19.816708,6.748924,20.508699
17.511009,12.719478,8.803035,29.805340,7.569708,15.575401
13.495476,10.087027,3.426676,14.744219,3.501198,11.527482
24.830614,11.355268,8.065905,16.313921,5.626896,18.699116
25.104986,13.558082,8.674295,24.562784,6.021460,9.134646
15.348052,10.775473,6.486981,26.532457,6.077638,6.409376
4.828856,3.666432,1.651572,12.633868,2.951197,2.444876
16.818390,11.813176,5.151500,17.010084,4.549753,23.757542
21.118303,14.983013,8.658118,26.889553,6.703573,5.531875
38.280159,25.918365,19.996706,51.203529,13.055446,33.340191
25.084606,17.673822,9.407725,25.502903,6.461214,12.584421
25.498737,12.354897,21.461514,103.319496,24.453861,15.079366
8.660985,6.195932,4.090913,11.788137,3.731384,3.119043
10.978507,8.182581,3.156081,12.862996,2.665735,2.253782
16.653965,11.123748,5.806191,24.963833,4.623855,7.781763
33.411373,21.105194,28.820755,100.868065,24.418713,99.540092
21.888298,14.919530,17.592133,59.371456,15.474544,25.663265
11.809569,8.370483,6.516084,28.823513,7.022598,15.424755
10.263350,7.680267,3.686945,10.335454,2.816476,7.685101
17.029083,12.478133,5.061442,15.360421,3.066328,2.711737
13.649494,9.700442,6.340271,18.093874,3.806191,3.465575
8.522685,6.431621,4.845430,23.068451,6.352314,23.085619
9.124697,6.787018,3.154708,9.717743,3.097255,12.759847
6.291915,4.730413,2.541343,7.440324,2.813358,3.629692
7.524909,5.174690,6.884189,4.143512,0.753101,2.531291
26.546083,17.890755,16.525932,63.212872,15.441106,36.242416
13.797964,10.152045,4.884824,16.692963,4.227521,18.182665
30.963877,20.120378,14.231072,50.111858,10.934296,8.064655
22.448305,14.617689,14.811136,50.978954,12.173076,14.732263
16.826719,12.140341,3.431602,12.538977,2.092620,3.535324
11.143559,8.122849,3.647712,13.580602,3.125992,6.998350
23.920961,16.496059,6.838223,25.467026,5.873230,26.865841
16.708374,11.820489,4.732283,14.565659,3.382884,7.168265
16.133814,11.905984,5.777900,16.311546,4.187430,16.112776
39.716675,26.595718,13.494329,67.269630,16.622044,18.804941
5.467079,4.182952,2.448025,11.445910,2.620667,4.237550
20.212103,14.461039,5.377241,27.452644,5.823646,6.436784
86.882675,36.241360,90.464294,267.143066,87.529457,2217.727295
9.549128,7.174969,2.804753,9.222661,2.431819,2.163921
18.107859,12.875882,4.873600,27.480972,5.979090,3.366354
54.490379,25.989635,30.696518,79.149033,21.236050,106.269920
46.322586,21.544880,29.552853,98.710159,22.092669,110.760246
10.625714,7.307654,3.415842,14.421113,3.225007,4.418766
18.918665,12.942585,6.020107,20.553083,5.145182,6.788083
24.774662,15.820324,24.618511,95.173943,23.610123,36.552994
24.396025,17.113243,11.791936,50.290661,11.365211,20.504482
68.720993,28.073660,77.897606,296.753387,72.086243,104.454018
9.337666,6.849348,3.115703,9.144542,1.609830,2.473188
26.767132,11.919965,25.244669,62.698738,16.330357,42.175629
24.592407,11.796460,23.115444,66.109917,16.862019,32.430637
39.923836,26.577240,12.815972,10.155472,23.159552,1899.035278
15.257736,10.629997,5.380126,17.189682,4.771978,14.800164
19.759941,13.772141,22.587091,60.326496,12.794250,22.325768
18.538292,13.086606,4.200957,28.150278,6.075367,4.118111
9.159773,6.781961,3.444574,8.007622,2.348073,10.525286
19.649666,13.562652,4.739350,26.134867,6.596529,15.936934
21.101725,14.808151,8.401569,33.686939,8.889707,26.887665
7.723849,4.753397,3.860015,15.046739,4.943810,6.616771
8.409023,6.329219,3.528029,13.586564,3.908709,6.392464
6.155083,4.516737,2.540902,13.958455,3.447735,1.348837
17.562544,12.337703,4.686636,28.247437,6.313088,32.037998
7.895931,5.940625,3.477003,8.314879,2.588753,1.629612
38.577030,25.758507,13.377759,58.281593,14.123554,67.905235
8.065727,5.724811,7.510044,33.651554,8.631282,22.450153
14.002414,10.373247,7.081399,17.847456,2.207131,6.137652
17.549088,12.739471,3.816782,20.304129,5.433380,19.983229
18.598608,13.163437,3.801152,27.286406,6.066495,7.594782
54.247837,34.516556,20.062037,68.114227,15.963623,47.517227
6.314179,4.727346,5.696103,14.749981,3.520320,5.008286
32.282227,22.245104,10.283375,32.292336,6.890472,21.590338
6.523796,4.420417,2.503227,11.703667,2.105917,1.286725
13.135347,9.243938,5.298669,15.575716,4.306339,10.398471
10.681129,7.356741,5.579918,23.242811,7.581740,23.818775
13.082936,9.019053,4.036664,20.580891,4.089316,11.171523
50.788139,30.571222,23.598166,65.814598,14.954499,60.868206
39.919296,26.222221,14.396170,45.451790,10.012071,12.568681
25.678543,15.512063,53.454369,239.750565,59.236500,193.483566
8.604031,6.052637,4.290783,14.704358,2.608594,8.690580
26.427341,18.088234,16.521955,65.281029,15.334739,42.225624
12.397879,8.532167,3.728139,17.509188,3.776641,10.724042
10.046724,7.054528,3.022209,18.789656,4.324378,6.825385
22.330799,15.359520,19.685699,66.951073,16.493006,51.159840
23.783474,15.705912,4.133983,38.096184,7.031910,4.947558
8.627737,6.545603,3.265816,8.705040,2.914353,14.480847
8.154742,5.853007,2.712582,11.753752,2.641134,5.407906
15.329753,10.401997,6.205181,33.027550,8.791207,16.475670
19.502899,13.886357,10.048866,9.932051,13.564152,924.538513
48.170338,24.762251,21.522995,100.135139,22.101112,55.521179
33.563770,23.379566,14.902660,57.422310,12.471224,16.114824
6.705174,4.772664,3.424672,13.556250,2.578127,2.362786
9.113607,6.410619,5.700958,27.896883,6.419146,14.071091
23.427084,16.304100,6.481026,30.094753,6.223650,13.203447
16.901999,11.960311,4.812615,17.052427,3.573922,4.802197
11.855151,7.905233,6.712119,22.614632,6.571188,9.989809
25.067678,17.178946,10.591114,56.757587,13.786492,13.443906
11.592196,8.098377,8.519593,32.611298,8.363915,13.426045
15.475849,10.810183,4.548506,23.760935,4.921791,9.920300
11.732903,8.398195,6.810019,43.214577,10.718457,26.092892
40.797112,24.199282,18.156912,68.479965,17.501547,32.349953
28.917137,17.527920,13.152514,64.249535,14.518622,20.282953
16.264414,11.949249,6.059445,21.928490,5.981781,4.477728
24.499775,16.112396,27.054798,70.463760,16.698969,13.727314
12.590877,8.874864,4.938078,16.652081,5.182590,14.077020
23.565584,16.141834,9.319379,15.615676,3.413989,2.276818
8.611873,6.341020,3.367934,8.802860,3.485183,13.126019
9.456793,7.248757,2.246459,24.355375,6.494735,3.190180
23.385817,16.229422,8.302958,26.371990,4.656902,7.239552
11.150685,7.968642,3.454462,21.328661,3.780875,3.433720
14.258602,10.125962,4.316015,16.069925,4.582168,13.917212
14.192343,9.624863,4.692664,23.137445,5.856172,1.876890
20.924852,14.343336,9.802858,45.446007,9.662110,19.683926
11.115997,8.200827,3.480698,8.630413,2.083409,9.005150
12.066862,8.860212,7.876468,22.406141,4.646779,5.089546
18.285860,12.931039,5.549434,15.926853,3.836254,7.199802
21.018259,14.615144,6.378003,19.001783,5.914114,29.401192
17.854210,12.229639,6.750996,18.974962,3.833568,6.669645
8.933478,6.313232,3.585502,10.657966,2.395238,1.824923
31.032957,20.885813,10.108929,34.241329,7.462060,5.590067
74.074097,44.974876,64.947472,214.821884,58.385220,182.801392
24.835182,17.285540,12.918456,13.319490,21.272577,2156.606689
35.802456,24.699459,12.682893,41.403122,9.308356,22.295563
9.654581,7.204141,4.142833,14.801600,3.947356,15.094135
65.766800,39.026619,28.980772,89.452599,22.246157,37.840282
10.819275,7.725479,5.139827,27.661705,6.743600,5.916219
18.022869,13.457790,5.259090,14.158961,3.579288,18.507029
16.422300,11.692870,7.607628,18.260588,3.636518,2.880855
14.537747,10.595179,5.790661,18.291796,3.955585,5.142417
12.808224,9.505174,3.863013,11.966685,2.486495,2.413046
17.999580,12.288439,12.402672,51.609524,10.410568,69.546753
45.340530,27.948769,12.502626,36.084629,9.729991,21.599068
32.372711,17.845961,13.410669,56.525303,12.958164,18.932751
16.880630,12.002096,6.002277,22.726496,4.980074,15.724966
23.960474,16.876547,4.239008,31.950634,9.127587,15.097203
11.043760,8.155781,3.896544,10.842308,3.141268,18.532557
44.548229,28.633337,22.222420,54.813419,11.348625,14.018574
37.000744,25.472704,10.940958,39.587105,7.792781,38.736549
9.798624,7.129117,3.339104,9.987430,3.295238,4.870612
6.619149,4.988992,2.441891,3.345827,1.092494,3.805240
9.431012,7.258294,1.591625,16.438467,2.746452,4.788442
20.447552,13.991167,5.824315,6.130088,10.492297,975.094971
32.924644,22.543512,11.060143,56.952858,13.354109,17.210707
15.901945,11.547471,5.874499,22.004034,5.470077,14.124962
32.456573,20.841148,39.487255,130.656525,28.809452,95.360107
10.220981,7.502149,4.910955,16.379053,3.790384,3.657373
21.112322,15.004366,18.496029,67.783035,16.954367,9.472528
17.091555,12.035550,21.392714,60.417892,15.896965,79.998047
36.765522,21.813322,29.799547,142.184967,32.719940,44.053905
9.624075,6.883625,3.471234,7.906612,2.163194,2.221550
7.467871,5.344702,2.748873,3.481366,0.610478,2.604820
14.798177,10.289833,5.442148,7.930421,13.532209,1033.442139
36.264851,20.666386,61.807301,241.770416,58.686954,68.492302
5.123558,3.948953,2.801742,11.684556,2.851235,13.863976
33.627052,22.422842,38.672077,120.852539,26.549816,53.201469
23.367277,16.178785,7.498743,26.193054,5.533750,10.178391
25.053200,17.592573,6.020301,32.009396,8.726237,7.136726
4.047405,3.297869,4.789943,25.234671,6.874072,25.201185
10.473920,6.637033,6.520004,22.819471,5.581581,7.498766
44.623577,28.844109,20.570234,85.482681,19.457939,22.982594
37.618637,24.253086,17.537249,59.001450,14.220841,27.243883
16.194283,11.492374,7.737967,26.257673,6.113427,29.798489
19.396515,11.720518,39.456554,128.065079,32.932796,210.240372
11.088034,7.992056,4.071390,14.201722,1.860921,2.485770
21.752350,15.383351,5.326136,28.621422,6.852082,11.032483
8.403213,5.887840,3.251584,11.338533,2.024374,4.191791
5.678173,3.993237,2.954195,9.247125,1.473670,2.241032
25.667450,17.186634,7.119883,18.020891,5.132467,26.671926
12.047337,8.180015,4.150826,13.036204,3.579826,9.614650
6.943383,5.435619,2.355822,11.422421,2.178029,4.373598
66.085114,42.199596,22.972019,70.603859,18.484053,39.942066
8.357038,6.030996,3.100830,9.742900,3.036012,11.487194
15.633559,10.506394,28.618742,70.010399,17.054979,61.215641
12.819652,9.407707,5.393818,10.974229,2.314679,6.911147
48.487843,29.344505,39.511742,147.531845,34.166416,68.555038
30.286861,20.626141,9.990274,42.623058,10.232231,34.052982
13.547162,9.820493,4.243545,13.938008,2.687674,8.257154
13.063540,9.287429,19.739515,52.439545,12.960990,27.559423
9.014270,6.625022,3.304443,14.357722,3.287732,8.039128
20.990231,14.824370,9.670627,23.196177,5.753373,8.611390
4.169651,3.175462,2.293903,14.688634,3.758285,10.751710
21.912819,15.603143,6.383715,25.001188,7.004116,34.771484
8.708169,6.457010,10.902474,22.446720,6.025641,7.207408
35.499016,23.793318,16.664257,76.646919,19.200548,78.197678
25.189590,16.706671,11.683207,60.044540,15.598160,52.633987
8.265158,6.315245,3.214106,8.810235,2.127291,5.205028
8.170890,5.869185,2.883937,9.912133,2.494554,6.506463
17.966309,13.213548,6.087115,11.699584,3.088006,8.022271
35.460701,23.380598,12.684279,31.421392,8.822743,11.372126
36.499260,24.433210,13.170403,38.694637,7.883795,30.862825
22.302448,15.206635,6.385277,24.361307,5.278665,5.437917
38.542610,26.258827,14.157306,42.643036,11.846257,54.483692
81.994888,48.091419,85.234322,240.825165,56.261837,219.346817
20.665588,14.216152,23.850069,101.834137,23.286053,87.139572
25.092939,17.665499,8.103435,23.500576,5.764662,3.694521
39.882370,27.012627,11.698637,42.623615,9.295256,9.863233
63.729839,32.490604,88.992500,333.618439,80.268196,212.026962
21.969074,14.951606,12.563102,51.026180,13.642879,46.201458
11.072471,8.277591,2.576775,9.811943,1.746736,2.859728
16.449924,12.002563,5.353214,18.216923,3.356678,15.890641
11.915219,8.789007,4.614222,4.244164,1.812020,9.561248
7.692521,5.536318,2.875933,4.931082,2.091595,1.519812
13.965690,9.930580,4.151267,16.293623,4.488720,18.318382
12.836325,8.030147,5.252615,38.153923,9.331252,15.977840
15.373535,10.681655,3.694658,15.713125,3.861029,20.205017
19.826616,13.711575,10.156362,60.523041,14.214179,26.146397
9.981817,7.047547,3.320968,11.724213,2.529362,5.700028
28.031401,18.609600,9.198203,29.236240,7.142164,6.486265
6.935501,4.928802,3.943197,12.700081,3.366613,12.865388
18.216022,12.900398,6.096925,17.058088,8.666258,448.749084
8.413729,5.753673,3.157730,12.009974,5.323273,8.743074
22.621525,14.990057,10.811749,47.046413,10.285246,31.494781
32.084698,20.821930,16.932251,64.510246,14.386462,14.380523
40.804276,27.311331,27.996418,118.689041,28.785698,107.935890
29.713957,16.117176,10.507778,34.948650,7.501498,25.901279
17.298552,12.189071,6.326042,23.987831,5.857384,6.352209
11.532602,8.193926,4.284330,12.197857,3.889730,4.204534
27.666405,19.153542,8.532250,35.037022,8.535861,40.914280
52.574562,29.046167,114.738571,289.693176,71.771049,242.280502
7.494425,5.540499,3.659334,12.579518,2.924024,4.304642
17.885303,12.729910,9.072854,16.357038,13.660994,850.465820
5.782917,4.488769,3.044540,14.187420,2.590597,5.038176
16.097885,10.549233,6.434636,24.129131,5.400578,6.457170
5.015342,3.524633,2.744491,10.143067,1.331112,5.104399
42.080391,28.460123,17.039894,47.433720,10.636514,21.414225
20.823063,14.702333,15.756363,60.851139,15.235806,32.091427
5.482224,3.991513,2.069739,7.406958,1.241560,7.074371
8.779482,6.163599,4.589734,8.148600,1.503392,2.918576
7.258787,4.995568,4.473273,26.807251,5.915269,11.242042
29.603426,19.890818,17.952091,52.516567,11.128606,22.078165
22.759565,15.889660,6.975104,31.471230,6.520923,12.438927
31.677414,21.772028,9.729961,35.487888,8.032126,9.116098
40.795986,27.442497,16.329494,45.287472,11.826664,18.462976
24.555145,16.669403,8.949949,28.667982,7.030497,8.734654
14.976538,10.598480,4.569905,22.564867,6.067204,14.016410
17.738770,12.486446,3.943734,22.153608,5.369311,18.651472
13.263032,9.397785,4.555106,14.846737,3.898347,6.962801
22.800882,15.709611,31.485449,21.190088,43.700714,3275.999268
14.814823,10.629833,8.005699,35.312321,9.296107,14.411812
13.984859,9.660003,5.041623,23.652338,7.344673,6.574073
20.568333,13.557159,8.949749,37.154545,9.367083,28.841795
31.782303,21.348270,10.466298,42.416126,10.238857,21.401712
23.164927,16.220457,19.619902,48.836540,10.411435,18.751040
13.603218,9.719769,3.743574,15.572694,4.840174,2.923380
26.132000,17.888876,7.625262,15.754129,3.812629,32.078419
4.343869,2.982828,1.909505,3.679036,0.335863,0.062864
17.000820,12.125832,4.332384,15.627394,3.834803,10.145077
18.174479,12.560532,5.210110,21.930170,6.195533,21.079823
12.103168,8.696691,11.343457,22.947838,5.821222,6.900976
24.959511,17.155151,6.463449,5.726860,14.468410,1091.038208
11.502520,8.369064,5.635286,19.725113,4.731976,4.365148
12.058268,8.210213,7.230203,20.529545,5.766219,13.216493
13.683293,9.702167,5.564974,35.340939,8.508951,9.972632
17.687620,12.177545,4.759363,24.022421,5.871376,8.350685
50.666740,31.017742,73.295815,309.540985,77.414688,111.991814
7.182602,5.059422,2.880795,12.707672,3.206158,5.239542
29.708357,20.316254,12.396964,49.917313,12.830963,25.276237
39.764694,26.249340,11.931499,50.871311,12.474077,41.338779
14.240361,10.583986,4.785597,12.963756,3.594651,2.002175
39.278339,24.861948,13.742464,38.397701,9.613198,8.845764
9.941684,6.858345,4.161093,17.281675,4.276593,8.208600
4.018215,3.139585,1.939891,8.027336,2.982754,0.761607
11.159628,7.708629,3.861067,18.597376,3.273495,16.767529
20.502085,14.178065,8.944736,26.006477,6.070196,7.941196
22.504053,15.793696,16.077019,49.395546,10.713878,35.036385
25.372801,16.883421,11.267223,37.712650,9.204854,16.644104
5.447748,4.219461,2.499475,8.640836,3.176141,1.274237
23.991133,16.719263,9.723855,34.742653,7.761365,17.147184
7.607862,5.208344,2.488227,9.562609,1.790367,1.972280
3.957190,3.138576,11.328978,38.965359,12.086411,8.981367
17.009651,11.665598,5.545794,22.207796,5.486132,17.380672
46.247917,29.617172,18.548485,47.117790,10.269701,48.950443
7.411552,5.158748,2.305216,9.331047,1.823941,4.979172
9.923732,7.063200,3.501671,8.663279,2.190900,8.681371
16.110064,11.122912,5.340697,15.897229,4.257894,4.432912
23.613651,16.710583,5.141438,19.134085,4.785320,5.077677
42.618267,20.899929,33.103546,79.805801,20.677908,51.687481
33.213528,12.719337,32.139675,109.906166,23.657614,27.485241
17.496733,12.565803,4.311704,25.113558,5.188481,8.340008
21.861876,11.137175,8.448687,34.219387,8.079447,10.437889
21.128187,11.109940,8.221395,35.305641,7.838382,10.084308
19.136745,13.505007,7.349178,28.660595,7.521741,17.571199
13.576340,9.463808,4.668851,21.017853,4.350822,2.353925
8.080271,5.793588,9.621264,31.964935,7.699560,30.785122
45.031937,28.467775,10.502814,54.175976,14.098586,28.486914
25.916517,17.601091,18.355158,53.845329,15.283623,61.913162
24.272213,16.482998,7.606087,29.515203,8.481318,20.921848
55.916256,34.055969,19.946997,75.855408,18.748180,15.042257
8.045909,5.841691,3.970759,13.691322,3.356442,5.274038
13.570598,9.463003,3.941972,19.799252,3.344671,4.904537
8.793419,6.602594,3.101986,2.330724,0.247714,1.744603
8.135424,5.765627,2.967228,13.285419,3.308276,7.275076
13.742414,9.406319,9.048115,38.084332,8.886769,17.460644
15.450374,10.907682,3.590774,22.559483,5.079779,2.460336
19.604504,13.873646,7.954648,28.852104,8.601121,10.981501
29.509745,19.903044,10.369704,32.005222,8.835047,26.385822
14.422929,10.285506,9.759416,27.318546,6.744083,10.732287
22.032024,15.676917,7.794725,22.620533,4.744289,13.537519
6.742845,4.533752,1.666497,13.141903,2.866743,2.130242
14.927429,10.684376,5.981677,16.636982,4.211442,4.676018
32.450161,21.882172,14.434988,33.900291,8.007081,10.644627
9.570221,6.750932,2.355705,14.135711,2.389310,3.010396
4.410431,3.388211,4.428001,17.403282,5.369161,10.368793
24.372564,16.842161,17.427193,59.866821,13.431301,35.262802
8.108759,5.605880,2.622591,16.602659,2.905497,0.440026
4.406117,2.900836,3.052560,8.916038,1.661467,5.790883
16.901648,11.650989,7.939054,42.559940,9.584434,24.871513
12.668634,9.020755,4.035954,16.002403,3.380454,3.118446
10.211040,7.684016,3.652350,15.891429,4.943957,6.830970
23.014122,16.060038,8.171890,23.218252,5.542131,3.600401
23.234747,15.577325,29.729067,112.045113,24.124445,52.341949
49.373547,21.102127,66.314827,285.027313,62.515415,166.469009
17.242065,10.044352,6.457209,43.340107,8.992194,5.256269
9.409904,6.904865,11.839002,17.640896,21.297768,1496.943481
17.146612,11.960362,5.446225,16.001879,4.331501,5.505445
20.513575,14.584604,6.054256,6.020159,1.146189,21.489290
5.598315,4.108212,3.072121,9.306569,1.867804,2.527313
16.003490,11.731776,4.195836,23.713629,4.911246,4.695666
11.270583,7.852170,3.679431,16.886370,9.399531,433.842651
43.495361,27.087959,15.594398,38.088303,8.828681,27.132336
26.182810,18.014179,7.296800,28.378414,6.296744,8.094458
7.472056,5.388655,3.539935,9.912155,2.129029,13.188392
14.806295,10.281862,4.228844,12.540810,2.935411,5.609668
35.230843,14.233354,12.387450,26.639284,7.453371,30.117792
34.476124,14.315345,12.618670,34.607891,8.479251,27.336153
12.104476,8.184221,11.389717,30.434515,7.691719,39.396152
30.239454,20.644670,10.188902,38.368641,8.703213,12.309199
16.984360,12.182317,4.980525,25.201225,6.044601,5.503086
25.010414,17.101389,10.373867,24.612255,7.117490,20.408459
11.432399,8.093400,5.932981,34.401657,9.197327,16.587605
7.422165,5.232437,4.867940,22.244678,5.012491,16.401905
40.703186,27.247845,13.101896,53.746201,11.509356,44.290661
45.578121,29.057661,16.729393,57.511986,15.489710,26.636656
28.857910,18.912395,14.762156,62.860363,15.313531,32.426384
41.711800,25.969200,26.535824,102.969101,23.055319,33.463226
5.537772,4.117421,3.006008,5.392701,1.552724,2.610386
20.301329,14.225188,10.731956,48.896431,11.097166,35.121067
10.367042,7.446585,3.947052,8.296112,3.009841,1.861434
12.209822,8.846067,4.559856,14.606788,3.664090,8.744324
33.991409,22.417957,15.525894,71.353897,18.738901,25.523325
11.152474,7.753722,2.878205,30.205341,7.346426,21.978687
4.810032,3.589661,1.899775,7.107759,2.010957,8.017580
31.285845,21.721092,21.629698,74.216049,17.225227,22.837439
12.478363,9.379393,3.741136,20.806797,5.489445,5.632071
10.115389,7.198850,14.811947,48.511898,13.524141,26.524929
44.700150,26.702234,13.024911,45.355114,10.125579,14.660058
19.982859,13.720036,15.094216,47.613941,11.629949,25.824883
10.647948,7.693350,2.295911,15.983695,4.109599,8.967653
10.334225,7.036182,2.663424,9.614149,2.685459,12.882106
5.794530,4.437983,2.319852,11.817277,2.118433,1.894835
16.529974,12.140585,6.927681,27.750093,6.170869,7.904262
35.890163,24.314381,10.921774,34.158131,6.482103,5.842909
78.826576,42.134983,95.906410,315.082153,74.349655,219.126495
20.633757,14.459463,7.286162,26.875355,6.620843,21.012606
12.134703,8.820930,4.043262,11.381398,3.970489,1.698424
40.989189,27.220663,17.107691,58.478146,13.085245,19.904486
18.734152,13.059972,4.439935,20.967077,5.177319,21.914558
22.687769,15.911786,7.228117,14.657305,3.965194,16.612141
30.517462,17.531609,21.263241,62.577763,16.831272,44.659477
15.930074,11.466247,5.475456,25.903994,5.537967,6.902201
29.409609,18.862316,29.208887,93.082367,22.757969,18.932318
49.089478,25.049448,61.285355,198.380936,46.159988,144.244049
30.604641,21.232723,9.928425,52.566074,13.018106,31.423357
15.122229,10.930240,5.571609,21.642612,4.444124,6.148941
8.270137,5.829408,3.297613,11.438566,2.860595,1.420898
10.321870,7.533796,3.481328,14.326292,3.068031,11.764048
14.292925,10.111724,6.103350,1.790574,0.379391,8.603199
45.053051,28.235418,22.992233,76.230019,17.088938,36.433895
51.929268,32.569981,13.847415,70.489357,17.867777,35.143410
14.929887,10.542896,5.034626,19.381544,4.541317,4.886537
12.723812,8.994897,9.644233,62.640564,13.930820,10.995939
30.171190,16.550674,26.222866,117.944290,29.566101,66.033524
24.675577,16.827850,14.805592,57.882645,14.075219,49.500076
27.135054,19.166960,6.785332,30.241695,6.210136,8.941953
6.696536,4.640800,2.902306,7.634585,1.619435,0.698853
11.067097,7.484516,2.988635,16.037394,4.060558,7.191271
4.662032,3.133019,2.611657,7.808086,2.381766,4.388172
4.922947,3.486083,2.955962,1.445612,0.189000,0.408934
5.857201,3.874534,2.184088,8.876375,2.157034,2.107161
21.025349,14.855934,14.138119,53.150906,14.680886,59.448830
5.852705,4.483444,2.277690,9.052781,2.369322,6.325531
20.005856,14.050183,7.527508,23.118666,6.325273,9.657206
19.472776,13.604963,6.885225,30.216660,6.468285,30.456856
51.880276,31.240641,42.778416,119.197929,27.003117,61.962006
36.167267,24.758139,13.475595,42.807594,9.082459,10.365032
5.336289,3.487521,2.528046,10.522641,2.389540,0.954529
4.321131,3.067059,1.672055,16.094193,5.550909,13.997239
12.299129,8.655797,4.613755,20.818153,4.974407,22.625294
16.462139,11.151991,10.119759,25.417511,7.546002,6.720687
23.553154,15.633726,4.434085,29.432665,6.444849,11.964330
23.858988,16.789318,6.811189,23.761873,5.024850,16.856792
38.585522,25.064772,19.835186,51.352528,11.057128,19.876324
15.667010,11.155129,4.146194,14.248577,4.218946,7.266366
22.126041,12.732806,9.599380,20.749706,4.759125,6.027750
21.112226,13.763793,8.786135,37.312550,6.197068,12.528927
10.190177,6.846093,4.197303,9.777280,2.241314,3.547714
12.793829,9.372087,6.844261,21.926226,6.590339,7.928968
20.167154,13.774240,6.442410,17.753376,4.537313,8.326353
9.980119,7.014501,2.837401,11.078279,2.646685,8.899732
19.152958,13.503784,6.563820,20.567410,4.568549,8.097848
10.013216,6.867686,3.891371,10.173099,2.299055,9.724542
20.919359,14.484681,10.665855,18.124640,5.636149,15.175066
26.584032,18.248209,9.082421,42.603416,8.637347,9.940625
34.207069,22.955126,9.108298,45.600628,10.010015,28.710041
29.385761,20.300318,10.481165,33.030224,8.148463,43.840721
7.336604,5.374303,2.328820,14.428242,3.310962,5.741045
28.328835,20.000048,9.386168,44.010357,12.405337,45.922916
31.803471,20.636051,17.028555,84.021362,20.612499,54.460011
8.398106,6.198968,2.702489,14.326099,3.837896,12.893690
7.356616,5.299761,2.733747,1.428488,0.540674,5.575533
42.409180,22.455057,27.543743,91.004509,20.365685,30.284666
27.073597,13.322662,22.261482,57.460796,14.423389,46.404343
24.074732,15.638975,12.141174,33.910221,8.097480,35.133652
11.753002,8.110217,3.857515,24.151190,5.255984,2.970701
5.901512,4.240106,10.335804,8.820998,13.780240,1134.063965
6.760863,4.497081,2.484156,8.500531,3.844996,1.432158
19.687872,13.705567,5.943334,21.690723,5.346663,21.562822
26.571854,18.237223,8.813103,28.244396,6.586264,7.076338
22.723162,15.330232,8.053585,31.482641,8.448728,35.630447
14.879395,10.685629,20.075058,50.711887,12.849040,38.114277
16.073847,11.572460,13.033372,53.164154,12.905010,39.562664
11.976665,8.301325,4.742566,14.674177,3.073999,5.658434
8.192687,6.090795,3.127924,12.809276,2.190965,5.668279
32.044968,21.967932,20.842428,93.713799,24.782953,31.818960
27.298124,18.564896,11.537114,53.806610,13.519693,19.867538
16.880219,10.916607,6.015951,30.353363,6.366157,9.335169
60.399868,30.144463,53.024338,185.529572,42.021107,86.155754
20.178911,14.623606,14.486759,47.669941,12.763874,23.116974
9.750196,7.193947,2.690840,18.138727,3.904954,8.633737
9.006901,6.555975,2.817512,13.115116,3.419366,10.764405
16.636471,11.452042,10.699449,8.234220,2.141278,4.858663
52.063015,30.421951,36.559650,108.146622,22.374729,57.876518
17.685097,12.585263,10.164426,18.055189,5.277567,6.098278
4.648560,3.363456,3.377347,9.279569,2.968014,14.508724
30.078152,20.916849,11.994004,34.408352,7.500467,12.619118
25.495489,17.391901,11.366238,48.500690,11.996944,22.308609
38.696255,24.079918,24.149729,90.984100,20.583317,20.250601
9.346107,6.663977,3.184336,13.132080,2.465815,2.405575
11.848044,8.654591,4.193438,14.186581,2.555552,12.198374
5.311460,4.206954,2.669479,12.278214,2.839742,4.625000
18.481121,13.508135,14.049971,26.480690,6.663365,17.578272
28.739126,19.897446,24.061571,66.979958,17.860128,32.065079
5.108307,3.496334,2.489208,10.822789,3.139422,4.252659
11.358758,7.953149,8.001367,6.536517,10.955433,853.996277
17.218189,12.523203,5.504044,34.925438,9.666894,22.977415
26.341484,18.195135,5.785474,24.473389,6.423791,9.212001
34.797901,23.457283,12.341288,46.644032,10.169840,7.624596
36.411484,23.085526,23.757856,82.275383,20.113075,25.151079
5.034790,3.465698,1.684336,2.281209,1.657797,132.369202
23.378571,16.386520,7.397352,26.376207,4.860585,12.414941
9.540358,6.571662,4.255867,10.633558,3.107243,2.360347
6.885348,5.128751,3.261417,9.304305,1.697881,3.358387
26.361063,18.317471,12.972244,41.539341,11.263269,41.223171
9.477620,6.609950,4.807639,9.311179,1.691378,1.450703
7.516844,5.138480,2.510709,8.936818,3.003534,1.670316
14.023417,9.660568,5.068333,20.367172,6.599694,11.479568
41.768375,24.635092,15.347851,58.191193,12.519462,32.312611
32.614063,21.064566,11.458867,30.638956,8.784438,18.913383
39.282249,22.759123,14.643951,48.975182,12.176320,19.380842
12.003431,8.271687,5.144086,18.820398,4.437160,5.431356
59.338650,36.947922,15.906940,40.424095,10.593081,19.577034
16.013479,11.287881,6.522140,17.778160,5.265784,3.837473
9.959140,6.983003,6.281730,30.118786,7.191746,23.389227
5.687145,4.323234,2.035766,10.806797,3.830726,10.102163
12.294838,8.251650,2.584946,16.714745,3.232744,4.409281
18.004118,12.637354,4.895859,22.517523,5.761218,8.408304
14.187872,9.986916,3.356788,18.607809,4.123488,9.884257
28.648365,19.921553,22.389965,88.048103,17.669695,10.119193
4.632624,3.249639,2.685129,11.307828,2.043046,4.724566
18.315315,12.899403,5.094917,15.675482,5.316335,5.909195
27.275639,18.917360,8.345715,9.456393,23.674187,1774.915161
12.257034,8.511782,3.216506,10.612635,3.134563,4.696697
37.613899,24.139685,12.254313,41.149994,9.099229,22.499331
8.554338,6.251538,4.815811,15.384314,2.971913,3.126544
29.773075,20.346161,10.675837,62.603779,14.093975,16.545971
10.410316,7.754039,2.332301,11.183768,2.455280,5.050707
24.819555,16.059294,24.375893,52.800449,9.894083,32.869526
10.831498,7.860023,11.128048,33.627972,8.587811,15.038510
14.996270,11.114858,4.862643,18.396326,5.839708,15.419964
23.405766,15.939619,14.724498,43.257317,10.914827,19.002474
13.452709,9.774608,6.720132,21.518036,6.004815,3.445010
15.796335,11.246990,8.892380,30.915419,6.522233,11.918327
12.261903,9.105024,5.230415,17.792555,4.717060,8.566324
14.709020,10.091330,8.110649,25.918777,6.849537,15.906889
10.545500,7.584526,4.018854,10.379375,3.146196,14.442274
29.542871,20.327271,12.080582,39.744808,8.677342,30.382118
71.397446,36.253185,63.206524,231.998291,55.956318,116.638573
10.683498,7.574254,9.949138,39.432236,10.222371,9.406061
6.552054,4.428143,2.786733,4.893010,0.168545,1.899472
19.958158,13.709485,6.254321,22.986038,4.900434,7.333759
19.577808,13.319934,17.418898,68.647049,17.388149,38.471561
22.429098,15.161443,28.557016,70.219437,15.678460,20.000879
13.904394,9.756128,5.685812,30.228350,6.278215,20.542656
8.795645,6.531591,6.006011,26.635017,6.931016,18.061026
15.884073,10.789269,3.986757,26.227720,5.547216,3.455603
22.412340,15.254387,19.758963,59.376835,15.029494,56.289814
48.764515,29.752024,31.137705,97.408478,24.090282,41.745316
17.612522,12.224710,8.456364,25.886551,5.165570,20.480547
50.444633,28.818098,71.623199,271.377747,66.450661,197.826675
17.796053,12.503852,14.571559,52.250179,13.991406,22.528976
4.959281,3.720158,7.185140,24.315742,6.272113,10.315411
6.975729,5.024499,4.437483,15.064514,3.851553,5.900899
16.138893,11.046350,12.284080,49.654919,11.341101,9.792459
13.898114,9.966418,2.634241,11.313498,1.854859,5.379396
27.695057,18.257023,27.960955,77.098618,20.369183,31.280924
24.924395,13.139279,10.936157,41.898556,10.784865,30.450684
9.453171,7.122879,2.891935,12.036893,1.713080,3.814198
14.224301,10.490326,4.430610,9.589564,1.665160,3.107043
15.869720,11.569715,4.216311,13.153475,3.335757,13.948518
34.902992,22.274368,18.195835,26.448612,19.676933,1342.039429
18.228096,12.594593,7.974546,29.926756,6.678885,14.232017
6.835258,5.321380,3.023203,10.396381,3.472590,1.888510
18.278837,12.694364,5.688824,22.385262,5.616546,12.132948
13.249972,9.905762,4.290594,10.888248,2.844465,9.564402
21.385513,15.301661,7.200593,6.061155,0.987008,6.528050
23.935333,16.393007,20.508415,65.006157,17.371527,38.802021
18.276592,13.133932,8.298420,37.099072,8.674268,5.663889
27.427872,19.440243,7.832091,24.058041,3.998571,8.991973
19.269873,13.275413,7.651778,17.641399,4.667197,8.718157
5.356396,3.930702,2.590146,9.238008,2.945638,5.869960
29.281977,19.139332,11.601033,47.576698,11.690200,44.676319
26.757729,18.601332,22.938797,75.879753,18.731728,39.792652
20.002998,12.103513,9.086492,33.439770,9.381777,16.142567
12.784500,7.174366,4.509616,29.022459,6.199217,13.456720
9.559395,6.935028,4.617030,16.558426,3.861323,6.424241
17.729521,12.426950,5.534472,17.900745,4.093613,11.271059
14.667134,10.139577,6.805883,19.059277,5.073815,5.736935
7.020934,4.955051,3.233996,9.039511,1.649443,9.029316
5.447816,4.055667,2.076238,9.465425,1.965208,8.720434
5.739586,3.979589,1.920959,10.462947,2.691601,4.859761
18.924623,13.177176,5.980596,21.975954,5.771175,6.127709
21.224714,15.053875,6.652942,24.881922,6.545581,7.731681
20.467402,14.151553,9.136786,30.015713,7.074352,15.313843
49.503593,30.159208,65.269707,199.569534,48.710663,192.732346
14.921276,6.697168,11.147360,20.426073,5.793828,20.595409
41.542553,20.071680,32.347141,78.151123,20.505146,44.443573
39.735123,20.511553,30.863783,83.529518,19.571407,34.343903
10.110283,7.180452,3.188151,7.279142,2.984120,10.456765
21.713614,15.056399,5.013340,22.911989,5.188238,3.908176
17.678417,12.344604,8.628654,26.529556,6.165680,13.225527
24.115030,17.040909,8.861904,22.828920,5.494554,7.167058
38.292511,23.837257,32.719376,135.033249,35.145912,56.851925
58.575371,31.997728,68.212479,169.835815,36.201870,85.422874
14.882778,10.902596,3.998641,19.869434,5.278750,18.107697
7.878011,5.531486,3.630383,12.408327,2.674544,7.398016
13.696966,9.633335,4.769167,17.643476,3.377688,4.095280
19.534071,10.590803,4.979809,23.648293,6.023571,30.125633
46.463974,29.616428,17.725269,78.765022,19.016598,38.702358
5.400686,3.913301,5.837256,25.711920,5.863187,28.442665
14.238966,10.516997,4.955711,30.660820,7.254258,10.437183
31.187393,21.320436,9.157407,43.755711,10.252765,22.712492
58.256348,36.271236,46.251568,203.623093,50.465046,127.996727
8.837915,6.651186,4.833954,13.512586,3.071794,9.628464
17.583363,12.908526,5.376430,19.702353,4.562302,18.088541
15.636472,10.819831,6.812212,14.698151,3.398432,9.507215
14.831824,10.298018,6.881929,17.109999,4.218145,3.672617
26.433872,17.589373,25.068554,90.366653,24.704699,35.669014
7.092292,5.095168,2.880017,11.824331,2.045563,9.936734
7.540372,5.528990,3.655995,11.261736,2.846260,7.462868
6.275770,4.458769,2.636822,7.929801,3.616774,3.424772
8.628329,6.340660,3.970279,16.908052,4.708886,6.345456
18.267494,11.987710,18.583258,67.802048,16.236650,19.682283
8.083047,5.696833,5.494762,17.717363,4.276139,8.486419
41.957706,26.381351,24.241968,74.302513,19.144176,87.242577
26.442497,17.767780,62.896183,180.992294,43.769840,124.712234
14.370182,9.864335,4.054861,24.740204,5.749387,7.767620
49.878716,31.623085,14.970148,41.770977,9.006409,19.345015
22.898163,15.714589,19.257774,63.956059,14.575524,61.765995
9.413767,6.531260,3.948496,7.511860,2.041838,12.796642
12.802298,9.257428,6.484350,22.761290,5.772998,12.786350
15.105254,10.697335,4.805513,13.863871,4.795629,6.397009
11.607856,8.301719,3.803937,12.520154,2.298025,1.722400
29.583893,20.590633,8.087070,49.987240,12.268712,30.964243
11.167876,7.822024,4.253646,15.467877,4.108439,12.011016
17.137547,8.893790,6.056242,26.378193,5.658344,18.369066
16.448317,10.826598,17.421288,65.777199,14.430275,27.346849
12.828798,9.221560,4.440245,23.675402,5.597879,5.440335
33.003601,21.832022,9.711690,41.303726,10.913257,17.053305
30.328251,19.980947,13.907740,39.114483,9.805093,21.854843
8.005713,5.891492,3.280129,11.356193,2.535656,7.582538
11.440377,8.176487,4.039988,14.135501,3.495377,8.560737
25.101793,16.868402,37.877880,112.905861,27.169039,114.185341
28.595360,16.444481,9.851478,38.074360,8.891724,27.922079
33.659924,23.029308,12.102933,28.269730,6.347142,11.418895
4.994526,4.062564,1.802321,13.942378,2.687745,2.548230
6.292534,4.583954,2.741491,7.637815,2.833970,2.215827
7.540281,5.636074,2.512423,14.378537,3.935165,5.157712
16.689629,12.124667,13.463248,54.534725,12.758730,4.962244
7.288272,5.199152,1.842955,7.510174,3.335934,13.687012
9.783428,7.269092,4.113673,9.633379,2.845378,3.163571
21.579306,15.090876,6.074943,16.803530,4.144683,5.487272
15.400726,11.050355,8.279042,21.003517,4.812905,5.206980
8.847979,6.137630,4.937079,16.203373,4.688992,8.382090
27.525126,18.369219,6.789764,35.229950,8.716748,38.862137
42.348289,25.216711,61.259773,222.471313,54.136909,105.511070
18.893867,13.345181,5.812083,16.989161,4.792016,6.112706
9.700679,7.094104,2.298833,17.998047,3.586779,11.966977
7.669146,5.672526,1.788167,12.298381,2.949525,3.020854
4.846881,3.782187,2.615650,11.990308,1.897932,3.498389
8.466522,6.278683,2.937640,12.412419,2.311053,2.829432
48.090557,30.559919,21.328829,76.235886,19.423265,104.628944
19.416672,13.169018,7.627122,16.495375,4.568141,10.888193
22.419640,15.275191,8.121223,26.643047,7.074452,8.538100
24.050200,16.641588,14.819674,49.495010,11.532880,10.686580
9.265358,6.324131,4.347294,6.528760,2.469109,2.645100
7.729719,5.895965,2.951262,1.878250,0.337099,9.121910
9.778647,7.212128,3.597687,14.856206,3.579684,16.051470
91.281555,46.651249,113.979454,341.241028,80.885307,181.336304
10.597009,7.612708,2.869617,14.117244,3.119823,12.953764
28.452925,18.565317,7.014527,46.770859,10.879464,29.347717
12.552004,8.817859,4.737484,14.753391,3.932889,8.152183
7.256064,5.359768,2.862085,6.794050,1.870818,2.367428
26.522518,17.608387,8.271193,23.328733,6.005100,7.420230
21.946388,14.970527,4.346989,23.177660,4.746735,5.170342
39.611034,23.189413,29.499987,88.130432,21.931616,109.877747
29.844418,19.513762,19.735456,50.619106,12.942616,35.774902
31.503540,20.784071,16.870504,104.253662,26.359203,20.799740
12.584741,9.242846,3.811844,11.622364,3.240411,10.272274
33.469696,22.036154,13.346842,45.567844,11.168464,47.542374
6.965515,5.098911,5.999071,11.759353,2.711026,6.361220
13.792015,9.863843,4.481265,17.489109,3.528601,18.141710
12.318249,8.679480,3.419085,11.729035,3.010212,9.255960
9.678712,6.987434,3.826112,11.920616,3.133450,10.883344
7.526845,5.044603,3.735421,9.692857,2.228930,2.896563
70.695091,36.773029,44.340118,134.947906,35.406273,96.477905
32.353630,21.356079,22.995432,36.879009,6.808733,34.143379
13.187996,9.169825,6.628847,28.200468,6.212887,11.059988
43.195587,20.419239,20.520063,53.105515,20.769949,1057.234985
32.343052,13.174520,22.188641,57.572887,26.852558,1340.827148
4.376070,3.256841,2.813039,4.608532,4.550821,0.460022
27.154058,18.805775,9.598372,30.801199,6.271354,14.164891
28.909964,19.786066,12.428423,41.945580,8.882185,16.896662
11.882781,8.936561,3.304814,14.776139,3.542356,11.628893
32.242470,21.344633,16.983976,49.876301,12.455935,64.573685
23.348207,16.684395,6.148730,27.567993,6.458179,29.477335
5.709304,4.152796,3.813043,12.276101,3.501960,6.638349
16.025894,11.654793,4.218875,19.573252,5.791188,23.330297
41.959396,26.131588,25.242966,70.121971,18.844374,12.584523
18.545038,13.136129,5.499610,18.609222,4.448699,29.932926
51.105209,30.583021,70.868042,187.258896,46.834770,105.308372
29.386393,19.243780,8.983587,8.743058,7.767693,471.737244
13.156612,7.564559,4.045881,12.011837,6.433745,30.288019
4.820271,3.597449,2.378518,9.378228,2.749257,1.389989
47.495911,30.893520,14.635096,50.604626,12.760615,70.346924
7.769487,5.751738,2.916085,11.406329,3.811608,5.643076
34.287861,21.774555,38.011528,131.949982,34.012077,183.096481
5.829278,4.397255,2.876258,7.254519,3.245317,4.985309
22.913883,15.642835,10.266858,33.430477,8.326930,9.761641
12.469234,8.632796,5.318987,15.868480,3.383998,9.432319
12.194085,8.269870,8.079045,26.331617,6.921664,12.569605
41.337395,26.463060,10.343763,51.567497,11.847175,22.217567
12.474659,9.181705,3.772660,23.618231,5.799581,19.844404
12.117677,8.278717,4.456234,15.832254,4.121914,12.776658
37.588951,20.939938,22.013218,62.891094,18.150108,67.050201
40.941437,21.579336,23.396580,88.571449,22.729641,61.830597
11.323073,7.799258,2.592137,16.969610,5.013880,7.092077
13.034978,9.463571,6.223351,11.278205,2.148473,3.704447
15.256844,10.816673,4.482738,21.395861,5.557833,5.443459
45.324902,30.058535,10.716496,46.824997,11.659216,28.716839
26.218594,18.276272,5.129174,39.319603,7.463937,6.083825
17.147017,11.762808,7.108435,39.931644,9.299682,4.713977
26.874136,16.017773,7.445302,23.946699,5.752004,23.011166
20.084429,10.047340,7.130969,32.270794,7.279860,17.436962
13.669759,9.742199,4.142600,17.882341,4.713021,4.290850
30.049807,20.021334,7.407198,30.402401,6.510668,17.114450
24.347206,16.134029,17.638092,76.391289,16.707209,32.488541
11.712212,8.415651,7.208501,14.131222,2.290098,9.239826
23.399555,16.769083,8.605748,10.764322,20.311581,1873.852051
17.697721,12.660310,7.825880,27.496971,7.090035,19.992832
8.862642,6.365585,3.726464,10.561275,2.239511,1.779522
19.954004,13.555376,5.948631,25.624556,6.524133,12.689821
16.224174,11.530280,4.054640,22.419674,3.833194,14.574676
11.971307,8.485899,4.781686,16.677736,4.594646,19.369198
13.740762,9.469101,5.010937,22.006435,4.418272,15.021708
29.444613,20.494951,8.180996,19.469309,5.502633,8.769930
20.703751,15.165190,15.661359,14.746526,36.401226,2736.993652
23.009598,15.957205,11.462473,4.547390,4.146054,267.734344
16.075787,11.030166,7.918527,36.664780,9.179794,14.487532
44.883106,28.594358,17.783913,44.758255,10.679339,12.858201
10.112601,6.828185,3.041873,19.976324,3.706723,5.494497
5.976311,4.130730,2.602215,14.794193,3.704279,0.464668
7.413239,5.164384,4.061872,3.233616,0.718744,7.402226
6.998560,5.179611,3.098749,7.985725,2.232833,2.268094
5.223248,3.718866,2.200567,5.534686,1.556382,1.474013
23.239676,16.108427,11.635900,39.700932,10.031754,12.240659
9.170126,6.592716,3.109841,12.631195,2.494029,6.308883
42.643005,27.840153,22.582493,80.611305,19.704174,32.740932
7.744121,5.694757,7.466831,21.480026,5.248607,15.412610
13.719129,9.613336,6.536394,39.062794,8.575949,4.841403
12.170205,9.074511,4.422930,10.995297,3.039284,8.461141
8.357821,5.989484,2.828890,11.260809,2.156443,3.321904
10.185530,7.495406,3.841728,12.311009,2.755833,8.932697
6.175205,4.295595,2.043635,9.954391,3.372772,10.449424
33.150059,22.497831,10.316188,8.136394,8.344809,716.680725
19.074350,13.075788,22.814028,54.248837,13.348733,20.791761
37.628033,20.773447,12.474339,49.295158,13.460962,58.532734
10.135959,7.178633,3.186906,11.652082,3.246716,21.211065
63.752934,40.791759,27.081690,117.181404,30.661745,61.691109
18.254829,12.247219,13.463657,34.854313,8.619251,7.985195
8.237307,5.513313,2.550353,7.034009,2.855710,3.880036
9.896196,6.929177,5.315491,31.455814,7.127766,10.496669
13.718633,9.212667,4.327323,17.801268,3.961629,5.419185
19.204376,13.187297,6.048040,24.267790,4.668367,26.263029
16.020208,11.259100,12.802108,41.780102,9.641708,24.175777
6.388863,4.265203,4.198884,11.793182,2.508473,2.817631
12.598558,8.808005,7.373608,5.704436,1.398514,19.717411
11.678852,8.325702,3.006752,12.118134,2.371583,6.198049
13.942173,9.849952,3.880049,20.208258,4.277012,2.383558
8.863496,6.122364,2.879874,14.454801,4.763722,10.940499
26.370804,17.968357,10.345552,31.238586,7.877484,13.440010
11.452450,8.529716,2.680061,21.066858,5.378149,2.776747
11.506452,8.141497,4.621294,19.628222,4.152002,13.779189
9.584230,6.875263,8.931848,41.454357,9.584435,20.271759
16.500700,11.380600,14.157912,41.525051,9.911328,25.118599
61.076607,31.232941,64.770905,264.249359,61.546139,105.120598
16.711779,11.318353,8.639049,18.989594,4.442920,13.676887
7.448508,5.386396,2.328607,11.603632,2.597522,17.441599
5.549481,3.821372,4.264562,18.348677,4.662427,4.876659
26.705015,16.257923,31.664438,85.168289,19.786680,76.785599
25.159966,17.675529,10.077798,37.419891,8.323886,14.570029
10.139920,6.787449,2.969952,13.107486,3.764645,1.413795
20.029573,13.538462,6.566423,16.039766,3.832386,7.512759
10.354795,7.322836,3.182870,13.967441,3.060118,7.406731
5.240311,3.960458,2.047771,8.163393,1.919699,3.683527
73.279793,34.154152,64.282402,172.817062,40.659180,60.408825
26.609541,17.992691,8.704603,16.653328,4.248135,14.707199
15.874993,11.067487,4.821627,16.100286,3.738722,10.011856
23.883162,16.383497,16.725351,71.215607,16.462000,43.869499
30.247807,18.397776,35.704182,134.588486,32.102100,131.577148
19.644436,14.021036,6.152906,22.121616,4.989889,16.403652
40.662186,26.362162,68.408226,208.234222,48.097279,125.067009
26.995640,18.050137,7.071399,39.369293,9.705715,4.319980
30.958023,20.120401,12.599458,66.332352,18.216261,18.012211
56.683113,24.025019,22.389349,74.922134,18.763184,39.470577
12.865260,9.055696,9.582345,40.856308,10.970551,30.775557
24.290474,16.971540,11.914021,38.506351,9.743779,29.644321
15.272713,10.577217,4.553242,24.411755,6.723427,22.813168
19.607841,13.678188,6.007707,5.074404,0.305197,10.582764
10.601055,7.256487,3.494158,10.263786,2.463671,11.696218
24.248978,16.633776,10.870967,42.023308,10.348309,35.996815
16.067585,11.179179,10.618384,44.580730,10.683834,5.396236
21.735073,15.311933,8.084393,35.247459,9.058207,34.953079
16.293303,11.521607,5.059509,17.174080,3.599897,6.421342
7.098857,5.157535,2.805209,12.290654,3.038242,7.361052
10.388816,7.296125,1.703192,11.453874,2.023474,12.058871
8.599127,6.224250,2.988918,12.503927,2.968840,6.840282
41.938873,24.525652,49.086281,179.128525,40.518284,54.744091
8.720772,6.648801,2.180646,6.222194,2.622959,8.751784
27.149189,17.857929,16.268372,57.321457,13.365994,21.951355
18.807501,13.278901,11.083295,40.262726,10.394182,32.709854
41.904495,26.918213,22.496601,77.784058,19.586391,66.910141
47.993164,31.567387,18.622196,85.038673,19.528231,44.846512
17.004381,12.112289,5.139088,30.348118,7.634993,28.369776
4.757154,3.433275,2.476505,11.324225,2.297286,7.691498
18.529308,13.111461,5.081905,22.463823,4.917643,3.847982
12.685282,8.821285,4.604607,27.603289,5.193983,8.624532
5.986376,4.134612,1.925619,7.151145,1.529130,4.389339
26.443304,18.172321,8.931933,30.297871,8.113107,19.597155
7.743843,5.236210,3.120420,8.882824,3.312278,5.811967
14.333500,10.327158,13.557530,29.522120,8.078967,11.004663
28.152603,19.278776,9.782706,59.867256,13.881017,20.837368
13.258301,9.642113,5.521063,27.037443,7.542328,4.008437
8.869860,6.349088,3.272376,14.229914,3.892805,9.644599
20.138483,13.911477,5.508337,32.155891,6.364989,6.927256
51.019936,30.581474,22.104580,64.649887,16.260803,48.873707
25.290792,17.370749,12.151421,49.959435,12.472065,66.724152
15.567124,11.029435,4.733521,27.472116,7.243581,6.918615
5.668701,3.869072,1.848605,6.224641,1.362301,2.747509
15.685052,10.901334,9.238715,29.060919,5.823534,20.793535
14.911123,10.171914,14.979558,58.138924,14.984285,21.935404
16.277773,11.263178,12.745470,45.247559,11.699677,34.631298
10.897114,7.621933,4.792033,15.147949,3.618738,9.657009
11.259498,7.593616,2.895236,19.891890,5.335606,21.947811
29.612364,20.657484,10.651343,43.789459,10.603364,9.996204
20.332731,8.974163,6.202237,18.891294,4.094504,9.962332
22.137602,12.647175,7.763673,26.985683,5.710251,18.838829
11.151526,8.031154,4.015045,15.325596,2.895553,7.934364
25.773527,12.559623,11.730772,47.515957,10.795036,26.744036
18.192886,12.088103,6.344711,33.884125,8.580597,24.666109
5.121113,3.675272,2.314533,7.062921,2.330227,1.661556
20.389708,12.673468,31.898436,112.341263,26.765169,64.933128
26.944279,18.241249,8.941488,27.870815,7.150490,25.430813
29.528643,18.492130,22.047016,87.389809,20.030510,22.424221
29.271057,18.752075,32.276802,125.756859,30.032299,58.414143
11.632854,8.062284,8.734254,21.064232,4.360227,5.712576
8.492861,6.245138,2.935914,11.226935,2.103432,1.294270
13.253720,9.569596,5.248947,17.725060,4.367096,4.312591
30.661289,20.450747,16.076445,78.465401,17.960085,19.337944
7.756346,5.456865,4.818880,9.997600,2.788703,4.203689
19.891680,13.295093,8.190074,34.504734,8.316213,17.353411
10.956851,7.904208,2.913289,9.889515,1.799911,3.454673
14.483360,9.677784,6.589179,33.772850,6.992734,8.997280
77.989639,44.848587,29.008455,94.058090,20.358944,17.609175
21.667805,14.803804,6.784390,17.521175,6.516138,17.104469
19.671530,13.783530,6.434619,19.297995,4.718118,9.938591
17.198631,12.387447,8.503815,31.659748,7.926939,34.970009
11.295366,8.234082,2.793033,11.165119,3.504996,12.182474
16.657921,11.699969,6.030399,16.819786,4.861537,4.921895
19.345745,10.345417,5.859264,16.010557,4.729737,13.147287
29.039104,18.881638,10.503712,34.087955,8.688556,15.715571
5.375036,3.689657,3.756211,15.357961,3.141319,15.440093
19.952177,14.094916,5.573693,23.058252,4.787563,6.946096
12.058933,8.728912,4.886829,8.918177,2.640003,3.719761
8.081321,6.036973,3.472253,10.119296,2.682302,12.304403
41.670643,26.518269,11.822232,7.841661,20.226368,1858.412842
6.345740,4.445526,5.743693,23.299337,5.896734,6.824851
20.964809,14.218773,6.471648,25.814585,5.130044,14.458042
13.766728,9.391497,3.837017,18.075556,4.608740,13.100779
42.744263,26.319420,21.315733,74.376244,15.158629,98.862457
39.640690,24.440861,31.002527,92.854553,21.791624,60.959476
52.247791,35.388531,43.874363,115.376610,24.584570,31.669456
25.555614,17.695631,10.616441,43.926872,7.926329,30.005188
7.097174,4.782800,2.441875,6.738287,1.748689,1.956205
7.161051,5.489763,1.793219,6.428712,1.055730,5.006909
17.766537,11.861745,5.834357,26.162188,8.264568,33.188450
41.079735,22.343359,16.895504,53.470734,12.732332,18.970509
26.197836,18.704084,17.480545,86.360596,20.476973,15.562747
29.155294,16.381525,8.773851,36.048641,8.730104,15.650056
30.132055,21.301195,13.329115,42.433308,10.838789,41.309296
5.491765,3.988225,2.587278,13.425925,2.117562,5.290895
11.098326,7.583926,3.531342,22.024771,5.976378,13.543572
8.569079,6.367155,2.920053,9.152990,2.227664,16.451702
30.474798,20.159931,10.761904,38.620365,9.470814,26.367912
28.288786,19.605795,6.894722,41.223415,9.662139,15.665317
17.814697,12.219771,8.227788,37.281826,10.021667,17.842758
18.588249,13.403672,13.005689,49.101189,11.978031,25.610138
14.896423,10.407621,6.611389,24.148157,7.212651,35.335770
13.894470,9.415367,4.170362,21.474516,4.267409,10.343001
18.255751,12.093956,20.148342,37.592155,10.366323,51.508862
20.026363,14.272391,8.404926,35.310043,9.378356,20.274155
16.661808,11.481883,7.616619,41.540314,13.308291,68.225639
41.654835,26.175125,19.765924,61.249599,16.170834,81.492493
10.293373,7.298901,3.175237,7.840910,2.628707,6.690136
14.947190,10.933167,4.561626,28.176226,7.946306,15.746144
6.213410,4.508252,3.007084,12.553633,2.132834,4.177320
5.047527,3.739971,2.844232,13.347379,3.438220,2.178342
5.118780,3.785670,0.991943,7.588594,0.712428,4.990796
28.884108,19.205626,12.780777,57.304512,13.821244,20.780096
13.338398,9.183744,5.391540,3.855775,0.092637,2.744163
11.770074,8.342149,3.568914,11.947103,1.232827,3.236902
5.374505,4.073178,2.011394,-0.064926,0.356391,2.471812
53.823807,33.284367,21.037418,109.255074,26.733097,72.706665
40.089264,25.344347,20.540442,85.809952,19.172894,52.270969
35.061600,21.769548,10.883848,38.677055,9.462524,12.366347
10.601671,7.312787,11.315751,31.109076,9.588297,11.489629
7.304273,5.338062,2.194364,12.371895,3.552632,1.761910
23.714903,16.310719,8.526600,43.125137,9.976328,9.360484
24.975264,16.763010,12.536761,42.855099,8.419176,13.593371
5.222052,4.112808,2.409862,9.008488,2.775612,5.802826
20.942026,14.397686,8.621977,30.212923,9.406441,7.387991
8.731260,6.599059,3.290007,8.919625,1.440938,6.736918
12.297412,9.107438,4.139941,13.569374,3.060120,7.639257
7.834129,5.615072,10.634790,21.081190,5.895214,10.600040
26.243544,17.911734,9.731331,30.751900,6.945461,41.362888
19.560331,13.155934,6.735435,24.066565,5.684214,7.475041
36.900703,25.694574,15.179874,71.221420,14.059980,16.695620
9.077019,6.608496,3.658465,14.142529,2.687237,2.761469
12.949445,9.286579,7.253790,20.100937,4.367188,5.182605
12.639785,9.200415,4.939908,16.484959,3.223922,6.824814
4.362320,3.294706,2.745654,2.313191,0.111199,2.413107
11.784225,9.004636,4.079033,7.633258,2.721944,11.495914
40.684525,28.053436,22.276281,62.170582,14.628627,13.776955
69.895683,40.092739,20.345947,74.123894,16.636108,112.437172
34.767731,23.723331,24.377523,60.754055,13.872651,32.958683
11.160899,7.768356,9.414124,30.292686,6.771525,7.354165
8.619660,6.084095,5.663454,17.809288,3.299283,6.358675
35.728859,23.681803,53.443649,202.082382,50.334099,117.049126
24.503223,17.080856,7.310741,20.712339,4.199339,6.884758
25.064167,16.869965,10.062789,32.313053,9.193659,30.635904
10.053853,7.438082,3.080982,8.750271,3.364087,25.531555
4.416962,3.153327,1.395605,9.643473,2.457554,0.783982
9.893500,7.131592,4.855514,1.078082,0.900388,8.546712
20.278267,14.269979,11.413658,74.054718,18.093315,11.913257
25.359051,17.585627,7.488572,29.902941,7.182341,15.727209
53.481392,35.170818,19.161703,69.774048,16.571676,73.165985
12.800833,9.310659,7.020604,28.017321,7.064134,7.293910
11.232549,8.464288,7.437308,21.984119,4.711924,9.450748
12.545036,9.086723,7.177252,33.467228,8.465942,14.497698
18.021925,12.434244,7.883874,48.057354,11.933055,19.071339
13.313289,9.403835,3.053912,23.262592,4.858521,11.857650
14.105320,10.333106,5.189721,20.524746,5.482452,15.515498
13.197882,8.835886,19.151609,51.611713,10.566402,13.051840
30.020765,19.940229,12.903018,36.191505,9.031359,18.063971
19.079315,12.926133,15.999431,73.652313,17.048094,24.142971
10.393146,7.330908,4.051139,14.581333,4.080792,26.006552
10.556009,6.527712,4.174191,9.379736,2.248454,7.346014
9.971565,6.810903,4.238166,13.304589,3.938496,5.312830
26.033489,17.637753,8.848062,27.296501,4.934002,24.098698
6.621414,4.718197,3.183654,12.362518,1.863123,3.441770
22.918871,16.039431,6.235232,24.600943,6.182045,28.402107
10.356522,7.577341,3.173306,11.271029,1.937769,7.229565
15.200214,10.783213,11.578567,41.837273,9.890924,12.490581
14.879112,10.890228,3.325930,19.397209,5.006607,17.330769
57.918056,33.588337,39.165596,153.395264,36.522549,83.228104
20.728022,14.106554,14.993999,49.649784,11.603696,37.932453
9.617061,6.624213,7.809440,31.586851,7.636855,22.855425
25.141697,17.734028,6.301724,44.726963,8.316924,11.718295
7.414640,5.298483,3.744240,9.435995,1.691750,16.459991
13.089561,9.490128,3.910917,15.531677,4.461367,5.984371
32.898945,22.038759,29.204090,102.297890,24.418049,65.406403
6.114427,4.572228,2.880085,2.000271,0.294173,5.401841
17.250641,11.924278,5.375330,19.878073,5.233437,7.719776
9.804323,7.246229,2.897885,12.163594,2.173688,3.523202
34.299911,19.892323,29.399269,48.687828,16.595041,92.159721
57.784458,35.267838,53.904320,181.137741,44.197491,130.791260
33.778114,20.931990,26.329115,81.902420,17.503654,96.071739
11.302990,8.043978,6.010963,16.950333,4.458547,14.371033
7.764748,5.764453,2.556976,9.208066,1.752811,4.379277
6.749017,4.528512,2.420260,10.286749,2.318124,13.058392
11.995402,8.388368,4.706117,8.942011,2.424478,4.867808
17.143923,11.658093,8.040581,15.081951,3.182669,4.878197
24.657778,17.054876,9.103371,28.528210,4.740111,22.111504
44.812176,26.183882,56.748398,161.886017,38.274509,88.131973
27.139854,18.902390,14.470639,46.807663,10.156528,8.012191
13.007358,9.184579,3.379637,12.218656,2.502420,7.155031
41.914017,26.376518,29.775570,86.923035,20.591293,48.861553
28.087177,19.772049,9.713431,36.893589,8.453135,19.353329
40.917934,27.132048,17.760111,36.487606,8.349578,12.860281
14.474041,10.490288,7.005431,18.442646,3.993868,7.687351
20.530758,14.371850,6.015397,20.968403,6.487922,3.472932
7.005306,4.884759,3.164232,24.854288,7.107859,6.313150
15.215955,10.743326,4.622100,14.570951,3.346060,10.487057
23.041153,15.584391,8.820131,28.369156,7.576676,13.867805
49.765625,31.713282,17.367334,69.569832,17.306585,92.597801
39.986649,23.233328,22.758308,67.506432,15.599903,33.098804
11.088356,8.017533,4.016197,12.133101,1.656833,3.849555
7.340530,5.287045,2.631075,11.723055,2.405140,4.474555
7.601062,5.297863,2.854829,10.024639,3.650883,2.391684
20.031069,13.540661,12.234184,38.529587,8.458529,23.963776
18.807013,13.323933,4.938495,19.839844,3.071762,3.541262
16.570709,12.032795,5.987815,13.795569,3.024500,4.771819
113.565247,63.176380,129.641022,388.746521,90.997940,184.816498
30.725351,18.929413,13.331984,66.391647,15.853973,13.028758
17.810493,12.408493,5.368268,27.310316,5.449762,14.981544
17.395985,11.756403,6.103252,26.462982,5.860776,10.138723
10.429477,7.289686,3.807297,8.232460,2.759042,3.262329
60.752651,30.777647,23.918779,78.662422,20.710226,176.034882
33.906776,13.800583,12.165820,71.834572,16.930372,86.446083
4.403494,3.008141,1.957416,9.240002,1.874080,9.294990
60.373745,36.426331,98.653580,319.431000,75.322655,178.795975
15.660431,10.501361,17.731268,45.954754,12.027088,17.536537
10.250101,7.676722,6.903993,36.596973,11.629059,17.458517
10.606520,7.869351,3.708133,16.740316,3.600607,2.913974
32.089729,22.012211,13.011609,59.655140,14.490487,12.317644
29.251095,20.357674,8.489704,31.304281,8.644625,8.602443
21.060469,14.957239,6.095681,28.220974,6.206058,13.574937
6.093457,4.257638,3.243979,12.663193,3.382584,2.791609
11.718992,8.262422,3.749317,27.684748,4.718890,19.721922
40.810455,27.703749,13.426805,41.504864,10.630462,13.801530
29.932116,20.386139,15.022462,63.086746,18.297356,17.627525
3.964180,3.176466,1.883420,16.091600,4.250319,1.527702
44.767307,21.555771,31.821974,123.229248,29.697575,28.998024
46.253666,26.818176,55.710510,145.236847,33.788422,103.118805
44.865025,30.573784,11.581384,11.800274,21.043247,1565.302246
15.941236,11.254206,4.729863,48.495125,14.119017,36.951408
18.134106,12.653775,4.578073,24.857206,5.359262,5.160115
39.813759,26.197525,30.224825,79.802124,16.128551,29.183407
18.177269,12.337562,5.948252,18.741474,4.764518,9.513324
11.308432,8.193879,4.619793,18.820314,4.739880,7.855241
9.145313,6.555360,2.799986,10.245740,3.587857,6.251788
12.074100,8.807695,4.537894,12.066381,2.245423,8.168143
26.685530,18.508642,14.862443,38.176449,8.409411,6.419893
25.319246,17.529095,7.660121,35.011318,9.364571,18.602758
17.867182,12.466819,5.088892,19.436129,5.219437,3.016154
5.497621,3.833751,2.093646,16.026880,3.686213,8.260491
6.877476,5.036004,2.678722,11.255316,1.911654,2.974074
4.278008,2.976424,2.411114,10.985337,3.115291,1.012691
8.348749,5.819786,3.498503,7.343380,3.315547,5.239919
5.760745,4.409865,1.893040,8.221507,3.425389,5.498408
26.416224,18.815062,7.523586,12.506577,25.165194,1988.866089
54.784447,29.940929,25.509304,112.180573,29.053881,45.113056
8.956547,6.228282,4.603252,10.635953,2.266934,1.339128
14.241068,10.135833,4.261083,24.315929,4.868505,20.712336
19.528982,13.795203,6.050633,24.772352,6.387248,20.184095
10.541538,5.507318,2.261012,10.141854,2.458693,12.260976
54.737144,34.356060,20.147058,64.357056,13.597680,6.093450
7.020172,5.253032,2.901007,11.989789,1.867132,2.981022
6.086158,4.699094,3.507637,11.263209,1.970899,3.252253
34.486912,23.169590,16.306168,56.410511,12.278941,30.765692
22.725262,15.580142,16.278633,32.303463,18.243324,900.395691
19.647755,13.422193,11.801518,35.011776,7.768620,39.646225
21.526302,14.891019,6.580683,23.002443,6.121023,4.442288
15.787305,11.362987,5.301042,15.235457,3.472717,5.812759
12.105951,8.426390,5.462835,21.527033,5.145709,4.344622
19.852276,13.875776,10.206791,46.587597,10.860452,15.361187
31.055635,20.714205,8.972630,20.481220,5.110617,7.695562
10.757377,7.654581,3.876899,8.952381,2.136869,4.869019
4.336432,3.302104,2.118154,10.702263,2.698167,2.106143
6.758204,5.092862,2.757379,11.349837,2.417578,9.347421
8.743114,6.306234,2.548291,12.969628,2.229565,1.622171
22.960115,16.533396,7.629334,34.208168,7.698016,28.219530
3.564080,2.936230,8.206480,22.250599,6.783617,9.962215
48.166901,31.084099,20.322245,74.208473,18.483952,12.856743
31.834703,20.047203,12.021596,44.348461,10.386075,33.303066
9.216064,6.371954,5.710470,38.751049,11.561156,28.786469
14.524537,9.936594,7.691759,32.777958,6.968878,11.710685
25.614256,17.573580,6.251370,40.780930,8.389159,28.228025
19.030161,9.807840,7.459783,21.318907,4.840224,6.592031
13.629500,5.284709,6.096605,26.984491,4.835275,4.072116
17.839920,12.476744,14.298705,42.204411,10.418986,23.008947
26.854269,18.728523,5.770095,12.653455,6.930283,481.947235
4.874261,3.543577,2.904504,12.117323,2.498830,2.796081
23.278179,16.011042,8.116403,22.666666,5.690294,5.480539
23.956554,16.664988,8.678426,21.016832,5.119861,6.235670
34.035286,22.684866,14.271142,34.890987,8.188590,25.951529
20.808914,14.705321,5.110112,22.174450,5.769154,1.616446
5.491066,3.696748,1.852880,17.889524,4.374021,1.897782
39.457310,26.395508,13.278418,36.838486,7.930772,9.323109
26.366486,16.819902,14.047484,51.216068,12.076246,41.025108
28.630386,18.918655,8.500533,43.832603,8.288309,5.222783
16.524319,12.061137,10.984603,74.524330,19.011362,22.308361
26.370459,14.652562,7.936250,36.189049,9.267525,12.763117
27.789524,14.607706,9.246008,48.829975,10.154013,13.742608
19.325830,13.282835,5.077633,26.554466,6.000231,4.030871
9.251524,6.299522,3.009705,10.762495,2.437252,4.213939
4.070961,3.243472,2.088732,12.077987,3.304790,4.716778
12.213218,8.546339,3.875137,15.160353,2.573182,3.949118
21.163054,15.292672,4.075473,4.649387,12.134736,1008.078796
14.056246,9.969241,3.490360,22.428825,4.674498,5.012858
29.032612,19.986010,8.789120,9.448412,15.433446,1493.978516
91.298523,57.551041,41.243519,116.683029,28.894243,55.996628
29.364269,19.241758,51.176258,171.835739,41.804550,115.724991
23.137133,16.988371,17.878124,41.609013,12.002931,22.317442
39.883595,26.237719,14.152517,46.090256,10.950904,9.046240
11.667592,8.708730,3.516310,14.572310,4.027143,20.753687
8.727089,6.465474,2.842525,15.710291,4.087445,8.478579
11.867559,8.586711,4.761823,19.460974,3.128355,15.374312
47.282333,29.959389,46.616886,124.811241,28.397270,82.164345
15.594810,11.172598,22.416077,35.203213,8.028381,9.011127
34.578579,21.327848,41.154770,158.407089,38.451851,128.745911
6.398259,4.668078,2.227373,10.838360,2.058385,7.544974
23.279039,13.119562,13.827715,60.005848,15.655938,52.086700
28.361601,18.657486,20.762531,61.025246,15.503681,39.185268
23.682928,16.051931,7.060057,25.612671,5.056645,8.586502
34.043846,22.953424,9.648742,40.059639,9.597108,12.643515
42.076820,27.188023,31.107384,120.630898,31.031328,91.015572
13.041461,9.356570,2.495434,27.402285,7.804290,10.809866
15.832082,11.299296,5.041714,27.165598,6.820510,12.714355
22.619980,15.943707,12.208802,30.876614,5.741147,16.727499
13.219281,9.440300,19.757183,42.274532,35.186787,2086.103516
50.415451,31.516634,16.944763,76.882843,20.260708,39.601624
26.470314,18.575747,21.292736,53.586277,13.397453,43.731533
6.833395,5.132951,3.457281,11.052278,2.583298,8.070958
10.980816,7.717173,4.854840,27.018040,7.360299,6.876935
21.745943,15.140804,8.470292,22.823544,5.349039,6.858404
10.377576,7.329898,4.209609,9.670186,2.187317,5.299765
17.151918,11.776615,15.834842,52.524487,11.359127,28.280069
19.045488,13.137166,6.827369,16.926640,3.800744,6.270339
17.023642,11.873571,4.905496,18.456848,4.330892,3.133552
22.039701,14.999479,9.119620,26.932106,5.798812,15.300901
19.071249,13.740655,5.245081,15.318871,4.269999,3.367955
39.725441,27.478346,26.376081,97.012321,22.858498,37.537727
15.478686,11.278003,3.917924,16.375389,3.764270,3.153039
26.072767,18.317415,13.030825,42.368645,8.868251,10.263300
7.349191,5.163358,6.194724,21.145878,5.829705,2.916525
15.864743,11.304422,11.492958,30.869715,7.661258,15.187124
14.650586,10.316634,5.167058,19.639441,5.569814,11.883733
30.497240,20.923595,13.169103,52.365585,12.995016,43.678761
23.514626,16.412374,8.930560,33.691166,7.414385,26.266848
22.905310,15.858062,4.967911,28.391869,7.769062,18.269426
77.802795,40.800533,171.559814,516.319458,127.527237,361.491577
23.486233,16.076466,13.171821,40.662548,10.276722,25.304508
38.667259,26.733814,21.812622,83.359161,20.090433,28.009008
11.521131,8.031182,3.395639,26.827271,5.376643,4.334183
4.486811,3.383473,1.784728,5.093055,1.876022,2.160730
34.916405,23.463917,15.761621,58.170261,16.029280,62.490242
31.926281,21.006306,38.905937,175.689743,41.267563,76.621605
4.183828,3.170878,1.581808,0.105360,0.093920,3.431375
6.101810,4.436926,3.446314,14.471209,3.544593,9.489555
9.951974,6.899686,3.493547,18.870909,4.087829,6.848215
32.831676,21.653570,18.714111,65.906578,15.472029,60.392780
10.830168,7.550988,2.881983,14.706635,4.332619,19.672716
17.953541,12.706160,4.690079,17.624002,3.246405,6.307654
10.302240,7.162746,3.973911,14.516551,4.444731,2.226987
10.522390,7.743377,2.699276,8.926950,1.917360,2.252640
6.141218,4.334858,2.463104,8.114731,1.964909,5.712753
4.200126,3.099651,2.035566,1.421240,0.179675,2.129479
58.223793,28.802402,32.259148,92.370613,21.835085,66.437866
11.545529,8.359227,4.306623,14.791729,4.623693,4.468359
28.127649,18.563019,10.380557,22.927755,5.149726,9.114902
7.834509,5.802247,2.746296,11.155110,2.241192,12.776302
30.976738,20.965326,9.684835,20.346174,5.048491,11.069314
28.597950,18.866392,10.522133,37.294128,7.865993,28.073051
8.692414,6.296226,2.924853,12.268470,2.967571,13.467525
16.321430,11.440086,7.759002,21.075171,5.346636,10.031138
34.448307,16.800385,11.490910,35.521130,9.141128,40.146358
35.971306,21.060448,20.039946,77.260368,16.293364,49.120232
7.652579,5.574294,2.350753,17.388468,4.624593,6.231184
11.450633,7.929483,4.743799,19.632492,5.006393,7.092565
40.044029,25.773352,13.694311,46.243645,9.678905,12.497103
25.168032,16.810293,7.473516,21.726152,4.962987,8.665648
8.925323,6.590282,3.220039,15.258935,2.689778,5.094084
24.375412,16.404987,14.121477,61.476635,15.650656,36.862572
15.927309,11.448892,3.785220,17.122526,3.672069,7.101314
11.349480,8.278361,7.283026,16.789373,4.077001,8.673851
30.339758,20.688072,9.099215,38.247952,8.137918,11.523580
9.416489,6.706211,4.989727,10.030514,1.831861,6.817320
15.337823,10.713788,5.147377,10.047113,2.606967,2.942685
93.508446,46.619728,73.965347,226.460312,55.066383,182.339401
35.691063,23.426699,17.898911,49.770008,12.809901,47.028210
12.169703,8.818851,7.707986,36.473999,9.414964,4.712853
49.722069,27.674217,19.777147,64.011353,15.650671,55.684788
9.442835,6.653223,5.708924,25.946039,5.635931,29.023523
11.429315,7.897886,4.085821,16.232908,4.357003,4.064936
10.772452,8.026382,3.743995,28.672771,5.842801,6.286236
22.840607,14.454611,23.712139,79.159081,18.732637,40.884254
11.299330,8.391157,4.304604,14.711866,3.970139,7.336135
42.386440,27.924852,13.935638,46.945396,11.108289,52.307163
23.620153,14.424635,8.187054,29.319794,5.933012,28.468201
5.368227,3.918552,2.150101,11.656709,1.997780,5.249690
35.347260,24.329948,17.375565,26.755127,6.340142,37.273060
28.806538,20.457067,12.447988,26.362625,6.137134,30.080091
47.860088,27.468874,48.777340,186.742722,43.844631,42.841293
9.100914,6.868733,11.594980,35.204659,8.158579,25.569403
23.119328,13.006090,11.366261,46.487648,11.410987,28.791294
26.390446,17.607929,20.602135,83.975838,22.132181,42.350090
14.406042,9.934275,4.253867,20.759836,6.126444,4.190254
23.103872,16.351398,8.238811,34.057766,7.407888,23.540041
15.790261,10.983046,11.449924,12.334684,18.793522,1279.757446
24.060268,15.640307,10.758407,40.469727,9.641638,11.348463
28.269211,19.317308,8.625049,32.767395,6.614559,9.470457
16.238323,11.730272,3.709902,13.050100,1.266285,4.841401
5.348192,4.441626,1.723200,5.898429,2.205184,4.935390
17.275911,12.226048,4.264238,17.127478,4.156745,3.000116
17.026442,12.664862,5.000338,10.052302,3.135639,21.214243
12.791611,9.100049,3.663131,15.580968,3.290781,1.303598
12.373434,8.905391,3.067172,14.549158,4.407733,3.596305
6.135053,4.591371,2.782017,9.521769,2.489904,8.523999
30.977848,20.361452,14.316129,55.555729,12.265194,58.678619
12.988341,9.509457,4.172238,19.141714,4.510283,5.352518
4.784897,3.325286,2.471964,7.719334,1.881115,1.677346
13.716979,9.674886,2.246389,23.224977,5.451187,4.835585
34.347553,22.508825,16.473343,57.375084,12.966477,20.089506
8.958302,6.483144,2.739920,14.439645,4.360726,4.841415
16.114634,11.072244,10.863516,50.461205,10.503649,19.186632
18.875240,13.148950,5.367458,17.102211,5.101665,13.047389
6.140271,4.456719,2.026007,6.305300,2.203967,2.460942
5.439982,3.822410,3.328980,17.089085,3.863581,5.874664
17.068602,12.301053,6.073997,21.200790,4.883048,17.350843
41.224232,17.417353,21.074415,70.913345,16.914619,64.903526
34.210213,22.999977,10.067272,47.866520,11.848812,72.158592
20.043446,13.660039,5.977986,23.174698,5.222166,7.649251
37.976608,25.620396,21.514851,68.289223,17.576193,13.612833
19.566584,7.602091,13.092391,47.618740,12.317146,10.145517
18.495544,7.488250,12.439386,53.043747,12.898289,7.094004
19.086819,13.273122,7.146912,23.048300,5.040748,16.078997
7.800970,5.932328,12.126035,27.547049,5.215029,6.914182
31.831425,21.686977,17.742115,54.124317,11.204211,60.623940
48.038845,27.010828,51.428112,177.772095,41.455631,53.416424
10.922654,7.578636,4.126498,17.577421,4.310668,9.004007
15.174365,10.808970,3.221368,10.823452,3.088171,2.287286
7.795218,5.612976,4.618007,15.300986,3.204936,9.317171
11.265977,8.150245,3.851307,15.596291,3.680292,17.749138
10.009445,7.323754,6.589102,58.910927,14.679984,29.886770
16.076876,11.082249,6.003337,22.027353,5.253294,7.684219
3.973291,3.350234,1.512800,11.068103,1.614811,5.262107
48.220398,26.391533,24.960262,109.000565,26.611906,52.569298
4.822886,3.584359,2.424584,10.151188,2.186311,4.080575
22.923567,15.422646,22.040993,82.567665,19.859787,43.733448
37.916485,17.656687,19.394772,79.638306,17.531481,38.399616
35.929226,19.994661,10.716970,61.742046,11.146078,34.184200
47.613796,27.733009,42.288113,150.969101,36.695206,65.070137
24.858091,17.240107,13.412807,37.479538,8.691160,39.531818
7.189265,5.327159,2.952477,9.717037,3.692700,1.904550
13.585272,9.545512,3.422328,19.305683,5.523019,10.940321
31.201559,20.361488,16.138426,63.276672,15.953209,23.876539
33.758762,22.398216,34.831772,126.849442,27.702255,142.768127
6.034729,4.282426,3.219605,19.404242,4.662994,3.572257
10.873110,8.161223,3.861737,11.367265,3.088378,6.182444
14.768003,10.797268,8.173010,7.260077,20.969906,1623.098999
17.047937,12.077048,6.455349,20.650763,4.729451,6.157448
15.202663,10.736760,5.761953,15.169351,4.127364,3.408864
16.147268,11.503789,5.145983,15.574914,3.478278,2.858593
19.814491,13.633219,15.965208,58.296940,14.916901,22.250931
64.296463,24.369072,45.192158,153.265961,36.969078,53.459297
58.437256,30.379549,28.370930,125.294014,24.797037,49.006073
11.926544,8.591949,10.373009,16.275932,4.476314,2.034855
15.555865,11.186656,5.249689,16.061747,4.652087,12.817801
24.721087,16.784462,7.877580,32.441319,7.619795,27.268240
12.281167,9.004686,4.869246,16.422113,2.639241,6.672686
8.191180,6.104651,3.469049,9.396088,2.717642,5.252633
12.816061,8.973822,4.369185,13.715419,1.942105,9.325939
26.399338,17.213531,13.726763,58.104744,10.289854,16.439295
14.683073,10.005177,3.828967,19.138517,5.124800,10.702800
26.799931,18.664597,14.273073,58.305172,13.165007,11.379651
35.786922,23.410713,17.337231,49.076706,11.744897,22.782457
10.691786,7.958577,3.695619,8.333346,2.016068,4.736464
7.970684,5.450108,3.046355,17.196260,3.667689,4.277987
25.743172,17.617920,7.107784,29.834177,8.355162,14.161018
26.266293,17.621714,6.452034,13.416814,3.786099,13.669908
28.615879,19.744135,10.113412,34.318558,8.218877,4.906431
26.325306,17.610697,20.355568,44.001789,12.438535,60.315826
10.359266,7.473359,3.298758,11.475547,3.292657,13.766878
25.585499,17.797682,8.533743,28.070740,7.517452,8.256130
12.794903,9.144152,6.770065,51.095493,10.904048,17.810522
12.087948,8.324677,4.230330,13.638432,3.111123,8.404880
9.348873,6.557619,3.099211,11.360356,1.311705,3.933070
8.631691,6.326748,5.354811,16.045700,3.799920,3.512832
3.823734,3.213979,3.151384,16.503006,5.608334,17.036839
20.066036,12.983588,13.082747,40.627670,8.608674,20.292107
6.527257,4.704577,2.821697,9.910829,2.842962,4.602693
12.031508,9.187847,3.739126,12.606231,3.501283,1.847964
7.356831,5.033310,2.849003,13.927748,4.626463,8.981037
13.878924,10.360029,4.872345,18.707767,4.739523,10.056504
21.270075,15.076227,8.153050,41.659119,11.638199,14.682775
8.743793,6.307752,2.772690,11.637270,2.122902,3.686728
18.289106,12.603499,5.324248,19.328310,4.603813,16.931166
25.720703,17.241182,8.775583,17.781195,2.384615,5.138186
33.193100,23.069071,15.024589,53.490826,12.764422,92.599686
24.513340,16.365078,15.309957,85.195488,21.390379,35.236553
8.873579,6.314553,3.849095,9.621278,2.523257,2.241211
12.622396,9.217682,8.148384,30.256575,8.155882,35.458744
12.008154,8.356362,8.210627,25.212708,6.631989,23.838284
31.672731,21.243937,7.557874,24.516466,4.819848,22.603031
15.224055,10.627127,8.627996,27.087837,4.844234,6.968760
9.746283,7.253887,3.433076,11.275798,2.590890,5.817564
15.036693,10.842489,4.680290,17.733536,3.311656,8.185314
4.075604,3.289650,1.812065,7.985259,2.058709,13.711139
8.635946,6.188557,2.692453,14.674709,3.618983,8.487800
10.761525,7.866157,3.759075,12.376765,3.135696,10.800236
13.769050,9.848408,4.677535,11.578065,3.302973,2.868111
14.004146,9.875754,5.021550,24.086252,7.574600,31.690456
12.885150,9.076265,5.949887,25.444626,5.984982,10.435971
5.779475,3.934519,6.155606,11.116844,2.765305,8.702255
27.253366,18.742731,5.956519,24.492689,5.547757,5.218332
11.980524,8.347541,2.550233,10.469267,3.694924,6.875291
21.112282,14.847721,7.684114,28.952835,7.428405,4.714018
24.633070,17.502123,10.109196,19.652386,3.973586,6.391542
7.608634,5.458789,3.026582,10.942093,2.364838,5.215225
15.888117,11.349191,7.513032,20.614506,6.033805,7.547282
14.388547,10.140570,7.675186,18.899778,4.004790,7.389216
19.160345,13.429730,10.923882,25.381479,7.499572,15.432652
17.268627,12.334323,5.301227,23.751411,6.146725,10.803545
9.410304,6.758374,2.536240,7.627889,2.645641,1.621194
32.223553,21.592100,11.066038,59.627026,15.265744,14.467848
8.547906,6.057851,2.547155,5.487078,2.165020,6.540454
10.638120,7.428262,4.998794,13.503480,4.716610,6.000961
18.989876,13.471660,6.594112,16.221918,4.025351,13.389440
51.593204,31.539011,19.726183,55.609516,15.016325,39.610527
4.802964,3.456183,1.424075,-0.183862,0.182187,0.493851
56.797844,33.164448,30.408924,110.793304,25.551727,50.040771
9.113293,6.417006,4.155013,8.227747,2.810694,1.379557
69.314575,38.225395,75.820847,287.739227,68.053040,283.406921
18.993803,12.958460,4.248758,21.630579,5.170907,7.683945
31.452305,19.617941,37.509624,94.242393,20.529657,44.301640
25.549147,18.559761,14.699188,36.971481,8.397372,9.817242
52.448460,30.105154,35.906338,122.004684,30.568794,41.816288
62.267113,31.414923,58.376854,166.161469,34.891296,44.625175
10.238290,7.309572,3.763865,12.985886,2.859164,3.307253
9.806787,6.282771,13.824952,42.216351,10.652517,12.404408
20.777397,14.353686,6.987929,19.194546,5.284142,9.748108
4.135035,3.155303,1.988908,6.128202,2.249564,3.334904
49.843346,30.332357,28.406649,92.827065,20.349495,45.545784
70.880363,37.396599,56.009808,205.386963,48.193172,125.217644
8.112585,5.606239,3.143800,11.936259,1.969766,4.945317
31.914915,22.491537,14.320873,30.077047,7.681928,13.572449
40.749104,21.064600,25.722794,75.643837,20.706520,82.162697
59.024193,29.011896,43.893242,140.390228,32.491249,115.303581
35.633247,18.959085,18.719206,66.068848,14.272022,25.783123
25.924538,16.846430,38.674252,70.600677,15.964152,39.504524
11.218147,8.298298,3.932953,13.261787,3.655692,7.225954
20.894432,14.548997,8.346931,28.534550,7.076520,11.118709
12.987772,8.972469,3.456586,25.148619,5.786377,14.166098
27.133266,18.846292,11.576565,44.652870,11.944405,27.512548
21.086658,14.598837,6.415241,23.502823,5.507867,14.930107
6.942783,4.929544,2.499593,8.231604,2.611083,1.088103
31.820700,20.535906,30.444208,97.517548,24.168451,49.984447
8.055330,5.760645,3.083896,10.803038,2.422046,6.879897
13.412645,9.264164,7.525648,25.886318,5.501980,7.014718
16.756788,12.152427,9.150935,26.677418,7.016500,36.583786
41.758312,26.448219,13.939157,46.577930,10.583531,24.575783
17.292698,12.191896,8.890847,40.506187,8.427427,14.259379
8.393090,5.856324,2.818323,11.305728,2.132009,6.074308
45.643707,29.462643,28.100052,67.686607,15.083076,26.847771
18.708652,12.973305,13.339828,42.651318,11.043062,21.344536
20.353855,13.991395,9.934050,34.704990,8.224717,32.037491
15.154938,10.442294,5.582900,16.808601,4.112243,16.443775
4.217346,3.574301,2.018885,8.159035,1.684682,6.650550
22.467308,16.182507,15.548632,87.761162,20.531054,15.128376
6.786282,5.076460,1.991244,11.442730,2.706618,2.758412
13.416172,8.155155,6.090276,25.360826,6.059103,7.551660
20.388443,13.550481,13.428272,35.017632,8.393193,11.364983
26.677473,17.713518,13.372594,10.046610,2.266040,35.144798
12.332675,8.916550,6.639749,16.476458,3.354659,6.899060
16.524994,11.787412,5.444375,14.204005,4.032927,31.196875
24.039265,16.743975,7.347003,33.229858,7.641376,13.044963
16.795635,11.918520,9.084172,39.411884,9.583806,8.575361
29.402851,19.840479,9.744475,39.194939,9.548479,16.717398
25.478958,17.793779,24.456427,80.044136,20.861763,75.251877
12.810987,8.943865,4.487800,5.930982,0.732882,12.100657
16.180691,10.937993,3.735505,14.562950,3.996440,3.620514
6.099167,4.301515,2.376909,18.367352,4.470707,6.009335
12.791417,9.136039,9.878382,36.702824,9.863675,32.239433
22.048069,14.974261,8.004695,21.241550,4.915764,4.290114
24.088957,16.281506,7.529852,24.636820,5.203229,11.168632
26.587992,16.262636,8.305827,34.115738,8.149026,8.957130
11.708942,4.125055,5.286513,29.682638,5.535559,4.711232
7.480430,5.582174,2.915613,8.410055,2.245898,8.697088
37.708305,26.537943,12.111739,41.762672,12.970327,57.189041
18.451553,13.178255,7.942861,27.072958,6.106513,25.997704
14.556037,10.482740,4.869339,19.817184,4.460730,11.900085
10.916722,7.561926,3.822428,15.928468,3.648135,4.287865
41.444267,27.611761,28.695566,123.621719,34.232018,79.125473
12.918499,9.116720,4.970193,12.863912,5.119817,14.160692
7.175931,5.570953,3.276039,6.933187,1.210873,3.186635
31.158325,19.804726,27.969204,89.456261,24.036161,81.173027
5.386093,4.125213,2.439232,4.740561,0.009123,2.030470
18.828085,12.910543,17.923147,90.110550,21.714449,29.975683
14.361311,10.548512,3.691156,11.530749,3.280602,3.051473
18.727219,13.412950,9.187966,24.913134,5.760407,27.653454
21.798946,15.599341,6.613335,6.528298,8.928008,817.333374
11.685194,8.499447,4.106108,17.281931,2.927982,13.500463
17.190792,11.994936,10.915204,36.635582,10.955156,33.973259
35.665096,24.285908,22.335287,55.080494,13.251413,8.312911
22.434458,15.191890,6.980740,23.873592,5.721624,19.942295
6.669222,5.058457,2.748322,9.822189,2.131106,7.531050
20.827372,13.146540,17.258326,59.875275,13.081238,20.005388
11.697672,8.112218,3.557090,12.711390,2.681285,18.773403
49.106335,30.625776,22.079865,68.096519,17.737103,18.024729
33.427303,21.083220,14.041503,51.047863,11.015060,18.037273
8.549870,6.560523,12.778445,39.319080,9.626600,12.523389
16.555552,11.431072,8.301340,19.808920,4.915009,32.093018
26.771614,18.691612,18.580965,59.697144,15.000064,64.566811
16.911697,12.060421,7.950278,16.915504,4.177143,8.704001
22.187449,16.069252,8.153523,42.476006,10.615864,11.482297
9.665984,7.069948,4.254879,17.381727,4.022554,1.217675
34.085808,23.093962,13.596594,87.258110,20.413942,35.814693
39.858536,26.610075,14.875407,39.597118,9.641438,18.429132
26.254810,18.157099,8.131638,8.145176,7.737053,696.348083
24.267929,14.941344,12.947986,42.027237,10.870741,28.131990
17.554501,10.429285,5.928025,33.239956,7.993157,37.171101
22.255867,15.560225,6.323667,17.612194,4.121455,5.003841
36.866840,14.659635,13.943818,50.077747,12.784300,57.962261
34.806293,15.144431,14.695752,70.505081,15.987979,46.566795
6.977803,5.213675,2.513861,9.202522,1.649970,3.279397
14.362142,9.732139,6.438545,24.546144,5.789471,15.513043
29.312271,19.429342,9.492049,27.434927,8.465292,45.035583
8.330505,5.973158,3.389623,11.979527,2.044316,3.155153
7.234897,5.446722,2.701658,13.438268,2.371283,2.079227
9.075879,6.296599,3.107749,6.700529,2.891545,7.019666
19.982826,13.094345,16.028090,72.040482,17.140554,22.861723
15.925221,11.125563,6.104001,16.460289,4.659227,27.835558
12.970366,9.578837,6.035596,19.895985,5.017357,2.100702
12.821448,9.260213,4.943322,12.322516,3.259589,14.778110
7.448270,5.288324,1.622383,20.182514,6.300655,23.870636
54.516479,31.404432,31.317234,104.865883,24.976906,43.054157
24.380674,17.188848,8.930512,23.548635,4.344649,16.710861
57.791008,36.109425,68.654892,277.039581,70.755722,177.873108
9.642921,7.293143,8.303910,33.788834,8.316607,5.285984
7.396646,5.269248,3.957238,8.886190,2.362732,4.364380
12.355794,8.741357,6.771595,37.596428,7.586354,14.008814
22.792284,15.730606,6.507793,14.617275,4.779334,26.348368
29.930805,19.839100,13.692084,75.582748,15.807377,10.141201
23.834858,16.134310,9.524220,55.112000,13.685458,24.388744
9.666315,6.945776,3.741782,9.407149,1.708808,2.806555
10.254456,7.409519,19.170458,58.168667,13.503819,23.092951
50.117039,28.666714,36.742470,132.199966,31.533293,89.789253
11.404094,8.432615,7.346025,10.030287,14.671602,1075.780273
30.559454,21.160036,14.796824,52.074650,13.921704,16.922691
10.511559,7.891188,3.440780,15.472275,3.306021,9.266946
27.142229,18.512554,10.157367,25.251310,7.837753,30.623869
12.141712,8.440586,6.574403,3.615594,1.225952,2.189155
7.119330,5.367209,3.474204,8.636802,2.544557,4.890312
52.623535,33.336433,25.638399,84.685707,21.099289,30.149590
14.374078,10.251918,11.458589,28.476980,7.106275,11.861083
4.783675,3.184715,2.736786,10.957550,2.616238,3.734153
14.320549,10.376081,4.684676,13.832346,3.184628,12.932096
29.390013,20.136686,8.314364,23.693769,4.432664,19.376177
15.201604,11.091969,5.217738,19.680561,4.911628,21.880228
23.973019,16.047464,16.030830,69.744141,17.722977,20.871489
20.176168,14.261315,8.005476,21.298431,3.975909,11.959674
20.972582,14.649382,7.423089,26.911871,5.497751,18.055065
20.036491,14.146003,5.666400,27.820110,6.517115,21.914923
7.297972,5.388611,13.630602,14.346572,17.137589,1078.305664
41.247360,25.553698,17.219856,55.807297,12.188495,20.226381
20.013798,13.532759,13.576394,71.713318,16.351950,60.170467
19.287918,13.474296,4.712075,23.611824,6.135221,36.334064
7.586234,5.435637,3.292976,13.942060,3.189966,10.062262
14.122391,9.955458,5.485453,17.832575,3.407394,16.622231
33.977211,23.197411,12.625279,43.396957,10.986135,13.373693
21.715498,14.858839,7.747189,21.506725,4.270104,28.424116
12.406510,8.942220,4.249471,15.399644,3.115778,8.893231
7.604943,5.418315,5.274872,11.264411,2.678731,16.997282
33.277016,20.978790,17.851059,51.915127,11.698494,40.374844
30.942213,20.116470,16.843533,69.768875,17.428663,113.605911
12.749894,9.283628,3.613382,8.874519,2.158317,2.746727
36.232880,23.098333,54.092434,54.398331,8.988091,38.404839
11.977855,8.543962,4.835579,11.937776,2.423790,2.708290
31.225515,20.715462,18.084963,72.187599,17.503572,15.166722
19.363291,13.183056,5.566283,31.904819,7.735465,11.025392
54.100048,28.578032,44.526733,163.013092,39.253746,119.820999
22.232481,15.504650,7.194287,18.889448,4.426526,7.495189
13.652214,9.683544,4.607515,10.264516,2.467033,4.502615
45.011112,30.329721,46.368282,37.937191,37.642780,2534.871826
18.699665,12.929894,4.476516,22.888142,8.430609,8.026029
11.165619,7.625561,5.271668,14.050075,3.228800,5.258607
12.807528,9.057446,3.943372,13.425133,3.403181,10.407485
6.182847,4.081686,3.238335,10.957113,1.475115,0.576917
10.885620,7.754792,4.010708,13.353287,3.493196,3.174124
4.112229,2.929225,2.931889,24.149729,4.718089,14.820992
65.234924,38.751942,29.072437,89.884933,20.460501,86.659592
12.979652,9.309629,4.655394,11.943605,3.233284,5.067615
8.409959,5.787362,3.070988,13.490959,4.091784,3.845810
19.689692,14.194665,6.376031,16.902481,3.929133,15.958972
11.604240,8.251524,5.179264,22.865370,6.500304,4.499376
6.468450,4.925091,3.147293,9.250277,2.410782,2.460730
20.811701,14.840774,14.395444,43.701733,8.944536,8.571380
8.294666,5.800933,3.622132,25.200665,5.268035,10.532562
24.973385,16.813898,15.368376,30.729830,8.771330,10.484053
16.741831,12.125591,8.943693,22.648056,5.989547,22.408758
12.672519,9.188613,3.461453,19.746481,4.179961,10.955927
7.640473,5.472881,3.153061,8.261017,3.535927,7.465970
25.532927,17.817661,6.988634,34.333313,7.694856,25.487701
10.220732,7.394403,5.304609,26.027811,5.992742,39.968758
24.014946,16.617544,15.381079,37.334888,9.764666,37.198860
22.366182,15.134526,8.741135,30.427937,7.992953,15.523616
26.028328,16.462317,68.458321,138.778503,31.148842,61.097355
15.719853,7.762580,6.862073,19.236345,3.916368,19.754320
14.300029,7.691330,6.788053,22.490192,4.016203,17.267738
6.032367,4.590511,2.733253,9.112147,2.245277,3.148762
8.230789,5.964786,2.991187,8.436244,2.259738,6.846621
4.726560,3.508841,1.374707,10.080637,2.946251,7.170586
12.782334,8.962771,4.089165,19.441267,3.755074,5.082744
29.228464,19.609707,10.362066,26.561184,6.292314,14.830853
12.164977,8.615156,4.042445,9.044682,3.538453,9.325801
7.393004,5.202820,2.732358,10.002077,2.347176,8.030790
9.054179,6.848479,2.510882,4.182466,1.310703,0.919103
9.986463,7.211246,3.032047,9.860711,1.519603,10.719147
13.328645,9.641486,8.838698,49.686680,12.694768,7.484810
47.106331,26.866121,82.695168,307.593964,75.186264,216.758224
28.919830,18.797899,17.011793,74.827217,15.265256,49.300251
47.565994,23.345829,24.921854,116.200951,45.289085,141.966629
13.638657,9.823978,4.241411,22.717861,5.605215,2.940928
15.143180,10.617506,6.811131,26.035225,6.459290,7.596755
18.002350,13.110471,5.760847,18.022188,5.179689,10.709092
36.739857,24.576466,11.522779,32.685280,7.740697,11.007766
13.390998,10.039125,4.463295,15.550837,3.326698,4.377380
20.111485,13.976412,9.213851,24.213930,5.736445,12.850901
45.374081,29.371653,23.604567,24.790255,14.325986,1239.338379
25.661104,17.332277,8.846639,22.850208,4.982665,16.412071
15.064524,10.897255,10.484970,41.001617,8.983524,14.681432
13.554996,9.396203,6.959713,10.049438,10.628009,638.033813
27.890167,19.997150,6.348658,23.948532,6.722840,5.408589
35.896114,18.913832,28.898817,94.678383,22.925587,44.944267
7.759832,5.379225,4.053316,22.956154,4.888936,7.337753
9.716936,6.677920,2.953547,13.095023,3.022831,6.151391
10.756082,7.694596,5.683618,30.642172,6.899196,5.494328
21.879892,15.432961,3.829940,21.626249,7.028639,9.882877
9.310944,6.827282,3.787290,7.114392,0.132936,11.796762
13.825387,9.758018,4.408712,31.076180,7.291965,33.301579
11.859451,8.363800,4.596828,9.432955,2.265660,2.972987
6.846167,4.709348,6.581516,28.323137,5.740531,13.627679
31.845194,21.237713,15.919957,44.793213,10.659256,17.623823
13.322179,9.537287,27.282192,24.147633,47.740601,3278.648193
25.254463,17.467678,7.985103,24.827007,5.501726,18.447216
26.530876,18.980694,10.005683,36.215134,8.760778,27.105610
11.146454,8.158001,6.202128,18.012100,4.884709,9.102551
32.679630,22.323597,32.406742,105.775002,26.624796,92.698402
7.719238,5.444880,4.673968,23.975786,6.413640,2.755019
11.096821,7.721043,3.152976,9.383300,1.888003,3.019336
10.156356,7.298644,2.018006,11.667612,2.723871,2.351554
22.295986,15.493844,16.149311,84.803200,20.240990,58.730831
13.551469,10.121924,4.447265,17.756901,3.985636,10.462100
13.011028,9.215962,4.321687,10.728342,3.875847,9.140567
6.568791,5.069536,3.172721,6.084786,1.490959,5.690473
32.300556,20.922556,27.540878,88.615616,22.578289,98.610085
19.394352,13.292622,7.110367,19.893818,6.200728,3.666372
19.901320,13.883952,6.679505,21.063137,6.360110,5.550110
35.842442,23.428738,10.787909,55.918423,11.390041,21.041271
44.322201,29.276384,16.964155,48.132179,11.596979,28.119379
32.396725,20.601332,27.926197,127.069977,28.547785,45.996571
11.427958,8.320816,3.592452,11.260538,2.502100,4.779206
7.516897,5.880823,2.426546,13.278313,3.206703,11.875760
57.962608,34.118233,37.650749,100.805199,24.931795,101.117523
52.814705,30.961390,52.807137,150.306091,34.969341,116.653770
8.975294,6.745249,3.282769,13.161661,3.866772,9.854045
17.818470,12.729533,4.566452,17.851816,3.490258,6.457760
15.541789,10.990613,6.370526,28.585102,6.772774,6.422248
10.846893,7.654306,3.300514,14.585092,4.051867,6.197545
36.887794,25.821707,19.974249,67.507797,16.466459,61.418652
8.791576,6.154492,3.336882,9.270608,2.505285,2.112786
30.804678,21.499353,15.088585,41.320423,10.537209,39.844639
6.786747,4.850776,2.167522,15.555643,3.641119,4.107365
38.596146,22.892271,22.794533,92.344208,21.075335,72.508690
13.776915,9.860537,8.472291,29.622650,6.329469,1.546429
59.716190,32.350956,67.418251,230.401749,52.945427,132.640594
57.211868,32.007774,48.735130,170.355484,42.167454,286.848267
14.485001,10.539855,5.464732,15.545463,3.690835,11.047746
16.813744,11.627679,9.704762,35.435169,9.307514,12.630431
12.371879,8.822779,3.973007,13.208901,3.294131,11.112993
14.308512,9.941046,4.879475,19.374104,5.181849,7.242426
64.950417,31.668749,39.332897,146.548218,31.782866,30.601679
13.783977,9.854150,4.499892,16.407915,4.123795,4.227804
56.135303,32.952065,40.640842,155.180618,36.961742,155.452240
6.838079,5.330594,3.033756,7.487552,1.567261,19.911688
44.559280,23.924946,65.938995,73.263412,111.811142,5191.617676
14.536214,10.496071,7.697113,39.662315,9.951254,11.282039
34.227558,20.535946,35.545776,136.589478,32.045410,83.964783
8.983133,6.484236,2.692921,19.094357,4.323477,5.345863
9.194363,6.641712,3.673213,11.742960,2.589686,8.292984
15.421206,10.840227,5.799288,25.073898,6.310998,5.088620
22.378799,15.803447,7.486882,30.112703,7.247088,4.985859
31.711187,20.484110,14.076408,53.795013,13.863477,37.017666
8.317076,6.030376,6.752694,46.405891,10.001658,24.023252
20.327860,14.077981,3.813839,26.704254,5.841012,11.547395
7.322268,5.257668,2.701744,9.228606,2.639850,9.315798
25.847797,17.702217,7.018938,37.133183,9.102230,8.672699
11.643034,8.692366,3.733151,22.172844,4.717524,3.935635
16.749538,11.488515,5.221292,6.214812,0.903672,2.822288
24.911425,16.803392,18.142176,73.772453,17.430155,20.239084
15.344642,11.255445,4.834455,14.666527,3.586284,10.979550
14.907379,11.073774,4.579751,10.893042,4.780845,13.952988
15.897542,11.364374,7.944964,15.797928,11.693940,779.456116
23.867929,16.445576,6.662173,23.943600,6.631023,4.212701
7.398375,5.476016,2.937532,5.630784,0.359831,4.702264
15.578106,10.684605,10.370115,38.441067,8.446885,15.709979
7.663192,5.688344,3.281577,13.868957,2.258444,0.647023
15.372876,10.889925,4.225808,21.463694,3.336679,5.290596
8.195030,5.968201,2.623437,10.343647,2.324678,7.341742
5.921846,4.216505,2.350244,13.989518,3.765452,7.270904
25.497143,17.598976,11.541745,46.525372,11.363465,60.094910
7.418676,5.397117,2.797871,10.604508,2.627576,6.830941
18.470791,12.704753,7.696003,28.002554,8.400416,18.344725
16.584389,11.663524,4.752604,19.884270,5.141242,3.956299
5.645170,3.995622,2.399676,10.435102,2.828781,8.443673
12.243520,8.793686,5.858615,30.567936,8.074451,39.441078
20.439791,14.259778,8.876449,39.807255,8.818340,10.989421
14.299594,9.878736,6.141608,33.418175,8.671338,36.171501
13.069963,8.895150,5.404922,16.979105,4.507596,14.934881
37.506435,23.526712,19.580040,44.815971,9.301235,22.010988
23.820454,15.900796,8.394154,36.079609,6.923744,12.554720
21.052153,15.051614,4.417428,22.065882,3.059615,10.300674
8.722450,6.514852,2.745045,8.145689,2.302634,1.562536
6.606093,4.593393,2.491803,11.615608,2.539658,2.197524
24.200335,16.827200,11.232394,25.288401,4.930626,11.516637
43.336777,26.244183,13.296874,44.227364,11.197207,16.612709
29.902498,15.368948,22.148598,70.628960,17.597910,61.126060
6.878367,5.408969,4.541216,23.562817,4.144308,9.341792
7.119813,5.229366,2.725882,13.161560,3.155742,11.702635
12.347957,8.814450,3.258895,11.225292,4.035244,16.290512
20.803247,13.449231,12.433572,39.468052,8.334332,18.289143
22.348309,15.090719,6.050545,24.214231,5.425544,18.490280
8.641015,6.518033,4.264454,13.386067,2.538610,3.817450
13.342957,9.520214,3.222767,13.874825,3.387426,3.087595
12.095316,8.273499,11.602637,36.951157,9.023278,48.207443
6.581470,4.789725,4.546252,10.675587,3.009484,5.998845
10.744727,7.752253,3.034192,13.695919,3.230762,5.630406
4.647389,3.250957,2.333227,11.957685,3.264482,0.857011
24.274683,16.735279,6.630312,22.084747,3.800251,8.765682
33.876522,22.879158,21.688217,103.144661,21.317083,27.435041
27.289316,18.454947,9.568832,42.000187,9.812282,23.318872
21.144258,14.554670,5.125018,24.782003,5.024013,12.728105
21.504471,15.248218,5.871082,29.405756,6.906914,26.130867
11.364628,7.964779,4.050316,11.557611,1.143562,3.155583
11.060738,7.600131,4.634170,14.291914,3.660102,5.886883
6.007816,4.588522,2.621341,17.896973,3.240949,15.049336
14.913041,10.675069,5.301444,22.657024,5.093443,16.590855
22.138208,14.950627,6.870674,23.736095,6.476883,14.575611
29.090210,19.768593,15.611588,13.679255,3.290607,24.207474
21.562328,15.063931,32.870033,137.187347,34.409679,79.981834
14.182988,10.426991,5.339792,19.505476,3.546582,3.866962
24.475855,15.731405,19.039585,71.982460,16.886909,43.906338
15.564644,10.831392,4.158249,18.715853,5.313857,5.099106
25.458612,17.369831,9.758633,26.200743,4.857179,10.307971
13.046085,9.411646,5.910585,33.297493,8.286874,16.805012
7.517288,5.419239,3.660988,13.108601,3.707861,2.571911
26.467175,17.387970,17.879816,46.985794,10.722893,40.997364
32.469410,22.086094,16.835815,63.227863,16.057791,54.179733
11.358477,8.051980,4.616791,15.739877,3.765787,7.970789
4.358112,3.336752,2.085954,5.324255,0.999748,6.171286
40.402729,28.317347,16.499310,55.751358,13.942510,25.433441
10.943764,7.672958,7.018200,27.589743,6.057462,13.197625
19.369823,9.329110,6.099446,23.142185,6.900249,14.384938
17.887821,8.934348,6.170729,28.642771,8.261690,11.877276
13.266302,9.729643,4.769785,15.050748,4.094775,3.354167
24.345818,16.868074,9.892689,36.803234,8.771110,21.970440
27.898983,19.271942,11.985216,48.050213,10.571294,30.309116
31.677414,21.173735,9.240342,36.792740,8.961675,8.921387
15.653040,11.057029,4.506082,15.280448,3.726959,5.623608
20.428499,13.925976,7.648262,24.241339,5.822871,2.582058
11.979479,8.941822,5.406626,15.883348,4.269888,10.710972
9.336105,6.819439,3.497531,12.106894,2.875681,4.676485
5.193029,3.790956,3.638218,4.446668,2.029126,5.939895
9.806796,6.930993,3.055077,10.461000,2.433263,3.997478
22.110674,15.062622,12.572461,26.386288,5.960525,16.410130
23.855919,16.425789,9.438093,40.201839,9.199871,38.904568
18.626099,13.069118,6.060439,19.056511,4.809608,32.002205
24.059586,16.534189,6.881207,21.656097,5.524792,5.590697
4.862665,3.488901,2.384062,7.524324,2.080512,1.819551
5.898849,4.453271,2.777413,9.049173,1.815953,4.026806
6.723708,4.834841,2.305616,4.636001,1.837107,1.150392
23.665012,15.731346,21.455925,65.832565,17.575575,51.046124
18.242292,12.169586,10.542291,54.395542,12.982752,6.953568
18.432936,13.097578,5.742138,20.822918,5.672431,7.587299
97.575180,41.318638,58.848167,175.821182,39.732273,123.851456
10.746087,7.518702,3.273314,8.758374,3.195174,6.618049
4.888527,4.007174,1.225546,11.119514,2.638431,3.762550
21.691608,15.083179,6.021303,24.850965,6.160969,6.245898
20.239368,13.817329,6.180168,22.033243,5.045060,8.398190
15.906388,11.543194,7.512132,15.765851,4.015925,7.016869
9.885412,6.988295,4.127816,15.352779,3.384048,9.093571
39.858665,26.528692,15.609831,46.734138,9.607319,48.339073
4.400140,3.525178,1.784065,8.250230,2.139868,0.693042
23.127520,15.404644,9.848723,50.310585,11.523125,47.198750
4.015712,3.175091,1.769636,11.490560,2.007021,1.459131
20.538195,14.443876,8.205127,31.907145,7.250720,11.414986
10.799653,7.505054,7.008412,33.505615,9.169181,21.664055
9.974460,7.199315,3.331047,11.053290,2.189224,2.205728
30.030928,19.956024,13.481627,9.465736,7.043313,504.529419
9.121405,6.382309,3.856808,12.559745,2.929648,11.635583
18.575357,13.260597,4.806068,10.395766,2.746655,3.155359
21.144094,14.650714,5.064897,18.878893,6.068427,3.002473
17.380562,12.496441,7.331042,23.727631,6.582212,35.508865
14.151380,9.535603,4.313391,30.838688,7.474891,7.351989
26.754915,17.446037,21.184500,57.186897,14.720978,24.192940
67.188332,23.845846,48.099377,152.532715,35.080769,45.853912
54.732067,20.482916,33.122787,139.083603,26.326050,32.247711
11.757381,8.307212,5.282043,15.117112,1.767474,4.475522
67.570641,37.973415,63.649178,197.541351,47.222839,107.155647
34.620743,22.034708,30.296261,108.811142,25.488997,95.558693
25.462702,17.779957,9.584831,31.753189,7.627070,34.661507
30.709080,21.247992,12.672124,46.641716,10.581622,36.427521
21.804920,14.785126,7.937932,31.746759,7.427473,10.912180
5.106572,3.751413,2.039992,10.697576,2.175689,4.262535
11.065088,7.679856,3.676841,9.286389,1.815751,8.771773
6.202628,4.483875,2.224189,7.802161,3.689800,1.005234
18.404404,12.244183,19.625666,63.731045,16.086496,62.413559
25.579514,17.873100,10.921448,24.471651,5.947169,26.573511
20.462542,14.570092,6.066922,21.148825,4.252109,14.030921
13.240872,9.247788,4.115132,15.556823,3.904356,8.086536
6.459602,4.846405,2.429260,13.948105,3.459868,4.735480
16.851866,11.297671,5.350452,34.698582,9.771527,31.597826
6.980553,4.912309,2.249510,15.157206,3.162597,4.807762
6.044504,4.302629,2.005796,9.336234,2.274721,2.129255
40.115398,24.457333,21.235678,80.788612,19.207245,26.086939
6.057836,4.392159,2.109786,11.127664,2.299679,5.984509
23.955235,16.680984,11.025171,32.017662,8.224221,7.615133
8.808064,6.248975,3.980363,16.484379,5.548676,3.404171
21.332224,14.786412,44.106270,91.245895,22.122953,85.136787
9.760402,6.977776,3.825330,11.703377,3.304535,19.283442
10.367747,7.523471,4.189759,19.122999,3.942508,3.060030
11.192062,7.588431,1.857626,19.062691,4.802076,4.807988
11.094890,7.629581,8.112383,48.320911,10.332619,22.830315
20.164209,13.882401,7.958393,13.276410,2.810021,6.163877
17.228737,12.090861,9.267201,32.574089,6.970378,5.242116
10.517365,7.449558,4.265656,12.611362,2.735462,16.028423
10.048645,7.007122,3.888326,13.473276,2.575502,6.895325
36.302269,25.385229,11.443320,38.207558,9.077425,18.088284
11.797767,8.285044,5.545433,18.734430,5.598949,7.599756
17.127941,12.048629,5.770713,22.461962,4.959697,5.943726
28.458012,20.457703,15.676076,48.000751,12.223004,32.245239
21.680618,15.100904,7.116487,24.501421,6.306939,6.894455
31.453747,21.337137,25.675745,100.498016,23.964235,56.641735
42.365463,28.047468,12.528150,61.233601,17.748772,10.813314
14.407610,10.116748,4.220623,11.844419,2.801383,3.612448
22.347172,15.400332,9.875401,43.308067,9.531080,22.149593
31.926271,22.070826,13.531833,48.937561,11.224587,26.299877
13.862101,9.866446,4.994462,11.635921,3.491202,4.525797
27.473078,18.663465,19.206051,54.614601,11.941473,44.971188
23.086885,15.534008,8.864408,30.698835,8.525311,11.637918
42.990868,27.865191,20.181765,63.647099,14.942330,25.559208
9.524875,7.014345,2.792747,14.714160,3.411211,2.357443
11.896564,8.762464,7.848925,15.388269,4.743590,4.633262
16.484192,11.521068,6.188336,7.575024,5.904200,350.673157
10.321407,7.416993,10.250666,35.593567,9.337888,7.556792
13.262893,9.893923,4.991303,15.715927,3.360731,5.714467
11.377632,8.582836,3.565932,15.908460,3.847393,23.166616
9.006578,6.606112,3.357348,24.187145,6.078156,2.466692
46.723541,30.527098,18.244621,11.125002,30.474527,2585.054688
14.664394,10.804284,4.776992,12.178937,3.587430,2.499014
14.996892,10.223320,4.866050,13.760373,3.602077,9.800589
27.052471,19.519892,8.056448,20.714359,7.682022,33.391407
19.593153,13.663377,12.353778,41.977505,11.090795,20.113834
11.110954,8.323972,6.495256,35.890163,8.233897,21.406242
10.634323,8.021646,3.683210,13.263790,3.316156,2.888713
16.551405,12.102974,4.922344,15.370964,3.933671,3.973632
16.766512,11.811361,10.631114,57.821529,15.174370,6.416625
12.278035,8.466358,4.083347,16.404848,2.060069,1.983916
11.556835,8.055542,4.659286,13.725197,3.240468,2.916167
11.312026,8.191780,2.523943,13.254000,2.815161,3.384720
17.579350,12.127785,7.166619,19.768412,4.310192,11.974298
15.267778,10.929395,4.743090,20.375351,4.788522,13.781095
13.197315,9.357503,4.571477,12.115705,3.292410,2.517480
16.806059,11.944749,4.175920,22.049105,5.731283,10.464905
80.685036,49.771557,54.205547,125.633400,32.562656,59.551594
15.089667,10.370763,2.911181,16.211735,3.519800,10.054926
28.591434,19.581066,6.658543,38.465172,7.666537,13.508371
15.754355,11.192780,15.046819,64.485039,14.177327,28.024618
24.204166,17.047014,13.193677,39.019848,9.119229,33.888775
17.694492,12.164061,4.967593,23.633371,5.022313,23.684456
16.897612,11.949390,3.793187,26.161814,6.674730,9.311142
23.099424,16.518904,8.773602,36.787434,10.184184,32.081684
52.730881,33.958328,19.125608,89.228752,20.960268,56.390446
21.198790,14.429793,44.885132,129.376862,36.407093,125.492561
27.857990,19.718477,9.319547,32.619312,7.476539,6.610911
7.411493,5.420826,2.787405,9.288956,3.037587,1.346947
24.352455,17.363182,9.081483,28.490984,5.936460,6.221963
9.519958,6.624476,3.476180,7.673196,2.150500,4.786670
16.660437,11.876817,10.744810,43.380733,10.258196,29.196985
21.676891,14.545391,7.733303,24.578690,5.686424,9.257668
8.235329,5.811634,5.302968,37.551472,8.847118,30.255304
11.320651,8.529144,6.666149,16.931904,3.328128,7.923775
14.216863,10.088226,4.638299,14.187889,3.853834,4.592470
10.276754,7.228935,4.127856,18.760191,4.830523,7.246585
18.123991,12.758854,8.422752,32.479454,7.085569,9.292936
7.973880,5.394342,3.186907,7.343781,1.811808,2.273733
42.051273,23.583687,64.070259,226.505463,52.206123,95.654449
8.773508,6.002203,2.829060,14.077614,3.969317,8.023680
13.309767,9.234076,3.619708,13.263453,2.240743,4.021165
11.565990,7.898954,4.033769,7.567901,2.002772,13.379406
17.307007,11.951499,5.686785,19.809889,3.884248,5.772605
11.318964,8.232483,11.088235,40.430630,7.986083,17.235369
13.967572,9.825731,4.075930,20.030495,4.540522,2.534582
11.121469,7.981379,3.378721,14.917087,3.217163,9.421382
10.947932,7.791748,3.673751,9.395061,2.435276,6.181878
12.239520,6.634818,8.308135,16.020853,5.424375,29.844070
18.204735,11.749010,14.450949,52.098206,12.400745,47.194366
12.420240,8.830558,3.987426,14.660901,2.824634,0.780155
10.703328,7.626742,3.517251,12.673889,2.686760,3.610475
7.812113,5.488996,2.637058,8.279590,1.657048,6.901062
21.192076,14.890050,4.831791,11.769073,3.717281,17.346502
10.756362,7.665096,4.248168,12.141357,2.031312,6.820991
22.083771,15.352735,8.771293,35.164814,8.616418,20.198736
9.898131,6.912704,2.848971,11.335689,2.862413,7.883273
31.827520,21.710119,18.193209,43.543751,11.317691,84.137619
24.105680,16.582499,5.981118,48.249172,10.809025,15.940639
27.900583,18.699234,9.094172,29.544912,5.959435,3.528001
17.439772,12.098547,6.014249,17.265419,3.553944,7.471646
7.693758,5.795484,3.431927,17.576313,5.545546,12.209779
11.995551,8.830049,2.250930,13.282870,4.338490,3.022781
28.120462,19.590176,9.664144,24.971502,6.414516,11.259601
64.472046,39.615047,19.982475,67.860008,15.770461,40.104080
8.472512,5.947316,3.856184,16.052696,3.742906,4.477222
32.503529,21.448666,12.788282,38.096142,9.480236,14.238042
45.568340,28.125675,14.445188,58.757847,12.088753,12.151477
7.170859,5.251690,2.564679,10.157173,2.160862,4.000033
51.368801,31.640265,24.487768,70.950706,15.339681,28.229050
6.623341,5.035892,3.336729,10.657531,3.237112,5.829752
18.856838,13.263330,9.971943,39.225040,11.414775,8.804674
19.292404,13.200305,24.349064,78.834465,19.875725,40.776974
16.138994,11.653221,3.871400,20.735161,5.053939,30.768480
14.780208,10.684436,4.384461,15.900993,4.885680,8.183190
35.831192,17.073736,23.999918,43.776558,14.864955,44.148666
37.600517,20.022030,30.025682,83.534142,22.363588,46.626907
7.677939,5.434355,2.725093,3.661536,-0.041710,1.568773
8.922255,6.461487,2.701206,12.498300,3.560535,8.689911
21.005753,14.835246,4.277970,29.430422,6.794860,26.260405
32.096771,22.016569,45.809757,33.271282,7.952250,53.045597
14.876337,10.222664,13.008477,49.816933,14.148677,76.997215
9.076597,6.687212,2.707963,8.646999,2.451692,3.788321
27.022743,18.565907,13.408602,67.762482,15.301847,8.151173
28.079397,18.918856,13.992543,41.049240,9.352270,11.821094
9.054954,6.082891,9.119040,44.875202,11.689242,18.984035
8.364191,6.305872,2.991352,14.284424,2.652495,14.826756
13.614144,10.060475,3.916763,20.486444,5.878154,14.735922
18.071793,13.094113,7.638092,34.966488,7.729084,23.595482
36.284962,22.749460,21.664122,52.853622,12.427104,28.460207
9.049872,6.376691,2.880218,11.422741,2.045042,5.413003
10.987003,7.176476,9.002066,30.899099,7.874816,13.399843
79.520561,48.379520,86.631287,293.233398,78.878784,239.094559
20.282303,14.404018,5.726206,27.612926,7.350740,19.224470
3.829530,3.302620,2.141614,8.289927,1.422595,3.395997
5.569206,4.130567,2.128357,10.802138,2.312538,2.065662
10.548519,7.554701,3.131025,11.662366,2.880757,2.384642
54.241806,32.505760,27.664171,17.741808,24.972961,1849.579468
22.022894,15.651131,6.574724,17.909546,4.470382,13.534861
15.639071,11.453417,6.866798,22.186066,5.102911,15.616352
12.612476,8.802042,4.567756,18.808424,5.331017,8.694349
13.744360,9.890479,10.780841,13.039846,28.024315,2223.379639
7.432057,5.098170,3.894523,15.972132,3.184598,3.441769
34.837044,22.057827,41.914066,121.107872,31.056803,141.400620
20.807497,14.359028,12.284019,11.640169,31.118805,2885.018555
7.164640,5.311882,2.587767,10.543513,2.348256,5.506442
100.903366,53.548843,130.070053,436.043854,108.044624,587.155090
29.233644,20.690382,12.390197,46.380047,11.670808,23.240398
11.822567,8.608277,11.292576,40.195107,10.013968,20.378490
44.186142,28.863201,13.503546,32.857639,7.840598,37.728523
12.082011,8.444007,3.840410,10.415982,4.543349,3.358263
46.904610,29.851625,21.459978,65.203133,17.334198,27.306084
19.375580,13.330649,5.871758,9.715197,2.744927,19.021814
15.655953,11.430877,9.909281,38.867233,8.130363,18.400661
23.126329,10.443939,28.517056,82.278427,19.935431,36.630592
21.212563,9.197245,23.201780,82.311249,17.279619,23.500141
25.964176,17.703043,10.605032,42.438778,8.298869,19.547504
25.657114,17.938663,5.463271,26.160328,4.807417,8.487483
24.355965,16.638077,6.391057,24.738401,6.251235,34.905266
6.535809,4.555261,2.465887,8.216026,1.668417,3.209717
11.487495,8.310540,3.473660,21.370428,5.609995,3.430790
13.313237,10.017125,6.119226,14.518266,3.313289,3.384330
30.376675,20.058838,9.371934,24.593584,6.759484,33.262440
11.483216,8.452311,3.904367,13.347040,3.870061,6.275434
29.652397,19.966450,14.787193,47.355171,12.032754,26.641712
23.621296,15.237018,29.909073,75.014740,19.930161,47.352528
4.852774,3.621169,2.483477,5.621946,3.115949,4.541311
52.112427,31.346928,60.581654,197.431992,45.506210,172.388840
18.715849,13.089078,22.735529,74.200417,15.660297,16.373913
28.323021,17.765347,20.127951,66.604027,13.459946,55.293304
5.163563,3.540699,2.048950,7.016449,1.363659,1.555222
21.690271,14.823135,8.046759,18.954189,4.800933,17.288525
15.188716,10.693525,5.064952,22.061256,5.277508,6.717645
11.669687,8.105983,7.516160,25.408537,5.992777,10.117438
36.984661,19.827562,11.305468,59.362320,13.943285,36.692043
41.883698,22.227413,11.869485,80.620003,18.512129,42.894020
10.525344,7.110861,4.038564,16.093046,4.535931,3.580004
21.148157,15.136442,16.824308,61.225063,14.954911,39.848125
20.455137,14.258019,10.817436,40.562119,10.502638,11.987405
24.219608,16.324039,9.251181,47.802170,10.787397,28.149961
28.378574,20.013319,8.665921,30.329052,7.552236,7.756724
19.671673,14.183889,12.800697,49.305267,11.600917,35.613464
10.962170,8.247591,3.427457,13.194465,3.449221,2.991463
19.318069,11.343744,7.591595,20.029568,5.918344,10.217859
11.473313,6.762419,11.189709,54.697189,15.302297,22.606052
20.265493,14.480931,6.178528,40.941376,9.297627,17.257273
11.950305,8.863153,4.355070,12.602367,3.533369,4.045410
23.103230,15.492850,34.234245,67.757973,14.866775,29.780890
16.321486,11.748478,5.445570,14.395157,3.692284,1.899108
13.676000,10.152327,4.926001,17.115171,5.119421,4.595229
34.910793,24.529516,31.074799,83.484123,23.380623,68.563667
58.072468,36.528042,30.042692,139.252258,36.135044,41.572067
14.449032,10.362204,4.959165,14.219009,2.731029,2.555649
60.667831,34.807854,30.711594,78.751274,18.042782,40.674587
8.428483,6.058564,2.760521,10.028496,2.111231,2.174700
8.282864,5.639153,2.783168,25.004347,6.607164,19.849182
24.269234,16.231142,14.180243,9.212029,2.654586,41.342312
20.785976,14.681151,6.723032,26.499125,6.047868,44.756313
53.037170,30.442787,45.035954,186.494385,42.567009,158.584885
9.218519,6.802899,4.040675,2.555352,1.081925,5.231604
11.237535,8.260775,4.432776,12.165868,2.833511,3.204555
11.909684,8.304482,11.953913,37.314011,9.721798,20.823723
32.277988,21.158686,15.669051,67.618683,14.166892,19.312002
56.847679,34.238678,79.633728,204.465424,49.700890,215.092499
6.838451,5.049360,2.267451,10.971193,3.067502,4.035955
32.727905,22.327351,9.374727,43.279545,11.476174,34.486076
24.025648,16.956541,5.056555,25.568527,5.574677,3.933188
17.061274,11.930836,3.972201,12.399873,3.120534,3.076149
59.850246,35.863190,44.728024,142.975403,34.740746,64.524055
34.840179,23.512842,12.621651,36.116661,8.185534,29.311039
36.010590,22.195354,26.449875,72.946472,15.314891,17.464642
24.248053,11.781283,7.465499,27.083986,7.069249,18.594341
60.312195,36.583389,29.824860,98.241150,21.408798,46.683521
9.035955,6.360034,3.054656,19.269785,3.656126,10.550733
39.908203,24.822350,22.965168,83.001640,20.968565,125.398277
9.664872,6.692588,6.385329,16.700081,3.135400,8.224850
35.819328,22.218714,18.879852,72.022713,17.433817,44.665207
8.765497,6.303242,3.406208,11.854770,1.994795,3.232116
6.303333,4.423291,5.870899,22.595980,4.575916,3.978395
25.853922,18.183929,8.405331,34.654396,7.719742,8.162029
95.774994,47.198772,130.834015,448.065369,108.171898,282.920258
28.339849,19.393808,9.143275,33.779648,7.753839,7.487561
6.897007,5.197801,2.915836,7.914325,1.420347,2.769809
6.521821,4.635238,2.179206,10.014180,2.632085,2.095624
8.493422,6.373696,12.622691,37.795242,10.162878,14.783446
7.231558,5.370981,3.512562,10.663920,2.811934,1.608328
12.461565,8.848823,3.470420,7.557285,2.745712,2.669057
6.477201,4.805048,3.013983,13.745999,2.201363,3.150875
18.934875,13.066241,5.541636,4.818498,0.971820,6.669885
8.930577,6.393672,2.868117,10.750473,2.772052,8.648041
38.607361,25.930933,18.525660,61.910671,15.014427,22.701027
50.810635,32.382416,17.000671,50.393406,10.690698,9.443565
41.696239,26.475574,11.075226,52.884666,13.426304,19.093458
12.368151,8.745049,4.928339,25.299623,5.820987,3.186043
8.158754,6.082866,2.201484,20.608295,4.553256,5.472361
8.405427,6.132965,2.952494,13.238865,1.672408,7.994111
30.115540,20.026466,17.159758,66.063728,13.095279,17.809284
31.369816,21.643482,24.336496,49.625214,11.987684,25.576357
22.245525,14.205969,6.732326,23.901173,5.466550,4.422278
24.599714,16.483910,7.597565,29.547462,7.311584,13.798289
9.945853,7.297502,3.535222,15.329678,3.629816,9.290529
47.704548,31.089798,21.268049,74.546867,18.032936,57.719311
86.803146,49.234444,94.590714,285.780426,66.603508,76.961769
6.995776,4.297535,3.662743,19.805727,4.149470,6.266066
17.141590,12.328453,5.250228,13.529659,3.219206,9.413026
38.861549,23.478252,61.617329,222.711761,59.574432,416.834534
14.447328,10.620349,5.109524,17.224630,6.464960,15.107811
21.623312,15.028528,7.423993,22.280022,5.207897,2.972025
10.116135,7.290314,1.587634,4.530525,0.997693,1.903834
10.638631,7.417623,2.600137,13.890274,3.614777,11.315133
50.308212,24.592554,46.084545,123.121735,27.608629,84.533325
40.872337,19.826637,35.612026,107.051369,21.581055,47.149864
23.228466,15.588676,28.751543,64.109009,14.258433,40.403065
17.054707,11.807154,14.880986,58.453373,14.716187,67.321533
55.396736,34.931332,51.055382,170.345718,44.273273,100.824753
16.907562,11.939857,5.531885,24.401625,5.733213,10.800559
6.221804,4.583230,3.169227,8.875028,1.293763,2.923761
5.209359,4.145989,2.497081,10.232123,1.895442,10.663698
7.526607,5.532683,2.030833,14.278836,3.249473,2.036841
7.502965,5.329976,5.385485,18.041016,5.294140,5.983474
35.730076,22.593447,16.793413,78.738258,20.108185,27.077610
5.577411,4.093290,2.414231,8.939878,3.140315,1.302469
15.846558,11.193309,3.491477,27.619345,6.921477,16.634710
12.373074,9.395869,7.815053,14.868629,2.742279,4.229012
13.054457,9.263536,6.067373,18.788059,5.062841,6.980580
8.439677,6.316693,2.386244,20.065512,3.991125,12.469564
10.697207,7.664794,6.184357,28.951857,6.890918,27.995104
35.800503,24.374289,12.435188,59.048248,11.688621,8.535219
36.489349,24.227924,15.121786,39.733692,9.703779,29.646023
23.886520,16.326740,8.148537,35.187893,9.546760,21.008373
13.843098,9.651053,9.237634,37.423615,10.651325,42.628254
39.366955,26.241434,28.538540,73.207634,18.670086,46.872482
22.984411,15.958944,8.435082,31.119331,8.810485,20.710667
8.890432,6.247911,2.968869,10.944942,1.707162,0.835896
8.844371,6.325209,6.341273,17.652081,4.271817,11.888056
47.491146,29.545677,25.003086,70.464195,15.159024,56.224537
25.865458,16.559492,36.687675,126.406029,28.692087,67.609291
8.795488,6.437325,3.223330,14.516346,2.234145,4.998923
19.747929,13.925080,5.046307,24.193327,6.344691,21.091070
12.320634,8.729004,4.239783,15.495166,3.896269,3.773912
25.519487,18.181774,6.785336,20.839260,5.211779,14.658762
13.219799,9.388447,4.139634,14.334453,3.259287,15.315273
38.978172,21.738394,36.080364,134.299088,32.412159,104.671623
15.228329,10.920721,4.397263,23.452673,3.836583,2.573991
10.581879,7.684784,3.017771,14.988070,2.949105,6.059626
25.822498,18.548100,7.830425,18.572231,5.637584,12.219078
13.789198,9.583494,11.862453,47.655598,9.783016,15.210942
21.995264,14.700491,7.953019,27.637234,5.920392,34.977184
8.057189,5.854431,3.638299,11.268511,2.815112,7.203481
25.960188,17.300919,11.630190,46.687790,11.328782,27.855642
12.056228,8.843548,5.108617,12.019011,3.723761,27.166336
39.025913,24.064188,17.190659,88.215546,21.745481,62.466534
12.872919,8.823960,4.860162,12.919252,2.595486,8.226847
28.892874,17.733009,55.189529,176.249390,43.706184,151.051834
17.230835,12.786017,7.094696,27.143557,7.536341,34.650372
31.927742,20.773331,35.945091,120.454369,29.291376,80.154182
18.464596,13.186967,6.549949,26.024639,4.992959,14.626449
14.514903,9.721080,19.883673,66.622742,19.436592,41.969311
15.439051,10.632477,5.333416,19.983017,5.448791,29.015184
7.865736,5.714605,3.229858,10.765802,2.886896,10.707536
14.497664,9.760138,5.084616,20.063951,3.962291,2.421788
15.007062,10.301216,5.361331,27.356186,4.743437,3.765793
7.382605,5.287870,4.333872,15.199868,4.176396,11.790149
77.546417,42.012901,93.819168,313.785889,71.309235,173.704697
28.971777,17.839869,11.202357,49.022682,12.087442,47.480347
27.439798,17.663786,21.320848,78.707588,19.236879,95.140808
30.427198,20.591480,9.599873,32.291527,6.699764,37.881062
15.190268,10.405330,11.415850,30.034130,8.519004,13.414163
66.612938,39.658764,27.354723,87.948769,19.420637,52.443230
22.890612,15.587303,12.622046,36.032352,9.646030,63.485832
8.363913,5.725329,3.834528,14.995502,3.819038,10.854549
8.837709,5.298054,2.198029,22.474398,4.714687,6.995838
25.458614,18.257139,9.698095,56.004238,12.681925,40.944080
7.650269,5.479496,2.509855,18.855844,3.160868,4.902961
30.514389,12.026772,12.148159,20.136168,5.913487,56.187199
35.828407,21.350368,26.109116,103.378517,23.960802,104.238365
32.039307,22.337536,12.883956,39.753372,11.978492,25.347034
18.651203,12.733270,7.378745,24.031242,6.983401,29.259869
25.644934,17.368835,4.557014,28.209448,7.839189,6.019783
14.634723,10.445271,3.980929,17.339535,3.390946,4.640430
26.338007,17.907755,7.940749,26.902157,7.946373,9.946301
7.385465,5.459411,2.602650,14.519657,3.851106,2.377002
25.936459,17.892025,9.082071,37.236198,9.869628,31.061949
8.789193,6.555744,2.995491,17.508524,4.989211,3.077784
6.716722,4.844921,2.577514,8.395782,2.346896,4.077219
42.072487,25.628841,40.130550,154.625748,38.380817,219.454224
15.050905,10.944153,10.331803,39.065990,8.290117,30.123838
17.340067,12.275164,4.234758,20.573366,5.393833,3.435984
32.592022,20.544092,14.091351,48.770390,13.190046,42.497616
35.299252,11.196318,8.654863,30.822613,7.168342,14.416220
65.020531,30.686996,27.810539,106.675598,21.965672,40.284286
21.157162,14.963352,14.807864,52.010574,12.900947,34.555202
17.665262,12.498529,6.825464,24.531881,6.220855,7.209322
19.973352,14.397664,5.693622,19.895189,4.981727,6.756658
24.543139,16.834480,12.248135,23.363771,5.791502,21.619810
32.422886,21.256311,24.600773,75.387367,17.925219,103.909805
25.985985,18.192600,8.333998,26.577539,5.399077,16.731552
42.165443,26.738451,21.550690,98.503632,22.385912,83.503365
7.775438,5.777330,4.943673,26.364004,6.368977,24.956673
14.315160,10.074196,4.496052,26.798935,6.313469,9.461511
20.923437,14.355654,5.650003,22.065153,5.137916,5.635396
15.082792,11.090519,4.413159,12.512108,4.621988,7.806017
24.060963,16.508444,24.746935,20.788202,32.327164,2720.477051
26.419842,17.008688,13.952962,53.458534,11.862308,9.835909
25.354275,17.370289,10.968989,31.393341,8.637809,12.847779
13.694602,9.638326,3.549746,18.127762,4.931428,3.149189
9.568970,6.780610,3.175656,14.912609,4.894571,1.874415
6.369375,4.595631,6.341505,20.406113,4.311849,3.354215
15.262543,10.523337,5.562783,24.698988,6.375132,5.555334
11.910517,8.510430,3.510016,12.130918,2.778309,4.217784
10.860568,7.735120,2.475915,32.621296,6.691427,6.235171
26.177395,18.085878,10.673609,32.912624,7.486362,12.307697
17.962393,12.182643,6.268276,40.972443,9.065655,12.569397
22.411188,15.530375,8.152172,38.424278,9.815145,45.473679
8.219007,6.311570,2.667255,14.619923,3.274793,2.248976
22.277750,15.386516,8.123583,25.624250,5.916743,15.546487
7.154449,5.303554,3.169708,1.877106,0.455370,8.826619
16.741379,11.251332,8.034986,20.741005,4.948276,12.706100
11.918503,8.391050,4.254053,17.358202,3.112737,8.117520
22.311098,15.082679,7.840587,28.714863,7.004280,10.532833
9.114287,6.677338,3.557192,10.546559,2.570281,3.677270
22.536629,15.943783,3.991542,21.358210,4.990806,14.368104
33.522854,13.834346,18.780302,66.816589,15.632627,15.659753
33.520718,13.840750,19.728769,90.210274,18.619783,15.698085
7.140395,5.103458,3.499739,10.867236,2.344222,3.392254
42.328423,26.554312,21.336723,57.226631,11.579707,31.606792
39.552040,24.399240,14.112344,47.662636,11.073463,38.568703
25.949438,9.913320,7.686179,14.904466,3.817488,19.818697
72.313316,44.431805,31.810808,88.837120,22.079487,72.944069
8.477316,6.141568,2.430066,41.531624,11.344941,27.923828
5.343688,4.003121,2.716156,2.844435,0.111413,5.734669
9.479921,7.107443,4.071295,14.978401,3.560809,10.264163
25.002590,16.484091,9.511341,23.014576,5.991178,15.594775
47.136227,30.114525,19.712421,78.691322,18.397673,28.637390
19.155066,13.141222,6.911725,19.005650,4.299896,26.656549
10.133957,7.290024,6.249273,22.866537,5.941593,4.596434
16.170721,11.532675,5.562191,23.940210,5.121043,12.455513
12.290302,8.422814,3.337503,19.480301,4.761548,14.157173
17.818287,12.389913,3.565539,25.867970,7.022155,11.377447
10.809196,7.581611,2.781596,10.744829,3.391361,8.062572
18.536180,13.281539,5.506732,20.626282,3.903066,16.569309
14.579338,10.827419,6.463684,14.987213,3.846831,8.817999
14.742822,10.972512,4.516827,13.909591,3.733893,4.133492
13.163923,9.237349,4.735627,22.004427,4.664350,3.556658
13.306463,9.580938,14.882023,28.906290,6.692296,28.627226
8.488284,5.895220,2.696552,13.873775,2.454448,0.947996
57.237293,33.274509,38.167007,113.478264,27.369453,83.069847
14.600471,10.427106,4.722636,16.839743,3.820821,12.206702
4.832165,3.325478,6.884091,17.856789,6.022788,30.925869
7.108056,5.299073,2.544203,12.236197,2.699655,1.778563
19.759365,12.421269,6.096548,23.070578,5.593054,29.972944
17.496481,11.410629,5.509623,23.468931,5.049618,6.915192
15.798334,11.392953,6.445363,23.023348,5.480720,7.680372
44.865856,29.725758,16.166162,53.218414,13.065498,45.966400
35.600002,23.530647,14.598020,60.422997,14.822363,56.361221
7.818232,5.340554,3.323692,8.204081,2.375328,1.051926
6.426715,4.640967,2.612309,9.791759,1.830830,5.747239
10.965202,8.031005,3.199608,15.800738,4.692399,3.781818
8.695436,6.106303,3.769261,2.717419,1.004808,4.230309
14.146081,8.525942,10.098184,43.848145,12.168999,28.447474
12.886734,8.582002,4.620707,32.294163,7.095890,2.164398
11.168192,8.331245,6.955249,19.869078,4.069339,6.904656
35.065884,22.973206,11.755412,39.660416,9.007403,20.991852
41.139870,26.681170,21.922302,77.099411,18.780893,43.219524
17.478765,11.846601,3.515643,21.601521,4.765563,10.123084
11.909864,8.399891,3.794081,20.079096,5.420363,12.617381
17.869997,12.507133,15.179197,41.923801,9.949224,8.231066
11.026055,7.976799,4.729390,10.780420,3.578317,10.372522
9.668597,6.738994,3.711738,24.666199,6.389958,7.353978
15.782522,11.336226,4.616370,15.203774,3.924987,19.548267
13.659317,5.243177,7.685802,47.234020,13.689742,36.318005
7.828519,5.318274,4.822557,16.327557,2.974087,1.497931
23.470654,16.335964,10.334662,32.755268,7.766332,5.853430
22.522343,15.379302,21.958879,72.979309,14.858159,10.876719
7.689202,5.489180,3.211059,7.476021,1.748916,0.383836
26.984118,18.849901,20.563040,84.225967,21.089466,81.351440
19.165392,13.490473,6.251755,23.849791,5.806973,5.699348
44.417114,28.507172,19.897926,81.094345,18.748617,62.681534
40.911713,26.571598,15.542726,63.015373,15.081975,86.874382
13.836603,9.583536,2.535799,17.746126,2.645953,5.056882
17.496540,12.192046,8.325571,26.192101,6.832257,15.086260
8.343930,6.230123,2.493309,11.755711,2.750506,5.054911
29.920719,20.906513,7.981205,20.041132,4.534304,11.284862
29.780115,20.592588,9.252105,19.295158,5.810708,20.746214
13.567267,9.563139,9.109872,43.147999,9.665896,32.387909
15.648736,11.567148,6.488826,23.684708,7.975319,6.905739
20.825346,14.417550,10.605916,36.461357,10.191019,6.350348
9.651066,6.909899,3.420818,20.015062,4.595955,13.193329
15.277102,10.938253,11.764793,24.890932,4.961758,15.643667
7.271637,5.125961,3.287259,16.797739,4.383484,4.148699
4.636870,3.391142,1.633173,8.093690,2.680072,1.048830
48.321774,29.649046,67.205704,163.384125,40.346878,80.275162
9.955853,7.201880,5.258017,16.916363,3.756431,6.558620
6.757480,4.778958,2.691876,9.822468,3.000177,11.743171
13.225539,9.437392,4.473480,15.490181,2.529810,12.194717
14.526799,10.722714,4.055399,14.893511,2.725645,10.959019
12.723393,9.101198,3.246169,15.286218,3.242736,5.679319
12.150315,9.031143,3.518122,14.946431,3.034144,6.898212
80.018112,37.738949,52.191956,222.051041,52.200851,152.295761
38.030312,25.393448,7.215781,49.091419,11.055540,7.906852
31.762976,22.133682,16.598059,15.838101,3.458238,39.895580
8.154412,5.889846,2.330716,11.662835,2.239279,3.156848
29.641998,19.945959,9.798270,34.226208,7.182303,34.225697
5.749970,4.337948,2.737983,7.728023,1.822984,8.543781
18.135031,13.035579,7.259244,26.303642,6.942827,15.829971
115.596001,51.844723,84.206848,166.391525,38.191662,92.528656
37.057575,23.550844,17.869452,71.873878,18.041006,26.566492
8.587574,6.233654,6.629763,21.832125,6.389057,6.324440
14.081375,9.716457,4.693546,23.928478,5.662626,12.310848
52.326000,30.818516,91.671654,355.107056,84.692734,245.010666
14.824391,10.488501,4.945906,33.495201,7.454855,8.643290
14.421577,10.344813,4.514493,15.363389,3.660744,7.763902
9.327732,6.550110,8.285614,45.528847,9.973777,21.953232
61.190697,40.174423,48.111946,125.484901,29.277813,75.463219
10.634112,7.552350,3.152851,13.876421,3.395907,4.217236
15.314447,11.241706,9.774648,37.722382,9.491686,27.269670
9.460218,7.114890,3.588032,11.627379,2.595879,2.132037
6.227512,4.186200,2.309400,6.856976,1.744288,4.909588
18.979769,13.062476,5.287556,22.662962,5.659779,21.142809
19.878918,14.207248,5.952675,25.000511,6.063524,13.138994
34.644836,23.310806,5.929672,19.968033,12.805963,652.014221
12.131037,8.694323,7.997669,51.578659,9.245002,17.211279
12.469944,8.906142,3.834370,11.461787,3.271036,12.236332
18.450722,12.296317,4.943524,25.152498,6.262877,13.686417
13.305863,9.207850,3.885282,21.702694,3.992119,4.517785
11.350784,8.121229,2.792597,13.270744,1.160567,2.730837
14.774903,10.803859,4.667642,14.621098,3.775352,6.363432
25.172670,17.393301,10.949136,47.358234,11.177411,11.230568
19.122061,13.073394,7.984852,21.629642,5.083765,9.768108
31.854708,20.994978,13.455670,61.635143,14.798893,13.876660
23.789999,16.694405,7.845676,32.656544,6.679937,18.893623
31.356651,13.758495,10.758829,39.861904,8.944990,5.841238
30.813419,13.736358,11.277247,50.115051,9.699891,6.488242
32.787766,21.514898,10.782798,52.087910,11.502562,22.579899
61.720585,38.546455,19.031431,15.414046,34.786263,3094.606934
8.069162,5.635231,3.230359,8.616826,2.361506,4.652883
40.948391,26.435625,30.845985,120.084396,27.542618,56.680195
19.402063,13.580489,6.933443,27.892717,6.053352,12.072372
28.387157,18.860647,6.326428,25.486185,6.975682,3.077124
21.638704,14.796894,7.660491,22.376074,5.396726,28.453922
10.579385,7.594993,3.753271,15.763013,3.304359,2.498533
49.216007,31.387943,14.412247,37.547901,8.233832,16.911844
23.337242,16.383652,8.070547,21.910334,5.340572,3.152949
4.024519,3.190126,2.476184,8.981921,2.173308,4.003284
15.015448,10.230096,4.957490,19.360409,3.946953,2.850985
20.395803,14.217588,3.250363,21.953278,3.624800,4.420668
8.546470,6.153502,2.759756,13.305141,4.546196,16.476988
106.332153,52.386108,91.277847,359.775299,86.039459,217.199341
30.781189,20.817253,9.025538,36.217121,10.959579,17.042870
7.995043,5.616248,3.897020,11.244151,2.276110,6.103404
4.850348,3.618153,1.992891,7.295598,1.461925,1.472754
25.555613,17.795586,8.005006,33.736664,8.327672,38.975430
10.182557,7.286902,1.941277,18.834156,4.420920,14.057051
31.471092,21.184063,6.886567,31.203012,7.084632,17.982321
22.874949,15.354219,20.906616,61.220791,15.362801,66.537811
16.940456,12.336468,5.884367,25.246523,4.693823,14.482288
28.095268,18.820810,9.676529,48.324165,11.604881,27.726377
13.039371,9.123467,5.237749,23.644325,5.430477,3.847129
27.281370,19.036694,7.351225,19.699614,4.360620,7.314957
23.511713,16.534079,9.249323,52.542027,12.365140,13.826653
24.843134,17.228275,9.995511,49.622375,10.983737,17.995659
34.492382,22.734138,8.765922,35.333355,9.569818,5.113964
37.097225,23.549780,16.091003,43.386726,10.752368,17.254005
24.073507,16.326004,7.873263,41.266968,8.931089,7.441917
28.314524,19.191746,7.604589,32.540745,7.357784,8.065725
26.908895,18.893784,11.835370,36.014587,9.587626,69.029022
43.689281,28.625519,26.880833,94.878983,23.358015,43.332699
23.430670,16.288050,14.970795,41.014885,9.915677,44.364235
10.085433,7.142097,2.854344,14.959707,2.579028,9.954550
7.886199,6.143709,3.716762,19.796263,4.300007,5.011044
20.830671,13.728454,31.061979,126.024086,32.048355,48.477776
16.828283,11.454438,18.062313,53.892044,11.045643,12.194845
18.541203,13.161981,10.955386,43.203728,8.806454,15.239441
5.730017,4.546633,2.568761,6.648898,3.174577,7.894589
10.451183,7.451827,5.688263,16.198189,3.182534,10.913370
24.635262,17.112595,8.279683,37.508671,9.542355,60.761745
9.451361,6.814959,4.446461,16.979116,2.562198,7.064188
22.236378,15.317830,6.442340,29.965471,7.629755,10.593562
22.524410,14.577873,16.620417,86.291710,20.907177,31.308685
6.159565,4.143974,2.424925,7.493167,2.629226,6.608965
46.589836,25.059565,24.017572,56.718830,13.843306,38.750259
7.997887,5.746111,2.835751,13.326466,2.789721,2.837111
19.812046,13.928993,3.809404,23.860661,5.363362,7.578184
5.858425,4.381670,2.113151,2.659983,-0.046595,0.682469
17.825823,12.631724,7.809516,35.135815,8.713187,13.288827
32.769604,22.695831,12.080963,37.136810,10.795740,29.155418
30.521194,18.606901,27.974871,88.570915,23.341099,32.517601
24.820835,17.214029,11.272751,49.273342,9.806147,58.269550
29.777920,20.101694,14.010480,48.755047,12.308454,55.659081
21.170887,14.869723,7.442532,16.818914,4.471535,4.260146
35.108486,21.388063,16.397110,61.906734,14.751567,32.176147
11.140428,7.680581,3.699918,13.542883,3.002920,10.882122
17.232533,12.373123,5.545836,13.160125,4.999218,22.716204
6.053769,4.669576,1.992945,10.328346,2.988032,3.498897
28.636095,18.772915,16.386988,60.780655,13.433169,31.344198
37.270699,24.154610,18.266718,52.842270,12.404438,8.700584
9.874319,7.216708,2.184968,18.697485,5.080914,5.444863
76.644623,40.728500,135.747299,417.855255,100.579033,359.005615
23.113121,15.123660,12.728556,48.899723,11.421438,23.013767
10.966786,7.783911,4.426436,15.351544,3.682977,3.176283
36.556286,24.796991,17.558908,67.389801,16.998604,36.390942
6.625393,4.903625,2.322912,12.636531,3.742862,5.733393
15.402522,11.004086,9.592130,28.694248,6.420071,14.499478
21.624039,14.582129,4.286983,27.387363,6.292006,8.186510
11.688998,8.450469,4.400532,14.851890,3.255551,10.255714
6.325680,4.636162,5.795525,38.662598,9.030009,12.596010
10.537910,7.555209,4.129596,16.023020,3.167468,2.080188
8.472081,6.197184,2.829407,10.508174,3.076309,9.289430
9.413278,7.011723,9.995665,33.935753,7.739513,11.064919
18.144897,12.453560,9.624567,35.199406,8.329825,33.768574
14.445587,9.724289,4.031685,16.640978,4.569738,4.521896
19.339697,13.621779,7.456264,34.116386,8.445718,7.994649
13.442652,9.335736,5.089279,15.881801,3.543198,2.129560
23.660860,16.649921,7.283258,26.647978,5.596396,17.036728
11.042647,7.890854,3.407984,7.349785,2.223410,4.333121
14.863914,10.236304,3.729876,24.503857,6.571214,22.048283
21.102709,15.178654,6.125727,5.097371,15.617637,1428.171753
7.630523,5.392364,2.600583,10.889391,1.581472,2.645993
10.537751,7.557696,4.660198,14.820374,4.256081,6.404213
10.297226,7.506354,3.199640,11.227361,3.475605,14.813941
10.040815,7.321921,3.538307,11.353861,3.387978,15.977556
34.176025,20.755119,71.947128,219.180222,50.369663,50.465832
9.509726,6.883135,3.332316,17.519241,4.334016,19.012047
19.127842,13.563680,6.918680,15.650773,4.317802,9.628605
10.628088,7.788500,3.648694,17.713570,4.571507,3.812491
58.013374,34.454510,57.514038,195.005585,46.480598,85.703133
8.497126,6.235024,2.837397,3.204372,0.607876,2.944261
29.035927,19.581303,7.558264,24.316822,5.881677,29.720131
20.161995,13.752074,15.315719,51.507282,13.306002,19.016827
27.768007,19.105330,23.164307,47.908367,11.514060,35.330479
13.693764,9.680371,3.559479,11.546442,2.316056,3.105836
7.810505,6.036421,1.639716,10.425871,3.130811,2.559496
27.898901,19.629438,7.944914,31.788752,8.718129,31.121216
17.988155,12.688119,4.514815,19.407471,5.074533,3.623133
19.056883,13.103251,4.793151,24.613247,5.925495,12.011674
14.775248,10.802925,5.994946,34.830345,7.568717,49.103577
41.629662,26.308147,16.020048,55.161942,12.641846,19.722113
13.768703,9.881567,3.944484,27.358246,7.762163,4.923274
12.953614,9.134387,3.764518,13.367012,3.805546,8.987912
26.565315,18.343603,11.679861,52.214962,10.324149,43.439156
32.592129,21.739008,15.243850,72.160286,18.042133,54.492889
37.764988,22.231087,15.731681,58.065567,13.460027,37.304173
4.528780,3.163406,1.575789,13.971314,3.142899,4.087264
7.571371,5.497415,2.686125,9.345094,2.275686,8.225471
27.351717,19.264193,13.941386,46.769566,10.736244,21.739790
18.443285,13.210356,4.784094,38.849102,9.638620,2.580177
12.765827,8.833701,5.246472,22.697182,5.124819,7.082418
4.490994,3.601706,2.502419,9.865890,2.506018,2.068301
39.845711,26.452301,18.535973,74.525772,18.378325,59.832195
15.151674,10.797277,4.516948,10.253735,2.810010,14.447825
7.057730,4.971843,3.786070,19.859200,6.301670,12.163499
10.651801,7.655699,2.970368,12.730510,2.839548,2.718697
9.509755,6.826781,2.786822,10.663064,2.064340,1.886549
17.133429,11.697568,8.267898,29.237452,7.535309,32.716145
5.962399,4.621230,1.933067,7.501585,2.521309,1.291954
6.059013,4.054404,1.493227,13.795020,3.414998,1.284858
47.198936,23.412289,31.426493,168.063156,43.269447,174.082123
12.280618,8.504144,3.894027,14.664518,2.813362,11.409388
8.135694,6.108550,3.898586,14.819479,4.296111,4.616686
7.348060,5.435414,2.635704,6.678640,2.512277,3.969149
27.774445,18.782675,21.648367,60.524555,17.153811,26.310476
16.219814,11.539004,3.594473,11.897453,3.046028,4.916391
9.506683,6.883596,2.894819,13.446446,3.074448,18.086920
10.616311,7.731561,3.361223,4.256063,0.651968,2.916902
7.572139,5.535170,2.692636,9.571709,1.864860,1.407071
50.515076,31.482182,29.482685,83.378456,20.866791,57.121155
27.422134,18.971834,15.833675,45.970558,11.785029,30.585567
47.412647,20.659124,16.342062,80.912132,23.156429,107.657196
47.715031,23.674910,20.340172,114.604088,26.973383,38.616581
22.625443,15.340702,9.362024,17.799175,4.377789,8.962914
4.902484,3.681701,3.887624,20.041643,5.573491,2.822020
20.253569,14.070237,14.261151,81.842880,19.053133,57.442982
28.127581,18.103262,16.191313,67.049202,16.226654,12.730154
13.572254,9.494680,4.431457,14.742720,3.833623,9.195235
28.497112,19.486364,16.948591,75.355782,19.398050,98.255058
12.132983,8.986896,4.730556,19.570490,3.563109,6.241494
3.812171,3.120589,2.636903,6.171566,1.659862,6.376511
22.264153,15.465182,9.147443,33.205849,8.572412,18.291504
13.845347,9.417865,3.866247,17.193113,4.826025,8.688029
26.334200,17.987852,4.786112,32.225136,6.494803,32.494465
15.198453,11.013244,6.569293,16.929754,4.204554,9.839575
4.686793,3.556921,2.016945,9.507500,1.887072,5.106905
13.911510,10.043422,3.208265,10.172858,3.443777,28.834652
26.773500,16.997835,72.471779,220.923798,55.715183,186.689423
36.031967,23.067514,26.811646,121.549644,31.846710,47.200710
14.124045,9.856276,3.825266,21.049755,3.811356,2.095677
14.451574,10.040150,5.252584,12.390577,3.073993,16.648216
16.773340,11.387437,6.489764,17.265244,4.497730,3.567883
18.190834,12.728271,6.500240,20.516766,5.280758,6.809911
16.103445,11.636237,3.810248,8.858209,2.184339,3.653294
5.572097,4.293154,2.568581,9.617311,1.467389,0.509298
29.367136,20.323706,7.180246,24.652603,5.491846,13.558408
44.726742,28.990686,23.415239,35.660389,8.801195,46.494812
10.409383,7.574728,3.604468,8.096262,2.577615,7.136842
29.792418,19.119814,11.679378,34.683693,9.743418,15.712310
35.407986,22.651331,13.080709,55.823257,12.905965,19.019812
29.899937,20.696053,11.373306,35.069183,8.982962,18.006500
8.141140,5.919487,3.496557,8.744809,2.645631,6.139387
22.536774,15.656201,15.996985,42.222939,9.450507,19.362860
7.436655,5.620836,5.408738,13.634054,4.455513,7.733208
6.789246,4.903987,3.719465,3.094041,0.161759,3.609582
7.583620,4.389990,8.168858,34.900860,7.781489,19.870337
20.514868,14.464356,6.573045,39.521557,8.930039,15.402702
18.276167,12.933681,6.982030,17.394360,4.738440,12.311531
27.347923,18.768389,7.437808,38.056988,8.089069,6.193120
34.778622,23.412172,12.149887,47.245087,11.781137,43.224731
11.404256,8.309002,2.260030,13.281017,3.027528,3.211880
15.233205,10.366926,5.379351,18.105463,5.187012,14.773383
11.757961,8.447656,14.623937,49.224808,11.595863,17.004969
35.841286,23.480520,13.764458,60.850750,14.710371,30.723631
8.330151,6.273917,3.985003,13.342957,3.637296,5.146888
7.024981,3.856261,2.453696,4.357913,0.840110,7.303352
10.636844,7.162442,3.772980,16.105509,3.796880,10.371077
8.211345,5.697371,3.768603,15.472040,2.930855,1.133632
49.417755,26.123764,69.941696,186.435562,41.012062,52.845440
41.128441,27.060133,14.935248,42.150589,11.337004,45.403740
34.207748,22.644455,39.259361,119.429321,31.178366,80.539795
32.436768,21.531868,14.276635,39.319435,10.568742,20.741301
24.085857,17.102097,7.021082,20.673199,4.894816,16.931816
36.444675,23.526838,19.830383,57.175091,14.951598,33.306328
74.553871,37.255798,53.498539,159.307861,37.840202,62.673359
10.163292,6.999405,3.442183,11.492146,3.335421,6.699011
9.065923,6.431271,3.678147,10.541359,2.721083,4.069313
24.245928,10.559628,14.061014,62.836140,13.726519,23.031836
15.870919,11.509256,4.708687,21.352133,5.070222,8.877522
11.762682,8.701833,7.454693,28.724855,6.484023,5.375192
66.358612,36.416531,30.412394,92.084587,20.276438,36.161091
34.937965,21.042391,19.828156,75.848946,18.939070,80.503525
8.802748,6.200614,2.860478,9.590840,2.138283,5.810953
6.665609,4.921104,3.123000,9.913495,2.137562,2.540795
5.403302,3.897784,3.948826,17.983477,4.921346,27.128265
13.759355,9.466434,2.928444,18.927032,5.166967,13.970485
4.359363,3.120349,2.444953,10.992043,1.865603,5.998630
31.045782,20.551311,20.075060,108.226959,25.757999,20.613222
15.502353,10.827579,5.597870,25.392797,5.998514,13.148058
11.537051,8.307051,3.683279,15.131362,3.918950,15.228474
8.892404,6.363978,3.853574,9.263991,2.261952,4.956083
12.536901,9.077527,3.680072,18.389290,4.466784,19.515263
28.952549,20.423349,5.550625,36.174030,10.760126,16.342693
13.116072,9.715778,4.070678,14.887312,4.669070,26.946102
5.360146,3.653947,2.328204,17.565327,4.887381,9.147525
8.585320,6.121217,3.216027,9.825089,1.951096,1.967241
34.782646,20.622189,69.949768,274.179443,69.794525,166.622818
11.390241,7.711442,2.725427,20.719955,4.555175,4.655195
12.913572,8.984258,18.491037,27.798267,7.230444,16.610209
26.701965,18.077414,10.570822,39.637821,11.149416,33.790974
17.407125,12.785435,6.254129,26.349617,7.346658,8.690450
64.877884,23.234470,34.416172,106.609528,26.904766,132.843124
60.250584,23.118357,31.211723,114.587616,25.253296,103.679672
17.726639,12.701051,16.559422,37.857494,9.878781,42.850506
15.601258,11.117799,6.736269,21.793467,5.315755,6.013588
25.590239,17.486370,5.776274,22.692263,5.546388,20.941582
46.951469,31.834051,14.596850,46.207706,11.267281,17.074564
18.460737,13.343406,9.171832,20.966343,5.829615,18.732590
19.896132,14.247684,11.687087,33.084324,9.074705,26.034060
37.489403,24.804127,24.133636,90.154518,21.732409,33.812088
12.894686,9.554241,3.392947,13.676054,3.886461,1.730913
21.924522,15.080914,9.440791,29.829414,7.585335,21.465275
32.759876,20.965736,14.019722,57.005444,14.911751,12.420618
9.452215,7.117367,3.673984,11.703874,2.038518,3.508343
6.948812,4.813944,2.476439,13.139735,2.804817,9.418782
4.762249,3.533733,2.916916,6.615193,1.564526,6.295747
9.506430,6.911551,3.618057,17.472363,4.076795,11.942726
30.491156,20.504765,13.089954,53.356686,12.783110,45.405231
14.466572,10.389059,5.881094,24.949347,5.054985,13.325184
16.192533,10.968531,27.998512,82.604218,20.262863,58.075050
27.679232,19.570099,9.759790,23.776739,5.102503,7.855458
6.211728,4.344417,16.968525,46.129078,11.708244,23.971289
9.417354,6.882918,5.400877,13.656949,3.674654,9.178104
18.525404,13.274430,5.381011,21.496616,6.012963,10.676970
17.147745,11.770432,5.688951,23.120647,4.519550,6.307556
20.063358,14.133528,21.221907,86.608505,19.289719,35.859142
26.202457,17.732603,6.684540,20.027388,4.852514,5.421991
22.283194,15.739547,8.026133,22.076609,4.671926,8.425108
48.435280,30.098614,29.962271,56.437222,16.857058,82.317696
21.255619,14.305026,6.296780,18.667639,4.271855,8.839524
12.398694,8.580226,3.967418,13.227630,2.889418,14.438677
22.729876,15.123250,14.200496,39.835342,9.655619,26.398888
12.952795,9.515561,4.434194,16.213549,3.132112,8.307799
32.751438,16.080692,10.522348,34.226757,7.624249,16.233425
28.375994,15.610608,9.882019,33.887524,7.726230,15.237728
14.646833,10.669473,3.205251,10.066423,2.351130,3.664412
20.223257,14.215575,5.520035,24.865826,6.444808,17.970892
66.928879,33.172623,64.568474,206.873718,51.218838,127.070251
22.338305,15.622110,8.769529,38.397038,9.541490,17.776911
19.595625,13.716771,14.721320,52.863113,13.636712,49.794189
11.400023,5.618023,3.306520,15.115863,3.546300,11.137312
10.833009,5.681709,3.521754,19.521109,3.709401,11.178404
55.233334,33.860710,25.950073,95.655273,21.079683,18.657326
9.164379,6.591357,2.308136,10.723352,3.761128,2.565472
23.176117,15.943419,7.218357,16.104891,5.361993,19.780432
11.047062,7.737973,3.153783,13.283703,3.411441,8.336530
24.602301,17.432142,8.735035,24.462774,5.799685,24.556007
39.558575,26.622711,13.741438,57.532806,15.092588,88.797729
12.827751,9.200457,3.323427,7.975309,3.422571,12.869837
19.169930,13.759714,5.635914,26.549080,6.320527,10.346540
14.905169,10.703266,4.700250,13.271758,3.623253,16.393503
24.073271,16.413256,9.323314,25.061268,6.179265,12.168401
10.294727,7.499412,3.275237,10.629785,2.793398,12.413353
82.620644,30.223415,23.256792,88.749069,21.238703,43.160778
82.545624,31.426172,24.893295,120.046562,25.759829,44.176601
39.941719,26.910044,11.848725,26.323730,4.917887,6.555054
40.299152,25.747816,12.892076,46.900013,10.579059,18.968733
7.449872,3.757721,3.168710,6.817640,3.161431,13.312417
26.530987,17.967926,24.825890,70.555473,18.597591,67.464874
13.812033,9.839189,4.837728,20.359320,5.794057,3.040254
39.502575,25.192430,12.716909,54.436199,13.052603,24.361029
12.519338,9.063244,3.858117,10.365798,2.890436,15.406474
14.118724,10.158817,5.100996,20.812174,4.376941,14.541585
11.733698,8.685523,2.401992,17.129160,2.579480,9.052909
38.484425,16.765341,14.871060,52.563168,13.134222,25.606226
48.121399,16.780436,17.825569,62.640369,16.788822,37.786858
29.830080,16.441286,10.750126,50.241837,12.241637,30.063133
12.980704,9.482944,3.735775,4.526366,0.309954,4.581027
8.952696,6.592354,4.914364,13.966694,3.153416,10.827755
16.555889,12.241042,5.967824,23.549925,5.051934,7.254261
8.126266,6.290184,13.881792,56.020172,13.553620,10.844616
6.794283,5.104631,2.760875,10.201545,3.326115,3.071652
24.420380,16.849646,6.222862,17.494513,4.699507,8.092926
6.712227,4.592299,1.638896,9.058933,2.139178,6.894922
6.871989,4.978992,3.155995,9.518064,3.244598,5.414270
37.489609,16.878801,11.694462,38.284428,10.584717,9.752135
12.434936,6.235735,3.749886,12.838580,2.983560,8.224343
23.670574,16.343210,6.766553,37.657455,8.140833,18.140694
30.017244,18.919905,8.413473,36.416122,8.827237,10.797509
34.094856,23.425142,13.323360,53.003834,12.841728,8.284154
20.225138,14.072298,14.992481,41.231216,10.374242,19.078686
4.500041,3.496864,2.571532,3.362927,1.945160,2.163947
14.335679,10.479399,4.216796,12.242020,3.759097,8.062265
17.491045,11.894513,26.369171,73.338425,15.744983,26.188618
26.501583,17.767179,12.309535,44.295292,11.353883,26.597588
29.449131,13.631646,11.929374,32.670391,10.118366,8.917611
25.547846,11.273757,10.639261,40.694164,10.541618,8.197325
46.246601,25.648067,24.071009,81.621902,19.163504,48.217121
34.443935,23.826223,16.439766,55.534351,14.277754,50.819065
15.815516,11.319088,6.479730,32.902267,7.689550,17.755033
8.767226,6.304618,4.133480,8.132997,2.336403,5.041698
25.547695,17.917965,6.764370,38.236980,10.079392,5.499936
31.793449,14.546374,16.798748,31.219816,8.789166,23.034702
35.181774,18.149883,22.434523,72.420212,18.369270,30.519815
24.593687,16.645874,9.574336,19.766111,4.965435,11.511083
17.435625,12.151147,4.906157,18.316595,3.703055,5.121639
9.293207,7.078084,2.808441,8.797947,2.341336,2.946232
45.137444,27.790108,59.119537,179.601196,45.021751,77.700996
32.482834,21.498117,33.062298,30.344868,44.638680,3233.886963
40.925171,27.441395,73.488388,233.055252,56.748989,83.391388
42.589104,27.342537,18.420630,47.399837,10.703941,30.381357
5.885507,4.478126,3.225670,8.160903,2.408474,4.626870
12.188176,8.432194,3.764498,18.221325,3.733589,1.769616
37.182297,24.999928,14.768660,34.431705,8.845531,34.416565
12.397029,9.111559,2.722982,13.055185,3.637239,8.858512
21.209785,14.766754,5.885662,24.048901,5.482734,4.409292
13.695942,9.768432,10.614873,44.213589,9.991474,20.010378
54.568771,36.540474,22.314310,75.336662,18.223219,72.371727
73.492325,41.044598,35.045448,88.398163,21.340305,80.225151
9.730647,6.931126,3.188383,13.348375,3.127261,4.085377
6.307265,4.936825,2.119476,12.020255,2.111621,3.814154
10.395836,7.493817,2.478089,17.703390,2.817907,12.974370
36.559662,24.466824,11.181972,43.135689,9.716117,5.754878
20.005194,14.177948,5.322404,26.538807,6.305717,47.049652
9.589239,6.781823,6.254687,23.608562,5.049438,8.215796
13.601404,10.025117,4.392400,16.746248,3.682900,6.304122
6.854038,5.045739,2.575241,1.132118,0.465995,10.360610
11.924809,8.705659,3.455111,10.293097,2.786798,8.260263
12.069654,8.893467,4.486149,16.782705,4.648038,6.909121
24.385424,16.745384,8.419891,30.156595,8.076719,10.202991
29.711624,17.947067,18.267290,86.805519,23.168478,48.496563
4.543359,3.380609,2.317455,12.223950,2.437380,2.818493
22.165701,15.675834,15.064103,64.894936,17.179111,50.062016
10.736126,7.822754,3.203680,12.323259,3.025798,16.578362
7.673286,5.295618,2.667936,5.470868,2.066344,8.800617
20.027285,13.671774,5.032304,26.221632,5.752481,1.551775
12.738909,8.973480,3.463474,10.905884,3.454985,7.055482
6.062163,4.630177,2.467994,5.927951,0.938650,1.817265
9.684126,7.324508,2.688524,35.974590,10.617784,22.886574
24.368378,16.906034,11.347393,60.070938,13.078485,26.749949
9.925590,7.155115,7.385925,34.927536,9.237168,21.292902
7.083416,5.039834,7.838471,24.220308,5.723501,6.842457
23.261852,15.875589,4.626852,27.363405,7.307912,21.075451
28.516148,19.361521,10.934807,42.231113,11.036054,59.995293
12.639838,8.914433,9.462090,31.169296,7.760773,34.568245
7.900816,5.701844,1.783052,22.432356,4.758798,7.715834
25.197311,17.089481,26.043018,45.532558,12.235003,20.524851
20.010029,13.725264,6.254639,20.890186,4.875471,6.237225
21.353476,14.754530,7.539620,35.751347,7.122795,13.346921
31.569849,21.242537,11.492004,51.072105,10.967744,16.686741
7.721019,5.284002,2.627283,14.341165,2.561244,3.004608
23.577000,16.205015,7.946748,20.095791,5.127952,21.569382
16.932968,8.749496,4.354694,38.633053,10.825478,3.738034
7.259490,5.293007,3.661457,10.529076,2.287886,4.364294
13.635079,9.924129,4.476842,14.822201,4.463021,11.655704
13.056003,9.158830,9.563679,28.487083,6.521514,11.877535
9.988136,7.028478,3.147139,12.848211,2.824096,7.540964
5.226583,3.722474,1.270155,11.967809,1.834169,4.887215
35.709332,23.736435,10.442952,27.640760,6.174981,10.190825
6.579260,4.702169,1.433923,32.456444,10.439906,35.270477
20.578453,14.187872,9.100528,31.832808,8.687304,14.191415
39.921078,26.254591,23.011480,156.335968,36.736099,29.608786
12.243048,8.727013,5.141526,27.606592,7.520992,5.455406
8.308896,6.015104,3.266219,11.847980,1.603114,2.948311
22.343159,15.182054,6.704275,31.703003,6.561401,5.457527
19.285492,13.681011,5.509254,16.858725,4.027441,2.937789
19.189594,13.551094,5.395924,27.773676,5.606380,6.912806
7.221795,5.712477,3.085848,11.431888,3.024199,7.117838
19.725924,13.670051,7.224350,28.741348,5.459129,16.944986
8.557299,6.073969,3.699334,23.548370,6.325916,7.923678
14.137516,9.758247,36.901672,51.731384,11.896725,17.386307
5.772490,4.250635,2.986211,10.643601,2.761553,8.533120
31.981062,21.295481,26.061392,85.430626,19.663673,42.863152
30.503927,21.201475,9.268272,45.950050,12.372111,32.346519
26.996153,18.471527,7.399084,9.916463,9.958396,724.722778
7.666399,5.679273,1.474561,37.726341,10.685314,33.595985
4.437913,3.631865,2.465383,5.605547,2.312538,5.448540
14.214526,10.201031,3.858770,12.599905,2.332508,8.799891
22.808432,16.208261,12.832106,66.127357,17.553591,41.030716
9.443414,6.824506,4.827922,9.620646,3.363033,3.266025
37.777569,24.017561,15.133144,52.636189,10.641924,13.047194
40.584942,27.195358,16.443489,45.422169,10.109468,33.241390
33.702969,21.889381,14.992080,52.988510,14.212572,18.013308
28.874762,20.108786,9.921268,56.044617,12.448488,11.633799
13.078196,9.822136,3.589932,13.317400,3.213446,12.766880
25.573910,18.277260,4.996456,25.962507,7.446855,6.991734
25.371305,18.196844,10.513141,43.855141,11.400206,17.925312
20.887808,14.287069,16.960789,52.340057,11.753277,18.746916
5.939642,4.488476,3.125906,10.820994,2.195702,5.062984
25.849199,16.993670,23.956995,59.535168,13.848575,18.681412
9.128091,6.561236,2.918188,14.352581,4.007970,4.531194
21.720083,14.924987,17.168377,63.853725,16.373753,22.490622
7.865526,5.551588,4.031630,12.998020,2.509810,7.448483
10.095239,7.446819,3.040630,10.299536,2.816397,2.470056
13.411367,9.639794,4.087395,16.065517,3.167798,30.207691
23.559551,16.815540,14.301986,39.981773,10.201007,24.349415
8.648619,6.344983,2.989036,10.991897,2.277691,10.034241
34.960339,20.821653,14.977967,46.269867,12.005537,18.673004
6.160870,4.356466,3.870051,12.990736,2.753501,3.609547
13.230797,9.851938,4.959647,20.099371,4.209587,20.280582
12.297848,8.783529,4.192106,15.180992,3.511922,8.410462
44.867306,29.716768,12.642692,35.490955,7.809459,40.360214
9.079507,6.684419,4.798673,18.484184,4.016989,9.494270
7.894361,5.645667,2.592117,8.907966,2.103109,6.154991
17.702471,12.424718,8.976460,27.529816,6.459354,30.446489
23.655212,15.345730,7.341462,26.852789,5.013781,16.184509
14.543954,10.259344,4.315169,27.469688,4.884735,10.051130
21.147633,14.570500,3.984890,25.575903,8.618477,27.833300
52.535454,23.337677,41.244274,136.276138,33.033478,61.024208
73.918777,38.185680,38.073727,128.498962,27.043299,30.009197
37.623344,22.673695,18.949421,103.473763,23.707682,12.546434
7.832054,5.687564,2.794422,8.931502,1.677390,8.384600
10.593617,7.776623,3.689328,14.251108,2.531664,6.817250
24.542849,17.058935,6.469310,22.459650,4.947011,5.183809
15.766470,11.677745,3.984527,23.230539,6.264931,9.506903
16.408615,11.540881,6.457825,16.511168,4.038233,6.008867
13.866731,9.934447,4.924561,21.865093,6.039836,4.309987
6.249728,4.358512,1.515839,17.528030,4.496429,4.584363
6.405638,4.712973,5.577810,13.288359,3.191000,5.270689
5.462153,4.241520,2.310487,11.769838,2.344812,7.616283
8.918717,6.288735,3.019171,11.079920,3.470178,2.116297
9.226892,7.002428,3.554089,17.927481,4.251222,7.370064
10.581866,7.456657,4.576222,17.637480,4.788662,1.697513
22.819252,15.598891,7.682408,15.989982,3.404574,13.062963
14.662643,10.695429,3.014905,8.607687,2.184214,4.464729
8.110142,5.666316,3.043497,8.567398,2.702564,4.889938
36.710243,24.106602,12.988957,33.194862,6.290040,26.261486
12.092918,8.754990,3.635268,18.830889,5.453313,16.443287
35.566193,23.369749,17.481228,49.338047,10.284337,12.359778
11.899346,8.256566,8.540151,23.996359,4.821406,12.896240
10.277338,7.661690,3.700027,10.397242,2.815195,2.527255
22.589012,15.328318,5.244775,19.739515,4.920915,26.256536
15.879313,10.487329,5.057482,12.799979,5.172403,18.831032
54.680969,34.194408,26.009871,71.472588,17.497625,75.965492
8.064725,5.981378,2.277989,13.135638,4.332020,20.321165
33.208546,21.588251,27.905516,102.987717,21.754652,117.845421
45.459919,29.147673,17.841959,75.382286,17.895306,23.130053
4.732271,3.488470,3.055867,10.224815,2.665027,4.510096
25.130896,17.412657,10.398765,46.070778,12.339752,7.803999
37.628193,24.934059,10.017197,34.916012,9.232501,20.579231
58.940605,31.702164,59.421803,171.782028,42.971233,219.823868
15.572887,11.069911,7.280468,5.643470,1.177588,15.851073
9.219875,6.615795,3.132079,9.258663,2.675862,6.431707
13.100290,9.504566,3.349092,22.496126,5.567512,7.087672
33.367352,22.843164,12.622094,39.070770,9.119534,19.031244
11.517997,8.453730,9.265368,18.363150,4.448177,17.771236
33.086109,21.989822,13.812869,46.815544,13.181710,41.108604
26.003248,18.418337,22.174212,91.542908,20.167154,27.375463
31.913399,21.614681,13.584196,40.812927,9.526050,10.128051
14.414218,10.468344,3.599813,11.489606,2.968773,3.867548
7.332279,4.970155,1.888635,11.866083,2.671411,11.410911
6.408797,4.555420,1.949344,10.337979,2.824926,8.022996
16.960808,12.067749,4.667379,8.634955,2.026204,5.199139
18.414692,12.603641,6.866847,19.200375,4.348449,2.473666
15.298634,11.142008,3.833208,29.356022,7.936818,4.133107
5.165042,3.674127,1.705986,6.251586,1.268600,3.925641
19.958488,13.919775,5.230450,19.788067,4.280384,5.537060
12.987714,9.253041,4.628356,18.798153,3.434536,4.317807
9.476674,6.663032,2.696444,15.198030,2.444182,3.275366
15.882475,10.804494,4.487276,14.588215,4.603736,5.942611
17.878216,12.209749,6.810458,20.494024,5.275635,9.085128
12.860478,9.280824,7.166037,19.282873,4.687218,3.537119
17.805761,12.557663,5.719316,18.414957,3.621885,10.274601
13.720028,9.717239,14.782142,53.163818,13.235389,32.087044
15.995277,11.459610,4.527564,19.349176,4.513167,7.454464
36.335915,22.375172,32.144176,106.159286,25.212296,22.781332
29.512892,19.677725,14.842113,58.022343,13.273936,25.127951
15.608719,10.590548,5.640742,22.313166,3.606590,5.731215
25.305838,17.370909,7.780334,25.241953,6.700378,16.211243
18.028456,12.113461,6.169206,25.122677,6.792434,14.502140
6.381947,4.589814,2.428121,10.597493,1.955572,12.576889
21.676779,14.063777,11.153774,48.891403,9.989259,21.717558
18.839577,12.405440,5.483194,21.888897,5.365529,4.894552
12.520757,9.273396,3.424398,13.141273,3.551295,2.371221
10.088737,7.130111,3.299478,12.737919,2.695609,4.652585
21.397352,14.846665,4.246819,11.646343,3.867078,13.156633
35.715137,23.555250,12.353709,40.147251,10.311523,34.352612
3.803280,3.169821,5.609724,30.286999,6.993574,19.880377
11.715567,8.628347,4.153084,16.422846,3.531674,8.282253
21.595324,14.517905,10.175879,50.853653,11.524173,38.990467
30.121101,19.573629,12.552010,55.450817,14.192777,13.613030
5.339329,3.866170,2.358003,9.614141,2.279877,6.585752
21.984999,15.350222,9.393502,30.893080,7.273570,22.829443
28.777393,19.756042,8.781933,35.311703,9.855753,9.868616
6.943583,4.821889,1.933447,10.621112,2.897135,5.171688
33.831238,22.674984,19.224997,38.814827,9.440255,30.770731
13.837034,9.463775,5.398419,32.245468,9.027727,15.685640
8.575328,6.299394,3.013379,11.300501,2.519899,3.874265
34.926231,23.667696,13.306121,34.526264,8.140172,16.032566
16.950037,11.660162,17.620329,56.013538,15.526455,50.309891
7.867646,5.471993,2.440634,10.930598,3.944141,2.303834
33.306870,17.315943,36.336891,155.282547,39.961685,92.965439
16.129866,11.264290,5.698896,16.540195,3.439522,11.178095
32.102135,22.299026,6.854501,37.756111,10.855001,28.047161
23.252558,16.016991,5.656413,26.709471,4.319054,7.784563
36.261810,23.464373,14.048339,52.759014,12.139033,36.676033
12.076096,8.539985,4.882637,31.920582,7.101269,8.873493
10.689512,7.221269,3.222549,20.705784,4.078815,11.151423
9.971847,7.138237,2.626702,10.263367,2.982291,9.745895
23.637222,16.153162,18.719576,77.799171,20.725225,41.041309
7.362208,5.456791,2.874418,14.939792,2.862705,3.600753
16.606060,11.330784,4.859293,16.095367,4.606078,8.936387
18.892948,13.605494,12.731492,48.751850,11.954299,21.558626
50.595074,31.146152,14.674408,43.297146,10.971983,17.044531
7.188909,5.343292,2.943423,2.167177,-0.163483,2.553904
35.846691,23.341124,13.270111,40.513680,9.415693,26.425995
84.073730,48.809601,47.886829,124.516953,30.210613,89.823563
18.635990,9.648955,12.287816,41.026566,9.645122,9.064020
30.677776,13.147100,31.163412,78.516991,18.621529,21.762732
26.586042,10.508224,29.437344,92.318108,20.246071,18.757496
11.722341,8.596464,3.302780,22.455906,4.923581,2.711528
23.474340,16.848930,7.484800,27.641502,6.622058,24.372305
7.765006,5.692028,3.758872,16.665092,3.490464,4.119513
25.165112,15.909275,18.654663,51.377071,12.331925,21.048618
35.941448,23.553829,17.530195,65.931694,14.766811,35.329700
8.501827,6.056655,3.462030,12.960741,2.309453,2.140195
15.531343,11.249077,4.755816,14.837959,3.334873,4.415703
4.671124,3.128309,3.447373,8.865470,2.635335,2.123577
5.317945,3.780422,3.160428,20.903736,4.977375,5.287961
19.324842,14.102225,9.390691,33.756599,9.062998,6.781814
7.799220,5.435691,3.072683,13.530514,3.051725,1.872478
37.255810,24.891495,19.225666,56.742638,14.144132,33.056946
7.842353,5.192636,3.911375,9.308770,2.622714,2.735811
9.180228,6.493686,9.557522,56.830963,13.663063,43.362152
7.757916,5.370087,17.004293,32.016747,7.846663,31.966496
30.368134,20.337484,10.607652,23.757006,5.403164,8.942063
46.309647,30.308355,16.933327,44.330181,11.428278,27.342506
6.249226,4.457024,2.888679,14.305343,2.584778,1.945810
13.425568,9.897427,4.273210,11.473122,2.495936,13.310044
10.579365,8.071016,3.509716,13.422347,3.593707,6.135916
7.409100,5.286543,2.974011,9.084995,2.248006,9.280414
19.775461,14.031045,5.961073,15.540828,4.619648,7.707108
41.197552,27.733452,9.063988,30.944609,7.778360,18.136272
7.068058,4.825940,2.769188,9.546486,2.231377,10.668470
20.155893,13.543079,5.716124,29.520117,7.065578,43.201950
14.413429,9.917762,5.150473,13.430061,3.424068,5.572265
40.109825,26.947037,11.779993,50.630280,10.834774,12.970607
31.664598,22.095091,9.184588,42.617638,11.112551,35.118629
5.107794,3.839340,3.839320,15.219555,3.517201,8.793926
18.456657,12.605506,14.279767,45.941448,11.049626,18.580530
5.950285,4.298141,3.389092,9.321063,1.891636,4.023288
9.823185,7.228519,2.977215,10.977530,2.809246,2.811238
6.727312,4.487854,4.537231,9.792737,2.956644,7.130494
13.065759,9.121887,4.697622,11.489410,2.367313,5.836988
23.271841,16.283848,6.387301,26.140808,6.147889,7.816040
11.937022,8.679452,4.209109,17.905043,3.289027,9.528949
20.175749,14.069401,6.629642,22.349577,5.415184,9.171259
26.235106,17.886700,9.166449,24.800907,6.954801,8.771951
10.264180,7.325677,21.727085,35.172260,7.915753,6.403121
41.694462,24.830851,52.032131,195.688736,46.787613,28.674585
10.216719,7.360176,3.321226,14.636795,2.804869,3.294771
10.220879,7.451040,4.474081,19.868294,4.909894,5.107392
16.791965,11.663378,4.871452,15.790505,5.203927,15.914809
12.033229,8.553399,5.106817,15.563640,4.728175,3.789122
11.288929,7.893371,4.857942,21.513319,5.237570,25.320580
41.802666,27.850544,12.914149,33.963524,7.438382,10.636967
21.070740,15.028557,17.807352,59.047985,14.127465,20.148064
7.095511,5.014446,5.369281,20.608561,5.504322,19.033924
26.680981,18.411695,14.439808,46.796280,10.167399,39.903595
24.128998,15.498771,15.667660,56.736439,14.551837,101.072548
15.095334,10.706078,17.610159,32.924267,8.447201,10.640349
18.736645,13.241030,5.192003,29.403181,5.960983,6.773464
24.343628,16.379826,10.149506,57.947842,13.621272,15.608776
61.324783,40.705448,49.578285,184.358719,41.966545,246.358231
35.052753,23.586414,12.048476,38.864532,9.903454,12.370445
35.925209,23.128677,11.246655,41.003048,9.738098,17.346012
24.626650,16.519361,10.028272,40.981617,9.540957,9.114413
28.251461,18.554399,19.318460,72.493805,17.978281,51.876141
12.445384,8.777078,7.053158,30.011486,9.411798,71.593544
38.830193,24.629810,29.026253,120.740524,30.331795,49.820099
10.297256,7.218660,3.629531,30.320793,6.543539,3.248824
29.287687,18.521387,33.414597,152.219849,36.376492,58.632339
10.508044,7.844375,2.550098,12.083673,2.960309,11.336193
18.310299,12.701289,7.597927,26.968948,7.678479,42.001221
14.588153,9.733960,22.576162,70.536392,17.502218,65.755592
8.129566,5.608367,3.296172,15.869076,3.241196,3.277334
7.193862,5.016918,4.759972,17.316595,4.528652,5.721908
10.875652,7.798772,7.231178,27.266676,8.011889,41.455276
46.442791,30.650974,16.207870,65.634277,13.980574,31.354782
26.053207,18.323652,7.159988,35.554516,8.709208,13.268344
6.527330,4.855438,5.035239,17.262629,3.243673,8.735185
4.655360,3.461063,1.649319,8.999466,1.780637,5.782105
43.018066,21.238022,22.892796,83.366173,19.739763,27.361549
33.399025,22.148405,11.079971,37.785507,9.222208,16.575695
30.925791,20.680670,7.422202,30.094423,6.538859,21.812635
4.165160,3.194838,2.353264,10.500648,1.877245,2.539015
10.745625,7.730619,3.292841,10.960668,3.040691,4.850782
14.040770,9.654023,14.070183,56.056355,13.461625,42.077297
22.963715,15.991088,7.182187,35.097748,8.917077,19.921116
33.993912,20.604837,30.250866,140.032043,30.760691,95.775101
8.724764,6.361807,3.344176,10.611366,3.021946,15.470076
35.431255,23.411800,11.955050,26.169462,6.536206,8.369916
22.800407,14.223983,21.369905,97.634415,22.632555,71.541046
29.556786,20.466652,16.556477,58.065136,15.840837,11.899543
34.614651,21.346642,41.944225,175.581268,41.169811,96.189178
5.378271,3.762269,1.922785,7.005353,1.905840,3.149318
37.242077,24.908749,14.660152,37.004013,7.160163,17.761736
29.489002,20.110022,6.601783,36.925465,8.608766,19.432186
13.268771,9.516263,10.173238,37.256607,10.208274,10.115484
29.647152,20.158978,11.096326,37.686512,7.971838,25.371420
28.256929,20.141705,8.693252,23.340456,4.222710,14.016362
15.800655,11.004632,4.044046,16.172491,4.666291,10.536918
6.102582,4.036065,2.537069,30.568308,8.448301,36.071918
37.052780,21.062967,11.664471,55.894428,10.738073,16.674343
35.859947,24.901243,11.615233,42.575043,10.231455,23.952660
24.075867,15.739654,19.511520,70.894958,17.066719,30.660547
15.891749,10.890132,4.870957,21.013359,6.817256,4.628374
35.706707,24.072765,11.891644,35.380009,8.307157,20.417786
14.611315,10.348003,5.925047,39.139709,9.203823,13.958474
36.371166,23.171751,20.012047,58.770443,15.019049,29.453571
9.762863,6.764515,4.068985,12.757565,3.786102,7.869305
6.087484,4.325428,2.837398,10.751214,3.582928,10.683171
7.328763,5.180937,2.170161,8.695959,2.030270,2.108941
30.413685,18.209995,27.523451,117.020569,26.704977,53.579369
20.153830,14.247193,6.168445,17.879946,4.423541,14.249880
15.682101,11.087173,7.983136,33.155167,7.387208,11.642467
8.995749,6.519016,2.589772,15.680366,3.772149,2.251989
7.193944,4.979762,3.001459,11.191688,2.829254,1.825850
5.751170,4.492409,1.959524,16.245241,3.130049,4.029304
43.220245,26.319998,23.281225,76.790161,20.577290,35.345036
40.425869,24.590332,29.951061,108.794273,22.963530,24.006544
15.483963,11.024984,4.818616,15.246781,3.705978,9.871178
12.815406,8.876485,7.520012,4.599171,1.190914,13.402303
18.848068,8.661619,11.129043,31.379677,8.080055,35.680782
24.178648,14.846017,23.294798,70.574524,17.683634,55.837681
8.726242,5.990222,3.325721,15.247245,3.589305,3.983597
9.488216,6.702356,3.516843,13.490396,3.027637,10.466578
16.788464,11.888572,5.143592,18.438784,4.400269,12.879342
25.191351,17.061640,7.852013,18.544897,4.759408,20.968868
8.582148,6.221058,4.726439,12.900507,3.552679,2.715252
12.654127,8.721812,10.398837,46.600830,10.940682,37.289352
26.176714,18.345844,7.549984,24.651169,5.844560,23.010624
47.015167,31.075724,38.855206,116.728859,28.669495,90.200699
35.543095,23.702923,11.205749,26.452173,6.956483,23.060431
27.582335,19.174728,7.988800,31.605146,6.614775,8.856139
16.702244,11.793590,5.338089,16.491676,3.340663,7.613894
29.205048,19.361612,25.018749,59.955223,17.192261,59.317379
9.727725,7.089728,3.857022,13.527252,2.658928,3.330831
39.272602,25.416174,24.016710,68.050056,16.204826,66.207207
33.749748,22.631308,12.911514,35.283012,11.559609,22.693100
43.378723,23.280481,16.024851,48.528637,11.561640,22.671709
27.850441,14.597695,11.088010,43.327778,8.805238,14.079447
12.408264,9.164433,5.648015,14.480067,3.086648,3.805047
9.697948,7.070656,3.783825,11.955496,2.653861,4.583666
9.336328,6.626272,3.600875,10.106378,2.226773,10.480122
14.933245,11.099262,6.304691,24.319065,6.662024,7.709033
28.857735,19.515556,10.499248,31.199379,8.228783,16.180952
22.308025,15.140116,18.493994,47.281300,12.011043,36.920639
26.472153,18.313927,16.605261,38.048561,9.797410,21.509090
10.914327,8.076680,4.111423,12.027689,2.835537,1.773974
8.604451,6.246222,3.849601,11.034175,2.692328,5.196703
32.059887,21.458000,14.003765,51.126842,11.761096,47.479263
14.489118,9.856704,4.234914,17.064054,3.221375,6.213753
9.305437,6.847955,3.002816,11.350941,2.807084,3.692595
6.825866,4.935462,2.512117,8.807138,3.455186,5.756112
23.481304,16.009378,6.543903,20.507034,4.522883,15.611435
100.650902,55.145012,75.785210,298.282379,67.965004,80.484558
10.602304,7.341846,4.336469,9.246280,3.109747,4.870111
17.827593,12.551469,4.884007,21.937412,5.405307,12.949733
13.886868,9.455198,4.243067,19.037350,5.100815,16.008734
6.412487,4.418395,5.333327,19.229036,4.910141,7.257023
12.285259,8.752713,4.073736,25.338060,5.320430,15.771151
25.627096,17.122541,13.733633,59.545574,14.953436,12.236111
27.743935,18.772354,13.640925,52.532848,14.511619,25.308577
17.417055,11.853780,13.009246,47.167652,10.411930,17.864941
43.038391,23.286331,44.552952,164.473831,39.916492,52.352261
40.174030,24.254461,53.839760,182.425095,41.018635,192.475632
24.034641,16.548128,14.373046,69.444794,15.656620,16.436533
11.114682,8.054855,5.369242,9.930712,2.736096,6.108322
5.779192,4.142965,1.856511,7.376416,1.689483,3.904575
9.422187,6.613892,3.258823,13.049217,3.311621,2.456896
20.901951,14.209857,12.186865,35.923565,8.436755,12.622027
37.339275,23.418184,35.246250,105.047684,24.034805,70.232574
46.970699,29.455717,12.819926,59.593731,12.457980,16.682142
16.179901,10.963570,3.285173,21.825247,6.130160,34.189857
40.620750,28.186268,16.810917,34.698845,20.196636,931.005188
19.575407,13.255183,9.627925,34.378990,9.196895,41.894501
12.392496,8.826223,7.516823,15.771383,4.476993,3.035851
8.041000,5.684440,3.706086,11.423273,3.071143,4.711503
10.795442,7.644927,3.858378,13.697606,2.689322,7.470066
36.789227,24.356680,11.440993,44.026463,9.771447,28.168676
14.332621,10.084958,5.328948,7.394342,1.914511,10.211067
20.835463,14.148674,16.184664,61.272312,13.403669,26.427330
30.414837,17.807068,14.199532,55.877670,14.861017,19.298220
6.744204,5.145403,3.723686,18.430513,5.724853,10.604165
10.592844,7.858580,3.783628,9.616893,2.911872,3.201583
27.412550,18.590044,8.293429,37.628036,7.732680,4.977236
9.497548,6.990826,2.983062,11.197363,3.070359,4.192248
23.780012,16.214056,10.657516,60.148586,13.808513,30.162586
29.025913,19.916265,12.919250,32.863235,7.631890,15.332964
12.173500,8.386823,3.680339,18.697945,3.823974,6.062499
21.610399,15.070748,7.388315,23.952091,5.199096,9.409680
19.541061,13.615096,10.901999,37.308163,7.496714,9.349626
37.857929,24.934223,16.627266,46.796375,10.580926,8.835382
16.655546,12.103148,6.014293,22.870390,4.424939,10.571909
65.146988,36.918579,48.899345,118.139862,28.701845,182.398163
4.786635,3.638601,2.713720,8.257298,1.826026,10.449454
7.829700,5.503774,3.005105,9.130787,2.270815,3.865607
9.116888,6.752944,2.919700,15.178802,3.467901,3.979640
23.694513,16.503357,6.889368,23.134901,4.894280,27.005838
6.122920,4.231926,2.568513,12.486531,3.206982,2.144832
20.335211,13.324675,23.385792,128.419083,33.404747,30.099726
8.964054,6.668170,4.219769,19.175047,3.405218,15.204052
26.859539,18.982906,6.375717,29.497662,6.019866,12.004984
7.677585,5.260337,2.620747,5.311810,2.122693,6.064897
25.739279,16.613316,21.087173,71.914078,18.207140,70.557106
9.206003,6.510180,5.393102,11.247470,2.814125,3.364610
4.585912,3.274421,1.938864,11.983639,2.718276,6.941175
25.041906,16.269741,20.016361,84.004395,20.828825,81.366920
8.575092,6.240352,3.358121,12.602270,2.233145,1.573079
9.569289,7.237216,4.558244,11.690809,2.876160,7.995515
16.580286,11.525404,5.287935,18.749702,4.078298,9.311857
10.756104,8.046424,3.746404,14.426752,2.509953,12.977659
33.782402,22.661238,9.007707,7.721204,21.129332,1868.535645
8.929835,6.391317,2.032566,10.709027,2.596816,10.744062
19.062630,13.290126,8.236824,29.783527,5.519580,5.826426
7.210210,4.984150,2.746127,26.613873,6.044134,3.388860
82.606750,38.831387,82.164856,238.323837,57.007603,261.281586
4.616969,3.231498,2.280348,7.840731,2.332603,2.719089
14.378905,10.324086,6.259697,35.127502,7.871781,11.441839
10.181662,7.568179,2.857994,17.391945,3.596493,2.217286
15.658607,10.197191,13.601236,68.567139,16.336828,14.633830
65.513206,35.491280,40.426342,119.762024,26.181742,52.855179
48.908165,21.055067,19.698946,80.954872,16.156315,45.114223
30.221228,20.033817,30.997356,138.388458,34.781712,66.606247
25.746040,17.641563,12.045516,54.913082,13.754497,18.145906
10.022056,6.870486,6.055479,10.588261,11.995927,924.267944
28.407692,18.476206,10.965432,43.840542,9.615993,9.451997
5.384271,3.747363,4.729497,20.187389,4.390543,6.202449
31.463310,21.581753,27.001560,97.343880,23.501850,58.225845
40.250877,23.811104,33.233555,111.593826,27.731098,75.116112
7.154605,4.830100,3.907124,15.972073,4.046272,8.040045
14.780544,10.121586,4.924517,17.363348,4.495795,7.259915
7.932016,6.005252,3.327410,1.624546,0.411004,1.061499
23.126934,16.413843,6.499539,20.132713,5.563621,4.875709
10.575108,7.798174,3.151369,8.532294,2.001736,4.191968
6.161326,4.108888,3.105938,12.340839,2.955769,5.428797
17.455402,11.946447,2.659052,20.118326,7.313092,34.208088
12.084791,8.138041,12.105764,36.675503,8.491248,34.847088
5.648270,3.780610,1.936808,12.149752,2.255537,2.643695
32.625004,18.093496,29.092123,99.890221,27.001917,78.469582
34.026634,18.094381,33.215061,151.169144,36.493782,83.199493
23.298800,15.895169,18.142069,65.710350,16.158308,48.438400
7.907348,5.558012,3.255949,26.486282,6.119184,10.176799
8.670558,6.277801,3.924705,10.255857,2.028849,0.958361
13.283282,9.134292,6.063581,19.348820,3.607314,6.338214
21.279737,13.767942,17.649096,53.764767,11.106352,39.124916
18.678020,13.337554,10.968496,46.138451,11.111551,61.181644
8.980392,6.522693,3.389039,5.070336,0.974344,3.799614
6.645572,4.877279,2.470328,6.781661,1.237971,0.906137
10.025270,6.843768,3.225064,13.073846,3.271463,4.211351
7.671370,5.395360,1.923291,13.601829,3.447872,4.855452
47.425903,31.122900,13.523087,40.015636,8.317930,11.787957
14.697889,10.150729,5.734976,5.348888,1.110053,1.289006
20.730328,14.276075,11.577012,31.709890,7.603332,38.991253
7.450790,5.227520,3.241222,10.704693,2.084074,12.801921
25.903759,17.663755,11.527479,33.011742,9.994274,38.581501
9.651635,7.252070,3.188841,12.307163,2.462160,6.760182
19.768675,13.927541,4.269702,20.558889,4.662463,15.906070
14.840659,11.119022,4.823780,17.413603,3.698531,3.151512
7.877737,5.707686,3.499831,12.036200,2.369759,4.444042
10.421554,7.529455,2.738092,10.301956,2.674189,1.829101
24.148125,16.980324,6.875186,23.468958,7.076013,7.251894
22.709925,15.631855,24.292307,101.138718,26.033731,20.713099
4.952416,3.548591,1.653019,8.476134,1.900291,3.775576
14.045901,10.302315,5.010750,38.181992,9.373056,10.157992
6.408670,4.448685,3.660336,8.714105,2.090435,4.422059
16.231695,10.594063,9.204815,37.966526,10.279691,30.497431
24.953045,17.265484,10.786134,21.710838,11.731687,605.114624
33.352219,22.535059,19.888119,72.132500,17.782242,64.913383
9.903215,7.383870,3.666644,14.364009,3.259069,10.932948
28.190756,19.345749,7.432556,25.207861,5.304735,10.998153
9.826148,7.104827,2.209347,12.962884,3.640475,3.418872
32.317440,21.477501,8.293761,29.868521,6.594725,14.240206
8.947927,6.923110,2.324160,11.857652,3.544075,7.018473
32.570030,21.263733,18.896326,49.267231,11.801734,13.667995
12.051443,8.759174,3.876137,20.872877,4.947495,4.675172
27.770033,18.948162,6.960326,30.255445,7.112869,6.806915
7.788811,5.558275,3.259115,15.603148,3.506060,2.664535
19.623537,13.392727,9.179497,16.721350,9.077755,427.362366
8.707195,6.376032,2.961863,11.951859,2.494550,2.337850
62.717930,38.023796,99.826309,253.003799,60.950668,151.528717
11.139092,7.783317,4.674159,12.001442,3.287257,9.368470
24.582073,16.713884,18.598204,80.126778,18.777361,13.122863
20.878948,13.783374,23.226484,71.264229,15.584035,28.882538
4.988062,3.885083,1.695507,1.939946,0.882961,1.263241
12.137324,8.234045,3.957779,13.031625,2.583565,6.235837
9.148389,6.407560,2.943550,4.080440,0.491999,4.788736
7.585723,5.578104,3.453356,12.279558,2.831504,7.415486
4.816200,3.561400,2.087795,7.103575,2.343154,2.638237
35.650448,24.193920,9.342473,53.743568,14.639569,51.910057
75.117348,29.276831,88.141869,251.989578,61.407417,142.530762
63.350834,28.791012,70.829544,256.231384,56.269318,101.194435
34.693092,23.341480,7.919240,21.252808,8.793805,507.010223
20.338167,14.250048,4.202678,18.934008,4.988625,7.667538
13.421560,9.095276,4.626412,16.311003,3.876681,7.875154
17.529821,12.301686,4.729454,23.258293,5.597419,3.076300
11.680806,8.620007,3.818220,14.905967,4.053312,11.889142
6.143113,4.638750,1.741845,13.344482,1.938591,1.328062
27.859926,18.738348,9.076020,34.327785,8.561050,12.216552
11.981296,7.419714,3.871574,13.978138,3.614898,11.700806
13.232385,8.473925,4.059280,21.130356,4.350475,10.770139
14.076455,9.647345,11.994843,22.025969,6.163562,11.368505
49.556793,31.465195,48.698296,124.337044,30.629589,88.625122
11.670801,8.570818,3.003727,19.792234,5.711988,1.623083
30.722967,21.487444,9.863346,26.641617,6.370472,17.637112
14.772743,10.562439,4.566483,13.078501,2.686091,20.807123
18.460897,12.962895,3.235889,19.694742,5.766060,5.455693
7.350314,5.198701,3.436458,19.590065,4.293174,1.257624
17.643866,12.938011,7.817754,23.403275,6.132981,13.911577
41.600605,26.922886,14.436183,57.890099,15.099075,14.714735
63.618519,24.697754,32.872459,54.239185,17.485661,55.329552
78.407623,35.774273,58.418285,148.593521,35.918243,56.888359
9.109801,6.437664,3.337193,8.882302,2.564192,3.913138
8.093862,6.034619,2.880493,14.611577,2.925490,14.418300
36.562672,24.414703,42.797009,95.851936,21.511850,99.220665
33.695026,22.136089,25.451576,116.145676,28.700659,55.422352
82.417587,35.212013,81.505905,285.532837,68.817871,171.369339
21.090342,14.790689,6.696792,19.219252,4.570605,4.564353
25.276571,17.496508,6.745407,39.265816,8.483240,6.274491
5.381564,3.911944,2.583104,9.631789,2.007591,1.512379
8.156390,5.663169,3.391067,5.449457,2.435488,154.054352
5.685500,4.130566,2.349241,15.992487,4.194464,2.427650
27.585653,19.003765,14.271235,51.540520,12.756798,11.016969
54.220257,32.474525,59.886635,268.297546,61.746170,147.408554
13.960161,10.035767,4.376506,12.116048,2.781514,1.946159
5.118760,3.792787,2.642821,13.238560,2.985810,5.402714
9.248608,6.829073,3.847428,10.380640,2.557968,14.533692
13.913528,9.674840,23.266880,123.320007,29.416563,87.871078
25.595467,17.700397,5.635365,23.035433,4.976431,12.152125
4.935315,3.947625,3.647064,11.274524,3.098608,3.319472
18.227518,12.704288,12.616630,38.133930,8.290463,9.291968
19.167433,13.214086,4.688341,28.405371,8.255348,11.853860
13.433355,9.776875,4.696419,12.580128,3.071911,8.595990
10.771996,7.829213,3.738513,15.747768,4.704524,10.090521
53.779789,32.566593,89.006538,233.251297,59.538361,149.675293
8.914722,6.553531,2.095699,10.141281,2.461839,5.961875
24.695810,16.811695,13.455252,80.606606,16.107054,37.010998
10.213352,7.520782,3.469742,11.338795,2.889218,6.124398
6.796389,4.844521,2.556984,13.781157,3.818041,4.283843
19.081614,13.387088,6.352970,15.304124,3.268480,7.964340
48.870880,31.056585,23.641201,80.809120,19.588142,92.360573
59.317619,37.096020,21.655796,17.481661,41.538750,2808.156982
20.925423,14.384962,7.121130,27.610708,6.126336,5.599884
14.554102,10.243867,7.679130,22.008703,6.002070,4.874642
11.846149,8.581844,3.439220,18.661003,4.843492,8.647328
39.964256,23.217676,14.862666,59.872669,15.521128,15.129890
27.173771,17.741695,18.926468,56.811920,11.778605,17.562738
5.328788,4.078329,2.663242,11.426586,2.093943,2.986549
12.452001,8.785108,6.692109,17.343254,4.400337,14.930269
22.091831,15.210236,11.619388,33.538792,8.865061,17.855417
5.984567,4.338874,3.099269,9.995803,2.718751,1.982433
37.582180,23.961830,17.464748,77.598053,17.082472,70.666771
10.183893,6.852111,3.986654,17.377876,3.263238,7.888481
10.732115,7.487823,5.090504,12.196800,6.446687,267.374603
4.811657,3.699793,2.362455,10.135648,1.638754,3.096676
6.291701,4.725451,2.280625,10.430444,2.126930,3.458942
22.288221,14.501745,50.506710,120.279716,26.629543,245.835510
17.245827,12.040249,5.398130,20.396519,4.783533,5.565476
14.845704,10.613232,4.770573,16.193453,2.732133,5.573302
28.559347,18.944069,16.091776,37.870789,9.748805,7.771970
11.783130,4.767599,5.598334,32.590061,7.010795,2.787644
43.218082,29.404772,16.575851,42.441429,10.114339,26.537878
37.610085,23.044458,25.882235,97.406769,24.718578,63.881920
10.552824,7.594277,19.422150,23.036886,5.107737,6.730957
7.103889,5.492053,3.866019,23.835466,5.070004,4.889735
21.758127,15.353956,11.167749,38.621170,9.221129,41.678864
29.417524,19.317553,9.215786,35.429634,8.569997,12.050369
74.487503,35.377487,65.763969,419.209595,107.194130,68.519051
34.402786,22.123812,20.461124,57.234913,14.102877,26.945869
93.693344,43.327919,132.163513,442.701904,99.928452,407.728699
6.739011,4.882758,4.885959,15.441069,4.156447,11.116675
13.691330,9.958101,4.728498,14.664246,5.110742,7.288646
9.084601,6.700119,3.821429,11.704302,3.573571,2.418744
24.546997,16.899216,8.076034,22.207125,5.054769,9.427469
9.508131,6.962605,3.690232,14.793063,2.636629,2.105798
27.753763,18.244593,29.790403,57.273285,14.771374,27.636662
10.717073,7.114841,3.884568,14.636759,3.908933,4.354436
14.991017,10.786297,3.590033,25.328001,6.305641,9.757937
5.934219,4.501894,2.893251,1.305178,0.917324,2.577715
9.219579,6.834375,4.105402,13.391221,4.164784,9.047510
7.547173,5.399787,2.261090,9.264495,2.053531,1.884687
16.744118,11.421411,18.384769,36.302765,7.885784,29.881990
47.422207,31.587585,12.970937,19.878424,4.286748,19.946156
37.659168,25.178303,12.206228,11.163643,30.392170,2415.614502
7.567428,5.765933,2.086928,13.805972,3.535765,11.777229
12.890446,9.660681,3.943888,16.621231,3.998373,2.867596
11.464765,8.153786,4.313497,10.355029,3.021135,4.169066
19.813665,14.009702,17.445671,56.867680,14.706246,29.489740
19.194405,13.072871,5.514671,26.015924,6.046977,13.578831
9.542244,7.023095,4.404006,15.211587,2.724053,8.229294
8.349697,6.115408,17.145449,8.373464,9.492677,682.911865
33.500114,20.119865,35.420929,100.896042,25.597107,26.740786
33.246216,22.774120,10.461162,29.257896,7.902751,13.386426
19.273176,13.716543,10.051301,39.291431,8.921081,40.826595
10.227241,7.151876,4.371964,12.627989,3.311242,4.162075
12.640032,9.083503,5.217745,24.977646,6.443205,9.414816
11.331477,8.456504,3.387949,17.250910,4.992329,8.463907
30.300749,20.458126,8.299316,33.182476,7.274148,7.474668
29.307081,20.575926,11.710310,62.820026,14.573704,33.017567
10.138054,7.351085,2.190861,17.244692,3.794344,8.638417
13.849966,10.074859,3.793722,9.229081,1.786539,3.326451
15.199080,11.065250,3.716894,11.746718,3.856213,8.180104
24.086805,17.018303,10.040679,27.053602,8.385660,9.356827
14.643880,10.121019,12.984985,35.859661,8.909081,11.313814
14.597962,10.425206,5.203431,28.592325,7.037531,13.326900
10.552588,7.867363,3.450984,23.160601,3.665081,10.071558
14.972113,10.180862,12.545535,35.789997,7.885163,34.489700
23.430462,15.672531,7.883951,23.456705,5.657758,33.467281
28.382345,16.987387,10.200469,42.427902,8.562072,41.326817
31.736732,20.664349,10.643718,58.434444,14.950814,25.331005
20.327692,13.758262,6.060997,21.574173,5.565778,7.642709
13.872308,9.976402,4.764249,14.096091,4.137866,3.611507
7.095137,5.069840,2.793637,5.161656,1.619940,3.775059
17.876972,13.213472,9.261066,22.884996,7.971900,59.094265
17.517578,12.323894,6.826608,19.361427,4.030816,6.483449
6.336438,4.557445,3.055250,16.993959,3.399358,2.454223
34.913132,21.669256,23.479639,122.158379,29.190643,67.372734
6.781532,5.026199,4.648428,13.553187,3.016568,13.473843
13.800056,9.988908,3.432324,17.863649,3.650171,4.015502
10.375053,7.083731,4.192654,14.342398,3.364813,13.635212
59.959309,35.376755,37.684570,142.278183,36.239712,151.321457
4.871124,3.370932,2.493684,18.542494,6.156085,16.245260
6.166383,4.476943,2.847095,10.052033,2.784319,5.816729
17.387764,12.754213,8.114779,34.433723,8.059070,3.722440
17.590614,12.407885,5.788574,22.100313,6.343179,27.359932
7.808264,5.839736,2.677359,9.508752,2.028106,2.972483
4.146087,3.098888,2.210020,10.500058,3.457620,10.243430
14.505795,9.542604,4.778577,16.310577,4.236611,6.015583
21.101017,14.000264,7.295189,22.783331,3.665002,12.354278
26.345470,17.720915,10.038275,28.667389,7.926756,29.405590
17.555754,12.625050,3.891359,25.433947,5.979870,23.071848
28.156561,18.925867,12.799857,41.141407,10.343187,15.510460
9.935859,6.907925,4.301236,23.973663,5.935102,5.686903
13.904984,9.676921,7.225222,52.607647,14.874095,28.505613
13.275101,9.203745,5.140497,14.543744,4.092052,11.577679
42.944118,27.845520,25.200710,89.335632,22.943272,58.308170
11.905600,8.458502,12.581665,63.716770,15.426329,41.347672
8.359723,6.276155,2.774268,6.640594,2.318021,7.489256
14.259657,10.894233,4.282485,14.827122,2.609470,8.670193
21.840111,14.801743,7.208697,27.560247,6.688628,6.808683
4.913349,3.626551,1.669699,12.783090,2.952261,3.179462
11.864135,8.355914,4.226646,11.756635,3.803823,6.352696
11.478881,8.034951,3.538477,23.534678,4.566955,16.485594
12.089775,8.854741,4.989373,16.808453,4.005195,2.393217
33.948395,22.196047,7.739840,38.354412,8.971177,17.333500
16.941261,10.085391,9.571105,35.022560,8.091589,9.297319
44.404251,28.878864,28.618402,111.249214,30.908701,80.314156
38.374378,25.071169,31.057283,68.440125,16.950510,16.597599
14.834620,10.819097,3.434678,11.757921,2.927601,10.159062
39.902733,24.111256,33.811493,107.765694,26.649359,88.130806
5.451235,3.802044,3.363525,28.230837,7.350618,2.722533
30.146463,18.798645,26.983582,80.069038,19.382631,41.263149
63.590668,38.359207,34.377052,106.243179,26.087858,121.837227
41.679790,25.601841,32.464333,87.019394,21.022646,18.236044
19.444466,13.779541,7.847739,19.181049,3.836428,13.143454
13.266487,9.397640,4.926535,30.901907,6.725470,24.045076
17.632629,12.099441,5.023848,16.987276,4.106847,10.459743
38.516384,24.186821,36.377560,107.153961,26.581846,118.091812
10.422300,7.596554,2.934705,17.082302,4.180741,2.502024
26.696226,18.300325,6.771855,26.443771,5.352688,4.762928
18.498692,13.267166,5.934264,10.602463,3.590252,4.240687
68.175789,29.849302,24.023607,55.432041,12.674851,89.651382
70.345001,29.945732,26.345280,74.778725,15.194461,70.915512
23.323215,15.993917,5.622675,22.581888,7.077008,19.671307
8.069340,6.004041,3.003561,11.265791,3.194851,3.661315
21.770332,15.084405,21.352737,84.205872,18.644976,93.262672
4.029596,3.185093,1.628574,7.860735,2.055296,1.095632
8.921935,6.523661,7.522346,36.067055,8.506219,38.903027
18.123856,12.450130,3.774997,23.248438,5.771477,4.935829
10.718073,7.515942,2.581549,8.890034,2.031774,11.116939
23.102493,15.593319,20.179668,101.678482,24.695297,60.433968
4.180018,3.083982,1.574208,12.372554,2.292045,3.808130
21.876545,14.965281,18.253893,20.240471,4.960029,49.433025
6.668602,4.798261,3.335956,12.339912,3.201337,1.238768
8.169755,5.647815,18.646633,34.997490,7.924860,36.588692
9.572963,6.668078,8.040913,31.131275,5.612436,3.760015
8.658360,5.990799,3.734225,19.892164,5.049355,17.840273
17.317545,12.273848,7.560044,17.744354,4.432600,5.703131
21.918953,11.958910,7.379064,16.648104,4.157852,7.145288
15.832843,7.789327,6.407598,19.782902,4.585620,7.118728
22.291361,15.437349,6.449131,27.052250,4.840960,9.746942
10.480360,7.487446,5.103570,15.167150,2.895991,6.592912
8.004648,5.985787,1.899196,34.890362,9.058252,5.198982
12.504768,9.270451,3.754026,12.379295,3.146447,9.777962
34.696182,22.753740,23.898283,88.663712,23.912048,85.785782
5.613313,4.236333,3.147655,9.567441,2.725715,4.503341
9.025977,6.678231,2.987447,9.809410,2.182777,3.749749
58.186028,30.203146,37.190659,101.762413,24.362120,69.552528
4.957233,3.640701,1.939133,4.048200,1.360518,1.727898
23.215216,16.014757,7.557993,26.722197,6.864438,29.508581
15.421064,11.355817,4.672928,19.915173,4.221197,10.168907
9.054160,6.640537,2.861672,8.667245,2.384548,6.327939
18.338001,12.738317,5.621471,23.602627,4.907870,5.031755
22.977343,15.644977,7.114968,27.116369,6.855822,14.676661
54.885612,32.599842,31.424562,84.384232,20.359444,51.026245
13.441708,9.659028,2.578464,12.173799,1.437546,1.940058
59.943027,35.010921,54.874588,169.010132,39.898872,296.859650
48.355633,28.470245,31.512506,73.807480,18.631094,75.682701
9.700438,7.188842,10.410458,37.334511,9.531898,14.425597
8.938581,6.744781,1.947049,11.210867,3.827441,5.254636
9.226893,6.936890,9.797389,40.378174,10.484915,15.444729
51.156361,29.878168,19.132782,89.687576,22.290585,50.525562
11.157845,7.927677,3.262213,10.423698,2.237355,5.037203
32.755932,22.375475,6.543777,30.299168,7.420136,10.598275
43.989288,28.659557,16.956165,62.165279,15.643380,48.277264
9.034520,6.051183,3.252139,18.074863,3.415885,4.964707
10.130399,7.642253,3.241705,10.907485,2.090290,6.216522
3.917662,3.207170,2.065043,11.520884,2.731846,2.531043
21.054497,14.959693,4.914656,31.887259,7.934098,40.613518
8.957951,6.591707,2.909487,9.855881,1.398491,1.272072
24.120144,17.136930,7.307848,26.693808,6.325435,2.068737
20.947865,14.545706,13.970327,34.208702,8.246678,9.589101
31.670216,21.425371,11.237113,38.416077,8.195105,11.470352
36.948738,23.141539,13.475611,40.777500,9.551106,18.236504
19.069899,13.021687,5.963791,21.634787,4.007569,4.672716
18.128944,12.726250,9.678553,45.824608,10.691452,19.684284
8.259931,6.018099,2.628474,10.296150,3.157506,3.409096
26.093809,18.131762,6.821880,32.039734,7.703414,14.488530
39.862404,26.641571,14.363244,54.079994,11.749222,35.112934
39.252064,17.162922,9.146858,42.696404,12.250336,29.875011
8.244853,6.046259,3.784998,13.061865,2.104403,1.890160
18.334414,12.504964,25.612078,79.243462,17.733639,22.781105
10.630289,7.253110,5.299649,14.689465,4.100437,6.378166
11.285643,8.608599,7.417459,17.157398,5.270012,31.421705
30.171640,20.538919,8.959744,24.455427,6.294137,21.928059
31.803190,19.245979,14.710150,52.330902,13.403845,16.482401
12.968556,8.951725,4.367303,16.054396,3.513126,10.932034
10.432378,7.531832,4.133049,15.182845,3.780340,8.416489
6.371223,4.657586,2.369970,10.815066,3.029125,8.576778
22.713182,14.125231,28.708565,91.128990,23.031584,66.205254
11.283363,6.133990,5.490268,33.159142,6.842687,5.672926
22.440716,15.908545,10.703821,47.046322,11.571084,19.293360
11.157822,8.018061,3.664717,17.761074,4.526010,12.730317
9.954863,6.773936,3.855385,15.598826,4.262406,5.720193
7.706028,5.598149,2.726891,9.628268,2.476472,2.314129
9.744526,6.680163,3.982274,1.149389,0.967466,10.421998
6.375796,4.894966,3.989236,14.221540,3.253125,5.919397
11.889202,8.232702,4.778456,15.710567,2.615098,4.408824
9.616630,6.480054,2.448356,15.916739,4.987891,9.079123
10.085678,7.387575,3.313948,12.966825,2.809809,3.963802
4.199318,3.109953,2.215616,5.697412,1.841326,2.256489
19.725855,12.888981,17.437899,56.266827,14.715968,22.458111
42.611523,24.113432,33.343616,135.223343,31.628172,60.697079
13.145397,9.476610,6.887894,38.877026,10.114533,29.261749
51.532806,31.467051,56.779053,153.919647,36.260441,133.429916
10.560679,7.436583,3.437274,16.798349,2.692488,9.855105
37.033409,23.722830,17.493414,88.035309,22.648573,66.107933
25.410976,17.283550,9.100476,40.747002,9.957055,44.710442
21.674314,14.481156,7.079691,25.176538,5.402424,6.821264
8.350784,6.093328,3.297821,11.075869,2.003734,4.185820
9.379112,6.630586,4.582029,15.204563,2.912111,7.775695
5.280833,4.291501,2.718975,14.424895,4.338340,7.867573
26.134609,18.002998,6.258083,24.265718,6.917556,14.563102
20.871330,14.426410,4.496490,18.488279,3.906939,11.774934
16.016937,11.168619,5.549914,19.137331,4.592341,6.976214
23.456196,13.360281,11.734954,30.102993,8.627662,27.172672
23.222008,13.239266,17.020329,59.585938,12.301468,17.819132
10.022643,6.916045,2.956904,15.986630,3.545802,5.673283
12.796908,8.799273,11.856023,7.555648,7.825051,683.891479
13.290914,9.430431,5.670710,19.439611,4.442389,27.161453
23.096380,13.980023,7.649669,40.911709,11.391999,25.422680
23.369888,15.251556,5.376464,30.553709,7.070953,9.340124
14.388270,10.272751,3.917877,21.754215,6.093596,24.907101
6.942919,5.235959,3.077543,6.100693,3.241867,10.948429
6.353751,4.684998,2.178718,10.583340,2.148956,3.754150
12.335955,5.306499,4.157153,12.462685,2.872078,9.353540
23.048634,15.467203,9.149041,30.358837,6.312127,15.635226
15.814466,11.230837,4.854558,16.652342,4.028311,3.019920
4.778286,3.649891,2.114922,18.253759,4.812107,1.074882
4.790656,3.734919,1.901925,6.450037,2.168267,0.953896
15.263568,10.735215,4.440048,12.589131,2.651429,8.480279
37.227058,25.102613,12.194237,30.303335,8.621161,74.464684
55.516247,32.082848,33.400852,140.738754,37.201130,225.673889
11.489681,8.190063,4.372653,11.413419,2.600353,2.964345
9.838547,7.057868,9.059443,50.007301,11.940207,25.802835
6.501191,4.856190,2.933629,8.800839,3.056505,5.438126
8.876348,6.591638,2.599921,11.870527,2.548715,13.928751
14.196637,9.892808,5.638007,19.011524,3.625159,15.131818
9.064998,6.319677,3.318287,13.015965,3.192703,10.221993
42.952450,25.706821,41.177086,125.867188,29.882936,63.973888
16.068024,11.445187,7.215882,29.728609,8.294306,23.036617
40.300430,25.691483,10.523454,54.247135,12.754315,16.789295
19.755102,13.074473,18.189714,51.480789,9.751094,4.913273
6.149329,4.539479,2.870373,11.132084,3.479243,13.621133
40.741478,26.967417,12.314399,43.149406,8.753133,12.131444
18.149145,12.658063,7.150557,25.122183,4.997776,6.478413
7.822725,6.157277,2.520726,15.854003,2.807605,0.398958
19.359287,13.590804,4.208291,21.798489,5.821216,6.093490
12.206634,8.658093,2.930372,21.873711,5.825311,9.209956
14.567488,10.100734,4.472241,20.450172,4.766428,9.797565
15.599319,11.356951,5.980418,26.667816,6.912594,10.669253
7.332922,5.009337,2.203721,11.618311,2.783309,1.494034
15.407807,10.974601,6.392512,19.043423,5.203843,16.877825
33.411430,22.158556,7.831588,35.381454,8.618929,13.020930
17.371840,12.421228,4.128773,19.899357,5.868387,7.174397
29.267536,19.900692,18.505121,52.489922,13.240684,18.815289
18.455061,13.022986,12.247512,33.349529,8.701850,13.332945
17.356508,12.062098,6.896442,49.564632,11.419776,41.964596
23.969559,16.761839,7.947957,30.010565,8.089531,25.289564
26.556448,11.805601,25.851830,83.646652,20.793152,48.359440
22.357330,10.730919,15.949147,70.580406,16.931437,20.431244
30.317242,19.946497,8.556982,33.370457,7.436921,5.241336
9.417507,7.005936,4.453474,15.683600,3.862736,7.593574
5.362747,3.761131,1.915791,21.109535,4.591560,16.414396
25.984667,17.545925,24.303432,117.916290,26.792288,55.709175
6.210946,4.498262,2.005185,11.277071,3.101268,5.510188
58.633400,37.672657,27.660048,127.312737,32.282642,62.460373
14.600553,10.275776,4.389144,15.877800,4.379602,4.370252
46.488365,27.461248,21.960590,19.274012,17.655907,1330.108521
12.791327,8.976921,7.518465,44.056046,12.970974,30.158390
14.125404,9.500153,8.136982,34.304924,8.168002,8.557567
7.846317,5.851079,2.706684,7.227961,2.202966,7.507730
20.222765,14.362996,7.652379,25.540710,5.689102,19.208826
49.414307,23.811941,13.784934,40.417427,11.348323,16.307575
38.021763,20.039837,12.775052,41.568886,11.225646,12.972546
11.303958,7.960520,3.425961,9.534132,2.109292,6.996065
21.945694,13.146330,6.924663,34.676151,9.402565,10.359324
32.320877,21.421223,7.856882,32.765553,5.639272,31.377588
7.711480,5.879897,11.542293,28.644075,6.385087,10.519522
11.228849,7.803924,3.661559,27.552244,6.556631,2.492552
20.607136,14.233077,5.431880,22.079081,5.596019,14.315487
51.555210,28.904821,58.528957,185.322983,43.519119,93.542549
24.492022,15.867501,11.973460,48.388412,9.613302,13.022868
36.920391,24.522314,13.919692,64.678741,17.526926,45.913860
43.111813,29.477030,15.075975,41.224926,9.041430,12.025752
67.622902,41.097954,24.197868,50.087929,12.735122,22.608463
10.502254,5.707759,4.139322,19.702307,4.452661,10.493637
59.180790,32.334278,25.995098,88.076752,21.313934,27.187864
12.638395,9.031598,3.696307,42.705219,11.820592,37.787746
11.794717,8.405386,2.708058,17.799580,4.152513,4.254629
13.472192,7.396914,6.749164,22.966951,4.328531,9.836014
34.258820,20.818018,49.609516,188.904785,42.796009,112.313049
30.733755,21.033705,8.427539,44.216213,11.382952,43.822861
24.087566,16.520861,6.875607,25.651672,5.897357,14.746203
10.820853,8.039039,3.918116,10.815867,3.450572,13.711309
39.198997,25.553419,10.805567,31.652748,6.279176,19.769285
16.026484,11.104152,5.093546,12.320469,3.150625,4.449728
21.813345,15.849214,11.339525,57.361156,12.941482,20.302895
47.572239,29.610195,20.154156,75.900108,17.515154,29.047619
29.878559,14.340229,13.827912,91.313553,23.382772,53.056919
10.024185,6.702485,2.747397,32.743275,7.666062,20.905069
7.907557,5.831963,3.229090,16.376869,3.770874,5.131123
41.857819,19.743288,14.516912,44.403061,10.638746,19.149204
16.617779,11.763037,5.397182,12.472434,3.957905,5.126380
13.491098,9.830613,12.336218,50.967381,12.706675,16.117262
16.807024,11.698118,5.339865,18.989210,4.893325,8.523863
5.366856,3.914370,1.759167,7.610791,2.075196,0.724644
20.341959,13.730681,6.570962,31.646603,7.748371,14.399023
28.744047,18.464521,19.671665,73.577240,17.192873,51.648048
56.470852,34.319996,25.746986,105.913017,26.320395,91.070366
13.347098,9.595652,3.247441,21.042303,4.071774,4.839142
4.583518,3.342394,1.826786,7.398539,2.125977,0.616062
5.917019,4.226744,5.465740,22.187872,5.648309,13.017985
24.124603,16.176468,8.031351,23.966722,6.042814,10.852203
26.503168,18.246098,6.404565,23.055965,5.364615,17.322987
21.019463,14.750912,6.257999,18.160904,5.291461,22.270742
24.478941,16.485332,7.170888,30.370483,7.088254,5.566432
10.384316,7.408812,3.155262,12.185701,2.688368,1.712300
20.037970,13.605557,4.088240,25.589386,6.127020,4.145174
8.108990,5.879008,2.726607,14.296652,3.331218,17.558443
24.667858,16.502573,10.936397,32.519939,7.325734,21.803717
20.289351,14.542190,7.180732,52.510612,12.944230,7.471744
12.731895,9.030236,3.947945,17.759819,4.486915,6.732547
7.701156,5.505990,2.456955,15.102573,3.111913,1.571578
9.248131,6.498110,3.615928,12.931688,3.341620,1.939640
27.913057,19.626900,9.998698,41.101803,10.207105,16.629295
11.396442,8.004128,3.742260,10.803596,3.057051,9.650785
23.139952,15.238912,11.341324,42.223240,9.350200,8.326764
10.877177,7.564283,8.548960,34.290054,7.164248,20.382143
18.679916,12.562330,4.405389,18.747154,3.719237,12.262451
15.066436,9.314952,6.018151,12.160976,3.446448,8.831173
15.438670,9.618070,5.102247,14.264135,3.496262,7.793185
31.841818,21.346233,10.941335,40.084663,8.445045,21.764460
22.588564,15.707554,12.119117,45.643688,11.008810,35.394058
27.450600,12.384803,13.752186,59.376682,16.872227,27.525282
9.947929,7.151375,3.359167,7.485354,3.162254,7.878479
11.346219,8.294729,3.442965,16.017973,3.994329,4.105978
9.257716,6.550858,4.615005,11.601789,3.081714,4.908756
23.539919,16.045826,9.701460,37.180252,8.539591,5.821478
31.439980,21.260258,6.877142,26.770960,6.400133,22.583586
44.740009,28.617226,18.710701,68.467667,14.937786,35.016403
13.206720,9.365040,5.062383,24.827753,7.222364,31.487915
22.467045,15.089151,9.857565,20.181929,5.327007,14.694292
47.937061,27.800911,14.959849,49.160835,11.452361,16.918173
7.864467,5.525559,2.106375,12.319373,1.998281,2.860162
5.758930,4.021171,2.009864,8.125159,2.827593,14.615731
47.001957,30.184183,28.535324,101.440910,24.145779,109.651772
16.135731,11.199100,6.133989,12.676142,3.751307,6.549860
11.818873,8.608874,4.449260,10.987229,3.059964,4.469761
20.059963,14.365392,7.000503,24.039577,7.383298,16.532568
20.190651,13.175432,15.478404,46.672859,11.686717,24.941626
42.037472,24.147490,42.724728,150.853394,35.427307,210.575470
16.958149,11.894861,8.002471,28.093620,6.803681,12.398901
7.106113,5.184992,2.311362,15.278299,3.728381,2.792605
12.013148,8.715774,7.965095,34.332890,8.489499,4.196718
17.756346,12.657761,4.491620,19.306437,3.864495,13.485593
24.485023,17.014139,9.459392,38.514984,9.141892,10.000347
38.883556,25.665281,23.448460,66.768707,15.012457,24.603645
8.536407,6.055680,2.783107,11.887954,2.506236,2.388551
56.456913,35.886288,55.593212,249.035629,62.209446,232.896866
8.982007,6.704959,3.368314,7.699830,2.118179,12.806482
27.093353,17.650751,10.954953,48.516850,13.039881,11.926224
29.419003,20.079411,10.374433,34.962318,7.616784,7.230947
19.503235,13.594184,6.865010,37.122643,10.301948,18.882328
8.032938,5.698692,4.735587,37.314285,8.967209,7.488256
7.613100,5.389255,3.323496,7.846904,1.588278,2.165453
29.202532,20.021015,11.808456,55.365971,12.012478,11.533784
31.878635,20.244507,26.142788,88.830925,19.426792,111.755730
25.853577,10.061335,7.324614,42.316662,10.855968,23.618420
64.538109,39.633354,81.451393,357.036285,85.200150,341.588196
20.901154,14.427510,15.324622,72.748894,15.967425,27.926502
30.829563,20.614372,11.505161,38.167892,9.475937,7.661545
24.373968,16.497192,6.520589,26.219084,5.200888,9.629882
11.480157,8.407373,4.952831,11.694531,3.320464,9.886914
7.832201,5.711580,3.539165,12.638191,3.718831,5.356218
6.504353,4.669370,5.605257,17.488342,4.350344,16.998795
15.184930,9.941694,21.159483,80.999908,20.651787,35.988914
16.874813,11.952539,14.066125,58.548763,15.748014,58.640869
18.239716,12.855405,6.301913,21.458988,4.144966,9.542593
13.339488,9.741828,4.162188,18.221867,4.918535,7.408421
7.232190,5.504544,2.683003,8.605785,2.584594,3.805854
12.418056,9.259021,5.954719,16.169067,4.367394,15.032288
25.463667,17.165148,6.875003,27.515112,6.120509,15.619128
16.050547,10.864763,11.427657,56.468269,15.649032,94.244850
6.422209,4.905385,7.625422,23.096481,7.044133,9.926109
11.708950,8.068719,4.126811,12.040843,2.702539,4.646648
40.815479,18.882738,30.180176,74.480339,21.107567,28.119135
34.787716,15.267015,27.088123,83.867500,21.117487,21.694256
29.347269,15.887866,12.042542,30.876011,7.718490,22.496521
23.608593,13.501262,10.611005,36.222500,8.227675,17.815348
29.573513,19.425783,22.665140,85.293442,23.931450,66.795403
4.387674,3.014358,2.100357,9.087376,2.461623,3.424835
11.309780,8.047507,3.880689,9.620605,2.344459,3.322912
16.800797,12.377159,6.635149,28.577229,7.378560,22.398464
12.319104,8.399843,5.504430,33.751507,7.705048,15.405639
10.982588,7.974436,3.043289,17.602240,3.548955,8.669071
20.616047,14.283628,10.183519,37.413364,8.986800,9.702845
5.915852,4.289749,2.292092,8.432221,2.190649,7.090516
14.612272,9.970741,4.165947,12.407055,3.533216,7.362447
8.468315,6.087593,3.094277,14.925764,2.539882,8.877833
15.271477,11.088212,5.089731,12.362771,3.561341,1.884249
19.678509,13.594846,8.459652,35.034695,9.393408,8.211543
14.641994,10.030388,2.993746,24.795427,5.659373,14.363865
19.048342,13.397966,4.759291,33.503002,8.043908,2.705311
9.842333,6.879818,5.235182,15.012506,2.288317,3.120306
6.147245,4.393095,2.032640,5.505077,1.824614,8.236039
7.853160,5.767441,2.977545,6.806890,2.498249,1.344830
25.882799,18.430029,7.593503,22.131893,6.426732,22.099974
33.283302,21.159986,10.956066,46.446095,10.262255,24.705969
10.169449,7.329904,5.155375,11.393634,3.891941,8.841694
7.177989,5.229459,2.722475,12.375447,2.678077,2.526610
9.914728,6.954175,4.028656,10.793091,4.148135,14.085174
8.533198,6.015363,2.934030,15.677061,3.081077,3.716935
48.077747,24.417532,65.987869,204.026611,46.931355,162.636749
10.630802,7.869308,3.665725,24.853188,6.442114,35.255852
10.481797,7.286197,6.240109,32.656452,6.518798,5.454159
14.035327,10.403680,13.704234,38.431202,9.899053,48.325081
31.692553,22.609467,11.923404,49.930935,12.150322,19.270903
9.999647,6.855346,4.303595,17.171833,4.322856,9.352880
31.463541,20.993715,17.746893,64.209503,13.993807,76.860718
26.750252,18.418560,8.134586,34.624405,8.711516,9.668181
15.637384,10.843015,5.908818,15.628079,2.794486,5.668509
56.460903,33.437683,39.444286,125.993263,27.360649,31.882185
7.140886,5.390703,4.811024,17.857229,4.804762,12.807432
33.280575,23.012224,10.655864,21.828405,35.760403,2624.093750
43.686886,27.591061,11.871174,31.598755,7.973733,10.914602
6.404046,4.496709,2.434852,7.467910,1.591725,12.956696
46.420002,28.393471,17.405296,81.571869,17.910275,24.870138
11.012507,7.588659,3.442415,15.996315,4.302677,8.307309
10.691118,7.941656,3.260747,12.634409,3.585400,7.387090
18.671713,13.074247,12.315591,31.893492,7.434710,13.038138
5.514117,3.784303,5.085969,12.234888,3.447266,14.337649
38.877991,24.644581,11.780166,76.439316,17.164906,17.485350
11.451384,8.260500,3.436476,11.157449,2.977739,0.552817
7.272047,5.449481,5.073727,5.985491,3.875630,181.189545
11.355586,8.022977,5.112430,12.637211,2.979831,6.934955
17.503300,12.129271,9.223907,14.832835,4.998199,13.977075
5.743191,4.122045,1.885914,11.137049,2.950092,2.844952
6.577784,4.564806,2.004109,15.944397,1.959961,2.191597
23.188934,16.457764,7.136130,23.950800,6.277462,15.211442
6.833565,4.798204,3.080380,18.379055,5.518952,7.074428
11.032731,7.910776,3.606081,11.241933,4.333214,2.311806
18.175362,12.193257,5.872220,35.365585,8.086670,49.974297
17.924160,12.349205,5.778193,17.399378,4.199213,15.311352
12.852847,8.801424,10.723772,42.622940,12.919795,13.861109
18.713123,13.429909,10.368876,15.867681,2.944371,8.587996
19.819443,13.768252,46.611702,128.988770,30.758675,124.496933
8.991564,6.558612,3.129875,13.599505,3.030316,6.472934
42.970837,29.297958,26.373940,91.853279,25.294329,151.724106
8.480842,5.999919,3.324913,14.077519,3.984953,3.819550
24.715126,17.293413,25.904133,78.085213,18.297176,45.641460
36.996681,23.189800,17.602770,55.678185,13.922034,36.922939
21.481455,14.638386,6.016908,21.998192,4.872504,4.277227
10.919410,7.637742,8.521861,30.910028,7.263497,33.413857
10.681877,7.905028,8.874324,8.199130,11.495067,772.455261
21.949953,14.678057,5.509212,27.743286,6.150222,21.274170
36.313747,23.257586,13.661482,31.664808,7.722739,43.978291
36.607052,24.952593,15.978081,31.288900,6.313523,11.643489
28.211145,19.565367,10.518110,27.734474,6.000598,15.017410
5.938046,4.464217,2.604793,11.438070,2.806996,2.391572
14.847143,10.791826,4.758417,11.920460,2.284686,3.838722
19.844919,13.711548,5.199187,20.124823,6.984723,7.659833
7.473752,5.317166,2.982702,11.243144,3.203638,4.605166
8.696680,5.868781,4.104667,14.204021,3.294827,7.382295
5.208500,3.913829,1.436174,14.916856,3.482431,4.378897
12.131720,8.591273,3.473925,10.158039,2.328107,3.187336
23.967047,15.960965,16.891764,46.655865,12.214627,63.732014
5.952495,4.463862,2.428457,11.838952,3.643372,1.852827
15.956910,9.818272,7.260553,27.848827,6.260538,9.700793
29.146719,19.641546,44.226223,120.736092,28.826748,59.015289
34.467197,23.424202,12.183771,40.639431,9.011634,17.329615
4.874877,3.519885,1.621961,6.972629,2.064595,4.458478
4.234019,3.444704,2.030691,7.243385,2.575786,2.756251
47.478699,27.944309,20.132242,57.147900,14.306260,68.936661
47.996754,27.745110,95.845291,305.583649,72.004356,279.324890
25.764433,18.245560,7.204655,32.738232,6.967327,14.013867
8.096991,5.998335,3.003071,16.428518,3.710886,4.784696
20.639578,14.424628,8.643790,44.227261,11.575068,10.678677
20.067783,13.689126,6.127554,27.394075,6.649767,25.805319
18.654877,12.977412,8.123109,13.932175,2.683668,24.730509
10.068453,6.806728,4.826769,14.605879,3.083694,9.773333
9.623750,7.134629,4.060330,10.557647,3.051274,4.864099
7.349799,5.381691,2.254240,7.431024,2.160733,4.486882
7.349470,5.390975,2.876333,14.945673,2.819284,5.249766
33.659714,21.444881,28.557102,95.043640,21.986462,34.323715
12.469015,8.878773,11.193479,22.324329,5.106958,11.259261
33.136902,20.864685,12.754092,38.866432,8.720318,11.574856
20.194599,14.151285,7.172594,34.742374,7.975143,7.844103
60.224323,31.950665,59.987419,185.866913,42.731682,138.951874
22.374708,15.284666,6.863438,24.488722,6.021883,13.268927
36.515652,23.711660,11.384947,49.429295,10.772705,6.461694
10.715917,7.875896,7.610348,30.201097,6.873692,23.578085
36.774506,25.019581,11.901412,44.078201,12.101640,14.425282
29.798784,20.468607,9.074490,30.686998,6.450281,9.544380
33.943714,21.947187,15.816528,45.584179,12.188153,24.546030
8.090202,6.200222,2.758912,11.702505,3.356545,5.450111
16.887945,11.934171,6.676977,27.915718,6.878767,20.222929
26.832308,18.069071,14.187992,57.501205,14.949398,17.046238
22.495838,15.166853,32.911427,72.389732,18.928473,33.507191
9.071473,6.605656,3.277025,13.581888,3.550596,12.096111
52.227650,29.079760,24.476919,82.507095,17.521700,25.155107
28.482325,13.082072,7.369637,45.185745,10.870674,22.035536
10.943176,7.710271,2.922745,21.229134,4.806124,7.015932
44.968758,27.839312,11.488851,53.711315,12.024290,25.521196
33.758091,21.746384,26.309479,96.559883,22.468100,21.968452
8.858746,6.404836,2.627935,12.279110,3.939706,3.379556
30.565025,15.348437,11.524171,51.938625,13.126378,19.486422
34.350777,20.147272,22.804722,84.535225,18.021839,30.140228
8.195144,5.902219,2.108842,13.578008,3.531290,22.871645
12.990909,8.901155,6.248326,23.877102,4.925938,13.139138
13.206098,9.501857,5.297019,11.064095,2.609351,0.412571
20.505440,14.345524,5.980708,23.253963,4.868350,8.705296
23.865246,16.505625,5.486538,21.853630,5.674909,24.584614
16.807495,11.622483,4.856113,21.422680,4.763565,15.065199
22.499935,15.692607,11.125774,31.283918,7.511932,37.593384
86.683189,47.584217,47.377380,177.965195,42.116196,43.019962
41.771820,25.895662,71.354782,276.318878,70.024796,191.562164
16.296585,11.481865,5.790790,11.822901,1.975869,6.121713
5.238462,3.448610,3.054806,6.803559,2.001726,2.436015
9.303216,6.825020,3.935593,7.621462,2.328903,5.549983
39.356491,17.708506,16.393736,41.226604,11.068396,26.274744
37.408108,18.136576,21.286528,80.520210,18.513071,19.343096
23.170141,16.267975,6.814756,14.688381,2.926035,1.388850
13.742108,9.460395,7.358865,36.062897,9.355247,33.140633
22.117615,15.613295,11.750452,40.069195,11.847280,39.432156
23.022320,15.940102,6.571620,26.576941,6.312394,21.197346
12.791121,9.354432,4.154876,16.591375,4.089869,4.541176
39.190964,25.172939,12.548334,45.453117,10.232601,39.898022
31.731684,21.596315,8.886152,27.024643,5.697330,18.301170
16.456041,11.726867,5.208421,23.672756,4.962662,16.834070
15.335391,10.733508,6.537433,15.802477,5.253259,6.549080
43.911167,26.352932,30.272449,76.762276,19.995878,37.044476
13.644218,9.642743,4.495883,9.570951,3.542213,14.538811
14.466766,10.363295,4.441074,24.103437,4.747739,6.242091
5.161420,3.751285,2.090183,12.260108,2.631927,3.480298
8.426232,5.973316,3.086753,10.402232,2.123986,2.069103
57.095287,29.979023,33.666943,111.766579,27.691433,135.207016
47.528454,29.132446,44.119587,135.746063,29.574549,84.982925
4.628207,3.489589,6.841179,23.886621,6.375001,24.699036
10.912371,7.929601,5.464112,25.879738,5.803123,6.003433
33.375729,22.793505,10.451928,39.481628,10.878225,14.785607
6.992507,5.101874,6.215086,26.568132,5.740805,20.583567
51.358749,30.098061,32.377769,108.077644,25.425470,120.407471
20.684130,14.213267,6.408184,14.320994,3.623363,5.526046
22.422794,15.166224,8.845261,27.939686,5.873832,30.751583
11.671910,8.482350,3.238017,8.845772,2.062118,2.670949
9.323422,6.752616,5.681895,19.365873,4.227321,7.312018
30.144066,20.492088,16.470112,62.912716,18.205906,101.978279
15.417768,11.231204,8.956125,35.980911,7.440441,5.377183
13.280230,9.490686,3.065743,10.851264,3.207299,22.472189
12.368720,9.075768,4.533900,12.488358,3.423272,12.286410
11.766225,8.605882,4.791458,13.842659,3.754370,0.914467
7.253168,4.922484,2.517304,8.141467,1.992404,5.460439
28.134562,18.726288,10.122830,29.298832,6.621695,30.618097
9.862832,7.339389,3.220661,14.508569,3.407516,14.937350
7.059024,4.948300,2.364652,10.665219,1.848332,0.759840
33.293606,22.946234,8.494756,38.035637,9.073648,8.377440
23.397461,16.639233,12.723647,41.506470,10.038201,68.297073
34.798870,23.044123,13.652588,43.732311,10.147971,11.042068
12.806252,8.904762,4.369611,18.508526,4.514691,4.356706
21.209259,13.776783,9.765741,50.779808,11.999357,80.462723
7.727246,5.764296,2.745497,15.369877,3.707212,3.560087
5.807812,4.010099,2.067930,11.181237,2.859916,3.698096
6.631998,4.874558,7.150555,25.687143,6.980030,12.886405
27.831274,18.779016,8.577981,18.977837,5.166313,13.619140
15.848083,11.100537,2.791006,21.359213,4.625076,19.118841
6.546876,5.017456,3.210804,14.585892,2.659799,4.290925
33.278934,20.840946,38.115929,109.841904,27.500605,26.331663
13.312976,9.687823,4.123138,11.006982,2.537244,5.644345
13.006247,8.832914,9.956735,54.349281,15.251587,37.047215
48.768482,31.646524,25.583008,99.311279,23.933670,37.826790
19.317533,13.325142,11.984097,41.257698,9.429111,16.495426
26.834673,18.545647,8.947314,35.557411,8.215279,15.761897
22.572859,15.311933,16.742308,63.706806,17.057383,68.657089
13.631970,9.240295,13.002120,61.710083,15.356606,12.242464
5.478756,4.293030,2.760767,14.345094,1.765695,1.241702
48.822994,22.212315,21.859558,91.162659,22.979141,61.407936
10.069071,7.441503,3.792680,14.996364,3.254745,3.444718
6.740476,4.824273,4.071673,12.893348,2.579806,14.107465
52.398499,28.102787,62.003578,222.089417,53.898827,40.812298
47.425774,28.707273,25.880476,114.184616,25.287371,26.484358
18.617126,12.617410,5.531101,18.630947,4.679927,16.742617
22.028463,15.196475,5.743878,23.498613,5.466660,9.554827
19.250322,13.492101,6.859516,5.236774,7.878490,636.694702
9.451168,6.784754,7.134304,23.286512,5.943717,29.259607
5.379862,3.838243,2.849030,12.305439,2.432736,5.731058
17.210129,12.186638,5.519417,18.534790,3.846594,23.155962
9.782029,6.990393,3.191968,9.922848,2.919623,9.872436
24.786074,17.077957,7.720759,25.726355,6.245404,7.982567
8.292243,5.927600,2.981789,10.250676,2.955138,3.031232
11.454756,7.892804,4.920273,14.429400,3.482702,4.884787
60.536522,36.556728,77.178368,270.634216,62.757156,271.298004
17.365015,11.846725,4.248385,21.522181,4.872547,15.306744
9.565815,7.266678,3.264175,12.633634,2.998364,8.308142
14.794574,10.592860,4.401672,12.383309,2.794553,8.233102
10.326984,7.051587,4.971587,14.097704,4.943241,1.154825
37.608658,25.695019,9.468480,39.416176,6.764702,6.463422
40.965767,26.078857,39.711269,168.054535,40.930653,122.053703
23.174053,16.471676,15.762990,39.197475,10.094702,27.620445
30.225525,19.792925,16.793705,49.606171,13.782091,45.114120
22.757452,15.560189,8.935046,29.995989,8.052681,20.545649
18.038492,12.527151,7.000113,24.262594,4.947820,27.555424
11.186740,8.235420,3.088123,13.389837,2.035704,1.918505
39.214256,25.380995,18.358034,74.189972,17.273485,101.514702
4.190302,3.274191,5.652246,21.315119,5.816663,19.367849
23.317949,16.230188,7.317557,32.656261,8.017950,7.488877
11.641103,7.800043,5.396271,11.652996,3.767546,5.924070
42.089546,27.313730,13.930102,37.318871,9.264413,21.284447
5.068651,3.603451,2.736335,14.075138,4.369207,8.612296
17.506254,12.160641,10.417070,53.061424,12.924135,19.619366
21.255222,14.510543,17.185905,52.722889,13.354856,18.557072
31.789080,21.221781,11.473953,36.171947,7.534010,41.720825
8.113572,5.827829,6.179185,29.899775,8.498330,12.182276
4.430662,3.024312,1.869246,11.187808,2.418608,1.440255
13.809716,9.497314,7.599275,35.701397,10.376556,3.517085
15.205565,10.864132,9.424444,31.077085,6.876983,14.494173
15.236219,10.998608,6.785961,28.771852,6.562647,12.437222
13.175041,9.307382,6.577756,19.939646,5.386035,10.712447
9.432324,6.406374,3.117944,10.144986,1.537725,3.135134
12.635633,9.219571,7.644429,26.068628,6.285398,14.621222
15.330696,10.832217,4.256663,17.734680,4.866925,6.787479
14.585001,10.039948,7.114439,38.758514,7.394782,6.501262
7.771876,5.488749,2.878577,11.702740,3.067239,2.529626
32.691380,22.363508,21.192595,94.522682,22.955845,41.534958
15.354617,10.689732,6.217200,15.112916,3.832150,11.164049
49.987137,19.581553,13.463398,61.671177,15.217735,19.383860
14.843141,10.222874,8.938706,42.549477,11.271544,24.474163
5.561840,4.216643,2.393309,8.907140,2.175721,11.873522
7.518938,5.659281,2.658115,10.989950,1.884868,8.353047
47.359406,30.432981,21.737988,58.672508,13.982542,44.062038
37.732716,21.637749,27.839214,79.621658,18.997879,29.346275
5.624798,4.044317,2.632805,8.795207,2.161245,18.168167
5.837363,4.191985,2.354886,11.567023,2.013863,3.219118
5.717440,4.089330,2.996934,10.890871,4.234189,4.673120
15.742525,10.945193,5.590924,21.912035,5.744848,5.070850
28.459620,20.140139,10.028798,33.569134,6.765022,8.422379
63.843197,38.036823,27.866796,80.022087,16.800421,41.209705
27.961575,19.522938,11.722715,30.070269,6.753830,18.223917
7.213407,5.435569,3.637048,9.213160,2.908922,4.311136
8.757511,6.333100,2.733302,12.348265,2.358804,4.693175
9.581675,6.836732,3.544931,13.314616,2.540210,2.752439
10.729989,7.307933,3.890891,9.500652,3.215747,15.639542
16.145473,10.743268,15.237197,63.086018,13.131947,5.695779
9.240939,6.835730,3.733684,16.650850,4.976981,2.399780
9.081016,6.417953,3.598138,10.262643,2.887556,1.794057
8.353608,6.047138,4.142997,9.862180,3.174079,1.965672
14.582496,10.555879,4.500401,14.716624,3.447330,7.023579
45.942894,28.726469,12.864432,53.126694,11.231262,14.062003
4.680058,3.083334,2.151618,6.973738,1.155726,2.889000
6.890469,5.208022,3.020628,7.049107,2.684233,2.899519
15.318192,10.488276,6.676864,27.000811,5.915022,11.693207
6.761752,4.886345,3.025759,8.829324,1.487988,4.492176
7.879048,5.684247,11.212771,44.537796,9.935798,7.288649
14.515286,10.053134,4.851045,15.946238,3.714729,5.122092
14.456328,10.188498,5.378154,12.470378,3.155713,5.768508
15.692083,10.913978,4.491013,16.669886,5.008190,6.252994
36.576576,24.172470,15.672361,54.804020,12.841888,13.708626
25.518650,17.579338,9.063925,32.081387,6.181291,9.269550
24.457872,11.039467,6.651210,11.944595,4.421885,6.937619
37.003487,22.973541,10.922408,38.328167,9.935495,5.174565
14.937358,10.253369,5.092604,28.099096,6.079626,5.240721
41.101696,26.341972,16.809015,79.750404,17.239080,74.284279
21.741272,14.618105,6.131902,31.325296,9.303676,4.249109
7.025737,5.244415,3.639433,12.194656,3.143015,2.991622
7.907732,5.763580,6.024659,17.010817,4.686491,3.219081
31.191532,20.638527,11.436370,53.922390,13.010500,55.890022
10.415046,7.390754,3.548037,11.129739,2.911702,7.914089
15.750363,11.210420,4.894927,13.416200,3.248796,9.052362
7.047306,5.009434,4.384839,17.175034,4.853729,20.827229
17.193449,12.368950,9.066488,28.200829,6.996204,15.009017
30.995964,21.036503,11.596287,31.356760,7.027377,9.296118
27.182568,18.108686,9.155486,32.146790,8.811921,29.970240
24.644339,13.905192,8.518676,22.676350,6.527852,7.543803
15.398844,5.727658,5.568943,22.600716,5.040126,3.402864
21.193758,14.795485,5.395589,18.714054,3.642027,10.284146
22.576853,15.687050,9.644146,30.170948,6.920447,24.665827
4.006878,3.072203,2.229743,7.650560,2.234778,0.468034
19.271046,12.627106,12.956646,53.168663,13.765465,48.412830
11.976240,8.219831,3.815099,12.331015,2.304595,9.008234
12.065576,8.487969,3.978083,18.041708,2.660467,9.307600
8.241896,5.913939,3.730596,13.574586,2.320915,6.481775
51.719250,32.802254,19.205681,104.328636,25.197411,13.007138
5.289289,3.735255,2.585280,7.789323,1.251102,7.477253
12.133178,8.996222,3.093198,9.038617,2.344842,3.813548
45.872166,27.809622,27.597900,34.745037,31.849667,2386.148438
17.206154,12.193892,5.971442,19.730137,5.882887,18.766069
6.295300,4.227925,3.800695,9.292851,2.209243,3.329808
30.086960,20.048199,25.246429,61.710136,15.140556,31.174541
9.044415,6.311458,3.791394,13.927295,3.535286,9.101768
5.659767,4.194110,3.073235,23.384748,5.710670,7.278417
10.061857,7.198633,4.887679,29.967041,8.084427,6.333969
16.072338,11.455105,3.461584,11.024257,3.835619,3.922117
6.241326,4.727081,4.076204,22.740505,6.243650,11.270966
42.237152,27.702967,74.877876,244.755280,57.472687,152.526245
14.807940,10.670110,4.344070,10.208848,3.778918,2.897876
24.835308,17.212360,9.923194,25.332567,5.713146,29.830978
26.584011,17.850290,11.693880,7.281339,1.167766,26.664591
10.733654,7.303195,3.910337,20.787004,5.003642,17.986988
12.746552,8.294863,4.526840,14.837249,3.962552,4.165176
17.984152,12.049583,14.604143,54.704922,15.926734,85.026871
17.004610,11.911862,6.295156,18.146667,7.052732,14.622791
31.054926,20.051828,20.213890,65.617058,15.175930,43.554508
33.239784,20.216606,57.128590,198.465698,41.958424,53.484890
23.199484,16.044878,9.585091,12.070766,2.684958,4.037957
37.810787,25.892212,19.175381,91.445587,19.484970,32.254608
14.920442,10.542555,5.452394,22.077766,5.785356,3.071354
36.577652,25.912424,22.106562,114.632622,28.775749,37.056725
11.887608,8.761993,4.577155,17.592470,4.424434,3.599044
7.722730,5.389719,3.715429,9.502419,2.229790,4.558339
37.622601,23.578470,41.518593,124.435188,30.843565,61.787006
5.979023,4.205830,1.724299,24.763056,6.628355,17.394438
16.255348,11.133335,16.144981,60.924007,15.847698,26.274807
8.921404,6.454697,3.350774,12.354731,3.303114,5.918333
21.721334,15.071948,5.065729,31.787504,7.265371,5.796638
19.785774,13.880155,5.346366,21.524948,4.631198,4.276214
37.757271,22.454132,31.762060,74.442513,18.388079,110.761566
15.914714,11.027987,6.848871,16.595606,4.476853,6.148673
28.245275,19.068012,8.318787,28.780403,7.387445,6.527257
13.899175,10.065245,6.481704,15.077793,5.639000,5.400591
7.209819,5.628543,2.380847,9.152166,2.187165,1.688676
7.825239,5.787248,2.826557,10.422993,1.282611,1.880487
10.822299,7.912409,3.257668,12.249736,3.676247,21.308937
10.432820,7.815072,6.845866,30.372255,7.324584,8.970016
7.622773,5.790514,2.607042,10.201942,2.250958,2.810275
26.131672,17.308910,8.287196,45.486149,10.215902,37.181931
10.510188,6.852789,3.165367,18.450977,4.689743,8.731941
19.764019,14.013606,10.657785,39.698723,9.171582,81.634720
41.841625,25.153139,13.217475,49.104321,12.092531,11.827751
57.853390,34.891499,99.053322,282.938324,68.270477,179.184525
53.573177,33.544876,30.729084,121.012711,28.179670,50.528713
30.628502,20.305645,12.201590,29.130266,6.669882,7.186974
7.137102,4.795422,4.781700,29.397470,7.433252,12.407655
14.949173,10.438006,6.764673,15.560691,3.738290,8.549635
29.711681,19.942139,11.549830,48.481003,9.637674,9.839375
15.800757,10.726114,5.227074,20.500477,5.156307,12.410090
41.559807,24.836914,18.782383,48.831703,12.215788,53.523754
47.000828,25.292524,36.887268,129.718491,29.822441,94.582062
23.367929,16.212101,8.578142,23.566105,5.850814,9.613913
16.196762,9.114373,4.559754,18.932402,4.745923,14.249409
30.456451,19.618326,14.151733,61.132374,13.899026,41.175926
10.121007,7.592117,4.365825,14.192333,3.348186,0.572667
41.271687,18.843267,29.374208,111.141739,25.963318,99.108185
31.900206,22.325077,13.528394,55.810738,12.295765,20.419064
13.211347,9.333808,3.684547,9.014259,2.710197,2.116255
4.737312,3.338684,2.024036,10.367577,1.332062,1.808899
30.823524,20.890013,13.215603,35.956173,8.183284,11.111004
37.355865,23.536543,15.288269,62.629967,16.954927,41.424789
46.661560,29.551279,19.843178,77.698875,17.593435,39.909840
10.925945,8.124818,3.921664,10.749681,2.317379,1.455255
15.404650,11.212086,6.783812,3.768611,1.099629,4.037673
24.047140,16.167379,7.081917,29.542131,5.512442,17.272703
7.901664,6.072973,3.873445,13.790749,2.792274,5.004630
9.185294,6.742265,3.309249,10.626979,2.664001,8.772259
18.042728,12.207367,5.421732,16.505888,2.979500,10.924504
13.110007,9.797309,7.447905,27.812931,7.366378,14.087046
8.132614,5.740162,3.252182,9.509869,2.256322,7.804834
34.440727,23.631260,9.117941,32.697872,8.726256,27.083769
4.927033,4.138146,1.855401,7.145667,1.951294,1.245512
9.107329,6.290827,2.577484,10.238556,3.360613,3.570911
31.356201,20.925840,11.939346,57.057579,12.770667,17.264009
11.135788,7.866888,3.157658,12.486647,3.343620,3.634102
11.686604,8.666731,3.675498,10.470185,2.497779,3.604807
17.277309,12.360515,7.809815,21.428982,6.033764,18.041212
24.092396,16.065624,10.670464,33.978542,8.974768,15.221406
8.068884,5.939928,3.025650,12.538300,3.165381,2.484331
37.516418,24.105972,12.814106,33.303493,8.080827,12.611759
5.955802,4.562064,3.089419,7.362827,1.722540,8.806100
18.233536,13.135319,6.793889,22.711859,4.753046,9.130183
8.070707,6.090977,3.489365,12.969061,2.779517,3.925745
34.889679,21.012169,34.251747,74.321556,18.405272,40.433640
18.766821,13.430030,11.703020,42.005695,10.307976,6.671285
15.396643,11.354487,4.680060,10.098814,2.383397,2.231958
8.467939,6.475134,3.344017,17.023382,3.666108,23.544422
8.228399,5.903261,2.620920,8.376093,1.816156,1.717835
21.212955,14.434377,13.065569,29.176872,7.325846,33.113811
54.202400,31.631907,20.119583,25.790377,17.574848,1187.672607
8.100865,5.882946,3.762427,32.250984,8.139067,26.089209
26.367319,17.264685,10.791211,61.269627,15.258678,25.383726
21.935480,15.807204,12.072075,36.006287,9.596757,35.293278
12.938589,8.372508,32.276016,75.884796,20.096691,86.665390
13.802092,9.634373,9.657532,25.196449,6.189005,7.436564
25.592625,17.953909,6.245479,26.839045,7.044127,8.039890
23.470757,16.389425,5.979879,41.724796,9.239241,7.722015
23.253798,15.493532,11.138883,40.659603,9.822364,11.139753
15.370935,11.025445,5.223234,16.578417,5.038480,7.638913
13.079596,9.220708,3.468763,14.552063,3.181545,2.084387
23.062695,16.255259,7.266004,23.415459,3.797644,12.006914
25.915171,17.841280,11.064938,40.265129,7.306678,49.816956
26.617460,18.601780,7.960186,26.762581,6.995437,30.915623
8.632040,6.288802,2.631237,13.777089,3.742606,2.084523
21.632004,14.876000,8.711719,34.485886,10.188753,42.550961
4.404037,3.279130,1.290196,9.605689,2.602305,11.131588
14.296441,10.438622,4.044622,20.882938,4.611993,17.032995
34.490837,22.481682,19.289501,80.707253,20.674334,53.163193
9.921185,7.529890,3.583838,13.619297,2.908585,1.795449
23.161251,14.761113,7.665127,27.396570,4.064384,6.715549
20.984804,14.735122,6.946766,25.406273,5.377398,4.870619
10.254735,7.392242,7.116424,22.027697,4.709959,5.495679
37.448063,23.566242,15.412575,57.915554,13.743093,22.029865
23.280388,15.486314,13.567413,74.583054,17.344723,101.338486
39.296165,24.952297,13.180704,35.157276,9.534480,29.590393
26.023592,17.650921,12.937289,40.133152,8.975341,26.732428
10.510880,7.579806,4.636459,13.673117,5.213994,8.699069
9.799281,7.171840,3.853048,13.949103,3.379173,2.397161
17.522049,11.960529,8.334722,42.812122,9.120302,23.629229
17.074535,11.677515,6.123930,19.126764,4.040347,5.378898
10.176884,7.293046,3.441828,14.029022,4.172860,8.628437
35.978050,23.257462,11.452114,37.461601,8.194357,6.861205
8.728636,6.417622,2.814515,8.988850,2.190672,1.818965
12.218594,8.875793,4.615312,11.341060,3.184579,3.679679
21.604994,15.328820,5.651498,28.915932,6.652943,4.383084
10.320574,7.380501,2.543148,12.996141,3.302238,6.000013
44.503246,28.817236,19.557096,46.314621,10.457317,7.718709
33.622826,22.226456,14.303715,45.894730,10.015319,11.214987
14.360978,10.247217,7.388916,19.677441,4.157282,10.288411
11.060639,8.025620,3.731973,12.216416,3.400656,10.096530
7.824083,5.483491,3.117307,8.773438,2.304605,3.035640
52.684452,33.075958,83.391029,228.647720,54.250870,76.900589
6.302506,4.365273,1.869407,15.932139,4.346165,2.655410
6.012312,4.107604,3.617230,13.722376,2.221577,1.808682
8.309487,5.683400,2.444669,50.693127,14.850486,37.776627
4.430380,3.421777,1.953200,8.406222,1.653013,1.011166
21.505489,14.332343,5.921628,21.806396,6.493321,8.322855
31.772867,20.974415,16.755774,65.047424,14.754109,38.631962
7.627397,5.187242,2.321290,8.229177,1.698365,3.931419
6.262599,4.563416,2.137804,3.866319,0.468875,11.831179
13.205471,9.686009,5.100529,19.907944,3.094969,4.708261
6.959867,4.861405,5.356167,21.570808,7.342776,3.005603
37.054844,25.467592,14.554584,58.925987,13.960640,54.468666
9.971594,7.538819,5.114917,15.332929,3.798418,10.711566
7.783318,5.425178,3.061633,9.243858,2.523462,2.924774
6.095459,4.583011,2.448605,12.086603,2.831352,5.593367
17.504198,12.370268,10.571589,37.434692,12.553346,20.298111
13.262242,9.129645,7.340168,15.523688,2.973347,7.849422
17.893831,12.252227,4.193048,23.683121,5.673926,23.159477
32.081841,14.162450,11.379086,52.680359,12.152765,40.991512
49.356377,31.285126,51.122177,153.970291,35.166607,84.148384
62.759174,39.259674,71.113007,203.344269,46.510540,116.261131
29.983534,19.812719,18.305460,58.773285,13.597520,21.545876
6.710632,5.091827,3.060268,9.783103,2.891149,5.497921
5.692946,3.933140,2.293713,10.334401,2.676006,1.946120
34.481758,21.382437,17.339605,77.263062,18.213917,17.509615
12.156170,8.947938,13.121419,47.960781,11.818416,48.293293
23.572067,15.202188,13.164001,55.536880,14.073202,24.501482
20.326674,13.814581,6.324894,19.234451,4.809194,6.182188
8.992093,6.572417,8.918102,25.814247,5.711349,4.900791
19.317627,13.651050,15.945941,45.708805,11.372513,17.613136
5.847744,4.107408,1.653873,7.109946,1.594743,9.775386
32.042027,19.726395,28.096546,87.490601,23.308603,83.650795
34.322662,21.547216,17.506649,67.261818,15.627451,34.612621
22.836725,15.479528,7.626965,37.390732,10.150957,18.991829
8.526953,6.434828,3.126969,9.276521,2.631966,1.792114
28.139437,19.244949,10.073358,26.787872,6.486766,9.452044
38.151024,25.577047,22.514147,53.585106,12.279153,25.997831
17.153723,11.565694,10.553693,60.502232,15.505321,49.018658
18.518101,12.842301,6.677545,25.159393,5.794470,9.797311
14.669195,9.752427,4.966527,9.005999,2.371413,8.096450
6.342167,3.541595,2.993774,12.186309,3.336492,2.528486
28.028273,17.596773,37.288326,146.842636,36.592880,78.848358
9.130060,6.733309,2.837956,13.827140,2.996241,0.149004
9.851973,6.903686,3.774563,11.562936,2.850568,11.607905
43.488411,26.261383,21.649946,70.100609,17.827463,25.441380
13.024191,9.499004,4.508206,23.086880,6.166916,4.331214
11.814127,8.134672,4.564198,12.571753,2.259190,6.102359
8.882067,6.666520,3.109135,12.488298,2.626020,2.702833
12.173388,8.196273,4.784350,10.480424,3.497960,3.170532
14.359752,9.804101,4.081907,53.159332,14.392850,4.214933
18.324532,12.441982,11.605370,42.651760,9.955109,28.254061
31.373590,20.029491,35.137184,115.610924,24.312323,37.808414
44.362171,28.832790,23.348976,85.440247,19.619043,100.648247
46.642307,28.508059,25.806065,82.266304,18.771149,50.709885
18.497822,13.199069,5.162014,26.677124,4.575437,15.109115
35.745632,24.023685,21.804262,61.695210,16.085527,46.075565
12.378963,8.665863,3.400088,15.642907,3.238327,11.921255
21.312885,14.895246,8.857438,26.246365,5.584180,4.829585
6.942230,5.283536,2.924388,9.887699,1.721072,3.437893
8.910880,6.647532,3.070606,13.500678,2.871696,12.568554
21.341270,15.049734,5.063782,19.540068,4.466405,2.715732
7.479878,5.547759,3.065621,12.034178,2.764000,0.862063
55.155231,29.321091,61.936810,225.795731,55.760601,195.272064
8.329128,6.259275,3.187186,15.497889,2.882180,3.750815
12.755181,9.203647,3.492102,13.835744,2.954597,10.945392
27.747372,19.273144,10.342914,44.493629,8.599895,10.622023
9.357621,6.578553,3.923650,9.442228,2.721982,6.626281
15.994154,11.310135,9.785909,46.418777,10.346249,10.964271
8.900329,6.495297,3.155446,6.111995,1.559080,4.549706
15.034249,9.884336,19.553659,67.303413,17.467899,55.982609
6.541925,4.707562,2.771313,10.967654,3.301464,3.840075
26.573874,17.753342,16.975872,77.458038,18.254551,31.838703
11.641667,8.396868,4.152029,17.461903,3.329452,8.454345
38.397396,25.652412,17.116730,58.574020,14.106185,33.582779
15.448919,11.124193,6.762947,21.266159,5.202907,17.147335
24.756046,15.966529,24.335384,62.211349,13.363195,40.238697
34.912052,22.576517,13.121916,44.664890,13.283977,66.002235
39.678627,26.791977,13.102277,60.615276,15.552608,25.789946
4.546778,3.390567,2.254401,5.024150,1.645943,3.394464
7.659808,5.827204,2.460387,8.891609,2.138604,2.536350
21.682571,15.271492,12.653135,62.462154,14.163315,71.457306
5.367136,3.809197,2.191730,9.877430,1.883795,2.007984
5.765694,4.082806,3.031739,6.890217,1.520051,1.915408
4.260964,3.051597,2.045604,8.994630,2.470048,3.771014
21.580976,14.556133,16.939768,64.179787,16.761185,67.542274
25.151745,16.236204,40.252975,132.623444,33.635277,98.375328
32.498974,22.292244,11.533731,35.383507,9.033380,14.705748
4.223591,3.175300,2.077233,0.827126,0.039385,2.958272
4.365108,3.174322,3.224951,5.121759,1.805871,4.474493
12.493257,9.028234,15.185737,24.344893,5.682287,12.614481
9.931967,7.282842,4.022564,14.573782,4.777227,18.028591
23.558020,16.623896,12.925964,35.228329,6.438509,16.042597
30.241444,21.258110,14.132368,49.233932,12.080135,35.760887
11.514254,8.458995,4.343513,20.300339,6.445684,8.283881
43.060452,25.612392,24.130905,88.414337,21.742807,127.398941
20.099474,13.766491,9.589933,42.441963,10.052926,45.596287
32.243927,22.581844,15.672414,47.479633,13.093909,32.004902
20.357140,14.713026,9.034293,33.987423,9.024679,24.627869
25.575672,16.838539,9.150089,67.951515,15.353724,8.703118
27.995443,19.027216,7.217402,33.954483,7.903383,9.505749
26.554274,17.308369,28.229513,75.597893,16.684135,56.448593
30.570419,21.078701,7.330640,25.909317,6.125340,5.342979
8.352527,6.114786,7.799097,15.811820,3.457406,8.776835
33.203373,23.529150,14.846782,66.429886,13.626239,16.125357
19.467178,13.119864,5.410609,31.255051,7.276484,7.472854
8.763175,6.377699,2.721335,5.857237,2.132288,2.096863
7.753751,5.750643,3.973003,13.765666,4.201035,3.259930
32.219177,22.712307,36.665321,56.125645,13.439320,26.642164
9.272971,6.666509,2.519617,11.723270,4.045811,10.902214
33.145668,22.038002,9.997771,32.543392,9.191824,34.823299
20.338327,14.210391,8.195802,26.901756,6.512076,7.913430
17.615309,12.428937,8.609549,19.101572,5.217909,6.026834
19.555193,13.377218,5.556627,23.344465,5.627937,6.015090
14.497290,9.898610,5.106651,20.846062,5.791191,55.007217
9.536940,6.901136,2.162426,9.477927,1.767558,1.377755
25.251886,16.364943,10.920499,41.138668,10.787853,13.726134
28.642223,19.623417,21.694584,58.424698,13.530517,67.369133
35.128334,23.062351,17.571440,79.962898,17.064585,19.353130
10.943854,7.727235,3.587034,9.537801,2.796645,3.105325
24.514296,15.729566,39.179829,118.521790,30.030252,123.247200
35.794636,23.786196,6.873740,31.807228,7.957298,34.813595
43.976521,29.109251,17.950672,53.497963,12.478420,20.643656
16.891605,11.452679,17.607695,41.071793,10.032353,30.214113
5.089634,3.578754,1.958620,10.121485,1.384221,1.662905
66.233780,44.300980,57.321602,130.408813,28.512045,94.453369
51.950466,30.062431,19.706459,69.017525,14.981564,19.337551
13.108208,9.138762,4.650731,20.531351,4.796452,22.476244
11.866557,8.693158,7.347230,34.110958,8.370466,8.720377
42.618793,27.220657,22.317493,92.768082,21.764122,72.091843
16.881556,11.796513,5.874149,15.490229,4.162653,4.421765
22.861204,15.223094,11.410435,59.691822,15.164178,24.674219
15.270755,10.379971,5.095011,18.649761,3.918698,4.439149
18.564222,13.099401,4.859727,18.140079,5.727343,35.801365
10.357321,7.529821,2.919651,18.640888,4.838109,3.790168
32.496880,21.849834,10.748528,20.871578,7.028159,20.330244
18.050791,12.715485,7.383931,23.589201,6.050469,34.580063
17.022297,12.311934,5.185873,20.495600,4.210652,6.175600
9.020658,6.437182,3.459436,8.182687,2.281101,4.458714
23.965357,15.922259,12.507652,58.346775,13.081699,28.691441
13.304036,9.498810,5.050113,19.210125,4.464859,12.162535
33.607254,22.763163,10.014294,35.947582,7.671755,16.086792
7.193102,5.296971,3.199468,7.237105,1.917820,4.129465
15.838727,11.453699,9.718638,29.595293,7.225912,15.069211
45.894054,30.631182,13.278853,45.106987,10.210265,16.921562
17.733393,12.213489,4.700549,13.139828,2.727257,5.728553
14.606525,9.749152,3.856841,19.257370,4.494869,6.513208
41.567551,28.718620,25.529127,102.274040,26.801825,57.893368
23.820393,16.149752,5.747953,28.582434,8.336616,21.275518
4.533180,3.522311,4.303041,16.281178,4.224470,7.775043
14.017247,9.902302,3.851927,13.760823,2.826688,9.383044
14.387748,10.044814,5.030465,19.727314,5.367140,4.566902
16.639488,12.020436,9.454691,51.461201,12.955017,22.702663
29.074104,19.719851,11.721379,46.913445,11.650399,38.830025
40.871204,17.414518,15.259147,40.851822,10.229971,23.636166
40.569767,17.411886,15.357065,46.051998,10.510678,22.318031
10.417780,7.683173,4.530870,10.138273,1.668966,5.884766
14.553056,9.988621,4.522939,15.226599,4.981880,21.505957
15.100228,10.986112,4.188446,13.056247,3.015091,6.234279
18.620081,13.566864,6.503824,28.894758,6.122643,3.767560
19.403391,13.139263,6.312963,17.587114,4.341427,8.767368
11.901142,8.592090,3.893434,16.034676,4.485172,3.239914
11.894751,8.433861,3.847459,12.209239,3.942633,7.117684
8.007832,5.893042,8.366269,29.071836,5.649799,9.906312
23.944281,16.659500,17.103357,48.805149,10.939885,32.678860
21.355303,15.256686,5.317327,17.489838,4.032218,1.848466
6.828868,5.201535,2.446213,10.951544,2.720033,3.181127
50.464172,22.285284,37.995609,109.519371,26.618643,69.438110
17.232950,11.882655,8.265986,41.621792,11.401149,36.310501
8.175431,5.974080,2.870401,5.321362,2.157618,8.034944
11.846990,5.289922,2.818087,9.304282,2.881344,4.992572
13.549547,8.974701,4.351747,24.185730,5.504570,4.278441
25.924278,17.772875,7.912429,8.603530,3.161227,17.687737
27.449297,18.730919,8.613473,41.089672,9.136974,14.843559
20.660114,14.380898,5.105538,13.127003,2.360362,10.368681
11.482490,8.196425,3.400324,9.031568,2.318687,17.083567
19.976126,14.203128,10.091200,32.711826,7.475745,15.427864
20.862185,14.792343,12.805885,48.063133,13.374303,33.688145
38.680122,25.577858,15.350367,55.842094,13.040818,24.031893
29.165857,20.083872,10.884270,4.832340,10.563072,1019.727478
10.958420,7.728733,2.980738,19.960047,4.555592,8.677958
50.647423,32.327396,89.878181,261.067657,63.026028,229.007614
22.030651,15.201469,6.539024,30.394711,6.910972,11.505594
5.101286,3.887508,2.481647,9.193533,2.028440,10.614454
24.261503,16.722647,8.722126,26.060289,6.924263,11.439339
9.897680,4.451069,3.784226,13.339020,3.312353,3.625940
9.765041,5.710079,4.582822,19.634640,3.918938,5.410845
24.116783,14.308558,51.314236,170.000946,41.303844,89.993042
13.812347,9.746638,3.782083,12.250198,2.983258,15.004834
7.649472,5.569639,2.839523,8.526856,2.780793,8.092963
13.615920,9.517677,4.325583,24.047035,4.981709,13.758285
6.885117,5.253838,2.025952,13.248789,2.440299,1.434920
27.948282,19.445667,11.200926,45.869652,9.572296,42.627579
7.799684,5.833617,4.962839,19.553669,4.306551,23.451941
38.072281,24.746700,32.300018,100.598907,26.538576,76.513718
23.861904,16.142345,14.097734,28.251369,6.208186,12.453710
9.922753,7.105078,8.596817,31.442490,8.391590,6.475597
8.914518,6.507870,3.447289,20.887375,5.140743,6.302389
11.054214,8.008377,3.360411,10.736286,1.749877,5.689023
18.892853,13.501123,6.441830,28.313587,8.278597,53.653584
24.178003,16.318346,11.350259,41.153606,9.734810,24.449461
4.921619,3.492370,2.661878,10.294648,3.460550,1.192212
9.040760,6.740981,3.078458,6.113465,1.959804,2.316598
24.797506,17.449627,7.319685,11.173157,2.676285,5.977386
11.182178,7.720570,17.924116,37.085239,8.583735,20.033787
28.203991,18.907591,10.011002,25.057320,7.204034,14.289234
9.524547,6.760585,3.123333,9.305526,2.675439,9.405052
21.984087,14.984218,7.064114,22.211634,4.992823,10.580894
24.892580,15.349235,16.540564,24.221626,9.451690,33.616718
46.444813,29.466587,51.955482,135.310394,32.851933,68.627144
28.820097,19.367584,7.984838,30.035826,7.791620,12.334070
38.856716,26.636524,17.445675,76.882553,18.558475,24.028460
20.137249,13.847319,10.975531,48.114433,12.453608,37.832714
20.318930,13.443278,17.249147,51.439503,11.603214,32.389271
35.340862,24.023090,15.382147,71.318817,16.785080,12.433186
14.854918,10.754952,3.554055,15.658805,5.106040,4.418477
17.281906,12.621725,5.445763,22.097433,4.712584,11.452794
14.915451,10.312411,5.702248,14.948008,3.641184,9.319218
20.493023,14.429164,5.540439,13.622402,2.582580,6.069954
34.953663,23.389984,12.326231,29.590944,7.491258,18.198465
13.016295,9.233750,4.168594,13.059113,3.816755,4.558167
23.736671,16.788794,19.137432,54.528149,14.572338,15.500973
17.554585,12.123244,6.406053,16.664934,3.903837,3.967864
28.995001,19.543594,8.211570,34.284615,8.855184,13.211864
68.831017,39.095047,26.928099,74.175972,16.109659,29.610477
20.494364,14.144996,5.491600,19.570042,4.443269,28.843815
14.745245,9.956518,3.756146,21.590517,5.555412,2.545769
10.660077,7.647971,5.166988,24.017813,6.977906,8.810686
4.916726,3.642019,2.806198,4.493253,1.541872,36.823074
24.314318,16.468292,6.263327,19.666235,5.236458,35.110451
129.073624,49.979855,109.834930,388.185699,92.722176,311.529510
6.570611,4.671171,2.441608,10.005109,2.567489,8.859226
9.262287,6.533913,3.631041,18.493725,5.787843,6.222437
9.331940,6.490492,4.051815,12.731835,3.340681,7.744587
43.562687,28.545887,14.126084,63.276798,15.254371,38.015289
8.688415,6.249319,3.460038,12.157497,2.722463,2.172481
10.223193,7.416016,2.212429,14.355401,3.796752,5.229978
21.046179,14.816669,5.976046,22.437777,5.201448,4.612767
9.053336,6.750674,3.864635,10.617021,2.472842,3.681627
40.575378,24.926758,34.508804,141.893158,31.851408,82.411163
8.133943,5.765252,5.447855,33.544407,8.353986,45.448895
6.761705,5.143894,2.612692,9.455370,2.273795,5.557359
20.946602,14.213528,5.379395,21.290541,5.317084,8.358919
12.446877,8.881634,3.639617,15.032509,5.009187,47.017986
13.613488,9.795718,9.474781,46.751530,12.077955,21.059671
12.249092,8.822068,3.288855,16.118181,4.522659,14.700172
8.184930,5.756352,2.432500,7.484722,2.457486,2.111519
14.122728,10.336040,8.545787,22.094788,6.194906,35.776413
42.470039,26.920046,21.396658,81.198883,20.903582,145.246277
7.970475,6.044548,2.631502,9.651585,2.160428,4.193534
36.139393,23.163160,14.764792,49.320839,12.616529,36.767967
14.808965,10.406857,5.686656,17.073961,3.693309,10.674417
15.712818,10.996946,5.255348,18.732605,5.178063,4.918157
6.335160,4.341486,2.654620,6.297102,1.360445,1.065430
7.440796,5.237994,6.687410,23.165924,5.306635,4.891600
16.871914,11.068377,5.815391,16.469727,5.020443,5.107756
12.984748,9.470171,5.951298,37.463604,7.767465,10.031247
16.114527,11.047539,4.930141,27.837175,6.138476,17.267981
50.190289,31.374748,47.428974,62.104733,63.266979,3392.125244
21.821089,14.443205,15.244085,16.309862,7.046133,261.163300
18.201351,12.726418,6.016895,25.734930,7.370544,44.736473
7.025184,5.027694,3.017586,11.471197,2.933355,10.394592
33.910950,22.332615,12.245151,37.709229,7.769270,25.578217
33.743866,21.132671,17.849327,96.306870,23.586048,61.651340
7.686381,5.495811,21.243927,59.301067,13.002913,19.897654
29.458893,20.490816,10.300785,24.370792,6.918230,33.853939
34.319550,22.479568,18.580612,62.171631,14.863308,21.689758
14.991227,11.070732,2.964668,24.343275,5.973575,5.673758
44.136471,28.862675,17.007971,63.071823,14.879828,34.638943
20.401676,13.967955,4.895048,25.657406,4.854757,9.948826
6.263885,4.831424,2.684118,5.092869,1.106279,0.741914
24.486389,16.290058,12.793610,42.685768,11.670880,36.488556
5.791518,3.852872,2.295585,8.987913,1.493624,2.518171
13.462700,9.348243,10.799982,51.630600,13.683095,5.472764
7.601477,5.534818,2.882442,9.433616,1.935201,5.704546
33.557117,23.493525,25.779522,65.815369,14.425613,24.408180
3.741091,2.992750,5.421269,15.799865,4.220991,1.534061
6.696471,5.012492,4.321756,0.882768,3.193797,170.735352
30.676949,21.055204,20.041624,81.347267,17.675003,22.885128
64.919281,39.346222,14.208733,59.420528,11.618909,8.894263
10.586235,7.919453,3.144506,11.820630,3.529379,1.139037
7.573157,5.651084,4.424201,24.136137,5.482457,5.474116
8.255261,5.527843,2.867734,14.483605,2.738172,4.988733
12.321380,8.474390,5.200826,13.461160,2.760384,9.235409
17.072544,12.358515,4.530878,14.793788,2.252620,11.680079
13.264687,9.488702,14.255473,40.615799,9.147251,11.288917
16.646992,12.103050,5.305724,25.198854,6.734540,5.687974
15.994623,11.435119,3.979241,17.597921,3.854473,27.677004
9.527793,6.357718,10.045731,32.455154,6.691514,33.445160
5.914982,4.342416,8.122976,20.594732,5.146912,24.205238
23.665674,16.159252,20.544477,105.645050,25.922390,41.465736
49.757027,28.316578,16.873777,61.025749,13.939764,16.474030
10.069602,6.997610,3.707209,16.911280,4.362287,21.416214
7.578022,5.640812,3.131876,9.087290,1.956995,1.984353
4.827053,3.379642,2.337848,5.615271,2.712499,6.344575
20.651323,13.985541,8.338453,27.007988,6.630982,25.011681
10.943242,7.962630,7.167223,24.877031,6.839979,3.415978
19.528654,13.883783,10.796132,30.092096,6.839839,18.930105
13.240966,9.529798,4.424427,8.991301,2.727637,1.116744
39.549232,25.239075,12.487247,34.043686,9.072450,69.323364
13.063053,9.488834,4.399840,16.842133,4.294234,14.480289
20.789028,13.960275,12.737107,40.499695,9.166263,9.303851
11.322317,8.301661,3.859523,15.237329,4.467901,2.020061
22.986174,15.897788,4.970429,23.211105,5.071853,3.963135
16.773207,11.831158,17.176126,29.194654,5.698253,17.095236
11.572104,8.308983,3.977812,18.012772,2.143433,4.157165
10.040446,7.068083,2.672615,9.667694,2.738305,4.486314
37.409962,23.887138,16.174221,55.157928,14.038839,9.821938
7.902716,6.010540,3.343854,9.178574,2.815679,4.222943
6.887307,4.864114,2.096299,8.560399,2.328431,4.570166
21.064909,14.623054,6.939237,19.268188,3.957383,11.594024
18.015427,12.262761,6.762939,18.582493,4.153939,8.996556
19.426308,13.648087,7.500449,17.620937,4.811180,10.388569
42.099094,26.759308,42.874252,124.285347,31.094812,114.192162
10.306736,7.310242,3.885996,14.795551,3.379800,1.655120
20.094917,13.840606,18.835457,77.177681,19.049715,46.244331
11.117479,7.692828,4.261423,12.098753,4.069444,3.967027
18.997080,13.483171,14.818457,67.256424,15.828623,50.212631
11.011614,8.046087,2.865201,12.872003,3.813575,2.932424
6.970469,4.888049,2.416819,10.705554,1.941930,4.240740
24.796764,17.081524,6.728132,26.491650,4.192972,10.373819
25.356075,18.072105,7.430484,28.087496,7.120948,17.654381
55.365616,36.160095,17.844025,69.340622,18.199436,93.771545
24.786276,16.806107,10.463948,35.454258,7.572419,13.723436
16.542315,11.492850,10.202410,34.877472,10.416539,13.785126
45.172012,28.450264,38.211311,107.951004,27.020184,41.491493
35.684856,23.004763,26.384714,75.546494,17.568346,33.203045
7.081555,4.747577,3.368353,9.859300,1.405588,2.988133
9.791437,6.987011,6.071609,13.859089,2.700621,6.803223
11.583606,8.207582,5.155777,22.087479,5.503238,13.909315
8.798786,6.668982,4.393428,14.803060,2.242199,4.872621
18.078568,12.605290,5.726702,31.684771,9.222247,34.165348
23.014534,15.227122,7.266359,21.502956,5.059783,8.260299
9.478202,6.707478,9.049482,27.236458,6.415476,3.521342
55.059387,35.636665,16.611374,39.932831,7.665369,17.938169
64.976929,35.760174,25.679148,75.489204,17.921619,22.926041
55.526604,33.564426,18.534599,63.004845,17.951347,48.366402
15.077315,10.650156,5.172771,21.376368,3.978648,4.909351
23.073317,15.624677,6.712108,30.280275,5.777456,8.766413
34.568069,22.426617,8.755543,37.577240,9.453606,38.194107
8.704499,5.779210,3.133540,13.012836,2.706643,2.893809
11.349361,7.854054,3.956797,15.743353,4.072608,3.122474
30.494850,13.136632,30.321714,97.482292,23.304605,28.114096
6.840301,5.037612,2.293590,13.351480,2.821522,8.546051
6.647720,4.618411,2.317390,9.946523,2.642203,2.014140
6.935439,5.306418,3.140136,10.429536,2.287542,3.142648
7.095396,5.395642,3.826550,10.681865,3.149596,7.764566
23.502041,15.797310,11.805799,41.826736,11.872633,25.423500
28.820652,19.911320,10.199565,19.703531,4.018930,14.772799
19.657541,13.439194,6.056963,20.598581,3.716106,13.749015
8.988525,6.883556,2.520293,19.858109,4.762924,8.533922
21.825090,15.129313,7.817440,22.609390,5.276237,17.546556
32.225025,21.104185,15.374621,46.894775,11.680626,9.995881
24.537638,16.985495,16.117670,60.199135,15.063923,18.658014
14.066510,10.065418,4.228066,18.124992,4.671329,4.330566
29.645456,20.168980,12.358346,31.326338,6.903119,25.323553
12.042794,8.575810,4.042926,11.096182,1.852542,6.764048
6.493644,4.802161,1.457550,21.831430,6.809050,21.921164
7.342067,5.039538,3.731731,12.655390,3.815918,3.135116
6.545462,4.595568,2.133068,10.240368,2.569617,3.238745
13.229345,9.176318,4.917775,10.485615,1.456418,4.273952
19.950497,13.734110,5.829983,25.316122,5.906585,24.993109
10.227010,7.464182,2.691208,15.473008,2.789530,0.136407
14.687458,10.189559,4.583014,27.299549,4.224088,5.000712
10.791941,7.549860,3.501495,12.077828,2.749440,3.673331
7.573384,5.523796,4.082891,15.623034,2.409637,1.114942
26.055069,17.997255,7.981586,18.015827,3.440521,11.786123
49.317829,32.563591,20.211163,61.805458,13.740178,23.228182
26.009247,17.701107,6.254678,25.099792,6.154000,15.441805
20.227530,14.300276,8.014912,22.874706,7.499556,16.144985
42.764767,27.441408,11.606673,43.248749,11.143035,26.135889
5.479099,3.960284,2.700740,9.010598,3.079597,5.646740
9.907028,7.308936,4.265844,15.028017,2.965470,8.191903
12.816099,8.991378,11.886029,48.893524,13.598141,40.896519
7.475369,5.471096,2.765336,10.264687,3.555152,7.577589
6.849836,4.859457,2.655873,3.646460,0.928157,0.922562
16.432402,11.602698,5.091900,28.490431,7.545159,37.178120
27.681604,18.616613,13.504338,37.773479,9.522180,19.820011
55.291931,29.742712,48.222954,187.890106,42.527943,101.244591
17.489363,12.210574,5.608833,17.855993,4.352139,15.839108
9.589154,7.050302,2.890661,8.010655,2.175485,8.433213
6.777580,5.161867,3.035172,11.945797,3.328508,4.194344
16.541340,11.768688,15.653955,43.116734,9.757880,22.534279
16.747988,11.479039,7.151015,18.845842,6.486261,8.884226
21.425791,14.548809,7.026745,26.710846,7.080742,13.600743
7.567671,5.368863,2.407415,12.011219,1.773613,6.111986
11.734837,8.559485,7.341958,13.369724,2.348555,1.853169
7.042780,5.335807,3.183273,12.468312,3.500226,3.984911
41.941860,22.898930,18.436535,61.223125,15.954780,36.054916
42.959049,21.634146,36.279186,114.037033,30.771059,71.057831
12.550952,8.828739,8.455302,37.982220,10.179181,15.588468
7.213893,5.328413,1.322438,11.561955,2.460559,14.278306
31.747192,21.140043,24.537487,74.126106,19.196404,52.856758
12.823081,8.786503,6.845921,21.665428,8.562996,215.991913
70.269485,40.384369,52.927216,178.952698,40.036598,140.080566
7.301594,5.455417,3.161156,10.094828,2.711267,6.948270
17.356661,12.050058,4.276558,19.076256,4.802579,6.241920
30.659369,20.047512,7.198877,32.812382,7.382314,49.828609
13.193483,9.201290,5.454298,18.990778,4.685637,12.968398
17.403339,12.018283,6.516651,18.453920,4.927807,12.163015
42.735516,28.536909,20.451771,54.137043,12.434740,28.846960
14.024376,9.953554,4.414257,18.816137,5.052242,25.395985
20.095724,13.496062,9.311774,23.564537,7.316157,9.795372
19.499359,13.542982,7.139204,16.556416,4.201530,12.557248
10.676313,7.802440,4.240907,14.203837,4.612687,11.188312
18.019117,13.282400,5.758338,13.628454,2.597565,3.816354
44.074150,24.569086,57.929226,224.270248,55.347343,160.868347
19.476515,13.851698,16.690575,65.657707,18.718670,56.161987
21.171545,14.936185,7.451122,31.357632,8.910475,21.851738
41.632854,27.707285,34.365582,106.178726,25.438110,58.775688
11.550959,8.193902,6.016152,22.310602,5.973616,9.424674
18.844315,10.442719,29.844370,83.223816,22.736137,52.600468
21.579094,13.345131,9.321472,52.125889,12.305795,10.460294
36.832455,20.676613,16.961821,76.987206,17.809790,27.570000
41.323311,22.372978,16.718388,82.166092,16.578270,21.767937
35.822765,22.513922,21.474247,88.243324,22.546675,138.164612
37.002670,21.047300,49.886414,197.885147,47.029728,69.056335
31.582016,19.594128,21.065760,88.951019,21.121754,68.931747
36.143436,24.375956,9.927909,30.424522,8.628920,13.069970
20.490404,13.936321,16.055822,63.439281,14.934677,38.023540
26.104864,17.210026,12.919105,40.021770,10.826775,39.232761
13.536719,9.522656,7.344326,42.229187,12.491640,40.627399
6.677779,5.043532,3.049119,14.112295,3.086013,10.430640
42.619411,26.320799,62.815933,204.422684,48.375652,117.886879
6.598660,4.764536,5.305212,27.396973,7.527404,7.644025
7.565108,5.612466,2.292797,11.233256,3.185437,2.306184
9.465777,7.251659,2.772665,12.146397,2.620984,0.360342
4.471561,3.220569,2.657045,7.963294,2.006392,2.755684
24.136265,16.270546,16.931747,43.218109,9.702835,62.541374
20.195099,14.252074,10.388910,30.252001,6.874373,15.543870
29.207846,19.336214,8.662732,19.665529,3.918755,14.006105
16.980488,11.611046,18.276215,53.642235,13.459186,23.393806
19.057579,13.572148,4.953978,19.303774,3.811775,8.418371
5.457137,4.069780,1.738616,14.021794,3.146031,2.281551
17.824066,12.018004,8.568282,15.426332,3.930438,8.332203
4.921599,3.531072,1.388533,7.657810,2.528364,1.096678
9.199532,6.486167,6.646714,25.276394,6.986644,7.915748
19.426769,13.429706,13.304884,33.070351,7.160797,35.825932
11.589336,8.654750,2.984487,11.993223,4.210888,4.249640
5.721833,4.282433,2.526721,7.463235,2.071634,7.319187
35.256012,23.016195,20.446054,84.088799,20.020227,99.803093
13.009119,9.800824,5.835902,13.926191,2.449181,11.740686
11.359010,8.233490,3.241048,13.331201,2.411869,6.824991
21.812027,15.182242,5.677808,23.135592,5.726182,5.066741
18.887945,13.391027,7.147843,19.712093,4.777485,6.003783
14.368522,10.018755,10.239289,37.826756,10.797505,25.040569
36.193756,23.007059,17.613831,54.020153,13.692605,19.963829
18.714773,12.641708,5.394917,26.685257,7.708743,13.555515
10.435863,7.332343,4.569853,11.751702,3.028371,6.713432
67.151939,40.586872,22.900274,58.120487,12.302952,29.935247
7.387090,5.177686,2.002634,8.911223,1.708464,4.433826
24.729731,12.376131,6.697339,35.587425,10.455288,8.120152
44.567677,26.165970,13.199072,67.976173,14.737973,7.928091
38.312927,26.208115,20.186962,12.937590,2.187958,22.044878
13.053187,9.044367,4.928222,11.629905,3.324755,8.945724
8.257365,6.271952,2.652572,11.472419,2.770562,3.069674
18.005817,12.354616,6.121372,17.764967,4.483345,4.623907
42.331276,28.686428,12.107277,46.017445,11.331738,36.852993
8.306425,6.033376,2.723598,17.209572,4.558541,4.340214
42.591862,26.538561,28.357885,89.567863,21.115501,58.567188
28.070868,19.904280,9.667296,26.860138,5.894295,36.256905
14.517671,9.857620,5.279801,5.532285,1.152698,4.292040
12.827586,8.832936,4.898350,19.786858,5.459886,5.544586
22.395260,15.968135,11.525532,49.523014,13.318595,45.513355
12.543914,8.921430,4.382492,6.605237,1.747339,4.218173
30.756907,19.254431,8.943624,57.018341,16.377937,27.720205
17.693375,12.247225,8.481847,20.320274,4.665160,8.593197
22.313492,15.540097,7.398615,23.684959,6.199965,8.017677
12.368927,8.894126,4.160512,14.508919,2.698992,5.191747
35.045898,23.789654,13.608668,41.419220,11.140204,7.625369
33.327805,22.242125,10.620213,29.686930,6.398026,4.855428
27.240082,17.608706,13.030453,28.300842,7.471829,17.983477
26.028694,18.035719,7.923634,16.823000,4.300818,22.452608
29.682356,13.762788,10.668751,33.155411,6.125272,12.749640
25.317112,11.507578,10.616168,35.092697,6.974649,9.720756
19.580912,13.770833,11.156841,34.843327,11.852779,14.141776
9.885612,5.866897,2.984930,12.499397,3.059450,8.726544
12.008489,7.841876,3.895231,16.063164,3.118042,4.758931
7.924097,5.525905,1.780949,11.993959,3.166443,12.055605
44.224865,28.782349,18.699257,47.183937,10.177166,19.328888
27.658245,18.507147,8.330591,17.083904,5.650456,9.911288
10.674941,7.535153,5.245549,21.539724,6.324482,3.034918
27.872156,19.397896,5.875728,25.950153,6.676387,13.947176
12.871882,9.283909,5.010780,16.205547,3.144999,10.502950
6.857870,4.556252,1.627691,18.758282,6.463572,13.941399
7.262145,4.932722,1.848783,17.173559,4.945627,15.649874
20.360115,13.689951,9.412107,28.755070,7.285479,25.908051
48.417610,32.127789,49.235069,156.085144,35.485046,108.291466
49.622112,31.881660,31.109797,138.473297,34.152943,71.895439
18.794043,12.679907,5.200631,27.696108,6.457024,23.478058
14.061911,9.413733,5.020130,10.813308,3.435778,5.027621
11.336719,8.231138,2.744708,17.010931,3.758373,3.205319
9.632131,7.111693,2.517959,15.033874,4.060415,6.337065
28.520454,19.293835,8.168669,28.770555,6.298923,54.337643
38.713177,26.096567,13.979785,62.323151,16.767202,52.156239
51.473186,32.694664,19.171041,53.842739,11.973896,27.251719
41.899410,27.236731,15.128499,49.556133,11.685999,48.356411
6.988746,5.046959,2.552512,12.293715,3.013018,0.285787
19.793905,13.821188,4.602223,65.810349,17.801455,44.047878
5.253806,3.782018,2.206882,6.597701,1.904090,12.083898
33.905312,23.532135,14.445326,37.073009,8.973541,17.644098
9.057802,6.403130,3.217449,14.893378,3.456778,9.260462
6.019799,4.477949,2.483613,11.578162,2.655411,3.353489
16.328636,11.478459,3.673038,10.526537,2.872558,4.426571
20.982086,14.774247,14.305388,50.210396,12.088111,34.864578
5.967425,4.652895,2.463332,12.690922,3.103908,16.164284
12.851294,9.302026,3.792078,17.642393,3.390339,6.510061
6.045396,4.429705,1.821108,12.641987,2.970729,12.240302
52.146870,31.152639,33.329521,124.129547,31.540524,79.983330
12.056246,8.426774,4.589463,12.727591,2.733146,10.320970
32.390434,21.159031,26.044733,47.288139,12.319183,30.038250
28.528919,17.526213,7.662378,21.079519,5.749070,23.281120
55.740028,23.472929,17.804554,67.548515,19.963465,86.105736
8.393874,5.718447,2.651870,19.655882,3.741415,8.613202
38.799358,25.654276,9.969202,28.400593,7.049445,24.986135
15.063565,10.599880,7.303114,24.845598,6.157175,12.755117
4.661549,3.250698,5.755135,16.300797,4.089474,13.894198
32.808819,22.021635,24.361515,75.016388,20.229010,15.696983
21.410597,14.995020,9.735389,31.613956,8.840437,13.348034
7.406959,5.547507,4.893590,21.746141,5.376400,6.690034
20.605801,14.231896,13.104872,52.697563,12.472073,17.643770
28.501083,19.404022,9.801040,32.011280,7.612650,47.741001
27.045145,19.190441,11.708332,39.770199,9.506495,6.591931
12.535879,8.884106,7.633824,18.501879,4.616226,15.762251
68.324730,27.552568,91.265671,307.241028,77.368164,138.226761
49.260109,20.296345,72.343208,278.151123,58.478073,93.040703
34.216969,22.320299,20.093578,96.372162,22.355223,42.421692
9.652149,7.184455,4.449725,17.846939,5.323199,6.985869
39.061783,25.521927,11.574795,48.764854,12.197840,14.243864
15.352603,11.184311,3.635678,14.030885,3.649888,8.617415
6.137578,4.296872,1.748820,11.520154,2.691845,2.465726
9.254421,6.374197,3.446264,11.814319,3.375300,4.161110
28.436785,19.534786,5.298990,28.014378,6.769323,8.211681
25.793768,17.605675,15.470310,54.561848,15.954064,34.889072
32.890911,21.733274,12.848633,43.210426,9.705405,19.285803
19.243204,13.363517,4.369420,20.574247,4.656451,5.258173
10.870510,7.673281,4.297280,11.080986,3.057842,2.646166
18.835440,9.430077,13.268546,66.246498,15.832348,20.877386
9.840772,6.837301,5.993695,19.092047,3.738766,4.225838
7.052551,4.908386,2.514690,7.517553,2.988855,0.305375
16.511068,12.046752,5.197035,19.349339,4.460746,7.239524
17.155916,11.908092,6.134009,23.268446,5.769908,6.326972
8.707044,4.459779,4.057562,10.509422,3.234095,7.198237
22.480528,15.067944,6.603397,43.278549,11.127795,25.023001
4.960296,3.278952,3.030470,10.743122,2.656214,6.014790
14.557429,10.168653,6.364842,19.491499,3.467460,7.574300
9.586916,7.134607,3.664748,10.208920,2.123411,4.768476
19.691435,13.512282,5.115882,14.826962,3.132744,3.560546
57.914253,37.064270,19.646481,51.593147,14.283796,32.273354
21.628078,15.050964,5.350443,26.931404,5.098115,3.621555
20.597456,14.629639,7.087116,34.682869,8.951124,18.701744
35.940163,23.358061,23.810991,67.496819,16.122068,16.539944
17.260649,12.221288,5.789922,30.455952,7.211519,22.596066
14.666382,10.155941,4.575915,17.756733,4.215522,21.615252
19.515179,13.740401,6.849803,13.722670,2.921083,16.244781
40.474178,25.650513,32.963539,116.374496,26.540054,41.395313
22.465662,15.347692,7.548810,21.728296,5.626403,7.157772
5.972979,4.441478,1.954121,7.141989,1.503640,1.875986
17.346792,12.257421,14.856089,63.213528,14.807911,85.832108
37.633659,24.593880,13.757009,35.673843,7.276002,18.285995
24.653488,17.356743,10.634595,27.722153,9.163233,13.884599
36.265190,22.344231,19.459173,83.401352,19.390146,57.368290
21.159803,14.332915,3.645043,21.215307,4.841151,9.415440
10.092930,6.950212,3.198639,13.565318,3.133912,9.488532
6.584251,4.729389,1.688145,7.057069,1.253045,1.398323
24.710733,11.400651,7.789082,33.002106,10.031655,15.818520
20.852976,10.461118,6.093465,44.343445,11.576427,9.127276
12.340134,9.004193,4.844498,13.153174,2.990214,6.235173
30.240129,20.668018,11.794678,25.257608,5.370549,17.054602
29.327549,19.825802,8.423986,27.381346,5.889133,5.958003
9.730001,6.791035,3.122404,10.791309,3.065456,4.256701
13.722656,9.897361,6.574207,16.427937,3.023090,6.428310
10.315354,7.262322,3.206969,11.172090,3.627617,10.599129
22.931551,15.999542,8.506342,30.860456,7.294093,29.557001
17.764435,7.264716,5.449229,17.377214,3.591151,21.792465
34.769325,21.484318,24.437031,90.398766,20.422106,61.159508
14.857981,10.310175,7.410003,29.407879,6.593004,15.897104
30.811756,21.049648,8.225577,26.560963,6.104362,15.782213
10.088029,7.451297,6.053010,12.345184,2.749892,6.536553
23.647306,16.224915,7.904945,35.554878,9.413064,20.762533
12.892692,8.920133,3.998209,10.726304,2.293930,3.067653
16.965078,11.594428,4.332350,22.727602,5.833562,5.091801
5.729401,3.992739,2.555493,11.991337,2.859572,1.387319
6.349920,4.378610,2.166476,11.964980,2.733154,7.161930
12.834435,9.108700,4.294195,13.372337,1.535618,5.314507
8.901640,6.374951,7.721816,27.651648,6.335053,3.556067
14.483493,10.531528,4.779955,12.353548,1.993708,7.376876
31.638821,21.391083,12.274670,69.276299,18.236324,16.754751
19.732515,13.822998,7.529632,29.295881,6.094135,18.151720
8.193387,6.099203,4.771064,16.892994,3.599870,7.635130
29.555565,18.057993,75.293205,325.822937,79.944687,230.751984
34.418510,23.821945,14.440834,46.483513,10.804312,41.501602
39.905472,25.003126,17.845045,71.147148,15.737590,76.235939
5.450981,4.008068,2.766665,11.302508,2.668285,2.549954
39.529682,24.343102,13.015143,47.670074,11.270927,33.922485
24.503958,16.745752,9.989793,49.147465,9.717167,26.640875
9.145282,6.312255,3.368050,13.284288,1.983161,3.921632
32.899536,21.612247,38.787628,117.782822,27.285591,35.320091
11.436596,8.110634,4.007258,10.227659,3.073775,5.925074
9.509033,6.963109,3.672379,10.585935,3.148978,3.641739
6.647480,4.853658,2.786384,6.699757,1.024085,2.897012
41.726376,26.296144,11.557409,43.170769,11.766023,16.150177
33.139771,17.665232,12.676945,36.220783,9.540281,34.138496
42.527084,25.189957,27.485126,139.439850,34.887897,127.022308
32.381020,20.741098,21.642296,106.738968,23.053757,18.743015
18.927431,12.115944,11.751906,43.357456,10.169822,33.932468
14.697562,10.232350,4.970267,21.271399,4.185120,30.384911
6.807290,5.064394,2.762126,14.554180,3.162471,7.017805
18.731005,13.201777,6.253797,18.320030,4.960352,10.162108
26.552498,18.428114,7.008968,21.886646,4.693513,5.688759
26.396694,18.188099,7.587204,37.417244,7.900424,13.157964
7.747010,5.851662,2.657427,10.991858,2.035723,4.236133
23.915430,16.025221,12.288603,54.335617,16.335892,65.667114
20.409363,13.861515,8.106756,37.276230,10.375326,36.385746
4.643451,3.685990,3.254906,12.848619,3.440492,4.235593
40.212852,25.057034,22.046167,97.759880,23.137106,59.497868
6.099543,3.299457,2.007049,7.352039,1.446360,6.132537
6.841757,4.906227,2.840419,6.995343,2.171162,7.020166
5.601420,4.322598,3.136353,11.496402,1.646051,2.909710
25.000910,16.841139,7.741769,36.279072,8.962627,32.900658
11.615817,7.986926,4.467106,9.464982,2.751034,7.857480
46.219303,22.471010,35.901226,133.064117,30.975510,50.496540
15.189172,10.564056,3.989848,22.394773,6.457681,28.621744
7.028598,4.978662,2.950130,11.235543,2.160664,2.032720
18.630926,13.242795,3.931073,22.935207,5.410779,14.043940
25.321669,16.860260,17.895767,49.022171,13.894210,24.950867
3.847082,3.084300,1.832760,4.711626,1.472200,11.455455
12.354620,8.857504,3.854937,15.076052,2.508022,8.106039
32.609318,21.907541,18.214592,15.331149,23.549421,1934.961548
9.338149,6.509106,3.750278,12.412296,2.356081,4.473404
8.542034,5.912734,3.798546,14.823708,2.723231,5.642327
5.408340,3.831557,2.292956,8.739114,2.404180,9.973146
5.246505,3.612568,2.772038,10.786582,1.997556,2.898695
10.059820,7.182828,4.377318,17.789425,3.790115,23.993881
16.881741,12.126821,8.000775,21.051498,5.429975,17.668762
15.444729,10.929992,4.754714,15.946355,3.712141,24.682747
10.154513,6.834134,5.889497,4.223604,1.323298,7.233881
59.011845,35.880142,38.943470,165.818787,40.596916,208.819733
33.571800,20.544104,38.305592,96.497101,23.233465,80.128761
15.920295,11.230473,7.187278,26.702621,6.367792,39.467072
11.304647,7.947240,3.163855,18.558270,4.398540,1.121135
32.536903,22.021147,15.317345,41.970726,10.406686,35.419250
12.890597,9.418231,19.110474,70.703209,17.404177,26.479502
33.159630,17.391573,11.971798,54.370522,13.747195,29.557997
21.365786,14.741340,6.432777,30.657549,6.587310,8.089827
10.849181,7.515054,4.395941,21.505651,4.854569,18.110228
26.816034,18.124727,22.379406,65.934914,17.012384,68.697800
11.303449,8.067084,3.427870,27.611511,4.488537,3.799340
10.307991,7.173493,3.950277,15.030813,2.163049,4.428971
23.957151,16.410641,6.805718,23.731321,6.697925,8.327836
8.726458,6.352874,3.885519,13.386586,3.518829,10.418325
12.193180,9.024260,5.702280,19.293983,4.139485,5.364833
53.843613,33.555508,26.408739,99.633499,23.530834,40.769325
31.775299,14.929388,21.718914,81.064758,17.926399,38.076176
15.658298,11.256158,4.634444,10.665366,4.058023,8.351957
20.700241,13.513280,22.640129,53.331078,12.684676,20.446007
7.769494,4.879280,2.353833,11.136604,2.281983,4.781622
19.526052,13.681953,4.670517,27.986389,7.197871,15.851289
8.851578,6.369270,3.723027,10.565555,2.666432,5.762332
40.834740,22.267633,67.207161,208.800323,47.722527,95.729301
23.595888,15.993614,10.556244,30.499071,7.742490,16.475613
26.566223,17.782665,6.034182,28.349483,5.987288,16.842241
7.071202,5.066125,9.415781,39.894775,9.743206,29.582779
52.103077,27.897329,31.708941,116.707611,25.885296,48.541210
17.782345,12.534567,5.435904,19.516693,3.818046,10.118038
4.942433,3.446435,1.581131,9.192502,1.878767,2.194813
9.692689,6.622508,5.290889,7.220942,1.704680,6.559443
11.976303,8.310653,4.725789,13.389297,2.113227,10.894389
23.072386,15.524943,8.659680,27.426931,6.653465,14.154253
10.297855,7.780885,3.389791,14.223621,2.257101,4.522547
29.077539,19.460865,15.114286,38.558884,9.219549,5.005274
6.489831,4.540251,2.986970,7.519049,1.942784,2.305241
18.619997,13.130346,5.255702,21.295973,3.782003,17.045334
10.368178,7.864926,7.068711,27.538877,21.679167,1129.354736
13.692755,7.671806,21.917404,90.674179,20.647438,87.698288
26.529091,18.150091,8.278110,50.659664,13.286576,23.022675
23.201996,15.978748,9.222281,27.554420,7.253729,6.652565
6.518275,4.891379,2.632603,8.725930,2.870259,4.653455
24.808899,16.108271,9.336872,28.856276,6.157473,32.828735
13.210460,9.515598,4.765920,15.439808,2.408812,12.717391
17.597343,12.548884,6.886503,24.146700,6.104135,8.648905
13.791846,10.252085,3.590927,14.741541,3.919487,8.558975
6.542180,4.526427,3.093466,13.801509,4.181170,8.104743
13.094893,8.960001,4.295945,18.750353,4.059426,3.801332
38.230370,25.875336,11.485527,29.621170,6.656260,14.965739
110.773193,45.225296,164.291779,438.915802,106.331093,358.477570
8.668783,6.225100,3.057834,16.089138,4.171631,4.902759
32.079540,21.946745,19.661314,58.767708,12.668935,33.012230
16.742626,11.943317,7.178130,5.441306,0.613223,12.515063
38.660576,25.569935,31.420977,110.639404,27.127573,109.778107
37.976070,25.157867,20.738731,93.650841,21.040670,16.745161
14.241621,9.746735,2.105235,20.805269,5.267169,2.153323
15.462498,10.895716,4.917330,13.706174,2.604301,19.563618
13.840139,9.717634,5.366506,11.014211,2.623138,3.299201
23.263109,16.104250,8.634315,25.424635,6.774698,3.207736
23.184158,15.420390,31.354040,82.181465,20.501600,61.577560
44.888420,19.781103,18.464178,73.243332,17.456999,24.802397
37.230572,16.222696,15.166800,78.786461,17.018900,22.579130
18.675508,13.144489,5.767713,24.316387,5.611878,10.079319
22.417585,15.181516,6.439301,17.210091,5.088204,21.354431
17.781017,9.684630,6.244890,28.395342,6.222712,5.830431
10.652394,7.718831,4.146869,17.002148,3.715940,9.099352
9.282142,6.429341,10.024714,16.696022,4.430093,12.762294
37.396397,23.731249,21.274208,65.202980,15.571144,31.078556
18.221119,12.513358,5.774089,17.529209,3.615743,6.784981
175.187866,73.225250,241.737091,911.565186,219.060577,474.373932
10.148746,7.354900,3.742748,16.841969,3.757568,10.766721
13.535144,9.926291,4.637863,25.788914,6.137203,5.050078
14.431033,10.086801,5.228114,15.329223,3.580726,10.974388
12.090345,8.345310,3.852291,14.715014,3.264067,9.202015
19.530886,13.961410,6.053193,29.425198,6.711464,9.414490
8.908292,6.406775,3.456713,14.516137,2.273187,17.789730
10.046727,6.949389,3.682604,35.796295,8.951984,32.989971
31.598139,21.087210,11.376680,41.208942,10.961842,27.703320
29.061922,17.188620,45.893768,124.010086,29.328375,81.354370
18.228685,13.030313,10.385956,45.684807,10.920032,42.012794
29.025057,19.932686,8.786476,24.530420,6.589820,4.004831
75.940086,36.977039,174.450546,470.592194,110.098694,180.283997
14.034284,9.767708,7.266799,12.953345,3.724208,18.334925
51.037769,32.347012,12.962270,61.332867,13.554940,49.865383
19.567533,13.877709,7.892328,21.443668,5.389537,5.308206
14.315664,9.900157,8.319791,45.356514,10.638657,40.537407
7.148151,5.284727,3.051853,9.869454,2.475381,0.301183
10.900315,7.403458,19.780699,72.537285,18.258909,50.193211
13.867190,9.607767,5.719841,4.856414,0.995015,5.974104
25.669497,17.949680,11.828801,38.095135,10.772427,33.795654
11.245531,8.193183,4.865261,21.942274,6.029320,10.779368
21.700842,15.369409,5.295919,28.183887,6.760933,3.518616
5.467803,3.642723,2.359141,9.377639,1.963813,3.512357
41.597359,25.591921,27.953745,84.490280,19.887394,143.475693
14.022387,9.570576,12.383193,56.949387,12.999693,14.005251
6.743767,5.111418,8.210950,32.195904,8.927086,53.274666
18.313141,12.681509,5.430623,20.656195,5.258104,9.414013
13.953176,9.649899,5.580762,30.380569,7.730728,13.451689
47.795578,28.194954,79.025948,182.086624,41.466808,102.539223
7.390965,5.185147,4.560039,8.038687,2.157627,8.745935
60.739006,31.605349,26.970097,111.489494,27.139921,73.599159
18.477985,12.814999,4.163982,15.641834,5.053016,8.388449
20.547935,14.130964,5.673521,27.900942,5.282791,8.701321
12.543932,8.849702,6.715872,18.959286,4.234699,3.579979
60.205578,38.325157,23.914125,77.186234,18.336582,46.994316
9.902933,7.123650,3.351678,15.544924,2.941215,3.089897
32.378811,19.133184,13.795123,31.956177,7.111586,10.486107
13.386466,9.825216,5.371298,22.396854,5.393694,8.106796
30.765800,21.076536,9.191799,22.110035,3.843081,4.830382
16.796333,11.674877,4.839052,17.469227,3.477525,4.455593
9.204790,6.878162,3.191280,17.398048,3.842794,1.401369
21.404408,14.183145,13.938271,52.852631,10.070164,17.523994
12.634885,9.001927,5.311940,22.457005,5.033721,13.871028
39.953320,26.887253,21.867537,66.418015,17.087688,33.248043
7.627655,5.225492,3.065316,6.672281,2.707837,4.017578
42.822853,28.634649,27.638378,94.622246,24.107586,58.817535
33.427124,19.616365,12.998420,30.892012,17.130096,949.710022
4.681942,3.725679,2.354244,1.839235,0.392241,1.884957
18.397144,12.852358,5.638597,21.438061,3.932966,5.431217
23.998009,16.560339,9.065876,27.391438,6.731628,22.763926
45.231277,27.995863,21.880419,72.701744,17.516922,68.503677
6.699691,4.908258,2.634311,11.331496,2.708006,5.447902
6.841470,5.044974,2.951372,13.675751,3.767478,4.667073
30.433838,21.215380,13.314054,53.946693,13.422873,66.562927
24.892693,17.184713,8.774327,28.560690,7.412184,42.666992
10.032310,7.119309,3.427655,22.380005,5.409562,3.933195
9.889012,7.428108,3.180277,18.523449,3.213609,10.909485
35.972763,24.756130,8.846823,45.706429,10.250395,19.043522
22.428949,14.571011,16.484924,53.124889,11.446410,53.551903
16.165255,11.508777,3.396917,17.179110,4.361555,4.340590
89.631432,39.749252,78.476929,249.065247,57.656513,139.569870
15.779085,11.271226,5.717274,16.711935,3.992850,10.511673
16.997034,11.570505,6.705954,23.249163,4.048566,15.516348
35.930176,23.338629,22.137106,46.910938,9.653162,23.389389
40.447514,27.562044,18.160944,105.999229,26.927710,24.861092
12.171599,8.571293,3.312189,14.268367,3.009770,23.488825
11.208882,8.341202,3.246152,14.058979,3.521575,4.454194
37.511532,22.773020,38.775555,177.290710,42.928734,226.393753
64.933350,38.554867,55.485416,173.798813,40.087143,220.355545
50.662495,31.517244,23.762093,69.915611,14.071070,31.560753
12.889341,8.960036,4.453929,11.855186,3.027731,0.902344
41.414635,26.641092,22.341068,100.412842,25.001396,39.404957
12.352823,8.825419,5.286411,26.215096,7.429056,14.235543
51.640060,21.440195,34.991016,80.030945,21.032228,89.094162
51.822773,20.009033,39.674717,113.628143,26.447897,88.183571
10.700224,7.728547,3.690907,13.686157,3.062888,3.433517
23.404890,15.975084,8.454273,26.594147,7.548874,23.134491
13.622731,9.406919,4.117395,29.131384,6.826584,27.829815
19.912355,13.829050,6.364806,24.637207,5.260467,11.891047
11.158919,7.991757,3.540331,21.140415,4.374091,13.859114
14.445259,10.419697,4.674006,16.296707,3.023794,12.446935
30.163424,19.895939,10.789852,19.680313,3.815263,7.377100
11.193266,8.252228,3.675575,11.274981,1.576743,0.879428
30.648697,17.733475,19.157234,84.730659,21.961363,59.148666
23.913742,16.552097,5.621649,20.269827,4.689875,17.904203
28.949881,19.188429,10.562479,27.301331,8.222462,28.175337
18.962025,12.844569,5.547634,16.690619,4.817190,8.197556
7.782852,5.437444,3.258308,12.638724,2.096240,5.766050
5.092411,3.696030,1.438209,16.327990,5.796887,17.517832
48.059650,30.581718,16.747593,51.905979,12.473030,18.288151
38.950268,22.381815,14.769287,67.388039,16.588345,12.725812
23.450453,15.802401,8.462695,19.812248,5.139758,13.056612
15.883740,11.256786,5.577649,16.068340,3.273557,5.496861
27.494825,18.847942,8.024401,22.836340,5.605216,14.357599
9.675815,5.258013,3.694167,7.723845,2.527892,4.831733
18.165466,11.731413,10.733660,41.028870,9.995395,12.031202
17.110388,12.158603,14.082746,37.659203,9.430086,15.163777
8.036160,5.827168,3.938880,11.290958,2.455498,3.842313
11.711486,8.090208,4.660821,5.069937,0.376920,4.120720
8.226953,6.009845,3.436144,14.264091,3.270902,4.794782
19.254965,13.632238,6.803187,20.326046,5.325836,13.565371
7.435275,5.399499,2.354619,11.804067,2.436484,1.917887
15.728209,11.093872,5.778539,10.669535,2.652218,8.069892
8.436103,6.081050,3.565138,10.550045,2.649075,4.857954
21.887747,15.008164,20.215611,46.412167,11.444200,20.994411
8.047348,5.480747,3.099011,10.363049,2.144191,8.697424
10.897495,8.114401,4.369806,15.925547,4.176959,9.720615
7.625511,5.897089,8.129296,13.575162,5.226620,7.917506
26.178726,17.419579,8.361072,27.843048,6.330159,13.251706
15.037337,10.234859,4.663258,22.688913,5.449478,3.541514
12.727459,8.750805,4.332499,15.285504,3.152657,23.867640
47.367085,29.065390,23.114519,90.423500,22.136242,41.885742
63.427864,33.898659,103.785973,338.834686,76.894951,249.113251
12.350520,8.859367,4.728531,15.789827,3.543356,3.340896
43.889755,27.471254,21.624807,62.130116,13.901035,36.700169
7.878475,5.328711,1.964255,10.284872,2.532341,4.181092
7.404388,4.866547,2.384261,15.458782,2.743319,3.299425
8.206326,5.778988,4.200027,12.343930,3.883854,1.954934
11.051982,8.067173,5.975007,13.368232,2.426697,6.138186
28.576849,18.647062,17.153362,75.947083,16.063429,19.294989
21.023893,14.593010,7.956299,19.309162,5.129116,19.366179
15.626945,10.644230,7.535904,22.308622,4.997989,4.988115
26.952991,18.133827,15.768901,52.166348,13.579777,30.535446
4.324504,3.255239,2.137557,8.376969,2.234202,1.393481
13.146927,9.604261,4.892034,12.835424,3.785811,3.998160
37.276371,23.444792,15.734816,33.112865,7.437466,26.112209
12.896978,9.200087,3.811455,13.019490,3.513624,5.662702
20.786867,14.864001,21.106245,48.576061,13.597587,24.415611
19.069729,13.590527,15.622025,45.666473,11.852090,9.379515
12.978229,9.323796,5.907446,22.470945,4.875929,34.500999
9.373329,7.073287,4.250933,12.402110,2.794817,13.908801
12.623820,9.060500,3.723879,16.343853,2.920768,0.794457
7.110501,4.942131,2.556826,6.135533,1.389436,3.623659
26.911823,16.636683,17.933294,65.391991,17.206060,39.461853
26.183512,18.339472,8.491748,32.081165,7.760060,9.011110
14.021473,10.060410,7.170754,24.214788,6.370028,7.870188
33.769260,22.605537,19.106848,57.466785,14.450318,22.061764
6.266325,4.434754,2.763376,10.177682,2.865580,8.657240
13.352715,9.318008,4.582038,16.446999,3.731747,3.446521
9.353866,6.729079,2.579337,10.739407,3.495651,9.435400
7.780961,5.692776,2.993034,10.264982,2.875872,2.153590
18.411497,13.025229,5.592364,17.029167,3.333477,13.099981
6.928408,5.072815,2.478071,10.058434,1.736990,4.320864
44.581459,26.379292,11.599711,46.690681,11.024844,22.234737
53.906326,32.212582,23.558474,81.469025,17.317194,46.115868
10.700531,7.319584,4.279801,12.056675,2.953645,13.099445
31.376518,21.224676,10.954232,39.666004,9.071648,16.371004
4.464108,3.430712,1.547875,16.055891,3.533222,1.673265
25.093885,17.299372,7.565134,23.821192,6.253065,4.163950
10.276594,7.281821,2.507812,8.536160,1.724240,7.789486
31.127508,20.910349,14.138892,33.341507,7.831463,25.913984
32.832577,22.513874,14.637476,57.070675,15.355209,30.527637
44.377472,26.654272,16.750658,57.970570,15.393346,19.902470
7.134311,5.388139,3.721379,14.439049,2.986895,7.750575
31.888309,19.608366,7.870911,53.978088,13.859462,8.763513
52.216976,31.665829,34.523426,97.773048,20.122431,20.898378
22.297791,15.634712,18.063608,43.625980,9.603673,51.517059
31.740583,21.646151,10.746586,47.749870,10.703266,58.990002
29.086725,19.643129,9.224882,32.320564,8.137775,37.580742
86.325172,47.352966,51.508350,157.396637,35.387302,56.520641
36.803802,24.422039,13.571401,42.239098,9.222696,12.115700
5.586967,4.166831,5.595421,16.979561,5.410502,7.583956
46.214649,30.258421,42.379883,130.345062,28.178686,64.571457
19.607014,13.479415,6.786495,18.345343,3.698517,5.919278
57.430714,30.896181,20.503927,78.505959,16.388227,40.578541
42.697575,27.390150,18.752230,85.951637,19.355917,39.255028
19.805275,13.739965,12.972788,50.711460,12.837072,31.139425
21.840288,15.054110,5.977897,18.150152,3.935908,4.441065
16.509226,8.734618,6.884129,26.544474,8.480738,8.918965
16.588156,8.831134,7.232606,43.159283,11.435325,7.555542
21.425720,14.825098,6.974098,24.826338,4.035161,19.020868
17.978724,12.328414,8.919262,37.279686,10.028758,28.756697
22.975212,16.127800,6.611617,19.069345,4.221565,3.794575
31.992428,19.685375,26.997879,91.370331,22.944803,153.006424
16.740469,12.017207,3.775142,14.444805,3.184965,7.657449
27.851389,10.967135,10.758675,29.647169,8.898225,13.907919
26.275476,11.784116,13.236259,58.092731,12.806934,15.093005
12.816582,8.998656,3.289392,17.484310,4.983664,15.753914
22.864834,15.280490,13.619562,44.951206,10.675967,20.070099
32.935669,22.551298,12.127961,46.022030,10.705626,11.649609
5.871513,4.460287,5.998541,33.836311,7.122859,26.471516
49.075249,30.285450,30.502182,96.909523,18.276094,55.244759
56.913658,34.029110,28.034536,60.420105,12.749453,28.092110
26.623241,18.391846,16.232283,48.362289,13.070035,85.928024
10.092626,7.057870,6.548300,24.291985,5.910710,13.171190
9.505633,6.538468,3.912903,12.023859,3.258736,5.477696
5.671934,4.298177,2.478942,13.315250,4.011990,9.506999
34.918568,24.058012,19.103130,37.053699,8.528533,44.064289
35.672714,22.130566,13.017208,48.047024,12.080738,27.603762
24.668844,16.433840,18.725327,86.029434,20.768105,52.803104
7.486948,5.395284,3.241527,9.610548,1.952943,4.439676
6.931229,4.978843,2.436922,15.374397,4.070852,5.708790
19.844027,13.305946,9.559137,25.257833,5.389667,9.447549
23.193563,15.588635,11.037901,39.436783,10.537649,51.851429
8.987150,6.346481,3.393249,15.482698,2.976771,7.462310
9.423958,6.896942,2.734087,11.769094,3.623090,12.199384
10.554450,7.822855,4.880717,18.398651,4.175576,1.533306
52.207550,20.878075,23.999233,48.510166,13.448712,41.202988
45.688801,24.384487,32.542889,100.261383,22.361814,41.086117
22.951214,15.959116,19.519051,60.872536,13.908303,25.880884
80.027512,44.149078,84.657257,228.196213,54.757477,223.894531
8.575658,6.138607,3.544272,12.814861,2.288004,5.288614
38.846664,25.171841,18.736036,84.540031,21.258205,77.371300
8.743210,6.362369,3.686473,10.681039,2.501571,10.031878
8.164154,5.497111,2.903116,10.354636,1.573135,0.908590
40.226818,18.685392,16.644993,33.974056,9.055652,43.059559
35.226677,17.247782,16.993309,43.001343,10.575934,40.619598
28.693642,19.019049,14.428855,56.554276,14.499832,43.522575
21.323784,14.783622,10.243144,8.075309,2.271494,7.644822
6.898650,5.073603,4.574187,14.900870,3.253596,7.347077
54.223423,35.036961,85.642014,256.677917,63.358871,212.585144
18.007685,12.644948,3.120995,24.978659,4.979369,6.824730
4.890742,3.586279,2.542947,11.991817,2.892502,5.830792
9.981878,5.932787,3.802392,10.415756,3.292606,6.223176
15.389940,10.187685,5.061252,18.991035,4.768363,7.849578
8.675714,6.110494,3.154147,5.034299,2.290695,3.733018
54.113678,25.169088,15.471139,68.348999,16.208633,16.417326
28.988163,19.677097,13.974443,38.628368,10.374512,46.356335
33.244209,23.001858,20.647902,65.360153,14.935830,27.224283
32.144337,20.631353,19.334993,72.955353,15.767002,81.023163
4.959571,3.894382,2.628645,12.046401,3.158391,1.739598
14.490506,10.605415,4.807703,4.515148,0.657084,5.247068
6.277546,4.256114,1.430902,8.220309,2.010402,7.791042
20.712988,14.238522,6.127323,22.065208,5.708778,3.525730
8.440647,6.226483,3.530398,12.131421,1.763423,2.503611
8.276047,5.914886,3.964186,13.397789,3.170608,11.830729
40.820518,26.799942,17.402933,68.247047,15.768276,78.713028
8.715729,6.337196,2.021732,28.369892,7.922177,20.964615
50.499184,30.149147,35.049442,104.376984,26.503809,50.898853
8.522169,6.316386,3.319159,9.714846,3.467601,3.891970
14.731096,10.688460,4.974537,14.253860,3.813987,11.404675
23.281702,9.181592,8.212861,26.365911,8.270246,22.016628
25.741899,13.065644,12.223532,56.338142,14.215544,23.683146
23.644640,12.893431,10.784891,51.518951,12.798408,25.602287
25.111658,17.542858,9.526481,31.145355,6.539700,10.251872
21.358530,14.950177,8.315658,39.597397,9.755050,22.496494
54.489258,35.257515,24.949503,94.830658,24.829655,89.358849
9.608834,7.166847,3.017585,12.025688,2.417812,2.368150
12.656283,9.256196,4.151220,14.500978,3.293040,7.376613
14.796310,10.617776,4.408926,12.360964,3.521363,5.103802
21.485510,15.045480,10.021079,32.228561,7.760104,8.643735
5.726357,4.269244,4.475553,16.802647,5.561286,20.447845
16.284615,11.485854,4.086894,15.280831,3.022987,7.823404
56.135860,35.049908,31.840117,142.554596,32.867405,29.058046
14.325475,10.383383,10.102219,23.373430,4.796337,12.677930
14.437027,9.463728,5.086534,22.246813,6.169085,29.832226
24.523592,17.063475,6.219118,31.037624,6.685094,10.343774
32.251247,21.331867,8.595677,28.587837,7.592838,28.237860
11.545811,8.317508,3.682441,15.446975,3.150908,6.024040
5.636108,4.057730,4.608809,17.197498,3.607527,5.096722
19.608900,13.459596,6.380434,19.634991,5.198945,7.214945
56.636585,35.488255,73.956261,272.713623,66.447380,332.478485
6.030488,4.474385,3.361915,10.966791,4.469945,7.826117
46.591698,30.493744,14.346754,43.611149,9.712287,7.143136
22.182377,15.496388,6.170637,23.987921,5.656724,11.559469
6.977355,5.141235,2.303803,12.025458,2.712209,2.552262
14.483012,9.978232,9.867976,52.833897,10.770333,33.419540
8.041850,6.082834,2.586844,8.876983,3.086586,7.884925
33.418842,21.714952,18.520428,64.563667,16.167271,32.687420
13.763365,9.810450,4.074151,21.967241,5.284823,3.296389
35.107510,23.166298,20.932863,59.912125,13.357586,13.010799
21.803598,15.317998,7.275793,23.556885,5.043309,10.888198
11.413015,8.079790,3.746670,9.328733,2.366215,6.589900
23.801018,16.439507,7.453336,24.183805,6.602381,21.619757
60.541508,30.079065,85.988152,230.083176,54.492138,198.287598
10.285357,7.255140,3.810477,17.055719,3.826699,14.245415
11.385180,7.775960,4.491320,8.959641,2.012761,5.303909
15.949553,11.278319,5.028946,21.000990,4.369012,4.863587
38.361614,20.210924,21.939411,53.758629,13.689459,33.106113
23.989887,9.725852,20.374893,67.454506,14.595688,16.650232
22.365700,15.221596,11.293864,39.002586,9.494589,20.284605
28.385977,17.882864,26.047874,88.843880,24.065769,31.361618
19.719942,13.823630,17.542013,54.408112,13.619297,18.961008
8.953060,6.255364,3.887561,14.675995,3.054244,10.774456
11.495765,8.703443,3.605597,24.430895,5.596408,1.628523
5.888551,4.305855,5.672229,6.964287,1.138334,15.551517
16.187670,11.840431,5.920997,20.481918,4.584051,3.568944
28.759558,19.125299,24.445673,95.165009,24.232679,73.276421
18.685158,13.167437,5.788826,24.377642,5.839245,1.592383
16.379642,11.722744,4.948355,23.105860,6.361300,3.893266
8.857383,4.620847,3.690738,11.408367,3.221286,5.002005
24.255341,15.983451,17.777561,37.450066,7.050324,25.647223
16.372473,11.721070,4.575218,26.485989,6.073438,11.567906
27.189386,18.469620,8.738807,25.346115,5.264863,15.483500
29.615875,19.062332,13.422527,49.004105,10.275800,50.988918
46.777298,28.003096,68.906311,225.157822,53.053558,137.720871
15.361225,11.069324,5.811846,10.659031,2.905055,5.400026
18.057865,12.745163,5.898882,22.136604,5.167903,11.316237
6.219327,4.408814,4.468853,11.715471,2.854272,8.202442
40.542755,24.989088,23.646301,102.073570,24.030615,73.045509
9.139393,6.343501,4.240106,14.966479,3.860314,18.150263
69.676018,42.533306,26.831282,60.013451,15.021798,79.238724
16.581671,11.828166,8.062714,18.035967,4.410764,26.086565
11.624407,8.332515,2.860742,9.036329,1.425009,2.887655
21.383953,15.257803,6.444326,21.973259,4.401828,27.029657
16.749149,11.753137,6.330369,20.521414,3.836861,11.758561
41.750851,23.770233,25.547602,68.540588,16.965170,27.818451
18.297428,13.227357,5.590521,15.656751,4.360767,16.671494
6.578890,4.583188,1.939733,14.943609,3.127291,4.264264
39.353664,25.286633,12.451552,33.119534,7.866474,13.170153
18.099276,12.801868,12.540650,42.778957,10.006980,18.248695
6.425406,4.524403,2.454839,13.566389,3.834156,1.859328
18.639587,13.549984,5.747211,16.831642,3.435776,2.236275
7.657052,5.713133,2.080436,6.215579,1.575066,3.873595
28.517956,16.979027,43.188354,116.150375,28.311586,68.532654
9.639874,7.050148,3.185198,9.628593,2.886911,10.314632
29.586874,19.824747,11.018207,39.392677,8.521998,17.632889
6.536409,4.824116,2.500894,9.287555,3.126020,1.046669
35.622169,24.737219,14.424734,49.498653,12.371543,31.813509
5.987150,4.264561,2.385132,17.483147,3.418447,4.600243
19.484936,13.982681,4.657454,23.494873,5.110512,4.318877
23.437691,12.119481,9.916512,25.405764,6.691105,16.938814
19.340971,13.721813,5.283005,24.139080,6.643491,3.338559
13.505650,9.522084,5.516175,13.509939,3.255782,4.677275
28.284472,19.714832,13.904508,36.387531,7.662528,30.086163
13.422939,9.589631,4.623547,13.825300,3.461953,6.064018
11.627019,8.360392,4.454473,13.470100,3.886877,2.941327
6.387759,4.742987,1.656292,6.278971,2.623385,8.173967
6.204708,4.543674,3.698376,12.147768,2.302505,7.458158
6.497143,4.355173,2.318429,8.682752,2.981433,4.133370
12.176591,8.333179,3.513035,19.051889,4.162461,6.539340
7.089355,4.808486,3.140240,3.202022,0.335916,3.812344
21.265091,15.001944,7.815934,28.598835,7.699548,43.727287
32.218441,23.704878,10.336103,16.183491,10.325949,1026.260620
41.463470,26.765734,12.962170,20.087292,15.343451,1308.051758
16.383959,12.047072,4.997014,15.096085,3.374596,5.162954
13.104625,9.568228,4.225286,10.556651,2.449732,2.482110
12.542217,8.635284,7.235121,21.398642,4.961901,15.309566
9.572252,6.610246,3.191288,11.271945,2.843214,2.377565
44.394642,28.934540,14.539258,77.168961,17.444248,16.600052
4.583642,3.378575,2.703313,9.975823,2.577800,7.321922
11.476765,8.390172,7.982266,28.489059,6.105053,11.510104
39.516827,26.369558,8.510590,37.788269,8.089374,5.155087
11.501884,8.176588,3.112017,12.662033,2.707975,1.871301
19.749308,13.406483,23.834206,62.744766,13.742207,19.816429
21.545017,15.151266,9.287553,30.583225,8.165000,8.408270
29.001383,17.055052,17.090311,66.446388,16.098246,35.166397
20.979477,14.934333,5.755733,25.781208,7.203595,5.291671
25.093784,17.449722,10.166528,46.414478,11.895364,7.021682
21.423656,14.327734,7.293046,19.769085,5.820417,21.339224
14.167176,10.101432,5.610682,15.020830,4.138468,2.693404
6.946157,5.135285,4.743771,29.378859,7.621074,12.019042
10.115934,6.990155,9.003600,23.685368,6.987147,29.955292
12.398697,8.218746,5.431886,20.567266,4.721909,3.654047
34.710472,20.953863,23.946554,113.045425,25.653576,121.215767
27.589895,18.521111,9.223862,15.596463,4.372468,23.523951
35.956001,24.784632,11.220575,37.735569,10.560020,10.209259
12.273416,6.703363,4.763889,18.282633,5.310741,16.888323
8.559549,6.094789,3.555314,10.289155,2.572882,7.417859
7.297012,5.240366,2.698542,12.812048,2.845950,3.080072
15.663528,10.794365,5.641212,16.816435,3.698989,11.193005
31.434420,20.402225,23.216841,66.558372,16.204103,73.533020
7.391893,5.654847,2.375197,11.871570,4.173844,5.182835
10.788649,7.652732,3.374882,18.337055,4.372250,13.936307
6.639580,4.870347,2.548275,10.008973,2.158798,0.946980
22.395601,15.397342,8.051288,19.521738,4.480710,9.915344
18.935970,9.331393,9.031211,29.446709,8.370318,22.253912
18.048552,9.316865,8.972727,31.773380,9.013177,20.767345
25.556097,17.530029,7.957380,38.897713,10.590103,5.486148
23.249666,15.532027,14.599622,56.893993,14.311152,20.937498
22.006668,15.538570,7.151117,21.206032,5.620973,32.408535
11.967071,8.686102,3.867193,16.255045,3.726607,5.353520
30.674553,20.940168,9.002438,24.008600,5.094014,9.235401
22.113495,15.409906,7.835128,35.000469,8.796443,10.481709
36.817924,24.737062,16.714264,50.333191,12.459899,51.658001
8.903404,6.453937,4.461568,12.961475,3.550572,2.722721
12.723839,8.887118,4.583566,14.901407,2.826104,14.191838
16.310022,11.978070,5.464936,25.698303,6.599005,15.971422
15.754405,11.104276,6.298412,21.974518,6.532914,10.534976
34.230606,22.523815,13.032559,36.417782,7.808176,42.957241
12.366199,9.092764,12.609903,41.010368,9.076447,8.698560
50.294903,32.154125,22.358418,62.621265,11.954662,14.939773
35.152752,23.271412,12.333719,41.789257,11.190701,61.739918
17.840284,12.580745,5.397509,25.497473,6.593355,9.027172
16.758919,11.206847,6.580309,54.635010,13.184581,7.655525
23.800058,16.962523,9.836687,28.196976,6.810805,6.385553
12.647728,8.943322,3.815805,21.575598,4.626493,5.974364
32.488644,21.672935,24.024227,52.046543,10.582672,36.545166
21.587278,14.851672,8.500318,36.292641,10.192086,32.780609
20.128065,14.297666,8.855766,29.811287,8.714307,12.206532
15.574450,11.076125,4.155147,30.205956,6.911953,14.692608
8.942650,6.242481,2.601878,8.516827,1.500846,1.895482
16.339653,11.329075,5.131513,9.550046,3.125528,2.277606
11.463478,8.323404,3.643059,10.029613,2.576717,7.431669
18.748989,12.905329,5.930480,19.249638,3.148123,6.546374
10.086068,7.354680,3.769533,22.493639,4.815404,3.278487
29.048065,17.432472,28.376442,126.933784,27.721884,63.755402
5.023008,3.660329,2.803601,12.416712,3.487515,4.537586
34.499386,23.580061,10.813653,49.222572,11.020943,16.089893
11.828877,8.513530,4.606009,14.179904,3.212616,13.632117
8.266952,5.737101,4.007087,8.151186,2.218145,3.561954
53.361538,29.103174,58.873932,126.307831,30.068256,71.941475
88.287041,46.751133,95.371544,267.926178,63.988178,151.991165
58.760239,29.456099,64.988083,254.113083,53.013695,113.615837
9.155544,6.484860,5.411768,21.719814,5.397821,15.263636
25.718678,17.914818,8.874808,28.367016,7.414349,16.696491
28.322699,19.969824,8.215513,26.349155,6.796479,17.790182
11.086742,8.243224,4.692242,17.491154,5.949780,10.919540
12.793993,8.887682,5.086377,17.229906,3.994137,4.899534
20.374891,13.756476,12.754272,35.159382,7.709835,29.694799
11.673116,8.355280,4.166372,25.662046,6.940310,8.351361
27.775732,19.315767,8.568737,31.341604,8.478984,15.800173
12.593955,8.518886,7.934042,35.367977,9.331900,14.320015
15.097887,10.122514,7.271252,27.730221,6.429440,8.103151
6.254850,4.704232,2.519374,14.283664,1.985013,0.784366
32.476101,21.779900,10.915952,47.191887,11.113200,16.311777
15.555555,11.049406,4.832907,15.965382,4.757113,4.997436
12.731503,9.464659,3.269782,16.519739,3.931368,1.537033
48.114410,29.044111,15.884194,39.031555,9.225370,26.936235
6.913583,4.884490,3.260122,10.017943,2.325358,2.984997
25.294899,16.822401,34.995964,58.641479,13.411292,25.499243
29.175068,19.888559,9.675941,38.515247,7.584620,27.855721
11.092710,7.963617,7.147168,24.358868,6.560598,15.608363
11.988799,8.766569,8.134299,29.179142,7.346634,34.505917
14.985681,10.952589,5.004687,16.635155,4.034212,12.928507
33.333088,22.605507,15.041103,49.502117,11.607743,20.942432
20.017654,13.174002,37.678257,102.086075,24.362234,52.190319
18.819578,13.017844,11.472669,32.270386,6.181122,10.126531
22.235687,15.088705,11.087641,51.026924,12.126779,31.792816
46.308506,26.110600,34.799644,107.734734,24.592964,49.252178
52.139473,29.778929,47.825493,246.339828,59.949020,103.798645
18.648996,11.924459,26.791384,105.652214,25.038792,28.196817
50.321251,28.222443,45.316704,184.802872,46.703911,63.617683
57.541256,34.854019,32.553009,102.672859,25.596125,154.701981
17.624855,12.753411,5.957891,24.589350,6.596879,8.560074
13.449198,7.696051,11.723070,38.193092,10.042050,28.653940
42.430447,26.201366,39.269932,205.077789,52.192844,118.142357
9.909555,7.415035,2.607667,14.497801,2.598164,2.208867
19.603542,13.759241,6.668439,36.559280,7.867354,24.112541
17.491831,11.756010,5.087634,29.688915,7.681683,4.724648
20.704185,9.184889,9.772256,43.356133,11.764764,20.145754
18.897213,7.663951,8.908189,45.201893,11.237651,14.113856
34.236431,22.514940,49.426777,86.363533,23.374300,130.380219
6.963692,4.801735,2.618458,11.609995,2.720446,0.132704
13.045955,9.457308,5.197076,12.646036,3.346505,6.787012
35.720268,22.121841,29.203476,69.587593,14.715067,25.942989
6.856770,5.081176,3.311198,10.742632,2.443704,5.664546
19.647326,13.817984,9.855019,24.257786,7.565665,12.663470
37.301735,24.806849,23.010122,77.975861,16.550329,58.065037
10.188819,7.229673,3.792853,12.147677,3.363578,4.410296
18.247725,12.440872,12.275953,20.509708,6.285520,17.099054
7.804853,5.649946,3.549196,14.222673,3.435609,1.884970
21.189863,15.528744,8.160519,24.094238,6.652893,15.953308
35.538544,23.448826,19.821304,56.001263,14.568994,48.400776
11.552191,8.264493,13.584733,15.835377,18.918823,1113.189453
58.517361,35.246719,37.875771,123.889359,30.611658,153.270004
69.557968,41.924694,69.924515,233.509064,54.896294,234.400925
30.205542,18.786390,34.582405,116.891090,29.723686,94.432144
31.560350,20.620892,16.775515,41.282593,8.899386,12.380222
34.014675,21.850643,17.060297,53.407433,12.741255,49.413857
13.027125,9.375965,5.002416,7.752669,1.706034,3.064867
5.422188,4.093425,2.002995,13.375927,3.555865,0.409500
9.385661,6.953365,4.680568,3.859072,0.591974,5.225331
9.191823,6.482321,4.118346,19.922604,5.013540,12.771197
39.036617,25.511673,14.038070,59.558990,12.386222,29.779940
18.617970,12.203746,45.669422,177.365753,43.518986,175.475922
7.280429,5.391465,2.904889,9.936754,2.096986,2.257354
7.345554,5.384672,2.907024,13.797165,2.874343,13.428238
13.499396,9.299664,4.473994,14.095379,2.690555,4.249562
8.208970,5.492336,3.543582,11.321424,2.523416,4.044793
6.284152,4.653544,2.721771,13.173939,2.683732,2.552436
28.320583,19.315521,10.104520,26.084961,7.084999,8.152234
47.293537,29.672815,20.374933,75.763321,17.018526,21.370600
24.026274,14.728995,8.886756,44.625484,11.337241,45.594830
19.343801,13.658232,7.489676,45.079979,10.523186,29.994139
19.152456,13.049075,4.552538,18.870070,5.008551,6.957126
22.168877,9.430103,7.040208,24.544485,6.891346,26.936520
39.778378,25.244017,10.130857,49.505325,10.652828,55.268253
10.330856,7.527894,2.912734,15.137070,3.693904,2.707479
28.468491,19.015463,21.387423,71.809860,17.621084,17.082979
7.065620,5.245382,2.478961,13.700229,3.161456,1.528127
14.746273,10.367219,4.666137,20.502119,4.314857,3.594175
15.576192,10.899968,27.316793,75.436745,17.012329,84.342438
30.684538,19.641983,24.565479,106.461044,24.595737,56.302937
39.416412,26.153387,15.708927,67.574631,14.373108,15.579421
14.128096,10.219596,9.322659,24.878174,6.145232,10.264020
20.296486,14.033172,6.642440,16.180628,3.796875,7.897444
23.389404,12.649815,6.370233,12.518165,3.720978,4.511454
20.694466,11.678629,7.786644,23.065264,4.588282,4.929504
41.739868,27.515377,21.650627,16.560976,2.826423,16.347340
10.840244,7.228334,3.845674,13.544503,3.552977,2.207375
10.503162,7.179395,5.164796,9.642468,2.281949,3.799360
30.994991,20.850334,29.690264,157.542358,38.533478,54.655056
7.844575,6.138070,2.652325,12.528179,2.031995,11.548051
37.160313,25.091824,13.237023,39.469742,9.623939,12.320952
27.779856,19.056170,9.151349,34.978748,8.619815,9.202554
23.923029,16.428133,7.180453,20.243916,4.580634,12.337556
21.990101,15.409679,11.374181,39.657024,9.841760,22.319174
11.627121,8.150396,5.751674,10.595702,3.276068,2.542271
32.450794,21.631166,10.092939,37.790005,10.203731,39.429424
16.931677,11.745846,6.526980,23.370335,5.037676,2.994302
27.450811,18.711109,10.101252,24.917522,4.769966,16.135571
4.068394,3.088453,2.175162,6.870720,2.139620,8.415910
12.308942,8.569936,5.266869,22.526045,5.905062,3.350459
11.760158,8.539241,4.268054,21.129713,4.332707,2.543325
8.748249,6.109672,3.012838,15.468100,2.891864,2.945069
14.770260,10.384488,4.872895,16.917263,4.208258,13.886896
11.203454,7.602190,3.843802,13.289311,3.184155,5.875281
17.074362,12.459958,8.386922,19.387604,4.203437,18.021606
16.083031,11.065334,6.821347,58.896526,19.105782,53.601013
8.076211,5.876074,2.818789,11.180844,1.623930,6.550382
15.736652,11.184443,6.406428,2.968822,3.992420,305.672241
30.150135,21.055725,26.844255,102.980583,25.805128,86.751610
29.812027,19.984644,13.666670,44.322472,10.499674,43.082687
15.958855,11.067257,3.276740,24.998928,6.426270,13.277372
10.837092,7.724897,6.486065,15.621590,2.961950,6.926675
33.099533,22.804247,14.596777,62.657425,16.987709,17.443830
10.895126,7.569324,4.312329,19.539581,5.585849,10.218497
80.212112,39.462410,30.686867,90.679192,24.078264,97.406982
67.235535,38.296925,28.759714,115.564072,26.889875,77.596382
28.268784,18.872917,15.108611,38.068275,8.771708,24.712591
40.915092,26.383026,14.886856,59.795441,14.333194,27.492514
18.975777,13.195393,5.279963,21.272537,4.307262,16.792299
57.208050,32.543827,25.738605,112.269279,29.426517,64.641586
22.657850,15.834130,12.315694,64.654434,13.123453,30.388905
39.551006,25.083597,18.189051,92.233376,22.171795,21.800894
20.638262,14.337192,11.120489,40.167625,9.358661,26.333384
11.042109,8.135837,6.775926,5.437996,0.298291,10.624410
10.746093,7.573648,3.396267,10.597147,3.579643,13.198645
17.900480,10.842187,7.075700,35.619701,9.754473,28.585897
12.203503,9.008613,3.364045,13.528261,3.138962,5.481849
5.716265,4.187858,2.610309,5.450221,1.141029,2.250410
14.595160,7.281532,3.951612,15.919436,3.263626,11.518472
59.681072,36.708084,53.332092,121.965302,29.060013,78.066696
19.159124,8.934403,7.712276,20.166206,6.386499,11.514812
19.348465,8.904865,7.871727,20.728565,6.709423,11.334165
39.009491,24.820583,27.149073,95.819061,23.648149,32.543449
13.826888,9.426886,5.564420,16.599842,4.195936,8.243352
4.702564,3.341420,1.783960,8.612647,2.617574,5.056336
7.293965,5.183049,2.883431,6.983867,1.605581,3.441681
22.778967,15.466411,9.236632,39.294308,8.468204,4.603528
35.792080,23.049061,10.172557,36.636200,9.823377,13.797367
36.724941,25.114386,31.172327,72.714211,16.640049,64.586105
5.000012,3.961425,1.970805,18.043306,5.322335,9.862755
33.077461,21.940266,12.115932,38.628113,9.219951,9.877192
7.849982,5.767475,2.879801,8.573168,1.752328,1.871474
15.395776,10.587307,4.825618,11.341511,3.571758,18.900663
4.462780,3.385771,2.674202,5.753330,2.661172,9.461241
8.422832,5.967517,2.947188,10.986593,2.781637,2.636153
30.432999,20.493551,10.311715,26.608381,7.535814,22.878937
7.786175,5.651707,3.380805,11.933751,2.355318,11.550491
23.071613,15.926650,14.987757,43.231483,10.588481,9.786134
4.897364,3.382912,1.792256,7.956544,1.412528,1.904917
28.728155,18.938015,12.881834,68.592407,14.881075,19.442070
19.657593,12.951507,3.961764,26.065268,7.059555,31.248430
15.529744,9.354971,4.557306,20.781204,4.548921,9.205197
28.468151,19.892576,17.221256,50.572746,13.163539,98.161629
39.468216,26.061361,11.975717,62.005333,16.412931,37.319599
23.046923,16.038807,14.039318,75.014198,18.583418,16.828712
15.054290,10.301399,5.276244,3.748964,1.163728,7.836524
24.226219,17.163380,4.985023,26.574852,6.751524,26.701878
29.818541,17.728491,20.625544,119.103035,25.392220,29.432959
5.827495,4.200315,3.450161,10.593349,2.710882,4.105174
22.585623,16.096243,6.186237,22.039129,5.700755,6.258376
6.713705,5.109243,3.674594,8.988226,2.472100,17.158556
10.648358,7.421885,5.438107,8.559465,2.792317,6.866786
18.049906,12.405003,8.167418,26.498774,6.525312,8.012513
12.677054,9.050363,5.147885,6.036773,1.189494,4.615758
8.612478,6.163797,3.411282,3.828286,1.937533,5.489432
40.294201,26.595100,25.870098,63.706367,16.099407,33.454521
32.136311,20.639595,31.774509,138.581314,32.231640,68.502266
13.715893,9.921388,2.616318,40.836887,10.409883,3.272530
8.193338,6.209395,1.589229,7.537343,1.812088,0.976242
31.361837,21.063606,11.140155,42.435261,9.700850,13.559649
9.162026,6.624661,3.179095,16.857605,3.720262,4.886799
27.182238,16.169792,9.298348,31.723772,7.376884,37.133442
14.391073,5.376117,5.952370,31.201193,5.992484,13.449110
8.045678,5.765273,2.678441,11.987864,2.745773,4.372035
7.181084,4.890912,2.493520,8.545954,2.327515,1.155736
52.281998,24.505104,16.710512,71.476883,17.073517,61.504910
36.297962,25.027960,13.445851,19.451756,5.312289,31.019924
4.010096,2.912590,1.717196,4.279783,1.511879,3.047144
8.330350,6.183974,2.870933,3.403138,0.856731,3.515625
6.340272,4.727330,2.219015,8.187577,1.177667,1.134052
15.239875,10.438644,6.286114,18.443932,4.828913,10.446326
19.167805,13.618089,5.153223,17.995386,5.605942,31.673077
15.158622,10.808068,7.272274,25.728691,5.418680,7.818168
24.438946,16.515291,9.822806,33.641197,7.634728,6.041574
8.032768,5.705348,3.035492,14.064795,2.340239,0.470567
12.028872,8.427955,4.382061,16.925037,3.898562,2.018442
8.664694,5.953834,2.831560,13.145969,2.708116,3.921043
9.519073,6.733286,9.228099,19.372084,5.033563,10.648507
7.904379,5.617017,3.490467,17.183182,2.776102,5.552481
17.490070,10.347799,5.167912,10.966732,5.235116,14.427750
20.978361,13.004147,6.854812,28.306276,7.900419,18.467148
8.450246,6.161003,3.485155,11.251904,2.321778,5.061353
7.133921,5.283816,2.280772,11.091475,2.195074,9.519161
29.312279,17.710169,31.602219,84.828438,18.277323,55.420792
5.216937,3.817024,1.127449,12.639281,1.944262,0.536294
4.035063,2.986297,2.374918,9.034422,2.333232,6.721004
8.339592,5.776132,3.754928,8.491714,2.611486,5.463742
8.677270,6.157767,3.418394,18.417313,5.467383,12.386288
21.931368,15.756199,13.015772,42.617832,9.166452,29.115747
11.721073,8.002544,4.265368,16.627979,4.078672,6.372689
25.443649,16.308681,18.435522,74.707939,16.895750,43.925228
33.204769,22.623850,11.255841,43.689617,10.920730,39.712467
12.919485,9.296405,2.418244,18.805042,3.323530,2.070672
15.091308,10.363754,5.574796,21.689493,6.064240,5.715487
6.973485,5.488831,5.874565,16.174034,3.726360,5.334204
39.763214,21.874334,13.663186,25.890818,7.957711,20.061741
56.168388,32.136349,19.945379,52.420067,12.380737,30.695316
14.341124,9.734044,5.085782,16.743561,5.018452,13.960293
14.239012,10.017336,6.626621,3.339147,0.860718,12.543409
16.248640,11.157346,10.258059,46.539841,10.873099,50.430271
52.993359,33.152527,14.984690,66.511406,16.633785,60.560753
17.368898,12.389101,3.699565,15.926482,3.891309,6.595885
20.961226,14.833970,4.817338,21.649948,5.181687,12.864954
5.597569,3.715451,2.740303,7.646677,1.551407,8.066710
32.710484,21.201675,16.708660,67.244598,16.153860,52.374069
6.489613,4.442348,6.229443,21.722502,4.744064,7.549614
29.222736,20.325571,26.226879,87.207321,20.913464,31.199892
59.288280,33.760742,37.395020,84.890892,19.658415,54.846394
32.492928,21.848726,10.221650,32.924789,6.931189,11.830940
35.390686,24.147453,9.318913,28.269369,5.965770,19.170244
80.616615,46.819344,107.081696,359.546387,85.864052,183.791016
12.307080,8.678267,4.338029,9.832771,1.907877,4.491090
16.536175,11.634297,4.765028,11.502563,3.055145,16.602352
23.968674,16.595079,19.724789,52.786243,11.741042,54.694298
5.141761,3.538291,2.351559,6.893434,1.927752,5.517792
26.094284,17.855101,6.681826,31.019146,6.835615,15.076130
34.498032,22.326574,27.120361,87.370583,21.814648,109.477448
10.691013,7.461751,3.750124,14.341732,3.839846,1.961133
29.451094,9.659133,16.354214,66.428535,17.076136,54.397144
30.578127,20.724102,8.945627,13.841281,3.121196,16.357311
56.993874,34.578262,28.951803,122.740761,29.487093,103.884857
5.856016,4.063658,2.536653,10.976902,2.745640,6.401341
40.138073,22.613718,15.172087,51.140255,13.446039,37.162689
8.695047,6.167367,14.182240,56.338482,15.726576,30.429523
5.754195,4.275821,3.365005,5.279029,1.099491,4.830921
8.855678,6.567389,3.166720,12.145149,2.898317,6.725748
11.219437,8.429613,5.076145,16.632597,4.254406,15.269980
12.879135,8.710504,3.817648,15.201168,4.619124,3.495959
9.243883,6.631942,3.656647,11.056430,2.384897,6.564628
4.801619,3.702783,4.899742,24.971970,5.328125,13.838281
14.425733,10.134345,5.365919,4.010385,0.616479,4.612472
7.378511,5.570791,2.048519,8.210536,2.610650,5.829458
21.355303,14.376954,7.618067,30.192667,6.425550,14.923979
26.346502,17.611065,16.663021,53.609703,13.530205,13.686920
22.613514,15.692961,7.434109,20.969296,4.384604,18.571011
16.414742,11.863863,5.834494,17.264305,4.824724,7.441027
9.568792,6.490722,4.521757,12.979923,3.868873,1.666625
35.652500,25.150703,11.999309,25.743490,6.832406,11.662258
24.236820,15.674690,20.420584,67.959244,17.187086,49.300922
16.719120,11.736679,15.689848,50.103973,11.898255,61.551098
17.817497,13.035294,6.836679,24.324303,5.921143,11.785050
41.876930,20.097195,13.453617,60.682781,14.913498,26.252697
13.379622,9.569184,3.879260,32.512642,9.294635,27.637760
8.424259,6.255933,2.833290,10.489703,2.274405,4.531773
7.389477,5.372007,2.763949,24.308729,6.454259,14.125772
17.085560,11.801415,39.847073,49.974712,11.348474,22.110573
10.288168,7.382195,2.749101,17.938564,4.200977,3.824927
11.678835,8.256516,4.470478,8.503790,2.561315,2.247954
16.864111,12.450989,6.648614,19.197735,4.494812,7.689553
5.220695,3.812927,2.484833,12.244781,2.630263,10.486745
28.266680,19.644737,7.931939,28.873814,6.114004,19.255602
8.637584,6.350295,3.607893,11.887324,2.264188,4.317567
34.470394,21.710449,20.235601,91.137390,20.402239,35.008923
40.253838,27.287523,15.473848,46.260147,11.561037,27.827326
28.498501,19.332697,10.505980,27.134979,8.549798,43.876572
18.109055,12.341160,22.729254,69.907982,15.219116,39.429554
12.672019,8.817054,2.827985,15.674669,2.799192,4.268203
10.628836,7.936251,4.129034,14.710695,3.687704,14.277601
24.477968,16.823959,9.201959,25.434982,5.579461,8.975829
17.220644,11.867273,6.179754,16.914427,4.676938,11.635789
16.664568,11.809298,5.447013,12.678556,2.052669,4.838281
57.940357,33.904964,28.463118,88.466896,19.387363,69.168129
12.008691,8.321483,4.745454,16.180079,3.028428,18.131910
30.882296,20.082596,17.462946,67.785835,15.446949,22.521189
18.731119,9.539902,10.349265,33.351208,8.187903,6.638459
12.241181,8.750040,4.347688,10.673023,2.377514,6.940237
14.811505,10.637904,3.528465,17.096418,3.858570,12.670860
26.161142,17.930426,12.840291,42.511940,10.625172,21.315853
20.588825,13.995457,9.974453,40.022305,10.419892,37.465233
6.125261,4.346547,2.483621,12.848102,2.596463,3.166184
27.243219,18.525537,7.980631,24.169277,4.382541,5.291744
12.319908,8.608168,8.600573,46.047108,12.035159,33.487320
6.595599,4.849450,2.729482,9.814433,2.092227,8.753894
14.962348,7.988275,8.026215,10.313406,3.135928,12.255960
13.006145,5.538944,8.607644,16.559399,3.487336,10.387625
11.062732,8.015379,3.399807,15.362850,2.849782,3.665352
30.312401,20.667816,11.749134,41.556828,9.062455,20.669085
21.536457,15.178935,8.308152,31.826458,6.245112,15.940567
17.955494,13.232763,10.386196,30.167719,7.344727,8.033713
9.799496,6.947401,2.724506,13.483254,2.373314,12.354990
8.137342,5.927188,2.306442,10.176333,1.611706,1.376927
5.625271,4.348570,2.831559,11.694601,3.172610,2.566246
27.953875,19.632732,16.126637,53.426258,14.192514,35.142460
22.627920,15.701827,5.638340,27.584797,5.762488,30.731256
3.866107,3.077660,2.268247,7.433047,1.410976,3.515487
7.201263,4.896694,2.904962,10.363049,3.185324,1.126754
27.940071,18.360619,21.345800,71.903938,14.718944,24.188171
11.100843,7.602730,5.108860,13.588761,4.691813,2.367392
7.925638,5.421476,4.142856,15.049986,3.002050,7.085296
28.198681,11.699528,10.554604,39.430553,10.586451,16.313555
27.425695,11.726763,10.422059,44.405445,11.461119,12.926009
30.328674,21.116442,14.539103,39.994480,10.319558,22.499695
9.977900,7.125505,3.960443,13.754924,3.740376,20.147160
12.341900,8.762216,4.272001,1.934707,0.885818,8.707418
16.011669,10.891043,4.749796,30.788134,7.962764,18.356579
12.984159,9.201646,4.285898,9.108971,2.554661,3.527599
15.673077,11.060019,6.863632,7.093932,10.093513,709.410889
11.777791,8.478829,3.991791,3.326839,0.608998,7.180148
23.912413,16.151894,7.245304,22.047401,4.820560,7.958111
15.169419,10.444149,7.303381,40.250160,9.924656,9.388339
20.823435,14.262166,9.935286,62.097080,17.127581,48.820293
20.582586,14.640710,6.376468,22.258877,4.856536,6.741365
5.174632,3.653313,2.276808,2.022647,-0.083219,2.450812
12.316519,9.285376,4.011420,8.550028,1.887018,10.081587
12.001231,8.728282,3.919771,11.334042,2.898033,31.287361
6.945000,5.226909,3.337732,9.492139,1.940665,3.842729
19.561968,13.987724,7.227107,15.045360,3.768486,14.262061
12.596594,8.827478,19.850517,57.016964,15.545144,30.857389
11.645761,8.333512,3.944363,11.794340,2.757912,23.312260
13.736876,9.263006,7.178976,36.326778,8.949640,15.921593
33.053802,22.216873,10.870357,35.191601,10.239058,47.170856
5.440007,4.087574,2.427182,7.403615,1.744431,1.859888
11.365672,6.555683,4.668912,12.893996,3.353059,10.516864
21.455355,14.326033,15.860722,72.897469,16.575699,17.540739
14.507289,10.395497,5.011583,7.353606,0.037770,4.872146
18.118641,12.897094,4.433848,16.516468,3.669619,7.221404
33.758114,21.146851,24.214153,69.357193,18.158701,25.221243
18.023493,12.464964,5.086374,14.658566,4.417393,6.120423
7.979377,6.007463,3.511413,9.877416,2.533178,2.561024
13.309503,9.551045,13.889687,50.585583,12.658324,19.649078
38.147652,24.722689,26.005096,115.708961,30.088766,106.210205
34.234070,21.232517,27.253592,82.254837,20.506645,43.403927
10.360097,7.494170,4.309204,13.408925,4.083565,9.010805
20.615488,14.967094,5.471436,23.465450,5.300020,4.423071
6.938573,4.734673,6.378526,26.628193,5.010246,22.662281
4.977766,3.818570,4.220997,7.817927,1.852826,8.705601
12.712107,8.578221,3.923573,14.809288,3.064467,6.187577
25.070026,17.428728,13.157100,22.061396,5.060589,14.827229
22.048580,15.000641,5.791501,16.718081,3.668219,4.574034
19.470417,13.709149,6.279454,21.695265,5.865435,4.303782
14.700333,10.614052,6.467011,27.733120,5.703638,14.438813
5.296873,3.928336,2.821801,9.706123,1.948050,4.454026
20.532564,14.483092,8.256346,40.056522,8.537799,6.473543
50.806988,26.393063,45.632477,160.803955,34.899261,125.761848
20.499580,14.873693,5.104681,27.403288,5.489168,9.103868
48.811718,30.346663,16.341646,44.872292,10.978703,19.401253
23.590631,16.728334,8.098204,15.161308,3.601865,3.594191
29.066519,19.454008,10.450535,58.299728,16.801771,45.113926
10.764938,7.700626,3.401253,12.600821,2.861927,3.714879
13.483776,9.952603,9.295123,45.533562,9.796854,16.453794
39.730072,24.894083,11.276144,47.155323,11.688608,16.345539
22.422676,15.049757,12.633632,39.894661,8.288989,82.590874
11.223805,7.781216,4.175856,15.809393,3.424328,6.380484
7.142166,4.994639,2.889658,7.500634,2.725250,8.094049
28.850134,18.856741,24.505878,82.676788,20.012100,72.783073
12.328915,8.874245,3.353155,7.912620,2.218045,2.039022
18.723543,13.236687,5.938316,16.195753,3.620680,3.650835
6.781747,5.283173,3.748150,15.941743,3.527396,8.717994
37.772297,22.608339,14.433114,47.582218,12.115913,45.393398
20.322075,10.453011,8.848606,38.800385,7.844126,19.143711
21.894743,14.674694,8.253853,28.365980,5.409579,15.858562
19.112785,13.032864,6.217688,22.985579,6.257908,6.301219
29.548506,19.345371,13.263676,56.035439,13.449272,46.048599
4.537665,3.678944,6.195638,21.776363,5.231417,5.140449
8.929112,6.330651,2.735492,13.386085,4.750073,7.068188
10.497709,7.434925,3.705110,15.465285,4.140801,7.114866
19.030212,13.523845,5.432849,4.530344,0.742751,6.143506
11.120703,7.580438,3.726106,11.494183,2.548957,8.861695
31.607494,21.230541,11.267982,51.259754,14.619728,34.650162
6.974091,5.043178,3.275765,8.324965,1.831661,3.355891
19.761892,14.020456,6.197366,16.024584,2.731645,6.813733
11.109213,8.004551,3.498270,14.779265,2.882591,8.611182
9.723763,7.139866,4.031238,31.145283,7.211175,7.277924
5.623383,3.938835,2.794986,11.379792,2.711416,5.456604
14.203636,10.180064,5.142649,22.065855,4.877471,21.843149
6.803073,4.776206,2.423324,7.228920,1.732755,1.492678
4.739529,3.500253,1.721460,2.489498,1.479222,2.350091
16.692583,11.233550,5.610138,21.377235,5.314650,7.083819
7.428886,5.341669,3.434528,10.070167,2.539414,5.488959
6.991156,4.860041,3.461296,13.798929,3.521450,6.960972
73.452919,36.066730,49.005142,138.295349,33.415783,104.161530
6.029354,4.562502,2.768153,14.987143,3.249019,4.272971
42.476948,26.812998,44.972553,156.116592,37.749569,158.259476
9.485942,5.962992,4.900753,38.271751,9.124467,4.488249
7.956272,5.869438,4.076910,13.140654,3.505901,10.239784
6.177612,4.514591,2.400828,12.745083,2.643225,7.568066
5.882145,4.465799,3.181082,8.745502,2.593325,6.127199
7.592886,5.043273,3.200217,9.718041,1.699034,5.091818
7.089242,4.905532,2.939173,16.016272,4.318836,2.394832
17.796043,12.707527,9.357370,18.833208,5.802311,17.567450
32.636642,22.740334,10.616095,35.044941,8.436267,12.288909
10.098641,7.370456,3.051034,12.656767,3.502905,5.059401
14.639143,9.891495,6.179166,18.402534,5.943927,14.398192
9.608034,6.921231,2.297941,13.988791,2.365742,2.067067
13.119064,9.468684,5.799204,30.169292,9.095308,16.287226
11.376861,7.938679,3.403342,8.797332,2.502230,1.785111
5.525502,4.170972,2.529895,13.325884,3.255665,2.820988
19.664276,13.630893,8.761697,34.996048,8.772834,21.020033
47.644196,22.085501,28.472784,93.562813,23.777832,50.450020
47.641357,30.436623,21.074532,63.738190,14.207806,37.562580
12.792009,8.246820,13.037396,55.821499,12.341060,9.913088
20.497723,14.183964,20.245979,48.354618,10.221509,28.274754
54.186047,33.417469,20.110468,54.700447,12.832810,18.179941
8.488992,5.913106,3.153039,17.570412,4.510658,8.012792
29.552607,20.274557,5.240000,29.595240,5.940246,13.860920
14.976305,10.851715,7.247095,24.946224,6.439125,6.277837
67.216087,30.392143,134.491440,413.760376,98.036415,172.662735
6.893347,4.778728,3.128606,14.997931,4.316982,4.259906
37.607609,23.382465,15.007840,58.596443,13.059193,13.455739
9.078381,7.053345,6.394241,27.205692,7.805508,9.712131
32.737480,22.351860,22.424738,104.819519,26.459543,14.042818
12.147607,8.805005,3.057051,13.499393,3.660994,0.816057
25.137144,17.185728,8.978452,28.390566,6.521121,12.630319
23.573708,16.476494,14.155964,32.351185,8.113830,18.788485
8.674222,6.039824,2.646888,14.387337,2.546252,8.796642
19.352865,13.662402,17.944611,6.267179,21.281826,1608.724609
31.150063,20.924686,14.770226,41.911808,9.412741,11.405757
20.961102,15.012168,10.596891,37.088596,8.748780,35.833630
22.545284,15.622712,6.640775,22.137518,4.122498,7.949250
23.231363,15.631963,7.042360,18.835487,4.813748,8.282360
31.670403,20.361578,11.483685,39.874035,9.077970,14.933583
32.796665,21.208765,14.360372,44.488266,12.719717,21.013357
13.860872,9.474195,4.175510,19.131186,5.208383,4.036006
28.823080,19.560246,10.226754,30.697001,6.309268,3.487042
5.717171,4.223183,3.576280,8.352093,2.804642,4.815264
9.223947,6.967170,4.092761,17.346458,3.676204,6.288952
23.355059,16.543764,6.550359,24.091270,6.191172,21.888023
15.334909,10.813151,4.397638,14.996711,3.931420,7.964375
5.816480,3.994634,2.001390,12.275227,3.000564,4.210473
23.443209,16.229429,7.445815,23.557472,5.784520,8.176681
14.945300,10.380506,4.328882,20.372412,5.611509,7.231364
16.031868,10.979026,4.614723,14.021223,3.156886,4.428671
10.073908,7.215580,12.322951,32.909546,6.016920,28.251297
22.254045,15.801916,9.079417,21.380545,4.826289,5.295226
24.918905,16.724766,12.301806,43.997181,11.047099,48.847469
15.353111,10.838351,7.447363,37.677597,8.192188,14.500431
31.029095,21.246597,8.161041,21.181799,5.976604,4.367867
8.912868,6.278794,4.337279,34.938545,8.339639,13.099356
8.636884,6.194170,4.214513,10.013516,2.127483,5.709815
16.360317,11.450391,4.242996,26.905867,5.394301,4.722239
17.948126,11.896569,14.302029,42.221058,8.475718,8.125706
49.767502,29.490841,42.213142,161.922211,39.439472,88.191292
10.398883,7.525298,4.317561,12.293812,3.203149,7.731139
17.807322,12.240492,8.436328,37.051495,9.978530,4.373252
13.440495,9.603395,4.584974,23.829681,5.867508,27.643389
31.141384,21.574047,12.402007,36.206177,7.910127,20.602165
8.146477,5.557833,4.764919,12.244193,2.688178,3.708179
60.906021,36.978874,31.433661,120.646828,30.011427,119.778458
16.840942,11.683112,5.773059,19.142700,4.502719,3.315834
6.981099,5.116378,3.587590,7.568409,2.152988,5.738576
16.640167,11.742298,12.200961,45.114929,11.756043,30.387318
35.963604,24.114115,15.261697,42.089226,10.247670,18.879505
18.620644,12.695714,5.339699,23.367739,6.821376,22.678877
26.488785,18.615698,15.434899,29.065084,9.077853,8.119511
18.424150,13.051350,5.935663,18.487795,3.828461,7.920832
25.036499,16.761108,26.930408,80.352501,19.884514,54.767986
15.248218,10.711750,6.512679,14.418952,3.069419,5.351674
35.369793,23.346235,16.414085,44.303604,9.951544,13.043806
39.239609,26.426672,17.328920,70.777222,16.080202,74.095947
37.688271,25.651802,23.775335,84.897079,20.646656,43.559704
10.210665,7.423006,7.621009,27.118361,5.903419,23.323212
8.873698,6.126606,8.301899,40.382092,9.838199,24.100618
10.393135,7.588090,3.691234,11.435733,3.843250,10.781411
6.989424,5.145739,3.698154,12.354319,2.462928,5.355193
50.263660,23.139835,21.371948,91.804237,24.364786,41.768097
49.905529,23.128231,21.568750,105.986664,26.303497,36.489700
8.905688,6.451726,2.576571,10.778872,2.757744,3.116167
7.090433,4.916827,8.819254,33.024761,7.734235,9.942601
26.892878,16.481014,60.033566,171.330292,37.575325,119.319954
21.366425,14.325390,6.890429,17.747709,4.490264,7.529048
29.134090,19.144190,21.257755,40.744087,9.997770,61.761673
6.564888,4.777945,2.287839,11.716660,1.693857,1.655373
42.310390,27.641790,12.506520,48.759911,11.758307,19.655865
37.710449,24.363342,33.408401,87.945648,22.346001,189.359985
7.490690,5.378184,5.207225,3.825421,1.442106,6.796109
8.212976,6.091820,3.031363,7.004810,2.358893,4.558360
6.985571,5.270831,5.017389,14.137085,2.835066,7.733397
12.723268,9.084970,4.020898,13.713915,3.319580,23.020763
19.397919,13.636736,6.059570,21.689833,4.774399,16.935308
7.050012,5.240191,2.425516,10.783737,3.663213,2.013952
8.394333,5.855284,10.186797,52.091171,13.864713,9.658335
11.848561,8.377170,2.999517,7.710783,2.252879,2.872655
35.705639,23.726229,20.781610,68.169037,15.680218,56.528950
17.711609,12.666483,5.817320,27.414103,6.546042,5.872692
58.763401,21.842674,36.794289,120.737022,29.092978,43.179489
12.934690,9.129785,3.386191,15.077897,3.180638,3.629175
17.076418,12.182375,4.875244,17.298626,5.383278,14.785540
10.704759,7.909074,3.850678,11.169950,3.312522,6.644511
29.049179,19.540676,7.028750,24.896927,5.804286,21.357973
6.019071,4.520241,1.859378,13.009489,2.330491,1.412196
52.202309,30.069366,39.120918,147.845230,35.931206,96.477180
33.901581,23.122091,10.126226,23.882151,7.271275,11.890986
9.971454,7.557144,3.988925,16.637152,4.504219,3.819323
22.575603,15.665158,10.934259,49.913460,11.681405,26.145634
36.500904,24.150114,10.490463,33.290245,9.208480,16.138140
7.364002,5.167675,4.193664,51.571297,13.709895,34.276283
70.651627,26.671770,33.237392,92.499832,25.308897,56.738209
68.929924,26.792028,31.812887,100.127991,25.389214,45.600296
7.851048,5.669915,2.972186,13.705425,3.257389,12.115951
9.261230,6.675541,3.639708,9.535969,3.072341,2.661539
9.994141,7.668049,6.919142,15.463337,5.548769,24.676975
19.271894,11.449220,15.203608,59.853031,14.217340,44.800079
15.394138,10.256130,13.565823,66.687767,14.973969,46.511154
49.220779,26.737814,75.855705,220.011169,54.995922,107.472939
25.504845,18.102749,7.924310,17.551594,4.007912,3.294436
6.886304,4.854471,1.877077,11.348152,3.215851,2.600955
13.747893,9.945616,6.840816,21.570810,5.557908,14.149945
13.074895,9.205282,4.319439,14.636956,4.059455,4.646931
60.844135,33.288258,51.344719,219.587952,57.643074,240.255234
36.247929,23.928297,41.572536,86.326561,20.138716,34.174984
20.911009,14.206373,12.949433,43.609856,10.576344,50.370419
27.699566,18.787975,20.708138,81.848648,18.959412,25.760260
8.287519,6.088560,3.640881,11.418877,3.295367,4.029280
16.925684,12.062119,4.996130,20.736490,5.867120,3.250261
8.323565,5.646045,3.277993,15.442220,2.150149,8.133484
10.703871,7.683785,3.910255,11.567604,3.082169,10.673902
45.978146,28.076544,13.341475,39.664906,10.015039,54.004395
19.890766,11.422665,12.753976,43.914803,9.200808,17.476583
11.908092,7.388488,4.221664,27.606686,6.338401,3.490883
5.692382,4.159396,2.095531,15.114585,3.139907,7.056212
41.390469,25.541294,28.344465,114.925766,29.921829,111.050163
8.177121,6.125593,3.618444,13.165476,3.059652,1.904601
14.082435,10.150445,5.402197,17.277151,3.092487,27.572588
26.910955,18.098963,22.627707,65.891876,15.853794,36.917427
23.235901,16.083693,24.857700,45.307911,11.875713,9.687389
20.066219,14.456883,5.611889,25.600815,6.371267,12.806990
13.343738,9.214857,4.368958,24.266979,6.134275,3.477550
6.934032,5.186643,2.360325,7.244413,2.779780,6.308272
6.611545,4.831708,1.932981,11.811046,2.227041,5.652859
11.074425,7.542600,3.912061,16.896072,4.441167,13.937757
22.723566,16.365232,9.671576,42.304295,9.183150,14.458061
15.705805,10.989650,4.335990,12.384586,2.633872,11.455088
14.693302,10.283662,4.188453,15.211530,3.759120,4.900624
56.808899,32.287262,18.395548,80.695877,18.196918,31.920164
13.141001,9.698440,3.598907,3.250594,1.177292,7.500540
16.153467,11.462394,3.320033,27.107189,7.095899,6.293975
58.516335,27.461290,23.630369,80.671112,19.064919,48.031227
13.176332,9.382308,5.229954,16.560398,4.544609,6.619809
28.643799,17.999500,37.568085,119.519714,28.445822,88.218719
9.228585,6.520341,3.416702,15.196191,3.811540,13.455210
7.733249,5.680536,3.304922,11.935971,2.544521,10.928288
4.898970,3.883462,2.546867,12.400367,2.858575,3.082615
8.426414,5.760172,6.964081,20.557440,5.768889,8.990355
10.791356,7.744283,2.526187,15.529274,3.798531,29.074089
15.841851,10.857308,8.797854,51.153419,12.842253,16.345995
15.895302,10.808567,4.851175,34.959229,8.115585,16.687489
21.747644,15.561690,5.826586,21.440592,5.318587,19.013693
31.346117,21.195492,16.622301,55.277229,12.720155,29.115448
20.530882,14.673969,11.037189,30.014441,4.950731,15.232544
5.072690,3.924742,4.418949,21.719494,6.273476,45.289181
18.157763,12.802500,6.395885,21.638577,5.329668,6.607011
12.676691,8.871074,7.832294,29.871790,7.508864,8.664936
17.214996,12.379311,5.580750,19.629509,3.654673,5.630324
15.273746,10.510077,6.496454,31.625282,7.397940,8.843362
31.009060,19.769085,20.505318,62.576622,15.701834,37.850368
13.358866,9.627094,4.071679,22.658979,4.785826,1.527799
11.140492,7.947218,3.337117,10.717648,3.161901,3.566889
5.270263,3.853693,2.053909,0.837340,0.530674,1.822032
28.773537,20.135405,11.603940,33.477104,8.059833,8.796921
11.667017,8.175543,4.067459,16.571712,3.806470,3.512493
71.685951,41.616703,85.806442,316.130981,77.500137,190.094681
5.898049,3.951131,2.745772,8.442094,1.994713,5.478230
16.217501,11.629950,5.870171,20.864067,4.739592,3.831801
18.157574,12.828069,4.726687,21.114721,4.564897,9.597124
22.761183,15.443988,12.392003,34.936081,7.366976,14.665852
57.985981,33.499233,59.703735,258.400360,65.830414,223.350342
14.303720,9.863128,5.439038,5.678418,0.368630,5.388353
9.661510,6.663395,4.441263,16.379948,4.592458,5.244661
6.395475,4.835167,3.419800,11.630123,2.973794,4.238320
16.905123,11.756839,5.558072,33.022923,7.793100,3.166172
17.648888,12.184205,4.828147,16.767567,3.639620,5.526932
8.318776,5.925937,4.659689,20.742426,3.690762,4.207642
9.420632,6.372791,4.464987,16.000826,4.492260,5.674785
19.874390,13.790090,12.148278,39.374447,7.339391,12.805562
78.342102,36.329391,55.035389,168.653732,38.833237,39.414742
22.892223,15.443088,5.646875,31.238710,7.926549,32.136906
32.646057,21.854383,11.885138,34.222080,6.911699,41.477215
6.217125,4.119153,2.150239,10.423440,1.616255,1.610895
6.509098,4.422198,2.596972,9.530052,2.451463,5.206628
10.854362,7.863595,7.276794,31.176191,7.944088,32.892284
19.380527,13.573337,6.015972,12.862463,3.861428,5.755910
10.500767,7.480410,1.688597,13.356964,2.277268,2.731083
16.165714,11.590020,5.920218,31.461134,7.506819,10.205541
18.300434,12.619795,10.042272,34.733013,7.765921,36.101429
18.028563,12.377808,12.937226,17.036924,3.066229,9.740340
16.478979,11.398086,4.767893,4.261016,0.571600,1.984858
10.641800,7.534445,5.887824,16.293486,4.468447,4.893654
24.503372,16.943771,6.986567,29.449568,7.370006,11.175532
4.897977,3.740157,2.737746,11.340374,2.499494,-0.069593
39.761120,25.730368,11.708863,34.922924,10.285387,7.114606
14.538192,10.305705,7.392671,30.515213,6.551059,3.041922
22.020082,14.729780,8.229316,19.352077,5.252632,17.515903
12.930890,8.983730,2.980353,50.801743,16.340578,48.151199
20.777044,14.417003,5.554455,22.914558,5.463016,5.266862
19.187359,13.077292,9.751510,41.243416,9.557441,33.760803
6.081245,4.366906,2.866715,12.359721,1.923276,2.005958
83.777351,47.349918,85.694885,270.621460,70.551735,497.280884
49.312920,29.659834,13.746123,40.573387,9.980960,16.947042
6.424088,4.775655,9.996630,26.633060,6.983649,12.820248
19.745441,13.233931,5.724684,24.162376,5.210503,7.417351
8.784235,6.593779,2.746682,13.566094,3.706288,15.833439
6.823227,4.862551,2.874287,11.935180,2.750627,6.580381
26.957321,17.118877,26.346794,86.485878,20.009583,45.436028
8.891066,6.314275,5.540478,29.332987,6.184457,18.759083
26.880856,17.352766,19.057552,71.215935,16.946566,10.468270
40.411621,25.839033,13.391819,57.850391,12.854319,46.460693
7.314508,5.420905,3.493032,6.937450,2.997941,6.563469
28.199982,19.245394,8.316378,27.748093,5.961177,8.920715
7.824366,5.722525,3.278601,15.133974,4.423431,2.148348
26.950790,18.133387,11.582767,66.320953,14.339692,44.870258
5.244339,4.005866,1.615504,12.844184,2.555701,1.292617
11.336864,8.394855,5.283751,12.534056,2.559443,5.740726
51.787128,32.093185,27.232912,87.620674,17.841597,23.190802
5.556212,3.954967,2.973563,5.254462,2.286240,7.478415
45.691658,20.159601,28.418514,103.979347,27.037544,39.728050
5.779585,4.334657,2.665323,8.919724,2.065215,3.336386
16.410461,11.184005,22.362194,62.672554,16.598610,46.012749
27.085987,18.949507,9.390092,47.648643,10.779560,24.039267
10.934987,8.121406,3.846966,31.043797,6.958913,10.374445
32.627594,22.848467,10.031136,34.630737,6.503650,9.068458
6.548924,4.632287,2.931823,4.353215,1.687421,4.684468
17.406996,12.089112,4.971927,14.200537,3.824428,7.371245
6.885435,4.896223,1.986577,9.342670,2.695438,8.741023
4.677271,3.371986,2.485948,5.311982,1.930242,1.722871
9.615774,6.805189,3.636978,9.542474,2.157668,6.166740
19.360783,13.260246,17.333769,26.206057,5.921085,5.718846
24.112452,16.492037,15.799440,56.021908,13.681610,28.335474
5.493146,3.996256,4.135763,13.674802,3.501982,2.215514
19.786400,13.487066,12.001985,38.011223,8.880784,25.757830
17.234066,12.111515,6.145494,2.340503,0.972144,8.030062
36.001228,24.643724,15.430739,32.301411,8.818779,27.445276
21.678572,14.258838,7.251346,36.404179,8.507710,8.006000
7.811842,5.419099,2.885610,40.235630,9.893382,34.164646
15.709935,10.987061,12.687803,16.398525,11.918289,777.948853
14.615210,10.342063,4.136668,17.128878,3.772831,3.888061
27.440481,19.258581,9.628599,32.076767,8.256732,45.267673
7.662353,5.764328,3.639987,13.879851,2.663925,4.569427
4.727822,3.409266,2.228320,9.836632,1.476101,1.856138
14.282369,10.482381,2.954260,18.161961,4.598793,6.685635
16.849865,11.908563,4.908805,24.471638,5.558494,9.267302
8.088007,5.559022,3.070810,14.401481,2.339831,7.904666
30.968859,20.926912,8.601815,32.201954,7.291409,15.869080
12.492272,9.039114,2.832015,20.212669,4.164460,11.627878
33.462780,20.482944,40.759964,90.320076,22.779327,108.586548
43.762348,28.070337,18.312252,67.730141,18.138767,76.108055
17.226000,12.254881,9.196951,60.470181,14.077029,33.059952
20.449238,14.446189,8.225378,19.691612,6.921196,2.361368
30.401310,20.008961,22.898550,72.464706,15.338282,69.371651
6.938904,4.971361,2.118713,6.722815,1.120827,2.808507
12.111226,8.749663,4.601542,12.185105,2.895623,8.923547
42.430874,27.983862,13.711449,46.052517,9.885755,17.541794
23.547157,16.386761,5.590887,14.309100,3.443964,15.864439
19.439293,12.599385,31.082253,109.366615,27.782198,63.925171
23.120955,16.456123,10.158072,65.009331,14.864703,10.447566
23.068853,15.439072,8.824641,44.640728,9.921030,9.990016
6.628137,4.581908,5.553603,11.982399,2.477190,2.095154
18.313000,12.686438,7.598968,33.340126,8.403682,5.408402
6.421682,4.686875,1.816928,10.997468,2.566828,5.373222
7.462087,5.639667,2.566371,8.650420,2.094379,2.834332
13.450792,8.240311,7.406924,19.655304,4.625776,9.173960
17.172522,11.592251,5.783430,25.641727,5.355053,15.362884
15.358292,10.720403,5.985979,24.476465,5.508377,29.438601
8.258437,6.111279,2.979508,14.661617,2.180846,2.716729
11.481422,8.354633,2.683466,14.773592,3.834767,5.549716
5.542783,3.887970,2.000696,7.673896,1.666426,2.296016
4.579800,3.571100,1.913733,11.416572,2.316348,9.708348
6.052292,4.388959,1.795307,6.460865,1.288235,3.478957
8.732364,6.129084,3.357707,12.153473,2.993015,14.863381
21.768826,14.861266,5.712345,21.171774,5.197951,4.547043
8.148515,6.219017,6.780150,12.703417,3.209131,2.572582
12.473441,9.150904,2.611461,14.437993,3.468348,0.937752
5.141149,3.698230,2.295262,8.031062,2.987252,4.195809
13.629602,8.559366,5.965095,11.498612,2.792163,7.634957
17.551477,11.892537,5.123011,19.162966,4.027667,11.549579
14.865353,10.254093,5.678905,19.522184,4.346196,9.874085
36.709240,22.064222,13.341166,58.886848,12.494887,21.875668
8.441236,5.456629,4.121099,22.612543,4.570361,7.328731
20.682173,14.401885,5.844810,23.674044,5.009502,3.633294
4.137053,3.254775,4.263736,32.443531,8.735802,23.279242
10.656827,7.488834,3.866902,11.520085,2.800359,7.448206
20.950016,14.732443,6.158570,16.834963,4.155580,22.670933
8.671922,6.308034,3.047225,10.584958,1.983252,2.504643
14.933794,10.443607,5.350103,47.059109,10.773422,19.713432
10.640815,7.688346,5.261982,14.511888,2.622911,17.456415
34.053532,23.412813,18.879324,45.026119,11.726122,25.578922
10.682980,7.523962,10.326061,43.320522,9.995132,56.826851
32.508961,20.559891,12.490009,54.042267,11.950118,45.098877
19.856102,14.330803,14.003121,36.238876,7.548470,29.399323
15.099952,10.538531,5.234579,22.568211,5.562933,3.449010
9.622937,6.988849,3.178684,16.487467,4.293746,3.458281
18.268908,11.305707,34.976810,119.518860,30.846764,63.372166
15.509879,11.386496,5.483305,20.772903,4.771273,4.603142
9.191150,6.524221,3.016192,16.664248,3.404212,6.321469
7.923428,5.844555,2.789279,10.102645,4.413805,6.037736
32.332912,22.198748,6.618721,40.736797,9.840278,5.971032
19.848236,13.333447,9.065458,52.346760,11.632117,6.210136
20.912418,14.799662,6.261489,25.271811,5.946001,21.358086
6.604774,4.547431,2.872071,6.949811,2.107764,1.430288
47.937218,31.291145,12.613075,46.626587,11.160556,34.198975
6.758692,4.660683,1.990786,9.283133,1.564506,5.925469
37.636288,23.405436,37.410339,116.414047,30.897312,116.756882
37.475754,19.309551,12.592824,41.879936,10.742153,12.090762
22.831415,15.913824,8.442230,13.892293,4.334164,6.546013
7.024450,5.121505,3.013992,11.501489,2.150968,3.417474
44.294991,28.099449,13.080518,37.695015,9.255673,47.517735
18.152897,12.616640,14.657474,39.785652,10.042610,45.160904
5.054576,3.460135,2.544189,7.394414,1.956703,1.794577
9.132676,6.800433,2.348765,11.386412,2.456756,2.394846
24.651985,16.723768,7.860742,26.384424,5.018254,12.945371
12.192552,8.725080,3.628404,21.710732,5.627962,7.440551
34.437084,23.250332,11.768346,46.416145,12.522358,17.921959
28.526724,19.377424,14.542210,42.598183,10.881351,22.059687
21.371412,15.104652,4.853020,24.467838,6.235085,4.476624
15.032707,10.670603,3.075176,21.363005,5.235859,9.766674
8.018302,5.393068,2.626364,7.634037,1.316703,1.917336
6.969994,5.335058,1.951102,16.111326,4.319571,5.853507
33.198299,21.928791,10.750762,36.650650,8.533278,41.582054
49.174313,32.684608,19.704052,66.691559,15.841615,20.164005
18.429485,13.166201,5.074196,24.680813,5.552118,11.762312
7.195829,5.521077,3.074699,12.219322,2.775081,3.630527
15.335623,10.969433,4.459471,18.421984,3.747850,10.761223
25.142830,17.157845,17.576088,47.759003,11.489477,38.348881
17.312887,12.130325,2.646732,8.600092,1.671946,2.372846
29.662861,20.305197,8.874758,44.804096,11.518221,21.495909
48.361328,27.079796,17.096457,89.850098,24.910284,64.806595
47.940773,29.359749,33.170078,137.713791,31.112162,93.463799
39.215450,22.931904,95.505699,459.340210,110.247955,199.644485
9.515024,6.677545,3.369993,7.731029,2.194925,4.754382
38.659031,25.046942,23.489302,78.304398,19.856464,45.345947
14.176718,9.490920,4.092161,15.528362,3.619313,21.246841
40.184643,27.263355,10.505374,25.335548,6.669416,12.918299
8.157422,5.734450,3.808354,18.870716,4.584802,5.023960
9.800209,7.422695,2.255699,13.839293,3.643584,5.298503
14.598141,10.747363,4.190475,9.306274,2.211255,3.665354
99.889534,49.725300,90.298744,344.098907,100.159691,178.039795
20.441607,14.779572,10.701275,6.677802,0.984641,17.260323
22.558968,16.175058,5.838151,33.040737,7.322749,19.569866
43.383236,24.559992,74.966629,249.717285,62.258274,207.429932
14.770227,10.046281,4.804951,21.030458,4.673564,7.738649
18.915197,12.881677,6.647997,32.726116,6.838144,45.744957
9.174165,6.635673,2.280848,5.693165,2.051811,4.506713
7.263206,5.027079,3.029893,11.157822,2.413930,1.654993
28.807148,18.688469,9.480552,36.104927,9.207495,27.885046
6.561403,4.639207,2.752594,9.616632,1.795485,6.653122
22.621828,11.766731,7.308239,11.413515,3.089102,10.927498
26.483421,15.435395,9.028586,24.865034,5.374085,8.533980
12.163807,8.469721,4.009866,15.604009,3.927398,9.782222
67.513512,40.529728,19.330143,38.960159,12.185724,73.255371
12.473468,9.411596,3.393230,15.720375,4.485793,1.993193
17.368269,11.912390,5.065388,19.588264,3.886073,4.385834
49.740227,32.769009,46.010258,152.633713,37.763645,111.290352
10.178923,7.000943,2.997490,16.247282,3.538648,4.292806
15.417918,10.762260,3.763524,22.964678,5.661811,16.767714
14.100966,9.730701,3.952955,6.754284,1.925902,6.064895
10.106723,6.932055,3.764859,13.459365,4.386650,3.412098
14.828284,10.865104,5.547534,13.538313,3.442501,19.953783
26.184525,18.248356,13.601748,75.706261,16.802307,32.457932
7.684909,5.711313,3.510976,17.525127,4.836546,11.515965
23.851789,16.339451,7.527977,17.027975,4.213702,2.932763
85.807365,35.556290,29.585728,80.527473,20.104628,32.791260
7.008204,4.880444,2.402282,8.153753,2.551795,5.595692
21.019180,14.502675,4.772671,19.921953,4.675259,10.620362
10.017327,7.150045,3.099164,11.421512,2.708708,7.380311
4.288395,3.184052,2.461873,3.044913,0.691612,2.011396
16.233011,11.726583,5.155467,9.643987,1.747886,5.599921
24.105055,17.121014,10.778175,61.765060,16.093187,8.157855
24.896156,10.798153,10.806484,20.506815,7.269787,32.486706
37.679272,21.998148,37.196247,149.581757,38.658886,90.089417
7.680307,5.815754,2.909613,12.059025,3.110831,7.568211
7.443027,5.543844,2.495894,13.158899,2.728364,2.713929
34.578598,19.806170,8.213459,25.773409,5.911489,20.487621
46.081581,27.466879,10.452035,48.554588,9.032023,12.671022
5.905082,4.318963,2.136535,5.306632,1.522799,5.745368
40.342831,25.950954,17.468678,53.568439,12.899217,52.699322
7.771343,5.687477,3.144180,10.952751,2.262913,13.507616
15.097133,10.361858,5.589427,12.974698,4.665520,11.560757
24.557306,17.032824,14.287450,34.703392,8.283564,10.674870
4.968104,3.767624,2.125829,9.787547,1.720583,1.299490
14.550497,9.908861,2.697089,23.266027,5.228892,2.949507
26.622940,17.557173,20.950804,74.151703,17.442575,29.933460
66.618011,32.038551,26.023439,113.464470,25.783110,77.238190
9.011395,6.625889,2.812035,13.590902,2.495288,10.722380
25.076401,17.991455,8.184944,26.551659,7.256228,14.496435
18.211575,12.524623,6.972279,20.222912,5.366764,8.844869
5.341113,3.608962,1.875385,15.800961,3.243972,7.294079
7.122918,5.004814,3.117210,2.176241,0.332804,2.221044
44.563267,25.621132,60.182426,243.798431,56.291306,183.456772
22.822050,16.043554,16.247066,39.900726,9.648894,26.177399
24.681595,16.306519,10.917026,40.891586,10.620207,24.969252
33.603069,22.485836,9.637230,23.798103,4.717674,15.507644
14.199575,10.072587,5.131223,22.419382,4.818122,19.336361
21.102324,14.568273,6.345778,14.660211,12.731610,775.583374
9.871556,6.930717,3.369957,12.196154,2.563162,8.074920
18.345724,13.046656,6.072375,23.733747,5.204928,18.604795
27.015835,18.096807,36.945236,84.454086,18.957766,42.381958
20.437914,14.354558,4.008248,17.151585,4.573788,14.600887
4.282522,3.256186,2.168096,11.996169,2.304275,1.421435
32.950985,21.585375,14.330439,12.652562,2.491908,11.550089
28.313093,19.035143,10.771954,31.912374,7.242366,13.787113
9.393105,6.734517,4.470346,9.052823,3.284318,12.842824
14.205083,10.078715,4.654860,16.617565,4.587630,22.737532
26.053726,17.302797,33.494625,96.888237,24.787415,49.064617
43.864784,26.424742,35.647423,118.365967,26.784422,125.725121
14.691748,10.400158,4.866909,24.287781,5.709136,17.694643
15.836477,11.526416,10.358466,47.486992,12.786282,31.658329
14.262003,9.926947,4.192252,20.291368,5.260506,12.687196
27.477095,19.440256,6.843252,17.819168,4.675740,10.725650
5.036218,3.536287,1.948540,14.036160,2.641842,5.827326
6.312889,4.416926,3.916674,8.141681,2.398082,2.291638
28.056900,20.052607,9.772665,42.854095,10.538058,20.980188
37.753265,24.258503,25.865065,51.743885,13.292872,98.485718
12.718418,9.159747,3.502429,11.745736,3.690911,3.255898
14.059949,9.587044,7.760240,36.104755,8.450250,9.247540
15.365761,11.171539,5.816858,28.266731,7.004592,4.775923
15.121796,10.490888,5.217099,25.028490,6.223719,4.144320
5.138241,3.809490,1.830012,7.708079,0.302623,3.681993
8.994240,6.215529,3.308282,10.556368,2.967235,2.870880
18.677652,13.135000,10.637070,8.295545,1.394124,14.788967
43.819859,27.843071,24.843586,72.497482,16.795940,12.791267
22.745260,15.807920,13.184628,43.357792,9.321959,20.693113
11.299480,7.979544,4.494873,12.426783,2.641285,8.650036
5.633391,4.318820,3.128094,6.565640,1.002267,4.432109
18.433126,12.719374,5.307490,19.956230,5.294865,43.544220
12.541200,8.662986,15.440819,50.267273,11.569425,15.439161
27.053116,18.711176,8.866133,27.804583,7.875085,23.268272
25.266129,17.181179,9.081679,10.086002,13.211206,1205.261353
5.207937,3.649755,2.242953,7.550088,1.616018,0.807090
14.646826,10.319125,6.319205,13.909420,3.042454,24.701538
17.943354,12.996360,5.276687,20.229204,5.911183,3.438874
17.194866,11.875177,5.428437,21.282747,6.065758,12.120162
36.256432,24.608774,11.486118,28.719397,7.284402,19.367271
17.305338,11.895544,18.105915,64.706001,13.583662,18.213852
27.312763,18.713705,9.944012,47.573006,13.206940,37.902443
10.706787,6.684442,3.661389,14.086744,3.512837,10.130296
9.259040,5.585459,4.180845,13.978303,3.611907,2.395745
9.374817,6.642521,2.681440,10.485055,3.001939,2.290550
16.021235,11.121968,4.343606,16.010216,3.952158,1.314100
16.474855,9.125179,8.840733,19.087271,4.568626,8.126601
4.831579,3.680792,3.122479,6.259130,1.662631,0.460981
47.415478,28.838972,51.711594,161.013290,36.534660,77.425278
17.967129,12.268682,18.255774,80.820602,21.315487,41.123005
18.843121,13.188289,4.179495,24.320538,6.576190,7.699179
13.186567,9.305206,4.246122,18.043701,3.588036,18.947012
10.545963,7.420619,3.374911,25.597734,6.206406,3.202061
9.416678,6.340613,4.313406,10.715642,2.390581,8.126069
22.094896,15.223349,6.524923,18.006407,4.447027,4.513045
8.060974,5.754395,3.348510,9.332326,2.259978,2.571033
4.450119,3.382851,3.374338,8.660959,2.847808,2.224970
10.651370,7.742868,4.610306,18.950493,4.214188,9.585545
8.306094,5.756217,3.740875,12.785377,3.170641,5.610122
6.609146,4.814429,3.566237,12.460955,2.208832,2.945145
34.178707,22.392338,10.640911,30.572739,6.100808,2.470122
8.099314,5.794379,4.020274,19.745235,4.711451,20.943983
11.625050,8.602434,4.749065,13.545608,4.227637,7.428627
15.034941,10.042301,18.766294,41.309464,10.439104,8.838901
5.245563,3.849262,1.911482,6.105229,1.308857,2.399491
12.121980,8.158975,11.780751,56.846458,14.705758,42.943268
43.345982,27.969055,10.933062,41.973682,10.234700,33.966736
4.987469,3.709697,1.798283,6.874087,2.470210,3.470783
8.244615,5.695199,3.969393,9.136471,1.993277,3.477065
11.992817,8.303381,3.173199,11.241076,2.401530,5.743288
46.677658,28.489338,24.063454,83.940765,21.115406,54.266109
24.037661,17.086325,9.986295,55.169197,12.617227,13.750568
16.053440,11.266189,7.298355,12.396577,3.075574,6.219722
13.095179,9.629273,3.407363,16.891491,4.229728,6.865627
4.185554,3.098174,2.346420,5.874411,1.746309,2.453089
12.526755,8.838696,3.773463,14.998739,3.231318,6.173808
7.781371,5.454286,2.794422,10.434414,2.713990,1.049272
33.274693,23.310066,15.931180,40.329086,10.626276,31.398796
40.985085,27.130644,24.766130,76.551888,16.723831,18.107401
5.994717,4.604997,3.113630,13.708625,3.249151,4.059331
10.168372,7.845999,3.622493,12.147009,2.503941,-0.113349
7.165280,5.217714,3.964523,6.325494,2.979508,5.500453
13.644176,9.940626,9.880056,21.339943,5.205287,8.985018
32.314434,21.258343,10.394747,35.306896,7.400970,32.903893
15.698327,10.992629,4.251512,10.632385,3.195771,2.607573
23.960871,16.086353,6.838085,22.359827,5.970655,37.055702
6.692183,5.058449,8.547515,20.895046,5.811880,26.921263
28.433804,18.981630,8.932109,34.022278,7.449939,27.108084
9.844628,7.293139,2.854968,31.407707,8.610071,6.691046
44.418327,28.333530,17.336493,62.688931,15.248012,59.812286
37.252159,22.978643,28.100477,84.508636,21.973602,49.151466
16.651653,12.104030,5.013792,12.470037,4.671915,5.827173
14.942944,10.805754,4.524464,17.553028,4.126132,17.500645
48.689392,31.621416,17.491278,72.393799,17.854183,6.335335
31.018005,22.167097,10.817724,36.890594,8.289567,19.958879
20.687885,14.185890,9.829646,28.489904,6.021600,11.441262
15.095766,10.294147,11.923326,42.693493,8.585997,20.087675
5.599078,3.946582,1.688436,15.615822,4.056016,7.768264
39.866737,24.701372,17.037815,62.599377,13.796913,9.249294
3.928001,3.017494,2.013607,6.751883,2.210358,0.797775
41.759972,27.486300,12.133265,38.841827,8.503961,14.342844
34.687790,23.464636,11.422129,33.805046,7.574240,11.685530
49.595139,33.933411,21.925474,86.770309,20.681784,67.725502
8.234821,5.974956,2.673426,9.986362,3.311828,10.858437
13.963810,10.244340,7.013968,30.395229,8.053567,19.469679
56.794460,33.982994,27.197754,110.709473,26.572872,29.070482
27.044504,17.297552,11.082854,70.836983,16.644073,55.382439
17.059261,11.612885,10.133278,42.981365,9.832495,12.154773
32.070229,20.867331,8.929235,37.765739,9.190032,39.619495
6.672371,4.616376,3.068228,15.432751,4.075751,12.417665
8.426713,5.644000,5.739697,19.844938,4.468347,21.951477
14.631844,10.557669,6.098815,13.059772,4.181764,11.064601
38.998371,20.538158,16.259964,47.566631,12.343192,46.854275
27.737980,10.941560,12.569748,58.332691,11.966052,21.508886
38.128773,26.104067,12.123144,33.579433,7.243745,13.423462
39.143326,23.867910,37.294327,140.561096,33.803394,101.626724
4.788214,3.457351,2.543502,12.914262,2.210211,2.666123
4.363182,3.143901,2.132558,6.159032,1.236110,1.008165
10.613367,7.692893,8.014502,26.643974,6.640944,4.444995
28.233667,18.458216,6.527648,34.977451,7.903870,9.193119
7.679587,5.699182,5.493456,8.614044,1.525207,10.954306
20.416246,14.188645,6.073829,20.693989,5.917509,17.858021
11.145679,7.677682,3.212126,16.050709,2.535329,2.582014
14.693094,9.911633,5.217493,23.284754,4.706629,16.336443
6.809625,4.813780,1.275962,7.246357,1.544463,6.173896
34.309254,22.913443,9.955325,33.771816,7.370315,10.129220
18.829433,12.541052,12.635559,46.882896,11.447351,40.007175
17.564728,11.980308,6.437035,18.310883,4.440024,1.485687
41.230328,26.222723,35.974941,110.714294,25.552422,122.357483
9.675579,7.451872,2.462302,11.811241,3.276963,7.643050
34.256790,23.423584,14.066349,39.259022,10.475996,26.279421
18.960974,12.651389,7.873797,43.139977,11.121655,36.656189
7.561460,5.566829,3.106370,14.453329,3.994867,8.124331
23.426960,15.660642,13.260766,42.756866,10.900269,16.494169
9.701715,6.636971,4.188018,11.010524,2.452403,4.818277
12.432404,8.888441,4.462826,27.623224,6.787788,19.859392
5.220513,4.046777,3.150259,4.066410,1.654265,1.950925
25.900723,17.966288,6.595354,7.458809,15.841455,1529.763062
9.193687,6.333091,4.680512,15.375448,4.670034,25.610876
34.861301,22.766171,12.023911,47.179153,9.381672,27.034941
17.044910,12.415406,8.427127,47.384514,12.068485,40.863152
28.767826,19.591337,9.129784,44.629543,9.773836,8.951794
9.791750,6.562425,2.869627,14.376780,2.149973,3.909702
11.689105,8.120411,4.789575,25.680792,6.785952,9.734426
17.934742,12.372910,5.604196,31.633041,6.440385,22.832039
18.952684,12.936144,15.650286,60.258102,12.553036,44.688320
12.629287,9.165722,3.434145,20.594799,4.336181,3.997051
28.131107,19.697111,9.112148,7.455101,14.007136,1412.942139
5.608672,4.308316,2.544192,9.427148,1.999308,9.572393
11.708559,7.960704,3.714113,11.028900,2.846911,4.731626
12.912924,8.754744,10.857270,37.408340,7.752909,24.570425
28.696913,19.621283,19.092876,77.749405,19.473911,13.989161
36.522926,23.810034,18.441584,22.562363,53.043903,3404.440186
39.624290,25.703333,14.234461,49.073158,12.181518,67.171104
12.267112,8.904346,4.766499,15.347031,2.372007,3.965125
16.329439,12.041995,15.110844,38.685032,8.826227,16.911329
6.840788,4.976716,1.798880,10.146973,2.273445,11.450455
15.635098,10.937501,4.947212,17.926205,3.778991,3.196023
10.254238,7.512388,3.312324,10.299135,2.891377,3.366690
18.676746,13.270533,5.370996,19.952345,5.092030,3.284326
17.854023,12.870198,7.715689,30.930759,7.342949,8.891307
7.332151,5.246535,2.677431,13.397515,2.794856,5.838951
19.953800,14.343099,6.611412,5.457622,15.533845,1388.446899
14.554392,10.405762,4.491771,19.656454,4.959579,10.603244
9.872005,7.405498,2.886083,10.425468,2.899967,7.100563
55.491150,26.700371,64.634148,214.043762,50.849224,178.821732
16.610075,11.948467,5.705187,21.782110,4.615910,6.299956
16.747429,12.137624,4.410762,24.192194,5.912882,14.425714
27.436674,18.646393,16.171841,66.442993,15.852779,8.465747
10.291617,6.987120,3.772833,12.182010,3.170959,2.362255
16.185125,11.946545,7.604331,30.993362,5.899327,5.795270
27.000044,18.844063,13.116690,48.352100,10.798554,18.535976
22.439539,15.356582,13.752005,53.110981,13.547018,45.696587
45.623180,28.046116,36.444016,121.175301,30.958752,106.190567
13.728513,9.552320,4.311979,21.027855,4.473989,6.134699
87.602646,47.039925,54.127106,152.749496,36.637138,102.135605
8.845169,6.299549,2.215842,11.859240,3.211704,16.317980
5.835560,4.328012,3.343945,11.415128,2.836851,13.244306
4.693670,3.342636,2.439460,5.511299,2.325989,4.291426
4.399811,2.958835,2.016615,6.896230,1.001552,4.451325
17.371258,11.239729,17.954031,52.073975,9.776599,11.243013
21.451654,14.784140,6.168211,21.905376,6.683638,19.515575
30.657141,20.276089,10.376357,38.159386,7.807943,6.332651
12.983058,9.232993,8.283706,30.541506,7.744442,12.697549
7.140578,5.210137,3.211116,10.573474,2.806781,5.583701
16.515652,11.847051,7.447691,20.488892,5.054499,11.574323
16.818808,11.933736,5.813857,12.786071,2.930735,5.771407
10.346139,7.257346,5.927660,14.347116,3.509961,3.129633
11.319382,8.153140,11.963812,60.543972,15.964289,19.791246
25.688320,16.723124,18.145823,70.371277,19.108080,50.213001
25.874046,18.311302,11.811194,53.523834,13.452173,33.163208
18.878309,12.913877,6.742659,24.394512,7.066713,27.120989
20.919052,14.508469,7.996186,18.671816,4.923944,7.716697
7.136857,5.317255,2.492314,7.974198,2.267001,1.779812
29.780333,20.315874,12.793198,43.766533,10.562619,50.262581
10.723174,7.583433,2.756302,14.398280,3.186329,11.625953
8.363199,6.027590,3.573755,10.555886,3.473210,4.021560
6.033309,4.357756,3.664484,12.661501,3.498422,3.055906
7.986845,5.516150,2.705960,8.523645,1.733204,10.125598
39.311825,24.782545,14.902830,48.309883,12.211452,19.083004
19.494301,13.608044,12.874176,45.603359,10.358219,11.882770
8.893906,6.283843,3.597643,15.758174,2.151652,15.705172
12.276480,8.753779,4.458238,13.401384,3.012209,8.070798
13.814238,9.268331,3.937431,7.554198,2.707637,3.625222
13.011937,8.908364,7.503736,12.885328,4.003309,17.355350
17.199625,12.506473,6.779961,34.614044,9.656050,15.475369
27.829420,17.681906,11.361192,58.625965,13.464526,34.596600
4.028042,3.148067,1.991520,2.653923,0.035488,2.345232
13.112355,9.505240,4.370682,21.448936,5.996499,22.899664
24.742992,17.163101,8.562179,14.213009,3.500599,6.930058
11.785448,8.173610,2.791852,29.070944,6.308794,4.796569
13.158566,9.423751,4.266331,16.695284,4.176548,7.735171
7.264739,4.898980,8.212847,45.540039,10.124115,55.106621
26.356585,17.993530,8.876344,26.353727,6.431348,20.290165
10.996577,7.809094,15.284805,44.387348,10.749139,62.058395
24.749466,17.007738,7.398017,24.355511,5.862905,6.718238
36.755192,24.944622,19.947582,55.545021,13.694310,29.679096
12.314420,5.765479,4.687167,18.075504,5.274282,3.660075
10.979743,4.726984,4.774739,14.462822,4.342284,3.512523
6.790464,5.132379,5.132458,16.646254,3.978387,15.379946
25.251417,17.686413,9.306208,35.886662,8.791064,30.364647
26.458519,18.220829,8.092004,26.962948,5.967512,14.333879
19.308893,13.381167,11.866474,32.047508,7.629962,20.279690
15.351888,11.178717,5.413467,29.296005,6.750269,20.599590
4.546353,3.071725,4.139772,14.288919,3.387251,12.883047
34.056171,15.513037,10.224819,47.979889,10.668149,34.641933
32.567024,16.957123,10.015761,56.478794,11.781582,40.779991
12.070614,8.144676,4.923127,19.497999,4.695557,11.477020
14.985688,10.681013,4.317927,34.297031,8.007394,4.738069
10.317041,7.492198,3.468650,9.687960,3.041342,2.370244
8.234246,6.193739,2.313599,10.635665,2.894242,3.786230
8.951891,6.225884,3.832328,14.801002,4.341443,3.951957
11.940857,8.503629,4.671718,12.818277,3.434914,7.844670
34.937954,22.158813,15.908828,48.611782,11.525152,20.719870
16.019405,11.249522,4.729950,9.861751,3.656088,5.297924
13.680024,9.801777,3.890907,13.044224,3.842350,4.284540
26.945690,17.794561,22.845459,80.841431,18.709711,29.904669
5.782974,4.014668,5.053815,15.582677,3.722404,4.408801
11.141238,7.762551,2.858592,17.638485,5.335724,6.608438
10.937112,7.704946,4.284830,15.183374,3.903733,6.292318
13.184678,9.174800,5.942753,17.524164,4.324728,11.243245
45.840645,28.825008,17.416111,51.201359,11.343597,47.775211
26.166929,11.166656,9.959599,31.120779,8.188813,11.717679
23.584038,9.840722,9.459118,35.467407,8.867647,10.408448
18.001053,12.693974,8.212435,31.255816,8.681595,30.531446
7.692407,5.259906,3.475108,12.535686,2.045666,1.203289
6.914171,4.845880,5.614381,12.607493,3.176528,11.085649
44.012218,20.030220,13.611580,52.434841,16.514275,25.703962
36.939522,14.965760,13.655151,73.443863,18.448008,16.574213
33.786404,23.175177,10.157762,39.512859,8.546087,7.233244
37.093334,22.829056,18.827190,42.842278,9.539611,10.448371
8.956552,6.348711,3.475295,8.034390,2.453372,4.346065
5.317600,3.579307,1.867777,10.571264,1.742026,2.354626
11.654890,8.395318,4.094652,12.929135,3.308186,7.780814
10.788239,7.959641,3.640339,11.125439,3.350839,6.143677
21.865175,15.417006,5.608303,15.455163,4.442343,20.371489
14.721334,9.973180,5.581516,32.985725,10.415833,26.119793
12.507684,8.458102,4.289639,15.134963,4.531014,11.184968
26.133904,17.907417,10.731529,51.705078,10.101139,19.248056
12.510083,6.135272,5.032307,2.560350,0.804614,12.329073
15.980586,10.183402,7.773792,4.496119,1.387758,15.496342
9.057439,6.505688,2.664820,18.422592,3.844030,2.322124
19.451578,13.569516,5.520062,25.280949,4.355194,7.941228
4.866632,3.981608,2.392451,6.287445,1.637844,2.766423
6.904817,5.171085,2.709228,9.125926,2.202759,5.379079
29.183943,20.879688,12.062011,36.755623,8.035054,13.935741
28.657743,19.774923,10.347846,21.402868,5.243945,30.069332
17.432064,11.977943,6.983599,15.706101,3.383664,6.034652
17.413559,12.077669,9.477783,37.993103,9.488644,36.741104
27.747345,18.247267,8.052872,34.673409,7.696607,8.381488
11.835749,8.371016,4.877602,13.035912,3.019644,3.580965
23.258736,15.892783,11.705657,24.847580,6.315788,4.857686
15.901694,11.508096,4.564595,23.231026,6.115570,20.301041
9.787421,6.895757,2.968926,8.851130,2.338857,5.367640
22.521866,15.187781,15.994225,52.749424,13.333865,11.556615
30.697605,21.129658,18.473188,56.656151,14.056840,25.809959
7.273386,5.264618,3.199015,6.144422,2.225190,5.753047
15.956901,11.392558,4.928592,24.122341,4.920355,7.488157
42.526142,28.152561,24.212147,72.303001,17.834623,48.836365
30.081905,20.238321,10.950881,32.720734,5.978554,26.346960
11.695621,8.549417,3.774968,6.973056,1.644566,8.328462
32.189030,21.258017,24.249235,73.697823,16.584080,17.381752
53.524242,33.692974,19.432341,52.926346,12.355576,26.900440
7.264205,4.958254,2.917349,9.906782,3.201823,14.679366
10.220937,7.361643,3.547095,12.747484,3.290316,4.381427
42.907082,27.609238,17.231491,50.192417,12.831627,48.656551
42.874123,26.901091,22.810339,50.028381,10.193268,73.540810
16.496744,11.424236,10.693429,43.995274,9.272794,18.451269
19.028347,11.999439,27.045698,121.264442,29.351984,59.580208
24.924591,16.493391,19.249100,90.145905,22.400126,41.225235
25.711414,16.406895,23.822132,85.052879,20.896183,19.865498
25.440369,18.111137,6.334498,17.105566,4.735086,6.667424
12.733119,9.104238,4.022779,10.155507,2.316549,9.077116
29.857702,20.377390,11.872606,46.181637,9.768133,23.453260
26.571442,17.824196,9.154750,28.138073,6.723958,8.349556
20.534483,13.762296,16.051863,48.375893,11.228229,25.524424
35.609070,22.926311,11.425383,42.060139,10.235835,21.770479
24.615408,12.413037,10.341545,34.894863,11.845846,51.684074
33.014454,20.428967,15.536893,68.951103,16.881916,47.776005
30.006012,18.494095,23.212622,105.706268,24.199490,56.230480
27.239061,16.464451,6.947683,30.034771,6.833156,44.467052
27.443119,16.425888,6.801186,35.858952,8.197859,47.082951
6.031880,4.572554,2.287471,9.466071,1.560030,2.021096
26.498917,17.841248,17.510744,30.045813,7.771850,48.862358
24.773096,17.195066,14.335243,10.011124,2.359584,42.576523
9.202871,6.869966,3.134118,14.454833,3.431789,4.976706
28.100334,19.045427,8.184269,20.065845,4.642973,12.551010
12.140579,8.752381,3.296302,15.846909,4.011122,15.983874
32.372719,21.433712,6.489660,33.759956,6.862596,8.158751
25.707777,17.597692,7.720975,22.554535,4.443958,4.303142
67.422585,35.646233,27.900408,100.529152,23.768082,50.119938
27.706026,19.097239,8.457698,46.876621,13.936132,34.019573
28.908035,10.368465,14.549184,43.363239,12.874669,43.610714
27.962570,10.342787,14.486424,49.095257,13.289510,43.687553
29.232067,19.716013,9.520253,34.298115,9.496971,5.547763
40.631405,26.350134,15.139418,45.062191,11.123652,35.068729
55.141308,34.844429,12.898502,53.485382,12.773668,52.122044
24.745953,16.808096,7.359140,26.229485,6.565667,10.979511
14.066479,9.513415,6.999585,31.348568,8.466690,31.727928
11.457640,8.091284,3.076366,11.578535,3.541219,2.282228
25.628469,17.802681,7.362680,22.250755,7.739822,12.330873
20.938097,14.737876,6.683996,20.404537,4.825629,17.729778
18.263803,12.838889,5.983767,27.680992,6.817945,11.915302
10.700954,7.813011,3.782213,12.853881,2.235398,5.880394
7.110126,5.019072,1.936617,21.894043,7.196028,18.934978
5.496509,4.044213,2.389422,9.260331,3.034626,3.056055
12.557100,9.110289,3.497255,23.718311,5.616783,1.664504
36.970486,23.134577,30.635790,101.584061,23.206341,106.416527
8.021165,4.882395,2.553984,7.240580,1.492029,5.885805
14.388607,9.640695,4.549447,19.631838,4.277596,2.987023
34.645500,20.343426,29.170666,102.973686,23.878260,108.554596
15.047822,10.459949,2.508410,9.304919,2.696168,3.451715
22.509235,15.434652,10.648913,51.741310,12.819333,19.136988
28.454607,19.278954,14.792423,61.836159,14.103728,23.723455
15.858043,10.524642,6.555026,19.823353,5.311540,5.465808
9.000253,6.821915,2.852617,10.230673,1.735994,1.202745
7.696446,5.556917,4.458042,12.508465,2.479813,5.283674
6.820906,4.841208,3.135321,10.754923,2.461453,3.294515
34.479710,22.875031,14.120528,59.716404,14.548083,16.839352
21.449909,14.449924,19.023296,62.276096,17.724825,65.443016
27.758419,18.887974,7.516879,30.319023,7.027517,10.430690
8.049859,5.945613,3.035748,8.338617,2.292341,2.395460
48.866230,29.777758,15.599838,43.852734,8.803863,32.052750
27.948471,18.900196,14.360856,66.282486,16.633820,34.898830
60.127663,37.199726,68.811066,234.526321,55.482647,168.882050
21.812216,15.214526,4.956523,12.785910,4.014015,3.498841
10.362687,7.902546,3.821774,11.873166,2.492599,4.657107
31.055891,20.472128,13.891051,48.507294,12.755588,24.478100
36.128208,22.334707,33.946289,106.469574,24.598934,83.171013
11.341789,7.876029,3.988198,15.348389,3.247735,2.701389
11.722099,7.513885,14.698719,60.577400,16.422764,47.750359
24.529024,16.853909,25.354326,117.983368,29.571447,100.733963
13.766225,9.609989,6.607478,17.438831,4.123359,7.317269
11.690353,5.649104,4.533778,11.862350,2.000307,7.909285
8.929772,3.908936,4.281976,14.363985,2.980953,3.948010
33.286491,20.256329,17.580299,44.730053,10.246589,32.110348
4.306994,3.273008,2.704126,3.685836,0.266025,3.479992
8.236462,5.648747,5.748094,13.269709,1.701174,3.893620
4.829748,3.770710,2.012362,1.578552,0.147928,3.962780
33.833061,21.911827,24.954998,72.936989,18.422993,26.386358
11.877977,8.561431,3.512284,14.086356,2.737140,1.288209
25.438284,17.604053,5.920221,31.511248,6.856641,10.764193
18.589626,12.511928,6.211092,18.089075,3.819663,12.541434
28.988012,19.526453,7.147557,30.576685,8.678674,57.021107
22.558260,15.613643,5.796342,14.034741,2.919680,5.922551
14.711073,5.748878,5.610235,9.429914,2.682911,7.309008
19.269415,11.006354,6.634349,17.236900,4.483203,8.881082
5.546610,3.883340,2.174359,13.746828,2.307664,0.701924
31.171030,21.066425,12.998822,40.958710,9.085150,28.496439
21.407097,14.917966,5.662803,23.034666,7.315361,5.403350
13.910492,9.522350,5.493934,20.229643,5.406759,2.920136
6.266728,4.604274,3.351572,11.300327,3.436116,2.812539
8.491286,5.755582,2.954422,12.048135,3.141431,4.102875
18.490061,12.801553,7.039699,21.781668,4.922082,29.218374
4.168020,3.000931,1.839757,3.427113,0.244744,1.277836
9.558076,6.558372,2.396490,15.725236,3.279437,2.245013
13.315401,9.600259,3.764493,10.013556,2.725594,4.845900
12.554582,9.112515,10.788423,29.197226,7.065509,14.701185
57.574249,33.891312,29.038412,72.589401,14.811546,39.497089
8.135220,5.955137,3.449979,9.063846,1.909057,1.651326
7.766593,5.194774,3.461873,10.140553,1.605057,4.005349
18.064631,12.885342,4.818569,18.402327,4.685572,14.113655
37.455208,25.558205,13.085719,53.211746,14.447117,21.159332
7.042319,5.243083,5.508219,25.952894,5.657761,9.193937
19.971235,13.689171,6.807240,16.068083,3.597181,4.909194
18.646296,13.115067,5.907585,19.956297,4.195801,2.611077
14.405810,10.224904,5.447043,13.764387,2.900028,8.053974
6.173024,4.374713,7.529663,21.193075,4.261017,5.183581
26.221365,17.954926,13.853866,56.856922,13.613665,77.917686
28.451084,17.188700,25.991962,70.980247,15.091051,24.371664
35.147800,23.622717,13.112606,44.471008,10.832091,35.227833
36.024918,23.796106,9.582405,32.633625,8.435272,26.671854
10.294295,7.293506,3.420901,7.609371,2.578812,2.366277
9.429126,6.445383,2.871194,12.737668,2.819426,4.223755
16.030565,11.274360,5.158687,11.964658,2.998796,3.800501
25.281206,17.930597,9.451084,44.595444,10.107647,35.603474
12.445047,8.997497,6.781008,21.859930,4.287704,13.204760
33.479416,23.411562,9.891800,33.447338,7.160290,25.516645
4.842161,3.721613,2.234115,8.961317,1.294142,15.891567
11.640615,8.582507,5.608022,2.826195,-0.032339,3.143289
25.923035,17.206553,8.793397,24.961922,5.847264,24.948469
14.439324,10.057351,9.421599,16.550262,4.685976,21.641121
39.634361,24.847492,33.837593,98.525444,23.525808,37.782822
9.669933,6.731402,6.496606,14.253861,2.373325,12.896811
5.447269,4.123884,1.997599,7.248230,1.992662,4.018858
45.127117,27.264797,71.429466,186.635712,46.452877,113.127991
17.488544,11.913335,45.337315,152.158173,39.914341,46.603924
29.523750,19.583113,21.009146,60.870144,15.265777,30.227531
55.556278,30.796513,27.870651,126.726089,28.166458,70.496170
37.335796,23.536875,20.746758,78.446686,19.589193,60.151924
7.351842,4.978931,4.565896,10.399352,3.054728,11.404430
56.109524,34.499992,28.025312,145.088730,34.060997,33.534283
36.266098,23.978039,16.149359,54.391251,12.045499,12.965227
16.909266,11.937956,8.782181,8.537233,1.268378,36.435669
21.348633,14.002018,13.891001,42.560955,10.649161,24.371639
35.116745,24.489632,30.060257,129.437180,29.478945,91.191452
3.816241,3.166245,2.252173,6.209748,1.258837,4.977367
39.862656,26.525333,14.768037,36.639626,7.807269,10.648571
104.320976,38.430374,82.955910,230.880829,60.902172,120.789993
47.447357,18.882221,65.418312,229.305847,48.753304,85.441124
4.030106,3.059218,2.055751,12.294471,2.808076,10.036630
16.791670,11.591214,4.561432,18.318748,4.506658,12.198601
6.529273,4.972736,2.680779,11.724604,2.992682,5.326540
38.836990,25.365770,11.149116,58.317867,12.855047,54.238495
13.204900,8.770645,4.251977,17.791563,4.822277,4.532694
10.159428,7.661587,3.600738,21.795012,5.780272,11.134650
15.977083,10.986547,6.542996,32.951710,7.066936,6.028979
39.907944,25.810101,19.832060,63.247292,15.995970,26.036541
4.404018,3.021875,5.543632,11.824081,2.382860,9.962053
27.166115,18.962900,8.733475,19.420200,4.741792,14.365116
61.217892,36.590389,32.603077,107.569160,25.932308,127.806305
12.992393,9.230551,2.452654,15.109268,4.296375,23.540037
28.216032,19.218683,9.005829,36.972927,8.312344,36.934517
6.883300,5.111031,2.846933,9.060638,2.811358,5.208318
40.328579,25.842236,19.767424,61.976177,13.947346,16.529350
8.047370,5.929388,3.614375,13.985097,2.683590,7.014301
36.209152,17.888241,15.895482,63.188099,15.771530,33.099426
36.121132,23.538696,16.454222,63.731133,14.169382,16.108204
5.634170,4.200695,2.632705,8.842781,3.096342,3.201684
8.093323,5.951069,3.047558,8.732599,2.623347,7.477843
26.902733,17.537033,13.905784,47.476425,10.698092,27.802244
29.543648,19.677010,18.469471,39.488888,9.332933,12.025524
10.632910,7.525358,3.755091,13.902326,3.521707,5.235987
5.392704,3.978206,2.258336,6.365642,1.411423,4.196910
7.008135,5.080925,2.114175,8.222423,1.536041,4.435376
16.363447,10.890132,10.883433,45.359234,9.440710,17.591364
29.758446,20.599194,8.389567,27.430468,5.886028,11.316514
3.964991,2.912488,1.973355,6.931243,1.655502,2.798423
14.870617,9.770346,7.704110,35.790546,7.578464,16.592525
21.195318,14.409606,6.476050,15.167794,3.667233,4.731174
15.425622,10.712881,5.269558,19.134153,4.443016,4.729867
12.837287,8.730491,4.576612,15.333519,3.448277,5.514463
8.380799,6.042490,1.768259,24.077938,7.827540,22.420895
55.805786,25.535164,20.583199,86.169731,17.666460,18.261024
6.196874,4.789041,2.145348,9.082839,3.609724,7.709759
36.591286,24.964825,15.102115,49.632633,11.507230,37.425331
7.218177,5.157794,2.952998,10.834192,2.616492,12.006785
10.775076,7.633093,4.691469,12.453649,3.053517,5.951412
60.227612,34.349934,134.091324,397.523163,100.011101,193.397522
15.862371,10.783138,6.400554,16.668354,4.142690,7.047966
23.586309,16.056227,5.288375,26.430132,5.285218,7.985089
16.679300,11.342926,14.359035,38.018433,10.786847,9.409223
13.333817,9.142202,3.698773,17.793398,4.777657,19.699299
37.862099,24.950432,42.848492,130.042892,27.804588,81.026184
27.515198,18.450106,8.721235,33.137890,7.516834,19.227154
7.702486,5.294903,2.552955,10.834091,3.404658,1.173253
7.031979,4.982638,2.542420,8.049186,2.813190,1.606845
8.823834,6.508214,3.702812,9.877185,3.577180,15.475706
18.442501,12.341385,6.986497,6.294218,0.856431,9.983896
99.749359,56.038227,54.403404,164.769058,41.005661,103.726852
20.190374,13.373062,11.289861,56.117130,13.166995,25.982403
18.306534,12.526707,6.524972,31.602777,7.837298,8.500898
27.365362,18.936117,10.113675,25.242462,6.411651,5.823221
8.951653,6.655704,3.155313,8.445788,2.292223,9.570041
13.082261,8.920233,10.688399,54.572685,13.681137,24.408726
10.114735,6.808775,3.063770,14.277805,3.156778,2.136073
7.174376,5.251707,2.764941,12.240952,2.457318,12.083017
12.080624,8.558201,11.080752,26.188860,7.612537,6.900034
21.857721,14.792878,9.456836,53.471302,13.797466,20.015802
10.617753,7.288770,3.295947,17.923752,3.570737,5.113751
25.801628,17.655922,10.335198,30.935822,7.089888,19.228853
8.499444,5.961395,2.800786,14.517593,3.597847,1.676648
9.877166,7.170762,3.258579,12.351874,2.722835,3.060381
12.673139,9.213388,5.169476,21.779612,6.613968,11.510680
12.048361,8.360272,4.927759,24.412041,5.518598,4.284142
45.628933,28.550663,11.522967,45.508461,10.776708,19.759106
7.204299,5.531768,1.976092,13.541194,3.814429,1.951272
12.970042,8.771293,7.091522,37.580120,9.181543,13.629935
20.485678,13.833617,6.911650,29.931604,7.579292,13.243063
14.499539,10.261428,5.109932,41.364113,7.941058,9.531882
19.995947,14.109932,10.210955,40.203842,8.707905,13.602201
29.886200,19.976286,8.289910,31.412582,8.305995,21.190767
6.710478,4.399538,2.880547,11.563184,2.663981,5.754727
15.668117,8.878123,5.642680,14.802975,4.120147,14.606493
23.189966,15.532123,12.814236,56.415836,14.025988,50.553120
21.315636,14.442238,6.091606,27.604382,7.070076,19.793407
7.003544,4.921017,3.413755,10.431296,3.180438,5.569591
12.993763,9.167607,8.897717,28.389732,7.880727,5.112706
12.091660,8.251611,4.101746,14.837955,3.549726,8.252504
17.686460,12.748949,4.755868,17.744982,4.131859,11.724975
24.209681,16.946739,8.449124,7.821627,11.733920,962.432678
16.140886,11.530596,6.499742,27.324581,5.545864,19.247829
13.713531,9.831369,4.169216,17.343546,3.918048,5.673580
19.352728,13.244411,15.082880,45.833366,12.369428,43.475395
12.406131,8.545243,6.736578,15.348996,4.718917,12.691490
8.968861,6.278362,2.739863,12.386232,3.463033,3.964546
8.770980,6.494362,3.830316,9.033295,3.197697,4.497606
16.144503,11.097174,5.530725,18.232306,3.114739,11.517344
4.832192,3.467874,2.226383,7.730979,2.287951,2.582577
13.553284,9.419507,3.505157,13.590502,3.902815,23.050310
4.226336,3.166163,1.382394,11.353159,3.363031,10.635621
22.229784,14.754759,6.982471,31.992491,6.798952,8.397531
9.831320,6.857947,4.420814,14.368326,3.786296,2.274331
18.222132,11.883245,10.900138,32.753975,8.619100,18.728975
17.041988,12.086103,12.719646,46.018044,12.190187,12.689237
11.405117,7.927624,2.726247,14.616123,3.133389,10.756871
7.491280,5.225674,2.727164,9.064669,2.590492,6.803246
9.659626,6.983087,3.530629,12.794054,2.409111,3.620455
21.892359,15.489569,6.683562,26.907896,7.650742,22.199383
8.058767,5.595131,2.950948,14.494961,3.053532,3.196761
37.859669,24.433945,28.003244,108.235252,26.183676,52.523994
12.863410,9.513596,11.229830,40.562355,8.678361,13.055329
20.205627,13.092691,19.186701,62.996449,14.948380,46.154961
10.115511,7.035012,3.493927,25.627144,4.957138,11.597650
18.890335,13.183091,9.361361,28.221411,6.746925,4.751877
13.429100,9.877506,4.170184,9.391764,2.877770,5.331596
8.694144,6.278186,2.909706,10.202703,2.162727,3.656363
9.389858,6.387607,3.967741,12.566471,3.951893,1.376044
29.001871,19.936129,11.392007,33.415714,6.522618,13.299899
16.234467,11.765713,4.765231,13.110191,3.335679,11.204481
14.907351,10.266803,6.784018,20.904633,5.966667,11.268304
15.877994,11.132862,10.050258,39.486404,8.704684,39.256809
7.285006,5.237972,1.874258,9.380587,3.480731,8.166765
25.225983,16.796980,7.658551,26.793415,6.181171,5.563841
18.167620,12.770303,6.265607,23.512924,4.263090,9.939731
22.507221,14.535602,19.889065,62.644981,12.923032,22.519798
12.446654,8.645465,8.322308,17.027630,3.477538,7.988556
34.464619,21.290192,39.406361,121.636177,29.079617,30.007547
4.370470,3.286440,1.570854,10.678447,3.066214,3.607552
9.505617,6.559932,2.910255,10.732830,3.276723,3.061797
16.062437,11.498906,5.752473,20.073349,4.159217,8.692309
13.357651,9.803051,6.914281,18.264158,4.715748,4.779476
14.349522,10.014508,4.165650,13.482871,3.290987,20.130816
23.358381,16.295555,6.724103,19.530432,5.853213,5.506502
17.506689,12.424523,5.313768,22.272587,3.993215,10.482999
59.495174,28.749281,78.547203,258.495972,70.921745,230.213486
12.715611,8.833608,5.782038,14.633028,3.645586,7.112530
23.004566,15.490796,11.260746,46.962128,10.155303,12.241675
5.830790,4.315392,2.498703,9.861172,1.792464,7.594615
23.248217,16.098768,5.013445,20.013681,4.220074,16.396444
22.807610,15.307202,11.773862,50.454025,12.715850,29.235563
11.531278,7.866364,4.218557,11.631410,2.881751,5.987798
36.286621,23.923134,15.433764,29.282347,5.892383,8.477859
4.905653,3.410350,2.226749,9.482559,3.196791,1.892723
12.012626,8.524672,3.608625,24.958263,6.174783,16.046490
18.567362,12.385123,6.547428,24.651075,5.331440,11.865734
20.684387,15.106340,5.582070,7.635431,7.513270,489.215088
8.383829,6.126252,3.144110,8.947601,1.984564,1.876930
21.045397,15.148595,11.439163,48.103897,10.539232,14.951559
23.562244,16.385651,8.517560,20.545816,4.554462,5.602914
20.614128,14.445168,9.461549,48.958534,12.514012,6.999712
30.340063,19.399611,35.566132,109.431900,23.516008,179.362549
11.084476,7.743716,3.260262,18.548422,4.576695,30.954258
24.161512,17.133881,13.394008,46.375748,10.014408,49.292591
8.984777,6.451708,6.109288,17.144575,4.216590,11.951747
25.534492,17.447575,10.123303,31.176245,7.152275,15.662230
38.139603,24.404696,31.202713,87.197006,20.524248,84.791336
18.758329,12.888803,9.984154,51.369797,12.630778,7.903174
9.531552,6.487770,3.414702,10.720692,2.240424,9.585516
8.705581,6.136064,3.121483,11.009883,2.322193,5.872984
49.293682,31.574648,16.832258,55.433956,14.106527,51.675774
11.015564,7.935925,2.704030,14.136912,3.604707,6.783483
35.578983,23.463432,13.431014,53.307610,12.997397,15.855983
21.763468,15.495921,6.498454,27.619766,6.809009,11.822262
11.966984,8.849647,3.534588,13.566737,3.533613,10.675833
11.357712,8.062201,3.824302,20.929657,4.115703,6.753525
5.271639,4.054953,2.484717,10.519187,3.551650,9.781034
17.543974,11.968080,15.336380,41.451015,8.823318,18.950514
7.431414,5.370992,3.585468,9.003925,2.091043,7.355792
13.245031,9.493442,4.155636,10.329210,3.378012,7.857941
60.198841,33.616650,28.195311,96.197113,21.863918,83.597809
9.177280,6.583329,3.239624,10.092540,1.963085,11.277771
6.049464,4.445162,1.820117,5.684428,1.421242,3.011954
14.568024,10.484725,4.795559,17.571226,5.330058,3.170039
28.193916,19.449286,13.458788,44.747898,11.611254,12.887345
10.665424,7.536666,2.988025,13.861425,3.926446,27.767113
20.663549,14.363510,10.708874,34.799133,10.575105,33.967018
12.417177,8.990639,4.976780,18.565475,2.545850,5.803891
9.234447,6.926568,2.208478,10.475591,2.457048,10.164710
13.311999,9.410108,3.228343,21.214123,4.948732,10.693976
7.139653,5.191960,2.833753,7.563386,1.822268,3.708653
22.847990,16.051968,7.139468,25.172865,5.819704,6.567848
40.526951,27.137436,14.747602,41.575634,11.538085,15.533689
14.232424,9.780816,5.725786,14.127824,2.685248,8.689907
45.059437,26.805862,21.147608,89.489258,25.766977,86.458588
6.621641,5.037938,3.144080,30.587597,7.812560,5.572502
5.284921,3.574795,2.102458,14.205604,1.929212,2.172662
8.229641,3.081769,2.449543,10.605386,4.581453,21.197699
37.808304,25.191935,22.886129,85.886711,18.750996,74.912682
14.248848,10.152641,15.443310,56.797783,11.707047,52.583275
14.344911,9.899460,8.625949,20.393456,4.517636,13.750433
24.588865,15.796598,10.185319,30.068808,6.967717,24.686033
25.871750,17.734659,5.511661,20.699236,5.606593,6.968343
12.964127,9.425806,4.540271,19.312283,4.858276,28.194113
4.573569,3.297721,1.489801,9.084046,1.880679,1.260027
24.646242,17.313459,8.542378,29.693016,7.796137,28.109680
24.327328,15.785977,14.223892,74.524719,17.520330,39.464546
14.173900,9.766001,3.677875,15.160418,3.403261,2.218844
15.574359,11.116765,5.076243,21.437885,4.498043,2.289959
11.451868,7.845376,3.634147,14.134502,4.752652,4.412304
8.927414,6.442484,4.248056,23.069921,5.128222,4.287317
18.760984,13.079437,6.966935,42.431614,9.558119,6.396399
14.180396,9.985618,4.371170,12.593466,3.211655,5.393172
10.419302,7.778019,4.252315,21.678610,5.327976,6.974544
8.596097,6.198249,3.659446,11.793311,2.687829,30.534466
10.953715,7.698773,10.403031,55.528011,13.241508,28.103224
55.989601,31.729519,55.985497,159.317719,37.678120,114.811272
20.591669,14.446180,6.809740,27.579510,6.190735,6.592504
11.246922,8.156295,4.817579,14.009189,1.901826,4.017279
30.986122,14.809077,10.589891,33.725025,7.954218,30.999077
16.004137,11.009879,5.856492,6.092704,1.371123,19.215776
9.212190,6.437926,7.128825,27.684841,5.953446,28.774874
37.594227,23.107967,21.064409,70.473145,17.098803,44.968124
9.683034,6.791110,3.126602,11.401237,2.745199,5.279266
16.997946,11.542732,5.212153,18.727573,4.161800,5.287349
6.544172,4.560722,1.746245,11.351949,1.480667,8.445605
42.273098,26.502537,26.594511,77.519516,17.296604,36.841785
18.911077,13.188467,6.517238,44.886616,10.187971,8.180041
16.887028,11.886327,5.330280,27.827749,6.914538,16.734108
7.583983,5.460409,6.906285,21.131310,5.347965,11.982799
5.206789,3.544610,10.377417,42.079956,8.882697,39.086639
11.915456,8.187699,8.356146,43.307232,11.313760,7.814850
18.587727,12.445152,10.121308,35.405308,7.566428,4.536696
25.922535,14.567043,7.768933,29.522400,6.975911,34.029308
62.809727,31.847965,38.499081,144.424149,37.317177,99.393242
65.983276,39.854874,21.181765,71.611015,14.629577,49.277092
19.127277,7.101887,6.748966,34.837128,8.072909,15.773293
43.347404,25.803486,25.426174,88.608780,19.849586,30.958664
10.024450,7.000982,4.698545,11.223534,2.507258,7.374177
24.346884,16.988714,6.895532,39.359283,8.658783,10.908307
11.284237,7.871937,6.731027,18.864004,3.204794,4.472770
24.518082,15.551321,13.970111,45.608650,12.191758,26.685490
7.246547,5.325289,3.023249,6.870701,2.114004,7.128117
21.890940,14.776771,7.546846,22.771904,4.935073,13.093803
6.314465,4.702848,3.714548,18.092358,3.555445,14.077250
27.072683,18.113844,7.137152,28.909504,6.597849,5.982597
29.017813,19.113394,10.335518,53.947239,12.712318,17.181616
32.832092,18.281225,22.262867,77.935028,19.428743,48.653416
23.703148,16.395643,8.217611,19.308449,5.079984,4.210754
17.218739,11.690043,14.352182,47.671978,10.858418,9.801956
23.502905,16.302069,6.530380,25.965528,6.167065,64.948830
33.098312,21.434643,39.867039,97.917000,23.274668,37.297852
53.067390,32.049313,77.815987,204.697647,49.905388,137.518326
7.440637,5.569749,2.552575,8.334785,2.189674,0.169915
22.960754,15.706919,6.863398,5.803110,1.583595,5.078791
24.309921,16.150698,8.604012,38.890270,9.334552,15.487623
19.331038,12.784681,21.221951,61.093567,12.789938,11.200107
26.715740,18.230232,16.983921,57.134449,11.185869,22.739931
5.403492,3.801057,2.555871,9.475301,1.820617,3.542754
54.512226,33.607269,27.149189,99.091095,21.351673,37.219326
19.491257,13.478840,7.846604,42.871586,11.927618,34.175934
23.194500,15.297044,18.105917,83.988106,19.643110,19.735834
10.653237,7.499208,3.697788,14.493088,3.164276,5.517783
31.590036,22.239204,8.637175,7.523272,11.338800,724.858948
19.284588,13.737919,6.592092,27.542900,6.860831,4.553120
4.607111,3.543995,2.430069,9.358220,2.208469,0.924570
6.157784,4.485200,2.134119,7.513448,0.959249,8.444880
12.575225,9.029152,3.880680,13.906416,3.104840,7.492033
6.729317,4.788169,2.686790,10.900702,2.419125,3.165608
19.331242,13.342318,6.786296,23.170765,5.800058,3.774341
14.710980,5.803906,8.230289,18.892456,5.616529,37.680832
32.436169,18.528225,26.921612,93.035706,22.595314,69.107964
38.873325,24.841537,15.446684,46.956661,11.718059,53.371571
25.489841,15.816854,22.840117,91.259506,20.571651,25.447392
10.109690,7.184528,3.694426,9.970800,3.355692,16.865023
13.542542,9.263831,8.205087,31.647175,7.368800,52.751835
9.813802,6.852098,3.272869,19.330538,4.350144,9.539646
26.822050,17.425596,14.718140,39.537247,8.054399,7.831850
7.613889,5.380788,2.235715,18.687275,3.413975,2.792348
5.741338,4.102990,2.983067,17.216919,4.498683,11.377770
25.060701,16.988420,16.537737,41.361141,11.409254,26.723988
17.328709,12.084404,4.678082,17.663801,4.750699,16.563694
59.070354,22.653444,65.377060,171.919083,39.339630,126.563637
8.991679,6.776770,3.315677,14.729276,2.903200,3.231730
23.511051,12.769378,8.441744,31.105743,8.341673,19.545162
24.184774,12.810324,9.609252,67.892632,14.730451,31.192457
21.157940,14.712461,8.190805,29.833420,8.051910,13.084587
25.960447,17.254967,11.055042,32.606121,7.956613,37.639572
17.664036,12.558163,14.363434,63.873611,15.695097,27.963522
12.485072,8.423449,5.248775,16.794647,4.500309,2.860984
16.667118,11.591366,9.589478,24.019337,6.030769,56.424274
37.111378,23.185408,20.285254,77.808640,18.061728,46.048763
18.396835,12.920484,23.252079,68.393219,17.712915,14.994742
29.715935,19.958735,12.759619,55.694733,13.402016,16.920687
19.334599,13.113029,7.544349,23.260176,6.320379,20.444368
19.187239,13.665792,11.493053,38.262955,8.555405,19.676638
8.857690,6.348453,4.041895,18.761953,3.541973,6.568460
25.424362,17.611506,14.072035,49.410049,10.906344,28.080179
27.065395,18.132164,7.620445,27.309557,6.067815,10.134711
4.003356,3.284411,1.608875,5.827250,1.891341,2.282861
44.838852,28.925812,16.722548,52.790607,13.237297,26.516909
13.891244,10.001250,3.923404,32.055138,6.535623,17.012573
44.266930,23.072945,34.614510,98.568733,24.091290,61.910404
6.855834,4.672954,2.257218,5.893786,1.534410,2.095530
35.538227,21.627275,20.117807,70.054657,17.413403,50.925087
26.756809,18.466120,17.920639,75.056755,16.563204,16.616850
6.306869,4.593623,2.680187,7.167560,1.500452,0.966561
4.692873,3.260006,2.939688,8.082525,2.603036,6.860537
17.769850,12.152859,6.380185,13.432438,2.487059,7.344555
76.885712,42.057388,27.466284,82.075485,17.236288,21.730440
22.663464,15.330877,26.084887,118.756317,29.712870,62.685101
16.576508,11.746534,6.100445,17.366903,4.355682,14.475646
6.802668,4.948513,3.996236,13.127432,2.645987,10.616043
9.006438,6.410239,2.978361,9.053369,2.438619,3.107262
62.429501,35.656410,58.216087,202.258728,47.500622,81.349411
6.297067,4.643544,2.230863,17.384024,4.313138,22.677723
36.613140,22.611893,25.857298,100.582794,22.565191,37.890167
4.652822,3.301133,4.166904,21.945534,6.126114,7.223326
19.238674,13.109069,6.958496,15.818812,3.812865,8.466848
51.136757,32.983196,31.691692,71.235298,17.859179,41.723240
7.766788,5.566359,4.258011,15.254741,4.367848,3.907930
5.776666,4.452349,3.290372,8.957868,3.404853,10.635563
23.598513,15.753677,8.933107,35.411148,8.940647,10.279103
4.873410,3.381376,1.803681,12.409027,2.695562,0.476642
17.112995,12.239062,4.069603,18.698536,3.996818,14.716393
25.244053,15.585693,30.221758,107.584137,25.924538,96.046677
6.726502,5.160822,3.154970,12.162785,2.650804,3.161006
17.629473,12.260722,5.774255,25.248531,6.109658,11.455816
11.764488,8.345608,3.633472,5.462262,1.803156,4.802162
16.458485,11.152872,17.963211,36.274792,8.963361,5.487279
14.916090,10.582977,7.462222,31.419485,8.361352,14.272398
9.647451,6.970349,5.081850,17.011463,3.686912,8.098224
7.271074,5.120455,1.760791,25.505993,8.978729,21.538366
13.162197,9.642986,2.396581,11.571146,2.749947,7.314785
13.158957,9.209590,4.545751,22.050182,6.234188,12.435338
13.380857,9.421014,5.315416,17.689434,5.300696,9.474195
17.912245,12.491887,8.992943,36.472378,9.467750,10.133414
9.646390,6.704234,4.545485,12.753015,2.431565,7.269234
16.635841,11.388083,21.826513,72.457123,17.339312,58.761402
16.726715,11.827594,4.715249,19.513950,4.235899,8.053372
47.726955,29.297422,29.839369,110.462212,26.646830,41.949409
13.525366,9.668210,6.679279,15.750215,3.916118,14.295623
70.906059,36.003819,42.925552,123.693901,29.201662,35.417160
5.289409,3.961563,2.167293,14.478991,3.071869,4.473165
39.621010,21.073233,68.741470,236.444229,57.454670,122.918709
7.928756,5.628236,2.975795,12.748786,3.326131,4.786356
7.787378,5.809888,2.631563,11.680914,2.219515,4.602919
5.005719,3.750903,1.513362,10.815681,2.347684,1.799248
22.337004,15.903625,6.154518,23.018524,5.044618,8.251497
33.197483,21.750216,20.715824,78.793892,21.772987,62.303833
28.027113,19.370098,9.166920,30.717009,7.167302,12.422031
16.888477,11.296130,26.484776,60.527908,12.572012,15.144312
12.163666,8.479329,2.219711,22.337269,5.363403,15.514680
10.150413,6.904229,3.002256,15.927672,3.726985,7.572206
22.382587,14.828643,18.311661,51.962154,14.177099,21.374105
12.279875,8.632876,6.749053,15.314361,3.782574,10.788811
7.502605,5.438910,5.109306,28.536171,7.271729,27.775677
18.993399,12.884432,5.732462,13.994295,4.706998,28.297668
8.428717,6.279956,3.428421,12.473881,2.803252,10.593697
5.369127,3.979541,5.768556,19.072243,5.388910,3.057120
11.967510,8.717696,4.090748,16.150818,4.364175,3.479759
8.820705,6.616212,3.717694,11.831193,3.172523,5.129696
15.768643,10.732279,4.714679,14.205390,4.359016,6.982237
11.655166,8.169729,4.193180,12.368213,2.996899,1.023779
8.363390,6.192572,2.785502,12.822803,2.177109,4.958380
16.721073,11.724339,6.808202,12.650460,2.410515,7.605367
25.398849,17.937918,9.802725,41.427326,10.452738,4.781892
33.126514,21.954023,17.235060,36.502136,8.641497,28.233419
8.764009,6.375397,2.502005,10.003282,2.180784,1.485606
18.108034,13.212363,6.222609,16.087257,3.405377,5.814429
9.245109,6.299854,4.854296,15.218288,3.852439,6.013379
6.066066,4.395665,2.305556,7.725511,1.761954,4.589586
6.902163,4.924731,3.409197,21.584951,4.793566,3.706552
15.627967,11.279575,6.297049,10.516828,2.579732,5.602200
23.713152,15.647058,17.072283,53.784668,12.746593,46.798264
6.776142,4.742422,3.237076,9.541221,3.419335,2.477104
9.530067,7.107689,3.563418,11.219176,3.218648,5.596980
19.430199,13.086620,6.860160,30.348875,5.889481,9.296611
6.537568,4.583477,2.514197,13.932985,2.861314,6.321315
12.128966,8.536709,5.188189,30.719864,6.658888,12.848890
17.455053,12.424363,4.844365,15.464931,3.463305,4.057209
5.066943,3.730705,2.507555,8.139561,2.575013,2.214563
24.377190,17.184954,7.399395,35.016167,8.433598,11.990473
6.113338,4.629043,2.298241,18.686476,5.856816,5.763271
5.479603,4.076237,1.581070,10.509723,3.464866,3.961715
6.414536,4.875860,6.123283,7.455012,3.066761,9.144495
23.608175,15.922707,8.990935,30.162081,6.963326,26.381151
31.931568,21.844145,8.289198,28.206316,7.735655,23.898500
39.351002,24.142353,31.557850,105.171440,26.507896,67.947411
37.887653,22.007751,11.187778,49.362232,12.297691,15.900956
6.095489,4.640378,3.173047,8.817743,1.990063,4.200536
11.031212,7.757632,3.469100,7.334719,1.556890,1.292333
9.998243,7.470416,3.287545,6.870197,2.462450,6.174170
22.889620,15.666166,11.365700,59.134281,14.942268,31.376537
12.077538,8.717585,4.361434,23.558271,6.756015,5.030770
15.924067,11.131031,6.187976,16.438307,5.033819,3.324702
33.396854,21.912933,13.000640,44.051392,10.933671,14.091063
4.328108,3.019355,1.952591,5.847468,2.454174,0.156656
11.496505,8.468062,6.818550,21.852558,4.847104,6.486943
22.442251,15.251398,23.896227,113.524300,31.594709,138.593262
9.578658,6.918427,4.998326,11.710119,2.673471,5.141131
38.999462,22.373276,28.844555,98.650993,25.301279,93.272934
13.506001,9.954007,5.599729,6.097378,13.420693,1069.489746
28.357672,19.706184,15.798737,43.042027,9.780690,12.454189
11.898737,6.209273,13.473306,42.548637,10.193576,26.841858
28.135065,15.670009,57.083008,179.396088,41.560516,93.942535
37.240993,24.867540,9.314293,50.302593,11.319701,33.205078
16.768930,11.541074,4.908502,20.521585,4.485474,6.214375
12.506248,9.044344,4.525231,14.516918,3.001352,1.706617
13.800019,9.848099,4.637817,17.927370,3.486012,12.133053
18.758495,13.598343,5.686537,21.670778,3.399280,6.428792
21.498867,14.702688,15.947871,10.571571,3.128597,27.216774
7.073476,4.984779,2.149564,13.285194,2.374127,7.695750
11.371053,8.121912,3.689515,11.504920,2.907290,7.101391
34.114876,20.687441,20.902014,80.609985,17.830317,83.998520
17.712061,12.255513,6.685396,19.075462,5.371820,6.036454
27.529716,19.643974,6.831636,23.496641,6.286810,15.322388
32.423180,20.044796,25.561022,150.656219,38.339611,98.206696
8.230270,5.761236,2.515526,10.967133,2.809282,8.938251
10.211147,7.553784,5.072763,11.675873,2.749803,5.562975
36.695724,15.981463,13.474413,40.913185,10.260676,27.023491
30.908783,12.262915,12.617783,48.562866,11.269407,28.195364
26.166601,18.322968,5.284550,35.021114,8.500106,7.651557
12.305556,9.162716,4.241787,9.215654,2.199110,5.463337
22.801764,15.778307,19.820211,38.967552,9.870541,17.343193
26.983036,18.573145,10.562582,33.791054,8.375939,11.502334
19.976509,13.578560,16.519773,51.187820,12.003755,38.729557
13.892948,10.012800,5.337324,14.861498,3.227058,6.811286
25.499832,11.075953,6.297847,21.735989,5.191176,27.647717
27.768333,16.340803,6.684755,33.090775,8.878529,26.639042
27.884912,19.123617,10.586856,59.861359,14.257729,15.480807
10.533759,7.701994,3.675536,11.065902,2.429592,8.799189
12.099941,8.623072,3.576326,11.579649,2.445235,2.654574
24.553236,17.202530,8.307508,30.985229,6.325426,5.030119
12.455795,8.454941,5.277263,22.342220,6.360445,6.395414
8.105103,6.005867,1.807587,23.488546,7.737596,25.895697
23.379221,16.208961,6.072215,20.674767,4.245277,8.183162
18.461254,13.164296,8.891333,34.876553,8.843323,21.306887
71.959946,42.109138,28.472286,90.396263,21.242445,108.579475
20.285154,13.936543,20.716677,17.056099,3.333683,39.640976
8.035964,5.748553,3.384295,16.004469,4.298041,7.533262
44.477875,27.463989,17.298559,63.855961,14.313377,20.150156
19.962742,14.279850,6.630711,23.844797,6.647296,11.754345
17.290760,12.156195,5.421603,18.849188,4.146302,11.334797
7.350903,5.123036,3.176793,15.012284,3.087596,6.912675
17.196548,11.699856,6.161064,19.465321,4.915012,3.155014
13.898571,9.744665,13.435298,20.352140,4.653610,7.404529
24.327864,16.969814,10.364719,30.979694,7.581448,21.929962
11.701320,8.294664,4.889596,16.337500,3.946872,1.108850
12.160591,8.382903,4.356232,19.229614,4.557315,15.907336
26.392626,18.327820,7.798965,33.960453,7.587963,5.521468
15.666457,10.929960,4.649825,21.000618,4.985309,6.582469
11.059665,8.027226,3.765857,9.532578,2.587605,3.141203
19.959047,13.901542,6.101445,16.600752,3.617957,5.994127
23.747156,16.429590,9.426446,39.798340,10.984836,15.028885
21.537006,14.699792,8.782079,15.872834,3.720758,14.774004
20.943949,14.862053,13.865685,63.100941,14.214695,14.352503
6.605784,4.580378,2.356398,7.063511,1.296728,4.882207
22.800156,15.325922,7.335697,24.745102,6.290759,6.159610
14.208907,10.110561,4.069368,13.534575,3.562463,8.517352
15.794398,10.954081,3.501375,23.028828,4.990386,5.006021
15.607979,8.789839,5.162749,11.964057,2.342587,26.213543
14.495790,8.888619,5.119785,16.386621,3.495807,6.917664
13.710140,9.428769,4.531509,22.999777,5.646534,2.780124
6.535981,4.577512,2.917809,5.678996,1.705719,2.938683
5.376108,3.754025,2.556615,6.332374,1.537822,4.110141
16.871666,11.920949,5.792571,20.908958,4.481159,6.508122
20.778893,14.471472,7.040297,22.465527,5.265371,11.426376
20.335039,13.888832,8.482240,38.001831,8.627979,26.292908
22.966522,16.024734,11.767881,29.673548,6.721913,6.277070
20.521646,14.302221,7.387162,27.922876,8.451993,7.372208
24.892876,17.492167,4.197807,17.917879,5.528777,14.213564
21.844156,14.185648,11.896064,48.425976,9.808616,6.986864
7.520073,5.553117,3.147869,14.395407,3.402372,13.870089
29.765551,20.313869,19.642733,57.034351,12.935734,44.103016
7.817499,5.688516,2.063153,29.600609,7.744110,30.809406
13.130545,9.435288,5.157866,11.836855,2.119858,2.814733
15.378649,10.676871,5.769374,16.241287,3.889079,13.545371
13.344230,9.279351,23.983538,70.257889,16.331532,18.672409
10.218720,7.052530,5.467426,16.821951,3.410668,3.813993
11.028410,7.653625,3.382495,10.372865,2.193907,1.031392
16.566769,11.807502,4.729103,22.816730,5.332604,4.879865
27.924454,19.127615,22.169727,56.491417,12.060439,35.355778
48.397903,29.633127,26.253702,66.566315,14.807422,33.447559
7.859927,5.468122,2.236790,9.737705,3.085370,3.684875
5.277977,3.601408,1.585350,9.473165,1.548030,3.140236
10.121555,7.373463,3.860589,2.410221,0.757939,4.108131
20.361967,14.237546,13.445045,51.441628,13.216310,44.269566
7.059363,5.153017,4.851843,25.997583,6.104721,8.698395
12.161967,8.859174,4.242815,8.958422,2.805061,5.929763
15.912103,11.461731,4.039373,25.785339,4.905082,10.770512
34.250240,22.993242,14.161702,38.258152,8.715474,8.487311
9.046940,6.622056,3.291648,9.941065,3.341583,10.393997
9.868417,7.111581,1.768670,13.139291,3.286715,5.049982
45.987682,24.897713,108.145233,283.131989,68.888901,127.753365
22.924089,13.174961,7.659054,24.938269,7.051927,21.307365
15.442402,7.670936,5.829775,24.627268,5.612580,14.888325
5.614667,3.904999,2.610658,2.910863,0.642244,1.101215
14.352622,10.114065,8.607780,11.724656,2.797141,3.289549
5.984483,4.023224,2.290903,9.437801,3.004540,2.407240
9.138841,6.418541,3.456674,10.550231,1.299043,1.945632
8.499474,6.114784,2.614075,19.482342,3.638780,3.385343
8.447827,5.920743,3.634031,10.364991,2.110068,8.851756
12.552937,8.848825,4.183746,17.681320,4.641522,4.208426
19.016012,9.125875,9.764579,21.149595,5.020414,13.496387
13.015449,8.842302,5.095268,26.033453,5.962375,8.932907
89.714348,40.362560,36.569786,110.566086,29.740807,65.657715
66.688210,34.515705,32.913605,131.380432,31.720932,42.598236
14.888758,10.761768,4.067095,20.359924,3.335170,1.720294
15.966157,11.321923,19.452820,47.420830,11.023564,8.939200
15.623484,10.909827,6.073793,32.956543,8.143832,6.900053
32.507267,21.702213,16.350851,66.178543,14.028125,27.156738
8.791562,6.400790,2.745776,13.066316,3.694786,1.119858
17.846586,11.999144,10.669692,54.539192,11.922891,19.369371
12.647872,8.858980,4.616274,9.657543,2.589432,3.796236
13.306127,9.542427,4.486231,14.800876,3.255146,19.164476
9.838470,7.019105,4.882598,35.719250,8.605453,24.537601
13.069439,9.431711,5.517701,20.018080,4.151051,5.221065
7.952917,5.318662,4.074868,12.460056,3.530838,4.912159
11.486564,8.639257,3.564147,11.966996,2.914510,8.700511
56.535145,31.650028,50.456264,188.607391,45.486374,189.243271
17.883791,10.388955,4.867958,26.071831,6.052028,7.820624
12.965862,6.870617,4.834666,22.432753,4.105330,3.100126
23.619499,15.512343,9.158566,26.397316,6.969181,12.748000
6.531895,4.723782,3.206048,6.404496,1.806186,3.724541
9.356038,6.922969,3.168948,10.264453,2.206794,1.687192
7.285779,5.457882,4.060579,12.483397,3.809003,2.849091
18.282997,12.805337,4.757034,17.320654,3.255276,6.970586
27.488810,18.260742,14.026694,62.029118,15.472115,46.204201
16.390343,11.542727,5.001751,26.986780,6.111413,6.220963
14.017381,10.213983,3.606483,13.194599,3.170722,4.149509
26.856241,18.156786,10.146020,37.042809,8.814561,10.158006
22.972376,16.105082,13.066468,55.597591,16.544119,73.343483
30.023394,20.528078,14.571602,45.203171,10.582040,21.099092
53.002262,28.500673,35.312073,81.117180,17.853743,56.744869
23.895252,16.240101,8.135195,19.171635,4.599807,5.775781
39.612309,19.342407,13.629271,47.102444,10.347561,26.279348
8.103569,5.556688,2.788949,11.666820,2.231943,3.693804
24.985868,16.686728,24.367611,73.373405,17.015352,58.275959
21.380991,14.492666,7.567352,27.623407,5.668663,19.559729
9.682717,6.890889,3.778662,17.840248,3.014246,5.510141
6.368476,4.518680,3.619903,26.527151,5.746631,4.734266
21.777010,14.955968,17.532803,62.604351,16.112118,22.189734
16.191114,11.328227,4.639895,22.734831,5.965749,6.886606
14.832861,9.613235,4.138324,23.576418,5.748433,8.883774
7.715419,4.175080,2.738380,15.856719,2.893423,6.829480
9.135019,6.714353,3.216608,13.575778,3.870488,9.120101
11.704155,8.644228,3.642817,14.708325,3.343844,6.581214
18.374613,12.943466,17.596207,61.246635,14.624860,11.570521
15.055914,10.492752,9.892639,49.700241,12.877905,14.028255
23.795479,16.177633,9.318542,25.715813,5.588755,20.845915
17.930822,12.167057,3.360301,23.290945,6.157788,13.711705
14.329749,9.968512,4.963603,15.286819,4.583740,7.381859
52.178024,32.376575,38.353191,144.235062,32.510201,127.360893
12.407817,9.112997,4.039154,18.082455,3.704010,4.763937
49.787216,30.579956,13.883140,61.601921,15.260857,15.357138
6.461717,4.686407,2.346847,9.364950,1.892622,1.041791
19.910213,13.590934,9.324335,31.017948,6.090679,22.921255
54.789696,32.931023,43.815975,157.230606,39.791325,167.253601
25.186502,17.901579,10.653096,27.441568,6.994387,24.827152
6.804920,4.826858,2.354348,11.386509,2.242401,2.731858
14.930572,10.594137,4.855278,11.630046,1.803654,7.847378
6.723436,4.957166,12.052779,24.206200,6.597006,16.328249
61.344772,39.512753,40.121780,114.582939,25.848574,114.762619
27.009644,18.767027,11.078636,33.841419,8.090779,24.626787
30.026039,20.566639,7.414840,21.709538,3.908904,10.833663
4.874209,3.545940,2.155161,10.705564,2.269171,7.064066
24.306833,17.192442,4.631717,24.885969,5.661075,4.841786
56.669453,37.304871,38.834900,110.049843,25.558855,101.710480
13.538276,9.402691,3.558814,24.620913,5.480030,1.845998
17.711239,12.788478,5.866886,16.338863,3.414924,14.920525
9.182700,6.469605,6.060359,13.151076,4.622818,11.878541
8.152668,5.876525,2.969406,9.082407,2.608824,7.462166
24.458447,16.893553,18.474222,46.505421,11.416937,68.110497
22.297670,15.290829,7.744581,20.867458,6.353202,12.811873
27.728178,18.425758,9.986927,27.412224,7.030959,15.548379
19.927082,14.020574,6.313056,19.466272,4.428569,3.728611
13.662427,9.938482,4.459685,14.658882,2.529415,2.629373
6.281411,4.812108,3.543251,17.582912,4.537212,10.184676
49.321938,26.576542,20.098312,75.066399,19.618126,71.569069
50.953732,28.023193,24.580976,136.539993,30.696400,29.980995
42.142593,27.015881,31.301886,108.776627,24.737600,57.227264
40.645676,27.619505,12.408134,59.612633,12.504610,22.483618
16.563076,11.774450,4.364847,26.383326,6.927867,2.036275
30.783829,19.544546,16.351782,57.771919,15.040757,56.569057
4.897862,3.875937,2.327505,8.593667,3.397943,4.749460
47.242012,29.357944,31.201340,77.429634,21.354622,73.317024
27.896627,19.198706,7.726781,22.618380,5.500775,9.396976
19.065771,13.485427,6.137496,17.917181,5.728674,7.462000
15.222812,10.962416,5.061593,15.708755,4.792593,8.998714
5.941075,4.663632,2.359256,17.704603,4.189974,10.759547
28.213797,19.753500,8.322731,47.634640,12.446692,7.681245
31.058807,20.361330,9.128777,36.946301,7.204591,21.790606
13.713216,9.828023,5.151665,18.887167,3.211581,2.655511
23.979631,9.403805,8.727867,30.940107,9.060722,34.756031
22.183706,9.481151,8.457267,36.981434,10.212173,32.128315
51.969738,34.956375,16.191359,21.149076,4.849207,100.289345
30.341661,20.418917,14.076059,44.404320,10.973045,10.149924
23.642101,15.973857,16.012968,53.225128,14.525856,17.681988
6.372666,4.534591,2.514544,9.601013,3.195734,7.336306
21.300129,14.698358,4.956319,26.365017,6.646187,6.042191
6.515558,4.771574,2.232855,9.744935,1.987389,8.773562
30.505009,20.925825,9.455950,26.338715,7.548423,9.540853
25.340073,17.106462,11.062852,25.640804,6.465701,28.787811
8.652490,6.550990,3.526966,11.015277,2.717765,3.177140
25.766983,10.812471,9.812269,31.379477,8.192904,28.684202
53.930740,32.199051,34.191338,89.679367,20.287689,84.690765
78.532188,33.427891,35.873158,120.979980,27.708767,91.846207
14.151870,10.256684,3.891953,20.444740,5.213812,4.803330
12.474351,8.820291,3.949850,26.333860,5.844028,22.591211
22.949823,16.121712,6.554843,19.613493,5.688507,2.608222
62.158787,26.184336,75.173805,222.676407,53.860584,202.220673
11.088804,7.713865,2.098793,23.496683,5.986353,9.889243
8.257753,5.986016,2.757391,10.641580,2.183809,4.176846
9.136720,6.899063,2.198074,11.189534,2.547563,1.685096
15.115396,10.581614,15.384571,11.118289,2.570362,8.400076
18.891518,13.443087,5.733244,24.811308,5.414473,15.551484
44.030949,28.667795,33.525539,108.561066,26.882771,49.172073
47.218708,30.632715,49.035625,179.589340,44.266022,58.019474
37.185936,23.867981,15.959554,49.374886,12.263559,12.698490
8.706792,6.463088,2.706250,7.978017,2.605746,2.956784
42.299057,21.610735,32.958317,104.902885,28.230137,78.125549
5.665717,4.370426,3.444812,13.371812,2.505329,8.884043
7.980431,5.325962,2.314371,11.765905,3.899635,4.110866
34.737488,22.881804,15.186153,55.648350,14.331623,23.453758
8.127198,5.859357,3.042701,3.870619,0.665734,7.118944
16.074917,11.785978,5.119584,12.087734,3.008862,4.310481
7.989071,5.902192,2.566583,12.406516,3.391718,2.502633
4.653373,3.306674,2.488584,1.761454,1.010720,4.895802
22.994411,16.153353,7.392555,6.345592,11.372306,990.875671
22.032934,15.378713,9.211463,26.746477,6.411937,8.079464
22.324142,15.350417,7.291417,42.405724,9.543717,29.178894
18.073692,12.201447,5.931954,18.710211,4.238467,6.522230
36.837547,24.691128,13.502197,43.463062,11.901645,9.606151
40.671101,27.882715,11.815292,40.132545,10.940308,26.202780
15.502460,11.006654,8.886095,17.605934,4.794150,17.821474
19.306206,13.403236,4.741893,32.420845,8.372524,15.336139
20.117828,13.360786,9.596902,41.121223,9.301964,66.158043
11.598209,8.344188,9.577613,59.445358,13.629748,24.768421
12.825132,9.093077,6.448699,30.358145,8.434124,5.055301
7.166444,4.840486,4.018931,10.091381,2.534761,10.427831
9.640991,7.208782,7.978307,51.369537,12.081818,36.527687
14.132735,9.993651,6.199346,57.447815,15.913313,36.844364
7.948788,5.978296,2.499665,8.758249,2.371910,9.674521
9.441913,6.719817,1.550242,10.073268,2.252987,3.075628
33.288654,22.564182,11.585285,36.124313,9.279436,80.804497
6.050388,4.569421,1.873035,10.223903,3.556078,1.559553
34.376362,22.379478,25.781708,92.504364,24.406855,34.146877
23.956772,12.622416,11.938590,26.613838,8.328637,24.958279
32.913692,18.992071,19.135992,56.580521,14.410018,34.221924
9.008492,6.764303,3.176098,11.747386,3.599176,17.711853
21.707037,15.240597,4.182408,26.033052,5.136189,6.052710
20.963669,14.732551,6.310184,32.534264,7.607288,7.531540
6.946327,5.162757,2.585814,17.074213,4.942829,10.160011
16.542015,11.539881,4.218834,20.662310,4.469785,6.744253
67.754951,37.477009,40.285069,122.602409,29.696238,114.484894
32.224991,21.838633,8.542919,50.651825,12.453501,13.277375
13.024403,9.487103,13.385861,32.910450,8.852538,28.344105
24.227798,16.110651,11.426630,43.116520,8.420916,16.241432
5.411851,4.241100,2.151748,4.573895,1.991251,5.489720
57.920948,35.262371,27.984102,107.135757,24.220858,70.719963
17.975290,11.700875,5.879551,24.815109,7.066494,30.395962
35.673748,24.299368,11.535687,33.527710,8.051604,12.694247
9.546490,7.049391,2.749394,15.707616,3.459112,8.588765
15.371910,11.121186,4.634324,16.222540,3.585208,1.072791
24.557390,16.680943,11.718061,46.921638,12.797925,37.414085
22.662590,15.611800,8.255140,32.858856,7.276036,6.765386
4.608441,3.528414,1.366503,8.349694,2.509626,1.838575
17.890591,11.898032,22.331709,63.135685,15.531246,13.881610
28.516047,19.197504,15.191992,34.671577,8.842588,29.642189
15.834492,11.337684,5.460126,13.748736,3.396617,9.541033
23.717640,16.536186,8.356340,20.605667,5.079766,7.850121
9.121368,6.542114,2.738438,10.331998,2.963478,3.975190
13.270041,9.381279,5.184815,13.595424,4.248493,3.220816
11.385872,8.483453,3.767338,10.652847,2.889705,17.682308
28.383463,19.768120,15.075373,43.077370,11.842459,14.742860
18.079781,12.466916,5.833269,19.078711,5.630290,5.883420
36.678867,22.249578,14.748070,61.681740,14.985900,23.146309
15.802149,11.325629,5.429560,1.330168,0.886924,9.911619
21.013226,14.382177,6.227059,27.230700,5.515877,15.892105
13.329234,9.374584,3.737851,19.001213,4.883630,4.381176
56.822002,31.436306,74.655373,229.146530,53.516006,184.048248
20.866293,14.484349,10.341340,29.018362,7.470895,28.432175
23.571054,16.504539,6.270645,20.635719,4.930816,4.279319
8.144465,5.875260,2.965967,10.541797,2.618362,4.901053
26.272728,16.229248,9.105260,32.392612,7.561409,35.615993
14.899751,10.297833,5.126553,24.427809,5.910753,41.578354
8.035217,5.473011,3.412322,8.261715,3.002792,7.615045
27.610104,18.136381,16.586130,52.479839,12.398529,16.722342
60.333050,37.919621,49.629944,129.288147,34.507599,128.245972
15.805634,11.364643,12.874084,41.351463,9.294057,23.312532
21.866365,15.459836,7.722558,20.074615,3.612433,13.472711
7.853218,6.086597,1.238321,9.263000,2.683119,4.382712
57.071590,38.010765,27.499771,150.562103,39.672848,182.653152
25.096115,16.881304,22.753767,69.894485,17.988653,39.838081
30.501493,20.451754,12.137688,50.960350,12.833607,13.788843
12.241225,8.831849,3.271328,16.913197,4.889607,4.004793
24.528255,16.803957,14.978559,78.151039,19.619259,11.577075
17.281656,12.523773,5.122621,13.103386,3.341356,6.313511
46.067474,30.595736,29.249741,97.608406,21.014128,20.678011
18.824621,13.268182,5.285801,27.589716,6.338923,14.993163
28.564039,18.938667,22.355776,88.911591,21.540945,61.417767
11.577677,7.774371,3.391187,15.171689,4.910743,5.179314
55.225727,31.943911,57.991825,162.708298,35.411762,49.298355
25.759672,17.588715,7.350990,22.853769,5.548897,14.686745
34.075909,23.141209,14.086364,56.063786,14.623408,31.741776
6.176790,4.267916,2.544899,7.579723,0.973434,0.853550
11.725565,8.545671,7.915697,32.125015,7.568816,15.208485
23.951759,16.963089,5.926351,28.565958,5.398669,9.671309
7.674446,5.432692,3.233704,9.223095,2.503793,7.882370
6.677985,4.959772,2.700367,11.154852,3.305739,8.858848
9.822944,6.878931,3.157707,16.549480,4.069911,7.488711
23.920139,16.867247,14.398680,37.893230,8.979931,35.766598
26.126453,17.597561,14.197783,29.558857,5.837622,13.488962
26.078169,17.053261,21.149908,48.812920,12.682923,72.069427
10.682411,7.435368,1.975702,11.443392,3.028735,2.702963
15.709289,11.307782,4.166252,19.647804,4.213935,4.223131
48.685825,32.004513,19.190197,45.349121,12.106996,45.296448
16.735130,11.626829,6.152394,20.013205,3.810085,7.907465
26.615236,18.283794,9.510450,26.895164,6.610240,11.391915
14.509542,9.273499,4.927225,18.879946,5.840235,12.990070
9.117439,6.468783,4.102240,12.350361,3.271889,2.921711
6.854028,4.879091,2.280926,14.604194,2.460471,0.878208
77.642670,36.017879,79.069794,177.778473,48.399174,130.881622
78.913200,36.047966,96.586700,271.825531,62.701115,131.514603
10.702326,7.469193,2.789335,12.209023,3.588759,2.232265
86.409599,51.020714,97.618507,311.124084,76.858635,215.674667
4.026694,3.139530,2.280175,6.623853,2.011174,4.471751
11.088590,8.316181,4.098449,8.849629,1.692126,2.936466
6.407413,4.479756,2.548032,10.520885,1.952778,0.632341
25.117142,17.266199,31.540171,99.267975,25.876102,62.163418
28.262695,16.930109,38.413391,161.237244,39.486839,106.575142
9.484536,6.677925,3.472235,14.183949,3.486771,6.651166
23.075535,15.827911,7.141550,30.849504,7.126276,7.023260
12.044107,8.500689,7.027991,20.469299,4.233276,5.829345
10.430681,7.114407,2.845602,11.947801,3.838519,6.510787
10.662543,7.563543,3.940843,10.918393,3.072699,7.995212
41.652893,27.585173,12.374824,49.533691,12.656129,74.512207
20.709919,14.209838,6.634347,25.354065,6.696569,26.584131
36.926300,24.199232,33.824692,98.411079,25.042292,84.249260
9.303034,6.924849,3.054329,10.397349,2.735466,4.734574
10.073915,7.211555,2.874166,13.290390,3.226141,2.714061
14.184767,9.786461,6.689086,20.872253,5.973137,4.191492
5.459957,3.589415,2.474051,7.653523,2.135578,2.823682
25.008739,14.374297,45.086624,164.031403,34.353233,133.932617
42.049526,24.516048,38.162033,136.346695,29.942791,82.437340
11.802392,8.532052,3.478573,11.406733,3.269211,2.743628
20.392822,14.195969,9.865424,28.901386,6.700882,30.172554
49.058659,27.147272,24.146017,73.802261,17.752151,48.070515
14.938989,10.444277,3.522960,12.342953,4.412505,2.250886
18.424570,12.963674,4.298385,14.553095,2.753588,19.151491
9.540158,6.882526,7.021160,23.944082,6.027112,13.705935
18.658926,12.760053,6.361315,22.771999,5.058048,6.890080
24.476517,16.697412,7.847004,14.342397,4.252534,17.555786
34.136078,18.658722,11.344891,38.892212,9.688601,38.088131
6.339699,4.557607,2.431794,10.382837,1.070596,4.584893
10.256026,7.326296,5.296605,21.790829,5.067612,18.123343
15.928026,11.718697,4.754327,9.433611,1.887435,3.754436
33.468769,21.178051,10.747519,30.275946,6.463699,18.936872
10.190501,7.374019,3.542325,14.706083,3.899278,35.199562
28.941076,19.042221,13.185730,47.874477,10.945744,30.393127
41.264931,27.063181,11.371333,59.144588,14.008755,31.257074
23.333918,16.270411,7.821956,4.247622,7.956196,687.612549
73.083252,37.323013,32.512669,145.848709,33.707802,61.153755
33.462620,16.381231,12.652965,97.930222,19.772779,30.287048
5.116156,3.939926,2.424159,10.209057,2.158284,6.459090
36.365364,21.955629,50.682182,155.001236,34.954136,127.100662
21.966520,12.738886,7.353648,25.633160,7.338438,26.370249
12.418468,8.701007,4.424059,15.055010,3.163667,3.950733
7.467009,5.459699,2.713683,8.636607,2.577334,2.371351
18.512701,12.122361,5.611763,14.347147,2.729812,21.714890
9.909913,5.803364,3.386914,15.882101,3.846032,10.667053
18.383638,12.459255,6.661708,18.141411,4.179685,7.336839
47.290272,23.748272,82.154541,230.052246,55.701229,237.311157
7.274132,5.153254,2.747656,5.419219,1.150074,4.799326
33.034225,22.588659,14.446983,37.623779,9.394268,15.248696
10.936502,7.525619,6.142849,18.329185,3.720110,9.553947
34.409920,20.567869,37.863056,151.649338,39.020969,117.646896
27.679609,18.425676,12.192966,39.601227,8.510302,9.912361
7.623394,5.811949,4.228235,10.107509,2.889219,2.819153
47.605850,29.361385,18.965485,57.507580,14.716902,37.361084
10.055408,7.047184,3.915170,20.965084,4.872896,1.333094
21.024521,14.670017,6.815244,30.101501,9.466893,22.692362
51.059361,31.582554,22.984501,60.291428,14.009456,23.484646
22.385584,15.659291,24.155186,37.393288,9.118653,35.811749
18.934914,13.007362,5.963735,13.401370,4.257100,21.811136
38.812054,24.183058,20.271772,79.192123,18.179989,74.254143
14.783769,10.238212,9.295237,36.870888,7.280334,7.623065
16.556877,11.385770,5.271333,24.248083,6.651275,22.847887
43.280598,27.384344,15.887048,40.347382,10.008743,35.891151
15.712308,11.175550,14.657274,39.769386,10.469014,12.395299
26.584877,18.153141,9.441635,33.674458,9.521028,28.427408
5.300910,3.882048,2.903586,10.576416,2.139766,5.339589
39.332054,26.201708,17.231237,54.203598,14.104462,34.569794
6.720825,4.765843,2.335341,9.002729,2.148660,1.181078
55.158051,35.681534,25.778959,106.314285,24.424747,91.864166
10.764263,7.708118,5.174747,20.521454,4.918904,4.249984
37.945667,20.916149,17.557489,50.252449,11.721408,43.663723
40.251404,20.970104,19.296555,67.046066,14.460886,45.498005
29.742966,19.857792,7.577439,32.620945,6.720603,10.607471
20.976118,15.316339,5.925508,2.540294,0.696950,9.841007
19.358805,13.239611,7.592788,17.576057,4.065992,22.841389
23.448507,14.859107,21.913326,75.755936,17.787292,36.342781
18.325357,12.830243,6.164814,33.552006,6.606956,3.206536
6.031920,4.237290,2.059677,11.095514,3.266356,3.174917
9.286417,6.617132,3.373469,4.471693,2.103992,3.558107
7.611436,5.751674,2.471935,14.286118,2.938872,15.190828
11.605787,8.212360,3.613400,9.125273,1.871108,2.444109
11.395241,8.136570,3.697129,16.935186,2.908019,10.480151
20.351683,14.072104,7.185061,52.939468,12.672401,25.218468
9.083964,6.422216,4.271854,10.298256,3.759928,2.285856
9.247030,6.530672,4.107939,15.791236,2.987086,6.228557
15.557747,10.644154,6.156644,5.742087,0.855246,5.190568
22.277407,15.178855,24.740913,105.069580,26.185726,45.485508
32.460838,21.282375,8.866177,23.668901,9.124931,67.966927
22.573576,15.264741,6.297909,29.616919,6.743961,6.258967
41.236134,19.701277,12.734570,59.261581,16.386402,29.308907
36.764114,18.854847,12.628975,67.201988,15.369609,25.560535
15.626026,11.051398,8.084400,27.255539,6.280797,4.772005
55.157341,34.510151,28.051575,78.342804,19.795385,76.316010
12.385605,8.973226,3.804432,18.497517,3.791249,2.764961
8.304933,3.707203,2.773898,9.147370,2.652790,9.800887
25.334139,16.848688,7.756116,40.448227,8.988422,6.390411
9.467255,6.808443,6.015300,5.646982,7.759658,572.639221
29.448326,19.994463,11.209216,32.100563,7.572438,7.127855
4.745560,3.148106,3.451324,11.527818,2.487257,3.940022
35.646736,24.334721,31.773485,119.903526,32.247276,82.778946
7.284864,5.024460,3.627651,9.787777,2.944503,2.954067
20.859434,14.984679,34.602531,66.402527,14.326314,25.516146
7.635646,5.299181,5.212659,13.317101,3.675655,10.105884
21.886091,14.926382,12.630879,16.133270,3.558159,87.395638
20.509365,14.813553,13.362822,36.242760,8.288267,19.767159
14.392929,9.727120,5.356632,16.959877,3.660414,9.517490
35.576794,24.359154,11.953936,33.811935,6.632883,11.007194
16.865452,11.802196,2.815213,27.831888,6.001293,19.115128
9.696989,6.861088,6.681158,13.890018,2.978440,6.752321
38.815235,26.229605,9.695164,36.795685,7.657170,6.719455
87.232826,40.707081,38.818478,166.462936,37.844646,52.424774
19.257170,13.722047,7.952786,27.231895,7.208099,13.944924
9.467843,6.896961,2.937386,9.225890,3.866516,2.550355
16.149960,11.045709,5.799766,21.514364,6.042879,8.286077
22.297302,15.521922,4.190598,23.190962,6.906188,7.803417
14.539198,10.254308,4.341047,10.980058,3.861662,15.522779
4.621465,3.784716,2.280034,3.875956,2.145945,13.402700
24.573990,16.383995,15.849207,54.666870,13.461966,48.563999
20.005602,13.844510,11.224010,57.971573,15.137920,46.727558
12.190089,8.530825,6.971363,24.591410,5.930333,10.640347
29.785088,20.397621,11.469994,41.519100,10.291515,29.537085
29.103655,14.246721,10.545430,38.056622,9.245882,29.375614
8.668183,6.327066,7.528145,37.005291,9.408441,10.820661
8.167191,5.767570,3.092716,11.025303,2.400411,3.990204
4.042034,3.025713,2.050623,7.375109,2.408132,0.801060
21.298124,13.910708,17.535233,60.951462,13.473757,29.254080
10.177840,7.199067,9.946280,35.058563,8.675483,24.666258
56.646835,31.919085,25.164867,73.772682,15.672199,28.290977
16.991121,12.256897,5.565468,7.456876,2.079394,3.527370
42.961128,27.494419,54.133743,191.007660,48.699215,115.796989
11.087839,8.164315,3.342673,12.904046,2.481242,5.112839
25.291697,16.199659,28.114176,91.289604,20.070776,72.506958
7.405967,5.428518,2.115445,9.533174,2.481711,7.521711
10.176947,7.163190,3.705762,10.028734,2.015417,7.093169
99.922348,59.208172,69.773849,209.377213,52.287380,185.380920
7.261250,5.333311,3.159018,28.771387,6.421900,5.689388
46.398430,30.241381,25.005352,71.377151,14.923431,57.003895
13.119129,9.508174,3.244531,14.275412,2.827662,14.598519
35.288307,22.711800,9.738676,36.189354,7.308910,43.746887
38.461174,23.405453,35.842487,219.440170,54.252499,90.184021
32.946301,21.514351,15.952222,45.560902,9.658052,64.058121
32.144070,21.047398,19.122168,54.332401,12.185232,40.242847
5.006224,3.889661,2.640074,7.837999,1.502073,6.434305
9.948541,6.878368,2.756525,18.145569,5.658149,3.229529
12.156059,8.442789,4.178069,13.451694,3.186125,3.807170
52.955833,34.367561,18.389545,52.785984,13.058006,37.112751
11.856214,8.380222,3.196048,11.239024,2.059586,3.019319
6.020589,4.374405,15.394319,42.340370,9.240643,9.941474
15.335584,10.892286,5.726166,23.384186,5.791053,17.538326
58.008862,36.733166,15.716350,47.912487,9.483003,18.794210
10.482280,7.484569,3.017221,10.895826,2.260715,2.775131
10.232059,7.028194,4.107442,10.815903,1.527959,6.581917
7.497178,5.253294,2.672660,6.740501,2.387549,3.640107
27.010897,13.669082,9.386496,25.550276,6.522669,25.325790
27.002052,13.670181,9.769781,30.759674,7.326554,23.000275
18.342731,12.883299,4.710903,26.807402,6.372092,12.640500
20.083637,13.922729,5.970236,22.875847,5.224190,14.024981
30.046299,11.779952,22.317036,73.900200,21.698027,77.944092
8.408997,5.778781,2.908453,13.694233,3.173478,1.708140
20.037813,14.470833,6.256971,20.308798,4.289111,25.678778
6.068298,4.238951,2.356033,9.708880,2.817062,0.980964
19.013298,13.289495,7.068078,20.151472,4.728674,7.693362
32.172264,21.461330,10.648047,45.062771,9.855538,4.983694
17.556683,12.594431,5.158053,10.459268,2.303260,5.035372
19.312681,13.615419,6.831536,25.371071,5.388363,20.458067
37.795616,25.720774,11.224681,37.233738,7.925021,8.090176
14.430521,10.709248,4.221408,12.029130,2.701450,6.891106
16.019930,11.560937,4.874242,17.577204,3.981620,8.079854
17.393833,12.911229,5.686021,14.665219,3.916296,14.034207
34.902126,15.461054,15.870694,48.503849,13.978888,31.328003
35.089314,16.450981,18.016888,75.717674,18.702389,29.904800
22.058186,15.348918,5.583761,26.776861,5.346490,4.560964
35.015343,23.467230,8.973668,34.179390,8.294065,17.811224
16.818153,11.210909,9.202147,64.363953,15.593801,12.228598
21.527916,15.175120,6.289243,15.150417,4.553504,21.869425
11.511418,8.227960,4.430505,16.385160,3.775471,7.601652
25.076649,17.389746,9.577247,32.479481,8.577381,9.990900
8.018490,6.071003,2.253762,7.588819,1.989951,2.766413
12.915075,9.389310,3.462229,15.572693,3.809979,2.320939
18.105101,12.459777,6.603307,28.610826,5.439002,10.845444
15.913363,11.200222,3.461700,21.734941,5.080522,7.109388
17.419062,12.246392,3.676654,20.421478,4.341843,2.123348
10.948247,8.011402,3.688874,12.936004,3.609699,6.661924
10.531327,7.626584,4.246920,31.164371,8.557330,3.210537
27.053045,17.706301,32.910492,102.313164,25.522573,42.217010
10.980022,8.017828,5.209118,15.274654,3.135846,10.072322
46.771626,31.045332,15.401787,57.226429,13.529009,38.948395
75.131897,38.176403,28.238358,92.817368,18.541727,53.092915
15.884599,11.065238,4.200127,26.115829,7.529968,10.626279
14.072613,10.116899,8.486966,21.708303,4.979454,5.488758
35.382362,23.457169,24.324162,95.766510,20.310118,37.051655
80.954536,40.097610,140.189056,424.071594,111.195694,451.974792
36.015343,22.636395,12.594330,41.212437,8.668894,23.621010
8.277429,5.931761,8.671055,30.855749,8.424599,3.174519
37.955048,26.328932,10.014434,41.850449,10.839184,8.522304
5.072269,4.109199,3.215170,8.726099,2.366402,3.553091
10.224442,5.039881,4.517074,39.249065,11.917362,24.903145
9.859800,4.891237,4.300570,45.475155,13.236609,26.053949
5.383759,3.917090,10.843957,37.997009,8.495390,7.453119
26.379667,17.844969,7.988893,28.421333,5.745737,43.199047
18.602932,12.635767,6.551514,29.075420,6.345152,32.958218
6.241775,4.277593,3.188445,8.304257,2.622329,9.630239
22.445732,15.881235,18.942516,23.031170,40.657032,2777.823242
10.876119,8.028034,3.490182,18.474955,4.739344,24.636673
25.193674,18.065853,13.946877,50.371990,13.694402,24.833517
17.465992,12.430261,6.230975,20.182133,6.280849,18.331902
24.136190,16.517441,8.659040,27.615908,5.673655,10.110685
12.173500,8.566693,3.640410,30.917023,7.219676,0.862582
10.658988,7.069150,27.080061,81.892464,19.888966,37.406204
11.866120,8.728114,4.650975,5.171847,1.577651,5.686345
7.984540,5.689273,2.745979,11.808743,2.612218,6.097514
10.882969,7.967088,11.331266,35.289177,8.987135,14.788913
29.775442,19.728266,17.789623,59.641823,15.328648,12.970930
12.477462,9.099959,5.539343,14.835786,2.509434,12.276947
11.474192,8.235194,4.132210,14.257908,2.354908,7.344813
28.800816,19.867769,12.963978,48.958542,11.667961,30.269070
36.449028,23.445833,15.595008,39.552322,11.085100,24.880663
5.195428,4.049582,1.570246,12.266862,2.412756,2.421166
9.900658,7.153401,2.631462,12.786466,2.133907,1.010191
21.800714,15.675967,5.908863,26.996269,5.474816,6.133651
13.709372,7.155245,12.547144,49.849834,12.454909,41.757633
25.266329,16.397346,7.289163,41.812023,8.993025,12.999427
45.609833,27.682899,78.528046,242.618179,63.411079,78.613251
22.950365,16.092291,12.315465,39.036102,9.369152,13.321485
7.314945,5.266331,5.241037,21.684647,6.108751,8.017855
8.646339,6.087466,2.985540,10.922712,3.198033,4.239048
19.886892,13.952737,9.374079,19.279572,4.942123,9.409257
11.558513,8.268457,6.213155,18.839439,6.156939,5.250353
8.342699,6.052478,4.854941,15.801844,4.095167,5.025659
15.922891,11.612215,12.142292,59.632607,14.680990,24.233929
16.944630,11.750765,11.868151,21.239819,4.533637,9.331976
14.569365,10.293583,5.158601,16.160952,4.781301,9.080818
24.111359,16.124285,7.181607,41.464859,9.117914,10.261432
33.328648,22.260574,17.690111,43.055790,9.653980,20.484055
22.611345,15.050733,13.649592,68.290421,20.172941,7.794832
24.729128,16.710270,6.850976,23.531147,4.427344,5.621549
7.651524,5.349400,5.932504,36.179176,9.894643,17.553005
36.209454,15.427475,12.378092,40.620388,10.546032,39.218830
32.416431,13.621358,12.073094,48.610798,9.908896,25.209309
20.791315,14.156889,9.260821,27.987898,6.849411,39.862339
37.554455,25.218582,14.618686,42.795914,9.986457,15.601998
19.851297,13.700464,9.352298,32.284637,7.487115,12.559838
45.516426,27.579464,69.662811,273.679474,70.468246,281.790710
7.108040,4.801055,5.503274,18.590914,5.273945,5.903077
45.841473,29.991707,12.865251,51.804306,12.301187,16.332685
8.633435,6.493229,5.138407,12.219618,3.104742,6.512503
43.933598,28.619591,15.558974,43.264145,10.600640,11.000947
8.046193,5.378684,8.686185,43.551552,8.567240,33.531044
19.511286,12.555444,30.147182,120.635422,33.204529,41.919930
8.498203,6.166235,3.092339,32.822063,6.474803,5.723441
4.069605,2.934691,2.982077,11.086576,3.825442,2.768123
7.101254,5.278519,2.105197,13.433960,2.264733,4.654056
14.897334,10.931944,4.989662,11.826430,2.794177,3.314540
17.358034,12.502569,5.250146,30.372587,6.973548,13.882822
6.995399,4.941167,1.850711,7.061357,2.288493,2.737705
8.474539,6.268960,2.775436,16.929029,4.091000,4.386994
15.176315,11.242591,3.832420,15.437902,3.354921,18.775566
31.858828,21.848003,13.494245,39.774948,8.447254,13.957994
17.845127,12.668736,5.170441,20.832773,5.079238,8.354716
17.878977,12.918506,3.460700,14.061567,2.697742,10.685336
10.928349,7.781692,3.506449,12.758577,3.342036,5.826801
10.552133,7.314610,4.080927,13.516088,3.711293,13.261889
8.108938,6.070682,3.279472,12.716834,2.164029,7.084088
6.397873,4.744883,5.300747,21.698759,6.223884,5.841187
13.620199,9.581925,3.890183,18.975742,4.602415,4.182399
8.277994,6.016809,5.132720,8.559830,1.754344,5.728856
12.287148,8.969745,3.988741,16.623611,3.272399,11.785527
43.289886,28.494465,15.959075,56.424095,13.058454,49.837234
23.823818,16.983177,8.631197,23.092203,4.603965,10.129850
21.967829,11.366027,6.111037,25.521582,5.681755,11.416320
15.161325,10.032535,4.475941,17.520775,3.142745,30.873987
32.760841,22.311016,12.927674,41.101887,11.592148,19.350931
24.399693,17.145889,7.043812,32.525921,7.751852,5.534299
26.340302,18.555191,18.187822,41.491936,10.685381,12.848793
52.573097,32.421360,34.585194,123.707611,27.781334,43.647774
48.130421,33.001514,32.742729,81.398964,19.164454,20.299894
18.264147,12.882947,4.880106,21.453976,5.010211,2.391261
10.065643,6.982984,3.545637,12.633196,3.280537,5.922642
25.934647,17.166149,6.636927,26.489359,6.995772,19.814548
40.783722,27.614792,15.965808,48.330349,12.152251,10.252405
7.500797,5.362486,1.885737,10.900144,2.891795,4.809416
53.334175,29.618977,33.473034,133.414108,32.309315,78.911484
10.179585,7.301917,4.550506,10.791408,2.717382,1.413606
40.457111,25.968163,17.660692,70.720863,16.475998,59.404472
7.501402,5.504406,2.878111,18.241129,2.930964,3.234962
11.448725,8.643306,4.260048,11.069236,2.553889,12.498199
14.140154,10.053971,4.312736,19.397213,3.411404,2.295426
32.709660,21.322094,11.039783,28.814047,7.059046,44.848633
17.254833,11.719213,5.162454,14.930996,3.193084,5.834814
55.551327,31.118391,35.457691,142.893326,37.007618,225.311295
51.080181,32.224331,23.405668,95.737228,24.493486,73.485504
9.744647,7.142426,4.806963,16.609074,4.200492,0.835124
24.578127,17.166611,13.239416,52.843723,10.160558,35.650642
41.239708,26.043379,14.875132,45.785286,9.856663,28.426008
36.293968,24.840237,18.021297,41.665421,11.648735,34.944614
48.301399,27.584093,25.102362,83.472931,19.574202,39.813515
12.429355,8.911737,7.181240,17.061203,3.320648,12.744714
12.740664,8.752416,7.278383,14.509941,3.050337,26.166750
18.948690,13.582170,5.105088,15.612740,3.171881,9.971783
54.672249,35.246834,13.911023,61.286427,13.706614,35.896057
14.952277,10.678941,7.136950,19.082005,4.039319,21.173803
11.198994,8.339371,3.939334,14.170694,3.002222,9.595819
10.325393,7.377186,4.210692,9.830496,3.735307,5.753816
12.226789,8.175529,4.140316,26.783649,5.452917,7.334851
66.116806,40.872883,17.310387,62.430355,15.631145,38.966896
41.135147,26.454247,26.185717,92.212250,21.137907,72.024643
5.467043,3.886262,2.929906,8.695042,1.847303,10.370355
10.546571,7.001051,9.602199,43.943596,10.010131,3.134022
15.899021,11.201341,5.266411,7.337982,1.038267,2.453243
12.220349,8.832223,4.260292,20.195763,4.544897,15.067311
25.158161,17.439749,7.282087,7.453782,1.584920,4.592422
14.362405,9.940329,7.114012,18.863567,4.481894,5.631930
15.499848,11.086682,4.161375,14.802575,2.655953,4.420820
15.341409,10.953024,4.697955,22.941429,5.747744,9.570514
21.400137,14.521783,5.780388,19.448477,6.882323,4.702220
11.484781,7.861792,4.027238,8.976026,3.386154,2.714549
4.694142,3.509547,1.689525,8.337070,2.569525,0.580128
24.138079,16.043793,11.033019,52.758793,13.241017,6.890130
11.451697,8.476471,3.287937,11.255970,3.137272,7.112036
4.572244,3.380828,1.913110,8.862745,0.964889,5.467125
14.743632,10.274682,5.051638,16.465879,3.657003,5.105541
11.406731,8.080321,5.669860,17.898111,4.456504,9.330690
15.649680,10.898749,3.308533,27.679375,6.338786,13.449737
45.210041,29.409657,24.104502,85.457443,22.672905,130.551102
20.857109,14.716381,6.610512,27.871029,6.254296,4.273046
12.355925,8.485666,4.756259,18.547495,3.531728,4.996096
17.964815,12.653237,6.456275,29.030191,7.344917,16.599657
13.083955,9.247831,6.618665,23.009705,6.073112,2.214686
15.720121,10.760023,5.343026,17.937586,5.723506,11.108234
17.312214,11.866520,6.846429,22.034876,4.335755,22.782719
11.674268,8.485534,4.383875,11.605794,2.187692,10.554241
16.186220,11.774356,5.745120,18.646076,3.756527,14.157931
30.015297,19.335825,16.248419,43.428169,11.892824,38.568462
57.810196,29.669313,22.135061,73.873489,16.514477,25.288553
7.565747,5.232968,4.440220,15.793716,5.054416,4.110394
17.270987,7.328984,4.376126,30.246536,8.850006,35.962864
26.989582,18.295496,7.393085,27.800716,7.587761,13.781263
12.813147,9.121655,8.570361,36.454540,10.032339,24.132624
11.749039,8.342551,4.871484,15.700292,3.370541,3.884371
19.010914,13.199792,6.288484,27.962065,7.398627,9.618728
13.157785,9.100254,7.043735,36.013344,8.054192,15.554169
5.893455,4.047753,2.743308,7.478099,1.447199,4.141656
43.035500,27.297014,20.881647,65.533691,16.334480,148.664566
25.070549,17.403425,14.392540,53.160149,14.202571,16.026211
18.693169,13.153161,5.817239,21.540497,3.857528,2.156335
13.349173,9.528141,5.010455,22.208342,5.339661,8.950260
26.965012,18.249863,7.464663,6.239821,14.493838,1391.544312
4.930202,3.874305,2.530345,17.386055,4.079334,9.351690
22.574486,15.516376,6.404407,24.883081,5.984972,25.699306
9.583725,6.669964,3.821498,10.838974,2.182317,5.176250
26.885433,15.917960,11.458661,33.028332,8.888292,27.314789
11.523037,7.844305,4.457068,15.308554,3.414038,13.669971
9.944159,7.091556,5.656351,23.354931,6.163655,9.596793
14.708871,10.818444,6.334917,7.884376,2.175416,3.128615
25.898893,18.374693,8.342167,23.119005,6.589358,16.571449
50.044868,30.515989,38.887787,116.275528,25.977858,57.722759
20.909878,14.925257,7.940505,16.685408,4.171638,5.129244
37.926567,26.372671,22.643171,82.900085,18.671398,6.260721
55.804630,34.521408,36.499668,122.815926,30.052332,67.952049
9.804444,7.356190,3.665547,16.038193,4.905208,8.269889
32.674919,21.227186,13.427578,61.617710,15.875772,54.067394
13.470941,9.899474,3.313791,15.045568,3.508920,6.966980
18.881853,13.090800,5.634786,15.853870,4.811303,16.660830
32.454960,20.076982,30.633650,99.340317,23.475193,112.059845
14.427101,10.435647,4.407182,13.412163,3.896102,4.417904
9.707198,7.169439,3.085938,6.003181,1.383015,7.513983
26.605965,18.118429,7.696987,20.549566,3.886460,5.593516
16.016075,11.530398,3.851935,11.952715,3.019993,3.200677
6.776907,5.267003,2.742547,10.038769,2.204001,2.549323
28.531357,19.234997,23.246061,60.433372,13.955750,27.559212
44.065540,28.719751,19.535093,64.078979,14.778047,22.395964
30.907640,16.572803,13.707333,43.412666,10.348386,15.851503
18.069334,12.601443,3.946093,36.327702,9.437851,21.800684
13.311168,9.231958,5.336333,21.727558,4.911987,16.875008
26.003315,17.300526,16.598423,82.067551,20.554483,37.573730
13.860145,9.156905,5.599422,34.857834,6.866693,5.978694
7.935784,5.587367,2.502547,9.532776,2.721355,12.124219
23.965097,16.751129,8.145329,20.674341,5.794364,6.036108
8.765248,6.405470,3.664307,19.925097,5.104981,3.684445
20.649218,14.202312,10.072096,25.986712,5.591053,10.401561
34.145699,22.802341,15.408156,50.672195,11.387143,36.748127
31.753611,20.022156,7.341490,20.327168,4.932148,32.163208
37.768414,22.998615,7.941322,46.776638,9.705023,38.220669
12.252841,8.305637,6.478270,37.971069,9.526590,7.142641
18.257963,13.164264,5.651265,12.876590,2.427821,8.663997
16.975546,11.781882,4.884215,19.992203,5.414210,7.661705
7.864798,5.849584,2.558683,7.578069,1.337716,2.205709
8.372459,5.795338,3.408855,12.602468,3.013264,5.251357
6.367332,4.400258,3.476882,13.599049,4.382337,6.244874
15.533320,10.566797,4.860449,18.551126,4.235523,19.080568
13.260367,9.633389,5.162908,8.254349,3.182230,5.706747
14.458741,10.400324,3.676721,24.810816,3.977496,16.149591
33.833935,22.670042,7.372465,23.043510,5.733868,8.509206
9.784310,7.323535,3.086954,25.512930,6.429991,3.864423
19.109745,12.891171,15.780199,64.992828,15.544448,52.640442
11.291319,7.810985,2.790677,11.384676,2.490930,12.271543
12.985980,9.460679,2.844984,10.701292,2.932659,4.093322
14.125725,10.121364,3.898893,17.057056,4.225810,4.155192
22.742802,15.298553,36.677631,122.248428,30.913811,52.535137
15.392086,11.191014,6.234890,5.916934,0.605176,5.134021
15.635008,11.293227,5.407869,9.205938,2.339835,3.236586
19.411594,14.119946,5.117080,17.988483,3.815304,10.400754
9.807581,7.193017,4.452922,12.391858,2.225847,7.579196
40.807137,27.912861,15.615101,41.560345,10.299098,9.680763
12.475827,8.401159,25.500540,78.092300,20.123352,55.109180
41.908192,28.080511,9.894389,40.438240,9.605781,26.275007
5.200065,3.549271,2.070388,1.470868,0.481539,1.471664
20.911674,14.941704,10.825603,54.590359,12.978880,15.945966
47.139187,29.653610,17.452881,63.553886,14.435735,21.932215
16.937193,11.444706,5.976814,16.363796,4.870763,19.380978
20.981852,14.622320,5.532636,15.776218,3.030773,5.269063
37.311684,25.535297,15.894650,55.160023,14.513883,20.100960
18.075527,12.362761,5.487883,19.664536,3.258556,18.909798
46.081329,24.571722,43.443089,197.489716,47.586254,90.164230
12.269753,8.439374,4.235533,14.791700,3.991190,12.077511
16.522312,11.956298,5.613450,14.910250,4.335732,4.826117
8.577669,6.276657,4.063244,8.364374,2.219141,2.559624
5.034653,3.612078,2.315075,7.577242,1.958719,3.258198
7.328221,5.446057,3.539989,9.420612,3.616438,0.991446
23.005610,14.104765,6.403048,23.669065,6.980030,19.988453
12.285146,5.086130,5.775488,23.355330,5.823236,12.489523
17.064808,11.584256,12.879699,47.428623,11.644847,22.712305
7.829791,5.588281,3.245328,13.897192,2.616602,8.154713
8.412960,6.038012,1.753819,12.051668,2.452099,2.624917
11.632778,8.231442,6.484087,36.289574,9.790544,5.091934
6.331141,4.629110,2.493324,6.585903,2.434295,4.294035
12.866227,8.915786,4.290840,19.854961,3.738341,23.630741
5.731110,4.310754,2.211354,9.916871,2.717741,4.871675
15.186091,11.033149,14.992864,50.951145,10.660492,4.299770
32.301025,21.988117,7.994922,36.443020,8.507608,21.035778
12.878591,8.958725,4.945163,17.647820,2.935297,8.972414
49.443165,28.390274,33.441753,120.545189,30.324348,87.346306
56.539440,31.018835,50.885704,161.264893,38.625626,54.386562
22.344736,15.820812,10.698472,41.924175,10.017958,26.840565
23.076653,15.723111,13.268263,28.349195,7.551575,17.939281
15.090918,10.787267,5.358130,11.711007,4.786606,5.077083
61.936653,33.599129,72.288544,244.994797,62.675453,129.058655
19.075758,13.940955,4.623890,24.498787,6.163719,14.784911
15.379745,11.011672,8.562778,20.176544,5.897398,12.717442
15.584515,7.257694,5.597378,21.929466,6.091662,13.781360
14.429729,7.247610,5.832947,28.528837,6.617089,11.177252
13.020399,9.422747,5.978502,9.542957,12.107596,965.820068
32.777355,21.951838,15.125378,34.294510,8.772247,11.889640
46.306381,30.150835,22.106056,78.823883,16.664957,47.351505
12.380045,8.605154,4.409893,11.589062,4.042531,11.960508
10.757277,7.504653,4.752520,11.051623,2.885747,6.152984
5.137078,4.025983,2.618460,10.434224,1.397253,6.393421
27.844927,20.056643,10.622972,9.279373,28.508137,2103.859863
15.082815,10.677879,4.194418,28.406637,6.138386,5.171191
18.302883,12.616108,9.325120,25.893738,7.037626,6.845762
53.019123,32.769943,40.535141,120.458565,25.980591,29.406136
9.520345,7.196485,3.971300,15.349858,2.927279,4.284343
20.353149,14.345592,7.247024,19.385761,4.481332,10.376820
6.591486,5.011696,2.184747,10.830906,3.274476,5.116459
22.518051,15.899529,9.241622,32.514816,6.053358,22.566078
22.498571,15.793570,8.437228,30.025187,7.636103,23.315037
6.815159,4.804455,2.657798,9.667138,1.679010,4.028972
28.775187,19.184402,22.360338,81.953560,21.792475,24.384289
116.133133,50.867207,142.578674,461.025574,105.390007,249.273605
50.948959,31.834923,16.445642,37.726521,10.878597,52.861515
6.146302,4.505894,1.758025,9.635669,2.394450,3.299728
14.534714,9.910366,5.795781,17.738237,4.520478,21.232376
64.095680,25.913490,22.005177,68.729645,19.905855,29.203533
65.958252,30.556372,26.270363,93.544769,22.597723,23.718008
9.814844,6.949834,2.787909,12.099161,3.354132,16.597530
27.910097,19.741344,6.004457,41.468822,10.327376,8.083695
9.271853,6.581966,3.709104,9.791408,3.568758,2.257691
19.163681,13.578238,6.240392,19.546076,4.573501,5.749111
45.419567,28.146854,21.491550,76.572975,19.077717,38.426727
7.640984,5.576408,2.875710,12.044548,2.702871,4.242619
23.840881,16.673643,10.989153,23.761261,6.373181,28.954056
8.928041,6.563816,3.292955,13.247846,2.944072,5.636548
16.906553,12.091463,4.276000,11.711931,2.501169,3.149647
11.449684,8.037896,4.801003,2.240205,0.869550,10.113289
22.054121,14.937894,14.215674,44.748615,10.166005,32.085896
26.169916,18.595808,7.956369,24.983870,5.071533,11.352485
19.868837,13.993011,6.515733,24.146477,4.871313,3.251016
39.881203,24.173689,21.287920,54.796795,13.430635,33.486111
23.277622,16.150904,28.671127,97.162598,21.521715,121.997932
6.652297,4.797083,3.716775,7.034438,1.404807,3.459569
12.873485,9.068240,7.575377,18.046982,5.795234,2.604874
44.803089,28.816448,40.345627,119.211586,26.806782,81.211632
6.571251,4.602658,2.065238,5.919746,1.781039,2.112974
34.849918,22.840349,11.851354,42.167282,10.401904,9.435655
17.424494,12.315028,5.571088,26.559126,5.757272,17.746395
19.716841,13.698689,4.993937,14.027671,3.013813,4.739049
19.311192,13.510401,6.087011,26.700426,6.108098,3.469271
56.732822,36.326504,14.015035,54.132595,13.609156,22.318727
29.414347,20.404736,10.481882,41.532986,8.687797,25.155437
25.891655,17.863840,8.162827,17.802219,4.720710,17.423376
17.557270,12.959188,5.307118,22.090771,4.895749,10.010704
36.305874,24.906481,11.976120,58.433704,15.331753,13.319406
24.346094,16.397499,19.569180,62.280220,13.207411,14.018940
35.860317,24.297184,12.801389,35.534496,8.194508,41.013229
5.042131,3.624569,2.170429,7.809942,2.556124,0.974600
33.880993,22.871065,7.411170,22.217739,4.323493,14.932284
17.788681,12.568333,4.049626,15.084777,3.601684,4.906482
11.477695,8.401113,3.086002,11.875792,3.543108,3.354318
14.688695,9.928524,5.579058,25.003736,5.532667,14.476514
38.930676,24.641260,30.241337,115.296783,25.710745,64.045837
18.479763,12.496837,28.547920,90.428497,23.754187,134.473679
5.237292,3.564867,2.653380,5.560493,1.998430,2.447670
8.254975,5.829810,2.958584,9.944302,2.107834,1.723632
40.088505,25.773434,37.169945,115.220360,27.581795,89.913239
7.363535,5.491078,4.409010,7.321129,0.949439,5.908918
29.454334,19.263905,21.926306,60.422024,14.708967,36.849300
14.440187,10.665857,4.582786,16.722441,4.751133,2.443162
8.216262,6.118210,4.002098,10.627094,3.445983,3.321602
24.531197,16.579453,8.419563,46.396534,10.429916,15.530292
39.347225,27.317585,16.903940,48.521530,11.073869,20.439554
8.326699,5.992403,2.691070,10.383408,2.084496,2.510293
34.687325,19.813299,26.660164,99.752800,23.955893,39.667194
9.981532,7.357437,4.830129,9.178632,3.099581,7.985538
4.394407,3.433497,2.405185,8.321825,2.356975,4.407507
9.270717,6.225607,4.758261,14.853099,4.101588,4.545772
42.321198,26.507061,24.790180,100.702721,22.419765,91.562393
17.559408,11.977658,11.953836,56.188915,15.251162,63.809185
12.116239,8.474026,4.705940,17.361422,3.236747,12.681077
36.287117,24.571980,23.619719,56.092052,13.081630,42.020966
7.516495,5.443483,3.181347,14.085840,2.728265,10.368279
9.942083,6.872690,2.663337,14.162941,4.454082,3.196714
25.716284,17.697647,6.802926,24.511871,6.336598,12.462749
15.092152,10.956283,7.181551,20.836912,6.254274,9.416497
6.887150,5.140517,3.006736,8.407330,2.406016,2.044370
14.263302,10.041337,5.524641,13.603737,3.675370,14.764822
26.044903,18.612892,21.375895,87.826920,22.787905,31.415314
14.971826,10.431104,5.002829,12.713398,2.354652,6.885619
23.583042,15.482074,9.520644,34.969250,7.543890,17.353304
4.890005,3.394102,2.105143,2.430754,-0.354137,6.306654
23.485987,16.059496,8.242947,29.590036,6.628952,5.327976
27.541889,18.433643,18.823252,58.488716,13.350431,38.850590
19.632406,14.384290,4.316845,17.040218,4.374493,6.333222
40.678978,25.148706,33.587120,108.364433,25.853220,54.702427
23.921738,16.376547,8.038567,22.616590,3.398411,6.290029
5.025263,3.801754,2.533904,5.552861,1.999857,3.063813
4.898310,3.778975,2.746449,6.137678,1.814346,3.870503
44.646320,23.546696,47.575191,140.194061,34.392769,136.643066
20.407301,14.672865,5.351196,16.852814,4.619648,13.120833
53.254230,34.210564,19.784426,58.366024,13.458168,91.736610
28.391663,18.489195,11.283614,29.092209,7.695747,17.720936
79.787643,47.799603,42.350788,134.380936,34.520546,125.100670
12.709515,9.228925,3.090479,31.640318,9.252858,4.818868
58.049030,28.462484,110.959908,361.904816,91.926224,179.867157
35.650684,20.753563,11.572573,45.658237,10.352982,30.766178
6.263514,4.726827,2.288859,9.965913,3.247903,25.575602
7.056973,5.343189,3.385714,7.880009,1.321052,3.493757
9.941533,7.229994,4.214432,20.421797,7.148009,24.069221
5.719614,4.228904,1.773962,9.155656,2.789634,5.157606
18.250624,12.735964,4.570553,26.492184,5.828580,4.605197
8.308893,5.998549,1.907013,12.990973,3.506237,3.731764
33.507320,21.939676,23.819475,79.386688,17.850769,89.613670
5.477187,4.083252,2.345080,8.324320,2.098031,11.057761
25.193388,18.025118,6.792240,24.159502,4.859881,4.876308
11.036439,7.277751,4.271426,19.875568,5.162205,24.868361
4.842902,3.417624,2.873441,8.568815,1.439158,3.059829
4.246695,3.095477,2.886405,10.061692,3.034800,17.785023
17.124130,11.534003,5.838973,24.308912,5.667924,4.867717
12.743792,8.783033,6.088953,7.134552,2.134442,7.916064
27.726171,19.065908,7.642001,32.118176,8.230698,12.820507
48.362896,31.092768,29.500818,103.664810,24.425205,33.554688
38.896248,25.405531,16.009047,56.851177,12.592509,16.488861
26.690554,17.887909,8.777836,28.211786,6.070412,2.846691
11.066123,7.747780,4.042109,21.919552,4.959486,32.048721
36.567127,19.690765,20.913622,48.471901,10.597097,22.763237
20.403822,14.175101,11.982660,30.104832,6.987124,11.933331
54.753944,32.676418,19.547823,77.658173,17.924887,16.838219
9.051908,6.775534,6.109953,20.570463,4.003926,10.412158
6.681961,4.901186,2.548759,11.377068,2.188514,2.879861
8.972656,6.058948,4.174349,7.619942,1.606483,1.381647
23.675529,16.659090,7.499381,23.918045,6.061763,20.111757
12.428174,9.178824,3.784355,14.076795,3.059539,6.211020
19.320711,13.114668,18.972734,60.030113,13.851575,21.631609
29.366388,17.719563,22.705126,74.846710,22.516579,71.561424
17.025763,11.892369,4.547119,22.127823,4.903066,10.756933
11.971926,8.850807,10.967305,51.185863,11.819905,56.212780
20.633440,14.289180,7.485350,22.116753,5.499539,7.932760
13.803887,10.414204,7.592180,30.626801,8.656874,18.882778
16.990538,12.126023,5.605386,11.513603,1.578007,5.726543
17.027355,11.842614,14.203176,43.762981,9.954432,13.453776
12.273808,9.062862,2.918246,8.189658,1.709303,7.848672
35.965755,22.892536,29.864485,114.017876,30.097855,114.414375
4.804926,3.144438,7.561083,31.823076,7.352217,10.597421
8.578003,6.211165,2.907914,14.914473,3.061220,8.353211
10.258869,7.186826,6.821290,22.219673,5.326788,4.542066
9.531257,7.307536,3.236483,10.489621,2.779379,6.459016
28.004557,18.658766,17.633396,54.896099,12.616280,74.005913
18.352327,12.352224,9.778529,29.731022,5.196485,23.837355
8.064878,6.139819,6.045375,24.331371,6.258300,4.446849
9.982695,7.053760,5.482082,16.901907,4.455067,7.649131
30.585693,20.892355,17.561071,36.872005,8.971996,19.527231
27.884045,19.563831,7.340844,33.889622,8.458956,19.767258
10.029465,7.751173,3.096244,2.822012,-0.477321,8.486125
13.385368,10.066495,3.181301,11.771059,1.950818,10.509642
35.259830,21.855516,34.125130,85.455864,21.227724,48.085205
12.760768,8.858890,5.040319,12.657318,1.984023,9.393953
9.174091,6.649549,3.724307,9.619908,2.243388,2.878276
20.178867,14.239396,5.352392,25.489555,5.799781,11.947417
11.131376,7.938109,4.144718,18.677105,6.427287,13.253695
36.982281,24.251030,12.054157,45.484177,11.869814,42.074032
15.651431,11.001090,4.674741,17.833021,4.502636,4.040566
5.174399,3.400403,2.595136,8.067710,2.250215,6.993232
13.087077,9.475336,4.636940,16.940525,3.231776,13.137177
8.022782,5.474158,4.212256,37.157635,8.965631,7.983557
14.253616,9.885488,5.343586,36.888432,9.107471,36.018787
8.246967,5.903090,3.577954,11.610711,2.634835,3.787784
12.222812,8.624179,3.861004,14.232480,3.158237,10.835735
32.591862,19.732050,12.761854,56.398159,11.278037,13.836043
4.429961,3.223459,2.020823,10.156023,1.411033,0.750057
24.542765,17.066120,8.340816,30.503950,7.687992,35.887276
25.074816,16.697840,19.048935,83.081123,19.186108,24.994690
9.324770,6.730878,3.862853,16.317938,3.101871,6.798975
23.299480,15.998058,9.601230,30.227659,7.344071,26.961693
8.546048,5.894388,3.651203,10.235558,3.864799,19.138113
28.606823,18.995230,12.582498,31.888388,8.131500,44.722729
32.630539,20.875532,19.630608,87.310448,18.874325,18.460001
17.985340,12.671471,6.936848,25.298573,6.271655,8.879682
25.426991,18.207909,7.677173,26.494196,7.051185,27.755722
11.865132,8.222577,5.041323,13.934235,2.500530,5.685395
36.801228,24.946030,9.608770,29.628107,7.479977,5.309158
23.407658,15.028616,16.823708,44.639492,10.329754,35.316296
10.562392,7.562200,3.668857,12.102498,3.881156,0.974685
15.852137,11.318276,5.658400,17.816339,3.716238,10.735128
9.777252,6.851915,5.480831,19.669203,4.830392,6.355208
16.547075,12.052255,7.523796,22.669018,5.409565,19.917177
43.248280,29.603519,11.841287,46.457371,11.514402,37.062328
9.240581,6.522959,3.256018,12.403985,2.341530,8.188157
10.496382,7.284224,5.031733,15.270991,3.245355,2.964019
63.378201,38.637299,27.022284,72.481911,16.853441,38.463463
13.397859,9.643437,6.110292,17.385895,4.076141,12.104819
11.882385,8.949696,2.491160,18.594185,4.236738,13.305424
18.359819,12.958727,7.154662,19.995907,4.407493,7.620054
10.369002,7.737640,3.102716,9.060607,2.536778,2.616046
37.161320,25.338270,20.489252,39.182304,7.319293,13.159988
29.681194,19.134605,47.969849,185.565979,48.135418,77.828903
36.756271,24.653292,14.332580,44.493950,9.421982,37.415012
14.410743,9.801163,13.130665,50.065044,11.209961,13.285371
7.997855,5.636753,2.954839,9.903290,1.909232,2.854333
21.376966,15.192714,6.004222,18.272711,3.443321,14.969134
30.801683,21.133331,10.501447,31.890612,7.796293,11.038424
11.575526,8.237946,5.267280,20.884180,5.131878,14.098490
41.000393,28.142324,10.785907,41.271389,9.657663,42.335068
19.150520,13.516249,9.450312,33.640278,6.364443,35.822083
38.411888,24.336815,11.588151,36.328373,8.173321,19.352821
23.215242,16.192902,8.315740,24.191408,6.282045,9.580309
19.523035,12.735746,16.446405,45.617977,12.272272,21.219082
21.435987,15.005498,7.037993,17.471676,3.798252,6.543181
16.760983,11.406299,6.899045,26.746601,6.856543,14.735276
20.209152,14.005399,15.806364,41.285519,10.540401,23.334021
15.434616,10.651625,4.638592,29.729336,7.718228,4.777835
55.063675,27.624168,42.193825,141.542267,34.196045,99.323425
18.653328,13.009489,6.511963,22.053892,5.742034,9.090389
11.315568,8.336451,3.742311,11.864564,3.702774,4.101676
20.562225,13.770380,5.902191,36.653877,7.957464,2.509582
15.223384,11.155208,7.181947,7.238048,2.139205,31.121727
15.702384,11.380049,6.475296,11.247499,3.192456,7.606733
5.870700,3.970924,3.738041,9.900805,2.338114,5.705300
16.726431,11.943556,5.755889,15.915228,4.788829,16.517925
18.131639,12.644343,5.536794,18.897705,4.876315,8.067883
13.730823,9.303875,4.470010,21.222218,4.202219,5.424423
6.841431,4.892985,2.926134,9.035789,1.980743,3.605508
12.024815,8.414503,5.079943,14.570204,3.420751,14.093620
5.548063,4.002192,2.648060,9.600430,2.218766,1.901033
36.316315,22.807219,25.820148,117.227837,27.457712,29.153416
36.375507,15.216299,12.164986,43.060024,9.454004,27.242058
29.749609,13.728739,11.159894,43.885464,8.878901,19.700085
34.113411,21.147827,22.794945,73.575516,18.015480,77.133293
51.039871,29.143177,19.172144,32.695244,6.889427,15.876678
12.547355,5.091893,5.993742,15.175679,3.805599,3.044495
12.253592,5.050296,6.144241,18.278528,3.891821,2.879851
10.702972,7.271334,3.878655,20.465742,4.660429,9.351301
25.067234,16.535160,14.401042,75.701454,18.544083,22.799322
9.159931,6.439170,2.024086,14.792987,2.793339,13.036871
8.028407,5.769579,2.668133,10.135915,2.471813,1.973114
10.412238,7.098361,3.180308,9.155764,2.201956,3.016304
18.787306,13.124581,9.009429,11.388741,1.817855,8.757407
28.568371,19.283686,20.133120,62.811008,12.860327,24.907204
9.939134,7.284795,3.429127,4.062041,0.226697,3.538366
25.093836,16.938148,15.709150,72.876549,18.249203,38.201229
14.061183,9.724531,5.036663,18.400471,5.053561,6.287227
38.936836,25.403273,9.581533,39.668800,9.917922,9.317086
9.939945,6.756732,3.378863,4.728296,1.176404,7.751449
40.823814,17.474731,16.988668,50.747524,13.551805,36.889805
33.870712,15.901141,14.972455,53.053116,12.701454,25.508282
12.079103,8.019564,3.452499,14.350288,4.255826,5.454787
13.572300,9.842476,12.047894,33.076164,7.311630,7.201223
17.262159,12.518253,6.329981,16.977165,4.928020,6.587870
15.649811,10.886956,5.508877,18.684483,4.656184,9.444914
26.599058,18.837408,13.039639,44.830143,10.063701,14.680855
38.798317,25.591135,11.363753,14.959606,3.748018,12.555399
59.110813,36.647583,19.201138,71.710884,17.176928,29.170450
14.472409,10.189363,10.575853,39.759815,8.498455,33.647823
9.536311,7.214108,2.754141,9.405761,2.352594,2.982824
16.213648,12.050959,8.910030,24.838446,6.528596,2.682183
13.959427,9.328469,7.792340,39.733570,10.165355,10.396486
6.407368,5.077677,2.169823,12.132780,2.215933,6.162385
13.678618,9.396166,3.339860,20.686581,4.144605,2.906445
40.341728,27.551870,15.107963,40.737362,10.909966,27.877182
11.628634,8.731017,3.142029,13.134432,3.708712,0.732804
6.996644,5.092042,1.632701,11.886599,1.906537,4.209924
28.064272,17.588726,7.458620,27.763758,6.828308,6.357004
25.779867,15.811543,7.265830,40.207275,10.536356,10.089908
10.068645,6.908667,3.216414,19.385643,4.792870,18.828838
10.359900,7.412276,3.812053,11.388426,4.316071,1.961149
9.943729,7.256609,4.972384,22.146616,4.649670,6.129825
12.570566,8.865013,10.140564,38.437496,8.520861,20.660187
8.370407,5.833697,11.277806,38.379494,10.199892,7.215616
51.244274,30.353262,42.754574,111.260925,24.536837,85.494926
10.200181,5.462793,5.735740,19.390430,4.812884,9.618007
29.473146,18.654610,21.552362,80.131767,19.006128,94.902878
12.963511,8.904694,21.549080,35.002789,14.969869,548.416382
12.030534,8.741438,4.356287,12.698815,2.434413,5.442339
23.663189,16.568016,8.305290,38.614246,8.382996,17.950649
38.013988,25.850189,9.518767,27.116507,5.581962,7.705060
20.262503,13.907490,5.848372,20.639503,4.473140,17.978550
15.586304,11.081242,4.193292,14.332520,3.575636,9.313574
5.813222,3.950501,5.471729,23.360197,6.186780,5.260485
5.574947,3.922613,2.678214,12.883681,3.543190,6.750089
17.693647,12.289544,15.851058,56.787182,12.345710,15.264735
10.050716,7.176695,3.256009,6.870442,1.321171,5.376902
36.813824,25.487528,10.509948,12.527717,7.226586,523.334839
55.811817,34.778568,29.789696,113.491287,27.083492,68.376602
5.601176,4.421065,8.405632,21.788469,5.285154,6.503921
20.732712,14.394469,7.849746,29.622261,6.611639,27.954319
21.500433,14.826485,7.876728,24.358156,5.743370,37.652191
6.065227,4.405125,6.351317,27.665142,7.095824,9.148721
8.402528,5.990415,2.988450,12.203170,2.548010,1.202607
22.390322,15.887055,6.490342,21.723457,5.455469,15.241872
23.685184,16.243011,9.041673,37.019264,8.171188,5.826714
9.926784,6.907787,3.064002,9.158030,2.990345,9.009604
6.637547,5.096593,4.451218,23.221743,4.743700,17.552341
10.039682,7.497845,4.832834,11.897905,3.303140,1.021493
16.338213,11.198280,5.907080,12.537406,3.476841,15.101575
7.145063,5.451375,2.741919,12.131687,2.475080,8.286591
15.147409,11.016878,3.526723,13.721675,4.241269,10.177658
14.266206,10.155663,4.998871,23.614927,5.151064,7.783423
15.800570,10.739636,35.692562,118.635193,31.263680,111.408119
30.293816,15.806898,6.704125,39.739243,9.030641,12.471751
27.375904,15.933275,6.471640,41.194035,8.610084,11.104771
4.919192,3.693596,3.045535,11.032911,1.614037,8.854378
77.978447,46.771187,44.588322,119.581604,26.957008,96.589432
18.010632,12.676571,13.386831,49.684292,11.599054,22.567474
32.406532,20.209709,54.836090,181.783279,42.534294,52.810883
22.357624,14.837469,15.989102,67.645576,16.455055,37.980541
7.804986,5.658146,2.406093,6.499684,2.286580,12.242792
47.939465,28.854143,35.816540,67.758293,17.946474,131.380981
27.065125,18.950251,8.332556,24.977188,6.161119,6.706104
16.567989,11.552964,5.468312,19.644218,4.293876,7.957945
8.932119,6.651178,3.893338,11.325157,3.373996,23.196266
39.969658,25.993584,44.927933,131.806061,30.823088,105.922745
29.409138,20.489641,16.683596,60.740513,13.566912,31.795212
13.397397,9.590112,5.076947,3.899232,0.799459,4.567815
14.916404,10.464604,7.260436,26.098858,5.666717,26.104712
32.298809,20.350748,10.161529,38.873119,8.028687,7.649817
12.593553,9.300988,7.954341,23.674698,4.410604,17.768768
55.278767,32.300350,54.156185,203.875412,44.299461,77.073158
33.596153,20.478891,13.111736,45.438396,9.122176,27.610077
7.324230,5.390156,2.765869,10.875697,2.682897,11.197090
8.391199,6.239484,3.613424,14.095758,2.738838,4.637517
47.348373,27.835188,42.395557,137.762695,36.839516,189.364456
8.972262,6.498201,2.922517,13.075212,3.146567,3.442899
13.036339,8.732712,3.804896,17.402548,4.050941,4.051371
30.556196,20.344450,28.892393,155.025772,38.536919,100.110413
5.808038,3.990710,2.124779,6.452692,1.258954,4.149628
8.520682,6.355713,3.451404,11.322433,2.722682,19.801321
8.504601,5.925618,4.553315,10.906135,2.870625,15.105283
4.536887,3.250542,1.719220,8.716977,1.455207,2.810272
48.648338,30.844149,15.616209,36.279842,8.706913,25.170414
33.509090,19.429504,16.984207,68.152153,21.171371,27.960966
9.455732,7.103508,2.835415,-0.810877,0.703176,2.694929
30.715101,21.791824,10.159295,28.992086,6.919207,47.197083
5.076405,3.972740,2.433365,8.568172,1.774173,9.312531
10.901052,7.994524,5.159015,15.000049,3.153012,4.722472
7.665606,5.663529,2.574413,9.500560,2.574766,-0.101306
42.352608,25.710199,24.523478,85.456657,22.396116,82.410332
15.954481,10.890856,7.884660,27.825123,4.941288,11.272235
63.247101,34.344730,21.687767,87.403999,22.089344,23.928671
22.706322,9.353064,8.849757,51.793686,9.395634,6.419520
10.260632,7.169568,4.038868,10.642301,3.462981,8.142523
20.026155,13.986135,3.628818,21.536947,4.565022,7.115704
17.922644,12.432277,5.613573,26.007015,7.806435,10.776895
10.645842,7.795860,4.663529,18.218498,5.129184,1.536927
29.883642,20.613029,12.751207,41.455864,8.428251,27.754467
7.545928,5.284185,3.040773,8.645721,1.509984,7.508010
21.468246,15.146737,13.371551,32.516647,7.334548,20.418209
5.505852,3.843478,2.417148,11.950305,2.516746,2.188575
10.296349,7.635885,3.694329,22.976597,5.009399,5.342453
14.461172,9.858542,3.763067,14.690510,2.573147,5.950975
12.737876,9.316632,4.219206,12.533568,2.744465,5.284296
67.580948,34.740459,39.836044,124.785858,28.226688,30.502293
27.962072,19.461477,15.965158,64.296440,16.495602,59.100140
12.158503,8.701967,6.656790,32.523029,6.999761,8.787263
12.894272,8.739586,4.514250,18.072870,3.180661,2.028581
19.294373,12.955555,7.204316,12.340553,2.859177,6.940563
10.492445,7.627936,3.761265,10.488248,2.418976,5.049160
4.844341,3.784622,2.620687,21.984715,4.460419,2.761776
18.834431,12.879288,5.166309,19.152151,4.646053,4.412399
11.418753,8.136374,3.781039,6.535225,2.562567,2.992881
25.048990,17.329910,7.132411,30.739864,7.248077,20.308695
41.254341,26.997612,15.675750,40.778584,7.354812,27.708797
28.536541,19.355335,9.594904,27.798647,6.142239,12.715993
12.688055,8.681714,3.270107,17.625217,3.873394,4.400617
10.354228,7.279228,3.210822,13.596128,3.435956,13.471039
8.830698,6.210227,3.851005,9.952207,2.851774,10.569803
7.319594,5.649144,2.257285,14.236153,3.207453,12.276763
5.880191,4.182427,2.642596,13.025632,4.021602,1.767586
38.633018,25.948305,10.275761,37.153008,8.735931,6.940485
16.229563,10.241514,8.948157,30.276768,6.813069,6.157889
12.333544,8.516208,3.080829,27.305437,8.004415,18.700033
17.024460,11.698881,4.049642,15.309124,2.821883,1.700575
10.848028,7.481445,2.201619,9.338279,1.799264,3.315468
8.696142,6.229740,3.714086,22.675127,5.003956,24.219414
11.139590,8.193083,3.867738,16.409945,2.566188,3.424523
13.362217,9.495637,3.437014,22.346056,5.836846,6.512843
11.759606,8.370553,14.186584,50.872753,12.503523,22.962387
19.807236,14.202939,4.373907,15.038609,5.741449,16.760590
43.729240,28.939386,21.362368,86.951439,21.451160,55.790936
15.997734,11.279685,6.189671,16.317616,4.086676,2.576916
15.037824,10.651784,8.741917,26.168846,6.722662,14.231809
21.597754,14.992209,9.659946,23.334751,6.874007,6.562351
48.768524,24.531097,35.443321,126.005531,31.130135,151.215988
9.639727,7.233150,6.256621,20.670437,4.853436,30.760660
12.430216,8.498963,5.706594,18.511726,3.550674,8.104829
20.815889,14.788641,8.357306,25.864866,5.916222,6.510924
41.616863,27.096102,13.508075,39.622448,10.248961,3.905925
18.657118,12.765602,10.610252,24.610380,6.909023,28.080322
7.709120,5.589100,2.283693,0.932752,1.542875,2.311443
16.694136,11.422036,5.809646,37.093262,10.673957,20.509411
38.872803,24.435419,20.314606,68.382431,17.085171,60.971931
5.977391,4.022575,2.896959,9.034497,2.669181,4.255291
34.606037,22.131124,18.915266,69.702148,15.659641,35.963615
35.106853,23.836109,11.788955,41.156059,11.283147,47.463810
4.024619,3.029286,1.951474,19.157095,5.947146,1.088200
12.067521,8.785730,4.340034,14.006156,2.066210,5.817842
5.950634,4.125216,2.343948,10.772447,2.639714,2.818144
7.568403,5.592055,8.003195,20.921339,4.355944,2.887125
30.385336,19.489292,11.985097,32.739223,7.087930,7.983416
8.048252,5.501057,2.379863,13.218151,2.711893,0.175767
34.934944,15.469333,11.124578,37.754498,9.638498,13.720119
16.004717,11.231788,5.848138,18.940138,4.240968,10.395288
7.876596,5.626041,2.951130,11.178883,2.108897,2.834452
13.543137,10.000487,3.303086,11.284357,0.918963,1.059724
9.929025,6.639295,4.059999,12.386699,2.932882,1.833869
38.477089,22.265930,23.718445,102.933647,22.108042,20.356018
9.690787,6.803059,3.241673,17.563372,2.216023,13.896739
42.469883,28.272121,10.798372,7.425631,13.955338,1331.322632
32.582535,21.973270,13.507266,54.082218,12.138601,8.714293
12.038349,8.136204,10.410670,62.645123,13.194681,11.011847
37.353489,24.336124,11.366859,40.707066,9.618514,9.572410
14.138457,9.618146,4.065004,8.290988,2.408615,7.686088
44.663269,27.044029,58.081268,212.245377,49.545670,81.428314
42.100197,27.857731,14.727627,43.195961,9.422243,16.177380
18.582481,13.104236,16.375792,18.987640,11.424052,802.373047
48.793068,33.900131,64.878151,190.021133,46.988720,181.256622
22.095251,15.092409,13.893343,57.535004,14.410148,51.701286
17.274162,11.878917,11.644980,36.722790,7.243031,13.682028
36.165268,22.776125,21.915308,87.962769,21.991049,26.403978
8.411811,6.424940,2.565344,-0.095917,0.507538,2.682214
5.008362,3.653226,2.859854,9.585856,2.621000,4.265845
11.133832,8.042339,2.903292,19.328276,3.750223,1.391756
26.642900,18.010889,26.159626,89.701874,19.862352,68.633232
15.946407,11.786145,5.727595,9.263556,0.931903,6.070552
34.529270,23.146511,16.427794,51.855297,13.688549,23.302536
26.028246,17.987627,12.892240,23.263704,5.882463,10.760937
27.372694,18.354849,17.579639,44.098125,10.602077,10.583924
5.916456,4.530368,2.248647,13.412992,2.463716,7.404310
13.744234,10.086844,5.851451,21.129959,4.936674,12.863363
18.210468,13.052741,5.220210,30.557673,6.244170,6.298731
6.432204,4.659563,2.032218,2.756259,-0.283128,9.651251
25.278217,17.331301,8.564872,25.570744,7.123658,26.384336
9.965532,7.213284,4.057174,25.247578,5.918142,5.127693
9.378096,7.194558,3.690207,15.009449,2.979471,2.500350
10.240273,7.557020,4.132494,10.834983,2.463690,8.286971
26.110802,18.105551,5.693511,24.059109,5.758428,28.701508
5.079494,3.810170,2.333846,7.365030,2.326523,7.812075
18.710115,12.983807,5.478954,29.424099,6.810273,6.321238
7.238325,4.961193,2.866994,5.645594,0.899016,4.926463
11.433902,8.217737,3.700064,12.959046,2.846233,9.241467
8.656868,6.023661,4.005642,8.368525,2.776061,3.780796
9.784547,7.212760,6.157290,16.918247,4.803090,10.810751
10.755817,7.886486,3.894926,17.965742,5.389144,1.938043
7.944949,5.429959,5.176356,16.292711,3.968807,5.614453
12.778091,9.197443,4.100382,16.689100,3.991327,23.408461
48.433064,30.685699,22.125494,78.369614,18.616520,26.404947
7.134423,4.863711,3.139959,14.508509,3.152932,2.781890
16.322638,11.436795,4.830995,20.113544,5.193270,35.924839
11.706535,7.743881,4.647560,18.426292,3.633202,3.449622
31.940781,19.301888,15.085043,53.525368,12.739810,39.483028
42.121666,26.379591,31.813332,92.323647,19.814796,76.216736
23.519140,16.815107,7.322991,25.038094,4.630576,9.423079
26.784008,17.951962,10.920387,35.521713,8.014743,21.819965
14.865444,10.669680,4.454113,15.396665,3.767529,8.809072
20.012587,14.398701,13.661325,45.619572,10.118846,47.582069
6.569372,5.007853,3.700045,13.161967,2.902845,5.653489
12.392241,8.651952,4.667610,20.011198,4.035347,7.812835
10.784196,7.678535,4.130574,18.014475,4.556022,6.731205
19.594151,13.470379,10.455544,33.263763,7.942151,41.180916
14.937430,10.225410,4.770532,17.353157,4.205843,18.757219
9.054060,6.296923,2.695690,27.886139,6.645565,21.639030
12.093987,8.686444,4.352529,15.544550,3.237932,8.902222
7.035488,4.990885,3.078044,7.239372,1.117602,2.434862
8.720909,6.121276,2.641623,9.276608,3.209334,3.354037
35.590790,23.699934,12.667397,32.903225,7.734439,29.005445
36.433990,25.326828,12.900032,46.625725,13.162159,30.059980
19.758078,13.900469,6.047781,17.916624,3.694545,4.996496
28.030499,18.876913,13.202026,30.479399,17.230539,987.067566
41.685600,20.208647,22.806328,72.264290,16.790707,63.658520
7.491260,5.590768,2.615309,11.753859,2.309873,7.582873
5.110100,3.675888,3.860924,21.550674,5.291918,11.701893
15.973199,11.072752,7.309711,31.214905,8.737605,8.845801
15.110150,10.695290,5.165493,12.374617,4.000015,11.498398
42.716293,27.536861,44.395817,154.731476,38.529713,91.815414
22.827864,16.266947,5.357136,26.938688,5.245255,6.609932
12.099863,8.449090,3.388459,25.301756,6.920165,19.227365
33.505650,18.431526,14.680037,87.674416,24.385798,44.778873
28.235397,17.339905,13.244085,90.816284,23.842333,32.439003
9.629712,6.885582,3.044644,12.300034,2.990345,8.335143
27.651962,18.908781,9.149819,6.553638,10.770693,924.490967
24.462303,17.199377,7.046999,20.563425,4.679351,16.727337
13.698527,9.315511,5.250298,18.339199,4.522182,9.028445
35.802208,23.440952,11.819626,49.590302,11.936088,35.247341
66.059738,38.196884,81.917175,322.046448,80.790741,110.050285
8.493192,6.236197,9.129756,18.052948,4.927364,21.303392
11.481344,8.356309,4.439246,9.000798,2.416162,7.988400
8.869547,6.600844,2.474311,9.828475,2.164158,9.440485
29.828838,18.772978,31.436819,113.636833,27.938259,53.835777
24.016685,16.530510,15.802093,62.484047,14.129176,41.014309
16.393402,11.578497,5.180526,14.990293,2.879883,2.914592
22.629442,15.749914,6.847980,35.487030,9.141704,20.825937
24.637100,16.072012,11.041975,34.251438,9.115691,68.733551
41.520676,27.543018,24.289606,76.081322,17.562702,27.677921
23.162695,15.984006,7.769891,30.449974,7.170497,6.128314
23.200569,16.176956,6.305268,21.551601,6.231281,13.957946
28.216482,18.922243,8.042681,30.475353,7.401322,10.788887
9.826550,6.991268,3.452757,15.494916,3.443158,13.120749
9.844229,6.756457,3.133975,13.392820,2.428031,7.771613
11.856321,8.625409,2.109217,16.874531,3.684229,3.346640
21.827719,15.079212,6.536762,26.502335,5.909917,3.996403
21.739092,14.955855,6.364177,17.203545,3.751119,14.602865
6.980981,5.231755,7.292566,20.315477,4.560266,8.898787
15.235732,10.871113,7.964256,30.000944,7.776608,10.920903
10.435891,7.173305,2.578127,15.729330,4.321236,13.154931
15.234838,10.872103,3.821370,18.392078,3.430854,15.147458
10.612739,7.874133,3.315841,13.293100,2.758464,2.236116
6.998147,4.846106,3.280856,29.722017,10.088451,28.038160
15.871613,11.134980,6.946098,22.592390,5.871588,29.061663
10.327128,7.704689,3.437918,15.094687,3.590496,2.082236
17.125637,10.268998,6.020959,5.095871,0.784425,16.030861
31.664888,20.875538,13.866572,41.604279,8.615384,32.593102
41.901772,19.640764,31.579065,79.221222,23.803679,137.439178
43.762722,19.550846,35.737797,124.003174,32.819080,147.552429
14.026784,9.819763,5.888144,28.905487,5.333362,15.321190
27.257151,19.089510,7.416378,21.966484,5.719651,23.332245
16.368073,11.525151,4.070109,31.698137,6.298441,3.995338
7.199465,5.342610,2.655785,7.135739,1.643454,4.291265
25.297585,17.921070,8.351819,20.584885,5.690394,7.756439
11.669368,7.915730,3.422745,18.371614,4.847610,3.471244
25.768747,17.724346,8.593910,24.866898,5.672872,35.431087
23.121433,15.336526,14.921713,31.144817,8.497184,18.365570
32.283115,13.258559,9.951571,29.381702,7.085170,51.431736
37.576462,13.479693,9.795368,42.896519,8.921638,57.711773
4.570316,3.655049,2.208786,12.337465,2.628307,3.122728
60.984715,38.852989,36.646435,112.822784,24.627356,87.630211
22.010353,14.870309,7.216018,27.918951,5.732072,2.396431
26.268381,17.947886,22.082449,63.496254,13.027145,32.856380
12.814938,9.294760,4.951845,9.541929,2.137788,6.193946
12.201950,8.839527,10.812901,47.171871,11.615019,20.963049
16.062462,11.576761,6.049211,23.271709,5.337428,9.030712
21.139080,15.172996,10.833871,40.707016,9.721395,43.745884
11.658218,8.550765,7.424539,32.293293,7.022630,4.139604
6.960707,5.273021,2.425656,9.036532,1.978945,4.800290
18.440527,13.328016,13.290035,51.913258,12.387434,42.002914
11.580214,8.770407,5.042578,16.316359,3.209178,5.398307
27.015251,19.239553,6.926729,28.930696,7.159319,24.463448
9.586459,6.922563,3.389942,8.449176,1.989165,3.720477
9.916995,7.230215,2.856255,30.768234,6.619515,4.212143
29.787312,19.932573,8.660887,25.131668,4.047853,8.836794
13.393025,9.706371,4.903952,11.358723,2.871071,6.377121
23.111917,16.165512,7.987271,27.259771,6.725636,12.362292
7.075207,5.457913,3.706978,13.657120,2.625050,0.823155
9.987286,7.057136,7.456460,20.835011,3.955183,6.886632
7.539786,5.630983,3.161070,23.673780,6.538763,17.880066
22.635323,12.065775,7.287453,23.802040,4.938530,20.435600
25.312195,14.748465,8.746795,34.217972,7.442996,25.818941
47.646122,24.405483,16.250490,51.753613,12.591800,65.035980
14.440299,10.089414,5.869549,33.326748,7.305831,27.008848
29.352331,20.398029,13.854355,48.259327,11.055907,41.581966
9.305210,6.970219,5.601690,15.806315,4.787591,13.018032
8.232534,5.737358,3.215683,8.970119,2.201473,3.633213
14.448725,7.334481,5.699562,24.965176,6.753651,15.715752
12.265236,6.889472,5.564865,24.939857,6.858253,14.789799
5.171901,3.889101,2.682044,9.524675,1.204078,4.015601
61.670979,37.116230,24.491791,70.491501,15.881083,23.499001
22.919348,15.589449,32.598946,64.425552,14.720428,23.752254
11.914793,8.513713,5.637639,32.458645,8.942843,21.169744
13.968642,10.340132,4.177484,15.398828,4.400679,3.445045
14.388577,10.097730,4.580647,17.371399,4.924455,26.376028
18.131067,12.117728,23.081539,69.828293,16.332714,6.228638
21.626186,13.790625,22.393242,79.017708,19.001307,34.897892
22.759676,16.344208,4.482700,19.592705,5.145816,4.938182
19.952808,13.505815,16.063492,58.585285,14.061898,40.704525
18.694410,13.136737,5.492238,47.072533,13.272419,33.439587
29.820765,21.040178,18.301924,55.188499,13.382092,26.277590
35.306698,20.304720,25.330803,80.783264,21.215782,61.910007
48.628567,26.001493,31.980179,107.390297,22.544962,51.825020
31.788319,21.499012,9.746799,39.075924,8.634791,27.491920
25.353277,16.266613,11.815108,29.803251,6.520227,10.609607
25.248312,17.200409,8.570224,19.329063,4.755675,10.529355
40.211823,27.430490,11.972618,43.077522,10.224790,7.910080
8.358247,6.137298,3.589093,16.136866,3.483391,2.762525
5.640066,3.936194,2.784352,8.391275,1.781977,8.059619
20.795057,14.388387,6.236771,21.118589,5.803291,17.691797
25.946110,17.728924,8.049049,20.393410,3.914229,11.463144
12.508701,9.005874,4.019475,17.633070,3.808428,5.422622
21.217579,15.103708,4.148609,22.888887,4.013297,8.652740
18.062912,12.914823,6.670994,22.824574,5.662413,4.447670
18.675119,13.297932,6.692619,18.462273,4.386672,2.858360
16.696630,12.079556,4.287522,12.521989,2.877995,1.628958
29.316057,20.328358,15.614961,56.734509,13.616551,76.175400
24.637751,17.621490,7.705758,26.738592,6.134911,22.108690
34.632530,20.946762,40.770119,139.183990,33.568619,67.127449
37.362766,25.668610,14.866650,59.458851,13.752667,37.273060
48.944290,29.680923,19.561905,55.445869,11.320046,21.536730
10.581712,7.604459,4.944694,12.760371,3.685520,4.755631
11.897503,8.770015,3.876366,9.952452,3.007469,12.255297
6.771323,5.063401,2.434057,8.500646,2.511395,0.388790
56.849316,31.741585,20.760733,72.435028,16.713226,26.905046
15.030895,10.916399,5.860534,17.008827,3.701118,7.324039
25.849648,17.597809,16.349380,54.939503,13.180854,27.773060
90.908333,45.156769,130.732208,421.438629,101.285881,376.359619
16.712597,11.899819,4.951471,20.676476,4.729753,3.137973
8.813684,6.272709,3.610307,12.897790,2.438320,12.849641
18.272930,12.757346,6.030925,15.778743,3.992666,8.984385
5.820290,4.410296,3.835044,14.045183,2.677900,12.156697
18.776337,13.194133,6.922173,21.936872,7.343249,15.426507
69.496010,38.864349,41.021866,119.331520,26.970539,48.130482
9.805146,6.955682,18.858646,66.244980,17.126535,46.365166
14.762038,10.545361,4.009665,16.211123,4.866954,20.147633
8.915088,6.044896,3.215225,15.769538,3.838723,2.091522
28.730469,19.449869,12.558259,35.385204,7.846314,35.062073
30.046513,18.917023,13.899646,46.588459,10.902523,42.694538
25.410225,16.852751,8.229727,24.792528,5.698188,6.501844
12.321288,8.486062,4.079165,20.885130,4.428029,12.235953
18.698433,12.922693,13.282716,58.103191,14.044821,52.495182
14.344581,10.001534,7.070736,19.116100,4.356427,4.145135
10.129022,7.362611,2.893175,17.170977,3.696639,1.989698
9.393652,6.714514,2.087505,23.798519,6.056036,9.952893
25.841139,18.054886,5.515123,30.857929,8.022340,16.609425
10.112090,7.509395,3.803295,23.554031,6.924082,7.406177
11.580458,8.039392,2.197034,42.302746,12.141184,55.856991
9.544396,7.011465,3.161970,10.751012,2.597823,6.858313
42.081615,28.822605,20.737465,88.524902,21.762827,12.305929
23.643482,16.997158,6.565052,24.550932,7.112620,25.492479
26.482874,17.752760,7.255221,28.409470,6.550883,22.245256
111.482452,64.931000,38.737522,154.492310,32.146523,55.856174
12.386330,8.731328,4.611449,21.194279,4.747589,11.346039
28.543217,20.142061,18.182795,51.040817,10.981515,6.228812
22.556704,15.690513,7.404025,22.799076,5.076165,12.880950
17.140715,11.489615,6.432602,25.517269,5.390812,28.656744
31.609390,21.158470,11.567875,39.478554,10.338026,24.867983
6.237371,4.459088,4.328876,6.907877,2.329709,7.663658
8.907742,6.925790,3.449037,8.390543,1.858685,2.661170
15.179973,10.682856,10.026271,43.496052,9.810686,7.483890
25.195768,16.883116,14.545213,51.382351,12.727242,8.426223
49.056553,29.675749,27.032740,80.073822,20.309820,34.203781
17.410688,11.915092,6.607010,24.887032,5.914909,4.204173
53.944881,33.875957,18.480083,53.320282,12.084854,16.732788
6.193246,4.562967,2.596946,9.921697,2.595005,8.569062
6.333504,4.783682,3.350074,9.379104,1.653563,1.372832
22.480400,15.711454,6.012284,34.577538,7.250667,8.186159
63.987286,39.123512,56.592896,124.518616,30.458557,162.602722
14.098213,10.001994,5.074585,25.157965,5.506889,8.915246
28.914740,20.818501,9.353449,27.666899,6.143783,12.107577
36.372555,24.697495,20.642296,48.393013,10.859403,25.526758
28.432100,16.682823,8.443932,28.274948,6.836840,14.492267
15.352389,11.173943,3.816889,13.315663,3.456792,6.524039
12.909299,9.506706,3.788771,16.858879,3.922839,4.806504
21.769283,14.568977,7.759142,28.732893,6.249993,17.894432
3.833146,3.104941,2.550359,11.969975,0.993985,1.858211
55.175209,36.319595,37.946739,86.908508,19.684753,37.510330
6.093131,4.398741,3.872512,20.615261,4.177439,8.126649
8.157639,5.974843,3.041292,11.259619,2.705475,1.123930
25.091043,17.776331,7.820743,31.556103,7.298341,8.960641
26.063614,18.056545,7.211828,28.121103,7.900800,5.869816
4.486802,3.444705,2.592677,10.165883,1.783803,4.541317
18.072216,12.750844,6.294496,24.456619,4.367141,9.103591
11.108343,7.582680,4.398166,13.711223,3.997732,5.736612
21.637375,14.790892,6.385191,18.057259,4.497517,8.795158
16.420198,11.355272,6.152537,25.873663,5.524753,7.966375
15.294514,10.725360,13.036817,51.670696,11.336939,10.045481
10.039648,7.238803,5.176601,17.233547,4.793389,29.670065
4.511923,3.359897,2.313111,4.558063,1.581363,2.475253
44.830616,26.217869,13.145326,39.111916,10.033611,15.806023
25.497295,13.604757,8.488701,34.259537,8.046739,10.273006
9.236320,6.515531,5.279504,21.033689,3.777736,17.814774
19.397505,13.429468,6.517683,5.372757,1.011814,4.695474
13.254749,9.405189,9.620647,22.851761,7.176802,19.136143
14.242933,10.619294,3.118947,21.549467,5.296680,3.008421
6.394200,4.531291,2.911258,11.052637,2.081931,6.755655
28.762060,19.810282,6.411276,19.683537,4.643336,3.689290
10.229619,7.025168,3.204599,18.179554,4.811857,3.010687
21.416548,15.136629,8.292872,28.387190,5.877276,19.526690
30.110683,20.190834,15.204579,46.344650,11.305223,31.972118
4.532192,3.204034,2.552711,21.164148,5.431759,6.147898
15.664519,11.297174,4.742803,12.385086,2.435797,5.018576
8.680414,6.042391,2.386663,10.232868,2.306483,4.006557
7.812859,5.561724,2.375469,14.866314,2.826315,6.294410
25.711491,18.027370,11.935069,40.428799,9.326628,8.496376
51.632233,33.948387,23.771381,96.557076,24.000029,37.994293
21.410952,14.701627,6.136789,27.833424,5.704418,12.153546
54.326096,35.395569,18.701536,52.346123,13.911749,25.772436
8.718796,6.453105,3.006944,15.655076,3.330035,6.921865
7.379206,5.575592,2.732268,1.391789,0.451761,2.425415
22.353245,15.662782,6.032751,22.157463,5.587051,14.892606
27.054279,18.950844,12.307377,24.393139,6.415687,13.144067
64.975616,32.774139,41.274307,167.906525,38.790070,39.864147
27.598953,18.855988,8.294552,26.586939,7.091004,11.333142
10.964189,7.641286,3.888692,18.829433,3.368378,11.087378
14.131235,10.188327,7.748830,7.090966,11.286766,848.986023
4.908193,3.512525,1.807836,1.965859,0.036119,5.042635
19.967066,13.897378,5.394969,37.412430,9.120986,11.634266
21.297096,14.752810,6.154084,21.186464,5.023485,13.918416
33.100380,21.218719,17.175558,64.831108,17.846415,39.795364
21.745899,14.368324,13.683203,63.156837,15.429626,27.676683
20.135508,13.745319,11.023214,35.837196,9.588355,47.282001
7.780030,5.530036,12.846021,35.876198,8.347372,23.409678
15.444324,10.876447,3.951087,23.862371,6.068626,10.240515
16.730124,11.532497,5.684697,23.832075,6.655606,12.042077
33.071430,21.954529,18.324650,69.963005,16.752302,85.183937
18.034943,12.315869,3.525990,24.494688,6.341632,4.893445
10.990616,7.916761,9.478810,14.120475,4.869274,6.312629
5.587201,3.860291,6.523206,20.725262,6.820251,33.822056
40.281551,26.157486,14.371606,30.138666,7.553424,17.542978
8.750341,6.503973,7.845631,10.303239,1.912345,19.250862
32.389534,22.756573,14.991795,59.764725,14.825710,23.767981
18.111380,12.823554,5.519877,13.543448,4.279704,5.494147
15.001798,10.848752,10.578383,28.586330,8.218028,25.333065
9.821247,7.107764,4.298002,9.567092,3.461702,5.393534
15.334498,11.252962,18.688196,60.998806,15.776701,28.861517
23.012848,14.888283,12.811868,61.018196,15.650292,36.072235
47.647114,29.538052,17.822029,57.948189,13.220273,17.619898
5.535673,4.451670,1.933960,6.043891,2.145054,3.187586
27.705690,18.998859,43.989956,148.691467,38.089882,127.236053
12.138762,8.669678,4.098302,13.204994,4.792527,5.798236
13.558853,9.415745,11.700045,46.497337,10.839295,35.391903
8.535619,6.230905,2.697939,8.194593,1.520021,5.341599
39.056210,25.238993,26.404465,88.582047,24.332983,71.499039
24.878868,17.575676,8.624867,26.314934,7.257034,10.090193
6.195279,4.390593,5.634543,8.316318,2.048638,2.143173
23.249098,16.466093,6.099082,24.825130,5.211442,3.675841
9.926746,7.274794,3.948161,16.534431,3.595866,5.145978
38.918991,24.975012,20.583809,54.609852,13.390825,19.983189
84.055939,41.676228,36.969299,109.145821,25.607172,94.298897
27.911324,18.192537,11.457721,43.623699,9.760952,14.999974
6.344518,4.379141,1.967968,7.539769,1.683356,2.392923
18.558002,13.090428,3.846457,24.823992,4.626523,6.232415
10.139684,7.313641,5.474541,29.592636,7.136942,8.256022
38.224442,26.114643,24.952105,113.291710,31.079319,21.176477
10.496573,7.617309,7.927309,39.098312,10.585131,23.288828
48.803440,31.677195,37.777065,169.061249,40.392155,38.272537
11.934571,8.585314,3.516486,17.116501,3.712406,1.946563
9.139705,6.635857,3.094316,11.790858,3.449935,5.205943
19.713713,14.026576,6.027149,25.186934,6.057229,3.692381
33.850105,22.575706,17.620483,64.703743,15.390864,15.856078
17.208281,12.051060,5.392667,14.381842,4.207471,1.866900
21.008606,14.519515,4.667966,30.731333,6.865897,7.479117
5.856622,4.345242,2.747666,8.793701,3.250990,2.892714
52.910072,31.440567,25.951126,87.371712,23.864292,136.206589
9.310696,6.961222,3.412677,13.194633,3.247044,9.778658
20.034687,13.701647,8.025075,21.059275,5.410845,16.453728
10.761458,7.876807,3.199908,14.587193,3.990634,6.393524
22.107296,15.249270,3.916124,30.884649,7.712860,5.622950
24.750439,16.837318,6.412610,29.406240,5.705199,5.631206
10.829770,7.708657,8.589084,40.623825,9.654761,11.885645
14.049006,9.591048,5.458400,18.925186,4.501839,2.458467
12.769949,9.144028,4.255943,16.884315,3.808537,12.169616
8.885796,6.657662,4.934342,16.078102,4.271188,10.070796
17.487244,12.350657,3.908474,25.862291,5.710071,16.168310
50.155933,34.008438,19.649904,88.235611,22.326471,22.944616
20.770359,14.477355,8.282526,24.398392,7.619437,21.375645
24.928110,17.184803,6.266366,19.374065,4.751057,2.664474
31.525682,19.652321,19.902504,52.575249,15.797703,35.291397
33.547817,13.938596,14.480824,51.484642,13.797936,19.113422
30.249800,16.284706,10.047474,35.292870,9.872660,14.735308
21.460737,14.830230,12.604536,43.551361,9.742410,8.806439
38.711788,25.712221,17.044453,58.539516,12.861365,16.600782
14.255756,10.028549,5.425253,14.332542,2.989106,10.518860
30.359221,19.759832,13.014074,32.855770,8.802714,16.097548
16.024008,11.337811,13.200147,61.100307,14.239190,37.059227
18.770496,13.272027,10.608641,20.641050,5.537446,11.198123
70.562653,39.308182,44.670311,152.226196,36.109955,109.291168
54.228878,34.462418,16.644848,54.059258,13.084805,40.235909
60.945004,35.617409,50.664242,125.067352,23.195276,65.020271
27.259342,17.629818,20.216063,78.490501,21.398994,66.760300
33.075565,22.805063,12.638315,8.778265,1.351847,19.651136
8.188682,5.767769,2.138585,11.410078,3.353111,1.921328
46.977352,30.846794,16.096020,50.867680,13.787587,13.027665
20.103058,14.310774,12.776632,40.129238,9.487800,38.148121
20.896500,14.087270,6.850074,22.256012,5.848276,42.155052
10.055307,7.351130,3.053186,13.788926,3.474516,11.304363
27.418779,18.609196,14.869787,70.508018,16.711279,8.079288
13.788356,9.999902,3.933195,21.589275,4.239812,11.785087
4.400625,3.510461,1.848717,9.773049,1.698586,0.712689
6.268317,4.027942,2.768125,5.546148,1.905889,7.660878
18.252083,10.422191,7.619750,34.854961,8.759471,16.910521
14.883767,9.183196,7.074548,42.046875,9.872933,17.976702
8.332656,5.916039,2.957107,8.837162,3.181823,4.404731
13.894529,9.726853,4.544371,17.513063,5.732835,34.959995
10.241862,7.135836,3.140745,13.483646,2.835771,3.193198
4.896253,3.550793,1.955087,10.968702,2.345597,2.844650
6.520344,4.562417,2.425873,9.159914,2.848424,1.596065
25.526785,17.472433,8.652970,34.456020,7.204791,11.488652
23.758944,16.589203,9.556829,32.102234,7.472437,4.894295
15.120973,10.730672,3.885358,19.825520,4.851927,4.276450
11.954322,8.310181,7.426697,30.368364,6.614442,18.923616
30.526344,18.902868,40.745750,132.890320,32.552185,177.927109
10.876511,7.788299,2.917878,5.909205,2.339947,1.739115
49.986576,25.040749,21.175198,76.671394,18.677259,42.368187
29.872660,19.603163,13.391750,38.089287,8.363510,23.895441
11.599215,7.901898,4.463847,10.447831,3.049535,5.118495
18.483660,12.986000,3.652991,21.042871,3.833526,8.195809
11.101074,7.828334,3.747248,13.903307,3.831756,3.939700
8.873262,5.861504,3.587002,17.880352,3.650687,5.566102
9.000175,6.658686,4.249321,8.672587,1.625558,2.863492
28.502539,18.707375,33.641689,104.920662,25.696079,104.232079
10.505842,7.468694,3.050569,6.772392,1.474437,2.437583
60.805714,34.031479,31.419464,82.355972,20.616749,87.021919
17.260107,12.353523,4.512979,12.147890,2.951267,6.504374
6.171751,4.531465,2.754526,1.128121,0.623801,5.079678
13.027123,9.063857,4.171261,15.822016,4.134685,10.428651
36.866158,24.830292,9.699691,54.063431,12.506433,8.334891
81.695671,48.857292,86.951164,181.448349,45.946743,212.071075
10.560239,7.450433,2.819991,13.626363,3.199825,17.933926
24.197971,15.597700,22.120363,75.625816,18.809690,17.856731
35.240341,23.229715,19.563257,13.798427,3.153675,33.585609
20.649134,14.679073,10.561716,20.191118,5.018243,13.001284
8.613015,6.325578,2.964013,10.682445,1.773180,2.743982
9.238619,6.300599,2.514971,29.847031,10.246197,33.206608
30.612429,20.842066,15.087747,61.175175,14.615919,35.372910
16.958679,12.331706,5.139443,14.355563,2.596292,7.113009
16.278650,11.801751,5.345912,19.302832,5.179029,13.040677
7.735886,5.644760,4.350947,38.677711,8.612995,7.012130
32.119743,21.534555,9.867727,19.569805,5.472331,18.886497
18.832569,12.816794,8.030673,17.072769,2.943450,2.703335
6.048654,4.356533,2.664940,8.225096,3.002531,6.170293
51.921135,26.446592,53.801880,158.227188,36.030048,224.949203
17.455612,11.909418,7.714790,30.459375,7.590643,6.911366
13.242017,9.286341,3.688329,13.910949,3.040324,4.879876
20.216038,14.172252,7.148994,19.142233,5.279408,11.694839
34.346516,23.665049,12.794805,38.111885,9.086080,23.999550
11.056942,7.721043,9.688511,38.688648,10.091837,12.515725
12.122509,8.525040,4.487822,24.696608,5.664064,16.150091
35.674213,23.827374,10.808008,40.611446,11.342879,15.597094
5.410291,3.823421,2.497403,10.799019,1.385323,0.796783
8.742141,6.266040,2.934938,15.686454,2.823937,7.253139
22.515463,15.333556,15.277510,55.435158,12.769830,21.669361
29.576206,20.523218,10.379746,10.663150,2.270015,16.690754
21.791910,15.294888,5.557343,30.509510,6.162082,22.756647
22.814484,16.052446,9.071405,33.824001,8.816222,10.437778
34.777000,22.350437,11.407458,40.249275,10.613284,16.337784
33.425003,21.619095,20.656363,96.884857,24.216715,45.700142
13.206765,9.666800,4.176123,11.365222,2.810751,20.055922
10.040645,7.083392,5.233280,21.058300,4.897975,3.806944
15.678711,10.865391,8.745199,26.645948,5.099580,7.476797
23.611013,16.603949,8.821383,27.140614,5.674288,28.115969
51.770130,32.504284,14.756890,42.312065,8.999320,27.996450
26.142336,17.941610,15.562820,69.567535,17.807053,14.558860
28.262815,19.681343,14.589124,27.894112,6.211099,8.898914
12.287281,8.907120,4.249225,13.660580,3.124765,5.869702
7.339258,5.476478,2.112320,8.928914,2.613907,1.366628
15.227372,10.917855,3.251760,20.217438,3.849403,16.747347
10.056939,7.300085,3.401228,11.718489,4.005599,13.484397
21.780174,15.212808,5.952110,23.296078,6.125430,3.290255
35.963070,23.100384,20.946728,83.776787,19.225214,20.530180
55.592926,32.586201,90.638359,267.533112,65.201584,168.718430
13.816640,10.095401,17.135527,54.018082,14.982118,38.329792
4.211098,3.163315,4.085460,18.592741,3.514238,4.132735
44.693516,28.723919,12.988190,50.568535,10.333714,14.133689
10.893834,7.710395,4.560918,11.543002,2.399410,8.102537
19.465862,8.716933,6.803936,25.520247,5.782295,4.307625
18.119610,8.622291,6.718763,27.517136,5.933233,3.629265
22.368164,16.094744,6.785898,29.097874,6.092444,6.815765
27.570126,19.251669,9.139088,23.154953,5.997565,16.165403
64.386848,27.101425,23.247948,49.347744,13.350748,35.887589
58.593925,27.018864,22.305811,51.404648,12.485154,32.479057
10.427948,7.530435,4.970658,15.299888,4.422123,6.064988
25.235828,17.662941,8.174485,43.887543,9.067516,25.284298
8.051466,5.868585,3.302278,33.075882,9.538749,8.558015
11.461172,8.360183,4.578362,17.384441,4.836319,5.404036
8.596080,6.043976,5.265968,33.865894,9.633591,25.159779
16.447321,11.691970,5.815772,22.006487,5.089303,10.858943
7.432227,5.363392,1.916545,13.447757,1.935265,4.283947
23.828629,16.869862,5.326568,23.353456,4.648805,14.839382
9.412109,6.840399,3.224079,15.039527,3.451318,9.938240
8.530587,5.882386,3.821870,9.108758,2.869868,5.143692
23.747160,16.674219,7.955352,27.209412,7.085733,31.181494
8.917820,6.034082,3.119753,11.844954,1.981535,7.089958
6.798946,4.841726,4.143670,13.844559,2.459382,7.678537
38.815411,24.594158,16.751249,61.363674,13.126611,23.300005
9.291409,6.501040,3.142262,11.951222,2.862507,3.628737
5.287983,3.555935,3.263826,15.072963,3.104332,5.435401
64.586014,35.799976,117.361626,329.557312,83.884071,305.936127
17.147001,11.889080,4.450343,19.238161,4.358699,7.617713
43.726471,28.823622,17.116938,70.826172,16.168079,34.426914
4.153522,2.992628,1.463977,8.290782,2.852388,4.309948
12.326675,9.025505,4.681920,11.615930,2.868505,6.973979
12.560651,9.430743,4.578760,14.113029,3.411011,7.557882
29.384272,19.820589,13.055702,52.940647,11.944260,36.778801
11.687895,8.484454,5.381422,17.067125,3.684032,12.971785
70.058113,34.535263,22.579758,53.061153,15.627241,112.004654
73.754265,38.310673,26.622000,85.057472,19.348608,114.117004
16.008310,11.456551,4.558333,14.988309,2.839105,4.159254
20.697758,14.485890,6.452042,29.729507,7.671817,3.229123
5.121729,4.139183,2.091908,7.101768,2.531325,0.979783
32.642414,22.204891,34.540035,103.749207,24.188929,26.698278
20.113649,14.361656,6.705378,20.627062,5.697384,13.024874
15.493287,10.946539,6.927297,40.938545,8.593554,6.497292
18.767218,13.186680,6.256197,12.294472,2.614299,7.682278
10.487038,7.353957,3.309481,11.029443,2.605022,4.761189
18.677828,13.454626,5.678884,6.891359,1.229505,12.457952
6.150573,4.320161,1.265834,12.110497,2.839717,3.521353
9.940452,7.349508,3.487540,11.983566,2.507468,6.826491
8.571937,5.980521,3.103173,14.560329,4.425830,4.072950
29.896202,20.217297,7.231738,15.886436,7.129588,485.197418
8.622890,6.311594,6.258744,14.050802,3.269028,10.226466
15.191482,10.727092,7.663638,19.606569,6.012977,21.149553
7.601882,5.320673,1.357196,31.931154,9.507590,30.560715
12.450099,8.502301,4.485385,11.622188,2.804104,9.637960
11.015926,7.924414,3.293406,13.582013,2.474216,2.961411
9.329479,6.909220,3.191508,10.638614,3.450147,1.424488
29.347361,19.545647,8.265160,30.492710,6.968369,31.822987
26.036530,17.762251,9.075609,29.226545,5.261061,22.617369
39.223061,27.597120,27.906998,117.041595,31.768057,60.375027
8.285416,6.144082,4.454066,7.259737,1.195479,9.726480
10.666772,7.525253,1.822841,11.911813,3.909850,4.171452
8.704200,6.096329,3.851845,27.044392,5.324013,8.640268
10.905869,7.774058,3.069507,8.127717,3.427080,9.998130
12.656846,9.056017,4.831274,16.863838,4.012436,22.315023
7.033714,5.430897,3.136981,8.781271,1.856978,3.336315
5.410513,3.672179,3.002244,12.071293,3.757896,6.044645
24.163393,17.187910,9.098832,38.246716,10.815200,18.500755
10.998146,8.042400,3.009788,11.718012,2.759793,10.759192
29.404665,19.199430,30.618252,75.145828,18.762787,56.301003
6.898308,4.677114,2.118229,7.005801,2.461682,7.634393
19.261992,8.705675,6.972868,15.580808,3.227993,18.219193
18.688564,9.439590,8.916917,15.481441,3.135410,12.950015
14.784766,10.158811,6.682735,22.340473,4.839860,13.426321
21.907455,14.991682,4.334867,26.972773,5.235386,7.941020
5.403891,4.258579,2.109923,6.125959,1.719033,4.297361
17.501572,12.580482,7.536576,28.363892,7.192894,9.775984
15.178579,10.573033,3.160353,22.795630,6.352980,8.922899
18.160320,13.181170,6.314201,17.565348,4.750483,14.218658
16.480526,11.909596,8.338160,21.590763,5.510856,17.909121
3.993107,3.042209,2.083838,6.486125,1.546922,3.256647
20.418753,14.319793,7.277491,19.700659,5.199928,26.442553
9.031302,6.609938,3.311644,12.659355,2.497729,2.971876
22.402935,15.749149,15.761862,64.160507,15.421079,91.904732
10.014153,7.255669,3.198243,11.610585,2.004947,9.113644
12.922007,8.832985,8.705049,38.292156,10.498640,40.917294
18.035137,12.834796,8.381770,26.064503,6.355226,47.328163
18.878452,12.807177,10.565813,37.998032,8.978559,18.029652
10.188315,7.144992,2.445396,13.090736,2.220286,6.665850
8.540903,6.309882,3.330091,10.140029,3.067428,8.511325
7.977042,5.844101,3.715261,24.497519,6.177706,19.794460
6.062377,4.393454,2.554291,10.728494,1.888793,1.637544
11.543521,7.833226,3.492714,15.634801,3.607316,3.661516
15.191514,10.609954,4.170302,16.834890,3.347330,12.216078
9.218314,6.652621,4.390463,15.152430,2.938017,4.385192
45.743824,28.259575,16.991913,57.965542,12.842764,29.877428
26.361462,17.870028,7.230868,31.703558,6.474995,14.230015
13.077622,9.397058,3.113107,16.387381,3.051967,3.265486
17.237141,12.159177,4.985559,23.986696,5.425050,5.657706
10.138349,7.667784,4.845979,18.485254,3.510553,9.009347
10.984646,7.983712,3.388873,21.826626,4.975785,3.511773
31.706970,21.877932,8.210361,31.115757,6.675350,32.781590
17.494217,12.365774,6.625964,15.572084,4.540277,12.044619
12.747781,9.496162,5.878292,19.224951,3.899113,11.360511
20.027992,13.933241,6.945648,21.641764,5.161166,8.335360
15.460865,10.935452,4.316084,18.466640,3.220069,9.906233
13.665408,9.975168,4.715343,20.216904,5.509148,6.961005
47.305500,27.299089,58.084927,194.721817,44.806442,148.845490
20.711178,14.216189,11.079464,26.770054,6.888177,35.026115
14.125208,9.862205,5.363098,15.966829,3.058771,10.816772
29.653372,20.174314,12.357310,37.264759,8.954882,6.243143
36.978439,23.525204,17.618160,70.351486,15.451733,42.050140
7.396191,5.243087,4.535466,22.266836,5.162824,6.677369
28.056969,18.922876,9.794380,40.910065,8.403681,18.695553
56.307903,26.438017,33.819225,128.683441,32.363636,67.463043
10.295407,7.743838,3.357440,11.945540,3.265882,7.277500
26.647842,18.375486,7.679172,29.666624,7.715425,13.208687
13.032620,9.647429,4.177142,10.257791,2.344354,4.362132
14.194073,10.554616,4.377741,19.271397,4.379593,11.386643
38.512562,21.682407,38.683109,100.019722,22.658966,66.446701
38.149693,25.343332,9.541651,29.442942,7.451552,17.922804
3.746447,3.017124,1.262708,9.990583,3.086532,3.239385
65.452095,37.378475,21.669086,82.044144,19.489475,20.506075
34.996864,23.761494,8.403124,32.339981,7.188216,42.623135
32.423771,21.717398,9.718889,39.369301,8.170547,12.461162
17.602398,12.883235,5.010756,15.313291,2.912770,16.587910
26.938166,14.598204,7.222333,23.087496,6.802886,54.250874
43.982174,28.780338,11.667460,33.942181,8.193889,16.243763
16.211432,11.529016,5.962419,23.394472,4.627007,19.239475
28.976990,19.283054,7.279750,26.870279,5.245399,23.751715
18.842493,12.471488,7.019473,16.469496,3.780894,4.822868
4.549270,3.525380,2.109627,7.925810,2.273043,-0.294375
14.109512,9.757764,5.219596,31.395502,6.434352,3.388696
5.761021,4.487815,2.009651,7.878872,1.708560,4.984138
48.353333,30.866682,19.162052,68.394539,16.158478,25.104353
25.953409,18.102642,9.616263,36.736031,8.111168,14.942944
12.578537,8.886267,3.830576,18.719233,3.684624,4.663574
7.822914,5.761154,3.003801,12.150600,2.691343,5.970604
10.625704,6.970051,3.459665,7.097061,3.662248,8.177804
8.621287,6.275367,3.825791,13.018387,2.496954,2.810977
6.814415,4.852753,2.962554,7.886500,1.988645,2.900642
23.633192,16.005741,7.626886,17.699717,4.877910,14.608780
5.671700,4.312223,1.839368,11.016098,2.491854,2.530469
35.696983,23.272552,26.059072,80.034416,18.659899,54.583984
10.512465,7.587535,4.581381,16.138824,3.942720,11.463624
26.704449,17.390158,13.677788,49.923130,12.570815,16.501509
8.307026,5.661104,3.360528,18.759085,4.091035,4.509164
8.413414,5.897083,3.567493,25.890299,5.685769,3.582250
12.570543,8.790707,4.464146,14.464669,3.777806,4.535819
27.906481,18.945837,9.000741,40.688591,10.893684,5.836706
6.661997,4.922459,2.761153,11.375469,2.197861,18.701700
20.617769,13.473499,19.722670,46.507988,9.545945,28.469620
21.968855,15.139951,8.144068,30.433399,7.504145,7.315975
5.186590,3.769787,3.514436,8.915101,3.157960,0.530531
27.134071,18.232666,10.070971,39.333393,10.085859,10.836724
8.663999,6.131142,4.022501,17.002766,5.387982,14.878987
20.289970,13.531943,16.644485,79.112595,19.677868,19.729931
10.431725,7.725488,16.358765,62.561043,14.202498,47.481049
24.392675,16.906691,8.710726,24.393347,6.295216,7.629622
28.821808,17.792446,10.659869,50.443691,10.372023,27.611462
11.093554,6.803435,3.937135,29.024281,4.437400,3.461029
19.437721,13.090107,29.264963,99.952202,22.507504,130.818192
9.210121,6.860753,2.873592,10.430389,3.156137,5.699777
15.808664,11.212309,4.431767,22.081057,7.342971,14.682237
27.012831,18.192234,8.061830,32.366234,7.004771,16.795553
5.769458,4.490310,8.173542,21.537905,5.618291,8.672026
21.097969,14.571439,6.672270,18.588661,3.040405,6.693292
35.701557,24.040543,10.630261,33.435642,6.837939,9.254829
12.061072,8.714010,3.427427,16.357758,3.471611,7.499127
11.778664,8.328322,3.841089,20.255381,4.073976,1.534856
8.440162,5.771452,3.859671,11.465505,1.773730,3.183158
18.373348,13.051734,6.843933,34.850731,8.663650,20.507160
16.800787,11.741579,5.259646,9.985495,3.918190,5.777677
12.442601,8.843623,4.072967,8.704223,1.786526,2.260435
33.075951,20.441500,23.288376,66.265442,15.717331,40.484917
6.394401,4.850441,2.573230,12.337207,2.595063,2.387997
24.025717,16.358932,7.983862,44.823143,9.762057,12.070642
12.436650,8.568171,4.741241,15.006257,4.175092,9.035734
12.077668,8.308387,4.298719,20.820429,5.502728,4.196257
25.187052,17.183271,9.470301,40.098148,10.281221,23.252663
4.114013,3.118738,3.016838,8.289999,3.121797,5.737449
4.752995,3.429388,2.445068,9.272466,2.345049,4.587490
14.112352,9.926497,5.439104,17.776222,3.732965,13.571340
15.590117,11.388571,9.001271,20.608898,4.052888,8.195198
24.650711,14.961226,8.695344,21.746635,4.877312,19.359390
22.003603,15.651338,6.749133,14.457380,2.506786,3.328692
8.638324,6.279112,2.356880,9.223849,2.696368,2.620332
18.808529,12.764843,5.895995,20.112864,5.656130,29.695953
10.635531,5.254438,3.236661,12.841701,2.987104,1.823843
25.978985,17.533255,6.013112,21.412664,4.534044,7.160779
9.889374,7.037165,2.185387,45.886497,14.912011,37.662914
20.198963,13.971492,9.416854,31.256851,7.964149,15.926147
5.890522,4.486179,4.131393,9.614007,2.691083,2.458508
7.493401,5.319129,3.424790,11.283369,2.928589,14.526093
31.452656,21.920746,17.664774,49.534237,10.620691,20.379503
8.830419,6.115931,4.050706,13.962842,4.175737,24.024965
16.748240,11.408476,4.205609,30.144249,7.399303,11.406676
30.208702,20.483952,7.605238,29.101719,7.240424,9.972789
13.676579,9.826624,4.288380,15.995795,3.658287,17.648239
18.547918,13.383145,6.940622,27.372297,6.506343,10.312162
29.466843,19.993980,26.772167,64.279976,12.991602,23.900627
16.534647,11.799505,5.115675,25.316078,7.315991,22.097036
16.747467,11.806414,5.196790,18.483843,3.727682,6.893144
9.436808,7.000273,2.835598,8.411800,1.942659,5.280475
5.636304,4.233910,3.240276,7.654816,1.970296,9.368683
12.377758,8.910350,5.215726,9.523898,2.909391,3.450402
17.169559,12.605305,5.204962,14.799129,2.953142,10.016968
10.876862,7.753526,3.263674,11.100801,3.710156,12.303741
17.440002,11.966251,9.620691,36.412968,8.338647,11.236489
19.378323,13.296277,6.748991,18.535530,3.976937,11.707896
13.137903,9.813808,3.997613,10.760244,3.889431,8.132764
8.987226,6.591789,3.730346,14.073276,3.333945,8.457663
11.996130,8.667706,4.642091,18.927011,4.933416,4.892825
7.937716,5.754004,2.537805,8.409560,2.496343,12.788006
4.229142,3.070423,2.625437,6.186473,2.036393,5.697999
20.348896,13.970100,6.950798,19.442711,5.119088,5.272887
24.189669,17.047556,11.745605,31.273491,6.731679,5.736604
11.783312,8.867184,3.011297,13.735899,2.653500,5.953227
24.065889,16.242373,15.938024,64.917778,13.133080,24.965197
18.943523,13.016612,7.005721,19.609915,5.416759,2.044421
9.197915,6.192817,3.360221,14.289458,2.507471,2.306496
35.054741,24.368050,26.720329,112.208122,27.420389,148.057907
7.972889,5.984257,3.022541,13.670498,3.091605,7.048890
43.505569,27.346626,16.183657,59.048050,15.104489,64.093910
28.551437,19.625402,8.441370,33.557186,7.878591,11.788622
35.421860,22.667889,12.553620,13.372717,2.839462,30.676752
3.900558,3.006140,6.192114,17.450232,4.750635,2.177063
8.992780,6.579384,3.503833,12.442120,2.199682,13.713087
13.478814,9.966660,3.549088,10.422803,2.510157,5.578249
11.608045,8.452370,3.525108,17.890608,3.387198,8.507407
8.582654,6.205258,4.112133,11.995346,2.852499,4.143606
24.755850,17.848122,6.999382,20.033945,3.688893,24.059710
8.858577,6.165135,8.518098,24.882475,6.441802,10.217767
13.817630,9.867268,3.199651,12.795033,3.659002,18.875618
8.467895,6.431506,3.562991,11.699745,1.609465,3.415245
16.396845,10.827241,14.224991,62.144047,13.694014,44.315575
8.428832,6.199984,4.124392,13.952638,3.688438,8.858933
11.430776,7.835377,3.069651,14.069616,4.476572,1.772426
9.558282,6.746322,1.896178,12.767819,3.720544,12.564930
4.965541,3.437980,1.934206,2.343101,0.478284,2.130815
6.498047,4.622334,3.365137,9.132997,2.312022,3.696921
11.606885,8.418371,5.627609,9.368627,2.498969,3.435540
10.671256,7.510491,4.091269,15.962176,4.168925,18.692631
29.358986,20.261774,7.995298,17.777370,4.909764,15.380947
14.126931,9.770735,5.037943,21.259499,4.133510,4.695204
38.878590,25.487356,12.212749,47.264275,11.552863,16.948076
28.143845,20.520582,17.252920,62.074554,16.711815,28.700375
30.882627,20.546356,19.637617,39.200336,10.622153,19.048508
32.135654,22.425390,9.345142,27.671528,6.116747,19.365891
8.210878,5.594140,3.028948,9.962452,2.782502,3.683551
26.171486,17.879272,20.192961,59.526981,13.412682,46.328777
11.469465,8.180285,4.109766,24.458002,6.766634,4.865062
74.206947,36.611862,119.929024,378.084808,94.433846,501.620483
9.748441,6.904632,3.929487,11.150499,3.765464,14.267119
6.405982,4.594259,3.873010,34.442081,8.377532,15.341039
39.425766,25.062885,17.452778,66.076920,15.727729,18.546730
18.635555,12.832010,4.371703,24.175751,5.915890,24.761433
24.556536,16.763390,6.317676,30.001371,6.337931,3.993490
22.238781,14.800000,8.865139,84.635651,21.360411,26.995647
16.092072,11.898112,3.693723,6.889565,2.295417,2.190588
28.970610,20.236084,8.097435,29.994123,6.930923,12.155753
21.789017,14.856603,7.840073,20.480881,3.610988,12.873031
6.526096,5.156182,3.120056,11.126101,4.226722,8.856840
9.903071,7.239846,3.329105,10.707446,2.838417,1.873595
14.271470,10.312384,19.850031,73.627251,18.207182,41.922771
11.655391,8.132266,5.226409,11.209157,2.787166,7.373712
10.328120,7.304736,6.374700,14.859838,4.001490,3.334477
22.919863,15.827456,8.142134,32.206688,8.971364,12.445271
37.925274,24.483561,28.182623,63.118668,12.565632,35.841965
6.657335,4.935041,2.261258,11.836038,2.997869,7.612447
4.824055,3.204851,2.161762,8.406835,1.749180,1.601839
41.636620,26.459131,13.999956,36.035866,8.694360,27.390984
9.870424,7.256315,3.865026,15.374640,2.634618,3.791597
4.087910,3.001588,2.699661,6.702779,2.464645,6.633731
25.030693,17.523146,11.660867,47.104820,12.318413,17.069208
31.243696,19.446953,32.117279,111.014397,28.018278,90.120476
11.872432,8.267966,2.876709,13.986214,3.154291,6.954919
11.487009,8.366149,4.594991,14.442894,3.986814,10.288458
16.470940,11.373312,17.311272,34.443512,8.157679,43.203785
54.707413,32.357540,17.891417,63.927471,13.382234,54.595768
27.108789,17.716108,12.028515,33.415909,8.456735,13.420531
50.109447,23.350817,15.879883,57.531914,14.324374,38.097698
13.551551,9.947236,4.960860,19.848886,4.254396,2.988925
11.072428,8.339573,4.900827,14.888776,3.595426,7.366076
7.692370,5.507702,2.400775,8.054332,3.001333,8.276656
20.112469,13.921974,13.691034,60.577885,15.373769,35.521549
29.025385,20.947815,8.348822,28.408289,6.764264,8.400140
19.722706,13.300579,24.081337,65.178391,16.858137,21.683559
16.393309,11.324037,5.278100,14.518948,3.008524,14.606782
14.426227,10.656598,14.883989,45.058048,11.393775,27.189360
23.481789,16.837421,8.553250,28.231422,6.724364,13.495649
42.959969,26.584805,24.603283,78.423233,18.671316,127.984940
37.702511,26.007168,12.614993,50.416553,10.284244,14.855338
16.119967,10.990123,5.443752,23.902456,4.949316,5.773144
22.317944,15.169453,10.256514,39.512058,10.801361,45.697601
25.139929,17.604294,7.089453,17.712696,5.196761,10.599286
10.542115,7.672944,3.560867,14.721199,2.790796,3.039176
5.978094,4.580032,2.950593,1.876131,0.179808,5.572487
21.078228,14.252105,14.136784,50.082634,10.641703,53.258179
5.636752,3.881859,2.706447,6.509429,3.091944,4.617361
6.069893,4.183221,2.743532,11.675807,1.337168,1.465533
14.391746,10.738893,4.093232,23.272186,6.753910,23.048223
5.764520,4.184406,2.749722,8.501914,1.625459,6.864190
7.812894,5.802319,3.475853,17.759861,4.040519,8.707479
20.072765,13.239995,23.226263,66.166801,15.960637,66.117874
15.502035,10.976621,5.058864,11.163584,3.381621,27.419043
34.223892,22.303772,24.998486,86.492325,20.289255,67.530281
15.905971,11.381938,6.897763,15.810435,3.074552,10.055818
6.088062,4.669825,3.151870,10.657556,2.632961,3.885726
19.335043,13.671867,6.806645,27.611532,6.297590,33.119091
48.405319,23.078199,13.710981,47.818272,12.501687,33.712936
8.240666,5.611083,5.604873,12.758284,3.814586,4.958888
12.858253,9.463311,2.532390,8.950334,2.543514,4.198237
4.219901,3.299932,3.176098,11.940926,2.626223,2.520836
31.021366,21.414942,7.049768,37.895573,9.088298,6.765236
11.970158,8.565327,4.497530,12.974147,2.991621,4.016694
14.640497,10.730702,3.141107,15.744170,3.576180,9.038045
11.057163,7.881760,4.341733,13.425896,5.066129,5.979174
9.640428,6.901185,2.397877,15.776804,3.849546,5.638984
22.338730,16.167822,12.167015,59.496719,15.797438,11.984669
22.831976,11.884389,7.072806,23.769011,5.951777,12.355584
23.994743,11.951716,7.914926,32.258698,7.381691,11.414946
9.800056,7.055148,7.012976,18.570335,3.649585,17.042685
12.039085,8.929250,14.335666,32.475353,8.290195,9.979793
9.295872,6.816626,5.137382,12.372837,3.056009,18.739630
16.319527,11.204334,3.717868,17.794302,4.343370,14.375297
13.115171,8.947146,9.680269,35.610031,9.521160,25.956182
23.433313,16.236679,34.195927,56.981930,13.811711,16.251932
23.515388,15.842011,9.585329,26.053112,6.677231,13.259330
11.665442,8.073361,5.058756,15.113131,3.882886,7.191297
6.227205,4.652699,3.368786,9.970526,2.402797,7.283810
10.381130,7.662906,4.052001,17.846861,4.442717,7.483971
10.816081,7.778558,2.963861,15.562276,2.249102,9.333721
9.819574,7.088425,3.429548,8.800430,2.654683,5.155594
52.965282,26.860826,41.056267,164.584671,39.236996,102.504990
12.865114,9.410944,4.286981,22.644005,4.962278,22.774956
15.258636,10.792212,5.297669,16.531614,4.721101,15.312190
31.429806,20.835588,15.924102,44.140751,10.143502,48.182278
8.176656,5.589157,7.544670,12.122699,3.195956,4.020264
9.071281,6.548156,3.303742,9.226568,1.613806,16.707830
11.704958,8.179240,4.192309,9.174954,2.682644,5.760944
7.811044,5.685634,2.455800,7.666121,1.780398,2.518149
6.758894,4.924379,2.268758,11.656424,3.677935,14.303368
32.157158,21.586641,11.715672,38.661667,10.610962,24.001310
26.346033,18.146250,5.674319,25.673285,7.860339,43.974518
20.712914,13.585412,11.765047,48.909130,12.379328,12.618608
8.570026,6.172108,3.536952,8.354302,2.072307,5.825156
20.498297,14.669539,8.702176,55.039951,14.767414,12.749553
11.959725,8.963607,3.141735,14.019301,3.162680,3.511435
5.375296,4.185019,2.555005,8.365126,2.113571,5.543009
12.430862,8.710733,7.818428,34.948910,8.463153,19.985441
33.240498,23.364452,13.465858,62.269142,15.051764,16.782888
58.033318,34.863720,15.846182,56.188023,14.719404,44.568043
18.141521,13.085196,4.600883,19.208475,4.543665,7.167673
9.326097,6.957830,5.334807,13.121798,2.971146,2.558022
5.776099,4.321029,2.697530,11.311444,2.335969,9.171470
7.674131,5.704547,2.781601,17.083466,5.554307,7.931287
8.308347,5.924674,2.588692,8.404809,2.902142,3.356380
38.022888,25.895388,22.470493,9.949437,20.496336,1696.410400
14.530470,10.236843,20.970961,54.132488,13.621667,36.188087
53.487667,30.835371,32.621712,169.368179,46.038193,84.118683
32.462311,22.444344,7.919655,46.404480,12.531700,25.547890
19.189140,14.087530,5.529461,24.060434,5.120862,4.711541
16.356508,11.763198,6.461061,28.810505,5.844935,3.381742
10.723829,7.870410,3.615520,8.081956,2.714975,9.395675
16.771992,12.350721,5.191640,15.189528,4.550215,8.799676
6.781902,5.202251,3.978655,10.837416,3.047991,2.861412
7.524631,5.597809,2.510601,8.163191,3.558592,4.856391
11.616016,8.078787,4.347497,13.851260,3.385291,10.807680
12.152662,8.671980,5.188532,24.280323,5.362428,4.674898
22.764238,15.545862,6.541671,24.609749,6.627872,3.535932
9.788993,6.953565,3.312441,15.122224,2.733699,2.902922
15.489951,10.544235,8.549329,27.230461,7.045574,39.005470
10.892516,7.888813,3.298987,19.705803,4.649955,2.498149
40.987324,27.085947,11.728091,35.826878,8.606026,14.050443
48.956974,30.590281,17.120789,54.898575,13.937037,28.354116
19.591028,13.200649,5.905006,19.207359,5.361987,4.840503
14.238111,10.261423,4.441642,12.343613,4.928553,19.760124
22.185736,15.854974,16.522926,36.995014,9.210723,7.308520
19.375168,13.868988,8.262947,22.997484,4.197268,15.149888
21.196363,14.967906,10.982573,9.937862,1.899036,19.675344
22.169666,15.935188,10.519345,36.606884,9.014573,23.804844
12.505248,9.317797,3.835053,13.417146,3.558754,5.841920
22.544785,15.889421,11.025126,41.580269,11.026772,23.497101
7.649817,5.524098,5.252295,15.694376,2.850439,2.472138
13.810861,9.976138,5.256301,9.717656,3.202086,3.917222
24.578945,16.695326,15.539518,35.829510,9.801697,14.984370
10.357504,7.383194,8.943234,20.727306,5.107416,3.612016
10.152043,7.519952,3.367382,9.245811,2.034441,4.604237
14.651822,10.591880,14.927544,48.505688,10.819334,35.356468
18.118130,12.814806,6.097517,13.934360,3.133455,2.840172
26.571236,18.525087,20.061501,48.756313,9.677793,16.123114
15.909547,11.800594,4.813916,14.423448,3.268449,8.548149
27.208923,18.472149,9.284953,33.148895,7.636768,9.629095
9.572517,7.259969,5.014641,18.169006,4.074245,3.843252
6.195974,4.434633,2.731785,9.262535,2.082295,2.860328
40.093899,27.802528,10.895283,23.531082,5.463955,9.556272
11.519799,8.266988,3.832788,14.542708,3.576243,2.367897
30.768559,21.359680,9.618257,41.151512,9.583975,42.215355
15.591549,11.266832,4.877683,12.290479,3.258084,8.465551
18.985811,13.634635,6.362691,15.695642,3.319348,5.797333
11.929934,8.146119,6.137139,13.119272,4.326618,11.584803
76.365631,46.219753,73.326988,231.787430,53.728661,109.421333
6.328871,4.650642,1.852576,24.233145,7.881707,22.030813
24.949276,14.532933,8.101841,26.904919,8.548036,9.477897
30.702862,21.164873,8.808427,41.160999,9.132537,39.825600
10.363862,7.361110,5.939924,22.852139,7.680553,9.277720
15.619775,11.389771,6.580482,18.759314,7.916541,15.073864
7.901905,5.380702,4.592497,15.268779,4.031269,5.295879
4.829540,3.815590,6.079700,24.171021,6.355841,11.736706
9.055086,6.664306,3.394547,14.714621,3.857308,3.456782
23.081797,13.087653,18.112856,62.331818,13.603219,16.135733
14.593272,10.582434,8.982645,25.050669,6.135176,5.906893
60.664577,36.156841,25.197544,78.313782,17.087975,39.754360
16.931181,11.553145,9.494525,34.163612,8.264823,36.321743
77.475845,43.471134,94.185661,273.409088,64.064514,140.843353
14.295906,10.195871,5.226638,17.705177,4.611436,5.672977
10.096326,6.875681,2.841076,27.740442,5.907958,3.401087
34.370262,21.440006,43.590267,117.443764,31.127405,150.760208
25.370083,17.773966,7.899191,27.408836,6.492545,10.372174
30.941425,21.619047,13.461285,49.308842,11.652124,37.129871
20.204624,13.685258,12.186476,42.368603,9.932986,38.837090
14.797904,10.160209,6.357324,29.957325,8.368834,4.883635
15.141315,10.581837,6.629710,31.895809,7.736176,3.598574
12.079988,8.663234,3.960494,13.380428,3.230158,13.387291
8.879652,6.737223,3.421589,7.936765,2.428813,5.417405
14.832548,10.554369,6.682088,20.723181,5.942209,11.867693
10.127881,7.484417,4.794292,17.372828,4.947742,4.955029
60.066872,34.349747,20.868507,87.050987,24.390123,70.721275
7.876930,5.678879,3.126972,10.966516,3.118105,5.913361
22.257864,15.460069,6.942679,20.244255,6.201830,5.014858
10.492802,7.756006,3.788445,14.380835,3.083821,4.898996
11.355427,7.980867,11.083575,22.763777,7.271453,34.475258
10.729899,7.841867,3.437601,12.499981,3.524569,13.049921
32.254543,21.865074,7.814130,25.007917,6.824835,36.306816
13.992068,10.240267,3.701745,14.000957,3.283744,2.603024
23.950745,16.183964,10.070774,30.984177,8.112793,11.024120
49.053352,31.882797,23.937218,105.693642,24.979898,31.557751
33.035378,21.584106,20.437752,63.615330,14.049975,16.031593
30.301195,20.551620,9.479583,26.563831,7.780631,26.842077
25.998119,18.239906,11.805773,44.442013,11.953490,14.288401
43.621765,28.583797,32.430092,32.466286,6.448749,72.777100
9.770545,6.847066,2.139044,3.981589,2.293614,3.861418
11.146421,7.527817,30.091209,98.558426,22.430826,41.615269
19.097864,13.697966,7.748241,37.316761,10.281446,29.344009
30.759413,20.357462,11.402533,41.285686,10.654717,21.335155
21.710894,15.023421,13.875429,34.573761,10.409195,18.380579
23.711823,16.157761,18.941339,61.585987,14.593777,57.506207
47.003593,17.910583,10.208380,32.028820,10.946105,31.349138
55.200493,27.296452,18.712433,95.183922,21.495361,55.640018
76.196037,36.127174,140.506973,325.791870,72.101585,138.587585
44.973145,30.649601,13.779518,41.194393,9.759910,21.649530
20.377361,13.314860,12.234810,41.206844,8.477240,13.505589
14.938271,10.408620,7.630437,20.092718,4.403617,9.328266
20.449093,14.843046,6.576745,15.466702,4.115482,22.842804
19.839247,13.860454,5.212183,23.205061,5.549389,10.047095
46.182396,29.370020,22.895060,62.059048,14.609138,43.808292
26.839392,18.472919,12.242360,67.016060,15.511552,55.141502
6.631034,4.845944,2.476046,5.764616,2.436211,2.413023
21.894100,15.135010,12.141753,37.079865,9.416870,15.844509
10.722347,7.585548,3.234563,14.678621,3.899620,20.941376
25.791527,17.171005,8.377311,39.938683,8.134735,13.772902
14.010370,9.342175,4.514977,18.940119,4.666518,15.504143
9.279610,6.542576,4.133410,17.950436,3.332629,5.582015
26.241508,17.790983,26.018715,115.619987,31.214067,63.734905
34.034252,21.821463,16.966969,59.183453,12.844694,23.024288
6.404619,4.504529,2.624364,2.430846,0.348738,5.634328
6.836378,4.794532,4.350951,8.458014,2.398855,3.838917
8.587666,5.855245,4.985163,23.855953,7.179945,2.504560
7.699278,5.371365,2.752500,8.133780,2.146909,5.782588
15.235859,10.880251,5.843446,27.870050,6.846952,19.515692
20.712282,13.734476,7.297407,22.486202,5.395164,4.782389
13.363948,9.523738,4.923964,21.236200,6.423491,8.424064
7.948606,5.563382,5.846907,14.825537,4.062804,2.659368
19.004290,13.816509,8.189368,16.969328,3.197954,4.013502
35.853115,22.046247,13.443135,42.361382,10.721067,24.068237
23.323265,15.867619,13.661356,58.036514,13.393682,28.273109
14.848658,10.627596,8.155177,39.645374,9.464345,34.538448
14.857306,10.662323,5.583546,12.771961,3.123566,9.304613
9.453317,7.038338,2.069660,15.580178,3.425822,3.510400
52.589146,33.564957,17.436052,43.720913,10.731103,22.696983
14.416314,10.316744,4.222079,10.476201,3.611044,2.536523
23.802252,16.072706,7.051649,41.689194,9.683683,12.350397
17.122557,11.966587,5.057368,16.099915,3.656096,7.781090
18.333654,12.766232,9.526120,44.085598,10.500375,35.579037
21.295305,14.852149,16.626841,53.484951,15.243172,19.626398
21.422737,15.066638,9.644572,60.542274,16.240513,33.847023
9.619719,7.012463,2.724040,12.305025,2.877170,12.550521
15.946843,11.379440,6.809563,3.869721,0.984882,19.008907
27.152916,17.415655,28.182730,92.535538,22.794386,97.877151
11.410058,8.043732,4.185215,23.621750,6.366904,4.898432
16.425547,11.098172,4.209839,19.669380,4.259226,24.283588
22.293055,16.028870,5.745089,20.792929,4.407698,21.175909
42.558273,28.915253,15.303273,49.934299,10.454183,7.252229
8.729310,6.123536,2.909069,2.523414,-0.265819,4.559685
19.619854,7.662875,5.292008,23.012106,5.841516,10.700048
17.242998,8.352331,4.565819,35.705097,8.432774,8.144843
13.875198,5.630506,10.376209,9.110474,2.097568,22.374798
15.966261,10.337037,5.905689,13.915138,2.348547,9.841582
5.723992,3.821916,5.046025,15.783148,4.626858,9.902860
6.552359,4.645181,3.326166,9.754707,2.744759,4.338404
8.211749,5.580871,2.296789,20.681232,4.186884,9.379321
22.614159,14.932682,6.303339,18.231693,5.899155,6.044489
15.396692,10.411101,4.446616,19.206184,4.547147,2.561280
15.294224,11.046322,4.812388,16.901846,3.866826,11.264503
19.715208,13.596269,7.965804,44.850452,13.323174,33.451218
37.124023,24.087011,15.994123,73.896049,19.084843,81.873329
11.009841,7.803218,2.888307,21.683392,4.459945,26.510334
11.520337,8.411779,3.925786,16.619595,4.263660,2.596518
35.794800,23.962244,9.566198,33.491997,8.112952,15.402164
9.833029,7.166528,4.436115,11.995506,3.048058,8.541185
15.597079,10.388694,5.068451,19.375587,4.728504,9.146583
17.275225,12.184110,4.383460,14.045309,3.478745,8.699553
6.294990,4.869351,2.318070,8.979392,3.030902,2.223121
8.823387,6.445173,2.865502,9.506530,3.237820,5.311380
77.412399,28.112827,89.089142,236.096268,57.064655,180.545349
99.502533,48.044380,88.934998,348.706696,74.971664,219.528671
24.705809,16.559034,7.987781,31.391171,6.718438,6.937124
9.550354,6.556206,3.429580,15.533307,4.656246,9.617549
56.860424,36.856770,17.441032,54.738300,12.618188,24.704718
33.045586,17.741472,10.572598,56.047546,12.562173,13.374022
11.305714,6.321320,4.801845,24.776304,4.325814,6.330357
27.694248,19.166119,9.769999,33.244179,8.558903,20.648067
8.710497,6.258165,4.121799,12.040054,3.338574,1.516476
5.686232,3.737271,2.453913,12.712318,3.325327,17.047100
29.961090,20.207113,11.394408,41.684269,10.944299,32.680168
56.579716,31.623959,48.639252,167.525909,39.398830,51.015438
41.845139,25.767900,18.063265,88.000816,22.722860,86.232994
8.819537,6.510345,3.551639,11.862398,4.614047,11.163594
23.579597,16.523483,12.691950,35.650875,10.186058,19.176651
9.759242,7.247569,2.789798,8.073200,2.560146,13.153249
23.022663,15.834044,8.470582,26.395760,6.565282,7.590515
7.707745,5.461841,2.227054,9.700566,2.616696,4.822068
7.556780,5.520935,3.352729,4.127426,1.436632,6.952390
38.450729,26.178144,20.461767,51.398655,13.591014,27.543524
19.177256,13.864569,5.391870,21.834450,5.801260,7.516516
9.816685,7.083961,4.878316,24.511995,6.151262,7.491614
34.052269,23.442045,12.049059,56.659657,12.905626,7.099816
42.419853,26.465946,17.839708,65.609772,13.724586,14.396293
4.203269,3.189812,2.689478,9.669044,1.382757,3.360035
16.814135,11.477927,9.272992,39.187283,11.122133,21.656425
23.659290,16.594784,7.413018,26.588903,6.120046,7.835176
9.794053,6.730038,4.444046,7.768481,1.698584,5.226956
29.247343,18.997379,8.742060,48.450233,11.357972,30.042488
8.690206,6.277002,3.351161,10.220706,2.241244,10.067255
13.437562,9.747214,14.537394,44.322845,10.362418,57.137142
11.655469,8.467361,3.103305,12.217126,2.831433,3.571778
9.125940,6.716036,3.072148,12.852168,2.856942,4.417331
13.250500,8.970558,3.670316,22.626432,6.415341,2.406698
6.626387,4.841864,3.965807,15.865732,3.949223,22.565844
22.352531,15.793182,22.209944,82.148376,18.715872,16.906116
6.023457,4.548590,2.969398,14.047775,3.412789,8.336041
28.550388,20.139278,7.533282,37.182312,9.790514,63.402020
14.529851,10.145060,5.886127,14.763657,4.693123,5.301270
20.001579,13.742105,13.784496,42.043499,10.863603,35.744507
20.167822,14.006625,6.595092,21.820387,4.863618,6.311112
40.419491,17.888838,45.311161,166.820618,38.631336,74.661713
21.742701,9.247831,6.617722,11.026939,3.202198,17.995871
14.015372,9.679458,4.187449,19.325932,5.182317,5.573586
26.260292,17.546322,9.014618,25.092897,6.510523,17.451164
9.121300,6.715787,5.561936,19.751041,4.984125,7.505405
11.724503,8.448344,5.142797,10.079918,2.250845,8.601368
11.869065,8.229053,9.791740,51.958641,14.522988,36.222355
20.012243,13.709618,7.186847,31.976427,7.396035,7.978395
20.063356,14.457734,10.414570,44.179241,9.436334,9.098594
28.090826,18.839172,15.932918,74.504189,17.851698,26.596350
47.170719,29.666769,20.487137,71.888214,15.651601,36.697544
39.850113,25.747286,30.059929,112.963783,27.371357,65.963684
10.737733,7.799004,5.779328,6.017555,0.560864,3.550039
8.053660,5.930598,4.081147,9.188852,1.891974,9.901685
9.266891,6.668311,3.046671,7.000469,1.911201,4.056921
17.082298,11.816478,6.559528,30.033459,6.210768,19.278194
13.368455,9.280089,4.859021,10.994128,4.244328,1.688837
41.986546,26.175926,34.519913,122.732903,31.855993,111.872696
6.562386,4.578920,2.673165,8.756202,3.487187,5.704002
33.233315,22.815674,8.843299,31.538643,5.884311,6.859306
32.287979,20.653816,13.259131,42.041340,10.764540,30.117748
11.359157,8.262455,3.492206,8.379980,1.564503,4.090558
19.777254,13.027652,26.390280,96.147827,23.050095,61.299702
9.736799,7.441232,3.544572,12.947715,2.594995,19.608217
4.124929,3.303172,1.813445,0.195199,0.093784,1.276705
47.124550,30.574070,27.460573,41.685219,9.593846,101.012138
15.854245,11.153414,4.223672,15.914815,3.987543,11.153369
8.529849,6.031394,3.247722,16.786343,3.461653,3.479323
9.673330,6.785689,3.060788,17.285860,4.214927,11.813361
11.938781,8.196782,3.975332,13.294389,2.665629,11.740047
12.736828,8.756769,4.667566,19.664730,4.701432,12.282227
31.266705,21.227200,14.378799,36.883610,8.610829,25.865955
18.239531,13.053451,6.499010,25.386627,6.060806,43.968689
37.005730,24.315138,12.156489,39.652519,10.133760,63.654346
6.217850,4.922549,2.139879,7.203061,1.366333,3.106711
13.131544,9.919626,5.664770,15.065394,4.485544,3.413083
28.017027,19.385090,8.815373,15.107675,3.969169,16.456882
16.339914,11.690054,7.578226,22.688898,5.895449,6.631547
9.454839,6.790538,4.073331,14.396606,3.405791,1.598527
54.971718,32.875832,23.314554,73.643082,18.212385,25.006876
11.848716,8.198048,3.498805,19.648285,4.867253,2.470512
13.800819,9.652814,4.821831,9.538114,2.721094,7.850592
37.552444,24.576633,9.167200,40.464699,10.269666,62.839420
32.755035,22.153530,9.235840,21.795185,5.265916,25.472359
5.409076,4.073620,2.594184,10.432289,2.626423,10.162117
19.470200,13.603484,5.819415,18.551306,3.954960,11.780372
31.287100,21.415432,10.342217,21.933247,3.730611,11.962084
7.896920,5.633961,2.838119,9.193144,0.998747,4.629989
6.182124,4.572224,5.353682,20.116413,3.804758,9.825182
13.426746,9.734617,5.672163,23.047424,6.141613,7.733747
49.959427,31.611357,31.056379,117.746307,30.068823,88.260948
45.859764,28.737703,62.589607,228.439865,57.088615,192.932617
23.862148,15.848232,7.934226,29.861629,8.082091,20.815231
20.418644,14.825110,5.789948,14.730158,5.361516,5.072065
10.825767,7.952053,3.805461,8.796989,3.230105,15.178368
15.220748,10.862330,6.530333,14.420588,4.024508,7.498892
22.326536,15.878498,13.266441,40.702129,9.600946,13.648960
6.887582,4.998740,2.545099,5.083816,1.686920,4.178645
19.918613,13.893147,7.187384,21.706930,4.622665,8.647373
13.697775,9.689225,9.818935,40.832787,9.498962,26.850346
20.372419,13.437037,18.983101,58.752598,16.620153,92.975121
11.529356,8.167723,3.678456,12.969172,2.761445,4.384279
4.933527,3.403683,2.419044,6.917037,1.945831,2.690119
10.644861,7.682287,2.840701,16.876665,3.958807,3.532770
38.879253,24.861567,21.310600,108.487160,25.497557,35.970791
53.267513,33.476772,11.784576,60.369221,14.195490,9.706893
17.089411,11.934033,9.154224,35.477203,9.525043,41.939724
29.241501,20.298645,12.023365,56.563244,13.414580,33.984928
7.384529,5.167699,3.913681,6.203230,2.679845,8.323639
7.658808,5.744103,2.484134,9.858725,2.475037,2.647533
15.889215,11.150661,6.589262,21.022179,3.952454,14.427297
4.310282,3.338966,2.667453,3.136106,0.708765,6.112849
16.938328,11.592807,5.889907,21.341465,4.511802,6.299744
36.931141,24.803835,22.322256,60.548759,13.954814,11.498285
8.628063,5.990178,2.898055,11.902828,1.926635,3.985328
42.358654,27.516989,12.201589,31.748417,6.110059,16.426256
17.234741,11.926464,6.655003,15.219905,4.088885,19.206488
21.677216,15.282473,9.164821,27.957052,7.862571,6.357189
7.497013,5.693326,2.958797,8.677175,1.319901,-0.001971
9.952148,7.082634,4.824140,19.922215,4.368064,13.698011
20.926769,13.311040,12.198530,48.805443,12.245046,40.421806
9.495399,7.041019,4.579680,11.997772,1.962105,3.238499
21.314880,10.035432,8.994486,27.330814,7.558700,25.755358
26.783913,18.595797,9.923927,37.735012,7.282527,19.092026
12.994764,9.582022,4.672058,16.429037,3.643875,4.248871
44.287960,28.358515,53.158234,154.695312,37.005917,135.387741
35.838486,23.414757,13.579958,52.021709,12.173760,49.030087
16.328739,11.846176,6.055215,24.957310,4.904398,7.719481
17.038120,12.065034,5.139778,18.395195,4.855752,6.460613
5.344605,3.989763,8.684472,27.512203,6.640759,37.148205
16.553833,11.555601,7.042814,23.711901,5.131433,5.081772
5.430104,4.084559,3.224238,7.004210,2.431956,10.400453
23.467417,16.569813,8.181478,25.854212,6.243172,22.947025
10.251610,7.313876,3.639024,11.468653,2.421671,14.505943
12.247935,8.792040,4.782736,14.793258,4.872253,14.520054
14.219152,10.394188,4.244147,12.110108,2.397095,5.395293
27.521645,19.560377,5.543703,28.533815,7.020304,12.649655
22.104681,15.429244,5.136189,15.669909,5.088343,9.898492
57.323402,33.448978,26.938169,42.970268,10.182593,65.385941
35.722366,17.530804,15.115849,45.848534,9.818564,25.952423
12.208623,8.766817,3.283052,12.987118,3.478586,3.118725
4.333014,3.212835,1.879499,9.552691,2.571783,9.461978
19.349951,13.957293,9.050579,7.262121,1.907611,25.237196
35.494816,23.713062,12.341247,41.233566,9.380438,13.313498
17.762609,12.793712,5.368295,3.016635,0.699789,6.466955
8.995549,6.365402,1.998400,14.880776,1.969017,2.688046
7.961323,5.675179,2.752426,13.866479,2.969586,4.642765
62.436691,28.622498,51.090004,208.751465,55.965233,134.893402
25.445768,17.612572,7.894327,39.029106,8.594104,11.499866
16.376047,11.307942,15.655298,63.716419,15.480637,44.889820
40.618488,27.415142,15.817140,51.793724,11.658046,16.757200
23.433613,15.999759,17.895159,80.327965,16.818197,29.686106
40.855011,26.612047,11.865690,36.477692,6.971812,9.098984
13.321819,9.947772,8.128736,25.796227,7.261094,39.092999
8.792600,6.434487,3.492339,18.189690,4.192430,12.486773
9.285497,6.651341,4.009868,19.807955,2.956180,24.683733
20.097044,14.578981,4.533307,21.914721,5.670720,4.416868
12.098363,8.122947,3.885884,20.968098,5.457842,4.484902
22.106392,15.586271,7.031256,27.404690,6.682949,8.558304
23.353802,9.971992,8.323420,30.055359,7.961107,23.987677
21.054634,9.661562,7.865406,33.068325,8.424720,22.094574
8.318956,5.952170,3.006301,3.186822,0.254067,8.215885
11.779588,8.310946,6.170039,15.120533,3.405023,11.085114
32.735458,22.524498,9.034362,28.080250,6.446015,24.242752
8.707932,6.451620,3.564223,13.353024,2.473047,3.442278
26.172647,18.192617,6.177159,21.312189,4.140311,15.774321
52.944641,33.948696,15.231799,35.418995,9.725562,24.554974
5.518819,3.964060,1.567838,9.092252,2.050457,9.035958
6.091535,4.663018,2.577408,1.369676,0.195715,1.961545
33.682632,22.684549,24.293869,85.378639,20.514263,32.202904
16.632740,11.959464,4.087481,19.926708,4.803456,12.169616
24.614506,17.282927,7.915285,33.748550,7.108653,4.275610
21.882765,14.838440,6.729313,18.000263,5.388642,3.705134
33.040131,22.104717,10.784472,37.474617,9.963045,32.058174
25.249319,17.936193,11.222519,32.145676,7.958958,43.943802
30.217379,20.261497,25.639269,47.421410,11.029778,21.038994
38.470417,23.022919,82.303169,201.259247,51.120483,201.656906
26.036877,14.171865,7.712381,31.055140,7.201841,8.267498
17.076851,6.703797,5.732165,38.691685,9.488447,4.916649
21.587093,15.568680,11.852534,44.065289,11.067283,24.393621
7.383674,5.767889,2.843508,11.870203,2.303259,5.856884
25.045246,17.318119,8.254675,29.731667,6.369957,7.983437
26.585785,18.023527,7.752780,28.993631,6.774506,29.453720
10.578738,7.939381,3.115804,13.231284,2.776162,6.408235
27.515760,18.111828,11.208825,34.312263,8.055631,17.504604
27.955746,18.473148,10.094038,36.790688,9.099734,8.668887
39.213982,25.319815,9.967037,35.613216,7.483958,6.219338
37.774834,25.173830,15.925409,57.738358,14.808520,29.033030
7.379284,5.568087,1.647227,23.440668,6.290086,17.980455
52.084751,33.168304,15.841389,50.374783,13.519403,21.923393
13.181179,9.273634,4.916211,18.897461,3.062309,2.209792
10.610477,7.368969,3.231485,10.122149,2.233325,3.025129
11.039836,7.821332,2.328169,17.931160,4.736093,7.069003
15.596539,11.538271,10.253263,43.787361,10.619293,25.708931
44.558262,28.104740,19.049675,96.947380,20.577690,25.088905
8.093554,5.903208,4.037252,2.070124,0.338042,5.701257
28.812868,19.583330,7.098281,20.508423,4.923794,13.251329
5.926075,4.170863,3.179861,8.221109,2.205502,3.259949
11.720763,7.999691,6.495655,33.161747,7.620717,44.547745
26.191681,15.672672,20.485912,109.934891,27.879210,86.550880
33.828629,18.873552,15.242264,53.492542,14.306026,20.290161
9.920656,6.950706,2.921500,10.572911,2.763676,13.385653
34.446224,23.002172,14.973173,34.994488,8.681094,38.882805
40.273335,26.710638,22.923426,87.566360,20.763096,47.290680
19.941713,13.860673,5.218437,20.681555,5.246174,10.152851
33.622368,23.177052,14.195323,28.555130,8.323637,33.711407
11.430694,8.301158,4.038688,11.531160,3.495751,7.207792
33.482788,20.228018,26.012842,100.122902,23.448044,11.708799
12.223578,8.799789,6.370971,16.958405,3.185361,14.875120
28.171450,19.233736,9.394257,22.909693,6.319576,28.521856
16.828012,11.795134,7.632403,31.826418,8.232952,42.246872
15.862160,11.323288,6.319675,24.072065,6.440516,23.042068
8.735896,6.040212,2.823642,12.938376,2.991832,2.888091
28.135180,19.417711,35.146767,132.494751,31.303707,85.913773
5.125002,3.976373,2.871710,11.903851,2.180063,1.172148
8.333294,6.007537,3.346832,10.194182,2.757608,3.479708
12.293303,9.145252,4.236094,1.683306,0.850246,10.566864
27.415201,18.688293,9.582594,24.281059,4.831812,7.990302
11.588864,8.178352,4.273161,16.136721,3.215230,7.844794
11.604411,8.617306,5.424815,27.101696,5.702575,8.216351
15.515045,11.266380,5.291328,14.068706,2.811139,3.706058
7.293805,5.470713,1.722417,9.278644,1.356664,4.391315
35.718254,24.744068,10.128757,30.776110,7.263836,30.235180
21.288015,14.738364,11.640971,53.970936,12.372235,63.460281
11.699485,8.467278,5.374005,21.008339,5.200968,35.267033
51.956905,33.478008,14.268756,67.764816,16.397598,15.034203
9.310702,6.835666,3.171555,11.189429,2.035298,0.371977
9.308400,6.905492,3.104608,11.051548,1.865881,7.592571
25.125906,17.574799,6.866762,29.172543,6.384577,20.012873
8.404167,6.320879,2.428687,19.100266,3.835522,14.803770
7.647141,5.372653,2.325738,8.364278,2.442733,3.639831
18.002241,12.735254,9.096321,36.982513,9.805068,24.689468
9.640931,7.011433,5.049311,11.782108,1.727144,5.543756
14.195905,10.664922,4.155840,10.158610,2.403901,2.082562
38.622059,25.165562,16.729847,47.725681,10.998143,12.174195
6.159072,4.511931,17.974148,37.567299,8.418993,23.042219
21.180214,14.987815,7.936609,20.852198,5.108448,6.817205
11.569171,8.208363,3.467772,10.783641,2.693012,3.375118
6.811867,4.994911,3.020584,10.858474,2.828796,3.689539
55.917374,33.792473,52.551144,188.101776,47.972805,47.784954
13.666986,10.085146,5.356311,19.299093,3.883712,13.531769
17.771324,12.475663,7.504692,17.848804,4.516172,11.907064
18.870464,12.973456,17.228052,56.620461,13.909373,45.070278
47.648563,23.394291,28.517443,86.509506,19.035109,48.347301
11.813666,8.325111,3.518313,14.622632,3.997271,2.749784
23.753136,16.329628,9.268173,28.250786,6.391385,5.170381
4.540843,3.550095,2.166778,7.540411,1.147907,9.647797
18.027147,12.675579,6.931251,18.170502,5.153247,6.143645
28.057350,19.291107,6.419162,33.644451,7.307050,36.712353
29.974224,20.340151,12.761248,38.952908,8.066496,8.667953
19.859621,13.676847,6.561436,17.064995,4.483673,5.262316
9.261815,6.328316,3.187740,19.665003,4.069812,16.282314
10.387795,7.270187,4.099072,12.027225,2.519835,3.783549
7.728502,5.611628,3.656706,13.016082,3.187793,14.034033
37.041744,25.178791,9.983808,34.471966,7.541928,23.959517
17.683659,12.748689,5.965958,15.700202,3.456228,3.740444
15.330134,9.059461,11.687502,42.417194,10.268623,40.043552
11.624874,6.924791,4.625272,23.130785,4.335382,5.984447
15.757222,11.022214,11.149955,37.306431,9.057071,14.605946
44.496510,27.563267,73.473633,191.790527,47.163586,283.694946
20.528618,14.502335,6.747737,24.479652,5.488997,5.435359
71.792397,31.823181,43.730892,146.275986,35.211300,158.743027
54.792637,34.053429,18.375549,52.402924,11.562399,29.391371
8.980424,6.505470,3.897959,10.936417,2.678582,12.353292
19.680552,13.226289,19.455414,61.997162,16.231157,52.209023
10.918919,7.604860,5.083960,11.468206,2.093609,4.947699
10.992644,7.653663,5.880744,14.593493,3.246727,6.399411
27.703011,19.135078,6.724486,16.537842,4.368603,6.122643
17.622931,12.431161,5.863800,24.561306,6.767455,7.663870
36.939232,25.766331,13.773540,11.942732,1.693244,33.071190
28.453468,14.447658,8.275072,20.092350,5.374277,19.208426
74.872002,44.318687,37.235413,140.333374,32.018723,67.582954
4.217043,3.116762,1.601469,9.002533,2.388962,2.253636
47.719486,29.598299,44.941238,173.948608,38.838478,106.076805
16.309124,11.322668,4.363597,23.951170,4.617202,19.748758
37.848812,24.353302,9.830018,36.612598,9.481068,6.283637
6.626645,5.039878,3.863343,9.916932,2.835956,7.619070
9.911198,7.453804,3.859024,15.512676,4.589158,17.061106
37.592468,23.533600,27.175545,123.352043,29.921011,30.762289
20.260172,13.942063,6.812486,21.012470,5.078984,6.325022
32.458580,21.136959,7.303085,23.797117,7.243355,9.949407
15.007326,10.977407,5.730124,13.311680,3.453963,2.519665
16.232056,11.260671,6.956367,17.950836,4.822648,13.106216
13.814021,10.142329,5.065693,17.943024,2.956398,16.865126
11.190973,8.164810,3.887522,7.097714,1.592121,2.473940
16.650087,11.617561,5.047739,22.960138,4.858415,5.224354
9.160263,6.909857,3.921146,23.336725,6.298925,4.302201
26.834005,17.320114,26.764051,88.729332,20.880188,85.428108
12.966318,9.105540,5.719789,20.571913,6.460198,2.395711
39.835972,26.481819,20.561794,52.274616,13.832289,92.535072
13.140127,9.456338,4.603218,14.485233,3.418974,4.775604
16.160299,11.848811,5.456870,16.491772,4.505002,4.173398
13.299557,9.191979,3.346365,22.809229,5.336677,7.656950
12.521046,8.777003,5.817353,12.322725,2.835016,4.604095
25.492533,13.432438,7.476226,27.880188,8.736603,14.015583
16.708361,9.057753,6.831672,34.711540,10.348182,16.077419
8.811264,6.296209,1.808252,3.828246,1.047235,2.578531
14.211308,10.648786,7.362270,31.682941,9.396805,20.909737
97.735352,48.347488,67.355194,157.826096,35.490086,178.403030
15.735736,11.461130,5.239172,14.413921,3.979866,9.390670
32.204803,21.747934,11.391162,35.131920,9.402264,6.286049
10.872254,8.086211,6.472300,21.833073,5.770133,4.668960
25.496878,17.976515,9.215961,25.989962,6.241651,16.466368
15.107262,10.680657,7.241201,17.549574,4.285588,6.066647
7.266950,5.313910,2.470383,14.968879,4.315969,2.708823
15.824845,10.680563,5.318671,19.809156,4.530234,12.792563
17.346529,11.995499,8.137837,18.934258,5.026032,6.938286
6.630924,4.660834,3.410583,11.625833,3.395772,6.182998
33.606636,22.775442,9.624682,53.731609,11.601641,31.443983
21.253237,14.928617,6.165432,17.211763,5.015311,12.564539
11.561499,8.672292,7.014817,24.937172,5.210396,3.386686
10.891558,7.425672,7.227041,24.912796,6.959208,13.018096
11.067227,7.928381,3.815723,8.999893,1.960932,16.751842
10.781487,8.071141,3.909618,12.391068,3.321999,2.504466
29.813969,20.809576,10.515901,40.942646,11.284239,41.096390
30.853584,19.207340,35.166977,85.309799,20.613579,25.460764
14.753515,10.271162,4.673403,24.394508,5.564575,2.287157
5.809491,4.357563,2.747796,11.158229,3.549455,4.062735
38.399715,24.374775,18.494577,38.302818,9.952635,33.682041
10.155910,7.437984,5.660620,33.039600,6.915830,1.538945
24.600544,16.708710,25.646730,77.357994,17.867725,76.489388
18.579760,13.340387,8.504612,19.313435,4.376366,3.296212
26.386745,15.574547,12.446997,29.362368,6.425724,22.071747
15.454730,10.606948,2.893211,20.173656,4.072661,2.445016
10.739164,7.656738,5.442298,25.219282,5.021321,2.601438
23.845585,16.440403,16.827642,49.872837,12.075421,68.339531
11.341344,7.084556,45.984314,175.352600,40.246914,165.403214
24.470633,16.547270,10.845284,47.802227,10.773362,54.291328
8.792464,6.078290,3.018081,15.351978,5.053320,4.148419
16.279463,11.176937,7.328966,30.535021,6.947986,18.938812
6.253874,4.748132,2.080765,9.371016,2.387650,5.908224
37.239487,24.464314,14.380127,66.279465,17.888525,89.734726
27.522499,19.085855,8.997252,26.572567,6.195020,16.441313
5.323742,3.625617,2.920901,12.645841,1.362331,5.163500
23.108076,15.573180,7.794636,27.261152,6.443860,10.151328
14.042720,9.980226,7.449616,31.033901,7.384198,6.855718
17.630974,12.459940,3.687230,20.742287,5.364288,2.403275
9.341083,6.711239,2.972902,11.451722,2.812156,5.422642
12.216762,8.683177,3.407971,20.402365,4.876516,4.908866
7.899531,5.927271,2.713221,10.965674,1.929595,3.528341
8.681087,6.098242,7.243535,16.636141,4.080735,5.584494
5.984183,4.607984,2.386801,8.794204,1.577563,3.313279
20.804384,14.800330,10.337708,27.209440,8.561247,5.218707
9.765637,7.200096,10.330838,11.659399,3.262020,1.430516
12.679253,8.941919,4.157113,22.741585,5.981671,6.868253
34.676186,22.937487,31.878378,95.389931,23.236935,64.552246
17.492285,11.988881,4.195860,21.327726,5.525851,10.462757
19.242550,13.095491,15.176950,31.154015,7.335943,37.474174
6.230607,3.815034,3.533706,19.144770,4.773691,13.125954
10.882358,7.795347,3.098993,14.922988,2.931093,1.386125
6.275687,4.768703,2.827662,14.807919,4.344537,10.067479
6.792688,5.189955,2.940875,9.351546,2.589944,3.043174
14.571433,10.484033,6.397127,4.347490,1.522152,5.642108
43.980972,29.703430,15.656059,52.826344,12.728304,46.772823
9.279434,6.473486,4.971895,10.912232,2.263458,1.387924
4.835421,3.245953,2.124036,8.878370,2.398763,2.664641
25.830738,17.746933,11.741943,45.406784,10.457252,33.906506
10.649287,7.928175,4.751755,25.169506,5.642983,26.337854
44.235786,25.272612,29.850996,104.531349,23.866404,18.039211
15.449782,10.931714,4.819098,13.758506,2.943848,3.225452
55.294353,34.429916,25.011326,56.879490,11.610212,27.139162
15.105650,11.164825,6.198546,26.628113,5.907449,11.466404
15.999372,11.229030,5.086371,14.272552,4.498971,10.663024
7.707374,5.726320,2.868379,12.147724,4.345129,2.198871
41.327812,28.287468,15.368413,58.753353,12.021566,55.434410
21.192194,14.947097,7.970914,25.257282,4.898215,39.357422
24.124050,16.969429,7.895276,32.630558,8.377730,11.347477
16.729773,11.753272,10.851007,30.138935,6.962494,15.403240
10.761482,7.888225,2.218527,12.095004,1.842451,3.102182
23.086744,15.274012,14.796694,55.235802,13.115288,21.584019
14.159628,10.014310,4.919335,17.204552,3.687124,2.875730
22.598307,15.925480,7.269852,23.873161,6.117771,7.007432
9.545985,6.886989,3.660000,12.850031,2.550782,2.105864
35.649010,23.394295,21.954922,65.553192,13.373219,17.756062
17.359789,12.579125,5.851066,26.122986,5.456444,5.675313
5.675381,4.351444,3.335655,8.301999,2.664639,19.799511
35.791733,23.478201,16.293842,47.220097,11.507688,19.642887
4.156428,3.216573,2.428679,11.990331,3.017314,0.375800
12.230127,8.672771,5.623044,19.946678,3.985837,10.449645
19.338978,13.342511,10.136404,37.206474,8.776555,11.456161
8.458661,5.659078,2.959314,11.880569,2.464739,3.030688
10.651058,8.113295,3.658932,13.502666,3.463357,4.035255
22.656660,15.717221,16.831337,57.206673,12.826289,44.274216
6.733447,4.846658,2.488469,6.955246,1.846864,4.182210
18.080111,13.077746,4.774571,17.311354,4.635783,22.530718
64.766365,36.109089,34.166275,151.501801,35.657410,43.645248
46.008904,30.550083,13.563488,51.086384,12.476961,11.813002
32.876350,15.201149,26.858370,57.919090,12.836033,42.379372
32.524017,15.141232,26.881021,62.416851,13.755469,41.811207
30.624317,20.629734,10.300289,50.218796,10.501015,11.379758
16.721661,12.008832,7.373144,22.963577,5.728792,13.375717
11.587129,8.576045,3.781383,17.655394,3.456827,6.848459
10.448806,7.397975,4.309461,10.693618,2.349988,5.041909
6.296688,4.536790,3.843746,19.196798,4.976855,4.959462
9.508539,6.684502,5.178276,13.561090,3.290395,12.139097
11.652760,8.081543,16.041800,46.280926,10.490833,57.373795
39.618061,26.674538,14.812700,42.362450,11.867305,21.301287
4.389807,3.222079,2.467063,6.214321,2.397295,1.127184
13.533874,9.611556,4.036620,18.237129,4.699454,11.175030
15.186767,5.590747,7.488108,16.171171,6.070920,45.232895
42.842316,23.911320,58.568951,241.224289,61.236618,239.543457
8.118234,6.336687,2.254010,9.621270,2.200961,8.207975
10.259189,7.582473,3.077821,11.351258,2.268362,1.658347
5.278102,3.882566,3.917471,47.248398,11.888047,3.693822
7.917874,5.768397,3.131485,3.955093,0.584332,1.303617
37.234020,24.756548,12.922545,31.475883,9.396652,12.419730
10.252346,7.273123,2.262165,21.661724,4.958109,5.517553
7.456634,5.202031,2.925246,9.305919,2.472561,3.204235
27.342081,18.991112,7.992661,31.144941,7.011519,7.466931
13.941624,9.809657,12.353451,24.875792,6.095709,10.272412
23.613527,16.030567,10.412756,46.371815,12.012401,59.310844
8.729027,6.392149,16.902607,35.329121,7.493202,12.849392
15.288629,10.912013,2.857543,27.412981,7.394946,5.537326
33.529243,22.129210,11.563917,36.647930,8.125206,24.651958
28.307146,19.009729,9.835665,31.833216,6.979522,29.594814
14.252204,10.077412,11.274663,42.126133,10.687780,44.726120
12.905889,9.464657,4.367596,17.435148,4.146479,8.868555
4.017906,3.458200,2.234563,9.235630,1.791827,5.199573
8.171822,6.485608,3.228229,14.100908,3.218648,4.808194
22.969061,15.603117,11.714556,18.098082,15.017105,650.510254
7.260999,5.263548,4.052671,19.918814,4.638267,6.992159
12.368488,8.619126,6.234385,17.823011,4.359364,8.590443
29.349749,19.388990,13.294854,36.380062,10.031482,17.559725
10.807885,7.818176,2.905327,15.202230,2.466078,19.656748
34.488487,23.491917,13.004870,50.916260,12.136775,34.295811
26.970917,18.090292,10.574565,41.149921,9.961558,27.678019
4.391104,3.223662,2.273517,15.549611,3.396999,3.596708
43.304276,29.364277,16.073830,65.867493,15.213622,60.057632
13.964212,10.313998,2.931889,18.398949,5.077784,7.656860
36.971535,24.737974,10.677608,29.462362,7.509459,62.895672
7.612866,5.796351,3.013272,8.924928,1.922654,2.577343
25.790487,17.591030,9.175668,33.038616,7.613486,10.362006
10.188983,7.269285,2.936922,11.602761,2.783046,10.358028
12.725105,9.007170,6.907289,21.553823,5.744933,24.972696
9.491416,6.893254,4.146007,6.790614,1.462826,2.468364
17.188919,12.642166,4.553407,17.681686,4.795413,12.741839
24.881092,17.327641,14.137530,45.936920,11.780263,28.721134
27.732697,19.359314,12.635783,25.826017,5.886744,9.283447
13.775161,10.294540,4.470554,23.236731,5.245536,18.714298
15.090261,10.572782,5.835748,17.166500,5.278113,24.470299
6.543169,4.589901,3.175808,3.078279,0.112100,2.333477
5.435802,3.832982,1.828935,8.841738,1.793557,5.576105
25.825012,18.357357,15.824828,68.720703,16.531759,56.264019
15.399089,10.880781,5.355771,24.687716,5.830384,30.471935
35.570473,24.766485,9.356658,56.040386,13.690497,8.154650
14.534593,9.778145,17.382153,73.099861,18.084248,47.833748
11.324976,8.411853,3.663122,15.232314,3.787750,4.521067
43.522732,29.997339,11.994491,37.598663,10.414358,41.068550
15.234737,10.515391,4.234322,19.667608,4.278651,3.576764
7.465238,5.042626,2.938671,11.205658,2.449756,6.666724
20.263626,13.866745,6.142251,26.353930,5.858983,12.645171
23.578592,15.860356,22.483978,66.308960,17.197453,58.869091
11.620274,8.437220,3.081891,8.322752,2.342946,1.387676
13.009626,7.503560,5.318163,22.612816,5.325431,6.525815
9.318490,4.801950,4.027002,21.552929,3.936491,4.343025
8.920010,6.402919,4.525918,13.843801,3.739101,9.773973
33.535889,22.153278,6.553615,13.543180,19.225712,1595.097778
16.992273,11.986835,5.481046,28.059156,6.935607,3.778852
8.212606,6.053543,2.997507,13.247519,3.255372,3.279025
14.628844,10.156378,5.124511,20.465736,3.925598,8.608850
10.190767,7.472633,3.069663,11.688835,2.206057,2.195542
17.986578,12.767266,5.452130,23.733545,4.999012,14.158370
60.813957,31.490337,50.519760,176.139786,44.381367,111.680176
19.683243,14.218041,5.784267,32.455330,7.529471,25.634741
30.273417,20.178755,12.259027,46.482674,12.639885,12.068870
10.793401,7.405683,5.460752,17.402565,2.614517,1.852671
17.386440,12.522335,4.571486,17.344999,3.422645,20.182444
27.382376,12.381512,9.165826,25.956306,8.564920,34.359215
28.249462,12.262897,9.910282,35.659519,9.838191,33.423649
13.632781,9.465778,16.609156,42.898952,8.505836,7.684906
25.923769,17.608032,10.141565,32.372345,6.938535,10.668467
23.653051,15.899019,12.428405,41.897316,9.735029,20.122284
29.628504,19.693918,13.321149,42.644314,10.954155,22.212540
6.156481,4.519289,5.851334,17.237017,5.627195,21.839432
14.477629,10.160963,2.553156,20.110865,4.795046,17.098969
8.624034,5.964572,3.500891,13.502038,2.766116,2.711841
9.784960,7.077072,3.557309,11.766201,2.760254,7.004187
8.827744,6.288578,2.908103,7.434914,1.619920,2.455767
21.395849,14.661469,4.249343,19.915798,4.463281,7.085397
48.733318,28.669741,23.153753,86.106880,20.852468,48.137482
41.507717,27.548195,19.971533,89.564087,21.310972,16.782824
14.881582,10.509692,4.067791,17.301134,3.224276,4.420401
23.759354,16.650585,22.181633,50.838387,11.875767,30.095453
25.781437,17.291775,11.192513,47.854725,9.691540,12.299034
10.250400,7.245885,4.121448,10.342327,2.549910,13.878699
23.321589,15.464470,7.887683,34.892723,7.760098,51.687252
12.635018,8.608115,3.550683,14.056037,3.260217,13.200862
25.984421,18.474922,12.418144,17.944361,2.521802,12.603765
27.792225,19.268456,13.888495,54.940048,13.393762,35.574879
32.938835,22.150469,13.253002,57.686363,13.358847,41.254726
8.740568,6.246595,2.501297,8.716921,2.664910,1.792529
29.230999,19.224274,14.788177,57.684868,13.533701,35.492359
12.781969,9.197900,3.173113,13.641863,3.411536,9.730809
37.991261,24.965349,18.755413,50.814987,12.074013,43.388245
15.176873,10.648837,5.479137,17.715490,3.965923,4.291237
41.389107,27.829735,11.117451,58.094517,12.821521,8.564246
13.564652,9.185470,11.450254,36.036427,7.907826,9.770985
7.403254,5.636981,2.530620,7.889441,1.729923,7.001020
17.896526,12.874450,6.242770,42.862617,9.548536,9.824385
27.039488,19.121117,9.974182,27.974731,6.339245,11.593553
26.733690,15.689129,6.351295,35.486481,8.222450,14.279800
26.583858,17.933880,11.335790,45.061783,10.768267,9.457393
5.003515,3.761761,2.728188,20.178183,4.733133,17.603903
9.870649,7.400446,3.453994,5.998580,2.192430,8.317105
38.141846,24.875029,14.781005,58.232056,13.645473,44.692337
7.998079,5.909534,3.033010,8.778406,2.731854,5.104342
7.502416,5.354184,3.279588,10.783100,3.224535,4.563549
7.643354,5.517900,3.441689,15.449516,4.095444,11.201138
15.886331,11.050412,6.348560,16.413162,4.536568,7.740246
10.090934,7.307383,4.657510,15.406315,4.543462,2.894437
4.479901,3.476079,1.763518,17.018274,3.758474,7.071148
14.047110,10.316744,10.857050,24.580620,5.543353,5.614161
11.743892,8.390281,4.641689,14.326488,3.076995,7.901801
7.951018,5.900908,2.259219,10.519675,2.752579,6.505784
21.963099,15.200271,8.299627,27.297647,6.678243,21.751291
7.592861,5.716567,3.170536,17.447268,3.007674,8.834747
22.143951,15.588731,18.621365,45.058510,9.399740,30.179705
22.281601,15.228294,19.398664,59.632576,13.155065,49.228691
19.027990,12.843917,5.302883,25.271973,6.958315,26.129116
19.668749,13.158917,11.090953,35.599297,7.244406,28.693581
29.281010,20.358530,8.437352,35.799732,9.001899,26.119501
18.769224,13.472501,7.100614,29.578547,8.434548,40.417316
35.852062,19.652960,9.892345,19.943640,6.788412,17.791162
27.892757,17.069979,9.455963,30.550163,8.654270,21.341984
18.248755,13.021634,9.836492,50.203812,10.826394,22.653540
10.670456,7.993644,3.249320,15.252183,4.399623,12.573841
26.973461,18.741028,13.818959,46.344273,11.440605,11.090011
35.097626,16.506973,19.486000,34.128651,19.555902,1299.371338
36.521103,16.531790,22.002136,40.653210,24.812361,1498.956177
9.230694,6.465256,3.105700,8.892775,2.279073,6.805558
14.776185,10.518795,6.971349,22.520596,5.840456,14.748735
8.567949,6.109260,4.231068,12.714142,4.139369,6.770183
27.871923,19.728224,6.970045,33.678505,7.687020,15.002102
24.179647,17.220253,24.775135,80.400879,18.449383,43.504314
16.511206,11.892330,5.514555,15.157983,4.305064,3.364200
12.623590,9.160660,7.797181,24.393179,6.043928,7.110008
26.656965,18.519552,7.810144,31.683359,6.738379,14.523996
4.508113,3.286078,2.336647,6.553700,1.261968,4.602666
9.496867,6.881367,3.445940,11.780461,2.821775,5.804139
20.136843,13.690524,11.527080,39.347637,9.986069,71.111969
20.965092,14.426739,11.570689,55.458672,13.605446,48.109177
7.857502,5.710777,2.842462,15.677794,3.834109,6.480284
9.860138,7.268447,3.284853,13.525772,3.125565,3.520360
38.500313,16.461464,15.885167,43.307941,12.859295,34.591789
42.359291,22.397161,20.771135,79.921249,20.499674,29.041456
30.924574,20.262440,14.766720,52.769966,11.683046,33.163395
33.538860,22.625715,10.959707,41.290165,9.600844,56.460117
11.790279,8.416524,4.575433,18.559034,5.704208,20.920246
8.513590,6.483995,3.974392,10.515649,2.551550,6.824578
14.146137,9.964068,12.127374,35.140816,10.479157,23.747536
8.902312,6.127153,3.483859,11.882447,2.902707,2.856336
7.857844,6.117506,1.833507,13.216813,3.477581,2.983487
4.620595,3.399771,2.279947,2.528876,0.240301,5.225964
11.671015,8.536438,2.914064,12.235829,2.630000,3.214031
42.644005,26.939747,15.552166,49.094234,12.414015,21.529327
11.837588,8.643130,4.088251,13.335830,3.145132,4.565858
46.011154,30.218002,35.063339,104.962288,24.056660,55.473000
21.847904,13.842566,4.779748,41.961391,9.075512,18.669449
9.740496,7.305686,3.259304,12.472532,2.440997,3.878863
30.489212,20.293749,18.168421,48.071899,10.125822,53.970360
7.541889,5.627421,2.964091,8.134080,2.388018,15.052767
16.533056,11.610381,6.013567,22.048716,6.949882,13.537110
8.672829,6.042308,2.325297,9.473672,2.641820,5.362949
4.267926,3.026873,1.574871,5.703515,1.748729,0.288982
26.939968,18.242321,22.794964,71.098976,17.563492,48.190853
11.251683,8.119896,4.233427,9.885118,2.904097,1.711579
6.082829,4.257321,3.748195,11.413579,2.139609,9.806943
38.603725,25.009293,18.892778,72.605804,15.615260,72.924843
33.204201,22.743484,11.107948,39.177292,9.333631,33.640690
9.364837,6.835897,4.078700,10.732536,2.972544,10.638803
19.338373,13.406913,10.278479,28.523775,6.744344,26.991467
5.400835,3.810314,4.144374,13.604135,5.044739,15.685592
7.037607,5.206653,4.447672,8.654235,2.506649,5.349053
12.032282,8.719568,4.165719,21.478704,5.461011,2.798177
33.511421,22.416267,9.685652,29.963709,6.521371,18.296629
24.618538,16.767288,14.476744,63.309162,16.258242,26.930597
52.371422,33.384426,13.967030,69.718147,17.625795,24.269403
17.944624,12.118556,9.987046,42.207455,9.811003,17.083992
8.634011,6.392497,3.542011,13.398312,3.946380,2.280783
12.857248,9.307116,3.321689,19.136864,5.459749,13.937426
17.800592,12.608513,4.335409,19.711195,4.347929,3.477747
12.977005,8.851973,4.513126,15.217160,4.795285,7.099972
5.250283,3.888805,3.160769,8.862354,3.015119,2.465109
9.718021,6.710286,3.639912,16.155718,3.733303,7.085393
13.058036,9.123426,4.707829,15.917860,3.493029,7.060524
25.954512,17.645954,10.603137,20.141533,4.196217,12.747215
46.641804,28.998104,26.966635,76.929497,19.164454,43.564480
30.251637,20.424532,5.820405,29.897949,7.604259,20.829956
37.059723,25.132351,16.753752,47.768368,11.064826,52.847385
9.139582,6.689510,3.178891,5.746241,1.577141,3.841480
79.417633,45.239758,32.781822,85.795517,19.720049,100.799728
24.178749,17.214724,18.251984,60.828114,16.994236,35.077446
34.443974,22.885063,18.058899,44.213272,11.717845,15.695631
5.211738,3.593656,2.036258,9.413442,2.280078,10.526007
6.086370,4.879236,2.623022,11.665535,2.652903,1.207005
4.061394,2.978884,3.363864,4.834211,1.067008,1.513635
16.166634,11.474834,15.982134,38.584160,8.994728,10.594710
32.850880,22.325747,11.149595,26.176994,6.148078,21.397417
29.042830,20.103525,10.804553,23.529524,6.474948,7.727353
26.873207,17.729630,31.098982,100.546806,25.010328,61.309856
15.690835,10.838673,3.878292,29.297789,6.643287,5.215789
15.765194,11.264779,7.506448,26.888346,7.687727,26.793510
22.097027,15.708739,6.852055,6.183370,1.845720,7.063004
11.578631,8.478667,6.406427,23.847225,7.415216,11.024433
8.646937,6.442227,3.148213,9.212640,2.616339,1.896241
14.035776,10.207522,2.438181,8.103711,0.285823,2.398052
13.095124,9.368367,3.577542,11.321697,2.829709,4.353590
17.359074,12.456590,7.523275,24.010950,4.383837,11.871739
35.548279,23.448109,18.533274,54.416553,15.023397,24.047766
6.705004,4.906494,3.297258,11.089461,2.670293,6.658441
7.473828,5.386235,2.903246,10.432404,2.409028,11.663059
43.891869,28.050320,18.002728,41.914211,9.882237,18.295610
27.882219,19.009583,7.882853,29.475168,5.933053,24.458405
20.490627,14.706986,9.689001,56.133102,12.318499,15.990112
9.806458,7.194226,3.071809,13.724503,2.389550,9.565665
10.772611,8.057500,4.992507,18.606747,3.003727,8.414465
32.513290,22.347836,11.178425,19.007278,5.462525,15.574704
10.659409,7.784828,5.610892,18.371954,4.479526,13.362149
6.262470,4.449978,1.813375,12.037256,1.976802,5.544183
27.868532,18.793810,9.003141,34.564442,6.835358,11.028796
8.904706,6.329256,3.749528,9.090411,1.558070,3.078151
18.583130,12.953900,5.721109,22.933529,6.056082,25.207220
22.536953,15.653480,7.887639,20.345680,4.283932,4.808956
23.071770,15.565821,6.340758,35.281174,7.159785,8.667345
13.778069,9.591403,3.490133,21.953016,5.781121,15.528245
8.515677,6.413856,2.843915,9.339293,1.517967,8.541099
33.309464,21.377178,20.420076,98.534973,20.549282,32.401176
7.403214,5.233238,3.476462,10.965804,2.106796,3.559079
10.738811,7.355418,3.063212,17.988646,5.254478,7.740409
24.574718,16.808498,10.018695,12.234502,4.180287,5.597179
9.046360,6.306749,3.581540,11.733064,3.292234,10.582863
8.845117,6.348367,1.478889,15.505450,2.066273,2.944761
37.570286,24.783304,25.831928,26.210812,4.266628,56.302723
18.747801,12.948475,4.264756,25.138248,4.997234,4.981912
17.470760,12.278844,4.524447,19.213150,2.943230,7.349912
44.205357,27.068893,31.970375,78.649414,19.345383,21.655828
28.898275,17.150276,32.241959,117.033142,30.243952,115.666420
18.241936,12.966115,6.644985,15.555364,3.456844,13.093827
25.212608,16.119886,13.665366,50.305717,14.823062,38.501209
8.863381,6.134793,3.223613,13.408512,2.458134,3.398390
48.510719,30.716427,42.337471,187.966934,41.741226,55.363781
15.781665,11.076682,5.548961,19.340225,4.100140,8.059196
18.552662,12.691012,16.585972,40.195545,11.385750,28.790909
25.608225,18.024952,9.433733,34.882954,8.575603,15.707770
16.466541,10.743388,26.177931,69.486336,16.988949,29.498932
8.694628,6.386052,3.452569,7.643121,1.814375,3.990496
11.830481,8.576088,3.969908,18.338589,5.930097,6.427789
49.413708,24.984119,68.189354,246.639435,54.369492,193.460419
23.696299,16.473455,6.159213,27.359474,6.540490,14.004004
19.826492,13.368240,15.606475,68.614685,15.350451,22.119267
12.842351,9.546056,5.784822,25.842398,7.189587,8.118759
48.490139,32.401726,13.153628,56.617142,11.141503,54.427376
6.884407,5.248910,3.217766,9.332973,2.585217,7.856039
11.067417,7.996926,4.400901,12.030472,2.543746,7.018463
15.894839,11.208358,5.294605,13.164959,2.461346,3.156620
20.178818,13.828643,8.564927,28.262815,7.602337,40.254051
32.673550,19.458521,9.909157,32.205311,8.580717,12.162730
29.558062,18.212189,14.279893,46.725346,10.845347,19.914560
21.199621,14.635839,12.100801,42.906090,10.864305,28.250256
4.218173,3.152338,1.154187,15.358425,4.598420,15.200694
44.377365,27.305546,15.282495,46.966621,11.540997,44.166103
11.838840,8.441825,2.942786,16.272322,3.907443,4.512495
19.756327,13.999847,7.094818,13.881876,3.852291,5.348613
20.883791,13.794158,16.222212,82.270111,22.522346,75.995338
12.844135,4.820848,3.820904,9.309187,2.860338,21.388979
25.766239,16.862101,15.533678,73.038750,19.127354,40.551510
5.050944,4.037961,2.166382,6.255601,1.937624,0.313761
9.913271,7.288268,2.729075,14.139364,2.975903,8.085242
34.353905,23.692686,7.993553,28.395267,6.322680,7.880714
23.797127,17.000088,8.248937,28.339899,7.168980,3.767335
25.744595,17.564161,13.821345,40.267128,8.898571,42.642307
5.223537,3.655477,2.759036,13.124125,2.487015,5.681628
11.607667,8.497877,3.565176,8.938725,1.557012,6.494298
20.670143,14.667362,6.626655,16.430805,3.465113,7.493329
10.914521,7.877831,4.634862,11.448196,2.359843,10.164655
38.457226,24.228151,13.914998,45.412312,11.243242,39.792797
34.411854,22.458771,12.095849,47.249203,10.032223,29.959663
29.138790,20.056051,8.930347,50.560192,11.494264,21.536465
11.174954,7.838999,3.307063,8.014327,1.746778,1.110078
7.342877,5.116933,4.319402,10.160937,2.435087,13.424578
13.894795,10.003301,4.780822,18.101114,3.732286,7.763587
10.627074,7.438151,3.557248,12.606620,4.048065,7.461018
16.487648,11.781764,4.175564,17.140644,4.518084,5.720132
8.094238,5.774582,3.678010,10.582453,2.497369,3.345066
36.642933,25.190578,15.068768,116.398773,27.451927,10.280092
6.074949,4.567898,2.872917,6.862376,2.192654,0.895612
25.363628,17.290913,6.838961,27.520611,6.598639,14.325446
10.015224,7.483501,5.104517,15.986800,4.326150,12.810537
23.028620,15.043382,15.380383,76.267525,16.902040,17.234022
8.465157,5.942338,4.285095,18.928768,4.037045,4.579352
17.975899,12.491114,6.567601,25.868471,6.281102,40.787743
17.183216,12.103934,7.216576,18.421476,2.883032,11.296015
10.684000,7.681763,5.443989,23.941065,5.518587,5.006209
49.827839,33.051273,23.996574,77.229301,21.999218,57.616619
28.187008,18.242321,8.533950,34.577488,7.754091,11.868536
27.549030,18.749676,18.881435,44.218025,11.238700,8.954142
25.056166,17.077965,8.893466,20.504940,4.339487,15.245577
6.774282,4.625316,2.311456,9.149969,3.158624,11.170636
7.775875,5.520093,3.399858,7.092502,1.650436,4.278460
35.490116,24.806633,19.183609,51.563232,11.818309,16.344191
23.352598,16.277830,10.342065,33.625824,7.892704,16.436514
32.028400,21.087420,14.292609,56.143044,15.355145,43.952942
5.037690,3.506661,2.297201,8.283241,1.988752,1.528411
3.807216,3.029514,1.857426,2.233605,0.926016,1.229092
25.416073,17.348143,9.155021,28.050117,7.365656,3.833776
39.221134,25.319782,16.002668,53.877678,13.855824,49.679218
43.923843,25.822550,28.326077,103.549789,23.832794,47.329235
5.497242,4.205018,2.155781,4.840817,1.123319,4.108052
21.820971,14.566674,8.541400,23.316181,6.137217,4.702224
25.597374,17.596832,11.966008,45.993725,9.658813,23.460058
36.757866,20.329752,9.927160,64.150574,16.660267,24.367754
19.030752,13.641281,5.718541,19.412535,3.437961,12.816654
31.006556,21.029743,9.060735,36.325634,8.260231,19.912884
6.810278,4.899610,2.893420,7.619140,1.944775,3.585821
16.087387,11.444649,4.586366,27.281647,6.344066,7.612503
33.410877,22.704027,9.893089,30.193289,8.356061,9.109436
37.442875,19.609379,19.882326,57.164360,14.734478,23.588606
40.224377,19.639750,21.016666,67.011757,16.208679,24.335295
12.641714,8.762733,4.721821,1.372699,0.507994,2.493207
22.981384,15.691472,5.701949,19.331652,4.240765,10.973669
20.017300,13.745091,4.818590,29.009693,5.927891,12.780708
13.000004,9.138962,10.158255,6.837049,1.455216,28.743540
28.979752,19.748672,7.785331,26.969524,7.674161,52.019333
16.149073,11.321713,5.751930,18.805420,4.598608,16.457123
11.094542,7.791476,4.696500,10.715284,3.202905,3.267256
9.518209,6.694277,3.192518,19.921747,3.695899,4.525361
12.057175,8.204790,3.264897,13.767256,2.447002,4.770038
35.574459,23.696348,23.618343,77.824524,21.655701,66.210609
18.235489,13.234670,14.813234,31.037779,6.207289,20.494555
19.911341,13.451358,10.640060,46.626625,12.759650,48.875790
11.338392,8.235541,4.108924,11.837624,2.998835,2.306014
57.139378,28.564142,38.496307,97.965256,25.477840,102.936218
32.305054,21.208574,12.247150,45.951096,10.517513,27.413002
16.411299,11.185576,5.401324,14.655437,4.168191,4.814915
48.471725,30.748686,20.345055,93.945625,21.047514,51.376717
56.585461,26.248903,83.967422,282.449829,67.577171,289.010742
27.062632,18.629683,8.479087,30.327583,7.734714,29.439129
38.442917,26.349222,13.987796,34.079525,9.252441,37.908058
14.660533,10.672878,6.048532,11.636904,2.024965,2.872790
41.999256,25.724257,28.351973,102.805557,24.330366,88.814041
31.662836,19.405903,60.843224,188.950836,45.347500,118.766365
11.899598,8.206767,4.417817,12.286754,2.688638,4.642802
24.796635,14.381889,12.709171,46.560383,11.176154,28.596224
22.547144,14.463923,11.895612,48.223972,11.654369,24.966660
9.558795,6.814174,5.128712,11.475797,2.981646,8.286886
18.176291,12.306602,10.801012,45.299767,11.583956,13.835472
5.898666,4.440578,2.415424,9.720091,2.815393,1.954650
23.529009,16.299532,6.714620,20.023092,2.968659,4.714981
36.281414,23.733070,11.097316,45.604351,8.217516,33.205505
8.984979,6.586442,2.311655,18.815365,5.307662,17.997740
8.492064,6.162343,3.507979,14.607746,2.702972,5.686970
12.551688,9.392826,4.625586,12.269592,2.427548,9.504582
30.875883,21.173740,14.583804,42.057426,11.306329,42.811512
7.411207,5.233243,3.290159,15.704945,3.067796,7.500649
8.559788,6.330932,1.864372,14.362002,3.284580,3.270846
17.784376,10.324901,5.827305,18.721699,4.905568,5.953454
19.053255,10.721507,13.759477,57.433655,14.756253,12.988503
9.869400,7.003432,2.901177,9.126441,2.431254,28.001162
10.114070,5.819240,2.075271,14.380747,2.970502,13.225667
22.334154,15.003440,11.955708,51.773563,11.268043,45.528606
41.165279,27.017675,11.457790,23.848448,7.384117,4.553268
8.022757,5.915452,3.158430,14.536794,3.765869,10.002413
6.839264,5.245996,2.451760,10.312551,3.084446,8.199780
14.606072,10.289554,4.693045,17.562172,4.790983,6.536554
14.468882,10.172715,4.253453,28.585400,6.950331,5.998226
9.514787,6.866938,3.576637,9.351932,2.062866,2.291414
25.676979,17.334780,5.580421,26.050411,5.743921,9.600454
28.754002,20.146101,17.921165,65.218124,15.060351,20.865490
11.695237,8.718232,10.787885,38.740788,11.071208,29.260019
19.622746,13.706077,5.278304,7.155955,1.520037,5.730109
6.945104,4.969607,2.352486,10.088624,2.307310,2.290047
10.874935,7.665720,4.716966,40.086342,10.474277,19.173191
35.774376,24.617752,16.800802,68.630463,16.549261,81.470741
9.099467,6.341838,2.666130,14.902310,4.373121,3.258373
4.502144,3.641006,2.349360,6.514121,2.823895,1.139743
10.591970,7.694382,3.261600,21.058199,3.751981,5.419451
31.796873,21.726658,11.773108,34.853439,8.602084,24.738579
12.764945,9.556614,4.231187,14.622994,3.456331,7.486611
26.196127,18.150557,8.634768,21.789154,5.725906,4.420067
9.071304,6.257407,3.678647,15.790373,3.150193,2.396055
17.249966,12.501438,4.293893,16.502483,3.561618,3.252422
19.290676,13.594285,6.564311,22.646549,6.615914,25.404896
21.834114,14.876354,19.126551,66.377342,14.566430,24.086252
5.573065,3.933703,2.762856,12.608264,3.471107,2.424148
7.753088,5.671917,2.180840,10.525651,3.282886,2.875516
18.980886,13.325269,12.204153,16.765680,15.565570,959.055176
13.223749,9.579156,4.806555,23.325136,4.677202,7.592018
5.571704,4.398359,3.587838,12.618085,3.733534,11.777842
14.084857,9.591015,4.173401,20.182487,5.371753,3.112700
31.481106,19.192101,29.299597,125.889450,30.837618,64.538330
10.609255,7.417967,5.413443,16.502464,3.499643,4.770097
21.761948,15.269509,10.201074,32.851078,7.989435,30.383087
10.366527,7.098723,3.778937,13.230291,3.065323,11.794045
44.840626,25.465807,44.771168,108.195427,27.246933,129.583557
17.478619,12.284887,10.823054,26.892014,7.841092,9.907422
13.473950,9.827821,5.745667,29.964157,8.140033,4.766075
18.877518,12.975595,6.595735,22.825674,4.489362,1.927259
91.584244,49.598701,123.222069,362.375214,86.540688,301.685303
13.921636,10.000217,4.098252,13.337474,3.001328,5.865400
35.761200,24.201239,11.762837,43.817188,11.894648,9.891100
9.193375,6.312413,3.030529,18.424072,4.305779,5.868554
22.889189,16.185863,7.918755,16.757738,4.389567,8.601687
26.059153,16.041512,28.242113,104.942940,27.579794,100.243843
10.973519,7.437270,7.125669,38.349648,9.804057,13.848735
13.770698,9.769197,11.972652,29.477011,6.096694,15.558817
24.700016,16.653805,9.803989,43.449020,11.226354,44.564331
8.679234,6.583872,2.407997,8.290693,1.591473,3.419262
11.309732,8.444261,3.045649,35.729523,9.019501,6.418779
26.788219,17.902575,12.091128,45.808418,12.687393,16.196226
7.584898,5.433326,2.807927,7.238545,2.016469,8.742976
6.663218,5.047966,2.506063,7.113180,2.324311,2.317725
31.157595,21.699715,20.974058,59.330658,10.642143,28.596148
9.397207,6.495600,3.505352,23.280254,4.977874,4.736392
11.799485,8.398363,2.486131,15.525654,3.124265,5.877348
29.158155,20.279247,15.985584,70.907738,15.196442,14.990143
5.387503,4.114553,2.202681,13.357327,3.012695,15.943311
48.941635,26.729465,33.070904,117.484993,26.385853,51.706234
26.838070,16.985195,17.111549,57.068871,13.633151,40.643169
7.183571,5.463187,3.115342,8.465774,1.144340,4.819067
25.578844,17.815611,8.661505,24.953230,5.179012,5.897850
9.362484,6.460123,3.212579,7.965756,2.469542,3.360950
34.271473,22.867640,9.582475,26.633295,4.735493,20.182770
49.116249,26.083265,115.611748,328.688049,76.041862,219.405396
11.706835,8.327981,5.868532,17.261486,5.123045,13.684737
26.824738,16.994436,7.751564,21.107437,6.444038,32.677040
40.189842,25.112505,12.386401,44.909092,11.655259,42.397240
14.909527,9.985592,21.106926,56.703461,12.392771,23.505037
37.582043,26.115522,8.894328,39.592175,9.851217,15.092712
35.871937,22.186865,29.570229,118.149330,28.775949,171.678925
12.024629,8.763052,3.605370,14.396965,4.413789,8.109859
9.816413,6.514967,3.601475,6.866714,2.191869,15.494812
6.386726,3.831291,2.890322,14.518575,4.918348,6.016344
28.625742,18.060047,25.750135,98.103363,24.664154,57.106289
21.117380,14.618967,9.421627,19.997295,4.719138,34.382576
13.555537,9.958404,4.023644,13.304621,3.300310,7.562149
34.038681,23.105822,12.908756,41.732910,9.724031,39.239082
13.239493,9.784782,5.423863,21.328192,5.015515,6.946209
30.243446,20.939552,7.046280,48.378609,11.094367,39.411427
17.865816,12.095082,5.222574,31.993174,7.760052,22.949289
10.188056,7.473392,7.906500,26.271166,7.222220,4.876196
9.056025,6.789487,4.106783,21.004723,5.523541,1.905363
14.533445,9.796617,8.015237,47.864353,9.777416,38.351669
17.807796,12.535000,7.289359,34.788956,8.340914,6.679876
30.948168,20.030096,11.041760,24.569981,6.062648,6.216921
12.349146,9.263288,3.866491,21.301355,4.884103,14.034586
14.804234,10.440575,7.047632,15.625901,3.174508,15.721210
9.965211,7.378721,3.447053,17.626139,5.644622,10.988965
8.988468,6.375630,5.783144,14.874727,3.024080,2.496592
14.552411,10.166186,5.648043,20.118746,4.207201,10.550343
17.041561,11.775609,5.834031,21.172300,4.959316,22.355232
14.601702,10.465014,4.515670,21.209906,5.590054,18.039026
8.606335,6.127067,2.119991,27.637228,7.755698,21.045214
17.288237,12.398107,5.024643,17.002350,3.635346,9.298389
21.375736,14.814717,7.298496,19.350945,4.291734,11.884885
23.660280,15.148174,31.321585,80.507126,18.411570,97.241257
6.788725,4.974183,1.953694,11.031973,1.346111,0.583201
9.671798,6.999976,4.244581,10.358825,1.644208,11.278385
27.809828,19.112705,8.433262,37.893047,8.982311,8.862381
8.485391,6.256254,4.749069,0.812373,0.739609,9.864833
20.612762,14.549579,5.977217,18.795650,4.562500,3.759274
22.505108,15.773503,5.779170,24.102812,5.002307,35.218174
37.185738,24.531691,14.009343,40.727142,10.270405,9.284707
23.762581,16.096022,22.028458,51.783089,11.844851,45.795467
5.696992,4.133968,3.411462,11.311313,3.523622,8.642862
13.165682,9.880444,4.274693,14.628990,3.918409,7.755661
4.433354,3.583162,1.551965,7.681749,2.577672,4.706157
12.206599,9.016058,3.862113,25.455946,6.454025,3.839450
41.737961,27.749712,22.287420,75.023163,16.372911,33.312878
8.678327,6.574940,3.939488,27.060127,7.244263,2.608237
16.951832,11.184025,5.725348,15.914833,3.183475,18.733110
30.607758,20.565357,9.551758,38.340988,10.464876,8.821793
12.729211,9.187085,4.466733,14.671099,1.961196,3.040289
19.180212,13.274879,5.762561,23.390923,5.363906,5.696062
14.777525,10.966119,5.615492,5.143488,5.740400,599.932007
5.496907,3.927382,3.720055,7.779697,2.438776,4.789919
6.682931,4.138054,4.087648,16.593319,4.182329,2.206899
11.568703,8.339427,4.435410,13.413453,2.484626,4.694165
5.116464,3.545246,1.751354,3.789980,0.506584,0.880835
12.287189,8.680448,5.054352,15.008913,2.498409,9.008854
30.650635,20.755783,20.365282,63.305801,16.139868,75.432137
20.937769,14.828139,6.808177,19.327726,5.436977,15.921438
5.060037,3.749836,2.655045,8.289654,0.966767,2.107378
4.094545,3.208723,1.672150,9.371710,1.224375,11.706160
25.243849,14.535492,18.422550,69.147888,15.800636,38.692741
58.437599,35.730198,21.823963,83.974937,18.162046,15.446013
4.709828,3.196548,2.128662,-0.184869,0.558488,5.158823
18.671076,12.665649,5.225981,21.382639,4.742503,6.787193
21.490273,14.715705,9.617409,36.467049,10.814483,20.106234
27.859571,19.537371,18.307861,68.666733,15.723889,69.420601
19.053484,13.590299,5.037971,17.712591,3.564439,3.220590
24.263384,16.489147,12.365581,45.844101,9.783774,34.640339
7.333827,5.069330,5.167944,19.421816,5.169074,7.337050
34.614464,22.798410,14.378895,55.170692,15.311672,63.953667
21.228176,14.762206,10.284224,25.748688,6.641685,26.989368
65.088409,36.599064,33.390266,131.056580,32.701492,172.495987
7.735638,5.753845,2.721458,10.603806,3.145289,10.691713
11.776650,8.331973,2.876070,7.185289,2.202481,1.857911
37.529987,24.451092,40.633095,116.710777,29.164444,84.619080
17.863640,10.539422,11.276327,53.176662,11.772963,17.409708
13.344184,6.631342,9.903545,57.368511,10.905166,10.028217
24.727171,16.978119,9.170075,26.639856,4.265068,11.324756
19.320494,13.834775,5.449479,16.659250,3.984334,2.350541
11.788006,8.576780,4.987893,13.884302,4.203685,17.365696
18.141256,12.295924,8.577094,15.100685,4.238944,5.559739
43.356339,27.014875,33.200504,91.529640,20.798649,53.041798
16.810125,12.251018,3.740488,18.022905,4.950761,10.641923
8.435271,6.238226,2.708953,9.679468,1.826030,6.082609
76.602417,43.302330,54.339256,182.187119,43.470028,86.702591
65.868225,30.987778,23.060844,84.852928,21.358707,44.446560
10.018129,7.441184,7.185340,20.796158,6.256750,10.972455
7.579663,5.850279,2.614916,12.288723,3.579890,4.532602
36.479141,24.605383,8.648039,33.460743,7.342789,24.567406
10.820642,7.910475,10.917533,25.856209,7.203865,12.647378
9.445149,6.539330,3.137146,28.262531,5.704855,3.039419
13.080229,9.535789,4.807168,10.975594,2.772112,3.174888
22.712433,15.747061,5.302632,36.312977,7.696525,20.828398
42.878704,27.757689,18.733191,62.559628,13.520126,44.987782
10.384840,7.450727,6.147394,23.329466,5.737031,6.224873
11.549316,8.234078,3.808692,20.000113,5.398224,5.181161
33.944546,18.371883,9.924291,39.788368,8.503379,19.070974
5.689381,4.244368,1.896094,0.802724,0.193456,9.093683
20.176722,13.456634,13.494251,44.928993,9.082124,15.724282
15.425266,10.487834,4.911233,17.603708,4.107098,11.751770
5.760715,4.212913,2.620287,15.485267,3.358194,12.157799
30.375031,21.036459,14.767048,49.813992,12.414515,5.357805
14.623639,10.688944,4.187908,16.891294,2.340421,5.499842
13.036549,9.722854,3.743942,11.921663,2.558940,4.293962
30.728741,17.280565,74.021828,246.488022,66.101990,201.028076
30.419828,19.932549,18.833353,44.238045,10.658159,63.230263
9.673782,7.118523,7.782544,15.173338,4.353978,21.867680
7.344733,5.162422,2.894739,11.830318,3.432737,1.695460
43.587681,28.567131,22.639473,88.499153,19.800116,47.653034
12.356141,5.020846,3.945197,10.409358,3.668759,17.595402
18.345316,12.079628,13.400316,27.256298,8.194952,25.941149
22.867968,16.066017,7.644322,38.594669,8.726801,28.864384
12.686292,8.815167,8.062884,40.655205,11.980026,34.667053
12.905467,8.917028,3.741651,24.765936,6.073109,4.512028
18.492981,13.282119,5.737514,16.592037,5.548088,5.115078
11.867167,8.547276,5.579184,9.836711,2.030165,3.985666
33.726616,22.617485,10.488361,38.359631,9.203754,23.123194
21.856247,15.352180,7.413395,23.978336,4.463172,5.401524
14.562669,9.931770,8.087578,27.896275,7.439905,19.030941
22.320969,15.649827,7.817768,35.755142,10.801084,9.446433
4.763209,3.376613,4.225360,20.525515,5.363347,7.318161
15.189683,10.723042,5.514305,21.231840,4.752242,14.547882
6.498280,4.797173,2.532271,11.021900,2.088326,2.416733
34.389416,21.321762,20.383699,63.820831,16.670313,65.526108
12.498241,8.900326,4.686380,20.318455,2.998313,6.083145
16.719122,11.831979,5.899045,18.196932,5.114401,11.820069
19.443247,13.946300,7.036072,24.610863,5.912717,6.990551
17.209156,12.251377,4.277793,8.982182,1.290582,4.024471
15.029200,10.784368,5.438749,29.238350,6.052377,8.815794
27.831406,19.148134,9.134564,41.284157,10.212095,21.010777
6.011084,4.246165,2.233871,9.968178,2.882844,8.500720
10.936598,7.720991,8.583720,39.230362,9.164705,16.006495
24.994675,17.308680,9.313210,29.637753,8.227532,9.245921
16.007847,11.468798,5.710949,13.866838,4.847129,26.088634
7.506564,5.353986,3.212397,6.561498,2.775906,5.804003
23.504496,16.538939,6.275504,30.831078,8.229681,28.648575
3.987918,3.193433,3.385954,5.752232,0.629126,2.932465
9.652292,7.056853,6.676831,22.348572,6.059744,17.183517
17.450737,12.667808,5.980330,12.526643,3.181924,5.784791
8.073866,5.958838,5.181141,30.434872,7.249363,11.956991
4.149447,2.935591,2.014788,4.392292,-0.072546,5.596991
9.313019,6.438555,3.014440,15.692048,3.632923,0.763446
20.464460,15.154662,5.362112,15.811939,3.752571,9.762387
5.416165,4.095204,2.194415,7.986104,1.880017,1.579187
34.479973,22.794514,13.301419,43.773720,11.077745,11.310467
25.135250,17.131292,10.058695,29.129566,6.928699,7.090831
44.568913,27.013470,29.177071,106.108521,23.012360,15.625270
8.090602,5.828986,4.619024,13.735046,3.146569,6.419501
12.841166,9.117940,4.812019,15.303457,3.854913,4.425735
21.932816,14.515139,8.086523,28.770544,7.229749,36.902473
28.451321,19.526258,13.008631,33.719875,7.626931,21.471302
15.652541,11.321974,4.507703,10.812527,3.068388,4.825283
30.562679,21.311726,12.718793,44.556664,10.218409,38.709988
11.762095,8.471841,9.957465,113.327324,29.378872,55.289406
36.603199,23.670881,31.981335,127.744751,30.174477,47.308796
12.552413,9.327255,4.429190,14.107759,3.102483,3.290942
56.865376,36.213493,41.527950,130.169724,31.026129,79.989441
25.032993,17.617407,15.008937,52.655708,11.341324,49.132183
7.821535,5.829114,2.976556,11.771363,2.032969,1.560296
9.578991,6.843448,3.208879,7.349437,2.676919,12.830386
28.953531,19.519537,12.662092,39.456314,9.463437,41.550915
5.338182,4.046164,1.930534,15.146749,4.121299,10.366395
8.024292,5.754130,3.504135,12.654827,2.851638,4.414530
17.780699,12.119184,13.223954,72.416039,18.431866,33.181377
8.404877,5.992607,3.204082,11.768546,2.527580,4.723082
19.420631,13.885313,21.438786,63.430698,14.056544,70.212601
15.466070,10.719891,5.406495,18.529280,5.130638,9.969807
14.391949,10.445774,2.640847,8.218007,2.799296,93.318375
17.372658,12.635919,4.665108,14.463762,4.511505,3.497608
59.682354,36.980686,26.072117,85.763863,20.051113,84.510513
12.645857,8.964174,8.803767,20.271935,5.360699,4.035398
36.934128,21.790068,38.225262,118.032867,29.946632,53.945965
4.967563,3.541269,3.175700,9.266370,2.446768,7.760104
52.716133,31.553381,25.528740,71.902298,16.783373,25.971565
24.822069,15.122198,14.141011,53.028709,10.823833,9.555322
25.460873,17.170650,5.974513,27.140329,5.488795,4.630406
26.339798,15.548774,8.113618,30.948120,8.193450,7.958865
28.972681,18.645035,15.433930,44.993797,11.574403,14.125562
17.590254,11.994421,7.751966,12.134095,3.238427,4.414825
20.541019,14.351974,5.164446,36.583706,8.048309,5.372891
32.183449,22.475468,10.588555,41.672291,9.871209,6.559492
37.914906,24.583866,17.385714,70.281952,17.871914,51.237946
5.238027,4.108196,3.066497,14.264472,2.521483,6.056353
20.414627,14.205210,13.035233,51.400898,12.669373,14.060925
23.489580,16.547796,9.371778,22.223686,7.207334,18.481260
19.834879,13.105257,20.323797,77.796707,21.262518,28.848877
17.133610,12.511106,5.972638,18.687387,4.552390,26.650879
22.529243,11.636632,13.846600,35.952328,8.139057,12.545160
48.696098,27.544756,44.072052,150.332855,34.683617,44.246552
41.614079,26.894112,12.533441,33.993790,7.665938,18.514307
29.045736,18.515474,46.710171,137.303848,35.186192,102.267006
7.866210,5.879326,3.621830,17.151777,2.668561,3.208397
8.468790,6.406974,4.381659,13.893589,3.161528,6.244930
21.524553,14.988605,24.847462,58.871258,15.455506,75.030304
10.462717,7.845468,3.185169,11.204424,2.626137,15.444684
22.629827,15.610414,9.515172,17.202890,4.143796,3.356089
25.304642,17.491318,7.749587,26.990753,5.627678,15.569254
30.490314,19.615339,12.179428,45.023762,12.008403,23.744085
13.847155,10.389121,5.917398,31.819820,9.340463,12.013128
62.923573,39.982685,50.097874,199.404694,47.093876,85.606918
34.617519,22.972851,16.092047,48.739201,11.341909,31.422768
35.787296,22.543673,21.754089,58.214344,14.380269,49.288670
28.090273,17.712461,9.418492,37.294575,9.216846,8.762608
14.995522,10.694794,6.619900,14.607028,3.193124,8.897116
21.361895,14.528616,5.655661,16.434790,5.198814,5.312867
43.603512,26.507170,20.185789,88.335106,20.136362,72.840889
23.491631,9.802288,6.009756,23.231806,5.954188,14.075600
23.048309,10.417123,6.293723,29.534689,6.576568,9.319712
8.804419,6.765018,3.206573,14.710614,3.894477,30.964567
49.672134,25.505884,15.388049,42.183208,12.017323,69.481911
36.902229,15.480884,16.434807,70.556877,16.995274,76.250610
9.579057,6.841074,3.057394,16.959343,3.066190,10.866791
15.445206,11.138342,10.748942,9.278841,1.422650,33.241547
5.532466,3.835468,1.355613,9.708268,2.488241,4.905195
11.302526,8.404691,3.913594,11.127932,2.481684,2.245016
15.691853,11.467580,5.110224,16.951818,3.138669,12.662836
10.967263,7.759082,4.039690,12.556341,3.654791,1.321970
27.172056,18.500772,7.562710,40.149853,10.700869,31.490602
8.423259,6.200092,3.319740,22.395838,6.330050,6.755060
24.945866,17.038593,7.373956,23.914965,4.863514,19.943153
14.057795,9.816298,4.234239,15.108687,4.796901,18.719967
19.346542,13.506909,6.519066,23.833443,5.338668,7.770287
4.601653,3.242379,3.138560,11.239162,2.823687,1.103006
11.540964,8.164991,4.040916,3.729557,1.229374,12.735512
6.869989,4.850999,3.376531,12.181831,2.386737,3.252354
6.363006,5.019279,2.684150,17.486244,3.001031,8.404556
8.310367,5.675506,3.605518,14.829090,3.629055,11.159495
9.977078,6.628932,31.979107,89.862228,23.811222,58.511734
5.053216,4.078501,1.989034,5.709332,2.254443,6.921046
6.735783,4.604311,2.066002,6.725546,2.264332,8.393005
9.150381,6.844060,3.106556,7.883501,1.432193,1.375795
8.301047,5.812464,3.519100,11.207606,2.804009,6.663083
37.867069,23.169804,29.879000,120.965141,32.485565,47.016079
23.300440,15.974254,6.405334,23.928171,6.454516,22.315662
13.305679,9.684679,4.583006,15.672786,4.188265,17.217398
9.025677,6.361252,5.597271,19.586689,5.281790,15.392827
11.304612,7.523252,7.847233,36.893265,7.067633,14.610037
41.911671,27.118410,21.028311,106.880363,27.450241,47.230614
48.872257,19.344614,22.511589,61.546104,17.523544,122.912697
47.171513,19.034035,31.330030,106.672272,25.594400,136.181183
16.576679,11.819773,5.976429,10.474211,3.654022,7.371508
30.136497,19.421766,9.922763,52.391895,14.507486,41.920971
16.218342,11.523394,6.725581,34.624268,7.863323,16.943323
40.802784,26.032875,70.065071,230.579666,54.612324,146.167343
5.864154,4.071330,5.391441,13.894101,4.232708,6.158967
9.727747,7.060020,3.532343,19.104500,4.381924,5.439008
9.158457,6.342506,3.953353,12.556272,2.706727,0.999772
9.203385,6.734695,3.428837,6.125641,1.563477,7.045517
11.689575,8.341369,5.208618,19.159809,4.112619,30.164186
13.103973,9.415748,6.150580,18.572710,4.704586,7.679938
6.936558,4.866693,2.268765,11.812163,1.712802,3.421468
35.137371,23.591825,10.435758,35.696636,7.138720,6.399449
70.057449,40.771229,71.860535,338.866241,75.295677,91.309441
14.083070,10.187873,4.482537,22.819241,5.327850,3.123456
5.002199,3.477307,2.342183,8.404113,1.785236,4.977710
10.195570,7.333660,10.898935,28.760067,7.898170,38.739178
22.375648,15.266949,7.552436,17.952320,4.733916,13.715595
23.563410,16.232063,9.796955,32.289165,7.766655,13.352936
16.981226,11.958282,7.752769,20.495842,5.205822,9.416202
29.397568,19.914257,8.212970,31.200138,6.778635,35.141392
19.331018,14.000074,5.846218,16.641809,4.544661,6.480949
9.837698,7.452605,3.864893,13.795423,2.239540,6.457362
8.234810,5.709485,3.628027,18.070375,3.116625,10.031084
25.348326,17.654261,9.425474,37.752014,9.651274,51.850868
6.207737,4.693915,3.614672,11.721295,2.787644,3.666738
28.404419,14.517593,21.716888,30.925362,8.563637,46.692890
7.890409,5.503056,2.982064,5.657842,1.593291,1.881423
23.081156,15.802749,13.606788,38.392536,9.546268,15.568887
12.442976,9.209046,3.702144,10.305475,2.417249,11.824716
6.856204,5.201442,3.623343,21.514389,6.870461,7.937377
19.910103,12.191894,6.177846,13.510806,5.136207,12.302070
26.640499,17.045258,8.223533,33.807983,8.175028,9.584091
29.920877,19.725153,24.828997,75.320648,18.574154,31.746693
35.469360,24.410629,13.990808,36.735748,9.368086,34.600094
23.073229,15.777877,9.439773,38.735439,9.766407,28.655188
26.504656,18.250778,15.686408,41.158596,9.746661,14.193902
33.980011,20.119328,56.505955,196.130600,47.467056,156.140564
26.302675,15.833147,23.274910,66.635788,15.722798,31.074770
9.381795,6.818495,3.744101,16.480854,4.354633,6.048489
8.727282,5.781181,3.646708,11.218060,2.899302,5.764689
47.938892,30.041815,23.312880,81.032089,20.865805,120.578514
29.691614,19.719118,11.069662,29.863228,6.313721,16.524904
15.335262,10.498001,4.904564,21.115231,4.542717,3.520301
42.759300,26.139776,45.728287,113.398697,24.360516,70.131645
40.869812,27.118103,16.759356,47.624447,11.124230,34.466457
36.981243,24.039913,14.669355,50.407757,11.314762,38.341965
66.252281,33.136532,60.597115,199.397675,46.861919,124.124298
7.826060,4.003814,3.299835,14.325130,3.385608,1.560353
11.047832,7.582045,3.659723,14.640779,3.186149,4.742724
16.504469,11.410448,4.863675,20.096310,5.299121,8.190003
7.246293,5.202933,6.755236,26.271297,5.101156,10.564522
42.482880,18.232290,12.066730,32.538620,8.921697,25.437853
43.673191,25.446468,12.525898,65.764702,17.700644,12.475405
61.732815,37.684067,53.823296,156.666916,34.808151,125.993256
16.596050,12.183496,4.469584,18.525393,4.565540,17.553349
17.753204,12.349538,6.174449,19.214399,4.666588,19.260771
8.322341,6.287410,3.253540,8.702040,1.792363,2.490306
11.513485,8.467608,3.211561,22.804323,4.395886,10.471446
6.050442,4.393157,1.481376,8.373018,2.232246,2.580281
13.940246,9.766601,3.899929,11.225165,3.467470,10.087960
11.708692,8.023819,3.835639,27.256273,6.837055,12.563133
14.949824,10.443233,5.459724,17.051315,4.433022,12.637107
7.086117,5.050499,3.224134,13.537643,3.329643,3.543413
22.654308,15.610652,12.875915,46.707855,10.972181,12.067263
12.613424,8.688177,13.054499,27.579268,4.704208,8.594196
8.446725,5.744514,5.285173,17.931610,3.632521,2.365000
18.799868,13.101853,6.109547,16.136843,3.620263,4.897628
11.033815,7.916428,3.378234,10.515576,1.828827,8.404235
36.776459,25.461580,11.449557,8.261736,1.385099,14.452693
10.106401,7.384689,3.421634,9.261229,2.226783,2.143067
13.695999,9.742512,10.730593,28.582821,8.559011,7.159057
10.110415,7.593226,5.170430,20.324278,4.262789,7.596622
29.175261,20.515200,11.445343,40.109653,9.036041,9.712817
6.797301,5.072222,3.422381,7.682681,1.875213,2.308744
22.551497,15.585457,8.385758,45.571342,11.409107,15.356627
16.172859,11.884701,4.099136,14.835454,2.914452,5.214180
12.909935,8.989360,4.381172,13.442861,2.654307,5.645597
18.794127,13.110168,5.002436,19.782154,5.337694,6.336790
16.958017,11.956694,20.704212,55.913982,11.754580,18.458717
31.417976,20.934156,16.626183,65.962112,19.536945,36.501968
22.032032,14.970359,7.713821,22.325230,6.339320,15.086329
9.008690,6.355827,6.292048,22.633009,5.611720,7.290864
10.272293,7.219818,3.909038,20.591211,3.378044,15.302055
11.927567,8.576255,4.297463,6.489723,1.491568,3.298226
12.470600,9.135067,3.961490,13.609319,4.104344,13.756799
18.954887,13.586234,3.544823,30.300261,7.666465,32.485218
8.701339,5.980470,3.246917,16.085680,2.535322,4.049031
15.065995,9.991074,10.617729,31.859316,7.698723,20.173670
18.278013,13.237371,8.595874,21.478018,5.849740,7.558735
19.284601,13.592624,6.093020,10.974990,2.570009,6.745388
33.058495,21.512362,15.176985,50.820465,9.982650,27.117840
13.373485,9.083947,9.153625,33.259579,7.459047,24.705971
13.593358,9.868681,4.356265,19.849884,4.966641,6.612756
24.496103,16.399654,14.538701,45.325153,10.969609,44.523090
19.160872,13.097541,5.503415,30.197702,6.448491,12.159671
34.068119,21.871042,24.304708,89.509178,21.177916,29.744261
32.176262,21.504166,17.838352,53.291451,12.618959,17.030455
4.400908,3.062459,1.777371,8.644767,2.156073,2.236429
12.342369,9.002790,4.226157,10.187116,2.300347,6.154449
20.843172,14.707361,5.370514,20.401096,5.590924,16.831953
28.140545,19.075064,11.685244,38.085808,10.136271,7.851609
39.016834,23.901188,16.082119,91.406944,21.195473,41.503731
20.159660,14.216686,6.981171,16.034039,4.104558,22.267071
19.017368,12.937979,14.458028,61.042648,15.530492,46.350914
5.886551,4.243402,2.276750,9.687511,4.023615,3.231491
5.503422,3.801460,3.078234,9.719705,2.270449,2.659534
18.361311,12.542768,4.110816,25.768969,4.755846,10.378201
5.916015,4.155297,2.895946,11.659710,3.630574,9.504659
18.143480,12.642354,4.000379,25.385880,4.891635,6.724521
9.939654,5.196681,3.827979,7.050274,1.804216,6.908943
9.499313,5.285246,4.890965,15.885908,4.414091,5.378562
7.246427,5.332818,2.290322,3.603233,1.715978,4.225237
21.313280,13.920181,8.094815,24.270498,7.183292,34.370148
13.245966,9.025954,3.379577,13.494158,4.029201,15.043832
39.010086,25.776384,17.004124,34.901772,9.575983,22.890232
26.975962,18.605806,7.715243,17.268314,3.658037,4.587341
42.459610,27.864792,29.175751,88.322563,20.484329,48.735996
34.601772,24.057915,13.192232,59.914158,14.254392,10.544545
6.907212,5.116323,19.129454,40.185856,10.247083,7.755462
28.653374,20.184639,23.894190,23.787558,5.048071,83.901878
8.032729,5.934900,6.085596,25.894608,5.034961,10.203375
22.178534,14.379496,36.998901,129.928940,31.284664,122.324043
15.554926,11.110008,5.297006,22.628288,5.352983,4.984271
11.001367,8.077083,3.779988,12.804601,1.880683,11.915409
34.950397,23.433138,10.590781,32.688648,6.655212,10.544273
17.861143,12.291221,4.573304,27.465322,6.544019,9.693739
14.647261,10.382488,5.305304,19.633848,4.553300,2.309929
6.735007,5.030191,2.790115,10.015980,2.608476,9.503991
4.563598,3.538993,2.092450,11.941642,3.427116,4.012498
18.268520,12.504617,5.317066,31.322319,8.297890,18.619135
14.894814,10.450655,4.740790,21.002466,4.307034,13.890639
13.157187,9.436986,3.869756,13.708801,3.792403,3.118271
24.052101,16.257446,6.417114,17.359001,5.648196,7.240986
43.796780,25.870695,52.601151,152.849228,36.311275,145.175369
52.507504,35.641567,17.239361,60.344841,17.268162,36.970604
41.517822,27.361044,13.146988,44.122406,9.788109,13.577756
98.741806,46.743057,46.948788,149.585983,35.731899,131.246857
19.657866,12.582989,26.440140,100.143761,24.985926,42.162792
14.935137,10.908590,3.790392,15.711565,2.791231,10.343055
12.858056,8.684703,4.066571,19.874622,4.829303,10.432541
20.862982,14.151194,9.614870,28.682444,7.386807,20.260731
34.131718,22.947308,10.622998,31.798721,7.016250,27.374117
7.905601,5.394826,2.892416,11.077714,3.687352,5.472010
18.811213,12.755381,5.893797,18.996225,5.086341,3.850492
18.665918,13.224769,5.169196,19.590702,3.543554,11.061723
14.061415,9.600977,9.389002,26.931667,5.866739,20.487745
42.826538,26.121256,20.168150,59.442020,14.370218,28.871082
13.082524,8.982818,6.694312,14.267598,2.808649,11.806914
11.471447,5.927687,3.204864,12.410865,3.533003,15.152004
16.134552,10.777376,5.036292,19.609747,4.817118,11.598609
28.563786,19.302536,28.989483,116.080032,27.754829,99.315033
22.210184,15.101201,7.144594,33.678570,7.871817,9.160911
59.336277,32.745682,37.183060,105.582840,26.665466,89.402458
39.553486,23.180725,31.012945,114.213837,26.325891,42.496380
15.062449,10.277564,3.526834,21.431715,5.350520,3.163562
13.453501,9.736014,5.565836,18.987103,4.433815,16.127514
21.116312,9.127887,5.581384,34.157234,11.795697,55.982487
19.507284,9.058607,5.567219,43.253044,13.039250,52.489773
40.951027,24.383369,21.409494,43.686569,12.173987,290.025116
44.701019,28.161608,18.778713,51.631847,12.717749,36.664028
51.201561,22.600641,30.921284,49.228577,12.528214,29.837824
7.246407,5.345643,6.870339,14.628775,4.100965,18.186346
35.562752,15.744740,14.864347,36.751350,10.315496,20.115734
31.060188,12.376503,13.575077,49.464912,11.511134,17.100914
25.019316,17.544825,6.152120,28.916290,7.055259,5.014326
15.277396,10.363389,4.561823,18.168999,4.815918,11.137882
16.843555,12.045379,3.274764,24.284916,6.096243,14.140096
20.106634,13.996662,6.799985,25.906662,5.854981,19.439255
21.773615,10.868871,7.160792,28.340605,4.547523,7.694946
44.413353,28.561277,19.610205,60.058926,13.862466,29.115036
44.549625,28.145407,36.211235,95.629211,22.261860,64.976364
8.845146,4.873901,4.717950,19.219027,3.952386,12.972061
33.281563,22.491238,9.679952,42.396450,8.513784,17.727453
9.798749,7.372720,5.091401,15.646886,3.279968,7.783166
23.266895,15.884828,24.519575,61.247463,13.743325,29.157927
28.422243,19.236931,10.804582,22.041780,4.074077,7.071168
19.421614,13.609750,6.256884,34.402824,6.159867,2.571757
26.768887,18.281891,11.261349,33.434662,8.311089,32.711670
14.099626,10.004366,14.264742,52.549324,11.800755,19.778603
7.275684,5.565269,2.624373,11.643352,3.317556,7.656681
18.613413,12.737958,5.759028,17.117455,4.267464,2.890533
9.734266,6.857974,2.959636,12.054692,2.469341,14.879160
28.132278,19.202410,8.107562,32.591442,10.099487,7.193812
19.273874,13.142830,5.952770,20.744476,5.138349,1.326271
32.746464,21.915209,12.433059,25.090158,6.088702,11.973158
8.441785,6.360299,6.184999,31.867899,7.243216,18.896996
9.315917,6.462653,3.269153,15.406415,2.739676,2.542931
20.798857,14.927919,5.429375,23.992001,5.723114,7.420737
20.032738,12.951804,6.076938,22.485842,4.040874,10.144713
28.226265,19.424774,10.641584,48.650089,10.772576,12.031590
15.816964,11.248230,8.153867,19.682096,5.677639,4.854983
21.739435,15.011861,7.033838,22.592283,4.907297,9.763691
15.155608,11.084090,4.626020,13.911762,4.801559,18.313526
6.515997,4.460592,3.859571,3.056948,-0.015664,3.358312
33.867455,22.466646,7.860929,35.757668,8.979350,38.265911
20.992540,14.127880,6.860298,16.074787,3.788370,13.602978
21.339045,14.478941,6.445987,27.322235,5.048052,8.344012
9.981664,7.169694,1.408632,10.176484,2.006786,2.690085
25.163031,17.362782,10.293169,35.136623,8.303956,29.775217
33.102345,20.566523,33.706673,86.681023,20.800793,51.778385
20.126894,13.701684,4.294258,28.832176,7.143875,10.267610
32.625721,21.270067,10.819374,45.981209,10.313500,14.069820
9.375272,6.434840,4.838699,14.723792,3.143202,11.577127
11.630368,8.227080,4.404845,11.202281,3.251613,6.997495
47.195175,28.384974,29.865583,105.066658,23.890583,57.273766
16.797131,11.624334,5.015679,17.154211,4.740717,14.174478
33.372440,22.313293,8.883005,40.855366,9.608585,10.924882
10.225570,7.811126,3.221092,20.199038,3.724726,6.311001
9.238308,6.681782,3.128265,13.519853,3.355047,8.308856
20.691139,14.086053,6.558340,27.114799,6.389575,8.344021
15.932734,11.587367,5.229436,23.308998,4.828401,5.236608
10.067351,3.970366,7.476540,20.860394,6.003617,10.053161
10.118354,3.969249,7.504901,22.772064,6.254393,9.151768
12.065431,8.536876,2.548143,22.175613,4.916210,11.754105
5.763469,4.316998,3.966808,11.491299,2.226269,4.107132
13.014249,9.485068,3.766998,10.281084,1.686875,4.029347
24.927437,16.843973,18.669519,41.083195,10.585661,9.640491
16.285034,10.969128,4.931377,23.151602,6.321399,24.853844
13.816855,9.298596,4.509027,19.616749,5.472806,15.870026
48.503353,27.867899,67.551117,182.529373,45.578125,113.244278
10.588312,7.609601,3.380063,17.305944,5.171344,9.619038
9.608538,7.208071,3.509378,11.354542,2.654614,5.752116
17.166206,12.193461,5.172377,10.516586,3.361168,12.473833
8.650957,5.920864,3.230172,15.245581,4.273930,6.092642
60.649158,33.763187,46.604553,80.141098,15.898947,21.737358
14.628392,9.976318,3.304451,19.252455,5.626941,6.868518
9.938184,7.345479,3.479757,11.843073,3.886644,1.941817
10.690306,7.404502,4.507716,2.396395,0.791334,10.397352
7.325899,5.288059,1.665712,7.995365,1.461010,-0.434649
28.529200,18.688656,31.819027,108.352890,25.600912,55.516045
12.382010,7.555232,8.499736,47.572712,8.465843,11.012098
21.897812,15.054523,10.511815,37.632702,10.726174,48.060375
5.723302,3.817596,2.399648,5.038218,1.729650,2.555935
27.502195,18.472111,9.586930,32.386730,8.392879,30.967827
14.648198,9.874751,5.307234,16.500278,3.798286,14.246598
16.563671,11.723637,8.169170,27.112591,6.356774,4.858609
8.449010,6.334324,3.929171,7.193316,1.849563,4.168119
30.520510,21.050171,7.294129,31.852367,7.597565,11.501540
8.240552,6.019565,7.108308,36.079006,9.325908,7.830037
28.972195,19.698778,17.550770,55.228867,12.703554,26.584538
10.684751,7.951563,3.844020,13.665355,2.497366,2.301186
15.863385,11.534496,5.726342,19.045406,4.627857,2.680353
28.311571,19.374636,10.227182,63.077457,12.141859,20.866133
42.788082,28.109388,19.019394,65.109093,15.170312,20.388275
16.939833,11.998236,6.788202,28.555870,5.688592,6.054341
23.166317,15.815766,27.101051,98.092537,21.822069,88.727852
16.845428,11.554561,4.953529,18.991611,3.718035,1.444602
9.965991,7.246896,3.740498,10.091733,2.643031,11.483042
8.759872,6.350891,6.237562,20.221670,5.163699,14.805588
23.820112,15.184001,13.118989,61.450718,16.352634,65.117668
26.599941,17.564589,11.818090,51.685040,11.894213,20.088610
17.223221,11.535934,6.122201,39.770638,9.669368,10.917903
10.723042,7.349552,4.109195,28.891836,5.716459,11.099714
18.501051,13.306241,4.616241,28.542551,6.060910,35.287907
18.715151,13.172383,6.281324,29.330929,6.128911,9.861888
17.179014,11.952228,9.424837,42.816647,10.225144,25.023796
26.427492,17.969790,8.897687,32.308598,7.664241,12.279289
18.393541,12.446129,3.360879,17.222025,4.155858,6.571780
45.630848,28.551691,12.739030,44.298145,10.916940,22.030472
15.596713,6.699878,6.069302,24.347097,4.079947,4.839346
6.036103,4.244913,2.801009,8.543859,1.832910,7.562630
47.663658,27.714014,70.361778,216.716370,49.529442,73.958931
17.878790,12.618600,4.872152,21.729761,5.624136,5.742581
13.029812,9.368503,10.147462,21.518763,3.944725,4.068938
29.233889,19.415146,12.467471,35.271877,8.808037,26.166370
8.317683,5.911964,13.567993,10.210674,2.165657,13.698473
17.417507,12.164580,3.346931,22.173485,6.124776,10.678838
11.576960,8.411742,10.736294,52.371689,12.913342,11.717899
23.094713,15.457905,8.028695,17.807215,4.415637,10.954679
5.681617,3.834965,3.108681,8.351039,3.005905,6.391096
7.678437,5.520586,2.935978,10.312819,2.669419,0.779812
27.345354,18.240522,11.948494,28.711021,7.855206,9.685927
8.148894,5.865960,2.554285,10.063274,1.805236,-0.010411
11.434103,8.159164,5.120234,15.874716,3.838487,1.523619
14.211169,9.671082,3.900697,18.205309,5.392949,2.568378
14.354209,10.209570,4.352868,17.799648,3.848866,2.657704
30.734430,19.374172,37.353390,142.399658,33.588669,29.698425
36.459240,24.028496,14.360964,48.791229,11.256521,11.684949
17.099054,11.822755,5.523073,16.486731,4.165229,13.945840
16.247301,11.402769,5.745026,16.211653,4.600744,7.528134
14.323337,9.965119,5.908755,22.553354,5.143090,19.775007
20.934336,14.039534,13.040277,45.229084,10.656208,55.968895
8.991398,6.599533,2.101794,12.723002,2.892664,2.690857
12.777954,9.043708,6.286235,19.256147,4.288098,9.413471
12.102926,8.750271,3.897233,12.841957,3.008422,3.082255
28.353987,19.540684,12.446659,46.834446,10.036951,4.787364
14.868073,11.071011,4.880777,16.146276,3.413106,17.221687
61.009525,34.522141,65.730301,215.433563,50.703022,103.654938
32.332851,22.231693,13.773682,40.169647,9.272907,12.278074
8.016031,6.072774,2.779166,13.486131,3.282290,3.330462
16.363464,11.677752,4.979630,5.834734,1.968394,6.167799
34.661419,22.201260,23.988491,73.241661,18.247101,65.237679
22.230600,15.638668,6.619095,54.959656,16.370516,22.235361
5.551469,4.074534,2.521440,7.639031,2.212558,3.348482
29.023191,20.439598,7.299984,32.673225,5.759985,13.958375
26.939838,18.814312,10.338827,31.100571,6.511479,16.909468
21.349957,13.011501,6.352686,25.819391,5.980400,14.464339
37.223278,24.880699,16.221521,32.579811,7.937471,22.083431
15.434924,10.722902,7.581333,25.457073,5.560024,18.097519
11.762477,8.271237,4.006933,14.213523,3.070078,8.174236
32.673161,22.365053,9.505346,32.625706,7.057639,16.669956
71.417000,38.426281,94.684334,312.104950,72.350739,200.821045
18.548601,13.173848,4.159714,18.376966,5.504609,30.891106
14.949701,10.892544,3.416987,15.236465,3.469808,1.808540
23.261936,16.018900,7.875741,10.431461,2.093428,6.714278
7.026835,4.613097,2.700991,10.450484,3.373230,5.362305
13.159310,9.198080,3.473475,16.605717,5.700417,21.262304
8.682911,6.513878,2.996473,11.001833,3.950315,5.364159
14.753768,10.485558,5.387101,20.767418,4.928325,19.729122
9.306222,6.250604,16.305361,47.814030,12.149430,27.507866
94.744217,50.417782,100.186554,272.027435,62.672146,204.355072
13.780712,9.454821,5.117136,19.167301,4.475828,3.893060
46.613209,29.600941,32.480537,138.178253,31.950876,31.014021
33.248035,20.970779,15.549352,64.066940,14.241784,42.186707
14.974949,10.849396,4.774817,16.433052,3.711795,19.843504
14.148298,10.155461,5.127601,23.619755,5.477112,7.111376
33.203781,22.517984,14.667109,59.452530,13.357426,24.289171
23.675060,16.251587,7.868868,21.469162,5.210556,14.236017
11.018511,7.744094,4.141899,16.515289,3.622756,2.174583
5.046860,3.766824,6.203249,11.503285,3.153122,8.332677
11.643130,8.072915,3.298355,14.212108,5.128677,7.465678
5.718045,4.230591,2.606110,19.076597,4.797037,13.575775
27.623375,19.017012,8.514497,28.621243,6.652442,14.997452
18.721441,12.647169,6.893178,18.059011,4.928900,6.336501
33.752369,22.695171,8.766364,24.158724,5.756446,37.632099
18.705357,13.548514,4.860980,20.492773,5.235617,4.499573
10.431187,7.439323,5.677900,19.244846,5.619792,3.447324
5.997148,4.337727,6.795280,3.722142,1.312846,42.768147
12.977873,8.758196,3.419402,14.198323,3.032123,2.758182
40.810326,23.543610,15.213612,38.929562,10.368339,26.273172
41.040344,25.025995,18.646578,72.848358,17.756277,50.370190
9.280549,7.013239,2.284479,10.572424,2.047634,2.230547
27.339613,19.284922,14.844786,51.387615,12.140900,12.608706
19.248352,13.416385,9.803176,25.495508,6.656796,20.568094
35.058643,22.527576,25.189808,104.889435,25.870481,83.193832
12.119928,8.664602,3.400173,15.778502,3.849777,5.135540
7.845013,5.597254,5.031620,20.021666,4.986567,16.919464
11.990289,8.898246,3.412038,15.294572,4.102857,5.931512
31.689823,21.717434,9.916206,36.458202,9.381779,9.252515
14.261315,10.149982,3.599900,18.085369,4.148647,8.867578
24.344460,16.924063,6.690029,15.113996,4.279362,8.429384
17.178305,9.405476,5.876836,19.145741,4.988123,7.594531
10.349859,3.852587,4.488048,22.970085,4.513447,7.741577
7.166167,5.321200,3.979103,14.770526,2.556035,4.260487
13.243794,9.171737,3.907158,11.302602,2.639481,12.510798
27.744257,19.072104,10.488326,29.414160,5.848224,3.746468
29.809664,20.136148,28.950937,140.058960,35.059532,51.186043
26.677664,18.334953,6.130661,40.066833,7.327579,4.548419
31.865160,21.244511,25.661423,80.388115,19.704994,89.292343
17.087152,12.028830,5.004800,27.524982,7.742521,6.422143
11.119573,7.791151,3.750106,19.796108,4.195067,31.200006
14.988241,10.726151,5.705597,12.370424,3.333749,7.959517
19.447369,13.877733,9.344419,18.567177,4.218587,56.193867
12.718096,9.331489,3.022403,7.532949,2.861922,10.029152
14.105028,10.101282,3.328028,21.384521,5.471684,4.129031
14.324015,10.134295,3.957489,17.853048,2.716134,4.576510
5.213217,3.814587,2.211955,7.353870,2.123653,9.657689
16.532694,12.012943,7.843642,25.681850,6.081934,15.005909
9.513882,6.995319,3.593097,15.165912,4.579498,8.311350
11.665637,8.464711,3.795666,11.030320,3.691285,2.377528
33.244267,16.247046,16.373377,53.343441,14.376522,34.659592
33.578503,16.183029,16.733961,58.109680,15.210605,34.143417
10.249440,7.383279,2.975316,8.044742,2.670456,1.919216
16.281269,11.409663,22.295761,53.791832,12.393330,36.157043
5.219993,3.860644,1.986658,6.763175,2.731144,0.615546
13.219053,9.308024,3.816215,14.107127,4.297556,5.782063
20.083525,10.848807,10.809791,44.543041,11.486215,28.933971
16.231234,8.191458,6.980180,33.438030,7.491555,12.491564
27.401672,18.811039,6.456030,17.471958,4.567745,7.389122
7.684976,5.670837,3.150797,8.568425,3.334948,10.795536
9.731869,7.442479,4.357207,4.474250,1.432977,5.164439
31.774424,22.547941,7.915063,33.999947,8.395564,7.083713
29.794292,20.560869,8.545785,25.907291,5.796482,6.749037
5.074224,3.935417,1.904222,11.681714,2.231538,3.499848
8.556067,6.176958,3.354623,9.604369,2.724040,2.668382
10.390611,7.348384,3.166053,6.910684,1.886257,1.888650
7.912110,5.936636,3.387356,13.768381,2.214379,14.419251
33.159191,13.735640,15.021876,72.086807,16.972351,21.169092
29.187063,11.421851,14.286258,77.233002,17.810152,19.046728
8.020332,5.587485,4.899904,19.608656,4.912352,17.079250
14.765958,10.410817,5.604967,13.059234,3.008389,3.077562
40.381477,22.891056,50.783535,183.656723,43.483177,74.947914
8.507476,5.919292,4.454510,8.920555,2.135365,3.033301
6.574367,4.617095,3.961511,8.749224,2.617913,1.509291
50.499283,31.986565,16.878424,65.812515,14.225023,11.722967
8.934517,6.190346,3.195830,7.948331,1.955975,6.282528
5.994410,4.334360,2.217876,7.623847,2.701929,7.419163
6.717706,5.313928,2.727141,9.127646,2.494160,4.316267
9.004540,6.332488,3.282596,14.172425,4.073382,0.732854
6.995837,5.144501,1.854746,24.856371,5.323749,12.508230
15.518543,10.799657,8.076820,43.411327,10.749058,23.947508
9.278826,6.630981,1.897833,12.370101,3.662570,4.829945
12.293666,9.084075,3.865670,25.952433,6.526804,3.324214
6.148312,4.726668,2.773763,-1.907975,0.256773,3.605361
40.408184,26.057863,90.383858,267.961975,61.505726,104.616699
23.056591,16.136209,8.133967,20.827242,5.894779,5.334664
16.931400,11.395173,26.732092,77.050552,16.151320,33.913723
14.456067,9.735296,5.829881,21.884869,4.922311,18.921392
20.307312,14.238412,10.351452,27.774515,7.694775,14.527304
6.207192,4.249398,3.150163,14.957159,2.987556,5.029908
37.139431,24.953072,12.048117,38.404461,8.438279,12.928153
17.995600,12.338396,4.837294,10.885325,3.585129,7.864484
20.103436,14.312513,6.489706,21.425013,5.524510,6.768283
18.120687,12.201376,7.191973,11.731140,2.156961,5.379765
6.403776,4.643846,3.569073,11.907737,3.218929,4.010071
20.314293,14.161463,7.696102,22.914835,6.101997,15.384556
25.383678,17.023737,16.764042,23.173050,23.678881,1920.382202
36.697899,24.982767,25.055164,63.015930,14.789390,54.524326
22.412535,15.349991,7.178192,19.936134,4.633181,8.789199
15.822397,10.973114,7.813345,26.473097,6.216611,7.483194
20.630320,14.384745,7.561258,22.248175,5.287472,6.022142
15.689404,10.988066,2.206378,24.470444,5.659172,3.090158
5.534967,3.924847,1.106866,21.297314,5.563079,16.604891
25.196087,17.529814,9.931514,43.887917,11.698286,4.374362
6.867352,5.008801,1.475002,7.001377,1.569164,2.237742
10.609781,7.583088,3.862940,15.338577,3.340855,4.068650
9.199490,6.559973,2.876093,14.142302,2.874706,6.777934
5.725195,4.077229,2.341950,5.418663,2.114008,1.354847
18.379885,13.027966,2.610332,34.142975,8.082505,6.727390
30.147390,20.088707,12.052875,42.655533,10.335756,17.373222
36.260990,16.461721,12.130431,30.446171,6.980345,23.284330
47.045036,29.966413,14.500478,53.768566,13.520055,17.178671
21.380363,15.048017,11.879622,11.969466,1.767853,14.952256
14.079810,9.858594,3.916820,21.114143,5.302093,3.384273
10.008868,7.061249,4.369435,10.026791,3.099472,4.651821
14.432027,10.095940,4.654502,16.632059,3.213498,7.901383
8.725468,6.066453,2.473394,8.281810,2.456803,7.591688
8.604765,6.143857,6.327783,6.381588,1.106815,16.650299
4.680927,3.287698,3.498191,14.191502,3.570551,10.310816
39.041313,22.977324,37.599705,199.969833,45.351231,50.302151
4.219372,3.287765,4.637624,13.054942,3.964049,2.659722
12.603038,8.949565,4.113804,18.871450,5.294111,10.041139
31.732618,21.816891,12.546486,52.820248,14.224709,26.488289
52.519886,31.967300,52.204971,194.434830,48.500702,32.282539
27.210114,18.517511,6.745547,23.450460,6.834964,28.913889
6.412515,4.491040,3.090957,5.069236,2.066876,4.982490
13.187375,9.324790,3.126100,13.428798,3.857598,7.439033
28.222319,19.503496,9.454570,50.780544,11.462283,13.227950
11.096347,7.855546,5.744537,17.704477,5.331242,4.121635
5.084816,3.691010,2.765880,6.385036,2.487993,1.395842
9.251297,6.556381,2.321310,12.416495,2.627829,5.857576
31.467564,20.798901,8.266195,30.238852,8.535818,9.695471
28.915726,19.879324,11.865685,46.405727,10.433398,31.527481
49.043045,30.317003,18.683445,85.509460,20.444967,82.696373
13.383256,9.074347,14.413453,57.535873,13.866014,27.620047
8.127476,5.780192,3.733039,11.300617,3.863101,12.911343
19.292093,13.139823,5.315405,18.953415,4.328948,26.195816
12.035608,8.729136,4.265432,16.470221,4.639789,9.252018
34.241787,22.468805,17.278456,69.725098,15.755186,31.425074
7.759542,5.668632,2.557433,8.505784,2.848778,0.054365
10.404716,7.409646,5.792022,10.217781,2.323352,1.508024
12.668235,8.692407,5.813519,14.618570,3.502218,9.916634
13.076594,9.070292,20.925735,70.410431,18.530338,30.104504
7.268475,5.495668,2.698684,9.105545,3.433489,3.049595
6.790357,4.628381,3.100847,12.166113,3.216284,6.357126
8.200810,5.639671,2.663941,10.534782,2.001994,1.992628
21.535116,14.408915,6.671876,22.686522,4.208057,5.194198
8.581267,6.530344,3.208624,9.688026,3.622103,6.549037
31.907280,21.249125,10.233325,26.691576,5.936821,26.872763
24.820045,16.276630,21.439688,92.925400,23.353710,78.832779
7.803569,5.722906,6.324241,21.945936,6.994225,8.569945
34.040352,21.878340,11.986236,37.556412,9.032749,24.362286
26.404053,17.901661,7.775113,18.406672,3.627918,6.324275
17.689604,12.417317,4.275403,20.694521,4.086565,5.025786
28.855556,19.365332,16.159939,56.653717,13.010520,30.696079
6.301666,4.478539,1.312303,24.293344,6.838464,20.441805
8.534100,6.268782,3.368518,10.100029,1.486416,7.450900
13.274227,9.232747,3.730988,12.695402,3.375588,2.179532
25.471596,17.651968,7.649303,31.017633,7.566866,10.802353
7.199138,4.939807,3.004144,9.888218,1.636711,10.284061
12.019311,8.658693,6.997037,37.604965,8.667865,13.841522
11.629242,7.955690,3.167607,13.592717,3.612356,2.826488
23.700287,16.341005,18.324913,48.008812,10.695704,17.211954
16.131161,11.531214,5.656792,18.392311,4.874628,18.763792
27.391827,18.373201,10.273778,43.672161,9.198829,38.739285
19.985186,13.747284,15.026614,27.516172,6.676079,9.334256
14.353104,5.960435,7.929933,12.173236,2.673292,5.151500
13.539120,6.177845,8.579458,26.357042,4.822340,4.389346
24.407578,16.884844,23.839081,84.063904,20.531961,21.579704
13.478103,9.613870,9.827968,23.594009,5.704771,6.325014
18.789013,13.421803,7.498696,24.195120,6.848069,10.696091
9.520714,6.931044,4.637620,17.085733,3.448447,3.551679
19.913458,13.421861,25.044525,69.319214,18.333260,51.066963
26.181208,18.047714,7.806052,26.079256,7.489717,15.241936
14.676630,10.620192,5.059500,7.974550,1.973366,3.688050
7.727374,5.637350,2.840863,9.577654,1.858216,3.925789
25.814381,18.137558,14.399926,57.432640,13.336382,65.201874
5.267540,4.203012,2.386003,9.760845,0.980230,1.441287
21.261326,14.554109,11.900601,48.323387,12.201655,13.998684
13.993752,9.910303,8.727693,23.847002,6.425078,10.612315
18.191427,12.813477,5.969692,19.061607,5.515775,8.076719
20.023504,14.232979,6.745327,36.990116,9.095606,9.339714
20.721148,14.121603,7.115678,30.152624,7.080459,6.989740
20.038206,13.562393,6.552276,23.367403,6.542074,23.264345
9.208198,6.846676,6.538332,18.587105,4.279038,8.194170
6.165871,4.488077,2.158987,11.480891,1.598911,5.911251
12.220822,8.173345,5.321175,19.360283,3.648046,9.405155
10.161568,6.687881,3.477685,18.793377,3.580170,4.318419
7.435208,5.218044,5.948969,19.302664,4.269166,8.873757
20.039690,13.493407,6.538854,23.811781,4.126224,20.320827
76.262169,34.429405,122.794685,309.381012,71.145416,316.995850
13.859127,10.085008,3.866587,19.748365,3.855528,9.175996
10.321560,7.466662,3.562939,19.835817,5.181079,10.152900
32.665359,21.051796,17.639179,99.571281,25.518545,61.926548
6.207387,4.448743,3.641568,6.950598,2.131011,2.904703
9.531466,6.844626,4.633245,9.368598,1.780898,13.280010
15.889259,11.017172,5.357826,20.222706,4.534358,10.335974
17.320578,12.763935,5.108298,13.383776,2.601519,13.228003
26.375484,18.226843,7.534811,25.141518,4.231802,7.076900
8.740769,6.307665,3.545323,12.546036,2.441759,5.129123
19.321085,13.232633,5.623208,20.528622,5.407765,3.862604
9.814750,6.606423,4.275608,10.262479,2.425781,5.599638
24.408155,16.688227,10.016716,22.168386,6.503249,6.725820
5.305981,3.859331,2.710927,13.218316,2.989427,0.458186
31.602081,21.841608,10.148646,30.498001,7.420443,35.140388
18.354052,12.615586,5.349049,22.493740,5.312799,8.019720
16.864613,11.746909,6.634048,24.754896,5.131981,8.342540
10.499790,7.258008,3.627710,11.771526,3.940512,25.218742
10.903557,7.527559,2.450110,15.470262,5.351547,3.596054
14.024637,9.777249,3.670355,15.025350,3.629289,14.720573
41.398071,24.987150,15.780369,61.297661,14.554343,31.478823
11.911753,8.073811,4.443497,14.115514,3.056819,10.528682
35.499081,23.716284,28.978537,88.243423,23.873306,117.289001
10.730398,7.726356,3.347492,13.953450,2.479863,4.716067
13.766963,10.137820,6.202419,28.455135,6.642269,5.895699
58.705273,35.687233,47.847557,163.039505,38.689148,58.137699
30.009663,19.310049,20.792444,84.832336,21.745691,23.840548
35.306099,24.265944,8.649731,28.276987,8.514881,14.532130
10.891041,7.949019,6.041748,12.167362,2.728230,6.264548
8.658507,6.227557,3.460230,13.156444,2.320162,2.724744
24.743313,16.524729,9.787095,32.702957,7.468915,14.326056
101.715446,58.049435,45.591717,153.172943,38.109669,163.467499
13.090436,9.024813,4.568973,14.995811,3.175644,12.216696
10.596618,7.525090,3.970447,17.739647,4.154603,17.030382
5.055632,3.816465,2.760762,10.810837,2.406587,7.319731
18.901884,13.149527,12.607290,26.923359,5.707080,7.886837
12.151251,8.730519,3.660420,17.965843,3.992484,6.678746
37.220814,24.412010,13.960778,82.685501,20.061289,19.233274
7.787126,5.213940,3.797776,17.111021,4.097352,5.207865
10.568771,7.695668,4.017219,13.009446,4.653484,2.222363
10.789113,7.508628,19.413929,33.468029,7.897819,43.872631
6.042610,4.489574,1.447899,8.155331,1.806282,2.429071
11.624073,8.141980,1.896783,25.329281,4.951005,3.625171
4.818285,3.284414,2.285845,15.433499,2.442646,9.678498
34.864353,22.347214,19.718243,78.317528,17.684092,65.526489
7.357819,5.440423,2.634307,11.603341,2.836556,7.969198
27.491243,18.968529,7.298370,27.621769,7.529262,7.116576
6.452112,4.390789,3.949374,13.483753,3.798136,9.517632
43.923241,28.100523,14.102009,34.791626,4.925310,6.734418
24.308910,14.658523,6.892771,22.985683,5.204330,12.682365
20.552750,12.484398,4.448282,29.763807,6.569120,25.568462
6.334790,4.448393,2.914827,12.236767,2.614964,5.365747
27.525415,19.227707,12.145218,54.665813,12.544399,28.709986
15.907662,10.994988,4.803787,15.982732,3.694131,24.634207
20.375328,14.452616,10.816687,30.850365,7.684208,33.751625
12.565039,9.419538,4.403731,12.452520,3.630038,7.787233
25.253929,17.347540,10.403537,29.521906,6.418851,27.398035
7.900558,5.643858,3.257000,19.422918,3.521345,9.451530
30.640181,19.113815,32.101875,119.902992,31.533770,149.422012
25.029514,17.669115,9.475739,32.485287,7.706257,12.704864
19.961678,14.225326,4.777491,21.823868,3.868490,5.081010
9.390271,6.458357,2.689977,24.486013,5.331603,4.161329
26.570398,18.563568,8.951766,42.065792,10.726198,31.360172
5.785916,3.980995,3.598240,13.064073,3.360400,3.732978
16.910442,11.348256,27.577679,84.494514,23.476545,78.779709
51.971039,30.665125,46.583874,184.787491,43.203152,82.639275
35.494724,23.830050,26.000942,93.349831,23.873066,180.757248
25.698763,18.162529,8.921252,30.059259,7.822563,16.937162
11.170426,8.198611,3.708565,15.663313,3.094795,8.598743
5.419152,3.812689,3.315877,12.182117,2.561937,1.895562
7.183418,5.408938,3.087928,9.107768,1.811077,2.584492
15.348978,11.117553,9.531801,73.653801,19.155956,17.338312
7.289819,5.340521,3.831407,13.620071,3.098839,8.814178
18.666227,13.409853,12.788014,21.234365,5.237153,10.466779
4.707742,3.460853,2.667850,8.504793,3.166156,2.386847
11.971296,8.609981,7.772636,11.577538,2.729156,5.093496
7.573982,5.646255,4.913561,2.348080,0.082785,4.566590
11.372931,8.599880,9.273461,9.682963,2.057313,5.560867
5.817528,3.980531,3.188711,2.834437,-0.448194,2.279235
14.759292,10.781842,4.465569,24.063942,7.260123,19.536757
13.987985,10.162567,9.426476,47.697987,11.884640,21.790909
11.299371,8.093880,2.236467,13.973295,3.544004,7.123505
9.253735,6.592906,2.785983,12.120783,1.752350,1.847869
22.046032,8.535589,8.345345,13.707076,4.326559,9.411534
33.560963,20.135284,13.858182,42.487774,9.707445,9.133161
5.813519,4.346854,3.353832,1.148839,0.529296,4.754447
32.012360,21.045765,20.723692,55.276817,14.146489,57.821541
9.960109,7.077376,3.473593,11.266195,3.044254,2.413112
42.434135,20.446735,17.459927,56.975590,14.631095,17.458771
38.078915,26.218361,16.953766,72.980316,15.552599,18.945417
10.863754,7.790674,3.428717,10.306868,3.344443,3.482618
28.108553,19.685396,11.480334,43.245132,9.090032,4.983796
20.712730,13.965872,6.470620,20.700052,5.621949,14.433770
11.248324,7.128539,7.777174,45.567932,11.644799,6.846872
17.116617,11.235879,6.763490,27.721502,7.841959,12.061982
24.020945,16.540380,10.529746,25.402597,5.709872,11.885221
45.243820,28.231241,26.884062,105.301254,26.739626,13.596798
12.755423,8.675112,3.531581,16.459454,5.173597,8.674895
50.231358,28.542904,42.668884,121.401260,30.041286,137.597137
14.588040,10.725977,5.776467,18.275150,4.563162,5.738855
14.961828,10.565026,6.274820,21.920914,6.208378,50.007465
6.201191,4.433663,3.411036,13.186375,2.885815,2.500644
4.340180,2.934947,2.221023,8.119038,3.003618,5.643807
24.517696,17.118097,6.348486,34.140301,10.234017,11.521734
19.988836,13.938470,5.934856,24.966454,6.035978,16.464832
15.601027,11.191499,5.389750,17.776489,4.085111,20.076536
9.739899,6.707489,3.855005,18.128916,3.450672,3.289343
20.659134,13.966549,13.130193,71.513847,17.129408,18.955305
49.554905,29.310505,30.992088,76.967926,18.410807,49.838898
31.233122,20.851822,7.972404,37.286049,8.513359,11.235726
23.804684,17.236889,7.662547,28.724524,9.292533,13.521763
17.205482,11.780974,4.898643,20.946444,5.918448,17.894506
33.536610,19.294462,13.510807,53.994003,12.995197,36.787907
24.611862,16.404423,11.595839,57.139481,12.887560,21.083582
4.870648,3.494628,1.668777,17.320196,6.032676,4.685392
4.981529,3.799359,2.235137,8.813319,2.699050,2.054777
28.283848,18.621298,9.877195,30.434589,5.274599,6.524338
40.138885,25.504799,12.540061,50.422741,10.612543,9.016979
23.263340,15.940528,4.968645,22.093658,6.083161,10.806359
14.371214,10.027573,12.073144,39.127075,8.258018,16.000463
6.333929,4.576817,2.164147,7.695459,1.692678,10.500494
16.445057,11.509400,6.713664,28.235470,7.401627,19.979349
44.702450,28.022385,24.244118,107.711365,23.544556,43.430832
19.028538,12.513191,13.900216,50.937794,11.917929,14.549781
9.308108,6.650408,2.190648,9.150595,2.464477,14.365691
15.914671,11.231500,6.010437,21.423761,5.317328,25.447506
6.943491,5.047285,2.642301,5.855245,0.866832,8.006110
28.794012,19.616308,11.624016,44.495674,10.558899,11.659340
6.188165,4.721772,3.117569,12.424409,3.862549,15.989693
9.831855,7.236889,6.033579,39.986969,8.231148,4.635840
7.234346,5.426516,1.268291,12.316772,1.996851,3.224653
31.929173,21.505014,8.209142,44.399281,8.015398,38.850094
10.699477,8.018012,3.367555,13.310410,3.636758,2.181997
14.727409,10.311215,9.710848,28.580698,8.662631,35.434231
30.247444,20.556530,8.915406,25.975138,6.701438,19.712914
4.566976,3.222255,2.203234,12.144577,1.648542,10.922327
27.529799,18.418207,23.447632,48.401836,10.881880,47.511379
29.776583,20.057249,9.830276,26.638855,6.098616,5.799079
8.014236,5.745340,2.785434,9.362884,2.003706,2.968548
16.220175,11.470241,3.582869,14.539592,2.971538,6.552375
15.278733,10.854095,4.561435,12.886891,2.011986,3.087523
21.665251,14.521632,6.510555,19.591581,4.308306,5.685680
24.308775,16.273752,8.619862,18.254402,4.192163,10.288868
11.396569,7.827620,5.337143,17.570993,4.235950,6.328138
13.002066,9.095515,4.178253,12.598137,3.389571,9.211377
6.892558,4.835417,2.579450,3.580343,0.446545,1.239267
5.994237,4.470080,1.841264,9.727648,2.070301,2.223873
19.438639,13.841930,8.633722,31.516142,6.708400,18.982471
6.051159,4.206814,2.244912,9.752800,2.347884,3.789216
16.627855,12.292090,4.762597,16.576038,3.797707,4.251006
9.153856,6.431769,2.899778,10.922804,2.643439,3.199880
14.062322,10.160612,5.506875,15.660597,3.160939,2.802762
69.047897,39.552322,71.071785,240.503235,60.290558,154.408218
7.555374,5.723024,2.119689,14.984568,2.138548,1.121363
44.381359,27.804873,15.403068,38.711617,8.382855,8.891682
9.502921,7.105844,2.926230,13.928023,3.152799,4.902186
28.703630,19.404055,9.534126,29.397560,6.899549,20.905403
11.961679,8.293230,4.017848,11.194427,3.416291,6.426239
10.574739,7.846524,3.356010,11.935824,2.647739,9.572820
41.468140,27.616764,12.422680,8.733493,18.798223,1822.490479
13.093099,9.717423,6.240565,27.260113,5.844292,3.132914
21.084190,14.712027,5.697051,27.084076,6.332950,10.119729
76.301384,40.507622,30.114462,122.440987,31.445929,61.864075
7.127416,5.368899,1.905603,6.937110,1.885626,3.604068
13.027514,9.436836,3.218109,28.147230,4.726055,2.615757
12.891033,9.015593,3.815967,12.668849,2.556184,14.488520
14.421483,10.303089,8.987678,24.058702,6.291996,4.450894
22.525179,15.630583,14.441056,49.695412,12.559672,34.242565
20.034891,12.421737,7.146459,22.210588,5.228496,12.011957
20.966824,14.547768,7.498042,17.677004,3.629046,5.051662
17.344805,12.376769,6.974627,23.811777,5.161571,3.881746
20.882542,14.743214,6.149679,30.631140,8.136240,23.013189
9.094395,6.714935,3.068085,11.313042,2.495206,2.087280
15.582525,10.260453,5.436922,21.359770,4.348135,4.940625
15.577161,10.620877,4.599577,18.736568,5.097499,16.288160
9.960192,6.771359,2.171238,11.228634,2.907980,8.475518
8.823659,6.490890,2.879955,10.651121,2.297832,16.739733
7.036947,4.914996,2.709409,15.453794,1.539934,4.990196
22.084671,14.946887,9.368854,39.496597,8.554978,16.063951
38.869701,26.598881,15.838945,39.308128,10.793962,24.522537
15.243932,10.522150,3.766734,24.570309,6.609672,26.708750
83.780579,49.842995,84.201447,296.510040,71.041222,146.283615
19.974808,13.929376,5.787084,20.995510,4.643434,6.556211
27.304596,17.317947,31.813774,90.217209,21.029802,60.724651
45.952427,24.967447,84.009506,279.342712,62.252205,193.442841
34.281258,22.316242,15.442095,89.459702,18.416723,110.363800
38.750874,23.801182,26.028183,86.333694,19.072729,31.509914
20.177570,13.760630,8.127465,23.142002,5.028093,14.072207
23.606632,16.773008,7.375816,31.039515,7.608447,21.168318
11.849923,8.649501,4.231580,15.084792,3.531490,5.728695
10.698664,7.180784,5.559617,10.881215,2.500751,9.388973
16.343479,11.218818,9.775116,67.213310,18.150970,141.991653
17.854231,12.459981,11.679133,30.508814,8.169782,25.198427
35.589054,24.034895,14.906837,32.910473,6.732982,11.454762
28.932709,19.894899,9.569143,37.197693,8.804736,20.704771
9.494461,6.664994,4.337682,14.185736,2.992398,2.147351
11.828107,8.089759,5.469675,11.802597,2.388307,6.807814
12.032986,8.123186,2.546411,21.780657,4.453224,5.027359
5.861382,4.226214,2.603818,11.885192,2.505035,15.447607
18.392714,12.579045,6.381728,25.898254,5.572767,3.908859
18.083038,12.523751,10.316675,29.369911,6.981659,26.742470
13.026625,9.283586,4.181477,15.210180,3.485280,8.666518
30.384737,21.040543,15.398409,51.895134,13.033664,16.509140
12.893593,8.632123,5.738431,33.997105,7.134171,20.556002
17.039333,11.021772,20.110868,62.033726,13.059052,51.686733
25.655161,17.478069,5.304036,30.564779,6.127073,8.934788
53.150192,31.767540,17.978476,72.675232,17.557741,34.221020
6.445695,4.727773,2.591367,6.961906,1.810088,5.884625
14.053108,9.861175,3.697345,9.173042,2.210965,1.942583
27.896378,18.799124,14.570457,46.940002,10.301815,20.506014
7.205525,4.970335,2.765458,12.916051,3.256597,10.202719
13.445195,9.661610,2.929365,14.480065,2.424895,0.723461
13.525941,7.936828,8.032630,53.192936,12.457957,12.320395
8.534658,6.092103,3.065061,7.061290,2.182533,3.899759
8.444807,6.035058,2.920779,10.993917,3.713629,16.996710
6.308780,4.679686,2.304188,10.179816,2.000736,3.351542
26.300713,18.002073,6.569156,26.639545,5.495820,15.043644
7.682655,5.706141,4.760673,22.060116,5.049793,11.056964
23.285694,15.490055,10.082770,27.957779,7.383445,6.701322
7.902734,5.679190,13.319661,49.044220,13.267461,21.349710
7.746289,5.479785,1.919929,13.385243,3.071504,15.827492
8.489701,6.299555,2.805984,11.685021,1.753835,3.932298
8.487355,6.311728,4.325447,11.925795,2.903779,2.824900
10.546975,7.621265,3.586905,25.997551,6.675127,3.844765
6.421557,4.720430,3.198238,8.322379,2.144808,2.980208
19.625750,14.245840,9.438010,26.385649,7.064081,19.236080
10.168729,5.830208,3.685812,8.911420,1.454043,3.046009
8.611392,3.905233,2.673871,12.956921,2.404647,3.229455
17.461632,11.778234,7.421065,21.442486,4.748379,10.172335
17.833599,12.676922,5.319336,30.381519,6.967772,18.302877
22.124544,15.670037,6.979550,36.644783,9.453508,8.367605
18.811117,13.236266,8.063392,27.022810,5.995502,7.456248
13.646075,9.493420,24.547745,96.453117,25.174330,147.489120
15.567839,10.858774,11.092262,43.315659,10.894000,22.972073
7.849389,5.729795,3.379946,17.003399,3.452750,3.174101
21.856583,14.989078,5.321394,31.368822,6.238522,22.666693
7.812602,5.829408,3.018802,10.441281,1.666713,5.642379
33.141460,21.663435,14.455034,52.405415,12.869303,17.165113
26.989540,17.893707,8.691286,20.867666,4.432871,5.489812
24.027857,16.272528,9.909573,20.149729,4.799816,3.173194
22.282389,15.510657,6.140799,30.808863,8.009313,23.329695
53.098370,20.918875,19.704365,78.178452,17.245081,13.619034
52.264904,21.049341,20.246193,82.175186,17.877066,12.700974
11.061927,8.127824,4.339794,12.700363,3.965551,13.184581
7.703864,5.414276,3.567372,11.260472,2.243633,3.221061
34.605751,22.005095,17.530272,55.802925,12.536996,71.906723
23.332247,16.115408,21.075050,57.666828,14.008643,55.220665
14.012483,9.620747,4.246859,28.987797,6.605601,2.626638
6.971158,4.811486,4.062903,13.266345,3.289688,3.269354
16.146868,11.512206,5.672581,15.075171,4.185288,3.743941
19.240118,12.846702,7.145490,22.270016,6.703794,19.654369
46.926155,26.940895,32.167885,123.707916,27.270267,43.978405
35.878483,23.862106,16.060951,38.360085,9.489720,20.745054
10.376159,7.458386,4.267567,24.955957,6.146548,11.480200
14.039539,9.546125,4.518908,17.155447,5.646151,6.221764
19.209366,13.631998,5.875305,22.979609,7.007378,40.357742
6.234425,4.311361,3.574237,9.936515,3.688544,3.244633
28.413246,19.173555,7.675322,36.709408,8.655635,39.280293
24.781555,16.738934,9.049818,24.008129,4.839583,26.322105
14.350891,10.364781,7.687823,27.609699,7.294256,16.255539
22.417253,14.753065,16.460917,57.916840,13.876437,31.227442
10.613473,7.546569,7.658281,23.034313,6.813022,19.685244
12.806643,8.549570,3.794312,24.326645,6.522565,6.869648
43.875778,27.292555,48.273888,177.210587,45.118515,165.050964
8.296396,6.028177,2.744991,7.642906,1.591691,7.080492
16.556974,12.030902,5.481559,13.893822,3.754691,12.468994
6.042146,4.333861,2.580807,8.859549,2.912105,1.977011
5.328860,3.916405,2.524438,7.568240,2.766765,4.477083
16.096664,10.714861,17.746479,58.042950,15.601647,48.785473
9.872602,7.060372,3.475577,6.701030,1.645545,4.787601
20.303268,13.545262,20.652697,56.545887,14.102950,37.474262
10.824380,7.247680,3.353922,10.022643,2.641895,4.051517
15.067556,10.133067,6.314880,24.656961,5.369548,16.394554
26.945959,17.811098,8.942947,34.059753,6.247388,27.042397
26.105049,18.095621,16.088438,73.844528,18.513683,53.463703
11.444668,8.672898,3.274718,15.896551,3.851155,2.265909
18.226181,13.372828,6.892370,21.384512,3.641023,2.262168
24.794451,15.811315,17.127239,61.354244,15.610807,60.530941
9.913024,7.304737,3.388162,19.753817,4.752339,24.068441
19.314175,13.250798,6.805493,24.298660,6.325233,4.481388
12.973462,8.915033,5.390511,15.741600,4.220367,4.665197
8.293134,5.849077,4.764062,18.178583,4.647771,11.137451
15.764874,11.041482,6.003821,27.864580,6.628891,8.076313
15.570865,10.362457,21.725307,88.158577,23.356058,45.171143
36.935772,23.665098,30.170940,82.266022,18.245480,55.769226
15.856524,9.910754,23.896147,90.744080,20.951603,41.056973
14.980736,10.679315,12.201691,40.784153,8.650836,11.367870
19.600458,13.011485,19.012632,41.607525,9.439085,18.142933
4.853708,3.909425,5.700268,19.074190,4.621039,3.736804
27.007940,18.572916,14.360723,63.424603,13.388533,17.353018
7.338526,5.320467,3.034991,11.372519,3.233536,11.813571
18.747002,13.249105,6.241754,28.718006,6.132559,2.916199
15.430438,10.595898,17.987625,70.797150,16.661806,10.548470
11.440492,7.874079,4.170646,11.732366,3.234851,11.166735
6.348247,4.717504,2.841964,6.232200,1.915729,2.890895
33.267445,21.998449,14.401184,113.809624,25.115381,13.778471
8.982400,6.327346,3.015512,15.738214,5.012389,6.459599
13.305721,9.756939,3.585293,14.325317,3.578049,1.110250
8.112121,5.944024,4.239594,25.449286,6.805160,6.061992
6.245520,4.491770,4.070673,4.840311,1.418419,11.095940
18.135967,11.985207,5.293074,24.336906,6.156888,27.482061
29.839073,19.709053,8.958498,38.415409,7.887488,16.136875
32.521538,13.893448,11.964820,46.910282,11.291992,25.923176
30.387262,13.911942,12.160131,53.385323,12.108772,23.314705
75.027184,39.990047,85.336105,290.203125,70.076057,198.917389
6.285679,4.248466,2.948407,9.908680,1.716940,3.452804
21.363529,14.691263,11.436382,64.720093,15.021210,10.842592
10.954433,7.717830,3.816899,9.088283,3.032104,4.046501
17.377954,12.178061,18.530621,50.292019,14.249308,33.730034
8.288055,5.565344,3.320167,8.413744,2.658838,6.012243
7.494307,5.358693,2.491977,7.516569,1.440308,2.893957
24.992643,17.939863,8.488761,34.983421,9.030771,16.217096
10.502842,6.367021,4.034229,6.277630,1.730559,1.739673
8.185765,4.028306,3.622595,18.717096,5.227854,1.277933
21.679678,14.848873,8.058275,35.808525,8.236655,20.527346
28.573540,19.458277,8.480350,33.488228,8.746394,4.148789
40.488167,26.286631,21.875242,63.349842,14.363784,72.666504
7.203625,5.194648,3.369114,9.553438,3.256786,9.179831
30.601440,20.893806,8.202020,32.896515,7.681989,17.129185
12.112050,8.009842,5.470726,31.152924,7.537993,12.886979
76.932228,40.391968,30.959471,134.895050,31.083061,51.710667
21.076593,14.860641,7.218627,26.669315,6.311831,25.880072
8.496605,6.083381,5.092299,26.890373,6.860465,30.273598
17.880503,11.903653,5.777864,18.219103,5.694170,5.685384
15.323016,10.962735,4.993966,19.913631,5.944417,9.671082
22.488792,15.856776,3.863971,20.477909,3.600159,7.673903
9.397030,6.664359,2.971819,11.453264,2.910597,3.911525
11.349694,8.073654,4.321263,10.337132,3.275411,5.442243
23.617079,13.892904,8.438347,20.201431,5.413361,34.110584
34.694424,21.095083,12.599132,46.995857,9.742403,40.842926
20.101500,14.031096,7.069592,13.194462,3.261523,8.482199
26.758955,14.894001,8.078749,31.013008,8.519236,10.088926
10.553905,7.467940,10.441532,53.581818,13.853023,12.667530
16.799870,11.776162,6.168264,18.904127,4.979824,5.628297
21.361788,14.642915,8.830347,35.333981,9.336445,22.191771
13.343719,9.267080,3.805142,18.209581,4.924522,3.757431
7.462118,5.138857,2.831586,8.775785,2.860997,1.660493
25.882309,18.527246,10.289775,37.519691,9.979125,15.875429
10.556183,7.331886,3.696365,16.073490,3.830379,11.467759
17.388700,11.803878,16.181063,39.495705,9.934483,34.336414
40.141682,25.527472,52.116856,199.044006,54.223560,191.467026
20.352779,14.303211,5.463090,25.866375,6.617452,18.559341
13.199268,9.670534,4.510278,18.446255,3.027890,12.984707
8.117766,6.100893,3.634722,4.339392,-0.018143,6.080027
16.917559,11.932655,4.894423,8.053720,1.928787,4.165732
14.159150,9.730542,4.347552,13.371872,3.343661,8.527610
27.163692,18.454071,16.691715,47.923321,10.805437,52.172989
9.137795,6.563854,3.236649,12.152456,3.391799,17.565023
22.095787,15.815154,6.128083,17.523733,4.189185,5.756962
11.124607,8.256752,4.011223,18.239763,5.156293,3.525054
8.354853,6.109975,3.700932,12.416191,3.065899,18.390371
16.742905,11.667158,10.460122,36.362110,9.363496,15.310018
13.710074,10.079783,6.623621,14.715769,3.860116,17.860958
61.228195,22.477459,27.268871,71.532433,18.225140,84.348366
55.706345,27.171429,32.914894,130.342758,28.337339,90.325806
11.327545,7.680441,3.781933,24.928642,5.820083,13.565595
16.414825,11.429741,5.323545,19.633747,4.204247,13.380649
7.488222,5.160034,3.662641,2.637950,0.942130,11.176345
27.917259,18.827646,22.260654,77.933876,19.868193,63.753880
27.497934,18.469030,10.703356,40.822716,8.992743,30.620703
15.123699,10.836834,3.841210,14.533429,3.778788,5.227330
5.924683,4.096448,1.939902,9.063370,2.484074,1.267837
27.806301,19.026720,11.903447,36.551640,10.489370,49.119991
6.451093,4.480291,5.033248,15.075664,3.796830,5.688591
23.627028,16.225855,7.255016,17.785522,5.012843,5.422531
8.288067,6.195898,3.128541,3.146995,0.454027,5.957777
14.154017,10.423059,3.439858,2.024797,1.272118,5.157064
33.600517,22.670156,9.682454,27.088400,7.322878,8.591722
14.792491,10.068186,11.831844,42.793736,10.071103,15.251143
40.088963,25.408304,18.339849,63.415199,13.579938,42.370770
8.172626,6.021467,7.328714,15.147056,3.925554,4.160398
9.903562,7.163276,4.330624,23.471901,3.875578,13.285326
8.412246,6.100529,2.513272,8.455697,3.248088,15.319708
11.315168,7.740563,4.648378,19.128717,4.673687,4.256630
51.862423,32.866417,16.684286,15.879493,16.874424,1373.584717
10.631024,7.555530,5.011281,1.483631,0.117653,8.632190
5.933516,4.249456,2.220999,11.006161,3.025722,6.874254
20.363337,13.993772,10.796752,30.982040,8.018204,21.593077
17.717407,12.463454,11.374217,31.396370,8.997906,7.924870
35.220898,23.307709,9.467076,45.162960,9.529055,19.528284
15.798230,10.715223,7.108079,18.722542,5.058665,6.985396
26.367094,17.940872,25.634365,96.959152,22.479338,24.465450
12.373070,8.779896,8.957534,12.097162,3.168729,7.190257
18.044882,12.737151,8.031074,20.869658,4.730813,7.929411
19.458420,13.335233,6.510959,19.239704,3.650573,4.454928
10.326034,7.342286,1.638317,9.915986,2.401227,9.707381
16.874498,12.066798,5.620666,18.579046,4.439972,11.124855
20.846968,14.195742,8.333678,29.346973,5.775857,26.705921
39.101616,20.030905,14.703920,65.044495,14.336271,29.570127
43.527409,28.168270,28.814392,140.543762,33.752686,148.311584
50.739746,31.860617,41.001839,151.963867,37.638363,59.247253
20.104771,13.604774,9.646204,57.222061,14.319689,4.368671
31.734083,19.139332,32.962231,127.888504,30.077415,59.045799
16.813477,11.307631,11.600492,29.875969,6.993079,9.666788
29.940102,20.312742,8.961384,18.441179,4.305990,8.929231
7.387008,5.373829,3.061945,7.218025,2.789146,9.900095
35.088459,24.024872,11.898281,44.775509,8.715490,21.805304
8.972002,6.628610,3.607817,24.427776,6.324100,4.390151
15.389183,10.810964,6.023067,14.598304,3.958572,8.800280
10.845646,7.945774,3.981066,7.874225,2.650303,10.798693
17.837025,12.631106,11.151888,30.926708,7.727297,60.561371
40.991280,24.731541,20.862221,79.643768,18.977011,59.031269
4.547994,3.411550,1.666177,5.826373,2.096592,2.235082
5.597012,4.159099,1.402005,12.449820,2.534995,12.038951
5.826262,4.141787,2.613328,2.374124,0.297105,0.032866
28.535591,18.989775,17.753914,40.450779,10.220475,54.488655
11.461162,8.253565,4.266451,14.724750,3.034316,1.518316
6.848481,5.118067,3.154222,14.328467,2.489678,9.095370
12.032769,8.670733,4.072923,27.170414,7.475308,16.775249
14.950152,10.689974,5.493702,15.096568,3.956383,6.020814
22.886047,15.910892,5.095553,24.159489,5.173940,9.409328
8.777918,6.180054,2.355410,9.840228,2.105051,8.278422
30.799339,20.916641,16.950991,83.205750,17.476271,22.608887
31.658243,21.609474,8.430664,37.438744,7.050364,23.280245
14.516112,10.116628,6.555971,12.518607,3.502366,3.309520
40.347496,23.201181,16.176954,49.312569,11.691398,23.376507
21.518293,8.278068,8.473827,40.664730,8.007694,7.076312
10.229703,6.978305,3.746861,7.184497,2.669937,6.332916
6.101111,4.212628,2.806515,5.618526,1.991538,2.080127
28.770210,18.202854,23.358679,88.666374,25.557926,71.773613
29.199690,19.965546,12.314245,50.790592,11.768256,43.183891
27.164347,18.604156,10.553374,36.980534,9.842195,7.048559
9.525939,7.251832,3.102209,11.735361,2.939342,8.271522
14.518797,10.453364,6.117113,9.656562,2.513166,4.590772
7.808460,5.918764,2.918024,9.802257,2.753664,14.761441
11.027735,8.117267,3.360414,10.144147,3.622209,2.825437
25.294764,12.742438,7.198257,26.236629,6.711991,8.806613
21.115791,12.068038,8.983734,25.538664,5.236876,5.738677
18.462744,13.500019,6.259547,34.690285,8.680226,2.540571
15.249295,11.107131,4.467094,15.770576,2.335097,7.935016
16.555256,11.785093,3.856167,11.347524,2.142084,3.159173
4.181115,2.963408,1.521579,7.958396,1.575736,7.063611
9.722126,7.012047,3.126697,10.638385,2.539165,1.033752
12.290935,6.647134,6.308432,12.325850,2.785815,7.314522
16.590351,11.037409,8.168486,24.923550,6.374369,7.628540
18.051466,12.587407,9.650871,14.172319,4.377929,19.305677
17.184549,12.305134,9.471744,45.826244,9.937223,6.017477
5.326704,3.608232,2.239016,2.828534,0.126702,3.270902
10.216094,7.514195,4.832873,13.575341,3.419470,2.709304
31.255339,22.092764,14.882589,89.999847,21.699497,48.476009
7.812392,5.554697,2.332823,7.654840,2.917590,3.660227
21.016491,14.231793,14.033689,46.159950,11.138319,28.085199
23.469578,16.861885,6.649954,10.203585,10.118055,795.910522
20.872952,14.924033,12.125367,37.691765,7.620451,24.191690
16.822937,11.740535,5.963818,15.686363,4.322604,8.223289
35.488758,21.188723,11.023744,43.434746,9.745421,28.096254
6.957378,4.957024,2.603278,13.295531,1.994484,2.233785
26.378271,18.364441,17.785887,62.681683,16.821613,34.202736
7.695819,5.467898,2.588655,12.029689,3.235137,17.128942
24.003016,16.674551,17.103750,54.715240,11.109854,49.145142
31.443495,21.781485,16.638657,62.105652,15.206158,30.140528
18.364607,13.063124,5.574956,12.571522,3.068256,10.063239
21.549055,15.134495,10.252464,16.537563,2.469496,9.654532
7.043432,5.119135,3.512661,13.055849,1.779384,11.146880
11.516411,8.326805,4.325305,12.924194,3.326232,13.895751
12.820603,9.143810,4.911043,14.879663,3.519714,3.547852
19.842987,13.858707,6.413423,22.224487,5.679599,16.596004
23.221355,15.478729,6.501862,32.398357,6.676555,44.080338
33.119385,22.512295,10.605085,26.292337,6.934168,37.342484
79.472099,37.667881,68.381821,215.998352,50.283806,95.654388
15.094975,10.234553,5.060003,15.406239,3.343083,17.811981
73.052032,38.610645,91.309967,273.234680,67.200630,108.761375
9.854955,6.881647,9.306289,7.892306,1.749770,17.669161
32.579762,22.799622,10.209270,37.921616,9.359666,14.171819
19.592918,13.858577,8.690301,30.855238,9.407330,53.663822
17.502234,11.991044,6.932745,19.076796,4.019858,4.132317
6.417440,4.708899,2.820312,9.055937,1.720481,2.265288
11.144358,7.729946,8.439339,26.944134,5.035082,23.170206
32.312950,22.078236,17.905088,46.433174,13.166432,20.116833
14.210477,10.097575,3.511075,26.542753,5.701888,4.557889
30.869221,21.573935,13.746635,35.742844,8.181898,24.602221
10.446795,8.018186,5.396894,8.362514,1.689090,10.636134
23.040483,16.582869,14.365707,55.571712,12.331463,9.604502
12.575083,9.110180,6.454687,29.917614,5.640490,11.660284
24.664425,17.106247,10.080048,37.913437,10.362990,34.174393
24.186031,13.193104,7.777915,24.755915,7.107652,29.853035
30.876768,17.279942,29.390223,79.945366,19.304993,70.960892
27.325113,18.926971,16.541502,32.186417,7.764905,9.129059
5.188993,3.672089,2.239378,9.683908,2.464441,2.983107
12.313759,8.565310,5.336174,10.925295,3.883481,15.672643
25.731430,17.714025,7.023184,26.874624,5.057201,7.356100
13.776039,9.776255,2.689385,11.815848,3.709023,3.983084
53.294125,27.616688,61.500504,236.261429,58.522617,85.704475
35.966427,23.548244,18.232424,58.055920,15.611187,78.976059
30.218550,20.995838,11.388155,47.946297,10.223007,34.457729
50.892666,31.480536,30.204903,91.954567,21.797087,49.301086
8.448565,5.916464,2.705555,10.424433,2.736565,5.945658
15.060297,10.968840,4.536694,21.211718,4.149352,21.176655
31.074600,22.004774,9.850192,34.754715,8.758378,12.978739
11.562434,8.296802,4.791256,15.600780,4.913276,8.742389
25.041031,17.366964,8.928762,39.795029,7.608265,20.397642
19.640682,13.979527,20.447189,97.672394,24.515461,40.840824
22.971325,15.326489,29.188192,100.942902,23.384933,74.418594
7.642806,5.383581,3.440532,16.543884,4.393543,3.122122
17.435371,12.083869,3.783218,21.232182,6.125304,5.299978
32.155132,21.585129,8.968485,33.938671,8.016042,4.126190
20.566341,14.891925,23.465052,35.737732,9.265972,19.304506
42.455158,18.243286,14.259358,58.100800,14.461733,64.426521
41.047630,25.283106,25.752409,115.868591,25.840452,85.052086
29.233597,19.961475,9.918103,24.488089,8.334270,50.120316
23.792854,16.592489,9.363344,41.280331,10.041697,21.272758
11.317744,7.712408,3.227681,25.926834,5.269295,9.146051
10.618433,7.575304,9.097943,25.639626,5.660115,19.919832
13.132133,9.196466,3.863926,11.562351,2.894902,3.642426
22.606272,15.741982,5.756920,38.532249,8.950571,15.603734
21.869280,14.417145,18.521011,69.142845,17.542444,79.293457
15.999040,11.008123,4.397226,30.477636,7.198101,14.049805
22.516592,15.993617,11.862812,35.338760,8.495533,7.074438
5.945811,4.544196,2.245753,8.563798,1.912859,0.932497
10.003391,7.363277,4.303560,11.171361,2.505345,5.982427
6.227322,4.377585,3.240528,12.568321,2.443406,3.756880
48.660252,33.146496,15.441889,49.941002,13.752796,31.634405
51.355255,33.648079,17.784000,55.247269,13.754976,48.791977
7.973592,5.825057,6.984118,28.847721,8.188824,14.399377
5.192019,3.933142,2.532221,17.020504,3.946714,4.095884
22.574512,15.451625,7.611208,21.336641,5.222000,14.123653
9.206435,6.758818,2.848169,13.136386,3.886673,3.852252
11.332438,8.529925,5.687346,25.422796,6.384785,10.509028
14.172154,9.310585,10.271893,32.247406,7.888590,14.976029
23.957636,16.436293,10.134602,34.538570,7.411859,10.136963
27.510719,16.079084,10.841586,33.984032,9.160385,27.537148
23.110600,15.136325,9.655399,37.348217,8.272824,21.023293
20.112028,13.676194,6.250964,20.276348,5.348738,5.635474
34.279095,23.616518,12.683883,44.872192,11.382946,24.680700
19.309565,14.016022,4.988834,22.123371,6.967214,15.861450
7.906324,5.742182,2.542930,10.374582,2.500958,4.757439
6.118680,4.458975,3.211392,11.169282,2.948373,9.710847
9.450036,6.670107,3.803891,11.908121,2.547477,16.174875
19.147367,13.247750,5.419088,33.189873,7.338643,23.603674
56.091900,34.803490,44.070297,124.613045,31.215576,121.089172
12.975702,9.123476,17.625999,67.456993,16.177380,10.529795
26.282934,18.184719,19.151928,52.395115,11.760483,48.284340
39.816479,26.869009,18.893553,65.810997,17.528175,67.610840
7.335933,5.184031,3.781443,9.927520,2.163208,9.106369
12.592283,8.979225,3.831708,9.880142,3.705363,9.387194
15.457008,10.474621,5.147033,21.070791,4.462806,8.744674
16.230799,11.293306,7.210601,33.369236,9.584735,35.837669
35.256573,24.617916,9.406026,38.237103,10.945118,66.010178
26.067392,17.662479,7.548078,32.468395,6.844008,7.366790
14.499057,10.085734,11.283047,48.725487,11.439678,14.612871
19.606503,13.942048,3.683036,16.451775,5.638789,8.189842
57.840408,33.312607,46.631157,152.275803,34.488625,105.132545
77.489113,46.911091,28.006855,102.075905,25.561907,75.987022
5.472086,4.145026,2.049347,5.869752,1.438281,0.962990
24.524942,16.695127,7.165875,28.988304,5.638399,16.359470
10.280649,7.332871,2.755429,12.712743,2.631024,4.934477
8.254992,5.754961,3.080188,8.624285,3.622447,6.010418
7.978539,5.887846,3.568833,14.274693,3.101208,1.680817
5.337283,3.872244,1.700521,8.000354,1.508075,2.592414
6.231620,4.438368,2.896358,23.331903,4.468607,7.931904
56.793331,34.270630,26.466366,101.506981,24.963030,45.400425
17.726280,12.351867,24.907074,102.018188,24.310127,36.678410
36.245155,20.121941,14.119246,57.538033,12.661969,14.784105
38.311195,20.056963,14.592341,65.472763,14.394772,13.364489
6.483833,4.477706,3.005812,8.028619,2.890541,5.370758
15.910995,10.524286,4.777779,22.978233,5.752842,13.348494
7.719209,5.488311,3.818475,9.825282,3.354592,2.711048
11.514997,8.301701,3.771123,13.653501,2.937267,14.501631
41.878067,27.138248,16.023289,61.530640,13.377315,17.241911
26.195677,18.237480,6.583930,23.188635,6.707002,39.268806
11.803198,8.270562,4.624038,5.555456,1.048057,6.642950
20.162781,13.957323,4.691017,23.534636,5.977521,17.833473
12.582877,9.102278,4.012049,15.171309,2.592532,1.920701
6.725416,4.779341,3.187595,10.616697,2.283999,1.304720
40.883575,16.258486,14.479311,32.523766,6.489734,19.664478
39.376831,16.424833,14.873672,36.567944,7.343949,18.488392
27.217054,18.904646,7.483008,33.287983,10.574924,48.408329
19.419542,13.693369,8.746137,32.802429,7.956236,10.016080
17.978407,12.214034,11.619145,39.025581,10.002516,23.495169
33.383999,22.450697,16.082962,49.358891,12.660575,22.625427
15.531062,10.141506,12.802375,44.269539,9.877475,24.638779
4.383998,3.071907,4.133855,16.113234,2.305238,1.531591
21.070076,14.161844,16.242729,71.747551,16.550140,46.745647
23.948845,16.445333,7.862502,33.450417,5.913305,16.425062
13.084836,9.281047,4.836286,13.344125,3.574572,6.313758
33.077709,22.520088,9.123950,29.819834,6.217340,8.959143
22.731466,16.380680,10.686597,54.637108,15.862797,36.071182
25.409557,17.566551,12.088369,34.057350,8.240102,14.895413
29.301125,19.922380,9.215654,30.012070,6.375021,11.506178
31.214144,18.425392,15.157589,48.503979,10.639617,9.421743
20.123163,8.716358,9.732186,40.226929,6.958464,12.359574
14.810879,10.949314,5.623641,10.527948,1.611390,3.392098
16.463894,11.703545,8.281299,18.200111,5.160104,5.825793
15.631420,10.918596,3.867075,14.030558,4.076937,3.967194
51.034103,32.815205,12.996052,46.880444,10.703253,24.600475
29.404636,20.047592,11.745127,30.622835,7.920333,12.561389
16.795732,11.732208,3.428955,21.183516,5.573083,2.021366
15.532195,10.158685,14.376117,56.657646,14.111936,17.169170
29.939245,19.607586,13.999341,50.494164,10.922526,21.741718
34.345634,23.322105,10.037374,37.572323,10.363751,18.620604
28.749628,19.523304,10.478395,29.928005,7.179427,8.745045
15.551717,11.480463,4.898351,15.922867,3.273120,6.430898
90.423126,43.591648,97.611916,294.935181,70.654213,100.259369
9.928044,6.794077,5.283178,15.510741,2.599184,4.242094
25.053129,17.576742,9.677732,32.654911,6.917001,12.207282
21.061037,14.794198,4.524898,33.277809,6.791739,10.721712
16.373791,11.418555,5.564131,21.265518,4.353007,16.274504
25.344172,17.260269,8.543750,20.964172,7.182797,27.182196
31.166693,20.100689,19.845240,82.836151,20.971375,27.562639
9.477938,6.770461,4.446953,7.682488,2.696609,5.908338
10.952669,7.533519,3.744600,10.374692,2.637517,23.677370
14.061070,10.419962,5.834776,23.815926,6.816457,6.380763
6.933228,4.938823,2.226407,14.760967,3.970109,4.856668
30.791756,20.979824,9.305459,30.543859,7.421611,4.298533
7.602257,5.105753,3.223551,10.352152,2.363366,0.254108
9.356765,6.691035,4.305966,13.866144,2.824498,20.132545
27.956787,14.365755,8.127525,28.484972,6.534599,10.593945
14.803759,10.684918,3.281610,15.061224,3.727900,10.291993
7.894949,5.389228,3.134166,8.930607,2.305349,3.232069
13.974433,9.741421,8.785091,37.098328,8.505095,29.034319
29.038311,19.921282,4.605827,15.314551,4.965819,12.146605
12.781990,9.156967,4.447595,16.376291,3.971406,5.477753
14.837958,10.507792,4.323694,14.151035,3.012962,1.928973
5.406767,3.837322,2.468857,8.163494,1.108524,2.418004
10.359635,7.523805,3.540348,9.399549,2.070013,3.118507
22.147491,15.075747,5.325230,21.151833,5.854946,16.826323
57.943928,32.900375,40.361382,119.550247,28.167349,72.332047
13.832191,9.733771,4.179226,16.160639,4.205616,8.091356
11.233942,8.259783,2.278238,18.186783,3.243425,8.089751
4.324140,3.474973,2.162774,6.654708,1.965252,2.424924
12.715368,8.702656,4.154399,10.484817,1.984794,3.299628
38.960518,25.150238,14.339662,37.177937,8.506847,17.189384
18.756050,13.307372,13.928531,54.388977,11.500879,24.387915
9.002545,6.817631,2.869385,11.850844,3.035499,2.381484
7.446176,5.673080,6.093479,18.963345,4.818290,8.895913
22.493809,12.374926,12.074031,48.016441,12.627583,108.856926
17.614239,10.547984,10.747484,51.227806,12.524174,73.279022
5.679267,4.030026,1.727136,5.909665,1.426462,6.115234
4.678110,3.615813,2.258047,7.176167,2.201136,0.550329
14.175630,10.542928,4.681856,18.505604,3.423367,11.811899
35.646366,23.333134,12.081684,57.442371,13.292274,58.728825
9.536525,6.878671,2.744676,10.645199,3.567952,4.477630
61.995945,38.718472,32.312767,131.103409,28.679436,21.723843
9.869677,7.261742,2.965297,10.112198,3.145697,3.307835
17.627378,12.574674,5.084646,26.329586,7.760411,24.071270
7.105866,4.908792,3.152744,5.543758,2.039847,8.342757
12.930093,9.524345,4.035496,15.911613,3.592784,7.695499
10.299351,7.422019,3.619096,14.332420,2.727985,7.201617
4.457587,3.369524,2.535205,9.395883,1.703110,3.086753
33.757103,22.484797,15.242247,75.194565,18.369761,36.726685
28.689074,19.568325,12.916873,43.505463,10.999406,14.970679
26.092152,16.428019,27.722641,118.244095,28.317162,19.501169
12.503103,8.730219,2.511684,17.877630,4.843791,2.686014
14.414419,10.276962,5.260293,13.121210,4.233552,8.073507
26.186598,18.427355,7.781574,26.401049,7.208642,14.595070
7.171669,5.490248,5.843645,10.442970,2.367721,3.208234
33.136581,22.707073,12.496928,44.323841,11.829716,26.422892
7.231947,5.109334,3.148997,12.426754,3.022229,4.001090
85.851372,38.701321,60.896023,185.317963,41.578762,272.164795
36.983150,24.003714,17.703758,63.604771,15.070136,35.340706
9.020727,6.717010,2.845278,9.109280,1.910585,2.772310
11.826870,8.436014,4.620084,9.718772,2.380270,4.381748
10.123750,7.363409,3.363221,7.633508,2.122584,4.113052
25.757544,17.814003,18.753485,69.245621,14.428166,16.240782
8.296126,6.254581,2.841241,5.751864,2.479728,10.045736
5.922440,4.317262,3.119628,7.516054,2.472924,2.719896
39.084991,26.372831,10.996911,49.506508,10.193806,39.395065
15.134276,10.548117,5.477381,30.010920,6.471468,6.731081
9.900842,7.372330,3.350889,12.774381,2.172355,7.676193
21.860876,10.654604,10.975636,59.109497,14.171117,27.405586
19.580784,13.818682,5.651738,23.312603,4.904806,5.315358
4.356914,3.254810,3.024925,12.996982,3.483492,1.128767
14.710073,10.620273,7.334942,17.270851,3.758736,4.008720
17.814793,12.363331,5.756321,23.088675,5.577233,11.141979
9.194860,6.457474,4.147826,17.024092,3.737531,3.747275
9.214256,6.625094,7.652993,21.170734,5.222169,9.290617
18.792202,13.356284,5.072736,14.454551,3.445597,4.791315
19.557800,13.364010,8.400155,24.936117,5.324705,10.441807
6.233878,4.755078,3.189803,13.770926,4.970540,3.961131
56.420631,36.266617,33.167984,115.679657,27.816961,60.155029
15.921376,10.955769,7.296212,21.139961,5.787787,25.221941
11.466877,8.322556,4.319832,11.422069,2.654804,8.180531
26.393080,18.460163,15.623544,58.312695,14.265155,67.427582
8.964170,6.404486,3.657762,14.232819,2.750100,4.622673
17.785278,12.848785,6.802760,19.008984,5.406664,12.513024
14.701290,9.943224,4.937797,21.832924,5.506155,7.149978
9.135566,6.407185,3.951189,12.477785,2.897205,1.397065
28.436136,18.880341,11.083992,31.316936,7.033424,17.405363
8.303940,6.375755,3.411878,11.863321,3.550116,3.319908
5.531086,4.020403,2.871903,8.635308,2.120891,4.643518
13.862323,9.900962,5.444963,23.457525,7.116010,32.326759
12.445913,9.060001,8.762004,45.681908,11.289749,22.397799
37.356438,23.486673,15.056767,44.740959,10.479603,21.203327
24.097219,16.505445,6.913261,18.787430,5.359840,4.283105
53.108105,34.171227,15.431599,64.741653,15.589143,69.356926
11.486193,7.687029,14.861582,56.897041,13.209021,49.545147
54.412285,33.620777,31.520695,88.583633,22.119322,90.952332
9.345347,6.901465,13.371050,29.746796,8.736045,7.710841
14.208972,10.189679,3.883157,18.756128,5.199571,2.058295
10.017433,7.348320,3.340615,0.564604,0.501611,4.819329
4.788868,3.723069,1.962213,10.087681,2.839064,8.473965
20.354525,14.608342,8.320772,30.601383,7.758119,13.262025
10.712281,7.400821,8.242530,14.200196,3.245462,3.134636
5.845313,4.291959,3.463376,11.136836,3.142736,10.031904
16.605749,11.798117,5.464498,10.313918,2.529140,3.398192
11.724565,8.192221,3.506099,12.959862,3.027872,1.996439
17.957678,12.524947,5.561213,21.464676,4.717113,13.188764
7.450114,5.530137,3.876422,8.076683,2.855914,5.392780
13.881266,9.705717,5.732062,1.207032,0.993026,6.382340
53.306877,25.376060,19.361977,61.272972,14.719239,31.425386
20.300364,12.399132,25.209829,105.536201,25.382788,106.062843
10.725521,7.528006,3.858166,12.540496,2.440256,3.952999
10.906868,7.819774,3.491648,18.484802,4.425665,18.711695
29.901890,20.010574,14.811671,61.099468,14.916183,15.936205
8.355995,6.261303,8.115192,27.822351,5.992309,11.093916
25.527702,17.311340,9.108387,44.769043,12.096297,18.262590
14.699267,10.276073,6.224132,22.254820,6.172016,5.499884
19.895990,14.176983,5.410721,17.515244,3.824265,7.175490
52.437977,33.418240,24.211878,72.351334,16.661837,10.624204
23.286446,16.520079,13.838828,31.146339,7.816088,5.788654
6.468214,4.850249,2.624878,10.918983,1.172135,11.594619
25.281675,12.309434,18.556784,56.042107,14.179657,23.468557
50.477512,28.670347,18.636381,64.347519,15.469367,49.147598
13.274706,9.602726,4.605453,19.470852,4.850024,21.891611
8.540751,5.965686,3.186256,11.138700,1.893773,3.214567
24.609772,16.612078,6.705261,29.798002,7.303527,9.578239
12.660582,9.021772,12.377377,49.560631,15.757879,52.782223
15.482723,10.403980,5.443583,15.681880,3.087948,3.363285
52.596840,34.132984,29.012045,102.068604,23.974060,44.333370
26.154848,17.586985,9.330437,25.089848,6.424606,6.501567
15.802564,11.009781,4.100600,19.803471,6.006958,14.867752
45.648956,28.466290,30.701647,83.365700,18.600048,61.627415
19.747860,13.831725,6.203223,23.875322,5.430077,32.709217
15.535906,11.213151,4.500965,8.836740,1.937727,7.288956
31.897646,21.301107,9.573164,35.250500,8.847749,36.418636
21.753975,15.104116,11.793817,43.176853,10.248296,9.553437
16.643541,11.630055,6.531688,35.354828,8.379385,6.027369
11.200066,7.567135,10.343578,39.630013,8.305039,10.522464
15.082174,10.453711,5.935420,19.432785,5.696964,4.809656
9.803886,7.272418,5.391477,3.536716,0.721201,5.979718
34.851711,22.872290,11.284641,35.472687,7.692044,10.653101
44.117878,29.570341,16.496746,60.341583,14.959661,41.686111
11.212306,8.089108,3.732307,11.736780,2.178621,4.829476
11.773988,8.735809,4.128557,16.824505,3.483343,14.681302
43.372910,28.007782,13.057547,46.149879,9.933928,23.800364
22.357077,15.147894,7.030487,36.983643,8.607417,22.474682
10.939280,7.798873,3.827185,9.646389,2.242637,4.226480
8.011996,5.717884,3.214923,14.149004,2.523617,12.560428
23.246716,16.082926,4.197795,22.113579,5.456285,9.138625
45.120926,28.555466,25.351231,100.316399,25.871517,44.806602
42.128815,27.398529,21.569096,77.215889,20.367537,14.075258
10.775903,7.590670,3.649328,15.098578,3.356938,5.317771
16.152037,10.920051,13.445236,40.934624,10.328597,22.620586
29.578257,19.872681,10.764158,38.202812,8.607005,24.699865
28.317314,14.559896,9.293982,23.325455,6.168792,14.447576
40.289726,24.650446,12.432101,51.800312,11.729101,14.887202
23.116037,15.960004,10.858146,48.405701,11.717509,14.783713
12.983132,9.203848,3.363893,9.308399,2.109880,6.503945
17.999071,12.874078,6.633046,25.101080,5.891509,14.501513
19.075644,13.252373,6.351543,21.013681,5.420470,7.180701
67.939781,44.126747,44.740517,163.828186,36.275383,74.565414
11.801276,8.320461,3.858174,15.127036,4.708393,10.796024
43.319687,17.458960,17.818419,58.271439,16.877949,29.974340
42.869785,20.356272,18.897820,92.325241,22.748289,22.005955
36.529926,24.380537,11.155089,30.672483,6.650744,19.461597
43.389473,27.376207,40.638439,110.591171,33.998363,130.541458
13.799643,9.818091,4.140502,15.703725,3.230061,4.395141
8.479227,6.115725,2.340473,14.183861,3.485230,4.529310
10.246801,7.100820,4.320380,12.403815,2.808954,2.174422
13.125979,9.382747,2.581968,28.383146,6.549675,11.523617
18.828323,13.095273,6.847514,18.574993,5.101618,5.650810
12.220400,8.822023,3.400656,12.647822,1.978436,3.437816
26.416739,17.449778,9.725360,26.276770,6.062739,17.288200
16.998186,11.866587,4.604722,15.378840,4.021598,5.084222
6.189509,4.496796,1.720980,10.017728,2.861909,3.769127
11.295888,7.999351,4.832548,12.610114,3.336915,9.600605
5.211129,3.898424,4.038163,15.470440,4.075804,18.472887
7.719002,5.449286,3.473574,13.392661,4.076655,7.234871
25.524170,17.596699,5.812018,30.100121,6.050693,13.276776
8.040176,5.710470,3.397513,15.927283,3.307423,7.909794
9.468596,6.911392,3.128102,16.139341,2.087900,3.839673
55.371811,35.512268,28.006636,73.923531,16.647091,25.271950
20.065689,14.047936,5.392957,19.622543,5.041106,16.032396
50.446999,32.660973,31.333330,102.363174,23.248903,32.541084
15.434156,11.106704,3.648529,22.922832,6.906322,11.415692
41.166519,25.797474,15.044086,43.536976,10.268182,35.017807
7.151702,5.009659,3.353780,13.547430,3.898606,7.020719
8.538590,5.841047,3.931314,15.877876,3.734691,3.141959
48.088146,29.085846,17.763910,58.961403,13.559217,41.344193
12.508106,8.617846,3.607878,23.774143,5.305861,5.966354
30.780363,19.588938,22.072847,82.051933,20.569510,90.553497
32.330719,22.167053,9.946330,33.788342,7.128517,10.558408
18.620190,13.443372,14.017140,38.276867,9.287910,28.734394
9.355355,6.968817,3.991840,7.606676,1.869790,2.137212
13.510302,9.719647,3.731453,16.228819,4.634911,4.517327
45.080257,29.903976,14.477789,46.460934,13.076892,23.639893
69.552330,38.069469,37.737705,137.687088,31.738234,143.422028
22.908415,15.069754,7.163298,24.573078,4.867079,9.953147
14.514810,9.808059,6.303361,24.286335,4.975148,8.669155
12.718722,9.294523,3.755230,16.817144,4.092352,14.551020
30.098169,19.996515,15.934525,47.850037,11.925677,24.004932
62.556126,42.341209,73.687782,176.162369,47.705452,251.918381
8.152719,6.242791,1.927456,11.346261,2.335905,4.350751
38.067719,23.881144,13.808558,37.644333,8.947297,22.479494
21.157393,14.470499,6.246493,23.354137,6.829607,5.843059
17.798893,12.502466,5.171150,22.761786,4.692184,15.156317
15.819469,10.858450,23.945044,40.686981,9.812792,45.670311
37.636150,21.155352,50.248745,138.723923,32.301003,84.937027
30.220888,12.962216,9.987391,29.820734,11.259170,664.702087
27.650417,12.545788,12.377290,33.448318,16.486904,902.553772
21.829041,15.234386,9.581906,28.260056,6.760643,3.671353
8.108541,5.557209,17.442087,38.716763,8.279805,32.641247
18.833364,13.085651,14.959804,68.167244,15.009789,58.778900
16.499763,11.372792,5.198473,19.583164,5.642514,4.400886
20.899057,14.763763,6.590481,22.550438,5.405717,5.182736
13.267307,9.280441,10.472651,34.698803,8.169954,6.199004
13.346078,9.299738,4.845029,9.745057,2.579387,2.993303
10.990673,7.854260,4.050363,15.120518,3.960073,8.055730
9.283465,6.409360,2.979373,16.233828,3.574086,15.186066
18.740183,12.503586,16.655390,62.229900,15.593509,21.472445
4.928945,3.694787,2.729507,14.340810,2.975025,2.278251
7.181650,5.313659,3.350328,10.648035,1.795242,4.993193
21.440392,14.544940,15.465037,47.473911,11.748278,23.795485
5.871341,4.335047,2.593149,17.241070,4.358531,11.349700
11.382186,8.281338,5.845683,10.538564,2.092169,7.528650
41.951767,22.820927,13.033055,38.218880,8.413842,28.256329
16.279243,11.858528,5.901768,20.498575,5.792175,24.269464
13.843557,10.150721,4.022473,13.290298,3.496589,9.796693
17.349548,12.176950,5.681786,11.422842,3.082326,8.314207
14.617909,10.139253,4.035277,2.709734,0.443791,6.607091
34.001034,19.082533,10.988997,32.264790,6.841494,60.409405
21.120979,13.809600,7.272951,19.960436,4.170942,8.895029
20.195972,13.506667,6.637502,24.666821,7.467367,7.743753
42.497501,17.512192,15.386435,43.771748,12.575731,76.735435
39.780247,19.661804,18.028154,68.067017,18.246506,87.473228
19.268047,12.797295,6.948835,17.151297,4.221662,12.386802
9.432077,6.966486,2.170523,8.342794,2.373219,0.788218
14.448800,10.227628,7.244648,35.555676,8.969504,9.932069
20.929689,14.555070,7.684042,41.008106,9.029600,12.043692
21.548019,14.733191,4.847307,13.948072,2.752075,5.048777
32.437286,21.911530,18.617525,56.999523,11.756618,69.962135
25.777451,17.679016,9.484296,35.113518,9.346372,23.541634
41.824642,27.957476,15.239939,48.808640,11.506946,15.592374
8.108867,5.828588,3.552734,14.195145,3.887672,8.017693
17.687695,12.020673,16.474833,45.709785,9.461082,24.690128
20.115541,13.763816,20.216166,81.500130,19.399467,30.815020
12.950447,9.067515,4.145407,19.440527,3.553957,1.594054
29.972303,20.615227,8.162002,35.629814,8.635283,40.860172
23.061993,16.419418,11.433145,21.976917,5.327905,17.794958
15.344041,10.595786,4.856812,12.108186,2.975969,8.331860
18.911322,13.488845,5.710603,3.163593,0.862474,6.181138
9.769790,7.050535,2.597929,9.557617,2.284835,2.449906
19.665010,13.751353,6.557317,15.343869,3.085157,9.750552
29.971018,20.403696,19.108562,41.087097,9.376609,36.444267
65.974770,38.379852,45.003204,139.389725,33.296486,119.121826
16.780191,11.887855,5.921951,28.657829,6.655335,10.851084
6.727550,5.186883,3.833791,15.164023,3.874194,9.054651
19.167320,13.222640,6.163624,42.985134,9.258241,8.885132
15.184324,11.020854,4.795491,23.174393,6.435340,18.283445
35.032436,16.692503,15.124754,71.632896,19.700407,32.466621
34.651340,20.758701,12.231241,77.503616,16.611231,21.418381
22.746710,16.037905,5.369268,18.123430,5.260749,8.590772
18.525364,13.117017,5.724873,18.029339,3.321945,7.933282
9.415907,7.261625,3.192060,21.225920,4.898544,3.620154
7.437279,5.137401,3.685369,7.282201,2.100109,4.454450
49.595280,27.133663,37.797737,22.695894,33.941860,3020.855957
35.844574,20.894817,24.018648,47.041557,28.096678,441.534210
22.934378,15.495700,12.954620,44.719887,10.150658,31.430225
8.176589,6.189737,2.926083,22.560492,3.895521,6.420351
9.262090,4.889018,3.140460,3.285180,1.597221,2.706659
9.796526,4.390957,3.915516,9.315948,2.531961,2.970518
32.184669,20.252768,23.351868,90.589836,22.053728,70.173882
16.311548,11.467477,9.774032,37.736195,8.534449,30.256992
55.208420,35.193310,27.723236,89.905113,19.866278,60.148159
67.862381,30.717888,148.046173,405.060394,100.926163,251.036224
14.948776,10.647789,4.922644,13.904467,3.444401,11.123312
13.498312,9.484748,6.396773,26.737165,5.741875,26.716835
46.008709,29.620432,24.055809,89.265739,21.452742,80.609123
4.353146,3.413424,4.056629,11.030385,3.056009,9.629915
30.089657,20.000711,7.588465,29.379398,8.257443,28.929066
12.407022,8.916301,4.066290,11.946579,1.682568,1.945289
6.773276,4.694762,2.395629,10.008913,2.269131,3.831770
10.597454,7.284431,3.067775,12.914393,3.112720,5.019916
12.087598,8.578977,12.148155,38.143238,7.982110,15.603505
35.931900,24.128717,9.038624,29.261616,6.448088,11.796677
5.976832,4.183298,2.566036,9.167374,2.417540,6.696780
9.821641,6.815725,3.683480,17.872805,3.441658,12.150394
4.509206,3.322265,1.957405,12.298113,3.567264,1.741554
13.619473,9.617158,3.618682,25.696226,5.453519,17.579103
30.492470,19.956299,11.755682,57.441891,13.206731,9.619792
8.579786,5.955645,2.837861,16.586340,4.712782,7.106702
17.077610,12.387894,3.875134,20.112240,4.413554,8.271830
33.746246,23.688335,11.728099,39.944637,10.082266,17.293341
75.662773,42.209934,27.038366,88.584038,18.346748,66.427048
5.877854,4.109659,9.246008,17.424444,4.913799,10.915180
10.843548,7.896482,2.890041,14.601347,3.412294,13.070775
17.026056,12.143638,4.525292,14.930359,3.195045,11.616724
16.563829,11.895205,5.841954,23.230419,5.356552,26.946579
22.468451,15.336500,11.953501,39.888729,10.472821,21.660753
18.693077,13.324288,4.718883,24.487848,5.000039,19.376341
5.674050,4.155643,2.489501,7.737640,1.450301,2.464241
15.767653,11.303758,9.646998,38.680653,10.786598,8.899930
16.587954,11.301653,5.827399,11.392633,2.514454,5.428209
14.590871,10.315365,4.807876,22.414595,5.051571,16.936604
8.270797,6.047819,3.244133,19.618704,5.390111,26.395943
41.438499,16.762011,12.358120,37.983299,10.650647,21.296043
41.546818,16.811148,12.695619,42.010151,10.954519,21.658035
30.327776,19.694845,32.653835,81.473892,20.144089,64.015549
35.548607,23.464029,10.338039,39.692631,9.019127,12.768503
12.777710,7.330605,10.829018,37.243202,10.481889,40.253365
8.513729,4.199332,15.474403,65.228989,14.834225,64.090561
13.056530,9.624357,5.853032,15.827544,4.179568,6.794783
9.754712,6.758532,3.120998,16.178658,2.780433,1.178794
7.633464,5.261286,2.303536,11.421277,1.250714,4.413626
4.387448,3.352921,2.468254,9.302268,1.448757,4.423279
38.156067,25.649710,18.283978,45.894371,11.790998,31.652733
6.595278,4.841241,2.120850,14.001551,3.034330,1.737723
17.552191,12.127599,6.321818,24.055122,6.667553,13.137997
31.117695,20.480228,22.526918,70.789536,15.446566,67.497818
24.228575,16.533062,7.643948,39.940853,8.593461,7.756526
11.821423,8.970440,8.040939,23.434511,6.062851,24.509180
20.328959,14.185783,12.622487,46.134987,10.558500,25.723742
14.137879,10.291658,3.719122,12.999420,4.154024,11.581139
17.366068,11.907657,7.030491,20.307707,5.562155,23.925241
28.762936,18.850603,17.362078,81.462723,18.282490,56.172970
8.982672,6.603281,3.374998,12.155280,2.920773,3.441843
10.110953,7.404598,4.945838,12.243032,3.047062,8.877995
28.918493,19.765812,20.251953,83.919647,19.223372,77.336609
14.817773,10.662724,7.098771,28.704041,6.576450,25.602774
42.354786,28.380695,13.082740,78.622459,18.534822,16.261061
9.635154,7.006018,3.296973,9.849458,1.664317,3.180020
6.715832,5.066008,3.107316,6.628959,3.718455,4.380812
26.953016,18.913385,7.525610,28.558809,6.600571,33.933483
7.630029,5.490432,2.891633,12.947286,3.070079,6.986497
10.070472,7.173388,2.738340,9.054818,2.799156,2.298734
16.325113,11.283113,10.307056,28.685469,6.852234,49.000130
4.107122,3.042387,11.592215,20.838470,4.342714,14.036787
23.760807,16.446632,6.545854,24.378428,4.472806,11.230156
20.795147,13.994002,5.581700,27.567675,5.884369,13.560172
9.582856,6.565074,3.332086,34.650379,9.277538,20.841297
35.306892,23.934958,10.253124,37.122681,10.424112,23.911255
48.151985,32.810577,10.801492,7.452461,20.837425,2035.075928
6.230629,4.408322,2.343102,6.045649,1.840765,6.797795
19.693689,13.528248,15.909886,48.655125,10.491192,17.937468
9.295612,6.760060,3.596982,12.777132,2.689779,4.127791
10.981381,7.680229,3.266957,13.537289,2.538491,1.957142
28.382328,19.115284,12.143621,48.408813,9.489701,38.531239
5.108672,3.642749,2.879132,9.599991,2.524829,1.713064
16.023342,11.194903,6.935632,22.686954,6.108808,13.042019
18.849991,12.768657,14.528638,58.105156,13.140836,38.021790
5.562061,3.841834,1.480340,3.683376,0.384737,2.244048
22.873783,11.889311,8.476397,33.447708,7.326323,34.554142
23.255598,16.389288,4.895103,22.912519,4.641302,5.091732
25.982462,17.576014,8.436751,28.668621,6.641744,10.568471
12.452390,8.723616,6.920565,18.181623,6.384814,3.265757
23.624392,16.546902,9.028250,25.433065,5.624315,5.311778
9.067570,5.897063,3.464219,13.673882,2.775239,3.614523
31.788237,21.317890,12.836296,31.327517,6.640351,10.448962
6.891722,5.281657,3.415322,8.806152,1.988371,12.785057
7.076306,5.288610,2.719500,8.512907,2.236116,10.529147
19.441595,13.562474,22.000385,94.016884,22.950140,15.688706
7.449181,5.303132,3.467478,12.225710,3.544776,6.316071
29.159962,20.176027,8.129490,40.809143,12.675150,24.783039
59.815784,33.843746,14.631940,40.581406,10.885646,15.011984
25.287968,10.107848,7.791216,38.312859,7.969653,5.707422
4.674679,3.366538,2.846214,4.651216,1.598538,4.999540
19.045197,12.904930,6.414991,18.455065,4.999909,12.951503
8.990735,6.821137,3.148032,10.667649,2.910779,5.613137
20.543774,14.560203,9.416540,46.080025,10.824383,16.788906
46.636047,29.866285,24.362509,80.303200,19.179945,80.105324
6.982512,5.152384,3.028040,7.926013,1.739302,4.844206
5.878982,4.227942,3.149544,7.385283,2.272547,8.111195
5.894341,3.992909,2.776626,12.528971,3.990723,3.479051
16.060019,11.534130,5.150268,16.384901,4.662900,29.254112
23.910727,16.923786,9.217267,9.399783,0.680660,8.806342
5.832928,4.338296,3.277641,9.205013,2.935722,5.396278
15.960582,10.902873,7.408133,32.356312,7.472774,15.955102
28.266550,18.857018,9.674708,32.532330,6.722416,24.559772
13.512863,9.605382,5.057642,15.660347,4.419797,4.476025
11.698985,8.180829,3.742599,7.341219,1.927812,9.694911
23.090845,15.583352,6.525308,26.785307,7.025139,36.721519
24.081099,15.766787,12.812400,59.531960,14.025231,15.215184
13.070477,9.307133,4.144212,18.812408,3.595682,10.503539
17.451504,11.713523,5.125282,20.827848,5.241735,10.624673
31.476040,21.240625,8.572097,20.494930,5.078309,6.196782
54.716480,33.746277,13.483174,56.892815,13.328992,63.973515
14.647208,10.132095,4.183659,14.657166,3.598017,6.536452
21.589533,14.881857,11.476635,35.103401,9.210176,13.153302
18.698540,13.121382,5.401975,23.129808,4.742231,3.532870
5.283155,3.663377,2.236308,12.251326,2.629581,1.713726
64.183548,37.282303,34.384544,92.123711,23.140642,28.646925
13.417995,9.625339,4.419907,14.137410,3.148768,1.553659
17.567713,11.939814,4.932738,23.852634,4.967535,12.158641
14.165396,10.111608,2.643142,16.833017,4.707335,5.587634
4.308414,3.329469,1.719078,7.224319,1.501135,1.484358
20.367731,12.331381,42.853958,142.146469,31.800304,51.262894
5.060966,3.820299,1.604309,7.904522,1.481033,7.844738
11.263174,8.422138,4.599109,13.029213,3.265983,6.669456
22.834707,15.885202,6.144776,28.316324,7.241687,14.427614
5.174193,3.869709,2.129995,-0.500474,-0.205791,3.322683
8.355308,5.825574,6.820950,23.901756,5.739457,9.173828
72.501854,39.047291,56.479805,183.392441,40.911343,59.346813
16.351835,11.291185,14.741013,25.082228,5.742382,11.979754
43.962124,28.057177,24.102409,73.173149,18.856388,54.669895
6.692203,4.990942,2.312993,6.034260,2.087225,0.917655
5.022533,3.498021,2.723630,10.493213,2.866352,5.059026
14.259781,9.857244,5.053955,18.867012,3.082022,8.195924
18.417870,12.701123,5.882894,24.324188,4.395301,11.562407
4.774053,3.778437,2.405890,12.983529,3.124488,1.708970
6.771314,5.262758,3.214532,8.678186,2.393393,1.017554
11.025004,7.788209,4.561325,16.179064,3.075161,4.253322
11.208241,8.044613,3.982790,19.449120,3.505849,3.450886
25.888729,17.485443,8.566482,49.097717,12.393712,31.359974
5.588572,4.364827,2.564519,7.361359,2.016094,3.827577
11.706688,8.196082,3.594429,16.139681,2.682648,6.406329
9.987757,7.001943,3.186733,2.343545,1.054316,7.114796
4.919307,3.503884,2.138167,4.264397,0.162628,3.516035
36.461765,21.785425,18.346458,94.118332,22.827597,12.067976
48.619598,32.014091,22.432814,64.147812,16.698555,33.094383
43.501232,27.961813,17.008583,38.557514,9.772225,16.083429
10.591613,7.876004,5.069564,15.781854,3.785677,6.155517
5.815258,4.111689,2.454859,15.337061,3.313656,1.306069
14.478987,10.365702,9.184372,37.350349,9.049980,10.727274
30.809832,20.373907,10.714195,30.995699,8.178275,16.914349
21.891369,14.939242,19.388023,60.239452,13.840843,30.605993
4.818209,3.360148,1.142846,14.940682,3.806268,13.241033
25.308538,17.986298,10.098090,43.235325,10.313928,13.535248
11.630418,8.237721,3.740416,22.018845,6.388333,5.534229
30.541924,19.543167,15.153634,47.049503,9.250636,21.909197
4.500816,3.467982,2.318158,6.790822,2.321585,1.298008
21.609013,14.803797,14.442787,29.473345,6.772280,12.584941
5.489418,3.855491,3.136362,11.901118,2.198140,3.309832
38.558727,25.732067,19.024221,46.568428,12.149522,34.668659
19.312250,13.242371,15.916994,41.208946,10.235972,20.215813
22.854498,15.596534,9.166585,38.851974,9.731916,18.045822
19.667738,13.671412,7.379066,26.626064,7.477372,19.374174
10.593596,7.603245,3.440423,8.923245,1.818202,2.797881
32.447735,22.393202,12.504379,50.137360,11.669872,37.564838
25.922684,15.466239,27.859179,106.362579,25.292915,58.177685
15.996765,10.969613,4.058129,15.609446,3.755516,28.347837
9.340475,6.969276,2.735133,12.625467,3.577951,11.666632
27.907890,18.602732,10.247633,36.211731,9.649714,41.091209
7.276052,5.376742,3.893254,10.222815,2.842520,8.286965
24.401011,16.685646,18.521278,26.701704,5.936656,62.721691
12.097136,8.481563,9.134133,38.190865,9.259505,6.070948
8.783490,6.486827,3.527972,10.013721,2.967077,1.615016
25.424007,17.693707,9.988680,25.922079,5.233484,7.305057
18.719414,13.159339,6.798264,25.397724,6.520111,6.794015
15.443037,7.444604,5.931962,21.634104,4.535938,1.671997
17.430227,12.247515,4.860299,19.922543,4.266225,5.527506
15.591446,11.457122,2.099510,21.129217,5.815720,23.293564
11.007631,7.745511,6.324995,24.664305,5.917696,14.099669
9.491451,6.705955,4.671675,19.739265,5.390733,8.663170
14.173209,10.217961,4.371474,15.973613,4.374004,12.763324
31.181606,21.177862,12.763237,48.814167,10.931106,10.318569
26.477354,18.149818,9.313069,24.807476,6.305936,25.864746
26.900072,18.204521,6.655499,25.431215,7.168493,18.640120
6.442615,4.531160,2.552335,11.492735,3.217797,5.136266
13.828176,10.087311,4.485811,10.016988,3.278857,2.210006
31.898468,19.609507,14.482616,42.345028,9.702852,19.434196
16.313868,6.561073,6.773060,40.330235,9.575045,12.938081
12.366955,8.852098,11.721558,23.403107,7.761496,13.281931
14.518041,10.163488,5.324213,21.038225,4.229655,4.748629
14.731992,10.530218,4.958977,18.251457,5.391495,20.188837
8.805662,6.654449,3.514424,6.463979,3.401798,4.039362
27.050835,18.183887,10.345277,54.808426,12.820694,57.389313
25.556005,12.164353,9.343843,15.278947,3.910633,18.510775
24.334232,12.149726,9.419720,15.244086,4.006110,17.724545
16.017788,11.223958,6.537345,20.654638,5.579842,5.469235
92.550438,46.343662,25.097429,95.459885,21.279238,26.193232
24.170393,16.793945,8.841415,32.854630,8.122821,14.622128
24.314615,17.316538,9.543975,19.883080,4.500998,5.923971
11.022202,7.750726,2.353178,13.111065,4.501400,4.245149
20.227213,14.162210,2.951340,18.569239,4.538896,6.516062
30.841137,19.649872,14.633489,34.813442,6.874303,14.399565
5.275204,3.484938,3.018293,14.276754,1.247783,3.734390
19.761599,14.072741,5.272351,20.401285,4.984680,5.589315
16.016319,11.056000,4.312544,32.436714,7.164604,10.553153
5.892334,4.345094,2.573760,8.490035,2.040902,3.007276
30.711363,21.539761,12.886277,47.690727,10.670104,8.978238
17.460443,11.804678,6.786648,26.282831,4.078450,3.957753
6.064729,4.484443,2.005379,13.847532,3.482844,3.895886
10.777334,7.466418,4.619669,12.441573,3.336242,44.783619
24.345652,16.588360,5.894548,21.563921,4.516440,20.639097
23.595772,16.004379,8.557475,27.610924,6.556692,8.591417
24.234245,16.600874,8.815016,36.537361,8.070955,6.485581
8.891589,6.271906,3.331053,9.252728,2.115738,4.448989
6.345304,4.430921,3.148012,14.525464,3.588446,16.601387
46.502617,25.680281,69.196938,182.253891,42.321911,103.019363
14.414567,10.084809,3.867798,10.024535,2.724192,0.555680
18.498343,12.830423,4.125946,19.683228,4.603845,14.210958
13.407375,9.422328,5.026128,18.180809,4.958414,11.780701
4.959505,3.827370,2.265593,9.807152,1.583164,1.747931
6.034598,4.380646,2.082462,9.917684,2.068512,13.768693
23.121265,16.184122,11.474143,34.191845,7.743658,15.252339
19.573059,13.751872,4.208570,18.561356,3.136260,8.819768
8.579065,5.088186,3.684467,19.717224,3.082006,9.306482
7.262007,5.529644,4.659129,18.968117,4.610481,8.927377
9.628478,7.500815,3.089639,10.505902,3.579744,7.727778
13.644534,10.018776,3.559994,15.277233,3.220421,8.835525
6.759336,4.861042,2.109810,7.261201,1.856756,1.925022
13.145716,9.102119,3.112091,11.669015,3.317995,13.402470
10.305361,7.269672,3.079734,11.985559,2.126963,3.454329
33.145580,21.701315,22.440075,54.927017,12.368001,20.009001
7.812938,5.429415,3.179651,13.319930,2.842999,7.898078
7.219997,3.980296,2.577534,10.809439,2.211258,5.735422
34.620407,23.488214,16.880182,68.601990,14.437532,34.700790
34.646416,23.835213,11.836778,29.070953,6.415117,7.225592
30.295166,20.905460,11.058439,28.423809,5.709072,7.444934
24.143364,16.510302,7.128065,19.116209,3.526774,7.992917
7.226162,4.833179,2.118660,13.858883,3.826807,1.440556
42.936340,27.325142,30.589987,102.684967,24.553276,79.430420
10.853370,7.836493,3.507322,14.603232,3.414999,4.114975
13.080126,8.012860,4.525532,19.891052,4.300397,18.270802
9.880142,6.642794,3.742745,19.483461,4.134283,14.306553
12.051858,8.543653,3.794463,15.906425,3.006665,10.035561
71.053322,41.138607,70.652908,205.523712,46.253063,123.296997
7.586366,5.371205,1.553445,23.523993,7.544638,36.959427
22.187321,15.591715,13.498949,59.585903,15.236357,53.699055
47.517941,27.738626,17.975311,74.554146,17.812189,76.486465
26.839808,18.492746,20.355293,71.119263,17.500601,30.066618
11.705318,8.812017,4.212183,15.447415,4.303583,23.306293
13.471361,9.375996,16.003700,44.111057,11.092884,17.398460
23.050259,16.289442,10.910812,34.310856,10.099094,10.072735
29.333822,20.387869,8.498763,22.915438,4.855924,25.170914
7.344516,5.496912,3.319388,26.674194,5.035075,6.182656
7.513898,5.412008,4.038031,23.306490,6.953717,10.894387
37.312820,22.877998,25.165316,60.559589,12.293574,53.283134
9.343596,6.896538,3.921735,24.824825,6.205018,25.230616
12.420746,8.908210,5.052499,25.594347,6.631320,13.183894
11.593024,8.545535,3.177648,19.873943,4.868032,7.739630
23.286217,15.483821,11.644507,39.410370,8.557861,22.262871
14.146705,9.760791,5.365108,18.440327,4.812309,7.510472
10.243851,7.229399,3.225684,19.800653,3.922429,1.497612
20.428806,14.570027,31.201904,111.653946,27.548532,59.779430
25.209003,17.178703,14.395509,41.599926,9.209702,12.713912
12.319769,8.642737,4.609344,21.498039,3.463906,4.323354
7.940763,5.874716,1.717196,14.367130,3.735683,6.444901
10.869881,7.682642,5.248072,13.408260,2.741095,7.734510
9.571021,6.871392,3.065331,14.035322,3.065984,8.919388
49.992004,22.880594,69.698692,208.358871,48.944649,123.802986
14.754232,10.605584,4.323328,16.808069,2.502595,6.662042
15.411034,10.724445,6.049056,19.284815,3.863013,15.461596
35.968086,23.322800,21.107887,74.313141,16.570385,28.848215
18.267305,12.680355,4.321614,30.528236,6.201019,3.349669
11.923779,8.607644,3.298029,11.578048,2.850883,1.547399
32.421391,20.931234,22.600565,43.387753,40.273430,2771.818359
43.649296,29.511454,17.348055,45.152584,10.882470,35.539108
6.130786,4.193742,1.962613,19.125250,3.901052,12.466522
9.846153,7.637476,3.298366,13.809190,2.858135,5.929081
8.762223,5.922489,3.522211,15.859854,2.792511,11.103943
8.017141,5.667441,2.695393,9.173105,2.841486,5.657235
14.424133,10.411233,5.224533,19.844265,4.256671,3.457652
30.922256,16.662722,16.654655,37.886078,9.549820,75.311798
48.473930,26.013184,34.331089,117.586266,27.153490,154.029907
16.636658,11.930294,4.923010,15.752738,3.801962,3.134555
4.550068,3.680702,2.358973,17.819286,3.672448,5.802620
7.174684,5.065004,3.614339,10.430577,2.920163,3.634531
24.552292,17.232456,7.834834,30.230839,5.777959,8.433328
27.426558,18.268515,10.583381,31.675655,7.932903,29.645292
11.661601,8.690441,2.244352,17.161264,5.082075,8.040148
8.391232,6.098799,2.970656,21.683664,4.250801,3.855782
4.876698,3.775883,1.114576,19.981209,5.572971,17.678211
31.015425,21.683414,9.910967,37.566250,9.880185,13.792067
35.088264,21.024675,29.021744,116.727486,28.803110,90.031204
7.353400,5.544357,4.423561,19.475462,4.491350,3.035028
28.910627,19.309996,13.415504,65.079834,15.821619,20.805811
18.094875,12.669877,7.582920,24.704679,5.789786,7.086275
10.972778,7.630800,4.480220,17.786175,4.200612,1.158280
20.491631,13.813257,7.792800,35.870651,7.182161,10.701518
15.266621,10.637408,4.138983,22.148001,5.684447,12.322853
25.025045,17.778704,22.782078,53.554008,12.964813,8.250923
17.499680,11.960332,5.808713,19.177628,3.982141,6.984117
8.361824,5.751100,3.978284,8.676890,2.175880,2.531349
7.554779,5.122978,1.349631,28.399267,8.008512,20.947596
9.351455,6.581928,3.007547,8.384086,2.381445,6.459834
6.023447,4.104992,3.101050,13.130513,2.997764,5.560246
6.878213,5.123720,2.254203,10.770695,2.254680,4.242369
22.117880,15.172419,8.149686,34.597572,7.176253,11.534947
10.018323,6.802877,3.112210,17.221191,3.757910,3.832197
5.280464,3.832865,2.113870,9.881729,2.178920,7.113906
6.326857,4.663851,2.584689,8.460551,1.842137,3.646372
14.255780,10.024977,4.908658,22.051247,3.663617,11.481869
12.296478,8.599524,4.719627,18.462786,4.209331,3.376368
15.264650,11.101749,3.019951,11.357479,2.172348,3.213872
6.934791,5.057882,3.729843,11.523476,3.715040,5.378152
4.266290,3.221099,1.935603,8.245028,1.936496,1.567387
49.431156,26.366005,66.362877,203.043076,50.076378,110.466034
6.837339,4.705047,2.693021,11.807343,2.143099,3.585377
8.912428,6.440817,3.021066,13.419706,3.173532,6.180253
7.884321,5.482594,3.723326,17.003305,4.878402,4.613529
29.243391,20.035265,13.001955,43.325371,9.359926,23.346184
9.145225,6.383033,4.415019,9.405768,2.847788,3.595466
14.823603,10.849300,5.975570,30.868595,6.463160,23.662760
9.512770,6.959535,3.019139,8.336286,2.816026,8.848116
13.395974,9.606952,3.015128,14.005947,3.360779,10.689952
27.781906,18.884516,8.599987,22.633242,5.382047,20.428427
22.139648,15.648058,6.069030,22.297186,5.873605,28.942289
41.316391,27.520319,29.043444,94.276245,20.541214,92.689217
7.515510,5.335119,3.574962,13.183224,4.021722,3.603236
7.749397,5.937056,2.459448,6.929718,2.084377,3.612356
12.495046,8.693081,2.956986,19.492199,5.185055,4.118179
4.982521,3.874975,2.701936,7.420266,2.145177,6.489637
25.920736,17.992352,7.354098,19.201256,3.853382,3.604275
22.525112,15.670372,5.551922,22.443731,5.173771,4.736874
13.666053,9.496944,2.599256,24.786547,6.025158,25.253923
26.812849,17.930824,15.041580,46.751102,11.320040,30.033939
4.761773,3.651979,2.363970,16.395166,1.631215,1.403548
36.988300,24.650358,18.082588,84.119698,22.619408,68.049515
28.963465,19.774137,8.988210,23.111538,4.576375,8.105983
5.108083,3.935908,1.879841,9.081695,2.436074,3.231555
11.728591,8.471618,2.771392,16.298002,3.725320,14.027023
7.774677,5.912684,3.000512,13.780394,3.535759,4.178489
22.770596,15.194015,13.590620,65.438972,16.096022,56.819756
19.802191,14.079801,21.353752,78.602242,16.651907,36.164978
9.155701,6.843650,3.146551,11.125531,1.804373,5.152669
36.252937,24.165091,39.356205,145.683990,32.040348,85.457092
50.643291,32.009972,15.478450,54.657707,13.553280,40.513081
31.964548,22.053854,18.338930,77.156189,19.131592,106.288170
23.486374,15.982924,12.815573,69.343063,16.957119,20.248400
15.542029,11.031439,4.728399,22.045656,5.409606,8.270257
39.201744,25.248014,19.146519,79.470154,19.134062,17.203409
37.555058,19.380966,26.011662,90.113144,21.379908,37.956825
10.070193,6.944654,4.777862,18.576391,2.936320,6.477935
6.593463,4.482401,1.628241,25.879692,7.984190,21.549543
27.591270,18.964804,7.491939,39.159843,9.836664,28.522053
20.523781,13.924798,6.944809,14.842215,4.234596,26.462147
7.833541,5.495007,5.534382,27.049074,6.074963,9.293029
8.445565,6.080450,2.607227,17.078794,3.186512,2.466488
20.037167,14.289358,5.983228,22.156475,5.256629,16.623949
19.887430,13.732352,5.197672,28.562918,7.315747,17.371359
10.542204,7.680137,1.422920,14.269382,3.706743,20.202978
42.746170,26.624657,30.166681,104.060638,26.717066,68.180321
28.061092,19.484268,24.827093,73.256905,18.219444,38.433743
17.334276,12.209705,5.124014,18.480156,5.148226,7.120751
12.539446,8.810092,3.787152,15.981976,4.180870,4.489516
23.420982,16.497778,19.301569,46.821415,10.141047,15.092103
35.790668,24.865574,21.669031,65.206856,17.317808,82.397438
6.458127,3.977994,3.124321,16.211102,3.462764,3.704635
8.794711,6.418456,3.410503,15.088201,2.707759,2.823411
8.404719,6.053835,2.782938,9.270042,2.980167,6.828311
6.622506,4.473219,2.178982,9.585079,2.108564,3.747921
17.798492,12.653178,8.616757,27.185112,7.684049,9.012456
21.163742,14.483067,5.934568,22.213705,6.040801,11.218335
66.591820,35.030293,92.368378,313.616486,81.058388,197.234024
24.513689,17.070568,7.154674,26.246248,7.612710,14.042905
13.544795,9.122767,5.106707,22.268078,4.543360,5.141028
30.134010,14.933983,15.093823,45.369236,10.526601,12.706141
15.778944,11.169538,7.211845,30.207117,7.849347,23.576950
8.293329,5.701872,3.041981,11.912227,3.113674,2.418761
9.124958,6.422779,3.426914,10.815807,2.220031,2.770965
23.644165,16.566263,7.291186,24.319427,5.094278,19.127134
7.894196,5.655358,2.011043,2.196317,0.440731,4.717741
31.410112,20.844450,23.797861,67.267944,14.123013,13.415367
15.804287,11.338386,8.547445,18.369139,4.490375,5.965517
13.996580,10.118836,4.444144,21.252501,4.029906,6.385422
33.226189,19.907946,11.800918,44.998016,9.489750,28.097427
13.064976,6.208540,3.975294,26.774742,5.674925,7.611057
7.706546,5.753348,5.777276,29.566936,7.797363,10.418958
13.019469,9.402923,6.045339,16.437057,2.364258,7.245558
29.914520,20.392467,15.393960,54.821476,13.312326,47.420101
23.689806,16.697166,12.703918,9.038888,1.560185,8.004799
14.159010,9.823439,6.181559,20.169861,3.687461,3.917361
19.083672,14.069173,6.465660,21.419096,5.342690,8.850338
10.557478,7.737651,6.897694,29.315622,8.279969,21.007868
27.457735,17.682892,26.222530,70.538261,17.943140,82.746941
24.458075,16.637466,9.708836,23.450537,7.559474,17.880869
21.114220,14.563169,6.380043,17.431866,4.664040,2.089019
28.955204,19.070013,13.929380,60.503571,13.252467,35.037663
8.446251,6.102556,3.355737,16.656113,3.020731,5.038862
28.987881,13.086068,21.602268,77.963989,19.294395,32.370781
26.984119,15.105663,16.475649,77.997963,15.931787,23.997242
26.726547,18.049467,9.553850,25.484295,6.686499,10.430651
34.850456,18.281748,9.746478,35.793243,10.292275,32.284328
24.046852,10.202343,7.216898,52.797459,13.658785,35.711552
28.747147,19.740122,14.162061,40.814659,9.243400,29.696077
28.672512,19.552208,11.882874,49.864872,12.494813,13.584373
15.369228,10.890941,6.315422,4.445401,8.200926,669.346619
19.148687,13.299389,9.104947,34.525391,6.437930,12.091073
13.889462,9.513815,3.531443,22.227503,4.567055,22.506458
44.850494,27.438629,22.941246,76.968620,18.488213,40.624134
31.836033,21.178738,11.460641,62.328938,14.136889,20.465124
29.375561,19.068106,17.219404,53.271358,11.005956,33.410309
5.115758,4.121641,1.731455,0.523087,0.334367,2.762064
23.329912,16.102303,7.646345,26.662983,6.175715,15.938334
19.546713,13.340173,17.857317,64.282448,18.502359,120.945534
13.012591,8.770323,5.915611,19.065678,3.923092,2.351103
12.073261,8.068401,7.072091,24.252443,4.487565,13.681077
4.812251,3.640822,2.821221,6.923729,2.406781,3.542062
8.115941,5.831450,8.276127,22.837921,5.829231,5.689118
7.808649,5.797053,3.479597,0.114259,0.038833,2.473604
21.467318,15.024761,11.746099,27.026815,6.543594,25.229034
22.838390,15.597304,6.535521,38.816425,10.581886,11.974659
25.891857,18.076641,8.336082,29.897449,7.428555,22.553925
23.717083,16.627476,9.233418,50.700939,14.103930,32.232780
5.788355,4.373163,2.523650,12.169485,3.015185,5.871629
14.899979,9.751089,29.321621,32.584381,7.530605,44.394325
20.443102,13.944341,6.546393,37.169437,7.660525,7.992150
26.207052,14.753332,5.697289,52.390057,14.967093,35.335953
63.682461,31.047491,88.739517,266.505768,56.722416,88.767143
28.547976,19.654222,8.489513,24.599146,7.079547,17.878977
23.926300,15.882015,9.153050,33.604603,7.975196,19.208979
9.982293,7.399112,2.869654,11.059925,3.349960,9.674048
10.074008,7.109914,2.911741,13.833860,2.742505,10.619976
22.819523,15.768192,7.263318,24.645735,5.524449,8.110343
21.743467,14.513271,18.690645,76.082275,19.614466,62.303757
15.260491,10.873457,7.659836,35.882008,8.825135,17.979660
13.855696,9.688905,5.248804,19.324366,3.937828,10.136169
17.254076,12.189054,12.844754,39.319775,8.248803,8.050225
9.321606,6.539860,3.607541,18.539591,4.590096,4.474500
12.113315,8.848029,4.703005,21.054956,3.976568,10.076321
18.031368,13.011141,5.868492,28.254139,5.279818,17.969694
35.275288,24.230028,13.498062,37.630997,9.664019,5.380400
15.824454,11.138799,6.059232,20.483061,4.986627,6.818447
27.085915,18.857182,18.242718,73.447128,18.212467,46.639160
11.868939,8.572828,4.934520,13.002608,4.239527,5.198267
49.758186,27.606321,16.230549,59.507805,14.455510,22.165356
15.836194,11.606496,5.857200,25.232454,7.193799,25.295033
8.493937,6.102358,3.666182,12.616176,2.393754,3.455159
18.467216,12.969332,4.470493,25.575813,6.640793,15.517475
20.853029,14.265451,5.707057,33.122410,9.450372,15.459059
23.795216,16.233644,6.691217,26.771431,5.540287,31.281982
11.146874,7.906532,3.496827,11.336863,1.662954,5.066033
14.763176,10.311730,5.018761,13.970662,4.458426,1.651731
21.913609,15.022783,6.102017,13.750491,3.520090,5.379993
36.167778,24.620619,7.448258,46.283260,12.959889,43.192768
12.585403,9.163404,2.784369,14.023483,3.137432,3.498743
17.294870,12.140567,4.701477,20.626490,5.939621,21.457390
17.090092,11.814468,6.552221,18.957140,4.268365,8.854356
15.045454,10.611184,5.070290,23.417070,7.121576,9.346704
48.087090,31.516005,37.612759,78.750893,18.105509,65.778824
25.521143,17.082237,9.237859,31.637375,6.712897,27.139143
26.579231,17.610626,7.116848,33.321320,6.626546,14.361336
10.141853,7.364377,3.046338,15.966101,3.903239,13.985129
19.413092,13.608316,6.358176,24.515089,7.213441,15.836575
19.613295,13.535089,5.903122,22.306768,5.683064,3.221806
6.810058,5.016506,2.998679,10.932936,2.506297,5.128639
40.871761,26.030254,22.058887,69.175568,16.274372,34.097328
5.084107,3.702435,1.255023,7.864102,1.538980,5.442265
28.097120,13.961781,10.623756,29.834803,7.665661,9.548446
27.479059,14.020319,10.779209,31.049715,8.157994,9.017538
9.323871,6.713963,8.307401,17.987116,5.398159,12.706223
5.802618,4.124816,2.511287,7.560514,1.251178,2.233595
16.062061,11.648629,6.190761,17.541882,4.370221,32.762108
36.106548,23.915871,8.972579,37.984982,8.911293,30.554350
11.738507,8.544576,2.791802,10.345871,3.589887,8.986863
26.378656,17.947952,8.970556,25.640862,5.880443,45.735569
13.784661,9.570018,9.461068,44.502743,10.889683,41.864941
6.040028,4.167866,2.906758,9.181048,2.797807,5.192682
20.015703,13.792399,6.579419,12.838220,3.714982,4.381249
18.641958,12.930691,12.861116,43.482742,10.074627,5.731697
13.317010,9.165301,3.545492,19.225216,4.598114,3.523263
8.940876,6.624282,1.846664,18.880669,4.355586,15.616915
8.775681,6.337174,2.748871,14.559800,2.430610,2.387867
26.225817,17.874231,8.510340,26.879274,7.174395,4.844723
65.755020,39.367256,25.433115,128.075027,32.438240,106.568626
20.880146,14.512415,7.232294,27.418436,6.115997,7.034657
9.296999,6.806284,3.161236,13.422599,3.523620,6.912233
35.955471,23.136026,8.398314,34.698421,6.399899,15.769327
58.500099,35.465710,16.371969,58.164066,14.257771,12.287998
8.773685,6.586191,2.599912,10.956977,3.265478,3.177095
27.200905,18.222830,28.074060,79.886276,17.317190,63.817142
33.698673,22.267775,12.773556,51.095802,12.463835,15.527875
15.555872,11.306482,4.486626,23.523001,4.739374,3.996003
37.784790,23.344429,18.681702,81.272781,20.040913,71.032684
41.369957,27.744566,19.491699,78.385803,17.386454,36.652912
35.416920,23.746037,23.206369,55.955971,15.923420,36.701611
41.593487,25.972782,32.988686,114.134071,27.530750,152.489777
11.108001,7.929404,4.725919,18.117640,3.827397,6.568360
15.850458,10.906066,4.756981,24.102808,5.871279,14.482838
10.694205,7.263666,7.960406,25.905560,5.825953,8.730655
55.816322,33.023220,43.363968,157.890259,41.012226,169.030716
19.191277,13.816778,6.745362,10.366372,3.287365,6.266588
16.258610,11.710255,3.391323,17.573191,5.281541,6.877739
18.252096,12.905908,7.248680,19.074490,5.060313,12.803022
9.609647,6.737463,3.076449,20.050316,3.840448,6.763865
10.755728,7.833035,5.325009,24.166157,5.892404,8.748531
12.810596,8.910297,4.511256,18.180407,2.796115,16.513821
31.429287,21.177223,8.529970,28.445543,6.483991,7.589583
6.610990,4.849911,2.449505,8.894143,2.784573,2.362576
23.688616,16.463482,9.866938,37.445827,10.350080,53.483620
7.428562,5.482044,2.196945,20.042942,4.998898,8.689754
30.248220,20.575335,19.729103,61.305004,14.832600,57.537220
30.843208,21.327129,13.238249,52.682083,10.778691,22.597408
9.935348,6.629131,4.607565,15.905343,4.798551,7.345762
32.287659,21.899517,12.382527,36.111340,9.579867,26.246588
7.624098,5.624611,3.281239,12.277581,3.353162,15.779599
9.374029,6.936135,4.799973,15.455380,2.697042,9.566012
4.415111,3.389473,3.748273,27.846640,5.820841,5.805953
5.737965,4.328353,2.063861,11.349266,2.830189,6.823829
13.410958,9.626943,3.180254,11.905412,2.054660,6.461127
15.431857,10.821948,5.399092,12.012283,2.088412,9.415506
24.616888,13.147534,8.841467,42.125816,10.971196,19.672728
12.162165,8.998579,4.611921,11.693728,2.049929,3.093664
14.174636,10.113153,4.409786,11.937472,2.929273,3.304039
21.630295,14.522969,13.214227,39.564152,7.671202,9.281338
10.229377,7.368106,2.190462,5.137503,1.264179,4.859541
21.947861,15.140171,6.541829,22.148506,5.061836,7.688807
4.267419,3.277455,2.119865,9.643900,1.682950,5.200933
11.305098,7.746614,3.936274,17.324425,3.047144,8.193087
6.979702,4.839050,3.313315,15.333645,2.742894,3.731499
15.312051,11.037184,5.620909,30.124800,7.036118,16.221445
22.569630,15.172827,8.792957,34.422123,8.457399,16.385952
38.456039,25.584496,16.284451,43.632866,10.552237,17.575880
11.246731,7.959270,3.674694,24.134949,6.673934,5.440788
10.089527,6.979075,2.504245,18.490215,5.909759,2.876801
34.216129,22.626602,39.334957,155.859955,42.616512,111.088936
20.211075,13.996933,9.758392,35.486446,8.306793,20.839394
12.507979,8.842908,3.907897,8.694830,2.094711,2.868163
11.393527,7.757764,4.926279,17.054123,2.891376,5.066224
34.041538,23.589365,17.672598,63.740677,13.726225,12.189668
27.372736,18.262430,18.550587,71.067078,16.625380,16.727880
21.850906,15.000527,9.273479,38.310093,7.913880,6.227859
31.557600,20.865211,11.158930,43.291248,9.733201,30.346455
20.443228,11.351888,11.438223,18.225773,4.465205,8.539955
26.905664,9.033700,10.605911,36.243896,6.918417,19.905584
20.772392,10.464285,6.013628,31.529474,6.178126,19.173210
7.252223,4.866618,2.880789,12.228462,2.486158,4.137712
7.658401,5.679616,3.160867,10.799017,2.745872,11.504886
6.531641,4.539218,4.348193,17.958004,2.932554,6.374959
36.863209,24.653803,22.214043,63.819340,15.219670,61.245171
29.702143,20.334837,7.312375,39.099224,9.965335,29.809261
10.419333,7.238904,5.484748,17.299019,3.869785,5.313717
27.434818,18.584982,10.611603,22.477028,6.129720,17.053331
5.284562,3.878263,3.092018,6.380052,1.283962,6.348195
11.351963,8.314770,3.808985,12.137620,2.018394,6.833669
18.654520,12.896913,6.727023,23.267982,5.859848,13.627754
13.019139,8.955375,5.475622,24.766254,5.593846,10.981694
8.746583,6.150080,2.791126,12.151736,2.376457,12.121695
35.877777,18.341900,14.336390,47.345211,12.811965,38.060383
14.140983,9.762013,3.534798,25.459074,4.904771,16.264978
8.222356,5.713019,2.843468,12.223745,2.175649,2.735265
9.534787,6.507315,3.199079,9.543748,2.638266,4.817273
5.813239,4.468610,2.780148,9.011322,2.789952,4.835614
27.606136,19.474901,9.159620,25.559597,5.809543,13.891788
5.198620,3.829647,2.320259,13.709458,3.670732,7.895366
11.285931,8.134188,3.540373,24.650806,7.531283,12.435363
26.114363,18.062033,7.790064,25.167501,5.360626,8.214897
13.515413,9.286519,15.681785,50.230698,12.274609,10.614295
7.429152,5.383367,2.230976,12.090384,3.191920,11.587331
10.835252,7.943031,3.150889,17.618353,3.959038,18.788534
16.425776,11.508633,5.296358,21.888359,5.359737,17.849916
7.766765,5.834096,3.624033,10.740808,2.084613,2.480057
11.225195,8.208821,2.954347,11.287489,2.771218,2.978344
11.278821,8.283175,3.371860,12.153075,2.007447,1.109967
14.524223,7.619465,5.898175,28.381186,6.991154,14.225621
13.442854,9.640528,3.637205,19.428446,4.515779,15.267979
14.698453,10.317309,3.539455,19.664230,4.726593,4.366308
4.537632,3.365143,2.416540,6.343758,1.661542,5.423965
24.945093,17.371128,8.621620,27.232674,7.496870,18.277481
11.061793,7.914651,4.552451,4.108462,0.841847,17.185843
27.124086,17.878378,5.395938,52.135872,10.986894,7.400913
11.574408,6.115810,2.851877,29.078459,6.007125,3.693349
16.923899,11.686020,5.338187,17.917150,3.505271,11.489015
24.806635,16.577036,8.344231,25.765865,7.257699,9.287704
5.201931,3.609030,2.331719,6.788292,1.227079,15.122919
19.568142,7.852811,8.873308,23.979843,6.503986,12.940969
21.790052,12.977082,8.391400,31.563021,8.435106,12.326446
24.928576,17.425629,7.552839,28.862310,7.268458,7.997104
86.113434,52.500027,48.595558,191.654266,48.381233,200.814713
37.182240,24.194845,12.956194,38.986515,8.859937,10.456328
39.462696,26.575512,11.444379,23.233332,7.467140,7.743633
10.867810,7.461720,14.314274,57.140198,13.363410,34.795937
19.812956,14.097881,17.759775,45.807259,11.468772,52.045727
10.272390,7.041078,5.232444,19.734793,3.523266,3.337661
6.743452,4.718469,3.877211,11.250965,2.411816,4.483610
27.676168,19.075682,19.120941,65.094521,17.641981,27.083580
19.348478,14.091193,7.951101,30.289759,7.777221,21.818468
36.294842,23.094141,13.309520,56.070431,13.545680,35.312191
41.256493,27.444223,13.644157,57.804989,13.274302,37.982792
11.393271,8.112313,4.078374,13.082668,3.245798,4.200166
35.477818,22.077171,24.395975,94.018555,20.524872,70.062073
13.819085,9.671876,24.060007,93.930519,22.090210,46.668041
34.592251,23.192894,9.502806,42.294495,9.597296,32.287159
23.357399,16.274200,6.531705,26.696760,5.562096,12.994469
11.230323,7.772260,3.983485,16.487053,4.206886,5.163790
11.311833,8.344394,4.401423,18.046440,3.887213,11.226192
11.550348,8.144313,3.609317,14.609827,3.952967,12.458778
7.301313,5.578830,2.501642,10.822831,3.589247,10.825757
10.321132,7.591115,6.039175,19.328369,5.925052,13.452085
46.787163,30.037422,20.996460,70.857300,17.419970,64.946739
10.197915,7.408062,3.018988,13.488896,2.629020,5.058044
12.169517,8.376844,5.167995,20.024649,4.971125,7.577984
32.312904,22.118902,10.080083,33.118877,8.098882,11.285832
18.887577,13.275544,6.098484,18.190907,3.505325,2.022755
15.288648,10.750713,7.314404,18.508282,3.180248,2.803493
19.117962,9.934734,12.282233,25.005733,9.184612,72.412910
27.755104,17.755033,22.728310,67.541306,19.525545,106.954155
15.736034,11.792773,6.597345,18.839453,4.107692,10.554517
56.896889,35.199192,20.442165,50.962551,11.747430,45.557236
8.902075,6.665619,3.283586,16.489624,4.176567,3.313357
12.342027,8.900010,3.188377,24.902483,5.460392,3.063938
29.495447,19.562477,8.677249,32.311012,9.423816,24.595194
25.980389,18.083941,7.363299,25.952824,6.240003,8.886096
12.365542,8.483379,3.109560,12.914777,3.122099,4.739591
50.000015,34.086994,26.414509,103.862091,27.106031,43.854759
15.398737,10.930535,4.802577,19.822678,4.919706,25.097288
68.350037,35.274677,38.930794,160.693283,38.190582,63.065121
19.769907,13.357062,8.076284,18.648062,3.892503,6.450563
61.210552,37.985558,25.002544,129.626144,29.312551,72.079994
16.537542,12.109768,5.831681,17.140041,4.557636,4.328086
22.077831,14.237467,7.844841,26.065102,6.994547,4.970205
41.930412,27.225147,11.332761,52.832005,12.188129,43.715710
14.934823,10.917792,8.586473,27.700455,6.520993,13.025285
13.687236,9.307220,4.567181,17.645367,5.339966,9.285784
27.214838,19.239082,13.253191,102.097473,26.382185,14.010189
6.571944,4.795945,5.732177,22.512030,6.834345,11.256049
18.016342,12.220082,6.381330,25.588861,5.155344,13.669679
13.732534,9.573895,3.922899,18.127609,4.755339,5.132237
25.261383,17.674736,7.414865,21.955206,4.867671,6.945946
43.607410,25.663231,45.425713,166.523636,36.915867,74.293373
7.661081,5.692491,2.445842,11.882239,3.611247,4.451272
7.056543,4.861663,3.583823,9.630113,2.516201,10.107949
14.238909,10.183780,4.374614,19.821526,4.931658,4.914202
37.195778,24.458818,15.550215,56.735760,12.463439,17.071863
10.909395,7.735857,6.077149,15.484370,3.611583,6.343588
44.301132,29.385921,14.562093,32.968987,7.518638,27.734783
23.326233,16.278757,7.510851,29.707901,6.953674,22.673838
25.481544,17.794876,5.280954,34.891560,7.480725,25.262426
15.588886,10.902905,5.177820,19.751469,3.546957,10.199290
22.644064,15.534093,10.044885,42.589836,9.969662,27.240646
17.963873,13.035516,5.766283,14.663061,5.063187,4.731663
5.810263,4.212314,3.399795,9.107257,2.627093,9.490550
39.905998,24.663015,21.342213,74.238632,17.891886,18.580526
19.570023,13.443179,13.542045,55.348373,11.640885,20.188761
40.613907,21.160845,18.192179,27.045374,6.534647,41.240421
53.928104,28.921305,30.467546,62.235268,11.660119,44.815376
25.841236,18.054417,9.101952,42.472713,11.550172,35.713181
22.591555,15.445232,8.967687,49.983192,10.417950,19.502579
7.774206,5.686133,2.996783,2.898671,-0.344951,3.572248
11.858534,8.330820,7.178978,16.532539,4.934093,6.523833
9.167535,6.540206,2.328472,17.879456,4.602247,27.730288
6.485575,4.603819,8.802318,49.294720,13.238162,16.034895
17.502029,12.369581,5.926180,17.105785,3.719003,2.944635
17.659763,12.197122,4.139398,15.449993,5.369700,6.781069
16.260906,11.430646,8.242327,28.308908,8.212011,13.197504
7.648235,5.371264,3.359169,8.094771,2.393890,8.062697
28.934969,20.084782,7.383976,34.454041,9.323760,12.380490
11.283548,8.047998,4.027244,22.018019,5.283772,26.396389
21.364969,14.947622,8.272275,29.140236,7.194381,14.037536
57.137833,36.897720,29.918819,92.636528,21.821383,27.316744
7.326926,5.386913,3.870835,15.646627,3.256501,7.545119
21.676138,15.246173,14.101544,52.598328,12.382991,37.615990
26.728930,18.321108,13.641347,31.996853,6.449533,7.479698
39.195000,25.653944,9.032084,48.341560,10.948917,21.272547
15.994486,11.475291,6.420678,27.224035,6.290246,30.873598
29.813143,20.768435,10.311432,24.466156,6.299565,28.542665
16.211855,11.679201,4.951983,12.209346,4.383038,5.953959
45.960896,29.289013,21.191780,35.192875,9.638079,23.699217
23.815722,16.722689,7.285721,14.382300,3.404432,14.930964
5.963549,3.076537,2.277340,13.888089,2.336084,5.550789
39.417789,25.406946,19.943584,44.896313,11.172513,22.426836
25.309317,16.311577,19.010336,66.516380,15.376472,30.557695
13.544445,9.311762,6.808948,19.238092,5.158427,7.887371
9.273580,6.903733,3.027914,10.196650,2.297531,10.080221
29.065655,14.198606,9.715878,29.802794,8.627092,16.927397
26.794628,14.170938,9.548961,31.297129,8.320453,16.632656
27.635921,18.648994,13.368881,31.431179,7.064930,13.385283
11.794387,8.683310,4.407914,17.590561,4.007641,12.897189
12.810636,7.779713,4.637394,10.678504,2.796415,4.418149
46.769211,30.379150,16.322872,41.220234,10.796956,13.729022
7.290715,4.972175,3.399695,5.804747,2.607840,8.814382
11.284657,7.992653,10.930564,33.051247,7.949030,13.000178
57.000038,21.381664,30.375813,102.524452,26.514318,43.252827
4.400477,3.360799,2.766356,8.105119,2.248657,0.740955
6.565124,4.879929,4.494050,14.871513,3.357817,5.271161
19.085718,13.165723,5.417233,17.526299,5.146265,8.304024
18.596249,13.254674,4.930772,21.523438,4.963898,38.482903
35.436596,23.441540,10.572617,40.402550,10.147238,9.286889
10.696442,7.545929,3.497618,9.015985,2.974853,13.637265
37.890919,23.837175,30.819525,139.084320,32.174736,33.263237
20.214514,13.918821,7.408975,19.108057,5.258230,6.180142
23.220898,15.382618,31.420477,57.603096,13.695043,67.822090
35.070415,17.358137,17.491802,51.907558,14.001747,40.285160
30.286612,21.034132,20.015659,65.880127,16.706615,23.951880
43.471485,26.682602,17.243546,44.954376,10.699308,23.608662
22.242455,16.071627,8.744053,60.042858,12.380749,20.011703
7.029022,5.161427,1.539906,8.674142,1.979536,3.938457
26.307705,17.866722,5.496262,29.985125,7.287621,19.930162
10.624478,7.616298,2.972176,13.027794,3.179955,2.381033
17.336018,12.319322,6.652010,15.399568,3.352268,7.667787
6.038465,4.428814,2.639644,11.560369,2.955508,9.411372
7.273789,5.369129,2.332560,13.116207,2.220000,4.944289
24.206715,17.150360,7.384623,18.754898,3.156552,20.716902
25.487253,17.763399,24.022799,97.395042,22.648540,50.049355
16.042419,11.425102,4.746244,21.405319,4.741160,1.909860
39.474464,23.394228,48.496445,184.023849,42.862713,118.161400
22.818768,15.846612,7.973159,23.343231,4.953792,26.437334
34.376827,24.117744,8.211590,33.454006,10.245099,27.081289
24.647850,16.484991,7.100585,18.073904,3.043522,17.381714
78.197624,49.196842,91.384346,288.585541,71.224976,151.168930
59.503578,32.206203,57.426037,212.129242,49.725887,154.743622
9.432390,6.595664,7.999485,13.132728,2.786877,3.098881
12.194715,8.400330,3.585365,15.359107,4.772610,4.624541
26.210226,16.860035,28.007191,62.810078,15.045970,65.081131
10.252866,6.409723,3.010547,11.850168,2.899033,7.619835
11.966664,8.295287,4.199203,13.083942,3.411113,3.200747
28.457016,19.497976,14.188184,30.511866,7.515456,23.088270
22.369026,15.517931,12.638678,42.046719,9.830682,38.365356
16.377209,11.500846,5.242075,29.173361,6.502792,11.932587
28.629433,18.902987,10.226583,27.754694,6.586537,8.507537
22.085081,15.239362,9.460773,26.377270,6.000062,11.605100
16.534506,11.700963,21.228012,47.946560,13.843833,21.836073
72.348526,37.984310,45.072502,133.241760,32.975739,121.941254
15.360140,10.927686,4.578407,11.090574,1.992874,3.184128
34.311951,22.018906,18.944935,104.147514,24.563187,82.897675
5.261854,3.918373,2.433250,10.955059,2.606641,2.224435
5.310973,4.222880,1.845424,4.758262,2.505467,15.497400
28.179396,18.882339,8.447188,39.135288,8.343625,27.670156
11.834959,8.589025,4.173383,14.609568,3.357346,12.997819
6.278256,4.635816,3.210308,4.547270,1.538534,3.795411
17.850578,12.339570,5.296402,27.913288,5.921992,4.123726
13.836769,9.610927,3.501710,20.285336,4.752375,16.714283
6.121957,4.306208,2.067095,11.186354,2.927293,0.033963
28.882893,19.863331,9.189334,30.604477,7.306680,14.464368
7.281875,5.213315,4.373916,7.730784,2.499242,3.242887
16.893721,11.737735,4.829790,20.514296,5.508102,11.715389
27.667027,19.655987,15.768872,36.676369,9.892500,20.406977
5.236338,3.747197,2.647587,17.672827,3.718989,1.384575
18.941059,12.878911,6.889779,29.620239,7.387104,19.419992
33.812538,16.498194,10.822674,32.351284,10.074338,22.630829
35.363346,16.526722,11.602406,42.206596,11.958212,22.189587
9.376046,6.770408,8.167946,27.129936,7.688344,13.635913
15.559448,11.142200,5.549747,14.732133,3.480902,12.461864
36.903542,25.221930,25.908699,87.160233,19.551121,40.620636
11.628219,8.486385,2.830907,11.368617,2.843257,9.806008
24.242161,16.207060,11.868657,64.610298,15.553822,17.850609
17.651178,12.168274,7.340904,19.886786,4.865227,2.824161
12.262533,8.518107,4.320864,24.622721,5.018334,6.110962
8.733853,6.544158,3.494856,10.419521,2.508291,4.564687
10.300980,7.201424,3.636145,9.607410,2.013258,4.102485
15.903889,11.478472,7.204681,4.497007,0.978999,13.771892
4.982393,3.795399,2.127488,7.635858,2.054761,1.470437
7.590379,5.277498,3.576458,10.026178,2.560726,7.621060
35.155933,22.776009,16.732721,73.696373,19.488796,47.547844
14.254963,10.151088,3.899274,13.994889,4.382551,17.532652
10.840335,7.741139,4.195574,13.097958,3.905031,4.587924
22.218210,15.810177,11.998979,24.482485,6.599543,21.189844
15.624366,11.213814,6.200846,23.503424,6.128839,24.138641
15.819970,10.923810,5.153598,23.415180,6.034181,6.074285
38.825188,24.266321,12.383540,53.257580,13.358095,29.574444
58.724136,37.454227,23.623619,85.301315,19.556421,53.174225
7.850200,5.462368,2.326859,10.087166,2.610957,2.027564
13.494970,9.680794,6.920717,19.789085,3.467207,11.356403
37.539513,24.760448,24.272369,84.104362,20.063494,18.190220
29.243141,19.609144,11.405987,48.812119,12.524751,30.934153
31.357874,20.115627,20.139854,75.530708,18.195717,32.858990
13.336864,9.242438,4.419302,15.403823,3.162116,12.487533
12.543554,8.523729,6.620158,4.052639,0.892153,9.543280
16.573019,6.970988,5.879596,14.501155,3.079083,9.205503
13.508443,6.594581,5.086667,16.575024,3.681987,6.694367
24.139259,16.572779,7.236678,20.322296,3.727921,11.441494
8.285677,6.066617,4.342526,9.022352,2.982701,4.761887
15.552985,11.124165,9.213526,7.318602,1.514817,10.414982
12.204681,8.607780,3.427774,9.245972,2.333958,2.925655
12.127151,8.871107,4.723138,13.348810,2.525458,11.031909
27.668015,19.072950,9.784389,41.243492,9.318789,17.764269
7.225763,5.068238,1.816583,26.894403,7.297350,28.149448
6.611024,4.510174,2.905160,3.371608,1.284970,-0.246939
12.603888,8.871253,2.485675,13.944012,4.193048,10.757472
22.633772,16.179750,6.372025,25.922979,6.210362,9.955474
7.179394,5.182456,3.101522,11.727638,3.181016,4.566546
40.684586,26.109831,16.239716,55.592304,13.677982,46.024380
13.346505,9.314789,4.206899,10.992229,3.206784,2.093799
16.308352,11.394510,3.195318,19.982740,5.455182,6.492682
11.751974,8.608806,11.445038,16.369970,3.873641,12.991878
7.277049,5.426456,2.228351,9.063506,2.448249,2.246411
8.335068,5.926406,3.856738,12.467151,2.573077,15.088252
12.483773,8.980309,4.707097,18.657133,4.917635,29.832573
21.589024,15.482171,5.586188,34.785515,9.166619,2.823126
25.523720,16.853062,25.682451,59.903660,12.774984,16.960270
8.050364,5.624025,3.852910,7.875660,1.522845,5.638722
4.906142,3.386392,5.477147,18.319166,3.766401,4.409546
11.279479,8.095113,9.911579,67.883514,17.197903,10.377748
4.204626,3.091022,2.285356,8.468323,2.411548,3.522040
7.626584,5.604812,2.883821,12.996135,2.712031,5.327701
8.660836,6.383551,2.563985,9.617175,3.745357,1.978252
8.628618,6.649868,2.435958,13.509018,3.689305,6.701323
6.275521,4.490201,2.981085,8.486271,2.504111,5.715023
19.783257,13.916675,5.684214,13.368331,3.225972,23.591999
12.117767,8.658585,6.584789,18.914871,5.083319,10.464809
9.255050,6.421064,2.673613,11.698788,1.756628,6.506750
7.773484,5.511989,2.544034,16.997746,4.144762,4.437562
100.582115,47.476490,105.940292,327.703430,74.212883,134.165024
10.056373,7.182248,9.664021,23.152813,6.176537,17.239851
31.164492,19.928246,28.506001,92.869675,22.876678,122.914604
14.806998,10.284147,12.245378,48.124531,11.905866,26.204271
11.168591,8.062951,4.093807,14.907950,4.022074,8.616654
11.229884,7.901188,3.113769,17.379620,5.128968,9.072867
17.054567,12.444960,7.139611,27.844776,6.969593,48.545315
18.935326,13.298880,5.455105,25.216728,4.212430,6.942421
19.955605,14.015413,13.096472,9.480562,1.908613,8.456869
40.893738,25.046137,14.193692,54.423382,11.962819,41.005005
47.968933,29.925261,14.681993,57.034908,12.582104,8.468916
29.423355,20.096167,17.498960,42.907349,12.353823,31.894840
14.924287,10.358515,4.716094,11.794531,2.621873,7.887995
10.821257,7.893973,2.389049,13.718717,3.446256,5.720947
15.592288,11.290714,3.976452,10.935043,2.509125,1.380806
42.858200,28.035627,28.478365,117.065269,28.435869,91.001556
50.002323,29.778540,15.486415,57.997952,12.167423,17.652102
18.131033,13.273649,5.896962,17.176018,3.024474,6.774336
6.806756,4.716451,3.690218,14.926760,3.413758,4.146300
12.283432,8.623771,4.728572,14.903600,2.254226,6.048430
18.301245,13.657441,6.624553,28.744564,7.533743,13.094790
15.560539,11.010247,5.331784,23.939148,3.708247,8.943391
5.238609,3.718934,2.244997,10.470252,2.436542,2.970080
18.834301,13.002685,3.509559,20.815674,3.670827,3.681762
40.376297,21.165443,16.221931,56.218243,14.189073,15.765825
33.875401,20.993574,43.220741,125.124870,28.687769,89.843536
8.027637,5.727815,2.627655,12.616255,1.979206,3.615622
18.479612,13.034706,7.646643,37.392647,9.382220,10.282530
14.040906,9.928217,4.613131,16.267450,3.532763,4.788818
9.957424,6.955962,3.085867,5.923537,2.227989,4.465240
6.538193,4.500043,2.564134,13.766450,3.199759,5.126177
10.930619,7.984088,2.422330,14.033007,3.558662,7.387813
10.092257,7.404539,2.829644,12.585953,2.361204,2.056577
38.157959,24.900806,25.186842,93.312195,23.984875,91.534233
9.206764,6.169589,12.847080,81.429703,20.603609,53.632561
13.529026,9.657861,4.947204,19.838396,6.337520,14.923686
29.948242,20.730511,16.645027,63.717121,16.462305,62.049347
39.275242,26.277132,28.858866,89.122955,20.234123,68.998329
11.820563,8.629287,4.578186,11.866991,2.574770,8.397077
8.378247,6.176929,2.629291,23.251776,5.968826,5.414180
26.725460,18.383141,10.701068,30.435087,7.181729,20.468910
9.314571,6.448448,2.499850,8.600270,2.860164,4.696821
15.444694,10.499963,5.943747,24.896538,5.284100,12.991585
8.086343,6.028584,4.117533,11.826174,3.042123,1.048098
50.040882,30.241163,24.361774,96.137688,22.244656,62.453598
33.481899,23.219330,9.023719,28.806519,6.515137,11.153883
15.477480,10.882854,4.100199,14.292950,3.006602,3.348103
21.112215,14.388927,6.394486,28.911180,6.799448,6.869173
9.592179,6.723680,3.863078,12.825685,2.446228,6.476562
8.966778,6.679916,3.505344,16.319593,4.001117,5.158968
30.626711,21.296791,12.433242,36.772938,10.509604,42.396442
10.927588,7.324106,2.508128,23.818071,5.517829,19.720306
7.621696,5.339302,7.170025,40.524876,10.077006,6.425854
5.447746,3.797967,2.195423,4.591711,2.090554,4.076670
15.260293,10.930011,4.444265,13.829806,3.413202,10.097828
9.981479,7.004024,4.744728,7.815810,3.175970,9.995626
21.099472,14.456325,6.658329,24.525003,5.463370,26.407782
40.169353,16.681124,21.668964,66.996948,18.054163,50.904163
44.230556,21.608021,27.296295,117.264938,26.337389,48.043316
52.377499,33.113335,22.614952,97.193497,22.034908,38.512798
8.198074,6.006572,8.163746,33.801765,7.076850,6.362411
11.297194,7.735138,4.325101,15.544415,3.674127,18.892754
14.234047,10.245582,6.829460,22.608562,6.525352,9.562920
5.944417,4.446828,2.460572,4.096839,0.463504,6.949650
40.271713,27.893105,13.709745,9.578161,28.929550,2584.219238
8.997032,6.611474,4.037365,15.667688,2.142861,6.181035
8.047795,6.153092,3.921267,11.115345,2.829129,3.196011
63.964931,31.623856,69.766838,236.310745,54.564301,159.581772
23.673948,16.717960,6.293482,36.377014,8.203373,4.646116
10.745424,7.547657,3.276697,14.090105,2.791161,9.336559
19.568674,13.442345,8.667448,26.308489,6.715065,14.142087
6.623158,5.152447,5.347592,20.641840,4.777386,12.183563
26.711428,17.959827,39.153034,148.962738,36.669464,122.346313
5.470157,3.813318,1.711946,9.815751,1.511867,7.954874
27.355936,17.895174,41.636303,178.268967,45.485889,142.145660
4.679944,3.404561,2.171197,11.563276,3.007112,4.266224
27.099003,18.473780,9.753354,42.077156,8.892561,13.057677
13.509559,9.465920,4.692624,11.694498,2.128639,9.067167
21.401899,14.993584,7.912223,30.976986,8.074553,6.967215
16.715130,11.791895,6.488066,23.426876,4.357294,5.711491
23.837498,16.483458,8.962102,29.271038,6.369300,17.731981
39.130211,24.436804,12.180449,45.366051,10.787553,12.637851
45.837959,25.747171,14.078593,55.918987,12.224576,10.966380
4.776845,3.764519,1.710692,6.418135,1.995528,2.592483
19.254534,13.421476,6.827809,12.881208,2.927768,9.550434
10.223158,7.481465,7.716057,36.328144,8.017907,9.032520
13.407339,9.913391,7.178015,34.521721,8.920010,20.925900
12.329638,8.655667,3.858328,19.398857,3.143889,6.103019
7.807512,5.745921,4.006204,24.959921,5.609637,4.570781
27.189367,18.444332,9.752432,23.890659,5.405279,6.398732
31.094944,20.600817,15.675623,41.007133,10.034966,11.945557
19.652876,13.778241,6.475469,13.781546,0.841992,4.923800
12.595265,8.717650,3.703655,14.703910,4.399493,5.965476
36.261612,23.992819,14.261756,34.691620,7.009604,17.517931
25.726534,16.491718,12.823384,49.870968,14.354201,50.174358
35.821766,14.785602,27.647421,116.958099,30.489740,63.155270
34.771782,14.823783,27.957277,128.501801,32.216270,60.139721
9.208919,6.725443,3.177481,11.983641,1.823479,4.117919
23.581354,16.798178,12.263370,42.750748,11.687955,43.598171
11.524837,8.002672,3.501469,16.571201,4.284374,9.911546
15.961196,11.589492,10.848715,29.855415,7.806995,25.095823
5.494375,4.231347,2.272857,5.808688,1.129121,7.207454
29.743788,18.955122,13.442718,50.054771,11.409391,31.896486
7.283477,4.774117,1.596933,7.639013,1.394138,5.910420
26.943392,16.259674,24.659575,113.176865,27.559334,101.592323
67.814705,38.773560,67.333237,215.566940,48.988556,122.751060
16.665457,12.032483,5.480645,14.204994,4.328877,4.539360
13.709505,10.014057,7.131488,26.637873,6.286887,9.142116
4.602228,3.351553,2.462217,9.441891,2.196934,1.286428
50.226234,30.741890,28.764612,121.315262,27.203072,51.598221
15.210853,10.782318,3.779139,28.421032,6.605816,6.656567
18.219542,12.581913,4.902912,16.048635,3.360629,9.155733
15.794492,11.216185,3.222892,11.353002,1.515204,2.196198
6.907310,4.644949,2.323185,11.966638,1.770400,15.242381
22.230072,15.604797,8.889235,22.492434,5.356579,6.299133
39.282341,24.457291,44.740757,147.924713,34.395012,84.179001
18.572536,13.009197,6.184541,13.684728,2.690731,15.338326
51.704655,31.556252,15.692944,47.258953,11.869144,21.234705
23.321177,16.590685,7.966400,8.872922,1.062027,8.759446
9.079433,6.792457,2.054627,15.046700,3.353685,6.667151
18.521229,12.862311,11.137453,60.922554,15.010615,43.940491
7.567541,5.499283,3.034692,14.206011,3.665805,3.920875
13.728387,9.234941,17.584423,54.477638,11.273352,28.963758
7.837742,5.631724,3.208643,8.808817,2.847349,3.525590
20.443346,13.379059,29.071653,127.003479,28.322001,18.995871
25.309284,18.074224,7.029549,23.076372,6.121817,17.645636
7.005518,5.396124,1.392160,8.954414,2.378789,3.619244
20.611874,14.054878,8.481867,26.090813,7.177670,13.820854
7.668565,5.470975,2.346452,15.271358,4.902019,1.820875
8.651553,6.246297,7.938297,31.128925,7.029046,41.823616
14.037527,9.417017,4.267833,9.746102,2.254000,4.318290
23.036018,15.893766,6.515279,26.491331,7.444612,6.032163
9.280473,6.675464,3.773442,21.803953,5.266391,4.841981
16.334106,11.503963,6.311467,15.643204,4.783655,19.029697
23.418707,15.946607,7.938052,31.721924,7.149388,6.271447
13.382449,9.605858,4.772450,18.488718,4.952715,7.662903
15.234097,10.852282,4.477938,23.717276,5.659904,3.959344
11.296964,8.197225,4.128258,20.687147,4.732560,5.197866
8.265281,5.775449,10.648911,27.772856,5.936848,6.575286
5.212461,3.739994,2.767218,8.697122,1.598813,1.603700
10.482905,7.540689,3.798133,15.074679,3.014570,7.263051
15.696836,11.065945,5.934652,22.065849,6.592319,10.418537
29.329840,19.682507,13.584557,56.496323,16.578871,24.421242
26.257732,12.794305,10.145406,45.621208,11.497992,37.627769
24.529692,9.892031,9.225307,57.391644,13.082976,29.722275
58.086315,33.516560,26.493113,82.259560,19.351078,19.370934
30.949108,19.708292,13.173813,41.929344,9.015147,11.050820
11.581924,8.267028,14.019594,30.326086,7.843820,30.569063
7.499201,5.135678,2.219037,9.648228,2.302417,3.599085
17.239304,11.743731,12.639484,44.345852,11.005090,12.854035
11.928340,8.537548,4.321869,17.682327,4.123421,19.322451
54.039902,33.960140,20.027576,84.072304,20.647734,40.125271
11.054616,8.289124,3.583152,8.747103,2.846158,7.229183
7.267133,5.347673,2.883598,8.262796,2.580704,1.766694
21.654058,14.928856,27.081074,95.060135,23.359491,34.873215
25.054741,17.452423,7.732644,29.553667,6.885956,16.571640
10.516590,7.524155,3.890003,8.566363,1.994953,5.171999
10.462266,7.547581,3.340876,9.970907,2.552777,14.584485
16.142527,11.796625,7.190063,4.639802,1.313070,9.121678
7.705678,5.944295,2.669597,13.478967,2.754815,7.217769
10.945749,7.221443,9.981903,34.920124,7.067597,32.261089
29.212988,19.852503,9.730864,25.398022,5.568181,40.144348
44.358902,27.958225,29.058933,103.275528,26.395676,46.832394
14.913474,10.014818,4.686209,24.650940,5.035301,17.814823
20.858099,14.963122,11.056064,39.893478,9.142787,8.853562
38.443016,26.126440,22.211262,93.902977,23.263735,13.575758
14.310617,9.808535,3.419517,20.045561,4.351526,21.137993
13.745930,9.534122,8.859835,26.256050,6.359193,32.595158
48.714272,30.073507,23.974844,120.034119,27.480146,72.779045
6.992449,4.725362,2.371591,6.428873,1.782225,10.361361
37.203735,25.564259,12.363044,38.503017,9.567179,33.297478
17.744507,12.156026,6.466536,18.610319,5.839351,8.922003
28.131336,18.880829,7.972631,30.779802,6.974928,27.063898
35.690979,23.470753,24.871700,107.398659,26.945566,46.809380
12.671032,8.799094,4.461837,11.584157,2.793485,5.551760
23.059376,15.697321,15.677605,41.266647,10.048837,35.898556
52.492737,27.983534,27.590334,82.317528,21.253931,88.559418
31.428333,21.854799,8.800571,24.566170,5.985073,23.149147
14.191297,9.817531,4.559666,20.958830,3.489439,5.295294
11.119350,8.038310,4.291715,26.417543,6.433670,14.250443
39.041901,26.712572,29.640413,58.461132,15.635405,59.044167
7.182648,4.964763,2.247109,8.405897,2.349394,2.546039
8.730802,6.325892,4.349292,10.466623,3.150541,9.966884
11.275972,7.665517,6.769614,15.568707,4.047503,11.279876
17.298120,12.037901,11.603220,36.599720,8.860529,16.521164
5.936326,4.325233,3.751362,9.223128,2.614797,2.386553
11.977460,8.493134,3.650129,14.803786,2.713261,10.622519
32.019768,21.726864,8.180854,32.421280,6.870992,8.495204
18.978224,13.361323,15.270146,47.457115,10.935739,34.550972
19.083321,12.482718,21.108524,71.658630,18.312376,88.650002
15.737061,11.069645,6.981300,37.232731,8.556699,5.612016
25.081470,17.170156,9.419348,48.018726,9.720968,8.669245
10.816655,7.355173,3.560428,11.588807,2.194412,4.800425
18.446566,12.156362,18.709930,79.409843,19.287912,15.733047
17.841547,12.617231,16.404724,38.079250,9.683128,32.348503
35.933033,23.857021,13.260793,54.321175,13.175084,28.127575
29.964825,20.452095,8.599778,22.346893,5.923546,19.850359
16.056995,10.830587,3.427885,26.588369,7.113859,4.777309
12.477550,8.732626,5.872502,17.045164,4.539932,5.811376
30.557703,19.616478,42.542736,109.389107,26.433142,109.832100
35.347538,15.369005,15.158091,62.921925,15.924161,46.033901
47.137157,28.225082,34.441334,109.919846,25.200985,79.099686
8.435508,5.947958,2.827700,13.037994,2.733279,8.891739
37.011528,24.475060,10.618754,40.770008,8.865070,13.560232
13.192886,5.737080,9.517077,37.234867,11.318701,29.210615
14.998507,9.260078,8.532963,52.780918,12.241817,14.535986
21.374332,14.624312,6.546910,31.435564,6.040616,6.721568
7.015701,4.113552,2.435225,17.846811,3.532275,16.685467
12.698209,9.110940,3.991376,12.022256,2.740183,7.833098
34.982655,21.749556,30.690054,107.763763,24.552855,47.583744
20.190945,14.341681,5.820672,18.239988,2.788945,5.410864
6.443672,4.674517,2.714424,7.704192,2.890537,3.289292
16.759684,12.064794,5.885720,23.043478,5.707998,12.198284
25.516987,17.110456,18.216364,89.037437,20.978409,37.181717
23.583979,15.776651,7.859929,25.699236,5.651041,6.508476
18.331976,13.050537,5.814867,16.904491,3.714813,10.210803
70.395691,42.603153,26.510504,66.800980,15.194155,53.132114
5.664896,4.116928,2.446278,6.311345,2.268659,6.060887
25.942759,17.740608,7.914482,23.280712,5.981150,15.798057
12.509506,9.370534,4.016446,12.940977,2.999713,6.664803
9.499022,6.440803,3.320480,15.105518,3.176650,3.269209
13.680408,9.368875,10.569198,6.059382,1.002721,6.124138
30.826235,19.594580,21.768042,83.376366,18.545181,41.817493
9.785618,6.932372,13.869483,29.276592,6.501094,16.489155
18.060619,12.362407,6.246387,15.578461,3.406870,3.318812
19.364847,13.469790,5.547848,27.291073,6.192439,15.010937
7.017408,5.133516,2.365199,10.017894,3.349816,4.183989
30.313200,19.348093,16.967415,65.801369,17.416513,67.281494
10.609169,7.805970,4.996038,7.525683,2.880715,4.931636
44.928837,29.122576,14.083428,42.026447,9.129749,6.691735
34.157372,22.375164,17.159500,61.021080,13.401548,32.252800
6.119180,4.646229,4.648386,16.754812,4.776954,12.427934
9.770187,7.105522,2.793564,6.139507,1.384727,3.123110
19.268847,13.530998,4.575686,24.417128,5.158245,6.229680
39.701527,25.537823,17.198317,59.799934,14.160915,58.887508
99.511551,56.563278,104.491402,356.679077,87.789848,333.571442
14.467154,10.248060,3.600151,14.566689,3.774086,3.443351
20.839689,13.985267,15.549623,47.379215,10.580617,45.696590
10.931316,7.730007,4.955043,18.453705,3.913023,16.173004
25.671474,16.859406,17.866081,44.579929,9.024579,29.875172
9.916114,6.999800,3.679319,13.398963,2.985692,4.919873
19.538441,14.012867,6.383008,20.946642,4.904142,12.753266
13.649941,9.752069,5.154385,9.519630,3.097504,4.880789
20.778961,14.301238,10.214614,37.503353,10.305655,13.164022
7.822591,5.529728,3.507392,6.563335,2.070804,3.649354
5.189895,4.044596,2.467884,6.969017,1.309091,14.447086
4.739158,3.479278,3.103230,2.632588,0.326672,7.654880
7.282304,5.573995,3.991023,21.138767,5.245505,18.055359
29.502504,19.304340,9.650495,32.741322,6.893472,9.922978
25.501442,12.795349,19.450148,82.531593,21.502752,63.422134
24.523102,13.515165,13.917570,71.046959,13.433416,25.371168
14.537066,10.209116,5.198432,18.784073,4.500908,12.578466
23.216684,16.080757,7.120782,26.735147,3.835562,8.327044
14.737576,10.617785,5.476154,14.070674,3.173305,5.883482
44.248402,28.592672,21.755514,78.976654,19.417025,87.880684
17.898619,12.648544,4.992294,26.581139,6.742652,11.794549
11.789439,8.289214,5.018222,11.814741,2.665774,4.462474
5.667296,4.395751,2.725348,13.630551,2.478654,2.526268
40.885983,25.619238,18.665956,52.121586,13.057273,25.621414
5.860281,4.580594,2.645408,15.130597,2.757111,12.232878
19.577421,13.664077,11.075577,27.532663,6.669078,19.154264
15.752851,10.982114,11.965762,35.321766,8.151732,11.069829
13.699232,10.031984,4.472222,24.147396,6.045143,22.711798
13.733817,9.443130,6.560019,32.736702,9.117939,18.951418
26.690184,18.314510,10.280970,34.486435,8.806453,21.604996
17.995253,12.713396,3.744944,24.602537,5.479324,5.897985
23.709633,16.075943,7.672538,20.581459,5.538596,14.116305
25.830301,16.860916,15.109544,55.454006,14.542699,29.050507
19.050762,13.399939,8.429238,34.823151,7.546902,45.492512
8.641739,6.001156,3.342073,13.200580,2.201880,2.402795
27.739704,18.757624,21.139019,70.666733,18.116705,69.354500
15.506497,11.180049,4.577773,14.528996,4.219636,4.917725
25.572716,16.974306,5.104921,26.374102,7.160235,13.569619
13.817063,9.880504,2.522665,7.266047,1.005864,7.632706
30.184484,20.901150,9.637076,33.547451,7.078127,17.100676
8.870837,6.358677,3.849825,15.047260,2.686613,7.192198
18.366718,12.945166,5.721572,18.607420,4.130573,8.250095
26.085163,17.928432,6.148038,25.632919,5.705357,25.936646
7.594100,5.192078,2.226841,18.137476,6.756729,17.563751
5.024619,3.751694,2.361954,6.143151,1.582607,0.906356
14.112098,10.009015,15.216780,84.050957,20.503452,48.683983
24.819036,15.224250,21.188019,84.712730,19.421638,59.711811
32.104660,21.717550,18.289940,63.950874,14.806363,9.988783
23.688932,15.645551,9.740780,37.597652,7.034544,18.921618
5.972173,4.380225,2.696045,10.817078,1.827917,4.356969
36.911400,23.286226,24.414955,99.864792,23.242559,81.211723
4.922887,3.367569,2.644708,8.200786,1.721446,11.235495
22.572145,15.820177,6.585742,22.532291,5.195096,10.998802
15.826397,11.423842,4.810207,12.984523,2.495370,2.184845
11.841476,8.222220,4.625394,12.877674,3.049403,2.727007
8.448122,6.262903,2.895146,9.435019,2.458660,7.291595
8.705657,6.137586,3.132174,0.902983,0.842436,6.741423
17.934759,12.268703,19.133633,98.972092,23.560196,79.268883
33.465504,23.008535,17.265274,39.144035,8.249899,27.801939
21.123779,10.784575,6.894630,23.259613,4.508270,15.859053
18.007105,8.787946,6.531869,27.620226,5.758989,11.789154
15.840316,11.506416,5.111187,14.283628,4.338642,11.465818
22.441853,15.650585,7.195055,18.758068,5.181045,7.757169
16.880028,11.264434,6.884190,25.736980,4.727766,6.395306
12.091428,8.575445,4.116361,1.365790,1.075752,10.598184
21.922131,15.353094,9.090755,25.429789,4.999974,10.287319
15.761481,11.128394,4.034621,15.344030,2.865510,9.478455
7.348115,5.225908,2.854095,7.852325,2.324538,10.090198
22.583366,15.503097,5.049683,22.981359,4.762958,5.459552
48.318554,31.494926,12.049199,59.422462,12.977263,20.978207
22.939821,15.285175,7.335212,30.211372,5.135788,3.060692
31.175640,21.358421,10.305325,31.111906,8.133505,37.864609
8.481033,6.119390,3.156154,14.699714,3.726391,6.695930
24.559719,17.055038,10.547673,59.456856,14.730777,4.404023
32.613354,22.172060,8.899555,35.354561,8.889789,16.506876
16.488140,11.115106,7.556150,44.238911,10.398921,22.625105
8.063788,5.855772,5.062634,25.913820,6.037586,7.330308
24.174173,16.468445,23.316690,78.432487,19.047934,52.100426
26.649454,18.938841,17.675365,53.676804,12.587114,13.982006
10.242126,7.572624,2.316207,7.063519,2.884789,2.644794
6.865502,4.761756,8.854848,22.546713,6.018609,16.862640
6.566107,4.838856,4.319889,22.937599,5.690556,8.700388
6.575030,4.337334,2.317981,18.280539,5.550287,11.687715
6.343547,3.258582,2.752688,8.621818,3.466529,2.168272
11.303780,7.908916,5.110041,15.199988,3.535156,4.106121
6.768262,5.161349,2.508677,5.455056,2.155033,4.563179
5.216105,3.852581,2.141868,6.312411,1.501797,4.530888
5.068356,3.684093,2.037828,6.048583,1.921567,4.241930
13.239544,9.123467,4.683702,20.194935,4.461788,11.446510
18.402317,13.055249,5.996490,31.098686,8.167460,11.976102
8.591761,6.127584,3.412169,12.246716,2.739019,7.542686
24.113935,16.556889,7.182381,21.837809,6.454849,10.045977
23.790333,16.539070,3.565028,23.977177,5.855916,13.378202
5.191263,4.079566,3.683924,8.574699,1.805401,1.697793
7.795246,5.583818,3.601738,11.788087,3.601513,8.878865
29.415470,20.198826,25.309074,98.257881,26.642199,77.961449
19.595472,13.186996,4.203818,38.795547,8.933494,4.116148
46.041302,29.266388,44.156376,138.766663,32.791115,112.406288
41.603416,25.290735,46.115391,172.549240,40.595589,97.395477
27.007103,18.403084,7.032931,22.501898,5.610202,5.078935
24.793571,16.763826,7.602241,27.095387,5.879935,6.862633
17.627922,12.751891,7.016335,18.939293,4.932219,34.665916
6.083344,4.435395,2.559717,9.925725,2.302423,4.152225
25.590111,17.342888,7.741912,35.604347,8.434707,53.929802
22.580196,14.831057,7.976976,45.532284,10.623831,8.916896
40.283939,24.755293,10.274343,27.243385,7.672102,36.749836
20.839146,7.865768,6.710479,25.462612,7.590679,15.830312
32.742786,14.261249,11.777755,30.962551,8.560205,22.277248
28.241531,11.442098,10.871142,41.275181,9.867391,21.817486
11.865259,8.535393,3.684310,11.069981,3.406436,4.435611
8.511585,5.975029,4.823413,13.820027,3.708724,15.502315
19.159143,13.615472,7.242456,11.437098,3.448667,6.179441
10.707356,7.760271,2.810729,11.996752,1.796011,4.109632
12.112579,8.466347,3.677148,14.824332,2.975598,6.041151
60.955730,38.012043,57.013859,231.077515,59.912025,104.929115
3.992519,3.049205,2.908880,10.500378,2.464966,10.236206
44.157951,28.005890,16.881512,68.728226,17.880396,70.112015
10.439667,7.651091,3.743351,16.208786,4.424859,16.182148
13.461081,9.798259,3.734136,12.913555,3.057495,3.343822
17.731865,12.594370,9.631721,28.459049,7.111135,21.429693
42.310467,27.442966,18.384068,43.756325,11.027164,20.252447
13.032391,9.333620,10.467017,29.028507,6.944864,7.376285
35.761566,24.984047,10.466441,59.889816,14.012372,32.958218
26.919418,18.568192,9.567145,42.971432,11.283184,48.466885
23.154165,16.144184,12.798651,45.765915,10.151325,11.169768
5.187391,3.697231,13.059130,16.242416,5.233273,7.151998
39.973022,24.490303,29.708685,105.230110,26.395021,103.103065
8.272943,5.629794,2.174245,11.198189,2.507276,1.248403
5.869569,4.046373,2.064667,5.544121,1.100768,3.636251
13.583510,10.088260,5.518795,18.802452,4.022229,13.841606
4.790054,3.419897,2.120886,10.147076,1.895729,4.048460
30.408150,20.738153,9.920208,28.506414,5.903364,39.250538
7.733487,5.361388,3.248707,15.639110,3.800054,8.950441
30.944437,20.556087,19.811619,51.592480,10.952533,19.453732
43.521408,17.481298,19.811026,36.623867,11.675200,87.161461
72.569839,29.263456,48.913750,180.394012,42.346252,264.209442
45.552216,29.172295,12.283237,39.241669,8.365153,19.873686
27.566816,19.304476,23.671373,56.615013,14.777436,34.743946
45.875626,28.993814,23.586514,97.883186,23.193581,20.484755
50.076759,23.796391,35.113659,173.784393,42.254860,130.731934
14.999340,10.378365,17.928125,53.536579,12.111644,22.373081
9.469887,6.550461,2.869974,4.602071,2.875426,7.431537
8.637651,5.839797,2.412648,6.378288,2.283284,2.050260
15.008281,10.556439,6.236692,16.325039,4.608398,13.013905
18.027452,12.987813,4.777535,11.685130,2.515180,6.445492
28.686367,19.701157,14.714119,49.364429,12.024682,41.797428
5.706051,3.888648,2.510972,7.124650,2.238924,2.649486
8.062942,5.840275,2.519059,10.523458,2.377698,1.986591
14.729476,10.031035,6.786319,23.493069,7.443648,14.481154
19.016460,13.203448,6.551107,12.289630,3.012156,8.995725
18.318398,12.755377,2.538358,13.958277,2.260276,4.730284
27.362829,19.101706,10.097510,34.323582,9.328792,35.805294
18.541172,12.606925,10.312065,42.550007,8.862600,12.143646
26.717356,18.784990,7.382221,28.671673,8.394645,12.331311
13.930522,9.779500,5.349475,14.821491,4.725295,10.246993
5.280640,3.943285,1.686295,11.043557,2.326723,15.297352
7.455686,5.737469,3.228144,15.751690,3.329268,16.647421
16.411062,10.354897,41.088093,94.489891,23.305935,36.855518
18.626989,12.257084,21.852680,67.461006,16.447891,44.979660
21.877754,15.430541,7.576932,18.614758,4.412653,5.616036
8.858915,6.196394,4.666282,15.702142,3.785997,9.147284
67.654381,24.939161,22.493591,49.807861,13.647213,80.811836
52.534618,26.452681,28.595003,93.318466,23.934387,137.350220
33.539459,21.216352,27.307966,76.241203,20.313799,107.361671
33.408539,19.890268,34.265358,124.519142,30.153208,73.758347
17.770063,12.553935,6.247972,20.238060,4.581484,7.368402
32.254539,22.582710,11.174394,38.576420,8.526682,21.676458
18.130915,12.697309,7.430532,16.192774,3.548324,7.822611
17.521927,12.780737,6.135652,13.574984,2.271734,9.073265
20.617336,14.200305,15.270824,43.256962,10.525601,44.607780
16.449488,11.751806,3.991117,30.775127,6.528033,6.468131
30.104279,21.006586,18.693241,62.137394,14.431891,44.180466
21.694050,14.327033,12.074970,50.101585,11.501203,13.022612
12.421270,9.083816,5.418374,36.919586,11.685947,75.466400
15.656885,11.509377,11.940498,30.899315,5.306859,18.209042
14.855273,10.475130,4.801396,29.919386,7.290428,3.334702
21.846207,15.102446,6.717897,19.418133,4.627176,11.455654
54.723278,34.773643,16.488268,35.114986,8.191738,19.446604
10.553342,7.446920,3.807111,17.822720,3.471132,16.548592
7.146210,5.395172,2.268434,10.506523,3.851567,10.614940
29.306684,20.166174,15.858828,64.343025,16.843487,65.252151
48.693474,27.097088,42.580090,116.921104,27.398354,46.282074
15.341541,10.890562,4.260762,16.826885,5.105779,4.102028
6.621561,4.843139,9.960838,31.602468,7.647705,8.953330
23.946419,10.476865,12.961212,38.066463,9.258217,15.983922
26.272694,12.891494,26.107393,78.662682,17.541348,24.987297
9.855129,6.739951,3.319795,13.594848,4.094152,6.732393
8.937517,6.810728,4.864404,15.496449,3.177886,4.665244
8.770461,6.306878,2.782358,12.920164,3.614050,12.531779
42.636742,27.043610,17.349421,39.412022,8.092226,15.140006
8.306026,5.923696,2.975281,16.651489,3.899182,8.751826
47.412735,30.684530,12.472631,44.196251,11.098612,16.316179
10.672194,7.937931,3.054724,9.952926,2.273937,1.935261
41.512733,27.269339,44.991676,148.598190,36.460255,159.408249
29.461061,19.175652,7.675641,36.748245,7.386322,11.417056
11.382554,8.190199,4.261841,8.992640,2.179416,6.261238
27.259394,18.451174,6.116196,20.217087,4.609977,11.868018
6.396939,4.537019,12.748885,63.278275,13.986920,13.649598
23.742325,16.447699,8.081399,32.910213,9.215890,85.330887
10.647493,7.378522,2.228194,12.527165,3.303061,1.734917
8.105834,5.910770,2.988695,13.856504,3.441270,7.011238
5.667427,4.047912,1.496285,6.819577,1.484266,2.114269
7.292442,5.006516,2.522502,15.275010,2.803467,5.476938
18.490738,12.488028,6.354295,23.987236,4.852604,13.080455
11.935135,8.426565,3.702260,15.160936,3.533365,4.634176
8.848100,6.440099,2.886519,13.592040,2.076036,5.739917
34.698784,23.803181,19.057142,83.350250,18.247145,27.452562
22.138620,15.281844,11.387273,43.450001,9.523756,12.038515
42.670959,27.138155,12.739813,27.969208,6.613588,9.398154
10.338765,7.113787,7.651639,24.138361,6.427401,10.568214
10.459857,7.352477,4.339300,13.212384,2.655792,4.180870
43.519196,28.301451,37.556610,77.942856,17.651814,82.627068
6.120166,4.335119,3.943599,16.917431,3.631427,16.355848
14.873049,10.363856,4.655936,17.211042,5.302516,5.339480
4.765320,3.585359,2.043456,7.730052,1.532953,2.549186
14.073832,9.502450,6.326202,28.480457,6.939613,3.809885
25.823376,12.038282,6.524012,43.186615,11.532271,5.116127
9.079105,6.484852,2.846948,22.946070,3.681658,7.529673
28.601353,19.520370,10.797033,36.807018,7.807715,21.579777
34.343987,24.096067,15.132650,48.544399,10.713995,30.419468
14.284025,10.034064,3.363436,22.998920,5.816028,14.773555
31.626608,20.208071,12.931049,74.272820,18.281824,14.339029
36.612644,24.489355,27.558456,80.393311,18.167013,36.846256
24.219849,9.779871,11.844591,36.747040,8.150637,14.849788
23.231106,9.756735,11.807939,39.637630,8.046596,14.553925
82.862984,49.103336,84.130867,215.989349,52.615940,227.876602
6.572516,5.057947,2.367940,8.732829,2.175323,6.319624
9.014149,5.696664,2.858854,16.846392,3.656961,20.154772
25.566814,14.082939,7.328419,39.785748,8.622190,23.286251
16.799704,11.856762,5.995541,24.665007,5.397027,4.367843
5.931791,4.293322,2.077306,8.443884,2.353708,7.014734
9.359309,6.658748,2.761499,14.986393,2.599566,4.077841
7.401320,5.351294,2.907197,12.377950,2.741448,4.003143
24.321709,16.463257,7.702586,23.790195,5.516395,9.343929
49.956936,31.137417,23.317482,59.712833,13.170679,26.255646
15.977448,11.520464,4.871318,23.619593,5.626240,8.091178
7.694655,5.635684,2.956280,19.846563,5.250529,4.116155
7.783289,5.516644,1.409299,14.950308,2.430587,10.228618
22.285688,15.539656,8.196056,23.134781,5.691016,2.144683
35.331772,24.271021,13.608779,35.773975,7.932003,5.484364
17.364706,12.814626,10.740433,41.702171,9.945567,21.204744
16.733793,11.568717,15.015903,36.580765,9.024064,9.468456
15.257050,11.165221,4.419670,19.345781,4.668397,7.020967
14.972709,10.198941,4.280559,19.426218,4.286586,14.099278
32.521500,21.825911,10.595894,43.814232,10.741133,28.517857
4.961732,3.494979,1.997654,2.466900,0.652412,2.026810
31.766832,20.361525,14.499161,58.982899,14.421795,23.817350
4.986233,3.555709,1.941611,7.908571,1.520761,5.057131
9.463475,6.959725,2.938329,9.354421,2.229439,3.236986
11.164049,7.778977,11.010221,32.522655,7.271856,20.045204
12.191712,9.015729,12.381131,23.642733,7.984903,35.976475
17.386934,12.155087,6.551090,21.611084,4.901208,5.835274
23.085100,15.651138,10.340962,28.199347,6.341573,22.416075
7.818422,5.836178,2.898906,10.369782,2.031205,4.630509
14.962957,10.422299,5.239154,33.360832,8.203920,12.247579
12.221358,8.655863,3.629189,12.515974,2.864757,2.854493
7.669882,5.695851,2.357460,6.412843,1.376066,1.010730
20.544273,14.520169,9.680308,27.664997,6.353770,18.628181
41.125423,26.794954,20.843313,61.107716,13.716730,80.285484
27.522390,18.880667,9.587682,30.494501,6.853045,13.056458
39.147068,24.345543,28.065844,92.827538,20.878653,43.029125
11.154669,7.666705,3.891634,12.021215,2.980394,4.104929
14.563617,10.275150,5.194675,14.258738,3.047290,9.956325
7.515644,5.729603,3.181299,10.698935,4.013876,2.828051
8.272658,6.284344,3.110496,12.201661,4.500463,6.283061
17.872244,12.521305,5.683658,25.735950,6.681243,23.639208
5.649854,4.507612,2.589482,12.164529,3.414946,8.933784
11.212252,8.027185,3.195866,15.655193,3.402217,3.065174
5.084073,3.904797,2.607723,7.401286,1.092458,7.873126
8.052461,5.668100,3.934952,5.383307,1.673753,2.212706
6.213717,4.390462,2.676624,15.187570,4.726262,3.007691
89.914879,34.034195,59.055477,200.822662,49.682983,108.464935
22.772501,16.359865,6.704737,20.319813,4.710608,4.187004
5.053552,3.852779,2.720619,15.807629,2.858485,5.631032
41.784195,23.595842,22.856997,73.358009,17.301834,25.176386
25.356400,12.966802,14.830751,67.396553,13.800370,14.501256
7.775000,5.885641,2.263690,10.555710,2.620665,13.966810
16.059538,11.244297,5.003055,22.224648,4.451315,7.260651
36.049561,23.738010,9.087285,34.175915,9.068025,27.166674
7.001294,5.158762,3.198385,17.804516,3.570394,2.421305
22.898937,15.829102,5.160349,20.392502,4.388354,2.666004
5.238791,3.869874,2.371808,9.418556,3.356930,9.151997
13.848015,9.506022,4.814734,16.251019,3.187220,7.401385
11.932117,7.008003,3.626718,14.144467,3.289002,11.376816
15.018497,10.093284,3.720724,18.743004,3.999472,15.050858
17.840796,12.645511,5.942869,18.907869,4.320623,7.325140
37.149826,23.812305,12.770308,51.857361,11.008916,28.779194
9.917129,6.914470,3.053369,16.871655,3.071475,4.061485
28.619556,17.507063,11.353148,29.064470,6.155537,28.156733
10.201222,7.156532,2.999546,13.739726,4.216854,9.082037
5.824100,4.508114,2.047588,7.085623,2.746268,3.458300
18.898357,13.374125,13.846915,51.208130,12.012723,14.172863
6.167027,4.434001,2.366443,6.000380,2.508193,8.569127
7.822842,5.797659,3.846825,13.354542,4.041049,11.856938
8.697447,6.054692,7.606675,34.511936,7.893196,25.030596
19.481592,13.272970,17.390976,62.831871,19.260038,42.600319
9.283030,6.741846,3.019925,15.403659,3.491322,0.682921
8.823756,6.584870,3.840423,15.269436,3.401042,1.700173
50.138725,30.879452,18.734325,51.083332,10.921856,44.646183
37.630859,24.873030,14.122650,32.330124,9.400998,20.223303
24.741455,17.318010,4.523131,20.281286,4.533121,12.328388
16.429272,11.419480,9.842518,29.940788,7.093188,11.390491
24.256245,15.583113,18.991419,49.190666,12.033489,30.139944
27.013868,18.205626,6.048280,30.229004,6.596869,12.628178
13.829507,9.651290,2.707280,17.951639,3.277873,16.868073
11.371315,7.378276,19.424652,72.222206,17.607702,26.598427
6.989800,4.859835,5.381708,21.234129,5.401396,8.381989
18.364531,9.236354,10.558791,35.160748,9.731006,27.421251
17.993668,9.248616,10.104121,43.538521,10.156049,19.414320
10.468519,7.425107,23.107368,67.729202,15.614257,27.974684
26.807047,17.988041,9.500043,33.490414,7.252501,6.668070
6.460752,4.853162,2.361277,9.330728,2.292994,4.256873
15.043603,10.349038,5.743145,22.712996,5.596773,5.144255
8.195073,5.899536,2.681884,14.113736,2.863162,6.482456
7.988990,5.691545,3.659042,11.831262,2.684311,6.731211
37.919540,25.799721,16.461847,52.648560,14.123995,30.387737
24.910902,17.211035,7.686709,20.102846,4.228634,16.336895
8.250891,5.694317,2.327107,8.127720,1.666114,0.935696
44.015068,27.303413,26.806030,83.329460,18.436329,72.166481
7.009788,5.311514,2.179666,11.629559,3.078515,2.536343
20.470514,14.510669,21.417398,33.081833,7.778863,22.403933
23.901741,12.662781,8.355047,31.764765,8.142952,13.718084
20.251392,10.164121,6.742579,38.780594,7.500666,5.741445
6.726241,5.118300,2.136512,23.958771,4.605803,5.024952
10.151183,7.625517,4.404851,15.385906,4.354798,4.225118
24.048100,16.143206,6.569071,25.594007,6.947026,41.823269
11.466887,7.824046,2.969339,13.598677,3.418035,3.426313
9.482656,6.323994,3.406281,11.809789,2.665288,4.018594
11.508913,8.036181,3.918673,18.695087,4.878148,4.461784
8.482456,6.141380,3.114384,10.390293,3.865747,4.413628
18.083088,12.446927,5.452221,23.124870,5.475170,14.343178
23.748711,16.609890,14.387847,21.193834,5.156426,23.444517
8.289547,6.112314,2.680140,12.830003,2.844678,1.665141
16.274956,11.145155,4.824435,24.991915,6.225320,16.988462
7.203231,5.298859,3.193732,10.302775,3.311560,6.892620
55.781101,31.044708,31.463732,136.715851,30.486370,109.372292
14.201653,9.884965,5.234498,20.498724,5.500947,8.373404
9.065731,6.164721,7.237206,21.375673,5.460371,18.691877
14.202926,10.238171,4.176247,14.923282,4.749175,7.228025
8.524635,6.511967,2.781147,10.399664,3.361784,5.884152
15.297472,10.592872,4.114176,15.030931,4.574050,4.570489
7.346977,5.153403,2.149423,11.638746,3.268610,3.901878
12.808939,9.532511,4.503419,20.850920,5.157407,27.985582
6.120438,4.463137,2.375078,3.562474,1.432357,2.132010
92.123650,41.389069,53.918144,185.521057,43.918823,164.110855
12.616556,9.049019,3.816993,19.253374,5.541180,9.748257
30.571493,20.770706,13.577928,57.232414,14.688780,32.318638
41.579987,27.820335,14.364349,51.548473,13.303406,34.043102
6.712070,4.662127,3.522243,7.581438,1.996402,2.764245
26.961845,13.111243,8.178112,17.891283,4.535080,26.558779
30.765020,16.936659,8.963041,29.136885,5.856656,26.690489
8.312511,6.092884,2.644842,12.188214,2.200845,6.794026
9.097377,6.365494,4.584787,11.028886,1.812900,10.695803
5.797093,3.840105,3.009965,8.581353,2.047042,5.800833
7.467378,5.860421,3.188482,7.313547,2.957812,10.376886
20.848658,14.174422,8.031002,23.844614,5.460061,8.352553
34.048386,22.097628,20.268608,67.720039,16.709335,14.947018
23.124054,16.254307,4.887377,38.225063,10.252708,20.644314
6.641166,4.854897,1.774420,17.006783,2.788741,3.279190
7.597751,5.245634,4.699354,27.215590,5.982434,6.718255
12.719091,9.315778,5.118784,18.116018,5.493323,9.259797
80.744583,32.858124,90.058434,254.271988,61.303909,229.293030
66.377266,31.774345,67.859535,238.486374,52.497608,139.107956
21.980495,15.393630,7.718897,26.313963,6.852736,19.635717
19.337782,13.288448,4.236121,27.493284,5.201517,6.374054
34.265209,22.300344,9.008387,39.845882,7.386122,6.338019
17.273911,12.295650,5.797001,21.202936,4.829952,9.741010
7.008574,4.961845,9.009095,19.196068,4.952935,4.662802
9.247986,6.779049,3.661707,16.579102,2.894652,12.327226
32.687073,21.595936,13.231400,36.127602,8.603292,38.583767
13.348744,9.604960,2.331550,13.065676,3.999790,12.826053
36.496761,24.916138,12.805681,48.458603,11.049229,29.276335
35.015003,23.167992,9.116915,54.801491,12.732236,13.614645
53.767105,28.440390,33.699249,97.620636,22.572992,42.465878
25.749369,13.446844,17.183533,72.598618,16.061174,51.978909
21.273209,14.967356,7.333067,19.968102,4.668647,16.145720
7.317745,5.468739,3.149425,12.412248,3.774937,5.796204
11.955657,8.513192,3.171823,11.186604,2.761407,0.877455
55.463787,34.232765,26.288326,93.823738,22.425661,69.218040
7.591372,3.885075,3.843137,26.403349,4.913174,4.593469
26.544596,17.919849,8.591928,45.451881,11.933896,11.875784
33.886906,21.776354,15.977219,51.234394,10.514571,32.507385
25.077393,17.025055,6.064387,30.150566,7.648880,4.287759
10.035657,7.174438,2.815319,12.961759,3.442995,3.081558
5.197812,4.008736,2.161293,9.962683,2.538323,3.669890
6.127345,4.392983,2.410285,8.983558,1.844995,3.294817
12.354328,8.945286,4.754013,19.192678,5.300555,2.977283
24.286987,16.930233,12.299644,56.133129,12.863709,12.721801
8.444161,5.540692,11.492971,47.696995,12.204537,13.274628
22.061499,15.464137,7.750454,36.612232,8.386404,4.596740
20.412687,14.422089,8.303535,24.204659,5.233367,9.974964
43.654202,27.594810,32.162643,73.862419,18.625378,56.378574
9.962566,7.064911,4.356656,18.830181,3.554218,4.180871
11.543778,8.189049,3.425972,34.571541,6.957283,6.056915
46.733265,20.302338,19.597542,74.444603,16.813126,42.839951
106.472137,47.742344,123.774277,385.588623,88.641579,377.455841
64.334007,26.297386,44.701038,184.557022,35.385880,108.730438
28.932384,19.686569,7.558096,30.103271,6.933111,13.201977
24.238840,16.442131,7.657755,27.533524,5.554342,18.217428
25.911774,18.422415,11.511053,25.872147,6.412725,7.289578
41.419609,27.079346,21.083315,65.093559,16.215693,52.966743
4.813688,3.464563,2.539254,10.943424,2.330857,1.279875
6.487090,4.272359,2.136961,9.575195,2.778500,3.474854
24.849306,17.213226,9.132627,33.857735,7.494167,16.220493
20.667561,14.731495,6.685901,5.838589,0.602647,5.520444
32.139118,22.125532,14.398578,45.865227,11.815240,39.779648
9.798726,6.865752,3.647926,9.109327,2.412185,1.928637
15.523253,11.152918,5.534335,13.684296,3.996956,15.373534
15.976767,11.112831,4.607126,14.186694,4.250808,3.032043
20.359360,14.471781,5.284560,25.136494,6.056838,9.994510
17.721165,12.037301,12.736353,59.134911,13.888502,62.004162
26.987871,17.581425,30.058344,81.444603,20.114235,29.249395
8.143882,5.854432,3.077020,3.941480,1.112810,3.290606
19.678288,13.122195,19.909182,73.653130,16.960489,36.567196
13.504442,9.544355,8.420785,19.142258,4.939811,8.889502
21.031771,14.693495,6.109821,21.035141,4.820818,24.091860
10.394526,7.418074,4.521735,17.203743,4.848204,21.269247
14.905759,10.502508,3.778271,12.614682,3.247547,32.830215
14.869523,10.193050,4.693955,19.019869,5.349570,3.861322
24.925545,17.355453,16.393602,79.178581,19.254143,84.900574
6.723315,4.987832,2.489022,5.671334,2.287886,1.461802
12.891584,9.344295,3.218619,16.112595,3.419268,3.062612
19.175543,13.034562,13.595712,31.393148,6.371385,14.672791
14.677877,10.202307,6.392783,20.150909,6.741745,5.117455
15.721308,10.802552,3.622174,18.963100,6.023480,6.810295
36.803131,24.316269,11.686877,37.059559,9.041727,28.377869
45.276768,29.451925,15.631826,63.408016,14.314662,20.350525
23.816946,16.873417,13.204050,20.419436,6.199454,6.227435
10.317091,7.455762,3.101528,6.360782,1.405769,1.906430
11.134953,8.086143,3.883303,8.794011,2.981380,6.606394
24.515669,17.215054,14.239926,51.678604,14.106707,8.260014
41.395229,18.569506,11.308228,47.734627,10.493348,31.715784
20.336395,14.199810,5.552148,22.996138,5.850435,5.518576
13.856444,9.583809,3.937529,14.880465,3.468831,3.967419
8.908957,6.505934,14.166790,41.725754,11.760270,18.985168
28.805147,15.958868,7.102817,41.856182,10.391935,11.154300
30.011433,15.809076,7.481152,48.087296,10.858378,9.410669
11.385153,7.896675,3.208457,14.102652,3.861255,7.406309
18.033016,13.131249,9.341667,14.557675,4.291438,31.081049
18.297884,12.140207,10.104836,26.826742,6.359393,12.379838
9.421541,6.278380,3.670609,18.351357,3.392973,4.937273
15.243205,10.567475,3.538627,19.649818,4.632395,5.162166
13.592916,9.341382,9.674458,45.672451,11.057062,29.084970
34.377903,22.796906,9.399908,36.278309,8.003138,7.621834
18.024940,10.719830,56.396732,187.961182,42.259644,40.377003
26.590248,18.283457,8.142365,28.016068,5.275191,14.586583
22.147177,15.644087,6.386403,23.768505,5.861607,19.615776
15.222490,10.650861,5.717918,19.421959,4.990644,3.939375
4.468219,3.147508,1.066001,10.513627,2.670939,8.577360
9.396388,6.722145,2.281167,8.500318,1.705406,1.570619
14.348004,10.434713,4.773991,10.741434,3.051134,12.084186
37.241798,23.738152,14.041762,52.122147,9.937076,26.042564
14.786075,10.922524,5.032200,14.123773,1.909958,19.967159
14.540578,9.896061,11.971536,41.152824,8.036604,13.607320
57.290489,28.569296,37.835854,120.312698,29.021673,62.048378
45.058945,26.522167,34.338417,129.894653,28.636259,49.679859
19.207783,13.301042,7.628691,18.728703,5.066035,7.200127
19.236769,13.977008,7.243330,24.868753,5.705857,5.810864
35.489048,23.042662,11.427734,36.322948,8.341857,15.234393
7.071988,5.368482,3.016473,10.259955,1.054989,4.288627
15.578518,10.925823,11.033206,43.906960,8.732190,23.995678
25.078527,16.902977,8.484026,32.265137,6.981787,28.059420
59.997978,40.222523,41.725533,212.050934,54.299583,159.197327
12.337501,8.633801,3.718233,13.765707,1.652154,3.507209
15.536516,10.384642,6.263343,14.521183,3.487509,13.489984
27.872366,19.432150,13.850047,51.895565,12.679880,41.070278
21.866783,14.704233,7.661967,22.980415,5.814536,8.570531
16.558647,11.560629,7.723709,25.811548,6.775439,8.896594
9.029395,6.523408,5.365015,38.679405,9.064108,6.345298
17.400938,11.963961,6.014001,20.128452,4.070606,8.221748
11.490305,8.636390,2.735097,12.589698,2.735795,6.040606
8.344437,6.046544,3.686203,11.583982,1.880423,10.429302
36.551998,20.747341,18.479595,47.416874,10.128887,20.745567
30.078720,19.902899,16.425568,50.128429,9.792520,15.791772
14.220257,10.114934,6.172482,14.612919,2.631194,2.325687
34.183983,22.116974,10.882494,44.658192,10.045885,43.466278
25.984764,17.555799,9.005912,26.000244,5.800059,6.203044
12.516075,9.154408,5.923953,23.776764,6.653755,27.566473
21.529528,14.690249,9.464435,39.364773,10.252609,34.142426
7.794786,5.716686,6.227221,34.375530,7.918431,22.194738
11.392271,7.796851,2.587405,13.816516,2.759418,11.632202
23.826962,15.355113,22.164421,78.220604,21.041904,101.257103
6.711004,5.239001,2.139832,8.525742,1.693363,3.170716
5.463087,4.120850,2.922843,9.132734,2.200826,4.374328
17.262754,11.820060,6.470093,17.921227,3.981702,5.385051
21.507889,14.951620,7.329314,35.300114,8.231042,16.487463
19.649332,13.961370,4.512378,21.642601,4.031975,7.130152
38.497684,25.530067,20.527060,97.539864,24.566860,65.484985
9.780940,7.261827,4.790865,14.703285,2.778529,4.260252
15.804207,11.042473,8.057783,22.641777,6.254206,13.164500
8.424751,6.092665,4.558298,0.319384,0.058845,5.577964
23.159225,14.739008,22.960602,76.930634,17.354382,28.664076
31.169224,20.879328,18.013493,45.291786,9.865857,4.639724
9.647724,6.848912,2.415594,8.766746,3.451888,1.854817
9.415619,7.000229,4.214336,13.011605,2.979761,21.483326
19.434486,13.405762,6.321648,16.967400,4.658078,5.246528
11.066489,7.447850,3.099766,13.201376,4.313828,25.106724
10.509680,7.707467,3.700027,14.000335,3.472903,6.984653
9.266862,6.585032,3.007140,17.530478,3.884311,7.315275
12.151111,8.671533,4.242496,15.402214,4.822103,10.927816
59.159817,34.301220,34.989006,144.578201,35.820499,55.179790
13.058297,9.475641,5.008905,13.300065,3.588525,15.920958
23.132040,15.835688,6.751640,25.921551,5.118941,6.517701
31.558701,20.801115,9.098739,34.139736,7.986798,21.446465
9.346947,6.586004,3.949492,13.255989,3.172605,3.312640
20.659199,13.674254,6.016430,38.199734,7.464138,17.694633
29.510508,20.127541,12.640878,49.850262,12.513890,35.910252
15.621271,10.934953,6.655073,34.128128,6.554255,3.041326
13.124357,9.437221,4.985641,15.509083,3.593948,20.015362
4.533709,3.426708,2.145518,8.708191,1.918068,3.954580
16.985769,10.740528,9.225566,28.436941,7.233227,11.330600
5.639973,4.395290,2.592053,13.055579,2.306542,5.573261
8.497546,5.936030,2.752633,14.459798,2.467906,10.804541
16.053629,11.445999,5.634419,21.272186,2.744179,23.461309
20.687971,11.414551,6.439273,30.025805,7.084494,26.163708
15.517179,10.521543,6.142092,18.475893,3.656725,5.692100
9.113238,6.302695,2.227206,13.266131,1.553272,3.299202
4.569192,3.154359,2.467704,7.201364,1.270208,5.502266
29.303453,19.493776,10.349413,39.173450,10.317072,47.195915
17.200298,11.777832,7.005100,15.859015,3.234384,6.346553
12.262980,8.682132,5.808796,27.625465,5.942675,6.830978
24.488667,16.131632,9.209252,31.654421,8.086946,30.008894
34.064854,23.251154,11.921900,38.825981,8.846536,7.954099
7.179660,5.176490,3.243030,10.069010,2.321560,9.887223
13.027034,9.207265,11.870288,53.910442,14.100837,14.716020
23.678152,16.016670,6.821414,16.695745,4.181388,4.079628
33.544067,22.599539,18.828159,54.633308,11.252302,16.884148
27.003906,18.267488,15.625168,71.434189,16.134958,76.582367
23.029922,15.094422,12.985319,62.473526,15.403562,17.102337
18.452745,12.206711,39.026485,65.809219,15.024531,30.559875
19.507139,13.821854,5.016615,20.403551,4.813873,6.289895
4.617651,3.143570,1.667966,4.439947,0.674156,5.034530
24.772417,17.019337,5.700047,26.465868,6.925166,45.904755
27.557642,18.594351,25.830118,75.540955,17.699165,75.210236
20.280586,14.573092,7.120584,35.535236,7.774454,28.876085
22.943094,15.433043,13.556722,55.828930,13.120175,14.656337
17.217043,12.250791,8.892973,38.838020,8.415256,6.863439
25.144484,17.758150,9.634308,9.929062,13.536943,1028.116577
22.995768,15.788020,5.370237,17.503740,4.134233,8.045104
38.467144,26.794477,7.735127,31.007439,8.600450,25.866129
8.013315,5.718099,2.416389,17.641567,3.390442,12.233259
7.018243,5.253280,3.313775,8.916780,1.047766,0.945831
21.736929,14.983994,7.921402,21.265316,5.021641,12.273733
28.884272,20.152540,8.285932,27.168253,7.198136,28.629839
12.013900,8.952902,4.204947,7.456685,3.122393,20.370083
25.688278,10.535696,8.081456,22.074125,4.450320,17.743948
25.051863,12.549521,9.235785,27.458570,5.958680,18.276255
26.264219,18.001974,9.974797,30.633080,6.689906,20.901430
7.230238,5.346272,2.811964,8.802730,2.583709,9.899312
23.647139,17.104984,6.887780,7.140545,7.227101,545.975037
6.640531,4.878723,2.065453,11.001545,2.209903,4.910789
24.555132,16.739004,10.451474,32.407677,9.870979,26.486418
10.028660,6.851619,5.273732,24.820673,6.048057,10.542649
28.431707,12.652862,8.576147,28.159817,5.764211,18.934858
12.811108,9.244341,4.289475,18.352983,4.918386,2.319359
22.848003,15.962008,6.732619,32.006241,7.486039,3.932892
9.411422,7.006232,2.432290,12.987313,3.698443,2.554605
9.737109,7.257272,3.230597,17.740017,3.261412,8.673588
81.437477,41.867336,141.030334,382.802887,86.705383,427.588440
16.941277,12.225594,5.087657,22.227222,6.374184,11.628482
43.186649,27.837967,48.122074,207.898621,46.860916,49.815853
32.571270,20.548851,75.241158,206.688980,47.752773,178.745621
21.438372,15.392472,5.115670,19.119419,5.293871,12.669707
32.811756,21.738838,13.086108,35.977634,8.327321,14.063663
16.662497,11.508989,4.684519,20.148161,5.447847,4.438517
9.760952,6.848320,3.559645,11.049756,2.228071,12.541153
16.541843,11.590783,4.074861,24.439070,5.172587,19.558578
13.192213,9.195193,7.603477,19.565191,4.188844,7.425465
15.047579,10.354221,5.584916,17.660997,5.596213,16.671600
24.147459,16.413111,6.765655,21.499882,5.702503,6.803100
33.952217,20.587070,36.425224,110.190292,26.631857,69.153557
19.528074,12.087677,20.079565,84.201897,18.420330,64.978928
7.150626,5.396787,3.068495,13.619161,2.227379,12.435412
6.864588,4.803251,2.976843,4.056384,-0.076104,0.039337
15.876477,10.625518,4.509710,14.639628,3.715030,6.182976
18.288570,12.719854,6.206270,26.722521,5.263632,8.122450
5.439316,4.069015,4.201390,8.038606,2.362860,2.493532
18.442394,13.143583,6.991661,17.330076,3.911998,6.965179
19.285030,13.583551,20.610355,58.532310,14.410888,41.372616
6.177929,4.349254,3.401422,7.063992,2.836331,8.566188
49.493141,31.107029,17.589462,67.355072,16.067276,11.111517
30.758425,21.905880,10.667160,36.556473,7.885904,13.010536
9.216726,6.667007,4.419995,13.739982,3.185205,2.283175
15.781557,10.760796,8.058651,40.238335,11.023618,24.611614
7.973959,5.356092,2.789665,8.200614,2.760443,5.054664
7.455495,5.489407,4.432949,13.411590,2.357268,3.168284
30.891916,20.022635,16.475344,54.424343,11.947617,44.617870
61.988602,37.601219,62.180573,198.239090,50.467434,184.447083
13.649826,9.602187,23.550806,36.711155,8.199743,25.789991
12.424859,8.763193,4.633423,15.742867,3.948853,6.052944
11.038966,7.866977,7.026778,26.991058,7.060966,13.522246
25.730492,15.074677,10.956244,48.230667,11.181670,46.686275
28.638079,18.445395,23.854738,125.998344,31.579208,23.554607
40.740578,25.700201,24.103769,85.061577,21.869385,14.581550
18.538349,12.696770,5.583850,22.058428,5.083352,31.506903
26.408142,17.740446,11.579483,61.026379,15.074592,45.923759
36.401531,23.665499,14.604956,69.810043,19.160643,84.303032
7.173183,5.500166,6.026632,30.935898,7.784903,6.327878
10.095721,6.706826,4.881575,23.265318,4.433775,7.020804
25.577000,18.059380,13.653643,69.652840,15.520721,22.861759
12.008013,8.182874,4.141795,22.389654,4.318884,5.306725
9.639721,6.951283,3.492787,20.580299,4.427599,2.445529
30.863266,20.629433,15.380685,52.452850,12.038608,28.735008
11.971380,8.483902,5.935689,29.787386,5.723243,9.846496
30.799570,20.843870,26.345751,94.580109,24.288147,77.976852
14.780384,10.125961,4.157451,24.574015,5.719091,35.009293
57.125568,24.659950,19.487810,62.866695,13.887777,35.309177
13.935712,9.303023,24.575138,92.110001,29.372372,103.458656
24.035387,16.475346,26.758347,75.343506,19.530745,26.653135
11.138242,7.966858,4.026078,12.734549,4.572317,11.269762
10.813826,7.840149,3.407228,10.763786,2.231482,3.477820
16.394508,11.431553,18.923063,64.076950,14.547958,66.888184
7.397411,5.017343,4.012512,13.604922,3.217537,8.442302
18.417097,13.214909,4.674391,10.042583,2.734311,4.217006
29.645176,19.534649,9.977859,28.900856,7.233611,29.575525
19.579321,13.368157,14.853327,54.142117,10.718159,12.265297
29.612661,19.337687,14.553526,43.046978,9.791563,38.883350
30.898762,20.238596,22.705727,52.472847,13.585553,30.553888
5.652671,4.155141,2.840535,4.730297,2.500683,1.418510
23.147423,15.783251,10.787246,36.154419,8.957149,10.288550
28.382978,19.387138,8.613400,23.273830,6.708447,16.092543
14.463082,10.243224,4.582705,37.916687,8.626195,5.746633
30.371422,16.864216,11.151922,32.766068,8.660860,12.888900
32.938072,17.561516,13.421443,59.630630,12.533239,15.479770
5.687160,4.068401,3.835822,15.243239,3.981586,1.711910
4.826503,3.549636,2.676137,4.706572,1.045282,1.685070
18.881636,13.362540,9.094159,30.460312,7.660205,28.088457
22.022711,15.588890,5.639166,36.759705,7.067445,6.565422
15.012019,10.524965,3.815822,18.039854,4.381055,17.611340
8.172602,5.942815,9.588310,17.945641,3.998725,7.151515
14.019882,8.234747,4.543193,12.128709,1.917875,9.597824
9.688121,6.099842,6.854732,10.157746,0.809933,21.707031
15.128784,11.165787,4.401493,17.057489,5.212784,12.634824
26.099342,17.648512,8.115915,26.243963,6.759998,31.347790
42.099068,15.624712,15.819026,55.132469,14.725488,43.962204
38.639301,15.002664,15.842848,68.090607,16.911095,41.181721
56.716980,33.052662,35.406731,118.134712,29.938599,30.460623
25.939259,18.052401,3.525871,19.779600,3.848368,8.181631
10.500130,7.626611,4.457592,12.146012,4.012991,9.926238
18.186064,12.971328,6.020935,22.589121,5.326626,20.987337
12.312293,8.428828,3.133379,16.520693,4.046789,2.817581
10.248713,7.658764,3.720689,12.182717,1.695791,10.651137
24.808170,17.571257,18.091017,30.127745,7.766510,29.642826
4.412903,3.323192,2.382931,4.480575,1.604713,2.419072
51.785774,32.258610,21.961681,70.714691,16.983877,47.245960
12.460047,6.801485,9.548582,33.067036,8.997725,31.719379
13.503146,7.199996,10.816700,58.499218,12.283706,34.121960
6.402223,4.596038,2.222110,8.108340,1.763831,2.951648
14.996381,10.708988,12.004638,40.322788,9.658830,44.243698
19.701618,13.440782,6.003294,20.294165,4.347978,6.171928
9.961045,7.118496,2.690627,14.411867,2.823857,6.045225
22.565042,14.836554,18.263653,53.861256,13.022998,45.146954
46.633766,30.767469,19.628809,68.811424,14.788330,52.360359
24.089224,16.595976,9.694766,27.878765,8.259458,32.567432
13.844172,9.699800,5.773775,21.265772,4.689809,1.821304
39.088272,26.595947,14.956718,62.789379,12.355744,36.878532
29.443575,20.498026,11.045092,52.417534,13.867616,22.555096
13.775528,9.947622,4.148438,16.813120,4.094296,3.073718
8.190012,6.093076,1.921437,13.161867,3.505032,7.054501
102.744041,59.771465,69.450470,231.581558,54.645756,65.492996
45.709938,28.721657,34.818584,122.195190,26.893183,23.127039
21.778633,15.044762,10.256306,33.205448,6.368505,9.897237
28.680420,19.707705,6.759079,6.865949,10.162930,1053.325928
7.327109,5.270687,3.060908,13.558884,3.464133,12.153350
15.702166,10.573280,5.297092,18.227270,3.132636,11.993658
25.990408,14.627957,8.918589,22.497505,7.134206,22.272350
18.312420,8.241865,6.538842,25.529646,5.784245,14.415585
7.978804,5.874736,3.485209,9.632258,1.456049,4.354496
18.049015,11.538690,36.153755,93.571083,24.347473,37.199097
10.345510,7.133599,2.833753,11.255298,2.829191,3.883568
23.887905,16.195414,7.006901,26.236822,7.013446,15.963019
15.474588,11.122557,5.434927,8.828213,3.186121,3.023977
15.464901,10.841583,5.095572,26.009995,6.282460,19.282921
6.065455,4.435664,2.658343,9.256837,2.417050,6.933925
26.137779,17.770885,23.390804,103.971039,22.823191,37.693333
28.941475,19.701641,11.533434,42.732082,11.823930,30.326097
42.894623,26.971189,50.949326,231.143433,55.392998,84.826111
17.365818,12.120350,9.312773,20.510651,5.476839,4.827408
12.096214,8.491077,3.534425,13.535748,3.779526,6.776246
11.278582,7.881742,3.310426,10.701252,4.714717,2.984693
12.594816,9.344638,12.142387,42.181316,10.122882,24.522276
31.381329,21.525635,8.702764,26.841211,6.435983,26.692705
11.389130,7.989639,3.025308,18.839304,2.808276,21.197100
45.015957,20.175632,15.869031,86.294563,18.642059,15.667077
13.002502,9.420070,3.905807,13.883285,3.772922,14.454549
7.634930,5.179055,5.337424,15.691193,3.601883,3.954239
56.156353,29.814260,146.376190,479.382202,117.052971,246.801590
12.820026,9.041626,4.518514,15.203204,3.318091,2.284323
15.952222,10.857138,26.026110,54.912979,13.071160,30.013470
37.404373,23.906393,10.976551,40.419209,8.918978,7.086165
11.566818,8.219114,3.368809,16.155893,3.897893,4.071501
16.575693,11.168649,3.667232,15.616625,3.249815,1.751960
9.316033,6.585314,3.107677,11.940834,2.967342,2.235667
5.281034,3.665857,2.598197,1.912598,0.282423,2.806429
14.225550,9.035178,18.337061,103.200844,24.074303,46.318768
4.934674,3.588130,2.129243,7.839278,3.937273,1.920371
23.512823,16.062977,9.526989,34.572681,8.392549,14.822075
16.475266,11.331065,5.891395,26.008152,6.758521,3.542522
10.745607,7.924091,3.421440,9.098531,1.633802,13.699059
6.819943,5.028970,2.105797,9.776321,3.976867,15.118381
72.950203,44.348064,64.040390,197.037918,45.839867,174.944397
25.484104,16.992722,12.996671,49.116608,11.376005,29.062775
10.021508,7.200694,2.961049,9.517831,1.918013,6.348521
17.698740,12.449380,6.263362,20.403412,4.760159,16.223240
14.270911,9.760016,8.485996,29.816236,8.757020,14.461816
5.761690,3.947057,1.808357,6.507931,2.078412,3.896566
4.628316,3.328939,2.806410,2.351170,-0.429255,4.584696
17.703106,12.584069,6.892010,17.848726,4.748648,6.436341
9.216586,6.281655,3.048965,13.713067,4.508692,5.371971
68.045319,26.391607,78.106651,284.479736,70.716141,144.118362
31.413019,16.943092,9.113401,27.372305,7.121983,22.313173
33.567844,19.825125,12.176095,44.696789,11.341742,12.152986
16.423811,11.389179,4.571061,19.754433,4.788987,16.573788
29.268801,19.530815,10.753036,25.154903,5.519314,35.161533
13.432549,9.173929,2.433777,16.336876,3.939827,27.634098
24.638435,17.047447,6.392922,21.309189,5.858314,10.349508
27.567909,18.803608,8.758269,39.840855,8.940779,19.410545
43.523716,28.966558,21.436129,77.094467,18.127007,32.219906
9.887278,7.282585,2.858482,10.016545,3.468262,3.548693
18.009998,12.435439,6.043609,14.972973,3.585974,2.017293
37.619034,25.082209,28.574770,82.151009,21.230043,103.807121
9.388782,6.171424,2.998249,7.316573,1.446319,1.416672
11.710483,8.395243,3.705752,16.578661,4.104667,17.555962
5.737267,4.012808,1.671583,8.337038,2.662508,1.459573
13.601309,9.706958,4.472300,14.104022,3.863966,8.222989
33.044228,18.151443,8.744463,23.721088,5.809226,16.717253
37.289101,21.708006,12.757520,34.990334,7.728071,10.239494
18.805269,13.405821,5.733671,16.859144,5.056695,4.547554
5.168436,3.854641,2.293636,8.205495,2.264235,1.873504
13.220015,9.325300,5.026157,15.711511,4.691054,6.688491
12.949089,9.083024,4.572425,14.282152,3.469996,8.544185
14.375156,7.382955,5.177521,23.508053,5.160993,12.145745
13.144868,8.531082,3.235337,30.955626,6.741581,4.968724
8.436069,6.111762,3.414322,7.306889,1.995848,3.055866
23.008760,16.258211,8.421508,35.218975,9.133162,17.852034
13.670448,9.473923,9.476339,43.491669,10.317605,14.308220
43.272099,25.032246,12.176085,33.445225,9.056522,21.176546
15.645387,10.718506,4.649302,13.109983,2.128463,4.301337
20.083389,13.767352,7.279080,29.871941,5.108899,16.997213
6.494936,4.695651,2.307255,9.941028,2.491309,11.117537
14.524984,9.726105,9.320494,30.658175,7.114106,25.189445
3.894353,3.074776,1.251284,9.353825,2.995326,1.039968
40.981777,25.271839,33.164242,116.429733,25.440424,27.472319
15.032223,10.554378,5.477933,24.424015,5.447247,16.243904
16.199335,11.008230,17.972227,69.814209,17.370205,28.200312
26.803537,18.425528,12.495776,33.202686,8.293484,22.298031
4.515049,3.509795,3.125606,5.315410,2.371192,2.723134
30.819815,12.668447,11.516058,29.560474,7.937730,53.604801
33.348949,17.714354,13.761187,51.257000,12.384214,57.158516
11.649005,8.411369,21.632198,48.193226,12.678046,33.647816
12.084815,8.651794,5.284735,16.983562,4.112504,11.055429
5.450236,3.924700,1.343071,4.893893,0.902855,5.607018
51.863991,32.699890,28.361872,113.752731,25.120224,33.255959
4.728790,3.453326,2.595680,11.344757,2.317317,5.792221
13.572475,9.584820,2.318206,9.871224,2.051628,4.177950
10.754543,7.791204,3.229711,13.962504,4.075157,1.702437
23.506891,16.406744,10.123994,21.893103,5.740981,8.648654
4.667055,3.290386,2.393520,7.524065,1.168123,1.794549
11.873467,8.814645,3.849562,9.239459,2.057112,1.059654
4.313702,3.178085,2.630611,7.282387,2.753356,1.292708
11.635413,8.271626,2.586639,23.976782,5.723184,7.205412
25.956388,17.962523,9.138405,40.192402,9.883196,14.103512
45.337124,28.800905,19.667107,68.018265,16.798769,42.763985
15.881876,11.298513,4.937057,14.641352,4.042214,8.261862
29.634132,20.396351,8.895877,23.250053,5.337734,1.706610
7.908708,5.532240,2.018926,17.573715,3.646626,1.927879
10.955005,7.775328,4.558795,16.100288,3.507375,6.731288
35.247925,19.185539,12.762980,32.696739,7.067439,10.359028
24.374392,17.352995,7.543619,21.341442,5.309200,8.524059
47.175430,26.474077,11.769108,43.267162,11.083238,49.233265
66.729485,37.446041,65.912544,215.006927,52.238117,79.713112
15.362755,11.119712,5.894986,18.398045,4.760672,10.354294
9.797020,6.725621,4.715976,10.279019,3.247868,6.187555
19.464811,13.376636,4.871225,41.291122,9.702182,27.249401
14.337140,9.713630,5.935153,14.560851,2.264315,9.693539
13.260362,9.342252,4.381510,18.244368,5.240441,4.951312
44.927731,29.281124,18.278074,81.043167,20.066313,16.557371
12.814933,9.373446,5.873659,3.380103,1.321253,2.991219
8.730689,6.306898,5.638235,11.075256,2.816500,3.306702
12.893653,8.870399,4.997478,18.190697,3.285619,9.446055
15.766935,6.059675,5.168696,19.770834,6.205806,14.944262
15.792871,6.086142,5.313955,20.721193,5.860332,14.726052
13.786671,9.628016,7.343199,25.283236,4.343571,9.329433
4.207633,3.275165,1.487904,10.224800,2.137208,7.856982
20.103086,13.898523,7.129007,17.859564,5.231009,14.062195
34.099422,22.976370,23.041029,78.397736,19.987045,70.641685
5.535599,3.884877,2.113281,11.632329,2.384928,3.535051
8.001219,5.889712,2.178839,10.060650,2.377590,2.438905
20.691502,14.133959,10.419933,24.254101,6.374704,16.928658
23.512863,15.410715,26.042564,98.468742,22.360603,33.206169
23.021658,15.439834,5.980025,21.485958,5.593675,4.432866
10.268384,5.690556,3.545217,16.737585,3.122390,4.027516
21.849836,15.291711,7.977737,31.131950,6.416053,6.857644
18.086123,12.394168,12.310848,30.094292,5.736981,15.716490
8.612123,6.116586,4.352612,12.867521,2.313295,3.468287
8.858682,6.585497,7.753522,22.800346,5.609447,13.008292
61.982372,39.495567,23.856003,82.556190,17.185713,26.119709
22.364094,15.144112,7.368491,22.270714,7.252803,21.605886
23.575846,16.426779,8.882824,31.245901,7.817367,10.720918
7.066779,4.903080,2.658285,11.097253,1.739857,3.106349
4.114452,3.045047,2.533871,8.441112,1.544119,3.649435
24.892736,17.054712,6.006258,31.617575,7.082782,5.576310
30.013224,19.852617,18.271492,63.604580,15.345335,27.054453
5.639450,4.017335,2.655552,1.113343,0.421451,8.467120
27.635572,18.996008,8.328205,25.026112,5.529418,39.419708
16.452827,11.617044,8.231009,27.807173,6.929192,28.069839
30.462431,20.565277,10.644284,51.765907,11.667190,20.001453
42.190357,28.072744,14.193619,45.239727,10.877358,13.027686
13.773531,10.098775,3.575327,18.415882,5.106119,8.821354
26.658827,18.519680,7.504364,36.703304,7.068362,7.674833
16.800697,11.783598,17.775558,56.865936,12.370979,50.668705
22.339437,14.914275,12.038814,35.066444,8.634521,69.803177
4.447125,3.244399,2.946620,9.851380,1.627042,2.156053
33.690392,21.885618,11.222149,35.645638,8.346840,47.882439
22.109539,15.138091,17.466932,44.319031,12.376924,39.849045
39.635281,27.152576,16.014164,49.798023,12.133925,40.309528
24.232100,9.638021,10.055410,16.936808,7.486192,24.118923
48.837162,31.044207,47.370106,146.935196,34.784233,74.378738
7.771456,5.608984,2.130612,10.309716,1.567686,1.609809
58.871445,31.885839,118.184372,423.784393,97.923439,176.994080
24.692184,17.444429,12.655203,48.854099,12.133803,32.515816
13.466949,9.545851,6.980208,20.525290,4.693691,10.352380
11.468525,8.370830,3.469990,17.978794,4.586223,26.527992
10.290355,6.921568,3.084516,10.781941,3.009706,4.852545
7.092294,5.329463,3.446205,2.202059,0.646315,2.799639
9.016588,6.633839,5.999758,35.775524,8.773135,16.556627
12.052551,8.341923,4.952462,17.174112,3.770021,4.924463
10.958953,8.149092,2.920763,13.498169,2.569931,17.705427
31.775600,22.360998,17.150465,6.466520,18.645044,1549.057495
9.013702,6.543312,3.372178,9.860847,1.964481,2.519259
23.739380,16.059101,5.519046,25.720398,5.816373,9.095981
10.557228,7.821053,2.818305,11.182029,4.731293,2.567396
12.494570,8.806953,4.696195,18.675959,3.854033,19.251513
12.578253,8.873734,5.719247,22.429451,4.985778,2.570469
128.799759,51.060371,161.692871,488.950134,121.003319,347.741211
5.872378,4.417583,2.178744,5.686368,1.908968,4.942237
16.930979,12.189602,4.961017,29.277851,7.001557,11.095753
20.019043,14.036701,6.233133,22.331564,5.882751,5.185157
31.093246,20.810593,9.369934,26.519701,5.647886,28.713362
22.436975,15.741302,5.547927,28.365395,5.277595,32.536732
49.296299,29.900352,22.484514,61.720867,15.273603,86.216286
13.451794,9.578138,13.097695,41.887005,11.050520,47.488930
9.107031,6.340638,5.148808,24.410177,4.717080,11.208741
68.306885,40.619526,83.851944,315.540131,85.759735,236.531372
17.983059,12.203776,5.223120,19.524805,4.246122,8.050840
11.005858,7.419847,3.287711,10.391532,2.848353,8.062026
54.353352,30.146877,40.020260,160.094437,35.607674,67.195984
34.901112,23.618464,9.996473,26.242699,5.611511,11.660139
8.335524,6.254999,3.086107,15.964596,2.750700,3.308600
15.607214,11.292838,3.587511,13.531327,4.216626,6.180018
24.467690,16.347673,9.561876,32.164173,7.074456,10.470587
30.866095,20.008959,17.042603,83.803574,18.307802,58.450779
22.831953,15.603834,8.479903,28.848764,8.589577,75.891602
6.039232,4.663489,2.134785,13.667886,3.162634,11.576136
15.460951,10.649503,8.076529,37.380455,7.455121,22.253731
16.886566,12.200418,5.069029,11.629000,2.931590,14.929079
9.062704,6.246946,3.807129,10.906840,2.704178,4.289656
44.808308,30.175365,12.362923,38.809319,9.738934,40.950649
10.940824,7.822973,6.639751,26.267221,7.457525,38.126839
16.024487,11.365475,3.904228,18.884768,3.777824,3.717885
5.024762,3.444019,2.839879,6.668858,2.027281,2.176793
22.218351,11.961229,6.358099,10.355214,3.941297,5.036708
35.361828,21.943176,10.463567,17.054499,4.201960,8.632949
18.187529,12.332204,6.441638,19.976904,4.628730,22.936209
25.178108,17.500622,7.660805,31.162781,6.508992,11.846248
17.838869,11.901934,7.321635,20.979609,6.567565,17.985220
67.258041,37.506660,90.277878,333.227264,75.493515,179.889084
6.054779,4.734168,3.875149,17.080801,3.897284,19.764872
14.869505,10.671190,4.377410,12.015388,3.796428,7.760411
11.073877,7.846807,3.812818,11.502648,3.564903,4.155169
21.354006,13.948104,10.704961,26.417261,6.054919,17.792885
28.306513,19.679216,9.212629,22.594641,4.686107,23.520454
8.668318,6.533831,1.745662,12.608141,2.434950,6.084335
44.634098,27.896423,36.754833,130.336319,32.064884,75.768600
11.705098,8.690434,4.683561,15.047894,3.889449,8.951551
11.947118,8.555634,5.313069,12.233750,3.345932,4.546161
44.502640,29.875267,12.110725,51.484524,13.006740,22.347391
9.723235,6.750766,3.151494,7.750622,2.641952,7.572888
18.100872,12.521240,7.833105,18.133184,4.806920,22.780176
13.301729,9.620709,3.746345,12.894869,4.266070,7.274336
6.214458,4.606609,5.892960,24.885326,5.084212,4.463611
14.084720,9.971386,5.922390,6.729810,0.941644,12.824074
38.049660,22.614166,31.648151,112.812927,28.603655,107.270424
26.038452,12.065288,10.463708,29.596369,7.503889,15.974199
9.569331,7.166358,2.019800,14.496574,2.603875,2.817488
10.974513,7.802163,3.833619,12.066681,3.255190,13.300425
7.868769,5.777758,3.581976,6.312525,3.028557,8.540723
34.320694,21.490068,33.520378,129.624100,32.884098,77.370361
13.639668,9.416832,3.659154,24.340675,4.365716,3.324958
29.770464,20.457470,11.167526,48.238029,9.549061,8.046761
9.284227,7.040874,6.032018,11.738489,2.819694,4.976068
35.153885,14.621741,9.825796,32.934780,9.923103,11.448977
19.300461,13.697876,6.646312,24.065594,5.405196,10.117460
7.856824,5.837465,7.950950,12.720258,3.815093,7.912011
10.099339,7.469943,5.452377,15.724514,4.259429,6.648351
19.025059,13.062291,6.713381,21.336020,6.096541,16.824369
19.111330,13.519490,8.627219,37.501423,9.430255,26.371475
33.881592,23.204216,14.324089,60.405991,15.094621,22.543119
17.748535,12.032901,8.881280,33.969643,7.847225,33.820171
23.127975,15.930150,10.732817,23.783545,6.360865,17.644545
10.874014,7.732197,4.878719,12.655192,2.871739,11.008776
6.454004,4.533315,6.229938,23.336428,5.390827,16.006313
10.800031,7.816835,4.537589,13.523376,5.005828,3.624899
16.392570,11.222720,6.567395,16.657591,3.984575,21.171362
17.024939,12.020435,3.986409,19.557756,3.539121,7.782330
11.543064,8.588897,3.723531,12.686380,3.711352,10.131410
8.362019,5.912636,3.296905,6.128158,2.109432,3.336601
20.354134,14.302615,6.041989,19.118113,3.811803,13.708558
8.636337,6.215277,2.819753,15.921274,3.853205,3.473541
16.059050,11.308668,5.216681,26.543013,5.800924,13.368251
12.897103,9.166456,4.072083,16.604830,3.617039,4.323789
7.355064,5.269502,2.185127,13.590763,2.398977,8.324033
8.936508,6.476131,4.029012,7.519295,2.527218,7.049528
16.565594,11.193750,5.179352,20.027744,3.782478,7.970172
9.537200,7.030026,4.374688,12.420238,2.606444,2.946618
35.776360,24.738729,16.879019,61.087078,15.169455,27.847178
26.814333,18.459181,8.733147,32.202442,7.488702,10.823173
7.236220,5.292022,2.222034,10.751369,3.295994,11.510683
11.310568,8.245125,2.745394,12.444334,3.783951,7.068943
24.656801,17.461586,10.590988,47.297035,9.769050,36.862751
25.625723,17.929991,5.241303,16.830978,4.721632,16.199188
26.445606,18.535185,6.709751,31.924452,6.847031,17.106161
13.919477,9.528650,18.022329,43.718052,11.504367,8.797999
13.605123,9.211535,9.490387,27.398584,4.514694,12.920637
12.529842,9.130651,8.338364,25.945156,6.197715,4.288853
34.389114,21.134489,16.697117,64.881142,15.271109,14.076354
16.404184,12.017040,5.717815,12.786957,2.939454,15.356702
17.943092,12.810037,5.371858,16.992147,2.928664,5.037479
14.299576,10.443868,4.365132,16.179543,5.009077,19.812975
22.257229,10.117663,6.971177,19.360901,4.681102,11.642948
25.585476,15.689721,10.672748,41.984188,9.033684,20.248030
9.151621,6.678750,2.067963,32.612965,8.067421,28.678371
26.213152,18.309435,5.406628,30.062243,5.713413,4.789649
29.700661,20.633499,8.018618,32.165627,7.262304,15.034562
25.978857,17.974779,12.786709,43.593788,10.207117,9.776988
32.136856,22.438032,12.064294,10.322834,15.115080,1366.805054
21.827705,14.860628,7.396338,17.765310,4.358798,14.041933
11.765867,8.293742,3.799731,11.438787,2.208845,4.839954
29.272644,20.080513,12.431723,50.335316,13.014052,13.282821
12.711918,8.920504,4.910798,17.109201,3.466473,8.675551
36.293674,25.254807,7.313714,28.590227,7.619903,17.896317
9.126616,6.553757,5.527417,20.326939,4.918938,13.480949
7.499264,5.406209,2.192518,14.135356,2.972631,16.032040
7.629342,5.518763,2.663543,9.889746,1.795949,8.899147
14.348763,10.166599,4.195549,18.482918,3.572930,8.865452
6.219200,4.591228,2.135212,14.983405,2.959912,1.322124
60.902840,30.899599,40.357559,125.261604,33.345165,54.000435
33.569057,23.008692,14.453572,26.967163,6.581144,19.342064
19.393057,13.151252,11.000735,41.485016,8.373242,27.213577
22.970892,11.726586,11.653991,41.364254,11.610410,33.649513
28.870565,19.929871,8.806646,30.923620,7.696818,24.450024
8.863018,6.440509,3.895521,15.338655,3.569141,5.859900
4.757873,3.355044,2.276376,10.717607,2.213201,4.077762
5.541279,3.923376,1.852807,13.089629,2.761597,13.262235
50.176571,31.255592,19.287067,59.575859,14.552464,14.828218
18.033566,10.347592,10.550466,34.963161,8.865518,22.233511
36.459225,22.685907,45.960110,147.348679,34.557167,89.093666
26.499659,17.185448,8.360975,27.750925,6.534467,4.333092
6.262191,3.674002,2.164731,10.103520,2.715429,2.127410
26.880146,18.197258,12.125927,34.460426,8.317986,21.693596
50.132141,32.265087,12.659478,53.893333,14.894468,20.063587
9.636332,7.063712,3.949633,12.082355,2.687157,4.574042
44.356544,27.842794,14.369834,36.884529,8.551455,26.624218
28.525099,20.039312,10.375746,37.281067,9.159823,39.133186
20.117592,14.102256,6.658614,36.195747,9.274577,51.007576
8.517762,6.267454,2.905399,13.858741,2.841772,10.677418
4.850369,3.211424,1.826825,19.418476,5.115583,5.472491
12.547265,8.541270,3.209593,15.214377,3.858685,1.553764
14.050138,9.678130,5.026924,19.530783,4.353028,5.771407
15.327762,10.576969,6.930367,14.134482,3.134165,4.291051
21.827724,15.065177,5.426003,24.036726,5.933555,7.276469
24.552385,17.384203,8.205882,25.822472,6.049482,25.719038
16.220783,11.218663,8.588480,35.984386,9.546828,25.794746
6.463363,5.151299,1.545777,8.523033,1.548978,4.288021
8.016141,5.725296,3.462737,11.122389,2.687844,5.979506
34.618637,22.813644,21.806618,51.391403,11.863086,28.212770
10.295389,7.069175,3.891481,26.810923,4.823147,15.511796
25.552851,11.661665,7.380202,34.538933,8.077056,10.253776
23.337418,11.774619,7.430029,37.041023,8.800698,7.978712
29.228348,20.016685,13.775558,45.047668,9.860638,33.994736
12.027944,8.884538,3.755177,18.848408,5.412482,2.323813
11.542962,8.269625,3.366720,13.487642,3.850505,12.933206
10.976248,7.868327,6.329752,19.336407,5.471338,3.916960
24.151733,16.733959,16.220125,59.541203,13.347184,69.626183
11.342896,8.272038,3.916414,14.119196,3.464984,4.854772
12.543621,9.085038,6.482146,24.001444,6.122806,7.833285
6.386549,4.282121,2.813936,12.787865,2.309734,6.632034
78.462082,48.862293,30.075590,127.153534,27.610630,51.839439
8.865440,6.385053,4.030677,11.766136,4.501751,5.982390
8.738730,6.392172,3.383733,9.341739,2.177670,4.642442
28.185287,19.094864,18.228157,56.377518,11.824224,39.931732
17.723768,12.418520,7.010260,34.383682,6.954550,15.532579
7.110188,5.205737,2.660888,12.055975,2.822299,15.735667
29.741381,19.755753,11.624326,31.827915,7.629344,22.918180
50.264256,30.991955,28.221640,156.890015,38.905910,128.759476
40.864140,27.120729,12.252851,31.723812,8.136388,21.993587
10.556249,7.744161,3.016516,8.742705,2.317417,5.469795
10.510448,7.619597,3.436178,13.990501,3.497954,7.508220
11.886600,8.383106,3.605399,36.765102,8.578530,3.626582
26.376461,17.857752,35.912560,106.540413,26.632174,111.135414
40.983944,25.523647,9.798813,68.133003,16.426252,14.144163
11.345644,8.028972,7.911526,22.059994,5.462444,5.500148
51.229115,30.718637,59.151154,140.087250,30.604099,37.807343
17.772505,7.581850,10.445185,47.163712,8.219917,20.904627
20.141243,14.073736,5.883057,23.896866,5.800207,6.053082
46.292290,29.225374,13.211801,35.851387,8.276709,8.232752
7.082067,5.095892,2.688259,7.299231,2.169807,1.128003
14.741159,10.346176,7.687680,12.168462,4.240098,11.083782
5.778378,4.511561,2.070043,13.783950,3.613543,2.164305
7.009967,4.693804,4.062220,9.376019,1.877169,5.330390
6.403095,4.403359,2.573363,11.867517,2.361490,1.901645
14.155835,9.739751,14.190129,60.367279,13.502634,45.229992
34.270100,23.294680,17.355238,46.854568,9.525225,37.307793
26.227806,18.416689,17.992620,38.232460,9.760878,24.789192
5.342140,3.823932,2.546019,7.259938,2.187613,2.218530
6.690034,5.021120,5.428136,35.897903,7.660391,15.039118
12.396812,8.865972,3.541912,12.644397,3.002665,13.083001
10.184359,7.509694,3.306735,20.397827,6.056680,11.808137
29.064365,19.762737,8.074712,26.329203,6.524910,12.781168
17.800148,7.568176,8.632112,15.906803,6.610951,22.668612
19.538559,9.489578,13.216027,61.204514,15.696792,36.971508
19.053223,13.486364,4.568954,21.791962,5.820309,35.672443
9.643193,6.974121,3.915792,2.137845,0.479975,10.862925
22.960526,16.080990,10.016620,44.678020,11.111379,12.742516
7.952891,5.873854,3.308089,10.946373,2.644878,8.429429
16.526075,11.460993,5.050664,17.612801,4.902519,10.220627
45.123520,26.090206,32.939037,126.805084,29.298737,119.330894
12.612705,8.992462,4.841627,20.731728,5.184687,9.002282
43.277107,28.190260,11.846483,37.000126,8.340759,11.189510
30.943821,19.320738,10.533455,41.380692,8.932352,9.689876
16.791880,12.031913,6.363839,31.580925,8.320703,15.839657
19.219692,13.644064,12.278390,28.576321,7.001943,5.995278
8.441088,4.874891,4.747916,28.212484,8.059742,7.457431
23.521837,16.366142,4.974392,25.709219,4.672265,9.976881
13.659292,9.319126,5.810736,24.750235,6.348267,5.270645
32.770985,21.629862,14.821470,63.973152,17.939318,41.419476
19.410673,13.182551,7.392389,22.651497,5.053003,12.077675
12.834175,9.285961,4.147179,9.601358,3.164889,5.168975
14.888299,10.588436,5.166779,21.420288,5.611055,10.223002
41.211811,25.728025,20.433256,65.707634,15.514112,20.418819
5.412411,4.009471,2.036398,10.564306,2.590137,4.276401
13.138443,9.284345,9.030130,32.332077,8.309294,14.467982
8.841761,6.197131,5.903550,13.496889,3.245843,8.932806
18.280439,12.252795,5.299273,21.226343,5.430136,17.811365
10.660079,7.547195,4.238229,14.877144,4.187901,6.548436
11.483965,8.276045,2.180426,10.370166,3.585443,6.729012
22.962706,16.109301,5.509602,21.448652,5.069348,8.557214
6.453363,4.371358,3.959067,15.089587,4.038722,3.583550
12.804645,8.845552,6.745814,29.136183,5.945479,5.847166
9.100604,6.388813,2.719380,12.418363,2.284752,18.027729
54.344433,32.017281,22.213066,60.119164,12.622025,68.971588
23.914564,8.599064,11.907454,55.387650,11.921838,29.834467
15.093641,10.882401,5.965029,20.340767,5.263895,16.265381
42.745193,27.246588,15.540437,41.366173,11.522552,23.458902
6.402296,4.511483,2.547784,7.743350,2.568823,4.253754
33.114502,22.756857,13.173607,43.212143,11.615461,13.450786
41.417107,27.413895,12.380240,57.608471,14.436029,47.034653
4.248932,3.105821,2.178375,7.305527,1.995972,10.145528
20.739916,14.102399,6.163493,20.522837,4.399922,28.938593
10.905750,8.074862,3.408570,9.718147,2.506081,3.178807
17.880466,12.158484,12.280760,29.872297,7.345677,15.894653
11.817761,8.778522,3.651280,10.687980,1.915867,3.313334
24.495234,17.157948,9.066084,21.437330,3.981096,8.507596
45.905296,27.939056,38.448547,117.485641,28.124744,147.590103
5.224621,3.669370,2.640457,10.052236,3.360360,3.990341
79.010513,41.531773,117.332619,336.039764,82.678940,224.728531
18.708172,13.231322,9.005681,23.429712,5.171011,4.649347
16.316343,11.749664,5.803932,28.439945,8.038199,34.497601
22.030743,15.115601,8.328270,17.193983,4.894401,6.183206
27.900681,19.105463,14.603894,48.716690,10.723511,37.475071
5.731757,4.021426,2.829699,5.083399,1.415221,1.830879
9.500249,6.719958,3.702052,12.440979,3.259421,6.062238
8.387295,5.862927,2.125576,7.146615,1.552711,7.281351
15.397126,11.391759,4.706960,12.555838,3.515970,4.839600
11.109811,8.222087,3.752858,11.722470,1.525519,2.552663
4.124983,3.115618,1.768360,9.118821,3.318064,2.377339
9.995003,7.360816,5.182743,10.282998,2.615246,2.795334
15.027448,10.650544,3.906772,15.339159,2.345733,2.694722
29.081547,14.603971,12.415806,25.549969,9.052776,52.883793
71.677132,31.513479,76.241653,223.771454,55.297787,246.392410
6.763119,5.098469,1.725375,13.809236,4.123752,9.146929
27.933853,18.441832,9.661621,27.959352,7.617303,15.820144
16.703581,11.984089,3.643943,25.974228,5.991415,5.123103
7.913030,5.951348,3.062158,7.892043,2.523725,10.412039
21.728636,15.173373,7.750729,22.242121,6.621194,27.115162
28.524467,19.291430,25.327053,78.465302,18.716442,34.734486
26.179230,18.005096,8.568983,34.570385,8.943241,26.341116
38.208309,25.189045,10.058354,39.972637,10.080616,21.217579
8.852517,6.381953,3.774274,8.329231,2.043637,9.482392
11.185418,8.263021,3.754027,14.409225,3.467820,2.263490
23.627163,15.828550,9.442492,31.125004,8.307621,22.048761
24.182430,16.421099,17.165113,55.504604,12.522668,39.342793
16.667189,11.688822,5.260139,20.108837,4.238801,10.146516
28.793465,16.560432,26.652546,126.995010,28.627628,122.101646
12.689745,8.982243,7.752352,16.990913,3.781213,17.852262
21.198765,15.100191,5.237569,21.702728,6.000103,7.594355
28.904856,18.939814,23.198566,76.149734,18.124228,46.552242
8.901324,6.343249,2.911416,16.200375,3.132355,5.781948
10.246759,7.385211,2.341136,10.718445,2.249458,2.162770
11.688627,8.523292,4.008787,17.949915,4.532898,1.799771
16.533867,12.076899,4.905068,16.388466,3.836132,11.264773
6.480451,4.851328,2.729418,6.948542,2.528775,9.787972
14.211614,9.718022,4.832270,16.913094,3.438012,15.675601
12.032205,8.785876,9.168870,49.977024,13.975062,44.665684
19.901695,13.836617,7.510116,21.098875,4.507774,9.529639
7.592656,5.211462,3.123464,15.217286,3.426509,4.852062
33.479973,22.532301,20.360163,55.840302,16.000917,24.242142
4.316439,3.054079,2.738454,7.944655,1.741034,8.317540
36.248264,23.190519,13.614689,36.491707,8.143166,15.553619
31.614635,21.769596,12.122622,40.149418,10.079844,73.873680
33.696728,18.955961,7.682302,37.850460,7.575380,19.475973
21.045036,7.859179,6.004993,38.058468,8.144986,19.953758
7.616530,5.344005,3.915811,2.829225,0.447551,2.596159
26.510086,17.568419,43.410877,217.917450,53.110775,209.369263
20.540678,13.865651,6.480388,15.254967,4.007568,11.103567
9.504462,6.785502,3.349110,9.945558,2.604313,5.927144
26.349758,18.509476,17.048964,69.389503,15.686254,46.076393
9.258706,6.886786,3.548036,9.013383,2.593526,10.162379
18.229568,11.360810,21.775362,82.344345,19.201096,35.428005
30.466742,20.984615,11.083300,36.332993,8.381097,21.872454
34.384548,16.110909,27.419107,97.332024,22.548834,35.152206
8.489271,6.064593,2.366090,10.492126,3.252806,3.103203
15.230550,10.588785,8.509598,30.300486,6.068609,12.802645
35.287781,24.010916,17.818748,33.080547,7.358716,16.585009
5.313774,3.961923,1.957395,5.807621,1.417123,0.754481
20.939157,14.820098,11.249739,12.430005,20.027809,1821.324951
19.938753,13.926227,4.907201,22.564962,6.198655,4.408093
27.974949,18.677259,8.351583,29.051435,5.554058,22.764820
9.356012,6.960981,3.774913,11.532913,3.274315,16.057497
10.844848,7.469574,5.934086,20.405712,4.958425,3.356416
8.140050,5.847703,4.068006,10.683995,0.871255,2.973985
24.457958,16.649532,15.416708,52.572735,13.025266,40.359394
34.763859,24.246765,10.814704,26.464830,4.926340,11.718131
31.409472,21.175640,14.251534,45.373081,10.682356,69.397949
26.294275,17.511881,11.415273,40.085045,8.181589,34.780235
11.625155,8.453737,3.782209,17.663925,4.425080,5.257556
8.653042,6.426991,2.722586,12.323668,2.420768,4.763763
39.141575,25.768610,12.003454,7.576003,7.322693,643.877319
8.900962,6.279649,3.310507,6.666189,-0.015146,4.183733
18.167837,12.804029,5.924569,16.359219,3.974314,7.700221
22.995468,15.755942,8.701076,31.612921,8.462168,5.399049
12.554881,8.922485,5.466449,15.134471,3.350997,7.103612
18.174274,12.947761,5.563584,21.543579,4.748317,7.987540
6.672767,5.008778,3.312526,7.210187,2.034199,3.908241
12.565230,6.744226,4.122657,11.059116,3.106337,9.882421
32.190659,22.374498,12.265124,55.718037,14.205671,47.295147
17.014681,12.026464,5.899074,19.267761,5.258763,20.430759
57.593590,31.077915,30.682364,96.820816,21.168312,37.279537
14.052008,9.827755,4.299092,24.266775,4.862788,14.107523
19.339577,13.209794,5.075919,26.980865,5.619618,14.265699
11.555205,8.679942,3.562873,14.084397,2.870186,5.041955
18.617176,12.504566,5.544097,15.035436,2.674981,13.442408
9.035684,6.459605,2.598914,18.399588,3.645176,7.391660
8.212042,6.096785,4.476833,15.120738,2.935291,7.250504
8.323155,6.096242,3.278520,8.261770,2.239260,2.086121
28.123955,17.130844,22.988701,67.637848,17.463354,44.805294
33.181782,20.315807,27.894663,113.459480,25.352791,85.225220
8.304969,5.736720,4.057599,12.164489,2.375089,4.121263
39.848709,15.385271,22.415956,86.604988,19.419762,19.920053
23.153648,15.690491,6.528863,27.195971,6.540106,4.139162
35.282013,24.799065,11.568384,60.050060,14.944348,64.111237
24.139185,16.116076,11.756387,40.192726,8.887016,9.803882
7.870825,5.829432,2.634633,15.159574,4.799613,13.000827
7.427358,5.343808,4.428751,10.975706,4.036353,10.965692
29.929197,20.896523,20.497452,32.341522,7.318519,28.109917
5.953860,4.188563,1.706271,9.816221,2.165402,11.774388
5.989836,4.310668,2.321699,10.079165,1.959268,5.086504
13.638213,9.638853,5.613024,13.715184,3.417519,5.343936
11.326430,8.442101,5.761830,15.433062,3.073110,13.067780
24.340681,16.620081,15.555848,34.828854,10.607501,39.327744
19.247375,13.506181,7.234433,28.694771,7.455106,7.443444
44.782303,28.755028,11.423954,57.676643,12.223112,41.221409
42.312973,27.494656,13.136703,42.716015,9.552486,14.252156
5.052809,3.948946,2.291145,10.712300,3.505186,3.744386
11.335647,7.673879,2.910227,18.004599,4.183520,7.341622
9.489021,6.735736,3.459775,9.136298,2.831845,7.001081
32.061695,21.968084,6.089822,25.493637,6.378367,9.274483
17.788475,12.913689,10.578235,23.545580,4.760354,12.657649
5.825421,4.251129,5.713473,17.654915,3.789243,9.251019
11.949840,8.353520,3.357243,10.359221,1.899133,4.319279
26.220772,16.743368,12.628079,38.980820,9.209981,17.614601
19.774574,13.527518,9.302515,63.458637,15.005033,35.924416
6.280223,4.323285,1.887133,10.113310,3.501158,2.642248
25.158710,16.902170,8.852048,28.293093,7.624741,31.309799
22.138716,12.047697,5.637844,28.528015,6.753862,5.405071
7.134965,5.185871,3.017013,24.672890,8.502444,25.122217
9.462983,6.825942,3.335246,15.818778,2.471012,1.947876
15.553991,10.733612,12.547759,36.860233,8.047196,22.238075
34.969467,23.418867,12.287766,39.343906,9.074005,46.943501
9.619205,6.535437,3.531740,16.041935,3.867219,5.452627
22.783411,15.775949,13.346066,35.984909,9.552537,38.173031
25.467699,17.442236,8.186199,25.566593,6.185046,12.763971
22.944496,16.232401,9.707080,31.945530,8.480233,9.773818
33.758110,21.108940,36.308266,119.804924,27.036686,58.346287
27.602650,18.738766,7.935438,26.472403,6.843999,9.278309
19.789827,13.535453,5.884976,20.840448,5.489633,7.592469
16.370173,11.076276,13.654857,44.513916,11.094969,23.454010
4.810149,3.553091,2.186182,10.257390,1.796919,1.988398
21.815069,15.026310,5.776901,14.795650,3.967507,4.088222
9.866448,7.085108,3.734416,9.086118,2.078909,3.605432
16.643085,11.878431,4.802999,10.665980,2.764838,6.726728
20.584558,14.262561,6.239346,21.376574,5.772250,20.293823
26.362768,16.187231,59.615936,205.525894,50.337254,181.962906
5.841790,4.557325,2.798693,10.012739,1.292752,4.491882
12.065941,8.937404,10.412398,32.702251,7.729556,23.880695
12.426714,8.586031,4.104742,11.507504,2.814930,6.197928
22.221905,15.419520,5.227055,24.284361,5.744335,14.663842
8.095572,5.886860,3.826469,25.457012,5.771223,6.023681
15.500316,10.517181,7.565820,39.098732,8.434580,2.525005
45.618504,29.849297,27.278309,82.469330,18.551420,17.970718
9.665895,7.109010,3.664737,8.579447,2.599701,4.000485
36.477688,23.298681,42.228802,175.794800,42.601799,119.474556
11.174824,8.213181,5.158627,18.485922,4.660480,18.933966
47.476212,28.696411,35.287003,111.979759,28.417091,149.019485
15.339705,10.567203,4.911874,17.215466,3.308398,10.558086
10.190386,7.566131,2.710505,35.725101,9.918091,7.468073
17.441486,12.361005,5.516655,20.192122,3.849273,18.830585
11.653804,8.196950,3.999744,27.735186,6.385422,24.931440
6.562702,4.529733,7.951479,23.598068,6.077066,13.378616
13.755678,9.354357,3.664078,19.598299,4.746083,10.835550
27.492685,18.966734,8.225252,21.526590,4.894090,10.069025
5.387088,3.999953,1.890365,9.736648,1.313754,1.619277
32.708496,21.603031,10.836942,49.582310,14.311583,23.767807
27.567942,13.591244,8.545677,23.776440,8.004504,19.286037
26.116060,14.562726,8.936690,37.487309,9.107845,19.281778
14.016006,9.728148,4.742339,16.349991,3.603439,14.491129
22.397139,15.497647,11.587536,44.566391,12.182219,12.277155
20.662624,14.454447,9.811261,35.153843,11.044984,60.427391
94.735153,50.804333,51.900139,107.530762,19.421833,48.122742
14.627347,10.422317,5.100374,16.819254,3.872155,15.517937
46.775410,29.568565,19.003729,93.985977,20.136066,42.002113
9.824408,7.245492,4.337141,20.782450,4.348689,21.442209
19.792900,14.035953,5.581902,26.010775,5.450574,7.483685
13.021702,9.372994,5.015848,14.360986,4.230545,8.947701
7.950627,5.715310,3.306171,2.228377,1.148270,3.463331
8.405873,5.931050,3.255811,12.801553,2.858912,6.746837
16.153135,10.982252,25.306204,33.235577,8.486811,17.594036
17.035648,12.135084,8.330188,37.767056,8.752130,49.651695
11.041551,7.911143,10.350442,41.003597,10.909999,5.592679
13.722912,9.648587,5.123694,12.165906,3.424772,4.912141
6.277011,4.500530,2.734289,6.695282,0.731279,3.098434
7.847336,5.575719,2.153419,30.998972,10.165230,25.221039
8.798870,6.067664,2.456774,10.116532,2.030915,4.040833
8.432343,6.418953,3.273379,9.969629,2.983529,11.495870
26.566429,17.327932,22.816742,102.635201,21.924009,81.929939
16.006367,10.823319,5.558673,23.461971,6.727702,6.788942
14.010309,10.155933,3.774943,17.906563,6.909620,24.180098
17.063347,12.013432,18.866007,30.688610,6.914861,16.871538
24.565546,17.295204,13.113038,54.098190,15.245193,56.005852
46.220779,30.788380,26.845369,72.075455,16.608994,24.667774
48.339260,31.904337,30.532459,115.685349,28.218088,37.578224
68.933655,35.277718,86.228180,385.328033,96.060715,248.052322
25.786995,17.274826,6.645987,20.197565,5.201031,6.720619
7.710606,5.699637,2.317271,11.656762,2.891934,7.638312
9.848631,6.838237,3.470948,16.660980,5.129451,3.953886
38.161785,24.657352,36.996201,113.791527,27.943504,97.292053
51.031109,32.443104,15.094113,67.886078,15.928155,55.663712
4.832605,3.714757,1.946164,15.139079,1.964360,0.397286
23.808043,16.410295,10.888750,31.738609,7.576045,6.818922
18.410046,12.581328,27.211409,66.881302,16.196512,23.143124
25.708519,17.174402,18.275578,58.226635,12.072492,17.474688
20.217371,13.180597,25.885172,78.940102,21.529379,39.602779
47.350632,30.322218,17.984411,42.482746,9.290187,23.584793
30.259939,20.866989,22.246149,66.132355,15.281440,45.570282
25.528776,17.807596,7.203884,34.182693,7.476176,24.555702
54.418324,33.264156,35.490940,108.383011,25.092541,71.751266
13.540704,9.717790,5.524746,14.218526,4.293485,26.695133
13.655881,9.946345,5.167777,17.243759,5.582259,9.376390
12.570803,8.810672,5.530885,6.012667,0.502506,4.567266
10.236023,7.122187,5.339417,13.694098,3.360142,7.919212
8.329468,6.224429,3.522121,13.322311,4.893017,7.363203
4.854944,3.706489,5.031292,24.840666,4.711433,3.394032
13.709241,9.665977,7.663100,19.777800,5.042410,6.519567
10.394059,7.037204,3.048259,16.983318,4.648047,10.561948
11.129873,7.997090,5.149168,14.559510,3.183470,15.712371
20.047047,13.988403,6.786884,24.232605,6.580050,6.397415
13.914755,10.122370,4.189779,16.072699,4.800769,23.336033
25.354469,17.080864,24.441736,76.938675,20.323015,15.501097
10.377831,7.744161,4.097126,14.985012,3.821282,3.605623
40.602242,22.964226,16.713203,35.272552,8.024692,10.692719
25.732279,17.199097,7.181871,29.850771,7.023881,3.953580
17.978594,11.825342,18.289282,61.408642,17.411133,25.621851
30.644644,20.176912,8.475546,28.823515,5.641911,17.752575
39.797226,25.543394,9.312012,38.091743,10.612864,19.987074
4.897526,3.502485,1.925113,3.948041,-0.552132,6.191903
18.161631,7.466455,6.484617,19.508102,5.625038,8.154665
17.746435,7.484311,6.462765,21.823589,5.824980,8.069900
12.345778,8.826301,3.229244,10.708272,2.523622,8.237704
28.943687,17.772610,32.104691,78.451462,18.348127,30.493052
35.652287,24.273670,21.006927,82.790550,19.037130,26.106081
9.099618,6.392443,3.883149,11.165360,1.902602,5.031467
17.416006,11.841326,4.546750,15.711849,3.266973,3.895857
7.365876,5.241078,2.481720,13.852831,3.369550,2.719923
8.970884,6.359735,3.150973,8.487793,2.509516,6.083596
20.948423,14.488207,5.348142,29.205757,5.358333,8.130547
6.649271,4.280687,3.793123,20.155657,5.103737,8.082569
6.341804,4.474291,1.773010,14.597750,3.507732,1.128176
12.892250,9.228801,4.866788,20.287392,3.988321,3.903403
23.446825,15.183839,18.751064,69.622841,16.761009,21.220564
17.827785,11.803420,5.335277,23.085108,5.292625,18.580706
11.266887,8.566306,3.069278,29.473362,7.970718,21.095314
38.226334,25.560753,11.464295,20.999294,6.363402,31.499136
12.462083,8.735537,2.634109,9.309094,2.085938,8.142260
13.820739,9.378244,6.585616,15.471837,2.769714,22.366547
14.603744,10.133237,11.123612,29.277811,8.464923,14.099477
21.793770,8.379105,5.555607,13.786819,5.300461,34.542656
32.863659,20.926552,8.580452,47.351341,11.082555,22.482573
9.018788,6.697944,2.676061,4.388146,1.717747,4.230986
11.982939,4.557450,4.063851,19.032784,3.990280,6.981483
12.036234,4.653195,4.080893,20.236275,4.131748,6.445741
54.876537,33.681511,21.112875,48.987625,8.454631,49.701344
8.246211,5.951677,10.539253,33.338577,7.522032,14.958688
38.016521,21.314634,29.666872,137.660660,29.869139,28.091745
21.295967,12.785429,7.355066,32.020699,6.106862,16.750492
35.712795,21.239855,17.943966,50.472954,13.071612,22.005426
28.442141,19.681250,9.441518,48.254322,10.129910,13.092239
5.030473,3.764967,2.959914,4.888990,0.010596,6.054241
4.750511,3.393137,2.370842,6.375039,1.239664,2.908029
17.951525,12.431607,7.851878,27.631401,5.516227,12.084817
14.211274,9.914379,4.454022,14.453377,3.740642,18.631935
20.965300,13.949933,11.459207,52.959068,12.260386,41.606609
25.815777,17.612112,7.605607,29.054966,7.161497,10.255926
63.640602,39.455002,20.190626,57.073708,11.725222,26.119438
9.902728,7.316715,3.712939,12.496290,2.658341,6.026079
8.058767,5.642938,2.962869,12.909289,2.649972,1.742230
14.649350,10.371917,4.127424,12.648924,2.391944,11.435604
35.092617,22.907593,23.116175,75.836487,19.021189,37.813026
14.649106,10.434634,5.468495,18.770493,3.377549,3.662163
35.722240,23.820171,11.455295,45.598110,10.312892,21.413980
11.440926,8.004880,3.910674,11.653238,3.373554,3.016231
25.477158,17.599062,4.832427,19.945080,6.978866,26.863592
24.427155,16.041338,10.533794,38.374844,10.195105,41.889545
15.801279,10.500016,5.497864,23.351143,5.155557,5.481400
8.177829,6.106686,2.109221,11.774593,2.390368,1.992656
53.086983,33.366337,17.201101,57.339298,14.467065,39.422272
3.947820,3.185952,1.924147,5.213451,1.102987,2.772595
20.971058,14.058386,7.878367,19.978306,4.252634,12.475173
16.281633,11.542730,4.715568,19.597530,5.215371,8.924124
8.062605,6.116239,4.312291,18.303253,4.618006,24.633808
4.284491,3.357057,4.203068,21.735901,5.541922,7.681936
16.415848,11.247366,7.186937,37.713211,10.108849,8.663490
4.366729,3.347170,2.739449,9.584669,1.926837,5.314047
26.009562,17.168232,7.858260,27.239452,6.863910,24.190479
16.946100,11.257840,11.628738,27.728741,5.510576,24.907530
30.049784,19.514524,9.963828,27.965538,6.778299,17.022547
24.151852,16.939428,11.526334,44.808811,9.091079,17.393156
43.816898,28.276964,38.853603,108.909927,25.086960,62.221706
22.188074,14.840334,7.304131,13.799228,4.804770,27.421925
53.094711,32.294540,49.237865,131.883652,32.227596,76.012184
13.870883,10.108042,10.537031,22.523046,6.613743,18.368448
14.221968,10.331685,26.786606,110.894714,28.761564,77.283455
12.476624,8.717613,2.711274,16.741671,4.299298,11.157785
29.145407,19.360504,21.718927,87.568672,23.028475,75.199486
8.339932,5.983620,2.748047,18.977493,3.866591,3.076121
58.481209,36.961613,50.758118,147.819229,34.990879,125.869545
5.316981,3.964618,3.094130,14.836283,3.802408,1.868981
7.061435,5.158554,2.717916,11.391335,2.153032,7.285804
17.045338,12.103435,5.669783,15.142719,3.791930,18.668013
5.312753,3.865680,2.634154,9.226091,1.976022,2.254210
28.775337,19.771832,11.490378,48.915237,12.899728,31.854301
15.962431,11.281452,7.904243,30.326771,7.467589,28.212061
16.202517,11.299851,4.525573,19.650362,5.190289,3.102120
20.954983,14.557859,6.779669,15.741321,5.168206,25.342438
26.982845,18.767410,9.198093,16.304893,2.875982,9.131602
26.798433,18.985125,7.999477,38.256180,8.866578,2.767907
19.470911,13.569534,6.763028,28.672367,8.215156,9.287895
8.615749,6.107115,3.183241,18.347843,3.062361,6.656660
13.830537,9.499618,6.064906,21.003426,4.672884,9.944486
23.118532,15.918778,10.384676,40.566483,8.404225,32.502617
30.418282,21.157837,8.809429,46.547504,11.502888,25.871897
25.260450,16.883329,18.588959,82.840332,18.724106,43.370590
7.895992,5.411017,4.719481,16.570339,3.845299,2.667533
44.720997,28.510998,34.950661,116.832924,27.560246,72.290771
9.479443,7.095912,4.624913,17.088989,3.950929,7.001325
21.307619,15.014919,7.598071,12.751756,3.321277,17.674612
14.481246,9.926509,6.346107,19.541994,3.643372,5.466644
23.334673,15.860753,14.652614,45.531864,14.417541,18.404694
13.476123,9.814885,5.114069,23.484743,4.899062,2.720530
17.166632,11.858041,5.127714,21.147696,4.843770,12.650597
8.077627,5.656115,3.402061,11.480071,2.472088,8.422596
10.575177,7.564577,3.660662,20.601282,4.427375,5.841043
45.748638,29.714329,10.388161,36.562366,7.386034,9.310465
15.125673,10.472159,9.742798,27.398380,5.876154,48.015594
15.934565,11.257034,10.135743,34.529053,6.817197,3.258205
21.358376,14.543257,5.905562,25.396935,6.477547,10.343040
17.386787,12.227363,4.883419,20.410385,6.678007,8.358828
8.329133,5.876626,3.124976,10.390190,2.939438,2.367340
8.203048,6.171991,2.368168,15.694402,3.427163,5.102943
6.157952,4.182217,2.792880,11.177936,1.539512,5.501809
5.563121,4.265977,2.848575,10.017898,2.851102,6.175939
9.444455,6.602394,2.029046,10.866117,1.631708,2.488738
87.082207,44.758652,57.712700,184.373276,41.352364,83.377556
16.073187,11.129941,4.754523,21.262436,4.228359,27.156849
19.296305,13.792103,5.613688,18.946430,4.606529,7.924255
18.981894,13.418394,5.565777,28.661242,6.983112,11.614176
14.868599,10.916422,4.531040,25.366467,5.480145,8.105042
26.974348,18.675520,7.495924,27.591730,6.114527,9.115398
36.579762,23.829588,24.746649,67.472054,18.632710,50.847618
26.235397,18.279531,7.642448,25.648159,6.433265,14.886785
22.954994,11.843182,8.779208,29.118025,7.138205,16.482710
21.132507,11.713916,8.180360,35.595921,7.390452,13.120591
39.349842,20.377054,19.751513,72.669472,16.837770,67.247498
25.886795,18.040937,8.656810,30.846527,6.461809,6.905885
8.733612,6.078151,2.069034,13.850779,3.606761,14.268396
8.831030,6.196867,2.662816,7.272995,2.932523,7.408356
27.611549,17.977518,17.322826,66.855659,15.099527,33.685524
65.125298,39.245220,53.983089,142.703674,33.347996,159.711975
6.962520,4.835637,2.286889,17.474516,3.922344,4.092813
20.335983,14.339770,9.396115,24.196320,4.939469,13.184117
11.196056,8.077189,3.040920,20.568178,5.945016,0.449146
18.063576,12.226872,20.670126,45.639378,11.633414,9.135609
19.911531,13.923298,4.300536,23.946474,4.510696,2.926798
11.867869,8.043991,3.779421,17.970984,4.266759,14.415539
8.672873,6.191213,3.789647,9.569641,2.724377,2.174951
9.028679,6.483081,3.856874,15.192793,3.782642,3.819399
22.515615,15.890069,7.673874,30.789080,6.940897,13.658220
22.196451,15.499997,14.873372,41.530579,10.708880,24.991322
10.113439,7.268464,6.973949,27.008360,5.612242,8.495866
14.968325,10.615748,4.807313,18.620583,6.226743,24.615492
34.778408,22.844669,50.029240,173.868988,39.955616,108.144241
15.654623,10.997202,4.181848,15.748389,4.909966,9.653939
56.630970,31.931932,38.695881,128.007034,29.134487,96.202713
7.812325,5.637065,3.244007,10.737707,2.457593,1.980666
9.284600,6.156603,3.028590,15.840292,3.819031,5.241097
5.193988,3.968783,3.757465,18.039999,4.711579,9.144830
8.128860,5.576714,2.219867,11.722815,2.905238,3.680332
6.242896,4.226808,2.915401,10.270822,2.752370,6.793328
7.526691,5.436470,2.752434,9.129901,2.464734,9.721420
23.239084,15.038219,23.653542,104.881256,25.545111,102.222092
10.624397,7.745340,6.756195,12.454635,1.805869,7.214826
23.023586,16.039093,10.635894,30.644938,6.807939,5.889142
4.580670,3.250068,2.107929,4.135485,1.741567,1.395523
23.886990,16.330458,8.272467,19.380005,3.404317,10.560940
19.866039,13.941199,6.868302,20.907787,3.703011,22.459143
6.953966,5.341371,2.356904,20.873623,5.955757,3.736914
15.745835,11.241665,6.532455,9.572311,1.753893,14.901565
14.170179,9.740236,5.265186,16.151022,4.960984,9.404246
6.715536,5.058775,1.880564,5.471414,1.373867,6.292878
21.551443,15.143298,9.722310,43.690704,11.429991,47.001667
16.434006,10.773710,5.955145,24.174269,4.825710,5.578174
66.614693,36.086224,96.192467,327.572540,80.100800,195.712204
10.016517,7.662489,2.414334,16.840057,4.726292,1.048346
16.410364,11.273869,4.717438,18.830034,4.540708,6.650877
12.304563,8.460499,5.585326,16.014194,3.782553,16.377815
16.027885,11.103901,5.439135,15.977199,3.013103,2.389416
38.345570,26.034912,17.636133,103.318230,26.722099,53.702499
11.101622,8.265590,2.977147,10.954088,2.614630,1.203864
11.266247,8.280553,5.317558,10.809656,3.315273,7.272379
83.150604,47.558521,41.174732,118.946281,29.322632,96.680916
21.630075,9.847357,10.057670,49.183975,9.772838,22.224260
5.515820,3.746131,2.469949,7.058776,2.248428,2.023689
9.964212,6.751720,2.351130,15.203896,3.408893,2.777258
12.353436,8.772791,4.294925,13.688165,3.972200,6.448574
9.509339,6.605518,3.734872,15.916128,3.341789,13.591038
32.922256,19.569998,12.870210,65.105141,16.981129,69.490402
9.469172,6.454001,4.477673,10.124542,3.714893,5.792130
10.535005,8.148929,4.141277,11.695774,2.850786,5.723909
32.403790,21.148401,19.047321,52.251095,11.378599,21.860952
5.906029,4.437096,3.143421,12.409719,3.058674,9.666304
22.325291,14.800950,9.034387,49.573338,14.349180,31.987574
48.245506,30.892944,13.022752,51.500122,10.942945,18.882677
8.560614,6.214080,3.463541,9.353137,1.946252,2.154374
11.457058,8.254916,2.780998,18.447666,4.394078,10.487101
46.886074,30.155819,32.215279,101.764854,25.053968,72.682304
16.872364,10.037297,6.060524,36.920395,8.351601,4.777921
24.784367,16.700268,12.555646,30.761528,7.250093,20.588259
17.877201,12.210382,15.464858,61.218754,14.980692,43.330505
18.904345,13.390846,3.979991,23.712994,5.408316,11.351997
24.483498,16.889576,12.135633,46.390324,12.664214,85.363358
41.777908,26.211073,13.694183,54.331898,12.586264,8.668044
25.095800,17.163176,6.546775,23.248741,5.733812,8.670221
6.531911,5.027146,4.115807,15.442634,4.299156,4.539953
37.017735,24.760462,8.745982,44.349617,11.435982,54.815220
27.608181,18.943554,8.227817,6.846753,14.326262,1367.215454
16.505426,11.761841,5.401971,26.446074,4.690114,23.889894
4.132483,3.171268,2.174358,5.824032,1.485413,9.199097
19.804264,13.929767,6.578817,24.804543,4.939306,10.566428
24.844982,17.957670,10.539378,26.589733,6.579857,6.932075
19.607735,7.354530,6.849067,17.970018,5.124663,11.693642
44.882343,28.278755,13.095765,47.484474,10.194053,25.549627
5.180367,3.714103,2.545390,17.541943,4.061712,8.201836
23.981211,16.257977,7.230570,19.726189,4.582387,23.829323
24.991722,16.839172,19.582769,82.234848,19.145575,32.777954
17.231703,7.222718,8.740901,37.543583,10.959303,16.429741
16.245026,8.052160,9.666947,72.310760,18.368038,11.647358
5.379330,3.657323,2.123390,6.867957,1.960777,6.801171
5.017569,3.908746,4.740104,33.432407,8.306151,4.188234
8.031837,6.069095,2.727688,15.183202,2.754915,3.440927
19.087156,13.417967,25.755367,89.584923,22.034580,66.200600
21.047787,14.814675,7.593585,22.634386,4.901546,11.141378
5.335560,3.843936,2.172956,-2.166279,-0.606411,2.774005
14.145940,9.952062,4.296602,18.505308,4.264673,5.427781
15.241854,10.843592,3.213080,20.148102,4.653324,12.227127
8.982956,6.218614,3.553206,19.840481,4.030536,2.689161
25.803221,17.862909,8.604208,35.871105,7.153005,21.207859
4.227261,3.297766,1.808638,7.577978,1.636379,2.369565
18.108912,11.828933,4.450094,24.589663,4.919265,13.490868
28.466707,19.568958,8.382854,28.773722,6.190058,23.187824
19.697548,14.087873,4.409120,25.774855,5.545187,14.060522
12.573915,8.907804,4.276493,12.870039,2.673428,2.613731
5.676408,4.278366,1.535341,9.876469,1.508944,3.528775
18.351929,13.431229,5.069296,11.425454,1.886695,19.356915
13.543501,9.616298,4.412395,19.260643,3.584517,13.984468
16.367884,11.171460,8.599701,43.372841,12.346025,45.875362
12.472793,8.879833,4.253289,13.200810,2.836329,6.123845
69.611786,28.215088,133.059280,407.195557,99.763306,386.813171
14.573812,10.246092,3.455996,10.787369,4.064525,9.279699
17.228651,11.949909,6.045193,19.587540,3.441071,4.918896
31.136074,21.236460,12.841972,51.350037,11.123174,26.118292
8.287263,6.057425,2.857270,11.258574,1.462685,2.802028
4.724049,3.322090,2.462586,9.479337,1.267187,5.725345
19.361498,13.387587,5.786528,20.415230,4.701979,5.149831
39.270420,26.131857,17.415918,76.147903,17.809103,16.311653
15.689971,11.011683,6.220186,25.435774,6.677514,8.868634
6.651104,5.145013,2.132755,8.435948,0.168027,2.735619
14.494428,10.010262,5.805270,17.087215,4.328032,0.452275
36.223969,23.958675,9.767371,22.046268,5.573812,9.841924
7.697833,5.812985,2.978541,10.110263,2.533070,8.724298
7.815113,5.324751,2.090804,8.227545,1.934336,4.344870
70.944122,37.640240,46.357475,145.079727,33.724354,158.649780
15.012353,10.344430,5.718076,21.649834,5.292006,12.986538
11.715487,7.815572,3.881688,15.169799,4.838542,7.020045
49.440304,30.340820,14.487331,56.790932,11.259457,21.121485
51.043476,33.111446,16.812929,53.124584,11.513106,14.097404
6.156995,4.101635,2.657417,15.081527,3.960413,3.139955
27.108433,18.340586,18.670280,69.282013,16.102379,70.109871
9.739732,6.925172,2.671132,18.144712,3.510847,4.103823
7.967338,5.526944,2.858177,8.839550,2.911073,3.965646
16.417343,11.625674,3.445252,25.655767,7.612139,8.807071
9.523513,7.018708,4.694504,19.906614,4.206330,9.471669
10.331216,6.678935,4.011693,13.654415,4.168184,3.155163
25.027655,16.168440,27.076218,120.509285,28.875212,54.857109
53.237141,34.005161,89.788948,239.955963,59.315498,283.815979
12.011676,8.351083,3.890894,19.599342,4.501392,2.472911
36.447403,16.082247,9.353348,47.539474,10.713923,82.563316
17.750875,12.212249,3.401317,18.772753,3.677010,2.476168
22.345953,15.119731,7.405048,19.947641,4.458506,28.566830
23.710529,15.906615,9.212949,45.493336,10.922772,12.781609
36.874840,24.445366,30.655916,111.824303,26.761688,84.976181
24.583933,17.319464,16.737772,63.510036,16.702299,28.673615
14.516243,10.753264,5.786404,9.340112,2.528591,9.142061
25.791819,18.157932,9.624052,25.893036,7.065191,8.937496
8.200336,5.879276,2.016427,12.922174,3.156912,5.624897
24.692099,17.149416,8.756277,41.479500,12.291196,78.314529
19.176277,13.287066,6.477004,5.554584,2.195024,7.641600
11.197183,8.353502,5.453047,14.060095,3.501037,5.223469
12.603748,9.067161,6.582434,19.840139,5.961543,9.326157
20.853611,14.420258,18.453941,61.637009,15.813212,31.112286
12.498465,9.186585,3.108843,18.994492,3.355196,2.294904
21.803782,15.059398,6.271507,21.914883,5.396191,14.252637
39.658516,23.011333,20.927795,86.037865,21.353289,60.914616
21.608702,14.526159,6.864944,34.998745,7.278957,18.606550
15.329237,10.507309,2.625875,23.677732,5.868686,4.961062
36.184647,24.662859,21.314884,104.068062,24.621063,79.568016
37.916817,23.800507,11.542161,42.122295,10.653516,8.267504
26.754992,17.953764,12.228171,58.148861,14.476906,27.151812
5.573682,3.937826,2.373236,9.701078,3.035912,2.138356
24.762957,17.689711,10.534222,25.010956,6.008515,13.687352
16.326200,11.342768,4.703742,21.849960,4.470925,9.991745
3.987942,3.055290,2.482435,7.488887,1.259220,1.718366
30.841619,20.302168,12.134993,42.947147,10.607804,35.805988
17.367735,12.677646,9.183336,34.901798,7.074757,20.892775
16.379408,11.348166,7.465661,44.551491,12.470854,3.352147
45.067303,27.210363,46.963192,134.681931,31.295042,81.253098
19.211666,13.430284,6.814757,16.628387,5.728639,26.097834
4.665032,3.266594,2.200890,8.482555,2.249344,4.486872
8.737231,6.492347,2.855093,9.070700,2.019822,8.517547
12.847034,9.210113,5.389085,17.739063,5.374436,27.193468
14.558460,9.795606,6.958491,21.822279,5.543451,21.576174
7.851721,5.620536,5.306282,27.226738,6.658568,4.560132
19.954023,13.641542,16.562284,50.170048,13.943375,21.678358
7.826425,5.793732,3.410665,9.778296,2.260114,3.027367
9.108763,6.648590,11.436448,36.184422,9.401254,35.246578
34.179810,22.347511,7.404337,35.234917,9.096425,26.550550
31.883478,21.245735,26.567801,137.995804,33.698849,181.627518
29.083239,19.755341,17.520052,72.102303,17.736235,34.517082
10.550314,7.481358,4.406286,8.324578,2.040599,1.010214
16.921789,11.789116,5.727908,22.453037,4.526227,9.547184
10.614181,8.005496,3.689498,9.602368,2.648617,3.176578
23.858284,17.010054,11.007075,42.319809,10.088017,56.171307
7.915691,5.787518,3.500082,6.104981,2.149092,2.103418
12.732269,9.359250,4.010462,13.878942,4.192971,17.257616
11.835724,8.691969,5.445632,14.753510,2.909255,9.426267
16.686081,11.536658,5.147428,15.880108,3.027819,2.461049
15.702635,11.037291,5.203724,35.224232,8.457978,14.816067
4.544117,3.624421,1.246593,17.009045,3.674659,11.952954
21.634533,14.811628,6.910613,18.228935,5.696794,7.485498
16.054714,11.326104,5.293498,16.182970,4.537078,5.540080
12.459803,8.599486,8.248760,31.568605,7.264445,24.754606
7.838718,5.672126,3.570829,17.332518,3.367955,1.668832
31.633337,21.618557,9.777168,39.202007,11.227524,8.735476
18.188375,13.055059,3.514988,10.911653,1.726454,6.623102
20.157232,8.888724,7.945313,36.324966,9.769996,16.442556
26.178144,18.907757,13.999763,57.684155,13.793250,46.303997
8.833193,6.303121,4.179592,15.155026,3.799895,7.240308
10.169862,7.108747,5.765419,8.800426,1.875597,2.371240
4.526250,3.168148,2.089932,7.278729,2.831110,2.903591
11.564836,8.832782,3.859624,9.937489,2.011065,3.010467
10.083304,7.351221,5.888538,25.005640,7.473187,20.832130
21.541319,15.086697,5.913689,17.322521,4.475454,16.189793
10.166124,7.473663,3.268367,15.856024,4.252655,3.721627
22.062689,14.916102,6.590675,18.225080,3.973185,12.899231
10.032411,7.496282,4.115302,8.586026,2.102479,9.535718
18.873047,13.000935,5.476519,17.168415,3.657809,11.583171
18.005217,12.051952,6.768223,23.466663,5.453588,12.970692
18.604698,7.730442,5.018432,18.556517,4.363807,26.790976
24.999929,16.046328,14.027854,58.460415,13.738803,45.125343
13.165729,9.058861,5.303301,13.991397,3.262290,8.915090
7.575087,5.930417,3.178194,7.716284,2.638227,9.014405
31.476713,20.601145,25.475550,60.941616,15.615594,47.668755
13.437070,9.138725,4.111643,16.380808,4.472671,4.324826
39.727959,17.326616,12.065792,39.036777,9.973358,15.315496
35.251446,16.675903,11.790468,69.541069,14.763060,14.078285
23.899580,15.394850,26.513334,90.179092,22.810688,58.236572
17.847286,12.789865,24.101131,65.890778,15.124743,23.999088
13.067191,6.717315,2.696969,11.408590,3.427150,7.191413
11.797657,6.549387,3.858409,10.281659,2.254812,4.590510
31.910553,21.259134,11.778773,30.375862,6.776475,20.254919
18.582701,12.354023,22.635107,74.484322,19.021139,101.641769
25.170145,16.748569,7.130099,23.484722,5.556719,9.306667
92.829163,49.728626,118.156487,356.829041,84.647957,251.025208
39.793995,23.616869,32.103226,129.042435,29.223509,70.091118
17.626780,11.408231,26.750456,104.160179,25.080898,112.451233
9.661719,6.646026,2.765738,9.257978,1.973987,6.375517
8.386823,6.145175,4.310977,11.055135,4.176596,2.470515
11.752544,8.447894,4.780035,3.551600,1.446630,4.707839
18.731895,13.239073,6.031317,21.390356,4.287840,4.346114
23.845530,16.645390,6.420029,20.461876,5.511448,21.730883
56.295425,33.344624,45.999336,170.353165,38.057041,82.681999
32.919842,21.950495,15.482449,47.172577,11.518695,34.781219
8.102248,5.800912,5.859305,16.395971,3.978854,1.352762
12.534133,9.025378,4.508675,17.851366,4.488594,6.810138
25.302389,17.278393,4.887849,27.949665,6.963109,11.920957
16.043510,10.972662,6.671949,20.845892,4.368038,18.708363
13.351372,9.558040,4.005646,13.161655,2.444378,4.593583
16.963123,12.183169,7.987986,28.365088,7.374194,10.344335
14.051497,10.019672,4.332718,9.889631,2.392490,4.816960
18.578846,13.311721,6.504715,22.456663,4.773861,10.261999
10.861532,7.915508,3.175984,10.399901,2.380485,9.177969
32.237225,21.854750,20.841917,59.794994,13.030914,31.070107
22.620045,15.503924,7.390210,27.785473,7.041126,21.678764
19.774578,13.991212,5.619739,18.762630,4.569037,27.851269
8.001204,5.660195,3.715061,10.906526,2.882926,5.243223
17.975275,12.599366,9.992694,33.818813,9.327593,12.434903
12.599867,8.904587,13.191926,57.992630,13.780097,24.518337
16.090254,7.667179,7.330643,38.943592,9.046415,39.142838
13.959126,6.825555,6.450663,39.914700,8.763658,27.514368
32.672642,22.364908,17.143587,55.034283,12.733740,12.104540
18.549671,11.223708,4.555274,5.105961,1.482298,13.930564
26.559053,17.897223,9.868176,31.752153,8.348195,21.066175
58.308590,31.266727,94.472885,353.380493,87.517494,178.851517
19.230801,13.880927,8.599481,27.094069,5.748520,11.388501
9.398457,6.665100,3.128556,12.741043,3.355228,32.556728
24.718283,17.075315,7.328406,28.435432,6.560462,9.502481
13.177966,9.406904,3.660429,13.902416,4.308355,10.462492
12.803918,9.379161,3.404064,7.531495,2.065819,7.410508
22.707489,15.937319,5.798275,32.761436,7.800658,34.555099
18.914806,13.195728,4.699879,20.482962,4.931490,1.985911
23.611052,16.014791,11.632253,43.654247,12.561351,34.108585
14.500187,10.406470,2.697435,12.375249,3.071085,8.686363
5.846714,4.361894,2.719457,7.181163,1.927654,1.837734
9.428190,6.836273,2.865967,11.515889,2.471921,1.573619
11.951869,8.362983,4.963629,27.476929,5.800748,2.641505
26.419744,18.740650,8.152818,21.377201,4.529703,2.900624
14.716651,10.783359,4.274498,17.456215,3.085699,2.426886
21.269636,14.666710,6.941911,24.789385,6.784015,33.623310
19.444775,13.462458,6.441515,13.748713,3.310570,10.819992
17.429958,12.167295,5.766190,15.579112,4.913922,4.874802
21.916471,15.221623,6.878709,13.394569,2.793148,6.129101
4.423225,3.295637,1.798887,11.313767,1.607729,11.404361
15.818914,11.109294,12.245767,46.400421,11.005890,11.070942
11.538760,8.070018,6.213065,12.431470,3.176932,4.083272
13.652249,9.663073,8.476758,18.529158,4.988375,3.628170
20.766323,10.281509,6.869718,25.325214,7.208650,34.823685
20.546900,10.451957,6.996345,28.531000,7.277309,32.933956
63.021988,24.121645,46.653111,128.552734,33.027321,81.763969
58.992996,24.432041,48.953400,205.827484,47.110435,76.995621
14.522194,10.178427,8.829919,18.294882,4.843628,9.035251
13.290690,9.706885,3.967807,21.059141,3.816689,12.712186
14.452974,10.316890,6.510203,13.694758,3.269872,14.256568
45.085091,28.081579,27.729239,84.674324,19.737047,28.527271
29.754023,19.025820,8.518841,37.336670,9.222514,10.611185
21.470320,15.197316,6.527813,29.119680,7.318697,7.977947
6.275539,4.654366,3.323020,14.852414,3.891673,17.603737
26.309355,17.021860,39.632507,141.737854,30.243757,47.507599
23.543468,16.684851,7.248885,40.280178,7.945256,6.824935
21.527987,14.769607,8.765665,15.217008,4.127775,10.307540
5.525081,4.008495,3.276118,11.422314,3.046339,2.607509
29.486986,19.308447,23.351433,69.334343,15.389761,18.181505
26.593485,18.777884,8.215027,30.263411,6.729572,17.197752
18.630886,13.246116,5.468726,28.191751,9.482306,8.701427
9.470534,6.826541,3.185625,16.002718,3.574143,4.462592
17.265419,11.818902,6.013198,15.770580,3.601532,4.586292
40.453098,22.709478,45.629959,134.233383,29.411207,101.948692
36.960342,14.851449,15.505220,49.216183,13.641810,52.741886
36.874577,14.881075,17.252394,58.816769,14.963251,53.841839
54.112495,32.304176,60.308697,204.936981,49.803619,217.157669
20.006090,11.995589,7.696300,39.878071,7.724596,10.552507
7.312567,5.507104,3.646656,11.980849,3.139843,2.455824
6.620225,4.896561,3.624342,14.953137,3.202821,1.627000
12.530640,9.278954,2.990146,15.592681,3.246535,19.267057
4.264886,3.194573,2.471490,5.807235,0.399784,1.222171
6.332389,4.386579,8.062684,56.992249,15.476519,59.055325
19.265051,13.204717,12.258356,51.753197,10.941718,30.961367
16.538128,11.256118,19.890022,91.262810,22.606476,54.859966
8.681956,5.957916,5.525773,7.922730,2.994200,3.204426
10.717972,7.452960,3.591712,13.570337,4.742509,15.856709
33.474854,22.169662,18.418007,57.847256,14.506572,65.768661
8.155144,3.986721,3.018407,6.897296,2.185313,23.803282
8.315532,4.406291,3.253977,12.130538,3.041675,23.583296
28.183193,18.657686,9.344072,29.736908,7.179967,24.938011
8.383780,3.784389,3.956709,21.991722,3.872453,2.164819
28.460011,19.132162,19.469282,74.253403,20.351372,68.485596
17.074535,11.769068,6.106058,11.849087,3.211063,7.477128
43.298176,26.519119,30.003918,104.571045,25.662739,181.766373
11.678614,7.998673,3.463113,12.768973,3.018485,3.333176
28.645735,19.875875,11.418330,31.408098,8.467490,22.111385
27.353014,19.434875,7.199674,23.233414,6.351583,3.089887
15.142303,10.781701,7.957049,29.191170,7.560865,31.517092
26.155596,18.183725,9.495545,27.026045,8.249343,8.655865
14.570404,9.987891,4.376205,16.842888,3.086703,1.409721
10.867576,7.455949,4.184313,6.457302,1.486568,6.678949
12.688113,8.507715,6.506015,19.988422,6.330577,12.000594
7.657717,5.645247,3.185075,5.642916,1.734941,3.723201
10.855257,7.650239,2.284450,11.372099,3.691510,11.625157
10.576872,7.624300,2.775383,12.637274,3.400069,5.893192
18.848993,13.062782,6.069441,30.526814,6.290692,11.166288
17.543640,12.866149,6.651978,23.691648,5.853267,19.920660
21.006102,14.502980,5.611673,29.221123,7.487021,10.764151
16.083242,11.295313,5.127353,6.643995,1.467139,2.687605
22.813757,16.041327,9.138676,31.797119,7.515628,45.479755
23.265562,16.152637,7.383440,27.568819,6.432679,22.421616
6.497855,4.363267,2.099671,9.090631,2.020070,8.603287
18.508827,13.199890,6.362860,16.416380,3.914690,12.120712
4.855445,3.643529,3.413366,36.318462,7.770411,7.113897
7.117145,5.075028,5.835149,21.681618,4.812032,3.145009
6.307019,4.715639,2.630060,9.515708,2.543695,5.666050
16.191219,11.322998,6.516120,29.663090,7.330021,22.796942
10.943173,7.652961,5.120543,23.752743,5.304421,14.566912
16.804655,11.815678,7.081154,23.214014,4.332641,3.252071
53.799644,33.549465,17.498966,49.377087,11.931383,27.493574
7.157000,5.467535,2.314425,11.909871,2.329937,2.380440
13.947586,10.146514,6.316299,16.251741,3.035947,7.374497
6.273969,4.549413,3.958429,17.746796,5.203942,9.014056
18.844463,12.730437,6.505299,19.208155,3.818264,5.194885
6.696756,4.713773,2.875851,18.324715,4.310022,4.143448
18.302076,12.946265,4.743818,24.518875,6.262651,10.707999
26.620583,17.604034,11.460337,32.627716,8.131363,12.196528
69.168877,40.767857,26.750425,100.200836,22.328592,105.606552
24.029928,16.835318,9.003877,16.400097,3.944523,18.074387
9.968577,7.086366,3.706192,7.872790,2.324550,3.297517
12.055037,8.671426,3.834563,12.553549,3.503414,3.483438
9.610332,7.070195,3.393806,14.941480,2.775305,4.316300
7.426463,5.199126,2.805711,7.251881,2.805283,3.413800
13.305323,9.164966,5.079470,13.313137,3.540789,5.617123
19.881220,11.675767,6.107697,18.366039,4.751024,11.012163
21.726025,13.592361,10.767382,44.364288,10.708500,22.820002
14.319775,10.194678,4.845780,20.367985,4.678766,6.073835
35.111549,24.421177,27.351042,121.037544,29.514009,67.204643
9.020233,6.648451,4.692599,13.240638,2.606945,9.949117
23.549782,15.949050,7.267377,17.283283,4.417132,5.770312
5.580204,3.756980,2.278918,10.809092,3.089120,3.807351
21.700485,14.831075,5.124031,19.005890,4.456549,3.929948
32.723156,21.143082,57.839325,144.644119,41.049736,116.560402
23.941442,16.283188,7.336419,22.056488,6.385574,8.010662
8.115118,6.074554,4.362806,11.310557,3.575983,1.020048
39.802666,25.622896,12.978170,52.665352,10.652755,23.450802
5.777181,3.834139,10.641084,22.795553,6.073883,1.678889
13.748175,9.314574,8.410686,34.936573,7.858439,11.157519
22.055721,15.702302,6.476204,36.632587,9.230795,20.823128
22.432268,15.327862,8.465175,21.789337,4.826479,4.831643
5.973398,4.228422,1.944091,10.723738,1.755185,5.215884
21.707363,14.356951,13.714669,53.948895,12.645337,54.361469
17.828243,12.468734,4.795074,15.995873,4.302222,6.930903
5.780958,4.280419,2.619938,2.562324,0.127030,5.058515
13.398874,9.268154,3.866582,6.760231,9.329572,678.662476
40.309834,26.804394,13.279131,54.669319,15.994467,53.007179
15.730448,10.980005,3.528389,14.347071,3.158484,27.792835
16.966829,12.059084,14.235415,64.018494,16.022360,20.480358
37.335423,25.192476,10.105545,27.524279,7.395715,8.814425
16.293215,11.511478,6.458945,23.859154,5.286971,14.380495
10.098433,7.323090,4.247244,13.108589,3.249050,2.123557
59.509964,32.076641,52.834480,174.956192,41.082512,133.200516
5.069193,3.696622,2.613407,10.263021,1.717497,2.104606
26.240046,18.305246,8.736184,40.634689,10.002819,22.237570
13.427332,9.617605,2.665294,14.632283,3.447674,5.821970
32.265442,21.722075,15.880196,46.631737,11.789606,40.571152
9.158600,6.280320,3.297179,13.552789,4.119836,9.651980
44.367214,29.544188,12.777563,49.738003,9.898919,10.989172
22.828115,10.882113,7.120217,16.684618,4.924146,14.058779
19.518879,8.836130,6.786289,16.172890,4.335519,9.160053
8.528337,6.303895,2.790535,8.838138,2.239425,7.001604
11.990718,8.227859,4.692249,20.178392,5.467060,10.424520
30.211483,21.784603,7.026626,25.846796,6.638441,16.913893
12.267589,8.450010,4.358472,25.771328,6.848067,2.633234
5.240808,3.486859,2.403140,12.679837,2.204093,14.702972
5.970471,4.447679,2.238219,7.229885,2.344462,2.302633
11.169834,7.664446,3.240532,16.886410,3.547496,16.193132
17.222076,11.919501,5.345910,14.861492,4.051123,15.949785
14.283634,10.391771,4.464545,11.346929,3.326296,20.603872
17.792925,12.273901,6.201959,19.849981,4.316142,6.098672
36.613514,24.712748,11.538413,37.254955,9.505732,40.491043
20.104677,13.516829,11.004047,46.413799,12.060323,44.202183
8.893367,6.320254,4.073820,8.981119,2.900591,5.299671
11.977801,8.482233,3.736482,13.970971,2.592565,4.713219
7.227304,4.895516,2.798247,10.749902,2.406794,2.415887
34.849590,23.737175,29.919107,90.157066,22.826777,55.864937
9.032784,6.249554,1.512578,30.185217,9.952290,33.703411
45.396278,28.930504,66.640350,245.000824,56.834579,159.536880
33.190945,18.370829,29.089487,107.706444,26.801945,123.079239
60.896717,27.466673,94.024139,245.359528,55.879375,268.896729
5.625903,4.042733,4.838697,12.281530,2.874520,1.512277
26.342583,18.128912,7.921536,32.429260,8.142770,7.079668
23.638798,16.754644,7.467879,32.634666,6.963871,6.236720
57.889378,31.397619,29.344322,121.935822,25.174023,48.906353
15.122137,10.792362,17.208885,35.734806,9.163136,12.463099
9.059856,6.583613,3.364184,14.353263,3.646826,8.904326
17.959471,12.896295,8.395299,33.213036,9.717393,31.589449
32.925495,21.764658,12.754305,49.103638,11.081807,44.082474
15.701249,11.024988,3.616864,21.521193,5.096373,2.795532
16.017397,11.264050,6.676718,28.219040,5.945829,14.866332
9.510122,7.017878,3.479803,9.300426,2.152373,3.912926
7.689120,5.832410,4.376722,15.653823,3.745146,12.914240
15.802997,10.582437,4.878565,22.194376,5.727602,30.067888
19.144987,12.099725,6.205819,18.945168,4.890081,8.901659
38.278625,23.961201,17.716915,71.476486,16.709156,19.277393
10.067102,7.223720,3.237840,12.086735,2.111180,2.544148
27.433195,18.688028,7.198582,24.572912,5.312570,18.074102
23.480742,15.838720,12.973745,33.483742,6.294945,22.062595
36.889278,23.801018,29.517019,104.750290,23.894323,23.404390
26.621365,18.157484,10.170588,28.737595,6.203641,4.566841
64.888512,36.970123,31.303610,120.596672,29.826607,74.267319
4.266608,3.181056,2.164272,4.777990,1.868672,0.673441
10.538342,7.673589,4.299716,9.460613,2.962738,2.963255
8.724702,6.474038,3.277716,11.693348,3.068710,7.953801
8.699762,6.153750,3.341634,9.583316,2.054678,8.124326
29.661367,19.234358,9.267256,29.056547,7.173159,11.199132
10.190009,7.548362,3.204608,10.058057,2.199994,10.422446
18.229065,12.767262,5.807252,26.540236,6.130768,16.878052
17.608154,11.906019,5.736923,16.137217,4.759412,41.694511
15.543552,10.810743,4.286231,11.831364,3.099109,4.714826
29.607338,18.890995,28.822134,85.851822,20.790321,62.911743
56.096336,33.865574,31.440489,109.034294,26.318960,118.273773
33.570423,22.558779,12.766343,38.030121,8.605203,9.153376
112.625656,51.923412,146.943771,391.545471,91.443695,285.801056
10.980474,8.191713,4.836276,12.937455,1.919972,9.398917
11.705957,8.357298,3.166550,12.309030,2.752213,1.877543
17.820974,12.429241,6.419517,19.692722,4.266689,5.113993
19.816565,13.588519,5.547415,19.869139,5.126719,9.891398
7.640613,5.513138,3.303794,15.356463,3.093794,3.603945
9.456840,6.716485,3.299516,12.272377,3.239339,2.523116
6.087895,4.378019,2.927823,9.654155,1.997620,5.089890
54.145714,27.644575,104.237556,276.172333,64.515099,104.724228
15.188100,10.619094,6.175063,20.799150,5.396499,3.125485
30.643370,21.745243,9.605925,42.781517,9.492229,22.151272
34.664196,23.035593,25.286634,83.365715,20.400816,126.826210
31.734892,22.007168,14.603174,43.396008,10.277728,42.250183
10.307134,7.850378,4.866877,15.183970,4.215331,12.509942
26.163750,18.912878,7.695180,34.743999,8.559161,14.606598
13.373319,9.642804,4.192900,15.177404,2.992551,3.987643
30.797449,21.138336,16.170046,76.967171,17.692606,38.419071
10.380882,7.520674,21.253239,72.422325,18.805325,34.549957
34.463932,21.573902,9.461018,31.985264,7.725060,48.360691
36.483246,23.734760,43.838120,144.724503,36.140781,60.911961
12.163772,8.262848,4.345937,13.916294,2.638291,11.612062
6.001413,4.101663,2.640106,8.670591,2.492308,2.196295
18.527834,13.307835,5.540764,14.618443,3.815878,6.867530
6.491416,4.541468,2.780539,4.827600,1.181436,2.279659
19.110344,13.068315,11.016196,35.645294,6.625045,12.417695
8.336040,6.064198,2.530828,12.357014,1.844357,5.857235
30.752531,19.987799,14.705441,46.577255,11.490161,15.971329
20.717506,14.604241,8.896991,25.111362,7.245749,13.355131
4.686107,3.378146,2.398649,1.855917,0.311869,3.152817
37.693790,25.632296,11.219692,27.337099,7.087643,6.223711
11.525823,8.391682,3.819756,11.798424,1.829403,8.103374
8.750766,6.031753,3.747220,6.083457,2.203710,4.409624
9.587005,7.213917,4.525459,19.916262,4.036646,1.999174
9.775393,7.070314,3.439268,11.179194,3.389735,3.914333
17.669140,12.302824,6.590990,21.874811,6.144320,6.113979
14.593894,10.163962,7.153593,28.976622,7.769039,8.499024
63.316769,29.579535,73.107597,252.614319,61.409542,231.171036
25.730509,17.480686,12.025810,34.353737,8.795869,10.010375
16.054619,11.428617,4.234914,23.933443,5.127619,15.041841
7.263904,5.372894,3.268903,8.959785,2.237165,1.458434
8.082958,5.799786,2.634806,7.246094,1.821406,4.477971
34.466946,22.828539,11.096046,32.974220,7.848774,14.034896
13.942937,9.852928,3.708054,28.569714,7.999688,4.594089
19.721460,13.568213,8.162522,27.995913,5.717715,33.133400
5.610684,4.467728,5.582752,17.510422,3.837359,3.632493
24.146986,16.767305,11.612017,45.610409,8.632597,30.008356
5.195323,3.935055,6.045732,15.723498,3.431358,15.348716
35.926689,19.553961,11.454967,33.250320,7.605891,31.269625
29.239689,16.811245,12.144316,46.551025,10.010669,7.235540
13.841010,9.987141,5.018674,15.047570,3.891249,4.553383
13.273213,9.394537,3.958352,15.813442,4.085949,4.535037
35.064449,18.480927,41.279881,76.259010,48.287731,3054.990479
10.650451,7.656299,3.119028,19.041063,5.395288,8.708599
10.902947,7.424158,4.177521,10.356144,2.213173,3.269336
21.807528,15.098062,15.932691,48.199970,8.669350,7.015802
21.766317,15.413833,6.456520,21.828268,4.241767,6.681780
22.102951,15.469607,12.818541,26.199093,6.010201,12.546820
7.818843,5.316636,2.836612,11.281552,2.879578,8.666659
6.298749,4.658058,2.914690,10.331594,2.674776,3.099635
22.392183,15.735118,7.799479,17.607594,4.150424,9.903387
38.471325,25.962986,21.864809,59.722755,14.156692,9.757457
31.570330,18.731813,10.513609,29.769085,8.035959,38.465454
34.487778,20.221611,25.412371,60.649258,12.851787,37.306316
6.248700,4.726741,3.368122,10.780610,3.365303,6.089141
27.217611,18.629995,7.006367,22.664515,5.830467,14.320383
25.754150,17.207418,16.852589,50.756859,12.420173,23.879042
16.084753,11.752560,4.968867,7.967482,3.525743,9.914712
29.221165,19.496548,6.411397,36.421974,9.169110,43.603214
16.364538,11.425105,5.912484,15.788950,3.776797,18.507841
30.454765,19.912901,22.492111,78.415428,18.980415,38.533382
12.400592,8.937843,4.118262,17.598642,4.660005,5.787155
9.859099,7.329033,4.992785,16.408644,2.890686,9.048600
25.460434,18.224964,8.534351,19.732927,3.960336,6.417920
46.118298,20.512571,15.307435,63.734455,17.489298,40.473701
40.259872,20.382687,17.258532,136.022186,30.706442,45.644356
4.902769,3.385999,3.317050,9.671130,1.639978,3.674744
7.763756,5.670752,2.684598,12.862251,3.380145,2.793865
13.289703,9.284969,4.598278,24.047232,4.990614,2.913766
10.718210,8.008377,3.939480,14.096313,3.472784,2.529168
27.857693,19.207912,16.714935,80.722870,18.230000,21.633234
36.681595,25.198961,13.280488,37.428978,10.456860,9.486614
27.719765,17.957703,7.287277,30.919498,7.049346,10.514502
26.019621,18.215590,11.071033,25.701712,7.264358,16.178499
22.567019,14.611492,23.297688,74.212990,16.902786,38.097820
15.728939,10.284046,18.553226,70.471046,15.868562,27.096992
77.431969,37.767456,59.961029,236.653275,55.624176,102.743744
4.613187,3.342616,1.900855,13.945223,3.719193,3.807390
6.299193,4.669276,2.889101,7.356021,2.240459,14.941780
5.769019,3.935660,2.700108,2.295659,0.250934,0.795682
16.962357,11.980014,5.422675,16.072315,5.042340,5.487216
17.317366,12.440095,8.535311,64.658409,16.277477,28.955482
11.611894,8.753222,7.015290,27.418661,5.697435,16.057329
41.963131,26.206938,23.078779,79.255455,21.139637,84.008064
4.734120,3.616618,2.879667,5.628743,1.258618,1.105270
26.997986,18.346821,19.964653,69.924774,15.962945,47.720623
20.995905,14.325509,6.585229,18.675682,3.168662,9.186856
57.630833,22.875631,57.847897,153.460220,42.301998,76.480057
71.699921,35.397861,89.445580,303.888947,68.554062,117.748024
29.829611,14.337611,9.944221,32.517197,8.330372,18.166054
25.774351,12.495208,9.802637,44.596684,11.097926,20.035757
41.276272,26.994982,11.818019,34.441753,8.145472,13.537305
4.698897,3.208471,2.787683,13.149764,3.101776,3.426321
14.380431,10.078567,7.020866,17.537111,4.028945,12.353635
7.476527,5.719131,3.443191,7.919120,1.666869,14.448639
11.353099,8.333328,4.580340,18.528191,4.088623,4.653337
6.525228,4.470923,12.969448,34.261227,8.035639,10.892689
14.452136,10.627905,11.634338,44.345772,11.156651,15.628429
41.129093,24.188498,26.857038,100.054527,22.530544,73.730705
24.104630,17.008718,10.620049,27.462975,7.171705,17.620876
11.102976,8.228546,4.240162,15.348242,3.238314,4.334029
9.878421,7.133176,3.658062,21.285006,5.736779,29.923452
11.975251,8.058622,7.102753,15.938776,2.785533,5.906691
15.117313,10.562234,4.967903,16.356176,5.240945,4.013398
13.249589,9.420179,4.505776,21.761015,6.146661,11.047422
24.303295,16.949207,7.952928,28.332510,5.985699,21.386728
7.544575,5.730520,3.120461,21.758596,5.485549,2.501335
9.293823,6.988770,2.237450,17.729725,4.222118,2.477615
7.041297,5.295185,3.813475,29.701157,6.863589,5.234729
9.010443,6.781191,3.324886,10.810043,2.011732,1.779994
8.840989,6.555174,3.006762,12.803759,2.150906,1.384456
51.392509,34.207634,29.264730,80.799263,17.558317,54.649654
41.791779,28.154148,11.795576,29.679876,6.309403,31.887106
29.217989,19.798243,8.206822,35.338318,8.501962,12.784147
9.437151,7.020062,2.492203,9.206077,3.182618,4.681639
12.283776,8.788638,3.766309,8.504408,2.916518,9.235234
27.440706,19.137011,9.933846,49.561180,12.754726,58.559254
14.933580,10.730718,4.952520,13.053789,3.690687,4.542177
26.190233,18.880962,9.171324,49.210926,8.915098,22.786688
15.139429,11.050906,4.142558,13.576543,3.592290,2.209194
13.804055,9.798210,2.906738,21.669044,6.589230,15.024262
21.205141,14.923414,8.448656,46.940224,12.141121,45.990170
17.189579,7.904416,8.464040,33.455883,8.379476,15.628672
6.547807,4.801878,2.956946,14.303803,4.223672,6.812640
41.343788,26.832939,28.673386,104.034584,27.050360,29.768644
6.840280,5.024371,2.437333,6.054806,2.386271,8.458949
16.485868,11.465105,4.846702,22.607138,4.537886,3.549275
20.741407,13.986773,3.652896,24.556097,5.283189,16.851387
7.349859,5.066093,2.381525,8.488422,1.588141,2.040620
16.961763,11.507808,7.190855,19.450253,3.812363,19.186359
15.308355,10.933683,4.910213,14.161591,3.432317,4.335640
18.944847,12.604348,9.316155,36.783703,8.768173,40.968956
11.264538,8.079452,3.568058,15.907148,2.965526,4.997101
5.736760,4.479831,2.665497,19.211203,5.735381,6.161546
43.974075,25.954449,34.363506,107.677345,27.435781,90.118637
12.561996,8.913779,5.580477,13.586820,3.791432,4.041183
19.192936,13.349703,4.431460,24.024067,5.549197,14.194204
20.357565,14.331373,5.969785,9.458519,3.457086,6.440951
25.314375,17.387871,10.413920,43.792114,10.044928,20.286303
64.982941,30.724247,22.684273,80.461754,17.006655,21.663515
33.756001,20.498716,41.354919,145.678314,34.891258,157.904419
33.344280,22.745243,10.862568,50.807114,10.367803,13.567211
20.697420,14.642109,10.477335,70.284462,17.779697,35.973824
10.431215,7.637052,3.525212,10.414138,2.019075,10.911091
25.129860,17.801613,7.540040,24.696762,5.236557,27.105621
8.437909,6.419827,2.975379,7.771474,1.545581,5.196967
36.695530,25.385614,9.937347,49.612167,9.453486,25.938066
17.031073,11.598707,5.671484,15.689054,3.838520,15.553240
25.562668,16.761759,7.667486,33.528652,7.558258,19.019396
9.816182,7.139190,12.134836,33.395378,7.534155,16.651205
13.017571,9.500030,2.720297,15.879575,3.858675,6.735266
9.842739,7.187031,3.930896,13.296898,3.447166,1.896830
11.969790,7.451621,10.622379,5.559474,1.861491,14.667724
8.691350,3.605235,9.866600,23.380529,4.321674,19.780005
15.788643,11.190454,3.713835,26.132753,6.753098,10.286311
4.440269,3.264276,2.943801,9.085317,1.498401,1.406974
10.426536,7.688165,2.652655,16.777475,2.480814,10.895721
8.747354,6.213157,2.925109,7.701689,1.240537,3.364551
12.284295,9.085265,3.929197,15.610500,1.606114,4.592899
74.462112,28.605032,41.937397,203.015884,50.225319,164.579163
46.235313,22.408823,21.977728,117.813911,21.028404,22.117733
7.809203,5.661204,2.686288,13.851956,3.746207,7.272095
11.016622,7.869801,5.993007,11.912155,3.187676,3.948990
39.580654,25.460745,20.743263,50.840412,10.910767,29.337299
15.970942,9.791203,4.962018,21.283476,4.988168,8.654366
10.710676,6.767093,4.225183,25.818329,5.858057,5.586782
8.290711,6.264595,2.326149,13.996818,2.877760,2.492347
20.101105,13.944076,6.866965,32.447815,6.489678,29.567001
11.057096,7.749750,7.482574,28.826725,6.718306,11.273531
8.458288,6.111829,3.691655,8.355042,1.712480,6.414149
34.137444,21.638000,15.843700,43.723423,12.389585,57.599007
47.192352,28.592838,40.748905,145.717072,38.802433,124.002892
61.338127,29.646311,27.925146,65.342453,14.034728,30.815176
37.702106,24.933741,9.682380,30.421795,6.998645,8.675776
36.626453,25.693932,15.425835,50.455925,12.113612,74.087624
46.062641,25.899761,47.663013,149.576569,32.263916,152.425705
21.723679,15.053368,18.558187,55.630783,12.295006,32.824635
45.756824,29.437468,21.356514,53.054943,12.275064,19.999632
39.175762,26.633720,15.255575,40.509636,11.500946,32.841702
14.079448,10.038859,4.555609,39.840614,8.627811,4.212220
9.453795,6.664651,9.062994,35.011681,8.912656,15.418765
12.221602,9.190925,10.774673,15.114623,5.122670,7.658502
27.938232,19.129217,8.375037,22.728910,6.069869,4.789372
16.180666,7.453018,3.622119,10.521987,2.301883,3.450469
19.980104,12.690705,4.823727,30.218878,6.773931,3.450654
20.865799,14.909120,7.056575,30.430403,6.818466,6.548607
21.403185,10.727813,6.206758,23.124130,5.902715,16.222124
10.116620,7.357135,3.385671,9.746733,2.868413,11.312619
7.522943,5.640153,2.025331,9.664119,2.796005,2.310793
17.002470,11.525091,5.127858,23.702730,7.009176,3.979752
17.307915,12.212268,6.788429,23.073315,5.373447,19.700441
12.857942,9.085918,8.733425,26.295052,6.437756,13.051118
5.453273,4.156090,1.679118,10.590331,3.646536,10.122915
35.255493,22.213562,41.789585,174.441574,40.075363,53.211727
9.644706,6.704789,3.247038,8.899317,2.253567,4.812214
6.426486,4.840018,1.898852,16.958515,3.782272,0.727487
5.287772,4.371894,2.906000,7.368216,0.904906,5.013745
20.986523,14.398806,7.843796,23.190830,4.800241,4.596343
25.490217,16.710468,11.278716,29.665588,8.325815,14.344312
11.903966,8.772289,4.152104,11.031661,2.067935,6.006110
14.661248,10.633730,5.316629,26.966669,6.900867,6.449338
5.513823,3.876624,2.095026,8.251006,2.553180,4.254233
11.126170,8.134465,4.071710,18.119553,3.363645,17.333042
11.751292,8.253856,3.609648,9.782179,2.539762,3.323918
51.167568,30.526447,23.597687,96.971329,24.005579,35.352242
21.619963,15.235662,8.625945,46.277565,11.536550,15.010655
16.031336,11.269820,10.623364,33.070648,7.702131,64.186462
14.695117,10.386327,5.008700,11.135314,3.320929,14.369358
20.471231,13.900278,15.074129,60.842396,11.974799,45.840923
24.306519,9.261762,8.878253,22.827448,6.688953,49.140362
36.265957,22.838604,17.713232,75.985214,20.523825,79.790535
22.205378,14.980259,5.292536,29.201735,6.920976,6.593414
8.092995,6.099293,3.527858,12.129537,2.582042,1.381693
14.770637,10.100133,5.028570,16.180353,2.776267,21.504848
9.503303,6.883925,6.025365,18.538076,5.012689,2.272808
8.888930,6.190066,2.996544,12.609523,2.753012,3.633387
17.984211,12.829001,6.550207,19.741100,5.000585,7.642940
17.057520,12.185802,4.920346,19.414362,4.768843,12.086133
8.828729,6.382638,4.277909,14.049316,3.933675,0.977512
28.974356,20.079166,22.481539,85.606544,21.444603,49.892235
29.662560,20.046249,9.788738,37.759743,7.279880,8.876975
30.703598,20.234997,26.533768,72.778542,16.254934,85.861031
22.178965,15.327677,14.630431,60.617023,13.358175,18.786907
53.518307,33.265438,17.240509,68.331032,14.465159,41.869675
6.225488,4.213889,3.406756,10.317024,1.798963,10.304414
4.998010,3.610950,2.505158,11.229787,1.915392,2.739915
44.125748,28.759678,12.608561,35.855228,8.629601,33.269661
25.372095,17.319096,6.766693,25.018850,6.903306,29.194019
60.507874,35.182407,45.774170,134.095673,32.320240,41.069748
16.667931,11.249865,4.918464,12.330111,3.247573,17.694042
11.910783,8.822252,6.236591,20.695774,4.374738,4.779353
15.770813,11.114184,4.638964,17.452311,3.590393,5.850306
25.494539,17.441996,8.425068,28.193592,7.675961,5.687248
16.557444,12.270701,10.862509,32.405403,8.262085,13.108258
12.517738,9.075667,6.141495,16.157841,2.032921,3.567339
6.205861,4.177668,1.549819,12.924983,3.389276,4.298869
5.739667,4.257317,2.138365,7.054965,1.526736,3.306109
24.535908,17.341127,5.651014,25.776062,5.331430,27.088547
22.619909,15.305898,8.258043,31.039757,7.363275,22.409622
20.801203,14.664607,8.399376,35.948391,8.134272,16.217470
37.424435,24.081160,14.084409,53.347298,12.425214,53.988190
9.218108,6.185915,12.514595,38.283775,10.399540,12.849483
9.350280,6.569537,5.174292,8.492295,2.958064,2.383224
35.218044,24.627661,10.292446,44.950134,12.516527,77.912476
11.393449,8.136886,3.485960,12.987695,2.274132,2.367014
12.415325,8.889064,4.774204,12.377214,3.690983,10.447910
12.340264,8.216392,3.656732,19.728125,4.345377,4.336207
22.852198,16.119299,8.773632,20.844582,5.593484,27.830807
23.027611,15.625891,10.473164,29.427029,5.826150,13.718343
12.691072,9.021276,3.970679,13.186553,3.065491,3.750171
9.611169,7.236209,4.636569,28.990551,6.103642,11.202984
12.320070,8.454110,3.576965,14.012238,3.826902,10.788808
39.570019,26.768312,17.769251,43.261967,11.578448,25.830778
13.581656,9.662975,4.573013,18.220360,3.380976,8.525825
6.003048,4.337925,1.825014,8.690697,2.318397,13.806310
30.841017,20.316633,30.275276,67.199181,14.923190,57.413357
67.390457,39.182339,22.760603,57.568188,12.411318,36.606026
21.586151,14.815589,10.037128,42.069363,9.847851,9.012887
18.595556,13.117789,16.752066,40.581734,8.590310,34.736313
10.915221,7.640140,5.475407,15.458837,4.330514,2.079320
44.817787,24.930044,48.696991,135.194489,30.599483,99.564445
20.264717,13.864140,7.239974,23.258863,5.560930,14.126498
4.304252,3.344770,2.251807,4.688197,1.967279,6.761137
16.727154,11.862698,4.713325,28.640631,5.920720,4.032699
12.158224,8.298222,6.209661,5.262059,1.878686,2.326334
23.972595,16.611174,7.981484,10.618881,3.204975,8.800005
7.630447,5.913180,3.296986,10.012614,2.146496,1.947548
13.238839,9.517099,3.962002,9.707498,2.536348,8.390193
17.955603,12.906398,4.868304,10.925737,2.685424,4.586196
10.426822,7.614376,3.180918,9.779297,3.598990,7.024008
31.172304,21.204073,8.597009,5.532112,6.793695,621.017883
9.528435,6.686322,3.908997,21.719927,7.230272,8.361515
50.605782,30.491884,30.429449,74.245872,17.898987,56.662113
18.494350,12.580535,6.616602,24.658335,6.887217,18.506422
15.967756,11.284681,5.237571,15.862962,4.237274,6.748689
15.609119,10.487987,4.169417,16.169811,3.711913,12.593090
20.935907,14.503103,5.679699,27.004223,6.579555,10.211130
10.023488,7.204585,2.417279,12.509874,2.198138,2.121337
17.103048,11.776503,4.401452,18.624466,5.596689,15.065990
14.365703,10.480618,4.312713,15.894354,3.709580,20.511301
6.538439,4.758066,2.166509,14.535758,2.464816,2.295055
36.951336,24.429253,9.004433,39.832790,6.213108,21.059664
18.565504,13.006195,5.752257,28.433920,6.039660,16.558813
14.136990,10.140785,5.682634,23.422678,5.778762,4.044071
49.071537,24.735451,73.038536,264.069244,61.633129,156.477112
23.665297,16.177910,9.061814,12.298962,3.181054,3.005399
6.040052,3.898200,2.765327,12.892925,3.694776,15.784535
13.067836,9.267513,5.355323,12.297237,3.871246,5.212234
14.781879,10.988171,3.579319,13.672107,2.891817,10.485142
27.543196,19.096415,10.671405,28.229780,6.956055,8.355207
13.355708,9.145061,5.153606,14.475813,4.475697,7.865505
4.543496,3.141421,4.147288,26.574511,7.109297,3.970342
34.283100,22.706249,33.502499,101.794617,22.736149,131.044312
19.159924,13.466384,9.990792,40.885281,10.163518,38.022186
17.805248,12.130125,9.820433,39.395290,8.605793,11.920899
65.649361,38.700081,37.025303,146.177536,35.765934,98.125282
10.539090,7.535074,3.536722,12.105433,2.627815,16.085873
17.315374,12.287060,7.877047,65.163345,15.553515,48.462353
7.374053,5.509387,3.064538,8.134870,4.322666,16.685501
20.669001,14.195352,8.188528,26.432268,7.579584,36.486858
40.383862,16.357786,16.429811,47.416740,12.879529,37.795116
35.770626,16.620150,13.373919,54.938671,12.847850,22.831539
18.731991,11.366905,6.952207,13.808037,4.122599,13.381639
20.816233,12.320928,7.606256,23.535980,4.898422,14.419952
7.887795,5.992388,2.424920,8.424131,2.145172,1.841888
20.976772,14.734069,5.722982,26.557318,7.433445,6.412698
25.996836,18.118475,15.078858,10.831964,2.228106,26.550674
55.839577,34.501305,17.649017,58.090282,15.050710,24.662270
41.867466,30.611101,14.548808,56.876503,13.094462,23.669065
26.716608,18.054165,7.209543,30.444778,8.178579,5.382756
7.158781,4.984337,3.012853,7.870727,2.043038,4.784869
15.446149,11.083821,4.510946,14.193069,3.363069,4.510561
8.641083,6.199750,3.276562,10.844974,2.220413,2.722229
8.206304,6.097260,3.305389,16.784164,4.306353,1.867163
9.680182,7.308708,4.040688,9.952844,1.779937,8.273066
10.666599,7.531653,3.001426,24.480473,7.058014,14.750579
17.271013,11.544634,6.114319,19.453836,2.933611,8.894565
7.240324,5.612039,6.954678,34.860847,8.623968,14.655699
7.483702,5.378525,1.941953,15.818784,3.119088,10.985452
14.582281,10.231513,4.677087,16.763149,4.744130,4.171964
12.083231,8.665486,4.048376,11.290995,3.931479,6.969102
20.970181,13.936230,20.468489,53.610313,13.125408,20.100849
24.472366,17.014803,14.232379,67.053726,19.005486,57.087193
15.771525,11.181840,4.320021,9.994253,3.478306,1.769232
48.757610,28.710556,54.223328,175.330582,45.396484,224.715302
11.580494,8.434015,4.098938,14.185671,3.957441,3.952150
15.992579,11.795633,5.819577,23.650732,5.926843,16.677786
72.581245,36.158325,34.216923,82.402603,18.827803,80.921555
32.229744,11.901761,16.532505,67.010468,13.558650,26.461929
18.679617,13.082936,7.792235,19.350697,3.979473,8.947742
11.264966,7.556626,5.238036,31.442959,7.561009,43.800938
22.294479,15.448712,5.799690,17.326952,4.278623,13.705402
16.701689,11.703934,11.106233,23.915926,4.462682,8.063135
7.047624,4.941945,3.318422,12.233944,2.357222,11.417486
41.265034,26.603510,19.317936,41.920059,9.851332,9.986423
11.546629,8.295819,8.049926,17.582520,3.434502,6.645257
6.789901,4.651771,1.808928,14.228033,3.037913,2.752341
13.829343,10.156771,4.392622,12.981831,3.399788,9.240181
16.340508,11.343930,4.875020,27.756313,7.844234,9.107898
20.794018,14.158408,6.290913,29.282316,7.445925,5.802986
58.634007,36.530743,20.357319,63.091396,15.772753,16.708168
28.069715,18.381651,21.057745,78.575333,17.586203,49.318600
10.886756,8.224550,3.350714,11.904622,2.152977,6.005334
33.431477,24.123976,10.189865,49.526077,10.677721,14.563693
17.060804,11.733369,4.756532,33.223328,7.883924,6.790953
26.028437,17.839975,7.241843,19.425674,4.493948,7.472397
35.205040,20.835653,12.579492,42.424835,9.586548,37.965801
36.226082,24.833570,31.502270,81.040382,21.146408,49.415047
24.301186,16.371538,19.394253,73.551804,15.929042,13.627259
14.776409,10.393458,5.048040,14.857132,2.766099,6.082619
9.155470,6.855469,2.878531,12.193181,2.949532,12.590961
11.140492,7.749702,5.835591,14.899886,4.556661,1.593433
10.807198,8.008176,3.865793,18.269058,4.265572,6.934694
29.727322,19.626778,19.037027,52.490795,12.409881,35.862419
12.575199,9.207615,3.316468,18.482502,4.117261,8.898000
36.000748,23.980690,54.523102,97.565224,23.263710,35.763706
15.851662,11.173567,3.535946,29.073059,4.924180,4.583230
12.085155,8.822397,4.429256,14.246186,2.538547,7.227727
39.320515,25.795395,11.681398,38.609295,10.048925,9.142056
10.063147,7.604927,2.542413,14.942242,4.398828,18.242237
11.048107,7.659764,4.893224,15.317623,1.731538,4.947863
10.812693,7.872595,2.046148,14.720233,3.728887,1.553210
20.283686,14.441465,4.796469,14.962744,3.808416,5.135548
4.781538,3.739501,3.068432,4.342552,1.994355,1.711666
29.196035,20.133068,9.105186,25.828743,6.563436,19.336164
13.688120,9.754403,5.093584,13.256023,3.176963,4.572530
12.128691,8.295861,4.815860,27.945503,7.470029,5.611711
9.453696,6.866247,2.975208,6.544203,2.177835,5.398098
23.577988,16.201134,9.336908,25.987614,5.951255,27.795118
42.352558,27.203146,14.167578,61.974911,13.040223,23.801922
7.888211,5.841955,3.450808,10.168624,1.997027,5.256607
39.456505,25.073273,29.422472,106.743538,25.745085,113.755180
4.421679,3.305595,2.445358,8.048215,2.806220,1.160651
6.144907,4.188032,2.033227,8.221709,2.891328,4.011196
4.082408,3.116643,9.878366,32.284500,7.884004,25.859257
5.404427,4.337235,2.716868,7.412939,2.772971,3.430447
8.726936,6.148256,3.800194,17.141171,4.226300,2.681280
9.040879,6.738549,3.484671,4.134368,1.031171,3.850635
20.407726,14.103777,6.378592,17.092236,3.099411,4.369258
8.051868,6.128224,2.856930,13.309408,4.388640,1.630347
5.393382,3.940690,2.383998,5.088890,1.153218,3.915470
8.040959,5.839206,3.017821,11.089205,1.717224,4.366210
26.977587,18.319670,11.051002,35.702789,8.151132,8.711469
7.169755,5.070829,3.020431,12.283211,2.720090,8.524841
10.374146,7.488466,4.317586,5.525894,2.240126,9.642657
16.637470,12.104470,5.965765,16.072151,4.061165,6.684709
8.350659,6.205349,2.749204,8.942660,2.117993,11.339617
20.174866,11.551479,6.069690,26.341558,5.583614,6.609373
28.405039,17.779692,5.809873,43.199783,10.005947,26.913757
22.039709,12.126368,10.235818,37.472561,9.526741,30.913115
22.927425,12.230856,10.677127,45.863274,11.138491,30.774998
34.710770,22.898888,9.273010,56.668831,13.766040,47.455078
5.023785,3.748504,1.994337,8.208701,0.899744,4.754093
95.053528,48.731457,71.952911,231.073715,58.998985,421.905640
9.833559,7.358227,2.665272,14.823721,3.007702,3.387340
9.295476,6.648029,2.332172,12.398593,1.474436,3.768461
22.637253,15.230427,34.503574,99.108139,25.299587,120.006721
35.174934,23.907213,10.621161,50.843796,10.923980,18.515453
23.056515,16.065071,4.800025,24.570570,5.652053,7.407660
10.844696,8.065872,4.933379,29.873636,7.937039,29.792929
20.571369,14.602280,6.902769,32.571804,7.009915,2.633706
11.971158,8.508298,9.891525,25.378481,7.159966,7.069678
11.313332,8.296804,3.296135,22.276873,5.377018,6.470236
28.100782,19.778927,7.357901,24.672224,4.653220,6.131324
7.914132,5.581749,3.624425,9.741222,2.621189,3.705158
