"FSC-A","FSC-H","SSC-A","GFP-A","PI_LSS-mKate-A","mCherry-A"
9.233048,6.862301,3.264219,15.341996,3.396186,1.467448
6.088424,4.395687,3.662763,70.139214,19.321138,21.077019
17.024284,11.684191,15.513444,57.448631,16.037424,46.046402
8.888976,6.161746,6.367842,27.789055,5.556983,5.477315
19.018980,13.345325,9.090249,47.915974,12.841620,6.274837
4.662971,3.446756,2.860794,1.747927,0.486543,0.811961
12.744967,8.823330,4.908356,5.045476,1.006363,1.663471
8.480788,5.919996,2.930262,48.246540,13.953603,2.909814
11.714535,8.136395,5.587613,18.895891,5.078537,5.308822
7.081749,4.849067,2.995617,20.007774,4.886645,24.285099
9.541733,6.777038,3.579134,2.834062,0.816820,5.352125
3.958315,3.178709,2.555238,3.243798,0.701306,2.112294
12.576054,8.640634,2.885057,18.460791,4.960536,16.119457
13.302314,9.219286,5.036255,56.286873,13.682505,8.267709
10.156143,7.172308,2.967809,17.812307,4.439035,10.154759
6.747622,4.346725,2.806546,7.425825,1.311807,4.042010
13.156715,8.918552,4.466550,18.560013,5.396804,7.728023
7.219529,4.982259,3.142649,13.064145,2.922062,3.649708
12.094048,8.644117,3.495240,36.893490,11.632606,8.522302
9.086880,6.284922,3.586025,17.060528,3.984567,4.314459
13.899267,9.590038,4.241652,17.835325,3.866547,3.204915
26.954082,17.526976,20.645666,184.223923,54.229122,132.574371
7.948415,5.772657,3.441752,4.172388,0.756903,3.528570
11.597853,8.116348,8.869651,26.311378,5.987704,3.088912
10.977873,7.558103,3.796215,9.129102,1.509570,3.141158
11.213326,7.740518,3.688356,56.666065,13.548216,3.764077
10.929667,7.679719,4.485371,10.596647,2.764272,1.363940
7.777578,5.519091,2.972488,31.163815,7.707446,1.009765
19.963291,13.572869,8.831767,46.183571,12.914313,12.561230
14.982058,10.316305,4.371952,13.377596,3.861303,3.835053
12.823189,8.906143,3.430401,15.921536,3.632338,11.460783
10.010916,6.813466,4.152646,21.184395,5.132396,6.754041
30.716843,20.426380,10.489339,41.113861,10.955445,8.919359
16.093170,11.148476,5.168243,16.062540,5.422789,3.135339
4.854085,3.788249,2.688362,0.794141,0.230660,1.391827
17.220943,11.475173,23.369907,113.461967,26.462788,7.248263
8.930305,6.554133,3.127636,17.759363,4.371690,3.003660
8.523491,6.086431,5.802189,7.376806,1.074508,6.916997
12.778510,9.048560,5.501169,37.875793,10.252892,22.443075
19.114710,13.052236,7.246602,104.839752,26.673235,12.186477
88.754814,46.799610,53.668499,283.270081,75.980629,188.995178
5.807621,4.052301,8.358403,29.202251,6.990483,12.098907
13.834326,9.706861,4.594440,29.978951,7.852837,19.089819
14.441605,10.307141,5.062741,20.585911,4.799531,4.500295
15.418890,10.671692,10.268140,33.666332,10.108432,6.013382
5.260661,3.667286,1.336723,5.354427,1.427565,9.814533
11.076059,7.751703,3.487755,9.952514,2.755786,2.653978
4.955031,3.635627,2.495079,33.089851,8.938072,0.795841
6.173722,4.383423,2.220228,61.628822,19.154648,7.534642
10.579110,7.377485,7.302729,30.525997,8.367387,61.610661
20.945436,14.810946,7.794920,45.264812,12.388498,5.833861
5.817312,4.136961,3.631360,6.129424,1.650379,2.287717
11.851565,8.180294,5.036636,21.963293,6.844573,10.504902
8.392934,6.395001,3.882179,9.625900,3.230687,4.744357
18.283039,12.030277,15.717471,55.609169,14.088552,9.669162
24.672655,16.741226,11.519560,34.210716,8.937971,7.080454
16.519310,11.501867,5.115660,57.534615,15.721886,5.082645
6.545775,4.619092,2.847716,10.252418,2.977194,7.224456
26.886049,18.755074,8.073267,20.785282,4.757868,8.686241
23.960918,16.585581,10.239053,47.334538,13.762672,15.372247
14.324355,10.280679,5.667941,3.490371,1.174030,7.194430
6.612062,4.739181,4.339618,14.416720,3.907629,2.070434
9.921926,7.251302,3.409404,9.760151,2.402359,8.573149
78.980721,48.722027,24.487053,127.827957,35.219570,79.356140
16.620070,12.061780,5.753654,31.786985,7.690436,4.104771
18.445257,12.653097,19.737745,109.219765,31.904408,64.218437
15.603855,10.831034,6.250688,23.614286,4.976907,6.430449
11.555199,8.271596,3.823628,13.626949,4.192419,3.795307
8.249400,6.003234,3.889738,49.584354,13.668079,13.445665
10.309767,7.676051,4.178960,27.107216,6.837899,1.483141
12.622018,8.897344,4.641461,14.502449,4.194365,16.008743
6.946084,4.626625,1.463367,5.771755,1.850458,4.762417
28.960024,19.879929,7.599142,39.120514,8.812106,5.566503
21.234173,14.107210,13.142605,85.878838,21.274025,9.038012
11.345012,8.115333,4.728432,3.552029,0.858167,8.331990
9.103991,6.173309,3.787517,15.792790,3.884072,0.862865
7.524770,5.528085,5.463830,19.112625,5.334447,4.015490
10.383497,7.334451,3.340629,38.950153,9.192184,3.278567
15.952083,11.030707,5.203453,15.837505,3.530169,4.550875
16.452225,11.810473,5.761446,10.199310,2.073968,13.444697
19.076790,12.973903,23.785816,118.898659,31.605925,27.674274
7.190895,4.969797,2.668235,23.922468,6.603859,3.705780
17.242037,11.756031,13.347034,221.989853,62.998802,12.461062
7.451826,5.559054,3.172383,2.359384,1.187249,1.422686
5.761637,4.171821,4.496084,13.415535,3.364116,1.850776
43.226921,28.439423,19.500023,106.829857,28.412489,25.596657
7.255007,5.283356,2.023927,7.427348,1.918051,4.753222
23.991392,16.393774,16.271820,20.990662,5.984145,31.532713
6.794930,5.027724,2.564451,23.478199,6.793288,2.008589
12.627434,8.733372,5.025350,20.827446,5.438482,5.332719
12.040228,8.808271,4.808552,9.408155,3.018121,6.602266
14.851882,10.263384,8.343393,135.272507,38.161312,79.971710
18.287571,12.885306,6.462009,12.142916,3.023593,3.154670
26.152308,17.209810,19.460505,48.990387,12.184814,15.762501
5.081223,3.275028,2.507334,22.974758,6.756565,4.009641
11.683581,8.719584,3.038083,38.505104,10.727461,5.606311
8.169318,5.638382,2.438069,15.700584,4.154357,7.841650
37.666897,24.699047,17.067860,34.808239,9.509643,29.318230
6.784987,4.632289,1.500212,10.729066,2.650903,16.449146
7.434386,4.983643,3.673766,3.821985,0.722697,7.253087
22.682098,14.578561,30.837181,157.680405,45.260517,86.911087
15.279887,11.112776,4.995121,14.356045,4.014045,8.124667
14.899879,10.079173,6.639210,41.666080,11.292266,1.602262
12.469102,9.265811,5.906057,11.042992,2.950890,10.765499
21.042931,14.010334,3.886866,20.063156,4.924852,16.536987
19.094723,12.932032,6.865279,123.086807,33.959995,15.489543
17.394169,11.776546,5.131544,5.265898,1.125041,2.359670
19.130207,13.525537,3.419102,23.378529,6.173683,12.872650
23.304207,15.838467,8.323935,41.581738,9.893976,23.682598
5.191446,3.813269,1.788190,1.220075,0.619122,4.946272
16.411606,10.981702,5.941910,51.006512,14.876450,36.269234
5.632318,3.918678,2.765364,1.105968,0.290941,1.575824
9.589666,7.082341,3.881661,11.639575,3.421561,19.141214
25.136662,16.178616,19.929062,169.596161,45.667160,27.757929
36.808632,23.790001,28.392464,84.604027,25.916332,67.724190
13.756133,9.835536,4.265667,19.680182,4.517665,5.781920
14.616591,10.266531,8.870637,48.937981,12.417515,13.618534
32.574883,22.344654,7.902940,23.421022,5.582491,9.657845
18.740423,13.431816,11.417515,60.558525,17.665033,18.261559
7.849414,5.354718,1.517491,12.558537,4.145325,6.801773
24.046326,16.550913,6.252062,57.019386,14.075959,5.919296
22.291212,15.052024,7.997784,45.478912,12.764018,36.654381
10.619276,7.226553,4.046867,13.479238,3.191126,2.883090
10.489056,7.121851,4.207002,8.494922,2.158644,3.354428
15.414062,10.770061,14.069043,98.244659,26.284227,170.907150
12.859159,8.851338,5.619133,12.799887,2.910296,4.086913
18.266182,12.201295,9.081359,51.861927,16.119215,13.096739
5.313147,3.673394,1.661806,9.628921,3.158309,6.905794
12.703609,8.796018,4.794905,123.339668,35.489143,9.777495
25.245825,17.462921,6.221107,33.326275,7.421397,10.820147
4.983343,3.690665,2.504023,1.842605,0.406099,2.491416
15.122355,10.561531,10.309274,40.223068,8.698146,5.867805
35.454529,23.694241,11.751990,53.133221,14.922878,10.296753
23.335121,15.392318,24.494612,141.110550,36.011990,19.247261
23.186766,15.570917,13.580676,35.476589,9.374918,15.415779
28.773029,19.908739,12.596947,64.548599,19.306980,40.887318
81.025803,47.066589,47.062943,264.190216,62.701000,51.235729
12.558330,8.458660,10.587923,146.186539,42.583282,13.600779
8.113336,5.931004,3.083180,29.719509,7.867527,3.653543
8.064876,5.688109,6.977458,7.163037,1.653563,2.358633
10.777574,7.687535,4.115437,9.682878,2.656513,3.504133
22.327854,15.175838,7.296732,64.642502,19.829048,63.920223
14.776525,9.742286,2.803373,107.047501,28.183167,6.634211
32.940117,21.968231,12.888289,49.734081,11.882612,7.427472
9.813534,6.754449,4.524482,53.593586,14.398503,7.248225
16.785028,11.399590,5.477951,55.052361,17.015730,6.650669
5.355728,4.030029,1.201432,8.793967,2.434513,7.258371
8.116012,6.065440,3.100599,31.780954,8.727869,6.922911
25.261585,17.103807,8.183855,38.665237,9.639504,7.978083
11.744443,8.314213,4.437326,106.468712,29.288151,42.892815
21.157162,14.240741,5.782931,41.865749,10.038746,12.996671
5.557860,4.043439,2.962063,1.494809,0.357337,1.216233
8.037215,5.835666,4.325360,17.640686,4.439624,1.028514
12.837876,8.506623,5.683225,56.775021,16.669231,5.189601
15.542053,10.959725,7.806152,36.812233,9.907025,17.180309
17.643724,12.090269,5.788023,77.753647,20.185642,6.778518
8.745803,6.250625,2.986043,24.675037,6.740389,4.594666
17.009123,11.897945,6.268942,22.872501,6.571875,23.873348
14.610016,10.071472,5.375506,19.984499,4.611791,1.979376
10.588707,7.408467,4.294911,18.465279,3.772330,1.409386
17.270416,12.117837,9.189060,8.240740,1.225178,5.371348
9.829636,6.996702,3.408661,50.772671,14.272950,9.272689
8.621670,5.912395,3.838436,2.242436,0.247952,4.915431
5.699706,4.187226,3.157464,9.496009,2.134416,0.640337
20.151316,14.022504,5.726002,31.296379,7.718968,36.428215
7.041858,4.882351,3.018029,9.637992,3.040600,2.200167
16.937683,11.650354,5.700059,37.044735,9.267021,21.944466
11.365088,7.650656,4.193284,44.269016,10.937634,7.403088
10.896693,7.832037,4.287916,54.143066,14.503983,7.764641
9.470752,6.985543,3.530595,2.603956,0.874388,0.639799
19.654917,13.230876,7.006152,46.579834,10.444695,11.656369
7.745486,5.393833,3.896596,13.097149,3.616476,7.693309
42.939930,26.790785,31.932869,161.822388,38.365444,31.016897
11.956717,8.530184,4.453246,15.536681,4.262455,2.381204
21.657507,15.039632,11.959743,68.460419,17.044472,8.185790
7.409436,5.640418,3.470242,22.525938,5.853961,1.929771
30.603189,20.558107,11.658765,46.295502,11.133135,7.471723
21.823296,14.355063,8.433887,108.725769,30.078646,17.373156
18.560804,13.010740,4.937220,28.941833,5.332185,4.471205
13.409960,9.361930,5.959216,16.456396,3.043708,1.508874
21.430176,14.606596,12.551734,39.816280,9.480909,6.002211
16.016153,10.672481,10.575745,77.460632,18.377565,35.686134
12.387701,8.974901,4.630118,26.689764,7.132878,7.324653
6.350858,4.428221,2.738894,25.979637,6.353845,3.336601
20.853374,14.583173,7.601846,40.027309,11.514832,9.606401
9.785822,7.098752,4.020216,19.749105,4.807182,40.919544
5.787463,4.101490,2.395721,1.843267,0.282460,0.781074
21.502302,14.742168,7.645457,33.780926,8.184222,10.615015
34.150002,23.026329,11.633063,24.457846,5.921606,32.510002
17.636950,12.239181,4.909198,29.919510,7.693605,9.027062
14.072749,9.706704,4.906809,34.789642,9.335462,5.810419
21.786455,14.566426,9.002973,43.848259,11.157280,6.414076
7.777724,5.257142,2.024228,19.721920,3.895487,7.539017
6.404027,4.763812,2.479697,31.303116,9.653285,17.513807
35.428444,23.200569,21.236813,111.274483,26.147467,12.176927
15.639108,11.082947,4.858750,12.938611,3.060830,4.767205
15.714951,11.275032,6.088678,45.215733,11.228947,3.238219
32.230392,21.281712,14.875183,104.422462,26.573324,31.675264
36.263203,25.397270,12.463808,40.409771,10.245979,13.258445
13.653500,9.346966,4.529724,32.003075,9.004575,2.235399
13.928146,9.637831,5.267869,42.015995,9.972359,7.765662
19.315193,13.240037,5.545692,51.551399,12.102356,5.898519
26.563620,18.368799,7.246418,35.829720,10.190171,22.615673
11.562654,7.766198,4.264533,49.818226,12.438563,10.361013
8.284561,5.825140,3.466950,22.101910,6.347883,2.937143
18.731329,12.876271,5.498143,34.349838,8.839839,25.995777
21.404314,15.229436,5.998520,29.681307,7.902177,9.989663
22.577778,15.659473,10.867031,55.001621,14.064713,17.394405
5.468855,4.027178,2.526535,16.948359,4.473165,6.835763
5.239745,3.959444,2.789521,13.422236,3.857193,21.833778
8.943319,6.464415,3.454036,24.545048,6.982001,11.673948
29.128431,19.683308,9.657322,41.271931,11.576802,63.638992
22.250725,15.401008,7.734217,20.454004,4.700365,4.685471
28.600080,19.131905,9.200599,33.886002,7.767563,8.894176
9.272969,6.264964,3.302737,59.181561,16.566256,13.371128
25.597218,17.797472,9.137691,27.702808,5.705887,7.422334
8.415743,6.165565,3.307275,2.216849,0.638842,11.020489
15.809344,10.983561,5.704902,3.892698,0.565271,0.527665
7.690640,5.397324,3.791454,11.035050,2.793539,6.090642
15.504160,11.031672,5.083769,24.618778,5.245867,8.555560
7.433575,5.316638,3.490882,22.376280,4.175634,3.003525
17.477402,11.831423,6.569386,48.262207,13.164215,18.361437
6.576100,4.449082,2.785733,16.717598,3.676574,2.587842
6.873401,4.878205,2.680290,17.486485,4.514164,8.552799
10.042780,7.140249,4.251509,7.435961,2.127373,2.076720
11.582561,8.110868,5.142467,32.652328,8.320486,2.932183
16.504829,11.631635,5.880554,20.176975,4.558820,5.174926
15.913662,11.180155,5.555184,34.155704,9.545383,6.710771
14.707500,10.443686,5.442575,15.375873,4.931882,14.798403
5.478675,3.971972,2.709145,24.128618,5.514246,1.838595
12.971940,8.710449,4.771683,48.889462,14.615800,32.268547
17.107351,12.360476,5.520603,15.728908,2.494083,1.027063
9.793423,7.025670,3.557099,11.425475,2.663459,4.009237
5.111157,3.479309,2.388840,13.497884,3.095123,2.480069
8.696766,6.299038,3.422687,40.704300,11.515243,19.313652
42.502079,26.011303,23.125998,76.662491,18.977690,27.284668
9.131399,6.636195,2.774579,73.791466,21.071304,5.627249
13.751629,9.611737,6.699201,19.114721,4.531862,5.966292
24.727530,16.882118,8.025278,37.818180,9.425066,20.585037
11.388779,7.787134,3.545717,52.245853,16.249025,9.106063
24.141651,16.893526,8.873063,48.413673,12.669331,30.143995
7.716887,5.310432,2.193868,8.473344,2.710371,8.571488
19.862797,13.918924,9.964951,26.492748,6.046607,5.340543
31.466593,18.817665,48.085022,187.490601,42.291954,30.395927
24.439829,16.903442,8.123642,63.094177,16.526506,11.234460
17.447590,11.822476,12.766265,86.488449,25.085011,67.346512
9.414240,6.717214,3.908720,69.884216,17.891102,4.977745
17.514502,12.019089,6.150295,37.268612,9.184578,9.069335
29.654255,20.424704,11.068242,72.506348,17.934618,29.137276
17.949060,12.705849,4.978202,22.216045,6.042357,16.144529
11.013699,7.980278,4.181537,14.774287,3.443598,3.128543
26.034683,17.669241,9.860441,55.067112,12.433352,12.623517
13.857281,9.921848,4.304597,29.023874,7.978709,5.767532
15.734710,10.733869,11.616012,116.128860,27.762377,9.437758
4.629755,3.443197,2.695303,12.117550,3.078268,4.162175
19.636374,13.472903,12.126589,49.215736,10.476608,24.077963
18.277193,12.654943,5.688449,34.535484,9.885174,16.092075
14.052397,9.780513,4.648206,52.840229,13.872950,38.490215
28.702370,19.117022,14.802341,219.655777,56.380535,10.148154
9.938050,6.910876,5.682226,25.200569,6.257002,4.219921
8.663440,6.255753,2.383192,20.689018,6.932032,11.918951
24.223240,16.418779,8.625129,23.181612,6.308369,6.387765
12.024832,8.543550,4.519523,38.412495,10.839067,3.878703
15.447917,10.751529,4.846187,43.289272,14.558847,22.390604
4.863491,3.346289,2.558070,24.285366,6.066057,3.937029
16.543489,11.265147,5.849988,45.720036,13.441241,9.784855
31.889059,21.494297,14.994181,95.462158,22.395391,38.380875
7.821201,5.802351,2.028232,48.739124,12.064332,3.714652
19.568005,13.214606,6.520288,50.003220,12.031125,9.177604
17.560265,12.087504,5.165318,13.390150,3.227092,7.984346
15.000058,10.277721,4.883024,26.878376,7.846887,12.445980
29.929543,20.639526,11.341699,74.879517,16.668646,19.083569
13.377658,9.574909,5.931045,5.552689,0.916212,1.425956
16.697754,11.555882,12.428039,40.818916,9.281981,17.367722
11.936745,8.155768,3.772195,18.649652,4.718739,10.512578
21.224535,14.565328,6.629537,74.398254,19.542784,6.029288
9.334694,6.285717,4.630008,11.502431,2.508132,2.184751
9.650033,6.832192,3.688179,15.395792,3.542526,2.256498
9.841145,6.737582,5.475430,12.483016,2.895537,2.639529
12.644813,9.033667,5.032520,58.749073,16.225111,8.535723
13.667873,9.521168,4.533073,37.942169,9.104990,5.583061
5.980501,4.013774,4.105281,15.927127,3.507255,0.755015
8.082584,5.742593,3.709690,4.967397,1.210069,3.675354
4.855935,3.353731,1.077830,8.179264,2.359732,6.432689
8.259772,5.910768,2.892434,16.962854,5.435851,21.696848
11.431625,8.000066,3.953966,42.816730,12.796894,15.466229
32.496342,21.591557,11.017193,65.852654,16.891832,8.114081
120.399651,62.656021,123.292938,517.748840,137.132324,228.212036
6.777675,4.583440,2.865283,25.329435,6.324076,1.920049
25.108183,16.698927,12.266125,224.618652,59.845169,13.526954
16.338470,11.002989,15.650419,74.567902,20.447588,18.987307
10.799828,7.570369,2.355619,10.100295,3.201859,24.338285
19.706015,13.450792,5.288168,31.658798,10.037703,28.212145
26.826944,16.858610,30.390444,179.789368,49.386238,151.341858
11.098766,8.074738,3.526685,27.658722,7.088929,10.605492
12.720750,9.170921,4.884963,18.552273,5.976872,23.658897
5.565388,3.728451,3.091913,15.792227,4.082075,3.319949
6.005491,4.753705,2.550610,13.155260,2.434287,1.949488
19.689835,13.959229,8.410354,5.406475,1.595887,26.184355
60.235069,36.017864,32.067619,161.801422,41.281727,35.980213
17.476950,11.834521,4.497325,39.097305,9.414556,7.044117
30.832373,20.529600,11.574629,97.035347,24.926283,28.774387
5.756580,4.304687,2.023417,7.156304,1.915796,4.165287
12.319470,8.521549,13.855569,19.560522,3.961332,6.080832
6.967892,5.253507,3.073774,19.441654,4.832037,2.198803
16.678982,11.967387,5.618753,82.926918,19.397802,6.570769
12.218969,8.604687,3.330380,32.714859,8.837433,2.947252
9.172896,6.257502,2.068763,26.244900,7.713458,21.105755
9.803695,7.140225,3.848911,50.191441,12.508158,5.647491
26.065981,17.891798,8.427069,68.467514,17.179834,7.906086
6.717997,4.890646,2.670625,22.338726,6.438658,3.436000
9.036656,6.399350,3.941828,4.147243,0.528625,0.556123
6.153075,4.452922,3.046752,10.065888,2.940015,4.943172
22.148247,15.275299,8.881788,55.758915,16.152740,39.348347
6.738411,4.509978,3.336128,18.652086,5.350972,1.493855
8.618437,6.321887,4.237741,23.692970,6.342415,4.455384
43.134464,27.803427,18.541197,86.493958,23.602407,27.299397
18.232191,12.906953,7.236505,7.982898,1.381154,3.426540
15.024970,10.098795,6.354801,70.565384,17.960651,12.310324
23.523527,15.487736,13.285707,70.812233,18.293941,45.896564
21.148546,14.606982,16.300989,15.430437,2.735282,23.985136
34.687233,23.410973,11.318261,36.802486,8.246043,9.724775
13.245503,9.261411,5.322390,3.297165,0.381447,1.099564
21.175802,14.525244,6.836823,70.754601,20.862076,11.539610
6.870937,4.958448,2.805779,13.925728,4.043379,2.657583
8.982639,6.684915,2.952399,36.038746,11.424919,1.826715
6.623525,4.898500,1.558784,10.291965,2.335657,4.382014
38.657875,23.813272,28.108112,104.113457,23.471199,35.856194
10.458663,6.929158,4.770312,36.542583,9.237548,2.681952
8.330785,5.973231,2.922692,17.220499,3.694708,1.933451
10.543667,7.789499,3.962902,15.792583,5.189493,6.249656
21.154757,14.980007,6.023457,22.014076,6.209953,7.359961
18.995134,13.364718,9.931623,57.721916,16.165794,27.807182
38.735416,24.510742,15.906195,133.527847,36.079006,48.495735
12.379533,8.470704,5.395739,21.489408,5.756778,11.830149
7.819123,5.396027,3.565253,4.015594,0.678144,0.891262
10.820099,7.505714,4.494702,12.694272,3.378083,2.874688
17.328222,12.183229,7.353459,49.671909,12.186992,4.806957
14.498835,10.552975,4.628811,21.215437,6.373088,26.831034
20.708862,13.872533,6.041003,34.732342,9.680681,11.231318
4.627061,3.431921,2.890453,17.623983,4.314678,2.986445
6.445036,4.519808,2.552009,5.163402,1.261199,1.061251
11.486191,8.106411,5.974987,42.912205,11.602947,35.679371
37.662125,25.041565,14.509295,86.153984,25.852383,43.495804
14.302796,9.792312,6.099543,44.993179,11.761518,5.451088
20.358963,14.270937,8.427604,73.032669,18.107100,9.397607
19.419464,13.301465,6.196512,49.041363,11.954713,14.875925
15.645119,10.684963,4.149724,71.838959,19.368607,79.764069
27.145706,18.939951,10.632030,66.479286,16.956415,25.597301
9.098979,6.136117,2.984747,28.127050,8.004447,26.134844
21.459435,14.364968,6.648362,40.129894,10.933486,13.480262
18.419907,12.903491,8.000051,50.052212,13.403728,9.011800
20.822300,14.555680,5.895045,31.584810,9.188542,19.595177
13.176817,9.132017,5.273086,41.823780,11.577986,9.038470
16.132946,11.235527,7.046051,17.794977,4.199257,5.895400
7.616412,5.415913,2.942291,27.189486,7.100675,5.949972
18.187496,9.720455,8.445531,47.375927,17.368158,23.824837
41.016342,24.497082,36.253567,261.179932,60.011086,41.941685
14.675726,9.933887,5.019221,19.799252,4.406620,8.181635
11.049155,7.777633,4.704943,20.660221,5.135408,23.397167
32.114223,21.052332,12.972931,93.201752,23.666834,12.003497
13.932553,9.841560,4.553988,19.559025,4.857043,1.869656
4.407382,3.239683,1.407300,26.625612,7.556786,6.785883
8.768476,6.351007,3.092067,25.632259,5.679034,3.070411
18.088423,12.388050,17.821388,64.293259,17.970140,41.702778
15.675494,11.255182,5.848381,35.507759,9.001146,4.629358
27.166828,18.086390,14.074524,96.040245,25.343588,16.292213
5.696139,4.128184,2.949197,26.181765,6.410285,2.858194
11.436262,7.774858,4.080121,2.968463,0.868773,7.351136
20.119354,13.810749,8.771069,110.632568,28.346613,11.493104
12.580057,8.757281,3.314193,20.247555,4.435238,3.882051
18.045603,12.712698,5.199805,56.021507,14.969221,16.158957
5.586771,4.027916,2.644866,1.786939,0.423615,12.079793
19.128960,12.312660,15.923746,97.094574,25.456470,21.443031
37.984608,24.213604,24.905495,106.956703,25.098072,15.512927
13.893160,9.832269,2.520340,29.537514,8.345411,19.858599
8.544168,5.978933,3.458150,44.534267,10.566543,2.565162
17.008368,11.457811,6.527526,55.532848,15.085732,62.793209
15.137577,10.367207,15.115158,110.320755,29.335989,47.372353
10.466074,7.424119,3.666733,7.456192,1.912875,5.856362
6.269127,4.646028,2.517485,24.766590,7.327754,8.539263
25.376656,16.911179,15.727844,80.297104,20.102961,13.092284
14.831249,9.866177,5.746372,8.817334,1.928649,0.977055
7.855716,5.455020,3.214778,2.561558,0.716915,9.354408
19.608744,13.306397,6.180553,39.585468,11.276732,9.986681
9.546385,6.764588,4.164374,62.497910,15.257380,19.846149
41.356777,25.296738,30.942125,175.356781,42.455257,44.302788
8.770053,6.259645,4.165245,16.548010,5.673315,3.980361
18.480579,13.090494,4.647654,28.405214,7.187988,28.125364
10.045655,7.077472,5.022065,2.770653,0.581834,1.615804
11.630440,8.327252,3.995077,102.367043,25.813843,4.767826
14.924552,10.340164,5.689013,32.064545,8.087005,6.105771
21.029041,14.158473,8.787314,72.709389,22.363615,53.137535
9.260421,6.592496,3.502936,25.639746,6.896022,2.857898
22.435173,15.178705,4.602345,43.489727,10.648667,8.710879
13.062141,9.234418,6.320754,11.111465,4.319115,36.850929
9.454552,6.713944,4.376507,12.315845,2.736060,1.770970
25.699137,17.453655,11.455455,117.358696,29.975634,24.599842
13.418564,9.452928,5.043401,39.253662,9.538630,6.548790
10.653277,7.334099,3.679738,26.775965,6.686678,1.297957
13.042439,9.191368,5.388353,18.012314,3.863745,7.345948
19.128590,13.709555,5.837654,42.843967,9.934399,56.338165
17.184761,12.338403,6.994376,31.294037,6.708075,4.950079
11.075400,7.468329,4.659250,9.081966,2.303308,8.006309
22.973930,16.114254,6.718379,70.468987,17.161276,30.675011
8.680307,6.275012,3.902465,14.572973,3.611625,1.633597
15.400493,10.879692,5.092805,50.550449,12.797839,11.346921
10.966116,7.383890,4.162467,36.321922,9.611633,3.942600
6.338781,4.423445,3.039103,20.062042,5.193853,-0.319309
5.683521,3.890851,3.315897,2.331561,0.204779,2.867119
26.019918,18.219746,8.279682,50.139481,11.631728,9.659299
8.770685,6.353296,2.437921,35.726269,9.371929,25.489481
23.119884,15.218705,8.872116,135.830399,33.643028,11.909348
18.168516,12.628535,6.046318,88.965660,24.185459,44.319931
13.148444,9.142154,4.865273,37.248516,10.280576,4.026654
12.136858,8.735765,4.553399,4.219763,0.892880,1.603580
24.294153,16.605736,10.964374,50.115738,12.035117,10.909284
25.935513,17.378973,8.939800,83.209290,23.510956,14.468848
14.241475,10.272092,5.178766,13.036670,2.548769,1.447411
15.784717,10.864105,5.403791,51.293911,13.455946,6.744790
6.786644,5.011948,3.103444,14.776275,4.088371,22.248867
20.309080,13.970311,12.466251,85.954414,22.394903,37.344875
21.099777,14.162889,12.107642,83.771286,21.442055,23.763884
4.886529,3.270200,2.395828,17.448511,4.224979,2.389052
22.528835,14.651664,9.048933,93.857956,26.719749,19.705402
10.550529,7.672189,1.848390,28.271425,7.088696,24.564747
30.335339,19.057800,31.010826,146.239212,43.310577,152.574661
14.775140,10.508018,8.309786,40.795429,10.857911,4.411866
10.009504,7.300365,4.010480,2.437975,0.233113,1.800174
18.013153,12.280793,3.385440,11.779593,3.602620,6.783174
11.044564,7.966784,4.117971,31.718210,10.041179,14.896693
16.488722,11.225649,4.279926,24.572720,6.382832,3.450413
13.972138,9.721079,6.304754,40.623116,11.195052,27.827139
18.419106,13.152612,5.901630,27.070545,7.505551,8.132878
16.412611,11.206504,6.314816,28.675995,7.148854,20.093908
9.599509,7.012372,4.073214,22.888500,5.636245,3.069802
34.196449,22.555851,11.033261,117.060448,32.998154,61.459602
24.613964,16.638399,10.518917,76.710434,22.158176,105.839699
22.622902,15.428737,17.149517,88.526604,23.551273,68.329552
30.936796,20.774157,8.510859,51.687496,15.265574,8.699065
11.072793,7.571264,8.078411,42.628971,10.280107,8.344607
16.043770,11.058629,7.873720,33.560589,7.952478,11.612579
46.616261,30.938227,14.911384,22.926807,5.032798,17.352203
4.595904,3.497594,1.920625,2.431043,0.347238,5.398613
18.570013,12.684031,6.799261,41.308113,11.018609,6.876509
34.551163,23.134039,12.833738,91.527344,23.806734,145.953568
7.725540,5.494190,3.183808,13.773923,4.244358,1.228170
6.930171,5.032154,3.007804,28.553318,6.163386,1.580201
24.712912,16.963266,7.680357,10.135432,2.225009,4.873696
10.894863,7.851315,4.503784,4.646684,0.698733,3.361389
20.952202,14.983164,4.739202,27.971237,7.344337,10.148087
10.829523,7.908434,4.872640,14.186902,2.611743,5.461839
12.181509,8.505537,4.393135,45.593235,11.969254,5.096557
30.564936,20.712229,10.339405,51.492184,14.290857,31.465773
9.242329,6.675451,3.817170,36.815781,10.855474,3.711310
18.996460,13.263297,5.241126,61.314934,16.361324,12.285612
19.172146,13.169597,21.332777,127.807198,32.905956,48.471878
11.092053,7.723087,5.716808,31.312477,9.386663,28.712040
18.001978,12.532135,6.720564,21.023600,6.198270,44.647556
6.035715,4.220928,2.271185,24.573540,7.552957,10.596606
7.673290,5.149967,2.773108,18.823256,4.298212,5.219062
5.740376,3.990195,2.748863,38.955879,11.106539,2.422460
22.311010,15.402538,8.832233,50.670254,11.067598,7.011119
8.099498,5.520396,5.736006,36.808094,9.868301,20.142368
5.165687,3.977664,3.083348,21.884123,5.108540,1.850446
10.572963,7.861467,4.198569,20.583250,6.378107,23.791353
7.981490,5.838474,2.725224,12.429998,3.305403,6.640963
10.146425,7.492130,4.442974,16.809715,3.959575,1.423534
8.419807,6.161362,3.593427,4.204832,0.627356,1.954442
23.088661,15.709746,9.191917,39.659931,11.322398,40.824547
14.522604,9.793902,15.402081,72.981918,19.678923,16.678820
6.934624,4.923899,3.121373,13.642222,2.633596,5.588755
14.892862,10.399956,4.851624,57.528610,16.660320,29.208780
23.908165,16.172520,7.175261,43.881687,13.182383,48.303257
12.146026,8.341486,6.839931,6.949872,1.039524,1.340696
20.842657,14.405403,6.754710,40.624905,10.744982,10.758895
23.897079,16.296881,6.248640,71.957474,19.441080,21.711283
13.729098,9.794835,4.030927,17.778292,4.095057,4.885008
9.287014,6.650183,3.710439,32.210648,7.192270,7.148853
12.582223,8.446557,6.999552,29.324678,8.641255,58.529331
22.515617,15.391589,8.086518,27.277637,6.272384,3.834171
6.126059,4.022114,2.729138,15.730442,4.237747,6.705514
6.939244,4.684346,2.348078,2.434999,0.406365,0.830944
15.880899,10.852033,5.965237,5.417660,1.053640,2.898576
10.542297,7.209424,5.123874,14.195969,3.133790,3.148152
12.512813,8.610174,4.018429,41.086048,10.564879,5.009954
5.485512,3.382952,2.621131,19.242601,4.989355,2.235399
16.914591,11.688034,5.046609,19.475784,4.354744,3.749827
30.022533,19.857616,10.233519,64.423004,16.893055,13.023118
32.822491,21.344801,12.811346,93.057243,21.205023,7.979461
28.222593,18.807623,17.250591,99.304993,24.597050,18.957178
7.452243,4.987129,2.006325,11.917542,2.987028,6.611523
13.337245,9.147832,6.067812,38.085270,10.169856,4.859029
10.011385,6.671530,3.670060,35.489059,8.688174,2.405475
16.680626,10.963006,11.832844,87.584717,22.635216,24.214651
16.083906,11.066298,5.860129,47.208126,12.232469,8.725561
14.943365,10.464766,5.428224,41.065819,9.441413,6.332599
20.629730,13.912021,7.865098,30.189617,6.222131,5.018843
16.479107,11.479695,7.097373,35.112751,8.997922,4.454938
12.819448,8.713068,3.348906,15.771534,4.218109,13.711916
22.278336,15.322828,8.488159,25.050447,5.934307,5.016799
6.919842,4.466921,3.234154,12.728861,3.967240,4.732666
21.996496,14.829267,7.359691,105.007111,27.694464,32.249027
21.382666,14.946357,5.990243,37.510181,10.224649,20.719833
18.423132,12.677480,6.763290,30.856028,7.619244,3.896112
20.118544,14.293547,6.402116,17.662210,4.567432,6.896839
12.723913,8.766885,2.227356,18.350334,5.576744,16.144194
10.377516,7.422119,4.280181,35.763828,10.222056,3.208372
32.038395,19.928192,16.863403,149.660660,36.547588,74.767822
5.410033,3.983906,3.553397,13.741064,2.353357,2.480478
5.515625,3.866408,2.380561,2.458385,0.327691,-0.514976
18.931074,13.087891,8.269388,25.258583,7.329567,4.362271
6.265692,4.090327,2.561309,2.120854,0.918853,1.454864
6.570860,4.905600,1.566954,7.255545,1.653444,9.627076
21.958496,15.232842,6.239559,34.545479,8.066978,4.653957
18.349594,12.957950,5.696680,25.638653,6.700151,3.675854
15.708136,10.768121,4.582776,43.305580,10.638770,26.060747
11.956586,8.784264,3.805394,26.876179,6.962079,3.423666
11.975691,8.359765,4.698767,15.875447,3.569616,1.533890
9.715384,6.913431,3.825895,2.749771,0.514020,1.641049
32.677582,22.473282,10.808688,66.896149,18.220200,11.557311
8.700027,6.317859,3.533379,0.790834,0.371839,0.599937
4.462307,3.284177,2.317804,21.421993,5.188566,4.416404
21.076517,14.123289,12.380733,47.436195,11.882910,8.592030
20.789503,14.280627,5.512610,27.657841,8.837988,19.131653
16.710922,11.591311,5.615312,105.634003,30.198999,7.909314
10.648316,7.421774,4.073287,27.925058,6.730716,2.130970
19.155897,13.278461,17.119173,125.622589,31.088739,50.657597
11.672545,8.070661,2.604812,5.457379,1.767272,20.409266
10.210363,7.343162,5.483682,11.932666,1.756125,3.412992
7.842518,5.561430,3.556170,17.069391,4.247215,0.992611
15.586941,11.266885,5.486521,32.063908,9.788810,26.961382
4.706626,3.614905,2.226309,1.195483,0.831962,0.287715
5.303378,3.928480,3.097926,1.934614,0.890127,1.329793
11.065297,7.959777,3.013796,40.587296,11.211642,8.344715
10.320924,7.362285,3.933895,35.903408,7.613926,8.552816
12.872677,8.806492,3.917652,50.079239,11.635562,14.993816
17.957176,11.981269,6.668186,50.375896,12.141416,6.163322
31.101639,21.275661,11.064820,84.861374,23.192457,75.567215
44.130653,28.329065,14.477881,56.148540,13.041701,49.601971
14.497690,10.379323,6.218185,4.795378,1.075391,3.506006
19.598885,13.476840,6.948475,6.190703,1.348510,0.638612
15.773842,11.111073,7.503911,5.894849,1.238595,3.641029
48.961002,32.570042,28.834551,22.927187,4.667488,44.313347
22.408789,15.289736,6.671007,33.819946,7.974188,9.182382
20.723585,9.976327,16.217712,83.343094,24.031422,21.500795
17.957802,9.549041,15.921049,103.115791,28.391333,22.160275
18.377474,13.331195,6.039708,47.917336,11.261374,4.654302
13.701708,9.660608,4.142458,27.390482,6.459148,4.382401
5.938563,4.186656,2.742672,14.940504,4.680121,5.293435
7.818923,5.115381,2.330039,22.125935,5.320525,19.896383
49.766171,25.952538,57.962574,294.215973,75.779495,263.169403
11.390345,8.218215,2.913146,33.131016,8.215539,7.786783
28.798092,18.476061,16.235975,254.186066,65.449203,22.277142
13.663043,9.522622,4.327651,17.975756,4.269232,8.428375
23.756018,15.990494,9.380430,5.358084,1.352036,2.133255
14.077332,9.826564,5.955159,29.673811,8.668961,6.187531
11.878846,8.499055,4.996670,3.448980,0.630424,0.737520
19.273314,13.795931,5.267948,37.500111,9.624578,9.803188
9.156225,6.226915,3.592340,34.222870,8.864068,10.582686
17.694899,11.901546,6.702013,5.749904,1.034657,5.855929
6.923346,4.559275,2.594702,17.050760,4.656738,3.128826
44.237576,21.617941,14.650438,55.749756,13.815393,19.537285
18.313065,11.920547,5.399432,37.054596,8.228796,20.110439
5.832814,3.984084,3.317590,11.894364,3.176480,7.713847
4.042034,3.036389,2.410159,14.850163,3.953207,2.214878
10.479644,7.237414,3.773616,15.478195,3.531256,4.519562
9.130261,6.561781,2.901634,39.906757,11.213946,6.602539
36.767223,24.015409,18.123312,79.592102,21.142159,21.798975
17.915495,12.432294,5.228986,55.187206,16.014866,11.256189
20.493181,14.027829,13.606699,56.305405,12.997204,16.876867
8.283300,5.754629,3.473088,12.422076,3.340440,3.539467
10.596189,7.535365,2.486268,69.718483,18.553774,25.699142
9.136989,6.421343,4.526523,23.788866,6.649587,3.429467
24.421261,16.820507,7.595386,77.245071,21.512892,81.603378
4.376869,3.010262,1.013192,7.181710,2.214940,4.729975
9.997025,7.167125,7.310945,44.352768,11.883951,20.439449
10.077769,7.257807,4.598234,25.707447,6.923311,3.284450
13.627084,9.247580,6.247516,5.810608,0.981359,7.440032
34.209454,23.574602,16.247223,90.399208,24.108810,27.528193
16.675045,11.762995,5.044242,40.261333,9.624365,8.398950
13.591977,9.972489,5.855955,17.953081,3.997458,4.594085
6.205989,4.769857,3.418487,1.459033,0.382479,1.940464
14.188949,9.682410,6.630321,68.681793,18.175365,16.584007
16.825239,11.998183,6.348023,18.614210,3.537245,9.400235
7.776361,5.753780,3.378783,2.418145,0.591127,3.431192
11.348831,7.856092,4.145273,9.404970,2.472807,3.693139
8.602171,5.900250,4.097249,13.448583,3.238483,2.803243
20.627804,14.588865,7.036274,4.203442,1.223384,1.720564
53.954468,29.753103,36.626072,246.801575,68.457031,123.674370
14.606634,10.567552,8.985433,90.647026,24.306349,17.536751
28.247509,17.766571,29.610161,252.863464,63.090401,31.415638
41.086685,27.109123,16.460032,69.919014,18.034100,16.321522
7.692286,5.643730,1.793679,6.686878,2.294392,2.016929
22.876537,15.183127,7.928812,58.698204,15.617903,21.329826
29.720844,19.671663,9.289094,63.503296,17.589359,4.615085
22.953667,15.502600,13.512341,46.844231,12.222095,85.268143
13.267192,9.220649,4.777746,12.971111,3.485900,3.647088
17.566637,12.107537,6.443395,57.719563,17.139118,41.994244
20.302305,13.809596,4.986362,52.321892,15.748281,16.743195
17.988901,12.817104,7.510516,5.547338,1.537068,25.169270
9.176823,6.289107,3.677039,14.611011,4.528338,9.997788
5.593050,4.081659,2.864127,36.357422,10.119689,34.803909
22.268425,15.254279,8.458642,31.620390,7.835104,4.951480
42.614998,26.655739,13.052987,75.043976,17.753206,13.347309
30.357365,20.019287,11.449112,61.707935,17.210649,33.064606
21.647839,14.541328,9.424362,30.452465,7.596970,14.021294
23.717449,15.917297,8.962557,66.242661,17.105387,11.189222
17.254381,11.656199,6.675621,46.361256,10.909522,6.135430
8.635944,5.954394,3.547356,36.549801,8.627040,5.029533
32.782341,22.082901,24.735165,214.930969,54.784069,68.125671
11.946655,8.221052,3.894332,58.045521,15.727282,7.063801
11.195282,7.768628,4.511358,35.223297,8.867718,10.655309
21.910919,14.674790,18.478262,132.440598,33.268532,31.003567
7.398643,4.944228,3.262451,28.886160,7.142917,4.001880
14.358562,10.310643,4.553714,23.055332,5.906138,24.720966
21.908680,15.373914,9.322538,7.738690,1.688095,1.570186
12.830199,8.509930,3.678448,89.617836,26.267958,25.368267
8.669229,5.988195,4.138123,24.319769,7.207791,21.091938
13.380986,9.067382,4.980772,60.067253,15.127009,42.883923
22.380926,15.422783,5.366906,33.067551,8.228144,22.416462
45.325180,25.678843,21.226997,108.414856,24.449366,22.197182
17.190701,12.067917,10.379455,50.860584,13.357500,10.354835
23.980927,16.016058,13.690589,92.243446,22.452120,53.962631
16.933907,11.711046,5.896660,58.571236,16.849745,6.881507
12.600463,8.656039,3.935109,32.403667,8.653183,10.395916
21.543419,15.026141,12.272394,27.521093,6.943186,8.414824
17.938005,12.212317,7.027755,52.714676,13.036588,34.787064
18.855246,13.359396,14.567536,49.644394,11.821770,10.818843
10.320568,7.393474,3.681873,17.224648,4.157495,4.067454
43.856384,26.129305,25.993168,129.662415,30.449049,59.050179
17.465342,12.230977,8.617949,12.985448,2.347979,3.649656
27.467407,16.931116,24.409775,103.599525,24.287516,21.559275
21.025986,14.468057,11.351148,122.470673,32.111214,9.842290
20.883484,13.297247,12.074455,58.421101,13.210687,19.889538
11.000638,8.067341,3.691088,19.570320,5.159224,3.930876
19.264624,13.083989,6.279534,51.730785,11.387343,6.515763
25.896769,17.213305,10.557207,47.610695,11.057312,6.723327
17.419342,12.322832,6.790723,20.099524,6.036098,7.721953
19.058744,13.175064,7.076007,40.664566,11.790796,33.884331
16.548115,11.390401,5.932693,6.023239,0.837304,9.739436
5.608216,3.891841,2.455903,18.279806,5.161536,3.386319
14.260498,9.519114,8.823274,74.307373,19.686176,45.171833
20.180367,13.607003,7.030186,10.911304,2.016970,5.254532
18.617134,13.021821,8.310048,33.099686,9.227326,15.853614
12.613267,8.750854,5.179068,3.310072,0.804336,-0.016269
29.860893,19.483723,16.049818,84.354774,18.553259,9.628266
24.998060,16.593012,8.224779,35.730164,9.012563,19.896574
25.802017,16.821293,8.135222,48.008362,11.461599,10.581713
31.498705,21.567848,9.381921,47.371983,11.918081,56.526150
35.539104,23.896204,22.022234,95.719978,21.344803,15.265912
16.167248,11.180634,7.131674,25.328192,5.768637,3.211679
25.691257,17.955576,8.834434,103.340561,25.431376,42.026230
8.303350,5.975461,3.232097,28.526278,7.904994,9.356582
17.084761,11.430356,6.657709,40.392811,11.203707,7.830913
11.046525,7.439145,4.174826,26.020647,6.855032,4.721267
22.208103,14.902308,6.194353,46.241394,11.669620,5.441938
11.449532,8.166077,5.100204,8.022043,1.766764,7.231686
22.740652,15.525421,7.254287,34.562103,8.678473,7.408528
13.452366,9.550858,3.625615,187.170105,51.043480,11.045233
11.307725,8.153786,3.925503,14.514231,2.920416,3.540288
18.341812,12.187274,8.034845,30.202059,9.366395,7.684098
18.551020,12.836890,5.770564,4.538355,0.805775,0.055262
24.201097,16.477608,11.266253,49.394730,11.277852,6.121343
8.289649,5.703701,1.253364,20.365225,6.630726,22.702440
29.419764,18.994408,12.515239,87.415642,23.334860,61.373901
11.705693,8.354460,4.775586,50.758141,13.917401,9.016478
28.886183,19.037312,17.280588,138.006271,38.804493,144.374344
20.637726,14.217589,6.611178,40.151207,8.803874,6.793352
20.532408,13.350735,25.190344,145.575638,33.757095,22.891254
23.384983,16.083710,8.005766,10.809396,2.490175,4.952946
36.053326,24.277512,12.242024,105.392654,30.210279,11.326008
10.092751,7.236002,3.841282,2.844959,0.509179,1.036852
35.256969,23.809498,9.379733,42.932117,9.825022,4.256081
14.593930,10.032761,5.126752,3.862823,1.001701,1.273310
14.139174,9.898190,4.185206,41.178455,11.788905,7.015695
30.855988,21.011347,12.049191,35.016678,9.242686,19.770630
8.678532,6.045815,5.650014,15.157063,4.845881,8.824471
12.385872,8.824207,3.774889,44.374546,11.308440,4.457473
8.447911,5.646388,3.457413,60.525135,16.102972,5.108651
6.340015,4.820651,3.123242,3.347750,0.096132,1.798511
11.700324,8.198720,5.456466,46.785789,13.200360,33.040207
6.813500,4.897525,2.996778,13.399704,3.444353,4.800914
7.562751,5.230127,3.200695,1.714802,0.442684,2.301588
31.243431,20.793221,24.420044,21.014746,3.608120,28.104980
23.985373,16.237505,9.580186,24.157270,6.501302,14.638122
6.865955,5.014037,2.151069,7.834946,1.808656,15.852561
11.499218,8.024249,3.455143,46.647572,12.361915,32.223961
12.774803,8.014382,25.922112,179.575195,47.471798,53.905609
37.489124,23.786486,21.668852,120.607056,30.071501,42.729340
41.276661,18.086153,25.402493,19.042192,4.061178,12.506468
10.777247,7.747783,4.318464,16.691002,4.371954,4.380037
12.921095,9.576910,4.348943,18.857973,6.117175,35.930866
15.786264,11.316706,6.192714,20.462330,5.014830,6.874721
28.280064,19.155916,9.165071,72.033585,19.961506,117.536865
16.181524,11.297682,6.008837,36.823818,9.284864,10.681598
10.987940,7.286627,8.439404,85.655930,23.730412,22.739737
7.002504,4.812126,3.367681,17.889645,4.408450,3.155176
9.724607,6.602447,2.784299,20.286331,5.235780,9.776207
23.378460,15.716856,10.957004,59.594585,14.678976,9.333347
17.209982,11.761626,7.640395,11.092961,2.754860,7.931250
8.612023,6.200825,4.951583,19.564079,6.085215,27.579012
13.411810,9.476546,3.396833,18.407223,3.949785,15.365882
25.790245,17.074432,15.058140,93.562592,23.616240,10.225271
20.481831,14.106531,7.052341,29.366455,7.207946,17.783331
21.421501,14.728039,6.242769,49.291901,11.826308,8.575506
10.780059,7.275784,6.552949,12.881507,2.668176,4.970297
22.750914,15.622408,9.721362,60.673733,15.774621,16.464989
6.846943,4.753467,3.271176,32.719418,7.857586,5.487795
5.420605,3.766108,1.429107,9.611392,3.019914,5.943097
11.296133,7.991689,4.150176,14.479783,3.544259,2.989304
8.739085,5.943899,3.586881,3.604357,0.171747,5.602847
6.484794,4.652717,3.129961,21.597704,6.180735,18.932446
11.931308,8.376371,4.138035,5.539228,1.666891,15.651668
10.090042,7.208099,4.742879,3.205370,0.443310,9.380539
5.186972,3.622494,2.795216,6.696776,2.024538,3.659355
35.546135,23.327261,21.880781,48.781757,10.943462,21.592604
25.597216,17.562901,6.942212,66.018982,16.517206,26.183355
22.882957,15.797357,5.854045,46.251114,12.828772,25.583794
34.897705,23.088806,14.913332,130.888702,31.414076,21.725344
11.801251,8.457217,4.331721,19.458195,5.425258,4.848186
11.281604,8.158681,4.047389,23.238808,5.773730,6.868579
21.977131,14.627937,12.992311,31.276543,7.228424,6.937117
9.753486,6.807253,3.312526,31.124372,7.005551,9.642343
30.664392,20.581589,14.030691,66.854408,17.676834,26.582541
7.776955,5.627417,4.073884,47.478271,12.723709,2.882833
11.733772,8.238931,2.733969,24.232590,4.709313,13.055118
18.328127,12.492144,5.180829,46.230980,10.521762,4.924630
8.978900,6.374964,1.763406,11.129989,2.149346,6.760353
11.628291,7.713037,4.930345,40.255600,12.118796,4.749438
12.704540,8.765515,4.175576,58.051315,14.537334,6.280470
14.374588,9.907026,5.525108,3.736835,0.536090,1.157144
20.113400,14.047841,5.729666,43.960640,10.232073,5.543564
11.332762,7.944651,4.612791,11.278841,2.479985,1.013812
5.739118,3.926057,1.266797,9.898940,2.548070,7.384107
23.363655,15.952928,11.881501,55.891907,15.227034,26.418856
42.026649,23.980415,35.728607,255.900406,63.245029,62.507622
6.701638,4.895995,8.088057,54.818062,16.231609,10.705894
29.618273,19.758326,10.786581,40.203499,9.865731,7.721662
26.110485,17.447950,20.160089,91.848228,24.330851,81.043839
13.653600,9.646893,5.132679,46.497890,10.687295,3.663287
29.618580,20.097986,9.705403,51.583336,13.172407,13.389335
21.129972,14.838276,7.402118,22.927988,6.080791,2.777039
31.616222,20.048687,12.883184,103.859329,25.007011,16.369911
13.011718,8.565973,9.920470,76.423889,23.020628,77.627625
14.976914,10.387437,6.375740,15.224448,3.003242,6.003620
16.511078,11.583317,6.547983,40.082859,11.343629,64.931709
10.685256,7.228822,3.396700,56.637726,16.585453,7.242630
28.040785,18.913975,13.332786,28.109255,5.862768,9.194770
11.830815,8.465868,2.511723,12.108870,2.291703,6.821930
14.611720,10.356586,6.251997,3.574450,1.396761,4.416421
14.384306,9.646556,3.790876,52.366165,13.452180,5.825587
19.936981,13.679362,6.679837,32.690971,8.753453,7.600801
8.503758,6.321869,2.605331,12.716318,3.247795,6.569085
17.906385,12.392838,5.098133,21.229979,4.972776,3.238326
22.857826,15.343468,8.673046,26.825357,7.277494,6.831816
13.894811,9.969044,4.911001,30.702538,8.799409,36.193928
19.773685,13.839808,6.030075,16.414064,3.213299,6.364875
24.886702,16.961433,8.010399,51.714615,11.689834,6.779192
21.158356,14.234783,5.365887,38.268627,10.835982,5.171861
9.229764,6.827647,5.161492,2.940149,0.404786,7.346979
36.436481,24.741209,11.590496,24.086464,4.388252,8.746925
10.677943,7.272477,5.553128,25.477806,5.824080,2.848730
15.314527,10.536037,6.841590,15.884109,4.355417,6.281374
17.843554,12.207553,7.916899,8.165527,2.323568,6.076726
33.522270,22.224930,13.480709,63.895844,17.228186,70.547005
14.932731,10.349731,6.287969,21.164471,4.512558,2.554334
26.888285,18.328621,8.562588,71.412231,16.881042,8.755615
4.918609,3.501387,14.583484,33.912640,8.123806,11.788497
25.553459,14.596615,13.532708,59.487827,16.919893,40.074169
27.158260,18.053844,10.138681,47.224113,12.153337,9.285184
21.016994,14.765556,8.718079,44.504490,10.977283,6.466237
5.997520,4.091513,2.447377,18.380760,4.234959,10.101754
30.514141,20.703186,9.860137,68.507530,17.917965,11.508948
28.799255,19.865135,9.258799,71.119789,19.989588,9.217813
10.303610,7.461946,4.799230,16.000288,4.618799,36.743397
25.040611,16.378628,35.234146,185.093658,44.969643,27.707502
26.163383,18.266273,11.158719,43.393116,11.173573,23.600779
5.932740,4.251835,3.299876,2.588835,0.427109,0.674339
10.812355,7.555608,4.665451,23.982731,5.459965,4.764496
18.687447,12.235160,11.901376,160.280685,41.090626,11.606979
22.295547,14.701037,9.193359,66.739914,18.935965,78.588501
14.022779,9.726415,4.582567,31.069304,8.602061,14.203074
9.697196,6.900124,4.804765,32.434376,9.559652,28.112803
15.503928,11.037132,3.997101,12.612485,2.758000,7.376852
13.831793,9.741255,5.541626,33.010002,9.562579,24.446835
6.106995,4.339577,3.136434,14.594480,4.364560,1.744049
18.451284,12.853252,7.481280,50.264336,13.663321,5.436897
10.541137,7.857744,4.947680,2.510857,0.471522,-0.078080
40.566444,25.802567,13.288643,191.429077,51.700272,49.648586
10.649248,7.306059,4.446692,85.127785,22.413548,7.496529
17.468140,12.238820,5.729316,22.835600,5.558515,4.982418
28.266043,19.236340,10.763731,74.099045,21.578234,8.669909
10.840074,7.367992,4.424260,14.036088,3.123176,11.268883
8.802636,6.102083,2.536887,17.841719,5.245864,14.880293
23.125576,15.024217,14.724012,107.023392,31.398750,146.112396
12.035043,8.446115,8.897428,69.436584,20.843479,62.334747
12.067883,8.629661,4.413232,42.317490,11.637046,2.628390
12.293589,8.742443,3.892410,40.215916,10.589662,8.169673
10.519286,7.539321,4.654238,1.649718,0.480997,2.564922
5.484614,3.850022,2.730112,1.686843,0.393823,0.560430
21.834183,15.327115,7.962131,82.608139,21.573212,29.812454
30.357569,20.119871,11.592419,55.171196,13.996323,21.570559
7.738992,5.307968,2.037728,20.304041,4.347255,11.911682
7.386550,5.166085,3.266616,20.310713,4.910253,1.435608
12.833284,9.257656,9.977612,10.198102,1.557629,3.323475
29.046360,19.961218,10.686209,43.115788,11.093170,26.974138
9.601000,7.145155,3.954524,34.726521,10.381297,10.326916
13.985774,9.757593,4.795818,35.722157,9.237206,1.440688
20.875040,14.376446,6.501438,6.011547,0.910922,0.825487
8.338708,5.697579,3.158887,2.417893,0.637238,2.485650
23.044575,15.471354,6.812990,42.818508,10.275501,7.558407
26.237160,17.970722,9.296546,65.259178,16.635180,7.801880
6.165325,4.286034,3.040266,3.808225,0.933522,1.618313
31.057215,20.962484,12.193137,92.955460,22.868835,18.977745
39.520588,26.626219,15.528790,79.844147,18.357611,14.502514
5.956444,4.256977,2.954716,1.645874,0.536607,0.876247
9.033760,6.378507,3.195808,26.357386,6.342313,3.047879
13.032603,9.011461,5.521460,16.620094,4.592494,3.687636
4.543059,3.467771,2.203609,1.878935,0.264846,0.163478
16.790220,11.442068,4.348296,6.263121,0.839114,1.684444
12.043231,8.337372,3.839425,63.504658,15.580167,6.160974
14.708944,10.467867,4.919064,15.305060,4.799069,39.109058
14.495660,10.272526,5.375189,24.104055,5.810593,3.773463
19.078074,13.049900,6.182530,40.509884,9.338848,6.803267
33.901421,22.013826,21.743849,140.024155,39.424995,82.481804
24.364599,16.206467,10.980593,114.320427,31.265181,13.024991
9.238564,6.330851,4.463117,20.793793,4.273786,3.287267
21.710032,14.867932,7.202090,14.106160,2.906326,4.039962
26.343975,17.976099,10.853031,48.179512,12.122440,9.919065
16.708748,11.845907,4.745916,22.711447,5.886034,13.824025
18.132568,12.971811,5.904789,74.734848,19.874174,7.167243
31.595980,20.968714,13.722705,39.007259,9.697178,39.859535
16.692305,11.361426,14.832142,83.944168,21.401114,19.039940
36.517094,24.041481,10.736983,70.169014,17.242994,9.456645
18.075445,12.919435,5.798015,22.866259,5.175155,3.252502
18.726372,12.900229,6.700305,62.842072,16.725349,7.746563
24.979643,17.166159,16.581928,115.679054,31.534155,34.930180
22.444765,15.719148,8.325778,91.588409,26.122469,63.075775
19.363329,13.294550,4.366487,40.525215,9.271229,9.571174
34.971207,23.063612,16.078705,44.232212,10.800447,17.221941
11.683250,8.222361,11.229473,89.935211,25.435301,27.257160
23.652750,15.960639,5.803751,234.424530,67.241348,45.086666
16.591406,11.739764,7.804752,24.976471,5.744990,7.075714
18.509411,13.335492,6.166713,18.798899,4.592351,3.649189
12.669877,8.766509,3.973045,27.325436,5.989223,6.641089
6.219056,4.553486,3.322966,6.610597,2.384253,2.831803
28.065210,18.586132,12.826762,72.352455,18.262442,71.108910
26.521416,16.692436,10.399817,42.258057,11.073202,25.839190
7.932073,5.567075,3.230547,108.191170,30.221228,5.995074
39.310558,24.950806,26.984831,261.950104,77.669556,190.294800
14.263753,10.040805,4.236791,17.674013,4.632051,3.023402
33.125500,21.442333,14.665651,61.123585,13.050429,7.931293
21.686464,14.897371,7.875423,65.719215,16.978552,63.785000
41.375957,27.093699,16.400585,130.958664,33.872028,18.966263
6.983280,4.684567,1.737633,29.691505,7.943699,3.323971
10.485562,7.344468,4.506394,41.354073,10.804529,26.441904
9.394243,6.809635,3.817140,14.065688,4.627108,3.395303
17.344961,7.198798,6.956388,20.791925,6.155317,27.722517
19.663715,10.924292,9.413759,26.548151,6.512074,22.554087
44.111874,27.570957,22.967270,175.126450,45.280926,68.850105
12.871608,9.035939,6.814018,56.299358,15.162495,5.763374
7.838913,5.543772,3.415851,20.719521,7.109864,2.082982
15.949433,11.329405,7.246243,18.815386,5.713531,7.115174
12.413181,8.514217,6.441503,31.533300,7.567311,1.183561
19.456858,12.919329,19.967525,135.742264,32.949615,22.027889
5.861591,3.853281,2.699895,35.796177,10.092961,3.372983
19.842419,13.708200,7.393646,19.026287,4.007759,14.094843
27.474016,18.992449,11.015665,16.696962,2.864759,7.207588
37.003254,23.065954,34.127541,207.223709,54.188770,61.712330
6.664050,4.650795,3.305415,9.517071,2.198156,1.043307
29.888800,13.917554,9.426847,43.906292,12.916883,13.173719
37.136345,20.297594,13.398196,70.267593,16.885885,17.219561
5.216507,3.778586,3.061469,10.095171,2.892512,2.071264
14.494689,9.944963,4.283037,6.342410,0.835882,1.080524
19.639523,13.101853,8.282223,47.558010,11.765130,28.419136
5.522667,3.977474,2.619247,13.718122,3.265602,2.142559
9.991898,7.143407,4.301195,41.428593,10.181819,9.138227
22.134659,14.906188,6.695065,38.576500,9.734068,1.514048
9.635141,7.128145,2.905612,56.066109,17.543833,2.983072
29.269951,19.408638,10.475406,84.548622,23.462757,24.140636
24.884554,17.090874,10.291844,42.692551,11.129009,9.921238
25.077450,16.196690,6.619898,42.421562,9.419229,26.228548
6.840730,4.794074,6.678606,17.194757,4.167020,6.180357
13.607675,9.210131,5.259087,28.825933,7.058115,4.534047
18.329592,12.852299,7.807380,21.435171,5.417089,13.588691
23.060322,15.926711,7.094696,45.117294,10.863959,4.666574
8.446555,5.669279,3.007503,1.914478,0.979806,0.106935
12.629435,9.090821,3.953769,31.388157,10.181030,5.786292
11.248704,7.674143,2.183065,21.432981,5.265954,2.764422
15.469830,10.689248,9.645174,86.783890,22.042513,19.057644
14.198828,9.063093,18.709389,118.431229,30.158087,75.844955
20.218029,13.761511,6.925693,64.305511,19.732870,6.010006
8.198603,6.105988,2.668659,28.437990,7.469042,3.990337
10.749805,7.960950,4.358058,21.196384,5.017910,5.903811
22.889492,15.999288,13.447227,44.030991,11.325411,15.496810
20.203514,13.682605,8.763361,75.603447,20.836811,49.578831
21.925900,15.264439,9.375161,94.559273,24.214514,64.181328
9.456961,6.683250,3.290087,36.851246,9.834472,6.021599
13.082561,9.600015,5.782425,38.587601,10.335861,8.574259
6.741924,4.607522,3.786011,16.955238,4.828611,1.410133
21.145620,14.095616,8.798504,61.156544,15.872652,7.057589
17.796305,11.816029,10.162795,46.162476,13.793581,47.735260
10.442003,7.691769,8.122274,5.228019,2.037297,21.396353
7.801055,5.193852,2.264322,11.355694,2.845816,7.088514
14.830629,10.716671,5.871590,27.078268,6.826452,4.940732
14.886530,10.118827,3.158647,13.089468,4.875624,8.845684
24.748703,16.570871,13.611282,55.338177,13.652121,16.722622
41.531044,26.630129,23.281712,148.952393,38.966461,41.248623
10.093662,7.614898,4.497962,21.999168,6.794158,20.221888
6.324584,4.323654,3.974631,11.921623,3.095994,3.460894
24.521948,16.567724,8.331875,30.712246,8.811792,30.077908
18.472130,11.248374,6.069424,29.872437,6.901186,5.822294
18.288609,11.453893,6.801063,13.790230,1.928176,1.039420
25.856291,15.734483,21.081219,70.022652,18.467100,15.482232
15.639791,10.986383,5.616816,40.528492,11.523272,5.656971
5.610824,4.040912,2.904320,16.374247,3.955849,3.590327
37.199875,24.285454,15.957691,46.123413,10.837103,5.790879
16.224644,11.284763,8.564117,6.177080,1.291287,4.924976
16.641582,11.427608,6.215630,37.550591,10.614813,27.462894
20.280302,13.670280,8.232253,33.407501,8.143986,14.121966
11.641798,8.109311,2.256186,31.748198,9.377770,6.646752
12.288031,8.601901,4.195888,45.931553,11.373320,4.019614
12.885805,8.939651,4.426203,20.981518,5.620219,17.597054
28.318926,18.788267,12.928609,80.153244,20.812571,51.852028
25.376001,17.726021,7.479671,73.651360,19.258894,31.905846
37.108303,24.016182,15.867460,72.510330,16.684500,11.858304
12.098311,8.274196,4.615845,30.586651,7.078235,13.795320
15.291207,9.502333,4.778886,26.272287,7.665613,11.532285
12.524417,7.578959,4.423657,31.490751,8.636941,14.662139
35.275925,24.395288,9.470808,13.194827,2.181530,9.564393
8.046659,5.704162,3.771234,17.290150,4.209255,1.799419
10.811123,8.062948,4.302580,14.582230,4.876633,7.404933
24.276117,16.000271,10.006207,37.882751,10.128566,60.686855
35.549900,23.626274,20.084236,60.791557,15.708253,56.399902
5.494959,4.098220,3.473505,8.343878,1.786206,3.066926
10.033032,6.935524,4.482474,18.391413,4.622958,2.817170
11.301570,8.158623,4.024055,18.307766,6.714775,7.936500
26.776482,15.551228,24.610170,133.556854,37.232876,77.982613
27.678379,15.493649,24.439596,136.507248,37.032692,70.492462
19.190241,12.824915,3.983242,37.660500,8.053241,19.419643
21.361607,14.529175,6.198722,31.672348,7.916666,4.161573
18.863642,13.125450,11.201374,27.439219,5.323174,5.208310
6.704685,4.709799,1.696951,8.133237,2.421722,5.165819
5.430272,4.044771,2.440824,1.198237,0.488316,1.864554
15.933283,11.107085,4.555624,61.850224,16.789881,31.075094
11.071926,7.469055,4.991024,3.442538,0.635099,0.680238
18.709244,12.818794,5.808887,34.188911,8.592102,4.021693
16.101070,10.983242,4.889248,53.701893,13.543441,59.024872
20.598465,14.533311,6.216932,29.515190,7.221520,31.044626
10.436227,7.190192,4.072577,36.138622,8.823891,4.004270
28.397619,19.429422,10.023968,21.419413,5.711413,15.017365
20.133556,14.073991,7.152504,27.817289,6.271030,3.836191
30.888058,21.065340,8.171165,47.383678,12.866309,8.420132
14.085537,9.866849,13.864994,141.373001,39.679722,73.532494
9.537557,6.610981,3.611307,20.624834,6.314585,4.429787
30.185665,18.381115,16.648926,205.204376,61.031830,122.668755
23.419813,16.660795,7.843203,59.144371,14.883118,10.546294
9.384971,6.793314,4.027208,34.512669,8.882488,3.737857
17.639891,12.370652,8.892397,9.593126,2.063898,6.608462
10.751917,7.567472,3.477363,33.236778,10.797421,23.027092
22.019171,15.527416,6.700071,37.031734,9.064502,18.030745
23.295797,15.946775,7.932311,67.654892,18.289301,63.966969
16.891766,12.211946,3.594580,42.701038,10.446260,24.781969
5.971594,4.368127,2.782267,17.547178,4.991309,3.089787
17.025578,11.896228,9.106744,94.823914,26.628994,7.907435
32.217525,21.581060,13.910568,62.592037,14.129082,14.769452
7.425815,5.486095,3.372045,20.938007,4.787228,3.887500
10.850544,7.889430,3.732430,17.976048,5.526924,23.820551
18.781734,12.627843,14.477057,74.805542,19.634226,33.857155
51.954556,30.797153,29.078487,164.027374,38.868835,14.039167
26.305155,18.328249,9.541563,38.004246,10.071630,25.146387
17.698261,12.425466,5.546309,21.944468,6.614120,6.265260
16.912451,11.282976,6.399858,32.849342,8.076160,5.156019
24.362259,15.831357,7.511404,63.951500,19.733212,13.170138
20.480461,14.260273,13.074697,54.259537,12.965119,11.039188
9.341249,6.381928,3.262357,36.442421,9.223954,4.974941
9.330199,6.844193,4.969166,23.614923,5.999344,2.227269
23.558475,14.827054,17.764948,149.132889,39.987663,32.507603
15.407950,10.971753,6.215158,75.235268,18.809193,7.326124
37.602104,23.710630,42.852314,99.228722,23.096859,32.232735
9.058694,6.361056,3.085042,17.611576,4.803540,2.655736
8.615676,6.322127,3.408584,19.629093,4.928098,2.623402
10.339931,7.061882,2.726800,19.840866,5.340110,4.176047
67.423096,34.999805,131.611191,692.299744,176.486649,210.798203
17.914133,12.277287,7.680048,40.862595,10.448630,5.649226
14.267027,10.198410,4.363268,19.218313,5.937265,23.926289
32.009243,20.725348,12.657097,85.621056,19.620213,42.070793
16.536615,11.477130,5.845969,37.911018,9.587759,6.698251
10.778378,8.023734,3.792643,20.936569,5.075938,8.179347
6.634164,4.715672,2.612682,7.897769,2.809170,3.350048
46.543671,30.427095,17.023798,101.559525,25.068518,12.325366
41.095371,27.168858,14.171206,86.454781,21.003490,12.483934
5.906037,4.097375,3.580550,8.701237,3.027078,11.804127
10.664106,7.629494,4.237748,18.664076,6.197577,19.059877
24.572929,16.365160,7.480295,46.460323,11.769794,11.672369
6.747905,4.789919,3.443321,1.819815,0.800466,3.407483
31.595930,18.038847,40.008659,96.601341,22.361765,35.529480
11.132357,7.554735,3.299120,27.110178,6.861173,1.287837
27.100962,18.708576,7.271520,41.340271,8.995825,13.772853
13.329869,9.767960,5.065185,54.387363,15.717319,5.794250
21.518888,14.743180,18.102310,92.026199,25.922680,188.810776
11.607373,8.355359,3.602046,52.244968,14.554666,8.198452
38.621098,25.810474,12.824497,58.863087,16.407854,22.240757
13.242152,9.292084,6.383131,6.525268,1.476100,22.622540
13.520776,9.167268,5.531574,2.820152,1.676437,1.277007
12.947242,8.820473,4.248386,41.368042,12.080088,8.842567
18.128204,12.439008,11.780049,73.813103,18.985704,6.118264
35.643654,23.157251,15.121031,74.353348,21.605360,21.604546
10.275856,7.319157,4.211427,4.270962,1.370344,3.830935
24.617870,15.748899,15.521867,99.657753,21.206978,12.257954
4.269785,3.109486,3.575844,10.323968,3.365330,15.876932
11.996717,8.183268,4.529860,41.478161,9.767613,8.492907
22.239656,15.256417,6.500045,35.537498,8.735332,22.977669
12.517219,8.667621,4.683588,42.550770,11.878642,28.778534
26.729601,17.757433,8.781511,121.840233,34.284599,15.416251
22.665855,15.417013,6.669003,69.475700,20.147089,7.704147
5.589827,4.019410,1.160756,4.802641,1.640051,6.242819
7.654696,5.521500,3.540275,21.412531,5.244890,3.600495
8.347642,5.935569,3.582154,2.884467,0.439114,3.051322
10.829729,7.784392,3.468883,22.236319,5.903651,9.294529
19.025991,12.972552,7.573158,5.744074,0.773566,2.172248
25.193481,16.713552,19.336763,124.854446,36.857594,111.735855
29.885483,19.429564,17.831776,131.287079,33.774933,49.910950
20.653868,13.924351,7.424822,31.500198,6.591208,5.992535
9.305548,6.445813,3.170707,42.935097,10.387046,6.852728
15.431976,10.873910,7.183593,23.237522,6.067759,5.268827
8.951727,6.318533,9.221675,56.881939,14.492360,12.853259
8.490261,6.187117,3.166727,18.461237,5.688091,2.535455
20.327822,13.902356,9.280735,13.874128,3.129511,11.663947
12.801122,8.631319,4.877080,22.057896,5.387494,3.788296
7.149643,5.025156,2.922688,29.672693,8.634335,9.794750
14.147279,9.692880,5.244974,30.652330,8.039037,24.613737
16.374384,11.444838,5.069421,45.991959,12.241403,7.778234
19.692183,13.810739,5.240131,54.432037,14.359359,6.629528
41.823513,25.976768,30.997059,123.682434,28.910805,31.896811
19.735582,13.681590,8.787325,5.564380,1.327398,8.116549
11.778049,8.087444,4.251967,74.360428,19.283457,7.701109
4.241513,3.030515,2.080040,10.457717,3.664280,2.294377
9.520119,6.625529,1.613971,21.431963,7.620569,18.500038
28.892998,19.425352,8.325045,45.796326,11.458147,18.616957
9.570035,6.486553,4.141906,2.287286,0.288141,0.782778
8.713390,6.215408,3.904372,34.091167,7.338085,3.817947
11.666826,8.185740,8.175511,57.711048,15.342123,17.857000
15.169148,10.574874,6.900862,19.527397,4.123111,5.041139
9.768854,6.752528,3.748648,2.560272,0.460940,1.256818
15.571852,11.185603,5.417629,3.338824,1.749042,3.699012
11.245217,7.592019,8.082716,57.544804,18.323601,61.178474
18.960964,13.563533,8.851021,90.696976,22.384417,12.883491
10.025380,7.256666,3.912673,51.022987,14.047564,19.048794
10.304764,7.651110,5.360630,81.315681,23.803530,40.464405
26.715084,17.862911,8.466015,32.091175,9.232088,19.522326
12.738470,8.996572,5.603343,26.315840,8.301563,7.394481
45.177483,23.585840,64.348114,247.200684,65.295120,80.756119
5.132319,3.766929,2.819763,15.751614,3.407209,2.225559
23.303608,16.279114,7.704515,68.905540,15.637629,9.856666
28.072256,18.951416,12.115529,38.136524,9.350386,65.146492
4.651667,3.218743,2.445827,45.206966,10.942296,3.880965
22.415310,15.637960,9.900037,34.492592,7.902792,9.099636
16.889711,11.472011,5.902556,3.253033,1.802588,9.035544
8.897781,6.110839,3.958313,23.886335,5.581452,3.520493
17.177055,11.648880,12.645814,100.467995,24.378845,12.845916
9.337291,6.252817,3.244764,49.623238,14.406998,3.416735
23.881514,16.762907,7.619456,48.668278,11.585304,12.208250
4.725530,3.197392,2.586593,15.240314,4.077482,2.505069
38.867203,25.684778,19.138710,58.054661,13.151577,30.856890
25.230818,13.735010,7.554087,43.565788,12.225936,6.833610
16.826366,8.051448,6.522306,51.687637,10.978246,8.489677
10.437066,7.387540,4.560520,26.963995,6.232849,3.861891
12.706538,8.679059,3.936438,14.978621,4.266177,9.905500
19.967030,13.669848,8.382663,66.033844,17.133278,3.926613
9.792028,6.820216,4.751343,4.115047,0.849672,2.998562
11.330026,7.804385,4.367481,29.823549,7.972342,7.906829
11.328552,8.002904,4.455483,4.325666,0.966651,3.328193
17.835358,11.885508,5.282664,37.881126,11.451668,10.585880
16.968428,11.737078,12.728531,146.533798,37.954678,26.053707
10.550510,7.679822,5.251390,41.085533,12.971639,4.872411
6.671309,4.635397,2.684029,17.001760,4.903064,3.481968
18.053364,12.470836,5.993533,3.348095,1.417982,12.636192
5.281673,3.585942,2.958497,16.853348,4.058324,2.509312
7.439288,5.468582,3.263214,2.794267,0.443386,0.782674
11.803209,8.215770,5.711053,8.978132,1.624752,3.125144
9.109582,6.200534,4.859977,41.963078,11.216032,24.665743
10.950541,7.564208,3.734349,74.181328,19.917315,8.650255
12.543427,8.987239,4.746480,46.547089,10.720364,6.304580
9.758891,6.669651,4.186261,29.681599,6.243499,5.134553
5.060297,3.370341,2.601011,1.412021,0.464227,0.309313
34.649723,22.490503,19.458929,90.844368,26.652668,49.712425
43.541389,25.139944,47.651436,264.043610,66.972679,77.016556
18.785727,13.106918,7.294284,76.523376,19.919521,6.352302
20.397755,14.570075,8.337049,24.123610,5.855105,6.896206
10.792653,7.711361,4.650266,7.253509,1.193104,3.037156
13.007574,9.220603,6.320154,37.101280,11.099162,10.439017
26.286423,18.641405,8.265521,36.337952,9.670915,9.512940
39.615509,25.125750,21.709785,115.288849,28.064842,33.815578
26.226852,18.006884,9.560329,71.923241,19.256433,12.120540
16.207165,11.335525,6.528625,2.712801,1.102336,0.201662
22.588041,15.687575,10.876040,61.412460,16.728432,97.630615
6.460596,4.559130,2.913807,3.073442,0.327279,1.502640
32.905449,22.190666,9.925811,59.200050,14.263092,12.963323
36.196007,19.035931,75.152145,443.254669,115.408394,173.122452
27.023434,18.936016,8.463322,37.418747,10.105968,12.316610
16.667765,11.651717,5.652655,22.651674,6.686046,18.144802
27.538357,18.640320,6.488967,87.176483,22.427765,3.688422
4.788181,3.334786,2.716481,26.111080,6.029678,1.605889
16.163071,11.093527,6.887813,41.541271,10.683163,7.000336
23.908508,15.677648,11.821527,76.252037,20.564747,61.203789
24.380722,16.142805,12.206407,55.241375,12.912400,7.152458
11.145809,7.833960,1.692795,14.614978,2.698354,10.073425
19.162647,13.390027,6.996567,60.510437,14.710229,10.665646
4.483154,3.273424,2.488938,14.524534,4.044765,5.822968
35.168873,24.019402,9.271157,63.279755,17.205505,21.757376
39.964287,26.067732,18.425823,88.295570,22.513195,32.251511
15.510511,11.127174,4.401000,60.475880,14.891922,5.657529
8.256470,6.108177,4.116280,51.070862,14.318681,37.013660
6.814217,4.563414,3.504474,15.744755,4.924656,14.177815
17.786200,11.992340,5.651752,36.494747,9.110930,8.159853
25.614559,17.238802,14.180515,61.390697,14.756441,8.914627
14.332861,10.394921,4.871372,31.347818,8.685415,16.729605
15.963573,11.154588,5.075604,37.164406,8.347779,6.023339
13.367528,9.342951,5.559026,11.890247,2.515449,7.085102
13.153738,9.584991,4.397278,33.597229,8.250525,4.811483
21.571581,14.408813,9.375351,12.968054,4.292779,5.929170
23.744486,16.030691,10.710674,47.475719,12.162355,10.489430
20.510115,14.057471,6.527862,64.388084,16.931995,6.209972
25.926779,17.616419,8.676997,27.770878,6.544517,7.763069
18.609488,12.623478,7.571286,70.740341,18.547609,39.145714
22.814249,14.850861,11.632858,119.145111,30.067898,13.752893
7.722943,5.268589,3.266936,41.963909,10.507081,2.207692
49.200916,29.444962,25.449572,141.686417,35.513870,28.137894
18.209230,11.867257,12.597023,227.777206,60.085468,50.303280
16.905981,11.504089,6.811648,27.355709,7.763059,6.943542
12.093919,8.684180,5.739732,35.928734,9.295583,12.312016
8.124185,5.992692,3.382278,12.376717,3.292226,6.137629
26.096334,17.248928,11.776970,78.724205,18.286827,9.407915
28.369797,19.551031,9.842490,32.864731,7.335189,7.064532
7.478968,5.311447,2.901589,21.234196,5.414496,5.603433
13.501621,9.833612,5.316399,39.479359,9.494188,18.924486
14.276836,10.320716,5.250164,36.611763,9.777389,28.694592
62.668144,34.640282,80.387680,384.023438,95.492447,162.025024
15.797850,11.181923,7.617718,6.650784,1.568769,1.395366
13.605198,9.609292,4.466089,16.523495,4.862609,5.293502
9.570241,6.774539,3.280940,18.418852,5.506747,3.614898
44.332745,27.311987,26.069931,248.140289,65.444000,151.658096
19.249651,13.306817,7.668836,27.566038,7.178739,45.088799
41.032082,25.061214,68.189873,262.183136,71.695221,211.444977
12.762076,9.095702,5.470112,68.605934,19.145712,12.152617
36.974880,23.316759,19.704533,100.760208,29.378891,80.981560
20.416475,14.186205,7.653610,48.066055,11.820764,6.459361
28.026718,17.381224,28.108492,300.809875,80.968254,246.359680
26.878941,12.001739,9.711620,58.900898,17.351847,12.559074
26.159729,11.982212,9.740022,61.044170,17.869583,11.174463
23.527229,16.125618,10.639449,50.397800,13.061755,7.216470
17.379305,12.337965,8.634269,37.690201,7.972408,5.295069
4.987772,3.353943,2.609521,1.650028,0.552532,-0.035717
16.298227,11.401989,5.047195,70.822968,21.884249,66.234138
20.871946,14.655069,8.259671,47.039566,11.335014,15.719416
13.746404,9.471589,5.949627,15.592747,3.584514,23.251392
30.242197,20.116549,12.075697,104.153625,30.625780,42.809486
17.394194,12.597874,6.295736,37.287174,9.879334,2.821639
15.696854,11.391526,5.481723,11.835008,3.765469,3.751682
6.458243,4.522624,2.537661,14.925858,3.675091,2.355207
54.464600,31.748653,52.595139,154.913818,34.752491,51.135540
20.125732,14.397512,7.036568,53.096958,15.819296,11.149029
4.754523,3.334223,2.135848,26.765902,6.893285,3.340084
28.125774,18.562101,11.495682,63.598900,15.703915,7.478364
47.460880,25.982319,48.264580,60.064629,15.558428,264.085968
27.493383,18.455000,9.949588,37.518810,9.335455,9.769460
40.688175,18.861748,16.665932,137.508286,37.353653,104.073792
16.051741,11.006348,10.214247,78.915634,21.788284,90.569519
11.626476,8.387189,3.462444,8.433908,3.010286,4.127079
9.629708,7.260286,3.856433,33.890030,8.475324,2.220876
18.336256,12.041821,8.310200,26.051689,7.786576,35.145004
24.321245,16.430883,8.103409,73.666756,17.227417,5.492957
8.047847,6.079135,4.557111,49.822357,13.588311,3.376177
23.256948,16.138954,12.949906,115.424988,28.977907,17.711504
15.998385,11.217365,5.631750,30.284143,7.680205,23.631832
12.512890,8.401324,8.697742,14.361287,2.945672,5.527194
8.023997,5.805727,2.997442,42.180225,12.095227,3.993914
10.172054,7.497975,4.459418,28.589909,9.446806,5.673946
5.971221,4.301835,1.659631,12.420705,2.863123,7.878624
47.166836,28.087891,36.294277,169.305710,46.291012,60.534298
14.070294,9.480483,23.443623,25.666990,5.528740,6.770195
6.264275,4.694978,1.600351,22.331011,6.083983,16.849026
25.563194,17.655781,12.964459,84.471542,23.327257,19.789812
21.244614,14.627485,10.368465,9.399026,3.099096,13.230943
6.480047,4.781803,3.217400,15.671531,3.673409,1.335428
20.599903,14.627318,6.800395,9.595158,1.227975,0.752394
28.701838,18.498966,26.329000,253.221008,67.963058,145.653244
33.552471,22.013422,10.702424,55.479057,12.844136,14.580306
15.850607,11.289867,5.186548,26.211628,7.666353,6.099394
6.486588,4.401549,2.198209,2.168602,0.596839,0.360810
11.525453,7.777695,3.659903,58.442764,16.662151,5.182465
28.402241,19.439596,7.390588,120.330330,31.210178,8.687396
11.025892,7.536483,3.872780,38.568123,8.843680,6.514506
9.157880,6.399665,4.014842,16.632521,4.309774,27.636923
13.037252,8.717508,4.355197,45.671120,12.183801,14.312480
14.664039,10.487387,4.477995,16.096676,5.026415,8.757328
16.797075,11.388337,4.250003,24.008905,7.113327,26.704163
16.615734,11.419624,8.792183,20.974516,5.208642,3.636179
17.794264,12.296133,4.941859,20.680845,5.784890,7.743534
16.367136,11.715274,5.853634,37.540550,8.929089,6.847054
16.270220,11.343340,4.172968,30.071167,7.283783,16.456598
6.529885,4.722092,3.069648,18.771635,6.538209,3.141424
7.341331,5.299987,3.401798,19.572830,6.338376,11.965086
9.085948,6.480949,2.546005,18.902134,3.859378,8.840439
20.778660,14.686440,11.889003,32.408432,7.390740,16.797888
33.459835,22.039385,11.568325,47.622124,10.584917,14.934167
5.392981,3.671731,2.930962,16.747166,4.552002,1.808231
26.334791,17.731419,9.865145,54.554016,14.523182,11.844276
19.313320,13.304041,7.334796,31.072323,6.636816,5.202954
10.377774,7.417824,4.450100,55.195408,13.666089,4.151827
20.173470,13.344947,6.572979,54.296825,13.608842,8.871364
4.224957,3.133452,2.935188,2.966852,1.425990,0.599589
17.272152,12.020548,7.414231,47.251041,11.029504,13.342588
9.499475,6.686340,3.992955,22.284916,5.751820,32.850903
12.808414,8.934873,5.248738,9.840055,1.766463,5.064148
11.751954,8.398493,9.732698,15.501439,3.535248,3.629534
5.044116,3.625812,2.371788,24.836300,6.080797,5.640782
11.518888,8.021472,5.338289,13.208449,3.207538,8.022818
12.083880,8.631853,5.124450,18.818069,4.335792,9.903309
6.852933,4.645350,3.079328,18.734745,4.585424,13.084594
15.526958,10.776170,4.853193,32.024296,8.735745,14.699920
11.679873,8.117588,4.292614,3.586293,0.793581,2.689304
10.122551,7.094385,4.366478,13.239267,3.389630,27.202328
23.170439,16.249458,16.236557,62.076294,15.873639,18.432037
21.599743,14.799030,7.918887,40.008488,8.281048,6.324478
12.955315,9.277793,4.889913,27.364527,8.783919,13.252043
5.995907,4.286098,2.475569,13.439040,4.516550,3.494428
16.166529,11.434243,5.707443,46.822239,11.896687,13.004143
26.500120,18.005186,13.901310,71.309082,17.083584,17.817087
10.623086,7.336052,4.610907,23.521971,6.042019,16.212360
18.740173,12.776268,6.647865,23.841612,6.256752,9.844944
10.766844,7.528030,5.339925,54.530331,13.140433,4.961490
22.879967,15.771258,12.993312,97.466499,27.407167,29.125797
7.729850,5.453356,3.761676,10.193136,2.698989,4.069901
18.395048,13.034904,7.801685,18.204527,4.002979,12.764514
16.885567,11.450004,11.900040,173.794098,45.229996,59.793903
6.551453,4.754541,1.793553,14.642753,3.181298,9.165861
21.603380,14.965465,10.437963,55.978664,14.953117,29.706573
8.002659,5.369152,3.895697,29.986284,7.224741,1.296046
7.132433,5.050954,1.633093,15.591516,4.151776,9.983880
13.008498,9.137559,6.272557,4.409477,1.013731,4.480598
6.143119,4.565745,3.864323,27.178848,5.527233,3.401320
10.704119,7.941307,3.625529,17.752523,4.408080,1.979442
21.705954,14.568070,28.346231,227.655426,57.549316,26.563828
16.767155,11.621752,6.797708,31.943314,9.718278,5.847762
15.506912,10.905198,4.438988,18.571346,4.612003,4.104291
14.514153,10.306377,6.627344,23.169109,6.077883,4.031665
17.552149,12.073197,7.865402,57.514061,13.497848,13.376713
27.285595,18.266827,12.625796,85.779007,20.232546,12.864038
6.263876,4.475621,3.197218,3.386401,0.323682,1.255840
6.160110,4.218392,3.194555,1.788337,0.220573,4.030422
18.891651,12.955970,6.630464,44.656281,12.060940,7.734548
28.888344,18.642471,25.236732,174.959686,42.450733,25.751797
18.652353,13.295240,8.294493,63.277378,17.888842,42.124794
50.614639,30.509514,32.421482,105.956917,24.423231,27.292307
28.551199,19.702930,10.560113,9.006508,1.885769,1.273333
20.703814,13.903728,12.599258,76.724396,23.083452,43.910934
7.635115,5.548649,3.257314,58.354881,13.880136,5.256529
17.484497,12.222702,6.104100,46.158752,12.993125,8.672307
52.417515,28.064198,82.258781,457.769836,119.310570,105.751518
16.406324,11.605978,7.041983,13.714401,3.514676,6.667304
14.324203,9.643973,5.911159,14.213586,4.001972,6.173720
22.397718,15.300923,6.983169,90.809433,26.076191,8.913261
39.119434,25.211037,22.116131,125.573784,31.697285,43.829411
38.530640,25.490152,16.179142,103.420509,27.879131,27.166550
39.878258,25.846420,12.207109,51.482719,11.003155,10.477204
9.994699,7.077834,4.522944,27.420834,7.355889,1.559782
5.857968,4.340715,2.558098,3.065766,0.196680,2.269551
17.886106,12.630625,6.582117,22.146475,7.236513,50.851112
38.751995,25.799217,37.453861,188.252563,49.539909,144.695007
14.817056,10.454666,4.430691,3.309683,0.594861,4.436535
8.029462,5.703792,2.560616,67.002922,16.294289,4.078736
19.440702,13.409392,7.822498,41.978718,9.938601,10.828131
6.699011,4.797011,3.634433,9.438610,1.675109,0.683520
22.123569,14.787716,6.943355,29.681852,6.994989,9.342661
27.872765,18.601410,8.245255,109.589417,28.017344,20.495842
16.825357,11.477527,6.681289,27.654707,7.289271,22.852615
8.864947,6.105206,3.265331,16.529600,4.867098,10.177633
13.008062,8.869596,4.209753,66.700462,15.115433,13.873252
16.339773,11.368512,5.329942,21.128643,4.595969,2.891768
15.224458,10.427697,3.049693,24.324677,6.540176,11.811598
5.220655,3.491233,2.646896,1.779805,0.215284,2.112070
7.020877,4.767571,14.365014,99.071556,29.641596,65.471832
11.519646,8.511507,2.770618,81.648987,22.745928,2.734954
20.317636,14.233399,7.206771,54.165649,13.346861,12.824396
13.310184,9.401063,4.596660,34.535004,8.436560,5.318094
20.324883,13.901929,8.497008,55.647564,15.889187,24.347248
20.757896,14.039748,6.838927,37.272091,9.848552,30.834698
12.740439,9.069500,4.542630,50.775246,11.806871,3.327863
19.300175,13.251080,10.649700,26.774256,5.053104,8.179884
12.506276,8.979617,4.464357,21.964354,5.686500,12.352835
12.564873,8.947690,3.785734,42.925797,11.973865,5.147076
18.649136,12.159211,16.846558,101.042511,28.538046,27.833294
56.699379,34.232151,50.603275,325.701172,89.534637,370.499756
42.097172,24.688700,25.268019,159.338013,47.605255,40.794376
7.974703,5.924633,3.442576,32.586826,7.386021,1.689725
12.896840,8.588976,2.671652,21.431015,5.585200,12.504110
20.158251,14.001613,9.873973,36.111580,9.270478,12.385805
20.860624,14.860090,5.942048,16.901255,3.788418,4.228791
7.094707,5.284537,3.326614,18.605625,4.734679,3.327089
21.215956,15.035189,7.668936,47.280342,11.209785,17.127520
11.331022,7.830577,3.601271,34.189053,8.561792,9.500505
21.412027,14.559908,6.471037,48.366646,12.281937,6.944148
9.693354,6.677040,4.329093,21.575298,5.549778,16.321383
18.918819,12.940831,7.332631,32.831520,7.493207,14.511972
22.227499,15.309270,10.877932,46.264668,11.811078,6.966666
30.168451,19.173143,17.571079,80.786606,19.679531,19.471439
16.704618,11.320611,7.771702,19.300621,5.055931,4.381857
9.773474,7.084442,3.922740,129.951523,35.192619,6.433648
16.883339,12.079256,5.669479,71.266479,19.124388,7.723204
8.985886,6.421417,2.006657,15.512866,4.103626,9.632464
30.299219,20.765299,14.320096,147.116470,41.618206,105.304375
11.834748,8.394315,3.650045,23.355782,5.555129,11.907486
11.735023,8.077647,3.178052,27.116140,4.976902,13.589914
37.390499,25.647089,14.853041,93.417603,25.248512,19.421482
16.310432,11.217445,6.972524,4.439528,0.612283,2.696215
6.907328,4.809386,2.914573,1.963580,0.283609,0.523269
35.139683,23.733746,10.272864,144.442032,36.010929,22.027506
9.114632,6.244264,3.461933,45.451778,12.681649,35.161007
18.627499,12.961380,5.708781,43.151112,10.662185,7.199314
15.087630,10.549630,11.011442,90.529671,24.243719,29.632656
63.585712,29.446960,103.828903,526.794922,144.067535,460.921265
12.833755,8.729277,5.873653,11.784962,2.987765,5.099170
7.396257,4.824584,1.622750,11.193015,2.438470,9.010693
6.163258,4.244154,2.266212,1.593172,0.383458,0.248988
23.446638,15.964139,8.571327,38.106606,8.888849,5.581982
32.121483,22.311842,9.068184,71.004143,18.141071,14.021652
4.869511,3.574060,2.429290,1.865527,0.506150,2.186890
12.395035,8.585790,3.755696,29.903625,7.185192,4.921483
13.911267,9.951715,5.416244,20.390234,5.428407,8.081868
29.529974,19.878929,8.260918,61.515331,18.037846,74.590126
32.015114,21.295713,11.948132,66.386063,16.219990,28.206028
37.280037,25.067337,14.738701,83.154686,24.034451,41.987869
7.501133,5.246583,3.136531,18.699137,5.645564,2.581668
4.838859,3.500299,2.648798,50.208485,13.309086,3.485561
11.778152,8.118730,4.445735,16.821114,3.682426,6.554578
17.084053,11.703294,14.155684,11.732401,2.527964,17.022902
7.631311,5.541831,3.540552,12.148860,4.134645,5.213438
18.195133,12.589170,5.760177,34.906662,8.451823,9.534404
25.883196,17.694839,7.735430,96.173683,26.088511,46.184601
10.047314,6.698215,3.397102,50.335957,13.519110,4.023512
8.428794,5.992947,4.108318,28.135983,8.505176,9.734361
34.002235,22.145969,16.679836,64.567726,14.184587,10.000255
20.047205,14.117199,11.576422,95.488907,23.543753,10.959128
15.197459,10.981915,5.671946,4.072696,1.025139,1.188882
10.439126,7.173193,3.541870,7.679915,2.454391,2.982312
4.527292,3.036104,2.159969,16.645769,4.715549,5.402882
41.291595,25.100279,27.943729,179.182556,45.431194,42.211132
9.898931,7.074472,3.508307,2.290026,0.485141,1.946437
6.243745,4.367443,3.271187,25.924009,6.697131,10.311544
8.835522,6.233638,3.564626,24.097252,5.637533,3.797789
20.619785,14.230519,5.670372,6.701468,1.163869,1.774676
4.092989,3.040262,1.992234,2.832568,0.061897,0.733503
7.830947,5.574358,2.983863,39.838127,11.572506,24.430056
17.295143,11.108307,12.947285,79.378334,21.099796,18.019135
20.342142,13.986586,10.232774,19.063896,5.342423,21.182442
15.365613,10.517688,4.767220,22.987555,5.583475,4.630506
16.845871,11.457143,7.481806,38.249615,10.712395,38.125595
18.932968,12.818575,6.720994,6.911960,0.811717,1.469106
12.457211,8.683324,7.069518,53.540386,13.600338,8.073689
22.743828,15.134568,8.521629,42.701290,9.300023,8.696393
23.145168,15.544467,5.404874,33.901543,9.085910,6.715904
13.646588,9.741477,4.480311,49.999062,13.331651,6.010725
24.600834,17.264479,9.044802,57.434311,14.750655,16.284899
8.375608,6.102931,2.963907,23.231779,5.687671,1.511779
9.326264,6.350229,3.183267,42.533508,10.722064,3.600213
54.483700,31.435455,29.512495,207.689453,52.907764,42.521629
30.576422,20.628016,11.830095,69.857750,20.008339,17.289764
14.995866,10.342803,3.079042,54.813122,13.488179,5.856674
13.317864,9.559926,4.812812,16.735729,3.715887,4.848243
13.900447,9.309022,2.534150,31.125378,8.389035,17.791979
30.531607,20.058781,10.543016,84.635384,20.414455,11.422955
22.965048,15.661117,11.683455,40.148396,11.496179,8.693821
15.089478,10.603746,6.043564,29.968147,10.270973,7.618352
6.515269,5.040428,3.246762,16.121227,3.992317,4.130484
16.257143,10.987237,3.425278,18.339905,4.067232,11.442139
35.188709,24.115484,13.800715,88.064667,22.187948,13.096803
13.901308,10.008061,6.019399,23.639446,6.076435,2.465187
13.819527,9.659818,5.304013,3.140422,1.278567,2.645259
21.808043,15.065516,9.005457,24.812365,8.288852,5.976396
17.725920,12.733138,5.487513,22.894899,5.954162,16.123875
54.491634,33.264687,72.861526,403.721466,108.091446,236.499817
9.906948,7.212434,3.995338,27.588568,7.368521,5.704477
28.416447,19.164608,8.910124,49.715965,12.254774,15.456308
8.362175,5.691538,3.209740,14.967540,3.008814,1.634765
11.517982,7.651128,7.383148,15.075357,2.292914,3.162489
19.738962,13.517832,8.965266,39.777225,8.237899,10.818036
16.849855,11.690184,5.913536,34.877369,9.633688,4.523242
20.481062,14.087534,6.186481,58.878288,15.581821,47.040638
13.499698,9.513875,5.162600,14.961096,5.309433,15.007053
10.378258,7.242410,5.290530,54.863934,14.076905,3.532088
21.666588,14.489328,11.158480,94.657112,22.519209,39.171310
14.406041,10.059447,5.960315,28.814854,6.883300,11.028935
47.641140,29.641970,19.800068,111.160927,24.869705,17.575460
13.473403,9.088928,4.954260,30.878557,8.416069,13.133726
25.645014,17.283876,6.857961,58.625553,14.888580,15.031488
44.420177,20.158583,14.415849,125.465782,32.462120,78.268761
44.765301,20.109600,14.831865,135.216888,34.654160,76.529587
16.462927,11.295232,5.782635,50.710621,12.307415,3.393556
25.832607,17.193201,10.331752,89.229187,27.323500,29.592991
18.420256,13.155533,8.652434,58.623192,15.859354,65.227966
14.328903,9.949896,5.363354,3.871716,0.814154,2.985429
15.764866,11.319680,6.817203,59.497463,14.531676,6.833332
10.662839,7.694043,4.112099,41.568306,10.658899,31.933699
21.748625,14.919654,9.259506,25.593714,8.282018,16.717070
35.066959,23.712427,18.186602,158.958664,40.353958,76.009804
4.714572,3.339405,1.395251,12.603745,3.497821,6.649201
21.221899,14.274359,7.588728,22.348249,4.812262,5.483980
7.410966,5.468904,3.761522,13.524470,3.156287,1.802720
26.523083,18.162697,8.967282,85.841225,22.900969,22.720404
9.929551,6.829299,4.300154,9.847600,3.466765,6.967483
42.121738,27.823057,24.220140,185.938538,52.913277,95.775818
33.057362,22.164591,11.536345,51.475632,11.354857,13.872381
22.805614,14.835098,12.440690,52.075985,14.335591,29.727043
5.618365,4.236963,2.957978,3.164018,0.437372,1.121848
11.298771,7.994031,3.977374,33.442364,7.122538,5.291275
28.686827,18.868664,13.222743,80.704491,24.332083,46.859234
12.092677,8.647575,4.868202,72.797615,19.588118,4.498832
25.273233,17.285851,8.845554,34.185139,7.748813,15.832133
10.765532,8.079399,3.423154,31.762310,7.201082,3.699472
9.698289,6.678414,3.892147,26.304932,7.226998,15.095232
11.376270,7.798213,5.429853,32.123634,8.169115,4.432393
29.418037,19.215456,11.068997,47.601887,10.804514,17.221958
27.949375,19.305626,10.586275,71.429466,20.890089,10.765211
23.624321,16.674767,13.277838,63.125954,15.823662,9.421302
21.391760,14.381756,5.881791,30.381075,7.270217,7.991606
12.773842,9.490475,4.268861,31.513546,9.554800,4.298517
42.934059,26.576345,18.756649,147.952179,43.152958,106.558624
5.897447,4.117429,3.931315,28.365446,7.922780,15.814625
5.801825,3.955105,2.769800,14.830352,4.187360,2.605453
4.602732,3.590003,2.483703,8.229566,2.350974,1.811290
13.282558,9.384631,8.153149,7.092706,1.502164,3.202801
14.175564,10.354401,5.560437,32.541008,9.427327,14.261435
7.005875,5.063300,3.994698,18.748734,5.062482,1.789241
24.616827,16.862993,10.990810,56.514462,16.320387,11.621996
35.285831,23.780735,21.575642,92.015312,21.573814,17.797995
12.628566,8.613295,5.837061,67.937874,16.782867,5.889690
6.257856,4.535521,6.680256,60.167858,16.117676,11.486237
5.085405,3.756001,3.137408,26.910624,6.358545,2.375067
5.422364,4.005361,2.138974,2.019362,0.778872,1.842329
14.475935,9.829332,5.245027,52.843246,13.465113,13.875556
12.156772,8.599120,4.617351,15.970144,4.572167,4.287800
7.607042,5.504498,2.391839,13.653176,2.921585,7.810255
19.536634,9.000859,5.633479,38.581093,9.388965,10.208521
18.298433,9.015117,5.423563,38.255550,9.581037,9.155064
26.245390,18.091482,16.052288,249.846542,65.188339,28.255547
16.783216,11.716440,3.480396,11.626909,2.403795,14.227098
12.294368,8.208135,3.724421,27.912689,7.291812,6.341318
34.331181,22.768114,12.587878,24.914911,5.237434,12.008677
19.940866,13.659389,6.096889,67.771614,19.419966,3.645330
23.408169,15.621759,6.576698,117.156784,31.960104,74.055069
21.355885,14.595646,8.109944,73.419495,15.711466,11.580465
4.503883,3.290767,2.086185,28.839306,7.740818,22.101351
12.678468,9.013937,10.253240,42.318699,9.420379,8.512542
17.891209,13.151842,6.704298,44.652889,11.757573,8.023363
11.065776,8.057731,6.044863,17.151745,4.507321,3.694762
27.730984,18.897793,10.802938,41.656574,11.354584,22.797947
31.734482,21.622141,14.207016,50.639038,11.730371,17.142128
40.138077,25.530128,29.177467,158.520676,36.520592,27.935020
27.525297,17.228399,28.717245,149.591019,39.409840,152.407471
18.441406,12.688692,9.285541,19.907295,5.277711,27.180841
10.645807,7.804042,4.896749,24.463070,4.433869,4.291194
11.548315,7.419339,5.623223,13.293560,4.773004,3.581499
6.688468,3.059420,3.810013,26.610079,6.346026,2.799467
7.614883,5.395310,2.855661,5.644431,2.239106,4.616695
41.066395,25.772985,14.235650,184.245712,45.709530,12.232606
17.149471,12.063268,5.953403,59.028858,15.736161,7.531078
31.160713,20.403288,23.689177,96.185738,25.765862,116.016190
25.520302,16.981575,8.167148,44.939842,12.948234,36.681469
9.291431,6.936719,3.642512,4.467430,0.899140,2.001366
24.924162,17.272221,11.436323,6.646142,0.926443,4.437258
23.316032,15.672973,9.199108,33.902363,7.368197,6.506760
5.304191,4.082074,4.678901,61.591568,15.253430,3.305852
20.684963,14.040522,9.400691,81.572876,19.217241,14.091393
26.344088,17.200354,27.060511,74.300392,16.788681,14.157554
14.093631,10.020981,4.653450,4.940281,0.849473,4.542495
35.564934,23.253626,15.413702,64.347771,16.947544,73.297966
24.550030,16.366438,7.513586,27.253391,6.226276,7.721308
3.915770,3.281375,0.897057,7.416995,1.984494,5.601282
18.096821,12.180737,22.032572,111.338219,26.961514,22.147593
19.615234,13.826984,6.553199,48.160355,11.793034,3.908931
21.117004,15.102921,6.444226,70.333717,19.258114,16.189676
10.304439,7.481575,3.532708,8.555552,2.568129,17.820183
11.469519,8.132647,4.330788,19.198084,5.358947,2.850802
26.006708,17.766012,9.871421,27.460911,7.210843,14.241988
11.537834,8.562415,5.908713,44.597324,11.304482,10.940039
4.297552,3.246309,2.116433,2.034744,-0.218208,1.791954
15.634833,11.120389,4.709067,18.271835,3.580424,3.489070
9.809525,6.812465,2.732852,33.727612,11.143590,7.974221
5.716553,3.985296,3.402338,5.638597,1.115410,3.752740
31.997650,22.171625,9.773472,70.727097,18.139572,17.275679
19.220484,13.536474,8.985504,23.180286,5.448984,5.983777
11.347600,8.334869,4.373631,12.839128,3.205130,3.198448
13.527397,9.467511,3.712569,20.612947,4.893227,10.185417
8.886739,6.378812,2.893734,16.110619,4.538031,3.783549
28.779444,19.568211,8.608695,60.119476,15.080216,8.428236
25.359989,17.550364,10.613357,61.631641,16.886387,26.487499
23.946472,16.491529,7.732938,29.550346,6.424223,13.429060
8.257290,5.815397,4.298613,26.237886,7.610476,8.186685
6.606312,4.728717,3.331047,22.608952,5.762166,5.463240
18.393911,12.710859,5.639596,45.776176,12.152395,57.274899
7.491404,5.175919,4.468143,6.919283,1.132524,1.342223
5.963849,4.161675,2.173467,6.996890,2.478092,4.870544
34.356487,23.037033,24.443684,180.680710,48.292080,200.016495
18.343546,12.638533,10.207467,57.728130,14.507750,5.984516
16.707727,11.765763,8.268562,37.994644,9.030164,3.823632
23.297569,16.043861,7.052658,27.381231,6.298291,5.152724
6.593300,4.666712,2.961502,15.187530,3.936217,4.334351
6.356794,4.723651,3.410247,14.697646,4.077632,2.934133
23.890778,16.409300,8.089623,43.510406,10.663910,9.369476
15.129120,10.615056,6.462289,3.466570,0.801865,3.835268
9.855096,7.143553,3.836369,3.586865,0.699916,-0.036125
13.220518,9.674785,3.639198,23.798851,6.850272,4.488826
21.013807,14.392815,13.684875,129.678558,33.145096,34.829247
14.313831,10.108703,6.889850,61.191551,14.845430,15.047144
10.603024,7.817040,2.770127,12.282753,2.948494,3.126460
23.512003,15.634114,14.013154,119.928238,32.782818,42.807430
23.794123,16.123543,14.226400,153.774338,40.853912,39.540955
22.904673,15.878865,6.383579,50.088100,12.599534,4.537457
13.480415,9.183348,5.247062,34.306843,8.154299,22.357079
26.565756,17.912586,12.790887,89.983246,22.208384,30.586189
33.648716,22.720407,14.813999,38.053154,11.183642,33.093620
28.439981,19.376892,10.487801,33.741367,8.133935,6.578264
23.536322,16.618914,8.932816,132.834366,37.182381,10.205597
16.322802,9.937225,4.157030,16.101011,3.625626,3.869795
15.238020,10.181412,7.531631,15.666121,3.943111,1.881520
15.421719,10.752087,7.197274,49.150322,12.459819,4.532053
19.772015,13.499415,7.679619,55.845741,13.494720,7.946266
6.563824,5.041205,5.190242,7.871034,1.988588,8.969250
24.553936,17.139153,8.051900,26.003609,6.173824,5.331408
13.695736,9.511832,4.928245,24.902256,6.492887,4.679135
77.322632,41.473270,36.237080,161.230011,37.936951,30.317240
17.472221,12.334336,4.824224,36.227921,10.675900,9.674742
22.961016,15.820990,8.211971,70.395065,18.123857,5.241277
31.373610,20.595190,17.884125,102.550941,25.343714,19.543362
6.120113,4.473518,3.158758,2.429745,0.733278,1.303539
17.928528,12.219645,7.331230,23.668228,5.507533,10.162631
11.221467,7.942683,3.617301,42.158051,11.681791,4.097918
13.502811,9.349169,5.547148,21.060375,5.024146,3.988751
9.364651,6.935745,4.478760,14.276047,3.681406,1.286820
8.779890,6.319479,4.070938,15.448893,4.150494,3.370267
14.882452,9.815602,5.688136,42.268250,10.716704,10.515036
37.835247,23.153023,22.744791,119.297516,30.188259,21.595757
7.534524,5.747512,4.759880,8.422072,2.008983,9.967676
30.326109,20.295799,12.517417,10.127326,2.264916,8.663286
64.976311,37.805634,23.446112,136.261002,33.619343,20.185663
36.529495,23.775291,18.991964,107.035652,26.418219,19.124605
18.162052,12.733278,9.169909,47.963547,12.188141,4.617175
16.626091,11.858449,8.383694,221.183167,59.143433,13.700816
10.667974,7.756252,4.198477,14.938116,3.902454,1.912262
8.035623,5.800876,3.183299,15.416893,3.391196,11.939554
5.620454,4.103064,2.682814,2.368212,0.332402,1.750080
13.018473,9.174408,6.721369,34.632984,7.573968,18.845985
18.688755,13.382455,7.613587,29.967415,8.525088,48.147823
10.288280,6.821445,4.347551,30.272774,7.805037,6.876988
5.459062,3.631453,2.799623,1.542507,0.496445,0.681218
18.402824,12.491781,6.862658,35.832699,9.912137,39.628448
3.619421,3.123460,1.578291,21.435112,4.411562,12.579476
13.296446,9.279585,4.040318,22.701841,6.765060,7.313624
9.248852,6.564258,3.827831,2.039368,0.450793,10.147810
12.080969,8.733690,4.074523,36.921669,9.073969,18.776827
6.820103,5.144854,2.957024,23.778643,7.843801,2.112904
24.574972,13.388458,9.257182,41.891060,11.515467,35.250168
16.920424,11.641803,6.687161,33.439415,8.723475,25.500034
18.790945,13.048972,10.265174,61.108292,14.781169,15.924604
10.941190,7.415594,3.318129,26.026648,7.511089,3.928139
12.118294,8.770723,4.582448,4.041024,0.349067,1.428723
15.798284,11.295933,6.705871,16.204985,3.439208,3.288892
7.932927,5.974451,1.669877,22.753653,5.479625,16.641315
27.084299,18.306799,11.371667,25.057650,7.407056,12.024990
11.029184,7.809178,3.482940,3.127908,0.491189,5.801579
12.652279,8.872515,4.904784,1.570436,0.729782,13.116706
13.223088,9.400221,4.282544,20.828836,6.216231,23.466587
10.599952,7.417981,3.569033,18.202999,5.569611,13.089629
13.213668,9.711986,5.350178,2.965741,0.218445,0.764866
23.011360,14.872696,28.036043,26.433271,5.415025,19.195370
24.098770,16.049438,20.189861,142.811172,35.890007,160.146606
36.493992,22.383902,21.541433,153.354797,41.074711,29.298502
9.771501,7.199064,4.536053,16.579157,4.141037,4.367217
5.981952,4.161333,2.954273,14.129723,3.322663,0.831859
6.238668,4.222527,2.996091,14.888199,4.111310,4.078019
36.767288,24.966618,18.313919,111.822716,30.363178,39.848930
22.990213,15.492990,7.989081,94.257378,23.711443,17.258577
17.288336,12.365629,6.303668,27.885239,7.336654,3.320987
6.742837,4.615765,2.870123,1.736312,0.447280,0.890181
20.105803,13.581058,11.790623,134.743317,32.700825,11.902718
13.407928,9.557666,4.363842,22.559008,6.505419,34.184628
48.024277,27.822781,29.933844,225.495956,56.573967,46.175419
9.159691,6.532702,4.354976,15.016636,3.822485,8.566796
15.498788,10.975197,5.599493,20.625242,4.028391,5.393845
21.569038,14.790548,4.734047,43.709194,10.539459,8.066857
30.387562,20.593975,11.738617,60.962933,13.900214,14.416103
15.906078,10.989525,4.946857,5.699466,1.320371,2.344603
11.021098,7.537222,3.562672,31.005871,8.334502,3.925331
18.429367,12.677834,7.754904,39.030895,9.133282,14.065021
15.571399,10.970900,5.560575,23.046638,6.429781,3.414545
5.669918,4.144452,3.340136,11.284801,2.994007,3.793360
27.194180,18.752638,13.639442,23.074568,5.953511,4.418005
24.823931,16.044361,17.867369,152.978378,39.447868,135.771393
16.975323,11.577386,5.959775,41.590885,10.382380,13.297492
13.875649,9.634099,4.692276,55.227222,14.027534,8.216251
12.561069,9.297834,5.775695,62.849396,15.038299,13.369996
9.490097,6.882413,4.875452,7.430017,1.877591,2.977926
8.434492,5.797535,3.841743,5.103117,1.037992,0.626894
12.360057,8.261541,4.261484,21.945946,5.777709,1.803696
6.356619,4.221223,8.726008,98.729721,27.899023,23.095572
16.451254,11.703056,6.166289,28.313875,6.602121,7.268050
14.144442,10.014492,9.779784,50.850933,11.453253,14.013008
30.088322,18.883966,19.842663,183.521622,48.284321,36.334496
31.985928,20.993294,13.212026,117.092957,31.590666,32.720303
12.939174,8.883943,7.935339,6.699305,1.455021,2.104483
20.456238,14.275576,7.491397,59.129784,16.194366,59.448185
5.087196,3.690624,2.737499,2.037161,0.558268,2.954005
14.971066,10.562229,3.992520,43.563572,12.242476,9.115983
10.074001,7.655570,3.914660,18.808891,4.918412,2.121343
11.260599,8.124536,4.229959,11.020815,3.282999,6.471178
6.207877,4.230615,2.614030,14.076534,3.326747,2.634440
22.642471,15.928123,15.025255,16.761984,4.158538,7.800899
30.797606,20.623026,10.442104,76.513245,19.187777,7.291866
31.219311,20.983305,7.578484,55.426575,12.872119,18.380325
16.213722,10.955566,4.408298,40.707458,12.302479,70.305664
26.039816,17.615160,11.727551,90.946724,23.938377,16.878063
9.126394,6.235689,1.992508,14.418205,4.206702,10.810212
4.131684,2.930904,2.949320,24.188635,5.920214,3.195834
15.952306,11.644072,5.451033,25.878635,8.125873,6.292545
19.103626,8.605843,7.471876,33.881901,11.407784,9.835613
15.981974,6.534711,6.623315,44.440495,12.562559,5.920537
25.283327,17.658831,9.191027,26.007719,5.736212,7.282545
10.999084,7.316426,4.701342,21.926584,5.219860,1.260061
35.960922,23.163370,55.240631,146.493668,35.469036,24.219133
34.711479,23.844961,12.912054,90.079941,22.951712,7.383000
13.042147,9.260207,5.005088,18.077862,5.105624,3.779330
9.534687,6.596222,4.755352,24.828188,5.489943,4.342302
28.166384,18.722775,40.054153,21.924232,5.204416,35.075642
15.929185,10.707561,5.002379,45.798046,10.613342,27.148466
4.685161,3.252095,3.992249,40.640659,12.326834,13.451902
15.100068,10.864552,4.429618,79.104523,20.038759,6.701398
20.687963,14.591304,7.105626,26.619656,6.517390,7.243695
22.024584,14.998921,11.365093,22.022743,5.848089,20.088236
6.188327,4.101008,3.227601,3.836787,0.503830,1.631153
35.319569,23.687910,10.056889,72.398666,18.734661,10.086347
26.574232,18.124043,14.539809,61.186356,15.540278,16.311777
7.689697,5.346518,2.038616,25.147398,6.233763,26.450272
21.212616,15.104438,7.129987,52.384956,13.354409,6.351196
13.611761,9.339499,5.232606,16.704206,3.814197,2.191761
13.481048,9.557509,4.909383,13.188221,3.559687,7.778274
12.426208,8.869107,4.912656,32.284649,7.123259,13.932482
13.466893,9.520301,4.965210,5.776018,1.461137,4.548596
30.684193,20.971443,10.728518,44.707745,10.825663,12.707031
12.344219,8.817831,3.917445,29.962927,8.091965,5.089939
13.589638,9.230494,4.934151,59.277225,14.936090,5.300081
24.537754,16.612116,10.372984,26.026232,6.221415,5.396903
7.011369,5.165699,3.347966,22.344296,5.662994,8.392173
17.101627,11.536084,3.790296,66.811317,18.739397,22.157345
8.081085,5.741335,3.220374,12.865682,3.451086,3.047521
11.801876,8.244398,4.722327,33.356144,8.082808,2.964250
12.379447,8.746196,4.160414,11.418670,3.524743,3.214255
9.504181,7.084073,3.908458,3.956411,0.727897,3.737796
30.307819,20.844473,9.277410,36.633732,9.459891,60.657024
30.240299,19.911154,10.334937,52.947422,13.108812,7.433271
21.544708,14.855164,10.973085,12.876343,3.308728,7.419023
21.319817,14.919181,6.864784,81.428703,21.177647,6.790361
23.041523,15.352167,9.176124,35.176880,8.555086,7.306228
16.085272,11.084736,10.010242,68.734459,19.235680,86.068100
4.736748,3.293217,1.475482,8.182588,3.217325,4.237896
8.341185,6.126617,3.914743,1.202343,0.220117,-0.899360
58.264057,35.979630,34.721249,99.519463,23.347496,17.933413
7.488460,5.081079,2.102299,16.166580,3.786053,8.630370
11.759636,8.435517,6.220246,15.512769,3.699720,2.747986
12.791877,8.909224,4.447621,24.068495,7.340618,3.664881
34.849976,23.557270,12.602047,55.728146,13.729304,16.215862
19.339632,13.411880,6.668140,76.487885,22.282246,13.074241
9.803576,6.760605,5.057171,58.865627,15.011682,7.949234
20.193178,13.851022,5.345910,70.660469,18.762781,9.520452
11.556563,7.849102,4.587006,20.267372,5.523499,35.847870
9.718095,7.324446,5.071863,17.196741,4.901829,2.327685
4.320429,3.447468,2.209278,2.149796,0.712056,-0.002450
22.929131,14.979322,14.731877,89.378448,22.331629,24.323933
11.588381,8.521442,3.937952,77.826080,21.180918,21.839123
4.253273,3.123474,2.306545,23.430275,5.593281,5.744312
29.282024,19.426472,19.989098,166.813492,41.023422,21.335176
9.181421,6.493466,4.538726,10.824645,2.129443,1.993624
10.883791,7.608257,5.028066,2.943078,0.725899,0.927994
8.937696,6.357834,3.553546,17.795841,5.226732,5.925512
17.085388,11.573063,5.407560,33.813370,7.588306,10.622278
41.657154,26.672707,20.306780,113.424057,31.080635,74.443970
9.480869,6.520315,3.824261,21.703125,4.671448,3.568729
30.013952,20.539183,10.687542,78.538017,20.017124,29.408983
12.677997,9.185156,5.302917,61.565407,15.985997,4.891843
14.434370,9.956408,5.386905,43.171486,10.024564,5.023075
37.686268,25.019922,14.694046,56.248329,13.385418,9.406665
19.593031,13.362678,6.285250,25.960073,6.553961,5.398921
18.397749,12.239691,11.258308,87.749100,24.056677,113.174789
36.690155,23.708870,20.599606,116.832283,30.089462,27.263092
4.780998,3.248568,2.430593,12.607895,2.784778,1.725660
11.269713,7.934099,4.071416,44.734818,11.262527,2.737391
7.139366,4.981757,3.476386,16.386011,4.487051,11.122988
11.401788,7.983469,4.240600,4.256215,0.536739,6.855003
14.989957,10.634139,5.735846,13.068852,3.254089,3.942797
20.166237,13.715241,5.759575,40.784027,10.366897,4.231737
14.074217,9.343944,10.773831,143.078415,37.520058,13.839215
8.671697,6.302543,3.735595,13.262789,3.195715,4.596474
9.028716,5.599557,4.897022,26.175703,6.092902,8.177940
54.573612,31.824871,52.712654,209.096100,49.195389,62.704578
10.221358,6.923330,4.524688,17.751026,4.642291,4.316319
17.741831,11.993332,6.208139,49.163879,12.264313,4.528439
14.920315,8.611210,6.653920,45.582932,12.984617,4.932751
14.173723,10.121889,4.870132,25.949102,6.755369,11.308873
15.462740,10.840776,6.077367,16.298174,3.688376,6.248121
6.471773,4.940589,1.490004,10.555439,3.779507,7.589692
9.926550,7.169407,4.883419,11.040838,2.420526,3.556456
15.106256,10.503868,12.453184,10.936544,3.026356,14.279469
10.249260,7.280813,3.641649,56.045872,14.690229,13.655100
12.299917,8.563601,2.856400,42.730881,9.745822,8.491145
14.696132,10.403216,5.327333,13.864338,3.875345,6.485891
9.488642,6.755076,3.342395,36.323250,9.431112,12.994919
13.132158,9.298868,5.839753,14.614369,3.310676,23.031719
10.373093,7.486505,4.042641,16.492826,4.033363,3.479220
39.131413,23.973368,17.813557,99.823662,24.559002,50.896633
22.572123,15.387669,7.685659,6.111928,1.445097,4.861335
21.547989,14.327613,8.065186,39.188335,10.512285,6.772771
8.368689,5.623413,3.412328,17.815178,4.444323,4.000922
10.454942,7.505668,3.991493,30.987888,8.068227,37.806862
5.770183,4.295684,1.764650,17.256424,4.326935,10.983060
43.911201,28.241152,16.716621,33.807957,7.253727,32.471367
43.124435,27.888483,17.741909,69.799171,17.999599,119.189850
4.212774,2.975555,2.030077,11.114586,2.508300,20.965023
28.132368,18.939075,10.834753,75.901405,18.322483,12.656969
10.449506,7.024296,4.168640,29.663597,8.129883,2.047204
8.028174,5.885037,4.051439,12.332758,3.415131,2.620419
9.754719,6.947060,1.962101,10.872633,4.112140,6.452991
10.771822,7.641537,5.399096,23.498404,6.288842,4.377372
4.599661,3.359424,1.292443,4.577973,1.649000,3.668049
19.644890,13.400233,6.906670,39.970356,10.874682,12.723121
9.518561,6.704251,3.643697,24.377865,7.340582,6.330824
12.505039,8.423723,15.516348,86.556908,25.475010,17.490551
18.058178,12.587900,6.412636,20.882017,5.034020,3.816351
15.745779,10.900349,5.457040,53.240902,13.598905,7.546779
30.990141,21.241940,11.108557,76.959396,21.501427,10.062207
4.950227,3.592354,2.395208,3.005444,0.864790,2.172028
14.655824,9.921998,4.787371,58.452927,14.946136,19.621458
22.662884,15.560177,7.752878,92.402542,25.774431,12.797877
7.145248,5.065378,4.146965,19.509562,5.459397,2.101299
53.818497,32.235050,98.798882,564.631775,150.054489,260.588013
42.108246,25.846193,17.168785,78.744186,21.130875,21.355293
54.301941,34.047905,24.582903,127.296539,30.429510,22.988882
29.360706,19.624496,13.020748,104.332108,27.537334,53.629086
14.312881,9.955861,4.760459,10.090562,1.878658,23.113382
34.626606,22.130276,11.130159,59.295223,14.112068,22.153996
6.050756,4.577610,3.110342,1.403732,0.164203,1.727152
10.592582,7.666122,4.573790,9.191890,1.410544,2.536557
32.245052,19.910536,20.971605,148.096222,39.521473,98.951828
24.887802,16.722889,8.977290,44.977757,10.974745,18.363014
11.271041,8.032513,2.819194,26.009310,6.053953,17.007975
32.777958,22.043903,14.009194,105.634109,28.304050,75.112778
6.340155,4.527092,2.487417,20.067755,4.707586,1.802915
30.572502,20.479809,15.728839,89.938004,23.837109,76.758278
24.901176,17.470610,5.716528,41.602184,10.820060,4.775877
4.516270,3.353337,5.390754,29.676865,7.340355,7.064876
15.453421,10.393546,3.422424,17.370960,4.473197,13.938374
22.046270,15.468219,13.773458,26.195107,6.879695,20.871996
18.585035,12.647845,8.587323,48.375332,12.255994,28.092897
17.924208,12.661139,6.533845,48.483223,13.377144,7.109871
56.777462,35.908604,30.312372,105.790878,29.380499,55.584232
12.195293,8.455885,5.874954,46.753944,12.471293,3.877994
20.662136,14.337008,7.185654,77.555450,20.497086,9.413842
26.374908,17.844385,9.365284,45.538116,12.193994,70.625282
9.560754,6.652198,4.199412,11.287665,2.567531,2.377159
14.196127,10.026958,5.654085,7.413710,0.977263,3.134432
28.310064,18.068924,28.487696,179.696732,46.978043,140.920746
22.801720,15.584523,12.302934,35.221161,8.322125,51.236294
18.089710,12.622504,4.570439,31.585560,8.398784,16.627842
14.422106,10.198763,5.393447,46.458839,10.918104,4.087511
13.405363,9.686851,4.884671,12.313771,3.904189,3.896639
19.410070,13.430393,6.188713,71.060936,19.830338,80.764999
23.172359,15.686255,12.673231,39.851707,9.871479,23.981314
14.526452,10.202409,4.588729,8.506696,1.344909,2.804341
26.063404,17.599766,13.035693,82.616905,19.099970,21.118866
23.032194,15.382979,8.178423,24.493385,5.218985,7.381549
11.172080,7.709047,4.780509,13.998444,3.700081,9.633158
22.017183,15.592965,6.337610,35.273697,8.149625,10.313408
6.357277,4.514647,3.191611,28.549974,7.362850,6.748959
4.798422,3.267329,2.406970,2.679838,0.695111,2.182866
19.915588,13.397910,37.359135,197.028717,57.999317,216.238953
26.691570,17.328413,13.656333,139.006958,38.568634,42.498821
9.933626,6.813247,3.953123,3.423018,0.239246,0.529836
6.256962,4.515507,5.036410,74.476471,19.729210,4.504253
6.233612,4.500903,2.705367,29.856966,8.089523,18.037449
27.779734,18.972410,11.013846,106.392731,28.125277,44.801731
16.587118,11.357575,5.965406,56.981041,14.553488,4.618268
15.810173,10.463064,6.354373,40.810078,13.586371,30.613892
18.697189,12.530593,10.582708,77.606750,18.107441,17.858479
34.593048,23.417303,14.757749,87.856880,24.050621,25.483265
40.268791,24.853003,21.795864,179.344681,46.199741,46.107517
6.863401,4.820437,2.870032,19.165003,5.152823,10.266525
24.947002,17.082964,10.287784,59.452374,14.515050,8.962524
46.552738,28.516386,13.659046,106.711311,25.517582,25.393719
21.541924,13.415366,13.636249,64.837936,18.807304,30.962690
13.327741,7.121444,7.829484,44.531265,9.972528,32.699348
14.026957,9.849627,7.479002,41.632919,8.473063,3.138241
19.013870,13.134594,7.473636,45.988441,12.913486,41.372406
11.487025,8.049357,3.857087,55.948494,13.769859,9.619969
6.420464,4.528382,3.225835,2.385892,0.658126,7.613506
21.674646,15.130809,7.564475,21.822485,4.536098,6.156733
17.971722,12.879075,8.006869,47.727188,11.016801,17.271906
52.496574,34.456581,16.614162,39.791267,8.711329,11.479014
23.546173,15.602285,15.780171,49.852070,12.123324,5.770051
5.094364,3.692389,2.659401,19.062391,5.210860,2.340019
24.877926,16.213741,11.427073,53.180424,12.755339,9.971780
27.420948,18.538763,11.248734,29.358162,8.238819,9.386936
12.931353,8.992253,5.576564,46.709244,11.777554,6.211367
6.773141,4.842121,2.926831,17.384895,4.051291,0.948265
15.749814,11.006670,4.584486,45.726387,12.722291,5.213395
18.690248,12.818561,6.513678,4.084389,1.115844,2.374629
7.337435,4.994186,4.197792,77.748909,21.087566,11.018031
7.531898,5.250253,2.320854,22.878641,6.579693,15.423391
10.313580,7.175912,4.732620,12.055931,3.791222,15.338260
13.017584,8.819074,9.082671,7.467696,1.253398,0.728662
16.146338,10.057126,5.859407,12.199044,3.800292,16.241285
63.575119,38.970512,29.429586,201.067169,54.486198,68.852364
28.988108,18.973232,23.988340,96.831894,24.201984,21.493248
10.314519,6.945300,4.930305,41.184830,11.811357,7.723802
11.783578,8.699780,4.973106,26.948828,6.348410,2.301092
24.712761,16.351587,13.319463,42.377090,13.240314,49.124363
31.435993,20.236860,10.695723,58.380230,13.751943,12.752912
18.207542,12.420936,6.600584,45.738029,9.880852,18.392225
13.027730,9.165816,4.248610,31.239752,7.661341,4.295882
7.885602,6.053020,4.614605,10.132309,2.972840,2.851626
26.559835,17.719358,7.790377,99.329239,24.416483,6.751664
32.555359,21.858019,8.878193,31.393044,5.950799,13.513623
34.669018,22.871784,14.320432,137.007248,35.043144,23.405693
5.926083,4.067481,2.369294,1.993025,0.404592,0.304532
12.893809,9.353050,5.576244,5.492585,1.649473,5.375364
8.914414,5.814052,1.604162,7.095128,1.866087,3.912610
12.395640,8.570163,4.035186,36.461136,9.878739,6.643011
9.268950,6.350452,4.111727,17.358574,5.066233,20.742920
18.029703,12.672245,6.731273,58.861500,14.397139,26.947647
4.939998,3.476149,1.812547,6.506622,1.752642,4.604679
5.571623,4.152717,2.807879,3.560813,0.451768,1.273934
21.413130,14.736675,6.800488,26.639175,5.770096,3.320441
25.760580,15.545494,32.531803,143.855011,36.962143,36.955898
17.445026,12.036431,4.781265,37.000591,9.341619,8.405799
13.151349,9.156889,3.732438,36.893356,10.019933,7.017716
16.052191,10.842311,8.945251,51.919292,15.114954,118.187943
71.995895,40.802082,30.697216,85.774162,21.573442,44.558811
20.907299,14.074039,9.649399,49.216667,12.658345,24.173733
18.040825,12.675844,5.267454,47.264194,11.445889,5.787444
45.345482,26.353811,79.093163,375.135590,103.858879,505.631744
24.930971,17.219942,9.270484,65.764374,16.954054,10.761691
31.908840,21.788382,8.530259,65.209686,19.561348,39.613674
9.550559,6.645047,6.159493,10.915840,3.238172,3.716780
9.997809,6.960092,5.458246,78.221977,21.102341,40.624249
7.945798,5.609504,2.413935,14.478725,4.850387,6.427081
8.832673,6.300834,3.408783,6.759402,1.939109,0.959343
40.310776,26.588722,17.849028,15.341378,3.028310,3.783671
5.017417,3.551399,2.280994,49.277554,12.878955,5.492961
9.813704,7.023810,4.441025,40.759899,10.661799,6.861122
21.028799,13.724334,14.573631,42.485825,11.713987,52.118916
8.932010,6.108828,3.677160,18.627375,5.352111,7.944523
45.012840,29.213251,12.864459,54.382542,13.205217,54.499382
9.110871,6.600861,3.621006,31.485748,8.530485,4.279688
10.065973,6.926558,3.288565,20.397326,5.782768,4.643081
29.709133,18.915789,16.981390,148.080170,41.663425,82.613419
18.801956,13.095528,5.380486,41.063171,11.449843,30.778645
8.296306,5.548841,2.694587,5.895716,1.538193,6.647171
21.391949,14.732550,6.359413,35.368725,6.837251,4.058409
35.449039,19.647383,37.289585,237.101852,60.184296,61.336479
20.887375,14.844090,5.354652,9.952413,1.075297,1.636656
6.090330,4.540550,3.225384,39.259056,8.773575,2.660835
25.754093,16.360014,19.858761,187.560989,48.967781,23.425339
13.031267,8.634048,5.409107,33.591095,8.078489,2.612102
12.524999,8.798304,8.562237,64.737656,19.874996,76.392632
9.912825,6.820271,3.935624,23.759577,7.150246,5.307149
7.148444,4.945104,4.011819,32.772224,8.167047,5.465099
19.436001,13.482771,8.439457,17.618769,5.310904,9.616802
21.574179,14.724099,7.146598,65.904533,22.097710,19.498384
24.229593,16.421196,18.960505,112.902679,31.434654,29.164722
8.575931,6.059057,4.573653,25.253008,6.766640,4.054318
22.126337,14.401510,8.330544,109.037338,28.736422,106.744827
4.832477,3.507903,3.030077,15.128725,3.987890,3.419797
9.670614,7.149902,5.532097,54.790253,14.876484,10.870605
11.156434,7.654758,4.796117,4.252200,0.909348,-0.441476
10.686903,7.677879,2.676861,88.972984,24.143341,3.763148
6.693516,4.767084,3.709898,14.036341,3.391108,5.267175
9.484867,6.932489,8.869568,22.820471,6.712892,6.780079
17.755590,12.012502,6.437688,39.291489,8.613087,3.798708
8.043014,5.647723,1.598535,12.647485,2.942307,7.198844
24.958004,16.743370,17.446882,81.768166,19.452709,61.662296
47.159065,28.651892,34.021469,64.477829,16.973957,65.065086
12.813160,9.022685,4.225980,13.657853,3.825688,4.978414
14.087147,10.136902,6.284639,10.726507,3.120844,2.640704
10.664370,7.757982,4.352444,24.249155,6.865899,2.949505
20.855536,14.182421,7.375480,39.149963,8.338916,5.571796
12.199076,8.693906,14.239207,136.325714,38.858692,91.394890
10.228041,7.136739,3.582100,15.276977,3.237745,12.565195
15.957622,11.086599,5.054273,20.914957,4.821519,2.970917
17.262115,12.427432,4.953094,4.374931,0.623714,7.542262
5.184051,3.786319,3.903251,7.185236,1.716659,5.401380
13.327716,9.287129,5.054762,24.436661,6.907327,28.503914
21.303469,14.631662,11.244261,59.690022,15.306467,73.863541
19.018209,13.034490,8.674188,39.127296,10.639118,28.272894
5.350619,3.477055,3.836333,4.348069,0.774195,2.018752
23.019596,15.699320,9.009234,48.279640,16.553013,46.604534
7.614195,5.131601,2.534358,27.473007,7.754534,3.987272
8.327742,5.653861,3.691204,2.009443,0.650217,2.723829
7.842457,5.484808,3.609126,18.302729,5.280915,24.670166
16.676146,11.853699,8.002260,3.533692,0.339084,1.056504
6.674454,4.558911,3.523736,1.742183,0.005286,3.082824
11.555389,7.990181,4.487292,25.470369,6.627792,4.265465
24.800341,16.593765,9.644889,18.440746,4.185901,12.047267
11.063725,7.837811,3.845285,18.051823,4.468482,5.199672
16.602371,11.653308,5.742123,53.663631,16.038589,3.275081
15.053730,10.487041,5.002671,51.993813,14.135380,9.532526
13.713019,9.176618,5.724135,62.640644,14.888621,5.426173
6.468933,4.710915,3.308848,62.018749,16.785315,5.892862
6.018334,4.430330,3.106318,6.254704,2.046284,0.774362
43.397198,20.581057,16.574944,153.951431,39.938210,58.861965
24.300327,16.835133,8.892074,41.161385,12.175232,45.007656
19.468843,13.527973,6.497038,58.221119,14.644964,3.381969
28.322023,18.848553,13.765049,74.648499,17.182123,22.886288
4.226919,3.228122,2.429567,19.255800,5.764925,2.227280
4.113516,3.034452,2.476869,29.336977,7.766602,6.489063
5.398600,3.741209,2.468162,11.761559,2.818991,1.852929
47.464024,30.626001,17.676535,89.323547,22.117828,28.935394
38.589775,25.858196,14.603268,69.909210,20.004543,70.853737
19.679930,13.839344,9.760591,42.461369,9.800949,12.216302
53.439465,33.499741,27.980675,155.579269,37.213825,104.714355
11.912116,8.601768,3.738302,53.879971,13.264388,5.684619
22.041306,15.156308,7.838081,5.447734,1.116601,1.976013
15.335680,10.512491,6.716946,29.498152,6.305719,4.834459
79.180763,47.610046,31.157162,146.463028,37.462589,81.018364
28.689934,19.597776,11.250648,45.946743,11.799644,14.202432
16.047934,10.963987,6.660812,4.519886,0.772170,1.063161
10.296463,7.306474,3.142939,2.506897,0.276238,0.014062
15.619512,10.915217,8.410212,55.131676,13.726695,6.693323
16.840590,11.512052,6.032760,28.826700,8.681644,22.123857
8.552066,5.695930,2.541388,41.529228,11.691519,4.266792
12.769014,8.855888,6.946296,31.091751,6.785161,17.989241
30.941751,21.112101,10.089571,123.722641,34.203960,18.796392
23.909710,16.493912,7.413917,36.751537,8.691903,74.482254
12.620705,8.610943,3.736369,32.498798,7.725865,10.761459
11.228243,7.819823,7.584011,29.477552,6.599777,21.349970
14.085307,9.835281,5.687636,36.233894,8.136336,3.634972
8.305742,5.867839,3.887227,16.900995,4.504560,6.369781
29.768881,20.015577,8.576927,170.180084,46.168507,18.366301
8.252354,5.917573,3.610567,20.683849,6.940517,3.599413
34.353504,20.463257,68.731972,250.288605,65.401222,69.627846
30.146980,18.454508,34.453217,179.651321,48.842499,146.182358
13.716382,9.517003,4.817117,54.900463,14.216232,7.463320
6.296721,4.362066,2.811367,16.506685,4.930257,1.527765
8.388712,5.909433,3.933934,13.236451,4.543738,17.431990
19.142796,13.290319,4.136519,41.093700,10.384054,79.270172
19.296831,13.146904,7.172459,32.915390,10.013809,29.490183
15.984377,11.413992,10.574161,8.743797,1.797956,1.389657
10.300149,7.091228,4.234814,15.787905,2.634038,0.904629
17.615984,12.447420,6.226480,22.026569,4.929968,4.082106
10.901128,7.560283,3.851649,51.324219,14.692080,39.395336
18.083244,12.563303,5.372215,32.431385,10.043513,22.835941
7.339856,5.226928,1.737035,7.249810,1.530988,5.619540
11.955558,8.378741,4.118087,29.357979,7.184682,10.837192
15.884644,11.070077,4.701262,23.321991,6.116342,15.450684
10.983028,7.771521,3.944936,20.926043,5.583457,2.231566
32.164909,19.873898,20.176647,181.716599,45.185192,47.677914
18.399248,12.490650,6.881152,56.240799,13.754309,12.763303
23.415522,16.463516,7.303277,31.315687,7.408943,6.916859
25.456663,17.475264,11.071801,12.760999,2.893944,9.013035
36.024761,25.040089,17.785069,135.819565,34.976360,137.610397
7.374939,5.187194,1.917256,8.169178,2.000178,7.970517
44.723621,30.189770,19.669695,64.977287,17.794683,60.361607
23.080282,15.907427,20.700340,33.720688,6.877522,14.094386
5.392613,3.491802,2.992779,0.251641,0.140033,1.702260
3.750947,3.039660,2.721697,19.142719,4.013870,2.829431
43.102661,26.672960,27.043131,112.430130,26.851789,27.427570
18.571499,12.431684,6.604263,41.839859,12.198423,5.496127
6.877750,4.969603,3.622052,6.811948,1.830562,5.486537
14.181783,9.815747,3.939857,15.975170,3.422589,13.282156
7.253993,5.262965,3.712866,10.514135,2.524885,17.799976
7.084414,5.458224,2.997296,71.117294,17.446371,5.933843
25.997507,17.634398,11.615507,43.918240,10.935060,7.425196
9.388661,6.885813,2.338638,7.622866,3.074095,5.411514
18.018456,11.734324,15.392923,51.022495,13.505979,55.558144
7.669737,5.441033,3.777154,18.639433,4.870871,1.924377
6.008542,4.152167,2.045538,9.407412,3.093715,5.221365
7.852575,5.297330,4.002188,22.877913,6.268608,4.281176
14.763048,9.843890,19.264174,97.749641,24.601505,65.332001
12.239104,8.617266,7.087849,112.125366,29.444256,13.021047
81.970169,28.934553,48.842926,180.093704,46.554153,106.456436
84.341225,28.904932,49.783295,209.719940,50.297493,95.826767
9.690614,6.932860,4.997044,9.349164,1.978401,9.275100
18.697811,13.107963,4.707751,31.138662,9.509070,39.281952
21.983728,15.077314,21.385593,107.762032,26.346029,26.929380
42.697113,23.061937,65.392822,399.581573,103.032227,91.936623
21.753870,14.962484,6.839394,33.173897,8.040668,12.257963
8.889174,6.405923,3.454799,0.972195,0.806840,0.861891
32.276688,21.657988,11.337560,79.640488,20.006857,16.658604
27.019403,18.411644,22.688282,62.439835,15.338721,15.591427
25.332172,17.908215,7.908161,30.820597,8.265428,7.748141
7.551051,5.182444,3.673706,15.793685,3.865239,3.003625
9.192421,6.807967,3.843153,2.376545,0.734159,3.857836
23.434658,14.639048,5.405054,46.146580,12.214819,13.027800
24.664457,16.439028,9.741486,79.623444,17.965538,6.392989
32.748856,21.874172,17.896162,157.576553,45.480171,119.135841
36.517979,24.813339,11.590734,51.988762,14.853847,43.032726
34.568798,23.264225,10.046364,31.074009,7.803001,12.792534
6.301836,4.218760,1.809108,16.359903,4.715146,6.200728
7.962266,5.467441,1.885689,16.309002,4.682322,13.097171
17.849012,12.460196,6.311327,15.049223,5.000948,3.761715
36.010586,22.932581,25.517511,122.868721,31.011778,34.073273
6.853623,4.759736,3.127992,43.818207,11.385536,7.399115
4.581991,3.022959,2.389599,16.092546,4.465367,2.598191
12.912812,8.628827,4.447379,26.910089,7.266647,11.085411
8.720286,6.393371,4.402915,14.718294,3.871028,3.944658
19.583933,14.109257,8.091990,27.287922,5.629786,4.256505
6.570514,5.010140,3.345239,12.016389,3.449301,1.080264
21.648750,14.920373,7.903180,43.806591,12.344506,17.645565
6.102889,3.999829,2.451418,22.242296,8.588034,21.111536
5.911576,4.362010,4.094497,10.384018,2.471269,9.181408
10.731744,7.276866,2.975172,40.396755,10.301549,32.230141
16.084690,10.880730,5.593091,4.832181,1.779471,9.602073
46.291901,17.122040,25.034721,156.683548,40.620445,25.650656
45.108059,17.081825,25.089821,156.253494,39.949409,21.924168
35.624393,22.930433,23.540751,117.553482,28.366583,28.950132
25.110348,17.798256,15.259951,71.297401,19.836615,59.088398
8.449946,6.290372,4.283379,33.059059,8.902305,3.348438
7.012721,5.238292,3.124981,24.098532,5.890486,2.884228
16.569632,11.878155,5.738255,30.060600,8.865712,3.958009
6.178078,4.622404,2.217017,18.540442,4.956786,3.632211
9.512803,6.783253,2.766315,22.621910,5.009375,12.982952
21.280807,11.172401,7.968400,19.276976,5.129077,7.093614
22.595125,12.868407,8.994083,17.737589,3.721841,4.147584
11.815638,8.169824,3.959961,23.980961,6.338600,3.581944
28.856911,12.181382,8.632022,53.893608,13.256708,8.473315
28.955751,12.311038,9.033031,54.762634,13.139443,7.402434
13.344201,9.080306,4.098267,22.824276,6.481813,8.721556
13.797830,9.823332,6.838796,14.766753,4.538499,6.774777
13.380604,9.351867,6.566432,30.259710,7.077663,4.724464
32.115902,21.061205,11.504891,23.661285,5.986021,7.445458
26.147869,17.981470,16.426046,75.834328,19.476711,31.744371
10.158463,6.990728,5.755276,5.017857,0.689743,1.176113
4.566516,3.505146,2.953640,24.146776,5.879656,3.343260
15.579841,11.026840,6.043242,32.245956,8.308318,4.607996
5.386409,3.483013,3.105904,3.378541,0.508367,2.635651
25.879742,17.340597,10.161278,57.757084,16.263882,7.218738
9.306132,6.726264,4.196213,30.855804,7.046266,2.589887
13.893902,9.717041,4.623166,16.538540,3.392441,4.055598
17.905769,10.859514,5.851300,23.038721,6.325831,25.648901
13.455133,7.937931,4.366290,30.515436,6.649814,4.152939
28.782766,19.565374,11.830502,28.917681,7.975315,59.822319
10.937751,8.104751,3.116450,59.419254,15.026628,4.785370
5.645084,4.112475,3.534469,13.456988,4.399543,1.951458
6.079381,4.273997,2.454641,25.149117,7.474664,2.421230
4.962983,3.478426,2.730326,1.426437,0.535339,0.619165
10.912719,8.006213,4.106439,9.555773,2.572442,1.952591
13.215631,9.216208,12.240538,80.601448,22.948225,37.875397
8.939019,6.481057,3.762099,18.586908,4.882972,1.345622
46.696735,30.085640,14.935496,69.584152,20.013910,14.827289
24.360960,16.547068,8.535537,38.265465,9.363874,10.308023
43.247425,26.978186,15.299062,122.667221,31.763226,29.800053
21.691092,14.930943,10.281112,39.120937,9.109364,13.411853
6.603759,4.539944,3.254387,21.944151,5.093253,6.626219
14.484635,10.134310,6.288245,28.529455,6.078707,3.319855
15.715263,10.982984,5.354894,6.970562,1.020225,15.523641
8.196681,6.049663,4.007056,1.563665,0.620620,2.786826
8.738626,6.046998,3.254485,12.317592,2.878718,1.760788
31.281427,21.535885,11.465428,69.329132,17.353996,15.394627
12.132999,8.901446,4.390689,21.136663,5.287085,4.319891
17.619661,11.900681,4.935914,35.242954,9.152275,5.370748
10.429310,7.169252,2.565690,24.288376,7.154045,14.957347
47.303123,30.332016,21.800745,87.931030,21.477737,20.534691
11.900215,8.478722,4.634028,46.889778,12.025411,3.604123
15.755325,10.805350,5.385636,42.589531,8.844824,4.948076
13.512814,9.213482,7.507414,71.276352,19.327833,6.123130
19.732761,13.208253,9.946444,20.541964,4.448849,35.305946
50.020496,18.480654,24.993174,159.785492,42.340775,128.316925
24.886312,17.033056,11.033067,75.804596,21.121964,13.717240
15.581022,10.338978,8.762389,63.982086,17.427126,14.727255
17.084951,11.901364,7.133274,66.781670,16.663099,8.386191
29.256168,20.152887,11.268956,44.386078,12.052797,6.806850
7.311116,5.075735,3.232105,22.515127,5.643142,3.997374
11.188326,7.559453,7.574579,3.232831,0.781810,2.925882
5.370825,4.013001,2.507485,4.772494,0.280865,0.671599
30.632702,20.764338,11.719057,60.668514,15.069862,12.341482
28.481812,19.216049,15.020554,193.490723,48.616726,30.223299
21.050661,14.417356,5.959201,48.192902,11.641111,5.228257
11.083369,7.672239,6.229158,19.478271,5.719290,2.760990
8.564038,5.871275,4.241475,16.108528,3.451480,2.111734
9.523675,6.487587,3.918086,11.094487,2.894402,2.001328
28.575432,19.074123,15.865361,67.136719,18.162560,19.989618
10.347019,7.361792,3.951491,40.795845,12.245554,3.021984
19.659813,13.519054,6.671257,48.368534,12.118400,8.469551
13.367842,9.346047,4.611079,32.317001,8.180021,4.943897
13.386841,8.761495,4.957397,49.692650,13.085847,2.628112
9.392104,6.562228,2.894696,17.583588,4.726069,4.736752
7.518631,5.447618,3.989904,4.300849,1.166061,0.690140
20.993639,14.448370,7.939353,28.265814,6.869941,3.683343
12.790942,6.901704,6.391993,19.889343,8.013044,32.672752
42.614941,25.734232,76.871048,538.585876,133.442505,154.720139
7.254654,5.390560,2.636605,30.732382,7.055285,1.986822
37.168472,24.732311,12.332664,100.645706,25.796259,54.496067
8.895519,6.654519,17.236458,10.668137,2.188498,0.949060
12.701053,9.111292,3.756681,30.434141,7.109760,18.167351
7.193624,4.865495,3.725055,21.312191,5.742278,3.696101
11.225291,7.898900,4.287751,38.182064,9.646944,4.077882
21.771765,14.995185,9.328633,108.951988,31.017950,9.394077
20.806139,14.843365,7.294244,48.625484,12.797556,42.678177
22.259058,15.250881,7.773606,43.743816,13.098052,17.578827
14.063389,10.066452,5.462358,24.245178,7.115682,2.107651
10.147607,7.078581,4.850360,5.470846,0.923566,5.815901
12.540509,8.738183,5.248096,17.608047,5.109308,6.049657
9.710343,6.696088,2.605200,17.494171,4.422078,13.349590
49.322365,31.580381,27.031755,61.729946,15.819063,96.706772
10.306288,7.254194,2.134742,14.056356,2.847832,6.317064
31.366781,21.214937,11.888160,9.052212,1.978715,11.414196
39.522461,25.979639,14.320662,105.521614,25.202875,16.317507
30.943424,20.696791,14.776473,88.307198,24.648861,63.739040
18.729902,12.245207,15.505881,69.542023,15.436959,7.023151
19.292477,13.476060,7.212462,24.757374,5.890249,38.758617
12.113358,8.143609,12.446268,42.752686,10.477208,11.934566
38.634499,22.466862,31.904873,146.795120,35.846531,32.532299
7.587661,5.603469,3.180891,13.876701,3.213997,4.369180
13.644441,9.471668,5.400553,24.499399,6.726982,16.013853
52.044491,31.430096,29.599512,198.020111,49.856331,312.635895
12.534103,8.995970,4.267598,86.709267,21.415472,10.588579
31.994928,20.916483,15.818099,101.277870,21.401127,10.781121
13.193082,9.538681,5.869979,12.708836,2.674763,2.316345
14.730047,9.817181,4.570014,32.560417,8.893312,25.382101
31.469099,18.293070,44.275753,353.982544,92.543045,141.738159
6.853945,4.819109,2.796788,2.383553,0.214953,1.922322
28.007423,19.219011,10.638445,64.236115,14.687119,6.125579
12.408820,8.976955,5.024350,22.660786,5.386847,4.490688
6.283217,4.103456,2.113921,3.223756,-0.005690,0.195379
12.391098,8.848635,7.895418,20.121000,5.574448,41.276562
6.044589,4.395765,1.868391,6.623468,1.497186,6.737302
12.467546,8.451329,6.157870,9.135445,2.817505,12.768893
17.901403,12.131001,16.686874,80.842407,19.761503,12.704390
13.714479,9.895493,5.601981,25.048349,6.107852,14.431250
12.696939,9.065112,5.297698,24.224289,5.999764,15.083443
22.516897,14.907571,7.106159,37.063957,8.379479,12.483539
19.470032,13.054826,3.959114,64.324104,17.188402,6.457870
22.493877,15.212655,24.099924,97.976204,26.317619,111.697868
8.558640,5.674579,4.208495,52.344265,14.093710,7.394526
10.789854,7.582153,4.941784,19.909426,4.323815,6.906455
10.782784,7.472801,3.950803,52.806019,14.383291,10.276074
5.849026,4.157166,2.906494,17.359156,4.247406,2.923080
16.419191,10.985018,5.727465,69.276421,21.204529,5.343199
15.978707,10.487020,10.738071,66.936722,17.149139,21.245899
20.442646,13.885369,7.541136,30.956680,7.978063,8.243629
25.682663,17.130924,24.781076,197.274475,51.885456,31.916555
6.053934,4.460116,2.615251,19.216087,6.073400,2.458383
12.869428,8.849924,5.399048,30.468891,7.802032,9.939345
11.435487,8.273505,4.267837,26.533300,7.943496,5.369259
40.992878,26.770161,12.489392,66.065872,15.367462,12.565174
20.590384,14.329091,15.847096,68.082649,16.623598,13.240181
13.099018,9.463065,4.709706,13.113157,3.161307,2.295307
18.009495,12.520155,6.645446,18.595661,4.885515,3.982472
39.394817,23.956570,25.513649,166.196747,41.854580,40.523609
13.307148,8.965713,5.256460,13.003970,3.470754,6.243755
14.790754,10.056364,5.548309,25.820396,7.529483,3.755001
23.462425,15.752222,11.171539,68.032356,19.037619,39.261917
39.989426,25.624363,16.852882,32.769630,6.986898,15.912490
7.035118,3.940170,3.721034,27.336668,7.354983,4.454292
8.869555,6.421197,5.649018,35.663963,9.949200,7.077347
30.242393,20.475685,13.869492,76.133293,19.091455,33.624084
19.822241,13.871234,6.206956,79.205994,21.180340,12.987199
11.124984,7.656877,3.894905,2.093437,0.667206,0.718927
8.841948,6.438901,7.190238,58.160130,14.888667,12.524545
12.313011,8.465494,5.143374,32.698410,8.615491,24.100634
11.913956,8.286639,4.549008,25.502499,6.131717,14.375382
38.978039,23.142855,41.780937,180.344711,44.164581,41.811859
33.640152,22.432745,12.746671,42.673340,9.569150,13.772140
37.818371,23.200520,23.426340,83.390396,20.289600,24.281637
46.094467,29.352362,21.139942,173.623047,42.868885,52.248890
32.665672,21.592529,13.002100,94.091957,24.171762,16.712288
10.153219,7.102098,4.505135,29.979155,8.926412,11.560563
11.166185,7.665621,5.096168,35.554493,10.059637,21.068768
19.915709,13.229635,6.650714,31.038651,8.470515,5.491569
9.540620,6.685786,3.834687,4.228909,0.365755,-0.197879
30.189333,18.735292,39.339951,149.506393,36.368011,52.996368
7.030447,4.779167,2.232297,15.343501,3.877655,11.761103
32.342007,21.492105,15.103594,73.107109,17.811363,5.717955
10.349440,7.286717,3.940169,9.901711,1.717857,2.596610
21.588957,14.112649,9.052382,87.719475,23.024462,9.946918
18.584002,13.146066,6.046438,31.496946,8.913815,35.333660
24.603352,9.816159,8.698128,47.784496,15.540012,21.350248
37.982616,22.417757,12.492352,95.991920,25.222588,35.332600
20.405632,13.981278,4.564708,16.421885,5.384399,9.162297
15.114898,11.024336,6.111014,29.550524,6.920254,5.202880
19.982574,13.422097,5.621347,40.657581,8.935526,18.494829
5.219732,3.865224,4.726772,28.858816,8.078202,7.542349
20.559566,14.296113,10.618707,13.290524,2.272263,2.769289
20.231554,13.888456,7.471972,6.936171,1.082805,4.706542
12.283390,8.993596,4.167149,20.686020,5.949979,8.188288
61.514771,37.045959,42.638748,80.584297,19.415966,52.108944
59.594395,36.751827,46.940319,269.862976,71.365219,310.467834
10.071864,7.326382,3.650621,54.389961,15.144914,5.150494
7.479762,5.531806,3.418670,3.382293,0.154417,0.067097
10.974380,7.634063,3.213985,57.063976,17.367489,34.443573
6.734430,4.790132,2.242679,2.941914,0.299622,-0.177107
8.847481,6.015974,5.959104,44.912632,12.352265,27.904205
5.863529,4.413248,2.394424,13.554093,4.240533,1.206946
25.028625,15.427094,9.482249,106.313766,27.704849,10.285832
11.201432,7.502331,4.181441,19.499151,4.359262,5.297459
10.727520,7.535724,9.289432,68.744835,20.402113,27.456078
32.868298,18.983692,39.565685,296.218262,75.100388,153.328262
17.714130,12.077761,8.507411,73.068077,19.197088,80.489349
15.676424,10.742404,6.240036,5.089565,0.610335,1.331046
6.731608,4.874373,3.409135,39.203079,11.492654,20.721491
18.978674,13.135776,8.137025,46.266262,10.752123,33.483078
52.512939,30.524460,68.437637,235.886185,62.871056,268.796143
17.717758,12.279338,12.418812,114.501541,29.644899,44.735916
6.509945,4.773289,3.283969,15.549108,4.153773,11.866572
31.295456,21.081196,11.449016,82.655533,21.904539,9.842334
7.259571,5.026121,2.648883,1.608257,0.668191,2.094704
15.719244,10.817593,5.599699,36.624989,10.203114,24.689199
37.707829,24.382996,15.735928,96.292938,23.644764,15.188087
10.445342,7.715455,3.419801,26.458235,5.878892,3.321581
9.254444,6.218161,2.495500,32.816261,10.066476,30.404152
12.457701,9.060047,4.609384,32.996090,9.633953,21.243515
31.195852,21.010399,10.293057,57.187912,16.505369,35.378483
22.740881,15.374803,7.213957,42.155983,11.524983,6.187671
31.562157,13.214760,29.807074,125.479637,37.503998,148.347519
43.476288,15.126516,27.125277,160.666565,42.280228,130.520508
26.104597,17.997759,7.959980,47.849384,13.578844,19.649038
20.607985,13.606826,7.145967,40.207355,11.708051,29.028507
17.085394,11.744460,20.945610,130.515289,34.714657,28.313126
31.261492,19.588490,14.631754,109.274841,25.630896,20.514818
24.858435,17.086901,7.715240,61.959232,17.195837,67.958832
26.210176,18.207422,7.398286,46.248158,12.717960,4.001774
31.138206,20.984966,12.906306,80.079704,22.921108,18.776339
8.565556,5.986257,3.942351,20.777939,6.360808,4.919329
6.624663,4.697701,6.633351,22.064983,6.101381,6.598113
28.200590,19.314260,18.376949,110.020515,32.779514,59.605873
14.495169,10.208374,6.326469,40.840336,11.510555,40.830708
11.532824,8.381063,4.387695,1.793054,0.638505,5.120880
20.192581,14.093991,6.238182,14.385883,3.559810,5.344897
30.683027,19.890530,14.873126,97.678772,24.419416,22.796383
13.731528,9.630302,5.768638,26.083658,7.268564,12.018382
19.566795,13.333955,17.582069,76.744797,19.658195,12.734812
7.196458,4.974305,4.152925,31.028090,8.700152,5.339938
25.955109,17.970135,9.230664,9.445272,1.854722,1.049652
25.462931,16.981226,8.872806,64.324364,14.443091,9.083838
8.491579,6.287883,3.287095,7.076324,1.560425,3.448164
9.173221,6.640707,11.465487,71.903854,16.733791,14.677284
17.176186,12.088170,6.103272,33.890720,9.278659,14.065490
16.128040,11.541112,5.875661,4.753064,1.149018,2.672632
24.538145,16.941618,15.070824,63.831173,15.836855,11.199307
11.389251,8.236648,5.863869,34.806416,8.159796,3.625850
9.216291,6.623868,3.704545,4.423246,0.847553,1.999127
11.381744,7.918108,4.423110,2.413509,0.502218,3.361999
17.737545,12.191174,5.963619,31.957493,9.491642,45.474270
50.602562,27.514595,33.026031,237.562103,60.417244,62.922478
4.974655,3.807750,3.228203,23.940485,5.808641,4.119436
60.702702,35.116467,24.320137,135.844223,35.754463,131.094666
13.625988,9.520905,4.704664,3.583685,1.224101,27.189192
7.501354,5.449126,4.003193,33.763260,8.741313,2.948366
6.600786,4.708735,3.844273,23.351618,5.757289,7.186570
19.272125,13.432095,7.403109,87.721703,21.451942,18.717482
24.863550,17.039530,12.164003,80.329414,20.597466,13.182306
4.114609,3.043675,2.403693,16.315931,3.418488,2.007995
16.231619,11.438503,5.051847,57.577003,14.013843,6.270216
21.455130,15.353378,10.397593,56.226070,14.154064,22.460819
18.391733,12.801157,7.300315,64.111427,15.911473,7.624310
15.933644,11.170152,8.525095,37.079258,11.251843,28.227777
17.604630,11.967301,7.553049,51.939228,14.582060,32.198883
8.841949,6.227040,4.276230,12.261276,2.966406,23.646200
11.243421,7.827379,4.429966,28.408340,6.679967,3.848166
34.258835,22.629667,15.660276,98.351479,24.768557,20.157770
16.056215,10.636539,5.175239,39.003380,11.029746,36.431889
14.351689,10.389459,4.349484,18.996750,5.024632,4.770063
32.901402,22.027548,15.381927,150.558090,38.266651,53.744614
19.092339,11.851122,8.411556,42.984097,9.093221,7.783452
26.645798,17.594217,7.621970,39.112370,9.839557,12.643791
9.295424,6.957709,4.070364,18.041807,4.139086,1.679635
15.128772,10.914338,5.562320,23.952366,5.635344,4.787183
24.122953,16.295975,5.788117,63.993252,17.628647,13.100676
9.447094,6.763495,5.903905,7.039271,1.918400,10.923426
20.839752,14.032976,8.225117,43.162113,9.428345,5.565555
22.559525,15.132006,10.494919,58.318550,16.869177,9.053190
5.892979,3.952081,2.584828,22.006784,4.686513,3.093686
31.297180,20.287588,22.244843,110.077034,26.858562,19.377493
21.692791,14.225657,36.035179,233.924988,61.417236,62.393085
7.694739,5.186926,1.846329,10.301828,2.834282,8.018420
15.853710,10.932928,5.247926,35.893730,9.962910,27.902832
18.149586,12.213630,6.157899,55.826241,12.278718,19.074781
6.456944,4.751240,2.731109,2.053560,0.516016,4.507073
9.990408,6.680834,3.923554,3.928930,0.423573,0.356347
12.922554,9.249379,3.917939,23.701311,7.631339,4.916701
29.726067,20.540901,10.556280,63.947922,15.106634,5.113317
15.156680,10.411422,7.292906,46.931736,14.311797,9.941986
11.081249,3.911967,3.315022,1.802159,0.573189,3.480524
54.441936,31.455416,24.216330,34.925793,9.274889,34.208145
12.581705,8.378258,16.589758,97.420753,25.196289,120.844315
9.260821,6.785920,3.614798,24.309000,5.392533,7.958560
23.401495,16.270559,8.865455,29.496744,7.345714,24.387606
22.373409,15.256810,10.126863,6.656263,1.012796,2.949258
31.655844,21.718378,11.642138,42.969601,10.206901,9.400012
10.817539,7.542089,4.475325,23.869516,5.585269,3.725398
14.271229,9.665619,4.773615,5.018095,1.106526,4.248142
25.198439,17.001688,11.323865,20.666401,5.630864,19.577450
7.534492,5.650224,3.527359,17.390697,4.983215,3.271176
12.398401,8.591125,13.902533,114.533417,34.144062,149.468048
13.340185,9.490942,4.954119,28.733183,7.240917,6.137595
14.581246,10.254572,5.941603,30.768639,7.456525,5.730819
7.284789,5.136301,2.994746,11.841743,2.941443,5.295752
9.202913,6.749298,3.248222,18.080639,4.439287,2.249569
22.974356,16.267105,7.772232,6.557046,0.500375,2.267894
37.429501,23.557222,40.269981,90.441994,25.707180,97.384750
20.748306,13.784195,6.381469,49.070442,13.127464,10.745127
20.379803,14.344876,8.922744,54.538204,14.663249,22.153099
31.585951,20.419159,11.528742,48.303986,11.197052,31.585325
22.902632,15.534459,8.707074,50.162964,10.633677,7.004255
44.620556,30.675400,12.612605,108.622589,31.856806,68.478134
18.065842,12.437721,5.686612,55.057896,12.135435,9.060427
51.426655,31.435612,27.276939,104.088829,21.593542,20.724190
12.229557,8.982152,4.934063,15.952945,4.208869,12.909479
8.952378,6.387677,3.277815,22.194908,4.543189,3.292271
11.675353,8.574673,6.399749,50.761002,11.646894,11.085369
4.758880,3.354545,3.090741,26.283819,6.455711,2.252909
14.942842,10.340028,6.047713,35.000629,7.844489,3.352376
33.828377,21.521418,29.036434,120.961739,28.935331,52.858746
19.112297,13.191866,8.825111,35.406662,10.099908,11.485087
14.177936,9.954667,7.644826,68.785133,18.126078,12.377520
49.371960,28.934889,42.795193,35.653233,7.913781,28.753365
9.093007,6.913531,3.542949,4.017339,0.322968,0.919502
13.698136,9.760071,5.319677,5.671158,0.131203,0.675351
8.247353,5.702265,3.672519,2.881388,0.635148,0.135972
31.994398,21.506430,8.965888,52.142166,13.372524,41.033257
7.124470,4.869043,5.841774,19.798712,4.049545,14.994381
14.732650,10.203529,4.917186,57.187157,16.617218,4.457250
10.684626,7.847774,4.538935,19.154871,4.494444,3.641440
32.419437,21.987883,8.511929,71.555351,18.224594,6.679440
17.569586,12.609245,5.377962,22.339888,6.531098,13.418085
12.999367,8.835436,4.730662,13.397969,3.911651,9.559773
48.380352,28.798450,21.420225,263.510803,65.814583,26.518911
17.259106,11.823192,5.832570,75.640366,19.020994,12.476275
38.856018,25.014660,40.073872,166.617615,41.853321,73.849556
38.580246,23.732313,11.865287,114.835953,30.895281,6.819121
25.830112,13.098539,20.928440,119.709000,30.511053,74.465118
11.344406,8.004350,5.155367,9.748865,3.869301,10.833561
8.591228,5.862226,3.857142,11.188789,3.236751,0.834206
11.951372,8.478528,4.585482,1.130053,0.757674,1.874331
38.805103,24.612522,32.906952,190.162476,52.102985,108.514999
86.357727,40.807312,33.730576,183.638763,47.213539,132.548508
29.862333,20.409464,13.613109,55.852699,15.652506,49.299061
16.180288,11.531664,5.624955,32.042423,9.180653,11.404361
6.408332,4.576470,2.968426,22.511662,6.582545,4.256166
12.656006,8.577004,5.120659,41.662922,10.758572,4.770478
19.592607,13.153446,10.786833,34.357048,8.446688,10.789924
18.665354,12.914244,7.010737,29.044994,7.204960,15.327889
13.968145,10.216231,5.250035,30.746723,7.404538,6.043552
12.266198,8.823349,6.068860,21.134563,5.363312,5.711975
11.392474,7.935202,4.677526,58.649639,15.240942,16.217552
15.933693,11.315524,6.766713,28.476814,6.353448,7.242573
10.635261,7.694786,3.813211,3.335239,0.550825,1.561280
12.909369,9.299534,4.105247,43.688900,12.410127,13.919291
9.461232,6.419199,4.085326,2.155614,0.544425,1.836646
14.771948,10.568900,4.913782,27.062784,5.361707,5.068899
8.614649,5.991508,11.183867,65.245560,15.090446,20.565550
13.300330,9.006830,4.899492,5.443222,0.545780,0.952506
8.132288,6.024492,2.512959,8.909196,2.307114,4.909945
9.518262,6.473471,3.205625,46.605244,12.407423,5.278773
7.734394,5.718660,4.100246,61.444721,15.925394,4.980880
10.612220,7.495894,2.837308,19.642300,4.088219,9.871556
8.867103,6.141551,4.040324,24.269152,7.083937,4.369454
34.978737,23.003002,17.140276,79.127228,19.928944,29.997736
9.237147,6.737201,3.578472,14.148364,3.828850,3.681230
15.165164,10.464702,3.861668,12.904140,3.106658,2.584332
9.931584,6.956020,10.144594,10.179112,2.442724,4.136642
37.426865,24.536903,18.134274,64.099731,18.464056,13.138030
26.860373,17.852892,9.714771,64.680122,14.694691,13.545159
12.369745,8.425344,4.649648,20.588806,5.070867,6.018711
24.828150,16.194338,11.014851,19.188297,5.206478,12.863164
17.683538,12.389227,6.886957,51.411102,12.935748,4.628202
13.819601,8.502861,4.180112,35.443680,8.875039,7.372044
37.494347,23.243208,27.426079,154.213242,42.082802,112.080414
18.111584,12.239903,10.630883,75.396324,21.560526,24.119995
8.692632,6.076033,3.425722,23.638239,6.769865,5.230628
39.388428,26.384388,16.017410,129.089386,33.036800,53.961861
14.633782,9.863142,4.876134,5.526375,1.363896,16.900059
7.984324,5.437112,3.485169,44.256367,11.804769,14.090450
26.382959,18.001474,8.932655,31.189911,8.400312,9.668669
20.738283,13.992045,6.271664,65.781105,18.701607,9.526837
8.234285,6.144182,2.965274,38.720016,10.641876,4.376924
23.496655,8.146407,14.604589,80.923645,29.916822,115.193932
59.831337,36.830948,70.072304,362.718048,95.282921,259.510132
14.911890,10.276684,5.984660,6.502697,1.531587,15.389854
11.350691,7.685596,4.797563,64.638008,15.452772,32.251083
15.351150,10.488454,8.149528,43.858990,11.203468,3.270614
25.361477,17.562355,9.307182,15.252323,3.369918,10.159417
30.265856,20.009317,10.304097,44.443260,8.537724,15.846643
29.280012,19.110937,32.540142,220.412766,61.273010,188.538635
31.527601,20.324162,19.922232,179.502838,48.614017,167.370544
7.291850,5.380160,2.738882,9.730149,2.924770,2.325686
17.964243,11.974852,4.454063,50.416126,15.746867,84.387573
11.300912,7.635756,5.202016,48.182598,11.715676,10.465118
18.832155,13.240468,7.986996,28.781994,8.371693,21.956617
7.918309,5.781334,4.192784,16.281712,4.672793,26.189590
18.507282,12.508010,12.744955,127.293198,34.240913,16.579630
6.908909,4.870504,2.958477,2.063182,-0.108010,2.465304
30.758970,19.076794,20.106262,149.748611,37.717102,26.293604
8.056958,5.722699,3.321578,18.455873,4.859176,15.868412
11.748683,8.074378,4.527632,6.440967,1.208716,1.452603
11.637732,8.256067,4.798307,44.582653,12.442779,3.176434
21.537691,15.321992,8.904186,34.690392,9.926855,20.181618
22.161631,14.979718,10.967941,185.138153,49.156799,11.311220
20.335224,13.632565,7.028600,31.689749,8.987039,8.073467
7.497177,5.122303,4.178398,11.439479,2.716685,2.631927
32.780102,20.626905,23.395193,189.089661,54.247063,193.968597
36.332180,23.948189,19.306892,105.981033,26.221085,13.623566
11.534909,7.704938,4.632862,29.451847,7.559727,4.252203
14.851201,10.011806,8.006472,51.802349,12.421238,9.061516
28.295225,19.408010,11.652721,50.197956,11.113448,9.842131
46.951015,25.481777,64.655922,391.540497,104.624840,89.258087
38.328014,25.487000,18.766434,109.005547,27.272551,17.444748
20.119129,13.739420,11.759352,39.426006,10.838464,23.659153
21.097967,14.177178,9.954760,39.990162,10.326088,17.063074
7.694458,5.375279,3.872667,11.168444,2.741122,3.651530
13.211821,9.250602,3.335158,51.947842,16.066767,7.716086
8.625134,5.975466,3.468800,30.931011,9.417443,14.925862
5.293133,3.743258,3.888199,77.588364,20.270300,42.991974
9.685357,7.029016,4.601055,14.646369,2.423715,1.141480
18.819094,13.066711,7.015383,28.017391,5.754567,2.859542
9.602489,6.505620,3.245567,10.658161,2.688327,0.010796
23.812111,16.282974,6.581031,38.188057,10.795270,46.091209
21.472733,15.017034,19.642330,81.080086,19.681511,23.802485
11.123198,8.074490,3.848126,21.523031,5.109377,15.153353
32.781406,18.015594,12.466435,72.350906,22.248447,41.551743
21.918985,11.483226,5.730690,82.642883,19.341761,17.144833
20.301195,14.289370,8.449638,21.058777,4.173249,9.218241
24.340446,16.203575,8.439803,32.497425,7.566973,11.156212
11.075417,7.774291,5.246141,33.729649,9.909579,4.170156
59.710934,36.167229,30.897682,91.642990,26.895422,28.693193
7.253531,5.081539,2.394020,1.891611,0.524234,7.960653
13.019697,9.150996,4.732494,10.700159,2.431153,2.692746
22.323729,15.863832,12.056043,83.906746,22.924908,12.429918
7.559293,5.480690,2.200281,17.331928,4.143442,9.111953
9.538480,6.883583,3.778110,27.642500,7.868441,3.304210
12.010912,8.161056,4.327627,43.344776,11.222262,8.953954
6.877599,4.868455,3.355349,19.642670,4.952485,7.068639
51.836876,30.851940,42.589989,101.784393,28.431324,37.351746
4.385540,3.067824,2.265452,31.775270,10.052938,32.851360
8.221325,5.697771,2.033794,16.165339,5.028608,14.031833
20.160551,13.642452,9.858975,35.231358,9.982167,30.183830
21.340969,14.306819,8.791697,68.352303,15.779372,8.096479
17.195665,11.518238,4.901217,63.025562,14.331440,11.010695
7.021697,4.771957,1.438378,14.862791,4.303597,9.295582
6.645224,4.781199,1.598753,21.894684,5.932735,10.778632
12.719794,8.798071,4.573454,11.741622,2.751802,3.498276
31.612694,20.662821,32.250820,139.627136,34.709034,76.757736
42.762508,27.356236,14.092988,48.119179,10.965696,18.775030
31.551811,21.027899,14.357542,64.503914,14.561557,14.043223
13.387013,9.258643,4.963238,28.976934,8.320746,3.961491
5.295380,3.625867,2.244801,1.613760,0.958225,11.478634
34.099163,22.489027,9.189757,54.997936,12.421602,10.483953
41.848221,25.230989,20.943830,173.496277,47.476746,107.906860
4.755132,3.276004,2.937368,1.070783,0.222924,0.841388
5.890652,4.295433,3.331465,21.522093,4.896441,8.355241
21.602669,15.128471,7.120491,35.595993,10.197174,10.103987
10.254103,7.236961,3.742542,8.755544,2.236489,3.558369
33.021160,21.930971,14.049441,44.030201,9.442113,14.737066
5.520029,3.764923,2.828002,22.967575,5.759434,3.042112
13.724249,9.844360,6.213430,28.589376,6.812201,8.307316
23.317938,15.665475,9.725322,67.790283,16.574947,23.840322
11.560975,8.051763,4.479428,8.332770,1.967493,2.527076
23.928980,16.282038,21.748446,60.276955,15.638726,53.725285
12.637319,8.438856,9.989713,70.118927,16.169262,16.886274
14.986722,10.286092,5.039073,37.173691,11.870514,6.734685
42.927361,27.455154,25.841862,112.256020,27.044231,15.183268
9.694921,6.809467,3.158246,2.986601,0.698289,19.171021
18.989134,12.905806,6.624857,42.537220,10.004327,11.112358
12.301786,8.711466,4.513782,30.872349,7.929387,5.864788
23.538713,15.600586,8.939405,20.353594,5.860429,7.650629
5.194903,3.927839,1.693949,10.080564,3.731179,7.829749
14.917428,10.417974,2.833922,38.489502,10.922934,6.668645
17.880381,12.694500,10.837918,68.287598,15.381950,15.027980
33.817585,22.610472,11.391311,59.120312,13.179498,12.089539
8.641877,6.007112,4.202292,14.649811,5.457932,20.158796
23.674747,15.832463,16.357283,74.679825,16.890923,18.718908
8.349527,5.948232,3.408191,24.913244,6.434008,2.899221
20.829245,13.999299,12.041622,44.391628,11.849231,12.984254
13.778766,9.918590,4.530856,5.113958,1.209333,5.375676
6.352648,4.605790,1.907654,10.535692,2.643462,5.378930
31.747408,20.641109,17.003046,123.746712,33.051582,49.447933
18.917879,12.326160,13.621366,108.006882,28.112881,8.959126
22.409300,15.245557,12.602344,100.961472,24.780039,27.262754
30.627375,17.241226,52.980556,282.484375,75.995705,340.064941
21.852825,15.264503,6.113397,47.115257,11.271246,8.089516
13.404202,9.407098,3.510137,25.311287,5.739647,13.882686
15.787333,10.852993,11.475240,82.924393,19.508261,39.232677
22.421129,15.672313,10.856681,46.216953,11.722392,30.301764
20.692934,14.280180,5.610709,38.694683,8.916885,7.735306
60.072006,32.322124,69.806770,353.912262,91.410294,215.377899
4.523189,3.111579,2.168291,2.900671,0.578601,2.382510
12.859848,8.974449,4.419577,26.820219,7.230029,4.283205
7.034351,4.893471,2.974520,17.998440,4.922442,13.747407
17.953119,12.315542,6.903520,110.664352,28.749685,16.487429
12.881900,9.075382,8.416872,42.430668,9.065083,7.888536
13.765850,9.703690,5.301892,31.005180,9.104220,18.707541
15.642852,10.964387,5.476332,31.752712,8.729998,4.134057
28.660690,19.889336,6.012946,38.731968,11.785371,75.783669
14.852112,10.473874,4.031581,18.294142,4.190475,9.485500
4.284926,3.012711,4.453081,14.936440,3.623597,3.722302
9.743488,6.952463,4.276686,12.466867,3.686905,3.048649
16.214888,11.245560,6.475404,4.467754,0.790545,3.734214
8.218389,5.692910,3.945469,19.432854,5.104381,13.240701
12.538201,8.788578,4.397160,27.558720,6.210215,4.277108
19.456974,13.914680,6.676155,22.669561,4.804707,7.673164
20.271002,14.183393,8.351953,65.745071,19.119476,71.307243
33.207779,21.691200,9.874100,57.401932,14.297303,32.339596
13.932522,9.496908,4.438363,34.689384,8.380245,1.965731
8.944576,6.432559,3.733622,3.109068,0.278118,0.424626
8.969592,6.323492,4.164496,25.771255,6.053268,6.884665
7.423546,5.445265,3.733801,15.931219,4.904058,7.360850
9.263059,6.751429,4.213670,20.033802,5.979502,3.074266
17.077730,11.547539,6.428490,7.981064,1.054208,1.639960
4.718878,3.568896,1.774016,28.107891,9.508944,2.485893
15.126806,10.762300,6.075603,19.422762,5.358448,3.044339
17.208735,12.217896,7.136964,40.546116,12.252839,17.170525
14.248929,9.548840,17.728800,94.104149,29.370312,28.620214
10.100961,7.325145,3.965104,35.015781,9.671405,34.508999
84.952377,49.081852,73.327332,161.713120,37.652607,79.915955
13.876229,10.084818,4.066174,24.972630,6.947878,28.543716
17.971613,12.237744,5.984989,65.089981,18.371025,58.195919
29.084064,19.889187,13.291811,52.218388,13.624868,7.871512
22.223106,15.401440,8.437458,54.096813,13.323628,18.927498
5.731005,4.022315,2.791620,14.905751,3.609343,2.814246
9.122557,6.342815,4.069114,11.723323,2.699728,2.623957
58.960457,34.653507,29.037113,93.439545,24.365143,43.128487
4.226049,3.158205,1.123439,8.261896,2.176859,6.238377
7.975872,5.527021,3.178441,27.580585,6.476130,17.953074
19.839128,13.324499,24.018883,132.483368,36.065411,67.430428
17.262848,11.211628,5.868428,33.107536,8.223642,17.326239
20.303957,14.495291,7.091880,31.952354,8.772204,10.421513
26.471603,17.885134,10.128570,53.547329,12.806340,6.998012
7.425386,5.413296,4.114493,19.604008,4.870644,2.499458
29.936943,20.685720,11.975140,65.189484,16.363136,8.965152
19.445772,13.563838,9.542756,26.732038,7.397115,23.531649
6.647797,4.903450,3.579191,7.701994,2.381046,4.434431
22.312347,16.213108,7.097312,80.818222,21.067524,9.631699
11.286666,8.301011,3.531070,37.953907,9.271750,2.418776
28.438375,19.738522,9.101595,35.465897,8.264153,11.001541
21.207996,15.136092,6.203572,8.081346,2.598477,8.969335
11.767606,8.369346,4.892681,15.567684,3.347970,3.737019
24.640638,16.863907,12.109881,8.722918,1.945083,14.419988
4.782794,3.114813,2.537967,26.170067,7.067555,2.665147
15.669281,11.083952,7.469800,16.779785,4.011748,5.856966
9.984768,7.014004,2.435940,19.787563,5.355501,10.965384
12.706446,8.667905,6.023059,45.836487,14.613487,9.463943
32.777245,20.582935,23.825129,157.174988,41.178623,51.758602
21.375292,14.559490,9.023705,29.127750,7.195755,10.221976
19.630241,12.951260,40.506355,224.487717,60.040920,93.361519
28.777277,18.723152,8.665926,50.031681,12.541232,17.722857
32.760242,19.365795,10.180322,66.065331,16.038452,16.517998
13.614869,8.286928,23.957565,92.672562,24.527029,15.207235
15.638338,10.567623,5.348324,37.061657,7.982208,9.144503
52.850853,23.220072,17.726738,107.705276,27.707829,25.355898
44.705830,21.358107,16.057955,121.547501,28.376299,19.945663
13.315059,9.296717,10.360924,78.744591,18.504025,22.156431
12.282605,8.511602,5.632723,19.791059,5.765872,4.975179
20.634111,14.450505,7.654626,41.026211,10.925569,6.331003
12.214464,8.977206,5.403808,12.800173,2.663685,7.540308
16.684074,10.949473,11.038009,130.884415,33.629959,15.816234
11.407575,7.860287,5.108259,23.991772,6.710857,2.766242
29.799023,20.157494,12.287875,107.222984,25.339605,43.557381
6.646692,5.096207,3.241882,12.940988,3.301518,3.305900
46.976665,30.563126,25.224882,146.924026,34.955742,30.090467
30.827536,19.019873,18.874094,140.694931,39.221226,116.570045
17.267164,8.094194,40.748276,316.897919,87.373230,130.372696
29.736786,15.182644,33.004452,283.458771,68.886116,65.594643
31.119495,18.022995,18.126606,90.841438,24.206917,27.873734
4.915631,3.738729,2.643413,16.713713,4.328939,2.416489
23.328653,15.734408,8.584500,44.847679,13.001678,4.425560
8.961850,6.443090,7.096400,33.045902,8.110775,9.309680
8.271567,5.989918,1.913923,27.424692,7.393720,23.443096
13.758785,9.553624,5.156751,6.665045,1.199940,9.679392
13.376170,9.071349,7.590980,7.887047,1.833581,10.271656
15.949069,11.020503,14.819375,146.407547,40.602001,81.709953
20.215834,13.752035,7.283198,31.677845,8.501853,4.952903
9.733520,7.194078,4.424052,10.446042,3.510794,12.968018
24.815929,17.056170,8.126651,48.621624,10.419394,10.442089
7.497676,5.466498,2.907236,16.910217,4.829563,18.936277
5.591152,3.717177,5.497585,49.958450,13.152287,8.281018
5.913616,3.935599,2.965879,15.994586,4.065659,6.637384
15.511546,10.755279,7.508512,92.366005,25.518921,7.208314
9.745865,6.504055,4.862651,16.457159,4.867572,4.653141
29.515093,19.748257,9.203586,36.900238,10.057693,13.416750
8.222668,5.756660,1.619236,19.840574,4.043111,11.366014
9.507996,6.933617,4.265281,112.044296,28.734161,5.568027
48.788712,27.814392,29.984713,250.101776,63.544014,42.934139
14.717554,10.228694,4.267717,36.139458,8.636377,3.587909
9.232860,6.302062,3.210418,20.752487,4.110909,2.468011
6.771939,4.791338,2.921124,3.301074,0.675460,1.145203
9.231920,6.408401,2.444521,27.744921,6.114108,14.266034
13.766771,9.569415,5.516372,15.561730,4.111351,14.107321
24.734297,16.810843,6.633525,44.117390,11.214156,10.120307
5.880489,3.897186,2.674613,3.325186,0.584497,1.049920
19.762657,13.508615,16.843798,131.051300,35.226784,65.821030
16.548502,11.798273,6.161837,18.328068,4.537224,5.088034
21.202316,14.730383,11.319479,22.424290,5.544653,6.730796
36.202229,23.481178,10.970166,71.517059,17.527367,33.072109
16.580557,11.667380,6.190480,3.524376,0.730436,3.728846
6.385259,4.618960,3.210185,17.871231,4.427805,0.498077
26.884184,18.223669,7.888721,46.363297,10.782895,34.625793
11.657416,8.558990,2.400740,17.439283,4.245237,12.407047
64.092133,36.454853,79.739334,476.300446,117.284935,144.940796
30.291613,20.677015,9.881074,42.247318,9.974948,10.482450
10.505519,7.437150,5.291673,14.846287,2.498855,3.654549
8.160603,5.865863,4.393213,12.401758,2.995560,2.651813
22.219639,9.869073,8.505507,40.599140,10.437307,11.084187
27.809601,18.014259,17.923853,77.861565,21.160595,61.753460
33.034763,22.022495,18.901436,21.541147,3.703876,13.490350
78.606972,39.345322,100.031693,566.739258,144.799774,130.530899
17.309610,12.306298,6.173843,15.569777,3.134532,3.904479
28.889734,18.737038,10.402859,60.501656,16.579689,29.298603
7.881589,5.725849,3.718546,3.294719,0.196483,0.670548
6.155188,4.319003,1.480774,11.908363,3.260581,6.624036
18.295887,12.554632,6.801243,20.612099,6.802432,5.318590
8.295298,5.725699,3.061374,41.884308,11.232237,9.255778
5.087907,3.433326,3.023761,2.546580,0.179855,3.959983
82.341995,44.842239,40.798965,159.974106,43.291161,145.860153
35.248474,22.732874,11.717006,81.164360,20.372141,31.300440
26.979366,18.645781,14.966024,75.127594,17.258461,27.177195
50.832893,30.801302,20.343166,120.170258,28.891346,40.123920
24.173845,16.655319,6.969835,45.284836,12.760966,87.790504
16.829580,11.692802,8.688928,43.093952,11.441241,16.229599
19.982479,13.459985,6.814505,34.535553,7.591470,5.944623
18.967846,12.902933,8.282506,49.907909,12.059120,16.165699
24.276188,17.015875,9.183790,38.638477,10.469378,8.738452
21.510469,14.703292,6.759730,64.050819,17.297609,15.919943
6.903449,4.653056,3.168486,3.846922,0.893671,0.384303
35.158054,20.860361,50.653736,194.031723,47.017967,59.416962
13.111120,8.851987,5.185401,25.806250,7.222112,9.705444
6.717721,4.609921,3.286465,19.322674,5.064792,2.754813
18.783499,12.978204,6.676506,32.832256,7.844289,9.533773
15.674120,10.982805,6.478214,60.278030,17.384365,21.417345
8.558007,6.161493,3.476981,41.859615,13.885545,21.000410
4.216299,3.174151,2.382006,0.679221,0.168890,0.512127
18.154999,12.505927,7.898412,39.833385,11.031272,15.189315
13.376851,9.573462,5.560448,16.106207,4.711451,5.352764
9.619184,6.654587,3.864903,22.622583,5.427438,4.958140
56.433990,34.247780,58.947002,280.232056,67.666031,73.059578
16.715073,11.525290,5.670570,15.875273,3.007835,4.145109
13.999670,9.339095,4.608480,34.821846,10.105913,6.703871
24.542339,17.275480,10.739339,41.502384,9.490987,15.482043
29.453947,19.859667,8.693252,12.748458,2.842307,9.122854
41.832550,26.373117,18.006363,98.364532,23.346941,19.678305
15.376975,10.259498,5.870580,22.135601,7.163081,3.372436
14.329446,9.798232,5.231251,8.347282,2.844930,3.938666
13.871792,9.701404,4.690447,49.828938,12.851825,6.652982
16.258900,11.416733,6.446299,25.147387,7.700957,16.289619
28.509495,19.407658,10.558464,84.846970,20.987207,15.525826
21.027035,14.612697,6.293518,87.028923,21.643900,10.336984
17.795637,11.788214,7.375968,45.524452,13.022005,6.996333
10.316990,7.222349,4.247735,49.587261,14.966805,2.870167
34.281315,22.702414,12.534909,67.817352,15.846811,19.979174
12.666141,9.221550,3.866492,29.176481,7.576869,1.206770
12.372206,8.716598,4.558446,17.223038,4.762955,4.262039
27.616858,18.382057,9.732949,40.359592,9.075091,4.561663
31.633001,21.027956,13.321808,41.093563,8.852740,3.723836
4.891684,3.559435,2.452157,14.200269,3.783783,2.070309
20.286404,13.929437,24.368563,194.341339,52.260159,12.118960
28.802044,18.482235,7.776045,100.492348,26.102634,21.426889
16.166201,11.124841,6.809730,31.354103,6.645243,19.286015
6.946562,4.886119,1.769410,10.969230,2.134421,7.707055
42.448467,26.117046,14.427211,51.756897,11.821426,21.803280
9.486993,6.938508,4.041065,1.649945,0.698339,0.091536
13.299204,8.798654,13.143175,92.354805,24.873232,18.393396
6.543783,4.567069,3.109700,18.023926,6.068625,3.775635
14.320097,10.045310,4.156680,31.063734,8.202922,7.253058
16.800253,11.685218,5.775138,3.960643,0.866433,5.383034
54.892155,34.046818,22.085447,158.371078,45.780319,191.433273
23.369724,15.422037,10.957435,79.830452,19.757030,6.535221
32.966419,22.039450,9.678468,40.367527,10.906596,25.369228
24.115925,16.396734,6.013146,47.056461,13.579321,74.246300
9.715727,6.564578,2.645341,11.724798,2.577186,8.717122
13.533947,9.296017,6.476026,22.516001,5.547453,5.497630
20.876259,14.617938,6.139848,39.804222,12.001111,6.913597
6.284698,4.399155,2.622411,0.766796,0.795249,2.893284
55.763905,33.527237,18.365629,159.649857,41.323315,110.091141
8.638006,6.042700,3.602714,36.319317,9.682756,0.162776
10.275872,7.196269,3.988880,78.271240,18.314571,3.438634
11.297900,8.089725,6.471952,6.503540,0.887542,2.201590
12.230972,8.658648,3.884925,17.103199,4.773221,7.294013
25.318441,16.948336,8.951994,31.227518,8.416360,26.714443
13.033434,9.063458,4.889204,6.674963,0.742117,2.122473
12.249450,8.188530,5.197279,22.907434,5.245467,3.506937
11.478090,7.775103,3.354181,45.338581,10.600737,8.046219
13.536201,9.651569,4.835193,18.309383,4.738940,3.479399
8.571584,6.097602,3.141238,18.111837,5.438648,3.208592
8.072060,5.662681,6.398900,28.428789,8.999291,6.981517
6.514407,5.015504,2.756282,9.014280,4.067817,20.984587
23.436905,15.633835,5.702533,33.171646,6.857958,7.436523
10.686080,7.725764,3.277624,28.285681,7.787595,18.602036
32.428150,21.299721,10.281768,124.412445,32.309723,28.898355
14.018521,9.888548,5.688920,4.267255,0.787032,12.271987
23.509714,15.693176,8.352924,45.964672,13.282813,52.276611
34.189354,22.565538,11.364422,62.589504,16.310947,15.981874
11.021234,8.264576,3.677299,43.983372,12.466836,14.309557
10.316564,7.383663,2.761602,54.632549,12.407570,10.416883
27.503479,15.777020,7.551836,28.979359,7.094390,12.417212
21.898226,13.464011,9.230773,34.653889,7.558502,8.535467
11.290397,8.069896,2.977522,25.325422,6.489116,8.486382
7.785370,5.134824,1.640230,22.376955,5.983368,19.199858
4.484378,3.375597,2.861357,13.273039,3.880636,3.116964
6.544486,4.370083,3.397643,16.659924,4.929305,1.750800
13.499895,9.713723,8.594692,55.859058,13.787079,20.315020
17.089884,12.019796,5.787474,41.851803,9.630634,6.710208
39.385857,24.778366,31.570803,221.974289,59.599419,159.272705
20.352757,14.137055,5.479168,19.369907,5.109996,24.153294
20.710133,14.319136,6.589731,38.500835,9.032703,5.975543
32.997448,21.973173,17.193504,97.906731,23.851837,14.253757
7.646441,5.319591,4.128974,13.807387,3.122692,4.030618
20.941738,14.823892,7.371789,55.618980,15.889967,14.772917
30.546701,20.524021,8.850528,25.420866,6.263857,4.356349
10.510765,7.803615,3.976214,54.588108,15.630141,6.056737
12.961718,9.143021,4.831071,19.848030,5.418145,4.717320
11.246958,8.187583,4.378214,33.919334,8.001549,9.577857
7.285517,3.050682,3.420695,21.586687,5.940910,10.432768
6.664193,2.994127,3.311377,21.811926,5.506975,9.968564
27.268471,16.836559,24.663202,196.741959,61.048378,197.846512
7.443104,5.495814,4.393974,36.813171,9.988268,12.268923
13.529161,9.316874,5.548409,3.802143,0.561078,3.813709
16.368847,11.567858,5.068174,31.515099,8.271957,12.097483
11.185189,7.901485,5.444904,2.852932,0.602840,1.513595
16.508821,10.845412,36.958801,201.844925,52.270233,65.427513
31.660397,20.138617,35.893227,114.695343,24.692585,41.780640
19.586678,13.497298,4.959844,33.803478,9.802746,40.513031
12.102251,8.747591,5.402138,10.760528,2.949485,3.495559
15.548673,11.064074,5.606062,20.378399,5.382036,4.555216
18.874823,12.927598,6.866463,72.204041,21.887390,8.507920
8.226404,6.041409,3.245559,14.570552,4.170450,3.784431
41.966064,26.086493,25.402241,124.616280,34.275513,67.727470
36.479050,21.318338,25.678473,144.878189,36.029976,139.362518
27.950151,18.619139,15.166045,215.590897,61.077766,49.999702
10.460040,7.263427,3.431192,20.491268,5.515243,7.918006
16.548489,11.797200,6.431968,60.571415,18.938137,38.539318
16.245657,11.151255,9.590193,52.562038,13.035996,36.095779
9.716611,7.180965,4.332409,26.032797,5.875237,6.339321
14.278060,9.879620,4.277921,46.403191,11.106424,12.909544
29.072212,18.976851,16.356447,102.274132,25.592691,14.084788
25.242863,17.187025,11.206433,56.682167,16.449007,19.197016
6.767685,5.033705,3.135405,12.334006,3.915852,1.904600
8.109264,5.732869,3.295515,13.540557,2.684401,5.075513
19.714493,13.490878,8.551062,29.385588,7.213898,9.052569
12.071742,8.112626,4.332955,52.252312,14.163740,6.448282
40.754868,25.949615,12.315892,87.902817,20.258205,16.818626
17.518425,12.432279,6.419581,11.998045,3.148803,8.134405
12.953385,9.045164,4.583098,4.709719,0.850486,2.878942
9.220675,6.538724,4.028908,20.620663,5.924401,5.693127
5.783489,4.623073,3.491416,48.750317,11.308664,7.697642
22.419024,14.235814,35.049294,240.410507,62.877266,71.613197
19.847803,14.094501,10.955344,52.567860,13.562854,32.797184
5.578047,4.022026,2.926090,17.942991,4.532320,1.755625
42.902157,27.184286,20.064304,83.253883,19.736067,17.561897
24.662786,17.083099,5.976377,79.917747,22.058783,42.310863
8.901677,6.132722,4.795972,37.024437,10.234312,5.933365
21.050188,14.206981,7.688570,47.808739,13.418743,29.759150
26.668112,17.325914,10.903444,53.941193,13.538802,12.194174
29.686256,19.075233,19.100220,75.147049,18.921202,14.171859
4.931144,3.428788,2.685316,1.119571,0.531502,10.759779
24.776342,17.248384,9.907276,64.031616,14.853227,9.999635
10.897430,7.671849,4.129768,17.611700,4.855823,23.876993
6.829907,4.791448,4.548440,13.720577,3.469576,3.320864
16.222443,10.577455,7.306417,59.080250,15.027239,32.236008
9.391909,6.430433,4.402889,13.319385,4.882279,12.989248
9.733228,6.160412,3.804807,31.589676,9.239650,31.047110
17.780468,12.304395,6.529299,60.269547,15.590977,30.434906
26.563473,18.196854,8.738619,25.821688,5.353999,5.447564
10.281297,6.954784,5.124053,2.705105,0.028798,3.172490
25.362484,17.410780,8.171346,58.179874,13.918691,9.338280
17.245373,8.786705,11.370478,36.284336,7.075566,16.136288
14.920648,8.883763,10.054240,36.103065,6.478291,13.088660
33.627590,21.922691,27.769279,66.678963,18.606356,110.043121
37.655346,19.538244,13.240936,117.722183,29.457060,12.933999
17.408640,11.965404,8.414916,36.483818,8.685949,7.871182
29.009645,18.549158,15.251273,27.406071,6.015514,9.258557
17.585243,12.423277,6.791239,35.159313,7.577327,4.857631
10.145323,7.387509,4.652165,32.878918,7.781224,12.110932
15.446833,10.688318,6.274950,36.456444,10.281183,27.193144
6.848955,4.517674,11.701106,64.838120,15.699904,5.396974
22.123041,14.951395,6.568204,47.002621,12.461256,11.144909
11.302332,8.218529,4.183982,51.907055,13.243977,5.443543
34.164433,22.533241,14.549651,23.082212,6.332974,6.231539
15.371997,10.390753,7.826637,33.258610,7.894899,5.831978
40.856026,23.682774,56.853180,254.411224,70.272949,134.262650
28.009569,18.566751,11.013125,93.639862,24.280210,13.673906
22.436876,15.519896,12.140585,83.726677,23.493420,9.584710
7.647409,5.578382,2.473240,32.834545,9.207096,3.337470
18.298288,12.864662,6.189769,37.648911,7.825970,7.322644
17.251656,11.862306,15.021488,14.723142,2.866726,8.297282
10.978992,7.552826,4.100120,21.460602,5.583406,2.526085
58.267590,32.682148,23.851614,130.262360,33.372341,89.023743
35.500942,22.471228,18.321939,203.964203,60.965935,35.869331
41.458424,16.184568,10.750590,122.256081,30.699202,19.144550
39.222321,16.264578,10.402153,127.152992,31.514894,17.209827
41.119415,25.462748,25.147173,120.429337,32.432751,22.418766
37.756432,24.761320,9.849797,84.639343,22.964409,17.340666
24.202168,16.204746,10.561067,54.479664,14.298118,8.672318
5.495877,4.037544,2.840165,5.883608,0.611412,6.614292
13.632812,9.592962,8.114738,41.868248,10.438281,5.500137
9.388135,6.500367,3.722171,23.355293,6.179264,22.368967
11.290665,8.139283,4.945694,12.678361,3.092399,3.940333
18.066406,12.522417,5.455349,29.223238,7.257932,3.450065
20.217777,14.499656,6.189923,16.773581,5.140304,12.741853
13.257873,9.003459,8.206194,25.703154,6.316637,9.777115
9.415426,6.463906,3.050551,32.607510,9.754766,4.472941
5.115384,3.788693,1.523693,14.625792,3.816117,8.938708
28.101326,19.466911,9.458825,13.335229,3.295283,12.439908
21.103075,14.773752,6.622969,90.659073,23.365538,9.721495
16.751627,11.082878,9.230330,101.402306,29.132967,93.391472
12.635451,9.088184,3.962939,33.662594,8.601527,7.325042
8.360334,6.048079,6.605140,18.408508,4.634663,7.684498
33.204891,20.949688,20.686193,79.261162,19.364471,29.964891
23.788935,16.081470,9.850517,28.151775,6.232662,15.746119
12.482746,8.808137,4.452816,12.440571,2.637995,2.940496
14.875090,10.610961,4.668725,22.637722,5.295689,8.675535
29.856819,20.361496,10.445836,39.633514,10.458131,61.673092
26.224768,17.401737,7.580773,61.477020,14.370050,18.622320
19.233120,13.333780,6.327194,33.736309,9.185742,35.737530
10.684774,7.617734,13.021001,58.854702,16.476549,100.734406
7.317133,5.094242,3.391131,50.256866,13.292314,4.832278
4.577993,3.286922,2.875989,12.317756,3.956439,6.445405
8.208264,5.835086,3.837470,30.277597,8.257782,3.408296
7.749612,5.684288,3.326543,36.701172,11.082367,6.014514
43.952393,25.908703,35.728966,393.078186,107.268631,35.462864
20.479147,14.435533,7.559114,49.552773,14.958033,21.103359
23.656963,16.135992,8.863441,52.337242,14.171527,52.329937
8.912416,6.134798,3.092200,15.912703,5.124439,3.622351
21.788994,9.723224,15.789874,20.164492,6.302943,60.826862
20.255766,9.853786,14.743638,23.642366,6.625351,46.672867
51.125298,28.972572,44.623993,259.543060,75.172020,301.520660
11.337074,7.894531,4.900202,35.364960,10.689777,5.705513
15.796378,10.789228,6.899377,38.241302,10.507605,5.855883
11.364957,8.000362,5.286300,4.406218,1.165036,2.923315
10.266156,7.555225,6.279675,13.674132,3.514992,4.967789
7.104929,5.180418,3.424646,12.364467,3.303650,0.885858
6.546074,4.780962,2.970346,25.603693,7.038436,2.589608
22.482653,15.656043,9.168628,18.735563,5.048227,34.346905
11.196465,7.859841,4.835277,36.512821,10.059250,22.115047
15.335976,10.410128,9.731672,38.914955,8.902518,45.515354
12.125552,8.261099,4.792577,54.468845,12.270612,6.167231
20.162006,13.830320,9.631175,120.375023,31.831871,8.518225
15.582692,10.976782,4.908558,19.300432,4.515558,7.741815
6.624161,4.786746,2.869443,58.111504,14.072515,2.079740
40.315163,25.622849,13.231153,125.535789,33.136112,13.494553
13.580867,9.325260,6.888120,33.255009,7.366451,8.063003
12.179362,8.631342,4.507777,54.062279,13.835495,5.384202
7.678369,5.413390,2.980540,12.092995,2.751602,3.853594
45.580273,28.729015,18.496876,60.520313,12.554402,18.732880
9.540545,6.887181,2.290553,20.487532,6.609376,24.259567
12.426651,9.092493,4.281750,29.471365,8.270713,6.694609
7.477527,5.468425,8.410732,21.840086,5.420187,2.324320
22.789505,15.529840,4.503557,43.141563,12.380496,19.419077
5.779756,3.821592,2.873985,49.389389,11.810166,6.257434
15.250538,10.404510,3.389790,42.086826,10.440742,7.400626
5.416074,4.221418,2.869144,1.358425,0.632219,0.937582
23.645342,15.917733,14.707190,48.092175,13.393546,49.109062
11.526828,7.873914,4.475303,77.530067,19.759171,7.167826
24.081747,10.958742,8.149195,74.164162,20.636244,53.441288
23.439068,10.866486,8.392113,83.447716,22.233511,49.611156
10.710218,7.729393,4.346066,23.574770,5.799407,3.797230
65.415039,37.552288,34.175957,85.721146,19.382170,19.970366
9.057007,6.505277,4.197944,26.682480,7.330752,3.575415
14.018263,9.714088,5.322526,18.848049,3.988484,2.641230
24.125011,16.830109,9.901255,38.379539,10.356688,46.475765
23.406969,15.385348,8.598823,84.882568,18.704418,8.574649
12.227593,8.834104,4.365209,29.227526,7.247373,5.753780
9.998354,6.986849,3.937109,18.442047,5.048203,5.809936
12.813946,8.925922,5.318238,83.282898,22.180111,19.626646
16.694662,11.691216,5.415204,41.274765,9.450936,13.432900
6.316877,4.606833,1.671514,8.136438,0.998826,2.307163
14.526883,10.050428,10.165831,57.076927,15.323807,6.276661
8.572435,5.856300,3.829030,4.701664,1.047221,1.505667
22.963821,15.530736,5.768688,33.658813,7.679253,5.572636
8.302877,6.201469,3.443700,10.938925,3.006223,15.453805
5.847078,4.220369,10.235872,51.946804,13.902748,48.735909
12.989892,9.156649,5.770889,5.049026,0.763547,2.015702
13.612209,9.592901,4.493855,18.232111,3.484317,2.873864
6.494978,4.891135,3.331631,25.486599,6.871051,15.246343
20.765291,13.807140,10.473033,56.583836,15.793582,50.153534
25.477768,17.185947,16.419266,79.516716,20.575163,21.342512
14.140138,10.025034,4.965405,5.694314,0.663405,1.589931
56.314060,30.352640,39.590290,256.624054,67.797661,73.566887
23.035248,15.619602,9.974904,50.360001,14.336598,9.390724
24.273323,16.238670,8.155154,62.685387,17.137020,35.333412
29.175034,19.498436,9.569991,60.082485,13.791025,13.722696
12.652267,8.918290,5.047585,15.035604,4.133032,6.753584
19.170525,13.297466,10.359756,57.140827,13.588199,9.849174
22.541075,15.454957,7.682314,17.036507,3.196645,6.400344
17.488684,11.641813,7.144007,25.250633,5.915492,10.804413
13.069338,9.323195,4.957881,44.666229,11.920389,15.866229
34.726547,21.107706,24.490526,74.499649,15.441594,20.789783
5.571931,3.753537,2.661343,16.486422,4.241419,9.343948
15.194802,10.292312,3.791858,56.925583,17.073339,39.950474
40.645943,25.069504,17.927507,47.301849,10.065360,17.076672
9.600350,6.857702,3.997354,20.847641,6.459689,3.097004
8.767765,6.387774,2.856891,15.688828,4.153313,1.240934
11.168482,7.859692,4.404811,18.740812,5.290753,3.470597
11.868232,8.565506,2.682862,21.573853,5.763486,16.344559
25.380329,16.743847,9.571969,29.250715,7.959894,20.958506
18.273300,12.013513,7.955140,63.004986,14.170156,13.982552
7.522156,5.142214,3.667030,23.337276,6.056679,4.979703
5.220870,3.517760,3.963951,19.942352,5.264136,6.717096
4.385423,3.019010,2.441897,22.022890,6.526451,2.286444
8.376496,5.995491,2.554928,20.919508,6.513309,4.964953
10.801789,7.719202,3.549486,14.772106,3.847462,9.081836
26.263214,18.042303,8.851571,75.479134,18.546581,7.654056
21.092615,14.926979,10.138142,6.528951,1.527713,2.211904
8.462546,5.885653,3.802304,28.914351,7.976778,14.841868
7.857419,5.530567,4.515069,22.366585,6.151624,20.395010
20.807314,14.027911,16.164534,92.686516,26.223125,11.764404
14.898866,10.125574,4.817254,16.055328,4.142542,11.002403
6.673405,4.735713,3.497380,24.818129,6.111565,3.891656
23.822268,16.194174,9.713156,65.973114,16.193623,9.087309
11.743063,8.218234,3.984657,36.264378,10.174238,3.099007
25.978922,17.948925,11.644593,26.072292,7.991910,93.121887
12.662541,8.931414,4.964203,5.856158,0.684128,2.382202
49.467819,31.520176,25.908850,128.957901,34.141071,17.805922
24.507248,15.317775,27.904657,168.254639,41.921413,45.572029
23.409634,16.105434,8.311987,5.849777,1.185425,21.065638
15.301937,10.666977,5.299268,13.926516,3.706736,6.385496
7.201872,5.153529,1.854433,17.316160,5.702402,11.531389
27.469231,17.358473,12.497552,67.151398,17.781012,23.273428
13.621122,9.231069,6.128535,38.016933,10.255670,11.294517
7.154982,4.942651,1.936880,37.929996,9.628884,10.540860
32.479538,21.686636,13.789158,78.329872,20.614042,11.696054
10.901895,8.221294,4.111401,41.836182,11.798687,13.742855
10.283562,6.993652,5.277849,11.305700,2.943382,26.118256
25.010187,16.355740,9.802227,23.175535,5.190370,3.904341
13.670236,9.388193,6.134924,3.290590,0.566170,5.091939
17.286575,11.978543,6.940171,50.422001,11.461400,3.870438
31.793434,21.230118,12.104266,34.399632,8.007028,12.399010
8.360977,5.977093,2.429099,23.219671,7.508166,19.091452
24.471087,16.958427,7.787166,57.181007,14.038226,16.082539
18.784985,12.764490,6.232881,21.627001,4.795601,10.222858
11.889403,7.993452,3.872313,28.016121,7.851551,5.369550
14.129179,9.797595,15.207781,91.718285,21.490593,29.885174
16.595730,11.223652,6.577985,50.493393,13.498075,7.128676
5.455448,3.649730,3.110714,26.299679,7.086792,9.970590
21.979179,15.263262,6.523355,88.572426,22.625126,16.700264
21.388517,13.855996,7.144575,56.749729,13.789881,19.849993
6.810794,5.070857,2.077530,25.290253,6.536428,12.184531
7.000121,5.225771,3.858670,30.855846,8.692391,4.601866
25.558437,17.394049,13.385103,77.228973,19.127907,12.447268
10.588354,7.321326,4.429269,16.611115,3.354708,1.121514
5.676599,4.316739,3.223035,10.102543,2.100037,14.492603
19.351173,12.973778,9.178319,57.655140,14.782833,25.051214
5.549836,4.096316,2.498244,1.429703,0.436741,0.078878
17.136703,11.461533,5.741679,56.961166,14.269150,24.531136
16.704082,11.705516,5.020625,26.297586,6.344389,7.651038
12.622576,8.765147,5.096600,22.451004,5.797922,8.147981
13.737346,10.083966,4.655357,22.191849,6.210179,18.254690
25.561371,17.534590,8.684147,51.941608,13.816853,10.956500
12.344381,8.714108,4.978499,38.360996,10.105680,22.192169
8.896908,6.111974,3.118984,40.143951,10.108028,6.249607
20.399292,14.270633,16.239801,75.259430,20.435919,19.284668
33.969185,13.691549,12.641909,34.082806,8.462420,16.222624
32.786186,13.747267,12.696477,36.963184,8.807533,15.273084
12.577831,8.734047,4.855580,30.085142,7.961135,6.844298
5.573744,3.942215,5.925381,39.171364,10.995786,8.733754
14.079888,9.489781,5.372046,45.631500,12.216028,13.063595
8.979514,6.170147,4.087823,63.368931,14.874419,3.641765
20.943073,14.721957,6.532187,37.969006,9.658173,10.860153
11.774365,8.476134,8.379932,40.193569,10.862556,11.433949
6.430163,4.521469,1.571766,20.810358,4.760746,2.732595
15.026196,10.210562,6.036419,9.249034,1.333330,5.040443
31.429157,16.375803,83.747879,376.419617,101.036140,103.299995
21.725695,14.827538,11.267567,26.013754,6.356908,40.101715
10.847059,7.470811,5.422025,95.547287,25.840117,15.215743
7.081916,5.377457,3.917402,15.437725,3.148010,1.388351
9.040093,6.283334,3.508853,4.066139,1.098797,3.648678
14.119892,9.495459,2.453405,32.554939,7.464836,3.292314
26.172180,14.096973,25.140810,125.145760,37.741009,117.744774
8.389511,5.982495,2.489836,13.602605,2.359537,32.513874
11.215436,7.967484,4.586497,12.801184,3.248174,6.943157
25.175606,17.530653,8.251691,49.289070,13.004762,10.058349
21.892017,15.046100,7.057395,44.026409,10.817967,6.572019
13.480721,9.282037,5.207803,2.588099,0.503098,1.113920
33.799698,21.397282,15.542101,79.646034,20.240768,26.718227
10.509695,7.550866,2.665031,28.739738,7.179628,25.314556
12.657323,8.908827,5.346864,7.514425,1.587196,2.387282
8.612492,6.199677,3.862897,40.610435,11.704907,2.516345
13.907201,9.703580,6.419609,16.381813,3.659619,5.699144
8.369673,6.051000,3.087770,16.096024,3.025155,7.097928
9.936042,7.147117,3.850107,39.127701,9.952841,5.065420
12.312384,8.549579,4.879214,21.588549,5.019124,1.775685
30.009026,20.913612,12.921602,25.622690,6.451766,16.734383
24.013371,16.526335,8.644092,7.993217,1.669897,3.044012
5.580528,3.978439,2.452257,44.344398,13.316855,2.700296
11.379330,8.185552,4.767995,16.515909,4.465762,7.158919
36.446484,21.901333,21.186615,175.497818,42.506008,50.477070
45.483887,30.155861,13.268277,127.327591,30.436079,26.284412
11.589431,8.377564,3.234399,19.165319,5.285667,13.418829
7.297173,5.202745,3.366575,26.426954,4.961335,9.618264
53.023102,32.174068,25.960550,187.489105,52.796013,114.304543
15.410053,10.254247,5.761868,19.960709,5.876987,14.538838
52.563538,32.518505,33.978878,71.805046,15.278683,16.488699
19.675222,13.810626,10.407074,42.987335,11.382755,8.298584
6.567559,4.420404,2.962072,2.457584,0.467763,2.707177
20.186573,13.866075,12.793380,8.991642,3.016694,28.656570
13.358658,9.252666,4.121821,23.087404,5.652792,6.059653
8.042733,5.915671,3.184189,19.857519,5.853429,3.688186
12.995136,8.916038,4.108009,24.651329,6.542600,21.664505
8.669966,5.731390,3.352711,25.736931,7.653903,19.958641
9.082671,6.656757,3.910498,40.157234,11.913229,9.286717
15.045444,10.688818,5.563778,111.638870,28.834042,5.806926
5.854757,4.187119,3.104211,40.710644,11.667748,1.733251
10.484227,7.176884,5.023266,24.417356,5.925467,7.371408
15.612843,10.624388,5.363057,85.492355,21.506193,4.386328
12.951165,9.365837,7.495206,5.143468,0.750803,3.396695
5.523418,4.045456,2.486004,23.339943,6.735625,3.822693
16.424511,11.572567,5.006383,27.434164,7.154657,3.403742
18.404934,12.799093,6.626379,32.970779,8.335938,18.263367
26.240337,17.538687,7.839461,60.200939,15.741014,8.546187
23.209124,15.950674,7.833318,53.234951,13.830856,6.815450
59.670853,31.152109,46.827137,268.662964,69.404213,107.096565
16.330395,10.977059,5.336082,36.496319,9.919333,33.576454
32.289726,21.047508,15.632380,30.897997,6.403284,6.918386
19.516603,12.367482,33.710537,187.673996,50.278339,46.751438
6.883853,4.975449,3.136990,2.859430,-0.051013,4.561124
11.867188,8.649990,6.885957,19.846151,5.045115,6.869779
15.199591,10.463985,5.287631,19.585218,5.064045,9.635721
28.001984,18.824812,8.946471,40.090736,10.438008,41.077110
32.461739,21.588604,36.209496,210.891907,56.600700,76.787636
19.568605,13.406742,15.827431,103.794739,29.252958,102.159004
11.909941,8.443462,4.244765,3.147315,0.678232,1.821007
8.272346,6.308239,3.904698,12.868637,2.369416,2.937194
15.136954,10.378404,6.267160,58.667843,13.421154,4.742658
7.919015,5.811978,5.023995,17.008404,3.849444,9.495752
6.258618,4.610706,1.691463,13.763631,2.989213,5.610829
12.357827,8.449078,4.645195,22.949261,5.079018,2.547795
7.839889,5.369389,4.950671,18.802362,5.280441,3.512187
20.377108,14.094974,6.700931,29.809082,6.628452,8.832095
19.773710,14.126863,9.405106,67.142548,17.305252,18.937151
39.853321,23.961298,28.067225,115.006958,26.126507,13.834894
15.058246,10.988777,5.416623,31.309370,7.025477,3.489874
35.176788,23.340958,12.291739,51.485867,15.354154,52.518368
5.953850,3.945339,2.863593,6.592389,1.942314,7.320417
23.505171,15.519483,7.320312,48.277943,12.846006,8.453227
19.309301,13.214436,4.630857,28.859726,7.110722,9.970181
42.843536,26.986284,15.501202,57.983929,12.693454,13.264092
32.861542,21.494217,11.219990,47.812481,11.621332,4.434421
18.298641,12.810596,5.941195,63.137428,15.742438,9.977611
58.017586,36.983437,87.873589,487.771301,126.216248,191.457809
43.974400,29.122955,19.634544,95.294228,22.043266,16.651014
18.058603,12.316794,7.554025,43.950748,9.384139,7.093997
20.570204,14.426671,11.288988,109.525780,32.617241,93.576195
9.162685,6.264550,2.688935,3.521504,0.714897,1.620799
5.326612,3.648838,2.709258,15.131129,4.271911,2.166246
7.395076,5.430003,3.836388,14.044239,3.355458,2.941873
28.023396,19.287596,7.316157,47.886993,13.918044,6.531136
26.294392,17.645039,7.422237,50.948311,13.701261,38.544575
7.580674,5.385634,2.612736,42.433006,11.164297,1.363714
12.062732,8.429340,5.251650,11.745173,1.973229,3.311339
8.796790,5.988237,4.099150,17.861475,4.950199,2.477848
13.958622,9.841214,6.941174,44.731659,11.780953,4.673330
13.429687,9.494130,7.267713,33.986534,8.900967,3.900053
8.613231,6.101918,2.633984,13.842362,4.026079,9.552950
81.777596,39.273449,82.314568,321.224762,88.381088,249.599686
20.033028,13.950566,7.547426,85.710098,24.206808,33.083046
11.620285,8.046054,3.403694,42.863300,10.596202,10.284455
8.588004,5.809305,4.198233,23.579685,6.216343,3.025967
15.546983,10.897513,5.823215,79.462326,22.506645,52.520153
20.201717,13.585907,17.975128,66.406036,20.242252,42.713654
32.782963,22.144548,11.364327,54.164288,16.994919,70.759933
11.899313,8.274460,2.324578,17.592867,3.914735,12.898311
11.957098,8.371688,9.863003,106.010857,25.906366,27.526384
9.702747,6.578187,4.066704,3.820862,0.889716,7.958457
10.564116,7.444909,3.458341,41.752274,11.401039,5.749648
24.237249,15.871251,13.330014,101.338188,29.002993,24.657879
9.487517,6.572432,4.038124,27.996473,7.259196,4.317444
17.859707,12.423790,5.413002,34.606388,9.988022,36.284767
15.031285,10.527227,5.198855,16.035032,4.278001,3.996885
6.028777,4.281981,2.272359,10.546179,3.594261,3.062333
7.825428,5.698261,2.774472,18.531523,3.921452,37.327564
20.171146,13.550473,18.840963,36.732288,9.499592,22.710455
18.592413,12.140698,6.211330,34.651718,7.516499,10.756348
45.981129,28.004274,33.903015,185.442352,50.262550,30.924156
6.705349,4.481287,1.549027,15.470940,3.927741,8.884269
15.172752,10.686764,4.882912,17.646320,4.548245,3.287248
17.624842,12.395666,5.227845,39.502136,11.067183,24.797493
21.127335,14.032959,5.918627,79.886482,20.566225,11.205766
20.031263,13.397230,8.221560,65.194443,16.613865,39.062206
9.854875,7.462120,3.878776,21.557474,6.946779,21.937735
14.014578,9.707759,4.785104,4.167004,0.608498,1.421135
38.440239,25.559631,17.700455,84.771278,20.901928,13.861157
9.571019,6.793829,3.768734,17.078671,4.456645,3.609426
8.534959,6.164383,3.418118,2.305120,0.332934,4.857171
5.351561,3.759018,2.225761,4.954423,1.644375,1.385251
45.452637,26.153259,39.348148,293.572968,78.011841,163.242416
10.967412,8.018638,4.310065,28.537176,7.978251,5.707513
5.670724,3.983424,2.184366,22.482555,5.472542,0.096226
11.748984,8.050675,6.532506,17.149492,3.589431,6.866541
6.127272,4.295021,2.700208,25.791498,7.836028,17.664213
32.828960,21.484533,11.378241,68.172012,16.023161,12.554433
12.074409,8.911305,6.928767,15.602883,2.470817,16.924267
12.338186,8.530153,4.096156,40.652069,11.029375,22.089802
30.854435,19.470715,26.192343,200.336716,52.819202,45.940563
10.922891,7.590126,4.111519,52.842556,13.238523,3.529500
48.522915,27.129847,28.519512,139.712646,39.117561,221.944153
23.807058,10.268860,9.155150,69.449799,16.883221,41.120285
7.174101,5.207336,3.054356,2.383303,0.183336,-0.346225
13.827791,9.285150,5.019964,90.529083,24.659744,7.110240
8.610339,6.210615,3.377401,14.849709,4.297846,13.954483
21.845787,14.773280,7.201602,44.120525,12.065523,15.018355
82.035568,48.204800,109.083603,566.240601,145.431122,326.083740
7.693412,5.186407,3.354194,2.957661,0.467622,1.627352
8.295266,6.042774,2.669758,15.305165,3.369042,5.070310
16.837229,11.816631,5.781134,59.253254,15.906588,3.580775
16.054420,10.890943,5.696183,4.521210,0.372330,0.779950
32.653458,22.074459,19.285864,109.997787,28.272650,125.423134
21.323790,14.957389,18.724230,69.633163,18.145582,10.083622
16.237900,11.198001,6.763514,5.317043,0.873761,1.342462
31.282444,21.114967,10.250902,182.065414,49.995373,136.358673
26.139393,16.596428,9.121117,58.181793,13.128366,13.051449
17.893061,11.088239,5.643668,45.295586,11.663756,31.673744
29.649160,20.380203,10.409852,88.686310,23.456257,11.409274
26.944040,18.408407,11.502120,80.078964,20.855312,30.387760
4.665075,3.280807,2.306879,26.054440,6.631936,5.637216
22.577995,14.768997,26.021345,94.811455,21.933619,19.553890
18.941786,11.864274,7.171026,58.016140,13.139646,11.235286
21.125057,14.276058,7.731446,85.789490,22.187004,109.219162
40.955833,26.761692,19.725994,78.406303,18.497129,28.980854
6.080878,4.476801,2.948561,23.964693,5.256149,4.895967
22.652199,16.138880,7.838485,63.439957,16.115332,10.679111
10.745978,4.933895,4.414048,29.160616,6.781141,7.571948
10.830690,4.877226,4.388708,31.102947,7.184786,7.238385
23.476608,16.289358,8.591151,73.495392,18.240023,6.812643
30.898439,20.370588,18.384878,70.946617,21.127674,109.633133
14.508393,9.781285,4.809438,30.421028,8.462883,21.215923
18.319378,11.747181,25.857166,104.631310,28.817158,24.661533
4.791286,3.773051,3.247534,6.704350,1.944681,0.836684
12.072884,8.386157,7.724603,32.208767,8.414290,33.246647
13.643328,9.384899,5.540171,22.771767,6.100697,10.579552
4.336667,3.270287,2.094976,0.853187,0.641405,-0.090893
48.911530,28.935167,123.136993,345.078217,93.839546,99.840561
37.724281,24.697567,15.227682,90.063446,22.855255,21.535440
14.403408,10.239466,5.645269,50.628647,14.076363,93.375801
23.174326,16.082460,6.466010,49.629448,11.274984,11.160990
19.043566,13.206904,10.261947,55.294956,14.415174,39.064457
29.416708,19.281708,15.850615,103.374405,26.582865,15.455420
5.289723,3.999908,2.325445,24.781658,7.223535,15.857794
13.556742,9.424721,6.922328,14.558072,3.696001,5.981360
16.924757,11.449697,9.545056,115.569183,30.488287,14.339911
24.554127,16.917818,10.263906,38.874802,10.887008,16.717310
20.457458,13.763368,8.565200,62.903114,14.959954,9.677178
19.855034,12.755835,21.836700,168.008331,49.090107,54.423653
28.284782,13.473489,41.474792,315.262390,78.368820,92.061699
16.258440,11.722876,6.018189,4.232003,0.760956,5.241396
24.678659,16.201153,10.996391,140.746750,39.708969,48.484753
9.020936,6.324974,3.457208,23.079590,5.218573,3.092428
13.702012,9.014981,7.078046,22.701065,6.396785,2.924517
6.055896,4.406775,2.474831,2.574912,0.771286,1.198672
12.838205,9.314079,3.948305,40.629005,9.906833,17.351276
37.501503,22.836178,57.750759,161.772476,42.469730,232.909042
16.627739,11.807040,7.646133,30.586254,8.600736,28.603270
15.049423,10.623178,5.278826,13.407044,3.974790,2.134557
21.597029,14.218174,7.741846,23.396120,7.397437,21.922722
29.416130,20.274748,8.542473,52.887142,14.879576,87.917206
34.969154,22.315886,11.479235,60.627495,13.746159,25.972794
23.597588,16.069864,6.384560,45.314400,11.830500,9.785918
6.286209,4.746572,3.028826,14.591599,3.500636,14.257195
23.178415,15.613026,13.277828,101.930878,26.161819,9.660021
47.397900,23.255978,95.708824,432.358765,109.689301,77.942856
25.945145,17.911552,5.605959,43.673836,12.187818,20.004747
14.740003,10.478261,5.882264,15.499325,4.321048,7.848266
10.602845,7.293852,4.484862,36.046066,10.129033,28.020094
27.385178,18.359737,9.261678,41.946690,8.752404,8.642627
5.420392,4.071875,2.632552,2.591444,-0.124518,-0.216702
5.685120,4.144741,8.318415,34.040932,9.859450,6.607417
31.305672,19.836679,31.563004,145.554520,39.266800,148.593201
6.016631,4.225383,5.030639,27.270430,7.158701,3.456940
18.294216,12.015338,6.986483,44.245323,14.201943,54.327545
17.097832,11.762626,8.065713,7.012706,1.683434,6.774334
15.671488,10.898861,5.575671,82.050041,20.234198,9.478138
12.829873,8.829551,19.829922,101.223717,26.205931,96.701065
65.422981,32.496651,106.881332,252.376907,61.335079,242.408035
21.423120,14.392115,9.346438,51.791328,13.382379,12.268885
28.865143,18.750528,15.455537,72.212631,21.005507,30.828432
15.534092,10.873427,4.292922,24.408596,5.070127,8.031536
42.600502,19.873016,14.435090,70.525337,19.481365,28.727741
40.776390,19.786951,14.750943,72.349419,17.223242,18.728395
28.168163,18.682949,17.915569,91.180008,23.547264,20.809656
21.506767,14.964613,6.119627,40.944569,9.494480,8.694939
10.782355,7.789948,3.163436,28.365471,9.210265,17.614141
8.554707,5.743833,4.502693,2.225670,0.165069,1.785530
9.427156,6.807452,2.765009,35.165855,10.727221,8.267843
11.499186,7.746087,4.451384,44.782761,11.446787,8.731293
32.130440,15.824264,9.870153,52.968761,14.310612,42.715519
19.777533,13.543500,6.579706,34.148605,8.858147,13.866442
10.697352,7.451805,2.448429,29.411366,7.043406,9.116390
27.702087,18.646818,11.200318,39.093048,10.420064,7.802970
8.512894,5.906367,3.951061,57.590916,15.671417,23.296114
11.795137,7.995914,5.354971,38.203053,9.282109,4.036169
40.781826,26.522961,12.995803,77.723602,22.305275,40.721668
4.700232,3.495199,2.075122,0.670074,0.465503,1.896244
12.786691,9.117161,5.197992,41.504124,10.230914,14.174894
33.102428,21.257242,11.845962,60.278088,14.344561,6.044159
10.887283,7.690994,3.871780,35.142738,8.674376,4.356247
16.655960,11.353835,7.529245,37.600739,7.491746,2.458583
4.340619,3.278611,1.587071,1.619074,0.387106,5.053445
43.068039,22.744879,57.005043,301.789795,86.134933,264.080688
19.729601,13.781146,5.987736,25.256304,5.833685,6.255272
21.824764,14.564609,7.739578,146.456345,38.289677,9.799338
21.225557,14.439892,10.000365,30.607365,6.546674,5.422528
16.037233,10.507790,34.442535,197.413254,57.863445,170.120102
19.741045,13.119197,6.967525,25.902132,7.382901,6.051750
59.219341,34.416798,31.632393,236.089157,58.855640,42.363213
31.748720,21.343733,9.261521,64.226212,15.825830,43.645477
8.145495,6.029599,3.848708,51.449959,14.651528,3.191730
7.332885,4.928623,3.814774,28.162769,7.913981,2.989781
18.480358,13.128108,7.010320,4.997974,0.413496,4.791625
12.789572,8.793315,9.325630,68.840179,19.816748,37.208626
8.138891,5.957122,2.679478,2.982808,-0.020763,2.984199
13.077010,9.309604,5.229944,30.880398,7.902763,14.440405
22.164923,15.706688,9.129928,51.746639,14.405029,10.519505
10.661570,7.460791,4.650491,3.949518,0.645783,0.935027
23.149136,16.038639,14.702485,64.364189,16.052969,17.144293
8.647391,6.061952,4.008225,11.314231,3.170105,5.277220
7.976619,5.672710,4.389410,17.835985,3.908857,4.336537
21.891026,15.127264,15.047978,28.613758,9.022519,29.826372
13.218862,9.074133,4.692988,25.721111,5.847940,3.652951
31.027710,19.600925,26.783752,122.294220,34.266293,113.997696
35.304638,23.707787,11.242802,57.579102,14.649698,14.428207
16.748091,11.771123,6.040196,33.599331,8.381859,9.158722
4.860456,3.275255,1.950612,0.326719,0.123987,6.795825
9.895958,7.006481,4.026264,8.464394,1.628867,2.428677
33.745762,22.580627,9.660252,90.643402,24.743982,90.799789
19.452312,13.707229,10.320333,20.572792,4.729297,8.973436
9.988576,7.051036,5.427146,44.142651,12.849704,7.591156
11.858385,8.099367,3.400466,77.786865,18.883680,12.456488
17.311005,12.596156,8.447918,16.191841,2.950023,5.387074
19.532427,13.048795,6.145143,35.291656,9.627825,54.480770
12.661544,9.001652,3.954889,20.957808,6.611476,24.059109
12.391452,8.875912,4.954497,4.576347,0.666962,0.482103
22.940737,15.553458,8.174417,40.435169,10.761292,3.803685
10.850624,7.654520,4.584389,39.769367,11.664134,18.435133
58.076469,36.337109,24.953564,170.448151,42.272339,26.977581
9.370791,6.415436,4.540607,30.083229,6.778699,3.741703
20.009863,13.434055,6.313245,21.078655,5.820732,19.551611
26.597393,18.301237,10.031825,74.968178,20.829880,10.634032
20.962975,14.190183,7.415656,75.759872,21.009716,17.238543
19.497253,13.006098,8.433300,58.421398,15.412496,7.925028
14.460411,10.438420,4.776253,19.920078,6.023938,8.631512
20.488283,13.859219,7.996060,8.695223,1.836274,2.702891
12.551664,8.753148,5.668372,2.492259,0.848531,0.541194
19.661568,13.072061,16.961891,14.224472,2.678831,15.922789
9.074867,6.162573,3.865269,21.406189,5.910237,29.251150
19.792389,14.094288,8.118228,33.669052,8.547347,22.599495
13.634921,9.374614,6.309877,31.010733,8.465896,8.525445
8.458612,6.043641,2.900895,28.665762,8.272387,37.700684
22.538296,15.422640,7.516123,39.999714,9.606750,5.015681
10.559148,7.191603,4.114832,20.283159,5.367918,10.161727
39.203857,26.186506,31.602137,141.500198,33.073288,29.393574
27.042696,16.984669,15.683379,98.112495,25.749237,34.822083
14.957364,10.865437,3.437355,84.136543,21.685902,10.430783
24.140930,16.061022,9.231361,32.231400,7.502834,10.809645
4.719721,3.201478,2.362090,21.163038,5.393643,2.047600
6.417434,4.190303,3.510519,16.472860,4.663070,3.901839
23.410652,15.998619,9.743907,76.076164,21.424534,14.562196
13.281072,9.535630,8.218764,27.627665,7.827377,24.770527
21.857107,15.546264,14.063019,51.794422,14.869153,79.555061
15.865004,11.512972,6.529142,10.764319,2.706893,8.449800
6.472741,4.814081,4.168096,14.524639,3.619172,4.705596
5.027429,3.548623,6.965337,40.311104,10.745689,22.471785
7.631125,5.310198,3.847786,7.525066,1.892720,2.197794
8.485088,5.802562,3.171431,29.831051,8.960445,4.124691
8.601106,6.470840,3.692029,12.638342,3.866070,5.445625
10.968981,7.597998,4.661227,28.452579,6.979290,6.097428
18.210953,12.762732,8.998739,6.958873,1.329962,1.284595
52.353748,27.534616,78.239548,558.675842,156.188431,334.372437
13.629257,9.581830,3.722546,38.500149,9.615619,18.993973
11.473103,8.021532,17.413107,113.500999,29.658922,66.793694
25.718328,17.585478,22.445768,176.811615,48.687885,191.332932
8.948903,6.490089,4.080746,24.110718,6.636869,13.876497
13.271335,8.904930,2.687720,19.228212,5.151937,12.472095
29.359818,19.724064,15.638858,97.163536,27.884712,37.166225
46.513756,27.353720,28.532509,138.983429,36.285347,64.917221
35.238518,22.091196,17.906864,92.135941,22.807472,19.155962
16.371546,11.224922,5.199777,44.242352,11.370855,26.017649
7.395425,5.407046,3.337746,23.613899,5.571785,3.304546
10.019538,6.529148,31.275698,89.439667,23.205765,85.882965
17.414658,11.953205,5.777202,46.203606,11.093869,3.309077
15.464061,10.418607,6.764812,33.388760,8.192485,68.267242
16.228539,11.603348,7.075332,18.094078,4.427026,5.549413
32.897392,21.620550,10.101218,49.093956,11.571206,9.535145
5.445742,3.816642,1.459141,14.831134,2.518840,9.577030
8.292621,5.741055,3.356999,17.172941,4.293133,3.454428
52.656731,32.516224,54.894367,298.659576,72.707436,58.930332
5.858111,4.442399,2.048494,11.931204,3.078254,24.229403
29.169168,20.257963,8.055682,36.744473,9.393156,3.767606
12.377553,8.909186,4.106572,24.050434,7.447075,5.404907
24.545731,16.078495,15.834322,186.824631,55.246273,152.739487
12.405697,8.503429,4.689000,56.126057,12.907501,9.049346
11.577919,7.914139,5.026374,41.649284,12.836570,30.330177
7.411146,5.196841,3.281485,31.299688,7.313987,2.994685
16.733932,11.718035,7.164402,22.899391,6.136435,14.082629
50.545296,31.807364,49.208366,352.648529,86.098419,78.399879
15.704773,10.828197,4.552141,40.226177,10.689980,32.928768
25.733837,17.377096,14.490464,152.205368,41.522129,13.440611
16.800505,11.187158,12.219677,103.093079,30.657835,15.983460
8.407681,5.883224,2.731076,18.806042,5.852825,3.268864
37.123718,23.961037,11.936118,62.143124,18.468792,76.891342
15.163141,9.897184,14.283655,76.573730,19.837894,11.740033
11.177085,7.992092,5.220923,11.704770,2.141955,4.113497
14.326347,10.200220,4.308329,58.623680,16.211765,10.643003
22.783792,10.545331,6.688823,53.038177,13.450897,35.409729
22.440088,15.200226,6.400273,47.003941,11.091411,7.720755
7.100862,5.198223,2.971999,24.664940,5.907169,3.538157
17.865999,12.402661,9.545600,81.557808,20.097626,8.079512
11.790418,8.420264,4.901462,30.418613,8.523643,4.780838
9.933076,7.035116,3.785496,4.343291,0.511915,-0.148303
34.451889,22.652845,11.009784,57.002228,12.167501,6.927143
5.980150,3.975358,2.770596,1.563615,0.310441,3.898527
64.258743,36.533447,60.792683,279.794739,72.583702,240.902466
16.841141,11.514151,5.342136,28.190657,6.213331,14.361186
18.662455,12.936306,9.502059,50.814812,11.816852,8.980882
9.387811,6.751867,3.193249,24.353067,5.262200,8.058962
8.464579,5.639543,4.955696,27.806273,6.551203,2.014537
8.323472,5.673296,4.395964,6.246790,1.419820,7.670023
16.517529,11.197898,11.648746,62.620239,15.979268,9.037965
27.865160,19.261150,7.565115,34.455711,8.865827,5.591667
22.958797,15.057377,13.333877,87.155128,22.223845,25.002600
18.308420,12.835089,6.376389,66.064011,18.283159,14.053241
22.191742,15.282532,9.094184,43.447697,10.128556,6.654012
16.037716,11.233510,11.042610,93.902458,24.603609,13.385894
25.756718,12.970911,8.195396,76.127151,19.106661,6.923608
28.835802,18.735413,10.920586,68.440552,20.635143,40.116714
24.259754,16.614717,9.149285,59.931458,15.544259,11.117461
17.403608,11.893528,7.699920,43.405193,10.511736,6.227799
9.505889,6.826396,3.076388,25.569546,5.770302,8.402880
22.349562,14.950998,10.867405,46.436825,12.459977,21.977657
11.721269,7.729039,3.945165,37.573681,9.644748,11.169412
10.481576,7.571642,2.823383,37.537010,11.065494,3.055239
13.498243,9.823016,3.929806,23.356558,6.023453,28.911486
24.168270,15.921855,9.770334,30.050058,8.396057,17.801933
6.179835,4.557091,3.560894,24.514761,6.621622,6.280726
7.618155,5.546113,3.342950,27.152128,8.906729,2.445695
22.711500,15.543656,8.388296,52.228722,13.502088,6.763270
20.061773,13.868738,6.092655,34.161098,8.915408,4.694094
25.620255,17.553692,8.816539,71.331406,19.731737,9.884914
17.865219,11.938058,6.652501,64.227890,18.972656,27.829184
19.507145,13.290633,11.632861,29.435966,8.359714,7.552098
11.607970,7.978350,6.309970,68.005074,18.427713,7.823069
25.199989,17.231497,17.184721,78.344704,21.826513,91.998207
15.389555,10.614588,4.531721,41.402565,10.830204,7.810034
36.526112,23.923258,11.737361,50.164822,12.902514,13.242483
50.331833,32.072403,47.348579,250.395233,59.878960,36.431740
17.150591,11.996917,5.807888,52.088409,13.066991,7.658959
43.425343,27.954582,34.353504,208.565262,52.079323,124.407890
19.618597,13.854757,9.445920,64.129837,15.272388,8.029766
25.734373,17.888205,13.226192,84.542580,23.169178,8.869337
4.978560,3.665845,2.597243,12.819201,3.155074,1.670196
22.435112,15.639361,8.965970,87.180428,21.872581,14.029104
17.955053,11.688580,15.951266,89.020096,23.185585,45.222702
4.900108,3.562465,1.336400,13.771070,4.879382,10.427420
29.151127,19.364138,19.029175,83.299698,22.637558,58.749523
11.849420,8.361159,4.092910,19.833391,4.622087,33.755836
21.206411,14.503089,7.330920,50.218449,12.377748,84.066795
7.719796,5.808768,4.672174,59.243916,15.636399,3.532674
40.186062,27.788239,14.601197,108.097870,27.488831,26.056200
36.074173,21.487494,27.715834,121.068146,31.268816,29.053671
7.628986,5.330736,3.137945,2.365432,0.518738,1.198273
24.877497,16.956402,6.590148,57.621281,15.647466,7.848606
10.300984,7.322757,4.313122,17.904312,4.877770,4.075740
23.946678,16.378645,8.311353,45.655651,12.568436,14.056682
13.851741,9.366482,8.398641,23.018160,5.419141,6.205542
26.312296,17.547823,11.765301,86.818489,21.395884,57.548817
23.996944,15.822045,9.806723,75.833115,19.868898,15.385552
46.631096,30.135521,14.910830,77.915550,17.003475,21.315039
19.448772,13.461183,5.910628,28.286566,5.454383,2.505447
12.477225,8.215118,7.188004,72.544044,20.718182,5.554117
16.652020,11.380003,5.490928,19.959602,4.628082,5.223519
8.160220,5.756159,2.477721,9.674854,2.658388,2.772082
14.229636,9.641222,5.606254,94.354683,25.795841,3.694246
11.628085,8.326656,4.771558,6.419810,1.268397,4.032341
8.728080,6.150420,4.553364,45.989021,11.534989,12.027606
16.220837,11.084169,4.987466,41.619209,11.624255,44.502296
27.717949,18.287563,9.293483,66.024330,15.649352,10.995124
7.011602,5.111502,3.265988,1.625296,0.754732,0.451367
31.793360,20.174175,16.324322,82.439857,19.351175,33.152737
4.211002,3.305779,2.508346,23.924061,5.193371,0.180960
19.273527,13.244670,5.467624,22.375889,5.627318,5.939225
34.019089,22.949020,11.993921,39.534481,11.778566,65.215912
5.731773,3.840551,3.168401,10.023358,1.843941,-0.064441
15.557331,10.983008,13.389154,35.414490,10.341706,68.978096
52.797031,32.004337,31.167706,176.309738,48.617111,75.503632
23.209433,16.171238,10.868729,56.848938,13.890404,15.970852
12.139987,8.739313,3.778661,27.948442,7.467068,6.845320
22.636457,15.334444,9.362196,121.544167,30.688593,8.710264
21.277231,14.044827,7.232512,121.135201,35.947247,21.313566
19.194023,13.117908,5.748326,33.859512,7.562362,10.741814
32.571674,22.467106,13.754541,71.118027,15.906881,12.059486
8.715455,5.895002,4.223874,17.509325,3.132675,3.440335
12.951611,8.798734,4.073278,21.341345,6.575451,2.957895
11.558398,8.187033,3.912202,34.883671,9.915796,27.941740
8.686249,5.941111,3.700403,17.097132,4.821871,5.344305
21.665953,15.942382,12.838128,37.039360,9.770878,20.603489
8.111338,6.003793,3.116368,15.863976,4.372307,13.436066
9.514538,6.950335,3.810834,17.265333,4.302314,4.682845
24.906107,16.314461,12.721678,121.768227,34.819923,33.852413
26.770845,17.789320,9.028491,51.886837,14.176180,6.286433
37.432674,24.527782,15.959300,67.399399,17.266344,43.030125
29.657558,19.492828,9.631041,59.583347,12.893106,23.882730
25.819071,17.197411,8.732245,51.981808,14.513086,6.074144
25.872524,17.314117,5.190078,72.723076,18.935942,8.598063
17.966175,12.129506,4.512471,56.929840,15.135509,10.122946
8.836225,4.667044,2.950923,12.210855,1.728793,4.989210
6.970761,4.536185,3.128674,3.032180,0.561960,0.049516
13.638854,9.976616,4.732640,38.872398,9.155850,3.504164
16.839123,11.527006,7.276842,20.152140,5.591245,9.837027
26.905102,17.867441,8.946469,41.063560,10.821291,6.557027
17.490351,12.504607,6.998858,19.800911,5.237419,3.610866
13.839748,9.394081,5.138806,30.846544,8.555019,22.213596
27.844469,18.851364,9.413508,53.084778,14.397374,13.827863
15.192203,10.059820,6.667721,47.543671,13.417348,8.942542
9.353825,6.645970,4.949244,46.318077,13.491866,3.279969
13.407422,9.487741,9.948304,62.267456,16.252913,69.003868
17.618099,12.510779,6.476861,4.951875,0.969574,3.595065
17.974791,12.343917,10.165173,35.310986,9.208226,12.614797
7.516492,5.146261,2.940281,18.298477,4.115900,3.563648
21.218422,14.548727,6.025967,50.448170,13.733698,11.075948
16.842657,11.589018,7.225448,16.220268,4.081085,8.077629
29.218246,18.933641,8.960073,75.597847,22.746227,92.066460
4.825860,3.655183,2.152573,2.077588,0.253552,2.022454
16.993488,11.599718,5.865111,103.200249,29.329735,8.469517
4.101369,2.972796,1.786938,8.781168,1.146917,2.008429
8.014798,5.909419,2.934830,40.923199,13.512106,14.383839
21.200500,9.054347,7.608155,117.681366,32.990448,61.676147
16.297943,11.442143,5.985403,3.997311,1.009677,2.180438
18.218975,13.097574,6.224823,50.964859,13.344292,5.165980
15.135494,10.814148,5.925472,25.737278,6.573530,5.239375
15.828777,10.769359,6.670887,17.216438,4.504569,4.441113
15.905296,11.124697,6.045852,74.713455,22.378042,7.245193
47.051605,29.516994,17.501732,72.186668,16.459555,16.671213
12.197841,8.403414,3.834667,22.628977,6.847928,6.675103
14.970594,10.818364,7.543911,14.865790,3.704091,3.592970
6.742474,4.699314,2.488451,15.851634,5.222761,1.765036
33.216145,22.826529,10.502140,102.386055,29.797819,64.018547
17.917189,12.306980,6.719569,4.660182,0.901352,1.148324
22.279615,15.021907,21.014101,104.466278,26.359905,55.461815
48.332230,30.366634,14.269374,89.581604,24.039955,18.734617
25.399668,17.541714,5.962646,48.351402,11.503843,12.447849
10.950856,7.145737,2.796478,31.952116,7.700235,5.364494
13.967102,9.681915,5.153185,23.143414,4.961424,24.375662
5.942095,4.005249,2.528553,9.969547,2.287709,1.568232
5.644033,3.901251,2.766894,13.691981,5.208930,1.743796
7.401853,5.120636,2.943544,16.676392,4.035006,2.232138
35.040237,23.192539,18.948248,55.490585,13.268657,16.439020
14.631082,9.859823,4.247298,42.089710,10.872915,8.142184
6.393914,4.515974,3.059491,16.985334,5.488966,3.972854
49.566612,29.821722,34.937656,129.564285,32.948200,21.563648
49.645508,29.421276,21.162575,160.159912,39.993141,35.438343
13.279517,9.106604,3.440697,61.842445,14.895648,4.753754
8.357399,5.769996,3.125689,18.188738,3.332331,7.043097
32.996456,20.868698,18.091581,118.574905,31.378946,14.233931
32.053825,21.476309,10.712648,93.997070,24.735569,19.815742
9.089328,6.506904,3.369156,66.594681,17.362484,20.044994
15.741220,11.387191,5.617980,16.142727,3.969291,9.358505
7.501724,5.366701,3.392149,23.197441,5.472098,21.235355
4.906076,3.374749,3.307415,2.264187,0.630541,5.795600
28.718431,19.948420,10.453584,13.107758,2.534865,11.813105
28.820383,16.159842,18.238579,147.790024,41.464111,91.883858
36.023788,22.485661,34.312649,191.285156,45.997250,37.893764
76.527939,27.743696,32.475601,206.376724,61.245644,229.702011
92.901489,37.896076,72.463684,517.652466,134.963882,421.716095
30.803253,20.531435,9.878766,49.752625,13.063707,7.983349
22.672644,15.565786,11.132208,6.966906,1.342939,3.973179
4.346172,3.132968,1.262682,9.422590,1.710506,6.166332
11.586208,8.328561,5.080765,17.649109,6.223901,22.811459
12.506474,8.755159,7.015105,31.868208,7.713180,4.853573
19.725227,13.182301,8.322079,6.953472,1.205010,17.463161
11.279366,7.866096,4.733792,3.778503,1.090703,1.373966
26.164726,17.847452,9.848790,39.655128,10.068675,28.277863
24.363045,16.174902,10.717087,32.334690,9.061752,11.800539
15.053096,10.317552,5.965103,36.211903,8.766366,5.160518
28.356813,16.797455,11.444283,60.344524,16.154675,62.163795
55.307873,30.646435,42.147747,278.346619,70.508385,114.500763
14.767671,10.296048,4.338941,32.387257,7.430377,7.973015
20.188675,14.028303,6.180954,39.304932,11.052290,13.714339
23.652222,16.402533,11.083594,107.336670,27.551079,26.016268
5.219919,3.689195,2.434999,14.043859,2.989928,3.340337
19.272024,13.295693,13.224362,40.887695,10.731826,35.277107
20.547991,13.625259,22.728294,236.716034,66.381859,135.365250
19.762856,13.407148,13.015521,10.349508,1.901424,6.038337
6.421419,4.361985,2.696253,13.551099,4.434951,5.266842
15.129167,10.142296,5.338646,44.153416,12.002970,42.799587
16.990442,12.018594,6.955808,47.652805,12.232203,13.004457
43.929577,28.913530,13.406717,65.393471,16.406576,8.846313
51.013878,21.477276,24.029654,149.537796,38.671188,36.453751
47.939201,18.595182,20.585697,156.707260,35.817215,23.042276
31.679283,21.335155,9.392778,37.478443,8.204758,9.356231
15.323541,10.645781,5.738518,22.641872,4.562812,4.709205
37.996441,25.131620,18.621939,103.857231,26.523537,18.352856
7.458796,5.366254,3.517046,2.604398,0.508424,2.568748
38.236759,16.440569,13.963981,36.978424,8.916283,10.369817
35.548378,16.540812,13.561055,38.230362,8.455070,8.354428
7.456558,5.440467,3.056656,15.123842,4.121384,1.957694
6.644966,4.481795,2.524446,19.068150,6.037779,3.055485
35.989117,14.886547,13.018690,59.511841,15.976714,32.148609
6.330688,4.513788,1.104595,16.732134,4.696754,10.883281
38.734417,18.281527,16.423918,61.093781,15.258144,43.028355
7.805758,5.950575,4.045739,8.096147,2.651297,9.921619
5.702922,4.311668,2.610349,14.156643,3.037955,1.521030
30.566107,20.319084,15.810622,86.000603,22.950159,49.427429
17.279118,11.562971,11.594534,75.852882,20.052275,8.785471
28.965466,19.449883,16.740356,92.736816,23.255779,10.165324
10.659734,7.661791,12.113997,19.927601,5.493341,15.872439
16.109749,11.074013,6.556324,15.459453,3.906003,9.328892
18.500912,13.045796,6.040031,47.152580,10.618719,22.438526
76.924805,43.901585,58.165405,383.229065,103.423767,125.286667
15.941566,10.867527,5.916971,22.720459,6.519011,6.582469
7.861964,5.241991,3.098404,17.968960,4.135378,1.260841
9.758225,6.843307,3.558160,43.284859,10.690066,4.190441
23.608923,16.075796,7.912720,51.965130,16.045130,6.264937
9.947557,7.258070,5.255053,13.964859,3.615435,3.191232
12.247008,8.650942,3.867140,21.254393,4.781621,4.100967
23.638428,16.269350,4.612206,32.349556,7.203205,7.239127
10.451293,7.410392,3.461096,31.313557,8.323359,9.106023
22.707449,15.460791,9.822150,14.436817,3.510162,4.132702
10.064600,6.726638,3.146428,36.640499,9.339442,5.269971
14.461267,9.938565,3.431548,28.834410,7.557678,10.075137
31.590466,21.576683,11.187217,34.548462,9.470799,54.500183
24.104521,13.115484,17.938782,68.214661,15.608387,15.433906
5.246246,3.643853,2.306006,1.594795,0.136200,0.089011
3.936998,3.176849,2.235146,13.625802,4.747030,0.460642
16.363150,11.423604,5.176312,4.474156,0.377868,0.532156
4.708596,3.325105,1.668411,26.547140,6.486320,17.504023
14.056292,9.264281,5.705891,25.206257,6.546137,2.913207
25.289560,16.674915,24.068258,118.926056,32.592033,134.896912
7.662863,5.285289,1.644936,19.346935,4.194656,12.904440
13.910677,10.287093,4.723512,28.860573,7.850141,10.978726
33.066399,21.330416,26.209026,248.765411,67.554344,170.508911
30.154848,14.134995,9.678616,74.244934,17.659378,16.226145
27.540419,14.226015,9.469999,80.757416,18.252850,15.104470
7.036790,4.953458,3.135362,2.388652,1.120190,2.729142
17.296080,11.384867,7.707122,33.777767,8.923892,14.708608
25.044409,16.749044,9.314372,56.561523,13.857279,27.450111
10.741796,7.752662,4.371944,18.501022,4.788664,10.807178
9.875772,4.835940,9.481544,29.191696,6.526926,5.073116
11.791771,6.632914,11.648961,25.595592,4.617981,3.694171
18.705259,13.009092,10.909868,16.989887,3.856290,4.419513
15.749052,9.818647,16.382282,74.885216,16.604290,41.883553
7.497961,5.467524,3.254421,2.967026,0.615957,0.278539
6.109372,4.401228,2.863288,12.090917,4.522912,3.693894
38.090622,25.089537,18.925648,99.360619,23.460520,14.202344
18.713657,13.475095,6.084991,31.280495,7.194609,15.488581
12.586709,8.678965,4.817530,6.276421,0.944372,0.846159
7.046275,5.016486,2.540572,11.485591,2.138317,8.990947
39.595119,25.537693,39.437225,290.603668,78.945526,68.052185
20.253393,13.800431,9.632373,43.949974,9.235054,7.329848
11.109624,7.703195,4.231203,16.418539,3.781260,4.133053
19.465033,13.462913,6.176705,20.206345,4.802024,5.628898
12.967957,8.647923,4.188920,23.555220,6.609390,9.882585
9.846567,7.073149,11.545539,7.342093,1.384597,11.680942
27.045002,12.255630,10.410845,112.805168,30.042170,27.295637
20.755430,14.770538,7.927825,52.961670,14.737940,52.487865
22.939487,15.889279,7.577990,23.372238,5.978544,4.568263
7.305122,4.892123,3.528661,15.449880,4.853235,2.691806
15.820933,10.885327,4.059166,78.758049,20.790983,12.754332
13.288312,8.896697,6.795526,92.217545,22.933872,42.988945
10.695581,7.374401,4.659464,18.348213,4.179197,2.537826
12.086462,8.214296,5.280886,27.062603,9.282714,30.791243
24.229469,16.748964,10.246520,44.483311,12.559569,57.015686
10.995148,8.019953,3.837137,12.701586,4.262108,10.954456
7.451509,5.185609,3.003200,27.016495,5.824323,3.775645
10.852906,7.522295,4.011656,19.336147,4.592367,2.728002
48.332619,29.523052,32.387287,231.999283,58.354519,69.259277
9.467058,6.972128,4.543727,20.454939,3.818676,7.099048
12.455524,8.566603,13.111177,123.131424,32.090992,29.281431
5.337147,3.856471,2.831699,18.889725,5.432598,0.969848
12.868414,9.332747,5.045099,45.569218,11.376083,27.967255
4.176245,3.064927,7.406943,72.027298,17.911480,27.785036
13.926482,9.649572,11.785298,38.126507,8.930242,16.157175
6.739587,5.014537,2.945930,7.617726,2.693778,5.824987
20.984783,14.388066,9.526436,23.912874,5.059619,4.173452
8.800277,6.248216,3.198837,39.900043,9.879611,2.167435
20.216644,14.049790,6.779297,25.826733,6.767172,3.178712
12.287245,8.602243,3.635427,53.923748,14.231434,6.946440
28.049719,18.339808,6.671781,89.424057,21.594849,13.759196
9.972582,7.095024,4.187692,25.053164,8.084785,21.129232
51.079987,27.498392,34.058453,173.733215,46.130165,111.323402
11.232781,7.853254,6.099490,2.651585,0.856589,2.791755
18.302881,12.851460,7.547566,26.722618,6.796108,28.048908
18.087540,12.121332,10.889705,46.958855,12.135592,16.350416
12.978106,9.050901,5.952006,142.530350,39.341621,8.196409
58.131111,33.752876,68.617371,260.935974,68.264290,132.459412
27.774200,16.681719,15.305831,43.577030,11.218449,18.175882
27.672535,16.758263,15.324267,44.416973,11.414713,17.127077
31.076855,19.911085,17.226851,69.205223,18.191908,41.805954
11.220739,7.915361,12.757315,11.109903,1.603904,6.176314
12.750469,9.135397,4.234046,54.326126,13.470519,6.505999
14.726810,10.444041,4.856736,20.804375,6.029849,21.452522
30.495756,19.978605,13.945497,106.641960,32.022289,201.518661
6.045154,4.664737,3.823487,4.445177,1.437892,2.616098
5.984666,4.362387,3.185318,1.270048,0.086691,1.338225
13.456262,9.707455,11.848720,22.831364,5.593584,12.897139
4.361000,3.297194,2.686600,3.349553,1.220523,8.024437
18.588573,12.326944,7.476246,25.773361,6.760842,7.988925
24.021231,16.234732,9.350603,39.419476,9.978513,29.882689
47.041992,28.655527,38.249161,113.289146,27.466360,25.845490
16.783504,11.539304,10.646060,58.622562,13.681919,50.334782
8.341881,6.092237,4.643660,11.778105,2.883111,1.482927
36.093914,21.986059,28.972281,136.228180,35.769306,118.861198
20.512775,13.623598,12.862430,70.652054,16.427042,8.903584
49.944984,27.671227,38.899002,270.433228,69.871033,94.826340
9.256474,6.262424,3.706825,37.355091,9.105643,4.368580
24.800144,16.570171,8.325029,49.474834,13.445511,8.976815
12.342871,8.662573,6.742065,27.598021,6.820140,6.131965
5.808333,3.844913,1.551343,12.010906,3.597801,9.628982
13.085806,9.291797,4.524571,28.234686,7.936610,20.506212
27.098961,18.279751,20.063854,143.271393,34.360752,22.848873
20.778999,14.338645,8.630730,11.172321,2.394180,4.065282
6.994989,5.028616,2.338368,5.786853,1.579637,7.426129
7.993747,5.871114,3.770917,28.439684,8.370505,2.169312
4.943416,3.696981,2.687926,18.308636,4.437664,3.886224
17.522827,11.767766,5.813743,26.435812,5.570613,10.306455
27.963457,17.391191,25.059690,194.839386,53.615807,119.600021
21.462448,13.895194,13.538019,110.988930,30.441959,24.505472
10.696027,7.542617,3.817436,19.476990,4.104581,2.196855
13.215337,9.247082,3.807193,18.172260,5.106202,2.787603
16.197126,10.987490,15.276461,27.586418,6.961929,13.631889
15.163805,10.813457,4.071319,28.135469,7.123204,22.990770
16.158985,11.626203,5.207561,12.933809,2.655382,5.426801
16.871639,11.545593,4.154412,63.705154,19.202013,3.561487
31.744387,20.597099,16.365089,40.792217,10.128886,14.897245
5.711285,4.489352,2.718180,40.201214,9.348084,21.046249
9.421141,6.707948,4.544961,3.095191,0.952548,0.604025
6.837690,5.127437,3.394916,10.465610,3.245039,1.015695
20.507507,13.829468,5.559437,28.138538,5.387531,7.294304
30.719278,19.520605,12.760254,77.325012,20.000179,34.198444
9.857491,7.062011,3.352742,12.462397,3.690835,8.565403
10.181797,7.282862,5.295072,25.876820,6.343673,3.095011
14.987597,10.474419,7.581024,49.605804,14.448618,39.827789
25.952694,18.005903,10.255181,35.404850,9.387911,29.114298
15.690053,10.966830,12.389869,63.236134,16.602219,9.736081
14.943596,10.167154,7.411900,20.940445,4.925725,14.815966
12.300735,8.493062,5.386894,30.417068,7.469884,8.113027
15.563735,11.062788,12.068584,69.240517,16.392166,28.869658
33.986584,22.903048,9.511949,38.895374,8.896512,7.590456
11.418296,7.859216,5.304380,24.825796,5.839324,2.281067
4.854966,3.302514,2.574360,2.244805,0.347656,1.615204
50.434269,29.033537,50.652569,205.402054,49.384350,39.921085
13.394452,9.289502,5.332990,32.275742,7.037079,3.526482
27.420666,18.159130,19.316671,185.171844,50.094807,65.465965
33.239834,21.668360,12.628907,51.466537,12.590895,7.983575
16.762718,11.758692,5.718683,23.675097,6.078957,15.331517
12.074441,8.150168,5.336010,16.859953,3.636094,5.120493
6.519514,4.491553,2.948128,27.093925,6.985013,15.424114
16.462067,11.439193,6.729289,5.038248,0.876549,5.893846
16.272602,11.003374,6.976721,51.684521,13.421361,17.194824
5.195078,3.497839,3.204590,20.651995,4.307901,8.184898
12.822040,9.227461,4.005226,30.007093,8.242443,5.070679
16.818121,11.308255,11.939813,95.892403,22.463974,11.333684
18.369726,12.430907,5.978441,50.101707,14.971986,39.492756
13.566282,9.271293,5.159696,36.110050,9.509596,5.484482
6.483072,4.644688,3.564644,14.475309,3.039432,3.167264
12.398081,8.609716,13.504740,13.565253,2.512816,3.008481
75.017426,41.129948,30.274693,193.135208,47.663486,117.390152
19.940832,13.540849,5.292027,42.746342,11.269181,11.103303
6.679126,4.914007,4.315549,12.941325,3.398848,1.593976
5.033896,3.890351,2.851193,13.302507,3.723557,1.282402
9.416881,6.767743,3.898526,10.953067,3.315747,13.608147
23.402489,15.587397,22.824480,77.798714,19.333555,16.910265
44.799622,27.286079,36.157352,164.432053,40.282761,73.365875
7.660712,5.409456,2.602511,1.233595,0.127209,0.721227
19.457300,13.335145,7.858819,45.708904,12.379002,23.262815
15.886946,10.906451,4.527767,37.071289,11.332465,14.626241
8.484985,5.830311,1.680674,13.478123,4.069128,8.486641
24.166626,17.019484,7.120514,72.088890,19.802814,10.177954
19.439522,13.170900,18.017643,77.398842,19.594788,58.958981
21.001904,14.148262,11.595329,70.352112,17.126619,20.459328
57.739643,35.577671,17.367313,84.605568,18.541649,11.029036
7.453631,4.967957,3.183669,24.434219,7.443882,17.722445
4.635929,3.381193,1.687405,1.880271,0.118405,0.494227
6.680708,4.510186,2.989180,15.512356,4.961644,0.812019
37.489162,24.260162,17.080141,75.829460,17.753149,28.599556
20.068752,13.908370,20.210941,220.604370,63.459911,107.924049
23.003601,14.706975,20.369230,131.091660,36.097351,30.685680
19.379477,13.253025,8.552218,18.331148,5.331998,4.931773
11.638007,8.456855,6.765716,18.859413,4.997621,2.640216
7.215758,4.735897,2.812043,2.991466,0.073019,3.584741
31.817667,21.175097,10.758280,73.300926,18.000399,44.292660
19.896919,13.902388,7.874894,26.741369,7.310555,5.315534
41.784294,24.996954,37.461548,167.225372,40.736351,50.211971
15.265300,10.572661,6.087017,63.558006,16.362530,13.518450
7.822680,5.718717,2.477506,6.329048,1.011239,5.377586
9.703537,7.266785,3.248798,27.809389,7.174822,17.943497
26.382523,17.793221,8.621628,103.820580,29.503761,8.197626
36.933544,23.728487,14.491857,53.021801,12.325679,21.227921
21.256245,13.588007,16.851854,241.514511,65.166061,36.714794
23.280741,15.877943,10.947610,39.130985,12.621860,47.562679
13.781760,9.794583,4.623733,19.366869,6.320394,1.305535
14.747142,10.552613,3.238804,39.813755,11.133047,13.828902
39.648163,23.574522,31.690836,337.409882,84.539742,56.299023
36.553455,23.950569,12.972095,104.964012,29.775774,68.724304
20.303127,13.408654,19.376637,70.371086,18.591019,13.378029
24.046158,15.720516,17.133623,166.997284,40.441040,19.234936
6.804832,5.054290,2.030879,7.809717,1.712113,3.754793
23.795919,15.704900,9.123414,35.013966,7.385820,14.223663
24.423555,16.078716,9.752083,71.928734,18.050346,39.659306
53.562283,30.202520,114.257370,570.341858,150.457855,611.762756
17.956104,12.101477,5.390457,28.127928,6.331036,8.776074
18.722878,12.913045,6.092902,61.663944,14.184535,15.850904
6.354188,4.325154,1.976279,5.813878,2.058100,4.113504
22.358553,15.108238,6.579668,27.020481,5.333537,5.552978
19.584913,13.313561,8.268024,57.242947,13.924255,9.614403
19.038713,12.153522,34.438751,151.099854,40.722237,36.445354
38.181034,24.417402,16.485151,113.351913,26.601116,32.507805
22.810907,15.995923,8.042114,40.951050,10.837800,20.218048
9.261471,6.893068,3.951083,17.491924,5.466650,26.847815
22.486380,15.592768,7.903805,46.939243,13.060316,7.697147
58.556000,30.394142,50.459938,228.336380,61.827881,253.213531
14.860513,10.565722,6.147181,31.179411,6.922843,6.316253
21.841516,15.510193,5.978302,37.874439,9.306376,3.586615
18.275269,12.791287,6.835029,57.013397,17.145710,31.571436
7.441311,5.307249,2.854037,15.646692,4.057984,5.175017
22.871458,15.857454,10.295244,69.380547,19.256115,62.619289
6.384148,4.393560,6.199509,19.067537,4.161058,2.152163
15.029436,10.580791,5.521229,46.306011,11.797459,16.021290
55.708080,29.602856,57.671944,287.588776,76.447197,286.070282
30.977716,20.676991,13.050179,33.523560,7.712643,13.923341
13.615143,8.581738,5.144924,35.250698,8.552528,5.446301
32.485603,21.647017,9.826880,41.969963,9.408561,5.010647
28.233706,18.443529,15.472218,116.933586,34.365421,64.918976
15.667380,10.331686,13.094456,216.838715,62.400440,113.307648
5.461790,4.063892,2.228917,2.760490,0.360480,1.756445
14.585423,10.023262,5.203471,5.031824,1.059342,0.091751
29.979834,20.522009,10.623014,62.839745,16.017511,56.445709
7.948525,5.792621,3.111288,21.706930,4.259990,10.216413
29.207960,19.793655,9.834929,37.081352,11.317759,57.987103
9.053213,6.449647,6.457010,16.888155,3.826863,2.926971
20.978382,13.696616,20.179338,104.907120,28.013577,129.480392
90.505318,48.952251,61.772045,383.285980,102.529533,273.879639
32.217270,21.015942,17.987932,85.609596,23.929935,76.853836
31.866438,20.412563,24.297998,123.899506,33.219360,110.316978
34.908993,23.302887,9.439814,20.757854,5.428714,16.286604
12.864420,9.018863,6.013433,30.575506,8.489162,27.580881
8.420280,5.929861,3.061287,2.115530,0.506646,-0.038557
8.704362,6.413744,3.743324,32.066086,7.564250,3.399465
38.160625,25.223028,15.334355,73.444847,18.256315,13.260606
15.376657,10.421530,7.997313,83.849274,21.363186,32.335098
9.213258,6.405408,4.134423,13.243774,4.432737,9.848652
49.606831,29.971060,29.737383,127.500786,31.058453,25.233679
6.717043,4.803860,2.699409,19.435509,5.026050,3.571478
7.954838,5.341488,3.358474,18.387913,4.924428,2.644877
6.507113,4.878456,2.019405,6.835602,0.867060,4.495839
64.483604,31.584219,36.487877,219.783340,52.507900,23.485077
20.349371,13.994897,5.231537,55.210033,14.293802,6.166138
27.332066,10.879383,20.989401,99.648994,25.894979,27.147993
25.360014,10.943287,19.194826,103.704742,24.825418,20.363247
19.922531,13.761902,7.029654,65.083611,16.229517,14.104035
12.501227,8.677106,4.469953,17.314697,4.367050,13.207084
9.497297,6.584375,8.329618,44.028038,11.953380,17.184855
7.143112,5.134495,2.665329,23.590248,6.222336,6.249910
9.630257,6.635397,3.118140,50.345493,14.379998,12.565428
9.887586,7.194734,4.014134,11.411740,3.924634,5.214296
20.085180,13.924126,11.519390,40.602280,10.085685,24.298336
12.098280,8.803342,4.443157,4.187123,0.786776,0.827685
9.259336,6.791161,4.495055,21.658010,4.883517,3.622259
38.710709,15.322866,13.037694,47.079559,10.639348,19.015352
37.619198,15.312960,13.092172,50.690929,10.244661,17.843346
13.538278,9.367936,5.400108,32.499409,9.470500,3.552034
16.898964,11.540890,10.560440,84.637672,23.574766,3.948088
72.172729,43.462986,66.633911,205.199753,49.568363,62.184196
19.741465,14.058414,4.736080,54.201775,13.141693,7.476504
6.905503,5.193408,3.468179,20.345844,4.897006,4.825568
30.099861,19.529770,15.368147,50.232891,13.235882,31.690948
36.434254,19.945660,41.186405,222.310928,57.999008,187.983475
21.557997,14.402493,16.740797,123.531029,31.246037,70.066887
41.495937,26.610104,16.530474,104.125336,27.680519,66.313324
23.250166,15.550594,8.565191,51.915070,14.802635,30.120197
26.084410,17.642391,11.329871,74.988564,18.112263,18.082083
9.680837,6.726753,3.461703,2.928650,0.553730,1.296300
19.373404,13.062768,6.456380,14.038623,3.980912,10.819147
31.888012,21.932985,12.388233,83.366379,20.761080,12.727922
6.726839,4.806798,3.415936,2.647462,0.375879,6.613242
9.125084,6.588004,7.893389,34.690189,8.776080,12.103086
20.474264,14.576572,5.045045,28.264137,7.921229,5.943853
27.756901,18.945576,8.471777,44.766609,11.567385,8.989331
17.304853,11.975748,8.032372,58.183689,14.135116,23.176401
8.997568,6.118727,8.106730,47.429386,11.826216,9.340918
29.604452,18.982601,57.555943,40.219334,10.389171,157.669098
6.143526,4.557936,1.531543,6.045321,0.602001,4.211012
5.267643,3.615268,2.423028,31.455271,8.257018,11.932945
13.845936,9.483877,6.827097,3.992800,0.981740,7.260236
12.634497,8.979870,3.878084,26.630566,5.952757,1.480496
15.272076,10.757233,5.402625,28.026451,6.390413,4.520279
22.825932,15.863491,6.738364,69.696358,19.540504,12.598449
21.809402,15.005779,6.177862,95.849716,24.031132,38.320839
36.502750,20.378902,14.167443,180.299408,51.121784,25.139429
5.175913,3.741046,2.405343,17.349104,3.625063,2.648183
11.474973,7.698465,5.596699,19.916759,4.929040,2.871534
20.052240,13.342639,7.043162,31.574781,7.142965,17.700960
32.436409,21.866234,11.698693,19.451500,4.762201,9.867984
31.479147,21.454378,9.828266,113.191170,27.914192,10.676644
17.562840,12.330119,6.551070,84.631752,21.635248,7.025519
21.184311,14.292241,8.445783,27.654320,7.432126,7.210492
22.984146,15.512777,7.976578,64.583260,16.492718,33.371323
17.647467,12.382789,6.147815,12.622697,2.677459,3.016967
28.468046,19.578777,11.368406,27.457754,8.170829,29.907965
13.885880,9.654048,6.250624,18.613863,4.585698,7.136909
10.627439,7.410491,3.175050,25.609934,5.295551,6.978779
9.567058,6.636312,3.910919,18.232704,4.091263,12.706128
10.502049,7.353139,3.142044,16.997715,5.378563,13.185627
8.918871,6.491895,3.481761,5.126021,0.651503,1.552502
18.955523,13.074806,6.330713,19.152323,5.332098,40.069122
9.749784,6.854433,9.835646,50.771942,11.976920,14.531704
32.405991,20.891191,17.385599,39.445953,8.645803,15.047823
21.328075,14.747376,11.325540,92.438423,24.722189,64.293480
83.107880,36.537453,84.089653,279.506592,72.803337,464.532196
37.118866,23.787731,14.329745,43.590061,11.767094,11.770578
6.725744,4.614801,2.499959,12.093263,2.388018,1.640250
24.465279,16.327188,11.685687,51.670139,14.111148,10.194060
13.392381,9.765360,3.596545,55.601803,14.056244,13.255345
12.278415,6.195100,5.273989,21.749649,4.586510,4.411736
20.977009,14.054577,6.579693,47.746895,12.117034,4.051951
20.334467,13.902899,19.054327,104.302887,28.570198,81.906815
10.220059,7.336764,4.942279,14.345314,4.597005,5.254269
13.450119,9.580718,10.363070,56.697220,15.274431,59.868092
14.957387,10.440362,5.622821,31.688404,9.343170,14.772476
21.760298,14.779879,13.063849,34.049454,8.171338,8.026012
50.921761,28.167795,16.315226,86.643242,24.515509,31.152842
30.223068,18.529240,10.988107,58.511223,15.368573,12.151420
9.684739,6.761867,4.282622,19.623514,4.762659,12.160373
5.592055,3.930755,2.427935,22.975599,5.961777,4.335119
11.973327,8.216649,3.982931,24.814941,6.194053,14.750059
42.971252,26.798338,63.044609,261.045410,68.604370,265.602142
13.656763,9.711646,5.053198,51.706551,14.527509,24.810957
15.442934,10.317897,8.338392,55.444405,14.480929,16.293673
18.989536,12.757917,7.945369,36.606743,8.209435,6.946092
13.815770,9.903798,3.466032,19.304453,5.768122,14.838359
26.442587,17.779594,6.052299,35.357452,8.480037,6.639069
21.356205,15.035861,7.189944,43.780155,10.733078,5.928434
12.592705,9.223014,5.394115,14.287893,2.121357,3.016088
35.131420,23.788853,21.320705,115.424294,31.959862,40.432350
9.133655,6.332618,4.490739,29.228853,7.967122,23.345039
13.590490,9.150679,13.535685,57.530205,16.090433,60.185642
5.237675,3.785244,2.170859,7.252666,2.018921,1.432299
41.096611,21.742588,94.614754,629.098877,173.280319,306.408722
35.114307,22.324209,23.138578,112.190712,30.147963,18.726049
31.376303,21.144718,12.058621,106.128609,29.296831,17.374777
24.085936,16.541910,11.983173,66.864174,15.961852,12.371342
9.566323,6.695651,4.340057,30.386477,10.020215,23.716364
11.702622,7.892841,8.369877,67.312164,15.384068,5.843677
7.324666,5.250636,1.895835,7.214767,1.942409,15.805471
19.237356,12.898455,6.556679,59.764744,15.286130,18.471684
22.739569,15.286450,16.425165,128.982819,33.489937,83.998863
22.200443,15.821170,7.351022,42.542946,8.632911,15.396026
19.992933,13.313777,8.185810,51.897507,13.295644,8.942684
23.927816,15.817009,7.733336,39.990963,11.134195,5.284342
10.368942,7.464343,7.395313,7.611774,1.265279,8.350115
5.688274,3.950082,2.053844,32.295567,8.854984,1.509891
4.806136,3.279861,2.144492,1.189996,-0.003019,1.474775
6.702210,4.843308,3.322439,1.799318,0.122226,-0.347505
47.661983,31.310238,58.071999,429.561188,110.344849,78.036964
24.928078,10.001527,7.913979,82.448074,23.149330,24.061886
24.638916,9.828812,7.855819,85.786949,23.133369,23.732162
12.774602,8.883106,4.883122,25.384218,6.427435,4.136353
10.441776,7.375065,4.311933,44.553822,12.014964,2.707342
31.655886,21.613773,12.436700,52.647823,14.609931,15.088921
8.844879,6.042823,3.386783,26.975082,7.003558,2.800518
4.590899,3.291142,0.903579,7.617657,1.911213,4.259840
24.109444,16.853230,10.068442,78.283333,17.432547,21.935116
29.331671,19.826637,12.497170,16.891733,3.735510,3.128842
18.606628,12.990885,5.738228,46.529835,11.419490,3.598148
8.917445,6.037547,4.774766,1.888736,0.874611,3.759605
23.568527,16.473032,7.664207,31.293354,7.597022,28.005007
14.098829,9.477742,4.617623,41.578106,10.799233,16.834579
8.811490,6.210876,2.836335,28.193756,8.031939,8.415424
17.379171,6.858969,9.766268,52.614235,14.141594,8.086432
15.775798,7.388867,10.090931,49.855148,11.330507,7.581288
24.152815,16.149115,8.604605,36.639622,10.049112,8.053967
40.338097,26.447659,13.073188,95.955688,25.108616,14.568696
8.394152,6.079978,2.794577,16.890936,4.419041,1.923739
15.409729,10.733093,9.947027,123.422058,30.685696,26.202024
12.551588,8.716192,4.865059,4.877650,0.623798,2.789393
24.355228,16.335205,7.810800,27.986681,6.979593,8.791013
49.352268,23.706305,18.065626,141.244751,36.288731,31.117496
9.866480,7.107112,3.854345,11.576231,3.316675,5.212327
4.598256,3.416441,2.189918,2.032775,0.434535,4.796175
25.472223,17.054342,7.938385,58.514572,16.074656,17.529066
29.845602,20.148588,10.349596,22.224234,5.136702,6.820592
7.131290,5.196004,5.309314,55.778484,14.815198,7.137885
9.954265,6.970585,3.795027,21.856333,5.836579,7.857470
26.888250,17.432419,39.376652,257.989044,65.673004,28.424490
9.794737,7.296787,3.151254,21.038671,6.399618,5.452888
14.413287,10.103191,5.115601,49.422340,12.288034,6.341290
6.239031,4.442263,1.723202,11.676307,2.874349,6.592957
10.252703,7.028933,2.075452,17.455542,3.832243,10.592726
15.123397,10.444063,5.984684,4.555186,0.585527,2.165425
10.068799,7.005640,10.477160,47.488396,13.275660,49.788113
12.989490,9.061267,4.907074,24.859371,6.120379,4.889761
13.692391,9.497025,3.205938,34.602501,8.126543,14.220508
32.608109,21.950224,18.526951,163.008362,45.571796,110.333160
9.164587,6.546839,5.375295,8.966066,2.796428,9.078062
26.991602,18.079540,11.527277,60.579155,14.902438,13.274734
47.190262,29.536982,19.654339,114.904839,30.636742,19.735439
32.328251,22.156296,15.314047,84.127579,23.332504,48.462074
34.809853,16.705254,28.039755,161.665314,47.995380,179.141083
13.150064,9.091862,5.276428,18.785402,4.368931,3.226932
15.013738,10.238852,6.571340,45.434849,10.676406,6.990788
31.299782,21.102480,9.803375,71.926323,17.340118,14.387566
12.784879,8.785440,4.900150,28.199986,7.574770,4.741563
14.976562,10.583195,4.709062,16.148382,3.118511,3.122840
52.681519,31.085348,25.879021,205.012848,51.853943,84.476669
25.015635,17.226965,8.197704,27.994385,7.259853,18.422264
16.373287,11.347379,6.973352,36.028313,10.943455,58.216984
6.660692,4.775531,3.229482,8.979918,2.595326,1.995580
24.162102,16.629267,13.283506,92.860382,23.378168,15.019218
46.750767,29.244844,80.315544,499.589081,136.227478,639.247925
24.728983,16.793329,8.364684,73.959167,18.010578,5.964003
16.052767,11.469986,5.922760,79.765991,20.961245,7.223279
15.205086,11.077176,5.713863,15.822841,3.937706,9.274034
17.937977,12.574298,6.073911,12.798232,3.046572,2.845633
29.733889,20.400629,11.209098,10.223256,1.476174,3.390113
10.015075,7.288108,3.390295,25.192377,6.903485,2.547129
44.714787,29.044800,17.926453,101.848183,24.486065,47.518879
17.412422,12.450842,5.626752,27.304712,7.799022,6.131529
21.825590,14.835682,5.236887,34.098892,10.149898,50.545311
11.229763,7.977057,4.099462,33.981052,7.381610,13.015399
12.693023,9.121656,7.402044,21.164402,4.773249,2.318178
8.912300,5.993985,3.555844,27.574043,6.059659,3.874394
6.900242,4.794871,2.797544,18.644459,4.334445,16.774149
6.674023,4.454470,3.065757,1.334984,-0.120529,1.229863
9.500203,4.816341,5.198973,15.360950,4.226961,2.245924
12.149632,8.332451,3.852985,15.607212,4.407622,11.425233
20.620546,14.255789,5.879780,34.779411,8.649848,4.594373
36.793873,22.304930,68.032837,305.897400,81.286140,270.741760
21.025393,14.399227,6.664221,43.513805,12.058833,11.883537
4.612501,3.419921,2.252239,19.079243,5.186737,3.208987
16.851742,12.128927,6.014160,8.227532,0.917314,6.783883
7.242085,5.145997,3.592598,15.557692,4.507177,3.017107
4.848740,3.590786,2.287757,29.789869,9.515086,2.523790
12.787152,9.270958,3.879331,12.289588,2.828719,3.367315
6.139612,4.308477,2.938862,16.093504,3.684516,2.525625
19.490114,13.089334,12.856658,34.323704,8.378882,12.866161
9.530325,6.765419,3.770433,14.508681,3.728244,1.659343
13.962760,9.548688,7.178356,20.327566,5.556871,11.003223
24.916386,16.533800,7.781275,32.285721,7.470656,8.544641
8.620244,6.393896,3.551776,18.834295,4.694321,5.224132
28.030678,19.627829,9.770478,47.001740,12.447083,52.408089
30.521305,20.738329,9.209161,30.260363,5.537680,6.171602
22.690123,15.244471,8.021953,71.609894,18.146101,10.564017
10.484773,7.358468,3.803959,35.753208,10.538043,16.218966
11.075623,7.655427,3.288834,26.498133,6.238511,10.446316
9.363416,6.650544,3.172997,18.754581,5.342370,5.548491
14.840026,10.030012,9.381698,67.647476,18.519375,19.715897
12.003815,8.478367,4.883327,62.661774,16.294109,4.702737
8.063822,5.515006,1.776981,14.016505,2.659435,9.116145
8.889432,6.003684,13.652031,62.457951,16.663895,32.782276
18.737602,12.658891,5.637535,28.744726,7.890283,12.163204
28.121849,19.073071,7.560202,72.760406,18.108988,16.615000
6.925220,4.858050,3.679800,20.271959,6.301330,4.402171
28.957579,18.298395,7.703025,42.192524,9.256719,9.903500
8.092011,3.290672,2.634038,10.267483,1.892871,1.970340
8.296924,6.022607,3.149868,33.835125,8.353572,3.694733
20.651459,13.705347,11.146178,112.914017,28.563112,54.409721
6.898752,4.892400,7.594982,46.868992,13.828329,31.026144
21.944569,14.493050,25.083351,88.834389,21.770712,40.036385
11.960899,8.516271,6.466208,30.774183,8.177917,6.985721
10.528865,7.872532,4.682969,3.120515,0.236161,0.963868
9.984508,7.034203,5.579883,49.393826,12.418497,24.665567
17.929560,12.084964,16.035166,111.596458,27.475508,42.233826
20.864000,14.610101,6.994934,46.103497,12.102883,16.777683
20.352705,14.094193,4.617260,37.502071,9.399163,9.930573
13.136321,9.347068,5.356773,17.272072,4.543190,12.687326
10.286795,7.146217,5.175773,46.925518,11.744360,8.861861
25.187361,17.489462,10.954294,28.801842,7.500268,7.124763
6.287617,4.306430,2.199152,15.688267,5.136023,11.061763
21.985611,15.089559,10.791596,47.951050,13.610047,45.811172
51.120316,32.703079,18.688099,61.468655,17.034472,32.009678
36.060818,24.211069,15.841883,40.157593,10.668904,14.994824
4.455289,3.329663,2.334312,12.368901,3.651204,0.169204
24.657251,16.505974,5.560581,48.955555,13.201528,6.331578
53.963142,23.780960,27.899372,128.528564,31.659651,31.571795
44.381699,27.809258,19.976088,37.326023,9.518209,20.973536
7.343556,5.295703,3.422084,10.557470,2.330736,3.005270
34.546612,22.280907,22.368454,138.516846,38.728767,109.932739
28.061769,19.479198,8.636658,65.874298,17.033260,8.626006
8.359213,5.960039,2.226939,22.218798,7.653831,16.910686
40.949562,20.734964,22.445797,132.850815,32.271133,98.755981
24.072670,13.533841,11.619522,10.226007,1.987311,5.732723
41.935341,27.970181,23.475500,63.405952,15.091591,27.335672
19.639420,13.552838,10.529408,12.352065,4.065455,22.260977
8.315721,5.884365,3.440481,16.598927,4.284408,3.436009
15.370869,10.749309,6.524578,41.535301,10.856441,5.551183
12.957352,9.429133,5.361642,11.768142,3.299902,4.389776
14.023360,9.615347,4.901373,32.982632,11.662770,34.617310
16.555349,11.349271,11.779673,8.850954,2.242940,1.233496
12.851533,6.309414,11.825345,41.730476,11.117399,9.130835
10.399873,5.053709,7.672855,26.545355,5.569481,2.463955
22.093201,14.723710,10.531380,78.568108,21.256403,24.117697
22.764959,15.884893,10.156771,56.696739,14.413069,57.235329
74.964294,39.784401,76.414604,429.988007,124.066795,438.560272
15.027872,10.618286,4.178983,46.953575,12.293412,5.682756
9.008246,6.399891,5.287235,19.095984,4.779645,7.382773
12.926663,8.489271,13.362661,111.099266,30.358635,23.203527
5.849432,4.066231,4.022517,25.361050,5.377949,2.735193
9.904437,6.867530,4.258613,32.769676,10.668081,29.477785
8.743039,6.083975,3.564535,23.804707,6.662589,3.917775
43.621105,26.479967,28.882053,121.754768,32.336090,55.695908
11.665563,8.266014,3.629952,19.884474,5.538491,1.390782
13.377039,9.379296,19.250479,112.193657,26.448256,120.633331
11.764576,8.493269,5.501025,14.458102,3.507911,10.405932
25.896664,17.416464,11.077751,26.332047,5.973158,10.844200
17.288414,12.007366,8.385501,39.995335,10.195159,19.656836
9.866201,6.962433,3.471063,57.630695,16.578482,4.182350
32.812836,22.169819,8.113547,39.642178,10.685275,16.218557
59.553143,35.992451,22.244860,114.808296,31.709131,117.746994
9.372491,7.014901,5.544865,92.404228,25.148638,7.138709
19.432240,13.875735,11.627535,123.631950,29.571714,14.036839
27.522142,17.908045,8.803834,23.198744,5.826044,14.063048
13.397426,9.381658,3.978367,14.283136,3.659539,11.285254
9.071002,6.172720,2.255419,16.225750,2.491384,11.436820
14.846014,10.251447,9.806613,47.127922,11.692327,16.218161
14.013804,10.048211,4.698981,20.436378,5.383893,3.352260
16.918200,11.662950,8.054634,47.167770,12.267716,40.203175
6.839372,4.769275,3.202597,15.464111,4.402371,1.453544
10.794442,7.064178,7.219856,9.914610,2.644960,8.163522
31.647631,20.659216,43.887535,108.718987,27.988857,26.232748
49.361736,27.386032,54.011482,129.082504,28.628696,32.089588
22.657722,15.252080,13.346545,10.700148,1.507612,0.908021
7.685646,5.340607,1.535187,29.089676,9.047184,26.071859
41.773685,26.464773,22.564035,152.312927,37.416321,26.847427
7.548609,4.945593,3.088080,41.846008,11.504490,2.936743
27.601347,18.470768,10.574322,51.087852,12.954425,79.921371
13.693424,9.657183,6.908461,55.004726,13.457600,7.303040
26.468071,18.505474,6.460620,53.677555,15.743031,13.460441
19.555784,13.796126,5.951211,17.840944,3.826528,9.593030
7.250015,5.394986,2.956899,27.705677,7.829137,2.160760
6.723287,4.551080,3.128701,3.392325,0.808341,2.280049
18.870680,12.548866,9.110291,35.200485,8.608737,11.989204
11.704239,8.557686,3.988730,18.774830,5.157183,19.866901
15.568046,10.768046,6.110065,95.502289,24.518560,5.115057
8.733003,6.279729,3.476873,27.128502,6.899125,2.720972
6.482154,4.635568,3.671167,18.204466,4.306074,1.569222
15.111088,10.596845,4.638435,39.864807,10.713784,8.855124
7.883129,5.452353,3.509431,11.099790,2.985489,6.485134
5.747054,3.975523,2.480567,2.552154,0.020680,0.165655
25.161934,16.798738,9.707943,47.287411,10.014172,5.459468
10.934801,7.622429,3.943857,14.000117,3.653138,4.462226
16.139496,11.180243,5.387556,52.095821,13.108759,20.434011
7.163645,5.077497,6.773591,43.636063,10.961947,6.526894
53.225010,32.146290,45.075344,202.055023,50.398540,90.176460
25.417591,17.033426,7.435197,28.114376,7.240661,14.598327
8.025830,5.822602,3.190997,31.356495,9.718659,18.770151
35.584072,22.123957,11.371725,70.221298,19.613892,8.768272
7.806700,5.503445,1.930840,13.512692,4.071633,14.121781
9.891020,6.934783,4.027899,20.401651,4.771993,3.538423
15.201343,10.306699,5.303891,56.111305,13.221519,4.328886
25.956951,17.256815,13.197434,62.779972,16.143429,10.809555
15.409871,10.652261,5.007036,5.946611,0.829430,1.919912
52.750000,32.728821,33.817123,270.927216,71.114006,93.539978
6.577182,4.354039,3.370702,17.108824,4.782388,5.544600
104.028122,52.104855,153.978836,767.361450,188.269180,191.052155
23.941393,16.140471,9.905232,90.966354,23.827812,8.552250
6.084262,4.290888,1.328405,12.820937,2.840059,6.364297
72.120255,41.183281,26.630247,104.775276,25.485134,49.898773
10.006657,7.033548,4.219451,4.034780,0.486932,2.037641
33.865097,23.066315,11.706073,67.654030,20.258181,130.111038
60.067249,35.907501,39.228596,304.577118,73.651245,75.087639
27.470306,18.195059,8.090581,63.096375,14.613793,5.081648
23.550398,15.894035,14.282350,177.808060,51.507530,43.100658
28.849642,18.926657,14.910478,126.082420,30.007835,20.584423
10.946870,7.696530,4.021120,28.467543,6.640607,5.024659
16.983097,11.852006,5.780366,4.987857,0.827689,0.522561
26.242371,17.538727,7.586646,57.692955,14.165458,15.660245
10.926904,7.482439,6.646466,47.810719,11.068788,21.248575
21.195162,14.388669,6.436251,42.879230,9.831054,10.749911
23.719885,16.054321,8.822660,36.828091,7.922096,6.105001
24.330996,16.485481,10.045855,48.227455,13.824264,49.859840
29.855078,19.771395,10.863421,30.070465,8.464247,10.025837
21.928869,15.018731,10.389665,71.431953,17.416363,8.248490
23.518511,15.934026,11.900355,103.903862,27.174660,17.402653
4.729288,3.445742,2.813388,1.312248,0.343905,3.183351
13.438687,9.332478,5.266686,64.298409,16.614803,5.703882
8.853361,6.002178,2.179235,8.246381,1.663154,3.902708
22.002575,14.749106,8.506896,70.953629,14.312803,18.231047
18.533138,13.036602,6.165019,25.937588,6.922827,4.684252
10.346080,7.020162,8.552768,81.872002,20.675259,32.542084
22.283957,15.271583,7.179645,35.923672,7.713801,5.213421
14.060640,9.971888,5.683232,40.262306,10.679784,48.387337
39.869545,24.397913,18.190601,157.787033,40.734653,56.320919
4.930763,3.344602,2.104352,19.754580,4.978415,10.742126
8.608224,6.163389,3.760466,25.763296,5.149345,3.121244
10.607376,7.594359,5.610476,25.665323,6.866331,4.376721
11.798663,8.416057,3.880963,22.108686,5.175441,4.492750
8.111040,5.488635,3.550014,17.269398,3.885648,2.660279
17.279226,11.846220,6.247547,60.221966,16.338509,29.064754
26.210220,17.552959,8.536754,74.343880,21.756355,70.252495
16.163849,11.390174,6.993288,21.945042,4.999688,4.175954
28.142006,19.566875,7.738399,44.117279,12.477625,6.553665
59.737637,36.890053,52.381271,189.136810,45.826557,185.687744
10.902946,7.540711,7.492922,8.701817,0.717676,6.520145
10.389752,7.253686,3.610000,43.955963,10.859525,2.040671
18.877760,12.632826,21.260134,105.985199,29.403126,31.225733
15.325921,10.546281,6.190404,4.734829,1.026312,1.314598
20.991877,13.836642,19.351557,180.407272,47.841835,38.779716
10.193050,7.356729,2.898029,16.427282,2.627090,2.121225
79.294914,43.133400,185.288544,1041.126587,268.560028,665.712158
18.148592,12.709196,6.537840,47.268696,13.467819,10.946098
27.950031,19.093937,8.709110,43.706322,12.744445,50.877209
13.850463,9.629277,7.116199,13.598859,4.054726,7.959075
7.522043,5.496857,2.965293,28.725904,8.075292,6.543470
29.487625,17.456240,19.682039,151.819519,45.636494,215.290298
9.171277,6.654664,4.025977,20.696833,3.829839,4.724415
16.216858,11.074319,17.924963,75.299713,21.224535,98.385406
9.588667,7.230608,5.220112,58.074974,15.258338,4.712283
10.580586,7.542575,4.894838,19.348166,4.392528,11.029602
8.157585,5.652740,3.614241,3.948641,0.253569,0.543081
17.613499,12.004828,6.904267,25.081348,5.928473,6.789210
8.873336,6.425088,2.411744,23.087420,7.204378,2.663232
21.119715,14.183492,5.674746,70.025764,20.076336,31.724957
4.892364,3.648982,2.833671,2.018865,0.453660,-0.315821
7.702280,5.486169,3.237621,8.535730,2.022718,4.828872
21.772434,14.864084,6.207607,66.000473,19.398251,21.519045
15.749640,10.964776,4.624877,34.240421,7.781185,19.851089
13.813555,9.420105,3.385405,31.334494,8.339231,31.520184
12.208152,8.598017,6.163903,41.757492,11.361237,2.003352
31.012842,21.438326,10.034139,48.687309,9.974893,10.720453
16.878569,11.497404,12.503369,15.400789,2.839700,4.660963
12.693140,8.608129,3.216290,54.630116,16.045622,23.623674
24.909779,17.077803,7.503528,58.957020,14.735341,35.798618
12.869829,8.642250,4.458007,33.934101,10.029819,35.107273
13.248585,9.418483,5.348487,12.330243,2.737930,5.590178
19.316904,13.334035,8.557309,19.104342,4.601623,9.602604
8.982758,6.495704,3.187760,21.378519,5.540614,18.946318
5.975923,3.945783,1.466027,10.486952,1.283236,5.999881
47.096397,27.606379,53.327438,359.585571,97.639450,75.004105
4.055528,2.940727,2.069713,24.518927,4.985049,0.839050
9.060910,6.623263,3.629574,9.029398,2.189760,2.021747
27.927702,19.040752,10.367849,53.370659,13.238910,17.451859
8.425015,6.029564,4.038653,17.627172,4.523958,6.209321
17.950155,11.916611,7.821802,36.319088,8.148736,6.874866
10.946681,7.440993,5.527853,10.413608,2.745030,7.252918
17.291689,11.936491,5.650317,59.167183,16.239349,16.119371
12.271169,8.653852,4.870224,43.769920,10.526360,2.491463
15.802845,10.886078,9.523319,65.764915,17.541185,109.473747
10.828172,7.390745,4.112891,50.568085,13.705680,4.998331
31.697868,20.408539,16.938137,121.494675,33.353577,85.742439
10.780012,7.887247,3.384516,14.147187,2.358834,6.028829
15.562837,10.814245,3.816237,17.615210,5.596807,22.925995
5.186567,3.917783,2.265744,15.762691,3.884007,4.662965
20.218754,13.489735,18.059265,17.936155,3.262083,16.085640
30.839853,20.416573,9.923414,16.297453,4.370719,46.584362
29.658287,20.123707,9.778525,51.447987,13.200422,22.814272
17.477249,11.917863,6.569711,6.124854,1.232045,0.294484
35.739365,21.247015,30.524260,128.515762,32.295383,92.789780
9.554220,6.561133,4.071681,16.700636,5.398395,22.235752
13.364921,8.993721,19.712257,121.822006,34.299934,84.301163
4.753888,3.403351,6.091907,50.019184,16.041775,11.738424
23.125435,15.512049,7.360588,37.882553,9.852589,14.797868
29.731865,19.308935,11.805176,45.859505,11.525451,38.348118
31.532541,20.423525,13.505902,96.624588,25.491179,78.254234
11.657562,8.095641,3.848910,38.482327,10.197320,5.836428
5.755436,4.237034,4.894276,10.728374,3.570027,21.314190
27.623665,18.671333,8.046110,53.197029,13.366080,7.887281
18.306803,7.537016,7.500887,34.710403,9.278274,12.759983
20.863285,11.356209,8.986134,43.029411,9.490733,14.757690
6.225415,4.480900,3.126441,16.530832,4.947601,4.778529
17.735569,12.418352,6.532849,28.710533,8.082440,4.512199
16.011377,11.145798,4.873414,13.423740,3.142494,11.820519
13.908443,9.884374,4.521803,3.471352,1.277947,3.407649
21.949690,14.896599,5.902937,44.522472,10.584712,10.861633
10.507803,7.093287,1.632320,13.108041,2.927817,8.017997
20.341946,13.730648,8.454572,86.680290,23.546047,20.423199
17.506796,11.702488,5.898873,48.962368,11.231035,7.476840
31.607740,21.467283,10.378220,63.270710,18.873280,68.294487
15.989317,11.121878,5.781631,5.244901,0.751635,13.054459
15.728775,10.174213,4.950899,30.140707,9.720042,14.239107
30.430643,21.057207,9.751980,81.400986,20.882803,41.477890
41.166470,25.446947,12.557147,48.679356,14.895122,24.477633
35.184242,22.780945,15.807439,84.025574,20.499285,17.703892
7.774377,5.665352,3.225087,26.534323,6.646014,4.145171
19.848150,13.156624,12.894214,70.690285,15.725313,25.512835
9.091237,6.417595,4.027415,22.338236,5.661512,1.341275
32.145737,20.775459,18.470585,59.713200,14.898941,27.606371
5.675763,4.257683,2.428161,24.299866,6.738557,34.720768
12.562542,9.029832,4.467447,49.868000,14.710984,3.798497
4.970041,3.611510,2.501791,2.201988,0.747578,2.499717
17.293772,12.040646,5.953637,41.244968,8.812730,6.148964
44.632488,19.630749,23.650000,128.072067,32.140034,19.662199
26.313925,17.895023,9.911098,24.451292,6.254069,13.120887
20.468187,14.251513,20.297668,61.769455,14.721614,78.032082
20.577168,14.092783,7.989936,8.712799,1.264130,8.689210
25.458214,17.680428,11.100021,44.133938,9.583176,49.158138
7.224213,4.881858,2.934689,19.545280,4.905667,2.078196
15.385884,10.572805,4.492426,42.151775,12.133705,9.046077
11.115011,7.757145,5.043455,12.263886,2.657279,12.563171
7.499838,4.959043,1.868344,8.849899,2.724169,6.177794
40.615086,24.963150,28.066685,43.674576,10.718688,44.158337
7.717743,5.999468,3.086807,13.541967,4.731248,1.734354
8.558168,6.138563,12.045352,57.734192,14.454093,26.348629
7.895204,5.522137,3.371135,27.766890,6.433820,12.165324
6.556038,4.377570,5.579558,58.199780,16.458630,15.196888
9.659111,6.708084,2.878184,52.597820,14.455901,21.450094
24.049921,16.230371,7.251661,43.134377,10.295891,12.772514
33.217907,22.192417,10.737155,48.986084,11.776249,16.577579
15.530263,10.981858,6.540132,25.813337,7.549937,2.786180
11.295012,7.795025,3.278994,16.856943,6.133665,3.064255
9.923865,6.819811,2.315196,25.467735,7.676565,29.014353
11.256360,8.007732,3.762320,8.369142,1.003340,1.486678
16.378452,11.386022,5.986165,6.667145,1.671324,3.532169
15.770344,11.159095,4.164481,34.184242,9.178252,12.382572
15.711685,10.826395,4.788290,19.866974,5.537797,25.751238
12.824777,9.383705,4.402877,34.153858,9.062675,31.880308
7.754649,5.113594,3.646632,4.470088,0.590540,1.045166
34.734932,22.697563,26.669361,208.981491,57.016449,238.073318
37.129833,24.462572,22.268335,208.244904,55.485565,47.514824
18.083048,12.004080,16.715940,99.138145,30.847218,123.966148
49.971516,29.347786,27.727583,178.262833,48.331608,58.181938
6.146990,4.117071,3.242089,26.242949,7.019246,14.372955
9.150446,6.160919,3.910261,4.430075,0.570022,2.028017
21.104517,14.935426,6.053123,18.171829,2.695484,8.279401
8.832131,6.096882,2.251396,15.672017,2.786748,7.774536
17.193136,11.517248,5.274802,14.058723,4.088924,8.734983
9.975222,6.830613,3.257058,27.578894,6.868398,3.693289
9.354362,6.891303,3.668117,31.675573,7.443050,2.829600
17.603924,12.135330,21.363111,87.988190,22.579344,57.416615
7.776464,5.060497,2.191971,29.559105,8.596572,27.095890
28.725149,19.354494,8.303928,31.746395,8.413393,47.443722
19.116474,13.492227,6.545977,21.129253,4.450186,8.058348
11.225082,7.802616,9.650472,8.141061,1.416596,2.572404
29.555353,19.941294,10.775107,36.814938,8.878106,21.862133
21.314390,14.749151,6.436810,45.665585,12.651586,7.875034
46.528111,29.674036,25.838217,134.199493,33.014042,30.589165
13.846499,9.636496,3.705684,17.815416,3.690185,4.778780
16.415401,11.652743,10.401686,31.292946,6.160418,7.927964
28.235191,18.562601,13.112686,65.940765,17.155195,30.338339
17.282080,12.057375,6.153487,44.746334,10.486225,4.061103
29.893133,20.622015,10.726782,48.341591,11.337673,16.240017
14.081008,9.413100,9.788346,10.538409,2.677942,25.295038
34.527775,22.714575,10.130799,52.339916,13.544300,22.235947
9.356690,6.475549,8.144950,18.691031,4.340430,5.551963
25.016438,17.509464,11.924134,8.349736,1.308722,2.470570
16.466190,11.491279,5.138577,34.902241,7.491654,4.475802
24.696753,16.836168,11.264853,34.246185,9.767346,8.968230
29.432745,19.684523,11.229530,73.300720,20.074636,11.886364
13.555945,9.317124,4.632374,68.777214,17.947395,11.626967
9.888510,7.493702,3.170137,42.584740,9.876580,26.318275
13.359180,9.357074,4.584627,20.952103,5.313679,3.693339
21.460102,14.709060,7.579878,64.690430,17.815109,6.404309
79.110039,35.698643,62.444462,413.303009,115.945374,823.301453
5.116015,3.863381,2.365581,74.399475,17.545677,4.677237
21.267242,13.846107,4.323172,34.151516,9.684148,42.399273
11.564874,7.891551,4.412762,11.530961,3.894175,3.250816
7.368572,5.555523,4.134912,18.538286,4.405879,11.637490
43.985783,29.127823,19.999710,114.208191,30.659321,24.423916
24.046370,16.768255,8.795052,52.349705,12.359004,16.183729
16.165363,10.956687,6.063699,40.969280,9.184752,6.266996
11.696754,8.289723,4.043845,33.056290,8.429749,28.584150
4.616751,3.250371,5.361829,17.880754,4.869925,30.537064
24.241264,16.416393,8.556113,36.234020,8.729072,12.666338
37.527115,24.875282,17.791897,72.438210,19.244781,54.827065
8.119815,5.804396,2.947053,24.371737,6.634295,27.814524
27.826889,19.007483,11.144057,20.183420,4.428958,5.798182
5.701287,3.987428,1.910166,17.660034,5.328015,21.342098
21.629009,14.982737,9.362820,63.161945,18.746241,7.469702
11.790618,8.208425,4.694583,31.902403,8.589655,27.216089
8.720770,6.371580,3.572736,8.036336,2.742013,16.572729
14.597475,9.788531,5.843358,53.346363,13.497254,13.146171
16.284655,11.295081,6.971655,3.240534,0.605597,0.906652
23.632002,16.049332,7.802454,33.852989,8.598122,9.660402
25.659523,16.299744,34.288265,168.512894,45.179573,54.849827
26.259008,10.487107,16.317154,53.918072,12.908259,33.776920
25.956236,10.562230,16.770775,59.305786,13.381212,32.456841
17.810902,12.240411,11.496449,76.107941,17.864258,11.106133
19.057684,12.967451,9.617821,7.624717,2.158576,11.688868
12.912955,8.811250,6.851201,5.028675,1.161038,4.235597
21.911917,14.867422,7.486655,32.914558,8.485588,9.405456
6.324054,4.518506,3.298960,13.247322,2.923177,1.654504
12.325088,8.648768,4.817388,26.037617,5.719177,9.012407
5.874217,4.149835,2.126644,22.698849,6.211587,4.120240
14.129646,9.738309,6.618331,47.350292,11.246102,4.751541
4.384936,3.091267,3.012527,9.811667,2.109944,1.286116
13.923753,9.757843,4.667189,45.318333,13.059189,6.998166
58.732624,36.523708,27.054192,131.499649,31.895063,21.875553
7.188939,4.785844,3.311107,17.136768,4.928928,2.223948
35.546982,22.280144,12.968624,73.155663,16.993958,20.226265
35.713184,22.442123,20.056293,118.063530,29.651226,30.482676
19.247810,13.453045,10.055284,35.458557,9.088540,20.280029
9.701312,6.694537,3.652842,32.311222,8.081589,7.546429
22.789623,14.828586,16.057428,85.309418,21.575045,19.274263
43.244007,28.448635,18.266003,76.875816,18.397911,24.371515
14.142509,9.878611,5.659718,30.321703,7.690551,3.926173
23.138279,15.891159,10.421443,75.215919,19.796110,16.527012
7.365859,5.225824,3.388410,22.145094,5.959743,4.216357
12.357200,8.526239,3.335814,37.539379,9.861615,4.898332
14.428830,10.598143,5.221850,34.077118,8.256620,7.324170
11.499770,7.733572,7.464820,8.024117,1.371244,13.373681
8.928472,6.365570,4.492212,50.553917,12.776468,6.033818
13.244910,9.131088,5.801066,33.620407,7.756617,11.033129
16.913366,11.843704,4.005628,87.024231,26.085981,34.145798
9.783391,6.302605,1.883882,12.094736,4.038424,9.404476
9.576628,6.180704,3.715116,20.573795,4.340827,2.293246
4.182727,2.963460,2.343006,2.656369,-0.091776,0.939654
11.905673,8.875035,3.497763,10.680770,3.298583,5.151653
4.771455,3.437891,1.328145,8.107121,2.193524,6.584832
11.998244,8.449699,4.901666,32.498566,7.852855,7.571191
20.132338,13.116427,9.058142,13.520851,2.492423,7.292226
29.685572,20.226885,10.137737,38.811386,10.355929,6.942491
6.610618,4.572867,3.938082,15.265577,3.707242,1.915636
12.785341,9.025566,4.182285,26.358572,10.266800,8.371117
48.069275,30.327230,18.133057,173.355484,43.732265,84.886108
17.555189,11.381635,27.959478,148.638290,40.794086,40.980740
9.048471,6.182655,3.460059,18.978159,5.747577,15.802030
26.819517,14.699224,7.434348,76.658195,19.902100,35.886360
12.406825,8.614892,9.774586,103.331123,29.229574,20.728987
32.794540,22.090469,10.995814,56.372112,13.267035,18.096838
37.648411,13.724922,13.255962,41.123787,9.432740,34.180626
36.032974,13.825480,13.357445,42.243088,8.879328,31.186653
8.189937,5.764441,1.738088,14.695594,4.053195,19.978987
11.245281,8.246391,3.756813,13.128803,2.453665,4.001825
15.444862,11.169825,7.388489,20.819111,3.364561,1.247777
32.678020,22.340536,10.256918,88.816582,19.626163,9.181031
18.366621,12.120643,22.544357,148.089249,36.852821,16.070286
25.843182,17.837904,11.239401,63.681126,16.403387,42.317776
9.951941,6.761444,4.275268,60.107426,14.759358,5.363027
7.473423,5.761611,3.354921,3.621242,0.835001,3.833263
29.772734,20.388815,12.964478,96.722404,27.304205,78.542397
39.478016,25.500462,15.697571,186.117477,53.279015,21.785374
12.690538,9.095631,4.607329,26.085045,6.743233,4.310643
42.262478,27.594080,16.185167,75.396263,19.023623,9.518751
32.852810,20.827059,19.725340,90.698074,26.282961,147.745010
32.519207,22.254084,9.167532,66.055328,18.816566,14.278382
39.788074,26.817947,21.181360,36.240726,7.303777,12.652079
20.400629,13.652915,9.769431,41.420574,8.624910,12.241407
16.831879,11.970302,4.678657,39.029339,10.810714,30.439205
19.712124,13.395015,4.950059,75.382507,19.684830,52.602734
8.245505,6.345620,3.743800,15.210576,4.866056,5.770907
14.542119,10.392265,8.830813,5.000391,0.390148,2.787788
34.242966,21.747034,17.962339,19.211174,4.738345,64.103287
5.498331,3.983740,2.567640,3.811296,0.147766,1.828048
7.190738,4.911427,3.453905,22.509037,6.041693,2.503707
32.317455,22.340128,12.007830,71.546089,20.370317,56.113178
11.934811,8.364284,4.464076,14.527903,3.246501,17.300406
10.510675,7.816057,2.613858,66.398117,16.428637,9.626224
32.548454,20.912996,21.968006,81.671333,23.932999,51.825321
7.561273,5.583140,3.533298,3.301353,0.153329,4.596622
12.811611,8.936790,4.888168,34.528275,9.749966,2.879472
27.609932,18.914497,15.741966,85.785370,20.676212,24.582230
11.530552,8.220654,21.566055,125.242058,31.280405,13.534497
46.471008,26.807777,66.254883,306.041046,74.635757,187.824493
4.201213,2.979985,2.351800,0.945816,0.660149,-0.023114
26.644936,18.449089,9.613168,17.394686,3.716638,6.244379
8.935719,6.426245,2.489745,48.382641,11.578122,11.768721
29.931419,18.826578,29.749876,120.928711,29.630701,50.389732
13.875177,9.474256,5.054490,18.696531,3.714735,9.529407
19.737003,13.265191,6.908277,30.671881,7.646342,16.707527
6.962017,5.134233,2.818458,15.329118,4.096155,3.214172
8.359309,5.704459,3.794107,22.413824,7.008157,3.435794
11.695042,8.401001,7.373474,8.518758,2.849928,2.742356
5.435603,4.143868,2.189159,20.383724,4.627409,2.377520
6.630926,4.554564,2.985058,31.652267,7.660960,1.939946
32.050339,18.597754,24.895847,137.060501,34.335155,58.801495
36.699554,23.744131,15.403610,81.982628,19.727262,26.380419
33.639858,22.524069,12.986110,70.996674,17.921036,18.745569
11.570910,8.149463,5.349940,43.826900,11.953454,3.882984
14.179294,9.538642,5.217648,15.937584,3.413839,5.544125
11.368450,7.656743,3.654700,38.557747,10.574851,15.022560
29.083055,19.010181,15.435022,55.872391,14.508802,25.900936
40.734085,25.736631,37.912128,165.762177,45.670467,169.412262
30.701794,20.577108,19.301281,146.217880,38.758659,38.773079
9.685203,6.965886,4.853450,10.719684,2.816358,3.790694
29.942146,19.593924,19.242640,89.774200,22.811039,114.991821
34.387169,23.099226,11.163718,42.450138,11.082911,58.952232
27.044851,18.288776,19.013172,85.784286,21.408758,24.645411
10.307795,7.084933,3.336348,31.185562,8.135703,2.638613
6.428788,4.669274,4.380538,24.014698,5.478359,21.324362
9.861629,7.056674,4.607459,21.695330,3.783384,9.540071
41.392384,25.997023,18.589615,130.160614,33.928753,37.231327
11.131381,7.665344,4.227066,26.888012,5.793869,6.700580
25.560339,17.177715,14.880276,83.790894,22.703897,21.139898
9.171123,6.754687,3.255929,26.792797,6.540004,5.606423
14.779241,10.062070,4.879434,62.550308,17.518625,3.814483
16.188349,11.133563,6.676318,3.781663,1.075463,0.727806
9.240163,6.530750,5.204235,17.106329,3.826047,3.534477
13.021884,9.354473,4.569502,34.486881,10.465918,3.729239
31.159096,18.664288,21.373934,142.300583,34.778759,51.476395
8.286198,5.689674,6.107020,74.123672,19.425035,9.588956
10.325569,7.228755,3.517549,52.899330,13.940489,6.914383
6.769725,4.896619,3.009564,2.766240,0.339113,4.561306
11.250003,8.298336,3.671607,24.342508,7.689283,5.047276
16.729244,11.540854,5.974839,25.455215,6.309455,4.909061
47.343719,31.000551,21.776957,81.293854,22.585621,105.713142
19.989277,13.455984,6.950525,46.041134,10.385135,9.784206
30.076193,20.893501,11.227715,100.069557,30.465572,111.853073
5.758421,4.401984,3.847153,13.240190,3.641859,2.912004
45.010014,27.941271,22.228966,47.985367,10.341550,22.235359
17.173418,12.071590,7.315246,53.067474,13.628614,16.039968
6.182408,4.531032,2.265204,4.162683,0.073365,0.346655
12.934832,8.972895,4.047183,28.608313,8.728751,5.199286
10.698838,7.700605,3.939927,15.566591,4.855603,9.469887
12.272665,8.483081,4.551541,46.927025,11.225516,3.000325
30.006283,20.196024,28.837519,191.793961,50.482780,53.966953
24.167318,16.498898,18.873568,95.508560,29.264723,41.006420
15.248680,10.780561,26.834677,107.888657,25.211346,25.080254
11.071995,7.714295,5.509103,14.470923,3.192382,5.770824
15.281673,10.529961,4.917734,10.551643,3.943181,5.912719
22.131907,15.242326,7.298131,62.958153,15.537741,4.138353
22.309183,14.879128,5.824290,32.407116,9.532619,48.285992
15.462998,10.828072,5.469516,19.998205,4.534711,2.046511
14.749898,9.986952,8.339255,51.532665,18.766163,66.381104
24.159924,15.320627,40.188553,249.806473,73.725479,115.727074
5.927144,4.154272,2.495311,1.556592,0.714828,2.457432
46.102123,29.813133,14.062824,49.482407,9.842987,13.952043
13.219579,9.464459,4.940022,4.651122,0.954763,13.463895
33.949310,21.704897,10.109169,35.306484,8.411798,26.048510
7.639464,5.488358,3.015447,18.341646,5.204208,29.050055
4.351727,3.129195,2.605474,21.197557,5.071335,1.805335
13.955569,9.985086,6.008590,46.744438,11.313021,14.028171
32.718662,21.588274,12.121457,72.268951,18.767881,11.974949
12.758161,9.222631,5.082231,17.298515,4.041387,1.654482
5.402313,4.074285,1.957959,11.684488,3.846077,9.473807
7.212634,5.206810,3.789555,20.879658,6.254653,2.108935
11.358438,7.980641,2.869687,9.637994,1.804861,7.784575
15.893929,11.217300,4.971609,4.516705,0.996997,1.975848
8.810810,5.885979,5.214593,12.990408,3.182499,2.327778
12.450859,8.747260,4.591872,73.777496,20.223032,22.507013
9.008056,6.158015,2.798156,58.539673,14.963470,4.804944
39.124527,25.496189,44.845848,215.949692,53.654495,65.203323
32.871559,21.820879,10.673075,46.368408,12.084574,14.249826
4.209767,3.175290,2.073514,24.755793,6.577875,22.119366
11.572348,8.268509,5.276246,4.388410,0.794344,10.318062
9.754566,6.562389,4.161044,19.236977,4.633484,9.278476
24.547056,16.788158,9.034176,31.328869,6.368382,7.309742
13.400294,9.694521,3.739699,30.343189,7.848373,20.239195
24.224876,16.571922,16.024628,44.188988,9.899547,7.867619
34.674038,20.712141,57.240238,320.292480,82.561188,144.682617
28.955099,19.645226,8.381958,26.611153,6.694709,17.603741
45.285999,30.277882,18.538416,113.526093,27.092014,18.887781
19.884958,14.082094,6.306317,45.845695,11.250602,29.431091
34.973583,23.703848,22.410881,176.410583,53.105614,42.702808
16.794676,11.392611,6.052119,63.423611,13.518442,12.545273
23.944553,16.005095,6.607327,38.701656,9.364016,5.303725
17.142481,12.236620,5.140727,51.679005,14.082975,15.065586
11.439303,8.470726,3.203722,53.236366,14.725667,7.892471
25.568800,10.240805,12.283888,77.897049,21.348629,33.096317
25.136673,10.199276,12.155097,81.289116,21.864239,31.361744
12.339744,8.420447,3.527800,22.776054,5.813725,24.766272
8.351585,5.902699,3.222073,3.208302,0.251337,1.223598
27.814625,19.428068,18.400803,131.509323,37.388416,20.171455
48.850193,29.451559,33.284317,181.326874,47.504753,110.492584
34.687691,23.962990,9.977963,98.474609,24.490999,28.602060
15.205934,10.240477,30.205782,170.070160,48.449013,200.366531
24.034950,15.778702,7.845924,85.173729,23.518276,12.123457
28.436014,19.084152,31.801373,163.297501,43.788956,93.519493
30.479139,20.852268,11.055360,46.717049,16.110348,26.797424
48.134304,29.957987,18.212729,85.737236,24.864210,34.766163
59.521824,33.794300,67.775185,365.819855,93.765541,107.285042
8.420053,5.734509,3.877384,1.007102,0.431986,3.408455
51.253204,25.532806,42.753880,258.325562,64.713684,45.470791
54.759388,21.535145,31.323582,163.080963,46.600788,42.841263
53.939884,23.241365,35.373451,246.542419,61.904839,38.472492
21.687376,14.273466,32.252960,168.050156,37.348026,15.664634
67.949631,32.832893,82.518578,412.868561,110.068008,228.557449
21.564989,15.096103,6.762329,38.853626,8.945188,6.292494
8.151004,5.216132,6.129395,73.724327,19.645733,6.529905
29.344648,19.443041,10.443536,45.444210,9.957500,7.956905
19.080210,12.942967,9.699478,127.402603,30.631399,11.788342
9.270101,6.606836,3.250137,31.814825,7.395711,3.938034
25.636843,17.278419,11.544836,66.435463,16.727503,8.177007
11.942338,7.973079,8.031899,35.491821,9.143064,6.797229
10.284446,7.412817,4.469642,22.474884,5.797381,5.073669
17.011238,11.160839,7.403083,76.023087,18.681208,10.208638
30.091703,19.839083,10.367851,46.557442,10.468895,12.408138
12.831365,8.443266,4.732242,36.948303,8.897135,3.293997
18.496952,12.094522,19.026634,126.344162,36.324261,110.826866
29.402138,20.027987,10.295814,52.130119,15.575901,89.652809
41.357635,26.989487,11.938129,60.742744,13.480993,13.716377
6.687299,4.962723,2.935813,2.342470,0.462184,2.714288
8.700731,6.336989,9.409904,32.763287,9.304676,12.837937
13.254718,9.161542,5.264638,48.860531,13.568450,16.048403
33.914146,21.754599,11.955963,77.479774,19.116198,22.326731
8.614940,6.282964,3.546789,16.978172,4.127215,2.193635
6.625242,4.590330,2.302302,2.619427,0.285818,2.051872
28.636818,19.164656,7.195138,96.386719,25.093483,42.608696
9.205753,6.870507,5.838577,24.785610,5.371205,3.218053
84.918335,50.758461,72.883919,372.280334,98.870361,117.434761
15.992247,11.315525,6.323058,5.285113,0.830944,8.746428
18.293131,12.718801,6.249374,39.620506,10.662385,3.648962
38.935074,23.940697,20.394417,96.369766,24.173346,24.612034
33.973209,23.126431,19.010958,91.001480,24.784073,90.614204
33.710953,22.727655,17.696796,119.107025,33.219143,100.934113
16.721291,11.757856,7.193511,4.623901,0.640015,5.968829
11.276540,7.739618,4.377078,46.741257,12.011535,5.450841
13.554302,9.431920,6.073926,36.392319,10.113436,18.573435
5.719468,4.197466,2.565493,0.056710,0.094554,1.451313
12.589012,8.668576,5.439038,70.284859,20.298275,15.181922
12.241355,8.072422,4.030074,25.493448,7.865181,3.579962
8.014772,5.977608,5.871413,26.905310,6.802107,11.298038
11.943682,8.366007,4.642942,10.644126,2.274387,6.907186
15.307752,10.853904,5.032425,4.812947,1.040392,2.206993
9.330203,6.586502,2.111348,11.861913,1.986010,6.507722
10.738636,7.495633,5.322786,5.808128,1.337111,2.689225
10.331784,7.522135,3.735352,2.756410,0.716014,4.234200
6.167392,4.566541,3.731932,15.584482,3.588939,14.304740
12.564346,8.613276,4.843420,13.451919,3.465468,4.431105
55.069160,31.585466,46.226475,210.006714,58.385872,212.360123
13.199329,9.282927,3.342409,63.440903,20.874977,65.520340
16.417532,11.334257,5.941978,67.688469,18.603731,77.440872
37.595181,23.952780,18.071714,67.535057,18.251295,64.859596
7.594827,5.447697,3.329455,15.847668,4.459032,1.565821
42.389599,27.565157,11.771400,100.118904,25.201971,14.791715
31.561125,22.049070,13.618834,57.030025,14.224974,11.325516
12.292042,8.498946,4.036920,18.256832,4.679072,5.921868
13.929914,9.897354,5.126411,20.212269,5.575993,12.064277
39.461792,25.531710,20.635065,75.639412,16.714102,32.359871
24.405746,17.212547,6.369067,8.125551,1.688547,8.465985
33.877972,22.857824,7.601005,39.944843,10.526938,10.078477
19.719757,13.656927,7.577242,51.050591,15.610785,90.489731
7.552042,5.335783,3.543971,4.052737,0.614775,1.110155
14.883892,10.385256,5.068485,5.332496,1.709880,2.872827
5.203213,3.799327,1.597168,15.754893,4.156226,9.279666
8.813921,6.362811,5.229221,14.514809,2.830299,2.275509
25.973915,17.515020,21.762321,86.008812,21.694056,16.079967
24.037439,17.301378,7.689020,27.945284,5.944743,11.446724
31.699236,21.489307,12.016922,38.952721,12.057740,21.367754
7.168796,4.999115,3.734017,15.129445,4.581927,3.626316
13.114836,9.150998,3.794931,28.899027,7.912263,10.703575
36.230385,22.379686,28.408958,201.638321,47.940098,37.223488
30.187820,19.919542,11.215828,48.825249,10.016685,13.934126
27.554182,17.770777,16.083347,54.254131,13.042293,18.483503
14.704040,10.374779,6.297149,42.141941,10.892063,38.109653
36.992844,24.730885,22.653067,56.310394,13.200437,11.385679
17.132664,12.154144,5.403740,28.670635,7.651885,9.560784
36.848465,18.525885,113.787956,507.342865,129.968079,478.761444
4.459579,3.224440,2.632197,2.259919,0.402819,0.074610
28.926065,19.453436,9.633261,30.077654,7.755609,10.769628
15.881255,9.276893,5.275098,46.711651,12.501773,11.527151
38.935196,25.074383,10.879503,81.078682,19.720583,21.728207
26.226633,17.928755,11.190475,54.288044,15.432943,13.258306
16.142351,11.321434,8.729311,48.775082,13.303324,23.286224
9.942037,6.727623,2.983621,18.059944,5.310503,5.047193
9.877802,7.173789,4.398811,18.593382,3.750536,4.873788
25.644817,17.757324,9.410738,111.138611,33.938618,61.057743
38.295536,24.971945,16.744425,130.031036,34.567638,104.866196
14.175409,9.802464,8.718630,43.755035,13.057063,22.142570
15.322707,10.671345,5.908081,31.273279,7.501647,12.592607
15.137891,10.933220,4.649925,28.188004,6.715097,32.600460
4.979005,3.594070,2.998918,12.370200,4.021610,2.222418
12.974833,8.728936,3.202567,15.436898,2.930585,8.511873
8.029070,5.911692,4.759896,21.102236,5.133172,1.994787
30.523777,20.016968,15.088510,61.805340,15.772648,16.553736
41.486790,23.580088,24.664806,162.532883,37.786320,34.003002
12.686986,8.670267,4.172600,45.679546,12.507234,13.825771
4.735354,3.390977,2.592414,17.324512,3.731379,3.046505
5.205173,3.777028,1.598741,17.643488,3.693186,2.998470
7.485765,5.543861,3.285376,2.981037,0.383082,0.724146
15.583980,11.229205,5.061779,36.467758,9.727736,4.911290
17.120396,11.812560,5.662090,57.283474,13.773412,4.600986
12.774695,9.209103,4.323462,12.998107,2.862883,2.708403
27.943321,18.904169,8.506985,38.132084,9.793404,6.560152
11.392068,8.085343,2.490252,35.208458,8.364400,9.333058
8.276228,5.912513,6.548834,41.266060,11.110712,5.429184
6.607764,5.021896,2.260981,18.781981,4.412846,3.269804
15.488585,10.403118,5.603176,3.628935,1.246099,-0.571949
20.591089,13.540545,7.576785,66.357170,16.572273,44.924114
5.711114,3.891400,2.180651,22.808680,4.908926,2.680490
9.424081,6.534916,3.901681,16.524895,5.675383,18.839748
10.630453,7.287944,3.703864,18.391167,4.346906,12.677109
25.647629,17.411264,7.503956,57.483543,13.404447,29.661636
11.949288,8.375803,4.741309,15.269824,3.222887,6.835387
18.679108,12.731199,7.949676,58.168015,16.283234,7.977225
25.741262,17.499325,9.045735,39.315662,10.259251,7.748653
22.449310,15.500015,12.711644,67.871483,15.840288,15.513929
13.367757,9.384910,6.460958,19.417025,4.582603,2.691092
21.176172,13.917335,9.642208,47.203270,10.889585,12.412816
43.885216,27.246748,28.494295,128.675140,34.247974,55.253262
40.644764,27.154400,17.358183,97.801994,24.644665,22.753670
9.260884,6.280517,9.790771,103.987579,24.679855,17.094456
8.262696,5.755785,1.977928,20.035069,5.162749,18.218794
22.747776,15.420045,6.495102,37.732212,9.895123,8.162188
30.259268,19.116619,13.012829,205.926712,55.866295,76.227257
10.025073,7.177355,4.173922,38.469063,10.129613,47.127605
13.556200,9.943465,4.664583,21.148701,5.820784,6.898075
16.538898,11.371665,6.908789,5.485198,0.969677,2.270937
11.524828,7.952064,5.921066,41.785053,9.835897,15.006367
4.719697,3.453351,2.617170,29.635159,7.224915,16.625916
16.658468,11.151393,8.017332,29.771507,7.245018,10.964252
88.057022,46.000984,62.943741,381.585175,95.172913,55.961960
6.921501,5.032584,3.729911,15.085281,3.573805,4.221197
6.357740,4.525273,1.735087,18.126554,5.003971,11.439275
29.311867,20.415600,11.142291,56.087574,13.515858,4.906641
33.357384,18.164558,10.093488,63.790119,15.020875,48.167229
81.095322,42.306625,46.610504,171.624054,47.963840,94.200394
11.862296,8.072376,3.599873,59.715618,15.785315,5.531517
32.433094,22.296211,16.087589,69.733597,19.298979,12.409801
24.865547,16.924448,24.245989,91.832336,26.765217,126.564827
13.520040,9.370903,3.446207,28.841837,7.574726,8.967884
19.858864,13.580295,7.213573,45.113888,13.537535,20.695621
9.921043,6.983016,2.884500,43.401279,14.631218,54.654644
5.261332,3.499702,2.611100,3.374859,0.339986,0.717450
11.286632,7.612520,3.467942,37.084785,9.417303,11.810879
10.835246,7.791394,3.185834,43.384575,12.318819,21.449203
17.112022,12.062700,6.925655,130.294830,34.759460,13.806860
20.924604,14.275476,21.143265,99.578278,25.114668,85.233833
18.546112,12.966635,7.375375,35.899937,8.783774,11.796338
15.915130,11.291472,6.381086,14.133924,3.713822,7.376644
20.441067,13.772144,8.076396,33.430756,8.166752,16.801092
11.549123,7.981907,3.926037,35.703457,11.421321,34.262939
8.745538,5.862602,6.858464,31.052029,7.313558,8.731421
14.396568,9.756108,6.650776,38.931210,10.087736,24.292280
22.926136,15.525678,7.147729,26.038788,5.556883,4.916921
13.420890,9.370223,4.423760,39.867115,10.942582,21.612703
18.623465,9.355100,10.368142,96.094307,27.207092,17.917416
17.094646,9.242615,7.145701,73.306770,17.350826,9.677619
12.862867,8.825288,5.762221,35.090569,9.314466,24.731590
11.670733,8.178784,3.374100,18.815506,6.052218,3.061474
13.009453,8.992812,4.024455,17.960955,6.448125,3.928715
11.764897,8.079768,9.237198,6.481282,1.396003,0.323390
18.028872,12.588973,6.541776,6.163904,0.945684,0.327789
15.694884,10.449588,5.282805,39.291889,9.679482,11.749178
17.189466,11.992016,10.506618,85.192665,21.029751,10.927487
5.249969,3.657773,2.780845,2.381953,0.039379,1.008299
49.858803,30.941422,23.838963,109.683495,24.230347,29.027348
7.969101,5.640393,3.860621,20.032829,6.323963,5.935163
5.621028,4.166384,2.328163,15.813468,4.872828,2.911226
12.337128,8.628379,2.671280,15.456386,4.074480,9.949458
25.862547,17.140926,17.000729,84.982559,23.952223,106.494110
15.411477,10.752974,8.837237,76.071739,21.012917,9.676429
36.097656,24.282751,11.156794,41.994129,10.309450,11.905391
21.710728,15.011564,8.634667,128.853729,35.063522,15.148308
14.604928,10.587395,4.900646,25.030062,5.959144,5.477275
7.416894,5.580450,5.418212,27.893974,7.867521,10.212632
12.641758,8.725041,5.557581,26.795601,5.339138,12.655180
28.925608,19.913458,12.420145,31.081551,7.952933,11.120401
20.959011,14.503746,7.327396,51.245834,11.956175,9.739928
37.620979,15.218021,15.063547,52.872303,13.179267,17.707895
34.308792,13.686298,14.530379,55.252670,13.044821,12.045589
33.050671,22.225159,12.591981,74.597267,21.623833,31.722210
9.856843,6.954587,3.708381,23.737526,6.234957,11.155810
48.890915,28.578405,19.788147,82.362663,19.973221,22.089027
5.794759,4.355894,3.179569,18.444567,4.549790,11.058637
5.738349,4.322152,1.002443,31.192133,7.145117,2.267948
10.661403,7.615288,4.073549,13.510815,3.525493,8.224096
7.892558,5.837578,5.191059,60.064045,15.833117,27.854561
19.701815,13.741704,13.036565,60.833931,17.481798,39.901142
24.763639,17.257481,9.483404,20.243561,3.979685,4.210981
7.788418,5.418441,2.056687,15.051323,3.264428,8.984126
18.528790,13.188686,7.178389,8.744567,1.136711,8.084663
5.366251,3.744067,3.508265,11.755512,4.186454,2.930429
16.191565,11.828146,5.351832,17.299881,3.622569,6.333631
19.633608,13.018106,7.424927,27.838779,7.805273,20.957603
8.780766,6.260957,3.385630,28.335209,9.044400,14.533767
34.373882,21.558739,13.517075,65.794861,14.445745,25.396469
10.947423,7.715061,3.774457,85.528839,23.193962,6.175597
22.502293,15.712326,16.435169,72.712120,21.288940,166.028015
27.002199,18.757175,13.187828,75.039284,20.780334,28.024612
7.818223,5.121869,3.204240,21.699875,5.462694,5.899771
13.571489,9.218037,3.429276,11.995425,3.026147,5.637734
10.091438,7.487618,3.778561,19.272942,4.410119,3.236914
25.864717,17.045607,14.566189,100.546066,27.215580,88.876122
8.144538,5.683129,3.664245,12.462749,2.750341,4.735958
9.524451,6.747163,2.928578,26.477295,6.266572,7.130518
8.909081,5.876090,3.358962,16.690111,4.198629,3.751280
7.965089,5.550843,3.776394,18.722090,5.333186,24.786640
15.445348,10.748948,6.858903,27.550026,7.500832,16.214626
20.718927,14.485454,10.597095,62.008698,16.169954,17.964800
29.892313,18.115627,41.087238,27.822254,6.060418,71.398331
16.238441,11.202707,4.976704,78.276741,21.784790,24.849344
9.371264,6.591347,3.797771,21.972391,6.274050,5.092374
29.952902,19.301750,25.890337,100.434006,25.593180,47.202164
46.335304,26.448101,23.038082,127.404366,32.558117,63.962116
14.803743,10.155370,4.457962,17.305557,4.718730,6.671480
7.061734,5.049448,2.735803,47.033398,11.104197,8.033829
13.916036,9.773066,5.992738,30.445528,8.014196,9.505450
17.502047,11.866223,7.055186,13.475053,2.886886,5.253404
6.657064,4.639530,1.897508,8.758540,1.553332,5.178818
12.467947,8.545908,4.140672,19.708147,5.540719,11.569345
18.515289,12.475755,5.653012,36.726692,9.010163,6.277070
11.943599,8.416876,4.150776,14.236774,4.054269,7.929158
29.365227,19.641140,16.604345,124.994591,34.882477,133.757156
24.622917,17.240088,9.861844,56.747955,12.542996,10.190453
21.215088,14.790653,6.659261,46.504898,12.306032,8.495314
28.610518,19.365921,8.886034,93.338402,25.375431,7.249301
10.561258,7.720957,4.741306,8.885678,2.313394,2.906941
8.491285,5.945161,3.601229,24.823830,6.988682,3.952525
17.145367,11.658090,8.262788,19.945791,5.466532,7.136479
11.136982,7.778244,4.717780,43.350506,11.142073,3.268440
17.279593,11.710032,11.033320,82.001602,20.359949,15.832968
6.678690,5.093906,2.421001,11.533527,2.836857,7.047986
10.794211,7.990237,9.974114,49.888256,12.983129,21.461815
21.715778,15.298991,8.984705,146.034973,39.669437,14.576021
19.489536,12.821665,5.027939,28.515247,6.630562,13.749696
8.698806,6.200938,4.076607,4.458779,0.452574,-0.407637
13.164530,9.312974,4.234557,23.228678,6.019252,2.902739
29.722752,19.810461,9.439404,58.133984,15.251682,5.263774
48.848942,27.314861,17.452534,55.827408,13.402069,22.977341
24.300245,16.045639,8.516734,25.817183,7.899656,72.972145
20.813696,14.113681,6.680775,39.832054,10.413473,11.132669
32.932156,21.510336,13.324224,63.128246,16.964808,43.637524
8.429348,5.908855,3.122876,13.640682,4.083075,10.963091
65.815712,35.419323,66.642769,444.795349,117.428177,89.215897
11.820168,8.127155,5.605454,20.863667,4.992468,4.515095
13.297341,9.404077,6.176713,18.418535,5.644087,14.226266
10.248140,6.592499,3.564289,38.550072,10.184076,26.187937
9.450149,6.141016,3.702168,63.268730,17.103411,5.427781
21.800789,15.445926,7.110165,27.190733,7.097141,25.937456
7.671781,5.451791,3.948833,23.808489,4.949797,2.692657
23.390646,16.268314,8.745235,68.597855,18.932747,56.340012
7.420765,5.545128,5.030722,16.781757,4.507648,4.746790
6.581251,4.473813,3.295346,21.719391,5.201181,6.246343
12.232860,8.569873,6.432827,62.866592,15.136168,4.469017
24.284325,16.403738,16.403442,92.103622,24.604120,17.946281
34.215477,13.838241,11.563742,92.171936,24.128798,17.265333
59.735016,35.986748,22.277206,113.282135,28.966434,29.142185
10.624969,7.465701,3.801515,34.522396,8.611988,2.795441
4.703744,3.329600,2.564955,14.960306,3.125720,1.710270
5.933589,4.544593,1.569153,11.641969,2.536226,6.136114
6.732023,4.670618,3.084008,13.693253,3.244588,3.269432
25.628250,17.686672,6.639998,46.040047,10.720976,8.456782
13.958211,9.833543,5.016346,47.946449,12.892282,18.755346
4.549376,3.555021,2.467741,1.553084,0.392260,2.460538
15.647536,11.213529,7.194326,10.800179,3.131421,4.572320
50.881817,33.236752,24.377279,115.446777,27.803556,34.024658
10.177524,7.240267,5.456507,4.637357,1.161259,3.850262
8.718496,5.983537,4.082172,2.869686,0.498023,4.821428
28.982368,19.760349,8.874151,28.703234,5.953507,17.941460
35.396290,17.077208,80.751007,502.927307,137.027390,400.864594
5.464828,4.030730,3.118084,13.423298,4.344938,2.100771
42.049267,24.717379,22.415556,169.255432,41.095001,22.848976
28.119328,19.668777,12.933103,32.322807,7.715554,4.213289
17.301050,12.272779,11.526504,79.304428,19.771599,15.569989
17.136347,11.838292,13.065147,89.650208,24.066065,17.080332
6.681177,4.646891,3.424326,12.421974,4.011564,3.547080
7.924117,6.102412,3.275714,0.996959,0.313487,-0.549360
37.033085,24.464031,10.370142,71.127945,19.867136,22.130278
15.338358,10.914806,5.092502,38.901566,8.824442,4.170373
8.470748,5.799378,1.616415,20.000338,4.760749,11.366649
6.313463,4.736716,1.507450,11.058108,2.518676,7.668986
42.159775,26.107620,37.210175,253.450363,64.000572,29.980734
23.852861,16.195814,9.853931,12.912569,2.937982,1.990867
17.292068,11.666826,20.196238,136.074371,36.681881,46.695164
3.776918,2.930409,2.344663,3.031709,0.314831,-0.072521
18.277960,12.695984,6.902805,16.173389,3.278562,6.450716
34.482231,20.097605,20.703293,94.460678,23.104807,37.042439
15.845479,11.152164,6.257708,4.196457,0.821562,0.267788
19.630209,12.976650,10.273566,108.574089,27.605110,31.592049
13.883961,9.758005,19.340897,85.631706,19.648668,20.116606
16.776474,11.687325,6.329604,64.431496,16.155441,49.539654
32.022339,20.987764,11.454468,52.891335,14.630680,9.666681
14.748736,10.516835,10.258761,12.550070,2.450569,6.415059
32.137951,20.666269,30.566090,99.268616,24.060907,49.945957
37.453888,22.437935,21.323460,160.331802,39.098553,43.813541
21.002518,14.378728,9.602628,71.376465,16.093550,8.167638
23.557970,15.802758,7.570457,48.946278,13.363261,16.720350
20.201590,13.413376,7.852927,41.438412,10.378683,27.488087
11.548588,7.872068,4.905669,14.302234,3.727357,22.982351
10.095700,7.237458,3.741453,37.252075,8.383616,10.322249
20.185720,13.602768,7.390343,55.571728,14.822599,33.950096
23.979029,16.159903,9.277031,49.067944,12.342571,4.772853
39.668789,20.817240,41.846500,320.818817,79.883820,89.989288
19.016586,13.207079,9.366449,59.699539,15.980144,7.123615
13.264096,9.403199,14.298550,77.496468,21.016739,48.448639
56.122982,34.200829,22.705734,139.526459,35.192875,29.310827
42.021629,26.483727,15.259609,110.652489,28.652735,184.069305
14.896958,10.054039,6.457723,27.768364,6.278204,5.497495
38.161720,23.568645,22.820980,56.003059,12.217763,33.166164
42.165524,23.141775,51.335835,313.544678,76.315376,70.494598
25.795218,17.049484,10.453020,50.955379,12.797683,10.423237
16.614414,11.829608,5.002378,60.391331,15.352547,6.458504
39.303253,25.892550,16.920410,88.634033,20.893660,26.005749
16.311388,11.638048,6.981045,45.949829,12.988292,5.766093
11.485667,8.213284,5.107472,3.580262,0.466356,3.837103
8.623529,5.699258,2.544616,47.566200,12.092329,3.413179
18.129795,7.799036,3.648581,2.502267,0.436568,5.386428
10.269050,7.598725,3.441643,17.464592,4.877828,10.985837
7.934595,5.873622,1.555109,14.351361,3.864003,11.659890
25.190838,17.329006,10.133297,28.799173,6.427171,6.340004
8.499767,6.084489,2.939873,24.741951,6.476055,8.498252
10.749155,7.715403,3.372052,36.451012,9.260707,8.626112
13.658440,9.241263,19.310532,72.305374,18.492012,27.486565
9.282653,6.593646,3.080844,31.308256,9.827866,4.647171
34.342693,22.122082,28.277769,109.676315,30.149260,90.651970
17.651268,12.133053,7.784891,60.711201,16.101871,5.655470
17.862320,12.770434,5.915185,35.445450,10.069050,4.304427
38.558792,25.857815,13.511144,132.374573,29.658192,9.660166
22.555222,14.790827,41.168415,251.354965,67.378876,81.594803
27.052109,18.206728,8.969126,29.837313,6.689480,8.425152
13.477408,9.689166,6.738485,20.067535,5.114486,22.402016
14.299768,10.046175,4.532927,59.192528,13.796649,12.150530
14.900187,10.211025,5.428627,87.060181,23.996447,6.753380
18.345806,12.458057,9.571338,53.275928,11.473831,7.579535
23.505823,16.287193,7.919419,44.928669,10.955921,6.762806
28.283751,19.264029,9.560430,102.777916,27.802999,14.345034
10.842669,7.623255,3.640661,3.535713,1.135506,5.088746
18.722429,13.016602,5.017785,46.692638,12.901169,3.352895
9.989446,6.902437,5.874294,86.434937,23.941553,44.848618
24.138367,16.485064,7.020292,48.933193,10.843203,6.402843
24.448883,16.696335,10.208806,48.291752,14.864827,23.726545
13.076035,9.319983,4.683427,39.945683,10.587321,33.606419
6.844971,4.842068,2.751673,21.672249,4.780350,2.499231
14.649410,10.091970,6.242490,42.208237,11.323094,5.412292
28.203756,19.675049,11.647837,91.951630,22.799280,46.381405
35.113232,22.788126,10.335205,124.918457,35.210747,15.999233
14.043015,9.646152,5.585203,37.000015,9.331445,7.174259
30.730700,20.101784,10.552044,31.094397,6.869418,8.116880
9.493850,6.375178,4.596977,12.649979,3.536325,4.491294
60.562870,35.084988,43.277187,241.962479,65.426064,246.948044
8.063594,5.714960,4.331249,12.819145,3.629571,14.187445
23.530535,16.189718,7.270986,35.798420,8.209281,10.361994
35.793163,23.086603,9.306120,52.964775,12.992491,15.300040
13.713810,9.757909,4.700641,19.548861,5.866730,9.517347
16.831253,10.913479,34.501549,209.702774,55.640820,81.746307
6.749596,4.875429,3.109776,33.390194,8.321596,3.512574
27.672709,18.781019,13.492282,83.756348,21.489658,9.000011
7.966334,5.487950,3.477582,2.497505,0.251589,3.755828
7.337538,5.050413,3.015924,26.655333,5.953458,7.238355
16.701017,11.646603,11.056734,53.276775,12.595281,9.707613
18.756941,12.923352,7.354028,42.480350,10.136340,24.304951
21.175171,14.222222,13.081201,97.167343,25.837206,16.922195
9.894463,6.974140,3.554468,42.780750,10.681376,8.361922
21.567549,15.042973,6.386365,42.309185,9.244145,5.553375
19.146328,13.377116,7.095393,46.153343,11.022582,6.688093
9.097526,6.201150,4.934665,23.505985,5.335479,6.597383
8.406705,5.851789,3.670160,4.142307,0.460161,1.091940
13.292796,9.380429,4.243499,16.852526,4.433233,3.093647
4.668495,3.470735,2.404922,15.867589,4.184277,1.026296
29.243568,18.899927,11.761786,69.781136,18.487785,17.204611
13.082095,9.290985,5.303312,16.949579,4.141636,1.789968
19.817051,14.155464,6.497907,54.914120,13.898644,7.751734
13.927845,9.973562,4.157833,25.736427,6.856162,6.169764
6.696842,4.904132,3.114812,23.387041,7.874141,6.058510
9.902785,7.288288,4.748474,49.672653,13.449564,8.706045
32.391613,21.553171,12.194946,55.479115,14.831369,10.762289
54.464066,34.487488,20.766474,160.569183,39.859055,14.213058
17.103010,12.030376,5.070821,43.343792,11.007321,13.074495
25.522663,17.311039,9.216159,55.803501,13.322529,12.875060
25.797789,16.274347,21.270067,137.378540,38.501225,87.671906
15.472815,10.734180,5.294168,47.148319,13.077678,2.564466
9.846623,6.894867,14.961302,83.531754,23.003990,45.795654
24.404423,16.785421,10.768543,50.012905,13.018030,15.685074
6.104104,4.368628,3.134584,4.494738,0.433141,4.319689
25.609379,16.892597,16.408205,72.862671,17.518803,7.795815
12.611107,8.718788,5.258900,58.113689,15.302611,14.066421
23.148014,15.470759,7.878443,38.580276,9.067169,14.668188
14.978765,10.560085,5.230526,29.051353,7.159729,25.994360
16.570700,11.479395,6.180920,33.010220,9.545525,20.144268
27.401499,18.334528,10.200061,50.281624,14.206582,13.832072
10.227287,6.996186,5.797197,46.517094,11.490218,4.215956
10.069609,7.208520,4.354708,24.125261,6.569554,27.370632
7.222206,4.896344,3.968660,14.613306,4.407028,11.529533
11.303459,7.677579,19.237663,72.904572,18.019842,28.208616
31.851780,21.362936,11.528274,68.926437,17.780981,14.842779
11.461296,8.113309,4.353150,41.217865,11.973714,2.621711
29.058668,19.223267,20.902277,135.292374,33.393600,26.414738
60.588200,37.086903,32.058907,157.012253,36.309021,35.127541
12.368260,8.513033,3.421562,33.998138,7.366416,20.136156
6.636355,4.571305,3.395903,15.744964,3.931431,9.389693
13.575576,9.645689,4.921408,7.427892,0.906017,2.906871
6.180213,4.626965,3.922473,15.474134,4.922063,9.516104
20.940359,14.825377,6.564788,36.414783,8.996699,15.835451
14.034033,9.550582,8.675332,34.292004,10.020662,16.538153
14.066341,9.470914,4.860951,4.967510,1.529415,1.936954
7.588774,5.178841,3.495392,19.768633,5.260376,1.894899
4.808584,3.533424,2.040942,2.572809,0.628119,1.271054
10.704842,7.360494,7.198386,6.825706,1.435084,5.545169
23.574299,16.419371,8.440058,54.735294,15.135706,69.339127
27.253046,18.134216,9.286680,39.767300,10.583138,6.997498
9.666401,7.010918,3.733348,31.673431,7.930160,4.815585
31.613972,21.609400,12.762199,53.609940,14.151837,17.929937
7.791261,5.377026,3.942129,34.381737,8.766504,4.947489
21.032064,14.337733,7.191234,38.510242,8.999242,16.854904
10.437693,7.529543,3.772464,15.625483,3.682332,1.438533
13.374741,9.712241,4.499366,13.931494,3.958370,15.333658
24.398378,16.162144,8.176742,110.994827,27.472218,55.195629
24.279202,15.225293,18.810017,192.995667,61.591717,162.820938
15.571187,10.938127,7.238711,23.182274,6.028298,3.121434
7.563679,5.609329,3.896167,4.692460,1.223685,2.574618
9.784281,6.982461,8.898465,44.801224,12.869821,35.346329
23.651798,15.673516,11.298922,117.403389,32.182228,18.166386
15.128473,10.227456,12.499910,75.468056,19.300592,18.383753
15.275173,10.520377,5.784769,4.333695,0.859315,4.949820
10.527858,7.566784,4.579002,15.402010,3.472649,0.876826
13.209976,9.371922,5.266762,39.312721,10.185778,8.982743
37.430397,22.890461,24.491060,161.821915,41.880753,55.736683
14.203651,9.945414,4.628157,30.282749,7.712246,2.382743
16.568228,11.394251,7.607397,35.929852,9.771110,14.416815
14.308254,9.809300,5.770691,93.866859,23.869381,5.118608
8.373494,6.173851,3.574853,20.008223,5.958738,1.574223
19.709919,13.321241,6.968818,46.532009,12.912669,29.401243
46.053970,25.305359,67.268631,312.248596,83.348579,108.929909
6.182786,4.430604,3.427232,18.743923,4.573637,1.654311
5.289681,3.708347,3.153587,25.099138,6.319412,1.935153
5.653611,3.727405,2.917404,10.583894,3.605848,30.898331
27.499874,18.372221,67.837723,356.754944,93.628143,344.484100
7.816338,5.853517,4.029992,32.833839,8.133981,22.420429
14.931129,10.563984,13.870094,75.814232,19.174875,76.416077
12.378867,8.693547,4.864589,11.673460,2.635681,4.659461
42.167656,18.513359,55.715134,316.543732,85.345901,161.183334
36.713638,18.509983,51.551167,318.855042,80.103226,144.900146
14.488278,9.514703,6.965187,37.999043,9.906296,8.314250
9.159573,6.134064,3.754761,21.229778,4.826121,2.550884
29.854731,20.075636,9.715059,65.474579,15.289351,44.033489
4.680188,3.375215,2.656424,24.528273,5.592659,2.825402
8.486215,5.455640,3.788714,45.335667,11.455303,6.204216
14.676609,9.794344,14.584446,88.780663,22.742733,17.040247
16.144190,11.266643,6.464087,36.077534,7.679552,3.829953
9.959153,6.874145,3.291600,41.730877,11.833006,5.587438
41.583023,27.073410,21.862474,154.624771,41.849628,73.742897
11.151814,7.637650,5.863656,40.988998,11.163442,3.822803
10.559297,7.551740,4.484896,82.758469,24.335955,6.851003
27.738510,18.915834,9.164430,8.282173,1.110472,10.786625
22.245647,14.701029,28.117573,58.481339,15.385759,124.778152
8.227201,6.182330,2.825156,45.955765,12.030680,4.022319
7.660197,5.346891,3.290627,26.535103,5.945344,29.061909
10.757582,7.219026,5.452512,40.274952,10.981637,5.804774
17.136381,12.324368,6.868683,109.609596,29.820545,7.784976
7.006969,4.879417,3.041811,13.135056,3.355891,3.356380
10.197845,5.682765,3.618002,55.398403,15.508986,5.045984
14.700594,10.278294,5.636682,17.324930,4.179671,3.319541
10.001836,7.206503,4.202783,21.304090,6.586340,15.636133
46.395584,24.713068,31.092127,164.135864,42.766815,39.117554
38.012306,26.120960,17.073019,56.743843,13.433155,17.026464
8.603722,6.137945,4.731968,27.098978,6.640735,4.750128
14.152566,10.188820,6.753624,24.718809,6.101698,3.781397
10.295310,7.298333,3.958014,17.672812,4.406482,1.294153
9.357504,6.424143,3.717185,21.395723,6.081981,3.153385
20.222832,13.790424,11.129677,62.346752,16.809166,93.311684
11.470836,7.739089,5.772796,11.575573,3.098892,23.160145
16.697771,11.317273,6.310066,36.393295,10.337816,8.757171
25.955313,17.040731,14.792733,91.313950,26.129456,59.084690
21.849482,14.704291,27.849346,107.295746,27.285835,15.728055
23.950138,16.089945,8.685217,39.872189,10.392399,32.650627
10.796886,7.691680,6.423287,12.259981,3.110769,5.304338
9.090214,6.169550,6.844433,9.555799,2.787659,0.888479
15.934674,11.160870,4.201604,22.475758,6.140024,2.275345
24.573164,16.818790,8.171500,42.248726,10.942984,25.075237
40.926476,26.720501,18.331421,106.236450,25.706360,56.626076
22.637432,11.125311,13.162861,57.886364,12.924422,7.153758
19.025717,9.765654,11.145436,50.480591,8.916276,4.349299
18.344057,13.428167,6.064069,38.943913,10.173026,4.395726
24.974787,16.821831,10.906966,65.711845,20.110588,68.065636
12.290414,8.579661,5.388967,30.123585,7.243048,12.538508
33.878296,22.885183,26.224468,205.657562,52.839600,42.114487
14.938085,10.739525,5.526888,20.652241,5.965633,2.352775
5.897964,4.269038,2.924711,17.169994,3.856282,2.106631
37.001724,24.086056,15.122263,54.132641,13.176456,15.353010
14.630375,10.767787,5.195876,18.871992,5.101075,4.248977
30.477171,20.207771,10.780154,32.963512,9.598196,32.283924
18.212749,12.897482,7.101198,4.432085,0.770758,1.826010
21.004532,14.214886,12.188250,66.096062,16.155142,21.098400
24.276365,16.783245,6.824487,37.329010,10.074018,12.082828
18.191044,12.537787,8.516283,5.647600,2.248742,41.603905
14.334747,10.223150,4.766612,5.869533,0.731965,-0.393859
25.062872,17.056908,11.887491,84.039719,20.785818,12.293577
12.403410,8.512418,3.803917,10.927008,3.160688,5.995656
11.679433,8.401795,4.246259,80.899483,23.453178,13.705700
30.751411,20.636057,12.320950,40.719841,10.220243,45.338863
41.224262,27.216642,40.234631,199.248184,51.221165,158.875549
15.857838,11.246556,6.596225,31.388243,7.368548,4.346107
56.338238,33.400269,26.499168,216.349213,56.703236,67.283829
16.585157,11.241909,4.851170,31.677477,7.927392,7.802045
23.529686,15.951138,8.999934,39.930740,11.768772,36.549992
18.496412,13.165539,5.601753,24.207296,4.702971,3.637588
14.437367,10.126117,4.737795,16.190952,4.335082,4.620872
14.122144,9.610613,5.397463,18.141005,3.471017,2.158373
7.365637,5.183823,2.413515,23.380102,7.139251,3.808303
27.289736,18.615534,9.737562,88.316811,23.800337,9.637346
20.188229,14.087637,5.109927,26.491682,6.112369,5.070848
6.455787,4.522645,2.914151,7.475542,2.214035,2.950268
7.728756,5.426306,4.124851,31.990524,9.090594,2.661925
19.032545,13.493230,6.194263,6.319918,1.161340,1.181783
27.487520,18.800417,13.789927,74.851700,20.054951,18.081102
9.056012,6.485340,3.106281,14.093634,3.027700,11.078022
12.478574,9.337029,2.444347,22.365017,5.943905,5.172640
33.184196,22.427427,13.934842,67.242508,17.188299,20.195860
11.074766,7.945537,2.219838,8.285828,2.587734,5.298635
4.828617,3.622953,3.169457,2.706693,0.249381,0.631375
15.325806,10.594779,5.609812,7.058061,0.913090,2.457187
17.020172,11.755168,12.683603,144.117035,39.825165,79.726982
12.499047,8.961926,3.654602,57.494343,16.039909,7.044520
10.278323,7.229791,2.380984,12.095783,3.284204,10.586502
17.519520,12.333076,6.565308,43.097038,10.402144,20.253716
5.043942,3.656659,2.574378,12.313124,3.221744,5.876170
20.313192,14.243891,6.957510,42.318653,9.595930,12.613509
22.641031,15.809796,16.145100,31.141985,6.821632,6.671248
4.002522,2.995216,1.746319,17.425400,3.088250,4.043008
6.291896,4.550906,3.040360,11.073523,2.787829,0.699115
12.568765,8.876162,6.434215,24.147028,5.770273,3.420253
13.844599,10.000959,5.063491,7.526916,1.997514,2.464608
25.189373,17.019539,11.509215,113.857399,30.799391,82.833855
6.573563,4.593455,3.904481,79.476288,25.298895,4.924464
17.902334,8.316792,6.728643,32.934574,10.843987,7.348968
18.042648,8.973358,7.213866,37.636639,10.315641,7.829815
14.584641,9.489391,11.520404,60.342728,16.586565,61.838905
31.520561,21.689737,10.484608,10.851453,1.705779,1.965698
14.754711,10.072354,5.731772,18.785786,4.718835,6.968736
35.217682,22.374968,12.072292,98.569458,25.459360,52.829395
6.845875,4.843974,5.681535,16.614813,4.690877,2.268710
4.550749,3.282618,2.211845,2.721204,0.193680,0.573888
12.173603,8.772675,4.728045,41.696949,9.298903,22.918550
10.677719,7.552904,8.435746,56.800209,17.948538,4.240433
13.039330,9.411252,4.104208,15.384106,3.630666,2.251244
20.525480,11.920946,8.221856,29.288063,7.578953,11.731359
36.310284,24.539707,11.575503,101.137878,23.266718,16.475851
12.654150,8.849817,4.912914,4.229584,0.046458,3.274361
18.507078,12.765871,8.925024,56.472240,15.083061,7.596862
24.612196,16.679180,9.286363,47.113663,12.466402,5.578744
9.304142,6.577631,2.557277,61.886688,18.273067,2.912416
23.303333,15.672274,6.117942,49.366737,15.201882,16.216574
45.097454,29.530697,17.830864,62.127747,16.554407,10.103356
32.657158,22.094627,8.425995,31.057785,8.485117,53.858837
29.033398,19.202938,14.308143,79.675758,22.203501,64.207207
6.620142,4.971519,3.762517,19.046267,4.825854,6.381384
14.502429,10.375806,6.949412,25.179924,6.568999,10.034284
7.688708,5.318468,3.080167,16.671362,4.226058,6.389026
8.068743,6.086373,3.297704,2.598191,0.395784,3.693802
11.055687,7.873806,4.375344,26.541538,6.737829,4.926630
31.375412,19.424923,16.872900,101.435501,24.067892,14.181640
9.475889,6.704194,5.045703,16.452690,4.396887,4.065200
19.230408,12.946286,7.463760,43.295078,10.665745,16.934938
22.833143,15.176973,12.824224,273.014801,70.036232,29.070377
5.136512,3.978872,2.757063,1.744909,0.509325,1.285863
29.378941,18.793299,13.706397,54.077095,12.887040,51.871056
26.280405,17.325510,23.388039,129.342087,35.715080,201.119598
5.762130,3.826282,2.785892,15.850294,4.368872,2.471598
55.653515,35.196114,18.329483,102.566689,24.541452,19.486958
5.061320,3.814434,2.529774,3.922999,0.347371,0.495588
25.908499,17.690405,11.436317,49.574982,11.696001,5.203078
13.801681,9.669765,4.148974,26.617662,6.181983,2.853040
5.682625,4.025048,2.474028,18.733074,5.169140,14.369608
20.771536,14.063855,10.053595,15.073264,4.650439,48.486912
11.458321,7.859875,3.116232,31.066999,9.096462,41.245598
23.543398,15.563793,34.142677,127.102493,30.920540,24.431414
27.059391,18.592978,13.335975,29.590067,9.429886,17.012373
34.003815,22.226395,12.434592,47.478283,11.948874,37.801777
28.940077,20.307798,9.575788,22.892250,5.451735,10.118151
9.488531,6.257520,10.345529,55.669521,14.315610,9.638031
6.856874,4.988512,3.045129,20.984055,6.752353,13.744726
4.640203,3.355825,1.287727,6.894855,2.379450,5.007788
42.019566,24.502232,75.276672,544.803284,139.206802,82.852287
6.297447,4.159168,3.132370,16.511709,3.258807,1.613309
8.379704,5.586451,3.939601,34.228367,9.706402,2.854338
24.460630,16.554276,7.114840,40.037724,10.748064,39.673031
12.945634,9.379645,5.070324,80.421883,21.877939,19.125433
9.981012,6.730961,4.633911,9.819248,2.742614,4.714803
28.332251,19.420664,9.689725,31.674728,8.857568,18.139639
19.698288,12.167605,8.093708,6.523926,1.476651,7.164313
41.737835,27.215916,14.805982,60.213654,17.295803,53.328564
31.387665,20.900105,12.289762,63.324051,16.157825,79.598991
23.807230,16.487391,3.492636,57.894512,17.048948,42.653481
19.194014,13.107752,6.374072,47.843193,12.985557,30.732220
10.417787,7.581908,3.580986,26.596144,6.610199,17.898285
23.636879,15.934845,8.022256,34.997276,7.593234,7.657139
35.701679,24.113529,11.080894,48.237373,12.850615,7.093976
19.889128,13.643984,10.884342,83.299202,26.967100,95.084084
21.983440,15.058847,7.589044,69.370056,17.942396,12.651752
15.713530,10.923080,6.443824,22.349054,5.918213,5.692706
8.628290,5.826026,3.087317,17.873264,5.473627,26.676487
13.848602,9.652067,5.172510,74.411232,20.559156,4.424713
25.443420,17.660427,5.487995,56.351974,12.970053,6.542804
19.340981,13.359964,9.193714,43.413879,8.773095,14.356739
7.356026,5.201900,6.480084,52.570408,13.700109,19.771416
7.521139,5.079003,2.208448,13.399964,3.762912,12.098353
12.360825,8.458614,6.069964,75.485703,18.254173,12.447461
4.584414,3.358917,2.052956,2.077121,0.099699,0.744839
29.367037,20.131599,11.765309,105.764900,28.577280,24.152121
19.038572,13.202903,5.648017,5.082082,0.875267,8.402764
18.320803,11.846483,10.195859,187.074493,49.565323,12.602306
38.070698,25.427248,12.757674,79.409760,20.688538,20.409039
7.243180,5.367263,3.154317,2.046748,0.041149,0.150979
14.132582,10.096798,5.443833,50.260277,11.369646,3.450564
6.409002,4.557228,3.333191,11.204373,3.396019,4.634972
17.185375,11.998718,7.896725,8.852308,1.913790,3.438127
7.326126,5.261074,3.186862,54.848740,14.741796,4.265292
30.615294,19.965111,24.538591,95.584839,21.345139,38.994659
7.365609,5.286149,2.071601,16.172056,3.681291,8.332989
9.037516,6.382824,4.360407,19.503429,5.522639,4.467566
7.207197,4.917651,3.834828,23.437996,6.698944,4.605612
4.902318,3.303427,2.066936,6.088006,1.731849,2.208596
12.439088,8.858305,6.844491,74.327721,19.351524,7.695638
19.832724,13.433840,17.141607,52.672115,14.319807,27.170208
33.208412,21.800802,11.091893,60.809677,16.518160,23.287432
6.899533,5.200149,1.950253,10.816849,2.380959,4.377860
20.260792,14.051815,7.495052,90.349998,22.308455,6.075458
26.162760,17.985956,9.713451,72.227379,19.330742,5.336422
6.112906,4.550401,3.091309,2.075151,0.247674,0.592373
5.435836,3.993885,3.025510,16.921263,4.444811,1.449906
8.042984,5.623308,3.167545,25.324059,6.280364,3.698603
8.485893,5.828748,3.666002,20.014534,4.964144,1.986968
16.970901,11.744402,6.340759,30.421314,7.146995,50.497452
14.447799,10.213922,6.646522,21.448463,4.709519,9.685665
19.276405,13.175234,5.455517,5.207249,0.938411,1.186098
7.980347,5.978572,4.444942,24.813770,6.137844,6.294500
5.729641,3.926504,1.461217,6.721086,1.608944,4.041491
21.260679,14.978389,7.424737,28.315126,7.757660,6.714227
15.946003,11.227968,6.334116,15.296841,3.369585,4.600223
22.336515,15.461326,8.237648,10.241302,2.450015,12.854336
45.398079,29.208120,17.100368,100.197594,23.185392,10.531754
9.281936,6.539454,3.492270,22.930943,5.902327,5.746079
24.516533,16.688944,7.078141,34.311863,8.892768,12.176862
36.547161,23.272825,20.761410,130.914001,34.985096,152.332382
8.960466,6.381309,4.384597,31.493168,8.722141,4.785095
39.283928,25.856173,13.844868,56.685970,14.803345,63.569458
15.291009,10.493699,5.460308,36.530766,9.077845,16.942549
12.586237,9.018602,4.449103,23.798285,6.983377,35.550289
61.961098,21.862507,21.223949,143.485718,35.375690,41.602486
55.736973,21.352018,20.530176,158.587906,36.181713,34.187870
62.154247,34.515034,36.743126,302.534821,75.771736,58.401394
4.252765,3.330117,2.227948,22.504417,5.423453,3.056059
13.952625,9.970592,10.719202,12.200058,2.500043,21.089291
15.414479,10.720050,6.363906,62.849068,16.290228,14.334397
10.841952,7.845244,4.308864,25.853788,5.790574,3.881401
29.780024,19.352318,10.436649,62.248573,16.732714,72.424950
5.345426,3.819939,2.941174,17.972767,5.143047,3.579348
83.878326,53.221176,68.610771,336.208099,83.385986,80.591705
46.227783,27.123247,56.634411,319.594666,79.689255,82.941544
13.857797,9.950318,5.226497,24.362518,5.424908,4.699755
17.983076,12.328136,8.312655,14.627770,2.973082,3.557419
52.389790,28.386219,43.117020,217.451813,50.621773,113.960587
8.105151,5.924635,4.755666,14.290767,3.622324,2.267698
6.164392,4.643878,2.104256,16.430571,3.695305,9.848212
14.058197,9.666224,6.551291,71.128189,19.470118,17.547691
15.891768,11.477706,4.965147,44.270489,13.651961,33.603184
21.049667,14.980181,9.537164,27.855375,7.849907,18.665842
49.345440,33.214115,16.494427,142.977112,37.221687,32.996868
19.205704,12.730942,19.893322,102.532028,25.640079,27.595766
25.258883,17.448309,6.155787,32.849735,7.641354,12.835464
12.662914,8.916527,4.131912,34.575756,7.383193,10.103009
6.900330,4.791721,3.127784,17.483784,4.883833,0.015127
7.245210,4.963141,2.998109,20.543074,4.428062,15.582926
18.660139,11.951967,48.850719,170.921814,46.477013,146.833710
14.304918,10.022223,5.634905,31.562407,6.957774,6.285410
16.185188,11.195137,5.919687,25.649212,7.136924,19.437962
50.305145,31.500679,16.188946,60.515484,13.993608,16.656307
24.832176,16.964548,12.031122,85.057632,19.165831,14.891850
22.283409,15.194959,12.917055,73.635765,16.147873,9.857120
22.914583,15.365403,8.416414,61.026176,15.554086,8.241879
36.830246,23.594261,17.425234,70.751869,16.064009,19.002831
6.883075,5.024709,2.913369,3.641787,0.289372,1.668291
55.378662,33.108593,23.616629,96.633751,23.732414,11.908549
7.108320,4.953148,3.480590,58.214893,15.872965,14.540153
26.618164,18.001156,8.037040,30.573679,7.046432,62.129459
44.541626,27.351229,38.581398,279.081512,69.025642,50.989433
5.719603,3.762800,1.998063,12.690860,3.313762,9.598334
14.919417,10.466715,5.651272,3.855635,0.816298,5.222805
24.922522,17.394541,11.342899,91.566292,24.109655,85.907440
16.590300,11.995187,4.681817,24.595007,7.310929,7.598933
13.704567,8.974607,5.418266,84.008369,19.937874,6.417345
20.485111,13.787457,6.955448,73.337364,19.252331,4.501831
10.468847,7.269423,7.066752,16.949408,4.574513,1.818609
15.483252,11.078427,9.287941,21.549971,5.968737,23.485579
18.929106,12.657523,12.030848,120.888588,34.413006,54.198433
19.959103,13.545554,11.163839,99.457649,25.525730,64.867020
27.130239,18.386271,8.469517,54.357250,16.394384,43.271511
31.811871,21.477787,12.340704,30.096397,5.249227,13.943826
6.548277,5.243704,3.885067,12.963370,3.392782,1.897574
33.304497,22.469152,12.707213,104.111183,26.915525,9.324034
8.381255,5.860151,2.058717,43.842026,11.568313,4.166146
12.556640,8.788041,5.478140,22.097786,5.872928,6.419936
7.650698,5.273966,3.634458,8.929574,2.289955,2.738070
7.457672,5.202197,1.910682,12.807905,3.090716,8.302565
36.636459,24.179062,12.855019,98.205276,25.975159,13.155814
10.940815,7.810090,3.306905,18.007427,3.883210,9.766572
5.521703,3.973621,1.333237,10.957614,2.986066,4.694361
14.717240,10.298397,3.919451,40.187714,10.771995,9.013327
20.809603,14.680094,9.056720,22.457396,4.392671,3.052389
20.171331,14.196882,7.544405,43.276909,9.220984,4.954235
6.584721,4.882044,3.376813,2.283946,0.153874,3.211856
15.117051,10.717751,6.821344,26.800365,9.230855,29.251986
6.330945,4.589164,1.529958,14.892406,3.911015,9.100769
20.301422,14.045985,9.599800,25.979900,6.043006,7.586797
18.827503,13.364874,5.542827,53.734924,13.990941,4.823758
23.609859,16.487089,6.719536,18.721014,4.899363,6.886107
8.583201,6.040807,3.419701,20.705818,5.857504,7.733545
38.668877,25.600328,12.344774,86.782616,21.938799,16.394976
30.997974,20.670822,13.705213,98.634277,25.472982,13.529022
8.250932,5.863318,3.085778,13.947765,2.513417,1.600868
22.338018,14.981603,19.195995,119.531662,31.225763,38.554554
12.132433,8.612656,4.245486,43.717617,11.029176,6.776874
8.074980,5.635759,3.367642,38.415764,10.144293,29.839407
40.030338,22.469866,38.053944,94.814224,22.677441,44.361431
9.791572,7.001617,2.179411,23.353333,5.859622,27.846325
5.802508,4.172079,3.118251,1.950394,0.558822,0.834871
46.560913,25.884943,66.721848,423.932709,107.457764,130.306747
31.656183,21.256117,10.876657,133.669327,34.690929,7.589722
9.333642,6.848470,2.221521,53.962944,14.405408,40.022476
13.524251,9.489815,5.252426,5.023694,1.219001,0.842075
8.489940,5.682507,2.927866,32.126671,8.234487,14.036028
13.624004,9.399021,3.815302,67.707878,17.008852,5.290013
5.066790,3.921699,2.046662,2.551967,0.555775,7.762657
13.131402,9.104285,5.165763,3.859152,0.742061,3.178081
18.803690,13.154452,7.269313,6.635128,0.816735,1.313541
37.051998,23.195683,19.156374,142.935410,40.798931,188.167938
19.434492,13.518674,6.906083,37.310986,8.610895,11.860561
26.638611,17.564901,7.782928,31.763144,7.568512,10.970085
11.568934,8.727887,5.299304,42.467659,9.708120,1.297435
9.463123,6.917309,3.936064,18.261038,5.950981,22.890699
31.870623,21.011980,8.240863,49.981312,12.354831,16.848707
26.181965,17.644964,7.120802,42.536442,10.332069,12.358638
11.944584,8.168939,6.896027,20.754824,4.602860,17.347717
17.585354,12.633034,6.032891,19.841679,5.590706,7.450712
10.787558,7.856351,4.271935,29.949896,6.641225,5.628984
25.727303,17.754292,10.985250,16.549635,2.669241,3.156207
20.864977,13.966383,7.789532,32.200691,7.575275,23.118771
6.067261,4.621630,1.522838,4.469801,2.052934,3.590699
31.246536,21.247581,7.584155,58.005711,16.476749,20.301754
23.517218,16.062225,6.844762,58.155502,16.735409,32.690308
20.485273,13.667703,32.925755,153.281662,37.606728,40.859234
24.180019,16.441935,7.549606,5.222703,1.177252,4.531339
19.630047,9.180896,8.453791,30.808790,7.946815,16.457949
8.738105,5.914191,3.756458,18.693443,4.244252,9.994519
33.659985,21.971846,10.367811,124.422440,32.077457,15.114226
18.123602,12.699005,6.487193,34.919395,8.331689,7.985301
18.581562,12.706239,6.399915,31.917450,8.266204,9.815103
23.092001,15.751939,8.766207,34.301975,8.566556,16.850109
18.236727,12.707932,10.489106,18.770765,4.827407,7.431231
6.790188,4.613842,4.038846,14.304379,4.564095,2.104858
4.828451,3.844269,1.719377,10.950427,2.776458,5.515975
9.380308,6.794068,3.433946,39.169392,9.435662,7.628700
6.886989,4.910938,4.128278,29.286003,8.562193,5.079602
26.803259,18.691750,10.792091,62.078346,16.470369,35.896481
4.564947,3.114484,2.208588,59.548428,15.428950,2.354935
24.508968,16.919613,12.414035,91.163460,26.283504,20.866238
13.186020,9.224656,4.459772,1.283520,0.519948,6.696599
20.569445,14.033423,3.788868,44.607834,11.930048,14.561123
20.872437,14.155272,8.807087,64.437683,16.812796,6.711017
13.353566,9.598434,4.648778,14.082236,3.579658,3.594970
39.415890,23.704699,30.580315,166.394165,45.772720,33.803665
7.298150,4.908902,2.991916,23.395111,6.102067,5.731936
35.498272,23.215752,16.626148,14.215789,2.607738,12.897977
42.973705,24.804125,58.162056,328.956970,86.071510,102.178391
26.228716,17.768585,8.399731,48.445938,11.243176,8.707476
40.861523,26.792685,22.932856,78.017464,21.888792,64.829102
32.728085,22.695732,14.836636,83.083954,21.389915,22.142982
7.329023,5.117252,2.035199,13.714849,2.725560,8.296498
49.940861,31.934221,19.180988,50.050934,13.231231,23.198294
7.940142,5.618266,3.380860,2.272971,0.622741,13.217792
20.294647,14.173433,6.519495,67.970200,17.028994,71.024887
31.433496,19.603508,46.541019,177.969879,49.393196,134.461884
31.588476,21.552528,11.304264,59.060043,14.564626,60.424610
28.071056,18.135164,25.895889,176.034302,49.238686,139.042923
15.435670,10.845060,6.289647,51.828453,13.246798,41.990158
4.847474,3.580913,2.557821,3.732696,0.379746,2.108108
32.663265,20.422192,33.722355,140.973480,31.958506,15.606686
17.173704,12.420117,5.887531,63.890205,16.602045,42.743336
20.760941,13.819687,8.419393,38.438892,10.098265,12.063477
22.708626,14.381541,21.001621,86.035614,20.437155,11.605708
65.474319,33.470341,29.884081,186.062088,47.331890,80.716019
4.677419,3.432335,3.412465,26.208612,6.754970,1.809684
15.505983,10.908050,4.599641,55.615448,13.545507,20.046249
13.886328,9.659151,5.126740,22.832798,5.554653,3.673597
20.998642,14.372164,6.622526,40.402954,9.480336,51.036137
46.923260,27.344442,22.806669,111.968864,24.749453,27.352280
25.098093,16.538717,16.980394,171.108597,43.838581,67.967003
9.653240,7.118197,3.704772,2.261053,0.918068,1.216001
4.722769,3.696973,1.230351,8.692689,2.349637,6.514352
32.912365,20.701307,17.663078,113.137024,30.924940,83.299042
5.495870,4.037656,2.914214,22.921291,6.025938,17.875834
17.623358,12.484373,8.716700,95.764320,26.674017,24.192980
24.479618,16.727875,10.904814,78.054283,21.735861,24.840841
10.966707,7.962042,3.844623,3.448796,1.169879,-0.546111
14.669424,10.618984,8.266370,5.166979,1.037417,1.477315
20.195938,14.101107,6.233349,27.878918,6.600330,6.490442
4.650577,3.121699,3.517269,82.688408,21.627728,5.591461
4.177027,3.082650,2.616258,2.040165,0.207897,0.502863
12.405083,8.701740,4.823922,50.458153,14.373068,3.952264
5.329714,3.901238,2.633401,2.658103,0.365464,2.320072
16.117781,11.233497,6.801497,51.926632,14.234212,73.722954
21.940218,14.546043,10.182986,57.152611,13.592278,20.777155
6.989650,5.069227,3.060768,12.353275,3.805764,14.320152
17.748835,12.663561,5.588720,64.152405,17.433193,20.972542
15.711413,11.129000,6.774423,22.392658,5.090436,1.580129
74.182297,41.877186,20.526575,103.086113,24.147032,18.467060
26.599703,17.035902,15.712671,102.767418,27.694952,19.619175
19.801634,13.439898,6.993755,36.961987,9.426263,15.865088
15.655879,10.984155,5.503022,38.467213,8.767599,23.266680
28.570286,17.534393,10.570037,134.220566,35.867092,32.143768
57.738586,35.593563,29.190113,213.702133,52.123558,54.294319
12.892450,9.258190,5.315498,16.435162,3.890031,2.328496
12.449956,8.888317,5.920686,115.181961,32.035435,53.387863
17.675001,12.601790,8.935902,53.828499,12.863542,48.554081
21.630016,14.298752,10.122004,54.196289,13.972383,11.887669
11.707470,8.253059,3.318219,22.916166,6.299118,15.134975
5.856576,4.447321,2.931146,1.646832,0.429980,0.802503
37.782261,25.200790,16.228844,74.662277,19.982067,48.065266
17.171581,11.955884,5.753544,26.340612,7.770957,10.559432
14.867131,10.494515,6.441624,56.223499,13.016204,6.163080
12.511512,8.845886,4.495861,13.859149,4.024426,3.465456
11.272558,8.159042,4.514717,17.994326,4.272866,11.344563
9.522111,6.758442,6.007359,34.981297,9.515776,4.657953
13.192849,9.239778,5.243525,3.592001,0.796212,0.837017
4.932779,3.703548,2.671947,1.571676,0.145796,2.916646
17.738462,12.422981,12.668576,121.345230,32.951065,75.361557
12.171708,8.543950,5.074606,31.257193,8.140214,3.135747
26.373697,16.060530,13.175759,48.067577,10.852180,27.476604
25.371359,17.425915,7.576519,47.897232,14.095678,20.479567
16.889032,12.181259,7.342629,17.579582,4.378130,38.579361
29.384579,19.990253,9.260900,64.596016,17.103771,18.955902
38.323402,24.963902,18.202740,70.469376,17.985552,68.126297
8.818243,5.699178,4.134537,51.103397,14.690700,14.922640
28.269999,19.931021,9.701178,74.653679,18.478788,17.332634
29.313694,19.745844,18.895344,57.362621,14.768811,30.637354
32.847446,22.405804,13.916083,86.139008,23.381306,46.016006
11.786280,8.142050,4.038205,68.253090,19.309607,2.939448
27.015373,18.323938,7.434456,43.011856,9.980158,10.170678
20.462782,14.513438,7.497953,43.141121,11.101622,13.596146
21.124964,14.560619,7.818193,40.438728,9.681841,3.940735
24.043068,16.512842,9.714855,48.831390,11.752439,12.062107
12.318329,8.401292,8.322803,44.449776,13.571265,29.687397
19.352816,13.520739,6.454906,59.149132,13.290210,5.719572
39.259548,24.010300,10.411944,88.137596,24.198860,81.442680
8.269678,6.229489,2.388596,27.518145,7.681566,13.941276
10.085580,7.506347,6.335427,43.209671,10.606685,10.733065
5.522383,4.188389,2.952599,1.387093,0.278334,2.109698
42.239132,23.500889,13.200364,109.399429,29.260389,11.865273
10.831635,7.522370,3.533703,41.997833,11.240509,6.777574
41.537735,27.403830,15.236309,65.651039,14.450888,14.739017
55.297119,31.644709,83.888344,396.634888,98.484230,95.389702
13.079363,9.375894,3.385811,29.653107,8.633246,9.991203
22.200920,15.352517,15.684808,91.059578,20.896187,13.965885
7.318556,5.418248,5.300439,62.434139,19.249907,20.522194
9.298226,5.190692,3.431480,14.827174,4.790871,10.454084
40.808632,26.311541,22.026907,141.036224,37.783833,64.510315
18.008072,12.538906,5.797398,10.456381,2.903944,3.788726
6.637859,4.878478,3.782358,18.619055,5.092336,8.938063
28.521173,18.280230,25.381655,21.785637,5.905346,25.114729
7.512162,5.348060,1.905951,14.333961,3.417291,8.355591
39.972225,24.874567,17.594940,138.067566,37.522045,24.099741
6.803401,4.771771,3.189525,1.912463,0.759731,1.959578
13.477586,9.113983,5.495197,88.144394,23.476683,10.541121
8.571793,6.424530,3.127289,24.438610,7.487345,20.692747
6.980673,4.880935,2.800836,15.306138,3.848351,3.041580
22.062210,15.724601,6.159202,43.363827,10.929711,4.853851
11.693259,8.565549,3.107210,44.040749,12.048928,3.126317
26.804806,17.743784,15.394931,51.476189,12.545885,13.110156
9.609683,6.768505,3.169349,20.634602,5.476060,3.346609
20.707134,14.257308,6.658428,25.023760,6.721145,2.681128
21.280149,14.767670,6.335073,41.949722,9.993964,6.829452
50.518902,30.908230,15.040765,85.775215,19.615091,26.670374
8.069777,5.564330,2.552944,17.139429,5.666460,57.597572
12.758593,8.920987,4.109521,61.339653,17.536911,2.534414
20.861559,7.777898,7.581934,54.586590,14.200429,13.725130
9.060608,6.488148,3.849297,20.555916,5.087655,3.553724
21.169031,13.818265,23.335974,61.128674,13.406186,14.907454
10.938210,7.643393,8.127488,70.245277,20.179256,12.401593
19.922413,13.845240,13.180383,52.439228,13.599480,39.591351
28.527691,19.678013,9.580266,52.600021,13.217120,99.057800
18.629017,12.877416,6.734865,30.322872,7.003444,2.835796
26.760008,18.474108,9.114192,60.411572,16.713161,46.555485
5.272363,3.557980,2.690561,17.178627,5.604531,12.319918
9.547736,6.718071,1.105699,14.871623,3.169154,21.396160
53.094452,29.335625,41.965233,116.388153,26.638336,114.683716
7.802289,5.458876,8.503206,19.347279,4.409171,11.614514
28.124472,18.918903,9.689039,70.398239,17.968889,10.375075
11.876172,8.417556,4.406333,46.719128,12.812910,17.881361
21.362028,14.514489,7.816055,38.171135,10.004139,10.688269
10.538111,7.367816,2.175765,11.903005,2.961357,2.667427
7.638483,5.592885,4.259361,11.341938,2.675449,17.805790
5.760657,4.173398,3.205610,2.838792,0.354606,0.966353
28.968781,19.264694,11.623058,54.692612,15.265044,6.254529
12.437685,8.777242,4.532696,21.665226,6.373422,4.128999
26.273369,18.420666,9.927773,33.488823,9.322261,47.514782
10.718449,7.963014,5.083128,23.209473,6.989674,2.586776
9.100282,6.341124,1.987686,16.973179,4.561061,15.681705
21.263191,14.448603,6.098355,47.567528,12.242641,7.421596
20.664503,13.577236,14.290103,47.607319,12.720535,37.760155
33.650513,15.843544,19.178726,76.093147,18.812220,24.531803
13.345087,9.183445,5.151797,23.007071,4.124393,2.606043
6.434013,4.437159,4.041868,67.260117,17.145285,9.466736
11.723466,8.125066,4.075363,18.956978,5.443446,10.242258
25.079058,17.114319,15.693933,127.999741,31.777050,62.261246
36.749062,22.545502,40.082996,192.990189,54.404545,142.978287
16.373369,10.780746,10.741868,44.874210,10.397619,22.066816
63.388535,37.038128,74.231789,424.129364,101.744415,72.228378
42.001442,17.794348,18.003687,105.685349,26.828249,66.093857
18.726940,12.877172,7.661990,25.280235,6.110041,3.429482
19.865711,14.093398,6.648156,47.958290,10.088937,4.818254
9.062917,6.195682,2.898618,25.920803,5.764525,18.553465
17.132189,12.159375,5.866146,47.447109,12.422022,3.837433
29.932451,20.070774,13.875307,33.026211,7.007113,7.877281
22.864750,16.186386,7.251617,40.722725,10.775474,5.688144
11.991113,8.353439,5.417632,44.648335,11.595842,15.989637
24.671196,16.578213,12.774704,70.576019,19.391495,24.899529
13.511140,9.393831,4.539699,17.698586,4.677801,23.816822
13.251997,8.959775,3.713892,29.964846,7.853301,16.595850
12.750021,8.715814,4.800752,29.643089,7.767220,8.994733
22.750576,15.608052,7.321084,44.688019,12.023927,5.834239
32.897316,21.542202,12.813419,40.982414,9.758722,30.879055
46.150288,30.252131,20.781755,132.651337,35.855366,25.774752
53.545509,32.305347,57.139400,342.446167,89.283981,30.632345
4.196999,3.113621,2.145295,1.867505,0.255009,1.947942
29.289900,19.877361,14.522684,104.702248,25.517397,48.865192
15.511690,10.362356,13.905480,90.029251,23.793463,87.021568
4.769599,3.581163,2.495370,1.118767,0.226697,1.899375
5.383324,3.975537,2.748694,0.100781,0.343402,14.543655
30.783018,20.902803,20.667686,46.608768,12.176052,18.509773
19.660267,13.020664,13.084193,77.829308,22.712841,31.927687
28.452055,19.169306,20.387461,140.869217,38.470707,34.728714
8.948842,5.968776,5.092384,30.085234,8.655469,5.223968
21.486134,8.905092,7.253023,32.214207,7.988657,23.560440
20.694202,9.066815,7.289816,38.024494,9.130289,21.211075
10.006612,6.850763,3.033124,34.588894,8.751096,6.500512
31.963308,18.501705,14.766390,76.911713,19.092957,19.781168
15.735249,11.049106,8.950416,44.131855,8.646306,13.527174
28.835886,19.551035,33.180264,98.390518,25.902166,39.336441
17.025686,11.890702,11.925220,43.222424,12.367488,21.838058
22.759335,15.740525,7.858939,64.967705,16.389601,9.227929
59.890106,35.668526,57.013977,289.314026,70.790077,110.149750
28.112856,19.214464,8.424813,82.437340,19.290455,14.162795
9.846415,6.705027,3.701126,45.224548,11.290976,43.663914
7.863945,5.461135,3.767415,10.103040,3.487853,3.343713
6.174623,4.198408,3.042524,13.049168,3.679844,2.262215
17.665096,12.442730,5.892601,39.835297,10.534679,5.112729
31.032606,20.701689,10.799644,84.374512,20.386059,7.295619
15.653096,11.623619,7.569522,18.985312,5.516623,15.199914
16.447268,11.203498,9.641184,76.914589,20.007360,10.997597
24.520792,16.694069,7.025451,55.837391,11.717990,11.613576
33.731655,21.062428,37.039677,241.834167,58.475941,54.889328
13.579252,9.749745,4.144130,39.579727,11.009209,19.092833
15.300619,10.877563,5.258866,59.216324,15.075178,18.002609
22.228430,15.571107,5.345120,51.533085,13.507482,19.829607
17.629339,12.296379,6.054497,47.296173,12.686910,10.954794
33.592411,22.981295,13.031303,95.180107,26.316601,15.782083
22.544096,13.809643,7.894204,40.615761,9.778365,41.499653
13.393354,7.743152,5.429335,22.196390,5.784221,13.935638
19.696676,9.063190,5.573526,72.624557,20.388802,26.771770
24.448088,15.265647,7.478170,63.452118,16.517883,68.561958
19.295761,12.708231,8.877131,39.612526,9.543924,11.949737
22.899517,16.426632,8.772296,9.912154,1.937406,4.963755
9.532383,6.919574,4.367045,17.287910,5.146101,4.981462
24.521852,16.516008,7.511719,45.578323,9.828794,6.815146
40.235348,25.603868,14.051112,41.418762,10.693927,13.774281
15.821662,11.061646,6.124096,49.186867,11.604790,8.501066
28.437330,18.981932,8.524679,55.570683,12.477852,4.408616
25.249027,16.666004,9.866118,70.234909,19.224695,61.023186
11.929860,8.308078,4.794814,65.174011,16.453056,12.978565
12.651170,9.177120,6.074740,27.690350,7.659168,11.062497
26.647554,16.946198,16.779383,45.986610,11.416996,16.646156
32.818359,19.960739,18.380095,71.300743,15.348082,16.648527
14.317521,10.173082,8.197024,33.705086,8.809554,19.386484
12.084684,8.189208,5.560031,47.996166,12.651451,14.350838
9.815263,6.713774,3.702174,2.592070,0.047041,2.523569
13.152982,9.118737,8.438579,55.448978,14.625762,4.285729
13.797016,9.873926,6.031088,58.046104,15.096479,31.244204
7.719653,5.528953,3.753643,15.161302,3.597545,1.714759
22.299444,15.267772,6.824523,32.844307,10.449718,19.010601
42.317513,28.573748,11.035052,46.159214,11.137491,19.042587
34.731411,22.521595,28.529623,91.866516,22.817995,43.264816
6.849859,4.842255,3.082677,23.424454,6.973822,3.063844
30.125040,18.734734,38.637856,281.198792,80.568932,384.001190
20.538746,14.374079,4.336633,29.909061,6.552830,14.631469
57.011776,33.345417,57.317089,281.682983,69.991379,53.841877
74.850243,40.349094,95.742943,652.454529,169.060043,553.531250
6.232006,4.830728,3.418107,1.714602,0.157437,1.472488
20.054293,13.580226,6.347706,43.332615,10.207129,23.232733
54.092960,31.203159,44.341763,332.555145,81.190475,46.517303
36.352646,22.707277,8.681748,43.693680,13.860528,57.170135
16.248987,6.089072,6.386165,46.215626,12.152385,17.081934
16.002497,6.258855,6.611304,48.049316,12.435910,14.518287
15.621535,10.956125,5.577878,26.372593,7.383000,14.971577
22.637356,15.968718,7.925378,60.248085,15.594149,6.840128
7.358009,5.046815,3.982889,15.593339,3.444547,8.811524
15.450654,10.920107,4.706047,98.707809,30.132814,24.285944
30.900040,20.669712,9.472464,43.121616,11.229909,83.695251
20.433624,14.148736,7.260954,40.847527,8.739968,8.116528
10.759533,7.875708,3.497457,16.524315,3.922848,4.617984
9.678690,6.621031,2.934205,30.794510,7.027824,16.427387
27.264223,17.214687,16.987442,133.514801,35.510857,26.872757
8.332230,5.627855,4.965524,33.069679,8.285538,31.388201
6.511590,4.657506,2.323365,19.656067,4.422289,18.007917
23.769907,16.226816,17.737272,12.025197,1.821439,57.173725
25.485714,17.127146,8.443169,48.048740,14.606072,19.282841
34.072994,17.634090,27.035509,142.958786,36.470207,42.935154
37.256176,16.449247,13.220985,101.071289,28.119295,25.190468
36.363571,16.415636,13.782190,114.788826,29.260815,20.041628
13.683391,9.423756,6.049945,40.744942,10.687395,6.784495
28.394049,15.520273,57.274876,248.115631,65.132225,118.667671
33.462437,17.829159,32.234234,193.481613,42.923740,67.402657
19.664385,13.603491,6.595352,3.468862,0.982429,20.610437
13.758500,9.542231,4.872521,73.797707,19.660460,5.043378
5.640214,4.282905,3.305725,8.665375,1.739749,1.599365
15.784764,10.495380,10.498700,40.356667,10.855059,18.161476
12.691711,8.653290,5.041740,4.166494,1.107415,1.841336
29.854061,20.054867,8.998531,30.100107,8.328973,18.162014
51.802128,33.774052,24.268684,123.088120,33.282192,100.310982
15.765844,11.003554,8.988858,6.921906,1.079504,2.551561
34.100460,22.375931,14.062017,72.490440,19.786848,44.664490
20.068890,13.624048,5.267662,101.818878,26.763041,10.326130
43.040184,22.827986,25.251900,131.160950,31.546253,21.898476
40.179947,26.033039,22.792179,72.821098,17.005812,16.577017
13.059722,9.645807,6.122982,53.006283,12.111588,5.160233
10.020655,6.979322,4.546553,8.294388,2.218265,3.685376
11.299166,7.616987,5.550194,49.567982,13.895203,11.417275
18.459927,12.604452,6.419606,69.852165,18.051573,7.196917
62.308247,34.537468,31.627424,273.784027,71.006912,67.481300
19.439735,13.486570,5.947596,37.171947,8.320948,9.507580
139.865219,72.328392,148.722809,642.844849,169.120331,351.910065
47.234695,30.464674,37.189819,206.470245,50.514866,28.916903
35.390938,21.305258,36.757843,230.800049,64.951462,267.220734
12.425959,8.658709,5.763844,12.772636,2.443056,4.370277
33.225166,20.625620,21.655069,162.836121,41.376537,37.795128
15.133011,10.675489,6.535027,6.246495,0.603660,6.657019
29.933090,19.562483,10.331784,32.384567,7.810750,12.207582
24.994001,16.790436,10.149382,35.597042,8.993109,35.006355
46.282738,28.150013,24.038483,103.058273,26.992117,120.741440
12.501798,8.692533,17.837194,58.450932,16.304691,94.495026
62.689564,37.642601,23.429541,135.447220,36.038803,27.472626
18.801769,12.675243,6.022892,56.471161,14.221136,4.782699
7.136744,5.406371,2.829617,12.689068,2.922442,2.809728
16.607025,12.081327,3.355473,27.072107,7.855092,31.885788
10.478485,7.653313,6.809050,46.515697,11.743032,65.426308
10.539382,7.217776,3.129571,29.187780,7.630472,2.485025
21.459757,14.736858,8.917715,35.529221,10.442981,18.469603
8.396549,5.092170,3.635362,32.906418,8.680940,1.853408
5.704675,3.126786,3.244982,15.457246,2.712514,1.201207
7.656325,5.175062,2.780036,17.825777,4.572501,3.392734
13.012554,9.338413,5.439272,51.951008,13.307687,4.889511
21.228985,14.671664,17.703741,110.298447,30.747448,28.600489
8.404597,5.690196,4.220610,48.127995,12.745915,9.244010
16.399755,11.273513,5.003981,48.052170,13.017666,19.443392
36.089397,23.424377,41.605892,261.988495,67.263405,33.073044
4.971211,3.348091,2.994640,13.670496,3.183651,2.319740
13.103405,9.008327,5.341918,10.911808,3.101914,2.567614
32.181633,22.021479,11.376569,45.119522,11.288126,11.738550
28.614206,19.154087,21.104425,149.177292,36.858063,44.573509
4.815809,3.169113,2.443310,25.898033,7.408531,8.478408
11.251940,7.855763,3.878335,32.321522,8.631626,4.490903
27.514809,18.372122,11.123116,75.609123,20.354113,74.415169
10.522260,7.392680,5.716811,32.148556,8.554961,5.254736
52.317287,27.750645,77.096718,340.224701,94.438629,486.378418
7.537566,5.007204,3.794673,18.230471,4.037796,3.828176
12.993868,9.469924,6.123483,17.723475,4.444435,5.772978
7.216728,5.200737,3.077740,2.756213,0.060358,1.149225
48.229580,21.328928,24.337725,149.902298,42.693954,132.980042
29.095757,19.911106,11.915981,25.151043,5.730756,6.691531
5.013920,3.650140,2.603467,1.653365,0.734604,3.912632
7.741311,5.432023,1.604712,11.689714,2.798950,6.415236
24.269018,16.688875,9.488486,31.545591,6.561129,4.202433
13.822661,9.803796,3.642957,21.516754,5.478282,7.126201
15.518731,10.935980,6.148057,15.440974,4.469186,9.956326
15.433724,11.047931,6.267454,40.782326,10.850183,6.281305
34.957382,23.088591,13.137744,81.127106,19.755095,14.554255
11.357066,7.999526,5.005669,34.605442,7.610440,5.393853
4.113009,2.903739,3.079589,0.559675,0.437632,0.872087
40.008022,25.856552,22.897182,82.672981,18.329634,75.435722
23.573235,16.250433,9.088784,40.894665,8.121259,5.300894
14.757877,10.262479,5.679770,1.393292,0.503520,2.526755
7.837489,5.464651,3.570654,26.605906,8.084377,14.359866
5.186896,3.859246,2.394320,3.007821,0.484775,0.775930
28.952927,20.199871,11.174627,84.587372,19.704609,16.948915
11.138328,8.163376,4.186880,50.098728,13.746222,5.282633
28.340582,18.437624,14.799592,37.448372,8.976039,12.286530
26.426565,17.889448,15.224878,57.104996,17.616165,14.216436
7.660215,5.289597,5.786256,85.786613,23.769333,13.616584
38.525536,24.983528,12.826002,96.575653,26.004236,83.197929
9.190763,6.685015,3.246411,48.948082,12.163920,28.469315
49.360844,22.209684,17.857359,127.104774,38.487350,33.480736
42.706051,18.044413,17.470697,153.946945,39.521793,23.514986
7.382210,5.445504,2.222779,20.835993,5.388002,12.054520
11.155717,8.052943,4.337340,4.226379,0.767860,1.100853
18.936968,12.056009,14.959416,91.858376,22.551161,69.925278
11.745873,8.593291,6.753492,48.411407,12.945318,7.267745
9.852489,6.848711,3.161949,20.649841,5.731490,5.554392
31.507536,21.311937,14.530619,86.250748,20.118092,32.354713
22.693085,15.616453,8.466393,39.243885,9.283172,4.526449
7.614582,5.601825,2.715686,20.611120,3.985377,1.575898
40.918415,26.334166,10.096087,51.381519,12.492861,21.353643
28.323399,18.800062,11.238118,85.543953,22.144388,55.073196
16.357218,11.069189,5.601848,29.178204,8.434289,12.602912
22.390732,15.606723,9.382799,62.777451,17.121414,10.175871
8.598930,6.253201,3.780603,12.159930,3.513950,2.115320
12.819545,8.947075,6.010037,60.634548,16.839226,16.793985
13.579958,9.371393,6.421264,13.420776,3.001502,3.009668
41.351479,26.153893,13.918230,61.274097,13.540551,24.220907
4.257323,3.171362,5.162424,57.491257,14.124868,5.737655
9.713574,7.327746,4.858854,10.126353,1.415882,5.566682
34.887810,23.603649,14.350761,89.559158,27.069839,110.081604
12.251883,8.260282,3.841947,61.442368,16.855631,7.642849
35.664284,17.717827,11.708512,67.155769,18.590971,86.374451
19.221249,13.061360,4.775203,47.846188,13.575761,12.190721
26.941902,18.294355,14.195477,144.434372,38.504410,20.706219
39.084030,24.782988,24.337360,196.227722,49.828812,80.087875
21.957624,15.193280,6.371460,55.841312,12.834419,7.035711
92.305748,39.135067,88.758041,463.142731,123.779617,413.206268
91.372292,39.117668,77.924690,415.931854,97.718788,282.038605
36.762589,21.700434,25.444632,194.467941,60.325794,245.004944
26.266262,18.375566,8.966148,38.878399,9.153805,15.535428
22.783360,15.320189,7.101798,42.656963,9.873197,15.225553
34.502964,23.455677,12.040182,34.093102,13.126457,79.918701
7.680903,5.603966,4.556193,3.365730,0.561474,3.354707
23.916636,15.414901,28.396797,176.196838,46.028934,54.696762
14.513143,9.926692,33.679089,119.318390,32.992252,102.150345
26.105392,17.358036,15.124399,36.419666,8.927228,20.359716
15.114206,10.978633,5.871438,29.324137,6.698672,10.177596
27.495367,18.543264,11.915475,52.964176,12.437976,13.323390
10.262648,6.906481,2.832345,19.937660,5.476058,10.643108
6.326239,4.261218,1.588367,22.785456,4.653213,12.358449
12.650512,9.015641,4.209713,16.236732,5.040196,18.212032
11.464326,7.888989,2.886432,27.577461,6.844894,3.341907
36.507141,24.019962,26.665422,87.913544,23.581491,34.449905
29.901079,20.557970,8.620056,90.775269,22.054022,69.447151
30.542582,20.135843,19.020845,82.476974,21.254862,17.538717
12.676269,8.984746,6.023931,55.219074,13.162117,6.074627
17.880684,8.974783,5.897416,53.329453,15.452478,16.052227
18.709167,8.915138,6.006775,59.726295,16.458246,15.383094
67.341194,39.063259,22.506504,125.644447,30.451504,17.709146
50.675571,32.170856,14.864851,146.601517,40.032852,144.086960
26.582563,18.089277,18.562286,89.610298,19.771921,14.894238
13.365847,9.091430,3.862775,60.540905,15.721008,18.869608
20.517752,14.132652,6.704249,34.383057,8.515810,6.933683
10.009097,7.174261,4.631858,16.680681,4.716912,8.776073
6.371868,4.725230,4.477498,13.656605,2.796001,2.445616
10.563685,7.140346,4.175345,3.432930,0.337099,2.388045
7.783273,5.815843,4.090624,1.815381,0.083192,1.819378
29.968801,19.501284,9.231178,60.655319,15.377217,9.851941
9.543234,6.568890,2.748788,34.630173,9.167937,11.785803
16.010769,10.418610,5.331432,20.267599,5.682555,21.550600
12.753539,8.490546,4.494369,20.214748,5.212336,20.270226
9.452920,6.554165,5.889878,41.029209,10.413981,2.862607
8.409235,5.916679,3.034015,11.754970,3.014316,5.440191
12.024351,8.446794,5.851161,19.365170,5.999673,2.231071
20.329149,14.068571,6.929983,50.933506,14.095581,36.539841
11.813774,8.188719,4.183875,34.851089,9.554667,7.293047
23.629831,16.123457,19.250216,133.440979,33.279919,20.190405
14.781223,10.214091,29.605906,191.949951,54.275063,166.165085
21.072449,14.847960,6.446356,67.364189,16.657417,8.804537
9.529163,7.291341,3.286021,21.506319,5.800289,2.274323
27.855574,18.891043,10.156967,119.792427,34.786297,41.520988
13.913965,9.851578,9.896591,65.316986,19.231728,11.153945
8.236242,5.729590,3.716708,2.721041,0.672239,2.595444
26.170174,17.613211,10.301232,47.031044,12.790981,28.245602
22.709240,14.630613,14.587337,54.654301,16.205368,131.789322
21.986786,15.511328,11.369237,119.650978,30.298609,10.994926
6.904768,5.029765,2.367091,28.987980,7.296843,2.453099
13.278934,8.888176,7.697625,48.208378,12.498281,28.303747
48.330261,26.469725,43.375919,205.292374,53.415630,85.534500
22.472960,15.179746,11.053109,80.974754,20.272638,13.830700
30.581305,20.281824,32.135597,138.362335,36.049892,91.804611
13.995856,9.671281,5.002676,28.652046,6.930238,4.887609
12.383093,8.911757,4.059569,13.612275,3.437764,6.085704
10.057565,6.893964,2.692095,40.658867,9.586961,59.531338
14.443998,9.818125,3.557906,25.629383,7.657642,27.172865
6.537453,4.539517,5.313955,7.729038,1.657782,6.935341
23.077995,16.190943,13.454475,10.610384,2.600422,9.675689
16.333548,11.407275,14.568836,29.991774,8.796397,10.818194
4.470627,3.111997,5.883144,59.351269,16.940725,33.035336
31.310293,21.403217,11.799004,79.997681,19.119101,40.286415
27.242157,18.353386,8.026916,57.044098,16.351097,53.412468
15.105847,10.644805,4.050836,41.766113,11.012017,36.800606
33.447292,20.343645,28.359154,162.433212,39.711983,38.682076
15.118153,10.431698,6.093412,30.902267,7.564231,2.283646
46.145332,26.171656,44.525738,202.174271,54.264614,186.547470
30.033850,20.801107,7.965495,34.509884,8.853120,15.382359
26.391714,17.888870,16.066103,75.267761,19.321993,18.401745
27.040123,18.350899,19.135117,88.290932,21.264378,15.686344
14.197137,9.855592,5.648151,14.084155,2.759367,3.792338
4.852374,3.423831,4.772751,56.042751,13.503552,7.254000
19.067232,13.430367,7.473398,45.363487,13.257223,60.619694
8.580915,5.961082,3.571554,17.029947,3.691708,1.542845
18.858236,13.516718,5.969063,33.314159,9.650177,8.240545
4.910716,3.430232,2.554024,3.768828,0.298733,0.943419
16.104664,10.649881,14.921943,99.601959,23.792847,79.339958
26.255161,18.356833,5.227348,38.444958,10.667083,10.340720
15.329615,10.644243,5.848987,3.035352,0.903219,1.459927
46.554291,29.696291,60.812870,494.269989,129.019287,198.196747
21.119667,14.857633,16.658297,80.005081,19.132601,8.797903
40.061893,26.621111,25.817385,127.056923,32.108074,20.352566
25.741602,13.751011,10.812355,64.217194,17.388746,25.859663
39.492847,24.966070,28.652103,112.247963,26.819410,42.211628
11.807372,8.737877,4.430990,14.423536,2.700098,13.377419
24.213425,16.490145,13.321249,73.679962,20.884331,109.661224
39.721409,24.829288,34.577862,179.055893,45.029358,42.469273
73.427719,29.291681,77.379250,396.821869,107.785553,359.929016
21.777647,14.907977,7.975221,20.822412,5.102341,3.410565
27.037672,18.034470,8.687337,71.626183,16.205969,8.600861
27.919092,18.814020,20.919310,56.516220,12.254398,25.229748
5.567492,3.810884,3.324382,18.466927,3.830229,2.972351
35.791691,17.215511,16.527868,53.050156,12.320022,19.314713
24.319735,9.945053,14.023957,43.988785,7.480974,14.508142
10.456194,7.477690,9.419531,44.245544,9.495432,3.908962
14.132520,9.690526,5.120459,1.693235,1.286053,18.005669
54.890068,25.990314,74.181992,345.886292,85.352539,112.120911
12.652758,8.662171,5.297647,5.944908,0.801812,0.850969
5.526248,3.858598,6.007349,19.303802,4.160193,3.429317
15.170861,10.648189,7.561915,22.619614,7.180110,9.385487
8.243330,6.025661,1.696389,18.188967,2.845395,12.601097
10.188443,7.187163,4.123818,68.605293,17.764254,5.576724
6.348671,4.539248,4.911832,26.926390,8.266867,12.102363
9.082410,6.209731,11.318387,14.375093,4.019934,23.079277
24.730652,17.298738,6.240302,37.963387,9.517882,9.808917
37.879505,25.517582,11.120970,51.218197,14.993888,13.414434
40.623829,20.697556,104.026398,527.617615,141.147659,310.663208
27.884523,16.879782,16.341082,99.085091,22.081051,33.006458
26.710833,18.113783,9.582884,69.103600,19.160898,22.919472
13.747315,9.799944,6.903161,56.722393,15.354397,26.599773
8.295711,5.975196,3.345589,21.261635,4.962309,2.491562
8.841010,6.188655,3.418031,12.956264,3.119123,1.868749
4.696907,3.292034,3.384447,10.517739,3.286393,0.537458
25.490704,16.879526,7.824883,54.475693,14.565126,10.243152
6.791788,4.819429,3.039006,23.243500,5.991257,3.027375
25.422825,17.434395,8.230555,24.746984,5.618288,7.177526
19.093750,12.749885,4.935686,39.980335,10.690648,24.789204
16.681076,11.714474,5.297616,28.735680,5.711198,4.420053
34.054195,22.338272,9.847796,61.635902,17.814413,69.518074
20.435736,13.175170,20.695517,126.387878,30.515612,29.577745
8.960705,6.350740,3.992642,13.861308,2.237167,3.765005
28.801489,20.148119,12.347223,122.540489,33.427464,125.908386
55.786301,30.889536,78.137650,464.499329,120.503128,266.625580
8.874111,6.413692,4.489677,17.126650,6.133328,10.358854
18.762743,12.481556,6.545506,25.114420,6.077390,7.123512
8.904360,6.370176,3.604023,17.857487,5.259986,22.561602
19.625736,13.383091,8.213385,21.980734,4.299671,3.512968
24.954422,16.765081,9.501400,65.410606,17.850985,23.911594
15.099619,10.629551,10.356907,8.664829,1.714922,0.859546
9.149421,6.062330,3.254355,44.134735,10.837775,3.703901
10.442131,7.389698,2.480407,18.186028,4.658604,2.748227
11.132594,7.723856,4.060553,14.032139,2.641384,13.169105
25.019815,17.209990,8.597910,42.913998,13.085588,18.393999
26.214310,15.613873,9.199860,64.100983,17.172405,15.623364
8.311765,6.026423,5.972784,20.334352,5.481418,5.058290
10.032683,6.723654,3.905967,17.266361,4.712940,0.659039
16.985077,11.729363,6.418183,35.422253,8.019219,7.056297
14.069383,9.909012,5.449955,26.957064,7.704274,7.952281
5.455800,3.747441,2.149202,29.563477,7.246741,3.181187
9.268220,6.793334,3.342452,3.505872,0.632051,0.595202
33.311913,21.464567,20.017529,101.442314,29.618303,118.984787
31.132267,20.122280,13.127172,98.400009,25.724756,33.397648
29.513641,19.494719,8.453108,63.343391,17.691248,21.467113
9.463617,6.514529,6.104119,3.776053,0.567747,1.721687
8.009453,5.397013,4.213089,11.708061,2.633034,2.969256
22.056438,15.110178,8.021655,52.523571,14.448748,8.370171
23.800056,15.395172,13.497508,75.831299,20.941217,42.881351
33.156010,20.368349,33.018074,163.246979,44.113468,98.974022
20.536465,13.642301,8.324460,41.485317,9.911756,10.673901
8.252445,5.588902,3.554341,20.411688,5.528764,9.877112
7.538693,5.176479,5.058103,39.112770,9.562094,4.991532
13.939548,9.807088,12.767294,74.144836,19.121010,70.460190
17.196426,11.998246,3.961443,38.452335,10.235972,8.012053
39.375320,25.844873,18.410812,87.775375,20.779169,38.277767
23.040407,15.612037,6.709570,51.665417,13.277167,26.905983
35.455185,23.325722,14.475366,66.568359,17.057892,39.778294
13.579904,9.289749,6.858135,19.465797,5.112067,23.441010
56.745422,36.978268,39.739243,226.659393,57.451683,72.894714
24.257288,16.447519,8.038097,41.898422,10.431398,7.819783
18.447237,12.802021,8.717931,14.968454,2.637976,3.641432
15.916664,11.385659,7.076572,33.715927,8.123566,12.850614
17.550049,12.182277,5.083549,14.714595,3.375367,5.005415
13.339679,9.642570,3.658069,48.844898,12.608429,5.025536
61.512238,28.814835,21.677742,136.802902,36.949078,25.883482
62.961460,28.841270,23.449062,152.926086,36.234692,25.582447
14.700372,9.842978,6.952042,27.595009,6.574746,10.044812
20.625814,13.434584,29.604294,113.658913,30.677626,17.466078
29.879923,19.969093,54.910202,816.921631,253.854568,230.439560
27.317472,18.414371,8.673763,46.130360,10.834984,35.118664
35.803955,23.527843,26.070915,90.372971,22.472126,10.097130
13.545688,9.355724,5.350410,15.733111,4.111341,10.505977
59.864838,36.592812,31.957329,118.038773,32.723190,140.036530
14.227921,9.982768,6.502544,43.542126,10.944128,12.832475
19.279997,13.158005,6.378203,42.454853,11.188997,30.342062
32.656437,21.927380,10.043352,39.923954,9.991237,8.513369
9.105197,6.243876,4.139529,22.129251,6.192887,5.373209
11.136699,7.643379,3.770231,17.150137,3.465056,5.718763
6.951092,5.067868,7.624198,16.483467,4.120918,4.605003
13.892442,10.002504,6.155121,16.883915,4.693664,3.486042
5.908207,3.822476,2.979584,15.837574,3.458208,6.620381
4.987810,3.331836,1.973509,22.941666,5.963671,0.920276
20.821579,14.033265,11.596423,59.713745,16.378851,66.504440
88.500832,41.741001,115.936890,413.254150,103.160919,210.110336
7.325127,5.321003,3.160007,12.957710,2.573834,3.281052
31.898897,21.788868,12.194266,99.936981,27.277788,25.422459
23.692492,16.674776,5.759471,44.158863,12.774919,47.410614
7.372756,5.295606,1.627203,12.180912,2.976172,9.759292
22.338705,15.035192,11.454531,51.195587,12.929320,48.012753
7.113054,5.223948,2.666520,19.645468,5.712165,8.167104
14.738132,10.150280,11.362845,15.239993,3.466860,52.365616
77.329315,29.007498,162.710342,795.813477,201.097397,205.761322
13.815404,9.549676,4.508795,15.807435,3.899223,2.280042
5.554994,4.054995,2.494612,19.265390,4.939235,3.984222
4.338506,3.442228,1.998785,3.222845,0.198458,-0.668901
36.283905,20.401674,92.969391,519.526062,139.942001,587.749390
13.258947,8.754081,5.164832,55.226124,13.121213,10.642536
5.181019,3.614452,5.231987,54.154243,15.466861,12.208547
6.057146,4.375727,2.159396,27.734415,8.294769,15.455201
45.255470,24.299307,82.803795,506.942932,132.264282,298.080414
9.075340,6.074742,5.601926,30.159979,8.003511,6.005128
8.833169,6.477956,4.275241,63.747070,18.276291,10.263788
14.033078,9.703733,5.519336,3.331058,0.690860,2.577238
5.073807,3.863589,3.018429,2.047770,-0.128375,0.775250
14.157965,10.253884,4.927435,10.821194,3.544749,3.550809
22.046589,15.353298,7.114931,24.691027,5.826157,9.138477
27.213495,18.347860,10.646338,107.296646,28.540407,10.399966
14.855306,10.546678,7.120328,5.302433,1.312651,13.157454
27.420057,17.726755,14.471893,95.308311,27.241631,20.867861
9.380040,6.840056,3.700824,34.607170,9.240611,7.398682
11.866148,8.549283,4.302907,14.271467,2.940790,3.646808
18.184277,12.454593,5.171023,33.590424,8.957708,14.218921
10.415653,7.227239,4.550122,27.897869,8.587839,1.625312
36.851246,23.727283,19.809185,98.353180,27.173620,28.315792
77.561516,32.617088,88.891129,413.143250,108.876289,375.556793
5.450769,4.073362,1.504672,10.851715,3.127757,7.401362
18.202587,12.570889,5.748911,38.184978,9.630265,14.390637
30.507423,20.077618,19.660706,133.692871,32.357613,28.943087
6.846297,5.235844,6.703125,16.418444,3.978905,26.259150
13.274055,9.193832,2.726157,20.618288,4.729453,6.976959
7.919519,5.837250,3.378645,14.463888,2.305393,1.556241
35.233055,23.768400,11.481271,47.943718,12.528445,12.536916
7.865042,5.718848,4.050066,18.008080,3.564948,4.803487
15.043526,10.602974,6.226302,17.337549,3.053617,2.359373
28.947737,19.903837,12.378103,82.739571,24.066917,67.641853
14.418183,10.127096,19.572094,17.610319,5.009319,12.886902
44.151386,26.580000,32.630047,204.501434,50.289539,86.452789
23.699898,16.386230,7.423175,44.893356,12.319021,9.279296
11.670927,8.145157,4.876559,78.083786,20.043018,2.983471
17.018349,11.526628,5.460780,62.725941,16.019621,6.241047
18.361973,12.346272,16.080442,93.000137,25.953358,55.464882
9.341537,6.334267,3.405591,51.848656,14.223231,4.971917
61.969406,36.019966,43.288132,182.754227,47.049999,92.772858
65.751633,39.982895,61.036098,251.164978,65.013985,151.969070
17.560572,12.141314,7.878040,24.553102,6.925579,11.997994
18.355782,12.461611,6.584477,4.443557,1.416664,6.606615
28.571735,18.926033,8.527783,55.485611,13.706054,14.828347
13.815928,9.527402,5.177192,39.337574,9.647003,4.243934
8.731329,6.231600,4.257656,25.992458,6.988234,2.301962
5.732248,3.681926,1.293456,10.107868,2.208504,5.901368
27.787193,18.416683,11.369717,140.384506,34.968079,29.293814
24.146587,16.495701,7.585285,84.599121,21.293676,66.897469
10.235901,7.220242,3.914679,13.268093,3.502802,1.897946
6.616879,4.379121,3.659720,17.454857,2.973295,2.635477
43.436089,29.211412,21.121742,82.125877,19.447956,11.342861
24.718647,17.181206,12.987753,15.629911,2.802451,26.888254
19.506310,13.182357,7.837107,73.059425,17.010138,11.403473
10.873143,7.820982,4.065631,13.175125,4.140704,36.461933
11.429972,8.060357,5.007386,10.729938,2.240546,15.722748
22.477221,15.154285,7.498744,46.294701,10.983607,8.296338
16.049330,11.524570,6.826330,27.383863,6.333447,9.827841
16.329748,11.385875,5.837906,61.435543,17.613571,13.911085
14.355558,9.923779,6.091584,25.698128,6.673471,18.595530
17.658333,11.765000,5.975375,37.625774,10.116527,13.764792
7.555080,5.098616,3.530486,2.138406,0.367494,1.823022
17.173985,12.243259,4.355066,29.624811,6.068032,8.860392
26.361629,18.558088,8.245228,34.371605,7.754680,7.888495
23.692396,15.893301,19.700735,115.562889,29.082222,68.627838
14.934441,10.542389,6.237778,72.438866,19.366140,14.069716
18.130039,12.524056,6.430088,105.654556,27.628017,10.609385
19.365295,12.992203,7.761856,41.899895,12.158279,22.049398
9.651155,6.995224,4.206513,3.418499,0.564503,0.355669
20.501360,7.997422,11.877457,6.242295,1.543351,6.849036
17.577333,8.064448,9.658943,6.820338,1.481998,5.735656
12.887847,8.828049,3.946495,18.654755,5.677279,2.206128
25.467920,17.608891,7.225780,54.063656,12.593716,21.323736
13.075184,8.547365,4.644170,5.770064,1.132241,1.061056
9.280196,6.623103,3.488141,16.952778,3.766927,33.666447
48.224979,31.062481,15.983036,86.671852,20.210543,9.896428
9.081944,6.071939,2.689601,16.789701,3.411288,9.594214
5.451751,3.656652,1.226522,8.663521,1.918385,5.663815
5.157276,3.910388,1.069273,9.257402,1.623916,7.625911
29.367449,18.531811,44.872753,105.204185,29.324480,46.290375
70.056061,38.836014,59.089653,202.206635,48.073505,76.336960
8.230162,6.030055,3.309892,3.666267,0.278945,6.006305
27.459269,17.295450,22.280798,74.633995,18.252762,19.361765
11.052034,7.441417,4.801106,44.528931,12.498296,3.132821
36.697140,24.594673,15.542608,125.448051,31.658281,23.910278
36.470127,23.560291,33.550346,149.413040,37.873463,22.653090
15.701482,10.860025,6.356342,19.310392,4.442271,21.954969
13.185328,9.463914,4.753303,36.380211,10.989996,6.862037
9.745790,6.706784,3.510645,60.009369,17.385372,11.838578
9.634554,6.938139,4.873118,11.700444,2.710484,3.946285
12.052256,8.120816,5.116066,11.659657,2.559149,9.647595
11.894278,8.394174,4.072470,20.736576,6.558832,9.299794
25.944105,17.688316,7.601812,67.128738,17.077595,25.479887
10.307113,7.306461,6.423095,3.664007,0.230948,5.225330
15.551296,10.971415,5.794420,63.918591,15.786335,5.587322
44.596031,28.426950,32.509026,94.833832,23.300251,59.808922
8.590919,6.114287,3.584080,4.054857,1.068311,0.829338
17.134771,11.915327,8.347667,45.816986,12.322701,26.359529
15.938237,11.542671,7.868145,3.585160,0.437746,6.347160
6.314258,4.647781,3.163472,13.641893,3.123255,7.182057
25.730438,16.163237,27.588854,258.661224,73.143417,54.723297
5.134609,3.878929,1.400553,14.234452,3.166025,7.417184
11.414395,8.047178,4.530088,4.511010,0.693145,1.888567
6.117847,4.299479,3.018221,27.439095,6.596352,2.898986
13.184181,8.865259,5.434198,32.182411,6.126188,3.093118
9.892446,6.995687,3.741132,19.512867,4.929630,22.563599
7.991037,5.596632,3.662121,17.668709,4.740622,3.901647
13.098899,9.323225,4.506041,10.660263,2.390945,2.446921
13.896128,9.987839,5.498009,5.911981,1.267950,1.507341
21.388226,13.938015,47.704781,151.464935,36.628433,40.276211
18.264568,12.147482,10.843472,69.773476,17.102158,22.768692
15.037961,10.491115,5.043756,57.435177,15.037113,12.199323
11.768830,8.060019,3.871330,26.959379,5.703264,4.868036
19.558102,13.365316,7.194370,34.336132,9.110652,11.779209
38.595703,23.302984,12.435102,87.482452,23.215378,32.288456
12.338865,8.545215,3.083547,23.771767,4.832527,3.821873
27.605022,18.525391,17.015875,75.137367,18.582457,28.034544
9.348646,6.452254,2.844212,19.679602,6.057280,4.210163
7.697891,5.699085,3.095968,38.867794,8.645848,7.378687
50.916416,22.461466,101.351685,514.487122,136.720108,292.959320
33.169037,20.915972,27.415705,189.663330,54.164906,243.450577
10.310048,7.210904,4.503843,17.550995,3.523609,3.815280
6.783137,5.067936,2.931928,40.214985,11.887337,5.596072
16.104475,11.158224,5.846014,65.003532,17.229916,30.555258
11.503282,5.563211,4.171967,34.788498,10.888429,18.186977
10.013393,5.606315,3.797287,39.738270,9.762025,17.363749
10.525466,7.366040,4.772313,41.081459,13.833619,43.837536
22.407564,15.467868,8.317578,4.462929,0.848027,2.931510
8.087295,5.828945,3.930133,3.686534,0.346857,2.436699
12.426484,8.484666,5.051368,9.364301,2.118294,5.871781
8.015443,5.654491,2.045507,9.983999,2.494161,13.580413
45.223953,28.651865,26.936796,81.066643,22.573187,238.098770
41.375092,26.968796,12.410886,35.915314,10.417793,84.511887
33.486668,21.977936,23.120260,38.636719,9.919293,104.441986
54.113121,33.385509,22.574501,89.815437,23.401220,18.915125
32.464710,21.663565,20.294704,115.303619,29.434439,26.882755
45.795380,25.552488,39.516117,215.008881,53.165108,153.552551
17.405182,11.744681,6.296608,41.414680,12.336680,23.589407
16.093168,11.369496,6.384293,23.747889,6.077856,11.260563
9.016970,6.344090,3.082171,59.376709,16.058996,6.665564
16.481445,11.648037,5.965640,39.169441,10.888761,5.166628
14.036293,9.345533,10.861584,86.183731,22.708124,73.043228
36.800533,23.590473,17.701303,104.647926,26.594347,18.760326
12.269791,8.520452,4.967161,34.533138,7.587173,8.759956
49.794277,29.859024,24.043171,113.078300,32.051216,102.116325
27.001947,13.400342,16.067272,78.586914,20.543350,74.950058
5.389661,3.957685,2.807112,1.023656,-0.202587,1.603673
27.155487,18.126884,20.554117,121.612312,31.148664,15.358218
8.245492,6.083265,2.308594,26.638279,8.391700,20.881872
25.398565,17.420757,24.340652,147.410141,36.145687,40.144089
12.498322,8.857871,4.271798,31.916748,9.380832,14.933992
8.560724,6.135321,3.986860,11.316733,2.750128,1.406536
31.841993,21.343630,14.438282,80.900703,20.274389,10.109324
27.487766,18.844442,11.740804,68.361931,17.261301,11.232516
16.183445,11.355266,5.441389,35.788166,9.031425,23.876280
32.640068,22.822319,10.811186,58.195305,13.632589,23.694851
43.423950,28.478676,41.904099,139.708633,38.838081,125.464233
9.278947,6.510014,3.102228,28.253819,8.442279,4.699673
12.316756,8.206032,3.862526,72.914452,18.506912,4.843909
14.631865,10.091618,5.303032,25.496147,8.187983,20.648140
24.862780,16.676840,28.699780,191.116730,51.666740,91.898460
10.937001,8.031980,14.907896,55.951672,14.342419,8.583892
50.659260,29.883327,50.571724,252.649933,58.850288,55.652306
14.076377,9.732225,5.972759,32.384743,7.208051,2.262076
10.216379,6.762218,3.747365,13.161955,3.600813,5.046199
23.735779,16.295219,8.592301,20.284073,5.528590,5.901416
14.699712,10.533248,4.643531,16.929949,4.995942,6.088416
7.609901,5.639263,3.824756,0.998601,0.362709,3.555389
19.812840,14.068412,7.083182,47.305111,11.081394,8.471968
7.557346,5.079522,4.214289,16.018131,3.194248,2.027759
27.334450,18.501009,9.859469,66.059357,16.921167,10.293480
34.290825,22.548386,8.969097,36.093185,11.423802,58.690285
18.450222,12.836621,5.820065,6.320580,1.011610,0.248388
31.618416,21.029598,17.363285,107.720177,26.462538,39.217522
7.614763,5.588487,2.935087,16.894667,4.804019,2.359493
20.750340,14.777930,12.554648,70.454475,17.672523,7.107634
6.780015,4.680185,3.673080,2.623920,0.696737,3.197812
17.447237,12.397263,5.297309,27.061880,7.116593,8.484550
68.102158,40.360817,33.969997,156.636093,37.526527,44.826008
10.577839,7.650848,3.370760,15.990429,4.102689,7.765795
18.048393,11.536889,11.555936,89.126251,21.695736,72.194946
45.730736,19.839474,87.111870,325.515839,89.581055,396.760529
26.978241,18.417379,8.196906,56.696793,13.732396,26.784506
8.905058,6.261664,4.474761,14.638952,3.017157,8.913831
9.972004,7.027885,6.929721,42.036343,10.698500,10.962689
6.149662,4.311804,3.390586,40.497036,9.773475,1.803462
19.701563,13.883738,6.530579,28.216339,6.160911,6.691205
25.732023,16.722122,13.771842,84.922043,22.122993,12.178142
23.112881,15.750672,8.287857,32.865185,8.081255,29.800852
5.941794,4.659070,4.334313,21.138386,6.117671,3.525252
7.561396,4.856015,3.445283,31.619354,9.798778,6.893897
11.184582,8.028389,3.403166,51.276997,13.494995,12.559394
10.102951,7.167181,4.618944,23.991158,7.333641,8.257334
8.343524,5.970490,2.904412,10.242614,2.051968,3.982569
45.159828,27.070560,30.654526,105.515991,27.382376,77.210724
24.576693,16.640114,9.198992,24.843355,5.128794,18.832397
11.667260,8.034117,6.938103,6.190459,1.075311,-0.945916
26.415052,17.829357,17.220491,63.932568,17.278187,22.111076
6.068038,4.481071,4.726459,57.150509,17.422243,18.287556
19.748896,13.908491,6.201223,18.590078,6.123913,4.647772
21.385386,14.587313,8.384132,10.991782,2.018020,5.777892
35.017372,21.950630,16.391062,95.682968,23.420559,15.408141
25.988287,17.702106,21.456739,103.660675,30.850037,104.470428
8.258229,5.997322,1.992637,21.319786,5.697433,12.111484
31.168858,20.386909,12.350797,62.045837,17.710958,62.515148
9.361966,6.809587,4.121722,30.313831,6.844143,2.586899
31.799852,21.128477,21.199667,154.238235,48.059296,220.680603
30.982147,19.603788,27.588135,71.020554,18.438221,55.027779
20.787195,14.033247,8.184685,80.697823,18.311874,10.720834
9.647453,7.074070,3.761152,2.501666,1.122122,6.017017
23.662895,15.892248,7.621660,39.805500,9.798995,8.527661
18.688505,13.062836,6.295260,43.274261,11.830610,18.120052
7.638071,5.583468,2.548507,25.013309,6.829793,18.132175
9.724154,6.633199,4.857804,22.609053,5.805897,7.057265
30.238850,21.067268,8.008125,106.958847,26.872225,17.150059
10.086194,7.173463,3.716063,17.413536,5.480460,2.549608
16.628204,11.260825,4.804817,25.134405,5.702961,5.534590
26.180515,17.401699,8.143347,52.929134,12.653000,6.230245
23.195658,15.863608,8.964025,48.630238,14.203281,20.632137
15.399434,10.992449,5.749523,45.301201,10.794100,33.084927
30.835405,20.945417,10.248797,63.048119,14.924075,6.846130
40.907684,26.101707,16.253654,102.741951,28.454012,13.048296
6.098750,4.467028,2.336587,21.303297,5.147713,11.114947
9.820779,6.978015,4.508136,70.992355,19.378796,5.764918
65.267731,31.641476,67.411011,365.150574,102.290863,414.649780
23.111677,16.083012,6.860176,80.532967,22.028257,18.563738
14.220369,10.069993,7.653541,48.894154,15.732409,6.050747
29.743708,20.161270,9.083226,87.826683,22.119944,56.734989
33.267838,23.087097,15.286456,38.246948,11.594426,96.322395
13.567474,9.266383,8.551979,19.303165,4.616464,3.911480
6.704312,4.617137,2.273106,10.704926,2.367730,9.685541
27.859869,16.728987,18.138186,47.947788,14.297343,87.645317
37.849899,24.171753,12.816168,75.023781,17.021164,17.642170
12.479482,8.862454,4.729610,18.054960,4.917484,3.010139
28.466558,19.272654,7.539945,31.067898,8.325216,8.412722
4.302419,3.230031,2.026913,0.921840,0.054961,-0.716134
8.343160,6.087620,3.825405,4.879983,0.569510,1.039354
27.229593,18.016140,11.431207,53.110302,12.857372,10.505754
38.759277,25.282604,12.211585,95.157616,23.827129,15.286386
21.310169,14.233568,25.521677,107.922783,26.688093,20.904366
10.837777,7.758389,5.242262,23.517439,6.314550,7.891624
62.332886,32.482384,62.367729,348.782837,90.898750,133.635498
11.099071,7.580698,3.484747,35.319176,8.679646,4.739294
25.925276,17.645658,7.659401,51.961353,13.799408,26.075926
18.173851,12.618796,4.132079,32.618340,9.079778,9.636158
7.626150,5.429504,4.282394,14.424299,3.326382,0.827406
8.522578,5.583495,3.074768,32.661919,7.659048,3.875946
8.030596,5.401697,5.090125,21.937279,5.491401,12.084378
14.495422,10.285116,4.974291,42.822544,10.351808,20.459366
5.378573,3.839409,3.031006,19.237541,4.330492,1.505286
5.748436,4.039560,2.516987,26.142752,5.873177,1.278779
16.961235,11.822155,2.878016,12.381045,3.626495,11.177875
20.862444,14.723330,10.879944,59.429878,16.230928,75.930603
15.574502,10.518176,11.177585,92.765221,25.432158,81.785370
30.597717,20.614502,8.934725,43.149345,11.178494,21.001358
14.876425,10.476149,4.727242,27.679867,7.149516,4.604782
14.860323,10.636875,5.726791,54.063572,14.648667,4.603607
13.951626,9.348719,10.605151,14.299877,2.432470,12.382905
22.997646,15.677517,7.521687,27.265135,6.599690,5.101456
15.435308,10.080204,15.107642,146.421310,39.777306,156.215683
13.547092,9.230709,7.550326,22.964602,6.428703,8.299594
7.399337,5.309870,6.284471,51.261379,13.893722,13.604815
22.028463,15.238912,7.096725,27.208538,6.248003,9.120436
14.396070,9.761363,6.733536,41.544399,10.935493,11.832370
15.637292,10.830619,5.498659,30.606010,7.190867,7.292054
8.258731,6.036489,4.572127,39.142597,9.668796,3.716061
13.689876,9.963445,5.053144,13.096806,2.991113,3.175386
28.265566,18.605593,13.040782,68.411850,15.059461,9.340498
12.483120,8.608956,3.882688,48.324535,11.607499,10.327829
19.427357,13.379506,6.801502,67.911003,14.923995,9.278161
6.706141,4.575984,5.428091,6.729249,1.985092,3.609908
43.393211,27.607985,19.649014,91.386787,25.806126,32.476864
16.790512,11.170853,11.046274,91.153831,24.237043,46.793499
24.415987,15.844582,11.029861,49.118176,11.654980,14.506651
19.223055,13.007682,8.716325,30.739298,7.351049,19.130558
27.217178,18.561874,11.905379,90.713020,21.542868,10.203444
22.338036,15.016369,7.513195,43.124287,10.168976,4.599293
33.393253,21.882092,12.954603,85.298332,24.141273,18.633343
36.200027,18.187555,18.258814,73.091385,20.092033,17.449987
43.925419,25.583681,16.092424,127.502861,29.991329,17.914341
50.838921,31.258944,24.827913,205.791733,55.770084,42.789719
19.753744,14.161297,6.849736,41.930687,10.363384,3.295028
11.504954,8.000812,2.966979,29.480236,7.052505,19.536087
7.254432,5.409425,4.821372,2.252654,0.477019,2.371619
13.509304,9.069024,5.490138,45.290344,11.492282,3.171825
13.482065,9.588921,9.315537,20.589382,5.207216,12.506804
9.886025,6.829321,2.938449,7.383230,2.673191,10.848812
52.129684,31.600780,17.974482,111.506111,32.303074,135.091843
38.321800,17.993896,19.494276,171.333893,45.184322,82.854866
23.319195,16.036898,9.530410,93.752548,26.464727,13.655284
4.317509,3.303513,2.299905,7.318939,2.187191,1.347882
36.314663,24.024801,22.871933,132.192123,31.811745,41.378426
9.797043,7.067245,3.697278,30.885641,7.558623,5.081053
11.397327,8.272260,3.687901,73.830429,20.313135,8.788130
28.845364,19.401506,11.291766,73.646896,20.376534,17.262455
49.188904,28.947058,46.174549,293.136566,79.706001,97.275902
18.874779,12.550179,10.914921,75.791695,17.924181,28.655947
14.945541,10.831647,5.200618,49.351368,13.257013,27.294748
14.414189,9.972112,5.256655,22.634712,5.112561,4.544666
24.145288,16.453533,10.939148,55.046711,14.477687,30.310606
26.058126,18.081133,16.407953,81.366333,21.007339,20.536459
6.001917,4.417233,4.594911,29.990631,7.131759,1.742971
10.900435,7.460109,6.069333,67.996651,17.543255,12.707626
45.927914,29.152620,15.965117,46.606960,8.548517,12.066097
12.929328,9.272051,5.842058,21.101931,5.340624,5.420235
22.476849,15.252780,11.346208,36.285408,8.286104,9.374484
7.932154,5.611778,3.060310,19.292742,5.462839,3.923364
17.021772,11.885240,6.839026,153.579926,43.781528,6.738687
8.575078,5.844225,4.225571,27.901237,8.116053,3.152925
15.871802,11.134544,8.502755,53.343430,15.262697,18.496212
5.327712,4.259059,2.516811,23.702208,5.657172,3.401202
40.742096,26.196989,11.402682,66.063965,17.619621,48.202614
17.285437,11.725475,6.111577,31.824797,8.330921,7.685683
11.547201,8.336470,4.496398,2.050246,0.937996,1.400012
20.848375,14.625752,7.988141,42.764545,10.733422,5.832126
14.067540,10.069448,1.968042,37.602898,10.172629,20.879076
18.573521,9.784997,7.416804,58.617615,15.500051,12.466015
29.114702,19.579704,15.784549,130.195847,37.794693,72.278008
11.378626,8.058559,3.807009,33.438118,10.692888,3.050292
9.070908,6.400921,3.620447,3.512772,0.404286,0.968666
17.380692,12.336348,6.100056,3.813704,1.677296,3.924366
38.938202,25.191944,16.802677,72.444267,17.576345,19.083595
11.639396,7.962314,4.456453,15.083425,4.007273,4.779868
31.730230,19.093689,7.879691,40.392620,10.296164,19.896048
9.259439,6.507548,2.898119,15.122721,4.133965,3.600310
9.905300,7.122151,4.339642,10.776517,2.096245,3.411550
8.887551,6.734441,3.538062,9.384178,2.279931,23.157795
51.224743,31.650282,21.336605,138.148651,37.245541,156.495728
36.476555,23.305941,18.988491,109.980164,26.685442,43.176586
24.141047,16.883018,8.074624,55.700661,13.584845,24.528086
53.657436,28.600878,60.581467,337.783356,83.303734,89.952652
22.965687,15.374781,7.512706,93.445076,27.751780,43.367733
15.485663,10.378034,2.978917,51.704750,11.499456,16.531246
7.125443,5.464535,3.768766,16.144321,4.634802,5.524868
16.576187,11.453355,4.400708,43.351730,10.726515,8.313355
15.170055,10.615666,4.758542,34.616390,8.052041,2.756463
61.771381,36.326847,99.304672,566.119873,155.912628,350.114655
17.267744,11.713201,5.875641,49.273575,13.295162,16.732958
15.992414,11.454410,4.863699,17.018892,5.667995,30.060915
30.532766,19.822990,10.354790,83.454948,19.801458,9.377313
18.407482,12.971624,6.337363,22.740917,4.826498,6.706525
24.763220,16.262590,39.964836,257.129944,70.489914,154.492737
19.094706,13.304375,17.970762,95.434258,25.829245,22.910179
7.404142,5.345545,3.097473,11.510840,3.719656,1.683089
30.389652,18.358534,33.818016,131.334305,33.195621,31.709078
18.869602,12.411912,6.583777,54.599926,13.086576,12.706465
49.454128,30.263464,15.788006,96.365829,26.926006,17.032347
26.573126,18.242771,13.850681,51.834023,13.322951,5.164057
11.249392,8.208363,7.424160,36.032322,9.159007,2.426672
13.050699,8.869176,6.499919,11.213839,3.038428,4.388970
26.192995,17.823973,8.094707,31.459551,7.731280,14.425772
17.627701,11.936316,11.053896,60.665199,14.291759,16.781914
30.370001,16.821550,30.429401,47.228741,10.237798,21.362144
5.657690,4.316902,2.460516,15.922900,4.511087,1.662796
18.059757,12.719407,4.939735,24.318468,6.172752,7.254462
7.165094,5.315607,3.703044,37.160503,10.139467,3.251246
11.676536,7.812723,4.966222,46.821991,13.893314,6.088900
9.832892,6.891691,4.050048,24.885376,7.909253,21.994623
11.359129,7.654435,4.468113,17.938108,3.843704,2.103986
24.590836,16.683870,7.608584,42.494698,10.843807,6.885876
6.710779,4.792470,2.200516,20.006714,5.849720,18.007669
9.072291,6.358157,4.809866,17.279366,5.754315,4.038111
14.644554,10.275002,5.893318,58.717312,17.462210,8.524188
8.633737,6.091453,4.949323,24.984207,6.223825,3.682851
11.126031,7.553785,3.655593,13.405638,4.097377,4.937124
22.059320,14.743262,21.300245,212.531570,63.550056,45.189091
4.884865,3.596886,2.588343,10.844233,2.256902,2.316332
8.682657,6.454907,3.288002,33.430111,8.977890,13.038338
18.610146,13.001072,7.150121,5.271158,1.242320,1.752165
28.055902,19.058805,10.063268,90.040886,23.004356,18.935423
65.925537,37.851513,38.018299,438.277588,108.518700,41.108547
19.523232,13.462116,7.431046,62.522762,16.299103,20.515024
13.704709,9.615407,8.631556,20.616730,6.250937,26.905668
27.086697,18.163137,8.062595,63.686207,16.442015,4.969672
15.748562,10.611538,14.153577,109.605827,25.917767,22.462421
10.142167,7.086227,2.787218,18.121058,4.486832,3.022971
22.766218,15.005126,18.773064,19.656677,3.338447,8.838818
20.758846,14.098438,7.133540,50.065598,14.307841,10.808000
7.340308,5.000810,3.231144,21.182743,5.174541,0.845138
27.288298,18.028330,11.249847,30.937763,7.417446,6.412536
16.410076,11.206577,6.536814,20.410959,5.712862,23.956381
8.118922,5.942058,3.520310,15.861259,4.743601,12.529962
7.563665,5.714509,3.575771,16.950933,4.622304,3.744591
27.793995,18.888353,12.226051,60.453835,15.156351,25.747561
5.331925,3.656782,4.959265,60.880981,15.130380,6.768985
8.928381,6.475700,3.348583,12.757963,3.548585,0.902722
36.357517,21.084587,50.195774,322.194824,85.889801,71.533531
67.051781,37.206730,31.267162,277.951782,77.030052,141.554901
17.545666,12.120858,10.322027,59.916222,18.743492,35.633293
31.955622,21.369766,9.219071,51.872051,11.553245,14.666145
16.280617,11.302488,7.950179,50.481152,12.875182,45.304493
39.920158,24.928900,33.168262,184.574478,46.106228,74.414330
7.490075,5.613852,3.492795,20.243319,5.287732,4.212387
10.327238,4.525451,6.282243,94.661697,24.646612,6.475692
9.899888,4.634502,6.152335,97.739723,24.363279,6.353806
27.606203,18.827818,6.766827,73.530594,19.732595,11.613215
16.484308,11.478338,5.659262,3.838502,0.785143,1.975370
8.041522,5.514784,2.866711,16.662077,3.478946,5.492639
28.976984,19.052116,13.461491,78.004425,20.413555,13.118418
7.832836,5.451733,3.010717,14.349378,3.685384,1.178668
5.934211,4.159709,2.699729,2.691998,0.511617,0.336367
7.837827,5.680620,3.811003,19.905132,5.034404,5.173951
28.612129,18.937908,13.193662,25.826406,6.281030,7.021581
14.251390,9.533086,11.763213,128.644730,36.399784,114.275620
15.038739,10.740082,10.084681,44.070164,14.174023,53.698250
8.215216,5.856759,3.128784,23.691681,5.045908,2.319100
40.889877,26.326021,19.173111,110.882118,30.573547,34.121185
30.052019,17.645350,15.385073,110.103638,28.764988,97.828659
14.720212,10.487863,5.930721,5.843944,1.560814,5.573983
12.171347,8.540551,4.924010,71.121284,22.360006,18.681396
9.436770,6.439304,3.414153,12.187065,1.721998,3.104419
17.953545,12.610520,5.116700,15.640933,3.016628,4.795363
20.987268,14.923186,12.065657,95.212074,24.685255,14.131365
22.299442,14.976151,8.377321,46.288757,11.994708,28.470356
17.073940,11.889145,5.906903,43.421276,11.096100,5.937315
5.581540,3.843162,2.479459,7.495752,1.471105,3.515929
6.987761,5.198977,2.941759,27.461658,6.463072,2.161234
5.790616,4.220563,2.753819,7.406635,1.715918,1.552619
9.509464,6.914416,7.551199,15.539307,3.291166,5.464282
12.928743,8.793646,3.579500,10.317421,2.354523,9.673862
36.766724,23.576075,22.069349,128.899796,35.247234,158.199387
8.422883,5.752565,3.233691,35.013317,10.001365,5.013588
7.994348,5.608059,3.444428,14.087656,4.190603,17.529354
5.889680,4.253666,1.178410,9.988141,1.919148,6.624604
30.612188,19.470652,31.583984,121.713402,31.851530,37.705250
39.762520,25.752426,10.549985,85.693443,21.982872,40.689018
8.674397,6.069648,2.799466,29.871758,6.592991,2.392808
12.722551,5.304627,4.294310,60.743942,17.330843,16.103527
11.954291,4.613359,4.559338,81.522888,20.259018,12.417315
29.688093,18.827803,21.715672,78.655922,18.979010,61.119442
13.368232,9.344645,5.329402,3.167384,0.614867,4.803403
17.460861,12.182297,7.072475,14.072699,4.214694,23.351503
51.398941,31.932049,33.556286,156.314423,43.262341,106.902069
58.911999,33.889095,55.592617,352.695679,92.142220,75.922432
29.737568,20.196964,8.888718,49.277069,11.947303,17.170849
14.633909,10.344929,4.640598,2.395039,0.554177,0.778305
8.674841,6.190514,3.382798,23.314714,5.941576,2.367786
33.187603,21.348366,11.882378,65.810944,18.413334,7.721225
10.310910,7.105855,4.324782,10.315703,2.174374,9.437681
43.839474,27.564478,12.952621,101.191956,25.996561,14.786701
9.868649,6.446881,4.199339,22.796368,6.500178,12.271151
20.484518,13.969114,6.803095,58.466164,16.424864,31.845375
12.695604,8.705716,4.988931,4.789320,0.607809,6.900816
13.630831,9.590660,8.448215,88.700592,22.276314,12.819138
23.362001,16.469755,12.353776,10.687506,2.881918,2.082939
14.127832,9.796036,4.159355,21.291790,4.556961,4.826072
40.095364,17.392561,23.412657,124.897514,33.757828,86.050735
53.708473,30.509977,41.469532,305.331268,78.240280,155.653564
11.479662,7.896151,4.047278,35.359600,9.944468,12.246849
18.507107,12.745402,8.159821,23.724707,5.120971,31.537130
19.050083,13.265093,7.263284,14.222739,3.515033,2.747205
15.239365,10.540942,4.906811,22.508438,6.341184,2.433806
12.807825,9.119917,5.175809,65.418411,18.015480,6.266641
30.667543,20.602806,15.911182,103.371758,26.336430,20.316498
36.386002,22.426514,41.130795,187.754761,51.251923,98.246399
19.786224,13.597168,5.784976,37.748283,9.769584,9.273722
10.836446,7.655663,4.950662,35.913380,8.330490,4.181238
10.501995,7.113370,6.846466,6.975293,1.257726,0.781611
12.190829,8.627482,5.298964,37.134380,8.769062,4.449930
63.159809,34.602367,70.282951,578.903503,150.818359,84.621735
5.977338,4.307724,3.426594,13.283139,2.982261,2.077241
17.650957,12.261763,6.622911,5.149130,1.579153,6.405107
10.960200,7.639313,3.596587,28.673786,6.504210,19.707991
20.970125,14.393587,5.126359,52.344486,13.484027,6.145245
10.769944,7.624017,6.467256,33.196777,8.366137,13.057281
13.339735,9.096436,6.216506,13.891947,3.836357,5.639956
17.801847,12.284765,10.133207,50.565689,12.016337,8.288376
5.013945,3.212672,1.206424,16.763596,2.998642,14.590458
6.800772,4.795915,3.571181,12.892323,3.340905,1.845752
4.736518,3.415584,1.443941,6.963023,1.545222,4.197362
18.642757,12.649882,7.735456,29.788605,8.355948,14.575358
10.671847,7.545624,4.259202,31.548880,10.309249,10.600459
23.097572,15.442425,10.154961,48.261967,13.779531,19.750704
21.609575,15.253409,6.798100,113.944832,30.832521,13.718108
17.722242,11.699922,9.449442,90.479118,22.966553,33.086292
31.870987,21.540882,10.659986,58.841782,17.273281,136.647583
27.330240,18.195404,9.073622,30.234138,7.704025,7.136063
21.583757,15.508025,7.562160,9.477513,2.689993,7.411390
26.690195,17.664713,11.417803,17.143559,3.516817,11.382557
25.884127,17.390333,7.629944,57.817955,16.325333,32.925949
23.961821,16.447090,7.694186,55.258820,13.305894,9.190464
16.749430,11.927689,5.316363,55.071712,13.843995,18.079065
19.260509,12.837277,5.852911,40.581753,12.387197,47.598633
55.071625,31.166279,77.570320,302.973755,85.887436,356.555878
11.764689,8.202028,7.463237,22.555477,5.692430,25.148277
49.736370,30.082148,33.986347,229.004120,60.231693,187.958115
23.915195,16.025595,7.939115,53.620449,15.327005,21.157440
8.008892,5.772344,3.505022,16.998798,4.610229,33.623352
11.960844,8.226566,5.935242,14.776667,4.568755,5.223423
26.605000,17.972794,16.203335,108.506699,26.928942,11.319815
14.634858,10.091834,7.531839,36.568157,9.483048,15.042677
10.867035,7.996318,3.838963,31.769819,6.702155,5.043535
27.246859,17.987848,12.658803,49.222389,12.367573,12.864752
25.381432,17.316566,13.473736,75.002594,20.157490,49.665199
33.797241,20.413176,46.502136,229.446472,61.762173,48.575008
15.170519,10.609143,4.751256,26.061382,6.932129,4.171842
10.978582,7.825218,5.324295,22.857000,7.421268,4.431743
24.084707,16.564106,9.070993,5.765000,2.124935,6.422693
45.571579,28.294199,14.354761,81.099548,22.231846,16.368490
61.405647,36.396721,26.697248,172.494156,52.271645,198.524780
24.207081,16.127804,19.920404,87.584999,22.831108,9.652284
10.845260,7.648523,5.657667,57.088932,14.933871,6.515320
18.895771,13.049984,12.342720,70.632881,17.283627,20.224909
16.486372,11.771582,6.022139,36.596004,8.914938,7.017744
45.927643,29.273426,22.666622,102.184830,28.048843,82.812790
41.117115,25.723038,20.743799,160.114639,37.696712,18.777033
25.501318,9.780335,9.974398,30.723579,7.662711,21.897566
24.736563,9.817012,9.743903,35.212605,8.416113,22.130180
12.961756,8.893847,3.953090,47.343102,11.610109,27.442163
19.052071,12.833203,7.646646,21.963423,5.905301,18.756062
5.381078,3.556201,2.367087,26.460516,7.786078,2.411100
7.491689,5.172802,3.215641,24.684572,6.459422,4.347153
10.785600,7.888844,4.128195,14.163648,3.493546,2.990894
14.448583,9.901186,5.918747,22.177975,4.789458,10.301894
14.901179,10.104319,14.902053,86.279610,23.851517,93.786415
9.103486,6.796167,3.158088,63.258835,16.651775,14.148150
9.566701,6.991005,3.703723,3.954858,0.577281,0.647774
6.739010,4.684225,2.278010,20.568827,5.162883,3.775600
110.852325,53.499775,107.052200,726.882629,192.310501,298.547058
18.678183,12.788355,7.119930,24.070753,6.745281,9.846850
11.662956,7.979485,6.425583,27.209341,8.008147,11.807078
25.732607,16.888742,11.632628,193.310043,55.888996,34.012325
32.548054,19.692839,38.404358,150.156204,37.917076,99.221603
13.932907,9.920844,4.095674,23.989017,6.112688,3.549789
9.585440,6.596379,4.338681,38.603828,10.347254,5.622684
12.767093,9.036527,11.096627,176.035950,45.600636,19.445320
84.083420,33.535809,38.555691,247.309174,63.738503,123.961655
21.897543,14.744187,6.401247,22.047998,5.297333,16.435396
10.409097,7.310808,3.651919,66.736374,18.008827,6.036656
13.117638,8.934264,4.657255,64.096199,18.158882,7.918824
13.199146,9.522141,3.614815,44.818821,11.545809,32.306171
22.969212,14.916018,10.434568,82.653427,22.813343,23.563875
39.464924,22.472511,30.430185,114.013550,29.470079,31.812344
65.935410,20.813566,28.754101,162.084839,46.155121,131.801437
32.098499,16.894804,15.157735,76.578186,18.842838,24.279261
7.724460,5.575570,2.396836,23.041967,5.816853,4.267642
11.028475,7.859134,5.390127,20.067068,4.750695,20.872482
17.536007,12.265655,7.555785,40.141010,9.588738,8.836956
13.496856,9.522590,5.544954,8.093811,1.287885,12.701177
28.197926,18.933271,10.743440,117.599121,30.331425,110.580254
24.159224,16.374046,7.488214,57.937279,15.718555,18.817934
14.919630,10.134477,4.246779,19.645205,5.378694,18.569101
40.160313,26.069630,11.838451,84.818001,20.352444,33.089073
29.603662,17.876661,13.806269,60.826435,14.217746,9.959806
7.818664,5.678956,1.909740,17.306572,5.379777,10.962984
6.363649,4.799431,1.850186,20.447868,6.988994,20.154415
6.964514,4.743277,4.156894,35.439610,8.672706,5.535697
9.652595,6.739592,3.374343,24.190720,5.075284,10.969795
10.482678,7.635209,3.882162,25.099274,6.669088,5.162366
9.958826,7.295547,4.205752,26.245596,8.804214,31.626831
5.940886,4.249845,2.279148,22.506189,5.914827,3.909476
10.477395,7.321628,4.018867,15.472990,3.767627,6.167317
34.889030,22.879843,11.586678,46.002098,10.495581,10.974330
25.435507,17.655924,8.646856,32.676353,7.134468,5.308954
19.218845,13.057203,7.863575,83.253021,21.193336,29.369581
19.225840,13.610953,3.564185,42.736496,9.659892,10.149047
7.533938,5.628391,1.638198,8.500285,2.480065,3.529075
21.921690,14.715073,9.407725,81.538635,20.982151,8.695429
28.052053,19.157949,28.186348,114.245537,31.225836,144.276764
38.247051,24.954683,20.832243,111.795219,32.505184,34.859550
38.712898,22.698244,79.190582,455.024445,113.085800,93.628723
18.965952,13.670467,6.627646,31.919367,7.332861,41.001087
31.203613,20.724918,9.403065,60.808395,18.608547,90.118492
7.417964,5.087344,2.167357,27.663986,7.060912,12.892201
4.511442,3.369937,2.735282,22.123501,6.834877,3.017058
29.942514,16.567930,79.245865,397.513031,103.008842,396.241730
32.725670,21.811724,11.557207,75.526299,20.590296,74.906929
4.948925,3.657473,1.133363,14.909550,4.706873,10.170387
36.464668,23.110889,13.334615,84.880791,20.551134,22.119249
16.888018,11.873224,5.790311,32.743828,7.564930,13.375171
52.057610,32.173935,21.935427,96.720474,23.399073,65.631477
16.904802,11.448066,2.907386,47.304081,13.889490,7.533082
18.993690,13.366057,4.117801,40.704872,10.794575,13.473702
9.186177,6.700626,3.303089,6.478356,2.124965,3.176425
39.185787,23.953794,57.537552,201.680054,48.708618,98.117973
39.928318,25.078079,30.675497,108.942505,24.637535,28.401360
50.605976,30.774895,56.831261,405.423553,108.109192,338.979309
32.374115,22.278206,9.413343,65.812462,19.488605,37.797882
13.942451,9.782773,4.279505,38.523438,10.690398,7.462649
10.497419,7.233965,4.493635,18.906961,4.082004,9.696976
11.382873,7.790267,7.527673,13.062222,2.870379,9.585312
12.641148,9.049170,5.320994,37.046993,9.944893,6.870374
12.264832,8.395619,13.323206,182.384354,55.386063,159.543335
15.336534,10.167269,4.734643,62.012115,14.366102,4.594953
5.336818,3.913361,1.091033,5.948574,1.468473,2.609059
29.110678,20.157084,8.477239,9.067582,0.876014,2.079206
28.493851,19.029039,8.739257,84.917610,21.148191,10.443946
18.515900,12.979701,8.277041,105.681778,27.514595,5.153281
18.540905,12.921638,8.686363,97.895828,25.888670,21.146814
12.741983,8.923141,2.620301,11.297101,3.402161,12.703065
6.937740,4.953352,3.111300,46.450752,11.318465,8.672029
8.896347,6.807076,3.606585,25.780092,7.823370,3.241226
63.517242,29.871346,31.393927,224.094971,60.385403,81.910751
29.560581,19.446491,10.598768,39.695606,8.579349,10.137836
14.580142,10.398272,6.212130,24.941025,6.047547,7.542590
73.881981,35.071060,76.421349,276.176605,70.006508,146.194580
10.379747,6.037002,4.005407,33.374489,8.468933,55.973225
4.457320,3.197748,2.742734,16.347092,5.066814,3.060618
16.401442,11.540156,4.604099,49.971783,13.194859,12.299132
11.275189,7.817501,3.512386,22.361782,5.218023,6.769325
7.776237,5.365151,4.255218,41.853138,11.712175,48.243244
8.177311,5.974542,3.395395,21.812761,4.785480,3.187352
4.011229,2.961500,2.405245,2.775657,0.358880,10.960934
31.345867,21.094488,11.958959,133.552170,32.683681,16.956375
20.065592,13.714820,7.483671,52.806358,13.982721,9.090276
13.844201,10.161976,4.943543,23.440977,5.230628,16.562000
9.071919,6.292231,3.363141,19.763199,5.591763,1.437036
19.465496,13.304298,6.242407,44.763401,12.403340,20.028429
15.770813,10.586697,6.476779,52.656902,13.089591,21.018078
35.980728,23.048277,16.019796,91.048874,21.235743,26.987442
19.176497,13.674067,7.071573,45.230350,11.278341,6.546900
5.994776,4.114965,2.373415,22.871618,5.485018,1.210196
6.862614,5.026530,2.912751,15.905721,3.626721,1.811463
6.949005,4.848825,3.192565,28.406431,7.100569,2.517871
24.954786,16.738134,9.140457,23.063677,6.139054,15.961082
21.614044,14.677271,4.713133,35.322708,10.139240,12.607840
10.503481,7.522993,5.387987,25.511187,7.081028,4.306943
33.333694,22.741890,16.031752,93.523308,23.663868,51.425488
28.203035,19.096663,14.329607,87.949722,23.932158,47.024910
15.321609,10.856997,3.907455,17.410215,5.309906,13.520241
13.683661,9.287959,5.414418,21.801310,6.067766,3.340139
15.179284,10.531684,5.027618,16.213055,3.312248,4.837112
8.069252,5.920535,3.281217,13.241607,3.267924,5.322666
22.243753,15.102606,8.072651,49.133251,14.911792,35.209919
11.460861,8.173495,5.256106,3.199068,1.038658,0.655702
31.563540,21.752842,10.991731,39.416412,9.804093,14.583847
17.012600,11.646946,4.125281,39.862881,10.881881,15.000463
10.147593,7.395017,6.881322,3.520410,1.457296,3.248011
6.027961,4.113121,1.712540,37.160728,12.174339,9.436387
11.666886,8.131583,3.471348,19.146931,4.515808,4.497588
36.935814,24.113613,14.887182,88.857323,20.283056,28.337360
7.492870,5.525014,4.442534,2.459578,0.609945,0.362356
14.772290,10.301198,6.822390,25.491255,6.584229,4.618364
18.675888,12.983660,5.869376,5.209116,0.730707,1.227436
32.183918,20.431013,37.294197,165.482758,42.703197,132.075256
18.871458,12.920513,8.314210,46.582817,11.775491,43.344166
7.782317,5.687567,4.145238,16.399006,3.926868,1.612206
25.411804,17.935951,9.669388,70.424225,19.564381,10.191925
23.296173,15.916658,9.384062,94.417931,24.626839,45.124771
6.324184,4.859610,2.380355,38.418705,11.034637,1.872633
10.831514,7.914215,2.790806,24.744070,7.297088,6.855746
32.146194,19.735312,10.490887,104.418846,27.090431,9.244061
7.963737,5.826366,2.689792,13.870720,4.447876,2.895664
6.296212,4.705128,2.733121,9.617105,3.034303,24.155708
35.504940,23.103338,20.803492,177.651672,44.007637,70.671173
10.577957,7.735439,4.374467,12.759536,3.093908,5.109443
33.915981,23.224579,8.582108,68.817986,18.189363,53.828506
5.510416,4.094345,2.498286,17.349731,4.688502,5.256048
33.200619,21.635820,20.340086,64.423561,16.926737,13.725216
23.791721,17.010777,12.144668,105.687035,25.612490,11.392600
26.269112,17.378759,8.758143,83.909904,24.592487,18.332243
21.411255,14.793411,6.249509,60.815762,14.866408,17.829517
16.499908,11.222305,5.979332,5.642263,1.116883,1.119199
6.204152,4.700971,1.573578,11.845172,2.977464,5.108425
8.277463,5.280968,2.031120,12.101206,2.563973,5.778355
37.266739,24.139086,11.925459,64.090294,15.901147,12.666607
11.275936,7.771946,3.444443,19.309496,5.012988,3.979186
45.098713,27.547853,23.697697,157.687164,38.557716,39.419086
6.513783,5.068262,2.578975,20.574802,5.551400,2.234476
16.088457,11.153008,5.952561,10.520577,2.104096,1.510792
10.375787,7.328558,4.020985,15.505332,4.879892,3.013027
35.873707,23.898148,17.669638,107.994301,27.484558,13.635815
11.072983,7.629489,8.777050,38.507748,9.827443,9.497299
11.976559,8.193016,5.128712,3.188208,0.955782,0.764205
25.848495,17.736944,7.298817,20.601345,5.251496,6.700573
8.547196,5.688378,5.982541,6.373929,1.852964,1.544049
13.138771,9.160495,4.703495,26.943798,7.130960,4.810184
9.548860,6.724387,4.066516,4.324443,0.977696,0.964010
37.076286,24.666943,16.758974,88.737808,24.229765,30.268696
30.531246,19.395741,13.406977,160.787949,44.357670,151.032455
16.720856,11.734968,12.126287,78.285744,23.422039,70.882187
14.603800,9.969194,7.014286,15.250255,3.178501,6.080731
8.024724,5.642497,4.395807,60.983673,15.220453,9.667449
11.817044,8.572469,7.477531,33.397694,10.435201,5.669734
19.721279,13.606696,6.411191,46.692688,9.692351,8.054772
43.239838,16.212099,31.169891,285.737610,78.061394,63.905819
47.048134,20.925449,26.670980,289.764709,70.266312,54.813015
4.904370,3.495070,1.824355,2.991761,0.074044,-0.173444
26.778500,18.129658,16.210436,79.503456,20.201254,34.871540
13.603880,9.362916,4.425234,53.772751,14.640164,4.474057
66.634407,34.112530,125.256866,692.797058,177.771439,335.793701
8.963933,6.461194,3.613289,23.156372,5.934588,4.135710
28.106506,18.951273,10.974689,29.360594,7.670823,47.955181
9.599189,7.034057,2.806045,13.813195,3.685238,10.445531
11.790884,8.253201,6.435789,4.904492,1.259604,4.013291
30.667919,20.983322,10.003119,61.051144,15.901005,97.966286
15.520271,10.880795,7.587166,60.129406,14.897388,7.538707
11.322846,8.134765,3.433313,48.327679,12.998617,7.399253
6.802591,4.879149,4.053776,8.910489,2.587349,2.543134
20.394133,14.014312,5.074738,61.807976,15.520682,5.619685
12.060717,8.316144,6.517838,42.403652,10.813038,4.744312
8.780763,6.101304,4.278749,10.135106,1.531885,1.621936
8.500007,6.526418,3.022881,19.141953,4.746839,1.937960
31.867281,20.212355,19.187403,87.408417,22.094557,9.591580
11.744243,8.251751,4.374732,27.642063,6.252144,12.902928
22.412775,15.129400,7.353625,82.726089,20.950462,13.242544
20.835358,14.062940,9.886251,76.764244,21.549446,30.599518
9.546206,7.153006,4.432588,37.521824,8.408208,2.561305
11.202453,7.692814,4.150206,23.268995,5.725591,6.821454
27.873577,18.755465,18.288944,49.599133,13.396254,11.130177
38.974049,25.465393,17.216343,167.935211,42.691429,42.428871
15.092703,10.519166,6.184955,106.121040,32.776165,71.607544
9.782842,6.468110,5.340559,21.307590,4.985057,4.324487
11.675033,7.808413,5.515107,21.852026,5.845096,6.580691
39.036053,23.407608,19.977650,141.012863,40.553261,33.949963
5.150160,3.420516,2.936908,3.649273,1.010213,1.196139
5.368216,3.615110,2.362601,15.365650,4.874878,1.612480
7.127941,5.207839,3.514242,2.468289,1.472997,15.643696
12.085421,8.280557,5.074522,26.210783,7.604635,9.249940
19.588253,13.587625,5.207800,35.517281,10.119034,37.412659
4.981280,3.565050,2.028401,17.023514,3.759683,2.804853
29.558298,17.268755,23.734322,176.862961,48.529285,58.570877
16.840771,9.041374,15.969874,161.266052,38.509495,27.865738
5.324354,3.911076,1.560564,12.929968,2.895405,4.770619
22.320353,15.312661,8.079703,52.114204,13.137833,11.748730
16.530554,9.104193,7.642455,34.549644,10.795410,25.118999
12.887194,8.273212,12.215281,102.595665,26.532833,48.752548
9.844526,7.090045,4.519348,60.000946,16.481001,13.723598
27.412338,18.306332,6.825333,44.428452,11.839485,22.062731
19.230314,12.848399,19.536907,148.046036,40.181019,71.449379
15.652858,11.176989,4.637410,35.232018,7.760370,5.519435
13.654649,9.714797,5.583203,19.403965,6.132158,4.845590
15.673444,10.794809,10.091812,136.021729,36.210617,13.866974
31.131971,16.380236,78.871498,454.474609,111.652893,136.099533
5.803140,3.977073,2.615121,1.658766,0.595214,0.251380
13.886493,9.911962,5.690848,4.275927,0.982607,2.937168
5.458730,3.887205,2.181558,21.234959,5.245983,14.770736
11.631087,8.543583,5.254655,16.441978,4.984787,10.098157
10.420745,7.429790,3.236700,46.593151,12.643744,19.377991
5.738476,4.410817,1.365489,4.774465,1.264156,3.692004
10.030764,7.119606,4.089137,30.042206,7.175267,4.563890
13.563429,10.004774,4.548808,16.838272,3.713505,2.471565
14.317940,10.047246,7.613589,40.593864,10.947550,28.397797
12.809346,8.947519,5.188229,4.142118,0.980175,8.023971
13.151384,9.247471,5.270573,34.282360,7.015173,4.407883
11.104883,7.796926,4.330764,20.055960,4.470415,3.451958
6.754099,4.386281,3.449445,8.262335,3.320300,2.210967
14.564563,9.920592,9.379258,71.621658,18.234629,46.519848
7.259275,4.853566,3.231097,27.046053,6.762706,11.179865
19.842752,13.685188,7.758043,30.730484,8.002561,36.268700
30.851320,20.738941,11.063113,100.895584,24.263872,16.010382
22.468912,10.626144,13.594768,149.212860,39.788689,24.251417
12.874597,8.932567,10.594772,25.941257,6.005354,2.984043
19.251589,13.035409,6.113661,28.601973,7.502136,10.596354
16.798647,11.630224,8.845966,102.301323,25.312634,21.405157
4.463322,3.026561,1.564927,1.652436,0.027463,2.258040
17.171135,8.221197,7.667728,42.801800,11.015240,27.761816
58.800346,33.267818,43.870163,238.667404,59.360897,57.713127
11.979560,8.090184,6.788931,53.103317,12.997673,5.459243
6.207500,4.463860,2.844721,54.798206,13.694816,3.631780
9.210694,6.495661,2.414686,16.945322,4.873394,10.550313
38.798519,24.987261,27.765635,128.070496,31.630251,13.427093
7.639890,5.501990,3.175097,20.166540,5.126299,3.583476
15.427938,10.349450,20.984825,87.170921,24.900482,12.562428
11.479899,8.074800,4.858312,16.796095,3.904468,3.077579
5.624019,4.420572,3.227589,2.862728,0.139681,1.223814
8.153020,6.061489,4.191771,10.705329,2.833176,5.045086
10.416244,6.929505,14.568998,90.938782,26.938292,62.183002
6.871020,5.242588,2.490325,14.193272,4.756029,18.162733
56.099995,31.164301,47.411083,216.672241,55.370075,98.489960
11.324126,7.837000,3.865787,24.283007,5.551845,8.649387
24.430042,16.178288,9.261603,44.772381,11.250795,9.829945
21.502754,15.065717,9.599363,10.271032,2.029460,1.363902
20.093315,14.034159,6.032795,42.656696,10.963867,3.120782
6.557211,4.492367,1.871836,40.275661,9.601412,2.631403
36.823322,24.512486,17.984186,80.615196,18.670334,10.586510
32.721283,21.081968,11.855371,63.931435,15.615458,8.075909
14.467535,10.225672,8.316528,30.681385,8.373476,13.123915
13.143039,9.027028,4.542611,18.098585,3.269507,6.483605
21.400517,14.977213,6.357808,52.493210,12.052444,8.958614
23.841413,16.320139,11.476328,41.079559,11.078289,10.771780
17.245813,11.585035,7.982153,45.965630,12.037002,10.547537
31.901031,21.420862,11.373548,5.104110,0.872643,1.700945
24.862608,16.880314,6.806036,27.964731,6.861607,28.596052
8.795544,6.027589,1.767768,7.117690,2.954474,4.031133
13.011645,9.482849,4.500598,25.997602,6.883308,5.452816
24.539968,16.514585,10.341088,45.606018,10.936636,22.916134
22.636215,15.140859,15.155473,77.742828,18.687353,9.391309
41.392448,28.025568,15.024343,8.958596,1.657480,3.347402
17.700817,12.066894,4.765416,64.307343,16.388294,35.616444
13.712505,9.471940,5.273911,6.091877,1.251572,11.203819
14.532482,10.447154,4.787125,53.341293,14.809389,35.523506
19.003263,12.750036,7.223770,32.902348,9.580976,8.337010
4.417422,3.170108,3.080498,16.999794,3.661224,3.789843
5.175528,3.740374,1.422726,11.031674,2.822265,6.524262
5.821345,4.269600,2.689196,15.720584,3.517274,2.667887
6.256941,4.679147,2.925855,17.329218,5.427783,30.485346
5.852273,4.469079,2.633004,11.313494,3.960022,8.899814
13.533250,9.158461,4.805027,114.477379,27.856628,8.698379
29.164137,19.666790,8.883767,78.126259,22.260088,5.968579
13.908361,9.722247,5.560999,4.818356,0.731855,1.880147
17.547583,12.633429,4.382651,111.553436,30.876091,31.702518
10.228687,7.619401,3.524536,12.849198,3.451517,3.566101
5.804554,4.062051,2.886884,24.923594,6.422862,2.269619
13.772758,9.266059,4.219304,71.498077,19.209698,4.928885
14.837505,10.580507,8.775833,10.348830,1.042292,8.357923
19.108187,12.599965,8.051458,47.840885,13.665366,4.688746
7.764163,5.668036,3.442338,28.746204,7.580549,4.079618
10.242964,7.137164,3.193691,40.090710,13.454211,2.706225
16.979244,11.567374,3.825427,55.387997,14.097947,4.251936
12.757551,9.089052,14.568157,96.976501,23.642057,24.762674
6.053499,4.387986,3.021974,0.447280,0.037434,1.377203
13.622421,9.383334,6.882082,59.901875,15.007280,20.823015
37.796558,25.174007,12.422294,49.105003,13.418317,70.763077
5.261584,3.705643,2.416833,12.051644,3.029724,2.872643
5.104702,3.565200,2.919852,15.757674,4.843956,4.353247
25.945677,18.032658,7.018241,54.801605,14.675536,18.642950
31.957928,21.040924,10.567203,64.524445,17.157330,18.443230
5.561099,4.149981,2.883499,14.724312,4.022292,13.273927
8.910223,6.224698,4.912215,37.214474,9.499605,5.809728
26.933355,18.297958,15.584321,48.490887,11.998496,23.234241
37.325336,23.914762,16.501793,109.948036,27.583941,56.654831
11.553679,8.256516,4.721219,16.689156,3.905479,8.166219
5.894625,4.214385,2.462503,0.472499,0.413787,2.839486
23.538197,16.167688,14.055607,136.692444,34.456242,17.861017
9.200397,6.501868,4.779941,28.641714,6.204440,5.186584
40.347057,26.004715,29.397898,179.550140,46.975006,33.333092
11.474200,8.098302,3.245976,45.029606,10.999578,5.999835
37.784737,24.409567,34.226078,99.484039,23.283390,23.920303
54.300117,33.611061,38.582504,156.798477,38.770607,79.733261
59.990009,35.026596,58.582806,466.515228,121.605766,232.611176
12.564513,8.602201,4.415417,12.223170,4.035821,2.473117
23.133879,15.162303,14.995817,70.606262,18.017820,15.853819
30.684019,21.115393,9.983980,22.926392,4.694220,5.975817
19.205147,13.226593,13.921169,103.382973,28.687935,21.883961
10.763711,7.533250,3.261043,42.308102,11.617352,5.305320
30.787964,20.583113,8.980186,66.474617,14.953647,9.800675
22.697985,15.282969,8.478957,65.845741,17.597269,20.055552
52.993187,23.269693,23.753769,139.262299,40.371235,137.278595
48.928082,19.937325,24.109903,162.126785,38.744621,72.790520
13.356379,9.580982,4.706638,33.548939,9.791770,16.786127
38.141262,24.476292,28.421631,155.786835,42.654118,61.263119
20.821817,14.513009,5.983845,33.173347,8.632379,6.940352
24.797646,14.578149,9.158367,50.853886,14.099895,8.592537
26.188917,14.535028,9.967813,65.572647,16.616289,7.536203
27.163349,18.594164,7.318042,87.454201,21.527037,17.058918
19.156828,12.665555,16.483599,87.587166,23.483984,39.158775
30.191183,20.858803,15.148935,63.609882,17.246620,56.947098
51.061424,30.142946,80.847305,242.500336,63.340538,56.607063
18.214991,12.052469,10.834896,77.576637,23.470348,38.847130
8.438492,6.213415,2.659158,28.975561,6.746041,7.580898
8.232786,5.817502,3.676533,22.366709,6.999993,17.655128
23.228554,15.915617,7.658591,6.839912,1.120840,4.783749
10.903232,7.538931,9.179051,24.395536,6.228891,6.206396
24.526293,15.796388,27.342312,105.194626,27.231014,54.290398
36.525551,23.225899,23.788340,138.352097,39.322781,52.633450
17.354219,12.238236,18.532598,101.105568,27.417799,46.298496
14.249292,9.982864,11.449793,84.528435,21.128296,33.650055
16.528368,11.233107,8.983500,61.562111,16.688536,68.379791
22.426655,15.604032,7.341571,52.952099,10.493292,7.599185
17.388809,11.559475,11.727441,104.745827,25.364922,25.296322
71.396301,37.730385,39.800476,224.671066,62.089207,60.670647
28.053587,19.519405,6.127288,25.815735,6.542179,21.210632
42.000576,23.955828,31.539068,303.704895,86.182510,97.014763
22.327740,14.244034,15.810460,99.848755,28.149403,135.732330
14.010626,9.779803,9.812047,15.083987,3.690703,1.784070
10.352913,7.611559,5.710886,19.255753,5.378424,6.821048
17.126711,11.223039,14.286942,58.050377,16.413223,10.144779
16.501719,11.470142,5.014501,51.982670,14.353439,3.851215
38.509975,24.240242,9.275915,48.861034,11.111204,25.785959
21.323540,14.132739,36.858124,162.883606,43.012611,67.792725
23.546301,16.174532,8.483981,49.506283,11.884079,12.169092
32.309170,13.937570,9.659326,50.930180,14.230663,32.509399
28.981123,13.007309,9.635775,55.708557,14.010988,26.992254
27.502342,18.975060,9.575533,49.084148,11.506543,8.856599
42.258778,26.732841,48.337627,147.823013,37.515324,67.598717
37.660118,25.290718,14.027368,66.155716,16.990860,25.002382
23.339657,15.517161,20.093920,142.245560,39.839512,147.099823
7.688303,5.774362,3.784324,10.492948,2.277267,3.432389
35.170662,22.523836,18.449251,68.352081,16.389498,30.676300
34.846889,21.433224,11.578710,66.785439,15.240349,13.538039
11.039394,7.770854,3.553071,23.456951,4.730749,2.660379
10.690311,7.722955,2.449248,15.515347,3.918544,9.877885
25.228117,16.575966,9.148742,69.691017,19.013489,31.623653
38.826786,25.510637,22.946844,70.344254,17.751652,26.481495
21.686644,15.170745,8.447459,31.674120,7.887025,23.760939
30.679003,20.219368,19.675234,131.571915,31.129868,26.059847
56.532513,33.633766,28.416304,162.657669,41.908249,25.104403
19.144701,13.314409,5.407448,58.939384,16.457621,8.001204
48.702381,26.420273,72.063644,391.494751,101.317337,213.250336
18.325548,12.813368,6.431383,53.037693,12.828409,26.535896
13.096371,9.073761,5.410337,3.519348,0.565812,2.468183
34.478855,21.974068,12.141757,66.888527,19.252089,52.192467
17.188793,6.295778,7.344948,47.635464,11.132293,15.319443
36.662094,24.803802,12.076205,80.491737,18.332188,13.385379
6.760366,5.480074,3.474889,15.113235,5.016257,6.013267
13.616043,9.458180,5.546215,63.295952,14.595278,5.154018
14.833035,10.287169,5.293866,37.871887,9.182094,4.632205
14.882009,10.841002,4.029994,18.745579,4.847693,10.501925
38.681530,23.997423,16.459490,139.733994,40.361065,125.684113
17.263189,12.221763,8.244435,64.887009,16.797915,31.163980
9.657107,6.992002,1.871265,23.423716,6.056798,30.233412
47.669453,30.566088,17.651676,77.104797,18.770124,7.628011
20.426031,14.123273,9.368536,51.254036,13.363893,31.302414
8.219887,5.642898,2.192762,17.921709,4.649021,11.100698
61.189663,36.339375,25.847584,72.883987,18.096714,26.908566
7.152730,5.166653,3.279621,17.249922,2.928479,2.083819
18.517429,12.760478,6.859634,43.623951,13.304683,4.989537
8.624459,6.405035,2.768928,28.543722,7.588499,3.183628
6.989164,4.814088,2.843725,2.889416,0.115457,1.106721
12.026552,8.800062,3.456787,58.885178,14.874523,3.840611
6.504314,4.703620,2.994284,20.236940,4.297566,3.533907
9.178861,6.249421,4.215122,29.453945,7.020727,1.212596
12.594521,8.919804,5.196276,25.672987,6.261442,5.244001
11.498392,7.899922,1.672950,29.686810,7.674499,4.485031
27.599380,19.033535,17.306755,31.737965,7.610624,6.751088
20.922657,14.658978,6.498511,26.096655,6.592889,14.621999
22.886984,15.838189,12.804543,80.464134,18.709114,8.978998
8.684973,6.213104,4.890452,50.856915,14.871833,27.966488
5.665674,4.369155,2.467529,2.776047,0.067883,1.136431
19.612270,13.490251,8.171665,77.684074,23.108826,20.105083
17.657072,12.473117,5.064674,32.268051,8.977601,4.985870
23.318647,15.972810,11.555056,53.892956,14.857834,10.696349
14.468561,10.014799,4.894041,45.608017,13.614482,48.941311
11.022622,7.488018,4.106763,30.590250,8.893704,4.739744
8.494488,5.778911,19.312880,62.362225,15.720665,84.409485
9.616779,6.820990,3.576684,22.962090,7.028875,20.084000
19.793585,13.508224,13.246885,63.545147,14.686303,12.470675
8.201827,6.035249,2.698048,12.927938,2.967356,5.648255
28.629057,19.261335,8.362027,80.902733,21.413525,6.087713
9.413814,6.996502,3.438684,18.230352,4.619819,4.272734
10.653433,7.687953,3.664822,38.616138,12.167941,35.355167
33.620770,22.856131,7.864137,49.323662,11.905193,10.010106
11.764071,8.365952,4.797975,18.395054,3.643150,2.757832
25.224407,16.779633,9.528394,22.091413,6.744661,20.906559
35.458340,23.076864,11.848353,55.485611,13.036488,5.416458
31.047235,21.135128,7.631508,61.521240,14.481133,12.434818
8.241909,6.113233,3.185211,1.159708,0.172372,0.917161
36.048935,23.493944,19.412537,118.141449,26.150429,25.059725
34.815136,22.924168,13.831494,68.198090,17.700478,34.459576
11.222683,8.230288,6.350999,7.844262,1.201557,5.529713
20.109793,13.558047,6.164642,36.900219,10.492382,15.108935
19.916590,13.368210,11.070425,26.903250,5.333152,6.485898
6.441989,4.618201,3.042185,20.248785,5.282403,1.667586
27.014378,17.910183,11.575968,65.590240,17.626997,21.891823
4.821548,3.346395,4.308123,44.923286,13.687628,22.794931
40.020020,23.451603,19.246037,15.934886,3.428191,8.450953
16.334618,11.433145,5.603520,36.239578,10.909781,27.683947
21.997356,15.165453,16.404392,207.621796,54.234833,31.146528
3.700639,3.132232,1.810305,1.847781,0.288196,0.607835
24.788971,16.590300,9.506495,72.209679,19.976452,112.264671
44.870018,27.765110,14.575744,103.113220,25.821688,16.722675
6.842107,4.892794,2.942869,17.976263,4.745969,2.838223
8.047908,5.816100,4.063273,6.489108,1.620786,1.502661
7.729816,5.433136,2.229551,35.489086,9.861022,17.913733
32.626060,22.604490,9.522622,116.878059,34.538574,10.161751
7.997383,5.762551,10.281371,55.413101,15.068891,43.304939
11.650521,8.564441,5.207590,53.810802,15.312437,9.001977
13.178536,9.315309,5.573810,32.964409,7.958483,5.939986
10.337465,7.101806,32.018742,149.360046,38.251945,58.776379
33.703037,21.775187,24.366365,118.491684,27.802162,24.057158
6.024087,4.433748,7.461899,74.405510,18.999838,33.092236
16.645836,11.586357,4.770958,37.038143,10.360476,6.910448
31.307653,12.198237,11.197114,63.296154,15.552546,18.353542
30.526836,12.994263,10.939015,64.501457,14.074709,16.444387
17.509699,11.987371,5.753914,55.724209,12.985828,22.635735
15.710512,10.975827,3.850712,43.536194,11.541752,45.368591
11.491683,8.432044,4.220413,15.095925,3.400653,3.586471
8.517044,6.007991,3.621044,13.626482,3.957585,2.273233
21.114868,14.614440,49.098305,214.299866,58.871014,201.083267
56.939194,26.987387,72.200790,319.598846,79.898636,164.224991
8.934856,6.125050,3.065574,27.592920,8.932684,5.157283
12.572122,8.219090,5.503922,60.653728,17.725565,3.595397
28.154226,18.539207,12.564103,10.411079,2.288172,50.782562
15.263494,10.934079,7.288788,35.617126,10.075592,5.263107
34.008305,21.627604,12.886339,102.853783,27.667112,55.754826
6.693821,4.643364,2.431406,4.654055,0.920382,0.325398
17.802013,12.148496,7.916768,42.976944,10.493183,12.102496
17.300566,11.970734,7.194891,41.403522,11.296680,10.412059
10.618565,7.075428,3.877597,3.623760,0.559585,0.658091
17.609015,11.603930,23.330400,77.631134,18.819122,33.200500
7.067958,4.940324,3.172866,1.870373,0.128409,1.719161
6.215545,4.402771,3.606930,2.364043,0.952758,2.885484
6.380487,4.484246,3.608706,18.741646,3.810303,2.792346
79.001213,37.513138,73.496208,361.831818,102.434982,405.449829
5.205758,3.888877,3.117660,17.092367,5.403489,1.747713
10.173922,7.239447,5.055501,28.303501,6.789442,16.804306
5.094341,4.122201,5.113320,77.856255,21.242189,7.163743
28.434389,19.568607,7.161635,65.888397,17.241550,70.652649
18.509418,12.687165,6.368911,42.482239,11.525898,7.271874
8.330818,5.629843,1.988841,15.433748,3.278985,9.607759
4.123987,3.271865,1.772109,4.992888,1.376728,5.610538
7.164113,4.833887,3.295518,16.105358,4.150383,3.668085
30.694727,20.076334,10.620784,38.713497,8.338840,5.794078
14.292698,9.978614,11.050911,56.781963,15.448677,57.644917
14.503103,10.154096,5.335420,22.336138,6.281851,6.662689
61.241386,37.196972,26.531864,156.955093,40.132442,39.302826
17.426023,12.038321,9.775814,119.686874,32.444691,74.465607
7.354410,5.448925,3.786779,15.654018,4.375727,3.932816
15.857879,11.422390,6.194735,4.670894,0.548664,3.219392
27.202429,18.062044,12.914515,63.593334,13.989933,39.156269
9.959472,6.778771,14.574207,51.046383,13.551076,36.936962
11.302757,7.924233,4.382415,13.731487,2.617719,23.209356
8.168525,6.044979,3.711051,18.500263,4.603477,3.434201
29.339140,19.440334,16.623556,86.404976,21.789162,14.875026
37.627350,24.536486,28.193733,151.569412,40.536438,38.853481
37.200157,24.805212,13.211147,115.638023,29.210823,15.884040
18.058479,12.477591,13.208247,122.051857,29.559429,22.199427
12.939278,9.580643,4.187950,15.116134,4.541304,8.782585
28.127474,18.425095,21.328997,139.315292,35.402832,29.825607
5.879495,4.375590,3.117187,27.314217,6.833289,3.108992
26.536348,17.524473,15.140636,96.166977,28.494543,67.993095
35.936283,23.713137,16.674215,116.698952,28.261446,22.867058
15.256391,10.496916,5.924078,40.898544,9.779964,5.430211
24.595350,16.685160,12.065501,80.411034,20.625460,49.212574
18.219223,12.594092,11.854980,109.226341,24.746136,16.832003
11.018536,7.932117,4.499052,42.768700,9.851851,2.939981
10.702780,7.587003,2.433923,16.863941,3.651505,5.942522
10.233998,7.290485,4.057641,21.550116,6.054681,12.062131
21.521935,15.032251,11.967018,56.404930,11.816916,18.539196
17.233635,12.152413,6.689480,18.992062,4.592813,2.682694
35.638046,23.478014,16.302664,49.647793,11.907841,14.899952
22.339458,15.486398,8.399158,33.586231,7.147394,5.052828
18.708647,12.849749,6.745923,27.589243,7.410889,11.843108
23.371683,15.950991,5.554463,80.902031,20.586985,9.054300
19.871441,14.318866,6.923888,27.938927,7.590141,4.755673
10.341408,6.956048,5.440944,21.799400,6.254260,22.075783
13.329837,9.497545,5.603628,37.805801,11.154506,13.303020
20.698895,14.328970,12.272058,72.993462,20.636446,90.371895
24.059961,11.341329,9.693604,45.263847,11.791182,51.333527
22.539103,11.310670,9.985323,49.338268,12.200639,42.817898
10.255523,7.442514,4.334359,13.158937,3.877576,17.456909
27.860306,15.484008,14.522843,92.615280,24.870895,21.659958
14.562574,9.785203,6.992964,33.838562,6.900977,36.138535
14.495156,10.718841,5.485940,17.711256,4.660662,8.246951
19.578783,10.969096,5.180581,21.109039,6.088148,44.658253
39.991966,25.429077,15.354414,39.044964,10.909953,97.171143
8.178843,5.990687,2.743647,11.952932,3.561671,10.561080
12.553477,9.024831,5.428896,23.205729,6.433081,30.777052
44.495178,24.811943,45.332924,38.129307,6.558965,43.341900
16.572544,11.238335,5.642597,47.064045,11.507544,7.104691
9.834439,7.440016,3.633145,18.374277,4.411605,18.874012
8.800240,5.940487,6.361265,39.504135,10.679368,9.056669
24.701227,17.043335,9.929147,52.751740,13.726933,16.406092
16.035130,11.029272,5.019574,59.084038,16.379593,7.976209
28.879669,19.469917,23.009232,101.282387,27.701246,92.001373
6.456355,5.016757,5.672894,27.782366,10.184401,43.824043
7.916235,5.711538,5.829783,15.516082,2.669011,4.535462
21.302937,15.275946,4.637497,30.732527,4.826145,17.108522
37.375252,22.867104,52.404053,432.408173,110.974747,137.770676
7.669762,5.246565,2.511623,23.541399,6.908832,2.122720
16.082687,10.890610,5.929157,32.827744,9.093401,32.389099
14.299767,9.741439,6.109554,7.559656,1.158594,5.618312
32.361088,20.376345,16.875980,105.709724,26.063921,41.863506
7.611536,5.217553,2.827923,24.868586,5.176103,3.153139
23.977163,16.410431,10.518578,98.472305,26.346333,15.242812
46.954693,30.940989,18.564693,76.498604,20.777742,44.834187
17.975611,12.366299,8.713675,27.526962,8.131684,24.035255
6.443589,4.470732,3.099945,1.632376,0.165920,0.953498
19.913919,13.246827,6.618510,40.044174,9.854447,56.465267
17.221724,11.469454,5.337209,45.729813,12.150304,13.763908
22.347071,14.828511,10.035982,75.112007,19.529280,47.467789
72.186089,34.969318,56.824783,249.633881,66.294838,297.321808
33.342957,21.521425,27.513184,169.266693,37.242962,105.345879
28.727341,19.421982,11.480808,69.634033,19.745052,11.662638
33.880520,20.759911,33.420280,245.748383,71.968231,268.350525
29.950050,20.115210,9.394560,65.451721,19.228607,36.914097
5.564670,4.157106,3.606503,22.366001,5.843943,4.730379
20.831610,14.653602,8.469428,9.709449,1.798626,3.741335
32.390541,21.416121,37.200172,71.551559,18.613474,40.699196
13.679485,9.915998,5.329890,20.007084,5.276573,6.959113
23.814003,16.236406,10.403955,56.010025,15.113832,27.953167
16.166773,11.313122,7.690843,38.699425,9.671966,63.986698
23.676006,16.050936,6.190740,70.166595,19.029861,20.974436
36.507938,22.963943,25.018536,115.403854,28.724045,111.513878
39.870052,25.080824,19.020092,64.401718,14.246044,16.228157
19.802227,13.694199,6.809605,50.663181,13.010728,5.812175
9.726934,6.599382,3.104908,32.223019,8.356808,5.811115
11.093080,7.810145,4.628986,4.685403,0.680434,2.100121
6.512467,4.550595,3.268708,27.412077,7.071579,4.088401
16.584835,11.647273,5.613490,25.009903,5.404837,8.376526
12.105405,8.545657,4.798759,34.711948,9.983025,8.393693
24.800840,16.666636,10.973334,44.255428,10.876578,9.821840
5.823617,4.281251,2.955782,7.816799,2.417186,2.353958
14.365030,9.732029,9.855690,7.684213,1.796908,2.952598
27.287121,19.016939,6.464123,56.354210,18.298862,94.052505
14.605729,9.995631,7.105248,37.716274,11.041908,7.638110
15.571729,10.569695,7.871686,72.180496,19.840975,34.657181
11.183482,7.927410,3.723902,22.661606,5.329029,4.310144
5.048285,3.875121,2.798209,16.279497,4.885913,5.529250
13.081964,9.040641,4.710671,4.982938,0.680051,0.414581
8.546710,5.762398,2.285773,18.288582,5.013853,3.213163
19.023611,12.825531,10.076488,69.318733,20.941469,12.085464
41.408356,25.765926,45.170612,175.217514,43.874798,199.068497
10.496577,7.514297,8.040391,62.938290,16.114899,6.518707
18.139534,12.004371,8.077894,84.099144,21.006367,19.700764
19.722164,13.576358,10.100245,221.165955,57.904243,69.527580
11.705649,8.571599,3.766527,14.416607,3.941650,8.445878
6.879323,5.040884,1.656703,16.662180,5.065766,13.936157
27.065111,18.129915,8.086797,37.522465,9.194721,6.129740
39.727978,27.226278,19.354954,149.941132,41.560329,106.362930
20.939215,14.107883,10.825502,53.988247,16.886843,51.742332
6.730408,4.542234,4.007414,13.120406,3.198852,1.637219
23.425903,16.199093,8.151690,25.576687,6.141134,9.239972
22.378534,14.680912,53.001308,239.171829,66.953339,172.478806
8.337082,5.808373,3.621565,28.416489,7.969968,21.554968
29.391195,19.473465,16.915922,110.339981,30.845715,62.398014
31.766094,22.035265,7.215540,64.232414,16.187979,12.670979
5.152259,3.541686,2.716172,0.615871,0.436028,-0.457696
21.076893,14.241941,7.597503,6.313482,0.727235,0.331078
16.191618,10.865694,7.682802,29.378574,7.970973,38.286404
19.139904,12.616919,8.169356,69.084938,17.119072,19.417412
6.204348,4.913973,3.025050,13.246132,3.721046,3.627564
15.098370,10.648158,4.941837,16.000111,3.536431,4.541070
9.527440,7.053152,4.380195,2.159956,-0.098877,3.812500
41.470818,24.827452,43.374767,296.091187,82.870834,114.010246
30.573076,20.211552,11.297447,66.926636,15.413200,9.008445
30.591387,20.484612,15.876284,74.619133,16.876314,19.727850
13.364653,9.575501,5.363801,20.532623,5.558105,2.698502
8.173879,5.848756,3.869614,27.973215,7.151757,5.928116
26.319584,15.649876,52.611912,383.965118,104.692734,73.985374
5.549381,4.019325,2.109004,1.101396,0.575646,-0.226037
31.301077,20.238499,14.489023,62.728474,14.062592,13.216974
14.289207,9.439183,5.256537,36.710815,10.358401,7.422382
20.792110,10.014560,9.567209,59.665600,18.544693,11.067705
17.153030,6.806131,9.804546,139.560883,38.377163,9.912475
45.074223,28.945185,31.361822,190.134796,49.308052,144.771576
42.481544,27.399408,14.728265,56.421452,12.080220,18.144869
29.127085,19.447098,10.067783,58.598228,14.789978,11.594256
40.644749,26.945028,15.911360,120.459839,31.522528,26.301205
6.515460,4.343051,2.767937,3.712840,0.329361,0.716544
19.556622,13.280419,5.545243,29.475155,8.128620,12.094441
10.958564,7.604062,11.362068,44.603737,12.383949,8.749686
14.139271,10.164199,5.491792,44.662491,12.472718,3.497262
9.044314,6.332459,3.457088,20.251942,5.491917,17.501804
9.472928,6.956813,3.482787,29.853252,8.547207,12.708206
17.082594,11.947969,5.231635,24.582457,7.002200,3.747103
21.032658,14.330213,13.760855,37.245304,8.966796,20.062069
10.077378,7.251628,3.365383,42.409412,11.457492,1.986885
20.714342,14.650086,9.720589,68.540146,18.121819,34.156208
26.496368,17.655643,11.958113,91.827904,26.962864,32.656204
8.342038,5.828197,4.642683,39.880882,11.399688,22.629976
23.531151,16.081387,7.849882,68.864471,19.351095,5.816223
17.280828,12.299376,5.637758,26.003199,7.309823,19.748260
13.615323,9.071398,6.068299,4.139840,0.567383,8.146290
6.372314,4.387415,3.253915,2.512177,1.127024,2.002834
9.274274,6.637517,3.630611,56.604889,15.015754,46.061840
29.251720,19.903658,10.484955,38.430435,10.438088,11.451729
21.537437,14.132464,12.768886,221.471466,59.271248,24.317785
26.431044,18.649328,15.236595,15.573220,3.628848,16.300364
9.539112,6.253585,5.715059,14.846628,3.052722,2.500979
57.493057,31.096498,94.834229,421.189392,112.477745,382.887390
22.279184,15.055915,8.140214,41.269363,9.180246,4.151238
6.963206,4.636620,3.891169,9.218962,2.391257,1.718425
9.209995,6.706443,4.569739,22.946188,6.290193,15.136878
10.911637,7.493777,2.774004,18.228449,4.383921,10.987231
8.854743,6.160472,3.981309,22.250757,6.288890,0.776559
10.635289,7.364269,8.010480,40.786282,9.512497,16.555628
15.621048,11.111004,5.914920,24.612333,7.446802,32.550655
47.360870,27.131378,88.038055,403.625763,110.038773,266.248322
7.270896,5.304692,5.077666,4.498621,1.637180,1.800816
7.193239,5.168479,2.591314,37.946503,10.190766,22.774233
31.875134,21.055237,11.803361,64.801094,17.521292,47.167339
17.085938,11.841029,8.292714,44.974564,12.982242,27.355131
15.960183,10.983333,8.512574,111.975845,28.138742,12.713234
16.630806,11.421138,17.898842,120.347321,31.100615,15.639156
12.159896,8.748139,4.783633,34.455723,10.597789,24.590858
33.554974,23.189066,14.168859,9.874929,1.159127,16.611645
6.576392,4.772783,1.428837,5.427995,1.739061,7.017825
13.095122,9.434534,4.265822,14.525846,4.907042,10.704117
51.346466,30.283180,24.827034,136.538132,36.255207,59.091034
17.151392,7.889805,4.745972,41.485851,12.492929,13.220507
17.473679,7.846051,5.170202,58.750637,16.032495,11.572558
15.988491,10.758478,6.519890,53.417431,13.354119,9.925338
24.891090,17.335020,7.571251,55.449635,12.275478,9.051760
25.916401,17.577045,15.893331,78.293762,19.619215,22.181625
14.368321,10.112614,6.299642,22.584452,5.534450,11.385684
28.712732,19.529053,9.583024,9.373252,1.806437,12.629601
30.799555,17.793348,45.341900,318.253387,79.532784,67.829567
60.627502,36.037224,47.963467,263.124115,64.774277,69.558876
7.665944,5.341318,4.207450,13.932197,2.440452,24.679077
66.288551,29.366770,73.317184,385.919067,104.795029,356.822418
47.558395,29.145916,50.356186,124.361717,31.906832,46.602909
20.639175,14.224791,6.496850,30.138058,7.148117,8.636453
13.869583,10.010811,4.633633,18.753447,4.341031,3.819976
9.897678,6.723734,3.528412,34.448303,9.795258,10.404371
24.145939,16.424822,8.352794,50.581684,13.211582,56.147877
25.972008,17.749014,18.455246,111.791107,31.344128,125.422997
26.901438,18.262175,8.179283,81.181587,22.034817,82.337006
19.779150,13.882919,6.888957,50.014927,13.595515,5.275324
55.879284,33.451656,41.454205,207.849075,50.993511,48.864742
8.781076,6.402558,3.344346,7.682330,1.823658,6.296383
18.394943,12.742015,5.852961,46.524048,11.522294,5.714846
22.321913,15.226360,4.908770,38.792587,11.135944,6.893653
25.876068,13.361742,11.330313,75.890945,19.942375,12.786838
26.158203,13.336836,11.346981,78.823524,20.083080,12.377396
16.990385,11.905501,5.167656,36.308464,10.704876,60.115757
5.056391,3.725826,2.905283,26.865429,6.351017,3.768933
29.018202,18.975376,8.178630,20.069242,4.708870,11.101253
29.324492,19.757221,12.075632,213.227081,52.919243,18.783560
31.836178,21.945807,10.499633,63.138680,15.637777,37.773888
15.078310,10.379695,4.714741,16.115372,4.361718,2.721772
8.079632,5.315676,2.181864,7.146557,1.260929,4.376495
15.193960,11.022440,5.877121,4.517157,0.723727,1.300105
15.188246,10.446449,7.691947,34.966354,8.464811,6.365273
25.562958,16.508764,37.194664,240.218384,62.700859,99.075325
29.195887,17.710531,27.073343,134.762802,34.096561,110.559952
35.451252,24.292906,11.938337,51.813129,14.121947,104.650070
10.547408,7.494388,8.605931,76.653793,21.487751,5.611713
21.286276,14.477355,9.525834,45.854065,11.423210,44.254547
9.294492,6.368757,3.584387,4.385958,1.144041,19.821888
20.380215,13.658751,6.936119,47.551346,11.943222,11.454061
32.703529,21.625681,23.672010,61.936520,13.865721,15.161429
19.601093,13.505714,8.236783,9.284114,1.506347,11.538895
9.725891,6.832716,4.989239,29.598673,8.124546,4.702215
25.735704,16.929148,20.464355,79.866951,22.718023,88.773979
34.979012,21.716845,35.688904,207.455795,54.584827,137.710861
8.228671,5.585110,2.207444,10.672515,2.393772,9.032942
25.026022,17.141584,10.885836,43.252163,12.514282,20.319475
30.697508,17.159956,26.354654,202.716629,46.771816,21.142569
17.775705,12.131513,7.985148,99.646034,26.032965,15.555079
21.441133,14.400116,8.222378,69.869926,19.714748,57.209644
23.594282,16.428574,7.716710,45.104500,11.197876,8.024152
34.757343,20.870455,12.583752,57.938034,18.623489,79.118301
44.149532,24.193096,18.199944,112.526100,27.858793,111.760262
40.001354,25.738850,12.109359,57.849651,14.836324,15.505965
7.442860,5.226517,3.366819,14.566370,3.011841,5.237596
25.566444,17.267546,9.737828,41.162216,12.176289,40.338356
8.009728,5.722256,2.592255,26.809025,7.998927,1.475883
12.391010,8.548283,4.061128,43.163624,10.860915,4.475839
53.462875,32.781509,21.177113,69.153351,17.641277,27.541246
8.582917,6.093129,1.981409,14.055488,3.074234,6.390680
10.931825,7.286094,5.533979,2.749268,0.796405,3.606067
10.695333,7.196942,5.967471,32.693970,8.842573,5.010419
28.944151,15.271243,10.299113,31.108156,10.721274,44.041161
26.640200,12.544485,10.236337,52.857529,14.208170,17.060785
10.346800,6.832836,3.875773,3.929838,0.527626,5.456396
6.810464,3.911688,3.542641,10.499002,3.507865,14.175271
10.845979,7.824309,4.707603,19.655066,4.492968,2.652530
12.838350,9.303773,4.845701,26.608685,6.824595,4.918934
6.632480,4.533545,2.014572,21.802523,6.376209,2.658738
10.460393,7.552542,5.454919,32.610443,8.832060,2.781871
27.480089,17.633820,37.084957,222.206253,55.124546,76.283180
9.564764,4.801983,5.201805,48.138329,14.269567,13.679600
9.757353,5.493703,4.117081,45.767040,12.012254,19.386360
8.296620,5.782693,4.273823,2.728015,0.439283,-0.173603
31.360411,20.922365,14.369762,34.222427,9.087167,10.188415
16.111423,11.524791,9.063999,30.330673,8.439807,56.717861
16.524807,11.262111,6.839015,20.020231,3.410993,13.360957
19.723608,13.443019,8.477723,7.081517,1.220459,0.788118
27.846230,18.482761,12.524940,39.380024,8.257910,7.976790
47.235397,29.312716,53.575367,282.979645,71.101585,77.833946
21.396219,14.886071,9.640675,81.474091,20.963993,35.409557
22.931168,15.349688,6.444263,37.559250,9.968157,17.888378
14.610819,9.483712,35.202755,119.707008,34.076736,121.616348
12.386188,8.644051,5.016767,15.948790,4.244130,3.430875
30.010006,20.534275,15.478551,78.743408,20.337051,10.274207
7.526791,5.627474,3.197876,14.822165,4.036197,6.319162
39.016613,25.828630,20.307556,72.790436,19.781334,11.512038
29.957926,20.143774,8.037998,79.628586,20.481466,35.092316
12.798477,8.849582,4.075572,48.868275,12.752684,6.370704
4.225334,3.283909,2.563159,22.540878,5.417924,1.944030
7.411888,5.590865,3.676260,29.017246,7.778389,1.304527
19.787552,14.032728,6.359447,37.063343,10.037052,3.970823
40.269897,25.392546,34.150768,198.526093,50.391277,42.545506
15.006781,10.095773,8.878418,117.496490,27.429651,12.665792
12.600625,8.901384,11.800552,60.405773,16.617138,58.494144
65.045509,33.926632,69.720932,334.986481,81.014297,58.687927
7.268764,5.149236,3.087694,3.316213,0.363467,1.552058
8.583535,5.855980,4.740411,3.368940,1.060804,4.269873
34.111729,21.561747,63.604355,341.935944,88.370758,130.426254
19.414852,13.418668,5.040169,45.821823,10.640792,42.635357
12.060004,7.011856,1.746764,24.424383,5.732957,17.379808
21.386000,8.713140,9.127260,57.442123,15.479163,24.174595
26.287960,15.097329,16.123423,111.982635,24.743835,27.253227
9.360587,6.717942,4.005079,4.067796,0.452237,1.857782
4.210538,3.059242,2.287228,12.304516,4.046178,3.367597
18.722477,12.982237,6.654153,12.937102,4.342555,5.472296
8.929197,6.381360,3.697005,2.514100,0.504911,1.717641
14.227606,9.539357,9.883449,46.898617,12.549192,22.189089
26.508942,18.187992,20.796810,59.670341,13.863945,17.464636
9.874008,6.824078,2.236445,18.521654,4.837483,14.359137
23.607809,15.853217,8.562019,44.992058,11.817858,13.756381
34.763939,22.575647,12.691636,57.959522,13.433967,14.683865
7.390604,4.937057,5.461239,54.865040,13.842648,11.303674
32.494064,21.382305,15.199718,52.931622,12.263523,57.067577
13.300077,9.127452,8.411794,57.385014,16.204748,46.916191
26.590218,16.447630,24.049515,167.306870,43.866333,56.480423
32.934540,21.904240,10.477944,57.059372,13.965623,7.900592
42.261063,24.989960,47.993198,284.587341,69.978470,105.907944
11.139429,7.701618,4.077347,34.969582,8.118449,4.012166
30.862988,20.853075,10.667372,25.579510,6.403755,10.598164
13.101449,9.474060,4.484642,40.290691,9.652497,6.016593
47.544411,30.387701,11.987066,120.504013,32.610859,26.790060
40.668671,25.937675,11.757800,73.154510,17.634457,8.950042
37.099983,17.907347,11.337366,78.909081,21.915520,22.130472
32.373394,13.063093,10.894034,113.331131,26.338789,18.190195
7.992043,5.772217,4.445889,11.991227,2.451771,3.689923
10.691660,7.588087,2.555378,19.506210,4.680093,10.978944
9.861139,6.639999,2.794429,11.298320,3.764572,41.929630
15.648298,10.833464,5.525689,6.482309,1.431741,2.704093
6.526631,4.671756,9.248567,7.623116,2.927574,33.232460
15.933828,11.286674,7.359236,23.937778,5.996415,2.576193
17.009594,11.705407,6.571755,3.015768,0.907103,2.320849
30.214493,20.053843,10.207935,25.531551,5.012969,10.503029
12.927280,9.079976,5.351269,4.164974,1.225231,8.719164
14.657291,10.340540,3.368610,32.127953,9.953027,4.895988
8.080013,5.638958,1.366026,14.574988,4.534319,7.168669
92.932556,39.692753,89.832504,499.201416,129.269119,263.923737
17.165768,12.065817,14.776530,110.548241,30.068123,94.365669
11.060467,7.939698,4.214374,2.880222,0.489748,1.366671
22.501478,15.644748,8.815046,29.953661,7.163890,5.613497
12.429164,8.897115,3.847952,11.233195,3.026588,17.892912
17.100018,11.903596,5.268005,38.953297,9.496529,3.217709
32.390415,21.877722,9.830238,49.877010,11.915473,7.652786
9.422700,6.762845,5.022576,28.162449,5.702008,1.721762
13.547765,9.484406,5.576560,94.491196,23.167496,7.916419
51.280746,30.447470,29.407406,86.428886,22.467360,80.774185
12.018545,8.457777,3.631548,13.509686,2.243495,3.338729
10.460922,7.698233,7.553946,6.723490,1.699092,20.612482
29.131748,19.051287,33.898670,195.737701,47.315338,60.751419
4.506184,3.337306,2.405609,30.983109,7.964077,5.626474
18.863546,13.218858,6.987309,69.071152,17.255144,17.118715
30.035269,20.139690,17.670315,105.276863,26.371126,12.856319
26.781612,18.195488,14.274875,65.864403,17.621529,92.271622
17.810928,12.078837,4.334183,32.983421,7.712949,8.758733
18.901550,13.147367,7.295981,36.759739,9.589806,3.882803
8.858635,6.280920,3.253213,18.942114,5.231410,11.705328
35.549908,24.014406,12.518890,27.681423,6.665131,11.552855
5.088076,3.609805,2.211447,19.033518,5.042656,18.107624
16.618208,11.416366,6.710817,39.652840,11.470277,14.502084
59.762878,29.261553,76.624130,411.204651,112.371407,345.966797
15.488840,10.847771,5.859433,4.585841,1.035650,1.563518
20.021021,13.563251,5.446953,30.301277,8.601039,14.152051
7.894101,5.465594,2.500063,21.939898,6.043498,18.803247
17.145134,11.488154,5.111899,37.713448,8.724755,10.244291
18.303017,12.138012,13.001798,64.844139,16.851305,18.693047
52.801876,32.458252,27.693827,88.611778,19.872103,31.964005
8.370753,6.185605,2.858407,54.319614,14.573256,4.827742
12.144386,8.469950,5.307021,7.350535,1.157402,1.434236
7.100707,5.171904,2.052414,48.496193,14.266320,5.106118
55.329720,35.498547,23.012156,134.988708,36.978741,23.628798
5.661385,4.179087,2.967773,14.167977,3.338225,1.940453
36.849792,25.483805,16.662203,117.056206,30.653206,111.619820
22.778950,15.706325,6.967939,39.199821,11.127638,37.643696
20.692215,13.724853,9.193496,41.638252,12.586761,54.069164
25.231075,17.606165,7.167358,43.942238,11.983388,37.421021
43.223015,26.186983,17.982641,101.334518,26.714922,44.664516
13.681209,9.520945,4.654108,58.223690,15.699903,23.661606
23.304565,15.745038,11.830996,41.267330,8.844469,8.726797
33.691956,14.315423,14.632813,89.077721,23.602371,10.474289
32.278637,14.309888,14.475814,92.365242,23.654474,9.444386
6.763775,4.957694,2.530485,21.977303,5.153175,2.605052
41.928783,25.057331,25.469654,220.348633,58.654884,32.930843
10.496903,7.110071,3.216322,52.830795,14.887906,4.124506
13.121244,8.968278,6.101498,29.472301,7.191367,4.015077
10.277020,7.230511,5.416320,2.293157,0.601472,2.640941
19.762714,13.888227,6.191340,53.717815,14.927335,11.053674
8.704701,5.956047,3.292560,5.184655,1.213144,2.090084
6.978563,5.034275,3.485345,18.098217,4.540252,2.349029
21.118237,14.614609,8.320509,47.612122,12.718459,26.737049
17.246593,11.691360,6.289396,26.032885,6.815395,17.441889
12.032676,8.773775,4.276168,16.081688,3.648468,2.294428
15.256392,10.755335,4.849853,40.572681,8.873991,6.333621
32.177696,21.957867,10.067181,35.834000,8.118846,14.068765
18.447577,12.941355,14.364133,90.911697,26.737268,18.497250
17.538677,11.802402,8.352254,43.006260,10.976933,7.858379
44.212204,27.657099,26.826054,216.183899,54.038979,192.516525
9.503479,6.954619,1.993946,23.041634,5.663285,5.063227
19.335575,13.163792,21.230808,124.963470,30.498688,42.453556
11.065425,7.617028,4.473144,14.450275,3.228023,2.157312
33.888081,22.032587,25.107487,157.096741,49.299713,187.125061
48.326576,27.547319,37.571381,267.608734,62.999554,51.283012
9.641208,6.387726,2.692922,19.760929,5.181491,4.572103
19.764021,13.914791,5.885818,40.477871,8.937516,9.843298
15.721643,11.110850,3.779341,26.917929,7.276772,5.894670
19.176241,13.269134,6.622070,34.050705,8.942599,37.519062
7.697287,5.675842,3.120739,17.369673,4.008421,4.903955
25.527813,17.635145,7.793716,43.163239,11.594443,7.620393
7.769352,5.664807,4.385580,13.419631,3.641706,5.373762
5.296296,3.722528,2.435314,1.478493,0.183622,-0.473387
12.221733,8.727451,4.324468,9.989889,1.781326,3.215574
18.122095,12.139490,6.655800,63.974606,18.475603,44.671642
22.543497,15.116508,7.233939,46.629719,11.909610,54.995167
5.725670,3.858723,2.580113,2.450040,0.086802,3.996992
17.710722,12.604196,11.815032,34.692329,9.910438,16.632233
53.250126,24.079113,93.705688,390.154175,90.034958,123.130615
24.177767,16.450541,11.043363,9.450366,1.620430,13.517484
20.270103,13.732603,5.252801,19.880159,4.529160,10.360131
32.805405,22.333225,11.346040,94.241844,25.436611,14.273637
9.683678,7.156165,3.291672,25.653942,6.581228,21.283100
19.860723,13.620707,6.038565,39.808628,10.495939,6.371033
12.385876,8.494131,5.676331,14.431158,3.149798,4.505926
10.570268,7.637231,4.166566,19.922012,4.680954,21.355225
37.296787,23.083794,52.014862,286.895569,72.129921,208.790253
16.867586,11.484940,15.912949,11.702367,2.409793,21.113850
6.322394,4.386511,3.143290,18.607199,4.668623,3.681217
24.215424,16.234222,6.664224,37.928020,8.373915,43.894253
22.511824,16.207863,7.772992,21.009485,6.588293,3.679681
7.419485,5.473340,1.679627,6.862461,1.611042,5.219273
16.250134,11.286564,4.842225,23.503504,5.953638,8.740873
15.634695,10.748152,5.512045,44.387764,11.708207,73.651093
16.330664,11.160318,11.364831,84.602356,19.267481,18.113632
9.026656,6.512589,3.328372,19.411831,4.301980,2.346017
18.148176,7.302698,4.623930,25.647417,7.129792,20.737875
38.725613,24.560915,13.944473,69.722664,17.150045,11.247811
24.500977,17.454025,8.641861,45.302170,11.734568,3.378056
28.237284,19.139360,8.105863,27.280701,8.058260,17.824165
5.537857,3.894724,4.448783,16.807680,4.323313,3.399906
16.960590,11.581750,5.623797,5.917677,1.491911,14.255287
67.239944,36.954887,28.567928,63.318066,17.043606,15.511065
11.606857,7.935220,6.486667,33.313793,8.920702,8.791604
37.623096,16.818579,21.427389,132.974289,31.920925,38.581196
5.819921,4.082119,6.837883,25.055981,7.744506,5.757971
18.101934,12.356663,7.067610,92.920708,25.915291,63.978539
52.946598,33.107300,17.844912,61.786026,15.859956,18.952271
25.910252,17.950418,8.204673,68.434280,15.303633,8.213323
9.980866,6.984428,2.735709,55.971153,16.233759,31.658735
33.215237,17.578453,10.559498,80.432144,20.889004,9.901308
18.700529,12.706132,8.461019,50.859093,12.903442,36.243099
13.041291,9.362939,4.246600,12.343568,2.725371,8.334721
6.329525,4.257217,2.683292,17.764141,4.563565,13.829920
22.465469,15.119124,10.335266,39.911747,8.269573,53.449551
28.392008,19.368587,16.437267,122.495262,32.845074,128.381653
19.833582,13.611095,4.920649,40.176956,12.391065,8.845707
14.602682,9.901553,5.745967,11.479361,3.045503,11.826360
6.564764,4.686790,3.005771,2.782372,0.349096,6.134972
13.672833,9.483758,4.761161,52.208134,13.751368,16.393612
14.237383,10.281127,5.663305,25.535023,6.435061,7.140902
23.762314,16.757248,8.424876,56.460251,14.295836,4.725384
25.034708,17.160458,8.921389,55.092728,12.624967,24.150723
9.485830,6.617980,2.603601,11.010175,1.631086,4.240596
8.332074,5.686311,3.154479,13.827164,4.018297,3.607041
12.837312,8.498316,4.259709,40.414574,10.413507,6.686815
5.311346,3.881791,3.120728,9.924504,3.115148,1.449585
7.048090,4.772445,3.170388,25.442808,7.808715,2.742312
23.223223,15.765747,7.562728,56.063255,14.497846,49.095798
9.027224,6.427334,5.391257,22.464777,4.963912,20.739834
12.058458,8.390270,4.551508,8.280182,2.265560,4.537391
32.587456,21.797617,14.657331,32.221432,7.355422,7.652993
17.002312,11.718894,25.946890,220.904099,58.497032,72.328911
38.443775,23.771481,32.370090,159.197083,36.995953,54.926178
15.106188,10.963835,6.170825,37.886665,10.349810,29.283075
21.018242,14.514735,9.544616,81.967316,21.936705,10.654498
25.874609,17.134907,8.630160,37.429119,11.448165,13.513854
47.159676,29.000051,16.524818,112.088455,27.441542,20.479126
17.465124,11.945230,5.897456,16.855169,3.772937,1.635212
10.281015,6.876073,3.780210,35.763920,9.094386,5.136552
22.366726,14.253530,20.351675,199.438110,53.370525,32.587666
19.181833,13.206343,5.967671,30.414404,7.136198,22.395012
7.080320,4.953018,3.402383,2.641396,0.366397,1.033760
22.528225,15.119583,10.879844,77.276962,18.671280,24.767458
21.772312,14.621745,8.588507,24.826162,6.487206,4.481025
14.305284,10.115678,3.954666,32.600281,8.756954,14.823895
5.855073,4.187888,2.368977,1.526314,0.296442,0.722709
33.572556,22.211000,14.367324,109.035378,27.286222,30.722876
35.247593,22.528164,14.841537,111.242767,30.448572,173.853409
13.883623,6.701072,5.470627,68.021286,15.071342,14.417162
26.517302,17.609659,10.003394,94.519897,23.074053,27.773771
9.665658,6.954183,3.404855,21.884272,6.727971,11.244714
12.341455,9.002052,3.912086,72.722572,18.980394,5.350696
10.177896,7.000308,4.469404,28.332899,8.499983,31.287619
15.191640,10.636007,8.150254,93.607704,23.114237,7.275109
7.871056,5.764799,3.447746,0.729703,0.479842,2.215484
10.129659,7.150814,9.366375,15.295690,4.114952,4.366972
16.872404,11.458815,5.727726,57.440792,14.181625,7.665102
35.098473,23.529379,10.210909,73.866669,16.364452,12.455509
8.530663,6.438614,4.003558,34.272011,7.722363,3.457299
36.016140,23.551170,14.106760,69.614914,15.190538,8.579853
13.501698,9.188294,4.516606,40.921318,10.197406,39.495739
4.514181,3.097328,2.188370,5.144777,0.868909,5.495383
35.503036,22.145304,32.342140,249.887848,66.412445,33.876095
19.437342,13.756624,7.314213,76.689842,17.389099,7.915432
45.115932,29.526279,16.823709,92.533783,21.314274,20.746626
14.956720,10.218551,14.480273,100.826439,23.084522,17.825562
110.067741,54.377094,99.670998,444.153290,111.550797,180.721329
37.808380,24.415041,14.763524,127.584351,34.741390,130.136734
43.586300,27.972721,14.043125,98.696609,24.967070,24.979584
37.992973,23.256313,22.828819,121.742935,31.125834,26.015875
23.536816,15.975376,7.260114,74.080711,18.383543,6.636053
16.293598,11.488564,10.299880,4.851476,1.267688,10.561213
25.377707,17.086061,9.442221,50.048920,11.549568,10.463614
6.691857,4.509216,6.690629,28.476181,5.886298,4.204334
7.273944,4.961730,3.050783,18.263903,4.096945,1.054386
13.903703,10.009358,6.026486,5.442544,1.992440,5.589733
20.764662,13.299805,25.336805,202.382492,51.153034,45.464931
17.137449,11.251433,4.574988,24.866705,7.603995,21.866440
30.881065,18.918005,37.068481,176.329330,45.061638,129.408081
17.988842,12.600831,5.958110,32.100964,8.275229,7.739676
6.998378,4.808149,3.400539,19.910852,5.229949,5.410192
15.110003,10.334785,5.667542,65.326408,15.152956,6.350837
4.312459,3.176688,2.272716,2.795389,0.610670,5.065649
25.847157,12.929280,15.064050,88.241936,24.282043,38.736832
20.276114,8.918530,10.869389,98.425209,23.598160,20.001371
12.213463,8.681763,4.136712,2.617891,1.437348,8.670420
15.261359,10.456252,4.468934,32.310230,7.328084,4.563067
32.740234,16.516413,40.172012,162.280960,40.394810,38.843410
10.240496,7.248966,2.404080,39.350643,10.757726,8.657795
8.252642,5.543222,4.004013,25.453861,6.676855,26.222342
42.662174,27.400967,11.992453,55.220196,11.552036,18.252378
22.078346,14.455381,16.057508,89.854889,24.979637,69.750114
9.758286,7.206375,3.975405,4.438255,1.486679,3.687417
26.865894,18.860060,12.820187,9.560316,2.224895,7.495952
15.909901,10.612114,22.693409,135.547684,39.550732,122.460922
9.158761,6.383066,5.487223,18.999945,4.825049,4.251704
12.309002,8.423658,3.238846,21.347303,5.336446,12.225633
62.590630,31.937700,78.994118,471.136810,123.000122,195.195740
26.305338,13.064948,15.756130,103.160255,21.113892,27.005409
17.727615,12.285268,4.572096,32.788681,6.506936,8.509033
33.452194,22.437593,11.133917,58.333176,18.140203,61.192768
12.676938,8.655716,4.847602,34.547028,8.731591,24.129351
21.154671,14.674392,15.327680,52.163742,13.430019,38.792179
11.298607,7.672496,5.126807,49.087418,13.476669,2.675223
13.641213,9.466112,4.347380,27.406706,6.080518,2.826097
7.856887,5.451156,3.702105,1.057348,1.180257,0.632384
38.765186,24.898781,26.608232,156.233429,41.044559,26.530352
31.641514,21.136320,5.258939,71.339447,18.309349,34.176640
25.721071,16.918465,34.477066,79.847740,19.824394,19.440325
18.024363,12.120649,5.151478,44.768764,11.651744,21.810467
27.602411,18.540009,10.719916,18.794069,4.137404,10.232951
23.320251,16.165958,9.573963,83.670166,23.683130,9.053048
28.310843,18.599810,7.967097,87.708107,23.379881,34.169434
10.226942,7.231514,3.683073,33.786720,7.225548,3.058059
16.819273,11.193913,6.423835,47.698685,10.828946,10.589063
5.818913,4.146783,1.607623,7.321945,2.940197,4.264063
7.466022,5.252024,2.515688,16.076626,3.103615,3.164176
5.477897,3.876387,1.570551,10.943561,2.192631,4.633094
11.350816,8.080813,9.480650,68.374252,22.359650,73.635460
8.808870,6.324919,3.099095,10.669900,3.243526,4.028766
25.045467,17.387619,4.884198,30.388290,7.095464,16.327068
9.154492,6.356433,4.567579,10.587728,4.507709,4.943004
16.536900,11.496078,17.114494,77.375801,20.872702,19.923548
26.549522,17.585947,17.810402,162.377319,43.332348,16.334713
5.403450,3.636891,2.126342,2.906039,0.836998,3.432149
10.323446,7.229661,3.433729,24.355045,5.014276,2.823950
10.897727,7.806879,6.465253,27.176464,8.145390,31.235069
42.390739,27.122084,48.692322,296.852081,77.438339,254.641891
20.901726,14.677426,11.406393,37.096741,11.485358,29.251919
14.169236,9.537547,27.656046,116.650551,28.092476,63.089333
26.809242,17.872139,29.335133,142.057922,36.018517,24.415861
24.349913,17.239763,6.261046,22.720322,7.522516,17.436558
15.685078,10.875978,6.144053,4.667999,0.382796,2.335018
8.593992,5.837755,4.645745,13.082304,2.796641,3.367140
12.162361,8.287931,4.686394,22.403898,6.322536,3.447973
38.198288,24.865995,10.168959,62.556408,16.648161,9.112454
14.725019,10.348952,5.712018,21.778591,4.190068,5.916732
16.004171,11.175473,5.956264,50.498901,13.397057,5.906992
6.745265,4.917012,2.977079,3.142459,0.814389,1.141856
4.584443,3.275305,1.400756,14.286424,2.553339,6.271360
41.079189,18.305626,12.713202,105.920792,29.466316,81.224129
49.726650,15.539487,16.595585,168.862000,42.838604,64.916550
30.545570,11.999928,10.044015,113.058899,26.794199,15.906846
17.131641,12.021860,8.332988,22.989555,6.229099,4.586441
11.880884,8.266468,4.038857,38.229530,9.446609,26.820656
25.849159,14.082679,13.902458,29.977457,6.525887,23.278965
50.218273,18.498852,46.662537,117.850525,33.551975,363.813416
48.245842,18.549553,44.203629,128.198654,34.481647,306.575134
14.463392,9.714778,44.346668,236.511490,66.033791,230.770996
14.276040,10.157549,6.271920,63.098431,14.633144,6.083127
16.141506,11.329296,5.111807,61.985325,15.772319,18.047096
9.090174,6.377968,3.510228,22.049885,6.227927,16.015228
19.183361,13.511451,4.643815,58.643002,16.488148,15.292702
11.867438,8.355437,9.874699,6.551918,1.756969,2.079843
9.280252,6.442560,3.473795,25.118298,6.911376,3.896865
5.390113,4.002404,2.318622,6.285805,1.182559,2.442369
8.568212,6.114022,4.970743,40.704735,9.411458,6.429595
7.064807,5.124637,1.242823,15.050961,2.327128,4.157637
20.588469,13.791469,8.660305,71.217072,18.602459,12.016032
20.217209,13.761481,6.033151,45.732552,12.025634,3.389076
14.039654,10.201774,4.396562,22.942793,5.021404,3.033494
20.108826,14.046772,6.206418,12.817828,3.204397,3.196533
29.585537,20.021616,13.382587,82.075859,20.184294,32.112202
16.948261,11.529469,7.518992,86.107544,24.502224,19.130239
27.630579,17.948637,22.080551,111.929794,26.573765,22.602980
33.590832,22.588177,15.785407,174.861572,43.080780,17.534142
76.930771,44.805679,50.295704,262.392975,66.382324,96.991104
61.902126,33.612278,45.686798,279.068268,67.444351,70.336182
8.823051,6.095440,2.918610,57.226391,15.270574,3.834386
16.331139,11.101009,7.010808,38.893925,9.891413,5.799546
29.022694,19.453728,9.438765,87.226891,24.526056,123.507866
16.343895,11.439954,5.403269,18.609245,4.587801,3.978777
25.400789,17.234133,11.457268,29.415989,6.665623,22.277714
6.783389,4.477991,3.358838,3.627054,0.559690,1.698868
10.687339,7.822063,3.881624,86.604836,24.797655,6.632805
18.453270,12.485774,7.129697,6.290848,1.797729,6.812250
13.113770,9.384523,4.290578,27.971918,6.572472,3.537463
18.918339,13.054708,5.431478,53.974953,13.397680,5.662790
6.550569,4.932151,2.762977,17.582750,4.491954,1.418405
13.526342,9.369967,8.995346,56.809814,13.255311,4.713772
14.214853,10.070511,4.635243,13.976984,2.596531,3.490807
32.263344,21.404501,19.975964,103.468102,23.374647,27.259668
25.689970,16.802628,12.233655,37.096851,8.797744,10.296710
8.715265,6.055529,1.941683,28.210413,6.887258,1.888465
14.479514,10.009223,4.026824,12.574076,4.437687,12.555494
19.720699,13.556885,6.716574,34.005207,10.298738,23.069344
11.234000,8.185087,3.853279,39.137798,10.658234,4.788376
12.957815,9.085176,3.193558,9.319619,2.536173,1.483527
24.079281,16.519905,8.235644,29.998262,7.222245,7.541815
34.070225,13.525121,17.632984,96.865387,24.243313,33.550537
31.157480,11.705391,16.430864,90.744713,21.230629,23.476675
34.285820,23.050858,19.455631,94.838692,25.650751,18.272013
22.685366,15.481292,7.409357,50.767529,12.193427,7.934921
28.734179,19.153946,8.977558,44.134823,10.994164,8.899273
20.894356,14.438688,12.081287,62.326668,16.893888,15.408362
12.236059,8.523734,3.992480,16.643095,3.175911,5.315924
13.707695,9.711709,6.867304,41.387154,12.010525,9.656864
27.130405,18.988838,11.952527,35.125835,9.050035,10.592866
10.867421,7.725442,3.206246,49.049889,10.888835,36.100727
13.734970,9.522624,5.020241,28.022970,8.568379,7.425831
27.110378,17.986967,10.789057,13.472019,2.962983,8.098221
14.443802,10.039428,4.995277,3.051981,0.585566,0.782505
5.603360,4.012225,1.335723,9.967669,2.892947,9.651642
19.022703,13.200755,6.320354,8.965158,1.628243,2.227507
7.961836,3.877346,2.721291,35.961056,9.942468,11.840178
6.164483,3.448238,2.221702,30.280062,6.513042,18.429714
26.268270,17.705460,9.554804,44.486801,13.314426,22.851215
72.395439,43.535378,38.096836,147.036255,39.219189,83.637131
15.485973,11.106354,6.325644,16.919134,3.867576,4.049695
47.697929,28.863314,21.733076,255.923355,65.221260,27.132908
21.117912,14.558501,6.019290,33.302174,9.003431,10.930405
38.278946,25.077629,17.038946,44.932739,9.160098,15.616029
13.916320,9.772191,4.858087,16.879025,3.715888,5.778605
18.446146,12.373812,18.522625,190.320633,49.516724,55.649258
19.947878,14.035491,7.656755,44.235680,11.352505,8.505126
8.215812,5.889843,2.928733,12.147098,4.093818,8.667243
38.016422,23.033333,32.716434,113.151520,30.429222,171.227234
18.889610,13.254467,14.070829,81.183884,21.010895,28.301554
9.483090,6.812443,3.858386,19.962357,5.794417,4.347006
20.260946,13.813207,6.041152,32.115273,6.508374,21.218803
5.702219,3.931371,2.789422,2.342495,0.381309,1.195186
22.982222,15.702099,9.494350,61.356174,15.431554,16.975822
15.911931,11.445329,4.420046,17.995987,4.345722,5.300855
30.692898,20.459270,11.279150,49.672256,15.279071,70.555824
12.154124,8.790504,4.099603,51.552723,14.253307,29.763191
11.058484,7.687000,3.425391,56.243908,16.203089,24.218920
7.944587,5.706336,4.776255,17.017967,3.978847,7.500093
12.813820,9.291021,4.845010,27.407251,6.863122,2.561448
18.995991,13.305017,5.994029,25.762989,5.750896,3.452371
14.811618,9.830144,5.834938,66.789986,17.822699,5.576636
30.039677,20.320301,11.116413,87.835205,23.879564,35.441181
7.868687,5.474870,3.635795,23.010719,6.050517,3.681042
21.762897,15.183041,10.116552,74.676720,18.609158,31.973049
10.875901,7.569285,6.129156,27.501299,7.447191,6.742846
4.625405,3.354375,2.083071,32.759418,8.276034,2.627003
25.337547,17.628923,7.891634,46.091320,11.657832,6.441152
8.166404,5.631132,3.300947,12.461478,3.124079,3.161311
8.279633,5.661654,1.877247,8.813475,2.651488,4.988386
20.391003,13.816308,7.575061,20.754679,6.497909,30.981159
22.538363,15.274869,11.057094,80.097450,21.741251,48.155636
11.022302,7.693985,3.943569,11.974780,3.109822,3.509321
16.024635,11.307194,6.299051,56.146473,14.585348,41.760357
6.382017,4.489808,2.978295,1.255031,0.929993,0.693445
12.885379,8.749508,3.438423,12.545975,3.082886,11.301240
20.525967,14.338543,7.225582,14.882022,3.383181,6.157141
18.561920,12.174337,21.206949,109.569054,28.795300,99.586784
8.141129,5.911265,2.149292,22.414991,5.138707,4.520304
20.365879,13.940789,6.092093,49.327217,13.920858,18.755867
34.710690,22.784721,10.836417,44.960808,10.872742,8.757390
19.923010,14.045306,8.093347,27.128839,6.516705,7.906090
4.444592,3.292334,2.459121,12.708158,3.735223,2.396957
46.852154,25.967945,45.935997,307.107452,80.700012,53.295120
18.129795,12.772957,5.733510,30.317192,8.756783,25.326702
12.571581,8.468314,26.243988,119.492249,29.276840,38.649849
28.790642,19.528206,8.949366,22.825228,4.689029,4.554636
38.007538,23.732965,27.036425,132.616501,35.850166,49.988708
31.260040,21.408403,9.828898,37.153221,10.093943,36.552502
28.612061,20.432358,11.719173,69.234833,18.751875,18.305170
19.911491,13.535983,6.344013,35.051674,9.181080,7.729688
13.557681,9.388700,7.571834,48.853909,12.446394,8.387465
43.748478,27.357172,44.870308,323.655792,88.151512,96.888382
21.692341,14.549774,8.381217,64.973778,16.413254,21.260065
12.854596,9.159533,6.519934,13.378023,3.797703,2.045488
15.492119,10.759942,2.780149,10.664587,2.798519,5.774190
14.699483,9.842913,4.748925,27.554588,7.041516,9.151707
14.399467,9.873609,5.652585,23.108297,4.773470,4.567439
12.975985,9.303391,20.536060,80.167908,19.628166,12.530334
5.123629,3.679093,1.807614,13.450814,3.402156,10.077108
58.871811,31.331007,102.249878,360.766907,89.561913,194.871140
10.417944,7.331131,2.182044,11.419621,3.814899,14.551293
16.641108,11.779967,7.432843,50.263165,11.588434,23.441187
21.720373,14.358397,9.836374,37.007889,8.954792,13.186302
8.205401,6.077991,3.823116,27.166746,7.293423,8.160963
16.379120,11.447374,4.564611,4.941248,1.346759,2.027961
15.359859,10.749364,9.236258,54.763805,15.310738,57.308678
39.485142,25.243799,17.497942,92.734833,24.223396,87.955467
19.711668,13.197517,6.300983,53.155113,15.169608,38.672718
43.342304,28.677929,10.795581,76.351181,19.425470,9.238234
23.501163,16.179790,8.042779,57.384403,12.121027,8.514290
22.203758,15.082602,8.841672,58.854698,17.021236,6.059568
18.238855,12.666519,6.040244,24.524704,7.118412,10.776832
6.501033,4.542710,3.122739,9.767486,2.504428,3.657231
18.431057,12.402702,11.980809,91.542480,26.466356,56.003201
28.800648,19.102661,10.848833,87.004181,22.683432,7.047365
17.053879,11.531247,3.851397,36.138344,10.588998,12.630278
7.928166,5.226205,4.713379,61.071476,15.856752,4.372662
31.131680,21.436283,10.457711,65.285133,15.426259,18.576544
33.376724,22.152987,10.601762,49.647572,12.946042,25.874191
8.952997,6.101725,3.451803,4.846317,1.212226,2.400932
13.474025,9.060844,3.321031,34.783508,8.442230,4.836246
18.154285,12.567330,7.733263,69.791710,18.267023,54.251152
6.144776,4.165010,2.509660,0.846094,0.800078,1.660320
24.178083,16.078079,29.777361,254.663620,68.853378,158.766373
7.776532,5.379510,3.946098,4.341549,1.151506,3.736399
26.397570,17.325876,8.583004,45.540554,10.753315,10.378059
51.266029,26.756706,60.264473,335.505798,84.615974,143.288773
6.362954,4.395988,3.081893,17.248009,3.254289,1.907636
38.161667,23.516066,38.600609,249.819931,72.514168,250.852310
33.391754,22.788870,8.809860,64.637207,12.539661,11.221231
18.484715,12.664130,5.433214,48.817745,13.049507,15.868599
37.056061,24.510717,9.100318,56.445919,13.271514,13.971076
40.580307,25.897308,20.207939,139.081360,39.485641,53.425087
7.622033,5.349998,7.371789,95.523209,25.405312,20.511623
13.069963,8.644344,4.399648,51.907764,14.312301,4.601428
7.312055,5.380098,3.074792,19.502876,4.462095,0.779984
10.888712,7.550170,4.020278,24.927439,5.964780,8.452952
10.702633,7.693058,3.312868,48.985023,12.210195,8.506046
14.117896,9.802272,5.060809,28.854029,7.112135,14.531182
24.523891,16.501654,7.535434,87.611938,21.223677,10.086733
16.532354,11.322717,5.172342,6.046271,0.127674,2.113176
25.094650,17.205873,9.257955,56.112091,15.560862,11.548280
13.103740,9.235832,4.838300,19.887903,5.152607,8.189939
8.288570,6.027558,2.828205,13.177217,2.638371,0.577790
6.153618,4.493910,1.263111,5.995126,1.332314,4.348228
11.883065,8.175717,3.808768,23.792879,7.435966,4.651197
19.749161,13.039336,4.347779,36.448566,8.530358,6.849819
27.339310,17.793091,12.291199,69.030426,21.377625,81.432549
12.957981,9.051562,5.109087,22.945045,6.130699,2.888030
125.564278,44.550156,83.043083,445.221588,113.639854,79.156029
7.998719,3.424666,2.969925,31.821211,6.252821,3.268972
21.122454,14.635942,11.652379,85.317993,23.989519,46.722424
57.392223,34.390236,35.777279,97.854492,23.514814,44.094002
7.592368,5.736201,3.338649,27.328291,6.550071,3.172029
10.210659,7.314238,5.972258,37.962688,8.562306,7.784061
20.772362,14.239232,14.317535,36.465584,9.678424,17.357500
13.114721,9.414889,4.258957,64.088364,14.262444,21.842173
27.464712,18.060917,15.823871,68.685966,16.450665,13.611098
6.884103,4.840202,3.385522,1.247101,0.252659,2.098691
22.249868,14.884823,5.868998,48.958618,11.223212,5.076637
12.444763,8.739973,3.950905,32.244774,8.882206,27.774216
12.904682,8.859846,4.487402,40.473835,11.458775,2.741715
20.119629,13.242842,14.498885,114.955223,31.014469,113.793228
21.605513,14.975090,5.377830,25.364975,5.485668,5.561326
5.640159,4.127760,2.722271,18.105021,3.619260,3.536143
10.171884,7.056118,2.993776,55.473072,13.864751,6.298883
22.752438,15.758421,16.961798,91.190506,25.782207,89.958244
8.276971,5.793056,2.862092,4.724411,0.903801,5.984693
4.259519,3.164448,3.780117,34.336967,8.705572,2.473578
9.021624,6.469239,4.441586,18.215586,3.842038,3.378596
20.118391,13.885673,18.854944,81.174835,18.410069,21.506882
8.260421,5.530362,3.571642,21.220184,6.538285,19.514364
30.489723,19.948399,20.985708,118.281448,31.779102,33.286900
19.084423,13.147915,4.088846,46.938789,12.474040,27.908991
10.760198,7.610532,1.929486,23.751465,5.859731,14.656975
6.023227,4.409864,2.394259,3.235191,0.434932,0.088144
8.263504,5.771860,4.566718,15.140125,4.510221,17.218895
36.461491,23.321480,23.007814,94.079079,22.670481,14.822975
9.038772,6.590322,2.190417,18.184650,6.527802,10.263486
8.909862,6.152996,3.513594,21.135412,4.162493,2.363725
12.695830,9.025373,4.526734,24.240442,5.659013,8.145710
21.058165,14.817039,7.497893,39.231640,10.699633,9.619843
14.985209,10.155596,12.767320,49.151588,12.280602,17.018213
19.275045,12.787144,5.351947,27.585133,6.190848,11.891393
19.359003,13.433264,12.497632,131.827240,31.129524,36.880043
15.653193,10.845250,6.731185,41.265934,9.736580,13.862356
23.456385,15.918791,7.901828,37.704704,9.857996,21.347984
19.453531,13.477433,6.892965,25.242105,6.140542,11.992879
23.802855,11.570258,7.191480,48.438419,11.752657,21.917938
34.395988,21.775900,16.975445,111.638245,31.083822,147.309601
8.844186,6.158944,4.429638,24.699444,5.961204,3.304003
17.052299,11.905213,5.445792,36.066078,9.104749,6.920894
33.436958,20.339571,12.307113,47.596848,11.018046,15.983179
47.945385,29.842451,21.245165,148.813980,36.461674,26.216175
8.183877,5.833735,3.219200,20.962801,7.229135,8.448988
48.040390,29.779980,16.365112,131.412827,36.168983,29.144032
9.627006,7.129841,4.265958,10.464302,2.782759,2.935190
6.913390,5.130890,5.442807,16.355078,4.092350,2.953041
4.736942,3.441117,2.591845,2.846467,0.255335,0.285192
23.615183,15.800216,7.314965,58.527382,16.676502,43.991673
27.082396,18.224325,18.007931,78.259697,20.786608,66.966614
9.496281,6.635796,4.132120,31.002657,7.304414,26.540318
12.052444,8.595970,4.042272,37.384750,11.103823,20.782631
5.487774,3.695795,2.143563,22.034197,6.267262,4.321929
17.598919,12.303718,3.187095,44.384750,10.494452,4.119449
26.823494,18.039494,9.388608,77.402405,18.885508,5.987399
10.336019,7.591655,11.780249,101.757599,28.757696,74.938019
14.635932,10.106506,17.108019,117.346794,31.659607,33.508537
38.782124,25.507109,27.563993,112.200928,28.441278,47.654308
25.963823,17.491062,9.303341,37.388710,10.806791,10.869151
29.947020,19.783043,39.991245,154.366776,37.904877,52.598526
47.239471,19.819719,26.908722,209.855087,56.757999,46.549782
48.615963,20.503880,27.645897,254.233154,61.975567,40.705376
24.349974,16.930883,10.507599,49.981133,11.934312,6.241046
19.491980,13.360735,6.907164,27.531729,6.443918,6.519492
14.864083,6.159076,4.231548,11.631461,2.608868,9.043391
17.465933,10.090284,6.383708,9.865135,1.573554,2.890102
17.177448,11.785555,5.270873,52.058121,14.977088,33.721397
36.145287,22.144211,18.546064,135.941681,36.324100,26.015247
15.479269,10.820831,5.058734,20.864172,5.429871,11.614175
10.379819,7.078763,4.067980,21.128471,6.827815,11.315396
11.528322,8.243806,5.322238,9.163585,1.481882,10.605940
22.960691,15.239795,9.333005,38.753067,8.585876,4.974020
19.690989,13.517502,5.601614,45.192825,12.039428,27.271194
9.900939,6.698287,4.101998,22.659687,6.908384,27.411257
7.719467,5.543421,3.266661,10.146945,2.747411,3.501134
10.104594,7.088146,14.144506,136.677200,40.821739,41.450493
8.450459,6.121633,3.613584,20.907846,5.280193,1.573848
8.655972,5.885980,3.716401,12.474492,3.166818,2.390105
21.507814,14.757859,9.043833,92.113380,22.161982,18.863163
19.955460,13.455264,12.616430,166.130585,40.491055,44.788376
15.570312,10.969754,4.725867,18.246225,4.966136,4.558181
20.667873,14.356610,26.119022,94.285728,24.685865,39.421040
4.389814,3.022909,2.078658,19.809444,5.623152,2.341880
5.856716,4.068814,3.470848,15.607865,3.353325,2.094836
11.118228,8.162113,4.546580,46.712631,14.718336,7.882311
20.066881,14.122730,8.407142,118.928535,33.419991,101.394592
31.289700,21.174297,8.228812,70.742172,17.602114,11.287925
6.967207,4.933813,3.619365,10.753220,2.499557,5.610436
5.103032,3.621607,4.505786,8.143332,1.649035,1.251237
17.829334,12.132784,6.404680,20.886717,4.658527,6.739696
10.792391,7.406722,4.692317,11.092933,2.892147,11.740604
7.433546,5.188966,3.220139,15.555840,4.560312,4.579569
21.885555,14.365104,13.068797,80.515274,24.281633,136.300568
18.111521,12.509556,9.602003,46.011814,10.147826,10.046140
27.747375,15.518186,51.076271,259.618195,68.159187,324.212280
7.934529,5.695351,3.378031,18.355919,6.580737,4.733102
65.418541,38.261368,56.333721,385.486176,104.556885,286.200623
19.758934,14.100652,5.367028,10.793178,2.862736,3.420627
9.821679,6.804528,4.768443,38.174778,10.278340,4.454221
14.531182,10.253250,9.374632,30.503786,8.370102,34.588184
16.234482,11.013453,4.064132,16.338497,3.331014,10.022823
7.386519,5.293938,5.064280,37.796017,10.538033,5.545887
13.977649,9.362335,7.045489,18.037491,4.144806,5.639551
15.374127,10.685268,5.533054,43.375504,11.376837,4.498099
9.002938,6.493088,4.168397,20.897253,4.796541,9.782174
41.790356,25.770823,38.936375,251.296555,59.323723,50.779751
13.832323,8.968249,8.018497,30.599850,7.177942,5.475390
12.589615,8.740072,10.978099,13.214855,3.334696,9.367335
31.718042,20.611681,12.532114,50.890617,13.150499,63.749557
10.820022,7.892341,4.415764,16.037651,4.918397,25.796865
9.122978,6.444602,2.716979,41.733212,10.861197,9.249265
9.419446,6.774735,4.884820,52.703773,13.810567,12.057986
39.703163,26.439016,11.346831,94.308464,24.302519,16.149967
10.833941,7.251572,3.213842,24.310152,5.199331,16.286390
15.459669,11.230497,5.845660,14.571639,4.063715,9.484530
26.031567,18.147299,8.094811,50.369534,13.449331,11.893674
32.773018,21.530828,7.832468,56.089474,12.511286,22.033272
36.725800,24.827362,11.085612,76.820976,17.098072,13.847628
23.862881,16.285589,8.157982,42.875736,10.124679,39.223522
33.246071,22.250574,16.145735,94.261200,24.516764,131.094711
12.725652,8.883300,3.952746,48.609932,12.745977,4.542443
17.622469,11.941571,5.929195,72.771301,16.847292,7.385112
23.160133,15.694112,16.840176,80.503769,19.331961,16.355219
7.207314,5.371920,4.376655,10.698276,2.475450,2.556412
17.588551,11.844052,5.355611,65.846062,17.264414,5.733317
17.406345,12.081375,7.139937,6.470131,1.037350,2.512775
11.099307,7.707566,5.920705,30.321318,5.677481,7.568821
6.912816,4.945840,3.535213,15.729286,3.704091,12.030648
34.055641,21.591196,11.747144,151.982071,39.893684,15.600504
16.535065,11.308792,10.380232,36.193420,8.891888,55.286625
25.849972,18.074699,9.694296,61.426853,14.894426,22.948626
10.482569,7.311410,4.727940,26.819717,7.701798,15.923444
8.396784,6.382774,4.610387,39.300339,9.354062,17.815262
23.531105,13.929847,8.815642,27.937859,7.003155,10.501392
12.701037,9.097981,4.375419,18.788702,4.494431,27.463711
7.447060,5.327733,3.382904,19.799433,5.464147,3.954433
12.703998,8.692146,5.953709,49.522545,10.662334,7.057620
11.393744,7.552948,3.976010,3.878470,0.185809,2.335922
22.689714,15.525809,6.774967,53.212967,11.707017,8.227637
5.779094,3.781417,8.394758,137.696625,36.858971,68.449150
39.771690,26.305080,10.957748,59.507767,16.622643,37.073986
9.542000,7.010675,3.872844,13.649549,3.721958,21.003609
31.770819,18.152653,29.008133,135.734207,36.098347,132.218338
19.265417,7.404691,15.909375,104.077271,22.931141,42.425228
7.035200,4.891018,2.872994,18.011036,4.639714,4.550283
31.250790,11.889835,8.750529,39.832344,12.792276,44.853451
38.776382,22.474855,14.442038,101.822311,26.093506,22.038742
22.949247,15.399715,7.477064,32.583622,8.356092,6.602223
4.926933,3.246980,2.750551,11.687634,3.898218,2.882126
19.232538,13.325864,7.330854,23.531141,5.245586,8.246576
17.300880,12.095732,5.631016,26.838739,8.300522,28.438528
11.510309,8.310126,4.413619,74.981384,18.057892,3.174875
7.058324,5.186862,3.690227,-0.275895,0.008247,3.040261
22.785536,15.897669,9.081788,32.516827,9.045506,48.813175
37.204266,24.434381,11.637877,94.002457,24.795334,39.905777
5.444696,3.747760,3.224791,50.410995,11.815436,18.891428
11.396194,7.876195,6.881074,35.708897,8.704399,30.861698
8.709161,5.794219,1.453910,29.256126,6.850550,26.132437
4.228200,3.006808,2.243045,3.856638,0.811569,4.356480
29.011463,19.602137,12.667712,42.354774,8.774891,23.093338
36.960938,20.573280,50.167927,333.112823,90.379082,250.557266
19.582878,13.618622,5.636084,5.183773,0.435388,11.990705
74.052399,36.022011,38.754112,404.356293,104.212936,88.077400
13.712814,9.855230,4.431630,6.895018,1.353688,0.994701
12.524884,5.170595,4.263410,11.666908,4.569917,7.265260
22.141745,13.857384,6.514784,62.424419,16.536829,15.611526
7.437119,5.567760,6.152701,29.269617,7.492406,4.186607
17.448360,12.286969,5.780745,32.732746,9.135170,8.478996
15.596136,10.776405,7.326591,13.737499,3.914162,43.771992
6.880117,5.214839,2.700121,18.054161,4.812188,7.157915
77.045395,42.721516,37.037262,117.491486,29.825357,52.828629
6.996706,4.942395,3.172520,19.784281,4.663877,3.172898
14.560280,10.070643,5.203284,1.864603,0.668466,2.819027
23.157194,15.649343,9.808376,77.431686,19.662626,12.887378
20.893375,14.383631,8.637339,96.121872,25.431866,12.830181
18.604105,12.718864,14.460958,115.883095,29.610315,30.690912
19.175779,12.831186,12.004576,96.642044,22.633703,17.238298
6.200786,4.580929,1.433534,7.900501,2.036860,6.793998
25.476410,17.628843,9.409610,63.935928,16.293343,13.726731
16.257217,11.318023,4.649619,15.176687,3.736710,5.419054
35.176472,22.227121,68.005836,366.070129,85.453163,82.136971
4.462046,3.188472,3.025967,16.510855,3.859362,3.731435
10.384954,7.575703,5.582094,29.508398,9.320426,3.183707
35.881824,22.721157,37.095684,174.599365,49.349598,250.596069
9.186872,6.603427,3.887045,24.874489,6.956919,3.388866
59.557198,36.140640,24.187857,145.927597,37.993942,20.111023
12.314197,8.675282,5.937927,95.417854,26.940990,73.750229
6.152229,4.254691,1.691862,9.083673,2.540717,6.978150
37.705315,25.690907,11.870383,78.659523,18.754009,27.539673
10.537813,7.093998,3.959487,44.604362,12.302386,6.736374
47.492699,29.627483,18.090626,90.815033,21.849566,22.293333
11.913767,5.124635,4.942531,23.074902,8.546144,9.324778
15.981277,9.430675,6.769153,47.597084,13.137340,7.934427
11.858645,8.162513,4.109297,35.674015,8.668412,8.961541
27.390022,15.854349,32.512623,124.456070,28.757835,23.535307
21.993105,14.987784,14.161030,45.669956,12.903636,26.247183
50.114811,28.959852,32.336388,186.881729,44.375351,31.102081
20.296022,13.539414,6.857267,20.339136,5.189688,27.562531
4.784091,3.612178,2.807573,18.475117,4.444404,31.748627
10.332564,7.674638,4.176943,12.382529,4.020290,6.413492
6.241596,4.666859,3.221529,13.199399,2.621240,3.132933
16.673742,11.452092,6.110977,15.872455,3.860873,9.224703
15.543483,10.798494,5.477560,22.741013,5.380462,17.506222
26.015545,17.432339,23.476349,79.829361,23.515791,65.999825
12.105366,8.517349,4.379159,16.024488,4.039871,5.282450
43.770458,26.885628,15.902117,96.025803,23.607000,34.755085
7.795564,5.677372,5.053666,9.997635,2.482960,6.937385
27.942141,18.843624,12.223933,54.215572,13.186886,7.353798
12.500862,8.919631,4.245620,5.088203,0.523448,2.788672
7.757455,5.505567,3.449516,21.422867,4.679755,0.430236
23.919943,15.806602,9.707867,57.071484,13.737052,7.921941
9.607816,6.511318,4.981610,22.393009,4.512830,3.876889
23.520720,15.159872,34.851017,221.507889,58.740398,90.606476
24.175558,16.384459,5.904561,36.547359,8.058498,10.153531
17.279121,11.661755,11.353349,99.025200,27.333439,12.678325
19.716223,13.876903,6.024929,27.558105,6.418006,26.532515
34.069687,22.395739,13.150126,62.829449,15.926965,83.289581
8.268689,5.443251,2.123196,21.260418,5.425863,12.655763
49.935978,30.885933,28.866806,124.131752,28.969049,23.341038
11.706894,8.203445,4.060529,30.431356,7.614371,1.436443
39.747395,25.409307,37.265171,240.440842,57.538448,43.313446
5.867987,4.029751,3.056026,17.706827,3.879584,3.807431
20.237391,13.645021,5.178799,45.191891,11.420214,39.457634
15.680839,10.796391,5.741162,3.517265,0.740037,1.049948
13.213953,9.238438,5.474269,53.293465,15.361011,11.004045
23.857735,16.025618,8.101563,50.415253,14.792746,12.053795
57.369667,38.167374,25.369829,82.276802,19.079811,122.921410
32.819241,21.375811,11.464645,89.062706,22.449087,48.370789
6.729589,4.846806,2.964493,19.358910,5.247678,2.796587
29.706938,17.334280,43.697594,258.308533,61.310173,62.863319
53.887199,29.772997,77.323547,348.451721,82.917290,101.752647
17.051600,12.085330,6.193703,17.846434,4.479518,10.998417
60.197830,24.725498,21.094170,162.079224,46.874729,151.792252
60.346046,24.541922,21.857454,173.555099,48.347855,147.001785
4.666301,3.129025,3.283593,23.909290,6.997817,20.555153
22.769457,15.344110,5.562548,100.519821,25.610928,74.039635
9.924717,6.889215,2.532554,6.160038,1.727849,5.188601
9.043158,6.406984,4.129140,26.463118,7.519557,10.629558
19.137560,13.440638,5.036141,72.234001,16.397041,7.906397
51.760029,27.892569,104.914093,421.224854,105.634048,203.440430
14.270010,10.080959,10.477165,27.455462,7.693921,3.794027
32.723560,22.279074,17.169334,65.143333,15.516351,44.639793
14.896397,10.288859,5.603424,46.598572,12.808798,6.174458
38.747566,23.679482,11.785732,85.987984,20.269054,63.645081
15.148352,10.733664,5.341784,24.558302,6.093086,7.478910
24.489376,16.538244,6.570315,30.056917,7.142682,4.044896
6.039985,4.568457,3.331967,10.014489,1.995764,3.577638
39.241337,25.522419,14.171669,55.218761,16.213980,78.032402
9.127428,6.070491,3.768536,15.455828,3.714665,4.920025
11.922982,8.241037,5.111528,33.111210,8.303676,5.044440
30.255816,20.421890,10.139583,54.149395,14.397295,9.078985
19.182718,13.141738,6.506627,36.660744,7.342211,4.780265
16.703018,11.474767,6.202929,27.871595,7.003351,9.560511
47.790760,25.446295,109.418434,585.623047,157.532974,414.803680
20.884155,8.460092,23.516628,169.030334,34.169174,66.897385
76.601372,33.603989,87.329788,332.150360,84.508018,133.241409
16.782879,12.244836,5.384483,13.332786,2.715739,4.643086
26.500174,17.134047,36.017536,223.065369,51.687862,34.722076
8.662479,6.335994,3.428625,23.102177,7.324275,6.954444
17.925058,12.144124,16.831570,99.794731,24.381332,72.040375
24.297607,16.012169,13.090479,69.483757,20.105883,60.630402
12.448118,8.816608,4.977939,4.692837,0.535243,2.961876
21.165770,13.976744,8.456278,53.932915,13.779003,9.181141
8.025293,5.694109,5.341119,13.355637,4.223728,6.828329
7.231600,5.436999,2.870838,11.967059,2.139238,7.469454
24.109522,16.585016,8.137413,79.471703,19.800211,7.950861
22.090094,15.114912,8.590885,8.539424,1.575458,0.675553
7.826034,5.361783,3.234443,3.575063,0.356353,0.474193
23.832739,15.988581,9.912431,57.767372,13.367023,12.128326
43.361206,28.367830,30.231194,135.464691,34.770428,77.915237
19.031166,12.986469,7.043169,22.814377,4.645873,3.214974
17.749146,12.325587,5.569571,43.919849,11.452144,10.797344
21.946764,14.964513,8.808482,82.355804,21.081369,7.630594
13.522481,9.946780,3.953590,22.113121,4.991841,6.120914
10.831914,7.636624,3.757596,19.259819,4.613340,3.157985
30.382751,20.801510,15.069745,49.136711,12.423609,21.493324
15.784006,11.266568,5.099424,47.790565,12.324864,8.443880
22.292200,15.091161,8.446901,13.554155,2.987735,10.356702
25.193089,16.794619,10.852293,103.386597,27.481379,55.470093
19.979776,13.682361,6.755398,40.663361,10.522904,7.718766
15.286242,10.444284,10.676778,62.302338,17.028152,34.524494
12.969283,9.458376,7.402231,10.142522,1.345492,2.138245
13.295981,9.220408,6.819421,17.233501,5.843003,2.357883
21.324100,14.206783,11.658297,81.118324,21.685234,110.975433
32.000370,17.816048,23.263266,174.757507,48.494350,96.562309
7.742501,5.821850,2.619340,18.532907,4.742495,1.071374
6.091552,4.455060,2.927524,1.072964,0.021869,1.278387
10.877085,7.754833,4.377120,17.951859,4.403618,18.095005
5.555304,4.222791,2.860332,4.083950,-0.011259,0.734201
38.981834,25.112486,14.258882,99.295715,25.442743,86.059814
15.684378,11.158583,6.008616,4.807760,0.960900,1.612575
24.863831,17.512094,8.368880,77.863914,18.838358,6.112161
16.174185,11.035272,5.605119,25.654982,5.463429,6.054584
59.534447,33.973785,119.122551,619.543762,153.292587,166.087112
19.121960,13.649500,4.696616,30.234699,7.697165,7.262898
15.060313,10.435259,6.893250,19.101973,4.783110,4.646653
18.091986,10.682240,5.287492,39.473751,8.797492,7.960160
33.769760,22.991959,12.550447,84.989487,20.845009,15.890202
24.155342,16.206888,27.592081,98.023460,24.405014,72.466225
22.657238,15.202905,28.055210,125.407066,33.234329,26.981438
7.282125,5.511922,2.877488,10.781603,3.345718,30.152596
9.138905,6.773453,3.701501,17.446154,4.939436,19.298418
31.331348,14.484747,14.258961,128.398529,35.424480,19.265577
5.764911,3.830993,3.753895,54.018463,13.751141,4.941357
23.276669,14.546623,13.997804,153.035461,41.849014,39.050747
19.769167,14.111794,7.024457,21.356350,5.168344,7.125946
15.684413,10.377251,16.833569,150.389618,40.386303,142.975342
22.366407,15.672777,11.353093,25.529303,6.935255,6.722875
30.877096,20.380501,19.138252,88.203499,21.164412,21.774137
17.509359,12.167371,10.608951,11.772545,2.634496,32.463264
7.051469,5.128848,2.923771,44.499241,12.496587,3.718982
24.227705,16.099419,15.972030,75.257736,18.042700,16.702454
13.555731,9.326185,4.108094,38.103668,10.120763,5.233960
6.745752,4.507047,3.438493,23.117466,6.186245,2.852868
12.977770,9.171493,6.414097,58.005405,16.131012,11.635050
26.977596,18.035177,21.418324,128.840317,31.070702,40.585045
13.609356,9.804686,5.452411,32.083530,7.934389,4.328995
16.752560,11.400690,5.591326,46.114021,11.271762,7.526521
7.835955,5.344338,3.526752,26.150055,6.726393,2.458497
39.010925,25.837948,11.465919,34.915688,10.911939,34.967266
38.937572,24.311199,29.189651,124.767113,29.937656,37.942894
20.314764,13.612386,12.345205,30.821260,7.230967,6.358615
8.249269,5.961756,10.449279,46.722782,12.585361,10.807092
40.466766,25.682232,32.594044,154.126358,43.851528,179.658478
4.672325,3.641301,1.284407,11.504913,2.639088,6.070097
23.615391,16.318150,5.431092,63.812138,16.300514,6.818172
22.208582,14.352759,10.272540,102.826431,24.641056,15.222828
25.456284,17.250164,10.251750,29.334044,7.907571,9.660547
8.213384,5.942832,7.037650,26.667459,8.042377,20.012360
9.693740,6.923144,3.798460,2.373881,0.488537,2.767262
15.032255,10.406954,4.672263,18.094660,6.050703,16.600101
9.150271,6.765790,2.694966,42.664345,10.378031,36.687702
16.932981,11.307026,7.813164,35.915199,9.148235,46.666283
5.939040,4.301164,2.540584,18.433865,4.151694,3.106340
16.101746,11.267071,6.534226,8.928831,1.272454,5.379993
13.944387,10.142599,2.640659,20.040777,5.536150,13.119257
25.564333,17.618124,5.827867,39.640656,9.366865,8.647651
12.524335,8.738698,3.813325,49.346794,13.256907,7.743555
19.485971,13.138143,5.721947,56.257999,15.917606,58.445465
8.803627,4.394382,4.031471,22.208073,5.248476,2.322513
10.198694,5.804516,4.609550,38.583336,7.932653,2.637240
4.873106,3.384234,2.884504,22.163435,5.766285,2.104148
101.680771,57.799446,100.229607,537.464172,135.278076,114.963661
9.323145,6.740993,4.020630,19.942301,5.134895,3.054250
14.497538,10.188743,6.175267,14.296112,2.851661,2.198515
4.031271,2.954604,1.992590,2.223173,0.848363,5.121083
17.314247,12.277575,3.681843,39.591908,8.539472,9.116138
9.534856,6.947917,4.896573,15.565387,3.465515,4.327779
5.389900,4.009986,3.006879,20.428867,4.906711,3.043036
7.477482,5.262312,2.778798,7.058034,1.239588,2.356975
6.571206,4.654587,4.646579,33.581173,8.152685,1.555763
16.308081,11.324700,3.630858,15.700817,4.456542,7.147262
33.271618,21.213970,10.361050,96.404900,28.163473,74.851433
29.757143,19.836802,17.902061,81.314445,20.577955,23.134764
22.200586,14.520732,8.668918,75.895988,20.649244,12.837999
18.838428,12.804799,8.588643,75.955963,20.466616,26.288206
9.553568,7.041082,4.953660,19.189507,5.271065,38.512684
8.919380,6.369280,3.567681,27.697983,7.865644,24.725147
22.358768,15.721949,8.808780,7.178542,0.672671,0.623818
13.996671,9.725097,4.377639,54.440605,12.342031,6.005367
25.885963,17.440565,13.441205,57.856304,14.524418,8.962964
8.206622,5.794962,3.874058,18.287935,4.486083,0.489384
4.694212,3.195064,2.112614,3.114179,0.348180,3.369260
15.362022,10.881119,5.447669,37.321754,10.350252,18.079601
50.470394,31.254183,27.875309,263.446564,66.963860,80.560181
25.998735,17.721571,12.119399,27.662613,6.128801,12.597239
7.082143,5.025953,2.776343,18.705761,4.155510,3.967734
53.845276,34.443886,35.249783,95.534126,23.664248,162.502869
12.347273,8.535395,4.306440,24.708050,6.284625,4.118180
23.726494,15.931597,7.286816,55.952633,12.569380,10.638793
17.108248,11.255999,21.131447,147.693298,37.097099,50.876846
18.928078,13.385465,6.327876,45.382557,10.789519,20.451433
16.728294,11.562003,4.811082,56.974174,13.364085,5.343104
7.096295,5.267612,2.798461,10.398598,3.143984,27.483395
32.906498,22.334789,17.935474,125.723373,34.073269,21.025923
21.257683,14.792778,7.215516,32.804745,8.466614,7.139431
23.827030,15.109273,6.971624,66.230934,20.116505,12.881726
11.719616,8.509148,4.512693,19.296951,5.407035,2.767146
7.543567,5.442149,3.291648,13.725075,3.530300,2.322796
17.085178,11.659467,6.639251,51.116211,12.576138,4.902394
24.331543,15.236809,8.029979,45.336330,11.482205,15.971596
11.104001,6.384849,5.368040,25.870338,5.858380,1.140390
21.872194,14.740459,6.929422,33.075611,7.646474,4.579721
23.113504,15.076834,22.868656,208.400452,54.817539,117.977539
26.036633,17.338989,8.321122,81.304665,19.574606,23.676790
21.991560,15.231706,7.654403,59.831013,15.428490,22.572153
23.453487,16.074633,4.968051,23.956314,7.000151,14.937992
19.319845,13.795084,5.830403,27.687601,6.167332,1.541131
4.557452,3.293574,1.730895,16.355453,3.672506,9.622663
27.310272,18.589998,8.746402,37.611729,8.558057,10.252695
32.113045,21.848177,22.872211,113.479492,33.206280,49.773628
8.413555,5.665468,3.314118,18.478022,5.247093,7.001867
7.748791,5.623186,2.875658,17.458847,3.403372,11.157432
17.772554,12.248090,10.354521,33.232780,8.417554,10.885531
29.468676,19.557068,12.080168,119.730682,31.963881,24.505665
25.392736,17.236631,10.075767,32.893879,8.271474,15.809989
4.968752,3.689042,2.490442,45.435814,13.617041,2.082479
26.259617,17.447296,16.463943,83.427818,23.084236,155.584061
24.622572,16.406029,8.409437,29.036823,7.901223,12.893506
52.743702,32.091160,18.024698,123.424294,30.316803,78.076416
25.799429,17.760204,7.895204,94.883354,25.399658,11.546602
19.004637,12.964599,7.566362,33.870449,7.358828,9.955282
43.380608,27.672754,14.745346,59.980812,15.355889,70.306076
5.755153,4.077589,3.259097,16.982407,4.640854,8.138744
21.255852,14.369654,15.433238,63.006355,15.065653,8.897255
7.875915,5.799520,5.162411,38.253529,9.928793,2.587187
6.943163,4.978609,2.259592,11.372025,2.351070,2.626778
26.784294,18.160511,9.068572,38.914444,9.912719,36.418732
36.570446,20.731348,45.024681,311.360809,79.753227,104.097420
21.434643,15.169712,7.968426,31.049751,7.143422,7.028859
40.032024,27.135223,17.983427,88.126160,20.691925,17.965895
5.460948,4.152993,2.990472,14.502752,3.873826,10.539032
25.533064,17.380426,8.349188,63.255974,15.838811,18.417915
12.786593,9.498205,3.678392,46.560093,13.213122,18.147238
60.078918,33.057961,68.360397,393.132751,103.494728,277.200165
60.405407,22.358250,35.283928,193.026031,52.735130,105.618912
60.290089,22.437630,34.739529,200.022736,52.744591,97.881844
22.316645,14.975887,8.008902,32.203892,8.781688,21.485811
18.726082,12.982763,7.683203,7.645640,1.166296,2.850585
69.560272,32.645893,58.798000,331.498627,90.190903,156.849625
24.898878,16.969898,5.441596,24.739023,5.804119,6.237662
22.316320,15.257569,8.237995,19.758615,4.770120,13.526258
8.085614,5.684958,1.873878,11.991273,3.756017,9.583046
18.482754,12.697934,6.079562,7.271809,1.410139,1.660383
5.863113,4.356413,2.094741,1.227880,0.207653,0.905187
23.702412,15.983617,6.514824,35.106274,10.524809,53.631233
78.652321,31.331175,31.150442,267.318390,73.458008,58.537640
73.407463,31.466976,30.101557,292.028870,72.690491,47.001415
26.327522,17.609310,9.484302,77.187881,20.558201,18.680817
19.163641,12.976150,7.764303,12.783081,3.390542,13.358145
8.461960,5.595280,3.694810,20.449127,4.672522,7.795493
20.812168,14.159987,6.119908,49.868790,13.581419,6.833699
11.517092,7.909492,6.192379,19.823814,5.157639,15.219429
6.473289,4.161456,2.878809,16.726896,5.024777,2.086219
15.340848,10.962409,6.283806,5.433502,0.954626,6.093356
23.191008,16.089819,6.666490,5.577385,1.027020,2.893423
40.102585,25.350712,18.053455,107.974625,26.734804,41.667591
15.447889,10.770913,6.326316,2.793686,0.909066,1.694044
9.378885,6.709913,3.793710,2.043003,0.684897,0.249643
6.824705,4.787029,2.758828,32.996326,11.136468,12.244011
14.146142,9.604172,6.596687,59.192566,15.902027,8.611270
10.236617,7.102163,3.426752,24.039684,5.450596,3.958824
26.178698,17.986012,26.409342,204.714172,51.512314,62.761253
12.689527,8.796459,5.542006,21.317396,5.515645,10.648507
9.780699,7.047405,3.427707,19.902855,5.458396,2.853450
17.160957,11.620055,4.959692,54.646091,12.845200,7.246131
15.017118,10.570633,11.368196,48.355556,10.889465,7.033801
19.079468,13.098911,7.233625,6.027359,0.318907,1.700799
44.714520,24.898338,72.257256,476.885681,116.104172,121.651634
12.083117,8.523411,4.040867,16.546892,5.459850,5.597257
19.785055,13.406456,28.063831,82.373192,21.220009,57.322941
35.080929,22.343903,50.316849,230.711426,62.048508,50.223068
58.506443,28.464108,25.217575,139.408417,35.614735,25.591084
17.016096,11.525425,6.351590,42.974323,10.009970,4.951459
19.192345,13.460148,7.113277,7.014190,0.930841,4.050599
33.817444,16.554146,29.854736,23.602736,4.494777,8.789987
8.505321,5.993789,3.256262,6.890967,1.473565,3.519724
6.724765,4.806811,1.633753,34.276733,8.906616,5.846519
15.881730,10.633528,5.297114,54.723202,14.025027,37.243256
5.425447,3.975336,2.694940,1.466620,0.229944,2.545498
46.187695,28.388346,37.987637,150.647141,37.700783,143.452759
4.591356,3.453005,2.168885,15.234371,3.963307,8.000277
35.462318,24.211843,12.534299,103.649223,29.140038,60.459190
10.105769,6.972959,6.656293,80.091255,23.186155,4.519807
44.782993,28.901751,14.894108,10.629473,1.456962,12.918217
4.505251,3.543276,1.326420,9.187214,2.538685,6.011938
9.504843,6.989638,5.418968,67.167130,18.639706,30.677073
20.769384,14.151073,6.981793,12.509789,3.026319,8.061387
27.605099,18.438379,20.691244,126.311394,32.645393,31.905140
9.854025,6.964711,4.225486,20.268864,5.810573,2.674827
55.881378,35.343727,18.851215,99.267868,25.977026,147.333572
28.419636,19.003326,18.460409,100.413422,26.446461,35.205605
40.938072,25.476597,40.814690,245.218979,74.104446,256.684753
16.400623,11.028186,12.683585,35.994114,8.365460,14.959243
25.124273,16.982246,15.687243,135.164658,36.612572,14.183249
18.417488,12.629638,6.752432,18.149017,5.358790,8.559931
28.839447,19.007570,10.321300,45.882904,9.502449,6.232525
23.409983,16.133677,11.959659,53.968105,12.675851,9.647469
28.548941,19.554806,25.478403,105.980225,24.300222,28.415714
65.909264,39.056610,29.985525,165.275253,40.533493,51.988327
8.283556,5.625204,5.522741,44.872929,12.850730,12.861231
32.913090,21.244768,34.787807,122.785492,31.820227,36.363991
6.705959,4.576920,2.522024,10.492536,2.137357,3.985274
19.328135,13.087875,9.347763,60.129383,14.413576,8.528916
19.978111,13.584183,15.418932,82.080032,18.109547,36.569347
16.876686,12.085753,6.237182,56.999550,16.705460,10.809700
12.235218,8.344263,4.395955,20.946251,4.026843,29.802380
24.819828,17.533861,6.568906,37.041622,9.278514,20.218649
26.310553,17.401165,7.785433,70.476028,17.063717,10.383162
17.185043,11.655828,7.060597,76.505219,20.561255,12.057452
24.159994,16.524601,5.697474,36.865879,9.036070,7.034638
16.588760,11.269152,21.164330,107.545364,27.126625,21.155403
8.582267,5.885630,3.532901,4.301899,0.710554,2.343701
9.298663,6.623954,4.778127,49.383713,13.391557,8.501929
10.983407,7.474936,3.909429,11.372858,2.654859,4.241868
14.462773,10.429656,4.672781,45.431664,10.602877,3.937336
19.594555,13.269551,5.200046,22.092060,4.775517,8.158123
16.087399,11.596839,5.526929,45.053066,9.626414,8.903969
17.145405,11.739534,5.534959,28.374084,7.261681,2.338459
11.497134,8.042720,5.843583,5.796301,0.350595,1.309970
15.276604,11.037389,5.878276,19.643761,4.666287,4.758564
14.764266,9.947439,5.371587,28.734289,5.391469,7.204596
17.412510,11.586361,10.334421,58.337769,16.600531,11.757433
28.088566,19.012962,20.382795,76.943504,18.005222,11.189800
18.104120,13.207651,6.506022,51.373756,13.198663,6.315141
19.158573,13.061683,11.407667,156.848251,40.115891,15.535161
12.994656,8.765888,4.749976,73.062584,19.571810,5.726898
20.835287,14.306601,20.098028,96.230034,25.205248,38.773766
31.511370,20.613937,8.075837,61.681652,16.518456,16.258022
21.937973,15.021544,7.800507,53.529156,15.758862,10.345983
15.016288,10.762997,4.052236,13.471233,2.688148,22.920439
12.415110,8.574492,4.094587,25.195833,6.446481,9.361723
10.193771,7.287802,4.469535,37.148830,9.190336,5.935503
14.772874,10.095156,11.909579,17.016436,3.968888,8.480517
4.945753,3.794036,2.458663,2.250242,0.497426,0.078512
31.505793,21.895895,9.171136,51.646420,14.218525,10.123360
40.729763,26.882500,18.405300,151.470230,36.907360,46.107174
15.273447,10.875353,8.848225,27.642258,6.484327,21.368572
27.252764,17.882893,18.792297,96.702278,25.869701,62.277905
37.479023,24.472912,16.167358,125.012245,30.686533,25.465481
16.493654,11.102659,10.801661,62.132889,16.961428,11.360573
23.410938,15.825508,6.935420,102.707649,31.022852,70.367256
9.823540,7.176772,3.733763,26.034061,7.228610,6.462539
27.700039,18.660112,10.165150,54.152607,12.700754,22.033155
17.175024,11.756884,6.545671,95.205734,24.562374,53.753204
10.976166,7.508512,6.725477,14.911847,2.935328,1.781867
12.200811,8.917978,6.681290,46.916801,12.402888,27.221888
10.327925,6.784493,9.506687,81.366791,19.085047,7.035902
15.740246,11.031436,7.262279,10.814475,2.268529,8.718047
30.637608,20.174639,14.416921,33.198730,8.056288,16.917467
12.382125,8.721947,6.166071,20.416262,5.922453,3.148989
23.090849,13.005247,10.982632,65.251060,18.971180,73.853516
13.603415,5.256143,7.313700,47.852390,10.952358,16.045292
6.583210,5.031082,3.279769,23.338022,6.147611,1.881914
12.990006,9.110659,5.317986,15.083233,5.164526,18.027996
4.446538,3.447098,2.230095,26.429304,6.997372,3.620681
27.300024,18.925859,9.845206,46.110737,11.140892,14.345417
18.114511,12.423120,6.888578,9.259287,2.320190,6.726161
10.847899,7.740725,3.914452,29.584007,8.506187,3.325786
35.703968,24.364361,9.413463,88.024323,22.196709,21.539595
6.533049,4.843250,6.746244,71.165855,18.553406,11.074582
23.987631,16.401423,6.559501,68.395218,18.172264,7.407375
12.620007,8.680286,4.116003,3.881821,0.293448,5.811030
10.998240,7.511367,4.074577,19.165472,5.197162,4.399797
12.989186,8.910278,3.170361,16.215130,4.636074,11.589770
7.729653,5.522913,3.053726,1.921394,0.154483,1.678901
11.432407,7.886222,11.398051,65.409416,16.782284,16.871786
34.731667,23.339798,9.565135,59.910450,16.225739,13.699786
15.977850,10.693661,2.916049,9.383097,2.999999,11.677158
6.565892,4.391307,4.189414,22.236012,5.895575,1.969413
18.670507,12.972386,6.756906,32.557545,7.207397,6.844770
33.009613,22.395834,14.677355,126.162529,30.831295,16.443874
24.201391,16.237926,10.388736,48.257797,10.836485,7.986216
12.429716,8.776165,4.183990,31.179342,8.760954,14.097736
7.685739,5.328665,3.308361,19.165148,4.706658,2.835508
11.389355,8.439027,4.631092,41.218307,11.120340,4.886581
9.088567,6.496419,2.589818,28.081818,6.377368,4.474241
56.058266,31.379431,25.532007,101.875351,28.538818,53.439987
12.959105,8.411070,4.935912,26.282164,8.477650,2.156033
7.077605,5.038586,4.874732,31.124754,7.938630,6.065362
8.525237,5.894571,8.575002,53.955570,14.755695,13.618172
10.791937,7.677008,2.989575,24.017061,6.073346,26.044176
19.714119,13.539848,7.028239,61.723907,16.843437,8.452851
10.128382,6.658037,11.914716,94.432549,26.178574,30.021008
28.218437,19.450090,11.227517,95.111786,24.743225,60.055080
26.198212,17.471291,14.038662,57.275043,13.589082,12.235713
33.455181,22.565201,15.188313,48.157883,11.494061,15.602981
14.444819,10.167549,4.427976,47.692005,12.380177,4.416770
16.158621,11.139227,4.303162,46.005127,12.441614,2.995669
18.444073,12.857834,17.240139,12.713730,3.370929,13.899190
37.215168,23.971434,27.025877,194.805649,51.861717,39.058128
16.303907,11.068851,4.410077,45.348274,12.430273,9.724694
43.260509,24.630344,50.028263,159.303284,38.771286,126.392143
23.445189,16.186275,7.576653,46.623020,11.162526,5.810790
19.522312,13.422981,10.218049,65.643242,16.312897,4.029706
16.727827,11.388043,4.921349,85.007545,22.335951,7.438340
27.210598,18.031008,16.358799,120.713814,31.559921,32.975140
7.502049,5.545589,3.240347,16.922588,6.834811,43.896393
24.265316,16.587059,10.310500,54.096912,13.574130,7.725965
37.719955,24.856298,8.445740,91.186264,23.721762,16.387653
25.136862,16.576612,8.579824,63.714863,16.717684,7.936185
22.647467,14.792084,12.211455,112.852119,28.023237,15.922328
15.152336,10.869817,5.343890,47.422413,12.081173,1.419599
12.947427,8.959558,6.109453,6.719800,1.131666,3.598119
19.933962,13.788337,6.462313,76.923637,20.222931,15.560640
45.377335,28.677105,15.468743,114.176178,29.137777,20.478554
15.697291,10.640115,5.583690,4.481521,0.703161,2.550068
15.481833,11.074818,5.662424,46.134853,12.099030,4.609893
31.195818,11.051778,13.012178,32.456135,12.072188,71.968529
25.019550,10.143953,8.365410,49.537968,15.118210,52.926594
24.641296,17.076260,9.267040,57.137001,14.251381,19.762392
44.585915,26.604692,37.088581,177.408463,42.649132,52.489975
9.211196,6.425472,2.833319,42.060658,10.129492,3.467044
14.040724,10.224585,4.143765,7.385436,1.098510,-0.132271
14.288311,9.982760,6.851079,14.336086,3.889815,9.453518
13.538681,9.484884,6.128166,22.300655,4.325850,6.984662
41.441982,24.360186,38.893311,307.613922,81.389267,153.265823
6.940857,5.057881,2.773419,22.460876,6.598128,2.572697
17.046207,11.661903,9.251829,53.014690,13.244367,24.096226
33.555729,23.378967,11.929631,57.799469,13.740884,14.633318
20.205326,13.545612,8.798405,29.861795,7.101844,3.646841
26.332363,16.468723,25.354277,132.329178,31.653118,22.535204
19.927538,13.518729,6.502867,32.225956,7.815463,7.109287
28.320673,17.226158,14.437937,103.147820,30.279329,124.914970
30.575296,18.701096,24.767954,175.559464,43.827175,32.249889
5.291054,4.165862,2.896953,1.217747,0.353509,1.322321
36.755581,24.933264,13.213188,83.064766,20.166239,10.672470
17.210611,11.884487,6.435685,3.581078,1.636303,5.082309
13.037315,9.027847,5.611362,7.633464,2.026733,2.201118
20.890833,14.598144,5.611241,23.522678,6.110364,8.438499
12.732389,9.035448,4.931051,18.309952,5.702692,8.150760
32.094677,22.012621,10.903973,9.101925,1.366446,2.176953
22.362556,14.669453,10.548412,71.357559,19.250055,14.156645
14.462981,10.466901,7.634508,31.455334,7.909032,5.579165
28.756477,19.419870,7.460274,46.226067,9.581793,7.276137
27.790033,18.926819,12.984828,48.584064,10.671757,12.104103
11.088318,8.245076,3.320157,16.083723,4.359817,6.170676
37.483135,24.830345,16.223341,46.830765,10.052428,7.330152
10.221161,7.054862,4.739977,17.208717,3.303930,2.782305
6.065051,4.162706,2.807587,2.951446,0.477686,1.263149
11.078077,7.123414,3.473254,50.960903,11.195084,5.808982
39.910423,24.227848,28.894979,236.643250,61.536213,81.789986
9.429489,7.091766,4.240281,31.961617,7.760465,9.110352
12.062379,8.061611,5.048017,53.876293,14.545922,9.049071
6.951148,5.100379,6.133764,23.159639,6.818876,10.647522
19.667843,13.810629,7.165472,36.027843,7.974430,7.784382
12.039032,8.001594,5.228754,48.880585,13.841024,15.808707
14.479768,9.562732,22.551844,115.641960,30.821220,69.151711
16.583050,11.912061,5.028636,34.776966,7.860586,57.703468
11.070452,7.625529,5.308928,3.374972,0.527084,3.039792
19.067759,13.094553,8.851600,62.935619,17.136677,57.953850
7.667937,5.538737,4.589760,18.245716,2.998822,7.020091
13.351146,9.211639,4.213975,34.358898,8.078185,6.226017
28.909365,19.337610,10.838794,31.131990,8.142729,9.069158
8.785021,6.142299,3.689318,6.999366,1.453382,3.786002
54.559643,28.881735,22.312084,197.149277,46.164299,35.410007
4.676605,3.351403,2.498169,17.743650,5.524102,2.595048
21.993912,14.077306,22.021095,104.789116,27.936180,41.070282
54.053204,31.972155,23.594500,127.474220,34.127602,38.140373
23.366215,16.290022,8.810026,36.794533,10.094804,7.080588
10.635410,7.629842,4.444220,30.653980,8.606433,4.629053
10.992656,7.555996,3.952176,18.924194,4.756238,7.843906
17.651121,12.060893,5.956955,22.657740,5.952699,3.701411
16.718170,11.493547,6.047424,51.614067,16.435959,29.821505
22.017944,11.016050,7.567999,36.644848,9.330545,9.827095
16.852226,6.264400,7.081705,44.507187,9.822982,5.903175
36.936554,22.642895,27.481741,142.467972,35.582508,37.391853
23.186859,16.047455,8.259727,84.119453,23.341507,9.252558
10.926446,7.662571,3.965512,26.419575,6.424562,4.118679
11.604228,8.011644,9.228105,6.339126,0.941276,2.111172
18.425308,12.526816,15.354436,57.756283,14.642109,8.044787
9.664735,6.739585,4.988889,23.060204,5.560569,1.897525
14.671061,9.825621,5.215718,33.155003,8.209789,21.266933
35.327988,22.769724,12.145536,48.930485,11.114934,23.033575
36.466049,22.813745,18.768827,87.354698,20.743210,15.592861
8.395879,5.951396,3.137734,12.662772,2.685957,3.417829
18.720657,13.308281,6.586884,53.407177,15.633108,5.632109
8.248296,5.638903,2.563753,17.013254,4.115622,6.240857
21.122221,14.621064,5.912085,44.698799,11.752342,9.720684
4.462156,3.459784,2.597788,1.282761,0.234721,0.397098
17.901356,12.282999,5.360415,28.783600,7.281470,20.820351
19.127625,12.726229,5.701687,81.675552,23.351965,10.388453
29.804739,20.668739,16.514994,154.711533,40.037392,24.925669
29.522989,19.293915,15.552881,104.947250,29.043703,28.297907
31.320412,15.135180,7.317475,36.898544,12.379823,11.618567
34.688862,20.160513,12.725692,82.965744,19.001303,16.202374
7.413647,5.095294,3.670540,16.872673,4.267412,16.175388
30.244404,19.783508,10.940645,70.579498,19.236311,10.147914
27.041401,14.716957,15.658077,28.758850,7.459003,32.393688
23.647743,16.125135,13.032257,66.935806,14.482454,16.349598
5.691094,4.122469,7.326548,59.837070,16.556498,4.813603
12.852838,8.982385,5.969879,17.624229,3.457722,2.329240
6.107341,4.370862,1.937220,10.078382,3.009384,5.373844
11.718931,8.682890,4.441885,3.503105,0.036898,0.353939
29.150967,19.660639,9.977472,57.436737,15.630013,9.813437
23.085964,15.904000,15.538793,110.242836,30.494436,55.128250
16.119654,11.216423,10.601464,67.945671,18.442926,11.721663
14.022362,9.827883,5.870696,62.423355,17.127983,12.754759
10.966050,7.982542,4.102277,26.489357,7.134833,3.465141
16.440456,11.659502,8.161537,15.487847,2.752757,9.827962
8.802157,6.031598,3.692056,14.990936,3.823022,9.261744
7.550684,5.628684,3.785469,13.726093,4.724908,4.661896
9.447798,6.695112,4.472160,13.804337,3.145033,5.072149
8.817041,6.407790,3.665372,38.918629,10.855154,16.179186
23.159830,16.057888,6.170221,38.081039,9.850069,34.541260
24.705496,16.392628,25.701317,165.761154,40.511425,93.874451
20.578568,14.256721,7.486138,78.462234,21.944677,11.129942
10.022802,7.439390,4.534755,16.655603,4.665247,14.349190
35.824825,23.907234,17.430119,86.804161,23.854296,128.032425
23.036028,15.468763,8.322436,50.420689,10.025272,12.220532
36.548874,24.385469,13.731977,76.389076,19.928968,22.980087
16.188406,10.735274,6.242598,22.046476,6.013133,7.365563
15.032366,10.359188,7.180256,17.432581,4.306159,8.247490
12.431034,8.220068,4.128297,38.206654,9.825201,21.295874
5.106143,3.264298,1.783450,6.198531,1.695119,6.217723
18.057379,12.183153,12.791821,74.529976,17.346643,46.762512
17.284552,11.878841,5.337585,26.682877,7.779756,6.907135
5.844334,4.161408,3.133247,1.955629,0.112222,0.757820
16.881147,11.555199,9.297648,52.116127,13.457006,8.570928
24.571373,15.692146,17.111279,136.702972,40.337017,69.913429
10.377732,5.425503,4.109726,50.618076,12.104311,17.174343
11.389771,7.543971,4.559988,5.006398,0.377892,-0.236185
38.064667,23.692280,20.809839,100.580811,28.750404,146.352661
10.413627,7.486229,3.377821,22.562910,4.958836,12.338460
17.998156,12.415623,11.050063,40.375408,8.826743,15.502979
16.715345,10.989256,15.634494,80.968666,18.735640,18.311918
17.080709,11.637506,5.911400,41.742905,12.442361,17.004599
5.460270,4.141346,2.505436,13.271029,3.843420,17.789280
39.973289,25.560545,17.463037,98.096840,26.386000,99.899422
12.666954,8.396974,2.964937,28.776886,8.169374,19.136662
4.456728,3.347270,2.311466,1.231157,0.033082,5.398671
20.791958,13.850704,9.402931,76.718590,19.792150,48.958813
64.198349,34.442497,76.869621,518.229553,135.251526,183.927719
10.812757,7.586080,5.126191,23.656986,6.134403,3.716359
14.785762,10.643488,5.848074,22.040575,5.655368,29.797201
11.381214,7.876137,5.499974,13.455659,5.162133,18.324911
34.964787,23.178022,12.179646,22.469164,5.021534,18.926060
31.527191,20.585674,26.122557,184.751007,49.822758,81.538506
63.048824,32.826172,122.992065,693.137878,175.301575,133.478928
25.533501,17.450974,7.461073,34.039791,9.385660,8.796054
6.333714,4.520813,5.405719,24.288189,5.303559,4.251668
23.103477,15.556862,9.332253,7.896591,1.029297,6.520091
13.802933,9.507156,4.670035,5.698472,1.208081,13.561663
28.855024,18.803307,35.262466,223.031021,68.395714,410.713074
26.979801,18.573517,8.014168,43.767525,10.727931,27.303509
12.091961,8.731488,5.461879,17.467911,4.947108,9.153750
38.675823,24.919470,10.288277,61.200867,15.001079,8.752788
22.550013,15.481608,6.737404,26.556507,7.800387,93.609634
18.842180,7.949331,6.405775,4.917129,1.146012,1.984528
17.712896,10.012630,5.842409,6.217736,0.585678,1.585417
79.311623,37.818428,64.262535,350.271179,95.972878,327.946625
32.267757,21.462254,12.720353,128.341980,31.698059,13.669249
4.371425,3.232394,2.650005,2.100247,0.240922,1.616745
8.389174,6.070539,1.794423,35.653225,10.146764,3.691785
4.973661,3.807478,2.888207,10.428184,1.734137,1.227624
15.024472,10.533700,6.640949,2.480701,10.123392,1033.800903
13.633839,9.146731,4.204385,47.714409,12.884679,31.285751
10.381934,7.467415,4.522222,53.555664,13.690001,6.929881
27.977993,18.327850,11.711966,35.562763,9.232656,3.981888
8.755392,6.162014,3.431021,94.866966,25.752260,15.957987
9.875260,6.987221,4.172258,26.772287,6.395250,6.282169
15.233872,10.746722,7.087819,70.274246,18.266758,15.044774
5.612267,3.821660,2.789238,1.976711,-0.108916,1.452619
24.637289,17.095085,7.570010,8.594397,1.793396,11.853707
23.819618,16.010368,19.093590,105.542740,28.282192,8.538144
12.689012,8.706805,6.792568,10.913478,2.581380,7.170053
43.870224,28.577835,15.100490,55.868549,13.394174,9.106269
8.044069,6.154062,3.057116,41.078552,11.223738,5.853063
6.041750,4.369325,2.701197,12.781898,3.840171,2.665034
12.216836,8.206304,3.491923,32.545345,9.600226,6.290941
6.050735,4.406254,3.047796,2.297716,0.185125,1.490124
25.700537,17.348862,14.670776,95.106941,24.436148,78.133484
20.101715,13.872246,8.620461,8.672720,1.803931,5.721140
24.743040,16.973265,10.344994,83.636559,20.501478,9.220198
15.326546,10.823305,6.072913,36.701954,8.669951,7.269791
25.962147,17.990961,13.446167,45.295494,12.999032,50.770191
8.737516,6.222627,5.122662,21.468657,5.399089,8.880883
11.115090,7.927654,3.132569,39.206593,8.552699,8.359968
49.743744,31.704277,20.193319,129.519012,33.799824,12.493266
22.617367,15.295139,7.122370,62.776947,16.673435,19.025265
25.672310,16.758089,15.334106,134.064041,34.144501,53.625965
6.591833,4.548838,3.592973,18.991076,4.788722,10.656665
5.205130,3.805144,2.639594,24.071445,6.841720,3.302918
10.937393,7.382226,4.071320,58.015751,16.744839,16.931162
72.684311,42.863560,61.876114,213.505524,50.255283,35.489231
21.514229,15.143136,6.901760,28.232428,7.336228,9.491958
8.940218,6.101831,5.016850,31.115156,8.318203,5.185370
9.676529,6.595446,3.329269,58.519043,15.483498,2.278339
14.061485,9.731174,4.321128,69.165390,18.718645,5.741854
25.716997,14.369182,11.005005,46.949894,12.807291,38.255539
28.027328,16.517700,13.701596,80.426414,19.260750,25.309256
10.497559,7.191269,4.448925,30.568043,8.034639,3.008781
4.844494,3.634785,2.194649,3.966292,0.692182,1.520546
16.438801,11.321909,4.932778,44.964317,14.421633,8.006200
6.331993,4.517788,2.555578,1.831110,0.331592,2.578898
21.445902,14.955060,7.371513,25.447048,8.741138,18.386789
9.875814,6.913602,4.087657,17.734287,5.047595,3.605899
7.927957,5.475273,3.153885,3.644745,0.690047,1.913221
5.288347,3.572509,3.414256,14.238690,4.339701,1.607371
21.267595,14.786985,19.336140,146.568970,37.292553,23.483337
44.257206,27.993460,17.030951,85.321571,19.535582,23.396744
21.718277,15.414305,9.824490,57.636475,13.150087,35.508755
28.444944,13.824697,12.711706,111.139771,30.809692,11.283654
8.786747,5.802753,3.227392,21.900116,5.428505,2.980949
11.864571,8.147739,3.525385,26.846157,6.481598,4.548697
25.979744,18.468500,8.986428,8.073680,2.194039,1.429025
7.739460,5.522369,3.055957,12.493422,2.823153,11.226392
4.566812,3.173986,2.545105,4.087466,0.828911,1.492961
16.447035,11.168584,5.560906,45.430859,12.282584,43.635014
19.356134,9.532229,9.073820,42.061478,14.292599,20.128342
33.245285,20.001410,26.630148,193.491776,47.818989,52.973839
32.451000,20.636658,29.618517,158.001709,37.323235,36.688866
22.414183,15.286700,6.377726,69.490906,19.356569,13.900927
23.848139,16.327826,8.146584,22.727037,5.633980,6.938885
9.588291,3.897500,4.487257,6.109401,1.816436,2.184337
9.702980,5.228801,4.503499,13.543627,3.468637,3.246933
4.795362,3.393863,3.005049,36.960732,10.450367,13.677810
5.595039,4.043832,3.068686,10.281168,3.129709,2.333934
21.784451,15.275282,7.962193,37.903412,9.924074,21.633665
15.235678,10.426708,6.042209,23.764530,6.230374,39.669281
18.603142,12.513349,6.472379,64.594551,18.685385,58.762436
29.396753,20.072601,10.384119,41.704002,11.860250,4.738852
47.290871,30.549244,13.448533,63.021912,14.486094,12.224438
14.563712,9.887210,3.665589,42.853764,10.504072,32.862549
13.488872,9.346453,5.617919,3.313454,0.718447,1.665837
16.396786,10.893667,28.603426,162.014420,42.177486,61.325291
8.864010,6.249856,3.194685,21.659382,5.600798,2.882755
13.682285,9.608319,4.862088,11.060706,2.456481,3.172484
27.341759,19.043556,9.852954,27.982399,7.542797,26.160179
12.025107,7.857403,4.457325,3.676915,1.165692,0.780271
37.289658,25.037966,14.759610,64.217484,16.585920,62.071514
6.296572,3.017696,5.358608,41.104897,15.242475,7.467587
5.499351,3.273766,6.323468,111.968758,29.267691,6.765509
7.067106,5.029195,7.589558,52.563362,13.561286,13.701172
6.842972,4.849411,3.994635,22.002367,5.446483,2.558972
22.036028,15.426270,10.034824,63.358704,16.273817,13.286168
21.809734,13.567538,37.269371,164.690247,48.673107,118.076317
22.327068,15.022340,9.087518,62.429344,19.508009,108.295937
10.573204,7.326260,5.833767,11.039564,2.913691,2.436142
16.334858,11.417663,6.611183,23.245283,7.151727,6.831525
73.435623,41.294430,64.381340,278.511902,78.625923,169.965500
15.053943,10.848665,5.227730,30.573336,8.324167,13.425360
24.258366,13.906274,48.121372,257.135529,68.806625,71.237045
14.576568,8.704270,6.869259,27.166504,6.639804,21.825899
24.837933,16.528339,6.965950,87.318832,22.623270,15.427534
10.690535,7.615435,4.927626,32.805416,7.429528,3.175839
28.551939,19.393459,10.001602,43.281372,11.552120,19.066374
16.058386,11.237715,7.021164,35.519539,10.168746,6.789152
24.051264,16.419567,8.197298,6.782641,0.773373,3.571092
20.651966,14.258561,6.794617,40.674515,13.098360,12.795169
27.151035,13.675558,11.376701,55.914280,17.861727,13.239715
27.668245,13.820178,12.303648,73.524315,21.356432,13.692279
9.187611,6.570668,5.189204,22.995497,6.755599,3.774471
49.595142,31.307339,46.808151,334.272614,84.683281,55.922855
10.636022,7.649745,3.986421,19.230778,3.635567,1.541871
12.937979,9.067568,4.206954,19.001711,4.998986,4.488515
4.821398,3.422724,2.666716,27.705614,6.032110,4.327604
21.979391,15.347716,7.390087,38.009838,9.453299,7.385242
44.756413,26.977270,15.630642,47.943634,13.331660,23.312511
13.583864,9.444138,10.562491,42.905571,10.895496,7.334249
13.005046,9.075098,6.036353,37.771969,8.866422,16.057943
7.208997,5.126366,1.846719,9.499602,2.273061,7.676251
6.335657,4.642593,4.360309,58.479828,13.824404,7.900131
17.925211,12.712388,8.601808,58.594860,13.559548,11.357328
11.927142,8.077463,4.435666,59.158028,16.866037,6.688825
12.525990,8.938967,2.260362,10.668935,3.074786,7.879285
12.104184,8.606724,5.036905,24.389469,5.976397,16.592346
11.192086,7.464449,9.660847,33.019432,10.720020,57.200008
22.548668,14.725250,9.898974,38.456104,8.631096,18.582954
24.328350,16.734257,7.941792,60.956120,14.741045,8.727043
21.937469,14.877638,4.748281,47.202568,11.972994,25.051908
11.035902,7.675433,4.808993,50.480274,13.615670,5.179327
17.484589,12.148115,7.238768,27.070900,6.149586,15.900477
13.249847,9.162144,17.982288,86.515762,20.988388,28.333044
5.899990,4.089007,1.404369,15.551857,3.551384,7.802909
18.084749,12.150665,6.868324,33.217350,7.731370,11.825781
10.061967,6.973432,5.482218,19.682156,6.013780,4.537932
19.590792,13.635487,11.258190,88.824570,23.688236,33.292206
13.018785,9.109091,12.845259,88.288239,21.296652,9.640571
8.295219,6.127208,1.984291,47.151718,10.852500,6.325634
31.735464,21.531950,11.130062,14.002158,3.257066,16.855511
13.813304,9.799024,5.794188,60.810570,15.317424,15.393352
10.921099,7.579979,4.260859,36.793541,8.647426,8.728208
20.943886,14.390753,9.612464,50.646214,13.236844,6.839581
11.476912,8.110399,4.109897,22.559109,7.873611,9.551410
18.499760,13.328259,9.265295,34.128288,9.073088,23.948605
34.047699,21.172846,11.366257,51.310753,11.560551,8.286786
11.566155,7.996572,4.046593,27.166565,5.998911,4.482380
6.432375,4.411709,2.864637,0.776605,0.176230,1.671782
16.816196,10.132736,5.592203,28.391396,6.977498,5.886079
12.440321,8.128834,4.595389,20.724964,3.888001,2.078346
22.860600,15.388853,16.331120,67.608284,16.410645,13.193813
15.134579,10.447114,7.175622,56.667973,14.489956,66.654663
6.896022,5.057497,2.057705,20.747705,5.784040,5.385761
8.256098,5.998725,4.348007,31.159542,7.039913,2.440664
38.062061,21.407537,59.901981,256.843903,66.282143,283.015533
25.123325,17.369158,15.727285,57.593746,16.233412,19.917664
10.459193,7.035755,3.978386,26.764347,8.099062,3.417640
20.752939,13.721911,6.967644,48.946995,15.274462,50.101498
26.916880,17.830416,9.527787,45.955276,11.791179,17.545412
16.039080,10.904054,19.099928,55.529652,13.110994,24.056299
28.613577,19.816591,10.186575,66.862801,18.847685,4.859972
21.038839,14.648013,6.593495,63.399284,16.426786,7.554923
13.273288,9.121716,4.663948,15.008404,5.008191,4.310486
15.082652,10.528559,6.943104,4.762349,1.163323,1.300679
25.834682,17.390509,11.915850,59.652122,13.869544,18.980825
21.718954,9.470999,8.542336,53.928024,12.648755,5.800566
15.373336,10.898036,5.652419,22.033148,6.512033,4.399973
16.885729,11.995028,5.520274,17.278580,4.733673,6.424667
28.588800,17.464315,54.403687,296.402191,72.226357,58.816795
12.082782,8.474578,8.514234,10.148658,1.900212,4.230409
27.512180,18.590158,8.481936,28.466269,8.233373,6.294934
29.877884,11.812889,14.631220,34.800358,8.432487,34.554504
28.472858,14.095430,13.327465,56.322258,10.748599,45.075012
43.697437,27.189760,71.792389,405.912598,107.886757,98.500710
29.310780,19.645679,10.946729,34.978268,8.569025,10.220607
59.519978,28.143173,16.669523,153.675217,33.551041,19.350456
16.681705,11.879846,5.142093,24.829777,6.001477,5.983928
10.458978,7.178293,4.914883,27.958746,7.712554,9.841585
13.358054,9.202352,3.739619,27.703381,8.241203,21.439003
18.547281,12.491389,14.331056,14.812991,3.497058,6.410897
24.130270,16.256102,8.627039,43.829384,10.208694,9.088920
46.894283,29.171469,33.870205,156.403763,37.166019,34.555515
31.247389,20.830805,19.654850,104.737274,24.450605,29.822865
8.830677,6.245617,4.090059,10.566220,2.639301,3.432724
4.816634,3.424762,2.408201,19.254318,4.392248,4.127018
15.473892,10.343104,7.715819,8.939719,0.611024,3.370971
40.545956,25.536915,25.224476,133.240677,36.272003,223.028122
13.783349,7.530184,8.293945,20.266499,7.089814,30.426926
33.438953,20.864988,32.255165,136.611603,35.098488,21.313953
30.490717,20.593712,10.701646,31.622156,6.994376,11.655443
21.484652,15.013765,7.368257,26.781742,6.396456,8.337161
16.466602,11.408507,8.001082,12.815209,2.536217,6.459652
17.608297,12.583197,4.713468,28.819027,6.483252,21.925920
14.874996,10.448154,7.921091,48.650471,12.327588,9.515787
6.117038,4.340352,2.081867,1.257781,0.323456,0.854617
17.298389,11.845354,7.615932,35.978516,9.966478,22.008934
20.817842,14.864771,8.108056,19.273760,5.317616,2.234128
17.421312,11.725458,7.258299,65.861259,16.987158,9.419292
7.384385,5.552833,2.635561,27.744118,6.705871,0.345298
20.947712,13.988356,11.115238,27.244852,7.520956,23.677137
17.801006,12.008708,4.100113,38.271492,8.991703,7.113110
15.886465,11.196746,5.116645,30.034369,7.832106,7.492482
8.722398,5.924934,13.042657,52.485786,11.659500,6.522753
26.696016,17.825125,12.247429,160.310928,45.572659,14.972705
4.784384,3.254575,2.369446,1.972081,0.639817,1.047916
8.577943,6.237040,3.751645,15.814254,3.370070,3.202115
15.418962,10.993680,7.683563,30.315048,7.312573,5.854509
5.499342,3.805323,2.683193,1.178258,-0.020667,0.321106
6.519004,4.808507,2.600995,13.692684,3.472816,3.851951
7.074326,5.099213,1.427717,13.528992,5.237458,12.502916
8.139004,5.767344,3.400562,11.771011,3.739840,3.563980
11.826591,8.356649,4.031977,48.186577,11.436697,4.228256
8.249205,6.079752,3.578145,10.428997,3.092315,4.522045
17.988577,12.031564,6.743142,37.670208,10.800619,9.361897
22.175470,14.362454,22.294048,74.469246,15.580315,12.822051
6.839545,4.682133,3.936580,25.058138,6.469735,2.625102
22.047062,14.410357,18.746447,168.142044,44.334885,97.037659
5.855088,4.351041,3.561742,0.914439,0.236067,2.023321
20.519384,14.215301,10.833914,35.576538,9.913334,8.151665
14.633987,10.300308,5.465612,78.091469,19.344522,28.931744
9.476824,6.486587,11.748091,76.704857,18.962845,11.986362
15.076391,10.400345,6.080923,10.836394,1.982525,8.225821
13.513187,9.471502,4.950926,12.037317,3.394060,3.426726
13.221753,9.328260,5.287832,16.359705,4.756443,4.826066
10.766143,7.350958,11.350420,92.114777,22.757996,16.533707
25.484108,17.677750,12.507726,189.308868,48.497860,15.789155
5.137153,3.467349,1.924454,19.105209,5.408195,1.949073
37.638695,23.070765,58.567978,371.689514,103.245834,187.116135
35.973042,21.252007,36.844200,147.134888,40.194324,122.646385
20.100311,13.819180,19.625813,101.055855,23.518772,26.776333
4.839784,3.264806,4.194613,45.838455,12.694160,29.401693
14.967097,10.202933,4.548691,52.799400,11.531896,4.767669
21.634306,14.613644,8.061265,45.582062,11.804283,7.719510
20.513214,14.039223,11.981958,27.957195,6.922732,32.361465
13.602128,9.773549,3.450632,28.405752,7.311499,5.741923
34.832504,23.370638,9.985460,35.053932,6.293452,16.181652
18.593977,13.281240,4.448197,20.456644,3.896120,10.869116
10.239012,7.369542,3.759214,13.306353,4.567626,2.676738
16.946598,11.452522,6.522438,64.593536,15.503195,9.841255
25.685818,17.748278,7.583279,57.588348,15.624206,7.344731
31.410698,19.915382,15.355063,96.210587,26.317408,57.480549
27.082672,18.322922,9.112342,43.368057,9.765133,14.851352
24.386000,15.808502,10.359816,51.113319,12.883402,47.208649
34.872467,23.995655,16.900175,170.448456,44.910164,91.843361
28.597315,17.164640,37.664410,229.511719,60.306534,48.452583
12.246510,8.870145,3.797497,1.970356,0.021956,3.050352
16.663034,11.788488,4.741424,23.918924,5.152230,2.533699
10.822791,7.578339,9.342618,81.054153,21.374794,40.712658
10.688218,7.811904,3.461858,17.761412,4.142917,1.811124
21.742935,15.326577,10.651415,59.046120,13.464782,9.638711
15.446744,11.349155,8.192963,66.546104,20.084038,55.691589
10.676414,7.727717,5.594272,37.790127,11.454821,19.212132
16.940950,11.898843,5.034893,55.057583,15.829984,7.756662
9.497957,6.795749,5.840635,32.034286,7.443561,4.494663
34.620232,23.785326,12.150305,78.630226,16.374645,6.770397
28.778753,18.867414,13.379692,83.902473,21.301487,61.493889
21.981081,14.940183,14.216108,52.224392,16.262274,12.585413
10.950598,8.032433,4.770756,15.062352,4.042327,4.396215
10.848925,7.541908,3.403911,6.816666,1.019568,2.607070
9.685905,7.027369,3.916895,10.914446,2.363774,1.704344
7.734618,5.791691,3.902388,21.080738,5.209288,3.890204
18.985897,12.515715,8.440594,26.032949,7.190231,10.528722
12.805208,8.994172,2.457279,13.096721,2.722677,5.639961
7.838886,5.796395,2.397121,14.928666,3.846578,7.970398
16.540323,11.417249,10.363260,81.798256,18.600578,9.383943
12.774198,8.695570,4.815436,41.629066,10.101641,4.064529
15.952693,11.566065,4.920713,51.186798,11.024437,4.671542
15.015348,10.520361,5.332414,57.824505,13.491158,20.772825
34.803192,20.707380,13.476159,99.813637,24.683701,17.021669
43.518497,28.508343,30.938955,109.977707,26.025549,34.218437
50.515873,29.599916,42.739899,254.786011,62.106293,191.694305
43.746456,27.336769,22.647327,134.101959,31.982649,25.899141
26.576780,14.674854,14.643050,66.577087,14.148555,6.829070
16.727674,11.471395,4.230066,24.955799,5.909669,13.721954
5.101819,3.496965,2.416423,13.679671,4.746351,5.270431
7.826182,5.607245,12.758935,128.024536,36.398838,41.580444
10.085788,6.794665,3.203177,37.894699,11.152779,7.389341
18.330458,12.403243,6.315475,29.913330,7.191956,13.120985
42.325058,27.434933,24.902517,96.146248,26.656059,33.824123
52.717712,33.771706,14.262994,101.502228,22.975185,22.792612
36.117790,22.372362,46.100384,329.074585,86.584106,159.335312
19.486357,13.161627,6.144697,26.321047,6.957229,18.644249
49.283188,19.804152,53.186840,315.515991,85.542831,64.837341
29.841291,19.868425,11.403605,64.074829,16.737934,14.382598
22.964832,15.295723,10.323039,125.265999,31.678400,16.435900
9.183084,6.605799,3.962391,12.665118,3.476407,12.153293
39.817154,25.547712,14.987489,100.805702,24.391972,20.299726
33.870808,21.990782,15.290320,68.056923,16.155457,12.217607
15.737802,11.145158,5.356535,15.151910,3.916883,5.502227
94.637978,49.946377,115.260414,724.410217,192.457901,351.080231
9.617908,7.041638,6.175515,25.539806,6.487099,5.766829
10.786388,7.839016,3.686557,41.525112,9.948168,1.410983
8.320245,6.016398,5.000324,35.785568,8.536091,4.362485
11.322302,7.870800,4.878054,13.606813,3.381919,2.752944
6.168858,4.565434,8.100574,12.704514,4.054988,7.109674
26.972513,17.598207,13.599398,41.943325,10.718843,9.709648
17.886238,12.562138,4.756374,22.782091,5.673075,4.407938
22.899902,15.434156,9.640012,38.536831,9.046999,25.378424
21.403543,14.399757,12.744203,15.799815,3.147133,9.182197
5.095065,3.440876,2.280287,1.525908,0.527420,-0.530977
14.377158,10.413008,8.352861,67.852043,17.040953,49.595459
12.609072,8.976295,7.935567,37.664837,7.015225,6.392846
11.169348,7.896509,4.536997,20.687315,5.596593,20.263674
7.764938,5.813855,1.851788,10.303495,2.409482,5.611329
5.700167,4.244401,2.619373,25.911425,6.293244,2.387495
4.363667,3.009646,2.207083,12.233054,4.856045,1.841646
12.679760,8.687988,4.374053,33.400002,10.159905,17.522461
26.412731,18.131367,8.963479,49.956703,13.804118,6.008192
31.782635,22.095047,8.388560,31.948559,7.672647,15.933776
7.935968,5.270536,1.852389,10.967893,2.975511,6.407888
24.479321,15.477772,27.213564,171.770187,43.443115,29.413391
25.080877,17.299038,7.325500,18.008543,5.126565,7.351797
19.941940,10.293864,7.838398,21.064659,5.801186,16.179859
14.047001,5.717524,4.797445,22.515650,5.310064,12.799160
27.219446,18.588375,8.997542,36.678082,7.975609,5.163051
26.533026,17.852718,11.864874,46.484573,12.298849,28.055330
21.614542,15.038897,5.054615,53.365273,13.547749,5.820264
25.024767,16.683075,16.112434,134.690720,36.706059,136.100357
28.806868,19.504541,8.854909,43.400105,11.005545,18.022606
11.848401,8.319713,4.502240,14.289853,3.105635,5.200034
9.780329,7.045164,3.679265,5.221165,1.303528,5.471289
9.255819,5.093238,3.246294,27.511559,7.617748,10.329022
38.552753,25.541073,10.796835,71.569931,20.626799,104.665253
7.990503,5.986136,3.241215,16.121897,4.854171,3.730691
34.192287,18.378399,14.320320,101.189354,24.526375,12.159045
31.861298,19.839512,45.321365,265.063232,67.756348,41.913643
32.581093,21.742743,10.724225,112.106873,24.379238,21.623615
83.333809,47.991081,90.826462,406.637939,105.910919,129.590256
19.157206,12.919199,6.132266,47.826687,12.345966,6.161870
13.773443,9.134465,5.453525,42.414574,10.377808,7.684673
4.344730,3.084982,2.504961,44.374920,11.033555,2.287593
12.397791,8.826852,3.889974,46.897671,11.675303,8.146097
8.826602,6.501164,6.557297,29.498978,8.611182,12.341405
11.645441,7.879332,5.823322,50.339172,14.770061,15.721196
12.808863,8.827735,6.464838,28.325300,6.661670,17.605175
8.197188,5.906384,4.216271,15.456786,4.149607,18.488462
28.199493,18.536238,7.780507,65.414627,16.082697,14.713535
29.849632,20.250658,14.071469,52.789677,16.470751,35.016720
8.833669,6.336764,4.986304,19.886946,5.331673,2.931500
19.782175,13.655448,17.624760,149.869949,39.215740,29.983175
28.305000,19.206808,10.186541,45.809128,13.226249,61.324165
17.580311,12.069239,6.845661,81.260361,19.126070,13.502771
5.107021,3.855847,2.981377,6.058681,1.037553,2.022846
8.409891,6.117247,3.758120,23.467537,6.927422,3.505409
11.723836,8.014198,2.942750,11.925315,3.345252,8.178805
18.144924,12.217832,6.078632,46.729027,13.167587,15.079128
18.780352,12.671951,5.787080,32.072327,7.881737,7.654937
31.813082,21.393332,12.187158,60.263588,13.179002,18.693472
10.684382,7.455025,2.462307,10.751633,3.613434,25.715143
10.402312,7.083344,4.583074,12.814170,2.600807,4.938285
34.288620,22.958647,10.482121,68.009300,17.649235,57.114006
11.373983,8.202100,5.396574,23.673130,6.888513,11.335817
11.953640,8.500436,4.278255,3.666711,0.998232,0.795063
21.406544,14.657301,8.509430,76.404099,20.005409,5.890765
30.335382,17.692226,32.706142,237.479874,63.192680,147.872055
39.685047,26.623844,10.555840,31.823690,6.717092,5.834311
15.374574,10.251431,36.769394,249.475021,64.197472,194.357986
5.733306,4.057158,2.638042,19.960581,4.623987,1.517376
18.473101,12.779652,15.776873,67.630676,16.444941,18.196167
22.232521,15.017566,7.202415,68.971306,14.936242,35.498756
35.456596,19.859245,22.165586,141.118149,36.021420,23.613352
9.479953,6.428527,4.186068,1.569500,0.757372,-0.663625
34.097599,23.298424,10.221178,69.457748,17.116302,17.393744
9.494311,6.809367,4.137234,13.946844,4.226154,7.440188
13.452964,9.301454,4.878842,54.455154,14.102823,8.910131
9.320728,6.744405,4.234330,17.062176,4.270820,4.067642
18.481441,12.985222,5.226427,14.002818,3.797248,5.747077
11.585930,8.348429,3.319358,14.355198,3.818190,6.342856
30.917021,20.077251,14.487179,75.191292,19.635641,19.881992
6.274199,4.358881,5.906053,26.341133,5.380886,8.710784
43.419796,22.379393,15.965872,46.298660,13.053692,8.489848
27.851738,18.739698,12.309478,14.398156,3.184592,8.305267
22.101191,14.423920,11.952662,48.364780,11.696638,17.226959
25.782677,15.173777,9.134969,32.978115,8.624118,22.587831
15.735604,11.133558,6.629838,32.154533,8.776266,8.663689
12.979087,9.177898,5.363408,15.584188,3.944334,3.208955
12.399197,8.738203,6.393888,14.681463,4.023079,9.183238
10.640841,7.470739,4.306230,26.491838,7.469845,13.020670
16.054729,11.614551,4.426077,16.512434,3.537776,8.318028
23.475927,16.375908,12.377599,29.380205,7.530937,8.257482
13.768546,9.750636,4.065811,22.773090,5.411070,8.085750
13.197458,9.119512,5.280897,11.963594,2.581364,6.845043
7.976667,5.265443,3.703393,12.931430,2.804956,10.196184
20.034269,13.789148,6.568705,33.630692,8.415107,29.025597
22.676178,15.211466,7.421561,84.378242,22.199846,17.669699
50.780674,24.283598,23.658617,80.492088,20.519766,40.776146
12.060706,8.499245,7.674682,31.004351,7.574298,8.117797
9.640110,6.730941,5.928041,30.320919,9.061849,7.546951
22.880281,15.812883,9.929972,33.669277,9.331894,18.991913
47.412022,29.326038,28.893522,154.856918,35.963974,28.651201
9.266972,6.725778,2.081002,15.977310,4.583887,4.097612
48.147190,31.862774,14.635214,69.745430,19.873129,53.841660
11.613053,8.475381,5.104022,16.645592,4.228627,5.750002
16.030058,10.289565,21.768658,67.530090,17.223915,32.526661
30.657974,20.071466,14.696836,106.602898,27.564241,30.732061
7.000937,5.103811,8.584394,44.770863,15.154329,62.570103
5.705442,4.112295,4.079914,10.802090,3.690336,2.355875
29.608814,19.825453,12.224318,152.513718,39.497837,16.728779
14.789398,10.319567,11.706149,46.726513,10.464258,13.189670
13.417949,9.496635,7.871484,44.695469,11.395840,18.808575
8.066960,5.501743,3.038520,8.835408,2.850559,2.960380
16.486269,11.375874,4.308234,23.390945,4.856677,2.631275
11.121339,8.367147,4.233332,3.434898,0.521681,1.629668
7.812175,5.657147,3.219070,18.055372,6.169831,1.799142
9.475585,6.901237,6.439787,16.962320,4.278964,5.075672
9.991467,6.990034,3.371244,45.450806,13.424667,15.967920
11.986469,8.280465,6.583961,87.902107,26.141796,9.865777
31.023975,18.848175,38.938404,114.488579,28.050667,31.724829
31.111143,21.633621,21.517914,136.439117,36.418613,44.399963
9.653256,6.859311,4.703244,11.793209,3.559314,4.132539
15.484219,10.976245,4.234347,23.930885,7.857009,13.426891
6.568682,4.793311,2.956399,2.643067,0.606404,0.740708
12.160043,8.324364,7.259993,34.140385,10.755250,12.509423
11.846599,8.237267,4.951527,31.437628,6.889201,3.803276
46.341072,25.050138,30.674145,257.129059,63.347534,66.917442
6.768838,4.844387,2.223571,16.996506,4.952138,12.295508
10.086840,7.209594,3.772916,14.424091,4.210898,2.429424
49.017021,30.291229,42.649708,263.609344,67.049843,57.667042
14.634530,10.178030,5.157131,34.930336,9.525872,17.004499
20.620029,13.990977,7.915770,90.943336,22.400908,14.769870
24.818964,16.673012,7.926327,40.607082,11.744343,39.389992
10.209671,7.197172,3.711013,17.144562,4.417882,12.776881
5.261156,3.758866,1.736081,9.792459,1.996777,5.186325
8.794004,6.145987,2.638568,27.114220,5.221483,6.864876
14.852054,10.109127,3.855841,41.081234,10.056778,5.802993
9.821869,6.582346,3.531840,18.248625,4.038360,2.254130
19.334129,13.251142,7.800528,29.853727,7.412010,27.156345
6.940591,5.070621,3.289813,17.688379,4.724513,3.045845
13.749534,9.850054,6.714647,29.925522,8.289483,13.354586
10.492948,7.703233,4.911671,27.675587,7.107515,4.262152
26.594799,17.742382,8.407645,53.112213,11.433967,20.168112
9.607780,6.812507,4.484686,57.933033,15.137338,6.560886
33.801544,21.717096,12.541025,48.326073,13.042962,14.359567
18.189072,12.268477,14.813612,63.357510,16.800463,18.620253
12.270293,8.414818,20.514776,107.622566,27.813025,51.455471
10.735937,7.737912,3.689577,31.231682,7.434621,14.560828
13.680099,9.704867,5.499261,19.266775,4.227496,8.399858
18.868010,12.649359,7.080649,37.805332,8.289015,8.006505
4.264534,2.920416,2.867589,5.007667,0.733324,0.877259
22.929901,15.808377,10.738426,74.232933,19.429245,18.417301
17.044695,11.538323,6.250004,2.283897,0.479734,4.651754
18.858349,10.670738,7.531003,27.293526,6.664857,55.215580
41.544849,24.686361,32.114326,89.724785,23.630816,82.167084
8.002254,5.443249,1.594071,17.629173,6.019203,14.166118
15.658008,10.787019,8.158310,7.020729,1.293364,13.923733
18.138203,12.365523,6.057363,40.666756,10.703677,36.916344
25.615107,17.329607,27.850147,110.088905,27.942921,27.682632
15.004495,10.938267,6.087973,25.473457,7.067487,6.515751
38.029163,25.086237,15.601892,47.477539,12.871140,69.654938
8.994349,6.468299,3.968367,11.727305,3.743823,5.170688
13.060965,9.456088,4.294386,40.454334,9.954413,3.639842
10.068517,7.258134,5.423864,22.584064,6.611536,8.351681
22.401411,15.149440,7.701067,40.954670,9.723556,8.847134
15.523359,10.646616,4.972565,24.023413,6.166066,5.716067
11.691497,7.988932,11.419365,9.426618,2.507190,15.438818
10.014920,7.337185,4.041356,44.694096,13.013104,2.735803
23.870481,16.481289,8.266845,46.311684,10.488437,7.301003
24.241638,16.893854,6.617360,67.108238,19.798033,45.252266
27.667395,18.026508,25.393633,103.568436,26.565035,125.239120
11.378985,8.250563,6.373170,64.603836,17.149136,7.550743
9.023253,6.015230,2.131473,22.238651,6.066174,11.214930
23.476204,15.828300,21.751856,150.360489,35.134659,29.837114
13.509736,9.464165,3.325303,17.156050,4.396101,6.409878
26.615795,17.235676,26.530334,114.803062,35.326317,74.488762
19.939493,8.279289,8.892273,48.752224,14.314595,10.026438
18.813187,8.191541,8.854083,50.043201,13.912165,9.543741
21.078814,13.921692,7.596325,53.300705,14.645591,47.749660
29.928516,19.550064,20.776495,106.990715,27.236803,52.536098
19.304480,13.176489,5.168918,39.259697,10.053269,7.326270
15.419348,10.924664,3.876679,30.583908,9.809770,23.855640
32.158417,22.368624,13.465099,52.251118,12.186981,19.812288
6.901875,4.848940,3.599218,16.023220,2.336798,1.927721
42.576900,27.432852,12.173202,115.063568,26.315983,20.368753
28.027891,19.184402,10.832951,148.609070,39.618950,53.430004
26.691776,18.106934,8.367121,67.118401,16.187502,8.352221
10.758938,7.403598,4.382689,23.362465,7.449109,18.446087
13.813400,9.534161,4.897087,15.291494,3.524702,4.713539
23.534010,15.823388,12.362024,103.937607,27.332722,61.734299
5.845607,4.355757,4.713455,20.063791,6.598993,10.103367
9.868167,6.980689,3.996812,43.004066,12.513096,3.140691
29.144011,19.871672,15.915949,88.076897,21.613096,25.754293
20.525179,13.840793,7.908357,56.254082,14.033537,21.917315
22.652433,16.313452,12.718414,45.728321,13.686858,103.115868
20.520361,13.720826,9.996411,144.023575,38.758293,9.886899
19.224337,13.582702,5.845041,38.765491,10.109183,66.486290
11.925543,8.167558,4.085235,20.426653,5.436576,21.368326
27.811850,18.862144,12.385929,81.456894,18.055956,13.093899
13.694465,9.818927,5.387612,2.325776,0.948936,1.021295
17.030478,11.362466,9.144361,67.576927,16.389975,8.582857
60.885155,35.950691,71.396416,452.839081,131.106476,207.444962
7.853429,5.361398,3.831428,20.850290,5.900278,1.682028
11.261481,8.173326,5.769764,16.964525,5.122112,6.775076
9.619656,6.554301,3.686539,1.118356,0.259060,0.099745
7.207768,5.069480,3.116964,9.400303,2.277850,5.853759
3.970524,3.155702,1.572075,11.812951,2.608112,6.208975
8.941602,6.328565,3.679308,2.164351,0.343663,3.735592
16.184328,11.128587,6.953274,35.146126,8.052650,7.443042
14.690961,10.482285,5.333398,13.519470,3.181487,5.946213
27.174652,18.033180,9.805262,30.865225,8.730583,23.096867
12.668710,9.195950,4.016719,25.529716,5.607088,19.084190
15.102016,10.370060,7.290636,28.073740,7.594574,17.410593
13.259066,9.332759,7.612265,52.033192,11.709575,10.471859
73.173233,40.800377,102.869980,594.542969,153.671173,292.148590
8.825550,6.144519,4.942566,18.195522,4.698173,2.832339
14.009851,9.698530,12.848283,85.084000,23.402773,85.861870
14.163634,10.384268,4.316977,25.785448,7.137290,17.035263
15.562507,10.711832,4.323346,22.751560,5.423040,3.161680
15.779075,10.985141,9.389014,14.839574,2.969838,1.086743
32.563988,21.567850,14.672603,156.155991,46.087051,62.977745
73.870956,45.479012,91.455170,224.922791,63.253323,274.560272
47.050781,22.106216,21.662703,131.486572,36.158585,17.501862
19.971392,13.274692,8.896646,26.046143,6.027391,18.605141
22.682528,15.267956,8.215578,60.372112,16.473814,3.932518
11.416146,7.774716,2.299984,15.794402,3.180781,12.148467
36.480270,24.844358,16.928726,126.864166,32.286243,26.269341
32.388176,21.260464,11.325920,57.177425,13.391246,13.397174
43.556618,24.681780,63.232540,347.330780,94.282059,181.635986
5.417752,3.545937,1.822694,18.309351,4.515154,16.968664
31.767384,20.934855,10.124283,57.776134,15.487232,46.417267
24.064016,14.321007,49.414471,284.490387,69.252060,44.085018
9.724236,6.907330,3.970305,25.737986,6.332124,6.236510
25.296175,10.804913,10.170912,18.071135,6.103092,7.767040
34.577488,20.177279,20.853634,91.851028,21.986605,14.096860
36.440083,23.867220,24.878136,113.109108,28.844124,19.677935
11.083084,7.875002,3.921717,20.956732,4.910328,7.402577
9.144401,6.434669,3.015960,15.177304,2.411533,5.254961
18.374111,13.005243,5.219270,24.373280,6.273167,27.734329
5.855086,4.433047,5.917530,38.832359,10.426510,7.919850
33.797638,22.546467,12.981034,71.290070,22.369846,44.191971
40.645729,24.817320,17.237494,114.345711,29.674810,37.838921
14.240018,5.917006,10.260771,61.420380,15.689164,18.457872
13.440305,5.987336,9.940071,63.719540,16.122223,15.468628
7.875528,5.506445,5.726072,8.321199,0.960376,1.347539
24.368649,16.304558,13.999674,141.725723,38.386032,17.751516
20.142847,13.749969,7.685058,66.011322,17.033407,16.594398
43.086742,23.462315,36.785770,183.081024,44.377296,84.048691
7.505566,5.331830,3.573346,19.637518,4.860168,6.558874
26.852253,17.575859,30.917299,129.238708,30.833817,26.708401
42.089840,26.085249,12.034285,67.036652,17.670650,29.001356
70.892693,28.227106,29.251860,182.040436,45.309433,38.753654
10.476188,7.656528,7.522461,59.075748,13.725592,8.023028
12.781471,9.174077,3.865202,16.212072,3.771994,5.198529
13.278574,9.237186,26.026463,151.532593,37.351238,29.832613
30.003004,20.258926,11.842702,46.301205,11.942038,11.486126
18.203030,12.972875,6.601634,29.010187,7.463449,8.604376
19.928892,13.205172,12.610527,81.528183,20.317392,17.812246
19.862587,9.981803,4.101408,12.558116,3.685873,13.819086
28.065857,18.144995,9.713472,42.165184,11.080860,18.064116
8.527153,5.927701,3.369728,14.996647,4.863291,5.137940
6.374622,4.560842,2.710011,28.207279,7.704975,7.902116
39.289902,24.761660,17.427441,93.903427,22.362057,42.226727
16.213375,11.428654,3.380824,55.289989,13.986396,8.122913
13.732203,9.551958,3.721208,35.445351,10.127831,27.111301
20.748226,14.490527,7.321758,35.764904,8.511307,5.497629
17.302805,11.996169,5.590038,62.232914,15.368431,5.261176
18.335827,12.459989,5.074811,56.813160,14.958806,8.303131
34.115002,22.830713,18.059996,116.174118,32.702736,50.556713
22.018360,15.093300,11.431273,67.021057,19.400204,8.624664
26.759333,17.724821,10.836213,64.561523,16.957296,12.829074
46.367966,26.713034,50.759552,400.507660,112.781387,291.710754
8.327826,5.862848,2.739071,23.636808,8.047866,3.175790
27.761028,19.097870,10.550767,76.819054,19.006451,15.153596
16.652283,11.505760,5.453331,57.601360,17.413631,87.090149
16.838215,11.637350,6.535649,11.879313,2.938562,2.852076
19.698198,13.571549,10.144564,41.312107,10.590374,26.211710
29.749680,20.958832,9.187067,49.941952,12.161056,10.909001
14.977566,10.474666,4.292861,28.606205,6.942406,6.036718
25.664728,17.706465,7.006550,72.176224,17.502613,6.340702
31.236998,20.800573,16.641228,85.742874,23.280453,53.114384
30.897427,18.762234,18.043547,108.153595,24.925034,54.157921
13.457343,9.225168,5.068264,25.239109,5.194386,29.207777
17.058258,11.428573,5.800992,43.828247,11.407035,13.090273
11.804587,8.301795,13.544961,7.697955,1.434528,4.106062
36.706768,23.896751,31.732786,139.450043,36.468620,95.788216
24.440111,16.249521,10.949641,19.709507,3.960400,3.344062
22.927258,15.871370,8.955570,25.997263,6.745653,7.451477
5.080015,3.792011,2.600142,1.468591,0.381133,-0.248392
10.178708,7.617944,4.073816,2.999824,0.375339,1.092987
54.244915,33.195759,46.985268,273.366425,71.868240,246.824005
54.817142,31.192343,30.802319,222.554276,58.629826,57.306324
37.789577,25.516087,13.792900,30.278191,6.772705,5.154466
14.633473,10.087288,4.887217,44.104370,11.698324,6.992552
35.016991,22.454998,27.926796,217.449554,56.456272,137.731857
6.216100,4.685511,2.973523,10.841161,2.649205,3.583064
55.203335,34.126099,26.596458,164.863342,44.726414,53.548096
20.788898,14.317765,6.719573,56.981956,14.351389,5.738402
16.401424,11.802262,5.952316,40.366341,10.630797,23.665010
23.921267,16.297083,4.640285,24.172087,5.010642,8.418069
19.420057,13.670452,7.414979,24.107565,6.124839,16.478607
6.530698,4.980093,2.626241,3.559561,0.511477,0.947991
38.640461,22.007246,60.759068,351.501984,86.159950,112.445496
32.190559,21.214796,9.545145,79.437698,21.028294,25.736841
4.708973,3.237379,3.199851,19.270954,5.041232,2.407339
34.524860,23.266233,11.154776,99.288803,25.330923,9.754980
17.996901,12.254671,4.193749,39.930611,10.049042,9.086872
12.561954,8.873538,4.673113,31.418600,8.724192,17.886749
23.383366,15.196589,13.049380,69.148628,20.552788,70.684242
41.812267,26.905352,23.213444,130.697327,36.112179,213.422119
8.127595,5.650383,2.379476,22.497679,6.130261,3.516354
42.045815,24.976904,69.621056,302.527924,74.391716,55.895233
21.194435,14.519300,8.440285,24.227261,5.603181,5.845590
18.426294,12.978946,6.633596,25.098526,6.985094,3.665974
49.660049,27.593422,78.020439,434.906494,112.279716,98.285805
12.109991,4.918961,7.153027,53.143387,12.016068,6.722368
9.173269,5.952331,3.433777,29.562099,7.374396,3.056211
10.874427,7.673065,5.050995,27.820299,6.583085,4.362745
19.250715,13.050891,7.304986,30.568975,7.754803,10.533195
10.566998,7.287212,3.723816,19.131516,5.016727,15.503166
21.117887,14.456704,7.170145,57.371433,13.279673,10.554775
6.679566,4.878121,3.036241,12.703651,3.485690,30.928242
11.641217,8.138836,2.566047,20.604477,6.186600,16.877533
14.610236,9.697209,7.203199,56.399403,13.835529,7.184211
13.151671,9.145462,5.074012,11.721663,3.181484,3.607361
33.548363,22.180754,10.067995,101.663109,28.356224,8.562346
16.256748,11.142441,5.222614,69.987144,19.165024,5.306095
15.022866,10.382257,4.110200,29.338007,6.887534,15.626464
7.551021,5.230957,4.846314,2.040967,0.844438,-0.580424
19.033295,12.837308,7.833109,65.654343,16.741930,31.021671
18.398308,12.605918,4.635763,86.966667,22.633436,17.566185
12.168703,9.121937,7.088882,19.710773,4.228840,5.456491
25.512032,17.826460,9.984636,84.654228,23.847025,76.090660
13.015367,9.038693,4.847634,5.447562,0.435282,-0.001544
17.248178,11.865485,5.283963,38.414337,10.094561,6.986725
39.414326,25.181541,40.369751,141.453156,32.851326,27.098015
22.883144,15.486277,9.085609,30.341389,6.959382,6.356718
30.666821,12.753979,15.737895,70.235794,20.007236,46.701626
24.932116,15.925550,8.516125,51.011932,12.959579,9.815822
14.610798,10.231277,6.187013,17.799322,4.811888,2.399524
25.267048,16.955719,7.259438,111.697685,30.496014,8.096850
28.341427,18.205744,16.318859,161.478226,39.811520,174.398163
31.730070,21.501755,13.530696,159.235306,40.704426,28.538151
32.773712,21.570232,39.151669,275.816010,70.114471,40.535770
11.113118,7.985989,3.766973,22.421106,5.388546,4.461941
11.484434,7.825561,5.389725,11.359183,2.915473,12.474714
18.819103,12.820403,5.201719,28.830153,7.515059,9.104765
36.759174,25.105000,28.687853,170.359192,44.064438,43.758411
25.281101,16.894985,14.656448,47.344479,10.186520,7.662339
58.623508,34.677505,31.748972,174.483765,39.245361,22.414911
15.807094,11.223783,5.206982,21.312662,4.394069,3.661053
21.521341,14.256627,10.483455,34.011978,9.275309,41.496471
23.625090,16.366016,7.180740,41.067387,8.840537,5.618435
11.399161,8.118415,3.868503,33.955303,8.622479,25.029879
9.527489,7.124146,3.483967,12.366473,2.366744,2.843737
10.814937,7.523014,2.775873,10.378327,3.090893,7.063234
14.282913,9.131988,7.207603,48.706566,12.760533,17.553993
7.580048,5.072025,3.925862,25.795073,6.105657,3.177262
40.014870,25.971462,12.427572,75.819069,20.759214,20.810629
17.358833,12.253970,7.089187,31.701218,8.247489,5.078709
45.997292,25.444349,79.163376,381.266479,97.699188,180.312622
5.213065,3.807234,3.006856,2.119717,0.577700,0.218180
11.653829,7.916465,4.040296,16.364077,4.987161,18.606833
7.021999,4.513453,1.876258,11.004828,3.274498,8.504972
10.204229,7.251355,4.168782,35.892399,10.759622,5.647164
13.259812,9.032212,9.304093,9.986562,1.212904,2.369237
8.100967,5.704294,1.444245,18.026573,4.491154,9.738301
15.018667,10.349137,3.598949,19.645866,4.359951,3.652210
8.016831,5.611605,4.552749,46.590057,11.472376,4.648713
4.767200,3.648603,2.793060,24.543686,6.736932,22.752687
32.951988,20.821053,14.915458,64.282608,16.532948,22.684114
25.176243,17.118481,7.413447,25.898125,5.777368,4.536003
4.408275,3.340170,1.527922,6.610561,1.166986,1.617214
13.847382,8.766427,4.711031,32.324280,9.959339,5.039977
14.320061,9.613947,7.868272,49.014744,12.936218,15.813470
12.241698,8.706237,3.077636,27.191271,7.065922,16.018555
12.207568,8.577498,4.573035,19.307037,4.837369,5.626330
40.403503,26.130505,20.118481,39.971401,10.648459,27.439369
4.287107,3.074281,2.437493,64.803932,17.761223,4.027062
18.031088,11.971227,4.046299,53.798149,13.277812,11.258849
28.297220,19.123499,9.098207,63.260361,14.524050,6.745944
7.846733,5.729752,3.499195,15.905289,3.502936,3.886931
26.039413,17.464666,7.587846,96.181717,26.431280,8.296764
8.403374,5.631768,3.899057,11.520167,2.664002,1.835840
12.593406,8.805614,2.041190,39.597855,10.145102,5.658597
24.163216,16.816584,9.612342,44.185600,10.783577,21.935980
37.608013,23.886093,15.559296,63.057728,17.141066,74.243195
12.156952,8.524225,4.664920,54.879993,14.169683,7.142460
20.755312,14.439837,8.262022,39.051144,10.261430,65.635841
7.095509,5.015336,2.714478,16.084642,3.997469,13.902754
10.221071,6.994178,12.534182,110.796051,25.114891,26.480921
26.138216,17.028292,12.777536,53.725368,13.781579,29.164024
7.616533,5.174181,3.652171,10.715050,2.725851,8.510318
11.616054,8.012543,5.644639,28.793867,7.675191,5.082700
11.813562,8.092055,5.672940,39.117710,10.287373,6.936591
17.805729,12.501498,6.489603,68.931068,17.713903,4.691280
43.865379,26.101732,20.325890,112.553711,27.783823,34.078835
7.980692,4.760366,3.186366,9.549897,3.139958,2.399060
15.844798,11.109097,4.876198,22.672935,5.310592,2.537640
30.140800,19.533258,18.672934,84.512260,21.897991,9.601597
19.912563,13.321145,11.501115,54.913898,13.792077,23.564484
32.768993,15.271956,11.325235,49.834522,14.956196,21.450047
30.689796,15.295072,11.684149,59.487682,15.725231,16.722347
22.886578,16.218294,6.842017,30.138090,7.736877,5.048671
40.792381,26.144817,12.700806,64.512566,14.918643,8.295311
27.335962,18.265053,22.475204,78.180153,25.767344,42.257126
15.351196,10.443581,14.158560,15.687354,2.955706,2.459830
24.693201,15.994797,10.940574,46.438831,12.933541,19.618145
8.016903,5.682003,3.643470,29.463863,7.211006,10.325237
11.094388,7.892809,3.913365,48.392845,12.099463,1.992398
4.837305,3.049846,2.424065,1.806017,0.364319,-0.001501
16.195229,10.484906,8.291762,32.266113,7.402711,7.695806
11.541187,8.259280,5.265967,52.535870,14.017973,4.118432
24.254705,16.533394,8.357275,29.613087,8.838565,9.053902
31.075901,21.425348,8.581396,62.919670,17.230358,8.356349
7.626190,5.620748,3.925735,29.863791,7.769211,5.348597
24.825216,17.195480,6.180224,29.146532,8.340437,5.799053
9.591866,6.795498,3.673661,20.410379,5.171919,23.162077
9.814082,6.811149,4.212345,34.081554,8.085093,9.906331
6.880418,4.534586,2.571413,25.009359,5.612146,0.726668
18.467119,11.776984,8.325764,39.955391,9.530288,15.034043
15.769027,11.205305,5.302104,35.697414,9.954403,28.430244
39.334423,24.909098,26.166765,179.139252,42.226513,17.954683
15.536669,10.663781,5.097294,45.351410,13.232441,33.018711
10.715981,7.378753,3.527903,43.731045,12.802097,62.919765
9.231960,6.192931,3.630794,2.982576,0.743761,2.813565
33.993706,23.759567,8.814378,24.927181,4.326311,10.408125
8.258228,5.719042,3.799989,21.607346,5.776171,2.934578
27.481874,16.935432,39.404171,267.890106,69.604622,146.542938
39.460022,24.382223,29.181601,109.607597,28.347729,52.071274
36.454895,23.589937,14.545620,135.209412,34.551231,36.081177
8.530659,6.094440,3.301117,56.046391,14.457726,6.943073
18.000256,11.520525,20.431084,102.847145,25.644634,38.162895
21.546558,14.376246,7.941611,61.861774,18.636566,45.910999
19.102346,12.605347,10.501934,62.883518,14.136231,12.104969
5.705093,3.997758,2.388638,20.788696,4.343068,2.892943
4.932945,3.191725,8.503526,40.294319,11.291008,22.439320
21.770720,14.741238,10.284483,59.157852,14.515790,9.038283
7.983397,5.974627,9.321089,74.808128,18.956316,12.003878
11.646489,8.515022,4.186865,52.086342,12.318970,4.418851
9.451891,6.783274,4.533779,3.499842,0.851274,0.845720
10.474869,6.944889,9.419013,127.439011,34.785908,47.703800
12.816365,9.488960,5.691409,4.120323,1.725547,4.667763
73.519066,38.199345,100.606873,603.761841,161.688248,150.409958
10.975727,7.851614,4.491056,87.162292,21.881214,1.779313
36.572060,24.070662,16.969007,137.205215,35.077568,24.911444
11.071690,7.833459,6.115088,32.696255,8.014352,8.802242
24.865837,16.799646,10.235376,71.602295,18.797617,72.296013
53.779186,28.073690,22.288126,100.198944,26.688078,41.448586
27.125830,17.751890,11.270629,75.831657,21.383867,52.760235
34.167320,21.683336,49.541893,57.933693,16.769045,205.526199
11.886379,8.204865,4.587694,9.456533,2.201825,3.177385
5.140687,3.907569,3.104365,21.340574,5.350886,2.816791
4.710377,3.352064,2.691327,18.264124,4.560578,2.135252
9.140724,6.359426,2.120342,21.873146,5.073276,16.347597
18.653690,12.861870,8.987975,128.001801,33.831535,8.575795
23.890509,15.646399,17.301952,96.529007,25.783606,30.153809
18.166388,12.758552,14.609224,109.009789,27.515230,14.495103
15.730066,10.313670,15.908068,118.365654,28.748730,56.260601
30.592844,20.219992,19.440947,65.087852,13.947066,15.270225
37.563900,18.354450,29.735378,229.751099,52.964790,33.447304
5.403080,3.790327,2.771492,15.564159,3.138910,5.398123
39.567265,23.533968,12.877722,42.252823,8.466620,16.441084
23.115028,15.999941,7.237710,47.718147,11.679192,4.865827
20.115232,13.874259,12.983405,59.887375,18.039413,9.357915
19.432106,13.516231,6.208033,31.885096,6.986767,4.385567
16.187891,10.707400,7.486676,13.684759,3.968986,7.541705
6.180924,4.725740,2.681275,19.961939,4.465202,3.192069
5.391778,3.650961,2.391938,12.079553,3.521223,0.492672
33.643852,21.102203,21.728798,138.739777,38.933376,131.500061
16.257605,11.092772,3.226879,62.725708,17.459076,9.554708
55.868088,31.941851,57.061146,249.164856,62.241413,76.160690
6.059185,4.341972,3.981107,3.332936,0.820068,3.600945
23.420156,15.939335,8.285887,46.298946,10.989390,5.634694
11.359560,7.862518,4.729887,18.975599,5.536082,12.354928
22.241726,15.077888,7.910608,119.039001,32.355194,13.254605
11.210768,7.824346,4.137177,11.800177,1.798587,10.575894
9.770934,6.906909,7.473988,34.857464,8.167423,13.548085
35.782681,23.405041,11.336824,49.590870,13.432069,7.572324
11.852152,8.141582,3.197852,26.960823,7.182402,7.980947
11.945036,8.081895,11.358612,60.034603,15.713742,20.126385
7.836043,5.278802,3.620932,21.180035,5.778476,2.804443
40.355816,25.374096,50.081802,275.213776,66.595917,66.435730
47.308235,20.732264,15.817050,75.597969,20.158371,50.388119
29.134956,19.128035,11.357574,51.160534,13.824609,36.902447
10.817919,7.666088,3.012277,18.245441,5.775195,5.048320
5.400073,3.867404,2.338079,14.640762,4.310645,3.483000
10.996072,7.302726,9.378641,153.279022,41.344303,11.903606
12.796689,8.893469,6.064507,57.128883,14.283792,15.337966
9.783692,6.649961,5.185136,80.844307,22.504761,8.969021
20.394384,13.419748,13.749067,107.578209,29.116322,55.824780
24.900242,16.177263,8.156203,79.503349,22.846510,11.278754
30.023773,19.061638,78.318832,306.367584,81.200760,100.877556
30.641718,20.578035,16.039902,63.398666,15.029156,14.958504
9.365746,6.941727,3.710494,10.207025,1.907654,2.418920
24.703831,16.913889,8.896216,41.795853,9.995374,9.944183
19.661354,12.751458,31.025906,150.951965,41.177521,94.939339
7.402090,5.461193,1.556264,14.188552,3.459972,7.385424
4.952116,3.307449,3.091482,17.910929,3.664852,3.003859
24.182940,16.065413,8.706077,23.785275,5.726467,8.766223
20.471849,13.861688,8.576502,70.378693,15.782460,10.161800
11.726830,8.380921,2.984529,50.851780,14.936778,6.183699
40.020199,26.361166,24.303886,139.275375,39.122074,117.713287
31.782518,21.357018,9.385935,12.859681,2.919443,13.695876
9.247527,6.334095,5.000198,26.271008,6.014131,1.831412
26.280901,17.795807,7.026110,24.403505,5.174181,3.893532
60.985073,32.408943,27.766869,155.077927,36.254635,27.126289
47.711567,26.978281,19.361420,136.548141,25.819500,19.761967
44.077801,17.866535,18.225983,95.331024,24.425211,34.901981
4.425416,3.179342,2.295622,1.326445,0.340976,0.006099
15.031824,10.493656,5.437230,21.270094,5.627605,4.992015
12.034804,8.153173,7.443026,69.631912,17.147835,13.333034
17.247389,12.250455,8.684010,23.383497,5.263269,12.612099
26.561878,16.560219,30.534178,196.103409,56.385120,223.275909
21.719622,15.044477,6.832123,37.824844,9.181854,26.422894
26.097973,13.312021,9.825858,67.032516,18.600674,22.382431
16.769970,8.655112,7.330178,59.543289,13.535666,15.139123
43.849026,26.869242,38.137363,220.022736,53.576088,48.657833
15.319678,10.655228,6.303041,22.091585,5.734001,13.379446
19.671263,13.724340,6.711066,21.785564,4.512636,4.573141
18.990028,13.068260,10.105693,59.342747,14.765047,8.206507
36.273373,22.760931,23.949198,34.133301,7.437262,8.113139
11.977653,8.224689,3.659880,27.579931,7.941143,18.356543
28.329214,19.445208,7.319448,45.557392,12.854484,20.777536
17.257772,11.946759,11.022737,56.192230,14.862888,20.475197
13.475330,9.296095,6.384335,21.197639,6.164861,12.970386
16.674406,11.473990,5.475994,20.722548,4.378231,4.889183
39.010571,25.102854,13.666891,103.868576,24.402817,11.172956
11.434001,7.980595,4.645804,34.507851,11.114451,39.176018
49.353428,25.506908,66.910316,310.992828,77.335716,85.365067
8.734955,6.251136,3.883791,39.641823,10.983179,5.911929
18.872427,12.943355,6.911946,32.906242,8.329765,21.322811
26.688961,18.095507,12.870943,127.963051,34.727024,70.738960
9.543428,6.644938,5.571097,81.388008,18.912584,6.756708
25.772465,17.375641,7.666810,81.772095,20.799017,22.345516
7.663566,5.492475,5.475593,5.008654,1.012793,2.245894
23.180567,15.914522,12.548075,37.578773,8.845196,17.515541
7.074710,5.306363,3.161020,3.104822,1.468801,2.811145
15.216653,10.460199,5.856878,19.178411,5.899794,8.251627
7.239452,5.232697,4.110519,19.996075,5.672768,1.902994
14.963842,9.979068,6.887597,37.326008,9.010371,5.114368
49.172012,28.994257,26.319933,214.608017,55.455772,129.462204
4.165500,3.242075,1.861446,10.054728,2.999639,0.529439
7.843700,5.932299,3.333476,28.412663,8.080447,4.097014
19.247276,13.390967,5.838343,47.969509,14.929676,6.566704
26.887230,18.286905,25.222223,146.545013,41.562950,90.739365
8.370519,6.148117,3.075073,21.464706,6.467043,9.085712
27.130514,18.137648,10.032234,25.763233,6.241638,11.711138
12.757846,9.033755,4.127967,23.118765,4.527486,2.952486
14.730534,10.024719,2.828979,31.204851,7.630435,19.019897
31.701159,19.817717,10.180269,72.922607,19.800747,61.095695
26.515291,10.428846,8.711112,29.363457,9.131372,7.870049
22.673206,11.762388,7.303228,50.364079,13.200632,6.000533
27.674034,18.787386,9.598291,42.603775,11.788177,24.935907
12.764936,9.060596,5.159830,37.462189,9.974321,41.597569
31.229338,21.765551,16.236723,41.851944,9.309549,19.845716
10.870601,7.788616,4.937102,19.232042,4.501163,2.619627
28.898655,20.485218,8.934130,35.458649,8.066320,6.454952
48.751049,25.067251,41.782578,163.483429,41.836979,123.792465
23.707758,16.221107,6.536075,47.770439,10.681942,18.838797
52.386623,27.505350,80.954887,440.944458,113.879158,80.674469
5.397668,3.563932,7.518244,80.602051,21.027889,67.508270
10.150907,6.768409,15.996503,76.040581,18.203543,20.111515
11.754692,8.478055,5.020536,2.673768,0.999517,0.918938
25.377644,17.117039,9.304478,46.645309,12.518741,17.337921
65.376930,34.573643,132.354904,772.679688,206.160309,479.650970
17.621162,12.073820,5.368075,21.080019,4.584929,2.646887
5.929007,4.399774,2.446480,44.981010,11.552236,3.142643
12.093209,8.390381,2.333326,8.481483,2.756854,7.626387
16.285782,11.132003,4.777154,14.555239,2.849341,17.782791
12.344502,8.738155,6.007012,26.999659,5.945225,7.912330
17.337709,11.692184,15.013885,11.215641,2.658871,2.137070
30.272179,18.531786,19.930849,221.051468,54.662876,51.768841
21.939444,14.477134,10.126593,29.352388,8.907205,13.612563
21.310526,14.565731,8.879648,23.359629,5.050510,12.863944
11.483411,8.027531,4.956817,76.063904,22.494764,18.664343
9.842589,7.043312,10.332962,51.995937,14.772980,7.052711
26.542692,18.645641,7.604630,56.379124,14.114791,15.061510
17.996580,12.661280,3.571608,21.481297,5.603624,11.963174
5.757872,4.318952,2.692775,12.886822,3.913772,4.008554
12.265212,8.705158,3.443883,89.176781,27.737106,40.716469
11.708139,8.064054,4.995858,38.842251,9.814231,2.267716
19.462999,12.949594,9.484347,48.647190,12.513314,10.430923
18.649958,13.246227,7.366755,24.460802,5.275506,12.209050
10.036555,6.573036,4.082173,46.311703,11.664109,10.387091
40.882668,25.608610,15.024657,95.294907,23.654802,20.093781
21.605024,14.637150,13.824641,72.017517,15.712855,12.247063
12.790260,8.715046,5.503983,20.192772,5.064873,13.159567
7.826111,5.660544,2.780143,46.452335,12.412965,9.818392
32.613323,21.741684,8.717628,59.917397,14.063394,10.041269
33.583256,22.339300,15.854816,81.038673,20.285118,45.196053
37.468395,22.112459,26.324867,162.192795,41.657639,20.240810
32.044685,19.641487,22.021519,112.153000,30.141447,109.779938
8.647651,6.339960,4.850308,42.796810,11.894215,5.915780
10.210375,7.427497,3.156212,19.556841,6.107365,2.080993
20.056267,14.226859,5.918413,34.565784,10.324740,12.518620
50.625870,28.155874,49.979424,432.611481,125.974861,320.791962
6.962754,5.042952,2.647725,19.546831,4.104115,2.313540
11.641062,8.217690,2.576620,22.021105,5.332582,9.842642
40.516113,26.218826,17.047901,58.740368,16.426727,11.984143
29.303724,19.074100,13.026939,66.846909,19.247580,30.817902
6.449942,4.232338,1.408382,3.317018,0.945041,4.523575
9.287912,6.228421,3.655976,23.016617,5.155680,3.743368
21.887636,14.185116,11.653363,77.589973,19.412958,30.001793
20.626238,13.360291,8.250504,59.024872,15.355798,13.743227
28.730480,19.279091,16.967785,64.175217,19.195715,32.586418
8.698893,6.077044,3.669326,21.810656,7.262876,21.752411
25.774010,17.089033,20.274776,160.434692,40.762051,45.037785
8.953046,6.279056,3.982945,17.193100,3.979692,5.250299
27.113504,18.156597,10.578610,58.454491,14.005969,9.195473
44.042480,28.307024,16.159431,74.620598,17.621183,28.210009
24.744947,16.567448,17.347746,16.433371,3.205614,5.054921
21.621893,10.666866,5.852614,30.355400,11.978935,45.587513
17.837980,7.919997,5.211582,42.053341,12.988182,24.501040
26.015423,17.555141,11.647738,92.956032,24.458178,16.329887
8.093954,5.474307,3.076392,19.233871,4.715234,2.039915
31.379250,20.944952,12.847702,17.003595,4.550819,6.715718
20.074102,14.122005,10.144547,44.962730,10.433290,22.051245
21.486876,15.147660,8.217248,23.166185,5.097051,6.077051
56.060745,31.978798,43.120121,177.783676,47.745247,97.585480
8.400335,5.686940,2.784767,35.047535,10.709841,8.054586
21.705982,14.940468,6.592762,46.846851,13.171467,10.538121
5.330112,4.107415,1.955890,11.273065,3.611722,11.152225
22.590643,15.371505,9.047450,60.140568,17.179863,39.358891
48.688049,29.923473,21.267088,78.768570,19.718618,32.888058
7.924685,5.676023,4.188217,20.557590,4.758156,4.248141
24.941404,16.510338,20.215870,170.430267,41.033100,24.829956
32.770657,22.297594,21.076401,20.251554,4.392902,82.056488
27.778923,18.488033,9.425978,30.323994,8.224069,5.608432
7.969037,5.686928,3.724277,65.567749,19.199120,22.490101
15.454428,10.349302,11.563225,65.029434,13.363702,86.737572
4.868888,3.256717,2.163852,10.002837,2.869411,5.685498
31.090021,20.025719,13.409016,56.490707,14.574030,32.802723
22.528639,15.155766,6.648817,28.416183,6.425947,10.941690
22.266705,15.380356,9.190278,46.324497,13.499201,34.504547
12.625544,8.817016,6.261559,35.427963,8.231165,5.768268
4.469229,3.415795,1.939422,2.660170,0.344272,8.573215
13.461820,9.603117,10.764085,19.549221,5.346675,9.299112
7.679984,5.546455,8.009543,33.525269,9.072884,3.106158
30.497652,20.592518,9.589583,58.023388,12.761419,13.457974
9.520077,6.396410,3.911910,31.817261,8.015566,15.217654
16.097145,11.110465,4.170212,31.528379,7.144972,40.912922
13.641250,9.008451,10.737083,73.783035,21.912790,69.966537
25.592052,17.103674,27.539251,70.583008,18.874886,30.304066
17.274715,12.184761,6.045702,48.813763,13.446449,15.431076
33.941673,22.213596,9.993321,64.846077,16.397352,17.888184
7.317397,4.819168,3.270050,31.681049,7.261707,4.603042
24.147238,16.221123,7.167881,46.492435,12.875951,8.339986
73.811630,31.252689,58.226921,336.766785,98.872818,327.000153
61.414814,29.774055,44.106239,308.174011,79.532280,220.884033
20.088070,13.397107,7.579118,59.127319,12.924898,9.389793
8.212999,5.544897,3.167277,10.448143,2.586106,7.488447
5.580009,4.122748,1.819907,9.840691,1.717615,6.133644
17.707834,12.284009,11.381778,25.029980,6.952536,29.566677
37.245712,24.366486,26.706285,132.358582,38.779728,78.809715
12.433014,9.032848,5.383859,16.028503,3.416227,11.293738
30.763462,18.945015,11.468925,73.065193,20.022425,11.049897
25.767826,16.657612,13.218631,40.139980,10.835347,11.110033
14.637030,10.446765,6.559785,66.961754,18.409706,9.307940
28.819538,19.613447,10.963313,34.838284,8.444982,8.805789
16.005627,10.793547,5.160441,4.588780,0.525219,2.833520
7.715930,5.317161,17.451191,75.400436,19.942102,22.896872
12.563785,8.563237,3.144502,17.841627,3.372708,8.742133
12.890821,8.840877,5.471081,16.847048,4.312717,5.652483
21.393023,14.632945,14.621424,51.370731,11.627937,11.763744
26.684776,18.036434,16.325670,12.391485,2.621820,16.702326
81.740341,43.895279,57.243862,262.062653,61.368732,62.066353
38.669312,23.746658,20.501986,119.838272,26.063286,18.461760
18.832546,12.419681,7.137879,51.657310,11.626173,20.866823
61.719837,31.399641,38.010696,200.842499,51.421474,52.311230
11.141845,7.825237,4.322910,24.031359,6.447943,2.828017
17.869307,11.988849,2.861344,45.827717,11.026818,10.224049
7.336753,5.193477,1.638465,12.135783,2.477150,7.089174
10.211761,7.286418,3.142384,25.916759,5.872526,4.906768
27.519531,18.110319,14.250278,59.756142,14.243875,13.272574
82.277184,44.870422,90.767876,396.864655,105.653336,280.272614
34.117332,22.769405,14.961417,94.136536,23.703482,32.473278
6.249869,4.178902,3.592555,14.526009,3.362041,2.557055
14.892195,10.313714,4.839781,26.868532,6.904374,4.564911
7.871572,5.578046,3.854518,17.977959,3.632753,4.138729
15.579333,10.818754,5.571033,27.725143,8.105791,8.616298
14.132369,9.668772,6.937740,4.458471,0.781308,10.560555
19.353474,13.273117,18.497530,75.084076,20.952681,29.489956
21.594368,14.609599,20.601433,92.867401,22.965902,39.892704
10.229101,7.010342,4.981781,21.509129,5.035315,5.374520
12.817055,8.921151,4.548522,49.710022,14.848814,32.835949
18.877728,12.778106,6.190047,52.977699,12.476697,29.970947
14.833772,10.265022,7.783537,33.069874,7.273355,8.350669
9.231002,6.564206,2.863204,57.115559,16.460939,7.352895
18.721056,12.714893,5.700119,20.769117,4.189263,6.978665
21.885674,13.297628,7.885617,43.196678,10.480319,24.955465
10.132514,7.357291,4.508407,26.502596,6.194222,15.063475
15.349955,10.372151,4.841291,79.553299,22.249773,62.877060
38.732250,20.594015,14.687451,132.994888,41.665943,19.627968
38.244270,23.183479,11.142824,76.179703,16.193155,12.368582
5.251945,3.684381,3.063905,13.466191,3.136293,3.155421
35.449600,23.185516,17.530331,71.405609,17.857340,21.282967
33.848618,22.336044,35.746735,192.984055,53.860451,39.127270
18.283089,12.694265,6.003593,11.679352,2.111448,3.789669
24.832869,16.897963,13.729328,101.498268,25.069853,18.126379
24.312790,16.079107,9.535694,37.810547,9.724815,6.551126
13.445332,9.181570,6.651469,30.371613,5.842258,4.918108
30.294777,19.856478,24.123390,126.179039,30.847067,62.454678
9.204488,6.277980,1.701840,14.501048,4.735085,9.919498
35.415810,23.452749,13.593716,128.642151,33.626259,7.749615
11.767811,8.202276,3.661926,59.844341,15.567161,3.366838
5.283621,3.751266,2.945401,14.025290,3.872432,6.325056
33.722366,21.601349,29.538696,201.815186,56.165951,59.135967
5.350388,3.883270,2.387890,17.738125,4.235312,1.613663
10.596224,7.106529,7.615521,27.552538,5.901422,7.633091
25.923326,17.512648,10.492016,20.668753,5.776239,10.707151
20.373665,12.685550,30.068377,204.699753,56.369305,56.466000
27.443996,18.708693,6.810919,77.877480,20.589630,7.056102
18.372759,13.030070,11.265039,36.813931,8.926243,8.248795
9.729683,6.743811,4.741464,40.379559,10.537860,37.724979
17.394781,11.892632,10.672944,64.606461,17.620073,41.171745
9.998734,7.146082,4.614112,10.883351,2.236977,0.703725
5.454687,4.115584,1.429558,6.484639,2.461151,4.153371
27.068581,17.837629,12.970360,100.627533,28.533203,131.851288
47.298584,29.912313,30.702362,130.896591,30.842958,35.533981
6.085968,4.369557,2.042299,16.343224,4.190996,5.479230
30.161070,18.053885,44.238651,331.651917,87.070213,122.918175
21.580441,14.326446,9.369525,50.073547,11.638206,15.749722
35.901669,21.129562,13.364860,195.756927,51.632057,31.183977
20.637003,14.187519,7.824402,54.172054,15.911278,77.267494
16.537966,11.436145,6.117501,10.951316,1.938752,3.625948
32.975246,20.616457,30.930986,146.073181,36.063107,48.337589
31.198629,21.238235,13.169154,71.341301,18.778852,23.379669
37.756035,23.722864,15.214655,102.615753,27.551197,92.985878
15.734614,11.126738,5.422915,3.920020,1.437037,-0.234607
18.290432,12.155621,14.946422,70.027657,16.045725,21.486542
13.320156,8.944070,15.158367,62.617130,17.553658,25.918066
19.349228,13.080730,6.848102,6.073529,1.325764,26.297190
26.459505,18.140928,14.312594,96.789848,27.452154,58.268944
46.052143,29.303745,15.222063,96.902840,26.134455,45.908974
15.748235,10.925563,9.993463,66.947449,18.249943,46.224056
5.369664,3.668095,2.394459,2.340938,-0.006612,1.882291
10.409530,7.486712,4.407775,14.225900,4.399361,2.268287
13.115362,9.007186,5.591964,3.527145,1.033460,8.111084
17.900900,12.144134,6.127538,44.966537,10.483496,13.147335
12.769265,8.750504,5.503930,13.841765,3.395320,6.235375
28.902514,15.573422,14.264929,37.804787,8.535214,14.731955
36.680744,24.393757,16.142332,53.515934,11.009744,15.736222
22.377237,15.654327,9.885802,55.438953,16.104101,48.386791
39.264664,25.475672,40.956959,31.796761,7.310315,49.044941
14.946709,9.880194,12.874440,92.814590,23.644316,7.435865
10.971927,7.507611,2.634976,17.608717,5.221803,9.975405
62.048286,38.683125,22.356352,135.339325,34.640682,23.378588
17.395102,12.256196,4.731037,22.506401,5.395424,7.171974
30.035429,19.539028,15.435719,71.030296,19.020573,29.884390
21.138952,14.336512,7.704563,81.921692,22.996361,31.842348
6.100070,4.575132,3.438935,4.590906,0.824663,1.642180
15.264006,11.078870,5.054799,21.425970,5.382965,1.548756
19.944592,13.455400,8.901160,16.159561,3.500214,3.483636
6.083927,4.190948,2.272811,6.459743,2.006952,2.418957
33.273315,19.898056,34.551575,192.411377,53.986423,145.802216
20.386784,13.363160,7.302028,25.816710,8.519074,21.963844
9.144923,6.501044,3.456939,12.975751,4.331446,10.143849
35.441486,23.725292,12.385998,69.845673,17.916327,6.712870
21.567293,10.513169,7.555900,58.105087,15.901798,8.020898
32.230247,21.147083,38.692421,41.129250,10.264827,98.325623
49.460186,26.937592,41.760548,297.261749,75.532928,98.458527
32.307667,20.496384,25.360319,93.277702,27.082907,188.357361
7.834467,5.817319,4.401257,24.349396,5.556944,3.949062
4.345319,3.373521,1.182847,11.545762,4.011301,13.412513
36.604961,23.254852,19.021460,184.048431,49.418392,175.942123
29.506641,15.090836,41.098492,208.315735,61.324280,45.178822
30.995960,16.143839,51.175556,266.164642,63.598663,51.767681
16.007004,11.022608,6.784118,116.245598,30.978928,5.832760
29.893690,18.808737,22.102783,111.108994,29.276600,29.627474
11.131246,7.685846,3.137744,31.935423,7.689020,3.065215
7.731456,5.573309,2.993205,1.652181,0.802576,1.433622
27.828415,18.867643,9.665071,84.341408,23.525042,11.381968
7.702553,5.096533,3.673678,75.117073,18.563864,4.572003
4.801650,3.429313,2.366950,11.274367,3.302005,2.596403
19.476280,13.439137,6.617208,51.005508,12.201441,11.631072
54.193989,31.071535,33.171635,173.905289,46.538849,115.662613
16.420538,11.735760,5.909317,31.352114,5.726898,5.598748
46.796619,28.559111,56.447067,316.493347,78.998207,134.622787
21.961340,15.863214,7.782454,5.401532,1.160707,22.362680
9.151324,6.735047,3.785624,19.027796,4.432744,4.831324
28.998081,19.257982,8.066523,34.312275,7.049555,10.216293
17.378569,11.893798,5.828142,26.081423,7.461743,33.792442
24.719555,16.147861,36.190296,146.619308,32.619972,29.350325
21.873016,15.033849,11.623359,60.061321,15.889025,9.446026
12.375483,8.864381,3.954883,28.403151,7.349751,13.479167
11.560516,8.682294,4.255445,22.553835,6.805699,31.503845
21.755766,15.243002,11.729886,64.248306,15.360044,18.738071
23.983414,16.614862,10.635080,82.189209,26.684538,62.073544
8.541498,6.173545,4.483883,25.029562,6.279836,5.554931
8.351296,6.027912,3.075237,27.664497,7.661419,7.576519
16.603565,11.155709,5.870782,32.423378,8.617923,24.707539
9.198668,6.704785,3.867692,11.728439,1.776867,1.025258
8.014091,5.399170,17.207899,73.889420,22.415625,20.483269
12.591611,8.679197,4.891122,65.077995,17.889473,5.214035
10.797181,7.891457,4.259519,16.939856,2.755833,2.091072
9.232899,6.488049,4.400772,16.410517,3.850069,11.035024
10.914934,7.587505,4.031290,25.021536,5.388270,3.517871
34.890232,21.854139,34.793270,117.134369,27.153093,43.647209
27.342133,18.930700,8.804415,57.577858,12.976659,10.311926
7.485605,5.094058,3.739423,16.971045,4.706370,7.101184
17.715614,12.074329,6.734853,3.783130,1.342075,2.002486
9.579905,6.730231,3.708636,11.070085,3.340333,3.577443
5.434053,3.842468,2.310899,24.511118,7.632749,3.179100
31.755541,20.186125,17.204382,143.397430,37.575493,33.903473
27.551868,18.651911,15.443213,106.468987,29.162086,64.855110
33.341858,20.708096,16.895899,159.763443,41.829506,49.689919
30.836319,18.464304,65.697418,281.116028,78.040855,223.804276
16.995913,11.563783,9.909264,58.029385,14.563248,20.228146
29.066216,18.877186,15.141411,116.811798,29.137245,47.601326
11.585422,8.181743,6.933929,53.346786,13.890823,10.024990
8.131139,5.585905,2.288826,19.762995,5.230854,16.215721
14.242078,10.082766,5.181181,44.028862,11.946630,7.429846
18.818893,12.625235,8.058743,36.259289,9.054685,10.713531
10.034737,7.352102,6.591140,48.555923,11.914124,17.622185
7.747899,5.610985,2.661751,19.871889,5.273388,8.517487
7.231485,5.267736,2.812342,39.591133,11.326262,9.965661
15.293422,10.472178,8.499009,42.920387,10.049271,6.241927
13.082006,9.034980,4.384078,20.738035,5.082694,1.457958
23.873369,16.271879,12.991768,33.281807,7.851416,14.284232
42.652187,27.801271,15.082900,78.074959,20.031792,102.197601
55.184494,33.706188,16.920824,62.117294,15.361607,79.007866
34.125690,22.882303,9.373967,95.967087,22.548409,11.132250
19.004414,12.963819,6.671165,4.494452,0.701355,4.197533
21.232315,14.667406,7.587649,51.287514,12.385562,41.447495
11.213063,7.677565,3.680049,49.804295,11.577779,4.056658
22.094273,15.181467,11.536776,44.060768,9.046736,11.708484
37.119423,24.330566,12.692441,88.080246,23.648558,15.016808
19.865414,13.248232,7.209568,40.417889,10.253864,8.182997
30.628622,20.336447,9.325994,55.950283,15.726687,45.999775
9.914441,6.936662,3.761145,5.007194,0.694332,1.911126
14.634421,10.153012,5.627284,40.317806,9.150968,5.829145
51.889072,33.631481,31.951670,49.544453,10.432545,15.492936
12.681997,9.313441,4.441173,65.825974,18.256006,55.868675
35.786114,22.257881,40.022755,139.643143,36.858337,213.333908
9.205811,6.195064,3.591414,7.283815,2.831097,4.581355
34.488308,21.144051,13.269485,163.572754,41.574039,14.194754
13.419381,6.896526,5.548556,73.303749,13.165547,5.136116
12.381895,8.997725,4.657905,13.157484,2.786333,5.656508
45.213921,30.077591,15.342482,60.331310,15.936771,13.496383
5.117365,3.850598,1.458716,22.201464,6.873976,1.970759
29.357164,19.502584,16.225422,107.009125,28.379265,15.006352
6.929378,5.164568,2.957538,31.033916,8.308352,2.466915
7.220894,5.059142,3.115109,27.310776,6.674819,0.292332
13.738244,9.856491,5.307314,27.003176,6.253995,26.932802
6.536695,4.677142,1.324633,10.900914,2.898136,7.332473
17.895842,12.255755,7.568578,9.180902,2.290796,7.750142
12.203067,8.302708,4.928989,45.376648,11.925496,8.992912
19.400272,13.167285,8.717170,26.150024,6.761258,6.968847
29.532541,19.826761,12.396822,101.077217,27.636166,24.534328
21.192991,14.188457,11.497969,92.038834,25.397326,24.376701
24.689381,17.081295,8.844381,31.683710,9.584080,44.093895
17.951826,12.710154,5.141573,25.631229,6.857105,3.934082
17.973276,12.486314,5.301988,29.908009,8.226157,21.596399
51.730846,32.757114,20.915291,100.853668,24.595276,90.687363
17.072279,11.611831,5.671929,53.840805,16.042799,3.835669
5.961256,4.442835,3.729937,1.232877,0.517290,2.553585
42.612598,28.303324,20.764868,81.315094,18.571928,56.459377
16.568422,11.632025,6.354538,9.754068,2.241593,17.383047
23.024242,15.584142,16.633991,136.205078,40.721615,78.699966
11.861263,8.232296,3.154467,53.785553,12.481307,4.156403
42.418640,26.375360,27.102909,146.757446,37.657356,72.671082
13.893020,9.338385,4.316108,30.129736,7.746170,6.477935
23.827726,16.399658,7.656730,38.696667,9.888526,19.851871
7.244450,5.211088,3.035565,23.171034,6.195927,5.923378
6.516812,4.752443,2.150856,10.513159,2.838799,6.332325
22.892809,15.155057,9.094335,37.221645,11.236609,40.486912
8.321666,6.036305,3.204507,19.067579,5.216636,3.281892
36.390003,23.773119,15.070295,99.449837,28.140526,14.534110
11.584198,8.250520,3.438073,47.387962,11.096641,4.295489
14.127048,9.429319,23.421022,189.104492,47.081242,29.984726
16.184237,11.185480,4.772263,36.898762,7.055889,16.996326
45.449474,25.209131,61.270184,349.877197,85.289330,125.943542
9.400289,6.829528,3.237843,40.744595,9.885483,3.503403
46.255970,25.038374,51.963650,322.510559,78.487900,45.284416
7.649744,5.575920,3.329704,2.790643,0.726741,1.378718
18.181505,10.235732,8.655648,13.047243,3.099999,18.732635
12.893706,5.422788,7.320879,10.181523,1.472273,7.859770
17.928288,12.259051,6.065345,46.143276,13.193416,7.581596
63.850544,36.264317,36.860020,126.137390,33.081432,61.803051
4.708652,3.454250,2.130370,2.770270,0.222917,0.636462
7.645905,5.385410,3.489690,59.819202,16.807945,20.228594
15.558367,10.415995,6.186728,29.012617,8.416912,22.875629
15.514625,11.238040,6.815227,4.709629,0.746120,2.155049
43.151581,28.146036,19.372187,81.040199,21.803337,156.571198
29.940077,20.090212,9.646777,45.379669,12.657137,7.782278
50.190796,27.226940,20.295898,130.813263,32.336716,33.792797
15.142527,10.985186,6.302858,39.041248,9.126119,8.225604
14.245179,9.963847,3.305935,37.460407,10.249401,7.474645
22.719402,15.458938,11.252516,64.132828,15.823325,16.878683
42.460243,22.610573,63.665531,301.361115,82.972260,239.165985
10.010580,6.757828,3.913288,2.714535,0.343425,2.864705
20.350815,14.066653,6.079058,11.536461,2.493897,12.362715
15.395289,11.081084,6.459566,37.461548,7.347219,11.258392
48.708069,30.810919,12.345447,89.984642,25.669394,122.770058
36.092743,18.014370,11.633082,58.104580,17.100403,50.373234
19.028372,13.210375,5.931877,30.248966,7.229709,5.989233
33.477932,22.033222,42.611477,33.618050,7.509919,36.331333
33.900318,12.952109,9.991151,72.331825,21.973711,51.311783
32.972744,13.824140,10.573450,108.920883,28.995422,57.447525
17.273556,12.135272,9.060881,31.215799,7.622283,6.331132
21.826382,15.189567,7.513847,23.653318,6.464842,5.439004
33.213314,21.274179,20.876987,92.059929,25.766584,96.715919
13.756346,9.720572,4.499185,39.306507,8.111171,5.518746
56.007126,28.909855,33.378983,172.894989,45.240269,59.238094
17.346149,11.789944,4.580444,69.003487,17.952684,11.499053
16.213066,10.933784,5.337798,44.660908,11.773952,21.862253
9.013060,6.600479,2.378437,13.536432,3.136032,6.510988
25.676394,17.016430,9.794092,57.960587,13.990653,11.625353
11.869669,8.397670,5.561129,66.897751,16.833458,19.501194
7.747082,5.476725,4.131592,12.654035,3.773538,3.414408
40.981724,17.567005,14.349190,49.356255,13.768998,35.414112
37.550308,17.296144,13.790421,55.719128,14.150782,31.191795
12.548328,8.994663,4.176412,15.706752,4.004879,2.564202
30.798252,20.389765,9.151337,59.880302,17.198347,71.272690
23.687683,14.552752,31.249926,138.897079,35.425137,84.026955
20.368876,14.179322,7.300830,47.923073,12.688424,6.290414
7.277658,5.366126,4.960551,3.722538,0.665534,-0.001315
21.053110,14.102438,8.570225,16.725225,3.127421,6.257084
14.586675,9.195065,31.850538,302.718567,87.016243,204.821945
24.196554,16.329130,7.634247,22.947420,5.199679,3.986449
37.748672,24.786728,13.672849,97.437904,23.462521,8.693500
39.763531,24.480555,27.977465,154.220337,37.768330,33.977253
9.240992,6.316697,2.475707,38.432919,12.252154,34.387146
24.172632,16.398994,10.822843,43.948826,11.790880,10.901227
20.189137,13.217680,12.090656,97.566376,24.133585,15.118250
40.858566,25.607367,23.240671,111.347565,28.254570,18.633619
22.203857,14.682439,7.604488,69.858566,18.591871,5.087492
19.448734,13.318218,8.892911,41.797371,11.561185,3.706257
32.156570,19.145428,13.726131,75.335640,25.510555,83.164764
34.061535,19.150026,15.522238,100.583199,28.602694,79.587601
7.886594,5.865549,2.716612,21.867554,6.462119,4.759325
21.285473,14.576997,7.403615,7.112976,0.578789,2.381308
17.693897,12.558854,5.661165,26.178726,6.514827,5.619139
18.557470,12.845786,9.588388,67.550713,18.953970,28.507318
41.973610,25.269711,24.352739,188.207291,51.657867,103.622795
24.555584,17.022758,14.919708,104.459503,29.793409,15.662443
30.110737,20.645788,10.249599,29.221384,6.591280,17.088861
6.483218,4.816442,2.055936,27.447477,7.098473,3.607579
6.144542,4.032940,3.280623,15.959026,4.291971,3.710749
23.963478,16.431753,14.461718,114.501732,27.814589,40.710758
12.327543,9.149716,4.980186,34.972107,7.386150,2.599238
28.137024,19.371651,13.375684,102.405685,24.652409,11.893913
30.130560,20.746914,9.076325,27.459801,6.806343,4.669754
16.128700,11.688331,5.420386,46.902988,12.893283,11.814825
12.054499,8.277137,4.663893,20.922115,6.299315,5.358939
9.074580,6.305964,3.808005,11.482716,2.265453,3.049068
4.459051,3.333277,1.296570,8.447490,1.818254,4.907815
55.085342,30.809059,63.017830,249.819733,67.060944,62.197140
58.614525,35.141190,28.540438,177.454056,48.944088,118.243774
12.124114,8.468556,3.106145,48.672676,13.621206,6.137534
22.137463,14.927846,8.077843,23.729874,4.850215,10.418954
17.232729,11.799870,4.773541,52.103710,14.097227,6.922339
9.989104,7.122699,2.919070,46.261162,14.493265,4.166348
51.486668,32.936619,21.833809,76.426048,22.767555,98.050125
10.030952,7.141156,5.933338,7.103375,0.852845,0.454678
7.413683,5.645703,3.876092,22.947405,5.283495,2.710368
5.016206,3.356341,1.394336,9.615431,2.327805,6.142995
20.989958,14.542942,4.595532,70.818039,18.006706,7.956876
25.405333,17.332436,9.636058,42.654522,10.300546,21.966436
24.999334,16.839712,14.705955,102.768463,28.334774,11.261266
10.948759,7.793336,3.834703,3.635839,0.831854,1.375724
32.545448,21.450052,24.740437,149.171875,34.532909,38.219955
8.452624,6.081091,3.949210,25.002724,7.328259,5.294377
27.990446,19.128639,9.241482,82.482117,21.750416,8.142648
7.665832,5.645504,2.327516,30.212856,7.355954,21.097301
8.508760,6.014530,3.700832,50.102722,12.287549,11.481491
11.777843,8.113336,12.178787,36.616184,8.573510,17.412960
13.687808,9.556744,4.108594,16.726892,3.875738,4.506360
19.243404,13.286283,8.341214,5.846268,0.628532,2.136477
4.599949,3.362950,2.277279,-0.602777,0.039418,-0.012402
14.066483,10.368905,5.417955,50.031429,14.210133,5.516150
24.146761,16.234112,8.964245,8.145866,1.292320,0.535589
19.392893,12.941424,6.961287,48.476971,12.685775,50.919121
9.363525,6.638341,3.568707,14.994363,3.045234,3.342637
41.949211,26.777494,28.563822,146.425751,36.847485,102.169182
13.848022,9.701890,7.618377,15.580622,5.203922,6.230750
40.233437,25.125219,14.790215,52.064816,13.655049,13.892195
13.890608,8.979892,17.153725,108.514969,28.603119,67.084114
6.692145,4.799448,3.934407,12.852013,2.841583,10.192314
13.998736,10.096540,4.984735,36.047947,11.237590,12.484716
11.808361,8.292456,2.669142,23.339863,6.095663,10.394583
20.084734,13.576219,13.498377,10.615130,1.682996,8.520454
4.971527,3.780370,2.882801,25.610437,6.520988,2.553839
27.807634,18.970440,7.889308,53.655735,14.503808,19.332066
35.645580,23.564903,13.546371,81.604446,21.524282,76.526283
28.929432,19.157166,13.058650,66.663734,17.668810,35.523148
23.576803,16.575806,7.626010,44.117455,13.018650,11.362328
11.241528,8.128656,4.681147,7.963961,1.756532,2.666383
23.191687,15.551613,10.866907,38.619972,10.618193,10.745211
20.167383,13.200036,14.636998,155.752502,43.665478,51.329414
7.775564,5.412361,3.210924,21.981909,4.790622,2.897619
20.909124,14.027009,5.334216,57.460457,16.248884,7.106850
27.161657,16.342329,13.895843,78.919899,19.801163,25.455282
19.303543,12.838009,11.779561,69.075089,14.915045,17.631174
21.695154,14.571393,8.730309,63.347778,14.768215,7.635891
43.782581,25.930567,39.479012,179.308685,50.651936,159.852371
23.957485,16.204407,14.802194,36.476677,8.318529,24.672668
42.495621,27.765015,16.368450,78.257385,21.230242,28.994131
23.963032,16.757269,8.978007,30.412025,8.316347,19.777681
19.208076,12.958029,8.309997,51.123104,13.110871,12.632727
5.496810,3.874905,3.209478,28.988722,7.298162,1.374892
21.446785,14.811606,24.058878,171.525085,47.290623,133.782578
13.600348,9.910535,6.175286,24.715662,4.632721,5.889386
14.466332,10.539591,5.503541,15.661863,3.783090,2.140144
9.544100,7.092266,3.236789,17.735880,3.801967,2.348077
70.418045,38.384266,107.999138,436.732605,115.417694,245.137344
16.186832,11.157616,5.647063,26.836321,8.439563,7.294894
18.761463,13.293692,5.718649,23.286203,5.756759,27.048319
8.675653,5.915371,1.617344,6.299603,2.616708,6.226113
12.028130,8.472303,4.388937,71.188522,22.301825,23.133224
60.982502,36.611767,26.899500,199.194290,52.273048,74.491409
63.953304,35.862167,25.643974,390.231659,105.680946,45.534779
15.074980,10.635857,5.152671,37.584293,11.631774,6.007859
27.547138,18.193295,12.842213,48.079903,12.369459,34.293411
30.618074,18.846399,32.722076,194.354111,49.204750,71.603073
10.230482,7.118094,3.991557,4.490634,0.929261,11.766456
40.293865,27.013681,17.517818,72.983047,17.755653,10.267575
10.139153,7.359345,4.215351,66.230560,17.861664,28.970245
10.381523,7.574660,5.966605,13.203485,2.941338,7.814444
9.193016,6.409605,7.990780,26.212776,5.650980,8.355528
12.426728,8.468959,2.695755,11.946062,5.738403,10.233791
12.097629,8.485588,2.910803,65.204384,17.384062,8.485138
20.301819,14.568931,7.129751,24.200628,6.037551,10.427999
24.378809,16.893923,8.432058,8.187429,1.479989,0.345107
56.244492,30.839832,107.949051,457.029724,123.055542,331.962128
44.186298,19.264771,18.590611,102.269882,26.279871,29.178991
11.371382,5.308565,5.164681,40.428902,10.517982,4.100046
26.818459,18.502176,7.967111,51.363422,12.122720,11.398044
11.638967,8.179321,5.050474,23.363962,6.788042,2.700927
6.909049,5.143440,7.438521,35.949432,10.772092,11.239452
10.276347,7.047256,11.998530,53.579979,13.996744,18.597874
27.169151,18.736250,7.042264,49.563084,11.433641,7.350937
7.937796,5.765958,1.792269,17.629499,3.991366,8.604360
6.002076,4.157879,3.965916,9.277840,1.888685,3.231267
20.891310,14.459948,7.797480,78.657059,21.190533,5.431022
19.795570,13.962435,6.833083,40.056393,10.139751,14.124305
19.457737,13.443081,8.212421,78.752174,22.369141,46.798695
26.935589,17.919333,8.524727,80.774040,21.564852,31.017860
37.111599,24.454475,19.135832,259.363892,70.095421,27.308111
6.883041,4.616299,3.029072,14.025795,3.849648,1.224890
21.561022,14.367859,21.308483,45.525723,12.563944,10.255126
17.777016,12.057843,6.646706,58.176762,15.282087,4.764536
11.769901,8.223394,6.957406,86.963142,21.214907,24.913654
28.546930,18.165907,34.162640,199.585129,56.003876,153.818512
14.644934,10.018160,4.903939,29.682701,6.841115,4.358456
32.849869,20.321831,12.387072,90.355247,22.502445,29.841076
10.164679,7.243200,5.401931,12.165723,2.978216,3.629210
10.347785,7.421195,4.121679,3.713934,0.219368,0.967834
18.134459,12.535874,6.501013,33.383335,7.182663,6.570631
7.698935,5.596303,1.534545,14.649963,3.798133,9.659060
15.418905,10.614023,5.012351,32.335052,8.966835,5.768410
12.356968,8.634454,3.841139,24.229288,7.551280,10.400340
7.299732,5.330396,3.089299,1.951829,0.187188,0.800129
27.004263,18.707951,10.147063,77.310509,22.211834,11.221822
14.034426,6.623459,4.463646,37.375820,11.174841,14.852182
13.876245,7.357481,4.617735,43.506012,11.957485,16.061483
26.043310,17.783709,8.658208,40.121471,10.587284,19.604637
21.860765,15.327104,9.879854,39.128479,10.085595,7.903501
7.745906,5.706558,4.582561,7.898955,2.303112,3.676567
14.408629,10.002789,10.748724,11.393550,3.048591,5.110599
7.352358,5.254428,3.467787,11.030066,3.802861,5.449240
33.134163,22.496553,11.797882,89.712700,24.160944,24.649632
19.944063,13.824286,7.935317,109.719498,27.594355,7.317606
9.640876,6.680678,4.032554,16.841784,4.792678,4.085394
15.081752,10.618103,6.929831,38.193317,9.257166,20.434187
31.193586,19.844656,9.581850,34.354145,9.502009,16.544081
8.424232,5.113492,2.874872,7.271275,1.279612,4.687633
7.546375,5.449033,3.192687,22.611277,7.141960,1.775662
8.578289,6.107462,4.324955,50.834045,13.401378,6.424221
30.574839,19.531092,11.710150,69.420647,17.369673,82.407578
28.505293,19.425142,7.741509,85.528854,23.521572,6.597677
11.804982,8.097910,4.279832,6.933083,1.330287,5.511237
23.324804,15.405596,10.616643,62.493961,17.522482,20.619736
46.782600,26.686302,45.028412,221.909943,54.877369,29.435661
36.289909,23.293917,8.900945,46.535133,15.852051,70.433044
25.644543,16.549675,10.350301,42.049137,11.586206,9.685495
7.132553,4.666010,3.086805,2.608892,0.365698,0.133962
54.092167,30.931433,39.949871,179.652618,45.733631,152.537811
16.358032,11.025273,10.163280,43.057220,10.684189,12.722284
7.657200,5.596283,3.543519,1.456638,0.237655,0.412427
12.222135,8.740142,5.187552,27.607012,6.735015,6.925111
6.424639,4.595101,2.556144,15.949415,4.123164,1.550603
23.140924,16.249533,8.670985,40.969933,10.376846,65.797043
9.382771,6.856482,3.435165,44.983543,11.343709,3.294396
7.843330,5.368927,4.728887,13.949023,3.420596,4.565621
20.627281,14.020975,6.856551,39.379494,10.661081,6.566525
31.481474,20.036190,16.010260,215.688736,52.483727,26.827303
8.626925,5.791343,3.999128,3.378806,0.301260,1.825107
17.456039,11.800570,6.279955,71.727692,19.610929,21.337851
11.601965,8.335995,3.329518,32.213135,8.501985,2.889537
19.658760,13.512922,9.092152,54.039772,13.277096,33.294159
8.252985,6.150955,3.202332,17.497925,3.960511,3.187407
8.106241,5.835026,3.582060,22.054214,4.753834,1.285057
20.425255,13.836798,13.781651,71.244232,21.470905,72.554817
10.411487,7.451277,4.506652,20.981558,5.138372,4.316361
37.440025,24.155888,11.681023,53.246601,12.430759,24.854425
30.235317,19.190231,12.218996,41.733025,8.966395,10.642182
17.774551,12.642272,5.984060,21.478558,6.154445,3.952890
11.499097,7.931831,3.584911,23.926731,6.407530,5.727964
14.137635,9.751589,3.284886,12.403541,3.064432,5.684918
39.936741,25.860661,26.987345,157.280914,39.886776,26.717884
15.889596,11.247787,7.708491,57.546120,14.354488,18.197687
46.033760,31.796463,15.776541,97.662224,22.948111,123.908699
10.979779,8.020092,3.863542,2.261335,0.546056,3.480052
4.743354,3.622844,2.289690,15.258974,3.868289,9.893518
19.375763,13.212409,8.796350,21.573256,4.894147,8.695404
26.870789,17.859625,25.130789,160.735840,42.197224,110.430862
24.905560,16.336826,7.449797,69.216721,17.429209,25.823568
10.796437,7.762861,1.949354,88.327606,23.574436,27.296688
31.991392,20.785486,19.679310,220.637177,67.394257,187.285797
37.158604,20.960436,44.787739,210.305054,51.415524,41.090706
30.469358,20.789377,7.909683,54.224514,15.433929,9.727433
29.766523,20.008125,9.515998,46.204643,10.143857,9.314246
11.834096,8.645508,3.915153,45.665276,10.819810,6.108083
21.325256,14.453979,6.475313,34.362713,9.176320,53.556404
14.333983,9.823473,8.403235,40.861015,10.156476,4.978308
26.376507,17.778830,9.040649,69.723122,15.939757,8.280249
17.120699,12.089375,6.188634,3.686911,0.934586,1.785221
6.810915,4.836057,2.406548,23.387672,6.109814,13.785181
52.528824,33.686714,15.898083,95.077705,22.641417,20.973114
15.257586,10.743552,9.045591,10.326526,1.784616,4.644330
4.295660,3.310732,1.922575,31.219265,7.588282,4.144662
8.050032,5.598565,2.944142,42.065384,10.456918,4.913742
23.047098,13.582065,8.349628,74.717285,20.278484,12.910315
24.316895,16.931513,7.042474,48.398022,12.385557,9.178841
27.349625,18.571121,7.707904,23.939922,4.247679,0.818372
5.941107,4.128877,2.808295,1.680409,0.603862,-0.147794
11.078827,7.923429,4.160324,15.678654,4.515584,13.412289
36.388523,23.910776,17.947485,122.298210,27.327909,28.751413
12.317141,8.877532,5.283645,32.947624,7.299471,9.375302
16.288820,10.545207,19.533382,117.135818,31.849743,129.297485
5.286214,3.741713,2.599888,15.869575,3.689673,3.318001
11.394042,8.507490,4.075834,18.138502,5.691870,3.022404
5.769042,3.988240,2.451601,54.156555,15.211396,2.300916
10.940169,7.665558,3.417960,24.354275,6.460774,2.806479
20.591822,14.044958,6.137429,44.565830,12.063464,9.505870
25.148306,17.340012,10.829877,50.784275,15.803669,95.970360
19.430145,12.808891,11.870580,72.764816,17.493116,15.577727
31.725742,20.746227,15.183383,76.417709,18.228128,22.618605
15.751837,11.040175,6.407516,18.359489,3.685136,4.903731
28.124371,18.785021,8.941617,45.174461,11.422346,6.194192
17.591516,12.029697,16.986549,143.935715,42.571018,45.344669
5.618260,3.864352,2.058442,13.240891,2.932240,13.823512
21.760881,15.249579,7.307371,62.558830,15.987592,6.140077
31.054855,20.364885,11.869359,28.671118,5.468523,9.203224
17.726257,12.473712,6.236542,75.723778,21.409264,20.054729
15.477434,11.037189,7.776254,20.801256,4.969847,20.998114
7.881433,6.003492,2.863670,25.659504,6.294923,2.025477
35.093281,23.066208,32.150841,134.062225,35.943024,144.149582
8.206801,5.918844,3.356611,76.881775,19.731022,3.403367
25.157866,17.155870,8.689103,72.715401,18.417156,36.835995
20.669594,12.581302,7.936875,62.531082,18.022409,17.117392
49.453926,31.679634,17.085398,49.365593,13.013408,33.583035
8.562915,5.816622,2.060953,22.223883,5.363075,11.745451
25.228617,16.765362,7.601909,29.374367,5.794012,9.031013
23.380537,14.362049,27.668320,209.224945,55.544533,60.360954
23.222906,15.397314,9.166214,58.515484,15.112675,16.908806
6.074703,4.428778,3.210158,47.669090,11.629372,21.212177
7.457476,5.334675,3.701933,16.578175,4.559073,3.413590
29.597544,20.276304,11.506393,72.980568,20.679531,10.731780
14.097193,9.521035,10.073848,52.095940,15.455505,66.323593
9.716808,6.883061,3.874506,54.744942,13.441859,3.556125
8.406656,5.739180,4.606685,18.841488,4.493532,2.501079
13.149291,8.882617,9.669050,56.738029,12.841245,5.517637
8.347374,6.032218,13.900537,38.798134,9.782613,16.438210
4.496776,3.140816,3.570239,12.684200,3.550144,4.487743
21.677219,14.721555,6.754979,43.948196,11.008031,5.746319
13.695832,9.491831,3.524441,56.605629,17.236721,10.463071
24.511190,17.269058,7.441500,60.440716,16.593437,25.573263
17.528227,12.364022,7.442888,16.577271,3.811360,16.722849
55.264679,29.213827,70.379639,420.856384,109.685402,164.090973
14.793541,9.874051,15.400156,104.502029,28.794279,23.033455
22.898481,16.165628,5.046095,41.784603,10.804963,24.061146
6.799617,4.845582,3.701316,1.709451,0.141442,-0.303102
26.575857,18.254837,10.351830,53.967976,13.201545,33.344688
30.196915,19.767418,11.274912,61.830692,15.302075,20.006908
9.077957,6.488823,2.792290,9.285406,3.224436,9.186700
47.122822,31.321638,27.927551,158.592026,48.167728,193.282425
21.755264,14.581473,6.243896,43.705238,14.639997,12.223061
7.680726,5.390216,4.877810,12.027804,3.221616,4.255729
16.448046,8.977432,5.046157,31.144339,10.952768,7.712613
20.644072,11.184183,6.958210,60.800739,15.219324,6.005629
7.350686,5.381953,2.591031,13.839901,3.827035,0.802216
13.778765,9.880128,5.888259,45.050846,11.160076,14.790500
7.167400,4.850510,4.128801,65.637787,15.537685,12.529321
12.742304,8.934348,5.001726,25.432510,6.015939,3.583023
21.481333,10.024363,7.720615,24.697504,8.606938,7.204666
32.088120,19.757938,11.254060,69.787384,16.914316,8.953772
35.605816,23.805817,10.515690,70.752861,18.535707,14.137943
26.993145,17.796692,24.154182,82.825226,20.406942,29.725380
11.978611,8.374235,5.135533,52.116516,14.150722,38.083508
12.173517,8.647569,5.230623,21.383854,5.012729,18.447380
8.534011,5.649551,4.733051,14.054734,3.608884,2.205773
12.585866,9.036539,5.065907,69.157318,17.368259,4.954936
17.436506,11.867811,4.778275,42.359692,12.010246,19.533117
43.065563,21.566936,30.998732,180.268372,46.686573,211.841904
8.304062,5.729241,3.890073,4.833815,1.274496,3.989351
18.408426,12.292200,9.524720,54.932018,15.107072,13.672509
18.331192,13.079808,8.139695,56.740086,16.101889,12.281151
10.353438,7.121071,6.071068,32.362423,10.120461,21.314657
30.527111,20.036169,9.712647,90.718590,24.335474,108.322479
9.462755,6.568647,3.249476,2.430624,0.733018,1.207314
9.228134,6.765297,4.748747,37.531761,9.350845,11.059603
6.576932,4.769924,2.535002,56.260777,14.615659,2.677899
33.641289,22.024225,25.487747,185.378876,47.211338,63.755669
14.792166,10.296353,4.992830,53.586891,13.371432,10.465319
21.084688,14.305193,6.039110,80.476601,19.893858,91.907867
12.840106,9.004664,3.516310,43.556091,12.398025,38.037815
7.001748,5.184597,3.002354,2.415824,0.972985,9.702748
14.019363,9.844375,8.086836,123.808228,32.781155,32.020054
20.061739,13.679014,21.504868,87.850594,23.070461,98.191368
16.230494,11.366803,8.217535,5.204898,0.757429,9.956220
14.457608,10.717700,5.566746,36.178665,9.775487,8.620791
14.697854,10.156066,3.720746,27.176975,5.794637,21.693424
27.041033,18.066723,10.812971,69.128578,19.546684,85.111404
10.689031,7.651014,4.158535,29.934767,8.511118,17.245335
35.298702,13.781997,12.397833,66.385025,16.770565,20.666590
35.976334,14.932307,12.281118,79.132126,18.147608,16.851110
23.224037,15.989162,8.780210,79.987923,21.052052,77.152252
21.843184,15.179440,7.628293,73.830421,18.838091,13.987352
30.809650,20.894506,10.480819,55.041031,15.929081,16.483625
16.320168,11.323913,5.393589,145.922501,38.613979,8.077785
12.566900,8.638237,3.800364,51.626003,14.271748,37.291607
8.944181,6.129007,3.630456,14.542000,5.231913,2.922695
8.366855,5.762053,2.758714,9.460193,2.182715,2.263140
27.780474,18.470097,18.922340,117.917221,30.338438,12.593161
40.028606,26.867300,25.382160,99.952118,27.287476,115.528198
11.511061,8.189012,4.608894,21.605335,5.837606,4.124426
13.384031,9.463008,5.775202,10.635380,2.610159,4.737500
17.604963,12.789207,6.917475,14.583803,2.671683,3.431707
10.897577,7.490339,4.354236,15.159359,4.371313,15.015653
9.843913,6.796132,2.560943,14.725217,4.326746,11.335631
15.761649,10.570189,6.744534,79.542580,22.439171,6.933102
9.956400,7.224797,7.447052,17.285723,3.360768,5.612200
8.239088,5.629491,2.174948,15.552313,4.151275,5.721422
10.506952,7.415580,4.284390,38.555977,11.412826,25.441948
19.980410,13.682500,8.937079,52.487736,15.077217,23.628983
26.796755,18.044262,10.996348,32.274258,8.738428,12.781455
9.640344,6.840557,4.046391,13.625232,3.959562,4.925389
18.504875,12.557222,9.748417,78.541977,23.048655,15.873412
28.660963,19.296268,10.727185,93.216125,23.339012,15.274440
33.356544,21.620955,13.360691,62.790192,17.575598,18.381424
39.995750,18.854559,44.338261,224.817841,53.796734,75.849251
33.515728,14.481591,23.739147,159.048126,30.075590,38.730042
13.278094,9.016104,4.651721,57.539349,12.865090,5.182666
49.009438,30.426590,25.268677,186.490433,49.725918,39.998932
39.559891,26.373613,24.928293,82.374077,20.591534,41.906178
31.409018,16.925516,13.281954,19.084833,3.616620,16.845064
31.826176,9.380892,10.809909,47.998802,13.625159,75.298897
19.702831,8.794626,7.960536,27.765829,7.063736,29.270947
12.945164,8.996553,4.607213,11.353950,2.364751,3.454284
7.612780,5.376800,2.912551,14.562012,4.435980,2.384723
11.909747,8.327849,8.413436,22.782425,4.702191,2.346170
26.670225,17.537708,6.894521,34.580338,9.582143,10.257821
5.502466,3.722156,2.364989,27.341148,7.846761,5.783797
34.968948,17.395214,13.162989,67.524826,17.486008,16.609825
33.664513,17.234297,13.201688,67.371956,16.965614,13.765184
17.743755,12.355431,7.623507,31.295952,7.618160,15.441665
9.991286,6.966277,4.431280,40.750950,10.523733,18.571543
11.781462,8.371119,4.959805,11.882498,3.944301,3.381861
16.987988,11.262082,18.263399,162.599091,43.363148,122.105583
16.055000,11.132164,5.132004,5.992082,0.930749,3.082860
23.956284,16.504911,9.636299,48.461140,12.431765,9.401079
34.453968,13.057908,13.703607,47.644623,18.580873,32.654690
44.242832,26.192919,26.474571,177.726700,46.588482,50.219070
15.481577,10.406888,6.086033,35.385494,10.102445,3.564581
11.250610,4.386261,5.274613,7.976971,1.429900,2.132242
10.840985,4.368685,5.604809,8.534873,1.868840,2.795202
17.589764,12.297523,5.175327,37.097931,10.093610,15.802372
12.991131,8.992492,4.039825,17.096867,3.137359,4.982060
10.169325,6.970471,4.181746,12.725212,2.165658,1.642048
30.592970,20.081789,9.099917,44.737587,11.412027,7.077117
12.140665,8.523254,2.553673,48.068851,12.442356,17.090313
10.216763,7.007498,3.748347,32.060665,8.459169,22.966431
19.418924,13.369118,5.828763,64.974190,17.198164,22.794254
37.886421,25.423828,49.509506,187.996017,50.162560,259.993561
27.208212,16.759212,40.751984,246.407669,69.079811,299.543304
13.315619,9.470204,4.046753,15.722383,3.720552,7.646407
18.727524,12.896187,7.063044,14.735786,4.010559,4.007700
14.725228,10.138212,9.761416,77.196617,21.473413,9.415368
8.278288,5.904027,4.095845,16.952120,4.099974,12.175050
19.767033,13.653096,6.093878,18.385460,4.528473,28.461702
28.718153,19.180973,15.635608,113.516762,30.345242,34.581467
30.991705,13.864448,17.723955,141.966812,33.977661,57.701218
17.952280,12.267254,7.717594,58.901367,15.093282,8.437299
21.838205,15.002864,6.195876,8.507402,1.551060,3.678087
17.625704,12.218861,8.107392,42.648918,9.597468,8.699080
17.108122,12.049674,9.826947,38.207489,10.083130,5.634627
14.732740,10.647700,4.488109,12.191351,3.057016,24.745457
32.356365,21.360270,26.056431,173.182281,44.777302,23.390238
20.749355,14.400747,6.632920,19.366798,5.060405,7.570572
23.195833,15.870358,25.107260,163.460754,38.635365,26.697241
9.071106,6.717239,3.502488,20.362976,4.298769,10.834825
30.896950,20.634035,9.852528,50.359596,11.780123,9.279203
22.494970,15.923841,7.409982,36.606792,11.341591,60.935577
8.021675,5.936871,1.700257,14.019764,3.288918,7.704012
36.222687,21.571041,37.574738,176.171173,47.623920,47.277245
12.903718,7.783733,7.236414,29.970589,7.380877,20.881029
8.654100,5.958610,3.203480,24.794727,5.598998,3.132005
11.891549,8.196922,6.072884,21.569145,7.321724,3.942656
11.275690,8.207712,4.257318,18.806551,5.386129,1.637280
10.159045,6.881004,3.717622,37.187660,9.111598,3.391726
57.756992,32.242638,23.189978,104.297356,21.541559,28.874409
52.008465,31.575903,66.454842,242.564285,61.875389,95.891190
6.024219,4.337406,2.497363,11.866480,3.946240,2.100268
34.034824,21.934898,20.663475,80.524208,23.305622,56.654728
11.425223,8.079830,2.481872,14.570609,2.847640,8.168672
50.098999,33.795204,18.915245,111.689453,29.418089,76.289444
13.664731,9.437829,4.194257,33.631874,9.411057,26.650230
18.586418,12.244482,6.933713,32.450268,8.196114,11.852128
96.497131,46.586433,73.508537,501.919037,128.331955,106.403030
33.796150,20.743202,30.523874,185.322861,52.926903,43.967873
9.996238,7.101380,2.183776,13.515753,3.454945,8.732345
11.013553,7.545421,4.807255,4.095576,0.644353,-0.003321
21.541094,14.602970,9.221798,19.787411,4.397964,10.869080
22.378536,14.662321,7.464659,47.155201,10.370623,13.545091
16.828941,11.581222,13.262192,86.189430,21.661440,11.603249
22.378790,15.355875,5.667624,46.449860,12.921681,36.441490
18.303144,12.341471,11.667943,56.062752,15.160250,64.576111
25.137573,17.170725,8.249698,46.671318,12.543660,6.237699
21.089951,14.103405,9.939508,106.379555,27.241133,21.179501
19.610249,13.114143,7.623482,74.280151,23.246029,86.430779
47.840218,24.754484,45.436703,304.131012,79.801636,304.039642
13.531697,9.240437,5.066159,59.882244,16.136168,46.126919
5.622866,3.839160,1.227755,14.139000,3.410897,11.229305
14.090405,9.883463,8.328511,38.249748,11.011514,21.291136
12.770248,8.922466,4.585334,91.806076,24.844864,6.712421
17.042681,11.599304,8.165834,23.874327,5.200823,3.069942
11.478567,8.119043,6.715576,17.112438,3.894175,13.535662
46.256554,30.025200,15.710285,47.500332,11.923665,9.644745
7.159438,4.812712,6.728318,25.436092,5.577211,18.005384
33.807808,18.847658,36.156887,218.962555,56.744549,129.527878
14.042177,9.655188,8.661628,8.196919,1.651446,2.068516
26.446899,18.238266,8.605042,50.271351,12.663657,61.236042
14.780727,6.568678,7.722831,55.689953,13.321732,8.727785
14.074492,6.457949,7.770170,57.303043,13.741423,7.865574
25.171446,10.917901,19.693113,41.635685,9.991215,36.803307
22.720280,10.855985,19.341602,36.702984,6.881185,18.365335
19.232821,13.501941,7.697720,66.255867,18.478476,11.497205
15.982192,10.772619,4.706539,79.745354,21.949207,33.578156
47.707218,29.369144,16.867290,81.640701,18.920115,24.248793
13.256577,8.621565,10.240191,84.692047,22.203365,10.634780
24.830082,16.489664,10.039907,58.779808,16.600630,15.045309
11.585651,8.319835,5.980140,48.712372,12.240938,6.135559
8.920150,6.194007,3.742072,42.588501,12.188467,2.746112
33.048489,20.806095,23.044157,140.199005,33.369766,26.375648
22.985485,15.350343,7.305316,25.379267,5.989502,8.058373
61.615219,33.125423,34.774967,197.579758,47.844913,40.539955
5.568268,3.787796,3.061520,7.183591,1.528122,7.514063
24.289661,16.252752,21.118795,135.587143,35.582054,28.439199
19.642874,13.624080,15.802145,160.848312,48.202732,117.939056
18.604746,12.882690,7.189549,23.391451,6.673575,21.031977
4.258031,3.231991,2.770324,16.310122,3.858032,2.913122
25.465511,17.300610,15.647028,114.480515,29.538359,22.048454
9.265524,6.633517,3.930455,49.840382,14.474702,3.789523
6.658242,4.621178,3.259163,10.250482,2.488315,6.824409
5.168300,3.410449,2.540006,26.041922,5.513374,3.721168
54.218391,30.544878,47.249653,187.307266,46.801300,115.668053
18.786091,12.763017,8.165227,36.534279,9.825294,6.093740
20.736784,14.468065,4.490227,16.888693,2.662844,6.209390
12.411681,8.744326,3.861905,28.913588,8.189214,7.128626
18.964914,13.324675,5.234031,16.814625,3.095542,6.585184
13.251399,9.151826,7.944220,16.404852,3.891579,12.504710
9.837276,7.240143,2.082971,17.565180,3.822006,7.283682
11.002687,7.689011,3.001004,24.092009,7.126963,26.536793
33.254700,20.270357,29.776720,160.193268,39.916794,32.599575
19.511190,13.555537,10.722121,7.324893,1.444525,11.730472
34.707436,23.370667,8.924753,58.469643,15.992356,21.452993
32.812126,20.415510,21.524445,65.426987,16.022085,23.764475
38.013786,21.828121,41.470016,210.920212,53.444740,69.653336
56.624512,34.551693,26.452339,214.346954,53.407455,48.527420
25.637276,17.543503,11.332077,69.931427,15.675487,9.255256
39.306877,25.625324,22.865839,53.006966,11.842412,17.089022
11.803780,8.085555,3.242693,4.024333,0.129915,6.242272
43.927113,18.461802,31.947903,169.522003,50.454098,74.111404
40.466026,16.687845,27.595779,170.766541,44.707417,68.434715
48.431942,27.453400,37.683311,182.315323,43.631687,49.734192
8.446568,5.934969,3.911785,30.087257,7.569081,9.935364
19.348301,13.675017,5.638306,61.674576,14.843279,38.016953
25.223782,17.397444,7.754582,39.233440,10.400690,10.613114
17.190624,9.483872,7.635837,56.153378,12.959903,20.234772
9.064854,6.326710,4.095574,12.636276,2.472694,13.620856
21.119576,14.653316,7.377494,35.079273,9.925941,19.359619
11.221350,7.615075,3.303286,58.523731,15.284121,2.366466
46.826595,28.241489,36.434464,220.973587,51.606258,43.800797
4.799869,3.634789,2.159721,2.020653,0.725641,0.449812
6.589149,4.547806,5.955199,20.889757,3.678893,3.258698
9.815945,6.755646,3.858662,26.094694,7.509779,21.823574
15.937731,11.083273,5.504858,9.655437,3.109217,5.206955
18.645760,13.009731,6.021037,30.946587,7.686093,13.444138
41.150085,27.442249,21.738010,17.843943,2.888867,16.275068
28.780170,19.593485,11.008731,44.861588,10.622112,7.101836
6.221709,4.496467,1.754016,15.125615,3.607960,11.206025
15.968025,11.004784,9.922653,22.182648,5.546029,14.509726
16.814405,11.589190,5.748949,56.936001,14.255549,6.743213
17.327856,11.506449,4.856888,27.199417,6.505519,5.919896
37.592243,25.603708,14.446958,9.144432,2.408051,9.033926
11.061045,8.131490,4.131169,12.536792,3.002477,2.145057
6.418686,4.846994,1.984484,29.788277,7.571208,13.118128
7.703660,5.365799,4.302733,47.679684,11.565966,6.450153
8.712716,6.256335,4.019310,28.297606,6.715363,4.054083
6.323785,4.214085,3.083952,29.878819,7.375085,2.742534
10.717360,7.997016,4.438597,23.377047,6.435597,2.144081
8.126498,5.884911,3.485349,2.888710,0.761407,3.574728
11.254784,7.682395,4.484200,50.506813,12.534511,2.938647
10.329089,7.117160,3.730505,38.111301,8.677764,5.552743
11.445137,7.940165,3.978988,45.529488,11.312244,12.602386
38.530518,25.387562,23.633883,92.269371,21.396223,60.684288
15.557457,10.913601,7.866616,19.576561,4.801848,7.883686
8.814501,5.943541,8.901508,62.547035,16.314901,11.288504
5.979855,4.543389,8.642315,37.779522,9.585928,11.446495
13.468634,9.593188,3.966827,39.321877,9.173640,8.832387
20.119640,13.585739,9.259688,57.976295,16.398169,56.357784
11.680291,7.846975,7.023107,7.464797,1.477632,4.422045
11.700610,8.393744,3.061557,22.160975,5.360610,14.986477
32.436817,21.975698,13.254569,62.591904,16.946772,93.291908
80.077019,22.977528,46.491402,374.585114,108.425232,291.014038
6.812613,4.623961,3.455051,17.433718,3.201474,5.734625
23.194494,15.898808,9.057287,86.422760,21.052393,4.822755
9.576263,6.694585,2.128092,9.237782,2.712703,5.450578
34.090660,22.617695,10.804049,51.521095,15.004649,10.425134
33.656895,22.634140,10.563293,44.916401,10.290721,26.437256
50.522923,30.204248,15.104155,96.337395,23.321779,45.940735
27.655539,18.958792,7.423870,49.726681,14.230719,33.708397
24.301254,14.783527,10.701079,48.859310,14.188626,8.184178
15.703033,10.934772,5.401301,30.228271,6.943886,9.612827
12.122290,8.297670,4.229770,62.886864,15.491380,5.996337
21.436045,12.773846,29.830320,159.935623,40.476986,37.082104
17.141718,11.861006,7.636270,114.109634,28.548719,14.758664
12.752196,8.711957,4.409523,30.459379,7.796443,14.239292
27.012617,18.154253,18.585720,167.545914,49.823189,43.467941
25.728117,17.298965,12.942343,67.727020,16.926952,46.154053
22.588438,14.183392,11.091152,108.781120,28.114946,8.877720
13.714482,9.792631,3.842816,19.886841,4.994529,5.043352
5.761184,4.295500,5.351218,27.669144,8.546042,3.481334
10.852228,7.890195,3.835574,13.226772,2.522604,9.999161
55.618355,33.985031,18.921844,91.026451,23.166237,33.195568
15.591714,10.587295,12.891183,64.945953,18.820776,56.999195
23.420862,16.324696,9.376683,9.133742,1.582267,42.919037
20.615379,13.990012,10.499219,52.966801,12.110806,9.360136
43.391369,28.189926,16.640877,74.513130,17.655462,42.057491
14.900980,10.595329,12.712704,91.493584,25.270624,12.000594
10.086297,6.942639,3.712708,28.054443,7.060243,5.923626
38.028519,20.215580,75.420341,409.085541,107.876511,315.693268
19.554216,8.919576,17.394882,141.593460,28.007895,38.574352
11.568099,7.788331,4.398103,52.812038,13.133029,4.164715
16.589571,11.333013,6.396410,57.451908,15.986687,19.095978
15.519803,10.439348,2.731788,53.416962,14.128626,11.780040
15.153175,10.797913,6.747620,42.383854,11.773089,6.176636
20.093475,14.260198,6.232623,28.329924,5.778200,6.575051
29.354851,19.409512,22.427574,170.334885,44.883377,29.357357
26.433344,17.965591,8.261224,21.255323,5.709298,43.433304
46.082283,26.388672,32.902439,142.813599,35.618309,41.579922
20.477814,14.368158,6.763684,39.815552,9.530407,5.458842
26.166386,18.025808,9.778214,25.187931,7.644885,8.571135
18.135916,12.479943,6.214618,37.522362,9.093226,6.786741
19.757002,13.121131,7.203404,29.420599,7.047249,5.063450
17.906982,12.031160,8.656136,41.864376,12.049376,52.663044
7.437577,5.328349,1.750223,17.945391,3.845988,11.920253
7.841824,5.473898,3.223703,5.324865,1.987686,9.860637
32.111176,14.742678,13.241953,94.691589,29.508274,43.753868
27.852985,11.550822,14.842466,148.518967,38.445988,54.288937
15.458337,10.117705,45.838112,317.527771,86.190468,109.758766
14.145594,9.942751,4.147953,39.213547,9.876581,8.429358
43.554176,27.948101,28.757969,246.303299,66.682831,152.926071
12.920433,9.403753,7.276669,51.854328,14.674895,6.383687
30.470310,20.090740,8.243410,43.727802,10.707564,5.159810
11.042277,7.782348,4.423089,13.826906,3.826038,11.506310
42.640522,27.313889,15.203019,70.063232,19.877016,50.827915
24.277937,16.806377,14.702698,61.960091,16.718349,27.188601
13.148232,8.865925,5.599931,5.167420,0.740846,1.389950
7.630241,5.408561,2.759924,22.513485,5.424016,4.166225
11.901010,8.304640,14.051399,69.586113,20.065712,37.216084
10.917900,7.785129,4.249885,0.652544,0.663448,7.158748
16.223829,8.991565,6.560406,51.977184,13.387580,10.564282
11.372892,6.390545,4.658713,32.186527,6.735114,13.716254
27.120325,18.321394,9.538592,45.690563,13.714310,20.657347
43.640736,28.113525,23.118233,137.242584,32.529793,37.384991
13.074618,8.495988,4.063322,28.045694,7.118789,10.451994
9.298504,6.430720,10.883410,11.558381,2.460171,3.116047
9.701437,7.009155,4.093544,21.510740,4.655133,5.770019
8.652372,5.752465,3.263256,11.819729,3.705664,7.807534
76.179146,33.668667,127.637924,498.048828,134.852417,305.745209
24.072445,15.977840,14.282922,143.315308,38.510387,22.043818
17.452724,11.237888,5.509790,24.346275,6.059980,15.002229
38.413929,16.224691,13.560651,128.006348,34.861694,52.038784
36.441803,16.849926,14.745720,169.112839,41.693928,51.499943
34.956676,20.837320,11.727914,99.050285,27.185322,41.686481
7.145521,4.701015,2.774103,20.296146,4.989895,5.340940
48.630764,30.014105,13.742244,58.542736,15.910227,50.728451
29.984924,19.980284,8.339597,42.168915,10.619207,65.200569
39.428608,23.005686,36.397099,160.844986,38.498306,59.119324
20.981203,14.205252,9.570056,68.283104,15.418188,7.724903
17.377600,11.687143,6.259509,17.292818,4.005271,3.573363
21.478027,14.228640,11.503212,79.914009,19.380178,6.559898
4.494223,3.165510,2.199934,3.903130,0.547845,1.844004
10.901527,7.976746,4.024189,25.006891,6.206700,4.518880
18.758820,11.708369,6.850173,35.971878,9.014006,4.597346
6.545897,4.731748,1.638584,15.344131,3.092509,6.084223
10.766508,7.762569,4.894189,15.209740,4.311257,9.506493
8.068696,6.013118,5.707376,34.404964,8.340282,6.325067
11.276493,7.869493,3.789093,56.837395,15.043714,3.413370
28.291346,19.101198,19.707867,73.424667,21.577879,71.687729
17.524839,11.941517,16.260691,87.324806,21.692078,17.673910
44.454277,24.656473,21.248009,23.391510,5.569479,44.438702
8.834466,6.229336,9.240647,11.018461,1.606878,1.381086
6.150216,3.936354,2.737239,0.494828,0.399109,1.823167
38.587608,26.385906,14.495260,66.769135,17.560680,9.190726
8.225588,5.978218,3.345918,1.881497,1.576660,15.559752
11.300385,7.814636,3.371813,41.860424,11.218607,8.526278
30.137934,20.695799,8.839204,53.622765,13.519454,5.693940
12.854865,8.640634,4.443538,19.240030,4.374319,3.587270
12.687501,8.822557,6.952186,130.039490,34.071438,9.819041
16.268534,11.322699,4.183138,13.372783,3.102173,12.867803
36.323013,15.729781,19.649578,60.163960,15.230900,18.679579
14.915368,10.169773,3.551478,27.667831,6.118852,7.903172
8.592136,5.745198,2.892434,55.715050,14.131685,5.072358
24.290234,16.639723,11.545009,9.755906,1.917121,1.973823
19.084749,13.014048,8.683259,41.660221,11.112114,36.474213
9.827913,6.889233,3.169303,41.083855,12.052147,8.656024
29.323975,20.075193,14.869279,58.644680,15.374336,13.604369
11.615850,8.305616,3.406007,10.606483,2.537003,9.015423
13.499486,9.733780,5.338047,18.819233,5.179868,5.694720
54.179249,34.047363,16.814533,137.510742,35.946278,16.270287
10.419787,7.191201,3.523930,18.744221,6.527903,21.257668
5.031746,3.590364,2.090458,13.359733,2.785719,3.801747
9.064397,6.465136,8.420022,74.694046,19.131540,7.658330
17.836464,12.306390,5.107141,37.665546,10.515825,20.968449
10.767725,7.951192,4.464889,51.671185,13.944962,5.164766
50.459072,29.215591,64.411324,228.850784,60.331017,103.175240
7.026210,5.058705,2.737145,30.724728,7.291393,2.082173
12.901547,9.134875,9.474181,38.879799,11.613153,17.230066
17.215563,9.805702,6.233443,13.067111,3.992990,48.013153
29.031986,19.016520,10.580852,42.050991,10.282146,10.892841
26.057102,16.876785,12.868033,100.482971,25.819378,26.364677
24.529413,16.319759,12.271200,58.665913,16.353407,39.592216
38.188244,24.564825,14.702688,122.926010,29.741976,14.437740
29.689457,20.111183,8.711068,83.243317,20.350845,37.595367
54.731003,29.104481,46.473137,240.645630,59.901764,86.818413
20.067268,13.993214,7.457397,88.935379,24.350582,29.161533
42.678562,27.779718,14.949777,100.270416,24.830799,18.618790
26.341492,17.534618,16.647644,151.329559,41.703327,58.974060
8.221979,5.668470,2.417613,20.507273,5.836136,11.277541
17.499249,12.014465,16.880959,76.024132,18.036667,12.747735
20.781128,13.768604,9.343597,33.507168,8.462175,32.541191
42.567379,25.604486,23.090300,129.841171,32.760117,44.046658
36.346268,23.441534,33.936359,163.015686,39.946838,41.738132
13.294121,9.479859,4.036072,17.104883,4.467037,6.540932
25.820768,13.450483,8.510908,24.345690,6.233411,20.968628
27.772728,18.930820,24.616507,68.602715,15.930826,26.237093
17.244982,12.025755,11.988536,9.121279,2.461790,13.225679
11.007983,7.569942,3.957138,2.285684,0.642820,10.487028
6.305427,4.380841,2.745488,2.194520,0.710666,3.075067
37.685413,20.422611,19.291969,85.002266,23.836206,141.314331
35.278191,21.028946,17.581907,106.547829,25.559385,82.502350
14.381761,9.518225,15.231487,79.986031,21.655552,26.057796
14.720652,9.944410,5.550036,25.844376,6.848374,13.054461
17.821123,12.041205,7.379814,69.637939,19.495522,17.315077
4.751568,3.279918,2.632522,0.290576,0.508436,0.302166
18.863966,12.661050,10.000232,82.400978,19.132305,27.100807
16.785082,11.514084,5.268987,77.878349,20.321722,40.714329
30.032047,18.939535,39.940765,207.433426,48.870823,57.640274
25.213133,17.136332,8.208792,35.309242,9.976466,11.004603
14.196561,10.108655,4.638411,28.845175,6.900472,7.314670
17.837593,12.195333,5.854397,24.257542,6.139427,21.846348
10.985604,7.840311,4.413396,27.292444,7.121606,14.029831
13.885771,9.278676,4.974616,21.290670,5.572175,14.125605
17.292879,12.350891,23.427940,84.861069,19.930599,14.174863
13.458899,10.010646,5.737441,19.282640,3.134720,4.693040
26.469620,17.320196,11.540240,20.289560,6.221106,23.000460
15.253216,10.424965,7.304095,26.396605,6.007598,6.013491
6.619414,4.804244,3.502767,4.773167,0.458506,1.695322
24.365435,16.914827,8.767420,46.237663,10.925856,5.531429
37.445992,25.449316,12.063300,72.436172,18.244524,12.260363
5.708218,4.037079,2.386314,0.254451,0.495448,1.917342
20.443003,13.981454,7.880190,47.948097,12.336887,16.000780
43.322487,25.599220,31.707842,148.322632,36.294025,20.832924
11.895028,7.872138,5.332135,35.658096,9.846307,8.221885
32.394485,22.308521,15.248162,97.770920,26.058846,46.287178
25.314289,17.322659,7.021424,32.588840,8.532544,10.695411
8.545630,5.534372,4.398292,49.026161,15.046822,11.741250
17.124077,11.862843,7.420517,9.989980,1.588932,4.468487
18.143147,13.173190,4.834525,22.558868,7.256745,53.245750
17.082071,11.969063,8.181391,20.389380,4.364975,7.255416
12.475520,8.496185,4.862456,8.277389,1.710993,4.889593
29.806511,19.733429,8.769004,58.610577,13.656701,7.544904
26.833117,18.545263,8.132689,74.197052,21.068525,12.248298
19.309244,13.435316,6.442780,24.411142,4.505609,17.904379
15.311882,10.518650,9.668622,10.958258,2.450203,7.463120
8.597987,5.954878,4.118674,37.164131,10.939207,3.513901
26.122272,17.267168,30.923492,183.410263,49.428127,52.498123
45.221409,27.487967,24.699095,37.110779,8.310275,18.675137
9.605958,7.154269,6.720996,18.210388,4.660498,6.329401
33.838055,22.394291,17.477329,113.413116,29.812073,96.456871
6.110940,4.645489,3.681493,35.488224,9.540728,2.660925
12.701781,8.812210,3.510419,68.864082,17.644512,3.491486
8.513296,6.296948,6.787604,51.626251,15.160923,63.461834
30.115732,19.936853,18.936611,51.653484,11.601444,14.919261
34.389671,18.731812,13.496486,100.369164,27.231171,110.012741
27.904440,18.561104,11.992433,104.130859,26.072617,82.028328
4.760141,3.315534,2.392887,11.410659,3.299145,3.427778
19.214298,12.413768,15.432474,89.525024,23.105980,73.292381
16.118662,10.776431,12.640411,82.783157,23.618633,19.394337
11.581235,7.586384,5.624071,11.788194,3.008922,6.060134
22.243855,14.717310,21.585060,139.776138,37.305725,48.464283
52.570797,30.895807,80.549866,522.063110,154.664017,472.774261
12.177810,8.841089,11.093549,42.255451,12.568459,35.727989
18.625191,12.832485,5.653785,47.479660,13.021662,44.571960
16.322432,11.259559,6.427888,56.689129,14.212936,9.514480
11.736163,7.929945,4.040277,42.978191,11.791657,7.601765
56.386608,25.326759,35.200356,157.604614,37.855335,82.852745
5.589804,3.771184,5.275715,36.296455,9.319483,6.094297
12.686686,8.961208,4.694554,21.733509,5.318233,5.113488
23.011074,15.733359,7.345824,6.998110,1.187958,2.571829
7.221951,4.739100,1.563348,9.878909,3.445316,9.638803
14.194801,9.961355,5.960997,7.831261,2.437518,4.435650
7.646334,5.834644,2.898643,3.046387,0.235043,-0.200619
12.563690,9.098320,4.947674,8.285072,1.972991,1.625848
15.734755,10.695294,6.679065,51.970947,11.644621,9.032259
8.633094,6.113902,3.878596,28.437704,7.091391,20.592609
18.359264,12.824241,11.093299,87.861732,24.016537,19.182238
37.106300,22.424307,30.012014,139.115677,35.089939,42.974655
5.356077,4.009058,2.634223,37.019413,10.680246,3.004127
25.494144,17.728067,14.061894,8.489033,2.506670,4.407058
15.847439,10.957051,4.911383,44.412743,12.218287,4.669556
6.520383,4.938112,2.911777,21.693169,5.520831,2.316054
15.500464,10.936578,5.386432,11.544851,2.182472,1.804986
18.765957,12.976926,9.091451,46.766785,11.175410,14.892601
11.344604,7.834624,4.466029,20.872726,5.569807,3.395915
9.329933,6.711906,4.637998,2.793422,0.077246,0.525443
50.306133,28.307503,53.003075,309.493530,91.190399,273.962250
13.839542,9.824002,5.525216,3.340470,0.717826,1.396254
21.126081,14.415755,7.022470,31.938248,7.623332,9.174328
10.547342,7.209101,4.115407,5.754640,1.117829,1.771922
10.300025,6.938767,7.013582,87.511169,24.672300,15.097321
30.518156,15.969174,8.572753,58.545830,15.946576,13.438993
19.385620,13.494061,6.756063,44.002388,10.237655,3.552866
16.767195,11.927707,8.209010,21.873487,5.619168,30.501593
4.200844,3.048339,1.551371,8.675049,4.191456,8.088552
11.907115,8.664098,5.395107,3.942235,0.783476,0.476534
27.721769,17.998714,17.405411,73.521553,18.867510,17.601883
19.044474,13.282325,6.277785,35.032097,8.148108,3.642357
19.306982,13.331757,16.434191,97.986221,27.703337,49.206196
58.662617,33.091122,48.244160,290.729309,74.585892,65.512527
20.834936,14.405571,6.796941,28.629675,7.661269,11.833690
12.476128,8.882324,4.629375,22.984722,8.168007,11.640705
60.510998,33.989025,65.604263,305.029846,85.919144,294.662811
35.777756,23.878710,19.872461,77.584366,18.679409,37.771519
16.341248,11.549076,10.857124,36.015373,7.816144,11.111956
16.760530,12.226581,5.711442,11.503970,2.707451,8.074588
26.768927,18.142561,8.370277,35.062912,6.795007,8.329483
55.535137,30.585423,49.853733,317.994995,78.456741,74.927673
38.452724,20.377960,16.388845,42.194645,10.896417,14.233079
5.998145,4.337412,2.884068,18.260593,4.634641,2.414059
14.662593,10.411802,7.768294,7.100129,1.308722,0.726894
40.365807,27.185684,13.373533,62.021389,18.082270,25.130154
18.017130,12.233639,8.999859,75.746468,20.616076,15.805706
22.284462,15.732482,8.342340,34.557728,8.382886,1.614777
26.870543,17.982809,7.740726,15.448401,6.256606,15.342777
5.932110,4.061196,2.697773,16.126081,4.016861,0.996163
47.805096,29.396605,23.804743,110.545410,27.659445,46.611889
28.145575,18.210979,9.264524,61.815014,12.880226,11.292335
25.538166,17.401337,7.661331,22.993311,5.015461,3.117463
39.382111,26.168499,12.446057,126.142097,30.638647,19.245604
38.804844,25.542751,14.320590,55.212833,14.443247,67.767174
14.414088,9.239466,20.577118,99.523376,26.381714,17.301193
9.563542,5.789084,8.382595,38.946590,8.213868,5.962565
12.047682,8.381353,5.160093,26.973312,7.505117,5.148109
9.320622,6.497262,4.102515,1.284966,0.835069,6.230313
14.815047,10.789470,4.153702,16.886486,4.614688,4.207117
18.254507,12.687535,7.892884,46.851128,10.833385,5.058905
5.489921,3.917861,4.552219,16.658480,5.008235,4.747917
7.928259,5.798861,2.415782,20.601744,5.778041,21.050804
14.983920,10.080525,12.545961,54.487709,14.817560,33.450340
23.255182,15.909582,11.219753,13.321608,3.691391,3.738467
9.517229,6.779422,3.508911,12.548670,3.380049,11.210648
20.926098,14.919639,9.263171,46.740417,12.367012,20.504417
6.596961,4.938840,6.388465,42.878799,12.541946,6.337092
69.940636,41.908928,25.969252,89.558441,23.160978,97.702179
74.025330,42.530178,60.700214,419.974792,102.267715,73.849747
9.038735,6.064326,4.856549,28.057501,8.175949,2.275307
7.590726,5.129686,6.195748,13.117398,2.886375,3.968200
13.721472,9.921385,5.491256,8.389534,2.432621,4.955848
20.088432,14.064374,5.707362,20.249615,5.348825,5.763817
15.612253,10.699826,4.699371,32.313461,8.799895,4.813547
65.259949,36.602711,30.863018,220.999283,59.779968,134.342163
42.327324,20.296368,19.891685,200.323914,54.305962,139.132507
38.675316,24.582726,13.920742,68.645782,13.560307,12.249750
4.532842,3.511153,2.421348,14.978111,3.357740,3.039779
12.349841,8.211343,12.556233,122.725853,32.240841,67.095177
12.714380,8.584981,6.400739,23.512943,6.138685,51.720833
24.449181,16.090883,18.323938,145.919540,39.672630,46.840614
12.280500,8.456439,6.333004,24.515144,7.004583,6.608016
56.482235,29.914436,135.055954,504.529968,120.535652,150.627945
41.268257,27.348816,11.778976,98.143906,22.999376,18.679150
12.054665,8.497932,4.723220,16.834221,3.979866,3.988863
15.587534,10.020725,14.067348,126.126808,35.302246,108.212402
19.999239,13.953179,4.328252,122.137077,30.913723,6.817201
7.112170,4.921917,2.992690,2.016616,0.222035,0.941432
14.764578,10.004042,9.121177,45.544025,11.084027,5.560197
24.012081,15.986618,9.320361,62.578724,15.805535,13.101131
10.742894,7.626612,4.072264,34.417793,8.781818,29.278536
39.343647,26.137781,12.979157,24.171206,4.145730,5.313822
25.384956,16.750433,10.637391,38.784092,7.727638,8.105865
16.114798,10.801076,7.907354,53.905914,17.225611,40.029259
8.650508,6.104680,3.660799,13.034871,4.971089,39.993996
30.934952,20.877979,9.044037,28.982855,7.215975,30.777325
28.495768,19.652178,9.175100,58.015759,14.603291,7.836622
16.949799,11.771944,4.934220,17.407801,3.649873,3.196349
34.379444,22.791319,13.105179,46.231522,12.644006,21.296495
8.510729,6.011433,3.573527,19.081453,4.874620,3.730418
15.537819,10.945441,5.711051,4.604683,0.957866,0.682034
21.329552,14.798409,6.848579,42.128796,10.366222,4.018561
46.812340,27.901928,22.054550,168.132248,45.108620,136.248047
7.474515,5.193712,2.846577,12.625579,2.370881,13.713449
16.637087,11.292518,6.109681,32.710888,9.056784,9.669329
34.096474,22.366617,13.175601,73.205780,20.414455,13.985649
31.711262,20.167831,12.627612,105.798553,29.112564,14.086793
14.825006,10.329767,3.661119,50.959248,14.643221,6.614608
7.369234,5.194568,2.297000,17.711561,5.859222,18.420332
15.139682,10.915895,4.503327,17.210548,3.631030,4.831964
11.365927,8.111192,5.001921,25.064049,6.125105,4.335771
13.750734,9.669465,8.678297,72.991280,16.377920,5.074813
29.087704,19.957632,9.877768,6.313569,1.816391,13.751028
22.935165,15.648709,8.223684,46.314060,11.276595,12.004257
41.547756,27.012493,15.717571,64.929680,17.459183,66.020020
11.988864,8.555643,7.249496,18.670980,6.424847,22.302729
9.016899,5.988120,3.440857,1.299502,0.831934,16.156712
34.224781,14.408984,12.145818,32.614471,9.599896,31.985905
27.949085,11.151855,10.805434,26.770472,6.641097,18.363754
12.060160,8.637331,3.454544,24.665152,6.543988,28.121754
13.167748,8.765172,11.964317,99.308067,25.801180,57.276398
10.294179,7.080383,4.390558,19.681765,4.760839,2.887562
16.717939,11.548062,7.955150,35.842979,10.128338,24.332247
32.600719,22.013500,12.230928,33.168007,7.210445,19.992695
20.169447,13.868861,9.237269,63.732834,16.288628,58.794323
43.784554,28.227459,22.784439,83.541458,18.629679,30.190662
43.293468,26.403603,15.767639,120.439110,28.634417,25.814528
16.385925,11.235620,6.626934,22.173603,6.333369,20.462242
6.469336,4.991670,2.732076,33.561638,8.537211,9.401186
8.160126,6.103889,2.007994,25.076885,7.750412,22.651434
10.354633,7.662821,4.703290,41.477043,11.179586,14.909473
15.116841,10.699989,5.841612,15.864679,4.044830,6.264495
29.983873,20.489258,10.182553,67.304939,18.220819,17.972387
14.770290,10.433927,6.854046,52.209019,17.199669,46.106850
14.161172,9.616385,5.324221,60.504738,14.756268,3.190496
13.153612,9.547165,4.641857,24.929447,7.558181,5.566327
25.886734,17.403463,7.865492,39.935520,9.645360,6.953945
5.656363,4.267738,1.267873,12.947374,2.249815,9.074172
7.671544,5.584649,3.495234,34.580578,9.352242,3.857740
15.543532,10.421316,5.392320,22.478416,5.838405,3.208291
33.899487,18.848240,36.689541,210.050720,52.348946,46.534676
65.066345,24.054792,39.976074,195.525604,48.741104,38.473400
20.082308,13.620810,7.692451,32.127586,7.206812,9.477452
36.890472,23.803104,29.520094,134.288773,36.638351,31.280577
6.141774,4.277867,2.771659,1.739469,0.620076,4.907472
5.813180,4.668819,2.246143,11.701339,3.971591,5.401094
43.146912,29.447222,17.533258,60.765804,12.449963,25.500622
17.641092,12.083605,6.025378,3.271028,0.094568,0.548912
6.004014,4.546769,3.870183,35.083519,8.547705,22.510185
21.728239,14.953936,10.912807,78.382576,20.763636,9.472556
5.576439,4.057465,2.460612,14.810088,3.425560,8.972362
10.064725,6.723208,18.472172,110.414757,26.519115,57.023911
8.241392,6.047095,3.451694,3.828518,0.990271,1.760160
7.846736,5.359997,2.404172,13.903438,3.039454,9.974302
24.829428,16.382603,9.339326,27.671812,6.267258,1.867386
12.443027,8.716781,5.767157,15.371190,4.779507,10.545516
29.101189,17.380257,9.937507,35.494335,8.385138,27.232389
4.388241,3.313700,2.219931,20.020844,5.729240,9.503507
11.486327,8.248302,3.081477,33.873665,8.969279,31.008345
15.177591,10.339842,7.281069,7.596756,1.048091,1.271848
11.551089,8.186359,4.515543,33.122787,9.437815,16.835615
19.568075,13.646336,8.024258,44.289753,10.568800,12.574320
9.709832,6.889289,4.594329,97.749702,28.567785,36.159595
10.597554,7.805684,7.244350,33.938522,8.619119,5.275069
14.571332,9.932568,4.479879,43.733677,13.088644,4.004170
8.452577,5.992959,2.286976,39.112583,11.113311,6.749641
22.344736,15.648715,9.693336,49.511234,13.082854,25.183884
16.848421,11.475073,6.011932,49.523293,12.228823,68.111877
51.679077,34.087818,65.978683,383.871307,102.556656,78.134636
13.200986,6.668804,8.108718,25.953590,8.675979,47.513016
32.660831,12.395426,23.054871,139.264832,40.243580,93.834900
30.692402,14.645235,23.118181,213.316101,53.660919,56.579315
17.396187,11.831179,6.173822,56.646923,11.648327,6.916303
7.885724,5.619695,2.466975,28.740362,7.299317,3.866985
22.459150,15.579595,9.451563,36.019897,8.627594,18.755362
7.824431,5.466078,5.577591,26.155344,5.955403,4.008819
11.667588,8.062445,4.967087,27.409792,6.638631,3.081761
9.316053,6.628126,11.351053,92.859108,24.293217,53.071617
19.215942,13.398619,8.894620,23.277433,5.724233,6.301416
11.561196,8.470637,5.186621,57.351578,15.058467,2.787640
10.837686,7.820299,3.093427,17.371532,4.050419,6.640053
16.028387,11.258634,6.805910,4.592527,0.941074,7.943748
5.947916,3.939605,2.404293,15.308832,4.304396,4.503824
4.309958,3.052147,6.193229,26.233870,7.067094,5.582664
6.519779,4.720273,3.013274,31.866741,9.068500,2.808796
22.698395,15.404340,7.290393,67.169487,19.216553,91.429878
23.385864,16.034424,8.860740,65.175644,16.040432,16.622574
7.218121,5.256146,2.706696,25.638102,7.191745,2.054657
8.926753,6.097216,9.101278,84.475548,24.802767,35.464947
10.679356,7.437560,11.031304,28.408575,7.289712,40.330738
15.500660,10.835448,6.777498,17.311453,3.974707,6.803267
25.037533,17.585270,9.223021,85.824554,24.850695,23.395697
5.137750,3.758146,1.701167,5.000685,1.150305,3.285451
13.075888,8.640971,22.140079,110.407661,31.944286,74.729286
13.377106,5.827587,4.981798,4.433437,0.973538,21.162889
43.395134,27.558771,27.690762,25.301231,5.804677,106.636330
20.148291,13.823574,6.329612,12.033681,1.670282,4.925442
27.502928,18.746290,10.886323,55.509964,13.876997,13.682473
19.214439,13.466085,5.473031,43.346046,10.806694,8.640469
6.205654,4.476742,3.584378,14.695585,3.788566,1.220979
20.236595,14.096478,8.279817,39.408936,11.568852,13.886564
13.469365,9.537994,4.570945,25.643778,4.986011,5.054616
8.125316,5.883269,5.688147,41.982834,11.155955,6.090659
9.647892,7.084826,4.452212,16.776318,4.440783,4.305254
13.001451,9.126668,7.867746,30.821154,7.095378,6.306372
23.179296,15.409394,25.344908,122.413284,34.995728,172.325119
23.982660,14.951090,32.491528,229.773499,56.164879,22.222403
6.405258,4.577702,2.933963,1.974565,-0.186211,0.800705
8.787934,5.939990,3.347011,23.505228,5.401858,11.531587
21.468740,14.743980,12.090352,22.758286,5.329253,4.942098
7.326136,5.141538,4.149955,24.200827,5.442935,1.163905
27.216703,18.431494,11.119071,26.337898,5.834888,7.764941
16.421993,11.611280,5.525972,59.228909,15.017086,6.796851
15.187967,10.591166,7.459841,45.289547,12.011136,6.173304
41.875217,27.603579,17.690491,81.067009,19.929333,44.695194
6.558886,4.770304,2.618371,14.007529,4.769428,4.036019
7.663406,5.281209,3.451323,0.697523,0.344198,2.081436
65.529892,40.549648,58.552597,241.270004,65.361938,334.522583
19.386972,13.648874,4.802910,76.823555,20.259575,51.299046
28.925713,19.893337,11.338734,66.495117,19.678659,81.434273
14.434075,10.282443,5.928185,21.898304,6.421715,12.662035
14.178618,9.740233,9.972528,111.423157,28.458176,13.090338
10.056109,7.097413,3.243891,22.197159,5.156263,3.405058
6.296387,4.419464,2.685927,23.796862,6.054188,9.216266
6.580745,4.545509,3.061329,20.443783,6.030359,1.963191
38.896740,25.336306,12.504311,124.807846,32.225624,104.317390
27.717325,18.457027,7.048746,169.171036,44.548721,11.442823
30.299240,19.625095,11.742327,38.335434,9.466211,27.198597
29.266073,19.224766,9.960809,100.773949,24.946676,12.691205
47.333714,26.141512,50.993599,174.587433,46.507187,87.860771
12.304750,8.884609,3.222624,26.626791,7.099081,14.736390
19.736019,13.643250,8.740056,5.077233,0.737962,1.263118
14.442202,10.356887,5.806434,32.439545,7.815273,7.756639
9.174360,6.107484,2.994368,38.224213,9.549754,5.004550
17.142508,11.943433,3.680066,16.499138,3.769114,15.279843
23.033604,15.338894,27.476894,183.341827,47.549946,62.474228
51.963440,31.803112,19.911425,167.501740,38.095993,23.724266
36.690525,14.940438,23.816919,48.465942,16.661880,68.742851
48.414719,26.098976,72.168900,248.616028,63.328468,145.078964
6.091465,4.099169,3.067245,10.675547,2.365681,2.055828
28.539639,19.209610,7.961104,45.039219,10.403872,10.980638
18.005962,11.893858,10.170148,107.358612,28.978640,40.815750
14.070460,9.908012,4.937098,29.626566,7.008812,5.409269
42.642914,26.518818,16.268017,87.584198,21.019768,23.200497
10.205646,7.050167,3.369745,37.517464,9.389880,2.320661
24.041058,16.730358,6.449407,47.861069,12.548908,27.597227
4.999562,3.540454,2.438434,17.054039,5.171562,11.831197
11.145666,8.067550,4.211662,5.332776,0.510008,6.593454
11.993378,8.250209,5.287762,20.296303,5.258173,7.460311
16.052229,10.711311,10.973786,69.773560,15.509046,17.851234
21.761568,15.156797,8.027268,39.894150,10.026763,45.007984
10.931047,7.861627,4.107224,29.056627,6.590531,4.332209
16.612156,11.457264,8.527695,81.236374,27.010044,28.244793
40.428886,26.040949,31.556168,231.690475,62.100307,213.555161
15.145795,10.289147,5.073939,56.820858,14.873884,8.253168
35.325146,23.552622,15.274064,47.878967,10.574574,28.247850
9.066370,6.020097,4.101568,6.707387,1.980442,3.887449
17.113203,11.903400,7.641527,43.003078,9.462543,15.121219
32.804565,21.147417,13.036827,67.298668,15.877204,26.312023
7.944073,5.418997,3.019362,28.036768,8.595892,5.124484
9.761784,6.438805,4.953991,27.905792,8.319679,13.924233
28.958828,19.209633,9.854250,57.070927,11.276440,8.360372
45.369518,29.462627,17.077345,88.437241,21.981110,11.580980
5.836243,4.094965,3.328176,19.346622,5.514410,3.805530
14.613664,10.129324,6.525069,31.004793,8.235970,4.098622
9.394689,6.666551,3.810908,27.869812,7.207541,2.988293
9.818726,6.888202,5.442568,30.398567,9.233015,18.286667
38.139835,25.460007,18.029064,15.859835,3.239014,7.203947
7.298582,5.347932,7.457440,22.750574,5.722805,4.464336
9.620271,6.962449,3.074122,24.756561,3.642400,9.553532
15.903598,10.690151,7.126127,37.849403,8.008869,14.031119
5.010417,3.562930,1.842171,21.048859,4.881205,2.798780
4.745983,3.388184,2.320096,23.278608,9.435866,9.307527
18.075136,12.868104,5.880133,30.967268,7.611530,5.176411
10.780525,7.413437,3.768796,2.919451,0.637212,0.829750
12.887875,9.341920,13.902176,14.492674,2.953122,10.042709
28.167465,18.583656,12.654528,96.002533,23.083778,19.374994
8.093979,5.948322,2.512768,26.816298,6.240263,1.994701
8.277561,5.794293,5.517813,46.955185,12.591776,23.648321
29.844505,19.770098,9.928366,43.474342,10.771453,29.561625
13.494001,9.336696,6.542530,4.772488,1.256207,1.200086
12.162912,8.759244,4.375113,89.980698,23.742630,12.820024
6.814619,4.955317,2.772202,46.585243,16.971952,1.958653
4.111600,3.069868,4.319036,44.561611,10.921212,6.585660
16.789421,7.965165,6.928698,18.814281,5.420507,17.044798
16.155228,7.840620,6.908694,21.705147,6.072969,18.634007
16.728548,11.711228,4.371395,54.942135,13.324023,5.015331
5.791961,4.251824,3.851313,40.927402,11.508676,9.658707
23.580057,16.027306,10.435544,38.991039,8.153141,14.884563
8.169181,6.080160,2.606308,25.668507,5.430532,35.180714
17.091824,12.338403,6.987227,27.344215,5.571385,2.708869
18.928570,13.068304,4.323247,67.296227,15.500353,5.597097
23.363550,16.251583,6.382376,27.968212,6.702296,13.524572
18.234938,12.912585,5.503840,26.190090,8.472941,17.003935
30.910236,13.336357,11.991586,27.466345,6.485276,10.567681
27.019184,13.380593,11.032651,50.745022,11.184413,7.760163
46.469662,27.143782,32.178406,150.105835,34.468987,32.873474
14.087164,9.399275,18.864962,103.221748,27.049255,31.005564
6.363756,4.471576,2.288824,21.068092,6.555942,2.896349
52.840664,31.240381,81.041122,543.987610,150.006943,408.525452
29.507511,19.781082,12.518104,24.567022,5.912078,8.120381
44.709160,25.461178,31.046352,261.217102,64.427155,57.806511
19.135727,12.850039,10.677406,11.244047,1.751825,6.174927
17.780989,12.413133,13.096448,79.466507,16.084494,14.682666
12.666313,8.839011,4.487384,17.276829,4.900421,1.261715
19.862442,13.701606,6.323268,36.537079,9.899270,10.125834
21.529875,14.926023,7.008909,28.768032,6.201905,3.745813
17.836477,12.023773,11.401797,83.796814,20.747921,16.642572
45.662880,27.381332,43.373734,159.818665,39.332916,62.765800
21.417175,9.453710,13.753071,60.972248,15.774934,9.789075
23.709162,16.451710,9.598346,27.154821,7.036830,17.526386
25.597168,17.521908,12.769020,8.158392,1.293892,24.947704
31.350695,20.877249,13.059519,109.035278,28.714319,67.314133
28.630337,19.482492,9.926754,69.714149,18.291172,17.440771
14.264400,9.749940,7.068843,29.903608,7.122366,4.007817
10.292720,7.151084,4.663799,2.569753,1.128129,1.091157
28.675529,18.683420,12.760851,69.795799,16.983208,31.307650
31.317432,21.344515,15.803244,185.199921,51.651016,121.041985
10.258175,6.868151,1.930378,13.545465,3.256783,12.355227
16.174166,11.378237,7.489825,15.186089,3.937875,8.358198
27.054798,18.906870,8.535241,33.581356,6.684036,20.531590
37.185219,23.498072,15.088089,92.633980,24.870461,26.809628
18.314243,12.610312,5.599916,69.396667,18.572948,11.811798
12.952388,9.057050,5.402927,2.506716,0.152966,3.416528
8.960496,6.198428,3.147919,13.600194,3.537143,27.140852
7.763783,5.560520,1.925825,7.114971,1.783541,4.856574
30.915735,20.586208,20.023415,114.184349,29.828093,18.797739
18.754910,12.992173,8.232048,45.246254,11.047667,12.849056
28.344765,18.282932,9.644041,74.356216,18.991156,53.444042
30.406099,19.176306,16.366726,75.553780,18.250605,14.983331
31.639114,21.538813,16.748674,16.478415,2.040943,5.760108
24.527302,16.650671,9.419921,106.899307,28.174700,14.045322
6.616895,4.841013,2.617099,9.766747,2.936670,3.841760
10.780754,7.692144,4.834013,6.332769,0.490287,5.107639
23.903715,16.785694,16.888430,44.829155,10.710624,11.933790
16.438335,11.288259,5.223993,49.986004,10.992532,9.261796
27.508167,18.550180,8.952878,27.400255,6.417894,4.469778
10.744734,7.637692,2.838068,54.578838,14.628550,24.061304
8.884698,6.468760,3.495277,36.389179,10.925983,2.609472
11.201271,8.091540,4.021910,23.269699,5.592874,23.552370
12.624747,8.749678,5.050842,20.854137,4.427064,1.582825
8.853439,6.033273,3.633648,23.428804,6.219642,2.322895
33.663296,22.056309,22.025660,142.953339,35.891254,36.450134
37.633888,24.890493,13.676940,64.285339,15.889490,13.168513
24.004866,16.587566,9.937278,24.622189,4.803256,5.409908
4.715150,3.572696,1.155749,5.876354,1.429832,5.867426
24.421774,16.346832,7.771466,40.147160,10.659243,12.773763
19.382889,13.498272,6.975224,6.586668,0.890093,1.063421
9.138834,6.462223,12.374208,68.623154,16.472950,43.383972
43.901711,23.582481,32.867577,214.427963,54.422298,90.330078
19.279835,10.275585,7.659798,60.078331,17.194286,18.367298
21.682589,14.858775,9.832380,9.363101,2.476241,5.018670
20.571772,14.384158,6.936656,5.205518,0.290117,6.701039
19.065969,13.141008,6.614930,63.813225,15.821930,5.915293
19.219709,13.742527,6.049506,50.391159,13.099525,19.977413
11.583373,8.071963,4.085524,31.593838,8.220376,8.511762
15.254246,10.586411,12.451033,42.334000,12.022854,83.613838
34.598545,14.733184,67.606354,509.423981,146.688614,149.185440
5.543466,3.842975,2.583932,20.611958,4.158453,12.221422
14.498260,10.050852,5.058751,72.246109,19.147774,18.424776
35.410480,23.827690,17.133596,143.448807,36.598866,27.017616
12.955905,9.031404,4.458643,5.445117,0.557258,2.424583
79.418068,36.356625,85.972153,450.112488,118.240150,231.970840
49.624512,28.351936,19.665794,128.997208,28.739002,48.616398
23.303713,15.778082,12.754225,74.116470,18.111364,19.391432
47.093460,29.142979,68.307541,314.676056,81.132629,198.183105
5.773283,4.010413,3.288649,20.343315,5.190552,0.961398
17.268389,11.513574,6.463378,40.627239,10.821698,9.748165
8.185456,5.915882,3.761376,3.392846,0.538889,0.570655
35.297531,18.624775,36.708309,291.746002,72.703674,69.791817
25.194204,14.434712,10.919723,32.575161,10.793855,21.902605
36.795284,21.334822,27.376476,70.988235,14.572389,22.304523
7.575465,5.195263,3.729820,28.940771,7.265910,3.559219
11.833657,7.938787,5.198013,4.501068,0.777906,0.538258
42.159855,25.538713,29.980335,299.551117,80.068100,38.877571
102.681084,55.358688,55.783028,218.964905,54.233284,39.512676
39.602188,26.266308,16.660465,88.003960,20.581936,15.460924
12.505046,8.588453,7.628325,32.730450,7.557591,8.672914
25.706146,16.976568,19.538271,73.436356,20.200417,19.672077
18.497440,12.250313,5.952570,23.702662,6.246970,3.887756
22.223446,15.159795,6.432411,23.068806,5.530159,7.010876
16.273905,11.096579,7.194514,15.804304,2.668721,3.145396
7.587104,5.561395,3.332688,26.078341,6.485637,7.225066
7.497962,5.481581,2.607337,23.877382,5.269348,4.003650
10.060602,7.321455,4.084213,5.449528,0.919811,6.228938
13.852483,9.731112,10.974910,22.325722,6.129194,13.501125
6.878007,4.826863,1.710605,6.030638,1.520074,5.552309
35.052822,23.605646,11.580973,116.608109,30.605047,27.849054
22.060289,15.277052,10.207493,7.528262,1.065842,2.160776
24.424156,15.926271,19.773354,114.058708,30.933250,95.464134
13.878812,9.442914,4.217708,62.349064,15.219467,6.573412
27.112585,18.837347,6.086755,30.368340,7.036198,7.619301
22.708954,15.622426,7.703383,33.801414,8.205462,26.640638
10.177866,7.167692,3.724818,10.212957,2.529969,5.892406
20.755808,14.519448,8.457705,22.582539,4.382861,5.903258
23.656775,16.470579,10.253167,8.719183,1.042747,2.089554
24.399694,16.769623,9.575005,45.017246,11.947897,8.192802
25.520155,17.167500,12.257298,43.455860,12.294034,15.602458
17.604576,11.862014,6.594893,17.632126,3.762783,7.559813
7.585619,5.336426,3.490285,30.409435,7.626250,13.931201
5.865348,3.846187,2.536288,0.458713,0.100293,-0.864985
19.782202,14.030356,12.108147,60.258190,16.240967,20.311249
5.723130,4.063409,2.875957,1.931764,0.363937,2.276917
23.446829,15.399356,31.425913,86.419403,21.066057,47.331192
15.150514,11.164849,4.068048,21.165142,5.445025,16.098621
31.837940,20.716635,7.358444,65.545097,14.893888,16.524199
29.883923,20.231104,23.207516,83.969620,24.383913,105.848450
4.896962,3.556497,1.924263,2.077765,0.253082,1.330067
12.460225,8.862441,4.481828,29.928698,7.171428,13.176558
34.693771,23.895983,20.855392,56.588737,12.921900,15.409080
6.099427,4.108151,3.089895,17.847498,4.684562,0.566671
6.842869,4.876463,1.407025,8.803028,2.750069,3.612756
81.877663,34.483265,107.671745,599.270020,158.991898,516.669495
31.809599,21.448490,7.552690,34.773167,9.377551,14.296941
18.862513,12.609762,15.182826,137.769379,34.057747,16.579090
12.786142,9.128071,4.629879,18.205357,3.851070,3.088184
11.372288,8.253766,4.542190,17.428370,4.183632,7.054944
24.973038,17.413963,6.949226,48.474751,13.723543,55.457672
8.879124,6.019194,4.149537,76.874306,21.254673,79.785255
19.583229,13.982949,6.465933,41.282539,9.703021,18.157396
8.080952,5.659583,4.006408,27.553827,7.451931,4.459153
20.380610,13.968764,9.324700,38.680450,11.413447,24.610495
7.369267,5.426819,3.228266,20.284149,4.584524,10.114092
12.744433,8.949200,4.863264,39.985485,10.952506,14.897550
43.370293,27.483252,18.801861,89.505943,24.761118,63.975155
31.847675,19.824286,32.955040,240.067337,63.742863,91.318581
21.007257,12.547634,10.836053,15.051441,4.304814,22.586012
11.631324,5.318811,11.146449,38.283203,10.489510,35.289684
29.231768,19.961843,11.579931,89.303650,23.408850,12.620975
14.923441,10.303012,5.118332,73.112442,16.611614,5.542823
76.819107,36.379627,34.541409,80.065666,21.391611,141.244888
11.743334,7.972872,4.220562,53.288971,12.903130,11.992740
12.636112,8.606386,3.132255,56.625244,14.615603,8.063563
68.178619,30.392588,48.095081,205.376450,54.732777,35.873848
12.338692,8.572478,2.573876,21.988993,6.347407,30.249363
12.079209,8.478900,4.231012,38.687981,9.441955,1.798278
20.350273,14.085657,5.958303,19.705313,5.737100,3.806907
10.849923,7.757212,3.979449,9.979102,3.064449,3.016479
10.092304,6.702295,3.874222,30.247192,8.208719,3.671739
22.314030,15.118798,6.518406,45.402370,12.325019,15.782018
8.637981,6.051467,2.141054,18.647152,4.505211,9.720586
43.460682,28.821520,15.492480,59.140034,13.962140,11.428540
18.924704,13.093179,5.814642,41.510246,10.210048,4.585791
25.271605,17.150162,9.080173,32.495670,8.250815,8.799693
18.910051,13.122462,10.780730,67.556335,13.880578,6.033827
10.148789,7.491975,8.556869,29.013784,9.302155,26.130751
28.874414,18.037874,27.151020,170.192596,42.338379,25.409445
17.820807,12.147326,12.178283,91.286148,24.241558,24.558973
44.181923,25.939632,32.781544,139.178741,33.312370,100.093987
7.745480,5.413767,4.464164,13.554901,3.037491,3.307551
25.900404,17.040304,12.094672,62.484108,14.426633,14.597328
21.072578,14.514541,8.226859,40.514709,10.705922,3.438984
23.011848,14.878859,10.119858,75.727737,17.992773,31.763065
12.306272,8.560071,4.758604,14.242499,4.199848,7.383601
16.799355,11.448840,20.698860,124.832794,33.031582,29.791258
11.110533,7.843519,2.404779,12.551129,3.253540,8.089530
44.588223,26.487333,17.812332,118.164505,29.388523,17.416643
9.029294,6.572919,2.959179,20.418070,5.638100,2.520118
74.082047,36.031006,92.599518,442.118805,111.807030,141.877045
5.216382,3.801504,1.117494,6.341856,1.771235,2.724482
27.825268,19.559290,11.018593,27.628775,7.726621,6.375409
17.508463,11.975543,8.676515,27.938856,6.435117,6.760898
14.176752,10.198193,4.682170,36.906864,9.902925,4.043931
36.168449,24.097908,25.995356,215.049454,58.313103,225.097748
10.661881,7.228160,4.912457,2.527570,0.681476,0.465157
42.105267,25.598871,26.985312,56.844894,11.663095,26.468639
32.464687,22.461691,11.798711,65.258080,14.571598,20.787205
17.924040,12.649310,4.991130,36.649483,9.410477,5.241201
10.705636,7.337946,4.404408,6.464459,1.145657,3.512611
27.561113,18.944658,9.362536,58.956142,15.078400,8.865609
25.522573,17.129477,12.551328,99.014214,23.159176,7.799066
11.601012,8.309119,10.551544,85.732147,24.352098,8.344791
21.879580,14.866836,9.211195,59.728077,12.773746,9.611131
11.851289,8.225703,4.125853,15.986938,4.980610,20.113371
14.222727,9.931288,4.928088,41.582596,9.664696,2.052444
10.082013,6.998883,4.193760,40.200123,10.473267,10.499137
11.662965,8.424314,4.637786,16.235201,4.676349,20.247183
14.935252,10.588066,8.148049,33.354034,10.071187,39.083885
11.618355,8.217698,5.789832,9.184232,2.734258,3.113653
5.020424,3.484345,1.371630,8.074722,2.120197,4.360266
9.016295,6.479240,4.514060,19.161148,4.504626,2.913581
31.598528,20.414236,19.637569,223.244232,55.400700,28.328804
10.165623,7.004416,3.482137,22.867441,6.556551,6.438470
8.173774,5.725131,4.892462,9.943027,2.204722,5.422921
21.881317,13.915686,11.396237,102.320435,27.335070,53.676727
20.809381,14.683295,10.082300,4.406616,2.191932,2.124352
25.251806,17.478630,8.030472,53.444466,12.971254,8.458309
47.582867,25.009548,70.506897,357.190796,94.308586,143.795135
20.798458,14.281948,7.853668,61.466774,14.684069,12.715721
27.356716,18.496138,7.122854,8.151894,1.618697,12.235423
19.862444,13.297968,8.490386,106.228119,28.521200,16.152180
39.876400,22.029181,41.186741,254.772690,63.111134,84.820053
25.714771,17.012184,11.458761,30.173313,7.408611,39.612717
16.202354,11.443848,5.922939,97.274185,26.654472,8.350531
32.299843,21.529854,15.322283,112.723099,31.081417,59.438858
47.537899,30.596252,44.350079,289.148315,78.050568,137.973068
26.405094,18.339548,8.327039,53.009823,15.091683,13.195062
52.016045,32.870899,22.813898,125.361755,33.594906,82.821327
26.698547,18.146133,11.909866,79.700584,21.830778,59.922199
10.395323,7.000350,4.308974,37.963993,9.961618,15.345911
35.280247,21.562572,11.581714,107.950027,27.530169,15.177048
28.845444,18.794662,8.848566,14.403543,3.046158,1.982221
5.425521,3.937148,3.176663,9.047700,2.678370,-0.419774
21.021425,14.399999,6.955777,35.859184,9.527104,46.553997
7.303283,5.547254,2.673973,18.018944,3.571855,4.015142
23.632330,16.261395,5.651571,41.633781,10.272080,10.055121
5.773886,4.218176,1.500144,12.666908,5.009475,9.024435
6.496504,4.337157,3.422291,19.861305,6.980730,43.169884
7.618252,5.687675,3.415230,3.699478,0.217695,2.377828
20.646847,13.807506,8.280168,75.157738,20.714014,66.377968
8.883569,6.269577,2.873011,51.525440,13.654183,5.186111
56.902046,27.978949,47.133587,368.301910,100.201012,122.299873
17.284208,6.248400,7.054797,58.056507,13.157290,15.485323
45.736053,29.560579,19.226810,82.117775,21.031668,22.903084
9.576002,7.000018,4.058199,7.725528,1.642207,4.801007
5.791862,3.942054,2.752656,23.318010,5.812529,2.427135
24.939039,16.655294,11.700789,63.206039,17.451603,37.066380
20.357758,13.619060,17.508028,68.561577,18.316080,10.354996
11.071096,7.971346,7.119822,43.638557,10.485482,41.317097
51.301537,30.419455,24.810423,108.260101,29.803694,118.340981
24.178869,16.229212,6.580183,40.674068,8.749175,10.120882
40.506996,24.844034,71.345512,358.480469,88.184357,82.604759
10.310121,7.163214,2.466207,27.151396,7.931154,11.661044
4.487904,3.428669,1.167493,12.217581,2.764311,10.129055
17.177116,11.649663,5.893488,34.469536,10.186313,6.108271
24.795824,16.297777,8.948684,52.940273,15.361007,39.844620
28.142834,11.376787,16.255991,133.579086,37.484528,27.152922
29.067337,11.923843,16.276764,142.126678,36.697895,20.251196
14.846654,9.895040,40.390850,200.979904,50.983929,69.919678
21.893625,14.725582,6.788194,31.887918,8.610927,26.742086
38.524185,24.991528,16.694317,136.928986,32.543640,23.102888
22.446596,14.797189,21.178047,137.680862,37.672585,144.366837
5.555922,3.927583,3.312900,18.597950,4.884312,4.079219
24.337618,16.593872,12.356659,34.919350,7.713840,5.359775
12.588922,8.741535,8.085837,44.481255,13.431005,34.299450
6.653738,4.538567,2.598520,11.941883,3.218303,2.674646
10.746235,7.666019,4.768046,20.180899,4.530649,18.842377
13.129363,8.948829,5.156865,31.011507,7.600088,5.607436
11.750824,7.889735,4.685922,8.863264,2.314179,4.174246
17.486237,11.714691,5.902047,78.799095,20.988848,9.313347
9.466614,6.801400,5.431512,17.806412,5.328403,3.596806
30.626087,20.272945,11.038800,49.261940,12.730565,10.182291
6.057436,4.487607,2.303970,31.853336,7.672103,3.573687
10.095709,7.133969,9.461507,60.993530,13.349895,14.783478
13.607863,9.165004,10.387239,22.971416,7.269413,28.958557
9.161853,6.548645,3.881300,27.595991,6.424335,4.472174
16.606815,11.924347,4.784310,31.824041,9.675757,5.135148
12.515847,8.635330,6.453042,12.055479,3.141639,3.302871
7.490161,5.040993,5.273089,41.877010,10.573415,9.102205
10.785323,7.396014,4.349538,2.667706,0.712537,1.900561
27.158409,18.787819,12.236829,71.299248,17.252037,33.769920
18.238834,12.662909,8.038483,30.374828,7.885653,47.499725
16.174992,11.227384,7.412223,39.699680,9.994328,4.579738
6.664512,4.712181,1.530807,20.147179,5.137092,13.168227
32.001690,21.141325,20.506950,43.791447,10.736098,59.567020
13.387161,9.363240,4.730528,26.128075,5.554517,3.932341
8.834737,6.252501,3.068852,14.611423,3.577959,28.047314
18.880989,12.709866,16.214781,122.752480,31.119114,45.839531
39.770481,20.722382,109.203362,568.742004,155.264206,612.989258
9.087318,6.424729,1.936749,8.355776,1.814471,4.820423
32.433361,21.731852,10.507720,66.910675,18.374517,14.812965
10.528597,7.482594,3.964370,41.427254,11.790996,18.461134
22.186161,15.037643,9.977345,80.503624,18.027031,14.077161
53.079750,32.084469,56.490826,254.944122,63.015030,221.392609
10.027390,7.049555,4.821558,20.121746,4.799586,26.362003
17.811371,12.317178,6.171891,34.684544,9.160299,4.492180
8.900738,6.428577,3.546122,16.118141,5.099538,8.296483
5.895720,3.967921,2.606683,12.358781,3.717338,4.529583
23.447559,16.844576,8.928226,10.693342,1.636741,22.523447
9.627115,7.008535,3.719260,18.129044,4.489310,27.449692
16.393152,11.489323,8.229842,75.563789,17.652981,8.904437
36.952267,19.664942,24.661978,112.256134,31.751707,22.311625
36.705261,21.037361,11.580448,128.353333,35.153061,35.965298
7.206682,4.915484,2.016549,13.873441,3.859748,11.481840
11.770165,8.584594,4.503088,10.730289,2.452065,3.030840
14.044260,10.068927,8.023351,23.506275,6.914381,11.995883
18.801407,12.653054,4.696745,136.952881,36.412304,54.259483
20.989243,13.166368,14.848709,91.717964,22.193310,11.834959
18.192556,12.348847,8.759633,115.532173,31.384636,44.444603
29.200207,19.313944,13.712243,52.150013,13.587009,17.895212
14.250809,9.973639,5.878828,27.686981,8.354810,9.175753
21.634142,15.070368,8.151540,35.267902,9.947637,35.753086
51.914642,29.806551,51.336994,181.895767,40.536316,39.337585
53.456387,23.931959,67.018356,288.650726,69.979828,49.286167
71.211067,39.574226,113.543930,688.662964,181.301422,320.402435
42.211304,22.451284,32.235325,173.855698,46.244370,38.642788
10.253633,7.365386,3.642179,19.317642,4.635264,4.721867
39.528038,26.336973,12.980169,80.909309,22.214016,32.009960
39.014420,25.311430,16.998428,108.512314,30.292789,61.655945
20.372120,14.135395,11.993343,71.365692,18.002590,23.275318
12.818443,9.262923,5.012506,10.950820,1.797938,1.439640
6.538002,4.348602,6.164791,94.870850,22.729763,13.692533
54.847050,22.773523,45.599720,135.264511,37.920029,100.904694
54.263985,23.242443,52.582554,187.088776,46.920723,111.749802
4.724860,3.461087,1.491461,14.468584,3.054221,9.710080
16.717161,11.472017,10.993883,54.475552,13.565580,10.184597
13.466912,9.727833,4.693826,18.850367,4.025725,6.263461
28.147261,19.116449,8.120565,43.819336,11.212663,82.748322
33.672489,22.334949,12.314328,86.455864,21.566875,16.454435
6.608685,4.631643,3.522540,18.402775,4.253823,13.277292
24.929201,16.676643,9.456821,69.746185,17.940832,43.907459
19.430603,13.167631,6.246988,50.148956,12.654897,45.709618
6.086605,4.186859,3.842106,17.939449,4.625472,4.644330
22.973671,15.524349,8.585902,49.933895,11.632787,16.195118
16.007933,11.333852,6.145845,10.999318,2.893694,6.211541
35.841724,23.666416,11.510420,70.036720,18.890673,7.392222
14.225524,10.060052,5.117699,3.900468,1.061527,3.396889
48.051853,30.351990,21.404619,104.215797,26.802975,20.942528
20.058342,13.828311,6.111821,25.005816,5.782708,11.936415
19.495798,13.590810,6.306471,18.563366,3.350221,15.518863
89.427895,30.527596,90.022728,429.425507,123.821381,524.974731
36.140427,23.042604,11.948512,76.953003,20.781664,85.264404
7.952036,5.719528,8.004089,65.435333,18.355988,32.230247
7.555336,5.718969,3.251749,21.373713,5.167222,5.613750
25.223927,16.966957,16.045397,132.622086,38.238098,143.481369
13.180851,9.501421,4.537419,30.857065,8.319872,4.817396
29.875412,20.352015,15.596711,63.249737,16.397291,19.335436
15.789006,11.008936,6.860573,3.835044,1.080748,4.963908
28.446627,17.829235,25.400942,154.552032,41.438999,69.091537
11.908185,8.198042,4.502802,35.167393,9.043394,6.833446
26.883497,18.503407,8.753691,37.158371,9.738792,7.831242
18.724821,13.590403,8.530439,8.451412,1.943810,3.512386
7.933860,5.879182,1.409777,19.382082,7.237810,16.145199
4.976441,3.227097,2.237507,0.998346,0.099760,1.593971
16.683462,11.285103,4.741288,41.866653,11.371923,12.432489
31.908993,20.246336,26.675444,132.356064,33.718048,61.081287
18.551628,13.105494,5.474878,67.770027,16.964684,6.681483
10.647210,7.590774,7.778030,41.562199,10.483248,11.609223
26.185789,17.642498,6.176433,95.954636,23.877190,11.044625
45.339218,28.856531,28.657389,108.925423,28.142403,60.261719
30.509455,20.819719,9.604009,89.020447,22.716501,30.322115
18.261900,12.693951,6.634963,61.916172,15.534594,9.249511
18.116102,11.953424,6.288781,51.427437,12.068368,7.631814
31.541136,20.885483,17.106380,205.416306,54.676174,128.637482
25.754728,17.442692,7.627481,32.640755,6.550228,12.844134
39.438511,25.569887,14.499088,92.997513,21.829241,16.800837
56.665359,33.776035,20.703400,173.505508,45.550415,86.203735
13.925470,9.869677,3.934373,35.571869,11.467437,3.926587
12.045231,8.311908,7.917712,35.702034,9.450103,11.872823
24.943373,16.329906,12.920142,98.141182,27.196123,16.027203
7.369047,5.470134,3.176829,22.349951,4.796485,7.879613
27.041101,18.193205,16.338549,92.581314,25.048655,15.898524
26.299305,17.702898,8.400969,35.288475,8.486507,5.526005
14.836655,10.308067,7.164608,49.698566,14.394319,7.003392
4.779842,3.590869,2.430300,1.180763,0.839003,2.264796
21.761108,14.328090,12.049529,71.472046,17.328989,13.349442
9.873813,6.432868,3.842534,27.247179,6.732006,4.112617
16.511511,11.213543,5.619676,30.887289,7.908468,11.913363
8.471972,6.125742,4.857660,38.509972,10.059504,11.772207
6.446449,4.416502,1.549732,14.324512,4.727830,6.966826
21.851822,14.474626,11.125770,79.820892,19.375000,8.818140
19.561029,13.282619,4.850595,38.943192,9.592055,21.830439
5.854690,3.876254,2.408599,25.902184,8.596810,2.051843
81.463432,45.998123,152.046097,771.517639,212.449356,258.479767
48.311386,32.352905,33.085976,264.030121,64.517647,34.467449
5.412704,3.771735,3.104331,18.681242,3.394465,3.479657
11.795942,8.079024,5.254045,10.549725,2.586909,18.565744
21.020998,14.321957,9.872422,30.512953,8.380420,6.545384
23.383591,15.612437,8.086920,42.848927,10.927284,14.568291
8.399019,6.190117,3.749527,3.076065,0.621964,0.232313
17.257187,11.446249,6.958393,21.633554,6.583403,29.754341
38.306545,24.395813,16.251337,206.004150,54.803204,61.630550
24.667137,16.477684,5.705747,85.660843,24.518476,51.253902
66.987991,36.758820,48.443844,216.386612,51.955868,56.553261
10.621090,7.742154,5.530072,1.507463,0.056085,4.637695
32.311520,19.761635,41.892250,166.227142,40.716793,50.566788
25.220728,16.580938,8.468600,68.073631,18.610579,10.346930
27.934196,18.328312,25.976606,257.147186,66.966339,25.718199
9.107792,5.948538,2.636278,30.619362,9.259725,23.488609
20.258083,14.090686,7.591985,4.929708,1.560333,5.404241
22.394251,14.975438,5.769300,28.810221,5.774634,5.702919
22.443853,15.475564,24.300074,102.834099,30.370377,117.453789
19.678942,13.264915,24.529015,107.283051,26.699984,131.326126
34.835541,23.199507,11.175034,61.084106,16.568594,10.449101
20.497921,13.891579,5.681477,49.274254,12.921906,19.537897
6.641144,4.674542,3.106095,19.445021,5.556361,3.642499
9.804790,6.942216,3.810991,90.236176,24.027460,45.611145
20.913857,14.297438,7.640937,35.345066,8.956430,14.253913
18.363014,11.914213,21.289722,90.060593,26.159622,69.342484
13.421807,9.522756,5.128800,36.568817,10.784431,9.750797
6.490203,4.557383,3.335925,10.351451,2.826420,25.291323
20.884411,14.478587,11.058527,44.304932,10.944177,14.714699
67.617416,40.831089,81.047150,313.073761,75.978020,91.953606
18.049789,13.071092,7.646508,25.306805,6.856252,4.497965
35.969879,22.789377,18.487804,109.431641,26.948721,14.951209
20.482250,12.200217,38.624748,285.765808,70.930809,142.276855
32.811203,21.895519,18.358402,142.221344,38.563679,102.228996
32.595383,21.638441,13.708440,41.151489,9.467283,6.990149
14.227835,9.739915,4.520936,39.472855,10.695524,42.553627
21.641161,15.021939,13.491879,27.628794,6.982113,20.432976
9.861401,6.875243,3.367501,19.208176,5.839319,5.313744
20.414158,14.158066,4.343279,43.120060,10.445348,11.068100
5.592153,3.914864,3.727726,28.971720,7.884234,2.243444
8.715464,6.175382,3.561390,2.359229,0.935667,1.257416
19.066364,13.552526,9.302877,62.235775,19.443197,6.435075
21.768589,15.323866,6.717610,23.155872,4.883720,5.551387
15.386977,11.069849,6.858303,24.987940,4.811979,14.845054
53.989182,26.980204,17.743233,128.119965,37.420837,92.332626
79.907295,30.294748,150.953629,862.123840,219.560913,482.597870
20.978516,14.067546,8.918369,53.130932,13.471102,17.045124
15.349241,10.799090,4.460250,22.619005,4.667762,1.975449
31.286892,21.284325,14.696702,56.928833,12.915236,12.985214
9.645975,7.046469,3.496384,12.554290,3.073270,3.278552
21.433632,14.693845,4.587254,45.593319,11.129977,16.825939
16.329638,11.581196,6.211083,78.983704,22.941555,32.703571
22.073528,10.834074,19.663519,57.105213,13.426967,12.341572
13.025455,8.919909,4.395493,17.199162,5.035731,10.321903
9.232800,6.550045,3.629833,2.872645,0.336336,0.864079
16.761623,11.808279,6.932658,7.986029,1.411033,6.631549
8.926270,5.895966,12.150132,128.589111,34.281940,66.019508
35.533970,23.834566,8.261219,76.797142,20.548304,18.805916
13.830802,9.631657,4.406501,26.288073,7.079539,2.093449
10.749495,7.343113,5.235288,21.804535,7.755346,36.271423
11.618002,8.280915,4.818604,55.969856,15.472288,2.341572
20.189587,13.765061,5.086246,31.016766,7.105153,32.220043
5.306616,3.797892,2.336291,22.041292,5.456945,2.057640
17.095356,12.045056,5.214669,25.390848,7.449512,3.196381
24.352982,16.770655,14.863617,67.778473,16.551241,16.935802
19.722050,14.119467,9.578637,61.069378,16.913359,24.708370
23.097546,15.703135,7.849316,48.666046,11.685000,12.518267
23.764254,16.070642,8.575428,67.656860,17.250092,8.915111
10.869449,7.684059,4.087202,16.840132,5.666175,31.875961
7.742390,5.242654,2.079551,9.992350,2.015635,4.570307
9.453757,6.541261,2.888374,28.002811,8.599524,4.778813
17.768406,11.649008,5.048886,80.346382,24.024475,21.168802
12.404561,8.926412,3.949655,25.083420,6.719994,3.939287
29.429331,19.869537,12.929730,86.601990,21.275452,7.313610
12.957830,9.449335,5.074236,16.508167,5.303536,31.797398
14.296313,10.032605,20.310909,16.679985,3.630006,10.366055
28.411900,19.361277,9.120520,48.664066,12.102425,10.507065
30.601572,20.660347,7.619595,64.550117,18.313629,35.271095
40.032959,26.479755,16.819633,119.915123,33.529560,36.436638
11.439054,8.452680,2.942517,17.018799,4.788949,13.586292
14.592957,10.048247,5.088288,11.018579,2.232425,1.894156
8.242222,5.560566,3.651819,2.800183,0.529089,1.394855
39.475006,23.102734,35.710697,232.711548,59.272652,55.273888
37.087631,23.955620,11.843915,65.306419,15.502004,16.037916
32.224358,21.100521,12.288323,93.571480,21.016895,10.677667
5.703135,4.168336,2.563866,5.086721,0.578369,1.446947
11.132494,7.721469,2.978568,29.162447,6.787473,7.598759
30.637651,12.805859,12.592443,25.778954,6.741442,4.549819
73.480934,43.980625,71.422836,53.594521,10.741055,54.334030
52.385410,26.727488,76.402100,334.490540,87.771881,303.646393
63.731998,38.192867,51.937874,287.727325,71.394600,212.760925
24.075802,16.743881,18.132380,65.217415,16.348574,64.556770
24.778881,16.758366,7.541766,52.448643,12.909218,7.202143
17.480793,11.776434,3.617807,31.165117,7.288433,6.071787
5.036872,3.386450,2.572171,-0.832499,0.417556,0.159860
10.018318,7.093662,3.965241,19.399887,4.106290,2.918501
24.560215,16.939993,7.979304,74.357719,20.041683,24.625996
5.837194,3.743235,1.378388,3.297421,0.436277,4.510066
9.207932,6.507627,6.831601,22.547161,6.432005,53.923218
28.984552,19.531063,14.241056,138.789673,37.496578,92.108055
10.098824,6.937884,3.067303,24.789867,5.679773,5.038303
38.232243,25.032480,12.193760,64.470795,19.604700,45.026600
24.889608,15.722361,11.289848,83.281448,21.347645,31.120174
11.102818,4.862810,5.325065,46.837124,9.595537,4.530290
17.708115,12.354284,6.489527,42.367889,11.777355,4.373815
10.867659,7.275307,3.040902,50.080467,11.860023,3.992267
25.399233,17.305006,6.088267,77.270653,21.906744,7.779802
48.202991,18.497057,30.441401,116.414360,32.960400,48.650116
47.309792,18.549093,30.291992,117.408730,31.885260,42.102062
10.212441,7.320451,2.874685,36.182316,9.389654,3.836462
28.547169,18.991747,10.812967,63.907757,17.773861,27.514790
12.028253,8.555111,3.055336,27.572874,6.729290,7.422092
27.692810,18.740086,10.635204,23.055676,4.594880,5.174110
40.579067,25.831482,20.499773,155.884354,38.319324,31.997360
18.006613,12.529756,6.244193,28.177879,6.881107,33.716599
5.706862,3.325875,1.703589,9.627158,1.933559,3.680213
27.872835,18.982964,18.892086,144.487076,38.563278,44.515224
19.208124,13.267004,5.132906,45.467033,11.910654,7.108561
60.787045,28.841927,20.140163,90.629234,21.885805,40.992386
24.624275,11.132738,9.677166,70.282951,16.255297,9.670600
17.085669,11.936771,8.629515,59.753784,14.156735,10.897095
4.122635,3.078811,2.312018,1.050888,0.494342,-0.977557
13.365064,9.056730,6.088720,19.243641,4.264769,5.014720
14.702643,10.342042,4.926032,5.079856,0.787251,4.696070
4.149752,3.127024,2.190214,21.068380,5.937960,14.356517
17.328568,12.215127,7.014344,12.219876,2.990441,1.546182
35.431343,21.483747,22.133759,160.674637,37.328529,27.564222
22.870308,15.317907,9.835334,66.546722,16.283480,40.493183
32.726807,22.127716,35.146542,126.983315,38.091759,184.198624
13.974002,6.892835,4.122141,43.983807,12.163331,9.717800
13.159709,7.179708,4.539580,40.145512,8.340705,8.894712
15.306453,10.386706,7.919779,6.326111,1.616739,1.205155
41.642830,26.769566,27.254797,127.798531,31.681639,40.621815
22.782686,15.746971,6.778796,44.118198,11.789722,14.225070
12.374810,8.501382,4.581394,44.767906,11.762085,3.752261
13.504874,9.337747,4.972744,37.755241,9.929419,6.310769
16.984903,12.020421,5.974651,41.071445,10.943419,13.745474
14.557810,10.290150,6.431020,24.908510,7.291571,38.916973
24.990208,16.786007,28.925850,189.757874,50.296585,29.814293
12.540838,8.276127,18.228027,82.888535,18.713011,19.853045
47.787495,28.233761,27.826155,174.340408,48.501518,148.760635
25.281168,16.802177,13.195836,114.841110,26.369078,10.314802
25.806755,17.303293,10.315597,24.354433,6.092059,8.755067
39.922520,17.841066,12.701200,46.121246,12.468715,15.215557
40.047951,17.807768,13.019564,50.834641,12.860081,15.049589
8.076088,5.788498,3.681522,26.423359,5.816187,4.980056
11.053242,7.778661,4.457119,8.625426,2.517102,4.924170
17.657145,11.706138,28.074030,125.493813,32.483864,110.737366
8.394400,6.296422,3.762740,29.514442,7.472221,4.946346
22.889456,15.124131,7.126381,72.328194,16.647682,51.716911
11.271755,8.117731,3.886760,27.077658,7.823667,1.957366
20.266262,13.592915,11.769073,69.094505,16.577400,7.818957
28.285076,18.059868,21.340885,108.194557,28.198439,35.212570
27.026773,15.923435,12.760578,15.424306,4.390376,21.764433
29.681351,17.958370,40.702381,171.476288,43.267845,98.663307
34.106457,22.398308,13.872809,53.035065,13.523603,79.810509
54.135422,31.516294,27.084644,127.455368,36.604717,183.838165
20.688099,14.125583,5.139555,25.803556,6.222469,5.581670
23.838066,16.355423,15.714466,58.924809,14.663697,8.957494
11.325767,7.740904,2.762738,24.937983,4.405627,9.569300
6.245291,4.267768,3.333254,10.171858,2.280032,2.855904
24.790585,16.600410,11.313550,51.460121,11.594417,9.724329
9.167223,6.260036,3.850903,19.609369,3.968421,15.528952
5.497085,3.856580,6.044259,53.063148,16.208662,13.559025
23.205015,15.635600,13.774542,37.535225,10.395594,15.437805
17.453480,12.218775,4.766770,36.232464,9.795209,8.988899
11.120727,8.084533,14.194468,36.059834,9.799769,23.936281
9.374175,6.659140,3.094400,20.948410,5.019613,2.368466
9.356165,6.173611,4.172627,27.327261,5.610401,4.141882
5.438334,3.850882,2.626391,24.764196,6.107152,2.178348
39.624260,25.796217,16.105778,79.615784,20.938362,26.390520
9.182303,6.843971,3.174208,22.984644,6.932083,38.601463
7.276685,4.984794,2.830173,2.118867,0.895493,3.629231
23.080450,15.795367,7.127304,71.564354,19.367537,25.784227
14.738700,9.878414,9.773433,22.827507,5.284009,11.566870
13.814197,10.108850,7.246758,4.314013,0.789862,3.752622
48.749405,31.313845,51.727097,229.667343,63.678822,69.092316
20.750977,14.193565,15.973328,20.951506,3.743246,3.431785
21.903448,15.482505,5.789751,54.776855,16.040558,14.563173
12.579267,9.049654,4.042198,16.300488,3.669619,3.819804
6.332183,4.240630,3.154422,8.844000,1.662608,2.003706
19.908083,13.877747,8.408244,47.033535,14.032315,14.702991
29.625759,15.992622,50.347122,279.474487,79.703156,254.690475
7.772491,5.429042,1.479178,23.300789,5.314948,13.875392
27.861845,17.035753,48.045704,244.857208,64.406326,168.408997
5.303248,3.436530,3.064568,14.184061,5.092115,0.640668
12.240891,8.748271,5.605888,8.100837,1.715125,1.444998
17.273958,11.907243,7.652934,16.364601,3.740286,3.510912
21.508575,15.114411,6.348171,20.110262,4.294664,6.979610
38.149055,23.386135,33.581924,226.817795,60.540485,207.922882
22.634516,15.339009,8.794328,22.040333,4.784700,7.121383
11.104999,7.455821,5.374961,26.307936,6.388487,4.535193
10.837582,7.597075,4.833476,22.334196,6.250707,2.400014
24.262030,16.528421,14.614870,19.070839,2.966695,2.404569
10.784004,4.893847,4.073974,25.335213,7.715178,31.175983
52.044510,32.622406,27.833988,144.753952,40.247704,46.522263
6.348573,4.541088,2.374929,13.261329,3.906502,9.298247
8.933466,6.242186,3.371252,33.997425,9.656890,5.906404
8.920637,6.199983,3.158492,24.606934,6.196184,5.990836
47.600189,28.538048,15.671906,63.043385,17.223240,55.745708
9.268916,6.586168,2.179368,17.207273,3.501995,5.973632
14.895510,9.801276,18.693247,144.433716,35.518875,25.496519
17.377214,12.108410,5.595382,65.211739,16.976265,2.053783
7.590602,5.692164,4.247158,15.952882,3.789718,30.179583
12.805176,9.026769,3.145900,29.809767,7.645362,7.502387
48.766102,30.003696,19.648964,68.166504,17.271723,17.224045
14.394928,9.935915,3.979645,34.508389,9.270943,47.304699
13.909294,9.861989,4.459662,13.222693,3.068218,8.892516
38.845570,25.961929,17.745312,67.797195,15.654095,11.729520
13.996216,9.514219,4.608912,46.690250,11.769232,20.186876
28.287165,19.387226,8.427850,41.294830,10.870464,10.999868
7.268040,5.222260,2.468819,25.486588,6.421548,2.397729
29.468918,18.898636,7.921700,124.497963,33.816086,16.807644
8.123796,3.230374,3.388320,36.747124,6.401685,2.606931
15.286418,10.483472,4.199142,22.493561,6.069683,14.914782
27.143124,10.282897,13.183983,58.547367,15.290156,12.998363
31.778198,17.713594,13.029294,52.330669,11.008868,14.112000
8.272524,5.772810,3.201263,13.220018,3.176594,2.283825
16.874113,11.822624,5.586399,19.601376,4.046143,6.624578
22.920603,15.254935,35.199856,118.296188,31.397789,171.339340
22.367956,15.451115,7.912390,8.667095,1.648217,1.384851
17.190966,11.846359,10.379147,65.032646,14.623294,9.410254
7.616875,5.344488,1.508239,15.221331,3.563568,8.767203
20.790268,14.376300,7.043426,20.249424,4.533420,6.730421
14.839006,9.580131,13.697575,71.040306,17.029057,17.297890
4.675339,3.433934,2.058635,2.682577,0.557237,0.629856
19.220211,13.245698,5.946429,24.654217,5.272952,4.028958
23.558889,16.152012,7.276001,38.817451,9.622290,30.410040
8.365292,6.081017,3.451869,12.801187,2.726820,3.836573
12.529994,8.819679,4.144811,22.392275,5.504125,6.595605
13.320412,9.376634,3.262388,83.245468,21.328001,5.406275
23.662428,16.020390,7.239437,31.598951,6.426724,7.779093
25.762350,17.916777,7.116135,25.272251,6.290824,9.081775
22.127510,15.031542,6.787829,47.216724,11.043335,9.005177
5.939938,4.334796,3.568341,20.325800,5.271198,9.379796
5.766233,4.000138,2.362864,2.174681,0.325533,3.510146
6.305827,4.275651,2.946441,19.982203,5.551620,6.650822
9.312546,6.982068,5.668106,9.726321,1.925966,2.940366
23.029140,15.495534,12.531388,113.091789,26.655939,62.521770
13.899860,9.017426,14.475794,83.830925,22.919510,25.907501
19.125586,12.829377,6.954224,88.961967,22.512182,21.762451
5.119092,3.846107,2.525479,18.101639,3.976702,3.048306
24.061872,16.558880,5.653361,30.736834,7.507992,7.623127
10.707959,7.867944,5.262567,30.998268,7.654097,2.720475
25.117170,13.544743,9.222873,93.912209,26.767147,15.801927
19.520638,11.079710,7.958230,52.252766,10.647913,4.283250
21.227201,14.126331,8.122604,67.744698,20.144022,6.972859
32.671612,20.970133,13.323124,87.796501,20.877151,21.707823
10.007727,6.833565,5.177481,17.950972,3.759633,14.381003
12.288451,8.667621,4.619247,21.897324,6.974432,18.315981
10.730151,7.503527,3.741470,18.608746,5.102402,4.406800
20.499710,14.409933,6.904920,41.851982,11.232292,55.605988
11.158894,8.047730,5.957732,7.483514,0.889407,7.025634
13.659852,9.702409,2.946909,18.038206,5.788214,45.790287
8.422707,5.859275,4.146924,58.167645,14.501187,9.438949
52.247433,32.671478,18.002789,89.708534,25.463303,70.429161
51.822006,29.680927,56.765392,257.781891,70.840866,177.590714
30.987741,19.170218,63.163677,276.027069,67.648315,120.296783
8.399179,5.833982,3.215657,15.559159,3.019954,1.090466
7.581930,5.333652,3.088957,3.172307,-0.035910,-0.162750
8.415499,6.033825,13.483132,106.836388,26.965567,30.072662
6.327731,4.572030,2.333000,4.710903,1.163548,2.044631
23.760870,16.465628,16.724546,72.055672,17.566427,12.824664
31.284832,20.759260,11.763393,61.791294,19.821655,65.310776
19.730879,13.765027,6.603436,45.873032,14.267645,45.121243
25.983868,18.030733,9.920696,16.538874,3.550202,7.184069
42.587208,25.166758,16.080414,98.796326,22.639215,12.804477
20.459843,13.934823,6.803454,55.759602,13.264953,7.949430
8.589128,6.348402,3.839794,27.540401,7.930558,4.604080
10.477128,6.883249,6.812909,20.281288,4.264978,4.048740
30.177799,20.025841,12.130860,93.713852,25.893929,57.604595
4.937163,3.671824,2.474762,17.710522,3.800951,4.513455
7.174096,5.157757,1.992885,11.527912,2.090124,5.971053
25.195217,16.732906,22.983700,73.733475,14.073217,9.900908
25.069183,16.665813,8.441261,21.560642,5.861917,10.757676
24.650070,16.846617,9.379522,17.464859,3.151015,5.713021
13.884454,9.553570,5.475193,34.371975,8.909829,20.778517
30.793062,20.604446,11.921969,31.925022,10.226278,25.851149
15.059023,10.733958,8.357810,45.414780,12.160820,6.668822
7.394617,5.463179,2.979639,13.221984,3.315274,2.338819
9.021784,6.279506,2.629831,44.589214,11.677713,28.058401
24.318647,16.846615,8.302249,80.812485,20.751070,7.001847
10.662575,7.393654,3.146335,29.585085,7.628703,5.430615
10.886173,8.085628,4.222046,37.880196,10.266870,6.027605
16.005514,11.025587,6.053797,22.484200,6.519672,9.440544
15.284039,10.657091,5.968294,19.734241,5.444912,2.460346
8.009739,5.793207,2.846905,23.826937,5.779123,6.489707
14.464952,10.232533,6.289647,29.018160,7.515174,12.130690
46.989754,29.796167,17.557945,99.638283,24.424320,30.473663
18.440174,12.540732,6.165493,39.379040,9.569643,8.913445
5.649164,3.873719,3.179202,12.056730,2.333348,0.151905
29.276861,20.095825,7.754642,33.268055,6.004656,6.707036
11.253764,8.055779,12.883360,142.125885,37.886856,18.668661
13.604175,9.885397,8.484537,63.496059,16.331459,5.171264
57.335148,35.565639,51.141396,368.802582,96.126427,142.010422
20.918816,14.335327,7.747280,39.385357,9.148801,13.282445
26.603004,18.286453,11.065886,49.002380,11.446313,6.107988
17.576508,12.096934,6.719176,48.036160,12.541110,5.765180
9.415524,6.432706,5.002924,10.678517,1.405136,3.826054
27.898996,18.868168,8.913454,22.532290,6.429501,7.234128
6.607364,5.161706,3.403772,17.948799,4.722911,2.350274
17.813736,12.163355,6.353055,51.855045,15.535921,10.640449
12.154498,8.097224,3.977264,47.787861,10.249048,4.747179
35.011734,21.990202,9.014343,79.241020,23.411884,8.397928
42.692997,24.563457,18.513239,126.506508,31.897041,31.205933
8.260549,5.628467,3.528496,23.965586,6.881621,5.767479
21.176802,14.739528,8.197159,17.501541,3.516247,11.859741
30.878952,20.575991,8.606834,68.095688,16.737011,14.530373
13.827126,9.757665,3.890713,18.963232,4.691277,9.372667
6.507777,4.637584,3.166562,13.413689,3.301814,2.843518
14.813005,10.165422,14.887527,88.137238,19.910614,41.102341
35.618462,19.719006,13.036645,67.297325,17.168098,21.693995
26.298876,14.111104,11.105545,77.843285,17.528189,16.135689
11.644290,8.244151,4.091900,12.995664,2.476034,4.400550
24.759109,15.991338,19.579910,95.338593,27.006598,48.470200
14.012790,9.695267,6.787668,37.348934,10.008741,5.272243
5.050983,3.683910,2.358175,27.418966,7.072286,3.075101
46.588184,24.770481,63.996464,347.993683,95.445488,108.845161
16.065645,10.875365,11.247942,61.323860,15.892431,12.961100
18.895309,13.061336,7.934932,38.443703,9.183330,6.812159
6.638356,4.670749,3.728725,4.256199,0.409919,1.031030
14.407608,10.038432,6.640193,10.351838,1.808238,4.991905
23.686741,16.493799,13.611052,132.047592,32.607780,22.245991
18.273268,12.581962,6.501821,44.909046,12.325766,78.103203
6.056941,4.211043,2.790417,3.664398,0.324128,-0.846736
8.276633,5.979377,3.683053,11.351929,3.488788,0.297684
29.283529,19.720030,19.555922,92.087059,23.390732,45.566525
16.092365,11.250022,4.447118,113.563354,31.209284,6.442729
16.066935,10.752610,7.729347,7.366651,1.706935,10.771164
14.132916,9.973773,5.624546,5.748375,0.955853,4.776361
45.261051,29.313646,15.844296,92.809029,24.296476,75.596466
17.397472,12.052688,4.848610,32.928028,8.844698,20.411869
9.594742,6.730666,4.706456,26.686220,8.228275,11.971359
7.861799,5.352587,1.494731,49.620548,14.460841,2.453456
7.211962,4.795647,4.789258,12.645799,3.310832,2.404257
4.232853,3.258341,1.270859,4.313530,1.339032,2.583171
12.160672,9.017803,5.185507,58.486835,16.554361,3.573390
24.810471,16.595564,7.243306,54.493298,11.647448,7.339096
35.688210,23.370544,12.261781,118.574867,27.432062,19.469830
21.066442,13.466621,25.074963,88.872108,23.351694,22.112782
11.644907,8.072287,5.154182,17.878096,4.856732,9.870658
25.874483,16.928869,20.218019,105.312698,29.994272,107.868851
28.998970,20.140608,14.075868,152.910950,36.897278,18.401402
18.695148,12.747290,11.830070,52.018520,13.178781,35.884872
24.703119,12.657605,10.728342,36.647091,15.174913,82.294998
18.766846,10.261950,15.471513,158.069214,44.565269,165.427841
120.449226,58.107536,117.800049,461.557404,121.502190,273.605743
44.990032,28.783796,43.182793,367.907043,106.142143,325.799957
5.208810,3.802955,2.606603,2.426042,0.293674,3.402021
18.186424,9.892357,7.454860,20.716230,6.562021,11.702644
18.638655,9.781919,7.758126,28.198303,7.097950,11.950904
14.168808,10.039215,9.076120,18.386341,3.641949,7.312696
5.761801,3.933138,2.649187,31.629433,7.149910,4.986255
5.167850,3.558984,3.370083,1.708088,0.342539,1.470074
21.968729,14.877732,8.128225,50.533028,15.410987,11.138445
30.839672,20.542902,8.225601,83.001297,22.010759,53.078159
10.129713,7.113067,5.026390,16.539722,3.775254,13.408150
11.327070,7.694946,4.242373,18.544270,4.203417,3.266169
16.995834,11.636160,10.496204,11.730742,2.092997,4.058909
43.622814,27.424171,21.240494,120.464798,31.355095,42.952232
10.005966,5.745081,5.567184,65.910767,18.136612,21.256798
17.672972,12.074162,7.471200,38.469780,11.480828,33.880482
22.099350,14.789825,4.669737,38.297127,9.818370,7.930037
41.694965,17.200962,15.827719,111.638008,32.458069,52.761806
12.726742,9.059218,5.596812,44.746040,12.862279,3.627565
8.851195,6.099435,4.404275,22.279352,4.820161,3.645364
17.763859,11.656677,17.320671,71.179047,18.211315,25.727526
24.197166,16.588234,13.675116,64.320969,16.455301,14.167180
31.958935,21.587173,9.344540,39.782387,7.935498,6.105458
10.168374,7.025541,3.784393,3.498904,-0.089663,8.639398
6.994303,5.238288,3.151031,12.200562,4.028779,1.134441
71.762733,26.643234,40.841305,294.701141,81.025841,132.187119
62.021847,26.343624,32.868622,180.418228,38.422596,44.757378
18.559086,13.494544,6.844389,22.774881,6.899918,13.642384
23.598890,15.780419,10.120212,45.271870,12.153035,11.334934
57.283470,33.703896,19.141897,132.219299,32.956432,47.963917
10.381002,6.984780,3.958511,73.862007,19.242811,5.443631
38.823929,24.474735,23.734213,150.321381,35.993637,24.397026
14.950377,10.283177,5.287804,39.664871,9.506689,24.559698
10.427792,7.111748,4.394596,29.206732,6.474563,6.316223
24.203348,15.509212,18.969048,119.742989,29.719896,33.881817
36.289421,24.873291,16.114965,83.819000,22.130417,15.008641
9.351166,7.020372,3.569251,23.715490,6.977515,6.085113
5.310649,3.871264,2.377652,27.505543,7.041660,1.887579
8.688688,5.998167,4.574002,20.397707,3.812724,4.634289
23.068525,15.755402,8.396206,37.739872,9.334250,14.371344
5.120237,3.895054,3.248734,17.328068,3.475080,1.555491
29.425150,19.177376,23.150190,186.414581,51.148026,133.993164
24.228043,15.816970,9.077505,50.973030,13.259090,11.325247
9.398703,6.405701,5.068776,2.822463,0.563256,4.607555
9.177827,6.488658,4.239358,23.582411,6.395953,6.207604
24.074696,15.692666,10.032622,93.114838,24.792997,16.852531
9.821606,7.365876,5.034556,20.682831,5.268103,3.541613
22.306812,15.203218,5.484324,34.000534,8.188658,35.574703
41.143158,25.903538,42.062157,147.631912,41.599426,32.275497
26.391750,18.410568,11.837180,70.106461,16.619362,15.733397
40.594692,26.617352,12.717830,47.746895,11.975073,17.511078
16.367607,11.301875,5.054321,21.806677,5.809785,6.368536
4.061941,3.014456,2.446914,2.939610,-0.112240,0.968859
10.194908,7.240473,3.958842,19.338095,4.516244,21.591467
43.124367,27.961515,12.517988,68.324387,17.930826,75.286583
9.192310,6.878314,4.369750,39.411182,10.779325,3.841115
18.578587,12.473557,5.538658,42.315784,9.517754,8.922304
6.380151,4.335381,4.333916,19.957371,4.529044,3.684034
13.370868,9.114258,6.032084,11.918828,2.468125,3.047949
40.315392,26.423079,15.544245,117.216583,27.906662,30.117249
7.899652,5.795443,3.334556,13.890718,3.803456,3.096627
27.665693,19.152416,14.561996,67.769646,17.019503,13.923213
13.940905,9.411839,9.443846,29.453796,8.208961,19.601498
9.556285,6.628452,4.360514,10.356329,2.468050,2.521872
34.995598,22.334023,13.318080,64.427628,15.412688,18.286997
19.544287,13.170490,4.991915,48.138760,12.266286,4.826400
24.365925,16.549519,6.177722,50.595970,14.959558,40.618034
34.175018,23.017641,10.943550,80.959946,20.534616,10.074135
36.380268,24.221607,13.470726,58.233215,12.474405,11.461058
6.943485,5.003739,3.000067,22.590149,4.564584,3.378332
26.113047,17.467773,13.678432,174.814011,47.956726,121.511642
39.520718,26.051527,10.243003,74.455307,20.212774,80.193947
30.599455,21.296541,11.247920,58.544243,16.006788,13.932236
4.201997,3.220967,2.802163,11.548219,3.252879,4.019129
5.044992,3.397017,2.593933,16.966236,3.792548,6.031905
7.723972,5.453190,3.199528,19.900162,5.889598,0.513294
75.289711,41.116577,36.415108,141.004410,32.847977,37.626911
8.505927,6.108829,2.901744,1.083099,0.505139,2.201509
20.183849,13.621089,9.029560,124.109413,32.553913,20.535419
14.363618,9.275707,7.266906,25.990009,6.930007,31.660624
10.347045,7.483824,4.457291,95.598816,24.088436,26.565451
16.093660,10.982040,6.519501,12.117279,1.677857,6.379921
8.978422,6.561179,3.894729,18.521486,5.974227,9.262890
16.080233,11.381698,5.617135,37.209812,9.644368,5.467178
10.601977,7.589851,3.421476,20.035442,5.031823,4.742266
11.850519,8.717508,7.965440,19.570141,5.313617,4.357505
23.199938,15.614340,6.994442,55.301762,13.719593,19.148392
11.163667,7.939851,2.813056,31.922844,8.571722,3.201841
24.733418,16.500801,17.542555,120.931763,32.732269,29.075878
32.496174,21.588736,10.339351,79.481323,22.048853,25.190657
9.908018,6.786685,4.380941,40.621769,9.386624,5.077678
8.552880,6.140094,6.803799,104.327774,29.567202,46.478802
29.631863,17.432663,44.469475,320.852417,88.136833,84.579201
14.951435,10.808410,5.260537,77.443939,22.073313,62.426266
6.916227,4.909294,3.046434,11.831779,2.994350,5.634115
26.851732,10.856483,16.264187,71.341858,20.501995,27.589294
26.085646,10.824176,16.343855,74.988480,20.164570,25.146507
11.894993,8.600320,19.280712,54.100662,14.660681,77.766296
10.353213,7.370701,6.283498,4.346623,1.140264,1.842832
22.283728,15.180872,7.506371,27.297653,6.558177,17.706545
6.849745,4.625466,2.827279,20.994616,5.366106,0.591627
15.623134,10.552588,5.707951,44.095207,11.564230,7.398671
24.524529,16.729033,9.083324,58.042709,15.001932,14.189828
34.233143,22.106607,35.724247,306.616577,89.661301,188.003250
31.057270,20.953306,9.090188,42.816830,10.941991,10.749786
9.244640,6.203549,2.274757,14.758563,2.874557,7.534126
10.540200,7.193048,4.528230,48.608433,15.767179,23.428675
11.660512,8.584918,3.794438,45.218082,12.171741,21.736742
18.271112,12.553332,5.588504,39.552494,9.284184,4.909431
12.916739,9.104876,5.574836,12.637763,3.874682,2.714994
8.443583,5.850794,9.835128,45.740074,13.146345,56.160862
9.396694,7.098802,4.967577,25.843987,6.251469,3.865618
5.378035,3.616245,2.305194,1.745427,0.296726,3.221904
38.943722,23.589136,11.036491,76.790260,19.635719,19.113239
7.181712,5.034249,7.357506,32.404388,7.913234,15.940614
13.310485,9.229572,4.866266,26.085821,7.090739,9.148331
67.527168,33.462975,33.614571,221.663483,55.213066,62.422832
17.573706,12.357998,13.635150,49.530743,12.205295,26.678617
23.383438,14.775918,16.731194,66.378319,17.018942,24.578367
10.254029,7.308775,4.464636,32.336334,8.540533,4.605746
14.251202,9.701164,5.611766,42.284508,10.603079,4.580946
30.668272,21.336447,10.122277,21.907810,5.284488,7.800331
4.493602,3.362381,2.659052,14.406597,2.209621,8.364411
15.105434,10.873188,5.386781,23.570910,6.081715,4.054271
15.089741,10.626085,9.330743,53.469578,13.608356,6.414772
7.231892,5.420768,5.821414,15.827486,4.145959,6.680720
23.888008,16.470146,12.643535,82.712326,23.575693,17.686325
30.039476,19.387720,11.909381,79.516304,20.424673,8.715474
11.584063,8.572032,3.281818,72.110367,17.505308,3.791467
37.803246,14.936413,11.244864,107.785225,28.042614,26.610638
35.281601,14.923390,10.883892,111.656136,27.836397,24.889534
12.940583,8.939195,4.964291,13.463678,3.451538,22.138617
25.213062,16.788036,8.025038,44.511585,10.981916,6.589772
35.057167,23.001730,11.139123,45.236832,12.150441,25.563976
31.932592,16.750076,28.710831,155.475601,40.942204,97.310280
10.572551,7.303514,4.795990,36.686668,8.960485,3.645871
48.463779,29.124191,35.351242,213.928360,54.404755,164.863739
27.682600,19.278545,13.690551,52.740929,14.792507,55.368599
22.778065,15.826859,7.093310,56.273708,13.612231,17.058445
10.785715,7.341534,4.962075,13.920881,3.225085,4.206606
12.397714,8.534458,4.984468,49.844143,12.820126,8.075981
26.098658,17.798714,11.272920,110.806938,28.966682,33.369900
18.226793,12.193030,7.624175,74.206650,19.038359,7.784591
23.133404,15.560196,5.991638,41.613064,9.593954,4.383451
9.158487,6.459303,5.520683,7.726111,1.217387,2.354936
20.474476,14.548821,6.713694,20.762348,3.912763,3.772114
19.707891,13.202686,6.928423,56.597366,14.346467,5.183834
16.775440,11.569134,7.037341,60.188774,15.047981,5.385001
9.719047,7.272892,3.264463,19.428606,4.336228,24.430134
21.834661,14.069016,15.812434,75.777039,20.156418,13.433537
19.678690,13.339464,19.126005,61.107849,15.735933,37.864666
58.639011,35.058739,49.664288,147.264786,38.980839,207.007156
10.531661,7.217826,3.137349,24.336563,4.895597,4.575920
14.959190,10.341817,5.038642,13.929143,3.878561,2.654317
37.850487,24.280251,39.309464,143.617844,35.429062,31.965654
36.818455,24.864542,16.100504,76.361557,19.600595,17.690556
31.424570,20.734726,13.837080,82.970459,22.877636,13.647782
66.346649,36.359451,53.679432,288.298370,67.850685,137.694519
25.271063,17.386978,8.170059,56.765442,16.231876,53.631504
5.157321,3.551645,2.428551,9.646458,2.804136,4.064517
12.300711,8.190575,5.140403,45.083221,11.610916,3.448747
8.604579,6.090652,4.294860,17.096519,5.281027,6.313147
9.795264,6.741389,5.563193,17.542599,4.294702,4.139503
6.629704,4.528777,3.025522,6.544723,1.020231,0.508557
30.019032,19.475967,9.003328,34.778221,8.677549,8.157794
22.824171,15.611691,7.136378,53.305706,13.382616,6.543830
26.364328,17.777435,9.431989,65.691010,17.218788,33.782246
7.295748,5.068835,3.435645,53.076530,15.685765,13.726924
10.452024,7.356427,3.687122,16.515301,4.659777,13.326766
13.615727,9.449430,4.038177,46.654686,12.827754,12.218259
5.230235,3.861188,2.070001,17.496954,4.467287,2.909640
15.817824,10.977014,7.088874,19.963789,6.218472,2.957568
23.250420,16.125511,11.268583,49.256279,12.118360,38.561222
38.226238,22.895012,51.975876,201.173492,53.068851,124.483215
19.497923,12.814486,10.173402,71.047028,20.379610,23.735126
37.132072,23.846436,6.945833,61.307495,15.334282,36.962978
12.416560,6.044130,4.278530,30.059731,5.998753,20.205875
18.423250,12.650708,9.022459,32.406181,8.518573,12.025956
19.835674,13.643020,8.014937,63.380219,15.553450,7.675529
21.240593,14.532146,9.764971,81.873375,24.303316,90.920929
37.136917,21.979107,48.707375,226.874619,57.383747,308.241058
8.831693,6.202518,2.316084,13.735862,3.992188,9.303788
7.060146,4.827817,1.608865,15.938340,4.017033,1.540408
13.759221,9.748322,6.748603,44.325958,11.208883,3.344411
11.546328,8.261693,4.374299,15.038033,4.468753,11.352120
32.517513,21.514872,11.602714,11.907865,3.052717,34.985817
8.546622,6.107738,4.961738,20.601540,5.370005,5.939802
18.480206,12.342638,13.491654,67.981697,17.638405,8.632929
6.918314,5.029445,3.336217,21.717079,6.246453,13.425983
64.040550,23.984846,83.648048,437.133453,114.369072,133.772156
69.362457,24.541128,66.520157,449.282532,105.235252,89.969330
107.154022,49.581089,100.909706,586.879333,163.190262,478.913269
34.122021,22.143322,19.139612,128.276978,33.118591,155.025452
34.108643,22.738619,10.642475,57.896255,14.576764,13.571265
13.918410,9.454139,4.704414,34.393444,9.739088,8.571874
7.744940,5.464025,3.354215,27.612753,7.446738,11.888291
7.486272,5.085881,1.680750,23.037580,6.395714,17.640116
13.475548,9.590625,4.499141,12.699583,5.313625,16.504606
5.895338,4.148981,3.103409,7.933719,1.613690,0.936041
11.153231,7.999969,4.873556,51.813004,13.277375,7.934937
8.690591,5.914705,3.603420,9.198908,2.270632,2.990569
36.852669,24.152130,10.242299,69.151772,18.698299,8.309900
33.373283,21.924967,11.017261,59.984524,15.842505,55.533070
27.312321,18.526150,10.748997,71.375580,19.027411,65.853806
25.539734,16.958263,7.224383,116.471428,28.736588,11.159255
20.618958,13.775752,7.389490,89.371269,24.344166,6.667675
26.369068,17.565102,8.287939,29.939995,8.007918,14.463461
19.432365,13.476378,8.419299,18.863804,5.009094,7.300517
4.770755,3.134382,2.666334,9.583397,3.039765,2.868199
7.220148,5.206666,5.356417,3.601561,0.399676,1.410603
15.660666,11.008255,7.270836,34.043289,9.318173,22.090670
12.828548,9.023751,4.945520,42.438389,10.031519,5.633480
26.275108,16.110779,46.297367,343.273102,87.583344,52.449146
20.661903,14.405546,9.630450,49.646038,14.068707,45.290821
20.443172,13.827270,6.015807,6.110079,0.930032,0.649943
32.471561,22.585218,23.602386,150.285110,41.990608,84.560654
19.064306,12.729276,13.221749,91.888496,24.552298,71.599373
25.515812,16.818678,20.009720,79.690170,20.285770,17.799894
37.261608,25.241541,13.163507,70.116982,17.184755,10.890791
40.233219,26.804783,10.507921,48.147861,13.333328,12.138392
24.377396,16.451958,7.178471,40.914997,9.960870,4.861246
15.868245,8.648461,5.633662,44.658001,12.518823,30.784660
12.519808,5.914854,4.827734,50.593929,10.536538,17.657686
5.996035,4.315383,2.556814,21.294432,4.360416,10.142673
30.299278,20.078127,11.415067,42.012009,9.913514,39.052265
12.366752,8.779840,6.094614,13.587758,4.365693,8.350452
15.009498,10.346513,5.382253,14.386881,3.353572,18.110929
49.032913,30.929367,33.886909,201.663330,55.580658,103.929665
11.334490,7.830649,3.969492,44.494488,13.671404,5.663824
19.281780,8.316709,14.353269,51.238541,22.199341,137.923203
82.989365,45.465836,111.117043,596.746338,172.871674,521.328247
78.577576,40.786346,88.198486,534.194214,146.222321,598.969971
18.823431,12.676296,6.846383,30.330723,7.121846,5.673731
15.107442,10.518772,5.698981,5.609963,0.683711,9.950212
35.589119,22.967299,24.258738,147.590790,38.395790,23.784426
19.822859,14.033673,5.232283,78.372200,21.467690,6.965270
16.308451,11.048925,5.010989,23.850943,5.224626,10.488756
35.625420,24.276339,11.700302,51.418480,12.482931,29.151842
10.529469,7.766294,3.848042,24.106562,6.715810,4.292861
44.700237,27.887461,27.074968,146.999985,38.042385,140.308075
7.194562,4.977795,2.037985,16.237122,5.020692,12.928077
29.431776,19.813961,9.702038,76.084740,17.251076,5.513548
6.493371,4.770070,2.170938,26.775846,6.307571,3.647712
28.034971,18.756815,17.158827,79.040855,19.074648,20.729242
9.811218,6.611956,4.038340,20.006815,5.149135,3.840950
8.487580,6.194977,3.406951,2.748260,0.535712,3.020543
43.354752,27.872084,14.153997,55.073383,14.511009,37.582237
5.600085,3.773303,1.196296,11.570609,2.991965,9.127224
14.837004,9.870229,4.918892,29.820950,6.326486,5.569070
11.083372,7.783175,4.787191,44.322651,12.375216,46.514923
11.556438,8.164525,7.552075,79.970215,22.690285,38.120914
17.260550,12.143846,6.283994,28.281767,6.501192,4.099589
20.743105,13.560824,8.407453,69.682266,18.597647,7.595231
18.028923,12.243918,7.454293,47.997345,11.319208,7.476269
5.584507,4.141919,2.667898,8.935526,2.171999,1.322051
27.942408,19.194971,6.431170,212.322693,54.983562,65.059189
31.538193,20.662973,17.702875,91.668549,23.836895,24.796984
29.848265,19.747223,13.799005,95.764778,24.351107,21.911077
13.254407,9.092372,10.614766,70.887199,18.532072,21.815081
14.631267,10.098662,8.748195,62.265949,19.296738,32.415188
12.302707,8.644399,5.063027,24.724731,5.592498,7.164517
7.080306,5.372254,3.241900,3.912729,0.507268,1.227757
44.236233,22.622257,14.760923,206.615112,54.429371,32.748405
18.210964,12.395735,6.686307,34.918907,9.108414,4.990642
5.045141,3.493150,2.633494,27.476725,7.318439,4.873138
19.941082,13.860007,10.867590,32.059910,8.188778,13.967500
27.338083,19.013361,13.219401,57.863121,13.189349,11.134732
8.801766,6.323736,5.314858,12.088717,1.970590,2.587781
8.196411,5.705083,2.180389,21.419683,5.525962,17.463779
45.997154,30.167629,14.576259,80.267357,20.816769,15.420512
14.802029,10.365808,7.489870,63.063065,16.167046,9.729618
5.007857,3.760970,2.699405,1.959068,0.385095,0.867920
23.286272,16.022253,5.853998,39.212074,8.427308,12.843513
22.003048,14.384066,12.395407,157.296356,42.305660,17.314445
5.503919,3.692197,2.619009,2.493279,0.165824,2.087688
15.496871,10.665904,5.926358,41.122139,9.871849,7.597027
5.698700,4.324712,1.399440,9.595653,2.335808,7.187373
28.360649,19.346689,7.170868,43.290958,10.489833,19.875813
39.540764,23.225826,35.152924,262.526398,67.883698,49.533314
35.594036,23.670053,17.199507,108.510185,25.440285,20.946806
19.268938,13.053914,11.257118,100.659668,27.814468,38.548695
24.154371,16.733376,7.760508,38.868057,11.002838,8.865238
5.874458,3.930246,2.290151,24.100113,6.055074,3.419187
10.938780,7.679076,3.461741,26.938242,6.440062,1.628007
11.967656,8.279665,4.118750,29.887579,8.262589,4.414159
29.051064,20.014221,9.161444,82.269112,22.034904,22.305885
28.554655,18.504580,24.712576,118.473366,30.366154,44.403137
31.437601,20.738417,10.437432,33.061451,9.342270,5.023735
21.759838,14.646953,12.562059,78.357361,26.032471,87.714188
12.473789,8.548650,5.571740,4.467347,0.393615,4.498075
10.076222,6.878261,3.436546,21.631866,4.300162,4.382061
26.527214,18.068863,12.452126,33.548092,8.721084,46.751385
38.513954,24.995062,14.481896,77.445595,17.975315,12.654445
11.661343,8.420510,4.747569,21.514853,5.834924,2.568956
11.921062,8.243360,4.759083,25.990646,7.331042,2.590650
10.660535,7.503882,1.999702,20.610863,4.546669,20.180756
9.344874,7.049829,3.913633,14.141463,3.726082,6.925487
17.654253,12.189503,5.155622,59.186596,14.675275,8.497216
14.473248,9.727240,5.472625,52.016579,12.694029,5.730620
8.812169,5.957185,4.933957,16.033768,3.696036,3.071666
10.016055,7.176370,4.177456,46.679028,12.402671,3.264415
16.377945,11.315383,5.429695,28.113283,6.165511,5.212404
62.310497,35.788143,24.484655,113.058113,26.830170,25.347500
64.248428,37.545448,28.500910,135.358368,29.588367,17.907988
24.457031,16.635633,9.709774,35.222233,9.513595,18.435205
25.120823,16.962793,8.040914,39.548828,9.663150,8.202929
21.235874,14.616346,6.786929,26.940351,4.774094,5.237658
17.420013,11.727551,5.723447,48.566177,11.839212,10.381490
13.136431,9.013786,5.997743,2.233462,0.775537,4.323682
15.772220,10.388877,5.971659,33.366577,8.317158,6.556313
19.330029,13.114799,18.493235,104.413971,26.278175,14.741095
14.952799,10.584664,5.178966,5.369101,0.789328,1.798102
24.823530,16.709347,9.447588,40.334255,9.509552,4.296562
28.209858,19.215456,9.775028,50.743870,14.382586,49.528263
26.841282,17.474571,20.151630,94.703026,22.952574,35.693756
21.651199,14.813194,6.543485,60.866871,15.319657,17.978649
10.053454,6.782879,2.714786,40.039368,11.055610,5.267839
9.435262,6.621822,3.082128,19.217274,5.025912,3.004549
23.710411,16.047781,8.998270,55.165371,14.832214,63.786186
10.022418,6.925046,4.017103,36.765514,8.326698,5.176920
13.458398,9.539823,4.271089,25.768314,6.750275,30.114784
22.646793,15.674964,5.400493,100.358665,23.551319,10.211360
12.353189,8.591174,4.214053,41.143368,10.506324,5.690650
24.927652,16.885162,7.991095,63.875050,15.164395,16.113024
4.925517,3.812079,3.172564,19.027544,4.265369,4.813266
20.027172,14.299518,15.666254,49.837299,14.300796,12.587110
15.461666,9.040745,6.677135,28.124744,7.658295,17.047352
18.347763,12.092299,4.271432,88.941620,22.205379,8.256008
13.993069,9.937133,7.716861,18.625046,3.360294,4.201411
11.576693,7.845356,16.938543,88.470619,23.312386,43.531830
27.791569,16.548086,10.392488,65.902779,15.595164,27.142622
10.265177,7.387926,4.026123,25.727110,5.426068,4.946461
22.608603,15.709715,9.110495,26.765127,6.248606,12.637827
15.256466,11.058698,10.123476,42.921158,11.539699,38.908382
8.827441,6.223759,4.357383,25.891626,7.590992,7.041516
4.958409,3.674541,3.504058,21.476862,4.029842,18.348671
10.145853,7.288261,6.511956,37.585743,10.659385,13.950407
40.289112,26.212290,10.683007,95.870667,26.270714,13.676626
17.741901,12.236455,6.644785,65.116058,14.237061,8.879210
10.660858,7.631394,3.998361,36.206749,10.266752,6.904294
13.063532,9.142788,4.627770,69.898438,18.551363,11.008796
26.489386,17.513849,17.646915,99.101997,25.136387,16.055271
25.609535,16.091005,10.436942,88.986427,26.724493,94.172806
8.843323,6.220454,3.419472,36.034767,8.173332,2.488083
22.901529,15.178488,14.567658,70.224800,16.086817,11.654525
57.417999,31.767567,47.106842,316.704315,84.623703,170.280533
22.461273,15.534537,6.698996,8.755250,1.036484,0.517034
43.058430,27.259609,27.906910,132.316544,34.177750,163.972717
28.231472,19.089182,11.672697,45.566826,11.061939,10.575776
12.850362,9.142188,4.538456,42.753418,10.258759,7.578257
9.431190,6.364141,3.835169,3.905217,0.140410,0.387671
19.492310,13.390596,6.908499,67.394493,20.362091,85.034081
22.069901,15.433436,8.460523,69.512466,19.396715,52.164440
9.310679,6.259671,3.432056,68.222855,17.755579,4.121248
35.427429,23.445164,17.603998,115.132507,27.321177,68.938400
27.338961,18.090622,8.528388,33.593426,7.443574,12.984594
12.720629,8.774695,6.125115,19.636522,4.802979,18.134100
6.790577,4.464391,2.303842,8.038652,2.846523,2.315886
9.985390,6.914518,5.083918,17.464579,4.908670,6.733077
17.005850,11.854623,8.806982,74.704681,18.013296,30.951550
19.257130,13.345410,6.216150,22.893965,6.643357,12.471068
15.794895,11.229740,5.080867,18.245386,4.833369,8.258396
30.936861,20.525267,16.612616,109.999832,30.084129,28.479197
30.168396,16.960493,13.979743,54.088699,13.777163,15.126716
18.118473,13.124994,5.368658,25.049347,7.346336,35.634892
27.831079,19.519690,9.102235,49.082314,11.480552,8.920915
32.552334,21.068344,21.260565,141.503967,32.851948,28.059114
16.005283,10.832972,5.083405,3.270339,0.565621,1.446992
8.407599,6.173567,2.873888,23.081953,6.501512,4.014554
5.753061,4.318973,2.484133,12.639336,2.223986,2.180488
31.057949,11.661938,11.051716,73.602249,20.309372,23.995607
29.795403,11.690754,10.906937,72.456215,19.317348,20.877071
4.931679,3.780900,4.085058,26.599745,6.808139,1.973900
15.759122,11.174202,5.963367,14.349813,3.779883,5.484592
7.223016,5.416582,3.708825,17.139174,3.932723,3.490637
33.884903,21.946920,27.743908,107.129311,27.900034,78.279106
8.821216,6.090492,3.949888,38.613613,11.254439,21.838682
16.093393,11.333467,9.072404,43.405975,11.506143,43.452721
20.167295,13.256619,19.922129,91.077202,23.583311,56.902786
29.097513,20.148645,7.501232,30.610649,6.925683,18.065027
10.999660,7.922063,4.674859,17.234268,4.525481,4.349681
19.651335,13.443598,4.576152,67.059662,16.781265,7.492279
12.228766,8.592627,4.031251,58.989605,17.344912,2.620174
30.942995,15.353912,11.536924,76.801186,18.761343,43.143456
10.732140,7.270246,17.452936,140.959122,37.085148,71.327194
37.847317,23.132961,27.672152,238.944778,74.605331,248.064697
33.476334,21.673923,10.760542,171.515106,44.534077,25.264118
32.809242,22.005930,12.207582,58.772041,14.391388,38.769474
6.452880,3.887769,3.271965,41.839470,8.504580,3.348977
9.072276,6.486784,2.868813,15.571586,4.943901,8.015108
13.655222,9.092731,6.455157,48.002178,13.647507,19.317991
11.466536,7.858564,4.367074,34.895409,9.571608,3.171303
46.703640,26.934952,74.349564,404.617889,112.542458,139.732468
21.284143,14.629204,8.807734,82.022018,21.680292,79.734818
25.255814,17.360764,9.273518,55.970062,15.735558,45.748341
11.287487,7.786238,2.672426,37.063965,10.003882,4.990806
14.756053,10.209367,6.066672,76.152405,18.788542,14.175377
30.282137,18.973549,29.979485,261.085449,67.465088,101.067215
7.622756,5.582240,3.397591,17.914873,4.107793,2.900977
7.965318,5.425556,4.189487,19.176491,6.579781,3.066390
14.096655,10.122678,5.851988,18.249434,4.787436,7.357034
22.742800,15.436833,14.376226,78.520294,20.969179,44.030491
31.709574,21.608885,12.554568,37.276505,8.678195,12.106442
14.800446,10.163066,6.159218,4.786099,1.038139,2.040295
4.814186,3.406486,2.385889,1.779467,0.538531,-0.025675
6.121083,4.310362,2.925732,3.338312,0.933486,3.483645
15.485788,10.990869,4.600270,22.666668,4.971660,16.341377
9.828826,6.967123,3.654261,44.488472,10.492254,3.591620
36.104691,23.539314,12.775154,60.047443,16.032604,48.766731
14.147153,9.988974,4.424755,56.168320,13.242943,4.255072
11.750360,7.749022,4.196159,15.637241,4.186607,0.227365
25.643536,18.187244,11.168064,20.813150,4.300151,4.031248
15.254352,10.543893,9.566636,57.323269,15.065547,65.625122
17.616404,11.869569,15.234733,60.424988,16.205151,21.676941
8.580624,6.120867,3.942817,25.552965,7.006470,3.542734
14.628489,9.876190,9.511626,32.700977,7.993662,4.666907
7.417019,4.962906,1.655157,11.212298,3.120976,1.770711
13.598724,9.806042,5.488665,63.019371,17.549904,29.700090
34.627628,23.234524,16.144030,144.814987,40.460728,23.720524
39.463497,24.145208,26.122499,133.335892,34.895412,50.808743
13.894784,9.540274,5.656987,20.248669,4.665386,2.882877
6.003417,4.720572,1.632558,17.746113,4.948705,3.159974
49.234230,26.153444,95.187691,467.893311,115.339119,193.132034
51.394203,31.346786,38.781948,214.795517,58.309650,232.548233
28.837488,19.849310,17.269747,70.309280,17.594831,24.311220
6.044721,4.420873,2.728254,15.847927,3.660813,21.405674
13.833879,9.722542,4.974602,59.085529,13.608618,14.075218
7.719762,5.475260,3.299197,21.144632,5.536129,3.231680
8.697871,3.914363,6.169492,7.885772,1.115577,6.718024
12.716422,8.189501,6.104770,20.595690,5.045593,4.607139
14.604864,10.048537,6.487627,77.987885,22.325985,18.104832
9.237426,6.502585,3.363187,0.500344,0.354378,1.050418
8.448357,6.031423,3.200285,25.993563,7.807064,23.279566
10.526089,7.131293,2.734755,58.212933,15.425584,30.628511
24.341810,16.825394,8.470208,43.763126,13.954954,26.099384
9.286619,6.135643,3.709855,14.720554,4.538297,1.124672
15.569611,10.431363,3.071476,46.809208,13.173220,11.353079
21.309286,13.979148,7.510679,120.014656,32.080223,57.075043
43.948479,28.724489,15.039234,91.525948,25.320845,119.576591
9.984675,6.914602,4.387406,60.820488,14.676682,3.395540
13.012843,9.251614,4.184178,19.845901,5.453786,25.228708
31.534370,20.052584,14.335731,121.275635,31.672619,59.809223
24.872698,16.523718,23.622221,206.246826,56.130306,109.385345
17.211359,11.509003,5.177186,40.706059,10.812463,7.128783
34.334332,22.614023,30.061432,236.884338,63.994141,69.151573
7.453703,5.036167,3.296648,10.366398,2.779293,1.708265
11.739454,8.499006,3.736141,26.610456,5.815297,33.359276
14.524495,10.157187,5.354220,42.256073,12.478626,5.878044
10.950716,7.868943,5.388705,4.102373,0.336635,1.698707
23.801893,16.558027,23.085239,236.481812,68.296463,227.373993
9.559833,6.823658,4.871584,17.692093,5.147683,2.233873
11.862926,8.291185,6.305010,62.032513,16.701946,4.800542
10.970095,7.845660,5.473470,19.807377,5.484632,23.602781
30.026079,20.331207,13.596622,77.060539,19.200636,104.695503
18.332350,12.389483,14.672588,53.410133,13.935092,23.398232
35.744785,23.073997,11.594888,79.077286,20.750580,21.400734
24.327682,16.769232,9.423370,23.485180,5.981204,52.655689
5.837902,3.933687,3.595886,21.702616,6.282733,19.151081
12.005743,8.289951,4.768494,40.643826,11.088632,11.167085
8.501271,6.081262,3.364189,0.702577,0.339498,0.906377
9.108150,6.359168,1.348776,14.216199,3.375023,8.321812
10.482285,7.671849,3.683111,2.888417,0.526934,0.818729
32.901806,22.040850,9.301415,26.566896,6.906514,11.686907
12.418826,8.408400,4.639993,18.201580,4.100129,26.083118
20.862333,14.238660,20.154701,13.102193,3.746618,71.554108
10.436283,7.560496,4.442255,16.917006,3.950220,3.460037
12.348635,8.448746,7.954517,53.888988,13.193131,14.419842
19.791500,13.348634,6.663963,37.274143,10.982906,23.886765
8.981085,6.591055,2.439318,19.843733,5.386930,11.225841
8.137956,5.902067,1.376197,10.019954,3.697798,9.221384
14.900323,10.676836,4.019473,24.263422,4.502247,10.561642
15.178486,10.188714,6.170245,5.183438,0.651197,1.397146
30.022211,20.068546,10.886113,58.694958,14.606793,22.998753
7.816472,5.559518,5.150931,20.612007,4.888140,11.060398
11.322501,8.261015,5.824685,36.260284,8.323215,5.758793
13.938300,9.696941,5.365123,7.037292,0.976306,3.306541
8.113364,5.600712,3.712258,18.304058,4.998471,3.552692
27.251957,18.484058,14.665544,121.090034,34.500881,148.790161
5.141033,3.881741,1.802549,15.183241,3.335403,8.064130
11.929926,8.592639,3.775907,23.527514,4.330064,3.941396
19.773888,13.569191,5.213447,87.164513,24.231451,36.127373
8.236161,6.001485,4.011999,16.989824,4.634390,3.048263
13.959172,9.821270,8.081906,40.105740,9.303411,2.255663
13.675591,9.524681,5.207795,42.305893,10.349552,9.529342
6.174080,4.363394,5.210515,30.845018,9.099445,9.873295
46.317596,29.920265,17.781370,53.003605,11.335172,13.993530
93.638420,45.303177,97.586014,621.907227,177.633911,197.381073
5.026509,3.778241,2.407192,2.523708,0.885053,1.612916
12.045460,8.315626,3.605828,26.945749,8.384169,5.268735
55.085625,28.281910,14.224956,109.587547,31.326614,68.134758
45.306789,17.101068,14.699421,112.369507,26.381830,27.280926
11.809589,8.047185,3.444777,50.498165,14.821073,58.752495
49.878826,31.056868,31.701525,120.638290,27.634827,42.966835
22.980251,15.946135,8.982550,21.088171,4.601358,6.030547
22.110519,15.196949,6.426105,43.625473,10.295940,7.118181
30.654335,20.254950,13.601645,66.802315,16.515499,19.947845
28.468460,18.991732,9.787634,37.923943,9.225849,4.937125
22.141853,15.273613,13.418944,155.569550,43.383698,79.962601
5.193900,3.849941,2.577172,19.484718,4.118384,7.711169
14.074574,10.247491,10.245136,73.730934,19.874216,10.708923
9.881234,7.046762,3.650246,95.971252,25.649851,11.284040
23.662666,16.055574,10.305231,100.898033,27.413021,10.129230
4.871429,3.258730,1.668540,14.566522,4.112565,8.536618
9.633958,7.047557,4.678451,8.038742,1.330360,11.207520
9.073146,6.594944,3.495665,15.979175,3.442064,2.921379
34.623650,22.883841,19.338617,61.063026,16.728552,50.673740
20.625784,14.167016,5.534651,31.956646,8.494616,4.144180
31.422380,20.649073,12.754879,26.805321,5.299869,8.414403
9.574108,6.894919,5.620752,57.107338,14.689008,13.201964
19.316320,13.787089,6.678159,96.727028,24.749695,6.366071
36.123520,24.401274,14.452242,77.463348,21.915598,63.115158
7.735015,5.584473,3.718420,15.653804,4.560118,1.099825
23.094431,15.478930,13.954461,85.488472,20.707029,8.503016
13.086936,9.440034,5.670666,20.913067,5.650799,7.989933
7.091368,4.853511,1.894843,9.300853,2.317120,1.662375
29.049267,19.670195,9.815494,97.822548,22.970760,16.619268
18.031277,13.061409,7.461152,8.027559,1.467106,8.559518
19.863878,13.584272,12.095871,136.187119,37.144379,32.003643
22.723988,14.759663,18.302420,99.152664,25.413820,39.649620
35.984821,23.490742,12.676046,79.043480,20.086195,19.036037
33.215714,20.111612,10.484348,102.023354,27.987612,19.575863
25.274805,17.192129,21.801830,86.072929,22.991032,31.635965
9.267477,6.727249,4.408147,12.562412,2.914456,2.417446
15.361118,10.777130,5.609657,48.487785,13.843543,6.797981
13.067707,9.323361,4.577267,36.769123,10.205137,22.071619
9.416451,6.831829,2.253590,15.296859,3.918309,14.373213
44.619446,27.208393,14.383312,75.474136,20.680433,45.329269
5.842120,4.150684,1.380572,9.262412,1.998270,9.339376
23.769180,16.208735,11.105488,160.002029,43.338287,32.529690
13.581619,9.444722,4.441291,61.388683,16.675241,9.879471
6.395648,4.619807,7.434784,31.328245,7.163119,6.335192
49.910667,29.699873,33.630699,111.360695,25.022203,23.033176
9.981414,7.168232,3.290866,27.843443,7.722853,2.392684
8.190127,5.621176,1.763380,14.523993,4.089065,12.302410
9.352433,6.651069,1.721772,34.440979,9.043566,21.678642
19.895727,13.734031,8.231610,30.716238,7.917720,58.690269
24.983780,16.668106,5.785135,46.552578,12.209970,16.528645
26.860029,18.054897,7.740083,61.831444,14.901365,21.946505
10.128312,6.743201,3.867840,43.229603,10.325890,8.058752
28.468004,19.567635,10.596260,59.441822,15.065016,38.772266
5.395396,3.812948,3.677954,17.959764,4.867768,0.922075
23.755508,16.341091,10.878541,37.008106,9.324130,6.147236
52.447426,25.797907,70.413818,308.147003,77.132294,151.161331
39.625084,26.192310,10.657813,164.055237,40.435707,9.510990
21.004978,14.038526,5.237967,35.816849,10.289285,41.985081
9.803992,6.717897,4.332042,55.234196,12.766226,4.101998
12.409541,8.488539,2.967249,18.017975,4.858613,5.720188
23.052895,15.399028,15.409358,100.019737,20.360626,18.402296
12.842762,9.555997,4.169395,30.368372,6.886755,13.428259
23.451933,15.748037,8.537489,43.650475,10.450027,4.676818
15.888693,11.259419,7.314486,34.313568,9.802402,56.028564
22.334673,15.694397,9.382434,79.515694,20.434145,11.461780
18.585323,13.194938,6.160607,17.441629,4.152315,4.820813
55.723152,33.830563,26.848438,100.200562,26.423998,101.697983
24.867813,16.043844,23.378862,87.118095,22.870945,19.550280
22.233913,14.874638,5.528962,24.678894,7.510296,9.460237
14.013912,9.803986,2.442050,22.220388,5.353096,14.145700
6.137161,4.226089,3.122690,19.636593,5.510754,3.009887
4.939843,3.662012,3.503502,0.846284,0.733432,3.465220
12.985688,9.305268,3.954014,42.821930,10.834417,2.794454
15.204662,10.908125,7.157090,49.904964,11.730101,5.934687
5.242414,3.766621,2.664944,29.963169,6.580309,6.947191
6.274843,4.729629,3.436794,23.949917,6.647395,3.669738
21.838909,14.893539,9.346568,23.113504,5.589305,8.303108
9.723475,6.603096,3.301297,19.187708,4.257469,9.952967
21.747456,14.913921,8.483209,55.776432,15.188940,22.311247
5.475166,3.891219,6.616046,30.837021,8.354794,21.637119
23.833611,16.005451,16.264202,95.773033,25.576260,17.526886
5.682180,4.221876,2.349819,22.256531,5.774557,7.824052
12.885923,8.963947,9.192464,3.969817,1.113690,1.922024
10.276300,6.983947,4.229624,29.435431,7.534233,8.310802
9.983313,6.410725,4.375693,61.458755,16.970627,15.594534
6.261057,4.219907,3.273354,15.535832,5.056957,2.737120
24.992332,17.389141,9.825042,37.272549,7.792681,3.994913
26.063112,17.328903,11.417440,70.762749,18.191435,57.491215
35.626308,23.215519,12.692386,69.880043,19.523554,62.381001
10.176555,7.187233,3.606727,21.302109,5.455063,29.441044
9.541636,6.901784,3.895751,4.213109,0.285540,0.859260
38.110188,22.690672,28.338409,184.439651,45.842869,51.756741
3.816818,3.188452,2.071572,51.331619,15.288969,16.709131
28.721636,19.767809,11.770957,70.620056,16.262062,15.360522
8.958035,6.572046,3.498720,55.186703,15.076155,2.179030
12.469057,8.708747,4.269233,36.000835,8.294742,28.604557
4.378569,3.237005,2.157638,2.743979,0.139715,1.900682
13.620349,9.975960,7.080855,31.555504,9.210822,19.728052
45.944912,27.998325,22.683697,113.612473,32.506721,151.354126
28.277172,19.317156,7.281314,73.691826,17.871773,8.285011
29.730190,18.836737,9.696012,63.501461,17.115751,61.308933
19.741091,13.644479,11.003550,24.991875,5.394481,14.854729
7.744451,5.644516,3.748426,29.057579,7.604252,3.242196
5.292753,4.056427,2.899977,29.277721,8.218624,4.353270
51.481331,32.613598,22.026348,140.751419,36.815880,35.407734
31.444818,21.362968,8.997256,72.638763,18.154985,40.949112
20.849579,14.648019,6.569887,40.706036,9.306376,6.369245
34.552849,22.135542,13.872163,64.747177,16.678186,19.538948
16.144302,11.119497,5.432611,32.402893,7.612698,2.722093
46.720280,29.434128,23.508707,92.161507,22.383717,16.374323
32.124371,20.253666,10.893274,72.684769,16.569838,16.421186
9.566195,6.749697,4.212425,33.877335,8.660576,5.639720
8.002764,5.881670,3.589517,18.078274,4.528383,13.104007
10.900575,7.702430,4.499731,67.883232,16.715614,7.854205
7.921257,5.475681,3.546557,1.861529,0.029187,0.997115
14.652294,10.427574,4.053116,16.662888,5.910975,8.195675
47.956635,26.308521,77.154762,356.568146,98.215515,369.131714
12.467919,8.731447,3.750024,27.339094,7.847764,6.932664
29.812681,17.956318,27.846666,117.939407,29.422277,71.027016
42.670700,26.728830,17.025572,161.130402,42.656067,100.348488
9.189487,6.628580,3.866630,30.070498,7.746627,2.864404
7.145321,5.243463,3.013186,37.568062,10.092136,3.665094
11.561316,8.180521,5.817543,9.453220,1.928859,2.676663
28.087572,19.126072,11.145772,89.279762,21.773264,24.385241
21.122623,14.190284,7.185860,24.464981,6.333698,6.179404
12.740298,8.476807,5.571324,28.527946,7.357538,4.351223
12.016996,8.528008,6.028956,16.536196,5.505312,18.061338
36.950523,23.811676,13.631982,47.178539,12.544704,38.406605
16.798635,11.807437,6.271940,26.848410,6.592445,15.957186
30.881783,20.274347,10.181847,53.653164,15.250811,61.618996
14.746818,9.918304,4.364223,75.308983,15.594536,21.687071
15.732435,10.836660,17.815746,134.512436,37.578300,160.290863
5.026993,3.316410,2.127602,1.843284,0.612714,0.960556
12.342592,9.074124,4.462506,11.878797,2.582273,7.460289
11.745713,8.244058,5.890474,14.422110,2.800299,3.471860
29.934704,19.131405,32.390125,176.704941,45.411716,141.827530
11.480569,8.196461,7.079555,35.658230,10.803288,28.907576
12.542364,8.837855,3.893368,13.029369,2.585423,28.647507
14.097492,9.557644,7.779390,10.369410,3.004717,7.849986
14.760548,10.147966,5.554224,52.567009,13.489719,9.630232
44.956272,27.129526,37.650169,294.777863,82.575592,305.493195
18.923508,12.960285,10.257589,38.353123,11.436334,15.063948
28.370033,15.153682,9.889654,67.955231,18.688297,15.341740
22.919224,12.945992,8.725643,34.121441,7.917273,9.767834
5.708856,4.077881,2.324542,12.252546,2.581949,4.268992
46.179504,29.705076,18.408455,65.504448,16.999041,97.874489
17.128820,11.428293,4.650969,26.118805,8.687168,43.740620
16.879642,11.391541,7.752854,4.933368,1.051566,6.845172
40.993000,25.785158,12.389682,40.114594,9.352905,21.844999
44.243301,25.258842,20.590187,102.228584,28.088213,80.255905
6.726988,4.731918,4.802978,50.639576,14.522590,17.208534
24.149897,15.784719,30.171562,211.967453,55.678421,194.807220
20.979176,14.104152,13.700224,113.388092,26.612085,16.760078
39.250690,26.458712,12.028713,14.654394,4.128321,26.737909
12.229701,8.703720,2.311133,22.027910,4.831338,12.598768
14.408309,10.358536,12.846772,91.158051,23.975985,57.505531
19.883507,13.304921,9.166739,65.906441,16.819048,18.681143
27.277641,18.561079,11.501649,37.344044,9.181639,11.034989
20.774797,14.475542,6.227513,44.327904,9.477171,9.617255
14.068218,10.050774,5.271951,30.694736,10.022864,24.232887
13.086061,9.401930,4.472747,17.379286,3.859242,2.455203
11.096467,7.949126,4.154473,58.416615,14.798475,4.150341
11.014707,7.747869,4.607939,3.461501,0.530938,0.620057
17.069094,11.797355,6.307044,84.964706,22.435047,5.627667
21.324221,14.613727,12.118466,70.139984,18.657663,14.112620
10.249308,7.429339,4.809079,41.819702,10.250701,8.879972
4.720016,3.231207,2.469641,27.143473,6.095893,3.603289
15.148865,10.426423,15.631912,18.691099,3.340284,3.850533
23.326279,16.512524,7.079559,22.007696,3.688753,5.990522
11.711596,8.325045,4.536952,37.667629,8.647626,6.943864
8.631104,6.278223,9.290219,10.390083,2.682256,12.071442
5.078333,3.722511,2.322801,24.852882,6.281434,3.360146
7.919310,5.632428,4.621055,6.359233,0.916497,-0.064743
12.246273,8.730546,6.408024,11.756120,3.537175,4.414259
7.052485,5.055958,3.484648,58.158710,16.511299,9.060798
43.490089,25.470406,53.716206,319.386200,80.950356,52.701672
27.433277,17.889193,14.290371,148.921799,37.430153,22.660601
13.040765,8.405112,28.251162,163.540039,41.983311,22.205215
18.587936,13.155735,8.115367,26.097328,7.480448,16.223877
26.768305,16.723852,33.230167,371.489990,105.528610,213.422516
28.910229,19.479753,10.132774,76.761719,16.440012,14.807504
21.738262,15.097324,6.061848,42.278698,10.853603,13.333611
20.315577,13.765548,9.039877,63.773537,19.785061,46.457954
16.869829,11.493227,13.748923,63.966343,14.934727,6.344619
7.812129,5.613717,1.687188,13.594371,3.627886,9.219611
5.706718,4.239989,2.408796,3.975305,0.303217,1.551639
10.210212,7.570307,2.896676,15.851861,3.765604,3.895050
22.553566,15.412070,7.873105,34.735798,9.446917,4.060356
14.316660,9.515912,4.845197,49.590912,11.885011,6.786016
20.835842,14.045913,12.042211,60.046631,14.605151,10.799367
13.384510,9.062627,4.625343,22.156557,5.206028,8.489818
29.953978,20.431080,9.629169,58.692440,15.399371,10.141385
13.903535,9.725584,12.139814,28.615246,6.024158,8.802966
18.903391,12.669831,5.804554,59.479618,15.861755,6.687902
87.936386,42.018238,63.278244,467.208282,133.210510,424.534241
41.595417,26.599197,18.836224,69.746429,16.513216,24.617853
15.398001,10.660954,7.179814,78.967110,22.685163,37.232635
4.759733,3.612767,2.836729,18.960552,5.328938,2.559412
4.933172,3.538699,3.041608,8.952665,2.693569,1.140834
12.150302,8.324418,4.096755,16.869387,4.034624,4.608787
20.294477,14.112089,5.788002,13.985271,3.427188,3.203239
40.772717,26.598961,15.602221,36.695919,8.555647,8.171695
9.510178,6.877304,3.075403,26.655201,7.334548,9.472261
19.896282,14.061053,12.190189,68.845573,17.309221,20.674725
13.023013,9.258862,3.906288,38.499870,9.010136,5.870499
20.837910,14.702189,5.708677,20.292879,5.083831,4.058052
18.230602,12.523988,7.479487,63.270309,16.807705,22.848013
27.465330,19.006540,33.951416,31.834650,7.345653,39.985775
15.676893,10.834397,8.628831,70.035629,19.502659,25.257334
8.419447,3.801674,2.301877,33.131981,11.099092,19.378653
46.576660,30.967886,16.216261,83.942047,22.846817,65.464165
59.358810,33.462288,20.810699,108.085251,25.842859,77.747620
27.912676,18.731441,11.662991,38.550003,10.138807,4.281179
63.512646,39.519596,18.905308,146.926956,40.952618,35.938305
20.427074,14.226018,8.865102,35.703369,10.462139,7.498186
18.608301,13.341266,5.350340,28.819712,7.039571,6.953420
38.644470,24.236040,22.535612,93.814102,24.761198,28.411884
38.653816,22.813068,24.807957,147.689819,38.619469,49.697399
5.996998,4.460129,2.246116,32.406410,7.804733,3.736780
23.906670,16.495981,9.963130,7.340302,2.225955,45.145336
30.069828,19.611824,13.790396,91.409775,21.820986,33.393047
5.493267,3.737896,1.290267,9.212050,1.603699,5.765129
20.675226,14.314328,8.383002,38.307175,9.619574,6.400694
69.712524,44.326347,31.195389,206.743484,52.112736,75.147057
7.616187,5.682827,2.877358,17.771158,4.306331,1.150783
14.028421,9.371448,4.565706,45.717293,12.469066,13.525211
13.231250,9.539013,5.416344,13.937658,3.982092,13.693016
51.475021,33.273586,23.614016,81.081749,20.389307,26.751583
28.351202,19.489180,12.643824,24.472549,6.266945,66.967316
13.585717,9.781165,6.625606,25.184671,5.855968,4.762666
8.591780,6.342939,3.801798,15.840817,3.979609,4.764142
33.218063,20.930340,15.098606,57.573040,14.604255,21.049391
5.466726,4.001707,3.111360,25.830423,8.016687,3.388061
26.989866,18.333239,24.309298,41.344444,8.889036,12.745106
24.149273,15.715413,11.986284,87.386078,22.460911,15.674056
26.225655,17.388403,8.785517,76.321121,20.486118,40.528351
21.890820,15.197166,7.581537,42.374249,11.965472,20.749279
12.992917,9.216762,22.332672,96.829308,25.050278,9.285079
16.731506,11.301486,8.871482,30.455980,7.927064,13.052086
31.741817,21.899158,11.192806,47.180603,13.201789,25.900919
21.093048,14.732182,11.238714,12.939932,5.325064,28.137957
11.599286,8.404738,8.221622,21.952026,5.827569,5.559070
12.999430,9.279670,4.319891,34.762604,9.337968,2.564328
23.193232,15.804790,6.675380,110.128708,29.862207,7.870776
6.522634,4.406578,3.317432,20.295359,5.220608,8.427834
16.680084,11.426080,6.614982,44.796570,12.329899,5.521180
19.864256,13.154692,11.042286,103.975952,24.468052,19.324711
57.287594,30.953396,50.555973,321.575806,84.889145,103.057091
13.259749,9.185871,3.756227,48.649429,12.279750,19.212048
16.575008,10.686588,20.598085,143.697784,34.305500,53.802742
15.452888,10.905825,5.678521,6.243263,0.851078,8.743553
19.122969,13.200735,9.272510,134.936508,34.563671,11.289480
5.464258,3.944796,3.011539,50.679993,13.672664,30.257000
18.683199,13.060352,4.029967,30.365486,7.922784,9.530704
5.125332,3.623806,2.252567,20.188087,5.447212,1.900935
26.726456,18.007456,9.565344,47.634998,11.837244,7.174103
31.190754,20.395271,11.460988,49.212116,13.107476,49.749989
5.940904,4.179862,3.026311,0.057219,0.380628,2.575016
17.230244,12.321754,6.206889,5.243423,0.533311,1.567482
11.119084,7.961189,3.721516,53.806442,13.679644,2.569022
72.449623,41.401863,21.963211,120.925148,31.622652,39.982414
38.204262,23.261076,31.452410,302.991638,84.776718,213.064240
9.092862,6.490298,3.312561,17.444218,3.836524,4.963393
16.241709,11.528314,5.136396,32.903385,7.965004,19.894670
40.805939,27.825836,22.572990,77.779060,22.835623,46.712547
7.167056,5.415938,3.181330,12.529857,2.644359,1.787058
34.509682,17.862932,24.166130,48.455345,14.347116,24.352680
34.776386,20.801216,13.623278,49.595497,12.801003,27.936918
47.440624,25.156384,59.235985,278.826477,73.435631,397.958130
8.084094,5.562017,2.327380,22.811518,6.322524,10.639058
29.930014,18.213057,63.576439,328.419525,82.482010,52.496746
22.567390,15.362888,7.720969,48.103024,12.284921,9.282506
37.839016,25.170433,11.804177,90.349358,23.228844,49.240112
14.430086,9.920806,15.876770,104.421761,25.976614,28.454659
10.464778,7.413345,3.457431,38.463135,9.250925,4.467266
26.351156,18.075649,9.084113,41.814407,10.381130,7.386958
17.769569,12.374471,7.946210,43.773190,12.869442,32.405415
12.703213,8.485143,5.741876,3.500665,0.610559,15.777525
20.215240,13.848982,15.903008,50.629250,13.510801,12.844574
29.123516,19.515358,11.178631,43.510311,10.380508,2.716118
8.930744,6.594535,3.297057,13.806888,2.752886,4.908183
14.066359,9.782202,7.340313,55.189423,13.937081,7.771796
12.696814,9.030416,7.715731,34.112297,9.205367,45.427891
13.968892,9.489348,5.260563,39.124325,8.684779,5.971988
25.241125,17.007078,9.342511,60.055489,15.405510,7.274661
46.107868,29.200169,60.636917,323.122375,75.451920,54.434212
13.525055,9.386864,4.685729,31.284168,8.086699,12.020237
6.207384,4.431391,2.373036,20.788565,5.063973,4.337806
25.634447,17.247431,10.914181,60.005970,13.583076,17.589361
19.171091,12.897511,5.651299,43.520119,9.742627,29.949732
15.249200,10.622088,5.587674,51.284229,12.586301,3.409877
8.114971,5.818077,3.084552,37.276390,9.644288,33.552452
84.841415,37.501987,127.659004,730.996460,193.804352,421.406738
28.076265,12.165996,52.560333,418.287384,98.120926,120.484726
22.251299,15.752136,6.742175,46.053265,13.115139,15.637577
6.396420,4.492601,1.878892,12.542677,3.084081,8.968959
28.190405,18.699022,11.221639,57.647984,13.779302,10.922819
47.272045,29.323788,17.277529,140.947556,34.040272,26.278263
7.089632,5.061544,3.660739,17.024906,3.695281,3.653973
7.257296,5.013601,5.504659,16.886499,3.327380,2.488360
21.144020,14.533145,6.897620,33.796619,7.222236,3.478058
25.308472,17.214054,10.029939,57.045902,13.598289,9.515626
27.997454,18.289816,46.947872,121.723755,33.044052,167.526840
21.088999,14.509592,8.170193,48.062180,12.089420,8.339433
29.802467,20.099308,6.736809,40.689354,9.159276,4.884955
14.240394,9.992558,5.023066,28.715418,7.236887,4.281409
8.196156,5.887918,10.403289,60.801105,17.546722,15.295508
25.368725,16.743542,12.142607,8.360168,1.663590,9.974556
19.984177,13.298513,6.958295,39.924137,7.827807,19.205837
6.123124,4.096258,3.022909,-0.195294,0.934326,0.724608
22.205893,14.920715,10.461514,30.203018,7.044842,30.499640
10.424102,7.351270,3.602375,34.666882,10.407073,9.141598
10.672488,7.791817,3.143281,26.274630,7.392735,3.250308
11.435296,7.972549,6.170478,53.760353,16.410683,38.469952
5.912875,4.068890,2.451231,15.581845,4.454184,3.619745
28.501873,18.168810,24.529680,112.725052,25.453815,20.775822
15.157391,10.715923,9.134789,45.806358,11.154248,5.750708
6.388874,4.553205,3.171944,2.363891,0.376162,9.086458
18.704437,12.691262,10.843889,66.476143,18.901417,14.600337
7.147876,5.223787,2.705974,33.331520,8.566167,4.613373
15.237309,10.083011,9.776250,105.127373,27.627640,90.539154
19.481905,13.081470,10.600683,95.626007,24.528696,25.476603
8.566627,6.051167,2.650880,23.673603,6.237747,34.730312
25.126423,16.895428,17.711294,161.076279,44.026600,110.314919
15.014752,10.582859,12.909993,59.265152,16.767227,12.654089
11.655705,8.252958,6.508902,35.281368,9.611042,6.027953
11.475245,8.318846,4.233963,17.641607,3.676870,10.027804
21.019892,14.482201,8.454331,66.700554,19.694319,8.657272
7.291478,5.136760,3.343601,2.640742,0.716554,2.362795
10.650749,7.705311,4.613314,14.419438,3.903028,7.344261
25.015062,16.501450,11.924031,70.974495,17.239532,32.870533
31.385977,20.656212,19.072895,147.449585,39.286728,47.838665
41.400784,25.929014,12.420588,102.706230,26.395445,45.466923
28.875875,20.003458,18.441298,88.223572,20.839626,25.419991
23.518690,16.390562,5.084778,108.862885,28.218939,9.496248
7.021331,4.705198,3.193732,18.662603,6.044703,0.730151
35.957886,23.689817,12.851842,80.066887,23.434484,79.862961
53.519287,27.600664,45.271965,246.684387,65.825371,62.142403
24.055326,10.549006,10.497718,18.718269,4.440151,6.139276
22.574083,11.847745,10.057645,18.149677,3.663050,4.362181
70.312233,36.213509,125.068008,653.701233,181.780411,373.784027
5.977469,4.583428,3.865079,10.556264,2.488615,4.785047
19.724977,13.635295,7.072695,51.800179,13.636302,6.450078
15.159342,10.665052,4.990407,32.079670,9.042204,4.486446
25.324467,16.881207,9.419820,67.317978,15.911466,16.880999
8.404390,5.866698,3.680660,34.971554,9.366439,50.174717
12.208696,8.477249,2.992465,23.208424,4.697670,6.902063
5.113716,3.838420,8.319603,44.824970,10.545461,6.112418
20.335783,14.354567,6.296398,51.485313,13.426109,8.507837
8.041457,5.536104,4.132443,19.747330,5.274802,4.021204
32.448296,20.905762,13.963520,68.296631,18.625347,17.340096
18.805101,13.220741,6.264731,4.593881,1.444661,5.032602
10.910402,7.670689,5.138822,16.531807,3.371207,1.536803
12.076683,8.588751,4.834533,4.267606,0.233368,5.845758
13.267900,8.854380,4.462960,25.997406,6.638394,42.353386
4.212120,3.112707,1.948927,1.860016,0.160992,2.218299
16.919790,11.392143,6.693476,47.513638,12.823364,4.382913
41.038029,25.589407,24.722021,70.518265,15.531175,31.444033
31.207384,21.938030,14.893966,48.337276,11.448749,13.250943
16.382782,11.486116,4.975406,3.432033,0.654869,0.693482
16.116320,11.420756,6.110731,34.988766,9.137311,2.942611
16.235229,11.327341,4.042501,40.166599,9.510913,7.715817
8.308545,6.340819,4.053309,22.305593,6.252899,20.382214
29.474169,20.234821,7.256495,52.434937,13.543714,19.280155
25.096125,15.876595,29.236610,170.405411,42.057911,44.146751
18.071257,12.578039,4.888604,7.350102,1.111761,5.848958
31.503626,21.903316,10.132309,48.058998,14.054894,10.367311
15.500331,10.918995,7.302943,73.219666,20.027552,14.657786
30.296429,20.446060,10.062790,50.403507,11.880639,27.391581
5.371562,4.154342,2.757521,2.838194,0.588393,1.077650
4.429779,3.418385,2.357538,12.842560,3.381375,4.524704
12.554386,9.047668,4.991324,67.677406,17.252560,7.527279
15.208999,10.490673,5.050000,64.405365,15.217472,15.051274
36.016388,15.403888,13.379770,51.149933,13.258000,15.931679
10.321845,7.504863,8.347376,7.093229,1.716386,32.821835
9.073374,6.472888,3.493788,18.992592,5.418648,15.890645
15.075027,10.086658,14.053407,100.727234,27.026939,32.746422
38.878220,22.670332,24.405260,164.859772,47.160580,106.711594
19.284832,13.163573,5.037553,54.552937,12.414649,6.766208
16.165628,11.509473,6.156045,4.465288,1.024101,3.530926
10.117166,3.813380,2.854986,21.523588,8.111825,17.621252
21.257296,14.323581,5.778255,67.335480,16.956665,43.394577
33.278755,19.602781,35.993580,201.628647,55.055080,215.875580
22.003061,15.049265,7.857662,32.404854,9.333040,8.199622
12.874755,8.819895,4.719474,37.006893,9.277349,4.428532
14.564942,10.003411,3.912985,32.054520,7.608936,8.058214
16.606926,11.552680,5.720121,20.398991,6.017654,19.848209
12.102653,8.272794,3.716228,42.212372,10.157660,5.317780
13.980233,9.920184,5.059121,32.089703,8.223158,4.444014
16.953867,10.402544,24.895996,104.186409,27.864328,149.087860
12.206703,8.441998,3.361019,22.083044,6.569822,13.226397
17.001268,11.525170,13.087502,92.994736,28.893400,51.810402
27.602421,16.957884,9.600997,46.935001,14.181735,67.696686
31.798344,21.362968,10.191030,51.667000,12.847651,50.051918
25.390223,17.320354,8.789064,58.559074,13.871034,6.408191
20.395824,13.433641,7.021280,48.011879,12.397268,21.358171
4.077981,3.014853,2.499954,2.729901,0.341201,2.517457
33.392353,20.184610,40.393654,268.333893,74.770340,197.662994
6.193578,4.583403,3.630943,21.372604,5.923338,3.322154
47.190292,29.077538,89.123886,679.108582,189.338104,263.786652
24.098970,16.519665,10.932186,34.463009,8.415557,5.499782
22.667603,13.498484,22.782970,106.203453,26.599043,24.539972
13.278071,8.257551,6.702751,47.576065,10.471089,5.434190
24.803690,17.126230,8.393333,36.541904,9.755565,32.061996
40.646034,24.602480,60.928288,270.898376,73.005646,194.836914
6.665750,4.463894,3.641067,23.429234,5.088347,16.501293
22.330799,15.185042,12.884703,96.366142,23.225319,17.814650
19.395056,13.544376,6.278843,40.871708,10.684046,3.044880
12.775251,9.116831,7.249493,10.336876,2.234444,4.560034
12.219492,8.717563,7.368968,18.521616,4.575087,3.706966
12.969824,8.782828,7.784020,59.519543,15.159669,13.069706
13.959510,9.550624,4.349339,17.081472,4.689178,7.078670
29.555256,19.148773,15.452859,71.159531,17.962610,13.297035
44.026569,29.252817,40.958427,88.658424,23.109945,75.003212
30.474318,19.264204,15.514023,109.513145,26.847744,26.741709
9.074161,6.103454,8.928228,46.713619,12.428375,16.476845
22.961832,15.802983,9.743408,71.014748,18.011845,16.581373
12.386222,9.206307,4.918018,21.020546,6.137323,3.003344
57.089890,33.551353,23.280668,141.908676,39.024555,36.697636
33.658691,21.257519,23.040524,162.966690,46.041618,58.572269
29.471088,20.276926,16.548044,101.623062,26.255974,32.644409
20.865444,14.189098,11.725542,69.303711,16.299555,9.696511
24.852932,10.712883,16.388073,108.010048,25.864435,26.266378
22.582256,15.062103,8.713566,5.621715,1.250931,32.885441
5.327476,3.516761,2.892191,16.465633,4.204436,0.713101
18.720591,12.081435,20.909918,109.593071,27.737473,53.170925
66.867630,38.092445,112.879478,292.047638,72.839264,126.231758
14.362165,10.105070,6.013436,53.530209,13.356129,9.432233
15.441385,10.426280,21.369217,153.985031,40.684643,23.837931
19.071779,13.373516,10.020502,8.795916,1.252033,3.293153
6.063694,4.347746,3.618220,28.238054,7.015696,2.524117
11.514523,8.278614,4.424881,2.115018,0.655637,0.457913
12.437503,8.486855,5.101654,17.829302,5.922616,9.081035
10.441833,7.466795,2.631479,63.180180,16.747311,5.470148
15.597455,10.946923,4.396050,33.442654,6.667454,3.195899
28.935551,19.200426,36.513100,317.788025,89.629417,252.118195
10.847349,7.306154,4.514867,37.637218,11.931264,24.359850
31.452608,19.547834,25.152058,208.830399,56.031494,80.447418
24.492725,15.438566,46.065331,158.386490,40.959053,88.430595
23.210472,16.431944,7.810357,16.851772,3.571081,19.923227
9.903975,7.175706,3.397931,27.732639,8.205784,5.779742
26.548212,17.035425,8.390577,43.867596,10.765661,5.050024
19.959734,12.911139,7.006351,62.177647,16.285276,3.921327
10.085540,7.319842,3.611348,5.019641,0.850338,8.183130
27.032532,18.839340,12.262867,36.488884,8.626449,6.066391
5.865392,4.093365,3.391864,17.444187,3.657500,2.542714
14.284072,9.650167,3.827268,54.372032,15.523961,14.281945
57.733425,32.727242,72.104515,299.740234,77.932129,66.187347
14.930506,10.724121,4.859082,31.183256,8.671974,7.808820
8.354713,5.732562,4.221330,16.894159,4.234750,9.806729
75.915901,40.530704,40.147011,251.816147,69.142754,122.175690
14.098731,9.891301,4.295460,60.348240,15.749847,49.792278
9.865402,6.609390,5.161062,27.616953,5.614976,4.392176
21.351425,14.366382,5.564783,51.772026,13.839790,46.482548
4.878350,3.388987,10.390025,44.597958,12.203723,29.873371
14.313869,9.765048,6.133248,5.540683,0.674744,0.897976
10.641058,7.548450,3.377241,20.361479,5.771617,19.910866
44.749844,23.254293,83.408783,343.727356,89.458900,283.579193
33.245602,22.441750,16.923397,68.236679,18.162230,11.668771
7.992077,6.007271,3.397018,16.710184,3.699904,1.394327
8.919131,6.598337,3.942308,0.990603,0.677846,1.243098
14.951702,10.559729,4.464759,47.609924,13.204434,50.582180
12.297313,8.369664,5.015877,36.039722,10.660696,7.635464
8.598329,6.187893,3.615412,0.833169,0.424959,3.201851
29.426035,19.564241,15.728493,90.318214,21.063000,7.602104
11.718975,8.053296,5.201191,3.846452,0.984480,6.422970
5.186954,3.577739,2.452149,2.657462,0.377554,3.512449
30.292847,16.850220,9.170278,49.363686,15.525290,78.380135
53.343224,32.186520,26.796450,249.398026,66.396103,113.561050
10.252813,7.406085,4.158348,23.806812,7.467529,3.279712
6.224164,4.576462,1.593759,11.962253,2.589498,6.739780
69.851753,44.492249,82.294853,506.698975,133.376709,120.215576
23.275354,16.049789,6.741388,85.067863,22.921835,10.937164
24.332317,16.321739,6.653619,77.827049,17.708860,5.402096
17.635511,12.361747,14.518477,55.153889,15.614922,95.179115
27.053009,17.972029,8.683424,76.048309,19.385023,82.549461
13.934927,9.820802,5.803600,69.187302,18.232111,57.721622
6.833418,5.022401,3.199463,15.879810,3.857736,3.949441
25.930065,17.765478,7.848189,9.322517,1.440781,2.125145
13.443472,9.331898,4.783974,31.908117,7.733089,8.353926
35.529358,24.322020,13.978436,53.273640,15.140362,93.527145
9.474899,6.419977,16.684320,19.046465,2.923531,10.563647
17.384050,12.155813,5.423272,42.886189,11.112123,6.739013
30.047375,20.407354,11.810358,98.182205,26.403807,37.895191
12.762885,8.621157,17.488203,34.934105,9.653196,29.128174
18.665285,12.463556,5.045471,58.030533,13.761596,9.056519
16.450052,11.739243,3.743014,43.704983,11.792252,10.545691
10.455851,7.550901,8.207560,5.899451,2.461802,6.304181
22.764826,15.240599,5.753750,31.452839,7.678115,19.965046
29.296122,14.507750,11.901623,38.635014,11.837251,50.049320
18.331238,12.377481,7.010026,36.773678,11.558984,28.720697
18.924288,12.879055,8.383939,42.008003,10.877734,6.024058
48.258137,32.660866,25.201880,137.178604,39.483223,41.308426
26.022419,17.944103,7.725734,7.419088,1.266226,2.153414
12.188257,8.216897,2.945363,24.917793,5.399062,13.304647
15.574433,10.317891,5.500720,17.043190,3.870792,12.089807
11.543952,8.149142,4.874968,59.705467,15.342327,7.092345
22.202667,15.365831,7.814616,22.823896,5.612736,7.799815
9.483757,6.605352,4.393451,14.167996,3.395530,4.587690
16.150970,11.479341,5.312494,39.456142,9.828890,6.868455
12.145925,8.156108,4.244408,35.182251,9.636220,3.679747
23.318447,15.736019,10.321774,168.936752,43.450817,9.432500
17.351458,11.914930,3.439315,72.128372,18.811691,6.186735
26.396259,18.190165,8.486089,35.439404,8.772722,31.736206
24.117996,15.703090,17.547091,125.751686,31.151829,44.279053
5.356333,4.072038,2.423938,18.624168,5.013080,2.859669
15.893584,10.737035,5.381548,35.129448,8.781915,10.197422
32.659683,21.770088,12.259721,57.668667,14.124874,6.720353
17.481857,12.493511,6.036021,7.586679,0.358305,1.135369
19.878443,7.987698,6.558277,35.182896,9.909600,51.443615
19.525221,8.052292,6.527558,35.980255,10.168303,50.899544
22.751286,15.104704,7.724256,39.696659,10.446027,20.178232
37.200966,25.171900,11.274699,112.457336,30.566879,72.978546
5.774822,4.361493,2.712435,1.548339,0.082638,2.862015
36.793751,24.942810,16.815844,47.063782,13.123892,23.501062
23.506907,15.875410,8.690371,34.563248,9.131799,8.947894
12.518456,8.809544,4.174394,30.974604,10.822021,41.661594
70.788589,30.969263,25.730457,134.735992,36.433945,43.533730
70.309364,30.904921,26.765337,152.708923,39.118427,41.941757
21.771799,13.328581,31.748400,146.175674,36.090408,162.881973
23.370979,15.871691,11.151559,120.414505,29.338953,16.192812
11.437779,7.914728,3.045340,30.481436,7.832080,12.145460
6.682064,4.781926,2.894251,17.451941,5.309598,2.788908
60.522392,34.732498,39.926723,256.038177,66.743538,184.027008
31.656332,21.724476,15.816638,55.951401,14.558705,9.926485
7.695701,5.474895,2.133074,13.254335,2.869564,5.111174
13.349089,9.484251,7.409581,20.273655,6.177390,16.289904
20.785303,14.019509,5.870273,51.056183,15.013498,34.354931
8.439000,5.723984,1.276750,7.811774,1.234240,6.230420
16.603085,11.251507,10.285636,80.866173,20.192299,25.821766
31.676422,20.917582,32.848087,123.355957,32.502213,17.620892
14.839372,10.037616,9.456077,58.074226,15.302907,7.305515
30.931362,20.653337,24.746986,126.511009,30.718740,45.473648
7.733377,5.558986,2.868928,20.008511,4.704118,6.492406
7.391311,5.324159,2.067453,21.139137,4.423112,2.754719
39.821793,25.968994,17.907583,102.824142,25.352140,78.951767
64.566261,35.920422,81.747688,303.388977,77.194321,145.971115
15.355741,10.007726,14.053935,109.868355,26.759489,25.354698
22.676931,15.060688,12.172282,59.005802,14.857292,13.229840
20.434534,14.228989,7.364208,32.072235,7.501906,35.888958
11.016924,7.691821,2.212907,32.363419,8.837916,6.486776
8.697889,5.965919,3.163488,25.907949,6.678019,1.856558
14.923271,10.491349,8.380767,138.548538,34.646248,39.446907
25.768116,18.050789,19.034861,99.066422,25.452591,88.159798
15.486015,11.167744,4.819734,24.523954,7.616721,36.187099
28.726683,14.570679,11.722606,52.062031,13.453082,22.988119
39.893494,24.654198,26.681032,118.415924,34.300392,117.121376
19.575094,13.678650,6.413075,17.076771,4.933710,7.516309
8.147804,5.339266,4.401327,21.456797,6.370364,3.959868
11.353308,8.137166,5.708753,58.236393,14.117966,3.963203
11.735171,7.812371,7.080026,44.647003,11.009236,7.439367
17.539959,12.431216,7.984512,8.319395,1.813896,2.015882
23.790590,16.178865,7.873337,9.200345,1.748258,2.290382
17.137379,11.260813,22.274250,23.813177,4.570687,21.974680
17.633665,11.264228,39.658939,73.788162,21.376457,102.935165
16.550465,11.328267,9.762052,49.694672,13.766087,37.104099
10.002723,6.913319,3.675932,12.720831,2.836761,4.121638
27.768755,19.442312,9.653235,101.875076,25.648472,40.195702
11.482462,8.125624,3.553506,57.378960,16.999487,16.743427
8.296691,5.890162,9.846628,47.437649,12.854681,7.459507
19.955713,13.390761,5.588888,27.026724,6.162350,5.764773
30.518543,20.920622,9.412341,52.039337,13.616852,15.379267
6.068921,4.277613,2.832237,54.896076,15.774105,18.251022
10.542716,7.313816,4.481545,16.130346,2.779715,1.550160
7.664230,5.649155,3.274222,5.299892,0.617056,1.330182
18.327675,12.585747,4.658882,49.100498,11.725725,8.106803
28.054800,18.797218,9.090388,84.815750,22.476503,11.898287
20.479950,13.657611,8.877105,17.292120,3.919091,6.853361
10.388637,7.046525,4.141545,21.477936,4.667068,4.729513
33.484535,21.972349,11.268740,36.602333,9.280280,8.871408
32.337345,21.374428,11.359426,79.935394,18.877872,10.567585
8.904229,6.119891,5.624932,7.075965,1.424103,1.943280
14.764397,10.111850,4.209394,19.760410,4.076595,16.347136
43.655899,27.346075,20.263838,45.665188,11.781764,49.738731
8.085705,5.469806,3.241153,20.189707,4.064955,0.625614
16.819332,12.140448,6.566716,46.038509,11.895865,12.343204
21.305920,14.420897,8.902152,50.894161,12.572517,45.958824
7.479495,5.332078,2.900186,19.538048,3.818454,1.466182
17.621727,11.846529,5.757451,41.813438,11.114114,14.320115
41.755890,19.211082,13.581665,48.535816,12.870722,24.429256
27.842047,19.106440,14.676137,71.697548,18.649309,22.728949
7.609233,5.475406,2.447565,22.815477,5.459335,16.322023
7.455812,5.587883,3.386860,19.429153,5.232390,5.623691
4.864841,3.379923,2.267573,20.615616,4.918151,10.060968
28.747377,18.898655,14.845961,128.764481,35.400345,24.376024
10.876188,7.383523,10.957590,77.743057,18.724342,35.751213
33.829231,23.537300,10.939925,72.328430,18.983171,17.943729
4.010673,3.117551,3.061146,46.930191,13.406037,30.332960
11.449121,7.906649,3.852791,25.820955,5.616470,3.594640
33.706337,17.628128,43.408772,188.573257,44.046165,87.683281
57.512012,35.026413,21.527821,101.973412,26.773014,108.019722
8.279671,5.701150,3.187115,2.228158,-0.000717,1.187113
11.053312,8.290273,2.349731,19.347078,6.355295,10.058795
17.699968,12.526093,4.520614,36.985867,8.527633,7.108729
7.484896,5.282499,3.196873,17.670387,5.036199,3.248148
18.610250,13.205022,6.218910,18.144552,4.162730,7.459091
23.271219,16.583923,7.630120,4.429624,1.146709,1.479763
17.905031,12.871821,5.990875,26.314590,5.926900,11.268108
5.071142,3.771084,2.349504,21.672588,4.896829,8.860822
34.649517,22.606392,14.606847,79.544113,19.217213,14.858368
74.732689,36.457916,59.304996,352.063690,99.141273,269.574005
13.651082,9.383027,6.324755,44.416809,13.049854,6.907547
13.848203,9.418684,5.051181,45.981407,12.713289,4.827250
37.058167,20.999550,13.568303,70.327835,16.690508,12.373675
34.018486,21.637423,33.266953,290.096558,74.684471,58.155502
24.645117,17.130627,7.805981,52.609718,12.591330,9.937157
10.781137,7.154254,10.769273,67.082695,17.782007,72.437553
15.514111,10.881276,22.944273,19.612928,5.365512,27.874126
8.860100,6.447268,3.503114,4.469892,0.134293,1.181981
9.381735,6.393649,3.358990,11.005358,2.165241,6.238831
26.137554,18.286848,16.742012,57.865532,13.455053,29.025049
11.532996,7.993564,3.432986,15.815117,4.107132,12.432863
9.072074,6.339280,2.809866,12.262057,3.552266,31.503145
28.630697,19.161051,29.183205,192.479202,53.776333,219.904160
42.987694,28.470188,13.020900,86.063225,18.784191,17.882452
7.514324,5.196796,6.559104,3.455393,1.097390,6.378645
19.309200,13.036986,5.937420,51.933605,12.238840,10.283878
32.043976,20.781582,20.676929,92.026123,26.706570,117.651154
7.835752,5.477356,3.840000,3.738473,0.557085,0.614860
28.450087,19.235840,15.987734,95.614037,26.500168,38.605446
17.815367,12.275900,5.719697,24.090912,5.651971,15.852373
11.624843,7.885121,8.798696,11.023651,2.002401,0.715175
9.974062,6.926537,3.115467,46.260670,11.447455,6.471520
25.468222,17.709396,7.757280,56.943672,12.958358,6.848953
20.742151,14.359169,5.486194,63.294113,16.632507,21.828173
18.036587,11.540701,12.898778,137.621796,34.477100,36.314621
41.199699,27.290361,10.404936,68.520706,17.821772,25.807898
60.352821,37.059582,99.267914,625.284668,171.127060,136.760284
44.848518,26.926954,16.799192,100.571724,25.553223,24.270370
23.222446,11.882801,8.762429,22.210806,5.317026,7.435731
9.999249,4.437365,3.954869,31.043407,8.377552,5.637465
9.499399,6.320825,3.194677,32.539959,7.459874,4.427139
41.707996,24.875957,40.151127,250.243668,58.848381,155.840439
30.559437,20.070118,10.998409,33.163574,8.401847,27.842581
6.914197,4.926583,3.437750,2.094266,0.192737,-0.082623
37.118965,15.423270,24.761002,208.601578,59.756245,113.913216
34.265717,15.442139,28.574141,250.216507,63.573109,120.374001
15.654220,10.959799,5.910431,19.097197,5.574885,4.259426
25.489985,17.389891,8.247049,37.323433,8.653469,18.974455
36.287842,24.254543,12.778470,54.831268,12.848768,15.014702
37.702106,25.133232,12.081201,98.349274,25.273308,11.285609
13.154146,9.366670,4.656686,36.921318,8.223377,12.695492
54.072418,29.632509,48.062054,137.358673,32.288261,79.571526
10.999411,7.960369,4.119132,61.550720,15.870327,4.413254
21.809793,15.272241,6.020356,5.563202,0.670552,0.758832
25.920828,16.999554,35.321743,234.282104,66.605553,104.738701
33.551296,20.373617,44.343712,239.115265,67.530975,89.877563
12.936831,9.250035,4.895092,17.022667,4.156404,1.847857
13.025378,8.825047,6.697795,15.766089,4.176617,3.744981
13.221285,9.434294,4.826314,31.807251,9.177567,14.530739
10.338348,7.412673,4.198153,13.556026,4.474489,21.047951
22.456230,14.375333,10.210131,82.801254,17.479691,15.810986
13.926786,9.688128,2.678755,62.790348,14.796634,44.583103
11.682346,7.705090,3.897559,37.122643,8.669508,3.795628
20.247931,13.018746,15.303675,132.647018,34.216175,17.197510
54.560085,30.327524,24.367781,173.608276,46.314846,98.614853
7.607116,5.483900,9.214311,43.539974,12.141334,18.590927
7.420660,5.767243,4.626025,20.759146,7.079127,5.055903
7.851655,5.449126,3.195356,4.827703,0.720141,1.397034
24.841446,16.198603,9.720747,74.978081,17.260023,35.493015
30.864220,20.771572,10.462879,70.153053,17.312675,5.366733
7.623750,5.305521,3.263505,29.339201,7.765019,3.641973
16.879139,11.207127,6.357088,28.837397,7.522011,5.821984
15.427358,11.026516,5.294912,21.463852,5.563731,7.775079
28.707783,19.854721,9.596907,41.552761,10.107734,11.540729
6.949769,4.637705,2.481893,18.490118,4.594614,7.020220
6.564887,4.318955,3.506501,14.270392,4.531789,5.762062
9.200988,6.764055,3.935657,3.265297,0.705862,2.562726
21.077454,14.909290,8.923077,64.688431,16.663881,16.121883
15.086005,10.314562,9.470007,51.960709,12.527844,19.114845
39.845776,25.360991,14.251925,45.302361,12.622416,58.279785
15.673745,10.377140,7.098318,32.951756,8.112957,9.254985
9.779908,6.651055,5.207364,29.495049,6.561666,20.680151
7.168597,4.922446,2.377906,17.819118,5.417021,11.225967
11.560873,8.051683,4.215096,18.102022,5.218465,43.539146
7.804622,5.371925,2.553332,24.674976,4.878154,4.919302
30.896111,20.888983,10.876207,52.374855,13.382736,6.408695
28.844118,19.169344,21.147131,61.109268,17.209568,19.460495
25.942371,16.341751,28.171619,134.142776,36.823696,190.306381
10.415783,7.602728,5.031728,21.591051,5.921837,5.686787
8.654291,5.991594,3.563972,19.788475,3.044292,3.088428
38.133610,21.922167,39.948776,216.307755,59.405697,236.659317
18.986362,12.451227,11.599710,59.928627,15.888988,20.233402
18.704227,13.070180,11.042368,80.254997,20.531702,16.371340
11.587686,8.045848,4.579605,29.324322,7.206409,20.203291
66.377258,40.449989,18.131741,88.486816,18.662157,20.511288
8.858419,6.004339,4.204173,24.087166,6.409859,4.493448
37.569832,22.543829,26.203680,153.141937,43.198120,95.250900
51.320461,29.912985,31.927605,165.476013,39.528084,70.853325
17.414639,12.128222,8.012780,42.780144,11.304343,10.175490
17.808891,12.072255,5.790976,30.939671,7.881554,51.274361
15.045606,10.454841,8.240005,22.526644,6.027411,2.929300
16.897461,11.464278,12.175669,90.504860,22.997826,75.072906
10.105412,7.253641,6.217514,32.306919,7.654269,6.522422
20.309059,13.373752,12.127379,93.654785,27.944489,88.036499
10.111728,6.989708,4.393571,69.618309,16.957073,5.420212
9.396652,6.755403,3.407477,23.708485,6.282583,7.132852
20.448959,14.042776,6.920928,26.251101,6.041022,14.025138
7.410564,4.972386,1.590964,9.580202,1.595439,5.740941
17.690285,12.120599,8.274961,64.509521,19.132420,39.929794
36.107109,24.158911,11.481340,66.141525,16.541105,12.500789
12.151551,8.765350,4.816509,24.777918,7.236789,7.204252
12.834251,9.051860,7.749367,58.205772,15.528647,6.098021
27.240696,17.811480,9.940007,27.792486,4.600744,10.280766
31.311069,21.545837,11.479023,80.361221,19.213387,5.376481
11.506468,8.102392,4.453690,57.893932,13.428372,33.278751
10.795853,8.042048,3.503796,39.626240,10.255357,4.612001
12.743047,8.844187,6.033069,2.798264,0.728830,1.009929
22.882515,15.736725,7.952261,56.156185,13.743703,50.608944
36.325104,24.247452,17.945251,65.743576,17.246897,21.066175
28.432491,17.926729,24.699471,142.415192,36.605820,129.830460
23.125347,15.386368,6.567343,85.401642,22.388987,21.979771
16.587259,11.644071,5.748590,6.775772,1.534120,4.105460
11.057611,7.617035,8.504717,59.542206,12.601830,26.816946
8.958517,6.424962,1.815444,19.021942,6.226322,12.937922
10.094483,7.009017,4.934585,27.717415,8.647592,24.125774
16.775448,11.384865,3.420381,37.814522,9.929970,9.196258
9.787334,7.158880,3.856832,38.847095,10.609112,29.960691
13.584292,9.333104,5.262917,14.358719,3.969377,20.408775
37.830746,24.499859,13.908370,43.656193,12.374913,7.395794
12.579700,8.773037,5.549018,20.842457,4.880370,31.166895
34.766785,22.321220,16.366425,131.638550,33.475334,93.073738
30.724247,17.923645,11.945633,47.654350,13.116873,33.871433
15.702099,10.397760,7.839665,38.916298,8.385547,13.753742
6.798153,4.784273,1.747607,12.125959,2.983084,8.411019
30.459770,20.529007,10.261358,64.935394,18.690849,59.546585
8.197324,5.695753,3.561509,1.949296,0.006993,0.407600
8.746281,6.104815,5.201516,31.616032,7.879456,5.083792
18.219875,12.766052,8.408043,8.555778,1.961345,13.675798
11.696743,8.342035,5.731430,16.267881,5.060376,3.249359
4.431451,3.272178,1.659615,7.418054,1.347916,4.469722
10.631052,7.447778,4.240400,20.956848,5.851092,4.753446
6.743648,4.847694,3.237172,64.043037,18.375872,18.622984
16.432417,11.509883,6.376226,20.141432,4.758957,12.788579
6.189775,4.226653,3.400398,15.399998,3.912305,20.244658
14.924459,10.839226,6.700526,33.363636,7.088720,6.687307
7.902134,5.692125,3.300864,19.689085,3.947395,0.805829
55.643730,30.476917,44.397099,307.698730,79.383377,70.088463
5.927949,4.102244,1.664706,8.454111,1.927747,6.324565
12.376142,8.779308,3.099272,24.109549,8.510407,20.475161
16.482702,11.799941,6.474945,39.800106,10.513497,20.287828
18.631075,12.823881,5.172057,80.339485,23.562231,49.028996
7.276627,5.166215,16.114777,58.669437,15.028882,12.585065
7.161429,5.160322,3.406756,21.011509,5.131235,7.883116
11.400900,7.715588,5.271785,56.334591,15.849201,51.338226
10.187679,7.248019,2.237764,24.169973,6.088482,5.054750
17.784571,12.609068,6.364221,65.937721,17.355762,7.748503
17.737638,12.566444,6.492709,27.263870,6.069278,15.398526
49.137154,31.123949,16.262659,73.306427,20.551128,57.586868
17.189016,12.114312,6.271262,63.718468,18.639324,16.738310
22.071234,14.924661,16.187304,136.530090,34.389576,56.457710
18.148510,12.695683,7.769957,6.232902,1.851740,10.117917
36.373413,24.083677,20.701061,175.306274,50.181145,86.446091
8.284695,5.791183,2.819377,14.018075,5.163329,2.633482
43.157005,26.889755,15.455490,57.229839,14.117256,8.771745
10.019867,7.050192,3.748158,35.451153,9.375193,27.920456
21.517057,14.702975,7.259994,50.510014,13.777679,34.551731
34.391369,22.007530,19.662533,95.857529,27.112917,56.880203
23.740095,14.853733,22.120714,84.767029,21.164070,17.654640
15.487835,10.386484,5.107632,28.628342,6.824817,7.309202
19.790541,13.742728,6.693882,31.638142,7.266914,15.652987
82.063423,43.680717,112.721039,619.614380,168.397064,680.335571
33.174538,22.007318,11.104818,44.970013,10.843906,7.197153
30.615877,20.856035,9.004247,42.495171,9.745644,12.741669
24.952942,16.788412,8.767544,20.718733,4.954596,4.681832
8.678061,6.390047,4.150289,4.066890,0.215478,0.709356
10.794519,7.694258,3.023182,33.539948,8.298976,3.240864
12.706113,8.918651,5.319994,31.754150,9.593233,15.789972
57.197811,22.636791,52.584995,141.337784,37.551212,87.879578
40.177998,14.732807,25.247076,82.285431,18.284119,40.180424
4.949251,3.720317,4.097585,25.121771,6.245067,2.738036
11.804621,8.665004,4.103693,16.477377,3.071835,3.110761
9.409953,6.867226,6.209751,12.655562,2.528948,4.998899
4.784277,3.357042,2.923226,7.666888,2.462760,5.084324
19.154140,12.911427,7.616480,6.569627,1.053131,7.652256
22.790686,15.675539,7.583333,58.707943,14.221361,13.309976
7.017238,4.942938,1.753979,10.540301,2.348087,7.677248
7.399805,5.390069,2.450056,8.377584,1.783236,7.411363
10.371059,7.526656,2.526130,19.040041,5.708717,4.698940
20.506496,14.254064,6.041229,51.039700,13.267692,57.252010
8.771271,6.137068,3.904705,17.690275,4.525080,2.803545
7.453869,5.327258,3.513819,12.046046,3.761666,3.336256
39.748199,25.549177,11.846403,70.768105,20.265839,23.487856
6.011202,4.246927,7.109710,53.049629,13.970914,40.995689
24.974606,17.146982,7.888903,42.599709,9.065169,8.310360
14.454316,10.146831,6.314558,19.469915,5.125667,2.728144
14.153653,9.440081,2.493440,37.168686,9.440845,7.543929
34.377426,22.825361,13.832499,87.343437,21.230795,15.301030
16.043741,11.135145,6.010155,32.191425,6.142105,10.567832
12.717148,9.239086,3.611194,19.971403,5.363448,32.454506
20.429914,14.185841,5.562505,45.271381,9.983791,8.623653
20.305403,13.997975,13.461231,51.258198,13.290976,24.560322
7.925078,5.721536,1.893675,16.342545,4.799716,11.131680
33.246986,14.088906,11.884026,76.052536,20.390757,13.945010
30.016359,14.350195,12.801766,78.608879,18.493423,11.636766
17.637104,12.084415,7.890474,54.935177,13.798412,47.167339
11.602695,8.309848,3.246461,21.865568,6.992548,24.094376
7.498114,5.444090,3.017115,9.091362,1.463176,2.145532
11.644065,8.856460,4.844566,3.848109,1.063674,2.036453
8.037171,5.641590,5.198888,20.971718,5.254731,1.267425
8.254313,5.872887,3.656609,51.065144,13.151501,1.747176
12.802383,8.784865,8.291131,79.455704,23.531719,19.081779
24.738504,16.650290,9.256742,31.813726,6.368980,6.089844
24.861050,17.428844,7.245220,64.007149,18.357628,63.775784
26.072426,17.868696,6.795990,62.275639,15.475433,21.072880
13.114141,9.020423,4.963720,43.948170,11.467523,3.461471
10.829896,7.645716,4.548092,1.013104,0.589745,0.781520
14.167078,10.195039,12.142680,58.707443,14.730979,10.237366
5.483027,4.176496,3.139792,39.266483,9.029491,2.689532
11.205957,7.895260,3.647125,4.055309,0.787141,3.912752
38.652496,25.019764,19.877590,103.836662,26.258326,24.843853
21.498989,14.706496,7.331402,52.804787,13.669370,76.510612
33.665604,21.171089,17.412409,100.344055,25.613420,89.467247
8.210627,6.148542,4.375498,11.246933,2.555431,2.636530
7.251820,5.342616,3.659882,22.080400,6.630553,9.283134
12.839098,8.696341,3.946105,30.663326,7.138607,3.751187
6.509152,4.424649,5.119091,46.219032,11.387644,6.236814
18.939939,13.524109,12.453870,40.664730,10.908501,10.016943
39.149754,22.955729,31.597813,253.391861,64.198563,206.437500
16.536909,11.461114,4.392842,42.524479,9.675529,20.237228
8.402208,6.321324,4.087137,15.933249,3.270148,6.961514
23.095306,15.399894,7.996303,22.240198,4.328118,2.168466
25.807743,17.587404,25.323277,208.958847,52.883331,93.407524
17.378510,12.181369,5.260806,64.730896,16.717249,7.983346
14.242842,10.279138,5.887874,3.726279,0.379103,0.691093
44.294537,29.805605,21.728014,46.386734,10.808907,25.636238
10.614072,7.527958,8.399992,66.481087,15.964011,13.322225
20.820257,14.589249,10.520126,47.828476,11.124124,13.112896
4.447400,3.008367,5.458725,51.393890,14.755855,3.006060
36.805962,22.799221,15.479542,69.389130,17.959696,34.219723
7.534730,5.274506,2.386352,18.100760,5.294606,31.014122
6.974012,4.632029,2.813900,15.538846,2.552347,2.768203
29.891573,19.614687,26.565193,139.785706,32.365311,40.516541
7.708310,5.476646,1.955666,6.378572,2.008629,3.721257
10.213963,7.423339,3.844938,15.639119,4.122468,3.340872
6.018409,4.444208,2.444682,13.093412,4.057958,10.112956
22.269995,15.594845,10.522427,7.936087,1.718116,14.444792
47.588661,29.948727,19.059078,175.838364,47.362583,77.006546
7.171435,5.197938,4.828409,27.719221,6.739583,5.938631
10.022122,7.143898,7.847987,82.820297,21.136602,17.354744
12.594676,8.790931,4.743225,32.578880,8.097208,6.807218
7.253256,4.941452,3.076553,45.514500,12.666359,25.282259
25.175453,17.273851,5.607282,43.924232,11.508113,6.375187
19.033712,13.472179,7.888767,61.174526,16.742718,5.177694
68.272530,40.161942,61.938110,336.361755,86.139694,82.597641
33.360764,10.077044,20.899992,130.838791,29.664043,22.714287
22.923637,10.056637,11.774906,75.465904,20.426849,16.911720
19.242741,13.131892,8.191181,5.927284,1.195423,14.541299
18.689808,13.318775,4.701046,6.698630,0.905628,0.540991
10.646237,7.701645,5.091514,5.433267,1.937280,0.941981
17.268629,12.502146,7.196416,7.603844,1.242994,1.731579
17.824177,11.727758,8.190845,35.998161,8.313720,9.549900
18.644417,13.582742,5.856733,23.806276,4.704702,4.234759
13.265755,9.533970,4.084395,22.575819,7.098090,12.140763
20.785425,14.375068,10.682960,8.498693,1.965028,5.600260
24.889748,17.406836,11.247205,63.192024,15.362506,18.352419
19.321709,14.123914,6.198195,17.162825,2.724026,9.669938
28.480053,19.193129,9.075374,63.383705,14.787920,9.332964
11.050349,7.866487,4.172288,3.507481,0.665127,0.528957
37.808510,24.958742,11.830717,87.623665,21.891527,66.097420
5.300860,3.974998,2.695204,3.335052,0.149509,-0.009083
36.983727,23.871758,29.739910,127.095985,30.528915,20.963310
18.722088,12.684349,5.644175,40.082439,12.180741,9.134585
17.904610,13.035097,5.835246,16.099079,4.230496,4.678430
15.031766,10.402496,11.235220,12.301274,3.064263,2.992069
28.619179,19.289551,13.991536,32.271111,7.512803,13.761998
27.757463,18.167917,33.703053,101.261887,32.281292,141.162491
18.845800,12.904058,7.389069,38.287060,8.287205,28.370691
33.065395,22.080378,11.997217,63.129402,15.045359,13.290569
7.490043,5.509169,3.702172,41.701672,10.432192,9.515660
31.079109,21.241903,11.919981,62.674156,17.221537,7.849929
24.761766,16.499344,10.761056,52.297398,13.407523,32.219322
20.611437,14.347309,7.708581,56.046440,13.305541,6.553044
22.792398,14.736860,6.828603,49.178638,13.282141,47.157589
36.401047,23.573524,21.081577,112.313698,29.930418,17.817907
31.166691,20.025635,8.085100,64.205528,17.252352,10.517377
12.744242,8.902204,4.128181,26.844957,6.358435,3.261541
19.592871,13.866460,7.627323,76.879608,18.161291,5.767872
19.810608,14.037273,6.659330,37.361050,9.594838,4.254445
17.310558,12.295531,16.141817,107.962242,27.431019,22.452005
23.940727,16.566195,6.779504,57.743950,13.118080,13.163506
15.882343,11.498968,8.060873,34.952858,10.117249,10.236625
27.616068,19.009756,9.030875,41.198654,10.455317,11.066948
20.450348,14.396028,9.350026,49.538902,11.681230,31.196318
28.326971,15.594859,12.648540,35.883232,7.761386,10.905424
23.681812,16.416094,11.812587,26.742464,5.856936,7.720226
7.855467,5.565426,6.240235,2.878654,1.020511,5.613870
14.714271,10.067860,5.603768,3.531471,0.285419,2.378476
25.626348,17.595409,10.060876,38.321980,10.864519,6.913140
8.858686,6.193864,4.106453,20.795425,5.839047,2.214168
5.360094,3.820411,2.871327,2.133783,0.901628,1.666143
33.671604,21.827751,14.272948,113.293968,30.585978,85.011612
32.415897,21.747770,9.562884,77.148010,19.440346,37.034363
11.461720,7.829296,4.790759,1.321266,0.573535,2.638728
11.563666,8.329252,4.170187,19.778444,5.460346,12.142661
7.290974,5.161480,3.439077,1.574065,-0.068245,1.168996
30.288168,19.774176,10.014314,68.306824,19.880888,26.964329
28.437508,18.801109,9.784898,62.629536,16.966959,19.403330
7.881507,5.915810,3.121075,16.039616,2.613317,1.429689
12.544905,9.034903,3.650727,24.511816,5.236640,2.768509
18.697609,13.088444,8.724278,5.105766,1.272678,1.297163
5.891233,4.256301,2.285016,3.145546,0.768492,5.124450
36.843197,24.193758,9.551259,89.244934,21.483805,22.635656
29.593636,19.507866,10.559707,53.437447,13.293809,49.360985
13.125630,9.054807,5.454232,4.689604,1.030619,3.130044
4.781781,3.485734,10.665557,67.746063,17.120899,21.315979
11.727334,8.341013,4.255239,32.955887,8.691201,5.114708
10.527861,7.415604,3.944660,6.169215,1.133696,1.332152
50.858570,32.472084,16.878002,59.381435,13.776112,23.628191
10.590099,7.125370,4.325669,18.136345,6.889369,15.493881
43.202358,28.456306,9.907501,64.433990,17.372641,32.601711
8.578820,5.836835,3.955321,25.789337,6.808908,3.599111
26.798702,17.647621,10.874960,64.636711,17.657330,68.599297
5.786242,4.202109,2.272217,5.449996,1.059675,2.180201
10.442291,5.013492,3.054468,13.582346,4.431684,23.937670
18.631458,12.564337,8.446745,50.678352,14.288911,11.803173
12.631589,7.535719,5.406666,9.425634,1.322411,5.902455
23.593220,15.189540,6.658627,44.404728,11.941764,10.852372
6.765306,4.971000,3.254336,21.149513,4.349895,3.505848
12.021577,8.405932,3.954459,24.812204,6.141767,6.203371
23.273087,15.660372,5.825388,62.852905,15.374189,40.590858
15.568040,10.737794,4.806391,61.120922,16.034657,14.990081
26.534477,17.681774,19.701921,104.019806,26.181860,25.113634
18.154303,12.589428,5.923928,27.888235,7.412323,5.795060
3.986435,3.076601,1.780191,26.261114,6.168434,4.283163
8.532356,6.132792,7.883738,11.589710,2.429713,1.752858
8.695792,6.057935,5.691880,3.015256,0.255473,9.800797
19.808245,13.282130,11.668989,75.009384,22.303749,49.389297
11.388803,7.848339,5.820927,25.386450,5.080837,4.475803
30.706018,20.608620,10.991516,10.952358,2.801506,23.864462
6.059213,4.343914,3.497195,4.710159,0.690861,3.549752
16.713470,11.505924,5.509771,16.284018,3.826079,5.270983
23.560505,16.265505,9.359081,55.906376,15.745651,19.281717
17.401821,12.134077,4.908497,18.033102,3.609382,8.087461
19.170696,13.889074,13.424073,11.068414,3.451698,50.644588
38.570427,24.471516,35.508160,189.380981,53.977211,147.030457
16.304094,11.123098,14.798497,97.119019,29.818846,149.641037
57.709137,20.128176,35.578991,142.677429,40.623081,56.032967
59.337814,24.654629,46.272114,218.935867,52.961933,39.945892
8.979665,6.266165,4.289970,20.090048,5.779049,3.639150
5.851958,4.027095,2.658274,19.836832,4.026364,13.251395
5.450341,3.972664,2.864292,11.601771,4.100379,2.096709
30.984077,20.058323,17.084457,110.361450,28.077114,24.194201
14.882610,10.223619,4.581973,43.204845,12.170668,23.351032
33.185307,21.172848,9.523385,96.300270,26.197405,13.753904
38.744480,24.840681,71.852798,375.564697,96.418312,293.485046
16.092749,11.543174,4.671062,12.125443,4.952919,21.738188
7.290029,4.870498,1.300601,18.642147,4.636679,10.723958
5.376160,3.603094,2.409285,19.753845,4.576131,1.292539
30.675022,20.178190,10.257907,57.511185,12.872927,50.016308
14.624465,10.431973,5.867457,7.466270,0.769421,1.457221
8.831691,6.165463,3.099121,20.182318,5.366261,3.773342
8.728027,6.178638,5.452213,27.502951,5.823268,19.545233
80.383095,37.111980,93.710701,564.748352,142.501205,236.909454
21.238766,14.171963,6.705909,40.411819,10.330383,14.429470
50.617455,30.716560,22.427742,78.860008,19.600864,49.568054
13.157699,9.478101,3.217201,30.667088,7.370294,39.512741
12.499626,8.866762,6.163716,13.150721,3.033575,23.346367
18.505085,12.368160,6.563653,25.755522,7.242287,5.880987
19.422153,13.790140,8.654663,49.380203,11.804889,10.210752
17.403816,7.014843,7.250393,24.682192,10.307214,14.501705
32.974796,21.259607,19.211380,149.701935,40.891098,23.196609
18.151930,12.814581,4.846334,32.140949,7.399417,5.357650
39.643288,22.018866,83.069366,448.075684,110.857796,543.409973
9.465675,6.367954,4.831888,24.538822,7.056743,9.988840
25.802616,17.648083,11.316820,90.556931,22.459654,17.421185
53.811836,32.930477,17.711937,47.261749,10.145948,9.847322
9.828304,6.989158,4.130871,14.014389,3.381468,13.899773
10.224764,7.095108,4.285635,2.996736,0.030853,0.778730
47.337692,27.923355,40.073341,229.530670,55.655659,35.119785
5.373539,3.684789,1.223225,9.246363,2.514713,4.756195
19.887270,12.992266,9.106825,115.389198,30.049015,59.286674
21.897911,14.923244,7.003557,30.076935,8.044595,31.190105
11.084437,7.692796,2.506054,38.103298,10.806128,9.997671
16.436235,11.352865,5.717481,80.196785,17.265045,8.653987
9.027089,6.319736,8.891908,9.567389,2.431890,27.677666
17.365494,11.676855,8.118706,55.908390,13.554734,10.171134
20.321198,13.970264,5.867317,38.548531,9.806505,6.610786
17.515581,12.498570,5.335476,60.729317,16.023380,35.919777
6.330835,4.264831,3.351625,6.811123,1.458259,2.389889
19.248331,12.958369,15.462785,11.102090,2.658712,61.696335
28.955481,14.499716,10.786205,8.061140,1.113367,2.018240
28.563971,14.487780,11.201300,10.149358,1.319627,2.326739
21.799053,14.736833,6.632511,41.819355,10.430118,6.213459
14.153390,9.830512,4.151161,29.975006,7.985844,3.626706
16.514818,11.377089,6.233932,6.860735,1.217039,1.850498
24.093510,15.990043,18.922436,119.751518,30.570557,21.954105
31.368017,12.372710,30.456785,191.383148,49.607460,31.375490
25.823954,16.849514,27.760881,34.311775,10.819110,156.336929
14.823909,9.494352,12.799530,96.647964,26.132208,107.644081
10.546091,7.190986,5.322415,53.615997,13.240293,10.204302
7.649258,5.285667,3.686213,17.409477,4.045107,10.096916
10.284226,7.398132,3.783646,76.256096,18.780582,7.514443
24.840530,17.003595,8.735839,84.999260,23.095221,13.378458
11.849392,8.560363,4.189831,11.054875,1.955487,5.953146
45.941280,30.731279,16.253998,32.665569,9.379362,57.211193
7.551907,5.309768,5.325566,22.365301,7.247223,5.476344
16.940926,11.736163,4.672791,50.209335,11.757201,15.719419
10.472052,6.923147,1.979529,66.186340,18.538301,3.854213
29.929708,18.972870,23.199375,309.387939,85.046295,50.681820
14.000566,9.815988,5.984474,24.223864,7.699580,29.793673
13.774692,9.570490,5.146679,14.653484,3.361214,5.313228
13.710170,8.169104,4.106143,25.963041,9.415834,9.579671
31.348061,20.368385,16.846640,102.329231,29.326784,33.461731
24.576708,17.175802,7.813302,4.267872,1.720572,2.030959
15.896996,11.348086,5.812419,14.504054,2.601238,3.432739
32.213760,21.626379,22.025860,108.402275,26.199701,36.545303
4.955233,3.386260,3.283641,1.647153,0.130991,0.579036
11.979529,8.332903,5.135998,45.459110,12.148249,15.111478
8.869650,6.562634,2.278118,29.057421,8.334254,2.486300
20.060150,13.616960,11.493425,64.567543,16.064072,36.629288
17.136166,11.496357,10.838032,115.704727,29.543354,44.541348
12.500581,8.785699,7.629755,22.976870,5.994207,28.374031
29.521786,19.585915,10.213662,45.090569,12.628270,16.811302
6.444076,4.612217,8.045688,46.147987,12.314840,45.099632
71.082657,35.362778,68.994339,550.382385,143.327072,197.985229
28.265444,18.791283,11.196012,91.813812,21.793407,14.166861
27.284786,18.508156,8.454758,18.722927,4.083246,4.076949
23.998999,16.361225,5.745286,37.953045,8.825320,22.260513
19.634617,11.139682,11.671666,74.025978,19.924889,6.767016
15.504206,10.799871,4.731609,25.795120,6.673750,31.748425
15.926851,11.325675,8.133586,40.161396,8.179615,7.854574
38.992012,26.336769,20.628162,123.393188,30.820448,16.685194
20.435276,14.370437,3.463339,43.066601,10.098374,9.221409
27.488239,12.738367,17.196709,104.355698,30.959803,29.434555
27.311794,12.862699,18.215242,129.231186,34.244473,30.544371
18.201307,12.322907,16.500582,78.305740,21.384901,31.094742
12.481665,8.858077,4.271089,26.282812,5.533332,4.372459
17.405073,11.738579,8.535224,60.330177,15.573360,64.124290
10.377806,7.432764,4.752019,2.915550,0.564008,0.550706
12.580218,8.676249,4.504262,39.874294,10.707960,14.982540
23.672096,16.268194,8.272294,53.211700,12.578333,3.716283
5.521742,3.884810,3.396128,4.917904,1.484032,1.661273
21.262205,15.074809,14.917859,130.151794,38.089890,122.757225
50.038689,31.221079,30.489996,120.007469,28.616455,20.737326
37.557106,23.424131,19.179558,133.731049,35.771622,127.710327
30.892048,18.083433,41.672993,186.955887,45.824783,64.196846
32.770508,21.904594,12.756725,121.805069,31.811293,13.898234
12.510689,7.610612,10.277905,44.646755,14.149446,32.473267
14.280777,9.320063,11.508877,153.566238,41.119644,17.543869
20.612518,13.962115,18.259924,71.715202,18.788448,57.478893
4.940082,3.091254,3.966465,12.763716,2.291626,1.845716
3.965199,3.241064,1.242455,1.003955,0.432777,1.774691
20.088886,13.933029,6.996163,41.327927,10.156498,5.655167
77.098160,32.920265,68.969887,350.367249,95.107452,371.433624
21.587111,14.775412,16.043762,66.257812,16.665989,24.115828
35.157124,21.439316,35.670860,270.277557,65.928841,52.132160
5.579630,4.290252,6.592921,51.414463,16.722195,9.130161
19.227308,12.977952,23.327244,160.242950,40.706959,25.583414
18.072868,12.411326,8.155046,5.810073,1.867787,4.397327
13.092872,9.298194,4.698145,2.658163,0.367961,0.108919
28.459433,18.816177,10.557252,49.850773,12.528243,11.084086
15.433847,10.845813,4.919215,20.185633,5.091591,3.682575
11.772904,7.952988,6.253275,48.571068,12.665934,13.026104
26.654329,12.617496,7.191288,73.876839,21.355381,10.282037
25.906223,12.613795,7.301526,92.279861,23.398977,8.410330
9.492080,6.737554,2.707675,43.104519,11.216885,2.689064
7.989993,5.742247,1.902864,8.455519,2.466788,5.175717
23.203945,15.607075,9.153434,107.526451,28.811514,15.435987
22.292261,14.974113,20.409266,132.454437,33.295380,85.075203
42.580284,24.997726,38.308853,241.955261,59.070293,57.790138
14.838028,10.767922,5.522192,33.946945,8.263680,10.234390
10.847299,7.432376,3.749304,31.771273,7.698178,5.664788
7.018510,5.131090,2.480753,17.531700,5.803374,9.151388
12.390339,8.970330,4.279885,37.885597,9.248229,8.126247
7.086972,5.069758,1.888848,41.927784,9.456201,0.648336
17.864088,12.543908,8.114422,30.117329,7.395887,5.055939
11.203788,7.312266,2.652311,23.630100,7.017184,44.978340
16.822895,11.087138,5.587479,61.207867,14.166297,4.427648
13.158002,8.662751,4.788135,45.430389,11.679195,5.921542
24.083462,16.290718,7.198786,63.251251,15.829755,22.357513
62.166538,38.609425,22.358370,101.867332,25.127846,34.369759
33.654552,21.413109,24.735062,118.667511,30.615021,31.727642
8.225034,5.993689,2.575963,17.872587,5.541875,3.649403
32.755295,21.610903,17.206257,59.886524,12.759112,18.652800
9.296926,6.434610,7.844048,49.547310,13.494512,6.188494
12.573912,8.291280,3.633993,15.410389,3.550280,11.839757
55.389202,31.823370,66.654495,412.005524,102.698692,66.843513
64.030212,37.250000,37.021282,224.646881,53.835476,32.083611
26.248434,17.764645,9.989757,64.884521,16.664141,6.166061
11.578990,8.316058,3.140845,21.520668,5.670676,6.137931
20.364643,13.752793,12.563088,98.918922,28.351049,58.430252
15.554381,11.234145,6.290976,2.597163,0.520427,4.940150
16.677052,11.398535,6.383673,29.695774,7.770401,34.688847
13.653773,9.652934,5.797576,29.011093,8.809984,5.236606
6.397264,4.748051,3.140521,14.213731,3.622032,3.084491
11.455307,7.941484,6.966142,11.180258,3.161123,4.781141
21.461559,9.730927,11.332610,76.691551,21.888641,92.295746
24.332420,13.839459,18.443699,94.153641,21.434883,90.487625
25.871861,17.542166,8.228454,33.927608,9.588482,3.567703
26.029869,17.830647,14.027630,75.031929,18.718420,109.229523
18.086538,12.474445,8.759992,8.854836,1.489722,0.895037
14.694698,10.019111,7.237612,61.331085,15.565200,5.056607
39.967300,26.216269,23.649424,116.028999,26.675182,16.393167
30.931799,13.026369,19.899570,42.468002,10.333911,31.050371
10.343520,7.134689,3.808050,41.646778,12.623623,54.812912
26.896427,18.300104,9.983381,42.222645,10.422000,21.132780
37.128613,24.031044,10.103044,57.201168,15.920650,51.181770
28.963495,19.516842,11.858502,134.890106,37.790230,19.356642
27.323702,17.936218,14.136460,71.182747,18.258514,58.253170
6.726490,4.972155,6.481658,16.289040,3.428458,2.985001
26.352253,17.343555,14.543771,79.932083,21.524612,34.655598
19.556641,13.471920,22.242613,64.952118,17.647783,166.958420
29.047663,19.378094,9.160359,63.812836,17.882225,15.548470
9.244504,6.444968,4.133539,1.128675,0.731212,22.883499
10.718477,7.551097,4.614641,19.245201,4.179991,3.460639
25.993860,17.494444,8.152964,50.711998,11.373710,17.662823
14.836123,10.089464,16.251425,76.595261,18.636162,15.549066
15.452133,10.809292,7.522613,48.419334,11.878127,33.763996
18.983173,12.795999,6.757401,40.163437,10.441349,6.953548
13.115043,9.090109,8.246728,43.471050,12.833385,8.740523
7.458444,5.002975,2.588777,12.819710,3.780068,3.810662
14.226068,9.467866,4.828610,32.298862,9.528075,36.335182
21.832525,15.356733,6.282324,49.478119,12.392731,26.929249
12.529877,8.759062,15.513490,84.770447,22.615063,15.090190
10.384506,7.547374,3.714332,27.837290,7.004597,20.509050
13.563974,9.239175,4.655171,38.643692,11.593422,3.720571
7.648470,5.295750,5.812205,4.563675,0.330191,3.112423
24.386965,16.714748,12.154664,75.942162,20.663033,14.242337
29.418703,19.274857,16.498230,116.266525,31.705000,14.926085
12.326456,8.431724,4.792856,3.293042,0.959790,0.366377
15.635543,10.863182,7.131023,3.628412,1.379852,18.178703
19.382256,13.614244,7.329112,11.667503,3.355127,7.305563
15.579865,10.946667,5.718367,21.448601,4.006549,6.800345
18.366768,12.453821,7.875535,30.893803,7.264501,6.217299
28.091663,18.990948,8.879841,55.532269,14.415831,11.237941
25.433771,17.305162,8.964376,33.902866,8.522173,22.452801
6.767110,4.727656,3.171524,33.436333,9.553381,2.167728
33.652111,17.772903,11.937321,67.894211,19.356262,28.048988
25.047577,10.861273,10.314125,64.116203,16.078047,20.744720
28.015341,18.715805,11.458281,79.492706,21.112455,7.952936
15.133426,10.853304,6.117038,24.422258,6.516833,23.416233
25.314199,16.587755,16.351002,114.909561,32.176468,23.274858
20.304621,14.117784,8.281964,24.091301,6.345475,9.426567
15.496932,10.863186,5.483194,36.360687,9.768113,9.092560
24.930014,15.435858,10.060497,101.939674,28.034441,108.094269
24.883379,17.106913,7.891773,49.696476,10.908408,11.556365
62.880142,36.105713,100.760956,530.732849,139.223419,329.092896
37.418903,23.864990,19.766645,132.809128,34.533012,20.010530
17.685179,12.499104,5.702771,29.823586,7.892941,5.721855
23.466143,16.369761,7.466941,28.005241,7.524122,7.002944
46.698360,19.113340,17.529453,84.218468,23.969343,160.939896
48.457401,19.218000,18.661697,95.867088,25.976334,162.298523
29.193747,20.014448,8.349573,76.552048,17.206923,13.030311
29.317789,18.621351,16.060600,137.644531,36.251720,22.796534
25.884098,17.729017,10.892064,58.981197,15.554416,17.986263
22.257126,15.681601,8.264066,7.127908,1.626350,1.897785
15.217774,10.591708,4.161580,18.662094,4.154128,5.960629
18.563028,12.781816,7.700131,14.441276,4.383915,11.613430
9.778271,6.754058,4.702213,20.316216,6.868137,18.230553
35.047764,22.167387,23.355549,118.160622,31.008438,20.848892
7.491553,5.108397,1.694904,10.693427,3.338336,7.951153
11.708526,8.308744,2.763536,13.757627,4.659029,10.393591
12.317671,8.559840,4.163422,41.529831,8.420470,9.474167
47.376163,28.518040,31.467646,141.925964,34.967590,43.138752
8.852648,5.549580,3.663369,22.870934,4.855378,2.885790
18.396194,12.536429,3.791119,23.154610,6.112247,18.820276
35.989079,23.400106,13.480081,39.405521,9.713176,13.444077
7.462305,5.059174,2.559157,20.084238,5.087070,15.680857
18.181072,12.358308,13.739365,13.993953,1.748455,1.543882
33.825443,23.484325,16.295959,82.206131,21.561447,72.681717
8.724133,6.217515,3.968919,40.240147,9.706941,11.464976
10.348226,7.356483,4.980955,4.153953,0.584030,4.299097
10.450168,7.243485,11.478580,72.448669,19.433445,15.478115
9.406004,6.963962,3.308754,28.883583,6.174347,3.279580
7.194251,4.650609,2.492648,22.526634,4.691396,10.365392
7.187356,5.066106,4.491248,14.682117,4.213071,5.715777
6.907304,4.962220,2.280674,9.062307,1.787300,3.425555
14.646420,10.580824,4.703147,19.349562,5.275474,39.061630
7.502741,5.672131,3.025567,22.349600,6.222774,26.564692
27.074160,18.591015,14.421790,67.565102,17.842911,62.426655
10.456787,7.424147,5.464379,34.096649,7.119801,3.102694
18.273872,12.814159,13.531270,36.523422,9.458323,16.205109
42.970459,24.307753,46.618641,180.717209,42.457478,33.737797
41.816471,24.259117,83.796951,320.439026,80.510040,215.628998
9.494561,6.930638,3.141162,27.585037,7.271829,5.582215
35.665051,22.441490,12.105832,82.060020,21.251484,70.444847
9.674179,6.598792,4.369034,10.212022,2.205092,2.460722
30.083807,19.320139,15.571059,51.528877,13.003942,11.395637
44.472923,21.661951,35.146927,159.859070,39.136806,19.174213
20.316160,12.942076,11.473831,38.286999,9.185850,11.577687
37.254311,22.829405,20.365656,119.957245,29.792980,29.718908
10.428238,7.514490,3.987272,0.900916,0.394123,1.213697
18.673391,12.513280,5.960464,5.183332,0.894335,0.742978
10.820480,7.047342,3.958821,10.875175,2.945944,4.246129
16.363819,11.361839,18.353291,124.894714,34.733852,106.508881
17.392889,12.218300,9.959996,31.964838,7.941498,6.210092
7.214994,4.928107,6.518372,18.052696,4.477680,3.672982
23.162262,15.870274,9.684112,28.674549,5.728252,11.643094
8.278343,5.657816,4.650519,59.910904,16.191124,3.951273
24.388550,17.259398,12.576674,83.798164,20.144115,53.944221
15.103811,10.064466,19.080357,134.214447,36.119488,18.543381
7.703478,5.784584,3.444555,1.017457,0.137225,0.602589
5.827561,3.988771,3.018326,2.705681,0.525430,5.037340
30.081104,19.424164,11.806737,102.229942,25.289610,16.573860
21.378777,14.859882,5.857594,37.497002,9.555468,16.818890
38.396286,24.149694,41.699154,180.894409,46.757309,81.687233
10.160124,7.181882,2.793759,42.416107,12.958971,5.518565
39.265217,25.755545,13.133069,72.970764,20.130117,34.517544
25.513161,16.490580,8.754529,56.867622,12.276157,6.283484
10.147015,7.183195,3.830343,20.312683,6.017717,16.375551
7.323391,5.096349,2.303977,22.030375,6.216178,40.421005
24.619438,16.458199,7.915951,7.985412,1.580101,3.454436
19.773800,13.468695,5.648335,50.654362,12.307743,11.812700
32.186279,20.813110,32.797131,208.793076,52.858624,34.515110
5.442787,3.622682,2.650867,1.197075,0.386504,2.131637
15.235404,9.867388,20.961519,123.804443,34.370499,127.535164
11.117106,7.358542,3.251686,30.099306,7.059809,6.093287
25.604187,17.762003,6.955120,27.912193,6.212976,15.675035
33.235878,22.180458,10.621337,36.103367,8.621651,10.499543
11.356456,8.061153,4.776485,2.822801,0.273790,1.189198
36.723015,23.098503,21.161730,101.596718,26.268578,47.405640
40.834301,26.400949,21.693050,58.931835,15.326493,48.040108
21.355581,14.714470,6.249199,57.986465,16.103926,19.449415
21.199947,14.367725,5.442780,29.173027,6.631980,15.689365
7.495306,5.163070,3.766989,1.029303,0.134371,1.822322
9.491676,6.514874,7.081657,54.032356,14.413792,28.177643
12.522120,8.635182,11.623467,94.601685,27.082706,50.275764
18.852501,13.019563,5.446526,31.249577,8.067657,11.991123
20.394114,14.212035,7.285258,8.375477,1.817703,2.684678
6.529650,4.217697,3.032329,19.530542,5.178598,8.706189
27.790398,17.676395,9.124956,45.942253,11.985861,72.876045
13.506775,8.908731,5.197653,27.874132,7.323430,24.706629
13.601563,9.998105,4.906892,4.851197,1.002549,8.476626
38.115002,25.785160,13.156658,38.153618,11.122594,53.030804
24.008961,15.738094,10.346689,5.090121,1.565101,4.736795
22.920895,14.837771,10.979316,80.256226,19.049191,36.715462
15.663549,11.391075,6.329121,22.067183,5.538321,3.934157
7.034986,5.065196,3.973130,9.345164,3.232886,2.527443
10.706471,7.447007,3.963170,16.578033,4.481181,2.008395
11.510823,7.957282,5.439073,54.621342,14.275187,4.188607
21.015665,14.191440,9.540593,91.288124,22.385687,13.723881
14.782980,10.150470,5.395236,2.231238,0.651663,1.611738
14.565167,8.999294,5.428498,6.795760,1.338669,2.778038
20.713472,14.202065,7.928204,55.807446,13.079424,6.560268
17.370825,11.678711,8.603382,38.220982,10.771991,64.334419
33.132690,21.775557,16.078686,92.562935,23.114857,17.344318
20.108179,14.134396,6.723248,70.144806,17.718534,9.071449
29.268185,18.877247,40.001484,167.709946,42.959572,125.235336
4.710016,3.135741,3.160133,20.961132,5.637796,1.929611
8.397664,6.093217,4.435890,52.233700,13.883599,5.452781
31.561874,18.036413,24.975056,98.804306,24.254002,98.612793
8.544188,5.967751,3.798673,47.858276,10.799170,2.494632
28.239912,16.513641,29.241280,134.246796,38.216972,126.667175
14.606254,9.817495,5.464583,80.398247,20.509829,8.294057
18.725058,13.097898,6.364084,27.402348,6.885453,6.441441
5.988741,4.323950,3.400120,22.610416,6.656682,3.541780
52.956799,33.076538,45.770565,221.709106,56.190819,203.341812
18.439238,12.561325,10.321513,69.580597,19.306381,8.021998
10.242286,7.219547,3.499496,26.928146,6.597934,7.466061
24.997511,16.749020,10.798892,55.813782,14.060689,4.844453
15.713839,11.028625,5.883031,33.640064,8.502969,10.284116
9.570785,6.420666,3.176580,22.702131,5.287450,4.145356
49.875175,33.040745,27.898252,196.695953,49.721390,80.532875
35.303436,22.947474,14.233151,140.702576,33.495941,10.480001
7.105778,4.919108,2.863112,23.777464,6.410323,1.956147
11.851542,8.632868,4.946795,24.933073,4.277110,25.199039
12.371129,8.551816,4.868555,16.168007,4.557511,3.415709
7.465282,5.308074,3.647154,22.698753,4.853803,4.880605
52.871101,32.389141,23.808550,132.714066,34.343307,31.882008
34.926456,22.387461,38.549088,194.374908,55.172272,144.816238
7.537689,5.127332,2.823885,2.508519,0.742843,0.101044
12.350248,8.791994,9.314480,43.795231,13.430057,19.780249
14.123928,9.889923,5.125021,25.362137,7.263515,4.761934
24.607864,16.365868,8.270864,45.078949,10.603532,10.628095
22.163618,14.450484,8.789878,36.014179,10.688991,18.208138
7.441334,5.681303,3.261425,18.253815,4.478303,17.791191
25.571039,16.458471,30.501286,189.694733,46.632236,41.721210
26.612862,17.532013,10.037086,33.754139,7.532836,10.048059
34.952595,20.329197,12.595111,27.104385,4.871114,16.420671
20.541874,14.540891,7.346340,44.283310,12.173030,11.405060
15.960615,10.526889,6.138999,65.611115,16.622425,6.414026
31.143969,20.949848,8.656819,90.932320,26.362272,9.178390
21.048399,14.559869,14.465831,14.830632,2.637944,3.306350
9.398094,6.895651,3.959193,25.630030,5.702864,13.842066
18.308701,12.766493,5.776348,41.906757,11.491945,20.814142
9.158652,6.253028,3.757540,24.261314,5.558237,8.944197
9.795374,6.680638,3.266540,19.754019,4.998380,2.595079
24.531096,16.485891,9.298727,34.745079,7.688815,6.478242
29.874849,20.425201,13.588751,37.991966,7.804656,8.862389
15.906680,10.774080,6.979070,4.713024,1.428403,31.701904
11.303084,7.944952,2.213325,24.451736,5.471738,12.828839
15.724329,9.468773,6.541530,42.050819,12.661736,8.644246
28.135904,18.445812,14.726686,90.655945,21.670055,21.482492
17.578129,11.875889,5.495602,42.434879,12.282329,40.755608
8.142132,6.057749,5.108385,24.503321,7.926784,5.168004
29.140728,19.457865,23.018919,274.353577,72.508850,39.526943
20.533100,13.941135,12.705821,76.897072,18.761827,7.506963
36.977085,25.271873,11.443692,59.311062,16.915401,126.929909
12.846729,8.817283,8.075851,71.392197,18.037527,8.085713
6.740049,4.920488,2.995823,21.062206,6.177644,14.749735
38.451363,22.910503,15.149582,132.190979,33.569637,25.101555
28.195929,19.300173,16.704346,97.191032,23.549833,13.038186
16.301952,11.245085,6.143148,24.392752,6.451666,3.465970
29.018747,19.210890,20.385410,63.947067,16.738811,17.553392
9.290426,6.520303,5.138197,46.489891,10.623172,3.796623
15.559077,10.772580,6.357374,58.279446,16.602032,6.141199
22.258009,15.541335,9.074965,38.920837,8.709015,8.237533
26.104887,18.080978,9.413055,29.068342,7.027037,6.546202
32.434238,21.017859,20.332808,170.715607,45.850651,27.260607
16.796085,7.577960,5.208910,16.657516,4.961149,12.736518
13.713524,5.448804,4.876644,16.156452,3.617888,6.809177
10.374092,7.222733,2.740054,45.562305,12.740906,51.038631
16.072338,10.853954,5.740108,21.504780,4.421141,11.543280
24.071135,16.957359,7.926544,6.703077,1.387753,3.537869
4.998561,3.402712,2.573234,2.422892,0.516208,0.568774
18.203445,12.093200,7.881600,50.965412,13.578418,9.326479
21.514414,14.341031,6.295206,29.976147,6.740920,9.156629
13.859776,9.443977,5.278695,14.217325,3.424944,5.200870
5.890430,3.996058,1.554916,14.675594,4.147720,13.428425
33.826851,19.659735,38.477009,331.666931,89.586143,288.116272
16.924751,11.539528,8.644002,7.619172,1.513415,3.327147
8.884336,6.557040,5.353636,28.739199,7.612179,11.253074
47.877495,29.090137,19.299191,65.614433,15.831363,23.318951
7.267118,5.116778,3.803921,14.086898,3.475023,4.815581
33.664974,23.034510,13.724901,75.274025,21.478853,10.566315
7.567029,5.407100,3.118483,2.023557,-0.065167,1.875639
16.530293,12.013265,5.473803,18.936296,3.618540,13.355259
17.598091,12.307590,12.499110,55.863346,15.385855,13.965479
14.640615,10.166943,4.545641,21.193102,5.961596,13.217568
5.620781,3.743425,2.490652,1.255780,0.405317,0.952403
24.775190,16.810703,9.094416,54.054310,13.687796,34.334400
19.074011,12.327052,22.542912,175.442947,42.650612,26.119612
15.402758,10.795375,5.466687,3.358353,0.434781,1.177134
20.906748,14.756332,14.928965,101.562469,27.434250,20.383228
18.490135,12.386195,12.363456,7.368334,0.547976,1.958885
10.068578,6.890944,4.297655,12.708224,2.760974,9.197056
9.853601,6.942250,2.890040,65.394005,16.654020,4.038287
33.084385,19.163843,26.214867,182.900894,49.177124,33.085217
16.001106,11.158072,5.267556,3.383380,0.682645,13.343898
12.860718,9.075787,4.919238,64.444885,16.795834,3.666346
27.012209,18.132568,10.253550,239.855499,65.296921,105.647247
19.040777,13.212430,15.778788,69.436684,19.009377,22.159298
13.048272,9.479746,11.546713,40.837112,11.890178,30.846193
25.007490,16.403591,10.328794,70.667953,16.408504,19.473118
23.386217,16.103165,12.583249,52.772549,15.399088,8.170380
9.762181,6.709515,7.955272,102.741516,27.847055,5.869385
19.588326,12.228202,13.842364,207.070404,53.836681,31.477898
15.832450,10.841883,13.424770,95.872887,21.474205,21.493248
9.015507,5.887740,4.058187,16.016531,3.555005,3.521535
19.533819,13.062976,7.057927,22.948534,5.934380,10.550716
15.666360,11.132099,7.457311,67.218468,17.430023,14.073925
27.924738,17.596264,20.525665,65.601280,15.529756,39.213554
20.720955,14.164629,9.668914,85.745003,24.040627,78.542641
15.226085,10.590615,4.756810,12.908517,3.588265,4.025693
11.407598,8.122616,3.664607,63.004776,15.322543,7.441174
10.989261,7.789248,3.108026,27.370710,6.647778,6.986056
16.078871,11.656745,5.764275,24.737476,5.902267,6.174026
7.256923,5.185095,2.263123,15.871193,3.855138,2.783656
31.377234,20.979336,20.216196,126.448853,38.509869,23.182205
12.759800,8.975975,4.317002,23.708139,5.817994,3.200310
15.172382,10.474489,5.715291,17.990349,4.211410,8.117923
6.899344,5.083359,5.141163,48.993610,15.963461,52.208469
7.746392,5.724071,9.031211,62.510818,17.146521,50.562881
23.932285,16.547129,14.633358,78.638535,23.141382,39.328323
35.985020,19.666485,21.441196,155.609970,41.276001,106.794991
19.749237,8.684493,16.726767,134.008499,30.188049,58.361485
10.814497,7.584957,4.463771,4.027949,1.248076,2.553880
11.148841,8.126134,3.447838,23.940754,4.917858,2.853834
44.319828,21.747438,19.871492,169.050659,44.999863,99.024559
34.169357,24.006491,17.846376,137.618118,33.648331,11.432797
10.016637,6.850293,3.302698,3.116265,0.621934,22.307693
17.553532,12.365639,4.919921,32.190521,8.139860,3.941806
14.266922,9.771072,7.026326,3.630137,0.536806,4.022567
30.386745,20.659214,15.916813,75.453537,18.385611,10.318380
10.194843,7.390850,3.315732,24.803680,7.153505,7.166220
9.104338,5.993929,2.900497,21.043758,4.103404,10.838707
8.407188,5.699035,3.196911,3.973187,0.010382,1.418207
11.749016,8.366684,4.495706,13.371830,3.574013,4.291076
17.156597,11.766958,10.533137,8.526986,1.812313,8.264640
22.914703,16.223215,22.130690,76.018837,19.644829,36.263874
5.318752,3.810693,1.795149,5.746355,1.738657,3.591799
17.409838,11.865342,12.742595,42.952137,11.266891,46.085106
18.248646,12.762711,9.994048,76.318565,20.716665,36.093147
7.724678,5.795053,3.666131,60.121410,13.505877,2.744330
15.921440,10.838232,6.113690,14.575216,4.272810,10.073135
28.309729,18.674610,8.497952,37.248867,8.433704,6.045301
20.978889,14.252759,8.116095,9.055844,2.041407,3.027845
20.123083,13.826859,14.845305,82.732658,23.540596,14.839223
18.362614,12.861465,10.103281,50.597336,12.057520,9.447110
28.311815,13.581256,8.751707,42.853973,12.644536,12.323386
23.446419,9.404107,8.231828,43.523243,10.157815,7.644527
10.930061,8.183171,3.839197,12.738595,2.314664,4.895920
8.615211,6.086022,3.565805,23.578165,6.303876,3.663826
41.682243,22.367079,70.309784,266.257996,68.369530,93.011513
35.285393,23.686249,11.426534,63.415730,15.847750,5.729818
25.981853,17.424528,8.614350,41.231716,11.355512,8.891171
10.321349,7.332738,4.710592,26.454918,5.580920,17.996571
26.200006,16.943258,21.901320,64.749695,15.075095,30.884014
11.876295,8.366473,4.822022,27.214808,6.545434,5.346608
14.459962,10.201942,4.264170,36.381927,9.021830,4.956413
7.963876,5.509488,4.819380,10.509665,2.838758,11.190291
25.361797,16.948410,10.537769,66.599220,16.115688,18.195744
7.976407,5.896733,3.917264,14.435551,3.175368,6.511936
24.979496,16.835415,8.847449,43.198513,11.261326,17.602417
14.156994,9.770121,4.689484,42.540508,11.852265,14.717339
24.371834,16.159546,6.959025,33.434715,8.105945,12.904101
13.252285,9.444689,4.960802,13.608807,3.542259,4.270817
41.391685,26.955564,40.065517,227.058777,54.193642,25.628414
19.163277,12.817723,9.393558,8.365040,1.469631,0.476765
13.008149,9.081004,5.733202,53.918262,13.130409,13.200161
8.572835,6.059161,2.950673,19.610123,4.208738,5.489029
15.174949,10.493402,13.857141,132.976791,35.051025,15.325153
14.009842,9.715684,5.129657,73.354042,20.327986,4.914758
15.346078,10.625957,7.453253,36.377384,7.815363,11.971871
18.894907,12.965231,7.923973,33.447758,7.751487,4.646152
17.577641,11.937278,11.199812,79.662842,21.995153,14.923002
17.892168,12.170599,13.804542,82.278336,18.559694,90.097427
8.925393,6.351581,3.674581,28.011091,8.077793,15.341916
28.335424,18.775978,13.084521,23.806326,6.132409,36.812115
14.590829,9.710801,22.427944,101.462807,28.828909,50.003265
19.413322,13.341435,8.361847,38.625980,10.268481,4.361681
6.111829,4.581907,2.782270,2.396016,0.019889,1.319409
12.793887,9.182732,4.142328,31.841391,7.649583,5.469904
20.114517,13.902634,4.809428,71.828003,16.958687,7.011145
32.667027,22.436825,9.281482,46.968792,9.749743,22.613091
31.659170,20.489523,10.887180,42.325237,9.737141,18.878180
39.644703,14.822623,16.668468,83.510239,22.125067,44.727249
36.799362,14.852040,15.432699,87.453613,21.430237,33.216690
7.454595,5.425790,5.112753,13.518896,3.955169,4.215384
7.279768,5.056650,2.869679,19.535330,5.165251,12.229557
38.938290,25.442039,21.773367,89.709198,21.444769,11.572382
18.236933,13.069386,6.151161,31.064548,7.498755,4.929821
20.331112,14.313828,16.734379,12.850150,3.187482,68.330162
20.267258,13.837978,5.234539,49.110561,11.021675,6.598117
7.421484,5.398067,3.864981,45.782707,11.855590,5.088961
28.881311,20.076033,12.721140,211.770279,54.232750,11.022737
7.940686,5.536359,3.467098,18.508879,3.247752,3.875037
42.945816,28.207767,12.453105,101.617874,27.122557,44.909851
22.147301,15.370953,5.860438,5.788868,0.978490,4.401794
41.686749,27.975719,12.983922,137.457748,36.813274,146.260254
26.382324,18.129868,9.219695,6.376521,1.503779,1.983146
8.219274,5.598355,2.514698,18.627649,4.871750,20.219244
18.926638,13.247181,8.132708,23.918777,5.648640,4.080944
32.753910,20.839214,32.233166,93.034431,26.869154,247.322235
4.715778,3.538334,3.127678,30.930632,8.611872,0.516758
17.925001,11.897708,4.813597,38.655964,9.023366,7.380850
7.177182,5.093659,2.763689,58.853283,16.361586,6.226238
37.444111,24.754755,10.766655,57.125126,15.324375,14.013619
7.723376,5.434578,3.772354,4.976045,0.090952,2.317439
18.977165,12.934464,10.533087,25.145395,5.803096,5.270660
15.297586,10.781277,5.773234,16.411533,3.086153,3.838857
8.821135,6.425245,12.889379,32.653816,7.319833,41.889076
9.901223,7.110920,2.750671,17.986103,6.131310,4.758564
11.788301,8.340043,4.077108,10.007023,2.313113,1.847148
18.399124,9.012527,5.944031,4.561061,2.227553,16.566265
29.036430,16.533739,19.138239,101.255867,27.052149,54.472958
33.467937,17.574257,22.567518,89.343529,22.698801,55.834217
33.579758,18.746979,33.432102,189.882584,42.382156,28.797157
10.359137,7.464499,4.051018,35.507786,10.628065,2.511491
6.122084,4.538976,3.182028,12.092126,2.269757,6.508582
8.848130,6.356103,3.839923,31.273901,7.427803,2.142676
8.965450,6.456455,3.509946,23.248812,6.130649,4.253753
10.569230,7.474681,4.408308,4.160753,0.960545,0.175212
8.149191,5.646239,1.904368,5.625712,1.021258,6.123643
14.262634,10.168231,4.498298,11.017600,2.305763,3.571688
19.433706,13.289686,5.486632,21.797432,6.024170,6.661119
28.276651,18.347553,12.679456,80.607872,17.643826,42.487831
9.747605,6.720659,3.262718,19.623701,4.599899,32.475033
11.599453,7.674466,8.942893,74.078285,20.745792,67.262779
16.968439,11.935536,7.203372,4.525526,0.672473,3.335282
14.082211,9.611440,5.293410,16.959324,4.426422,7.351060
12.796941,9.030529,5.641598,33.842312,7.654637,2.072874
7.679565,5.497197,3.458201,29.812109,8.836469,3.672085
15.902533,11.128329,9.180082,91.197655,23.364307,17.890985
11.926585,8.433816,5.728118,11.540778,1.848308,0.809779
26.249029,17.184135,8.632770,42.752235,9.116579,28.370846
14.318094,9.832245,5.064043,63.589329,17.239676,7.283234
10.821252,7.221453,2.714044,19.570303,3.990898,7.905969
24.245626,16.361618,9.130421,60.493988,15.782065,12.226305
5.472959,4.099227,1.641659,11.136540,2.743624,8.552951
32.036209,21.867493,12.652647,45.878399,13.064454,18.667652
32.690254,22.703697,11.272192,33.244972,8.934637,7.229490
5.542626,3.908361,2.885333,9.952587,2.809075,3.396768
5.555570,3.978437,5.553710,25.558668,6.458509,24.120159
13.312945,9.249962,5.513088,39.896648,11.210501,4.071394
31.895763,20.689581,14.614082,84.829803,21.163927,8.693775
27.747425,17.435057,13.431940,102.467957,27.157347,70.877701
13.523176,9.268818,4.804786,32.550705,6.773901,3.956058
9.511996,6.806089,5.164936,11.453443,3.372903,6.417897
15.482600,10.645337,5.789540,4.711728,0.632017,4.722596
13.531838,9.266479,4.685073,36.857658,9.963666,5.716800
22.783440,15.742274,7.246776,28.017426,7.344961,7.018381
13.542782,9.405025,5.554917,56.115063,14.535392,5.281817
35.962017,24.114416,10.925593,78.410545,20.275089,12.251008
26.717848,17.878174,15.305258,87.182030,21.617128,12.828587
7.306054,4.852308,3.488925,18.715256,4.489170,7.835396
4.750492,3.433800,1.855610,15.655979,4.165820,6.703228
6.772645,4.977534,3.319560,12.263240,3.375159,5.202953
37.932659,24.033752,14.819408,133.545288,33.798714,139.461838
21.881588,15.369269,7.185954,37.528370,7.659395,6.404683
7.126606,4.974198,1.716658,10.644422,3.364108,7.845451
19.842575,13.555160,7.494570,59.547722,14.040731,14.467912
4.567533,3.081970,3.574576,12.120602,2.861604,3.548169
9.051481,6.431724,2.272602,11.826401,5.329547,6.472456
20.033054,14.359401,8.418289,26.175011,5.983695,9.232641
7.159330,4.815812,3.730100,20.977779,5.780598,4.121327
14.505894,10.184914,4.501755,42.316399,10.213069,7.298169
10.323924,7.202307,3.314175,56.222473,15.976691,10.995953
20.202818,13.794118,8.930486,51.472965,14.613385,44.991222
31.283024,16.586794,13.332658,27.065403,5.471031,8.052750
28.366587,16.632580,13.331301,27.020058,5.639411,6.910627
33.628098,19.186806,24.736368,140.049576,38.399410,78.232925
11.062181,4.546837,13.785432,73.430733,14.607233,24.378101
15.757291,10.604553,4.422516,31.906851,9.444692,50.081547
84.133026,50.861633,125.380814,575.214355,143.009521,75.014908
23.085739,15.663324,6.356825,32.918907,8.327864,3.903916
4.685541,3.341962,2.419436,20.018433,5.137853,6.573146
11.930132,8.547694,14.507874,75.075668,22.470886,48.579311
53.775593,27.452843,18.970522,81.753220,22.779388,36.688869
28.189581,18.553106,8.101127,50.562817,13.153513,55.484306
25.660175,17.700489,8.803596,41.127335,10.049777,8.112207
9.759724,6.720195,4.215504,16.109068,3.127759,5.407343
6.153061,4.573805,1.571213,15.480618,3.399929,17.290554
21.908520,14.719722,7.826024,40.366577,11.311659,6.932112
7.268866,5.283316,3.675595,19.940502,4.937814,3.009692
27.461821,19.376713,8.936809,43.328247,10.871630,12.666470
26.621302,17.635963,22.783089,56.907959,12.459575,9.435424
17.260344,11.896719,6.425945,44.462872,11.130222,36.528748
6.926503,5.106794,3.513267,6.705310,2.123422,3.077766
5.013725,3.565018,2.474468,2.147724,0.232748,3.745551
13.160777,9.344686,5.275345,39.980259,10.943233,5.941772
9.712266,6.881882,3.550804,22.594328,5.677546,3.996522
15.700663,10.618607,6.182883,51.052456,12.228858,13.159114
13.201142,9.178727,3.896787,26.174515,8.074583,11.796481
10.923442,7.409603,2.698554,21.141127,5.411888,19.081066
27.758791,18.521946,10.875537,32.045074,8.005980,5.249766
11.363986,8.047358,4.149592,25.237213,7.665361,8.109441
22.766582,15.528528,12.735546,21.875704,7.136194,11.562013
8.772856,6.520809,16.438658,70.982231,17.451015,61.664818
9.400891,6.403105,3.394998,2.750033,0.825755,3.831889
22.690218,15.221245,6.946882,72.759041,18.622496,9.883137
13.033101,9.140119,5.438047,56.991779,16.334274,6.355181
24.567030,16.800329,15.540079,68.668152,18.389263,24.322161
10.727146,7.810414,6.490538,40.032997,9.604235,8.465486
5.034351,4.017191,1.960714,4.745526,0.775820,1.369284
16.462366,11.346362,6.931065,51.768417,13.150500,18.694866
11.219819,7.828503,3.338280,49.694881,13.181776,3.426983
6.560004,4.826684,5.855347,28.820055,7.543759,6.418267
16.469389,11.875841,4.263508,30.164999,7.190159,3.397045
5.346485,3.945614,2.902815,19.988997,4.779022,10.815523
12.423137,8.683069,4.765943,22.504501,4.593221,10.315207
21.622993,14.465030,10.305020,19.189028,5.001740,9.227187
13.574585,9.819453,4.907350,13.652063,5.146502,2.658200
14.654034,9.668671,4.626692,43.387192,11.695084,11.412663
11.237686,8.119781,2.818725,25.625238,8.342353,11.171627
11.812387,8.081947,3.934048,28.069674,7.309818,5.105608
9.804359,6.780507,4.047479,31.890194,8.859002,8.667183
27.849812,18.504732,14.038576,80.174545,20.245041,12.735318
6.409684,4.424988,3.010430,1.221588,0.740604,0.204760
16.094662,11.046850,6.788066,32.213173,8.612495,22.181686
12.935891,8.773782,3.406396,37.709793,10.317539,28.192575
10.889545,7.755591,4.724221,51.622688,13.200208,20.940588
29.025248,18.734112,10.159959,79.158150,20.785578,20.038904
27.315214,18.623558,7.839542,23.537123,5.218573,3.614305
17.798386,12.371915,3.803807,52.340797,13.367056,24.936272
70.268166,38.678017,36.296726,259.688538,62.774517,52.785816
14.789880,10.473747,5.749851,3.604364,0.513054,0.551138
34.892120,23.568600,14.592275,131.038940,34.226940,26.760624
12.059531,8.297519,4.514873,15.834302,3.546397,2.559479
23.235022,14.956674,12.291990,63.153328,17.028854,28.650179
26.150940,17.575108,8.249424,82.614815,22.024279,8.625591
14.703499,10.081876,4.953677,34.260437,9.389148,4.574224
11.999434,8.521940,4.809222,64.420036,18.314365,13.798055
16.348507,11.034465,4.976208,15.881989,4.431290,4.910304
22.593065,14.969961,26.127228,137.225464,36.121498,109.889297
24.136381,16.528553,7.479993,43.973980,10.627054,4.283977
4.368100,3.144893,2.485929,34.645882,7.894765,0.712265
12.984017,8.786798,6.013452,14.606021,2.894124,9.788834
12.252151,8.860829,4.216548,13.876502,2.855504,2.079026
11.918260,8.545073,4.449117,33.243660,9.793030,4.464155
7.768335,5.420284,5.687181,25.747068,7.830184,47.840565
4.340893,3.278418,2.739787,3.141916,-0.031581,1.255991
14.242467,10.339809,4.965536,19.435532,5.133965,12.676913
22.390873,15.075937,6.119730,45.218376,11.435763,9.981342
17.533661,12.312541,5.573962,25.175774,4.320550,9.104646
11.052283,7.712359,2.975896,22.419439,5.279998,14.993773
4.637133,3.156669,1.245571,8.785657,2.827273,5.995094
18.752703,12.851986,5.153881,38.205250,9.217597,5.653425
38.030079,19.205528,25.227413,154.097672,41.633461,238.344101
24.409199,16.505440,8.825720,43.862167,9.998147,1.973034
30.137743,20.465113,7.730766,32.060101,8.063527,11.103600
7.103603,4.956583,7.906199,41.636375,10.274864,4.984815
49.570457,26.742569,39.630405,342.739044,81.921822,76.940697
20.388575,14.105194,6.900050,54.146996,14.677239,5.350529
7.912462,5.596275,3.105231,17.144884,4.083390,5.602842
24.143280,16.363613,8.822048,32.272289,7.662198,13.403297
12.427546,8.586439,2.909728,22.485863,4.061244,17.545395
5.492100,3.731110,2.791689,0.913330,-0.204961,0.206338
10.785193,7.757993,4.974527,9.067258,2.395555,5.016876
12.608459,9.157306,6.439592,39.726913,8.689757,2.999034
6.809444,4.938469,2.714178,41.912441,9.709581,3.676953
26.389797,17.777390,9.491258,62.551991,16.283733,92.708435
7.645689,5.700482,2.576269,15.672025,5.262203,4.780069
19.619299,12.883934,33.224850,147.995316,38.055744,18.953407
22.347490,15.137296,17.670158,163.238907,40.331455,28.599396
23.625870,15.855096,8.061733,54.148674,12.583052,13.165989
12.917529,9.216618,4.468495,17.731907,4.971265,3.993275
53.592823,29.330578,105.360817,593.377014,155.855637,254.204956
26.497517,16.983969,13.191809,129.684402,32.471554,30.949759
6.767238,4.478488,1.680686,7.986061,1.652120,25.334476
7.373194,5.235514,2.738142,11.418283,3.935624,15.216320
6.011669,4.425613,4.436551,27.182333,7.916584,39.011002
12.309372,8.790359,4.698243,19.924847,4.396231,0.825038
44.668102,25.647997,52.316338,313.604767,83.966003,90.051422
6.393697,4.861578,2.972939,0.177269,0.497123,0.236296
16.433914,11.522845,5.859054,7.251561,0.607769,0.139307
9.406960,6.660555,4.386700,18.864656,5.475791,6.099733
12.675359,8.824657,7.962901,55.639568,12.902130,34.308041
7.794442,5.502906,3.337260,25.848091,8.127888,1.986471
12.005833,8.633113,5.787941,40.575443,11.951109,25.707912
15.145790,10.521537,7.375855,4.708361,0.848695,15.393628
16.950302,11.791730,3.506581,12.392422,3.293643,7.375053
37.377735,24.889462,11.805539,86.755272,21.457373,10.944816
5.495594,4.043613,3.135619,15.548368,4.982893,3.086293
35.030285,22.130795,17.447851,91.475792,21.982014,34.098930
9.479587,6.748638,3.470603,1.714691,0.342885,1.631651
20.635334,13.708587,6.497042,90.583015,23.928370,7.684663
8.651782,6.105258,5.244242,13.812171,3.384598,11.798852
16.846069,11.556296,5.333811,46.152550,12.739314,25.614609
45.126873,29.799660,17.447193,100.421631,24.637812,57.908939
21.226055,14.268620,7.281828,88.946007,24.145632,5.341302
8.933352,6.428163,4.973340,7.450199,1.804647,5.691861
23.411299,15.896099,9.658218,16.138100,4.702395,9.490962
22.498692,15.096746,15.055127,87.131859,23.434893,77.638847
8.436184,6.266515,2.841399,21.957165,5.469043,5.847692
34.602207,23.568211,8.432282,93.723259,22.420408,13.640110
33.252880,22.242943,19.857340,99.275612,25.609108,32.086224
13.195042,9.421269,3.824008,63.285530,15.852557,12.189896
6.769238,4.923204,3.580583,12.762395,2.840605,4.379465
6.014053,4.259899,2.982511,21.943823,5.903966,3.551069
6.408004,4.209044,3.083176,37.865955,10.846334,10.352147
14.033376,9.648391,3.507341,77.303642,24.002987,41.865963
24.200779,15.840098,26.831238,190.364609,48.894936,71.767677
36.601055,23.632814,17.062195,69.218796,16.853367,9.296633
36.842060,23.704556,20.379591,95.563553,23.453341,29.693655
20.140091,13.842252,5.916375,70.039345,17.627550,30.467295
32.993282,22.307316,17.123339,107.199707,25.177416,15.337336
8.959934,6.495541,5.576460,14.402640,3.183408,9.089492
20.688803,13.905509,15.873885,70.886314,17.538540,6.849157
16.691353,11.347147,5.606695,29.170980,7.288949,4.373060
11.157617,7.650585,4.679013,16.262207,3.810749,3.092790
24.233551,17.157623,15.678741,103.492683,24.222246,21.978788
9.944077,6.872776,4.297228,16.049337,3.754673,13.046026
8.152987,5.666961,4.112457,43.809284,11.886488,4.771856
12.226903,8.758054,2.418508,21.609814,7.283645,17.974890
15.508115,10.686762,4.644332,65.323753,16.413355,19.070311
9.692032,6.715275,4.483144,17.321421,5.065973,27.526306
18.722481,13.157314,9.590286,110.128738,25.978430,11.896499
13.588269,9.271947,15.040704,77.624619,18.041864,19.614712
33.087379,21.739052,15.975330,121.234200,32.597374,81.950905
5.142920,3.843237,2.807218,15.361713,3.708347,2.256547
36.170734,23.615772,11.199446,34.444717,7.460700,10.424754
9.023820,6.078715,4.336754,3.097481,0.594852,6.194872
25.394581,16.236511,10.764789,6.264387,1.452245,6.531066
13.165962,9.044466,2.161526,23.896601,4.731135,15.267341
11.324091,8.351271,4.400792,19.886389,6.697630,23.737669
32.619629,21.730940,12.135422,53.270885,13.213381,7.288883
6.139034,4.350392,2.958167,20.427940,5.360303,1.872366
13.834972,9.492146,3.337269,61.334831,13.414515,5.111931
56.390045,35.226063,25.924263,169.052444,49.231518,155.541046
15.057168,10.617249,6.165355,10.393079,2.319575,2.483688
39.360001,21.402218,19.309799,114.410522,34.102631,52.364876
89.524559,34.644859,75.764870,347.791595,89.554451,154.518066
21.588203,14.693101,9.241071,33.014431,8.527978,3.895462
25.867693,17.713013,13.312373,29.250065,6.826533,50.337124
7.543574,5.439973,5.371005,48.793396,13.637706,4.639386
15.301749,10.703975,8.593324,6.757256,0.616594,0.230325
20.269087,14.382363,7.351383,140.715164,39.098602,47.915058
52.119324,30.914446,52.675423,446.948761,115.525993,120.474335
10.722724,7.572582,3.743350,35.117729,9.775431,5.393638
37.590279,23.560684,12.892786,135.912033,33.455761,27.525295
8.173723,5.675390,3.917732,36.505924,8.973859,3.227107
37.027111,25.305458,17.112850,107.698929,27.423794,26.845825
29.619944,19.691599,8.065014,35.387257,9.047821,5.908275
12.728484,9.063031,6.510654,33.985558,8.107181,6.629787
22.818558,15.284716,8.920101,67.243423,17.534227,13.236997
14.623087,10.230742,5.245286,17.678576,3.913733,4.361700
9.828230,6.917336,2.507967,9.566089,1.990023,5.115403
13.464357,9.118553,5.461530,41.422268,10.670959,24.371595
14.439865,9.836370,4.793833,60.964603,16.203255,50.388294
16.423637,11.301473,7.350038,16.939365,4.172063,17.758877
33.915955,23.128794,10.543400,45.456581,10.868649,11.946202
25.786772,17.175850,7.280134,52.553059,12.829250,42.027824
14.623059,10.533999,2.093821,22.952618,4.771097,18.035051
23.059305,15.318211,13.024314,62.913322,15.656425,23.161253
26.343752,18.331379,6.563591,38.547031,9.857093,16.059309
5.812918,4.437162,3.025888,58.160027,15.255692,8.212110
12.074971,8.704178,5.952940,59.901402,15.933333,13.874418
77.464226,34.773624,80.318642,398.501068,103.303535,137.655853
11.336514,7.661857,4.204355,20.879183,5.510695,7.078456
11.445328,7.572109,19.277811,46.026287,7.806864,12.186926
43.069927,26.809437,14.280929,69.373421,19.422403,38.130333
13.936475,9.721940,9.540641,48.866486,11.782155,13.473738
8.251210,5.792631,5.396256,3.691093,0.589169,0.875838
10.468772,7.230720,2.112002,9.212694,1.588474,6.252063
35.726761,20.747684,12.073950,96.908157,26.467999,15.089164
11.211815,7.709973,3.616651,33.081276,8.621678,3.827005
28.749805,18.595291,8.643766,71.478462,18.981131,8.300549
5.816920,4.433901,2.130497,4.344401,1.090787,5.779218
7.976414,5.645037,2.081467,11.986451,2.508319,6.393885
13.606442,9.895742,3.511991,13.275005,2.608884,3.063772
12.523472,8.661449,4.394863,66.001877,16.655815,5.991356
10.956864,7.641988,6.312013,4.553594,0.333196,3.768021
41.972115,27.239403,15.629748,43.173779,11.309081,7.990884
13.519212,9.392746,3.767681,9.437284,2.367689,4.884537
26.228647,18.315285,7.074801,89.813309,23.240747,5.451433
16.843155,11.911345,5.197282,39.817169,10.655009,4.669677
15.466482,10.494533,12.948987,68.642937,16.800970,14.207877
10.179930,7.178980,4.386968,51.385323,12.240498,4.695040
4.360833,2.946454,2.120616,2.441166,0.343215,0.358207
31.726633,21.975128,9.838940,36.820194,8.793009,9.343575
27.561285,19.236309,11.300578,45.625793,12.294796,32.384350
22.419909,15.301831,10.053178,112.205551,34.341999,13.233937
8.480433,5.978858,3.271492,79.489311,21.424004,3.015035
7.788377,5.295614,3.821241,13.544047,3.310747,7.908614
17.344345,11.880140,10.194798,101.569061,24.681818,26.165089
12.185477,8.278337,4.872400,59.727837,14.833624,5.006621
44.613304,28.324219,28.879566,95.436470,22.294102,29.728308
5.881733,4.220449,2.461091,4.062800,1.520015,-0.022592
8.160581,5.764675,4.290441,34.107605,9.018021,4.062373
11.039229,8.064123,5.223564,48.416584,13.115371,8.866798
27.009071,17.938126,8.187041,61.928425,13.510750,33.455814
17.967466,12.081988,5.346780,120.516319,31.963900,8.342030
8.953892,6.254050,2.111987,8.795457,2.592775,5.213253
11.965796,8.030681,5.334629,80.452347,22.187979,61.596893
13.371997,9.259037,5.019595,2.010599,1.102140,1.954241
7.206031,5.358282,1.665201,9.787121,2.802010,5.967727
31.213776,18.914124,28.103361,129.035461,31.357496,12.673466
52.604824,32.717884,74.339806,384.938019,102.531227,249.745972
28.072990,18.342005,21.070736,106.567566,29.833729,110.662674
10.820333,7.443908,3.235417,45.327850,10.687318,3.892758
10.705259,7.856174,4.745504,36.218243,9.785744,36.989674
4.542566,3.501193,2.631282,59.676304,16.127272,12.161465
22.652891,15.127177,8.774137,57.439766,14.795909,9.968509
17.523991,12.173899,6.356389,34.390766,8.874756,4.734282
12.064420,8.369908,3.616312,15.561923,2.842479,4.442207
13.298281,9.585802,9.793653,21.544708,3.905775,7.773576
13.519691,9.578876,4.251510,15.106619,4.075352,5.584316
22.809961,11.557841,9.748886,18.232769,5.568630,45.883186
20.091780,9.317833,11.996707,24.521910,6.718133,19.785177
15.667923,6.736299,5.173092,21.096930,6.651221,41.893848
32.405537,20.640093,10.118353,61.693993,15.071292,22.991489
36.575954,24.366785,12.676879,46.793373,11.864369,47.166271
18.242491,12.548809,5.134806,36.816059,10.105617,17.469999
16.642740,11.205636,8.518389,83.001152,21.957359,24.662180
7.911476,5.844344,4.319439,20.814280,4.252616,7.816611
17.498743,11.823565,6.889038,3.385303,-0.013119,1.117312
6.012086,4.444632,2.579325,1.121259,0.140036,0.269454
11.293181,7.654383,3.030432,21.220953,5.171774,14.480046
7.508340,5.154946,3.101374,17.887110,4.627552,42.088676
22.593733,15.531874,4.576143,45.004612,10.976259,13.848067
7.964131,5.740813,4.206513,19.317417,5.385396,29.113094
28.755606,20.111565,14.607981,105.641190,26.510942,14.048850
30.106173,19.683615,13.585188,114.558853,28.065514,21.963160
9.091513,6.779808,2.323974,16.148146,3.827572,7.353750
19.855618,13.278882,8.523760,35.495815,8.255881,13.451739
27.939838,19.484575,16.165007,90.726334,23.077188,9.060553
18.734293,12.939800,6.221484,28.432364,6.567746,4.780839
6.387099,4.752651,5.082473,50.574093,13.368813,7.317607
8.154531,5.966920,4.209308,18.451168,3.982256,0.778322
3.806800,2.959547,1.912467,3.326363,0.715162,1.242205
5.271301,3.486243,2.530370,15.467186,3.952657,2.932848
33.656353,21.647392,26.959166,186.210068,45.301155,32.486103
8.816274,6.059724,4.224431,16.190388,4.015106,2.750478
6.255713,4.580755,3.412827,26.436901,8.374159,2.259239
10.781693,7.833177,4.163826,26.364607,10.566651,33.347305
18.278973,12.134624,7.179940,33.507725,7.229523,7.090812
7.605813,5.674808,9.335292,20.756762,5.603393,18.566751
6.124233,4.446271,4.068424,41.845242,10.841953,5.599421
27.856623,14.279812,19.769117,160.221664,42.668980,27.852697
33.203926,22.033907,22.435175,79.269150,19.025993,25.542767
12.722979,8.619896,5.392218,40.131027,9.199024,3.182218
6.160637,4.439721,1.760253,7.962635,2.487442,7.131431
12.156797,8.273194,8.066050,20.236795,5.357872,4.600103
15.508399,10.351349,6.133527,7.566833,1.176405,5.318201
22.771557,15.774535,12.500517,54.532139,13.088918,7.110854
7.631194,5.267878,4.304290,14.393191,2.869283,3.136681
25.439260,17.026474,9.084241,55.371212,12.745352,22.174398
28.142262,18.580563,13.550524,79.639816,22.490189,50.171951
11.566231,8.286652,5.396945,74.334785,18.537430,9.468266
41.485386,26.465029,20.207676,94.757690,26.075949,22.018707
28.761702,19.508266,12.481935,59.890495,14.037253,46.604267
40.175789,22.018238,15.905410,91.009178,20.575321,37.011326
22.907158,15.535504,7.566803,106.553413,26.589531,4.864163
8.428909,6.235467,2.744263,24.067041,6.026229,19.347414
15.498857,10.742229,4.902853,41.742516,9.677224,8.291245
36.921581,24.078171,12.401414,82.299767,20.582554,12.213266
7.926515,5.519017,3.125508,2.824320,0.582144,1.386805
11.410914,7.839697,12.188123,12.494815,2.695857,2.435252
11.540179,8.109074,4.273186,21.348118,4.318364,7.245032
28.592627,19.863865,12.991981,134.751526,34.576019,29.182196
19.110256,12.920221,6.724047,46.811066,12.503534,5.851610
29.957029,19.301729,18.520058,146.433395,37.212051,18.368557
8.001549,5.347317,2.464132,30.653944,8.527279,1.989833
8.634958,6.098864,3.760906,64.946922,17.946278,2.463278
25.322592,17.004459,10.987881,44.663174,11.528121,20.573940
13.662560,8.916242,9.306808,136.758133,34.770554,28.776371
7.968761,5.197659,2.350371,29.802179,7.451202,6.639627
30.181530,20.302509,13.527600,40.220394,10.627122,17.461313
5.755161,4.323679,2.592309,24.978899,6.012179,2.420366
17.984221,12.249755,5.253045,39.051796,9.996072,10.387576
28.157118,18.912729,8.031302,39.459232,9.158559,50.617989
33.370735,21.812395,20.564505,288.251556,76.789551,38.540485
12.216640,8.410407,4.082118,44.505470,11.346199,5.292178
10.292412,7.382824,3.670319,9.332446,3.234643,5.156892
18.373451,12.809031,6.897948,66.595139,19.814960,54.146812
21.207447,14.335359,21.337521,125.607895,34.000515,21.931053
45.107059,28.580467,28.166788,112.587418,32.896729,236.943787
13.011482,9.623688,4.636031,34.043442,9.059606,3.486531
22.248425,14.876088,6.896661,25.906778,5.666666,6.984537
35.130230,22.214651,11.969380,57.396076,12.205646,9.435884
19.888996,13.630424,6.370743,42.687653,12.225545,14.876532
10.772107,4.422417,7.238363,74.452942,18.867762,6.578232
10.741030,4.446929,7.237522,81.440468,20.128725,5.905079
4.914794,3.402109,3.145060,18.122438,5.370183,2.160395
15.788891,11.192351,5.408207,40.368568,10.130905,2.245408
5.797130,4.053505,1.682267,5.367526,1.602622,4.805794
5.818417,4.324996,3.125967,1.905125,-0.018574,16.029753
4.325730,3.315435,2.131684,22.236229,6.872444,1.314564
11.119626,7.592015,4.699029,17.958015,3.894341,1.614253
7.466608,5.520456,2.906544,2.573351,0.407166,-0.341386
7.895466,5.735877,3.059641,21.709120,6.134722,3.323403
7.687387,5.202803,3.001880,1.603475,0.318452,1.419471
4.642596,3.437276,1.724952,19.935596,5.899574,3.206198
15.820931,11.008688,6.497801,18.270544,3.800170,10.425388
8.042245,5.424468,2.364131,22.447042,5.678886,19.780533
10.966864,7.489549,4.877997,25.154539,6.014004,17.273678
30.490751,19.615875,20.396809,89.695671,24.070429,30.232388
16.736126,11.233507,5.707834,37.508137,9.752212,13.309385
7.482843,5.200579,1.436638,11.890981,2.716121,6.733914
16.264738,11.249995,5.951706,26.217716,5.258591,11.145344
19.277420,13.052150,7.336493,24.029533,5.534735,29.491375
15.876154,11.198003,5.470675,15.850345,3.018545,4.975695
9.961886,6.933023,3.493907,30.204178,7.160411,1.956082
11.153504,7.792908,3.316089,40.514252,10.634159,32.412704
12.883392,9.090892,4.969427,5.363405,0.872879,1.266959
13.260168,9.049501,2.728718,54.431755,12.841283,11.770507
18.898861,13.037503,8.486850,56.730541,15.937678,9.086128
12.819803,9.135836,6.933757,17.646126,3.995479,5.488369
19.410120,13.442876,6.711053,32.223549,7.743273,15.110001
18.373888,12.328709,7.610706,74.330414,17.726353,18.343555
10.732555,7.415152,3.957235,4.494874,0.529833,0.564072
5.527979,3.945163,2.419449,24.827497,7.156722,7.582419
12.707109,9.376155,4.281880,21.516493,5.506286,1.150903
16.655035,6.532407,6.809399,33.276119,11.007338,19.628242
16.856621,7.654018,7.453212,42.775188,11.568185,18.245684
6.682906,4.368637,4.329937,73.480629,19.374544,11.905824
11.808106,8.156036,4.727819,19.854877,3.717499,7.604121
7.436234,5.256469,1.481226,10.605807,2.773840,8.731524
10.777013,7.288702,5.101041,11.003959,2.692484,2.480142
31.386730,20.074249,19.618574,87.451447,22.154133,20.233307
18.215076,12.679234,18.387051,88.897842,23.323719,23.537973
23.878305,16.527916,10.227432,124.153023,33.846210,56.169132
24.498743,16.402571,8.696474,54.270920,13.277795,66.333542
16.877832,11.862127,6.216572,19.759295,3.873239,5.414069
28.545254,19.030041,14.360306,51.448727,13.305942,14.620473
18.108664,12.722937,6.017910,50.471970,13.272826,3.617063
38.558327,25.865822,13.738372,31.467993,6.370654,23.271315
11.081212,7.822433,4.980326,17.413054,4.191319,9.515594
16.308163,11.664907,5.429542,24.026279,5.469027,25.341915
21.339130,14.334662,6.657694,37.623379,9.720208,26.965221
7.923793,5.939803,9.242520,47.794899,12.898386,26.344517
10.872475,7.853883,4.135645,5.278484,0.760911,0.603357
31.082121,19.167595,37.915699,260.925537,72.470795,162.151260
14.373973,9.770806,2.839904,29.732744,6.874305,22.886898
6.862244,5.036185,4.498210,36.691074,9.887002,6.460523
16.424820,11.239934,5.287731,35.190426,8.915413,6.709849
16.101057,11.523602,14.595965,87.878571,19.817219,19.006830
10.462853,7.576863,4.090696,2.277839,0.905932,0.404393
11.554585,8.156558,5.053194,40.348122,8.066560,5.767161
20.002495,13.749990,7.178813,30.991104,6.347235,5.817619
25.203363,16.759066,7.518053,30.515699,9.259844,71.265076
30.784834,19.543770,61.429142,286.669373,77.949768,61.601906
12.924691,9.258699,4.848959,30.749390,7.012578,8.213600
5.244939,3.370898,1.530533,9.938178,1.848419,6.282133
23.500572,15.510749,9.259107,27.230780,5.437292,5.341658
29.571220,19.815836,24.557848,171.378937,45.084450,36.527802
33.145584,19.577612,55.494816,248.302246,68.791603,187.887436
24.643473,16.527878,7.133964,30.968117,8.187298,4.702982
21.154202,14.462860,6.565094,50.332355,10.764333,8.167439
21.375168,14.670483,12.182737,114.019836,31.675045,39.343380
33.523060,22.548857,12.749733,57.129929,17.889357,31.929295
18.805344,12.761824,18.831100,85.537476,18.844694,15.308565
9.650915,7.079413,5.096312,5.270470,0.399196,1.087721
26.606136,18.047716,12.518656,53.105968,14.671385,60.339272
15.036245,10.472817,5.993154,15.036930,3.375510,2.591903
23.103756,15.349503,8.197963,29.752625,6.501879,4.910386
5.475589,3.656782,2.495775,27.414160,5.919159,1.448682
6.803890,5.018113,3.171661,4.393237,0.867603,0.777273
6.511053,4.603355,3.497780,27.253191,6.948631,4.402336
12.747513,9.134683,4.335701,38.859547,9.379753,19.974728
5.864754,3.965409,5.374822,13.899264,2.809187,1.840297
11.697984,8.186872,4.688048,15.215339,4.677719,13.348199
31.979069,20.868742,17.529503,119.346603,34.408859,114.384987
21.767202,14.789134,8.159577,50.175060,14.924813,4.337636
5.440055,3.947172,3.533053,11.046204,2.553945,2.092673
4.078034,3.296293,2.590317,15.245445,3.789732,4.719722
16.298529,11.668135,5.071952,76.778793,18.473848,4.813533
10.809640,7.697282,4.230624,26.930513,5.770725,4.750706
20.524767,14.114665,7.094789,15.864734,3.443625,3.250046
14.830747,10.399574,4.304156,34.236679,8.718187,12.330886
43.866211,25.554184,29.515476,151.292389,39.327072,35.354645
9.376983,6.814648,3.850104,30.590580,8.816996,8.471139
28.095804,19.421623,10.108754,79.146439,19.970581,7.580446
28.357653,19.578524,9.235604,30.306635,7.104716,8.019727
8.774447,6.545668,3.320117,3.016785,0.452981,0.005964
17.009058,12.200462,6.460082,33.934338,8.374680,6.511028
14.520189,9.958366,4.147036,40.836823,11.865643,9.021306
9.333012,6.542830,6.415087,17.177507,2.190511,5.182378
9.009047,6.495170,3.053604,19.041403,4.579030,2.723221
7.446260,5.235643,6.498463,19.109041,5.025082,28.097221
6.426437,4.405922,2.585057,15.320047,4.481497,12.595983
14.386665,10.070333,5.128534,1.802931,0.327741,0.062172
16.419291,11.507175,6.832049,70.993141,20.835001,73.842499
14.694066,8.410862,6.828467,73.496193,23.022467,28.293968
12.090594,8.247972,10.079398,34.979996,7.684854,6.322330
26.604832,17.905928,7.829685,34.595257,8.298728,12.833575
40.040890,27.107901,61.905502,41.352448,9.843376,166.616882
4.725216,3.061904,2.277497,2.780256,0.487750,0.503210
26.169676,17.668886,8.946501,58.597168,18.504116,65.224869
32.006329,19.611025,22.502565,102.084427,26.587704,29.229435
26.225550,18.015251,8.190156,68.141602,15.797632,32.476086
14.675553,10.440649,6.415654,83.085037,23.280706,85.759926
46.149151,29.660597,20.228952,78.587227,16.492010,11.453851
9.453397,6.993619,3.528060,33.735043,9.784590,1.860942
22.107323,15.213769,7.444718,41.793968,12.140948,27.877325
28.047192,17.525274,19.736753,165.415970,46.066681,141.191864
10.904676,8.053642,3.789423,3.707324,0.461479,1.004083
13.026945,9.417693,4.333376,30.987137,7.967653,13.693432
14.643816,9.882466,3.492724,92.631989,25.395775,7.073486
17.801979,12.343049,6.132959,46.239044,12.602284,8.524885
18.828245,13.124755,6.016872,61.448086,16.222301,14.087086
15.520458,10.128896,6.821309,20.001837,4.192648,5.035409
45.348789,24.831799,26.698587,83.076645,19.089586,25.307945
16.795296,11.400985,6.392802,10.526975,2.413330,1.206051
20.995323,14.113008,11.485672,84.206276,25.386002,77.178780
15.066894,10.213486,18.790009,55.646820,15.954342,20.651373
8.684944,6.428774,2.610538,12.581031,2.785999,5.417582
32.848236,22.424772,14.048303,57.939919,14.949921,16.011974
42.228199,21.470926,22.530563,105.778862,26.392462,46.385807
42.877579,21.555563,23.308531,123.972969,28.366163,41.276268
14.312718,10.087256,4.690075,29.092260,7.251493,3.500906
15.655736,10.954716,5.739045,39.979534,12.113866,8.333058
8.313786,5.915751,3.345403,25.566998,6.222931,9.370473
21.139494,14.000914,7.396138,44.452747,11.988271,24.007757
4.764622,3.638838,2.724128,30.665112,8.565245,23.574980
6.593614,5.116571,3.215101,4.764998,2.392483,1.744083
27.681465,18.820784,8.221459,26.935804,6.821313,11.071657
12.922583,8.564267,16.670141,79.904625,20.272068,30.166050
24.643747,16.481075,16.554695,74.664169,16.810007,11.821147
8.937147,6.222299,4.663827,13.114434,3.196306,8.402646
26.359283,18.123787,11.287367,55.963062,13.476624,4.551421
7.642688,5.289282,5.718992,41.207417,10.765558,5.584270
33.504055,20.224380,12.552738,57.636723,16.505583,20.934385
18.369429,13.150583,5.964834,25.958874,6.762391,13.934324
11.275860,7.618796,3.435066,46.125023,12.437151,2.125891
40.752525,25.997166,16.860514,108.982132,28.149313,15.909187
11.086918,7.363066,5.400978,41.825268,10.685439,6.076130
64.223351,33.633194,124.040543,592.127380,165.158173,380.327301
14.596571,10.177643,6.880497,53.758785,15.452840,5.926460
15.000529,10.624997,5.737124,20.523363,5.692584,4.561114
8.423941,6.036532,2.524227,10.778011,3.559267,5.308338
30.415606,20.147413,7.501407,42.873661,9.066631,15.764057
14.199808,10.163177,7.678427,16.674110,4.089123,10.060677
9.998554,6.901379,3.783713,40.974781,10.892103,3.824646
23.471237,16.835512,8.472913,84.905121,19.670204,16.307379
24.547600,17.130434,7.783691,87.498817,22.682547,6.779701
5.915787,4.281550,3.983691,17.805969,4.215639,12.834642
30.632126,21.131042,17.176083,103.410652,27.217690,15.414209
16.468441,11.657426,5.387837,44.157455,11.516168,4.622486
19.490002,13.516582,9.943019,78.274445,18.588236,11.523993
17.370272,11.656577,3.718019,39.978844,9.577190,8.914892
6.268070,4.461989,1.333208,10.077222,1.511167,3.888201
15.578082,11.043361,4.783375,15.393867,3.734712,2.792841
23.180840,16.031355,11.808048,13.598911,3.022483,14.641528
6.538987,4.422959,3.482145,1.538209,0.736021,2.763555
10.877436,7.345495,8.589698,50.422775,13.594961,38.697956
20.619360,14.185070,4.747477,38.451340,12.677350,26.714350
20.044689,14.159184,7.131523,47.072044,12.033463,14.982733
24.724663,16.578415,10.262044,53.122112,13.507726,53.718838
6.730064,4.879259,1.832193,14.441957,4.054129,8.955100
14.549903,9.838205,8.489594,84.281960,23.056868,101.499046
29.032705,19.728357,9.030949,35.645744,9.845475,8.790646
11.134294,7.476494,7.318951,32.827698,9.339433,11.706858
11.871323,8.592752,4.132758,11.104303,2.739340,0.878580
4.537747,3.535016,1.145236,7.080387,2.422219,5.880121
102.857620,35.510761,102.135918,464.609253,123.467705,268.162201
89.974251,34.292351,99.594429,506.864441,123.688515,240.507156
12.513422,8.532103,6.967164,6.703020,0.586919,3.785479
11.955750,8.606394,7.193213,19.410751,4.423767,5.178712
25.400734,16.529131,17.686447,159.430069,43.603394,23.730650
15.247582,10.959923,5.594485,45.528641,11.093008,41.562340
16.357073,11.122022,4.094147,24.641964,5.430952,14.446749
10.148390,7.121904,3.499366,24.217585,6.350837,20.023918
19.420483,13.163717,7.980119,7.439442,1.495953,3.053034
16.170906,10.810252,5.828999,5.630633,0.796785,1.135079
46.981339,27.821623,29.952095,128.221207,34.352863,104.363815
8.447217,5.854923,3.880679,25.681267,5.841673,36.101990
40.142563,24.809162,44.384975,196.305344,54.497688,117.831093
25.974154,11.019711,8.116943,72.398918,18.068581,27.917177
12.453662,8.454664,4.917087,119.123947,33.512531,10.190583
9.495052,6.650675,4.259199,24.189857,5.438278,18.505096
23.706675,15.654898,17.600544,95.128021,25.549023,25.393120
6.271274,4.607676,2.976021,22.400402,6.662785,3.426243
11.879293,8.090817,15.464483,76.019638,20.895256,9.749938
46.817772,25.715040,47.101543,221.604675,53.283524,47.565350
15.640636,11.091286,4.544166,18.244740,3.720361,10.704058
46.306351,27.722717,22.034592,201.517990,47.367893,24.874437
7.308379,5.271326,3.096836,7.432426,0.897531,1.896555
5.853552,4.126194,2.798902,11.915392,2.592909,5.905614
36.045513,20.781597,35.913002,145.575195,40.382923,96.237442
21.965418,15.284887,7.807265,67.064049,16.578518,5.917495
7.931584,5.614932,3.231357,1.140859,0.273519,0.928655
32.709797,21.956593,10.772793,62.253181,16.408169,21.399836
11.921645,8.178433,5.136754,27.547026,7.509125,3.217733
12.586251,8.875998,4.191204,20.791294,5.629100,11.757600
48.502052,29.747854,21.125927,80.676147,19.770256,12.766428
47.534840,29.125507,102.248322,368.907013,101.475441,277.941803
60.090763,37.388390,23.084007,83.618279,20.011749,17.140461
31.870861,17.840765,12.826906,71.020523,17.205603,10.921268
19.956583,13.454424,12.413119,12.422055,1.431718,1.806033
7.457567,4.953543,1.563453,8.626049,1.585040,4.881481
7.650555,5.528457,3.717350,52.087128,10.670933,3.590909
6.802688,4.791515,3.049400,14.887298,3.408315,2.229982
10.384995,7.416934,4.088284,3.569369,0.038128,1.028211
40.978828,25.095684,39.108543,418.517059,105.632782,44.023113
4.077184,3.081281,1.461488,20.043486,4.982381,15.921526
17.186195,11.301453,6.670858,43.534260,10.984242,19.210636
22.951122,15.744803,6.234963,28.299349,7.473034,14.446858
25.392467,17.184666,9.481130,76.400146,18.895567,26.479486
20.823788,14.032166,7.232983,33.739357,8.326736,9.869122
20.277800,13.794429,7.805846,35.526409,9.868583,14.684573
11.249559,7.878540,3.400441,26.526440,6.670775,2.268560
9.279442,6.764258,5.103680,20.100878,5.376911,32.225323
10.522347,7.306152,4.096238,13.502576,2.407591,1.952582
63.291676,28.187403,53.607979,223.550110,60.486584,50.714466
66.717720,28.113579,67.804161,304.145752,70.922096,54.783489
34.095398,23.315962,7.552861,56.387154,12.873047,21.643599
15.511329,11.302524,4.511676,24.524324,6.836690,6.118689
17.917578,12.364420,7.311813,30.520098,7.084721,3.613491
5.773703,4.129048,2.262783,1.921174,0.084973,1.585994
16.793362,11.337446,6.599603,40.415775,10.008114,8.159019
38.740665,23.818575,28.149378,112.801689,28.484758,47.453251
9.538111,7.157311,6.076472,29.293919,6.747246,19.510145
10.981654,7.666528,7.964702,53.996380,14.431177,12.281505
12.801958,9.105556,4.477209,39.302315,10.844116,3.025123
35.256077,22.595165,18.522886,104.244675,26.968477,19.354357
27.713776,18.403271,10.194554,78.494537,21.534571,24.573713
5.458839,3.662988,2.999211,21.444332,4.405295,4.208905
38.016682,24.667625,24.549135,115.643341,31.772446,143.105499
29.146238,19.441671,11.741509,51.729176,10.985261,11.783356
10.651632,7.207618,4.349331,37.406349,10.194913,3.764104
8.033403,5.518783,3.347814,10.732422,2.742436,1.018231
10.010082,7.005571,3.938398,34.927277,8.363447,5.899412
12.308328,8.594275,3.883744,32.841030,8.872534,47.182663
9.254690,4.710859,2.446745,3.005341,0.324932,0.459578
10.055172,6.242338,3.189442,4.149347,0.584475,2.426037
8.211005,5.717040,3.569230,29.405369,6.947239,3.747782
53.636398,30.633598,19.236067,146.476242,35.106575,33.773052
18.379000,13.281163,7.189185,22.489334,5.194853,3.031433
51.567425,25.577490,56.713264,405.144318,104.918594,128.830795
11.119703,6.461978,4.638397,37.644569,9.191173,6.494949
9.453257,6.247149,1.767573,19.547855,4.252442,10.874535
20.076342,14.038763,8.726479,10.617902,1.472193,3.981741
24.071669,15.090302,14.668482,130.860580,34.953941,33.031086
13.820662,9.697431,9.374656,74.829338,19.104301,11.477746
8.218022,5.699702,4.458712,2.941590,0.470931,1.947418
40.217117,26.675728,14.352918,18.456726,4.384083,9.911398
14.931240,10.383822,6.470117,65.066971,17.795950,8.792442
15.032074,10.771668,5.814205,38.752937,10.052004,8.371459
8.916676,5.932086,5.221219,24.853655,5.402374,11.008848
8.535028,5.952381,5.290916,19.175871,5.366671,23.249315
12.027635,8.505081,5.304669,5.803410,0.625636,0.147915
11.211028,7.982913,4.205784,23.802826,6.086762,3.868828
7.919242,5.664376,4.474930,15.976857,5.527376,30.031832
16.561430,11.438265,4.184566,45.622101,12.568663,10.642989
21.451363,14.672547,7.401576,31.433086,7.354520,3.860543
23.101782,15.740812,18.366011,84.050819,21.919266,36.996994
7.896038,5.761406,3.518205,25.249287,6.173399,2.756545
28.695898,19.468903,18.295471,84.994476,23.211405,40.266716
8.716147,6.034835,4.754813,18.845444,5.849731,7.094626
42.506058,25.662785,17.766994,84.880554,22.410601,31.050280
21.381193,14.900974,7.737233,22.570501,5.449956,2.551158
8.899942,6.168037,7.008782,37.353863,8.039517,3.984227
16.688175,11.541317,5.521512,39.394146,11.136088,16.717445
14.374121,9.669970,14.132606,159.453461,42.832432,69.936104
21.519741,13.932905,18.376768,122.259087,30.891514,188.751587
22.196049,14.529423,7.736029,20.878305,3.944047,9.920234
55.149544,28.089750,84.518639,472.630646,121.692245,128.502884
9.509843,7.030973,6.116344,22.764585,5.804640,5.113074
18.382418,10.745789,5.693755,7.577733,1.480648,16.263481
67.038857,25.636238,51.379765,170.713730,58.875408,159.477509
71.205826,30.747530,74.965202,380.402863,105.637939,172.464905
67.638916,38.459835,50.666599,237.432434,62.881954,55.688229
29.385983,19.387465,9.989645,36.192749,10.037497,27.652727
11.200973,7.627835,3.637171,3.860700,0.854988,7.989845
42.499538,28.222290,28.310329,92.702019,25.670528,79.621101
12.839434,8.895566,4.195802,48.676289,11.787997,2.810244
9.508806,6.799691,6.237742,14.757996,2.999214,11.153451
25.185890,17.375938,15.494731,75.296745,18.408718,23.257938
21.844269,15.018613,13.859384,86.392365,25.431726,88.901894
15.490861,11.279876,4.525877,16.081104,3.738853,5.298976
23.581450,15.735417,15.014186,37.029984,8.415277,27.120451
9.196195,6.129985,3.489563,22.922369,6.311697,3.406754
9.524476,6.581916,2.382749,21.813791,5.797943,1.567444
6.524861,4.655188,3.052736,18.119333,3.728802,1.341120
23.119509,16.025837,6.671971,61.528114,17.287199,17.523767
5.953845,4.233602,4.013742,58.716438,16.291748,19.448097
15.209559,10.225426,10.962002,73.724869,18.623518,11.000512
14.423339,9.926110,3.742711,25.744473,6.289128,4.274103
25.637234,17.219439,11.876523,70.444901,20.883776,16.699829
8.834408,6.167891,3.731344,1.856188,-0.128976,9.073397
7.233248,5.284253,3.380969,13.606146,3.574421,2.459946
6.065870,4.421144,3.800954,17.034388,4.186981,4.928997
12.299062,8.482172,4.793992,43.386196,11.001407,3.271919
24.040653,15.837257,14.493343,60.099083,16.496105,22.794266
10.885671,8.063281,8.013069,55.972126,14.136178,7.703157
46.848698,23.505798,54.019547,310.101013,76.321060,116.719460
23.937271,16.605984,10.595400,43.666222,12.570354,15.035811
15.519675,10.708861,2.918378,10.495842,3.636194,8.878196
19.032448,12.805697,8.207738,52.548233,13.672750,3.840254
16.936064,11.290533,19.160635,111.622002,27.817081,26.222828
6.071745,4.416240,7.158349,26.749933,6.986185,9.336979
34.547054,23.041576,39.677921,193.547318,51.411415,161.577682
13.076633,8.775135,4.564322,45.473106,11.001181,7.582182
12.371218,8.703809,4.001085,17.417530,2.954865,1.671632
15.206482,10.965862,8.232654,24.143944,6.477473,11.280316
13.478180,9.379807,12.455342,61.010578,15.055990,26.779085
13.472640,9.385641,5.287754,16.248638,3.063785,10.140504
17.429207,12.242603,12.437681,161.972183,42.482357,40.268078
12.869664,9.016182,6.461694,83.445572,25.423117,8.570458
12.471946,6.850133,3.638447,48.295113,13.408129,8.025570
11.673152,6.738666,3.247119,67.063728,15.505359,3.646486
11.478453,7.891800,9.270158,8.002818,0.873078,4.076530
10.926250,7.578797,4.262269,19.615498,4.834871,4.664177
50.525177,31.244225,23.482174,171.417786,41.403645,36.522011
5.761132,3.816755,2.142280,6.172902,1.625048,2.639633
52.406036,33.161938,16.315067,114.874016,30.274670,40.865799
9.096889,6.618619,3.844724,19.706480,5.985263,17.666002
7.885792,5.572175,3.098656,18.373665,4.860370,1.566824
17.253904,11.856997,8.158131,57.795303,14.912535,8.893409
6.776011,4.465017,2.718135,15.995303,3.427011,2.020353
16.811323,11.784838,6.931775,31.397652,8.482895,3.799809
26.900959,17.654669,14.011791,52.580513,13.991941,17.356979
28.552254,18.478170,10.242097,66.151939,17.420515,11.174072
8.812914,5.886609,3.676887,14.820127,3.778604,2.070545
23.416485,15.887197,9.205470,46.141651,10.787477,23.503622
16.421804,11.136258,5.008534,56.685349,13.479735,14.845443
14.964428,10.483700,5.224361,10.606232,2.468749,3.388373
46.709484,26.286537,43.183315,208.862625,49.605331,145.052231
11.184274,7.795767,3.881311,27.221586,7.801659,31.084459
16.914278,11.355126,6.990190,49.930496,13.282219,12.307124
26.699379,17.974720,7.892443,57.709419,15.067826,18.268942
17.849995,12.423389,9.557982,6.074492,1.344545,42.439346
4.405637,3.248596,2.132593,12.806583,3.164730,2.301045
7.386122,5.274396,1.531716,25.039186,5.557357,10.976598
19.402229,13.954370,8.372512,12.626077,3.278075,10.886591
25.197899,16.685398,7.383666,68.918449,15.776968,4.705727
8.196883,5.765646,2.531923,9.685583,3.452760,10.985499
30.122816,17.219759,14.322985,79.723961,20.127831,77.476341
11.531408,8.049492,3.448175,28.338179,6.750679,4.195363
26.206821,17.729733,15.767164,99.594032,24.239054,38.209782
14.324398,10.346458,5.324338,4.167994,0.418970,0.841300
9.281872,6.732169,3.129186,23.520048,4.630618,3.859483
12.243844,8.614351,6.393563,37.325886,10.720069,9.293147
7.179247,4.744523,3.305452,1.869543,0.873833,0.535159
27.061260,18.666744,10.689121,52.785324,13.262341,11.976409
9.844217,6.979218,3.572626,23.590252,5.902302,13.585328
47.854889,29.271427,19.348625,205.892731,52.153759,64.346764
40.359226,25.624928,15.957473,120.885727,30.383173,54.046398
8.727942,6.483505,3.507965,22.169512,5.993950,2.651732
6.412050,4.763164,4.790869,10.175233,2.415571,-0.170932
24.814363,14.509305,10.213764,43.601692,11.765024,9.665026
17.914978,11.427608,8.702324,68.727081,15.584421,8.606637
5.538532,3.694516,2.645823,8.152495,1.627037,5.127311
21.462584,14.483824,7.633841,3.802449,1.269231,0.924494
23.439077,16.171944,8.508893,34.580822,8.381880,4.291729
6.594575,4.472069,6.141824,26.502895,5.739565,3.341299
23.405731,16.424562,7.298148,13.652952,2.023565,11.255230
8.989496,6.378453,4.080793,1.907541,0.197154,2.402484
7.841839,5.413077,8.150753,46.639732,12.622239,12.553473
13.300248,9.220737,18.177748,105.069359,33.185776,119.848785
10.359822,7.028461,4.289615,0.939694,0.493592,-1.015687
26.952421,18.277628,10.555967,67.287933,16.122538,16.352688
8.414925,6.011916,3.095285,25.771505,6.185659,3.217804
10.062675,7.187556,2.973366,19.126225,5.277640,6.936122
26.593225,17.512648,27.704014,90.592903,21.934601,36.563789
8.388180,5.461582,12.896306,16.882046,3.431447,12.887336
25.752586,17.830435,10.566021,58.157162,14.092996,11.889211
35.128811,23.094250,20.170645,55.015648,11.779188,11.685686
4.430624,3.204133,2.342855,16.430780,4.967763,22.496426
25.917871,17.496181,12.207345,91.979782,23.915688,82.293999
16.951662,11.999798,6.785527,34.418404,9.053988,6.736580
16.646414,11.910274,5.295540,28.283175,6.204647,10.505436
31.180382,20.357868,8.081646,48.811832,12.404028,29.735725
16.518589,11.528421,3.530640,10.244170,3.306218,9.748868
6.658599,4.965564,2.803808,21.680574,4.290516,2.416409
27.214067,18.158348,14.994379,67.449852,17.465963,14.872281
12.330564,8.347078,3.715876,39.892525,8.912165,20.999792
47.299084,29.709881,16.330894,121.563454,31.429373,60.943237
38.381214,25.080204,11.076613,41.459026,11.178199,19.020632
23.924238,16.016317,20.437277,86.373390,21.682886,118.537300
33.350231,21.736425,11.638244,45.400841,10.813016,6.734444
8.840481,6.135783,2.603739,3.290578,0.485659,2.555910
39.103958,18.061642,12.648973,78.132820,22.422440,23.436617
30.898415,20.548307,18.874243,85.157486,22.381649,29.390877
10.278383,7.475545,3.889472,0.735539,0.752682,2.307915
9.797873,6.910634,6.423433,62.390255,14.622213,8.713930
26.909315,18.256422,9.036530,29.421881,8.529696,25.197802
5.333113,4.148415,7.395913,52.112766,17.135090,49.144772
14.571779,9.799379,5.739272,29.721724,7.301477,2.160368
7.395232,5.434039,3.273482,33.562328,8.266907,22.207541
9.764575,6.614442,4.290929,13.820927,4.075892,4.031032
12.429341,8.842752,15.316324,72.657562,18.470982,25.966391
14.703195,9.886973,13.436121,39.493687,11.445389,35.430180
42.556507,25.794001,23.496557,118.934990,28.674873,53.588421
43.188496,28.045938,14.609626,100.083138,24.334211,15.080399
13.821320,9.368631,5.133579,43.048168,10.982176,9.234035
19.155748,12.847932,17.026937,73.872971,17.526190,12.093330
21.534632,14.573376,7.509062,53.573322,11.316347,3.826758
15.401661,10.362860,6.400606,33.820946,7.788070,6.624326
24.961287,17.041353,9.939426,70.443474,16.635912,26.826361
50.582001,25.327789,16.983040,57.733822,14.416553,5.610792
7.801243,5.404962,3.521017,16.453896,4.238789,4.910439
32.562431,21.707369,14.557990,65.419243,16.549959,10.503139
11.680928,7.965158,2.439026,16.475859,2.446560,8.765763
64.481049,31.895939,56.612991,417.826874,113.045288,171.120041
19.178602,12.895901,6.977793,48.033619,12.269103,18.648087
11.318399,7.775970,5.023020,16.298437,3.888568,4.224310
32.104897,21.064550,21.998398,203.904404,51.089741,32.969273
4.581150,3.238768,2.228105,15.041321,4.506481,1.657662
8.323613,6.019020,4.795834,13.899090,3.553802,2.016386
16.829840,11.202907,12.856557,25.772503,6.895846,118.170425
43.088802,24.263044,19.784103,138.097443,34.031605,21.519318
12.271587,8.957753,5.953881,4.695482,1.575236,4.411551
13.874655,9.783989,6.266768,4.427327,0.791293,2.810782
6.850893,4.507297,2.786163,19.670170,5.053202,11.579714
6.902105,4.828483,3.160055,20.861395,3.268771,2.411998
13.005282,9.293003,3.973670,34.923031,8.757799,1.380963
7.746750,5.600196,3.629285,3.699793,0.628679,2.530741
19.009428,13.545210,7.462613,38.449535,10.303323,6.300091
38.859398,20.661467,94.725319,487.443512,123.562561,136.358856
6.495476,4.591708,5.062870,41.966217,11.123239,19.358715
14.053369,9.628897,3.961400,14.864289,3.550127,9.407334
64.497597,28.285831,32.365341,145.233612,43.090816,107.312706
62.368801,28.169107,33.741138,165.077072,45.740993,101.437088
32.307274,18.017672,19.899843,161.649170,44.167389,47.804905
20.610270,8.014912,15.322274,136.600220,29.278141,18.164970
14.924047,10.194483,8.247716,31.986036,7.014621,13.928861
29.553358,19.886980,9.469893,50.034962,10.707199,10.464809
9.556823,7.168775,3.424716,14.341526,2.838620,4.652172
11.369716,7.978152,4.502148,19.880630,4.268449,1.913022
13.280025,7.637507,4.836506,35.912354,8.623776,7.462842
8.914927,4.861198,5.041740,14.919436,2.294462,7.157379
8.074115,5.633288,3.974519,43.707050,11.048678,13.583179
39.231361,18.171272,20.759190,107.846138,27.431648,101.881783
37.434151,18.019852,20.535280,114.222755,28.324875,98.529533
20.657047,14.334274,8.201628,27.936043,6.881601,12.056002
7.355951,5.339779,3.421505,14.175988,3.456655,1.399741
8.721307,6.034242,3.771136,18.836317,4.937266,2.772180
10.247989,6.899124,4.678091,25.957006,6.007952,20.751034
26.086031,17.611135,28.535572,94.357719,23.366978,116.061020
6.066591,4.384342,2.192255,13.362755,3.689959,3.922671
8.821996,6.263432,3.160879,33.302643,9.358994,6.274209
9.087945,6.256446,5.263395,20.962776,5.956230,5.774500
20.826265,14.460576,6.226005,45.850483,12.002019,8.477747
31.744570,19.264118,12.695698,28.747944,7.534763,11.326009
19.487505,13.265358,7.196192,48.590378,13.783422,11.550359
18.220583,12.136393,7.936544,20.307320,4.924628,44.361717
4.928306,3.657176,2.876708,5.213018,0.313415,1.171669
18.292568,11.925913,14.802478,117.117043,32.629230,54.105991
58.408302,27.116901,68.711937,381.441315,105.920189,286.623352
20.828949,14.877868,6.929134,22.503157,4.811316,11.596726
13.754631,9.727621,11.063810,67.191032,17.290726,9.173080
18.163563,12.759961,6.977544,51.642395,13.400141,5.822635
6.258881,4.582952,2.939027,21.941292,5.191370,3.128309
12.221100,8.411771,5.434487,18.210371,4.308615,6.576119
24.515135,16.852682,11.755842,28.200645,6.989105,8.665241
8.303628,6.124939,3.194801,13.731457,4.273733,2.324382
8.390873,6.061163,3.338748,2.657887,0.398605,0.015583
8.906252,6.386473,2.767184,20.862707,4.102122,8.154752
25.488924,15.741216,21.014585,170.537750,49.374966,45.115231
14.734945,10.738705,5.309165,4.773962,0.296224,0.751355
5.499029,3.752134,3.187203,9.192492,2.139570,1.672065
6.834795,4.664206,2.894769,22.866112,6.169723,4.110403
7.326268,4.920316,4.440951,31.600143,6.841737,16.650461
13.014913,9.163288,4.705225,29.130606,8.306039,10.540806
24.073530,16.217413,9.110305,18.414091,5.053764,55.619904
7.986307,5.713670,3.052607,35.072670,9.349642,4.146504
12.647186,9.066807,5.917915,44.726868,10.999995,2.986485
8.808475,5.922283,3.742994,12.844504,4.191798,4.661276
67.412979,34.410526,58.915161,282.083466,74.932640,333.151917
5.098277,3.916140,2.590180,0.730469,0.876134,3.908416
11.391622,8.338350,4.125946,21.037193,5.729228,2.051041
39.486912,24.492212,23.402542,230.806503,64.451736,152.712189
27.044415,17.972399,10.240225,28.294462,7.353581,12.439100
7.837365,5.651810,2.669763,33.948364,9.531320,5.377201
5.928056,4.646759,2.706226,12.075202,3.260469,1.160858
46.989918,30.045376,17.693012,89.181366,21.580414,18.865036
18.784557,12.616893,7.152092,50.030811,11.946329,6.690510
49.978371,29.109735,24.844509,173.151276,41.899982,37.114647
8.993932,6.714401,4.140168,30.463648,7.601141,4.631587
22.477835,15.240411,8.380019,20.240335,5.147879,4.391059
18.190105,12.906559,7.542659,26.238232,8.740541,6.422533
19.560497,13.351645,10.045751,10.344007,2.272763,7.913008
9.595431,6.820253,3.590899,31.816889,7.785486,36.935497
9.975325,6.984904,4.078016,44.124371,10.931224,7.972909
34.328892,22.240910,12.022484,83.381104,21.952538,30.303318
10.581087,6.976460,3.309643,26.881342,6.139695,6.781394
16.129436,11.062412,8.719582,56.697601,16.732271,78.295097
4.906299,3.504361,2.884126,16.761772,4.044675,2.890916
15.203740,10.604389,5.481415,32.314236,8.786355,18.216650
12.902435,9.274531,6.391875,4.663232,0.508532,4.560239
6.394690,4.434053,2.941976,12.077665,3.520683,6.919362
13.476466,9.743770,5.040401,23.465818,5.356858,12.762696
32.481155,21.479752,14.144105,107.017967,27.724194,42.510719
14.325759,10.344754,3.354695,15.150836,5.088694,4.991786
5.949112,4.181964,2.856863,2.310657,0.551573,0.207653
21.112200,14.693841,7.977752,6.684504,0.868509,4.054969
9.807755,6.433616,4.098046,25.442591,5.552325,5.428174
14.395900,10.368041,5.072561,22.236979,4.333049,4.045841
15.603726,10.436682,5.305048,34.889793,8.385241,23.503586
26.336605,17.734852,10.076756,40.933331,11.343780,11.568993
22.403643,15.148688,13.335963,9.888940,3.349577,62.958279
26.705053,18.154860,9.267932,9.947630,1.892204,3.129588
18.470507,12.799404,7.087447,26.033436,5.902381,6.487352
39.957195,24.814404,24.015760,107.031052,24.158607,31.068565
29.136164,18.919802,12.295109,43.260265,9.251803,24.975250
12.531377,8.753109,5.599317,19.796900,3.976746,8.940957
18.176235,12.482841,7.577611,12.079183,3.785659,8.469123
25.903654,17.032890,8.110267,31.673174,6.612385,12.032902
33.641167,21.999754,19.205204,70.584641,18.339241,58.513115
22.919876,15.833553,5.663362,48.793339,13.288460,13.631467
25.587652,17.458006,10.730947,59.410297,14.680602,10.332960
11.690167,8.497335,5.327856,23.015228,6.200421,12.806911
34.007923,21.289795,16.946920,60.585636,13.747253,18.469660
20.962574,14.149868,20.574886,84.497551,21.650505,16.567989
6.417397,4.327110,2.656853,18.934580,3.532895,2.319987
20.859392,14.501348,7.993201,6.488829,1.128751,8.770272
6.922181,4.941141,1.489756,24.576048,7.596066,21.734489
9.651857,6.856972,2.948298,15.227156,3.231389,1.362660
19.210123,13.424420,9.751994,25.707186,6.732881,8.283031
10.210903,7.164904,5.107551,6.181165,1.812226,19.278856
8.784672,6.271826,3.773395,4.282515,0.222625,0.605881
16.563692,11.327047,5.917170,27.953241,7.996835,21.889027
25.181007,17.137255,8.472815,16.802380,4.061413,3.633709
12.845957,9.232508,4.283029,46.906544,10.964935,2.950337
8.139903,5.405343,2.981824,27.170839,8.053767,1.406249
23.750792,16.688629,9.658589,59.008190,16.886938,20.004522
8.090895,5.735017,2.086350,12.631467,2.872392,6.116837
14.132275,9.968977,4.320209,4.804240,0.721953,4.256195
35.045025,22.760593,21.347464,51.119720,10.113803,19.847883
14.033233,10.245230,5.758971,4.612002,0.361033,5.387944
6.015536,4.264182,2.785559,14.652620,4.442686,11.782104
14.798506,9.912309,10.027018,56.189716,14.942767,79.760521
8.740924,6.103100,3.049186,19.879290,4.136277,1.855899
11.243214,7.879291,4.573424,14.474125,3.695521,0.781205
15.531768,10.730036,5.157983,9.450128,1.975467,7.047476
8.570994,5.976219,3.091574,23.671848,6.664825,3.718269
12.979516,8.982813,7.489308,10.272038,2.498546,17.545910
5.645717,3.817652,2.438702,1.618464,0.381775,3.662580
9.207877,6.631902,3.512906,55.440636,13.335049,13.078592
22.638021,13.669075,12.115075,16.365028,3.619413,15.497461
9.115600,6.227452,5.286624,3.357787,0.728665,0.069069
14.224896,9.520481,3.617769,23.559492,5.855271,31.350672
11.993375,8.285423,14.151528,102.289238,25.015026,27.950531
44.995655,28.472904,26.629976,281.692505,76.031487,21.019180
9.032413,6.400872,2.519663,18.558418,5.046825,20.084095
6.655230,4.481155,5.239223,52.178959,15.325681,47.216156
6.258988,4.220115,3.447991,15.542015,3.635267,1.588512
29.024311,19.353249,14.061974,54.839455,15.025750,10.559748
61.604340,31.405479,27.761580,285.000397,77.574715,111.846809
34.297379,16.635532,17.076212,183.961304,49.245319,92.170685
22.307316,14.845418,13.844217,68.125519,16.955778,31.345181
9.334438,6.732622,3.203377,23.714809,6.318127,15.720690
30.677622,16.978403,8.857314,47.070671,13.135308,14.447926
17.502205,6.350904,6.409239,63.369831,15.475642,10.710397
11.545996,7.808464,3.823375,55.010754,15.739421,31.235102
7.844978,5.806108,5.565912,74.875351,20.936157,68.242561
8.057657,5.439872,3.297482,11.189299,3.641736,9.281354
7.071894,4.960010,9.277111,94.744034,24.985901,27.665730
12.220301,8.700585,3.588043,27.478655,6.132923,5.039107
15.472389,10.323925,15.435352,93.061920,24.843538,35.145203
29.420151,19.540361,9.890661,121.704216,29.383202,22.018642
9.472538,6.666361,9.677691,57.121506,13.937535,8.610728
20.019188,13.411771,6.021859,156.909073,42.926033,13.056869
14.111450,9.720667,5.810333,7.407879,1.133178,7.014654
14.899635,9.982282,7.290914,41.040981,9.487967,18.404095
8.608829,6.097988,3.948060,1.757614,0.184459,1.087565
29.111237,19.782511,25.154860,89.440720,25.179453,40.477596
8.932467,6.560482,2.609279,13.112153,4.046972,5.472849
23.760290,16.359732,11.528492,62.801094,16.177361,14.274844
22.517612,15.499661,15.468554,102.424149,24.894529,30.061819
19.492949,13.450527,4.590562,20.633789,6.981706,13.552487
24.690712,17.199705,11.933656,92.555595,23.045198,14.084646
5.857833,4.134110,5.855937,59.054932,15.404949,6.434659
19.269102,12.772100,8.498204,51.660275,11.228191,6.802748
9.093453,6.550760,4.531466,10.266943,2.701884,1.738824
17.272657,12.266235,3.328252,49.101849,16.164593,87.156273
15.520981,10.397694,6.023582,38.330353,10.824121,29.072824
35.295872,21.855968,56.342419,380.577057,104.104095,262.687714
21.841734,15.235664,8.254722,32.442131,7.440434,23.531620
38.879314,20.722509,11.772207,116.487976,33.548439,56.529583
17.550600,12.340079,7.017499,52.354221,14.673038,6.284092
14.710568,10.214098,6.763063,12.650382,3.357638,4.730722
13.867452,9.639305,3.451228,53.173771,13.834899,24.482037
25.930676,17.771629,12.044291,33.644081,8.186149,8.815906
11.914704,8.127058,4.142716,23.601665,5.827760,3.700176
11.312713,8.352744,4.014544,25.695786,5.926690,22.211102
19.533199,13.380657,4.746663,22.973577,6.102360,8.690276
40.320919,24.571075,17.676115,172.936829,40.552639,22.569565
17.728456,12.495747,7.498733,9.366185,1.963502,5.058976
6.657731,4.742451,1.505625,6.515324,1.290159,5.943861
16.006758,11.226327,4.422473,36.870842,8.491480,16.918535
15.385908,11.129153,3.835130,69.185196,20.971474,10.905581
37.158989,24.042078,23.509315,121.533173,31.312208,48.063671
26.351406,17.651920,11.642090,48.648354,13.089063,80.859276
33.420479,22.743765,15.788467,14.924632,2.162530,10.157150
19.471413,13.516828,7.039953,37.812782,7.960552,5.594754
16.901999,11.299432,5.285198,39.030914,8.293534,22.933359
37.743221,15.355577,13.895363,92.092049,23.677511,18.327253
38.008991,16.793201,16.406792,118.438240,25.734972,15.694343
15.741548,10.634735,4.724857,47.504028,11.445374,4.074297
15.784010,11.046179,4.939813,17.126060,4.654537,3.591881
42.627384,19.787155,78.811348,556.356506,159.884247,441.848511
8.331136,5.974736,2.136921,21.538025,5.889946,25.529160
27.524107,18.005402,24.790869,76.995087,24.946548,213.861664
34.610390,21.887136,53.104542,348.195374,96.885231,138.071487
51.150330,32.319859,32.148746,146.557327,33.462627,35.107220
24.384300,15.480045,44.396217,154.162064,39.745281,42.296211
28.177288,18.904009,9.224735,33.171700,6.977036,4.915276
27.204416,18.597027,8.548127,13.507355,1.627340,9.213938
47.172352,19.472397,17.403900,112.922577,29.266228,31.411764
27.138517,19.158413,14.574016,87.850166,22.488152,11.711817
6.179963,4.398492,1.963415,1.783801,0.332933,0.185394
5.359079,3.698769,4.127442,14.754360,4.297894,7.878532
13.856086,9.595284,4.746524,16.472853,3.048229,8.149697
7.425341,5.030742,5.345123,5.038907,0.776748,1.168811
69.785416,33.928654,43.882992,189.589417,48.742195,51.326988
5.567082,3.872629,1.419233,9.861588,1.339241,5.901513
12.701877,8.826825,4.030771,54.963490,14.474155,1.920600
17.355547,11.342246,12.152567,79.722992,19.656944,28.818594
26.007305,16.792906,16.678471,12.861005,3.745307,41.994423
13.830777,9.321932,7.834906,9.111778,1.292398,1.641905
29.815298,19.371696,17.276731,89.443459,22.762402,50.244389
14.152076,9.745916,4.258015,15.307096,3.443318,5.077969
22.462494,15.300886,15.910007,152.844101,44.555077,72.326241
8.729666,6.328418,5.891704,13.914925,3.165131,1.936423
13.850517,10.105936,4.918751,22.709736,4.974429,4.217987
28.715021,19.860687,20.913355,98.285385,27.505358,47.387577
13.729596,9.337092,5.631082,58.096603,15.160068,8.189203
9.022029,6.327419,3.539364,45.804703,11.049052,3.212415
37.922230,24.879118,14.050790,30.646162,8.768281,74.113304
27.912256,18.637999,9.528947,32.734093,8.910676,4.750677
15.633802,10.878642,8.929483,44.635822,12.043481,19.945971
51.247784,31.800941,17.053091,215.748154,57.831940,26.269388
11.300128,8.192689,5.757319,23.672098,5.482654,4.956782
18.844858,13.051548,9.447348,27.324736,6.280102,9.540888
11.784638,8.495234,6.423581,53.448521,11.781940,11.212041
8.721183,6.161222,3.699904,14.178997,4.039394,33.137642
20.846937,14.727899,6.704449,21.785776,5.285015,6.106934
22.241716,15.579035,7.592473,27.158644,7.198005,11.372839
12.029822,8.498392,6.006700,8.081111,2.788908,2.988457
16.185637,10.828764,4.392651,33.045742,9.734859,15.977338
28.490135,18.420925,41.845127,156.514282,42.867672,106.972160
4.700757,3.668691,2.957603,10.965904,2.324672,6.003869
12.776864,9.210685,5.782195,74.862534,19.537222,47.454399
12.614274,8.794821,5.709720,22.500633,5.579720,4.513482
7.944293,5.499264,6.022839,24.957386,6.011496,12.781319
22.216162,15.819292,7.667701,4.837729,1.228033,4.268635
22.253231,14.822661,18.996441,140.971603,38.157486,14.745174
10.033280,7.177263,5.295306,12.809239,3.304980,1.896246
22.439089,15.273679,11.583528,61.516663,14.956883,8.912620
7.927756,5.495239,3.482361,21.035957,4.733644,1.493900
10.869439,7.604865,3.962059,41.671829,11.136241,5.414541
15.113851,10.158358,5.651804,36.654690,9.071911,9.982943
5.764992,4.246026,1.703635,7.498491,1.802958,3.987689
30.231417,20.755804,11.121115,62.975868,18.402842,42.738689
6.252024,4.574893,6.109075,41.839901,9.987899,3.690930
36.794453,24.713337,12.973303,96.054237,25.772667,13.639267
29.792767,19.521465,8.556138,33.267864,7.997164,10.651360
23.754078,16.091879,8.864346,40.370232,9.844681,8.780077
25.710728,17.461651,10.997739,48.031555,11.619717,11.089751
16.394131,11.628316,16.280832,74.697983,19.645803,69.137787
21.090075,14.325538,6.900834,54.121437,16.757280,77.940147
27.536497,18.547327,11.338087,50.982227,12.660056,76.768845
10.144025,7.399623,3.771080,26.906816,8.943073,3.361167
4.873570,3.375120,2.583334,15.811909,4.206323,2.556527
52.402966,26.304991,89.605598,366.709595,94.232971,143.005630
10.214181,7.197630,3.780333,20.085533,4.864613,2.496535
27.319132,19.249798,8.749428,82.346123,26.600979,64.079620
10.670381,7.502795,4.972665,9.348311,1.690907,4.619104
19.080772,13.280546,5.260985,34.371201,9.418282,16.496820
23.036068,15.721904,9.015737,27.503668,7.919475,9.600419
34.057785,18.470251,17.752525,121.037262,30.467981,38.040741
19.241507,13.249736,5.193357,60.745842,17.213835,12.258562
14.498797,8.081457,9.101254,75.517822,17.327089,26.872833
16.085968,9.463319,5.941590,66.651566,16.813637,36.688904
19.669147,13.204614,12.875097,77.163040,20.814501,52.848579
27.106253,18.797375,18.743687,136.439926,37.034676,20.845392
15.490348,10.790421,4.589029,28.026255,7.621260,15.147903
19.998167,13.958713,12.638650,20.856003,5.601998,12.206902
23.983461,16.450968,9.467955,22.925720,5.454517,6.753774
6.167844,4.192969,4.569113,16.725727,3.707641,5.795629
41.797466,19.911345,15.288210,132.559784,31.100815,10.574351
41.197121,19.948429,15.514954,140.857590,31.885878,9.241463
21.328312,14.390019,19.062168,77.879051,21.101505,87.005508
19.868357,13.980743,8.520062,9.598769,1.616174,10.418226
17.370079,12.024111,6.048905,21.382530,7.078391,9.020340
31.526186,21.028442,15.857564,115.310204,32.500881,135.386597
26.833115,16.964212,13.571224,154.792969,42.274746,27.331551
57.365398,35.825577,25.880707,135.816727,33.563339,37.676296
32.349277,21.733248,9.949178,43.114998,9.850785,9.628399
24.021204,15.723541,16.325153,119.093925,32.184555,35.751881
24.111935,16.002630,9.592289,72.010925,19.229177,40.503872
18.953419,13.016884,5.786069,45.360115,11.611732,15.002397
18.910675,13.359517,19.071960,101.670784,26.528305,112.272682
25.417130,17.412409,5.257180,27.487160,5.683150,4.138003
37.256226,24.101892,9.686014,34.618839,7.480976,14.279843
17.518784,12.331125,6.164713,36.929089,10.408387,6.127259
32.478287,21.829033,12.367239,55.783916,16.106190,52.261055
31.214207,15.096375,11.377982,38.308338,9.872691,8.632678
30.631111,15.067743,11.311179,36.292084,9.055685,10.864531
20.532415,13.900484,9.304941,53.180454,12.823767,11.496119
8.521395,6.248381,3.681510,39.181923,10.635679,5.393735
27.169853,18.495825,7.941776,56.428085,13.396919,14.040447
58.996185,33.038498,32.360584,48.115570,8.755206,22.569399
51.724617,30.523354,32.024532,200.137512,53.106087,66.802345
13.863399,9.265895,4.176052,32.136532,8.775255,7.624067
34.365540,22.794485,14.033440,110.168243,30.205750,51.277672
14.058544,9.608497,15.469732,22.836914,2.312842,1.785156
4.896425,3.274396,1.995053,7.727439,2.566481,5.395792
12.245049,8.624445,4.471205,9.778118,3.733829,3.596367
22.428444,14.934134,4.028538,59.248741,14.739853,17.142334
24.481293,17.395967,8.201356,27.302227,6.825883,8.588099
34.561970,22.916485,10.414317,51.318897,11.062041,11.278700
33.439350,20.861109,23.251575,121.923859,38.042019,177.767319
29.581570,20.431013,10.577739,41.759476,13.113714,20.647406
50.637901,31.122635,34.842308,288.266449,78.749565,132.721344
11.615387,8.396452,3.988175,21.477682,5.290663,5.092048
16.167370,10.851118,8.305316,7.660351,1.386370,1.837331
27.155447,18.393400,8.954974,103.668884,28.232506,12.822913
22.123583,14.653928,6.382697,48.523476,14.617177,86.743515
22.354134,14.976411,6.396945,56.181458,14.140656,50.537212
30.468346,20.704628,24.420433,86.759529,24.967531,16.848833
9.729258,6.480749,2.261330,14.705568,4.420798,9.811164
9.726179,6.603330,2.147786,19.279997,4.052009,13.831552
9.144961,6.379138,2.520924,43.293640,11.079509,6.581051
5.968500,4.486396,1.662751,17.569973,6.054308,16.090322
30.173018,19.482838,11.712329,37.335869,10.766191,45.344330
20.336847,13.993058,10.734000,73.868729,16.813280,12.136794
8.551737,5.988225,6.457168,72.188843,19.516554,54.346054
19.105278,13.427588,8.700656,9.587387,2.256412,5.088889
11.799291,8.352852,3.551955,29.535633,8.788748,4.250296
37.775097,26.138947,19.742912,133.984116,34.060818,27.426893
13.588675,9.072840,5.862873,5.154454,1.152262,6.315586
14.025522,9.848488,5.531932,31.847473,8.136827,10.999640
7.032937,4.798525,2.028191,20.966778,5.552631,17.362673
5.859727,4.189391,3.051797,5.775674,1.818698,1.436222
20.532410,14.674047,7.106890,27.356936,6.093622,3.559662
7.935334,5.518257,3.031090,30.827826,8.161612,5.488793
11.243596,8.116850,8.305148,5.814167,0.985440,4.570809
20.112640,14.438484,6.015726,31.776897,8.164595,4.044921
23.690411,16.016544,13.810614,75.717361,20.085598,11.530754
26.650366,18.003069,7.008257,52.259323,14.720283,61.643391
10.764015,7.758347,4.548134,4.916437,1.201542,3.967349
54.614819,33.566013,16.235432,140.846436,33.652172,42.330349
14.507586,10.227409,5.327443,36.208191,10.080708,6.536491
7.891271,5.445338,4.960177,15.874702,3.703483,18.033737
26.068291,18.064144,8.872787,41.069702,9.301675,4.959922
12.481052,8.772800,3.207277,49.527138,13.407904,6.268660
7.301158,4.987792,2.339175,25.895769,6.752159,4.232341
5.501740,3.828176,2.267900,2.156535,0.833849,2.245179
34.838039,23.205219,21.768909,25.744076,5.805967,19.393534
6.152656,4.211504,2.706646,26.289383,8.089677,2.808977
29.642290,19.526537,16.092325,117.559921,29.825798,14.504786
15.910553,11.153749,4.908795,17.940271,5.804526,5.993837
31.394657,21.137762,8.701218,83.411720,20.447147,10.757991
32.072933,22.220343,10.606536,102.102966,26.788382,33.290943
29.351488,19.540154,8.624218,58.726620,13.714855,68.377396
6.116243,4.021310,2.657008,1.591870,0.697463,-0.031642
7.291436,5.386833,2.985782,29.818890,8.272017,2.435906
13.284591,6.222215,6.147461,3.692639,0.988488,3.412452
18.638918,12.247984,6.784039,32.885471,7.335376,6.388771
14.534259,9.934933,5.739167,15.408503,3.461708,14.784950
17.973886,12.886365,6.435220,14.288660,4.105250,10.368506
6.346783,4.467288,5.743235,29.569971,8.030595,3.312466
38.319225,23.010056,26.452953,264.229004,70.272881,161.832596
9.038690,6.585460,4.179522,75.870453,20.598587,6.801875
30.569744,19.816658,10.606741,55.665264,13.633080,15.958207
24.324610,16.539574,6.909531,50.529026,13.352204,64.624748
26.688446,18.049610,11.090948,86.911636,21.766975,12.584829
29.738144,19.720037,9.361447,47.258217,9.752657,14.664977
11.882172,8.163389,3.448272,54.524826,15.152697,3.983053
10.582158,7.568130,4.096106,24.350843,5.503497,14.068217
30.565931,19.915483,20.187202,94.261269,21.406279,51.484207
24.071487,16.667128,28.030504,139.454346,39.178894,104.429955
26.618422,18.522625,13.115215,13.740560,4.417803,12.887373
26.365902,17.835821,7.652767,96.632774,28.644091,63.266731
11.553595,8.447586,3.950533,45.577507,10.970767,4.642807
15.864322,11.133935,5.850458,4.208098,0.619727,0.304668
13.172126,8.947788,5.246727,17.423273,4.473550,2.422569
6.193676,4.390062,2.844102,22.767866,5.551793,2.621753
23.605579,15.515972,21.912849,128.795914,33.374908,67.898491
20.518675,13.930407,21.306499,98.694893,28.004732,41.139046
30.387070,19.726482,10.235735,42.162441,10.357800,29.625122
19.188007,11.111363,6.432978,59.998646,17.910267,13.740934
16.463797,8.687171,5.247553,50.676975,10.418602,8.436328
47.917908,28.190897,33.366398,225.093170,58.429638,220.525604
10.994635,7.735756,3.941767,12.849854,4.869789,5.321792
8.755508,6.273262,3.821782,13.470672,2.760260,2.775223
15.611370,11.314507,5.183055,4.570268,1.293608,1.094868
17.241333,12.041916,6.444035,23.271814,5.660646,40.934174
19.734465,13.621511,6.896797,70.113228,20.484749,8.098817
4.811317,3.468881,2.438015,-0.226120,-0.413815,0.128524
17.406658,12.051641,8.364343,28.401947,5.557276,6.205229
11.917108,8.327666,4.199795,14.817564,3.611919,7.436231
36.296131,20.703247,30.720730,150.807129,36.992790,30.180346
20.849592,13.878864,7.194926,54.348076,15.057998,66.435616
52.737942,33.276283,17.832010,66.110550,15.180590,18.039400
11.497957,8.051316,3.260633,22.731874,6.392990,7.156978
13.322054,9.302193,5.809240,10.464504,2.764033,17.631594
33.245926,20.802322,28.615767,91.476898,21.753635,31.297758
7.797910,5.579296,6.542135,57.454487,15.588289,7.518367
6.234411,4.736574,2.702691,19.400080,5.074813,5.929508
9.072136,6.595253,2.846372,27.241646,7.581446,4.712618
5.355757,3.865848,1.468447,5.824786,1.202126,3.587561
6.850145,4.774059,2.378612,18.134619,5.196373,14.448624
14.687272,9.835821,4.631689,38.673870,9.827733,16.739788
19.133165,12.889368,8.673480,43.543098,13.461540,51.978958
19.944592,13.420675,11.247873,50.707943,10.789136,8.539150
30.077131,15.284335,9.579552,28.047300,6.460676,12.024339
20.807384,8.186625,7.536471,28.065395,6.303021,7.182745
8.388731,5.740236,3.980193,22.591602,4.831371,4.089699
12.056391,8.262395,4.721626,20.238892,5.797203,16.940619
7.932872,5.934096,4.784050,40.378315,9.676807,5.113425
23.511173,15.970189,10.045012,65.379677,17.147394,15.051207
19.772776,13.891320,11.805235,72.880409,19.389065,18.470198
13.449366,9.788518,15.534377,64.848244,16.779146,26.319618
6.357512,4.350166,4.752532,21.404942,4.453331,2.574169
5.237188,3.927233,1.420686,9.267596,2.132219,4.042573
18.702105,13.123243,5.160033,45.362450,10.280513,2.864333
5.856479,4.037583,1.529710,8.189483,2.140968,5.149977
14.385228,10.301319,5.393475,5.495756,1.762471,1.496966
22.209637,15.124896,12.877461,79.287903,21.677729,20.143175
17.699732,12.450759,5.685395,35.308056,8.499969,11.094049
6.554892,4.601228,2.557335,13.824319,4.013566,2.754097
5.852362,4.046486,3.688145,23.448586,6.293160,12.333811
17.635551,11.831946,24.654913,114.627747,30.023039,61.873135
15.725589,10.699169,5.921200,6.469472,0.176697,5.352621
28.708323,19.563091,22.336252,76.387955,19.354427,18.550570
32.125599,21.803604,12.436073,46.099716,11.735933,79.378242
43.913425,27.754583,15.565150,77.049484,17.763645,20.787680
24.050705,16.419333,8.136908,47.996742,12.044350,24.718552
9.366181,6.763845,3.800779,31.204699,7.829234,21.006218
8.999085,6.302129,5.890855,26.502441,6.935984,2.577345
17.185205,11.838756,5.460598,49.652683,14.491161,7.304592
20.448164,14.072060,5.288304,49.883129,10.966245,6.549903
12.995430,8.886672,5.120347,62.647453,18.029795,15.975788
8.395920,6.251133,8.448886,35.467972,8.789845,8.114456
10.090770,7.313844,4.412314,2.790126,0.545338,-0.183524
75.303665,43.180981,56.917931,192.036880,48.321636,39.575836
6.593298,4.759939,3.343423,20.578396,6.144699,15.663315
5.610957,3.716550,4.809512,48.285179,11.456637,8.226276
28.352142,19.157427,6.072126,41.629162,10.987958,10.311594
35.586937,23.532631,26.738625,211.269135,55.381199,34.960888
20.121845,13.546890,14.265145,32.766342,7.375644,18.292812
10.639485,7.571717,4.619936,15.352836,3.822636,4.438690
23.263578,16.621141,14.394074,60.187737,14.631167,10.503366
31.818413,21.640110,9.922037,39.846222,9.535053,8.196728
17.138897,11.721612,3.796981,38.818787,8.842225,28.717682
27.758011,16.293867,41.437996,191.947250,51.229275,232.217484
12.934402,8.139863,6.651029,43.847717,11.262568,12.417622
7.027711,4.979727,3.125769,2.073793,0.096243,0.651512
35.649227,23.469921,19.655861,83.321770,20.534725,97.125755
14.298211,9.808436,5.510840,25.365612,7.624384,4.269050
29.830498,19.805353,10.355137,41.143257,12.484831,38.467587
18.440491,12.698514,18.256895,144.755356,34.512505,24.872387
19.297739,13.223103,5.307354,37.707047,7.968545,10.068656
3.936607,3.043975,1.242820,13.205047,3.797666,11.455564
32.474369,21.112328,14.078766,71.455238,18.923212,43.669262
15.317346,10.340043,3.547024,35.209427,7.220181,7.660758
31.514946,20.601677,20.632347,144.438293,37.057613,102.965157
6.709711,4.833480,3.520670,33.090580,7.857515,6.551415
22.143156,15.009441,16.110481,97.182983,23.904833,16.130037
21.704475,14.201860,27.530485,152.085480,33.142391,32.571487
11.830215,8.053683,4.619036,30.826929,7.695272,29.293577
17.772139,11.786037,7.177910,31.243780,7.399182,7.053075
18.674973,12.747263,6.417511,35.468979,8.745028,14.152810
26.526903,17.874802,10.385697,40.250187,9.805390,6.564888
11.490829,8.247065,4.089012,33.133102,9.723688,3.783843
16.031782,10.815058,15.317530,141.478607,35.194080,24.046915
12.255535,8.492430,5.414873,6.896640,0.417748,2.280554
33.368546,22.259939,10.059905,41.331284,9.424587,7.593719
54.338886,26.110443,50.746208,319.406189,81.410393,50.253929
14.989265,10.016098,12.006393,62.359364,15.130805,28.566040
54.309757,28.964067,48.350845,202.058701,55.278900,240.183411
11.327574,7.401238,3.556746,32.018986,7.180407,17.550755
45.307304,24.826944,52.657135,345.817322,96.630775,113.349304
11.124401,7.785237,4.058765,11.042140,3.171740,3.874316
16.373795,11.713170,6.293020,27.209246,5.804306,10.567016
9.289619,6.214990,4.059062,64.716438,20.069586,15.202945
10.940194,7.503654,4.251108,38.600227,12.138678,6.581056
23.034830,16.015596,8.600607,39.382339,10.202614,7.667549
14.379574,9.759356,5.111993,41.159832,7.843059,6.667254
11.243166,7.777213,5.546606,26.643204,6.034239,6.558908
11.427032,8.079521,3.853431,30.844568,8.511722,2.183661
21.703781,14.519126,7.338076,58.295990,15.676037,63.035213
29.622692,19.377241,12.288883,64.884247,16.333801,23.605110
28.229223,19.213659,10.380286,64.435043,15.938468,30.325214
8.132045,5.910162,3.974235,21.271357,5.107254,17.931658
9.454290,6.326074,3.933857,17.997147,3.146466,3.818039
35.682735,22.975479,13.226301,52.651062,13.949765,11.723509
8.337528,5.881905,5.856752,36.616348,8.821502,6.903635
17.459887,12.055461,7.623950,26.118530,6.874035,26.021505
16.604303,11.166052,4.847901,20.525599,5.229205,7.829271
31.255316,21.552055,9.647585,69.984756,18.420946,10.260770
22.758286,15.320215,9.025609,23.571474,6.195563,24.750097
30.418936,20.448446,13.195155,34.105324,10.303873,70.322815
13.062067,9.404578,4.171441,22.252640,5.340053,13.664648
29.453423,16.769789,12.326048,62.229877,17.490032,27.251270
32.171017,17.564665,14.212371,100.570740,23.774240,27.878788
6.336733,4.693496,2.761554,-0.610963,-0.101518,-0.216643
9.905677,6.900046,4.564409,19.313082,6.829484,6.198142
13.234054,9.509250,5.002675,4.282791,1.119950,1.349970
6.706830,4.670582,2.512673,2.207402,0.637992,2.484074
18.956755,13.311852,15.112819,78.298744,21.718794,111.016609
30.958326,19.972567,14.220614,83.184479,19.813118,59.808796
13.281262,9.101007,14.043147,99.984459,27.216635,81.546852
28.592749,19.707352,10.808168,44.647945,11.478790,7.665655
26.305698,17.650719,9.919560,48.069138,12.135067,20.991776
42.089275,26.496670,21.006960,167.689804,44.596867,30.274778
24.451908,16.050045,9.604054,118.104897,30.172403,26.458858
24.695343,16.416422,8.090389,48.310421,11.235811,6.528701
19.646502,13.169365,11.025555,48.473431,10.413038,11.030579
13.796839,9.478968,12.307486,120.791245,29.252251,23.711464
38.591026,23.270849,31.034937,305.105682,80.288002,181.918381
14.597096,9.977345,5.455624,23.567087,6.227566,26.538628
25.640295,17.060587,8.183117,29.467108,7.580767,9.108538
12.092088,8.333766,3.949348,37.268856,10.424091,34.879780
10.446334,7.114152,5.230391,12.251623,3.338828,18.490978
17.800077,11.940827,6.919371,17.094467,3.415385,9.867872
5.609597,4.057261,2.961379,3.687398,0.074690,0.843400
13.676640,9.425071,4.051736,54.756355,13.417399,7.025889
18.552155,13.116156,9.486596,35.109718,9.359354,17.290253
6.111614,4.466992,2.006406,22.021290,4.493123,2.903942
10.861862,7.886880,5.245365,32.238110,8.032149,2.229426
53.629364,33.558601,20.102755,96.695877,21.538788,25.870546
12.604309,8.561393,4.651764,24.368530,6.150871,4.063936
21.324928,13.811498,43.610764,222.299820,63.147396,233.523392
19.207926,13.180826,8.996345,33.085438,6.471532,8.825477
8.177427,5.842663,3.345881,42.206001,13.012002,4.189107
27.886858,18.483696,7.437303,22.368324,3.696522,7.084980
27.293758,19.019730,10.532224,47.774834,14.458624,59.877106
32.522915,22.000845,18.249376,92.327415,25.963717,43.219952
18.400797,12.398804,6.837298,10.917246,1.623876,3.299978
27.354422,18.853340,12.204901,71.810020,17.463428,14.373533
31.480829,21.156126,10.734569,130.690872,36.074638,15.222778
51.452713,30.133398,16.688799,108.603928,27.976122,52.403145
11.656629,7.997060,4.101049,89.278175,22.940735,17.487068
18.934378,12.697407,6.251757,26.090260,6.343239,20.389837
10.441369,7.233935,4.477762,2.830990,0.954726,1.420156
14.786959,10.087958,6.440126,5.124729,1.858932,4.268029
13.899194,9.426762,5.477694,1.357950,0.834345,1.014105
8.186545,5.887622,3.410414,32.362923,7.813768,9.561908
4.166975,3.153625,3.604102,29.570238,7.455516,3.780762
15.581670,10.353719,25.799715,108.417572,28.238913,11.195829
13.895961,9.529363,3.623823,15.756150,3.842238,6.031904
9.152869,6.288260,3.514850,21.004440,4.727656,19.935209
41.085777,27.707380,16.096525,124.781540,31.046480,15.078849
34.351124,22.805378,10.884765,38.747475,7.686265,6.794371
29.116800,18.773167,24.783333,164.668030,42.854797,37.068172
4.434218,3.265465,2.407415,20.522413,4.652650,12.223693
5.972576,4.401645,1.526242,11.204180,1.856730,6.208640
19.230495,7.503369,7.165522,47.750572,13.357519,10.851535
18.602081,7.451721,7.544199,54.794113,13.940148,9.595922
10.247192,7.167949,4.063846,30.069771,6.851002,3.624860
30.496574,20.060350,16.545910,84.910553,20.276798,55.599342
30.986012,21.506163,11.806809,101.694618,25.622009,37.386166
36.691666,24.164568,12.602835,76.440475,17.714748,10.364651
6.859548,4.913319,4.117588,17.831951,3.944005,3.405795
22.483578,15.259624,6.928671,29.929398,6.780611,22.988632
11.281316,7.937359,4.473709,33.975433,9.196082,2.834631
10.505960,7.230812,3.983768,22.261286,4.408572,6.614974
10.250504,6.877803,4.082320,4.246847,0.453910,0.315861
12.363812,9.001234,4.718174,26.711800,6.998401,8.521849
32.864986,21.893917,11.178051,79.293259,19.839001,38.061337
16.089409,11.006796,20.637428,185.210236,51.816383,151.849503
76.751114,45.023376,77.310349,474.485016,123.711731,327.489258
36.607113,24.121878,12.398059,58.519707,15.114195,9.491098
8.139502,5.955146,5.508520,37.262062,10.573494,14.805464
44.831253,26.237310,31.127718,473.403137,129.410553,317.703705
31.644966,19.167467,20.634741,99.082802,26.809259,210.933075
17.756062,12.086849,6.064171,17.118753,3.630744,11.335931
14.621797,10.222560,5.553742,38.495731,10.693197,3.463617
12.938406,8.866083,8.307984,42.001957,11.191580,12.491261
17.129360,12.079878,5.855858,42.200169,11.043058,7.611147
9.152128,6.301075,2.850080,18.377512,3.679752,55.288074
39.396488,25.734964,22.210400,80.087341,21.204069,68.250641
10.995295,7.511471,5.483499,10.918081,3.145869,2.709254
18.683773,13.420332,4.615601,17.586123,4.972540,6.728784
15.025390,10.582947,10.799359,65.189468,15.653079,9.531196
11.278236,8.027519,4.453049,24.946144,5.473066,5.733994
22.346378,15.028703,6.418805,38.505016,10.268931,13.596474
8.039788,5.815407,3.229205,19.420969,4.421087,3.926478
16.871349,11.987740,5.533857,27.972910,6.150384,5.728243
7.565158,5.256727,3.849687,3.573636,0.293160,3.248332
47.472794,30.060617,65.617523,507.088074,140.954636,456.219391
13.612313,9.494847,7.213647,59.266853,16.592747,24.447739
11.615371,8.267724,3.904103,27.974651,8.220165,3.821917
13.884436,9.952741,4.525381,5.634109,0.911869,0.402681
24.762854,16.822084,8.078856,52.410454,12.508174,9.691608
10.777873,7.716141,5.338871,16.150478,4.496457,22.187019
12.766094,8.591841,2.641219,28.214296,5.879172,10.462768
61.768047,33.849831,41.581989,328.990326,87.349731,291.602203
28.143305,18.933245,9.068835,45.635365,10.968328,8.128789
38.044155,25.702124,22.933271,102.246445,23.214993,15.780896
7.089475,5.356023,4.953388,6.955428,0.621880,0.501819
27.601568,18.726097,8.300570,33.851509,9.357316,8.407200
18.628965,12.100514,6.937465,26.484602,6.466005,5.775707
17.502453,11.858170,5.700806,62.119728,15.087666,7.316147
14.215449,9.944817,8.989263,6.374013,1.888531,8.769022
6.452853,4.566351,2.247001,3.420661,0.842107,13.871029
39.916737,25.094172,15.316046,65.870972,16.307482,27.839005
18.224440,12.602512,10.452037,6.401941,1.223765,6.688800
29.364975,19.516802,14.290467,36.227562,9.589574,10.196347
62.978081,36.454708,50.057568,206.565460,55.226784,87.933014
44.589981,24.732742,28.968016,226.811508,48.542480,51.081631
15.034100,10.789074,6.984897,60.854847,17.987806,8.413447
12.576064,8.533154,9.770522,11.729897,2.236263,6.995186
10.951763,7.512515,2.124026,19.408802,3.637616,11.016992
34.805386,22.461815,22.880514,88.809441,23.861532,17.175610
18.259947,12.716536,7.125783,108.163940,27.313757,9.080476
9.910175,6.827842,5.508062,26.107149,5.851128,16.974630
20.028603,13.798388,8.315353,61.199020,16.661629,49.478329
13.107712,9.290834,5.090987,18.132616,5.352682,2.329251
15.835725,11.130606,7.376545,23.032478,4.756964,4.991859
8.151542,5.533235,3.528523,12.304724,2.566182,5.596450
22.021473,15.211638,7.772613,36.238827,9.599932,32.005222
34.214279,21.788624,8.672330,54.356300,12.660325,22.707861
16.736708,8.470726,5.791657,44.696892,11.115425,7.649405
51.684078,30.840170,24.315645,98.117981,25.545088,38.940624
13.133511,9.192196,4.055286,21.620024,5.328613,2.840827
37.025223,22.702673,90.845619,574.324585,155.220566,181.061172
27.639574,18.720083,9.248675,47.385517,12.554757,14.231194
38.952759,26.325041,11.766535,103.367294,28.445026,132.728806
14.420634,9.798238,8.041215,44.076885,11.330839,15.328738
22.241291,12.366311,14.803535,64.856453,18.678865,21.256468
29.453880,19.578856,10.438813,81.426193,20.861040,20.351267
30.218832,20.417374,9.575981,65.331688,16.705282,7.630314
27.713966,18.992599,9.010377,48.641922,11.625628,16.721416
41.717358,26.436985,25.760843,119.114922,35.598511,205.504425
13.004144,9.267069,5.237302,23.798347,6.677167,6.045075
5.168017,3.368274,2.404775,14.668365,4.031356,1.569282
35.386063,22.946423,16.373827,70.967171,17.939875,24.794674
11.140192,7.985199,3.362918,41.482277,10.174002,20.946161
10.764474,7.161366,4.000122,13.695563,4.300185,3.911412
30.119432,20.403231,15.034560,96.978310,26.245653,58.192993
23.303049,15.433134,10.920360,100.184746,24.994562,19.242706
16.312439,11.409554,11.221653,53.452839,13.978368,12.496952
31.337664,19.399080,31.079636,94.894592,23.100197,64.488892
50.944885,31.308662,24.634567,143.469925,39.226830,31.333342
61.257759,31.405930,29.899525,188.702927,46.996445,34.283081
29.031610,18.893894,11.032764,28.203146,7.089758,15.187689
25.555511,17.013330,7.300043,30.578049,8.282187,13.421176
11.832133,8.397805,4.049115,24.313583,6.096949,4.977831
21.078754,14.473323,6.920230,5.780598,0.957465,1.253183
18.298470,12.539769,8.190693,65.619064,18.436804,71.126801
7.667502,5.331982,3.925097,15.771359,3.804149,4.843318
13.355907,9.585176,5.381428,47.958645,12.542104,6.631750
19.958914,11.861235,8.503337,39.607731,9.469054,17.313177
39.686573,25.613810,28.788586,191.085464,52.459538,61.727570
8.298305,5.410065,3.379162,13.754313,3.444056,17.140553
36.053085,24.303940,12.470730,16.983744,3.593933,9.026636
28.749098,19.489090,13.791562,88.012451,24.397018,28.078922
12.682721,8.992018,14.389179,96.657425,24.882336,20.566000
14.134045,9.893964,4.889317,44.388836,11.523837,39.189701
38.239288,14.064169,40.526924,214.358002,56.240929,44.081123
9.615799,7.076421,7.725376,70.735039,17.824690,13.817901
5.953237,4.071531,3.449715,51.100334,14.598106,9.014993
15.686415,10.543440,5.972659,2.466797,0.529537,-0.070804
33.387230,22.510767,11.579219,47.887585,12.348624,4.583510
13.839451,9.666542,5.776300,12.546492,3.138166,5.274180
34.440228,22.042454,18.025963,54.194962,13.098619,30.207710
59.961048,36.537769,23.235386,78.493172,16.817671,22.107668
6.796768,4.729883,2.679208,-0.488392,0.159872,0.820179
22.259581,14.779873,7.715545,83.044655,20.080036,12.289817
25.671909,15.662836,20.106007,136.257462,41.812233,98.467705
28.570751,15.648848,23.393133,193.714813,52.470226,108.421074
9.185458,6.595209,3.890946,33.994598,8.694401,7.345325
6.015687,4.045568,1.455675,17.783485,4.572965,20.089024
12.621821,8.851397,4.138272,29.431931,7.122016,6.634335
5.028950,3.312742,3.837664,10.076026,2.239913,22.516790
26.314152,18.097445,13.059254,113.333153,29.269272,21.502493
87.643852,36.052681,66.144585,309.147614,73.259171,84.339317
7.171728,4.902261,1.990665,6.998138,1.280677,4.312101
42.298782,24.449484,34.979565,235.303680,64.258957,210.793213
25.697826,15.329787,47.757683,240.250854,70.359001,313.707184
17.219200,12.027493,8.053702,79.982529,22.869883,14.127617
32.811798,21.941690,8.425093,64.362877,15.650265,8.895345
5.877858,4.520764,3.117118,5.979807,1.866032,0.757395
6.884470,4.935909,3.921199,21.026279,4.923863,3.301564
48.617191,19.241106,34.452080,271.956329,75.500565,98.019104
47.682507,19.948820,33.990147,293.906616,72.562210,104.010529
16.242382,8.816557,6.049214,93.878815,24.287184,31.093939
13.563832,9.624777,6.940731,45.519730,11.838646,14.323353
24.999056,16.815495,6.861059,38.728027,10.192526,6.327052
22.275900,14.976657,11.135140,67.909103,14.635756,29.933285
13.699360,9.491088,3.831860,82.705643,19.915573,4.669801
19.015671,12.756148,5.738381,40.801186,11.384829,7.809203
18.151398,12.598160,3.138991,9.506648,3.080994,6.366527
8.903412,6.381928,4.657061,23.712687,5.962013,4.614622
9.546559,6.424583,3.967005,40.971607,11.432627,14.299565
8.302444,5.874793,4.698513,20.431660,4.507484,2.908036
27.622972,19.073797,11.201782,50.625229,13.716301,17.162487
5.889900,4.038786,3.622610,24.609673,9.472381,16.716412
18.354729,12.445192,5.275805,52.619526,17.008730,19.151089
25.467037,17.486460,14.887150,74.308739,18.389875,8.925791
6.722840,4.760638,1.954981,14.053699,3.738221,11.758651
21.466475,14.753181,9.094301,58.953438,14.480721,6.839891
23.233177,15.760242,12.757657,68.548004,18.098034,38.044559
21.536940,14.302419,13.289443,28.597399,5.687986,11.827420
17.781477,11.789276,10.482668,69.794235,17.199903,33.541283
10.144428,7.060543,4.424043,4.024099,0.398669,1.349115
8.445818,5.976488,3.609093,31.524416,8.063005,3.126358
30.012671,20.209459,11.523234,80.856323,21.948359,40.131618
23.182571,15.741358,7.189998,10.963390,1.675390,17.686390
34.353050,20.979637,51.857693,236.941330,58.618755,167.538635
11.181396,7.808888,3.222099,29.226425,9.018275,7.207092
21.540020,14.732880,18.858150,102.458984,26.346506,7.619832
26.786255,17.961309,8.812119,41.514370,10.251006,7.596210
5.978741,4.643507,5.284474,41.693771,11.733975,26.343592
22.402609,15.379340,10.962975,65.064835,15.090478,11.402314
20.167076,13.350989,18.672316,71.168365,18.174500,17.514433
25.184105,17.155071,6.883215,72.349754,17.243456,19.179590
14.856155,10.528243,5.221065,3.508734,1.181422,12.732854
5.064985,3.463157,2.616920,32.175117,7.316041,1.556854
46.312550,27.983116,18.668516,78.747765,19.040148,16.146008
27.517946,14.208091,13.649610,64.597168,14.291729,11.211372
17.973946,12.691406,5.435897,71.997856,19.150921,6.157035
19.200573,8.675559,11.418426,67.219963,16.734470,13.287574
16.298660,6.842258,9.869618,66.810539,15.562786,9.967833
34.031628,22.908892,15.930971,76.283348,21.188398,45.656708
18.633749,12.520134,11.691685,56.719643,14.882823,21.562410
7.645581,5.577713,12.993213,112.513321,29.497053,16.070021
24.427523,16.236261,8.642952,69.897942,17.496662,11.964838
11.124585,7.986887,4.037848,23.282681,5.029511,2.888412
8.268956,5.917847,3.993269,21.921099,4.845410,5.286920
16.408115,11.647716,5.398265,33.150364,7.735518,5.206850
18.570610,12.515482,5.066225,46.487385,11.152499,4.682207
19.598116,13.950059,7.389390,15.930459,3.027203,1.824027
19.117117,13.481618,7.982793,9.557974,2.181174,8.546091
6.649333,4.750404,2.813542,35.623344,8.944003,2.718716
23.354939,16.081501,8.028612,41.722267,11.661538,11.481216
18.478704,12.758605,4.825658,61.036694,14.384650,14.423706
9.378923,6.493039,3.579967,47.091663,12.639133,7.598316
12.644471,8.497673,3.817244,50.964527,11.805845,3.414594
34.733536,23.435686,14.064474,76.236542,17.332813,7.095424
9.026873,6.400794,2.030670,23.965494,5.509474,18.318823
41.752224,18.998947,28.433451,71.884712,15.861962,20.334454
8.561208,6.191693,5.739007,42.097675,9.492465,8.099781
9.109803,6.277361,4.552760,17.844093,4.172340,2.730746
29.939056,20.767622,12.453756,33.703747,8.322571,25.714552
25.716640,17.338139,9.299172,39.187206,9.982652,7.222632
16.271009,11.377299,4.182847,24.153255,4.321885,2.847240
16.775726,12.101204,4.966063,4.323617,0.925876,4.254108
23.888111,16.218821,7.779631,81.927055,20.998861,12.018408
5.524959,3.850584,2.609376,1.183378,-0.216648,0.399290
6.074378,4.346247,1.339119,7.574127,1.873479,7.748653
23.728981,15.774673,19.417402,149.870453,38.431110,100.043648
15.140709,10.880271,6.210743,43.108795,10.216011,2.619602
42.301453,23.164160,23.164532,164.582611,41.172729,99.287407
9.570042,6.647381,4.205585,10.344976,2.713758,3.766197
12.863771,9.087994,5.394339,16.371368,3.776749,2.307543
28.727598,15.985107,25.600775,129.863373,31.071056,50.637539
53.472939,30.291916,34.645260,288.390472,71.594780,53.592018
9.164685,5.288208,4.632789,40.616833,7.861235,3.300871
6.231497,4.498699,2.364402,0.082137,0.708223,1.434471
85.418373,29.882433,54.756634,272.223328,73.802139,131.993317
76.681824,38.691025,45.910709,207.497971,47.810406,116.406380
19.913227,13.294272,12.281259,99.269287,22.934963,30.795427
36.135242,23.897497,25.098244,184.339584,50.767467,116.568565
26.656387,17.994978,11.135198,76.035706,19.631994,14.892283
30.595432,20.413479,10.694631,44.766521,12.696127,51.481178
24.141428,16.414194,6.162851,63.751595,17.388269,11.341509
14.731779,10.327384,7.979988,6.224103,0.889357,1.944242
9.328147,6.798833,4.333746,13.376048,2.634079,5.316161
26.291416,18.203075,9.165593,47.126305,11.510565,10.107535
12.028357,8.200568,4.964084,45.549465,11.843147,13.348047
28.432253,18.975933,14.186237,85.660965,18.231169,15.843835
16.062330,11.291981,5.440740,84.469009,20.946888,10.231981
8.330255,5.923530,1.371383,9.621272,3.278080,7.073076
23.181957,15.535898,13.933563,157.649567,39.762089,59.889725
34.427273,16.038994,12.707730,50.514015,14.952488,22.590294
34.110386,13.565036,14.294652,77.845558,18.606171,26.518476
9.817382,6.998274,4.310724,21.664761,4.937181,3.571500
7.759906,5.407051,3.694173,3.728734,0.497264,0.292084
23.479242,16.477877,7.303378,21.217590,4.877691,5.516189
14.134507,10.064954,7.314379,69.682152,19.296238,52.071922
12.704667,9.148272,4.584360,22.141256,5.348496,3.258518
8.067137,5.684777,3.059883,28.034710,7.656823,1.994508
23.940029,16.491415,6.435282,34.881203,9.076883,48.499279
42.391430,23.025480,28.503651,231.767212,61.620678,166.641953
11.872995,8.690968,6.206933,86.930260,23.537090,13.648386
20.031406,13.856542,13.802373,74.854927,19.042149,10.821385
13.181490,9.417900,6.633271,15.992671,5.755077,5.521521
23.028978,15.935918,7.662359,40.707733,10.237865,4.067774
18.561674,13.130048,6.143296,97.711037,24.601807,13.002434
8.942044,6.455794,3.898309,2.867491,0.662328,3.239786
5.472888,4.090817,3.208424,22.820688,4.880781,2.983165
19.578920,13.530334,7.042041,46.315742,10.938177,6.403379
26.378042,18.514620,12.321424,88.447098,21.614311,13.228856
13.797560,9.536817,3.856657,19.405298,3.546496,6.328565
8.580650,5.986831,4.678588,31.511873,7.731370,13.122322
43.145412,27.992487,13.658852,63.841248,18.821678,20.605087
28.076782,19.012924,26.491047,134.799347,38.066841,99.105446
19.830580,13.608157,6.101365,43.527672,10.269273,6.337389
27.437551,18.934767,11.432413,87.698387,23.020746,20.843143
22.282450,15.819028,12.442711,85.006462,22.376413,14.777263
22.074234,15.514785,7.607171,22.183367,4.995976,34.782291
20.140265,13.620739,13.486742,110.285309,28.453676,55.434803
30.681829,19.287846,37.340366,163.100632,45.346859,252.854370
15.157406,11.176597,5.527304,18.634115,5.543599,5.502783
28.532698,18.407406,24.589388,143.386276,36.287815,78.041115
24.866024,17.268475,7.039265,78.749039,19.622438,10.405626
31.490131,16.180334,17.501528,77.163605,17.404829,18.432423
22.000263,14.538542,20.920216,60.991882,12.597807,11.430831
39.472706,18.720329,40.642044,70.386856,18.208946,150.601868
7.978090,5.809331,2.612232,19.597567,5.175924,12.521757
18.779169,12.677068,8.313519,20.886957,3.877168,4.569667
11.063843,8.057378,4.674208,41.115166,12.610503,4.414645
15.171899,11.162071,7.166543,41.834183,13.139334,5.614958
17.657412,11.845829,6.331050,27.218138,7.413602,16.603376
14.709820,9.764790,10.115875,49.565643,12.090429,26.797541
41.776020,24.193542,37.095161,332.886871,84.295494,69.258003
24.565899,12.737668,17.452324,27.201214,13.637741,125.529007
34.339138,19.407873,53.806641,306.058289,82.652031,289.600861
6.577574,4.523741,1.774792,8.718358,1.908236,5.814849
8.844588,6.412606,3.293696,21.458776,6.183578,2.042755
17.399332,11.903008,6.193226,58.331436,13.623449,22.196808
11.184669,7.897515,4.765694,49.522850,12.576751,4.409432
25.824928,17.541142,11.646086,76.479507,17.435329,13.810885
23.458948,16.021519,15.184729,39.735294,7.250350,20.228304
24.377661,16.664167,13.119757,56.440430,14.284604,17.044619
17.174053,11.861172,7.149793,5.273729,0.554068,1.432523
31.728170,21.642628,11.629523,138.124725,33.965591,11.898844
4.227721,3.176413,2.141934,2.933976,0.337606,0.124729
25.835361,17.611000,9.405199,82.532166,20.912954,10.180493
32.075768,19.459810,31.030792,171.454498,41.647392,55.701252
25.541298,16.447044,15.654623,80.003494,17.215981,22.526148
21.881811,15.146091,6.398138,66.787743,16.706251,8.073655
89.241737,51.036427,67.185883,373.102173,92.939743,61.456093
12.514761,8.610081,11.321940,51.865814,13.449040,14.151988
25.622795,17.679852,8.687518,74.470177,18.398800,11.972842
34.743237,23.027241,15.503929,35.876644,9.099218,10.688499
8.779597,6.251657,4.264692,39.443832,9.689651,2.404056
34.268360,22.767653,12.578768,74.391479,19.634069,63.414970
8.298241,5.973046,2.613342,27.836662,7.743914,1.958573
12.301836,9.142793,3.857947,12.290113,3.503485,3.323679
19.028482,7.508780,6.840522,67.330017,21.474174,72.957130
27.514017,17.651062,14.885931,91.731201,25.053688,141.204453
27.702299,17.905319,16.367067,80.084412,21.759501,63.151352
11.257231,7.817362,3.912786,15.715383,4.492072,3.455914
16.527267,10.867702,8.523566,75.345200,19.060865,13.502201
42.114227,26.385202,15.242661,81.651062,20.644526,33.038517
34.832409,23.147133,10.274760,85.963051,25.529867,47.439445
10.568401,7.293082,2.498826,32.690128,8.710829,19.789339
27.365450,18.315166,40.202820,128.884201,35.020947,116.146202
44.668671,27.474096,34.605270,153.272293,40.896217,60.456944
12.041009,8.360604,6.524770,14.255257,4.294779,23.586468
16.436056,11.131098,5.449414,66.562248,17.332912,5.498438
23.775291,16.520153,7.727192,52.301243,12.663137,8.745687
62.036751,35.843754,55.586460,465.286194,121.853043,129.496262
6.402024,4.929575,2.760916,20.251471,4.765053,2.976253
29.120823,19.143847,11.844041,13.857056,3.165859,8.965092
14.842517,10.659918,3.914859,51.668911,11.635778,32.142803
26.659332,18.283108,8.583172,38.934990,9.578609,14.472610
40.146957,25.373022,16.424620,76.893822,17.758188,28.881500
7.321017,5.192875,3.041870,31.005878,8.320467,2.522329
11.070460,7.967607,4.639531,10.138399,2.109028,2.148493
11.394117,7.980356,3.976364,32.127060,9.001278,5.241087
25.130569,15.939668,25.770262,158.102539,40.435253,23.751667
23.104055,15.610116,7.562187,48.248665,12.147268,3.765728
39.579258,25.676804,57.920601,362.610321,101.737709,374.240509
7.367512,5.499705,3.012149,22.900860,4.535648,10.503392
23.804108,15.088413,19.950336,74.859322,17.910513,32.537727
22.529287,14.902469,14.949816,67.589165,18.162575,21.787094
7.528599,5.609661,3.058189,26.039083,8.710716,1.790044
7.926037,5.817880,3.011923,24.654791,7.316865,10.857926
23.665228,16.348032,11.575902,36.379044,5.842916,4.571638
4.196116,3.102647,2.197093,11.868925,2.280328,6.094765
20.139524,13.844274,6.815723,40.790520,10.469005,49.176476
24.474443,17.106731,7.165130,39.163101,10.499577,49.246323
30.123102,19.997665,9.546189,23.336481,5.490445,3.701959
12.038305,8.116977,7.674485,27.564381,6.131225,37.373055
6.648873,4.710410,4.209256,28.191111,8.171544,13.207829
36.328300,22.678263,28.916451,177.095291,47.727688,104.804375
14.982780,10.623793,5.325840,18.600863,4.095158,3.095531
13.081965,8.813801,6.742145,43.125637,10.432854,4.307774
16.475071,10.121240,9.315121,70.849258,19.320116,9.129032
9.586859,3.617035,5.187110,49.566673,11.885538,4.040351
10.190069,7.224391,3.852297,38.297291,9.432539,6.142681
8.507232,6.153322,5.544535,51.082676,12.051395,31.463631
16.683088,10.990731,6.393789,43.890015,10.997846,15.904000
10.490284,7.372440,5.406654,11.298656,3.962752,2.458037
11.820971,8.123862,10.656981,31.215576,8.818491,7.499153
10.502475,7.357724,3.953054,11.128155,2.241497,1.535156
11.342810,7.761157,3.916381,12.898687,2.668320,3.382370
9.260714,6.317679,3.478059,18.772810,4.401060,2.440111
28.206745,19.255112,9.483384,33.003277,7.435896,8.586454
9.395367,6.644096,6.942613,52.712276,14.596955,4.042064
49.511929,31.895023,12.430351,81.223206,22.009205,12.317903
42.110859,26.934946,16.419706,60.367146,15.500630,16.122643
8.982635,6.299354,3.863980,9.522292,2.607716,3.969968
7.529136,5.631921,2.798048,41.842419,8.291779,1.961166
19.405050,12.880155,9.606831,96.322502,22.981503,55.139721
21.232315,14.395921,6.117292,49.272587,11.212268,15.888599
9.471459,6.438932,7.486335,72.453239,15.540979,18.174028
26.360306,18.369902,6.343596,88.448990,23.491758,132.017456
27.093536,18.878233,8.149061,58.001026,14.956814,30.114159
16.243446,11.253329,9.524286,61.575527,17.317987,15.117078
12.796998,8.684342,5.662099,10.079448,1.852758,3.656142
24.839525,16.906956,7.851845,82.531586,23.908207,9.991778
10.299744,7.174254,4.449787,40.076363,11.065662,4.474283
11.645134,8.226896,5.112653,51.044880,12.040832,5.882590
25.581556,16.981173,8.946849,75.621468,17.714214,6.492076
40.576450,25.879105,14.091239,52.164845,13.509813,8.724305
14.402133,9.968702,5.342624,46.672844,12.551114,6.962600
8.010654,5.566929,3.178087,17.613359,2.461802,7.007397
16.343044,11.009806,6.548437,22.712952,5.341278,5.184200
17.478748,12.068599,5.184495,19.151831,4.173944,5.420051
27.221088,18.528362,9.119067,26.464596,6.605750,7.367602
19.109451,13.218884,5.768082,40.942604,10.976289,8.795773
43.218437,28.275576,12.179054,72.291656,16.313524,31.576857
36.099751,23.398214,27.890814,172.528885,45.126682,157.426132
27.300589,18.615555,20.141951,80.469696,22.564999,81.160385
20.789515,14.196913,6.232965,57.897621,14.669482,10.483872
76.939713,46.807819,46.222153,262.608002,75.014793,205.517227
18.929213,9.964711,6.351675,84.934166,20.174740,22.432516
7.071910,4.685119,1.458845,19.379713,3.986312,9.682061
21.782040,14.924874,8.417746,18.327463,3.702435,2.477051
12.875071,8.909122,4.624163,10.734214,2.601662,4.678718
23.651518,15.952114,10.691782,90.647987,25.903652,13.158367
50.812096,29.151926,44.201527,219.307190,54.314144,47.422192
40.507561,25.374458,12.724380,57.500542,12.859754,22.984713
21.023609,12.854830,10.442884,39.676418,8.046455,5.273623
25.647379,17.642691,8.904027,74.506836,19.014791,9.549893
9.136061,6.551889,3.617954,34.538036,8.025712,3.037827
30.215534,20.225410,12.812580,85.363861,20.861465,38.684135
29.663525,19.368353,20.973104,137.222290,36.268013,82.413521
26.049395,17.313377,10.655248,68.809753,18.317513,8.402494
41.695042,20.203539,14.583705,108.528152,28.422747,36.213436
39.511883,20.338499,14.453153,108.940628,28.402113,32.594177
15.103571,10.792755,6.054153,20.594919,4.119241,5.107058
12.582764,8.521591,7.522599,16.588259,3.044630,2.190689
10.535343,7.080924,3.318344,57.139160,15.048466,4.962301
24.931133,17.109354,12.431959,71.140160,18.935064,33.194099
6.974105,4.830004,3.128951,13.924525,3.358592,1.257864
12.295407,8.502931,5.859161,11.568442,2.940506,2.948858
5.804779,4.247826,2.906592,41.656719,10.918460,3.863981
17.883047,12.186240,7.034690,35.859707,8.467547,6.706323
49.687542,31.858847,26.685804,55.263401,13.866862,52.498562
6.395163,4.785075,2.542855,14.281527,4.207314,18.886045
15.224538,10.950003,6.179208,30.880587,7.345448,11.454623
17.634640,12.120894,6.074261,51.627388,12.593936,10.684175
11.599396,7.633441,4.183818,33.503960,6.741583,2.680260
41.294250,18.705660,15.529930,40.700027,10.431107,15.178596
6.964077,4.878405,9.193659,19.269781,4.305838,2.238064
16.214727,10.883573,14.383294,102.257843,25.605797,66.430130
4.923924,3.425699,2.448104,21.561733,3.209703,2.051296
25.361004,17.091637,17.228096,118.798538,33.997524,87.639191
49.913803,29.678192,55.711517,249.038406,66.348465,105.012993
25.789209,17.607632,10.995357,48.083893,10.834273,10.798436
14.070575,9.470729,6.026199,63.024982,14.412599,15.294121
37.971500,24.532364,15.346952,64.100739,13.224707,21.491552
12.439892,8.981883,5.763391,51.160069,13.299889,38.262272
10.637989,6.937187,5.959784,59.111900,13.244649,22.328566
15.398618,10.606707,9.246852,9.364416,1.577925,3.242394
16.816933,12.066540,5.919288,28.996334,5.628206,7.369751
7.896464,5.464961,3.963753,1.914291,0.688637,8.647325
21.812140,15.288135,12.381452,105.201767,28.727926,102.041908
12.618665,8.813748,3.927916,40.199013,11.757109,29.816755
23.538208,16.118340,13.719850,77.816696,19.888105,7.749262
8.904385,6.320132,4.061340,23.292408,5.273979,28.574593
5.202447,3.784015,2.667133,1.698194,-0.190068,0.350942
5.488632,3.683259,2.527633,3.283811,0.170665,-0.149316
33.641273,19.869839,57.598415,270.256744,75.018822,209.266525
26.048849,13.694019,12.248637,30.788767,7.570480,36.021809
13.014674,9.435996,4.241261,16.743757,4.579018,3.241926
19.401125,12.962150,11.973215,85.459473,22.705767,29.132730
13.262605,9.103357,2.092903,19.724613,5.903886,15.304661
12.356250,9.217163,4.735400,20.731064,6.181114,20.910828
15.469151,11.190156,5.313097,14.641159,4.203177,6.379874
55.833435,32.186356,19.284393,107.751549,24.905275,25.605043
21.113876,14.148117,8.396535,58.679237,16.516247,38.932457
18.176842,12.997351,14.216612,11.199574,2.398148,8.534894
17.314674,11.998439,6.394086,11.577868,3.061017,2.306208
13.012290,9.267996,3.972684,58.929733,16.245176,32.364002
12.254347,8.780272,7.311970,32.665016,8.640695,11.894655
22.638235,15.616494,6.406833,35.648952,8.998957,4.875397
23.801394,15.536044,26.756952,136.213760,39.282158,124.317688
24.139326,16.317604,8.982840,26.311718,4.978509,5.221537
20.939390,14.370783,8.057091,29.357180,6.478137,6.321437
4.400367,3.102568,1.262547,8.061666,2.475593,8.021496
15.477101,10.658808,9.063884,42.294449,10.403244,2.455945
12.585423,9.292745,5.190629,9.776077,2.851109,13.814958
13.238085,9.262141,5.431364,38.723980,10.486769,14.785312
6.936563,5.058202,3.978592,1.762161,0.565750,1.145875
29.170418,19.610991,10.738290,68.581612,15.881683,10.213469
5.040986,3.471620,2.330535,1.827380,0.754385,2.075626
35.901199,23.511244,9.781953,97.925659,26.933617,27.437269
35.690136,22.303137,39.572857,23.973087,6.052998,92.610687
16.781361,11.337034,6.068545,4.007318,0.623882,0.225191
41.593815,22.877071,98.124344,464.629944,108.774284,70.195259
6.153264,4.469983,1.570491,10.803154,2.411851,7.762177
22.547777,14.924127,7.068896,75.863342,19.756987,8.071741
19.481264,13.169208,7.207604,56.177967,14.431024,8.025920
9.178342,6.223392,3.734088,30.091551,7.431875,5.767846
10.975026,7.639812,5.472571,7.101961,1.996976,3.542535
17.983725,12.274148,14.928959,122.894890,26.864677,11.165591
36.530853,23.155256,33.059677,114.962448,29.531548,37.308750
23.830414,16.429989,9.033326,55.725182,16.011030,108.555626
6.348509,4.508333,5.200178,4.632943,1.142380,4.243344
13.451437,9.195337,11.554465,138.222046,38.265476,124.596809
15.562796,10.786346,6.425704,10.404675,2.307919,2.411931
32.048981,19.282417,8.256560,59.443008,15.131846,23.429480
18.131454,6.616629,6.931643,35.183826,5.851728,6.398531
10.285637,7.406573,2.321274,15.977109,3.666957,2.255244
7.729492,3.778767,2.532285,28.944141,7.204916,14.403794
35.008144,22.926462,16.884686,69.566208,19.653366,113.493347
37.242138,23.775818,22.711000,179.646271,55.211521,358.379974
47.436195,28.631939,19.268724,92.889908,21.970306,20.902645
17.558683,12.000979,6.020558,34.824776,7.299500,2.716338
18.663092,12.795344,7.980086,27.587854,8.529065,68.448257
4.127359,3.074268,2.255846,28.371485,7.154736,0.762920
54.134644,33.689301,27.393404,89.340309,18.410761,14.111309
31.031542,20.478048,10.954417,65.108009,17.411087,44.209564
9.085236,6.443823,4.414255,14.671332,3.439294,4.484116
15.107506,10.514422,6.049311,24.696312,7.599573,9.911917
4.768660,3.469765,3.986379,4.356824,1.086835,2.542241
18.329590,12.541072,6.319963,34.101429,9.649813,79.631104
26.717415,17.731714,21.687513,104.112221,24.249403,19.867672
10.222392,7.237451,2.356208,8.882359,3.136451,2.371868
21.718050,14.733454,6.311008,19.262135,6.203282,17.921297
18.548717,12.916596,8.742583,93.378754,23.539848,12.501641
33.025028,19.201929,46.169182,286.893738,76.118553,123.274399
21.062658,14.631451,4.676411,70.568489,19.452087,17.377411
5.970309,4.137540,1.179302,7.891616,2.402864,5.868008
33.102852,22.247946,11.399592,36.877499,7.954688,18.724684
26.509930,17.909452,14.225911,144.778214,39.601006,16.447868
12.758961,8.633668,4.102139,30.330828,7.696535,7.813053
8.035940,5.653800,2.769475,15.748116,4.356588,4.272475
14.012528,8.970797,12.129038,54.973289,13.639660,20.372072
33.366444,22.607195,11.652992,72.272072,20.527822,87.049225
19.587881,13.704527,5.371795,23.942070,5.728014,3.421599
16.024380,10.730481,4.980524,43.119297,11.002283,24.428907
12.983529,9.210142,5.985720,10.020695,2.723455,4.675869
18.923946,12.846480,11.692208,73.261177,18.653074,72.879379
28.128414,18.321011,23.955917,188.853943,50.167603,37.217243
29.722063,18.942268,36.302132,133.702164,30.650030,67.869392
9.462580,6.310524,3.227676,6.933696,1.689744,4.706146
31.215309,20.360983,12.495790,78.101189,17.995731,23.364038
15.488786,10.407410,5.151520,39.264874,12.000872,5.738094
28.239609,18.744568,18.744801,176.284500,49.219879,135.632935
23.942944,15.464287,37.104855,193.061996,47.353294,25.572691
10.481544,7.540796,3.854552,12.231560,3.975244,23.123682
12.287979,8.367749,4.664177,5.428308,0.891886,3.935906
32.677776,21.784023,11.838080,99.827171,26.782368,33.865936
36.989059,23.947998,11.529123,47.652977,10.845625,11.457850
30.789692,20.057701,6.651213,42.348751,12.437078,38.242611
33.656330,21.838413,20.044073,123.569916,30.910883,15.708156
6.378119,4.391553,3.625552,11.589930,3.070047,6.647570
33.736786,22.046526,13.565571,87.523232,21.212765,13.834203
18.244278,12.262162,16.557037,55.486069,13.548553,13.494708
20.271856,14.062539,10.542734,7.948153,1.681644,3.208024
72.257820,36.669613,94.849228,343.722687,99.468567,228.879440
35.924900,23.807777,17.304035,60.530231,14.961154,8.657546
34.534565,18.241325,9.902590,51.098846,14.142147,32.848770
104.615776,56.059216,77.298584,446.840271,123.146828,101.688377
21.638641,14.376804,9.827821,63.544235,15.290161,13.876230
15.990562,10.774982,5.946568,4.311682,1.238717,1.729602
8.441562,5.917094,4.377942,36.749012,10.300182,34.878498
24.589401,16.307581,15.028054,55.543118,13.266968,20.575674
21.035460,14.447972,6.993169,27.349039,5.575102,3.620894
42.824501,24.240257,14.906010,94.504326,24.074291,12.308439
42.568829,23.437819,56.010925,266.896179,73.936493,219.224930
6.194753,4.568665,3.306578,18.821671,3.744525,10.541870
9.682220,7.192445,4.134983,12.170422,2.664855,11.494902
22.600973,15.930637,12.626005,131.108017,34.708073,10.417437
10.625737,7.130115,5.533937,28.031015,6.558383,5.451483
10.767653,7.309599,4.036520,2.883263,0.533935,0.878373
11.265729,8.310181,4.433910,2.847381,0.513152,1.713365
8.236095,5.604877,1.541652,16.902939,4.083347,9.190503
6.763331,4.955143,2.916488,11.290988,2.800108,2.911532
9.843475,6.718315,3.831301,2.906611,0.644607,7.647933
7.563612,5.250094,3.692221,3.637993,0.913812,2.796002
43.788433,28.206718,19.472353,84.714142,23.403599,17.497133
14.767959,9.841949,3.093480,29.254524,7.471249,7.673139
10.134229,7.181959,4.621400,37.790096,9.791775,2.529999
9.194778,6.320162,4.490141,11.499229,2.997574,3.815537
14.637926,9.987500,7.352488,17.472458,5.271423,21.327915
17.761400,12.708773,5.751863,16.339897,4.141048,57.163979
17.055687,11.861735,8.791085,43.126442,10.610640,8.087178
26.333927,17.784178,9.400416,36.919601,9.488135,33.565029
57.571751,37.128952,48.717674,251.336365,59.514793,58.815796
20.213167,14.183670,7.032517,20.071037,4.407641,11.500823
26.848280,18.217632,8.606292,29.391226,7.078281,5.993123
21.887058,14.841737,13.128547,66.110397,18.110783,32.419483
36.497169,23.780008,14.359332,84.346397,23.185312,34.550690
9.817853,6.960528,3.915378,1.317442,1.757574,6.653150
18.959183,12.716886,5.095748,35.664368,9.062306,6.749896
6.657632,4.426668,3.096918,3.575588,0.136612,1.529675
24.131672,15.788114,15.072155,44.950516,11.769333,7.588378
41.504444,24.456444,16.828648,31.432907,8.481721,31.605635
47.440533,24.466333,19.899837,41.454288,11.019417,39.986694
23.018450,12.338230,12.074352,78.052063,18.699280,33.692047
19.499275,13.050619,4.420827,51.447826,13.756782,21.030050
62.870441,37.820370,22.459715,69.887085,16.905331,36.990726
19.285515,11.304677,8.948186,122.975708,27.034117,14.892490
17.865244,12.500861,6.429855,22.055361,5.857920,4.810895
17.165867,12.126686,18.696020,19.539362,4.368066,17.339466
45.278919,28.950556,16.743992,94.642464,25.485294,91.174896
16.974758,11.535837,5.629540,38.156540,11.168491,24.339432
20.705389,14.324482,7.051176,23.795797,5.595968,3.945673
8.307405,5.679152,3.688864,7.704392,1.529688,4.011561
37.705093,23.448011,15.221289,114.892830,26.762632,34.947514
8.136443,5.733969,5.895808,8.396334,2.033769,2.868569
6.282546,4.709785,2.774246,25.579157,6.671709,4.414770
26.505903,17.325907,7.537804,43.350174,12.912419,17.977316
9.456451,6.364166,3.939012,24.030802,6.231305,23.616488
28.889355,19.582026,9.343008,38.834507,9.647120,21.045071
21.264250,14.441509,6.864605,39.822792,10.854786,13.031008
9.041973,6.061343,3.278013,21.169912,5.427534,5.737207
11.469040,7.967449,4.373009,22.425207,5.871474,1.442982
15.556355,10.621771,7.275664,43.563354,11.090705,11.100003
7.662390,5.661040,3.521033,2.535854,1.241829,-0.004439
16.238678,11.276678,7.411654,14.154774,3.699612,2.079452
8.435587,6.155938,3.354053,28.898102,7.817892,3.374380
13.952554,10.120799,6.686510,4.580225,0.998401,0.706922
9.246434,6.939749,3.379854,17.338730,4.830524,5.168479
17.093506,11.883934,7.181880,40.440659,8.900295,5.870080
9.711953,6.786738,5.380391,42.363056,10.029440,12.737185
4.634651,3.624020,5.288820,42.801483,12.429386,4.200578
10.080039,7.334560,4.177144,44.908630,10.909634,4.477745
54.672947,35.817513,26.590155,149.070343,35.259510,24.334244
23.435089,16.635885,8.448784,35.866215,8.974230,7.888358
32.618073,22.073160,23.001104,113.522491,27.604256,16.094101
28.690868,18.415936,34.144371,154.057800,38.609230,47.999378
5.026169,3.367255,1.227882,9.944146,2.774193,3.985893
32.825623,14.999151,23.679279,159.630127,45.381012,56.068901
30.828537,15.515771,29.785000,152.898834,35.194618,44.120903
25.210835,17.286222,7.789482,42.103775,11.928931,37.923069
7.686719,5.578919,4.557240,2.939692,0.844482,-0.270586
48.713261,31.485054,16.749750,65.419617,18.041245,24.703287
7.119985,4.831999,2.420022,2.800942,0.484748,2.087370
6.560571,4.975194,3.389901,5.551774,0.934453,1.347104
11.049356,7.826539,2.546461,26.093008,6.731763,6.492352
46.046169,25.402065,50.865677,239.341476,61.680687,72.725639
6.593718,4.873257,2.547966,12.228386,3.676110,30.190962
30.756937,20.825451,10.838391,26.802382,4.903143,8.109284
27.641562,18.823626,7.057643,60.321697,16.366840,16.484629
14.200782,10.007341,3.964089,35.398678,10.373372,6.887433
12.026782,8.662827,3.010456,58.438774,14.928081,3.032637
25.459593,17.242243,14.380835,78.644226,19.864817,17.175961
14.204520,9.845694,4.663116,49.983276,11.220325,4.345225
4.940200,3.271424,2.903428,11.965111,2.367738,0.980720
16.822279,11.712928,5.043497,26.392860,7.492794,4.638622
14.614466,10.471990,5.397150,12.432309,2.902120,2.236260
26.129210,17.762819,6.608761,59.259747,14.196350,13.251956
24.247625,16.800282,11.617160,101.225586,27.044748,15.785635
12.128273,8.787713,4.835686,22.014717,6.233440,3.860800
28.158453,14.218198,9.255826,38.474957,11.351145,27.337708
28.754230,14.934062,9.429600,53.567562,12.363985,17.294649
31.959053,21.292631,16.155605,97.588150,23.351358,32.708916
37.687862,24.632866,13.470132,55.142200,12.097693,14.639075
22.725069,15.966595,7.504156,37.346802,10.231901,4.326527
11.140738,7.558117,2.607274,21.599237,5.119821,2.669335
5.845946,4.178033,4.228999,12.474680,2.051002,3.280230
16.740280,11.875313,3.566305,14.736976,3.328214,11.464027
11.499485,8.142743,4.243669,10.347150,2.310247,2.262353
6.344056,4.569818,1.635084,1.026058,0.663261,0.957073
6.312726,4.609845,2.558434,13.340988,3.379391,4.422890
11.258753,8.061133,8.805951,39.901836,8.632296,8.128658
9.723413,6.565066,3.680195,41.363811,11.845606,3.976929
7.257061,4.756289,3.842704,16.361773,4.240387,8.063525
19.063364,12.961164,11.551204,43.743721,10.626350,17.102175
14.458733,10.000495,5.042950,11.255021,2.467924,10.325175
5.615598,4.044139,5.087640,2.874809,1.385507,2.004100
14.878309,10.453023,7.504310,77.715874,19.823124,13.393443
11.873066,8.240936,8.761623,66.068192,17.786343,13.774204
19.974985,14.250134,4.024682,37.208584,9.544805,9.611924
23.531557,16.120279,7.935991,66.313354,17.926849,51.676231
23.808914,16.160610,6.078499,38.309692,9.115468,7.236824
24.669338,15.859465,19.696695,215.955963,60.725353,134.824799
65.878708,40.625832,74.669342,307.128510,77.031563,282.298401
9.658706,6.502222,2.419166,9.670027,2.138207,5.224309
22.207218,15.501801,8.609950,94.256355,25.991804,27.733398
5.362441,3.997606,3.695962,21.941711,4.644259,13.594893
19.283976,13.088620,6.563463,23.891409,6.282942,8.438699
26.412678,18.131273,10.009106,25.248880,5.927535,4.714621
7.088770,4.657505,3.132540,18.373964,4.386222,0.208313
18.977436,12.923914,5.620665,41.940533,10.684162,4.757778
21.606167,14.520632,7.924165,43.747028,10.186000,33.279629
18.503380,12.452497,12.746476,34.409901,8.913351,58.870926
35.179928,21.119257,18.542429,70.129478,19.667120,55.053612
17.058687,10.316439,4.580908,35.190281,7.509564,16.484661
28.844215,19.566708,9.566625,36.848904,7.403695,6.375155
22.323286,15.121361,9.905836,30.850462,7.534300,12.190919
15.203667,10.947933,6.537185,44.073765,11.680182,38.367161
23.295174,11.181847,7.179736,137.147659,39.741547,77.310135
58.071980,28.640575,92.873177,471.713318,115.669807,211.146240
34.765526,20.409410,12.624076,100.915115,24.161030,21.677151
6.127791,4.545235,3.026042,13.014277,2.980146,2.653623
31.784195,22.049223,11.531487,241.926468,61.824406,11.228468
26.195965,17.578609,9.516583,29.073374,6.921027,11.783153
36.974499,25.152071,12.452063,63.285751,14.344713,14.427669
26.704681,18.698851,10.401997,61.432079,16.488600,7.451798
15.037164,10.126314,5.653783,30.656736,8.772922,56.568989
8.064025,6.038809,2.814255,12.043036,4.030205,8.023791
25.600697,17.465784,8.809336,41.262524,9.044456,11.733024
15.903639,10.718454,6.430623,42.728443,11.304835,3.961051
12.414270,8.968493,3.565133,24.675728,5.852288,3.218668
19.819180,13.757515,6.118999,33.003399,7.122927,10.039561
36.191620,23.544046,8.935273,140.915619,37.482822,12.205642
9.626662,6.536230,5.352522,2.781237,0.761613,4.459582
12.636395,8.479580,4.913916,33.226906,8.044296,7.542780
39.132774,24.990623,19.502934,87.395592,20.264242,12.518018
4.729191,3.413219,2.318383,1.686771,0.564789,1.825422
8.927576,6.028820,3.359298,17.151478,3.967059,21.793182
35.582306,22.918530,9.156940,37.193169,9.956112,13.436258
12.532635,9.071493,5.286207,16.775494,4.136055,3.922563
17.325205,12.064042,10.868963,53.587101,15.584137,13.495193
15.835967,10.450621,8.546333,77.364014,19.202827,10.046661
67.581268,27.863964,83.179489,478.764923,124.263580,144.282211
18.202330,12.587389,7.388144,19.822344,4.518292,4.451033
12.496948,8.513295,3.593278,26.472378,6.443654,26.783627
26.892292,18.185093,7.607865,36.720592,9.634839,22.707798
30.067856,19.692617,13.244623,86.411003,24.180340,23.146082
12.561866,8.516138,4.136199,29.063217,7.565279,16.258703
21.894142,15.364091,7.475864,42.207447,10.394189,3.277496
12.595333,8.433600,17.820557,71.975342,18.850340,50.438030
9.637860,6.791996,4.380121,14.483967,4.297521,2.763127
23.549572,15.728036,8.578056,46.591103,12.099637,24.773905
12.084609,8.597049,4.987470,11.517500,3.968076,2.596106
29.906250,20.410496,14.251935,80.570419,20.716597,8.725983
20.749960,14.216756,9.126332,66.301605,16.268635,29.048449
11.282190,8.064538,4.261153,3.458490,0.595536,1.046328
13.174561,9.079432,3.711071,14.639685,4.024291,5.346139
20.740936,13.899047,6.837353,63.434914,17.079903,15.703544
12.677471,9.220978,4.415588,24.574043,5.151853,1.973688
26.972759,18.620365,10.312377,30.700890,8.378919,16.359072
18.859673,12.881044,6.569923,28.001732,6.924894,3.791425
12.532469,8.650156,5.322813,35.598202,9.774671,14.460447
41.657230,24.869614,11.898507,11.782839,3.441086,3.304942
25.364088,14.370948,9.435625,27.181255,7.686241,8.753958
12.676167,9.133268,4.550548,12.322207,3.326505,5.604297
11.109685,7.589628,4.637265,29.382391,7.404561,3.061243
17.618073,12.078226,6.055305,57.157825,14.710336,3.940654
39.519356,26.259029,13.364567,83.958069,21.288767,20.972448
11.095636,7.978173,4.088634,36.780754,9.664407,1.153242
49.263935,30.065060,18.394831,113.571968,31.104492,125.573158
40.107769,25.453644,21.298050,80.869774,21.700386,41.100914
22.182297,15.126716,13.881413,72.625740,17.907404,20.599072
16.086039,11.249778,20.410690,101.511299,27.330122,77.097450
8.658937,5.880296,3.125503,39.286900,12.186804,18.046265
7.412233,5.361941,3.299554,5.070930,0.088708,2.325655
12.587053,8.464797,5.627869,20.437536,5.570896,1.326989
11.326602,8.189449,4.493017,15.405351,3.881074,12.590553
29.668257,20.289040,9.467028,39.911163,10.041010,7.819849
29.020535,19.551819,9.412312,89.360718,21.048075,29.278168
22.356888,15.347135,9.656702,9.663516,1.505432,2.310042
30.704657,20.651756,7.767049,15.255157,2.904307,7.914404
6.518453,4.721574,2.622074,29.780169,7.552472,2.896178
11.371663,8.076550,5.225435,15.196160,3.217088,4.285267
11.192761,7.923632,3.949212,2.008884,0.211231,7.597466
8.651965,5.851645,2.038340,20.754168,4.116039,13.536179
11.077204,7.897002,5.922270,26.797628,5.807754,4.332036
31.532053,20.956423,12.702081,77.804405,19.585041,38.991070
33.469349,22.456930,9.168814,66.160698,16.636118,11.916956
9.183637,6.344558,4.345167,44.134739,11.127754,8.027422
8.354140,6.224057,4.370942,2.106386,0.621978,3.305223
11.653874,8.357661,4.537580,35.184864,8.911080,4.596501
20.078466,13.751451,7.144789,50.355888,13.963020,34.324905
46.610470,26.225941,29.791346,250.918594,65.107605,36.054615
8.868693,6.584611,9.244190,86.294258,24.242212,15.919810
16.896685,11.978040,5.824998,25.587175,6.955139,3.727748
31.608465,21.037004,14.075973,34.006535,6.042475,3.732299
32.574078,21.886896,8.512409,95.587112,22.135195,7.462328
31.297438,21.369204,10.345429,63.946960,17.027224,13.210709
20.401726,14.142024,20.766098,90.144859,21.711929,27.627102
11.173600,7.756461,2.555013,9.426980,2.599080,5.414098
6.444387,4.678706,3.778750,26.352728,4.794402,2.503469
29.975906,18.384340,29.075068,165.751007,40.505035,30.222219
23.848528,16.666771,9.088378,40.985554,10.045823,6.377347
29.437950,19.244131,9.536731,39.155899,9.720262,16.565506
14.711598,9.820094,30.143723,185.273895,49.457581,50.148487
19.587301,13.591410,6.928012,20.632261,4.306688,10.596933
14.624768,10.379149,11.803720,32.118469,7.329210,8.623280
8.099013,5.572593,3.819826,13.073782,2.305918,2.697589
8.203673,6.279145,4.458238,7.007605,2.782310,13.033210
38.471622,25.493090,11.579848,71.868248,19.333078,45.745850
12.518321,9.033861,11.004731,35.601273,9.646379,45.258621
36.235439,19.772053,13.145586,65.947716,15.497912,22.757736
25.628981,13.737883,11.579634,58.037296,12.479223,15.521842
13.373081,9.536396,7.310717,35.684280,8.667697,5.570322
22.529169,15.521891,17.483904,50.900223,11.139074,34.568829
23.557301,16.486094,8.503015,33.482616,8.826904,8.800169
8.261909,5.883014,3.647288,25.517015,5.581034,4.797639
17.511963,12.300811,5.824451,22.500910,4.696778,7.105598
13.094270,9.159449,5.746909,19.461836,2.863663,4.266433
29.845032,19.994255,6.265457,83.600540,22.608042,19.056921
15.312314,10.862778,6.886347,21.781019,4.511128,8.408306
6.443627,4.265580,2.802480,1.693154,0.542733,-0.065430
6.508630,4.518189,2.881627,8.884943,2.036284,1.261088
11.749152,8.574474,4.252027,21.712423,5.039141,2.470772
22.199587,14.714343,6.006588,90.857399,20.810465,6.811450
25.848957,17.857008,7.701051,35.873585,9.441606,31.964622
24.451521,16.789873,8.602692,15.558392,2.780234,6.166480
46.607574,17.417690,17.382019,79.356682,28.327723,57.639256
46.918407,21.151777,22.330057,149.639526,43.441826,70.613525
10.333323,7.472857,6.513140,76.947525,22.698368,12.546304
24.967369,16.551517,9.130962,65.953850,17.583401,68.470177
71.715073,37.389145,71.759277,443.617737,111.957047,167.258530
13.355805,8.933907,19.359980,53.481735,12.331095,6.165452
22.128183,15.477806,9.179103,6.115607,1.285100,3.618871
46.698784,27.588352,48.145004,174.865341,41.679710,33.887066
9.268375,6.122809,2.755044,23.870932,7.430640,16.605232
14.713894,9.968325,5.949602,6.355527,0.902169,0.043394
6.376683,4.315435,2.260580,23.509066,6.743304,2.703763
55.261593,31.428293,30.169077,133.588318,34.067188,56.355373
21.859297,15.082222,9.726254,27.040316,6.680186,15.555362
16.682322,11.257759,7.141209,56.265057,13.882725,14.055418
25.221645,15.927382,9.671411,109.191292,26.442425,7.326375
34.245739,22.781174,16.923717,79.552803,22.660187,89.304337
7.190515,5.100609,3.591929,16.494574,4.132336,0.029399
29.566835,19.795218,10.183897,49.734932,13.686588,16.959991
8.331124,6.131052,4.006936,39.524006,10.992905,29.423588
18.939907,13.101341,6.483168,28.206985,5.742838,4.781775
13.056521,9.212093,3.847729,20.961857,5.523695,24.918941
15.573901,10.658113,20.558781,103.573700,24.601793,20.070030
19.981848,13.497907,12.707257,110.010124,31.516548,59.948704
15.441294,10.253092,16.982430,56.915478,12.998185,8.847344
25.330015,16.967295,11.836180,58.073257,14.408471,12.637391
10.542251,7.081856,5.310929,12.591845,2.571145,10.429935
35.144405,22.860104,14.833492,39.770382,9.285871,9.827415
37.993000,18.212507,60.780231,189.851669,45.003010,83.112183
16.381065,11.297744,5.751338,28.909676,6.104398,9.403692
4.438055,3.113339,2.403459,1.253974,0.749971,2.060042
20.387501,14.244437,8.592181,46.052910,12.737253,12.541239
33.813858,22.853415,8.518711,37.454422,7.731883,14.566688
17.643522,12.069131,13.945645,42.625748,10.814594,10.028686
28.237373,18.395512,17.380747,108.728195,28.208223,37.714233
13.675826,9.485648,5.843892,20.341133,4.904795,8.438905
9.984475,7.088293,3.306284,14.813082,4.456958,6.106986
16.023529,11.017621,2.952341,19.213739,4.444339,10.621688
5.836585,4.149369,2.943821,-0.600273,-0.221590,0.479121
12.590653,8.478312,3.881099,42.973087,11.387051,5.912223
13.076782,9.352588,6.439570,24.060425,7.083429,29.263418
11.064507,7.699569,4.258352,6.447925,2.244070,0.938182
17.582232,12.204621,13.655076,19.573057,4.544492,16.894121
21.907200,14.868398,6.391151,61.358028,14.563863,7.639747
10.992614,7.368711,11.365129,81.673332,19.268576,11.093684
15.404962,11.048502,4.913877,6.286369,0.671619,0.764710
15.667464,10.900984,6.375544,95.457420,24.802219,16.599947
12.039404,8.147425,3.587708,27.162449,7.063377,4.037565
15.181393,10.778786,5.909847,8.212980,0.734275,4.133992
12.843679,8.709037,4.729134,53.561317,14.337824,4.857840
48.461315,28.358730,36.798153,196.719345,53.065521,112.787834
10.284453,7.444464,4.273880,24.702856,7.624762,4.162477
16.346481,11.085479,12.392262,82.461456,24.705654,144.472092
7.189147,5.155797,1.921987,16.702379,4.738687,19.375683
9.515276,6.587878,2.825887,13.498262,3.240603,3.466018
15.034269,10.264327,4.944119,36.938457,9.362721,12.710463
13.112247,9.067663,6.077632,2.838228,1.122937,3.756290
21.944822,14.859532,10.570735,68.780945,17.288799,9.812018
21.190208,14.563583,6.894188,57.150578,14.971847,60.033310
29.936605,19.765398,9.762418,72.366341,18.698065,11.105466
17.732624,12.032853,6.537601,18.513002,3.164258,6.353799
59.727299,36.054352,61.955730,327.171326,86.246498,84.605766
7.675545,5.484335,5.695464,54.088017,12.701390,10.954273
18.629789,12.579279,10.784536,8.290129,1.220123,10.200061
9.043914,6.271986,3.788428,5.516456,0.701033,1.087711
9.247854,6.634847,3.604852,46.070457,12.350072,4.166695
11.640490,8.238594,4.841359,13.066313,2.416457,3.219115
14.005388,9.726087,6.548832,4.538702,0.574339,4.445651
7.500890,5.569065,3.161169,22.397554,6.174551,1.568961
42.352375,28.076363,11.822913,63.940384,14.006609,26.846899
18.232212,13.239417,6.806458,15.819421,2.375607,4.096726
5.796094,3.953403,2.919150,22.605982,6.367929,2.696872
12.920566,8.684574,3.968334,19.264954,5.150469,3.184129
45.603386,29.342039,32.731827,187.296890,48.169857,106.488235
7.525773,5.098472,3.861704,9.422534,2.081659,2.466356
20.044067,13.686994,7.754983,18.239714,4.542972,27.080286
4.040610,3.117871,2.088049,0.045398,0.943111,0.053235
25.232779,17.120989,9.059422,12.113086,1.495507,4.262902
9.943023,7.253729,3.313962,78.939125,22.878555,5.635008
35.975929,24.083857,14.949369,69.596764,17.842800,14.641823
31.193464,19.026466,31.965870,255.608383,63.990845,71.866730
20.099123,13.608914,7.514003,70.491844,18.930347,6.676311
19.704273,13.405539,7.321389,72.533417,21.142244,6.476915
13.819641,9.770216,5.305256,17.037672,4.379675,3.419714
7.808041,5.277758,4.607630,19.761501,5.570240,7.790734
17.402508,11.924460,12.120193,79.931679,19.350647,19.383106
18.537943,12.354340,6.498035,45.051395,11.552388,12.512271
32.463413,21.861671,15.399995,89.312447,21.707363,61.730724
13.088354,9.560220,5.265502,4.150353,1.355977,0.374199
26.589592,18.015736,10.101635,42.962082,10.620539,42.498165
36.937317,24.209478,11.831247,88.489075,21.101583,16.961216
23.054451,15.456343,7.232978,54.841274,12.231847,18.005995
27.406572,17.749664,30.289770,170.764603,41.982010,37.893120
33.119041,22.304018,11.078932,178.571930,50.952850,44.998882
13.537370,9.755235,4.959367,59.766693,15.879977,13.114758
15.294914,10.709030,8.205003,37.100788,11.089927,7.677872
9.395996,5.056347,4.943194,82.205536,21.664492,36.302074
20.331045,14.143951,8.821904,8.662749,0.774739,1.072875
12.786804,8.854005,4.338294,31.148220,6.897769,3.092663
22.189413,15.149586,14.505044,84.497688,20.508165,28.703457
17.434500,12.023660,10.809964,78.006302,20.252188,23.017565
15.892528,11.033795,8.617661,87.665421,22.992586,57.505856
32.619503,22.336483,11.852839,76.400787,21.808233,17.516933
15.577358,11.040452,6.293489,37.800587,10.800202,20.118835
10.550130,7.029640,3.685208,34.391922,11.300938,15.479769
14.856558,10.081176,5.293356,48.960110,11.036407,19.868742
14.915621,10.498703,4.974057,29.373936,6.339170,6.887082
14.119170,10.048083,5.319340,20.497471,6.338865,2.837794
32.072990,20.610197,35.387589,188.179443,46.722656,190.258224
13.146938,9.528619,2.910801,10.148011,2.150203,3.915265
30.609516,17.525682,52.067535,253.134735,64.209885,115.193130
10.118457,7.377350,4.335527,22.452194,5.459639,12.342740
17.895372,12.708822,7.165747,84.401520,25.620567,19.100557
42.318459,27.441216,47.839970,293.014191,80.576439,218.393616
10.671178,7.879092,3.725936,26.304230,7.930028,21.618649
14.993002,11.044939,4.507678,28.446671,8.477149,16.360279
29.018953,17.413311,74.645615,416.228394,113.977203,297.922943
30.342558,19.742891,9.861650,131.846466,34.186581,13.857952
7.294917,4.939810,3.293175,-0.797888,0.193814,-0.900760
8.565139,5.851235,2.829131,14.278743,3.505131,10.170750
14.198433,9.758088,7.455058,68.735031,17.432808,6.782954
11.814704,8.632536,4.584611,23.847286,5.997717,4.804662
10.019772,6.892070,3.261997,41.465092,11.396348,30.668343
9.089454,6.399365,4.765354,14.457720,4.878114,4.597234
11.443786,7.766186,3.775003,34.858139,8.109037,5.289751
10.434216,7.273667,5.263112,11.379950,3.213782,1.883308
35.608990,22.544992,24.972889,170.386612,40.275616,20.649185
6.991961,5.073733,3.486419,2.990628,0.584616,6.573792
9.628098,6.682457,8.077184,43.334030,8.964009,5.684440
23.101791,15.806120,9.192870,36.252396,10.292714,10.073401
17.199886,11.871675,8.533236,56.350861,16.800022,21.267275
6.389671,4.652315,3.745055,41.121426,10.316768,15.298311
5.469815,3.952719,2.256883,3.858192,0.500062,7.849822
39.721363,25.373556,35.049480,142.659180,37.897766,73.643303
25.255922,17.448397,7.897657,43.364201,11.412793,4.340112
18.588245,12.989575,12.915383,73.487602,19.142626,128.047256
33.702328,22.700209,12.698101,102.921104,23.282665,49.491447
16.172894,11.132993,6.971269,28.862108,6.776582,7.438301
22.002115,12.316526,11.758597,96.093185,24.200466,18.102036
24.947878,15.766570,12.109419,74.308220,16.996078,8.616198
18.147873,12.615973,6.078684,46.500042,10.663744,6.470628
13.035878,9.077847,4.788384,34.263386,8.465222,3.582694
7.595835,5.266267,2.154847,22.953260,6.407307,17.053083
20.010193,13.177241,7.560026,37.885658,8.723792,5.509247
4.773968,3.738778,2.205191,6.508287,1.194458,7.576793
14.431822,9.846149,15.179241,54.100567,12.542925,21.435133
7.520881,5.472894,3.258938,7.279927,1.952541,4.882987
36.395908,24.066139,12.638651,69.252220,18.409224,73.118858
43.662441,26.341087,45.087952,299.392731,82.036758,77.858307
7.908296,5.420179,2.149271,19.105501,4.828070,12.207623
17.530792,12.556749,14.003087,77.774818,21.829824,72.027084
13.377268,9.435274,2.935412,14.811150,3.110165,10.198242
27.531528,16.898548,9.324100,47.513401,13.337751,9.126897
29.405685,16.868055,9.886241,58.747478,15.470169,9.120875
57.408920,36.404373,31.464767,176.471054,47.330235,44.207279
33.889389,21.405907,40.054111,147.042572,35.340412,37.775566
13.546672,9.706636,3.842834,7.930006,2.381200,3.251107
13.661461,9.455258,3.496626,19.138653,4.990233,11.954395
4.767618,3.108898,2.548837,16.374393,4.147395,5.377542
26.201048,17.021252,13.069681,92.973610,25.937346,292.017731
40.970001,26.349958,28.552744,128.946564,33.574181,193.253311
7.364198,5.128220,3.523482,28.306206,5.801082,6.365070
5.870315,4.331551,7.650510,46.561466,10.781538,8.382750
32.704624,22.040705,17.279181,130.582520,33.136631,20.322834
31.880766,21.492905,19.889130,108.795151,28.089027,16.870623
15.895486,10.567334,7.640879,11.817430,1.994569,4.543553
43.223618,26.806160,26.144253,148.499146,37.837513,33.132660
8.004070,5.839905,3.037466,25.815844,7.370156,3.397540
16.351919,11.378647,8.904200,9.848045,3.014642,6.136521
31.501696,20.323505,31.493526,155.123718,42.858685,85.759720
26.708023,18.227205,11.456000,59.972549,15.365863,27.098850
26.318996,17.573788,14.689408,78.798698,20.441793,30.708363
18.313957,12.896004,6.577633,26.989223,6.978765,20.239233
15.742630,11.000615,6.390021,35.564461,8.118767,4.561972
5.766720,4.173932,3.017037,0.823443,0.800693,1.128985
9.497018,6.821057,3.837594,9.882449,2.893203,2.775081
6.676693,4.872299,4.168476,15.624332,3.613188,11.752757
12.294909,8.347799,4.020686,45.711945,12.356837,6.262861
8.708691,5.905674,3.954792,39.625034,10.035871,3.731727
7.327677,5.378743,4.120239,15.197573,3.452480,5.174986
20.338190,14.392078,9.686880,34.115299,7.876829,11.638459
25.871454,17.807978,10.366591,87.620743,21.274395,10.387825
26.223900,17.996014,6.802834,39.309521,11.771338,19.403875
16.022058,10.842855,7.055080,16.690968,2.881216,5.366532
17.324909,12.022058,5.554270,14.869837,2.355755,6.710564
19.115194,12.850230,6.447051,61.102970,15.730596,20.559267
8.582053,5.695263,2.906834,28.953865,6.239600,4.555549
7.139270,4.992457,2.623052,2.716800,0.574985,17.581131
28.378546,19.280807,10.181540,66.407913,18.800756,22.238144
28.996811,20.020985,14.983657,101.303177,25.618652,11.016977
16.625832,11.681199,6.358464,20.340101,5.536409,3.890390
16.734087,11.356442,22.416504,168.814453,43.287136,28.575270
5.903418,4.240966,2.900336,15.160589,3.161007,1.625245
23.466360,16.242832,10.055124,52.312958,12.020558,18.488047
11.283985,7.967442,5.779707,29.813246,6.658842,6.911020
34.473362,23.238924,19.290089,63.734352,15.619268,23.198814
8.759595,6.407735,4.048132,27.750639,6.404694,7.482788
28.567026,19.163017,16.258854,45.622799,11.169982,23.120510
18.026468,12.854897,6.795882,5.614611,0.951651,0.032653
20.578098,14.162332,6.526944,25.199461,7.466800,17.647617
20.772964,14.329380,5.786571,26.606953,7.371852,19.006607
23.867880,16.756855,6.655676,38.679798,9.956020,9.667695
40.444035,26.586199,23.170748,184.234024,51.885223,81.632149
14.769577,9.914394,40.734535,182.529114,46.416302,33.828804
11.156023,7.716612,2.981671,21.189117,3.894879,10.853993
24.925228,12.603961,10.111402,70.481018,19.391924,26.422995
22.696627,11.634682,11.070963,80.251266,17.940475,23.854612
36.340534,24.905085,13.662994,82.852310,21.733486,26.437462
4.336998,3.123822,2.245857,2.609490,0.191386,2.467157
22.213657,15.064911,7.761429,83.851418,19.827122,12.735863
24.721371,16.983612,12.235108,95.088547,22.317934,30.615551
31.809132,19.712479,28.665901,223.760117,54.581192,49.695919
35.152020,23.292961,12.250146,74.486977,17.467466,15.877601
22.523987,15.706662,7.396607,36.516430,8.377920,7.866100
7.295197,5.140022,4.785822,4.182013,0.103060,5.482178
28.211369,19.341747,7.716110,57.169537,15.195118,11.725231
5.451179,3.759261,2.755077,21.485008,5.008961,12.503846
5.316444,3.689789,2.560404,11.309132,3.820807,32.973328
15.495975,10.430936,4.345868,35.667904,9.803096,11.357226
19.307997,13.682006,6.756554,4.492857,2.138431,31.146294
23.410597,16.489347,4.874464,27.031628,6.573926,3.184973
8.797629,6.602971,3.485560,14.945412,4.502817,1.257283
9.764785,6.717030,5.039604,36.398087,10.131270,22.898903
8.661864,6.143095,3.794194,25.498081,7.247327,2.182243
6.416470,4.973104,3.941752,31.211771,7.807921,5.417025
46.413017,29.516016,20.097036,123.864838,31.983118,22.398020
7.384537,5.350009,5.909256,38.695229,10.632758,2.910971
17.038366,11.519383,7.138783,25.819006,5.663008,10.728287
19.028370,13.392931,9.854113,5.907637,1.689548,1.788481
12.382039,8.578121,10.572328,73.902321,18.826597,7.615879
31.541620,21.198662,12.561963,25.305582,5.174447,5.604030
24.888092,16.472466,7.925292,65.433685,16.840639,10.651546
15.483883,10.570571,4.528365,21.102356,5.742459,3.843557
26.912718,18.293293,9.731934,27.786659,7.256120,13.084544
29.058783,19.968460,9.582206,32.782158,6.718391,11.790418
5.644963,3.787561,1.832346,2.186670,0.342272,4.718858
6.767015,4.544940,2.733386,15.516821,3.529702,6.899632
32.306091,20.561756,20.694901,153.410339,41.290745,35.006275
40.658474,26.039242,24.180761,134.340973,32.500061,23.921776
32.968643,21.812912,16.691696,55.711342,13.195410,26.432566
15.872776,10.776143,6.176964,68.494713,17.400747,7.092257
22.723892,14.987438,29.137121,179.946701,49.581825,147.722244
10.564745,8.039308,6.041093,38.082958,8.465941,3.430357
13.850788,8.401060,3.095781,25.283886,7.838876,9.612207
14.303645,8.665522,5.991120,35.403511,8.407206,6.985507
47.755623,29.888882,39.690483,222.396667,57.619801,24.377234
20.743004,13.753090,6.410622,24.845572,5.804625,4.171466
46.262634,29.584446,15.961077,70.394180,15.541338,18.369576
18.733860,13.241480,9.668127,98.590584,26.031485,75.830856
16.502569,11.008977,16.350187,47.141891,12.049118,22.123888
24.621523,17.053284,5.370785,77.645782,18.808773,16.743595
29.507130,20.287201,9.342318,86.030495,21.812277,11.229461
19.211519,13.374741,6.881410,23.916933,5.500559,21.080256
18.464249,12.593549,5.544249,29.265360,6.698530,4.098457
20.826117,14.498449,15.151238,60.921909,15.425603,10.195868
15.588531,10.832495,18.900209,46.537773,11.786343,13.781226
8.305786,6.128311,3.481152,40.927254,12.040612,24.671013
12.344305,8.820193,4.936081,15.522590,4.677878,10.904041
30.179104,20.277052,10.563036,61.241093,15.703410,39.775433
17.757711,12.288792,5.575324,6.442675,0.451485,2.401151
22.528748,14.691024,7.823537,70.165855,18.832392,26.327291
15.408332,9.909836,4.352431,51.150345,9.951573,6.731688
15.220223,11.054531,3.731226,22.938688,5.622529,21.932697
13.239478,9.332796,6.605758,22.720757,5.685810,5.250882
8.698087,6.152158,3.606658,9.822553,2.305681,1.375640
6.265883,4.168695,3.013503,19.809647,5.000558,1.924378
6.329335,4.652242,2.230999,13.908022,3.373642,1.494799
32.096626,21.694790,11.876901,96.379974,25.579449,31.472422
13.014694,9.195002,4.789453,18.925129,3.356033,2.361793
21.510860,14.605155,23.181675,161.440796,43.541134,87.924393
5.969950,3.937596,2.652874,4.319610,-0.220399,-0.597100
65.006279,32.908363,131.587479,731.647644,188.010468,537.920776
15.082750,9.996145,3.818249,48.465004,12.758989,6.380904
39.141968,24.272081,11.882001,104.500381,26.216867,32.850948
13.576073,9.651806,5.272290,6.163129,0.790215,19.301311
13.718368,9.489230,4.239296,17.326485,5.552508,4.873066
14.806098,10.060459,3.683265,61.765518,17.175945,11.120536
27.015106,17.673944,14.989970,100.913483,29.802553,83.903076
8.477008,6.060329,3.448115,22.078360,4.534074,2.275007
9.854718,7.043520,5.580158,17.808979,4.181817,10.202544
6.882343,4.153485,1.542024,6.304403,1.312863,7.116831
11.858203,8.193537,5.606761,21.298910,6.116692,13.209843
15.842324,10.963861,4.743499,29.270805,7.172008,48.920471
22.691219,15.260531,16.835756,77.839371,21.846924,116.000870
20.493008,13.905284,20.726713,93.543503,24.461643,80.257286
28.020842,18.665604,9.987843,42.028542,10.748240,69.193001
24.124794,15.740525,17.152632,147.259781,36.474701,20.680620
7.959806,5.669746,3.804009,32.489964,8.618837,19.436152
31.201221,21.289660,12.178036,89.196709,20.430719,10.731277
19.347429,13.540964,7.125495,24.660463,6.526171,11.057348
16.042397,11.198440,7.127442,12.451484,2.755081,7.197021
23.932728,14.879561,26.412590,122.339424,28.476131,29.735802
7.463480,5.087995,2.639807,29.451382,7.993212,2.603431
34.213913,23.173613,12.443913,82.054657,22.276970,51.233341
17.547579,12.996910,18.882805,13.655736,2.860771,3.068069
26.591692,18.283575,9.423139,55.850075,14.270292,4.756525
17.543373,11.902809,19.067932,123.563393,34.483967,103.964294
18.404209,12.395436,7.646581,44.639862,12.089689,14.797766
40.595303,21.621082,20.129282,136.623749,35.876987,19.557516
10.346366,7.184936,3.314339,24.683107,5.856549,1.667155
15.715696,11.298646,7.353988,98.126656,29.460464,24.326324
21.225283,14.859856,8.999884,51.767872,12.204353,6.365139
