"FSC-A","FSC-H","SSC-A","GFP-A","PI_LSS-mKate-A","mCherry-A"
39.053043,16.875376,12.283876,53.856995,13.000312,19.987612
37.645546,16.905853,12.266677,53.655651,11.834983,17.654554
11.978498,8.625390,3.926816,49.666649,12.665729,6.383772
11.318348,7.720529,3.290312,13.687264,3.909895,21.412458
6.795170,4.956734,2.753338,4.278367,0.571073,3.780250
10.809005,7.155687,4.683161,20.670778,5.313847,1.673685
33.506699,21.621847,13.164928,37.916122,10.402016,25.071320
27.078270,18.357714,16.571686,50.917374,13.346329,4.952184
10.196381,7.405469,3.519341,20.401505,6.241714,5.303395
9.754825,6.728517,3.018638,19.855749,5.625535,6.562171
8.723763,4.822030,3.477514,27.620436,7.167667,3.367549
19.337482,8.963833,6.603432,28.818241,8.110648,5.930243
47.812031,28.123631,17.677603,48.134224,12.337020,11.421653
27.474247,15.137307,13.352300,20.488997,2.998843,8.361089
18.734398,12.647169,3.992231,25.708334,5.343152,4.507865
17.313925,11.749456,3.833207,23.570578,7.623235,9.757579
14.365224,9.631577,4.892892,10.273509,2.881800,8.058523
17.503920,11.674796,8.385864,48.740112,13.444215,11.887464
26.796610,17.967546,7.023962,22.979809,4.655909,7.715477
40.337029,25.838509,16.629889,51.256924,14.110765,18.244110
16.849478,11.366727,11.577189,51.990036,13.486080,43.842434
14.995162,10.080140,5.715878,33.768429,9.440832,13.574401
42.438763,26.681044,11.785077,44.205647,11.718016,9.370991
9.101560,6.766400,3.499962,37.564171,11.834374,1.786469
47.890331,29.014753,14.013154,28.637999,6.216852,16.298540
9.167593,6.476465,3.312494,18.128277,4.733837,2.725903
13.659865,9.655967,2.529685,12.700413,4.105002,4.964591
8.829273,6.018411,5.594164,12.911720,4.704920,18.269842
49.488220,28.000122,12.904942,41.616653,10.942547,10.266295
31.710520,16.701651,9.156671,24.753738,4.312886,5.408501
27.773104,18.350315,12.429131,26.790564,7.040378,17.061319
13.676836,9.563087,5.822619,16.640406,4.517498,2.582798
7.511699,5.123941,2.909812,11.534877,3.655109,1.717244
7.521095,5.348270,3.173810,13.759101,3.338268,1.440764
17.363314,11.447244,6.420111,52.903896,16.442242,4.754427
6.136766,3.939941,1.576596,8.191104,2.535927,1.440341
12.614511,9.153140,7.735669,12.989127,4.287710,8.960777
14.420366,9.831965,12.083739,27.631289,8.152344,6.775815
17.693514,12.476742,10.445521,33.986301,13.278955,45.729534
10.934793,7.484126,8.686095,80.405960,21.465334,10.147341
11.736362,7.706812,16.165453,62.210720,17.053085,76.638214
16.117363,11.143969,5.009820,20.857157,5.131113,5.639316
18.521135,12.296408,6.507168,22.259529,6.264730,1.773619
40.886990,16.645147,16.420246,34.331516,8.540055,17.924313
38.608974,16.645861,16.124710,33.395802,7.296268,16.330887
29.980940,20.153730,11.352333,22.669256,8.755763,41.078751
13.283017,8.942330,12.395905,34.622070,10.511715,39.294193
15.229704,10.116493,4.705974,34.038109,9.188437,1.848548
8.168909,5.998537,4.844765,14.358270,3.952256,15.599272
8.912553,6.161302,4.784578,12.865415,2.916725,1.843925
11.209524,5.558681,2.611562,29.976065,10.099273,18.256947
9.733201,5.368716,3.292388,39.651356,12.297523,25.807323
23.369873,15.441299,8.507422,24.606012,6.109064,3.518162
18.348900,12.909558,8.266364,36.525433,9.716608,12.595173
14.110724,9.687905,8.051611,14.570856,4.207968,2.767730
7.786195,5.268649,1.512375,23.952526,7.074883,2.091467
14.123063,9.652392,6.510849,10.373475,3.153141,3.419569
10.868322,7.352994,4.182295,19.491854,6.371325,9.550344
38.635555,25.307280,23.368687,41.858917,10.089608,12.175530
20.858616,14.444335,8.701518,21.946257,5.976252,19.387632
10.880729,7.257160,1.992100,9.472112,2.492304,2.233364
15.337506,10.283237,12.380280,21.721813,5.078982,35.341263
29.698742,18.727100,27.031570,60.083492,17.059044,16.697149
30.910969,19.657185,24.079010,91.778679,24.378927,20.563656
13.799762,9.395156,6.873836,14.993465,4.159320,2.694701
11.785072,7.853013,3.965966,15.967785,3.777804,6.352597
24.797459,16.652954,4.959347,27.697701,8.150313,5.475121
28.539597,18.942324,6.658402,30.665152,8.848971,6.995212
8.562882,5.785208,3.128617,10.602852,2.173848,4.185739
13.649134,9.247548,3.087312,13.077962,3.111332,10.490429
16.748362,10.992674,16.047739,46.525055,14.554711,36.956203
9.462514,6.524227,4.105616,37.542637,9.586207,3.385337
24.283684,16.510170,17.912323,51.066910,13.864185,8.653672
8.729530,4.381227,7.396761,67.400291,19.059505,14.329691
38.127911,24.374393,11.357588,27.978588,7.824234,25.598269
11.965560,8.554404,4.342626,17.555954,3.976179,15.855353
34.315414,22.380474,19.832508,63.173382,15.578769,39.967644
6.891719,5.075754,1.433676,6.872677,1.399255,4.451543
17.749525,12.449650,6.937411,12.575739,2.689559,1.844638
25.329384,17.352089,7.529635,5.251039,1.183021,3.991293
20.658533,13.867932,6.730192,20.650604,4.512952,5.345420
15.304456,10.118317,4.403614,32.168568,8.956959,3.192097
9.007048,6.469114,3.204692,15.241439,4.731819,2.111359
8.095521,5.572901,2.548305,11.156008,3.066238,1.864021
8.423913,5.826018,3.095465,3.329251,1.124498,1.224033
13.948803,9.734906,5.337659,30.735786,7.737661,27.177166
13.685369,9.398007,12.120868,33.959942,7.187765,3.684973
8.691507,6.195474,3.661897,14.781856,4.085018,0.654671
10.859960,7.779986,4.733551,11.154457,2.431082,12.984383
15.214758,9.424282,42.572716,138.167786,44.715965,245.022202
83.067223,48.310673,21.960369,49.025295,10.286987,25.557583
38.012527,17.631334,12.775961,41.476917,10.207355,5.751713
11.824770,8.370765,5.241970,11.465228,3.356796,5.209504
30.885891,19.827444,15.748989,58.308884,16.129604,53.744614
10.135178,6.832406,4.089123,16.660696,4.836017,8.864927
14.039703,10.015591,4.398792,23.672308,6.573403,3.849122
27.676058,19.105486,7.586875,23.933037,6.652209,12.818277
33.235027,21.845367,13.661982,38.297871,9.048887,11.167296
19.414566,13.722490,6.498032,23.821049,8.498705,35.168865
9.691601,6.296911,4.605896,16.272017,4.144195,1.609826
11.019302,7.834852,7.133232,24.056234,7.954642,53.859047
39.006783,25.488184,17.199635,91.406326,25.689611,13.345098
13.801313,9.914254,3.817424,16.244534,4.342019,2.892538
18.788612,12.731327,6.516308,29.982414,7.048922,2.389370
15.133309,10.136914,4.281700,40.478474,10.184990,2.287655
13.072757,8.306760,17.798248,78.982170,21.715473,47.957054
9.179934,6.372598,4.344076,18.007942,3.313646,3.516051
16.001003,11.185024,11.816939,24.182873,6.660442,3.367176
9.064658,6.378157,10.064454,15.402608,4.383068,6.736497
10.408545,7.084087,3.419230,20.829576,5.561456,2.967462
9.570816,6.702511,1.934180,30.067835,7.604437,9.430011
18.822521,12.582302,12.691312,76.312569,19.730917,21.019629
4.667204,3.435333,3.238136,1.555487,1.128280,1.394782
17.250156,12.290567,6.023633,17.059877,3.555863,1.393730
50.861893,30.239325,16.656786,58.351910,16.702919,70.693176
16.493052,11.752592,6.861728,10.998046,2.609236,1.403387
6.500319,4.593264,1.678001,10.112953,3.789586,1.496826
28.979242,17.762903,23.807009,85.440704,22.566126,32.301685
13.588048,9.234336,25.007984,56.969292,14.531250,13.159605
16.331816,10.926450,6.072724,12.765380,3.676454,10.395786
4.324694,2.901364,2.392519,9.438614,2.290531,1.450756
13.045214,9.079723,14.400171,33.573818,10.624704,27.023708
8.896472,6.019543,3.136555,1.280615,0.804295,1.968490
24.708160,16.018908,31.014631,95.286125,31.534012,119.205040
19.376553,13.253676,8.681736,30.669592,7.071863,5.433921
11.426824,8.100932,5.040453,33.837063,7.963148,2.882011
5.200126,3.828593,3.167407,12.394073,3.854275,3.129008
11.041331,7.908433,3.347955,23.435207,7.146540,14.862041
41.744537,24.039118,30.349710,123.196205,29.220938,31.186138
7.558692,3.032009,2.391518,26.071295,7.918571,3.932263
9.181083,6.330051,3.342430,11.933744,2.360903,2.674149
10.326523,7.310207,3.787609,7.465795,2.986492,1.659867
13.258033,9.062493,4.149494,9.254635,2.740209,7.311964
9.391579,6.458726,14.498628,80.319855,24.831953,91.138580
19.884716,12.870728,6.895350,19.843636,6.832921,18.934011
10.088519,6.800296,3.696118,14.236779,2.779562,2.132388
5.291301,4.031515,1.834569,13.223350,3.741450,1.431399
19.313908,13.063949,5.832507,25.746969,7.113872,4.469484
23.052792,15.581253,6.915683,32.160427,10.578463,3.820480
8.848317,6.208092,3.120945,11.983430,3.999755,11.896462
10.902938,7.458675,4.148812,3.587216,0.993080,1.232371
33.934593,22.846939,9.661220,27.939989,8.581372,32.912674
21.646954,14.280035,7.748149,21.060644,4.838787,8.991473
19.231716,12.469179,12.503158,45.010429,9.874551,21.182518
8.611066,5.906453,1.662938,10.171101,2.373513,15.707355
13.735397,9.501911,8.619275,10.894740,3.556866,16.518583
6.040983,4.486671,3.611907,19.374773,5.288773,2.936922
17.478226,12.107707,4.723977,17.182856,4.957165,2.235309
10.552275,7.297220,3.159538,20.471710,4.608946,4.649908
7.202884,4.877957,2.920459,4.163007,2.054343,9.186016
13.509682,9.212979,4.005019,15.937940,3.655931,3.296971
40.859619,26.977280,14.465410,63.697002,15.892957,8.148213
22.239901,14.521085,7.485423,35.109756,7.017883,5.449324
16.138266,10.762240,4.220272,41.349976,10.914120,6.095867
12.649559,8.720975,4.711488,14.779882,2.847006,6.554364
5.457283,3.870045,1.610057,12.348470,3.905813,5.632941
7.918146,5.768561,3.597377,12.593732,2.716610,10.961066
10.784890,6.993872,3.643652,5.341023,0.731647,2.803982
4.559986,3.564850,2.377597,8.613689,1.686605,5.995163
40.053905,26.088175,23.733040,70.225380,18.707073,55.029579
12.277033,9.048773,6.128280,12.541702,3.225457,5.008567
26.234575,16.677633,14.862092,26.575434,6.226184,18.768692
6.889362,4.692620,2.757955,5.370083,3.535455,1.753705
14.951563,10.345221,5.964193,9.976049,1.915447,6.846479
57.164757,34.601120,19.344851,29.604622,7.735745,33.827061
18.398485,9.475536,7.390424,23.127079,3.633260,6.836651
18.087286,12.251984,5.939345,13.331483,3.795124,11.930024
17.815182,12.023965,7.560697,25.661516,7.133977,7.742887
31.425909,21.460440,11.043036,45.555164,10.970222,7.798582
5.708471,4.120630,2.881116,2.577214,1.091451,6.326686
8.593444,5.855052,3.796989,10.825095,3.167845,2.577772
6.795173,4.634843,13.163400,60.487034,16.547567,105.528076
13.720431,9.364319,3.588685,15.896738,4.911447,2.229872
8.482204,6.483557,2.901795,7.369640,2.183798,0.714599
14.619801,10.189002,3.981403,14.093316,2.936548,12.766666
6.532957,4.318285,4.650055,11.713233,2.285355,3.802771
18.498127,12.424999,6.574904,15.212495,5.339789,36.834080
42.885544,26.911852,12.716413,39.798676,13.009663,89.922585
22.046366,14.606279,14.072893,39.260555,7.090494,4.083594
31.767246,20.555662,23.126528,74.910843,21.769012,41.063377
31.577337,21.182011,7.116965,16.340412,4.787658,14.257000
37.226898,24.224016,9.787349,60.193165,16.574579,29.964478
16.347319,10.836223,6.370009,36.788353,9.073949,1.755057
13.645212,8.857471,4.922618,37.618793,9.300726,3.966088
13.661621,9.685178,4.803288,17.267723,3.878607,2.904733
6.543877,4.212838,1.864422,12.499639,3.830128,8.233144
19.736193,12.722120,6.253686,20.296425,4.707420,22.541412
6.716762,4.879035,1.977192,13.800539,4.855320,5.709750
31.848810,20.615934,23.756187,88.153450,24.052572,45.606911
13.999112,9.576137,6.778276,32.318840,8.464568,3.580333
15.007465,10.382897,4.519294,26.475487,7.330903,11.175283
12.559070,8.549081,3.278467,27.013523,7.326751,8.424493
10.539310,6.182854,3.492522,23.880556,6.858762,10.346865
18.194477,11.267480,60.220047,108.851982,34.733353,121.745667
38.149258,18.980984,13.229155,52.434361,18.072729,32.195789
17.617071,11.923129,6.527185,25.956194,6.479766,4.206311
28.149588,18.985199,8.665647,27.935446,7.553122,3.054561
10.370575,7.544605,4.530743,9.425918,1.153000,1.777577
10.934918,7.970595,7.340274,17.352911,3.980963,8.219899
8.458020,6.158441,3.343947,19.109812,5.607954,1.724722
13.009331,9.266577,5.266855,42.583519,9.989600,11.491632
8.432227,5.576762,6.333106,55.720089,15.257505,21.793440
17.289722,11.536396,5.965219,24.207596,4.920106,9.548331
16.227943,10.933599,6.243660,26.164333,5.317882,2.366808
14.394939,9.627080,6.278510,12.118131,3.916402,28.270733
41.927170,27.083967,25.775604,97.577545,23.434052,19.205982
13.220422,9.048733,4.200264,14.373649,3.536449,5.017319
12.783470,8.696540,5.137123,8.781808,3.811764,37.638844
14.138401,9.797135,4.630432,17.126329,5.886498,14.684786
27.165707,17.876078,10.449631,21.316980,4.515521,10.928297
8.070901,5.593732,3.198204,3.846487,1.203782,2.357275
38.728168,23.754604,19.005548,96.977966,24.112965,37.329578
11.355459,7.566046,13.669751,85.617577,24.610891,66.125465
24.147076,15.844648,16.568174,100.681808,24.906139,9.159645
13.647880,8.858141,9.002020,36.315434,9.863162,20.105778
6.055330,4.423465,1.384988,7.566974,2.924841,4.889441
32.528545,21.086906,14.933502,42.068947,10.784643,30.729523
18.572733,13.041070,4.253367,3.304502,1.010100,2.397864
13.192768,9.547737,3.933590,15.066656,3.650097,7.739634
12.263225,8.606496,4.780796,13.145169,3.627607,24.275278
8.191752,5.572927,3.023212,10.865808,4.179868,6.061449
13.424277,9.288642,14.812860,77.903000,27.323137,114.548470
16.682970,11.856339,6.451573,16.744173,4.921240,14.103297
14.947029,10.236203,5.485673,34.092281,9.503982,11.238303
12.596495,8.583604,11.782271,37.733719,10.955984,4.187827
21.277548,14.517453,6.458251,27.254740,7.529423,28.513485
18.277166,12.368500,14.608815,27.616175,9.023203,41.972305
4.834578,3.904920,2.012813,13.330669,4.412831,1.294251
7.731300,5.189568,3.346958,11.615323,3.558207,5.153822
49.571651,23.653536,23.932274,73.270187,20.373632,39.575897
49.694988,23.690891,24.329887,76.590698,20.074928,36.216335
11.775762,8.134660,4.259654,27.641132,6.136952,4.689244
14.354556,9.613769,5.839756,35.741730,9.562244,14.167294
5.971466,4.312810,1.775655,12.531726,2.582953,2.307528
15.244365,10.655416,10.120780,28.167149,8.898869,6.597648
10.809999,7.664725,2.761801,20.240599,4.330604,2.174301
7.815543,5.277825,1.647522,14.532865,3.158845,1.635887
15.998485,11.245446,6.549969,39.671490,11.665137,16.012640
6.351532,4.421310,2.456039,22.569561,5.649910,4.275314
23.594744,15.583455,5.325630,20.768250,5.249180,13.215179
9.720830,6.748786,3.334092,40.512867,8.285590,3.880305
62.238922,36.221745,23.482630,70.129204,20.108816,67.933075
13.422246,9.621033,7.953952,17.112839,4.523991,3.486968
6.052022,4.181574,6.139418,19.499104,6.583660,4.969361
17.759134,11.696165,8.084777,29.881763,9.970155,6.803589
10.131817,6.985118,3.174077,17.252237,3.417110,17.019665
5.511563,4.013667,1.999663,14.514347,5.911847,11.131256
6.261302,4.838463,1.913632,13.056044,2.695209,1.503329
32.149036,21.144966,15.843231,42.132416,11.084716,12.211031
19.043272,12.646894,4.815432,28.564539,8.815923,28.307741
8.145165,5.586460,8.358200,26.338745,7.650557,9.067030
15.988756,10.924212,4.406995,16.113209,3.368161,3.159547
29.964750,19.709436,11.639228,26.736441,6.381632,12.638105
18.756792,12.559479,7.764342,47.069889,12.260178,6.450666
9.396367,6.311760,4.145419,44.254009,12.493820,6.454019
11.305424,7.901771,4.655251,30.798235,9.755418,2.577944
12.397912,9.126828,5.581507,17.989292,3.566100,5.846525
14.090742,9.909411,13.220003,35.908165,10.868637,3.993131
11.603621,8.121856,4.837573,16.846806,2.857134,5.478967
37.496349,24.571159,10.464952,54.413158,15.770531,23.405106
7.385541,5.105123,2.316464,9.511370,2.457549,1.787212
31.987499,21.372137,8.652493,15.157822,4.223837,6.036511
27.986214,18.909460,6.505532,26.804255,6.734291,18.463373
10.137015,7.453340,2.081794,6.858477,2.402099,4.804298
22.925808,15.720533,7.551435,26.939512,5.337438,4.052411
18.868601,12.622619,5.579177,26.885963,7.521626,9.112695
16.389288,11.817061,5.830715,13.044350,4.020439,4.871702
16.506588,11.514981,8.416821,18.953205,5.229895,20.028189
28.441574,19.757191,8.469650,67.094650,17.707140,28.742104
6.088887,4.070319,3.544777,6.340656,1.903280,1.365206
15.740195,10.579452,4.818688,18.514681,5.422784,15.926789
19.392588,12.875789,8.957471,58.939182,16.995865,30.546612
39.279381,25.029428,12.251283,18.217573,3.459350,7.326934
25.554943,16.744968,8.120508,37.727097,10.092188,6.999230
7.594166,5.217332,4.652274,9.562169,3.229120,4.792707
21.794420,14.816092,11.519543,49.395390,12.098373,7.710797
69.547478,37.132492,34.342590,91.924156,22.546858,51.055801
6.321952,4.563169,3.415924,15.139624,3.520566,2.716325
25.809471,16.783585,27.123461,94.489670,21.530527,17.144009
9.496914,6.619009,4.624458,9.180635,3.515200,2.769020
21.587059,11.025868,7.009393,30.888367,8.527629,6.838545
37.790169,24.479328,11.034363,59.123875,12.851699,6.138090
18.575373,12.571785,6.614920,25.285519,7.296081,3.366950
10.724216,7.348761,3.631170,33.644222,5.186368,5.517430
8.800812,6.285230,1.937224,16.304573,4.831746,6.229330
19.660990,13.249518,6.872698,20.620998,4.298645,2.225048
28.077440,18.358139,8.968852,32.722221,6.815051,5.695878
21.128752,14.548894,6.390088,13.169281,3.516448,1.720193
6.501924,4.478459,2.507354,8.842664,3.280850,12.590264
10.427107,7.294695,5.189418,5.215589,2.286385,2.689024
5.363054,4.100393,3.034157,11.501502,3.462974,11.571803
10.326943,7.281266,4.014258,20.405647,5.169422,3.846408
21.122173,14.371861,6.368648,42.086311,10.643979,2.917597
13.610570,9.332582,4.313984,12.116761,3.519507,5.636265
12.049640,8.425793,4.145572,10.051244,2.490506,2.889137
25.408522,14.950916,10.852292,161.836395,46.292366,17.892801
13.634433,9.702858,12.183855,53.123470,12.931144,10.388352
19.250183,12.866529,8.155981,4.704551,1.021066,12.456355
11.415101,7.877912,3.723576,16.423100,4.766706,6.413959
11.714797,8.256153,3.321526,12.747718,3.316625,3.712547
4.786180,3.613685,1.889701,10.359014,2.339308,1.559633
23.304251,15.874710,10.435924,49.812054,15.037283,6.897256
11.558319,7.975681,4.760972,10.444464,2.799073,4.088776
38.564919,24.223106,14.727928,48.580635,12.597349,14.435457
9.269959,6.605378,4.195661,20.627701,5.118509,2.767411
7.613210,5.617293,2.598464,12.132133,3.849690,5.334170
10.527959,7.752426,2.857146,17.651049,4.449811,1.673445
32.990337,21.755150,9.733896,24.562380,7.028025,35.024693
10.041714,7.135504,6.365243,30.527710,10.760369,4.503732
11.099326,7.580962,4.128306,8.512281,2.082865,1.506525
13.639985,9.629879,6.661743,21.035263,5.216557,6.057042
12.042683,8.181894,4.458200,15.551497,4.466195,24.495768
38.030594,25.257612,35.687454,69.081459,18.084667,18.931969
15.527167,10.751607,5.210119,15.079272,4.162808,2.816382
4.518822,3.239554,2.092813,11.972248,1.248044,9.376298
5.437342,3.359061,1.831190,55.094265,12.841620,4.075136
10.106896,6.844888,3.295067,13.106835,4.126684,16.208590
37.427467,24.773716,26.518499,53.617741,14.351130,39.781010
17.264748,11.832116,6.095811,20.651133,6.190694,5.706985
5.014301,3.519039,2.563999,8.284222,1.669136,2.505064
22.021875,14.867209,8.890607,47.911366,13.551039,74.993378
29.725893,19.678123,8.677870,35.855606,8.871754,26.175312
52.514633,34.202042,20.350769,63.503258,14.236269,20.365561
26.775404,17.978483,7.565169,40.619656,10.641496,20.448315
12.023314,8.719132,3.608081,24.108952,6.991804,28.161242
4.066292,2.971594,4.999142,26.030422,7.646395,5.234848
26.730469,17.388742,10.908201,24.129419,5.971431,13.790373
23.677113,15.658449,13.613770,23.459831,6.346665,20.251392
45.378590,29.578133,15.485841,19.630671,3.873490,9.077472
10.084418,7.157141,3.468504,13.422705,3.501718,4.767887
14.107561,9.492251,4.426058,19.270666,4.937019,3.238842
20.102955,13.850662,6.911263,36.154922,9.302968,6.530494
32.349125,22.485392,12.744396,17.712877,4.444863,9.378135
32.847229,21.294266,14.094112,48.650455,12.938870,43.085621
9.582456,6.662442,4.946260,17.492302,4.236511,12.636585
21.965294,13.482399,8.551054,41.443642,11.312356,43.739052
16.495216,10.864615,3.910265,45.623577,11.958237,8.467802
9.737859,6.571075,2.932613,14.092266,2.868685,11.526136
6.018970,4.211794,1.471250,19.493492,3.673185,7.585622
8.453240,5.969697,1.679878,39.058155,11.734815,19.893274
18.062912,12.147765,5.154427,68.313858,19.927671,43.598827
41.841351,27.580570,52.357815,143.454559,39.199738,172.922516
14.078034,10.149061,5.916747,9.671990,2.371810,5.738128
17.534966,8.747883,5.653543,24.900063,7.063581,13.707110
19.027271,12.017162,6.696839,40.437206,12.254983,41.982559
67.882561,39.574238,38.767509,186.818054,60.043709,87.216057
17.199547,10.856517,5.155967,51.951447,11.579912,6.362667
33.904709,21.943546,29.491335,141.734085,40.808033,136.653992
8.117968,6.004443,9.787316,33.942810,10.040703,9.713270
18.494339,12.410594,4.647142,45.993130,10.826136,2.029029
9.399511,6.644285,2.801718,12.926395,3.709121,1.002708
18.709246,12.356149,6.632877,34.425163,7.537066,5.390681
22.395449,14.959965,4.690131,19.027590,5.038893,12.126919
29.026915,18.581758,14.942713,68.683144,16.241831,26.944818
71.721024,38.991871,32.967560,77.966194,20.063772,61.154369
7.026641,4.514183,3.506368,10.399699,3.119874,1.134612
8.201318,5.499342,4.118097,8.006957,3.044535,2.175782
5.713892,4.416662,1.287072,14.711452,3.158515,2.594435
12.542483,8.974873,5.267698,46.399876,11.628418,2.372222
24.836124,17.080818,10.449232,66.069328,18.540352,29.892294
44.775570,27.536489,35.481281,111.704033,24.202728,13.067733
13.417943,9.617690,5.038502,15.618286,3.385414,8.190753
8.983846,6.777973,2.544958,11.198649,3.168785,5.626390
9.438581,6.577237,2.458922,17.400869,5.525315,13.682508
12.966053,8.764685,3.821285,36.852894,8.814219,22.770401
10.932531,7.117496,13.885202,105.025314,26.278721,17.286816
9.060137,6.377992,5.217566,10.042315,1.788881,2.241480
11.769131,8.130945,3.737276,22.733351,6.252466,2.994316
19.353531,13.159661,5.503606,40.723328,8.924866,3.882293
18.355923,12.278357,11.743284,62.811279,16.255407,6.049478
13.371141,8.968288,4.744797,35.425404,10.883643,2.581407
16.314146,11.291584,10.198120,27.996096,8.000642,27.323847
26.715338,17.840981,15.775581,64.829300,19.862274,36.906265
51.273125,28.169125,74.416916,242.613342,73.572868,330.689514
13.628171,9.515445,3.365846,16.181723,3.722591,4.467002
12.334331,8.615071,4.866557,21.355707,6.162248,6.775023
6.871714,4.709827,3.559129,14.044587,3.594241,6.018606
6.148574,4.384015,4.143198,13.715220,5.462611,7.456943
15.893500,11.073160,6.839881,42.502739,13.088894,42.585842
22.260941,14.780939,7.357416,34.112854,9.286336,2.992883
21.863728,14.663571,15.576831,86.375237,24.184967,11.483108
13.717883,9.691646,5.499186,19.154318,4.119930,2.047520
13.862284,9.273993,5.518311,16.610035,4.798221,1.458064
14.915774,10.120325,11.564160,93.037895,25.283440,79.287575
24.631971,16.354620,9.635202,20.561239,5.170269,5.605265
9.032493,6.192298,1.083736,8.623432,2.021605,3.351445
16.391012,11.233616,3.512000,86.570602,21.192606,4.403055
36.770863,23.428223,10.409073,27.801348,9.115637,8.799587
22.208307,14.826603,6.454432,34.912846,9.436509,4.457737
16.940863,11.807641,5.345445,15.776500,3.911431,1.943530
6.934737,5.026862,1.884620,9.379573,1.654481,3.561417
20.537537,14.191748,6.479457,24.425205,5.829436,8.278885
10.681716,7.027477,11.513447,30.109161,10.266904,35.182045
13.897751,9.880549,6.540904,14.248061,4.292706,18.760609
47.018124,30.090145,12.258088,33.681744,8.123594,7.424980
21.523951,14.364238,17.768183,85.269501,24.186684,102.345207
17.535963,10.629229,4.465353,20.050894,5.192176,9.639460
16.004251,11.233293,6.072678,10.938674,2.479502,2.575416
10.450924,7.175007,3.897644,7.112243,2.134034,3.014740
20.442116,13.934567,7.163907,25.679474,4.759450,5.871778
4.486468,3.419336,1.926652,7.522726,1.050936,2.154357
14.017732,9.711097,15.501915,43.393169,12.221430,29.405531
9.478309,6.499966,5.737957,34.798397,9.316393,50.235920
9.808913,6.681844,3.926919,7.872035,2.644689,2.620130
35.874935,23.665672,31.161383,70.924751,16.964222,18.219059
24.016455,16.311174,6.855746,46.840256,12.451131,11.346203
12.777031,9.343582,4.729480,17.777910,4.461113,2.333750
43.226009,25.923384,59.404728,161.802933,47.367378,181.553619
24.370697,16.395039,5.569535,21.019527,5.451716,10.484582
7.593541,5.092514,3.938297,10.912385,2.684711,3.541160
14.619987,9.869531,8.875043,30.831430,8.781799,8.242558
23.131346,11.150747,6.265358,24.999401,7.891180,35.174934
16.492983,7.773803,6.453776,28.643278,5.982767,25.986027
18.246340,12.977004,7.503960,30.683239,7.530756,5.109515
9.046374,6.711647,3.413701,12.500066,1.956272,2.634430
54.158997,33.384853,26.071465,148.987289,40.848156,32.569962
18.170931,12.780746,5.914966,25.505056,6.533819,5.890840
7.049523,4.753973,2.122375,13.728879,3.123892,13.290160
33.168846,21.565296,10.764799,29.663452,7.310175,10.389778
64.000168,21.101171,26.687082,173.567749,43.149372,36.094585
17.594065,11.778605,15.000206,76.216904,20.060987,32.814251
9.015098,6.327003,3.121728,13.380627,2.893333,4.665477
13.708246,9.267931,6.495340,11.907586,2.986589,15.701464
34.649353,22.962807,11.685859,27.959078,7.156717,14.476214
49.405071,19.895075,18.233644,62.965542,18.596226,62.105923
43.355762,17.706530,17.580379,63.894295,17.533854,50.411495
19.966141,13.207640,13.471866,54.772243,15.819466,12.573456
22.425428,14.692295,16.297071,56.962791,16.406118,74.366982
8.383825,5.850595,10.563832,30.491362,7.447667,7.615185
5.525637,4.011600,2.225637,19.192844,7.081440,5.958935
9.734204,7.198606,3.882328,10.762240,2.044705,1.731840
12.834650,9.059093,6.909586,32.694416,10.418946,5.707507
19.458878,13.899040,6.572007,15.058082,2.767866,2.280267
29.116398,17.347841,7.391329,60.565540,15.803413,12.165739
10.848929,7.552650,13.352843,29.563145,9.723126,34.280106
35.433971,22.959772,10.525139,31.664591,9.637752,32.144146
29.240873,19.216892,12.125093,27.589363,8.143594,4.840497
6.423447,4.636558,2.910504,7.249386,1.466234,1.043363
37.434345,23.902920,34.839584,97.198219,26.099842,29.643198
22.054245,14.862215,4.404751,22.460073,5.603142,34.036037
11.914742,7.822141,6.612907,38.174480,10.517507,5.202266
10.342443,7.365703,2.758744,20.842766,4.984428,13.375766
56.068569,32.538025,32.024490,63.403435,15.854502,28.604147
26.409853,17.922701,17.694561,43.831966,12.721956,69.059364
9.264860,6.528129,5.488266,36.525349,10.727307,4.849004
7.947515,5.678133,2.358236,17.551392,5.659117,2.806889
24.035820,15.930975,9.330634,62.614635,15.889637,6.711477
6.809040,4.416816,2.768352,13.561125,2.557017,3.201976
50.605698,27.223747,23.706184,60.269596,15.922373,10.009388
34.443062,23.064707,9.431173,29.040541,7.319434,16.370028
33.202099,22.374100,10.764155,37.595337,9.076858,11.725225
16.981833,11.822644,8.162938,92.515244,24.854668,24.068239
56.979500,33.310627,30.239086,80.358727,22.240137,16.043066
6.178113,4.336596,5.377254,20.560011,8.225545,43.088146
10.731783,7.352717,2.329693,18.913849,4.600429,2.513111
11.280924,8.124283,5.637044,44.594059,9.840441,14.547874
25.695301,16.858568,10.454260,23.490583,6.104854,11.826877
15.910765,11.199706,4.440394,16.825562,4.656113,3.139881
10.783655,7.628748,4.658255,10.156240,2.882511,1.656945
71.081604,41.470722,21.015377,102.656784,24.949083,28.266230
11.559026,7.659421,5.278160,18.593889,5.311117,2.148258
27.419661,17.676006,26.991550,133.921829,33.292698,102.005951
23.708401,15.972776,14.755978,105.230293,29.488674,33.353771
7.251067,5.212821,3.379637,9.072569,2.056161,10.576101
19.264290,12.795305,5.811211,34.527622,10.518344,13.767318
11.565470,8.131220,7.757646,28.043215,8.856510,35.261875
8.385686,6.231197,3.216964,7.875485,1.581200,10.408947
13.817854,9.027367,7.675165,16.505445,4.781860,13.529025
12.746137,9.028900,4.210740,16.686583,6.289721,2.802338
7.263676,5.272107,2.698750,12.398178,2.899927,1.015510
12.156420,8.694508,3.720119,16.555998,5.115870,11.382829
4.618709,3.031555,1.811389,9.771693,2.099909,1.685456
17.334036,12.054537,22.461121,112.549698,30.817894,19.889149
23.711348,16.113033,11.954300,29.849815,7.998219,14.725188
29.462793,19.955196,9.925921,18.315296,3.425644,5.041674
22.208941,15.040430,11.950383,41.607212,10.999064,10.449037
19.342506,13.082381,7.765132,29.917624,7.000186,6.888050
13.995908,10.169314,4.867180,31.257357,8.030007,3.819639
38.735222,25.554539,44.783958,125.417007,33.098236,52.727135
27.006712,18.145546,13.142071,53.671185,14.872873,13.710370
9.211119,6.270802,3.838048,23.123463,5.860141,2.469307
34.366417,22.881802,16.033894,51.332394,11.877840,29.610470
15.069259,10.053446,5.181333,46.305058,11.283193,4.427328
24.291407,16.539686,8.971526,28.732872,8.277763,4.649483
30.151445,19.629929,12.211007,61.758034,15.895087,4.842741
42.948872,26.627686,27.340363,81.222595,20.617477,119.751961
27.394630,18.152262,8.827414,24.781977,4.997401,2.884820
11.007025,7.645251,3.943727,8.943157,2.947997,2.438750
33.144806,21.450615,10.600825,77.398834,16.146259,4.889610
23.630444,15.206311,9.324759,62.835888,14.467822,8.299166
15.512665,10.436131,21.248091,73.262505,20.137152,19.546593
5.123570,3.284726,2.340946,26.819187,7.217976,5.642212
27.680201,18.630764,14.793226,30.494701,6.850786,17.944078
43.846714,28.346685,10.233819,46.057613,9.208536,7.130398
25.101105,16.758707,8.090504,25.434092,7.531059,5.409836
7.995829,5.641804,3.064033,31.930569,8.731273,1.708959
17.187580,11.498513,7.059457,15.679110,4.522323,39.690277
7.869890,5.342429,3.066913,10.446353,1.984571,1.189259
5.638186,3.658748,2.961082,14.858189,3.872462,3.414037
24.614693,16.891878,7.434741,12.383679,3.111991,1.989330
15.339167,9.979675,6.726627,24.111462,5.915061,9.464405
7.948335,4.459308,2.696478,28.676521,9.376969,14.411612
14.224904,10.025649,8.415928,31.579300,11.833415,2.519573
8.368225,6.202746,4.626635,11.342367,2.666836,1.976715
49.867401,31.622719,22.600134,65.313553,21.849907,132.421112
10.650840,7.321061,3.579732,8.220448,1.200808,4.367476
14.657319,9.810760,5.105756,13.369304,3.151976,7.138239
34.863270,22.738276,12.202111,37.673832,10.638475,11.489040
23.951561,15.496734,12.127038,35.662411,9.289814,40.846630
10.552928,7.233379,2.495082,30.395664,7.165842,9.038302
10.945722,7.230390,2.322023,10.145341,3.148024,4.111920
6.875150,4.648154,3.749846,5.005369,1.903992,2.489325
20.916470,13.917912,15.708716,73.426880,24.096922,79.357368
11.572932,7.953795,7.281840,74.452431,17.777618,11.641870
8.375297,5.555347,3.941264,17.310873,4.832356,1.939857
7.581977,5.435993,5.851642,16.166876,5.121033,25.774996
7.156544,4.636761,1.589128,15.782948,5.141457,4.254646
28.815752,20.115225,9.766657,24.655231,5.054487,7.480621
37.491222,20.762239,19.734642,38.472366,8.982269,12.727056
5.936038,3.812832,1.561246,14.835388,2.646082,18.413836
5.281871,3.515007,2.993129,14.062948,4.255663,14.557809
7.536211,5.294676,7.202881,46.034843,13.582974,17.515814
12.564799,8.688423,6.507385,18.238249,5.519960,21.251230
22.278172,14.576876,10.910203,48.572262,10.894238,7.960914
25.568172,17.222544,12.555511,51.242672,12.828955,8.311580
20.816263,13.657276,7.447189,23.726820,6.805067,2.993375
12.448466,8.456309,5.079396,22.916342,6.292784,7.341605
5.044323,3.247081,1.235806,13.693585,2.734405,2.194489
11.965811,8.292243,5.255448,13.459676,3.226865,21.423109
23.648302,15.338427,18.517014,74.779305,22.792648,115.076584
17.448645,11.813829,7.619354,41.412136,11.501331,4.056451
14.708633,9.981017,3.590541,20.014715,5.691344,20.909290
27.541910,18.725866,10.463386,26.593906,6.162626,13.664922
10.157811,6.756690,3.498594,13.712374,3.585281,0.992465
14.313296,10.274719,3.389585,29.776606,6.335136,2.663557
11.124743,6.195115,4.347572,9.046616,1.370080,8.477509
13.479742,8.660645,5.606253,9.526710,2.490550,32.996037
11.161193,7.862425,3.463229,8.305390,2.527256,3.690697
16.110075,10.782488,7.079437,28.002773,7.465096,3.340583
4.959236,3.485866,2.520190,18.219297,4.194424,0.616672
28.268124,16.626486,10.316431,41.546494,11.773019,30.297768
9.791568,6.701175,3.023582,10.970387,3.222573,7.728715
31.790092,21.462940,13.845158,40.405472,7.984772,7.656813
25.568462,17.339716,11.549891,65.189453,19.125834,44.481285
20.865030,13.900357,9.291521,25.645077,8.034446,34.272163
12.145036,8.323591,7.912037,49.159340,11.908849,9.449705
9.516929,6.868562,6.949234,27.501492,7.498835,10.544456
11.592973,8.168141,3.830548,39.357044,9.481594,5.821904
12.131001,8.310766,4.310062,11.018303,2.420443,2.948769
6.182421,3.902622,11.070275,24.571554,6.588523,23.039043
25.135942,11.727183,12.212774,33.203102,8.951177,18.326324
21.035250,9.122948,13.671996,45.038864,11.316194,21.096838
26.131332,17.631819,9.384381,30.926779,6.678908,2.911726
13.659844,9.281924,4.139623,14.737127,3.830431,3.107041
7.641658,5.500306,3.192946,28.402164,8.244004,7.348428
7.721631,5.621401,2.769798,31.597677,11.007347,2.109196
12.257994,8.342246,2.791450,28.275913,9.065896,9.879295
13.595304,9.214314,5.336367,11.625136,3.378201,5.917961
9.352312,6.673361,2.762760,14.476413,2.967404,1.404963
24.199348,15.951393,8.446989,21.441074,6.713959,62.715805
9.444976,6.914534,3.861851,21.377609,5.549226,2.942358
13.320218,8.950328,3.131726,35.746731,8.302597,6.728421
9.602704,6.563097,6.407450,24.392435,7.105157,3.284736
10.708927,7.237145,5.383482,14.801473,4.187776,8.277164
26.226944,17.594624,8.218740,28.520468,6.576803,4.528955
26.898914,18.069937,9.259141,21.021255,5.926762,27.317595
50.342735,27.915415,14.376325,57.209457,15.232790,18.333447
23.778393,10.466417,9.105609,69.324539,17.090630,16.011032
17.356066,11.650874,9.308888,65.599373,17.308353,10.518582
6.030879,4.342348,2.633742,12.782973,3.597894,2.780720
7.224796,5.297333,2.978675,11.521242,2.136477,1.276826
13.926757,9.719976,10.132930,53.037441,12.627499,19.349529
41.352627,25.958553,27.736069,124.978561,33.033379,27.761232
15.466565,10.830504,4.739125,41.390251,10.354939,6.357147
13.037521,8.848575,3.443545,19.732615,4.573073,13.010192
16.788639,11.521411,11.155034,25.869921,6.818853,8.821868
6.148632,4.493474,6.800983,9.587278,1.516538,6.460022
17.234053,11.099954,10.736902,41.630077,12.511400,46.970154
14.831717,9.914863,9.040303,54.861217,12.179487,8.318933
93.370277,46.936531,140.779633,503.327972,131.788223,203.130325
8.452012,5.870226,2.790336,11.122272,3.157139,7.547597
15.330283,10.417328,4.722690,22.472467,6.952674,30.261515
17.574772,12.001256,6.342736,18.298040,4.745459,14.477270
11.334407,7.904990,4.877828,17.849155,5.199323,3.718839
13.041253,8.669390,9.365919,34.594635,9.903284,6.213093
9.080865,6.307260,5.054406,13.028489,2.439936,2.572624
59.544300,34.426022,45.886337,204.969177,51.602596,72.052948
21.719276,14.576661,9.178062,40.217827,11.949607,6.722525
33.913490,20.896107,13.052337,44.621449,13.185966,13.620014
16.707508,8.932893,12.439098,52.521439,12.899488,12.867345
17.827883,11.873003,3.956393,21.552814,5.898733,28.691490
33.891651,19.285126,24.339462,137.537460,39.589745,17.961781
19.686651,9.755503,13.311574,88.964821,19.551277,9.164946
19.706753,12.524895,5.596098,15.278377,4.229438,4.277828
7.559270,4.978033,1.109521,9.610917,2.652484,4.366724
29.645561,19.771162,13.596334,33.224785,8.128226,21.245461
7.836046,5.608462,1.643561,15.680059,3.930036,2.504566
13.371532,9.102660,5.317207,22.248304,5.121874,2.427861
17.602530,12.007524,4.055705,45.476227,12.868605,14.519547
13.215556,8.980186,5.934617,20.751181,4.448590,19.080549
5.471892,3.810250,3.001830,7.059598,1.467088,23.935196
11.237939,8.081873,3.614597,19.163464,3.421994,9.592432
14.765718,10.045958,5.221688,31.182972,5.452153,4.983592
10.180605,6.775955,4.328448,17.813103,4.637490,5.209415
7.286420,5.213550,9.583079,39.334877,9.650811,4.614848
10.967581,7.285720,3.905755,8.954690,2.143368,9.856922
13.937459,9.550706,4.392709,14.460092,4.193369,7.657787
11.098881,8.241300,2.438831,32.291367,8.523087,3.602378
13.087846,9.197900,4.341076,12.585946,4.455726,7.365277
15.214978,10.171034,5.320672,18.356743,5.419360,14.533072
28.325085,18.289333,9.992278,26.027893,5.679744,10.963935
27.870846,11.443309,6.657356,21.805288,5.989999,6.236007
18.959240,12.628922,5.708233,47.574589,11.039760,6.554660
23.098944,15.695699,6.644122,86.159065,21.390980,6.289652
17.165085,11.734644,11.768609,33.718063,11.892744,49.613224
26.913368,16.332031,17.713575,73.535881,16.537477,47.062611
19.622204,12.825991,11.325068,52.423038,11.986629,8.988536
17.676571,11.550042,9.599197,62.284126,16.193947,19.675104
29.286833,19.091782,5.329999,46.329979,10.369907,8.357343
19.593445,13.656285,6.710488,25.671387,7.307580,2.696962
4.577117,3.212008,1.158141,6.954576,2.478089,6.903022
17.780697,12.198605,6.344516,61.707214,14.819735,2.527647
32.738716,14.889512,13.165304,11.769159,1.056268,5.035887
37.727757,24.087713,10.558433,35.116135,8.895581,3.658514
10.100551,7.055219,3.594269,16.338324,4.508917,0.806800
16.166637,10.543247,3.677634,25.310186,7.574300,50.677444
11.090205,8.047494,3.164949,13.536451,1.700648,2.520311
25.535170,16.422701,6.867146,30.657694,10.549580,50.946682
12.208451,8.328053,7.042365,15.716930,4.436952,18.147972
18.471401,12.352328,6.310687,21.042095,5.104068,16.790174
9.469468,6.908240,2.241746,7.055134,2.307043,4.773680
44.964748,28.189663,13.768982,26.883873,6.722425,6.586484
12.059953,8.424302,5.199666,11.071112,2.797679,10.737757
26.202927,17.289850,7.885064,30.701258,6.981133,4.685856
13.291797,9.552483,5.802251,17.311069,3.385285,9.952781
32.688858,20.678329,22.319534,64.410965,16.160950,14.576015
16.083952,11.107099,5.231301,8.829971,2.276059,3.202980
38.465759,25.283058,12.741665,23.942158,6.856267,5.902248
14.550310,9.871103,24.044792,83.856224,21.296566,12.074300
12.998192,8.500850,7.689392,49.509174,12.912250,17.035679
12.277305,8.164172,3.827759,11.743147,2.233476,2.055375
9.316075,6.015080,3.964383,11.102322,2.995560,3.808300
16.467951,10.655237,5.001836,40.041798,10.458987,3.335716
23.288622,15.784696,12.956036,34.520714,8.153205,6.531532
20.680857,13.739469,8.793335,23.564707,5.995882,4.384570
56.272106,21.916681,15.575959,69.244598,19.167980,22.735096
50.617157,19.984291,15.617567,83.268356,19.934475,23.229849
9.699471,6.448174,4.497748,6.747491,1.431595,2.485151
21.805027,14.771827,8.869925,30.255320,9.497397,49.427940
12.620295,8.521132,5.385756,12.496592,3.530209,16.586439
5.789032,3.901448,4.123294,21.166168,5.921973,1.963466
45.142963,29.226997,14.078302,52.064003,9.817376,8.321865
36.168453,17.106403,12.555232,62.332886,16.070599,9.329056
33.502087,18.604832,13.043868,46.593941,11.329857,10.828275
8.126686,5.895226,2.547329,12.954650,4.935569,1.993339
19.178133,13.079383,16.313276,128.004715,31.461760,14.985492
30.611927,18.596138,15.742558,74.212257,21.756567,112.109840
12.401884,8.539097,4.975551,43.023262,13.183904,6.439861
8.767508,6.184502,3.342214,12.394126,2.287736,1.848781
29.041498,18.879395,15.901890,50.166710,16.743271,98.781754
27.561234,17.817326,9.123658,85.708595,21.735500,4.595903
13.729594,9.980316,4.874160,18.490074,4.782112,16.248798
16.189768,10.713244,10.556936,42.425842,9.762887,10.449059
25.817183,17.469524,6.517455,24.358686,6.555929,4.115525
8.362823,5.758764,3.749596,22.162462,5.051554,1.470011
19.794935,13.555310,5.448592,38.755756,8.913962,3.174981
30.138472,19.716608,14.993232,37.537872,9.033350,13.792156
15.505431,10.614240,7.089652,48.006752,14.662123,7.929740
22.591965,14.722695,8.251564,26.547279,5.343651,6.319797
19.660448,13.571519,7.416456,26.700663,7.205204,12.592360
21.449183,14.273507,8.273944,29.630974,6.780821,1.739315
14.893211,9.889939,9.234863,81.310234,21.323753,14.361395
34.017792,22.728035,11.111840,36.629673,10.175741,7.905685
6.761449,4.427162,5.290058,26.351921,7.249186,1.427479
6.397250,4.511480,3.999837,17.958872,3.793609,0.674703
17.721024,12.016936,9.928772,55.002468,17.886818,29.834957
24.630621,16.680573,8.227880,24.671721,5.123873,2.921335
19.240343,12.981069,11.387270,36.099972,10.411767,4.329545
10.014752,7.204856,6.967969,16.999870,5.180232,16.579346
8.781222,6.190258,2.554956,12.666989,3.084980,4.389089
47.099560,29.205547,13.316429,37.119781,9.339245,11.530344
18.269621,12.932462,4.874169,16.444378,4.919715,33.435844
6.765926,4.701118,5.935879,16.909727,3.878074,12.429151
14.608983,9.988021,3.933824,47.502682,10.667843,2.404522
10.751779,7.562487,3.918031,15.497581,4.628642,1.634765
4.512996,3.319892,1.686384,26.898640,6.356230,2.996101
60.108982,37.351334,19.850702,144.343918,39.322056,9.209602
50.576256,28.388510,46.090752,104.003639,29.278034,36.679699
7.687462,5.293878,1.724910,13.912589,5.827057,5.374336
4.621665,3.033613,3.353376,6.337813,2.002890,4.509219
50.923317,31.856850,34.698803,114.004768,30.952400,143.759125
7.386531,5.121933,3.683701,12.468991,2.634304,4.718675
16.040556,10.514036,14.721595,76.176987,23.435675,95.035507
5.727569,3.744877,1.498443,16.371353,4.224541,5.091539
20.810003,14.031235,5.132296,44.866447,10.012573,1.818925
18.850025,12.821252,4.485820,16.168407,3.257604,18.170673
7.629077,5.003650,2.271150,30.044924,8.309579,11.379491
18.562370,13.001178,8.090624,44.367413,9.164048,4.182158
7.387374,5.418093,2.157624,18.569071,4.549361,2.621912
12.868004,9.105453,4.505175,25.915272,7.667515,2.097012
11.524733,7.974240,5.424660,19.099049,5.154932,11.525628
12.579280,8.631504,2.452952,11.839039,3.406218,6.012453
18.160719,12.474687,8.440140,20.570719,4.803276,4.552479
33.603470,21.444513,10.791181,41.188293,12.162766,24.479589
9.890623,7.165189,6.222945,35.448723,9.191356,4.231159
23.319689,16.028576,5.237216,17.462759,4.813538,15.718808
19.973248,13.628989,6.025644,42.151955,11.436575,26.163036
43.613911,28.359047,12.185876,46.928108,10.786062,5.833988
15.621814,10.576834,10.007396,22.362621,5.992022,7.489540
5.659636,4.097416,2.345065,8.582853,3.861600,8.099296
9.173373,6.471334,3.891188,16.614374,4.620740,1.450532
9.912999,6.646363,3.291664,7.313230,2.193693,3.293751
21.068249,14.046706,9.263053,34.810471,10.400765,50.586193
32.081352,21.225630,12.483212,50.576462,13.375804,11.952104
36.596672,21.325087,14.455894,66.206764,15.279766,12.758568
9.735354,6.952374,6.904076,22.873636,5.125511,10.013686
17.652206,11.816688,11.976017,51.595768,15.067930,63.308247
14.458322,10.282683,5.979743,11.639319,3.949151,19.053799
16.189110,11.517070,4.614254,18.642824,4.620371,20.035309
13.972743,9.168963,4.567095,10.593085,2.909927,2.263429
42.584385,27.432386,39.211170,118.158775,29.975950,8.027245
19.189661,13.246400,5.608692,15.741458,5.453589,2.894013
14.395844,10.193392,5.792176,20.686234,5.423274,18.496244
8.897551,6.119599,3.822960,28.445824,9.342593,5.889031
42.296112,26.916470,28.906591,75.757957,21.472620,59.407581
33.552864,22.243690,9.747811,24.727457,7.434970,4.977315
14.253416,9.886804,4.417620,16.718906,4.540051,6.251804
14.730187,10.078423,7.667889,23.776072,5.965552,2.530477
15.636069,6.200227,3.056391,24.687962,9.565276,14.614955
15.899230,6.744907,3.455107,34.953686,10.601017,17.113338
6.476496,4.260487,6.773852,34.540459,8.912273,10.001463
7.530238,5.560793,2.719572,19.494312,3.126899,9.633144
20.908072,13.446633,20.276934,125.785828,38.634239,118.216202
7.642022,5.025079,4.861809,12.679833,3.542804,6.586062
22.279045,14.468040,10.803606,31.892139,7.154536,10.602109
29.704662,19.939692,8.958661,56.435772,14.037928,8.436852
6.540561,4.885888,4.760899,11.289884,2.688344,1.751289
23.655672,15.611657,8.695241,67.523216,17.512846,9.473139
16.647675,11.752492,5.082503,14.898013,3.930566,6.171993
11.758759,7.772668,4.031460,15.058414,3.729603,22.561296
12.330960,9.006110,6.365086,13.628319,2.682201,3.155277
23.593075,16.461123,8.220111,28.173935,6.879817,18.871386
27.848888,17.951763,9.014345,17.453852,3.832838,3.504207
35.274895,21.855942,34.307308,138.511368,43.347931,196.025345
7.265173,5.100773,2.339890,3.622099,1.000817,5.363428
41.576740,25.478642,43.656891,55.550587,16.049181,91.236893
12.427382,8.408242,5.130701,41.106201,10.925517,3.935251
28.822975,19.153368,11.701986,38.129948,10.659766,32.078491
14.625411,9.755174,3.701386,42.186966,13.228230,17.949947
12.334622,8.437421,2.789733,41.243244,9.749785,14.038202
55.769733,30.758951,33.493401,72.966194,20.359341,113.186676
30.861864,20.084171,25.019018,55.402603,13.277184,11.548237
47.511181,29.790390,24.366005,79.162552,20.144699,70.973709
24.452837,16.545504,7.584235,22.410994,5.096936,5.753595
8.645046,5.878181,3.404692,32.715000,8.114625,1.952695
51.436501,31.744450,90.280991,397.261749,113.126198,134.957047
10.012502,6.767387,6.359450,53.180656,12.516589,4.525859
11.614752,8.212607,5.338647,14.717954,4.368250,6.909617
6.426195,4.669992,4.699686,18.308731,4.761802,0.727296
6.145329,4.634703,5.197985,29.351770,7.084199,3.861274
24.867090,16.071016,56.244064,150.043350,49.175232,291.790527
8.317039,5.876571,3.235951,8.803067,2.693241,0.747541
8.019999,5.535879,2.903430,9.330965,3.640779,5.290872
9.974799,7.088889,3.092111,14.212701,4.163336,11.935874
5.214453,3.451310,3.112408,11.291945,3.549821,2.558037
24.113440,15.965018,7.754072,50.009930,14.666529,11.274475
12.875450,8.881103,4.197991,15.608030,4.545382,2.530976
60.363968,29.002251,24.300486,47.484543,14.730486,65.631195
52.320496,22.225435,25.639811,48.834705,12.254383,73.659050
5.052844,3.503622,7.358458,69.597496,18.618088,31.757246
9.537659,6.602282,2.104302,18.261616,6.376147,1.685964
55.442631,34.602379,16.532726,69.062714,19.249805,17.182405
17.950895,12.344279,21.929327,73.732475,22.965715,26.253357
20.318159,14.106863,13.953073,33.537472,6.900700,8.982459
19.604614,13.534134,8.032105,17.995022,5.805233,14.747328
20.908667,14.182581,7.982622,27.345806,8.475451,10.347621
14.683032,9.679967,4.794532,11.922875,1.974838,6.733144
12.794371,9.175118,3.483043,24.391373,6.746457,2.200384
49.676746,28.447826,27.905020,71.193817,18.849304,22.121677
14.271740,9.614164,8.122911,25.627270,6.817914,3.995948
16.321613,11.299590,11.885156,46.312576,13.733713,50.198292
8.272076,6.009237,2.392263,13.432816,3.336659,3.851294
13.014966,9.141338,4.528815,11.396955,3.223387,11.435806
40.890877,27.836060,21.498470,83.133987,27.346033,87.010948
57.430481,36.149429,19.227753,49.641792,12.924917,40.458588
19.554373,13.075152,7.816550,26.291054,6.556973,31.625071
18.676302,12.978535,5.475332,14.330790,2.875469,2.412738
9.565504,6.618638,3.732586,13.636889,4.686653,13.174584
9.500312,6.347838,2.689199,10.702075,2.522259,2.397716
22.179296,14.890686,6.372939,24.146639,7.984418,7.559168
11.519456,7.562518,2.584945,10.141500,1.790290,1.760570
24.258671,16.411797,6.659230,15.179217,4.870557,5.694903
19.161060,13.051267,4.925392,17.614252,4.419297,10.815821
34.706024,20.515230,35.110336,135.646515,42.193893,132.414520
13.702280,9.310061,13.612974,68.668793,19.803230,99.857635
37.178680,22.548256,34.568192,79.968941,22.842060,169.383942
13.618248,9.623407,6.970728,27.747351,6.409665,12.354437
20.355291,14.109435,7.004850,22.441143,7.337003,12.415758
17.571548,12.145536,3.687762,13.882497,3.172540,2.270138
56.098858,29.294470,23.057348,29.658133,6.451378,11.737925
57.563717,29.300377,23.884758,35.266727,6.744420,11.701738
16.879089,10.895224,9.635534,51.808895,12.917562,14.871859
16.073215,10.832135,10.576539,37.132420,10.451076,10.103422
9.929490,6.978853,8.497800,38.261051,8.911815,12.280972
27.354153,17.795225,8.778518,21.020567,6.319516,6.529348
7.103438,5.192746,5.937915,18.611883,6.059726,3.970887
9.285900,6.232147,2.561954,11.352766,2.211155,1.242959
9.248562,5.159037,2.835921,14.982950,5.368626,2.775013
12.371401,8.020192,6.710872,24.944923,4.428037,3.232059
14.448447,9.715824,3.608279,26.063978,6.904645,15.684491
6.797510,5.006506,3.628737,11.597514,4.001847,20.942041
9.219789,6.717642,2.679098,11.005684,2.680216,13.347404
19.209560,13.312677,5.685153,18.806583,5.818512,6.929908
21.823900,14.687576,5.846305,25.744986,6.284972,3.497927
17.367695,11.789513,6.229544,24.835442,7.334494,3.592856
19.908716,13.530541,5.492556,22.533400,5.753754,31.513163
44.922485,28.843094,64.780228,196.763443,52.620140,82.958710
19.986559,13.272397,4.924864,67.626419,15.438725,3.737661
9.100639,6.513084,5.380254,14.547712,3.827750,6.164353
51.892197,34.153408,19.542494,48.131878,11.679744,24.469711
58.838871,36.049458,22.980097,284.755920,77.244789,25.164165
32.193768,21.182878,29.431927,101.080261,26.902510,22.981205
15.935945,11.115589,4.220737,24.398697,5.232642,10.888634
9.520378,6.382515,3.686747,9.494337,1.561029,11.403708
15.158995,10.678473,6.117794,27.580559,7.194299,3.828915
7.208472,4.947589,3.846556,11.630520,2.103687,1.465906
17.327246,11.561311,5.214411,23.011572,6.528764,4.077312
10.119912,7.321938,3.747084,15.566087,2.301821,2.679986
11.074410,7.656680,4.886057,14.849050,4.182228,7.235904
5.653456,4.031272,4.003245,7.592707,1.347951,1.232857
41.217686,19.406546,17.176476,88.740967,24.885027,41.713566
32.766884,15.576859,15.436126,86.170280,21.312609,32.577782
5.207635,3.854210,1.205960,3.612839,0.664850,5.695343
17.291973,11.312469,6.345147,97.476479,26.042158,7.809653
20.764318,13.877846,7.547956,23.258083,6.503733,17.752691
14.044545,9.693872,5.736195,29.281778,9.424213,33.559490
17.317572,12.080298,6.800436,10.047008,2.534903,2.449685
10.403133,6.220748,2.949417,13.930978,2.611880,2.478261
28.859919,18.900890,12.483898,33.038166,7.377839,5.620947
14.473495,9.828404,4.910603,11.722382,3.434246,14.354896
56.582798,33.322598,23.795546,102.450508,28.860296,36.557278
23.874922,16.296053,9.347408,38.536987,10.852254,16.793154
27.492889,17.944614,7.691939,21.181284,6.332158,17.237822
10.854647,6.960333,3.483275,55.450382,12.849988,1.814343
30.044628,20.568800,8.158773,19.154066,3.609860,6.983210
18.962816,13.071527,3.308154,32.722759,7.358952,9.111661
28.825846,19.031578,18.647293,74.948921,18.597961,35.172516
10.707242,7.283578,3.650702,15.198979,3.080283,3.069851
15.479445,10.492835,5.261290,20.548922,4.942740,3.401118
10.247618,6.870188,8.954781,32.011055,6.998080,34.519032
54.320766,31.794592,36.578625,163.497101,43.117542,144.970581
26.968874,17.845961,7.468614,32.031971,8.500800,3.576790
22.472418,15.053268,13.108807,24.710213,6.578084,66.996719
26.685272,17.454205,6.023426,23.314367,6.215443,8.033983
18.606813,12.789174,7.226841,21.876081,6.230766,3.321838
17.490633,12.078376,14.613701,59.352432,15.007214,13.268661
18.645227,12.876533,6.145512,17.274321,4.369178,30.083658
8.836164,5.773510,3.403874,12.968120,1.756517,1.527582
37.456593,17.700035,13.281962,49.570488,13.282290,26.325718
10.296829,6.675333,3.304532,9.211654,2.732909,2.662872
43.301723,18.862667,12.603972,54.957745,15.661536,60.890594
43.191685,18.717548,13.216264,58.056271,16.150429,63.393414
6.023463,4.374486,2.793369,9.900296,2.791889,7.598033
21.402744,14.454864,7.243323,23.469067,6.095531,13.912865
24.546839,10.423797,12.740152,49.117157,13.617254,16.923113
24.356548,10.434887,12.860524,49.272972,13.411394,16.301636
5.667093,3.892391,2.689493,8.175583,1.767258,1.364753
27.741497,19.012415,7.496614,48.070805,11.634153,6.665486
6.187672,4.506813,3.886836,11.149330,3.162663,2.755579
18.403172,12.233470,3.475362,28.369886,7.594605,6.660306
9.879040,6.667729,4.498333,9.818548,2.725543,3.173229
10.180554,7.105507,4.562792,34.133244,9.768638,3.097491
8.854399,6.020578,4.642463,26.090261,6.531314,13.048463
10.950967,7.791589,5.456353,28.156954,7.375235,2.674955
24.704277,16.820679,13.839911,64.970917,17.869419,103.962067
16.625147,11.936072,5.174263,53.565498,14.317038,3.133442
8.243505,5.677799,3.153487,8.190179,2.031709,13.458569
8.197961,6.281295,2.945593,12.018669,3.367590,7.864600
9.001890,6.284600,4.370733,14.246634,4.462525,22.130661
18.418474,12.895528,6.201729,25.749945,6.081081,1.871835
20.723959,14.025888,7.042327,10.442351,2.647066,4.672087
23.591509,15.959656,8.028022,33.393894,8.332012,8.804549
14.689756,10.164121,12.527185,28.946356,8.114963,6.923227
8.880027,5.973962,2.238769,13.140913,3.107642,4.013543
5.831892,3.744969,1.433877,22.094995,6.409726,9.278203
15.962193,11.016851,6.631765,10.531642,3.008439,10.356016
8.938421,6.475242,4.406660,16.492453,3.693315,17.008156
49.031685,30.968468,15.132025,33.869141,11.883892,56.924133
7.617387,5.263546,3.721340,20.423786,5.707671,1.710447
29.146143,19.976303,9.481864,6.533092,0.863379,15.488540
38.610645,24.486301,10.521663,32.230892,8.052884,52.224449
12.313073,8.281651,9.080566,47.930534,10.574925,13.009813
12.501082,8.555110,5.605828,16.256729,4.134347,3.954679
4.693472,3.332286,1.595882,13.887276,3.772107,5.368278
6.208944,4.404171,6.207332,12.436926,3.516969,2.071252
35.880470,23.247494,13.076694,47.502262,11.933810,14.185829
21.153616,13.825324,12.667790,53.726849,14.569751,20.317045
7.982841,5.784999,4.437391,15.417179,3.521195,2.383648
10.876357,7.481128,3.427476,33.913902,8.767802,1.726287
28.511827,18.943562,9.625148,37.121689,9.515643,64.561081
9.429301,6.768496,4.355374,7.392113,1.021032,1.364298
13.982630,9.203869,5.450467,29.391386,8.065465,3.088667
19.784565,12.943421,3.506304,32.343594,7.394320,6.067704
22.153065,14.685212,10.986768,27.760777,7.840471,6.834659
24.483732,16.721069,9.480088,33.586365,8.575785,15.394508
14.060586,10.041880,8.328799,15.023503,3.227311,16.777143
22.664194,14.953468,6.291360,31.428392,9.385190,5.020492
13.443756,9.100732,4.144426,7.805822,2.489265,16.735020
14.421031,9.418711,8.927391,27.183298,7.783657,36.752621
22.965141,15.981527,5.942389,45.034092,13.153071,4.870287
35.940598,23.089724,11.391362,56.467705,14.238269,5.527488
12.828300,8.671340,5.175058,9.225282,2.988252,2.839369
18.024200,12.406609,5.960963,12.599171,4.753738,13.926842
11.436642,7.689228,3.853461,45.580994,12.795764,1.601999
23.601414,15.771950,9.432799,30.907713,9.188632,39.248333
4.940857,3.681768,2.213156,30.967646,7.559143,9.508913
22.881941,15.673227,8.551497,20.349701,5.879696,23.802160
17.024527,11.662172,7.746315,21.979383,5.274260,20.740471
21.486847,14.433706,8.027028,16.502672,4.194489,26.089277
6.154872,4.544260,6.891126,78.727875,20.093302,2.020572
29.933893,19.461533,10.202626,34.115036,7.773962,4.527262
10.404384,7.151783,3.752363,8.218006,1.526542,0.881754
7.356344,5.075306,4.321226,18.587774,3.554618,5.632189
19.990742,13.969997,9.219841,33.474636,7.450873,8.430943
51.298592,31.544474,22.432814,72.959351,18.959875,82.248001
5.344495,3.733167,2.199423,10.756722,3.081019,3.635194
19.157419,13.150689,7.313831,31.538136,9.193339,27.931334
25.505339,15.329309,25.018871,108.052734,31.816818,170.484863
13.700361,8.302142,5.574853,23.824554,7.118298,39.604656
25.750467,16.577658,8.183445,34.695713,10.028253,45.226871
13.719003,9.504459,5.153073,11.152631,2.715797,16.214270
15.258241,10.435911,9.431778,85.920486,22.832525,8.034272
20.015806,13.982127,5.391240,25.197784,6.862178,4.737306
14.883371,10.749262,4.653822,17.046932,4.144569,4.387866
7.434507,5.148461,1.669800,22.666641,5.875288,2.518044
34.362556,23.015728,9.330922,31.059252,7.946484,7.733508
3.801021,2.899270,1.567438,6.722685,1.880999,7.793287
4.990042,3.410627,2.264118,46.631855,12.176342,5.729903
116.675255,50.406792,136.869400,417.537231,121.857468,505.772827
115.682640,50.518566,137.290833,434.198334,118.742195,452.416901
36.043926,21.088856,12.936408,69.649437,16.457756,4.431498
29.950258,16.814417,25.295040,56.565460,15.248002,11.960752
24.469389,16.135653,11.835954,30.111536,7.174070,4.468082
16.942427,11.992952,6.189457,30.251081,8.312156,3.031112
24.078249,15.829315,8.424110,23.234100,5.380479,17.511101
21.226675,14.479383,5.494214,51.659435,11.958827,3.325904
6.630466,4.582380,2.530158,14.166731,3.762340,1.275844
12.380690,8.461793,12.632574,108.952751,28.177347,16.653498
19.499296,13.499647,5.257963,23.063322,5.593793,26.785971
19.761242,13.363980,5.939996,58.950344,16.046490,6.970345
7.761611,5.273177,2.599800,27.671577,7.674046,2.575319
30.581205,19.037407,27.850527,92.880051,22.814014,12.315693
15.307380,10.613056,5.567410,30.587587,8.582819,38.577797
21.690884,14.448572,8.315997,46.728016,11.291710,7.981750
17.124439,11.867252,4.570032,10.162924,1.741622,2.896191
10.536437,7.318802,3.471948,8.560295,1.625375,5.502479
11.479868,7.886342,3.435312,20.043123,4.079633,1.870672
42.267281,27.475298,13.577618,43.814552,9.261695,3.794354
29.962261,20.275713,11.394852,51.124531,12.184762,10.990759
7.322685,5.145620,3.015593,22.429592,5.670656,6.863747
47.027302,25.872778,34.407619,107.658203,33.356983,110.781830
28.308460,18.357241,12.970762,44.383945,9.665660,6.925209
12.808069,9.062211,9.557914,25.519936,6.762753,16.947855
12.805982,8.954091,6.015690,22.136295,5.373672,13.366067
21.292957,14.778711,6.429621,15.614642,4.093079,4.167745
6.142562,4.220814,3.035648,14.532108,3.887817,2.200697
17.263399,11.566077,9.542370,39.818367,11.169644,74.667770
5.576056,4.051920,2.428128,8.989716,2.076125,9.158792
13.465081,8.966419,4.665913,8.738624,1.995492,5.970802
36.817608,23.220331,16.262295,79.749657,22.367199,21.836185
13.158440,8.932402,6.024984,20.475483,5.776028,17.062508
35.942017,23.765120,15.248129,44.788269,13.064593,11.541326
22.281778,15.294178,4.818515,19.838003,6.000869,18.768229
10.893801,7.137861,6.696439,60.836021,18.744987,8.991848
9.908410,6.780532,2.624223,49.795261,15.173965,21.049280
9.739236,6.623170,7.257258,40.044811,11.647227,49.451321
52.738289,32.543362,26.117996,97.039520,22.289644,16.931473
13.459855,8.871643,23.734474,78.458206,19.384995,12.967746
20.194622,13.020597,5.684323,23.440008,6.665132,12.094915
23.307123,13.309238,6.957858,29.971519,7.684612,12.187476
36.547001,22.965345,18.997202,43.626549,11.801801,31.138823
18.796803,12.623101,6.962503,36.708611,9.273369,10.035600
26.661448,17.842890,6.935310,21.277584,4.368519,3.741424
20.114769,14.128762,6.704915,14.816159,4.803375,12.747893
6.596675,4.894095,4.371318,14.753048,4.500670,1.886010
24.515568,17.202477,6.845569,20.748209,4.528832,4.177038
8.630925,5.428504,2.642737,5.189691,0.526642,4.319193
18.001474,12.717638,4.264281,14.392868,2.068180,2.612220
14.062891,9.487267,4.874294,26.899704,5.897521,13.202591
10.198205,7.023981,4.624886,17.607056,5.311965,36.728024
31.643667,21.695961,7.282023,31.878042,10.088446,52.332787
5.272493,3.702744,2.719743,2.368177,0.411523,1.445782
7.354934,3.190994,3.227284,15.624817,3.284294,6.052573
4.809484,3.119681,3.567472,11.312717,2.254662,5.924047
18.004665,11.849221,6.929049,34.834400,7.413477,34.076252
11.528484,8.088758,9.108137,24.349171,6.515320,13.258642
18.836828,12.126215,4.989573,31.339251,8.396963,12.296803
22.993830,15.526797,7.773770,11.938706,3.480029,14.687759
12.007385,8.630529,3.194585,75.746582,20.248260,5.956465
43.972084,27.046696,33.644951,128.787384,32.600079,25.744293
15.366343,10.376975,4.702121,24.177280,4.357356,3.502324
16.356764,10.732038,4.352676,38.527172,9.789416,7.567181
27.316132,18.400772,8.854386,27.493443,7.151579,5.275344
17.344748,11.685253,8.630327,57.408146,13.351261,9.133247
7.938354,5.681087,2.748839,10.614078,2.784227,0.986241
10.819157,7.608438,4.281973,14.396779,4.464008,21.012665
12.502161,8.589964,3.788327,21.812950,5.416792,15.352943
33.525440,21.704422,9.305867,37.429558,11.390580,32.340633
8.352756,5.766675,4.055393,13.173581,3.086638,2.504758
12.529256,8.630068,4.972147,23.320696,5.983125,9.332704
17.138992,11.651444,6.050040,47.609352,13.604832,2.209451
14.677686,10.307262,3.766971,29.367809,7.682236,4.351590
18.079922,12.092273,4.875166,32.452984,9.304456,7.947198
17.466425,11.834033,7.106761,43.694893,8.746771,2.519445
19.194889,13.102745,6.145017,34.458622,9.555181,22.942289
26.221792,17.368813,6.004217,37.788162,9.948166,32.588085
15.447810,10.598802,4.785571,17.019588,4.414907,2.176527
6.688640,4.622796,2.684052,7.627794,1.374445,2.451473
6.055729,3.976594,3.090542,15.022869,3.909865,2.583946
33.527126,15.474516,9.617799,36.800915,9.417434,8.883973
52.318569,30.769285,14.211499,51.242752,13.560614,17.008650
15.505671,10.982003,5.243933,22.047861,5.075940,4.574010
10.774119,7.572106,5.628588,25.750389,6.662700,3.916127
15.860857,10.654728,10.910254,34.393665,11.116463,8.574461
30.167973,20.044613,8.106174,34.133083,11.119386,45.157143
8.994237,5.874254,2.976564,10.422543,2.175294,2.590758
9.341364,6.524026,1.828279,15.625136,4.089448,2.680579
23.196394,15.682899,30.605112,67.763687,19.013386,91.793251
20.300451,13.370587,6.594251,23.032900,6.868964,28.231386
19.353340,13.073594,6.932104,54.553764,14.469909,46.262905
58.041157,36.749916,29.496012,84.096909,25.936256,101.513290
7.855363,5.323933,2.166954,10.863290,2.589057,8.094593
12.052539,8.360838,8.712730,39.648094,11.395473,17.395176
9.674563,6.944452,11.581723,36.007324,8.651144,6.030867
14.998279,10.093525,6.882888,23.740021,5.002058,2.123109
32.027050,21.236183,8.896278,81.414543,19.947626,8.053009
25.205389,16.763533,6.823826,22.156549,4.842848,4.960287
25.034094,15.579606,35.059517,149.625488,41.811321,133.262543
34.160385,22.806902,24.556549,125.492767,31.959560,46.072231
22.472563,14.960249,7.817831,28.836960,9.434313,21.709597
14.809620,10.369825,6.131549,37.270340,8.911387,3.538528
30.900688,20.589661,9.590329,31.770668,8.092626,2.625035
28.358196,18.722008,9.127357,35.779774,9.266232,7.554119
7.444314,4.990398,3.626430,9.607851,3.651604,4.481058
17.833750,12.058707,5.051595,13.076981,2.558611,2.059686
33.718952,22.082626,11.522236,83.680695,25.003403,4.897235
17.885029,12.081349,4.983035,33.069576,9.353947,8.633387
14.236341,9.832496,4.742128,3.291418,0.334171,1.272148
20.691172,13.972902,8.147462,20.992191,4.796490,31.102072
21.667465,14.419057,35.228004,91.148773,27.309959,160.818924
30.840698,20.319555,11.259567,38.025414,8.010778,20.465723
7.096696,5.112257,4.071197,30.346012,8.492460,7.138580
7.364716,5.100113,3.173962,13.681436,3.548648,5.582606
9.633519,6.672394,4.186742,49.757084,12.808641,2.078447
5.899044,3.963362,5.474739,32.825706,8.104590,18.646637
27.520840,18.598297,7.771897,30.909544,8.106780,10.045389
8.082891,5.892588,3.378124,11.535048,3.749931,5.711276
8.786550,5.939772,4.505716,9.770211,2.795376,12.158003
8.809133,5.834127,3.276627,6.187053,1.942507,9.328466
40.565773,23.333033,32.597267,176.044830,50.910408,75.268364
16.971407,10.829667,13.633091,50.550022,14.451386,45.150753
47.917015,29.956989,25.746443,89.345627,23.705660,17.462639
34.132496,22.737200,9.195426,75.351639,19.931164,6.712896
10.439074,6.855733,3.415934,31.236767,9.454431,17.895844
10.831582,7.296209,8.802613,27.690586,6.840037,28.821440
13.431567,9.265521,7.102481,37.212109,11.674812,19.594656
20.070362,13.791538,8.790858,22.732422,4.552830,3.500342
9.944711,6.747142,6.785205,12.666862,4.017274,5.348497
24.412334,16.547367,13.695861,48.850456,13.473173,18.793268
14.398629,9.775666,5.756644,30.874779,8.506180,3.814258
13.813377,9.538710,4.330557,67.222214,17.882608,2.741256
11.487792,8.595480,3.235740,21.481455,6.169274,3.177476
18.994286,12.865038,5.610509,83.750618,24.268904,28.898470
19.597679,13.729051,4.247110,17.689295,3.806410,2.608725
23.313158,16.409063,6.672333,23.061144,4.690737,2.704298
28.652830,18.648079,14.775115,65.570648,17.109140,29.001135
9.491629,6.589949,5.926758,16.879423,4.433666,8.913664
14.860294,9.902165,5.533410,15.998229,5.532240,16.376152
23.664799,16.095575,12.931104,33.623314,7.682252,14.479931
7.969091,5.740752,6.341652,25.872955,6.620071,8.686494
9.007596,5.981001,3.951332,13.526118,1.938110,3.565703
18.049574,12.610864,8.884658,37.459953,10.739453,37.506184
29.871344,19.117962,11.909540,36.427837,10.405144,33.256790
13.921851,9.635389,5.786395,15.843110,3.624542,5.195921
9.897102,7.247490,3.698428,22.129543,6.614214,19.920959
10.536150,7.402153,3.675697,11.937573,3.716161,3.911611
41.606026,22.867479,85.990303,295.260193,93.829201,474.369232
7.405809,5.233010,2.807884,10.223142,2.639288,1.635559
14.204420,9.521103,5.655491,46.519772,11.822887,15.887160
27.499033,18.214499,13.763513,52.202942,16.674187,16.566128
13.499883,9.472077,3.949295,17.986881,4.862378,2.567997
6.344317,4.620297,5.284430,55.438526,16.180197,2.820211
9.353050,6.544340,3.460446,73.938347,19.032438,2.069200
7.656917,5.406693,5.528405,10.711050,4.158823,2.791776
19.822060,14.099558,5.409692,16.392908,5.097197,2.964849
10.279977,6.699209,4.545838,8.139200,2.236048,3.876294
22.755154,15.037803,7.951981,42.137840,9.095297,3.742304
39.476818,25.803604,13.796911,41.351482,10.713473,38.239853
29.226925,19.033257,11.228968,22.245628,6.981591,28.200199
6.314687,4.509399,2.542606,8.792386,2.792587,11.711107
25.430326,16.580683,27.862335,140.172485,39.508785,51.924282
26.488413,17.437208,20.991312,70.291359,23.608833,155.951904
19.995436,11.588308,8.182202,56.084629,13.531491,7.005943
11.373055,5.366726,4.612155,31.872820,6.587328,11.199837
42.475769,26.448919,28.973764,86.379219,23.960722,131.845139
8.987534,6.182216,2.542288,10.476392,2.291327,6.746940
15.292101,10.483551,2.910266,64.552269,13.557693,3.236033
25.600637,17.227509,11.961822,19.078295,5.448932,44.829647
20.125574,13.496300,9.429257,21.397831,3.610340,8.904555
9.834176,7.027686,6.655324,23.939413,5.948945,4.174369
18.897905,12.788593,7.290286,24.349388,5.414526,5.461419
16.379827,10.905563,6.318929,17.567423,3.360655,2.585324
16.588934,11.304676,4.467032,13.024658,3.746654,4.999825
18.189356,12.597844,5.647337,5.461262,0.670807,1.818262
29.052753,19.647211,18.269623,41.799053,9.484953,6.017209
26.808022,18.135145,19.652908,68.174644,18.629597,68.674149
22.358334,15.460324,8.630720,32.454269,9.558907,27.282154
25.311634,13.968239,17.912598,23.077745,5.654346,9.427205
25.136190,14.294618,22.281225,32.533699,7.108629,11.139823
12.654639,8.680571,2.956048,19.832378,4.654845,6.087658
24.154751,16.270243,7.920639,29.255245,6.625484,17.510420
27.494312,17.348200,25.434423,69.241776,16.977427,35.472233
7.239655,5.351886,3.777792,8.275702,2.571008,1.463924
11.917408,8.101356,16.515413,103.817429,29.154346,110.757561
10.255030,7.383046,3.541528,20.875944,7.117229,18.756006
16.748028,11.490437,7.652153,40.260063,11.864626,16.486258
22.993910,15.902463,9.246456,51.161880,13.641572,24.007116
23.195881,14.970022,7.030745,44.589279,9.877138,39.642479
15.171287,10.809031,5.584923,12.456082,3.289689,20.323467
18.000589,12.359246,5.335354,5.991917,0.810322,3.201727
28.761465,19.676352,7.200811,22.911432,5.574713,5.388145
12.101409,8.498909,4.185536,9.634738,2.765331,3.356396
18.489086,12.410491,10.326944,32.475689,7.806963,16.883406
40.183071,26.682602,15.125073,77.002502,20.407700,38.907894
16.242435,10.407618,21.922180,76.226944,20.147469,31.727631
13.928299,9.756207,4.905498,13.161351,2.952090,4.699232
8.466587,5.639930,3.439711,7.596438,1.609807,2.029375
6.425898,4.583035,7.653896,23.661772,5.826296,3.604358
21.422585,14.403789,6.524314,10.717749,3.539425,7.697894
13.434486,5.286779,4.823433,19.603119,6.389342,25.269327
35.258736,23.162708,9.801992,62.723240,14.607391,9.574480
4.564003,3.209816,3.294000,7.470053,2.035606,1.740676
12.388211,8.713010,3.731574,11.143089,4.149695,5.450340
6.007648,3.920359,1.959745,40.991165,10.026821,4.251938
18.478365,12.448757,11.756624,45.974136,12.262181,13.506836
5.701370,4.126772,2.733095,11.139623,3.020123,5.550810
10.430624,7.522667,6.555711,46.292568,11.335729,2.727961
8.194839,5.917466,2.422442,12.605101,3.774915,1.496581
20.302483,13.650329,4.904569,24.109211,6.613384,16.093731
9.759797,7.127904,3.749919,32.886784,10.100247,1.304604
29.896105,20.115349,8.869984,49.974773,14.039881,24.387680
15.519688,10.721800,16.960526,65.916954,20.477751,40.513840
27.620882,18.264265,10.508401,49.438805,13.308899,7.699037
22.709927,11.102456,8.245775,30.124826,7.781872,7.580620
20.458027,13.712356,20.098812,73.796432,17.450033,13.783784
18.910797,13.144000,10.032640,22.255814,5.875055,16.747469
14.943861,10.071961,6.138045,42.917809,10.159500,15.626204
20.460415,13.294280,7.925292,24.189512,5.623409,2.646521
4.935256,3.785790,1.214257,29.311266,7.480574,1.503849
40.269733,25.215988,13.609772,57.880180,14.924327,20.121662
11.486588,7.750442,4.784886,34.555550,9.385421,5.993380
35.982151,23.928345,12.701527,37.316177,10.558109,36.701042
4.224465,3.211134,1.270252,12.606260,4.265563,8.709378
22.601824,15.095025,11.755961,30.998425,10.637332,39.400650
17.307234,11.761641,6.792942,23.511444,5.323060,3.723053
27.295395,18.420033,9.926927,13.837044,3.413726,6.041869
18.288700,12.055635,21.833361,81.025002,21.427721,22.926153
33.963882,21.908539,16.035082,35.062107,10.895267,39.267960
34.135735,22.719557,11.344379,43.705090,12.480340,12.464252
31.352005,21.219923,13.150575,30.597837,8.778967,35.735004
10.106334,6.607869,3.181654,14.188251,3.386565,1.820217
17.408644,11.594269,20.399710,78.766228,19.576914,34.071690
11.629060,7.886439,8.451623,30.671055,7.621775,19.854870
19.366713,13.131090,6.358953,21.066893,5.128430,13.048877
21.579021,14.473725,6.412755,21.534031,5.854100,4.073602
7.919397,5.473265,2.043388,11.565931,2.616137,9.414791
13.552170,9.467049,2.126928,15.872819,3.305844,3.554767
23.927176,16.210115,9.978718,11.434923,3.857104,25.253910
14.046268,9.853306,7.083518,29.085482,10.246359,16.261608
18.578928,12.576460,16.496992,59.857132,17.608072,8.937136
8.979462,6.420707,3.460339,2.649131,0.365983,7.329379
10.549747,7.434969,4.391562,21.833290,5.449739,1.506974
18.011528,12.627224,5.487996,44.852936,10.133324,2.056834
12.262401,8.258592,4.079857,8.772564,0.011508,1.951899
19.366510,13.577667,8.192639,21.692755,7.026788,37.100784
11.213476,7.822590,3.255340,22.797672,7.098574,17.091269
7.111516,5.031368,1.470510,12.200760,4.296973,2.926598
20.184994,14.030398,3.220903,26.181831,7.387891,19.182491
6.163586,4.302389,1.522775,14.636113,3.094712,2.927455
13.264738,9.179711,4.862697,35.879070,9.163245,2.167717
6.348465,4.421271,2.954260,15.195409,3.219808,6.397279
16.696087,11.553906,9.320574,57.697777,14.895976,4.471103
57.534142,34.832645,18.531885,105.058395,24.495369,12.667048
16.166754,11.306602,4.940241,34.926945,6.950210,3.678463
11.277497,8.043966,6.407719,20.089012,5.658487,7.819304
7.863965,5.411691,3.376272,10.982544,3.794312,10.616914
28.927608,20.243750,8.339723,33.734749,8.690351,4.701499
10.048121,7.041725,2.935620,12.345356,3.678125,2.545975
40.965752,26.836908,51.376781,89.965508,30.149611,49.325821
39.654449,25.423838,14.270153,40.330170,11.038596,22.359739
20.241945,13.158432,8.362484,48.971767,13.115359,13.203986
21.213522,14.321746,7.774520,234.294327,70.804466,22.296637
12.769656,8.512410,6.601975,25.720173,6.488811,4.360040
7.879790,5.350496,7.992302,22.960941,6.043486,3.282181
8.406248,6.079444,5.959126,42.418034,12.829455,5.655380
9.142317,6.124207,3.129574,11.903558,4.179497,2.470368
10.301349,7.196839,8.466340,63.720139,18.201937,14.888164
12.215329,8.197627,4.404849,10.648733,3.237761,9.439807
13.627335,9.597117,3.650825,12.711308,3.897115,15.568662
4.392358,3.197174,1.257750,6.432709,2.182696,1.014838
31.760342,21.702091,8.978824,16.829315,4.128872,5.131777
10.819180,7.374487,3.876820,20.976160,4.716607,5.663992
13.403770,9.090132,6.358312,23.648363,4.465762,4.378206
14.838216,10.111856,4.280019,25.977961,6.018392,2.703940
20.452314,13.623222,6.963570,33.294544,10.053600,7.241594
36.407383,23.391529,13.690456,28.639154,6.919990,15.585699
30.198256,20.520567,8.736692,24.682859,6.842274,15.923152
12.057164,8.496435,4.146060,17.423334,4.215999,4.295691
10.461072,7.317973,3.906224,11.494809,3.210048,14.753624
38.744514,25.156818,27.504881,84.741463,22.935719,121.202728
19.512674,13.015491,9.278399,40.312668,10.311761,3.417551
7.375469,5.337531,2.550657,19.194155,3.614221,1.888906
15.005420,10.039013,12.858256,29.090034,5.552421,9.707873
10.947844,4.271857,4.309324,10.235776,4.777826,6.837696
41.795990,26.763693,21.511292,65.167152,14.710382,17.050442
6.852460,4.663710,3.562340,12.183239,2.494197,1.462163
7.254187,5.325022,2.806742,1.253657,1.418684,6.121190
17.412548,11.766400,7.737070,32.270901,8.458630,8.607886
16.962891,12.196296,4.814510,10.545403,2.110734,4.928913
25.401960,16.740679,9.015406,25.851791,6.158995,17.929522
15.036909,10.267287,6.629442,27.239428,4.882701,2.359616
37.514900,23.187597,24.229311,90.067001,25.635839,116.476921
36.345032,17.624468,10.887293,50.060795,13.926573,47.863235
32.199535,20.526125,26.696404,137.085602,33.145851,16.675415
28.001204,18.676651,8.581501,30.465528,6.973953,9.256577
11.937192,8.733843,4.011306,13.988256,4.537833,4.955479
26.020653,17.844866,7.315113,27.371243,7.766341,18.369085
24.026760,16.323246,7.119432,31.244265,6.868325,6.466033
12.430080,8.847762,5.643781,10.785890,2.620292,2.511087
25.702841,17.265846,9.318203,25.848349,8.446957,42.656448
22.328129,15.467513,5.495775,47.700119,11.698842,2.833380
8.414272,6.215987,4.396404,15.014567,3.382612,3.396084
20.416222,14.176085,27.977600,124.675003,32.586838,24.140787
35.836590,23.230858,13.644254,33.854046,7.592454,14.510778
31.798164,20.377081,31.728271,150.383011,36.969994,48.259048
19.950151,13.996683,7.779798,43.411407,12.551772,14.389798
11.917265,8.832463,5.003984,21.244101,6.675475,31.318531
8.564124,6.037404,3.809197,19.174257,4.545165,28.456467
10.308888,7.172121,3.495862,29.047718,6.819956,2.987902
11.227696,7.941020,5.674651,17.661541,4.204340,2.887420
21.033556,14.218310,36.340801,91.954399,26.363766,166.632187
20.604536,14.613729,6.037355,19.818529,3.856257,3.638345
14.920937,9.820394,5.407953,21.167347,5.950737,25.174963
15.625281,10.700645,7.547167,10.532607,3.064250,5.588696
8.242442,5.636672,5.514462,17.887003,5.309858,18.209972
17.033432,12.452036,7.087517,22.537796,6.466630,5.657385
14.623883,10.020823,3.804821,26.295927,6.711752,12.368863
8.034222,5.758309,3.488783,32.917030,9.453311,5.773084
45.226707,29.459703,20.489822,85.220032,23.706264,160.257645
68.055962,25.777397,24.249266,53.643257,17.720943,87.957932
65.062851,25.840282,23.921165,54.206879,17.157219,85.419357
21.237959,14.594003,6.451292,55.782734,12.616354,4.987457
25.156094,16.977592,8.505203,18.388727,4.488667,27.051235
19.266479,13.614714,13.339765,27.270000,7.777122,12.304214
29.882835,19.778225,8.735052,22.575214,4.759756,8.892674
15.739224,10.867981,4.913763,12.763600,3.090534,5.364068
10.402671,7.114549,3.356671,6.715168,2.195750,1.240870
15.780535,10.533566,3.960102,59.263218,14.731723,7.694696
9.887465,7.206301,3.849033,48.252289,13.845367,6.970436
27.175983,18.275227,10.313943,25.212984,6.315635,41.049706
16.340675,7.224494,5.845987,25.737862,5.850236,9.227351
15.134694,7.125685,5.852391,27.693151,5.711339,9.041808
7.441233,5.433820,1.897285,8.328149,2.257442,0.852212
19.076330,13.064161,6.867471,23.535570,7.368888,4.053102
30.177290,20.368286,14.128347,28.358356,8.993824,46.216908
8.372821,5.992215,2.606517,16.557955,3.245055,2.067182
9.006433,6.350497,12.312620,30.323063,8.234447,14.614421
18.689976,12.631948,6.686551,28.332047,6.364233,11.775988
16.192158,11.329473,10.203216,17.533409,3.879734,1.577297
5.734823,3.998764,3.069968,8.965359,2.017343,1.188097
14.950017,10.087478,10.870715,44.785973,11.421656,40.780872
11.748252,8.120286,4.568788,38.682430,11.011138,2.488871
31.449810,20.730995,7.387196,37.920547,8.578317,5.090566
5.605344,4.025562,6.191753,25.556986,7.743414,3.932622
11.002075,7.418376,8.307531,24.883801,6.174448,29.024300
27.897978,18.820763,9.731034,44.715164,11.498880,14.398144
25.849291,17.550735,5.786874,16.636940,3.561469,6.774535
32.369133,22.192194,13.679500,19.103102,6.585056,19.306330
14.393643,10.073403,4.728973,18.237291,3.924155,7.619723
14.279578,9.777810,5.229787,15.754604,3.828684,15.284679
28.605410,18.942850,9.695345,27.056953,6.318480,6.799271
19.594681,13.255831,7.481643,22.895243,5.585781,3.566058
20.493292,14.057445,9.090414,38.323456,8.071392,9.027572
19.969843,13.588966,4.488452,90.322281,26.364708,4.638499
13.638909,9.574411,4.121405,19.539482,4.625156,1.659060
12.202415,8.701419,4.404773,14.692976,3.035784,3.115936
20.080574,13.638847,5.791986,24.897268,5.668444,4.522026
10.761424,7.847043,4.280186,28.337135,7.542702,29.144646
7.473034,5.298923,2.307281,7.445206,1.596083,3.060236
25.881262,16.778214,28.615021,78.721504,19.381985,12.656392
74.631424,40.089119,82.502899,199.322800,51.329903,83.806976
23.217949,15.704489,12.723738,34.121750,9.470275,2.822100
28.716885,19.478254,10.300097,13.987986,3.574280,18.909216
12.689708,8.854861,2.798498,8.918957,2.448172,2.736427
35.942394,23.568819,8.983999,37.295444,7.487849,3.923664
18.590790,12.377020,7.334399,30.596762,7.735501,12.501720
49.914242,31.258427,22.044991,55.647083,13.862081,36.430439
33.378216,21.880789,35.420990,95.414421,27.257551,35.344738
34.548080,23.573666,29.730045,67.804474,20.769331,75.749878
9.101804,5.972703,2.484787,8.123999,1.928057,8.141560
32.902180,21.808428,13.482707,29.434618,8.831928,7.061853
17.269762,11.684435,5.236839,21.214396,6.672445,3.975299
23.725588,16.348562,7.675962,15.291224,3.089086,4.128067
24.425827,16.324923,9.765078,37.406345,9.052670,4.037079
20.562603,14.119511,3.475069,118.632294,30.523890,4.278348
20.443094,14.133633,8.132513,16.214991,4.615210,6.293918
12.484172,8.343797,2.979348,12.291961,3.212626,3.122272
24.193913,15.856117,8.545527,32.857998,9.815849,44.413898
8.538997,4.374975,4.575283,19.243473,6.024289,16.302898
29.582205,20.315201,11.805846,26.075706,5.839265,3.776062
9.919075,7.089871,6.129659,16.958309,3.008527,4.683511
17.733202,12.142076,4.504239,25.591438,8.131804,37.240292
14.798270,9.985847,5.066758,21.216818,4.910093,3.038287
21.735563,15.183294,9.617818,26.036840,6.454610,22.346716
16.989803,11.694664,4.130825,28.604773,6.558170,3.637156
46.296978,29.117439,16.369713,36.016232,10.867405,69.444199
15.024158,10.224776,10.316376,47.769821,13.606099,29.122578
24.301455,16.334831,6.791185,31.985298,8.496985,9.990876
10.049844,6.768371,3.421136,7.442551,1.665247,4.161287
15.504904,11.085015,2.477888,18.223286,4.615142,4.846110
40.819469,26.424805,13.471301,33.350651,9.212029,10.745506
10.884982,7.506518,7.820982,26.421965,7.308729,21.961092
8.001852,5.799584,1.729981,4.039218,1.784918,3.062595
8.398257,5.658603,3.071664,11.638745,4.162259,2.736674
21.110172,14.197618,9.257176,63.504971,13.996444,18.123100
11.507039,8.059176,4.568213,28.841564,7.464470,3.563964
10.647500,4.886901,3.337492,11.938642,4.602644,4.663661
12.744626,7.635967,5.652208,24.882458,6.453566,10.654984
12.183825,8.472322,2.562431,38.835518,11.447298,5.677845
13.381520,9.491054,4.181716,11.572773,2.573260,1.717388
18.933853,12.347667,14.720757,38.328743,8.237285,4.384861
13.393491,9.421984,7.536898,29.219053,8.485112,11.110986
15.565158,10.610824,4.980938,11.630649,3.134235,13.829336
27.772188,14.248417,14.035533,36.180855,10.062324,13.001626
28.696440,14.150410,15.463496,39.657127,10.436450,14.089364
23.764866,16.463110,7.319851,30.923037,8.482795,9.859620
19.894953,13.482718,7.652064,22.790489,5.958388,9.296430
22.010294,15.161441,9.873363,24.202871,5.906755,22.786449
16.172596,11.543282,2.309409,15.676686,3.648944,3.960056
11.449055,8.048756,7.817316,30.787937,8.714698,25.847691
20.906219,14.527149,14.414531,57.861355,13.802148,39.241528
21.867567,14.491566,22.637619,86.387451,24.527380,108.255287
31.414709,21.117447,11.696978,59.708492,16.171566,7.727593
10.557917,7.104826,7.376183,9.947970,2.415530,2.687832
10.815745,7.483857,3.859192,15.577293,3.269918,2.761726
36.692333,22.497568,19.469465,55.245739,15.579145,13.213271
16.810200,11.394698,7.046755,12.540476,2.412869,2.249003
29.359985,17.825577,31.675465,109.032768,28.691313,107.592468
44.443962,27.572756,29.653603,65.890961,18.379393,12.268194
11.978720,8.609617,5.344390,15.183481,4.262696,6.859942
12.556644,9.058217,4.244347,20.882601,5.609371,1.297951
68.898247,43.260391,19.398079,17.120371,5.455989,13.167063
4.200399,3.209739,1.981405,12.809754,3.123860,2.696050
6.650345,4.687907,8.419850,35.809349,9.140206,8.055677
23.626570,16.632576,8.623038,96.336197,25.889910,13.537298
11.423602,8.079931,4.130263,39.422882,9.353889,1.793433
5.117696,3.726312,2.965619,9.601719,2.274931,5.506529
35.989674,23.216820,40.261452,59.602341,16.124105,55.191795
7.217580,4.913816,2.993057,8.721973,2.665654,0.481536
33.846264,22.715809,12.575961,32.342110,10.319785,9.549179
35.586288,16.891569,18.607780,54.937752,13.660286,88.894897
41.495640,26.864925,47.523083,168.138214,42.304806,34.672565
19.910866,13.658215,4.206728,20.196632,6.682944,25.434628
7.058424,4.777590,3.028136,22.615791,4.348065,2.001758
10.211325,7.087884,2.465016,28.140436,7.949655,16.700052
31.589375,21.601645,8.745536,54.014118,12.208568,6.181575
21.689863,14.845171,12.991253,37.137768,10.280642,44.995922
17.077246,12.014840,9.058216,20.857010,6.076520,8.580111
11.746577,8.068400,4.769664,15.294438,4.373575,3.556733
34.585922,22.698671,16.305826,33.891106,9.366610,7.926750
13.254027,9.484225,4.942056,15.841873,4.294053,2.147293
21.718563,14.675475,10.286366,31.393970,6.439831,6.285836
6.479098,4.385954,3.060153,10.116509,2.480048,9.601647
20.647543,14.209790,11.570045,41.410362,12.307872,5.189127
8.905091,6.408925,2.870431,12.064976,3.092670,3.621526
24.372469,15.934426,10.047650,20.607880,5.338469,10.433076
30.753414,19.996956,8.033837,22.246141,6.176581,5.905851
14.200891,9.877277,3.763951,34.996204,9.667922,14.590562
19.603212,13.077607,11.992394,46.886253,13.783991,10.573770
12.260363,8.458286,3.872499,11.604898,3.026269,1.540045
14.070152,9.904759,4.532675,6.902703,1.790915,1.312155
8.574708,6.461239,2.665050,11.059674,3.346394,0.983227
11.091096,7.456156,5.019712,27.392582,9.194777,16.395384
17.902029,11.866536,9.172265,43.683655,9.876451,13.874587
25.382240,16.609022,8.420700,22.922745,5.825684,3.568112
15.987490,10.984607,4.037509,12.727716,4.503737,2.303493
15.472059,8.029706,6.233401,14.904829,7.093342,5.713497
17.152443,11.323278,8.683680,78.238075,22.187616,9.384563
18.907892,12.292249,6.075739,28.588167,6.050617,14.458348
8.396554,6.013600,3.320272,9.934326,3.185162,3.682797
7.497515,5.081914,2.556240,0.171857,0.334412,5.492876
17.272005,11.906816,12.580783,67.697418,16.323500,19.239361
40.316978,25.614695,26.542959,63.637146,14.463083,15.917202
41.029335,19.736053,13.111749,40.721752,10.871037,19.629520
9.793684,6.771407,4.226336,33.881454,10.948256,46.238766
17.100054,11.219911,6.022434,37.199806,10.612723,22.674507
20.786860,13.915976,6.228551,21.067223,4.555844,1.974170
22.962711,15.720198,4.721524,37.397812,9.454280,4.706695
22.009893,15.518736,5.304327,23.496477,6.045959,5.519260
23.631611,16.339928,11.847193,36.809254,10.780128,15.835844
21.944101,14.784103,6.505878,23.790390,6.871574,19.045412
57.723816,31.821844,30.673536,31.767302,7.323511,39.569130
24.955830,16.555025,7.013417,18.736900,6.706587,27.149113
35.937057,22.723391,17.617228,63.669823,17.825773,32.475533
10.769251,7.371614,4.513911,9.528299,2.866794,1.077234
19.099562,12.811135,6.160645,25.439123,6.547146,6.320326
22.782644,15.643069,6.975604,34.568069,8.665599,8.325454
24.778055,16.762148,7.185354,18.324295,4.417314,2.487308
26.937195,18.104885,8.883708,28.505505,7.104800,18.434656
24.081717,16.200579,8.002093,16.781998,4.075802,2.854907
10.535658,7.113570,8.743610,38.942146,9.441716,12.297974
5.169631,3.793925,1.637335,18.262184,5.119964,11.599321
23.432396,15.491966,6.330483,68.742973,17.573164,9.849560
5.896230,4.036238,2.543216,19.045282,5.815067,8.193429
13.161873,9.048750,25.677559,109.386322,33.586746,50.664249
16.458677,11.094990,3.307093,45.354378,14.977299,5.844194
16.490101,11.539521,3.237492,17.711477,4.382552,9.052388
11.708795,8.032380,2.679903,35.703369,9.196780,2.450859
18.243412,12.009209,5.052394,31.728416,9.691361,35.485497
7.054472,5.040416,1.522199,12.290481,2.961051,4.985529
11.356539,7.961326,3.907773,13.214850,3.759800,13.309636
9.293786,6.331800,3.204955,10.226499,2.936723,2.657818
21.557079,14.033401,18.379377,55.437172,14.103690,6.452657
23.664377,16.587812,6.818682,38.026917,10.783513,8.655260
30.709068,19.906084,9.111724,45.764027,10.250134,4.166362
17.029400,11.986905,11.720756,31.675600,9.534876,34.132935
11.846791,8.318063,4.376668,11.179839,3.808233,9.296762
9.044367,6.602295,2.062561,14.658410,4.085956,5.402994
13.119095,9.085526,4.405989,15.328191,4.100433,1.237670
23.125858,15.503837,8.864349,20.238445,4.533968,8.502706
22.260302,15.598942,6.810359,14.176991,5.078208,5.601467
38.806080,25.641726,13.731066,28.370390,6.398222,8.512261
7.014742,5.100042,2.451106,24.200613,6.436671,0.991533
32.804768,20.844736,18.610300,100.848900,30.459770,24.885456
12.521784,8.931092,4.382097,18.103994,5.130539,2.739969
12.400172,8.585818,3.772501,20.928652,5.172908,2.629457
8.704590,6.241311,2.531645,11.028270,1.773111,1.904167
9.855886,6.802666,5.643754,12.558290,4.006494,13.080638
19.299963,13.307729,5.652819,13.010997,4.096370,18.027975
17.852600,12.190310,8.799616,46.419044,14.581698,34.197769
25.384943,17.367533,6.493457,35.017857,8.080709,19.776829
15.510954,10.700405,9.832839,16.936104,5.222440,20.955723
10.656763,7.255495,5.034902,25.201199,7.642728,1.767837
14.376244,9.985846,6.943056,20.878126,4.585583,3.733234
20.707691,14.302962,8.730064,25.292749,4.912542,3.383662
8.503779,5.852967,3.081027,10.703918,3.126315,9.420319
29.653881,19.068224,18.589201,100.583778,27.118698,20.653862
10.326335,7.152609,2.699422,26.632952,6.413052,2.598359
17.020300,11.495495,5.436208,29.772972,7.386004,8.284976
27.164072,18.604923,8.606532,70.357803,21.269051,8.671717
12.913751,9.310460,6.955072,13.493381,3.255720,2.041432
8.074203,5.889718,2.727031,4.215408,0.546605,1.663455
14.229905,9.817966,11.297746,27.673208,7.385579,4.370178
17.853685,12.288340,6.350293,11.919947,2.663496,2.496555
47.513046,29.395521,14.610293,33.611164,9.695587,50.375042
15.776431,10.630763,4.938352,17.213301,4.576639,5.309487
14.765155,10.676424,11.152348,14.389891,4.490436,8.699339
24.082661,16.473568,8.012871,36.226307,10.525312,4.485355
16.323912,10.862554,15.998930,82.810036,21.272663,39.494991
7.008194,4.856420,1.515884,11.084156,3.944491,1.646254
7.779116,5.677253,3.834989,35.803341,10.540119,5.568967
11.045961,7.581451,3.410529,12.271350,4.377776,4.531732
13.956517,9.882751,8.826732,13.382460,3.867104,4.277634
13.542348,8.898873,4.244635,36.661407,9.786162,12.882993
11.783611,8.121423,3.604880,15.484454,5.493574,9.987944
31.917963,20.882092,10.241523,25.734180,7.081141,23.662987
6.577412,4.387537,6.367081,20.824516,6.000662,18.881866
12.830192,8.758763,3.422545,38.316124,11.987241,2.517733
6.889743,4.823794,3.204718,20.201622,5.245981,2.057993
12.119511,8.657399,4.623209,19.118835,6.112495,6.020580
20.938795,14.418012,7.831362,27.295883,7.206227,16.660995
19.003569,13.024031,9.180510,34.219063,7.398244,5.760146
41.878597,26.718641,37.166801,94.466232,26.820469,117.309067
31.518421,21.203371,6.082918,24.548357,6.245708,12.422216
10.976509,7.913198,2.699305,41.126701,9.988586,5.564577
7.713063,5.541565,3.379186,9.354791,1.829432,2.671246
16.853531,11.718917,5.790367,11.398119,3.881889,10.795868
32.967842,22.516514,25.755402,96.045700,28.878130,62.038532
34.750301,22.765011,34.538857,186.646362,51.930542,41.622044
29.089514,19.507774,14.830031,70.849861,15.212854,13.585221
20.891195,14.173364,8.992782,53.254105,14.408406,6.820074
24.626720,16.316290,7.268269,23.879505,7.827882,32.538834
38.559170,23.719311,30.622013,83.715904,24.707590,108.820015
7.093851,4.971192,2.822207,8.080045,2.452317,4.069828
11.975197,8.436802,4.715745,5.858401,2.467946,4.622562
13.514768,9.340762,6.448071,16.929367,5.382778,1.595669
16.080441,11.066115,5.452506,9.754491,3.879694,4.659814
19.520914,13.392730,15.022459,41.743046,10.178266,26.376944
12.615127,8.725102,15.250010,42.938717,12.609830,59.694996
14.681743,10.553855,20.271677,116.099884,34.391861,20.575256
19.268719,12.982194,6.992715,25.458710,7.622304,15.814781
37.249107,24.844479,12.098328,30.591663,10.285731,10.644784
33.304653,22.142670,14.728909,61.850891,16.369816,23.556334
27.539757,19.078075,9.172487,26.630941,8.250426,8.464507
18.787821,12.764544,6.884073,23.721920,4.858078,7.783799
7.845026,5.508806,5.049602,25.323690,6.372432,2.535790
50.514576,31.706333,24.054672,72.058502,18.219898,18.115093
13.110526,8.972127,5.041239,53.501881,14.800620,31.468939
7.514365,5.499199,2.858450,8.861243,2.902141,7.842186
12.778523,6.090128,5.387779,19.165394,5.992571,20.228731
12.406054,6.167402,5.201504,18.304422,5.966753,20.202869
34.310493,22.495560,18.846144,53.199120,13.952335,20.774500
11.011811,7.520351,5.792770,19.360146,5.436364,5.354635
23.646536,15.831519,7.358599,26.744661,8.249165,29.385513
9.248867,6.544899,3.574747,12.761499,3.109394,5.098015
11.452325,8.027323,3.767988,12.858247,4.210181,6.940124
21.642359,14.782253,6.280792,16.427221,5.599205,24.462658
10.353074,7.142137,8.466138,27.058880,8.251863,7.855045
11.274113,7.953241,5.274275,24.681414,8.178501,5.958110
35.676617,22.540373,15.383435,47.417099,12.558434,61.532604
10.660106,7.285470,2.189930,14.769256,3.228647,4.640092
22.871647,15.457614,13.316175,69.376579,19.622879,31.014034
27.001638,18.725464,9.172602,31.030468,7.789991,5.693645
26.473663,18.164268,15.025517,29.595034,7.097367,7.089635
39.218555,25.765121,11.187969,41.480595,12.305670,79.111137
7.524401,5.395263,3.054586,35.813442,9.532489,2.704810
29.210016,18.778315,26.499815,69.631149,16.528715,10.705695
21.720314,14.497061,9.062058,48.166981,13.075196,3.599401
31.151659,20.858416,9.363576,31.453621,8.172995,10.824654
10.047006,7.094001,8.628263,33.135441,8.189993,2.625913
11.189831,8.060335,4.365985,16.318130,4.412516,12.755507
6.354055,4.576255,2.605385,1.514442,0.308511,0.433429
31.863811,21.711628,13.501283,46.034229,10.104752,9.028320
6.362798,4.604900,5.503816,26.665201,8.018199,6.856040
21.729429,14.768811,6.320720,28.473297,8.897964,3.538975
9.973975,6.925660,3.296594,27.784681,8.442526,2.707691
30.302063,19.518291,12.271562,92.119949,24.121384,12.129331
16.473984,12.038459,3.497471,7.267527,1.624654,4.440445
13.808370,9.007096,16.438929,52.710464,12.157025,15.853809
12.069049,8.167685,4.716170,8.161109,1.844524,2.123657
6.575039,4.743346,2.327996,32.158375,9.615508,3.355484
9.235126,6.323714,3.911520,8.724016,1.951931,2.353529
40.454536,25.451715,11.633501,23.509296,7.859672,33.886887
13.503797,9.344433,4.303777,24.260883,5.927860,2.800415
17.188457,12.096266,5.619799,17.191366,2.972040,5.333871
21.017021,14.658495,6.372222,15.336890,4.009862,2.607853
8.341500,6.128972,6.146177,8.928439,2.226221,1.637980
54.803734,34.085060,16.951143,42.573608,10.664554,12.258033
11.697783,8.198294,4.492301,14.867008,3.015003,1.584846
26.505407,18.277508,6.021568,43.987766,11.885663,9.525396
6.996016,4.922336,2.913291,12.908851,4.353334,1.497243
18.051847,12.021669,14.068555,92.919670,24.946613,42.102978
38.403736,25.634634,9.699368,38.369022,10.977508,5.141824
9.774423,6.839760,4.319682,34.059650,9.221678,11.205719
19.014894,12.798981,6.108199,25.476946,7.909571,4.857870
19.124775,12.658698,14.938540,39.803127,12.906630,73.335197
19.357374,13.088036,5.477172,26.861830,7.633189,21.257654
9.823690,7.082434,3.922714,8.894206,2.120548,17.299503
12.314445,8.878343,4.026311,16.961195,4.285521,5.101828
54.518806,32.981422,50.550541,150.277786,38.616535,60.370426
56.263641,34.063076,22.634871,70.490845,21.431229,78.323608
17.774008,12.093258,6.342799,5.549557,0.927550,9.669486
12.699228,8.448031,3.912104,42.932117,11.141772,3.254540
10.922721,7.317227,3.702912,17.907984,4.424706,3.206873
22.768013,15.022653,29.779993,69.434746,18.615536,31.566343
16.628290,11.345917,5.587762,11.164127,3.499070,3.680713
21.647402,9.596109,6.190544,33.137142,8.467610,10.202064
36.150749,24.298216,10.924500,32.520298,7.778844,20.548012
6.417180,4.574231,2.450412,9.456822,3.889254,15.675852
7.671508,5.735937,2.985408,14.588051,3.510726,6.725814
29.984833,19.566591,12.829608,51.025131,13.315640,8.565510
14.725858,10.093527,4.125485,22.961462,6.719104,10.591468
4.084449,2.918638,2.826692,10.341310,2.530581,1.681177
69.736320,37.064922,48.752285,153.587067,53.250431,329.253357
9.275442,6.688863,3.150462,14.831298,2.875284,0.877743
14.052641,9.702059,5.600462,24.290876,6.253079,3.808253
30.989605,18.310501,15.392283,58.587673,17.486917,52.543274
9.423326,6.626729,3.272067,3.535572,2.239117,4.637042
7.185399,4.786005,2.821405,15.126640,2.237466,3.472207
17.269571,12.355391,8.604650,46.766094,10.733612,7.409664
5.794340,4.148600,2.454006,10.068579,2.414795,2.263420
8.383055,5.782673,3.870444,29.717739,6.987743,4.066685
6.073348,4.199701,1.932772,14.287230,3.471026,2.770635
14.210728,9.850597,5.050440,13.941910,3.772784,2.122113
23.936838,16.270954,12.869678,58.280296,15.892865,7.359773
5.492354,3.927881,1.710250,14.149372,3.062790,4.183054
18.332151,12.828902,3.617710,17.318876,5.869668,27.117880
16.772690,11.536748,8.636615,41.451595,10.721076,15.701834
17.583014,11.802790,5.467638,41.435951,10.656573,9.413838
25.117640,17.346785,9.865920,36.144020,7.325490,16.403193
35.140011,22.135242,23.232525,101.411171,25.742126,14.582575
20.311106,13.689601,21.552488,98.470901,26.542175,91.706001
13.238549,9.286926,4.888232,19.855257,6.115121,28.437519
19.229574,12.963434,7.875165,31.287506,7.242906,49.336632
22.538013,15.327061,8.824642,25.247421,6.744171,3.191600
6.512941,4.629055,2.050440,39.507233,10.390895,3.581708
15.699012,11.087122,5.791433,13.143807,3.083531,7.979362
9.005822,6.399422,3.520218,16.209101,5.398124,2.657268
12.342359,8.606138,4.198164,9.656672,1.988891,7.266082
31.720505,21.617910,15.846387,44.136272,13.251884,40.844490
13.599303,9.894006,5.207379,16.431402,5.136518,5.082730
26.745934,18.251165,7.549057,33.238552,8.797421,4.559209
18.992506,12.968015,4.142312,12.001428,3.191082,20.035934
13.008641,9.091052,4.640133,29.700434,8.573028,9.688902
12.437043,8.635103,3.790562,52.319443,14.016712,8.356750
15.384305,10.588656,6.013327,13.317191,4.461546,22.876408
9.249469,6.299666,4.007506,21.316233,5.791935,2.912072
7.864377,5.494904,3.285029,19.415707,3.809771,1.870955
5.566978,4.156503,2.943422,8.389013,2.684588,0.723712
21.924295,14.821822,6.207244,26.972837,5.481402,14.974922
26.226509,17.769840,9.337354,46.411945,10.614661,10.624953
14.233516,9.948021,4.772443,11.861840,3.425222,20.617708
12.720778,8.649079,3.728305,62.853828,15.818750,1.921154
15.211199,10.871530,14.294957,49.423264,14.862141,27.403055
15.432292,10.556667,5.294178,16.608118,3.549308,2.118199
6.148527,4.476574,2.596064,18.154877,4.762554,9.908926
7.004294,5.158708,3.190238,10.920895,2.909099,1.362523
49.029144,29.740959,27.938955,158.251175,44.733341,29.700890
10.120876,7.204662,4.626376,15.438723,4.343933,13.796720
12.225072,8.569477,4.126595,17.349966,3.244991,11.857208
19.292871,13.432911,4.852354,6.574431,1.120996,0.556276
26.116241,17.737410,8.204619,20.762459,3.929037,5.028724
25.682632,15.177605,9.994189,45.206367,12.419718,32.917637
21.041283,14.178061,7.305212,26.739550,8.722047,16.763138
10.436191,7.632496,12.877935,22.453213,4.585377,10.595622
55.077332,33.374825,16.892260,71.136101,17.360502,9.336452
15.541855,10.109557,13.645970,133.545273,32.831589,13.740608
7.916699,5.925220,4.728020,32.235977,9.539563,5.647302
95.483215,28.540550,77.947037,306.918335,80.129379,46.927876
80.184128,28.617491,73.136185,309.479553,73.708740,38.351238
26.847734,18.270367,8.364947,24.338278,5.224992,6.104950
6.642908,4.739109,1.959972,7.022857,2.076859,0.530357
9.921600,7.275694,3.220221,6.854233,2.249253,12.882147
11.558772,7.956777,2.092942,37.231224,8.575118,10.729390
20.610691,14.131747,5.967652,18.471453,5.415142,2.189512
24.757204,16.305325,8.078440,42.013615,11.536996,14.303504
24.485954,17.180000,7.308560,24.813931,5.963223,10.024001
25.220757,16.006113,23.720959,81.844040,20.582130,61.540211
28.671425,19.826056,7.347698,21.523321,5.149364,4.610658
13.757952,9.346784,4.601697,20.863462,6.683122,1.765527
56.803501,33.872211,33.341816,139.290009,39.198860,154.943695
24.163017,16.013950,9.770037,34.826576,11.334664,52.403358
19.463268,13.966716,9.386871,27.636080,7.982131,3.738849
10.233794,7.486179,8.100583,15.409688,4.777322,4.446237
42.793663,25.643705,42.210052,143.421921,42.119923,205.089600
5.263110,3.967331,2.693961,8.345034,1.926093,2.533982
11.715153,8.085209,6.489987,16.062464,5.304992,4.514070
19.416174,13.052891,11.769106,36.782963,8.809977,10.094126
10.385712,7.023876,13.272702,28.975233,7.196236,3.544425
12.617933,9.023899,4.788570,21.435778,6.366328,21.881062
33.874115,21.736326,11.647634,36.009090,8.716193,18.564270
8.156034,5.982318,3.246280,12.433551,2.628702,3.043648
17.241606,12.609728,5.681562,14.517262,3.189254,4.536279
21.864859,14.850829,12.837918,55.238632,14.087462,35.181007
17.767527,12.045167,6.107096,52.587482,15.642671,2.493354
11.823626,8.591175,4.562014,16.571640,4.984807,36.865665
24.570127,16.941370,6.065853,38.498779,12.802392,5.703191
26.203241,17.231701,12.691419,69.859207,16.178787,13.267365
10.267114,7.059427,1.872302,18.528959,3.979758,1.329436
16.042402,11.249705,9.875043,42.654953,10.604175,7.017170
14.827340,10.486861,6.078505,79.339264,20.259548,18.649433
7.873599,5.501305,2.741589,9.053233,3.048245,6.844061
21.482164,14.576088,15.339037,44.211010,12.664576,44.522083
20.114632,14.230538,7.101113,18.558620,4.606013,11.527570
10.881071,7.415557,3.158354,28.916498,7.885919,5.258126
6.674376,4.442070,2.365685,6.608626,1.809751,2.586097
5.911384,4.130245,3.772979,60.744522,17.277620,16.745951
4.615271,3.371892,2.451367,11.292909,2.313949,0.454544
8.699861,6.364810,4.211899,6.273108,1.822480,1.734343
10.333650,7.419166,4.354450,19.774757,5.421680,4.603685
29.467175,19.716969,26.710844,70.920357,22.378319,126.400932
18.054785,12.334901,9.138271,38.140911,10.095523,23.720774
16.190775,11.477213,10.168743,27.081448,5.964059,6.503555
26.096552,17.744829,11.308210,93.992523,24.632587,3.503907
33.314423,22.799717,27.386700,95.891792,25.583275,160.062561
39.402752,25.523651,17.184851,65.672188,18.903620,20.078966
8.199929,6.074249,2.711802,13.602620,3.335546,3.132595
18.070704,12.046516,5.750190,40.427822,10.095501,4.724414
68.332924,34.877892,64.625923,232.595428,67.711266,190.134705
39.566898,22.485188,37.212772,169.053665,39.250526,93.721382
18.491066,12.327772,12.984559,51.358551,14.746999,32.469269
21.471088,14.683666,15.695984,100.106392,25.498579,17.102215
17.101603,11.874815,6.830267,17.285080,4.438306,12.138919
18.912411,13.206646,4.593241,20.660507,7.336054,16.868782
11.518574,8.228906,4.403471,9.488727,2.968967,9.330873
15.573753,11.187852,10.082063,42.297440,12.439796,43.160198
20.818647,14.233487,5.147511,36.017597,9.703320,15.129189
15.801862,11.182155,4.500983,7.728648,2.441443,2.613947
21.685801,14.814823,10.246803,40.258030,10.141495,12.770699
11.224548,7.932427,4.700304,8.178951,2.849104,1.676409
27.603441,18.781115,7.993602,29.241322,7.227382,4.892345
13.766216,9.336603,7.279296,31.446007,8.115252,21.454216
11.098715,7.668282,3.408283,31.383432,7.746809,2.939453
34.659599,18.720875,14.220575,23.830986,6.069651,27.897768
19.637775,12.982842,15.569789,117.335419,32.570175,23.200924
13.529879,9.737368,4.008712,14.391239,4.251034,3.610593
24.811823,17.406597,8.272487,25.357519,8.269086,6.240719
12.670465,9.004816,6.995297,21.409082,5.655606,4.237513
15.812613,10.993835,6.493750,25.733410,7.674002,3.646266
12.656322,8.942815,5.790499,30.227510,9.880077,15.651515
23.631220,16.764174,7.542742,17.039816,3.528539,3.612247
11.538984,8.052215,4.357936,35.326946,8.843610,0.829224
17.768549,12.443383,6.150408,15.918102,4.085137,3.840317
26.557667,18.317642,9.196802,26.424583,7.205544,5.385871
32.630341,21.919991,11.627829,30.629154,8.014455,10.255327
7.589981,5.545534,3.738593,34.693451,7.715104,21.228241
11.912489,8.294932,4.631506,13.238648,3.257847,3.809384
20.122604,13.495806,6.274710,19.863174,6.032284,23.836470
12.523269,8.882234,4.140528,5.322626,0.847722,3.155341
7.328884,5.358018,3.586428,15.542123,5.154911,2.671674
17.358900,11.718296,6.285179,21.626339,5.193855,4.747838
30.700274,20.219418,11.807483,43.784740,11.706287,59.299721
5.460784,4.031300,1.773111,4.047898,1.657009,11.250344
21.124258,14.474880,7.152807,47.923672,12.797602,6.791278
51.994675,32.338871,17.916349,74.343842,19.834803,12.113634
26.982670,18.245409,7.569208,18.635372,5.204896,3.961993
21.167856,14.180852,8.387109,37.266720,9.062826,15.751803
45.508350,27.708422,14.351087,39.346470,10.699226,13.261448
10.633461,7.509147,4.622036,7.623722,1.517408,2.139327
12.419924,5.942393,3.592403,9.241453,3.304685,1.947283
30.805305,20.191673,8.497976,44.582539,9.140175,2.996419
14.391141,10.452590,5.084694,19.615351,4.835667,4.034537
35.400730,20.704628,63.044758,183.970352,59.308678,324.907745
9.405264,6.922804,3.793168,12.549026,2.941784,4.013774
60.557991,36.667225,15.859129,75.335030,17.897570,24.042128
16.339642,11.450006,9.038960,39.341572,12.363269,14.433118
7.056074,4.995422,3.193921,9.367565,2.746197,8.482784
25.686777,17.476753,18.604944,151.976044,36.426216,26.092875
18.733656,13.304259,5.391560,25.506729,6.054105,8.411643
17.750875,11.788247,5.583230,29.430244,8.806237,5.718327
28.873848,19.432930,11.931179,35.883297,10.952352,48.194622
42.226589,25.319147,26.818226,39.707214,9.868192,17.942802
6.172370,4.288489,2.778219,5.693802,2.304816,2.768191
11.139208,8.085969,4.153313,16.017672,4.018826,15.530069
24.332083,16.788755,7.988204,33.508514,7.045809,2.771903
5.967803,4.143533,1.823582,11.586324,1.978304,7.052289
15.467727,10.586528,7.998956,45.232315,10.943156,14.635966
21.197092,14.109103,10.916163,33.895290,8.418906,6.056150
15.024998,10.738782,13.573606,54.323441,13.843536,2.860639
10.650620,7.513372,5.017257,10.897072,3.280444,1.340316
10.606936,7.430503,3.194545,10.664375,2.472313,2.166648
33.487221,23.065968,10.474670,32.417385,9.268418,15.267406
12.527524,8.730563,4.864870,39.883553,11.387928,60.597916
7.164269,5.077509,3.047226,7.912794,2.827028,2.181320
31.723667,20.426687,9.459914,42.702427,12.240212,20.306437
29.432369,18.987774,11.265001,46.209850,15.448299,7.535816
7.477535,5.374827,3.155135,9.922463,3.370231,12.357491
13.320431,9.180192,5.560147,18.447466,3.246428,1.917246
22.183945,14.804906,10.421803,18.754681,5.973730,26.931265
52.175953,22.181520,56.365280,204.344666,53.814754,150.738480
25.463276,17.179302,8.893775,29.431168,6.534163,3.251453
32.512630,18.798038,14.033131,141.292618,42.287773,16.919605
7.729563,5.641509,3.115922,12.450479,2.886350,1.561864
19.980272,13.536929,8.532025,19.432619,4.334761,4.419028
6.884185,5.022138,1.538946,7.602230,2.821479,14.756016
5.848393,3.839286,2.716098,6.080935,2.097460,0.774440
21.526123,14.455222,9.669350,35.536160,7.916794,6.382023
9.406776,6.847065,22.659950,73.966202,21.720394,23.303440
9.822933,7.125137,2.143947,9.641997,3.456695,1.944854
14.634563,6.485404,7.282020,21.604076,5.928089,5.073482
15.312692,7.035110,8.452997,27.964781,6.516553,4.029226
10.556360,7.297761,4.327899,11.924466,3.823792,11.192508
7.668942,5.411385,7.676847,30.998545,8.683980,19.689495
22.689276,15.664527,7.272479,49.663494,12.586304,6.876665
30.132061,19.207970,32.916805,147.681992,40.256100,103.543648
14.141057,10.351130,5.268689,11.570232,3.652271,10.649692
23.620646,15.638797,11.467097,61.010216,14.968196,16.235041
18.818350,12.841533,9.648996,26.958847,7.224980,4.819465
12.703747,8.814220,5.272961,14.623542,3.299182,6.348131
7.089234,4.896458,3.887558,30.081736,8.841766,6.197191
39.546772,27.056709,15.414132,37.584045,9.350393,7.524277
7.001684,4.858332,3.598120,13.096512,3.917502,20.896179
9.609386,6.661032,2.773580,12.245022,3.561511,5.750742
15.891787,10.962465,3.839726,23.966049,5.852989,3.222743
4.073273,3.171366,1.410421,0.847751,-0.045467,1.522285
22.444519,15.263443,6.889487,52.861538,13.423139,7.084208
20.131887,10.624044,8.148851,79.546776,21.277334,16.504259
15.347033,9.297451,5.824101,45.080845,8.996011,3.215262
14.621075,9.440610,24.612371,79.283592,21.905071,19.805990
9.902337,6.987933,3.097861,9.992366,2.746913,1.723994
15.185813,10.451395,5.948422,25.196257,8.833973,46.724110
14.001801,9.881615,5.198009,31.169920,10.283684,15.779622
8.380275,5.812635,1.955471,10.955604,2.378497,6.865339
8.166917,5.468943,2.765287,3.116525,0.330757,7.099791
51.155762,30.853045,25.031235,93.938309,20.856363,30.069660
19.584206,13.680240,22.070818,43.491428,13.011796,70.732162
24.097031,16.335884,9.132394,46.324112,10.695525,4.279648
33.197933,13.781975,13.669028,31.002537,8.128590,19.844887
15.349379,10.648125,5.904366,32.187805,8.496611,3.119745
15.208150,10.549741,3.577612,37.341682,10.145332,38.004795
7.866461,5.374759,2.290104,10.746561,4.904860,15.720099
28.545403,19.420841,8.588074,29.443972,8.026649,10.110341
34.957104,22.795677,14.078126,34.771317,9.146270,8.147485
11.843528,8.348297,4.129771,19.495758,4.666211,2.800965
14.302092,10.103251,8.040277,26.110130,7.691435,44.376377
12.521979,8.874470,5.101141,30.344917,6.816852,3.723782
20.915405,14.633187,9.500426,64.311279,17.199007,5.683162
28.846785,19.308823,16.773645,30.376177,7.353189,9.620003
36.908821,24.535162,11.702224,30.135389,6.994440,7.629959
20.741194,14.143916,5.433931,23.963831,6.238026,3.877441
20.702898,14.161301,14.605411,36.548527,9.644728,15.203424
14.711974,9.942900,5.662317,7.970314,3.145684,11.107603
13.478759,8.952015,4.127245,69.523201,18.116095,2.586945
18.840422,12.957298,6.362142,59.059486,15.205543,5.498270
10.706212,7.449300,3.590894,8.884441,2.504670,3.670707
13.947494,9.560633,4.858654,20.109560,5.293307,6.837371
23.982256,16.224316,7.248436,22.711689,5.655018,4.947016
9.803388,6.604272,9.999207,32.185772,8.827665,15.595277
9.929684,7.149094,17.304209,39.379086,9.874842,17.894894
15.437489,10.798591,5.111860,27.811243,7.512337,15.420118
10.843741,7.565102,3.873571,10.360444,2.439652,3.056886
29.731079,19.241468,10.685333,35.891258,7.781487,26.525078
26.772329,18.718264,10.380551,28.980043,6.052778,7.082317
29.360151,19.722521,15.497039,48.319225,12.497899,32.779613
6.813998,4.746615,6.601308,42.644260,10.894901,3.471711
8.063691,5.903081,3.937863,9.774802,2.716386,1.326768
13.660542,9.428115,5.431437,24.685883,6.135497,15.484676
14.094207,9.718679,7.704586,14.412657,3.221122,4.626281
13.108153,9.608985,4.182131,14.646565,3.824219,1.830276
27.333645,18.293991,8.347669,23.551426,5.531018,56.102425
27.078678,17.253000,26.739883,112.993210,31.674337,93.556908
9.093421,6.288930,3.533447,13.078278,3.725246,2.897466
12.154134,8.482354,3.546736,20.303722,4.874792,3.348511
14.905232,10.742886,6.017371,11.757751,2.273852,17.524319
54.134739,34.996998,28.606255,67.346558,17.975883,89.978470
5.757351,4.182379,3.798401,20.743736,5.850558,11.308975
23.364798,15.467462,13.852835,33.786266,8.895883,32.736015
25.931135,17.619734,11.742733,20.252151,4.674592,3.147315
10.012012,6.817114,12.454166,48.516556,15.560375,11.610282
28.392298,19.149899,12.530789,32.495808,8.511353,19.494118
6.270034,4.627888,2.219919,10.855282,3.986058,2.463853
10.068735,6.751480,3.069956,17.117632,4.646718,7.985131
19.328764,13.181454,7.623995,15.465103,3.680754,3.226792
22.129707,15.137253,4.102077,26.039093,8.210551,16.517262
29.906189,20.051584,7.796042,19.440031,3.973669,5.872887
17.123566,11.853237,11.578142,7.386086,1.919000,11.437751
4.952518,3.369611,3.148262,16.965466,3.723722,14.847895
23.420692,15.412228,6.099438,27.571733,8.358336,32.351852
25.756750,16.880505,9.378908,27.500631,5.997093,6.779276
42.440083,27.578382,20.314224,88.450233,24.758574,24.065317
23.369219,15.648801,8.999086,30.237846,8.165988,11.016664
24.903330,17.302624,7.761088,29.228302,8.764998,11.432367
12.929036,8.635925,4.766235,7.518664,1.803934,1.758573
25.673763,17.557365,10.025363,23.509949,7.169646,9.273692
6.869854,4.580893,2.999981,9.577664,1.950010,1.957712
29.264029,20.027325,22.680292,74.512665,18.070896,10.668575
30.360842,16.671930,8.837255,23.520172,7.930672,31.502754
29.124857,17.224329,8.083562,58.632069,14.351825,12.065559
20.291489,14.250396,13.635005,63.286007,15.984287,8.554980
27.301222,18.778013,12.206443,40.642223,12.090380,73.536018
22.357697,16.023325,11.083647,59.103371,16.724669,7.257057
11.014980,8.094060,3.491574,15.785510,4.297448,2.331902
27.406319,18.877148,9.597076,23.289061,4.489279,4.155654
15.417816,10.957007,5.188244,12.311584,2.342792,3.158974
22.954815,15.873260,13.509581,50.906563,11.284846,3.541087
21.854895,15.051742,7.167484,23.745888,6.088845,4.896067
42.777481,27.593685,20.432476,51.406559,14.032251,16.140051
8.261806,5.898987,2.852455,6.596261,1.661984,1.780119
25.473309,17.506254,9.196616,51.126987,10.962342,19.901608
10.662184,7.336481,2.826129,9.881800,3.142158,1.812093
30.710499,19.478029,53.832191,256.811035,61.885117,77.451653
12.580319,8.756699,5.073245,28.146273,8.091946,9.360332
15.163867,10.275450,4.822432,4.319078,0.928308,8.723661
24.896582,17.133133,8.834812,80.183533,22.425312,11.073256
22.466728,14.961288,8.983477,43.302254,10.691308,13.915443
10.064203,7.210189,5.940736,50.225101,13.856852,5.286951
49.571011,30.930927,41.290535,115.787895,30.058657,124.957680
13.348630,9.306188,3.806664,28.230942,7.943494,31.333075
31.458315,16.104612,11.513674,43.897984,11.513928,8.527093
27.526438,15.800571,11.018260,45.491734,11.462513,7.355397
18.932911,13.785389,6.404628,33.252422,10.168849,22.055931
12.734137,8.546412,3.560585,24.521502,6.774040,19.488022
9.725744,6.740074,3.085160,10.238238,2.041041,2.290617
26.334030,18.075920,8.598947,45.778393,11.842946,8.127223
11.857655,8.303341,5.673653,16.135792,5.283962,9.173345
14.201984,9.736916,21.536507,86.289360,22.660395,57.307644
10.320749,7.562409,6.027317,14.583964,6.016885,28.720343
10.238755,7.087446,5.395554,48.613541,18.059570,3.841031
17.358173,12.774730,6.978724,15.358967,5.160262,17.806210
4.448226,3.382692,2.597748,18.083212,3.552316,1.513806
13.930677,9.310959,3.409093,31.123838,8.998255,3.314452
14.807507,10.388806,5.275784,18.985554,5.112471,4.661605
38.686646,21.972843,36.472744,91.407837,26.951784,43.865017
8.972842,6.420391,2.274356,6.498426,1.266433,1.749359
9.616802,6.602577,4.030344,20.258362,5.108982,16.435312
24.378725,12.723108,10.464615,37.141140,13.226812,39.277367
25.524199,12.691406,11.361932,47.858593,15.076951,39.282879
31.821035,15.777692,20.743114,86.549683,24.032122,72.924896
25.184597,17.234991,7.610238,34.480946,6.547587,2.263918
11.058694,7.543867,5.289946,19.316877,4.810184,24.593733
8.187524,6.055364,3.344652,8.166364,2.119324,0.995041
19.909492,13.709723,21.492382,107.961708,31.173288,67.563667
7.289962,5.136147,1.806186,9.464434,2.166059,2.640120
28.423058,13.905546,74.353279,250.767441,68.527046,233.497147
35.996201,14.717587,20.592722,56.471043,18.535019,29.192801
35.891193,15.375085,24.828123,84.731201,22.452185,22.331354
9.113531,6.628215,3.660025,29.857935,6.164585,0.871575
13.136377,9.647905,5.173286,18.578966,5.730291,3.490542
34.415577,22.403507,13.600124,51.602631,12.659940,22.172602
37.267273,24.070051,8.959328,52.431034,12.536295,11.665617
12.957884,9.173979,5.018371,26.094076,7.899692,20.105879
35.675785,23.786564,10.365237,19.439713,5.485147,12.673470
13.874023,9.652156,9.439969,28.840311,7.650965,16.437365
11.873165,8.406924,6.182210,23.331366,5.820511,5.568048
11.011050,7.877362,4.630974,33.802605,9.251186,2.909835
5.476696,4.089973,2.193254,7.698026,1.998035,4.593548
22.590363,16.033186,7.122281,24.628866,5.885033,2.291894
45.269569,29.186361,14.802065,102.035736,25.628267,10.337476
6.153125,4.365035,2.482209,12.620798,3.284209,3.762201
30.978571,20.301254,9.911077,39.956295,10.375765,9.536505
10.847521,7.479683,3.426972,22.877335,5.205835,5.860680
10.281301,6.979943,4.170867,21.740854,5.139632,22.012266
11.499130,7.939448,2.882628,6.102267,1.736272,3.764124
21.200001,14.741393,15.697442,32.585136,7.158720,18.560055
35.354416,22.308331,16.838463,49.198746,13.353356,15.846333
14.818466,10.375769,4.940857,17.528673,3.990913,8.729671
34.971962,23.196962,10.160304,34.473732,10.866557,48.254986
15.219858,10.503873,13.839649,35.712746,9.515111,28.955051
7.637003,5.549177,1.473235,4.333517,2.000936,2.447780
12.619579,8.973187,5.093246,34.115501,8.435381,2.710548
10.438584,7.699884,4.637177,11.289198,2.470009,2.657805
10.865902,7.696142,3.652158,11.308560,2.759749,7.825291
16.271343,11.230804,4.471725,33.128735,9.433485,44.627205
10.092373,7.456014,4.559637,6.893588,0.878792,1.960869
31.439327,19.477512,26.059067,61.732372,15.159726,12.453654
14.380944,10.339040,8.465032,11.757351,3.672069,35.773529
25.303669,17.162123,8.087200,19.269146,4.872386,7.832486
37.556976,23.408068,26.874369,149.557953,38.493008,27.271040
43.430363,28.795818,34.078571,74.577820,23.424210,109.846794
8.887674,6.547740,4.943318,15.155359,4.248146,22.045876
21.241451,14.839745,6.859542,31.882576,7.914136,39.665188
9.739685,6.716842,4.009297,17.812860,4.221768,17.925583
10.961620,7.923556,1.939572,21.043196,5.009024,6.665508
6.901498,4.501163,2.054500,5.466862,0.718628,4.233263
21.977736,14.481419,35.126137,122.332710,36.650074,204.486115
11.240609,7.496401,3.139323,14.029857,3.542770,3.035608
21.733322,14.593112,14.928432,40.403507,10.211394,15.744428
27.864019,18.761089,12.407124,43.623798,9.607210,7.041925
17.405832,12.219674,4.975790,105.427711,29.933033,6.237743
21.846596,14.682620,8.086690,40.237320,10.105635,20.698315
26.330719,17.674196,8.745490,43.394150,13.279613,25.674026
19.185101,13.092416,4.410473,35.522949,8.502767,3.299469
20.291616,14.021099,8.051723,18.124649,5.976530,15.051558
32.277767,21.260674,8.867637,29.824940,7.381447,3.482659
15.614854,10.973578,6.073505,13.617586,2.716486,12.596465
41.944012,25.104523,32.690086,82.227356,25.948074,77.428299
4.355871,3.327796,2.416134,8.186646,2.996426,6.434009
30.799837,20.722162,15.343948,48.796227,13.960484,72.351189
10.597967,7.658973,5.644544,10.644606,2.277621,33.749107
6.608951,4.398014,4.112092,31.094015,8.346187,1.395658
14.945545,10.235166,9.041281,21.162033,6.242465,11.104337
14.758699,10.272988,2.964640,18.058039,5.008180,17.860083
22.142008,15.242103,7.200419,63.145145,18.302040,9.306176
12.007188,8.221220,4.583339,18.063213,5.331758,28.152966
6.816439,4.542787,2.819299,8.683026,2.209667,3.695786
18.127117,12.662656,5.124648,16.111523,4.896435,5.523147
10.354299,7.266876,7.519324,38.529984,9.437590,10.640713
22.717062,14.935353,19.697906,64.203163,18.267616,68.177460
28.849941,19.671389,34.766384,96.832481,28.430046,86.293282
5.400366,4.008070,2.604348,13.484588,4.396254,5.548660
6.213979,4.206943,3.690095,12.721638,3.379388,7.915920
10.823350,7.422602,4.666735,8.012695,3.309395,3.914223
11.267035,8.006160,4.429448,11.197465,2.560939,5.774137
20.395885,14.184248,5.764221,4.728674,1.879619,12.058268
5.874101,3.528488,2.348119,12.314848,2.449767,7.505722
56.895554,36.503387,24.951569,58.761242,15.815353,19.728802
17.313629,12.211432,5.424664,14.214544,3.648031,5.418248
51.447083,33.591785,15.062772,76.812347,22.969576,46.122738
4.199377,3.162287,2.255457,1.433354,0.363576,5.042928
9.076571,6.520027,2.616814,12.186488,2.851497,7.596658
27.217793,13.811174,14.352322,84.935234,22.416435,24.247616
8.610604,5.819167,3.249665,35.695831,10.047726,3.676536
7.799358,5.331801,3.179665,8.180745,2.119220,7.864260
30.210939,20.522341,8.706208,20.516682,7.014813,41.023579
6.073394,4.623136,2.223241,23.977306,6.347246,8.005266
12.832669,9.028982,4.484725,19.225718,3.996004,4.848979
11.922463,8.776485,5.840884,9.398838,1.625461,3.899386
16.359554,10.939259,5.503023,17.678379,6.707319,12.137783
37.983105,23.123287,18.471714,78.846771,21.034370,25.938406
21.181166,13.740639,7.429205,23.296940,7.584443,10.526955
27.598137,18.817743,8.866092,20.002991,5.418745,6.277664
26.153408,15.599866,12.662965,59.010071,14.936347,9.204034
14.066770,7.221996,6.136684,27.767286,5.767839,2.280231
15.953466,11.016734,8.998082,37.518093,9.029049,19.828762
14.500987,9.971596,4.587808,11.183225,2.674821,7.649297
17.493969,12.215399,6.857550,37.157406,10.149824,3.565109
17.972517,12.253814,5.492517,24.814371,5.636503,10.900962
26.917156,17.736464,10.058940,16.129358,4.895428,22.390902
5.024289,3.733173,6.892449,24.861286,5.913829,9.970772
20.399258,13.966850,9.340325,34.148987,8.045274,6.754183
25.447109,17.773516,7.758874,35.697102,9.405177,6.375006
7.618468,5.244151,5.379727,18.831055,5.531607,2.267117
21.568974,14.836183,7.419275,19.103338,4.726174,7.433312
31.061714,21.195545,7.754870,53.953178,13.539630,17.833143
7.698622,5.554830,2.062406,13.072262,2.638900,1.970877
10.970102,7.957263,3.714633,6.871033,2.684141,2.507163
13.217503,9.545281,10.165097,78.605774,18.889277,8.512334
41.922173,27.827120,13.871712,27.968262,8.660892,10.009491
23.393555,16.219587,9.355108,57.384892,14.579781,28.207455
11.136866,7.608960,3.930563,10.397876,1.642511,7.060666
33.561619,22.840319,8.303137,29.201876,5.911599,9.151735
34.822800,23.946228,12.288987,34.989235,9.609487,41.662560
19.022345,12.872063,7.756481,26.711744,6.725614,7.199604
14.661598,10.275798,2.431943,28.341349,8.487576,6.093562
11.581885,8.182816,3.838405,9.435849,2.835971,10.502272
14.705175,10.140179,4.167017,30.293367,8.806266,15.107519
17.721819,12.336028,7.329864,19.322577,5.431028,7.630558
6.292544,4.587899,2.380843,15.376949,4.383329,13.063783
39.418213,26.504326,18.386370,80.920013,21.734503,61.061665
24.673027,17.357315,19.989231,30.192299,8.075463,10.672773
16.520744,11.428499,5.046467,35.398586,9.923425,26.872583
12.911379,8.710968,5.194544,18.240805,4.943269,7.803157
14.230715,10.121282,4.657683,13.097799,3.739047,3.965328
26.083145,17.920547,11.543481,37.408028,8.825669,6.971833
11.291813,8.172935,4.292811,24.452520,5.530216,7.685262
18.312698,11.987816,13.257089,53.124519,13.985586,34.113094
10.291318,7.726605,3.741331,29.935539,7.965387,1.591984
38.880211,24.287558,13.233544,14.677049,5.429478,64.346481
10.274943,7.087375,3.071024,11.589041,3.252049,6.361534
17.378571,11.660846,21.420301,60.971588,16.665770,15.710694
21.377701,14.511101,10.564863,60.994652,18.654062,51.853306
7.019284,5.292007,3.563275,22.648907,6.237859,2.328698
73.877861,44.268517,36.285309,88.782249,24.481441,97.723373
10.723330,7.460139,3.782631,14.289027,4.371460,13.790885
23.191114,15.762460,7.051697,19.688337,5.912426,10.960013
26.253807,17.334337,11.571449,39.382973,9.696919,4.678468
18.525045,12.886712,5.870527,15.055405,5.805992,16.204624
10.759460,7.905721,3.189931,14.763422,3.311920,4.793540
11.492644,7.975727,6.556509,13.400903,3.062182,3.486844
21.381422,14.272518,6.867619,23.015818,5.368682,3.842016
17.601168,12.267798,7.837340,15.594313,3.992423,8.460225
13.797264,9.967391,4.892105,12.203574,3.842977,1.633602
21.462402,14.498515,8.081272,18.761463,4.589421,43.014801
15.935083,11.410460,12.973825,30.963451,9.155700,26.879229
11.131845,7.984943,5.425775,18.008511,6.196389,13.710790
17.133904,11.158184,12.288675,39.491539,11.018393,51.346535
35.289368,23.560886,11.264850,24.271338,5.863990,7.163858
13.521728,9.368291,4.051794,16.525017,4.150606,13.748476
27.606268,18.694717,6.658203,20.046621,6.991033,5.592211
13.793965,9.257443,5.186293,14.502753,3.794031,4.808416
5.995646,4.586055,3.142460,12.868070,4.063259,17.300278
35.312626,23.394615,11.155164,22.133734,6.720592,41.758972
5.161538,3.882642,4.308978,19.741493,5.496633,4.418518
41.901394,26.612595,34.982243,86.590630,21.410841,26.383810
7.819467,5.433018,4.372192,11.761355,3.175622,1.513464
23.276398,16.245319,14.581094,49.454910,14.792981,66.464783
8.217563,5.774979,3.258186,7.067974,1.478169,1.310687
7.774020,5.549896,3.069611,11.251999,3.788273,6.602774
39.489216,22.353807,27.218204,63.230515,18.829622,50.009201
23.033577,15.977690,9.335449,11.302416,4.284911,5.420538
8.465208,6.077297,2.123187,15.236653,4.014069,3.365866
15.023942,10.162989,6.367498,23.763618,6.050152,3.095660
17.171341,12.173926,5.827682,19.375574,5.370729,5.055031
34.696815,21.836113,37.321575,107.600525,31.466375,134.707199
12.436893,9.259693,6.406623,21.865658,8.179548,12.579846
12.115177,8.799346,4.894271,14.971166,3.553916,5.055144
18.329842,13.048427,4.358265,27.533772,6.477134,3.492738
36.142025,23.901999,22.934410,65.929871,16.057753,37.342262
21.039610,14.397717,9.981567,29.670408,6.419395,12.851368
16.419220,10.997891,6.250597,25.255226,6.610078,4.975332
28.012178,18.733080,14.912497,48.359512,11.176929,23.879316
12.785671,8.568513,6.009609,16.876974,5.319916,24.560160
12.395950,9.017676,5.043237,8.396750,2.321081,6.383946
17.486208,12.358676,7.472241,27.986805,7.148227,4.564611
38.307774,24.570881,10.109533,39.828075,10.779639,9.386345
9.399377,7.038296,4.659750,22.558201,8.083526,39.056221
9.308495,6.841410,3.720612,9.786316,3.269284,11.352468
7.827070,5.288815,2.695630,19.607742,4.141685,2.999292
16.592356,11.450545,2.879561,52.125023,12.422754,3.279562
12.207802,8.924147,2.795810,11.100152,3.154551,3.765163
41.334366,28.720911,18.946356,84.697624,19.198843,11.157547
36.083946,23.667654,13.668236,46.193748,14.393228,66.588516
14.397767,10.318698,4.703444,67.746719,17.711782,3.992201
25.906023,17.883097,8.795548,27.311659,7.677127,28.125666
7.059203,4.904149,5.883908,22.446638,5.828490,5.688612
19.646435,13.981916,5.586598,19.296925,5.536963,18.524208
9.195204,6.626254,3.733113,34.772350,11.721422,2.677613
11.546916,8.182968,3.983099,9.000279,3.140762,3.669816
7.862813,5.572462,3.808466,25.573517,9.377501,2.799845
11.128067,7.790575,8.994972,63.626221,17.054670,9.355142
15.727891,11.232202,6.022891,7.125863,1.219124,2.778749
16.414825,11.691280,8.759455,36.917892,10.254453,8.476758
17.266485,11.525197,11.130253,43.976048,12.868322,39.067059
7.788611,5.258542,3.916833,8.835423,1.984783,0.353017
9.036330,6.412616,3.073387,9.977626,2.130230,3.701025
34.209332,22.223949,24.101368,34.162865,10.489902,64.975464
13.767648,9.821640,4.542061,9.515180,2.412328,3.508965
5.867966,4.204041,2.991305,10.244799,1.833796,1.131606
29.719681,19.937380,6.622911,23.671465,7.053744,36.052559
7.540640,5.223648,2.995853,10.892645,2.663980,1.962286
10.969290,7.982087,6.254376,17.609879,5.422523,15.932210
14.241859,10.109280,4.324726,11.289123,2.224983,2.909551
5.606833,4.182825,1.650008,13.011060,2.716489,4.116260
9.066741,6.369802,3.378243,19.815180,6.847018,9.549422
18.256639,13.091196,5.763561,10.074718,1.912619,4.021832
25.629110,17.619843,4.978997,53.025326,14.183676,25.543314
34.635296,23.187414,10.626884,22.601593,5.252599,5.249410
32.658382,20.119627,14.866405,48.470341,13.316699,26.869497
14.280821,10.312907,5.653114,12.644969,3.440198,13.889872
4.515188,3.355425,2.493549,12.141515,3.162553,14.412645
7.632456,5.480781,3.200527,12.590619,2.786668,4.068165
48.080429,19.583374,13.209154,25.275286,7.155007,6.723117
19.426672,13.609850,8.760790,32.753914,9.376672,30.532997
34.385109,16.396402,20.691769,112.983482,30.553833,100.192856
28.606232,15.566984,18.844763,123.560646,30.692129,74.938881
12.229221,8.453037,4.229877,19.126896,4.624939,1.878593
8.768316,6.230020,3.199576,38.019196,9.151132,15.697861
32.695549,22.578264,9.340249,64.307373,18.409864,45.401394
4.633946,3.069731,2.864326,15.752978,5.273273,0.916318
9.751328,6.262964,3.632423,29.858120,8.765673,12.512632
12.962109,8.672910,4.460511,53.437153,14.258582,4.182461
20.027071,14.402780,6.918133,18.951366,4.252419,3.676101
6.777874,5.095846,2.923629,13.917544,3.019640,4.594379
4.096955,3.007001,1.814583,13.697333,3.370181,2.244605
22.825542,15.766129,7.337681,76.800835,19.247549,6.051597
8.855842,6.396169,4.163581,9.998536,2.793510,2.578358
31.547832,21.950872,9.672442,31.386271,9.666850,5.222871
19.503157,12.994678,14.162777,34.747696,8.962055,10.505981
22.483080,16.213188,7.538939,17.396523,5.485477,36.049950
11.297940,7.633528,15.975347,57.849258,14.717274,9.212954
9.187307,6.476530,2.932959,12.867237,3.122094,1.561052
7.404724,5.169425,3.219900,15.703097,3.924985,2.426070
14.124977,9.533998,3.640136,37.213078,9.659033,3.297233
26.613079,18.288971,9.511770,22.789446,6.873483,34.312771
7.964725,5.814601,3.574293,17.199110,2.492303,3.198049
8.647114,6.356281,8.129914,29.138170,6.749146,4.028011
27.363647,18.879330,7.062375,32.128887,8.485958,6.076375
21.112272,14.653121,6.742469,13.672223,3.743495,3.002490
23.310099,16.141193,7.868588,14.666827,3.316092,6.336403
15.257106,10.156205,6.001001,24.401039,6.724689,4.808384
28.319654,18.920853,9.534245,33.960506,9.199661,6.521482
17.813793,12.336358,10.739525,63.907974,18.899836,46.542088
42.234932,27.487984,33.255337,123.361359,43.499439,189.627533
18.759222,12.598764,20.155159,49.694077,15.849998,74.544533
12.922703,9.159256,5.647624,16.138380,4.315202,3.821577
6.414250,4.757135,11.218829,31.360592,8.235693,2.494306
36.809731,23.578360,16.902403,35.988159,10.334503,37.487469
25.744812,17.903851,11.029851,43.646084,11.222522,8.805987
9.493730,6.606745,3.378522,12.036982,2.689427,3.321608
8.157675,6.040539,3.347255,14.282834,4.232780,2.258279
40.332767,26.399137,11.166623,56.002090,13.695433,7.164095
5.721191,4.221295,2.226282,21.053696,5.461186,1.760710
4.194602,2.989201,2.372470,13.257757,2.878851,2.041999
13.822286,9.979525,5.357089,21.057116,5.310533,10.171625
8.539830,6.241582,3.358242,10.160208,2.994380,0.781453
21.899025,15.066679,9.390251,71.870605,18.431597,8.761267
17.854286,12.260789,5.569308,11.702435,2.955363,12.528082
19.414093,12.985693,28.347855,190.660629,48.839783,24.065624
24.835854,16.777124,6.447731,38.119652,9.957775,11.590683
51.208813,32.223213,26.130995,38.058777,8.962673,9.011193
12.545204,8.891866,4.774536,13.916212,3.681456,19.052032
24.377327,16.602514,9.929173,39.702789,11.788344,41.691021
30.493494,21.069658,9.626862,72.801521,19.673964,13.824583
7.017783,4.999583,3.107383,20.057962,5.614498,2.763268
13.837070,9.771205,3.922402,10.896003,2.367243,3.356673
33.849827,23.416626,13.155857,55.634487,15.453545,39.632111
13.245668,9.409440,4.256114,24.769144,6.082615,2.993834
30.577030,20.027472,10.458971,22.498919,6.320600,15.825338
15.603406,11.061434,6.386502,16.123566,4.436338,2.100290
9.560931,6.701548,3.566791,7.338256,1.320908,0.697657
23.538866,15.751237,7.540343,23.047253,6.735237,16.658506
5.203259,3.801033,3.525715,13.831167,2.747211,12.550757
44.308514,28.098974,15.176725,37.921730,11.766253,50.552914
7.017926,5.014619,3.549752,10.419110,2.892150,2.102591
46.518135,29.936123,22.390167,71.005478,16.923643,25.998945
13.866109,9.691350,3.975374,23.670395,6.448557,17.280981
37.650261,25.660606,9.709905,69.071030,18.324741,8.397746
19.676216,13.579265,8.677888,58.025677,14.162024,17.478273
26.151222,18.313925,7.033892,26.491079,7.756370,10.500911
6.618164,4.638718,4.078590,11.889447,3.828426,9.627094
17.922531,13.001427,4.737438,19.041536,4.848090,10.217052
9.863555,7.115553,4.240195,13.694876,3.326460,6.753591
10.204581,7.138030,3.429163,52.797180,15.808293,2.904988
19.510553,13.253115,8.192836,17.957598,5.482084,7.346838
29.442162,19.978664,9.132621,21.223341,8.179709,37.748405
21.639080,14.800440,20.794737,90.054527,24.998892,56.212490
19.452021,13.860240,2.875147,23.256811,5.871376,5.000767
15.945267,11.312917,5.414854,22.962357,6.502117,37.539925
10.019538,7.395234,3.948312,11.897615,3.249013,1.992848
25.294992,16.940231,6.786662,34.790886,8.348622,7.994302
18.051310,12.580850,3.957293,10.524254,3.306839,15.504948
11.096624,7.924851,4.047737,16.010311,2.838410,1.682386
18.796913,12.824355,3.302469,31.249413,7.692458,2.901439
33.853687,20.457245,77.657837,247.604630,71.483543,223.286743
12.043266,8.545080,3.828170,32.626873,7.873746,2.649962
15.884392,11.014860,8.050046,53.470337,13.475382,33.988987
4.589276,3.210884,4.405622,11.769064,4.272525,8.659922
25.593828,17.727531,5.804791,37.392681,9.553270,6.611439
33.009892,21.657467,9.591529,72.131248,21.534893,34.404644
18.114750,12.599158,13.840232,41.974522,12.530455,12.764242
10.843259,7.619574,4.843602,17.485567,4.693536,12.135572
10.354505,7.424016,4.317601,20.797068,4.745173,1.822161
18.120173,12.411752,4.720942,14.935804,3.599862,14.738665
18.804770,12.850554,7.634429,17.775793,5.344403,15.969314
18.524433,12.879287,6.069455,16.905039,4.525650,28.712830
8.053401,5.732214,4.035678,15.792249,3.947933,1.519878
7.561832,5.323940,2.880247,11.065722,3.137050,8.908145
15.038658,10.268729,6.441453,29.897295,7.462593,23.577394
15.924354,9.730839,6.053636,23.761171,4.971109,7.422378
8.702626,6.208124,3.955942,33.245461,9.060464,3.973301
24.814709,16.909147,9.200323,35.563290,9.909659,46.399872
14.652392,10.033641,3.723506,16.285965,2.970718,3.393108
15.642822,11.029213,4.980826,12.230972,2.961348,2.622640
36.861317,24.006031,19.235970,41.659061,11.969363,17.145908
10.643864,7.784308,3.133864,12.814232,3.609714,3.496030
16.143015,11.269190,4.892240,35.129780,9.219110,8.512457
50.172558,28.157612,16.131355,94.542976,25.641018,17.902140
7.889510,5.844644,2.224609,21.898878,5.648011,0.852290
9.496707,6.914727,2.535668,22.876703,5.501546,5.773238
66.804695,41.262852,17.256975,57.450214,14.843502,11.814058
5.203146,4.115251,5.269740,40.157848,9.326445,1.650227
6.420125,4.720338,2.529921,8.573571,2.270814,2.139003
23.979574,16.311558,16.495710,49.629940,13.721984,57.289165
42.258923,27.622614,16.157206,55.589409,12.991811,15.687261
44.976841,28.973593,17.238842,21.421061,5.817382,10.638287
10.350285,7.531673,9.716608,27.849487,7.710471,10.158841
14.665926,9.824958,4.651323,20.879076,6.628072,2.217603
16.075201,11.447168,9.115353,27.189953,7.611339,15.920544
22.113508,14.945527,10.085749,51.107811,13.092609,10.307879
15.845897,10.787202,14.391462,24.728626,6.699460,7.112082
8.019341,5.740897,2.580279,13.585216,3.363087,7.726521
13.711108,9.539303,3.918930,14.398911,4.313521,5.284223
10.924068,7.919178,3.992393,10.383386,2.620881,4.641061
6.857112,4.889070,2.823010,10.457935,3.376316,0.183773
16.612988,11.347552,6.547873,24.871828,5.805474,1.296504
33.909008,21.276325,25.078821,148.997528,41.297520,28.676710
12.549258,8.513036,3.840541,20.133173,5.246371,4.504868
9.772284,7.098658,4.690912,28.041801,7.088568,9.993856
8.040413,5.493148,1.710511,14.625064,4.533098,0.847947
19.321939,13.506295,4.466129,54.665627,14.956723,7.106762
18.344456,12.895079,4.409928,51.647686,14.356938,4.096152
25.203720,16.362049,8.357725,44.515522,10.548731,17.662064
10.812399,7.440544,3.806380,21.830177,4.342973,1.462875
23.924442,16.715635,7.617718,31.020920,8.503785,27.258812
24.735060,16.345255,6.121705,51.724236,11.291924,5.413202
10.923773,7.816120,2.429028,11.860570,3.407743,1.702414
9.417022,6.666353,3.615704,20.117826,5.309444,1.647387
32.912933,22.211353,10.801121,23.223709,5.800992,25.473989
12.147857,8.629058,3.243622,26.239998,7.375819,1.396428
28.960762,19.594748,12.205539,38.097527,10.363627,36.654736
22.198048,14.741661,6.800512,18.898512,5.063514,3.275683
26.972670,18.281357,26.587017,129.352371,37.433815,120.661484
20.951267,14.367193,16.641554,36.067680,6.702290,11.986975
19.128855,13.066343,14.446795,86.644035,20.349592,9.249225
11.134781,7.636815,6.841023,17.049173,5.572965,23.120792
20.230621,14.375121,8.418822,9.814999,1.775660,3.921275
53.583427,32.985344,16.063683,36.665977,8.654722,15.852215
13.356211,9.692145,4.081704,20.576189,6.356110,2.099329
24.773245,17.241123,8.550236,14.239437,3.833214,6.634899
26.047178,17.884506,6.552253,45.904667,11.542002,6.650258
18.412966,13.196448,6.399562,17.657381,4.622284,4.521725
4.870314,3.535737,2.903624,10.233483,2.532260,0.964270
4.060003,2.913584,1.874021,6.462821,2.522768,7.316091
57.505714,34.973896,40.575272,185.694778,48.021935,42.496620
38.376713,24.356573,20.041859,71.912758,16.750313,12.857194
19.039503,13.103011,10.509974,57.183582,16.268127,65.357895
9.079588,6.611820,2.595699,14.930268,4.677365,4.308284
25.989017,17.513868,17.310041,33.076332,10.118885,16.406239
33.892151,22.423485,7.540780,25.987396,6.066358,33.292816
31.831097,21.112970,10.860434,92.616493,23.252878,7.874278
6.872344,4.853224,3.134682,11.668845,2.333772,2.238455
12.456755,8.531762,8.223213,22.651920,6.590500,13.659629
15.257908,10.863712,5.785892,11.879357,4.219420,8.379357
47.993877,30.630867,30.143675,114.513733,35.477047,182.536316
4.549351,3.571525,2.191203,7.659152,1.914620,0.904153
15.007840,10.062613,14.784834,66.879715,18.704416,24.413332
23.690363,16.283838,6.710215,53.706123,14.993704,6.559933
14.416957,10.372408,4.431506,46.889488,11.479335,3.717211
7.757878,5.961365,2.584767,8.070412,1.798118,2.867344
35.624779,24.107702,15.919890,49.936749,14.611026,50.615257
11.266314,7.664208,3.318781,8.896832,1.981751,3.575507
8.985070,6.515438,3.785665,13.759522,4.172957,3.231979
8.910515,6.057916,2.976686,13.092793,3.481130,3.702490
28.848129,18.921854,8.342114,19.106255,5.827509,4.320555
13.606386,9.060682,5.166530,28.636662,8.291129,19.121143
24.589355,16.444263,8.397842,16.593126,5.312586,4.541528
8.767653,6.351280,2.239910,37.251369,11.542653,2.723266
42.538898,21.572147,32.398170,82.053711,22.809448,38.768700
22.381556,15.066072,8.560607,50.003971,14.026827,20.555811
20.197315,13.701986,5.016349,36.983589,10.327242,5.459507
11.961595,8.549576,3.886948,12.934134,4.540708,7.199048
10.763947,7.425067,2.322302,28.372646,6.100885,4.265868
10.503559,7.544723,4.001244,2.794647,0.570624,6.565940
13.182269,9.186634,4.522271,29.897947,7.151897,0.956620
39.156097,25.077776,26.368839,44.354721,10.382065,19.152613
14.931967,10.125874,5.174898,32.535748,7.801325,4.022091
17.010756,11.660712,6.257470,32.718586,7.968783,10.207000
22.727926,15.838543,5.635468,44.833977,12.979989,7.458149
17.951958,12.410149,6.947966,24.479031,7.088434,14.885117
9.214412,6.484879,3.180764,11.256282,2.611178,2.629072
8.654256,6.246293,4.145124,8.492461,2.868329,12.537545
15.762303,11.195574,6.065208,17.794615,5.390930,6.164352
19.676451,14.178199,7.171140,27.614664,7.343284,27.091635
28.260155,18.617208,7.541316,37.003456,8.384072,3.689140
62.452835,38.030388,29.949341,100.056877,25.598255,54.130791
4.525071,3.327199,2.869403,8.043568,2.142916,1.130689
9.841627,6.736605,2.812177,10.598304,1.609418,6.346955
16.956705,12.056956,6.797307,8.124040,1.646364,7.175750
12.146654,8.829132,4.116581,20.990988,5.632936,3.190181
28.905243,19.874670,7.161620,40.458660,10.873967,19.867313
8.694238,6.025671,3.044963,8.916730,2.450208,1.577538
17.565201,11.966077,6.471427,41.530273,12.556808,37.855415
30.359638,20.982779,11.169677,103.067085,30.670164,64.045921
21.368130,13.998012,9.662108,70.347969,19.681768,9.307927
37.749908,25.183090,18.673996,62.833897,15.194326,14.716821
27.948271,18.977896,9.740335,34.736217,9.653780,19.413729
14.491302,9.969478,5.633365,67.190948,16.667187,8.429869
6.770278,5.103778,1.457957,11.983371,2.795621,2.820227
11.243802,7.736897,4.372174,13.561149,4.117648,14.872227
41.558609,24.055887,52.324627,171.058563,43.136200,54.914406
12.787380,9.012394,3.762878,57.530220,17.928312,1.431605
20.563429,12.865837,14.710422,46.041054,13.161053,10.246336
24.602125,16.529415,11.257741,12.000680,2.755461,5.838176
9.037049,6.509929,3.851020,10.630887,3.116191,1.863687
7.386953,5.452660,3.376418,9.915175,3.165305,6.453407
9.977678,6.799818,3.978960,12.972842,4.580002,1.358041
6.881442,4.831583,3.726652,9.535347,2.322687,3.240168
11.905805,8.117371,4.548475,36.218632,8.576440,1.438059
4.504147,3.422014,1.797495,22.954872,6.185833,0.560552
20.665432,14.060650,6.433760,15.026728,5.104130,39.868416
41.577091,26.833693,15.330865,36.462917,9.698505,9.422067
11.837536,8.693565,6.766643,23.747227,6.450005,21.179024
18.533592,12.357156,6.290967,36.465687,9.331612,9.551003
19.601278,13.421548,7.308892,59.918446,18.212265,5.933589
49.577347,32.654434,33.575470,122.116264,31.718157,42.019138
11.533871,8.407121,4.789914,13.616727,3.756395,1.577224
12.232862,8.666952,3.564319,9.439128,2.534556,2.699644
7.243494,5.006614,3.026045,18.019501,4.672563,6.793179
9.726613,6.676045,3.487067,13.376235,4.064651,18.390501
8.513985,5.871817,3.623275,13.897013,3.264014,1.325728
9.826759,6.976246,3.215758,12.075171,3.156870,12.429633
11.478261,8.154718,4.272162,16.734171,4.342293,1.271218
9.253256,6.250411,4.334417,22.873329,6.158895,2.036285
14.109786,10.131829,4.923846,12.706407,2.920547,2.357286
9.502558,6.897264,4.417268,14.664441,4.057501,17.727058
20.845181,13.894638,20.857925,40.506550,10.643797,24.731934
24.121628,16.315828,15.794776,30.656004,9.668837,42.489609
28.187178,18.882162,9.670558,25.742903,7.549721,33.917885
25.670065,17.269680,6.679100,25.484339,6.318316,4.359634
4.627158,3.534350,3.694632,3.655898,0.659832,3.538416
22.061420,15.412184,6.751965,12.681249,3.309394,19.531046
14.807210,9.877046,5.086359,32.352451,7.968666,2.786452
22.061054,14.906956,5.127625,24.611559,7.151803,8.574683
17.725334,12.136995,4.187654,37.234444,10.912731,7.045319
25.497004,17.103544,10.266331,32.753418,9.577731,6.173961
6.475907,4.871438,2.939842,18.528677,4.632608,6.116174
15.624640,10.771498,8.721073,80.225777,18.461773,5.317133
18.647854,12.930503,4.738324,27.348219,8.428615,2.842400
29.870186,20.031511,13.327296,47.119576,10.604475,6.661502
33.024162,22.106583,15.910028,32.172821,9.065716,20.657473
13.397289,9.811577,4.720894,8.809816,3.332398,4.439667
25.483604,16.686535,7.183532,17.685663,3.212465,7.315513
5.947142,4.436150,2.296852,10.371027,3.513815,2.693885
25.615387,17.509565,13.939392,26.030602,7.528036,18.676291
5.089254,3.861095,3.645303,7.604224,2.741273,5.152304
28.648849,18.761847,12.943373,25.488846,7.115129,9.775481
44.353851,29.293119,11.784456,37.073357,9.898921,11.624008
30.179564,20.318701,22.089457,128.271774,33.907551,19.908195
13.878595,9.867956,5.717856,12.193023,3.412318,12.476651
12.202661,8.842407,6.574079,31.103344,9.932545,10.860098
22.378248,15.104888,11.648722,75.483932,20.042595,3.928751
25.190468,17.283413,7.588465,20.486588,6.636370,13.818363
14.964153,9.820360,4.686531,28.562086,5.978890,2.530875
37.489079,24.437906,19.254023,82.317680,22.265577,92.825661
10.133917,7.070367,3.759513,26.661751,7.191801,5.684879
61.020069,37.807777,18.651236,72.904953,17.157337,16.031614
4.242357,3.056865,3.065934,8.176831,1.691356,1.076269
7.229185,4.945303,1.610156,10.884937,2.782131,3.807205
25.060350,15.318720,21.243908,71.413628,19.138058,78.306862
29.960516,19.853533,11.376970,20.409939,4.632607,3.185055
6.966906,5.035852,3.194194,17.751957,4.637421,4.356690
21.831587,15.233891,5.893645,14.527044,4.583524,29.343161
7.796609,5.367055,2.853365,3.126699,1.666437,4.650817
9.699821,6.735752,4.441892,17.654146,4.929176,3.809251
27.453617,18.898846,8.967399,24.649599,6.814984,11.210327
29.074936,19.770939,9.155828,25.415834,6.895093,6.883330
23.368149,15.814240,7.063021,21.324705,6.754541,5.061950
7.177978,5.187998,5.810430,54.536930,16.982256,2.793738
8.035344,5.450684,3.689660,9.717552,2.755101,12.386019
11.744188,7.991930,5.046275,19.808710,4.937674,16.957609
12.476422,8.696179,4.460764,45.991169,11.130686,15.839839
15.575167,8.006615,5.232980,43.442585,12.649307,19.017097
11.837321,6.266685,5.606920,55.328617,13.991263,6.990814
17.557278,11.854589,9.988391,32.153851,10.047722,39.758106
26.212667,17.427210,8.333172,21.962486,5.988330,20.616270
6.145291,4.224723,2.510843,10.474474,2.556668,2.439507
5.838899,4.419918,2.736504,11.324853,2.900961,1.691642
15.970705,11.315462,6.172569,14.160393,3.204622,19.879686
25.588734,17.279055,13.690994,54.631313,16.102680,61.097801
12.332745,9.024984,5.540308,6.956024,1.231707,4.862617
39.307419,25.742809,16.493662,164.417953,42.018566,12.115398
13.150668,8.894722,3.141472,6.644745,1.816024,1.220324
12.883153,9.027617,3.706185,16.755327,4.916142,18.398033
45.104176,28.742638,45.289829,116.670990,30.100567,83.031822
21.493567,14.541945,12.120856,31.738430,9.489783,55.308125
16.320410,11.140501,4.913696,37.568729,9.489222,1.465720
29.661051,19.856169,12.054840,36.372948,8.656607,3.483745
16.437078,11.283070,6.650571,14.079820,5.497054,5.543338
28.814735,19.041632,8.663383,47.412376,11.366239,6.486673
22.407516,15.889879,5.694234,15.167711,6.052423,31.117794
14.444829,10.281449,4.780897,13.524084,2.867028,4.057704
23.125406,15.462067,11.023783,31.111296,9.890652,45.443249
12.134189,8.648865,2.405859,21.579672,5.151217,8.165737
7.106768,4.799284,2.646381,13.753963,2.882121,2.089467
55.437870,33.352352,16.063351,66.337563,16.223438,37.859467
11.462983,7.904887,4.217564,21.863590,5.358183,8.812315
12.800316,8.621985,4.437108,41.607426,9.500149,2.803548
18.667961,12.893197,9.822860,38.038990,8.501577,8.889938
13.729380,9.565793,4.423367,64.696747,17.677195,4.934197
19.042831,13.167697,5.551802,33.818371,7.877271,2.835263
23.190783,15.322588,21.029032,86.374847,25.985130,80.072319
36.582798,15.227664,15.880751,63.510193,17.462164,8.850799
11.891718,7.855366,4.666983,13.082554,3.566733,7.000070
9.366014,6.442171,3.309043,10.895597,2.152720,8.418694
23.931013,16.433741,8.438679,25.947077,6.783085,3.136636
10.144471,6.940119,3.035770,18.877424,5.429087,5.235298
19.451082,13.584361,5.775186,49.863773,12.356142,6.052403
28.096567,19.297482,7.977916,28.175396,7.236203,34.561802
18.443642,13.102719,4.811055,14.511446,3.312447,3.109313
4.838568,3.344507,2.670477,3.739223,1.004165,1.517818
17.122717,12.209736,7.082693,114.371933,32.479458,5.327514
8.733966,6.020731,3.196509,9.261032,2.334222,1.043346
39.349350,24.588598,18.385206,108.400780,28.351154,57.834927
10.181104,7.349154,4.108981,9.371692,2.130759,2.574227
30.693569,21.354855,6.742075,48.154121,10.987557,9.629751
15.228128,10.450665,6.750341,31.680197,6.249375,3.001441
11.531484,5.317010,5.702267,33.773998,9.111237,10.838889
19.624208,13.685905,5.910959,23.047712,6.127977,12.283639
29.199669,20.060989,7.141023,32.704193,7.907967,19.750822
12.822620,9.225200,3.394187,16.888235,4.977058,16.116877
25.844984,17.413294,7.224420,35.712803,9.711843,15.042025
11.688035,8.518811,6.384145,35.270462,9.690324,18.544889
14.503798,10.410895,3.956254,15.975706,3.850025,1.783095
25.677914,18.198074,17.223133,27.620138,5.677714,11.199167
23.601660,14.803020,20.221493,86.214279,27.576982,143.911377
11.186652,8.148392,4.275591,13.537521,2.586341,3.299350
16.651701,11.484749,4.762137,8.539107,1.564441,4.819852
19.847002,13.654124,5.434125,18.974348,5.607783,9.573805
29.032373,18.568243,7.635816,22.334570,6.849483,17.331709
46.511848,30.218128,14.068083,37.668911,10.494367,14.530807
30.917334,20.763224,15.068412,44.990761,11.732035,8.942565
9.692884,6.930607,3.382810,15.924115,2.240814,1.737692
18.941133,12.805163,7.729642,30.274891,7.757924,8.003884
9.328440,6.494378,4.430408,11.786925,3.222222,21.190720
44.439629,30.230762,22.501780,46.741837,11.912965,14.542728
24.386358,16.212151,19.155973,44.735687,13.465100,55.730812
10.566825,7.573106,4.265063,23.508091,7.296494,1.310324
8.496741,6.058323,4.351159,48.230358,14.599327,5.478364
28.788485,18.621225,33.783829,78.955353,20.392334,63.169159
7.031033,5.116357,2.939798,12.251126,3.803884,5.418708
15.614728,10.851761,2.929951,18.765774,4.455902,3.916988
25.213276,17.233652,12.100883,44.539433,11.874617,10.147985
24.928644,16.403387,6.288727,28.164263,9.487708,26.587622
18.434135,12.502357,4.932422,21.618162,8.717687,33.353466
33.428204,21.927021,11.242421,25.817734,5.518629,5.233868
13.616443,9.329458,4.929283,28.257380,6.578948,4.924886
14.511089,9.930798,4.017584,24.145739,5.552190,5.790478
57.448307,37.425442,19.670071,44.759846,12.342112,24.103842
14.981122,10.137928,11.329700,64.237106,17.919939,15.939938
5.866843,3.845745,1.492031,19.476372,5.702297,6.243285
13.608903,8.823427,31.458244,78.990204,21.314381,121.038734
27.472940,18.356096,11.291250,22.661961,7.818501,15.818892
22.697765,15.645705,9.497271,19.025494,5.211066,22.201170
8.804654,5.928324,4.327786,16.132502,2.897915,6.516710
10.187813,7.363779,2.896168,18.926085,6.251962,1.186855
23.460978,15.671324,11.143882,45.286091,12.766623,7.176270
10.470985,6.870022,3.762851,26.026960,6.290079,1.912232
6.374196,4.376422,5.330848,15.623073,5.028091,4.821967
6.689877,4.717883,4.914116,34.126041,10.440761,14.205014
15.353296,10.678500,4.992178,18.235231,4.485634,16.763313
7.704863,5.410330,3.489719,3.591229,0.923396,1.271155
21.520975,15.328803,7.314186,22.736589,5.665679,6.776015
29.106150,17.971354,31.535898,128.937668,42.035633,153.081146
10.008090,6.933928,3.548053,18.103081,5.284471,5.460928
4.703227,3.327008,1.481909,10.256933,2.666306,2.446721
27.097836,17.928339,13.359172,31.932562,8.533698,10.931590
13.744004,9.953820,4.010923,21.804626,6.061842,8.518876
24.409325,16.882181,9.799018,57.719795,16.225729,11.054893
12.223157,9.038925,6.946935,21.136110,5.696310,1.924610
13.724689,9.724730,4.312808,9.503531,2.740489,2.064764
14.312392,10.260766,4.867855,12.499756,3.489730,17.360653
10.980896,7.863006,18.831993,85.769905,21.865601,57.195820
12.087985,8.800908,4.803909,13.202729,3.187864,2.661710
11.879071,8.339200,4.909864,32.607029,9.900066,7.208465
17.869974,12.974717,6.522685,18.244959,6.439777,5.479831
14.413814,10.099775,5.303852,49.446621,9.683644,3.073730
31.747974,20.944075,8.982489,32.533016,9.267718,7.120679
17.543617,12.089994,5.744471,38.392601,8.684987,9.374379
10.962749,7.359047,5.167760,62.208359,13.912346,4.024234
28.188734,18.826756,11.102643,75.838371,20.764002,25.773819
10.308643,7.105898,4.205441,23.894302,6.278060,1.797399
26.575996,18.069811,9.320723,25.485611,6.679024,16.246870
34.136185,22.055593,14.860252,37.335766,9.534353,41.822830
25.186573,16.820282,14.164207,52.410049,13.202299,12.632557
34.215302,23.495768,11.417575,36.914768,8.321230,7.364225
28.390203,19.524340,32.473904,85.857529,21.801409,102.889458
7.366624,5.067811,3.226547,3.509764,0.650246,2.645560
13.427176,9.384624,3.957553,25.369036,9.211546,1.776692
32.443810,21.740053,11.392649,38.031872,11.022030,7.611810
29.499331,19.557617,20.086382,98.409180,24.274622,14.803063
30.534977,20.906431,6.543508,30.923519,7.032176,3.765048
26.134626,17.516174,17.575071,36.984276,11.650401,47.657570
5.756843,4.051517,1.813333,19.322805,4.641059,1.155602
8.723965,6.002862,3.633518,8.163824,2.928449,10.294424
34.354980,21.639822,59.322620,206.767090,56.010353,45.848705
12.024945,8.356707,4.263379,12.888287,3.665812,0.751883
18.936790,13.171639,5.897697,29.756414,7.656782,3.614736
30.870043,20.400507,13.610955,42.333771,11.054724,39.873714
6.554255,4.388921,3.553822,33.073330,10.373255,14.010385
10.712418,7.725139,3.477681,9.755731,2.254446,2.136238
20.129709,14.208654,7.101501,22.212002,6.047471,3.088292
29.454775,20.242943,8.281003,29.434677,7.291850,13.467867
34.158970,22.634922,11.755306,69.050369,17.805239,12.054094
10.569342,7.408929,4.072587,15.278983,4.214605,10.996381
26.929489,17.906914,16.161945,65.689423,17.690731,22.309185
21.711079,14.810376,9.371967,25.541971,7.464330,15.554840
20.424101,14.038694,7.759012,12.457066,3.376730,6.732882
50.788006,31.945427,17.337643,29.902475,7.938894,7.254732
6.028526,3.937221,1.630118,8.323394,1.561565,1.457154
16.428440,11.664228,7.052040,29.366247,8.276353,32.426617
23.010265,15.903250,8.594046,20.842381,5.068069,4.083107
50.776611,33.280735,21.320314,35.652351,8.617270,10.277980
8.734961,6.193837,6.641301,27.725349,7.889172,5.741981
12.422541,8.914812,5.326937,22.970947,8.634181,22.685722
7.769373,5.624081,3.130429,28.290859,7.801680,1.850936
30.313988,20.722212,7.903297,33.232590,8.825988,4.701626
11.677188,7.679515,5.046414,30.851883,6.634207,7.282011
7.764047,5.560187,4.255320,13.813137,3.628739,0.863269
8.599926,6.348023,3.006067,19.336235,4.880806,1.631783
18.917933,13.087515,7.780775,8.838913,1.165135,6.827326
20.421923,13.996920,12.212137,50.187069,13.329851,35.882870
14.170894,7.914749,6.182479,32.423031,8.005730,6.785812
26.030594,17.048071,9.980741,32.707211,7.608381,16.145699
16.803360,11.465513,5.176064,11.232396,3.030624,1.608514
33.940453,21.751362,11.963903,37.205151,8.127258,23.603506
11.006919,8.072005,3.818690,36.327511,7.831835,2.019976
26.200630,17.479433,13.744990,54.834274,14.438971,15.265403
17.336987,12.064570,9.203456,25.934320,6.874332,8.496702
37.155159,24.506308,33.589638,90.636269,24.271767,35.396175
9.318875,6.708351,4.205155,14.780926,3.943202,11.707203
69.681335,40.609386,21.738058,56.724632,15.755007,29.983891
5.733603,4.150287,3.673208,61.106583,17.263491,5.038297
17.508144,12.574591,4.938332,10.106676,2.594910,21.092955
6.737279,5.198193,2.487195,9.988526,2.181213,0.419219
13.920436,9.916680,4.191585,15.466017,3.268698,5.935610
27.671818,18.679873,10.490125,29.270761,8.491728,33.655956
59.543255,36.491940,30.313936,93.049904,26.875992,63.702465
48.508816,32.782246,14.058038,23.397779,4.644615,9.362353
18.907345,12.927166,5.867776,16.159332,4.783350,15.690301
8.183727,5.336784,1.923588,9.182254,3.942671,1.957086
6.030635,4.197926,2.567214,10.676747,2.846640,0.583910
19.995335,13.945210,5.365956,12.068888,2.356205,5.729394
6.495059,4.734907,1.790158,25.772615,5.598029,5.605658
15.645802,10.274794,18.356791,58.303593,17.609814,118.601692
12.038382,8.171126,5.835723,8.033791,2.671652,6.043561
7.923869,5.262873,4.251291,12.079962,3.307510,1.059110
33.560074,22.803598,10.338917,41.621807,11.212680,15.808659
14.882270,9.660326,4.930203,44.247177,12.940537,3.524452
33.847786,22.823425,13.333177,32.377312,9.354665,5.270390
36.799149,25.040535,16.182322,52.388111,15.812348,26.359425
5.581030,4.095078,4.773007,6.207806,1.581680,2.379529
17.220470,11.704414,4.037214,49.278126,12.734297,3.303595
29.587870,20.430151,13.124595,52.119015,15.329852,60.874134
14.273032,9.943268,4.592286,13.122163,3.452717,2.098991
29.088739,18.197165,25.774166,108.424637,31.831038,157.479095
21.353601,14.489071,15.223512,47.154488,13.687722,112.358063
21.779049,14.986018,7.839118,9.582503,2.803958,4.802926
28.627775,19.659389,12.312427,36.820786,10.258327,7.587183
5.376782,3.983044,1.977654,8.881018,2.136251,3.035385
33.700562,17.327459,11.632051,50.210682,12.943781,7.856297
10.438103,7.504816,3.354828,9.294106,3.748827,9.968879
27.027412,16.170139,30.303518,68.809807,20.116163,119.981171
17.571280,12.100873,7.072729,25.828041,6.816855,7.012663
8.914634,6.164000,3.100538,24.617178,8.205117,38.125595
12.729930,9.027815,4.364082,11.407511,2.770944,1.814662
18.753202,12.791705,8.562213,53.691032,13.653172,3.813550
5.266518,3.753337,3.201462,23.892460,8.165813,17.522364
27.867258,17.891739,10.374143,36.898849,10.959804,57.672462
10.138757,7.096600,3.446475,14.897658,4.328084,26.694460
8.950373,6.432448,3.879504,36.484829,9.780771,14.016943
44.862915,27.112087,28.363718,72.903381,17.392725,17.694832
86.980255,45.102406,68.391716,282.395905,74.323891,151.640411
23.966606,16.746742,6.995568,21.040932,5.604775,4.392134
15.416997,11.335832,4.538138,14.717584,3.908296,2.473128
10.871736,7.715184,4.012590,63.684383,16.683868,3.611284
28.389309,19.561241,7.486924,23.603462,8.523114,76.385132
19.169476,13.603758,6.193159,10.699401,2.756374,2.297388
71.218636,41.903118,23.471298,75.546089,17.552504,22.410936
20.851202,13.283605,7.495783,21.050283,5.712421,6.605390
20.164736,13.682702,8.081585,57.164993,13.488856,6.763674
56.532021,34.162357,21.599813,93.466301,24.916925,17.846670
8.799008,6.183753,3.103476,10.987137,2.481346,3.143365
14.217308,9.719524,3.515916,14.585919,3.762869,7.104976
16.695633,11.916047,7.333646,17.252079,4.371542,17.133944
5.720170,4.271953,2.599468,9.399793,2.635149,2.457399
19.598063,13.203083,15.542122,27.550102,8.344764,34.512482
12.514146,8.871879,6.941494,27.171862,8.468366,20.021063
21.542236,14.740381,7.425894,34.633331,9.253130,20.147177
20.604034,14.115776,8.867948,12.512749,2.107333,19.123238
11.096710,8.157592,4.361300,10.668689,3.208277,2.265075
13.666526,9.691464,4.555825,12.788559,3.327295,12.428646
12.764496,8.728162,3.783362,17.286831,3.992014,4.149834
30.945007,19.959965,21.487505,87.410934,21.255800,12.097732
12.770736,9.370646,8.354645,57.415634,14.498096,7.115877
29.312262,19.767502,24.132799,58.716084,15.491395,29.257767
11.521713,7.976677,4.367704,15.644574,3.233534,15.665343
11.481860,8.487535,5.496246,14.535999,3.883409,5.403521
5.766914,4.029173,1.351643,5.245308,1.289429,2.576291
11.123193,7.967446,3.071978,10.282791,2.880712,4.129350
25.139582,17.035631,5.510202,27.400717,7.016419,5.247932
24.068790,16.551003,10.641701,36.184746,9.426620,29.057009
9.013287,6.484416,9.758245,47.817692,11.615200,9.310093
23.192194,15.592765,20.834887,74.620461,18.533632,14.715781
30.831638,20.789778,9.928091,32.025784,8.005560,7.167351
21.189001,13.969665,9.455732,40.817020,9.798699,12.463758
13.064620,9.157777,4.318384,23.592018,5.326005,2.004834
9.659616,7.161454,3.372605,11.783467,3.518111,0.962925
8.599699,6.178588,3.954733,11.897258,2.628291,3.365255
19.540285,13.516434,8.884100,31.851643,8.450580,55.091091
14.445463,10.128176,4.339730,18.375679,6.415577,50.397652
31.076027,21.058939,9.477300,29.768171,8.958621,29.783302
22.875387,15.550915,12.454512,73.140701,17.699116,11.670114
12.972516,9.076159,5.172166,9.016348,1.808396,1.430044
15.043399,9.643270,5.585156,21.946918,5.203202,4.809129
39.741535,18.459076,12.623782,55.600506,15.872564,13.708946
40.072990,18.369373,13.498777,65.249435,17.293449,11.892033
20.970747,14.609026,7.034551,24.683506,6.775733,10.180206
28.120399,19.193964,8.281298,30.357616,6.710489,4.710534
18.354275,12.424069,5.577455,14.000888,4.240602,23.415525
23.852488,15.851191,5.234065,31.997248,8.896486,5.847200
22.915133,16.026560,10.376451,39.944695,9.564879,5.008337
10.844102,7.413308,2.668067,20.982130,6.004125,2.720555
55.687172,31.879507,43.150127,131.337540,37.169544,78.385254
10.227531,7.070845,3.158703,9.405853,2.626516,3.892997
7.545663,5.080418,2.123391,16.193895,3.833887,4.985762
43.004559,28.295662,24.528437,39.749256,11.784090,43.258476
29.345142,20.003828,14.055572,11.127558,3.098857,24.726423
9.766488,7.108996,4.124074,4.367854,0.935293,2.681918
21.532948,14.757036,5.351404,28.883219,5.820554,8.708990
8.176963,5.905824,2.870033,6.523589,1.278790,2.322478
24.437651,16.841499,8.576384,23.842594,5.171289,10.208991
27.642513,18.455635,7.498711,36.758038,9.794370,44.690659
10.337379,7.418180,4.350295,23.566877,7.207827,2.895707
6.984846,5.157867,2.770244,20.711693,4.997176,3.849343
4.523533,3.049500,2.923715,11.839311,2.933442,0.771878
5.670774,4.123873,1.874486,4.727936,1.564212,1.617678
27.916264,18.484947,7.683119,19.663986,6.093192,35.252861
8.525614,5.981213,7.813355,43.018250,11.200283,4.484452
26.750378,17.791033,14.510682,66.629211,16.696835,32.479038
28.796925,18.015966,25.278803,105.290787,27.809107,32.470932
7.306421,5.404595,2.668755,7.506372,2.390944,8.089191
29.251680,19.506176,10.114859,54.495171,14.710506,10.203572
27.088989,17.677511,16.984243,53.386860,13.705852,43.764675
21.143953,14.535790,5.307787,33.308342,9.181230,26.344353
52.416798,31.576122,20.319717,95.311157,20.463474,11.166835
8.282782,5.848679,3.809602,13.195758,4.264646,2.873790
16.569754,11.477994,5.203501,12.032607,2.378480,6.644221
14.414491,10.464041,6.128863,15.032293,3.398579,3.052568
14.566689,10.437044,4.469279,10.500458,2.618871,6.020004
24.086306,16.515615,16.557129,99.295036,26.587589,29.360670
18.478792,12.592875,5.433560,30.882280,6.944971,17.226391
46.592873,29.427231,17.710615,80.691536,19.608725,10.501123
12.438450,8.972174,5.296840,11.386930,2.521648,6.150054
21.339880,14.110071,8.962199,47.972263,13.550750,11.402481
39.804089,25.445099,32.878529,132.065308,33.960114,129.774292
15.467427,10.856512,4.586869,13.849773,3.452344,1.493502
8.497636,5.790580,2.222503,24.984652,7.681109,5.101560
4.784752,3.371069,2.098825,2.872790,0.358520,4.986906
12.679992,9.103931,5.525707,43.965107,12.317584,6.510004
13.854239,9.425781,4.063981,23.741550,5.623322,2.443444
8.295576,5.582373,5.553786,19.117863,6.518635,6.628942
12.791515,8.971071,4.164289,6.698678,2.270830,2.139254
19.546494,13.197975,8.691479,11.502625,1.534514,5.796040
31.861294,19.758734,32.652180,141.198746,39.156158,13.245987
29.990761,20.131826,11.023855,76.194328,20.966745,16.767786
27.459887,14.566951,14.881701,56.296677,18.006266,92.880554
19.043026,12.676775,7.863926,24.925274,6.178389,4.267142
9.530149,6.878534,4.437570,12.573092,5.115361,9.182709
24.132553,15.862482,19.490992,83.336739,19.508909,14.224674
9.250360,6.394320,6.109601,30.884590,9.956352,20.341604
24.748791,16.879623,6.223389,28.284462,8.346622,5.501539
17.066847,11.531802,4.785335,19.145615,4.056069,2.032887
17.809834,12.399491,5.849085,12.961710,2.711855,14.361305
14.128769,9.681113,5.179191,13.466589,3.299172,4.721087
10.313610,7.393456,3.075611,23.257845,7.254666,5.323064
12.852452,9.038294,4.492810,14.224409,4.754490,7.516194
11.306681,8.151120,3.954167,10.267243,2.084891,2.101816
24.691187,16.925306,12.027193,21.888103,6.431106,8.164346
10.194529,7.208434,3.770421,18.593418,4.824038,1.408289
17.079594,12.108911,4.811900,16.708048,4.214834,1.719597
15.184695,10.562544,5.956285,23.632040,5.914152,3.857765
16.832056,11.537020,8.361576,27.313820,6.953551,5.917781
70.672531,33.342731,44.963501,158.025772,39.218731,95.066437
29.476179,19.701048,16.715620,61.492073,15.874155,25.437721
32.681786,21.920158,10.165356,30.481428,7.905750,8.537548
10.075864,7.117534,3.564180,32.434193,8.407531,1.196423
16.300665,11.099444,14.338547,71.635300,19.431000,7.520150
10.331571,7.517411,1.946973,16.487867,4.237197,3.686610
9.970024,5.426600,3.687919,16.004301,4.264977,8.596230
9.457677,5.794874,3.619992,13.822027,3.164991,3.341593
20.063822,13.663890,6.509378,30.203411,7.656761,4.802174
19.538713,13.126661,16.650515,51.701530,15.635039,86.119461
5.372773,3.825974,2.376763,7.046390,1.688029,1.774068
24.370409,16.742336,8.249092,22.191950,4.809596,5.463630
8.578152,5.901279,6.100419,22.950733,4.939240,5.826635
51.337360,31.920586,16.469032,78.887741,21.807388,13.380859
7.243270,5.065443,2.247049,9.024979,3.333716,4.962538
5.381098,3.926639,1.592409,28.239088,7.777800,1.810515
9.599632,6.860226,7.697697,28.079041,7.349366,3.581846
26.276697,17.604597,6.735517,28.982281,7.631760,11.191702
29.011106,18.765604,7.807845,34.849476,9.269300,9.062943
13.786946,9.645803,7.673361,54.533070,13.169171,3.367556
6.344541,4.389227,4.388435,34.247974,9.620539,7.123263
8.863195,6.709317,4.445653,10.834241,3.732162,10.850840
8.451013,5.779406,3.760405,13.263223,2.921811,5.437535
7.395553,5.430668,2.175659,8.857939,2.825370,9.193137
10.638133,7.882100,4.124651,13.927310,3.362612,4.380993
22.531532,15.311171,8.941241,30.148434,8.234044,26.468813
21.415569,15.168902,13.514505,39.248943,12.141886,7.676415
13.570613,9.073209,5.328122,17.274202,5.795638,24.154026
17.466843,12.169455,3.696316,48.319160,13.205598,2.549627
10.119587,7.011230,5.147491,29.421144,8.105469,11.018799
29.428209,19.573164,14.711537,47.034779,12.280089,45.664646
10.109295,7.133807,7.803889,18.919666,4.742325,3.864739
13.350720,9.179287,3.752079,13.002926,2.779882,3.388026
12.442886,8.915764,3.735964,28.029793,7.614333,2.781426
26.718451,18.368589,9.615414,48.652115,13.142234,6.122044
32.743378,20.672922,8.307570,67.015869,15.737649,7.458611
15.165107,10.526359,8.231783,48.575226,13.274799,7.148224
10.858230,7.979514,5.604733,6.170145,1.699294,2.158561
9.628371,6.529513,5.646763,8.706808,3.119454,7.818354
21.032434,14.901318,5.480756,19.887974,4.469819,2.123906
13.378347,9.635681,5.922156,24.826530,6.115592,2.842119
8.753209,6.224265,3.604167,25.530840,7.560410,2.412019
12.318809,8.476275,4.886816,6.096798,1.016331,2.191859
11.785593,8.456784,3.458506,31.372879,10.206568,13.865720
9.777858,7.182497,5.115982,61.902130,16.807911,4.537925
47.710438,30.367792,21.897694,100.641418,27.875837,14.187126
6.452933,4.893598,3.450775,10.763676,3.937325,1.769317
39.965965,25.829048,24.090731,78.093109,18.360622,13.354200
31.654804,21.095215,9.884888,27.739300,6.089019,6.378630
17.871248,8.187294,6.642744,18.348749,4.879460,4.128803
17.890104,8.171046,6.794029,18.255957,5.353909,4.004453
7.398789,5.469861,2.610360,7.419088,2.107810,1.345106
39.265453,24.258121,25.289572,113.103119,28.947762,67.990730
27.224504,16.103176,17.722317,90.005096,23.247280,55.807930
20.845791,13.819026,6.984255,18.087200,5.532981,36.726383
26.633060,18.105961,10.525174,26.448925,9.654202,56.609249
20.711422,14.191268,9.358649,70.290611,17.739523,7.257804
5.523344,4.221964,2.197330,2.239842,0.262304,1.080221
8.189867,5.398767,5.760646,38.290722,8.849211,6.665818
59.701237,37.070251,34.314178,168.503372,47.562153,129.875671
11.790160,8.093681,4.033533,23.559835,6.910008,25.547485
18.935843,13.402181,5.253344,50.790462,15.243309,4.184012
33.195255,22.422256,11.559627,67.678055,22.071796,29.528751
43.971092,27.236322,20.846985,80.653671,22.702347,103.128136
18.561594,12.643712,8.443460,14.759463,3.151212,5.975579
16.888783,11.601023,5.803682,28.712906,8.238348,31.100830
16.716097,11.690840,5.390556,37.800373,11.893930,11.745254
18.512478,12.701008,4.575928,11.079744,5.408028,5.268817
10.582085,7.672527,6.455087,24.279215,5.556255,0.952866
8.017841,5.625589,4.443970,24.318371,6.580592,2.704463
26.350275,18.210491,22.252892,76.745964,19.163383,73.767555
20.730038,13.936830,12.409021,95.645187,30.643593,57.204033
7.431879,5.061359,2.930135,16.609011,3.018507,2.744556
8.485966,5.975012,2.624026,20.905334,5.032476,2.617111
12.431237,9.011734,4.783043,21.263918,6.052319,11.453166
22.374554,12.168183,17.939024,75.783684,20.335304,26.355766
9.376827,6.530596,3.460096,29.716747,6.491560,2.088861
6.509081,4.651002,5.995438,18.518272,7.851936,22.050917
15.804887,10.856606,11.050878,18.393835,4.637900,30.057901
8.614046,6.114676,4.134937,15.567899,3.213027,17.099411
36.810028,24.214298,10.510159,29.791168,8.481075,46.259716
4.691052,3.402300,1.307837,7.428616,2.129446,1.534860
25.262510,14.379472,7.719260,27.827192,8.279132,6.029045
13.458984,4.743258,5.086758,24.319466,6.310856,5.152271
36.993374,24.376076,27.080711,85.087799,23.609467,49.189758
21.942192,14.926860,20.179754,59.525333,15.022894,25.685081
19.769547,13.499736,6.492667,36.913162,8.333393,18.727869
9.537312,6.691903,6.356435,9.863610,1.560127,22.004160
6.307112,4.493175,1.559829,18.678722,4.146040,4.855608
26.270370,17.352993,7.703536,19.207747,5.851753,13.623973
14.794699,10.406796,8.258742,24.857557,6.219394,8.313238
23.832630,16.208200,6.729969,25.672060,6.587362,4.247359
8.637889,6.049298,2.585490,15.463463,3.750163,1.051650
17.803743,12.039783,7.766917,38.836525,10.745456,4.058652
18.287756,12.948515,4.901980,23.744823,6.472041,7.367184
20.847099,14.229609,13.852751,57.038570,14.842233,25.802919
7.485180,5.018629,3.174641,10.824639,3.895659,8.227634
10.948716,7.650198,4.098613,13.466153,5.081846,8.789190
18.481060,13.092707,4.213324,28.336159,8.190796,12.561331
12.847394,9.073482,4.367502,27.592222,8.222179,7.429354
59.892605,29.460949,30.567617,81.016808,24.687658,96.052727
7.623533,5.494725,4.301339,14.312953,4.271974,5.562874
16.898140,11.606350,5.280060,20.617308,6.232349,2.518644
7.255346,4.916930,2.298917,16.961187,3.918656,6.419445
11.721063,8.553375,4.136715,4.448027,0.631612,1.793903
37.495007,23.716677,74.643250,160.418350,45.206768,100.517006
15.445851,10.625857,5.081495,13.615978,4.052282,6.087849
34.296448,22.513374,9.653105,31.414009,8.311107,9.296021
32.596367,20.885538,11.259077,42.610176,10.572652,7.988202
27.903261,19.140406,11.952462,39.213707,11.169489,16.972416
12.296397,8.474595,4.392386,37.110394,11.062298,1.981662
14.348575,10.174513,5.207288,18.516985,5.595726,4.740517
15.648781,10.632404,5.844896,31.970457,8.523417,17.773443
19.783791,13.595551,6.555433,24.442635,6.687323,17.828236
24.273890,16.275229,8.540427,24.623453,5.729252,45.744598
9.343899,6.425091,3.333547,11.606728,2.814126,8.491718
48.333012,29.342047,17.750685,62.564293,15.841022,12.065288
18.975513,13.857865,6.579884,9.370310,3.064996,8.373017
13.052807,9.294698,5.010161,11.845811,3.336557,18.306269
20.076223,13.669030,9.956961,59.357586,15.398664,13.236130
14.880439,10.181006,5.647049,29.569868,6.814585,2.564180
20.050510,14.033041,7.584313,29.595091,8.249107,29.440084
43.753304,28.652821,19.303291,52.837517,13.104612,17.477949
18.587219,12.620966,5.633033,29.616011,7.265505,9.265080
21.482498,14.688828,13.953651,55.089642,13.426215,15.027884
6.900439,5.136830,4.614639,23.902115,7.470983,10.509749
8.475634,5.555863,8.010921,17.736120,4.738059,6.419403
20.824530,14.107262,8.953580,46.658623,10.525959,8.118927
8.605086,6.441051,2.972268,32.929123,8.582142,1.371295
7.932526,5.359439,6.887956,37.168156,9.242842,7.726607
9.766147,7.108229,4.665562,12.818834,3.128262,2.676355
40.147934,25.197182,33.732109,87.550125,26.988684,91.136284
14.684507,10.094622,4.602926,14.868402,3.759823,3.227123
11.366638,7.165640,5.560754,33.305534,9.573433,21.430204
8.692284,5.682966,4.123278,17.992905,4.350280,2.400548
15.691003,10.856750,5.045347,35.136990,8.531375,4.186746
9.096246,6.347793,3.542171,21.361828,4.954157,8.406236
29.540236,19.638554,36.234749,130.108719,33.400154,112.639626
10.180644,6.958206,3.396138,11.409463,2.994962,2.684182
14.670231,10.031493,13.178548,51.556702,15.584173,8.532849
8.839603,6.332509,4.065660,14.698874,4.030286,3.512970
10.483023,7.461562,4.879183,14.770975,4.159596,4.731685
19.824093,12.783182,8.330523,25.870085,6.046389,9.781265
35.154011,21.041542,28.912258,72.419495,19.635887,119.226776
16.234863,11.274282,5.395755,16.521000,4.222383,25.029531
16.652679,11.250607,5.283692,23.370031,7.007650,17.969357
27.220959,17.924217,9.671512,18.584812,4.941979,20.438303
29.964098,19.843410,8.232143,41.892647,8.220637,4.816572
11.943999,8.382885,4.016889,17.281187,3.682905,1.620943
21.531034,15.043503,6.644795,11.548370,3.838646,8.157290
34.197548,21.679113,21.171827,86.187195,26.896015,50.485912
17.306528,11.940577,16.044067,58.791058,15.056264,10.402667
18.111183,12.313265,16.342274,66.260002,18.603271,21.895325
12.491203,9.132744,9.761570,18.737717,7.215602,31.550556
14.650100,9.867029,3.409132,14.829981,4.657548,7.588896
25.806734,18.026249,9.636698,24.120966,6.362193,29.240580
9.179526,6.340271,4.048972,11.447495,3.584748,13.121019
10.761948,7.984264,4.803334,27.781870,8.042809,27.096649
48.811192,30.476679,14.486652,63.867153,15.222839,23.769978
38.110886,20.409855,12.727163,46.995850,13.798089,56.040436
11.399974,7.669545,9.837663,60.932373,16.111471,7.257581
28.749393,18.998692,13.176607,40.162075,11.428684,50.205662
16.637207,11.602998,10.805099,36.049965,9.217196,41.057137
12.439408,8.782819,7.117242,23.203888,6.234425,3.138287
29.047842,19.019165,16.751568,22.353453,6.771811,39.599316
9.439022,6.606447,4.040324,16.127419,4.626713,2.610492
10.544610,7.253202,3.722490,9.926194,3.275190,10.414844
38.468102,23.377176,13.711230,65.688576,18.549957,59.095440
30.851662,20.484955,9.667434,15.561934,3.032420,3.925000
20.149286,13.934872,9.949489,27.360706,8.139810,38.523384
4.917791,3.630977,2.045461,13.444547,3.150217,7.472313
7.755598,5.758501,2.191373,7.568927,1.240758,5.707799
20.330658,13.700955,9.441260,83.549408,22.066162,7.741430
16.524889,11.280603,6.411067,7.417841,0.528863,16.662493
11.193851,7.649578,29.189228,71.188774,20.087877,122.516411
27.431400,18.501392,8.437269,41.557415,8.832144,5.243624
21.301390,13.876667,6.958710,29.998024,8.092242,7.410520
48.949638,28.892500,23.508703,103.031281,24.091215,32.150272
8.299083,6.048610,1.968347,36.454540,9.449841,3.199004
14.569056,10.343055,5.256288,17.061041,5.751816,3.807167
8.500523,6.182093,5.929627,24.786444,7.260682,6.826428
27.087545,18.523766,6.838721,32.061279,7.491952,4.496508
22.491375,15.402822,6.317184,28.934673,7.596316,26.967833
22.709639,15.821953,4.050412,27.769501,8.283108,6.733483
30.341990,20.142569,8.690779,40.736107,11.549214,9.704558
13.326733,9.826086,4.197855,10.479538,2.341673,10.792066
24.568731,16.033556,19.695894,115.684441,32.770344,85.947479
9.939365,7.303506,5.170275,11.376292,2.694999,4.792615
12.913924,8.830500,3.643274,28.100412,7.206876,4.104287
9.130510,6.781904,1.810634,10.842742,3.175552,3.650308
9.183824,6.228976,3.556484,21.978016,5.022957,3.229287
22.594473,14.872823,6.249076,53.111908,14.601812,3.309257
31.674683,20.777428,10.649832,21.824436,5.813818,5.331529
27.910702,19.218962,13.315655,67.720566,17.585064,7.751974
31.846371,17.142860,10.900929,57.628448,18.629925,27.772858
26.082829,10.600864,9.576937,103.005699,26.766212,15.507457
5.005072,3.843429,2.432921,7.792637,2.492768,1.375926
22.418356,15.288651,11.255291,94.508926,24.925266,36.111748
5.889683,4.423986,6.318062,33.221367,9.149350,30.562042
12.764177,8.591482,12.281514,47.317646,12.511906,12.376648
34.090080,21.555145,27.893366,99.758995,24.316469,45.706886
10.966473,7.944809,3.480214,64.260071,16.855904,2.300519
17.182962,11.977034,10.960422,60.541603,15.081939,16.135876
37.944542,24.563982,17.453936,53.472507,15.461011,65.192421
26.126768,16.734495,74.784195,133.839462,35.838070,172.001358
26.038792,18.405560,13.508125,48.095314,11.169034,17.871639
31.724035,20.840643,21.118444,43.154964,12.336779,10.856177
5.146346,3.616018,3.481121,8.776838,2.162877,3.885797
56.881508,23.549131,20.450031,66.589119,18.791376,65.208107
54.668415,24.220295,23.908539,74.962685,19.042942,91.826981
14.006749,9.342645,5.366719,22.163694,5.388033,4.084770
10.903758,7.666343,4.845704,12.303770,3.367798,3.825326
22.227455,14.843258,8.037068,4.229494,1.585660,4.228173
14.984680,10.590822,4.082642,15.955046,2.582920,2.724355
26.812195,18.296021,6.776787,28.746021,6.738508,3.529146
14.263654,9.992175,17.838877,72.289413,20.590818,11.236032
27.279684,18.466444,17.999008,60.124161,16.967388,60.265156
28.370031,19.249273,9.603077,28.358297,5.977120,3.953012
40.973461,24.591385,22.686256,145.367508,40.006325,91.495689
13.666671,9.241067,13.240985,59.498840,14.534668,60.204170
15.902443,10.127627,36.742233,127.520737,40.195824,69.267746
16.002090,10.189857,12.220862,45.824127,12.003181,9.486978
5.196321,3.656904,2.490488,8.607307,1.765167,1.370871
31.215120,20.405315,9.814169,33.553497,9.071413,17.310698
20.594454,14.153058,7.183821,22.121481,5.363025,28.360424
37.528736,24.474194,14.347680,25.879665,6.144503,4.578756
11.255892,7.503253,7.558364,39.649521,8.715850,4.671381
16.917315,12.110871,5.148879,25.607042,6.627617,4.113026
4.750073,3.318220,2.889246,8.688777,1.895419,2.241442
32.149063,20.410311,35.608570,123.156517,37.084263,195.379120
43.147995,26.830078,16.507261,47.102703,13.022188,14.059027
17.858576,12.135939,7.668864,26.755159,8.133939,23.973804
35.819504,15.170170,11.833207,70.800644,19.964367,42.788013
31.648882,13.536275,11.017343,83.478294,19.917927,46.488327
6.163493,4.712237,2.752165,14.095979,3.394804,4.468678
7.356662,4.813462,4.532195,9.558434,3.700578,14.911395
5.375289,3.722475,4.135911,21.278797,4.328228,3.920206
16.786369,11.834839,13.445159,31.498604,7.702532,9.503592
7.926304,5.503602,4.058842,8.684175,2.982765,21.253702
5.923141,3.873777,2.522775,24.448101,4.969691,3.160605
14.262532,10.318656,4.481057,27.439941,8.950670,6.040831
23.735815,15.885468,10.007736,35.229321,7.465006,5.460777
12.804005,8.840014,3.880056,26.600805,7.516275,28.981306
23.485201,16.519478,6.804657,43.757080,9.879866,4.385735
25.643887,17.545725,8.904449,27.375736,7.350128,4.558717
16.277317,11.242585,4.440339,13.928439,4.293602,6.661399
13.935926,9.688406,7.293579,22.207666,6.067407,32.152027
32.267178,21.973412,8.495849,34.707451,9.192806,40.826866
31.384617,14.359065,9.283940,25.498068,5.936989,4.965662
28.381865,12.508863,9.423147,30.359516,5.414958,3.751081
18.121740,12.952238,7.441299,13.654518,3.151079,18.393158
19.398767,13.482812,7.417136,16.996353,3.727534,7.227533
27.116247,18.326591,7.683044,47.853134,11.605145,3.105551
35.526798,22.607243,32.317890,80.243523,23.158783,80.716637
10.634927,7.766104,2.522154,3.408411,0.347774,-0.109128
15.128270,10.313718,9.810389,76.925041,18.009077,8.502292
7.118895,4.936449,1.625979,16.539320,2.469730,2.185938
21.222458,14.488696,6.144266,24.892572,8.449574,32.890488
19.670197,12.935818,7.431952,26.442085,6.331443,5.792132
4.476663,3.106605,2.669749,8.828012,2.651955,1.004205
26.698231,16.296217,35.553524,162.350143,42.255779,32.628693
47.330532,29.467096,25.701086,74.090508,19.829014,35.458908
26.396273,17.088118,14.004753,37.739780,10.112825,40.128326
15.810629,10.872166,7.392902,12.914495,3.493547,2.242837
29.177998,19.512968,9.099649,24.409397,5.973463,4.201957
38.201569,24.896795,11.010584,70.096260,18.635471,10.528269
48.790249,30.954720,15.806601,85.750572,23.169239,12.400878
5.535390,4.229699,2.565790,12.638398,4.290980,1.050688
18.190241,12.535406,7.633055,20.541864,5.036468,14.621065
10.060123,6.733975,5.343646,8.856293,3.129932,8.029808
45.749405,28.708906,13.543989,42.263847,11.025888,8.598836
15.532790,10.416655,5.329380,26.864174,6.894820,38.512081
10.168879,6.808529,2.203092,16.570650,4.411634,3.307814
18.881733,12.814129,10.602239,50.445057,11.066723,12.308842
10.478628,7.421321,9.560544,104.872749,30.131781,11.060603
6.318181,4.301501,3.602433,7.059048,2.137520,1.269662
14.901935,10.052306,3.066261,19.285601,5.833560,15.009244
18.203894,12.533254,10.059558,73.548088,18.509773,7.620223
8.531374,5.709301,2.929083,15.531379,4.534064,4.884887
22.770309,15.418681,5.254151,27.628460,6.753127,1.794401
11.123650,7.846570,5.379424,24.579176,6.697328,19.167810
14.361874,9.758934,10.969420,33.323296,7.916579,11.326546
14.817941,10.172957,13.318901,62.648052,18.440411,30.266941
13.528411,9.376308,5.651504,39.234554,10.643349,3.317885
14.572943,10.524092,5.213132,16.905123,4.326626,2.233440
20.255741,13.741330,5.425167,21.254168,5.821770,22.880379
11.347016,8.274405,4.318488,9.203856,2.670651,1.760559
14.321466,9.883009,11.694450,33.134663,9.145505,6.611444
49.656277,31.449430,27.455156,100.816887,23.152124,9.580619
6.019260,4.574370,3.155091,8.561642,2.343563,1.609194
6.200275,4.607189,2.599782,13.053012,2.227502,1.368122
12.366362,8.522839,4.736692,15.128059,4.121560,5.239794
5.568934,3.954317,4.663970,31.291138,8.334350,3.721206
10.452928,7.621765,3.524833,11.312012,2.681379,4.486730
21.552471,14.972965,8.099755,8.035581,1.490775,4.512931
14.544150,9.988303,5.219957,9.556351,2.664226,4.532682
15.054150,10.569571,3.766066,12.048404,3.560856,3.288139
22.978481,15.070702,7.709791,23.679861,5.549435,3.676571
4.978355,3.635228,2.320111,38.730255,12.530784,3.064144
16.611364,11.260861,11.185817,43.814182,13.401392,32.233315
16.712633,11.602178,5.326458,36.863087,8.869552,3.146019
27.874619,18.709860,16.427721,52.806984,11.448830,25.667105
43.107872,28.137417,16.341757,42.350563,10.194792,6.630564
14.191676,10.079493,5.558313,19.527630,5.680726,30.235355
14.944667,10.163859,19.908960,38.407841,9.303413,19.923260
41.701717,26.579983,26.909286,63.700489,15.843565,10.039392
24.903410,17.180878,10.589705,19.938183,4.753994,3.384603
30.782978,20.488674,9.606980,27.516472,9.007396,57.328388
24.487125,17.104109,9.162099,21.485325,4.570015,32.907051
6.286921,4.460885,2.802450,7.070468,2.336201,7.946590
19.164120,12.817094,9.507031,23.494892,7.184266,31.815563
9.974832,6.800731,3.258951,10.506666,2.522753,1.919840
36.286442,23.561979,22.888021,94.461670,22.600723,20.366787
22.299109,14.878885,7.052177,35.570644,10.058139,3.802760
13.899924,9.662451,5.557805,37.900192,9.310410,3.857347
16.794355,11.841773,4.573211,35.674988,9.075110,4.591551
16.068361,9.328203,6.250453,16.252081,4.014700,8.285804
15.303982,9.076283,6.410921,31.637270,8.984806,23.111670
5.305228,3.524149,3.119953,41.661140,10.866814,2.739279
11.399692,8.439720,6.309282,19.102266,5.855169,5.280372
49.556572,30.724855,16.993801,52.817905,12.715327,25.778248
7.645973,5.555405,1.236814,8.221684,3.396686,2.291566
21.018280,14.017785,8.528728,41.285870,12.981957,57.793713
26.844944,18.595242,7.428355,45.048592,13.165215,4.555958
14.718358,10.563732,4.904551,10.185349,3.101786,3.553510
12.937512,9.106236,12.532591,27.247080,6.702345,11.019715
23.863161,16.763224,4.680855,50.920425,14.545150,9.211243
13.364302,9.561124,4.070717,17.311167,3.811800,2.927608
7.725951,5.483665,7.011796,56.142281,15.201765,11.495359
25.499224,17.390936,10.397183,28.340649,8.018488,37.452015
12.368122,8.554265,3.599672,8.459495,3.198056,13.563397
30.475876,15.430411,18.061771,66.910240,17.438160,7.779825
24.892651,13.501483,13.586441,58.223820,12.042489,8.782519
16.832516,11.701474,6.268792,33.570240,7.051642,5.565275
18.851208,12.281938,16.705627,95.724655,25.067572,90.924866
15.292708,10.524536,10.312649,21.840767,5.115854,5.631278
15.508105,11.520071,5.162210,9.340501,2.445068,18.927044
13.807121,9.570338,4.656350,14.148147,2.759142,3.523740
8.103172,5.910929,9.562123,41.128407,9.943032,9.098632
14.662297,10.290277,6.151414,8.226931,2.348685,12.083035
8.350418,5.832844,3.629236,5.230975,0.985487,2.299315
9.375672,6.407646,1.919479,17.858431,3.293267,2.191495
28.061216,19.170176,12.822582,36.063450,10.162489,24.275291
6.800478,4.689064,4.469458,7.985245,3.085283,3.054728
15.461493,10.701739,4.101879,28.238041,8.325505,4.533524
8.434053,6.035045,3.616795,11.762239,2.831116,2.222159
7.878807,5.636169,5.204892,21.776825,4.865732,6.001191
15.601997,10.964349,3.974821,13.124897,1.981289,2.318751
19.303776,13.128830,9.788187,53.007214,12.228235,31.094126
8.813766,6.405919,3.474577,23.157928,7.002887,1.048931
35.177166,24.088118,13.965526,57.403522,14.619237,8.374991
5.199949,3.275033,1.305826,19.450623,4.595232,9.065009
26.440161,17.955173,20.290890,113.174744,32.983147,91.211815
17.012503,12.123568,5.400336,15.002789,3.869342,18.721292
5.009582,3.606539,2.073002,37.646355,10.274299,13.029242
17.016510,11.536182,6.383540,26.258791,7.816907,10.717693
25.074406,17.101435,10.196209,40.195389,12.476227,62.793880
15.680489,11.123169,7.123487,12.163499,2.841581,4.569954
24.620228,15.933248,13.387292,41.723522,11.158152,13.026765
6.412556,4.497633,2.280859,17.003336,5.565853,4.195802
27.036026,18.001034,33.188663,107.503868,30.274218,109.588303
49.126152,28.265425,34.478775,107.051270,27.370928,23.930309
37.010426,23.446468,21.784204,80.616714,20.796885,37.155949
41.383053,24.577543,23.156799,96.501099,24.289883,9.104834
19.921539,13.528707,14.229894,31.050434,8.649702,14.454199
14.845034,10.091271,5.933949,135.522781,32.218784,12.798997
29.051050,18.242002,17.125536,58.622551,16.176680,56.433926
12.978599,9.088017,4.476825,15.191174,2.875296,3.368487
19.338863,13.488779,7.984271,24.509632,6.788106,24.937901
9.829344,6.639421,2.101498,35.870293,9.906704,16.547777
10.863961,7.640912,4.399800,12.650818,3.199431,1.812950
35.999996,22.867069,23.680811,64.079590,16.012238,12.885157
33.799683,22.858528,10.930698,21.989840,3.725655,4.809215
11.158536,7.732878,4.641721,8.082653,2.784082,4.163564
19.614855,13.043287,11.396001,34.657318,9.150056,22.816330
15.722834,10.897975,13.653500,43.590919,11.322056,20.885973
10.489993,7.624905,3.452503,3.585223,0.738047,1.248417
14.374430,9.952237,2.899811,10.426087,2.986042,3.177283
15.672441,10.823855,3.530479,40.259037,9.861945,2.568102
30.665831,20.820505,8.610361,34.083122,7.253175,7.850965
10.282555,6.917469,3.609934,14.615934,3.362874,2.692630
7.803276,5.532589,3.944310,18.354574,5.500075,5.535941
13.489260,9.467090,3.706324,18.599401,4.681385,2.740365
17.359819,12.268070,6.999863,14.296872,4.201821,17.623922
25.132359,16.430464,20.569256,59.827557,15.309213,10.666345
6.974490,4.651524,3.733064,13.373488,2.812824,2.345646
9.467622,6.773078,3.487628,11.917571,3.350865,23.112679
5.359766,4.076810,2.334803,10.882923,3.828456,24.846504
24.396688,16.568251,8.500257,35.714352,7.787145,3.080113
17.168531,12.103458,3.060502,14.458913,3.778724,5.109453
22.886726,15.713964,13.584753,39.793713,8.892352,54.634933
30.283274,19.621338,12.378266,62.687672,18.683165,16.558794
9.884421,7.230780,5.175874,15.171721,3.990343,1.398948
27.380482,19.054073,9.195001,51.097702,14.835555,4.461331
21.913996,14.443600,8.134239,28.556326,6.923669,3.894794
5.522141,4.001451,2.343512,20.007000,7.210051,10.382190
15.659952,10.509929,7.371922,33.015865,9.005301,28.227686
19.400059,13.821885,6.218076,19.821712,3.940247,15.119412
21.094090,14.114495,7.930967,43.222752,11.622596,5.308751
21.965298,14.840593,7.257291,23.488369,7.124833,6.746132
18.925034,13.527699,6.407520,24.783451,7.831614,13.837505
24.063389,16.354387,9.445638,16.198092,3.883646,19.993862
26.213646,17.436966,11.793949,21.389967,6.825501,11.501126
22.880621,15.440721,17.622236,70.727966,20.072031,100.998650
16.213991,11.393610,4.523726,14.069351,4.861362,20.731487
14.660676,10.156135,4.148193,27.173895,7.345746,1.641703
39.435551,26.076517,26.784412,96.407150,26.388912,101.432777
13.466663,9.281696,3.035346,16.529778,5.342821,5.867968
15.819847,11.019297,4.787156,17.785219,4.176251,10.614758
5.771373,4.115303,3.613682,22.953346,4.807714,2.547921
12.970714,9.106505,3.627393,13.937734,2.749583,3.944031
14.270160,9.599025,6.904373,46.720287,13.776878,18.097441
58.588615,36.418884,21.857580,85.580597,24.346891,35.887650
39.345985,26.356611,15.317587,45.111755,11.162916,14.982579
16.009714,10.968338,3.871255,16.891821,4.633388,7.089149
24.224789,16.586170,6.616018,17.800997,3.719643,11.569143
42.233891,27.963757,16.422638,26.517765,5.529916,4.927682
19.446156,14.180783,4.947202,41.857994,9.454889,1.489927
44.049534,29.274244,35.145439,82.635719,21.624125,75.527237
53.374310,32.550362,22.557816,70.497826,18.929918,20.512688
13.456751,9.523029,9.423002,22.641594,5.310154,3.162233
21.617750,14.895139,9.794703,51.622570,13.654440,22.416473
9.707765,6.970457,4.445477,18.541260,5.475313,20.553974
22.017784,14.631626,29.309116,112.034081,31.116667,69.890091
17.524014,12.460874,3.545219,18.218325,5.263843,4.681131
12.844578,8.541765,4.204309,24.412769,5.958696,2.267619
19.560440,13.924018,4.825063,41.458900,9.203774,2.350793
17.771025,12.438754,7.172970,25.340759,8.699919,9.422168
21.927034,14.625646,6.456391,24.366859,7.333915,62.847607
24.615547,16.556580,9.735296,25.411612,7.817756,32.422474
7.224246,5.457123,2.722330,57.019321,15.065491,2.336910
8.976304,6.424211,3.121481,10.279385,3.315584,7.733736
6.448118,4.275348,3.682478,22.723766,6.554256,41.838352
10.138153,7.265363,2.384594,57.603992,15.841039,2.568443
11.842805,8.107351,4.815717,9.552380,2.782261,4.332536
54.257397,32.706562,26.216654,89.308098,21.843525,25.546804
26.495171,17.840059,16.861706,41.734478,9.776916,7.783953
6.379436,4.732436,2.724919,6.287857,2.417879,7.004767
11.039107,7.735235,6.629604,20.328592,5.979340,4.872506
12.974330,8.954333,4.666791,22.881659,6.716015,25.335836
23.825493,16.286432,7.297794,22.678730,5.188475,3.126392
10.964363,7.420932,4.439786,15.226975,4.305107,1.297258
45.868629,29.339245,14.416842,59.072044,17.961374,100.740562
14.016388,10.110591,3.976443,25.856327,6.710858,3.769370
46.204006,26.688330,30.304146,97.074226,24.549767,75.122421
5.044247,3.434458,2.424792,16.744308,3.919117,1.444186
6.253970,4.390170,2.580652,6.429863,2.886268,12.580455
34.166451,22.772467,11.296084,37.768673,8.234784,16.767504
57.013809,34.761215,16.019039,42.810925,9.469282,14.469090
14.631951,9.993508,5.456678,11.437096,2.709376,1.109794
11.552129,8.146897,4.344731,11.979754,2.627201,5.631284
20.193716,13.926594,9.382760,31.469923,9.068252,26.842756
8.742050,6.203588,3.878686,14.949562,3.218533,7.016642
5.596614,3.898108,1.488646,9.055033,2.453866,2.157729
14.821355,10.353276,5.801082,8.813396,2.523126,4.276456
46.692913,22.717468,20.693762,59.341480,14.966934,51.786480
37.111855,18.777451,17.236471,53.034306,11.496795,31.794880
32.773792,21.265606,15.671160,72.897858,17.076477,9.776214
29.033476,19.278881,10.572082,33.830326,8.854724,45.724525
19.634439,13.125087,10.215168,61.551205,15.582079,16.647429
27.483963,18.828178,7.909819,14.414164,3.956699,7.092171
21.843685,14.830000,21.673223,39.688992,11.293295,65.817734
14.518571,10.579668,6.537946,23.047094,5.362681,18.740610
5.909571,4.083838,1.865223,10.365576,3.110823,1.507766
15.156861,10.587291,4.924238,5.470638,1.027331,4.667975
22.328707,15.186803,9.244429,49.644196,13.748549,12.747311
25.840931,17.988802,9.734081,32.482189,8.023754,6.645757
14.398463,9.717616,4.141993,17.740421,5.493815,4.842618
12.619895,8.763105,3.621766,12.765227,2.851343,27.244923
5.130288,3.791586,3.237286,14.322018,4.787689,4.976456
22.339031,15.298806,6.890676,32.880428,8.796723,3.326257
6.929958,4.953741,1.513201,11.829329,3.341605,5.382847
26.444513,17.738960,11.273592,40.196815,10.589323,19.287527
18.378464,13.509833,6.581283,19.862120,4.175086,4.096654
6.094683,4.326441,3.385130,14.417874,3.378915,3.961740
15.390079,10.947584,3.598127,13.655106,3.285821,3.263601
8.539339,5.798628,7.177790,21.202948,6.409553,31.807024
10.433669,7.409338,3.122306,6.147961,1.709278,1.189809
16.936108,11.403248,2.108954,49.460880,15.188230,18.578873
8.254586,5.720435,4.473213,3.783586,0.819536,0.907389
28.573135,19.529779,7.151961,29.839291,8.387623,59.015018
4.698755,3.603563,0.944614,11.809840,4.274422,5.458840
21.606642,14.446956,7.165894,34.678337,7.547313,3.951923
16.097221,11.311625,4.653069,15.491378,3.558836,2.761900
15.966138,10.020245,6.676765,20.434286,4.955383,9.368775
7.790881,5.248179,2.412219,2.426034,0.650344,8.233331
21.475685,13.827236,4.815070,68.295868,18.917927,31.271767
25.228598,16.633024,22.564075,49.484894,11.277840,11.225542
29.184368,20.718483,7.863992,64.800400,16.650944,12.634454
21.104261,14.632493,3.625925,21.099722,5.787247,4.269698
12.586064,9.071174,2.847505,19.162859,4.076084,6.073832
12.550200,8.923943,3.477609,20.187157,4.181351,1.279701
45.014393,28.800978,14.473925,107.072739,25.434988,10.271409
33.556511,21.944542,11.523505,43.849434,12.292127,54.977531
8.424618,6.301196,3.037944,23.570868,5.642375,5.696390
14.756526,10.173826,5.019022,10.935666,2.262518,2.448520
21.946054,15.520595,6.294095,32.860252,7.482889,18.923927
10.772082,7.411190,3.931144,19.065056,5.857800,6.022530
8.837998,6.372639,6.296499,24.072069,6.790671,3.481778
7.163513,4.796504,3.498619,15.130250,3.746715,7.060560
11.890594,7.962657,15.210532,62.227119,16.966120,2.979327
18.330366,12.692343,5.314616,9.227640,3.005970,2.356657
40.821293,21.529615,10.181556,45.628750,10.792648,12.605461
10.134036,6.860314,4.307327,18.590090,4.582624,1.360626
10.049601,6.732965,2.242980,20.483810,4.510094,6.870214
20.905876,12.912130,6.710079,27.092169,7.156343,13.037764
10.168488,5.449368,4.478813,32.790997,9.620461,21.915606
32.805721,21.002800,17.617424,46.806282,11.841368,10.958840
17.564192,12.422473,13.290529,31.008387,8.218387,6.562250
50.347950,29.131884,52.320446,162.342682,41.014339,60.169636
40.195534,25.728273,16.543594,14.216625,4.088267,16.579836
10.803796,7.652250,3.890152,8.750860,2.396782,3.284706
26.217310,17.982744,14.997602,35.405430,10.154806,31.707193
18.000643,12.038654,3.925383,26.690979,5.561535,3.904506
32.660664,21.083757,18.123611,66.269905,17.483959,75.782166
34.963306,23.269903,8.861773,47.754673,12.698121,9.230468
8.650589,5.935162,2.740906,17.136890,3.424290,2.953711
17.254494,11.683841,5.180359,32.525414,8.200785,9.534095
9.588990,6.750635,5.660682,8.391027,1.481786,3.336458
7.710773,5.361865,5.669481,25.819695,7.272454,9.443822
7.296558,4.828465,7.315267,96.558739,25.738003,2.924280
9.790037,4.658561,2.982345,25.759611,8.856430,22.607397
8.073302,4.856501,2.154361,23.501549,5.535993,17.860693
6.789645,4.788986,2.372005,13.654108,3.936101,1.351189
19.770824,13.159268,13.850941,49.424145,12.207345,6.983342
29.133108,19.588264,15.925072,47.071934,12.748983,47.238216
7.489806,5.374040,5.849544,7.446525,1.193529,0.519055
28.563034,18.721472,21.500751,80.087486,19.617094,24.432432
35.402676,21.972584,16.726816,107.913177,31.085955,38.399811
38.764908,22.003090,19.215834,124.292542,34.044346,41.932819
26.453959,18.386904,7.699872,46.266628,12.413699,13.270421
10.620606,7.176090,4.026111,9.686971,1.922035,2.422222
37.291145,25.062323,16.670179,32.812401,8.922421,16.926121
9.959041,7.022679,2.095981,32.752838,7.790580,1.457025
25.026407,16.727674,9.439445,37.153881,8.537504,28.540203
7.405368,4.989646,2.351627,20.911095,4.400077,1.221250
25.225567,14.996674,6.646359,41.463566,10.979076,14.680151
26.215998,14.900555,6.904135,43.743759,10.856586,15.247486
9.330463,6.252857,4.496853,25.471395,6.887828,4.079301
8.952298,6.285328,4.035545,8.542553,2.207769,1.281332
31.995714,21.504557,11.062613,31.228371,8.897644,3.442050
13.572325,9.161419,4.815179,44.718941,11.854465,13.841007
28.227861,19.350620,10.951797,16.910074,6.606929,46.816193
9.669102,6.585391,2.688131,18.863630,3.446203,5.665213
33.362030,22.189539,14.006677,68.089363,16.929375,51.888168
7.632868,5.502202,5.031851,8.559813,2.713243,1.413766
9.654301,6.630697,4.226771,19.627781,5.679490,2.434403
3.915705,3.045769,1.658752,10.888182,2.988814,2.766584
4.365621,3.140445,3.446235,16.137257,4.007155,1.973289
14.979170,10.053342,4.338952,16.013498,3.072533,17.552921
13.327405,9.495672,5.173435,15.579493,3.253794,6.472320
13.093492,8.997038,4.437670,15.260339,4.359104,2.761746
9.947804,6.995006,4.178809,14.699654,3.037143,6.142241
10.134024,6.977283,4.445642,15.729271,4.921513,14.156583
21.514034,15.010127,5.427799,13.958683,4.113029,4.561234
15.717929,9.910275,4.956141,22.789461,6.188836,3.894237
21.526278,14.324521,5.871304,36.127991,9.510377,5.671185
24.029125,16.291636,7.674261,33.058247,9.412621,6.143353
10.004968,7.046680,9.919961,48.869057,13.893435,4.905804
17.812180,12.052504,9.088220,21.850594,5.304251,23.162237
22.406466,15.025187,11.659385,47.678902,14.301694,12.585255
21.653477,15.104357,7.284025,19.043621,6.737574,29.627993
8.380759,5.700724,4.276005,20.598305,5.137573,1.301907
9.036548,6.079157,3.683462,12.418535,3.019223,7.425856
26.877235,18.429657,6.648929,39.092926,10.951854,6.001015
32.286785,21.691784,9.331860,20.482288,4.269454,6.741857
12.656778,8.509003,4.073692,26.379053,8.325805,14.090907
17.840752,11.794508,3.370950,55.021534,15.875604,4.988159
11.178226,7.469308,8.773977,27.548615,5.602923,6.186429
10.776735,7.528747,5.121886,12.524224,3.296016,2.844433
21.846457,14.811097,6.957924,29.619381,8.630138,48.161957
51.810280,32.581654,17.002983,58.278782,14.209763,15.664726
28.199369,19.561996,9.253389,31.189995,8.463413,18.125801
16.934660,12.003971,6.486238,30.616871,7.442969,4.397442
26.654099,17.275928,11.694349,27.491123,11.348328,35.282509
57.723248,31.935808,30.559387,85.949074,22.568605,82.078453
24.747869,16.332783,16.715569,81.194283,21.217413,13.098740
11.992585,8.671872,2.810893,32.034393,7.528911,2.979764
4.902690,3.724910,1.700958,5.289086,1.769284,2.133303
5.785017,4.220004,2.300761,17.535440,5.395199,5.595095
11.736594,7.841486,4.363753,12.745872,3.177136,9.595881
6.405069,4.534132,1.403138,29.947504,9.219194,13.679045
31.363718,20.976452,9.459970,19.012058,4.315781,6.522119
20.108419,13.436153,9.483530,40.210129,9.058085,11.726270
31.878252,21.605154,13.743354,45.150730,11.990396,9.806973
23.667349,15.935408,8.087893,39.676628,11.117813,52.145855
5.287261,3.780990,1.771003,54.097164,13.654909,2.273885
11.753447,7.820201,6.549884,19.390434,5.460097,19.626911
12.429047,8.842726,3.961869,21.915775,6.131866,3.124249
11.117784,8.018173,5.066199,30.416077,8.359034,10.061887
14.794063,10.139108,8.437499,37.925190,10.061601,20.938456
5.610665,3.983309,2.766184,12.644979,4.079352,1.134263
19.805620,13.212172,14.370533,49.630878,11.887562,8.258267
20.762405,14.015541,7.697184,17.974283,3.614489,6.888280
6.900552,4.768517,3.005875,10.449959,1.831355,1.352126
26.756342,18.217701,8.801682,25.315451,6.082850,33.402111
17.290833,11.507231,8.836990,42.598167,10.148870,16.325052
36.349270,23.247007,26.665108,100.083359,25.951040,73.019287
24.329824,16.173841,6.845560,25.916262,6.530062,15.946142
12.569515,9.091582,5.081704,17.997843,4.865657,8.814987
31.699228,18.017996,44.740826,268.256134,71.691788,114.598145
18.224054,12.846763,5.218943,35.522636,9.025867,5.678472
12.659172,8.537612,5.364535,6.838957,0.324826,3.363884
36.428986,24.104158,24.824642,93.268234,25.269072,71.105438
16.283628,10.859585,5.705934,11.886065,3.188371,29.472202
36.210552,19.217451,11.884495,37.431366,9.107026,5.970550
6.857981,5.272572,1.233714,8.490742,2.321388,9.200976
10.401316,6.976950,4.359169,12.952623,4.052403,8.586269
9.522807,6.981636,3.986624,20.257830,5.095592,1.269827
8.226596,5.739960,3.213593,13.435012,3.272427,11.065457
36.756153,23.724661,10.646284,40.251968,9.204357,31.764097
33.272400,21.237471,17.940186,51.041885,12.387494,12.184505
59.008389,29.441944,24.034561,98.989311,29.015581,52.577034
14.114829,7.010572,3.766797,16.354345,4.320816,14.097945
18.804495,11.802361,5.372758,32.524933,8.701447,43.720203
24.352356,16.531620,8.003480,36.951344,8.748450,3.156124
25.765343,16.930685,22.085253,79.257195,19.212429,80.004875
16.192301,11.120934,6.367681,36.304256,9.995289,12.427165
38.160500,24.712215,12.647975,68.385559,19.122246,9.972099
16.105316,10.986252,5.153770,13.940276,3.300785,2.766405
20.989202,14.488238,7.162151,49.261578,11.646805,7.247979
13.321676,9.109959,4.815568,48.981018,14.151767,4.535298
10.207994,6.921797,4.309311,13.669270,3.920743,3.092922
5.560218,4.139231,2.138805,30.558588,11.003294,2.662714
19.735870,13.363161,20.711172,65.475891,17.567244,31.307947
19.501722,13.411253,8.234796,33.522060,7.283075,3.041742
32.654255,20.818985,27.985020,106.139641,31.315620,52.268208
17.917334,12.324765,11.811400,48.019142,14.569192,42.745831
6.147883,4.252553,2.397024,7.732063,2.033358,8.190621
27.413715,18.508936,8.695552,16.306124,4.473535,6.316449
56.929058,35.000439,21.403913,96.005501,23.683281,9.159017
11.640738,7.815521,9.624856,32.540840,10.118546,55.056168
14.559129,9.929140,3.920291,11.958044,4.672578,24.215538
10.707263,7.297281,3.394740,15.404293,4.015626,2.522960
17.990044,12.567121,3.965050,18.683861,5.113986,3.597465
15.274065,10.611926,8.169289,33.387669,8.396954,5.662135
17.640841,12.017580,8.271792,43.238945,12.189502,10.733147
9.011755,6.132699,1.747460,11.620198,2.422876,6.956499
13.794483,9.879099,4.154033,15.338516,3.911018,5.079987
24.868368,16.818983,12.639973,78.796112,19.701006,12.411327
14.658293,10.223528,6.558084,21.820959,4.900755,5.506823
19.756283,12.742724,12.679987,37.348553,10.597453,54.969727
10.462737,6.839711,3.411615,13.841190,4.334144,26.821449
50.304348,19.925154,69.930183,213.402573,60.516586,134.146744
47.868614,19.254166,74.193184,239.498306,61.839920,133.557785
6.215871,4.269366,2.493690,17.913765,4.910733,2.167561
29.797392,19.630844,29.266008,99.074883,27.843508,80.336769
9.706940,7.084661,3.833619,18.988926,5.707660,4.185916
10.961534,7.605440,3.152328,14.434503,2.779891,5.590925
20.130980,13.479882,10.403429,43.307663,10.919766,10.916925
6.531718,4.753654,3.287793,5.012505,1.727627,2.597257
16.895884,11.575430,6.186856,24.548563,6.114868,6.623875
24.631653,16.613411,8.410906,29.132238,9.540631,6.628653
7.382990,5.148924,3.687799,17.724253,4.259284,10.293896
33.807659,22.219992,11.428181,17.211267,3.795870,6.554522
30.372000,20.387911,10.533745,37.622540,8.896663,9.014376
8.757468,5.994039,3.075754,7.064567,2.466955,14.954135
14.886723,10.353934,5.786493,51.417862,12.763300,9.128660
4.190101,3.207427,1.672938,52.243130,15.079484,1.422390
7.729029,5.193348,2.070647,43.140949,10.036240,1.685412
28.584248,18.985025,13.074690,20.959501,6.982403,29.545345
18.326532,12.333771,5.398030,54.643597,14.313399,4.599839
23.084249,15.565461,7.698637,26.338766,6.774940,4.909575
11.148491,7.449752,3.284216,15.840095,5.807663,13.277406
10.167750,7.052958,12.598015,96.406685,25.248917,8.644496
9.598664,6.847357,2.498657,9.064275,2.295757,1.731106
7.163162,5.167768,2.604630,10.500629,3.210310,5.118057
22.700306,14.893320,11.566401,77.733368,20.883856,9.970495
26.561108,17.479866,24.122602,57.098392,13.856025,13.317400
12.893600,8.566483,2.899902,15.304003,3.847303,1.845818
15.086482,10.718102,5.105689,15.642133,4.673719,2.374573
21.892553,14.879140,12.946579,55.396893,15.392362,4.665846
28.957037,15.499925,8.911438,20.961706,7.134270,21.840389
20.059992,8.886098,7.023711,25.672585,6.379978,16.810678
8.592841,6.213387,3.613246,11.013296,2.732872,13.823174
6.574120,4.546174,1.438499,4.173901,1.587669,1.988329
13.627156,9.807559,4.242476,24.778805,7.891236,10.834102
7.985627,5.773253,3.101743,10.038617,1.704593,7.293793
6.870242,4.675707,3.899987,10.109299,2.864174,2.320644
6.110114,4.311721,1.449803,7.463940,1.855450,0.813196
7.636144,5.506177,3.328487,16.059797,3.451978,1.334364
7.135418,5.241609,3.501642,3.229821,1.072053,7.379124
21.386164,14.476692,12.190513,45.266315,13.643722,44.507626
24.494450,16.232365,7.799526,28.400732,6.753383,7.591934
13.679488,9.459914,5.316937,35.980042,9.768355,1.725073
22.360798,14.491896,9.258335,22.548471,6.627943,20.335434
11.513273,8.248105,3.996162,11.044479,4.080570,24.804790
9.718223,6.795037,6.575465,15.339197,4.048750,2.400322
28.193356,15.019141,16.243942,73.321915,26.696032,65.795364
55.547390,34.355236,49.103954,271.857727,70.501526,122.846497
11.984449,8.267360,5.724931,17.879305,5.950510,3.608564
10.588343,7.463967,3.323629,17.241447,4.587328,3.246128
6.816376,4.737050,2.642431,6.498889,2.138324,2.198328
15.096149,10.813587,5.995162,17.871054,4.569404,3.967721
17.934156,12.919178,3.579816,27.372776,6.284811,4.146459
7.047378,4.672754,3.467113,10.972881,3.751456,2.353282
20.962725,14.407262,13.506932,35.677395,8.027019,8.909635
46.056969,28.936920,28.024790,65.112045,17.622324,8.346423
14.800499,9.926194,4.613346,36.847137,10.871838,3.490874
18.662800,12.917384,10.412602,38.118790,9.740259,4.026127
9.522641,6.516292,3.031838,9.681580,3.200833,3.079814
10.949893,7.627387,3.497027,13.727715,4.152960,1.763421
4.299845,3.523904,4.407469,5.723520,0.861920,10.192757
27.133503,18.775057,8.678133,43.959370,11.725111,5.941203
33.202435,22.075697,19.652458,49.995533,13.817871,32.972656
12.559958,8.865164,4.862855,29.941767,6.852186,1.202636
20.781605,14.319996,11.542764,50.105171,12.453791,6.716818
26.100317,18.022045,10.633123,45.680954,10.463673,5.548299
62.029053,37.648499,77.298790,294.601868,88.695763,178.500870
19.102396,13.547935,4.895470,21.109121,7.455273,3.107605
9.862055,7.056656,3.626884,17.775909,5.237069,1.883957
9.433465,6.683506,2.738732,12.632298,4.124267,11.738161
25.029707,16.870300,7.432371,24.470854,6.164470,3.390821
7.351534,5.057772,1.904777,9.655466,2.918755,11.953373
31.523504,20.665787,11.806605,52.015690,13.937239,8.012515
7.705751,5.297171,2.618467,18.016777,4.184926,2.416291
29.583963,19.747297,7.974438,38.791027,10.775454,8.976553
16.354631,10.784596,11.493493,50.735249,13.182798,10.889342
48.869606,30.765676,16.585112,21.614752,5.523294,8.418464
14.939934,10.287980,4.119211,34.477909,8.166254,4.202586
32.374966,22.033464,10.333238,10.701477,2.505615,3.821795
11.859567,8.541799,4.118651,22.967703,7.167397,19.543739
15.106698,10.396424,4.986177,8.303583,2.845100,33.771328
4.695579,3.513514,2.244832,2.730055,0.357954,0.700695
6.651565,4.676460,2.515113,30.461935,9.404037,1.569707
19.097643,13.002765,6.077663,18.201519,4.959037,28.877432
22.234795,14.619909,11.544862,68.053574,18.253944,10.621025
13.035079,9.128932,10.936661,87.981987,22.058523,9.310620
9.668747,6.867674,3.096390,10.466491,3.201488,8.944322
18.353041,12.851237,4.809168,17.068983,4.203117,2.822487
18.183544,11.911431,3.389907,19.569069,7.331860,68.915833
12.523278,8.615414,4.368971,10.365543,3.091300,9.267024
12.310927,6.887636,5.922302,26.990061,7.722984,6.235564
12.381612,6.877730,6.191799,27.313093,6.983992,4.333051
4.662298,3.300801,3.152861,8.870276,2.457829,2.815723
16.689171,11.729551,5.076004,31.830456,9.089299,3.145024
36.446865,22.774427,14.401250,45.061623,12.647687,34.833076
30.648920,20.756325,6.681634,36.549484,9.542643,11.597749
16.200979,11.027828,5.792053,23.286060,5.254514,15.001387
8.596600,6.107289,1.965402,14.507919,3.679054,5.496205
26.090117,17.217966,8.226979,26.608297,8.962543,30.433590
9.090239,6.320213,3.087089,13.516899,2.627252,2.758358
22.084658,15.172619,5.886452,56.820889,14.531311,5.170969
5.264969,3.442090,2.393388,7.437218,2.041938,1.297595
19.936951,13.987949,6.031868,21.261738,6.973477,5.585678
19.708591,13.523570,11.693575,28.002222,6.785313,3.483385
26.718765,18.370811,14.902385,21.021511,7.135806,29.736757
11.453436,8.286407,3.385534,26.064909,7.793260,11.752851
13.782904,9.335604,8.036976,32.711597,9.610384,33.982018
8.364858,5.925992,3.312406,11.792263,3.513460,7.300665
27.340935,18.200428,10.430255,22.752693,6.282863,25.217010
11.854298,8.419248,5.314279,13.086308,2.915023,8.757984
12.029784,8.511208,2.271283,26.885782,6.160566,1.070815
8.374213,5.620061,2.842860,11.510790,2.889047,3.181141
12.156834,8.558365,4.758266,14.486010,3.587417,2.762811
21.172693,14.622760,7.528052,13.056866,2.977222,14.330077
26.273636,17.289587,13.314485,44.270947,14.407074,88.130722
22.329712,15.385099,11.481281,36.405087,9.620296,45.894623
30.172951,19.184568,20.729834,76.076904,19.916761,41.319061
12.702268,9.030753,3.941441,39.249130,8.129603,6.000573
8.339437,5.735424,3.377999,12.364906,2.806777,7.299751
6.424363,4.384689,8.750822,16.225796,5.096834,13.184324
8.992924,6.306676,3.634766,17.486681,3.777382,0.396314
7.009195,4.993134,2.632012,10.254903,1.813247,1.959797
26.535368,17.520308,21.699404,83.298950,20.156599,17.637100
4.740779,3.499984,2.011429,3.236392,-0.000010,2.032503
25.764349,17.280111,7.556890,27.203878,5.315090,4.762212
23.871477,16.544785,6.285059,12.842273,3.476920,13.631786
10.345569,7.108834,2.710260,11.738635,2.324384,4.024164
27.987968,14.791789,31.758762,65.864212,19.452061,64.212875
16.865553,6.228839,13.822289,42.686787,8.487875,28.372789
24.867228,17.093365,16.286077,59.478802,14.938620,17.622318
16.198620,10.766373,14.759595,62.312565,15.823421,37.738899
6.091109,4.090323,3.483110,11.377083,3.714686,7.766987
31.150265,20.918694,10.324431,22.068956,5.559389,6.261964
14.672276,10.282624,8.565364,18.333151,4.409874,6.748945
16.655931,11.117323,14.314280,106.956039,28.385397,17.928728
15.777486,11.084007,5.837984,12.089303,3.165149,15.511744
38.961658,25.836445,13.238185,30.813797,7.659008,8.184895
7.911539,5.497500,3.469763,13.402658,3.663070,9.468327
8.364425,5.723089,1.864905,16.900869,3.322669,6.329874
9.139531,6.898168,3.913573,27.235929,7.079329,2.471714
21.323242,14.685832,4.406543,29.537704,9.356160,47.264549
25.503771,17.460222,8.707047,18.967064,5.038042,31.390230
22.792370,14.291014,15.656362,95.224602,28.095741,91.470245
15.709412,10.683791,6.611901,4.731136,1.736016,3.835604
19.353415,13.694884,8.537850,58.793056,13.415196,6.697074
8.287821,5.689291,2.111147,17.710234,4.456340,2.601713
18.378916,13.125223,5.908749,17.221258,4.292710,4.584187
42.848518,26.081881,11.499198,44.634087,13.715190,40.244118
23.263229,15.699124,10.525929,26.821554,6.597058,37.330002
45.999619,29.426079,15.664464,61.945103,13.554957,6.662804
8.816994,5.920278,3.375387,13.110553,3.425092,3.629630
18.975538,13.394470,5.259526,20.992172,4.200633,8.126145
10.673780,7.507497,2.833866,29.353973,6.482079,13.298936
25.799770,17.308483,5.915778,47.259373,10.247009,14.186802
15.422915,10.408167,2.358933,21.071360,4.658951,8.958201
8.118086,6.239573,3.571168,43.032558,11.904912,2.104829
43.851681,26.099028,22.858704,105.259468,25.552868,26.334707
20.808393,13.909809,6.762556,27.586052,6.354900,12.712608
12.316007,8.869829,4.528621,15.209589,4.464684,16.551001
12.451143,8.848865,3.557288,12.996148,3.132029,12.132472
34.349030,23.345381,11.056131,30.735149,9.148074,32.479553
5.668953,4.266232,7.146964,33.125217,8.798512,5.712868
27.899500,18.021015,18.469013,74.505882,18.987339,12.861290
38.218216,25.189627,40.500420,139.036179,36.392784,54.820744
12.943321,8.542616,3.061441,31.702608,9.964917,14.770461
7.297403,5.258884,3.126688,11.476047,3.570610,4.544607
30.479948,20.353735,10.146044,57.548546,14.030443,31.243546
34.655891,23.248278,10.692798,32.841721,8.681403,38.141735
10.220602,7.574556,4.069680,19.405499,5.332222,2.819237
14.092030,9.581197,4.792018,10.097973,3.352550,18.836601
45.357735,28.315151,19.020388,69.481361,19.949558,43.165138
42.109135,24.135996,15.663784,133.792877,38.517433,12.777691
22.635670,15.456126,9.485819,93.562439,21.606560,5.011540
5.386976,3.696876,1.909465,0.844187,0.061765,1.493268
21.524426,14.755976,7.026088,20.350464,6.064425,2.250555
20.914448,14.194845,30.422195,99.794792,27.413748,21.580475
15.455066,10.824383,8.791403,23.206886,6.670088,23.686647
38.385948,24.636684,15.306915,94.225227,28.684032,131.630142
11.334606,7.936655,8.865826,34.754791,9.363415,19.641912
13.748185,9.534676,5.354150,30.844070,9.459702,3.721413
6.198451,4.808137,2.311924,39.901016,10.642163,2.395339
17.243919,12.229908,5.164730,20.306013,4.659756,20.451063
39.931492,25.824560,13.964984,84.266197,24.031288,53.956207
16.870459,11.547350,6.653682,5.443158,1.134919,2.895798
21.697136,14.601092,9.013231,79.991951,18.603649,14.460794
58.799992,33.725716,42.154099,72.503128,25.191235,176.295959
28.647413,19.207319,13.405589,43.582726,12.935592,33.611927
8.338735,5.940193,4.676318,24.142933,5.562232,6.114245
8.935400,6.059484,2.940700,33.890652,10.260357,1.670173
30.026035,20.335833,13.162461,51.941528,13.727295,6.861962
23.765030,16.599068,6.328851,27.892677,6.929663,17.880781
24.791267,12.543624,13.095634,36.522160,10.606020,10.410288
32.950272,21.981459,11.030204,43.265305,10.963381,10.567709
9.633211,6.907743,1.862551,20.524511,4.862596,6.761902
51.745049,32.651207,33.217491,60.671089,14.217555,46.029533
30.463486,13.917198,6.382171,28.402172,8.738828,20.450842
60.941456,34.268143,23.292244,106.694572,27.539055,19.069529
40.542503,25.667606,15.118135,87.545074,20.441315,61.078598
7.744792,5.329284,1.977801,21.407284,5.205026,6.506256
27.725653,18.577822,12.238726,66.076912,18.374245,8.995069
18.729816,12.888632,6.291717,21.622692,5.191954,2.531730
14.225350,9.347581,6.117006,22.389452,5.729813,14.952301
10.805818,7.717511,2.701883,27.133858,7.129030,1.905026
5.817283,3.943809,3.174828,11.368717,2.121018,3.868865
27.248968,18.296595,19.504290,139.042816,38.262737,7.326288
15.092456,10.479222,4.915094,41.287304,11.957072,27.085379
35.198608,22.316719,16.042429,58.865150,13.709130,14.807741
13.363667,9.843589,7.742472,14.513111,3.221169,4.672262
12.963370,9.229759,4.825827,14.977385,2.557338,1.760943
12.163840,8.728467,6.787323,11.016840,1.309646,3.230028
71.208336,38.663990,42.130371,141.542831,32.401985,28.395033
9.441854,6.351047,3.772727,8.927829,2.597862,26.310795
42.295750,26.588287,14.990718,36.187901,10.421823,49.498859
66.048904,26.714123,34.525379,88.171173,26.035759,123.822060
11.597013,8.303392,7.325973,18.297661,4.063232,4.290876
9.347983,6.426001,3.115089,14.510292,3.591740,2.274035
22.941126,15.234241,8.389804,24.503056,6.065645,19.993479
13.480770,9.415273,7.405955,20.732241,7.186124,28.691378
35.745586,23.919352,7.674643,35.039310,6.913568,6.526982
12.207275,8.639693,15.753036,44.521168,12.135382,9.825986
23.940250,16.016308,15.212536,48.912685,13.295451,61.766315
5.077289,3.666513,3.491492,17.400896,5.495737,16.957653
11.375151,8.154286,3.913194,32.119820,7.506805,1.889872
16.656639,11.231998,15.861683,101.385635,29.455908,79.189674
17.004742,11.529605,4.272395,28.714123,8.928606,4.487273
40.613644,26.342033,11.977839,15.267928,3.503286,5.677377
7.973476,5.406018,6.967935,20.200033,5.156904,3.178450
13.302457,9.581727,4.180704,18.188261,3.528134,12.010902
31.725601,21.853033,6.575256,43.933922,10.880037,7.634208
18.915071,13.034429,5.587003,34.399590,9.329620,10.530377
8.431993,5.852843,2.108432,9.990788,3.080621,9.102127
5.540607,3.912354,9.164565,50.980770,13.579233,3.004738
27.874905,15.804197,10.505085,52.956024,13.167725,6.757195
24.168730,15.865568,10.176220,52.127754,11.702789,5.322453
10.726586,7.907855,4.333029,16.387907,4.409321,12.085247
9.274523,6.470833,10.595011,43.572884,12.646286,39.332554
29.340000,18.761621,35.716946,133.783447,39.216225,122.193298
12.116726,8.467615,4.458036,13.258585,2.592240,5.141322
22.071411,15.715011,7.791454,30.728065,7.129845,5.877505
11.038337,7.903932,7.163130,22.420938,6.784011,4.173491
23.722012,16.144827,10.856893,35.758293,10.188606,7.395319
11.617825,8.031488,3.261330,13.654590,3.487216,7.642012
15.351059,10.566566,6.917936,18.184374,4.936900,4.654832
24.040157,16.677271,7.564113,53.554382,12.452861,6.070398
7.710586,5.626658,1.981753,6.810495,1.983000,1.334874
11.895294,8.121460,10.530300,9.163795,2.151782,5.843384
13.308801,9.043285,5.185992,25.841875,8.558854,11.858561
41.953094,26.994247,12.080236,38.404221,10.001310,34.234783
14.504679,10.311972,10.941137,94.767632,28.515207,63.563072
12.978964,8.889817,4.185925,36.404045,9.166389,3.981209
10.274475,7.570949,2.714732,7.893107,2.714182,25.353653
21.920507,14.578162,16.143080,74.384277,21.090590,14.996577
15.829386,10.884727,3.538199,42.141548,11.925453,36.984447
13.151012,9.222731,4.329060,10.568684,3.723709,15.560982
8.787837,6.013695,13.777271,37.183102,11.302630,10.271850
20.417904,13.487840,14.070218,82.126801,19.107317,15.692068
28.323021,19.461855,9.337933,31.172190,7.031381,4.621013
9.010412,6.146688,3.240664,10.533974,2.719324,1.316875
4.747578,3.753386,2.718149,17.057436,4.695285,3.632176
9.224702,6.760476,4.881919,11.998743,2.700300,9.441614
25.253756,16.948450,6.009705,21.588652,4.284688,9.394548
9.662611,6.868909,2.737159,61.472855,17.552233,3.484164
22.692799,15.097200,8.121089,37.877796,11.776502,4.686362
20.857573,13.971295,5.689339,37.364998,8.414392,6.177184
23.972910,15.997867,8.440021,21.439774,5.109965,3.262694
40.004154,25.431746,20.579853,93.115540,23.619093,16.786926
5.960640,4.531675,2.989502,19.209709,4.835302,5.417474
15.523479,10.895257,4.961368,6.175212,1.198019,2.412130
39.165070,26.601120,10.287987,47.713135,12.989899,12.472390
31.893507,20.597940,15.219267,36.471970,13.227698,64.633339
15.305933,7.966038,7.482805,21.929712,7.650815,9.842970
41.921227,24.959644,20.447233,100.627716,25.967722,10.088833
12.763144,9.043735,6.438244,10.796196,2.804498,3.360636
27.296366,18.436340,9.355709,38.067684,8.297929,3.714271
37.484791,25.317879,12.052562,28.411919,6.522419,8.638779
19.702297,12.893874,21.643723,52.093891,14.511079,21.361727
17.789955,12.243780,5.159698,12.801227,2.934770,3.488157
11.056591,8.029609,4.402185,11.404731,4.401848,1.031733
32.054176,21.296730,8.472412,52.780064,14.218608,11.043212
19.155596,12.840210,8.977161,57.855354,15.890501,5.786602
9.792808,6.155179,15.677126,52.387032,16.038603,63.514954
26.005470,17.431835,10.483833,21.540697,5.276293,10.247235
37.618015,25.010292,15.864943,41.309139,11.025675,15.321409
33.651123,22.401310,12.252834,21.290777,6.070827,11.713987
20.500778,14.580774,5.542553,16.378515,4.206479,3.817860
19.045391,13.214387,6.502930,31.014132,9.460884,2.948260
14.751306,10.064450,4.946451,20.343132,4.925413,4.413590
16.986942,12.226462,5.353201,32.539131,8.056251,4.734464
11.107741,8.139310,3.471501,16.467131,4.812739,0.545709
22.218777,14.636803,15.164932,33.484119,9.857967,17.941116
8.770551,6.512613,3.081490,11.494547,3.441438,1.447718
5.921163,4.347019,3.620263,17.756323,4.418635,10.427156
11.216805,7.723364,4.413674,13.200909,3.036348,24.205179
11.644198,8.656639,6.687714,21.986103,6.315547,2.245522
19.535786,13.118058,6.980223,37.528896,10.869628,48.051220
46.469715,24.420170,66.431900,199.568527,54.752499,222.295120
22.708344,15.940575,5.535926,24.697927,5.329262,3.686294
6.333533,4.251572,3.666511,9.238762,2.852278,15.676815
39.740231,25.650532,15.967356,33.671734,8.196106,19.236420
26.946484,18.399635,9.562674,17.160852,5.409565,32.142494
9.260783,6.651318,9.511637,23.993406,5.613383,5.849285
4.691766,3.438278,1.997922,11.444755,1.723754,1.692384
14.021726,9.796462,4.216425,13.704853,3.056342,3.089831
8.610732,6.602883,4.254613,16.021650,4.453642,10.421696
21.274183,14.693505,7.163467,24.531424,5.234343,8.530433
5.077058,3.717132,4.988512,33.775051,8.546755,3.725567
31.218781,20.797073,10.640090,44.416744,13.133399,70.215492
8.938809,6.453118,3.664783,8.666042,3.686787,8.368747
43.237366,20.385365,14.798352,32.328465,11.520821,34.360569
34.045151,13.601766,14.169586,42.158546,12.962181,36.865788
7.863923,5.692972,2.657645,17.220591,3.996864,8.604960
9.453325,6.535209,2.031935,19.350046,4.763681,11.206359
8.527333,6.131947,2.894782,14.068413,3.585896,3.954199
21.813831,15.054874,11.063508,49.028683,11.898672,6.221364
11.164537,7.929113,15.333434,54.417942,14.062653,8.162275
19.513538,12.387441,17.787472,67.036896,19.031015,24.041153
13.811376,9.618020,4.196609,15.646642,3.924726,4.406381
22.715536,15.088322,9.034323,29.161184,6.911460,3.201944
21.280432,13.820808,25.351782,67.121529,15.300590,10.386859
20.826250,14.167236,6.795922,28.665016,9.927556,39.023605
30.392296,19.464218,10.087600,28.866409,9.012067,9.296825
6.994767,4.788880,3.850405,10.824777,2.854736,2.572266
15.602952,10.423974,5.460216,18.007622,4.651269,4.150140
9.770540,6.804240,7.222602,20.366104,5.756473,3.950990
10.919321,7.567863,3.693068,10.363235,2.332731,6.399664
55.628670,30.965006,78.418663,199.010666,51.772091,81.542465
7.950159,5.555849,2.833217,17.485540,4.799172,0.802699
6.022750,4.126522,1.429096,13.653712,3.757627,1.817105
19.837492,13.403057,5.478904,19.900030,6.836595,16.776909
39.560589,23.066454,28.799856,157.768875,44.858875,72.712357
12.063760,8.267070,3.698090,14.016497,3.029535,2.550754
14.793658,10.338900,5.319429,11.610795,2.636575,5.479677
22.440075,15.059628,7.092858,32.751293,7.837787,5.001140
19.033712,13.121120,7.605030,37.583771,12.413124,28.598064
15.850393,10.984271,12.326116,43.101376,9.960913,4.136105
7.699333,5.623478,2.312186,10.833707,3.449128,8.721202
11.985928,8.277283,4.317160,7.494256,1.835167,1.962021
37.245018,22.601683,42.134563,112.388412,32.002544,71.514694
39.245430,24.135817,33.454861,132.963043,33.803913,20.827959
46.251476,27.462191,28.000835,98.968361,27.540445,61.680721
17.830706,12.460700,6.570652,34.904087,8.968757,6.497481
10.443426,7.558895,3.925394,37.084038,9.538673,2.090446
20.637094,13.922290,7.869147,22.938522,6.613124,4.084648
7.836956,5.748158,2.002258,39.345322,11.154016,13.847791
15.767364,10.675493,5.538017,20.550611,6.131172,12.311409
17.349913,11.495851,6.190590,23.644907,4.801482,1.838167
6.424749,4.427220,3.108783,11.205065,3.030638,5.787100
14.187352,9.679729,4.177210,34.969303,8.933276,4.361816
11.226511,8.231203,3.976530,24.121332,6.849319,20.536064
15.630089,10.604305,4.077282,29.588575,7.926117,4.119253
7.102437,5.407318,2.657037,14.277762,3.498022,1.116473
18.650164,12.058800,25.034340,111.814529,30.159517,32.953701
6.827699,4.867773,2.527715,11.558047,3.640125,4.900690
15.210445,9.967872,7.590792,40.193432,7.761689,6.775865
41.096584,25.791220,13.761877,54.798912,14.793728,47.620037
6.983034,5.125500,4.054125,24.808790,7.039033,18.024185
20.121347,13.479618,7.335098,16.517750,4.519203,3.220590
13.788770,9.448294,5.436558,30.179821,7.300208,1.695697
17.659170,12.045803,5.509444,21.962055,4.976519,31.832222
8.710397,5.841577,5.033766,21.294735,6.026596,13.192258
47.054497,26.226122,48.759872,214.519394,60.989765,72.572792
6.929912,4.658802,3.441596,2.153349,0.739123,2.409440
21.601002,13.447294,10.845982,37.226681,11.101181,8.954372
31.466335,20.314011,18.538616,82.474373,17.685322,10.097692
40.407536,26.445137,15.710667,40.043324,11.232348,15.630543
5.827033,4.501287,1.922636,23.569017,5.125275,0.879416
4.812834,3.483881,2.141290,12.522914,2.304458,1.667542
7.431568,5.240837,3.403432,13.887071,2.877470,10.403732
12.800463,9.240255,5.029621,8.059061,1.416556,1.886616
15.381928,10.887368,5.504212,18.192049,4.466016,2.655092
15.029084,10.252545,5.296762,23.987408,7.662607,12.800938
5.714906,4.125110,2.681304,8.787857,2.132553,1.273734
13.925619,9.678128,5.363084,17.266111,4.510389,4.783468
8.677589,5.982862,7.633032,90.924896,24.553782,10.130122
22.379622,14.596778,9.256480,61.117725,15.965069,11.719147
8.661207,6.331563,2.027306,14.808627,4.357567,11.651276
8.993644,6.459538,3.003063,43.250706,12.533887,1.357881
21.254591,14.181915,8.360860,27.228586,6.280929,8.300638
18.312874,12.916824,4.864699,11.760002,2.510012,4.085993
12.562350,8.871302,8.198339,27.265251,7.041699,15.400899
19.263353,8.999008,7.850497,23.489208,8.448375,15.046518
19.410969,10.674025,8.853947,27.979111,8.850790,19.251022
20.422621,14.399619,7.113678,54.407749,15.149787,6.760509
10.457990,7.183577,5.988758,20.576534,6.513856,3.501482
6.189432,4.496657,2.342051,18.062187,5.248322,2.118224
12.442143,8.536729,2.954356,8.840504,2.683105,13.236914
6.288918,4.508383,3.211748,10.100453,2.172398,1.841825
32.121838,22.083487,15.173926,62.573822,18.547523,37.937561
8.312791,6.030860,4.042129,10.575159,3.583186,2.111657
13.581207,9.336964,3.074684,25.055487,6.487566,15.874171
55.686066,26.148407,27.677307,89.898041,22.725559,29.907234
13.131626,9.182975,15.059419,48.736313,12.437834,19.412960
5.698402,4.142940,3.019533,40.216679,11.212831,1.153945
7.165674,5.296154,2.152830,29.753849,10.853366,19.257872
21.664165,14.656195,11.347544,69.948174,16.833689,7.323792
31.812143,17.603514,15.648056,92.849792,22.591387,6.913577
6.153117,4.481882,2.436482,20.932276,6.047381,2.483669
11.705397,8.214828,3.388715,15.766982,4.181633,5.796255
4.605649,3.297940,1.868466,2.052182,0.062412,0.649256
5.979762,4.387609,2.490690,13.491991,3.533382,4.132378
22.623341,14.981997,8.987377,17.908381,4.838575,7.145763
32.872253,22.658697,18.455606,87.855034,24.431204,82.690552
25.483969,17.523296,7.118432,27.212433,6.225760,5.963128
24.893423,10.716560,14.796465,43.320057,11.868777,9.379333
23.886698,10.643337,15.289090,49.498478,13.054929,8.972661
4.223285,3.168041,2.633912,21.957207,4.876683,12.679899
10.432386,7.113945,4.109728,11.237215,2.192367,1.677048
12.322943,8.739124,4.052241,15.704380,5.026598,4.707778
19.992435,13.422264,6.444565,34.580887,8.583366,3.426589
9.293005,6.383777,2.894923,5.919263,0.813416,1.483845
43.500492,27.643946,14.308313,42.602543,9.242523,9.822309
26.888851,18.434593,8.351159,35.782135,10.143677,6.568958
22.060547,15.376420,6.855207,36.656200,8.679123,3.418786
9.815229,7.081211,6.022508,3.511105,0.776886,8.787803
26.826090,18.880041,8.608173,68.014359,17.888479,5.334062
42.668072,26.621752,14.766994,38.473469,8.645342,7.209827
26.449074,17.247339,18.134119,30.008125,8.672434,12.461060
20.931013,14.651086,6.291098,10.911976,3.347288,4.242390
13.196933,9.052322,3.147026,16.126619,5.687348,1.765863
14.344962,10.014165,5.710203,20.165968,4.622255,1.544899
9.388282,6.438041,3.319603,18.059380,3.437191,3.676633
20.177313,14.161759,8.276162,20.530241,4.952958,5.446360
79.408173,39.843903,36.362591,74.700394,22.144375,89.827347
4.359392,3.355013,1.246782,12.121234,2.676267,3.545120
17.818001,11.736105,12.390955,39.553486,9.976483,10.355464
7.239935,5.355041,3.542483,18.445223,4.852970,1.226950
9.532998,6.711065,2.925511,20.364635,6.006383,6.618844
12.326354,8.474710,5.215436,31.209410,7.589723,4.800217
38.500854,25.102718,11.323087,41.765041,10.839379,42.903923
16.296637,11.320229,6.710857,63.072636,16.856113,4.315335
9.132268,6.361845,4.322066,22.589520,6.078541,15.526260
6.528663,4.771808,2.352128,8.397004,1.721007,0.749335
31.555246,21.505161,6.297399,35.791676,12.724443,11.487751
11.378320,8.143307,5.703098,48.105434,12.976192,5.075268
17.368471,12.164107,5.065984,35.429798,10.503824,5.927016
21.633131,15.077482,9.433020,20.758518,5.160377,4.617934
6.100432,4.125502,2.636439,32.294384,10.376237,19.199434
15.368542,10.524280,4.646354,24.549444,7.207149,9.944037
16.095516,10.985657,5.433089,23.568909,5.652588,4.649689
13.521117,9.239247,4.433688,22.576273,7.003251,13.005300
22.611317,15.432518,9.291656,24.609367,7.649154,5.627935
19.896248,13.341626,6.474416,16.635160,4.777689,15.594337
16.962858,11.604712,7.124874,15.479939,4.550795,27.659630
21.414724,14.718875,6.886409,23.300642,5.210845,2.255554
47.350647,30.925611,17.310291,92.743027,22.518665,11.639550
6.131503,4.506108,2.180995,14.465651,4.019307,10.855426
12.469493,8.875638,5.098932,10.860947,3.097488,26.881226
8.199520,5.808506,2.943201,13.413074,3.040293,2.351336
7.453128,5.231753,2.312554,26.523760,8.218270,14.319354
4.732403,3.118646,2.643010,7.417615,2.713062,2.230786
35.076107,22.917761,11.468891,33.491890,6.209089,4.139505
15.817666,11.284158,6.215223,19.993654,5.461442,8.299761
14.956214,9.903766,10.052113,21.722174,6.333447,25.436951
11.426294,7.919848,7.392690,38.932411,12.153608,3.250158
22.262890,15.076941,7.570968,26.804384,6.503072,20.934982
17.114149,11.819847,9.361639,20.727617,6.163455,18.760767
14.060984,9.333025,4.740693,30.277910,9.473536,21.796345
4.988046,3.653236,2.388414,9.040633,2.931764,1.463684
14.241634,9.424754,14.696661,46.196198,11.289084,8.096636
10.961589,7.677398,4.284953,14.041469,1.970213,9.164761
20.886236,14.246167,7.883258,32.607040,8.131588,32.413368
8.491431,6.289553,6.240189,47.350609,14.441167,6.169589
7.900646,5.710232,3.163716,14.520583,2.950312,13.651822
47.300251,30.182779,17.706589,73.239410,17.005930,13.837764
15.295371,10.408588,4.851041,32.403152,8.243508,3.545342
21.510128,14.583088,38.750275,155.354080,44.736160,134.811142
18.262506,12.654685,6.588327,17.828426,4.202202,17.226070
25.442560,17.084103,14.334469,46.792118,12.215526,9.824228
7.487756,5.135891,4.010712,13.241831,3.199136,1.572167
30.843567,20.916510,9.523004,16.220068,4.873128,7.695944
12.458761,8.766279,4.775158,19.190218,4.486147,4.396672
7.222300,5.592657,3.333954,7.995771,2.927735,10.536490
36.012501,24.052410,12.556686,74.076920,17.842632,12.208292
8.881958,6.292807,3.052783,30.841967,6.756135,1.209067
30.738100,19.736704,12.895444,51.466328,14.283553,36.836105
34.664326,22.945204,42.681580,127.973747,38.227226,204.726486
58.133701,31.433657,42.192108,184.947128,45.807114,38.421394
9.549034,6.433998,10.839721,25.822399,8.117167,24.836552
14.126143,9.751080,5.200700,39.293407,10.650054,5.088777
13.170041,5.516325,5.666732,19.046989,4.841696,24.325975
13.235532,5.237261,6.185337,25.504526,7.437827,25.447332
12.264605,8.832178,4.332124,9.387025,2.617831,2.580986
32.505032,22.079309,8.249708,21.455910,5.986768,7.875098
12.135821,8.545570,3.647646,25.727970,5.454133,5.343010
31.316456,20.390537,13.429887,86.340332,24.745708,8.436138
9.767377,6.667698,3.366684,17.013308,5.319562,2.723351
34.550156,22.344379,16.669153,55.254284,15.960984,73.279137
33.442772,21.875116,9.069217,17.383539,4.093331,6.657245
26.282473,17.960245,11.174500,29.325891,7.911050,28.478794
9.601677,6.909601,3.416397,10.338508,2.716581,2.718489
28.815252,19.838280,16.157200,51.648540,14.371548,45.917099
9.368209,6.749602,4.081813,13.018682,3.962483,3.433435
14.302493,9.851817,5.832685,14.450503,4.198918,11.042471
19.359596,13.196476,6.225733,22.139549,5.164831,9.473898
9.914705,7.035688,4.113397,17.180157,5.130035,3.816017
31.802208,21.188448,12.296859,17.232307,4.561646,8.526215
12.671645,8.969091,6.127163,12.345493,2.784201,2.261676
8.203005,5.442057,3.746566,10.037003,1.967699,2.205477
44.248066,23.864294,44.863388,106.038635,24.868319,77.998344
11.061322,7.772679,4.735231,13.507402,4.058206,11.594183
15.215516,10.742101,4.553841,11.847622,2.696617,4.953128
24.136919,16.297102,5.457086,27.675867,7.352914,4.429229
13.977459,9.313954,4.760726,25.576683,6.816238,7.045021
12.561685,8.647018,4.863986,19.474997,5.065030,1.381037
8.584003,5.893580,3.650723,14.310551,3.168005,11.426125
15.876366,10.826579,6.965782,24.209784,7.423769,29.227869
12.985442,9.308064,10.642883,104.140305,27.250462,13.665340
24.211243,16.595745,7.769218,57.603191,15.676914,32.474545
40.395031,26.298462,12.493198,25.248270,7.844932,15.283326
13.623906,9.402223,4.516977,12.848816,2.989577,15.506236
17.769306,12.022063,6.093722,34.696289,10.715890,4.766481
17.756113,12.094031,7.215244,21.869041,6.680937,7.834137
12.709604,8.878754,3.233155,9.125151,3.023416,4.508543
13.754644,9.790678,3.108675,16.849539,5.043873,3.632779
11.505895,8.348852,4.925874,22.757021,6.625498,2.447068
19.827263,13.369215,6.365315,21.532883,6.317013,12.632688
24.471199,17.006229,10.249514,21.282240,3.804870,4.201206
16.624041,11.517085,8.228087,32.233536,7.973061,6.081532
8.093191,5.994467,6.402827,23.691681,6.753713,22.953447
21.659092,15.070271,10.111964,21.348988,6.980017,15.879285
9.019473,6.513302,3.018372,27.696335,6.442402,1.409706
36.783722,23.063505,20.989607,44.420406,9.660115,14.817664
6.248723,4.590508,2.246260,16.740059,3.905473,3.927070
15.000303,10.478006,5.635757,7.143117,1.461257,3.802461
15.864933,10.998574,4.861159,26.164865,6.455357,4.589394
23.692720,16.424547,9.393138,27.602140,7.635157,4.225728
17.935144,12.936279,8.561095,10.944146,1.474839,3.694345
31.463974,21.207914,10.383760,29.696627,8.390846,13.416190
12.686570,8.850279,4.188594,24.673409,4.955115,2.123948
7.325230,5.315694,3.416158,22.573874,7.386628,8.305499
9.440655,6.509617,4.481336,10.449697,2.233171,4.059167
27.542294,18.884529,8.946955,30.117069,8.686788,8.315162
9.007571,6.464249,2.825953,34.589706,8.688690,2.894036
22.818792,16.013008,9.090654,28.166088,6.916961,4.577130
42.825615,28.023457,19.446228,93.680069,22.988436,10.498327
8.606970,5.985488,1.934275,16.214937,5.308093,2.784094
21.167276,14.888793,7.702142,20.491669,6.024842,19.315565
10.050357,7.418722,4.185140,11.250919,2.802372,2.885082
4.607976,3.400845,2.920732,9.820691,2.356472,2.270425
21.358500,14.213380,7.374192,27.499840,6.657327,5.582630
20.031288,13.326787,12.300482,34.727623,9.299957,43.126862
11.063579,7.920342,12.926239,27.164789,8.785344,35.274242
17.719782,11.973501,6.203409,12.139579,2.749921,4.570567
14.637581,10.230663,4.680023,10.055766,2.118788,2.686755
26.011993,17.582901,6.192239,42.523167,11.041028,4.126480
23.469501,15.756957,12.538024,51.260666,16.133949,39.097729
9.708163,7.034365,2.601499,14.140930,3.683020,1.967803
12.876029,9.341923,4.787496,17.622833,5.027035,18.806723
15.400333,10.938482,3.382414,10.479852,2.815135,14.020332
49.361023,30.830584,16.828810,38.511021,8.405665,9.608820
11.534894,7.781523,4.826632,20.469954,5.185150,16.014704
7.014849,4.921795,3.421819,14.470263,3.533309,11.131810
13.896182,9.529804,3.682904,47.709515,11.599644,6.423259
20.853262,14.657361,6.869905,16.214182,2.894747,3.612375
4.454199,3.152332,1.334062,13.159563,3.449623,3.878705
43.041866,25.413832,40.040627,150.443695,38.914761,50.898067
13.608406,9.410564,5.310614,16.547392,4.536024,3.792902
11.858819,7.949485,4.821644,18.353687,4.563082,22.377029
25.280010,17.145292,16.753767,76.956635,21.044987,119.880318
7.552077,5.114131,3.073982,9.611206,3.204083,1.903714
11.336879,8.115747,3.649915,12.019078,1.916273,6.108158
28.958136,17.847319,32.582794,102.443748,26.781736,35.093769
9.205640,6.592381,3.721818,12.585408,3.481115,1.279056
7.756818,5.726024,3.490861,38.940033,9.258400,6.053032
25.381235,16.512793,10.420032,53.681610,15.348948,41.526119
19.971905,13.797125,6.468910,33.552322,8.873350,10.363196
10.055367,7.238960,5.873432,26.925528,8.121064,2.321202
16.360720,11.564522,7.027514,36.563835,11.425991,34.924828
21.738113,15.319572,7.465418,8.787897,3.715713,7.590787
13.888187,9.706609,4.955795,25.225449,5.565843,9.926601
26.144495,17.636395,21.133657,160.158081,42.515938,8.948491
5.410372,3.876179,2.459641,1.832169,0.166491,3.739133
16.945250,11.600266,16.296024,63.631527,18.033253,31.188456
12.679322,8.679041,6.907339,15.730586,4.463329,7.624438
12.719774,9.211966,5.124949,14.222565,3.686423,11.735836
4.756904,3.532005,3.105484,0.977659,0.302067,1.055403
11.660570,7.958402,7.080079,60.256618,16.102953,19.151764
28.617977,18.779758,7.961772,24.704571,7.443433,9.627097
31.563572,21.852983,7.137775,20.564682,4.568749,4.171603
27.527803,17.397709,17.932320,116.593582,31.658392,16.097355
35.930870,23.214296,18.607834,64.083939,17.182528,49.536808
30.975960,17.201532,28.998932,57.700287,15.791817,18.474497
32.584457,17.148651,32.769192,75.796799,18.207407,19.221375
41.429707,26.626385,12.585892,51.252380,13.186625,8.242239
9.947768,7.113400,3.971066,19.018923,4.951875,8.460725
9.423601,6.517004,4.420871,11.207030,2.762428,2.382349
13.526397,9.287799,6.015446,68.303444,17.485615,6.298649
5.241148,3.817653,2.852480,7.730491,2.878257,2.058125
15.841022,11.323750,4.979512,11.766026,3.254344,16.079231
8.035764,5.656368,4.911746,20.577085,5.261707,17.039116
19.911907,13.576838,7.359356,18.050032,5.126405,6.461942
35.066620,23.099976,16.400076,36.170269,10.183221,8.213487
12.901190,9.300482,4.469182,21.032555,4.434112,0.146560
23.880249,16.238768,7.599728,39.836967,10.891721,6.617071
9.587776,6.452874,5.189415,10.708420,1.944340,2.340265
30.861723,20.419361,10.859853,33.509666,10.891627,16.253399
15.956046,10.874687,5.617178,36.660397,9.474138,20.528168
8.069275,5.484296,3.163629,21.467234,5.649817,22.918655
7.282391,5.462239,2.602521,11.929194,2.493524,1.817716
20.235359,14.248426,5.277112,24.819695,6.358106,4.291323
13.166329,9.339790,3.152861,28.375959,7.151966,2.387810
8.091769,5.623771,1.466296,9.427819,3.061428,1.975969
11.613497,8.275818,5.505169,14.005764,3.058429,3.800687
19.385460,13.720730,5.367950,26.569223,6.253994,2.638912
14.913434,10.140572,4.613636,11.820177,3.545214,7.717520
8.844791,5.924999,2.134167,10.995065,4.256306,5.286172
20.441750,14.156492,12.239610,57.612869,16.672634,30.636902
46.782772,29.379890,14.255450,38.705139,9.566664,9.954600
13.782857,9.088884,9.793160,35.966553,8.239155,9.840167
11.261614,7.860501,4.350134,17.836681,5.811752,2.909448
10.772869,7.561158,2.680983,21.528837,4.512354,2.299892
21.967611,9.271551,7.752953,46.262768,13.439738,7.613174
21.739708,9.358141,7.646647,48.237591,13.627900,6.979307
8.536948,5.874887,2.310122,3.813904,2.600517,1.433467
7.031797,5.079374,1.757149,19.458252,5.697869,8.749699
18.630033,12.804564,9.490956,59.494011,16.138628,68.315544
13.478892,9.674421,4.986159,19.475544,3.368704,1.662689
10.774543,7.603146,4.683984,23.410933,6.036329,17.574331
5.726022,4.098292,2.248668,7.308095,2.352075,0.926582
23.325241,15.967181,8.779579,36.484795,7.801452,6.569897
44.107002,29.154230,13.145610,36.174763,9.704996,11.282544
26.569811,17.763025,6.234551,27.707256,8.693014,21.083673
9.205594,6.394076,5.239587,24.211283,5.818435,4.009935
63.565769,36.979767,39.727882,108.662964,31.259346,100.455902
25.219694,16.907494,10.039123,25.303047,6.228729,8.330045
4.360232,3.192953,5.281600,27.581535,6.851287,2.180141
20.226089,13.690989,7.398832,20.232658,5.875700,23.928167
26.647879,17.891487,12.916147,52.557240,14.428934,6.396488
10.328969,7.527925,5.168133,68.885307,17.453260,4.717393
29.541784,20.566645,8.859203,23.260277,6.071322,3.933497
30.221989,20.523031,13.811291,36.016518,10.712048,8.662424
6.863739,5.221977,2.821515,13.846410,3.608417,6.535650
14.426750,10.069052,6.457318,21.529299,5.483850,2.179455
6.154053,4.779500,5.535366,20.325523,5.396906,3.350978
24.463831,16.397705,17.557787,57.801014,16.393833,29.246895
19.273670,7.999102,7.569763,33.531940,10.304501,26.027594
18.116579,7.910841,7.233831,35.699936,10.126739,23.774450
50.945339,29.161413,26.584299,98.580338,26.920708,53.772938
10.727968,7.395810,4.035421,14.671854,3.661218,5.595528
38.853508,25.826752,11.527297,39.203499,11.483115,33.088409
11.483928,8.004387,4.269599,7.952322,2.718029,0.615747
13.264538,9.429395,5.067576,15.486448,2.824721,5.409467
51.764370,19.663765,22.726372,65.387360,19.871956,94.484489
49.801384,19.772696,24.137646,73.233772,21.104038,95.182426
12.713401,9.102472,9.323852,19.447657,5.529274,21.486584
6.338086,4.540722,1.303146,3.247658,1.100014,4.410407
35.704021,23.341490,14.032836,39.806976,10.625161,10.543709
32.638840,21.948118,10.044145,31.729225,8.811856,7.803325
16.484276,11.360087,4.155663,13.002946,2.572586,3.314584
4.515181,3.272211,1.800147,9.520122,2.374252,6.147658
21.229105,13.221622,58.757458,179.198944,49.957165,251.178421
6.225397,4.321305,2.510394,8.212646,4.091527,2.795930
36.982258,22.820330,14.768075,62.479843,17.322124,63.744358
10.484211,7.286983,5.014541,10.930076,3.250937,27.523949
24.218445,16.264557,17.556299,34.631702,7.844796,21.770315
25.922911,17.054770,9.802882,17.465059,4.184553,5.412320
20.934071,14.611901,6.115046,41.276863,9.190609,4.314872
46.052418,29.391325,15.674847,82.983643,17.684605,15.542556
13.136880,8.969072,4.673728,17.251472,6.043767,17.450285
16.862127,11.777380,3.839699,27.810694,6.166942,3.272795
8.968128,6.028210,4.024317,10.559633,3.023943,0.219121
4.032358,3.143111,4.926578,24.893633,7.796128,18.351446
25.369057,16.821230,8.267505,30.365889,9.547347,32.217899
41.852787,27.133657,15.993934,41.943306,9.060722,4.700050
8.008266,5.361820,8.181910,22.824518,5.868960,21.034351
31.920176,20.919041,9.686294,53.421627,14.212193,7.669422
12.285211,8.828591,3.948062,30.900846,8.288280,2.100133
43.907360,27.982185,11.684412,56.484177,17.765364,21.814157
61.390476,32.305199,29.237053,135.633698,36.706234,27.350498
5.136079,3.492742,2.639963,16.142838,3.922442,1.671065
10.726225,7.170376,3.880049,13.843708,2.604240,5.080336
19.773296,13.725125,14.478108,62.430367,14.266640,6.724199
9.446899,6.791421,3.405200,22.341085,6.880702,1.565683
8.570489,6.053680,4.498084,9.467424,2.167650,7.138587
11.823899,8.035649,3.714898,16.291594,3.369592,7.697929
35.309425,23.601145,16.104668,68.208244,16.488550,8.012211
5.992952,3.989324,1.873710,18.762949,5.937613,2.408740
13.780028,9.578635,4.922702,27.067522,7.149147,4.312180
16.868196,11.616617,5.454422,25.894751,5.877607,10.968272
28.961418,18.724432,14.337433,54.646339,14.627183,8.630389
23.975069,16.352736,8.250175,179.616089,42.901543,7.355833
12.177696,8.786032,4.826040,17.056894,3.670210,26.213135
17.636909,12.044230,9.199334,9.493524,2.389370,3.716882
34.882641,23.647762,11.414777,50.546337,14.125099,3.428037
18.601849,12.531937,7.220301,33.585564,7.279388,12.167665
15.714012,9.433015,6.923058,30.570450,8.957566,6.968020
33.984131,22.030125,9.434561,25.876976,8.740872,24.484699
21.239090,14.389431,4.524073,54.784977,16.248125,19.338287
13.233681,9.350181,3.810775,13.921145,3.315792,3.710287
14.339765,9.405166,8.192458,36.330433,11.094460,69.302887
22.574711,14.928440,5.919218,18.552158,4.609933,1.813395
12.853900,8.746373,17.997803,42.235508,11.647848,15.176250
6.275976,4.488828,2.644436,8.546329,3.120150,6.665379
12.131467,8.447545,2.992863,19.205936,5.844890,4.067854
11.045945,7.815314,3.815924,11.913805,3.103003,1.870468
7.267066,5.022451,2.243622,13.281018,4.407641,4.491952
29.671534,18.466288,7.842234,34.016052,8.940061,23.427858
24.473366,15.616749,14.236933,49.841148,16.659168,45.195709
20.982540,14.286309,7.117217,14.503408,2.689507,5.408385
16.716850,11.768722,9.071841,34.315865,11.613784,22.572609
17.158743,12.179271,4.987836,19.219929,5.612307,21.572405
12.139185,8.147044,3.887263,11.187843,3.906744,4.153809
28.046000,17.454514,19.940336,106.465286,33.467529,133.926147
9.894709,6.965080,2.110768,7.643981,1.607092,10.643216
8.761208,6.136797,3.714517,13.848134,3.907913,6.996131
13.190736,9.219157,3.445132,34.588512,8.596008,8.267879
17.212223,11.730005,15.318212,63.507870,15.514311,6.668012
47.962486,30.746311,32.323238,90.961594,22.439453,94.247147
8.679327,5.806347,4.061166,19.932604,4.583174,1.992577
11.062612,7.132137,4.595860,23.021976,6.335791,3.083795
14.714635,9.766126,7.541791,35.363277,7.287409,7.613832
6.063606,4.166564,1.853058,8.847055,2.660050,8.188904
56.732582,35.190449,17.838453,51.913403,10.733961,13.228763
10.413704,7.565783,4.573684,25.192686,6.495394,8.863114
12.488775,8.544344,4.088531,21.379438,4.825737,1.967295
5.588170,3.879980,2.472721,0.509863,0.192507,4.144742
27.287569,15.619773,12.384722,41.533810,9.813984,6.918831
8.488002,6.074069,6.022936,29.951023,9.579104,14.805845
15.756745,11.069959,4.648950,19.573189,5.176728,6.223318
17.238024,11.895342,5.513710,57.912098,14.925745,8.963391
13.076513,9.352864,4.707689,11.912284,3.160925,19.221914
12.307452,8.013328,18.881594,106.563972,29.515011,93.959602
15.671767,10.583550,9.308857,22.811672,6.808192,21.934805
16.967558,11.673416,7.306417,15.081942,3.552336,2.377174
11.947808,8.200746,2.460364,23.905268,4.783469,7.715962
42.231190,28.064001,26.665348,100.268402,26.071943,22.173800
34.834877,23.662540,17.240633,47.116726,11.162459,18.066614
29.493313,14.838791,15.330496,37.558464,10.541401,19.418467
50.906189,31.440001,29.941053,112.553764,33.783245,172.695923
10.662982,7.509462,3.815221,14.857520,3.656283,12.751428
34.442345,23.460352,17.356991,45.092552,12.774784,26.208292
27.946449,18.825640,10.250613,44.680481,12.951119,14.371328
26.390062,18.127029,7.604544,25.512098,6.111382,10.481945
26.879564,17.836462,9.867806,34.073158,9.976343,29.102673
11.965466,8.452621,5.642974,3.565909,0.339580,5.863108
27.782694,19.149176,7.153944,28.421099,7.016016,6.293636
20.000650,13.617131,5.370739,56.844849,12.885535,3.183121
13.972618,9.996031,4.908002,12.685638,2.291540,1.746447
11.278059,7.772071,4.870765,6.707991,0.839821,6.888572
4.756928,3.515038,2.284252,4.002779,1.740311,3.429069
8.931592,6.331161,3.795223,9.774653,2.414078,8.791099
8.112903,5.725636,3.726686,6.374567,1.028338,1.783285
34.692284,23.269474,9.854957,35.972610,8.840923,32.143078
16.009815,10.668784,4.622470,35.471119,9.756098,13.472584
28.513460,19.350191,11.111891,110.154930,28.724859,13.700359
7.475835,5.131548,2.843319,9.615864,3.304989,5.913963
12.628868,8.908504,5.566236,27.243176,6.718027,5.314691
4.319882,3.144183,1.547978,22.607677,6.051694,2.709302
9.934009,7.041779,4.070573,16.885592,3.719882,3.626482
24.677332,16.603180,6.255502,18.128452,6.618103,14.980407
19.326574,13.294658,8.197259,49.868099,15.214616,3.345680
67.144562,39.908226,25.185740,107.379013,28.135132,17.033415
12.683707,8.948389,4.384661,12.086630,2.505389,3.906673
19.605986,12.753209,7.638243,46.245289,15.117087,22.964184
14.430535,10.038161,5.672806,27.289806,6.493095,6.199094
24.540068,17.185078,11.550463,17.917286,5.738193,7.685618
29.933992,20.343472,18.634836,22.163393,3.881832,6.361262
25.370111,15.621914,32.960453,124.446068,36.392303,134.509048
12.936966,8.741587,14.035122,55.379257,16.712236,116.794884
6.358920,4.393723,1.744226,20.957371,4.445144,5.990612
31.628895,20.459354,52.250286,165.590179,45.353397,97.354912
7.483209,5.384484,2.684711,2.796796,0.260326,2.282689
9.255603,6.543641,3.345799,8.911028,2.723897,9.424167
18.859095,12.641539,7.797641,49.578156,16.278828,64.112442
12.493023,9.016008,4.344710,17.183599,4.721294,2.465998
7.365436,5.309822,4.584038,9.312619,2.274683,1.817788
4.527835,3.380602,1.911479,10.928371,2.407732,2.514981
10.996393,7.815512,4.116381,9.043626,1.706534,5.067791
16.274702,11.006806,14.725792,59.618973,13.530241,10.544628
20.793646,13.937918,4.851358,48.392483,10.968163,4.657569
17.194098,12.221265,11.866360,54.954117,16.120958,66.549446
22.430960,15.259696,6.800187,27.003616,6.621568,8.068465
7.717101,5.675152,2.330112,14.449232,4.123715,2.785595
34.344608,21.761923,11.839154,41.458897,10.594810,3.788618
7.873208,5.788574,3.261145,11.753428,3.190596,1.042422
14.659183,10.143880,12.858356,59.732784,16.200253,6.700619
26.898436,11.610390,11.274969,63.350403,16.164364,11.270767
20.980717,14.475342,13.407851,41.979862,11.318442,42.863644
26.336279,17.726873,8.827776,23.311974,5.476858,27.962934
36.301048,24.453783,14.243562,28.601971,6.826966,12.990328
12.796560,8.959861,8.295837,32.071720,10.777452,34.196846
10.822761,7.418963,3.248098,10.449155,3.698215,2.668843
10.363134,7.065784,3.136662,31.954023,7.416194,22.592386
14.142894,9.387305,19.525314,76.552689,18.239614,23.903521
18.884079,12.365613,14.259460,45.201210,11.887083,11.056721
10.540637,7.351898,5.585563,21.118420,5.184169,1.343664
9.600693,6.581812,7.217978,46.646149,13.160810,4.819602
27.172375,18.497890,12.165573,62.120113,13.898154,5.760611
11.277870,7.815930,4.153753,15.443783,3.276756,9.981718
23.286837,14.774052,14.248688,50.566593,16.059347,35.922417
6.568377,4.666539,2.398212,15.807046,3.467947,4.081358
24.205124,16.490358,8.683332,32.138981,6.184847,3.957380
10.364909,6.978102,2.717113,28.221449,8.133305,1.576756
20.032785,13.693729,6.462793,3.943975,0.599796,11.022401
13.486349,9.947697,4.243924,10.289851,3.233567,9.771328
6.238163,4.367183,3.044431,7.108653,2.388080,11.481464
24.815680,16.414444,8.268871,20.340267,6.491712,13.940815
4.542392,3.290195,2.368797,11.138078,1.974422,2.332788
37.349461,25.425877,15.321763,40.400024,9.220745,8.921448
30.881962,20.307104,16.758623,79.067375,20.234846,13.000913
11.632827,7.971228,6.166685,20.128386,6.215950,25.214647
15.902463,11.116189,3.982774,18.436026,7.279664,34.354584
7.754612,5.468498,3.106290,14.064708,3.954994,6.863887
24.428236,16.782784,11.882260,55.523933,14.252883,10.976209
5.398959,3.791487,2.368491,11.969419,4.031375,21.002777
19.750748,14.080331,6.060178,13.341230,4.836830,4.368445
14.533049,10.284928,10.112827,29.488007,7.434124,10.443502
23.953146,16.029522,15.007274,31.133770,7.251359,8.506658
23.927591,15.898520,7.495075,25.564037,6.821754,32.122650
11.849404,8.131692,2.682254,9.459981,2.055382,3.363167
31.473200,20.640903,9.846570,26.435795,7.132136,25.158112
41.058163,26.329954,12.620502,42.607624,12.447230,15.675332
25.302052,17.179979,8.805476,25.987215,7.036871,26.209879
10.079614,7.329772,3.974095,13.060080,2.446204,5.610453
4.586594,3.367655,3.586644,22.238295,6.047537,7.863577
7.800765,5.332131,3.387849,13.425726,2.462386,3.785487
7.253759,5.216102,2.306959,11.237104,2.328282,4.641280
5.237332,3.912735,2.580511,9.891119,3.340513,5.114525
6.681581,4.575511,2.444608,12.764100,3.708544,6.477415
19.176910,12.983576,14.540986,52.680054,15.078579,55.735931
32.997643,22.216795,10.075470,34.297825,6.893941,9.079524
21.555153,14.631963,7.014090,60.781704,17.082056,22.277800
6.792555,4.890501,9.491282,20.505392,3.172236,4.387341
6.653591,4.435290,1.957645,10.528288,2.643129,1.881424
11.682490,7.935992,4.647735,9.442808,1.623553,3.231902
38.585709,25.400114,10.141236,54.880074,13.754856,6.829242
9.247038,6.147423,3.887397,11.233592,2.152544,2.886210
25.663786,17.563818,5.734378,26.020445,5.367901,5.364653
8.154865,5.938967,3.097512,12.369664,3.008354,18.689491
37.507088,22.830967,14.554361,94.884003,25.444590,17.477650
11.791718,7.803529,4.722292,3.937523,0.687893,3.184548
9.266759,6.262335,3.512130,15.156837,4.423865,5.635345
41.249775,26.852926,13.447424,46.739456,11.325934,8.588048
3.807855,3.030094,2.289546,15.997982,4.071878,1.408987
24.811445,16.685654,9.508028,23.602385,3.984593,4.498131
12.221685,8.674006,4.410641,10.098709,3.270491,3.806911
23.513712,15.841453,11.828151,37.615234,11.038608,25.576401
34.526260,22.490208,15.271325,111.731224,31.904158,21.331127
15.110377,10.357206,4.270127,24.773378,7.037571,4.464437
48.564976,30.563179,33.913124,139.378769,35.426540,25.839346
10.000767,7.270061,2.282908,12.888312,2.153984,2.598072
7.590207,5.284050,3.929631,7.205752,2.397994,2.287313
54.709892,32.576424,19.097397,63.220276,18.250269,22.027456
21.419518,14.746875,14.997067,63.365208,14.926052,30.864136
33.228313,21.592134,13.340131,33.261917,7.497240,5.318949
6.485826,4.284139,2.716413,8.672623,2.376591,2.040568
14.409099,9.885497,5.106553,20.183271,5.317182,15.520609
8.343810,5.766341,4.268378,17.606510,5.196783,2.720567
8.704038,6.450869,3.056454,9.792047,3.159835,4.547015
16.472441,11.091259,24.088676,118.530556,34.331444,17.476254
45.802799,28.752428,15.496195,33.469097,8.034137,26.464743
12.380922,8.762746,3.609371,13.388089,2.317351,7.147530
31.029642,20.551651,8.388872,46.742790,11.671366,9.270562
22.971539,15.701024,11.711054,23.300314,5.098512,5.258581
5.007732,3.346795,2.086146,36.134537,10.423131,2.166223
11.715094,8.372659,7.269074,31.235531,7.687431,5.162603
8.953315,6.382250,2.761353,21.817661,7.375593,3.432647
38.853912,25.759037,14.691405,34.754246,8.027723,6.295343
8.929736,6.126116,2.125067,15.204942,4.531157,1.405015
22.392206,15.297454,5.733837,28.074408,8.577082,40.939209
10.476670,7.381760,5.233594,18.246113,6.645279,18.276344
20.450941,13.602384,9.640755,33.947659,8.116811,9.973001
8.493125,5.841815,3.837123,10.981891,3.969633,5.798900
9.557284,6.820019,3.498074,14.231007,3.614869,6.389482
33.428902,16.165279,9.946869,49.758335,13.817563,13.631391
9.663355,6.499461,2.715602,12.311828,3.483375,8.963057
33.459927,22.363796,12.652833,26.833546,4.585702,9.023651
7.238974,5.302828,3.514884,10.247007,2.519750,8.052440
24.507311,16.599560,7.646160,43.861809,13.015594,10.765769
21.195812,14.545105,6.564441,19.685549,5.204959,8.606403
10.289272,7.246940,2.740011,12.664969,3.928405,1.492258
38.407635,25.777300,16.199095,73.256142,23.838531,53.924770
8.285303,5.710008,4.364943,29.704454,9.156588,16.285639
10.249177,7.304787,3.886627,14.540614,4.081460,3.346300
33.451653,22.309696,10.302007,31.614580,8.829760,17.745262
9.922726,6.613712,3.893023,12.020716,4.372669,1.352535
25.201096,16.856903,7.208375,45.026741,11.293519,4.667322
19.332827,13.349724,6.109397,15.697606,3.586321,17.436344
8.266164,5.907104,2.814138,23.047806,5.845143,0.833731
20.941027,14.042958,7.466613,31.289198,8.680662,3.317512
16.577345,11.413692,8.459349,18.440495,4.120624,4.430237
10.318671,6.993815,3.694130,19.435434,4.960930,2.453762
20.643301,13.704178,4.858022,18.579002,5.050333,11.019427
24.281998,16.993458,11.525134,35.104286,9.575456,12.506882
6.893957,4.868838,3.393432,37.626831,10.155994,6.217693
25.607346,17.760281,9.010533,40.179600,9.448263,5.005989
31.441532,19.963449,46.476467,165.667557,47.296852,107.688072
29.062788,19.231321,10.011653,28.232952,7.156267,13.551063
8.272223,5.579382,5.543149,25.156853,6.096423,7.212941
17.232122,11.683043,6.195378,23.637835,6.105324,6.454362
30.439377,20.581842,8.609381,16.728737,3.158371,6.216779
11.789168,8.082775,3.717967,26.312071,5.701042,2.508430
15.876094,11.260255,5.645483,34.888744,9.101226,6.948667
18.252989,12.062589,11.180037,45.182148,10.355602,7.692689
12.042352,8.544327,2.563254,9.790230,2.719589,4.630203
23.983099,16.938293,8.936878,22.955265,6.493923,7.428820
15.703606,11.058110,4.440551,11.174327,3.370277,9.806705
36.205853,24.254896,9.131022,24.247742,6.901858,9.539186
13.045646,9.487436,3.742887,19.953558,5.070198,5.507328
5.451828,4.067805,2.934621,16.675415,4.584483,0.857009
37.219101,22.421965,54.121521,249.248337,80.600471,427.143097
8.894608,6.422779,3.227858,17.237453,4.494150,11.276255
19.345566,12.285932,15.639674,83.153275,24.745014,31.079933
47.519924,26.837950,22.059540,57.238194,14.650757,49.636959
26.462204,14.987958,7.130705,12.533978,3.592586,10.298486
29.793051,18.091848,8.726978,24.726768,5.833842,35.129787
4.904745,3.227796,2.228071,10.411315,2.060886,1.167947
22.265690,15.068532,6.850763,22.841349,6.448142,30.642347
7.969594,5.708711,2.732594,7.991207,2.861431,3.932643
13.276685,9.340996,4.593336,17.356079,4.758466,6.807849
9.227570,6.314611,4.300098,23.423441,7.922407,15.423221
14.604217,10.221563,5.144025,13.617706,2.868230,7.717263
20.070232,13.620580,6.758509,72.704063,19.584942,3.247163
17.324371,10.271707,7.289264,38.515102,8.341343,20.640423
22.459948,15.802094,6.155938,22.104313,4.894035,4.501352
22.993380,15.433769,8.008226,33.721035,9.759675,12.332601
12.493836,8.729124,4.099898,40.395245,9.899887,6.581675
21.721584,15.018631,12.042940,27.830544,6.594638,11.023389
24.134703,16.465082,7.207702,14.208405,2.969090,7.453491
7.188444,5.253102,4.174185,20.379967,4.888610,5.966370
11.420165,8.221872,3.612380,14.842794,4.359363,5.078363
7.732658,5.226582,2.237854,24.652266,6.073803,8.898179
9.245997,6.822085,7.910952,25.179863,6.339806,5.635124
18.022209,12.135430,6.471763,23.388206,7.503288,25.069462
10.953765,7.673073,4.049388,12.902561,3.856145,12.183166
15.460502,11.247998,5.315713,20.171160,4.024180,4.470519
7.725749,5.609552,2.678071,7.566805,2.559304,12.342930
42.834888,27.577002,15.130472,43.720711,12.813758,10.078717
11.474467,7.828393,3.409198,10.601398,2.764181,3.184824
12.075955,8.328226,3.011240,12.390001,4.253826,29.709084
11.929233,8.379116,3.785552,12.674492,4.002367,11.465509
27.429697,18.412800,14.804258,50.656525,11.621991,6.976806
25.068815,17.557646,7.466196,29.289951,7.080741,7.199747
15.426829,10.984833,5.735756,55.696621,16.868332,31.897694
36.727188,21.861296,45.179695,160.234161,45.771011,147.077927
10.640476,7.198577,4.843589,11.749550,3.424117,14.157460
10.284848,7.313644,5.588994,15.665021,2.450935,4.193151
9.500922,6.625744,5.391822,21.477486,4.974656,17.375412
4.433659,3.155509,2.099749,7.232690,1.700675,2.410692
13.618244,9.322605,8.864324,14.944595,3.653501,2.941061
24.678896,16.833755,8.665661,22.814672,5.314584,3.683586
6.585587,4.680240,4.137563,22.230921,5.330181,3.366114
13.551229,9.752927,4.626282,13.595689,5.109209,16.709597
20.594212,13.819415,5.973586,17.992039,5.189877,13.349452
29.236940,19.880793,8.768822,32.192867,8.844027,10.126726
4.993902,3.553924,1.694811,3.393561,0.138190,2.733549
16.108524,11.345652,5.165668,8.478139,1.862845,3.081020
18.317327,13.226111,5.112627,27.278011,6.945927,7.656463
15.683180,11.004501,18.275623,73.581512,18.529968,30.160135
17.964813,11.973651,9.742785,28.628824,7.662128,40.809517
41.729530,26.223503,10.669204,36.898918,9.403483,8.181870
49.201740,28.825060,20.640873,71.207634,15.479284,20.630939
8.929767,6.839760,2.961456,29.926556,6.089072,2.802844
8.626475,6.240162,3.643642,12.639893,3.632549,3.269552
22.529112,15.805182,7.453815,19.197519,4.222365,8.945024
7.721786,5.734839,2.977762,2.598788,0.126110,5.450356
34.969498,22.973419,10.081878,29.604565,10.188473,43.179337
56.262047,35.190578,26.152605,108.370323,31.466551,94.080872
7.557254,5.529745,2.938824,14.417913,2.939044,2.733384
10.071031,7.010767,3.254059,12.123496,2.912497,1.472259
12.339425,8.654796,4.759532,31.205854,8.272330,7.952411
9.050174,6.414266,4.994853,22.739927,5.682319,5.965954
24.471958,15.859694,13.881565,71.350830,18.266544,10.200008
22.029547,14.494508,7.628871,27.528971,9.239306,5.013998
8.531532,6.324116,7.665817,28.360529,8.544359,5.764614
15.057323,10.117724,6.898308,36.005009,7.444323,18.094923
27.061443,18.210054,8.350371,46.482071,12.726363,5.939607
31.114361,21.146048,8.598344,20.036880,4.745408,2.618498
10.274867,7.443820,3.463287,11.070342,2.994979,1.940694
20.889389,14.420013,9.380458,33.459232,7.615316,14.702906
20.190620,13.684237,10.859908,24.337618,4.290146,6.494063
5.763475,4.274276,3.384187,3.304538,0.680174,2.866551
17.314114,12.387384,5.514512,9.961282,2.545623,1.888457
17.562626,11.990550,6.629998,16.046026,3.604860,3.153247
18.581894,13.005059,12.303784,67.260452,17.200348,12.245291
33.699867,20.711214,13.361299,91.352287,23.246618,36.888577
14.538475,10.564308,6.797860,15.186687,2.718461,2.404516
13.849862,9.646758,3.801897,25.046961,5.572378,1.337664
5.684975,4.155885,2.909394,10.322671,3.197030,2.133646
5.130496,3.817674,3.534702,13.205666,3.288216,2.014518
35.437901,20.725563,47.118256,103.610062,28.035175,124.991188
38.554050,16.736782,12.330316,38.996994,8.407427,7.636174
4.794392,3.382698,2.349515,45.819645,11.139951,1.186113
8.312869,6.240018,2.143962,8.629605,2.084357,4.027762
4.677266,3.276387,1.756299,9.186073,2.232574,0.776959
13.682625,7.835797,3.683685,18.556610,6.851653,5.659513
10.737331,6.763511,3.316881,24.861547,7.699893,6.903186
23.222979,15.386398,21.122599,114.560249,32.831028,82.076599
14.710896,9.993007,4.619862,27.198315,7.597456,8.319011
21.331263,14.587978,12.848917,40.365761,11.683646,10.596342
7.559206,5.417406,2.799031,20.469465,5.405991,2.021004
25.304579,17.733738,10.986073,73.108063,20.869699,21.334597
25.148054,16.518356,19.248266,61.268036,16.850142,8.148689
16.152033,11.517621,5.415601,4.561215,0.813275,2.203975
16.003485,10.921037,16.840153,52.249001,16.415915,60.016930
54.254189,35.378578,19.106136,88.242706,22.129221,15.814818
17.907598,11.955524,15.002665,45.328770,12.107170,10.938792
34.930508,22.810732,20.929272,65.401955,15.820613,19.808050
23.940361,16.138205,7.573639,40.219498,10.632782,4.008324
19.992283,14.050368,5.994469,37.198402,8.766870,32.967461
28.405600,18.837029,14.680644,74.439308,17.429987,10.436688
30.399378,20.637560,9.705207,43.301655,11.464913,4.940812
10.323492,7.542322,3.580590,13.574883,3.388441,1.429564
6.242187,4.316793,2.955930,44.702072,13.259768,3.919175
23.205009,15.912017,7.492529,22.495855,6.123652,14.346589
33.784321,21.891930,9.821323,33.283775,8.408414,11.388212
29.842667,20.552191,11.483410,40.648136,9.694718,8.435816
14.754457,10.195697,4.224466,8.476582,2.822906,11.551354
30.164860,20.143427,9.741616,54.339115,13.584150,3.814943
6.059917,4.623680,3.348538,17.523365,6.347220,2.222026
14.472043,9.803504,4.378550,35.482731,10.945194,28.201015
13.136576,9.356453,4.473349,39.831779,10.468023,5.009955
14.761157,10.168194,5.747851,47.983215,10.862960,2.167687
59.143391,33.603676,25.310511,90.555351,23.145826,18.410393
12.742822,8.842267,4.010535,16.495819,3.861818,8.386113
8.672283,6.354064,2.390280,10.123476,2.382905,5.068933
27.568869,18.025087,19.460354,35.835030,7.926510,11.973879
26.846731,18.341772,7.285792,26.710279,7.453166,30.696394
7.434005,5.065063,3.033740,11.970522,2.640203,1.837682
10.814264,7.821128,3.420878,10.948495,3.660542,11.940135
14.463527,9.944250,13.654725,81.261261,23.536360,9.190003
6.152977,4.459630,1.411560,19.093319,4.058551,5.472342
13.078192,9.134327,8.623568,35.788513,10.168359,35.952572
14.103634,9.692004,7.918650,40.617115,12.688816,43.358906
5.948893,4.455495,3.402791,17.955219,4.180918,13.088698
5.869736,4.167561,1.110341,17.676371,3.791313,4.236756
8.508946,6.119972,3.033765,8.253922,2.287048,2.131222
22.985291,15.475042,15.545877,60.614944,16.891079,75.284523
64.799637,31.745840,35.532608,94.024460,24.935827,24.413733
21.273685,15.025073,11.748129,21.073997,6.690792,45.524467
21.833607,12.264899,10.519780,32.060345,9.244502,37.414413
23.705641,15.898259,12.832357,69.044029,19.796110,65.129196
6.458617,4.724835,1.286568,11.676111,3.542597,11.179827
14.142668,9.905038,3.314178,14.549759,3.394660,2.922290
30.205095,20.099920,12.740681,10.611662,3.574886,12.688346
18.686218,13.366280,5.855227,31.074802,6.642844,4.265435
13.221624,8.784860,4.596862,44.278019,12.990343,20.958717
7.260806,5.390027,2.564212,13.797500,5.076176,10.526974
65.445755,41.064465,22.334476,96.774452,26.390095,33.969776
6.054213,4.086658,3.360749,8.607430,2.150322,5.400518
24.063221,16.198874,8.832527,28.688917,8.070095,11.101059
9.275686,6.475732,3.483553,20.536757,5.645483,3.644079
39.431438,25.458153,23.437866,186.195709,49.927734,71.846329
23.544470,15.413582,12.480886,44.653938,13.154692,39.158974
17.780375,12.305841,4.757473,31.902500,7.805984,5.224208
16.977356,11.693349,3.977580,38.824707,10.284859,26.309401
16.001871,11.071944,7.690037,12.627719,2.839973,2.908813
11.675994,7.964393,3.581347,17.516907,4.506775,3.125720
15.561505,10.879953,6.787131,26.587658,8.506972,15.920099
23.329716,16.130020,7.135378,14.282648,3.265164,1.898720
37.272533,24.583130,9.204140,45.257271,13.483458,66.012177
25.422602,17.159712,7.067829,35.683327,8.427232,2.935325
11.396695,7.950710,5.587842,32.764626,9.628970,51.431713
17.029751,11.928712,5.503195,33.220844,9.064099,4.761367
19.993973,13.986496,9.023904,38.097401,10.498637,9.206795
4.981547,3.402823,1.733201,22.272131,4.738787,0.991707
49.556885,30.146164,27.354134,151.991516,41.336708,18.119987
19.514973,12.974372,5.522947,39.258945,11.753297,6.086262
8.181779,5.594952,2.101984,6.061512,1.646109,5.236629
6.625201,4.760175,2.135182,12.434065,2.661072,9.000158
44.473289,28.794252,15.402233,44.578320,11.171054,16.082802
29.207684,19.040527,7.273595,29.559036,6.791744,4.864247
8.693937,5.991557,4.227561,19.364502,4.592269,1.712990
23.597696,15.468727,13.525072,73.135727,19.189680,9.561387
31.859367,21.360765,24.820786,103.180954,24.454575,13.999174
23.112942,15.561579,5.539807,32.532566,10.014621,29.525963
38.094540,24.664005,23.302946,60.729584,17.106480,46.622169
40.447197,24.629581,32.320889,69.092880,21.359335,69.948662
43.178799,26.781462,31.316187,92.364983,25.689848,51.770336
12.500448,8.648463,5.601604,7.365420,2.216212,1.882307
24.649031,16.173555,9.552134,46.742767,12.825143,17.935743
18.074696,12.815966,6.322079,11.775865,3.142732,13.540056
22.013720,14.672018,7.031048,39.581459,11.337909,30.187052
20.485718,14.307828,5.782671,27.687138,6.742814,3.521033
33.531551,22.238573,15.714913,31.187727,7.757240,9.093989
14.221269,9.769832,4.708918,31.624399,8.599073,3.645189
37.389294,23.862001,15.755464,44.856857,9.868954,12.835587
33.647442,22.289375,8.234177,124.359779,31.990059,5.829269
43.067646,27.554829,17.540804,34.358875,9.575510,60.471584
8.775285,6.342760,2.944771,20.404453,5.270367,2.292343
9.526566,7.074332,6.199051,23.650187,7.549364,19.534685
22.168835,15.148998,8.087776,40.245880,12.256090,28.966806
26.223017,18.051447,6.354881,20.267849,3.735418,7.330467
14.508420,10.192228,4.481524,14.451151,3.092119,14.182730
35.885586,23.170200,20.372482,66.679649,19.865770,73.068291
32.687763,21.086950,20.080414,32.734131,7.309154,14.090552
21.186344,13.448297,26.736973,137.787842,39.130386,92.881363
33.227264,20.910704,10.657148,57.678165,18.502356,96.684196
9.307500,6.556286,4.189386,16.537445,4.137963,10.001922
12.050197,8.203758,8.687843,68.448730,18.647654,6.363432
16.803070,11.421296,4.486353,9.704085,2.622713,11.467119
16.180244,10.854601,3.591922,19.988482,6.463049,19.814442
17.643143,9.740894,6.810571,49.190422,12.148090,13.160885
27.872507,17.726170,9.579495,35.010956,8.099369,39.063049
18.390141,12.828811,3.700894,44.318081,12.873271,3.618584
9.180425,6.723833,3.278993,13.296236,2.938484,1.539333
19.429703,13.979847,4.887696,50.523727,12.923592,5.955537
7.620831,5.517899,3.159790,10.811247,2.994463,1.440605
23.996498,16.530945,8.993297,10.109367,2.462566,3.976922
18.091808,12.049076,7.313714,40.779270,8.759242,4.603221
22.208349,14.522863,9.055614,39.536015,10.963660,6.032272
10.699450,7.378596,3.652871,15.727848,4.559747,8.151672
9.912982,7.065466,4.034013,19.873701,5.251565,3.303234
18.118759,13.053682,5.092470,34.524426,8.703511,2.545905
14.105884,9.807766,4.703435,20.765150,4.224947,2.111486
36.325153,17.340698,15.567681,43.543503,13.850851,13.891467
28.768412,12.092962,18.097322,67.822746,17.194706,11.552862
24.573229,16.940311,11.499692,29.927074,8.768238,25.492548
7.009319,4.939600,2.137154,26.881618,7.368057,1.512581
8.220241,5.554762,3.514995,13.386299,3.678230,2.274178
12.165822,6.205394,5.084536,27.100168,8.877462,9.656130
26.817587,17.352261,13.875364,72.578796,16.915430,13.396284
9.205184,6.743999,3.853276,14.690144,3.676729,2.160192
8.387967,5.950592,3.646932,10.746491,3.105465,6.635958
7.091468,5.059798,2.778465,13.034402,3.357249,1.058169
11.744074,7.912338,2.945212,40.413822,11.590926,18.753462
39.170666,24.863871,17.322634,49.034088,12.493743,20.837090
20.077614,13.592322,6.000085,13.888941,2.975131,1.214115
9.820340,7.040167,4.253788,31.482634,10.913661,5.124668
27.138380,19.145506,10.445673,50.662811,11.822015,5.427297
26.247137,18.074564,7.866957,32.547989,8.050008,4.374306
7.534178,5.773353,2.544647,12.440769,4.542857,4.421715
19.217474,13.344863,5.020467,13.601379,3.659150,4.005866
19.938555,14.135612,6.731774,14.054624,3.665332,4.633417
5.401055,3.913361,1.497086,17.889650,4.677395,0.876437
11.659822,7.993566,6.081203,10.205175,2.090184,2.413692
8.163086,5.751264,3.965091,1.044147,0.164412,3.669636
14.173843,10.199753,4.435604,13.620149,2.738586,2.413305
10.476498,7.039162,2.692672,25.491882,7.313560,19.567251
10.228655,7.098436,3.795566,11.014582,2.780123,13.702785
7.943328,5.402878,8.488429,21.439484,7.136625,8.484936
21.174444,14.548519,10.820170,42.416344,10.429841,27.639000
15.435463,10.699371,5.095753,15.487309,2.705905,2.180360
28.782898,19.573450,10.743903,42.621670,10.151125,4.365180
27.676279,17.648201,53.505424,278.510895,93.705383,390.628204
15.874656,10.901906,15.151948,54.852650,12.857820,56.816643
29.166042,19.660112,10.683812,22.894556,7.554541,29.041859
14.071656,9.493953,3.804440,42.231956,8.401937,8.474252
33.688847,19.769411,48.774120,74.856087,18.227007,66.909996
5.724731,3.906354,4.896603,29.772491,9.445655,34.198399
8.623512,5.761931,2.782322,26.984678,7.615312,1.157679
12.230056,8.815583,3.910231,13.715160,3.443022,1.895321
10.028041,6.893547,4.716135,17.248322,3.656705,4.065527
36.695984,24.170023,14.962340,63.730999,17.524263,15.022327
12.302231,8.364304,4.043841,27.211731,8.582089,6.154364
5.236746,3.718150,1.371168,31.588961,7.812449,12.516534
37.870743,23.825714,15.951831,40.102551,11.534233,55.214302
29.035381,19.620716,16.586689,36.007542,9.707669,40.143879
45.771282,28.163111,11.521004,39.113354,11.097340,37.398277
10.100066,7.334148,3.409483,14.102230,3.241131,5.922480
46.611908,28.335045,16.684464,57.544918,14.572522,56.166599
5.469705,3.962601,4.523846,22.759922,7.412658,3.745104
42.962482,28.044239,12.571837,39.785042,11.492209,12.048036
21.080326,14.871072,7.623450,14.976701,3.604036,3.589852
24.945341,17.060820,10.572322,22.620012,7.070053,31.043377
9.627502,6.946288,4.611504,12.234061,2.108136,11.222817
20.619535,13.729498,6.787717,26.722876,8.472799,12.522742
19.626352,14.214021,6.124357,11.270576,4.212413,3.188102
20.202505,13.187770,10.421523,105.953270,25.400480,8.484239
17.461557,11.559968,6.967864,22.664362,5.657705,8.864785
10.602729,7.261245,5.717302,5.644868,0.720096,2.382031
45.379181,28.062199,27.544876,64.914314,14.798769,53.182060
5.173971,3.704199,3.328405,2.622350,0.299315,1.644093
8.035078,5.526253,2.723454,33.704666,9.989672,1.576348
13.716173,9.756026,6.023094,13.262272,4.743750,4.008409
21.281775,14.626903,14.510738,31.834927,7.872953,11.591882
27.605530,18.244215,9.576288,41.150818,13.474992,53.852798
5.851994,4.114800,2.413926,10.909298,2.794495,1.409658
23.343994,15.362851,12.358151,53.546364,12.349441,17.130552
21.510397,14.930039,8.115471,10.973804,2.419953,3.282623
36.945679,22.810356,22.538143,45.230232,10.895348,19.883516
14.201767,9.953134,6.053179,22.495785,5.668593,28.751343
10.443331,7.565671,3.751600,33.056496,7.931777,2.217562
10.554214,7.174317,4.125178,12.817210,3.818169,2.229264
33.533356,22.196732,11.061872,101.340317,27.370777,46.077614
42.838856,25.674892,105.540680,497.034515,164.478897,464.405945
18.127203,12.388925,4.406294,27.033733,6.056447,0.634860
17.851116,12.353080,6.304834,22.915625,4.855643,3.714101
10.439798,7.220163,2.373341,22.201242,6.183833,0.853104
28.415485,18.719109,7.703710,59.615040,14.848194,8.990450
38.741985,26.224316,13.415361,43.684715,11.573128,12.748825
14.016489,9.863441,3.993258,59.524555,16.406239,2.670339
16.991772,11.042476,9.394558,54.048775,12.879909,8.738123
7.145362,4.783502,2.332977,13.156025,3.873953,7.393191
30.717461,20.637194,6.494798,27.537350,8.619959,9.704602
26.803545,17.754601,11.205559,78.665176,19.997337,11.576988
7.318747,5.096169,1.656384,8.311100,1.636000,2.549891
20.828081,14.066110,6.068929,24.247513,6.524234,3.950089
18.394676,12.709117,10.068516,18.029238,3.360871,9.188258
15.078778,10.052077,3.070750,24.300840,6.656222,11.310547
42.602085,27.103024,11.443736,58.253941,14.978018,8.366199
19.962280,13.609463,10.025017,29.266899,7.672392,16.798075
18.798769,12.974895,5.337278,19.452492,7.380924,16.875237
19.963964,13.454568,7.863834,45.188675,13.407687,45.094887
4.605232,3.558391,2.070258,8.347527,2.567635,2.767598
36.815529,24.130177,15.947450,40.654991,12.256167,67.766434
7.180347,5.289894,2.266080,14.939525,4.860713,12.573607
27.803568,18.558964,6.366730,20.597170,5.563973,14.850207
19.755009,13.524755,6.568782,25.431688,6.919846,6.338416
11.231629,7.947526,3.426219,15.595686,4.434706,4.671029
17.502066,11.519196,31.598009,147.158707,41.121574,11.954081
10.632339,7.060745,3.702030,34.767361,9.896585,1.259206
30.529676,19.704391,9.147250,56.227909,14.019028,13.813299
14.814199,10.110889,3.365178,32.425182,7.175832,4.950220
25.676956,17.418234,19.306435,41.472233,7.633555,7.908720
34.473770,23.436420,15.306926,64.523659,15.468709,27.241415
42.233067,26.226339,39.209194,118.486473,30.058275,149.700394
16.254173,11.347192,5.707095,27.174839,7.296201,1.608081
14.738200,10.682983,4.062872,13.612337,4.143082,6.260074
20.151014,13.980168,11.498983,97.267235,26.197731,14.788386
14.835545,9.948812,5.630602,41.858086,15.130730,29.651859
13.585831,9.461707,4.995180,36.615620,9.396088,3.837110
9.532387,6.624319,4.356034,9.859324,3.306098,5.226326
8.205634,5.627150,3.302181,2.857104,0.892672,2.972668
12.874460,8.896316,3.933290,5.945733,2.963067,4.503085
30.621748,20.006733,16.268211,44.147980,12.344146,34.883579
10.115198,7.043228,3.746073,22.200731,5.608263,1.224770
40.291458,24.510643,32.875992,154.763977,38.325916,47.987171
7.125358,4.824483,3.153318,1.166983,0.280896,3.336332
20.986364,14.019398,4.279040,35.619534,10.963786,26.358700
14.290804,9.687027,2.915056,41.253403,11.509143,2.084852
18.317619,12.633505,6.642919,21.233328,6.427189,10.626543
9.910242,7.160849,6.706857,30.479858,7.512978,5.164916
18.376852,11.255869,6.555110,14.983230,4.102116,11.205692
41.712856,25.878397,23.031343,67.970093,16.489342,13.929490
9.575590,6.309723,2.509502,12.572246,3.715152,13.472732
12.700467,8.568999,4.263148,22.611492,5.079908,20.776373
24.169655,16.787416,7.862072,158.411469,44.632389,9.773142
15.306103,10.656941,5.417301,10.989753,3.942443,3.462065
15.730631,10.901488,6.132670,37.943840,6.897408,7.149285
11.492192,7.894432,3.584974,9.683270,1.840934,3.636233
21.542900,14.797787,7.463686,24.041052,5.255797,1.595419
37.767857,24.374714,17.430222,107.757248,30.029202,14.383474
28.069805,19.273115,9.112946,40.615242,9.698468,7.447042
85.491142,43.520378,69.541367,216.791382,63.935867,104.890953
11.261633,7.889110,4.620527,18.503784,5.804745,1.253986
6.344447,4.373729,2.366843,2.749803,0.604820,2.499693
10.945523,7.850765,6.018632,13.354555,3.207098,6.494092
8.379351,6.208656,3.534069,29.494341,9.252485,3.236464
27.844059,18.917557,7.878481,48.480137,11.518722,5.968752
29.607178,19.005455,15.572157,60.654064,14.883228,10.192197
16.862194,11.682759,6.470549,36.082390,9.336596,5.764692
11.290343,7.587595,4.756248,17.974310,3.836341,6.407788
8.236160,5.625175,10.778770,43.166550,10.646114,4.202721
27.948307,18.781610,12.614796,25.416046,7.246584,5.830405
23.426411,16.029745,10.336814,30.676067,6.911862,6.592990
23.874004,16.342062,9.276768,37.976223,10.728899,32.058319
35.049454,21.889719,29.378014,102.125877,27.559195,105.609306
35.834206,23.439209,12.760324,24.650135,5.197874,10.324726
15.128713,10.470798,4.600342,11.197762,2.117464,3.733989
8.376425,5.658087,3.239865,17.514919,5.240830,1.544918
11.861320,8.796454,3.947935,30.616465,9.342723,14.455336
28.507671,18.397301,16.351263,77.993698,20.101198,7.331810
14.073726,9.732361,11.127848,51.586216,12.649041,7.011917
8.438471,5.803164,3.175875,18.267868,4.933985,0.927642
8.968483,6.340958,11.610342,38.740227,11.165883,24.549496
30.763754,19.725536,16.827436,90.515617,23.422678,27.283564
17.951471,12.586830,5.164252,29.606256,7.838802,1.262506
8.477839,5.697884,3.074713,40.101105,10.387424,1.680160
16.108656,11.242043,5.142625,14.517449,3.341310,6.661299
20.190315,13.940165,5.050696,37.567539,10.057323,2.474979
7.283691,5.554755,2.191912,30.007967,9.363831,23.783649
13.681051,9.491503,3.762259,35.513714,8.752789,16.127424
14.360864,10.026455,6.473795,21.462700,6.838790,8.977492
33.846939,21.539106,17.009789,67.871681,18.551580,77.926270
23.111135,15.515356,11.665539,21.960421,4.661027,23.242334
6.039714,4.321720,2.214566,24.066885,6.284326,1.043005
25.724667,17.394875,6.372766,42.295181,9.778306,5.408995
22.695045,15.436951,8.413667,85.316978,23.492340,3.570270
8.464585,5.789795,2.636244,35.271580,8.969787,1.969280
12.763014,9.145047,3.442176,32.631161,8.382369,5.629685
70.418991,43.554535,20.542160,51.869156,15.318755,85.425743
31.343765,21.390394,13.503065,33.184490,10.167085,69.591545
11.876573,8.034111,4.802054,22.585169,5.268094,16.136305
6.339104,4.536908,4.996183,19.314672,5.292068,4.312479
9.382018,6.566406,2.004960,21.898724,7.005180,3.597764
9.478187,6.730162,3.838691,15.625676,4.501243,3.937079
12.264209,8.110326,4.118492,25.296728,7.186823,10.539261
5.159642,3.795937,2.403720,29.648531,7.791436,1.647604
12.960384,9.092689,6.333873,16.432922,3.744610,1.554038
15.139857,10.171283,8.073474,54.338032,15.841371,6.821505
56.580551,34.634712,22.513187,97.323257,24.629065,12.980941
52.109356,27.366131,55.751438,230.048157,61.312031,67.380341
32.615639,22.394936,14.852842,55.691059,17.952196,50.948986
16.086569,11.239818,5.334186,42.968193,10.544934,23.895939
12.342035,8.847889,3.700073,13.640882,3.955185,5.080517
30.414589,20.868389,10.208118,31.901043,8.454353,27.609421
11.109293,7.503065,6.188385,13.403771,3.192504,10.219272
10.415419,7.387775,6.185658,40.027313,8.624683,29.797440
9.309457,6.439847,3.420494,9.331758,1.856967,6.215419
36.895466,23.845592,15.701501,30.902344,7.534004,17.502638
12.870962,9.170121,4.008807,14.894795,3.315353,4.896537
18.416367,12.550124,5.115138,28.338856,7.496011,18.338692
17.241402,11.294189,16.938028,45.710270,10.469072,11.946507
4.764215,3.340753,2.367474,13.141729,4.221729,6.645596
8.853612,6.164947,2.399735,10.362923,3.471596,1.059750
32.862274,21.515026,15.562923,52.594864,12.265826,7.078042
6.115652,4.095442,2.612482,23.378544,6.929636,8.017615
14.054753,9.468785,10.046882,53.073799,13.061180,12.087723
9.933311,6.812257,3.451312,8.985035,3.209589,1.626119
5.981485,4.232901,3.016136,22.785767,6.260325,1.259065
20.601250,11.789610,8.212646,26.392454,6.808632,41.518158
37.915543,25.062378,20.623821,110.431633,28.471104,8.952353
45.138901,29.003771,59.200596,135.639542,38.415874,44.286606
27.834431,18.300598,9.374681,36.909821,11.781191,9.421523
23.081810,15.907227,16.411791,87.682152,23.376837,13.669526
30.047358,19.933308,12.584926,59.354488,14.587563,17.464466
26.762959,17.935011,8.870894,36.368160,9.491751,40.234806
7.951163,5.470663,2.434479,10.987930,3.800400,3.060884
9.508379,6.804136,3.222262,11.995575,3.464613,25.120050
29.437038,19.499792,11.484889,21.524864,5.685687,18.169243
6.495437,4.641119,2.701100,22.036440,3.754514,1.889208
26.636030,18.209339,16.466291,107.245125,26.782900,52.424168
42.351322,25.821669,37.781113,167.657974,43.277317,138.966766
8.370643,5.647495,3.275621,11.351128,3.202541,10.839474
26.148029,17.596518,7.356673,21.888210,5.927288,5.310691
12.357430,8.554404,4.056572,32.654942,7.160786,2.739963
19.763325,13.544580,5.861781,62.551880,16.607552,1.950032
32.072346,20.915150,30.348932,91.746864,25.285612,71.423630
38.295334,25.039673,10.649656,51.495010,14.295536,18.695150
5.162750,3.399208,2.514792,7.075859,0.999629,1.006721
21.068848,14.802920,6.662339,18.700069,4.004635,11.191023
6.368467,4.128993,2.330843,4.695183,1.743658,0.929839
12.211331,8.493178,6.564217,25.971128,7.011781,2.537744
11.464945,8.028116,3.008959,15.119847,3.228538,5.586998
35.128746,21.936611,26.249874,66.832809,16.067886,68.454155
6.844233,4.696906,2.327474,13.337729,4.674542,19.039314
11.830208,8.625338,4.317715,12.527513,3.402054,13.202740
8.593922,5.788092,2.912247,14.260391,4.050708,1.563501
10.757819,7.481227,6.357084,9.654533,2.271084,3.436238
19.991098,13.959052,5.890602,21.479195,4.658463,4.192834
24.866140,16.501640,9.428338,27.900688,7.957659,21.455191
30.628466,20.586102,11.863136,69.619919,17.445292,11.647503
8.820774,5.929803,2.251448,17.361917,3.983495,1.134539
16.906267,11.449485,6.352952,22.151873,7.170527,20.283323
6.511523,4.403388,1.590517,10.530202,2.362148,3.212846
11.859921,8.232305,4.740422,2.201449,0.395303,3.455522
31.621452,21.178160,17.217108,58.085995,13.961051,9.191970
14.791341,10.615173,4.933831,10.628525,2.586833,4.041485
11.867224,8.030857,13.977340,58.172272,13.273363,6.248023
10.936904,7.670651,4.765918,13.029193,3.212596,1.354709
10.773877,7.809514,4.027203,11.650301,3.498060,15.033154
19.257732,13.583762,6.285488,16.143764,3.271636,8.599627
17.154318,11.889647,6.425029,18.772190,3.350132,5.367816
8.941402,6.432268,2.816959,18.594572,4.933633,2.764360
8.879960,6.477602,3.748949,71.781120,17.321621,2.855214
25.812378,17.364534,7.543567,15.540450,4.281264,39.917839
6.619433,4.801263,8.264409,29.663000,7.828145,26.256813
21.837212,14.926806,8.370488,22.805220,6.674210,4.706252
21.036501,14.594324,5.281919,31.352642,6.536641,3.969569
8.451569,5.862407,6.083705,7.486432,1.949321,19.753054
14.682625,9.936602,3.497869,39.485615,8.886873,3.445037
24.207981,16.026653,14.923935,58.058903,13.663426,10.013685
5.531034,4.378209,2.181402,10.542182,2.371674,2.667756
36.926014,18.353571,12.060940,55.618202,13.309721,14.707484
28.130177,18.773352,9.674631,34.014889,8.755722,22.169531
5.827278,4.144631,8.035972,28.423264,6.484136,3.679314
11.435856,7.813010,4.705972,3.449472,0.994049,4.184131
20.650957,14.347209,17.283848,66.025757,20.571577,98.257599
4.286641,3.304602,2.737411,7.927051,2.803861,2.513600
30.529778,19.811222,14.480101,44.944592,11.555856,38.432316
59.127449,31.042576,28.559195,112.000076,29.887875,27.591372
44.029861,22.055794,18.601997,84.254120,20.580248,18.856817
26.825394,16.972080,9.908539,34.996063,10.866468,26.720903
28.877073,19.166622,11.765088,47.716244,16.962795,78.551781
20.215061,13.808078,8.540076,22.568169,5.957469,40.271595
9.475439,6.517175,3.164991,59.885563,16.458435,2.936809
32.305214,22.276258,12.081989,39.158562,10.158871,7.971976
21.525623,14.497789,13.111444,56.875137,15.390355,78.771950
29.572872,20.236040,10.338312,29.431517,7.572217,5.079134
14.935719,10.348711,5.024066,48.606110,13.410469,3.356198
6.729663,3.767888,2.808840,12.345613,5.009614,13.630136
89.039314,45.556599,43.204330,149.459442,42.348358,167.936081
11.612914,8.445123,6.179016,23.618425,8.679288,30.265686
53.782448,30.312611,62.288883,185.826447,59.391243,281.519073
31.496260,20.954504,9.551257,35.850159,8.227977,6.920422
22.147842,14.730424,6.702391,26.680954,6.419084,10.890055
12.852016,8.674701,3.471466,29.831566,6.979058,2.633957
15.313684,10.693533,5.233787,16.118809,5.458163,5.445490
11.742939,8.191324,4.530455,16.042078,4.077486,16.164944
5.308068,3.743416,2.423896,25.232040,6.084981,2.245410
19.868893,13.477143,5.373916,41.465622,10.346115,5.345595
14.144620,9.667233,4.941473,12.313137,2.931412,2.682323
9.834509,6.432765,20.305731,53.746204,13.002175,55.243465
6.488834,4.287163,3.036725,9.617176,4.039433,0.296262
19.692865,13.671522,7.473592,16.373955,3.425141,4.095261
35.757931,23.938410,30.695587,112.862167,26.761185,15.497954
12.391887,8.756827,3.382879,10.890424,3.076313,2.069940
10.544224,7.405614,2.329082,16.857555,5.545842,7.279167
19.250208,13.202858,7.947799,24.395559,4.934640,4.795223
37.725098,22.300156,18.568480,40.263199,11.641573,40.466518
18.947315,12.906105,10.536541,33.842640,12.387248,28.628307
7.129704,5.312077,2.081011,13.029545,2.144706,3.095056
61.859886,40.295261,51.425098,176.922363,50.832661,48.853249
5.588131,4.118091,1.689873,15.667872,4.752916,1.040374
16.029427,11.343611,4.989114,14.961978,3.912721,16.437681
23.531479,11.689339,13.287814,62.592701,22.079689,47.959213
32.816795,21.667521,9.038822,28.537615,8.893224,8.274341
64.201019,29.452036,35.718075,81.714539,19.170450,43.554062
8.137201,5.336338,3.291740,3.584099,0.770355,4.275591
41.726887,26.653730,12.278747,82.726265,20.807301,5.981609
25.967428,17.520269,13.970310,55.951412,13.165911,9.527005
19.687847,13.480623,21.809385,53.526497,14.515819,72.540520
23.537050,15.686590,10.960032,27.710457,8.690324,25.402441
21.244684,14.734694,12.434008,22.298756,4.552746,4.246070
22.273558,14.747022,22.910757,29.686081,7.151638,33.135017
25.748173,16.196297,25.595406,82.056664,22.425392,29.849533
20.754732,14.249662,13.645507,42.462181,11.221961,9.657059
25.655022,14.793727,14.959542,24.731407,8.351226,26.751001
24.668604,16.534380,6.662175,17.422977,4.668189,6.969552
50.827785,32.874184,15.354897,45.671066,12.297953,16.923840
19.043797,12.659771,6.535662,33.265045,7.722331,3.150684
17.714462,12.093192,14.918700,58.632935,16.767696,17.569952
18.366011,12.032048,6.097751,14.760415,4.662093,14.232731
23.353411,15.452615,15.180375,47.859947,13.531869,45.401474
29.877344,20.084702,13.414382,65.190025,19.550077,69.275383
5.778595,4.215969,3.407862,10.947347,2.884840,5.919726
26.351898,17.699829,14.532662,60.003025,14.893967,24.103947
22.392210,15.298074,9.665330,67.000191,17.971060,15.937340
40.560146,25.859241,15.946338,44.714340,12.044711,14.018330
17.676319,12.249841,8.487509,88.065384,26.202085,7.115020
8.062591,5.276987,9.225052,64.818710,17.656343,15.774166
20.559214,13.476819,10.584802,35.996735,9.615944,9.740925
46.143551,29.958784,17.913885,79.905609,21.021732,21.566866
5.278501,3.764237,2.197447,11.077696,2.300074,1.911578
33.525272,22.193958,8.791267,40.364498,9.087189,5.062154
9.914457,6.856991,3.585035,12.196953,3.049769,1.561403
10.517399,7.121083,4.827058,23.006222,5.036938,3.636295
31.774775,21.037395,23.373581,85.928505,26.130192,56.292126
20.411882,14.331650,8.590019,46.785927,12.908137,5.122426
17.106329,12.242258,7.051910,6.492466,1.385602,3.384070
10.239256,7.375187,3.597575,16.708466,4.425738,8.783526
23.296673,15.676176,8.421100,48.509178,11.417176,9.388161
21.539154,14.807473,7.117519,32.868546,8.939667,8.511931
10.431150,7.532113,3.570910,13.758064,2.726723,1.379696
28.683718,19.384739,11.395770,40.787605,11.511294,33.813313
18.285931,12.468143,4.484759,45.438972,11.558725,10.579435
17.210676,11.869862,7.361667,27.069338,7.331091,11.338983
41.457985,25.851593,11.298540,44.980850,10.861571,41.235191
12.973159,9.106023,4.735003,23.129118,7.767131,14.642951
22.945511,16.278811,6.476035,65.645195,13.517701,5.419148
15.713221,10.794130,8.743816,33.267403,8.681905,32.121204
45.627045,28.572180,20.723228,91.557983,22.961361,51.388107
10.570249,7.666402,2.777295,22.442484,4.516659,1.599283
34.693302,22.478552,15.694900,33.385509,8.631524,15.905431
20.974482,14.101103,7.554153,26.463089,7.577594,22.031281
20.512037,13.733366,6.013950,23.307579,5.388391,7.963932
49.401527,21.893700,32.784912,44.200451,12.773239,120.146927
38.863903,21.378729,17.962151,56.397152,12.794116,32.978241
15.481650,10.679158,4.353507,27.170593,8.725882,5.180889
16.803730,11.882643,6.079783,26.391502,7.333720,3.839541
15.910275,10.708800,5.351537,23.938416,5.516939,3.387748
9.136025,6.309278,4.211275,4.469097,0.611191,1.182361
18.036350,11.846992,24.709126,88.757622,25.270683,63.222946
13.183064,9.389130,4.204528,2.101013,1.025109,2.006470
26.305788,17.523726,11.923980,70.636375,17.353291,8.421125
24.307606,16.820333,8.856515,28.091434,8.015940,4.125553
5.541588,3.965356,3.165052,15.254043,3.857612,6.927318
34.601810,14.570027,15.013724,47.999557,14.090060,21.071396
38.004879,19.764416,19.511786,71.606468,14.055766,13.681223
10.784924,7.710215,4.107546,20.037622,4.654470,2.385478
20.370668,14.014264,15.275827,78.462952,23.179855,37.624386
10.816627,7.410954,4.183169,39.115437,8.586917,4.758114
5.223692,3.965014,3.040824,8.143735,1.427753,0.395604
16.541245,11.527433,8.160675,15.383043,3.506914,9.381936
29.261553,18.294483,11.015403,59.700367,17.886061,25.977715
13.730971,9.542124,4.178988,10.939050,2.415194,1.590617
19.858500,13.860220,6.776535,27.367992,6.843537,13.142117
22.624462,15.660585,7.716524,18.911674,6.957864,36.123474
28.270662,19.602766,8.181253,53.636024,14.961845,24.829678
20.736748,13.591252,17.627485,71.546837,16.995476,13.221618
40.395546,26.423843,11.797656,36.852428,8.632031,8.050443
15.152515,10.418118,4.514029,17.182520,4.359921,7.333908
17.377947,11.938452,5.557676,19.101858,5.026947,29.426609
23.034395,15.619506,7.203609,39.059494,11.196038,3.290077
27.616428,16.954365,26.485876,86.112953,24.885246,98.800720
22.620972,15.606200,6.768176,58.186359,14.136198,4.947727
14.952049,10.155541,11.043173,27.636747,8.228723,32.372448
20.649355,13.635733,6.405229,24.479397,6.211434,4.280376
36.851120,23.350613,14.592690,100.648598,24.455206,7.369041
21.041319,14.045567,12.627868,82.157120,22.719992,9.582422
37.442158,25.095423,10.670379,27.717283,6.566746,8.237770
49.808346,26.461922,12.545038,52.226936,12.794902,13.729256
24.845816,16.935844,7.345995,26.012499,5.921679,1.893690
15.305449,10.564211,5.966119,4.872173,1.170780,12.379120
26.961897,18.333364,5.956963,20.418219,4.427503,3.500148
10.802841,7.824417,4.967615,10.517759,2.819981,4.049559
23.160021,16.311808,6.362379,35.171604,8.172061,5.875987
29.150558,19.321119,10.904984,31.955215,8.025461,34.339451
18.813267,13.216079,5.047767,19.029181,6.138474,3.214914
27.509295,19.391834,8.519256,38.008854,10.180797,25.019737
83.209213,45.450726,32.802616,95.263199,24.289072,65.892685
13.048856,9.330505,3.371680,25.590595,8.591903,32.838127
14.071681,10.038894,7.706733,58.963093,15.237195,6.570937
19.355585,12.871459,6.404549,35.155499,8.662128,3.699324
21.379700,14.306061,9.061255,52.976437,13.897301,3.938905
13.726657,9.335823,4.500343,37.955040,10.468883,4.108113
26.232904,17.755983,6.079753,46.850639,12.299659,32.400688
6.099818,4.276601,1.740145,13.918114,3.532772,2.542822
20.271515,14.343112,6.092771,27.065603,5.432613,2.677713
19.106840,13.116131,3.820018,28.424391,8.848619,4.037800
6.871630,4.942395,2.504062,14.851395,3.758904,5.814833
40.288334,25.469606,14.120439,31.136879,9.237656,8.366065
21.378740,15.164508,10.088133,60.000591,14.313422,7.703498
17.625814,12.134914,3.586856,19.908405,5.467244,15.364944
7.057058,5.195230,3.351327,13.795788,3.220336,11.173122
10.047451,6.973683,3.234213,8.904135,2.116998,1.025997
13.431454,9.604820,6.610418,15.467976,3.363767,3.277912
9.571673,6.826812,3.906562,14.623189,2.921959,1.458016
10.411421,7.560164,3.779740,67.198425,19.311508,4.019450
12.690763,8.742881,4.700945,7.194350,2.861814,15.843943
40.498604,25.412638,29.880810,94.329681,26.229929,74.976822
9.762154,7.011761,5.725036,39.005623,10.562099,6.000720
35.644279,23.318489,12.060333,41.251331,9.207264,16.754810
18.205173,12.474010,14.808730,73.092529,18.110174,14.097447
9.628077,6.899446,5.314804,21.945297,6.234033,2.577876
33.240128,21.995064,15.971045,42.026192,12.803534,27.785360
15.850927,10.867896,5.500206,19.843365,5.489146,3.500921
25.852697,17.209579,6.613349,26.113791,6.684220,8.601366
19.743437,13.428875,6.546115,32.130276,9.581741,4.368434
11.247968,7.951900,4.293987,10.958170,2.281659,5.321634
16.229376,11.143758,9.460262,41.123600,10.534170,3.900933
18.310400,12.960274,2.545543,14.649487,3.450077,4.018686
14.049897,9.681273,7.679732,35.998783,10.703317,27.749777
18.869059,13.594166,6.056512,11.969796,3.245187,4.620955
25.157127,17.155132,8.536850,30.490284,6.562648,3.851430
21.082417,14.548073,6.804158,23.587549,5.932700,5.179741
22.113989,14.836122,15.621800,48.118607,13.732921,12.390554
32.318531,21.182262,14.874163,41.255161,9.853541,38.184467
9.823581,6.714066,4.587165,11.448580,2.871243,5.738460
9.331155,6.683925,3.664267,6.098018,1.270388,0.776309
16.545460,11.671586,15.617770,55.798172,16.462488,41.817528
14.291599,10.445313,7.999563,28.514166,7.216206,7.554384
12.148804,8.354701,8.921147,25.803328,5.496625,8.851349
10.334181,6.998188,4.249638,10.682515,3.245285,1.166644
24.532618,16.667107,7.563217,26.661259,5.813150,2.492375
23.838287,16.001493,16.091490,45.887104,10.926313,13.452450
8.276775,5.397654,3.559070,13.036054,3.501410,3.944404
31.619970,20.461630,12.571957,40.963104,10.392611,7.891681
29.515503,19.745272,10.241813,32.208611,9.756034,28.093645
12.805463,8.618574,5.490233,27.292473,8.376425,7.881223
24.813276,16.449108,9.505097,56.103043,15.018646,25.688303
14.954926,10.264403,9.419797,228.860031,66.057297,14.145067
14.495719,10.118445,4.929246,14.439416,2.770941,18.212273
11.977252,8.323053,3.614194,43.896465,11.896873,10.465251
5.793666,4.391104,2.244136,33.880882,9.446196,7.299099
10.986671,7.481148,3.188280,14.727822,4.361105,14.359324
21.970150,13.858049,23.856886,105.902100,23.034622,14.637268
19.854050,13.976579,6.985966,23.837109,6.605096,16.505600
15.554645,10.952592,14.666951,28.869070,6.176114,5.094793
26.378239,17.162849,11.563490,35.047722,8.867136,8.329083
17.595806,12.100034,6.571611,37.050457,8.207743,2.152920
33.130146,22.315310,9.199292,59.846962,14.316560,5.082240
29.515024,18.986084,14.447763,39.514065,10.266219,22.306042
28.016315,18.520481,9.072450,20.561771,6.253633,33.021496
19.470520,13.406369,12.050974,39.209854,10.337689,25.527782
11.834370,7.844991,5.780257,17.112452,3.993756,3.647904
54.064262,19.107986,18.450191,70.248123,20.855837,15.189383
51.489086,19.098799,18.702936,71.481369,19.886215,14.996033
53.723042,24.657671,21.921556,72.934303,19.977249,37.115662
5.012780,3.605695,2.879618,17.786577,4.312461,10.872051
25.550850,17.306124,6.674720,24.608309,6.990366,46.859268
47.606758,29.697670,27.392683,113.636246,24.352654,12.399703
33.063652,21.922863,42.836933,167.642197,52.115631,98.378754
13.597839,9.828188,4.305999,11.881624,2.880850,3.245176
6.405556,4.251255,1.920693,18.489332,4.584595,1.965000
18.402960,12.569403,4.128850,24.198679,5.693014,4.930868
16.728453,11.379321,5.451352,27.968744,7.224360,51.736633
16.122881,11.345645,14.860781,56.982891,16.980646,19.402094
33.083786,22.577942,9.291385,41.030640,9.276041,8.187937
25.747456,17.385246,6.391823,24.639206,4.460122,5.244308
47.834789,29.849611,19.415255,81.041321,20.919985,49.113815
28.497959,18.418362,17.688745,67.501450,17.398975,34.887341
16.188812,10.936290,17.040211,72.716026,18.976231,17.605982
21.706703,14.457104,12.355176,48.268269,15.380703,10.578809
14.638682,10.241527,3.655959,63.886738,15.883313,2.224912
7.014974,4.728354,2.009427,14.986372,5.080676,7.552352
32.116703,21.493872,30.848463,88.687370,24.876146,121.067413
7.893820,5.653080,2.731677,12.439429,3.521479,6.511436
16.092928,10.960662,3.871780,46.723518,11.442591,1.801700
19.648081,13.672673,23.877661,70.732742,17.590454,13.636409
24.081306,16.361065,9.457486,58.318676,15.181641,12.686433
9.307679,6.628046,6.469180,29.692621,6.462272,1.345310
17.992935,12.752308,10.302980,40.332680,9.770338,25.733187
8.600545,5.907589,5.379560,20.731333,5.568088,2.207746
19.618038,8.213175,14.563728,48.346157,15.778811,17.085592
19.001369,10.566261,20.854116,64.879082,18.249758,21.333611
20.849216,14.284271,5.519959,23.142012,5.753794,3.680873
21.040277,14.606436,11.537329,37.824936,11.626621,45.656715
44.807877,28.053638,25.943996,42.549286,17.499443,50.183582
49.746326,25.181320,141.766525,521.051025,151.625427,451.965881
12.986724,9.074861,4.175811,14.851998,3.989069,6.352989
11.316337,8.233943,3.929201,6.978181,1.247712,1.451655
19.128870,13.081546,8.252545,23.278326,7.148191,17.712599
17.551010,11.726905,13.727044,35.636654,9.217854,5.489065
28.706602,16.130615,9.629207,30.299389,7.490903,11.178873
17.522320,12.232977,8.120749,26.057079,8.353951,34.442505
59.341953,35.522465,21.795345,68.057907,12.927759,16.859583
30.581938,20.562864,10.849739,41.720608,8.379718,8.858501
18.153397,10.856733,6.959675,28.343248,10.024848,33.042480
19.816090,10.926942,7.725944,36.338177,10.478450,35.706165
19.265936,13.683578,4.667400,11.832446,3.297556,3.665343
17.970657,12.557653,4.242883,17.413717,4.729943,10.328531
14.636226,10.095992,5.723732,12.964868,4.482403,17.859652
6.629316,4.801247,6.198810,15.713737,3.273553,3.201065
26.368380,17.778559,8.959175,25.992146,8.825345,46.430683
4.724566,3.458413,1.475467,8.212607,1.625517,2.237937
15.575263,10.606031,6.576825,10.923872,3.406979,13.810179
19.292871,13.707618,5.633003,16.141781,5.250898,31.549309
10.380279,7.446570,3.948192,10.570888,2.977495,19.161308
23.723558,12.503290,12.624458,57.502876,14.412011,16.320177
13.023232,8.756409,4.752833,21.297962,5.638604,3.142194
21.149929,14.074953,8.070830,25.182249,4.911108,36.752396
9.720974,6.932992,8.451160,25.006966,7.291890,20.746683
19.833168,12.323002,13.244273,45.512779,13.585352,34.704674
34.676319,22.655231,14.683787,47.345825,12.564433,38.825375
7.978050,5.535998,4.292434,25.570328,8.469666,41.039948
25.434076,16.506096,17.823452,124.498062,31.442829,12.444444
5.939817,3.909636,2.752040,28.669230,8.519850,12.501935
18.397995,12.312294,6.353527,14.216001,2.923836,22.678328
18.385538,12.175846,25.576807,104.307167,27.356478,70.254997
5.891007,3.982643,4.250649,17.186731,4.919836,4.723022
46.571964,30.211458,21.430374,83.942932,23.228294,49.975269
32.008778,21.326029,20.979204,55.434383,17.066463,48.586246
23.878012,15.589514,7.418697,25.290911,5.882802,5.203822
12.201715,8.268692,5.575561,19.389114,4.608240,4.431094
42.542645,27.486202,10.689330,67.981773,19.514185,54.217487
7.680821,5.657436,8.117685,27.084116,6.607078,4.685077
12.938369,8.539072,13.631804,21.237413,4.569369,5.840436
8.842297,5.863583,2.668714,23.153507,6.928397,10.769773
13.030869,8.802235,5.650895,9.628973,3.106119,8.409892
28.659599,18.115568,25.901514,62.000809,16.966946,16.404268
31.764734,21.495613,19.166534,47.025398,10.194566,20.451736
15.424528,10.371795,5.281876,12.522462,4.315349,20.350657
6.444234,4.730822,2.695141,38.893421,12.565750,2.306744
15.596721,11.019349,3.810395,15.818002,4.632131,5.688931
8.399293,5.943307,3.461140,14.953922,3.518736,1.549713
7.978466,5.422186,11.225523,25.302244,5.832853,6.554951
19.618010,13.740922,15.146047,46.475979,12.838137,54.468285
5.609320,3.909863,1.407072,20.327236,5.034879,6.131669
7.454657,5.024848,2.590578,21.059330,5.010510,1.287361
9.484552,6.934148,4.242506,24.172712,7.025613,5.834609
25.640739,17.279484,6.997362,63.357578,15.683971,4.427944
6.013628,4.123371,14.185090,110.143356,26.468624,11.666971
7.331500,5.523876,6.186368,32.787144,10.482816,12.218504
8.985813,6.333735,4.336367,24.746305,6.857901,16.573256
17.703556,11.840031,10.082024,73.585449,20.433203,16.037518
45.401447,25.717255,51.798145,226.011597,58.316334,67.078407
22.026773,15.129144,7.941226,25.278547,6.282891,1.151774
6.336532,4.143700,2.549206,13.923693,3.479222,10.272263
28.049868,18.786379,21.586554,43.165504,12.813249,68.669380
14.501725,10.428665,4.288019,21.323212,6.596972,18.419790
13.009898,9.618594,3.760877,14.350352,2.492625,3.829470
35.276825,23.295765,9.490501,83.132332,21.839441,6.845068
40.579411,25.976801,26.205866,45.554893,13.456381,40.133137
17.199255,11.791889,5.441041,15.808385,4.539676,3.373811
10.121794,7.065694,4.498533,27.575350,7.826719,16.597162
25.837044,16.962986,15.833618,34.291039,11.550886,12.985700
19.582663,12.799223,7.982454,16.423174,5.913168,5.536409
39.004208,26.026134,14.460067,130.554916,35.302841,18.995003
9.173094,6.707487,3.020164,7.243261,2.009435,3.676257
25.789919,16.891722,10.244834,44.911427,13.283665,67.258057
20.167463,13.803037,5.301828,19.267996,4.407887,4.760806
17.321878,11.906691,6.837010,29.679951,8.385921,24.595356
63.968578,37.596294,28.861885,120.032722,27.328384,15.969839
21.500237,14.125551,22.197540,83.429810,21.336937,17.209412
29.743385,20.193521,7.338105,29.472754,7.498612,3.451047
20.452295,14.218158,5.939048,22.077887,4.750477,4.088163
11.406333,8.141647,9.152768,43.920418,11.402033,8.025104
16.849901,11.505583,7.716866,48.555016,12.822129,14.599738
11.546845,8.221814,3.755955,11.492407,3.538432,2.591561
10.714775,7.276117,4.288573,26.470848,5.241980,22.797869
49.722080,29.574026,27.533857,80.911331,20.686094,22.497246
7.942328,5.653276,3.380318,10.264951,2.579368,2.414236
14.438900,9.675340,7.169903,24.333702,5.285717,5.242126
9.507004,6.753612,2.409751,28.305769,6.909194,4.950700
22.146980,15.304263,7.151089,25.546444,7.864306,50.380955
21.218590,14.039545,22.995083,56.484238,14.167160,70.745911
21.486456,14.974020,8.067783,66.994446,19.228312,3.509708
23.510603,15.820636,5.233905,25.183897,5.679300,4.175673
26.019106,17.276453,11.385688,28.764072,7.157309,6.481020
79.679550,38.343609,63.364498,179.512939,47.064800,185.515472
15.798479,10.624494,6.942014,29.204975,6.580307,4.084970
18.910696,12.665006,7.108798,28.583635,6.991085,35.812492
11.672994,8.074395,2.659588,31.551018,8.932254,4.813450
23.336031,16.406122,11.953640,34.365997,11.200248,61.984184
13.439986,9.124854,6.710718,37.480255,10.131316,23.326468
13.166100,9.158334,4.388911,26.302853,6.761602,7.224205
27.622177,18.718044,8.443853,66.507278,16.155205,5.013774
24.055027,16.699892,7.340899,22.602022,6.436912,7.575249
24.119928,16.650909,14.489199,47.423462,15.688986,83.982033
9.785806,7.079059,4.460980,11.831037,2.025988,1.314422
10.453965,7.714015,6.247380,10.295979,1.922785,3.040034
56.051311,35.980892,50.979103,174.878845,60.373421,205.637527
11.914387,8.655357,5.991606,7.815560,2.637985,7.327023
8.343216,5.812763,4.307381,12.302852,4.341200,14.678040
5.286968,3.749269,1.118447,20.023724,5.881183,10.754923
58.797150,36.626064,20.655802,47.926918,12.019391,12.765339
13.971148,9.990656,5.233305,7.194765,1.953348,11.711734
26.517109,17.976797,6.765450,26.671907,5.873589,15.295627
17.318682,11.807785,5.541625,42.499790,11.202332,4.134099
17.994366,12.667963,5.862368,30.357082,7.817092,6.440599
16.553316,11.061287,5.733986,27.352619,6.833323,20.975262
45.999722,28.104330,22.112341,87.919296,27.085670,61.371391
21.767258,15.351415,13.064903,28.204481,6.145092,4.893239
62.086433,29.744961,58.179359,219.986008,58.755688,62.697090
8.989203,6.382127,2.928531,21.325161,6.591149,2.932374
7.614671,5.372296,3.317013,23.028608,8.401423,18.451508
23.504654,15.745427,9.151160,79.386452,21.087166,76.781868
24.407337,16.974304,16.431507,60.902733,15.411871,10.707509
28.547718,18.426849,19.869059,23.242834,5.912994,10.695726
15.086962,10.050173,5.005555,53.078289,14.269567,3.054252
5.412413,3.579098,4.409091,26.736086,8.576195,12.621736
27.176649,17.930010,11.750566,35.924374,10.873249,29.631353
5.108489,4.023597,2.587417,17.606384,4.279044,2.753546
9.701351,6.474251,3.951050,15.554239,4.892197,1.524067
12.896271,8.781015,6.476845,16.902487,3.787116,1.840767
19.915514,13.614138,6.193175,50.754436,14.809452,21.918663
33.578281,19.925520,19.359838,82.367836,21.839420,19.298519
6.542186,4.798899,16.258612,70.062408,19.121651,8.036475
11.865975,8.180864,4.033035,9.916845,2.918848,4.770563
50.337143,31.919706,27.091574,65.217506,14.649343,16.325670
30.973406,19.913763,9.144735,40.084869,10.086460,48.062916
27.418745,18.503084,6.329853,19.745010,6.238635,34.531498
15.119411,10.677973,11.676146,59.923923,14.826044,6.558016
21.998249,15.214869,4.291476,23.080162,5.851624,9.849165
59.550686,29.808802,27.735926,82.969330,20.872768,33.192741
31.143900,20.585625,14.251657,63.225502,15.889859,5.207380
5.615743,4.189815,2.100002,14.909122,6.476979,5.721014
14.416620,9.820700,3.192282,24.649712,6.786305,18.807720
8.710622,6.139981,3.372815,11.620406,3.199443,3.698231
13.804239,9.289124,5.169752,11.057185,2.951796,1.676394
21.987450,15.109493,6.780370,27.934563,6.502920,2.514041
21.510317,14.470373,3.395115,22.015617,7.064256,8.057727
16.517673,11.630925,8.069263,19.464888,4.702599,7.133084
22.236950,14.842848,6.957672,39.781803,9.161706,9.438375
11.820141,8.038751,5.323764,57.833336,14.758718,14.675154
28.348810,19.009289,6.459024,25.874985,7.956579,28.750502
18.905804,13.344328,6.409594,11.255580,3.101323,7.304821
12.199574,8.321220,2.855295,6.264039,4.070694,12.811606
44.677177,24.689718,18.632778,42.663212,12.001566,20.019506
9.784692,7.176764,4.488362,19.796730,5.541709,14.253239
10.071816,6.968890,2.843513,9.533500,3.047914,3.774910
17.891550,12.329351,5.743857,19.040154,5.742023,12.246316
48.038963,27.333992,22.586943,88.587784,23.948774,47.732410
23.520390,15.441318,13.659716,41.053783,12.707804,47.891609
18.904095,13.070529,5.658598,13.395007,3.290467,2.371404
22.817564,15.357077,5.256401,26.499374,8.206027,26.778591
17.239872,11.431045,7.696373,32.497135,8.674972,57.191277
26.889774,18.213017,8.806564,38.178349,11.640739,43.168488
16.183458,11.068803,5.414630,29.587536,8.672017,7.129945
13.677582,9.189119,5.320056,17.899334,5.745328,30.298553
9.233189,6.446029,4.748323,27.043457,6.656968,5.778581
10.226304,7.192623,2.255375,13.556560,3.519319,3.630019
7.060170,5.168930,2.398777,10.123154,2.936756,3.718114
15.164826,10.722732,4.973269,62.071037,15.976336,2.124949
5.287807,3.530945,6.699759,4.962077,1.828076,19.641338
31.476952,20.987099,13.910274,26.898005,7.070288,9.109142
11.585293,7.872935,13.265820,52.282612,13.561210,6.484471
27.428581,18.953655,7.331183,32.722889,6.076739,7.322803
8.148324,5.923617,2.990022,14.391448,3.433108,1.613576
46.590172,24.102793,37.687710,111.477806,28.772669,90.126457
32.280678,15.823853,23.181845,77.250511,16.113640,22.628866
19.709908,13.724563,4.861362,15.613406,2.755814,3.173505
10.109245,7.153515,2.148427,13.607486,2.846290,15.418278
7.137655,5.113010,2.761483,27.791990,7.493200,1.420214
17.216084,11.605947,10.597332,99.453629,28.897369,144.255112
4.623920,3.330382,1.809934,13.160788,3.699751,20.490883
28.944204,19.648924,12.385649,21.078451,6.019382,4.614854
7.818195,5.477120,3.392993,12.456812,2.864108,1.273574
23.028517,16.287991,7.550105,13.010711,3.148922,3.058657
14.305115,9.807987,4.150981,25.573936,6.257234,2.084752
27.560974,19.307287,14.587285,88.120750,21.026308,5.390967
22.739697,15.533618,6.713745,25.294847,6.221500,7.071909
33.693214,20.983583,67.317101,148.746811,41.507545,177.366302
22.364201,15.925564,9.847909,27.707821,8.488789,4.539221
55.941513,35.440521,43.605637,211.678467,56.844818,119.422272
11.553263,7.818104,6.160849,23.210728,5.977522,16.041561
12.090534,8.337899,4.692697,15.135572,3.294789,4.495629
26.373369,18.061821,14.457293,61.877949,16.034039,8.349657
6.376579,4.305108,1.826427,16.592789,3.039652,3.156647
8.933011,6.166036,2.404820,31.149317,10.870946,2.237957
22.657351,15.420781,10.867139,29.168428,8.669746,9.924687
14.636679,9.961647,4.802733,31.656284,9.001839,7.303489
26.618235,17.697683,24.842768,100.451668,26.563778,28.808256
16.176481,10.612532,5.396935,13.327201,4.618539,2.991792
21.526772,14.512912,6.251388,22.568373,4.509973,5.347001
10.680109,7.625844,4.570829,11.365889,3.333928,16.641159
21.490387,14.895754,6.327191,23.017735,5.792640,9.690011
8.416883,5.856997,2.458239,5.720364,2.561094,1.774185
12.041612,8.308819,7.615705,20.380659,7.471318,41.781506
5.405325,3.816084,2.111156,8.521154,1.834392,1.067929
15.085345,10.258305,5.728786,45.642487,14.402442,4.063436
10.835625,7.698910,5.009173,39.165680,8.669460,2.105088
15.920092,10.843873,5.540242,10.650821,3.026473,3.261499
25.824390,16.822186,11.960933,37.157589,9.646546,44.361717
7.807018,5.886317,3.093459,12.104848,2.775188,2.310899
17.494015,9.664419,42.156830,165.873108,52.108967,306.909698
10.689047,6.931163,12.367295,47.455467,14.134618,66.325027
20.394625,13.840734,9.788852,7.201001,0.671496,3.572297
45.849697,29.518728,13.752504,116.168030,31.988569,15.809792
16.603439,11.655830,10.458504,15.870075,3.859225,9.916944
48.901112,30.285276,29.419640,104.251938,28.226868,78.811562
28.876390,18.538347,19.820709,41.963024,9.091211,17.226400
14.753313,10.158328,5.030786,29.258162,8.738072,11.085373
13.975628,9.447431,4.841518,42.664398,10.953466,4.187172
6.002116,4.055395,1.797114,11.946774,3.351280,1.687883
6.998035,4.844457,2.917228,12.598586,1.930124,1.363771
28.869919,18.670820,12.206815,44.735798,12.960360,15.520267
11.404259,7.955965,3.306356,10.128731,3.454825,6.406420
47.458649,29.441446,19.705957,31.307659,9.113779,24.074343
51.026966,33.119293,35.918034,130.329926,34.836670,31.858101
28.460979,19.497955,11.840496,34.118046,10.688366,29.818541
12.126955,8.576383,4.489100,72.635895,19.794432,7.355248
14.084767,9.285853,5.187109,11.705066,1.899402,2.452464
64.254654,37.961140,25.680401,121.607864,32.592182,107.524727
49.409836,28.735039,23.481977,91.850243,22.768435,23.854277
17.341171,11.625741,4.622519,47.574642,11.120746,7.445214
11.969350,8.378340,4.007856,27.035925,7.166437,1.329092
45.937656,26.814316,35.097721,148.316803,42.585674,65.527100
11.818637,8.353653,2.199773,15.917458,4.615198,6.247635
31.057545,20.346643,16.715284,60.778839,13.984383,14.418549
38.929382,24.411123,18.309586,65.955025,18.446484,45.596924
15.790211,10.646523,6.067373,17.162203,5.624077,2.967464
6.217627,4.485694,5.126862,19.972776,4.867451,8.088015
35.424000,23.502617,10.525902,64.273674,15.070897,15.043145
11.474326,8.194000,2.641366,30.935051,9.299789,28.122782
5.727042,4.201245,2.865641,12.750929,3.747752,3.075405
26.822035,18.743582,7.296986,29.155970,7.897968,5.470287
14.854239,10.360529,5.350908,21.869562,5.711010,3.845598
36.389702,23.404531,30.908131,64.900200,17.574230,50.912964
11.332747,8.166080,4.398294,3.529889,0.004543,3.424916
33.541721,22.364674,9.029253,58.236965,11.848785,3.871510
12.884415,9.213571,3.100104,46.199360,12.087481,1.783561
16.346703,11.299738,5.616394,23.365528,6.058752,17.160088
7.473303,5.344861,5.351501,33.465420,10.055815,30.983742
40.323730,24.300533,27.274084,80.073456,22.538004,64.495010
14.655999,10.490158,6.745266,19.997103,5.826014,6.427000
11.858376,8.099874,7.897042,64.997581,19.325846,29.666265
7.016124,4.701252,2.489701,23.399906,6.693420,7.742284
20.234930,13.678235,18.386538,56.482346,15.926635,27.756079
30.192341,20.089710,11.250493,28.978392,6.061913,12.127045
11.441472,8.059939,4.162926,13.804754,4.133835,3.617493
20.337776,13.577320,7.675576,24.796844,7.710278,36.018929
5.232014,3.714274,5.715406,30.978447,8.297626,3.955833
5.152369,3.954165,2.414474,10.071085,2.924831,9.294378
8.102936,6.134696,3.274539,22.350111,7.322230,1.505089
15.318625,10.454617,5.294764,23.905037,6.375439,21.438339
6.111855,4.502642,2.974118,7.616201,2.635903,8.529894
8.707455,6.147261,2.213770,11.379809,3.324506,12.147497
6.121510,4.438882,1.725671,5.491688,1.355812,1.061518
8.098477,5.870878,4.928095,24.563034,4.401802,1.278642
7.064283,5.232903,2.823282,9.371246,2.497658,1.695704
8.454318,6.111683,2.936481,15.050828,3.068658,3.724907
7.958109,5.827007,3.016737,6.305519,0.725564,7.838912
20.281595,12.489642,8.866219,20.767542,6.750223,20.293802
13.013432,7.945873,7.691518,42.901276,13.667807,44.486343
12.765935,9.003455,3.705879,10.704787,2.841133,11.854893
7.977680,5.340008,3.013943,14.935262,3.309015,4.437642
36.229801,24.172930,9.506143,35.203686,9.218934,38.050812
21.291569,14.413093,8.171119,41.913448,12.022913,10.593455
5.848166,3.901058,3.475652,13.862617,3.475067,1.914303
38.889656,17.354633,18.512442,60.613251,17.097855,13.547765
40.247204,23.403584,44.812553,123.130722,42.187149,173.814468
20.604456,13.810528,6.523657,24.454859,7.925992,21.461813
25.023613,16.812887,20.068716,71.370453,22.252504,40.610622
17.313107,12.017876,5.796893,14.740549,3.753015,3.397507
16.177797,11.419631,11.388965,20.082436,5.861099,8.264226
21.082117,14.177760,6.709888,34.718052,9.378634,50.579014
21.698048,13.349882,19.197666,37.738586,10.399005,14.179758
12.314634,8.076250,3.436960,18.333769,4.336390,2.037902
37.060421,24.185295,19.923908,127.160759,38.497726,138.728149
27.173536,17.695467,7.724106,25.169094,7.706998,8.455616
7.930535,5.393567,2.889286,34.448994,10.344155,4.687234
14.751335,10.349323,9.749161,42.980183,12.440977,22.663576
60.456223,35.011906,75.218071,170.954254,43.140293,68.726387
36.561020,24.071476,25.347651,54.463428,13.256610,30.415085
11.361434,7.785872,5.510244,12.515769,3.179716,2.722257
21.705448,14.388615,19.650938,49.221523,16.449284,35.329613
6.270508,4.423573,2.364363,14.411164,3.515351,0.694798
24.626495,16.619375,6.136237,20.464581,4.271187,3.742947
29.238617,19.161650,10.701142,46.443565,13.101424,33.167892
9.918758,7.217049,7.278255,40.203789,10.271872,22.566423
31.097694,18.799627,64.820374,169.241455,48.258434,199.996353
5.525550,4.210357,4.731386,29.184799,9.102344,8.363623
14.720627,10.251291,10.247730,37.699055,8.459508,4.660269
45.339794,29.130569,13.329553,30.070705,6.652471,4.227634
12.863718,8.591032,4.445226,54.651608,13.892068,27.561415
36.628002,24.038237,16.647270,64.503174,16.742485,26.459219
12.126599,8.616299,11.931143,41.000957,11.234328,12.870246
20.464081,13.824316,8.424047,35.879768,8.857693,22.673004
11.397588,8.130610,4.565109,27.357721,7.781874,44.894257
8.893068,6.118586,3.376076,14.702909,3.733425,4.812035
29.493734,19.699692,8.033500,41.317177,10.166368,47.017220
5.844586,4.177141,2.380486,27.581614,7.102207,9.686550
22.951244,15.303600,10.246305,36.721474,8.685871,20.600351
34.303513,23.495523,7.764646,39.916191,9.001033,4.781427
11.012553,7.699101,3.967463,14.820338,3.908851,1.770743
15.480652,10.982224,9.724937,20.947460,4.661859,6.279766
13.949250,9.823078,5.341020,11.927792,1.948486,9.406558
11.311687,8.008107,3.801121,27.550064,7.483625,5.082068
10.783384,7.538200,4.694572,16.268490,3.833086,2.613678
14.095250,9.628772,5.558731,8.328123,1.468861,2.929205
7.179932,5.613952,4.872595,19.572495,5.300746,18.332630
16.459452,11.449113,11.109737,39.046608,9.109609,6.004806
7.781897,5.554795,3.595558,9.642262,3.651532,1.958312
20.003149,13.481036,6.080754,20.272419,4.942333,4.984622
47.056660,28.287151,24.278130,94.127991,26.187078,106.837929
20.624598,14.067805,6.414689,32.694038,6.918858,3.660294
20.426512,13.812816,5.330577,27.454140,5.996325,4.833117
26.505709,15.387824,9.552849,41.418644,11.084275,4.444132
13.734540,9.502753,4.592049,22.555130,7.076376,1.620939
10.224545,7.090323,4.617681,21.660772,3.887836,8.989550
18.784254,12.704626,12.023392,34.966835,8.553665,17.460203
15.654765,11.057922,5.077167,27.399155,6.505208,10.062214
7.439077,4.784421,3.008366,4.287515,1.264599,4.284172
19.468010,13.307871,7.321539,63.225693,17.511312,76.064194
21.752920,13.719315,34.057175,119.219368,33.828548,145.045975
32.316723,21.326197,7.981550,27.372597,8.088865,9.400666
20.548468,14.137379,6.369884,24.234514,5.731675,2.131804
13.703321,9.679461,4.324788,15.184192,2.954015,3.945258
26.496225,18.016809,10.224083,37.823540,9.639375,21.482019
11.582104,8.216467,6.768871,72.270210,19.088919,44.393238
7.873265,5.571051,2.834170,16.288279,4.436222,2.713117
21.004164,13.931472,5.323932,30.765646,7.791030,5.094461
11.766507,8.195260,3.832661,24.499266,5.844575,2.577087
33.295738,21.696800,10.932073,40.103107,9.811589,7.717969
11.885167,7.723559,5.499263,27.439316,7.932844,2.751686
16.398979,11.105888,12.972180,71.344131,18.365206,56.614365
57.779270,36.755657,16.426119,33.662079,7.743155,12.285289
20.399832,13.554355,9.516447,24.513708,6.326185,52.697796
41.345142,26.311354,26.410965,104.249733,30.217548,99.720161
14.163459,9.756575,5.555634,18.001900,3.038842,5.004515
11.130647,7.556600,16.624287,34.779594,7.247884,4.535596
8.857883,6.597791,3.159086,15.714087,3.220788,1.536333
29.853773,20.159771,8.835354,38.654991,9.962300,24.972956
32.924442,21.174696,21.369364,70.640228,18.152872,44.082386
39.972435,25.788477,15.359524,74.443115,19.876110,8.672669
38.035183,24.700136,14.631700,40.305344,11.636472,19.608921
8.645924,6.147986,2.819687,26.990019,7.094999,6.363467
13.715712,9.496736,13.951829,33.322620,8.166382,10.693254
11.373357,8.227098,4.873403,24.648075,5.623806,6.306122
13.347779,9.191257,10.823887,30.150385,7.790705,5.639033
18.281233,12.429916,5.913751,32.431118,9.205923,41.534328
15.123405,10.102468,8.336854,30.882534,7.500240,6.017479
23.066952,15.177021,12.940009,64.449440,16.654947,7.734686
21.395725,14.570832,11.894193,53.385132,13.074942,10.945780
20.653978,14.201717,7.747539,24.558290,6.188477,21.744247
30.541183,20.879837,12.248087,47.426018,12.804331,34.950146
24.674530,17.181629,6.994681,49.437531,16.271788,77.835403
9.166992,6.453257,4.343865,9.505046,2.444337,12.414629
23.476280,15.678804,10.629338,66.693756,15.413301,8.883879
9.170296,6.456961,9.412324,35.467976,7.911225,4.918271
13.163003,9.269632,5.119893,7.347339,2.005762,15.834922
7.403644,5.479184,2.579842,10.399122,2.744108,14.741140
27.853369,18.165899,10.091678,43.860901,11.588650,6.548777
51.752575,19.717299,13.518939,38.434780,11.674886,31.002924
45.093441,18.099426,12.856923,37.108776,10.593519,22.062019
46.297142,31.081869,62.264938,285.853088,85.500366,354.268921
18.166403,12.805828,5.234735,40.924679,12.430903,6.608129
11.090947,8.058959,4.143103,26.067415,6.906422,3.846168
15.356984,10.770658,7.473820,41.804893,9.986120,6.631685
34.006638,21.961861,15.474947,48.908493,11.056207,19.099838
22.012617,11.948291,6.719975,19.211082,5.931859,16.701565
17.667971,8.753710,5.818489,25.720238,5.555235,15.472155
9.302154,6.689294,2.907606,12.214315,4.084747,2.660595
11.883848,8.196526,4.517088,9.859649,2.901800,3.195528
36.611156,22.155739,16.376705,82.854767,19.372025,16.487684
62.537888,37.053383,80.738930,267.996002,88.772766,420.741760
11.595221,6.534297,3.199201,25.189421,8.916733,20.574472
9.173798,5.890713,3.186737,16.872242,3.269531,3.096802
37.375694,24.728193,15.010699,66.965263,20.419233,61.148457
49.579300,31.668127,36.169590,70.486717,16.881508,13.405430
25.551088,17.571100,8.579913,27.044596,6.723737,4.297844
17.366674,12.219743,6.475070,8.956434,2.797966,7.328670
23.820316,15.757385,21.535852,55.382664,14.693613,43.830997
20.544298,13.983830,6.685305,17.806377,4.713408,7.931512
4.548604,3.530626,2.314959,8.033723,2.985163,1.858939
36.813488,24.838602,12.372860,44.203259,11.509404,9.095038
10.825008,7.440497,3.697122,13.395016,4.019207,28.084377
14.483542,10.356356,5.451440,9.956415,2.072883,2.928171
14.873876,10.590550,11.134079,41.928585,11.316086,51.809296
42.315109,26.946936,20.361328,140.629547,40.293468,141.380310
7.987244,5.867662,1.632133,11.375162,2.288447,6.540234
6.588223,4.663412,3.251041,38.879162,11.187792,29.464510
9.760466,6.987720,8.474582,59.449512,16.068758,6.719337
22.300631,15.272412,7.237898,25.936245,5.073131,26.057482
59.058270,26.667719,64.083061,224.281967,62.658546,419.363983
21.406931,14.805132,4.491407,28.981970,7.795943,2.296522
15.518542,10.703018,5.599899,40.977962,14.107500,38.353203
18.904131,12.999067,14.218494,28.657669,7.965872,26.939692
35.117214,22.353312,27.824600,34.970181,7.337306,18.889732
26.710428,18.080723,8.065532,22.284315,5.334298,27.477539
15.613367,10.582987,19.129589,37.744755,9.822875,7.809917
29.223381,19.800093,7.925120,18.808718,4.543758,7.435297
6.289364,4.233235,2.667041,10.930402,3.326949,1.973884
5.947471,4.213935,1.536400,16.093493,4.164857,5.639576
12.825644,9.129382,4.046849,12.484416,4.406734,11.084497
44.463062,27.318802,16.955791,41.874058,12.123946,11.434741
22.453646,15.817985,6.423491,18.624823,4.091409,14.863932
17.149067,11.744923,7.916580,34.909664,9.676562,3.466490
30.266006,19.604185,20.926962,67.386414,19.488350,26.379797
38.112793,23.767870,17.672657,40.977592,9.700129,11.980628
22.322554,15.420387,6.463806,18.679804,4.067184,4.179515
24.909056,16.610868,8.728295,31.922583,7.733181,37.899910
13.690864,9.305555,4.344761,17.067888,3.215102,2.759066
12.937303,9.292833,4.728248,50.110870,12.695568,4.919485
7.810959,5.207928,6.461623,20.734005,5.516897,8.945250
18.804483,12.836615,5.207719,22.718969,6.355062,8.762757
11.793326,8.384364,10.942680,44.473885,12.897965,24.680387
19.304773,13.333635,8.302461,18.037718,6.607940,8.664803
6.959630,4.839465,3.321006,15.749445,2.900073,3.688162
24.247711,14.709406,48.482967,156.986633,44.787617,110.819206
9.236563,6.660756,3.331186,14.699008,3.480588,4.618851
16.815392,11.411641,4.828885,17.717422,5.136065,3.646271
40.761356,21.363991,16.579071,39.527245,13.647932,31.251720
68.285912,40.217548,28.169384,100.647263,26.176737,35.175213
5.220615,3.667020,1.732311,17.156103,4.677076,4.793727
26.151363,17.317776,12.395408,41.652332,10.919620,14.728151
12.062577,8.607714,3.393608,26.322140,6.130073,3.351299
11.317115,7.885204,12.547596,48.064148,14.203692,22.560961
29.477173,19.650635,8.018866,23.369293,4.595158,24.781170
12.079724,8.214358,4.685271,13.500620,3.146202,17.033901
14.958185,10.563126,4.645514,53.833748,14.594773,2.035734
15.148069,10.576241,5.834509,15.883146,4.093319,1.329285
10.514928,7.832377,2.724179,27.470787,6.802750,2.484792
8.416713,6.046354,4.341083,21.554598,6.295098,15.668441
11.981085,8.294394,4.505139,24.373854,7.183354,3.319988
18.142153,12.714686,5.162718,28.749815,6.592252,4.869599
13.304412,9.300190,9.263374,30.461403,7.848357,9.978331
12.059687,8.442172,6.241648,11.564927,2.442058,4.533813
26.831030,17.971773,19.144581,54.196522,14.797455,49.890980
12.925927,9.025429,4.607028,11.510228,3.483363,3.616178
33.432545,21.946184,10.961365,56.484573,13.105661,3.436978
14.468452,10.374095,4.089818,33.693558,8.724327,2.263860
28.524879,19.278612,9.742826,34.000797,8.920067,7.564516
29.991461,20.272976,12.199318,58.324451,18.291422,117.900169
8.700947,6.419308,1.963400,19.606230,4.146356,2.319988
17.115082,11.851241,19.584957,59.733822,15.483228,52.841339
28.255981,19.087009,9.535773,24.305420,4.704078,6.595484
11.508357,7.991991,2.694875,29.983587,8.871902,2.386377
22.346638,14.728650,16.517618,88.682129,25.705479,27.558117
44.221458,28.748171,13.101690,53.217579,12.010462,5.967366
11.644865,8.059426,3.827541,21.009378,6.950140,3.349743
28.060347,18.720417,10.795808,56.388084,15.881599,22.774408
24.041351,15.933156,11.780038,30.597891,6.854401,9.682281
25.526516,15.573624,17.367327,34.763229,6.844182,17.892460
25.137688,17.392464,10.489261,59.244492,16.051363,5.857564
20.577715,14.278291,14.675030,56.275982,14.834711,15.588766
10.751757,7.964903,4.184708,58.231110,14.597204,5.214589
34.491974,23.139305,13.881021,85.772209,27.005888,58.425270
20.575260,13.984944,6.063122,24.494156,6.922919,7.588396
7.819568,5.712336,1.838488,9.090851,2.524376,2.185959
8.706750,5.899632,3.475256,8.326909,2.787572,2.663006
14.611720,9.908546,6.017688,39.615074,9.108227,8.675261
15.245570,10.263478,5.689297,22.248974,6.966132,2.271124
8.649287,6.104915,2.838202,5.717048,1.405092,0.915284
51.524025,32.865765,21.666821,77.292778,27.162846,62.309113
4.539960,3.127730,3.206079,8.521697,2.065224,23.178158
11.190018,7.620591,5.066720,67.400543,20.312258,2.981236
12.705409,8.874800,3.137802,39.176418,11.821627,23.926870
7.768132,5.337613,1.376647,10.076684,1.170377,1.992897
6.713105,4.751889,3.124870,19.250853,5.202344,1.515064
29.270599,19.785936,10.364907,65.269623,21.995390,6.696259
42.352425,27.896824,12.542786,24.448523,7.502376,7.040854
7.940398,5.451711,3.403163,13.702843,3.232410,3.320272
9.914535,6.941851,7.782800,57.081799,14.043073,8.096711
35.894039,24.322315,12.444586,24.839846,8.079779,30.517612
11.322147,7.965601,4.202480,27.525215,6.530572,3.601835
28.456507,19.287266,11.356609,23.750921,6.024983,9.923297
15.348916,10.401348,6.562075,29.859741,8.134622,33.515766
20.117117,14.301231,16.080126,27.406851,6.460586,6.179712
19.678358,12.485676,33.859604,193.367157,56.613937,33.566307
14.969598,9.887877,4.872313,25.840206,5.128485,23.115889
14.041938,9.568656,5.621874,35.238789,11.774631,17.600597
22.341190,15.229119,9.245568,27.763807,6.356277,6.077954
11.830420,8.212422,7.699519,20.807152,6.048540,11.152725
20.835512,14.153118,5.544742,32.907166,9.621989,8.990634
36.901417,24.177017,8.759620,74.264969,19.549730,4.725739
5.822288,4.156159,1.647736,13.394395,3.779464,1.932333
9.345294,6.502888,3.020980,11.651090,2.006604,2.154743
19.466740,12.972078,12.803650,80.306892,23.213400,30.417185
14.179171,9.727647,6.684814,23.932039,6.831314,25.534395
77.269981,40.709366,43.433254,69.212982,17.900541,27.038113
8.310885,5.942161,6.038535,27.272915,7.010562,21.365852
21.038206,14.188564,6.765511,22.364286,6.264977,6.901148
12.670899,8.937686,4.014460,38.184296,9.995997,9.508553
20.750320,14.379833,7.505183,27.466030,6.673664,16.442904
12.640181,8.673006,5.897429,105.304253,30.188450,4.457447
29.724216,18.820173,19.892645,91.421928,23.813982,19.250418
16.624489,11.732825,5.586298,15.549120,3.380799,5.667521
22.432577,14.780422,9.545978,71.710426,15.245122,8.926204
29.018127,18.391123,9.350309,37.526085,11.046957,38.968166
43.653713,25.318680,17.013184,61.175613,13.181500,9.135446
29.624990,12.987802,10.218841,42.384541,8.183484,5.517079
9.563286,6.828333,3.461228,19.870098,4.392163,3.345193
11.724599,8.672353,4.266685,10.323689,2.629038,11.028172
11.086300,6.504155,3.367179,19.960392,4.302087,24.737726
15.741121,10.146593,9.026504,38.221523,9.233616,2.837463
41.324505,27.019226,13.466410,63.651344,16.090214,12.709455
6.614544,3.641122,3.227768,8.437918,2.464901,1.998474
22.766651,15.104214,20.586510,24.396034,6.830924,19.227200
41.813160,26.824419,21.873251,82.093338,25.081745,99.536942
30.094322,16.486952,12.163648,35.510357,9.878264,43.526730
38.293201,25.665560,11.160498,17.210176,4.511909,9.238709
15.913553,10.928180,5.748901,16.039248,4.570758,11.895523
50.889793,30.156212,30.434126,108.503044,29.236044,29.730038
34.852722,22.087101,38.127724,113.072563,33.626678,164.674942
23.523766,16.501978,7.474004,41.850803,11.032296,4.252653
13.358914,9.278666,4.402678,11.893452,2.934468,1.609990
19.641935,13.334147,5.331383,32.047043,9.299171,8.056680
41.691349,26.496092,14.599954,57.693211,14.364532,6.875165
9.051536,6.173518,5.451962,18.328506,5.067597,12.318619
8.573791,6.051813,3.691077,12.487953,3.640390,1.947723
8.924746,6.279945,4.896727,11.228141,2.782743,2.078321
15.982374,11.434873,5.038316,10.054832,2.724322,3.766724
7.179996,5.040399,2.532068,12.485058,1.807830,1.346181
23.939283,16.323473,7.330956,34.243668,8.720219,2.190563
8.508453,6.362878,3.279010,18.162531,4.073389,0.959975
11.249663,8.244761,12.025406,49.263557,12.365645,18.595917
35.356506,23.442972,11.098415,32.575199,8.620300,16.801279
22.190720,14.959613,13.710911,49.202187,14.049294,46.468277
8.646379,6.200401,1.673841,19.605911,4.171856,0.795353
30.117580,19.889196,10.566222,43.860088,8.649983,31.309698
14.395972,10.164643,24.853470,66.894394,18.575953,62.699654
15.722593,11.375672,4.718149,15.461914,3.149118,2.722909
53.827461,33.609283,38.110226,120.663414,33.035900,125.049324
32.127567,15.480977,24.597076,147.246017,37.919582,21.957829
35.459538,22.986958,16.159950,38.543774,9.721200,20.491352
12.367899,8.856237,3.329875,24.088940,5.645687,3.068905
10.644017,7.898461,3.653931,25.572077,7.205834,2.707217
11.140062,7.722148,4.574477,29.009302,6.256729,2.779355
31.262014,20.751780,10.774318,36.356087,8.324017,7.027378
25.032217,15.992051,27.453186,99.517555,30.239611,113.760796
38.153736,17.783747,12.699134,44.709774,11.610336,21.875402
34.547447,17.799816,12.364499,46.689003,11.737060,19.581394
27.091469,18.883839,7.254374,41.977531,9.833343,3.034302
24.998089,16.917917,7.294409,18.443174,4.270794,19.181211
19.382793,13.193831,5.993642,16.177902,3.709289,4.880486
22.466362,15.022999,11.501120,46.489010,12.042985,14.181738
23.765093,16.215466,6.743326,23.185955,5.015818,6.664650
29.190977,19.862858,7.761933,25.672817,5.944202,6.788558
30.573458,21.108309,10.700047,37.808311,10.914311,16.683081
17.497160,12.190214,9.079415,13.685722,2.628542,4.180338
11.540553,7.863017,3.630500,25.101650,6.401008,8.873871
10.698192,7.871677,3.899884,12.634553,2.992981,8.340688
6.754398,4.865931,3.019392,11.237540,3.503270,1.754716
13.514504,9.050909,5.658168,31.706079,8.752001,9.974049
9.521795,6.648325,6.830707,27.236380,8.269016,3.759549
17.552883,11.886236,15.361727,77.622490,18.945673,7.405482
10.704682,7.364861,3.853772,9.958676,3.008811,15.567495
10.218784,7.239535,10.781408,52.912949,11.310806,15.482435
40.541100,24.615959,18.477175,48.852936,14.938711,16.778372
8.189374,5.853989,2.485790,10.864945,1.876168,0.976985
18.388157,12.738005,6.236423,9.825644,2.277548,19.418736
19.702326,13.776499,9.827674,68.943024,19.822718,42.761154
58.749622,35.786865,27.689894,76.314949,17.604332,24.255884
17.123083,11.731702,5.785898,26.645082,8.057102,6.260261
22.199284,14.927967,5.711491,34.319962,9.452561,27.455008
20.760784,14.143229,6.309125,52.405991,12.523514,8.591446
33.367210,22.490465,10.009361,48.188560,13.476592,25.562214
9.406124,6.608203,6.674521,11.707603,2.628699,7.999403
52.202309,30.946358,38.280968,90.574623,27.568769,122.939087
14.075428,9.697305,6.319319,3.417387,0.930096,3.226618
12.913610,8.740313,5.509128,41.129871,10.649314,14.356386
21.057756,14.475691,4.982068,26.702566,4.715213,4.851295
9.888969,6.728425,2.462516,8.873005,1.777729,4.083075
69.594597,39.584164,37.429104,170.101974,52.441383,358.989014
12.560022,8.730330,3.455489,24.000214,8.096633,12.419783
25.210484,10.890653,15.412304,69.741890,19.556171,25.965477
24.331621,10.756320,14.855284,81.554359,20.662714,23.970169
6.119818,4.245602,2.942100,12.372574,3.497330,0.424202
6.941114,5.007087,2.336370,8.944311,3.298803,1.270826
26.740782,18.358463,9.231649,30.712280,8.524239,53.768787
34.730423,22.909483,9.226777,47.035164,11.427406,63.653507
13.358747,9.331993,4.227134,16.666571,2.767310,7.511030
18.875320,12.788180,5.244715,53.742493,11.842119,9.326474
15.671845,10.408789,15.063007,32.602150,9.175256,12.354855
14.528233,10.466028,4.942222,21.437149,4.357350,1.381840
33.668140,22.757906,10.986237,25.848419,7.005584,19.611977
19.048229,12.144683,45.061695,139.963760,33.097054,40.442112
9.331918,6.376408,4.629859,9.789175,2.539917,1.659034
10.590530,7.418816,2.121863,13.681705,4.098745,2.870722
27.689051,18.369881,17.625788,69.801285,16.666182,24.894527
8.810334,6.324895,3.394002,20.494926,6.018876,1.592543
30.292137,19.964050,10.382305,12.066281,2.403270,13.553292
15.825899,10.891345,4.580682,15.164049,4.661539,4.499055
17.374512,11.626232,5.035953,29.344351,7.672567,6.331606
27.710281,19.271271,9.537073,24.593880,6.208374,4.454265
15.317565,10.850003,5.649255,26.889332,7.118231,4.680921
15.531700,10.994081,3.682957,33.277916,7.985785,5.947756
17.140587,12.186337,11.276252,33.140327,8.402558,5.277923
23.410904,16.076366,13.236850,37.672390,11.327659,51.049465
14.769411,10.452577,4.965374,11.651102,3.770977,13.397923
5.590261,3.682490,5.341578,5.041853,1.438023,2.511264
10.535190,7.390821,3.744277,24.156490,5.006528,8.481709
13.603752,8.941669,22.150341,33.430763,9.159562,32.486557
39.336742,23.172422,17.280247,42.766701,10.978196,18.880072
26.857256,17.926821,9.267434,26.347315,8.063207,4.454229
10.969750,7.975644,2.517004,12.417794,4.439680,22.471954
12.552390,8.616921,3.611568,29.615812,7.578157,8.233076
18.934669,12.990378,7.994360,43.219635,9.863834,4.486902
27.372303,18.215237,13.979753,46.384975,10.899704,7.020625
26.032913,17.607887,8.372955,59.440441,17.137060,35.993225
6.936341,4.589118,2.885961,34.688419,8.576133,1.851406
29.134155,19.652655,9.688202,20.121571,5.076192,9.266506
36.926418,23.307892,21.901325,34.226818,8.738678,29.647879
41.657520,26.229891,18.870707,65.579567,16.508539,16.683199
11.760748,8.290469,3.950367,10.601806,3.532254,16.384008
6.341398,4.476297,1.685160,21.362198,6.306996,11.148940
19.459803,13.275007,7.929615,32.404762,9.440969,10.012856
11.817170,8.176066,2.962425,10.682662,2.539937,9.721526
26.242693,17.671686,13.914721,49.458096,13.480289,15.421998
26.765526,18.177498,9.270835,42.322792,10.724572,47.073437
8.881673,6.495280,3.137528,15.229190,3.797460,4.066936
22.794378,15.581734,6.794147,27.096527,6.190390,4.766920
12.015292,8.257371,9.775620,42.502041,12.395885,12.968352
38.336361,25.879242,12.814297,62.660419,16.591789,46.578609
20.753687,14.486230,9.237885,32.332176,8.405340,3.526211
9.317225,6.754311,2.416850,32.288311,8.299652,3.922913
10.320377,7.180730,3.685270,10.701130,2.573766,12.617359
7.198298,5.115646,5.738964,14.910288,3.192839,3.997004
23.649117,16.069120,15.439989,52.922665,17.872606,60.020428
18.679708,12.459287,8.908009,28.635298,9.882421,68.056343
44.258022,29.339592,16.266010,60.449905,14.913823,15.221637
7.238543,4.957553,2.744726,20.772486,4.576095,1.980272
9.991970,7.413409,4.118099,25.588741,6.701404,2.903646
15.403056,10.854759,7.015643,18.841936,6.334480,37.541012
20.018402,13.844465,10.784364,56.023540,15.733109,27.275019
7.838645,5.529850,2.908908,20.096584,4.869014,0.993443
19.272318,13.486688,10.116011,21.351505,5.576172,3.879184
5.501219,3.972043,7.234186,31.127613,9.003140,33.604675
40.207233,18.566126,14.866053,59.231800,15.703215,9.264611
36.363209,18.567978,14.333011,62.166183,14.939626,8.272223
17.176317,11.763754,12.410541,41.793659,11.125517,4.580812
5.021006,3.443530,3.229737,12.685443,3.094125,2.084634
30.082731,19.293806,15.741801,149.535141,37.947880,20.185923
16.411249,11.079006,6.287953,15.194775,2.598892,6.177247
24.461061,16.230680,13.208496,71.028336,17.158752,15.637691
8.373158,5.724474,2.668872,15.874349,5.446765,2.183733
33.458984,23.013359,16.570986,36.540905,10.621823,25.033535
6.954993,4.694119,5.427376,37.102844,10.199453,3.427167
27.652321,12.781905,11.179534,27.527380,6.839751,7.850093
4.694220,3.539577,2.506241,18.585331,4.258145,22.967546
6.020714,4.418925,3.345041,7.867583,1.599170,4.951806
20.314947,13.433159,16.173754,58.558754,14.944704,10.155981
27.000538,17.438684,24.492392,72.452560,19.342369,13.492054
11.450948,8.081287,5.127337,18.365284,5.403547,23.251369
7.556307,5.418170,2.702187,7.605607,2.813529,2.111497
22.691463,15.505334,7.347033,44.241131,9.900220,4.828821
14.449481,7.767739,3.718855,16.647476,4.972008,4.869952
55.519711,33.518925,12.980138,116.394485,30.548548,10.567855
13.596375,9.970171,3.954449,23.690754,6.686053,2.373785
4.687967,3.214735,3.232275,23.622692,7.316063,10.874251
9.968168,4.714274,3.201833,13.114551,5.052952,15.640657
19.489338,13.228833,5.590583,37.965462,11.370300,56.920605
33.120445,22.253397,10.993209,25.635500,6.818766,16.326595
16.359472,11.180353,5.072556,51.216782,13.681870,3.765788
16.960918,11.783706,4.242060,25.738831,6.161251,7.161612
13.683110,9.425897,4.316389,9.917034,1.674281,3.492831
11.841465,8.186251,4.723465,23.843616,5.086084,4.578139
8.606077,6.292560,3.298126,8.365033,2.352081,2.307804
26.685844,17.721298,14.092118,52.338093,13.577024,21.783733
41.631016,26.897108,10.296659,58.869709,12.873182,14.165071
30.144514,20.587017,10.730666,22.972973,8.102514,24.179604
14.040565,9.802406,10.607541,29.506321,9.732064,14.570291
22.783728,15.935321,6.776061,17.264942,3.081011,4.252988
25.894018,17.206591,10.275687,26.336740,5.145427,10.355038
14.618176,9.544699,11.728489,46.023289,15.203213,69.301826
14.591841,9.651741,4.403956,25.099173,5.485292,8.153864
9.377279,6.891429,3.512214,10.559570,3.137984,10.471297
25.339785,16.229563,15.779222,54.795364,15.863243,18.255981
10.607568,7.600475,7.080079,13.907250,4.978131,5.812627
29.283497,18.820942,10.668392,34.364300,9.498933,13.518816
60.558418,33.801102,44.900784,131.277802,33.394619,33.609035
22.807106,15.623838,11.154968,48.356373,11.464767,3.758714
4.245668,3.321280,1.764421,11.599163,2.410758,2.792449
21.544447,14.372344,7.488680,39.207191,11.345463,3.374814
18.167681,12.894300,8.319497,18.032915,4.702114,5.297510
28.559265,18.920240,14.332991,25.854824,5.040999,6.127230
36.744370,23.478149,16.648294,95.041794,23.858292,11.824786
15.004938,9.916903,6.080053,18.576204,6.012724,12.658274
35.073746,22.809269,14.348368,55.009327,10.227276,13.223853
4.734884,3.155067,2.017941,10.442760,3.356844,4.386590
25.329958,17.379404,10.967888,51.709618,14.726089,47.166470
24.621305,16.427217,6.308283,50.626419,13.244113,4.258852
8.730714,5.913025,4.335055,9.408667,3.873410,27.103600
75.919418,39.950325,70.846298,294.427155,87.914169,322.392212
42.204571,26.784487,19.537537,117.179413,32.252781,42.268326
6.351303,4.545792,2.403528,11.007307,1.850334,1.475206
18.099483,12.285069,6.440748,43.756172,10.138087,5.317873
11.258630,7.892361,4.213529,13.622089,3.931812,20.656206
38.009422,24.853268,9.244206,25.571993,7.553153,6.150249
10.770251,7.605158,5.624284,7.505791,1.861909,1.071309
38.171429,24.810072,9.632681,36.569675,11.122137,10.957377
19.184574,12.668938,8.682035,30.203825,7.371068,5.574614
20.400415,14.437052,8.541395,51.262333,15.580943,33.961926
36.329346,23.021669,38.943836,130.315811,37.494236,32.854351
21.041752,13.630281,25.214334,74.231689,19.741608,14.118864
17.800962,12.765882,17.082308,28.921629,6.815315,4.255513
11.205739,7.639735,4.251429,28.534552,7.762153,9.538575
8.072595,5.970621,2.896765,10.794891,1.095735,1.451322
39.826267,26.184147,10.559912,42.884872,9.798808,5.349736
16.385727,11.086630,20.557081,37.190117,8.605478,12.253972
10.802885,7.623877,3.967510,14.292356,3.927929,1.657098
25.324961,17.230783,6.156563,26.671955,8.667882,32.339798
12.699814,8.855592,7.967686,21.976236,5.969367,15.340649
10.408976,7.483125,2.896038,12.598819,2.299626,3.643348
7.279138,4.989558,3.157762,13.504815,4.214257,4.446916
7.164002,5.236338,4.207399,14.966030,3.091502,2.774582
9.316066,6.544837,3.425422,10.387277,2.333387,3.019265
6.568588,4.365296,3.410646,13.449264,3.574161,10.843815
6.875051,4.823992,3.684183,28.089569,7.377242,7.147695
37.645798,23.908516,19.099215,81.150269,18.411982,14.407084
22.219952,15.345825,8.838902,30.298592,6.614918,6.631286
25.811235,17.536640,15.185045,38.983665,10.524883,12.009055
37.472229,14.646342,21.375887,65.717232,16.980766,15.708262
7.979345,5.408391,2.716546,7.687126,2.618283,9.944888
22.498323,15.189655,7.933766,44.608257,10.380582,13.002133
14.869526,10.608301,4.312584,34.050972,8.647511,16.219393
8.333275,6.123429,3.679334,18.558895,6.293045,0.995564
8.649053,6.399048,3.278572,13.554389,4.041056,15.492826
19.575148,13.275909,7.394348,65.573387,19.947565,51.719334
14.719084,10.290615,4.486843,50.514748,14.493417,1.882139
20.459042,13.877311,8.923477,22.898781,6.494585,2.658691
21.079578,9.214157,8.409377,38.246872,10.159154,4.134401
19.349277,8.959021,8.227564,39.717125,9.602379,2.682732
20.144968,13.980630,6.064544,15.948657,4.159614,5.236588
16.184456,11.503172,7.367869,9.888978,1.788969,6.417091
38.280094,24.470842,45.512657,209.386749,56.877216,70.291077
14.781825,10.010121,5.761023,37.237701,9.029221,4.516663
12.865509,8.725349,2.900853,13.818369,3.118698,10.544135
21.547899,14.896019,15.154465,32.989788,7.748941,7.576244
8.966585,6.732436,2.547531,11.413852,1.215912,1.228889
10.103035,7.283927,3.669903,18.691891,5.155137,5.784678
17.829679,12.082760,7.322934,19.415157,5.307862,11.238933
14.837144,10.491953,5.765402,29.938240,8.045752,4.120019
10.561173,7.632299,3.558075,22.746231,7.238765,16.165733
9.199820,6.389704,2.655922,21.298635,4.777073,4.928530
38.632065,26.304308,14.022646,15.623028,3.350203,7.705117
29.265665,19.386740,13.328243,44.588100,13.347323,54.667263
13.514297,8.975265,23.152363,46.837448,12.204349,23.454517
11.133186,7.532812,9.538673,17.217546,4.501628,11.869664
6.696004,5.008035,2.416664,11.688431,3.691385,0.081037
10.613510,7.222122,2.482286,17.259422,4.661181,17.792860
57.392960,29.426922,72.259377,277.566010,79.309006,140.973282
11.416552,8.401648,5.030250,9.901745,4.087760,22.342592
19.201216,12.919218,11.852497,35.357925,8.316100,39.545029
22.211922,15.034598,9.540940,51.639740,12.467772,10.826556
27.863831,18.758797,10.663308,32.634338,8.783267,7.009601
8.502615,6.158411,3.347187,5.505364,1.710044,0.714589
27.063740,18.080332,11.193914,37.595589,8.115825,7.930215
19.903473,12.870001,16.415575,51.054558,14.171223,68.087265
12.147840,8.413183,4.830433,17.954893,4.637113,2.542159
14.453475,9.967188,4.784133,10.248021,3.401941,43.153625
39.832493,17.577061,20.487902,134.758820,34.479572,37.878788
8.812914,6.250255,3.275087,37.461617,10.128984,7.021339
14.948545,9.941757,21.094147,128.533768,35.612801,33.301636
15.613743,10.537460,10.735300,36.055058,9.756021,44.336277
21.922735,15.461075,7.532285,29.930866,7.855561,49.264950
22.127594,15.236859,9.218623,65.618690,18.986591,11.845163
9.918736,6.765696,2.421623,14.196870,4.264726,3.358154
9.527538,6.774991,3.638041,11.856016,3.406142,1.530985
6.518174,4.778210,3.162222,11.596973,2.439541,4.135699
16.435535,11.393603,15.172451,44.616440,9.705039,6.172045
20.387163,14.084071,6.403202,27.901966,7.104892,1.908594
22.500242,15.557939,11.863203,45.140377,12.995302,33.243378
14.356631,9.613620,18.529102,39.747501,12.106763,15.774881
52.123466,30.936443,23.341467,70.786896,15.825607,9.303115
8.784684,6.220246,3.035804,6.296487,1.142943,5.836774
22.413530,15.333384,7.336338,48.037876,13.211436,5.572630
24.906052,16.885746,8.145164,35.010143,8.192048,13.461226
7.197206,4.980760,5.124407,45.879810,10.661696,7.684127
8.240506,5.767239,3.148505,15.089773,4.630695,9.541800
21.912077,14.768662,7.371172,35.119637,10.422294,5.634668
22.402342,15.169216,7.103890,22.397751,6.464216,27.099472
8.714108,6.132210,2.059166,11.918965,1.834622,5.277170
23.183475,15.123141,28.930107,63.701496,17.603210,37.815525
14.639205,10.469589,9.337125,34.521786,10.574763,34.594143
26.765743,18.249392,11.735790,37.706039,10.476584,20.943218
23.111685,14.889825,16.467649,59.902153,15.573749,8.358142
24.468620,15.881706,26.596098,28.906490,11.389798,18.464277
8.683974,6.116112,2.069968,25.674274,6.536749,9.866951
5.701648,4.272990,3.550543,2.516107,0.185936,9.618453
14.607124,9.765963,10.742486,176.489197,50.101933,12.178524
6.387878,4.339147,6.138372,24.093260,6.208085,2.219796
10.163069,7.220195,5.195977,18.045073,4.576347,5.302377
12.716986,8.828444,4.084755,11.129608,1.918435,7.572545
8.813381,5.830211,3.338037,12.561225,2.759738,2.221106
15.958352,10.781335,4.973666,18.109112,5.929704,16.010801
13.445518,9.470832,4.067631,15.337570,4.439584,43.740208
7.169877,4.898777,2.511776,10.384382,2.758808,3.276870
69.432655,42.040989,30.657047,53.895203,11.642639,15.926281
23.280710,15.603416,4.675076,17.263456,4.088267,5.515133
22.068680,14.917459,6.753417,22.629374,5.044466,7.171659
16.387905,11.166217,20.840700,57.334503,13.718053,11.166595
15.061579,10.474969,6.066484,13.680530,3.427617,2.873403
12.653740,9.092535,4.127877,22.870289,5.374870,12.026956
52.920307,31.072317,23.015659,109.698143,31.357019,65.432014
67.729996,39.251968,25.001680,76.940292,20.791729,63.675842
6.979257,5.144189,3.358232,42.612278,10.692989,2.969609
13.018469,9.221891,5.857306,14.165977,3.427749,2.760100
18.495487,12.397063,6.669527,17.513351,5.456656,17.449926
23.512829,16.177618,23.179602,72.687347,20.704441,51.772671
20.339609,14.177881,6.396222,15.616920,3.768561,2.235300
9.024442,6.508301,3.014166,9.279272,1.947981,16.784502
19.623060,8.355890,11.250011,59.803070,17.208134,17.428194
19.540773,8.321859,11.539678,60.598713,17.276274,17.116087
36.025398,23.396698,36.028214,126.352356,35.047409,55.301029
19.135485,12.852615,6.853309,17.844986,4.054357,3.440421
52.112495,31.135197,22.045931,52.913502,11.842026,16.923466
9.827975,6.926466,3.559072,16.817310,4.654771,1.320750
27.678751,18.885675,8.678134,21.949409,5.766118,5.357025
43.258297,27.575092,17.243618,46.021591,10.160037,16.998539
15.617928,11.082535,3.028819,26.166895,7.485999,3.830429
17.167133,11.393368,22.842733,94.281670,25.695404,65.709015
10.267108,7.105704,3.633896,17.853994,4.995808,12.289547
16.900444,11.379241,13.462260,54.024845,13.388002,9.329092
21.374531,11.931372,11.933230,44.842625,9.897593,41.420235
30.142223,19.857246,10.069682,73.700836,20.068178,6.666137
21.106062,14.272815,7.767813,39.290703,10.866962,24.237005
21.937712,15.423459,6.890156,15.470735,3.962891,5.475610
20.376537,13.748900,9.178015,86.326714,24.619110,4.793736
29.672449,20.272081,10.512961,38.832466,11.064361,46.916489
35.945259,22.946754,12.749201,46.628773,10.223391,5.818531
19.911623,14.260466,6.126750,10.884353,2.163841,3.042665
11.435635,8.444287,4.541988,12.259002,2.549384,3.155592
22.620142,15.815910,8.676533,25.570522,7.982610,42.253315
32.800060,21.800690,13.870115,59.780548,17.551945,67.413849
14.137753,9.769064,3.786896,50.930794,14.633325,2.575590
7.771585,5.051102,1.625181,9.725551,2.835756,9.904194
9.832139,6.886140,3.880225,59.712559,16.712040,4.246383
22.223160,14.824733,8.580466,40.932049,11.273638,7.792514
9.883718,6.940489,4.856974,32.407387,7.864937,20.265253
27.187475,18.442926,15.260297,36.993828,11.509706,44.170643
28.952810,18.415545,23.690145,58.643047,17.027918,115.662094
18.535181,12.798298,4.770756,25.657694,6.030137,5.484178
11.312085,7.973680,7.641747,13.242527,2.087174,4.934982
10.194264,6.918604,3.078604,19.747667,4.335241,3.853078
33.455967,21.603046,8.901807,39.549641,9.127812,18.152014
35.987785,22.894468,22.234184,65.069023,20.838867,30.421043
49.702339,30.247030,44.169796,107.350731,31.805433,138.788452
8.428116,6.040204,2.100390,13.291080,5.258890,9.578650
8.674096,5.945991,5.319312,11.269134,2.600448,2.228157
20.655514,14.589723,8.674533,17.644796,3.556325,2.686404
12.245340,8.526808,6.294020,10.790961,2.824939,5.628605
15.473659,10.418616,10.063782,20.340330,6.375185,17.515495
21.405716,14.981780,6.646964,21.016033,5.899710,8.701016
7.743922,5.212996,3.651532,29.059620,9.410381,22.179977
18.345310,12.135469,15.277904,43.130745,12.096938,27.021828
9.297801,5.181859,4.232224,16.171774,3.067906,6.165038
11.415796,7.350834,5.926704,20.901684,4.997154,22.027925
14.860676,10.001176,5.364931,14.845033,2.699720,2.176422
16.174553,11.234517,4.871478,8.838356,2.694447,5.097383
23.662159,16.105762,9.948144,60.258018,16.373981,35.536953
4.828374,3.685401,1.824054,20.656523,6.942410,13.536161
17.882317,12.415468,5.616557,14.784669,4.574816,8.395346
11.129327,7.894485,3.936639,11.354153,3.354541,3.555182
4.018464,3.138332,1.834394,13.145836,3.064549,1.052657
13.085626,9.446959,6.131084,14.370436,3.594503,3.607895
23.982145,10.574852,8.858270,25.231001,7.244497,7.282483
23.538540,10.551492,8.814317,26.129223,6.611975,6.073405
13.996972,9.511281,5.465604,6.655220,2.015728,2.337133
6.746051,4.819334,1.895836,81.279060,25.497921,4.749036
45.326153,29.497084,17.474188,29.672382,8.559327,44.265896
26.859106,17.713882,16.461277,38.506813,7.223171,10.352439
10.769236,7.818025,3.690208,18.854673,4.065291,1.830156
8.659842,6.278703,10.875789,31.742237,9.370397,53.489094
11.872855,8.292108,3.611710,36.532757,10.515181,7.258505
37.537689,23.968763,19.345142,106.906799,28.439394,9.779361
21.263685,14.633855,4.469210,27.967911,6.773370,40.372471
20.216099,13.908232,5.826583,26.689413,4.935738,5.780875
4.396252,3.178154,2.709691,4.462728,2.144609,12.552991
15.987761,10.762831,4.742099,26.553654,7.624147,20.801338
6.403128,4.547501,3.528364,8.858964,2.882005,2.184083
11.206763,7.564919,3.513592,13.245057,3.474148,5.419267
28.077272,19.576075,9.055755,16.915789,4.643963,7.226449
16.541836,11.031603,4.882690,6.040666,0.338310,2.792843
5.336955,3.721228,2.544526,11.096505,3.021688,7.663934
38.181740,25.806925,18.753439,44.756809,14.649760,75.005272
12.373405,8.433521,2.972234,9.946484,3.686181,2.276166
9.201242,6.601527,3.530901,11.634972,2.913845,2.064826
6.609640,4.457697,1.849314,9.776948,2.852403,6.196379
18.821505,12.654236,8.263723,24.675484,4.712069,3.386593
24.666346,16.139265,8.610415,21.893402,6.655847,11.631384
34.964081,23.888819,10.408400,46.262386,12.264790,14.295633
6.479265,4.539042,2.349154,11.118949,3.307998,8.702971
29.214071,19.831085,9.644847,55.363934,13.406489,3.876599
31.177526,20.567846,11.388881,49.112652,12.120328,18.716904
13.494442,9.151426,4.483107,18.734835,5.135110,7.997642
19.814501,13.647389,4.986387,21.989660,5.555992,7.195015
12.189664,8.323579,4.638191,17.959368,4.667559,12.205620
29.293369,18.630421,20.222872,48.586628,14.305905,59.835171
7.519553,5.591827,6.125573,27.910685,7.679778,10.491660
5.872012,4.023304,1.722589,8.609982,2.338035,3.753840
13.180293,9.361381,4.211390,14.537544,3.365987,24.326630
26.236467,17.804171,14.059086,76.658409,23.253130,74.882309
12.820901,8.943381,27.973684,85.395271,22.261673,74.345428
17.246763,12.309195,9.309716,24.577484,6.772694,4.428394
12.426121,8.701927,4.908326,13.857377,3.098598,3.008280
7.219861,4.833320,6.102818,16.662172,5.143690,36.477810
25.162624,16.891523,15.915109,91.542297,23.262188,57.867886
8.019706,5.686840,3.935694,23.996500,5.725777,3.219752
16.043499,11.598150,5.615207,9.008092,2.297477,3.104009
30.992027,20.529295,10.569756,24.709826,6.014334,3.459540
4.080339,3.231558,1.294968,7.636850,1.889136,3.807195
24.424255,16.916737,7.423769,26.038336,6.384114,2.972484
33.200825,22.529535,7.712258,61.106319,15.478699,10.513451
22.701797,15.966626,8.227662,18.848036,2.995349,16.905228
29.609158,14.823801,12.334500,24.832914,4.476717,6.708230
31.100201,15.140591,13.384215,30.248926,5.589401,6.145539
29.784929,19.667971,18.765657,59.206440,16.495007,19.020008
25.607965,17.649857,15.588585,20.410618,4.736915,5.327099
15.981037,11.027900,6.883873,27.878698,9.291749,4.566256
57.934814,35.166275,21.300686,80.160721,21.895004,63.913891
24.301205,15.326680,9.234881,35.922085,8.308590,7.738321
13.375879,6.901453,9.212356,35.984035,8.593919,6.272373
39.219070,25.740543,11.668765,21.964752,5.305884,13.128420
10.493443,7.211558,6.078578,21.230291,5.456771,6.387178
6.812902,4.736291,2.106866,21.491726,5.196438,8.526824
16.552011,11.250251,5.021193,47.266037,13.249422,51.678066
18.202471,12.508310,4.505025,19.849062,6.175737,7.339060
11.206175,7.681203,3.969516,10.931843,3.271861,3.124760
21.451246,14.476891,8.001847,64.327759,16.682198,8.049774
8.916068,6.521040,3.877617,10.772292,3.812794,2.126260
8.742764,6.495695,4.761045,26.524618,6.655537,4.255928
11.238091,7.963590,2.459285,7.041961,1.332729,2.559602
28.802336,17.220354,49.001358,124.661621,34.535515,94.964706
25.385782,17.450754,8.748297,31.828939,9.813883,5.480140
24.523279,16.269844,6.949685,35.068722,9.739970,6.346962
20.965349,14.153724,9.760095,26.050005,6.719980,35.041565
15.253821,10.192338,5.014131,21.666790,4.732903,5.447456
11.322361,7.978547,3.947004,10.298635,1.941351,1.663656
8.553068,5.906113,3.784480,15.345154,3.870211,2.755761
14.790318,10.472181,4.400515,12.779415,2.639895,1.262015
7.992218,5.373405,8.815552,50.587532,14.486520,25.916767
34.995346,23.266275,13.339989,38.179035,11.264524,7.083783
21.428188,14.723006,6.607485,14.166059,4.857604,40.270676
12.230332,8.708892,2.763052,17.650007,3.738289,0.718843
30.181030,18.977940,17.437277,95.631897,26.925505,18.121408
4.437182,3.125566,1.620860,12.412479,3.228956,6.488638
37.580070,24.151199,29.184887,93.121941,23.382092,42.840511
24.741280,17.005138,7.316226,41.453243,9.757635,5.441099
12.611412,9.030435,4.133252,22.116072,5.403087,2.242848
12.150422,8.698050,3.945356,20.069485,3.797754,3.468568
13.855699,9.594715,4.717742,35.504700,10.889713,36.312408
21.470804,14.555723,7.387153,36.374847,8.894242,24.126881
17.651087,9.130421,6.381766,17.447868,4.457859,6.162259
17.050915,10.011290,6.338875,21.416330,4.799335,11.529902
5.361171,3.914989,2.947392,15.169440,4.955683,7.507420
14.118648,9.804670,4.405803,9.470798,3.220394,3.258253
19.147390,12.417801,8.491560,51.225010,13.029834,18.979069
14.341580,9.977815,5.367026,20.445137,4.385063,2.175473
7.403482,5.432787,2.838551,11.997300,2.989852,3.127991
9.837280,6.664921,3.999267,4.428547,0.365860,2.691730
25.748941,17.296925,13.454641,48.586746,14.052541,10.880460
6.341401,4.514221,2.622890,10.216002,1.820750,1.021229
12.179355,8.705876,4.675430,8.845044,2.518541,9.045982
12.091168,8.755051,5.109980,12.313931,3.237061,19.843100
9.577363,6.472951,2.725687,12.216176,3.138662,4.171596
9.003541,6.135678,2.700079,7.778699,2.008746,2.198357
7.422275,5.385872,4.000205,12.025352,3.046939,6.698271
15.948057,10.496861,5.309731,28.363762,8.002698,7.306012
34.368397,23.192129,12.220760,42.264011,11.279372,10.334861
17.535942,11.865966,8.833034,10.605963,2.520016,4.478007
14.319242,10.086269,5.937297,11.806884,2.858056,3.283026
18.196281,12.781900,6.274690,18.067638,5.457590,18.958912
5.414203,3.795491,3.077448,11.257810,1.878488,0.456731
19.005903,13.424490,7.454724,28.984718,8.687855,9.647290
35.789650,24.139069,71.327332,127.381401,46.403107,215.011490
7.953477,5.889916,2.931438,15.030304,4.496912,7.440529
11.008600,7.357887,3.829150,15.735526,3.714221,2.028827
18.818180,12.949004,5.864240,21.033461,7.610746,24.858936
19.250566,13.450706,5.129317,21.627096,6.362634,26.376287
36.119522,23.841305,9.060132,61.755722,17.259502,8.072723
32.302372,21.894598,17.126532,23.401854,5.861921,32.616283
32.040039,18.122431,16.523136,74.098610,19.801220,8.831612
23.668062,16.413263,7.316839,30.989805,8.836669,7.709620
29.780355,20.075031,9.916986,66.132919,17.268576,5.334734
11.206648,8.296638,4.046873,4.064465,0.923485,2.772059
13.951887,9.707532,4.942599,11.504571,2.370477,3.040903
10.226988,7.279428,2.991772,30.818724,6.270417,3.389525
22.380680,15.683520,8.878739,56.523888,12.931803,8.662590
12.867772,9.309583,4.903127,14.812542,4.619874,11.305330
11.464651,8.256413,3.825016,19.845123,3.748897,3.113930
40.755440,27.406805,13.905991,40.047447,10.910446,14.805157
9.544888,6.540792,4.160057,13.733451,4.359266,2.560393
18.156820,12.663504,8.238390,26.630678,7.975420,23.937429
17.857042,12.387589,15.078016,53.610844,14.215382,16.514206
17.288626,11.590147,9.348863,54.196178,16.602009,29.341627
7.240636,5.377474,3.485181,9.598806,3.174258,1.734611
52.962147,32.528847,44.935585,244.847916,55.933701,29.286478
12.632204,8.762209,5.161052,10.791965,3.814751,3.279501
15.652936,10.356478,4.394793,22.485756,5.066261,14.116988
24.734718,16.518637,25.128944,120.488144,25.124054,10.919402
37.477833,25.298925,11.541864,37.166630,9.956925,7.742149
10.579268,7.175721,4.932940,8.324744,1.911348,6.384133
29.364847,19.841785,26.478022,113.937851,32.330807,138.485458
23.107927,15.927289,9.049165,27.641520,7.902284,24.920017
21.112080,13.798642,6.300363,37.699169,9.444880,19.766134
5.142085,3.972315,4.517240,9.339442,3.592206,1.264924
15.368362,10.969133,5.203865,10.655403,2.199175,2.099144
30.392246,14.744444,11.543711,33.912491,9.174500,7.797309
12.179195,8.253019,3.226430,37.387775,9.973013,13.147045
12.339149,9.002028,5.321050,12.606677,3.185122,6.602186
8.742535,6.428646,3.177041,7.898595,1.932204,0.247817
39.558872,24.428303,23.812382,85.534836,24.065504,45.459152
25.059923,17.021111,12.065106,24.640444,5.815915,25.567923
7.424714,5.366131,3.479295,9.078019,2.598010,2.185972
18.090492,12.748563,6.047987,11.302460,2.846398,6.969578
8.224857,5.724732,3.334625,10.754975,3.324218,4.733069
4.953891,3.439748,3.193364,10.963894,2.900024,2.103113
6.231971,4.470773,3.170207,7.411614,2.001632,2.512645
33.485641,22.260452,16.841372,34.889233,11.413152,58.384472
33.621639,22.860468,9.910364,39.303520,10.386193,6.266506
20.148130,13.789245,9.047173,44.121555,13.541800,59.202248
21.486380,14.739090,15.005512,47.449326,11.411744,5.695551
8.669837,5.952070,3.586749,17.189529,5.957006,9.019838
25.509163,17.676592,7.062209,40.921528,11.257853,14.184987
42.942261,26.694799,52.677422,222.340775,64.391220,268.831635
26.758585,18.145082,11.308034,27.603291,7.713521,43.654358
39.409683,26.638781,20.696575,101.363655,26.948685,34.592804
19.839788,13.603092,6.323123,50.984978,12.356471,2.979712
55.005577,33.239655,25.717663,54.687611,13.094460,24.609266
10.246322,6.975968,5.004665,26.613079,8.108301,19.896475
55.754192,27.880720,34.313557,95.932152,28.221697,100.674255
35.391811,20.492886,16.034170,35.624813,9.585210,7.507658
37.250843,23.030302,16.581320,68.767670,17.536633,14.375070
19.782675,13.338625,6.032440,18.042658,4.977024,5.759161
27.424706,18.696423,8.248930,34.848221,9.924293,15.722772
10.545789,7.298092,4.158966,11.561329,3.048323,2.526845
7.752965,5.224277,3.502286,2.711316,0.673156,1.259798
7.573167,5.523139,3.540502,19.435650,5.614845,1.099522
7.327819,5.180581,2.892340,13.126270,3.432515,9.672429
35.113220,18.660091,13.185736,26.415466,6.690772,17.218304
30.759941,18.735535,13.001635,28.527458,6.449244,16.493013
23.105133,15.711946,8.463634,28.051205,8.094461,13.129844
24.508186,16.886652,7.299311,14.165737,3.479938,5.051211
20.109396,13.747692,5.141295,24.054150,7.603322,4.445037
6.268211,4.745436,2.978489,12.781366,2.229557,4.452557
21.620548,14.095726,8.248195,34.674294,9.016850,5.933569
26.436049,15.450676,21.938103,92.090530,21.717031,25.538515
16.383648,10.891981,6.259813,50.228214,11.409406,3.696186
18.843828,13.239126,7.550663,18.952007,4.985213,3.308282
31.358536,20.623425,15.702972,39.446484,9.913936,13.124266
42.481716,25.650974,21.925493,52.211308,14.169368,75.266022
41.223122,26.789188,9.968342,41.332878,8.811982,10.174357
11.732876,7.833545,7.776287,29.815554,8.542752,40.915791
23.593668,16.087326,8.172021,22.017996,5.629536,2.419206
11.716127,8.239924,3.355401,11.041203,2.624706,4.365533
44.207043,26.389887,32.982674,127.073540,31.673494,70.551582
7.458652,4.972009,3.127674,16.464870,3.754557,1.624486
31.661350,20.912762,9.070803,46.381020,12.659615,7.837387
74.954834,43.331585,23.287962,57.982143,15.856721,14.877363
4.710450,3.157167,2.310844,23.980904,5.445458,3.904169
13.484976,9.623190,6.461465,13.031031,3.101047,11.724515
7.470764,5.204775,2.987096,15.628502,4.809376,2.522235
38.345776,25.262646,12.075228,44.761925,9.652029,4.632658
18.506859,13.115144,8.129973,39.888279,9.349243,4.277292
4.833669,3.848623,1.865179,17.763893,5.451085,19.811651
25.558760,16.859009,13.541129,57.484940,13.852507,29.632505
22.469858,15.389361,15.638344,137.402359,34.584702,30.462599
27.853315,17.946068,16.814585,42.424725,11.421975,21.106634
15.617511,10.804201,25.586117,96.967590,31.613752,27.129524
28.510342,19.323460,17.142660,81.934181,22.809963,63.276402
13.201972,9.022871,5.329211,50.075733,12.165049,4.141459
24.839945,15.808631,28.685333,85.520073,26.502346,99.785248
16.631453,11.730263,5.625279,24.021107,6.082010,20.992887
19.338001,13.582867,26.097517,65.626732,18.602251,22.601368
6.229735,4.735273,3.316854,11.889113,2.411829,3.350589
7.964386,5.864352,4.262020,26.790159,6.913476,3.016271
21.900625,14.268208,12.652152,84.718658,21.963404,48.111889
10.757430,7.782807,1.902453,26.172934,8.123839,2.025309
5.962739,4.363712,1.200826,8.355497,2.125821,1.715986
7.594388,5.492385,4.365967,17.397198,5.027843,2.737220
20.945589,14.060651,7.154985,12.863585,3.452288,1.501931
31.519611,20.971392,11.931067,26.949350,6.976930,7.670148
39.823891,19.324640,11.674682,53.982899,12.814603,13.751891
38.577404,24.891441,12.135570,37.620560,10.127762,8.596780
8.908737,6.499928,3.893761,18.455444,4.248066,2.149702
23.512468,15.985446,15.631617,30.234339,9.022124,30.029192
16.761982,11.214807,9.812419,31.457624,7.397301,6.265372
41.542198,26.090172,30.975796,88.941101,26.456188,52.168621
28.645681,19.019211,9.602706,16.517292,4.602331,4.690495
18.247177,12.534505,6.196865,29.600178,9.099598,29.615242
26.901253,18.176023,9.095233,30.143833,8.861958,11.368815
6.363953,4.607563,3.502883,7.356091,1.567278,2.693820
7.282442,5.152776,1.613324,14.346462,3.415345,10.930314
11.983943,8.628717,2.572098,17.516792,4.929415,5.333734
7.851648,5.674922,3.573156,16.351471,4.089699,5.101621
8.635227,6.438065,2.437027,26.783688,6.899384,2.601448
17.086615,11.847190,6.447225,14.530114,3.913525,2.888995
16.449085,11.847300,8.981273,14.952495,3.593797,15.918439
31.230091,21.152113,12.506781,70.251038,20.685757,80.202477
11.098976,7.871361,8.718786,16.582174,6.968404,36.156921
12.814579,9.002179,2.967172,33.992756,9.768533,3.010736
14.310474,10.477201,4.071639,10.864434,2.726732,2.679341
29.605122,19.921881,8.639803,35.989273,7.667353,5.732111
53.458542,29.144690,18.167608,45.829544,13.367921,26.000227
20.701588,13.375657,18.081293,65.195587,20.259260,100.645523
10.423923,7.541824,3.807081,18.441713,3.494875,4.396319
5.751223,4.048671,2.831347,8.109067,1.675315,0.828837
21.410906,14.717344,5.865569,41.114929,11.617682,35.206833
13.170907,9.162003,14.930188,79.795906,21.869734,26.449594
17.716915,11.632856,13.567360,62.263779,14.428368,18.818644
24.564476,16.915466,9.484129,39.078884,7.553630,6.973542
14.932349,10.678744,5.857944,10.991153,3.152417,14.530808
17.664942,12.148668,5.276950,17.799025,4.219603,4.113404
33.458649,22.297049,15.983912,94.055695,25.390095,46.681072
25.576735,17.209270,21.326118,51.551483,13.890942,69.833595
21.081022,11.915431,6.586006,52.349880,13.634585,12.407662
32.392872,20.659323,27.004337,61.043343,16.139433,91.454239
4.825745,3.575479,3.553674,25.539984,7.176437,5.695993
18.563341,12.649224,6.287286,35.017124,10.173697,4.156259
12.760583,8.381618,3.657243,27.878187,8.291245,5.142107
23.652821,15.919683,34.615597,96.448837,30.638618,92.099358
12.348598,8.746346,4.088709,19.060516,6.229039,3.774605
62.451767,34.160728,107.891045,288.253967,87.886314,529.916992
22.194363,14.507957,9.035781,30.191566,8.776083,45.197197
5.918610,4.093785,2.881901,8.538523,3.869861,12.600351
46.874050,29.061378,37.459377,100.024208,28.182528,176.373978
9.231410,6.286843,3.432587,26.469744,7.882572,35.206009
24.579296,17.103424,7.217297,35.164837,10.866926,45.700905
9.300071,6.633114,3.062119,6.829586,3.409558,3.953829
22.695621,15.511554,8.706761,26.093596,7.021362,8.980708
7.319599,5.544084,2.474344,13.555804,5.086142,5.835956
17.018356,11.964832,6.061906,10.225268,1.792496,5.039734
12.422657,8.748791,5.157303,56.267593,14.412161,3.357332
8.898143,6.053729,2.934870,30.258801,7.860213,4.528510
18.422951,12.660032,6.016551,21.803528,5.583342,3.354420
17.166647,11.446986,13.822153,67.666756,17.604115,33.715515
8.911490,6.121032,2.072738,26.414810,6.446084,7.483603
26.286116,16.522711,27.964008,55.397877,13.800999,76.247162
42.605343,26.610485,28.073095,86.631699,21.289995,53.653664
12.232980,8.487357,3.041818,9.401846,2.110702,1.306782
25.892220,17.288698,10.055063,34.786564,9.688106,28.811003
14.809412,7.822292,4.799829,25.727272,5.456224,3.511676
15.294891,7.941220,5.286153,28.550880,6.368953,3.480918
18.118876,11.930532,11.985578,73.285378,19.602032,45.030926
10.807939,7.196685,3.141798,28.359108,7.518688,2.883330
18.533112,12.203494,9.832973,65.776627,18.517483,16.035480
12.308972,8.748495,6.885775,22.646091,4.958990,6.029836
12.175977,8.602660,3.433975,14.630462,2.838465,5.012783
26.132019,18.070887,9.688079,31.202564,9.285351,47.034344
30.784952,19.687019,6.263813,34.754818,9.409090,26.149075
5.504368,3.815506,2.484473,8.864926,1.702142,2.417897
27.713545,18.641182,7.004594,34.553562,8.522967,26.569101
9.002513,6.023135,3.225743,19.214420,5.577841,7.880129
6.554609,4.658554,3.846230,28.848507,8.394299,2.008135
11.841976,8.173501,4.273930,11.747520,3.130401,1.042937
28.197811,17.680111,5.606520,66.905182,15.507590,18.822624
5.969697,4.271156,3.136389,15.091886,4.334117,1.467650
16.962101,11.904147,12.425216,26.592852,6.629501,11.583820
7.486252,5.356944,3.052287,10.839725,3.730266,1.847466
22.993181,15.939795,8.743758,74.510277,20.857370,8.167093
11.644231,7.858494,5.989091,27.615854,6.612707,3.918074
38.688694,25.327360,11.160707,13.029666,3.199849,12.688472
40.854439,25.698374,14.973497,53.993839,14.748286,21.825466
29.711155,20.119816,10.266303,19.563850,6.368193,60.336105
21.997023,14.578266,7.536501,44.657894,12.123059,4.432720
19.917192,13.503875,10.189362,27.157425,6.924323,6.267565
11.304152,7.705337,12.657469,51.105812,15.970809,5.204191
5.374008,3.788592,2.730304,6.926778,2.075256,5.511777
38.926083,24.287262,43.712658,213.387787,56.773743,56.405636
31.323198,21.596498,10.062777,56.544239,15.555587,12.705598
21.104824,14.506781,4.581889,22.989809,5.926789,23.715342
36.975655,24.327620,9.784701,47.382038,11.038435,6.063700
8.150987,5.705225,2.275475,13.321456,3.384537,0.151515
11.234792,8.196717,3.239993,10.535404,1.257863,2.380313
19.967072,12.770003,18.866966,93.583679,24.899637,66.391724
45.107521,28.413506,14.131594,29.153297,6.923342,9.497453
25.553873,17.533213,7.152546,61.207981,14.553761,4.798223
68.442764,39.520107,28.157913,99.304039,28.594646,39.634430
7.854284,5.634589,4.255971,8.831079,3.057899,14.262332
23.783007,16.330032,9.318714,31.389687,8.079612,7.672025
9.111876,6.289818,3.015445,24.877863,6.872075,21.279716
11.973923,8.216927,7.289029,31.643133,9.629994,22.794109
14.676473,9.881228,7.953743,10.521966,2.861115,1.931709
49.418388,24.671278,17.548792,39.968834,8.226068,12.085066
17.160265,11.348265,4.150719,15.249604,4.167685,4.363200
63.950172,33.476318,49.774555,174.032166,49.789146,203.817078
46.952351,28.566956,22.333803,46.723770,11.750519,33.356503
22.134186,9.211858,11.744408,38.099106,7.689274,14.022607
15.386228,10.421121,4.295657,12.444213,3.596478,3.886097
22.409779,15.070989,7.576888,28.641222,7.128694,3.017199
27.668299,18.100935,9.817450,23.301943,6.113865,8.386689
14.645004,9.586233,5.059062,13.222859,2.486846,2.957980
9.274778,6.289479,4.378270,11.522388,3.015862,12.738787
23.608479,15.942337,10.420169,58.009705,16.590790,7.561359
53.004604,29.641750,30.203445,133.373749,31.757004,22.419281
21.577419,14.478820,14.111245,103.244637,30.346357,21.343119
21.197388,14.553503,14.094929,41.841446,9.522015,24.468941
30.659140,19.849903,10.577904,45.836029,13.593542,46.206699
18.820520,13.002008,3.668757,23.377085,4.950592,7.389453
15.689774,10.694127,12.563640,17.803268,5.424906,3.203869
18.682772,12.209892,13.989230,53.283783,15.328131,68.172241
21.042044,14.790100,7.903529,32.256729,9.570529,6.713965
7.279055,5.111229,3.020875,13.472080,3.337133,4.895222
24.027714,16.734003,7.725789,20.602110,3.928810,5.199106
35.545856,23.625376,10.797099,75.678978,16.669844,5.496146
25.700127,17.646690,7.019929,26.644802,6.770537,8.428584
10.734607,7.304575,3.681632,44.250553,11.820170,10.475334
10.393406,7.604280,3.844572,13.444469,2.589651,0.702779
34.467937,22.312845,11.500758,18.255047,3.969693,3.977367
33.211922,22.486019,10.253020,17.574028,3.947145,3.460736
12.691467,8.932920,4.177930,19.501993,4.642469,3.772620
22.935183,16.049257,9.687423,54.807293,15.031564,7.867362
9.392181,6.339585,2.111698,15.404209,3.837493,2.608753
42.229008,28.066216,15.726494,42.745293,11.039009,11.233649
25.900040,18.008963,9.549095,25.495171,7.394241,10.071852
35.010487,22.732254,10.694942,48.455791,11.751586,7.064996
11.086902,7.523166,4.140282,36.719547,11.381373,3.288584
39.118916,25.498997,13.294387,47.574345,13.096427,6.673827
27.860252,18.612568,7.405044,27.919559,6.725738,37.080353
20.294863,14.095730,7.146668,33.793022,9.049214,10.819341
10.278025,7.443466,4.242415,12.003125,3.967578,29.723366
27.244732,17.732178,10.537176,57.888542,13.801095,5.843311
15.319180,10.864364,3.540036,25.129711,6.492943,2.490644
10.570272,7.483162,4.752440,42.318844,12.248229,1.759393
10.047482,7.146650,12.412445,66.378937,19.695662,4.433522
34.242798,21.511209,13.537971,74.828049,18.094326,11.654040
17.075897,11.671474,5.624994,15.501924,4.083735,1.556613
17.523136,12.351055,3.459647,6.651822,1.903612,10.000331
13.599463,9.388418,4.319649,14.280770,3.739963,2.455672
23.339287,14.933397,17.552357,55.048027,13.077572,16.577394
31.904951,20.789425,9.090678,24.748995,7.993207,7.530909
19.596212,13.344813,5.243978,9.518989,2.106729,5.334878
13.224587,9.072583,4.922779,10.978038,2.738762,6.031438
25.845295,17.206511,5.864756,41.240952,12.945623,9.296677
12.008640,7.945405,10.868674,32.602646,7.618041,12.918510
18.972395,13.553429,10.971449,41.252815,9.681364,19.169546
15.929961,10.693460,5.674316,50.003925,12.001449,4.336398
21.029737,15.066211,8.230705,24.618761,5.577468,6.946819
14.057824,10.102371,4.373537,12.067588,3.198156,2.233068
5.170829,3.897455,1.930754,21.387365,5.264272,9.175015
16.764370,10.935678,11.558953,34.593491,9.044452,12.954067
40.792919,26.654589,10.008418,40.901608,12.000727,92.301903
29.647680,20.015720,6.659848,29.735710,8.430030,5.230330
17.189341,12.190567,4.477038,11.055985,4.474192,2.717838
16.426926,11.596268,5.218152,29.375803,8.229738,27.234184
13.431348,9.471198,4.517864,6.257474,1.613811,1.107874
27.783243,17.273033,28.980587,87.516808,23.316389,18.424845
5.100373,3.853336,2.587442,12.596547,2.437852,0.780491
9.599242,6.324835,8.602700,21.105097,6.659843,26.447197
16.485668,11.534127,6.307938,13.109746,4.348442,10.107172
26.724161,17.408915,7.851114,30.381273,7.025613,5.053030
9.441140,6.475790,3.559750,14.232254,4.034385,2.724091
38.459679,24.252649,25.345091,132.104462,33.692009,38.094826
22.642977,15.681494,7.752549,79.654861,20.412903,4.156775
10.975205,7.334874,3.756776,11.077398,2.414969,4.169737
33.246624,21.527651,18.414207,77.829414,20.719048,17.264706
5.327078,3.639000,2.776051,9.038090,2.272469,1.619525
9.595547,6.580784,3.514807,13.431602,3.802179,7.061473
20.809809,14.453960,6.298896,14.694749,3.433711,11.341687
37.680519,24.150681,15.267956,42.186756,12.310675,39.885395
39.691162,25.124022,17.153910,57.952827,13.840166,15.881270
17.748951,11.894139,7.798241,21.382860,6.412803,22.784004
20.734589,13.590082,21.727201,78.979446,20.856359,32.209404
64.830063,30.185799,19.755648,88.981735,22.927837,9.850346
21.138609,14.106612,19.118681,62.279530,16.887959,27.362080
30.251278,20.182377,7.333156,39.113934,9.607141,5.215150
35.271442,23.474672,12.822011,29.205961,7.121115,8.485928
7.764464,5.516651,4.813975,29.260866,8.025244,2.991056
22.438156,15.533928,8.073155,26.098978,8.646717,17.847673
23.871428,15.722046,15.196240,45.750355,11.851180,41.387543
15.632609,10.864141,8.555902,40.148186,9.889094,6.704731
9.277080,6.009361,6.886296,26.343519,7.105422,7.616821
32.899464,22.311989,10.090428,30.372627,8.186509,7.730518
6.633190,4.852174,7.145150,20.340208,6.336543,12.233481
17.778704,12.018921,13.222914,81.265938,21.267303,15.379086
68.373779,40.507595,44.217026,209.631378,64.559166,263.267914
12.461223,8.508400,2.198348,9.352039,2.603813,6.761702
10.741755,7.331189,3.757004,15.616221,5.373526,24.963938
35.291397,23.409655,13.195769,48.471302,12.051190,26.656300
12.664003,8.578038,5.847262,15.578835,3.853733,1.695662
18.135151,12.809280,9.444573,31.617340,8.629182,3.945546
11.016282,7.433128,2.606867,39.117176,10.268340,5.770170
16.098335,10.952907,12.880595,42.936863,13.116285,47.439907
23.486435,16.346148,6.567451,27.974358,8.844001,34.303856
15.166039,10.552108,9.348150,55.242558,14.575591,4.811751
15.665068,10.522590,2.975765,25.989100,6.667019,29.828222
12.624787,8.906554,2.462057,24.656912,5.508420,4.068902
5.641448,3.957812,3.223725,32.069164,10.328138,11.178355
4.863657,3.239031,1.811838,8.683686,2.448264,10.495109
16.699196,11.535182,5.815084,21.379824,5.814736,5.446051
9.992393,6.697899,4.551182,30.709249,7.222891,7.535576
9.556878,6.646455,3.228637,16.516737,3.526487,11.781035
11.746130,8.674718,3.595046,11.392312,3.278930,4.855448
16.097532,11.196969,11.023873,38.642204,9.545271,29.664434
15.058896,9.920278,12.087280,65.397720,14.138611,11.709210
29.374903,15.434658,11.316942,50.991081,13.356859,5.496970
23.623941,15.709107,9.928470,27.593750,5.828524,6.570075
31.991947,21.599257,11.313004,31.113842,7.700468,4.962934
6.846813,5.078302,3.582202,15.226131,4.603515,9.008904
14.666659,9.971562,4.175296,49.953293,12.815364,7.651326
10.001124,6.996430,4.117218,19.787098,4.597465,1.749511
25.968567,14.564870,8.971049,18.648952,4.768157,6.697606
25.847637,17.434359,16.685282,52.003452,12.893684,9.151263
44.197010,28.844213,13.968639,34.776096,10.427714,48.737812
6.738642,4.662729,1.656553,31.699196,8.056611,2.699209
25.193441,17.456240,19.157709,40.460739,10.774949,16.830898
7.537243,5.598896,1.564756,9.682948,2.932041,3.622910
12.186687,8.319691,3.668441,16.479198,5.064607,1.957137
12.238822,8.239799,7.469467,42.584827,9.553177,13.003012
14.648058,10.348370,7.891382,36.606598,8.023546,8.176428
24.805227,16.374399,8.078580,31.419754,7.165134,6.307618
23.865316,16.135986,10.255495,58.328815,17.044647,9.974666
27.465240,17.956245,10.407338,16.859470,4.783425,23.412863
16.382233,11.621393,4.206932,34.832382,8.619798,4.295238
47.550171,19.566273,20.165573,56.236225,17.141714,37.080517
48.386292,22.304939,18.816965,72.992485,16.708145,25.457006
19.866816,13.907243,4.837615,16.748093,4.729111,5.838035
13.728517,9.472858,4.365944,13.779862,3.355772,7.041650
23.615486,15.671736,7.335139,37.190678,10.470802,2.180072
19.874098,13.059166,26.017231,109.728378,31.148802,49.149380
10.483624,7.286758,3.460661,2.701111,0.687996,5.608586
33.309967,18.882730,10.685469,48.446754,13.929803,24.372137
29.031918,18.967588,10.103634,49.288239,13.274839,20.804707
23.194422,15.672426,6.741193,16.234818,5.042711,13.819992
8.528529,6.039045,3.730457,3.780800,0.789385,10.206344
18.210245,12.492720,7.437227,31.045301,7.759960,3.395423
16.011656,11.077516,6.218102,15.100302,5.835363,20.221884
9.785930,6.592045,3.385781,15.877351,2.864187,5.537510
36.528893,20.612286,15.168815,50.304256,12.445695,41.741734
36.460144,23.241863,25.218498,115.746040,31.219604,25.609863
15.644202,10.765575,3.906188,38.835075,8.317515,3.843696
8.636257,6.284132,3.259238,14.518582,3.239315,1.086495
13.961580,9.154343,15.792092,37.663612,12.465747,82.755058
30.305622,20.368341,8.660192,27.354809,7.857480,7.169223
18.611847,12.880955,18.928059,69.314362,15.721673,9.715422
8.039839,5.870726,2.237809,3.938620,1.190113,6.062384
25.360384,16.989838,8.441894,25.390465,7.384428,5.080074
8.223666,5.611901,5.102108,17.721001,5.137282,2.002602
13.765909,9.517873,5.093321,40.489170,11.620424,16.566925
13.413892,9.248327,4.807979,22.338816,6.452565,7.549744
24.278152,16.396660,6.723199,43.668266,11.556726,4.642352
7.070532,5.064024,3.366925,30.246725,8.783550,13.795633
17.663166,12.250648,5.088914,24.829466,5.659063,7.885613
11.400977,8.006126,8.620643,52.836575,14.586834,47.332626
52.603786,34.507175,15.469640,79.160263,20.087664,23.916201
20.552982,14.868688,4.539976,17.427910,4.419236,3.911882
16.355555,11.759212,5.250243,8.627181,2.271723,2.710817
33.865910,22.104900,15.467456,45.584118,11.527253,27.150583
8.773692,6.556227,3.715155,9.977506,2.169422,7.551842
33.630463,22.305458,13.218198,58.146854,15.426408,16.356586
10.284773,7.260643,3.675303,19.630486,5.084185,9.945581
32.436352,20.832710,21.628069,111.106239,30.065107,8.809031
9.203762,6.412506,2.592042,26.157848,6.936018,9.810874
11.053368,7.587792,5.373148,7.523367,3.080806,1.588458
8.314762,5.858173,2.065833,12.404655,3.376555,2.931620
9.480243,6.457883,3.615798,12.944433,3.485592,3.073840
19.151539,12.886070,6.450948,42.286526,12.704545,3.298287
35.659252,21.424829,33.566238,173.703674,49.079659,127.650978
15.753672,10.649202,7.297252,31.768568,8.341050,3.565833
13.186790,9.382450,4.154426,40.027546,10.549251,7.873761
8.341771,5.991666,3.571806,13.343052,3.222439,1.840327
17.293549,12.317215,3.915077,16.135590,4.745142,4.627681
24.314308,15.763555,13.212498,39.216087,8.409137,14.383063
29.452568,18.157303,16.303532,46.586182,14.173403,27.663734
18.271221,13.188481,6.002388,22.117584,5.311961,18.011019
4.659946,3.302237,1.815127,17.887068,4.466727,5.674929
13.440603,9.284698,9.369701,24.876461,5.591661,11.530411
15.419356,10.613592,5.986151,19.953314,5.460480,5.882670
14.373341,10.429184,4.915796,10.363607,3.315292,2.554378
21.366539,14.488845,7.076736,35.033871,7.801283,8.152188
33.936745,22.592411,10.771271,51.848412,12.053463,5.713948
27.033022,18.073099,8.277181,42.601742,10.192078,4.657062
53.302212,33.176399,13.437688,56.193485,13.191386,9.927966
19.150404,13.072812,30.170807,95.786919,28.815676,86.580849
8.825559,6.255806,1.511563,19.158348,6.233860,2.552433
22.228161,14.900379,8.855667,22.247423,6.531222,2.670970
21.134869,15.002398,10.320324,24.138708,6.002214,3.442070
7.651127,5.582416,12.851337,23.284803,7.571990,14.383734
12.391941,8.750698,4.179168,11.052189,2.913164,4.081637
19.692013,13.009109,8.605581,58.118237,14.035795,9.226341
38.893242,24.698235,12.492734,35.843697,10.018720,24.536484
24.130287,16.777384,8.473220,43.497311,10.753894,20.412886
30.528427,19.893215,11.129253,21.600433,6.314389,10.649793
17.812178,8.012323,5.182757,7.373086,3.950842,16.090460
21.689573,13.185857,8.040475,45.109417,10.767760,15.217921
10.245981,7.511046,3.384727,16.164860,2.668015,1.253167
9.850989,7.008537,3.910892,23.541353,5.836886,1.870006
13.475082,9.035788,3.714112,22.303785,6.653813,4.162741
10.946847,7.728219,9.220446,21.196615,5.409326,13.077226
20.125191,13.740449,8.286110,58.805962,15.098033,5.200416
30.711697,21.202835,13.045429,40.997902,9.738976,6.719719
10.513990,7.405670,5.168065,26.231110,9.225469,20.413799
52.285095,30.883223,25.976299,122.705658,33.014187,88.107903
20.222113,14.090810,5.246629,20.615280,4.342961,7.592084
20.814262,14.222175,7.886990,22.667645,6.766446,5.564538
8.073749,6.043273,2.493614,42.148792,10.574287,3.935739
10.353636,6.964400,3.915425,23.716156,7.814722,6.827377
17.353048,12.062222,4.037392,20.065176,6.116863,22.695028
31.406681,20.273476,10.569751,66.946892,16.987646,13.184767
10.201772,7.276863,4.398496,35.600925,11.749084,14.625201
26.748537,18.114532,12.147965,34.161999,9.843756,6.568661
58.724510,26.966202,23.916470,61.496281,21.841286,108.370323
44.942726,16.762669,23.953054,75.211678,22.357180,73.774689
22.715309,15.517310,7.441991,23.011137,4.727881,23.565214
9.421626,6.463746,9.517539,23.217466,6.721747,21.080574
13.113440,9.074089,5.857230,44.690365,12.225906,4.738973
12.214456,8.780076,4.168601,36.795307,11.366888,2.227644
18.165787,12.609442,7.926160,25.418507,5.868880,1.625468
17.871429,12.167213,12.360430,37.851768,9.865092,4.380302
21.825287,14.823606,17.842274,32.806679,9.496187,11.268755
35.521324,23.365658,10.491688,29.475487,8.524839,6.668614
26.091887,17.995745,9.416423,20.893349,5.072202,12.592693
12.724164,8.850992,13.934073,96.293800,24.258459,6.680584
6.596396,4.556623,3.108865,9.231524,2.229950,1.610319
21.975616,14.874379,11.275024,78.621399,29.267969,161.150986
24.879681,16.043325,13.724983,81.721695,26.151827,114.255608
10.132395,7.295917,3.038406,11.845227,2.316483,3.983596
33.733688,17.865425,10.539513,36.208549,9.667297,15.312447
29.839067,16.123465,8.982774,21.968353,5.212292,26.171009
13.496330,9.158474,5.180403,15.833462,5.399704,34.953007
8.796351,6.413768,4.512376,10.973101,3.196052,4.028399
10.688247,7.412575,6.729494,17.278862,5.079502,16.273670
5.530440,3.911161,5.524447,54.537930,15.947925,1.871829
17.073433,11.927248,3.578411,36.587105,7.651713,10.418111
33.960831,22.636805,9.814219,26.711679,6.333550,20.952557
16.009985,10.826757,3.964374,17.899300,4.247956,5.346764
10.071574,6.674025,4.652289,6.521606,1.593456,1.183277
7.897994,5.437751,3.311481,8.372835,2.283847,1.025219
22.519978,13.247507,9.778738,66.715469,18.860867,16.906437
23.666847,15.786009,28.305796,116.978378,33.462524,31.046745
20.736177,13.621375,7.036942,38.452091,10.413285,20.014189
15.903420,10.640051,4.752853,18.772083,4.804502,8.074224
26.190752,17.688236,15.258899,32.214748,7.552269,21.314535
6.575690,4.923486,6.271247,19.610800,3.764076,3.113752
14.656319,10.670465,6.316269,13.008724,3.266627,3.290318
8.370234,6.016459,3.877662,13.190105,3.336434,2.093797
12.236181,8.654405,6.123966,23.966824,6.555621,3.323791
15.312182,10.645683,5.415908,12.564952,3.310330,2.636995
17.166540,7.619888,3.717747,11.078276,3.767885,4.219539
20.304701,11.504175,4.971014,17.164536,4.961748,3.607338
12.863596,8.932220,4.529277,24.154699,5.790864,2.169065
34.949554,23.219667,8.776819,42.101227,9.789926,7.805296
26.712936,17.910704,6.788590,21.255747,5.730029,4.456697
24.392311,16.800674,10.119791,28.747185,7.910759,38.941490
56.990292,24.902237,14.855191,51.992428,14.339721,13.857118
51.937489,24.844730,14.578850,55.670784,13.919796,12.191595
22.948275,15.500732,14.000187,95.849846,24.083813,9.713449
6.295959,4.291131,3.121887,1.943117,0.865490,10.480241
22.262121,15.612672,9.914808,40.170319,10.779165,7.061504
13.119722,5.222786,4.318534,13.076866,3.778629,5.848656
19.742058,12.922258,6.247503,23.221769,3.967885,6.018538
61.644299,33.676178,39.395569,59.736588,12.622790,46.375320
14.293435,9.392483,5.535144,30.992641,7.335638,7.048825
10.568083,7.127377,11.334064,44.146938,12.030855,23.858305
27.938818,18.185980,27.544746,82.560654,22.285961,80.077133
12.195142,8.603955,4.123043,25.600563,5.617679,5.280550
9.497999,6.796810,6.062800,19.620445,5.284807,2.682419
7.051601,5.039941,3.901918,12.085418,3.135739,1.599814
10.774316,7.682325,6.433370,15.982841,3.801595,16.695889
30.625757,13.659224,47.211136,152.236252,44.247620,185.531372
6.577482,4.866777,1.576692,7.334841,3.261243,2.623518
18.640440,12.409905,10.529472,27.329197,8.934095,31.520847
18.383955,12.679867,8.544267,31.996571,7.740207,8.646198
25.604366,10.731491,12.797050,59.295933,18.290798,18.533199
15.755549,10.903478,22.192320,72.978134,17.668564,55.105400
7.958794,5.896155,2.432303,26.074249,6.144489,7.588393
47.795372,29.715284,16.404118,39.759525,9.243826,12.312905
15.182407,10.173379,14.691382,45.251057,12.677353,19.261026
17.577255,11.506382,29.749582,76.513725,19.669752,21.999464
41.151123,26.070002,22.385281,38.311802,9.796658,52.972855
16.799644,7.625356,11.865196,31.195318,7.686963,15.409718
30.273481,20.208569,9.392657,21.255165,6.870833,42.706314
21.746117,14.667071,6.404434,30.463234,8.658095,3.438700
26.584951,18.099415,16.011889,60.895336,17.520197,37.922066
11.981680,8.489512,10.340955,23.859283,6.911465,7.865148
29.577347,19.246088,14.340907,62.423645,15.472390,53.188084
24.344965,16.526762,24.964134,62.729107,19.332060,87.775017
5.005766,3.623163,5.902244,25.938622,7.332436,8.054499
19.592869,13.562426,6.676764,53.835438,14.391089,4.067919
19.179834,13.086305,6.807155,30.019619,8.069032,12.516028
19.427629,13.162056,12.153872,57.525810,15.435367,59.655396
10.928059,7.723037,4.745766,15.642524,3.545904,2.970670
7.746426,5.650641,3.027365,8.967391,2.913559,1.311099
22.572393,15.748020,5.059795,20.947212,5.244991,12.874028
12.046862,7.904921,34.403969,127.825989,37.032543,150.199448
6.842808,4.630494,1.988978,13.650482,3.769322,2.497864
10.031351,7.433996,3.924823,20.821541,6.697267,34.755859
30.987932,21.607464,10.483140,52.359741,15.385415,53.144424
28.868090,18.334881,10.033682,119.158516,32.063229,11.223560
25.467752,16.845287,13.572546,45.676125,11.570148,20.260033
22.220049,11.631446,6.947536,32.720005,8.105616,16.611017
41.255733,27.308985,9.789855,49.604229,14.324525,12.229970
31.382214,21.529486,11.542415,56.071774,14.201071,4.061537
18.844826,12.843448,8.365083,10.233308,3.098649,8.154993
10.811099,8.053231,4.860012,15.475926,3.700194,2.293136
14.945654,10.598759,5.043116,4.694955,0.639890,3.096088
11.884528,8.764245,2.208071,17.962610,4.141706,1.588767
9.029071,6.216445,3.002936,22.278862,6.295703,1.620191
17.863523,12.481632,4.284196,27.984205,7.004106,3.180043
28.812777,11.676974,9.636402,23.648474,7.022037,45.023544
28.161350,11.794961,9.899288,24.455215,6.955439,46.381092
11.080048,7.857993,2.781207,15.401731,4.293511,2.985066
28.190268,18.950111,11.915584,42.334972,8.754342,8.600334
61.540516,37.239586,29.867535,82.742790,25.414099,31.744398
18.151987,12.367865,6.387364,30.339182,7.571052,3.804470
8.101213,5.857490,5.356321,22.485834,6.890160,4.965537
5.792758,3.978223,5.358849,31.058861,7.813940,12.575574
6.076705,4.387331,3.701868,24.037235,8.498010,14.563409
9.479063,6.282546,4.350791,10.024715,2.385491,17.694651
8.730851,6.378158,3.041507,19.392162,6.819112,1.652107
20.143187,13.444652,5.225807,19.559555,4.954729,4.066639
14.582926,9.670408,3.241743,55.679218,15.280149,3.966022
36.445805,23.926556,11.446913,66.036804,16.425303,15.889977
14.964230,10.507331,10.591232,25.631651,7.692903,5.295409
14.613943,9.866478,5.616553,10.788299,3.450489,3.690486
14.229880,9.659444,4.779175,15.047099,4.480519,2.366637
19.314913,13.637689,5.567478,20.002726,4.454646,2.438048
11.669361,8.002723,4.998055,25.096272,5.074270,3.739612
18.000130,12.223000,5.292402,19.627481,5.367555,4.712183
16.873178,7.970230,9.825521,57.440086,17.533554,10.152824
18.796490,9.360703,12.865412,78.415398,20.413725,11.128971
28.982580,19.651205,8.095067,20.408253,5.836493,17.917818
24.791847,17.077496,18.720516,76.518257,22.097528,69.053352
42.806625,25.121359,18.624281,76.237511,17.797932,44.389297
22.939585,16.129133,12.221927,35.281868,8.514283,19.019516
24.669065,16.628672,8.497733,62.907124,18.498829,21.712124
11.987476,8.621371,3.839250,11.085489,2.819507,5.125880
27.825405,18.832594,18.025860,34.212044,7.813643,8.946816
20.778971,13.940594,17.521051,61.737331,14.717212,21.396553
34.050362,22.515253,16.683651,73.138771,19.814692,14.764791
10.526185,7.721511,7.015117,12.059008,2.919003,10.732107
25.275257,16.977287,8.306235,22.239803,5.396591,24.484398
41.250095,25.693230,13.036178,43.445042,10.560806,7.605944
20.011351,8.465768,13.765911,37.659332,14.598214,10.294383
20.973719,11.041376,23.216499,74.885773,20.482271,11.051416
12.394338,8.956969,4.799714,7.841803,2.441504,10.656402
31.319395,20.419716,15.175670,37.213699,8.395175,8.652457
9.416585,6.971381,2.305009,17.078392,5.504602,2.229392
35.561687,23.564898,10.945122,40.077560,10.616227,8.429937
13.868411,9.421523,5.236191,21.646206,5.980096,24.048401
8.135925,5.870106,3.174086,9.406503,2.654772,0.870782
32.940979,20.713867,42.815681,121.739532,36.404888,149.818924
21.057264,11.720181,19.089445,71.249939,21.141920,10.298892
13.900491,7.434570,7.497589,41.367100,7.967280,3.737029
25.234911,17.409781,7.092448,23.468311,6.343829,4.402358
54.000439,33.022007,32.168736,92.281769,26.142065,102.329208
22.180555,15.530590,11.307768,16.513174,5.766441,34.437984
15.509558,10.616884,7.314202,39.725830,11.274814,4.436287
10.042134,7.456358,5.233058,14.008624,4.324113,6.821461
10.042050,6.871420,1.349662,21.188087,4.594759,0.945354
23.558594,12.104955,6.262240,21.610891,4.427506,13.170413
33.083099,21.157846,17.924702,69.368378,18.122023,21.975399
17.072063,11.922755,9.664771,17.024181,4.625686,18.131392
35.546432,23.464239,15.308907,40.761520,11.608678,21.182259
5.094863,3.581858,2.193267,8.564436,2.822557,1.850094
6.299102,4.569533,2.029377,26.327688,8.378749,11.798643
9.357118,6.337530,3.180599,17.970310,3.835099,2.851747
9.845263,7.201982,5.128553,13.005828,2.484556,0.696803
15.574971,10.924303,4.446875,23.266027,5.031365,1.862567
22.601103,15.209393,15.067450,47.741497,12.552985,17.792885
27.370520,18.346344,8.103083,52.683968,16.108379,14.619948
49.583988,29.626867,40.501816,83.927002,28.105700,108.688004
32.803097,21.965462,9.112635,37.069237,11.163935,6.682744
9.293880,6.516496,4.173094,47.363171,13.291195,11.307201
7.250671,5.106455,2.412888,25.808500,5.583648,1.424698
33.677391,23.083385,15.147996,38.799267,12.432863,49.986404
6.749388,4.887223,4.534084,22.713177,8.687153,31.408701
26.613577,17.862684,17.583302,52.309441,14.591530,52.318695
17.016851,12.189691,6.022086,21.013145,6.466433,33.497200
44.589008,25.029791,46.367332,125.987381,33.405384,179.730026
23.217247,15.731935,6.370146,58.054836,14.081015,1.656274
5.801860,4.324919,2.171629,3.712767,-0.031068,2.711647
7.368243,5.490828,1.861449,9.917502,1.811063,2.719461
16.710707,11.781139,5.421751,18.110937,2.928553,2.256570
14.030298,9.632217,7.584636,20.316442,8.206918,14.106795
17.783220,11.908027,9.493883,29.045874,6.271868,10.766646
12.641541,8.798081,4.450528,14.643578,4.319232,25.603128
9.745552,6.869875,5.371910,11.938915,2.828346,2.594862
19.770086,13.013879,7.627945,28.316298,8.289457,25.270967
23.894579,16.092068,7.825180,32.590889,7.440458,3.582418
34.690235,23.301552,10.381190,27.807249,8.534588,45.327900
7.793054,5.433204,3.093913,10.139301,1.994496,1.832692
12.528423,9.130127,3.650810,15.516166,3.859617,7.015630
5.979655,4.103696,3.036224,9.733405,2.424398,1.167645
23.159208,15.448212,7.449204,29.650816,9.580880,32.168137
37.717667,24.652399,24.134739,74.807510,16.833054,17.920597
52.871170,24.557091,13.031523,83.834053,23.361542,14.697969
55.256607,25.553059,15.312442,93.890495,24.119238,12.427305
14.443340,9.586020,4.201029,33.615032,7.547841,11.246699
13.134578,9.538724,5.339497,7.047287,1.871796,0.057339
17.800419,12.104609,8.269657,16.844790,4.424006,9.382612
50.955669,24.111618,23.478899,67.333733,19.489191,47.942112
58.146744,30.050282,20.330622,64.285614,15.432405,32.401257
6.024724,4.355249,2.778161,7.793287,2.210377,0.893509
9.922276,6.698316,4.554753,4.778030,0.902735,2.774746
19.897058,13.741222,4.540120,22.202349,5.668499,16.241686
14.316220,10.449905,5.169597,16.504805,4.136855,13.086319
25.141930,16.534548,23.264351,58.033459,17.762438,67.907524
27.230598,18.171694,13.443272,38.306843,9.728023,7.572453
39.969913,24.993790,16.660480,67.630226,14.528570,12.192526
17.090748,11.315146,5.984855,15.635993,3.881940,8.695846
24.298090,16.084255,10.683389,29.689360,7.730126,18.660530
35.821739,21.230913,40.813011,164.002670,42.545082,41.920303
12.189951,8.423129,5.020650,14.398746,4.735903,13.340769
24.280701,16.278265,9.000202,24.401152,5.354588,3.059962
12.521618,8.830725,3.819893,33.565517,8.855130,15.659934
10.648651,7.713924,8.557903,27.891983,7.717725,4.261928
7.901436,4.175347,2.418736,4.307088,0.331152,4.622872
13.183808,8.499259,5.240062,14.442228,4.371733,17.396204
16.104029,10.632813,10.442923,33.849060,10.960908,29.014282
16.693815,11.405572,11.158010,73.217850,18.277128,9.795670
15.059763,9.928958,4.938239,20.898685,7.292982,19.271652
29.474337,19.399616,8.489758,56.159325,12.537593,6.482763
34.277363,22.228874,23.374289,66.266319,20.814144,75.313042
18.176971,12.562072,8.117924,21.910353,5.387770,6.118885
15.257538,10.622329,4.843683,12.374136,3.633633,9.460393
31.760130,21.775761,13.100415,48.672852,12.516379,8.956666
16.995205,11.838803,4.170172,20.009254,4.215680,3.651760
13.058499,9.321213,4.735897,43.681835,14.380947,15.577199
5.327081,3.663389,4.202656,17.745285,4.859573,23.257706
16.973059,11.854105,8.464218,29.668983,8.541310,1.634054
8.942753,6.186629,3.096921,16.347492,3.672275,5.766389
28.452528,13.176784,9.672466,49.130356,12.949880,41.321827
24.377045,16.825951,7.696048,35.030025,8.815557,6.547814
8.240913,5.903701,3.615902,9.218321,1.722780,6.407246
31.147839,21.254812,13.698277,38.174633,9.017542,7.426375
26.794559,18.001932,10.411772,72.348068,22.427456,13.548558
25.125954,16.922356,7.495964,34.482140,7.744593,2.836046
6.205446,4.349213,2.590895,19.388330,5.890769,1.202002
23.272488,16.172146,7.008183,26.141579,6.542911,4.064504
32.264435,21.452618,10.788019,30.691711,8.079444,7.292546
49.986511,30.645584,32.979565,195.000275,51.493122,65.957680
22.393448,15.181428,9.444369,36.603443,9.609008,3.754829
16.343075,11.507730,13.423455,59.414379,13.097401,6.722669
26.363665,12.499551,9.021804,64.533882,19.313772,14.432878
8.086062,6.019368,3.726829,20.976608,5.055372,7.211801
31.920218,20.567194,15.613472,106.886780,27.063410,10.201343
45.162758,21.314560,13.244799,33.330009,10.607909,40.070362
46.036400,21.910608,13.997580,41.532112,12.048156,37.909405
9.499241,6.669832,3.046329,13.761686,3.092577,8.275919
15.736619,11.288411,5.310540,7.687528,1.643820,2.774447
12.873949,9.306746,4.264136,11.866435,2.769841,17.738607
32.764858,20.100245,23.034792,142.341263,37.867809,21.231443
9.833674,6.551957,3.753996,12.672624,1.972621,1.503662
25.966312,17.506678,19.707890,89.893509,24.077820,52.664520
23.576616,15.387081,11.901193,209.465240,55.332039,13.857947
85.250183,35.456524,55.543137,207.653015,58.839363,93.649551
21.695038,12.432884,12.321301,49.639881,13.819183,12.659581
4.494880,3.359376,6.213382,24.439741,7.057578,25.715885
7.789748,5.727693,3.686567,19.289576,4.775642,1.001518
14.896300,9.908784,5.806061,6.490367,3.050385,5.373645
25.925560,17.596462,13.442469,58.316307,17.072870,83.704086
11.885967,8.369510,4.234038,32.208046,8.610480,1.770234
24.469915,16.643436,12.928777,62.129704,16.759895,42.061390
14.494987,9.948128,6.009285,18.454350,5.218342,2.922465
32.691216,21.631990,15.396723,26.915709,8.172343,23.579390
16.131590,10.954175,7.839490,35.396233,9.377601,32.594193
8.029214,6.029025,2.261643,13.503573,1.918491,2.261211
17.652611,12.410916,6.471641,33.029549,8.856442,3.911648
17.839384,12.056457,9.263992,130.307053,37.782154,12.321355
19.772732,13.397657,5.859781,22.115438,7.778832,36.606071
29.979134,20.044537,21.649883,51.257481,11.305339,29.313581
7.612305,5.501553,6.218623,18.242121,6.396158,19.875017
4.888606,3.591936,2.309055,8.368385,2.257957,1.085258
13.453225,8.754268,7.531400,36.797245,9.077026,36.723164
20.118687,14.067312,6.662018,7.417851,2.157141,2.263465
8.910795,6.313502,4.162977,12.488323,3.085500,8.307339
37.096195,24.404879,10.675672,56.777515,13.107985,12.060175
7.922169,5.676075,3.830705,13.158178,4.590963,13.087898
20.858608,13.725906,10.967335,25.156490,8.256766,11.012646
15.058486,10.247747,5.565431,15.954068,4.945948,14.727343
6.286249,4.237770,2.720075,5.971521,1.926773,0.838348
25.128511,16.387150,7.674805,53.016289,14.330004,26.188313
15.761684,10.905645,4.105578,11.946939,4.598435,4.558684
28.864943,19.568846,9.176476,21.621414,6.501064,4.494188
20.498182,13.216701,13.555866,41.716763,9.955480,44.457390
38.039375,23.898628,19.352501,104.351906,25.588148,16.399462
10.901841,7.300523,3.490743,11.535512,2.372347,2.715287
20.541492,13.820080,7.396849,18.552011,4.996226,7.735696
6.281885,4.309812,1.060910,13.024687,4.225862,4.659055
13.298794,8.881365,11.994252,34.347878,8.711620,11.057822
9.727560,6.585389,3.434257,13.435983,3.152626,5.094080
18.045610,11.583890,16.264914,57.619602,15.254481,62.124634
8.385779,5.801492,4.009095,10.846616,2.701896,2.819420
13.552568,9.435914,5.149882,35.787357,7.742846,2.071346
41.929810,19.172684,16.137394,48.512787,12.817635,12.279585
39.578934,20.444532,15.859242,50.299480,11.845426,9.501405
18.773678,12.926054,9.694814,34.527184,7.793790,30.967726
13.108321,9.135417,4.170114,27.910034,7.043412,2.882384
20.950520,14.382452,7.922157,23.931557,4.572720,3.636738
9.228513,6.314984,6.234091,29.152901,8.129221,26.244251
8.075390,5.737325,4.877406,23.891026,6.066512,20.343773
7.640930,5.345029,1.998811,8.691432,2.072587,3.096477
34.561222,22.487070,29.658083,93.793625,26.884039,110.519753
19.992252,14.018862,11.727347,33.236393,9.602530,5.234856
18.886389,13.495481,5.681680,14.412420,4.325891,5.417595
33.944237,22.719727,12.423917,35.595192,6.062027,5.048666
27.023066,18.429449,11.150651,45.369778,11.420557,12.053146
4.950919,3.639532,2.684738,2.821017,0.560542,0.681917
15.402104,10.560386,4.235148,14.147112,4.002430,3.032412
27.157333,17.086796,30.143984,69.810631,18.833349,104.526451
31.363096,21.061871,11.771580,63.941597,16.250132,9.554317
5.872608,4.180096,4.251803,25.638939,8.128770,5.470473
32.961769,22.329472,21.599373,62.412773,17.729612,20.673689
17.232309,11.947994,6.384018,22.609310,5.233434,18.593384
22.986341,15.420206,7.288090,55.924419,15.934448,8.493145
16.648354,11.532192,5.827811,5.148922,0.489615,8.764904
8.187538,5.433087,3.430732,10.549807,2.482326,2.381263
16.361586,11.276266,8.021402,26.803617,8.268858,16.713453
10.785921,7.646879,2.946139,12.079908,3.143498,9.197563
22.343740,15.011153,15.452200,62.458134,17.560560,30.157747
9.733082,6.465974,4.070977,26.252748,7.224286,28.972466
25.450378,17.673038,6.720094,23.449551,7.190604,22.046915
18.685123,12.919555,9.745541,59.349880,17.190123,6.373460
13.636633,9.551503,5.198029,19.590239,5.983318,4.650429
5.915355,4.477221,3.003503,25.887655,6.844949,2.072985
5.028558,3.382688,1.635781,12.546796,3.644418,4.190761
21.761204,14.897153,8.276254,45.286110,10.613853,5.002246
37.932045,23.507956,21.682093,76.535309,21.366802,24.870855
11.663331,8.194066,3.089241,37.119282,10.206343,21.152098
17.045301,12.084921,7.073721,18.675833,3.992910,2.237593
9.874324,6.656319,3.264287,12.059380,2.966936,15.022219
11.054252,7.854548,3.196668,21.664223,6.414605,11.523211
10.996905,7.574071,5.115541,27.405043,8.706005,23.611361
8.464651,6.134987,3.842202,10.159537,2.509605,0.732431
9.576881,6.718474,2.685569,15.276960,4.639803,12.155565
28.097479,18.981071,10.729411,32.615917,8.063960,12.095287
8.487730,6.081365,7.135895,40.692230,9.389435,2.801439
9.510031,6.652718,3.287841,4.269120,0.185821,2.218363
20.126825,9.212474,10.557682,79.651840,22.627119,11.453847
24.931843,16.678072,12.221973,33.840794,8.364073,25.307499
31.927843,21.093960,8.618635,29.909830,7.711079,11.424417
12.054484,8.535068,4.159815,9.770362,1.586327,1.217885
27.229422,18.061203,15.784113,48.050186,12.319636,5.346883
22.428118,15.669797,15.067309,69.942116,21.496862,7.575294
29.646696,19.740261,12.651424,48.179214,14.196491,16.728949
14.226540,9.679648,9.798590,28.274248,7.384274,4.057844
13.091545,8.542584,5.140954,24.971857,5.487606,3.162596
35.344059,22.309597,18.267427,94.922859,26.641211,39.477345
27.352636,19.412939,6.285471,23.063068,5.473399,4.792935
21.826593,14.866998,7.456487,19.476864,5.967898,4.803902
8.868061,6.373431,3.627520,28.381132,6.929200,3.569940
8.817843,5.971520,3.233454,11.774117,2.982835,2.030314
10.269939,7.271300,2.579851,36.766644,9.928159,19.046799
17.030449,11.683195,11.930569,88.214218,26.006943,11.823585
24.868679,15.900235,15.082060,96.135155,29.929087,65.266853
51.029675,32.318176,18.525742,45.581356,15.846558,69.196190
27.124300,18.699690,9.324492,48.276161,15.237274,21.143185
23.117611,15.861787,13.201590,68.205170,20.939232,39.635647
19.211853,13.034667,6.023856,26.891785,7.172191,8.041876
20.685652,13.335747,15.120951,43.784893,12.645711,54.197315
36.554447,24.495516,12.260133,28.867630,7.621216,8.035659
27.275524,16.723909,15.219227,68.935112,20.752531,42.843010
7.983673,5.907954,3.066913,19.553076,4.492117,2.935869
9.919156,7.476115,3.096138,12.730218,1.950851,4.968296
34.072834,22.522196,12.330901,56.703484,15.950047,69.958031
6.832298,5.057656,3.575717,6.727612,2.329598,8.249608
12.401647,8.311717,3.507254,12.260579,3.163441,4.300894
5.531662,4.066725,2.586059,1.825186,0.647178,0.921229
12.890628,7.193433,4.505649,15.546070,3.527966,8.692504
39.307770,25.309738,16.051359,64.789330,15.542179,12.665071
6.337554,4.572060,3.111591,14.040594,2.710351,7.032208
23.308157,15.505701,6.923799,21.366158,5.142116,6.871011
36.710175,21.539322,11.678222,50.022839,13.235466,57.277645
14.771040,9.867200,3.782161,17.528122,4.308868,5.037736
12.706154,9.161075,4.358768,19.201971,5.531395,35.619350
22.578962,15.296144,8.085019,17.433052,3.745039,7.067187
14.026679,9.466869,5.177374,38.426105,10.075915,6.424609
23.677118,16.147022,6.964986,14.762411,5.570370,59.532127
4.423387,3.234412,2.469974,40.448277,8.306695,3.180340
9.186736,6.668192,3.197406,16.331968,3.209337,7.144446
35.682999,24.002642,10.379123,75.280739,20.361959,8.039263
19.804720,14.007360,6.396224,19.518702,6.383144,8.936749
12.417745,8.741248,5.994581,44.158623,11.972110,5.379341
24.264996,15.830626,14.057068,28.791817,7.997949,14.604548
19.111940,13.023266,6.060204,47.952545,16.231997,5.599989
30.458387,18.666828,9.575032,37.633522,9.030696,9.691785
14.729804,5.254373,7.086397,44.295963,9.827430,3.519570
10.815400,7.765876,10.889209,54.825638,11.497403,5.774571
11.961989,8.677275,3.485543,14.156955,3.853507,1.406581
13.221125,9.387111,7.557456,14.518023,3.956919,3.346894
35.149559,23.072355,26.368553,87.038582,21.087551,14.770966
9.408982,6.624957,7.416368,43.144836,10.859703,6.300754
26.106941,16.844385,11.797481,34.819523,9.704051,6.218577
28.772532,17.470068,24.059849,117.409904,30.431936,36.844898
18.630013,12.296361,12.499002,35.378258,7.982577,28.953463
9.582891,6.787478,3.189638,10.829507,2.680403,17.646084
5.935116,4.278579,7.457921,25.862623,7.519403,39.690899
7.895058,5.798758,3.689205,0.327329,0.289195,0.841430
35.587757,22.587917,14.696486,138.585388,37.466278,61.469963
22.406727,15.725644,10.187569,41.361061,8.183171,9.689009
10.769143,7.751521,2.653049,8.797797,3.364612,11.824723
31.928402,22.007347,12.320216,42.391384,11.597868,60.058922
19.011683,13.182975,5.907315,13.600092,3.314001,2.601140
14.641368,10.168772,7.032832,39.172745,11.828719,3.728962
29.650070,19.802286,9.495700,42.804020,11.330559,6.325717
70.903786,41.686832,25.732241,67.625786,17.772869,53.156963
8.335024,5.778471,1.592266,8.159961,2.054266,3.953410
12.929459,8.857244,4.275107,12.430582,3.834071,9.587240
28.659363,19.165268,8.703634,39.186863,9.864842,10.791123
7.875469,5.494229,2.622516,8.858104,2.133540,8.921867
40.612572,25.607664,13.749738,61.491470,14.856540,16.077147
6.037000,3.509701,2.655871,13.860321,4.222136,3.400399
19.637115,13.375774,6.877207,22.446541,6.613214,19.655375
17.344992,11.629564,5.687446,14.777231,4.653229,12.440325
5.442838,3.889031,6.174994,20.464340,4.919201,21.150780
9.234594,6.502446,3.492434,28.300997,7.370858,1.892876
30.558184,20.417217,11.686069,45.332645,11.032787,7.997026
37.848751,24.453394,14.508670,49.839069,11.509829,18.101576
18.574039,12.439946,6.002301,5.744889,1.601316,6.088754
4.476312,3.082412,4.052317,22.670620,6.180183,27.936892
31.787884,20.072083,13.714416,39.756168,9.656445,29.430239
23.863846,15.947121,8.913792,22.362221,6.605929,51.588474
9.855617,6.693000,6.253410,13.202840,3.457555,3.269575
4.892947,3.772087,1.831342,16.564650,8.733592,11.046174
17.809023,11.866082,14.162054,39.687237,11.431458,57.195538
10.455121,7.072688,4.405462,19.648045,4.803426,3.953352
37.583042,14.390524,9.044896,66.926880,16.305279,30.168446
34.319202,14.326094,8.946696,69.300476,15.963642,25.109123
33.973339,19.105818,8.493955,52.649685,14.624844,46.383297
24.207499,13.512030,9.421198,72.855469,17.011757,33.853081
10.632472,7.173048,4.129696,9.898145,2.372846,2.243341
28.923494,18.535011,78.363922,266.935791,78.656700,385.980408
16.705137,11.551639,5.078397,10.591297,3.339133,2.861098
15.988536,10.871185,8.863240,55.759304,14.510735,16.441521
10.138224,7.277853,10.557719,37.752319,9.804675,12.474698
19.145498,13.229622,7.042779,13.127955,4.164600,7.292490
30.707281,20.666504,12.451875,44.320419,15.498041,92.608582
34.756386,20.679375,14.798965,60.340313,17.689316,104.624245
11.257384,8.392604,7.524431,27.523775,6.519339,17.901299
34.737293,23.091093,15.761633,34.766460,12.124703,5.312274
14.703177,6.979726,6.456359,69.733749,16.723549,13.525443
25.390425,16.694094,12.014608,40.262806,14.014174,40.474903
14.523940,10.093819,5.015491,12.581459,3.221278,1.585147
6.256534,4.594948,2.688637,14.205969,3.229125,21.452499
5.210949,3.842434,1.948728,7.687387,2.122594,0.878373
6.796299,4.880484,2.944083,9.846431,2.359748,1.923424
38.645157,24.168400,28.646532,88.743370,26.430311,148.406357
8.506976,5.958865,6.763181,33.860695,9.384052,6.286162
13.462600,9.213459,7.609953,33.003834,9.209260,17.300550
15.584632,11.009863,5.543427,12.678425,2.605651,1.334293
17.514050,12.661128,6.221038,11.439201,2.541420,3.651668
10.941497,7.481955,3.701980,11.784904,2.615546,13.571609
27.072912,18.554403,11.091463,36.623566,8.298553,8.805124
20.491968,8.709984,7.623076,14.803271,4.601779,10.647998
19.872753,7.837412,7.995898,19.572050,5.328444,10.396559
31.019037,20.248030,13.989535,73.876518,18.749660,15.635101
16.620968,10.671282,17.761127,41.603745,10.499397,15.238400
20.579187,13.973699,13.045706,43.673256,11.844627,8.323146
9.971062,6.598617,9.942746,18.985144,5.831082,7.461356
10.834002,7.546204,8.188286,27.265944,6.648118,17.619677
22.012840,14.784247,7.506104,36.843349,11.411237,3.443589
17.813576,12.017860,5.359796,69.548317,18.921379,3.467757
15.758174,11.021710,4.845004,39.201431,9.893166,40.518581
60.032413,32.612782,34.784424,144.964035,39.963737,158.585342
8.107800,5.549647,5.941348,5.966073,0.851478,2.574766
86.546722,45.993214,38.764275,77.262543,21.630882,44.266113
29.532503,19.054029,11.053836,40.989590,12.593099,36.032280
15.410634,11.017439,5.869277,16.936909,4.834918,6.857459
24.849182,11.796742,8.860167,25.485317,6.418938,10.606021
23.480082,11.813041,8.606618,26.256489,6.222701,10.128790
15.492608,10.327446,5.267915,15.008373,4.111219,4.474262
9.336047,6.307261,3.151049,7.329434,1.402752,0.810877
8.530413,6.007367,3.610972,8.050167,1.936212,1.238867
20.057711,13.970214,6.193995,18.218962,4.962358,3.261159
34.971443,22.629930,22.051918,86.842239,24.837805,83.893982
10.983420,7.312336,3.742973,10.162302,2.094303,6.834954
16.248821,10.920961,8.670971,19.875021,4.446180,2.924960
12.349600,8.359489,3.779218,8.329464,2.733052,7.953848
12.404536,8.775302,4.069306,10.562080,3.592850,0.688437
21.166580,14.534944,10.938294,104.360001,30.078148,17.842278
18.679434,12.951619,7.873893,23.077522,7.323345,24.002161
12.919322,9.323812,3.430352,9.263033,2.488552,1.511356
12.054845,8.570805,3.826662,18.104218,6.521274,9.650472
30.292873,20.244961,8.552091,20.195961,6.492021,11.895173
29.501019,18.817944,33.463444,116.160484,32.579014,138.033386
14.147559,9.984034,4.827887,17.803444,5.213833,5.586744
26.486383,17.471096,6.952018,21.226749,5.506481,7.671824
29.693260,19.409029,10.972741,25.018795,6.743789,3.830402
15.884811,11.433899,7.907991,35.152515,10.081442,56.580452
6.267054,4.324252,2.574351,11.471282,2.085477,1.564864
40.345089,26.713419,22.089991,48.569397,15.636118,35.289730
18.294968,12.866764,6.272304,22.502403,5.640323,12.198171
41.441456,27.822725,16.450068,69.840797,14.685301,12.527957
26.588348,17.685844,9.096053,34.023586,9.040428,5.579021
8.862649,5.296272,3.619460,27.416882,8.330811,2.299407
9.394654,6.689212,3.549963,8.167926,2.448514,17.775600
8.522231,6.037442,2.588330,14.241278,3.664557,8.352414
11.892306,8.621030,3.962319,21.839315,6.016607,1.923043
12.901242,8.641509,11.744535,29.843803,8.560527,47.255325
25.539917,17.946295,6.293035,19.991749,5.556012,4.296010
47.734528,29.372908,18.157146,119.722580,30.063786,25.194920
7.665310,5.512917,4.639400,13.531003,2.911759,4.578830
6.940223,4.817038,2.949720,22.412872,4.867522,0.304675
20.988657,14.227076,18.552355,95.680443,23.589003,14.072374
34.785564,21.172239,35.381435,133.917648,36.151817,24.105385
27.571320,18.143208,10.935015,24.690973,8.043711,26.500160
13.064054,8.923064,3.510519,10.674297,3.276300,5.417245
11.928864,8.115942,5.764475,23.117754,6.163444,15.468581
5.059671,3.384725,1.729169,5.413818,1.889927,4.421498
15.281290,10.279077,7.750632,24.386261,6.259008,12.314209
9.753613,7.155195,3.484790,35.422287,9.650878,2.716984
11.089115,7.892936,3.909680,11.066656,2.860122,17.203432
33.810875,21.750032,9.979811,35.972984,10.093620,45.379704
9.564377,6.905717,2.556934,12.062442,3.405546,3.149126
21.882582,14.517135,9.082175,32.444588,9.777691,9.660236
19.867044,13.238569,9.745817,38.075974,11.230488,9.073796
9.525394,6.494246,3.619499,14.026014,3.250117,4.037446
17.718216,11.616646,11.986444,40.439571,9.115326,8.994020
33.263348,22.241917,9.655852,16.755699,3.298587,6.954895
24.598146,16.177088,7.972967,30.997244,8.230217,6.995368
12.809226,5.655759,5.747506,19.130747,5.256207,9.914810
13.222128,8.702651,9.798593,67.822746,15.960418,4.707418
11.800541,8.565204,3.610407,13.428163,2.748499,5.494082
12.750153,8.933146,3.411665,13.286473,3.114267,3.404644
16.933840,11.900689,5.260159,20.383461,4.898591,2.022835
24.737984,17.238512,15.958773,45.663044,13.023935,47.915756
25.599251,17.481808,7.978545,27.388901,7.499534,4.395694
7.707323,5.170507,1.797431,13.144516,3.414837,2.223190
30.334816,20.173492,16.506388,26.978844,6.361645,11.062136
12.533396,8.477480,2.375237,16.003439,3.687266,3.159066
8.154886,5.445966,3.238604,6.556800,1.261369,2.504937
7.282078,5.090671,2.323107,4.698202,1.969014,3.994667
14.474470,9.854545,8.627555,23.121449,6.103018,2.685094
18.035429,12.490982,7.577845,58.383633,15.257803,12.665453
15.873462,10.705561,7.022400,30.395306,7.682052,34.378910
33.212990,22.246916,14.785252,83.401543,24.095566,48.313324
23.193920,15.315833,7.052609,30.196053,8.161607,25.963047
33.765896,22.295656,14.502424,53.734615,13.637816,20.336458
18.483746,12.945473,5.713318,9.146878,1.853922,1.960263
14.207432,9.924652,4.396175,6.824387,2.443229,10.569246
6.948646,5.000829,2.359039,13.842343,4.836497,1.163705
11.505748,8.216094,4.145452,26.781235,7.264403,2.711132
19.915823,13.483117,4.439227,24.589664,5.281146,3.578920
20.215670,13.377072,15.794355,42.538460,11.988191,62.675446
21.342789,12.664515,26.033987,76.768021,21.249456,63.855835
36.609928,23.690159,20.136585,94.910934,22.878544,17.080942
23.513313,16.125652,7.998079,31.246948,8.586452,26.118732
18.591360,12.498752,7.430676,48.171700,13.461393,4.301577
19.876810,13.656249,11.423141,45.306782,12.775841,14.869074
20.862684,14.287663,5.747433,33.567665,7.861562,5.203701
18.518553,12.619062,3.961560,52.701374,16.421070,7.591031
9.384337,6.539321,3.448465,18.126740,4.461299,3.265293
29.185635,19.851624,10.786236,33.583023,8.502867,45.324165
12.181252,8.045651,5.223888,12.602943,5.000513,7.785963
37.763378,25.091679,12.715717,43.848911,11.965667,16.679651
7.961591,5.540325,2.156799,15.307097,3.319838,3.188958
29.694654,20.019571,10.057243,94.068832,26.050735,19.489334
23.097658,15.885934,6.127274,36.494350,8.722431,2.535713
5.889218,4.143598,3.214179,5.749301,1.214011,1.784088
14.785758,10.233797,15.214007,23.169767,6.347522,48.918549
13.241733,9.020303,4.313217,33.230358,8.583132,2.395774
30.727272,20.832762,7.849815,26.205931,6.327607,5.710411
17.483328,12.369598,5.226478,24.979742,6.499952,15.455985
18.503958,10.539143,10.344021,35.102135,7.573633,14.524037
22.249104,15.334040,7.098334,14.534863,3.061723,9.187862
15.173513,10.253237,8.709858,87.368690,23.225975,16.121635
17.254890,12.009438,5.348145,4.521626,1.568216,7.766096
22.629299,14.966348,7.038883,17.967558,5.209330,4.533321
29.998755,20.168701,10.130388,14.981093,2.408956,2.422198
12.962389,8.858615,5.095496,15.324668,4.395232,3.666634
8.283302,5.629661,3.288780,8.175236,2.841813,14.575150
35.278046,20.519812,49.010979,141.622253,42.391701,75.925438
15.215156,10.481376,5.142345,26.135548,6.298051,5.777950
33.906246,22.251284,12.072362,58.302135,14.428790,15.193842
4.518418,3.399445,2.569446,7.580851,0.476001,0.440675
18.765989,13.258998,6.628736,22.075453,7.882509,14.569315
17.745274,12.277424,13.031266,43.858467,10.873746,11.562062
36.956127,24.005716,8.839334,25.684172,5.814859,11.617216
76.042114,44.102287,23.841354,99.654602,22.605549,10.098270
32.334896,21.202497,18.665831,40.524807,10.230530,13.464692
31.000074,20.925823,11.511971,46.909481,14.939953,75.322144
27.387131,18.177317,25.488581,116.108810,31.678915,40.247566
10.839753,7.713984,4.178889,19.250797,4.288516,1.903031
17.234478,11.995718,4.620033,20.407028,7.496335,18.074919
28.727217,18.347824,23.080750,72.688927,19.587790,91.598091
32.431610,21.353527,14.046924,26.065445,6.674175,16.453978
44.538559,26.414434,31.257431,126.455963,38.552071,53.970879
10.759879,7.501914,2.800729,21.965321,5.634795,1.235336
27.906132,11.257723,26.625654,89.145157,28.906090,135.188904
25.470125,9.599667,26.204281,107.246567,30.493656,111.050888
28.770876,13.968108,8.669978,32.842087,10.007872,20.709558
15.093607,10.492080,4.794716,19.714329,7.283738,27.614038
11.085028,7.597627,3.364820,11.828176,2.599800,0.757765
17.075552,11.954625,5.866349,21.137396,3.914336,3.988795
7.722179,5.675568,4.543810,12.533611,2.310964,2.072272
20.807734,14.296451,7.874969,19.589741,5.296812,50.381142
10.030787,6.608899,8.161327,48.932598,11.149219,16.159384
26.772257,17.704489,9.393360,71.460800,21.167999,18.776482
22.063421,14.041119,7.246743,36.949471,11.630927,6.096394
24.466684,16.593466,8.299005,25.180494,6.311342,3.644016
17.001389,11.509775,11.467968,29.911779,7.256462,19.571424
33.341293,22.112917,10.192841,27.658674,7.936055,19.576952
9.569646,6.773057,1.614526,5.884766,2.359697,2.741871
17.768433,12.171184,12.677524,46.214165,11.559575,4.970119
13.535091,9.403669,4.137972,29.603239,7.532747,3.011347
7.377868,5.196652,8.109354,40.641327,11.490423,46.447762
24.864164,15.358766,42.407764,87.242767,22.959555,53.495731
25.576292,17.052286,9.547694,19.313686,4.077094,35.966324
41.304516,26.894079,35.215145,65.036949,19.015308,95.314186
18.110891,12.066358,5.500377,36.599438,8.863757,63.595356
6.789920,4.774146,2.493755,2.133804,0.811150,5.016807
18.740082,12.957455,11.142058,35.786846,9.190782,8.485036
5.171777,3.820507,2.740442,9.317012,4.099879,1.335499
9.203402,6.307374,7.736309,38.334835,10.168390,4.831864
14.020237,9.519581,7.193847,12.503637,2.526450,7.883493
5.558180,4.376541,2.300000,10.762083,2.880872,1.428613
26.434269,16.748983,21.699070,97.756355,28.039591,111.099335
16.037535,10.831314,4.637006,17.090605,5.056450,8.357987
37.646774,23.618690,28.202768,60.745190,18.064936,56.364281
35.055344,23.163467,11.309023,27.937763,6.493818,11.376894
30.328011,20.417158,10.019227,81.927368,21.376179,6.495833
25.180746,16.763451,7.866590,17.507513,4.948538,15.664220
20.600037,13.845908,12.622033,112.074371,27.947790,23.476494
30.057301,20.202114,9.769062,54.335743,13.400691,4.721965
38.777248,25.753067,30.179420,64.120819,17.900396,48.947044
6.934460,4.898745,2.087144,12.942750,4.969461,1.970408
32.168007,21.942417,27.300058,38.502800,11.490116,31.961714
30.397440,20.774281,7.413257,29.403910,7.640837,10.539587
12.521246,8.853033,4.396547,25.317493,7.165213,0.982570
22.911232,15.135197,7.730326,28.992493,7.550874,36.934986
11.890383,8.059117,7.860394,30.369478,5.795707,4.586652
13.885296,9.603101,4.358994,22.482117,4.696661,2.512471
7.751404,5.211722,3.447365,10.545554,2.377720,2.610955
10.071119,6.990292,3.865854,11.935217,2.512764,7.253106
12.689690,9.000570,6.176629,24.025629,5.695196,5.257958
28.016666,18.994844,6.938947,34.806171,7.350793,9.140831
56.366798,33.071583,25.001362,100.903839,25.838390,30.192759
11.541486,8.345745,3.139619,13.091613,1.559855,0.905479
22.345261,14.898042,6.228587,30.359673,7.886288,35.898849
30.277334,12.215661,12.202514,47.057957,13.829516,15.459002
15.282017,11.122413,4.565346,44.049015,11.722147,3.854811
15.790537,10.816530,8.211624,29.834469,8.898411,24.842529
24.263836,16.367805,7.965387,24.266319,8.223514,42.643970
10.174343,7.078645,3.411232,11.093215,1.744799,1.308070
13.398705,9.521386,8.193769,12.805266,2.221167,3.943873
24.030624,16.255062,7.660028,29.301624,6.568199,10.720197
30.591700,19.185923,16.823967,44.076141,12.018568,8.927858
14.179340,9.719552,5.226015,5.463506,1.212470,1.918845
25.565804,17.270388,9.441178,14.605752,4.135622,5.450451
21.889536,15.156612,7.640093,33.333866,8.363718,8.704823
9.444673,6.807137,4.267532,16.389538,5.035016,4.140838
6.085595,4.557742,3.239925,7.075703,1.908785,1.747569
23.811680,15.821404,21.689323,76.949646,21.434042,127.158966
33.053745,21.644993,16.941660,40.173061,10.525859,26.486315
8.284755,6.338821,3.454951,14.963779,3.322378,3.178051
6.607638,4.571555,3.151771,14.488690,4.812025,10.144648
24.648121,16.937338,9.649295,45.213619,14.508265,16.555014
24.256149,16.511648,19.108339,68.824081,18.676771,68.747383
12.913448,9.413345,4.220951,9.190312,2.489757,3.739419
21.609690,15.133611,8.245181,30.797348,8.334352,17.385048
16.271172,10.959127,4.677457,20.380726,6.156250,10.033057
7.918358,5.705665,1.981646,11.413567,2.738735,3.912885
19.587950,13.716400,5.235050,30.927576,8.059582,3.393320
9.547185,6.722489,3.938021,10.583610,2.465984,10.341505
14.020204,9.319691,4.601614,22.063860,5.887352,5.293081
19.527351,13.755363,5.928767,26.376890,6.895942,2.145077
25.773462,17.459072,9.242101,23.399006,6.643332,24.613934
15.011634,10.297955,6.588999,14.702226,4.900855,16.758434
33.164436,22.368673,11.380462,58.412487,16.267139,70.180229
12.951903,8.843810,4.741756,16.604071,5.152838,4.321168
6.146519,4.708718,3.460178,22.169487,7.164092,1.004695
24.933796,16.984194,5.431806,30.809235,7.873111,26.055725
36.274887,14.548000,22.231485,84.053894,24.982624,105.648300
34.956944,14.256605,25.787374,100.581337,25.792213,114.905128
35.519756,21.655500,23.921640,116.937180,35.008499,45.431019
8.955445,6.434181,3.339148,7.795957,1.521417,1.826538
8.104825,5.783832,3.746905,11.274920,3.684319,1.621833
8.619569,6.447217,3.013833,3.531189,1.757282,4.590124
9.430423,6.470453,12.224932,36.501202,9.822272,22.449886
20.415051,13.990582,5.924294,34.803432,10.098553,17.721090
13.530507,9.624211,4.865653,27.990219,7.767608,7.546426
22.613293,15.299850,13.071254,61.923592,16.414576,7.821044
34.699436,22.299479,11.688576,76.574898,19.551462,8.041487
16.571936,11.650693,11.269777,19.447041,6.255705,39.590141
12.599147,8.992059,4.775935,15.149694,3.620267,9.858978
11.138532,7.744512,1.854843,18.480721,6.079715,23.569931
36.454418,24.907660,9.277588,50.811535,13.204659,47.733299
30.850494,20.896664,10.180646,32.285175,8.362646,6.628546
23.787275,16.500271,7.365620,34.510231,7.796098,5.281764
56.643585,36.026970,30.124899,58.173134,15.580203,27.232368
10.594134,7.651491,3.331122,8.045722,2.907280,2.916206
21.603773,14.134944,8.404056,17.434160,4.990838,3.531898
36.005943,24.485342,13.863328,57.669083,16.309404,51.612808
13.452044,9.641940,5.598753,8.748348,2.863486,14.087133
6.778811,5.190864,2.758936,32.909916,9.387870,2.005269
47.776825,30.625862,11.793432,41.651390,11.547675,16.003572
10.564306,7.679540,3.716868,24.409649,7.585544,0.733112
18.742424,12.839816,13.911602,47.422951,16.545889,53.728672
14.789648,10.363553,5.772181,12.510817,2.469741,2.618370
16.234295,11.152637,4.782262,18.628031,5.229585,5.182386
5.308907,3.623997,4.376532,11.566466,2.308901,5.928723
10.031688,7.238019,4.272715,11.703161,2.775815,5.317823
7.683295,5.316713,3.190680,13.354281,3.615571,3.245797
30.594307,19.832590,7.851648,42.100960,10.542912,14.855448
7.614153,5.148422,2.894584,8.283236,3.467241,1.050678
26.316053,17.839111,22.755768,67.721359,18.973215,78.412872
18.004194,12.416264,4.896309,22.028568,6.026974,29.205645
28.057657,18.565218,9.743786,64.319580,14.213647,6.141210
9.404642,6.693686,4.039344,10.291984,1.630051,6.695669
7.483132,5.637487,5.483284,45.419945,13.914804,2.265011
7.287831,5.188567,2.782720,10.373795,2.110489,0.414985
5.043006,3.532937,2.471112,6.197941,2.456914,11.352308
16.453468,10.899532,9.710266,44.606323,12.847656,14.542176
41.134617,25.201700,26.081205,81.065681,20.718117,121.447098
21.631866,14.815746,7.239047,18.612722,5.326881,16.372059
53.802353,34.125755,16.678461,54.161026,15.847855,99.182922
7.187191,4.863162,3.277481,10.577394,3.700666,3.776599
11.946536,7.980447,15.018922,97.560699,25.031027,19.355307
17.894892,12.210141,9.513442,33.054218,8.549808,8.975986
17.066347,12.035831,8.854562,23.495237,7.648326,15.002146
11.928816,8.256102,4.430476,10.492724,3.288111,1.870676
6.326571,4.468896,1.565405,7.758609,2.568093,9.983736
15.593654,10.051132,33.051155,122.503181,33.442940,88.025543
22.351772,15.715013,7.160924,18.740093,5.436893,15.006875
20.925552,14.161739,9.306629,31.241261,7.522108,9.531651
13.763268,9.201078,4.883539,21.957867,4.920156,7.344863
26.391092,17.906792,6.884655,39.422680,10.645052,7.799346
15.004586,10.330368,12.193585,49.669579,14.138487,19.208838
10.073610,7.230441,3.967319,13.470028,3.181986,1.081241
8.112519,5.469755,4.901007,36.029259,8.062238,13.857841
77.664703,47.580109,22.535917,79.774239,19.106985,15.646374
5.235329,3.851893,2.628979,16.228495,5.765007,36.038414
22.215645,15.080421,11.127720,28.428097,8.569432,10.497753
15.753502,6.584692,7.477090,35.879356,11.044246,14.597420
14.371735,5.636350,7.068445,41.841335,12.116592,15.428748
7.486188,5.269214,5.649764,41.643257,10.109267,3.461318
26.584343,17.613029,12.697667,37.455273,9.760883,29.707468
13.526352,9.783347,5.789915,13.222199,3.337302,3.953677
21.496513,14.939904,7.032173,21.613607,6.258708,19.706324
21.784037,14.951328,5.982738,13.730836,5.302290,18.617537
14.944606,10.640919,6.223372,13.527003,3.280019,12.831288
18.599785,13.298005,6.939377,38.213173,9.345165,1.551025
23.040997,16.192928,6.639060,20.629646,3.853988,2.919957
8.925414,6.487962,3.889043,46.194427,11.802084,2.140889
9.479544,6.788364,20.948463,74.020775,19.625507,6.262404
13.629273,8.909705,5.858869,24.051069,5.975834,36.869389
22.223915,15.117826,12.073914,34.659847,10.302014,51.290966
33.003201,22.472109,14.209536,64.440155,16.349936,10.961905
11.824726,8.395788,4.290446,11.038980,2.774727,15.530730
25.502213,17.337049,12.352023,55.721786,14.654994,15.535659
14.563720,9.823348,4.107366,17.137960,4.559097,7.680470
32.450829,21.739985,15.080421,38.331429,7.990371,10.558463
43.751045,21.716103,13.071685,65.177902,19.496342,18.097372
20.131058,12.800943,11.090324,74.143349,19.751719,11.575862
36.043179,23.939310,10.937304,42.402096,10.886644,8.649854
19.003614,12.758071,5.778366,6.448005,1.342087,12.315140
19.307022,13.240546,8.076027,32.475506,7.595851,5.131000
17.243690,11.844748,6.189897,13.962290,3.457314,1.927943
23.526150,15.743031,5.602618,50.042274,12.821700,13.213835
14.913817,10.043843,10.705261,37.273026,9.301015,38.819702
58.264988,32.518822,36.674809,114.290398,34.653648,189.823792
13.048280,8.888259,16.212275,45.992893,11.743720,78.964958
31.471502,20.515251,27.297419,67.263260,17.789011,19.364716
21.662832,14.557552,4.625066,23.920225,6.843310,4.289179
25.242243,17.329540,7.655175,20.907187,7.454147,49.088573
26.195335,17.491949,9.712196,23.799938,7.206545,35.335304
40.572372,26.574554,25.487278,131.634186,32.240559,25.009441
33.495422,21.810818,16.669136,49.190273,9.738780,4.491785
14.754016,10.441575,11.150870,22.981361,6.401804,28.193369
16.217670,11.239535,14.271486,31.023512,7.727351,6.636292
4.725372,3.484324,1.774857,3.826943,0.461732,1.142996
32.982563,21.125860,18.431618,43.398682,12.150773,43.198860
7.177501,5.026945,2.777317,8.891531,2.134601,2.765108
23.332758,16.007631,11.470129,25.932734,6.182004,2.814945
6.010669,4.259579,2.327091,50.125072,12.444794,2.139231
27.327555,17.949406,8.483872,44.279461,10.285051,10.848563
17.407757,11.485663,3.690420,35.571617,10.058038,7.015151
6.950871,5.169546,2.426889,16.718178,4.058064,0.391396
22.329887,15.089746,7.856622,30.021799,8.138398,4.761935
32.605938,12.362322,11.843301,71.588402,21.073879,82.678719
33.021481,15.261071,14.238276,87.498657,21.531273,116.365089
31.413071,20.008871,11.771952,44.676796,12.013189,49.127758
5.615024,4.187592,2.931234,23.294861,6.246007,3.044750
19.795208,13.698309,7.188243,34.486748,8.482041,6.064365
22.747791,15.836794,8.744157,18.797735,4.925353,13.046444
16.124098,11.445051,5.861966,12.718887,2.679159,4.855033
18.750221,12.542348,3.233209,22.520395,4.729981,4.696964
42.306419,26.944225,13.226754,57.559784,12.391277,5.554392
5.066766,3.973737,3.276114,18.146393,3.980440,4.709011
12.347561,8.508919,3.889535,16.734234,3.845521,15.516991
29.949030,19.232924,16.202555,31.999279,8.744902,44.750114
23.527641,16.215450,24.095274,95.830544,25.627792,23.412119
12.576600,8.709894,10.810242,56.523170,15.469228,7.975331
14.467141,10.409797,9.736033,16.042950,5.090883,7.360471
15.277223,8.012783,5.825274,17.175089,3.535792,4.384710
26.190315,18.067118,8.265567,52.768997,12.208424,4.870277
19.814585,13.404785,5.966735,32.515190,8.502269,3.713220
11.270921,8.184847,3.829877,13.137134,3.901165,5.015720
8.132516,5.818525,4.780358,12.079026,3.455313,6.251287
18.163166,12.489920,7.150683,17.600479,6.172950,16.134235
11.300461,8.157595,5.008160,8.780146,2.485069,6.517158
31.215082,20.055853,15.465807,51.843033,15.218418,10.975647
9.017444,6.201355,3.673505,8.887921,2.440570,11.318996
17.566628,11.918433,4.916888,18.371634,6.121638,34.795101
9.612991,6.917164,3.815742,10.336728,2.465261,3.199920
15.937557,11.333288,5.230108,10.884756,2.700700,1.530289
33.410381,19.927843,26.888044,127.091660,29.093079,24.278854
14.597977,9.821404,7.257021,57.791126,14.240669,6.596237
19.037685,13.102360,5.884927,47.417934,12.949101,5.040843
6.064742,4.218261,2.865620,14.820045,3.312311,5.809710
10.599071,7.478645,7.298101,25.193333,4.954719,6.375815
10.560664,7.363247,4.730438,8.602457,2.012241,4.270021
9.388758,6.331115,3.899720,17.457348,4.652703,1.925324
18.473440,12.633667,8.783595,31.431023,10.079799,5.983970
4.448637,3.167618,1.954740,4.160859,1.759151,3.278708
7.281691,5.562998,2.988671,12.914747,3.486985,1.309868
31.540672,21.206429,12.384400,56.270592,16.690113,42.950714
34.813747,22.857124,11.866392,21.399443,5.801498,10.753371
27.622143,18.846958,9.738195,33.141769,7.636925,36.030800
21.730270,15.274297,15.812004,86.510399,21.589500,13.383591
7.226831,4.991963,2.213820,13.145823,3.241593,4.673583
24.014277,15.776159,9.309968,22.039705,5.288382,3.454960
13.377827,9.684098,3.420690,13.149215,3.368628,2.264374
14.781507,10.415220,4.463779,20.106113,6.078500,29.671608
3.944850,2.979561,8.348312,34.105076,8.457164,7.117180
7.058271,4.767400,3.283774,10.971293,2.654584,8.244447
25.976048,17.640745,10.304892,67.616859,18.842533,41.131416
22.929869,16.247208,7.367659,27.865274,6.980153,20.093246
7.637235,5.182238,2.139990,18.915924,4.975424,2.673969
14.192917,10.094883,6.542675,29.979404,7.284789,21.411804
26.140184,17.378441,8.739559,34.824333,9.893764,5.288974
16.271074,10.934347,6.629577,75.181824,20.329161,49.227234
34.048744,22.407417,14.076855,35.073395,8.950910,34.432590
21.502604,14.470800,6.262089,16.237732,4.608045,14.059543
25.911713,17.522852,8.459946,17.165037,4.428321,5.058105
20.121065,13.621840,3.989660,26.188301,6.798022,7.920422
16.433622,11.174613,10.956783,32.232677,7.720596,7.018894
9.670995,6.631331,1.985922,14.342123,3.196254,4.268728
36.535980,23.709335,24.851299,66.657784,20.021526,121.708786
15.068567,10.580520,3.913061,27.089493,6.365353,5.593239
12.414860,8.719388,5.308945,23.754126,6.863137,17.390730
6.921576,4.699065,3.612764,22.772455,5.655611,4.230996
6.588496,4.718131,3.872859,49.179951,13.220466,2.444001
19.197420,13.050867,16.430294,24.011829,7.263033,64.238480
20.175251,14.071724,8.438352,18.097351,4.024423,3.202377
14.982344,10.468954,5.224342,24.637373,5.519304,24.439472
51.195812,30.862156,20.840288,46.313293,11.847081,42.790390
19.986267,13.622647,6.998192,32.078178,8.446622,16.981045
18.035894,12.060791,6.961652,29.612551,8.286832,7.906987
40.719715,25.305012,25.082228,85.641457,20.570734,18.163792
26.927664,17.995764,5.766418,39.366810,8.534534,4.603953
28.511330,18.631769,10.084455,41.434101,9.958016,5.874416
8.676670,5.926314,3.581230,12.299735,2.352084,3.498825
22.014252,15.296616,5.664115,18.461584,4.450831,5.398438
9.748899,6.700737,2.661387,19.391062,4.388012,5.092686
8.923658,6.312061,3.902025,11.330791,2.332961,11.945044
29.839846,18.334929,34.936703,190.143234,52.591599,46.582458
28.671089,18.447983,13.749233,67.488441,18.299116,13.257245
9.901913,6.946214,3.799778,20.160261,7.472764,7.174238
6.289393,4.191668,2.778603,8.324533,1.953296,1.345860
22.513910,15.570828,7.521635,25.472010,6.936704,7.763906
6.933302,4.655079,1.781759,25.204155,5.649455,5.162959
26.882593,17.276960,8.813246,23.130827,6.302599,16.180382
32.462532,20.517076,29.880722,134.122833,44.016392,52.448223
40.386856,22.864157,15.606480,41.416866,13.867352,59.312424
27.070929,15.691044,12.887140,77.039680,22.528242,27.837513
36.319557,22.783779,16.476454,57.708576,14.718422,30.504383
38.299652,22.676207,29.978394,166.915222,42.554382,42.944439
12.352082,8.853009,3.254532,39.837852,10.009131,2.069039
36.756664,16.793026,10.619774,23.267433,5.879550,4.324339
23.866631,16.167406,7.550910,33.018761,10.001661,25.563040
9.204486,6.053984,8.413295,28.167692,10.113180,25.438885
12.366928,9.049505,4.907192,15.527855,3.880100,3.150178
13.494740,8.837016,21.639038,110.602585,30.037565,140.730865
23.990486,16.387024,13.372500,34.307968,10.174803,39.156433
9.431991,6.918934,3.008031,10.970285,2.768978,4.257284
30.337475,20.954935,6.377559,41.754772,8.249970,4.637893
7.628475,5.345987,2.313734,12.698470,4.022881,2.956857
12.189045,8.643704,3.604026,11.769076,3.585582,5.100776
20.419250,13.720812,19.164211,64.221214,17.993450,20.670044
52.636509,32.643799,22.295399,77.614677,21.267733,93.237732
30.193102,20.549406,11.967210,38.728779,10.441229,21.379597
7.475184,5.155490,3.902274,11.344838,2.918107,1.888156
15.862578,11.096791,7.062360,19.930410,6.358773,17.323114
13.535666,9.459284,7.071148,20.787395,6.492687,28.116009
15.942430,11.205542,4.540136,21.782890,5.477284,8.915381
14.102971,9.781414,4.758047,14.619925,3.863274,21.998365
8.536956,5.917459,4.364843,16.185894,4.798091,12.736529
18.395924,13.106138,6.730338,59.831394,16.215096,5.443226
6.402350,4.601717,3.158007,27.525005,7.882677,12.400845
28.492662,19.172060,12.510422,52.015114,13.766841,5.674980
22.775507,15.386992,14.318236,70.110138,17.243376,6.942002
12.919687,9.476864,6.714894,15.374787,4.089566,8.866599
31.717211,22.087324,8.975009,26.987833,6.650840,5.820496
12.041272,8.038770,4.426847,13.309289,3.441171,12.727724
15.063514,10.481759,19.001690,49.165295,13.432991,77.350662
4.561179,3.358383,1.966864,10.804957,2.651051,0.861217
12.762370,8.718219,4.284588,14.966136,4.229862,11.306822
9.679472,7.013340,2.808700,14.960915,4.686920,16.051161
40.598167,25.909817,20.558609,90.636650,22.437862,30.251122
5.396323,3.997254,2.808227,11.083703,3.205309,3.115130
24.919855,17.370720,7.571117,22.422966,5.973374,12.481481
9.094637,6.570932,4.659141,16.077696,4.262687,3.717881
5.599026,3.770108,4.971664,68.807892,16.634424,21.290934
26.599310,17.410583,9.579336,22.931129,5.823731,38.524658
7.537576,4.951055,4.271613,29.631718,6.797324,2.310451
12.591473,8.442211,4.311038,11.388193,2.460670,2.454877
28.411108,19.078945,10.650078,32.006420,8.320202,4.188919
26.157736,13.035276,8.296906,52.156719,12.270940,7.883135
55.430523,33.825050,23.469831,43.838650,12.523719,33.183838
6.363267,4.341698,2.241052,5.824715,1.169660,0.908058
28.581459,18.540333,29.722395,91.924202,22.392313,19.827675
39.116196,24.064819,19.339956,93.032471,24.388605,90.116196
12.522369,9.032811,4.136408,10.708323,1.559033,12.671926
19.730921,13.137924,10.759622,63.773991,18.920816,11.881167
8.637400,6.412012,1.446299,33.516777,8.989495,17.193441
49.350464,26.127811,23.474951,76.490349,22.369970,51.281532
32.709770,18.489861,22.554823,99.622734,27.886496,116.005699
25.259520,17.092180,13.690092,21.865561,7.824745,25.587969
9.832242,6.957664,4.516380,29.153229,9.493788,17.901268
27.689898,18.273027,30.256517,167.889648,47.455196,64.141197
3.861901,2.993147,2.129204,9.713666,2.261222,0.428452
8.315029,5.727308,2.884931,19.878475,5.878953,2.070771
6.825400,4.747557,3.133465,10.371623,2.811789,1.956969
22.024479,15.006454,5.635302,17.571493,4.326396,16.639507
32.400188,17.561352,35.315792,249.506989,66.151222,47.232376
8.553823,6.030879,3.784264,16.662251,4.711362,1.796109
41.209702,26.637341,12.305778,41.032932,10.406971,12.298160
42.012165,27.348909,13.254129,122.713562,34.081291,10.725471
20.582586,14.502616,6.144183,11.013611,3.469628,2.548431
25.859608,17.605333,9.396580,53.682827,12.662464,59.591179
19.999300,13.986704,6.884331,17.725573,2.580280,2.539741
22.818747,14.841854,31.787512,82.171211,21.457157,18.951361
30.121384,19.904688,19.752451,120.947227,27.283121,13.510799
38.643311,24.925278,16.244272,54.695961,13.376559,31.492229
9.933254,6.895542,3.736830,32.779396,9.277445,2.403791
19.354113,13.085319,12.173694,36.064823,8.302991,12.268040
15.882507,10.467422,5.716724,39.242348,9.115322,24.709347
14.347327,9.727596,5.397762,16.361753,3.860696,4.545526
19.066315,13.696956,6.421998,22.296539,7.068517,30.837389
20.242039,13.565104,7.635398,31.427172,6.515283,16.330463
24.836428,16.884405,8.521195,25.724293,5.718328,3.127316
21.094584,14.433919,8.951575,28.174135,9.035508,57.622849
7.528626,5.259257,2.891207,12.147578,2.689300,0.460209
33.987354,22.053087,17.962645,48.007595,12.206432,33.767296
21.128660,14.797246,7.988326,12.420765,3.296497,20.047880
15.998967,11.382668,5.943136,17.976856,5.321069,14.761269
59.233727,36.182526,16.982958,74.223320,18.666864,11.471571
29.986193,17.812315,20.048161,65.890381,18.982363,44.396481
6.574098,4.808687,4.825738,16.756119,4.016368,3.261280
25.654543,17.186174,10.187494,38.840755,9.110722,9.872259
26.870506,18.121906,7.447252,45.159981,14.030910,54.481274
49.618233,31.003605,21.273739,66.254784,16.530405,50.660645
6.801579,4.941571,1.231109,29.038467,7.280694,10.718278
8.992423,6.351430,3.295308,12.909363,2.318510,2.160845
25.558815,17.597198,4.924313,28.605640,5.728263,2.892157
6.940016,5.106444,3.239617,11.801812,3.086918,1.461380
26.354269,18.027893,6.250097,33.563232,9.180393,6.086175
24.374201,16.429049,7.508037,12.632448,2.627760,4.787879
7.298000,5.110165,2.992798,6.476048,1.429145,0.816390
14.120515,9.985561,8.008238,58.167599,16.432102,6.220951
29.571827,19.770365,10.755094,46.050140,12.789228,28.858055
25.165955,17.263746,8.200918,22.256920,5.743267,3.783504
39.154633,26.502554,20.961334,93.958717,24.901098,52.501743
11.562154,7.937331,4.247178,16.914368,4.808877,2.110006
9.312022,6.696713,3.516686,16.724012,4.382557,2.528460
22.720287,15.325058,15.992370,48.960327,11.543017,8.639282
23.293234,15.756847,7.718202,50.091892,13.853186,6.020723
23.611303,16.102102,9.176204,37.730453,9.551381,4.497550
22.809778,15.371265,8.177344,24.291533,5.386220,6.855243
17.595491,10.568888,4.396760,27.648146,9.408385,21.107803
19.983225,12.428647,5.297982,37.964836,9.762228,21.410009
16.441032,11.269797,5.553478,11.408689,2.148030,9.717900
10.180689,5.610943,4.545151,21.593105,5.667748,29.296757
18.305260,12.295758,9.392581,18.815310,4.389764,2.951750
37.877556,24.603039,15.935603,81.677383,20.379742,7.234540
13.845177,9.741411,4.860291,9.352854,2.166615,16.018358
18.260756,12.592479,5.665865,14.482841,3.328996,9.350176
11.204208,8.219061,2.014210,11.587471,3.249438,6.434608
12.458854,8.913114,4.447141,42.204910,11.063396,4.455680
11.270648,7.723633,4.063300,17.002676,4.047211,15.056843
11.175064,8.088514,4.517473,18.628672,4.542000,9.186579
28.965643,19.463053,10.700293,28.309761,6.117077,9.034186
5.127480,3.664962,2.834700,9.759376,3.087408,1.064983
17.018120,11.901163,5.470917,14.011231,4.675192,18.326090
32.828800,21.406549,10.668740,22.444073,5.329702,7.730915
15.335227,11.062672,5.056042,11.929220,1.959352,2.816993
18.870975,12.373828,4.499450,31.388201,7.763651,11.860362
7.249029,5.335361,2.848982,8.652921,2.377521,2.858032
34.585579,22.849556,11.884339,39.644512,9.471056,9.745581
48.247971,31.432840,21.313583,109.950424,27.640841,21.509153
15.475805,10.667814,5.614182,22.895456,5.701067,8.195668
20.244205,14.070911,7.346050,34.400635,9.567828,3.090799
31.120596,21.221678,10.229734,20.819948,5.739903,6.956692
29.973536,20.317644,9.509635,18.860779,4.354720,4.555951
11.400512,7.691036,4.439200,19.449888,4.496431,9.706016
23.791588,13.182033,14.912030,60.111706,15.955480,31.295259
58.366066,33.832954,21.441572,57.820374,15.842017,38.836071
29.719482,19.557423,10.524090,37.941010,8.863083,5.533602
28.305801,18.797577,22.661928,55.119835,14.653858,52.421265
17.005928,11.287233,15.546883,29.183029,7.007463,19.143543
12.896479,8.762323,3.907845,20.899078,4.818735,13.975085
10.255360,7.261464,3.393378,31.492479,8.254668,3.899600
20.024281,14.096138,9.854854,27.092649,6.210658,6.847471
34.643951,21.741102,10.161256,29.405230,6.761267,10.322216
25.476366,17.431988,10.668192,26.835747,7.516533,7.180133
12.379354,8.957135,3.362465,16.602377,3.879851,2.817636
42.508823,20.282043,12.662018,37.938225,12.314274,9.738493
51.370735,28.418850,24.649891,50.984173,13.145932,13.787242
5.318563,3.772117,2.735063,22.903048,6.359558,1.150519
25.721672,17.252234,8.181116,39.316730,8.672357,9.283437
16.758350,11.175954,3.299828,37.970074,9.941350,4.622375
12.012582,8.699135,5.128782,44.846954,13.688848,6.858342
30.278389,16.602774,17.063900,50.114323,13.094489,16.833553
9.767220,7.094153,2.840334,12.306151,3.798112,2.475096
12.454674,8.742044,3.778641,29.830036,7.391491,1.214041
12.775241,8.497542,5.976750,31.823517,7.946363,4.118740
23.834305,15.912004,6.833382,34.527596,8.262078,8.227184
5.103861,3.686206,3.373731,17.717340,3.796059,7.454425
28.498215,19.500841,16.626530,24.574533,5.547799,8.494763
6.701847,4.598964,3.107867,11.570650,3.485546,1.450868
32.409958,20.267040,30.467968,116.159019,29.086096,35.474957
24.351397,16.533119,6.031625,21.383598,5.800007,4.681848
7.684634,5.222270,2.408817,14.250210,2.792014,6.658690
13.911928,9.605412,4.390662,19.754478,5.241747,1.862427
27.367155,18.490618,10.218183,29.227175,6.869526,5.010363
11.467197,7.947837,4.444256,32.425804,9.821612,1.162224
36.568966,23.635880,19.330044,62.029984,18.465347,102.241051
9.044153,6.675641,8.949570,29.307646,7.497734,3.919335
22.542994,16.058413,7.423744,13.737089,3.202143,4.685548
11.460290,8.002291,3.574997,14.243685,3.202490,3.024098
24.024340,16.720617,9.047745,32.372833,6.804092,5.931104
14.761190,10.082585,5.649339,20.278515,4.881311,1.622000
24.930834,16.761467,9.911611,27.335495,7.752545,13.812397
13.646973,9.540666,4.156950,28.581654,8.748585,15.855640
12.319171,8.484838,4.366676,12.918019,2.396636,3.391451
59.736233,35.724094,24.712429,40.710224,10.396000,11.961755
14.608714,10.581456,4.983494,14.158837,2.989329,0.082296
13.434780,9.575389,4.586181,5.685915,1.665092,9.817966
18.799936,12.977308,7.331814,39.206066,10.907014,35.336807
14.037827,9.637881,25.189964,72.323631,20.473543,12.841489
10.545146,7.397609,7.331703,34.767597,9.380858,4.093784
22.007536,15.806560,6.775862,38.236317,8.658540,1.667022
5.973115,4.448383,1.630850,17.025000,4.093927,1.400952
39.354752,17.960020,11.179788,34.765709,11.903287,59.497726
32.211224,15.432480,10.055737,40.189930,10.748330,28.935381
13.990576,10.047432,4.438561,11.447915,4.722505,1.511441
8.593437,6.335141,2.904295,26.839252,7.543098,2.446507
9.522826,6.784388,2.660980,15.129727,3.234720,3.363150
33.178833,20.870443,22.986572,36.846981,9.731601,13.617914
73.670570,38.775932,53.765709,215.507889,65.124565,97.408836
11.870284,6.650808,3.471555,4.532542,3.215259,4.187868
13.014854,7.379351,3.445755,11.232396,3.085868,5.651911
20.121243,13.789736,11.058000,36.051830,9.430885,8.041253
25.342024,17.338026,10.451870,23.572481,5.374029,3.440143
13.447963,9.845448,6.019454,13.549011,3.138110,1.801519
9.035176,6.133416,7.904483,27.075747,7.215501,5.316937
34.315639,22.713675,8.943542,31.741896,9.325982,22.004993
14.060555,9.799547,4.469439,32.508347,9.541688,5.983582
36.356598,23.080343,11.063178,30.423649,7.683429,19.100504
42.021988,26.262863,22.596487,116.331192,32.109299,43.159904
23.160410,15.044406,24.030365,72.810547,19.622166,29.151108
16.622183,11.290580,5.120549,37.420700,8.498477,2.529330
14.096915,9.826829,4.583052,12.804512,3.524939,2.751709
9.010278,6.255880,4.045288,23.086037,5.930103,20.893816
19.565369,13.630136,13.186881,26.716457,7.513622,10.720648
22.435246,15.284870,6.765641,32.890793,7.778149,1.556651
8.254419,5.784581,2.502929,16.575081,3.754485,7.949532
4.766710,3.623824,2.758976,8.817175,1.574765,0.967595
24.087456,14.298055,29.461416,97.735481,23.731060,20.725666
30.792023,16.906008,6.887493,19.774979,7.172606,6.872427
26.963861,16.594360,8.732813,39.346962,11.754190,3.478078
13.116252,9.193382,9.805087,61.302620,15.805025,4.189975
37.392914,23.957054,11.215938,27.919971,8.226112,30.577419
6.337407,4.312571,2.253896,28.582817,7.140135,1.233316
5.172225,3.536343,2.556529,11.066000,3.446204,0.320958
10.816605,7.415586,5.259603,12.897593,3.147050,6.219496
7.422841,5.429605,3.429394,11.723958,4.412535,2.117641
45.406132,28.440910,15.221718,119.393227,31.988516,14.802706
8.095197,5.462373,4.217413,17.426291,3.239173,9.861032
6.378697,4.328110,2.585426,19.166452,5.044820,3.199461
28.089050,18.973848,7.019186,51.286209,12.830237,5.910627
44.839157,20.734035,20.715628,79.376175,21.043262,47.922054
22.059809,15.487151,10.616222,31.296846,8.664094,38.669579
14.961232,10.113214,5.213572,12.541826,2.804603,2.413777
30.671154,15.659555,13.471345,107.488571,32.049198,18.912235
24.007504,10.588266,13.191364,107.078072,27.371994,13.393682
40.618156,27.114279,28.128767,68.051437,19.159237,22.456926
60.244743,38.179443,24.706007,45.664673,11.278529,55.129208
26.799398,16.800797,10.484238,21.964489,5.627682,7.868952
12.347001,8.415448,4.065024,66.070580,13.458506,2.301420
11.953122,8.828539,3.657201,31.361904,8.277514,10.210155
19.520674,13.593210,17.696779,88.885262,21.694283,56.372765
11.972196,8.520078,4.983654,9.394869,2.236022,1.137520
9.001337,6.605437,7.085874,11.259723,3.523931,8.603569
3.969494,3.061145,2.003029,46.878613,11.710147,2.630877
16.405602,11.572675,11.850073,24.698950,5.523101,6.911745
5.383972,4.091932,2.223787,20.262949,5.028385,1.659584
23.198475,15.959009,11.770278,29.949127,7.797172,9.078459
26.747465,17.782194,8.715598,39.658936,9.189087,4.488267
26.828835,18.176641,9.950285,34.420448,7.964909,9.380357
14.138650,9.795906,12.358740,53.765209,12.866825,13.881242
11.355772,8.049939,3.281465,26.591166,6.469362,2.574922
6.901914,4.647617,2.861417,9.012135,3.018802,5.269744
14.916966,10.451432,5.080041,17.754662,5.227555,20.098759
6.158915,4.046029,17.625172,35.295589,9.873523,15.907282
15.315585,10.582413,4.460863,22.772709,4.767399,1.944681
32.911411,22.420458,9.241837,56.474426,14.940866,7.764027
12.716153,6.435449,3.319461,22.516953,5.879648,3.749247
28.061529,18.783710,9.838476,31.129023,8.366404,17.490913
13.146468,9.553683,3.394878,16.879200,4.488790,17.158955
19.663851,13.453670,8.251722,21.386301,5.578418,6.090373
27.463261,18.814259,11.404613,24.916328,5.251256,29.838390
8.163573,5.819126,2.903181,21.260380,4.756502,9.499738
27.645430,18.805651,11.954522,30.517580,6.968941,24.202177
8.248468,5.552382,4.298618,6.285785,1.429852,1.542658
37.232052,23.386126,16.099596,34.873196,12.473734,40.876068
25.040783,17.506516,7.141341,18.716930,3.665684,15.604074
7.897366,5.427067,4.891841,31.250790,9.258462,4.121701
24.520023,16.820927,8.518921,23.156565,5.400970,4.700949
6.348783,4.683541,3.251769,7.113337,3.008996,2.903997
17.610722,11.898615,7.184969,32.906055,8.047735,12.420226
9.919716,7.053343,3.154090,15.882062,3.630620,5.204340
19.052656,13.303362,6.792943,16.407742,4.386374,9.439249
21.887747,14.681975,10.905598,44.407394,11.883670,4.387386
36.722485,20.166828,16.348082,51.865025,14.237062,28.507751
19.167278,13.405741,6.357658,17.945173,4.696614,6.659899
16.598450,10.729725,11.515991,53.104427,15.599024,38.590435
7.555147,5.460238,2.996981,9.858582,3.647474,11.033955
6.631337,4.361333,2.782743,37.998558,10.975357,11.810135
15.781178,10.795756,10.516726,40.868572,9.466715,9.298591
40.101624,25.943274,15.119258,65.197617,15.748227,21.535118
6.619955,4.621040,2.171739,15.261943,4.550963,2.512970
11.163666,8.079579,4.373646,13.212552,2.836154,19.252695
13.740199,9.331453,6.975303,14.704604,3.481106,11.906154
14.409602,9.855012,9.399541,30.379715,9.076621,55.598915
12.013115,8.312053,4.848536,41.688217,11.288794,2.411416
43.998283,25.549528,20.514458,114.892365,31.157509,27.812151
7.221491,4.984243,3.602793,12.043167,2.274361,3.095918
13.741622,9.336413,3.370041,36.750313,10.554144,1.938470
37.709587,24.185530,27.062506,75.181030,20.491875,7.700259
23.951809,15.542310,24.106804,65.031349,17.383383,51.811695
9.434839,6.787964,2.953848,23.799456,6.800697,4.378466
29.929234,19.902628,17.041771,84.792389,23.866964,14.749043
7.460377,5.483659,3.408051,10.093459,3.005508,10.098451
37.675323,25.055861,12.589027,33.200920,7.884946,13.984983
6.168262,4.328882,2.832361,11.366818,2.812574,5.670436
26.040091,18.467402,7.723501,29.522493,7.538909,8.400937
15.295244,10.540554,5.268170,22.454975,5.650330,17.238218
41.456982,26.418465,12.582600,42.633034,10.217914,6.845992
9.042398,6.167323,3.715888,11.348097,2.454976,1.814091
30.767908,20.380392,9.440147,25.124262,7.277159,7.937885
20.187529,13.614445,7.166137,38.796574,9.407516,15.115566
11.430968,7.425477,17.935789,102.331894,25.130453,26.772484
19.766066,13.783945,6.059277,50.675190,13.803679,3.745261
25.695253,16.885336,8.618912,57.117733,14.214773,9.511309
9.258725,6.488175,3.306224,36.546986,8.259526,9.047115
18.520319,12.597605,5.545417,36.673058,10.108848,10.225718
7.909334,5.565633,4.344301,10.440187,1.710651,2.643504
14.313818,9.983292,5.164231,15.129492,3.834915,11.172498
21.467136,14.449173,8.318982,31.125761,6.732460,1.687268
52.304943,30.274553,28.524754,116.520164,31.211361,17.615164
30.837477,17.829117,21.298487,82.247498,21.305531,41.148647
7.001151,5.308108,2.850079,7.970667,1.983786,2.006309
9.024310,6.273348,3.382312,28.467821,7.150510,1.648905
24.503305,16.495316,8.599325,16.988617,4.040494,11.875921
22.812105,14.862011,18.810102,38.581532,4.387714,13.882638
24.792995,16.650351,7.603842,34.820236,9.850937,73.148506
19.926296,13.668282,6.658845,12.059221,3.850245,27.977356
4.553259,3.234172,2.806574,18.368237,4.896512,5.219012
15.822420,11.359992,5.910775,22.091671,4.519548,23.255472
5.557770,3.764141,2.076716,6.337234,1.856859,0.811017
23.367270,15.708368,8.979323,12.562740,3.479064,11.573956
13.570006,9.044475,7.951272,45.299637,9.226406,14.420186
7.542473,5.198688,4.673918,17.505730,3.315231,7.899851
12.776014,8.609476,5.083672,13.551609,3.421615,13.641825
12.204458,8.781163,6.003025,20.964252,5.336973,18.765696
21.418821,14.549539,3.841254,29.947134,6.904604,4.909149
12.886230,8.605471,5.097960,9.559604,2.613595,4.945201
14.474845,10.437839,5.895233,20.560295,5.084356,9.471421
29.193991,19.931202,8.775842,17.342884,3.416083,2.621727
33.976700,22.257408,9.727411,25.805603,8.048039,24.122185
20.527132,14.070125,8.775323,29.909382,5.668111,2.436135
10.878235,7.669549,1.398024,68.134735,17.560505,4.495334
41.042248,26.470428,14.623365,53.444473,12.349397,30.019115
20.398281,13.807257,12.927501,46.448681,12.802711,43.777206
27.002993,17.752468,10.360366,18.041862,5.579885,6.086472
22.366550,15.537951,9.461236,63.263805,18.590090,21.901630
20.700111,13.737401,6.136475,29.531267,6.879529,7.244133
13.088165,9.293740,4.621563,7.760317,2.338954,2.237284
9.135104,6.237823,3.968342,21.642181,5.774840,11.082656
15.170093,10.817031,4.164099,10.216112,2.379887,2.735407
14.118425,9.604265,2.905587,36.215607,9.029228,2.170792
24.100151,15.911592,11.399111,58.214855,15.506531,90.194847
5.806211,4.000751,5.590084,19.436710,5.630260,50.614109
5.080106,3.384238,1.484198,12.775443,2.646492,1.443678
14.432447,10.569550,6.000031,11.172356,4.009755,11.323431
11.594198,8.029646,4.105895,16.604671,6.123569,26.052481
19.722580,13.393673,5.585239,22.176023,6.943626,27.854406
14.060832,9.843192,5.325424,5.675492,2.064241,2.638031
19.229574,12.545156,15.425163,147.077545,47.413063,15.339394
39.206120,25.859108,13.351142,54.575695,13.853032,11.371352
17.276846,11.837025,5.581486,13.924467,3.421677,2.465292
10.739128,7.270247,3.359499,29.536909,7.934311,2.964420
4.906172,3.513839,1.259630,31.039236,7.386056,8.984702
9.965044,7.259944,3.914432,18.424471,5.384544,0.874427
9.241238,6.458453,3.173069,6.877368,2.317769,2.462133
13.237124,8.858942,3.424444,28.934587,7.090756,0.986800
9.577893,6.600739,1.944408,14.402587,4.215062,1.336547
28.805113,18.648218,8.469059,44.614418,10.742507,5.971104
16.264000,11.635967,6.182538,75.188080,20.263411,6.417042
39.307236,25.614363,16.555197,19.178925,5.280693,14.757111
20.611967,14.528077,6.427861,8.315112,2.374137,4.891016
16.403063,11.014225,13.206908,36.344650,10.296185,29.835978
48.219959,27.131056,48.545406,115.961235,35.445702,212.400803
10.056162,7.273192,3.900000,17.877045,4.836473,2.313740
51.355190,30.929672,20.719584,81.610794,19.341425,11.437955
24.673479,17.443705,10.066847,21.167715,5.413048,3.918323
8.668279,5.901843,2.928432,27.857990,6.925944,2.253766
10.667799,7.252504,3.847073,17.365078,4.387321,1.912516
48.345802,29.969248,16.053474,90.660408,23.100574,15.163101
9.473425,6.611570,2.973013,8.245923,1.569598,7.077615
26.628262,17.666145,8.083448,29.297710,7.494437,3.474667
21.235935,14.467423,5.044267,19.410212,4.910042,3.191378
4.401209,2.921599,2.232069,-1.778697,0.356675,1.681357
34.896187,22.656487,26.984602,100.809647,25.638788,15.375546
6.511223,4.872666,4.741828,27.041483,6.719275,22.997593
19.507380,13.399906,7.003300,24.530462,6.163908,2.941121
7.789574,5.461939,2.939317,11.176672,2.803886,1.342264
19.393480,13.765143,11.561269,20.253159,4.633203,4.058757
24.833870,16.837963,10.322510,37.845497,9.720373,13.079544
18.835293,12.975541,20.102503,57.613293,17.874949,81.698311
36.505817,23.867083,24.827433,70.390327,21.039442,63.901485
25.644291,17.169443,11.365025,17.511816,3.577765,3.027826
15.012761,10.371082,4.746602,22.484509,6.433096,2.866221
20.234314,14.084091,8.350154,21.131992,6.362843,13.085443
24.636496,16.638382,7.989814,36.802792,11.190714,20.119965
28.040590,19.092081,10.616376,23.283918,5.698005,5.624322
21.332600,14.285557,10.311361,35.380051,8.533605,8.983582
10.010174,6.975277,4.040202,38.647915,15.864695,40.545223
46.233631,30.129820,13.948427,31.238926,8.969136,14.617359
29.381283,19.776794,10.397434,35.834805,10.059226,36.951694
25.644203,17.315630,8.028792,31.196590,8.241872,5.274139
11.303003,7.990003,4.888085,10.219778,2.380523,2.555830
25.676374,17.787884,20.825571,44.153160,8.730380,5.575695
16.872662,11.251362,6.748607,32.975929,7.637287,3.952948
25.104584,16.189611,19.419226,50.360790,12.597923,21.621771
10.314801,6.952913,4.271973,13.620199,3.513757,15.194815
8.966939,6.344639,3.158082,15.045958,3.710199,3.610980
14.695395,10.258961,5.470663,16.020235,4.634907,3.438867
27.029902,18.153412,5.424697,47.978024,11.966522,8.136127
16.152760,11.481915,5.469995,14.518838,3.464883,4.357950
47.826363,28.725309,22.530289,86.976212,23.010071,42.106628
27.208574,18.456858,8.722938,36.641518,9.310044,13.997569
10.072939,7.020831,4.102754,12.790856,4.903894,8.347596
17.992838,12.458523,4.681008,16.556101,4.142579,6.778636
29.256823,18.861294,9.684727,37.352211,9.684150,7.368323
17.801172,12.318424,6.668175,30.107103,8.611865,32.750023
44.396782,29.001499,19.220991,35.559502,7.965567,12.648053
37.110546,17.516720,17.191130,47.817669,19.866137,86.760033
71.859467,37.921658,52.634205,196.839081,63.849628,202.269485
12.082871,8.779435,3.779007,47.677429,11.797664,2.186027
26.797523,18.456226,10.679505,20.772982,4.851954,6.766125
28.527142,18.591812,10.548741,37.202007,9.046271,4.143032
16.142006,11.119916,4.474133,21.465591,4.224798,3.065033
28.983068,18.944304,10.169327,48.974258,13.270095,8.450762
22.889200,15.217722,14.263137,48.206188,12.123817,13.607558
36.233665,23.602924,30.513653,88.474716,21.762733,14.977488
23.912226,15.749404,15.430173,53.730118,14.979463,36.536098
21.325171,14.309347,18.757574,88.282784,27.226971,52.678364
13.033342,9.036933,3.177552,18.797707,3.723814,4.844790
11.419723,8.264057,4.659770,6.588507,0.834318,3.523050
39.810562,24.781569,17.084791,54.025097,16.378834,80.853088
6.933400,4.728664,13.710589,34.713955,9.184251,46.313919
20.958656,13.661169,23.571651,78.297218,21.190390,14.799394
20.001032,13.819489,6.973418,31.890612,8.688632,3.612911
44.978611,30.283846,17.379269,43.093433,10.441303,23.444960
23.802879,12.602502,11.832669,38.652973,8.114561,6.114705
75.044304,34.879402,30.023621,81.851067,21.764294,80.927254
37.374622,23.442638,8.946095,72.727676,19.596479,18.209961
9.449816,6.764182,2.969115,16.842283,3.780354,4.787474
41.961143,28.507648,25.514559,52.485126,14.758445,71.043106
7.130965,5.083279,3.129410,13.378691,3.050014,5.194328
34.238167,21.148323,41.890408,124.167046,36.530643,169.834152
8.474186,5.753213,3.354892,10.190743,3.358831,9.888442
4.493648,3.444452,2.487425,9.503418,2.518048,5.094767
16.265858,11.216500,5.611585,8.403295,1.723517,9.394353
21.781870,14.492596,8.431096,43.388275,12.243022,24.057617
15.051287,10.363650,5.202387,35.403458,10.240153,3.248574
21.165405,14.504246,8.809225,23.307543,6.327391,13.182887
32.707222,16.619673,11.529107,60.628609,16.027493,14.835862
16.388990,10.763933,10.517718,31.485815,8.009152,7.894468
16.487684,11.088470,4.003445,24.202684,7.954847,8.340156
18.025766,12.332442,6.203403,5.443091,1.497205,15.343342
22.115900,14.662557,6.499394,27.260483,5.851161,4.385289
10.526381,7.227142,3.319230,25.556023,5.893498,1.172267
19.670000,13.355199,17.787117,35.510120,9.073188,20.722685
11.915186,8.341169,6.874398,4.823669,1.240710,16.617296
12.837672,9.078821,10.026856,55.187092,14.941696,36.172424
16.558008,11.272856,12.545646,42.941593,10.068659,7.550257
12.543726,8.628610,7.289001,10.802135,2.919450,2.147620
40.985779,24.495810,13.495956,99.159920,26.460258,26.639334
26.833132,18.149527,10.633536,23.345472,5.785922,5.405304
20.417774,14.107816,5.844392,41.284813,9.208620,7.533380
9.541763,6.699084,3.301580,18.299751,3.953441,21.779686
35.256016,22.454315,16.686565,50.188995,12.782751,17.507187
10.426489,6.481925,3.123975,12.694560,3.719735,22.497057
20.081564,14.028744,10.477092,40.252953,11.635727,45.224373
35.365425,21.958271,15.223380,49.914890,13.375021,53.659584
24.180468,16.674063,7.368915,38.509762,8.679574,9.429391
7.048231,5.007758,3.238949,10.169982,2.224324,1.528914
10.849066,7.640064,4.021019,18.816174,3.941741,11.505384
12.092888,8.276235,4.501624,15.572858,3.748122,18.666101
22.051180,14.923533,19.105347,42.850800,10.741979,14.899399
22.787790,15.603594,14.378952,54.551247,17.176868,72.905350
15.108739,9.646184,5.817626,25.465092,6.893277,9.700964
20.303053,13.680252,6.471779,23.811539,6.360496,14.614638
20.930307,13.881717,5.337835,22.936132,5.142163,2.964220
15.071127,10.368638,4.637786,13.914666,3.715585,19.978041
8.415881,6.016438,2.984262,24.546722,6.903295,2.239723
33.134647,21.889372,18.933838,45.349121,10.253298,19.665697
6.205554,4.228448,2.945342,4.486260,1.259071,1.394977
21.549360,14.575162,8.569295,30.516598,7.062132,6.180239
22.598337,15.317211,11.348954,40.079323,11.604810,27.227224
15.344927,10.645397,6.515871,24.692699,6.392346,25.559450
32.277500,21.710667,7.201853,12.694914,2.516756,8.298029
51.460472,31.795916,17.629086,51.927315,12.751038,39.050823
6.449563,4.993628,3.166484,13.383949,3.872920,1.394492
24.523085,16.854961,8.417686,13.016342,3.719175,4.441941
9.201908,6.479037,3.783916,11.519593,1.925738,1.655765
20.524960,14.131715,7.236345,20.015511,4.517190,28.528212
46.293419,29.928635,16.766298,35.503838,5.385962,12.884057
32.000858,15.502933,8.294585,30.027376,9.010678,13.673899
27.993994,13.954030,10.630796,32.946667,6.577891,5.677104
31.062691,20.533016,8.990664,27.933409,6.640974,4.371979
9.458225,6.227996,3.211828,17.206902,3.841213,1.208851
11.474031,8.162497,4.991872,6.148605,1.951824,3.390582
15.287356,10.833529,3.647855,18.780260,3.589965,3.051164
18.430056,12.644118,6.000411,15.245291,4.094113,6.105854
6.906479,5.165027,3.777966,10.075459,2.799857,4.280016
24.971188,17.140785,5.433668,30.191746,7.504881,24.180117
5.909532,4.399187,8.222624,51.714375,11.943656,6.426244
31.111677,20.646532,8.248838,79.394608,22.478231,8.531525
5.621028,4.002092,1.696032,12.372480,3.356382,3.771225
11.624101,8.252910,3.281204,7.881715,2.968971,3.333492
13.588826,9.465649,9.551098,47.906475,14.154982,20.854195
53.016308,29.413656,18.989466,59.181168,15.513738,94.189064
29.851381,11.685909,9.743511,45.193794,10.049998,22.167534
22.980927,15.633052,7.971713,25.652216,4.168276,6.371004
14.252365,6.080569,5.312415,14.107915,4.850021,6.766010
12.916721,7.481354,6.544638,23.537048,4.582128,5.189337
14.142535,10.125825,4.657128,12.580593,1.994292,2.014406
28.805004,18.597294,14.816700,79.063034,23.712580,62.794334
24.883856,16.569698,9.895753,14.733880,3.898974,7.819223
9.457019,7.020020,2.621006,11.813688,2.969452,3.060496
57.123863,32.318443,57.235001,144.680176,44.044323,159.223007
9.365993,6.889765,2.599673,17.257059,3.459111,1.649521
71.260368,33.901501,82.529327,165.519592,50.246899,118.159134
32.374046,21.707624,11.408725,34.799007,8.919211,10.856870
29.666504,19.732159,11.660047,32.044559,7.596683,8.256650
14.572365,10.259475,5.509937,10.514023,1.765791,3.587765
29.472118,16.903595,17.449232,67.906860,16.361404,24.566143
18.725790,12.656176,7.951503,40.422630,10.516746,11.683146
20.073353,13.370874,14.004807,61.690556,13.809716,22.571732
16.638462,11.641758,5.809285,15.642383,5.295061,6.896391
38.494400,24.637747,17.051786,40.512577,12.103657,4.745493
10.726093,7.541889,2.661141,35.935944,8.571698,10.606079
13.247099,9.136314,2.575553,26.666931,7.694510,3.980549
10.795176,7.464971,2.756927,16.637712,5.058495,15.978066
20.496105,8.929111,11.079962,85.273705,21.108978,11.167376
20.399921,8.871525,11.223892,91.426071,21.847296,11.274195
13.959295,9.675879,4.045189,32.787258,9.627506,6.701931
32.983875,22.601702,16.467793,40.043335,9.645315,8.083083
5.689702,4.103013,4.115463,23.817604,6.382840,2.388638
23.049957,16.273399,12.995688,25.156630,7.084424,32.445866
18.789206,9.888778,3.659147,27.269667,6.459345,14.265174
17.753494,12.143138,8.840083,21.895140,3.939352,14.735035
16.020306,11.726397,6.494508,15.032297,2.680609,1.695585
41.190235,27.652779,16.780424,31.611483,8.163418,38.701836
12.513878,8.607678,6.009009,45.976494,12.507257,10.501430
28.277287,18.958946,10.722283,36.680065,8.787940,28.413847
8.669780,5.981036,4.309274,3.854155,1.202976,4.554420
12.992391,9.130624,8.210561,23.503073,6.261801,6.223504
24.736639,15.789460,9.491597,60.140690,15.451793,5.818768
7.379560,5.289308,4.209862,21.035662,5.430324,3.166362
12.732565,8.335314,6.584319,14.202057,2.674937,3.160287
23.882732,16.337284,5.732794,22.525524,4.390274,5.170062
6.385189,4.366454,2.540438,16.961405,5.275955,4.101429
9.710155,6.919979,2.922085,15.004542,3.000948,4.159247
4.261000,2.932303,2.544101,5.998202,1.546171,1.412493
30.308115,19.914293,9.002110,38.299301,12.749804,20.124905
21.952581,14.979634,8.311611,26.919092,5.687680,4.757766
33.722187,22.214945,11.941207,33.212185,8.772160,30.272226
17.303431,12.003442,14.285092,37.040009,10.536008,61.000816
15.333259,10.665377,12.471154,46.497688,10.081541,8.536800
21.272558,14.415871,5.754604,27.071390,6.572279,4.392974
13.954368,9.588405,7.325595,29.483906,7.521877,8.614966
7.076165,5.054420,1.850583,6.187065,3.476461,17.219828
5.858262,4.252668,1.462031,12.921387,4.588201,9.984326
33.291264,15.699361,9.449175,15.369226,6.320261,9.538580
42.198090,25.299828,20.859949,50.485134,14.012989,16.158577
14.445555,9.830883,9.705751,37.028526,10.045760,35.384132
13.849801,9.590784,3.051550,61.347015,15.691173,4.985796
16.275127,11.210384,5.315504,17.756350,5.247190,18.852514
40.581974,26.874817,11.080556,32.602623,8.549611,6.080193
5.825833,4.500996,2.369950,5.451265,1.808561,10.098017
16.843500,11.388455,7.952553,36.602398,9.507545,41.917217
9.810925,7.127816,4.404282,13.522916,1.724962,3.697013
46.134674,29.039919,17.439014,43.140808,10.844673,8.252028
9.335816,4.167669,3.789818,14.450261,4.729559,7.948588
10.047478,6.045063,3.612948,14.165913,3.838403,17.763927
21.405020,15.071618,10.858996,22.179136,5.571061,16.564314
72.287720,41.480743,27.311562,57.701923,13.692597,39.000343
14.720175,10.073896,8.455216,36.624794,10.648686,4.092065
13.174831,9.236065,6.911956,104.230247,27.330950,9.845257
12.918926,8.892483,7.579602,19.020870,5.642258,29.107609
5.297649,3.681203,2.902298,10.090474,2.463695,1.313448
39.478638,17.464937,17.227476,51.585636,13.343451,30.467062
7.141792,5.033678,2.506675,29.596407,7.353413,3.164396
11.416885,8.253113,5.566533,8.571072,2.710626,5.472063
25.532513,17.151335,7.327600,36.183544,10.388099,5.639613
17.963575,12.501274,8.018101,13.467474,3.378065,7.762569
24.406927,17.137329,6.363333,19.930861,4.684812,15.488044
8.883642,6.214625,10.694357,27.215506,6.924231,30.418552
33.369026,21.644459,25.161764,103.583954,26.894110,76.912064
30.254761,20.237406,8.800129,19.893629,7.212368,2.939370
7.641577,5.021422,1.534234,13.873921,2.439374,4.603274
7.075926,5.156521,3.181756,19.658817,5.720883,1.776005
12.717998,9.069778,4.737525,7.118605,1.559392,5.119464
15.211061,10.814308,10.821005,42.302227,12.821789,55.366135
11.535625,7.988227,4.473614,12.332376,3.024386,2.449224
8.256469,5.462364,2.579448,16.483118,3.663321,3.431499
8.839623,6.111742,3.250728,54.927956,14.634053,6.657182
19.438669,13.265439,8.131791,25.170763,6.570643,9.613554
5.288531,3.715686,1.773900,33.130215,7.908838,4.070248
26.404642,18.121674,7.871534,25.060709,6.969096,5.044816
14.737963,10.360156,4.084424,30.544498,7.106328,3.548706
9.864633,6.624982,10.278225,41.290943,12.531407,6.822998
10.547469,7.478023,10.942828,24.245037,5.565638,4.076674
31.841078,20.838223,11.667487,24.485973,6.309886,9.569085
6.291123,4.666658,4.344285,25.789347,5.753815,15.958129
13.935441,9.917111,9.827061,29.151058,9.282637,20.278368
21.892365,15.489837,5.680633,15.199700,4.428030,7.069436
21.422619,14.434165,17.702074,93.262383,23.095743,25.462671
33.340691,22.127663,14.869242,80.350143,20.130213,13.937464
12.903277,9.241136,3.757976,11.364314,2.686713,6.169691
17.058083,11.433152,3.808103,21.777369,6.454859,9.335722
14.498638,10.249140,10.937634,41.025558,12.045538,16.726849
56.810482,28.952114,50.766056,146.304123,38.033150,111.800476
8.222699,5.927887,4.482243,36.165329,10.773218,3.628036
31.358910,21.079220,10.936975,30.167683,6.996101,4.309304
8.560874,6.397056,1.912316,9.844842,2.837936,11.237727
8.234656,6.229794,3.459781,11.702691,3.727469,1.794251
42.485046,27.736216,12.670970,43.732212,9.831146,9.366494
30.002157,20.519176,11.050892,31.084040,9.323965,39.803566
41.931297,21.108330,17.228626,47.527287,13.349553,29.579967
17.226923,11.914495,6.304968,9.259080,3.252961,11.936147
4.129643,3.300356,6.960351,26.442039,6.194650,2.675651
11.322752,7.988428,2.965047,6.633184,1.423637,1.832718
18.291780,12.574040,4.042457,20.708717,4.063881,3.274792
24.363327,16.451609,12.154377,20.188713,7.164297,28.998020
10.524761,7.476548,4.995429,19.960918,5.975876,5.566882
14.160148,9.887804,5.013235,64.784119,14.998508,4.721766
29.459965,19.331512,8.209351,24.590410,6.391501,7.475730
5.848734,4.080593,2.274219,6.784927,2.202127,1.338766
5.727092,4.079089,3.739912,27.672884,7.341795,10.347342
8.312304,5.743851,1.994576,21.192398,4.390311,5.626885
23.102121,16.201416,5.044590,58.011330,15.775196,3.896831
9.195806,6.458829,3.277090,24.776020,6.515460,2.845482
18.293419,12.823788,16.120192,37.653366,10.160527,14.473170
28.577608,18.799261,12.050366,48.713833,13.539255,15.457036
33.822445,15.643003,10.118862,31.448368,8.147994,23.971230
34.488300,16.201794,10.793070,46.257305,10.219887,22.124468
9.499848,6.657195,4.119026,16.476480,5.004046,18.575792
17.766207,11.947198,5.449667,17.762966,4.174836,4.966468
16.466333,11.412448,5.904060,23.969805,6.062354,3.680849
50.743214,28.886728,37.041672,112.343338,34.877190,96.150688
9.679244,6.473870,7.209472,64.293320,17.426559,6.961648
12.634411,9.088822,3.504038,13.692780,4.060070,19.106136
33.096752,22.554489,12.830852,35.807579,7.609077,25.896381
8.195075,5.852752,3.795228,18.026155,4.357879,1.812798
13.242712,9.452563,3.153794,27.411509,4.934316,5.526907
30.383930,20.828508,7.565276,32.062843,8.235031,12.518017
11.511272,8.139390,3.126694,15.900584,4.114298,5.762632
9.272980,6.828456,3.907618,12.306547,3.410111,8.170932
19.746569,13.267228,6.412346,48.299282,10.507895,12.591902
5.213833,3.773820,1.257580,12.395396,3.608051,2.319325
20.333496,14.229277,8.696663,27.625061,5.755827,7.091966
7.930522,5.834571,1.658311,13.498842,2.263567,2.214845
24.593901,16.976971,6.645950,52.954216,12.926103,3.812495
17.677433,11.987046,18.562103,66.629250,18.826002,61.344269
14.756792,10.480059,4.761921,18.760761,4.140211,2.661271
24.585159,15.896525,13.796293,47.932140,12.959820,83.696663
27.274681,18.772638,5.477368,17.906660,3.765467,8.519181
9.462218,6.555773,3.944140,9.668211,3.156768,4.183618
26.546450,18.642183,7.800428,42.524349,13.283032,25.221487
7.195446,4.963643,2.152477,14.243982,3.828767,6.841356
24.882774,16.651356,8.582322,29.159956,7.466261,20.168974
10.070087,7.107864,3.157162,8.590154,2.094979,20.864841
31.022667,21.058136,22.365765,68.541702,16.377932,20.581463
42.187462,18.014833,17.773090,112.485512,30.342274,9.963395
10.103792,7.038260,3.597533,16.892588,3.912031,3.014017
27.904644,18.639486,30.052925,156.765976,43.606064,88.083389
56.411777,25.684755,89.661903,319.722351,98.422081,658.872009
19.878674,13.764734,6.975976,23.925940,5.968516,10.209236
25.771479,17.085810,21.995106,72.827202,21.184391,42.521957
8.808654,6.198129,4.914199,11.405440,3.049895,11.980822
9.238562,6.434342,3.807607,28.882950,7.779586,2.443915
6.892641,4.862731,4.394815,12.463991,3.136863,5.357322
14.086112,9.653720,4.736523,14.619503,3.979454,3.911088
5.322490,3.746102,2.597469,14.774413,4.535056,28.489220
23.534225,16.240301,23.689219,89.864311,23.752548,95.053528
26.651978,16.920002,24.370628,91.483467,19.826977,17.547079
37.309845,24.359266,12.484740,46.057812,14.325098,15.666045
27.583447,18.136284,10.597894,36.065300,8.534774,9.579584
50.105171,28.570805,25.139429,68.089729,16.318007,71.728264
22.919094,15.048458,18.629639,102.060791,26.618969,31.447926
15.124598,9.993101,4.796408,20.700371,5.177153,10.168540
28.632082,19.164518,5.821932,33.244579,8.080395,6.846324
29.885700,20.206881,10.997184,14.997834,5.471759,40.101372
4.841593,3.354944,2.360970,10.462670,2.412823,1.470723
8.544744,5.866783,2.237697,31.759508,9.183120,2.750624
30.358494,20.405804,10.803256,18.780031,3.287314,2.098560
6.215761,4.291450,1.644189,9.038044,1.994635,3.137221
42.655357,29.246279,14.799865,28.283194,8.662683,33.231308
11.568603,7.800390,14.618582,105.116997,24.898788,13.334784
28.623043,18.308834,7.094078,39.808319,11.593197,7.057868
24.285374,16.513786,11.750080,42.662766,10.803221,26.171331
38.430611,24.409510,28.193691,117.529099,33.652431,137.353851
32.226707,20.706045,20.300779,82.010361,22.641281,26.003605
26.728476,18.104525,10.095839,32.603783,9.112566,20.376064
9.339733,6.495427,3.310812,12.866105,3.522192,6.308583
9.918696,6.798172,5.019924,7.915062,1.399227,1.809598
27.356981,18.057703,13.420752,79.611610,21.183838,91.235184
5.327849,3.735062,2.615650,28.541571,7.850951,11.779466
22.344639,15.369936,12.555970,47.466908,12.286921,24.481892
28.234835,19.203320,10.007599,34.101658,8.602513,6.167484
33.526241,22.127178,11.150054,37.400921,11.173075,59.449814
20.222040,13.298949,6.548498,20.677599,4.517904,3.263359
12.184219,8.264501,14.361135,44.121719,11.782215,35.304668
16.133554,11.560057,5.772636,14.537775,5.174188,20.460598
34.040142,20.933514,12.631715,48.593067,11.614643,8.642980
18.516920,12.439804,7.544487,26.238497,6.070193,5.564776
4.466161,3.423058,2.096543,13.916910,3.358395,3.126624
13.911270,9.477589,4.817887,95.743561,30.503300,8.095153
16.173670,10.903621,5.315203,29.235298,7.904095,3.653123
21.355808,14.475780,10.105373,41.111767,9.517579,7.605056
53.424946,34.842350,24.728771,73.549751,15.876116,19.195757
14.812553,10.306236,5.303585,16.544132,4.789855,2.563876
13.798147,9.532823,5.238555,14.045151,3.774230,6.884954
42.248226,27.688692,24.791796,71.652420,20.684599,99.770470
46.840042,22.972233,18.181177,33.891544,10.924127,51.615147
20.718115,9.405020,14.769686,48.276352,14.741846,65.828316
51.797180,33.829823,19.290928,46.616692,13.428652,19.488163
11.434608,7.999670,3.694846,20.899544,5.376595,0.872814
30.431520,20.185738,10.860508,20.440941,3.336105,4.172294
19.126266,13.263002,7.532771,16.718704,4.438311,4.391139
27.108788,18.422087,8.442221,30.022411,8.059225,6.220631
15.320953,10.501756,6.582671,37.567089,8.540984,20.522398
14.310969,9.704706,6.092581,17.951103,4.342890,14.271656
9.056991,6.010772,24.265484,46.365372,10.929068,11.398337
7.560826,5.229086,3.046365,23.058783,5.863466,13.627229
21.605009,14.857602,6.681195,8.641706,2.106533,9.862978
19.689848,13.218435,8.080724,35.570957,10.763383,59.233074
14.629691,10.173968,5.591943,67.336884,19.521286,3.057256
27.346859,18.612370,9.175508,36.675415,7.904039,13.369646
17.034945,11.984653,4.043548,14.397380,3.531491,2.278127
23.358353,14.755462,10.282983,59.495113,14.511018,10.133421
7.868756,5.742784,3.047044,11.452977,2.967208,10.702821
26.465322,18.355932,18.023878,150.713837,41.872459,12.978107
17.134741,11.626577,9.019649,72.113831,18.609194,4.870951
9.762040,7.024044,1.999475,28.307789,12.150392,15.012536
16.941280,11.863956,7.215430,28.707806,9.338984,4.082173
14.376415,10.307619,3.887619,25.512844,5.782043,2.712958
8.344995,5.971929,4.168117,8.441392,1.507779,3.646341
33.554401,22.817736,10.916394,19.314192,3.891983,7.457652
13.658897,7.787385,5.684918,44.062599,9.882871,5.226681
13.862027,7.369298,6.637240,27.796730,5.384601,4.395209
7.151721,5.104530,3.108071,26.858305,6.120724,12.332388
25.772554,16.995062,9.057772,25.327915,8.350754,26.954355
17.586845,12.242649,11.490467,85.771706,25.215858,13.955371
23.518747,15.858797,12.960460,68.922821,17.599237,24.932173
26.324316,18.221041,8.001602,19.638012,5.471110,19.193344
6.604790,4.756831,1.392305,17.481630,4.160937,7.225601
9.033368,6.583034,1.889890,40.874897,9.945776,2.657081
29.939533,17.205347,10.927433,51.669579,12.164223,11.907039
21.658468,12.942554,7.378081,30.508581,6.120506,3.195491
11.857726,8.126236,5.033534,11.575806,3.277849,2.550026
10.985818,7.745863,3.778273,24.108282,7.903975,11.455384
10.669003,7.547611,6.596777,12.237080,2.041964,5.282353
18.783604,13.041724,7.481168,32.992050,9.329045,18.450554
11.051624,7.688087,5.292335,23.644487,6.331410,11.761463
7.155056,4.905832,2.956620,11.354879,3.042062,0.971767
17.319580,12.130287,5.365499,18.691200,4.494536,2.072275
29.893784,19.499140,10.474543,47.276005,13.477279,50.453033
9.238340,6.248412,5.516035,25.593945,7.243426,18.514931
36.766685,17.789446,12.668767,41.326065,10.656880,19.032398
28.321104,18.827242,6.848008,36.882042,8.914245,9.493951
10.730467,7.675157,4.376808,2.461535,0.232232,2.158796
60.544350,36.332333,25.617672,76.039780,23.965164,156.876755
16.141211,11.355461,5.241292,27.235106,6.556013,4.532029
28.782087,19.067160,9.270625,32.516346,7.369828,2.948992
22.906050,14.483758,27.213366,115.734734,31.392380,30.333422
10.752617,7.558156,12.592561,48.950382,14.401138,12.922194
32.820686,20.622631,28.026104,100.010132,25.828568,20.552826
10.106384,7.245790,5.497682,17.995127,4.024176,5.622968
11.183017,8.080102,3.710290,9.612232,2.269812,1.377241
20.564640,13.862451,5.130166,23.749926,6.331111,3.614163
18.396530,12.803521,6.395975,23.536703,6.422341,6.780066
17.449678,12.713680,6.508072,32.736668,9.183043,3.821667
6.497440,4.563766,3.851684,8.059139,2.476955,7.908432
10.941277,7.438450,3.569915,16.112514,5.739620,19.098738
18.949160,12.847606,4.492622,28.171511,7.229505,4.525601
19.942053,13.726143,6.129334,14.215603,4.477197,2.631983
7.701987,5.556811,2.946444,59.615978,16.271156,1.880340
41.903114,27.368530,9.154124,25.437607,6.179578,4.204361
6.312389,4.467608,2.149132,10.260616,2.860594,10.530912
9.924038,6.745122,2.947726,46.409161,10.728000,1.278726
9.924914,7.241808,4.768545,45.916313,11.495765,2.983666
18.215063,12.553111,4.264621,11.157545,2.280020,5.780154
10.425765,7.268463,3.076043,24.757271,7.299007,6.470371
21.898056,15.263881,10.839863,28.322639,7.413133,16.836237
11.668592,7.868102,1.662349,34.580479,12.553210,15.133459
66.881218,38.272511,29.764191,104.363029,28.249062,76.454895
28.356388,19.316113,11.868430,17.585548,4.448165,6.612930
62.195568,38.350586,19.116348,85.666618,22.436615,66.253181
23.971491,15.630627,13.766497,76.840385,21.516787,24.625509
24.615669,16.794565,7.534954,41.182087,10.130220,9.258945
10.786395,7.668603,4.428584,24.363651,5.193073,2.050258
4.305614,3.342050,2.407915,92.496452,27.133755,1.605615
27.110525,18.467442,21.098288,56.313770,16.650558,89.122681
22.331333,14.813433,12.541285,37.147793,10.393166,9.423768
8.421287,5.720109,4.612995,69.004013,17.851828,3.892937
29.565348,20.294006,11.822623,61.357964,17.339857,5.655468
8.060384,5.459594,6.570150,26.971407,7.211192,4.466730
44.221130,28.982740,17.836498,42.366055,12.301133,12.532815
21.033970,14.617841,7.474822,17.944199,5.014369,12.853267
17.709982,11.796490,5.950972,22.810545,6.814795,6.692377
10.617632,7.313809,6.896281,45.942371,11.686498,13.005956
8.465356,6.001264,15.557553,38.649757,8.031592,11.987357
37.485538,14.558406,15.839638,65.623711,20.864824,21.596735
35.349575,16.093548,16.097944,80.432251,20.962564,17.441462
29.237303,19.898510,8.071363,26.976440,5.693231,7.155554
10.861493,7.661108,8.001049,35.430229,10.263932,5.263259
6.091388,4.295538,3.139896,11.930772,1.981688,1.429232
22.367035,14.992363,7.402061,17.265722,3.608136,4.494380
8.905920,6.146587,2.589087,25.709822,8.216782,2.232262
14.084627,10.058992,10.669184,71.648270,21.377169,9.395823
20.736374,14.284810,6.728202,35.395866,9.129622,4.174868
6.952326,4.858445,3.416532,11.747704,3.036426,2.022143
28.309414,18.748129,21.261963,81.707817,22.559122,66.613380
10.296677,7.131638,2.482501,11.698653,3.100862,2.349207
16.707205,11.384706,4.909737,25.611366,7.282691,35.977127
27.553581,19.043655,15.095469,61.282589,17.432110,9.582770
43.132423,29.155336,18.114622,49.954144,14.120198,70.404953
18.085052,12.295545,4.191278,26.563120,6.367433,3.230284
8.915548,6.453860,3.672970,0.563913,0.939894,1.000576
13.543149,9.461990,5.075396,22.744339,4.833427,8.417006
24.996481,17.225876,8.402433,37.465179,9.998149,4.791389
18.424868,12.353040,9.799551,41.998653,7.270005,10.325177
30.889431,20.308151,14.648351,65.183281,18.614923,18.207848
35.066788,23.977758,12.793972,68.640457,21.050413,12.489100
7.871714,5.544185,4.281950,29.265198,8.168752,10.303798
29.906910,20.498682,8.875179,18.683056,4.131642,6.847338
5.547201,4.236112,2.696196,6.026311,2.371953,0.907790
15.781561,10.755919,8.575092,36.853474,9.912754,6.599619
10.806441,7.793061,3.747408,7.586267,2.388110,2.621933
9.502930,6.490493,2.179188,11.116593,3.263834,8.446058
20.918177,14.191760,8.307382,32.666012,9.534812,4.352104
29.860952,19.843885,10.249583,73.280258,21.193726,10.660762
15.772671,10.243647,13.352705,53.725471,14.677341,14.708138
12.629498,8.974209,4.230308,10.437083,2.856664,6.288215
20.637642,12.736372,27.145620,132.084335,36.927723,84.477951
47.569874,29.134085,30.410181,196.021988,48.951298,14.334423
22.357121,15.652919,8.482259,22.567474,4.862393,5.961695
18.068956,11.893122,11.765000,65.288513,17.254076,10.324069
9.517569,6.595803,4.315859,6.773247,1.895438,1.883453
23.426268,16.156183,7.840329,23.705305,6.061934,2.989912
11.776598,8.269738,5.026642,8.695736,2.300410,13.136164
17.067780,11.877578,9.434195,53.243919,13.964112,30.454123
6.163031,4.199427,3.157315,8.709133,2.118006,2.032131
9.994520,6.954575,1.916953,10.754601,2.236637,3.677537
15.646057,10.687787,9.284760,31.127081,7.801571,59.913391
9.353420,6.462924,1.945092,34.634796,8.980912,14.114100
19.556410,13.236390,9.932572,36.509968,10.753063,4.008731
30.168058,20.404585,8.993834,45.092010,12.039476,6.228169
16.220564,11.458667,9.138108,24.731306,6.852365,8.037748
32.081577,20.456074,16.037777,40.164505,8.371789,21.991674
51.867855,31.678673,17.145859,30.188543,6.200214,7.618249
5.826550,4.284153,3.304935,9.529632,2.589699,2.971965
9.449940,6.986253,4.796299,13.324142,3.634792,2.845974
14.699548,10.191836,8.678391,44.047981,12.165350,6.002200
22.509451,15.371909,6.216081,23.895065,5.967550,4.882503
12.459670,8.846720,5.409425,13.987669,3.865584,4.157263
4.754395,3.385796,2.353583,9.008189,1.733148,0.457770
33.269089,21.287024,36.896053,95.784866,23.114046,32.271030
11.100863,7.799711,2.664666,10.908685,2.841130,9.149292
34.119041,23.705883,14.538814,40.648788,9.515406,20.393913
16.091928,11.120237,4.509394,19.615444,4.464622,4.525130
10.086995,7.264825,3.866534,12.802676,3.032499,1.411183
14.333830,9.747223,4.579710,18.540215,5.757908,24.840645
27.384001,18.716417,11.883278,22.719652,7.524574,38.238735
35.225101,23.730907,18.642704,54.638523,13.057598,22.791355
24.261868,16.672045,10.291161,38.837807,11.213728,46.239410
15.068226,10.867180,15.628176,30.243038,6.799819,11.824287
18.887625,12.462471,12.690070,35.472317,9.117477,4.185945
39.948368,26.916973,18.561815,61.247150,16.884867,9.879219
37.182293,23.279753,21.616413,127.634842,30.837265,9.770109
9.631141,6.668253,3.142123,12.710216,4.483426,2.057271
14.651945,10.286236,5.810267,14.056077,3.601902,10.622244
9.099956,6.327630,7.259235,22.264805,5.387370,3.359814
13.209304,8.800197,5.536287,34.777092,8.739409,4.221191
50.530331,31.670128,12.871821,60.231960,12.525210,11.235038
6.981906,4.499807,13.396518,43.476967,11.659667,66.771378
44.106052,27.982687,15.097684,37.026627,8.857919,11.114525
10.048793,7.059464,3.530620,11.473491,3.578315,8.998795
17.967531,12.679747,6.486588,21.568628,5.440842,16.408733
20.196970,13.374762,7.113815,19.342449,4.334228,3.662100
7.112072,4.995666,3.625499,11.834913,4.254492,1.076538
29.628620,19.649055,18.967981,109.744621,32.299225,43.050564
14.078847,9.446606,4.565350,36.632736,8.995009,18.041977
18.297426,13.062531,6.262230,14.355134,3.244019,2.647758
16.412121,11.394226,4.963098,20.805241,5.506308,1.637657
11.856552,8.189281,18.048077,45.759029,9.113972,9.478623
11.610051,8.274841,5.583810,5.133809,1.061778,3.209501
19.550291,13.419224,5.120132,32.608196,8.792994,2.925408
17.620346,12.291846,6.631270,16.954027,3.902899,15.972566
8.732697,6.072692,4.402627,13.774883,3.705115,1.084975
30.320236,13.570342,10.652679,104.333618,28.522236,17.743111
24.668289,11.048925,10.543178,96.519913,24.723124,13.210511
14.335482,10.286529,5.531348,11.313185,2.683052,3.998951
16.529772,10.991169,6.922492,21.825726,5.908920,8.117592
9.743423,7.230488,4.214477,8.131790,1.851708,2.718721
32.250481,21.567703,12.672285,43.016510,10.632681,44.711651
9.339211,6.570222,3.698285,18.468037,3.862300,1.976773
7.230254,4.819209,1.709800,8.511818,3.821500,1.001957
23.288441,15.592236,18.434486,47.097801,12.065618,6.506451
18.700703,12.387140,9.165465,65.418724,16.607248,7.020458
14.843609,10.158508,3.638325,67.749832,21.059561,4.247612
15.820488,11.072312,4.926707,13.091233,3.060961,2.709067
25.709097,17.638857,11.613174,69.620445,19.528585,12.693872
38.299370,24.136396,23.375313,61.380608,15.511540,28.091452
5.473984,4.107718,2.909428,10.993398,2.131622,3.318198
21.858732,9.444672,7.202506,17.317154,4.712382,5.809791
21.978678,9.491460,7.470677,19.322359,4.736287,5.339532
11.808081,8.219332,13.979574,59.458145,14.846737,8.198852
5.915068,4.501002,3.393462,22.227394,5.445478,1.685176
34.183231,22.395397,19.348619,65.775131,15.337282,26.239004
22.215685,15.496496,6.277106,25.402342,7.961338,4.570625
32.925613,22.139910,18.710667,84.209709,22.568323,20.794228
30.543634,20.611294,7.600599,42.663467,10.607352,5.506570
26.867537,17.845509,7.708158,29.222336,6.536274,10.040979
8.858974,6.336787,6.283165,37.237663,9.462210,2.575938
7.618287,5.169346,3.788455,20.725544,6.453094,32.831909
27.626335,17.848944,15.211006,56.743893,13.938375,17.356865
17.245674,11.986998,12.676754,12.008453,3.413256,22.700117
14.492662,10.039576,4.494305,13.955079,3.790165,10.269598
28.531683,17.637951,9.730097,30.075909,7.989305,40.353146
5.912994,4.117550,3.180110,8.977710,2.161882,2.590289
16.171005,10.925406,4.297560,20.653940,6.292859,2.900512
7.374361,5.090356,2.431340,12.158378,3.448803,9.977165
18.471899,12.291121,5.134343,17.870943,3.803099,11.070438
67.616684,35.904675,34.767189,90.419800,26.796375,155.500580
14.289579,9.874126,4.583885,11.884487,2.219451,1.808828
11.465135,7.875032,2.344012,12.169987,3.288488,3.786330
11.689926,8.355710,3.633109,24.515018,8.261598,2.051592
23.845831,15.108164,29.720198,83.967140,21.328773,23.308050
18.661043,12.953006,7.051292,8.898829,2.110565,6.766066
31.346615,21.650099,12.359103,41.364723,10.431299,9.569009
15.906392,11.675575,9.104423,30.770971,8.336177,5.538157
13.149864,9.197508,3.588682,26.675949,6.783053,3.150112
17.851662,12.140242,7.482097,23.593006,6.592081,10.012177
41.565315,20.315367,23.084015,61.224323,17.831350,91.658905
11.660636,8.236699,4.752521,10.261040,2.673478,2.316146
5.763788,3.741011,2.464768,16.454889,4.854065,1.363739
13.649400,9.081390,5.909166,17.328241,5.013605,20.485708
16.443911,9.017962,7.198992,37.498775,10.868263,13.826226
16.274090,9.003257,6.693507,36.852421,9.980249,11.014688
16.329313,11.301883,4.693316,38.774044,8.942987,3.851430
32.512897,21.663313,12.288496,31.546078,7.837242,8.208577
16.559290,11.559779,4.282520,13.507153,3.608777,2.326120
15.129348,10.125074,5.212004,63.227573,16.792141,5.696309
22.525787,15.127759,9.668504,29.743570,8.328440,31.833336
23.071167,15.689051,7.670512,51.867012,13.686749,5.408980
20.874825,14.310143,7.255919,29.066700,6.512187,6.361633
22.107962,14.598630,35.976856,80.880974,22.166285,100.702232
25.538071,15.384139,25.656151,68.051903,19.306923,15.977543
22.312933,14.602503,11.000971,48.343056,12.038558,8.429084
18.986225,12.886298,14.410502,52.194542,16.183992,7.543393
14.671762,10.163428,5.813380,11.452299,2.725777,2.556655
20.270336,14.041962,5.442276,24.068977,5.079737,3.718482
36.407936,23.803360,12.253675,39.461670,9.045324,9.633183
6.679381,4.635008,8.551715,32.001389,8.235284,11.866099
20.941782,14.222420,6.953547,22.007812,5.623289,15.508934
8.525975,5.928312,3.424189,15.721006,3.481189,0.960969
39.069874,25.122871,23.023312,79.057487,18.707613,32.866386
26.888885,13.116604,28.822317,90.904930,25.291132,20.051184
27.136126,13.018362,28.971832,93.037811,25.236807,18.931948
6.242460,4.383539,1.805655,15.464659,4.225856,7.374978
14.983068,10.899018,10.871192,31.920198,8.539127,5.921566
12.303213,8.735722,4.766279,23.837875,5.252117,23.725006
8.744015,5.953439,2.955106,9.367056,2.475648,3.972825
14.328369,9.985507,8.481269,25.986145,6.124835,10.394826
5.203657,3.538362,2.360714,10.056295,2.475844,8.000467
13.567315,9.405802,5.938408,22.361258,5.907926,13.822306
28.433985,19.677170,8.960139,40.777020,9.858875,5.359050
20.333696,14.005595,5.236191,38.575211,9.429927,4.039677
8.521848,5.985326,2.659155,28.567093,6.915303,10.358994
6.037198,4.395261,2.473465,10.964541,2.583014,8.061487
12.266374,8.470236,3.290931,38.038433,12.421557,0.863987
12.352215,8.741648,3.836121,15.454326,2.634679,1.320049
28.843086,19.556738,9.945850,24.563747,7.376404,5.392821
10.630354,7.658084,3.505135,73.727806,18.819231,3.511624
10.947393,7.706485,3.088803,10.453204,3.389090,2.989659
5.858316,4.297852,2.968795,20.824810,5.994576,1.805798
19.863981,12.997637,13.008035,28.271988,7.928323,23.506680
41.344486,25.689945,32.963322,283.426514,73.503242,28.063431
34.223022,22.568144,10.621547,31.821072,7.712692,7.221116
11.088181,7.999957,3.158282,13.369477,2.719223,2.325598
5.338523,3.561616,8.826334,37.848217,8.954525,2.328403
14.100928,10.012127,8.420713,26.870216,7.766204,2.334721
12.546010,8.776913,4.583309,10.568102,1.668644,2.425042
18.903643,13.149601,5.671210,15.724012,3.115601,12.964056
23.896967,16.283836,16.497267,64.323997,16.778257,67.323471
28.058086,18.850132,11.000909,65.077400,17.555155,18.446810
8.332057,5.807198,8.731136,29.195101,7.618415,8.516978
4.488301,2.991343,3.013476,25.675697,6.979084,5.820770
13.391425,9.565547,14.036519,106.679810,33.141232,9.932781
36.187374,22.868769,15.794238,44.549320,10.887603,36.010910
15.459425,10.287498,8.967001,60.008934,13.357991,8.202697
11.348992,7.388756,2.305436,23.865000,6.042482,2.403471
19.316139,13.293122,6.834400,39.726498,8.360168,2.677022
17.398073,11.884286,5.052421,10.061589,2.481127,6.508811
17.722725,12.498360,14.639568,24.248798,7.294340,20.849976
19.234888,13.734602,6.159041,16.199036,4.089526,4.417041
16.595911,11.505232,5.644351,27.908701,7.708149,3.393124
8.542377,5.921689,8.340961,49.514572,14.996449,7.114242
12.817830,8.842448,4.187716,10.809912,3.575736,4.384728
62.425678,27.583994,35.899719,102.233124,26.716351,43.234432
18.584579,11.692625,13.023954,75.502197,22.006557,110.295082
15.909262,10.501639,15.767738,42.513706,11.457855,4.312763
10.802233,7.339135,4.498067,25.780613,7.101858,29.565552
8.407973,5.528697,2.663698,21.291012,4.798994,5.896343
28.283398,18.263805,7.959199,49.356098,13.045273,32.108715
32.842136,22.116007,7.757446,19.485983,5.200564,9.815951
20.009575,13.528329,6.253421,22.316133,4.834658,1.392453
16.121264,11.140201,10.182029,28.324646,7.580040,6.859625
20.347237,14.103447,3.121788,40.548985,10.731277,4.695183
6.423457,4.691387,1.149969,12.817073,2.046026,2.727206
14.849609,6.078800,4.745970,13.579514,3.621037,8.045904
15.595034,9.038839,5.130377,27.881432,6.495734,9.729921
19.386709,13.027602,21.898510,70.864471,17.177561,25.969795
27.044113,18.055197,19.707569,119.068016,32.753010,33.177090
16.499947,11.696892,5.385689,8.725270,2.312003,2.353885
24.954149,15.466084,42.569935,141.535904,40.437702,71.660332
18.314253,12.409750,5.127542,31.668823,9.643628,3.847418
28.169430,14.821361,12.582172,38.150711,11.068048,20.087532
29.128597,14.848339,13.715392,45.673649,11.740575,21.434738
25.026320,16.592585,10.952814,46.024090,10.616354,10.505554
9.510227,6.907524,2.686300,31.038046,7.788359,1.711979
37.433758,24.097303,19.504185,46.940525,14.283833,30.739273
33.001942,22.312311,12.895564,83.016212,21.315104,5.987712
21.713245,14.767315,7.058431,38.401970,9.690717,1.451505
5.358932,3.539013,2.543990,11.407577,3.882440,6.041040
15.227390,10.407322,4.920692,12.367653,2.805144,21.004494
20.222809,13.924071,8.240477,11.776942,2.375576,4.613805
22.764160,14.382144,26.897182,105.617065,32.072281,85.580147
8.041260,5.674359,2.776299,23.080811,6.556123,4.208184
18.390778,12.788980,10.836495,48.920609,11.477789,15.765747
13.769503,9.351230,5.272490,23.979109,7.482452,6.085916
26.790359,17.357885,9.282681,19.010902,5.373599,9.992561
44.045177,28.992311,24.724953,24.676615,4.947757,28.564028
7.675374,5.423394,6.704925,21.084076,5.969648,21.659695
6.639612,5.036424,1.748941,16.199907,4.854656,7.874961
6.767586,4.940219,2.250392,22.249891,5.790625,9.455075
19.682966,13.458515,7.458868,47.342590,11.299139,4.468457
8.552515,5.869064,1.820135,8.597086,3.093005,7.257917
11.495613,8.061813,5.426584,34.169579,8.709331,14.468207
15.761530,10.502924,8.814718,35.298695,12.083632,60.543880
35.698868,23.598989,16.086960,44.689125,12.155083,70.427307
13.346604,8.855032,5.560378,17.177195,5.181067,21.664141
24.928019,17.051611,14.729826,53.470894,15.147817,71.962936
29.092957,19.302691,10.277590,32.402699,8.646092,8.150164
10.860641,7.633818,3.773628,12.996599,4.635137,10.063874
16.739113,11.894583,5.650324,12.350327,3.004270,1.885706
19.110662,12.635866,5.962433,31.961472,8.760996,6.115437
8.923100,6.433844,3.772674,5.814063,2.041268,12.618457
10.476093,7.429284,6.749708,73.735802,22.130285,3.647135
33.680031,21.981625,24.000734,93.149094,23.289309,9.476297
5.370070,3.745328,5.901921,24.792240,5.624059,4.075322
50.326260,30.704208,31.080601,82.699265,20.505920,77.979851
24.833485,17.200861,5.303363,32.179691,6.959492,2.717200
20.460423,13.675560,10.703500,56.622898,14.649164,17.501747
32.263756,20.763889,15.110095,75.469711,23.209591,20.302633
12.005437,8.265623,11.476501,42.108028,10.417521,9.606762
16.352255,11.143214,6.434677,14.076502,3.022108,4.384008
38.240005,23.806545,29.975855,112.918999,27.601521,16.986292
35.729450,13.435464,13.884763,36.137814,9.507878,10.148952
38.473545,20.470076,16.170759,43.068417,8.752012,6.378138
18.105583,12.111952,6.962150,42.167469,11.543745,7.755884
5.680618,4.399252,2.593917,19.065372,4.731822,1.176861
10.547327,7.136627,3.873213,19.915565,4.418222,2.129886
38.179596,25.882488,20.969116,43.141399,15.080410,45.888504
5.578102,4.068081,7.293338,10.793463,2.761906,3.857657
34.549805,16.203352,34.355968,136.910370,32.814613,37.598553
26.670200,10.662951,17.038591,94.104355,19.976999,17.193823
30.767904,20.861578,7.186833,61.521439,14.744646,15.997228
48.900539,30.279785,24.357626,104.984848,28.249622,84.571617
29.895868,19.845785,15.255517,34.318413,8.951770,5.987622
8.703591,6.452736,4.107888,43.831009,11.900517,4.754716
43.121418,27.826101,14.312949,26.653776,6.957831,10.073959
55.015888,31.391140,17.843670,65.629143,18.436110,14.850219
32.679718,14.640290,11.992911,59.936546,12.681344,6.395164
11.985099,8.785613,3.285869,26.646358,7.037315,1.333246
7.935936,5.139101,3.974535,10.243643,1.681391,4.957884
20.836746,14.247174,6.221039,104.715622,26.643019,9.983658
19.191111,12.514373,29.640686,52.829189,16.013426,89.081291
17.301332,11.830332,6.122658,15.994910,3.300751,9.384372
11.686872,8.511045,3.841130,14.311937,3.732134,0.925378
11.685202,8.203941,5.921741,52.959240,14.851665,4.523370
25.221577,16.955006,14.228341,61.661854,17.721445,17.898668
28.024227,18.992462,7.722358,24.052567,7.922842,38.613747
14.650431,10.152157,7.850344,17.457853,4.690436,23.271658
24.187529,17.258015,7.247191,25.329287,5.806990,6.309095
11.211858,8.041784,4.023309,9.269703,2.369156,2.226890
36.654152,24.663647,12.232875,86.744019,22.401299,7.946431
44.804325,28.879385,22.866112,66.102867,17.731026,34.382225
22.147762,13.691743,16.109579,57.837723,19.017603,85.949654
27.121323,18.658552,5.909743,27.991892,7.103586,3.718130
60.375294,36.482727,30.298071,101.381821,28.346348,62.905357
22.964937,15.542972,5.113224,33.148777,8.376073,4.571732
34.288170,23.151766,17.976133,36.853096,9.228992,43.705841
14.476207,9.796302,4.510171,32.770729,9.147803,13.684691
15.745111,11.149923,6.515404,16.372601,4.257760,2.308298
16.352306,11.864386,8.052765,26.135736,7.723491,14.786260
50.079498,30.352173,38.164635,163.003525,43.749531,187.582703
11.364952,7.742435,3.304619,21.452114,5.942531,20.593269
31.751696,20.158226,26.284294,112.578873,28.036295,26.367416
6.384407,4.658978,1.743649,15.703570,3.876033,3.927855
27.981403,18.952793,9.658237,44.341515,12.262923,4.114682
14.910964,10.335012,3.756456,12.872395,3.292302,9.920003
31.665447,21.400639,10.702866,34.028538,8.634620,11.505933
8.506437,5.653660,2.871796,14.849936,2.920311,2.794384
16.248844,11.078806,5.055074,40.416584,10.063646,6.735867
19.060497,12.932004,8.994470,37.027199,8.806083,5.787271
6.894730,4.828269,3.434898,10.293382,3.466649,6.254060
25.715744,17.230097,22.690424,55.040329,15.199472,26.675545
13.285049,8.960267,4.937110,9.854449,2.844179,1.289081
14.591939,10.474022,4.414238,13.546645,3.333097,2.056959
24.730156,15.821836,43.505806,155.706635,39.557842,68.047852
11.916007,7.967120,6.109192,17.080633,5.808824,4.287877
5.257414,3.853969,1.984856,16.272051,3.163210,1.416980
11.271397,7.323233,15.967913,36.873741,9.859944,30.402620
6.178661,4.152266,2.798142,7.864756,2.176119,2.437377
27.190645,18.068075,9.335575,22.875143,7.086507,22.620497
6.450629,4.576236,2.346027,24.343037,6.933462,4.623695
9.073993,6.272090,3.851650,11.322484,3.548297,20.854502
14.010582,9.954788,4.964476,25.899475,6.965400,3.021051
6.292199,4.314098,1.340139,11.243395,2.691771,3.056776
20.804079,14.290184,7.970005,7.849070,1.396687,3.660784
18.375837,12.522753,7.543439,27.131105,8.857408,23.824545
7.592371,5.241931,2.784544,12.786558,4.224946,9.194704
12.578333,8.740314,4.476764,20.351898,5.095759,2.733709
15.319345,9.961986,8.578382,213.766403,60.190441,47.403690
5.502299,3.978596,2.618762,9.068899,2.641400,4.420982
12.612005,8.707328,4.708070,48.224800,13.589179,3.519030
14.087317,9.790322,5.412570,54.060463,16.185762,4.384106
14.391892,9.911477,5.206278,16.135178,4.277560,10.385143
13.728079,9.497008,4.845191,19.602457,4.519796,4.522727
12.107147,7.990903,4.922992,24.278284,5.607635,6.101872
11.294864,7.673980,14.063890,64.546013,16.713758,19.246889
26.004778,17.092312,19.475645,50.321995,14.662685,46.012512
10.931088,7.625178,3.251137,17.973042,5.185489,15.192202
6.648323,4.759577,3.460633,19.619299,5.618676,15.821992
12.112567,8.271220,3.985823,12.617985,3.612971,4.301996
10.577220,7.723145,3.719657,11.357171,3.985682,15.575365
7.665256,5.381733,2.928661,4.544486,2.043006,2.786325
18.241129,13.016212,8.309354,33.037018,7.294527,3.968586
16.365189,11.020366,5.506459,36.197094,10.411461,2.582882
21.046862,14.178509,5.867480,23.449871,6.156102,38.932953
9.086700,6.382423,2.270063,15.041412,3.823504,1.680359
33.576134,22.063679,8.758704,43.210625,10.704012,16.219173
7.062020,4.858761,3.393688,0.967084,0.039061,5.550793
46.948563,31.145538,16.472935,28.145260,5.888195,12.118523
24.130474,16.832138,6.051560,34.924126,9.017658,3.467848
29.013945,18.200514,11.875095,41.767532,10.065589,8.381334
49.013638,30.142590,69.996437,217.559280,63.548534,379.807281
33.139694,20.983551,12.393987,43.853230,13.054605,44.376690
7.974546,5.802548,7.542139,27.631815,7.090866,3.281753
8.371953,6.099110,3.802008,28.575045,8.707237,8.614366
11.011663,7.634513,4.567611,1.347288,0.052497,3.795282
38.925529,26.313185,10.664532,31.670246,6.720857,4.352370
36.645493,23.458712,12.294523,34.545460,9.361279,39.447906
28.845093,19.371393,13.062236,64.894547,16.855833,9.261046
4.714023,3.366260,1.892283,10.498957,2.643286,4.202838
54.279724,32.532047,16.690769,62.032360,15.185513,8.555647
7.180880,5.315000,1.965706,15.071873,3.881284,2.699816
14.736576,10.674432,5.756614,34.750168,9.804150,25.707048
16.503298,11.519884,6.692570,15.995802,5.795553,15.389432
11.347359,7.871488,7.588014,12.896069,3.207409,4.727438
17.981716,12.262160,4.295015,22.690306,5.337556,7.191637
23.546661,15.661623,13.268226,77.906540,22.489729,6.324181
5.179759,3.755780,2.613084,33.244522,7.911518,6.728816
18.838757,12.888467,6.276764,30.346329,9.030713,25.981623
21.577421,14.891819,7.692241,29.198774,8.119097,35.741600
6.257263,4.368593,2.613882,10.621922,2.547037,3.601162
23.312237,16.284565,13.294427,35.452244,8.613374,7.202210
14.892877,10.397563,5.205366,11.723992,4.005522,25.261209
27.480867,17.270653,9.885119,73.452690,18.331141,14.116385
22.200134,15.478311,5.590225,81.166878,25.587494,10.048360
39.663151,26.135756,17.629011,67.117355,20.804405,15.867691
43.169830,28.409679,13.255342,36.216789,8.705661,5.301568
20.132242,14.215951,11.047468,45.946518,14.167046,15.165872
25.924353,17.585897,7.630373,67.955940,19.856201,8.031933
9.015988,6.088537,2.796949,17.160389,6.440400,2.277137
22.124561,15.437839,8.515577,10.383921,1.738062,3.764392
33.696220,22.273943,9.994282,22.321650,5.247127,6.626062
6.034008,4.673663,2.844855,10.552844,4.655521,14.737473
10.353160,7.520059,2.544521,12.059871,3.029731,3.174536
19.727594,13.534565,14.214523,54.793026,15.262968,34.349522
14.151615,10.350488,5.129068,13.551896,2.816705,1.560605
26.537479,16.368189,16.339018,48.761578,10.042916,9.357444
14.770233,8.150133,10.275024,39.428371,7.482378,7.646961
10.772133,7.530672,5.704362,45.223022,14.832852,3.734584
37.232300,23.214033,46.053806,155.101242,44.314850,186.334778
47.381496,23.130009,18.094910,53.527382,15.683405,27.092768
42.682415,23.119799,17.508097,55.296539,14.578341,22.576586
15.236976,10.719057,3.783674,43.184105,11.189908,21.657373
35.597912,23.156616,10.910041,19.928106,4.046673,5.547570
12.855906,9.026477,4.062842,22.218967,5.855322,20.949070
17.282089,12.108099,5.919819,16.376932,3.959856,5.913009
30.565268,21.275282,8.239358,43.266045,11.651472,11.432209
41.551781,25.815145,19.929914,51.406071,11.867723,9.196174
35.489735,23.673653,21.592255,74.708992,20.754847,22.937635
20.895973,14.423748,8.535441,20.791586,4.478816,4.504011
23.150236,9.714385,10.324601,65.483971,16.253027,11.591729
20.823170,14.695322,7.305503,42.752411,14.505587,6.628998
18.813942,12.816760,7.180908,59.867527,14.026581,3.057334
6.846212,4.836915,4.963221,25.053223,4.917397,4.039052
97.057709,44.989086,55.846027,210.795776,61.886250,62.727528
77.517769,44.724129,46.115364,193.152969,49.500462,39.229126
20.805971,14.160626,6.234302,22.625849,4.952714,6.123501
20.722740,14.279408,6.665793,22.616980,6.233840,7.108203
11.964950,8.424196,4.300251,11.232979,1.493808,2.633160
11.339434,7.585827,5.968946,19.521681,5.537044,25.168070
31.709578,20.973984,9.934957,46.670357,9.531466,10.037101
13.618651,9.508947,5.447527,13.092171,3.337380,2.094405
13.569386,9.029868,4.196806,23.804464,6.646917,3.521499
19.256725,12.727588,5.755306,13.309057,4.338320,5.155597
36.366737,23.366060,22.476786,51.395004,12.661929,15.055984
9.220448,6.853668,2.859776,32.855728,8.673170,2.445014
13.040563,8.932408,4.478223,27.227085,6.877412,5.037765
34.710155,23.351501,17.711746,66.495918,16.729973,7.829167
5.691677,4.165479,4.236176,6.831400,2.451558,9.029902
43.742485,28.720407,16.570208,70.880898,15.265348,13.543715
14.885766,10.436646,9.844870,35.936741,10.889585,27.025192
18.776535,12.925938,6.111238,27.042603,6.979923,4.321455
11.515621,8.103175,2.466865,18.720083,4.504223,3.644729
16.192591,11.418075,4.723967,12.558494,4.834588,2.534136
27.096045,17.624928,16.954226,111.712738,29.830280,21.514063
16.751928,11.976403,7.935577,31.332571,9.396525,4.637415
12.546074,8.423347,5.295071,26.317987,8.605424,24.821011
19.918850,13.250603,10.238131,42.047195,10.333159,7.230369
36.697685,24.333097,7.855842,30.761520,7.356977,9.794805
17.168797,11.567625,7.437499,30.840874,9.888992,5.472364
50.085869,30.426594,18.085526,40.799053,9.222866,17.891407
18.426563,12.118211,7.379462,28.719454,6.854155,20.729414
14.759142,10.215520,5.816612,23.298580,5.651417,2.114572
12.894475,8.837356,3.408401,11.352559,3.748537,32.608437
22.489149,15.570859,15.637341,46.491230,12.712484,29.707218
37.246235,24.046452,13.620136,60.713051,13.398076,5.796340
40.190239,26.103340,23.603832,82.880348,24.927439,87.718513
31.610523,20.114473,15.189460,70.536674,16.564211,5.808738
31.922434,20.654959,9.862134,31.645130,7.652572,7.228841
29.433607,20.072229,10.054885,12.313328,4.011722,29.067537
27.375364,18.546478,9.604602,38.134644,8.821216,6.219119
15.910477,10.881488,8.092838,74.252518,18.702576,5.081866
17.248442,11.870079,7.001051,19.267767,4.746539,14.636741
26.692377,10.263781,16.945986,44.290691,12.794568,31.129776
25.708122,10.218590,17.467529,49.563545,13.301319,29.228003
12.293375,8.516644,6.893425,21.447460,5.676300,8.815509
7.150199,4.946244,2.452754,9.924932,3.452284,1.212036
8.458628,6.283112,2.452768,11.326324,3.654026,19.044939
16.593014,11.273019,12.501603,54.243488,15.862167,43.051617
40.559334,26.759033,18.721605,51.520512,13.185236,7.010666
11.136757,7.686666,6.328825,25.857321,5.358032,5.024537
26.247787,17.745331,9.445002,20.901863,5.265656,7.184752
22.900299,15.837550,13.459125,44.573597,13.143579,64.136345
14.087025,9.875052,7.478012,20.084873,5.426556,2.249781
6.699598,4.663091,4.816239,43.163368,11.694957,17.652172
36.840195,24.326931,11.288950,29.057384,7.516734,4.113325
26.984404,17.522825,25.822172,65.078072,18.683161,57.723095
43.779423,28.019968,21.250731,56.559525,17.885019,117.530220
41.103802,24.857708,27.685686,67.220528,17.712725,113.450356
50.813442,27.974850,48.342258,162.567459,42.054016,51.977638
4.181638,3.181586,2.225139,11.425879,3.359108,0.767206
34.358162,23.449974,12.745317,26.281466,7.130295,26.965433
32.010128,12.820089,8.615317,45.807796,15.362314,14.861864
31.465366,12.708743,8.707461,50.308559,15.626116,13.995578
19.450033,13.177187,12.220707,45.573635,12.653605,70.159119
27.576302,18.322931,22.131945,107.596336,27.332222,14.283423
14.341812,10.252909,6.160372,24.832249,6.807035,29.752115
7.862528,5.297661,3.642006,27.409294,6.713385,6.612895
18.686995,13.111403,6.515869,22.864233,6.113217,2.868561
13.077438,8.872424,4.343604,8.923889,1.437080,2.799190
6.685950,4.711020,3.470893,8.507987,2.478128,0.810963
17.694521,12.132995,10.818867,26.032063,6.276402,18.985310
12.974444,9.127658,8.762106,55.107056,13.012109,5.940657
18.257998,12.405373,8.190840,25.094603,7.321764,23.646589
9.246824,6.484237,2.410936,10.991043,3.072793,2.785712
12.698694,8.558915,8.320897,24.750669,7.438953,5.995790
20.774200,14.216126,11.149397,43.049877,8.779048,4.253586
11.469190,8.005849,6.924200,5.979446,1.156643,5.976420
29.872393,20.571123,10.479848,31.321861,8.095506,8.464702
24.623560,15.537196,19.338299,116.493202,33.931225,149.926559
34.556911,22.423513,24.398048,89.190842,24.054613,31.255140
63.533173,32.895164,36.316982,91.126144,25.897633,128.526611
5.524911,3.886728,1.563485,16.850258,3.850597,2.611769
40.447262,27.236858,10.363769,31.525702,7.340976,8.663979
32.478397,21.912275,10.372162,20.785297,5.430632,8.332900
7.045239,5.187905,2.974458,18.695562,4.629061,5.164791
5.439655,3.703612,2.104551,14.857033,3.076874,1.362417
17.634537,11.620790,7.846508,30.114141,6.606240,3.795720
34.264061,15.085895,14.999175,64.639107,22.101917,18.556480
26.648342,11.263231,15.568036,83.489296,23.457264,14.871510
16.909412,11.469386,3.601192,15.829282,5.056982,4.967717
5.122093,3.840205,2.074031,11.006778,2.235257,3.603061
29.353498,19.345291,9.842649,26.715416,5.173989,7.307218
22.562145,15.669070,5.331810,24.665569,6.209020,13.637788
7.801040,5.359945,4.379403,30.986521,7.772606,1.122218
26.974808,18.300398,13.543542,52.672390,12.722980,14.727548
8.179895,5.741096,3.134173,17.514433,5.717982,1.817923
11.401638,7.858316,5.147262,34.049099,8.734910,4.453959
13.312056,9.364348,4.465057,19.972099,4.848228,21.476572
22.335037,15.682621,17.486273,102.299683,27.336876,14.508373
74.316917,33.013893,19.156536,74.088417,17.940464,11.488040
49.121716,21.908289,14.515263,62.752121,14.257525,9.860336
22.870165,15.833128,7.338236,14.191431,3.768389,7.253651
28.519527,19.094654,6.949830,20.152414,5.258770,6.172529
6.513715,4.534036,2.031568,13.385634,3.914981,0.962523
12.734588,8.557084,3.487348,23.251205,5.321054,3.428917
36.527069,18.422995,13.757340,50.950577,10.834821,14.043853
30.458895,20.106808,18.943003,65.311974,19.574400,49.161140
22.063801,15.122937,18.769651,46.609856,11.651024,16.420691
17.690233,12.033710,4.879590,28.997646,7.212414,4.070350
7.781037,5.597113,1.808817,20.962824,6.728190,6.094684
11.859787,8.428003,4.102202,16.060133,3.231262,2.429178
13.428831,9.251508,4.114122,21.277830,6.681454,20.802538
10.398507,7.436012,2.755907,12.435155,3.452946,12.827644
7.609154,5.834013,2.630792,9.376204,2.705899,2.262310
8.909647,6.042144,3.544822,26.264959,6.107883,4.542826
6.558499,5.119737,4.938590,24.110443,7.023006,25.394405
21.510807,14.151357,7.112018,10.195765,1.757630,32.209900
12.853332,8.775850,9.965425,47.263710,11.425275,7.048450
28.368948,19.416677,7.319667,56.947105,14.172424,6.156648
6.554597,4.626044,5.027508,39.627468,11.514294,4.131850
24.866776,16.412327,10.095157,53.139381,13.498627,15.303796
24.909536,16.719168,12.329290,29.505653,7.969844,6.412143
70.188995,34.612720,24.845304,78.537247,20.656099,26.677559
11.576263,7.995859,8.129937,26.702881,6.858104,4.681153
44.005119,27.924398,20.552065,62.674873,16.856367,10.339870
27.135691,14.784118,7.995471,22.581299,5.510573,25.194078
37.824181,23.513771,18.798567,61.705727,19.515068,106.280930
8.237168,6.086386,2.583072,50.310177,12.460237,1.400615
17.397020,11.639422,4.999426,14.984853,3.267614,13.524607
38.391617,23.010408,19.563351,57.850952,15.523072,36.572792
18.438570,8.511297,14.447782,63.850933,16.262369,49.660824
10.886150,7.410807,3.896483,31.599705,8.526233,6.472462
54.675137,34.482891,15.415280,30.102909,9.328305,12.266633
13.544282,9.582389,6.233273,11.166172,2.082827,4.711590
7.863344,5.490193,3.254487,11.241140,3.339858,6.172904
23.886175,16.310099,5.278959,30.155777,7.870694,9.287787
30.231220,20.592363,14.624048,12.795994,3.358409,13.270397
41.254353,25.023222,22.220289,18.239016,3.767553,19.424988
25.697691,17.192411,9.293976,15.156852,3.761787,6.936205
10.835974,7.489592,4.804885,7.195141,2.781648,1.218704
22.595219,15.710008,7.085778,13.148398,2.823678,2.631378
18.870020,12.988777,7.721346,14.439816,2.970402,14.236910
20.101650,13.145941,8.496747,63.294827,16.011572,4.868531
24.553860,16.396563,10.092511,19.074221,5.922728,5.299259
5.377465,3.920877,1.870531,30.387802,8.646132,1.530094
18.607698,12.537991,7.982955,23.147099,6.946555,6.056338
10.092652,6.922208,6.293483,11.629819,3.694017,18.609949
25.985554,17.155066,7.117864,53.914471,16.182985,12.966063
20.098398,13.420919,3.989011,37.728409,9.120706,5.033828
10.712277,7.761489,5.242412,20.895350,4.498378,5.985264
17.099258,11.540098,4.984088,27.053677,5.645505,12.805801
21.393461,14.607929,6.853230,24.990509,3.991491,3.127893
25.445976,17.520639,7.081277,60.783180,16.055410,4.445478
28.612474,18.728573,20.859123,82.836411,21.293364,18.898432
6.549712,4.562039,6.182569,59.265778,16.480608,30.346422
21.881527,15.038962,12.653647,42.877487,12.918432,38.943569
29.138575,20.135290,26.815041,62.974007,17.456646,46.679237
57.277794,31.075205,42.001232,155.818192,42.165359,100.851532
38.805103,24.519958,24.729601,120.246346,32.204815,114.334152
38.787296,24.573118,28.614597,102.731529,23.663363,13.440655
12.605042,8.808714,6.718682,5.508701,1.074401,3.922003
40.369545,26.676666,12.752336,46.205681,11.625396,13.410344
31.631184,21.230972,9.721135,30.581717,8.017439,4.296482
48.922523,32.357735,39.025120,109.700119,31.594172,150.492996
6.503767,4.837823,5.003074,33.602615,8.433515,25.809263
20.933184,14.167081,11.010484,57.654240,15.095372,7.759666
21.759821,14.587754,6.446119,27.917267,6.078445,4.631706
14.059381,8.410308,4.705377,14.503639,4.812110,5.490685
8.606318,5.220224,3.983952,13.754458,4.956129,4.183932
10.467272,7.512799,2.715964,13.005987,2.442893,3.458665
34.059162,23.061731,12.379646,76.492737,23.387972,154.490341
34.938633,22.127270,17.333498,87.218445,22.575556,20.042147
36.330143,24.248890,9.127507,28.383476,7.042696,16.207396
16.875933,11.668518,10.489388,41.109722,11.425210,5.263278
29.651600,19.640230,16.571405,38.734779,9.449497,8.310555
9.189618,6.872950,9.081286,16.899799,3.819309,4.876165
37.558403,24.504929,13.513017,52.474030,15.153126,51.896984
30.283812,20.106501,10.176288,36.012150,8.202633,25.205633
21.355680,14.186044,13.647421,63.766464,16.057604,24.659910
12.132830,8.566980,4.272625,27.134918,7.128531,1.446522
15.903117,10.369551,8.790074,50.729580,12.390649,11.045309
33.310562,22.472452,9.517611,35.171093,8.303099,11.947546
30.334444,20.343590,12.114095,40.320148,10.246442,51.666359
33.620289,22.286779,16.765890,38.463001,8.568240,25.462072
20.865753,14.539836,7.539339,30.369928,6.455974,8.815242
10.675622,7.413692,4.504873,25.261993,7.448809,26.020964
33.432671,22.221975,13.259641,51.128124,12.837151,60.564953
24.773558,17.355106,7.452673,22.329967,4.443791,4.103348
42.435116,26.708727,26.570242,101.641518,26.456259,18.480921
7.319796,5.431841,3.269035,15.483616,2.099904,2.632437
17.796341,12.391516,5.238702,21.241280,4.268361,4.073648
11.030118,7.863011,3.286310,19.471165,5.560605,2.390683
19.003504,12.997995,9.398098,42.464184,10.737008,7.018081
9.781304,6.996089,4.001693,15.604795,5.715678,25.722757
16.986666,12.152969,6.475251,40.105934,10.439824,3.492284
20.679783,14.195813,6.160126,22.557987,6.680280,22.320501
17.817757,12.071927,8.553247,30.041832,8.655185,38.551567
26.908766,18.019110,9.487562,27.586086,7.857100,22.984386
20.578075,13.927710,3.474284,26.843859,5.938160,4.605793
8.313282,5.934023,2.154507,28.746824,6.844725,10.092309
19.724314,13.216890,15.171227,73.410500,22.136629,21.401615
24.573631,16.679670,13.049147,68.685455,19.498526,43.719162
13.561900,9.564753,5.061486,42.945442,12.306669,24.350332
10.771240,7.774596,4.119402,8.257091,1.726933,2.420140
22.620495,14.899116,12.039988,47.792187,10.989400,13.925015
16.275410,10.604719,5.603725,17.109186,3.653602,4.620003
45.575432,19.181036,17.358519,60.031712,18.789509,83.201935
45.295113,18.947138,20.889805,73.291229,20.189051,84.932472
18.758871,12.477208,7.396396,36.450005,11.049741,85.937820
19.382381,13.576880,4.855200,24.003572,6.020647,4.100085
22.693069,15.389473,8.247254,24.835123,5.432932,5.180418
13.741762,9.703250,16.484383,48.013485,13.044705,30.363333
28.585281,18.903210,8.495106,60.814804,17.330061,21.732464
43.322781,28.511215,17.876698,63.680374,20.241716,63.753441
26.382151,17.279921,24.449114,53.621773,14.831709,84.648201
25.120672,14.166997,18.647758,69.424408,19.297941,56.129513
29.744587,19.868313,12.960713,34.739803,8.541018,5.646596
60.728165,36.325752,23.555437,82.624229,22.447186,39.309036
25.130770,17.264576,8.092667,30.431026,7.468430,23.861418
26.744074,18.149265,8.877869,67.453560,19.083269,22.101826
48.966778,24.472906,16.524462,70.139290,16.566509,12.430694
22.881195,15.536798,12.203510,39.295853,10.672562,50.988293
20.429155,13.631141,6.986089,32.375351,10.026865,5.197714
27.453726,18.217588,13.425926,31.381346,8.165770,51.161148
8.706555,6.364317,3.336345,12.634175,3.369405,13.719868
10.353697,7.177676,3.904421,13.593077,3.335785,10.987225
10.803953,7.255609,3.506099,84.103317,20.426256,5.743585
27.571461,18.086592,18.068161,80.579575,20.276762,10.401751
15.866414,11.103240,7.856320,17.580866,5.212353,24.397316
45.381561,28.296879,14.620736,50.216179,13.397284,11.386463
38.241535,23.795267,10.321268,50.071880,12.107338,7.768895
26.221636,17.704285,14.772385,35.638371,8.584695,12.504028
6.692654,4.676535,3.373163,9.757035,4.037455,8.083660
19.075836,13.133430,4.768098,21.447292,5.676149,4.715137
11.706503,8.386126,4.454549,24.312023,5.750791,2.554468
12.702951,8.671458,7.502074,31.382357,7.918220,8.213299
10.850060,7.444039,5.638365,10.600279,1.329859,1.562701
25.747591,18.406033,6.790420,14.545177,3.930382,8.734996
9.230719,6.307845,3.336384,7.301906,2.310552,13.132635
34.741310,23.286880,17.670460,60.464878,15.812522,14.570396
15.769712,10.968025,4.479554,21.033089,4.874907,10.678910
24.399715,16.388994,8.997313,47.765347,11.043551,4.697270
14.552232,9.924449,5.892080,46.362938,10.332523,6.997622
57.734459,36.512589,18.394041,37.743759,7.192840,6.528986
13.201704,9.144577,10.507867,67.028313,20.788530,54.234230
15.115085,10.448157,7.974822,26.433126,4.365242,3.509594
19.551846,13.325031,5.865593,29.238859,8.667503,23.712517
32.893494,23.043514,15.564993,58.740154,13.557800,7.447517
11.198180,7.849926,4.913987,7.304293,1.640546,2.670084
9.281774,6.584074,4.129049,10.134723,2.740469,2.262180
42.463058,28.094252,27.275311,53.968254,14.422749,12.981189
10.084266,7.009510,3.895083,9.751296,1.659590,10.692826
19.567167,13.433379,9.575156,18.067120,4.434012,3.530639
19.887724,13.855620,7.861125,30.953491,8.866572,25.174852
4.722441,3.330736,1.694882,15.975196,3.436650,1.944207
45.020241,27.286587,20.542557,117.537109,29.891590,27.295532
26.206919,17.269941,10.868573,34.143703,8.889536,22.814100
11.397088,8.078544,4.442676,6.184422,1.282376,1.415365
8.370964,5.601466,2.842210,33.779350,8.758883,7.472959
28.724371,18.968248,11.119747,23.660578,6.060714,12.819150
27.036650,18.211439,6.151251,38.602783,9.502074,19.112843
39.317013,20.820061,10.070745,51.748680,14.181705,10.477657
24.192558,16.688738,9.749308,44.871643,11.671159,12.047091
10.176890,7.132739,1.802484,15.875969,4.923239,2.642021
11.559225,8.055049,5.737882,8.852217,2.680876,22.082600
9.164097,6.461987,4.783267,10.231359,3.577855,20.901016
13.988837,10.016776,4.499671,14.623163,4.343445,14.428449
6.254181,4.650237,1.751748,10.554429,2.444324,1.926355
8.550912,6.041004,3.858312,27.937294,7.368938,2.096964
9.536805,7.012404,2.628005,16.152340,4.964453,7.172237
12.468195,8.649421,5.071892,8.759633,2.743159,9.372364
16.001709,11.241169,5.469018,49.798859,13.994695,8.570131
10.663464,7.784044,4.717682,10.828695,3.424973,7.875775
14.461667,10.067576,6.229342,9.292091,4.023008,10.974955
8.615234,6.267232,3.101986,5.480329,2.191703,23.037197
24.514891,15.862725,15.417274,50.226414,13.182764,32.463112
23.529985,16.184570,13.386856,87.367470,24.180248,10.929782
11.154480,8.121342,6.673691,53.826645,14.755248,26.403158
15.989341,10.955257,5.287051,12.004978,2.835418,14.043461
37.723080,25.027103,13.886261,52.627403,12.246600,3.869632
6.192676,4.333961,12.031667,29.802872,8.755754,67.867958
17.362799,12.141016,4.351788,9.977016,2.725924,4.635891
21.592001,15.239352,7.099997,54.963577,13.099681,4.238129
12.251484,8.284707,2.582302,11.110856,4.036256,16.622684
18.048578,12.640694,5.825486,16.538105,4.842916,9.350005
13.834945,9.643079,4.790053,55.505730,15.023879,3.977407
9.215902,6.751849,3.126400,15.645817,3.757911,0.700848
34.264057,22.686735,12.625489,45.293232,11.569130,12.305059
20.162157,14.091636,7.631161,18.214453,4.368107,16.957445
12.040052,8.734811,7.792192,14.807933,5.138427,8.538255
14.262554,10.047548,3.183308,12.341440,2.806568,2.329154
69.642738,41.268269,29.340643,107.140274,30.277023,87.827652
12.358777,8.942732,3.605126,11.210217,4.180185,12.587187
6.535879,4.659574,2.038616,13.892816,1.918493,7.381694
54.513744,34.559891,18.451752,62.416222,15.340067,25.113937
18.093132,12.568954,5.794363,12.214694,4.584437,2.298007
31.679966,21.323978,6.328817,22.199314,5.384791,4.716211
12.771049,9.046485,9.542438,26.896418,6.473942,15.335822
15.785796,10.902710,11.295719,29.509331,7.301411,5.992778
8.285243,5.490493,1.622927,14.903035,5.453954,5.078836
21.191824,14.391249,7.763702,33.714588,8.121728,15.166862
9.551206,7.153172,4.242159,13.266913,4.153417,8.540914
18.116724,11.838168,8.979085,68.647491,17.232710,24.638243
14.467304,10.263474,4.883314,8.448819,2.611909,1.618012
39.345516,25.397217,43.622913,200.041458,53.976452,208.665344
49.126331,25.382193,23.317333,113.082748,33.877632,41.202953
15.847007,11.015679,10.880020,24.686348,5.366766,7.333900
23.500538,16.054220,8.015941,29.809896,7.911508,17.048405
34.361572,22.900215,12.281808,91.637886,23.423632,10.898474
8.380759,6.174544,4.967139,24.431059,5.655913,3.748462
23.584505,15.116937,9.657655,51.939331,15.415023,59.378933
19.581516,13.552386,5.008623,20.770666,5.495426,7.051998
18.907602,13.420402,5.330057,11.836303,4.991622,10.009664
19.138271,11.779011,7.882611,22.645153,5.378992,6.265959
26.990458,15.963769,6.461179,48.533150,12.027166,9.330076
16.470905,7.685220,6.543154,30.931982,6.582586,2.547369
5.411512,3.815548,6.707461,16.828032,4.241657,5.612985
12.939043,9.235899,4.880969,13.234864,3.324084,7.450307
26.682819,18.535477,8.248839,54.663689,13.057613,4.780216
18.075277,12.663324,7.159538,20.362577,4.881582,21.420708
17.621635,12.317192,11.203285,46.574459,10.301088,4.369557
23.612129,15.851285,9.471610,19.758646,6.068418,2.142781
19.970905,13.958520,6.044300,13.721507,4.187010,30.512165
8.547463,5.805631,3.193775,13.824839,3.620157,2.304852
25.240402,17.200621,8.924660,25.262957,7.768809,8.637363
7.141835,5.244053,2.162958,9.508528,3.201305,0.700773
4.822926,3.393043,2.840723,7.019716,1.768015,2.329587
4.533038,3.130042,2.544017,9.240088,2.682750,6.926188
14.982151,10.158542,4.456573,11.452379,2.681255,2.602145
23.911043,15.781656,8.025385,20.583937,6.004377,19.554512
15.213470,10.408255,6.436696,19.845844,5.252454,4.908194
22.354961,14.744396,9.472429,38.444412,11.314466,26.516581
26.832371,18.116707,8.142899,36.833916,9.270674,23.628014
10.041344,7.224671,3.631626,7.574200,1.283742,3.211939
16.169022,11.178275,12.929221,81.106369,19.532209,9.494366
27.466408,18.141956,8.976445,55.513565,13.774508,10.124909
14.717591,10.383784,8.098225,24.054579,6.439484,14.896085
37.197540,24.304487,20.888464,54.805416,12.025337,14.218697
9.378268,6.433392,3.140007,13.861180,2.883937,2.641366
20.596025,14.260641,6.357104,13.638408,4.296372,20.380745
27.799095,18.340075,23.008005,20.697441,5.756285,6.534493
14.255351,9.981199,5.368303,32.653042,9.295229,2.952568
19.080404,13.271222,6.431824,18.182356,4.935008,50.977325
13.139118,9.131997,3.391761,46.539768,10.685481,5.265836
17.811811,12.597425,6.379916,17.551334,4.005584,11.021736
39.228359,22.851374,16.991209,39.402309,9.805694,10.223249
7.472644,5.335202,1.918597,50.717243,15.671349,1.994757
21.660736,14.823790,8.694296,30.686680,6.877106,9.845032
19.769787,13.980369,8.487655,18.383629,3.531348,5.553092
46.701473,28.655485,21.425743,87.374687,28.074680,73.233589
17.902296,12.039378,5.424028,36.272957,10.175636,4.535415
100.944603,55.692169,106.456818,284.670868,87.518410,438.035492
38.483036,25.303493,12.455368,69.904137,15.630079,12.002855
7.730008,5.582049,3.560399,26.484659,7.960601,7.320770
10.049901,6.842344,9.668966,37.676414,10.357454,23.516827
33.435425,20.331118,13.802726,65.253372,22.969275,62.986851
41.743637,23.412209,22.276648,108.114403,31.857450,91.851013
7.088572,4.978013,3.119826,7.195701,2.299469,15.318289
14.864724,10.443130,5.567732,11.560893,3.428568,30.626680
18.578121,12.747860,10.949409,21.616983,5.728066,27.764568
13.281611,9.173444,6.269198,18.131189,7.039636,33.508858
11.507442,8.030125,5.081595,21.278463,6.390811,1.961409
12.895262,8.790563,3.956630,24.274624,7.956410,21.663431
13.192017,8.985566,10.500268,71.329132,20.777439,7.255548
45.564671,25.452671,34.720242,104.194427,32.251621,126.981827
23.946518,16.243137,9.948836,14.342644,3.717783,5.745622
8.090510,5.475680,3.848357,15.925730,3.579562,4.241437
36.183765,17.400211,31.867086,90.331749,24.930367,19.654278
21.336002,14.047791,10.320281,12.663528,3.309615,4.109639
21.249802,12.403657,8.535302,20.584587,5.154582,8.817208
58.446476,36.262585,32.621330,67.084488,17.210747,23.102631
19.634098,13.211684,14.243302,62.242409,16.071531,8.792069
13.023949,9.400108,5.006506,24.636654,7.149190,5.582501
6.587446,4.487964,1.250303,18.723082,4.466690,4.056170
13.483504,9.188314,7.909927,8.242298,0.943847,11.275373
29.993002,20.205090,10.030968,24.630634,6.190409,18.986649
5.310123,4.024218,1.841521,8.526011,2.336531,2.700442
20.623549,14.375779,9.279789,47.240307,17.490507,44.866718
24.078074,15.620325,14.919186,50.889320,11.525654,39.891739
7.975047,5.660782,3.332124,9.415814,3.461083,4.944704
28.601255,18.800652,11.753191,17.642950,3.767188,11.782921
11.239086,7.766527,2.918678,33.156685,9.174224,6.023652
55.619030,33.280029,26.715740,86.972336,24.005892,74.247795
22.927498,15.634509,11.903017,33.470257,7.584511,4.805929
28.007345,18.561760,11.699207,44.322716,12.284453,5.145705
29.779747,20.535191,8.705627,31.263947,7.405126,14.985943
41.389271,22.590374,57.978607,193.576889,60.944641,372.906158
19.640509,13.351575,10.656593,32.308060,8.692460,28.134180
47.880821,31.239859,19.306955,53.383339,14.536076,36.805458
21.217808,14.563904,6.555843,16.862665,4.201586,3.944152
17.020790,11.792351,6.347608,24.795143,6.975142,27.726126
36.196930,22.046242,71.152367,235.857880,68.708069,273.044800
19.368315,12.903665,5.118617,30.546225,9.720840,38.332394
31.813938,20.484554,9.298842,36.691250,10.574989,10.779977
20.085167,12.977564,7.925384,27.409672,6.813351,4.741149
21.390156,14.824066,6.283347,22.676266,6.717591,39.042992
14.536942,10.263854,4.085541,12.874301,3.355109,5.257974
12.353524,9.001866,2.760065,12.085075,2.780110,1.115747
9.952118,6.809898,7.769233,18.953897,5.127600,17.648945
23.400711,15.179018,8.639390,64.118820,17.239710,12.495717
47.668324,30.558523,17.125727,139.109039,36.599701,14.148575
12.761182,9.030446,5.603832,9.055412,4.044680,11.290342
12.931750,9.071224,3.662988,30.210901,8.224140,2.272511
19.770691,13.630604,17.707516,78.457413,18.702436,20.033062
15.589281,10.580611,17.579386,52.119057,16.030970,32.020164
18.092981,12.317352,5.921418,41.338245,11.457295,6.918139
35.412216,23.332705,17.388498,112.073624,27.989254,19.430912
47.128975,30.418055,23.860426,88.485062,22.265715,18.123203
42.255051,24.370525,13.445039,39.772694,9.918251,10.887346
21.588608,11.194516,7.134039,15.670477,4.987411,4.694946
13.924933,9.676267,4.690320,12.239189,2.803937,1.168444
16.727964,11.528790,5.090561,17.677319,3.557678,2.781653
8.785597,6.242645,2.721189,14.430823,3.124051,0.486119
11.438890,7.814281,3.454320,21.281061,4.867033,19.677881
6.784079,5.134656,2.927356,10.795881,1.164209,0.778005
15.882302,11.070329,5.215144,14.536082,3.761048,3.276017
12.517675,8.592935,4.910374,26.315220,5.382979,3.838564
29.277977,19.929909,7.462120,51.037392,12.069313,3.816356
14.978422,10.171135,11.722178,36.261772,11.524390,57.644966
22.463818,15.537067,19.869499,42.984760,10.860092,17.097418
12.920613,9.392262,5.488274,11.451687,2.203022,14.121133
32.034813,20.386215,28.564907,116.819397,33.848396,104.732681
15.459748,10.673165,5.574959,13.281214,3.773586,10.015023
14.184593,9.601166,5.537974,13.842800,3.036402,6.685550
10.219166,7.375798,5.304108,12.461157,3.460065,2.957755
23.521196,13.114163,24.057810,25.236641,7.049833,51.947796
26.200382,17.859341,12.229919,19.627785,6.748578,55.383564
20.646214,14.130073,5.675259,40.783642,9.849182,4.485763
11.846184,8.326950,3.532460,26.604015,8.100342,23.040773
9.565592,6.795606,3.453712,10.475148,2.958809,6.663378
11.016379,7.411036,3.829885,21.571646,7.194666,18.119644
9.237329,6.345316,5.029462,24.406818,6.331246,2.940437
19.013691,12.833690,7.615877,31.769432,8.104563,23.964352
23.708792,15.761960,6.497577,26.783249,6.776857,16.070398
14.006686,9.581972,4.313920,12.427380,3.539336,5.253422
23.433464,15.410032,15.363737,38.077679,9.729723,8.955737
24.719362,16.989496,12.598078,70.033310,17.403961,9.744916
32.531898,20.966719,10.943947,36.378887,8.984333,16.795168
44.566582,20.865738,14.863716,158.648148,40.990051,39.938309
9.493689,6.473583,3.440864,31.051994,7.620053,2.028740
7.756666,5.603854,3.037970,19.373188,3.507040,1.852597
23.381603,15.984263,8.942898,22.113945,5.635818,21.106335
11.314170,7.917569,3.798253,18.736835,3.912955,1.597898
16.620853,11.223539,14.688089,58.429432,15.826141,19.301088
14.722327,10.578935,6.686638,26.644318,7.459942,18.963110
40.252983,23.634130,22.829514,97.391068,27.168444,96.246208
20.233166,13.544775,9.759080,68.882835,18.286730,27.726561
7.913326,5.505269,2.996819,9.607785,3.854528,1.775754
14.558979,10.360453,4.132852,24.666130,5.951090,34.413322
14.419563,9.975423,4.118865,31.931900,9.008408,14.993257
12.287994,9.020416,3.147774,9.543263,2.944425,15.652163
22.817402,11.715703,19.089573,103.279289,28.697411,14.851369
13.662616,9.286526,3.869893,20.256742,5.134518,0.748066
10.477762,7.606506,5.541830,16.979191,4.269560,5.331999
9.315860,7.015490,3.536723,24.669998,5.812755,2.128478
24.752518,16.480127,8.937510,17.898670,4.848817,32.104111
11.425037,7.777883,3.252558,24.063726,5.974688,3.817293
14.110808,9.735928,7.793670,30.996059,8.948969,13.220084
9.327385,6.402456,10.220013,51.018013,14.872679,22.464884
24.639496,16.968487,7.430037,18.857817,6.021582,7.260309
31.462927,20.579287,8.553756,44.958229,12.828483,18.242788
25.104176,16.683235,13.666001,49.712082,14.540261,17.604801
16.173737,10.741764,22.802446,119.895767,32.131794,67.125771
4.647170,3.525724,3.391804,39.224178,10.956550,4.112522
26.114862,17.843782,11.125079,36.598347,9.761605,14.232712
28.347704,19.029850,9.224466,45.254982,12.510254,4.446448
14.435350,10.200601,5.063606,19.732061,5.314533,2.633597
32.267761,19.643482,31.068588,85.692917,18.070524,11.113689
16.122854,11.474981,5.301874,7.888468,2.114357,3.704407
21.474686,14.554934,5.940167,24.787851,6.942070,5.025195
24.966208,17.387236,7.400302,31.224892,9.325083,8.322358
5.623533,4.120010,1.388965,16.654093,2.603245,8.139248
4.212237,3.149206,1.681023,13.791028,3.863751,1.696936
26.835781,18.759823,13.449852,25.341789,7.477657,33.185539
12.043520,8.234508,4.071415,14.916533,4.136709,7.099003
9.825313,6.762883,2.630565,10.140312,2.546489,4.346122
54.872120,34.455017,17.158112,57.652660,15.475354,26.414902
26.454094,18.178196,9.557445,42.163322,10.227052,5.145529
42.384903,27.046829,12.992349,26.204704,6.161052,6.804724
16.477306,11.711944,5.466847,16.989931,3.720178,0.970602
21.887074,15.172163,7.155560,19.412226,4.241096,3.386223
7.860006,5.481044,6.910403,39.528137,11.892810,6.231250
21.040773,14.811511,12.325226,35.672909,9.324042,15.464911
33.566559,21.380121,14.965747,55.358597,12.352707,8.473582
22.593603,15.470939,9.066649,59.971416,17.969114,10.079375
45.735733,28.837601,25.823866,46.387108,10.462652,13.898819
10.169682,6.983171,4.100236,7.718770,2.380236,10.630191
26.664528,17.655899,10.340732,31.758308,9.038044,32.586617
32.735313,20.976362,12.736814,35.563652,8.802183,14.141192
29.502003,20.030405,11.861712,11.656543,3.901520,37.755424
7.927074,5.772661,2.951002,14.256193,3.591509,2.111219
45.064793,28.778622,18.351707,51.685280,13.087375,27.770248
23.442644,15.690487,7.754277,27.260988,6.040530,3.431105
8.237754,5.789360,2.522634,12.706872,3.786057,7.777633
15.077644,10.492482,4.602337,53.770298,15.553431,8.396685
11.457436,8.443770,5.507872,8.438679,1.992484,2.050816
33.269161,21.717962,15.173208,51.118439,13.112381,10.391593
7.626002,5.532953,2.349796,16.776764,3.825110,1.945737
38.155552,22.512363,14.414222,67.949173,16.424025,14.399091
33.079754,21.762743,9.955432,34.440903,9.091103,8.219912
19.914898,13.650498,6.373208,65.678459,15.714442,2.863673
13.949961,9.375216,11.535933,35.416126,9.083751,9.892346
11.773591,8.391193,4.508550,9.168019,2.576343,1.248813
10.701785,7.231774,12.648904,57.944878,14.510581,15.975378
6.978090,5.156771,2.250207,9.665703,1.891203,3.240384
40.118473,17.014986,22.723282,117.098000,29.662527,36.386055
9.341262,6.255828,3.804290,31.466738,8.702013,2.731595
16.371895,10.908527,16.469322,48.783394,13.630950,36.754066
7.547706,5.221555,4.796302,69.492569,19.957062,1.687570
8.219883,5.789748,2.011510,24.828381,4.614160,7.893281
16.532932,8.110344,4.334052,20.923048,6.474886,5.350860
34.975147,23.323174,12.890146,57.760128,13.655474,26.661377
16.305056,11.482398,19.409357,69.191765,21.841537,46.321472
21.568546,14.928123,9.730369,36.054043,9.612775,29.660759
9.779386,6.821805,2.335389,10.536747,2.571680,3.966795
40.658886,27.536722,14.204881,25.665277,8.626996,64.790215
17.129456,12.252248,6.119866,8.132351,1.800738,3.692905
15.828494,10.888703,3.727338,15.655005,3.837105,7.510897
19.376616,13.283925,7.188105,22.988518,5.815164,3.195406
53.825333,33.200840,22.024303,35.441303,8.566461,29.572327
29.987558,20.227360,11.355308,32.457150,8.275742,30.845335
63.317432,35.784718,25.292940,112.859245,27.684690,31.923849
24.880810,16.734205,7.592890,33.944733,8.963963,36.585358
22.710291,15.376449,11.487116,26.446795,6.562753,14.240149
7.724365,5.272841,4.024098,7.955854,1.298110,0.557450
9.835272,6.829761,12.393546,40.506031,11.270092,52.081116
50.308769,31.905533,72.384323,305.668152,85.357567,256.521637
20.786856,14.067193,9.738447,33.036480,10.535178,60.949547
11.714199,8.115970,4.792674,10.921975,3.875259,8.825425
19.263924,13.099202,6.214430,42.434921,8.751443,4.183846
10.785084,7.781742,4.381223,13.578119,3.666738,1.893020
14.505198,10.267978,5.214203,12.986455,3.761548,5.547265
30.188763,20.321011,9.598812,40.295444,8.007162,7.292350
18.852274,13.239735,8.013768,13.561334,2.508019,4.680360
16.550722,11.395943,5.960861,22.489662,6.607588,8.403937
9.529970,6.915088,3.628202,9.646499,4.280016,16.927456
37.815285,25.777872,12.709077,108.197525,28.593422,6.192194
24.273233,16.921288,9.386416,31.688076,7.490228,60.769196
51.306843,30.107746,30.442537,93.162170,26.649883,97.475121
13.896988,9.392745,4.608120,13.454071,3.686489,6.739061
12.678098,9.078138,20.336058,47.240299,12.292468,48.296345
5.243174,3.839289,2.130526,18.999443,4.791266,7.828307
19.067778,13.018581,7.544916,26.454016,5.904603,19.097269
39.292061,24.328075,38.755131,158.573486,49.427177,220.322495
53.289333,30.597166,41.493084,128.124054,38.431061,214.044800
6.528386,4.469684,2.886747,11.687802,2.444315,2.212857
51.185215,26.047159,38.012920,85.998558,22.819313,77.707596
14.064202,10.067154,3.916768,20.294325,3.791305,4.580196
20.482094,14.407383,5.894960,22.560654,6.202273,13.362093
36.868889,24.936712,13.997274,31.654261,8.125052,23.490179
11.435026,7.446273,3.678746,15.658181,3.077887,2.332705
14.634958,10.141052,4.730177,10.948757,3.061353,10.706200
48.262897,30.025654,16.969526,134.216736,36.297318,23.046497
22.820354,15.042850,7.133826,56.808483,12.365761,16.170275
36.067604,23.780111,16.749714,49.709564,13.925681,21.930101
18.368950,12.393965,7.466403,21.085388,6.830050,33.675892
36.782555,24.414692,10.354231,33.101429,6.529308,9.455306
26.394253,17.639818,7.314561,26.871323,6.602250,4.861916
34.602528,22.671293,12.325129,34.060394,8.213897,6.623563
15.968704,10.777678,11.279378,21.669506,5.433778,7.695259
10.399708,7.410369,6.908910,27.993473,6.903654,7.473613
16.958719,11.748386,8.908010,25.417446,6.127069,4.380038
11.419968,8.138190,3.470662,10.177136,2.268512,2.423451
13.361361,9.497925,9.740018,40.191238,10.261877,4.994799
6.918386,5.142226,2.633183,16.593870,6.024038,0.811909
12.071463,8.242866,3.985797,19.819611,5.414504,17.090607
23.716005,16.022552,7.532137,15.613433,1.808354,10.461404
18.234653,12.578260,9.748183,30.335337,7.686381,26.876940
15.419869,10.968461,4.671518,22.938530,5.285949,2.200273
27.233347,19.051489,8.479989,41.461220,11.811246,32.232044
10.261674,7.308491,5.531736,52.307308,11.013435,10.388318
20.410387,14.141302,10.724049,32.332630,6.406463,6.254402
22.505713,14.459839,26.700089,108.438843,29.999393,125.962692
27.558346,18.682121,11.076350,37.696438,8.851875,5.121766
34.965897,22.710732,10.282832,25.929487,7.515816,25.603615
32.013027,21.316978,15.055522,40.737255,10.014421,12.047691
19.962545,13.530829,11.825187,44.930054,10.106002,8.815850
4.645143,3.536514,1.872967,17.070965,3.928199,7.463680
33.119644,21.981958,31.904909,133.571365,36.867874,122.849785
9.175780,6.506332,4.395912,21.630198,8.022655,26.704178
14.132835,9.537488,4.349990,21.251719,5.906878,8.385725
14.574223,9.712667,4.186970,26.815924,7.075391,13.927203
10.946045,7.916869,5.410325,30.186720,9.174050,98.002625
10.848781,7.565299,3.934946,9.334188,1.281209,2.564399
8.660498,5.787789,3.966648,12.659565,2.834878,9.600300
28.542244,19.302328,10.656261,18.247353,5.678197,11.284437
47.787083,31.398903,13.402225,65.797729,17.390722,45.077579
46.471619,23.917831,43.264511,144.566284,37.359074,82.040237
33.814552,22.104261,8.078264,38.376240,10.690342,34.604042
27.457205,18.098696,19.462452,35.696239,9.826505,32.387272
8.757013,5.728072,2.256418,6.580423,2.329986,2.791297
5.671041,3.941451,3.122217,10.164501,1.651718,4.365510
44.370331,29.192595,12.720199,37.772125,7.595685,14.148622
25.006512,17.455351,6.882827,30.012899,8.442144,20.921286
30.654634,20.396732,9.949361,17.998972,3.636405,3.674046
6.588346,4.679974,2.689469,4.594611,1.442141,1.084080
13.220593,9.498760,10.326494,40.757801,11.272308,35.476566
10.263169,7.301478,2.717298,17.136974,3.697746,5.048835
30.569073,20.444511,8.728814,23.265425,7.844271,27.053076
19.310865,8.828465,5.362768,35.779541,9.570041,33.279144
16.965851,8.057613,4.959455,37.859661,9.833663,41.629864
25.213854,16.851461,6.196526,20.448551,4.827249,3.703657
5.846106,4.233677,2.085306,8.915620,2.544396,13.069977
7.386377,5.068283,2.099176,17.324129,2.822570,0.467604
17.171581,11.717134,8.564281,136.532730,39.404770,9.863622
7.592714,5.401160,3.768890,17.699352,4.470607,22.969721
25.963287,17.792620,11.804479,97.895409,24.477865,8.681126
20.502373,14.165464,4.452419,26.074516,7.953068,20.044346
30.470568,20.508127,11.549646,40.788265,12.506267,14.647904
17.713051,11.765111,16.708605,64.578445,17.762577,79.057861
8.258558,5.957681,2.668422,14.482441,3.072530,2.162650
20.395094,14.073007,6.295797,39.262119,11.900546,9.195950
24.218895,16.169113,14.763390,144.520462,41.125786,8.818255
10.756019,7.767002,4.575285,12.768387,3.029505,12.407062
33.694889,21.685699,11.555744,45.672066,11.722733,74.289803
10.645321,7.377670,4.087774,15.646022,4.438848,12.758984
25.888283,17.175114,7.467128,55.710480,14.398169,29.726421
26.309742,16.766504,7.211117,37.852661,10.463960,8.616833
11.437677,4.493585,4.045295,40.591896,8.901041,5.132046
30.330544,19.391930,15.171837,90.751648,24.343357,18.415388
11.854286,8.243700,3.242821,25.822325,5.879190,15.207983
15.413033,10.443292,5.825809,16.905668,4.146229,4.537521
22.237656,15.461588,6.255393,20.516327,5.577088,21.352962
29.146730,19.698256,9.356366,80.427597,20.154903,4.397134
4.564110,3.546399,1.689361,4.362225,2.440129,2.500514
29.013136,19.229944,18.985123,51.231792,13.410897,19.209452
9.415422,6.800426,5.280203,10.661997,2.560126,8.359443
11.632439,7.484097,9.228442,39.617226,9.621705,6.713496
12.949926,8.340578,13.736375,91.941376,26.061369,50.514961
6.514796,4.462846,9.229506,26.052601,8.211027,26.567862
11.056594,7.841024,2.045348,19.068457,5.488037,5.201400
10.688093,7.415387,4.037523,20.811029,4.593135,5.605022
25.654486,13.872744,9.326082,42.144142,10.958089,11.346680
20.708689,11.715687,8.746397,57.495956,12.974912,11.113769
27.441948,18.128813,29.673891,104.870819,29.000669,97.117332
28.782307,18.827423,8.450912,28.571068,7.295100,5.378213
8.983354,6.263295,3.776737,12.645190,3.341668,2.420536
8.288848,5.767247,1.684049,13.681388,2.816827,3.329081
10.117958,7.162920,3.315773,15.030683,2.682546,3.663574
16.179253,11.339644,4.639569,12.493599,2.395231,1.687487
6.737905,4.791812,4.230886,22.418474,4.410504,3.893477
27.081348,18.640993,4.485007,16.938631,4.499531,4.063200
24.778002,16.345642,6.904558,59.591095,17.013590,7.529284
7.304706,5.143541,3.087919,43.936337,10.475060,3.188364
26.145998,17.651037,16.303881,73.973808,20.494251,32.223759
43.174683,23.296154,13.751317,66.335388,18.386154,40.797546
28.137445,18.741293,16.664789,70.281586,20.164097,15.286606
15.415251,10.550891,6.869145,25.358770,7.279167,3.834962
40.443642,26.667788,18.208824,40.752239,10.455456,13.500034
25.337013,16.610411,15.673471,47.968910,12.539062,34.171371
17.787268,11.893569,7.802623,41.344780,9.764887,7.387989
26.662231,18.157785,7.842912,20.303371,4.830596,9.171003
15.170484,10.915082,4.888235,14.847617,3.311898,2.944847
19.790453,13.085166,12.650266,70.882927,18.026213,10.581052
24.973202,17.000908,10.211308,50.914417,12.319708,22.943218
43.955124,28.891449,15.782620,83.275871,20.345490,11.449456
14.917713,10.362334,4.783517,14.230188,4.246054,14.237366
13.538336,9.770900,9.525007,33.183491,10.087893,8.601082
7.704594,5.518278,2.177182,9.790388,4.865347,25.018820
12.134935,4.379006,3.075307,16.388350,5.711108,2.083315
17.809492,11.031124,5.499625,16.452244,3.791861,2.902831
41.788853,27.964262,19.216959,42.573021,11.255697,21.921516
29.318123,19.526747,8.653399,60.963581,14.035653,9.536922
6.287616,4.184245,1.933566,33.723724,9.868013,1.759173
28.440027,18.765106,8.046289,26.928913,6.991014,6.095904
55.893810,33.552120,33.342690,108.753586,28.857063,39.225964
5.494260,3.863558,2.779389,8.668740,2.011196,2.846190
26.690731,18.168180,11.640318,43.044910,9.795012,39.732994
9.312095,6.468654,4.569926,28.427193,9.578868,1.949862
11.804115,8.072083,4.414483,17.140514,4.606535,7.477856
8.202407,5.921761,4.693097,18.509951,4.923794,4.510174
11.437332,8.163986,2.742011,11.825917,2.323688,8.957313
9.819220,6.443927,3.550920,11.496465,2.776687,3.796865
5.934671,4.226185,2.920444,13.458992,3.915228,1.290506
4.431185,3.090297,2.451391,5.699791,2.065319,2.469607
16.239544,11.186892,9.856425,22.864677,5.291065,5.485634
6.644753,4.756406,1.881420,17.625181,4.358993,4.425468
15.592129,10.674674,5.487767,13.674426,3.245996,17.131493
18.551298,12.661200,8.403972,48.845196,12.673573,3.854463
27.659775,18.173243,11.442846,44.248257,11.770175,25.021673
6.916895,5.148309,2.625788,34.245293,10.126661,3.839502
43.880989,27.623722,22.985081,69.575905,13.598231,8.522102
21.305943,14.825653,9.013704,56.640400,15.148472,4.328831
33.379498,22.344584,7.681204,29.239086,7.160124,7.042601
48.713318,26.909115,53.226742,170.096512,45.579700,44.893131
70.519264,36.650478,28.856491,103.173447,22.251200,28.016790
4.995523,3.639404,1.599404,13.877908,2.550282,3.439113
28.340199,19.677057,10.012112,91.041092,28.833786,10.619375
11.551779,7.906041,4.325224,26.466162,8.668986,13.892501
11.127563,7.774059,3.407861,9.873481,2.493056,3.068177
11.016331,7.759185,5.931739,52.182331,13.740553,5.402801
25.685886,17.697493,8.511078,32.691471,9.031525,9.777443
25.044865,13.461111,10.867822,14.089074,4.844626,11.187657
24.132753,15.032348,7.231891,26.589548,6.674917,3.200406
35.796917,23.353752,13.420409,15.877852,4.918408,12.725066
39.393143,24.657328,18.081104,80.767090,20.692612,14.800566
44.820900,20.790159,23.204979,78.661644,21.167982,17.150799
45.574959,20.730455,23.478661,87.092880,22.159315,15.886866
7.508570,5.365828,5.149899,88.791641,24.162210,4.905212
6.700450,4.955225,3.291158,14.616904,3.747013,1.912814
16.053431,11.372302,7.710780,22.059175,4.321791,2.231658
44.707928,24.880129,20.216288,86.002838,23.779408,29.471149
13.876333,5.112912,11.833883,55.899559,10.704432,29.126842
31.511393,20.424957,7.284589,31.479399,9.934953,66.444839
7.350358,5.244872,2.667886,9.865305,0.607622,3.701005
9.748759,6.874595,16.902430,66.011124,19.455326,9.490427
16.440908,11.477121,8.312136,25.274893,7.579753,38.695709
27.760769,18.009680,8.954796,41.108261,8.956405,3.792798
24.100456,16.560499,7.022981,34.845058,8.559547,7.497785
37.350002,23.629213,16.969654,74.112236,18.955513,46.062004
12.287396,8.622416,2.276229,23.494732,6.581819,8.052891
33.912773,23.137024,7.867782,19.981901,5.491238,5.139470
6.686998,4.985115,1.719517,10.614773,2.486237,4.451872
28.100056,17.199408,6.967613,29.554497,7.057761,28.733511
14.032423,8.186296,5.579345,18.653248,3.915916,3.565111
20.151260,13.846935,6.878946,15.877275,4.029278,4.157047
26.124519,17.725029,8.101181,39.554794,10.142972,5.773333
8.189689,6.077603,3.350337,12.412940,4.061236,1.068047
20.050482,13.734962,12.327487,21.382929,7.079826,24.108910
26.913799,17.990757,16.673756,74.109711,16.812578,54.595669
7.473886,4.915257,3.268741,6.135176,2.581028,0.655920
20.318640,14.139277,9.422420,39.249092,11.674397,57.023598
38.908710,26.251514,13.948464,39.903740,10.564786,22.286686
9.968584,6.880955,2.494977,14.306676,1.887829,1.749490
13.177341,9.141977,8.396667,18.276268,4.709126,2.856192
8.853443,6.042511,3.616287,20.083464,6.768555,20.912699
8.392753,5.946985,2.946882,17.657286,5.539785,1.262278
11.497525,7.833655,7.748249,36.644932,9.189317,5.711049
7.745624,5.517405,5.502873,37.874695,8.402467,5.078627
15.019989,10.221746,3.311304,19.311543,4.948218,16.815639
15.517828,7.381587,5.694532,28.190935,8.831203,7.279067
26.812052,16.811003,13.599555,75.410629,16.784168,18.161890
22.149199,15.432634,6.618244,13.378712,2.774446,4.607816
11.682373,8.336923,4.625278,24.857481,5.670850,8.840875
18.888094,13.142377,16.517040,50.964191,11.984765,42.816483
25.549164,17.458548,9.623169,58.857258,15.700516,8.126737
20.582664,14.475595,5.941871,27.643753,7.892823,6.166867
11.340062,8.082686,4.869092,18.677092,4.813506,18.619446
9.843920,6.691864,4.398330,44.461071,11.350507,3.497600
35.566147,22.341827,11.976535,35.455162,7.877270,10.542978
68.253616,41.353653,44.682438,122.944740,44.283173,147.517166
12.855684,9.090591,2.297804,41.003132,11.802341,3.710374
36.989151,25.168652,10.788842,36.665455,8.512349,9.719213
55.354263,30.120028,41.406242,154.652756,39.059673,31.378910
5.392285,3.975251,9.510380,39.646103,9.046180,5.550141
10.378875,7.195188,3.455039,46.337597,11.733364,5.970649
10.365195,6.995018,4.052784,12.742781,3.656889,20.792866
32.299019,14.839661,14.721140,108.431381,29.440613,27.821108
18.691046,12.694324,24.656643,86.581490,29.041679,99.243111
8.013475,5.271464,3.520575,14.624516,4.125790,3.979405
31.810276,20.669420,8.737932,71.686943,20.557560,5.958448
31.331532,21.367872,11.496505,30.286804,9.742059,57.006924
13.139503,8.958239,4.738279,13.473434,4.364194,25.080839
12.452218,8.813034,4.641722,48.020535,12.871374,2.520189
8.108971,5.547312,3.413007,21.081924,3.576383,3.699949
27.348858,10.513445,10.757345,64.739204,19.119204,18.135416
28.690763,14.386781,9.939323,102.380447,23.658508,15.341125
12.746300,8.725775,5.750169,11.179767,2.998635,4.895512
25.290174,17.641956,15.982376,35.325996,9.415592,21.890081
9.064554,6.153804,3.153320,11.870198,4.908107,15.769865
10.672143,7.214214,2.825368,39.776863,10.178476,1.884427
11.765232,8.357433,3.487249,14.577418,3.453756,1.467727
7.435811,5.085803,2.410599,23.902988,6.714289,8.475142
16.379148,11.281076,6.890406,8.990779,2.409149,3.827731
27.569752,18.196308,10.208557,30.721102,8.331706,8.006467
29.816063,18.546623,23.199282,60.461903,13.971009,22.253868
32.336998,21.820244,6.800477,46.762871,12.839143,33.318222
5.960408,4.127754,3.001766,8.496614,2.821513,0.653118
22.350050,14.762690,13.181270,54.196327,13.825357,58.305656
15.137279,11.083155,4.227488,32.179131,7.805857,1.993198
62.997356,33.632641,20.641102,49.220001,11.802222,17.671181
21.983562,14.862934,9.679984,14.320404,4.403489,17.645021
6.586449,4.802722,1.826439,18.155993,3.629673,1.447442
27.311386,18.848660,7.662420,17.060495,4.180791,5.408879
7.224239,4.865904,4.452576,41.125652,11.886977,3.511675
10.591511,7.108277,3.163896,12.433837,3.281188,2.833782
24.927185,16.202251,11.838535,57.890774,15.577882,37.835590
11.691684,8.385312,4.077209,4.355882,0.165801,2.364621
21.197235,14.794760,8.517742,37.778782,10.058424,32.879639
18.819872,12.840506,10.470201,18.986212,5.795548,3.062869
10.430471,7.256297,4.948954,11.901679,3.021495,2.728868
20.464851,14.245756,7.914722,6.014831,0.801584,15.963824
31.275780,21.633234,11.981804,31.692118,9.273104,49.157959
10.290008,7.309949,4.845243,8.276486,2.153283,2.328647
18.884480,12.992627,6.329971,5.393809,0.340297,3.623682
18.353865,12.352188,12.045580,40.333996,8.852343,7.517606
24.781345,16.730246,4.541312,45.505928,10.626779,3.717384
31.103916,19.102930,35.950172,204.066971,53.593361,119.420326
14.719346,9.891609,4.266230,17.488230,3.910602,1.740532
6.166805,4.397598,2.362646,8.328625,2.579391,5.935151
10.306437,7.136196,4.960135,11.692422,3.449473,2.511058
7.036276,4.671647,1.845798,24.162119,5.786044,2.530275
23.475790,12.164224,30.167919,79.678459,23.881575,43.112526
19.952528,12.265921,24.788862,83.069168,22.162157,30.134224
23.952803,16.202265,6.709295,34.596569,9.852970,23.868025
30.184637,20.257469,8.263794,56.179596,13.747053,3.278508
25.088818,16.801735,8.998005,47.105469,11.620070,4.322412
9.308417,6.571373,3.968060,23.171038,6.626528,8.274693
11.447906,8.227647,4.186254,21.662634,5.954526,29.530380
22.726955,15.748013,10.097475,24.647865,7.491173,19.331816
30.777956,18.452961,10.930141,47.017826,12.740143,11.410806
4.959260,3.499215,2.230168,57.352802,15.092159,2.793133
8.887439,6.383187,1.745008,10.500749,3.019378,13.140885
24.657440,16.665565,7.353508,24.331047,6.557288,27.061527
8.309084,5.813395,3.126859,9.381208,2.107588,2.090894
12.859057,8.844691,8.149956,37.508461,9.795460,25.570848
23.944891,16.208284,9.101426,36.841755,9.430830,9.377343
12.033776,8.297345,12.212458,27.852760,8.735512,18.033226
14.618052,10.446280,2.644783,9.425467,2.878867,3.463138
17.046450,12.119537,5.461371,17.755062,3.882451,2.689684
22.078033,14.506277,7.092083,25.898806,8.739975,8.900572
7.251186,4.498879,9.609447,69.097618,19.698942,38.952312
12.346950,8.468100,3.778328,9.868468,1.661067,3.192884
9.409491,6.739569,3.775817,29.482544,8.257088,14.309192
11.635060,8.235600,3.413146,8.036699,2.756289,1.680682
20.071676,13.773504,4.652629,26.477142,5.433290,3.342345
12.845270,9.049146,5.468448,13.055285,2.185529,4.058031
11.391813,7.889117,6.548544,33.639679,9.536682,4.934658
9.632574,6.997062,3.271247,24.663811,6.158965,10.079406
18.640415,12.380380,10.843554,38.384838,9.460469,19.900776
15.906148,10.851246,11.612356,56.499756,11.946073,8.698963
21.319706,10.091246,8.417959,47.887032,13.084955,23.028042
18.474928,11.521265,3.958233,28.283489,8.045057,3.924583
14.962943,9.247398,5.399555,43.675476,12.082486,2.532432
39.637131,26.195681,14.185225,61.964237,16.403595,6.695333
5.233205,3.780863,2.411390,18.781815,4.059134,0.944601
24.303383,16.038609,9.259697,39.540722,8.722917,9.097232
10.405617,7.250844,2.706655,61.165096,17.051708,5.112688
17.658554,11.954984,6.205359,14.894814,3.592262,8.492195
8.960428,6.163590,3.243946,10.352022,2.329545,6.375767
11.776505,8.080418,5.342059,9.817411,2.875288,1.254078
13.484895,9.241116,4.488210,34.479408,8.114390,3.969511
10.402283,7.498524,3.234909,29.022495,8.675344,2.191028
14.737731,10.254218,6.227313,20.653223,4.744739,2.893234
11.921978,8.175322,5.157502,9.190190,3.165155,4.506640
43.284718,28.596323,13.576159,28.309628,7.844306,78.180534
7.871697,5.746107,2.728269,24.087568,5.059605,3.224838
68.702080,29.492294,23.325367,70.388306,20.914671,48.099991
63.347736,29.468313,22.802782,72.197662,19.880001,41.360325
43.430084,27.446066,14.213984,83.010620,20.523136,10.613923
46.307770,28.984509,18.318043,38.146240,10.137695,10.423353
44.750198,28.986729,14.283721,33.042862,6.928334,8.442041
6.149990,4.403338,5.767236,19.954857,7.492677,13.912143
31.228642,20.760288,11.156367,26.307274,6.080979,9.327353
28.855135,19.595949,10.758668,18.940828,4.555645,8.045253
16.240561,11.465981,5.725817,84.732338,24.671169,3.743115
30.532454,19.874653,24.889349,58.065685,15.620432,75.737007
39.279537,25.952137,12.540654,21.048239,5.579517,50.549587
28.398396,10.906661,16.117151,45.752598,12.625564,31.071400
27.825581,10.879486,16.758642,52.236458,14.013919,29.993267
13.858229,9.764916,3.840165,17.993668,4.788182,9.729400
43.777100,27.406961,18.997696,90.375290,23.195982,16.097054
9.505159,6.491170,4.676558,5.834929,1.252337,12.547992
21.945297,15.072401,12.326043,59.997242,16.781792,68.487297
13.187696,9.307659,3.571833,11.199832,2.112214,1.916819
8.631440,5.923825,3.951272,15.802030,4.337930,12.998816
10.877141,7.665794,5.519024,4.374590,0.814266,2.718544
8.493880,5.678266,2.974324,11.056398,3.304181,2.132021
23.438358,16.205414,7.873318,19.737415,5.065511,2.979956
12.083236,8.379763,2.590441,75.784042,20.928814,2.905163
25.119652,17.400948,10.251688,55.305527,15.210107,15.681900
20.838572,14.094759,6.011079,48.223927,12.113616,4.021746
23.133863,15.768913,7.639933,38.442234,9.099969,29.827932
31.042578,20.933874,9.777004,33.132553,8.763792,8.878698
13.145120,9.285311,6.831607,29.313946,7.516172,9.301094
15.991488,11.329861,8.874462,19.493015,6.393241,13.156276
17.779694,12.065205,6.495250,47.118706,13.991373,3.846995
6.523063,4.578957,3.876641,10.933544,1.817899,2.590981
7.809096,5.218602,3.251505,6.508554,1.826534,1.678970
39.127178,24.300745,13.866350,17.547356,4.037748,6.069972
24.037630,14.791552,7.018943,31.317703,7.585845,10.457155
26.626276,17.638811,9.652559,12.651318,3.930230,35.803772
33.904476,22.560041,10.479198,38.996094,9.229014,6.008601
20.776209,14.256315,7.831414,21.734526,6.352405,4.266171
12.250817,8.590237,10.143104,29.792433,7.540939,10.213177
7.965839,5.735045,6.867409,24.610964,5.688393,12.628470
13.574794,9.417897,5.156087,19.659275,6.408448,13.167178
21.202946,14.196521,29.071198,59.816105,14.861241,94.814262
11.905780,8.731591,4.268502,8.999175,3.030307,6.242503
6.564155,4.533433,1.863314,11.318803,3.056915,1.373865
20.244669,13.716738,6.530241,24.651621,8.584060,49.364197
60.222813,33.390938,17.880400,86.205147,22.843645,15.024168
18.764027,12.921701,6.096358,25.244654,6.998516,7.470900
20.632359,14.029687,12.950574,58.756218,14.004369,15.734551
27.598324,18.690559,11.674232,28.844439,9.059548,54.829750
24.348562,16.591448,17.808313,58.210598,18.333370,32.077686
29.655787,18.996666,21.449125,75.531403,21.918827,101.238960
9.601796,6.750448,3.405400,44.962280,12.511138,2.385191
21.220222,14.186144,6.800928,18.740526,5.745249,21.262903
12.449239,8.442504,2.996683,18.824184,4.473388,5.085330
12.828794,8.716067,10.110252,79.771950,19.777382,5.075216
20.283218,13.634390,8.450287,18.619184,6.379261,10.472060
27.446268,18.412859,11.229105,24.453175,7.631556,53.633137
8.483342,6.232262,4.770411,35.516407,9.724558,4.531101
34.780441,23.592346,10.318365,21.430325,5.903955,9.030149
18.105856,12.107307,20.848063,37.351055,10.015771,67.593109
6.390841,4.403332,2.473045,21.437246,4.718075,2.777081
24.096352,16.260702,10.712218,25.315744,6.964524,9.608378
10.870581,7.283963,8.066623,27.841412,8.563508,20.710283
13.478432,9.191147,4.175803,30.091072,7.076793,2.210060
40.275120,25.871967,11.229121,39.534554,9.370313,12.137766
19.675751,13.600074,6.866044,10.153899,2.291326,2.004886
20.973087,13.933375,7.542544,23.461592,5.237442,20.408310
35.824890,24.214615,11.660249,51.073528,13.700923,35.531303
14.336131,10.198728,4.909520,31.201637,7.853799,4.683852
11.971181,8.552330,13.607085,63.170387,20.516939,49.344048
16.612898,11.422043,6.740635,31.894020,9.388104,4.700794
25.825691,17.218559,15.562541,40.967251,9.103986,15.711218
7.804564,5.602121,2.660704,18.197803,4.585060,2.467538
10.607630,7.317635,2.262181,13.741080,3.844988,3.977419
11.988251,8.464436,9.923615,25.426283,6.941892,5.827296
21.669313,13.627760,12.377127,32.712929,8.553331,17.975447
13.546225,9.015081,3.825552,34.440689,9.185758,3.888283
10.746605,7.954595,3.998070,22.747181,7.157662,25.335234
37.234413,23.778641,13.739001,61.797558,14.664272,9.737950
14.659280,10.181035,3.241397,18.626978,4.583445,11.556258
6.673367,4.704720,2.163578,17.953831,5.568294,1.284527
18.581718,12.816920,8.437743,17.299805,3.418081,4.049314
26.589935,17.864515,13.200062,32.597225,8.684387,27.484877
16.158581,10.945109,6.793781,11.958042,2.059619,1.842229
11.616054,7.851162,3.898120,29.927967,6.754277,7.256538
21.170570,14.068772,8.405770,36.830551,10.622073,49.644154
9.696316,7.202464,3.375409,12.914346,3.436692,14.642267
32.231415,21.761942,11.374556,39.939186,7.727538,6.191358
60.161427,36.100319,25.131638,125.191093,32.821705,19.364891
15.777635,10.884787,5.933804,54.538559,14.838319,1.921108
40.856396,26.546303,28.499146,90.060844,28.337326,93.049599
33.520161,22.632967,10.043387,28.421362,9.348035,12.131234
51.890457,20.624954,43.070267,160.684158,47.301723,239.642303
48.788158,20.071732,35.202827,151.257462,38.201904,169.147583
21.052729,14.531910,6.016103,18.761061,6.855649,16.757917
19.931835,13.600676,5.584331,34.874855,6.576973,3.800903
20.248415,14.173741,6.157293,10.307993,1.022220,3.505637
11.969049,8.437954,8.289583,74.820839,21.025492,3.689753
25.438946,16.807919,8.235095,44.951588,11.600553,5.622874
7.906197,5.816924,1.712493,17.911093,3.860677,5.725800
27.981262,18.577579,9.000860,41.593552,11.224389,10.352511
5.128297,3.684224,3.538510,11.594795,3.698488,0.798784
33.263840,21.660080,19.354498,59.524734,15.191623,15.313407
27.569254,18.843466,9.204612,24.909756,4.629967,6.119086
10.655695,7.433382,3.618924,52.840843,15.618279,7.757607
6.904322,4.564424,17.447592,28.194248,6.185393,18.204834
23.758663,15.852154,22.777836,64.804398,16.237097,56.701458
13.971661,9.754610,8.164372,66.333855,17.537653,55.434845
20.639965,14.065922,8.707803,29.689268,7.799480,26.568163
14.790062,10.511258,5.173178,17.859776,3.283490,1.946460
30.549622,20.165094,27.179291,77.097710,24.630259,152.125229
46.171524,30.576080,16.422354,84.183228,22.426064,71.947510
15.081802,10.270446,7.201655,11.010273,1.974410,6.385912
9.253574,6.345775,3.048796,11.066473,2.190697,2.253319
29.682432,19.937305,11.867459,21.643538,4.669358,15.105075
11.375173,8.156457,3.843112,7.445240,1.824292,0.726743
19.803255,13.494884,5.093502,45.489616,13.519700,6.857541
13.567855,8.967582,4.647327,40.725380,10.838387,4.546266
13.189657,8.814535,11.297624,36.830555,10.326426,10.635124
6.643870,4.638064,2.279781,11.425459,2.631031,1.768061
14.120067,10.057446,4.668038,11.096889,2.775326,3.618915
21.750488,14.243253,7.112148,28.146877,8.267364,36.743351
22.424898,15.023587,6.143822,23.633095,6.903012,7.235115
42.899277,26.934862,13.080068,43.573666,12.103779,8.606910
5.577263,4.303178,1.304405,8.498607,0.366390,2.613948
16.277641,11.209770,13.349671,47.381676,11.129889,17.384945
8.989164,5.964093,7.924506,29.910917,8.253441,6.335833
29.079830,17.112152,16.687658,57.759968,16.549204,63.067883
7.360974,4.849958,1.875030,21.325298,5.418334,2.394454
80.208977,48.029461,44.385986,154.997482,40.638836,115.802460
20.080517,13.210414,16.911259,71.093033,19.497004,17.935091
14.252677,9.816709,10.817583,83.013176,20.016029,5.989520
15.522000,10.889497,8.051524,38.804958,10.854454,14.529476
24.354464,16.633106,7.458294,11.520692,3.333520,7.675157
29.555939,18.104607,15.691409,85.481079,25.275648,54.408894
9.256783,5.250141,4.862837,31.182362,6.744717,4.899516
7.837383,5.557600,3.410201,4.041114,1.758995,1.026340
5.741761,4.200809,2.082862,5.106691,0.758555,1.508904
7.529133,5.470565,4.418605,80.285500,22.139456,15.169534
47.441563,31.701822,21.930168,193.909973,52.991905,15.842691
17.277306,11.817733,6.055871,11.150984,3.520804,12.123071
6.095830,3.961566,5.192267,5.034656,1.509609,4.407475
12.750101,9.036943,5.727450,17.989635,4.474498,5.857669
18.100410,12.307913,19.722498,62.640228,18.873352,13.742222
12.239935,8.566526,4.671299,24.255611,6.962033,7.435297
15.949173,11.391544,7.199294,20.347582,4.515518,7.872158
16.844557,12.161575,6.950238,27.536291,6.437187,36.952530
37.373501,24.069946,26.647821,62.620224,18.965839,81.675438
4.932671,3.666272,9.233106,32.470474,9.380458,4.792588
4.661146,3.376765,10.001855,72.755173,21.334457,41.563187
19.257971,13.310859,20.861177,63.853039,17.277208,43.276115
16.204151,11.044217,3.387221,10.968476,2.647185,17.662735
28.694754,19.391642,11.860514,25.111219,6.512955,5.921845
22.631948,15.567831,5.988817,40.168232,9.457401,12.407378
9.728292,6.608239,2.976899,9.582527,2.926578,1.885817
9.559748,6.915946,8.524070,22.685877,4.518765,5.811887
24.172483,16.647467,9.375400,14.617689,2.445240,6.244386
15.942601,11.007965,5.263672,52.931095,12.142458,7.585636
38.225971,24.886538,19.190870,47.454010,10.303860,11.269160
5.997319,4.230470,2.255248,3.598311,0.804588,2.018271
36.722996,23.954035,14.478539,48.311356,11.882852,19.086868
30.290682,20.233101,7.951805,52.568989,12.444820,5.473965
19.303600,13.533567,7.105561,11.419834,2.936971,4.083187
7.331264,5.134072,4.813063,32.535194,8.302737,8.740914
8.188959,5.644934,3.351027,10.215252,3.036170,3.870286
17.486717,11.927496,5.931453,14.765312,3.444086,7.598050
22.276520,15.392432,10.628030,32.994843,8.885772,44.481976
30.203392,20.047865,8.009825,46.783600,11.528271,15.699605
21.701750,14.667251,6.085017,23.905674,5.809977,41.644539
17.594498,12.560565,4.370432,14.340691,3.348584,10.038462
21.188082,14.742743,7.254033,26.837692,4.991132,4.580074
9.665357,6.781364,4.558591,21.666809,5.131312,3.662137
10.122644,6.915402,2.102932,31.315315,10.360245,2.155997
15.674319,10.821286,3.864242,13.943623,2.285822,5.858174
18.153152,12.407506,5.912035,17.617714,4.724272,28.159391
11.029698,7.455705,3.932541,6.732410,1.328024,6.268050
10.771887,7.371077,3.057104,30.762794,7.597010,4.500885
15.512199,10.344103,3.981790,22.776043,5.927396,2.175614
35.685268,22.851997,12.315963,35.346798,8.263185,22.912086
13.738233,9.612287,3.839806,7.205485,1.261937,2.846302
25.303947,17.142271,17.330948,63.215904,16.009718,38.047234
31.117323,20.680546,23.192417,78.080109,23.245493,49.981209
32.688229,22.079426,14.288627,39.997612,9.821331,10.776814
21.409908,14.274244,11.582931,69.961601,17.806889,12.331882
37.623253,14.222022,16.445965,48.566509,15.125228,34.802464
31.740467,13.821863,16.891666,53.176094,13.629998,22.139690
17.340242,11.569854,17.450815,52.728191,13.973995,65.868088
25.984888,17.200779,8.144059,45.155712,10.811824,5.413857
7.564737,5.067984,1.152822,7.202404,1.013683,2.744059
9.907679,5.701736,3.452552,11.649203,2.383152,3.372436
8.158612,5.200271,3.311734,14.704017,3.642796,9.817288
34.957870,24.065493,14.771720,41.790695,8.756915,7.469671
29.722609,19.591204,19.599455,84.881035,16.971823,13.898894
13.152508,8.789750,23.984890,55.895962,12.746395,10.391839
13.587328,9.226473,5.136581,8.738086,1.631912,3.829484
14.156853,9.868057,3.349346,10.629967,1.908787,1.655837
100.607941,48.350777,54.122726,170.643600,42.486431,143.517883
14.346922,9.975780,18.600098,102.713020,28.990492,85.825958
24.447559,16.547089,7.685142,16.726004,3.063556,8.753995
15.174602,10.388713,10.000034,75.128281,22.349806,11.097032
11.698224,8.269287,3.929615,47.568844,13.287524,3.695785
15.345308,10.897171,5.270981,12.036280,2.999108,11.883286
14.783694,10.006887,15.271447,43.515667,13.585849,14.687003
41.697647,26.849047,10.811145,25.606461,6.314464,8.207512
31.751617,20.880796,13.358285,61.722485,12.613878,6.953157
27.242052,18.159534,10.185235,50.892124,14.134789,11.111977
11.227103,7.934056,3.658315,29.384743,6.636935,2.044487
13.162742,9.328571,5.140465,25.729292,5.368459,1.433615
21.075850,14.180947,9.612502,15.801072,4.018209,3.539871
6.573499,4.291955,5.999210,20.170921,7.465678,14.421284
29.342369,19.695164,9.616764,20.188984,6.028918,14.178902
13.780577,9.626158,5.440582,12.622804,3.978908,4.640128
36.926678,24.089582,11.827524,39.787292,9.219908,5.900792
9.178224,6.503690,4.466744,17.875717,5.511281,4.387945
5.368755,3.652979,2.556019,13.098115,2.814906,0.877717
6.995712,4.793611,1.875104,10.334013,3.416832,2.466676
9.619125,6.105473,4.092730,5.277671,2.105151,25.785614
10.066253,6.778969,2.295817,23.292032,4.337174,2.543385
41.684990,18.077787,12.837442,29.604250,8.089381,11.656487
41.667484,18.065744,13.040289,31.369049,8.565269,10.524016
9.096360,6.269992,4.177565,5.006560,1.047580,4.602479
15.618788,10.611749,4.690398,12.706396,4.631078,12.489186
15.954072,10.876643,6.343120,14.225790,2.530065,2.724297
28.992804,19.634951,11.691658,28.175211,8.201683,48.945393
16.935049,11.593215,10.963078,48.243790,11.440151,5.680380
5.771986,4.438728,1.680517,10.726706,3.878944,3.381009
6.297389,4.387099,2.222404,18.783766,5.105464,5.287890
13.381331,9.342112,3.682926,18.687799,4.874408,2.190154
62.489250,25.554287,54.645969,156.471664,43.662876,62.150085
7.071971,4.992622,8.504658,36.171246,11.477927,3.215786
34.695263,22.801342,11.361961,58.723408,14.934299,55.918945
4.697368,3.541451,8.017120,21.670486,6.192779,22.344749
13.319404,9.671638,2.915142,24.182047,6.943617,5.793620
24.213778,16.374546,10.020956,35.964710,7.714448,3.812483
5.688026,3.883825,1.448432,7.171385,2.683445,3.566772
14.604982,9.683149,5.521618,45.398434,13.485610,13.002597
8.508242,5.816620,3.827753,12.456300,3.561829,8.024099
17.423292,11.798281,11.080542,29.827595,8.760556,39.542206
15.011614,10.740963,2.736570,13.419024,2.645975,4.130853
19.670883,13.212556,7.058853,20.578474,4.531093,17.979725
33.028439,22.289455,11.008080,20.023621,4.799862,8.197219
12.144649,8.554211,4.246821,11.400277,3.169121,1.184436
25.581947,16.878414,9.163857,52.374096,15.856801,42.718815
14.857707,10.112087,5.078031,13.873117,3.002556,2.871300
26.685442,14.145130,7.888968,31.996231,7.332778,5.988183
72.173073,39.763748,95.877487,486.722321,143.051468,133.360565
77.127792,43.206673,32.801411,144.363922,38.224308,166.651123
25.842573,17.611013,10.291492,35.361366,9.547079,21.569626
12.536733,8.547987,6.755704,32.694260,9.523402,10.502729
9.690549,6.652447,3.234190,22.702971,6.156706,1.682148
34.275089,21.882381,21.348438,81.939789,21.578241,49.331367
16.664875,11.883558,5.971916,31.478628,7.447145,6.432992
9.669813,6.505279,3.918114,10.673769,3.027362,1.327946
12.583643,8.574739,3.415685,24.271078,6.649972,31.428688
17.939470,12.570815,5.733332,18.252073,4.715663,3.428796
34.913311,22.429003,11.720502,61.825504,14.733700,7.701663
34.170311,23.443090,25.604042,85.803490,21.741632,53.531338
34.075802,22.844080,9.341648,27.850470,8.603019,39.682346
21.130503,14.852735,7.447329,21.792574,6.146731,6.842912
7.572129,5.519270,2.721638,17.988081,5.218162,3.105900
12.970637,9.243163,4.306261,10.746125,2.722202,1.942148
32.887791,21.397184,14.320065,61.484547,13.559450,11.853830
25.691124,17.007332,8.909225,63.590935,18.127417,9.389806
20.305840,14.353764,5.257631,52.659550,12.978811,6.283104
57.141979,30.742943,55.863216,71.986656,17.520426,65.986198
13.210197,8.794176,9.573035,33.714272,9.022708,5.726353
7.325014,5.026480,1.989609,10.704163,2.851846,2.491414
35.202335,23.648745,10.095362,25.194525,5.693316,5.139939
16.293467,11.189194,4.870693,17.685703,5.485954,23.047293
35.214577,23.163324,11.534184,65.963188,19.144697,5.423473
29.397186,19.554140,28.521517,93.658813,26.092590,65.559509
14.073248,9.089990,12.391211,24.705997,5.131390,4.938399
27.811329,18.170500,9.218675,41.389931,13.005344,40.614235
22.936628,15.418289,7.630908,29.420286,9.731752,9.114088
35.670895,23.890966,11.852638,36.194263,8.282026,4.604735
34.940632,22.474247,15.523487,48.685928,14.057345,28.418301
13.326446,9.065663,11.906945,54.481674,12.442304,7.337388
6.509142,4.671198,2.762136,12.337770,4.950976,10.498611
16.857334,11.782847,8.923945,25.848200,7.556041,19.493454
6.847805,4.565728,3.248514,12.257715,3.835894,23.351051
8.892468,6.137727,3.552533,25.620102,7.143144,8.781750
36.455276,18.378786,20.331181,68.042709,17.380913,14.718166
29.179804,14.771178,17.559668,69.915657,17.019968,11.104213
9.343279,6.914394,4.717306,30.770550,7.700055,16.726772
18.988569,12.940705,7.258801,29.700836,7.921987,15.468426
13.573690,9.738214,3.433955,17.244696,4.334042,7.449444
20.162455,14.472919,6.162602,16.358585,4.838263,7.154954
24.212725,16.412971,6.915119,28.701603,8.215579,23.295109
45.223183,27.765514,24.431170,64.283157,18.880135,92.103020
5.364358,4.086107,1.949782,22.914068,5.330776,3.956707
23.658297,15.916074,8.842156,38.304096,11.584124,7.216753
20.154903,14.476811,5.334676,14.854115,2.883743,3.959079
11.956232,8.526572,3.663800,15.844975,4.997707,8.722238
29.457956,19.255348,20.726452,49.162937,17.158873,144.853653
22.725685,15.223448,7.014477,51.404625,13.286088,7.782279
16.473263,11.046325,5.653087,21.951242,5.591661,17.219870
6.935582,4.815215,2.973604,34.764599,7.790895,1.317914
27.747690,18.477406,7.403295,25.915359,7.491588,10.363849
31.433023,21.574806,10.251108,56.843491,12.113317,6.764784
25.655447,17.269560,8.122642,29.309313,8.365640,6.243434
30.533007,20.670380,8.712746,39.731602,9.164305,11.952564
28.165422,19.514351,12.065006,41.501965,10.603888,6.859598
23.005499,15.494068,12.178942,28.310652,7.006998,8.929864
12.869607,8.883076,6.146233,18.118721,4.471374,3.357388
26.880911,17.967415,11.850280,37.413040,10.639101,23.568336
9.093346,6.457767,3.728449,42.462040,10.515018,2.087114
29.214361,19.556126,8.620362,28.328617,6.631896,20.350441
10.921488,7.594005,2.341933,17.991728,2.781662,1.529103
12.192396,8.780195,4.440947,17.460024,3.428941,2.634091
33.967873,23.284893,11.187041,29.127848,7.269181,20.922073
19.400105,13.519672,7.047181,14.767311,3.344134,4.813798
20.551346,13.982374,6.962079,23.393341,5.887524,36.201580
10.864132,7.931117,4.635122,11.595931,3.105829,2.194413
24.233681,15.242160,25.889595,84.668121,20.859604,16.439402
41.615959,26.837896,13.467568,44.487972,11.333036,18.021265
16.025845,11.413359,4.714857,7.169712,2.785731,2.218485
17.445900,11.776795,17.660721,39.792076,8.395347,7.925659
16.727415,11.291617,5.113727,58.317619,14.456280,6.200257
33.811256,22.254305,22.141670,65.830490,17.472754,8.297336
14.242972,9.842139,6.403952,29.549261,7.461368,3.803341
9.208103,6.933784,7.284098,24.573454,8.269897,3.769786
88.882256,44.697323,54.632668,169.035645,49.355370,232.340561
19.152746,13.640719,7.270889,17.227144,5.108206,9.981578
26.742983,17.885008,10.820430,54.600082,14.359223,8.032781
83.579086,33.988857,55.327435,271.896515,70.396553,84.671303
27.729427,18.717405,7.462719,30.952902,7.468853,7.252597
24.690186,16.763315,6.931406,19.177326,5.327892,8.012252
24.956982,16.996714,7.601334,22.919233,5.178245,5.678266
27.744440,18.329475,11.014782,30.945377,7.126311,14.975321
18.931814,13.078789,5.569993,20.065666,6.442415,8.739132
7.571054,5.340565,3.008007,11.813599,3.342596,13.597702
62.952274,37.457672,16.940426,40.889614,10.546670,55.127449
30.687897,19.259312,11.365829,56.801510,15.309364,62.097393
42.963760,28.068762,20.618845,92.214973,25.155703,10.318287
10.660663,7.766888,3.368527,23.873291,5.849944,1.777011
17.636606,12.059150,8.372967,22.302958,7.210469,42.447552
14.958302,10.688108,5.146230,16.449751,3.851701,2.124531
22.552441,14.904575,7.853901,16.406036,3.173579,7.862098
52.385376,34.541401,16.804853,40.697308,9.048576,9.282151
44.325871,28.314035,21.628870,66.702301,15.623705,12.118673
31.911283,21.521534,22.624153,74.396759,21.744074,34.582027
7.929067,5.604950,3.753893,9.998062,2.594175,5.312261
32.362663,20.861303,15.786614,39.912899,10.538627,48.392872
19.285376,13.105268,10.674436,101.384598,24.493364,14.006665
40.832466,15.813308,20.006639,59.437790,20.621588,61.241756
41.068840,17.091684,21.478973,72.654358,23.092865,69.046478
6.319253,4.637303,2.389023,14.634079,5.086326,8.976905
19.629498,13.823381,6.089512,14.403196,3.872589,7.707931
22.269289,15.018021,13.323565,32.693893,7.646848,15.917616
19.835318,13.368273,6.536355,29.534698,7.729083,40.153263
19.741505,13.483302,6.952792,16.630512,4.405868,16.990133
18.223917,12.300166,9.860754,211.770447,58.943542,18.735514
9.952091,7.242124,6.368437,21.760241,6.327549,4.884144
10.131529,7.141535,3.509382,20.627399,5.578684,2.476293
32.072063,21.392551,8.874395,42.224163,11.343496,5.657631
50.676064,33.670891,16.484800,80.436455,22.112719,8.305720
22.957684,14.987450,24.601166,140.819351,40.966473,113.089073
5.707691,3.991706,2.911120,26.301662,6.307528,15.787582
12.846801,8.992209,3.904006,11.317584,3.385125,4.263746
48.204388,29.812624,23.153336,68.927666,17.979055,27.834335
5.039585,3.458102,2.854910,8.174211,2.800588,2.432043
18.438583,12.424615,22.261919,81.132111,25.759518,24.142645
30.279922,20.827492,9.411345,23.822594,6.701565,8.467947
18.616901,12.600374,8.263239,30.273634,7.803844,5.231385
23.970142,15.869772,8.007111,35.639206,10.653044,28.536947
10.780451,7.552176,5.886160,5.330547,1.023796,3.145919
8.757161,6.161379,5.569324,24.935995,6.889483,9.231400
27.651985,18.559074,12.093803,61.521248,20.006462,14.497673
5.355048,3.894527,4.762306,25.047556,7.604111,11.610247
24.654703,15.999735,18.148445,77.757652,24.497671,102.183060
56.952934,36.043324,27.903118,38.103184,10.542797,26.011723
29.330702,18.279329,32.484116,110.225838,29.693085,131.891068
6.938389,4.765243,3.588703,12.519930,4.061484,3.181486
28.310989,19.319893,9.495322,31.487476,10.688569,6.390605
29.601606,19.999664,9.824880,20.264071,4.664233,9.318433
20.678164,13.576882,6.978814,13.720778,3.042733,4.882040
24.901314,16.015345,25.110870,60.131153,16.072821,32.828072
11.292735,7.745516,5.862047,14.538117,4.869168,2.715009
37.996243,23.944790,26.217724,78.851791,21.218954,43.072407
14.942518,10.745660,2.615636,15.773185,3.657226,3.256779
22.136093,15.229403,7.990196,14.268192,3.731040,11.564228
36.143288,23.455463,10.785289,33.823341,9.372047,10.461276
12.016801,8.501924,3.090419,12.546107,1.988750,5.039656
24.382950,16.474981,8.957375,29.440851,7.434179,4.483709
28.419857,19.305553,6.859196,34.660614,7.782177,3.272746
43.618305,27.201853,23.417368,77.084991,17.630823,17.647812
92.020973,42.437183,99.468437,377.599823,112.512009,497.454956
27.777819,17.355434,22.935562,109.280716,32.335739,175.996689
14.013647,10.177434,4.917589,12.396437,2.571964,2.423444
9.789203,6.796992,4.134071,30.791578,7.448516,1.967481
19.749878,13.368877,18.603508,68.580582,18.514866,48.355667
30.270422,20.523630,13.330662,46.277546,12.460373,11.043062
12.305634,8.902443,5.064281,18.128279,3.458026,2.853826
17.422836,12.249452,10.773278,35.443069,7.940600,29.608700
10.201683,7.194705,4.105083,14.503865,3.199494,11.096295
61.421104,37.494167,26.250233,77.492676,22.909584,82.135727
49.820099,19.716928,16.243711,58.564629,19.082901,35.836994
41.126442,15.924903,14.865079,67.486160,19.113144,24.177971
25.936401,17.391203,8.732521,30.932827,7.830014,1.913985
41.531509,27.614719,14.254283,37.622395,8.973831,6.631038
4.436660,3.370978,1.956710,17.924715,3.948139,11.955825
7.678166,5.588819,2.913702,4.649198,2.209587,10.936358
25.699072,17.237919,9.902724,31.091787,8.656641,36.264828
21.205345,14.177235,11.299755,50.103935,12.205587,6.987007
28.094494,19.523378,7.948711,34.332867,7.760981,26.409836
18.493742,12.441010,12.339361,72.285156,17.228415,10.818537
5.181376,3.521727,2.434685,2.044232,0.262642,5.075811
35.661411,22.666046,44.122776,184.476654,50.687012,46.402557
30.055325,20.085392,16.425900,57.562050,16.213257,32.519588
40.677032,25.793997,24.859165,78.014946,23.859489,26.553949
17.140495,11.795581,6.154629,39.313522,8.871372,8.125395
48.258636,28.434134,21.190590,47.448921,11.420955,29.468332
14.515766,9.562301,7.966834,44.568199,11.493604,18.267740
14.294267,9.762195,8.359553,53.477722,12.879937,7.729454
8.581197,6.116025,2.428685,18.182138,4.547255,8.895924
34.897469,22.540483,19.563833,67.129547,15.606322,23.150537
10.781708,7.518390,3.903719,11.457749,1.760263,0.855825
42.066322,16.741404,17.264040,69.693878,18.292622,27.619102
37.727066,14.838358,16.196579,72.022964,18.162788,29.052135
17.126976,11.985944,4.771401,5.161441,0.390109,2.405745
10.517815,7.538727,2.608087,10.368759,2.541572,4.494785
54.850426,32.855118,26.910408,67.591881,18.212605,42.021046
12.942387,8.783748,5.690090,14.538668,3.313907,5.538757
26.502687,17.611153,6.069205,72.119453,16.558052,6.887889
34.349285,23.041809,13.939692,47.932289,11.683245,9.222537
14.506371,9.590538,17.498280,75.780685,24.578928,43.725178
11.322106,8.230571,15.306357,102.307159,26.137703,12.955309
32.010048,21.455618,12.242950,43.852226,14.921577,79.664116
30.101999,18.297132,34.829205,213.745529,56.839848,84.875626
27.709509,18.691544,10.400872,32.385906,6.946395,8.485613
28.906744,19.491411,14.396330,53.413586,13.718816,9.271580
35.155613,24.253433,11.036859,32.451077,7.505383,7.643741
24.034288,17.143139,8.172015,18.621790,6.286562,33.156540
29.823931,18.779276,10.630602,25.902285,7.977462,36.012257
44.369713,30.116457,10.116176,33.164127,7.991116,4.833276
18.399458,12.741491,5.256769,32.123196,8.838692,28.794176
23.588646,16.656713,8.382936,15.164256,3.819106,4.542596
8.886806,6.094326,5.268060,8.694179,2.196714,3.620548
9.613523,6.686142,5.727040,27.462549,7.292599,16.877125
36.063641,23.148127,27.739088,117.902718,27.117287,24.953253
8.543067,6.029169,3.191097,50.577934,13.028642,11.366732
20.183960,14.252441,6.028651,13.403213,2.571925,3.792325
10.580235,7.517822,5.208657,22.590963,5.445775,13.187672
30.859478,21.169043,10.535452,19.016562,4.804201,4.398054
16.593189,11.301085,8.673377,6.735001,1.496427,27.052643
6.611057,4.721313,2.056801,13.553599,2.788702,4.743505
19.761978,13.562068,8.916833,26.698303,6.904460,21.289526
14.508032,9.997111,3.972949,30.629580,8.583687,2.260361
19.985662,13.938564,7.582449,23.910976,5.081841,2.277086
15.859518,11.371577,5.978199,5.404055,1.033965,9.265793
11.320699,7.679483,5.677150,29.550503,7.785496,30.080877
15.031876,10.480042,6.247147,12.121129,3.117734,2.606024
29.284340,19.199389,23.522184,63.718765,16.845421,20.311348
11.853106,8.192576,4.683736,23.535940,8.827798,17.529911
24.026072,15.679356,8.564806,29.780663,8.141405,19.462015
17.905245,12.403217,3.936326,24.870855,6.843448,17.590776
55.184124,32.586998,26.821194,99.605164,27.434862,87.699463
26.463602,10.283146,9.223901,24.563906,5.639301,7.314001
24.545063,10.353395,10.175678,33.466625,6.493208,7.549731
15.804750,10.857730,4.123996,31.140051,9.158499,38.804672
15.622485,10.770895,4.120590,11.215004,4.273210,21.616943
8.137154,5.858840,4.306640,25.003269,6.754124,17.774143
34.140553,22.233038,12.625940,76.103325,20.097679,13.294732
64.107323,37.852127,21.289265,56.983826,13.970091,20.622034
15.169438,10.523909,5.063691,42.950195,12.414160,4.970839
13.111727,9.534601,5.340447,9.288719,1.946480,2.885468
13.954689,9.276237,5.284277,21.390951,7.269793,8.601772
19.313068,12.815595,11.314598,56.920353,16.931101,33.723969
12.992249,8.659450,16.239967,79.582939,23.400518,48.798111
24.629827,15.672099,12.008748,66.716980,17.704435,43.561024
30.188753,19.714916,12.880175,47.132755,13.630427,22.659571
16.233240,11.206773,13.477648,50.326283,13.006183,6.236080
12.072224,8.630027,4.800479,13.697775,3.265589,14.139646
19.634663,13.291729,8.109097,36.664406,8.177818,10.006954
20.468630,13.751490,7.949654,27.858799,7.683479,3.773265
17.330954,11.334159,21.683321,83.182724,22.275530,100.810471
40.539799,24.555332,36.043743,98.605621,26.674042,199.073380
19.139484,13.022924,6.248633,15.402287,3.074780,4.277462
13.393015,9.461750,4.521168,9.278412,2.347068,3.048784
55.628883,34.251358,17.586149,52.148342,11.740505,13.852627
23.511406,16.197170,8.299706,21.130730,7.223358,11.820933
10.718646,7.497451,11.230433,32.845203,7.118899,5.758408
12.274626,8.827262,4.034805,14.047880,3.816463,5.264177
28.170589,15.194553,10.061255,23.145939,8.184264,9.118885
31.425800,17.171535,13.446624,39.133629,10.854507,12.012226
7.362851,4.807922,5.053337,15.968899,5.642955,5.812436
21.545992,14.164964,27.520243,92.925468,26.335909,76.095482
25.262247,16.907797,5.873740,53.950676,16.587925,6.088278
49.609638,32.225399,20.836622,52.055595,14.285676,76.727516
8.912648,6.547545,5.783526,27.662119,6.573865,3.595408
18.164150,12.502282,12.186390,30.005539,7.459379,5.573248
8.302197,5.577130,2.138124,18.004488,3.628127,4.515172
33.659348,22.160564,14.860618,13.234332,3.424058,11.682915
16.900606,11.706229,6.253026,30.901197,7.236763,3.172742
50.871468,26.307302,15.134831,48.685429,12.289356,14.356666
51.356323,26.228443,15.713545,51.940033,12.657987,13.745230
31.771313,21.194954,14.493205,57.959801,14.843606,6.535637
30.135015,20.410419,7.124554,44.967804,11.398912,10.136157
25.529558,17.061586,3.822707,42.809353,9.737957,7.964828
22.080828,13.670390,12.853861,53.221519,14.156630,30.008944
28.376329,19.297794,7.268338,60.151543,14.975357,5.116190
40.515171,25.167746,40.350246,107.683006,23.664396,17.497982
22.816746,15.341336,7.812639,21.392853,5.132257,3.813982
12.095417,8.791884,3.946016,16.450243,3.551177,4.359000
19.026875,13.193509,6.395005,17.966661,5.634508,10.887121
26.406158,17.908964,16.221325,66.734741,16.889507,9.596317
20.369020,13.971756,5.990594,48.873142,13.521212,3.541036
26.989658,18.212292,7.427071,45.409439,12.153104,20.643999
18.356354,12.669892,7.939048,25.186127,5.698301,5.529193
13.570939,7.990345,4.205435,12.593461,3.614441,10.879678
29.329597,18.932371,9.703132,29.575113,8.845580,17.901083
22.105444,8.840678,5.654137,42.081711,10.376386,8.175931
19.459337,10.012354,5.428902,37.981361,8.282100,9.087841
17.972319,12.427574,6.745739,39.749733,10.780353,9.517771
24.006903,16.635557,7.328933,23.819141,8.827966,19.393803
30.764742,20.599325,9.816360,22.735561,6.524925,25.153112
8.278951,6.017492,15.427528,45.462261,11.818548,25.157873
27.154259,17.820148,25.295088,64.638802,15.439461,14.560291
13.701243,9.298512,16.076504,47.331062,14.063285,21.611666
20.165876,13.966740,13.353894,63.038750,16.490074,10.256932
27.480289,17.770515,10.166525,41.516739,11.653022,5.112068
31.142551,20.382772,20.521532,64.364952,18.598349,124.160889
16.790482,11.356492,16.187288,55.837257,18.388182,81.838058
21.115183,15.073276,7.826033,77.165039,19.536625,8.323267
15.522189,10.966806,3.666213,26.697601,9.345075,7.932143
25.627022,17.670851,7.654133,37.497902,9.361088,4.129612
5.439994,3.814413,2.615007,9.721965,2.277166,1.441644
14.890934,10.054840,9.045600,38.896225,9.333046,11.800376
16.731110,11.370720,4.772504,39.494911,10.928636,11.143941
42.574772,17.472847,15.725173,38.744194,11.697515,13.049594
46.139919,26.349728,19.007025,80.400078,22.574295,16.792444
10.985921,7.713672,2.862302,9.773437,1.777151,4.408895
4.605775,3.384081,2.219591,9.460551,2.368975,0.886328
6.583855,4.675682,2.783947,39.277191,10.769016,4.813752
22.498043,15.370653,6.287406,25.504055,7.104422,32.658768
36.277115,24.087015,12.885446,37.650620,8.832267,6.226408
11.260258,7.699602,4.387963,20.974867,4.948322,2.800023
12.425149,8.415547,4.642920,19.570295,5.404505,40.629120
10.336015,7.450878,2.538392,14.772455,3.481067,6.188017
10.523499,7.283184,5.100201,10.152625,4.255998,9.175067
7.255609,5.051857,3.372746,18.908304,4.944365,1.418546
8.799222,6.066260,5.238911,24.218292,5.561665,12.490939
34.805378,12.863518,13.211601,86.860771,24.480936,17.341665
33.287193,12.883639,13.150919,94.811935,24.936283,16.144711
22.062767,14.939952,4.988124,30.334061,8.663813,2.444471
8.020841,5.588239,3.482426,10.527217,3.860105,5.207029
23.929749,16.524145,8.678732,44.639709,15.561027,44.235851
40.670200,20.039953,27.860304,90.422684,24.719887,135.485031
24.020050,15.863810,11.114269,57.179062,16.048439,20.372129
21.420868,14.573575,5.566101,19.364382,5.134372,3.189652
7.054825,5.091042,2.219928,8.520512,2.527148,5.201748
9.000047,6.247729,5.464052,19.649990,4.898816,13.022892
30.046507,20.315722,14.423526,40.327480,12.269469,19.572378
34.746281,23.004021,10.744530,35.555485,9.220388,16.627434
15.389763,10.686034,7.462583,31.544626,9.303271,23.047613
21.165895,13.824060,14.635559,102.557755,26.685427,15.956800
12.180969,8.388382,5.213305,25.190098,6.289684,4.051125
29.158957,20.088505,8.236553,43.414860,11.040655,11.025445
21.255587,14.964652,6.251862,27.447123,8.264663,4.827778
41.157124,25.915409,11.467350,70.062729,21.110636,4.032736
13.480540,9.203572,4.957289,20.058004,5.296366,8.487415
38.907059,24.818872,15.277463,63.871525,16.367323,22.065695
5.675453,3.698657,3.146274,6.401628,1.267284,9.669445
14.914574,10.829167,5.442435,24.782507,5.547100,9.056301
14.673220,10.030814,4.052306,34.083332,9.218963,3.916354
23.674314,16.014912,6.448620,25.445545,8.476344,69.041779
19.708126,13.673119,4.967770,49.803684,12.831695,8.567039
12.492089,8.445577,6.044620,8.947538,1.891677,4.107158
22.183998,15.011281,11.778867,90.480797,22.114725,8.927896
6.658636,4.784032,3.716352,21.340620,4.606710,2.867974
18.677780,11.582937,9.311233,28.197281,8.677707,18.306065
20.489958,13.551405,15.323099,61.947983,16.530428,18.031267
13.072108,9.047285,3.536094,16.509651,3.670270,1.900417
27.004351,18.222742,6.282610,44.549305,12.324748,7.601277
36.221371,24.327124,46.109707,223.881866,64.441154,176.721252
10.946642,7.509955,4.295862,15.733559,3.865460,3.094747
71.151428,45.615509,46.375011,141.660889,46.057976,186.103409
22.905319,15.393517,8.214693,32.814896,9.034834,21.892174
22.453560,15.169686,7.341701,37.484283,9.594851,4.945906
10.036112,7.031954,3.364411,7.033854,1.703636,1.411397
6.577752,4.604360,2.837936,10.392201,3.366946,7.006977
21.675539,14.456358,6.215320,20.241949,5.255227,4.179895
15.357850,10.357354,6.285244,28.776625,6.643485,6.038136
6.984779,4.724929,25.888186,71.261429,16.326160,10.951989
14.641910,9.906157,6.486518,51.626785,11.801988,9.681899
7.993708,5.588497,2.416528,8.408934,2.943056,9.605135
20.637056,14.076648,5.208089,20.043587,4.773910,7.755888
24.534266,16.497540,5.662991,22.166437,5.235410,3.859787
12.408734,8.511810,5.364998,17.462769,3.003036,8.644707
23.670275,14.552845,13.927245,66.757805,19.438807,62.426994
5.798759,3.993849,2.751679,15.525696,3.849954,2.597055
17.929605,12.837355,5.247280,12.238270,3.265716,2.806481
46.544971,29.610332,45.339226,181.271042,56.279491,136.435013
60.960011,33.323387,27.016287,100.242744,31.514641,151.633942
70.130768,34.059864,32.005829,124.951477,36.284275,168.122528
25.424603,17.192827,9.094349,33.122868,8.907797,8.628274
18.513134,12.966667,6.102607,23.281189,4.245800,4.389800
14.617298,9.804923,17.396231,119.401176,31.773247,11.221408
20.881824,14.142916,12.076457,28.073095,7.380189,8.107982
13.726653,9.241007,6.204386,38.064289,12.112528,3.375443
39.490990,25.943344,13.259525,41.023022,7.658329,9.794800
37.771450,25.703495,12.307393,32.750763,7.368266,4.840691
20.815920,14.430537,8.950292,8.450639,2.499805,4.758321
24.518766,16.805538,11.666983,70.389519,19.720835,9.718665
21.303228,14.098970,10.087238,36.031956,6.183293,9.479765
14.016062,9.453078,4.829962,22.602139,6.336113,6.646343
27.232931,18.089022,22.273579,70.719994,20.838638,103.930557
13.771420,9.938878,4.510456,18.650114,5.748487,2.038181
9.377748,6.886798,4.921054,35.218933,7.370627,3.722378
11.642104,8.518423,4.500858,31.329815,9.108132,3.809007
20.269665,14.052428,5.978069,42.600189,11.619391,18.671068
26.922716,17.859943,11.316247,48.705345,12.181423,52.241241
19.467934,13.337448,6.637893,95.218056,25.230902,10.663815
7.638253,5.743386,2.330612,12.392587,2.556678,5.379771
13.290656,9.352481,4.917380,9.416180,3.051976,5.951759
25.856953,17.430504,7.997534,30.789261,7.246844,14.118006
21.963057,14.617076,6.120426,23.666479,6.337649,10.702380
14.742767,10.245820,7.217821,9.736165,2.616861,5.747653
31.700253,20.053654,16.257534,63.006386,14.904470,22.363609
52.824547,30.877708,40.108559,225.324005,65.496674,143.412338
8.823658,6.111466,2.345813,24.566864,6.226986,3.784876
25.155441,17.171728,7.154836,28.927637,9.070093,6.217677
21.552647,15.011766,5.974506,19.557081,4.821208,1.796224
20.470341,14.168768,8.111021,26.411587,5.667920,3.691754
25.423954,17.326498,16.714548,23.930075,5.731694,13.970434
13.857938,9.933812,6.052104,19.788382,6.274787,5.972471
6.333216,4.278645,1.275232,9.079695,2.680842,3.123561
9.876972,6.994777,2.309449,8.042083,3.093158,22.436583
9.848455,6.515357,4.610686,20.440838,4.234849,4.218616
18.311804,12.861378,6.400290,10.855648,2.832845,3.729054
16.914034,11.895081,8.515983,28.214350,8.751205,13.994689
10.776365,7.469160,8.733270,45.520802,11.429160,46.272556
28.622440,19.412634,11.468859,33.577805,8.188725,5.676265
7.983682,5.546273,2.973087,10.028875,2.432943,1.281738
7.528288,5.461336,2.325341,30.817625,8.877134,1.181524
10.325942,7.256254,2.242059,48.632771,12.378994,3.755681
36.625309,24.690805,14.892837,50.832775,15.785597,19.655842
14.022472,9.576488,3.265545,37.871868,8.563097,2.113159
45.324436,21.227177,20.629463,69.910385,20.156746,128.124878
42.869965,21.191021,20.899105,73.537514,19.955881,123.437782
15.443275,10.009872,37.735985,133.769867,34.396980,36.533089
26.170250,17.562948,13.199860,25.361053,7.261932,22.151701
52.913700,25.083128,12.873853,40.837006,10.812918,21.930693
10.865090,7.544147,3.280263,14.800141,4.364807,2.110399
20.162865,13.110500,12.343165,37.816444,8.638690,7.917685
12.455290,8.833643,4.557170,8.050352,1.767147,1.189979
15.738968,10.718423,6.077927,31.640373,9.193034,9.383022
6.207080,4.518464,2.675755,12.056856,3.299616,10.753089
16.620657,11.427736,6.722833,17.428404,3.658787,1.740319
22.129829,8.774766,10.584125,31.730618,6.946102,8.384264
21.178995,8.859131,10.791643,34.769215,7.775962,8.342046
22.404570,14.618606,11.351379,56.385845,17.789171,18.089441
43.810757,16.713251,15.148786,107.034424,26.884771,10.624703
23.064426,15.476408,24.426216,57.981541,14.280223,12.488841
10.378510,7.326034,3.802104,11.394560,2.589034,2.727543
8.652997,6.070696,1.663242,11.266668,2.178491,4.653387
11.357319,8.072669,2.946476,25.174252,7.522614,1.805378
16.892704,12.092452,12.441362,41.191719,10.669409,8.720154
24.053455,15.388304,19.388487,40.752060,10.754793,35.270443
10.863689,7.264418,4.687338,18.156826,5.350313,3.833467
49.490406,31.742655,15.096415,38.590919,11.112663,21.284489
16.894199,11.189887,4.652020,38.269581,10.142498,4.058542
34.966133,22.038311,35.546169,138.428955,37.987740,34.703819
51.311119,33.440353,14.149215,39.959724,8.397111,10.931972
16.061373,11.431233,5.609759,60.775078,14.681110,3.204573
9.466220,6.529116,2.954807,74.329239,21.386225,1.803669
42.362320,26.211546,57.091068,180.202576,55.690102,219.355484
33.152596,20.748920,23.569975,52.365849,13.267236,34.357883
32.926392,20.137081,43.838306,52.382679,15.102513,54.797077
17.182903,12.003300,6.854201,47.310135,13.912976,4.820569
22.220423,15.300143,6.453068,28.496742,8.800847,3.844086
25.087509,13.301737,17.515734,87.829178,25.710014,63.548275
25.362452,13.229999,16.727015,82.868584,22.920443,46.127033
13.043983,9.256312,4.416617,11.965837,4.092721,5.207153
22.300772,15.135268,4.486875,45.610470,12.204849,21.226126
10.950156,7.748343,2.997696,11.439848,1.544006,3.827374
6.535075,4.147358,3.115161,8.874640,2.395130,1.147722
15.321653,10.823549,5.383222,17.460653,3.322367,1.412768
38.952251,24.888836,14.440530,23.772781,5.471684,16.968103
18.592577,12.058073,9.818126,34.602909,8.854416,9.306231
17.749111,11.819183,13.855214,103.827957,26.866291,7.527857
10.408128,6.866127,4.096993,6.374036,1.274802,1.019610
7.861989,5.183866,5.757781,32.125057,6.885407,5.642169
14.508342,9.854463,14.048326,41.239483,10.709353,20.852734
12.283938,8.151512,6.252895,56.045723,13.680316,4.796205
26.948915,18.402412,12.995658,29.919939,7.436592,11.228628
54.686443,31.259697,32.158485,120.768387,38.094727,140.187317
40.047791,22.399580,14.138647,34.323875,7.920175,24.452543
15.856446,10.459559,5.472431,52.027672,12.849341,5.617777
8.833150,6.375423,3.901606,10.217852,1.797798,1.724196
33.203205,15.716240,12.240370,35.448151,10.003590,39.528084
48.833355,29.172169,15.439408,47.891972,11.249919,11.158011
13.444818,8.635484,6.373899,23.789684,4.877501,5.353045
27.760052,18.633606,8.182981,29.443787,5.849939,9.581782
41.393753,25.752541,37.793987,102.193596,29.902849,96.077049
14.154314,9.510951,4.589542,18.670458,4.125276,3.771495
29.433590,20.188475,15.826434,29.749229,7.792538,8.721178
6.298553,4.398648,3.889428,6.715680,1.847705,1.476500
33.641895,22.221943,10.674248,32.562019,8.588440,17.603607
22.757168,14.496979,27.452501,120.084785,32.784222,72.508667
37.487099,24.856689,18.162697,38.069962,10.245575,8.187623
19.721519,11.697025,21.528019,50.924519,15.105983,17.570576
13.016401,9.244477,5.059995,21.315741,6.634308,24.951326
7.733642,5.287558,3.287879,8.707140,2.641217,14.155352
20.844076,14.538368,11.384130,25.145153,4.171178,9.230954
13.100305,9.034278,1.904593,28.967825,6.706746,2.094210
26.631445,17.744886,12.469254,28.978765,8.306293,34.644482
15.848855,11.106535,12.290306,13.171583,3.315196,2.495056
26.100006,16.682737,21.483458,60.402187,13.557846,28.311466
10.371254,7.374528,4.412283,10.672175,2.111723,3.302641
20.481228,12.893688,5.753354,20.633398,4.718058,3.983887
25.264269,17.204002,8.166281,26.303411,5.470885,7.318806
27.733288,18.447653,11.295633,17.827618,4.863317,23.466927
19.034719,10.584671,8.523127,22.151726,5.360259,1.523599
13.901441,9.487521,4.550544,14.322551,3.869488,2.654341
4.922328,3.201192,2.831968,8.298542,2.105450,1.561968
24.007910,16.095562,7.649460,16.851595,3.797625,4.949461
34.045383,21.886799,25.165222,93.192696,24.330599,77.249580
9.827868,6.562402,4.504793,25.485086,8.374076,1.910591
20.760120,9.278563,7.881374,15.911134,3.791971,13.014587
19.791178,9.314005,7.771933,19.316555,3.676167,11.425424
9.925080,7.422539,3.310149,9.400585,3.093764,13.683718
11.978293,8.339807,3.997681,71.925102,19.705210,3.176797
54.553680,20.890568,27.843185,65.687141,20.954605,66.639275
51.316025,20.869261,32.883297,92.160355,26.091839,65.119888
19.979166,13.555859,4.755385,37.185143,11.784313,6.897696
7.849977,5.466998,2.919812,7.962282,2.284647,1.666020
17.946259,11.981366,6.312452,21.008926,4.767967,27.374699
15.201833,10.038783,3.358187,20.843946,4.469175,6.297606
12.350899,8.887995,3.328242,26.068239,6.794142,13.221240
6.636982,4.504879,4.642487,18.569746,4.689769,2.767447
26.965666,17.605816,12.472565,52.939873,14.278695,64.088715
12.276035,8.284003,10.243997,53.883595,18.649134,76.483566
9.596793,6.793176,5.872150,18.552382,3.685928,10.363043
26.438091,18.113876,9.761244,28.531441,7.676133,61.502281
17.404636,12.515635,7.084660,28.395538,7.389784,12.494603
8.136520,5.616172,2.753039,2.270024,0.153016,9.894436
31.879581,13.179560,16.077059,100.434135,26.465368,6.794933
23.292845,16.006155,6.255530,19.715139,6.498518,5.662138
14.786344,10.329394,5.526002,22.918858,6.028888,7.468846
20.544889,13.487468,21.571070,78.902092,22.196251,91.477074
13.673350,5.626117,5.124125,15.726932,4.588819,2.797356
14.830416,8.883458,5.274310,19.321884,3.960095,1.864963
10.480937,7.651015,2.991900,13.910758,3.872095,10.980252
12.976909,9.211246,5.225187,17.354561,4.744689,10.399872
29.305538,19.553364,13.916514,41.121834,9.972892,26.317684
20.465460,13.974339,11.761030,37.362251,10.005108,9.310188
21.091425,13.658457,17.954882,42.889664,11.435994,19.455303
20.411921,13.454263,8.703392,57.596848,13.267229,9.943332
30.179783,20.667366,14.515918,45.618507,11.834703,29.387119
11.211519,7.675095,5.600863,21.145924,6.096472,12.794436
13.122773,8.078656,3.899352,42.382870,11.166038,21.532711
12.151719,8.276558,4.618058,19.121437,5.955547,25.975492
4.585100,3.598643,1.427714,14.423958,3.540061,4.480184
12.657506,8.945678,4.489063,14.718339,5.014793,25.253452
57.277161,33.112499,23.128885,79.255722,18.410868,16.869968
28.882238,19.424900,11.742318,53.985218,13.404778,4.598660
19.570250,13.216420,4.067106,34.139729,8.383616,5.744338
9.621729,6.290460,2.630575,6.173729,2.596462,6.498208
40.453728,20.896814,17.562054,44.913158,12.683698,22.838991
5.652898,4.109320,2.411314,7.979849,2.056718,2.086509
31.940054,21.027103,9.269459,68.713020,18.377325,5.586995
29.012337,18.905621,13.404336,125.168053,37.552692,9.606573
11.976390,8.820354,2.682304,4.222323,2.404456,5.261895
38.230358,25.098425,18.309864,27.147287,7.022470,12.757217
19.077314,12.981201,7.155493,19.557207,4.066629,3.105391
30.120392,16.661276,11.157809,49.074448,11.335554,15.763901
25.471224,15.278998,10.674915,48.137058,10.014281,13.888877
12.001880,8.162013,12.732057,93.717682,28.086040,87.445480
10.386999,7.073478,4.940438,6.133610,1.953691,3.355680
33.888721,21.619879,11.593807,54.468410,13.047561,41.427113
12.160148,8.399666,3.795173,6.727008,1.642826,1.779090
29.392904,19.672663,9.845716,33.769482,8.371147,12.187287
19.347855,13.279183,6.782238,44.756561,14.245947,5.239492
60.048882,29.570866,52.918331,178.230362,50.266735,203.869644
18.128313,12.346889,5.274970,28.470213,7.202452,25.004183
6.610290,4.752390,1.570878,21.771606,5.726294,6.651555
13.030236,9.394437,5.101164,41.947647,9.819427,1.713372
28.365543,18.500805,14.085197,40.057388,9.258662,12.338388
13.295511,9.234901,4.733102,19.012392,5.033339,5.340487
17.514360,10.245876,5.313476,33.957531,11.268753,16.822754
10.673543,5.651610,5.556209,24.877790,6.665170,4.865824
13.202024,9.150959,5.661290,9.726531,2.591414,5.910473
29.111250,18.724958,13.287340,47.112099,13.674757,47.231247
34.752293,22.578617,29.826859,101.106171,29.986614,68.556152
54.385120,32.596287,52.737938,233.260071,59.753174,66.172424
34.543755,22.363142,9.676871,27.045141,6.193315,39.995258
30.419846,20.076340,9.579932,20.459118,5.030717,3.509683
29.949024,20.296677,18.461756,51.990509,12.672931,14.036120
11.755270,7.903359,3.155223,22.471676,6.983088,12.451730
25.128099,16.518047,10.151769,27.435390,8.049040,40.399689
36.046017,23.974405,7.972154,34.612343,8.429737,4.442048
10.665458,7.241006,3.834958,11.712878,2.818431,11.828798
11.170012,7.791308,3.119024,41.521740,11.171968,7.417071
26.741222,17.640112,11.785791,114.208710,32.533588,6.025330
34.477211,20.622791,22.584021,85.292274,22.995047,17.375744
5.772719,4.092333,1.819737,16.816557,5.037285,1.981991
10.164551,7.407220,3.686933,33.985920,10.838039,7.540963
10.136761,7.170526,3.321239,35.916813,8.691817,3.966508
11.592867,8.287492,4.618704,7.000080,1.136799,1.280246
8.346003,5.826586,2.063126,21.236544,4.355931,6.392767
22.257908,15.044932,7.137860,19.934303,5.141913,3.938388
27.638138,18.581930,9.703316,20.420259,4.096295,7.500229
7.336542,4.979624,2.917866,11.545597,2.495730,10.805625
12.968596,9.324769,5.343851,16.545359,3.713129,4.139417
19.426968,12.966913,23.085060,75.211472,17.978809,12.910949
10.072172,6.785197,6.169168,30.896425,8.572293,26.557886
13.313987,9.080109,4.645280,37.019802,10.268147,65.073364
21.709705,14.471037,4.806250,35.002144,7.413086,8.696743
18.002827,12.618173,6.750555,19.649057,4.943395,25.463739
39.808117,25.130341,14.668738,67.703423,16.567617,14.080057
22.991524,15.690209,7.208204,40.315765,8.304842,10.544487
16.319071,10.879099,4.062404,112.951057,28.152136,21.741312
12.367811,8.481514,2.739040,12.435370,4.267103,1.950107
46.829216,30.181200,14.598817,29.649918,7.494290,6.270489
18.976366,13.733054,7.267007,17.684467,4.754309,9.608044
26.259708,17.579515,17.207947,56.493587,17.885941,104.358955
5.839068,4.368970,3.097550,9.928226,2.288321,5.417779
10.930835,7.506715,3.783581,84.632790,23.776833,41.270542
26.742805,18.203989,8.624790,31.016209,7.496521,8.543422
11.941847,8.521328,3.207659,39.498840,9.018570,1.955401
8.474686,5.677951,3.293826,15.870808,4.244357,1.513146
48.352886,29.862040,17.184160,47.376366,14.001146,36.235020
33.707970,22.275465,10.240453,28.467848,5.986561,4.565057
23.151081,16.006660,6.664209,53.982399,14.829421,3.094716
27.058264,18.069687,11.241199,74.821785,18.545248,10.153178
32.577576,14.619742,10.537712,36.486732,8.025277,4.488255
29.438162,14.564836,10.119477,35.933788,7.622742,4.162427
16.341429,11.113777,4.669618,11.308342,2.272029,13.618711
19.033495,13.090970,5.643524,2.747759,0.939593,1.134341
10.580658,7.379335,5.258343,11.106116,3.113971,3.980449
18.471758,12.536146,5.115064,32.695763,7.664536,16.548582
5.065951,3.394207,2.205994,37.206722,9.746868,20.717009
33.989113,22.743391,13.827280,28.502167,6.938900,15.726621
7.233790,5.118433,3.198110,20.830595,4.483622,1.310401
32.808449,21.603598,19.494251,32.674706,7.851076,8.617727
7.789094,5.575906,1.619323,15.571146,4.633430,5.387354
14.197206,10.132080,11.575229,48.586926,12.272259,22.369545
9.173314,6.493519,1.986229,3.835779,0.952858,2.255794
27.776678,18.274021,23.116877,85.762619,25.852959,55.994747
15.045868,10.249732,5.064826,17.905779,5.600571,5.499588
18.031445,12.249796,10.923835,29.235790,7.526290,40.507690
9.004511,6.889408,6.912735,23.989313,5.543733,4.900877
20.440956,13.964944,8.464724,76.717201,20.356316,5.269155
14.690538,9.692505,4.514833,27.543432,7.450861,15.195007
10.716454,7.612002,5.326458,37.052643,10.589549,37.506714
22.509455,15.218318,6.121477,33.951000,10.279169,36.558529
15.366516,10.020077,23.592522,59.229404,15.741784,37.972874
25.457977,17.722773,7.985493,35.495975,9.794600,4.807042
18.345608,12.635402,14.628418,36.238422,8.134713,9.809413
7.806655,5.391406,3.386999,12.085340,3.147267,7.533799
15.071746,10.236471,2.882627,96.223038,24.626925,2.996097
21.316618,14.432623,7.212339,39.342960,10.724074,4.441308
7.178421,5.033920,3.513884,16.731493,4.561777,0.717482
18.667658,12.539596,4.167593,30.633236,6.478808,5.412413
15.767293,10.697091,6.691007,20.946043,5.696867,44.219852
37.152096,24.719154,15.629638,63.827969,18.121107,47.766541
14.027511,9.675904,3.607989,47.193607,14.221787,10.151738
20.576138,14.202684,13.091709,38.866306,9.222138,8.270871
25.868538,16.651821,24.937874,112.218102,28.829639,75.834953
12.767949,9.107120,6.523734,38.385983,8.880303,11.337757
18.962517,13.167740,18.237204,43.014675,10.255481,7.585939
4.397638,3.189710,2.111079,27.024418,7.922210,0.985205
13.542379,9.428506,4.498560,20.075583,3.836220,2.102874
15.732304,11.173800,4.636486,12.099493,3.764899,2.999389
19.216722,12.933032,11.593784,70.560867,20.317879,56.672432
23.246805,15.760588,7.299257,21.128973,5.842299,3.294973
24.098074,16.533476,8.613161,40.450569,9.989522,7.836091
5.920792,4.205688,1.867079,13.346016,3.302528,1.465103
11.820821,8.248981,3.243174,13.811552,3.114266,2.047490
31.490662,21.193272,9.520682,42.310921,10.469324,6.030385
18.528439,13.066088,7.471921,21.664795,5.206010,13.701720
38.578266,25.104572,13.305474,58.879005,14.270248,8.546195
13.996358,9.501967,3.120614,13.191918,4.988603,3.774199
16.535580,10.797958,5.381467,29.529427,7.831284,4.436666
14.041796,9.435548,4.473215,16.866974,5.019053,4.867457
24.668415,16.699282,8.188287,13.750630,3.594460,3.735270
12.677130,8.516531,12.772612,49.679256,12.504146,21.543499
25.205484,17.624622,6.826236,22.035652,6.142506,22.057501
14.357023,10.000853,4.330535,19.115808,5.346806,18.068556
8.336548,6.020687,3.833954,14.815984,4.925063,2.977844
38.628143,22.506874,40.431656,122.521111,35.847343,132.045334
26.569847,18.190430,12.551186,48.920143,14.477000,23.716322
43.736298,27.746586,19.343016,41.461594,9.890294,45.222260
7.658291,5.762046,2.390950,32.790462,8.308470,2.508180
18.026432,12.385969,6.914275,58.290619,12.640532,10.570980
16.617926,11.591256,5.093962,20.963345,4.408981,2.907361
29.012768,19.575504,22.243408,69.896378,20.133106,19.502655
10.691816,7.418618,15.036080,44.141571,13.314865,12.005316
21.305517,14.829236,7.359303,13.551653,3.161792,3.929919
25.559689,17.000031,8.021006,16.476521,5.003564,9.397424
21.078127,14.815671,13.806651,31.941492,9.628880,8.852860
27.594404,18.619165,8.953804,25.039356,7.441423,13.552628
18.207314,12.646697,6.255321,18.978399,5.678408,11.718758
28.057344,18.508711,25.233311,79.441887,21.349348,30.594387
14.625462,10.389829,3.992461,11.690823,3.506033,6.966362
9.731686,6.912637,2.024777,14.302873,3.169947,3.063882
13.265596,9.168536,7.364381,26.210241,6.370179,2.275188
19.715050,13.589931,8.607840,28.023216,7.448258,10.699595
19.287464,13.230717,8.305789,20.136206,4.353322,8.299911
21.730694,15.083117,11.296120,22.024500,4.588245,21.243586
25.783182,17.175085,15.207668,67.041519,19.020245,22.481476
11.730159,8.307057,5.618864,20.833853,5.070108,2.765130
31.585737,21.099373,9.157760,30.393915,8.682177,7.199212
11.634067,8.108242,3.019035,32.000889,9.261426,2.247747
20.673616,14.268450,13.163091,33.341114,11.463483,60.080284
9.461046,6.662871,2.695423,16.414797,4.530722,3.403488
42.080456,27.073931,15.248401,80.269516,18.414362,10.397596
12.054344,8.112707,6.243016,16.293465,4.723263,2.403364
24.920523,16.761244,12.316253,50.250149,14.810529,63.953430
10.221352,7.192897,3.673736,10.651280,2.190864,3.200674
20.360516,13.744210,7.177451,16.215939,4.048910,17.819639
19.171083,13.143314,4.636122,36.109100,12.367774,44.654228
37.220127,21.230055,26.958311,116.829735,29.487276,33.249950
11.103209,7.711667,4.279499,12.324942,3.585622,13.691923
9.112020,6.082681,3.579133,17.764875,5.837242,6.454288
29.644859,19.562099,8.971639,48.811161,12.794279,53.867676
36.548969,23.452742,10.028708,46.536480,11.246103,4.999291
14.937434,10.456280,4.520175,9.762934,3.145096,5.012074
31.507507,21.061031,14.587900,37.602875,9.856370,33.514973
8.302774,5.914211,3.033020,3.750275,0.657398,2.189176
13.263871,9.371002,4.768021,28.807455,8.155742,11.710782
13.000078,9.040445,5.558948,76.267853,19.383738,6.962797
8.264604,5.871039,3.452593,9.667253,2.505014,4.078844
8.790010,6.396758,4.473964,2.955426,0.099939,3.548085
21.152184,14.130008,10.063772,47.630878,11.074411,12.327554
20.511259,14.268641,6.141843,21.278475,5.558667,28.283953
8.987669,6.350425,2.059711,11.430197,1.713102,2.879350
22.140375,15.336240,6.351535,28.636148,7.315292,8.365472
18.454681,12.377072,4.715942,20.405172,6.429799,5.983219
22.950146,15.503674,24.151400,78.512398,17.952423,28.124655
17.500286,12.290904,6.653861,23.485392,6.552087,20.999115
8.354836,5.932846,6.007447,32.382114,8.943189,11.769950
18.465055,7.745254,10.883627,61.846359,16.494238,31.881626
19.851913,9.947246,13.111668,70.003830,17.163904,36.085518
19.337263,12.938089,9.594354,36.350353,10.488543,7.793727
19.509315,13.599961,7.494371,21.047441,5.309248,2.740920
14.131546,8.643000,4.784904,9.970425,2.212034,4.123617
8.927724,5.915920,3.120716,22.411011,4.651481,6.545220
14.961045,10.221043,4.286098,12.455621,3.426103,24.203346
21.075037,14.680202,10.100171,61.483601,15.032549,9.269972
37.839851,25.343620,13.643359,53.850067,13.342168,9.124234
22.234749,15.263047,13.090276,71.569481,21.686394,8.792880
12.453338,9.040771,3.849878,20.179640,5.410271,3.495758
30.960011,21.128298,6.577163,18.404642,4.952857,12.602091
12.522510,8.929587,4.222333,10.871329,3.977367,9.713510
6.506482,4.717391,4.030960,22.765839,5.162196,9.130629
9.215911,6.288651,7.130153,25.383179,5.938766,26.182535
35.567684,23.831993,10.920499,21.884789,6.065815,3.138944
13.430106,9.121882,4.298941,17.520607,4.260171,4.635293
24.158342,16.087296,12.592308,34.438423,11.083521,32.297863
73.630867,43.531136,70.480576,136.559799,37.366714,187.280258
29.172394,19.991760,10.823144,49.478550,12.784192,20.674940
24.421068,16.633383,6.838810,42.334431,9.815617,6.742516
4.427406,3.001667,1.162873,11.280787,3.099330,2.992685
15.413315,10.346046,20.261915,45.554394,12.173255,49.469730
9.042411,6.065227,3.236986,9.440493,2.540805,2.950208
10.573722,7.144632,2.780642,60.799194,16.404787,2.891256
10.820275,7.502469,4.314513,21.477873,4.356319,8.757076
17.334394,11.868009,7.608112,25.353165,6.115185,19.904087
8.303094,6.011704,1.854583,9.436129,1.552072,4.795334
8.049148,5.487881,4.418504,21.712542,5.584509,14.814507
43.225807,26.112583,53.205185,151.680405,47.198845,105.702812
15.659287,11.376004,4.196761,32.287773,8.341009,4.774264
13.628585,9.149586,17.945509,80.900185,22.818480,65.784584
38.537289,23.804449,12.994731,30.494816,9.676157,34.881603
43.427204,25.060280,15.821965,45.210968,13.017195,39.678493
25.470797,16.931549,18.123259,24.856207,5.879491,24.990042
34.320412,22.883829,7.608482,33.994274,8.287413,71.214897
13.463766,9.292913,14.217367,48.665573,12.930218,10.591932
54.280079,31.142965,78.691895,281.165436,68.597595,60.840527
20.972881,14.122551,10.110697,31.785618,9.622824,26.911018
25.818035,17.699957,13.216848,53.570621,14.801511,10.163612
17.938225,12.292767,5.465077,14.348665,3.464221,44.908001
37.586388,22.445507,11.661947,52.738216,11.843881,44.361725
13.769293,9.047638,13.427917,62.116226,16.724081,18.807358
19.523792,12.878457,9.594585,25.439898,7.287681,24.607367
19.472788,13.312246,5.684864,37.362415,9.658381,36.902142
19.556074,13.611597,9.082870,14.394502,3.060999,12.789377
28.439053,18.916574,6.645863,22.056166,4.215173,9.154848
26.833807,18.520342,10.042864,50.492741,14.363550,12.183655
25.394739,16.841127,9.833331,36.242775,9.418888,11.881015
30.150808,19.758703,11.083820,22.003632,5.633188,14.798120
8.500261,6.343788,3.577484,10.461628,2.389650,1.471255
26.006817,17.532396,8.170936,32.781322,9.530861,25.692993
4.035709,3.147655,4.683996,12.567367,3.427433,10.933272
17.313587,11.836166,7.007940,25.200428,5.692667,5.085460
12.359477,8.655352,3.545998,26.885643,5.943080,2.167664
14.323696,9.691404,4.685696,20.471245,7.034935,0.971813
18.566166,12.972780,6.419938,20.508276,5.795666,21.270163
5.828510,3.868791,3.514106,8.055548,2.190801,2.326462
18.599253,13.277629,5.665833,28.888712,7.215209,2.763066
11.100169,7.545215,2.874432,13.805493,3.131143,14.696730
27.380543,17.436642,12.770843,46.921753,11.134837,5.635649
12.970824,9.309273,5.142237,13.078709,2.936503,1.591728
25.748497,17.330275,7.000755,24.553652,6.687692,13.319209
35.941853,24.105110,11.803486,25.692894,6.042053,15.353745
20.782167,13.474821,16.961067,45.806381,14.158362,33.296341
14.892736,10.491664,4.043786,32.486839,9.565513,61.680218
18.882221,13.159997,6.252925,32.176811,7.423840,4.269354
13.152435,9.373055,5.584018,14.749423,3.659316,17.446524
22.049191,15.124503,6.791782,9.636184,1.554208,5.971680
9.937387,6.628808,3.796604,13.752479,4.500250,11.222210
29.120075,19.865993,9.114908,33.307224,7.885411,20.650160
9.395726,6.918245,2.891921,9.667212,1.961601,1.947228
28.299715,19.229340,8.390410,22.377102,5.758724,10.217854
18.127235,12.000172,6.450248,28.595947,6.857898,40.853985
52.763691,26.433731,16.716181,44.965904,9.635818,18.671730
39.263039,18.090815,14.528549,47.001614,10.111821,20.612366
31.124884,20.100317,30.588594,131.391891,31.150625,20.413578
6.845150,4.935893,3.166101,11.149679,2.854000,0.568075
25.146467,16.693867,12.585188,62.901527,19.890102,25.068800
31.441008,13.375006,7.730652,78.205437,22.832918,13.962478
28.421268,14.540410,8.508996,70.378860,15.547816,15.767140
5.881937,4.409407,2.055238,16.518661,3.516953,1.505070
34.917622,23.361479,10.405592,42.830223,10.299398,15.226084
18.874414,12.999518,7.174587,35.429688,10.374541,30.711466
33.376347,16.297380,13.023352,48.428204,11.777269,21.494204
40.555775,16.441751,17.384157,59.503334,15.024544,25.994804
24.670868,11.300519,19.426422,63.158123,14.593850,12.969958
29.384432,20.245083,14.065593,53.072407,18.000574,33.722908
41.824474,27.280401,13.076385,40.167843,9.812472,38.819881
53.000420,33.117596,17.633375,38.496273,8.563538,42.034298
13.604985,9.346422,22.442131,78.919868,18.806555,27.916054
6.305545,4.301394,5.917450,39.891155,12.032660,2.212142
10.767006,7.506584,3.752474,13.254922,4.829530,6.176300
19.280481,13.224175,6.676877,15.818817,3.211990,4.124347
26.618582,17.756966,12.919877,59.772892,17.040165,44.145889
21.528322,14.893117,5.610079,12.726954,3.320200,3.947111
51.514664,21.808277,19.766157,39.279488,10.964264,41.516888
25.613314,16.765448,6.570070,14.319840,3.338260,16.038893
21.365561,15.091203,5.557949,23.249758,5.857759,10.868377
17.506369,12.097775,4.699284,28.187210,5.421906,4.200117
36.102386,23.079453,21.855206,48.550152,12.786126,44.232922
11.690748,7.010129,14.994150,100.446152,24.218752,17.171604
5.809320,3.762542,2.312544,24.735130,7.453999,1.090777
12.798558,9.153943,9.748026,34.198586,9.656619,45.936150
22.393888,15.046745,6.463920,17.320221,5.777969,32.995583
36.138691,22.829561,18.306015,35.080254,9.646566,54.728191
19.654911,13.223361,6.192889,14.094181,3.714453,12.478097
13.470074,9.355363,9.299695,25.339157,6.297804,3.849237
22.697432,15.534179,11.894955,27.641920,7.549802,16.201183
31.743593,21.066961,9.854019,34.908077,9.320880,41.866493
19.755381,13.493550,8.909025,36.467133,8.866697,6.536882
14.363050,10.136649,3.244359,24.286932,6.178618,3.064351
32.007744,21.787836,10.851852,33.499149,7.416072,18.275171
7.212369,5.111413,3.029089,10.918230,2.174847,7.187206
53.327579,30.666428,38.769356,151.208572,41.770210,173.831604
16.002514,10.731160,4.414133,22.698479,4.752325,15.549326
12.037105,8.457770,5.503812,33.828556,8.324910,26.245935
36.359558,23.251778,31.443037,154.251419,41.823887,32.284611
24.553232,16.548523,12.489989,78.494110,21.034595,14.821700
10.591634,7.630061,4.555916,10.441328,3.799126,3.028409
10.824610,7.332152,5.650545,10.257774,2.066940,1.495461
18.031458,11.837413,6.416146,25.788136,5.915684,5.163057
25.778965,17.502436,10.317519,35.811203,7.924289,6.044746
9.464052,6.974693,4.605229,17.695742,5.872937,5.446000
17.729511,12.325386,6.245706,29.064054,6.891830,3.835984
16.519676,11.395674,3.510741,19.235100,4.515802,33.980469
28.190947,19.258335,10.320600,20.505165,5.838286,11.258196
12.514344,8.787982,13.411154,52.480145,12.887048,10.183434
22.629881,15.223352,6.824380,28.151941,7.386065,3.183559
17.741634,12.345856,5.101341,22.906286,4.192536,4.066476
19.662323,13.635979,11.569650,32.293739,8.608341,4.827622
21.271122,14.279944,4.644527,19.538567,6.549093,36.146049
21.205473,14.650510,6.114107,18.582659,5.371222,22.700279
19.087891,12.320300,17.098333,64.682869,19.586838,7.113667
8.979940,6.504425,7.522020,52.027008,12.075763,6.161696
9.658166,6.626823,6.200576,22.249832,3.098937,6.315433
6.127317,4.372701,3.921413,20.485075,6.914948,32.016735
18.497349,12.796699,7.612314,45.726925,11.097596,13.682362
5.252410,3.803258,2.012389,8.803085,2.634343,8.036564
18.372656,12.610811,5.538333,24.116150,6.108852,3.778417
10.307831,7.175611,3.994809,32.737347,9.816282,1.353665
6.758204,4.871154,2.751750,20.416124,6.281275,15.757686
23.009258,15.723310,6.420506,48.832218,14.161288,6.776909
20.116831,14.200528,5.260540,19.793211,4.629379,4.404060
28.277147,18.963734,9.674255,98.997040,25.606779,10.229781
15.732881,10.448492,4.856617,22.979940,5.978207,16.431713
8.391029,6.062850,5.351288,21.735304,6.859733,30.928957
20.507832,14.065974,6.787751,20.774271,6.358160,9.703716
6.901582,4.765756,2.517926,7.154504,1.650655,5.607601
61.807499,36.917088,71.921715,241.569962,66.622871,172.466293
18.989664,12.755175,5.213470,15.592346,4.412278,3.852614
6.088078,4.470634,2.787045,3.366588,0.327554,3.346335
18.374968,12.413253,3.669830,54.424103,14.150364,5.284359
11.090332,7.523374,3.891332,10.038816,2.616218,2.934369
33.323063,22.002090,9.862212,35.764252,9.287873,9.012028
12.063403,8.297476,5.092718,11.972318,2.618001,12.859827
12.865285,9.194814,6.848540,18.810143,5.321305,2.338253
22.741531,15.354572,7.492036,21.409351,5.448915,4.189989
8.438098,5.644294,3.186977,9.525558,3.875287,13.979633
27.338480,18.609747,10.762292,55.294952,15.620326,4.498698
26.129976,17.759840,9.025453,40.721966,9.389230,9.099651
36.832874,22.343756,26.964947,49.985493,13.124080,66.412300
22.851524,15.153793,10.974146,47.931705,11.200960,12.969980
24.310055,16.196844,12.234391,110.384888,32.687920,6.946108
28.349253,18.852240,10.281887,30.443352,6.837475,8.300867
24.703650,16.663591,18.025438,91.107193,27.983448,71.919891
38.019661,24.852346,11.580780,39.214581,9.550344,4.358467
18.905737,12.988053,6.226871,54.695801,14.116388,9.737180
7.346059,5.033482,1.997037,16.389248,4.099075,3.839817
66.999268,38.843079,22.154301,42.603649,11.408422,77.626648
31.037371,18.527111,18.046793,36.756313,10.643935,17.859133
34.394810,19.711658,25.961693,55.777493,13.739415,19.594263
14.635292,10.465797,7.226027,26.761553,9.145752,38.112152
46.330574,28.827225,15.008293,63.108265,15.122458,14.064878
15.847478,10.258283,8.724298,29.623716,8.394820,29.462318
7.782850,5.540089,4.554727,20.600889,4.163781,2.082577
8.103312,5.414222,2.329364,13.608232,3.422381,3.404073
5.210144,4.155960,7.594198,40.300316,11.473510,7.218960
23.389906,15.879733,6.802010,36.019993,10.066027,4.674994
9.761620,7.133262,3.243067,8.056559,3.400168,4.169501
24.861917,16.401520,30.214428,95.073761,26.712049,117.830482
6.433626,4.579695,4.396436,24.146019,6.398307,2.874916
10.091871,7.264144,3.947368,12.135599,2.673286,7.814432
34.513073,22.914818,23.263369,37.455593,10.813417,8.587708
42.776962,28.040047,29.939054,88.938568,24.765251,61.295349
27.456226,18.353666,11.166492,33.973427,10.161228,8.097898
60.994926,33.219967,31.615309,94.666328,25.112209,42.173767
22.394428,15.017832,11.718004,31.947718,10.221136,9.239813
49.204472,30.170942,21.364441,74.911461,21.030054,34.309460
10.072485,6.906392,3.372827,9.227819,3.262034,1.357987
9.637503,6.779593,3.065076,25.773382,6.409617,1.662533
8.354131,6.136161,4.268997,16.264496,4.591681,10.409145
26.992823,18.044838,7.041140,26.071537,6.321425,3.140226
17.610453,12.200473,16.631439,106.909920,30.186153,91.039299
9.701113,6.644128,3.679451,23.149706,6.455207,0.695540
23.437262,16.092279,4.451334,25.338148,6.137258,23.651793
33.288692,22.649191,11.292669,40.730198,11.163275,4.225481
9.751601,7.013329,4.131109,8.214018,0.700453,3.055463
13.960107,9.879532,4.537192,10.704353,3.083837,2.471627
36.998470,24.539762,16.158260,12.441894,3.685524,23.214975
8.398774,5.972550,3.522293,15.333561,3.009814,1.295319
12.108912,8.342688,4.084071,19.564157,5.515995,30.227734
5.290632,3.930490,3.244479,11.179015,3.976861,2.194703
15.284192,10.348392,5.170808,21.869181,5.531679,2.021455
9.311908,6.476326,2.038582,33.603382,9.113703,3.873004
51.598629,31.479649,16.000692,34.086876,8.899209,9.965206
47.750729,29.450747,15.342573,58.579414,15.424594,17.644066
23.584515,15.834306,19.271875,62.202286,20.391060,41.346100
19.602468,13.574260,4.830458,22.863729,6.711095,5.446187
37.215263,23.461014,27.012346,61.693794,14.797608,28.952059
19.319387,12.979581,6.897936,22.092682,5.659161,19.871367
12.943261,8.996315,4.826427,10.870966,4.442172,19.711279
17.017094,11.658072,3.016641,16.023163,4.559027,1.983664
10.688675,7.120391,3.926324,13.613283,4.541550,5.306511
24.055885,16.510378,8.777522,21.466614,6.110992,5.548158
19.920229,13.751679,6.319575,24.774464,5.958427,6.460313
3.943647,3.053527,1.465546,10.135343,3.971116,0.933626
13.452691,9.147953,5.052917,35.812145,9.431320,3.176781
5.835244,4.350720,1.627350,6.740903,3.565692,0.826769
13.202676,8.930988,8.098499,34.908657,11.681831,51.503849
13.050711,9.362133,5.066869,19.869549,5.520630,9.190116
9.782681,6.584738,2.572148,18.630793,5.325301,13.531367
30.925617,21.263010,8.187140,42.000046,10.293093,8.207108
24.232119,16.328312,8.101542,29.816570,7.086223,11.475093
13.286691,9.117236,5.469323,18.114935,4.085590,3.236280
9.100561,6.581737,4.654291,25.053726,6.043458,11.222636
38.660347,25.015867,12.367073,37.533234,9.900150,24.780264
32.749874,21.969187,10.593421,7.902392,2.282554,21.225704
41.304539,22.650394,13.297522,26.591225,8.148705,12.391431
24.515898,11.989964,9.709649,25.110014,5.832896,11.660267
8.187908,5.575123,3.813959,9.357287,2.362861,1.188601
7.105280,5.063499,3.020236,10.077994,1.682927,4.494640
10.753510,8.032302,4.432652,16.442772,3.873818,3.963031
8.745065,6.125646,5.161827,67.063538,19.236605,3.888403
16.767540,11.751972,4.867354,20.806477,4.500870,4.109428
19.252758,12.777838,11.821839,44.322090,11.520041,23.944330
7.393479,5.197622,4.569029,30.677320,9.254181,13.396586
34.543224,21.977308,15.125733,36.293179,10.405726,17.305721
37.451145,23.989885,31.741451,121.193085,40.622368,50.829487
13.177505,9.598477,4.510684,11.245585,4.052622,12.799607
10.399564,7.299840,2.941959,12.460522,3.716985,0.848008
20.018904,13.678776,6.142842,14.526187,3.480576,22.409069
28.197996,19.164856,9.521261,26.227638,5.885254,8.250210
14.457153,10.114588,3.608594,13.225188,2.770905,8.867215
34.688126,23.627190,16.205652,70.463142,17.253445,30.980558
16.103991,10.844030,5.895406,19.309645,5.510468,1.956678
10.554438,7.259304,5.524037,15.015020,3.677457,13.601583
39.648464,24.200520,26.404892,64.913506,16.743862,22.380318
18.401058,12.805581,5.216516,24.294495,5.928883,36.952736
7.685706,5.677670,2.233513,9.184360,1.818404,0.273711
20.033670,13.909976,7.819669,48.945564,12.394322,4.906665
15.165334,6.326252,6.124780,27.954227,10.051301,29.998533
19.461094,12.308703,9.085302,50.182755,14.181903,46.978771
20.089113,13.386701,9.404859,32.731548,7.893269,16.246632
12.619261,8.631754,3.615684,16.401758,4.402865,27.984022
13.617805,9.257257,11.275065,72.953346,19.194843,14.134592
15.987253,11.123532,6.983740,27.256624,7.692235,3.565596
44.322731,27.971676,31.678806,88.753357,26.953819,177.594666
13.175981,8.816230,11.194613,45.195293,10.231457,14.916046
13.528870,9.387903,5.737731,38.730556,12.765548,3.540400
10.569899,7.321417,3.973199,9.776980,2.232032,2.398940
4.914671,3.903480,1.913019,11.743968,2.657866,1.095938
11.393865,7.602024,4.262644,14.362181,3.577484,1.897332
32.102566,20.895264,11.617252,40.315662,8.515121,7.788005
28.370741,19.129581,11.287152,46.061703,11.266652,11.431581
8.597985,5.795678,10.285399,34.917934,9.823649,12.970855
4.625612,3.317878,3.114247,35.112381,8.839221,9.984790
36.236729,23.987888,70.441513,230.505707,66.645935,102.491913
19.053188,12.764782,5.401056,46.426743,12.254324,4.373451
29.704178,20.409113,7.906362,16.274801,4.264110,3.980061
51.822250,29.418758,27.978727,104.717728,28.948616,147.398727
12.509068,7.772441,5.107313,12.067374,2.832636,4.479043
38.132217,24.423172,17.133371,70.876671,18.067516,7.255270
58.891071,32.900772,68.083061,214.030899,64.582817,174.698196
18.078901,12.271442,9.380923,49.566547,14.823500,4.834159
5.472119,3.802732,3.596559,10.913226,3.143777,4.913813
22.008656,15.199121,10.691319,43.971878,10.837910,25.881872
18.285681,12.610267,5.993752,23.129343,8.439610,25.337751
12.981316,8.758266,7.439418,57.914673,13.770217,4.167798
66.107254,38.023396,20.805696,97.159409,27.437405,45.349674
7.786535,5.294091,6.504500,23.251675,5.204125,10.115673
6.479970,4.622941,2.759372,13.643897,3.686463,2.835325
6.450170,4.521805,3.356874,22.807228,7.149136,13.418265
9.296880,6.300581,3.971419,20.385094,3.758510,6.270980
31.090752,21.705097,15.792599,43.492397,12.186069,9.036910
26.073692,10.280502,11.773596,36.745277,10.863161,41.291428
24.314026,10.174706,12.192177,40.135845,11.062328,36.420319
30.080170,20.824820,11.820127,36.512856,11.036736,54.673820
8.993688,6.644653,7.182974,5.612791,1.428857,11.176885
26.210320,17.676712,9.434189,29.114037,6.858751,2.453663
22.250568,15.103980,10.498354,20.567705,5.230512,9.872787
52.543324,32.438808,25.899889,72.796883,20.652245,94.012001
5.324186,3.717026,2.440555,11.482303,3.774307,0.568413
32.800201,17.510321,10.014866,34.221474,9.822501,12.500196
12.157948,8.625842,3.873168,17.013306,3.792869,18.664738
20.133936,14.356787,6.769982,18.466728,3.937135,2.926820
12.418194,8.665812,3.161471,18.728260,4.897970,7.603318
22.054865,14.841407,8.808753,29.526632,7.533031,6.063106
6.509208,4.873400,2.738544,7.342953,2.050070,7.140542
11.529504,7.612465,4.161541,14.272327,3.553623,13.042841
17.298937,11.594294,5.290388,50.036583,14.993133,5.339331
21.508434,12.732165,7.475276,43.623322,12.622495,10.230569
13.832303,6.707396,6.898365,41.071194,9.049368,4.148365
19.394255,13.074863,4.755020,73.745056,21.338926,6.383609
40.010979,23.154060,21.533966,59.484108,14.753940,30.188135
20.359800,14.051883,6.025328,35.835705,7.324506,0.979660
12.200607,8.846555,2.534743,36.327045,11.860274,3.215257
15.115180,10.279797,11.116769,30.835674,8.038331,10.193501
20.052242,13.380241,6.811498,22.535929,6.006361,21.907833
21.023735,14.509705,5.979403,10.829982,1.240910,4.426952
9.440578,6.209877,2.733011,24.930595,6.970763,5.258763
27.898930,18.076960,28.365456,140.193481,35.667240,40.840897
17.773886,12.625093,12.200158,42.444973,10.517060,30.494665
6.702258,4.575523,2.606672,16.228523,4.554600,9.239686
16.916729,11.543299,5.918325,30.104902,7.569646,18.766003
11.459435,7.599031,3.650532,8.183530,2.729246,1.583176
16.232735,11.209592,3.485221,22.124987,6.749987,7.157516
5.345295,3.673075,2.941043,31.173063,8.837736,19.598967
4.738784,3.302187,16.035763,108.535042,22.202808,37.179367
22.635183,15.328706,16.025269,60.753635,16.182068,40.802959
19.623755,13.364066,5.348860,15.435815,2.648944,4.259212
44.514622,28.779942,15.544557,61.160263,14.702596,90.893234
23.606882,15.961493,8.397691,26.233397,6.209898,15.122270
9.825915,6.736152,5.652972,12.953461,3.221874,6.243874
10.842989,7.997673,4.364580,9.547479,3.182863,15.760756
10.572567,7.592294,8.197971,22.463465,5.996870,21.363602
8.874073,6.504960,2.710813,15.118896,4.179797,4.722785
21.914640,14.691297,20.548571,94.860115,25.969910,14.356331
21.913679,15.061113,7.508857,21.686928,6.855501,14.995737
40.672012,25.882006,12.472631,29.210295,7.074557,28.464876
13.712914,7.627375,5.071332,22.767157,6.909554,3.446055
10.701856,5.194595,7.256291,45.022999,12.045906,2.934332
10.575178,7.337084,7.891345,29.174036,7.566823,34.642895
16.246767,11.352294,3.450259,25.404356,6.954515,15.060830
15.194586,10.772058,5.076471,4.551427,1.556372,6.679114
20.209351,13.333514,7.693225,20.471937,6.065013,16.917198
54.016907,35.491451,17.585155,59.035751,14.136551,16.163864
19.455679,13.434063,10.681117,31.133579,9.919062,67.487030
30.185390,13.317748,10.441559,39.938530,8.788759,5.226053
21.191607,14.642753,7.851333,24.228439,6.778072,25.699800
24.990635,16.793108,14.422175,47.453007,11.744397,32.401173
6.368150,4.682734,2.327984,51.899410,16.545256,3.130718
14.962762,10.198482,7.753001,44.946598,14.138410,3.242080
53.730694,33.349876,17.480013,55.864239,13.357079,5.046742
21.439314,14.766205,8.053325,15.074485,3.262121,7.452759
43.230270,27.000624,17.915384,39.710915,11.417954,42.376019
52.398113,28.958179,21.567585,90.909119,24.732712,17.169939
28.682226,12.949768,14.969114,81.107933,16.648113,11.054214
23.053232,15.441988,8.667133,20.838818,5.474707,5.773458
43.857216,27.679195,22.645622,43.801079,12.187530,45.891232
29.455645,14.339961,8.814253,41.953449,11.067920,11.118320
38.379967,22.181543,12.954816,41.510700,9.126028,11.163936
22.509512,15.371200,18.663774,54.885487,12.905256,59.783463
18.993055,12.946414,4.863605,34.170570,9.209592,3.562276
28.848162,17.162205,11.223001,15.304618,4.051870,8.381917
20.343849,12.469276,11.837379,16.021002,3.570312,7.161891
44.234043,28.060352,34.053272,112.904114,27.821854,31.787336
19.167656,12.811001,9.631969,49.234161,13.443470,37.624493
29.989210,20.826149,13.649318,28.178780,6.078725,3.984090
29.424387,18.492811,13.600500,39.660110,11.873708,13.893134
8.818845,6.049606,3.042421,3.776110,0.560494,6.036623
13.545056,8.896972,22.875814,114.326012,32.634937,134.014206
18.822985,13.238932,5.292236,22.426382,5.569321,10.877396
25.669615,17.288805,7.414564,27.762886,8.038081,26.480820
5.628324,3.811455,2.354460,9.408323,2.255762,3.710026
18.318741,12.703870,6.261415,17.386150,5.774645,30.797052
5.089431,3.722263,1.870740,13.386100,5.092093,8.651525
12.050946,8.228573,3.109463,19.237679,4.605019,6.850392
14.429540,10.192653,5.245744,28.367876,7.991050,31.369890
50.992134,24.760870,19.688364,61.274246,16.382553,19.233646
16.061199,7.099893,4.791242,44.582676,13.775706,6.660910
22.511862,14.873370,7.943223,40.670216,10.743716,5.976909
21.230339,14.962258,11.409620,53.665295,12.704349,10.350802
19.590666,13.658468,5.565487,43.478283,11.038774,21.049166
20.382988,13.775326,10.907189,46.767727,12.590662,8.822251
16.039473,11.078279,6.287327,32.504524,9.170764,1.742690
7.957830,5.783508,1.289816,30.241724,9.400196,1.882896
34.438934,22.937702,9.348617,55.424484,15.242720,6.122352
33.695190,22.980362,12.465834,26.857391,5.717450,6.033304
7.921412,5.455066,3.293347,6.327347,0.597202,2.380633
14.390517,9.634803,24.784153,64.509293,16.627565,35.384232
15.580071,10.662736,5.785197,24.709602,7.016515,34.346786
14.081825,10.070160,10.163670,17.290527,4.814118,10.973674
17.230276,11.858760,6.129040,46.978245,12.336362,8.225524
23.676323,15.695097,6.440012,26.282928,6.305109,26.144724
10.863910,6.851910,3.513814,15.254094,3.387598,5.724743
23.581570,16.248335,6.943848,25.701553,7.290867,2.935911
39.313713,24.469322,12.725410,62.068645,16.398579,22.309914
6.614904,4.594792,5.532122,28.080805,7.150229,8.192700
30.263979,20.450743,11.088679,42.789536,12.598171,12.245959
19.452665,12.925343,14.711225,52.698395,13.529108,10.221968
26.544687,18.238117,8.200087,26.296999,5.714399,6.183175
7.724890,5.720135,4.080553,17.634539,3.711658,9.069494
31.714670,21.747915,8.340432,21.624058,4.625547,9.364382
41.798492,27.918612,33.521477,83.718361,22.786978,43.757267
23.704866,16.462366,16.134472,74.379372,18.109358,12.240678
11.633753,8.107903,4.683866,11.946846,2.954546,3.652017
17.769999,12.390014,6.034021,33.524101,8.235526,3.464464
21.089977,14.074776,6.496661,24.250551,5.820218,14.613389
39.153374,22.404633,25.090235,62.212543,15.626872,96.747856
13.482796,9.730478,4.201910,9.857139,2.248442,1.044626
32.923088,22.003834,8.744732,72.325684,17.628645,5.098753
35.114357,22.906384,10.716379,34.283241,9.259616,16.374359
13.376477,8.908092,6.057804,20.327850,5.300894,30.643913
19.768938,13.495490,5.888134,20.322710,5.950632,4.233351
13.085661,8.975512,4.930348,14.599066,3.182956,17.968216
20.040155,13.629625,7.022413,39.288887,10.736389,2.615929
8.321006,5.967956,3.250963,10.964088,2.681617,0.759849
10.001849,7.297034,3.961375,16.656805,5.440577,5.154043
27.726465,17.941381,10.944272,26.022943,7.753145,30.700113
15.625136,10.534119,6.224161,17.158627,4.483547,4.018291
8.125740,5.355882,8.204454,26.947699,8.883674,38.778526
15.406396,10.812135,4.852034,16.375446,2.433358,5.322275
6.081833,4.154539,8.056458,53.665760,13.172110,11.440207
21.604078,12.048967,15.904872,44.273888,12.290668,17.710064
11.396906,8.261867,3.910670,22.394310,7.525855,12.777112
25.730230,16.382345,8.625694,22.580210,6.747275,12.403832
15.796724,10.271730,5.708029,13.129384,3.994664,5.719848
4.888425,3.457569,2.238765,18.765463,5.403986,4.589894
20.471230,13.769160,7.735903,24.897717,5.621384,3.303075
48.924835,30.837614,16.258217,57.908489,15.590933,52.516396
7.333762,5.424421,3.082891,13.614537,3.809038,7.583817
5.442001,3.694733,3.449801,2.966142,0.921760,0.299946
55.652225,33.833424,13.749779,57.615578,14.507337,13.242560
9.307149,5.106420,5.507519,26.624559,7.553422,5.207851
11.679997,8.266636,4.654053,25.944160,6.688609,14.052756
8.979214,6.264537,5.624976,9.082395,2.166780,1.855041
21.521381,14.555077,16.964108,35.083889,7.698802,11.960423
10.961165,7.866194,3.590122,14.344685,2.761258,4.884849
24.125973,16.362001,8.025102,23.662647,7.004585,12.136222
8.149237,5.805482,1.459314,31.422615,8.172515,14.425933
27.281281,18.469301,8.671293,29.606682,7.926131,20.889606
30.909721,20.060995,9.822486,32.547436,7.085625,13.439495
13.109172,9.000691,3.538394,13.280128,3.671309,10.514764
17.738083,12.105490,13.818682,113.822426,34.394386,93.634140
18.716068,12.655495,4.404232,25.390896,7.464603,13.973960
8.780120,6.029524,2.685842,14.568192,3.869213,8.404191
7.886981,4.952524,2.877936,17.684793,4.763845,10.839093
16.908978,11.323839,4.580883,20.471212,5.232121,5.822629
9.050360,6.321618,2.892058,18.372396,2.557806,0.906550
8.440243,6.211567,1.566599,12.202888,3.266818,1.426292
9.004981,6.534291,3.686500,14.894567,3.503253,1.745640
29.753632,19.706186,10.512293,21.893423,5.653137,12.821571
10.188154,6.895861,8.437178,28.246416,8.175833,29.572674
8.691484,6.066157,9.183782,22.669664,6.477626,18.575499
31.495602,20.669252,11.695092,34.144169,8.459210,16.399555
23.295736,16.405731,10.753207,44.277935,11.637492,3.764676
29.568758,20.492680,14.375858,36.122921,6.336382,5.995206
27.304850,18.237606,8.058461,33.364197,8.290709,4.913045
14.251236,10.128600,5.207384,13.952408,3.441862,4.548451
35.328087,23.222355,14.635297,67.995483,19.857624,44.894711
20.420328,14.206958,13.517777,28.036068,6.218338,5.676311
23.563583,15.296697,19.794281,89.041214,25.222605,13.859232
20.322420,13.541360,6.737040,14.006362,5.162233,20.676153
6.453094,4.452217,3.553450,11.581203,2.835751,0.683806
27.091949,18.433111,10.392681,24.566917,8.196403,25.277630
4.641598,3.032092,1.828796,14.882642,3.335864,8.712883
22.943962,15.544281,19.410301,43.490509,9.919506,27.966688
24.452105,15.907506,9.077227,45.521416,12.094626,7.878747
7.752760,5.616171,2.715257,16.083353,3.626544,8.966202
9.044966,6.716265,3.192762,67.136864,18.274755,3.539369
6.307055,4.842416,2.756005,18.947857,5.642686,2.408197
16.521646,11.446285,5.483794,40.892593,10.753236,2.979357
14.034106,9.785401,5.349775,24.039654,5.601299,5.950433
16.755901,9.970814,5.277805,47.981476,12.406727,5.799014
13.283139,6.796662,5.064910,22.431316,4.456525,9.521615
23.761551,15.535112,10.372617,22.174778,4.769192,8.331151
5.274226,3.995820,1.073057,17.806103,4.488180,9.890564
15.904833,10.671030,7.853317,22.529213,6.447170,35.673416
12.950952,8.405022,9.996305,32.157154,9.948634,57.680820
8.009656,5.618902,2.078210,7.616348,2.223545,7.126235
41.041058,25.630537,31.458099,84.382988,22.176001,19.872854
23.392258,16.167543,11.948837,46.352821,14.417611,34.889511
14.222263,9.651977,4.505796,11.635621,2.641173,2.742416
35.153309,22.719193,22.360706,61.343422,15.249220,17.243315
16.940182,11.055382,15.818102,146.398331,40.343693,25.114302
25.024393,17.054878,7.602208,21.611378,5.105926,5.083294
39.147614,25.232752,15.807208,48.427876,11.400272,29.673958
7.838342,5.651426,2.665922,15.397991,4.587124,12.969019
9.036765,6.470779,3.045203,11.715011,3.028966,3.936894
63.355991,38.782887,23.434258,92.809357,23.112368,23.788452
50.644501,24.222975,15.755214,67.512108,18.636099,41.033688
46.172276,24.290695,15.441480,68.249130,18.287613,40.636101
8.496647,5.799893,3.014325,12.152648,3.522365,11.830871
15.375524,10.601708,3.093576,17.697477,4.266277,1.474506
10.475195,7.210828,5.059733,29.752239,7.503292,20.938572
10.123744,7.180934,3.740482,14.996995,3.452832,5.430613
32.453350,21.849804,10.878838,52.131325,12.856609,7.887425
17.826122,11.423477,18.787319,60.471371,16.783978,57.605633
25.618965,17.450459,11.144415,69.866508,18.806618,6.411185
11.420867,8.148829,3.665224,18.133257,4.582897,3.923996
31.084808,18.788696,31.529009,184.395340,48.203953,45.925919
60.618114,26.055363,19.414156,94.752235,24.758307,18.210739
51.981026,28.227898,23.664845,91.123169,18.699671,14.091740
13.090786,9.280379,3.582071,11.335650,2.373757,26.930431
8.894976,6.164220,4.869622,6.655061,2.213921,0.680946
18.771448,13.053926,5.594092,67.813972,18.666988,14.974237
5.330723,3.943599,4.546544,36.192451,10.798426,4.250556
34.336514,22.473131,10.795413,44.683132,11.861975,41.424271
12.874278,8.935736,4.163657,12.217905,3.230003,7.890719
21.699795,14.516768,5.799734,37.063259,10.446157,9.986109
66.105942,29.937166,69.344727,205.379074,53.095528,211.251022
10.743479,7.604989,2.553710,9.804675,3.312747,3.821428
38.964554,25.745821,14.462954,46.635700,12.261765,11.191120
5.020137,3.552052,2.749393,9.104112,3.310985,5.000969
19.304258,13.466220,10.682297,65.637527,20.106234,48.374432
12.389832,7.045569,6.363142,38.382030,10.410429,3.143709
16.758392,11.786465,6.123132,23.152096,4.538407,3.426629
22.958595,14.695664,19.215271,45.843826,11.959116,49.606842
9.635132,6.684992,2.655575,16.803612,5.018734,2.040728
9.878152,6.638054,9.730624,84.990608,21.768927,9.452352
22.590900,15.108873,7.417454,39.518162,11.639212,6.247436
8.674018,5.964886,4.362698,12.232892,2.765765,9.808651
8.343472,6.041725,2.436389,24.499779,6.402306,8.951294
11.058026,7.963754,7.305420,39.932800,10.440818,1.626044
40.346672,18.892086,23.413607,105.189125,26.448872,27.119337
21.917725,14.252429,17.292891,68.960129,19.773535,112.353645
9.412587,6.274479,5.755207,5.300912,0.875883,10.474738
13.376011,9.175135,5.684565,17.733360,5.193753,1.838001
13.405138,9.513334,5.510357,6.564571,2.494776,0.172501
33.702751,21.414639,24.431761,94.314735,23.378662,41.784534
19.458353,13.295466,13.620709,61.019684,13.967086,15.818443
10.043038,7.273721,3.932535,15.242095,3.867110,4.138459
44.783165,29.351616,20.086132,59.389114,14.203275,12.954854
10.313018,7.188209,4.333888,39.588333,10.945069,1.197248
29.438305,20.133070,8.420504,32.474457,9.174340,30.723577
19.633060,13.377156,5.728243,23.264397,6.604702,4.111739
12.282609,8.612374,11.894284,23.039082,5.267040,2.491860
8.905759,5.982746,2.686045,12.919036,3.241728,13.614878
22.489061,15.629368,11.553304,51.004871,13.549620,10.431505
29.691629,19.673912,10.071647,28.324987,6.154472,25.131062
66.264984,34.090736,45.327473,146.492020,45.123489,148.425064
31.273209,20.198311,13.708667,50.885090,13.771139,76.825974
20.641102,13.254063,10.012017,53.989819,13.291139,7.580126
12.202600,8.519096,4.925716,9.877679,2.309183,3.096281
15.336876,10.792236,7.834249,40.422634,9.358358,4.969073
7.393920,4.877872,3.415185,8.327876,2.376022,2.247458
18.176270,12.391205,7.222605,22.786621,5.518459,4.971258
19.306728,13.612414,12.905381,31.230515,8.883560,8.236444
24.272999,16.279339,9.552202,29.505962,8.800714,47.198944
16.426889,10.885717,15.484671,61.367550,14.774187,7.886234
31.033155,20.330214,17.698395,72.963699,18.536510,51.362782
5.910528,4.244195,1.556696,12.409154,4.193480,2.686193
6.490549,4.754864,3.983413,34.902645,8.320964,4.737714
8.000867,5.628458,3.050670,3.599005,1.411704,1.154648
26.530632,17.691393,17.471516,62.509975,14.675903,12.016866
7.565835,5.331857,4.181145,9.892599,3.878329,23.096935
9.352741,6.533006,7.458338,67.376846,18.399815,2.469041
18.726089,12.962410,7.576663,20.937630,5.872046,13.006493
33.691711,22.920813,10.233587,58.536697,14.455373,7.286080
33.978069,22.150639,11.517005,54.247169,15.017530,43.143307
29.309546,19.005463,11.033292,46.016182,12.603709,47.303528
53.691284,27.453278,23.251493,58.808170,18.099298,49.622143
14.700732,10.600698,5.521520,11.171425,2.190423,4.712015
21.488890,14.437522,12.440525,30.790283,7.482208,8.554598
10.253916,7.349926,3.645178,15.262074,3.270854,1.290000
13.921078,9.887920,4.076353,27.861830,7.909446,5.157016
8.997375,6.432218,3.219177,49.994610,12.862248,3.363597
18.733343,13.185005,9.278034,46.331417,14.551523,34.251457
50.067997,31.747055,15.232811,99.729668,26.395632,10.843910
13.782952,9.820787,17.719166,38.835472,10.690989,57.886631
8.158982,6.127509,2.819500,12.840140,2.581561,1.183830
11.724586,8.023941,10.439051,41.594986,10.447265,11.050468
10.742056,7.117757,4.387090,47.623089,15.644900,27.368134
9.925098,7.124932,3.558627,16.418312,4.268576,1.317282
21.293121,14.599775,7.760731,21.014700,5.191342,9.402706
6.899806,4.909828,2.396069,14.998339,2.635231,1.083070
6.067542,4.557357,1.535428,6.485282,2.205365,5.866089
7.622615,5.341306,4.888152,13.301579,4.090495,1.051245
6.238722,4.462040,2.188321,12.618131,3.216533,12.908965
15.809280,10.262314,4.563951,18.608189,3.635670,8.049273
22.599672,11.158044,6.040727,53.100117,14.624506,4.290899
21.072762,11.152942,5.899265,52.378384,14.207500,3.454829
23.877649,16.495440,6.507121,32.421444,8.506341,4.407352
25.942591,14.985353,23.300776,118.504868,29.442162,20.340696
19.455801,12.416610,8.969723,46.683102,11.299205,4.466904
21.579792,15.069577,7.551486,22.008692,6.177238,24.876377
76.387634,41.086948,51.655910,127.352493,38.186077,171.758331
18.814852,13.039262,12.397109,41.960510,10.636856,15.329589
12.703383,8.947564,3.745846,15.559144,4.506193,5.037898
14.526746,9.957548,3.574242,43.977474,11.114435,8.195277
5.164817,3.897839,1.694890,5.995770,3.426633,15.007483
19.426352,13.705283,10.304317,31.664379,7.132880,15.264394
10.889386,7.897011,4.568623,10.825686,3.572727,31.809858
20.186447,13.460745,12.970654,86.560600,21.133593,5.877441
7.843655,5.608036,3.664055,52.756493,14.599389,2.934147
12.236717,8.653341,8.820420,32.399357,8.695666,33.117004
19.567717,13.344972,7.849148,26.043596,6.861987,7.844086
79.429070,45.128860,87.212112,259.825073,82.605614,317.211548
25.700874,17.365156,12.865683,39.416882,9.894243,25.831877
40.482151,24.483656,17.090298,93.551666,24.487673,12.082988
20.998596,13.956159,7.479570,19.449270,5.018276,22.141956
23.975492,16.653725,12.630150,63.784809,17.041054,9.733681
13.482484,9.138274,6.834048,19.538960,4.907116,8.694905
21.947626,15.011333,8.278114,26.685444,8.273507,12.786228
13.239972,9.123187,4.892374,24.254814,7.985713,7.896837
43.996311,26.043837,60.533047,200.608139,56.455830,168.271957
8.562680,5.876405,3.546207,10.837249,1.671771,1.964644
21.705690,15.732333,5.988773,43.770336,12.064690,7.050704
28.568008,17.823092,8.266061,50.672047,11.501590,8.083773
20.809809,13.931240,10.451461,33.800510,7.467739,5.239648
25.992802,18.047523,11.924681,35.558182,11.638580,20.154631
34.960480,23.207727,17.017723,41.626007,13.776552,113.229362
9.386314,6.675713,6.191621,17.670830,5.179163,2.158729
22.145229,14.912995,7.213531,16.967045,3.317055,7.415917
15.681185,11.124180,6.861603,12.141243,3.866663,1.814491
36.484402,23.959583,12.303600,32.138397,8.790741,8.478727
46.796089,26.236452,56.226223,365.605743,107.752441,96.314705
38.169315,17.703835,13.774923,36.630714,8.486930,9.351306
35.726849,17.613581,13.379836,45.343590,8.525654,9.045316
28.523691,18.236961,29.512524,83.779541,21.917212,56.112610
17.033068,11.471063,4.190281,32.265022,7.804005,13.569829
29.985691,20.770287,9.679407,26.445751,8.293157,5.068422
7.388134,5.281457,2.833066,10.595776,3.422179,22.455713
6.471079,4.718190,2.766229,14.562010,2.922558,3.355289
16.745184,11.389001,5.139555,34.625214,8.826836,8.055985
12.048575,8.502570,5.271289,8.931430,2.660754,4.842440
11.779363,8.236636,8.498922,29.639479,7.637610,11.375665
7.720893,5.058085,5.146739,15.409238,4.011563,6.846362
34.134628,22.603622,10.901500,30.432871,7.102529,1.082968
23.389730,16.224430,12.462867,30.287851,7.127506,39.846603
8.394680,5.871098,1.985397,14.508206,3.931634,4.937798
23.090107,15.625648,7.482720,41.077602,9.452825,2.416089
16.122786,11.203538,12.874422,25.540567,6.484753,42.569637
5.707040,3.972093,1.921286,18.323620,5.593103,6.665260
7.484030,5.156781,1.931854,11.274659,3.222753,12.032909
33.890236,22.778605,16.514538,53.206375,12.216636,10.880991
35.412201,21.655827,33.461979,115.668633,26.788784,18.271868
32.845016,22.237289,15.894446,27.389530,7.719747,8.974050
16.692602,11.708469,3.888204,21.066984,5.833282,10.861552
17.599163,11.905404,5.077557,56.385323,15.706858,5.194764
5.228970,3.775090,1.533368,11.859412,3.267589,3.426269
11.860517,8.339043,3.013720,13.732502,3.759070,10.606079
4.833930,3.497642,1.771299,1.263545,0.164641,2.638093
4.928481,3.617136,1.754300,10.387645,2.195312,3.654809
19.767738,13.805235,11.775061,35.421268,9.464814,59.920116
16.134592,10.806734,4.971474,12.911329,3.650432,2.245507
15.319479,10.225326,5.280564,31.829979,8.819929,8.933140
22.049902,15.072622,9.280334,41.673016,11.386715,38.312077
9.728159,6.768455,1.933974,15.971354,3.952441,1.534087
9.064186,6.426774,2.962279,10.348278,2.452450,11.730197
39.887695,26.508842,13.966548,66.316780,16.328671,10.337956
9.483252,6.577025,2.374997,18.002945,6.043097,6.212708
6.328289,4.298271,2.571116,12.161361,3.138391,4.435800
25.379509,17.144258,9.186399,5.518945,2.349451,2.984087
16.401873,10.934651,13.560210,46.277477,11.701436,45.905109
9.205231,6.190295,20.437901,95.878250,26.825848,49.169590
31.568562,21.556110,19.724752,113.543762,30.677475,73.459297
39.665966,25.390545,26.772774,65.225166,18.150867,26.882467
9.398069,6.706350,2.596894,20.240343,4.373531,4.113994
10.800626,7.751053,4.196671,13.562645,3.771343,1.450198
24.958570,16.761316,6.599291,30.312639,8.607708,27.305037
4.706611,3.256016,1.502421,12.080153,3.415361,3.651927
10.317245,7.481392,4.716245,20.949131,5.334530,3.730269
23.457808,15.676219,7.812768,32.371201,7.135675,6.222312
33.027126,20.524199,14.317515,57.744129,18.209837,25.771786
22.008638,15.160064,4.682544,29.487417,9.133335,27.364401
28.786118,12.158529,9.501939,48.016079,15.157522,25.619984
26.522993,11.811626,9.450898,48.761177,14.915567,21.251377
8.788315,6.000733,4.337307,9.638748,1.520289,10.623940
16.548954,11.323381,4.247034,27.998209,7.816960,1.868313
14.296287,9.763995,4.753206,10.473904,3.229115,3.733265
15.841726,10.827045,5.950740,13.040396,4.030032,21.754343
15.931684,11.089463,6.081031,28.031391,6.434583,2.762073
9.303714,6.576720,9.505767,79.121529,19.819252,9.428753
10.848140,7.841125,9.221812,37.990665,9.710901,4.960508
29.699352,20.044209,8.007458,39.255779,8.706943,6.203670
86.869568,41.985527,37.532166,93.006752,26.078051,35.681362
71.548897,39.784668,30.944159,82.559296,20.257895,24.002142
8.740873,6.324555,6.818188,34.527561,9.833969,24.718491
30.802677,20.937258,13.766678,32.176743,9.304932,41.017834
33.468353,21.541176,9.171385,47.122883,14.853059,38.761089
25.013744,16.154171,17.011492,58.813309,17.386948,93.205994
36.097378,24.058167,11.019011,20.421551,7.505004,49.751381
35.243866,23.925322,11.555231,33.624443,8.566457,30.719563
51.101711,31.613804,33.648582,106.002251,28.652582,98.980690
37.696663,23.959801,21.314693,81.535019,20.481215,21.163433
14.891669,10.284872,9.560470,37.267838,11.219676,30.638968
6.243348,4.484479,1.150589,6.005698,1.782920,2.764979
35.194038,23.763521,16.365269,28.860123,6.709924,8.209620
21.763639,15.018126,6.144114,23.637098,7.177396,5.231806
28.307358,18.864620,10.238034,53.756344,12.479524,9.829489
31.412039,21.429899,9.871800,56.155518,15.122239,27.719261
14.495925,10.041850,4.183506,10.014398,1.408083,2.800034
32.410034,20.837576,13.477395,75.817169,20.398891,10.327436
13.290310,8.952885,5.005907,12.480887,3.587512,1.504459
11.515846,7.753088,4.104146,17.917225,6.089355,1.264433
15.796865,11.173209,5.242013,20.363718,6.261862,3.542557
11.667371,8.185724,4.709316,13.194624,3.273469,2.143656
29.487623,19.204178,8.570072,22.935431,7.114255,11.551270
5.100019,3.397179,2.118871,15.534598,4.339065,11.488921
17.077717,11.760522,9.360163,50.879166,11.880443,5.380013
8.684229,6.260086,3.313170,7.493805,3.292075,5.560119
17.927649,12.478940,6.411855,22.180258,5.666049,23.522505
16.864449,11.609520,5.415999,26.043297,5.407679,3.687227
19.156950,13.187834,8.819001,43.799587,11.801276,9.631971
28.183981,18.990131,21.214294,87.450798,20.474621,16.896353
33.802292,22.495134,15.112489,22.309057,4.569050,16.000212
18.452391,12.855091,5.343129,12.463450,2.759090,4.808414
5.874391,4.215767,3.322149,10.970605,2.340269,5.430723
36.727512,23.434822,44.043213,189.315842,51.975605,99.900688
7.330005,5.191730,3.081614,11.333838,3.369058,1.712546
12.644654,8.601106,3.963336,13.850136,4.834452,2.458065
21.751328,15.225990,9.337599,9.750380,1.351005,2.097343
26.652069,17.086613,31.558956,127.020355,32.638802,29.987581
12.537938,8.761497,5.004105,20.700390,5.455049,4.567863
24.253120,15.805471,8.540490,21.200838,6.151086,4.041936
30.593588,20.276567,11.432689,37.017368,9.398809,6.051437
28.381102,19.494469,8.426446,24.927568,7.238351,20.740402
36.619278,25.030121,9.955389,35.498264,9.824663,10.937339
27.945484,18.714882,7.119017,35.214779,7.694041,3.758534
41.378731,26.097071,20.048483,93.719246,25.455833,89.268028
6.175861,4.283057,1.481583,16.827829,4.583090,10.746094
27.328377,17.832687,14.902535,59.566586,18.471924,86.861427
10.290404,7.380504,3.011480,15.855556,5.186672,4.108935
11.896282,8.134679,5.890015,20.454878,4.867620,5.350737
16.094463,11.212611,6.394893,11.147120,4.171243,24.950888
9.794976,7.247592,3.456637,19.445597,5.336804,6.723794
58.079865,26.169102,18.965904,61.776852,16.144154,26.006063
56.640385,26.201666,18.789272,64.032745,16.478102,24.723297
16.400772,11.886548,3.998058,21.452467,4.921701,5.556985
13.847710,9.485712,6.546648,19.300522,4.946166,4.075193
21.587488,14.316613,16.552637,85.368584,25.864916,113.993759
7.722537,5.467782,3.114527,17.118486,4.863957,4.960761
8.748668,6.113562,3.502637,11.323144,2.672934,1.753274
5.597197,4.108347,2.499238,10.467557,2.662215,0.672115
32.391224,21.006630,29.086477,101.447403,26.263786,22.955107
8.156293,5.593153,3.372240,9.623449,1.298188,13.824875
26.958410,18.852707,8.694303,34.314884,9.569939,4.003347
6.821789,4.743635,3.181701,7.583005,2.151240,7.065295
21.920374,15.184804,6.780029,15.617137,1.537451,4.319123
28.996939,19.600958,13.502032,32.289909,9.706234,71.293480
44.528164,28.486275,15.628653,49.126667,11.035616,16.418354
22.308445,14.699902,17.905609,47.415550,10.796420,10.739062
13.582524,9.567101,3.512861,26.747324,7.952714,1.054020
30.889509,20.026773,8.326701,20.424852,5.474548,20.106421
8.332416,5.877436,4.007306,26.987301,8.895013,0.874786
16.136314,10.920306,9.273593,21.478439,6.795968,12.664145
23.434839,15.650732,12.698301,32.909336,8.993643,22.668114
27.761776,18.284821,6.696425,48.994553,12.333029,6.992638
20.396847,13.460296,21.815802,137.010468,38.156178,18.553083
8.317777,5.933544,1.811753,30.117239,7.088109,7.122327
9.838531,7.050961,4.415976,14.091376,2.893224,2.673019
10.344419,7.430995,9.566248,65.828903,20.473885,15.344365
29.432629,19.567236,16.715708,55.387310,14.275776,45.120522
59.634998,29.948923,52.335171,162.363495,42.499573,58.855118
10.111382,7.018682,2.857640,17.825422,4.444877,7.834374
13.994544,10.080971,4.087384,20.893305,5.833116,2.825830
29.961805,19.707712,8.885391,22.072525,6.620676,8.251488
21.048922,13.971398,8.877146,48.510143,12.997920,5.062719
13.298056,9.267578,9.925836,51.673794,13.076017,14.313665
7.142005,5.359534,2.661391,11.465069,2.968008,5.471163
51.312626,31.907660,14.616900,42.105011,11.035868,8.811722
15.228997,10.233321,9.419008,77.903809,18.062349,15.621259
7.647155,5.628472,4.431499,30.675024,8.598218,3.364549
28.373449,19.594137,5.325977,35.022190,8.887062,24.705725
29.356369,17.703255,9.876904,39.274246,9.420738,11.191970
15.545315,10.390198,5.000423,30.183994,6.777105,16.532614
14.600394,10.606626,4.695462,11.467062,1.877465,2.333572
10.856725,7.393029,3.950953,5.512936,1.781504,9.332396
10.789720,7.605443,5.190674,19.878807,5.805635,3.680540
10.153633,7.278449,4.333364,19.067541,4.734921,9.412349
12.673772,8.962425,3.723930,23.484169,5.348307,5.719893
11.796147,8.126060,4.204786,19.664085,5.024432,2.648965
24.027905,15.868403,9.608537,34.557350,10.393838,5.978397
18.948101,13.094589,10.722215,72.546913,19.304213,32.739067
29.156097,14.278172,12.920151,61.498878,17.407343,83.444115
17.885715,10.036412,18.628048,60.877365,15.268241,51.850304
33.458359,22.638973,11.807581,50.679138,13.117059,17.437683
6.069654,4.415660,1.342092,5.880402,1.659579,3.316516
5.726387,4.083736,1.850019,10.621082,2.827091,18.835646
9.318377,6.569637,3.293294,6.960312,2.507861,20.770054
20.814039,14.511970,8.296180,24.580397,6.280491,5.518626
16.079077,8.485805,5.763529,16.432337,4.632864,4.371068
16.820745,11.707812,5.768772,27.987385,7.005575,6.644795
25.155375,16.700520,9.542934,30.015587,7.588989,25.591915
7.145197,5.196841,4.180223,18.809057,4.699190,19.680023
14.093439,10.104137,5.225274,17.009327,4.566031,3.682033
9.186180,6.733094,4.274820,38.177174,9.671275,4.416287
24.086868,16.409454,8.095000,30.277222,7.786853,3.152927
17.638571,11.914551,3.993234,30.676723,9.065491,4.642421
9.188546,6.395029,3.549696,17.933144,5.010985,4.773980
15.811883,11.031960,16.875448,37.933975,8.202031,5.156323
9.722704,6.613549,3.840594,14.661708,4.129959,9.543131
5.509809,3.940806,2.725638,10.569036,2.432634,1.100585
10.257802,7.238241,3.329432,12.792126,3.927294,1.739027
12.009340,8.029299,4.367475,40.682720,9.945297,5.177187
21.818161,15.553054,7.373374,41.803253,10.405334,10.367260
34.291737,22.340082,12.148417,55.393051,15.516549,32.299759
27.961542,18.782368,10.469855,23.247532,4.145481,3.961167
28.230387,16.885841,15.849022,66.381020,17.116867,9.815921
18.012794,10.746587,15.206454,57.819271,13.542851,8.729673
20.319025,13.857431,7.611404,48.123547,11.706127,5.271965
23.733858,16.071962,7.528271,19.205574,5.924819,25.694725
14.030445,9.276236,19.840742,51.404068,14.603425,54.163380
31.927000,21.664621,12.706834,41.960594,8.969466,4.572762
11.489489,8.322618,5.058924,4.482451,0.775095,2.339670
25.345783,16.001881,19.955561,55.530056,15.016695,42.360226
36.881691,15.634388,12.231588,44.352753,11.439959,12.902717
31.200367,12.444118,11.246581,45.770905,10.560686,8.588221
27.335161,18.635538,5.493270,32.535358,8.479448,13.710592
19.442312,12.857923,26.638262,75.623123,22.762201,47.065338
12.022721,8.603570,2.291662,7.077851,2.151580,3.110025
16.869350,11.484095,16.043308,31.447672,8.153646,6.729975
20.012922,14.161517,7.358527,17.494120,4.766279,7.312646
51.644127,32.416279,36.604275,130.174118,36.365147,43.575455
42.579494,24.152897,29.427486,99.746544,29.796190,104.704529
29.213078,18.675657,10.007273,35.316322,9.278032,9.213857
32.426460,12.791942,13.130027,63.119629,18.064653,14.409896
32.005215,12.977045,14.651691,66.628784,17.799149,14.260629
6.297817,4.843285,3.117472,8.093415,3.115776,0.866627
20.171803,13.921490,9.309474,34.530087,8.632788,27.164476
30.845669,20.446877,12.898595,57.555611,15.213874,104.554939
12.546530,8.903790,5.188057,8.960226,2.224941,5.408198
41.410645,26.481012,14.314178,48.681274,11.319701,3.670322
27.950171,18.536142,21.870314,109.280067,29.722918,33.178398
4.945799,3.632802,1.834019,26.122782,8.365095,1.757774
12.528156,8.879846,4.684487,17.342499,4.746129,3.095998
24.712454,16.807039,12.836813,63.465172,14.294469,11.331118
19.623301,13.427279,7.226061,38.154297,10.027914,36.781517
14.956132,10.610809,4.985444,37.843071,8.618974,4.964615
9.988454,7.063612,2.698957,16.289782,3.744632,2.289300
11.920722,8.610702,15.991715,45.947590,10.346563,7.524065
20.073008,13.649781,7.621129,14.568149,2.962842,1.998059
9.319126,6.297499,2.884497,22.487829,6.079925,1.850277
7.479269,5.520964,2.844481,10.991315,2.527741,1.815919
7.346969,5.181624,2.178010,18.703163,5.314877,9.266779
12.222588,8.539359,4.123014,21.972746,5.163146,3.465237
8.744602,5.913349,3.179646,28.618040,6.995742,13.785085
13.262218,9.413172,4.498433,21.102442,5.958560,3.056093
14.679482,10.097233,4.505691,14.627471,3.807681,4.776376
18.600504,12.567825,7.125084,16.499254,4.313397,3.457867
13.810440,9.717397,4.421874,21.247730,7.679152,2.514081
22.028479,14.810503,7.400886,21.806368,5.126001,4.923895
11.982539,8.221271,4.202963,24.319372,6.855186,4.499472
7.565751,5.237173,3.265808,12.017082,3.529532,11.532042
17.752169,12.597632,7.112759,12.601592,4.771726,22.620422
11.751389,8.225407,6.651051,17.307127,3.635482,11.214605
31.416904,20.231644,11.137841,36.432877,9.518690,7.682757
5.742774,4.010243,3.320519,17.056934,3.868808,1.634566
29.886047,20.332911,10.511697,28.207596,6.184160,7.506325
35.296165,23.568958,18.441730,76.553207,18.589724,45.688034
18.493027,13.152991,7.476310,10.039232,2.165485,3.306510
33.178326,23.216959,12.758426,57.420582,14.583292,10.645783
13.808232,10.095570,4.265569,13.796537,2.610305,2.217580
32.835613,21.450312,10.936293,60.479546,15.296844,5.615118
47.259144,31.454372,17.184565,42.705284,8.778605,11.171735
25.626019,17.478498,10.908689,45.535336,11.549006,22.736652
14.489375,10.167225,8.893442,22.179300,6.143849,4.312961
21.946148,14.797773,10.578343,12.598178,3.825035,9.928366
23.555841,15.722181,6.856429,23.962370,6.945472,7.158783
7.337173,5.188844,3.568377,10.701761,3.654651,13.163026
22.612427,15.667142,7.830866,78.327026,25.092052,6.072149
11.844181,8.658020,12.582044,33.051365,9.655212,4.489038
10.536330,7.618987,4.390355,9.660321,2.482970,7.169257
10.739189,7.571934,4.384219,24.441772,5.825873,2.236075
24.200686,12.802992,26.560837,97.297623,26.657412,24.282936
43.246365,24.128229,27.823271,108.309364,24.929667,26.835737
28.112694,19.277216,22.720293,74.305252,17.479776,18.825804
12.579728,8.849221,10.243668,16.006468,4.424478,5.362982
10.521473,7.152396,2.026448,6.878430,1.462348,6.225451
44.511307,27.517418,23.774389,76.242287,19.727594,80.871452
9.038418,6.160926,2.549800,10.104626,2.699936,5.105583
12.811303,8.902941,5.029224,16.970081,4.227176,2.168983
6.656533,5.062218,3.551730,18.596146,3.767121,0.613211
9.190196,6.291559,4.038668,10.139929,2.302238,10.548407
16.137495,10.892737,4.644044,72.609436,19.954060,3.283533
11.513566,7.578477,2.512422,20.501602,3.467719,4.526999
9.399548,6.517410,3.691968,17.301256,5.468312,2.721142
20.744595,14.533255,6.234046,7.370047,2.079512,18.134531
27.920321,17.617043,19.118086,52.710457,13.365015,7.882334
19.964298,14.283826,8.958009,40.066235,11.587531,69.964470
16.863705,11.454828,6.598097,33.780636,9.923274,5.562450
41.266663,27.886417,10.697709,66.031578,18.503641,9.175884
22.359131,15.558020,7.655557,33.764111,8.448844,3.161208
33.505955,21.156803,25.352119,62.255264,17.976809,89.920822
47.086433,29.419943,15.675828,72.465164,18.451599,29.303045
19.859772,13.203962,7.019251,16.955080,3.923666,5.965806
31.677019,20.842178,17.812077,46.027214,10.701055,10.687133
13.391353,9.365917,4.290887,9.928099,3.875269,2.141530
10.183138,7.084896,4.443151,9.001979,2.930781,1.929908
39.979908,27.017618,11.674033,47.157051,12.595990,32.193691
40.326046,21.010618,23.762619,45.240204,11.654289,10.634606
36.034737,21.063553,21.838057,46.222820,10.450487,7.626559
31.529795,20.964428,10.668214,23.825584,5.063335,6.501046
31.495537,16.808781,7.002462,25.443947,7.899055,18.533459
28.984877,19.647051,6.750641,23.309916,5.076080,4.189723
8.329378,5.607555,9.250250,23.627167,5.437452,4.373037
7.663836,4.462878,3.323834,16.403492,4.650460,7.039276
6.206757,4.448779,1.544843,6.741737,3.084767,3.391622
9.751068,7.060265,3.013757,10.895537,2.920913,2.131565
20.452551,14.164468,8.156064,40.225971,10.655916,32.087654
18.092937,12.368821,20.091570,103.143532,26.255087,16.417324
20.336071,13.747552,8.045798,33.550049,7.822839,7.856113
42.179600,26.437532,17.924706,66.845932,17.728872,20.406391
35.757614,23.470123,16.459387,45.486942,11.247576,14.081292
46.199028,30.677732,15.090825,113.410416,30.954119,13.348363
27.179979,17.024483,16.260534,71.897804,16.693056,22.675264
37.883106,20.236902,13.792740,34.086117,9.650979,52.536438
18.977821,12.577335,24.743561,120.760674,36.266628,161.655884
23.026127,15.558530,13.546560,33.503971,8.316978,11.828528
8.958491,6.270982,3.791549,16.656466,3.926798,10.533292
8.183227,5.944192,3.243780,13.337459,3.074291,10.523026
67.370033,27.249060,19.617107,66.290993,18.927599,41.921867
42.219269,26.798323,19.605421,109.056755,34.635658,22.297722
39.184650,23.602158,16.840611,98.770302,23.306067,8.687790
11.508349,8.063392,4.546021,19.841745,5.054044,3.364737
8.470177,5.873250,4.540421,4.514982,1.695433,1.374538
32.148365,21.208738,8.369578,41.857132,10.215888,6.471513
13.463531,9.691034,5.033245,7.118236,1.459255,3.943360
31.726927,20.591572,19.472267,105.631760,26.870834,19.173462
12.832000,8.968117,4.942884,24.744463,7.608461,8.739313
34.170231,22.592390,9.783510,52.668461,13.128533,3.487593
8.391233,6.119158,2.252776,30.258736,9.211904,3.236625
27.661949,19.419451,12.024361,44.780621,11.570628,8.361280
19.920372,13.159712,3.778649,9.620461,0.884114,6.882581
6.495338,4.724074,2.335433,5.771869,2.119842,6.026378
14.472298,10.457826,7.052436,22.269655,5.597627,37.962517
23.854330,16.066978,5.424178,14.432877,4.269084,8.876683
27.783203,18.784344,8.873792,29.074564,6.804310,3.029811
26.248116,14.194938,11.571478,55.406178,15.448249,42.730316
22.945417,11.523545,13.102164,118.939545,32.002270,99.971718
26.127821,17.421925,14.476899,74.519447,14.365393,17.012009
14.086212,9.985084,5.006641,27.272722,8.119426,3.953022
6.593353,4.604006,2.528352,14.061241,4.739297,2.155793
16.112696,11.397817,7.454158,20.513128,4.547559,18.178602
77.194778,46.534153,61.424065,128.692535,31.051989,53.290329
37.294048,25.101271,9.919075,39.321575,8.342332,4.211067
44.975578,28.171402,31.519726,173.422165,40.866402,27.240486
28.707037,19.642365,10.806711,43.319412,12.329659,7.808366
22.234497,14.980207,8.534509,44.710911,12.551265,9.821201
25.998104,17.530182,10.495664,19.560516,4.360706,5.545097
10.692274,7.693125,3.628339,89.348289,25.690197,3.641641
8.908082,6.458571,5.399341,52.288857,15.191733,10.217051
14.714202,10.289694,5.342687,20.445723,4.780658,5.428690
26.482252,18.480738,10.699894,30.137421,7.709034,11.152605
20.159859,9.547929,7.642233,31.558714,7.974397,28.568661
18.606138,9.662799,7.516506,34.866714,8.449705,28.418474
15.159065,10.499651,4.019553,32.790100,9.743845,2.512861
12.962669,8.717305,5.524887,17.442780,4.543071,18.621466
19.224503,13.308172,11.269017,23.093782,7.197486,28.153009
14.832769,10.577777,7.838828,47.835514,13.304783,18.261370
15.852457,10.892368,7.882936,20.459042,5.482199,14.920861
17.079407,11.629955,6.670822,20.073219,7.691857,36.943481
27.514997,18.531010,9.385017,21.648531,6.724523,11.783678
25.965704,16.947298,14.078074,48.153900,13.531923,42.272278
17.816814,12.590467,5.402907,50.622250,13.378740,4.289014
29.882154,20.314230,8.904893,40.426292,10.094072,18.329771
31.011745,20.891159,9.242198,26.544367,7.597446,29.695583
13.731930,9.532884,6.098700,23.901772,5.779532,6.394118
30.687347,20.177984,11.976888,40.247326,12.254375,33.205482
18.143808,12.605597,5.695891,32.692421,8.415963,11.804228
5.273722,3.843366,1.944768,16.822229,3.954684,3.255235
8.183134,5.995916,5.554857,46.302818,13.010088,31.585642
19.954472,13.532099,7.519314,17.030500,4.029115,9.443463
44.300285,28.140656,16.471779,68.438065,19.652689,41.747021
81.820107,45.989548,62.601685,201.744858,55.562721,208.981354
16.105049,11.207055,5.967868,85.608437,24.029436,9.600080
50.953728,27.052532,36.866680,107.982132,29.478662,111.377434
16.359659,10.764540,4.156424,34.702160,10.516173,10.389666
39.036404,25.466484,15.572908,59.118443,14.964240,57.220844
19.022007,12.986871,8.651397,26.757439,7.926919,19.121098
28.494768,18.595018,24.323074,86.516678,19.458204,20.039886
12.710363,9.108743,4.545090,10.087311,2.667884,0.924234
24.448929,16.418076,34.687561,132.379211,38.545834,55.381783
8.118108,5.946431,3.869303,14.949529,4.506598,1.242257
15.036917,10.265534,19.469763,59.515396,17.516098,87.952019
10.276264,7.336361,3.747396,14.260315,3.698051,1.794330
18.160612,12.586820,7.049241,24.081261,5.806799,23.290993
22.233717,13.341264,10.411168,34.910400,12.523147,79.475471
13.244985,7.080515,7.397113,40.692341,9.529573,19.704222
33.020927,22.568348,8.027399,60.205330,13.181159,12.494408
13.690228,9.727744,3.991437,9.516974,3.233121,5.711852
19.216568,13.443984,14.061425,64.600014,16.632839,5.851329
22.056482,15.188042,3.801162,27.957676,6.652737,8.822850
37.713074,24.406860,8.662146,103.409332,28.564714,8.536954
32.486385,21.127802,12.563486,18.668159,5.429527,15.135554
29.541033,20.214308,14.735942,51.968483,12.821000,6.752372
18.851597,13.083670,6.795298,16.793755,4.237798,6.190958
14.497166,9.944363,3.682786,33.452751,10.147527,31.259916
18.648167,12.868597,3.223084,26.013109,5.166014,2.605599
5.127076,3.740810,1.784495,7.030576,3.285038,2.386053
47.484024,31.754303,12.883114,51.641186,11.062693,13.087348
16.650095,11.459686,4.955807,23.239012,7.057456,3.665735
7.357469,5.226036,2.980864,2.081247,0.429038,1.591133
5.680611,3.975928,12.496053,46.215683,13.476836,25.921612
21.099796,14.192402,20.244265,68.272812,17.882374,14.433407
15.564842,10.691940,9.757595,9.474760,2.159624,5.773776
25.074789,14.020741,16.949177,63.954102,17.386936,12.005839
10.525634,7.409856,4.188942,8.878482,2.172096,2.590353
16.735035,11.743159,5.365687,22.060677,6.053436,3.107568
25.628439,17.280653,9.873084,51.646164,12.288439,3.603992
5.658282,4.138302,2.103687,3.064753,0.908623,2.396503
22.294758,15.066872,7.560853,27.974806,6.648057,16.161558
17.987196,11.670106,14.031285,65.833717,17.496119,13.577630
31.520836,21.406401,8.560860,33.108063,8.372322,14.630707
10.671746,7.328593,4.024436,10.246068,3.658651,8.581326
7.584362,5.385309,3.086664,18.877108,4.195024,18.343243
31.939432,21.007404,9.454094,38.058414,10.148943,9.020411
36.888844,23.878942,13.834539,44.151917,11.124581,11.286442
25.460941,17.270741,12.842371,46.776752,11.628245,9.862657
27.342838,18.845173,8.174030,25.433044,7.975573,30.147987
9.074817,6.564085,7.223291,37.643135,11.275255,13.448050
13.559036,9.690481,13.193179,55.191238,13.280059,4.069082
11.904196,8.398143,3.940654,12.820682,2.957261,4.016608
17.342882,11.687860,6.100296,33.050861,9.664353,29.102535
33.901596,21.659994,12.162214,23.597738,6.107313,6.918030
27.800600,18.813850,5.794060,38.559570,11.204720,3.620909
10.975494,7.649749,10.505669,32.425644,9.419062,50.612366
44.379528,27.750717,57.204056,208.930038,59.087337,235.026276
29.103477,18.983057,26.068598,79.965866,20.365515,79.976196
24.187107,16.317486,12.197474,43.601768,12.592509,46.649536
24.530378,16.382116,8.615583,23.488653,7.346875,28.816660
14.061025,9.679470,3.007049,43.886276,10.033480,17.266087
6.152332,4.485576,2.892625,18.488705,4.007684,3.630116
21.334127,13.373938,33.548096,78.982674,23.836464,127.635796
18.994772,13.000355,12.025330,63.795589,14.775393,5.263637
22.686705,15.569435,7.805016,27.608770,8.587659,5.179342
11.651865,8.224729,2.144497,5.817088,2.315979,3.391430
5.478622,4.072947,2.274301,10.021720,1.937733,11.143569
21.716862,14.707058,15.395462,35.836864,8.920026,6.379289
37.242737,24.207338,29.134333,70.161720,22.411772,109.876099
34.680016,20.675743,41.664425,149.695633,41.172058,64.924217
15.000682,10.708726,4.545694,12.969700,3.835681,2.147139
16.134619,8.614928,7.957190,25.832119,8.118248,12.369105
29.469576,18.297338,39.459148,206.535873,53.877117,22.101030
19.866064,13.737176,5.903151,19.269838,5.371724,1.703920
40.755642,26.774048,12.549597,32.495411,8.413822,35.959930
10.663466,7.277938,3.423747,15.130778,5.041086,1.600944
19.228367,13.269204,17.131975,68.536377,15.863810,8.338414
47.724297,29.520462,17.046190,51.784672,12.706674,11.481807
10.517878,7.742389,5.964862,48.850075,13.120561,3.364551
13.056527,9.125916,3.728834,8.187994,1.291172,1.456896
21.289700,14.698089,7.760866,18.935001,4.747657,2.553584
27.132885,18.495264,9.528538,38.404789,9.771827,2.976542
6.519326,4.952318,3.222282,10.432302,3.317934,4.172255
94.643700,33.873486,81.901093,199.039627,62.899223,244.662567
92.859558,33.846558,78.264961,220.387634,61.090778,216.469681
24.620548,17.005079,8.347757,21.592546,5.841917,6.078549
5.172574,4.017144,1.704475,15.828256,3.549103,6.057736
12.510258,8.770918,5.627656,15.776230,3.374959,24.383650
9.294226,6.457141,4.865438,24.796452,6.091025,2.367285
5.806554,3.937960,2.159326,8.884494,2.715226,2.051088
15.633859,6.741301,5.997893,34.197083,9.583426,24.433796
16.713631,7.064039,6.926301,26.626143,7.343787,12.764509
13.215006,8.341505,5.858600,34.086548,11.763672,15.996630
8.404872,5.783895,3.703531,11.300058,2.489367,1.419873
15.885908,10.983917,5.658483,18.357224,5.296797,7.663306
30.688280,19.727261,11.847396,26.853491,7.482370,41.030193
14.069308,9.774157,6.187377,21.889027,5.789712,15.029148
30.136368,20.455170,19.223753,50.923550,14.079019,39.625553
5.510186,3.672728,3.144333,15.054641,4.321172,0.971828
78.700958,28.693123,45.778690,248.458221,72.097046,74.858841
69.301842,28.600252,46.467190,248.695755,63.175888,74.875084
31.418324,20.412390,14.711495,56.301704,13.910218,13.537840
36.637291,24.661421,13.008282,43.335804,11.413468,49.207424
6.084119,4.070853,1.730282,13.379772,2.457064,24.837267
20.930090,13.507968,7.108180,51.580257,10.679229,8.119794
9.368392,6.645778,10.392207,25.107410,7.120022,16.848104
7.501169,5.328904,3.529384,7.700215,2.881829,13.776337
11.881513,8.115021,4.832613,15.008444,3.291438,4.222559
15.989004,10.965900,4.778076,21.232042,5.865372,1.985442
16.834148,11.806270,13.788229,52.478199,13.951691,13.785922
29.321409,19.859257,18.998735,44.397472,11.226901,66.158539
19.117563,13.244040,9.915694,51.524925,12.895984,10.262323
51.022152,29.290794,19.139240,100.806244,26.521006,59.895851
17.061234,11.394537,8.752094,26.140520,6.694219,9.549986
20.910418,9.555005,5.824716,49.862480,15.003212,3.834843
22.393257,13.882326,9.395470,38.494106,8.646048,2.708499
13.410816,9.368736,4.925943,54.329315,14.020566,33.332493
19.066328,13.186178,6.665082,23.184526,7.166925,12.466151
13.172092,9.241646,5.063436,13.749205,2.922134,2.595741
8.885403,6.190403,2.363163,10.529111,3.550223,2.256542
40.363434,26.862892,36.071213,77.008018,20.313837,34.387600
16.548359,11.196649,5.380149,40.394382,12.563084,21.923723
43.253967,21.960093,12.933290,46.142300,10.094929,9.212738
19.973860,12.899033,16.841192,115.364487,29.136257,13.525691
26.571695,17.907562,9.025594,24.192509,6.384874,8.177373
18.728344,12.494954,9.025484,44.200325,12.504690,3.902504
10.263980,7.105257,3.974567,8.662953,2.393924,20.575600
11.948574,8.078345,3.607107,9.368230,2.674309,1.516112
19.547678,13.189027,5.402955,26.230143,6.299174,22.809258
15.309220,10.141786,8.166082,63.477077,17.798018,30.987700
17.308989,11.813960,5.691668,33.940159,8.603082,3.034308
11.243144,7.628733,4.959091,33.336159,7.653912,31.460878
8.435115,5.775909,6.934052,14.854225,5.124507,4.038863
4.740715,3.437322,2.973667,15.342324,3.231673,1.807495
10.894244,7.694922,4.377249,11.997022,3.554895,1.946515
14.007861,9.410566,5.014301,17.886274,4.898276,18.955008
5.855504,3.718423,2.742985,11.265328,2.304489,7.486618
11.948586,8.236870,4.082525,14.113791,3.544441,2.937899
27.774969,17.669483,20.310427,64.684387,18.283318,35.524246
50.183270,28.714537,46.025848,111.721870,25.905069,30.793062
8.228877,6.253393,2.794901,8.894583,4.112338,8.828154
23.776075,15.908671,9.947124,34.485977,9.032905,7.990675
54.440132,34.144245,18.690170,88.587616,23.918705,30.424793
28.266619,18.676500,24.713079,78.845749,19.980778,21.497360
28.761686,19.268805,8.691644,17.335415,5.040445,10.478423
6.115645,4.011791,2.678088,9.909282,2.782186,10.247622
9.736088,6.759040,3.837491,17.270388,3.272963,5.082618
26.515017,17.349020,24.363739,100.733398,27.539253,84.540527
33.507488,22.104506,12.863182,32.543579,8.481481,12.153485
8.558878,5.859080,3.936283,7.866477,1.651026,0.998935
38.040974,20.204510,12.648429,54.933216,13.573735,8.718697
28.876692,16.758673,26.261496,115.646347,29.888155,39.340599
60.106758,33.998371,30.455240,86.428802,21.082521,68.769600
13.539194,9.458571,4.627724,6.003337,2.455617,4.972574
26.373192,17.312963,6.993084,30.830429,8.975107,27.768621
16.474398,11.597246,10.451204,37.614395,7.367371,7.582223
23.438442,15.963746,9.617454,22.637348,6.269206,4.311229
28.855509,18.569839,10.804838,50.489861,12.818257,16.573572
20.980669,13.982866,19.817734,63.680916,18.017262,89.946304
5.109844,3.745744,2.775502,10.277996,2.844258,8.356917
28.830887,18.978275,14.718814,40.302040,9.988861,7.699234
8.748348,6.253768,2.962908,8.941449,2.681058,1.578143
9.274451,6.493142,3.298749,67.048004,16.850599,4.155537
13.995975,9.959090,3.872953,15.994328,4.446187,4.202412
25.918587,17.705856,14.905427,50.680901,14.896068,14.187491
21.899639,14.771178,8.796846,37.893356,9.484860,6.150341
8.609641,6.125756,3.657108,6.580628,3.456760,16.294453
7.695328,5.591315,3.754254,13.737117,2.837117,18.937447
5.855908,4.246317,2.925631,6.908638,2.275092,11.884075
5.629724,4.086980,3.502696,38.187222,9.667330,8.245149
31.308651,21.464039,11.901859,12.346967,3.362006,8.900391
24.303045,16.251101,13.890501,63.327148,16.117224,26.919163
64.398346,26.449932,42.813683,192.368668,46.136772,42.975410
29.844690,20.520189,9.196067,32.567707,7.293823,5.397340
25.562363,17.345055,10.870076,20.483385,4.989373,19.541285
6.874743,5.196980,3.620704,12.095272,3.452164,5.661782
32.078693,21.366541,16.654987,24.294422,7.121305,42.223717
21.221441,14.257888,5.657443,20.253321,4.920238,1.813751
38.033604,25.620371,15.923676,23.938999,4.296909,6.411603
22.627182,15.346141,9.030736,21.112904,6.872605,27.242348
11.447866,7.696175,24.063589,143.998123,33.992233,17.336582
19.837051,14.094103,6.556431,12.786412,3.270864,8.016224
17.644831,12.486994,21.082260,64.423943,18.539503,63.626328
31.473297,20.911694,17.851669,54.299816,16.674662,26.536663
11.468858,8.047982,2.991178,34.493031,10.203568,5.198353
10.868828,7.471367,5.252410,2.203403,0.717572,12.020473
18.061874,12.104094,5.954853,44.978062,12.327457,6.652934
7.624439,5.358671,9.893189,46.374222,10.017842,12.091849
17.737368,11.737732,5.485683,21.571163,5.181615,4.763552
12.593838,8.808275,4.536255,11.547889,2.671159,1.927174
8.384900,5.421873,3.238054,15.153918,4.333510,13.878577
12.886468,9.052614,4.335165,11.963988,1.938716,5.533488
15.855549,10.722127,5.223859,39.060589,10.108176,2.423686
4.705686,3.455574,1.513696,13.463037,3.044256,0.241065
13.372467,9.643385,5.309067,13.173542,3.434384,2.486180
10.604663,7.768415,3.691683,13.003592,3.340515,4.398114
8.985523,6.487622,2.735352,22.298794,3.855157,7.055679
31.460535,20.810791,17.817228,57.862259,15.338557,34.413914
21.501951,14.125150,6.845871,23.220818,5.043027,14.799541
17.474419,11.340121,10.889970,57.289070,17.016989,9.974724
18.722147,12.708241,8.273627,21.794291,5.581418,6.793138
6.837699,4.997077,4.341040,71.494019,21.648561,26.977676
26.463333,17.685898,19.090864,45.460976,14.406550,42.237625
7.876087,5.616653,5.029987,9.126788,2.764222,3.899207
21.846207,15.124070,11.124416,9.864831,3.025711,2.746235
13.316383,9.012245,5.135262,11.812418,3.659808,31.691977
34.951965,23.739918,11.281837,32.756023,6.828343,12.618650
18.537115,12.881022,21.819132,66.340820,19.221363,28.345146
12.420403,8.688926,7.443357,26.542416,7.667019,12.846811
7.168967,4.946975,7.652761,22.170263,6.942944,4.229493
15.118609,10.259820,6.451866,37.132866,10.824410,4.193355
23.673038,16.237953,12.507080,42.822685,11.544984,33.427597
16.724535,11.578347,5.201191,25.019701,7.546161,9.408206
10.475559,7.254617,5.749100,20.987457,5.331920,8.572222
14.447404,10.295626,4.193105,23.967592,5.928933,2.508007
20.178738,14.240550,9.726674,43.678047,11.445718,2.321814
3.827413,2.938332,2.064943,9.052504,3.988354,1.521537
12.931159,8.964060,4.335874,11.353883,2.787865,3.196094
46.360313,30.613039,17.344454,100.373680,24.182512,13.710747
8.942440,6.528252,8.572945,43.084312,11.451980,4.715048
12.627312,8.793088,7.361403,31.840141,9.673102,7.654767
19.726410,13.080905,11.114843,60.869644,15.386494,10.523787
23.700819,15.923721,6.124283,25.182680,8.558407,37.906643
9.768593,6.733406,3.406423,1.002536,0.607785,3.159164
28.822760,19.275045,7.690845,44.237579,12.994730,11.086338
25.542730,17.067366,12.165984,33.804996,8.349809,79.614906
35.023167,18.345829,12.220874,31.559826,7.674088,36.776367
9.841413,7.211396,3.736638,10.079221,3.706031,3.169445
10.347999,6.975408,3.595474,17.621334,5.948253,12.162144
11.760054,7.851443,12.958618,43.450897,11.960448,25.817753
11.066206,7.445974,4.201333,8.332518,2.300410,6.952505
5.866314,4.347591,5.023119,9.304244,2.660927,3.048181
18.424091,12.991746,3.392710,9.904099,2.628659,3.219477
26.789789,16.162676,14.247649,77.633141,22.493658,21.592184
15.110765,6.252305,7.853372,42.218140,10.068217,19.334913
39.481972,15.494070,19.114355,93.994507,26.137445,41.277817
5.452394,3.934786,3.645538,17.303371,4.420120,20.461895
52.876060,31.270388,21.762197,75.838409,19.292818,109.801086
12.657839,8.762539,5.058444,35.224171,9.083331,3.974069
8.230519,6.054979,9.127483,31.293987,8.653011,11.947706
8.337441,6.059975,3.534082,12.047276,2.659706,15.449746
43.297409,24.974340,29.775490,108.770332,30.881344,79.782394
15.455791,10.213882,16.860186,63.815250,18.207027,77.471474
14.001151,9.866971,9.754200,21.190516,4.173813,6.524377
58.997200,33.199203,23.098774,88.831444,24.774666,48.603619
11.095091,7.910652,4.544881,8.034070,0.620696,2.298366
9.260568,6.485785,15.894634,33.114346,7.634194,31.315128
50.890339,31.653162,17.413656,46.355724,12.391749,29.884691
27.144819,12.088631,22.274782,71.632530,20.497101,25.174047
26.491144,12.055831,23.727890,84.680084,23.464561,22.341757
8.938264,6.355584,3.488350,7.928930,2.434638,1.537190
7.433312,5.456115,3.242411,18.058809,4.717868,2.999576
25.248983,16.974907,7.231970,56.627686,13.133170,3.641505
11.673019,8.114258,2.662020,17.322603,3.217597,2.820846
6.774311,4.851489,1.472674,15.927240,5.053221,12.077605
11.726479,8.057886,2.988204,58.993542,16.365294,2.079608
7.633315,5.444980,3.071664,9.086555,1.778069,1.653601
16.541964,11.695176,4.585308,46.347382,12.162726,3.149530
41.225410,27.865084,13.944120,71.528214,18.663370,10.995344
22.007254,15.140807,6.193516,16.542595,3.090631,9.121059
13.259353,9.436504,4.769307,54.593681,13.220090,4.253058
20.326530,14.209626,5.947481,28.784033,8.283869,15.775800
21.681503,14.740077,18.168726,54.123592,15.280599,16.119040
9.704500,6.854502,3.414621,16.595800,3.930015,3.030126
27.419819,18.546740,10.557349,72.198807,17.382036,7.032484
15.886862,11.099105,4.698553,13.210577,2.587337,2.809161
37.173119,23.769899,15.769165,47.512009,13.533161,31.278032
12.453923,8.626728,12.964923,57.929958,15.008232,6.715175
37.576725,24.641821,36.062386,264.352020,73.799591,22.717087
8.992735,6.555228,10.643918,25.471363,7.391761,38.811054
59.828480,34.173889,20.864941,60.555511,15.125384,14.740255
11.940391,7.942207,4.178872,13.460498,3.388005,6.401437
15.216576,11.069996,5.447424,13.744733,4.350236,19.817514
56.665493,35.370655,27.636597,89.202553,20.940420,17.161854
20.473515,14.033802,9.851641,28.730803,8.967592,43.660545
6.078671,4.821059,2.149495,13.325810,2.799370,3.434622
18.193045,12.720060,11.797836,82.560310,21.256706,24.860439
13.582406,9.742159,5.771548,11.559558,2.537146,3.229985
16.768085,11.999520,5.167902,34.199097,10.363955,40.668987
12.327780,8.709151,4.433798,13.670016,2.144781,3.317778
22.210991,14.956925,8.602085,36.584850,10.321970,5.847978
26.392748,17.807131,8.546195,84.135193,23.394411,10.902737
12.893790,9.006346,25.257915,50.399429,14.374949,15.242138
8.131416,6.128530,5.599081,14.098206,2.102789,3.582055
6.637649,4.869278,4.081356,8.691706,1.599107,2.232675
16.031986,11.357932,6.581783,23.733418,5.386517,30.580706
11.325788,7.800700,5.506634,12.618010,2.566705,13.163634
21.932257,15.381356,5.588290,25.975784,8.514276,48.299286
24.706434,16.807959,17.309435,27.198101,9.064355,54.978382
22.361073,14.987298,11.133346,32.793060,8.433790,20.351418
33.837826,22.789574,11.447426,20.307894,6.619517,12.730340
20.221601,13.519773,7.307476,28.206558,8.352679,4.073906
13.371540,7.518054,3.650441,13.007655,3.102874,5.106079
13.924835,7.949919,5.171245,18.317024,4.734766,13.612405
26.211088,14.322201,9.329577,40.825352,13.605167,54.278683
24.657799,16.526867,16.163422,44.542534,13.220700,62.620125
20.276915,14.054934,5.541007,21.740038,6.946724,4.600418
27.983725,18.562494,10.260995,46.774292,12.457096,38.043377
5.531287,3.626793,1.510753,10.358781,2.696830,1.159406
9.057590,6.056108,3.769050,12.949145,4.243316,13.543921
20.086971,14.151071,4.254091,24.871170,6.037200,4.187053
26.952488,18.139202,14.034761,46.960911,14.257060,58.242970
32.291096,21.142275,8.835127,39.828342,10.717770,16.266052
10.902009,7.927828,6.357557,38.100269,7.990084,3.594964
63.961975,37.899353,23.790817,71.260338,19.508192,51.656933
9.453079,6.796843,5.805367,36.499874,10.672795,27.034472
18.838846,12.897534,6.086766,36.752789,10.270409,11.090622
17.176477,11.810535,4.750617,26.373690,7.382067,9.916216
26.388485,17.246683,21.536083,62.161411,14.074541,19.601662
6.432535,4.341439,2.600601,15.536809,3.231196,2.435014
10.883757,7.985188,3.849739,11.072091,2.161478,1.404241
35.245213,22.690645,16.103067,35.122581,8.407947,19.027456
26.837162,17.979771,8.147598,20.987953,5.978804,5.482715
39.256062,23.607151,49.721474,195.010635,51.984009,126.787735
24.002239,15.982723,6.089418,41.911163,11.074457,4.404021
27.533785,18.473001,5.777505,38.684422,9.366352,7.316161
22.155682,15.192952,15.377593,74.006119,22.065487,73.032524
8.646444,6.049940,3.695215,8.664074,1.843694,3.110576
8.288021,5.674549,3.758698,13.060144,3.374196,3.282906
28.426039,19.199141,11.058972,16.652758,5.391881,32.200523
22.306870,14.619177,40.746925,77.791267,23.674608,65.468430
10.600760,7.653577,4.402874,17.089008,4.992566,3.355959
8.132040,5.525319,3.713466,9.673388,1.898343,1.316479
14.775191,10.269902,9.476467,79.078888,20.065638,5.435683
31.998936,21.123125,10.650555,44.931450,12.584576,32.736664
21.729591,14.780952,7.855486,19.145374,5.219433,15.524008
8.215447,5.759003,2.173786,13.980936,5.030309,11.007833
11.244929,7.534346,3.783098,9.692830,3.248788,18.536407
5.804641,4.322938,2.505129,7.020325,2.648743,2.428553
54.329945,33.416706,20.247730,62.985352,16.315941,54.397751
33.965015,23.349592,8.010061,37.322750,10.905526,4.520821
6.811131,4.868101,6.069269,26.745695,6.689368,16.435776
10.491757,7.276207,4.490877,21.328104,5.318296,32.307129
16.017586,10.816818,4.725779,9.517422,3.139799,8.736562
5.979393,4.142402,2.806754,13.726814,3.248584,2.183460
13.953527,9.505464,4.697143,17.503698,4.325972,1.995374
9.664499,6.823732,2.647233,16.003897,4.256980,1.316635
12.627990,9.019564,5.214513,17.038317,4.282295,6.628429
16.861927,11.681985,8.526962,97.761932,28.172855,3.485749
28.830694,19.488285,15.003925,61.509052,18.552660,38.018803
5.025381,3.670107,2.302591,8.583789,2.401297,0.524909
6.040682,4.127833,1.734713,15.640888,2.422208,3.053594
7.288728,5.458391,6.986936,40.534534,11.968292,3.566232
50.076748,33.663864,22.112230,56.782467,15.804322,91.662544
9.723541,6.937236,8.285900,61.059639,14.249229,9.608326
19.071508,13.020042,6.187504,24.558611,5.784472,3.118781
28.358372,18.715191,9.820893,31.523853,7.580868,18.970537
6.377476,4.654219,6.139355,83.825089,27.109756,14.658339
15.557903,10.911884,5.923625,15.653878,5.562072,7.449143
29.622805,19.748749,16.098534,69.309349,16.593035,12.394543
23.039951,15.051423,12.152322,31.939425,8.925119,22.821920
61.494831,39.352959,50.662983,199.754822,57.489540,100.330460
23.954695,15.752085,16.084703,29.344408,8.601607,7.991682
21.186407,14.125877,6.474262,32.098923,6.740931,3.747856
7.056150,4.805922,2.061115,1.050763,0.541810,1.496107
22.207638,15.132033,7.670184,41.196377,11.673033,4.325831
34.731022,23.240644,11.444082,44.132156,11.948800,14.842715
30.230085,18.837969,20.264156,76.047165,19.701105,59.574646
43.616512,27.245693,23.194893,65.633324,16.476549,8.171361
31.949766,21.410105,10.717827,59.635723,14.603215,5.568562
48.721287,31.504639,27.677410,81.337090,23.281006,85.861359
8.522292,6.216874,2.168353,16.872374,4.908270,3.157175
20.816734,13.916923,5.675898,20.924751,6.042406,40.176327
25.141346,16.331364,6.138353,23.334854,6.243495,2.488080
6.699944,4.035281,1.592073,16.903402,3.159727,1.395437
13.441689,8.426458,4.274100,50.172909,15.451553,20.368883
62.558884,37.812508,22.034670,73.982979,19.221550,15.230740
18.333916,13.112000,9.400691,40.937885,12.651281,1.985749
6.359272,4.404910,11.057327,37.228355,8.597276,8.673932
45.407532,30.685890,10.702947,58.104401,16.271273,12.881449
34.291149,22.458185,13.093006,50.565922,12.935588,8.909200
16.969391,11.537709,6.753764,7.645676,1.522732,2.947170
9.788534,7.368533,4.524518,9.426568,2.378364,1.108649
18.714931,12.728860,7.172612,15.640505,4.656341,5.589649
16.754879,11.493862,3.756193,22.809002,5.579889,7.826594
21.344511,9.239138,8.201906,23.138714,6.556081,18.399975
20.431442,9.131353,8.408600,27.558863,6.315639,12.937566
8.490059,5.819076,1.430941,14.193934,2.446139,2.136162
30.815794,20.440369,16.757053,54.981216,17.996223,31.071051
28.996174,19.220812,12.062169,45.768860,11.991426,18.262524
28.406143,18.657736,13.186996,87.453026,21.904922,16.127832
27.922516,17.904186,24.245214,53.575550,12.211576,23.165607
8.576686,6.031681,4.352880,11.189151,2.781750,3.134820
31.837139,20.876621,12.402606,21.232168,5.993786,30.576645
23.923523,16.204659,13.236053,69.239090,17.225210,17.966738
5.293662,4.141697,2.282863,3.455988,0.365266,4.581073
8.388415,6.184824,3.597930,12.495440,3.621461,11.722333
17.901909,12.854993,5.423835,9.665606,2.646678,2.473200
39.132198,18.687403,37.523472,94.433167,26.702778,74.086388
35.854691,18.641512,40.691994,107.637810,28.189354,73.980385
39.116997,14.520442,42.606857,163.067337,50.631172,69.930832
45.463215,20.536625,58.328129,259.887054,69.378250,122.083755
7.644455,5.283666,2.638276,23.105190,5.688846,10.343006
45.583004,29.084236,18.740643,69.135529,19.369127,22.122465
35.810078,23.450592,9.315598,55.833748,13.199636,6.293960
38.291695,20.197693,21.366070,53.835045,14.833662,32.333866
21.406242,15.185494,4.151698,18.399302,5.461020,5.894850
6.650633,4.520348,1.960611,8.482014,2.562486,1.705833
10.327998,6.966077,3.793129,8.680253,2.362805,3.985378
9.937439,6.981532,3.557526,7.423726,2.469058,5.824227
39.839092,25.116184,13.767141,37.447521,9.406454,7.811563
22.939238,15.474429,7.315390,58.802620,14.210821,4.020392
9.645959,5.880300,2.092466,15.397784,4.425333,6.217177
13.289371,9.046918,4.285460,43.520527,11.838775,26.666014
14.514000,10.094343,4.126170,17.358158,4.767414,1.824625
25.028418,17.227674,6.769276,23.308710,5.444975,6.646195
9.571009,6.463380,3.988263,9.460403,2.049248,1.359146
17.610775,12.307729,6.352441,12.491402,3.161296,3.766604
20.195208,13.109925,7.411220,36.803356,8.034760,8.715722
34.089760,21.057297,30.854742,81.762100,22.133272,46.644501
25.161142,16.901279,22.524055,64.536514,21.664795,34.153877
5.074823,3.783076,6.636332,33.818722,9.715730,26.505493
21.575920,15.174280,10.712210,20.345787,5.175665,2.543599
11.547459,8.069848,3.774015,7.511262,2.205071,2.262590
29.287865,19.642706,10.378081,32.847919,7.849329,19.116598
19.700121,13.587474,7.909657,64.367142,19.088478,6.793135
11.447589,8.053468,4.730989,17.105650,2.938448,1.707085
6.885113,4.866245,2.899900,9.908307,2.296371,2.417097
9.253966,6.899356,1.429477,14.259218,3.570508,0.884344
38.685562,24.188673,25.419649,65.505928,19.296501,21.899614
33.826054,22.822660,7.258651,41.281937,11.797513,6.727931
18.605986,12.722905,5.134182,41.126446,11.069221,2.170607
10.428091,7.380026,3.678861,13.536831,3.604714,1.140715
26.103157,17.193621,13.333874,47.595573,9.556108,5.845507
7.273371,5.221676,2.311353,10.649542,3.712230,13.693830
19.328371,13.231536,3.955373,31.442642,8.359366,3.313955
16.037025,11.204541,5.097559,12.729721,3.185364,2.563011
33.764961,21.980854,13.032208,38.967152,8.879388,11.576341
20.770409,13.962174,11.676721,45.487431,10.901320,12.719533
8.228271,5.949497,3.436972,17.415161,5.469665,0.739462
8.213464,6.042439,4.919706,24.787943,5.882249,24.094749
10.023662,6.933526,29.824457,129.840103,32.688427,116.581970
8.918067,6.090128,3.536190,28.905899,6.425085,2.102454
21.063488,14.315595,9.033365,26.786705,7.428722,8.081748
15.837490,10.959916,13.048307,50.100033,12.883561,27.240767
4.270309,3.064785,1.810780,13.086903,3.030727,1.562094
73.796738,43.266823,23.879927,97.544731,25.353136,31.333614
20.844536,14.632057,6.791794,14.359300,3.463269,3.686088
20.974787,13.978251,7.213803,24.092892,5.950961,18.160471
17.045555,11.364285,8.754345,12.262930,4.966520,3.748445
39.385143,25.849411,12.133573,27.620077,5.939163,9.109694
14.205200,9.540155,3.579963,13.293065,5.343925,26.700918
28.484726,18.664640,64.854477,172.610291,42.909492,55.080639
18.295233,12.595529,6.414986,21.110415,4.897937,4.071746
33.759563,21.530613,10.585258,46.135193,10.511486,8.955812
13.790296,9.722777,7.178032,26.819710,7.879354,15.855942
11.224857,8.154502,5.002625,30.281338,8.280526,2.010274
16.999479,11.482894,13.847395,77.361397,19.658411,6.759732
11.878139,8.324951,3.204715,9.519440,3.030478,1.285734
32.019569,13.041010,16.398287,56.005165,14.602060,50.414791
25.759497,17.243643,8.879760,25.161512,5.436495,9.715366
25.839956,17.806658,9.288511,35.721569,10.399906,28.207434
18.296946,12.617683,4.685591,13.125402,3.804084,7.612337
23.879295,15.933871,10.010117,28.385635,6.968281,3.715603
35.057270,17.607260,16.478010,89.218307,22.080776,15.585723
32.392841,22.138874,9.408484,61.526100,13.975931,4.914074
39.269623,25.448406,16.166542,83.156555,21.762142,47.344372
20.599888,13.853284,9.040913,43.736401,10.874661,9.461918
11.947097,7.871705,4.694222,19.602657,6.308551,6.314359
20.700962,14.025127,5.740955,26.059664,6.810092,3.010788
19.469414,12.557258,14.431858,40.084988,11.958527,37.944210
17.046865,11.662126,5.089900,21.580170,5.329736,2.638892
16.580065,11.799276,9.202165,20.653978,5.633492,5.959093
9.834981,6.726989,5.405638,11.708676,3.495968,2.722799
7.934009,5.469222,2.549636,9.392447,3.138664,7.733148
38.367035,23.437555,59.942833,170.067261,54.313839,168.570374
14.719126,9.954784,5.672810,28.039127,7.951025,14.821449
6.929649,4.619459,2.213303,14.178063,3.901409,6.845883
27.358177,18.778368,11.809032,30.174627,7.870319,10.318044
10.307474,7.013982,5.077402,11.820208,4.692624,35.856644
26.994144,18.673687,22.488041,62.251217,15.768936,38.333988
31.371817,21.076714,14.032635,38.776821,8.476835,6.699952
59.498020,28.897625,20.516155,43.383678,13.372653,21.088896
58.425884,28.970188,20.639223,48.871868,13.411111,20.953232
15.435315,10.526308,5.328908,25.075712,5.579987,5.217739
25.099457,16.601431,7.543946,17.365274,4.257452,5.974682
6.328607,4.489906,1.871152,11.754788,2.773284,0.771761
5.646276,3.765778,2.501531,11.178956,0.917854,0.893752
28.432766,19.311531,22.098261,57.904385,17.167431,28.586069
20.236698,13.637352,24.575712,103.506203,25.791636,56.284157
6.735324,4.396887,4.880679,15.986009,4.815719,5.349959
9.740807,6.833665,7.793831,26.276335,6.537454,16.679626
15.892787,10.489968,7.306273,38.210152,10.528134,20.461163
26.652506,17.492029,7.815006,27.046400,6.139528,17.374853
27.725409,18.898678,9.945892,53.233353,14.095999,27.545549
14.407839,9.973910,5.177476,14.858018,3.056259,6.832612
25.499521,16.960781,8.099544,23.040964,4.281727,10.959958
11.308175,8.278268,3.550331,13.915654,3.995842,1.712140
12.939407,9.148651,4.286644,12.529586,2.676935,11.852015
24.807257,13.899088,12.209997,87.147804,20.799625,45.796909
13.238221,9.069943,6.749487,17.121361,4.976439,1.960626
17.076332,12.386731,4.873921,43.471737,9.579854,2.736172
9.036966,6.437841,3.078345,21.443937,3.517875,2.661611
17.009409,11.693058,7.596543,11.605572,2.613595,2.792697
30.332113,20.194845,14.691699,26.099873,6.761998,20.896744
24.773640,16.132750,19.555340,64.001663,21.732780,77.414055
18.535217,12.559307,5.500866,81.089127,20.086246,4.649652
39.279774,19.902975,29.601744,91.168259,24.694016,21.091526
28.136160,18.948885,7.923885,27.915417,8.033179,7.986840
38.431709,21.606400,15.513816,47.964268,13.097434,24.215384
23.006416,15.690450,4.844846,78.196098,22.613752,6.799613
29.318687,18.824091,30.194906,123.516129,29.453690,23.349987
15.761133,11.256758,6.302673,41.715332,12.842566,15.613135
19.656240,13.853189,6.729105,28.080471,7.161727,21.705111
17.783983,12.069293,5.700586,17.067593,4.778704,13.456890
59.304764,37.982662,33.602818,145.474869,40.102474,96.318810
15.819252,11.284924,12.549736,39.867741,10.442796,63.971645
25.423828,17.125446,13.899133,45.630150,11.174529,5.683333
16.709127,11.648829,4.627040,37.408627,9.282415,4.486887
9.910636,6.572799,6.198497,23.635014,7.199381,16.691072
5.184169,4.029424,1.830772,21.809731,4.358470,4.939023
26.154659,17.509579,7.555145,62.378929,17.162159,2.811742
5.157646,3.552840,2.066367,1.131818,0.247986,0.493104
13.221193,9.287341,3.887344,20.938511,5.296001,10.704246
12.890450,9.020411,3.308253,27.599340,6.846694,8.538168
12.816759,8.615540,4.266269,2.930011,1.117974,2.726159
21.445763,14.641901,7.868016,24.849838,5.255486,25.376772
11.721585,8.124912,6.529814,24.979332,6.722723,1.965547
26.837534,18.331448,18.292955,43.549988,9.225609,20.220993
54.410820,31.289761,22.527231,73.134598,19.669199,55.695328
6.081883,4.232674,4.227968,12.502348,2.867379,11.589937
27.848528,18.982115,7.944236,37.863029,9.859935,6.404628
11.245783,7.671376,2.091720,19.976246,3.643635,4.867173
19.425735,13.250939,4.156477,24.799301,5.679842,19.527273
16.744492,11.476263,12.188755,16.156029,4.572365,3.765671
71.380341,38.511227,26.053982,38.416962,9.903989,29.494053
21.208538,14.614734,7.985863,55.057922,12.790935,15.022052
23.675262,15.623629,10.889513,29.435511,8.297516,39.054535
14.211870,10.008822,6.006178,7.826763,2.166719,5.032516
15.125942,10.846786,3.056689,11.693686,3.432767,7.823431
26.473211,17.885040,5.837221,131.261734,36.019566,12.909003
11.750858,8.184823,5.588550,17.589767,3.288678,2.689685
33.191113,21.901899,10.896985,32.849312,8.594790,4.001215
14.037473,10.079410,5.569833,9.809091,3.254771,3.783365
17.908100,12.908226,15.367252,148.439804,40.067394,16.335461
15.501738,10.815827,3.042001,21.150164,4.298145,7.197113
37.358784,25.153755,20.636116,53.945000,12.713868,13.862859
4.851779,3.385036,2.541816,12.965703,3.059602,1.246022
11.646104,8.230235,6.263498,19.724081,6.985891,46.933571
43.428425,27.009293,35.196289,102.281471,27.952026,144.435364
18.610172,12.834220,14.341566,61.221455,18.303511,20.464388
27.392847,17.855297,10.517147,26.430302,7.553832,32.662918
18.480442,13.025043,5.720821,8.360104,3.123457,5.437411
55.216568,33.025196,35.921886,84.030220,19.286592,19.172258
27.574636,18.195173,11.035622,21.302208,6.745741,8.689010
10.097823,6.632682,2.351913,28.302570,8.037384,12.292786
6.800486,4.992271,2.229425,8.556081,1.608797,1.392798
39.546894,24.569752,11.483882,43.153130,13.564515,79.583420
23.207113,15.766181,7.369798,36.409863,9.039073,3.031038
7.763749,5.684508,5.381733,21.760027,7.045164,26.026155
20.184376,13.554615,7.887876,29.701656,6.951627,23.988049
7.500534,5.072533,3.933489,5.212865,1.847882,0.856181
11.668160,8.536923,4.577329,17.360895,4.163319,7.692773
27.669868,18.453472,14.856236,74.949585,17.142366,16.517460
24.136499,16.091646,8.022321,101.393166,26.991106,6.574832
4.395427,3.064268,2.405236,7.572707,3.414539,5.057572
7.655421,5.271230,3.751509,10.004278,2.770134,0.324028
49.564121,30.397615,15.268495,37.956039,10.390842,15.304343
27.166416,15.572902,24.571171,109.153397,32.376316,31.693432
8.507951,6.285224,3.033461,12.435445,2.517408,1.270057
11.108643,7.644297,4.554504,14.411149,3.295861,5.381282
15.145527,10.365606,8.455792,11.940094,2.965346,2.426640
9.554343,7.088484,3.157600,36.451847,10.432770,2.047912
20.865505,14.371482,7.583989,30.786139,7.839796,11.145240
21.889639,14.793246,9.126628,43.201622,12.589314,27.978815
9.719190,6.917155,3.567590,13.148642,3.574775,4.728984
31.544950,20.425632,14.041398,63.633232,19.472082,89.923195
11.581148,7.912991,3.240884,27.104193,7.701088,13.400031
11.804440,8.636521,4.352528,12.008893,2.265670,3.445479
8.476658,6.071048,4.538312,6.650814,1.440960,2.551671
27.923477,17.935703,7.272388,20.722744,5.474970,20.520935
17.963646,10.808056,11.671327,60.327148,16.364822,11.887301
13.289940,9.756321,4.288141,11.395016,3.760520,3.415207
36.605034,24.818602,13.577862,53.141659,13.152143,7.261709
20.044813,13.642230,8.079000,16.798012,4.755527,5.881799
14.725161,10.717638,11.851145,30.556032,7.703844,21.615227
23.752193,15.918944,9.935427,52.947376,15.906881,34.423214
7.751784,5.148195,2.975836,9.661342,3.085462,13.223995
5.675490,4.105091,2.338676,31.337891,7.726447,11.515329
19.279873,13.096156,9.240006,40.110874,9.617516,14.811010
14.528933,10.212657,5.835533,16.867285,4.250690,2.336551
23.607138,15.665384,9.872027,27.111328,8.451454,19.316307
22.397860,14.637156,8.137838,22.820068,5.739284,24.682337
16.871952,11.951705,12.991583,33.553528,11.548499,70.136497
10.361449,7.271325,3.656661,17.092278,3.123310,12.634747
22.089830,15.247475,7.518037,22.989222,8.114240,15.890362
7.260739,5.166818,2.082519,6.423203,1.099431,1.733447
6.434396,4.211212,1.807194,20.484259,5.101386,5.436851
35.799381,23.820732,12.717430,45.545628,16.518806,49.326225
20.566822,13.956905,7.075815,21.528711,4.177087,2.834007
17.183203,12.099920,9.142826,34.602207,10.999977,7.496305
30.497147,20.433413,20.919100,60.172955,13.368107,20.357475
20.649649,13.980446,18.073370,53.650272,14.958439,63.876003
18.014484,12.057056,19.597593,145.216293,34.810421,19.759378
14.558928,10.046082,4.448530,41.633198,10.410078,4.339848
7.526193,5.800944,4.814147,71.473129,20.526562,46.766693
33.081123,21.620562,14.203553,56.921410,15.753537,6.570826
11.517136,8.242831,5.267709,17.385099,4.429398,2.084081
5.645199,4.008759,1.614339,13.144949,3.483238,5.044629
34.779892,17.487822,20.427011,194.783173,54.164898,98.786148
32.726143,21.293343,17.996420,31.731070,9.895329,22.268047
19.076349,13.118861,15.254966,44.244431,11.334291,5.054376
16.561432,11.224201,5.028000,20.679844,5.621655,2.478763
21.379259,14.769178,8.773801,24.317476,5.167346,10.235895
13.614344,9.465160,2.334511,18.268270,4.687855,4.562879
25.723289,17.062803,9.782803,47.979290,12.466627,7.005940
6.780566,4.814312,2.284116,17.547119,6.063533,1.076651
7.650967,5.695947,3.088056,11.722788,3.805400,18.831886
9.840259,6.823839,5.306534,6.191438,1.802092,1.395769
20.418303,14.416593,6.277052,8.947926,1.353294,4.012501
30.185640,20.123806,10.956526,53.335663,16.367685,22.509600
18.218540,12.403934,5.199612,53.058308,12.107469,3.573517
28.725286,19.559624,9.590217,31.152246,6.931180,4.432346
18.960306,13.257432,15.242682,39.189148,10.158470,11.830444
32.210621,20.933283,19.418289,35.367233,10.124120,18.698278
27.098166,18.227365,8.441175,19.748444,5.266108,7.017955
12.833715,9.046803,3.954618,21.303818,5.597818,26.003284
22.790480,14.813897,7.748789,25.853300,6.433450,17.610411
38.179615,25.026676,11.772521,40.874691,10.084614,29.225443
32.847294,20.305767,12.111497,110.255402,27.421244,61.573936
21.027639,14.040216,10.162302,52.560829,12.961879,7.626137
29.431450,19.966005,7.130010,38.912579,9.382612,6.262798
38.843090,23.347111,19.445078,107.865593,27.695374,49.938095
14.351826,10.080823,4.289949,4.900823,1.269457,1.210185
21.583323,14.674529,7.439153,49.996681,12.310873,4.668234
23.444851,16.288599,15.880190,66.826096,18.039976,47.098885
18.879646,13.465345,6.701802,22.742851,7.044692,3.977520
20.169640,12.795234,18.562355,114.636993,30.830471,12.893307
12.436999,8.536257,4.117489,11.566452,2.614296,1.389779
16.201887,11.590831,7.340975,60.486355,14.306619,7.598351
42.663383,22.590044,21.058832,32.381065,9.202863,28.175909
67.341759,37.629791,60.138607,229.725998,62.304058,57.273232
5.570231,4.015245,5.080568,52.563194,15.717551,4.287347
14.692327,10.100864,5.498789,14.638196,3.974951,3.718382
8.366813,6.303401,3.600437,1.695034,0.214278,9.421186
13.610638,9.524464,2.888354,40.089554,11.669176,1.713585
22.089373,15.115749,5.437048,27.795677,7.696794,34.693802
11.202510,8.107915,3.167972,19.028496,5.025661,9.325526
27.819105,19.038866,8.334150,23.850563,6.438098,6.242523
7.649106,5.422307,2.574977,13.478440,3.933421,0.946235
7.111099,4.789722,2.176349,9.138392,3.067674,1.608586
18.068417,12.361442,6.745288,15.190932,4.351984,18.996658
17.181154,11.923839,5.050798,21.376873,6.082069,29.592447
42.729828,26.417259,39.882065,113.559608,27.445177,58.065128
21.211281,13.779006,18.689232,52.826008,14.812090,33.424053
21.088440,14.021277,12.837363,52.668335,14.609588,23.792080
8.668918,5.976759,3.535804,14.783088,3.553023,1.161325
16.305716,11.398669,4.613760,23.415455,4.139329,4.525372
6.645605,4.461480,3.248274,22.873861,7.326803,3.423665
10.330314,7.162170,12.873660,22.032009,5.830988,5.308630
29.304169,19.338326,9.068184,26.779272,7.898153,7.362507
18.118843,12.754943,5.370112,12.849433,2.783440,2.163421
12.560705,8.370278,8.357039,59.087849,15.508420,6.697740
17.178093,11.834053,6.140493,26.185686,7.288491,11.841984
33.490520,17.537165,9.038675,26.892641,8.906651,22.911354
37.656548,21.530920,18.699032,61.202171,18.779675,51.031055
24.679403,16.661409,16.756990,86.488884,22.731319,18.518349
16.010651,10.776793,4.971327,51.649086,12.589855,3.014969
8.827401,6.005105,3.303424,13.877576,3.247251,1.018538
13.323029,9.213237,9.128497,59.119236,17.244997,13.871023
12.811321,8.951632,6.848385,43.557156,10.667265,5.541423
36.329002,23.159435,13.094624,43.982422,10.951768,13.062255
5.539089,4.003850,3.809077,14.589528,3.505638,1.669170
24.540327,16.463707,6.561722,45.533596,11.462173,10.423737
41.672817,22.150440,13.026861,67.200821,17.000057,8.046922
7.973613,5.526217,3.756776,14.179342,4.485574,2.476587
16.658134,11.211542,6.264274,42.753422,10.644454,8.572521
29.028496,18.748220,16.787634,64.774948,12.944388,13.221782
26.165279,17.583965,6.947009,26.996927,6.365501,6.248997
80.897713,37.723461,26.060514,62.839321,18.651207,43.469917
21.262964,13.361100,31.460957,136.863403,41.275505,247.070587
40.699844,26.798315,14.160728,61.534267,14.534652,26.688200
20.913401,14.246950,13.771571,43.170570,11.410490,70.691177
21.674309,14.219098,21.726221,81.225632,18.773243,11.844545
20.895515,14.311954,12.789206,42.193256,11.018069,8.855539
23.421608,15.498687,17.721319,80.544655,20.344196,17.168119
42.613991,21.715641,20.099098,64.549927,20.048252,42.780533
26.386642,10.576337,18.103167,81.773048,22.681387,31.577602
20.796942,14.032157,4.145897,69.964348,18.940491,3.605442
15.220708,10.457419,4.314753,15.947912,3.920506,14.181577
10.664999,7.671040,4.201244,11.834291,3.061517,9.627413
8.014237,5.995987,3.287786,15.425535,4.672024,2.030642
17.394075,11.581840,7.181933,50.325161,13.398788,5.616806
6.526577,4.410598,2.412097,7.965467,1.519406,2.964026
12.050500,8.121736,4.406538,21.393311,4.502946,1.948858
9.048697,6.113289,16.920498,61.278111,16.519278,56.478222
12.237446,8.828588,4.227007,18.476004,4.936880,1.993902
5.089131,3.705040,6.851573,21.162655,5.755049,16.754848
21.197115,14.867732,5.225795,14.955281,4.267085,1.141528
9.136781,6.483524,4.897171,14.809837,4.301896,20.338564
12.477192,8.080791,10.049340,57.502930,16.961912,56.678272
61.245422,38.843517,25.526064,98.041588,22.515680,12.946653
14.030909,9.596166,3.201254,31.886856,8.298443,2.608395
33.234207,21.960274,10.431283,26.020544,7.341526,25.561192
6.479807,4.705744,3.254968,9.046607,2.201743,16.635378
14.191892,9.773826,5.847648,34.010136,9.509474,10.940912
4.288967,3.119447,2.331288,7.841492,2.979094,7.719461
28.923180,19.162577,7.687239,38.433594,11.006879,42.503899
32.796265,18.437271,17.770256,29.008915,9.741405,40.094692
31.270023,19.168966,9.306989,41.560593,9.838943,35.288246
37.344490,24.373135,19.929068,99.438225,23.158171,18.775049
7.543570,5.168149,4.859698,45.565361,11.782096,1.822694
26.280684,16.753557,38.485386,84.838768,18.896492,23.725025
16.572718,11.702616,6.034210,22.533255,5.452498,8.494862
7.224553,5.212426,1.773640,27.842062,5.837008,10.249873
28.804955,18.782604,8.017818,70.331581,19.078548,85.708031
17.103159,11.389354,13.860526,92.368156,25.523815,12.894052
9.219757,6.835709,3.662890,8.740161,3.205496,1.870449
28.799259,19.295475,10.060507,19.774635,3.382101,3.063351
35.056442,23.995796,13.042894,32.222721,7.821630,22.248646
17.177032,12.011955,8.507453,56.978409,16.993343,11.148133
7.871531,5.460136,3.759668,20.191792,4.857772,2.186800
32.523018,21.108824,10.383455,31.307932,8.279445,7.167603
17.932245,12.668461,6.572352,11.046819,1.694962,1.146873
9.743546,7.030705,4.191442,26.355606,6.010632,14.138799
29.816975,18.279076,13.356077,48.540279,14.057629,18.574293
15.403728,10.423492,19.650240,52.638496,14.238715,19.175737
21.987261,15.413309,9.713140,22.199629,5.167840,4.938946
47.459118,28.161579,40.424324,130.566666,39.823765,112.020332
21.644604,15.151986,4.774940,27.350981,6.825817,9.661577
39.291466,25.717514,17.960379,67.272141,16.990034,63.712872
42.577976,28.624517,25.135185,72.178635,18.640154,105.095779
10.096341,7.155391,4.161410,35.259243,9.662395,2.000830
19.294546,13.123703,7.413521,8.545911,1.480576,3.947333
7.377106,5.487333,3.260255,17.707243,5.054465,1.081138
15.895119,10.966175,7.880468,21.782215,6.255913,8.845890
21.785807,15.093529,13.368156,22.756887,5.139758,6.152402
21.472599,14.590413,4.691839,32.082932,8.059440,2.337419
21.947220,15.358973,9.770014,20.867353,7.373664,31.433489
17.419479,12.134961,3.688237,33.713993,8.107123,4.121306
10.025005,6.909448,3.608006,10.052484,3.330088,5.104127
16.828465,11.330003,5.243853,26.789705,8.802493,29.680012
30.314547,20.869390,15.349220,45.061768,12.337908,10.262118
8.763384,6.466469,8.134372,21.269812,5.749637,2.874587
10.693307,7.827894,3.815149,16.603271,4.986230,6.797427
47.289944,30.711672,14.484075,54.795063,15.346471,49.057640
16.291790,11.513292,5.617128,8.542217,2.181899,1.063095
35.896107,23.209751,21.707134,56.970844,13.311261,10.552791
7.870668,5.689458,3.630456,12.484272,3.996056,21.883701
34.013729,13.425918,10.578712,54.833191,19.961653,65.331039
30.258083,13.075613,9.363153,56.684662,17.604900,50.740871
38.029549,25.264503,9.722603,55.031235,14.633500,51.547958
23.573275,10.695115,8.569287,43.690144,12.873035,27.695894
13.152436,9.196360,5.092729,13.572141,4.315135,8.104974
18.365665,12.606070,9.788817,48.483673,12.361232,43.067669
22.184174,9.153741,7.643111,16.875780,4.931984,8.359957
21.439413,9.278042,7.683086,18.088184,5.026215,7.966112
16.295107,11.010182,7.895617,21.675203,6.483875,25.373005
34.053074,22.737066,15.544199,32.500259,8.027427,16.406208
32.822918,17.756279,11.157663,22.151278,7.598340,20.811491
24.222527,10.905867,9.783910,42.946636,10.704770,40.372131
16.220915,11.348975,4.969169,32.913876,9.394367,11.574536
17.865404,12.634397,9.606851,13.911995,2.617007,30.367739
23.724304,15.843099,8.346608,18.558323,5.011939,2.957134
10.479802,7.529678,3.784855,15.669962,3.992585,1.536737
14.907110,10.572201,4.843036,10.664554,2.476149,14.801015
18.015461,12.558517,6.389755,17.556812,6.991648,30.121798
15.483092,10.758980,4.650485,5.789025,0.309809,2.234048
16.841181,11.776943,6.695379,26.977905,7.191384,50.978840
6.085633,4.514020,2.990984,9.412552,3.040992,4.567640
12.900946,9.201900,3.125456,14.035112,3.672170,13.449909
30.943348,14.271251,7.605958,33.702385,8.395581,5.420968
11.173955,7.360487,3.356808,27.244112,7.790434,8.294636
39.922714,25.124510,13.717423,94.739655,25.105532,41.950363
12.060159,8.467785,5.065917,30.475801,9.254704,39.120426
14.634072,5.446838,6.775103,17.916878,6.254183,6.512654
13.481153,5.579217,6.879806,19.774601,6.029381,6.063793
11.169974,7.800498,3.028577,28.032795,5.842637,2.644016
19.595013,13.633893,6.809524,25.767242,5.992667,14.707757
28.677256,19.799982,8.093760,25.689890,6.032614,25.604832
14.136990,9.823816,4.837918,31.669636,8.471776,28.065008
24.434330,16.707062,8.001597,62.939278,16.638420,3.743706
21.435471,14.948057,11.198434,23.245146,5.974414,33.265732
13.861115,9.568858,3.956099,33.763760,6.576670,4.769207
16.244469,11.435735,3.856173,13.765918,4.208086,3.111142
8.357821,5.922435,4.850144,5.169934,1.068485,5.935754
22.313021,15.061622,9.684962,36.796890,7.858242,11.823555
9.875729,7.068939,8.612519,40.290302,12.439408,15.086714
43.090984,27.212996,21.722837,60.062782,14.063548,15.140576
11.053820,8.047177,4.375834,7.633264,2.540242,7.067977
13.662871,9.637390,5.075792,34.362957,11.709896,16.871649
30.030790,20.084990,9.747087,20.586481,4.653354,3.673388
24.892258,16.568048,8.166429,30.220692,7.538789,2.805803
8.466403,6.157105,4.811535,30.295111,8.239062,2.844741
14.188843,9.977402,13.051523,34.423092,10.536901,58.924313
16.700901,11.648741,4.536472,7.586169,2.150786,3.633576
29.529131,19.482986,9.735585,18.151707,4.917425,37.009808
16.983450,11.726425,5.058679,14.892147,3.670995,4.764730
29.087679,19.630844,7.241854,79.357262,22.557178,10.641548
12.696495,9.049823,6.503526,11.305337,1.241058,3.939495
29.169355,19.926304,12.414053,34.993889,8.186560,4.753112
9.353623,6.430539,3.699822,13.135858,2.541940,3.637180
24.938501,13.328648,14.578460,41.223782,11.198000,14.311370
8.180823,5.728749,3.180431,37.906414,9.897187,3.125393
18.603460,12.879908,4.611487,11.610416,3.428311,2.966695
38.807854,24.989586,11.578166,58.465359,15.423960,24.688419
40.067249,25.705315,10.908072,48.037476,13.694536,23.440371
37.200844,21.853146,8.683380,54.704617,12.604534,8.279720
19.077599,7.936378,6.545064,39.477745,7.340099,6.013609
10.821179,7.745514,2.560054,44.895702,13.215922,3.841842
8.680275,6.171918,2.199953,7.764186,2.188802,8.516474
12.932946,9.326243,4.483725,5.250288,0.659969,3.165067
32.415096,20.625124,12.027273,17.160992,4.342279,38.202450
33.683350,21.975754,11.244392,29.064930,7.779350,6.524351
16.487520,10.907605,15.077055,57.232677,12.143508,7.628438
14.623128,10.009953,2.529316,19.238735,4.121470,5.124614
19.503313,13.317364,14.191730,55.461891,13.923728,10.685602
14.624673,10.096841,4.788138,27.922085,5.355623,7.263151
9.255026,6.268641,1.778586,9.202867,3.250390,2.431449
12.030471,8.220581,3.455143,8.288905,1.876332,2.651431
12.908368,9.048566,4.836601,15.560163,4.168639,23.632574
31.972569,21.187017,15.452685,27.210419,6.229457,9.498701
18.104029,12.441937,8.185289,29.904541,7.759145,9.902549
11.801342,8.328923,3.551973,28.483807,6.305061,11.504065
15.895331,10.856330,5.414294,16.962154,5.554866,31.782951
14.292403,9.790077,5.430727,8.685193,2.970321,3.290678
40.780094,24.418854,45.185379,137.420135,40.735325,127.670570
5.066075,3.593929,3.377941,41.072109,11.890029,2.712922
11.037712,7.669397,2.487513,17.201790,4.647613,4.094267
15.229497,10.427654,4.496458,39.616314,9.277972,8.613936
20.667843,14.942705,6.896194,28.616156,6.262891,7.215169
17.068541,11.920718,5.764825,36.618340,8.073860,4.314413
18.733501,12.305523,7.786892,27.681215,7.206719,13.796018
12.596860,9.311308,6.047827,19.917343,4.278726,5.271716
24.140881,16.630192,4.088420,20.483465,5.016888,5.045493
7.722313,5.669611,2.369613,12.797966,2.957650,1.288645
26.546478,18.157290,11.651191,36.485516,8.426320,2.443937
27.249992,17.963423,10.214339,25.123724,6.909891,5.419133
7.481988,5.112312,3.401434,7.261938,1.551222,3.335325
5.615076,4.116070,1.781981,7.356895,3.114797,1.069416
36.401241,22.548788,36.299095,115.554489,33.445694,138.497498
36.103836,23.118086,19.604052,49.470295,12.610073,41.616131
45.844906,28.159531,27.604839,79.801216,20.116272,92.636421
41.448795,24.828926,12.742112,30.487438,7.943900,13.910448
20.872538,10.687829,8.302986,22.802479,4.960907,14.162670
30.361753,20.405880,8.029905,32.657211,8.020239,9.390383
9.422031,6.944152,10.106928,27.505777,8.402645,7.993841
46.810684,28.915386,19.783850,72.715363,16.842066,19.385084
19.690506,11.367590,9.652044,50.181709,13.906569,19.710527
7.644931,5.145814,1.513595,28.658026,7.578020,12.517160
24.030994,15.646085,8.245562,37.160419,9.922604,8.751992
27.100142,18.381819,7.067324,28.350565,8.778183,42.617981
31.868250,17.930096,10.544355,64.745377,17.192898,4.812353
11.049824,7.562555,3.818616,19.978802,5.629865,8.577172
24.724228,17.141333,6.801291,12.956403,3.403159,4.486710
11.756754,8.438446,3.595973,14.938119,3.435478,3.255973
17.752522,11.926839,12.312721,43.628696,11.452155,9.481611
10.432004,7.194188,12.322272,58.761963,18.047922,9.451077
17.079689,11.910695,10.498919,53.132156,12.930017,4.882725
21.310955,14.400282,15.926072,50.306507,14.423444,19.077854
21.110714,14.390124,6.324584,25.133265,5.872144,4.415703
12.729003,8.852580,8.188486,41.553043,9.905461,13.242425
16.004499,11.110119,4.010374,18.032829,4.434020,3.751598
5.131191,3.685570,2.816785,25.673674,5.991056,1.217896
17.221107,11.798018,5.807270,18.466993,5.565780,3.434571
9.220840,6.779147,4.902831,19.030754,5.216345,1.618318
8.442106,6.011784,2.458418,7.407814,2.663155,6.621027
18.492601,9.247654,5.432788,21.185152,8.604568,29.178459
16.627377,9.983584,5.773727,42.758091,10.999172,11.106823
26.591063,17.660130,10.413841,26.230623,6.014935,11.526521
12.104061,8.705547,2.509341,40.288792,9.778786,13.425978
9.945856,7.199533,2.627345,21.666513,5.204660,3.142228
44.140736,28.797001,35.385128,136.716568,40.481712,64.636040
52.378082,32.093754,23.626123,118.290596,27.556154,15.193602
10.037960,6.973641,2.633947,13.579110,4.577969,23.380995
44.408752,28.227034,19.400751,31.997274,8.021142,21.850252
8.417994,6.535941,2.794565,28.548843,8.196432,1.795496
66.219017,30.764227,31.727673,129.942459,33.843208,30.747763
26.491461,17.917633,11.890086,44.584324,12.590178,24.239773
22.389212,15.672156,8.825208,18.849373,3.900774,3.731689
11.890747,8.423579,14.947179,97.741821,25.295216,11.327364
5.179030,3.935829,2.456092,10.383667,3.460779,1.085351
27.505463,17.062809,31.535637,87.317291,25.421562,84.609955
9.855461,6.969784,3.536555,12.179320,2.928906,7.679969
21.071260,14.240273,7.933191,42.432537,12.146452,4.362781
8.437386,5.842689,3.125492,13.884994,2.849487,7.347352
20.500195,13.836454,6.742335,37.519203,9.631879,3.024249
42.732986,27.705629,12.027205,32.442711,8.361377,33.492798
22.530899,15.409238,6.604490,18.052475,4.249452,5.415912
5.535875,3.787872,3.358609,10.752565,3.636181,2.419369
17.176590,11.792043,12.448825,42.652519,10.035548,7.747012
8.632584,6.213137,11.803813,31.823095,6.750719,4.719677
11.655737,8.402602,4.763345,10.070942,4.171061,3.800731
21.705851,14.613437,8.865968,56.763020,15.171655,7.840855
39.312096,25.916254,12.752248,33.995716,8.553183,10.559214
13.104326,8.982722,4.822642,20.430391,5.824455,7.286149
19.309240,13.116133,17.946110,72.154419,18.347328,27.060432
79.415810,45.398605,36.420231,113.387337,31.835712,107.159134
21.422243,15.080047,16.086813,72.480164,19.457766,18.424110
30.482079,20.237556,10.057213,16.394987,3.751691,5.922252
23.351532,15.342275,18.651567,62.864655,15.245087,11.410793
9.339504,6.580256,7.417031,28.835451,8.945945,4.231518
14.960194,10.273689,6.148418,5.923969,0.302880,12.654572
9.738501,7.097308,3.142698,7.819027,3.046234,10.954060
17.639784,11.709060,14.330606,77.731926,25.285809,131.382599
37.803692,24.222181,10.578876,33.066395,9.550599,27.513273
14.032765,9.810670,5.267542,13.732286,3.193676,2.100875
32.696251,22.445400,8.628740,41.678215,11.412309,14.156977
6.655938,4.664968,3.726931,9.009805,1.697603,6.461077
5.838669,4.381954,1.115399,10.864382,3.380539,5.876083
26.997259,18.477098,15.261401,15.805342,2.214176,8.345241
4.086145,2.996945,1.614384,12.511243,3.594399,0.949095
9.567624,6.645302,4.712587,25.477383,6.958905,4.854228
11.173322,7.724603,10.245848,42.901222,11.463221,32.232090
43.643421,27.700085,19.297234,123.107964,31.711462,62.188808
7.493268,5.314648,1.825840,13.219082,3.169180,2.905769
26.094316,18.081553,8.597738,31.284164,7.052351,2.417385
14.811968,10.169960,4.423381,22.929022,6.395873,2.827300
10.341399,7.256293,3.032838,27.692137,6.500262,2.689357
39.058475,25.452665,12.534277,98.842209,26.107651,20.394827
18.635046,13.082532,7.099257,35.202877,7.715706,4.175263
49.623295,33.869282,11.839554,70.793579,19.443302,40.325401
15.505771,10.564140,5.172462,9.613639,3.187532,3.944628
31.012602,20.687944,10.675664,41.101742,10.152246,8.362427
7.500510,5.320445,1.790932,10.509624,2.353878,1.066086
30.194237,20.192019,9.063543,34.173416,8.125522,3.501365
8.474464,6.196156,3.444026,12.975140,3.699038,10.398190
27.319038,16.922628,46.843712,233.225555,64.309700,58.783939
37.696617,24.848742,11.120992,28.911385,6.848430,11.336171
25.302877,17.098383,7.434181,31.490318,6.067554,4.651877
32.481926,21.921968,9.568017,19.686150,5.218651,5.255410
5.374513,3.966781,1.812919,8.818198,2.833982,7.146516
10.432690,7.044385,4.952869,23.434067,5.038283,12.165049
17.286932,11.625109,5.958266,62.555515,15.684275,8.465432
17.540102,11.876526,5.790551,47.174694,12.461936,7.862110
23.143738,16.000114,6.298086,30.275520,7.447662,24.871920
18.976015,13.220744,8.673015,26.879379,5.963981,23.422726
25.132805,9.662918,12.613796,31.029388,8.869722,26.884193
24.324148,12.078045,9.103397,47.282955,11.337010,17.791965
25.975334,17.264616,13.667447,56.122028,15.604048,13.446266
14.138565,9.882698,9.569157,47.879856,12.518886,5.267804
9.303073,6.469537,2.054491,11.542592,3.161414,3.730300
4.423501,3.181901,1.055119,4.530982,0.404592,2.061809
19.920090,12.969637,13.864752,59.186867,14.484483,10.526405
17.654737,11.900055,4.876414,24.878645,6.530346,23.484478
9.065567,6.688054,2.588049,6.774513,2.266354,3.275450
16.135321,10.764177,30.927980,94.274704,23.166552,13.638271
6.362581,4.312461,2.587775,17.328547,5.644600,8.167819
8.207595,5.808006,6.140265,23.145210,6.457695,7.615345
12.732699,9.176190,7.133529,24.355749,5.999413,6.506918
11.481688,8.036947,2.678053,13.479592,3.384865,2.511250
16.798401,11.771822,8.836687,51.898647,13.039022,6.400853
8.874842,5.816730,3.279728,12.819534,2.475014,1.845219
13.074143,9.124748,4.877838,15.766537,4.734968,5.817356
14.500707,10.251114,6.161934,24.618454,7.860681,17.094948
6.809571,4.732992,2.209624,7.387367,2.055046,23.019947
45.571102,28.685116,20.228895,57.815681,16.192324,83.918953
5.858377,3.967415,3.223411,10.998735,2.391546,1.627000
11.158705,7.675523,2.631631,19.969877,4.681900,15.462727
12.001588,8.446404,4.372813,11.820485,2.621115,2.303403
13.215140,9.050130,4.537517,58.668976,16.884287,3.553190
43.098351,26.774553,29.065119,75.357666,23.011452,44.203945
11.437171,7.772274,4.497727,16.184954,4.668081,2.101236
15.048977,10.375709,4.802592,34.835835,10.548052,3.137799
5.697453,3.741806,3.859075,23.852863,5.558736,4.661201
27.281685,17.916483,8.520936,34.485680,9.765293,45.892273
16.785814,11.410460,5.084908,46.244427,12.937518,3.162438
6.649426,4.505939,2.666263,16.532242,3.965902,1.389496
10.420996,7.374004,7.691872,19.463631,4.977492,7.555364
22.106623,15.321140,6.596556,39.731041,9.795938,25.990736
4.921486,3.295293,2.772123,20.846582,5.423127,1.169819
5.751790,4.198867,1.939866,13.122821,2.265548,2.471674
10.534024,7.334836,4.242626,25.344204,5.695664,13.762533
12.165228,7.851436,27.291763,52.527119,14.136193,47.408272
11.720942,8.379966,6.422530,25.811892,6.935062,28.551207
25.135830,17.066235,8.391054,33.135136,8.077419,4.225494
18.867331,12.971237,5.313913,50.763443,13.475457,6.059218
51.142376,29.786045,90.388901,236.758102,67.552322,207.862045
15.698462,10.355427,7.803846,53.318939,15.414945,7.278254
8.868121,6.049637,2.886439,12.733553,2.857926,3.283809
10.426297,7.014740,7.380455,28.027115,8.420822,21.150978
24.819479,17.501513,10.082063,42.023022,11.845053,7.930220
19.537718,13.566801,5.596525,21.936544,6.622632,31.578712
20.261049,13.706692,6.391137,19.901373,5.329484,5.667843
11.478041,8.057276,5.945708,13.944475,3.219151,12.410800
11.652317,7.962501,9.588054,50.670300,13.027303,6.985260
12.313315,8.347342,8.189421,33.268848,9.025681,7.719595
23.768051,15.943043,5.827554,44.817509,13.820106,24.282751
11.242999,7.731231,5.151635,20.007633,4.025749,11.146088
6.719875,4.625575,3.207277,9.757796,2.180588,1.255102
14.802277,10.108054,9.765962,43.035213,11.632524,22.386564
4.661263,3.045178,2.603805,7.261883,1.365056,12.486769
15.239637,10.692716,5.235441,15.357441,4.229462,21.053423
9.946670,7.075366,5.225608,18.866333,5.243264,7.772631
25.696756,17.418610,8.561800,23.514816,5.112596,10.405149
10.051080,7.217139,3.320329,8.214452,1.134348,2.323317
30.626059,19.469271,17.816835,50.638393,15.784213,96.522133
35.312344,22.770344,8.729778,48.539127,13.181702,19.716642
35.100014,23.060024,17.234833,66.642479,22.603136,78.440033
21.611916,15.111673,7.802688,25.582022,6.379097,7.720778
18.264603,12.826658,5.462291,19.296761,4.384751,16.289274
12.338704,8.490340,8.906163,35.836037,8.698127,27.214397
5.258979,3.858228,1.616226,15.507507,5.463676,1.720551
8.499031,6.076869,4.147936,15.291607,4.564850,9.141531
9.704158,6.882987,3.280746,18.087477,4.556210,3.291311
14.390618,10.288180,11.273370,53.595287,17.211353,72.050629
9.406142,6.713662,3.848444,15.969777,4.052587,1.131061
43.054390,25.961279,43.623451,89.529228,23.944042,25.348347
16.651007,11.693098,4.764464,89.592995,23.473791,2.989442
8.823456,6.260043,3.911838,14.483504,4.114892,7.924975
8.408507,5.924667,3.375435,16.907066,3.619745,2.890575
6.883400,4.717970,1.871088,17.252087,4.130138,1.248513
46.965981,28.298388,18.167133,53.038563,14.423840,70.350365
26.508575,17.885033,9.368620,53.973228,15.488518,27.521420
11.932405,8.059689,9.424312,27.988794,6.444039,9.077274
28.183002,15.584035,11.716470,31.286579,7.949814,21.552025
17.461201,9.866696,8.434998,24.498873,5.587876,20.034199
55.461903,28.720966,37.567287,158.326416,40.713356,161.171921
16.837276,11.420728,13.864007,58.633873,15.794456,7.511845
11.036732,7.837998,6.079094,24.935562,6.830406,35.915359
35.572041,22.606140,23.501772,68.809364,17.876141,45.019287
23.778866,13.711793,7.530834,22.835033,7.446939,11.681635
16.963017,10.014908,13.354747,48.460613,11.500138,6.358918
18.425692,12.712312,7.341023,25.352240,6.680746,4.704712
20.718849,13.557766,16.771126,62.440178,16.165524,29.064148
29.899118,18.922815,12.609417,55.011406,13.654451,55.213699
6.285781,4.477712,1.648186,15.904680,3.501289,3.740863
7.590340,5.156626,12.283444,40.894035,12.135682,14.191277
8.993400,6.328338,1.769098,17.108774,4.439596,2.441336
21.309566,14.642493,12.864519,35.026546,11.264903,77.879623
17.652643,11.849363,7.710260,48.019955,14.875180,39.734116
11.914504,8.024089,3.079477,36.729931,10.582044,8.267186
15.202935,10.282916,4.380884,12.759903,4.320690,8.064338
29.694254,18.572823,10.499652,54.637432,14.489573,39.655861
4.328581,3.134400,1.928040,16.564238,4.588518,2.884107
19.869909,14.006578,6.637539,22.091190,6.352648,9.979636
5.517468,3.670572,5.485858,15.481915,4.774557,3.252481
7.230737,4.946867,2.673737,12.018450,2.253426,3.184417
22.995607,15.746738,5.602484,15.934870,4.968091,18.678732
24.338829,16.697548,10.091207,19.942959,5.369314,3.337248
18.140198,12.660050,8.017685,25.927994,6.306617,9.642123
5.070035,3.588530,2.056489,22.405117,6.145451,4.190558
17.579475,12.610620,10.023624,36.574600,9.223207,3.083108
10.788815,7.574277,3.338119,16.752085,4.385819,2.216487
26.153761,17.698679,9.377387,35.211758,10.000211,5.291773
19.953472,13.518698,7.127238,24.215670,4.849782,7.032186
13.984015,9.842938,6.404238,12.414088,3.523884,5.947784
9.206708,6.336198,6.143799,36.619907,10.965438,11.213170
9.642231,6.792897,6.394067,56.699348,14.821694,4.551480
7.870360,5.715521,4.625252,31.139629,8.340711,3.092471
14.741927,9.912402,6.234541,30.411835,8.515243,19.670994
21.582308,14.809380,17.933577,36.409275,10.157345,11.228642
9.961078,6.748518,6.281310,32.280876,8.079432,11.321908
7.721763,5.377897,2.403933,29.006094,7.343576,4.613672
12.273190,8.923087,4.285100,8.736403,1.662328,1.696873
10.543330,7.519837,7.757957,26.943546,7.396377,14.371025
44.771526,27.444244,55.394020,150.209564,45.238567,160.506836
12.847488,9.018947,4.146213,46.420628,13.362350,2.039912
21.222197,13.253254,19.246603,42.667641,11.757017,25.646570
25.690781,17.628109,13.060382,33.211956,9.583329,20.038361
29.347914,19.139206,10.617225,61.245209,19.181749,69.009163
10.634931,7.687825,5.387887,18.380732,4.499251,2.440201
31.542517,20.928909,11.612962,24.855000,7.328779,13.701735
24.888138,16.082718,9.391264,38.239182,8.649189,6.807442
31.103773,21.003351,9.023766,67.350220,16.383389,6.050177
28.823416,19.217720,10.421447,28.898117,8.397874,5.526611
14.055185,5.976449,4.262945,10.127963,2.681550,13.813821
18.613300,11.966873,5.007790,13.303804,3.707538,7.224498
19.725679,13.881891,3.608724,15.707870,4.511067,19.330189
22.576080,14.301015,19.329485,114.137398,30.201559,20.122562
12.855176,8.809614,5.021121,15.854364,4.781277,2.364743
29.317894,19.393610,6.255993,27.553875,8.651689,5.916693
18.151970,12.357677,6.017405,14.822582,4.818997,4.567405
31.017630,20.661833,9.969166,34.572979,9.127225,3.553853
17.738651,12.552595,7.455772,12.092431,3.552404,6.421854
8.634128,6.101994,3.312563,12.703710,2.721573,3.886440
41.488895,25.726597,49.141109,141.964493,35.872486,34.170803
11.084872,7.645391,3.926587,10.170931,2.772761,3.798329
29.784369,18.759304,14.140758,48.890163,12.455038,10.555665
55.021912,32.158249,17.554598,49.245384,12.034586,10.476320
38.780720,23.148046,13.295647,62.032341,14.756948,11.569182
22.962816,13.176051,7.495058,48.403481,9.711135,7.072518
21.704912,15.133370,5.566912,38.476997,10.331706,5.029203
31.132589,20.183369,12.584813,61.667923,14.508609,5.340260
20.881468,14.405250,12.763750,35.938839,7.495373,22.824821
6.751681,4.773271,3.539493,8.206777,1.376112,1.149415
22.423866,15.711253,8.865898,20.290304,3.938058,6.123296
30.687250,19.964077,27.238850,106.238571,31.753185,118.884430
24.684814,16.458618,8.262370,27.342342,6.849729,5.288340
25.534790,17.221939,7.962868,40.757874,9.918051,5.538876
15.535543,11.116338,5.844296,10.663758,2.992743,2.742678
51.591446,32.057526,26.064112,39.561543,13.283219,82.690910
34.232113,23.120005,13.893514,35.830578,10.203535,31.953062
14.531132,9.800310,7.508172,23.937304,7.253539,25.080023
20.001678,13.047859,9.906193,64.428177,18.228359,10.706317
12.902981,8.811866,5.622094,15.999336,4.106105,8.523970
18.434872,12.582978,6.169859,45.788761,13.354704,14.248734
7.048536,5.064298,7.237875,27.850573,7.533440,7.225684
11.192384,7.738225,3.399880,24.417465,7.124137,4.777389
46.529316,28.742882,18.370913,31.671062,6.375197,34.462982
15.629886,10.802165,4.163297,16.665165,4.485858,1.957806
11.188375,7.266561,4.563914,34.580166,8.875188,6.168620
7.990771,5.859421,2.080446,28.264219,6.991856,2.935636
31.655750,21.180138,9.888289,40.685120,11.428740,9.373471
30.023720,20.055008,10.527736,55.763138,14.017782,50.040756
6.708724,4.757659,1.488211,12.523315,3.197466,4.735130
38.376751,25.856874,12.614489,69.891472,15.290504,8.033140
9.732384,6.825588,1.958605,12.290671,2.303235,9.738644
13.432034,9.398829,3.890939,24.344540,7.498153,2.502090
5.490033,3.972544,3.990390,19.750229,6.128739,5.522643
8.789123,6.124928,5.550684,15.316506,5.422619,4.118375
18.984377,13.315644,6.350374,20.201172,4.929027,14.153288
16.437389,8.212204,5.742908,28.396107,10.378937,5.056065
22.447943,15.449502,4.815172,36.550167,9.569358,3.709106
11.804375,7.894333,9.116374,27.516617,7.606790,36.505142
13.456614,9.040175,4.696523,36.242985,9.451111,6.904877
26.776184,17.954803,9.106118,25.009947,8.000473,59.746334
16.082449,11.474768,5.179330,8.302421,1.439651,3.157541
21.331926,14.097136,6.641694,16.527906,4.653522,5.278621
20.224129,13.831000,5.778229,64.374947,18.220215,5.060402
11.045625,7.961906,5.068445,21.175184,5.378257,26.224707
16.445669,11.281490,6.381630,21.484194,7.072477,14.519713
17.549978,11.988807,12.953757,97.003914,27.221640,14.490725
13.474089,9.481146,4.815006,17.210331,4.786472,14.484018
19.941307,13.893743,6.798302,34.190712,8.770057,4.706780
15.575131,10.672250,12.892242,53.794167,14.566421,10.896080
5.557682,3.847869,2.365619,13.454226,3.128215,3.941130
10.124364,6.897842,1.923038,4.347829,2.466739,4.159606
26.269039,16.901648,14.201549,47.137016,13.213030,63.011959
15.847517,9.474332,5.582567,19.805368,3.587437,6.917150
17.955448,10.573905,6.512943,21.472204,4.138310,5.429670
50.925831,34.053349,16.441126,105.477760,30.793280,42.506069
29.699224,20.276728,9.267645,40.090622,12.227468,79.148552
11.288811,7.967496,4.789394,10.616874,3.411223,14.140033
17.068752,10.949168,18.150179,79.307930,23.306032,85.545784
22.470114,14.660805,21.101810,101.718513,25.155403,14.951082
9.402026,5.024097,6.582248,28.801594,4.380705,3.523498
18.808016,12.819709,4.713792,18.651386,4.385381,6.180477
10.180754,7.393456,2.311452,15.459319,3.753704,4.491148
21.047550,14.516254,6.616043,27.789234,8.537048,39.917469
10.877789,7.828287,6.027874,16.776623,4.257531,16.347736
21.707190,14.299981,8.383546,43.247768,11.767641,23.499172
9.534098,6.777988,2.029615,9.734245,2.858212,3.338925
5.474808,3.932145,2.231417,3.093884,0.408074,5.843112
15.556540,10.884889,6.626295,18.349821,4.454833,3.793996
11.547471,8.163364,4.342420,57.204304,18.815641,24.049913
26.195131,17.582331,7.413985,53.648457,16.684265,50.749508
8.273900,5.658162,16.316622,61.759262,17.473816,59.019108
25.906496,17.297298,12.604802,49.750435,11.746078,22.287111
5.250700,3.629889,2.184920,3.653573,1.734585,6.582065
20.314554,13.827539,6.370138,24.155205,4.969786,5.150584
18.267349,12.198945,7.104618,30.743898,7.591457,14.765278
7.753234,5.721284,3.281924,14.809395,3.750499,9.832274
22.631886,15.842215,11.437883,91.791641,30.883142,139.929306
15.233844,10.302242,3.804546,30.737938,7.634230,20.036175
11.467392,8.193836,4.099628,18.329494,6.091718,1.427588
35.853436,22.589264,18.808163,46.692616,9.906922,35.753597
9.828590,6.617328,4.832114,39.788204,8.783031,8.992397
10.946437,7.268756,1.937526,9.030931,2.310476,4.023403
20.391706,13.456883,13.656112,91.362183,25.803305,10.878196
34.972492,15.979273,13.191067,123.505905,33.529125,11.920511
12.665812,8.544906,5.127731,25.130512,5.995067,8.529541
8.083720,5.937935,2.471560,50.772999,14.395527,4.400868
12.053341,8.500547,6.333007,42.757908,10.964740,3.670787
17.375570,11.692860,11.095790,55.135353,13.755055,46.719154
37.342316,24.042107,14.007995,33.129162,6.584182,5.534227
17.847797,12.290586,6.988606,16.755100,3.345786,13.314697
21.146263,14.605752,15.865786,69.900558,16.264050,10.971546
12.603786,9.036823,4.387853,167.590698,49.465141,7.961359
32.215168,21.528414,14.825327,29.250668,6.235239,7.691862
7.155102,5.121511,2.722757,10.780884,4.017318,18.850445
35.496475,21.263334,25.627125,92.957993,26.924746,20.473520
19.681368,13.125020,15.236712,54.472301,15.650310,74.690971
10.445101,7.234336,8.208864,74.714287,17.863791,5.659873
16.971228,11.323350,18.715975,43.639503,9.542012,12.679490
60.649635,34.691898,15.247499,79.372719,22.833996,47.342331
10.235505,6.901793,6.339836,53.440529,14.412352,5.653280
20.907457,10.505466,10.251094,44.311867,10.759561,9.580597
33.999584,22.340208,23.760565,46.639473,11.744933,6.895256
13.441822,9.639399,4.475161,37.094917,8.851319,4.192204
12.097987,8.349372,3.867234,19.124943,4.315071,0.976937
49.873367,31.889561,14.626881,87.988464,23.975506,6.835071
27.855873,18.220200,8.625462,29.104527,8.342827,5.749485
31.216818,20.734289,16.922882,50.013733,13.533506,56.566410
23.836597,16.536224,11.689738,40.631012,10.499815,33.213383
11.158956,7.918466,5.541455,15.756514,3.241242,5.743312
10.736990,7.447043,5.280686,13.682822,3.365740,2.119099
25.765884,17.215460,9.750880,28.082272,6.316355,26.411688
6.021183,4.313949,4.579883,29.288204,7.835887,19.304070
48.749363,18.727299,25.554697,93.540619,27.393297,75.619514
41.924126,18.337843,20.737986,100.920288,23.248013,33.549530
24.998800,16.899803,10.353909,22.949074,5.955548,6.212422
13.586863,9.119562,4.315529,20.318705,4.476043,4.407015
14.543216,10.407423,6.476837,39.142433,9.958175,6.506405
8.903705,5.754663,2.907936,20.249859,5.314405,18.899841
13.863854,9.826115,4.295327,12.272552,2.875409,3.296421
15.272925,10.397711,3.960481,49.436436,14.051509,2.381649
16.302299,11.078850,5.626295,26.389519,8.913486,21.414619
13.056165,8.689322,5.673440,44.288887,11.441037,3.588311
16.913116,11.431543,9.022915,7.352040,2.540155,3.664589
21.029778,14.309175,21.192324,33.320694,9.012931,10.276414
30.616791,20.533510,42.315304,141.277634,43.791313,187.157700
22.259735,15.028723,23.165398,90.364311,30.782051,64.866783
30.128937,20.405298,11.579445,56.702160,14.814198,11.135569
16.395004,11.810238,6.198451,14.174164,3.744018,4.164923
18.257824,12.237725,4.989128,36.455708,8.799982,2.998314
10.986365,7.676126,3.934759,18.126842,4.755160,1.543171
20.279974,13.714613,10.939343,66.812294,20.473017,46.619755
13.376158,9.226857,5.055688,15.878226,4.268833,6.818483
9.614809,7.129478,2.708169,12.304953,2.349046,16.474358
9.714290,6.664310,2.919293,9.158989,2.148853,1.840568
11.940449,8.367463,4.296232,10.380670,2.002218,2.329449
6.110221,4.439902,1.881515,16.047758,3.335525,4.340690
66.583488,35.939102,82.264954,265.790527,70.676056,128.749832
36.761269,21.539448,14.472019,77.439774,18.154091,12.304914
12.866302,9.299483,7.464932,48.101402,15.254659,6.869773
12.520988,8.591541,3.825244,19.864334,3.870509,6.257600
30.173386,20.149187,22.090166,74.348328,18.453279,34.301334
16.851471,9.622334,6.579675,12.486392,3.068691,8.483064
28.817320,18.237249,10.907891,43.438507,11.443195,44.050343
41.561951,25.772015,33.991955,184.943558,59.105305,58.423332
20.550617,13.768181,16.988728,107.282265,27.262897,25.408438
24.352407,16.296280,6.630154,38.426037,10.589457,48.411236
30.476562,19.780838,20.048063,113.807877,29.598421,42.398895
22.328655,13.957415,7.384198,36.914600,9.194195,22.449764
6.940515,4.916113,5.373168,30.091791,7.264645,4.500812
9.662044,6.669577,6.429647,13.308114,2.593387,3.067177
17.732296,12.258293,6.182507,24.109531,5.788391,5.524778
7.595564,5.387136,13.589321,56.124130,12.673386,15.328592
20.532949,14.472811,12.945877,33.371426,10.845920,46.996140
37.263428,14.574656,17.174072,62.745937,20.055025,30.052534
31.595495,15.405670,21.892557,80.767311,20.974678,31.428709
13.009453,8.689977,5.892673,77.015045,19.760168,9.837274
6.853372,4.881262,1.425716,13.538555,3.286640,6.853497
16.946814,11.584607,20.737246,70.065483,18.662050,35.424763
8.873334,6.532704,3.302208,12.878941,2.088483,2.321500
9.983355,6.902675,3.631931,26.992889,5.819867,2.502084
20.824663,14.700303,15.546310,86.722267,22.700771,12.400547
18.536619,11.913076,32.867336,145.105972,45.227177,67.483566
10.198331,6.963496,3.217005,26.152143,6.937405,11.961473
57.781933,36.216450,14.147422,51.856892,12.332380,11.134508
32.801598,20.752644,9.676728,47.272236,12.628527,32.022667
9.656218,6.950785,3.346862,12.990719,3.405662,3.184280
6.814395,4.572086,1.982779,16.276947,3.426575,20.326399
8.649630,6.258780,4.701829,19.393171,4.314172,15.522295
52.215118,27.927731,62.837742,153.003891,40.362751,51.648937
23.467295,15.649942,8.011735,20.299902,4.406585,4.147791
13.731687,9.587791,6.107335,26.125521,6.750525,4.862756
10.624662,7.028699,4.000407,18.817146,4.218977,1.997876
58.729527,35.883217,23.479326,80.792953,19.705469,23.561188
23.018917,15.517883,4.734348,22.846436,7.243152,17.190870
40.874657,26.600115,14.201001,48.416016,12.766483,28.523846
18.946098,12.580547,6.805508,27.612534,6.029925,5.499621
25.359594,17.327467,7.030881,25.314060,5.312597,6.465957
18.704145,12.615074,7.896184,19.733065,5.645742,38.511761
11.223745,7.825295,4.596655,15.980240,3.358627,3.113334
31.965464,20.699989,15.387257,62.924595,17.736856,15.652647
30.814810,19.577652,10.655793,41.364796,8.902142,7.035535
5.046158,3.600602,2.623768,10.167336,2.751961,1.137561
25.690844,13.565023,8.497126,18.907972,5.104619,7.711089
25.762964,14.543357,10.425255,21.711956,5.748487,6.042534
26.408791,18.226948,11.608325,33.010948,8.343324,18.004456
21.207026,14.615103,38.260155,78.198647,16.536123,12.914248
13.033085,9.219288,5.017305,15.302942,2.366906,2.864278
5.519574,4.019586,2.549255,15.014839,3.959822,1.785945
15.183348,11.087446,3.812541,20.431948,5.404677,4.166686
13.670122,9.353631,3.722815,11.759165,2.809737,8.705594
27.678877,18.966965,6.726393,35.850487,8.178896,4.272649
21.670889,14.367661,9.583960,52.134388,14.650808,5.493989
7.682514,5.833041,2.183089,25.104809,5.840549,1.618803
11.512147,8.155235,3.808383,12.377857,3.263898,6.372808
12.362210,8.404325,4.741722,37.083580,9.424554,6.175478
6.532364,4.678760,2.393515,3.552238,0.413191,1.958488
13.336072,9.232374,2.183758,11.691113,2.748198,4.132109
7.597449,5.253632,1.783523,25.071201,7.714877,13.781607
25.975128,17.729832,10.367839,20.254248,4.560293,3.277278
13.661130,9.466707,10.214257,48.819389,9.758169,5.315261
18.716183,13.365139,5.040416,9.815868,2.196394,2.013246
8.645627,6.076882,2.732522,21.699257,7.324205,12.914868
8.758031,6.331191,3.673883,7.624157,1.329207,4.695170
30.940552,19.629112,10.793523,42.357533,8.896873,2.542143
29.437672,19.131243,9.095091,28.621553,7.741302,49.126534
6.626500,4.696303,2.870261,10.136045,3.135625,0.204198
8.832656,6.408866,4.663702,17.914061,5.108923,18.952127
34.015930,21.981335,19.000820,47.700718,12.123687,11.890869
7.680773,5.458488,3.662310,11.239629,2.366401,0.284674
31.767096,20.820723,18.350323,72.037956,20.056650,52.033501
33.252720,22.766735,12.166905,43.903248,10.708828,16.747974
43.622417,26.864264,59.883675,174.513214,46.802773,161.498611
60.313980,34.984650,47.357853,151.539490,44.775291,78.216896
36.224041,19.296362,67.978859,244.185562,75.310951,239.310852
27.915646,19.007969,7.941193,23.538477,4.967224,4.812928
9.360935,6.355224,6.881485,42.470245,11.744815,3.575272
5.295725,4.072784,2.476561,2.635677,0.393582,1.405156
19.103098,12.934659,3.277621,16.025616,4.688269,8.642490
7.704348,5.502122,2.877835,7.157995,1.828898,1.844571
7.588407,5.410196,2.668355,10.791983,3.167038,2.133511
7.320787,5.468194,3.738066,14.000879,3.613729,0.430368
12.646395,8.587195,4.860825,26.836828,6.809166,0.639828
30.554234,21.596294,9.700201,46.037910,12.890257,4.650767
5.888748,4.319693,3.833493,9.383648,2.478299,2.355959
16.949814,12.129633,7.160388,20.648617,5.215392,4.107443
12.649225,9.126603,5.514795,14.261803,3.520938,4.815026
20.181824,11.581873,6.304007,26.773987,6.642714,3.373703
16.938099,10.671514,6.208201,24.249676,7.275120,8.350136
39.877724,23.998037,27.453058,83.467102,22.409245,37.632706
20.505527,14.349888,21.842545,80.786919,19.816959,19.261803
10.935863,7.714153,4.527873,22.991034,6.697026,16.289688
40.059364,18.168766,12.265640,97.663574,29.146339,8.195170
34.431221,15.646393,12.124510,127.108383,33.309483,5.987745
23.988840,14.450084,19.557947,146.136993,44.452271,71.013016
15.674046,10.409790,5.820060,14.550272,2.908805,3.467648
25.159277,17.070910,7.169526,17.878481,5.191463,33.425320
31.053085,12.739758,15.255747,60.557247,17.032183,22.770788
40.178432,22.487204,19.530972,80.799660,18.107565,21.958908
20.226667,14.277550,6.035860,14.204024,5.151532,27.848005
19.319504,12.754857,7.743607,29.219191,8.378431,3.830831
12.747536,8.561853,3.364620,37.071888,8.608438,4.863460
24.293015,16.050285,26.367039,113.716682,32.471638,40.733101
18.167339,12.735958,13.645870,23.924955,7.565681,7.157048
9.990570,6.966707,2.941223,6.450202,2.278827,20.655352
17.842798,12.075808,10.030708,62.491638,15.577229,17.249441
9.255103,6.690390,5.168560,22.801769,5.188675,2.228213
24.376743,16.572277,9.530540,37.705589,8.600590,7.329146
22.447937,15.349190,6.766012,39.476501,9.833622,7.958251
13.816097,9.439604,10.133131,42.838436,11.296619,17.229174
25.162056,17.741051,7.821947,34.032185,9.057501,27.745071
10.087346,7.019363,8.589252,27.988781,7.105594,7.763736
18.239914,12.315428,8.145041,26.076719,7.376693,37.128483
28.771000,19.871428,12.297906,50.174084,16.717098,101.357056
18.935652,13.495594,4.291403,36.531239,8.317331,3.809707
11.910936,8.375737,4.724286,11.556592,3.305747,31.290110
18.636423,13.036486,11.277598,54.261990,12.146940,10.485794
8.529037,6.054764,2.135768,21.591724,5.930373,6.159508
42.345478,26.341583,13.854786,62.477509,16.807304,37.128967
12.359382,8.572571,4.636345,69.846107,16.114201,4.605538
13.708864,9.178556,6.020707,11.326880,3.414721,2.647089
12.969268,8.495785,2.616093,26.099442,7.669665,3.379865
23.076525,15.183330,7.942190,32.004440,9.415237,41.454624
13.811898,9.674842,3.800847,11.281387,2.762221,3.504149
16.340961,11.535165,5.740784,13.467896,3.050469,9.826457
7.506179,5.308591,4.752220,40.504547,11.339611,5.098624
48.464520,29.631931,26.355377,92.729668,24.280640,21.008009
14.601266,9.692095,4.514853,15.975125,4.455934,28.449427
36.729351,23.635258,29.907080,135.139557,45.017963,157.692886
9.814936,7.077168,7.426495,42.482792,11.262627,3.225400
40.160309,26.324373,15.619612,58.468582,20.421976,115.117447
13.332628,9.338403,6.100957,13.404165,3.026288,4.194687
9.776298,6.619685,1.906229,13.090313,5.103807,2.082591
43.368046,27.515636,47.653999,129.106812,35.136414,130.537857
8.726366,6.220698,2.537531,9.598735,2.342716,0.739906
10.383150,7.380673,5.540253,32.180187,11.730388,46.067623
10.246782,7.082911,6.352210,26.283579,6.962852,24.952223
10.313299,6.823383,3.086405,17.478029,4.201606,2.217701
19.160776,13.665384,6.241981,12.545995,3.774745,3.895795
16.147287,11.359228,4.072917,18.062500,4.684406,7.370173
8.708411,5.884311,4.016044,4.563993,1.190667,1.158726
16.459919,11.223019,3.932520,7.837367,2.097782,7.127604
5.834349,3.980939,8.837848,27.823313,6.617548,3.473274
41.886112,24.146357,31.974823,146.402832,37.524918,27.245832
25.071743,13.441765,9.707075,51.068199,10.163585,4.426893
12.764130,9.135697,4.195637,11.725467,2.850054,6.854036
7.310746,5.563091,3.015290,15.426265,5.552553,2.941278
17.637938,12.499965,12.600464,25.464724,7.213270,14.620234
10.222492,7.542249,2.309218,44.392582,12.717923,2.123649
23.497232,15.598884,11.434103,41.776428,10.645144,11.262663
61.594463,35.440506,48.878883,150.783020,41.969585,160.713242
22.922506,15.382854,14.688169,89.309799,25.485901,65.744255
10.707669,7.812698,2.702813,14.373955,4.648826,2.298491
29.173166,19.251471,13.662636,72.329590,18.453941,13.412943
20.972969,14.218699,5.998896,17.959192,5.575613,57.707989
46.436600,29.508795,14.984983,34.816715,9.698358,13.471251
8.976048,6.063465,2.979992,27.531635,7.173658,17.461895
27.961224,18.367594,8.898829,21.792271,5.930625,20.531086
11.426515,7.891910,4.969887,5.129133,1.751108,2.359654
30.225822,20.144642,8.473138,43.900875,12.100938,24.153463
9.510738,6.631707,2.578818,11.422327,2.725368,0.901873
13.266438,9.463552,3.721371,8.330286,3.352044,19.211021
16.626123,11.741326,6.151951,37.007626,11.702872,29.965836
33.397137,21.779037,28.614540,55.535587,15.535710,22.464199
50.579300,29.572119,39.009487,173.520081,52.571217,171.292160
20.113180,14.119883,6.367432,12.987998,2.666401,6.913722
15.413228,10.685816,5.570628,20.211533,5.040659,10.587432
37.594315,24.477859,11.330020,42.954395,11.268894,18.107742
12.720407,9.100718,4.408565,14.081141,4.160851,4.428788
7.567310,5.066105,3.586407,18.480947,3.432509,0.293619
12.618429,9.008095,7.520358,50.117630,13.793474,5.086340
11.970494,8.514545,4.436578,11.916512,5.125434,18.309380
18.552824,12.915274,6.530657,18.359596,3.969565,3.795345
41.030285,23.526379,13.032467,42.908272,10.420656,52.695034
32.144444,19.648956,25.653780,77.169815,21.013844,41.082706
36.660446,23.672472,18.764654,87.617897,23.295984,16.390324
24.078907,16.800457,7.339909,23.683554,8.032869,25.552719
8.808353,6.427798,7.065873,69.371231,16.009827,5.711147
51.976124,31.432878,35.147446,103.720833,26.420185,45.876842
14.251228,6.566725,4.814679,64.096329,17.793297,12.732327
14.591765,6.523417,4.878259,64.191620,18.182467,12.646973
9.126187,6.677134,2.274205,20.495289,5.830171,2.634526
19.890053,13.550353,11.808738,49.639828,12.144662,31.271957
23.621561,15.338651,38.557007,76.427376,20.559473,61.945915
68.238022,40.493977,27.585669,110.265038,38.085045,144.323883
29.112698,19.534166,9.189216,18.051525,3.388277,4.686128
35.802998,23.175447,24.816341,111.997871,30.354273,40.458656
27.554047,18.853323,7.471710,19.429827,4.930407,3.669643
13.381845,9.332099,8.758284,39.197147,9.272347,5.692942
27.029367,18.017130,7.350846,25.652554,5.886739,5.879774
11.906149,8.597136,9.503166,17.005709,5.409578,6.551150
5.886385,4.135724,2.675792,15.515018,4.235511,2.107144
17.750526,12.419918,5.845579,38.355930,8.051141,1.712960
15.306060,10.793054,4.682928,11.513649,3.234415,10.216763
6.711987,5.178689,3.886799,13.413899,3.346814,1.843412
7.472651,5.239487,2.500260,12.946938,3.783954,15.625659
23.393705,15.874022,13.885312,31.304390,7.834147,43.746979
21.229046,14.762109,5.904459,19.730965,6.631713,12.624445
5.129444,3.788909,2.911181,34.522339,11.145682,1.380042
11.119296,8.205815,4.825356,14.693295,4.099361,3.222907
30.648756,19.920622,19.529558,75.204315,18.911375,5.810837
17.823505,12.776353,4.928460,29.536797,6.700716,2.437934
18.320740,12.709028,4.703336,10.430983,2.152178,2.119340
26.968872,18.212751,13.872401,64.263824,15.898412,24.560652
31.737946,21.565704,9.297522,39.818829,9.946785,10.879243
18.973198,13.050576,7.955868,24.722605,6.802670,4.942880
32.932091,20.398411,23.942238,103.358429,27.909422,33.927250
21.185839,14.628482,8.030153,17.921318,6.117208,12.524466
38.532688,15.887804,18.957569,66.710297,18.013756,21.025972
45.513809,25.824514,26.749029,81.555870,18.177488,24.211285
9.197845,6.429046,3.562248,3.786162,0.805942,2.087790
23.795641,16.430948,12.647202,61.946976,16.678406,11.238980
20.036600,13.771776,15.516486,49.243950,12.607800,10.024014
19.877365,10.286317,6.407850,33.453331,10.665988,12.575514
19.611057,13.565532,12.600687,62.919132,16.725140,15.695785
10.367714,7.518861,3.914800,19.390865,5.796114,2.693301
19.319162,12.385985,34.563099,110.544594,24.896584,17.805641
23.100021,14.863952,7.737390,26.022882,7.568351,23.503422
27.056847,18.157043,13.464400,43.121689,8.290374,11.211991
8.616441,6.065678,6.753288,27.411892,6.971631,13.451874
78.390915,35.269218,31.600386,124.967682,33.383167,104.654007
15.324357,8.913992,5.490689,19.938835,5.867305,4.977900
12.532524,6.556169,6.565355,46.013153,10.821956,5.005535
37.595669,22.662605,11.402424,33.977898,8.049976,32.296501
19.917784,10.207636,5.596932,28.711361,7.065584,3.878527
15.690671,11.011236,5.083707,22.567881,5.097297,2.722122
12.742733,9.220501,4.063899,8.451039,2.340234,1.535722
29.280422,20.312170,8.059466,42.261360,10.672870,12.925309
9.709252,7.059349,4.356204,5.889463,1.658442,1.965134
21.326523,14.517246,8.595450,25.938360,6.509828,5.341187
12.374462,8.278681,10.463788,46.688091,13.086508,13.898872
31.336843,20.363579,16.755310,104.226082,25.290113,13.444429
14.315443,9.942822,6.505220,7.869654,1.194661,7.483624
6.758797,4.715574,1.425002,4.199976,1.089051,2.250462
12.472964,8.584221,4.540942,9.720861,3.585157,3.565850
29.380718,18.021084,14.283839,52.597122,16.917604,46.267056
7.088280,5.057173,2.719749,12.852069,5.323818,13.824934
41.815693,27.637259,10.488529,40.280499,10.701477,31.992783
21.240540,14.497166,7.937396,55.655239,15.137154,5.052064
7.158607,4.713735,4.024769,53.704800,14.759356,2.961022
6.785558,4.810198,3.089302,21.884298,5.599432,3.655098
40.801304,27.428892,12.359781,19.261679,4.416631,12.445746
6.611495,4.868330,2.941895,11.849944,2.795810,5.094820
18.079113,8.152538,2.244008,30.694605,10.012108,3.857643
26.819693,17.385750,5.849546,49.608154,14.427296,3.958784
4.585765,3.189453,3.170494,16.505232,5.091702,14.750188
15.153987,10.508780,6.250889,25.538965,6.830713,4.568244
15.092347,10.838350,4.891565,11.160707,2.266782,2.111017
26.077545,18.000809,7.190487,26.003233,6.357886,7.286242
31.806984,21.167944,11.431987,22.469849,5.603088,11.727620
25.446493,17.446957,7.681787,16.937296,4.792852,16.821575
7.253257,4.875140,2.759572,31.364426,9.810846,2.564015
28.500509,19.424545,8.233194,21.800753,7.449364,20.121231
40.441429,26.756777,13.341072,36.132504,10.131701,51.896851
7.407033,5.381221,2.822978,13.030385,3.718051,0.332551
25.974131,17.060019,5.998093,24.000490,6.410001,5.327499
21.007483,14.063087,4.501838,33.311123,6.191561,3.078366
21.153959,14.944103,6.499975,29.479813,6.611442,2.739072
7.385022,5.248920,3.776868,7.324692,1.192550,2.278785
47.984310,21.150030,52.639999,166.734009,40.262962,95.585480
5.007223,4.038525,1.368378,15.464656,3.582416,4.308272
28.275618,18.522636,12.681016,28.377100,6.807450,6.650509
10.678657,7.296815,3.219598,32.616493,9.657013,9.592440
19.801992,13.878410,11.254716,72.904037,19.505379,13.209116
6.515618,4.675557,5.100347,27.730070,7.060975,7.996894
17.970827,12.347332,7.440556,71.235184,16.300381,12.051462
17.112822,11.714957,9.837526,11.627211,3.799691,6.618231
12.829329,8.958669,4.118546,12.678466,4.061969,17.805840
14.333331,9.581196,21.394001,70.233109,19.299322,69.105240
25.875984,17.460737,13.693233,38.126080,9.000951,17.701756
16.289211,7.009414,7.454573,29.628971,7.179431,14.662461
16.334929,7.011458,7.501440,30.488783,7.161221,13.964646
53.727478,33.400082,26.298792,81.982834,20.958380,52.203018
4.213451,2.997691,2.489320,1.129902,-0.082732,3.526686
16.705263,11.582933,4.923054,14.028376,4.111528,2.959682
7.460846,5.306334,3.110113,35.379887,8.589723,7.207767
7.166566,4.746346,4.150563,15.170445,5.231837,1.788329
20.372299,13.982774,6.553106,30.557281,8.165904,30.396439
8.670272,5.600899,4.301727,26.183298,5.542408,2.602993
9.263278,6.300512,1.721947,32.384212,9.217461,12.389650
36.742321,24.439119,17.860821,39.691402,11.309463,15.581995
23.934315,16.121969,5.328041,33.471001,8.804123,9.459153
12.317272,8.751766,8.010176,13.300423,3.414617,20.679356
20.313505,13.856868,14.880877,72.118332,22.706760,85.629463
4.971752,3.576626,1.660424,22.090279,6.290635,1.396153
11.310448,7.675671,9.058734,26.535461,6.654416,17.354822
7.706817,5.303534,3.485772,11.102102,2.885146,2.144250
9.630265,6.924982,4.945480,24.868191,7.280430,24.216825
21.100895,14.064425,8.109463,17.154741,4.710079,36.688229
13.810907,9.140668,3.158654,22.871931,5.908934,6.633766
31.891502,21.148130,31.628601,67.550468,19.715000,99.749931
16.962135,11.255598,12.438872,64.292198,18.148432,35.314850
11.017989,7.603717,4.176304,11.158088,2.786700,6.215612
10.134984,7.354411,6.014591,27.291807,7.408020,35.566425
17.901558,12.245987,3.600470,16.663618,4.311238,8.051289
6.096000,4.578899,3.106897,13.035346,2.948328,0.507692
36.055790,23.323927,22.098719,54.310852,14.034423,22.903145
5.847274,4.147610,6.402005,21.512833,5.546839,2.345940
30.185066,20.795155,12.500875,55.497513,14.286633,14.007972
11.852635,8.491737,7.588934,29.630449,8.707439,24.087616
28.210123,18.827898,15.004267,48.657436,14.131358,47.483200
10.339135,7.242161,2.847303,15.610969,4.416194,5.327043
27.742325,18.081139,9.681664,36.053436,10.285341,12.129963
65.855988,35.805298,69.290192,285.588989,76.609070,99.209160
30.687403,20.464521,9.823867,45.280819,12.751954,5.510713
6.470999,4.418248,4.836357,40.627808,14.037426,25.235672
20.775976,14.033654,9.940324,32.218575,8.917073,13.726795
9.316485,6.467654,4.084777,9.748000,2.551295,2.326202
33.673935,22.373327,12.754620,22.350464,4.293616,6.453350
20.469103,13.457928,6.368365,23.196884,4.824495,2.622556
17.192488,11.412507,5.946741,21.144707,4.346520,1.792201
17.819843,12.038676,13.137086,25.881802,8.465155,31.017633
4.660239,3.483234,2.130608,16.730099,4.530776,0.962249
24.184881,15.814629,25.121387,64.721954,19.295517,155.494507
48.783482,30.228052,16.848270,127.688232,28.659077,22.870943
19.642496,13.368095,13.557689,44.336498,13.084615,23.562765
48.253613,31.610352,24.278400,79.066696,21.885027,69.451332
33.487114,22.096859,12.190952,36.984333,9.722071,18.412355
28.860456,19.180431,17.509432,35.720516,8.999884,16.231636
9.001167,5.845584,3.450590,25.007360,6.696873,2.124883
23.619335,16.771158,7.518213,24.265747,6.973779,6.465319
22.059607,15.144090,8.791056,23.514435,8.853553,50.597515
15.979111,11.074211,5.790354,17.260248,4.116435,18.903839
48.981911,29.468370,47.596680,100.838661,30.466946,219.601700
32.211048,20.234007,11.546110,23.303669,7.541225,33.817398
26.414892,16.481850,7.418567,35.168442,10.519413,6.467072
22.394367,12.213855,12.201661,43.207146,10.801812,8.164722
51.742550,23.051247,16.203617,63.622585,21.890892,27.076738
42.720798,18.142130,16.971581,102.857803,26.753197,22.571478
17.215631,12.052726,6.822857,17.021013,4.582370,5.186171
5.988883,4.371320,3.908638,5.467267,3.605353,3.063828
7.848977,5.668883,3.765132,11.162988,3.014303,10.283316
17.225334,11.995912,19.538595,65.578064,17.500744,24.259655
13.076835,9.175614,4.680871,19.061144,5.155231,31.996712
15.323328,10.496826,2.496338,14.992773,3.343190,25.991823
21.038000,14.172562,4.501766,18.247105,5.419405,6.191967
31.327814,17.803347,37.811325,130.629196,34.075039,32.282101
11.055267,7.585428,3.872488,8.428420,3.046403,12.854482
12.384237,8.882824,2.953497,15.827207,3.165208,3.234299
11.095904,7.809679,5.207911,15.693510,4.589355,18.687717
37.916607,24.001791,18.732159,95.745995,25.849499,31.489178
7.117097,4.741425,1.885992,26.075157,6.850532,8.111283
15.912959,11.365589,5.677777,8.593648,2.080389,1.947781
9.478737,6.781267,4.189251,2.214214,0.313041,2.638017
23.970407,15.577631,23.430017,80.093178,26.641886,86.266266
8.892579,6.274777,2.188831,22.293722,5.434484,2.540461
22.526350,14.737299,9.044479,28.937477,8.739208,17.085421
28.409134,18.940989,14.622954,42.968719,10.193991,23.631470
16.509680,11.426370,7.057550,34.393642,8.449081,38.522720
26.758764,16.147696,48.075783,157.795959,43.760918,157.646164
7.371508,4.797286,4.066626,15.353818,5.214452,25.890455
8.793162,6.285862,3.989278,9.874184,2.432684,8.388684
23.083883,15.920784,6.420033,26.151869,5.671700,2.730825
25.402472,17.272505,6.606318,21.271982,5.193512,2.078408
7.775494,5.476306,3.652241,9.636662,0.992485,1.666761
9.447571,6.685136,3.785774,4.748211,2.095927,15.979519
23.550877,15.839295,14.158296,70.800201,19.229918,53.216175
6.597334,4.314033,3.157446,8.029016,3.519871,6.641643
14.320359,9.987008,5.575631,13.001928,3.724873,2.940527
36.391891,23.516203,12.700320,72.108551,16.344242,8.471923
17.533188,11.978545,17.611557,81.985725,22.555107,7.481032
42.002136,26.441223,13.783038,98.499428,29.699280,9.736717
28.665516,18.665499,14.292291,61.655384,15.740668,10.017747
18.011332,12.183066,16.219021,53.979160,14.414621,29.176216
14.827454,10.818250,4.360390,28.277020,7.018120,3.347762
14.471981,10.298967,4.895283,24.829039,6.917010,13.741520
26.798779,17.726049,8.678838,30.926945,7.191407,9.994491
44.863667,18.756035,12.334196,59.336582,15.309177,13.200723
11.289831,7.772166,4.445705,13.088192,2.628705,2.325380
34.341644,13.664451,10.228443,42.502514,12.912313,12.423483
32.621666,13.116723,10.390723,39.810356,10.475198,12.167897
8.153797,5.742991,3.819837,15.210245,4.621301,8.364429
41.614967,25.944506,19.301474,47.728977,13.536893,67.901047
38.463551,25.256680,11.637596,40.717949,11.207488,14.443775
14.582493,9.899466,3.919824,52.267834,15.516125,3.081164
21.168785,13.961824,10.338604,48.350811,14.228839,16.779242
10.942879,7.894402,4.553967,14.196973,3.925275,10.723241
7.687385,5.436503,2.230811,18.625328,4.399929,4.708500
20.030781,13.878525,5.814688,15.481978,3.073099,3.352129
17.410576,12.222296,7.234218,37.141186,9.413280,5.149195
22.787552,15.590174,15.389146,126.864998,32.374054,34.686760
25.645506,17.525787,11.703205,26.571175,6.257759,22.932564
9.115546,6.599310,2.999793,12.702360,3.166384,8.463772
8.794319,6.324638,3.194766,16.016237,3.556139,2.156173
18.478651,11.961767,5.741238,28.877258,7.007086,7.381819
6.821390,4.907764,7.009123,21.699562,7.027327,13.401635
5.343360,3.551148,1.887112,5.264973,0.747708,1.564118
30.854229,21.161596,13.378362,16.940992,4.466874,8.330403
11.751337,8.223391,3.653136,25.811516,6.603121,9.216759
15.289268,10.771828,5.077662,8.360641,2.614012,2.414565
10.936185,7.673772,4.431523,20.598770,4.326254,5.553668
28.010487,19.063711,7.524422,36.070595,7.412252,8.503549
10.116424,6.754450,4.168931,65.300835,15.754333,2.009677
20.844574,14.019548,6.602129,33.014362,9.259604,8.978330
12.261065,8.526483,9.709953,38.270153,12.042738,42.790134
12.636969,8.599298,5.067894,8.790598,1.600676,3.937271
17.628983,11.521275,10.445466,48.431797,13.609488,17.932392
8.270357,5.771225,9.358224,24.599155,5.958858,46.379490
28.905584,17.391176,10.243593,61.564178,15.980592,12.713486
7.815541,5.624588,3.364809,6.388209,1.832528,3.187426
29.627789,19.050009,11.059239,66.401321,16.496218,13.278433
21.065699,14.565087,16.133251,49.112183,13.295567,9.755442
9.156423,6.230677,3.388291,18.703255,4.096782,0.581669
24.410788,16.329832,7.582283,16.426104,4.522698,31.970314
15.097237,10.608169,13.796569,40.200253,11.385360,46.075466
28.124208,15.844908,22.168358,59.299793,14.896971,47.040325
18.216284,12.658227,6.624170,14.191603,4.214834,4.815112
29.504131,19.748333,11.564672,49.397018,13.038125,5.208925
15.795452,10.682528,5.455510,27.964378,6.385206,23.668736
10.949830,7.311235,5.161474,20.700733,4.563979,17.120945
25.630020,16.557737,16.855026,93.612511,26.336710,42.631058
28.013493,17.495110,46.492973,167.642044,45.605972,96.505936
24.688408,16.852642,8.286091,71.374763,18.984468,3.591336
8.837114,6.247150,4.340677,12.663236,3.242102,27.994871
8.851728,5.808426,3.437538,12.745367,4.126387,14.424400
22.473616,15.680507,7.680632,42.394817,11.167332,15.151857
6.698164,4.574171,6.997892,42.121326,12.869751,33.195797
33.332355,22.300364,13.819226,41.266483,10.076696,8.205095
11.946481,8.335402,3.907432,35.298161,10.012355,6.501103
22.844915,15.483688,13.718643,33.765759,7.961271,12.819265
18.229424,12.836084,5.729071,18.320766,5.234962,1.495938
9.972205,6.938877,2.722518,10.007478,2.512157,21.418594
19.552931,13.121758,7.136019,22.314165,5.575593,5.381134
25.416016,16.692640,9.521151,34.135822,8.463120,6.185017
43.099194,28.645876,8.566254,38.265553,9.225471,7.751330
6.718587,4.785031,3.218852,9.144927,2.627455,2.016216
12.135985,8.174665,10.592401,82.724846,24.792923,6.108766
27.767181,17.758524,13.873767,64.507080,17.637199,45.193962
7.603066,5.464896,5.589429,32.810848,8.089810,2.245164
15.716873,10.828436,6.050576,26.494890,5.041608,4.077791
18.464294,12.446622,8.860158,41.764366,11.099201,25.313257
12.275724,8.190294,3.320742,11.179291,4.641144,5.358896
9.118460,6.132573,1.971913,11.267150,3.379417,9.121647
8.572073,6.264668,4.600060,22.191547,5.339310,23.654684
22.710257,15.555311,7.393484,66.215111,17.963827,11.119923
15.503350,10.560748,4.874946,23.635536,5.336043,6.039295
7.779927,5.105924,2.965379,15.923043,4.716140,1.884907
18.910940,12.810324,6.981280,46.396080,13.041171,3.536188
12.228540,8.842284,5.258300,16.824615,4.759739,20.834370
23.201435,15.361738,16.623894,44.325306,11.886894,22.487604
29.668945,18.791521,21.147488,76.898018,24.194740,92.319252
22.908926,15.191250,13.707055,54.581482,15.540837,26.979710
27.555862,17.857414,24.421579,73.247185,19.453070,45.646797
17.489098,11.746275,9.690478,33.396164,8.095043,3.812918
18.945818,12.128000,26.083546,53.768784,14.665299,70.283981
22.743040,11.289298,10.108395,46.451973,14.104082,50.428238
21.302910,14.296653,7.081001,33.057514,8.455094,5.000287
13.159974,9.123507,4.134750,20.002220,6.029095,9.387558
22.269209,14.748730,6.370807,26.393559,5.992554,5.523253
23.172470,15.647644,7.198251,25.577175,5.700951,6.791939
20.448963,13.975729,5.487927,16.079866,3.692804,7.623637
12.147233,8.506793,10.502351,38.395958,10.674623,18.191309
41.060726,23.715572,14.907621,35.976830,11.343259,37.185741
82.554626,30.681032,39.291752,81.969360,24.564569,110.271561
13.373816,9.097040,7.631874,23.721811,5.935571,25.060747
7.024853,4.832563,3.397157,5.534186,1.392283,2.763027
26.804663,17.375679,10.604153,10.981925,3.798120,26.601286
11.966474,8.369385,4.097776,12.694241,4.201684,5.856753
5.095994,3.396034,2.221091,3.253647,0.876023,0.747328
28.849514,18.913233,8.827918,32.650455,9.257259,8.765684
49.492073,25.214733,21.480131,78.512268,20.852474,64.463577
14.915978,10.494694,5.254514,16.466581,3.962024,6.230563
26.009176,17.781643,10.391022,38.157013,12.023357,13.493029
21.682222,14.643001,4.778790,33.375328,7.513253,5.613956
18.711973,12.460209,5.996286,35.438786,10.333358,2.805917
15.935894,11.078475,7.617869,39.489170,10.175887,8.065640
23.967751,16.886759,7.920101,25.424034,5.159366,7.113973
59.598289,32.132164,33.473728,75.651367,19.687088,16.052446
10.265938,7.224059,3.476990,12.297830,3.445704,1.293859
32.965485,22.497978,10.707120,9.697934,2.062989,32.596394
10.228368,7.207112,7.573193,19.041779,6.092596,71.663376
21.985630,14.090957,16.853456,77.729546,19.297985,22.340437
13.909570,9.230951,6.023543,18.607538,4.651135,17.679775
36.963108,20.242588,25.175684,90.846222,29.416618,116.238106
22.550787,7.908395,22.607395,110.611786,28.219790,55.925716
6.400098,4.702315,2.684662,10.662786,2.621685,8.481737
15.931690,10.900471,10.970703,53.652008,13.550734,13.915526
10.503446,7.275798,5.872444,22.427624,6.871671,10.993629
20.106792,14.231545,5.505596,18.799347,4.228573,4.223625
17.978802,11.954389,13.491798,48.743347,13.043843,80.991615
10.628508,7.345033,4.319933,19.758606,4.621253,2.510651
6.373827,4.542560,2.361789,26.474623,7.801185,2.269148
16.814545,10.674719,5.394261,20.279797,5.590097,3.135414
9.535893,6.600846,17.132933,55.847179,14.287961,23.245434
13.381119,8.963838,4.037804,27.074011,6.158847,15.256950
15.231854,9.643390,10.980839,34.660275,7.771229,10.392419
18.026112,12.005739,8.561927,28.108650,8.202236,17.357601
16.548382,11.589028,3.601625,18.404558,4.880966,3.166957
14.640650,9.929373,6.780065,25.294106,8.438942,8.781554
15.341596,10.481388,5.212754,11.843617,2.811923,4.262945
21.677063,14.419145,8.728493,39.702755,11.852078,56.914551
20.115234,13.769120,6.275164,18.851629,3.646583,9.321157
42.305180,27.356783,22.222898,77.011131,19.336325,22.563648
14.209528,9.758156,4.797294,16.940002,4.028369,18.266781
34.410038,22.159527,20.108263,75.070824,21.199625,46.771042
22.278843,15.208720,20.518995,73.955688,20.164980,52.610531
19.052624,12.948007,4.990977,23.085676,6.693105,5.357725
8.308830,5.683360,2.953882,15.150693,3.588419,0.977279
22.581490,14.850552,21.837099,87.405586,24.653610,63.713409
5.293685,4.059139,1.545836,22.437620,6.626887,11.312242
17.548664,10.654000,3.462878,29.114300,7.902778,4.944386
17.359663,11.389874,4.551463,17.840504,4.615191,10.706367
9.925550,7.095935,2.619641,18.265291,4.475787,1.567228
60.738483,36.202911,50.062180,137.696228,39.214436,245.203522
22.698687,15.663937,7.347165,27.037817,7.671791,8.627460
34.236717,21.864332,29.268471,85.306442,20.845926,32.784431
30.472622,20.833792,9.774915,30.520081,10.286314,41.174137
19.932308,13.214777,11.069210,73.256866,19.429014,8.157551
8.400719,5.594478,7.098418,20.346716,6.241908,10.489124
23.232561,16.002697,9.363700,49.321735,12.362791,4.345424
24.738226,16.206394,5.917011,51.755814,13.372643,4.654952
13.302197,9.775295,3.099616,12.471027,3.815989,1.174633
46.288860,28.507019,21.930056,85.816734,23.664181,36.545311
16.289270,10.872711,4.122417,33.719589,8.981639,4.195965
21.581343,15.263307,8.951132,41.083744,11.399170,49.151478
21.593988,14.898318,12.637982,45.682796,13.367423,22.637772
8.645858,5.850777,2.647089,13.609438,4.229031,8.874230
31.409636,20.122599,14.211612,43.300056,10.115116,37.163250
4.947838,3.149195,2.737408,12.208377,2.347629,1.244627
33.879211,22.878891,8.738975,36.770817,10.997956,38.019745
18.559334,12.890577,5.772059,42.827145,9.248862,5.970144
41.871296,26.257402,26.276724,87.178574,25.495131,76.466698
12.105770,8.193939,10.280060,55.472847,13.607550,6.908145
16.138332,10.934652,2.914168,45.595032,11.913133,2.889949
4.604115,3.342816,3.190567,9.101006,3.607664,10.818716
5.288913,3.951421,2.416091,1.915792,1.171284,1.767161
28.369293,19.045855,4.156375,44.246681,9.148791,3.979960
20.444868,14.055440,6.246937,12.578584,2.650254,2.060177
25.909801,16.110437,19.793978,48.930779,14.655169,40.541718
87.321205,46.618996,43.064888,171.266525,48.235859,30.384495
23.896669,16.443930,7.813081,17.130817,4.892655,12.243177
46.205410,28.805408,16.987019,70.878006,19.049002,22.879015
13.268368,9.202997,7.363090,48.700253,13.245640,12.442808
29.239157,15.879015,9.092335,39.472660,10.620234,5.015718
22.799803,15.055042,6.780785,52.594604,14.673595,4.801278
15.774756,11.354203,4.672339,31.094017,8.337578,3.070099
7.041267,4.799401,2.111992,11.546336,3.816627,10.109921
36.886509,23.408825,15.096963,34.727097,8.764441,35.904514
12.808141,4.474430,4.174912,15.488830,5.007063,22.464260
24.250010,16.141432,7.307115,33.668880,8.186175,19.680239
31.025816,20.192299,11.223499,20.488983,6.024256,6.545799
13.898118,9.331682,8.924494,44.518860,10.669327,6.454895
18.151035,12.353628,9.403338,45.390907,12.014814,12.933624
13.474961,9.039900,5.713929,25.023941,5.504843,5.385253
11.265775,8.079650,3.626272,21.171431,4.738833,2.760522
13.149726,9.338516,4.582350,51.569904,14.086998,11.791286
49.042694,30.075565,33.085613,92.422791,25.432602,126.762466
13.769439,9.613235,7.517534,7.137939,1.811803,29.989767
14.484357,10.062011,5.668529,9.152438,2.633769,1.580452
21.443281,14.297596,11.418402,29.336441,7.737040,2.773049
7.037208,4.653945,2.673718,17.469721,4.513471,1.189358
29.017702,19.558083,6.639786,39.020660,10.496637,9.591817
24.787968,16.982704,7.811999,18.927137,5.184195,6.397767
18.157942,12.403432,4.956092,16.352999,4.783578,21.816055
11.333827,7.466427,11.106548,33.010448,8.634047,30.455076
31.696230,12.278466,22.543278,112.147285,27.986763,35.240295
30.600359,12.275051,22.376429,115.888321,27.748117,33.308891
27.550257,18.392651,7.959559,32.662251,8.218943,25.359180
18.235348,7.719284,6.855691,28.752426,10.483637,17.340174
17.347366,7.671545,6.641496,51.353714,14.481785,9.818854
24.884464,17.159082,10.743087,27.224669,7.596288,38.187237
16.238146,10.939974,4.778773,27.966415,5.702909,6.664392
15.672504,10.933281,7.477467,56.352154,14.110807,13.059680
9.066735,5.838709,1.811332,29.353165,7.756638,11.538716
20.266262,13.906378,11.541904,44.299004,9.690050,15.589575
14.033694,10.093934,4.281314,16.870007,4.342541,4.688780
15.408793,10.669810,4.992783,14.502612,3.660475,0.963499
15.897218,10.914911,7.284040,6.828895,0.867657,2.805552
8.621283,6.493839,4.069731,13.599320,2.331101,6.358497
11.664488,8.218863,5.791332,24.268749,6.324496,6.832216
4.271235,3.190586,2.067069,0.002598,0.226209,1.267220
19.725573,13.281465,6.887449,22.384661,5.285249,17.690643
20.925264,14.703229,6.009148,19.990412,5.648207,21.400394
47.999828,29.791870,26.724417,143.410965,39.156757,146.601898
12.570282,8.529054,5.048332,13.214205,2.775123,11.586055
10.230054,7.253202,1.949540,4.081891,-0.013348,2.075541
5.811491,4.090066,1.586535,11.288294,3.386939,1.656840
48.695553,30.647308,21.148720,56.922443,13.670124,13.308056
29.857622,20.526670,10.521408,49.597656,12.414909,50.623055
62.524395,34.118038,62.232849,237.676346,65.325027,89.331879
15.526555,10.549761,6.073277,4.219623,1.490973,4.975028
10.872538,7.444852,4.215345,24.144842,6.838805,2.032957
12.521451,8.686609,4.924077,15.842932,4.339278,7.887103
38.099094,23.808636,30.411703,87.270439,26.950912,81.284584
43.284298,29.136768,13.434418,30.186939,9.060912,79.596741
11.896889,8.246174,4.113410,31.102543,8.385351,10.838463
22.330359,15.113812,12.363420,102.870430,27.837290,7.940201
31.308123,20.224026,10.304074,34.277672,7.991446,3.924627
17.932657,11.609534,5.535099,27.394913,7.052932,4.539938
12.972219,8.913416,5.093195,13.194348,2.971285,1.146551
14.251525,10.238242,5.251644,15.000204,4.861122,11.877846
26.269619,18.500357,9.770148,30.732645,7.531975,7.769207
24.314589,16.691704,8.153935,23.440784,6.460114,5.528877
4.437607,3.220572,3.321883,28.057364,6.587813,4.174810
31.974886,20.339392,29.340868,122.357735,35.370029,92.008217
46.405334,23.159410,17.622686,77.040550,20.123772,19.215179
32.169163,20.563395,34.902946,150.799561,44.302151,208.778458
32.963280,21.480036,10.692183,38.684498,9.673280,11.678647
27.049465,18.302290,16.201561,72.842400,19.403770,23.935581
11.353543,7.800631,2.505581,13.152581,3.614606,4.144359
11.116762,7.533345,4.047185,63.946209,16.417658,5.303827
15.228419,10.416711,13.509430,46.720810,13.277368,20.501696
9.827318,6.996673,7.353393,20.161871,6.668548,11.612432
9.888231,7.087318,4.416791,14.237622,3.988784,4.760242
21.325172,14.980137,6.459976,41.949707,10.873997,6.671299
26.419886,17.835737,9.803535,37.364452,9.606018,13.479174
8.749477,6.224931,4.199234,9.060560,3.035043,7.630152
14.404136,9.886634,5.438735,14.087082,3.115598,3.224284
19.091038,12.589285,10.440647,29.198519,8.050933,32.837070
6.716578,4.312713,2.896905,9.964045,2.955273,0.217831
10.072847,7.212388,4.963630,12.197519,3.530177,8.162695
30.887585,20.552473,10.356331,55.540882,12.594088,34.959179
30.488138,20.932390,7.506108,25.516365,6.131573,6.055941
8.833349,6.144896,11.504870,37.317307,8.486014,31.838175
22.035355,15.323285,6.019553,32.935867,8.016328,11.873631
25.790371,17.148016,10.949000,24.921453,6.446007,58.561420
37.552742,23.513479,13.314563,42.030388,13.608418,33.396847
8.568603,6.093077,4.118152,39.376472,10.362712,25.688465
11.416997,7.954426,4.416805,12.162337,4.022905,14.103110
12.419672,8.884881,4.548159,20.737469,5.152116,2.669269
40.922390,27.167076,10.811540,54.078922,15.027809,13.276297
7.972359,5.687984,2.657449,3.060633,1.199614,3.792084
14.412761,10.010988,3.135400,31.400450,8.480842,18.966873
19.656054,13.779420,14.379744,64.780533,17.969578,10.374309
7.186150,5.139879,2.193301,55.435661,13.985147,2.725154
24.005445,16.116590,9.445237,39.066799,11.441214,35.504612
19.562469,13.206793,17.020159,62.484024,15.563922,11.320052
21.370920,14.032303,10.986926,26.955128,8.293384,23.040489
28.450792,18.793068,8.183070,22.828070,5.798596,4.138180
10.426313,7.381045,4.160687,18.001711,4.636723,7.175157
14.736719,10.189857,4.596460,11.634058,2.666594,15.946094
19.715929,13.025801,28.487808,54.085640,13.446626,14.578639
13.192504,8.869670,4.448849,9.128954,2.322762,8.442369
31.761185,20.927959,20.548866,98.440575,27.882359,14.116052
10.055147,6.621410,14.865982,35.016083,9.840533,16.578344
26.790659,17.696125,18.807306,47.970951,12.933757,21.618074
15.544707,10.401887,6.525061,24.942184,6.327359,7.505224
11.634556,7.743269,12.022086,31.622753,11.332092,56.956276
15.734969,10.431063,3.641842,21.440622,5.217617,2.581458
10.091043,7.207275,7.009821,12.644549,3.589089,3.317662
20.818260,14.729933,4.898629,15.695665,3.333388,1.879836
20.813765,14.010502,6.199799,21.708498,5.162372,18.556498
23.227367,15.519917,23.642467,49.277500,13.287236,14.042615
3.990199,3.125324,1.965776,5.181182,1.239382,0.411624
29.561440,20.163805,9.629429,47.612534,12.640396,3.919816
15.405329,10.527895,6.323504,29.492990,8.456772,15.233491
15.084908,10.400513,5.745691,13.904928,4.081566,10.629559
22.939194,14.811463,5.824643,47.710537,12.208544,25.303606
16.110460,11.197995,5.475310,40.125847,9.856030,4.436701
11.660298,8.243461,3.859094,14.171407,4.807828,12.299776
27.095842,18.632051,9.564499,50.113529,13.101989,9.131785
36.917564,23.732592,17.884935,72.919144,16.384604,8.038325
14.506063,10.019233,7.784070,15.590042,3.370706,1.837118
19.853203,13.608956,3.328233,17.889019,6.996253,5.541704
22.239578,15.057282,11.382012,101.267708,29.104191,11.504843
14.736613,11.000662,5.863780,18.819042,5.499062,15.784405
23.216553,15.778342,6.486981,27.894457,7.523516,12.070034
28.246208,19.028254,6.395747,47.270332,12.724960,5.240898
28.181692,19.466871,8.007646,61.582752,15.470019,5.863609
29.331364,20.368010,12.595725,64.365913,17.645666,11.233441
23.959827,16.137842,8.253568,34.979652,9.836350,83.417946
48.591827,25.101494,37.787460,156.700165,42.964211,163.618362
45.506794,27.795231,17.212065,37.538998,10.258422,44.839405
12.171962,8.284904,9.299400,41.137234,11.310758,6.028284
33.787148,22.825924,13.999701,42.806465,10.205951,8.841868
5.960758,4.356615,2.962842,1.601495,-0.643657,4.184082
28.135534,19.035816,8.882331,29.528694,8.360211,32.879761
9.068235,6.099880,1.855736,24.837135,9.516320,15.032208
39.735508,18.823158,11.377225,50.152775,15.570188,10.558836
30.522942,11.565992,10.181740,70.253227,17.291489,7.603635
13.018932,9.188165,3.771546,24.758867,7.196741,5.000614
23.204247,15.760602,7.145293,18.676983,6.052196,6.231370
44.374439,26.909153,20.364754,53.009632,14.860450,11.089718
116.821106,61.673000,97.057304,297.890625,83.590096,247.121231
24.757887,17.038519,6.967827,34.626526,9.999484,7.221859
37.191006,24.683357,11.985462,38.606529,9.586147,7.250027
24.955633,17.001305,6.901655,30.442970,8.037054,5.879834
18.794331,13.222052,4.734137,19.001255,5.343874,3.357823
12.816061,8.763394,4.289169,17.638832,4.423900,6.274730
35.737236,23.444624,10.609327,16.102102,5.628397,12.927552
5.191769,3.840117,2.065863,10.789659,2.898532,6.105686
14.225933,9.753475,3.207526,16.824440,3.496562,3.057599
8.440625,5.932415,2.448810,11.236395,2.809634,3.930219
62.505440,33.284969,66.327141,227.738953,60.264797,86.882843
10.225106,6.758166,2.369232,23.140711,5.468951,5.709188
45.002777,26.791199,32.423607,116.973045,29.253668,65.223785
20.616678,8.337087,8.025668,26.010841,7.278703,23.398054
22.561275,12.896190,7.579504,44.034420,8.823462,9.067048
6.624306,4.447612,2.355233,15.825467,4.822898,7.685173
32.374035,21.777843,10.058441,44.088783,12.781123,8.058272
51.225666,32.143578,31.447716,84.517250,25.052721,45.934830
7.508094,5.122298,2.456003,17.780962,5.350600,2.049857
11.787632,8.445522,4.454047,10.245378,2.650773,11.067395
5.683167,3.794965,1.892424,12.315468,2.882529,2.976935
32.387585,20.455196,29.363577,84.058083,20.984787,64.909325
16.744507,11.326162,5.140622,39.658577,8.811638,8.001632
39.493076,19.770704,13.202887,66.820724,15.758325,9.635468
10.544126,7.310025,4.950121,11.382956,3.092044,19.024441
31.383894,20.687651,9.181694,17.933973,4.595496,6.113061
44.633274,29.875744,12.386756,72.057243,21.229530,55.750526
10.457580,7.393688,3.607152,11.921735,3.692621,0.571500
11.438260,8.226778,4.528138,14.709046,3.430139,4.114400
15.128370,7.133483,3.038701,18.185770,4.811779,17.969734
41.855618,26.508610,18.894737,43.548210,12.664655,35.618210
10.354840,7.089134,3.218239,12.541056,3.550702,7.957051
11.315226,7.822989,3.222743,23.383135,5.798491,13.840055
18.310188,12.629295,4.599978,24.612806,7.694134,6.722043
20.513121,9.280980,6.902616,47.205387,10.843619,27.535154
34.412361,22.125120,16.769182,36.089691,8.039646,10.414579
11.372335,7.909550,5.576672,23.490889,5.530971,1.280131
39.834888,25.362692,16.442020,57.564640,18.998169,75.381218
15.970288,10.772917,7.984581,125.261040,33.929451,5.994304
18.459625,12.368311,19.305830,52.266449,13.923516,91.580879
17.768518,11.659221,5.367906,16.413958,4.134690,18.421972
22.235006,15.074858,14.348501,33.256496,7.264771,6.164637
9.568814,6.743865,2.883088,18.247444,5.190083,3.327410
8.192154,5.931789,6.632999,42.911831,10.855412,5.398088
23.093071,15.913924,5.094321,30.232121,8.691410,38.411774
8.403023,5.986764,6.355500,23.552475,4.563113,4.472179
6.660527,4.882524,6.726072,31.748407,10.090332,50.038349
14.607380,10.188182,4.238363,12.390427,3.555783,8.418276
9.842310,6.838346,4.454338,8.984717,3.051797,2.072509
4.297941,3.068582,3.188145,18.373737,7.337946,19.594889
41.387810,24.036230,35.823074,97.290466,27.608263,77.606377
9.988512,7.019995,4.541040,18.149229,5.504188,9.653039
38.387524,24.312334,21.488537,104.188293,26.344585,7.492265
35.549934,21.344351,28.697912,133.492569,31.043030,25.356453
33.050476,20.980204,24.084379,48.820862,13.901562,42.144539
8.754563,6.578147,7.842742,27.799017,5.737211,5.659268
19.602282,13.116213,6.488354,28.665028,8.150695,17.113667
36.778126,24.720444,9.597564,15.367104,3.278728,6.577389
8.007109,5.778039,3.435068,18.605682,5.707856,26.784948
28.217552,19.297146,9.619521,22.940325,4.875954,3.379948
58.348675,36.900402,20.135485,51.388580,13.149698,28.435589
55.924419,30.926304,50.897675,175.670944,52.409443,237.467712
6.133654,4.617226,2.339559,9.988857,1.909302,3.860220
20.784960,13.955655,13.611052,61.903023,16.240328,49.335308
8.104848,3.957786,3.498065,33.290520,7.391488,10.998505
28.508949,19.283026,9.485687,27.586430,5.620000,4.605958
21.147087,14.077947,11.960422,54.423958,16.505911,76.242210
9.994005,6.977042,8.056753,17.449917,3.701365,18.020760
19.023325,13.165790,5.811909,15.440660,3.853315,26.472706
16.031830,10.572324,4.356436,43.446579,11.809299,3.974623
10.015050,7.307572,5.113532,13.872239,1.908404,14.412745
8.576227,5.687500,2.781182,16.436127,3.889802,2.339166
18.156807,12.969656,7.467760,26.176384,6.566464,14.533986
16.534462,11.050441,20.173243,78.717865,21.350103,9.811281
14.841100,10.625896,6.748994,37.682594,9.210260,3.504543
29.335611,19.521843,7.491851,20.365923,4.725726,9.205565
23.617096,15.766315,7.207307,13.509511,3.576998,10.059548
26.579729,18.263725,8.664556,29.582781,6.871338,4.296874
14.295828,9.694468,4.040042,14.609317,3.117154,3.918530
40.082626,24.784889,40.318092,113.304237,32.578461,167.570984
27.968660,18.834673,9.860394,69.802299,21.783487,57.496853
45.304996,23.628429,14.815696,38.799736,7.953372,12.763351
36.521255,21.612122,13.372619,37.147163,6.892472,9.507772
29.267302,19.829706,11.263222,50.178135,12.915676,46.524563
7.261294,4.843307,5.366534,24.618555,6.898660,11.673882
14.493644,9.930699,5.479870,14.221684,3.810861,10.110282
9.916193,6.983016,3.910464,11.192420,4.292514,6.119483
5.439441,3.748055,1.967108,11.343661,3.655140,14.194412
44.137497,21.846165,32.890995,112.216782,29.405075,69.210785
7.893959,5.760653,2.758783,21.923018,5.681612,2.789756
29.619997,17.446260,21.886442,42.214561,13.923861,80.597969
35.242870,19.211353,36.999111,87.675804,24.155935,117.548698
32.984768,21.480707,14.703650,22.187071,7.396866,5.605495
15.119293,10.100830,5.811646,24.281046,7.034466,15.718812
42.968121,27.301044,9.273045,51.481899,11.662156,10.320870
16.825068,11.898146,11.742554,69.341133,19.781630,23.287191
9.946355,6.511164,4.231660,8.297264,1.617471,4.473058
12.312404,8.657879,7.966727,34.553310,8.486858,16.863527
23.602482,16.259579,14.617337,45.693871,12.235962,40.819805
12.032856,8.052275,4.458603,23.649260,6.842759,3.596533
35.517071,22.821308,12.925202,39.196716,10.018734,43.032307
35.316181,23.259605,10.641562,40.494766,10.217752,5.367617
31.463835,21.095396,9.386749,23.481665,7.065286,36.699127
20.295593,13.375737,7.232763,36.799011,9.834843,8.912533
19.392481,9.872446,12.591797,45.424019,10.662861,31.161100
42.260757,22.249163,67.868683,214.770325,61.207890,274.730133
31.592474,21.022871,11.252110,41.021603,9.497696,6.488393
27.199583,18.533573,18.758728,43.222393,12.116035,24.802532
28.244911,18.982796,11.785004,53.520481,14.942428,10.528411
38.067352,24.914274,16.126581,42.322765,10.619381,27.862482
9.277408,6.451491,2.852952,11.898494,3.552393,7.924974
13.449451,9.250026,6.533102,47.011711,12.480194,4.164473
28.283840,18.611233,17.621811,63.211418,20.083227,76.455849
11.586322,7.816007,3.786286,11.845163,2.714381,11.398627
7.808547,5.422245,3.702055,15.276875,3.906832,25.015947
56.824001,29.609568,46.564373,154.976212,43.741642,140.314697
8.709776,6.001942,11.359445,51.129425,14.808414,7.146453
22.215649,14.718380,7.304338,23.097933,5.299903,17.531956
10.865579,7.269824,3.920794,12.712206,3.130053,14.614844
21.463343,14.312748,12.518887,41.316498,11.543839,51.781822
15.845815,10.754195,11.854630,54.490829,15.838238,13.118449
25.769196,15.576818,7.336158,38.648762,12.178006,28.232155
21.227718,13.059699,38.288937,115.953316,28.951416,162.639618
23.511063,11.095853,13.644514,34.084988,8.654027,19.213097
36.171082,22.641249,25.922358,136.990585,35.217838,36.380131
7.531687,5.328557,3.467995,7.788900,3.299742,6.256866
5.993653,4.117284,2.389427,27.804846,6.862037,2.029053
27.244951,18.278564,14.837521,38.459724,9.668283,6.610968
20.715149,13.975164,6.069498,27.518036,8.111738,5.677622
22.433376,12.096066,11.211018,46.972733,15.289516,46.551037
23.565413,14.413082,21.231199,66.238678,18.515764,67.903320
41.831886,27.957750,13.896287,41.689903,9.644283,20.451550
14.887861,10.082683,5.084245,18.024424,3.904494,10.737670
13.673715,8.939073,5.267260,15.203462,3.943821,10.855036
5.677282,4.150506,2.805138,5.468909,1.860643,0.665479
13.976295,9.912004,2.782020,14.802341,2.002578,2.796313
27.149954,18.425770,10.568235,54.115776,14.190644,39.162819
20.563955,14.416521,6.464507,33.970493,7.633294,2.532442
21.112837,15.071854,9.656400,22.819765,4.820208,5.156394
13.583354,9.566087,15.148684,35.604958,12.454778,85.946442
12.650216,8.784357,4.473683,22.197760,5.980180,23.894917
10.760900,5.715827,3.426144,18.952553,3.252947,5.262670
10.760933,6.179058,4.408060,18.804815,3.508553,7.755927
12.201291,8.488239,3.850331,17.480595,5.267756,15.794346
14.347156,9.707041,2.778288,43.278534,10.406600,5.306629
43.346489,27.796944,15.023479,76.113266,21.461298,58.692551
35.268429,23.297180,8.424369,35.963787,11.003098,6.492647
45.425480,28.214746,17.520630,92.666878,26.534262,17.650629
25.281448,17.497986,10.898172,33.049782,9.394769,10.061906
6.889549,4.994306,3.385915,20.047380,3.931708,0.709611
13.614800,9.686600,4.264450,35.758018,9.183722,4.118742
23.845890,15.701159,12.177936,36.324043,8.184190,18.757460
9.512940,6.082654,11.332555,39.457447,10.544936,12.620000
27.631754,18.239620,10.208863,30.548285,8.793608,20.463358
34.183922,22.926588,10.788815,31.591896,9.889050,37.115688
23.341379,16.498114,5.292993,13.220076,5.307510,8.373693
10.761580,7.722492,4.032660,18.945564,3.862483,3.319511
10.436722,7.540401,8.407799,33.571354,8.918230,28.821972
13.203623,9.411863,6.361407,46.000553,11.619874,3.539366
5.260540,3.523228,1.799784,5.292440,1.294635,2.975497
20.812551,14.291928,6.948141,30.621830,6.997474,3.530143
21.287540,14.095964,11.846585,23.486975,6.727213,26.388329
19.188692,13.161078,6.447885,48.068146,10.715787,3.558974
20.902283,14.727572,11.297940,35.038372,8.296000,17.736450
17.373125,11.543370,5.098082,15.183976,3.455585,2.238429
13.277242,9.384950,6.089309,44.810406,11.145613,21.019827
27.491646,18.335541,8.005438,28.326834,6.668997,17.385544
12.243395,8.560441,3.049991,12.213187,2.525620,6.411172
9.000309,6.655719,2.653022,15.313832,4.005640,3.090798
9.802151,6.899152,3.914479,15.971821,3.834302,3.104618
27.491955,17.842459,8.211489,42.155369,9.984873,5.254756
16.689428,11.100118,7.679310,21.953844,5.640327,7.266825
10.946107,7.555636,5.659231,12.391429,3.539417,12.559482
17.310251,11.843032,6.821292,14.569967,2.971926,4.409681
10.488635,7.307989,2.997915,12.761380,2.136755,3.385515
33.327518,22.107409,8.541546,31.492620,9.879445,45.853451
22.960464,15.584528,5.288927,31.275394,8.616418,5.621392
20.043587,14.226352,5.891033,34.754456,8.426502,5.021884
60.938709,33.001350,29.272453,88.961990,21.954088,29.743891
30.530567,16.336176,14.106569,54.459457,10.903744,10.232061
27.344957,18.784277,7.627533,34.556267,9.597645,8.429450
22.266176,15.275278,6.656997,28.161253,8.333622,13.247176
31.511370,21.235874,11.302426,56.587212,13.620483,9.856688
17.630827,12.549079,6.105914,12.068038,2.672866,23.544750
10.180743,6.624009,2.943526,9.282140,1.448110,3.373849
5.974518,4.317239,1.925075,7.676725,1.258130,3.647687
13.317930,9.855882,4.852310,12.237118,4.157086,17.062529
27.035305,18.168537,8.603519,48.741894,11.191504,11.551056
15.883897,10.262425,13.000803,63.355408,18.545979,71.150276
6.064873,4.371130,2.468058,10.706450,2.303736,12.059087
7.225548,4.722784,2.669822,16.813122,4.195991,2.074566
19.215752,13.241760,4.558481,48.896797,13.286921,4.438686
6.846585,4.632554,4.118066,6.322773,2.303187,12.535485
38.131962,23.630718,10.674013,75.378563,18.134529,31.180304
22.009588,15.021677,8.448830,40.135742,10.663420,3.674139
36.216530,24.065639,14.747631,52.400494,14.166578,16.340023
15.577312,10.908866,4.807155,23.450493,5.121985,33.836563
5.397422,3.675825,2.056380,13.881123,4.079959,10.048429
43.089527,23.870073,20.414146,69.915909,18.280914,49.409798
7.392987,5.045142,2.236971,9.865146,1.509448,2.001047
28.614843,19.025402,11.429824,54.791553,12.558661,21.310837
10.000264,7.145421,5.712825,20.233231,5.234097,14.784775
17.315754,12.205722,7.782406,25.168768,6.207909,11.499925
17.318829,11.838588,6.343884,44.449066,13.128942,7.280425
16.762737,11.494429,3.736150,24.939966,5.803878,17.407904
40.685814,24.528282,12.030549,48.708679,13.130566,9.230108
20.641146,13.696633,8.499200,25.288197,6.208787,20.312269
11.709062,8.142828,2.878659,12.272566,3.005602,2.437462
29.593645,19.707344,15.562989,80.896042,27.189291,45.288422
60.725536,34.063419,29.758326,78.726936,20.231730,74.707275
8.893514,6.111720,2.226993,17.727859,3.872195,6.056396
26.839195,18.531204,9.217237,28.796677,9.226636,22.873293
25.099985,16.830732,13.762014,30.568130,9.390684,30.162758
17.493301,12.063269,5.695944,25.428801,6.477658,2.669651
54.850803,32.963917,16.993162,67.254730,18.326639,10.829361
7.600453,4.972754,3.579588,51.181419,13.702024,2.644595
14.128592,9.413201,5.722162,28.552471,7.715617,5.004361
21.781279,14.757738,23.356714,60.894840,17.435722,119.571098
51.196335,31.338434,31.594007,79.423897,20.494143,58.234241
5.738328,4.170512,2.329645,13.925748,3.723263,4.170252
10.103961,7.060040,5.447139,11.340765,1.545313,5.458275
28.186964,18.553843,10.790842,31.358015,10.151358,56.453304
14.147967,9.646328,11.849681,42.523739,13.091497,31.757898
6.376698,4.761687,6.192878,23.255230,6.380778,13.763435
32.287033,21.939186,6.255468,31.786333,8.050701,7.601561
8.986715,6.148606,3.218432,14.880096,2.999139,2.546791
9.233186,6.294075,5.371100,21.357601,5.784693,5.544806
20.221071,13.989861,13.772161,40.733368,11.652051,44.981506
29.229414,18.425001,37.164833,133.524017,34.142464,116.627007
8.106090,5.587120,3.101990,15.939761,3.341585,1.789009
18.011419,12.404712,6.762571,29.418747,8.702145,34.070747
45.740269,28.911619,19.846037,45.701229,11.842171,10.891483
8.434453,6.029629,1.590056,25.439596,9.398819,13.068900
17.742353,11.653132,9.771873,37.609547,8.745995,12.935609
6.457384,4.694172,2.707703,18.016870,5.482405,1.408569
10.809501,8.061885,3.763131,2.633806,0.865670,8.411719
8.959506,6.131602,4.472743,28.390926,7.615234,8.462606
27.902870,18.582235,28.227144,53.966049,15.459518,34.984669
9.483672,6.621777,3.926185,8.961553,3.343395,2.754146
18.115889,12.155114,5.908701,24.781116,7.177709,28.869959
22.063486,14.682794,19.793762,74.151314,21.524702,85.623543
19.215141,13.537741,6.538503,23.789333,5.161773,15.168164
8.599283,6.013943,3.935489,13.360027,3.021939,2.977917
9.117526,6.644279,5.507025,12.219447,2.683506,10.851604
20.656134,14.482409,6.770646,31.094175,5.523215,19.416142
8.365477,6.197924,4.729589,16.989317,5.205024,2.455801
25.086132,17.320681,10.509844,50.340496,14.289883,14.427989
10.728731,7.331815,4.855266,6.162924,1.874905,5.822599
26.614079,18.059038,9.564366,75.618530,19.920334,30.706333
13.378816,9.459919,7.878777,8.532533,2.959301,2.996583
71.283112,30.956194,33.157948,140.712402,38.530598,71.149612
54.533684,27.282965,74.239326,309.650970,80.570679,252.189072
32.939301,22.368877,14.629685,54.776348,16.914442,52.639225
11.924918,8.036990,10.377679,37.057873,10.416974,43.877865
31.096741,19.522240,9.799950,62.365936,16.923616,8.126284
21.054373,14.379808,5.833908,28.922359,5.320778,9.801272
15.328454,10.886205,3.404766,16.547188,3.819184,2.323765
13.375258,9.526114,6.835653,21.770472,6.568751,31.307724
57.111832,36.213314,19.905315,39.064911,8.352697,14.918882
33.265949,21.436327,15.290239,45.803139,13.701628,51.633644
8.993716,6.460660,2.198079,9.811563,2.120113,2.089855
18.813534,12.981208,18.091217,38.307266,9.839342,5.648938
17.880871,12.713517,5.084602,12.822569,2.015663,2.853202
12.388433,8.910071,4.436100,30.530649,8.686281,1.502031
18.363045,12.832569,11.386517,25.356586,5.463957,3.409055
15.319781,10.421669,4.624735,20.138844,6.206163,4.268338
18.550745,12.756412,8.479112,17.727837,3.806310,2.900804
12.382833,8.778263,5.077013,7.928319,2.086462,0.088075
14.975560,10.123967,12.545209,66.434120,16.593292,16.936844
16.482498,11.371433,5.270134,90.094925,25.348511,4.456028
10.553267,7.404554,3.834633,52.459881,13.842058,3.329273
9.067510,6.500267,3.266699,19.466995,3.878200,1.746701
9.079562,6.558564,2.435601,14.075768,2.693391,2.508987
21.536982,14.824261,12.358818,27.694265,8.182862,32.630268
5.108982,3.674122,2.681009,14.890883,3.499204,1.559280
16.984194,11.458058,6.995229,11.316362,3.458843,3.308072
35.430809,22.557413,27.190746,98.646965,28.435846,92.879547
54.939987,34.445232,24.725130,66.698524,23.035492,55.730541
12.646627,9.111972,4.775066,11.373178,3.096773,4.469123
11.574309,8.157046,7.377872,56.885559,13.962374,6.848371
7.972376,5.542201,2.518242,21.517241,5.197875,2.384954
25.780592,16.290165,21.882030,56.754761,18.019241,114.800400
22.486746,15.450277,8.280252,8.207262,1.025494,7.184910
24.626345,16.626091,8.049953,10.998991,2.059445,3.799614
19.221231,13.669009,6.048469,23.654425,5.372614,3.206491
29.205671,19.513792,11.487947,26.840649,7.612145,33.076965
12.112076,8.763250,8.047331,22.152994,4.190313,8.377526
27.991997,18.884733,16.126276,57.278553,14.596465,5.410449
35.562653,24.328989,11.585168,47.652946,12.094919,16.347431
37.314499,24.616442,15.290667,63.809834,17.346466,23.296572
6.308123,4.725703,5.098945,12.260797,3.169362,3.049221
12.579520,8.689572,3.297575,14.550245,4.294352,13.834914
11.817942,8.221005,3.898181,19.960541,5.135191,15.533224
34.809811,23.280161,10.405177,20.265123,4.544155,9.192399
62.807442,27.707079,34.255138,159.739243,47.000431,175.412903
66.997269,28.898207,34.538643,179.489502,46.654037,155.057617
12.069018,8.250285,6.640790,27.029032,7.881896,10.201065
37.145351,20.048204,49.584625,137.820602,34.783081,145.409546
16.051632,11.315959,3.911406,16.233843,3.607688,1.219693
21.547289,14.379938,10.911096,30.287449,9.088719,33.172962
13.208358,9.518524,8.021536,37.852573,8.821453,8.392354
14.557277,9.728893,4.856589,47.687786,14.292345,5.008225
39.072311,24.561249,29.030834,133.967850,35.306110,33.561195
29.951149,19.729078,10.269730,51.843807,15.625387,49.726566
61.914642,26.207100,19.418831,61.052380,15.968966,51.532505
30.522259,21.139585,11.241426,56.679989,17.393835,13.432094
14.590226,5.625306,4.412882,34.770233,8.637289,10.779863
14.456780,5.604115,4.871139,36.524387,9.083932,9.359312
8.389504,6.012192,2.104395,35.093346,9.650146,1.790347
22.896919,15.574528,7.551439,33.769577,10.191757,63.762695
28.319813,19.106983,8.234237,27.219460,7.169741,52.990566
18.689735,12.129898,4.065213,53.607018,12.320522,22.756090
38.809944,23.962177,20.390152,59.611462,15.001362,21.934898
13.079231,8.427732,7.350505,43.622913,12.336610,10.950893
20.165794,13.826229,8.649781,5.932496,0.757702,1.682916
6.228254,4.464145,4.917293,11.208579,2.246067,0.919652
23.989971,15.592952,13.121272,23.798218,6.740911,7.629907
27.508902,17.259962,20.076313,42.029305,12.439816,78.320259
11.439470,8.403211,3.526304,30.157341,5.255874,3.998523
17.427546,12.093380,9.025994,27.431299,6.781131,6.936443
16.400677,11.747977,10.476263,15.857722,4.337398,19.022028
15.538941,10.869490,4.913739,21.314434,3.900903,2.996512
36.435432,23.464828,17.870541,44.921429,11.671062,15.849827
37.511272,23.536753,29.569649,88.052956,22.206617,17.782471
30.208597,19.340773,12.469173,79.089867,21.648760,26.730230
5.334246,4.081405,1.892045,10.974385,2.243068,11.527431
24.302225,16.364693,8.301669,37.349697,7.591622,35.086315
9.320993,6.363680,3.595467,13.098939,3.360878,10.256381
13.164203,9.397474,4.783731,38.031635,10.647211,19.324911
14.028052,9.621010,5.480995,22.546066,6.363278,1.719557
4.523511,3.257897,2.090804,12.026313,4.144055,3.103630
48.585800,20.735401,84.859840,276.098602,88.214081,365.673096
63.455471,23.088654,91.236305,325.852081,91.836861,392.355011
9.844371,6.935361,7.119756,21.169176,5.644321,15.834476
6.153505,4.073622,1.898455,11.650442,2.258538,3.042206
13.509608,9.442534,2.937006,17.336561,4.354505,5.176148
36.649910,23.801077,13.878614,24.164410,5.788783,8.549954
27.271107,18.111044,18.816332,53.434444,16.557333,43.532402
33.108871,22.438368,12.509956,41.865456,9.514858,5.873181
8.472838,6.236118,4.053237,11.144150,2.138498,5.978093
13.098750,8.586025,3.772131,24.007187,4.850513,8.282580
13.365940,9.528121,6.340449,11.276771,3.262723,6.056338
12.366282,8.919421,3.038835,19.947006,4.920048,3.024245
8.817813,6.290305,1.924936,11.426312,2.654775,1.101273
21.057711,14.015937,4.504927,34.094711,10.367976,14.724235
23.014292,15.520844,7.435074,32.955341,9.309752,8.234455
28.552685,19.436941,8.540906,30.289843,8.257115,8.787227
14.945951,10.785200,4.861099,12.362249,3.290397,3.720094
31.302460,20.027271,16.102751,49.814945,12.726596,10.140598
16.420380,11.267775,6.587076,22.541801,5.718444,2.166272
18.293341,12.519525,7.156433,29.776144,7.310967,32.710754
9.350191,6.323489,2.845480,13.134469,3.504663,2.727184
13.494092,9.438620,3.594378,48.613029,11.445046,4.468602
14.565904,10.495323,6.306914,17.162825,4.172433,4.134331
34.632469,12.642514,16.369028,42.230957,11.118946,61.294735
11.183234,8.010788,3.091286,21.378805,6.428470,3.874499
16.546103,11.665362,9.296125,22.556507,6.839106,28.916582
21.089058,14.008030,7.635847,31.212191,10.745271,18.861885
89.787025,37.424118,54.806236,140.896347,33.749924,44.657177
51.546127,27.897165,32.239651,111.074142,29.472721,136.606277
19.596464,12.462893,29.615246,103.168961,24.169340,20.148365
17.088936,11.687010,3.541480,37.657757,9.652966,7.552758
9.137636,6.307876,4.003717,12.577169,2.508746,3.719382
15.490250,10.692075,3.150393,14.930017,3.445356,2.618525
28.856665,20.045399,6.818677,58.872398,16.088284,9.541781
28.182232,19.042994,12.159241,43.575966,11.029163,6.166320
14.846499,9.777660,16.353149,27.957794,7.626640,20.568811
21.881674,14.514130,17.313599,101.310593,26.525490,40.658089
10.387690,7.655580,2.737133,8.873253,1.784385,3.769413
21.627354,14.545206,7.830691,16.408726,3.929839,20.073742
6.655312,4.769879,4.454756,17.364870,4.720791,1.424171
7.349403,5.408679,3.147120,12.659160,3.056654,11.252648
9.973543,6.692262,5.701729,20.558758,3.810880,2.297332
21.254410,12.800791,9.786506,27.844843,6.833806,15.764059
18.516396,12.427317,5.916260,26.194265,7.192407,2.370518
10.323737,7.526382,2.642103,9.447284,2.407587,2.967505
37.109711,23.880144,15.501477,54.502586,15.152413,9.245748
9.400965,6.410327,4.794645,16.469913,3.534246,4.805230
30.726562,20.099600,14.614089,103.886360,27.904381,10.421655
13.612132,9.594954,5.138839,16.923170,4.525657,8.517457
8.931614,6.604630,2.974901,13.679420,2.531859,5.826687
56.083687,34.985306,17.649559,25.323696,7.041133,9.345152
13.394024,9.178575,3.765543,17.680002,4.523486,1.361826
19.754850,11.708075,5.613719,17.155210,4.220669,3.135014
35.200199,23.642426,19.802338,53.793293,14.547136,23.613541
20.563492,13.952905,9.180952,70.513168,16.310108,14.041036
14.070333,10.078972,6.147391,21.737579,6.696178,3.565946
20.702723,14.306753,12.385035,78.920242,23.594160,102.345337
16.528267,11.288095,4.972239,26.104639,6.016177,8.741180
14.864413,10.352171,7.197955,14.296310,5.553252,12.999790
6.673646,4.992818,2.420447,15.148782,3.145312,5.843196
16.771036,11.858247,6.180007,37.940670,11.334470,23.759176
13.064737,9.183125,3.976527,17.219715,2.745766,5.592526
47.789970,29.595266,42.367901,213.939529,56.672428,65.902405
31.938925,19.702177,29.060738,105.013435,25.552763,28.599295
19.156698,13.021107,7.389499,24.278326,6.840639,32.486855
16.148571,11.248819,2.923117,16.659380,2.850284,5.371017
8.421600,6.123444,3.231884,15.763789,3.203861,2.215649
18.841320,12.742585,7.305442,28.040226,6.067190,6.814782
28.438335,19.580488,10.197294,30.016552,7.008695,3.687030
36.722691,23.547709,12.712399,53.634247,15.204579,9.620334
17.473282,11.714911,5.358254,25.471218,6.349236,7.475324
4.857611,3.687666,2.147094,11.937577,2.416772,1.604326
29.931513,20.523815,10.729968,39.879440,9.702828,6.249444
14.111133,9.865730,14.535802,48.927090,11.825710,11.876878
13.240326,9.253128,5.945374,42.963463,10.238504,4.187114
5.381721,3.744836,2.710775,9.729914,1.499566,1.141372
45.030273,29.970083,15.498770,45.145237,12.482720,17.766378
38.068432,23.999069,20.020977,88.383873,23.848621,12.764741
11.634901,5.544423,4.778926,6.649109,1.525811,4.232021
15.438004,11.111459,8.195751,37.671898,10.460936,18.652321
31.391855,18.965729,29.970137,129.867523,33.479336,19.549835
56.903599,25.691957,55.243408,219.445923,53.609058,118.980522
25.082449,17.293640,9.743158,46.627171,14.008014,57.869354
9.440306,6.308397,8.725559,23.921156,6.095520,7.199833
9.109118,6.249588,4.180719,14.284081,2.963545,2.861383
51.813358,20.566601,20.507523,90.588074,23.140312,18.281057
57.382130,27.412628,28.258610,132.497955,28.645725,18.928326
15.320241,10.402596,4.047807,17.177916,3.942536,2.646687
16.862898,11.883609,6.276790,16.583445,4.651578,20.284975
37.238998,23.696365,35.314121,95.767090,28.248508,36.429867
22.993483,12.889723,18.537729,87.718712,20.475546,18.373035
16.006418,10.918393,11.681333,24.598972,6.353950,3.225551
22.868799,15.660394,16.469675,42.176525,9.732202,54.091129
57.579296,35.023415,22.456419,67.870804,15.150406,15.234096
11.398772,8.186412,3.657793,26.836660,4.787970,4.877364
15.133582,10.388331,10.421821,52.741379,14.822412,4.448571
8.776073,6.197488,3.259288,9.030828,2.521269,9.726692
11.859992,8.109242,5.780840,29.836782,8.536674,5.547633
25.851812,17.329092,8.154159,31.321886,7.178788,4.864920
18.566841,12.659779,8.541219,60.669220,17.108391,10.955876
34.184963,15.750635,15.913512,37.277611,11.279348,13.387755
29.856075,14.956578,15.036818,37.375282,10.043036,12.094512
9.804416,7.116852,2.066788,6.107819,1.851641,3.567321
40.579773,26.680346,12.741753,24.247034,6.046267,10.865063
24.768042,16.793118,12.178404,41.489540,12.120874,39.960548
12.603858,8.927180,3.274904,11.658277,3.258025,1.982443
27.664242,18.918890,9.409246,22.310083,6.233317,5.012640
10.876920,7.552224,6.788085,26.037390,5.494468,40.407982
23.373131,16.028475,5.039294,27.119911,6.613580,4.822385
4.849524,3.765151,2.566360,26.192957,6.561642,7.940451
14.397249,9.597586,9.266636,10.485779,2.619981,28.951458
7.305749,5.317311,3.192738,15.085818,3.188693,3.803603
27.715990,18.693432,9.632263,29.577845,8.976682,63.758991
28.071327,18.788637,16.224928,45.076923,11.979901,35.081322
7.013445,5.247154,2.872305,13.305994,3.516176,1.416867
29.157192,19.874039,11.962612,44.080639,11.692612,17.944174
22.487530,15.655674,8.129073,22.301313,3.759668,5.629346
16.515255,11.468690,5.487845,8.146125,2.175331,8.177073
11.547995,7.865389,4.392627,19.882103,5.235029,8.117936
40.023659,25.029800,8.246406,65.952660,19.270388,12.641489
24.005459,11.766896,17.910166,119.850632,28.906149,11.248874
4.798398,3.145736,3.148867,15.681900,4.105441,11.803980
24.447294,16.766041,6.374813,19.211756,4.461024,4.730483
54.581654,33.908985,23.970024,58.364159,14.974266,51.623417
7.025997,4.733782,4.219297,67.674263,17.774502,3.998840
11.099558,7.476579,3.784758,17.936260,5.958580,4.626057
20.559895,13.912892,23.285107,64.324638,16.275215,17.853001
20.697214,13.448182,17.511217,44.127197,10.780484,76.096954
17.678152,12.027919,4.410977,11.194465,2.981635,3.313653
7.824000,5.714057,4.466788,29.696993,8.438923,14.520111
7.644954,5.098711,1.931246,10.752267,2.599869,1.178651
42.380661,26.125036,12.660105,62.384418,14.979706,7.800747
24.187511,16.514185,8.198596,15.841478,4.379058,25.585306
20.506624,14.466551,4.197335,23.084467,4.588393,4.343943
12.040479,8.090495,5.609855,22.137621,5.404149,4.105731
42.976257,23.141901,28.325600,84.167381,23.302715,63.228809
31.282242,19.845882,16.965500,93.958740,25.410461,25.884863
24.728733,16.927919,8.481642,32.580578,7.272597,3.915715
37.338753,23.143599,12.432872,20.235588,4.152990,12.329202
16.443842,11.448996,6.312717,24.419340,6.096668,10.332891
6.759217,4.557920,3.231564,10.004576,3.098442,1.983312
24.879791,16.640394,7.080678,22.342113,6.199293,19.380526
23.971758,15.842995,15.953879,52.863491,12.974160,9.764032
19.046280,12.767330,7.607898,13.145211,3.388626,21.993105
9.876271,7.022816,2.573067,17.614159,4.129441,22.031830
13.765250,9.222361,11.379686,35.633904,8.068918,6.670331
7.331586,4.946922,2.479425,10.896792,2.001715,8.985133
16.372610,11.754650,3.470091,12.157543,2.810534,4.384579
10.147733,7.409375,9.599575,36.229797,10.309751,13.937017
20.737638,14.415195,9.327555,26.705700,6.440877,19.633453
8.205857,5.650034,3.121929,10.211949,3.100006,1.688987
20.928080,14.556113,8.196628,26.050829,5.938350,4.894001
5.298151,3.769805,2.027225,5.772487,1.727338,1.429703
28.895880,19.589510,9.952907,16.987383,3.830421,26.110973
43.659447,28.234343,15.308419,62.635914,15.756113,10.110220
20.949734,14.233142,14.562374,38.072987,12.205806,10.354250
24.222059,16.597958,12.020037,36.127518,8.065874,10.395104
13.809884,9.579323,6.639319,37.144588,8.769949,4.073392
8.703067,6.230413,2.192302,21.934025,4.340293,6.112228
26.133118,17.927261,20.471758,61.383415,18.457325,35.169205
21.937637,14.653277,6.963282,26.847277,7.152235,40.631229
22.441774,15.489049,7.959888,18.691843,4.813123,2.771722
22.472691,15.354582,10.101525,28.848600,5.874223,9.298918
21.844372,14.606933,12.136743,47.888416,13.561305,32.976185
20.230160,13.547355,12.270020,58.115330,15.099873,27.225937
26.569374,17.362621,16.539297,35.949444,8.325801,12.725839
38.766418,25.045090,11.660463,67.055153,15.970455,3.783396
33.034996,21.504431,32.109211,46.411514,11.591233,66.252861
13.700654,9.570771,12.747840,71.414551,19.385475,52.009911
30.753273,20.144819,19.225851,48.812202,13.236372,21.661985
22.341606,14.730453,10.954822,44.714859,13.304269,44.597618
22.418619,15.113363,6.977822,25.302246,6.287353,3.361009
31.292133,18.345322,30.234192,74.223541,19.104622,46.792400
5.698723,4.118111,2.381407,7.842432,2.095616,1.732911
32.613365,20.620647,15.630630,36.281670,9.128912,14.094847
16.207846,11.020099,5.522305,45.374805,13.006040,10.139277
36.677368,23.837749,13.290648,30.296604,7.117619,9.447442
8.613536,6.310807,2.785029,3.047400,-0.125987,3.420149
11.417110,8.149161,4.226606,22.668921,6.195387,3.416824
18.067604,12.770500,8.315563,40.895836,10.013212,9.260967
13.807247,9.519685,4.368903,13.496855,3.351823,2.970701
35.893875,24.056778,11.990856,36.806530,7.814164,15.616029
6.498089,4.705833,1.319819,13.165227,4.255371,10.132126
7.034251,5.145526,3.122357,12.859096,3.930807,11.748669
24.039671,16.453310,8.338229,47.042255,12.245438,5.146759
8.142807,5.692571,5.185613,23.703138,6.243033,5.146715
33.431816,22.248510,10.844523,32.043629,7.154394,8.344613
4.730423,3.730021,2.129589,14.285324,3.390323,1.593195
44.784611,28.782244,14.394073,45.829411,11.175454,19.362049
9.366556,6.844725,2.727403,62.800339,16.339220,2.611820
23.101471,15.383498,6.729859,24.058445,6.372140,3.753391
44.146130,29.197813,16.812813,78.270493,21.918926,12.419845
18.861183,12.128499,13.059834,48.518826,11.687548,10.176074
13.503300,9.737772,4.511121,27.555130,5.425826,5.438492
11.121283,6.245455,5.833619,8.624597,4.803967,14.010880
10.795381,7.245755,2.379650,10.007118,3.283499,1.309792
17.689600,12.488823,7.139287,12.195248,2.992317,10.376707
7.923369,5.645620,3.907987,18.765409,5.037191,2.725282
33.137699,15.835877,12.640863,82.466377,19.074116,14.413687
9.315471,6.469900,6.540620,32.721149,9.867128,5.009677
7.612727,5.101452,3.102649,19.027992,5.196243,3.295309
14.150394,6.562952,6.573266,20.492290,5.363127,5.551706
6.623946,4.652659,2.280775,8.817468,2.972243,2.994879
29.775311,20.117582,17.550577,79.044106,23.572598,66.444145
29.930510,19.616596,14.672918,69.143158,18.072104,22.588943
29.666618,20.466509,7.570518,24.410345,6.094656,5.087587
4.594398,3.233630,1.873700,14.912079,4.383103,31.953062
4.637804,3.692060,2.023377,13.520371,1.991930,1.863985
36.666992,24.133175,12.640966,24.017397,5.588613,33.347309
6.395324,4.837421,3.445400,11.698387,2.909249,3.707002
22.304552,15.271413,11.193115,39.997578,8.490258,10.786509
19.055712,13.242323,5.688697,39.377056,12.159658,3.178366
25.026911,16.336765,10.701048,34.513683,7.366726,5.034314
10.033824,6.864966,2.135595,25.310154,8.847423,2.315138
25.312155,17.510973,6.807319,25.331701,5.593038,4.080348
11.964957,8.459565,7.326047,40.663033,12.016531,11.037006
11.311071,7.719625,4.373801,31.562832,9.565026,18.489874
35.535015,22.730434,15.199249,61.949894,16.639574,16.009684
23.032042,15.758921,7.181501,81.401466,22.596622,5.010307
13.660107,9.520457,6.672689,18.730333,6.686607,19.927917
25.951059,17.780739,8.096920,22.845219,4.150990,3.176857
6.936902,4.700433,2.861799,11.639414,2.590014,3.612438
33.636086,17.414452,15.613054,81.318214,20.593607,18.867432
9.117481,6.719768,2.682586,27.907349,6.612896,27.529232
32.620285,20.287930,14.631334,89.860764,22.778963,59.242992
28.195509,19.090830,8.833655,34.243637,9.835249,42.379292
26.319693,17.301399,20.627977,74.227745,22.056231,60.116257
25.618696,17.671297,7.977503,26.478783,8.275846,44.642326
5.987827,4.280079,4.846600,38.267860,11.179639,7.014528
11.339086,7.925999,4.438948,15.896784,4.914876,8.127576
14.200309,10.067247,5.642100,14.440167,2.378844,3.406951
13.043277,9.458880,4.577280,13.810129,4.012550,20.112076
7.044844,5.146003,10.845077,46.720280,12.373086,5.088265
22.967537,15.255293,22.416897,95.959839,24.088024,21.805361
19.594828,11.570685,7.861196,33.583179,8.772130,3.551330
20.734818,14.314489,7.862783,16.379190,4.662693,14.709939
5.229746,3.230730,2.535480,15.835531,4.833946,1.514514
26.771181,18.140205,7.090219,34.237411,9.288831,7.021457
8.059044,5.875534,3.169254,9.752749,2.306036,1.398979
70.886414,29.320936,77.712456,317.933258,93.777336,165.890350
16.842972,11.134428,4.496956,20.027657,4.548040,9.053155
18.205540,12.433312,4.903895,39.113297,9.870965,3.904081
21.981201,14.786949,6.893324,41.388321,11.040804,5.377186
16.178022,11.242632,8.268632,20.545607,7.228761,5.239799
42.197491,27.208744,13.963573,26.481932,8.817048,73.364143
7.462406,5.375060,3.339684,18.587004,4.561617,1.434044
7.250931,5.028018,3.048693,10.840205,3.053947,2.614590
11.873932,5.320272,7.210363,14.577357,4.083860,10.599371
10.629406,4.373216,7.375229,14.657815,3.871074,10.101707
12.135530,8.388898,2.844863,13.325575,2.668058,10.959229
9.692039,6.842979,3.181977,14.242614,3.586562,3.300520
7.138844,5.418176,2.775643,9.760381,3.675898,3.576640
26.602337,17.864475,5.272544,28.311878,6.759753,6.578488
22.144543,15.328194,6.977502,18.630608,3.643346,3.873354
17.410000,11.918784,10.594920,57.349888,17.247496,3.946639
24.280230,16.096214,7.385167,26.444372,6.360603,8.634702
11.784943,8.423291,3.484487,14.927341,3.911880,2.561597
12.758151,9.245044,6.614163,13.554377,4.299287,3.713128
4.823604,3.512912,2.893401,9.020765,1.318192,0.899691
24.416113,12.550201,12.216908,50.614574,13.116994,5.757735
5.289601,3.764903,2.698055,50.067032,15.512439,11.357653
9.309335,6.716479,3.708582,11.970800,3.112416,2.206944
13.680275,9.508276,4.880891,8.791096,1.940322,3.714557
16.042345,10.778674,5.537355,38.400703,9.375630,26.652769
4.558825,3.250722,2.094252,13.947845,5.313088,0.863915
18.859661,13.634927,6.180502,22.900314,6.427437,5.872849
41.267941,27.346970,12.871992,58.347324,13.586628,6.655406
5.052606,3.565137,2.630305,2.222598,0.455856,1.096372
46.620098,28.751963,21.035126,92.594025,24.683640,55.208351
29.161850,17.279041,12.391902,40.498440,10.101892,27.672722
32.191406,21.607975,11.457901,72.682426,17.595726,6.831121
16.804569,10.888736,13.544641,81.137703,20.924620,21.412518
27.895582,18.834709,22.200901,104.072739,27.931402,34.083912
12.427300,8.366222,18.213305,39.688190,9.696516,15.621276
7.554665,5.675478,1.549873,28.411324,9.190138,15.260120
23.775921,16.481939,14.274724,39.980526,9.636112,9.696693
28.394640,18.893805,10.870111,40.311810,9.908690,5.586847
8.775144,6.249571,1.593705,11.148925,2.422913,3.393655
29.739956,19.384766,8.378176,15.486009,1.990713,13.352908
26.416508,18.276121,8.453323,39.101276,10.358170,6.081614
45.808735,29.842619,14.186806,122.645439,32.935303,46.597176
7.230728,5.039202,4.297284,4.213169,0.191414,1.869333
38.077824,23.438606,32.978512,89.819733,24.334892,19.222431
34.751793,23.125635,12.396927,47.273457,10.112665,5.128508
4.595983,3.127039,2.077421,12.622325,2.563643,5.212812
25.724548,17.698652,5.947013,38.391788,7.401507,4.433407
21.275698,14.190553,7.313259,24.193888,6.019068,3.880383
28.983671,18.799856,16.190042,41.084293,10.567504,52.616287
19.210058,13.127924,9.523849,20.603413,5.960768,12.778564
10.218081,7.057045,4.944813,19.228127,4.836813,4.272361
62.158596,34.896267,29.654507,57.636459,13.796871,45.514980
26.877041,17.833689,7.522224,23.639229,5.636136,5.105969
19.008545,12.790649,7.735044,19.915882,4.246438,3.101744
14.088041,9.989330,3.934918,24.812420,4.726993,12.476948
10.290198,6.547471,8.427100,71.661346,18.823172,13.341846
19.844976,13.760458,6.458718,16.507586,3.987005,14.560288
20.857155,14.657640,11.785307,11.961631,3.611620,3.605887
46.033749,29.757227,14.603511,43.966934,11.714766,4.339182
30.485004,18.392859,47.655849,180.954330,51.695435,38.756264
13.205706,9.206260,7.280697,37.609089,9.530540,1.850712
3.957405,3.180250,2.752706,41.545280,10.865555,3.182497
42.002068,22.737328,23.310457,95.132858,24.449631,70.877457
18.287504,12.755418,6.124110,23.762413,6.789600,3.856907
39.118004,22.757753,15.017809,29.806732,9.033100,25.020670
30.707611,14.233847,16.341198,47.172573,12.735066,42.391426
33.000404,22.643764,8.455217,36.509850,8.898894,13.451320
66.817001,33.982155,28.634455,99.480995,24.747801,34.874165
19.963499,13.469447,18.381041,58.727680,14.950988,40.975235
34.451752,16.497204,13.299800,32.447933,10.574813,21.767719
30.260008,16.607821,12.578487,33.795719,10.475385,17.915577
43.737934,21.036114,70.169701,181.245667,50.686401,130.480331
10.686503,7.559755,3.739557,8.657372,1.757086,0.885654
12.026564,8.540265,3.740395,7.520625,1.814658,3.064430
9.045431,6.072813,2.228134,12.668379,1.818426,15.186575
19.845049,13.199334,10.576903,31.025120,7.224622,20.195255
22.425695,15.172288,7.889499,16.379089,4.532638,14.827984
16.927086,11.061197,36.147949,116.733734,33.452206,64.279465
18.941198,12.894627,9.588184,75.404198,21.012285,12.205712
36.505867,18.444141,15.339275,88.317139,23.994600,17.813324
27.786758,14.124911,12.010885,69.139145,15.415325,14.337917
56.203327,33.862980,13.884598,100.649986,25.612793,17.350979
27.251003,18.771858,12.091881,84.560127,20.870453,14.104186
12.070745,8.484084,3.095655,13.996898,4.595423,4.064734
6.498116,4.751715,5.170421,23.817827,5.115213,8.681901
7.564307,5.603462,8.273366,32.537159,9.141631,9.085076
22.199286,13.774148,9.376760,70.638245,20.688448,16.308447
10.208628,7.270751,2.753962,31.039473,9.134702,4.903701
33.066360,22.131130,10.097336,26.793631,7.273935,8.792973
19.868057,13.296703,7.949514,39.391739,11.903411,14.611697
21.750820,14.405432,12.236828,104.670685,32.007973,35.149147
8.769048,6.028630,3.248676,61.961411,15.757715,2.552551
14.685070,10.048914,6.282474,23.570404,5.000017,5.980431
16.997204,11.886872,14.692103,51.731918,10.318764,7.684469
24.691982,16.640989,8.152776,18.112646,4.167620,3.480646
16.247021,11.478782,9.288723,29.650934,8.849789,30.095524
53.383320,30.676542,56.248955,168.011536,45.755032,154.560074
27.555502,17.123983,10.678938,57.769257,14.290344,10.752803
14.085829,9.579631,6.137685,15.483686,4.170635,2.509344
25.870434,16.721897,7.620126,27.836405,8.221900,18.444754
14.222958,9.691748,3.380644,35.148323,9.341762,5.249619
21.141638,14.775414,7.198867,17.568024,4.950089,5.823595
27.503340,19.023211,13.868279,33.768524,6.744658,7.155395
5.588187,4.141240,3.066785,46.815952,13.359818,1.644964
12.689028,8.784202,4.624429,14.682187,3.220309,2.631817
13.207293,9.241196,8.617189,38.299427,10.022720,66.116547
25.631691,16.968281,14.576878,84.150787,20.184971,9.903406
18.664373,12.494484,6.828184,24.116823,6.932302,7.289014
11.745059,8.222974,4.167763,51.409801,15.128695,2.149680
10.450281,7.298751,4.710966,10.937177,2.474399,0.931016
22.482561,15.182815,5.135071,25.214735,5.551341,14.074262
20.760448,13.972878,7.325107,26.873825,7.313240,24.773304
28.498241,19.713648,10.863071,28.491966,9.366462,77.264442
24.783262,16.885468,10.375279,7.716964,3.099221,27.706871
15.637547,11.199296,4.495530,14.555393,2.224033,1.660207
6.754791,5.064569,3.203673,9.516773,3.715383,0.808684
20.285519,13.991932,7.102459,26.001604,7.538831,23.333244
24.647800,16.180500,7.824853,39.220310,12.011364,24.558790
7.467154,5.097879,1.617466,6.354118,3.017451,0.766087
82.984314,43.934502,41.519405,81.832260,21.020496,54.389866
6.443401,4.468739,2.655291,10.107869,1.684263,1.141069
13.388741,8.875065,4.876052,17.680340,6.279562,7.325884
17.795229,12.552526,8.080779,13.958203,4.168444,4.905908
18.165953,12.494252,11.485633,39.180836,9.043871,11.248027
10.855266,7.374978,5.937388,12.747725,1.973050,1.686188
27.959324,18.643620,9.173729,26.069246,4.931189,2.068828
32.307755,21.404427,6.832311,25.031822,7.980019,48.887772
29.233469,19.507812,9.794926,34.602253,9.577254,18.195007
31.636223,20.349228,19.949638,78.941544,17.633755,26.250666
5.329051,3.446107,1.587747,13.945312,2.454393,1.768005
32.696198,22.478418,8.309091,41.559986,10.899490,25.300442
13.723935,9.123576,10.893611,36.740875,11.268348,28.682938
32.852436,21.331291,9.816182,27.931889,9.152872,10.406675
6.843927,4.902994,3.129028,15.478095,3.587865,1.870488
37.125206,24.263124,12.055420,55.443130,14.521805,32.411980
17.682760,12.335751,8.563793,24.323586,6.045305,17.762939
23.483479,15.417217,22.321936,42.108383,11.719358,22.242315
31.017542,20.747118,11.048903,31.113705,9.085306,24.095615
29.485861,19.344952,13.663789,50.973225,11.186538,8.030458
22.943514,15.404818,4.218485,11.264069,5.560514,4.897034
18.958515,11.061826,5.834635,35.735996,10.868961,15.685312
32.974255,22.551052,9.256448,34.977962,7.430274,4.502378
29.161819,19.010393,28.111097,77.248550,18.990093,13.340436
36.566971,22.591251,18.726278,135.144012,36.606167,34.925846
47.609371,27.411804,45.087879,127.929794,37.179798,190.062805
21.481482,8.319457,11.787082,71.921524,16.875273,27.937996
22.273718,15.529860,9.562922,42.060005,12.599996,14.211564
12.050686,8.785432,2.636202,23.693024,4.670810,3.441438
31.549625,21.127691,18.366495,40.390942,9.569271,18.775881
32.733994,22.756649,10.430980,51.013855,14.013946,17.507254
9.599048,6.842212,1.956928,11.803962,2.724071,1.378754
14.421180,9.776478,4.397171,54.633446,14.814301,6.066110
42.425964,26.483599,39.531487,276.170074,74.468414,35.220364
15.412535,10.397218,5.797396,36.734715,9.641351,11.121137
18.942638,13.002659,7.040730,54.649506,12.295735,7.635116
39.466198,26.311810,17.402849,102.891907,25.883543,17.390858
12.663460,8.933107,4.026573,14.627467,3.085373,3.546476
5.764475,4.073544,3.019231,8.020058,2.310582,1.256081
8.825345,6.261810,6.531792,9.437893,3.208488,3.150362
14.196340,9.678429,5.774948,4.500964,1.509922,10.087640
34.136856,23.422461,9.340707,55.695938,12.958840,4.189364
13.680560,9.601661,4.852726,14.142493,2.653733,2.804598
22.995327,15.262656,4.325203,30.285007,7.519625,5.115686
27.379116,17.881847,8.858250,61.425941,17.444395,9.198751
45.278660,28.280643,17.915609,73.438049,17.919994,51.887375
20.744741,14.483694,6.094266,17.061415,4.079586,5.009256
7.643429,5.209867,3.614960,8.611307,1.455639,1.145160
5.464752,3.949487,2.217062,9.745536,3.034742,2.615319
18.401325,12.523729,6.666593,38.829269,10.986118,2.980902
5.707433,3.956897,2.898272,17.055429,3.487911,3.406725
10.434270,7.374297,4.240310,20.022625,5.414155,2.352275
23.566694,15.522749,13.419936,34.672623,8.788399,57.970936
4.955671,3.679024,2.863923,12.208714,2.478404,1.250340
27.366955,18.325750,22.297270,91.967026,23.394533,32.574486
21.212627,14.561762,6.359197,18.724667,5.410697,3.018702
39.566299,24.253288,16.393154,13.097107,3.889053,17.531281
21.250574,13.451681,15.281280,74.712715,23.267460,86.337692
14.995882,10.429605,4.324628,24.207928,7.028931,4.806939
25.695385,16.356062,32.813244,61.272991,15.551523,18.534431
26.604269,16.179552,9.394210,19.486328,5.631986,13.591453
20.309671,13.614896,5.498916,23.903954,7.016111,27.853275
90.547882,34.394726,166.912643,818.102783,234.687759,260.201965
15.845440,10.873633,11.651394,87.729858,25.584042,30.942795
46.200577,26.900410,43.641605,218.837372,63.447586,153.251419
4.997355,3.255193,2.087992,8.356462,1.806820,7.248653
7.564266,5.575959,2.527280,18.363832,4.096911,6.577730
26.012341,17.616531,8.639368,38.289925,9.712625,18.283897
34.545509,20.162806,37.959606,228.130569,62.514328,50.087822
56.638302,35.518784,23.020664,66.190155,16.558910,22.545815
32.729546,20.317579,11.034390,30.617090,8.025081,32.962795
4.237297,3.199667,3.417647,7.817750,2.328065,1.441656
8.270397,5.749250,3.257841,8.909375,1.134237,3.451439
48.375652,30.406080,16.203953,63.658478,18.942223,84.403160
6.701500,4.569444,2.310946,30.802216,9.399586,1.419625
31.775087,21.476154,18.918089,126.900734,30.993572,15.839558
8.451517,6.183830,1.633730,20.880884,6.626575,9.541757
16.505537,11.127295,2.719565,13.785058,4.730600,5.171427
20.437094,14.128223,11.853649,58.126736,16.292412,14.937653
13.435503,8.844939,13.908342,33.728394,9.045958,4.092213
19.880278,13.821647,6.459178,21.019659,4.277256,8.153295
47.462833,21.324337,13.385575,52.341377,11.373684,7.287783
10.661532,7.523937,3.532586,12.331748,1.956442,4.602433
6.801404,4.737982,4.148505,12.656130,2.575018,2.476774
9.292809,6.678220,4.910266,26.514267,6.524020,12.618475
14.617527,10.493845,3.894877,5.418957,0.925127,4.792794
10.861815,7.604476,3.503099,16.481882,2.991325,1.850010
6.342855,4.518643,2.104383,19.174025,4.684237,2.722465
39.630081,22.270910,13.671718,104.913338,32.254467,13.068621
15.552986,11.197817,6.156375,14.555504,3.154987,12.242997
20.811897,14.541020,15.524517,71.448097,19.237461,12.716188
21.573469,14.563091,33.054985,175.822174,46.721241,16.743813
44.445923,28.691412,14.160205,58.815502,16.690773,24.878353
22.957329,15.220974,11.149823,55.814613,16.161167,38.741074
12.344543,8.905346,9.361116,11.115756,2.056404,11.200057
5.285111,3.604424,2.458310,16.988581,4.226256,3.800299
16.941193,11.119495,7.019073,29.341089,7.510873,7.717505
9.183154,6.281150,3.177474,44.106922,12.772676,3.219268
61.130367,39.373280,20.674473,69.055611,19.751104,26.140730
25.270554,17.115381,8.353201,26.592369,6.504458,2.251524
17.237707,11.354515,7.922220,22.052490,4.724739,13.489186
28.172935,19.191116,8.149176,35.744705,7.470942,5.677868
9.186117,6.409824,3.513211,9.319663,3.622186,3.833549
15.101737,10.609777,4.912144,10.132523,2.761207,12.533099
13.385786,9.348802,3.149877,13.112408,3.397979,7.974770
10.642645,7.207057,11.342574,35.552174,7.735916,5.397853
29.266741,19.442347,13.204175,64.440079,13.999290,18.418846
28.467186,19.245193,9.531078,21.341810,6.044798,30.776484
53.693031,29.850592,36.994205,142.002716,44.313477,163.877136
33.730610,17.607475,14.715101,43.484779,14.253621,30.006380
28.691765,17.182999,14.324211,46.806370,14.697039,25.056053
26.827316,18.481598,8.359979,21.065058,4.593593,2.666802
7.111755,5.277621,3.148415,13.769078,4.170407,2.672943
17.367615,9.355734,5.856774,34.345444,9.997930,11.778114
11.386353,5.019348,7.324301,35.956688,8.577596,5.666476
18.533583,13.089239,8.337300,14.420245,4.762458,6.054073
24.837095,16.775490,9.140234,26.859243,5.831070,3.963784
12.471364,8.928401,9.121198,25.140057,8.837661,6.637070
49.453674,27.341959,42.391491,155.927353,46.781807,112.887123
28.234383,18.416288,9.333511,30.035200,6.264415,5.031536
29.569874,15.422443,11.860291,46.715618,12.387306,10.807971
23.369648,11.342808,7.963114,39.816559,9.307223,6.983884
8.633106,5.976558,3.615592,12.932380,2.853216,1.565112
26.776548,16.711227,30.151806,64.204506,15.508120,29.976234
17.386629,11.995207,7.974625,52.114010,11.658813,2.952218
42.210007,18.011000,18.986189,72.264420,21.128325,50.469139
37.637661,23.005968,15.827382,51.029324,12.668982,33.657253
5.500705,3.905579,1.265225,11.272638,1.599108,7.301967
26.846844,17.509510,11.153743,28.509939,7.868279,9.359312
12.259571,8.535545,4.158678,16.645388,4.317722,8.401745
12.211079,8.245191,5.966837,18.815605,6.100253,20.941784
20.008331,12.398169,4.780004,22.893448,6.509620,19.824331
11.978051,7.486209,4.377111,19.718998,5.739871,28.649643
34.339481,22.716383,12.155868,15.884178,3.695360,8.608377
8.354840,5.818364,3.882456,19.595055,5.434807,25.832571
6.800340,4.755765,3.054319,11.793891,3.798090,2.238639
15.527240,10.721836,5.073601,25.212490,6.714877,2.408528
26.033365,18.140688,9.111248,28.078667,9.447898,11.159498
9.801041,6.933343,3.651018,21.976543,5.351041,4.954553
24.931684,16.539587,17.624176,44.354790,11.699517,48.734932
13.036707,8.598611,4.499464,16.815928,4.610712,10.008370
18.066027,12.192584,7.135323,29.546747,9.986583,9.609077
23.722565,15.976488,11.489063,28.469858,7.928553,9.248164
50.730186,23.713415,22.991350,68.701065,20.493654,60.511822
37.174229,18.472679,18.991335,61.466164,16.272133,36.833427
25.942612,17.603287,8.207955,18.178236,5.691717,9.442881
19.743570,13.785072,6.992367,16.729378,4.125646,18.957273
13.619671,9.760448,5.810461,46.986160,12.475818,8.725747
24.644764,16.954742,7.730768,50.447723,13.179838,7.027212
21.064962,14.459790,7.504362,21.829931,6.001187,4.553732
8.105386,5.435061,2.315391,7.741601,2.788305,0.586224
29.962444,19.748318,8.568356,37.879925,9.448749,39.288120
31.615358,21.027506,10.307377,29.040747,8.055387,6.645875
27.005424,16.939352,25.575977,103.760849,22.920395,29.567682
12.602480,7.838703,4.327864,27.998314,5.430988,1.854136
16.847008,11.311912,4.608055,26.904076,8.527344,24.360767
8.906936,6.189328,2.753097,6.747026,2.693065,0.494790
12.692225,8.462307,4.539738,14.289159,4.929193,25.943090
14.887011,10.052253,5.662546,33.702934,10.742454,7.338494
10.256870,7.301436,3.488339,16.126873,5.236792,32.542267
13.234604,9.071660,3.827234,11.080563,3.135056,4.002309
18.926403,13.096600,5.228966,29.234848,8.656174,7.068165
6.201086,4.614340,2.924101,7.718543,2.817039,10.066671
12.929954,8.933482,6.132494,34.147888,7.777967,2.735401
19.873055,13.911999,8.359255,16.953436,5.556322,24.064236
12.094177,8.606507,3.730518,13.417724,3.685233,10.490274
27.378626,18.122231,17.352457,45.635838,11.505791,9.509107
21.089266,14.237164,7.967360,21.388750,6.367805,32.705345
20.933849,12.901579,24.840336,93.921989,22.764227,95.908867
27.311903,18.542925,6.263976,27.885141,8.588815,33.918892
21.787066,14.935694,6.212309,40.406513,10.624706,3.960743
16.734348,11.428674,5.962029,14.750152,2.934148,13.386973
19.041750,12.970619,13.327385,43.393135,9.815020,10.954970
34.218948,22.191074,11.349529,42.016563,8.438851,3.968016
7.751360,5.172337,2.523103,11.708755,2.631540,0.857464
13.789474,9.526997,11.729197,67.543411,19.456842,7.815791
40.119930,14.947628,11.914515,34.920025,9.333545,25.173141
38.078312,15.030558,12.161060,38.276436,9.247912,20.779327
8.536477,6.207697,3.845337,8.451173,3.681695,1.481713
15.646804,11.232322,4.718809,14.330788,2.582855,2.265336
9.067952,5.986663,7.406096,26.816242,6.142926,2.189510
41.011135,26.422861,30.275099,165.901962,46.992802,80.216148
24.985853,16.767033,7.412466,47.847336,9.489972,4.105002
17.728558,11.826948,6.737078,32.042915,8.668788,36.808628
11.856512,7.882784,4.783266,29.900326,7.492733,2.177907
27.991941,18.399023,20.325066,40.819939,11.770488,66.960083
12.342273,6.143961,10.866965,77.344788,23.028639,60.862980
10.097321,6.682898,4.342885,15.782575,3.743039,1.983086
12.562612,8.627172,4.713784,28.148542,7.389637,3.515818
31.036243,20.660315,10.344526,40.107601,9.974294,16.341478
15.415146,10.529280,5.214020,62.026787,16.710949,3.213899
29.769588,20.666492,9.143060,74.397171,19.427065,8.103072
14.155910,9.623581,13.192565,89.817528,21.286098,26.302433
48.132244,28.324001,43.778030,120.776962,37.082836,175.331131
41.827217,26.421062,16.952929,33.692924,7.388025,10.039967
14.665456,10.437214,5.488458,22.652487,4.659638,8.282147
8.218943,5.853557,1.907043,24.035086,7.534209,22.251484
5.708108,4.264771,2.663331,9.230947,4.470606,1.414277
5.717117,3.878541,2.708282,13.939038,3.883201,1.229693
20.643202,13.853118,4.249281,40.183144,10.751635,6.074747
35.478474,23.477087,14.607305,48.059383,11.863959,10.965397
22.496580,15.317963,8.044429,24.377531,7.713157,40.518032
13.776092,9.119291,13.467569,43.111374,12.314401,81.513924
6.565939,4.656225,3.017093,16.905569,4.566587,17.538595
23.823551,15.902173,8.224054,26.655138,6.767400,18.559204
20.489210,13.710332,7.675875,18.797966,6.235529,25.698233
18.439888,12.829341,5.389937,50.974625,14.392859,3.943983
52.567085,33.063557,25.412004,50.854286,12.258439,14.038651
19.114048,12.689900,7.459687,28.251341,6.615418,4.519531
38.487629,25.220579,10.624903,33.633575,9.316298,43.788948
11.326150,7.896268,4.532620,17.050478,6.214300,24.139954
19.510107,13.684747,6.149611,34.487438,8.538022,9.646266
33.115856,17.069803,14.343233,71.580582,20.027197,78.523758
52.474934,19.055214,21.482573,103.878014,26.801395,126.108009
9.101621,6.353746,3.874114,6.730649,2.559371,2.081029
4.802439,3.536865,2.334321,7.623437,1.739352,1.714074
17.537729,12.418851,4.693161,18.912367,3.822639,2.499674
20.600508,14.190855,5.310986,17.149090,4.090086,23.363613
16.433048,9.801778,5.339238,25.143936,6.035468,15.468792
11.778376,4.953221,4.445591,20.704931,5.443070,28.873327
30.852278,19.922127,17.590088,65.022034,17.322773,13.394523
20.095663,11.072403,8.452211,21.081680,5.714708,16.444956
16.291759,8.627753,6.545612,33.123913,7.288709,17.556131
10.169006,7.179952,3.432479,19.219713,4.458240,13.247115
7.262959,5.161514,1.583975,15.332037,4.707578,7.098512
5.024846,3.536254,3.112487,36.323120,8.283924,3.098070
11.894798,8.486837,4.199438,10.310827,2.687988,3.860920
10.198491,7.246060,2.348813,11.389896,2.956988,3.339200
22.488041,15.342530,6.073074,44.796833,12.834058,35.590538
27.952375,18.087528,11.993075,44.968555,12.273939,44.974880
11.664094,7.950860,3.167860,13.063396,2.880274,15.668122
14.888779,10.142447,5.002378,6.123700,1.220036,1.950461
18.791147,13.221386,3.865037,29.197201,9.060462,3.562507
20.171267,14.012344,11.797050,33.905056,6.644397,6.725140
17.214130,11.392943,10.228899,20.702288,4.938622,4.242804
53.041798,32.089298,16.127398,40.474255,10.524609,20.808977
10.806396,7.617680,8.076034,34.204926,7.879484,6.085085
59.298737,35.215218,22.570316,123.444695,32.747978,32.775719
29.040005,19.371233,11.817363,42.174881,12.201782,14.280688
26.108120,18.447416,7.621890,9.321097,1.753633,3.178684
13.631244,9.056927,6.145586,23.588806,5.828136,1.048153
7.429916,4.936909,4.154738,34.265831,8.875876,2.451993
15.966926,11.437757,4.103244,28.278112,9.150118,22.746660
44.048904,27.764757,22.573727,81.450333,19.627798,12.546862
10.310193,7.484755,3.945353,12.006979,2.669358,4.082874
16.114128,10.829632,4.817334,38.241016,10.026452,2.674084
18.296490,12.664452,6.087016,20.587748,4.620274,9.741181
13.773703,9.927887,5.715718,15.078515,3.708674,6.450789
11.587685,8.181149,4.696804,38.618252,9.495199,9.120624
12.648721,8.436182,12.393136,62.494556,17.079290,19.766312
26.645437,17.038603,9.827544,22.621643,5.284709,4.463902
19.339342,13.413059,3.800457,18.108007,5.940369,8.045579
11.692340,8.213207,7.522894,23.065689,6.706208,3.504415
42.456608,25.500219,31.316545,79.993484,21.311211,33.101028
15.807615,10.882696,6.654784,26.485540,6.885929,11.010180
13.283138,9.451485,3.650094,26.607397,8.921752,5.198672
19.953089,13.441353,11.195378,23.606281,5.828328,4.552323
11.876076,8.102165,4.327010,13.817215,3.258177,8.416495
23.614395,16.679876,5.785078,15.513539,3.492634,9.594173
12.815195,9.106730,3.718707,12.892361,2.510160,1.849539
8.745378,6.363361,2.195129,14.639593,4.412994,7.606739
23.211346,15.765915,18.247700,124.415855,32.173965,18.341713
19.696060,13.241419,8.315691,45.509727,12.899142,8.339338
27.200064,18.718193,8.434934,24.606482,6.996407,4.815609
28.745358,19.599510,9.811241,18.431931,6.729014,30.344835
20.693327,14.412869,13.263960,31.699959,8.889617,13.825763
8.368448,5.672460,6.846529,43.981834,11.875810,5.745193
27.964056,19.121660,7.638206,27.066692,7.564178,37.164215
16.850780,11.370488,8.402710,24.600315,6.808487,51.835178
26.004488,17.156557,16.842033,61.252941,16.553415,61.447037
15.973795,8.305657,8.145313,34.680523,8.678568,13.684670
14.529671,9.839691,4.323342,86.827698,20.309212,6.674890
14.831869,10.680948,5.915879,25.158550,6.305717,11.073241
13.411457,9.234371,7.931610,19.190498,4.590851,6.058663
13.852404,9.522985,8.581586,24.182455,6.562119,6.307148
10.277179,5.183185,12.134985,60.046356,13.628733,10.466514
16.247026,11.126614,6.012336,43.761425,10.145209,4.081290
25.931829,10.087788,20.185425,74.777267,20.815849,35.896244
24.789434,10.096676,21.232901,85.847404,22.580147,34.010830
23.061039,15.819880,13.471746,102.115067,24.046221,6.626369
23.410183,16.157227,7.921369,29.257191,7.877670,5.089375
21.783815,14.290106,15.192674,32.499546,11.036209,42.618740
22.525513,15.185912,15.120471,106.730118,28.374588,6.688561
20.357735,13.822869,9.700431,51.850883,13.629372,9.503558
4.800061,3.192188,2.931617,30.678667,8.929229,9.955135
9.332503,6.586967,3.286606,8.593441,1.742501,7.988831
9.059411,6.354047,3.985764,11.644515,2.436345,3.208876
5.784677,4.317830,3.353166,13.566315,2.840250,3.111684
44.609856,27.508314,27.396101,86.158066,21.860703,17.717136
20.261707,13.932686,18.823458,69.203865,20.495564,54.646961
7.880874,5.333854,2.066812,27.857927,6.003240,7.137544
31.984556,21.718811,8.886643,28.139326,6.607904,9.659288
31.263515,18.283106,41.920761,96.843849,27.883278,156.974991
22.044556,15.038643,8.359710,23.051247,7.881080,14.040807
13.888408,9.205639,5.572833,13.347084,3.959623,26.572304
6.847936,4.833372,2.309656,11.308831,2.692774,5.454567
16.903547,11.725472,4.489923,32.750031,8.190482,1.172061
12.528208,8.829485,11.852071,44.874203,12.696553,12.131420
20.594627,13.674100,8.904043,21.639946,7.130741,42.232494
15.101585,10.567139,4.561169,17.139353,3.329195,13.756156
51.560875,23.141790,16.153023,90.000313,24.574297,7.380832
40.981228,26.768419,12.200557,36.234432,10.557405,51.392437
28.614899,18.860117,19.117409,104.192940,24.687336,9.115063
23.134907,15.928372,6.182377,36.794567,10.341142,3.162758
15.981330,10.958251,17.619364,58.707623,17.586298,30.043396
8.249402,5.813948,1.840602,25.673721,7.718868,3.982538
26.734674,18.146969,8.744614,19.865032,5.546622,9.092050
18.075911,12.322780,8.453996,35.196323,11.999643,7.464338
15.858115,11.099627,10.137888,40.974361,10.407261,4.979245
25.730509,17.328669,16.584278,44.188786,12.961363,9.548914
17.565653,11.674769,10.674077,28.293476,7.459813,5.209330
13.441374,9.613680,6.068871,18.363403,4.335018,1.804471
36.396011,23.170563,28.546852,67.113007,18.802225,41.959251
5.813747,4.013818,1.617607,12.406260,2.493379,2.135441
7.337788,5.466512,2.993922,4.497430,0.492256,1.247197
22.174191,14.621776,18.737137,58.565567,12.906736,11.485342
38.568829,24.559578,23.132061,97.746040,28.244368,96.727608
25.374029,17.491915,11.237631,34.963322,8.863744,9.396411
16.040909,11.457147,5.534921,48.203117,11.443792,4.187286
16.549538,10.955769,12.503025,103.703201,27.944700,14.199320
26.784414,17.108574,14.166970,58.284561,14.192504,11.264709
29.357426,18.446127,14.371256,60.691490,14.924099,7.845033
10.232554,7.297200,3.862501,14.534837,5.243203,3.140083
50.139446,29.108276,16.020752,41.158154,11.057109,9.737287
14.823421,10.089556,4.996125,15.409241,3.945469,11.572327
15.782433,10.977858,6.912126,8.304988,2.023353,1.634013
13.624012,9.187658,5.308891,14.994290,3.754390,4.859514
19.775023,14.185970,8.710864,26.117395,7.553846,4.837735
34.388958,22.363007,18.297394,56.790028,14.285521,38.221390
15.197830,10.247429,18.224438,49.459385,13.377180,10.717277
31.612434,21.132885,10.079021,69.246887,16.350620,7.396887
12.591451,8.906318,8.900215,47.450531,12.944579,9.904734
11.804475,8.633779,3.748712,31.126194,9.272451,1.373314
15.258443,10.628351,2.153409,20.766645,4.221008,5.215471
61.514027,34.478466,40.851383,185.843704,44.937653,36.852547
20.011976,13.392760,13.153509,33.826843,7.343773,19.880297
38.665443,25.335569,8.328385,26.306713,6.931671,38.315235
23.483141,15.937723,8.423613,26.010544,7.319519,6.517334
17.462009,12.274897,4.967152,26.423920,7.242718,3.087888
19.942286,13.831973,13.475723,19.715603,5.912208,28.415741
7.326341,5.419938,4.555007,41.387554,10.175323,7.356988
12.446906,8.782245,3.908752,22.127340,5.061598,2.556112
28.363848,19.097286,10.876717,48.279999,13.745662,43.065865
36.529015,24.321198,10.964925,21.910069,4.356086,6.321338
7.743018,5.427572,1.667327,8.904138,2.297218,2.202422
35.475128,23.370447,13.314083,52.211254,11.857183,6.438124
19.558245,13.247524,5.830679,10.503558,2.156988,2.366958
38.043976,24.533037,9.485001,38.337437,9.675456,49.849529
11.850683,7.993200,5.391031,8.740751,2.142057,5.796391
24.960430,16.648329,8.099245,54.693951,12.703682,4.937458
7.342342,5.340376,3.654057,23.052765,5.279682,5.468958
25.326162,16.516054,20.070498,44.839027,10.090671,39.567070
17.925100,12.454702,5.735126,29.750692,9.125063,3.327443
18.395758,12.991214,5.358057,7.500648,0.786025,0.495289
12.453461,8.956149,5.325407,12.897549,2.952526,2.993979
6.129925,4.128884,2.611200,11.494900,3.226792,5.095562
24.083197,16.690681,7.101906,39.687614,9.472530,4.034609
10.639759,7.128198,13.387731,37.746078,10.426529,4.673886
19.684282,13.533025,14.921936,38.637150,9.455765,12.165790
12.556368,8.604703,4.930951,17.200161,4.105529,3.371726
27.937449,18.363798,18.195587,54.384171,14.116510,28.489313
9.175238,6.303140,3.326561,15.581711,3.606462,3.170633
26.900511,17.925018,23.993393,77.193420,17.795355,54.968937
7.434416,5.380620,3.228766,9.975457,2.990695,0.130718
26.466118,17.985910,10.456963,28.020176,7.137665,11.833349
28.562328,18.820868,11.617790,28.124557,6.995665,11.677411
8.010790,5.947043,2.842345,12.973278,3.145709,2.728677
11.585089,7.862955,3.352618,18.263197,5.713180,30.095407
47.813320,26.750555,28.706911,99.724327,24.671520,54.351784
6.731692,4.817091,2.209274,15.471590,2.388188,1.382847
28.627533,13.363668,15.463745,95.806641,28.341393,11.361099
24.750160,16.103069,7.376341,76.747696,20.351219,16.788820
24.888348,17.178036,28.493725,47.654568,14.057183,95.617897
5.054502,3.681839,2.151664,16.681765,2.693309,0.675655
16.757765,11.325105,13.693155,110.278168,28.670919,16.015074
5.152237,3.444919,7.868931,25.201397,6.185106,4.092192
14.426099,9.994900,4.202368,35.014431,9.953435,2.784791
18.452446,12.524009,4.861677,22.260448,6.000240,3.835395
26.836206,18.133194,7.920796,28.041174,7.266174,7.982383
9.113154,6.688694,2.759362,15.159960,3.791373,2.932212
27.116144,18.328892,9.225986,56.272564,14.425233,4.427737
33.570839,20.937801,12.038216,45.867657,12.002776,18.936628
13.768586,9.179967,8.826442,40.963902,11.117273,29.478956
11.539227,7.723762,3.830222,13.604542,2.241549,1.380762
21.407778,14.513418,9.885898,50.823963,13.447545,5.074594
19.784473,13.400372,6.948610,163.795334,47.555359,8.704504
54.048759,32.279346,28.928118,95.462456,27.128872,135.483932
4.025124,3.177911,2.177261,22.277941,7.096863,3.081388
44.712315,29.713057,52.351856,210.027435,57.957142,231.205307
26.788437,18.130198,10.120813,26.973015,7.653345,39.677235
8.593285,6.071849,2.843510,17.203722,3.695849,2.019834
18.051704,12.632736,5.842520,13.574825,3.767032,14.112573
31.334545,20.911613,14.857426,43.042229,11.604961,9.410014
14.930790,10.561845,5.526787,28.986132,6.542317,8.879891
16.121824,11.324870,5.636299,17.155687,4.052823,15.613471
38.487633,25.249292,10.610599,78.202629,19.185320,9.559780
6.398230,4.501194,2.865803,11.647066,2.933421,6.067872
18.895241,12.367626,7.431917,32.511261,7.882435,2.761094
14.780089,10.336482,3.076698,20.180250,4.952460,3.037326
16.859333,11.932874,5.379220,32.771770,7.684178,4.300273
22.491997,14.969787,7.561531,34.801479,8.089712,5.225645
12.158602,8.823259,4.909497,23.238783,7.484743,14.955245
21.323071,14.523790,8.437716,43.308239,11.403179,11.197262
9.343217,6.621736,3.677464,8.961636,2.563080,10.256554
24.997690,16.880468,11.376794,44.805035,12.092010,14.657340
40.034225,19.098778,13.532136,42.227261,13.749505,63.227890
40.901546,19.196629,14.798327,47.995087,14.286717,59.247574
15.899725,11.039441,5.110059,37.817425,8.761949,5.304672
62.240948,36.217850,18.628542,35.785957,9.767746,13.949815
37.497478,24.428549,11.116763,44.125652,10.678093,11.618958
7.438987,5.144675,3.128783,7.071408,2.080744,1.169223
43.638634,27.520805,24.797155,32.212601,8.434589,15.976118
7.209179,5.386795,2.870466,4.086787,0.603376,6.398484
12.212320,9.024720,9.956085,24.391399,5.694966,3.187074
21.920897,14.422643,4.764403,30.115314,7.516727,4.397823
20.708464,13.256047,14.184438,46.287445,13.553798,9.620078
12.543047,9.101486,2.737542,12.308213,3.553258,37.823555
33.934475,17.035704,25.290632,142.257843,38.340733,45.418789
33.060783,20.021669,30.720463,123.843948,37.510345,199.465302
47.203300,28.160059,13.400023,36.234947,9.689992,22.444347
11.661038,7.595170,9.496394,97.647385,26.208929,57.075851
45.399242,20.110672,19.110851,49.017990,12.191602,17.155531
16.870970,11.580359,6.640035,28.997374,5.776309,5.028431
7.154192,5.034651,3.687724,12.101809,3.095517,2.520953
11.847585,7.918705,6.993093,53.321049,14.011309,26.264353
10.992916,7.940861,2.915060,14.158201,4.253124,2.386009
34.697556,15.672300,8.378839,45.771191,12.754095,11.147375
32.446232,16.988380,9.085098,48.651142,10.101344,8.775907
8.202744,6.078514,3.638987,10.801473,2.658957,7.982979
21.463779,14.723495,10.869153,23.350595,6.263812,6.925210
25.520704,17.627493,12.559270,78.393539,18.897251,8.102997
16.912735,9.139835,7.663789,18.850767,6.535372,36.897160
25.224869,13.384849,7.299769,27.407051,8.944687,6.309291
13.893765,9.554049,5.331929,11.491651,2.656049,3.184188
15.539902,10.380570,5.334744,35.352245,7.483576,20.254847
6.752395,4.575008,2.131143,10.300056,3.533150,6.937513
31.250145,20.172991,14.190975,76.568291,20.203131,11.323841
18.641485,12.962190,6.590594,11.059161,2.794088,4.284190
39.397114,24.690338,11.899634,60.071606,18.031473,10.926927
17.868179,11.311015,16.958353,73.445480,21.952543,46.833015
24.565149,16.196068,8.818115,24.000286,5.304817,5.988217
20.426069,13.709131,6.904682,18.749493,4.818089,3.477734
20.942848,13.668736,7.012706,18.385654,5.541009,6.521495
7.767672,5.491043,3.974920,21.313246,6.053432,23.885708
18.727934,12.851581,26.995865,48.536430,15.221335,46.447468
29.412115,19.672085,23.306704,96.012512,23.702421,58.463139
5.495907,3.933681,2.902502,10.576870,2.716964,0.086496
8.683313,6.147593,2.857668,23.094393,5.906531,2.453862
50.260899,30.547287,15.609702,56.709496,12.612871,18.644333
32.064987,21.161259,14.371336,40.425583,8.239390,14.219249
19.607903,13.196983,7.799817,31.850311,8.520989,5.135138
11.050001,7.855897,6.888126,47.665730,9.426080,5.742435
8.628882,6.019224,3.576159,14.262121,2.027306,5.462084
16.596546,11.457415,5.434932,11.199891,1.693695,2.630425
12.734331,8.605721,5.895878,28.679247,8.719501,5.992801
6.436617,3.960436,2.279652,1.706167,0.988656,4.845553
38.927513,24.630697,14.500296,58.714840,16.415590,19.144161
8.997025,6.368134,3.934385,30.644094,7.063976,1.901493
29.858572,18.820730,26.094597,48.349590,13.681207,58.997078
6.327626,4.469800,6.257973,23.141087,8.103362,6.126141
20.936821,14.344169,5.917286,15.050497,4.194484,6.817391
38.243309,24.199322,41.738945,136.003601,34.982353,154.194168
38.176472,24.844198,12.078646,45.026241,10.648428,7.834949
8.523767,5.513916,3.364805,9.265579,2.593655,1.650087
20.192505,14.141683,5.770128,21.835960,5.251565,9.367194
41.954220,28.303505,15.903944,80.665268,19.120474,20.421480
17.320431,11.576172,12.768016,39.499161,10.578522,33.873787
44.065784,28.499578,16.473627,54.710361,14.066375,10.265598
13.402816,8.309984,3.101853,13.682019,3.191702,2.856628
37.389103,17.474266,11.187607,42.859554,9.930296,15.198392
16.248848,10.867450,4.631429,22.874107,6.461301,2.636672
18.312817,12.711536,3.905179,20.537079,4.595915,23.632565
4.606135,3.466895,10.749922,61.639889,15.233460,27.860489
72.136940,30.523573,36.317684,139.753815,37.369675,55.777260
57.409447,25.082611,32.369270,138.562119,33.676487,37.127956
8.356767,6.307154,3.589863,14.640099,3.134345,2.313880
30.675383,16.056484,10.596369,38.742901,11.757031,10.167967
26.662506,15.811537,10.448442,42.724350,11.594611,8.769963
57.108730,34.335819,24.897116,54.462799,16.477562,26.439276
31.082279,15.988561,15.627427,68.445091,16.253923,21.149584
25.949480,15.056032,13.290860,63.623154,13.544738,15.713902
10.086098,7.130690,9.297763,18.262899,6.378226,3.732178
47.227562,29.593388,13.844130,68.606628,16.631416,13.957063
7.052254,5.186955,2.588932,12.141441,3.222843,4.627626
16.661398,9.219478,4.813807,23.122402,7.946423,21.314907
12.862560,5.672257,4.919568,32.143257,9.662291,28.606977
10.583293,7.043857,3.859362,34.215034,7.339743,3.680374
15.630812,10.899509,3.050514,8.701382,2.103921,4.285325
13.030922,8.679906,3.772474,18.965773,5.568683,2.566955
20.025747,13.922155,9.487392,19.627956,5.333049,11.334876
10.605059,7.545632,4.386692,10.429152,3.008140,20.503405
7.461503,5.376945,2.423560,19.240580,4.852193,13.937817
28.331587,19.498848,8.182656,28.607967,6.642778,1.736133
18.495918,13.312972,6.053798,25.802725,7.280594,43.482792
50.048187,31.139656,21.176727,59.916931,15.299383,20.671726
20.709780,13.611344,6.477564,17.449099,5.700493,48.844330
13.229653,9.498760,5.123787,11.967314,2.979835,1.926008
10.051393,6.682212,2.908994,8.835389,2.199929,11.401285
18.726738,12.953469,8.876858,24.236954,6.162479,11.416510
59.025429,34.648472,35.000309,54.424107,16.415106,68.541786
11.068130,7.561643,4.538563,24.156069,8.154259,14.052510
15.472185,10.557665,5.105871,31.549133,6.954658,12.119211
11.366432,7.726501,4.084904,12.452415,1.670538,0.741987
13.773052,8.982889,24.987160,168.542480,47.243622,39.969711
37.397606,25.046486,13.371421,32.842396,7.584641,3.928467
14.367009,10.129432,2.653686,13.353208,2.975266,5.792268
27.742369,18.988419,27.941570,79.915527,20.487377,17.060495
33.340183,16.019604,15.237735,50.146191,12.598319,13.476281
25.267853,11.030451,11.835092,48.097546,10.027815,7.372979
28.643904,18.859861,19.758783,62.064522,15.805162,13.747818
28.218018,18.599247,12.257877,38.534031,8.685562,9.967232
15.621563,10.688841,5.398483,21.899446,6.435752,8.061924
22.588699,15.818346,6.179126,8.998403,1.760228,7.007254
7.822033,5.341998,2.871210,10.257793,2.470708,1.773507
29.170479,18.960905,16.342991,30.712898,9.590567,29.169849
13.157538,9.412805,3.615736,27.072191,5.408911,4.394648
7.998620,5.631445,2.288563,18.031445,4.199040,3.513063
10.764249,7.495363,4.655993,27.042976,6.529234,6.943692
77.662987,41.385654,48.826641,176.657776,47.953201,173.904800
8.739096,6.186097,5.258467,26.867924,7.432969,5.000392
27.947083,18.774544,12.605651,49.161034,11.304772,12.441188
19.052145,13.089499,6.005320,22.100445,5.688951,15.443934
33.068691,22.256168,10.146292,40.572651,9.694563,29.976370
20.993881,14.000106,7.806567,20.224485,7.148024,32.750961
9.426428,6.446223,2.709180,11.167483,3.116787,1.011654
11.760765,8.151022,3.678297,11.396296,2.627815,4.443973
40.238304,26.579563,12.340237,43.304619,11.411564,5.967937
12.951381,9.350126,5.835758,25.706324,8.814096,12.986039
15.972706,11.062447,5.653146,35.035610,9.200457,18.661755
4.639020,2.997600,1.525115,14.128663,2.507859,1.132528
24.161577,15.751580,7.146679,44.798744,10.580018,8.578428
27.186264,17.836433,9.524893,41.419418,9.596411,4.097778
5.563048,3.852099,2.850925,22.362143,5.886147,7.108026
19.452200,13.108247,11.259773,28.082470,7.779625,16.528572
19.110952,13.073201,8.457056,42.233578,11.144834,16.681709
5.665878,3.965088,1.489162,4.230289,0.623867,1.537175
22.155668,14.677473,17.908661,81.836655,25.324780,130.566040
9.783535,6.847597,3.085050,48.907772,14.344437,5.658684
21.212223,14.478710,5.308268,25.339836,6.961516,22.991703
68.565201,27.257067,38.515961,130.427353,37.613102,160.890869
74.963226,34.519585,36.530495,101.931969,23.524843,57.508625
9.453976,7.001847,3.084318,16.048578,2.345502,8.144595
44.940399,27.755466,13.626985,54.881001,13.723774,9.544403
16.231655,10.823602,5.825070,21.289648,6.130160,5.301057
22.181223,14.201516,10.586207,28.937130,9.220891,21.272863
12.828071,9.434007,5.556611,6.265023,1.724312,1.970677
21.338877,14.345464,6.098313,20.681450,4.621227,2.631483
29.547438,19.828508,8.709291,69.440788,18.239355,15.249043
20.955259,13.802093,8.364667,25.908264,5.931953,4.211246
7.431198,4.940354,1.844971,12.920113,2.434521,1.858678
43.091808,26.999599,13.908705,34.448086,6.758502,7.052636
12.961246,9.229266,4.952366,26.902702,6.228715,5.137618
13.432040,9.322461,4.284464,11.507240,3.729253,7.801408
36.209858,23.855709,22.078712,48.814671,11.004433,16.487413
9.270160,6.560496,1.964957,20.640408,4.509256,5.263452
18.997513,12.781277,10.415198,23.902456,5.604434,5.395537
15.131464,10.063570,4.515743,14.893854,3.874485,7.812948
28.239086,18.979931,11.034784,37.191799,7.686018,9.689845
11.065686,7.709168,16.565886,16.032413,5.008362,25.510201
21.220085,14.388053,5.263606,47.430531,13.990616,16.887619
15.630937,11.037309,5.304027,29.747358,9.093729,37.671532
8.850073,6.076219,2.684929,8.464792,2.189892,9.211710
77.142319,43.101906,61.714848,194.552307,54.864346,283.283051
15.207418,10.560428,5.226220,33.258846,8.318605,3.386507
9.672511,6.827335,6.981388,51.769127,13.905854,3.765320
7.157032,5.077117,3.340769,24.780790,7.043441,1.625425
17.295362,11.976433,4.515172,34.942703,11.353703,5.343819
19.397148,8.531615,4.215341,14.454714,6.549319,8.315154
40.114632,24.876699,13.178660,39.989525,10.164080,31.731192
14.883032,10.131954,6.336097,24.409904,8.556576,34.330910
8.524274,5.925700,4.373284,27.799757,8.267342,2.064142
10.870625,7.234452,7.367320,54.088058,14.948116,50.742817
25.268559,17.451221,7.571739,31.815748,8.056294,42.393257
27.540253,17.930363,10.313659,57.343761,13.126401,10.460622
17.335958,11.687282,5.157224,34.045761,7.921952,20.015305
27.338007,18.498606,5.155277,31.673952,7.409035,6.769285
8.137682,5.651000,2.884105,56.314205,15.953105,0.979556
6.392036,4.724890,2.368995,9.500553,2.189497,-0.125502
32.287907,21.204527,27.692406,62.149467,17.954784,69.576416
15.011846,9.931209,8.409208,41.936092,10.661242,7.571513
25.579578,17.268566,13.469196,50.747334,15.484442,51.639900
8.126583,5.950197,1.799323,10.610759,5.101363,6.566196
43.260174,27.596037,12.123704,39.041157,9.705044,8.675675
6.952268,3.844620,2.749128,14.229754,3.727597,2.667804
5.774608,3.907287,2.538528,8.335570,1.768437,2.070648
16.311270,11.760015,4.669319,24.357073,6.208429,3.483420
9.854660,6.798841,3.547658,11.179379,2.104883,12.895639
22.775427,14.858530,11.785506,91.958229,23.443113,37.502655
10.020037,6.936457,4.307228,42.504734,11.890756,21.664160
12.783834,8.200774,17.304199,55.960960,13.664430,20.669121
16.922928,11.397143,5.108044,11.403872,3.328864,4.209473
10.151960,6.884321,4.086898,24.631605,6.422139,3.745752
38.240528,25.067930,15.024928,49.138382,11.826903,17.076864
43.233746,27.225508,23.551947,79.391373,26.197708,93.895256
23.873682,16.443899,6.775303,11.029296,2.102067,2.612586
28.868176,19.066420,8.476293,35.146835,9.267073,6.983654
23.052078,15.800953,7.401236,3.782130,0.850479,10.732397
11.015067,7.661836,2.718297,12.688097,3.705013,2.324119
22.398804,15.536064,5.236745,37.923737,9.634080,3.669440
7.233000,5.124426,1.283223,19.741709,3.668755,5.650545
6.003975,4.301154,4.965300,44.193958,12.848227,2.126749
12.063358,8.249486,3.741633,14.146644,3.792812,3.089885
6.014662,4.473366,3.200039,28.127613,7.955297,37.297585
36.135975,23.675631,10.288057,40.234169,9.905480,9.534244
10.075148,7.255059,2.868099,12.374137,4.011882,5.583950
23.810696,16.236448,12.156816,47.730114,13.267063,90.682457
24.352415,16.208817,6.731238,27.730457,6.859151,4.267589
6.090641,4.563228,2.961200,13.350526,4.398889,1.198121
14.137267,9.525563,5.232237,25.584433,5.810831,21.057898
29.078184,19.391306,31.014479,228.619186,62.848866,34.117580
69.142517,29.091328,20.253321,73.958878,18.445137,34.341450
18.439606,12.895083,17.297583,51.030628,14.993664,84.867432
35.029667,20.832941,39.400032,184.412170,45.825474,47.881905
22.492243,15.546608,7.688227,33.169964,9.064187,4.648124
12.951204,8.959180,5.394352,16.467981,3.984861,4.084474
7.732898,5.487482,2.921137,17.968594,3.949783,9.261712
22.302977,15.125829,5.622309,27.606876,7.005200,3.079851
28.439032,19.272486,10.772662,45.281174,10.631650,4.350111
5.627562,3.567484,4.698403,18.895586,5.572815,3.550912
22.902939,15.337124,32.038380,102.437271,28.098055,18.378588
30.932705,14.384481,13.038456,45.366268,9.659592,8.177836
27.699646,14.475370,12.806495,43.287682,8.807223,7.164002
5.761389,4.026824,3.398035,7.826953,2.716897,6.268548
36.362591,21.586637,19.464764,56.459351,13.704193,11.611633
29.706844,19.771820,16.868198,74.982414,18.712242,9.053078
10.149018,7.283126,3.944725,13.649006,2.969237,8.711316
21.060846,14.957044,8.616018,67.903053,18.625662,9.189814
20.654728,13.897697,5.359690,19.250151,4.699678,16.758724
9.764935,6.881199,6.212046,32.838531,8.232431,7.080329
13.712337,9.265397,4.697968,5.592744,1.486297,1.789102
6.721418,4.985415,2.014312,10.420781,1.980877,4.431314
8.268122,5.999265,1.881068,12.051506,2.810807,8.023567
7.447210,4.786211,4.844045,24.897966,8.953823,27.454418
11.750500,7.795831,4.465127,37.604656,9.455265,3.306584
32.824936,21.498259,18.416309,99.904991,25.513548,56.622673
11.833426,8.263376,4.193405,15.916668,3.746605,2.337524
7.722517,5.718787,3.168101,8.243813,1.459073,4.968441
10.493009,7.159286,4.127763,25.207838,7.574133,4.016261
34.850739,23.204121,9.649847,26.745064,6.428927,5.486334
5.391192,3.945671,2.304879,20.345419,4.395613,2.040884
25.102480,17.319933,8.244515,34.980099,11.661720,35.350719
26.566338,17.765053,13.985207,70.493530,19.386202,37.875813
16.640497,11.489186,5.366549,35.899147,9.559066,4.756543
22.679241,14.676032,18.770674,32.076435,9.769985,29.083744
9.115840,6.589332,2.548822,19.016457,2.992857,2.025988
24.153069,15.252473,19.561445,56.820789,15.114130,20.838728
4.632004,3.330228,3.783400,22.167742,4.450498,5.497674
24.843523,16.424520,7.671459,22.567768,7.489379,2.776278
40.590088,26.847193,13.634399,51.335732,11.573504,7.262945
13.325987,9.509288,3.279690,12.489787,3.243012,1.804276
9.028728,6.536336,3.314838,7.105075,1.875479,1.726600
18.695570,12.380689,6.804060,61.177811,16.725935,7.547732
23.023256,15.989868,5.848772,13.416857,2.751594,1.518140
43.104073,27.594868,23.365009,46.125782,13.916829,27.132959
36.468563,22.690968,9.114496,49.538055,16.920315,63.898533
13.585588,9.482028,5.233410,13.575250,4.651573,3.508948
16.208704,11.075247,2.214291,68.428429,18.889696,5.860567
35.031837,22.244846,11.191350,55.787308,14.251072,4.903952
24.950018,16.312103,10.624384,36.218742,8.326641,7.693317
10.639565,7.122957,2.273966,6.851177,1.040928,2.294029
15.929345,10.896589,4.642410,26.989159,7.775552,17.532713
22.561476,11.685480,6.465328,32.645042,8.904654,6.467389
22.824286,11.685374,6.958852,34.969414,8.398261,6.388167
17.681120,11.906426,4.547125,28.813160,6.909369,13.242576
8.964345,6.032258,4.560885,3.948674,0.294770,1.719095
28.328886,18.163185,10.100697,33.266491,10.099798,12.388087
34.860760,20.968781,22.146217,125.697655,37.589153,111.342827
9.981521,6.871949,5.983462,12.245751,4.694745,4.382004
12.672685,9.432908,3.606192,28.397280,7.388165,5.249438
19.953176,13.706519,3.938326,82.749290,20.896904,4.019467
17.364428,11.853970,6.696908,28.759634,6.931159,7.339490
10.163287,7.288947,2.621177,22.471025,4.873857,4.299500
29.981474,18.691189,20.538326,76.655869,19.123987,32.491486
17.123665,11.546651,4.630195,10.941152,2.922452,3.168298
41.306343,22.331646,63.363491,279.569977,76.779541,90.700378
23.019304,15.766196,18.022364,82.800575,22.173033,30.098099
41.695984,26.342207,18.062830,56.070744,14.676153,21.957127
44.121861,18.751553,14.013641,43.380066,13.620483,83.730186
6.432757,4.303555,3.254966,2.865706,1.346200,4.601910
26.911535,17.838060,7.195663,28.215399,8.608741,28.540201
50.948025,32.046482,13.924311,38.603436,8.780749,35.686203
17.798887,12.062790,4.707211,44.550110,12.403468,4.720746
112.749252,44.720745,129.600800,571.272766,173.046860,301.400116
17.990904,12.172257,6.681430,19.066940,4.437775,4.201153
8.336194,5.684975,4.793848,30.468107,7.205695,5.902737
10.465495,7.622028,4.200532,24.986305,5.998354,1.863144
7.985946,5.385193,2.770824,10.494102,3.563661,1.517347
10.507399,7.562766,2.841004,19.776943,3.580299,4.076239
26.841021,18.689039,6.208939,36.658657,12.316347,37.717964
11.869974,7.972770,5.744400,23.063057,6.259682,10.082813
15.043338,10.475208,5.330022,20.957468,6.771598,4.972982
19.252584,13.279626,6.483082,17.217297,4.407173,2.662765
20.311409,13.899312,5.851273,15.387617,4.355695,2.664526
13.510973,9.533843,4.268332,8.115652,2.338259,1.710741
36.979919,23.173668,12.151896,39.499828,9.991917,23.173330
30.257309,19.941839,15.136546,45.362900,10.184425,29.843481
15.254887,10.561908,3.852718,17.602274,3.970319,11.983868
8.460512,5.800166,2.950072,7.802734,1.277155,1.252028
32.311028,21.621971,18.354279,89.095528,23.722851,14.007144
14.522086,10.261268,5.007661,24.798557,6.423455,12.162246
33.003632,21.197273,11.379277,35.781876,10.257128,24.301517
21.202402,14.227032,10.873681,42.560703,12.289185,41.605118
7.527646,5.161293,2.834070,20.205662,4.011542,2.307281
57.295361,28.007307,16.349701,77.122864,20.822807,11.949887
39.813305,15.326231,11.426609,69.921249,16.069654,7.574655
21.113327,14.240907,7.557278,29.676168,6.464540,29.070700
17.452951,12.177220,7.843413,39.303230,8.450450,6.060958
8.463460,5.492309,4.706605,11.151962,3.176377,5.147667
18.049046,12.368247,6.830949,43.501446,10.780941,4.683905
24.758080,16.505527,6.870328,21.027409,6.435963,9.583199
9.970541,6.901036,3.556258,13.928170,4.294468,2.777170
44.483727,26.285208,15.429410,63.265675,15.808916,11.481562
14.990110,7.311633,6.331573,19.759922,3.673933,3.281641
16.851110,11.535574,5.540341,42.015160,8.262995,3.952283
27.960131,19.060139,6.086041,52.531296,15.244003,7.632528
40.522148,26.292091,16.209362,50.114864,15.898734,29.597660
5.348721,3.298529,3.149519,9.917845,3.093519,1.499750
26.774128,17.738272,14.414476,84.698593,21.883205,31.233875
48.153908,29.063158,21.120461,97.185768,26.464911,30.468683
9.458695,6.497077,3.320742,9.837693,1.559333,4.779250
24.656456,16.294989,40.105774,155.600494,51.015774,166.058701
32.073463,21.021223,18.415562,41.948532,9.326134,16.176975
14.235604,9.721932,8.840351,38.845619,9.299730,8.448462
6.520476,4.871650,2.639151,6.332989,1.437337,4.159595
25.670786,17.303045,13.890697,32.686901,7.557916,5.838213
10.647986,7.289498,4.589713,15.463994,3.131880,1.749368
32.260841,20.862440,18.449278,95.385399,26.380180,22.658819
27.620428,18.786631,14.599265,67.967575,16.238522,17.441298
34.993343,23.068592,16.136003,29.150066,7.047384,16.252693
12.846448,9.271384,5.329520,25.196632,6.926256,14.982963
15.724080,10.412499,27.189619,85.589035,22.538557,51.385067
43.384830,28.174217,14.644603,19.020050,3.981142,3.737854
16.281090,10.164558,14.168049,49.547428,13.590781,16.332235
12.740334,8.613214,5.615353,10.866581,3.430799,1.756945
16.262457,11.021962,4.206347,14.564591,4.043786,4.269051
14.400496,10.309005,14.460135,47.446899,13.191718,22.304035
15.607941,10.863563,5.340000,22.968014,7.487906,25.752289
9.542051,6.851634,4.027619,8.883173,3.624209,1.700747
20.398628,14.176896,5.305235,16.909904,4.051553,4.350825
15.039159,10.117797,9.254183,12.525599,2.188045,4.495075
15.271028,10.842574,3.543374,15.126390,4.867033,3.335669
31.992950,16.587185,15.660776,39.452507,9.800546,8.237485
18.073505,12.416993,6.282436,48.065731,13.060389,3.260078
36.436661,23.843674,31.221533,106.559753,26.490940,22.282307
29.416811,19.271965,13.707767,58.006378,14.239801,17.999166
26.930315,18.305344,17.216860,69.860298,19.382143,4.987284
16.448055,11.601081,3.321057,28.388899,6.670361,26.317919
25.103451,15.452129,8.614718,49.430889,13.942381,7.409924
11.229154,7.628828,2.442589,11.350992,3.683378,2.794830
8.535294,5.875552,2.669874,13.169212,3.257116,1.906343
25.783316,17.941895,6.794612,39.556904,11.953319,9.546839
12.104009,8.127788,3.669940,39.749863,11.140749,26.348427
41.169926,25.600563,11.494759,43.442375,12.712690,11.019782
47.637203,30.821215,14.819343,30.936781,6.789410,8.122701
35.280529,22.122858,22.640203,93.245399,21.753271,12.925997
38.251816,17.400822,14.759898,70.441490,17.278055,13.894069
34.470638,16.511906,13.883630,78.189972,17.034193,12.163335
4.030904,3.038786,1.705052,7.667262,2.355528,12.286437
21.658310,14.965602,9.612189,14.103348,4.010610,37.870346
6.340456,4.637909,1.323640,24.505817,5.969256,3.416134
14.443007,9.947313,11.519399,42.348541,12.901110,8.435674
20.312260,10.521627,6.344745,20.289894,6.283569,5.959107
25.053926,16.749235,7.162427,38.142544,11.539790,33.153614
13.142616,8.963426,4.969974,19.710016,6.012886,10.631024
29.284201,19.199762,9.219934,24.907919,6.654548,13.575142
18.830503,12.723084,6.919305,21.940754,5.107723,33.253113
24.596813,16.216377,18.171280,78.066467,20.387239,24.230782
9.882012,6.619770,3.921968,27.620947,7.895497,2.900726
24.646053,16.474596,11.058880,47.288246,11.096798,16.497396
12.557739,9.149529,3.868479,18.735252,4.017760,3.113443
29.210594,19.940258,12.180576,25.872826,8.266952,12.903016
22.684265,15.213312,7.009015,33.790176,9.325932,48.387142
5.765199,4.210783,3.791646,16.091846,4.500471,16.448961
9.369967,5.714147,3.511577,6.703156,1.214043,1.785662
19.869617,13.854285,4.813735,14.271852,4.034914,7.613563
15.052507,9.969293,5.836886,19.754375,5.923304,20.126036
23.433144,15.448057,9.431096,34.569038,8.836916,10.531661
11.266325,7.929577,4.171514,10.671694,2.436503,24.578722
10.770527,7.715477,8.026561,60.216667,16.903297,46.976871
34.911476,22.255035,8.850815,40.434040,10.886950,11.459970
6.622038,4.690050,2.108506,19.541668,6.577433,2.735492
46.403549,22.039478,17.630575,47.213722,11.383148,21.060524
21.302580,13.697849,7.188157,22.418001,4.310401,6.871122
7.273455,5.474075,1.888623,13.502337,3.658216,1.652611
15.478689,10.599566,7.092982,33.717342,11.334979,21.810308
29.474041,19.747669,32.700859,117.684959,34.660110,103.664421
10.030043,6.463943,13.129063,101.521271,31.186525,18.930622
36.257027,23.641541,11.541913,32.632275,7.234521,14.382283
29.444414,18.793463,12.829164,46.344761,13.002172,34.146442
8.761090,5.916907,2.174707,26.256758,7.650102,1.960920
17.176437,11.773128,6.380213,9.039964,2.511560,4.023129
33.454624,20.554235,10.807686,50.081779,13.262013,10.527293
7.781314,5.546359,2.887005,7.647779,1.751114,3.099952
13.819923,9.136379,18.533167,138.612762,35.676949,36.458832
16.057753,11.267698,5.762836,37.491879,7.484671,7.618224
21.933973,14.686956,19.573589,84.705093,28.050455,73.573967
13.399351,8.944705,4.132653,35.142269,10.895064,6.751457
19.470016,12.996240,6.465870,19.500282,6.363622,7.364034
15.547960,10.407057,9.809685,49.463699,12.832518,9.176533
16.991394,11.668040,5.452709,32.594170,8.952527,12.633686
27.939980,19.335903,5.929257,29.702702,8.132890,3.455607
12.021888,8.452984,4.028427,14.522142,3.508728,2.178065
12.134040,8.330962,4.351109,11.229049,1.915157,4.187428
35.158421,22.332747,9.702266,45.994839,12.254173,6.945366
13.366896,9.438217,4.821823,16.168005,5.267640,2.807629
61.740044,34.995705,28.800344,132.430695,31.141895,10.674793
9.868849,6.970008,2.143202,10.039207,2.749938,2.425870
20.150637,14.089727,6.430656,15.915697,2.781679,2.761925
33.236473,22.319334,10.585078,28.976336,6.149288,3.993924
9.075250,6.233744,1.843929,3.548089,2.119916,2.140245
9.328577,6.414222,4.599983,11.743742,3.345400,0.757855
19.825140,13.619521,7.647723,40.592411,9.246090,12.302275
36.660053,24.114861,16.157724,37.328175,10.081554,17.319309
27.963282,18.928009,11.752319,58.864113,17.949505,39.148579
20.045593,13.822423,4.990982,25.693472,7.634230,5.991765
7.533974,5.598676,2.495973,20.307114,5.115091,0.970891
35.027458,21.918501,15.241309,60.521130,17.676411,31.334564
36.527435,24.159523,17.687687,31.514910,8.568208,14.974021
13.452852,9.356737,4.642722,16.451393,4.470860,13.978023
5.319647,3.693894,2.601231,13.028690,4.180516,14.214854
25.799843,16.745783,16.099703,64.967850,18.819187,17.676874
28.296505,19.244295,9.260042,10.257820,3.045482,9.497355
18.259579,11.730433,6.565315,27.698143,7.395187,6.913796
14.472085,9.927253,4.667067,13.158094,3.209831,4.271506
23.552677,15.723683,12.617629,56.915134,18.201694,34.629738
13.631278,8.978959,4.024524,40.091461,9.767155,11.473204
4.620685,3.543025,1.899234,20.495440,5.910512,4.953372
36.262486,22.485476,12.124797,67.303177,20.732731,14.858164
14.610932,6.591901,5.986825,34.365723,8.462668,3.421975
22.785671,14.520475,14.117054,106.149078,30.824524,20.617243
8.727048,6.038484,5.465138,31.190878,9.709116,3.704017
14.503311,10.311516,5.427460,16.222439,4.932800,3.322032
21.039684,13.824562,5.464901,32.314743,9.370833,4.792116
22.082054,14.864548,8.479793,41.577637,12.031480,4.410009
14.373162,9.791148,3.340716,23.006592,6.436268,5.875118
4.456340,3.012726,2.643977,10.434220,3.023355,1.089259
18.258272,12.891590,6.431541,49.669273,13.535956,5.692873
40.427410,20.732080,17.601223,58.258362,16.720024,12.148029
39.514606,20.716106,17.661003,60.363373,16.463198,11.570187
15.317184,10.100791,15.322579,44.884048,12.810295,79.014793
34.147900,22.044266,10.689855,39.116821,9.096246,6.061378
9.487314,6.483570,3.574828,13.827042,4.454024,1.589056
7.643790,5.670022,2.737112,33.006466,8.776334,13.155207
24.555723,15.641752,18.811539,35.931442,10.919787,12.091391
46.670021,27.438841,23.860174,82.430046,22.057407,60.722458
13.295392,9.380743,6.226521,28.910469,7.697134,3.522158
7.426592,5.562288,3.307653,17.861950,3.930028,1.300767
38.464611,25.898340,11.365191,79.015862,20.371162,10.686130
29.747105,19.967562,12.236673,27.718702,7.791680,7.191921
15.017233,10.847060,5.481385,15.167330,4.255274,2.696587
17.315802,11.384342,9.379282,50.973778,14.323360,9.673279
50.402084,29.842505,26.298126,109.278198,31.136505,68.823196
29.943174,19.884773,11.752635,30.487616,8.091614,39.287296
23.306551,11.541305,7.824641,16.271999,4.332682,6.989540
27.440636,16.076488,11.007730,38.183231,10.450166,12.900147
19.959681,8.890577,12.728994,56.392475,14.615256,29.392515
75.901421,41.300468,31.917830,71.525627,19.412333,31.174498
6.425896,4.666440,2.914330,6.463087,2.387316,1.442083
33.946075,16.013414,15.443190,51.480011,15.034354,34.091217
30.129110,15.074150,14.023688,53.029785,12.764809,25.205944
9.272534,6.367319,9.799253,39.810650,12.513756,5.127490
8.495230,5.994016,4.423605,17.650410,5.611928,2.657225
27.286436,18.084351,8.621896,14.146924,5.058519,6.236275
8.322428,5.946123,4.070155,10.844764,2.967682,2.365085
23.082609,15.771938,6.634331,111.835953,27.579220,4.214416
26.916893,13.594369,11.369414,24.706736,5.252185,9.145739
10.226712,6.997245,3.888474,34.207462,10.321049,1.172633
13.224332,9.493723,3.974716,20.174501,4.532414,2.665375
23.357573,15.865715,6.581317,20.606548,5.826162,4.711777
11.343461,8.081615,3.335279,24.750601,6.933430,2.364911
12.861927,8.810584,5.494546,27.035948,6.276112,8.707664
8.866940,6.113886,3.332211,15.047431,4.143837,1.614150
23.084045,15.479913,16.051897,49.605175,10.965756,10.320704
6.407303,4.722277,2.019527,5.800832,2.193012,0.729038
39.668163,24.453209,15.223293,67.048058,16.758842,17.793039
15.858222,11.184426,5.238030,3.835830,1.192762,3.146832
6.226260,4.407296,2.730348,13.002142,3.964894,6.327129
36.320782,24.229502,8.874635,37.038414,10.502716,9.956776
25.362608,17.055862,6.173413,42.201923,10.416594,16.540035
22.102343,14.453486,13.931586,21.350830,7.410806,33.090996
15.826587,10.664516,6.586350,15.640916,2.607329,20.240316
21.075722,14.607585,12.722190,19.817089,4.818010,7.506480
6.520280,4.619729,6.155225,24.313614,6.698356,14.157615
22.903084,15.078776,29.658230,78.450569,21.022764,31.553026
9.753007,7.055592,3.901394,6.754457,1.879401,11.886320
33.084732,22.547585,16.585516,73.868690,19.819986,43.639568
16.976414,11.341557,7.910913,20.325506,5.617591,25.898979
21.152637,13.875707,7.655429,86.991684,22.665506,10.824410
15.252938,10.892472,23.786556,52.191391,14.904409,5.904231
14.789021,10.588409,6.040351,32.445938,6.924358,3.714864
24.941053,16.566971,9.621398,38.313263,9.085174,8.976546
8.013917,5.406907,3.828398,17.558992,5.079209,13.044782
26.198975,17.969166,8.491007,36.478664,8.237458,2.801947
11.196668,7.606833,3.006726,33.887146,10.332300,18.028124
5.330890,3.767840,2.274308,11.406627,3.597803,2.044782
19.431347,12.722313,8.311238,53.773773,13.218819,8.196754
31.327829,20.578758,13.928438,42.555901,11.582024,10.726624
13.855299,9.660645,4.677685,24.782640,7.735452,11.611097
9.960122,6.854313,2.827252,10.960993,2.816943,2.102495
20.472527,13.748251,7.567980,15.832169,4.353620,5.899323
14.604563,10.056800,5.459865,19.575993,5.346182,3.140083
8.799614,6.090261,7.208482,43.205811,12.953667,8.168138
24.980749,16.384596,11.380545,17.637651,4.420701,20.019447
13.771658,9.216750,3.969035,45.368866,13.886731,23.937628
12.802878,9.005146,11.771493,65.870193,19.364460,87.289284
9.536129,6.677017,5.912219,23.162271,7.874495,21.166891
16.213642,11.021873,4.973466,14.418495,2.909796,2.952079
24.375881,16.543232,8.336339,62.759148,16.466221,4.312170
27.191692,18.230824,8.954482,18.894463,4.686969,10.927593
21.918781,14.966568,10.843291,49.900112,16.098797,56.342148
13.513495,9.520712,4.169367,7.317809,0.700844,3.988702
18.789293,12.928671,12.661969,45.103130,11.323393,22.561995
18.155233,13.056406,12.903418,30.442930,7.390654,32.877869
11.429716,7.537334,8.068498,21.869795,6.366365,7.956505
28.706301,18.944000,9.808626,33.565269,8.233317,10.952711
21.129133,14.428374,11.619464,56.579941,17.054474,15.961526
7.026366,5.160220,2.335899,13.168920,3.997505,19.370668
7.277781,5.285848,2.071571,1.199204,0.911269,4.588031
18.504440,12.457885,7.355147,16.121532,4.030661,13.672742
13.872808,5.483543,3.399100,19.087772,5.458325,6.542300
18.304405,11.929134,12.775391,34.589390,9.123403,12.200953
41.728401,26.388874,12.704736,41.868538,11.391772,23.183886
23.001167,16.160322,7.726041,15.054009,4.186593,5.395281
30.543964,19.594601,26.575909,107.172264,27.769108,10.459878
34.989147,21.072704,36.219082,163.110077,45.546005,50.167408
7.702756,5.685985,2.988806,17.637585,3.693186,19.635834
34.179760,22.865414,11.773573,66.453720,17.233425,13.514404
23.206366,12.495277,6.979885,27.474752,7.293660,4.215876
14.175179,6.283279,5.769528,23.069036,4.262492,3.073409
26.754728,17.998375,9.359681,26.749956,6.926397,3.815293
10.971421,7.410298,4.018443,19.764809,3.967701,3.655739
7.208268,5.146189,1.989587,14.038788,3.700510,8.002014
6.284485,4.129813,2.557427,15.181808,3.725887,1.257335
13.850489,9.351679,5.744612,53.164871,16.139935,1.776925
8.456414,6.172568,3.259309,15.023343,3.644771,2.896960
45.485416,21.041769,17.469517,57.868301,16.937801,37.849007
43.406628,20.882639,17.474937,60.007568,16.810682,35.477669
11.112980,7.692140,4.295914,16.189297,3.735905,9.230930
26.474169,18.008640,8.618077,12.380921,2.163933,3.719691
15.882870,11.273322,6.070867,59.104198,16.654202,5.877209
6.706895,4.615546,3.011416,13.448152,3.376886,5.175939
25.898289,16.993492,8.866265,29.334068,9.252601,33.640110
22.094898,15.317078,8.897361,67.868050,19.858803,7.397962
18.382723,12.578067,6.342880,17.685225,3.200354,2.993701
10.777179,7.561661,4.447050,10.455229,3.620120,7.620676
24.251020,16.307568,17.385057,45.416191,12.809997,28.956429
9.029526,6.178139,6.651243,10.836570,2.309055,3.907634
31.154449,21.109261,11.324654,30.439238,10.169379,54.933022
6.493258,4.528175,2.690520,28.282841,6.969424,3.251228
27.875484,18.853495,8.846813,25.760977,6.121802,3.125538
7.819865,5.707343,3.128430,4.318055,1.496362,3.516251
26.685072,17.578661,6.736240,62.597683,17.106388,21.482021
6.454075,4.441738,2.484657,13.066204,3.210675,2.593440
17.025354,12.170211,8.330910,30.729084,8.146218,9.846391
4.084084,3.201513,2.042992,10.003726,1.819302,1.416452
25.073912,11.081363,16.598343,71.075104,24.589329,144.637726
23.826607,11.001442,20.291859,111.079231,33.173393,173.331741
5.798397,3.855530,4.492443,18.355919,5.065805,2.648050
15.702943,10.962524,6.257210,13.692339,2.203263,21.078545
21.631342,14.928128,6.848672,40.663059,9.708507,3.206176
28.693880,18.301235,37.031315,258.886200,73.314980,53.119434
29.738817,17.377333,26.596449,135.754684,37.329689,40.523731
32.655128,21.568657,7.293479,38.724026,9.646852,11.117711
10.153093,7.390302,3.469872,12.047720,1.520974,2.503784
27.687019,18.758179,11.094908,36.314674,8.996175,9.967518
5.842923,4.700743,3.963798,8.494554,2.124202,1.327696
25.879469,18.043797,8.525846,27.545086,6.353965,15.078873
18.667667,12.813882,10.835959,34.227459,8.409824,10.140610
22.128971,14.479041,15.609694,61.904102,17.131104,25.160019
16.530336,8.782733,6.153970,20.090773,6.093716,25.508978
20.660429,14.355782,5.587941,15.906932,3.929149,2.986646
5.966171,4.096479,2.330576,32.339119,10.357569,2.202951
23.682970,15.696328,10.402593,65.653183,19.950340,21.159124
10.714099,7.196238,3.007188,14.168468,3.760539,4.743783
12.195480,8.893665,4.740251,21.565544,5.949755,4.687323
11.995203,8.554545,4.871395,11.973221,3.593037,2.309129
15.795460,11.302503,4.740715,25.789406,8.111012,20.235014
6.451301,4.412311,2.743417,10.777199,1.590072,2.141554
43.220715,28.793972,16.020597,42.656799,10.664529,5.668520
17.507393,11.424939,12.716796,62.804729,13.782226,10.857647
12.377681,8.590287,3.511952,21.790001,5.202687,3.741975
16.679161,11.512527,5.947996,9.912321,1.526601,2.850394
15.668623,11.141602,4.309330,17.325186,3.849103,19.935509
25.017317,16.585382,13.151733,39.060410,10.634377,33.879688
60.955486,37.659088,18.424208,62.954502,13.666062,12.759080
27.929470,18.646374,6.365742,61.906429,17.055653,7.753621
19.770231,13.555891,3.552574,29.101315,8.202157,6.820158
66.464035,41.451210,24.141125,58.045925,14.305104,43.668407
11.999372,8.185548,8.852378,50.781635,11.877745,20.603127
31.667826,11.801261,10.890754,47.510563,12.819528,17.190599
29.569666,11.774351,10.782709,48.679443,12.724425,17.779922
7.686016,5.760009,3.577044,12.329553,2.395144,3.000814
14.909375,10.708484,5.593856,12.115635,3.246397,21.370502
21.904339,14.684266,22.410873,77.333809,19.205423,60.325939
17.323294,11.619507,10.167142,67.761475,17.761301,8.604464
30.365488,13.478841,7.877313,31.241064,8.721812,10.168918
69.017090,40.991043,24.266254,63.680893,13.849064,19.713619
16.476339,11.833577,4.010833,8.382121,2.595795,5.516564
12.707554,8.345273,8.644774,35.469299,11.553701,36.547718
10.424288,6.941809,3.517334,17.796663,4.352399,9.022102
35.030651,22.478642,13.106462,30.096931,7.025179,11.536777
6.500887,4.583240,1.278252,22.997797,6.390392,7.710779
47.709492,31.024916,16.173275,68.555038,19.832186,6.227805
4.585250,3.221347,2.356976,24.566046,5.122046,3.722649
19.295717,12.851032,6.430878,19.132273,6.545676,6.615383
18.194584,12.536948,7.899157,34.088314,8.544116,34.949760
10.029967,7.212182,1.954855,9.795875,3.028035,2.239567
23.175425,15.895007,7.518618,30.733770,8.667773,3.711926
18.067249,12.634276,8.587172,20.550589,5.341421,3.907453
4.644448,3.261879,2.411131,4.362816,0.931713,6.536469
21.122463,13.994205,7.237833,42.960186,11.550400,2.615803
11.690894,7.958949,3.649832,32.533371,8.059795,5.526643
23.774830,16.839735,7.411372,50.485035,12.355655,9.172011
35.088799,21.379557,10.933619,61.716995,15.449744,34.090042
37.033955,21.402554,11.912564,69.792496,16.707722,36.626827
20.137789,13.165534,17.651346,60.177944,19.233471,62.969887
8.738268,6.412814,2.719915,18.825777,5.457390,2.943932
35.456268,23.900274,9.857495,21.981304,6.585027,6.117411
9.867768,7.099758,3.601146,14.279933,4.126248,19.571518
29.424196,19.528509,8.296239,44.599045,11.475029,20.513988
21.223726,14.167046,12.906324,40.933308,12.314971,70.332870
13.839050,9.401409,5.139507,14.965851,3.880075,8.687819
14.429160,10.003901,4.993087,23.474308,5.288187,8.376471
23.351086,15.584617,7.293046,86.071037,24.896460,3.182926
9.246013,6.646430,4.460838,7.606263,1.965379,1.089595
19.091129,13.160893,12.093163,18.894352,2.886728,3.098072
15.482598,10.512265,11.437144,48.291870,13.943177,69.715355
10.305346,6.907289,3.057220,21.023163,5.671624,1.181887
22.036669,14.546360,10.956889,27.739000,7.043014,6.491089
11.255034,7.777462,6.249334,29.021494,6.304536,3.806814
28.921600,19.513006,8.834902,20.393520,4.095001,4.724304
17.924444,12.012107,13.023416,77.525032,21.069059,81.605164
14.291144,9.738158,6.800351,30.403605,9.194435,17.242298
11.540062,7.485125,3.099344,8.621724,3.006979,4.058328
13.051399,6.218203,3.888355,45.608650,13.643463,4.363652
9.062283,6.378205,2.342673,18.543028,4.084667,6.124540
6.269132,4.160394,2.527341,17.009279,4.793396,1.914486
10.484608,7.633105,3.884493,30.168684,7.685793,1.839505
17.333321,12.030848,8.595478,44.399559,9.850201,4.105400
33.887691,21.945171,6.623455,32.036079,8.608609,22.205158
30.031517,20.404131,9.435110,27.968584,7.868141,13.417885
12.605163,9.160199,4.246912,11.225838,2.385887,1.034548
5.716908,4.195103,2.814088,17.390921,4.334073,2.825034
15.879373,11.304009,5.187181,12.445419,3.111679,2.597087
32.476768,21.367346,8.083980,81.133911,21.105610,4.268447
11.546474,7.745706,3.993215,54.960331,12.585803,8.218925
14.996056,9.888206,5.474489,37.450092,9.826632,2.868716
21.594624,15.110148,6.792698,4.115463,1.079841,2.632644
6.266912,4.586340,4.878535,35.936813,9.077104,5.101536
41.717953,25.579044,13.554307,85.851143,22.047005,16.513496
12.859156,9.314060,9.882446,43.662838,11.968919,28.678019
13.768167,9.421516,6.266406,6.673233,2.446821,5.395261
10.868838,7.328524,5.794293,27.689791,6.945245,6.474950
19.976576,13.307247,8.630255,88.050873,23.564892,6.804470
12.980277,9.108371,5.548222,12.059146,4.273881,8.758826
16.724520,11.155847,7.079065,17.749384,2.671598,3.530176
24.155361,16.447401,5.451296,37.878891,10.469851,26.058933
8.721773,6.258043,2.870508,16.290293,5.278102,10.499050
30.859692,20.327593,13.566083,27.193880,7.690175,36.162964
26.481346,15.963945,26.889267,86.874680,25.767508,127.033813
12.327327,8.833806,3.663145,31.683645,7.665465,3.099667
47.896843,18.518023,24.827837,101.961510,27.188917,45.202137
7.137644,5.240777,2.936946,8.848602,2.284512,5.673142
22.584234,15.725208,16.817703,86.523346,24.750788,43.257370
41.411919,25.410070,16.432165,32.086212,7.452312,19.945890
16.064047,10.763139,4.775736,13.751997,3.341441,4.177148
24.740795,16.639790,7.571414,29.499138,6.750290,12.370888
22.376892,15.881521,6.745800,14.628243,4.478751,29.923647
7.096092,5.139566,2.417927,10.998462,2.082916,4.512082
72.379936,39.693123,37.957973,182.048813,46.648380,65.170860
54.012493,33.832367,18.588833,80.481262,24.014992,15.861767
11.156341,7.927732,5.681393,14.404219,3.717801,3.897652
14.617187,9.728663,3.316144,19.448902,5.209770,2.369501
19.435665,13.167778,17.377609,69.443542,16.528727,24.574247
38.551914,25.115612,9.696930,39.104187,8.937016,18.979467
32.397903,20.154230,19.779072,71.844818,21.528122,78.294724
34.646709,22.978020,13.134108,49.884617,12.613072,25.432856
28.266582,19.276953,18.786068,60.999023,16.054863,81.735947
7.940498,5.481910,3.057886,8.199511,3.919483,16.305105
30.097122,15.281114,10.761779,30.851545,7.888350,33.081608
24.845236,13.516457,9.771599,32.445011,6.560817,24.710657
35.382530,23.470037,18.080462,50.243637,14.276551,8.814252
42.936497,26.806492,15.751617,32.837948,5.400798,12.000179
9.148331,6.590014,3.441377,20.625702,3.952229,1.533655
18.374298,12.564314,5.089200,27.898085,7.573006,6.450536
19.435106,13.795052,8.512285,49.928257,15.016483,11.384953
44.555443,29.907267,16.316500,40.337029,11.381074,53.677608
18.747709,12.850473,7.665419,35.456970,9.969693,43.461124
11.876126,8.449131,5.121882,14.382656,4.237617,8.529244
10.771739,7.824386,3.850081,14.771491,3.871330,4.258701
7.708897,5.374273,1.102119,7.749316,1.777562,1.634515
11.959783,8.201082,3.765323,9.370731,2.341081,1.468787
16.981422,11.566717,9.330061,37.558197,10.470423,3.101153
39.088577,26.056717,16.659063,34.620049,10.622243,66.338669
12.822587,9.192822,4.945333,15.899244,4.992642,4.814275
21.959206,15.372323,8.702331,35.727604,8.806558,7.905694
9.409278,6.559233,3.415295,13.741096,4.573396,38.242313
10.298982,7.530542,2.477397,13.968596,3.725825,1.797435
8.354598,5.822710,3.109124,7.475151,3.109708,1.454103
8.448543,5.927160,4.924514,26.994320,7.222166,1.792992
8.141578,5.671246,21.984640,96.630165,27.582239,32.701054
26.750792,18.501883,18.114300,90.113533,22.772852,22.849485
17.965668,12.459294,6.769757,33.312057,9.123066,23.372721
36.285946,24.119606,10.612168,50.111881,12.245050,9.860245
11.997708,8.335434,4.177880,25.956345,6.353033,3.036374
21.120338,14.256252,7.397001,13.892733,3.285184,15.145505
40.299587,26.275269,13.724825,37.755352,8.102422,7.536151
12.783961,8.706277,5.504615,5.082745,1.235263,1.442753
33.261024,22.410755,13.444189,72.852783,21.259764,11.383925
25.647448,17.315758,9.266749,32.360416,8.615558,4.902407
25.777800,17.819712,8.452960,24.805786,5.567393,8.650192
12.480849,8.746594,3.936236,7.214881,2.102350,5.862595
11.020539,7.864058,3.758876,27.346197,7.317110,3.247566
20.405775,13.957108,6.129394,22.494640,5.560016,14.761896
29.157236,19.905140,8.612542,23.113970,6.363422,9.233592
46.374332,29.256893,24.417204,81.098969,20.371784,15.534113
5.019822,3.642079,1.502776,16.872385,4.872511,1.488022
13.316068,9.532269,6.509102,20.350777,4.282863,3.793479
22.685263,15.216660,8.504231,22.250580,6.359658,28.145763
28.930767,15.080393,23.201490,91.565506,22.832586,45.152073
6.779143,4.720158,2.239266,11.318122,2.624191,13.162286
16.369297,11.251128,5.075370,18.705017,3.975073,3.887010
19.265772,13.403665,4.172133,15.618022,4.857590,6.957025
28.546703,19.342415,9.397341,55.944283,17.253481,41.038746
7.822950,5.895969,2.295099,20.277138,5.842141,3.119103
33.398907,21.196169,15.315486,43.666019,11.923325,41.745480
38.929321,19.041494,17.127193,89.337082,23.995399,32.968269
20.940367,13.980254,11.941950,24.770643,6.107490,31.680557
21.158758,14.721257,5.950331,51.296158,15.566684,3.755031
14.545441,9.931154,4.745977,41.267124,10.608060,3.353089
23.698647,16.470400,9.994890,22.100672,8.088538,28.067722
51.489223,28.694250,25.463013,80.934578,19.286779,47.799313
35.370110,23.413473,11.885115,36.268639,8.941887,13.638191
12.030986,8.043738,4.506722,14.991142,2.612069,18.743582
20.524094,13.826445,6.017119,34.555752,10.329957,4.416158
26.231234,17.548061,25.995390,59.810349,17.784748,13.740320
7.851570,5.566794,3.674207,27.993679,8.054903,51.852585
33.108963,21.683905,22.423124,82.419495,23.925100,87.625160
27.070169,18.155964,8.163920,31.073944,5.805517,4.172881
13.036211,8.983473,4.964540,8.526164,0.831709,2.373997
11.699517,7.962218,4.007526,12.049637,2.146188,2.537018
37.724857,24.589308,9.923321,25.858891,7.341970,15.787758
6.369192,4.370185,4.656196,27.183331,8.123819,2.149084
33.421867,21.779266,7.064126,36.341122,8.527979,18.177496
36.800510,22.925337,12.245685,96.454979,24.991993,15.391396
12.940702,8.702658,2.622592,32.498791,7.919429,3.267674
12.461815,7.932642,14.910851,46.520172,11.603548,9.851256
17.022432,11.976033,4.669129,17.784328,3.934913,14.394236
32.914795,20.435802,31.729420,90.297516,27.342173,30.309786
21.108072,14.546153,8.368348,27.662025,7.632027,22.309727
22.036383,14.533063,7.876618,33.649475,8.821100,3.659510
13.847800,9.455632,3.725633,26.079245,5.938214,4.686624
7.532818,5.460375,3.627041,9.762982,2.103333,11.355014
33.820366,22.574797,8.997107,97.135376,23.699249,4.620706
16.672174,11.305957,5.110333,34.482288,10.454680,23.682886
45.472511,29.531136,24.003149,57.682755,17.274380,114.244476
60.843689,31.407829,46.696522,119.200409,34.234913,126.911224
6.517777,4.796328,3.191210,31.054243,12.487612,4.524915
26.286816,18.244734,9.189261,37.432831,9.825293,22.499107
16.265051,11.561833,6.496499,30.894079,8.313023,9.554184
18.995031,13.530166,5.313518,37.192001,12.360232,6.549154
5.333372,3.627958,2.598098,0.057103,1.146448,1.443136
4.420394,3.347754,1.582835,17.139460,5.137755,7.407703
29.772324,19.052732,14.617116,73.993057,22.166172,54.512627
24.474445,16.908588,14.089518,57.885147,15.116146,25.845228
15.861597,11.257445,4.730712,7.246197,1.414562,4.718959
24.184977,16.121729,13.059190,133.960175,33.818550,8.766467
26.936895,17.953970,9.236231,40.368034,10.264914,27.250095
9.752854,6.855863,5.077379,17.781019,3.329926,1.656994
6.982820,5.119175,1.832885,7.332169,2.130887,2.683642
6.040198,3.931483,7.896569,23.245586,7.539009,44.940712
11.564798,8.075080,3.737476,12.818102,3.872956,1.290004
22.425882,15.394707,6.881310,16.264845,6.665175,28.680975
13.643307,9.724977,4.865174,22.855471,6.997211,26.098042
16.620876,11.909414,5.256361,34.197903,7.094078,3.900492
51.834499,24.380203,30.003395,113.931541,29.392796,65.144867
48.978615,24.383707,30.204277,118.225052,29.554705,59.879494
16.793522,11.859571,6.637034,21.492661,5.537611,22.078926
28.510880,19.640028,10.102106,41.523495,9.805907,49.211548
35.376766,24.015247,8.168955,45.819130,9.666068,4.988253
8.663076,6.067789,3.220073,22.318426,6.538118,0.865425
25.970663,17.890686,11.585875,62.897621,14.468376,7.587877
61.151386,37.031693,29.739935,104.434273,24.816849,44.918144
26.972839,18.044189,8.284735,25.858227,6.302960,3.091659
35.052155,23.385040,13.743847,76.550247,18.229593,6.433904
13.358484,9.412117,4.457449,27.420994,7.494900,8.747810
6.469508,4.557131,3.348837,8.657136,3.134648,21.205366
15.990453,10.731070,10.726432,22.471886,6.006324,28.693846
54.525925,34.652561,16.601793,66.024048,15.119500,11.149272
4.190463,3.182659,1.396509,14.280105,4.258964,1.878804
31.667917,20.735241,9.924718,28.938490,7.933918,5.464532
16.814608,11.538332,5.026917,31.662331,7.200192,3.962284
18.394035,12.982501,5.276859,45.005569,13.133838,3.957425
7.341985,5.527859,2.907702,28.247709,8.634249,1.688916
16.811861,10.978312,19.629589,90.057693,24.510042,57.484310
60.036797,30.121267,18.604553,46.432781,13.641178,24.002867
44.711880,27.167685,48.410591,114.184868,26.955450,12.178411
44.741154,27.655060,16.117046,51.115234,13.023489,55.790375
11.415854,7.941634,8.880548,35.624889,8.873975,22.606836
35.378098,22.063803,18.394844,62.402466,14.221567,10.996924
18.490423,13.068278,2.889780,18.675449,3.117228,3.601263
29.732872,20.119061,9.782091,24.968571,7.302157,43.604435
7.366430,5.419930,1.919484,6.696664,1.858097,3.443381
22.855593,15.724132,10.673037,37.665688,8.251711,23.526972
6.543285,4.839510,1.808222,18.174204,3.410180,4.329380
10.374067,7.026191,4.457588,15.099504,3.331115,23.560305
11.500764,8.136573,3.616446,30.420303,8.799131,2.271294
49.876896,29.035141,15.960660,69.190063,17.943888,47.370361
21.162512,9.782024,8.587152,40.012043,8.995522,48.978161
19.501482,13.216183,4.640713,28.340950,7.593363,4.663927
14.216934,10.335042,3.959110,10.779690,3.342281,9.026762
32.747795,21.917183,8.139631,28.736580,5.937927,5.677253
25.820717,17.295408,8.376760,22.683781,5.398763,6.560155
8.106248,5.888476,9.884798,20.058886,5.318395,7.130253
13.000262,9.144269,5.066013,20.070625,4.174884,14.196026
33.854095,21.551857,6.150025,32.384388,8.720808,10.184037
15.883637,7.313539,5.838401,59.267464,14.347733,5.577563
12.147644,8.288588,5.090763,31.200102,9.310218,3.047158
12.894073,9.170731,6.156370,13.832769,3.364523,2.764478
8.805703,6.332973,4.325549,7.059557,2.500015,0.797756
28.337727,19.194168,8.400860,19.363321,5.874827,36.813232
48.946350,30.571657,13.729483,36.438828,10.569084,19.128607
5.103469,3.822841,1.425426,11.573254,3.287586,4.040075
33.622028,15.222675,11.995574,53.572906,16.170668,25.802080
27.038340,11.341790,11.098394,55.954262,14.506328,31.066908
12.918199,9.211331,8.745898,31.092262,8.159654,23.618320
18.381880,12.920238,4.627844,13.475717,2.993831,6.854045
30.729919,20.293783,11.946420,26.361282,8.104934,6.018645
22.548807,14.816683,15.871646,108.799370,27.814396,11.729595
14.982331,10.525923,4.685971,9.859649,3.472214,10.962440
8.981827,6.240979,3.746583,45.905003,13.581697,2.740030
17.582182,11.897094,7.385908,8.381454,1.530470,11.271172
6.914210,4.762610,3.360042,23.557959,5.516155,0.783022
45.145012,16.913752,17.329540,87.630440,24.850853,63.668072
42.114136,16.918570,16.717276,89.196228,23.401033,56.998913
5.278200,3.956367,2.498402,7.603849,1.036823,5.516017
30.845627,20.770281,23.360031,70.768364,21.569078,40.659611
14.467282,10.390763,4.408753,42.606792,11.430668,2.829574
17.273977,12.005448,10.288192,21.795141,4.381716,9.520020
18.653751,13.088754,4.189302,23.441326,7.437337,4.254156
34.563942,21.148495,16.833992,56.971134,13.862598,19.446339
50.634464,22.177980,25.309551,102.958977,27.963991,101.078941
23.013014,15.400270,9.296913,27.392946,6.770361,7.843624
7.294954,4.650243,12.078602,31.010027,10.614521,38.554817
5.819514,3.594968,5.212960,53.597206,14.448361,7.126270
37.331261,24.400776,12.975719,33.487225,9.477036,30.649658
6.348295,4.474807,2.904703,11.301081,2.139767,8.812479
42.806629,17.221968,71.230171,263.299622,66.461914,90.017586
13.177518,8.559648,3.723790,14.409052,5.035849,11.708135
9.563114,6.092877,3.976989,11.606273,3.182920,7.855175
11.549543,8.257661,12.326000,29.258728,8.162801,2.027922
24.754997,16.590370,9.731091,34.285976,6.565955,25.675386
21.128408,14.217174,7.402943,23.507727,5.243246,9.752668
10.748964,7.463075,5.639286,40.281006,12.642802,5.561450
10.970189,7.409824,3.418408,27.650770,6.804357,3.594971
9.341609,6.603216,2.781265,13.400124,3.837850,13.624046
15.638232,11.180957,4.632792,22.060101,5.304855,2.451464
27.239567,17.906925,6.950418,34.345596,7.654781,4.217628
10.242745,7.227600,4.884029,14.039607,2.287899,4.899399
24.853830,16.805412,13.601584,47.390881,12.985297,37.865173
4.254515,3.116214,7.172599,24.496351,7.755111,7.667517
13.606602,8.957913,4.452382,21.172390,4.055377,4.236024
15.423870,10.539561,4.311424,34.744144,7.748733,3.769104
24.952349,16.898512,5.974698,26.210045,5.969051,12.734231
29.015312,19.366282,10.193715,33.585724,7.565458,3.336581
5.513684,3.995933,2.005853,8.920450,1.552647,1.243364
10.119246,7.028541,4.472246,18.209002,3.632907,0.882087
40.507538,25.275883,13.008357,37.421593,7.671470,14.950824
23.420649,15.873993,12.311169,59.974182,14.477339,7.188468
41.795666,26.245916,11.542071,39.180653,10.001796,56.576847
5.072129,3.635235,2.061851,9.966447,2.803156,7.993118
30.940538,20.330439,18.490213,37.138298,8.774973,49.676090
24.477074,16.231312,6.896484,21.920441,6.356694,19.209730
5.397795,3.862912,2.259024,10.161545,2.955131,1.160418
17.337509,11.814249,6.546130,14.942478,4.737189,6.901850
9.443164,6.568459,10.427307,20.537441,6.049998,49.354095
4.542360,3.175872,1.484352,6.266810,2.054189,0.960680
8.801199,6.458243,4.549186,24.895981,7.490927,2.644786
28.422380,16.304371,14.065942,44.947773,12.291401,41.215168
19.641911,13.157393,7.533422,32.392200,7.805522,20.641991
19.320734,13.194734,5.509099,25.743492,5.172227,4.526421
17.335791,12.018123,6.163262,58.061325,16.392857,6.909913
18.070818,12.715335,9.693069,25.884134,6.415420,21.548035
29.504129,20.180273,9.005132,28.905872,9.457345,12.827508
8.996823,6.700684,4.228142,15.719015,3.326613,7.257650
21.468565,14.582830,7.959896,26.775553,7.013514,18.496672
9.156009,6.408694,3.647622,18.490355,4.281050,2.036143
27.886766,18.396116,12.290261,96.692802,27.135105,11.049669
15.258054,10.246382,19.173735,71.115685,20.129953,17.418352
51.235920,26.674013,13.984890,57.506351,14.306737,38.190441
65.112442,23.235580,35.740505,97.055611,28.344059,158.566193
31.703875,15.578894,12.038862,47.832691,9.852198,21.920628
17.553015,12.018600,4.955215,10.369782,2.276939,4.594690
15.494069,10.660622,5.823487,23.062904,4.978588,4.226946
6.737241,4.961177,2.828912,11.322408,2.788019,0.709289
16.406023,11.301430,5.997206,20.015598,6.619090,36.163494
12.136596,8.408766,7.917261,29.418322,6.563260,35.675381
19.500193,13.432960,7.273697,45.688576,12.360573,4.915727
10.237299,7.263464,3.258314,19.542877,5.047129,1.835719
20.034676,13.693476,14.343792,51.583508,13.850816,57.073021
5.702662,4.453430,2.254259,8.308238,2.811177,14.301775
19.105316,13.098391,6.415837,30.172247,8.424839,10.129540
20.816214,14.562387,18.098728,53.695885,13.243427,11.567374
31.085688,20.623783,10.341782,34.117283,6.976107,7.803005
29.736364,19.939167,9.000337,26.978336,7.849671,38.496521
8.678652,6.268420,5.114568,9.191980,1.731738,2.342437
22.931929,15.712639,11.875488,81.468262,23.346592,4.937999
26.929266,18.252897,10.730319,80.327866,20.855440,5.967754
7.166923,4.774452,2.378686,5.108181,0.646881,1.059767
17.456171,11.962223,14.824718,63.772366,15.792977,7.629801
16.964800,11.093239,5.094231,25.007732,6.038654,6.431632
23.444965,16.478548,5.502414,37.131313,10.006228,5.737289
24.159182,16.290628,12.593431,17.880713,3.572735,3.461790
14.205421,8.021154,3.579686,12.451315,3.713083,4.989352
16.147961,9.184219,4.431722,16.786880,3.446528,6.325577
5.610936,3.896113,3.011310,8.845289,1.580931,2.272889
3.941897,3.093959,2.627257,12.921956,4.072759,7.616165
43.471729,28.222910,16.041016,69.049889,20.393669,59.479343
10.365032,6.779110,5.885761,18.020529,4.594250,2.341107
7.905040,5.262195,2.634019,16.234644,5.225796,19.212025
24.427395,16.894865,6.799398,25.204933,6.061154,9.262423
10.839625,7.427009,9.872841,48.626774,12.342839,15.862082
15.617551,10.921111,5.317620,13.180169,3.732706,2.842769
28.656160,19.623400,7.070326,28.019798,5.691992,7.897258
11.857796,8.455873,5.233045,11.635839,2.848456,3.601424
10.987228,8.018502,3.904377,11.701130,4.094231,23.468533
36.474358,25.044989,16.765995,48.479286,13.128403,5.897243
12.762124,8.797074,4.629875,18.151663,4.641814,32.899769
18.799215,13.126172,5.260380,18.511393,4.302107,28.550917
11.815543,8.229195,9.317781,47.925251,11.569713,8.686571
29.801996,19.690496,7.159296,34.781822,8.580520,8.894379
19.249538,13.007023,13.174093,33.918015,7.244584,9.196324
42.959633,20.847004,14.442454,90.097572,24.363243,21.260923
6.895411,4.883007,3.448303,9.560060,3.037138,8.279408
22.483116,13.352777,6.709834,21.493513,5.324441,9.138301
26.961504,15.471622,8.537840,24.772114,5.681251,7.580256
21.295036,14.090057,5.951642,22.100821,6.968681,46.968277
5.433956,3.990228,3.058463,64.269165,17.953625,8.250726
50.252808,27.428612,24.317896,77.928650,19.360714,21.446142
51.498569,27.544924,24.889391,83.693153,20.351864,21.035625
8.660996,6.278274,2.715240,23.260590,7.000891,2.799238
5.124557,3.850772,2.138056,9.160181,2.546243,1.913540
23.137833,13.286000,15.974639,65.095428,18.654564,30.765606
28.740679,18.835688,10.034840,17.630920,5.260058,19.422499
22.603895,15.698138,4.461629,50.674034,13.836944,5.840215
19.665701,13.260762,7.200853,28.011440,10.847170,29.072161
27.445568,18.916111,10.364637,34.920151,9.323975,41.245678
15.800845,10.540922,5.344475,74.315735,18.842125,28.870728
18.844042,12.537366,8.061715,28.374336,6.210007,3.217171
23.921471,15.893279,6.787685,28.354242,5.194313,3.118635
9.962043,7.034545,3.174478,25.437563,5.137384,8.078682
22.362204,15.084775,7.339292,30.706388,7.228166,3.860032
5.554633,3.972120,5.550191,50.504971,13.901371,3.999101
14.383149,10.008402,4.476664,7.750606,2.360521,2.751347
5.929727,4.329409,1.486903,16.014782,4.132881,0.008931
26.369057,17.904703,8.560584,19.342627,5.203785,18.992962
9.278416,6.466693,17.284504,70.319305,23.766802,76.421692
18.040602,12.932907,19.797621,51.248138,15.419768,63.136703
37.817902,23.102261,15.301950,191.034485,52.541946,14.306628
19.775339,13.287732,9.789707,25.390053,5.182701,4.192936
5.817713,4.071772,1.722084,14.124533,3.397540,6.090669
44.174458,28.597464,9.861541,136.594849,35.041275,10.787192
37.560612,22.193802,21.195612,128.723801,37.495056,113.967148
6.524963,4.609421,1.658028,4.902735,1.132151,1.731970
10.143264,7.424999,5.340839,22.836788,5.029008,14.473162
26.271950,17.715153,8.981232,17.189270,4.361299,4.555900
28.360435,16.023190,15.402851,60.509125,14.874910,18.086407
17.490168,8.046530,9.654860,52.567768,13.459073,22.518887
18.663586,12.402667,9.201596,49.376095,13.085660,27.395607
35.977657,23.898767,15.639340,42.940533,11.825603,8.790146
6.359455,4.652202,3.241452,11.425759,3.405887,9.467904
28.902586,18.803204,16.836222,45.747749,11.012685,16.492050
25.552113,17.120571,11.097937,54.498741,15.069448,16.470888
12.681003,8.684747,3.052783,23.658527,5.136138,3.058372
12.498156,8.837764,9.308512,24.507532,8.962611,18.650555
56.712852,29.937841,49.225792,182.497620,45.668972,61.755890
10.084884,6.716928,2.894771,8.830709,2.329226,4.361032
14.882667,10.508815,5.055230,2.981314,-0.001522,4.302450
26.264067,17.645937,12.674048,35.077015,9.925621,47.187832
12.574302,8.594268,14.739414,69.113518,18.655817,16.088028
8.348857,5.797320,3.281396,9.100121,2.626503,2.286686
11.068779,7.683497,4.860475,13.069789,4.196166,6.271379
13.636322,9.674737,4.095996,23.470289,6.026764,13.958677
13.487164,9.601402,7.707365,22.185040,6.205333,28.623878
36.624641,23.726582,13.100645,30.518492,10.896829,27.782148
10.755949,7.686037,3.820767,13.510990,3.321843,7.201872
14.587767,10.136806,5.299760,35.194557,8.838088,10.406171
10.997166,7.549250,3.753462,38.099869,10.460651,1.760333
5.377529,4.060780,2.812056,7.108683,2.313390,5.101160
12.400172,8.756027,3.196755,35.704674,10.723350,1.524716
5.862522,3.909418,1.258415,13.782138,1.876278,3.337935
16.510422,11.305428,6.370246,49.396545,14.575685,29.346735
44.777241,29.447104,15.227859,35.163292,11.801121,53.293026
14.017747,5.952001,4.979390,18.635551,7.682126,18.647905
35.141869,17.324306,24.107252,65.013680,15.075330,17.980127
11.941738,8.182665,4.622843,16.345886,4.639473,18.517183
19.224638,12.849103,11.917253,76.270744,19.196404,14.119217
21.138336,10.740543,6.548926,38.340496,11.021381,6.957637
22.856005,15.509460,7.888459,64.016121,17.771040,17.327478
28.318951,17.450287,22.878786,83.698311,23.406586,54.090122
9.889643,7.028933,4.269209,4.804702,0.707924,7.879824
30.190828,19.570311,12.137155,24.008745,6.131238,7.338628
19.655907,13.443927,13.280451,46.358337,10.665927,8.899269
12.822254,8.936927,4.081557,14.778956,4.186107,7.979461
9.815735,6.626839,4.723142,8.401670,2.947670,10.095712
39.783642,26.053965,11.216628,146.024063,38.273869,8.303458
38.045364,23.562868,36.204655,126.565948,32.395981,23.927530
25.664343,17.392561,7.485358,23.292116,5.639799,6.987951
24.193054,16.304026,5.520823,35.357609,8.255178,5.098239
8.734716,5.617388,1.330715,32.404011,10.125034,15.336777
16.315075,10.618438,14.866793,64.055801,18.331076,71.966301
16.124943,7.432073,8.143877,41.618328,10.486804,14.698558
12.048406,4.983797,6.429939,37.649670,7.418219,8.219620
55.432590,32.955807,26.588949,100.512344,27.687086,10.879583
17.201273,11.766383,4.791905,47.476105,12.464445,8.773240
20.989008,14.183804,12.551461,62.934273,18.327726,6.616353
4.099252,3.007499,2.048323,9.890421,2.900136,0.971601
7.903422,5.257930,6.046247,11.023643,1.808685,1.292212
13.623081,9.454489,6.123370,33.782555,8.880960,6.650854
13.772110,9.680019,10.121466,16.027761,4.850861,22.038977
23.812832,15.911438,5.891800,16.880041,3.902612,3.638793
25.118710,17.306759,11.534451,37.296169,8.969323,5.863345
10.815420,7.664953,2.537236,12.868480,2.145748,1.770186
31.837971,21.640690,18.335220,65.679565,17.456406,28.683729
12.557212,8.739332,4.226756,11.682675,2.827697,15.204041
33.181339,21.954765,9.062688,14.978685,3.727818,5.513716
19.934444,13.577160,9.089853,34.614632,9.339910,7.021132
7.345880,5.135099,3.943190,15.248294,4.777762,9.438796
8.760908,6.215507,3.248490,12.766050,2.823195,3.449998
44.562790,28.382345,19.433466,63.070023,17.152416,76.099800
29.701792,20.085697,10.350538,42.291042,12.672832,30.227667
23.547672,15.696918,9.334800,36.638912,10.443549,5.336966
6.074262,4.303228,4.063844,32.140686,8.776772,1.569293
9.291412,6.521002,2.934356,13.055079,3.978057,4.627546
26.537266,15.471835,29.151587,93.116341,25.386545,82.003044
12.112551,8.065646,2.934831,14.385142,3.365531,8.215707
24.526173,16.669333,6.578964,17.173510,4.627955,5.692632
13.265031,9.599990,4.772435,19.925629,5.740309,1.704350
28.083658,19.159061,11.673311,43.436436,13.195646,6.812276
11.329290,8.017045,5.386034,19.432388,4.865177,27.922798
30.634998,20.450106,13.026672,31.743362,6.821252,13.173137
41.174900,25.977278,11.289654,38.528316,12.079481,5.553388
34.761654,22.909176,11.470429,24.841248,6.117979,19.425724
9.805384,6.755844,3.285252,9.104423,2.246877,11.499795
8.537708,5.900954,4.072495,5.261547,1.553238,2.107076
15.946959,10.977234,6.099243,18.062611,5.048699,4.231680
24.864132,16.775673,7.333199,72.862465,17.168243,8.383519
7.846368,5.584116,2.006152,16.655598,4.664285,1.176342
19.414557,12.728069,11.198790,42.463394,9.233020,12.523697
10.943581,7.968295,5.506467,27.527727,6.589389,5.949441
10.251832,7.012949,5.395702,28.846148,8.151392,7.144498
28.041321,18.997681,7.361119,20.669792,4.771759,3.380198
25.329018,17.234083,7.913983,42.075409,9.043356,15.180243
4.954820,3.582958,6.266248,10.687121,3.836426,16.136753
15.187423,6.883030,7.065178,31.827599,9.326917,6.764087
8.079667,5.838126,1.961346,13.454795,2.842858,4.109799
33.548752,21.732481,12.840834,38.486099,12.203481,34.434998
37.322826,24.867430,9.869203,55.454391,15.438183,10.344773
22.702402,13.869454,8.347247,46.153603,16.121920,100.962738
26.917572,17.325588,9.237267,22.157850,7.213126,23.136608
70.081573,37.029667,76.348679,271.838928,73.264763,125.815987
31.743135,20.680578,19.927584,62.616714,18.524158,107.114014
26.156918,17.822435,6.377742,31.725368,7.322445,4.927210
18.315725,12.713322,9.524627,234.531174,63.118958,7.863628
5.356741,3.932155,2.141292,11.776286,4.335222,11.967027
10.209394,7.333830,5.244131,11.939120,2.641140,6.768409
9.258435,6.353260,2.650692,61.275555,13.691287,20.273766
17.023340,12.000009,7.134078,12.022185,3.251895,3.251703
18.295006,12.171926,5.295856,25.721905,6.847580,4.138899
10.844701,7.570488,3.431377,20.871462,6.749980,13.708564
20.199827,13.429220,6.812175,27.614138,8.261563,11.024072
32.573002,21.402227,23.259920,79.815483,19.529068,5.249245
23.844585,15.546364,14.514642,36.449684,8.315536,13.523115
34.031742,21.909109,12.378493,59.041119,14.739342,9.191415
14.389232,9.635969,3.441685,31.717989,8.421804,6.022966
40.178501,25.468721,12.488886,41.702660,11.744756,10.615809
20.610062,13.851430,4.009633,42.203075,10.840372,8.241090
13.447768,9.219484,5.894677,22.828287,4.963357,12.342288
12.005678,7.657535,3.841569,9.777418,3.640592,5.362980
16.409647,11.574200,10.536069,17.989319,3.968311,11.462615
31.241793,20.387131,19.515385,34.947414,9.862714,14.050504
15.571477,10.197269,23.497614,30.547384,7.803919,7.373420
5.094981,3.609554,4.676744,46.411186,11.865061,2.398196
65.977356,37.638306,34.375713,102.819244,27.579695,91.101196
9.117189,6.079998,5.108622,29.293692,8.956668,4.027088
19.045237,13.393641,8.601760,37.190674,9.448774,6.500210
13.426237,9.694937,4.020515,5.892899,3.828230,4.392857
13.091109,9.067393,4.464081,3.825150,1.026935,3.063565
9.621089,6.974280,6.196483,26.867886,6.623034,12.658669
12.170780,8.400565,4.133532,10.913380,3.703570,4.857530
5.014919,3.721261,3.162955,11.387655,3.448157,1.373895
11.540465,7.885374,6.017406,18.070801,4.903271,3.832906
20.226107,13.716568,16.249784,63.502945,17.044468,64.581345
13.530835,9.639529,4.262269,28.457474,6.654141,12.951262
7.191231,5.083416,1.720982,37.717293,8.605021,2.028176
12.443360,9.029760,4.631690,16.679407,3.833838,2.595805
11.601988,8.140355,6.481002,32.329811,9.711805,5.238526
6.972548,5.243086,1.765708,8.540436,2.447762,0.493079
28.018522,18.972811,13.979805,34.127907,9.113254,98.699944
7.174063,5.179971,2.870073,14.636206,4.534848,16.467812
62.744171,35.225006,36.475658,152.634781,40.866844,60.547016
5.176703,3.781403,2.260843,12.149185,2.863791,1.479924
29.041477,15.717495,18.980112,37.176880,11.926964,12.531121
21.791384,12.123988,31.910051,100.688606,23.736008,32.292370
47.089916,27.432575,20.075588,80.822845,19.849098,64.695099
30.093250,20.556328,10.928343,46.925961,12.105708,21.795366
13.023178,8.726571,3.643107,42.298687,13.054549,33.102955
22.263903,15.275312,12.979845,121.960281,32.856350,74.763565
27.185843,18.360947,8.174605,66.553749,15.980689,5.765074
45.418915,29.380264,22.267002,63.258102,14.605918,19.934385
4.842179,3.287318,1.873972,2.014100,0.447761,0.910523
23.130106,11.990468,15.156879,91.040855,26.678551,19.835520
11.372133,7.716837,4.029909,11.621731,3.211292,8.025378
34.298878,22.948830,13.605570,37.952503,11.869891,65.955559
50.794342,30.002861,25.281427,102.263428,27.299253,125.877586
13.140042,9.048492,3.956781,16.951616,4.549283,0.767151
14.427368,9.816480,4.824466,19.535326,5.667257,2.428421
13.753673,8.245535,9.556068,33.381027,8.730826,12.129576
14.847090,8.071711,10.376652,41.643684,9.124656,11.884644
30.813484,19.528799,17.046228,55.695869,19.579525,77.932587
17.445135,11.919742,7.450914,38.584984,11.181996,28.528610
8.799050,5.976736,3.431591,20.829849,5.496903,1.565959
11.912151,8.389596,9.684328,75.006233,19.822695,45.274471
15.946359,10.841974,8.833441,30.182093,9.347289,46.495991
36.390987,23.960583,13.522803,30.373478,8.411547,16.796560
13.929642,9.468989,4.304363,12.240218,3.964916,2.502500
7.271087,5.088546,9.140180,30.527573,7.784839,13.422292
14.324779,9.534200,14.531309,41.970669,9.510275,37.548031
14.336695,9.797688,4.312695,26.581209,6.965082,3.141906
20.628124,14.197034,8.535223,37.894962,9.235176,5.647812
12.670156,8.523548,4.859292,41.968113,10.362033,2.801181
7.859825,5.740604,3.122747,7.971174,2.343012,2.119779
22.024939,14.340260,20.797556,38.508617,11.610054,37.988480
47.010742,30.111980,15.884852,29.934694,7.093021,7.319435
8.412311,5.876772,3.640526,10.614408,3.271557,1.012268
11.620241,7.996269,5.294131,5.085287,1.535118,1.194107
11.172209,7.891140,2.717551,12.616774,4.691851,29.620365
9.800735,7.249224,3.392334,11.726874,2.753861,1.391622
33.464424,21.802778,17.265980,88.395927,23.323818,17.226858
11.097211,7.917887,4.638886,11.389608,4.047409,7.170334
19.744190,13.591825,7.612543,34.214180,9.638441,42.181618
25.873289,17.287348,6.615825,19.086729,6.111475,26.456247
22.058855,14.717640,8.566315,23.422300,5.724510,4.979556
9.395058,6.712017,2.334008,11.717308,2.645070,8.164190
45.410313,25.062885,19.400263,24.463572,6.496434,29.583921
10.604221,7.701732,4.663918,10.287558,2.418863,15.221934
10.371022,7.447059,1.986546,15.830617,4.160122,2.014302
26.436384,17.089275,11.074434,58.565578,15.780436,5.577907
7.733907,5.252032,2.417914,17.838776,4.711493,2.974267
15.415094,10.720466,4.871858,18.772154,5.478008,11.647932
24.807301,16.748957,7.632792,20.411097,3.850389,5.377991
21.260237,13.997700,9.779943,22.123060,5.777422,5.544466
10.543133,7.748066,4.081154,11.849467,2.999936,1.434331
8.579845,5.113017,3.274438,37.079983,10.374522,3.442772
7.701598,4.849998,1.870950,16.337488,4.126228,4.962162
25.134106,16.748100,11.462471,91.921097,24.481525,10.714504
24.420589,16.577103,11.406838,51.123375,11.362250,7.517156
13.339754,9.325465,4.146973,18.053745,3.798844,1.390357
10.030888,7.063261,4.038224,41.112915,11.106756,1.922806
18.219704,12.470781,12.233798,46.536552,12.972376,48.252579
23.012648,15.243645,6.251455,26.867502,6.713296,8.062381
12.453756,8.967441,3.917267,13.387549,3.524836,15.172097
11.848184,7.926526,3.686399,28.887074,9.943811,34.280499
12.299231,8.884480,4.383841,25.729658,5.234789,1.284508
28.757582,19.661564,17.171808,31.384430,5.486535,6.004683
14.670796,10.308047,6.592262,15.794514,3.655510,7.305958
39.650009,23.014143,40.086357,171.266342,52.107437,180.914536
6.277917,4.561954,3.304762,32.492874,7.548785,9.525317
13.791251,9.336904,5.077407,11.766037,3.265136,19.650358
8.712832,6.304433,14.110941,26.233818,7.223722,24.564394
10.980084,7.503934,3.448487,14.787816,2.549507,2.695302
19.126665,12.649178,14.173461,50.755707,13.574706,13.755286
29.524918,20.325506,11.935684,36.184372,9.682459,32.377441
21.010273,14.220122,7.308598,34.753868,8.466084,4.814146
7.764655,5.185374,2.451752,25.974707,6.078892,8.016723
21.841045,15.092482,9.007986,22.821625,6.480896,25.206360
36.898640,23.910856,12.112522,43.263256,12.876911,4.859782
25.132416,17.080229,7.321406,27.085331,8.320969,43.184292
35.596752,24.851650,21.542967,38.312939,10.040446,23.833229
27.491543,18.768164,11.101345,41.127129,10.995242,32.327721
5.978650,4.376947,2.545518,11.951638,3.135028,1.253215
14.340603,9.689143,4.187486,19.356905,5.055989,2.713805
7.017294,5.051253,4.169468,10.551478,2.645625,0.230625
18.398222,12.508440,9.811866,13.744733,3.327538,5.057576
23.666143,16.280163,6.496657,10.202277,2.451948,4.983372
16.509665,11.807291,4.272362,28.967505,6.577523,7.537364
30.179008,20.028202,10.784030,19.320631,4.723837,5.856394
29.192423,19.923876,8.842036,24.232424,4.147131,4.553284
5.391903,3.689045,1.326859,14.026022,4.879574,6.164489
9.474395,6.421194,3.490140,11.439805,3.108440,1.825701
37.542072,22.888542,26.759945,84.730843,23.385588,123.706932
16.082670,11.154651,5.219153,38.486156,10.247828,4.405472
9.581994,6.621032,2.717173,19.997860,5.407981,0.849764
26.396555,17.400040,10.684373,68.311020,18.639219,22.429621
11.084733,8.179307,3.034362,12.133686,3.508553,4.571270
34.015179,22.697344,10.366577,13.091253,3.097893,3.415417
15.529593,10.922650,4.936525,74.307404,16.249977,12.124468
37.853676,23.955500,16.090853,47.517479,11.515661,20.921541
14.299823,9.906566,7.057060,37.795158,9.699505,5.151248
13.737603,9.650519,3.472629,27.267210,8.417701,2.689054
19.217819,13.256415,6.447213,27.305637,6.897652,26.924807
17.852522,12.308829,5.779392,61.870296,18.528978,11.781232
25.189754,17.068640,18.489656,69.114006,16.553391,12.824080
17.527802,12.217590,9.441628,24.207129,4.846641,12.060358
22.466265,15.068845,6.507799,29.048059,7.248307,13.023818
11.289559,7.906260,4.494112,34.926399,8.575068,6.322172
18.950514,12.986893,6.394139,8.434969,2.473059,3.578101
11.148549,7.318628,5.661701,30.693304,8.067419,7.595545
12.305677,8.400074,4.035738,18.947832,5.510056,5.202297
8.877749,6.261492,14.265466,23.116001,6.728685,13.878786
9.574554,6.694788,4.587101,15.493655,3.269620,6.601385
52.381420,32.142246,27.046995,65.968361,18.016569,68.510376
10.768608,7.249518,2.630424,28.452293,6.437941,3.009800
10.323566,7.003982,3.962048,8.721719,2.207665,8.272190
22.232637,14.970162,11.778769,84.683075,24.181746,10.301576
15.509040,10.618919,5.673987,17.880457,5.686619,13.676657
10.777073,7.723559,3.672694,10.814329,2.013476,5.750690
18.157631,12.845390,4.203939,23.113436,7.026901,5.617009
29.362015,19.757368,17.230381,69.053177,15.492665,12.724951
5.179620,3.666658,1.434508,6.373135,2.730240,2.143679
5.771744,3.941968,1.493144,18.815670,4.366783,2.447360
25.802021,17.477522,11.585812,66.604340,19.195572,5.694393
11.638226,8.166951,5.446833,9.868920,1.385708,14.133121
10.545047,7.635389,4.163519,11.749969,2.656018,5.650579
10.687317,7.952740,3.434289,7.510395,2.484452,6.625062
6.487461,4.298475,5.223360,31.953444,8.737645,11.003987
34.660732,23.133448,7.978187,35.377434,9.760283,26.051876
27.933653,19.512148,31.506903,73.115654,17.262732,13.503678
6.744291,5.018836,2.787516,10.600946,2.948582,0.215331
12.664809,9.038972,3.532169,27.167337,6.371984,6.039259
35.129467,22.326220,13.770327,30.345825,7.418204,10.423944
20.854223,14.653903,8.153737,22.207853,7.118700,3.880381
24.743923,17.251692,17.706018,95.056313,26.928282,8.670397
13.314710,9.217459,4.730186,33.684940,8.372416,2.321449
12.901081,8.920918,4.993902,40.099964,10.106467,10.315475
33.927914,21.834015,15.929799,51.047405,15.355472,81.113167
20.575338,13.408260,7.036214,24.694120,7.575381,6.173738
23.270657,13.372513,8.627121,29.732260,8.153910,5.203177
16.045692,11.474841,4.338830,13.406594,1.855839,3.814713
32.415524,22.047739,9.702037,24.189081,6.172538,7.567610
27.386780,19.127291,11.791050,34.358852,9.997937,26.541897
24.361910,15.978444,15.356713,71.606148,20.475584,19.330645
31.771835,20.927347,9.956187,21.573839,5.169192,8.907545
17.097681,11.765804,6.851367,40.124645,12.484613,27.244734
12.368645,8.613898,3.939968,4.405597,1.454949,3.953692
11.896930,8.364759,3.485324,15.064715,3.256944,11.679192
11.621846,8.547423,3.523910,16.562567,2.847584,0.557842
33.021458,22.872641,7.528658,48.935390,13.492119,4.761698
52.817581,28.827555,28.815695,134.097534,37.405914,33.709969
13.564500,9.493285,5.390603,18.310755,4.486488,13.161309
49.071644,30.118803,16.120529,73.353409,18.854448,14.252514
20.945423,14.912301,6.892579,13.635355,2.480988,5.945689
12.826159,8.682910,5.064982,11.590254,2.854217,5.113044
55.035770,32.252243,33.874722,208.341309,68.820267,265.493958
20.390244,12.212976,6.471380,25.375614,7.198135,6.714076
21.813803,15.185051,8.388268,16.322340,4.728368,13.111183
35.860508,23.437477,10.782619,33.655384,7.036433,8.273488
8.906123,6.169593,2.768423,54.283970,14.433945,1.067170
27.787695,19.412716,7.792430,21.050152,5.724707,11.581038
52.754070,27.710781,15.200623,77.073929,20.001753,34.716808
15.792878,10.781660,6.950208,23.020395,5.510003,35.476418
14.899525,9.878577,2.823102,26.820660,6.526190,3.761436
7.657154,5.608211,3.178848,11.781492,3.846266,0.473132
13.377535,9.473161,8.330235,37.337944,10.493859,4.419029
21.117996,14.506165,7.734718,18.029169,7.119253,3.532115
6.954059,4.859075,2.449525,4.044562,0.970909,2.476829
15.865462,10.793810,17.981981,70.008362,21.218674,147.562607
36.248714,23.434793,11.618640,28.933004,8.331676,44.496861
21.141008,14.184882,4.601470,37.930367,9.820617,4.792952
27.952248,18.779207,8.636317,25.855780,7.459651,5.709130
25.490133,16.999241,12.145661,42.221695,11.691409,26.530451
9.143773,6.408606,3.393188,10.768060,3.129421,14.042418
9.617215,7.088365,3.580235,16.236479,4.908553,16.505932
52.048683,22.699301,41.301567,133.281647,41.896297,251.841156
7.065295,4.820972,2.580236,12.166059,2.946779,4.724767
11.291179,8.039746,3.009268,14.855303,3.718397,3.209295
23.542065,16.108637,13.450303,77.241440,23.785885,52.012882
10.190159,6.840044,5.517289,22.962519,6.834404,5.213312
29.630657,20.499161,6.332671,22.905302,6.533140,6.890476
13.692514,9.886274,5.557487,6.352806,0.298575,2.790388
10.181520,7.430216,3.414356,10.770831,2.593948,10.947200
14.535690,9.810459,9.706226,50.086754,12.965851,4.086027
10.008554,7.134501,4.978155,9.870822,2.963414,1.690378
23.961721,16.443159,16.074974,125.679047,34.172768,21.175665
8.491255,6.064290,7.535507,52.058571,15.619646,2.981892
13.360979,9.462958,13.432327,42.780689,10.552484,4.888932
23.256027,15.843250,6.620488,35.904522,11.580750,36.020195
24.009787,15.996780,7.990952,25.431370,6.086619,28.270624
11.222575,7.883415,4.185856,10.424927,2.457863,1.974294
9.485345,6.892628,3.162498,15.364314,3.160254,3.323510
23.188501,15.697936,18.067364,58.500210,16.017513,22.397806
18.910591,12.628954,11.124179,41.835472,10.511539,16.398706
9.547300,6.661843,2.410326,12.324347,3.330837,2.134902
6.414605,4.586943,4.760603,12.098421,3.493827,1.711701
14.219889,9.610731,17.234398,29.121096,6.189084,13.260941
13.809480,9.201281,3.484322,149.024368,37.366749,4.554886
8.890457,6.245526,3.165936,16.759163,4.837743,12.433959
14.064700,9.845892,5.665255,40.712990,10.580119,2.628919
5.738128,4.233973,2.735635,8.400053,2.975161,1.503345
22.207266,14.615374,7.115727,58.436687,14.736348,4.482640
12.407164,8.287951,3.163728,35.101776,8.933825,14.404506
9.663761,6.774835,3.773152,9.538614,2.015178,2.175934
18.337233,12.825308,5.583119,23.549463,6.190057,22.019505
11.939777,8.481954,5.579529,44.311684,11.048285,4.704323
9.534545,6.624000,6.313115,46.819218,10.616758,9.540223
24.391085,16.139177,15.108171,104.929512,29.007738,6.793703
30.327885,20.329618,10.847280,43.142704,11.611601,12.965028
6.091282,4.530910,4.402831,33.988609,7.738317,4.369258
16.738020,11.659472,5.330986,16.499420,3.921033,1.742775
15.778089,10.662303,11.082053,76.088203,20.080166,15.126008
15.772552,10.678468,6.110084,15.133653,5.481633,22.250425
11.522102,8.183841,3.991818,19.105433,3.675227,0.648405
7.630466,5.039443,2.736733,21.062757,5.737169,4.773799
16.306206,10.911935,5.791615,26.735321,7.810796,35.565819
17.485197,12.226909,5.090496,19.063570,4.064685,10.284346
16.137629,11.142790,8.244434,12.253756,3.871589,1.956668
34.014290,22.607138,13.191168,75.746529,19.343796,8.939097
18.463858,13.264003,6.063491,15.845878,4.047210,25.844751
45.875233,27.763325,18.421236,66.213524,14.210961,21.280891
6.554961,4.596957,3.231920,7.225487,1.920182,1.667067
9.265949,4.910250,2.215762,23.656015,8.963875,19.457706
6.363150,3.166054,2.305051,35.588039,10.081885,21.345684
23.416801,15.873186,24.229898,106.334518,29.105112,34.527958
18.764999,12.846019,18.016060,64.005302,21.356602,80.895653
19.388464,13.205614,6.146881,25.657921,5.638679,2.517325
10.153000,6.845242,4.178145,18.383018,5.537615,11.916321
21.447605,15.452511,3.950821,24.989422,5.883562,2.734629
14.427061,9.989669,4.722198,36.842743,7.583589,4.750052
31.723246,18.964939,10.372206,52.636883,13.883388,15.281512
19.901278,9.243212,9.243354,57.178364,14.927101,19.143621
21.245693,14.728650,6.909369,22.618267,5.309397,7.891231
6.160210,4.669803,2.256665,17.393965,2.559490,3.794071
22.318316,15.658302,6.029432,54.781227,14.906971,2.759951
7.120940,4.956988,1.630796,24.911057,5.394025,8.458546
30.661320,20.144581,12.745152,50.543587,12.466362,19.530022
22.631172,15.634660,6.465111,33.483559,8.066661,3.054721
14.249768,9.763069,8.230178,35.595615,8.981008,13.918056
18.904850,12.569306,5.545763,27.572769,6.491834,7.335252
48.348324,31.188780,16.073486,46.549652,10.986962,20.055901
11.979789,8.094139,4.716010,12.752376,3.764505,1.669399
20.539515,14.381673,6.613595,60.046108,16.173719,10.019053
13.967703,9.740656,4.912556,14.223830,4.440307,5.474497
24.663307,16.977512,8.300828,30.545986,8.413831,6.609251
5.754116,4.232277,1.635354,6.279308,1.759060,5.243743
24.760881,16.397512,5.353295,19.425119,4.828582,5.859920
17.821447,12.330501,3.996340,14.145713,3.228086,2.959896
8.208263,5.857709,2.736282,33.755398,7.538855,3.437141
17.322363,11.520064,16.238697,39.716335,12.281137,9.294810
8.301824,5.820054,4.487652,9.697434,2.461217,9.258053
15.572156,11.011030,5.697142,4.607454,1.491329,1.571963
52.992676,33.322231,29.994074,83.457542,20.794369,15.883393
30.333384,14.273374,7.221245,51.003113,15.246682,29.403294
21.042107,9.135303,6.275682,50.932308,12.941188,13.373421
6.843365,4.917087,2.455554,11.798376,3.917155,1.800640
8.447976,6.092580,3.181544,8.709270,3.436156,2.140688
23.919415,16.188677,7.289519,29.668978,7.283699,31.938608
23.390446,15.777394,7.004201,17.622934,5.216607,3.994841
23.146585,15.686547,8.012895,11.822448,3.588761,12.909826
11.584880,7.904209,11.656866,48.168312,11.833542,4.568700
66.978951,37.134747,37.259857,80.220833,21.971500,96.584198
12.539183,8.563927,3.190488,93.617271,24.644054,4.392464
22.487913,15.293293,6.071461,37.236683,9.412699,3.247420
17.350214,11.474791,5.530021,32.971325,8.213277,7.559675
8.544360,5.662406,2.583551,11.922339,3.013537,2.480473
15.635432,10.773553,27.975935,120.611374,32.425087,10.817738
13.610519,9.341573,4.003489,45.388969,10.198531,1.944820
15.037677,10.460491,3.471533,35.141228,9.561222,3.800464
21.616869,14.075698,6.214578,27.750027,9.816375,10.702298
23.558945,15.569734,12.020927,33.536686,9.180530,29.513157
23.414516,15.749713,12.857997,43.596371,10.281566,11.677205
48.455914,31.191072,14.948348,39.618389,9.190647,15.876129
11.112251,7.957627,2.223841,18.137779,4.711637,4.773713
24.024265,16.264786,16.302816,54.017788,13.922125,9.237116
31.938314,22.177511,15.825508,29.235315,8.980110,31.781939
25.284708,16.874111,8.903060,19.222303,5.403524,21.949781
19.927130,13.240664,4.243227,26.341984,5.903198,4.868855
19.592182,13.220165,17.906971,81.001282,20.603479,31.777498
17.701668,12.853914,5.447042,13.450394,3.461932,2.920413
38.167179,25.106794,10.884910,22.845203,5.573322,16.069115
16.574444,11.854896,5.371829,18.969913,3.970591,1.542552
21.295887,13.986965,13.270603,46.649628,12.389099,11.149541
24.757328,16.560068,8.170725,35.971180,8.283872,10.186315
8.494953,6.031570,3.458689,14.589190,4.177341,8.070246
8.878609,6.548593,2.469331,31.321470,9.280855,25.870268
14.052855,9.727502,6.949938,13.053532,3.466368,13.839917
15.520715,10.594960,7.283560,28.335581,6.850519,14.159431
15.204122,10.227300,5.340302,17.261646,3.447782,2.275585
15.226394,10.238146,9.712806,43.029224,10.087921,18.007631
8.174613,5.565369,2.800109,14.098084,2.639381,3.623082
21.069811,14.291756,8.053340,20.122950,5.556841,33.110897
22.130390,15.073696,9.784378,79.432571,20.267460,14.451672
22.403639,15.136187,14.509785,47.989056,13.125050,79.834312
30.537560,20.332167,8.796472,65.854263,16.830662,12.056855
5.493612,3.662385,3.704096,13.131675,3.557519,6.979627
36.223846,24.203327,17.265932,76.909363,22.990143,10.522917
7.566885,5.314903,4.940811,16.552670,4.368265,13.544712
8.301355,5.882268,5.842863,12.085861,2.639362,6.317558
17.397076,12.382106,8.624991,29.797594,8.887598,15.219211
11.879072,8.485209,2.815600,25.762503,6.315943,7.829616
24.295931,15.836589,8.305366,37.494579,9.384959,10.887682
35.107124,24.237791,13.577647,54.840763,14.257298,18.399345
21.519382,14.352228,6.381331,46.259632,11.315819,22.405849
9.017028,6.387506,4.906406,13.796220,3.518857,5.929713
24.909899,17.296791,8.199562,43.184147,10.517955,4.759194
11.128207,7.742246,3.708603,27.555573,6.992271,1.822197
20.041037,14.134637,6.792869,82.459419,24.491590,58.287926
16.804586,11.867907,6.258606,31.641439,7.197482,3.012697
8.537049,6.210290,2.077979,13.930326,3.358489,8.201906
5.330296,3.758676,3.082013,4.982680,1.599259,0.737728
21.601841,15.142192,12.342340,20.972380,4.702651,20.947697
23.077196,15.631000,7.955969,53.963417,14.992961,10.966369
25.732477,17.705528,7.707593,29.478672,7.682012,5.156240
21.510191,14.853796,25.450428,56.120617,15.913362,12.236180
11.700803,8.303071,5.007861,24.608095,7.066072,2.519418
22.707161,10.246522,6.805655,34.156536,6.766509,6.018596
39.193466,26.162994,12.938614,45.870625,10.380734,63.396385
14.012015,10.140401,4.308230,11.915542,3.604407,3.620656
7.128069,4.859516,5.486499,15.473966,4.073494,18.096439
30.304726,19.751013,8.477152,32.396072,6.539311,5.835566
11.959432,8.112084,4.912154,19.359600,5.225563,24.847654
11.476065,8.179912,8.020292,27.400776,7.736571,4.445071
17.607431,12.206859,6.270452,29.064116,7.194475,3.574413
28.992760,18.036728,14.778018,60.977322,17.299931,38.696358
10.694448,7.712945,4.606472,9.715446,2.459623,3.981469
18.097612,12.031994,4.636436,22.110760,5.581776,6.148433
5.508653,4.235403,3.615535,10.314634,2.419834,17.353737
40.318386,25.462839,12.455983,48.047161,13.843298,30.476624
52.782898,32.450424,18.175529,71.039291,19.029583,43.306335
21.915888,14.870411,6.789932,18.929634,4.186241,3.154413
47.456860,28.330944,21.849154,139.521561,36.986122,31.525280
30.921034,21.053043,21.144852,214.198959,60.276566,17.043791
18.427315,12.654940,5.817283,18.842024,4.129916,4.540513
18.876913,12.922636,9.901549,68.382683,16.619125,15.801029
35.246620,22.511454,14.975955,34.080788,9.360691,25.627541
31.516064,21.024752,14.137245,55.238987,15.089080,27.331991
39.482498,24.946497,16.023415,95.799423,30.254808,147.090210
39.207993,16.832891,28.477760,96.601074,32.608196,74.325722
40.255322,16.749643,31.430397,111.076218,33.226158,81.344017
5.957212,4.317877,3.558736,12.877618,2.360005,16.867178
50.403049,31.260126,45.317940,155.765991,38.839577,169.160080
7.988298,5.774691,2.853173,13.990246,4.969648,2.496285
37.946014,17.200188,18.999054,53.853661,16.747406,86.949333
8.689803,6.067612,2.900432,9.395826,2.340852,3.018023
23.606924,10.205046,27.068592,125.206841,40.996502,208.577560
8.292532,5.719858,4.215713,22.806988,5.060045,12.424395
7.183922,4.903076,3.204585,43.933575,9.597459,1.525656
21.340990,14.966565,6.972631,12.858247,5.376230,15.278717
15.772339,10.960682,4.346033,30.970659,7.972719,3.287831
20.510569,12.586832,9.862176,45.632317,12.380534,34.803238
20.584806,13.396229,6.070266,23.277887,5.398228,3.518289
12.823344,8.958057,3.800626,13.820130,3.336450,0.689556
13.426162,9.553535,7.468799,17.951557,3.776913,2.467800
10.987063,7.377969,4.038790,7.066948,0.908649,2.529591
40.322857,25.280840,20.186014,50.291309,11.535789,4.630178
9.833834,7.120955,5.225133,10.921159,2.770686,2.896046
18.078142,12.206330,8.810822,15.904041,3.543531,5.273382
15.651861,10.668757,9.683855,17.739023,3.799622,3.480213
9.210718,6.395734,3.312509,9.262562,1.112064,2.400466
9.958101,6.816556,3.838081,46.818642,11.284785,2.027066
19.538219,12.938327,6.240744,21.163223,6.300382,10.497890
30.165462,20.648800,12.478859,57.679329,16.823057,8.620524
27.562391,18.297493,9.263746,22.516678,5.829546,5.749672
18.637396,13.368838,4.706335,15.216833,2.762149,2.485473
12.507772,9.222349,5.108955,15.747590,3.849472,4.770806
19.510458,13.833336,5.506804,12.523727,3.803915,3.189463
9.406475,6.608371,3.100016,11.731426,2.741449,12.053816
25.219326,17.015844,8.350101,18.064671,5.071733,14.002699
20.737135,14.601160,4.963668,23.528231,4.729099,4.230714
30.547607,18.714327,12.680549,30.463095,9.593520,9.642702
18.050943,12.434600,5.577797,7.389231,2.041819,2.727591
7.312326,4.835270,1.834602,8.806189,2.068084,3.864499
26.643599,18.267815,8.627448,18.864727,5.571438,6.141387
6.524452,4.652231,2.570005,11.000805,3.083091,7.626131
11.459037,7.866033,3.186681,17.156347,4.353160,6.793437
13.231060,9.420228,5.528137,9.406856,1.906414,2.361541
37.355099,24.364857,13.645607,37.611893,10.505842,22.539545
30.846794,20.796764,13.057125,37.072414,9.084494,12.340336
11.156782,7.964508,3.453278,15.564700,4.317464,3.507023
19.045767,13.337186,3.697579,20.848431,6.649972,5.435139
6.398859,4.783754,3.947470,14.461762,2.677656,1.461761
7.400083,4.907895,3.426655,12.215219,2.772725,0.541714
5.978080,3.945629,2.770721,14.573986,4.196536,4.445166
26.440145,12.543031,10.934784,68.642891,20.281580,40.035080
16.124306,11.144037,4.204888,30.006144,9.620048,3.655103
25.701782,17.171703,7.526095,37.232002,9.992951,29.921543
10.690537,7.766741,3.534360,6.843651,3.029299,18.710443
24.227341,16.840025,8.301110,32.708069,8.908563,10.958985
17.710115,12.418399,6.472178,29.943260,7.087368,12.425359
30.454336,20.381039,30.905663,107.127678,30.279722,31.086493
27.125616,18.275736,15.157195,64.903252,15.738735,26.613142
26.108686,17.369652,9.531395,48.824444,15.179112,43.420330
13.006397,9.410917,5.350916,17.002609,4.440587,7.621140
19.723927,13.320166,10.917998,72.172798,19.592739,43.564014
34.806698,23.159065,18.656643,67.859764,22.942038,96.246735
7.140274,4.988958,3.811729,8.919095,3.700010,18.667433
9.656575,6.538482,4.800929,9.030188,1.807727,6.671010
17.390257,11.444122,8.890709,28.487001,7.790339,47.974350
6.602748,4.704654,2.642100,14.415794,5.144352,7.512106
15.524282,10.442484,4.366033,24.961718,8.494589,26.676556
62.514626,38.101055,29.433792,79.934860,20.107269,17.619387
20.921415,14.600017,5.528914,29.659668,4.648891,15.533659
25.624308,17.625910,9.253575,54.966393,14.781407,24.229561
11.970680,8.396614,4.395220,14.023498,3.525535,6.066800
12.638470,8.616252,4.116941,15.711747,2.946730,4.109830
11.187985,7.723458,11.734103,11.179290,2.365678,30.596237
16.980270,11.415940,6.622914,16.704893,5.861705,14.262321
5.132855,3.342010,2.233784,7.402259,2.665548,0.431847
23.645456,11.297143,13.598773,72.312927,19.014448,7.093559
49.934238,21.112831,23.191830,91.900200,23.269648,8.498270
45.732922,21.203558,17.061039,53.148289,11.610095,5.454066
8.259924,5.680221,3.858778,21.998516,6.452780,4.368752
30.690876,20.463652,12.251537,93.039253,23.041328,11.650330
11.015986,7.759579,3.739285,10.015739,2.955045,1.599290
11.522773,8.160394,4.513063,8.394500,1.459415,2.496426
37.550282,23.695347,47.926373,201.488342,58.493816,211.817581
9.269921,6.833575,2.638257,19.594309,4.985645,1.388059
4.722458,3.164330,2.504627,8.172060,1.630442,0.737987
30.799088,20.222639,28.378040,105.841309,30.202675,139.192535
10.347942,7.055728,4.481687,14.709818,4.368584,0.049776
13.188523,9.214227,2.773993,20.189795,5.626215,3.600374
27.191271,17.796505,15.191018,91.175591,24.659437,34.369614
13.191181,7.366175,6.523176,40.719475,12.500465,16.964079
40.037796,25.129257,26.136002,115.908760,28.923061,91.171967
8.433096,5.934897,2.258967,28.021122,7.908470,1.256530
32.666168,17.206957,11.179420,24.520603,8.505915,9.862741
51.336693,31.531353,19.452129,49.116776,12.733374,11.457001
28.071259,19.440823,13.794398,50.407150,14.609203,44.395775
17.097593,11.012175,15.203066,49.978123,13.455572,14.694024
9.438358,7.006212,3.784115,12.138998,3.259173,12.235220
71.963470,42.605640,23.505508,49.984589,13.645848,73.711037
8.234663,5.762234,1.895773,6.923362,2.886032,1.790047
10.623415,7.410811,12.502098,42.172096,11.886941,37.754337
11.600150,5.828395,3.914593,14.928622,5.208961,3.250620
11.210885,5.059794,4.174324,27.866896,5.881418,2.356721
26.184273,16.118706,7.959559,15.639765,4.228361,10.105939
13.581874,7.520470,5.826365,24.250462,6.252559,17.566980
17.184443,12.414783,9.438180,56.279980,15.769589,24.816999
14.569470,10.056842,15.255822,52.898064,13.436935,30.214195
10.302257,6.624720,2.471418,10.851750,4.095236,2.126501
25.294504,16.739906,16.172403,73.657135,21.421846,27.417881
18.659492,12.370245,17.677029,54.616440,12.540230,13.742009
27.243807,19.461138,9.373387,39.121861,11.733243,29.890266
17.920757,12.156386,6.620899,5.181859,0.996352,3.975471
22.100012,15.456461,7.598464,25.207075,7.061819,16.462793
17.966604,12.313306,5.662073,25.301020,7.173840,7.042067
27.036652,17.889383,21.752447,97.329193,28.630350,100.077072
17.646292,12.217951,4.128889,15.053591,4.330984,3.494127
17.003815,11.570083,4.542317,21.860500,6.440061,4.309163
8.850390,6.313104,3.787363,7.933187,3.590211,10.312973
6.665592,4.463106,2.535873,33.033649,7.566785,1.060833
39.661312,22.833086,20.527205,74.889999,16.721561,15.726467
10.500522,7.528428,2.424959,15.931837,2.496082,3.668181
4.534881,3.398573,2.818811,10.145732,1.835134,0.960878
14.338086,10.424664,7.098977,23.598509,5.793389,13.770668
19.523844,13.128822,18.078241,165.126328,43.089275,12.336229
10.894951,7.237812,14.597061,40.316875,11.452484,3.977752
8.471918,6.311816,2.912223,14.058341,3.608393,1.086366
8.005356,5.882589,1.548320,15.997507,3.292987,3.863501
20.761423,11.086067,9.651319,23.819504,7.379776,20.103411
50.734215,30.725658,40.179409,145.568344,36.180637,96.048340
12.771852,9.088450,3.868996,14.189075,3.459738,19.031647
48.726006,31.678844,18.396938,19.126017,3.684163,19.384993
22.170248,15.464008,9.374424,35.965672,9.027100,4.993639
5.425371,3.924391,2.185538,26.359150,6.650229,16.119020
33.130253,21.757872,11.247905,29.229237,8.319208,3.819480
9.528775,6.983389,2.679492,17.200401,5.141675,3.053387
15.124650,10.374541,4.714870,54.631149,13.547354,2.684936
10.482510,7.401136,11.758163,29.510626,8.248014,5.715725
8.198928,5.767166,3.623797,15.213546,2.824811,1.119359
24.026308,15.879272,8.848742,18.901428,4.613198,5.687373
23.583733,15.928864,7.159551,27.437384,6.398769,13.819986
32.757473,21.558048,9.680074,33.008297,7.660787,9.030967
4.270200,3.124550,1.538958,25.973951,7.424623,0.286642
35.467232,22.872568,15.814906,67.791283,16.577681,11.718179
13.647598,9.896455,4.177883,21.176138,5.444560,7.357941
39.578629,25.841003,12.549250,39.723980,9.449625,4.981035
4.765473,3.481820,1.980027,13.546725,1.904614,5.502299
5.151329,3.652163,3.166338,17.518858,5.043705,14.926995
18.383062,12.755020,9.802737,42.230541,12.073397,8.642074
30.731758,20.738438,10.751592,44.067150,12.268487,20.320040
28.266088,19.305935,8.095434,27.702036,6.462556,3.623725
4.030252,3.063716,1.237332,9.826331,1.969788,0.699141
28.085115,19.232355,7.039785,23.780478,5.150447,5.600197
14.965791,10.283705,13.714757,60.965618,14.503613,35.846603
15.009562,10.532707,4.385490,9.811317,2.280984,4.241326
10.127311,6.868692,2.314621,31.227276,7.173725,3.632313
9.613549,6.328556,23.008726,59.136848,16.626318,55.077003
8.438074,6.336580,3.266920,12.932636,4.421312,7.952856
34.615398,21.432875,25.031990,87.482613,23.043533,106.160858
36.791992,23.295252,13.116181,24.899286,4.902555,8.720016
15.228739,9.937906,19.625412,93.204933,24.001114,11.324083
12.774468,9.002751,4.361734,16.544397,4.251188,5.585652
31.219891,21.035360,13.522470,34.834522,8.105049,10.548936
31.913866,20.837988,10.008411,47.074074,11.856165,32.072495
53.549194,27.332102,25.787704,106.165199,27.140884,69.282227
14.415572,10.259400,8.139262,25.532862,6.355413,10.790314
21.246853,13.769747,13.347869,50.692238,14.410024,61.904083
20.797886,14.388972,8.869809,39.966820,10.719842,7.310088
7.471409,5.480479,3.971482,28.066563,7.688305,1.298314
22.434471,15.059241,5.784590,18.526407,5.092899,4.867280
28.980688,19.288393,6.777822,49.483772,10.615921,8.960055
16.604834,11.598894,5.464283,13.466301,3.130739,3.390898
19.029816,13.410469,9.462370,22.574984,6.902100,10.071218
13.348048,9.181274,4.091969,26.970736,5.206566,8.665175
12.306786,8.778095,7.171021,29.593460,9.302404,5.271128
4.887109,3.660014,3.088758,7.949785,2.897248,1.220824
16.000519,11.664495,3.753150,9.642376,2.825604,6.145197
33.118156,22.315510,11.901459,35.339588,10.923905,48.757832
14.394118,9.738550,4.562799,34.812340,8.819088,2.647026
15.121245,10.563737,5.495179,28.978556,7.301053,2.600514
14.686379,10.381593,5.802167,11.970886,3.669308,11.550157
5.795458,4.013824,2.804693,12.202564,2.732784,14.233579
55.071587,32.400600,26.291277,85.083710,25.996151,121.874443
14.714823,10.291495,8.387303,48.817463,11.177176,11.484126
32.871845,21.985764,9.467428,28.956753,7.106533,7.376470
16.235888,10.774817,33.949646,71.183426,14.563782,34.821037
8.681555,6.091835,3.876951,10.140099,3.466161,14.233599
19.498014,13.441038,12.622380,40.990681,11.947691,15.464145
22.091196,15.147722,6.950979,69.899132,21.425354,16.569958
8.086792,5.478261,8.084447,24.244404,5.561958,4.219979
19.989483,13.928596,4.938316,49.416786,12.276560,4.599746
22.895483,11.401756,8.355771,26.530672,6.762380,6.922112
22.767719,11.569472,8.895839,34.186974,7.213919,5.486115
14.381708,7.085563,9.296162,23.835592,7.199750,12.022176
15.774343,9.809200,6.300628,22.499949,5.751099,5.466119
24.220200,16.152964,9.954713,41.519611,13.000005,47.761055
17.234762,12.011572,4.644722,34.213219,11.127818,3.887334
12.634912,8.998957,4.393128,20.176243,5.920912,6.025901
4.520636,3.248278,2.384082,11.212097,1.870361,2.554266
35.295841,23.857565,12.770621,31.741358,7.663872,9.553532
20.581079,14.514205,10.162639,42.233498,10.188331,37.992001
16.798765,11.759498,6.250136,40.687695,10.227973,5.317611
36.596676,23.577980,17.193636,74.063416,19.619347,37.245087
24.650562,16.850418,8.144289,21.155626,5.136589,19.276276
48.438839,25.993694,50.705154,225.821579,57.951385,42.013325
28.863674,19.799963,9.348243,28.196024,8.545158,37.437695
31.443872,21.418364,13.039230,33.163185,7.390306,8.521967
31.151739,20.878716,10.405969,29.527897,7.309773,20.953108
21.962336,14.928839,5.444542,20.373810,4.826298,1.472705
19.000914,13.742029,5.077243,85.095123,20.980160,5.901186
27.038717,17.912485,11.694345,30.303616,7.919227,7.097357
18.970530,12.946295,5.942298,19.384510,4.931147,3.496093
24.948114,16.790258,8.748082,26.440750,6.420787,7.181856
6.793327,4.641871,2.989735,21.908031,4.699483,1.932522
20.683908,14.418492,6.004038,19.209614,4.321537,5.322267
6.414426,4.770153,2.581635,12.046939,3.805698,4.540637
29.943563,20.394028,9.612862,37.462723,10.773618,42.137794
18.269594,12.170151,10.656661,42.767963,9.773892,11.944183
13.676370,9.311783,5.816526,22.510210,6.636657,30.563177
14.267274,10.003095,4.943523,18.170818,4.134555,15.626982
21.096189,13.952586,7.461664,16.212887,4.561409,16.233492
8.515955,5.966275,4.488771,46.789577,12.946476,2.095755
37.090851,24.385754,9.767894,51.842239,13.159458,21.915249
8.060488,5.580004,3.748357,12.528176,3.045750,2.683335
22.070753,15.045375,9.977699,76.997688,21.964079,23.076769
17.356541,12.582475,6.973290,15.046683,2.975986,2.209592
14.410248,9.567843,4.760138,50.617550,13.061154,6.667062
18.977156,13.068402,12.782402,38.734371,11.160888,55.986050
14.214345,10.385896,4.858798,25.816818,6.479668,1.683208
29.258692,18.675058,13.127024,54.454098,14.115786,64.945038
13.285361,9.698857,4.806584,30.445511,5.957987,3.388292
31.164211,20.834642,14.203631,45.483040,13.517719,67.885818
31.907253,20.522488,17.260620,51.903522,12.684038,41.705128
39.259113,25.922836,43.144745,95.131874,27.011536,35.252956
10.688715,7.768703,4.487358,20.814249,4.716287,10.220695
47.143532,27.540291,26.866177,84.491989,24.865110,30.119928
15.480434,9.736789,12.001287,40.628117,10.507833,6.131181
11.232710,7.463608,4.061166,19.791283,5.960088,4.303855
27.577154,19.119143,25.912247,41.298409,11.066378,4.664957
10.218472,7.397760,3.413584,10.091530,3.656374,16.322123
34.659512,22.854973,11.125673,22.118521,7.643725,45.344498
13.906314,10.129174,5.258420,11.608627,2.797825,16.815775
19.052395,13.413005,8.762160,21.714731,6.141049,5.772293
12.172891,8.407930,12.887184,37.973854,9.903135,10.112465
20.303396,14.333654,14.202438,115.582520,33.981930,30.858669
6.999638,4.885600,1.650075,17.390940,4.890903,6.875155
11.962766,8.355422,5.242892,37.012543,10.540122,3.040082
16.938213,10.972423,9.979453,63.272617,20.560736,23.517963
29.180418,19.066856,17.727472,91.997551,25.546547,108.483047
8.752204,6.312263,3.588649,42.357201,12.482203,2.504807
15.401944,10.468235,6.279296,34.944756,7.727360,2.862228
10.213953,7.052585,3.762528,41.888466,11.163656,10.371511
36.574268,22.729271,15.806060,67.510162,18.021658,63.672207
18.533503,12.674417,4.758848,21.660685,6.524308,6.156502
8.956526,6.725909,3.068299,13.943680,3.552182,8.750235
35.804386,17.387199,10.613245,39.063038,9.168260,18.107910
12.364206,8.924688,4.921415,5.065718,1.435774,1.396400
11.645586,7.802664,22.608166,76.809196,18.874876,20.028744
24.968285,16.653704,11.404292,41.649277,8.295286,10.036935
25.198471,17.274925,10.135479,28.703907,7.897733,14.608172
12.671743,9.054045,3.383754,18.201584,5.493809,3.453553
8.483319,5.881560,5.289771,25.967037,6.822114,11.745029
50.239346,25.836432,31.029198,102.437889,27.117090,117.407593
7.668017,5.587183,2.764532,28.302811,7.343059,4.011825
20.923944,14.305542,4.751372,54.814796,14.179911,8.709713
18.754456,13.376032,6.946317,22.553230,3.875258,12.227301
48.597862,30.004599,13.984633,62.811329,16.125286,10.842844
16.934008,11.479586,4.022164,50.998371,13.643317,25.071503
17.716408,11.952347,7.603953,20.636669,4.826448,6.682489
19.287882,13.877505,4.652427,15.849536,5.550910,4.559278
8.752050,5.965162,2.286551,5.332451,0.222394,2.039224
20.347456,14.292779,9.300096,48.304176,10.477305,8.191602
29.600142,18.831806,23.427500,91.406982,25.294458,83.001633
11.618065,8.595352,2.592730,15.504169,3.954396,1.381899
8.170123,5.671321,2.346565,21.787285,5.513793,6.197211
12.107974,8.402701,2.790315,15.484103,3.916310,2.584787
8.739867,5.992888,4.483123,8.861070,3.072003,17.732737
43.046711,27.449560,22.370764,101.494835,25.468103,167.696503
61.837292,33.208687,39.852394,166.291046,51.781116,203.124084
4.745587,3.454333,3.585651,23.051764,6.005646,1.985758
21.769711,15.041989,8.162678,26.855509,7.044108,3.884959
97.081673,48.462643,44.715668,118.400673,34.506168,176.323151
10.023437,7.286852,6.345097,17.560633,3.379191,18.838812
31.316284,21.283546,13.249630,49.105900,12.618303,7.344841
4.073025,3.075773,2.748849,6.359039,1.020002,2.109722
43.745518,20.697094,15.640802,52.629379,15.739281,55.096615
19.592543,13.298210,10.481654,32.998329,7.103283,28.337799
27.970913,18.062286,16.561710,103.146355,25.244265,10.268357
11.531943,8.349997,3.511660,10.896421,2.008200,2.078734
52.677998,25.116407,16.856113,60.855160,14.810322,45.188057
7.111947,4.948274,2.897238,8.775970,1.956513,8.510758
23.120359,15.999660,10.850273,43.026699,12.596201,30.322573
6.591605,4.544859,2.279762,6.692455,1.974165,1.781528
15.488146,11.011898,4.890679,15.575440,4.546584,3.946823
18.976389,12.968156,13.263335,75.293060,16.834896,8.101890
9.395191,6.771076,4.702840,18.873299,4.922043,3.321607
7.748311,5.455980,4.857213,55.300064,13.518417,2.779560
15.752608,10.962184,12.118508,35.932991,9.804222,25.375128
12.534436,8.678852,7.725797,20.962254,4.123517,4.887054
8.596414,6.338681,2.492235,20.487888,4.932355,1.235271
47.897221,29.774008,26.293732,53.411564,13.697028,33.294300
8.967864,6.787885,3.297847,27.853582,8.597471,2.783531
7.469490,4.954170,3.314019,1.639438,0.212684,0.430184
13.181240,9.264405,10.415314,17.980799,4.793101,6.657670
38.285553,25.876051,16.620745,36.777557,11.003389,35.307655
15.891874,11.440955,10.453403,37.272724,9.921086,48.888859
14.796469,10.541472,8.809535,13.077076,3.297476,5.980823
12.287107,8.249495,4.148387,17.088629,3.734079,4.597024
35.885368,23.747408,10.026966,35.356209,6.935364,20.148069
25.429508,16.946384,12.557228,55.923759,14.742215,7.912967
45.505775,23.784550,14.523370,60.246178,17.207638,18.671473
38.420189,21.643631,13.882958,62.732578,16.611664,13.754219
37.360596,22.693867,16.220507,121.617325,31.304724,11.706629
16.666868,11.940113,7.199356,17.017324,4.792609,18.611706
6.426175,4.494117,3.178789,3.609743,0.508314,1.929769
53.566528,30.405581,24.279007,31.624126,8.313741,39.897392
35.035564,21.444288,26.652569,73.196533,19.747187,120.673592
7.357045,5.305080,2.610059,12.849153,2.428288,2.671905
18.111370,11.705259,22.241344,57.875645,16.798697,60.653297
19.321001,13.535057,9.097761,19.079290,4.820987,4.483651
30.094170,19.950907,8.746402,34.983253,8.220499,3.735684
25.170851,16.866016,8.328775,21.264191,7.234494,13.089222
31.131273,21.176756,5.767016,23.225647,5.974015,2.125355
5.248891,4.075942,1.235246,16.421721,5.327982,14.168628
15.821058,11.091568,6.928093,19.436871,5.049876,3.996983
10.697746,7.695954,4.187063,23.104752,5.945477,2.545056
14.536315,10.581680,3.987732,12.193312,2.485915,5.118993
4.080451,3.134637,1.434842,8.519418,3.001587,4.777804
46.538273,30.835218,9.204291,40.989494,10.481119,8.907184
13.421238,9.018620,13.930904,46.723297,14.058196,43.653862
35.707970,22.270048,12.128423,15.690684,4.899993,18.205828
26.808352,12.516532,12.614623,54.091053,14.669648,23.104906
26.761297,11.647840,15.104567,66.223427,15.902683,25.298056
58.505001,36.651997,19.559984,74.694061,18.709879,38.829830
6.817280,4.879372,9.936964,30.617117,7.298860,4.053809
18.168766,12.099267,10.231764,37.540638,10.155838,4.588470
11.680518,8.162951,5.736995,32.978081,9.581961,3.264677
22.616076,14.890661,10.111737,27.053062,7.125211,8.121469
10.558023,7.130167,4.108723,16.711300,3.854778,9.613416
38.538723,24.150076,25.030457,61.776699,15.274702,69.998589
39.491535,26.468472,18.054085,36.527771,10.777739,47.239326
24.675150,15.901789,11.189476,63.451603,16.242470,15.011090
21.330801,14.058044,9.654202,72.931198,18.245115,21.244781
9.674902,6.648298,3.166455,13.200224,2.938370,1.401172
8.813056,6.310693,3.756260,20.611795,4.479535,1.405995
36.054657,23.612530,15.042195,41.244812,9.591965,56.057911
25.639574,17.694855,11.600098,34.553211,9.017007,15.543758
7.871803,5.858374,2.577745,39.733170,10.311632,7.185575
6.788685,4.940001,3.071181,7.460870,3.355011,0.948733
14.695821,10.076833,3.359990,21.553572,5.477353,33.889362
24.714703,16.654877,11.011520,19.196144,5.260926,15.915947
17.604763,12.343800,3.862397,62.541470,17.687380,5.667235
11.115498,7.972198,4.441984,7.607540,2.582545,22.702143
14.322124,10.065784,14.708738,87.606377,24.056681,90.106544
25.548054,17.326469,14.230706,78.249390,22.582485,5.653456
15.327100,10.022186,6.048637,38.354092,10.370641,2.963415
30.364536,20.021263,19.670128,35.902775,9.414930,14.165195
8.253328,5.869986,2.117828,11.880868,4.606549,18.626299
15.106995,10.410912,9.154828,29.842529,8.131490,32.233372
15.183842,10.021309,10.013319,57.089737,17.468557,80.930260
9.928117,7.156417,2.668021,32.941986,7.870401,1.948446
34.921375,23.600658,11.620864,38.687683,11.802423,41.624149
20.404385,13.764898,13.486250,24.407028,5.821932,12.762301
18.316860,12.075925,5.887164,41.231155,10.668330,18.411663
17.863602,12.295279,7.879193,20.669468,5.477932,8.471914
7.445392,5.136951,2.212152,10.138969,3.417282,11.161657
6.670907,4.798822,2.543535,9.540621,2.074333,1.502143
16.510767,11.724683,6.283135,23.594969,6.405420,6.106671
7.311442,5.302317,1.653902,8.783420,2.474998,2.393811
29.670401,19.290981,23.314169,91.151215,26.099869,62.125744
48.150696,29.769289,18.501146,39.975647,10.146699,27.116245
21.440102,14.506547,7.195665,17.393744,6.073778,5.194842
15.845205,11.180488,4.396023,3.779436,1.134746,2.375089
29.274492,20.182146,8.954373,35.783333,8.612172,3.844457
17.066422,12.244405,11.236600,29.748926,8.608847,6.011838
32.570927,21.855066,9.219505,32.820606,7.879020,3.652266
26.501007,17.805973,6.149741,29.481922,7.236113,4.453114
12.738227,8.828989,4.713120,6.199530,1.446185,5.018145
13.104018,9.191857,4.087138,48.118160,14.054042,2.425158
39.807693,24.403326,43.232571,104.747528,26.911152,49.179489
7.900770,5.489267,5.491586,13.311307,4.141848,2.173911
17.025457,12.106252,6.407323,12.304450,3.425564,13.608761
14.505999,10.128136,12.977548,22.842148,6.273262,9.247231
19.392921,9.130294,10.047199,35.786625,8.731302,10.344029
12.027726,8.250455,10.408751,21.055637,5.511697,5.653557
7.281122,5.049162,3.796147,9.393981,3.477427,2.756199
37.899429,24.559832,12.598676,48.074440,13.059937,8.365357
15.924087,11.179391,10.971634,67.867020,15.525929,8.700762
11.901729,8.350533,4.790688,12.199086,2.719657,2.704549
9.637767,6.844764,4.148134,8.642203,2.158921,2.803171
10.160163,7.064287,1.639805,9.677925,3.195869,18.598032
23.279057,15.623199,6.885241,28.121080,10.377165,24.308098
21.753687,14.771470,7.230295,50.389526,11.891383,1.980095
6.715528,4.872206,3.042206,13.444272,3.840927,5.647923
8.324645,6.212638,2.013283,22.163126,5.507382,7.347252
24.833052,17.391642,8.074754,30.186459,6.267376,8.395623
4.874690,3.294173,2.814944,14.094571,3.277676,9.826680
9.452948,7.015165,6.262485,19.608831,5.454048,2.759881
16.036743,10.875523,7.460855,51.558342,13.649821,3.891334
31.992983,21.207232,15.936723,89.171242,23.868105,22.777622
18.438635,12.478225,8.220459,23.547920,5.881353,4.689900
47.457211,28.433971,26.858004,113.293488,28.223488,14.745516
16.089399,8.160684,13.816566,53.135563,15.354487,17.152077
8.129112,5.661552,3.748759,11.848141,3.190089,1.363189
7.703989,5.581653,11.841716,101.068130,25.823963,4.410018
21.209866,14.815123,6.926043,17.801762,5.434129,7.680618
24.889444,16.836109,10.560353,30.130186,9.640880,4.600204
49.375095,29.405210,22.363348,73.396675,20.956064,38.742550
10.597810,7.531322,4.101954,12.924655,3.075497,13.008572
14.372437,9.972517,3.580094,24.648113,5.851224,2.761398
21.102640,13.867386,6.093073,19.118876,5.123046,2.139611
31.009462,20.460604,9.545613,52.994511,13.221220,27.014656
25.015030,16.983692,8.561321,50.501785,14.463988,19.624296
6.559465,4.360844,1.672269,13.500622,3.432779,1.580061
14.449956,9.652272,4.586313,17.781725,4.601570,2.333837
17.533154,11.884215,5.571850,28.031298,7.103858,2.590433
30.069714,19.493841,15.109388,49.694401,10.568310,8.098742
29.788506,13.531052,12.648596,56.280247,15.976568,51.867023
18.188328,12.591725,2.915136,20.180157,4.246756,5.226072
22.747484,15.306211,8.437148,25.822762,6.555507,27.016094
31.725285,21.087166,30.726721,62.754616,17.852507,114.451500
11.669383,7.735021,3.854910,41.003185,8.867725,4.485734
12.460300,8.711540,6.640970,16.642012,3.787226,7.450241
12.821179,5.380981,4.189762,13.594243,3.792537,4.410091
26.318829,17.273157,8.871960,38.393997,10.271564,10.213976
20.119360,13.636393,10.617704,28.047634,8.102717,9.668793
23.715630,16.216146,8.163958,26.170612,3.944547,6.558398
39.773731,16.964529,13.627881,46.749973,11.819114,14.933971
10.217696,7.049226,3.915884,7.435568,1.242906,4.369940
22.129934,15.441917,7.753435,25.253366,6.999061,5.778388
46.331787,27.652077,30.033791,62.868847,18.576981,75.416832
25.974323,17.770781,4.927722,33.415520,9.626763,46.180813
17.298891,12.260520,5.887110,26.023729,6.648594,7.592304
8.510101,5.591794,3.626897,18.018171,4.877444,15.954491
22.272333,14.997625,16.797678,45.799652,13.968882,27.608414
5.309950,4.175898,2.125061,20.402510,5.817786,5.639585
11.650602,7.959896,7.066624,15.783893,2.974493,2.237064
24.640228,16.229816,11.704234,54.251286,14.537659,44.729271
52.985374,33.961922,20.160707,50.239822,14.613810,71.227257
30.995090,20.724377,11.355247,27.418234,7.038770,7.233788
35.477242,23.423227,12.163933,22.018311,5.669901,21.036819
5.795011,4.147877,4.103211,11.785480,3.237766,3.976423
9.765108,6.593518,4.481336,26.751364,5.041664,2.193937
6.939337,4.655339,2.245088,8.492519,2.004542,0.994253
31.619028,17.702215,18.274029,39.211018,8.987367,11.498747
8.179431,5.838887,3.173495,32.656841,7.883721,1.191361
6.425321,4.698416,2.869495,12.482817,1.584218,2.093677
20.745237,13.882951,7.743148,49.135571,12.714093,4.879217
8.288040,5.822326,3.658262,9.915306,2.461298,8.269965
13.817711,9.466829,4.893533,22.845894,6.212582,19.389053
47.936405,23.007362,39.688221,130.835739,36.981712,101.716522
51.394054,33.756104,28.245157,80.737732,20.872252,143.650009
28.871428,19.694857,9.105980,34.517517,10.463753,10.563938
16.413288,11.879966,5.497804,48.790871,14.493500,3.177041
15.337394,10.223242,5.443773,25.899813,6.925752,21.246601
21.631615,14.866151,6.141120,24.109724,6.315129,4.875696
36.942780,17.369862,26.427980,115.424850,34.332527,140.637314
16.809662,11.654828,9.113505,25.453926,6.415294,1.271142
18.745762,12.913632,8.252039,24.830978,6.585282,7.212500
33.909641,22.862696,25.378008,184.261047,51.797878,21.582367
17.269995,11.610003,3.952790,31.205189,6.881767,7.968469
45.397987,28.935118,17.598907,49.164871,12.906276,37.958920
61.385727,33.338467,22.328545,115.508423,29.632750,36.803070
19.588230,13.213453,7.637324,15.777256,3.034994,1.547847
43.265030,22.938656,16.924559,41.130699,11.804965,39.081158
32.645794,21.529133,13.610766,45.210926,11.261653,6.096787
15.680442,10.978630,5.924119,23.636009,5.365528,8.946510
7.238840,5.030438,3.086100,7.415878,1.983196,2.607762
27.248354,18.455351,13.625921,31.137348,8.108059,26.300461
17.568594,12.499634,6.208521,9.278708,1.572714,2.445390
52.437515,30.508841,18.006083,71.033318,17.684145,48.478642
26.592308,15.182442,7.759861,27.961399,7.013078,31.244455
62.932350,24.396683,19.572289,78.666100,22.794352,21.795916
37.253326,17.977655,10.803988,48.472107,10.650705,19.985428
23.658287,16.078064,10.291099,15.636386,4.148021,6.864455
17.390005,12.236649,15.477345,65.132362,16.458935,7.175393
20.930363,13.337324,12.901889,43.286934,11.383093,26.649260
25.466269,15.601397,10.672452,70.943726,17.270157,14.049156
10.185566,4.752660,3.771150,25.089291,4.611325,4.061462
13.590137,9.294985,4.716661,20.786722,6.691214,14.236244
13.158573,9.060655,10.630790,46.405750,10.663274,12.581050
21.977337,15.098454,5.608223,30.363703,6.365613,4.287979
21.426748,14.288240,6.315290,20.633373,5.537972,3.905777
11.304373,6.670792,2.452473,13.784208,3.883245,3.854131
12.524219,7.952742,5.588894,41.689152,13.201659,3.111927
6.752938,4.837368,2.315250,9.513108,3.608650,1.066414
61.142784,35.847687,18.840403,59.034313,13.397365,31.253845
16.744352,11.446535,4.466810,19.540373,4.040506,3.585867
10.824739,7.282846,3.187442,27.888674,7.565124,3.262073
27.710526,18.955807,9.871014,29.744797,7.630829,16.510279
13.529354,9.313633,5.882902,13.988855,3.761522,5.234639
35.468544,23.528511,11.440141,44.725220,9.775560,6.060925
12.081901,8.232339,2.248930,10.835017,3.504005,0.543163
19.506964,13.685724,5.672143,22.501390,5.675614,2.162520
20.851435,14.066345,8.118872,16.785234,4.519015,15.778113
29.324759,20.014925,6.869408,37.434261,9.760178,6.581364
6.349738,4.465997,2.695358,8.650287,2.057288,13.115277
57.756004,29.342175,39.842518,83.530212,24.739464,122.603622
33.691757,19.332840,20.636507,68.432716,16.098608,44.379692
15.529604,10.769310,4.309099,14.989537,2.547009,6.748554
16.041409,11.452873,8.612374,32.728851,10.200003,33.366665
6.210628,4.391737,2.956978,6.408453,1.336472,2.237791
23.333397,15.863638,6.642740,14.523206,2.490214,2.114400
12.249272,8.385877,13.107887,25.845522,6.339438,9.335299
9.939492,7.004735,2.530271,14.475338,4.739844,23.736061
19.926264,14.093876,10.025535,33.822861,7.739633,4.619588
29.605362,20.071095,5.760271,84.001366,21.039196,11.533423
10.947097,7.664474,3.053341,30.035593,6.265796,3.041169
26.085608,17.608822,12.370284,93.265373,23.971603,19.514254
16.418901,11.100580,8.318642,23.552519,6.594820,28.054382
11.762347,8.695153,4.049894,9.862774,1.695646,2.350109
19.014776,13.069744,5.224643,26.689114,7.934129,3.866120
31.303074,20.748577,10.634240,40.141823,10.430634,90.531601
11.787954,8.223084,4.019454,22.769150,5.373968,3.328676
18.589359,12.583395,14.811491,39.207073,12.409038,28.767717
19.431032,13.322451,4.981666,25.125940,7.175694,8.870543
9.714054,6.707959,4.282824,14.360825,3.889939,0.900882
37.465992,25.596832,11.525745,28.267586,7.912295,52.976246
13.769914,9.616445,3.523746,14.085733,2.913192,3.125896
17.201586,11.945678,4.948038,11.556221,2.206794,3.810335
15.656866,11.391559,5.322345,26.903923,4.272964,3.989870
28.282255,19.655052,5.547769,41.270161,9.355916,5.400292
10.927771,7.660892,3.116826,11.412000,2.889092,1.321651
25.657892,14.013399,8.835529,29.185326,8.297503,32.078186
29.022697,17.964521,32.223732,117.866074,31.545975,59.224464
12.522226,5.768348,9.225769,48.784969,9.115992,9.543487
18.368660,12.188026,29.996202,76.097961,21.345114,48.287750
11.009422,7.326763,3.764058,21.370880,5.212183,11.584767
34.146557,23.350994,9.951120,32.782051,9.246268,8.161862
32.721355,22.801607,9.895427,24.112860,4.668691,4.710583
24.324135,16.129778,23.718796,82.141441,22.370897,99.556061
9.027373,4.822602,2.674544,11.985755,2.576219,5.578360
23.191814,16.143497,9.322083,26.088579,6.643985,7.735440
9.960706,6.682570,9.327369,21.640125,5.413888,10.951416
16.041380,11.161481,6.211318,11.022719,3.466586,2.738707
63.039528,33.178421,76.507935,198.993484,56.941257,140.005188
9.168999,5.988458,3.024398,27.878344,8.610993,1.584302
26.752966,18.086021,14.837890,51.693356,13.409150,9.476106
19.324821,13.213795,8.147413,34.529957,11.818852,7.261233
26.579388,17.511326,11.442306,34.505863,8.907740,6.122953
10.213504,7.308557,2.348869,11.186651,2.593176,10.297405
17.428640,11.502768,5.074987,24.189085,6.753558,2.604640
22.619078,15.021408,6.414254,22.139978,5.724723,10.459734
9.940045,6.827718,3.287223,13.690089,2.715546,16.582623
29.296165,19.946043,7.701180,25.250345,6.903133,12.412568
7.007362,5.034809,1.222354,22.408300,8.737720,11.723001
27.599884,18.885687,6.553279,34.731819,8.920071,3.091441
20.720015,13.633600,7.991035,63.588493,16.210529,12.193194
6.393253,4.606807,1.292627,15.668740,2.788582,2.345683
24.992126,16.325760,20.616920,44.116425,13.497907,46.178146
34.129818,22.497824,14.668569,44.731045,11.212648,39.945812
5.275206,3.668588,1.675000,13.411886,2.421361,4.826774
25.053358,17.001722,8.153043,47.606602,13.501017,9.516791
47.187099,30.179710,25.568966,83.914978,23.504030,41.207687
27.848915,18.828838,9.901697,20.463284,5.314709,17.040638
10.778871,7.669582,5.437097,18.689009,5.950928,32.587158
15.957691,11.376957,7.288643,21.766350,4.343071,7.966173
19.629498,13.061926,7.286837,24.572010,5.718497,4.120729
9.177407,6.234543,3.068404,10.816757,1.586084,0.899172
22.391342,15.110184,8.167968,38.105022,9.142581,7.423919
8.010305,5.544032,4.718682,35.150139,9.374783,3.656265
9.536426,6.447081,3.985383,9.519948,2.016582,2.875504
8.366782,6.079727,3.999374,17.074196,3.561158,2.911529
13.856457,9.862837,5.203036,16.520937,5.477827,2.751277
36.410362,23.766663,17.812708,44.544289,12.100391,11.187875
45.018898,28.638338,13.743285,57.548981,13.954548,8.808038
23.730865,15.917588,11.189169,29.205248,9.259644,33.363518
41.847996,26.981497,12.895545,40.427509,11.142147,25.409237
24.307789,16.949871,6.449061,35.963104,11.424539,3.780454
13.034830,8.817897,4.119603,24.429480,5.027195,13.319159
29.193695,19.575949,6.858469,20.118919,5.094236,8.844025
7.617427,5.452310,3.253417,13.132903,2.529590,4.498537
26.652430,17.821955,21.757711,56.381901,17.544310,54.109859
6.523085,4.643215,10.841984,32.156864,8.005284,4.638103
26.108500,17.552374,8.721939,30.538677,7.440130,4.298982
58.606171,17.581184,20.381268,116.226074,29.906509,43.154842
35.832485,15.468714,16.584082,56.472828,14.909373,24.365093
17.651178,11.563011,12.960579,30.752764,7.625095,12.587056
25.567621,12.043614,7.614536,30.353680,9.782080,7.871291
13.120070,9.270729,5.052983,12.781448,2.867937,2.556889
24.154938,8.987648,6.463760,23.077543,7.946912,12.032542
29.680105,17.790070,8.604201,46.699741,10.874075,15.235460
25.546162,16.902279,24.823660,59.785763,16.456474,140.074265
19.382061,12.932818,11.030185,43.197563,11.353654,10.993150
11.934276,8.305925,4.018527,22.588560,6.344365,2.665377
12.618148,8.470570,5.361305,20.959484,5.474228,3.270358
15.400212,10.656139,5.779266,32.193352,8.156791,4.418958
18.195412,12.996478,10.183950,14.041306,3.370645,5.504347
9.604665,6.693846,2.770907,6.433189,3.538730,2.850416
6.854220,4.839931,4.785824,12.369277,3.963833,6.660144
54.861652,31.557434,21.332132,77.451485,19.671722,39.393143
18.540180,8.023565,15.010030,58.536285,11.920814,25.635855
24.736431,16.799084,9.449963,29.704258,6.970559,16.875662
30.709557,20.557058,9.833363,38.769917,8.988035,4.992089
21.470568,14.954103,6.623546,19.602100,5.656073,7.875172
14.441238,9.760159,4.528166,37.315792,9.638386,15.940205
20.395700,14.090512,12.006209,82.547241,24.169950,14.779904
17.729254,11.579580,4.143130,23.921570,7.455889,7.781086
26.135384,16.687653,7.967370,33.763748,9.420321,10.186028
17.832510,11.928836,5.965367,29.745693,7.493733,5.637268
25.241503,16.438925,16.075808,102.285889,25.369370,20.560167
14.220589,9.975951,4.495601,27.820358,7.985742,29.087025
16.223511,10.929772,11.214390,46.036728,10.743747,45.236374
59.237953,34.884773,25.762697,98.287933,27.803455,25.366261
41.435215,18.799637,32.342251,139.191101,32.299839,22.238485
13.815899,9.699530,5.621264,14.765145,4.290761,18.136862
76.181618,37.852970,152.686203,461.708618,146.698990,510.987030
31.862051,19.520615,17.733152,51.689545,12.733739,27.676601
8.017263,5.701577,1.496545,11.640286,2.386906,1.196640
16.830910,11.851253,11.336439,56.689274,14.792690,9.446716
14.820153,10.130531,5.527728,14.584308,3.690707,5.024275
39.545776,24.721529,19.248930,59.549721,16.688137,29.009495
13.741622,9.202158,3.942337,38.270416,9.678229,1.786700
14.035490,9.744726,4.622363,10.776989,3.378077,2.744581
26.063753,17.288425,11.197134,91.306244,20.939293,11.167154
22.338942,15.378629,26.320150,98.381516,27.363451,83.599350
11.300495,7.876108,2.988207,21.301485,5.747702,4.889497
20.367420,13.955264,7.424578,26.148075,8.141144,19.944286
13.704189,8.993549,3.636725,9.027304,2.486215,11.814057
19.788511,13.412322,6.704226,21.981552,5.001244,4.040653
11.418535,8.193619,12.232104,17.555580,4.825525,9.761674
26.899632,17.979265,6.379866,35.365482,10.718391,28.799629
29.467962,19.679108,8.664711,48.875111,10.891496,4.178657
22.522785,15.309877,6.456109,27.555067,6.433470,4.323401
35.202641,22.807560,12.063313,31.225452,7.242204,10.414636
35.152664,23.473127,15.135724,57.991146,13.869436,8.283463
51.788448,34.483303,14.325107,44.047836,11.977629,49.268684
16.989733,11.645204,5.095157,17.048138,4.532103,3.206022
11.895856,8.009261,4.572551,11.856368,2.544731,3.727205
30.344845,20.173759,10.953866,49.091843,13.636248,11.810153
12.464063,8.377939,5.869301,45.437298,10.078490,3.822385
14.811006,10.131680,6.399949,19.428314,3.315801,3.907326
18.670713,12.623115,7.726809,24.330099,5.109660,4.150079
16.984312,11.172561,12.639423,39.768307,9.344984,4.694468
12.900843,9.188989,4.284392,7.884703,2.361059,18.866932
35.679989,23.658821,10.173649,42.766968,10.509321,15.720178
22.711945,15.496463,7.735699,34.692715,10.853692,32.490089
16.415054,11.289321,4.433960,26.400042,6.038476,3.802956
11.752050,8.098143,4.826299,16.536425,4.546582,30.153200
39.354061,25.526489,15.784657,46.694275,10.398186,5.743455
9.030510,6.518007,3.921566,13.059155,3.271811,1.775817
18.770584,13.163884,7.601566,31.943825,8.682985,4.196313
19.486176,9.459817,8.052454,30.709894,5.966370,3.968311
18.638683,9.501531,8.088040,30.264044,6.467412,3.464011
14.453382,9.693341,5.188475,14.573019,4.029933,3.493202
23.927975,15.674489,9.123266,28.285791,6.994288,24.179771
30.782528,20.312305,14.905165,37.730606,9.589363,7.359169
58.888767,34.832718,28.782362,123.651779,29.962982,22.356205
4.970506,3.488188,3.276756,26.160271,7.375356,1.218937
28.211687,16.218321,10.254363,27.944279,8.466859,10.880567
24.657503,16.384560,9.415912,30.846292,5.686578,2.725274
13.151251,8.924611,4.204576,31.023308,8.356904,3.716645
30.001549,20.204157,7.561385,13.833177,3.395685,3.832829
22.138166,14.630895,17.886065,54.341782,15.036730,18.055906
26.310749,17.245293,13.992805,132.530396,33.690323,76.268471
5.414341,4.139465,2.416676,6.091409,1.896083,1.427284
25.487543,16.311182,25.193483,86.541962,20.920086,24.908833
17.815237,12.034296,5.191470,9.657000,1.844878,3.465475
4.783732,3.178598,1.328255,10.937677,1.996532,1.882329
12.974916,9.010216,16.731840,55.591084,12.829310,10.848518
38.951691,18.931772,16.646334,52.278877,17.814602,66.591370
42.649670,23.961702,29.941978,91.440010,23.761398,48.025551
26.654089,18.620218,11.783143,35.012291,10.486001,7.137223
20.772669,13.910581,5.724133,27.189426,5.530647,5.176495
31.171618,20.987364,22.583017,54.460579,14.590295,25.684290
6.563983,4.940858,1.619782,15.480672,4.268753,5.193637
30.781973,19.950426,14.411544,47.281578,13.771022,10.358264
9.007629,6.429254,5.464111,34.774162,8.061453,2.890772
16.220301,10.928885,3.790580,40.036228,12.209088,27.300930
11.862042,8.083817,4.135739,14.369384,3.026238,7.529681
25.542170,17.197239,7.318010,25.145323,6.630867,26.208261
11.681073,8.317601,3.889884,14.617477,4.828614,1.994810
5.884242,3.842061,2.361428,11.484020,2.868855,5.549711
16.384363,11.623806,5.713295,15.355764,4.777690,25.514099
13.101877,8.999863,8.985774,34.879910,8.818171,7.164712
16.828648,11.903318,10.755220,29.113836,6.891592,11.616124
21.181356,14.251815,6.817851,24.700771,5.081017,14.726149
13.665788,9.192146,13.856685,53.885918,15.626129,15.524783
9.153858,6.505781,3.508372,15.649667,3.864214,7.825719
26.386051,15.102519,24.829809,108.928757,28.299517,25.555260
14.101913,7.368496,7.451563,34.003521,5.724429,24.522758
75.816040,37.680645,77.819916,229.214325,73.718842,469.863007
8.588018,6.367177,3.679814,37.800964,9.855928,2.144691
14.002700,9.684374,5.252512,17.766020,5.267295,5.192620
13.296116,9.711544,7.392792,31.240280,9.083427,20.173906
36.539326,23.568201,21.082577,61.921120,17.216129,51.864109
22.611217,15.450757,8.894046,38.544563,9.326561,5.606073
24.608519,16.962370,10.479432,18.124678,4.606321,4.639107
18.185371,12.400970,4.002064,38.818699,9.408864,11.156283
12.481109,8.731651,3.747390,17.793386,3.343780,4.524831
24.422968,16.156107,8.344466,18.823584,4.913219,4.154099
16.171993,8.733813,18.664663,52.624947,13.895324,19.968712
24.498932,15.885453,14.314214,55.458412,13.174579,32.198078
17.184715,11.999871,5.365846,31.585407,7.534078,2.665856
17.082500,11.774912,3.934551,14.701409,3.593343,4.807788
9.898537,7.016527,8.525002,20.487654,5.098372,5.995661
11.299785,7.427219,10.502433,29.052982,8.297774,15.907354
49.106030,30.546890,17.720552,57.099087,15.544411,21.072884
17.610086,12.191360,6.880293,17.233234,4.194130,8.786201
48.465000,31.398077,34.861774,91.269745,21.984871,41.710590
10.486250,7.339561,3.262078,11.204863,3.395714,3.236805
28.981590,18.669621,16.395725,59.626209,13.736838,14.710308
15.658015,5.760260,7.097837,14.667427,4.976255,12.810489
19.677694,12.800607,11.801940,31.514835,8.998862,23.261322
13.502095,9.459085,2.485794,12.305040,1.538760,1.707301
12.304313,8.474690,5.622235,17.552961,5.424865,16.214245
22.520992,15.448328,10.178498,31.457327,8.445335,3.965523
9.013418,6.144752,3.788431,11.392684,3.316081,1.797606
8.133479,5.946324,2.666554,37.317783,10.232395,3.497732
8.507527,5.887393,3.898172,11.179331,1.927914,2.773693
10.949763,7.774131,3.716144,12.598289,2.054425,1.469396
25.341209,17.429785,8.229569,21.295498,3.069407,7.547606
55.922100,32.779766,23.617336,76.462067,21.745861,73.209091
16.079828,11.165450,16.586946,28.174726,8.232174,6.034904
27.191143,18.486448,7.506341,24.667109,5.400777,6.358809
6.042472,4.341039,4.734896,13.190113,3.728355,14.634151
16.134211,10.492548,29.244370,110.084724,33.577999,43.340389
45.806591,29.544930,28.266527,87.215927,22.852776,31.633333
25.428005,17.127853,11.873175,45.200584,10.786292,16.045219
9.054507,6.296878,3.018738,13.999516,3.190918,3.020408
15.954860,11.206607,5.519312,11.011769,2.871038,1.487061
25.579760,17.265917,10.336575,26.036669,6.634764,12.077429
10.113288,7.233147,4.895427,18.621128,4.589663,1.669499
36.289230,23.656616,10.717395,27.084328,7.729785,15.694056
11.507638,8.056524,4.448805,13.124986,3.115421,2.358142
8.955375,6.161949,3.587035,30.304062,5.829327,7.724057
44.952671,28.507057,22.647638,137.636139,35.928181,20.520071
64.618683,30.334352,42.171650,88.026886,24.956100,104.505562
20.531065,13.849976,21.376343,83.153275,22.035820,26.445730
9.573297,7.029813,6.909995,9.495265,4.225227,25.456600
14.984818,10.003761,5.947996,16.072094,3.450969,2.558093
16.389462,11.176404,4.961609,30.757792,8.851512,2.594733
19.098921,13.827137,5.750091,26.695461,6.714466,8.133253
9.182443,6.472324,15.980963,41.622623,10.555917,20.526115
30.073973,20.164017,27.842510,73.667725,22.494658,25.682066
24.706608,16.252708,10.888978,38.874111,8.298792,6.116896
13.624784,9.915309,3.912182,18.916241,5.105836,33.309917
27.818726,18.360308,13.662829,83.607834,25.040049,10.865877
14.601269,10.399520,4.940795,8.716900,1.832508,1.705513
32.207844,20.684942,10.035397,24.008829,5.083517,9.993336
12.860704,5.793761,12.888866,36.552837,10.008713,7.975828
9.659184,7.040088,2.490953,13.446033,3.311400,6.499339
38.492527,25.822039,11.230639,35.606800,8.120992,5.515833
76.822243,43.334499,32.777519,96.079666,30.060553,109.932182
10.550015,5.294090,3.403768,11.192493,3.644819,4.071888
11.658683,5.303682,4.847884,33.238235,7.890948,3.327349
17.837074,12.489415,8.281212,19.513569,4.676558,6.074352
16.519323,11.166451,4.879313,10.539505,2.617895,4.303375
16.517290,11.171498,4.934711,25.999607,5.338199,1.346743
28.524172,19.371426,11.663668,39.416859,9.331974,4.628368
17.104057,11.467164,4.012676,21.824511,5.964355,2.370041
4.725679,3.319229,2.423228,7.086070,2.038464,1.870993
6.896856,5.108820,4.443655,21.181244,6.991279,17.812893
39.545162,24.955694,23.266687,51.047089,13.851969,115.354507
10.794662,7.545747,3.270062,31.768814,6.449055,11.439974
12.364029,8.095143,3.262577,15.968079,4.911137,29.735243
11.949993,8.492707,4.728586,13.663391,2.720665,3.943220
32.780067,20.482397,25.839544,78.141899,22.116320,71.096291
6.030891,4.113413,2.117663,7.349720,1.894177,7.564100
16.228603,11.078065,26.153000,122.717072,34.459568,20.501907
14.986495,10.390156,4.914060,11.270025,3.832814,16.744892
11.729151,8.289173,5.337731,12.911849,3.305954,0.273549
31.147915,20.294243,10.940304,47.253120,11.204596,7.051473
12.310336,8.761456,4.163181,60.763054,17.038429,5.041594
11.708269,8.134654,4.378975,32.849552,10.682440,3.666064
21.320274,14.274416,6.934788,22.726820,6.049493,4.738027
12.874144,9.289252,7.579910,26.560658,7.049657,4.986330
5.458569,3.778376,4.267698,23.486927,6.060458,7.987695
21.613617,14.225697,7.186573,28.612511,8.498579,43.310863
30.170650,17.208504,13.423048,50.587543,15.328388,28.041368
42.100189,17.721939,19.839781,94.046600,27.155508,30.427004
42.624752,22.870075,20.454758,94.481293,23.530235,20.413845
23.972939,16.098982,7.331565,17.227114,4.294070,3.763574
6.569818,4.544762,3.315599,12.963160,4.890543,1.819457
15.959753,11.131974,8.139678,25.853130,7.408051,6.641616
36.805828,22.911051,26.423981,106.085533,28.528049,51.341721
12.696465,9.171445,3.909029,13.160792,3.144713,0.891182
10.991086,7.524232,9.125382,83.717758,21.828550,28.815008
14.283470,10.219954,4.141524,18.539900,3.684728,5.548774
24.966045,15.941206,16.434237,48.049187,16.817738,65.466568
16.740852,11.230103,8.923996,57.683289,14.785905,16.000402
16.105640,10.956059,6.013036,30.972454,8.569085,13.740982
8.983814,6.177473,17.889008,47.827129,12.181182,51.353554
16.771812,11.309489,7.664140,30.283381,7.913883,7.712356
4.970752,3.716015,2.201153,9.835178,3.055855,2.689133
14.655711,10.342970,3.656007,26.346594,7.164113,23.852468
21.989902,14.739059,5.086473,22.718637,4.823472,3.261811
7.743395,5.079034,3.237680,18.300606,5.412524,15.351248
28.077116,18.953953,18.431204,42.394817,11.711087,10.004956
9.169380,6.572630,4.171612,35.848160,10.776916,4.507477
7.151894,5.301606,2.919295,8.007685,2.501664,13.212055
26.282028,17.971519,6.313862,21.792355,5.630563,26.512930
18.755907,13.424123,6.655376,16.393484,3.620700,9.214183
23.765636,16.206335,7.099231,31.471659,9.741102,3.757202
16.385664,11.483331,5.411358,55.825134,13.665680,2.544121
45.675106,26.548399,12.850066,43.847687,11.350039,30.685133
14.839313,10.511146,7.630382,24.425547,6.652773,4.278945
47.281784,28.330833,14.157539,77.418396,22.400686,17.203186
5.727827,4.142184,1.997358,3.027042,1.042741,5.153662
21.367968,14.471959,8.740010,25.352571,6.442401,19.782652
19.894308,13.346127,21.417694,75.602539,18.571430,34.888443
31.592529,20.548504,12.875945,64.704102,19.634212,71.781754
101.867905,44.886307,174.801315,663.427856,185.848557,679.971985
52.468063,29.721230,38.693642,151.258942,43.757874,43.072380
16.783209,7.687889,6.724349,43.626087,7.300373,16.622742
19.017689,12.867622,5.961047,33.836330,7.674456,8.894819
11.763102,8.335113,3.996820,21.929218,5.913712,0.688756
24.536371,16.407372,9.222882,38.310513,9.958138,24.372303
19.081150,13.182392,6.873532,18.499172,4.985079,2.052293
13.569468,9.662230,2.983111,8.944571,2.141581,2.294599
19.887884,13.374352,12.545466,39.173141,9.466050,7.780706
18.315792,12.757837,6.081930,16.965530,4.741593,1.807220
29.443998,18.949984,10.675153,26.010052,6.868357,24.269321
25.676085,16.859255,9.055061,22.015654,7.103435,32.995327
7.676915,5.167692,1.931112,26.286308,7.858562,11.834622
16.914650,11.859451,5.398493,31.237841,7.207970,4.327423
18.866776,12.894901,6.567507,42.879948,11.558270,3.809700
27.558084,17.760574,33.014309,101.007912,27.216743,90.160248
57.898102,35.985111,21.476387,76.239052,18.076492,15.744786
18.285931,12.091299,4.871322,25.003891,6.457722,1.578555
31.141516,19.935331,11.460782,73.621887,19.442839,9.335669
25.349310,16.839178,18.993746,75.618958,17.402876,13.360519
10.634416,7.530014,3.139271,13.777252,3.504740,8.731110
55.867588,33.623367,36.955959,80.226242,21.738249,75.517174
17.887251,11.972293,6.692770,12.310896,2.942068,3.962444
27.268938,18.530863,9.088592,40.131763,9.974032,4.521231
11.065952,7.968880,4.740936,27.508144,7.861811,22.259983
17.863585,12.004697,7.397685,19.196163,5.735145,34.736340
26.397787,18.157661,13.897197,33.009525,9.861975,39.226776
30.749762,21.278553,11.540115,44.613052,13.090425,43.055641
20.741674,14.300493,10.209514,33.629002,8.843940,6.666267
27.246521,17.697893,12.483165,42.626411,10.892698,21.368303
27.912409,18.699429,6.391782,26.161589,7.163241,22.740515
12.164122,8.034743,3.919415,37.068020,9.285288,12.807987
12.291832,8.737543,6.484004,11.240432,3.731178,14.813849
28.033638,18.852579,8.869989,21.103085,4.945335,5.085442
9.474639,6.495999,4.062472,13.118150,4.066030,21.795074
19.206234,13.200312,5.979870,15.869668,4.547783,9.348959
17.028429,11.782048,5.441814,10.190153,1.842240,4.044043
19.518229,13.675596,9.729460,31.717499,8.698192,25.952944
52.030060,33.650383,13.501267,38.715096,8.285418,11.256636
26.700724,17.885885,7.513803,18.375414,6.321385,30.928577
11.533064,7.972360,3.547719,13.464976,4.369147,16.830448
14.899274,10.291963,13.715771,51.610500,13.242868,14.293938
13.582705,9.514602,4.069866,14.185599,4.752551,5.211282
64.295883,28.920563,23.022680,60.878712,14.669429,77.226860
46.108360,19.317060,16.822010,51.283627,10.727193,45.421257
15.954161,11.191640,4.513857,22.441849,5.869271,7.113101
12.828835,9.034186,5.845952,9.795879,3.038245,6.007776
15.916197,10.834533,4.813462,34.324219,8.018521,1.483633
12.405397,8.703902,3.154057,14.347398,3.729071,13.761902
25.266987,16.670378,8.487641,36.404205,8.837055,7.303243
15.056931,10.660438,6.677123,6.198309,1.384964,3.283409
26.880377,17.866463,11.665449,30.385733,8.750081,42.863731
42.397686,27.422394,16.255062,16.171553,4.918097,18.650463
13.886015,9.784805,5.968918,15.317348,4.869571,2.204175
7.646417,5.532200,3.531951,9.358706,2.504419,2.517084
18.504553,12.465552,22.086708,76.617874,20.169710,26.449833
26.350447,17.938354,8.806214,30.098375,7.307965,7.079268
27.761732,18.565058,10.521949,67.592163,16.007725,9.375095
25.382904,16.989305,5.959424,36.584412,10.130112,3.017608
6.226965,4.491766,1.359809,8.078621,3.323838,2.193813
16.434481,11.465309,11.191569,36.218224,11.430721,64.278152
42.843330,26.176146,18.217596,61.520618,15.865941,22.431910
14.860729,5.421321,6.484677,22.229979,2.734154,4.741960
27.121342,18.270403,8.054539,24.628698,5.551185,7.270267
41.577507,25.574627,27.678017,83.507820,20.891281,25.786274
18.656750,12.002913,11.519657,130.675079,32.470200,11.186399
23.019369,16.308704,6.245707,26.322931,7.620812,33.066021
78.618675,31.027456,50.431496,154.044495,44.982281,134.955521
73.408150,30.977558,50.282539,160.047470,45.789520,127.536102
19.264122,13.043649,8.584263,52.047153,13.735075,17.453569
33.456455,21.769217,20.002951,68.905075,16.965240,8.795379
42.571293,26.431425,15.228315,79.984970,22.164097,21.988302
23.837837,15.324901,8.683815,54.035072,14.019630,8.013963
13.047416,8.785866,3.458828,17.768568,4.478987,18.329006
39.981445,26.219511,32.336754,112.841560,30.853579,108.352531
37.333687,24.408937,25.886848,95.662827,25.917395,20.766281
26.940517,17.998133,11.090315,27.551687,8.120799,6.736779
16.982248,11.986425,12.196442,19.640079,3.861910,3.791857
12.573722,8.962844,5.678170,17.849188,4.853397,17.479410
35.700432,23.137945,13.230712,44.321556,10.648170,7.369952
7.113894,5.038278,2.361656,4.479895,0.823953,1.797035
6.616495,4.647092,3.752572,4.463923,0.312636,1.775185
11.606912,8.036658,9.006490,19.539425,4.887113,6.141565
13.401272,9.266760,7.859091,29.370468,7.299502,5.032327
6.673995,4.962407,1.872406,9.155665,1.289749,2.001525
33.198547,22.593163,15.354046,101.034279,27.677464,19.045288
28.839924,17.140190,15.177448,43.309738,12.052741,55.839005
23.626188,17.155375,8.242124,17.325800,5.745645,7.373330
31.002293,18.938828,10.774387,29.575209,7.792397,7.295057
33.148926,21.052176,12.954523,99.135704,28.238876,20.734674
19.246897,12.685805,10.477122,53.078621,16.650375,25.998951
10.803685,7.353785,6.025490,13.754466,2.481047,4.332961
46.556808,28.310884,59.043938,129.294968,34.172375,99.499054
13.724192,9.486756,17.923958,35.488403,8.531704,13.056232
29.572535,19.161924,11.017221,35.124798,9.704870,5.282406
22.948214,15.488418,17.665556,64.084663,17.333136,25.976789
33.091202,20.172012,10.762392,28.200571,7.205023,18.486092
19.102154,11.020267,7.512069,25.573515,5.426790,25.856899
10.637704,7.077881,7.977159,23.952410,5.560766,6.457082
21.501871,14.178827,6.381829,34.721260,8.271849,20.306534
6.469990,3.771852,11.458991,66.971909,22.439177,52.261024
5.820599,3.696907,11.303102,71.334030,22.344568,48.803394
31.166151,20.612688,9.872044,52.782864,15.627896,13.721580
64.346619,36.880524,29.036673,134.336349,31.703457,21.064306
31.243702,20.683987,16.230040,75.709602,21.376263,36.470512
25.209227,17.289732,7.838206,47.278198,11.987961,10.571898
49.521633,19.559271,15.613073,42.762199,12.692010,40.539619
64.347061,35.337357,29.437634,64.283775,15.354610,25.508631
25.669025,16.715023,15.528069,58.625362,14.378329,10.742910
24.123400,11.784326,7.597949,21.625751,6.467170,26.160187
35.595627,22.880079,10.644128,63.598721,17.363239,17.056913
9.907970,6.945357,3.566523,7.551325,2.154338,1.484085
42.894375,27.571856,24.088877,40.209496,12.061655,87.871712
14.379640,10.090569,5.925520,13.113421,3.365029,3.357383
16.017637,10.635189,11.246587,25.987839,6.038746,3.545390
30.808834,20.405565,6.977767,37.087582,10.877291,45.145332
31.833637,21.340488,11.611808,30.559574,8.031718,4.265322
24.894762,17.279211,9.767172,56.289474,13.250589,7.885076
30.687824,20.712599,11.285438,42.329586,10.930989,15.083140
24.197290,16.093788,10.838075,56.528595,14.407410,39.338982
7.168318,5.280797,4.334906,14.249551,3.148425,1.571210
7.586591,5.562191,3.890831,3.828624,0.767477,3.312360
56.855461,36.830677,14.496026,43.588100,12.205128,7.778166
4.644337,3.301830,2.601112,8.197526,1.909431,0.773885
17.549654,12.347735,16.098471,37.916061,10.109342,17.561541
6.996706,4.763234,5.688739,50.146820,11.965427,4.704261
29.653996,20.330332,16.539135,21.789650,4.230591,4.694568
13.871005,9.846674,3.145581,12.562982,2.289643,6.537316
23.408449,15.946928,6.705603,12.925636,3.432696,4.092456
34.824223,20.194208,25.597725,110.614891,28.414822,57.786484
20.786749,14.416918,6.433698,36.088058,8.228656,2.126967
42.271088,27.338015,13.155462,28.943695,7.325536,12.977139
24.524864,16.335884,22.169615,95.833694,27.824575,125.222397
7.739607,5.403701,3.265924,16.997257,5.068640,2.366580
6.373819,4.460456,2.812896,11.580349,3.478329,13.496561
8.817727,6.043429,3.222504,20.178696,5.102011,5.614225
25.744335,17.182264,14.944406,15.061319,3.882657,18.053844
22.012976,15.159059,7.972687,18.543970,4.584308,2.344161
14.099129,9.631261,7.370639,44.824291,14.332394,37.947887
9.290732,6.226605,3.105377,12.364689,4.032812,1.196254
16.564671,11.559978,4.686234,10.711836,1.851575,2.019229
34.311058,23.101391,11.199079,62.086639,18.275906,8.524958
18.709892,12.913184,14.461130,50.324402,15.311804,15.256283
26.478760,17.177149,14.043508,71.047638,19.164392,14.135177
15.754514,11.184028,6.666800,19.737009,4.900229,6.216959
22.712433,15.345889,6.949581,16.242039,5.071771,4.562624
19.032442,13.180184,5.124525,13.027395,4.286412,28.372669
34.998585,22.897343,19.469788,46.827553,10.269587,15.892789
11.419844,7.909752,8.241823,33.872696,8.731360,7.722605
22.254711,15.615859,15.828233,70.945641,18.992317,97.952896
23.153780,16.021673,9.603048,16.913988,4.537703,31.568703
8.237970,5.542941,2.172852,21.807610,4.834445,5.603989
10.060095,7.064736,3.765451,25.180840,7.891958,5.059903
13.453514,9.536460,4.582753,18.036135,3.199715,1.555267
14.485646,10.283121,3.115171,27.482939,7.181563,7.835391
31.014307,20.149744,17.220963,54.922474,14.804989,36.369797
17.923220,12.673040,5.429399,18.489721,3.796383,8.315486
29.312281,19.590401,10.617982,30.117386,6.904458,8.954676
31.336117,12.340039,9.955653,29.890001,7.778195,11.009945
29.646942,11.497926,10.107368,33.198669,6.989572,9.416132
31.212008,20.595289,8.654487,24.783813,5.102108,7.006904
40.851284,26.794416,12.714097,46.011444,11.723322,14.620384
44.356834,23.301828,34.672516,49.331543,11.267291,22.503897
34.078232,22.976072,11.248616,28.831165,8.009621,7.190219
5.583594,4.273235,2.803778,20.465540,4.107584,1.767137
4.784060,3.579841,2.591507,7.012094,2.338306,0.509157
4.784075,3.610374,4.072370,83.504295,23.303247,16.254847
38.550762,21.164572,24.388868,111.519211,30.703032,11.856928
17.227406,12.020257,7.326131,15.209325,5.012268,14.609212
9.496067,6.904090,4.218815,20.188486,5.288740,8.969102
9.292653,6.058449,4.084221,16.271029,3.930607,9.090943
12.390759,8.824722,4.049132,31.049570,8.568714,2.249610
22.900015,16.288195,7.003237,13.942190,3.942441,20.204620
23.570791,15.897542,5.178277,21.069534,6.915991,25.763840
9.085507,6.548931,3.936395,10.322141,2.716604,3.357662
13.896090,9.832052,3.740074,11.649915,2.985215,14.188366
9.635306,6.760236,5.794981,37.322906,10.401618,2.480316
6.625003,4.726816,2.914368,17.493135,4.129348,2.063112
12.409268,8.865512,4.160954,16.869026,4.535266,4.936431
14.842832,10.043532,4.128214,27.913780,10.169238,10.237210
19.163298,12.902996,12.016325,45.251755,10.588667,5.472167
31.126423,20.806269,23.982775,90.339256,28.347017,78.730423
17.303432,11.566726,7.558440,26.728746,6.060986,8.705367
22.622980,15.329339,5.864853,22.618700,6.265194,17.031570
25.908352,17.514519,12.160426,38.948326,12.237246,27.705343
54.112053,30.102732,31.556185,78.944778,23.630970,115.445374
18.099823,12.017939,7.206325,24.721270,7.653400,17.560575
8.383752,5.844176,3.201913,11.144638,2.287800,4.804950
36.917057,24.112343,13.263314,61.098492,14.689864,26.264006
10.295911,7.459662,2.680331,31.083275,7.231084,2.254413
14.336322,9.648882,6.380488,14.012324,3.292082,8.558619
16.027409,11.252578,5.747344,14.146910,3.259903,16.906555
37.839996,23.936512,12.028116,39.947006,11.387269,27.036104
16.769953,11.253419,4.157494,24.270134,6.346942,23.617714
64.709030,39.063931,17.455900,64.780098,18.257301,20.800766
7.001710,5.176270,1.195750,17.675329,3.388350,2.593190
17.506849,12.038688,4.958473,36.093437,9.450067,7.812429
7.860824,5.434115,2.789941,2.397457,0.580834,1.850083
22.244894,15.347485,5.492061,27.079388,5.498353,5.341575
44.162727,26.547060,14.852818,66.491661,17.362183,11.806902
14.431617,10.233459,4.114241,10.956003,4.206155,1.888655
21.916531,14.592367,14.857687,39.739727,11.532859,33.115829
8.681537,6.276097,3.492005,13.589719,3.244348,13.195434
6.667564,4.769906,3.015474,21.823988,6.022348,1.053866
31.891928,20.620266,31.501375,139.154037,34.540653,37.194183
33.844975,20.961798,35.815796,89.671364,27.819023,44.741768
17.419729,11.699534,8.852555,37.650124,7.637405,9.174240
45.661469,28.739454,18.375553,43.610382,10.098082,24.970665
17.842974,12.318975,9.032051,50.130066,10.701709,7.602254
20.547308,13.854815,7.720064,72.810745,19.810146,10.515948
11.178340,7.903063,2.963459,12.331638,2.046659,3.524708
38.543362,14.507488,10.431326,42.404774,10.994503,28.541399
43.906143,14.531645,14.311985,53.609764,13.963680,28.135122
10.393195,7.440588,3.359210,9.609632,2.905493,4.973958
20.792784,14.702277,8.294075,22.117109,5.773592,24.201355
8.743406,6.547014,1.974778,15.775334,4.333505,3.075134
16.887516,11.179453,4.918611,35.334534,9.008017,3.265564
17.299044,12.036023,10.254509,20.015282,4.604713,2.685078
10.531207,7.084489,3.965739,35.749367,9.752353,13.697067
29.916412,19.571669,11.324357,35.091091,6.892063,4.681368
11.369145,7.795159,2.722825,25.005859,6.187622,2.552775
27.867510,19.353521,9.203282,38.122654,9.870893,12.368486
5.594975,4.287843,1.226444,10.810701,1.870531,2.517727
22.809319,15.402800,4.234114,46.939163,11.099916,8.970592
29.179827,15.561628,18.600822,59.628040,13.885716,10.243778
19.348686,13.245983,7.091041,14.432778,2.807020,5.562981
10.505844,7.312881,4.907337,6.329433,1.965845,4.437780
17.432920,11.908027,11.627858,47.929947,11.948169,49.374794
9.417344,6.539780,5.440664,15.190476,4.304934,14.876062
10.732114,7.785403,3.416660,20.242474,5.015939,17.804348
9.875877,6.483117,2.405604,20.727638,5.579988,1.575623
19.111902,13.009793,6.541936,81.493584,20.601759,3.929144
23.888103,16.343544,6.981843,28.876024,7.698156,33.356903
23.449352,16.694189,6.886454,29.194948,7.785182,7.069331
24.324265,16.637449,9.137664,19.458836,3.209059,12.763422
5.043137,3.951108,2.589411,18.851948,5.619998,1.489350
14.709095,10.077118,4.099900,26.365854,7.757887,15.968514
14.554923,10.705867,4.964708,11.399498,2.392083,2.836218
9.176516,6.216027,8.102290,31.764347,7.619455,6.748286
13.277708,9.500813,6.265388,14.468734,4.266479,3.862809
22.071320,8.762046,6.177726,23.688650,6.718557,6.549809
21.441710,10.057523,6.930149,37.498428,8.806321,7.671019
55.825924,33.070183,33.473438,129.609467,34.292507,19.069500
7.539822,5.404343,5.524198,9.659219,1.030487,2.109907
21.708317,14.699940,8.188054,64.232002,17.705786,5.871336
14.553474,9.512720,5.948740,123.138748,33.794640,3.703064
19.551971,13.442699,5.366164,17.621201,3.833823,6.349243
12.783810,8.797375,4.801058,16.679749,5.075132,7.398379
30.079752,20.215530,10.899516,37.219017,8.919533,5.865834
28.044422,18.701296,23.196434,69.232361,19.914284,22.061022
11.960344,8.222963,5.540058,32.040749,8.476949,2.954203
17.236109,11.871231,5.983456,49.439606,9.774488,11.327497
8.662083,5.852500,5.781108,20.779696,5.075822,13.499970
16.898882,11.628689,6.490503,21.128441,5.285171,8.601893
36.972729,24.313189,12.706736,34.691658,9.559622,23.747561
26.459343,17.853062,5.303035,57.049652,12.692735,6.313306
7.094517,5.078314,19.748716,61.340008,14.133553,8.972181
28.942860,13.194738,16.069695,55.663059,15.618080,21.121767
24.889448,11.284481,11.964399,109.018776,27.970829,12.240206
31.993549,20.960016,13.646233,36.234497,7.723213,8.404691
7.457463,5.203361,2.684296,19.224907,5.007993,2.812255
10.856668,7.825197,3.318949,11.215342,2.582286,6.981080
9.551970,6.950006,6.800697,25.455410,5.880772,7.243478
26.512453,18.443361,11.919233,36.319065,8.401075,5.338263
16.491764,11.709187,12.110724,50.325745,13.895902,19.293760
35.070904,22.411980,15.070733,101.396484,26.247381,34.049038
54.908508,34.076962,31.605947,107.305092,31.867645,89.275993
29.319611,18.770523,8.679119,29.967812,5.320796,4.034307
6.438391,4.380740,2.115984,12.963620,3.322772,0.978388
25.352379,16.233334,8.062800,20.073597,5.724118,12.445024
23.145731,15.546799,9.343425,25.973772,4.987168,5.568606
26.287933,17.548887,11.147905,24.951471,7.354572,17.374083
6.914422,4.682474,3.270474,10.152227,2.600496,0.561705
4.460333,3.012801,2.814536,15.232248,2.528436,2.913940
14.869438,10.277614,8.124709,113.035217,28.927883,6.928011
16.291533,11.119163,7.370769,19.266491,4.132965,3.874090
27.049919,18.110731,9.338673,60.898403,15.348764,9.159609
12.481814,8.437428,4.815651,9.936104,3.055280,3.866176
29.017899,19.741434,8.099072,20.203297,3.790026,6.013518
23.074192,16.067863,8.314524,21.056326,7.222716,29.744864
50.514919,27.908783,48.533909,150.493744,43.565975,186.904297
20.634510,13.852812,6.346900,24.340033,6.657295,5.501452
26.001915,17.759991,6.873944,21.912745,6.599602,11.349601
21.605001,14.837481,7.804377,35.606293,9.299756,7.654052
21.371141,14.998322,8.168274,39.841938,8.879810,8.326612
6.463162,4.793862,1.137907,18.715151,4.904653,5.818321
9.613571,7.067423,6.973617,20.274456,5.280293,24.831091
24.943392,17.036213,6.296892,39.821362,12.461730,3.383514
30.611952,20.200983,26.569307,95.126686,26.448597,28.813751
21.821289,15.302598,6.149421,11.832981,2.250734,2.062730
18.505621,13.060511,6.201602,32.288464,10.961509,2.332429
16.255041,11.064363,4.165146,12.310440,3.339217,12.547443
22.056330,14.950521,18.804268,212.205978,57.817051,23.846109
9.649754,6.438094,4.632309,15.426635,4.289002,3.072443
32.657623,20.588526,21.515631,49.104065,14.458428,59.689461
15.910320,10.244584,6.195378,50.898300,13.486078,20.702288
42.330360,28.004725,11.475821,39.443058,12.936111,22.177631
11.451921,8.093380,4.455514,22.983702,4.513408,4.281868
27.128853,17.939434,13.274704,50.446617,16.256374,118.345749
20.122259,13.409447,15.806437,54.887241,11.241971,8.967126
9.856627,6.746827,5.316183,17.962751,5.009391,2.020542
42.433777,28.707430,21.269520,86.354294,20.178152,15.081465
5.116476,3.774751,2.227989,1.235856,0.809175,0.951991
21.428843,14.514188,4.681376,9.066878,0.762438,9.358114
20.235992,14.137332,8.584202,19.382748,5.890288,4.468979
9.335495,6.572636,3.702999,12.722997,3.938173,8.636262
4.329116,3.112190,3.131814,3.534397,2.062060,4.934907
14.725791,10.004792,6.099454,4.096116,1.448713,1.971552
29.493059,19.956861,9.680356,28.733372,7.136391,12.115897
11.410688,8.043185,4.510002,18.364891,3.952380,2.450660
22.807035,15.767850,11.937047,20.926302,4.291809,4.379907
27.719296,18.953430,9.746550,16.788158,3.484854,3.881966
23.247143,8.972609,12.776433,56.058868,15.324595,18.379713
11.120086,7.715436,3.659439,42.535706,11.101592,2.186719
12.044682,8.461758,5.964834,36.829510,10.674831,3.814801
47.904106,27.670305,33.417908,194.957153,50.224136,111.669487
7.526709,5.183711,2.537827,16.508394,4.283626,1.903984
14.449535,10.252615,5.157155,10.842220,2.053481,2.538701
15.423531,10.250270,11.358440,31.619034,9.072783,5.108164
5.540533,3.652925,3.094163,19.295334,4.282550,1.118638
14.034560,9.673878,4.341858,18.477030,5.302288,24.715738
19.207191,12.901932,19.971493,39.061287,12.707015,26.879839
15.294403,10.613958,5.025682,31.445940,7.844865,26.162161
13.242221,8.998511,16.699934,41.273258,14.248066,59.556618
27.695000,16.143009,11.581731,32.362846,8.035314,6.167552
21.959864,10.630987,11.436873,54.562096,16.712406,34.588039
27.742550,17.249510,21.697943,98.573196,29.138357,80.462982
15.293714,10.653224,4.859114,27.161409,7.742866,6.142353
8.535476,5.923775,2.748961,15.304026,2.936558,9.908175
13.025093,9.558824,5.967870,11.142317,3.198056,4.273768
12.384490,8.632092,5.241426,8.100179,2.322501,1.894967
67.362900,30.219236,52.115456,180.561386,50.279690,141.505127
16.894739,11.414324,5.049003,22.995274,6.052195,31.732716
11.672087,8.080750,3.230511,14.694205,2.587856,1.583924
22.192028,15.062894,9.269623,29.252392,9.392306,12.989591
13.289989,9.402567,14.907738,52.889854,13.911520,11.719919
26.742464,18.255495,6.533213,29.317518,7.456886,17.048489
25.916063,16.731277,17.899620,75.221436,20.946041,7.339630
7.937481,5.765577,3.273438,4.081227,1.686704,3.760762
15.113394,10.209990,3.811191,18.727905,5.241599,21.674032
9.912721,7.060221,2.011117,21.626068,5.299058,5.749130
32.224487,17.281622,14.420593,42.783459,12.236442,20.515514
30.196514,17.392864,14.183773,43.057693,12.311383,20.253393
35.784893,23.651144,16.137074,42.571350,10.942126,7.504177
10.378995,6.992979,4.329384,14.460670,4.782057,7.943496
17.518017,11.714366,6.531085,24.219606,6.330679,2.126694
23.159258,15.697329,7.109096,27.395662,8.741076,27.060738
45.294777,28.479612,10.871850,37.282055,7.775281,40.190304
16.808098,11.824950,4.917472,23.105900,7.373868,2.925415
10.480291,7.076910,1.885554,39.629135,10.130163,2.723707
12.600344,9.041143,3.135124,12.872503,2.222683,4.885526
44.262600,29.054039,20.105917,55.854347,13.792978,28.733049
29.302031,19.070438,16.303530,81.249023,19.945019,9.938104
18.280434,11.631940,10.306035,64.463470,16.196516,6.537441
11.241503,6.468914,2.950686,26.668396,6.252159,6.356948
29.787619,20.834110,9.045739,30.757025,8.868433,17.020552
16.939203,11.886959,5.826397,12.371950,2.456049,4.831568
18.067833,12.582071,5.343564,18.849731,6.801607,2.244924
38.938919,26.455288,19.804096,65.729507,17.257582,17.436634
22.564167,14.985088,7.505659,54.630512,14.002932,5.669800
4.866001,3.616354,2.638209,9.910542,3.075113,8.599344
27.721891,18.724760,8.150607,53.015053,11.818803,18.498405
22.615400,15.713058,24.917469,79.465591,21.446039,36.634735
12.921534,8.663239,5.057538,8.744861,1.715985,2.406801
6.762906,4.855656,2.909680,18.023464,3.991429,2.837566
18.563589,12.492309,5.627720,31.969231,7.456766,5.379749
24.481657,16.936756,4.711897,20.419521,5.893956,19.405956
35.240532,23.306568,10.159647,43.038094,12.031545,9.450747
21.156691,14.460568,7.655235,24.757278,6.264524,38.784744
39.998291,26.249691,11.357471,50.876629,11.067813,10.921615
24.020102,16.977194,12.538528,54.230442,13.334908,13.175101
38.371975,22.049046,12.933407,31.292849,8.151007,53.072361
30.371027,11.901815,11.899292,34.560902,8.850652,38.068356
14.178019,9.738594,5.837926,14.933276,4.421757,5.921547
5.084841,3.429499,1.959892,6.293884,1.195838,0.778271
5.742394,4.278172,3.135270,8.495950,1.292497,1.392285
11.810381,8.271217,4.457016,11.153247,2.845608,4.278332
18.112780,12.150603,5.927638,21.310711,3.910605,2.618806
37.169552,23.650261,21.184814,96.277710,33.078293,50.578327
52.368259,26.253485,38.680836,195.653839,54.928535,91.406082
10.689615,7.568245,4.442404,11.139304,3.138356,3.040498
18.418215,12.783031,8.402261,30.481054,7.857296,21.533928
38.779446,25.497652,17.136908,50.605186,12.982324,50.843708
8.479139,5.621547,4.189833,17.420538,3.550363,5.068962
20.704769,10.976474,8.767343,30.359467,7.977529,7.444659
16.398693,10.065599,7.830855,26.753330,6.171501,6.097527
19.454134,10.786985,8.107762,28.928337,7.377597,66.354324
15.813392,10.859646,6.635546,18.811144,4.309431,18.373217
17.036095,11.266562,8.951434,53.953434,14.111479,9.333802
5.663740,4.087018,8.039872,43.795162,12.157618,3.931113
12.145574,8.271512,5.481450,8.548709,2.613440,14.244967
8.522184,6.168309,2.156927,16.893486,6.295534,11.545161
4.561771,3.270318,1.576439,20.542065,4.995635,2.469755
41.081432,26.728657,18.758368,54.496410,13.570616,15.469442
48.602001,28.493492,22.024588,76.250900,19.954550,28.613850
29.851036,15.205871,6.393839,57.019745,13.180951,5.474432
30.134560,15.101164,6.486609,57.938225,13.667777,5.857748
21.615885,14.771085,6.656969,31.379559,6.987962,4.339545
10.051636,7.019102,4.767502,33.492405,9.866423,7.947176
11.031913,7.957503,4.302322,13.353320,4.588847,3.245676
13.380679,9.300507,6.120511,20.042395,5.386592,17.799042
26.367996,12.027587,27.760376,89.760040,23.261003,48.580250
35.698544,20.812553,14.516860,39.138050,10.318713,7.353526
9.002221,6.368073,3.284570,5.125818,1.305079,2.026929
10.060745,7.263458,3.426959,19.049427,4.413502,5.285765
9.620792,6.579340,2.805975,11.081516,3.273214,4.276306
9.375832,6.621623,1.316039,6.224632,2.261832,2.898661
57.750305,34.515606,77.894333,205.023682,55.845013,84.524109
14.045634,9.543740,12.998092,64.470047,21.185072,26.168562
7.526032,5.168406,2.706566,15.606309,4.425239,0.701375
43.414188,28.419752,23.060780,50.116646,14.112309,81.107933
19.367617,13.235913,5.828213,6.888638,0.950753,2.226238
32.602013,21.067795,11.897794,45.286880,10.291242,52.717312
8.789659,6.189492,3.704957,8.843275,2.227794,5.198491
30.321320,14.010340,12.721634,32.432796,11.057909,26.105381
32.620949,18.792740,11.470901,47.370560,11.752049,7.760134
50.251503,25.919447,23.234575,77.493889,20.440575,30.212921
21.477972,11.541446,6.868064,41.199429,11.718850,11.974051
4.663580,3.241700,3.259448,34.211742,6.987108,2.591917
9.458471,6.262524,4.147919,9.408334,1.543591,1.041416
27.265913,18.344288,18.760828,73.505699,20.543940,14.500607
12.987883,9.093786,5.107953,19.923513,4.242491,14.154047
13.247366,9.170633,4.441331,11.234735,3.777682,2.569090
4.313210,3.037065,2.064842,7.601208,2.314323,4.393276
12.012316,8.483679,4.866340,21.477526,5.278625,3.589302
23.591625,15.790809,9.633419,61.645065,16.064909,53.856674
13.155457,9.208313,5.299549,29.449524,6.257168,5.074938
21.285236,14.457592,4.987855,42.419220,10.108884,22.350084
12.357133,8.718098,3.612771,21.605476,5.881563,1.813593
17.289145,12.029274,4.448418,16.765184,4.647983,3.476676
15.204883,10.726080,6.850027,45.303177,11.118507,3.301019
16.787561,11.454374,8.832991,86.847931,21.440035,6.282196
16.609749,11.614894,4.847986,27.872345,8.103335,7.285990
9.849265,5.189053,13.528957,58.328224,17.813313,13.777255
9.008638,5.800982,6.022315,59.644718,16.514559,10.182658
25.942514,17.546289,8.423154,60.098370,16.631426,2.694123
11.178854,7.979102,3.985470,7.136661,2.064724,4.259779
25.085556,17.209690,25.781834,59.248753,17.126141,9.386664
20.427916,13.714970,17.938015,46.238480,13.646961,41.745346
33.158489,21.734634,16.165396,31.917822,8.069875,16.871309
11.884197,8.209646,5.011769,43.492958,12.399592,4.194309
20.717850,14.378689,4.573510,11.204596,1.935772,4.614007
13.613463,9.225399,3.260193,19.778244,4.901783,4.970672
13.028226,9.094295,4.583278,11.850417,3.235930,0.765229
23.521183,15.964868,7.909286,25.341034,6.550677,4.611316
5.271313,3.966666,4.963647,15.487427,4.279115,0.992616
21.032568,13.830881,18.421181,67.425568,18.162729,12.400692
8.653471,5.947304,6.907763,41.216942,11.151834,29.974592
38.890591,24.688540,19.820023,89.930649,25.508081,73.724617
12.359909,8.860746,4.358927,18.404470,7.122903,13.690341
9.705261,6.690495,2.452113,44.772636,12.677378,2.066498
21.617603,14.801253,8.210354,30.200577,7.441333,11.842026
19.699905,13.856045,6.311397,17.129490,5.114671,6.498358
29.839035,19.961912,9.703406,42.367912,12.297199,20.345095
40.595242,26.916683,49.431744,137.058945,44.263657,114.002495
16.248491,11.178509,12.818022,27.543776,6.362999,9.389419
32.429371,21.578295,10.634550,34.229649,8.956924,27.539001
8.123711,5.659050,3.515569,8.332497,2.324116,1.684066
23.253775,15.169439,9.719208,39.818027,11.074038,17.813688
15.552444,10.804179,5.302017,20.196777,4.377073,3.250095
25.781250,17.251245,8.825219,39.705368,9.422322,4.268272
7.543141,5.237798,4.686886,12.561457,2.537834,9.455931
20.454315,14.343399,8.334565,43.420578,11.220224,6.354075
6.094398,4.538635,3.555694,11.442575,3.987291,9.827695
22.755753,15.764015,11.952115,27.384390,7.771215,10.460307
9.140717,6.021614,3.665474,7.901859,2.342312,13.492638
13.014205,8.838004,3.647187,35.127014,9.998964,2.674701
22.148462,10.981072,10.659046,47.561855,14.948763,31.938135
18.490593,9.483577,8.759201,51.793499,12.753108,12.696572
8.836932,6.211812,1.995987,31.507187,8.627258,5.111218
7.996605,5.811689,5.136281,32.022038,7.913874,8.151709
38.105457,25.209333,13.819955,84.623558,21.359196,10.137890
25.651594,17.479313,13.210165,50.389755,14.445267,32.766430
55.999992,34.333691,27.649889,103.110313,26.958241,119.458260
20.759342,14.384621,4.700685,32.502369,8.053233,24.126862
26.263344,17.838261,9.703796,49.399612,13.068915,6.328360
8.017406,5.683196,2.300463,20.411097,3.837286,5.382026
9.930903,7.003195,4.130773,10.954310,3.356282,15.266381
7.049399,5.050910,12.018480,44.808727,10.105414,16.246605
51.932648,32.110600,34.914017,77.995766,19.923267,55.573212
12.122666,8.624931,4.740329,27.429913,7.008718,11.240493
19.321449,13.061793,6.723743,20.392653,6.547935,17.611763
10.638032,7.588163,3.322381,1.770274,0.779249,6.566923
12.186732,8.688710,3.317950,18.600559,3.976891,1.804666
13.966330,9.675050,4.000585,102.148079,28.691059,4.926528
15.782163,10.795723,5.101279,15.287354,2.778040,2.653922
16.465300,11.278296,9.215670,27.013393,7.404138,24.422907
49.513268,32.223782,24.675383,62.752522,16.978205,19.619463
32.468338,22.244986,15.990998,74.963051,19.817593,9.819489
15.611094,10.954288,6.334519,15.344634,3.896678,4.850958
38.375477,25.276491,13.368853,64.050903,16.733217,38.817661
26.387981,15.103352,6.887905,24.861130,8.544404,2.684430
15.713314,7.439306,4.792782,49.981880,13.086077,1.294974
40.969902,27.309566,12.276236,44.667728,10.362420,28.119102
12.049591,8.519552,6.339959,18.476364,5.560932,8.349270
16.907040,11.779499,18.004539,68.086296,17.885355,10.034751
8.117060,5.444603,2.747462,19.836164,6.803669,1.583073
29.495298,19.434092,12.392530,25.512865,6.372197,23.693689
8.907196,6.270978,2.493952,23.890745,6.088789,18.008568
11.959823,8.168840,8.796288,38.858528,10.642378,48.788631
20.100204,14.034734,12.130635,31.527113,9.606993,12.598245
4.745147,3.363753,2.286172,24.883064,6.495939,1.720713
28.785128,19.722717,6.987255,27.373180,9.579206,34.527050
28.389744,16.859442,16.771200,100.741066,28.568825,21.644930
24.304863,17.144814,13.059263,33.402996,7.118388,10.259301
22.921467,15.782454,9.205891,37.800228,9.142522,11.679536
14.764978,10.609607,4.822986,33.775726,9.530467,13.303470
7.064045,4.939295,2.638512,14.366141,3.217795,10.638832
9.687876,7.052784,5.571493,31.473227,5.524197,1.922614
8.335734,5.626294,2.575128,9.862866,2.255652,6.099437
16.404345,11.475203,5.047143,13.505391,3.826910,6.957545
7.119675,5.021840,3.820124,10.779836,4.009727,5.687512
11.491218,8.303519,3.473640,7.540420,1.375683,2.515110
22.963308,15.942681,7.812957,24.487940,6.641963,19.358469
22.039810,15.279429,12.873682,59.638630,17.345011,37.399433
7.408020,5.274945,3.182032,10.530869,2.836986,3.505099
22.231003,14.855224,17.346426,71.457527,17.994976,14.284909
14.897064,10.148241,4.300962,32.760090,9.145761,13.304807
7.173007,5.145588,2.534793,8.932675,3.345377,10.738305
4.731790,3.627260,4.681832,21.862442,3.917154,0.758815
34.350632,22.992666,11.750347,55.827385,13.356459,6.988734
39.181099,22.370884,25.652122,124.273994,32.889431,38.978455
15.079210,10.430329,6.105573,20.888334,4.842197,6.789932
13.978971,9.548909,2.047462,12.003728,2.819478,4.306680
15.274915,10.651327,5.542880,40.110947,10.688448,2.211957
23.425320,15.574589,8.577168,14.808532,4.176404,4.438854
9.006742,6.191617,3.737242,14.612597,2.981864,1.257468
9.737624,7.206006,4.284822,8.861219,2.160040,5.312296
15.902637,10.609644,13.860643,54.870983,12.870407,9.711715
23.280058,10.345241,6.555249,48.800423,12.076407,32.914925
22.404861,10.360568,6.465300,50.204700,12.034045,31.454121
12.263844,8.580505,4.737412,27.860542,7.214695,13.572098
67.415985,35.772617,28.750395,149.854370,35.800137,45.280968
23.577122,16.078043,10.383511,16.348875,4.626666,7.766099
34.748379,23.502140,9.771736,26.269924,7.799319,7.190299
15.994608,11.358493,5.308359,17.217047,3.961809,16.978207
9.941916,6.958915,5.139084,9.288065,3.807364,4.681821
7.171911,5.250495,6.804337,42.973095,12.470078,7.893496
21.558668,14.883182,6.320198,13.701248,2.662984,5.011071
15.574714,10.904995,5.208437,10.866952,2.935360,4.424041
12.596482,9.338193,4.959603,16.734934,3.764674,1.762190
4.290278,3.346710,1.582239,7.417406,1.540214,3.028070
4.847151,4.045539,4.116167,50.096165,13.455651,2.691060
11.814404,8.392075,3.684008,13.903161,4.391745,6.410934
18.399527,13.035500,5.486557,32.104095,7.165411,4.282147
43.589546,27.171164,23.506655,91.465012,25.756884,14.734921
9.182091,6.673975,5.787826,42.863670,11.399966,5.482857
5.285239,3.731443,1.899120,10.468808,3.438019,1.811244
21.662676,14.465839,8.143332,52.593498,14.492105,14.328996
24.491722,17.269623,6.874121,81.385010,19.325792,8.487739
18.452322,12.495214,4.152377,22.939030,5.334160,4.076658
11.676066,8.435384,10.297239,20.955732,5.943408,4.768224
13.054379,9.104150,4.551457,15.249845,4.407418,7.942599
30.482124,18.858686,14.447774,52.694260,12.438986,11.571014
37.944313,21.458000,19.026230,62.239162,18.473526,34.064339
47.404686,23.016512,41.131557,141.913940,39.590374,22.435001
18.833048,13.085526,8.272555,25.123655,7.287451,51.208244
15.030271,10.259933,12.345691,22.643316,6.367620,16.169395
20.592667,12.399336,49.440613,156.520523,44.716381,56.532398
35.579906,23.080549,8.763201,34.936825,11.199800,47.764271
6.140419,4.460274,2.953689,0.576775,1.072707,1.784259
31.429630,21.280613,12.132978,50.077168,15.087279,7.530388
17.853069,11.431605,6.067760,25.506817,7.486722,15.813652
32.072193,20.655149,22.036491,26.808769,6.886178,29.999912
47.104790,28.371229,32.750443,130.512283,30.937563,17.750759
7.350291,5.589739,2.277120,12.312920,2.555476,1.587156
16.113754,11.786540,11.801011,90.467018,24.983044,23.332468
27.339201,18.599298,10.654075,35.689457,11.096769,40.466553
19.015213,12.920276,11.783759,45.105419,12.959595,47.047153
14.836439,10.478024,5.290522,26.509573,6.055437,8.917432
13.701755,9.366673,3.777703,50.340736,13.795177,3.156133
17.606031,11.674346,4.824929,38.781834,8.692217,0.942734
22.574158,9.408266,10.217685,25.325729,7.333253,35.676270
5.584823,4.301557,3.324392,16.358072,4.592800,0.992925
10.710021,7.333713,3.524138,12.540649,3.856349,2.875849
4.855497,3.369560,2.665293,15.815176,3.286314,17.301212
18.232025,12.078995,11.717113,50.655571,13.148849,8.615548
13.046034,9.255976,5.685538,20.057859,4.136150,5.128796
6.157619,4.561978,1.795528,69.847054,17.797300,2.484693
13.660734,5.595985,4.607653,7.111947,2.049217,3.583119
