"FSC-A","FSC-H","SSC-A","GFP-A","PI_LSS-mKate-A","mCherry-A"
72.345909,37.200081,46.627647,155.708725,41.224545,121.346054
43.007294,25.786469,25.542360,98.279678,25.732630,52.005474
18.712851,12.501122,11.411814,21.120716,8.140415,15.019757
10.481916,7.079660,6.507360,14.237738,4.660540,7.357534
28.563858,19.605171,13.112231,42.446854,10.872775,29.845486
20.531637,14.083178,6.313132,26.311337,8.069784,32.886196
14.719140,10.086204,5.851506,21.584244,5.801637,7.534835
9.327314,6.791552,5.011762,31.461384,7.802283,13.881278
11.812053,8.473584,6.321747,31.307295,8.139772,38.596264
24.331625,15.822755,11.239983,48.866371,11.498434,23.705460
9.195597,6.317391,4.714291,43.126606,10.752888,22.012127
20.795876,13.633022,10.714105,55.512585,14.802108,20.935982
64.397697,34.806976,56.196388,207.549667,54.258728,155.988632
27.374161,18.219584,8.083490,26.823004,6.662703,21.886988
48.538559,25.403517,47.093521,152.395660,35.994465,49.396404
7.998786,5.584906,2.660772,20.818213,3.816395,10.551117
11.927417,7.983628,6.258350,39.605835,11.335486,30.692240
13.450438,9.477530,4.997241,19.257656,5.569597,5.231750
12.963305,8.842790,5.265310,14.865699,4.294885,11.289974
69.898125,30.568733,31.006516,116.427162,30.607071,93.301407
63.678974,35.735016,100.507111,388.200104,107.763451,269.171600
32.828331,21.844666,10.938219,46.608028,11.581956,18.049673
13.303034,9.575941,6.677120,14.687447,2.463642,10.429043
10.363358,7.575116,3.567878,10.426585,3.148346,9.185678
32.516418,21.064924,20.172012,51.929420,15.674973,48.754974
25.041937,16.989771,22.425331,67.527832,17.237429,39.357353
8.823571,6.070151,1.789764,12.142791,3.626020,17.389544
11.699594,7.864724,3.417295,21.183107,6.120420,9.783986
15.351769,10.574585,4.812279,16.266317,3.135844,13.422577
30.280720,20.211172,12.838403,30.001101,8.334195,24.735809
27.051056,18.045139,8.450715,49.467175,14.146479,19.795809
18.838409,12.492774,5.089847,40.596691,11.266150,17.670752
13.860007,9.548990,6.595119,24.431665,4.888311,10.935873
50.021870,26.954716,42.982986,143.549103,39.015327,106.177116
5.052745,3.299050,2.734804,16.865814,3.870734,5.136898
52.884041,33.145264,23.784948,153.094086,42.055569,97.576447
5.622795,4.056704,5.901952,18.365171,4.409243,4.167376
69.181664,40.807308,33.834553,113.390633,29.077452,104.495430
6.440996,4.236995,4.057894,33.128422,7.809975,6.081207
25.425804,16.822504,15.888708,88.012489,21.601164,41.853134
17.948837,12.162379,5.374044,23.706234,6.594105,20.904654
25.446800,16.362474,20.183563,108.042725,25.284130,55.882450
25.805962,16.782492,9.427531,28.268259,6.564987,33.164856
21.220106,14.142706,23.558516,58.670269,13.901802,57.647701
15.653554,10.878036,5.991011,22.497158,5.516168,13.192478
63.645557,40.783615,25.489470,74.674622,19.171848,26.208838
27.202110,18.341743,11.323555,50.861012,10.797675,34.665222
8.752714,5.752480,5.606747,17.127159,5.828410,10.223596
24.404276,16.252443,16.769289,52.644711,12.695477,81.280663
13.655911,9.594530,5.978460,19.367426,4.124906,7.602440
31.887993,21.290493,15.458305,58.236042,15.675488,21.713486
7.928080,5.414493,3.564050,12.377939,3.254044,3.963569
18.991112,12.557388,18.830572,34.107025,8.604063,21.608694
6.906935,4.685071,3.555176,15.907731,5.112655,4.441745
9.242259,6.361490,3.333274,16.597597,4.533247,5.695244
20.768768,14.149264,7.038548,31.055054,8.422469,11.224308
8.010673,5.349413,2.786222,16.589525,5.051199,10.228987
22.592672,15.196012,6.734487,29.761385,6.971841,18.325735
9.746468,6.935697,4.509638,22.277822,5.857403,8.261456
6.803692,4.678711,11.575414,52.157909,12.310262,37.492462
15.527575,10.705647,5.959792,19.802410,4.779982,20.116575
20.191673,13.243443,6.789767,28.584848,7.645471,29.675684
8.051586,5.787646,3.025246,12.878679,3.182844,1.573450
16.834599,11.631062,6.270863,29.836216,5.712902,13.132275
33.609627,21.815811,9.958628,29.373669,7.276282,13.589769
20.853573,13.788681,5.116954,22.366135,7.223619,13.551635
12.812167,8.977784,4.444619,14.593593,2.902951,10.197032
28.936365,18.438784,19.176291,52.512482,16.001541,30.476086
28.737347,18.816214,8.497512,30.326929,7.338996,24.034924
19.797270,13.062245,7.955778,40.630188,11.021695,11.730779
29.412806,18.057493,31.725485,123.619820,33.009842,81.033325
21.454952,13.253352,23.886883,116.682007,29.914375,104.833145
36.143864,20.965736,22.544870,114.642921,29.052225,114.819824
22.813049,14.848757,8.712176,41.578125,13.300991,23.290956
34.996651,20.101933,28.315004,95.772507,25.807529,84.345131
15.554356,10.965293,8.131593,48.675529,12.665782,17.367367
10.802372,7.518415,7.579132,46.133755,12.933640,39.023979
39.305264,24.637520,19.013054,59.642982,15.246858,28.736679
16.484154,10.984806,5.943700,18.906174,5.577753,22.297911
41.972240,26.782021,38.985210,134.454819,35.469601,99.766373
30.563465,19.895153,8.996424,38.344364,8.630773,30.695757
26.775017,17.854523,10.937795,47.824863,11.888046,32.695999
23.244270,15.914304,9.152656,32.456219,9.585986,18.711325
12.924666,8.914576,4.936069,18.204916,5.225235,11.951253
15.655123,10.357879,4.796926,14.731898,5.020700,3.039878
33.229641,22.094526,15.317657,57.787582,13.310303,23.023600
9.438867,6.529356,2.862920,17.074015,4.524765,8.975229
14.839643,10.528970,3.883516,18.542227,5.246729,11.127949
22.848824,15.165240,18.595451,54.427322,15.145570,44.740219
9.520584,6.631924,2.588385,37.281166,10.468708,10.606659
18.308050,12.315189,6.575732,33.669250,8.367482,12.560711
35.013527,22.468370,17.787407,67.606491,18.067675,50.325695
38.301071,25.292761,11.776151,46.781265,11.570991,13.073398
44.669151,24.984915,74.299263,247.249664,61.618660,300.317017
10.156625,6.649301,9.972746,38.801132,8.596389,14.087268
29.438639,19.720181,18.296438,70.133629,18.068989,6.018842
15.058081,10.377459,5.635199,16.040545,3.406566,7.688873
27.151234,18.457916,12.032011,79.919319,22.260229,51.576992
25.491211,14.851641,38.847233,110.302444,27.879629,91.106178
12.015024,8.189001,4.033976,17.065556,3.818915,4.501595
5.414491,4.081190,2.657961,12.889503,3.797502,3.297781
38.556393,25.030420,18.379219,57.405708,14.154707,32.043293
13.515353,9.212350,2.916650,19.204218,5.067641,6.577844
10.209818,7.085574,10.526894,70.427849,19.405960,11.736681
13.288869,9.221387,6.226227,41.840359,12.115219,23.287827
31.574358,21.246212,13.980685,45.928791,11.542453,6.496460
7.885966,5.579141,10.470764,36.134216,9.454633,15.419127
10.553470,7.431362,4.410580,11.622089,2.492578,12.832445
10.251391,7.232649,3.423038,13.629656,2.853183,9.145709
9.028790,5.985455,1.774961,8.847861,3.045010,4.997777
26.192228,17.536251,11.013404,52.158230,14.174362,20.718273
21.053007,14.565945,7.036457,24.789768,6.591064,18.717651
12.123606,8.318146,4.660786,15.274408,4.266689,9.802000
32.870708,22.086710,12.200364,59.853764,13.721733,46.993595
27.098631,17.971258,7.027091,41.587513,11.241086,7.227976
5.312025,4.062163,6.304106,16.710093,3.960396,4.087835
30.056257,18.112551,35.371216,162.987061,45.604057,145.481155
17.397871,11.750940,5.176728,38.393169,9.898107,9.003112
31.675003,21.258263,9.337387,35.508011,9.634189,22.367510
15.559726,10.499204,5.865403,17.111969,5.227786,23.935984
24.270390,17.000484,17.469749,77.003761,19.669737,33.328125
38.295464,26.078014,19.282936,49.894974,14.027625,32.106644
18.190166,12.245128,6.467987,19.217443,4.932839,25.467236
19.139093,13.608017,12.834737,49.318085,13.636503,10.182873
32.659386,21.615494,25.746386,41.950706,9.634778,35.566933
17.310446,12.037700,6.084206,20.486315,6.090112,9.019423
4.699696,3.187724,2.860001,21.412529,4.840837,6.842910
41.124302,25.761217,13.506676,45.925945,12.157985,29.163605
9.666999,6.491510,4.298773,16.583244,5.586359,5.331797
8.945597,5.931179,3.556804,6.797606,1.992054,1.783990
20.362110,13.257542,38.029354,96.327621,26.424419,63.390560
11.985089,8.439358,4.466763,26.596506,5.495790,14.656739
14.058720,10.100091,4.342517,13.250923,2.783103,3.623083
4.387283,3.132310,2.759978,16.150473,3.835354,13.093000
13.136066,8.689819,4.571926,20.637175,5.832062,19.141333
5.677590,4.114749,7.656662,19.494865,4.366639,8.923933
14.906699,10.470725,5.251789,13.970419,3.963069,9.917255
14.774295,10.012191,10.554418,49.242142,14.920574,45.300968
8.425947,5.663041,2.032919,9.755476,2.807506,8.535243
12.115408,8.618981,3.957378,27.911390,7.477741,9.633805
33.944149,22.992123,17.974970,51.892975,13.729014,38.446465
18.435572,12.684586,24.974367,56.879120,14.082524,25.066654
16.421040,10.862066,13.453048,72.018677,20.169806,28.375975
4.962323,3.435976,2.480266,8.600596,2.643342,6.873805
11.835263,7.920613,3.543124,14.060154,3.177775,10.863912
22.542959,14.659382,29.866089,126.615524,33.260937,71.626610
34.865730,22.003761,30.056040,115.392921,30.446087,74.501938
14.768756,10.215617,7.097444,20.156836,6.394113,11.139381
11.789051,8.304299,4.639380,12.861606,3.272084,13.528960
28.764252,19.495876,22.637386,73.168678,21.149309,35.565807
39.417641,26.119719,13.884930,40.198055,11.062289,23.660883
5.990394,3.951767,23.401653,186.691879,46.426315,87.169624
13.664682,9.867154,5.926942,29.930313,7.915082,11.072009
11.437801,8.305575,5.199684,27.491650,6.814171,14.249296
34.636292,23.018461,9.401229,39.633362,11.400779,22.006916
60.894165,31.473194,44.225216,167.792633,45.008961,147.343887
19.081301,13.169073,8.033328,18.245014,3.971259,16.333536
19.603176,13.051611,6.413887,21.522774,5.553644,7.776108
12.513243,8.829133,3.632246,17.675041,5.464849,5.326732
22.034861,14.537271,7.765760,21.908894,6.114118,10.981046
16.477068,11.505438,5.552785,27.733316,8.394181,12.018157
7.722251,5.157246,5.028650,18.668644,5.060898,7.248087
7.765114,5.196160,2.861616,10.624594,3.217324,5.396118
10.422674,7.247686,7.569143,28.735012,6.766040,19.035515
13.788233,9.683514,4.385579,20.582588,5.094192,14.303153
11.789240,8.544750,4.198398,13.740449,3.265087,7.615891
10.305606,7.048737,4.949210,24.337360,5.450117,13.216843
71.103790,40.252724,83.458000,189.663040,48.258568,185.767166
66.241508,41.357903,34.230801,103.751556,27.144823,77.136681
14.144284,9.552759,11.220419,52.187664,12.847973,23.069632
20.060431,13.179271,9.341034,71.116142,19.828579,30.401661
18.355097,12.508378,8.498681,32.966984,10.610328,29.334095
30.491974,13.362122,20.971466,88.326782,24.667694,52.294285
28.871138,14.601233,26.682926,121.077980,29.196276,56.276585
18.916346,13.179725,9.711323,22.582748,7.776417,21.945976
21.717422,15.121509,7.570419,34.958191,8.490683,25.403460
7.481525,5.619579,5.756345,49.438309,13.972200,16.062677
14.768544,10.554428,5.220691,15.702989,4.327209,17.285221
22.046366,15.216631,7.056155,28.976725,7.451518,23.450222
4.618936,3.481077,4.660674,28.245777,7.245831,16.492281
12.350114,9.081789,5.444100,14.056308,3.590201,4.831050
24.576750,16.945574,8.643510,31.765188,8.349660,24.913712
16.515320,10.943034,7.027716,28.338238,7.054357,5.683430
10.403142,7.224781,6.817102,45.289665,12.206792,23.929655
31.394701,20.717281,27.151047,107.309311,27.531057,38.167149
8.227466,5.143624,1.964508,9.211102,2.117944,15.249883
57.179054,35.381420,28.812340,138.383530,38.039608,104.315193
17.994301,12.310065,10.359388,37.599545,11.225075,15.864898
14.401690,10.041594,4.657648,32.183971,9.111173,4.317890
13.630939,9.194667,4.472725,5.467215,0.614972,2.186280
45.344227,28.800257,17.741360,70.506149,18.390398,50.937992
11.397357,7.892953,4.883417,15.732409,3.562804,10.962386
8.026438,5.618279,3.081455,64.186584,16.828035,7.937653
27.956430,18.362816,29.561581,133.523163,39.190746,84.520851
20.144512,13.716701,6.627058,30.572735,7.124043,15.881781
21.670549,15.585238,9.072227,48.046589,14.640344,27.118839
31.030632,20.816254,14.820931,53.178547,13.862110,41.162277
21.183430,14.700977,6.661143,20.181580,4.888350,16.472336
60.609711,37.404797,20.980556,107.026321,27.940819,43.146317
15.167352,10.110468,3.594162,26.215912,7.212903,11.054160
11.143443,8.106909,3.072113,17.218882,4.381214,9.025229
7.824563,5.759867,4.145513,21.905342,4.637674,5.125559
4.800428,3.571308,2.076166,12.182985,4.080100,5.176721
23.284002,15.785893,9.832456,30.560963,8.195353,26.298069
6.859900,5.202031,3.658403,10.216498,3.505334,8.006907
17.520500,11.489486,6.140889,20.489929,6.072719,21.314936
31.464655,19.974028,21.440065,66.017982,18.395636,32.991333
38.591343,23.009285,21.140148,74.781326,19.157082,81.726692
20.808414,14.435807,9.162894,20.243290,6.118841,19.002779
6.018981,4.387309,4.251452,23.933514,5.848809,19.317644
15.770369,11.086896,5.557372,34.665806,10.343772,10.424915
25.388145,17.559536,9.719004,43.153179,13.200025,21.791237
24.702633,16.782354,20.754406,53.068203,13.168925,27.031189
16.519098,11.663740,6.545283,28.591345,7.630593,17.627630
20.214231,13.084826,17.620132,60.171631,16.790539,44.887768
19.170162,12.708987,15.329103,64.766083,15.885968,62.728382
23.159788,15.975213,7.573612,28.778965,7.088612,12.052773
15.537984,10.706475,6.473130,18.896461,4.770471,9.586179
23.798302,14.781502,17.055569,74.975227,19.213459,63.019238
24.026897,15.915457,8.065760,37.215836,10.883836,37.282871
30.664618,20.358692,10.454593,50.678558,13.087516,26.275232
5.313743,3.810736,2.091224,9.737335,2.651957,5.079484
18.187832,12.726090,11.001908,56.371052,15.780562,38.320515
11.233126,7.535398,10.536438,52.919155,12.778222,16.632219
20.049322,13.695298,13.841182,58.183422,16.103260,36.697880
13.131270,8.947995,5.192878,13.081858,2.943342,5.590232
43.745461,28.283417,25.425243,99.191910,26.012789,84.676826
17.831450,12.114148,4.965348,24.554592,6.021355,18.566223
13.135941,8.973747,4.887567,18.249590,5.917375,12.088347
46.340309,30.947237,12.211498,56.112595,14.447116,27.208136
16.766718,12.216281,3.251077,31.959518,8.829558,7.420183
24.858423,17.076309,6.990570,27.290833,6.944788,18.007822
9.736305,7.111327,7.148022,49.067455,14.016068,21.001734
14.228556,9.928045,4.506571,22.125677,6.050216,5.470958
9.818277,7.084858,7.593610,34.972992,8.577164,14.407926
22.362776,15.721366,5.496292,25.555878,5.710359,17.433832
11.890471,8.146477,5.697428,19.083200,6.483128,14.657782
25.213537,16.769129,10.070849,28.951571,6.603649,27.690523
13.250312,9.182053,5.061848,20.314054,3.934151,3.213689
30.493526,19.855917,10.440735,37.872223,9.960368,11.696018
15.025385,10.288825,6.025689,16.023985,3.810320,9.238477
42.500549,26.211983,29.105312,121.827156,27.529472,54.367855
20.657028,14.107117,6.213172,27.435986,9.363861,24.294117
13.150973,9.155940,4.019741,16.289206,4.321003,15.782217
7.543221,5.226439,3.084055,13.367587,3.925679,8.008195
11.522297,8.099010,4.975624,15.078942,3.063235,4.630456
14.336998,9.583125,11.811659,27.261005,5.629461,4.972396
6.179089,4.304405,3.425645,20.623253,5.726383,5.117146
25.954430,17.864326,8.247425,20.714027,4.035807,9.322837
10.325072,7.138472,9.337172,47.959763,12.276035,36.464745
11.558810,8.195713,6.581675,29.155451,6.857018,7.040289
27.058973,18.446796,13.346812,53.688324,13.562627,36.005604
19.008915,12.919275,11.978806,64.454544,15.954135,17.556614
18.642406,12.498444,9.061884,56.874733,14.755177,21.399216
67.267479,40.308342,20.763258,89.324844,25.040306,55.067184
10.072222,7.154090,4.951934,12.586169,4.622439,4.654727
15.518449,10.881589,4.984565,25.149010,7.984179,11.640785
4.793474,3.241321,3.729712,28.662659,6.950988,9.801689
14.145089,9.479888,7.879470,69.377617,17.626959,32.212635
20.621149,14.485100,6.218448,20.884375,6.391049,14.508182
36.299648,23.827658,14.198093,38.800800,12.201630,42.386353
7.634450,5.640326,3.276448,16.244469,2.886975,7.816611
19.221546,13.294226,19.659683,69.576691,19.645376,53.643578
7.992317,5.500215,4.791263,14.372070,4.246540,6.541504
65.097725,31.253979,72.349922,279.005920,73.803360,209.135620
35.683037,23.578430,28.227194,118.621864,30.005215,88.781097
35.713020,23.749434,11.989573,54.437031,14.672441,37.978699
21.174881,13.803800,19.401253,83.837479,24.342733,59.898136
19.891378,13.501086,7.043426,40.900738,10.772614,25.710930
27.707449,18.505135,9.732232,40.777363,11.239866,21.940014
23.975838,16.347275,7.424497,26.156956,6.902627,13.496132
11.156945,7.382625,5.214972,16.181042,3.262645,15.304953
19.076319,12.944467,11.697236,66.541199,18.157682,38.303528
26.584398,17.782566,10.547591,64.911148,15.847128,23.413322
50.959969,30.119677,16.659012,62.175194,16.168800,19.176485
9.633980,6.851005,2.794194,11.566485,2.776084,7.196069
14.071273,9.880294,7.044156,17.349417,5.303483,6.281644
21.213308,14.328794,17.788979,56.464390,14.694445,37.285290
43.392422,26.778091,19.978041,73.121323,17.373386,43.062691
12.974900,8.587393,13.871684,64.513855,15.872238,25.163246
17.930347,11.712514,6.180109,19.550062,5.167602,14.863292
25.783430,17.994343,9.879801,41.680325,10.585468,24.221472
23.847757,16.005013,8.384296,52.158592,13.437067,58.696594
7.010313,4.770026,2.941291,19.188955,5.525945,7.336849
19.824562,13.090651,19.387920,54.008373,14.879658,53.258991
47.677902,29.790045,37.620525,164.680389,44.694038,142.992340
8.703664,6.273179,3.685745,11.840006,2.943871,8.323133
11.170202,7.804509,4.070240,15.900196,4.992715,2.528029
11.549114,8.171086,6.750283,28.180695,7.316457,24.357510
36.735409,23.499529,27.998285,121.880043,29.012901,51.988495
26.852932,18.352102,12.481553,44.797947,10.436818,20.300726
22.315807,15.185319,15.713588,54.091709,14.963545,37.228642
22.316055,15.165318,8.767136,43.802067,12.231056,24.446795
11.172762,8.020327,3.906491,23.033276,4.770581,10.922946
12.378493,8.486828,9.378635,40.681114,10.497381,9.930898
25.966141,17.728016,24.957258,114.499336,30.064146,123.411972
42.537819,26.914772,16.022865,26.589977,7.276289,15.142433
28.751196,18.481766,15.776810,71.729950,15.705101,18.675982
14.288997,9.647931,5.432186,22.574808,4.902537,6.878644
20.472317,14.542774,6.742320,23.181677,6.401416,12.609471
15.609757,10.632729,11.387140,35.351898,9.849327,17.491167
5.546146,3.942337,6.078611,53.529530,14.876431,25.259449
48.196918,29.643162,37.042259,170.195908,41.249943,116.302971
6.787637,4.874961,1.541607,9.439889,2.520842,4.487631
9.355747,6.635896,4.578132,16.845884,4.464376,11.335481
10.444212,7.295760,14.011834,26.308590,6.276774,11.900522
12.644062,9.003646,5.355720,39.162376,11.445103,44.034813
7.740085,5.367211,3.503547,12.444834,3.024588,8.165918
35.470688,21.753426,31.833536,98.486053,23.417665,66.921608
13.615772,9.076324,4.675204,28.672447,6.154217,18.117214
52.687794,30.992184,50.166950,248.237473,65.314583,133.763107
64.845161,39.950691,39.792107,116.838455,33.308815,62.489101
27.457232,18.085981,22.722752,79.493973,20.411667,39.653332
13.117956,9.347798,6.718557,34.049129,8.598759,13.200297
15.714149,10.685843,5.216924,14.842569,4.554454,5.315669
5.994963,4.305106,3.203797,14.184139,4.166315,8.750578
14.360548,9.957681,6.605052,31.436857,7.425945,13.248904
21.285036,14.458774,7.209065,43.144463,9.893731,12.514740
16.571297,12.076257,9.191326,35.435257,8.846545,26.142387
58.474483,26.590326,47.724197,231.286392,63.297047,122.300774
6.251192,4.277610,1.798804,13.871425,4.203728,9.565780
45.382191,29.840477,65.998512,165.420410,41.571255,142.753967
22.606815,13.831558,19.578678,75.595779,20.616747,93.020798
19.243938,13.416106,7.279209,33.367001,9.340379,26.146063
13.706903,9.894059,8.297821,33.470558,9.565442,5.313054
17.810234,12.081091,33.123287,72.245102,19.849730,42.373878
68.755836,40.170113,25.513597,108.519730,31.314619,94.781342
13.114472,8.990359,4.934891,16.135687,4.402138,12.723500
21.282900,14.059944,7.307391,37.517456,9.449705,36.694038
17.976910,12.619788,37.161716,124.525230,34.878654,99.627899
26.861368,17.915102,8.965671,25.097095,6.674225,9.758726
47.104710,26.881668,52.704151,156.265182,38.535206,73.941940
12.746582,8.660930,6.628430,24.958385,3.797879,6.229002
38.902428,24.925858,16.510473,64.381813,17.131756,43.282219
33.703163,21.555019,27.565680,100.960388,24.965021,71.233322
17.775980,12.475319,7.400065,53.053612,13.682248,23.686121
26.446619,17.486931,21.217981,69.722839,16.844574,59.933418
34.008698,22.287628,23.571762,106.167747,28.694431,69.525932
25.063892,16.388308,13.002579,75.895485,19.661913,38.969711
12.263655,8.807832,4.003301,21.925589,6.069236,10.370813
20.136120,13.795714,17.686615,57.579647,14.951971,47.566517
8.927378,6.096195,9.585381,30.343164,7.694114,15.544542
33.051468,22.356091,13.394596,58.363796,14.532250,30.934761
25.120050,17.231770,28.351601,110.505699,27.834986,70.909790
28.413900,19.097240,7.797785,27.536844,7.597413,26.966091
12.774534,8.736228,5.496087,20.707575,5.268109,13.005917
22.922318,15.510448,12.526580,55.086281,15.311687,25.482655
17.458447,11.216619,21.706078,132.790680,34.581261,70.532944
55.104736,30.952564,78.146004,327.359009,87.042526,174.397507
22.351223,15.233470,4.332586,40.717175,13.035175,17.520901
22.035360,14.502562,44.887852,133.233246,30.353426,89.192711
14.026654,9.243356,8.377232,32.795189,9.338612,14.823779
31.288799,20.239506,23.620670,132.710907,34.621433,81.776001
28.862488,18.612276,19.196365,84.979271,22.518650,51.826893
11.383510,7.955493,4.128515,0.903601,0.389738,6.746944
27.858812,18.186056,10.026251,40.965225,10.726405,16.887423
38.141312,22.619703,64.305481,248.545624,64.161293,147.539871
21.977856,15.036779,11.560178,49.587822,13.145661,30.807941
8.967985,6.350361,3.737813,17.621599,3.399925,7.322901
42.722912,25.167976,34.391216,174.737625,42.989918,114.318352
7.715184,5.411245,3.843406,16.418652,4.185544,5.293200
37.631592,25.090101,12.956014,35.353088,10.262748,25.073103
44.206944,27.285784,34.354412,141.742874,39.528572,91.639526
23.121758,15.366300,9.082466,33.346703,8.856747,30.557711
15.282328,10.168493,6.856034,23.502144,7.177099,9.476844
27.546795,18.134342,15.697474,56.329937,16.109276,48.102558
21.749603,14.892397,7.716139,33.530334,7.754716,16.678875
28.004499,18.415369,30.442347,113.936653,32.021019,79.477837
52.410484,33.972652,12.977880,53.580795,13.682522,34.715908
31.460032,21.586218,11.139194,48.391754,11.426262,27.525059
25.942650,17.955715,6.871623,28.805431,6.672885,12.525659
12.242793,8.834919,5.476209,18.201971,5.548536,10.859712
21.771809,14.743447,6.185205,31.622211,7.551704,14.687190
28.986135,20.249813,8.538927,25.255301,5.886182,24.047693
46.631508,26.376406,29.388187,116.335564,28.479561,76.064186
32.240707,21.752888,11.086183,36.836857,10.494538,22.209703
43.678314,27.460682,24.784494,49.678753,15.018335,51.782898
53.828796,33.635113,25.182690,65.620499,17.265600,47.123142
24.254250,16.673136,7.783548,29.209183,7.791489,28.119852
32.244511,20.594538,14.985394,57.207680,14.848253,30.205532
39.532467,24.688597,23.605152,68.856628,16.971630,90.490219
9.303380,6.777217,4.262410,16.541361,3.583755,13.332209
12.107205,8.221137,7.169729,36.409176,10.016987,29.382036
18.751209,12.760096,7.467787,20.865219,4.880207,19.636362
11.127520,7.351934,2.947318,17.883940,3.547447,18.466307
19.141171,13.302894,6.320374,33.033676,8.720213,16.462702
65.354485,37.783909,69.733139,230.747955,61.577278,174.348969
32.896107,22.177002,12.031895,57.537594,15.492540,30.325212
12.707294,8.631535,18.779299,57.135498,13.661566,23.288189
23.210531,15.958032,7.111247,28.255072,6.828220,17.850042
21.911882,14.609382,9.005018,58.432400,14.215265,34.895462
54.059174,34.821629,74.452103,265.003174,72.029129,153.181870
9.487834,6.844372,5.801400,34.562984,7.600328,8.423356
21.632963,15.373713,28.459723,146.604553,39.737423,73.818596
5.889956,4.180722,1.999280,12.728038,3.719813,8.086263
31.117901,20.711893,10.740721,37.893116,10.260443,12.335790
24.756447,15.695146,17.605206,95.097466,25.352343,53.137520
26.720594,17.886124,9.661473,37.465019,11.830387,18.528399
41.556202,26.004353,39.006359,208.881897,55.201023,88.756210
19.183891,13.080075,5.912833,40.567257,9.091741,15.637304
13.101007,9.492334,5.601235,22.782255,5.897954,7.437464
19.307987,13.159583,7.981172,29.956633,7.946330,15.064647
18.793449,12.695034,6.009620,34.187160,9.402181,10.895001
18.544985,12.907430,8.459382,22.716923,5.876035,10.505471
17.502020,11.794335,7.054973,28.927979,8.206703,28.034630
18.647558,12.588029,9.200617,37.106899,9.763108,33.601025
11.261443,7.970291,4.307690,33.630806,9.772817,14.937428
27.448179,18.416059,9.376060,28.506351,7.004153,12.708650
10.608881,7.483905,4.050374,22.946182,4.043365,10.834882
23.986187,16.567123,6.079422,22.804737,7.002703,21.209902
24.528494,16.247705,7.534607,33.265663,7.537874,25.167803
13.115604,9.228140,5.761354,17.868279,5.103072,5.960569
12.110651,8.170532,5.195553,27.846165,7.669930,14.615552
33.473698,21.613480,17.462511,76.433235,17.031771,26.953268
13.664624,9.824439,4.214388,14.644763,5.023191,7.227659
11.937034,8.024743,4.302775,23.522434,6.011102,14.079084
25.441456,17.602524,7.330467,7.185757,1.329351,16.603609
18.866814,12.383367,20.852743,68.318604,18.286909,42.097034
97.902992,54.219105,65.011375,252.147324,66.925644,212.252380
17.295788,11.732275,3.824596,39.674221,8.469599,13.428694
28.360453,19.255411,12.766145,47.542286,12.075561,32.717739
25.157528,16.428322,8.311898,35.349487,11.207614,22.098301
16.424864,11.526232,6.430999,38.244484,10.521629,17.263519
11.979890,8.161781,7.560888,40.619946,11.774967,72.794136
20.837688,14.035700,16.778824,79.079376,22.363747,22.389685
27.184736,18.347399,16.861906,78.378166,21.923336,38.890892
19.480009,13.634886,6.197763,22.909172,3.898517,12.498391
10.436563,7.001866,3.332370,18.100855,5.500328,7.355873
13.459613,9.390634,6.699801,33.729855,8.970403,20.143797
11.452153,8.131473,7.126273,34.177135,9.812356,26.916214
49.561256,29.476439,30.587399,118.833595,29.368164,94.229111
15.522673,10.768078,5.647789,42.753052,10.426095,27.872965
20.295309,14.112663,20.037138,77.361572,19.882561,55.829811
9.306532,6.239442,1.368301,8.163406,3.199735,4.877339
49.946781,31.692055,15.822821,47.507122,13.869543,39.652580
73.909866,38.676327,82.776459,253.984039,63.834278,185.851105
23.728998,15.982028,8.218168,40.157295,11.131873,13.683805
98.023521,46.048912,116.039772,370.182404,91.808083,237.732285
25.931612,17.494228,10.239893,56.230904,15.619415,31.887981
37.117176,24.383699,10.967528,63.956409,14.510790,15.827548
35.213314,21.463499,36.016720,129.685196,31.056570,73.260696
12.093946,8.311748,6.233155,19.552372,5.863754,5.987279
32.133732,21.704287,8.407786,38.178207,11.286294,18.255976
19.604010,13.070405,6.903152,4.219384,0.275555,10.984503
6.283730,4.605522,3.247056,8.594227,3.192267,6.418208
30.531189,20.631748,8.116752,30.855673,7.975392,12.039815
53.146530,32.288395,17.998791,90.148987,23.453274,72.585892
18.897989,12.717597,12.787669,48.923626,15.489549,66.652878
39.853611,25.118034,30.008024,192.804810,52.703949,123.446060
20.548990,13.955209,7.769032,30.806343,8.431102,26.510878
8.698921,6.245560,4.233549,25.599321,8.222553,11.785992
18.572485,12.844983,11.476497,54.110840,13.248273,40.814762
27.143169,17.548296,10.590075,44.542263,12.177927,26.180340
44.135700,25.714159,40.446651,141.714020,36.732162,87.990982
48.953884,27.112848,49.559525,130.709824,32.242020,110.920464
16.095772,11.252335,6.577137,34.706997,8.432090,32.534744
8.219584,5.673876,3.001432,15.626689,3.938708,5.442824
25.336714,16.586058,11.049641,29.979713,7.966097,14.653337
24.012871,16.707727,8.822544,4.601470,1.109560,24.422920
27.604986,18.445210,10.374098,30.405468,7.512685,23.165422
43.504311,27.053341,22.432175,79.985878,21.239079,39.684059
21.214333,14.776836,7.292494,34.025349,7.845852,14.913324
9.074408,6.176635,4.414956,20.067894,3.248288,5.719334
27.296848,17.633476,19.311172,85.295158,20.243204,27.008066
6.932273,4.586076,4.706691,10.049462,2.818877,3.726555
10.550313,7.093622,6.059759,16.186605,4.377665,12.453008
16.828650,11.419185,4.171355,19.839327,5.295103,11.613552
19.501305,13.116722,4.661863,38.506477,9.968456,22.340162
14.919431,10.432709,12.714470,38.530338,10.682777,16.274620
21.004044,14.183240,9.822723,36.779823,10.052497,32.102913
35.633717,23.831226,10.236428,58.695747,15.092293,31.682398
12.275282,8.555237,5.775506,20.920551,6.149815,26.024210
24.018345,16.388033,11.390902,15.605753,4.498869,28.299940
12.058486,8.727779,4.458579,13.324915,4.555977,16.122816
26.317238,18.185177,12.260068,56.637486,16.483282,48.571903
17.540648,11.988672,25.973135,121.743874,33.879421,63.230068
23.102879,15.737411,10.571113,57.230362,13.680922,26.948130
17.470320,11.878299,20.712927,61.905098,16.562334,24.669683
17.659986,12.615087,6.297344,28.984219,6.607635,8.564217
22.681572,11.706337,18.232155,57.245682,15.476963,28.383682
17.754168,8.284962,11.087128,45.628498,9.330978,16.577848
59.952671,36.980923,34.528343,198.851898,52.323277,86.398514
5.832757,4.438211,3.036635,8.694194,2.672229,7.240457
30.446693,20.659559,7.763346,40.578758,11.748601,27.229584
31.481157,21.674606,9.887584,48.503796,12.931829,18.250679
20.715500,14.359618,4.502897,36.662910,9.011085,13.478580
12.796382,8.935953,5.349427,19.184311,5.708726,13.626184
27.106562,18.143297,10.853231,57.906624,15.369375,35.588642
9.696102,6.405449,10.111119,36.399353,8.886455,14.347731
20.685059,14.412854,17.585423,57.366905,15.400766,29.209974
41.885307,26.824070,48.131886,164.633804,44.472328,114.771202
5.652596,3.742490,3.466913,30.440153,8.701392,7.801209
21.471300,15.105983,7.619211,8.965503,2.014490,18.573191
32.640667,21.892218,15.642032,30.297651,7.146051,14.879909
11.314267,8.045938,9.709750,46.319881,12.303014,23.847094
10.830405,7.579670,7.106790,32.134315,8.302334,6.791894
72.045395,39.681499,32.377625,128.722595,34.555252,65.855598
36.240673,24.949974,16.903793,77.721970,16.168177,22.843563
14.477919,10.235287,6.038723,20.202063,5.716903,14.552171
9.012011,6.195467,3.720838,16.776737,4.270128,9.978332
34.058807,18.143127,23.451700,93.660461,28.334311,91.445503
38.242203,21.381306,29.601719,133.684525,32.303795,109.318092
7.765787,5.463272,4.069339,29.431028,8.244619,21.539474
12.546812,8.873034,3.840245,9.887547,2.874157,5.690618
16.563812,11.374305,9.374495,40.388584,9.374910,21.929821
12.277236,8.465470,4.030119,23.244059,5.561695,8.603256
35.014080,22.704437,20.032856,61.728680,14.669006,20.374603
33.172531,21.502314,22.235725,82.523048,20.239576,41.189541
18.114405,12.399199,5.289024,22.268768,5.036162,15.818000
16.754681,11.124371,5.315361,19.211063,4.549310,17.853012
6.781431,4.621137,2.826027,10.692239,3.348196,12.369010
9.302235,6.402915,4.425426,30.101915,6.522243,17.230553
13.560153,9.706486,9.481941,54.464169,13.519983,27.684435
14.268103,9.845885,4.057643,20.466797,4.834363,11.849190
11.192000,7.905201,4.077095,12.445982,4.235415,4.556389
19.885397,13.706258,7.520932,29.288855,6.407852,13.557364
19.084642,13.349529,12.065981,44.932976,12.826627,42.487473
16.430117,10.761586,10.578068,56.336006,14.820014,46.170979
10.042654,6.830965,9.522302,37.825382,10.362024,31.557508
15.440627,10.480923,5.489618,31.639103,8.211575,10.228236
12.720400,8.748772,5.205742,21.744543,6.589810,15.308453
16.140026,10.986205,5.833849,28.337505,7.309732,10.652779
12.132285,8.337471,5.717421,14.066809,3.736286,13.501719
18.682226,12.959444,10.191730,45.215809,13.996901,38.158268
18.097471,12.828012,5.145577,24.458961,6.037409,16.368498
16.248055,11.215870,6.707268,25.846497,8.056141,17.777494
66.716484,37.966808,27.688091,92.472488,21.984827,82.549026
28.628859,18.688974,23.694374,77.537689,18.805346,38.675812
13.996124,9.848639,4.454761,15.493566,3.634358,18.492022
9.321714,6.274706,3.747190,24.711321,6.378557,15.340959
17.613071,12.271593,10.528995,51.209839,13.939138,18.025589
17.260826,12.056212,5.906815,23.306828,5.212361,12.080282
46.007763,29.803747,34.584095,157.141693,43.480377,123.452034
18.386305,12.585547,5.800570,22.877384,5.494063,11.944725
40.081848,25.701355,13.977246,75.387192,18.531322,64.280739
19.792900,13.504075,8.086496,24.474148,6.989190,9.685690
75.558037,44.503540,64.399582,296.265747,74.495224,173.716843
21.244852,14.499999,7.316538,23.093086,6.480650,12.226597
24.056183,16.168840,9.939034,28.063540,7.450799,25.802727
12.526447,8.780665,4.243098,18.658960,6.074609,11.783401
29.211792,19.769796,8.035902,38.626129,10.729266,26.187094
21.415833,15.032473,7.870601,40.199051,9.277771,26.387590
4.484507,3.228687,2.245914,9.103597,1.078843,0.765182
12.246311,8.535396,3.946936,14.220695,4.020009,11.188416
29.290121,19.134123,9.187861,45.479965,12.960103,19.916981
48.150948,28.053205,33.723484,182.591751,49.548306,102.415237
32.554562,22.295197,12.879326,61.198280,17.028446,49.206219
49.407581,30.369680,28.805561,149.204926,40.808487,63.035309
42.217545,23.859470,29.077755,165.718979,41.225189,92.425591
21.935230,14.873692,5.747849,27.885113,6.624269,15.954389
6.698684,4.830211,15.569228,57.942200,14.734714,42.690098
5.972318,4.087547,3.981534,13.000644,3.766855,9.980152
23.300331,15.556624,15.335920,58.861477,12.626871,29.498838
27.464554,18.162539,16.882706,60.858868,15.812145,64.574097
64.333183,40.320862,21.934036,75.060074,18.681538,42.628716
31.055950,21.429506,16.091949,67.775169,18.957029,36.377903
12.479612,8.586387,4.925424,19.536266,4.268921,9.554016
29.809223,19.864950,13.765032,49.396851,14.687911,23.515211
25.308868,17.140890,8.996684,40.252117,9.787545,27.237854
62.768177,37.130592,24.317757,74.418701,17.966476,62.193932
34.781013,23.577131,9.166406,23.486565,6.542937,37.007320
22.027693,14.992808,8.443429,44.325523,12.191650,35.174274
12.533792,8.760363,4.784629,21.254025,5.575272,16.717697
26.501059,16.331385,17.879925,62.099220,14.410839,40.762196
18.791988,13.047504,6.317107,37.392372,9.801000,20.185255
43.623989,27.454092,26.402431,174.149155,43.759243,80.234451
21.986248,14.991220,7.427502,29.045992,8.548480,23.469999
52.385094,34.560043,15.754174,73.878448,19.528437,54.397556
34.374249,22.652462,35.592167,108.364662,29.583178,102.851425
74.486076,38.079529,109.872238,382.600494,96.649216,250.439758
105.026619,51.577240,59.030369,161.192596,41.277225,66.143227
52.878056,31.799442,18.729595,81.719215,21.127653,30.662813
32.069656,21.792904,12.247772,78.181244,20.358210,51.706791
6.919942,4.986388,6.458458,33.226097,8.203093,33.366051
19.968472,13.441470,6.406804,21.133818,5.523890,8.105981
48.133408,29.328417,54.474369,146.101715,34.106567,146.990494
30.959219,20.438910,9.120832,35.488087,9.462646,11.399978
23.389338,15.250344,7.094490,41.873146,9.440907,11.961529
20.436529,13.943183,7.056458,24.778248,6.556803,7.082157
25.762238,17.334478,9.885102,37.971283,9.236582,22.367989
30.578152,20.823839,12.330670,42.156059,12.043339,15.089787
9.475255,7.090912,3.997067,15.409259,4.300397,3.702999
12.849287,8.674840,3.243647,15.602871,4.137794,7.070910
25.475119,17.395956,8.012662,33.005024,8.073219,13.777474
7.851083,5.587114,4.000598,15.192264,3.562125,8.057534
31.471518,21.352427,9.218697,37.749714,10.210894,19.086802
18.734259,13.201046,6.177247,22.598316,5.956261,18.242462
10.463183,7.481324,5.793013,33.483475,8.289321,28.598448
13.356554,9.528309,17.173733,70.550850,17.782770,45.804790
13.293863,8.948152,5.408062,16.075861,4.385036,5.439539
14.264111,9.721514,4.624825,15.225954,3.160668,10.768958
19.715195,13.212129,7.617962,37.176304,9.349496,18.469358
8.284004,5.788217,3.982136,11.101544,3.558977,5.726279
32.403366,21.039297,12.473432,61.964890,16.332685,30.800600
29.231447,18.909307,14.363757,41.295265,11.331364,24.605528
46.535061,31.169477,35.386471,136.506317,38.604393,103.380264
27.792465,18.593691,11.394790,48.851398,13.445348,40.287003
17.528673,11.711913,6.010660,27.352688,6.952017,17.512239
22.689039,14.891436,11.319084,47.556583,12.682731,24.942781
18.877560,12.977989,4.626350,38.316261,10.854090,32.341934
9.060687,6.495797,3.477238,16.224609,5.163118,8.657792
43.358372,26.972254,51.030304,147.595154,38.788074,79.509598
31.851816,20.513487,13.725417,52.090210,13.230260,39.112892
59.773182,35.554031,99.327873,393.953888,107.718849,329.251923
33.555405,22.013475,21.453983,59.359211,14.898173,49.632069
28.643471,19.019728,9.263927,28.986174,9.628366,25.227262
48.685150,22.535934,39.333424,161.925980,40.485241,99.500923
24.950060,15.946988,28.536236,119.755745,31.281910,71.289062
13.613297,9.457299,5.695810,13.819148,3.758698,7.679833
46.316681,27.093031,42.434677,96.005554,25.275692,92.021027
22.788187,15.008693,7.550896,33.116123,9.229219,22.573904
44.009701,29.311352,14.900148,63.183674,17.717926,49.480278
38.912083,24.744400,13.164635,83.655563,20.437115,45.884853
24.814703,16.153461,35.904961,110.529991,27.828650,100.238167
9.755152,6.897608,5.202258,22.247505,8.050159,21.528397
18.616961,12.990355,5.613902,7.368362,2.278809,13.508802
29.455645,18.944767,15.560848,62.370861,17.823782,28.351587
47.212646,29.631706,24.272511,85.607719,21.687948,42.526867
36.775406,22.769150,15.256379,63.991570,22.440985,38.572567
23.893566,15.746738,8.165308,19.240868,4.065511,8.584160
7.461737,5.302462,5.107960,18.124880,4.898024,18.244902
6.924949,4.859127,2.366101,7.228298,2.384058,3.810892
23.141190,15.454087,8.357605,28.944618,7.636918,12.660291
26.779074,17.816351,6.737296,25.325586,6.411306,19.604347
26.518219,13.906416,51.303085,161.630936,39.506824,135.543915
24.155638,15.410801,19.730701,67.385590,17.700851,36.207878
24.869892,16.607674,15.471944,43.608700,12.971039,27.956436
24.459246,16.987276,11.581909,57.520042,15.328683,24.023567
7.529434,5.230518,3.585826,11.874347,2.960685,7.453074
34.710342,23.537022,14.714330,53.402023,12.699875,41.904591
28.585878,18.718542,52.803013,289.894409,73.214355,149.190536
30.059097,19.888882,21.214661,80.601418,20.587900,37.269970
30.922577,20.585558,10.450603,49.339684,13.181594,29.568209
14.832451,9.980891,7.109398,31.215984,7.799693,20.342154
18.099497,12.344841,7.078347,22.036554,6.105477,13.048296
24.771343,16.299057,28.228178,107.583740,29.311527,75.106552
17.667454,12.129437,5.006107,22.155697,6.712010,20.875296
4.819017,3.508765,2.722349,9.937277,2.484657,2.292006
10.707726,7.475473,2.022313,22.188993,4.921794,16.649656
9.641739,6.685054,3.489357,13.242325,4.072517,4.639322
25.420731,17.151598,7.091275,30.273342,8.163567,22.787458
15.371274,10.134953,9.865878,47.040321,14.573357,37.959049
18.898607,12.760950,6.899895,24.271116,6.852320,8.647419
73.231506,42.243435,90.726379,269.894226,73.005310,227.356842
14.854425,9.772183,5.794332,25.766598,7.157594,16.058880
18.918606,12.761409,7.501169,32.548813,8.398019,16.887218
20.684317,14.826821,8.758106,29.043230,8.692681,20.441740
25.788284,16.930962,8.897955,55.982620,13.699271,46.984070
23.216953,15.824683,8.987884,31.456352,8.553730,26.626223
28.315912,18.393568,16.098526,90.499275,24.698381,54.379601
22.128061,15.025105,10.110577,34.792152,8.695783,9.387698
60.624111,31.409002,51.178013,131.035370,34.202599,103.292686
6.932636,4.578937,2.585959,11.657238,2.766320,11.584563
17.306040,11.875706,6.355984,33.307533,8.777665,12.726332
9.960403,7.131187,4.759943,24.582491,5.993620,12.334360
53.682758,29.604650,47.750984,158.269989,42.467640,119.443031
59.683315,36.586250,23.688665,98.894165,25.506214,60.404736
20.826975,13.894932,6.580501,33.350674,9.427107,18.846943
6.590639,4.582329,4.775587,26.034407,7.460033,14.019946
6.407781,4.658204,5.146227,17.295635,4.665043,9.866135
44.490055,30.237980,20.554901,77.951935,22.200184,70.670486
52.205482,30.152437,22.710903,108.924858,28.388094,73.122627
50.043831,30.290270,65.060875,275.139923,73.077965,157.618271
26.621445,17.942547,10.728212,58.309261,17.897808,27.414101
35.203724,23.108007,25.418200,76.123077,17.944767,40.596458
8.610332,5.910657,3.997346,19.689386,6.029343,8.551024
51.410305,32.213554,13.306069,61.980286,16.114429,31.092724
48.122719,30.374371,42.613007,170.304611,45.334888,123.693413
13.795127,9.183755,10.432007,45.853138,13.482782,20.860853
68.177101,39.618271,35.912350,165.208862,44.079720,108.860725
25.642067,16.577585,24.641567,102.397018,28.184912,29.112816
16.419523,11.431077,8.173238,46.852077,13.188196,17.285334
16.792288,11.177132,6.554357,30.452940,8.088234,15.855367
30.374578,20.448889,18.383442,87.025444,23.427362,77.943169
19.379824,12.659674,11.652836,55.877140,15.131915,20.009159
37.309269,22.911713,18.940081,75.927574,18.837633,29.373846
51.203434,30.749176,29.056477,152.409958,40.275482,85.588737
23.343866,16.368519,14.114612,73.667938,18.347151,44.753536
28.015923,18.618429,18.281254,48.376808,13.137063,33.075649
5.035149,3.596263,2.086697,14.783091,2.334336,9.018064
40.922832,26.550518,23.764685,73.465263,16.516836,37.749283
16.432329,10.979337,5.857156,29.341164,7.593440,9.540328
13.371598,9.034615,4.466761,13.656935,4.214077,11.088715
34.976467,22.652817,8.970291,37.701408,10.464096,19.451300
22.690599,14.917223,32.989422,107.769661,26.694016,126.080902
75.280899,30.205879,40.112232,102.878151,27.721001,75.261711
72.655472,30.179701,40.261082,104.788528,26.857782,72.367401
26.784399,17.676840,28.482777,109.701385,29.274460,136.933624
35.911694,24.153742,23.479301,146.619385,38.744602,46.913570
24.667448,16.766521,9.058273,23.920767,6.052796,11.869109
14.223951,9.777381,8.179605,18.826626,6.484965,16.746517
10.592855,7.273422,3.622935,14.642285,3.624440,7.202951
7.715552,5.615964,5.088324,44.943031,12.143837,40.213440
6.839237,4.614628,8.665310,41.046108,12.517375,36.264732
36.033787,23.873154,45.077305,160.183304,39.545071,120.338539
17.888487,12.165124,6.862861,23.142252,7.933047,16.565723
21.287233,14.265735,6.413993,29.805433,8.566942,21.298721
6.934531,5.020830,1.967509,14.259421,3.201787,5.958684
50.199127,29.877934,17.824646,54.753708,14.414974,42.137981
29.857592,19.435652,10.639011,55.122490,13.490373,38.253056
17.226055,11.376950,8.398642,23.320532,6.323792,6.217500
24.886274,17.374790,9.130114,35.613022,7.827871,33.525360
41.234100,25.734575,24.582571,152.280228,40.480335,82.186989
40.169819,26.830866,16.353098,71.210495,17.385107,29.058519
14.119253,9.713408,15.123444,73.670830,18.009640,42.167301
18.315393,12.915784,7.460554,18.410002,5.321116,14.271136
111.737747,51.775963,57.162403,182.847748,45.008255,138.069824
11.865224,8.217445,3.928787,19.608225,4.959632,8.647117
12.840855,8.684744,4.263178,21.497595,6.785560,5.720164
43.256203,27.046635,21.751013,90.610420,25.351479,78.749237
16.072153,10.865866,4.702599,21.196880,5.206957,11.784405
23.360258,15.526978,8.528303,27.816547,7.076457,29.777203
68.180122,40.841141,26.795963,64.428764,14.683014,69.863464
9.776488,6.607709,4.401273,14.502636,4.489603,8.509862
33.937244,19.494032,41.811523,178.731934,45.877464,94.582390
36.443996,24.988262,13.448980,77.306084,22.247355,63.420250
7.329058,5.194374,3.686757,18.209965,3.972690,6.205651
55.397041,32.270599,29.978920,129.776459,33.932034,80.166977
17.243586,11.318706,7.345170,30.631689,7.076051,5.948215
19.666918,13.212543,16.144892,90.604630,22.973579,49.579052
51.988888,32.544079,31.358000,77.187881,19.970932,62.742077
31.139206,20.982607,12.768410,55.768681,13.235271,25.688583
28.089743,18.143221,13.302195,57.224747,13.269296,36.736904
24.954193,16.800753,12.619798,66.764435,18.807861,26.839161
27.183136,18.859829,15.877548,44.888599,13.687365,15.609265
18.475634,11.928749,10.838033,76.443283,20.732101,41.941193
28.408426,18.981043,11.605934,40.460720,12.639861,36.202515
13.214601,8.735649,10.488167,64.024910,17.403944,36.792038
9.866830,6.719026,3.746269,20.412861,6.727126,7.505279
6.487578,4.654453,3.272808,9.814244,2.933719,8.166372
24.931627,16.238636,10.480606,50.686462,12.669070,17.454290
45.938213,29.013552,14.540435,43.082420,12.288336,21.918692
30.241083,20.175758,13.253046,48.458725,11.493082,29.772409
25.929152,17.628839,10.341514,41.536751,10.992057,25.999157
62.456394,29.391136,82.229210,419.221100,103.108345,240.510208
10.316588,7.244378,5.241183,18.435289,5.087386,10.606571
18.629511,12.973047,6.834107,17.048399,4.797297,9.633055
24.406315,16.435633,13.470770,74.261154,17.863150,41.411274
48.224785,24.600391,25.542927,90.570122,22.775316,70.866821
5.760753,4.293664,2.008295,28.906015,5.824258,5.736137
11.666104,7.937995,4.642178,25.845953,7.421984,7.005010
7.007408,5.047549,7.312189,19.666632,5.285591,8.383810
34.268684,21.919048,42.836243,192.411194,49.007336,118.302773
17.073553,12.059799,7.126830,24.763718,6.301841,12.274719
6.056993,4.490421,6.421966,20.457983,6.319669,15.436361
20.029669,12.966435,16.933947,117.682503,31.855610,49.257992
42.760567,25.711708,32.339775,157.427490,38.785152,118.583679
7.933613,5.786668,2.872978,16.575729,4.904825,11.918324
16.977430,11.891404,14.782329,75.701454,20.320032,59.750122
22.321768,15.242841,20.097450,58.397259,13.681732,22.616997
7.864320,5.673502,3.968051,13.661712,3.223200,12.092746
4.660798,3.238467,2.406747,9.073543,2.996928,1.532495
5.253472,3.758896,2.532974,23.468306,5.253344,16.698540
24.073940,16.179293,8.921097,41.009106,8.642838,8.741876
12.991636,9.021493,4.334062,13.666504,3.617907,9.745100
9.629176,6.475895,3.317042,17.725163,5.033391,7.254556
25.633057,17.631645,8.915215,56.004509,14.039325,30.569649
71.208778,45.016808,50.974258,111.636879,29.918758,134.461990
30.125113,20.386545,16.534845,55.390568,15.134993,27.657558
7.296318,5.061949,4.007677,15.211059,3.159400,11.696572
20.684927,13.812716,7.362813,29.046610,7.131992,31.524216
71.278236,34.410507,82.729195,242.954086,67.691902,283.097076
24.176727,16.522207,7.310785,38.255798,9.120483,23.692385
9.703138,6.661643,3.982161,11.860681,3.330478,9.955603
30.050062,19.320450,18.765133,90.173950,23.642071,68.707687
55.590466,34.214531,22.298700,82.409172,19.695847,65.964287
9.915766,7.111083,3.872712,19.461340,3.247840,4.218139
18.170599,11.576713,16.129185,124.893860,28.560217,71.765038
54.486645,36.568699,31.873734,76.236801,17.776981,31.122530
49.748360,27.887167,41.841633,121.642181,30.396057,84.545425
19.224546,13.072009,14.218273,51.575932,12.699432,25.034580
14.057099,9.944173,9.801949,25.032059,6.163570,11.277337
13.339794,9.323039,8.056703,34.355804,8.614109,24.323128
13.262101,9.498709,6.571735,23.818413,5.238559,22.615593
12.044551,8.269852,2.466614,16.461563,5.615784,8.813663
9.552488,6.843103,4.797744,16.032520,4.003755,6.708782
27.447563,18.697910,10.674581,51.753502,14.703624,20.738024
13.770208,9.587106,8.226401,22.815020,5.341679,22.482082
23.472107,15.706737,29.838821,143.130585,34.251812,75.782028
40.201141,24.445707,63.920818,307.143951,85.789284,202.873840
22.698517,15.175323,8.432192,26.248924,7.124467,11.958318
20.697029,13.882772,11.078293,44.055538,11.961921,39.703503
72.358772,26.597391,51.190304,176.163422,46.449783,147.209503
30.410450,19.687866,15.543358,74.176300,20.079081,36.860748
7.080110,5.174090,3.828818,19.787590,5.965370,15.036762
45.390842,23.359577,60.458176,264.052338,68.842590,195.254837
39.129578,25.704365,16.967340,78.407227,18.664024,57.077526
57.199257,33.321518,122.195007,429.065002,106.563408,219.276535
41.799469,26.428406,12.200937,42.121910,10.268195,47.078934
28.484709,19.559875,11.480896,24.961624,7.530458,19.712460
84.174690,37.195087,69.374428,229.140244,60.086769,167.513596
22.678741,15.160576,6.005097,62.466244,16.119501,51.673664
9.016638,5.940671,5.443694,39.336472,12.229574,10.647820
78.393532,36.964203,104.645035,437.988251,116.725746,203.257492
16.132938,11.049563,5.395205,25.678307,6.130778,6.638316
15.052543,10.798988,10.622631,26.469439,8.540496,16.777931
5.718608,3.886103,2.484734,8.738173,2.774401,6.238472
19.747627,13.468566,9.953811,32.985912,10.950820,35.367603
18.786877,12.267607,14.536361,66.348969,18.546455,51.859138
70.521957,39.197422,70.247864,224.007126,59.228832,160.712250
18.848339,12.653038,10.065750,56.030983,14.097160,25.059635
9.755116,6.515951,4.023573,21.922520,6.050953,6.711281
42.949863,26.075665,28.306047,125.468971,33.796120,96.795708
46.964859,24.419649,61.514748,218.991226,57.539276,191.130951
13.374293,8.990904,4.842996,17.585476,4.896866,8.892091
31.931900,18.040646,69.124306,181.566071,45.515030,94.244820
4.989354,3.394012,6.047089,21.075399,5.535437,9.875370
44.693279,29.634134,21.855822,91.741714,25.650324,67.548485
5.769304,3.732473,2.296367,21.259617,4.377994,7.421370
41.078453,26.714117,24.415428,91.069786,26.092548,84.321991
25.206171,17.610268,9.501637,35.739670,9.306402,14.979780
16.847767,11.722526,5.742442,19.541584,6.390544,7.874848
33.918617,22.574762,13.656282,35.649616,10.072164,63.474888
28.336634,19.478836,11.275967,55.023697,13.920098,24.701847
29.814095,19.724085,13.425007,68.683800,16.120609,69.413658
14.682802,9.807397,4.931360,18.890985,5.224729,10.691716
24.576445,15.720535,13.025079,61.979870,17.418489,31.189266
27.328577,18.429869,10.483207,36.310246,9.755274,23.801315
32.234787,19.574606,20.632633,102.004936,24.831497,65.597519
5.459475,4.215666,4.576072,24.046915,6.303699,7.136972
11.197970,7.729146,6.555281,16.661448,5.883522,13.979563
35.964863,22.907122,16.495819,83.929825,19.631981,56.513561
9.898619,7.102528,8.853286,43.386425,11.859760,24.825600
44.396751,25.440741,36.636463,120.553970,32.022896,71.801987
29.260387,19.269173,32.947971,116.771423,31.107687,83.844040
25.256109,16.498493,7.356713,39.046917,10.711077,18.040852
23.300230,15.360749,16.359694,50.292137,13.742100,17.942787
43.366314,27.845009,15.399946,38.464314,11.230916,46.935837
9.119161,6.390201,4.006731,9.744668,4.117887,7.260926
19.082842,12.835593,7.935193,21.140053,7.338809,25.285650
6.319868,4.407157,2.213629,6.534674,1.572154,4.027638
22.718967,15.103837,7.064653,29.071259,7.979735,24.724611
12.585398,8.401329,4.158495,21.413837,4.904204,13.262554
31.518471,20.132050,35.448704,99.899986,25.262918,70.752975
29.514688,19.523598,13.631751,52.422409,15.997598,51.542416
8.225264,5.879175,2.905192,14.272464,3.526293,10.085765
20.034189,12.599097,10.432125,116.291801,30.337345,52.167370
34.552437,22.791794,20.021217,100.458839,24.380568,55.652485
37.703228,25.889416,12.591133,36.573341,11.231147,24.158291
24.825239,15.870886,16.127377,84.466980,26.318180,31.197927
31.718594,21.298672,11.334847,51.596130,13.711577,42.215710
8.425944,5.981112,2.312797,15.256285,3.674663,11.978306
31.546370,20.935337,13.972331,49.598537,13.817156,25.741550
17.774874,12.422979,13.280972,57.123249,14.372725,25.352409
34.248238,21.453810,11.071988,51.231606,14.955315,18.017683
20.499849,13.529291,16.358644,73.093132,20.648933,30.505028
12.897884,8.747155,4.824710,15.076093,3.885331,10.583546
20.008085,12.685189,27.825027,127.995819,32.487671,59.514740
54.076870,31.092201,52.576912,175.639206,49.062763,172.964554
7.738321,5.557932,4.111336,24.747675,7.416296,21.161133
23.051064,15.406654,14.820659,44.494938,11.622644,25.671724
18.497314,12.535902,6.885971,23.481775,6.438316,7.548057
41.703213,24.666306,31.496021,101.962250,26.298586,70.639130
7.361539,4.972517,2.280927,12.154788,2.601626,15.972942
18.478132,12.697621,6.343941,29.175205,9.183302,18.495581
21.840796,15.328498,7.296705,25.094448,5.713520,13.036318
15.524691,11.030219,4.633499,21.370693,7.150137,13.029731
18.090536,11.739697,6.452920,34.987026,9.784838,30.691906
8.170734,5.904992,3.312689,12.270608,4.156599,1.593769
18.936390,12.641520,7.268650,30.347658,8.305551,20.975021
16.582355,11.462152,5.101102,31.662743,7.744024,12.123729
16.972746,11.469623,22.227571,83.102776,21.687325,48.527077
9.901793,6.922704,5.549306,30.871874,9.694243,16.809513
15.587037,10.869048,3.064735,27.472504,6.620982,21.329947
35.552719,24.507658,17.304785,75.918739,21.084379,56.260456
30.358128,19.239208,14.301047,100.867271,26.304605,59.370758
24.858570,16.114679,26.606455,131.745972,32.246994,40.344646
29.997005,19.271814,14.034370,56.628147,14.869074,24.455759
24.692844,16.912207,7.793762,50.161396,12.166822,15.834665
24.483393,16.521189,15.818102,62.863789,15.933908,20.046799
15.716193,10.772344,7.511635,18.654705,5.088286,13.063864
31.581070,20.548500,10.814588,52.270245,12.517426,18.807407
14.112485,9.850534,5.289447,32.821041,8.297115,11.611515
72.757599,33.655239,44.836594,134.566177,32.940041,139.949951
16.243441,10.793457,11.770276,67.769753,17.454777,55.334599
11.599403,7.938270,3.576462,19.089472,5.652456,11.612150
50.336784,32.106022,22.988373,115.385788,28.547331,67.876717
20.687254,13.849654,6.191236,34.309235,8.278950,16.868759
23.571541,16.324883,8.502852,63.946449,19.811417,33.908627
41.188023,27.086203,14.072772,48.176342,13.680463,48.715626
20.774002,14.392099,6.391769,19.249912,6.157223,13.862120
43.422821,27.312195,14.533607,46.862602,11.255951,22.005169
53.666077,34.639217,18.811152,69.459709,18.073513,40.055244
15.242633,10.490563,6.435229,22.320223,5.831409,10.229594
5.074098,3.653417,2.005797,10.427835,3.035400,4.617058
53.580204,32.531746,18.427607,67.369720,17.685326,37.043213
30.943029,21.001610,9.049932,30.679632,8.247225,20.561207
21.218523,14.412681,6.764126,30.212427,9.392467,12.714750
70.596458,34.392574,79.568604,272.651031,70.352455,171.785034
18.318991,12.392685,7.941256,23.015100,6.536107,14.752193
21.849827,14.247655,15.029103,77.244537,22.261509,59.920345
17.242306,11.348668,6.331778,23.241480,6.439232,11.798059
38.852280,23.935970,33.833633,100.714951,25.348989,51.913712
23.044943,15.051035,7.568867,31.530994,7.178603,17.539442
56.595062,34.219841,74.569595,292.341522,82.309616,171.827698
30.461531,20.104183,17.090855,83.247238,22.668026,28.623224
21.418129,14.283088,16.324501,63.974934,14.880732,44.927460
32.782703,21.226894,11.211062,54.675884,14.963161,23.062115
17.546370,11.692554,12.989257,56.015018,16.192034,50.714775
52.060619,32.706989,19.208376,90.578293,21.236420,62.412815
33.850269,21.600040,39.260342,119.270309,33.348789,130.296417
23.119045,15.917737,8.420875,36.558250,11.060894,28.960880
13.507747,9.708558,10.809002,45.276123,12.620235,21.874132
74.412216,44.348301,64.622101,216.165390,60.664394,145.632401
20.115698,13.058960,14.731025,58.443420,16.804277,38.900406
22.231886,14.741587,7.617475,24.928436,6.086909,14.957724
11.168612,7.507179,3.914320,10.163706,2.936796,12.316041
5.787183,4.339989,2.882628,12.570627,3.068333,7.502093
10.760745,7.404552,3.597815,13.171268,3.701581,5.021809
13.492723,8.779379,5.288256,20.784702,4.617172,7.347414
20.398685,13.568239,14.890796,70.887222,20.379257,20.579697
4.621254,3.147658,1.747115,7.430884,2.680845,7.840090
8.659017,5.906365,6.007431,38.028145,9.329095,19.327908
21.595362,14.891376,11.149011,39.868946,13.081724,16.968765
44.179794,27.536476,19.973993,57.062313,13.821181,22.587601
15.188941,10.380376,5.583907,17.788473,5.371551,10.127301
11.182610,7.692881,5.516748,14.033563,4.407003,22.769129
18.751009,12.653994,13.397595,39.169144,10.836179,23.718027
31.441822,20.644033,13.399498,46.235340,13.055668,26.586132
45.256302,26.165964,16.324226,41.617439,10.989057,19.653568
19.921728,13.647935,14.381213,75.933083,18.701199,58.073235
19.923269,13.575733,7.759375,32.349438,9.737163,17.249378
17.847494,11.865467,12.603336,53.317593,14.188747,32.480240
17.545786,11.467556,15.671808,45.191837,11.043243,38.295868
32.460991,19.947794,37.971153,109.891060,26.684364,117.839279
34.476650,22.928724,19.903910,92.341049,26.490404,53.974842
15.876031,11.167047,3.414054,14.566423,3.913807,17.747593
24.497328,16.519495,11.660975,44.076370,11.074011,24.051991
16.867365,11.598041,8.752582,17.797953,5.084409,9.786199
40.169991,26.221212,21.941687,86.561676,22.288778,58.152256
11.331238,8.131168,4.120043,15.141770,3.194780,10.387838
31.779568,20.323606,24.712755,83.732887,20.094461,53.691326
10.536239,7.146190,4.107995,19.464293,5.460975,19.024570
5.646870,4.065912,1.776352,6.437824,1.935529,8.166110
19.301840,12.106469,13.147511,6.467018,1.821808,19.682781
16.404282,11.449566,5.863659,26.877090,6.988519,6.789841
20.708393,13.794044,5.527982,26.189398,5.326815,8.472442
16.807331,11.223126,6.045936,25.020443,6.399955,11.663569
11.677973,8.353570,6.643306,31.141214,7.509287,14.622582
22.824343,15.362314,6.864574,37.965267,10.116798,22.233286
28.251524,18.677967,8.804289,31.266485,9.326636,12.052326
10.576481,7.384485,3.912396,40.587456,11.812910,9.365665
12.923762,9.055573,6.395568,26.680019,6.519937,22.837425
17.864647,11.840364,6.561205,21.800968,6.635716,13.872563
10.738225,7.192841,4.928252,26.694216,5.977420,9.700824
28.518648,19.331678,14.123051,22.949072,5.042174,20.458471
74.924812,40.989849,37.066952,144.228394,41.148006,90.634705
45.644962,18.105347,11.159881,68.350037,19.666470,36.795792
43.076679,17.985731,11.062947,67.926842,19.366331,33.166451
56.993210,36.008022,19.322914,88.615105,22.684332,38.500988
17.562883,11.895492,6.982134,29.569635,8.099411,12.687572
62.487171,34.479301,35.092457,122.408974,32.118431,57.715385
18.374298,12.718769,7.340362,45.668392,10.709645,40.325726
31.424240,21.330286,10.968273,20.076559,6.201625,20.295895
18.636450,12.706486,11.990687,63.587360,16.568636,32.961288
23.472544,16.001053,5.866861,35.969540,8.531304,34.337948
10.704202,7.260731,4.300341,11.557267,2.878602,10.066995
27.608271,17.297686,13.970813,50.770523,14.601995,41.272961
13.952086,9.426715,5.918722,47.743057,13.285707,22.332640
23.039751,13.339590,28.751974,151.297379,37.941216,95.979538
27.278204,18.319677,10.193975,40.807953,11.624039,38.566257
41.687805,24.079287,20.777464,127.827019,36.024006,75.544830
13.219137,9.046952,7.155851,27.207098,5.704701,9.759540
22.953979,15.896840,9.361420,33.724815,10.049114,31.163490
6.894880,4.768945,2.983805,20.390169,5.501431,9.511618
16.422815,11.087270,5.130303,25.534412,6.032516,25.138248
27.658037,19.012367,33.784615,89.732651,25.896574,102.713287
51.830055,29.259439,38.108761,169.227280,42.346413,120.054001
3.835385,3.015491,1.120011,12.720613,2.488772,3.618783
69.667236,42.812614,50.427341,206.258270,59.306057,139.022507
7.260519,4.904081,2.729298,12.604440,3.273880,7.261235
24.217667,15.616925,9.221526,45.288696,10.247889,22.593672
17.749317,11.326893,16.414186,74.198959,19.337318,53.590984
14.132296,9.426680,7.675851,34.649254,10.963306,31.067944
44.573883,29.302504,27.113106,88.685799,22.197853,71.814293
31.407841,19.410036,33.454750,150.418152,38.573917,132.247406
15.584965,10.387601,22.032345,70.888496,16.988667,46.717758
26.127872,15.219299,10.308662,37.137016,9.290614,36.763176
7.397921,5.208098,3.603966,14.024782,3.905619,11.741039
12.240479,8.487461,3.705065,24.252323,4.796418,4.126985
19.039112,13.047132,7.051231,31.651981,10.414896,19.496683
31.200308,19.794733,22.897612,98.601036,26.695469,55.413845
82.516541,29.927851,52.874752,223.704956,62.346867,158.549332
76.806297,31.432230,54.696117,242.944168,58.199219,146.759369
32.969318,22.167044,9.411360,50.598106,13.068740,18.403763
40.243359,23.946861,33.625702,80.978493,19.945641,50.670528
10.239450,6.893348,14.081129,76.229256,21.348089,45.279362
35.545109,23.154650,56.180283,157.687317,46.445568,200.707291
28.511009,18.642542,10.958089,60.199722,15.008915,36.633419
30.787310,20.390680,14.097304,61.151585,14.709319,38.740467
7.015378,5.002845,1.248271,7.685844,2.435447,4.166434
46.000317,28.635607,21.078363,72.771477,20.918415,48.232380
11.701524,8.501053,3.577585,12.068192,4.328047,15.171116
57.283108,35.224174,18.230061,75.585754,22.107420,89.245583
11.756443,8.217629,3.754896,14.978065,4.375154,7.968122
16.647165,11.720349,5.547938,20.456541,5.214203,21.522881
26.032291,17.207392,13.339600,50.845284,14.287734,40.277969
25.928492,17.495182,7.452066,32.345512,9.034799,21.851051
20.525414,13.742224,5.510859,28.831301,9.017189,13.098311
58.116367,32.951847,55.856880,222.299820,51.169594,109.137321
15.176895,10.514304,5.470638,20.534868,5.597707,12.409972
17.890224,11.723860,12.162952,41.004295,10.500741,21.050184
31.315994,21.071060,23.384718,107.687294,30.468027,48.726936
25.255108,16.980053,6.882398,43.964466,10.695410,30.623127
15.398330,10.487606,5.283157,29.237209,7.563330,17.850719
32.605721,21.539713,12.388932,61.823212,12.617436,31.464495
38.442287,25.328856,11.509241,54.022747,14.871338,23.209690
15.463503,10.824906,2.921815,25.480013,8.320086,27.357784
31.783588,21.284863,10.739704,52.711094,13.970984,41.867123
9.101313,6.722720,3.592391,9.126366,3.445232,8.914488
8.556623,5.685258,1.181574,13.490773,4.068072,7.038598
42.054760,25.001476,41.106171,195.642715,50.890762,71.998955
20.782242,13.038318,26.129128,79.210991,20.578421,74.972603
55.799335,35.698780,38.169144,157.917969,40.488312,125.528618
14.626682,9.745811,5.880505,15.188509,5.573190,9.005324
37.381374,24.357338,12.259586,67.231300,15.681660,19.716318
23.154427,15.359544,7.287719,32.386353,7.060035,13.975943
7.403539,5.385735,3.227376,13.007413,3.511994,10.226005
10.509552,7.547151,4.048507,15.605512,4.474636,7.027047
33.391293,16.390045,28.097950,149.787201,36.862427,81.263977
24.473232,16.395506,10.679896,50.552876,13.489124,57.193150
45.996132,28.315987,21.593685,105.487350,24.213799,88.624748
16.872211,11.905602,5.993186,28.170324,6.941510,26.764315
11.192565,7.969181,3.761260,22.265394,7.777883,24.159269
36.080193,23.767757,20.995813,83.672043,21.417511,37.186012
36.138969,21.987535,22.114422,80.600647,22.560652,55.557659
43.320538,26.238382,32.132866,94.281952,24.703575,74.388573
19.679089,13.210976,6.462956,23.811663,6.835074,16.317741
114.402672,56.613998,52.469349,134.292709,36.061882,124.102982
9.702195,6.542832,6.038479,47.454815,11.285031,16.944878
30.453186,20.606115,17.778811,84.826103,22.729933,43.828049
15.411851,10.237263,6.213285,17.597643,4.530009,17.281052
26.657936,17.668699,10.714449,41.249466,11.685006,50.723793
20.608950,13.734613,7.967907,34.874207,11.689467,13.140542
18.976694,13.007954,6.278798,31.957790,7.675782,16.510460
29.800138,19.420387,8.939172,33.155254,8.623618,17.278788
44.089458,29.535139,20.199594,76.335205,18.290106,72.529007
13.270422,9.003068,6.327703,24.979202,6.123538,6.014009
34.239025,22.990007,12.224533,51.786636,13.693879,36.739216
6.844860,4.889448,3.299667,2.936152,0.262152,3.676257
18.469906,12.811232,15.082090,58.595791,15.123864,46.975822
6.779979,4.781556,2.491377,18.133963,5.969375,7.400563
20.894646,13.930747,16.544439,67.646423,18.466990,35.971375
23.450912,15.824139,7.254544,39.244011,11.150899,35.561314
38.980476,25.364370,9.366014,40.035839,11.087361,38.801945
50.612030,32.672226,52.675426,217.910233,56.044342,193.541336
109.070457,57.949268,60.484257,199.405243,49.166698,189.399307
41.881504,26.250954,22.675383,145.331223,38.009377,111.127174
32.000881,20.473146,12.983757,61.251755,15.727302,48.020168
23.740673,16.158558,5.334481,31.143684,7.878991,11.272675
28.066889,18.396948,28.910437,94.413109,24.582148,44.486343
34.720413,22.476759,36.892231,120.555603,33.649773,111.342331
20.819124,14.194351,5.583173,30.585236,9.646741,37.645851
47.687618,29.346954,13.680607,45.835857,11.793484,32.025585
23.557062,15.926253,20.044390,121.977249,32.496964,101.875237
7.996934,5.445221,1.459334,12.289987,3.738744,8.830061
9.669968,7.113291,2.291476,16.714495,5.208326,9.389433
30.805454,19.581129,14.135412,78.146774,20.467691,56.256577
9.409647,6.444479,5.557157,19.945293,3.933502,9.031784
20.798801,14.055691,21.087383,62.379387,16.455830,33.736279
38.539925,23.463943,24.106369,110.233406,27.015745,52.260429
13.794865,9.418658,11.827350,51.552467,13.271703,31.564032
13.200240,8.973772,4.183980,30.809826,7.788595,13.622399
10.582054,7.099874,12.144856,52.422810,16.285295,29.709557
45.604294,28.109196,73.136421,268.715393,69.797661,166.750580
27.086145,17.657856,29.761219,85.242630,24.718155,94.812805
15.959691,10.709263,5.627428,28.641066,8.188094,7.914846
4.915392,3.374950,2.495809,16.091228,3.234459,3.529078
34.831993,21.201298,48.204060,156.306992,36.660938,84.817810
72.366249,38.721588,91.902031,285.228882,72.185852,188.580032
20.679987,13.734877,16.562489,71.940552,18.182865,19.062410
28.613209,17.643942,23.817696,71.996246,18.472694,58.632229
30.236080,20.540207,10.850722,46.125465,12.437316,23.601067
18.843460,12.309983,10.044946,41.752811,11.570218,36.534279
30.737389,18.926764,44.597752,96.488472,26.824026,87.552147
27.108646,18.220833,8.255232,37.053307,10.482023,10.588900
14.899843,10.633528,7.978519,25.594046,6.721344,12.870633
24.236202,16.631292,8.493093,39.854427,10.550835,16.293940
50.105354,28.562006,27.207647,111.104126,27.420628,47.147263
61.990471,30.658356,34.287071,125.358376,37.653854,94.563797
48.101875,21.743330,32.561607,138.869446,34.058544,76.210213
24.390734,16.334009,8.287717,39.089924,10.903881,10.558046
16.552765,11.183393,6.215365,22.651722,5.050547,7.002106
21.321062,14.731825,12.181171,31.813965,9.400929,36.247581
30.600592,20.309013,14.518432,79.300056,21.641401,53.589149
21.702881,14.482232,8.336842,35.028828,9.699869,16.887037
42.428158,27.689257,10.375385,59.815182,15.061573,33.569359
12.045507,8.345803,4.952583,19.009256,5.227224,4.695328
12.706706,9.078598,4.761867,4.848280,1.367483,9.424468
20.453699,13.499531,12.884186,36.882641,12.567090,17.524094
23.319027,15.712922,9.196657,20.310305,5.802471,10.968067
49.463482,25.875790,44.918457,222.460495,55.517540,108.271454
10.786424,7.688749,6.641748,11.563371,3.208139,17.564648
7.653342,5.544023,3.104896,11.912082,2.639661,4.704132
47.628075,26.810129,36.100327,165.413712,40.974426,68.832115
19.019623,12.451773,6.111468,19.227293,4.234192,5.967375
26.083010,18.104820,7.079803,36.211319,9.774452,38.139694
45.106651,30.030289,12.306347,52.897110,14.388057,11.570525
12.051465,8.336845,6.142457,24.215178,5.794858,8.415358
7.883892,5.257080,6.242211,30.786268,7.725393,23.499800
35.456791,22.821527,16.155855,85.579178,22.086685,38.376934
12.572893,8.541334,4.738073,17.506752,4.585358,12.657442
30.443693,19.202442,30.290470,142.834106,38.624462,86.002335
12.885068,8.525295,4.551388,21.978613,4.996676,10.992516
34.422424,23.168280,13.431849,46.595066,12.790418,32.574184
19.571621,12.972377,6.481384,29.549910,9.744154,19.379213
17.254499,11.536407,4.647471,30.501606,8.578417,17.491131
22.937637,15.106537,9.681292,54.994846,12.244051,42.306049
17.491169,12.229820,6.576808,23.950022,4.142941,6.809899
6.706491,4.754126,1.751113,15.489302,4.161695,8.428021
12.503130,9.019672,2.886505,14.112027,4.756818,9.650729
18.313631,12.111008,8.141922,22.950615,6.913705,14.588487
7.363155,5.307972,2.422420,11.484049,3.560780,4.756759
24.269577,16.427799,6.512365,29.027924,7.448054,20.291265
38.035465,24.240107,14.237589,56.236450,14.732315,30.066427
16.002316,11.039808,4.518486,12.780656,3.037640,9.051527
34.365074,22.433590,34.695953,133.701904,33.457996,96.084084
40.849976,26.587257,15.389003,34.676987,11.116179,41.404655
8.396818,5.948061,3.922606,16.287607,5.114059,7.536729
8.955034,6.407011,4.021248,14.166800,3.207173,5.994721
44.783176,29.713236,18.465405,77.421600,20.240744,74.452164
10.633409,7.353693,3.930246,15.999638,3.612380,7.984349
31.828623,20.442829,12.363734,51.823807,13.734163,30.009861
19.184361,12.907874,5.791920,39.265579,10.942282,27.257298
11.945766,8.619008,4.013362,14.180910,4.368440,11.556969
22.620928,15.167805,19.648167,67.193893,19.517624,51.244667
37.631477,21.746580,61.148159,286.488922,82.236176,173.192337
19.038740,9.919363,16.667589,64.395569,13.594614,27.746553
31.210056,21.322338,11.575781,37.881481,8.765820,36.630325
12.942676,8.773431,4.313048,25.390715,7.187226,5.825408
22.023539,14.228964,30.964071,83.159592,22.521406,66.025917
20.540796,14.556648,15.538140,48.793358,16.287655,30.254490
45.530159,24.236052,22.952068,88.012657,23.059343,76.809853
10.975851,7.807481,4.265750,11.149534,3.032068,4.785742
11.527673,7.889917,3.806628,31.252615,7.361492,20.392899
32.390579,21.459698,11.003592,49.249477,12.928513,27.307928
8.391522,6.173987,3.103708,8.683085,3.179011,4.613737
16.902750,11.739407,5.759412,16.548521,4.764670,16.347443
24.342951,16.524759,8.590374,30.999447,7.507117,22.178185
9.606200,6.370153,4.594665,19.724651,3.329572,10.460186
45.120773,27.938709,40.363945,133.312424,33.262691,55.110004
28.195005,18.941628,6.432408,54.281670,15.279119,17.793745
11.348033,8.209470,5.304352,14.438775,4.753786,8.785347
10.293469,7.262034,2.674644,23.619108,5.562274,11.576082
22.992958,15.698878,7.517270,30.503712,7.168522,17.971384
40.677826,25.199160,23.114880,106.110443,25.521584,82.534760
11.184843,7.324303,19.509689,90.927315,24.386217,75.129402
15.526134,10.754502,5.553702,20.072226,5.236884,9.678605
45.098770,28.649717,14.091027,7.884567,1.662705,17.577148
74.297348,42.238377,46.100563,185.070999,48.529671,101.894539
11.054928,7.465814,5.910300,17.143013,4.263630,6.854771
7.923881,5.518553,6.873295,38.625671,10.744394,9.497924
17.530077,12.237044,7.806081,24.349409,6.113435,11.513025
17.058647,11.941689,5.568476,20.262789,4.857933,10.715455
25.487345,17.298172,5.489841,39.034439,9.879247,22.519855
7.869175,5.682452,4.595829,12.601095,3.523035,6.438619
20.466459,13.657777,7.128181,37.491722,9.480345,20.201561
25.496883,17.612516,7.528523,27.513794,5.730644,20.297390
63.017265,35.630882,32.887878,128.074631,34.475178,97.979538
13.621853,9.331590,15.532851,60.375179,14.802794,41.447113
41.201385,27.449539,10.268165,41.954758,10.593601,23.705015
21.644842,14.422119,5.187933,26.585535,6.826334,26.703175
12.299254,8.872145,3.658017,15.816159,4.465735,18.242563
16.092663,10.746270,6.737367,30.644547,7.102153,16.270075
21.521566,14.798140,7.343414,27.754372,7.213969,14.771825
15.181423,10.409168,7.267500,32.099152,8.750451,15.031730
31.246252,20.066500,12.039237,36.304462,10.736399,20.756433
9.310574,6.451384,2.695058,14.069086,3.578271,12.963234
30.772129,20.781691,9.042403,38.854500,11.297181,29.375198
31.920351,21.418287,11.670732,43.641178,12.378486,16.111013
32.757923,20.783285,21.139929,92.065826,24.422483,115.045998
13.601803,9.259674,4.521793,17.860367,6.226166,23.419691
7.536261,5.368739,2.875407,0.970555,-0.124161,3.426480
28.478107,18.639513,9.643917,31.972685,7.791431,17.309679
63.797405,32.677460,31.795259,153.243546,38.685860,127.300827
27.053682,18.214354,10.489924,33.123726,8.839337,19.287552
13.777364,9.695930,4.890015,14.053401,3.330865,9.116685
25.961065,16.927279,5.474851,30.540611,8.561143,30.351145
17.459911,11.638584,5.396356,23.527138,5.006145,14.159802
26.803848,17.810225,26.598520,99.401794,28.438799,53.389587
17.454594,11.227225,5.933891,47.963036,12.383443,21.019705
29.591095,19.718294,9.460199,36.885498,7.687375,13.638818
25.614483,17.525295,5.545188,30.415539,8.374671,25.183832
12.165888,8.487473,15.804209,83.669006,25.097330,41.946953
17.497047,11.914459,6.005048,23.351320,6.311889,10.981934
18.709198,12.537556,9.560753,29.882324,7.649046,35.367676
9.059617,6.328365,2.271198,11.936247,1.987848,13.750176
17.593485,12.489261,6.345014,41.902470,10.862303,11.382939
31.689074,21.376974,15.134461,33.059071,9.528808,15.638369
29.339254,19.570946,8.365704,48.575687,12.952213,19.489731
22.086979,15.178717,8.551923,20.335537,3.655896,20.666672
23.505503,15.933180,13.838739,68.442719,20.872538,62.049110
11.433848,7.931398,14.610662,59.540749,17.739571,38.818073
60.572735,36.834557,18.162306,69.099144,16.837269,33.361088
14.912762,10.073385,13.016964,51.058456,12.500074,13.853055
41.525005,27.063911,14.896878,58.158764,15.475770,44.109955
12.395559,8.265598,5.051185,21.038134,6.717228,10.292012
45.911057,24.146828,54.672897,160.250916,40.474003,92.880676
47.682232,27.981318,47.695053,116.402489,33.080696,84.884918
51.325184,28.155161,39.127209,182.459335,45.568241,128.114822
18.894361,12.105576,12.208643,52.789330,13.351276,39.383606
17.199362,11.376800,19.127123,69.688713,17.036875,25.678114
8.419493,5.964192,8.625140,58.248100,15.442927,21.346052
23.782730,15.497590,13.504177,60.779125,16.313017,25.930197
15.994906,10.824927,6.052063,29.399714,7.063792,9.433623
23.179369,15.569398,17.298883,65.478127,18.252293,45.575230
33.696434,21.738466,16.330235,93.045319,24.475178,70.775436
31.299572,21.060785,7.528960,50.926170,13.721763,26.079092
14.674662,10.924632,5.888461,26.187162,6.488626,18.274557
10.608410,7.301788,4.406882,14.947162,3.523132,11.155687
8.758450,5.787176,11.749059,72.519989,20.067556,79.041656
19.358656,12.699805,7.640765,53.368256,13.163145,14.360744
19.920078,13.499922,6.855167,28.702702,7.207401,18.165043
13.218969,8.906412,5.270154,14.618207,4.971065,7.790450
28.441317,17.178520,16.225092,102.325241,26.535608,51.511745
42.280277,25.512501,19.727783,62.961483,16.896412,25.851656
6.352784,4.605649,2.256128,16.468662,3.750333,8.809902
23.963814,16.446264,26.912035,164.277985,44.847309,62.910305
14.889874,10.415507,3.538051,31.712168,8.067790,9.642093
12.468383,8.753619,3.055319,28.250105,7.561804,23.483120
7.634618,5.462390,4.431381,22.733288,5.854362,10.688079
30.577532,20.001226,44.786919,161.695068,39.981155,88.874306
31.215767,21.223705,8.447327,29.762041,5.974212,13.536160
27.701511,18.599861,9.949881,24.712492,4.827869,11.881312
13.997126,9.933248,14.826982,84.848335,22.134613,47.859035
26.415686,18.015150,10.772101,35.481815,9.711107,24.406862
18.946369,13.061228,6.978181,31.593994,9.043086,14.610621
20.654617,14.192548,4.938238,29.897436,7.761602,25.232874
54.813244,33.055061,22.211590,68.091232,16.998516,52.051510
17.834749,11.842607,4.307792,20.082552,4.432512,17.354029
32.376797,21.970779,9.285294,37.491085,8.939756,14.023202
41.579105,26.315649,10.778477,57.460434,13.486123,30.327963
27.426659,18.616289,19.262341,82.445740,23.352522,37.829620
46.737019,28.994753,21.452616,102.656052,27.844872,79.890404
23.729681,15.304460,23.619411,97.287186,27.144842,78.219353
20.151386,13.067339,7.532186,26.005716,9.170382,12.672818
28.694378,19.706438,14.399767,42.376984,11.104921,31.741280
27.358192,16.964115,29.460041,111.663315,31.425121,85.952133
10.406914,7.291366,4.381984,17.538115,4.214518,13.138068
15.158073,10.857156,7.420145,23.499907,6.202172,28.501438
13.191714,9.180892,4.591426,15.897816,4.571294,8.159380
18.994783,12.136397,27.148081,93.178101,24.722363,69.045303
22.610964,15.000060,12.196194,48.963573,12.780547,25.756460
11.887455,8.399315,6.791942,32.513607,8.468206,7.833618
31.597994,21.109503,10.821035,41.578876,9.471385,10.805465
20.236111,13.477884,18.385332,48.061825,14.249659,49.741577
4.632439,3.308781,1.969236,12.411519,2.411099,5.403423
22.104321,14.887501,10.475635,32.875305,7.537019,19.234262
45.203129,28.625978,15.481153,55.638405,15.180705,24.585016
23.631203,15.295756,36.154388,106.069588,27.599424,46.968121
8.008086,5.825976,3.509042,15.592417,4.248351,11.577646
25.694620,17.299278,11.681487,51.452831,12.760330,14.980225
14.542040,9.759358,16.628302,113.982742,25.714132,19.330660
9.798851,6.702843,3.504411,22.550066,6.599429,12.283730
96.511078,49.307327,108.363480,335.717010,87.691299,245.601624
7.382289,5.738169,2.258371,14.130577,2.924303,7.305228
36.042274,23.021313,25.841597,97.835922,24.280409,77.742844
39.496948,25.716806,23.917036,82.287987,22.060564,42.465298
22.228390,15.085924,6.524261,25.611710,7.982051,31.893867
17.877172,12.013971,14.987741,31.645798,8.094822,34.201065
27.659307,18.546581,10.845654,43.254616,10.140480,17.014202
12.301715,8.368417,3.262840,10.729769,2.975935,10.502907
34.142384,21.799370,10.792881,47.792542,11.819962,27.662476
30.619083,19.352016,21.839920,81.080482,19.719519,47.280674
32.992645,21.670315,13.110237,49.455437,13.349274,18.904840
17.701624,11.646179,5.410618,33.745899,8.748963,18.811327
4.336749,3.040452,2.909859,10.983118,3.257376,4.307789
7.527021,5.208250,1.818978,14.067271,5.005516,6.829669
5.351428,3.589967,9.600399,20.878784,4.269289,10.587828
19.637369,13.224568,6.499955,32.226151,7.959903,13.097136
30.070320,20.514900,15.625813,58.122807,15.043843,48.711250
30.780270,19.988844,27.749762,94.164505,25.206648,78.858887
11.616246,8.210919,4.949906,14.862330,4.616611,4.705521
24.223606,15.993849,8.636847,38.720036,10.006867,22.318785
25.630527,17.041870,7.726422,37.080132,8.314669,19.129366
51.145260,26.927273,118.216484,411.275421,109.050179,309.002136
49.212379,29.208162,30.907156,114.341621,30.653696,89.914787
43.303967,26.731068,14.972236,41.550541,10.203243,14.742820
13.432647,9.071173,4.562659,22.087318,6.553459,13.530416
19.611021,13.245591,13.793460,62.775845,16.647760,30.559742
28.075573,18.754471,8.897593,36.643269,10.167006,22.418678
11.969870,8.059251,5.026324,15.090746,4.294657,12.336612
12.297652,8.005165,4.381043,18.482430,4.424750,7.024369
14.069754,9.366138,5.344598,13.689654,4.451302,6.456218
11.609739,7.754069,4.064603,17.005610,4.383625,8.592472
27.190228,18.027306,14.109794,72.431808,19.144732,46.897476
13.338549,9.066848,6.655477,24.679558,5.752636,15.896652
20.537548,13.647271,12.639320,42.748402,10.963817,19.999783
45.856373,26.644447,52.237617,195.535950,48.501713,138.596466
20.027369,13.165261,6.134135,22.978664,6.563175,22.762527
32.994892,20.010965,15.410966,123.639877,32.036991,39.248558
14.633278,9.929415,13.840674,83.104080,24.705769,61.973343
19.506731,13.447093,11.653329,75.619759,20.850222,20.944946
23.258381,15.999855,7.859203,36.147198,8.810350,16.863281
93.750542,55.442333,86.359863,359.545685,93.176178,268.681183
23.705149,16.269777,13.180164,33.587769,8.100847,35.079090
9.914702,6.863945,4.251377,11.528648,2.848165,4.557771
9.746266,6.656857,4.212271,19.036293,5.480217,13.588432
25.910292,17.505955,21.570248,81.101295,23.875925,88.640854
26.353096,17.937881,8.129577,34.733738,9.069560,24.874023
22.100609,15.034187,7.363392,25.587929,7.374309,12.166898
20.701502,13.568259,7.494247,24.627886,7.214767,7.976525
16.813808,11.543685,6.993687,23.867895,6.222983,19.599092
10.637945,7.542605,8.235309,35.148621,10.816072,32.043732
17.733904,12.277313,11.564787,33.871078,9.378758,20.534353
23.545044,14.909979,29.832285,96.052963,25.389946,69.246864
15.205870,10.445437,4.708677,21.296160,7.853351,10.919248
13.046477,8.758230,3.929671,40.038311,11.976575,18.641111
43.495049,28.746395,14.370430,33.274822,7.000367,23.186899
23.410517,14.990647,10.859835,75.120804,21.980988,29.470585
29.345556,18.985552,15.488000,44.336700,12.177658,32.694576
21.555584,14.537828,12.189238,36.409584,10.154005,15.174199
17.716856,12.060843,7.046851,55.822453,14.577521,30.071770
5.784822,4.072115,2.423060,11.652092,1.703503,6.574973
27.600788,18.956547,10.795640,48.479206,11.171559,38.264671
6.477533,4.413785,2.649233,18.774330,5.208577,6.465494
46.799347,28.668505,29.112499,135.254669,36.548389,80.181282
18.260246,12.651772,6.533085,63.169739,17.315145,28.039125
19.419767,13.194555,16.810787,74.072685,19.943382,62.917919
15.999114,10.549576,23.540922,85.129974,20.423214,83.941315
77.384140,43.649929,92.636070,349.025543,85.908272,266.125824
16.596512,11.989488,6.370127,43.603333,11.734899,21.816338
27.895229,18.591805,9.470538,27.075417,7.884075,24.674721
7.887961,5.600775,6.264938,18.090733,3.423436,10.304235
6.566569,4.309411,2.861878,12.566002,3.183845,3.426260
11.645800,7.816169,4.041271,4.249675,2.052694,1.732494
23.617249,16.358810,15.424333,39.838013,9.302403,30.738251
51.853680,33.790886,16.860544,10.809975,2.391744,26.833908
24.483665,16.198301,10.337789,27.931570,7.720446,12.639995
29.631319,19.904594,8.794025,51.408920,16.010641,28.101791
39.754272,24.990479,45.641777,153.771896,43.259117,97.119659
17.483505,11.809496,14.648272,76.046715,22.175064,32.180576
30.142288,18.525414,26.980230,105.043793,25.516006,56.890953
23.203825,14.508701,17.870083,112.693359,28.815567,64.793526
6.790734,4.798203,2.697973,30.079842,6.829576,13.801533
29.694082,18.862398,13.157731,15.690988,6.088288,46.211296
10.754734,7.450377,4.163201,18.211884,5.857293,7.348109
22.656708,15.524761,14.220278,41.493149,9.574102,37.545925
20.566023,14.163850,8.531842,51.099621,14.042384,21.187588
12.284149,8.377162,5.479259,18.139124,5.175494,11.736704
16.335194,10.898082,14.967397,57.899117,14.456910,29.138256
19.345028,13.068834,17.913664,75.691093,19.709034,68.077751
16.390865,10.809188,24.444077,106.522835,27.726776,117.586281
70.476707,44.201420,46.552738,185.183777,48.559662,149.107773
15.402884,10.595112,5.136774,21.959791,4.524231,18.639698
29.098015,19.575903,17.353466,45.238899,11.921462,54.894711
4.932106,3.625540,2.815769,12.424447,2.834277,7.677182
35.786407,21.936344,15.038510,73.967026,20.505003,56.633366
6.600092,4.249580,2.806264,9.106760,2.447912,5.836667
12.028124,7.987721,3.259832,15.896581,4.246576,8.829509
27.347462,16.846485,46.792328,145.701050,37.644043,84.305214
10.371984,7.045277,3.914401,13.260378,3.766699,6.921861
88.563766,48.278091,22.760046,55.533478,15.335133,162.328186
15.311998,10.797453,10.804126,45.664349,10.644023,40.638271
33.306484,19.782440,29.677786,139.962662,36.462704,100.892403
25.221773,16.928110,24.076994,62.266052,15.561274,42.456234
25.435463,16.720016,11.103809,46.462456,12.868274,43.445084
17.414015,12.027238,6.993562,28.610147,8.852852,16.274788
9.521121,7.125980,8.803558,38.185032,9.293020,26.276649
32.160332,21.060789,10.280771,31.172209,8.952436,20.221415
4.378194,3.168325,6.850155,13.315390,4.973110,11.889187
49.424385,31.266983,20.238085,83.395134,23.042517,54.727745
9.440612,6.475120,1.734765,10.718674,3.595693,7.239236
26.510254,16.467691,24.665941,123.423859,30.687277,73.065063
55.661217,34.912605,25.655519,111.845940,27.591368,84.158646
18.365274,11.955664,6.342877,19.402122,5.078790,9.582263
32.069408,21.579096,9.803633,31.749304,7.608081,31.596786
17.266455,11.406518,6.543216,27.156630,8.152977,10.585642
62.164753,40.131100,45.576046,194.799591,54.574505,99.305664
45.427635,28.666737,23.717670,72.705338,19.077303,52.775578
54.559723,33.218472,19.304806,78.407898,20.930813,27.938990
29.671202,19.449154,15.584948,56.206417,16.382553,32.088200
51.080482,25.041271,29.246082,239.627884,58.141411,125.409752
16.495098,11.155764,4.940492,22.143957,5.277434,10.169485
16.895634,11.238275,5.778575,24.894793,5.504698,14.215776
21.612951,14.628380,9.739246,32.481346,8.398154,33.226223
15.069896,9.870806,11.818818,46.831806,14.730891,21.518625
28.601425,13.723825,14.248386,30.229342,8.510753,20.919277
26.251888,17.589886,11.046481,41.252438,9.410042,17.790382
31.025723,20.653994,40.433681,133.040512,32.554375,117.120499
38.940365,24.620943,17.445648,68.386986,19.339113,68.075325
17.532825,11.883117,12.087914,73.984108,21.313314,39.142616
14.096353,9.985930,6.134221,21.801540,5.114452,12.958100
14.202724,9.586377,5.643528,17.457655,4.790704,9.224735
4.955271,3.433461,2.327107,9.523508,3.546631,6.363165
25.977417,16.865213,13.171761,52.674694,15.475743,29.903364
49.594593,30.845955,28.758774,113.935577,31.405386,70.611404
28.338028,18.895222,25.461151,67.813667,17.996502,53.731308
31.853016,19.989840,18.812536,70.588745,19.639017,46.576107
28.241941,18.330723,18.792452,80.174484,24.030014,32.137745
17.176390,11.384862,13.604750,90.242111,21.414906,61.914185
57.842007,32.355404,37.637936,183.511307,44.839157,162.103699
30.278999,20.578714,8.279654,62.018738,14.377797,21.514065
9.730728,7.014241,2.366422,12.975150,3.642527,1.628359
29.085421,19.386122,28.695250,100.685936,25.449675,74.750656
30.528543,20.170399,11.107864,60.615257,15.212932,33.147831
29.784348,20.267256,12.238557,53.441486,16.315546,28.458025
11.955125,8.454626,8.783766,29.632059,8.225630,13.720428
6.597323,4.449232,8.156096,29.403152,6.794113,18.672680
14.523243,9.797780,4.778667,20.564882,5.601522,10.277744
7.583303,5.295537,3.106712,14.098100,3.029583,5.846750
32.184811,21.733477,10.779237,19.842052,6.793889,11.143123
22.108490,14.841988,6.225516,32.889317,8.779632,27.809555
36.203766,22.970917,26.101471,74.100403,19.678600,60.825603
12.031319,8.083662,7.586363,33.995838,8.453257,22.672102
19.559307,13.722352,5.858007,29.428848,8.482323,13.219961
44.235561,17.608603,23.078732,69.587456,19.547285,53.614933
47.698235,30.521223,20.449312,65.343239,18.147457,62.324017
53.043682,30.533384,23.927458,85.463966,20.830080,68.140877
13.236972,8.985191,9.302151,36.001419,10.201059,18.370163
21.057629,13.807541,7.378056,26.499859,7.650815,43.634380
41.352619,25.992989,36.078178,123.617592,31.286940,74.266777
29.073652,19.545748,10.051740,33.442383,10.238191,34.537598
12.416862,8.532716,5.492533,37.254284,9.418554,20.039852
91.810257,46.617222,33.345806,130.510727,34.436756,120.969452
6.982016,4.754495,3.318920,12.949829,3.201416,10.813469
34.850147,22.967289,11.883389,56.526207,15.214078,30.054825
19.116049,13.557802,5.558958,25.012178,7.677256,13.321610
19.387856,13.374660,9.040986,28.523376,7.833997,8.912194
38.222427,25.386370,37.127098,153.667374,43.852810,125.967743
6.589412,4.702682,3.785782,19.135857,4.430271,8.015726
18.438166,12.491435,5.908859,16.685829,4.111956,9.233004
40.868793,27.668480,27.259165,132.908783,33.679852,91.719849
9.184768,6.172468,2.532493,14.259029,2.905426,6.731459
29.447283,19.699383,9.259892,29.249664,7.721684,24.395267
18.925079,12.651386,6.188138,22.102270,6.305568,14.619585
13.101477,9.189668,5.575213,14.719624,3.503226,13.788597
12.194926,8.612214,4.481450,15.725503,5.193344,10.632883
14.125590,9.445732,5.652910,23.810905,5.616434,10.739249
72.553558,44.377571,95.481438,244.332550,66.008041,194.709137
25.468655,17.543844,10.030887,48.180584,13.039195,25.466501
36.166859,17.592787,10.822208,54.164219,16.598452,55.656891
16.810146,11.134231,4.277986,20.500034,3.608966,8.150543
46.569756,29.344160,15.486838,55.663486,15.473254,42.677326
30.337318,19.173662,11.066974,44.162651,12.537812,23.733162
54.668854,32.830410,23.405787,98.650963,27.864899,71.114693
61.146259,37.706490,38.559586,143.253952,38.766815,93.054382
5.434125,3.733643,2.344946,12.360008,2.827733,5.846232
51.073109,31.180254,15.755018,72.681000,20.157076,52.067024
42.056396,23.621513,41.839088,143.040298,36.118229,112.584915
11.451020,8.152653,2.374407,24.682438,5.564340,11.763901
7.486333,4.920290,3.447237,9.779429,2.087378,7.765192
23.121428,15.323431,12.649148,57.804462,14.994018,40.807861
16.354931,11.201181,5.423979,42.981358,10.978759,17.561314
27.741993,18.544130,21.736280,52.008102,12.208044,32.654938
12.528854,8.585818,4.448081,19.531021,4.079112,9.149341
52.334904,29.587257,29.769316,102.581871,28.145752,69.737404
15.474996,10.037529,13.664926,42.612663,10.118884,40.400524
7.425482,5.434194,2.114066,10.834127,2.802402,3.354662
31.757395,21.437136,12.781606,39.509537,10.456729,20.471701
24.662895,16.421488,40.572716,152.715332,42.131371,105.664856
36.386021,23.365202,12.388605,49.067261,13.551019,51.639210
6.610432,4.661500,8.198332,29.372637,7.413960,11.032934
19.752289,13.251226,4.308651,39.840836,9.025108,29.812769
10.992207,7.680648,3.522022,10.505054,2.774992,17.213392
50.232464,31.945498,40.609676,137.144608,36.433479,132.565338
12.982425,9.241564,4.809513,15.785977,4.549322,13.329719
7.023499,4.924826,4.704715,21.424910,5.769642,19.552200
83.505951,42.074112,82.270035,235.932114,63.977451,203.963684
4.995039,3.834415,2.240352,10.795956,1.931020,5.679862
17.739323,12.331700,8.173976,39.419212,9.561134,14.055317
56.916138,22.369209,41.213646,171.812866,38.986752,67.437782
12.578487,8.688816,3.916408,17.403677,5.055006,15.769249
83.052513,47.139412,101.864441,281.272614,74.532349,190.304214
23.192163,15.357434,12.912408,47.937752,12.633823,28.030857
55.760761,22.685205,25.062771,100.649216,28.397091,64.578224
56.522434,24.897615,28.553001,110.079185,27.688925,70.691849
32.218216,20.562923,30.567949,132.516113,34.174191,71.003174
42.346252,25.816166,15.123178,46.353737,10.685002,32.449654
16.630741,11.448217,5.572938,21.653944,5.174119,17.656429
14.356192,9.430914,20.188314,67.262489,16.845531,94.413101
48.206436,30.256012,19.735258,58.353771,14.532924,35.905098
23.178720,15.559021,7.336166,28.059347,7.216408,8.892310
12.877491,9.051461,6.693165,31.249620,7.237545,12.958057
6.407567,4.581383,2.221550,24.699509,5.590086,7.174815
29.666029,18.898449,22.970308,90.411133,24.706987,69.084122
14.284028,9.789149,11.525081,53.188015,16.420322,38.659561
22.724400,14.984349,8.666333,26.959944,6.411025,7.790117
13.709884,9.157290,7.647819,25.180895,7.176210,16.574026
14.221315,10.122243,5.005681,18.950834,5.511980,22.538332
23.104942,15.028363,13.965199,62.115063,13.836920,34.036629
28.647562,18.913923,28.111048,87.539841,25.460180,78.590538
19.716713,13.412976,12.874517,97.415192,26.323614,53.414917
14.718285,10.186525,4.302818,41.030365,10.209826,9.172997
7.645077,5.197134,3.063904,9.202864,2.693037,5.854111
19.051369,12.743714,6.102953,19.113169,4.810563,31.521015
16.531826,11.413741,7.255911,16.166498,5.183006,28.714825
12.678996,9.027742,4.208331,17.035013,4.028224,8.839289
13.038803,9.459346,4.112737,37.139431,10.973952,12.550653
21.075491,14.624964,6.465707,17.647041,4.475064,23.332874
42.213070,25.663231,26.693693,103.876137,25.274878,54.450253
5.120688,3.575201,1.663457,17.273834,3.781551,7.449438
15.178382,10.917186,12.149010,25.344355,6.263183,8.208636
32.490654,21.893188,18.106758,72.735558,19.152369,53.108356
6.988773,5.125645,3.178711,9.690263,2.131944,2.810292
12.174331,8.226871,4.553587,25.837015,5.911803,9.520330
27.372278,17.764723,17.505711,64.894691,17.906021,42.531612
36.081558,22.898954,11.691028,49.921497,15.404181,22.562954
12.640148,8.587773,5.055543,14.628697,4.853170,9.341048
13.026750,8.921165,6.531309,34.165257,9.191653,24.203373
11.336909,7.687395,3.818562,17.072941,4.262277,7.661352
16.542044,11.493038,6.586452,32.328869,8.791591,21.815090
15.485785,10.744353,8.788093,44.700451,12.151908,26.140696
19.547182,13.432324,6.770424,37.962097,9.726694,4.521836
19.009438,12.550921,18.165186,59.331062,15.692379,52.761700
34.560818,23.331070,9.181721,41.380333,10.229315,16.930292
6.648342,4.728794,2.922244,15.960340,3.950503,2.755479
16.013020,10.620076,6.292313,24.241045,6.279019,21.978649
51.902473,33.850029,44.186790,164.237503,41.756927,103.499306
21.214338,14.543498,7.825586,31.640388,8.551911,26.216013
32.394646,19.778240,20.743418,95.824547,24.075157,47.254665
14.986760,10.532670,5.220158,14.791145,4.222554,13.064309
32.987823,21.283779,16.666391,89.195099,23.137276,76.254791
38.595085,24.284887,25.903093,64.838081,19.666109,64.151077
22.059866,14.540504,11.452939,55.423126,13.532628,29.654812
54.539314,26.490458,18.752281,86.889664,23.062080,66.205292
44.969528,24.242702,18.791534,82.101463,20.218899,55.088951
14.270723,10.193894,5.127557,23.294935,5.342222,10.543067
8.822007,5.878046,2.900809,14.186689,3.610294,7.959828
24.538481,16.772551,11.780342,8.097629,2.399712,17.051561
14.913757,9.909982,8.109298,29.603420,7.868345,27.967260
14.421534,9.903415,3.665031,12.134575,3.959432,7.236478
46.210987,30.108521,19.209791,43.669891,11.593257,37.921314
6.985504,4.919639,4.201938,9.063121,2.922354,6.306820
13.260554,8.827865,17.035845,87.884720,21.585064,73.631432
14.029986,10.033936,4.627365,19.270670,4.985728,13.246002
12.381283,8.097162,6.017945,38.969112,10.144662,22.247749
24.637104,16.999502,8.536607,29.486654,7.320256,11.788574
6.594862,4.806170,4.806091,21.509369,4.233898,9.670091
11.190845,7.917976,4.556910,15.413081,3.757616,16.369856
9.002237,6.320834,3.082740,9.326414,3.497444,6.675287
7.369212,5.278159,2.680449,11.523035,2.310230,8.787029
73.521011,45.393269,68.208961,191.015839,48.666428,111.598518
5.712239,4.116619,3.291202,14.275993,2.599261,7.728217
21.393427,14.341565,7.832732,26.010469,6.789011,24.414040
6.656841,4.697876,2.856931,10.773646,2.673287,2.057133
10.306323,7.341777,11.138447,43.753422,10.659825,24.818796
25.896358,17.409552,12.680355,57.664364,16.759077,33.729877
18.154959,12.364030,7.642092,37.951366,10.712929,29.640646
29.305275,18.970909,11.239628,57.113853,13.139936,21.029175
15.961669,11.060485,6.921225,17.077570,4.618361,11.766277
38.631794,23.962873,31.388681,132.097794,40.149010,70.301155
16.791365,11.444148,6.025115,24.127682,7.044686,12.743733
14.104312,9.802197,4.250160,30.577021,6.800037,14.392510
21.263386,13.347486,42.429974,134.252579,34.570599,110.992439
24.319855,15.970752,9.396247,48.990784,12.216908,27.239714
14.525381,9.974187,5.481320,14.064992,3.834745,12.722496
30.211191,20.352154,10.960286,44.907757,10.543020,27.925055
27.354080,18.574272,9.367916,39.459549,9.527738,18.381409
44.756794,28.745037,17.245491,56.212547,15.024072,35.504845
50.297478,30.038303,58.990005,261.751068,66.092049,183.639328
9.208540,6.650576,4.106431,16.843643,4.822194,16.695452
41.756615,24.352896,22.771305,88.422707,23.309525,62.866383
34.438454,20.816811,17.055618,90.297226,21.203394,69.623734
59.077862,34.466461,70.524216,246.802673,56.594227,234.580093
38.956085,25.354012,23.013330,68.148895,17.546328,74.425423
19.571842,13.118553,9.284012,29.671385,7.833362,19.023594
22.134260,15.169593,16.562136,60.338375,15.399805,19.919609
89.709457,53.037277,56.743000,199.689514,56.405270,173.249771
14.177028,9.421853,5.447535,17.771173,5.227155,14.134301
18.166649,12.578700,7.718494,36.529541,8.738188,7.037407
40.657940,26.131344,11.136200,59.674599,14.993197,27.631336
53.341267,31.031038,30.853090,121.134972,32.713863,57.676262
47.353996,25.627773,71.786369,212.653763,56.658836,192.976944
28.508657,19.386665,15.321152,58.561127,17.003437,56.001606
27.823616,18.242889,13.058461,61.775436,16.939180,40.948425
32.835579,21.406412,56.190613,151.663895,39.730164,68.241180
11.593952,8.032346,7.114086,5.514969,2.245522,15.997678
71.358650,40.859631,36.751289,188.142380,47.297951,117.302391
10.202252,6.590429,2.470680,12.947356,3.453535,6.325471
9.395729,6.688175,3.964854,19.894831,4.965614,8.079378
38.274647,25.382833,11.424608,52.676262,13.453458,22.301521
13.049289,8.625425,4.327981,21.597403,6.226611,14.377792
12.072526,8.225811,6.051339,13.327374,2.642698,11.644943
11.863378,8.275777,4.458728,21.104540,5.834968,11.451106
10.170736,7.108064,6.108040,21.431278,6.320995,12.415643
60.057415,33.386185,31.398882,123.622086,32.610619,67.241608
30.033878,19.871357,9.763354,33.936672,9.384537,18.613327
14.920612,9.912958,4.000989,20.012978,5.072043,13.016115
20.722536,13.942305,6.552888,28.532585,9.246621,14.916108
16.367704,11.259195,4.977601,33.742477,8.898933,18.584576
12.086233,8.193561,4.542449,18.611776,5.622285,9.814477
26.962711,18.207270,7.959374,16.721462,3.771284,19.041746
23.547316,15.923595,9.100346,37.215466,11.050460,34.821613
31.764988,20.909626,14.188667,39.038776,8.933319,30.815624
12.298197,8.291895,3.443882,23.546728,6.576522,16.522219
22.328440,14.476851,24.903843,94.367172,23.559855,95.733932
12.704911,8.851201,6.288170,20.508614,5.277116,14.600889
42.039726,27.092098,15.415464,55.959133,14.584946,22.517946
31.194284,19.879744,15.810309,41.066101,11.940166,28.835295
26.840027,17.984852,6.679027,44.773258,12.327037,36.058155
25.680002,17.412745,7.193732,28.221302,8.462367,25.942396
36.851677,24.759336,13.041660,53.466255,12.713644,28.866459
23.283052,15.801568,8.865300,37.682285,9.273221,31.271118
36.292679,21.674717,29.696133,118.145035,30.092789,66.002670
25.586460,17.263332,7.487251,29.298468,8.760923,26.437044
21.461103,13.589563,12.829618,46.293697,13.049229,31.907047
17.598913,12.014656,15.598445,49.888020,13.619468,15.804271
10.319193,7.080259,4.930935,11.837114,3.640309,8.810265
29.275547,16.613028,14.270033,61.486885,16.879997,29.606270
61.926510,35.620323,42.049725,140.688080,34.779823,109.129196
22.492283,14.955267,18.047358,82.423637,21.930124,64.439194
6.610446,4.423093,2.265701,29.091099,6.672643,9.290994
42.669823,27.187975,25.704647,116.628639,31.306829,52.875980
28.772495,19.041597,6.889651,39.483421,11.729033,31.119148
13.168117,9.001742,4.208206,19.583284,6.020028,10.715967
13.810528,9.839706,3.253286,11.232575,3.783067,18.125134
11.953603,8.516144,3.753289,9.053238,2.462185,15.575579
22.166943,14.898690,8.916407,39.540756,9.165152,27.696871
24.991213,17.263227,7.776449,38.454124,10.367740,43.692436
50.797604,29.976871,61.428505,167.523071,40.980019,97.335114
25.400246,16.906029,13.397705,46.798977,13.637561,25.414684
37.477745,14.813630,39.433960,131.913116,35.396275,86.629593
18.449694,13.038278,6.077187,37.341461,10.140230,18.338129
13.158912,9.183376,5.526521,24.579247,6.827122,10.103626
29.246929,19.063976,10.063190,43.019081,12.615725,30.805439
16.705479,11.384294,7.461763,36.078209,7.702499,22.566441
32.972504,22.264153,12.722319,53.747177,14.575308,42.361763
22.831789,15.200268,13.401767,55.923481,13.126472,30.596857
75.093330,41.864155,46.123367,129.674973,31.858843,77.148979
18.999762,12.822559,8.258849,48.310265,15.365369,24.505409
24.278950,16.028425,20.282846,91.151459,22.591488,74.295334
21.536217,14.109489,13.307749,47.594135,12.551974,41.181873
39.535736,27.392174,26.364431,105.292709,27.027048,62.974236
17.184841,12.057546,5.228511,23.196709,6.476286,11.903889
32.314934,21.503487,15.283735,82.367172,22.025223,51.801479
15.684835,10.994567,4.645386,22.396286,5.976389,14.151675
10.776298,7.451099,6.701142,26.427416,7.541419,16.317175
30.255785,20.239769,9.745622,21.498276,5.840595,37.659206
24.722225,16.196836,13.306252,54.878819,14.804598,23.313326
29.299841,18.972271,10.917139,40.305557,9.718135,21.936399
9.638337,7.027927,2.131548,11.351573,3.024101,13.688082
7.726859,5.414122,2.112127,12.998795,3.811308,7.781339
57.369530,30.631338,64.968353,211.820404,54.718304,167.188721
6.341298,4.091465,2.386005,9.317166,3.202528,8.355519
16.979099,11.514064,13.404441,42.031487,10.196559,15.608195
9.769749,6.819282,2.289966,12.242421,3.357415,7.268064
24.080492,16.326548,35.338078,158.170288,43.669807,67.556091
22.405333,14.836432,14.900611,45.304451,11.597757,26.926245
12.732071,8.782208,4.033352,18.186163,4.491955,12.142293
22.806458,15.546409,7.476755,34.953999,8.497503,14.033433
15.144561,10.017245,5.387703,26.508718,7.699400,20.765480
17.693893,12.364543,5.011687,15.715130,4.182440,14.730429
33.911266,23.172215,14.370252,115.692215,30.728174,62.328075
18.801634,12.521145,5.843118,25.810226,7.954878,10.883586
20.983749,14.495896,11.237009,48.247147,11.062509,34.818844
20.401182,13.669926,9.313841,46.692333,12.829309,42.482384
14.376132,10.001133,2.546902,19.457373,4.988839,8.793010
22.295937,15.294140,6.724223,31.459511,8.922717,17.903181
11.795799,8.260960,5.803728,31.447947,8.328728,15.321858
33.130623,21.187010,19.175526,69.784523,17.152006,32.100895
19.329912,13.123431,15.013525,56.996811,17.162607,39.771610
71.066383,45.843369,55.653034,223.014114,57.836170,107.606911
10.741023,7.709715,4.058952,21.191542,6.917021,10.163098
33.523911,21.902346,11.032753,46.199856,13.526569,23.257610
8.849644,6.241322,6.385008,27.427391,8.423473,13.055939
35.107746,22.098841,11.184533,52.074718,13.903337,30.220669
13.024070,9.220836,6.171535,21.210300,5.226527,26.117683
92.248207,43.054913,114.111519,532.177063,131.860977,230.043655
39.630508,25.333569,14.443252,63.194016,15.465491,37.725681
19.420570,13.035079,6.914937,36.220104,7.984725,26.388218
27.830017,18.333948,23.666697,46.703415,12.470621,24.834507
30.904539,20.893227,16.375641,63.255936,16.953972,63.792198
56.259949,35.775948,19.554661,74.056267,18.861109,25.228619
7.056359,4.699493,3.115460,10.500688,2.481279,8.743261
27.385015,17.900322,9.907875,26.232616,6.949878,8.823596
8.120423,5.534054,2.143008,15.595047,4.566707,3.395203
29.622456,19.546209,9.614659,31.663969,8.615788,34.208527
20.316977,14.024721,12.790693,53.152641,13.364532,22.276981
20.942759,13.766823,7.550051,37.936779,8.856771,37.149487
21.731962,14.528980,7.723113,22.092720,5.760479,13.643414
35.870083,14.745790,18.775116,78.303963,19.500025,63.579990
35.693233,14.742594,18.518770,80.813293,18.692844,57.579552
15.129994,10.329058,7.547839,28.972414,8.064793,21.058264
13.447365,9.280429,13.274583,84.696465,20.461020,43.945023
22.338102,14.781464,23.740479,83.197952,22.492416,49.429165
28.567415,19.257841,14.815050,26.124084,8.089627,34.277191
56.375019,33.439339,50.023918,169.499359,44.968300,113.446335
12.577912,9.212611,4.145428,19.330183,4.156701,12.853929
10.463339,7.317951,5.199576,20.529715,5.571611,14.596310
32.495945,21.879776,14.228483,58.418186,14.990065,44.736942
8.002382,5.803051,4.143208,15.458716,3.858572,11.411615
22.027260,15.079161,5.550597,53.569805,14.504091,34.050587
30.622463,20.561382,12.264112,44.799088,11.125022,13.422965
39.993023,25.868065,15.298539,76.364006,19.211485,34.666912
5.350690,3.466905,4.219887,25.672449,6.155830,7.901355
24.185823,16.247646,9.973082,65.224808,13.885481,23.822365
18.432692,12.585963,12.486410,31.552673,7.181227,26.927677
30.107317,19.239870,19.576241,45.487518,12.929603,61.544716
15.363816,11.045220,6.451808,22.609198,5.201123,15.742056
21.869946,14.203477,7.185766,28.630083,8.378369,17.578238
35.005878,19.712580,12.462318,60.016964,16.079233,23.052017
55.930061,31.655100,64.396362,354.811096,97.109245,229.755615
7.614949,4.987965,2.939461,14.208440,2.688177,6.222015
10.451316,7.153985,1.672144,10.450791,4.460328,6.450830
7.610511,5.068178,4.387609,24.557110,7.046291,16.139208
8.079601,5.520001,4.025984,24.263721,5.888470,4.607173
27.579693,18.450006,11.999593,61.472050,13.984184,36.711823
18.804468,12.992737,7.537503,26.712822,8.038601,21.586668
11.458865,7.645817,5.182834,27.271400,6.677327,9.935894
29.886593,19.144545,21.054342,73.613388,21.672688,39.846928
11.403153,8.113250,6.295313,28.903574,8.228797,17.314806
26.011341,17.478785,9.975121,30.434137,8.596153,24.029078
18.801008,12.824476,8.353220,31.335943,8.102743,26.668430
21.056116,13.924384,18.748228,38.757561,10.037620,15.452646
22.610018,14.700808,8.792933,35.451244,8.894689,9.825594
15.036601,9.942882,4.702996,20.616411,6.110296,7.655544
10.235543,5.225542,3.458006,11.699023,4.087757,8.230214
31.296530,20.723055,12.447660,55.823124,13.165441,18.396997
5.277122,3.832139,2.642761,8.882833,0.908408,3.808365
42.459023,26.702429,15.514531,97.974030,25.325424,71.934090
43.332546,27.604671,26.201984,115.878784,29.350006,78.694946
23.083057,15.139698,21.322039,72.245735,17.756546,56.374798
12.838573,9.042751,4.504104,25.336424,7.228534,7.885074
9.965733,6.856694,4.365429,14.474586,4.371528,4.421317
66.502319,33.473679,82.508553,337.291077,85.159256,214.442703
8.789371,6.108953,3.279153,18.865208,3.232820,8.181018
34.195065,22.535692,18.511803,81.797203,21.848083,41.013844
14.633324,9.721671,5.894557,22.536524,6.117786,10.181947
14.897051,10.443736,6.559236,21.938068,5.981984,8.059674
18.183754,12.150291,6.038723,22.377760,6.920412,8.315271
18.398153,12.268386,5.477890,17.281204,4.067150,14.157514
25.481499,17.057777,10.899986,49.715801,13.444301,32.985687
49.618359,31.031691,25.325941,116.877884,29.911367,65.180580
16.992018,12.070056,5.607471,15.158366,4.832782,8.385829
7.828763,5.239678,4.006067,14.463070,3.384132,6.333306
25.582693,17.126160,8.019493,40.701611,9.466252,16.110762
59.869694,35.100655,25.353594,122.636574,31.993839,52.358280
17.371773,11.366393,6.592591,26.722059,6.876240,14.538332
18.705265,12.780068,11.802855,72.552979,20.151691,50.127884
20.677525,14.290718,17.103476,49.487835,13.690416,52.005039
20.633051,14.164973,17.463766,10.038885,3.076646,20.301971
14.665377,10.178382,6.896040,23.959484,5.489693,13.134233
12.336664,8.406404,7.313168,21.686825,5.101899,27.690510
6.463169,4.474913,4.628175,21.462456,5.655330,6.957640
30.499578,19.417580,13.762403,51.835163,13.441717,26.422491
7.392937,4.925517,3.537983,17.980345,3.719097,16.819984
14.065969,9.272067,5.011093,3.776575,0.015263,7.646802
12.597914,8.556775,4.816087,14.946777,3.981498,16.282877
25.309635,16.744940,7.619491,36.554813,10.583142,28.038237
13.084063,9.093711,4.795920,17.162813,5.020929,13.780190
9.159190,6.037158,3.611636,20.982571,6.516055,16.736525
33.588463,22.402437,12.142547,37.835365,9.958129,27.465899
24.679306,16.735224,13.713527,64.543564,18.726391,55.173244
11.727928,8.524832,3.218842,18.177799,4.319126,7.595523
7.760192,5.575297,3.704940,18.200089,3.580968,7.450028
29.914658,19.580759,10.279108,35.308544,9.739985,25.897688
20.372913,13.742570,8.001529,39.100910,10.345380,18.745979
8.540090,6.153173,2.475695,13.149869,2.477872,12.240081
27.158047,18.168459,26.428867,127.335686,33.697483,60.246498
32.219074,22.184185,33.075253,102.368790,29.553928,79.774300
10.079086,6.804630,5.486507,23.695232,7.214804,15.060867
32.057594,21.174955,16.345139,45.882755,12.280128,31.501856
16.162710,10.881900,9.193307,66.483727,14.264715,34.394764
39.340622,26.537031,19.028961,52.222679,13.544971,36.917900
25.543875,16.931328,8.975043,49.142906,11.462643,22.535980
21.604761,14.516257,7.442438,30.585480,6.479847,15.296820
17.470842,12.004536,5.613171,22.690041,4.226803,17.183899
14.133778,9.597061,5.335974,29.627012,7.767539,10.109007
21.025766,13.809623,13.726839,36.931522,10.860896,16.769238
19.051617,12.650345,11.494895,54.866447,15.252625,28.686110
29.665625,19.840487,14.275726,53.367191,13.346253,29.115038
18.735586,12.888191,13.378171,30.891308,7.536567,23.793018
6.654080,4.647681,3.587172,12.013313,2.852947,7.234115
5.875520,4.376426,1.754339,6.821772,2.609491,4.873219
30.519403,20.757626,8.285565,37.760574,9.421510,15.768372
17.408169,11.793582,21.711607,65.617744,17.005659,20.452946
26.146070,17.419170,7.182593,29.021332,9.119463,19.417713
6.687868,4.740124,1.977275,81.656090,20.764177,12.045880
12.383065,8.390721,4.502371,33.606190,8.012483,19.526493
26.903772,18.282906,7.618154,27.153660,7.441611,20.832130
34.443100,21.231012,18.146324,103.063042,27.784422,69.641602
25.140577,15.801046,54.124809,153.605667,38.974056,147.450974
9.768672,6.583192,10.809997,36.323090,9.774214,26.020887
29.405735,17.560404,25.216574,156.013123,43.631317,61.016220
54.847336,26.783829,32.482887,79.552307,23.685520,56.583847
26.730412,18.161886,12.002160,49.488827,12.055132,26.512852
50.098297,31.392176,29.780382,132.223511,35.468739,87.258842
6.971650,5.107114,2.886576,23.217600,6.720607,8.753644
19.217476,13.091449,6.064693,31.185562,8.201595,19.471373
35.589043,23.024637,10.051946,43.340405,10.535433,37.820038
21.065008,14.398216,18.731056,58.972359,12.810853,22.102907
9.366837,6.422987,3.571143,12.363955,3.225653,5.410519
17.946743,12.426951,8.505929,34.264694,10.350074,25.461983
14.617249,10.040055,15.937714,51.001446,14.375800,45.103996
42.611118,28.206608,13.391939,52.120266,14.094870,39.526798
47.274071,30.404488,39.615711,185.826019,48.002556,100.769630
78.247322,41.568230,74.524849,276.752808,74.767944,236.588104
5.283594,3.781669,2.447828,11.820319,2.634435,4.306478
14.478953,9.847836,5.829545,17.596161,5.255420,10.052223
56.547543,33.801884,21.899797,102.425270,26.988106,52.272907
47.558155,29.354313,16.487715,35.084526,9.663768,36.418644
30.342426,20.003319,10.067540,47.246311,10.082788,18.999659
25.147806,15.977692,18.141800,65.206429,18.327940,51.585709
7.439056,5.189921,2.621338,13.749517,3.723743,13.828721
32.760784,22.088581,10.934722,43.005787,10.033900,19.122717
22.967167,15.487679,8.578205,32.083614,8.820387,24.023909
30.945017,20.117538,15.930064,64.180199,16.360924,37.669086
34.324459,22.475225,14.669057,64.632866,15.423104,29.974142
19.801102,13.609859,7.013859,41.289417,10.284357,18.146835
24.023607,16.190720,18.959148,70.374001,20.589840,69.678772
8.574562,6.112943,4.446988,13.371379,3.760498,7.740427
24.602594,16.215200,9.531885,22.979673,5.641099,5.060498
17.710880,12.102806,7.777643,29.387581,5.969040,16.904490
12.732953,8.624227,5.020692,23.043026,5.442907,8.635684
25.196436,16.869593,11.514368,30.643604,8.145756,16.045277
38.662716,24.265697,28.967083,85.740807,21.032505,50.343132
13.667418,9.579736,4.337203,14.159580,2.143355,5.908389
29.242695,19.310350,9.554697,33.045074,9.410158,17.909191
5.975794,4.374640,9.394109,39.163845,11.480029,14.698071
36.194080,24.715981,9.521276,39.628429,9.174006,25.704901
11.679868,7.980482,4.072513,18.411966,4.478651,7.630285
21.664371,14.796754,7.942745,38.809910,12.779982,34.520161
49.030609,31.212389,23.153612,90.105103,20.569115,41.050995
13.194475,9.125888,5.328787,21.969364,5.139960,9.333887
29.246162,20.063238,8.663349,40.715652,11.102157,23.946186
10.221876,7.200331,2.700521,11.960671,3.125770,10.444635
60.963017,38.405201,32.683174,55.576569,10.970633,74.522003
30.952044,20.564796,12.453518,42.920837,11.909733,39.069389
9.718522,7.002488,7.968772,39.357857,10.256504,26.248224
8.055203,5.747873,2.461898,16.717699,4.465263,6.267682
32.778038,21.822378,15.164862,84.907806,22.183950,50.009342
32.821880,21.635429,13.147837,34.433712,7.920264,23.601614
24.584970,16.785366,8.755435,39.327850,10.545239,42.824612
47.922260,29.931082,22.708334,75.628670,19.716665,56.077938
16.280672,11.476080,6.207613,25.751608,5.904175,15.198029
27.782877,19.099052,10.778766,69.763588,18.607792,24.779184
9.109551,6.389265,3.235430,11.805614,2.855173,7.315179
29.689621,20.229591,11.489053,55.654827,15.406672,21.432999
28.395872,18.798946,7.705218,36.860268,9.065400,47.289413
15.145512,10.075275,4.729217,22.747635,6.774166,14.938849
16.241892,11.344375,6.058236,15.462641,3.602965,9.643697
22.149044,15.302425,8.060083,29.169727,8.399091,14.493608
21.947409,14.847336,34.485302,133.610031,31.698574,85.948296
27.271786,18.510447,11.849523,52.289661,13.220894,32.424252
15.439977,10.495205,10.648773,41.644070,11.916870,67.292847
28.583519,19.437115,7.902344,56.127659,15.065602,15.276834
6.545489,4.563228,2.503494,12.330076,3.014463,8.810212
34.517845,21.992199,60.372688,273.175842,76.554100,164.386017
6.183957,4.339247,8.925876,54.935745,13.745547,15.751038
17.003038,11.757809,5.517526,29.522945,8.333989,15.920874
49.263531,32.546154,16.886780,87.374649,23.617035,68.481346
51.387054,32.851624,14.442399,58.473125,16.648821,33.357128
27.671907,18.732292,12.802748,53.875305,12.299049,26.595707
9.632940,6.335654,16.922649,41.751717,11.311619,42.092171
24.120327,15.678570,9.322395,20.198175,3.569158,14.478990
22.364693,15.619072,12.737032,40.810017,10.171882,10.234493
32.767269,22.000330,12.340788,42.464619,9.436890,14.889413
18.536409,12.495635,6.039198,36.173439,8.817420,16.933601
43.204163,28.864073,17.657551,80.129700,21.001602,23.714672
4.317207,3.282236,1.557611,11.473191,3.699200,6.913905
15.508122,10.581243,4.488859,31.917217,8.393823,24.443745
11.195971,7.448314,4.174564,9.437883,2.837862,16.001539
9.108829,6.547217,14.893004,56.642502,13.438032,22.582794
15.780799,10.822601,8.673285,31.539932,9.611981,18.511084
30.723223,17.966169,47.548580,133.454361,32.568722,87.645683
14.621167,10.274961,4.915583,10.693034,2.558115,11.407417
22.384645,14.794861,9.032761,32.872391,8.868171,17.486460
13.588103,9.892120,4.989432,16.608065,4.799909,10.236165
12.167047,8.419855,5.968112,24.040384,4.739958,4.121218
24.251383,14.702026,33.496880,185.195953,49.099144,123.137306
32.175713,21.482529,8.436847,40.453266,9.990003,15.140294
17.859037,12.320127,17.779985,63.666454,15.354980,21.709810
24.138788,15.698808,11.476366,48.552807,11.515947,24.138044
10.134713,7.392929,7.757424,28.779070,7.667284,19.816938
16.233788,11.360580,9.004081,46.311028,11.651386,25.075369
16.421120,11.094501,6.335525,28.938334,7.457108,27.609818
45.912300,27.036900,27.101664,121.671875,29.208179,56.951496
66.609924,39.175903,23.670540,65.902588,17.229549,46.699150
9.418034,6.584262,3.279473,19.133387,5.225015,10.068440
25.845989,17.050772,10.182873,72.393166,16.871031,54.487347
54.427074,20.753441,20.021147,70.024857,20.739601,60.984364
8.338839,5.488853,2.034258,2.595963,0.664860,3.781183
13.308561,9.500483,4.409636,25.561037,6.155921,8.141521
35.485081,22.402462,18.677673,78.803879,17.755384,51.295223
34.333553,22.920509,11.449275,31.967726,7.797634,13.580820
27.928722,18.609772,27.338470,34.032803,8.840738,65.612732
18.624525,12.702681,18.085020,87.128754,22.692120,101.314003
14.705896,10.272288,8.451417,32.048298,8.348714,20.819510
13.756218,9.760866,6.558291,13.672281,4.224321,9.324083
15.868054,10.806320,15.397958,40.038635,11.171549,31.227703
29.999121,19.727186,14.633819,70.022224,15.421322,34.726700
24.474442,16.449162,4.531035,32.056885,8.171376,39.100212
23.063511,15.117901,9.766502,54.711250,14.542116,26.724373
19.900631,13.148599,12.280285,75.005371,19.128160,69.713196
63.508751,34.497402,27.286200,95.730728,24.150476,96.551544
20.423389,13.500122,8.874081,25.471514,6.137133,17.653597
26.920399,18.509016,7.932117,32.471107,8.329354,25.855911
29.820721,20.118902,10.998862,67.584366,17.131674,17.741491
53.720322,29.165571,39.605122,120.861206,32.405304,95.690491
30.403025,19.864569,27.322382,78.433830,19.791641,33.201263
41.259964,25.748907,25.967653,105.041344,29.364594,67.778137
12.505154,8.935585,5.616600,16.717089,4.303609,4.584646
12.634501,8.671782,4.350320,20.430401,5.637336,16.117662
12.651158,8.903988,4.500334,12.822855,4.530138,11.270268
98.741585,49.478477,62.081535,292.198608,75.797981,205.417114
30.649879,20.040691,8.521341,41.128326,11.376203,30.804417
5.683550,4.292070,2.220752,11.072523,2.942183,7.522575
14.452008,9.815005,7.805863,26.180807,7.212406,25.897228
17.375191,11.908794,5.574278,25.901115,6.137944,12.652179
24.692959,16.879667,7.974480,26.580208,6.534233,17.124750
15.240383,10.343571,4.663915,13.927837,3.290406,10.743241
32.322006,21.019955,22.826464,79.448044,21.055332,50.938412
22.271378,14.983462,12.698519,37.622208,11.632645,47.811459
28.729834,19.458784,7.293975,37.856087,10.184131,12.167784
44.799740,28.000496,27.547163,119.393921,32.163219,105.194206
35.562214,22.975935,10.879077,38.519363,10.371027,41.125233
20.080086,13.546103,6.541401,23.250244,6.901474,28.324347
10.553331,7.493086,3.983498,10.826401,4.152812,14.221181
9.763929,6.583602,9.403497,28.203344,7.033610,26.665495
29.853125,19.549385,9.467873,25.536760,5.720563,13.202697
42.877140,26.160240,14.165162,53.024853,15.419887,25.579615
5.690572,3.804316,6.171166,34.812630,9.464335,10.841628
22.947929,15.031310,13.502700,79.629105,22.235950,51.016491
16.098600,10.910016,9.060357,33.560322,10.268565,28.771715
12.956153,9.414465,4.347491,17.332077,4.487769,7.135445
10.633210,7.465150,6.067504,24.089817,5.915879,12.538609
30.229172,19.582853,12.148912,43.194168,11.263041,29.391142
6.832741,4.893049,2.985248,12.915885,3.244861,8.452935
7.096981,5.143232,1.608112,9.319213,2.573205,4.683671
64.284813,38.705746,37.754898,194.907562,53.084892,181.032379
17.385784,11.388768,8.717221,31.200638,7.420894,28.157034
16.392878,11.383392,9.636873,52.884983,14.030289,18.747847
17.899076,12.247273,6.729356,19.229179,4.653461,16.123026
11.643758,8.155492,4.293951,15.217434,3.506865,10.130230
16.704367,11.468190,12.622171,50.429840,14.538541,64.519646
27.623520,18.062391,10.328410,47.032269,13.193817,57.610935
41.992928,26.780260,35.149334,141.897797,34.489571,73.038902
19.877998,13.552287,4.928544,38.035740,10.112782,23.279615
15.218110,10.560802,4.889700,14.551269,4.777172,11.751323
45.465820,28.191185,55.662155,195.719681,52.034157,180.929337
88.096245,50.524826,49.823631,149.036224,36.896252,104.099564
21.338387,14.255954,5.775008,19.166586,4.740937,10.718988
7.019456,4.699528,3.466427,15.650606,3.431672,10.753146
18.581964,12.314671,6.319263,28.848875,6.656466,18.705181
24.594931,16.285463,24.804352,100.361115,23.320465,46.308472
35.023300,23.382175,17.026661,62.229389,18.071714,26.775326
22.291380,15.083721,10.795026,56.878033,13.549880,19.073685
21.291309,14.432199,6.108906,47.256340,10.813046,32.181446
11.634257,8.228152,3.979592,28.584455,8.250471,24.558773
7.432351,4.994143,10.035884,22.133038,6.026958,12.569920
7.900411,5.539315,3.398890,13.832900,2.794294,7.967762
18.743862,12.815655,8.448491,35.357300,9.404473,28.448776
14.694813,10.228569,4.924965,20.298904,4.932916,14.363429
31.789455,21.456366,9.365618,41.459347,10.705488,23.398596
16.818872,11.051179,17.044512,63.815117,14.109339,68.492058
44.215092,28.336952,23.116049,83.218925,21.683897,66.882332
14.135531,9.644282,4.388113,17.144051,5.009942,10.544549
11.941978,8.269325,4.865303,11.856360,4.172104,10.511300
16.195751,10.593081,11.246789,72.061333,19.856070,30.795900
14.509458,9.929990,7.775909,32.961449,7.128941,20.794800
12.099273,8.289346,9.370139,29.500004,8.418251,20.544531
54.913002,30.470375,34.681156,105.720985,27.717266,84.717346
4.786703,3.460478,2.831835,16.000727,4.459581,8.868552
10.598257,6.953676,3.341176,7.928807,2.509925,7.488327
17.347878,12.021787,6.783215,19.174868,4.803499,7.835846
14.236202,9.616730,4.545342,17.687090,6.435012,19.637722
16.683310,11.578420,9.153139,19.261005,4.873974,15.442904
8.182197,5.633303,6.921050,32.537998,7.408427,32.951057
23.644602,16.062513,11.998127,37.322914,12.145764,28.482635
77.496613,39.973545,25.215719,125.707924,29.276623,16.916504
14.455040,9.680903,9.256389,35.339729,9.818555,18.541065
31.055452,19.999567,19.163527,80.717865,19.815039,37.758743
17.757908,11.559736,5.707029,21.632473,5.800842,11.021664
18.585012,12.561691,3.749322,27.370632,7.972366,18.776112
11.592374,8.183074,5.063064,3.342234,0.327055,6.892782
9.671353,6.687751,4.030611,14.200247,3.208368,6.966005
9.582568,6.522695,11.724191,41.217499,10.680453,27.460287
18.197109,11.981867,22.408474,87.049713,21.217194,67.360718
11.793190,8.412117,4.075209,19.049524,6.336632,11.442817
11.940391,8.379045,3.879044,13.516776,3.010489,6.982793
82.145164,45.492020,43.544975,185.931961,48.741661,131.014435
18.601490,12.900160,15.422319,61.848248,16.528019,44.045322
16.320442,11.122926,10.475584,65.312279,15.897440,27.912321
28.864389,18.325527,11.599148,48.190952,13.692838,23.036028
9.043702,6.099295,30.725111,96.220390,25.153454,27.879465
11.307651,8.013546,4.171594,15.403994,4.081140,10.129736
7.180245,5.171436,1.681885,7.533954,2.178431,9.882275
36.660542,24.252438,12.763242,63.908943,18.725246,56.314487
6.790239,4.493813,2.607208,21.034283,4.110031,18.162081
19.469730,13.294061,6.632030,24.417496,6.533988,10.374038
23.243767,15.721936,12.144663,62.974194,17.209728,39.344196
24.715199,16.239941,13.310699,78.478676,18.821905,39.737389
23.213268,15.060313,15.936181,68.662689,15.777699,30.484339
42.500027,26.924109,13.563371,56.632957,15.728886,22.179630
17.111498,12.078070,4.609191,32.464092,7.905040,10.889254
25.904327,16.999296,8.216283,29.064449,7.752606,20.888107
6.045666,3.927259,4.025189,11.593321,2.543409,5.590764
19.797686,12.903706,11.303379,106.942467,29.519812,22.488661
10.808881,7.298759,2.427247,10.660966,2.840806,8.305515
16.607378,11.074909,22.292782,122.260704,29.429512,34.470554
27.632080,17.680063,23.488132,97.044632,26.177904,99.293274
9.748111,6.825319,3.823331,17.362556,3.961231,12.187394
12.234836,8.271352,4.863102,11.334445,3.516739,9.218605
18.096834,12.375508,6.562698,25.944027,7.049829,14.159913
16.056612,11.085315,5.362477,18.520319,5.951231,12.708778
60.054142,35.866692,58.610260,254.928589,66.980560,166.176270
9.204800,6.602143,3.938183,18.288521,5.636867,11.332055
22.367674,14.586899,14.323660,71.261093,19.008583,43.935242
35.854515,21.570751,14.532522,50.039055,12.083618,60.034718
41.021591,24.900255,51.247150,201.556992,56.701633,201.481155
16.910990,11.510315,5.018459,28.998377,6.753463,25.234167
10.332740,7.058465,3.324104,9.732882,3.311968,9.458686
16.706211,11.191325,6.828575,36.412563,9.209624,14.815335
28.417768,17.399122,14.804963,79.281532,22.667284,31.077078
61.845650,35.744431,40.877106,109.089592,27.522335,64.328354
22.826202,16.059172,7.358459,25.678034,7.475641,17.510469
21.734371,14.597664,7.317224,36.881126,10.874616,38.557098
24.083620,16.616631,7.580665,30.491001,8.029879,5.521123
18.260380,12.047258,9.855531,36.018730,10.970807,8.738971
5.754357,3.799105,1.275372,13.644198,4.990618,10.047422
49.993217,29.707064,48.635410,170.467926,41.957188,160.144653
26.169537,16.316349,16.700165,75.769463,18.226486,49.636681
15.409697,10.535295,6.085224,31.935472,9.558441,18.113543
29.428814,19.830650,14.515873,63.704075,18.187511,64.523346
31.945831,20.929466,7.280529,70.092667,17.878214,20.322683
35.620205,23.229536,9.303248,62.924580,16.161709,22.452751
23.802980,14.857626,39.792061,143.262451,34.336441,95.523247
19.690168,13.496065,6.949353,23.938931,6.687141,17.017111
11.566439,8.487018,5.560257,40.235928,10.085120,21.748022
62.162716,30.990593,69.436836,325.378784,87.488159,159.034607
4.781649,3.186294,5.593589,37.261452,9.980357,8.251640
10.359047,7.159139,5.079945,18.672054,5.876184,10.602142
25.657579,16.951107,6.760188,19.679369,6.780672,13.594288
17.993797,12.771737,4.488783,22.690916,6.091151,23.438583
19.976990,13.611192,16.922472,41.413284,10.654885,21.174774
56.686378,35.439201,27.296064,86.995743,22.774132,71.466354
8.228717,5.922078,2.496479,26.477051,6.210837,9.762093
5.966471,4.069476,1.387786,9.751341,2.136387,2.657560
29.023699,19.826717,8.969423,29.575022,8.957478,23.358772
12.382402,8.666724,6.815034,26.299932,7.331004,3.191416
7.892195,5.267684,3.305028,12.879154,4.211150,9.955031
80.127052,41.018291,93.611847,290.412537,76.826439,260.608765
7.942508,5.612121,2.193140,8.590672,3.082629,2.944393
27.967730,19.154375,10.397901,40.931763,10.060420,28.938148
15.153630,10.090069,10.011722,37.493397,10.864689,32.022800
15.379418,10.560398,4.255260,24.210571,6.135652,16.257380
16.581495,11.443486,6.328748,30.290405,8.411407,18.945795
8.404067,5.938369,4.163204,17.247791,3.230662,5.963958
34.618988,22.349483,16.302980,76.273643,19.657652,49.925724
13.330515,9.316279,13.823058,46.693542,10.633185,20.066938
10.612848,7.647544,3.334164,28.314041,8.450648,15.893912
8.986251,6.110425,4.394766,10.401330,3.251848,5.601676
12.197319,8.332565,3.126321,12.787981,2.008470,15.456572
9.227819,6.440098,3.657292,20.415213,4.748401,11.175331
15.140841,10.508015,4.629693,23.829336,6.307125,19.953423
28.635092,19.507889,7.997970,34.384285,8.748697,17.174307
34.446922,21.846281,26.832870,82.963562,22.168339,51.112415
21.702517,14.297167,12.369740,74.239967,19.601711,27.482719
30.704447,19.395658,65.190544,170.689255,40.551762,131.507370
13.533846,9.586819,13.239874,51.217545,13.643764,37.716785
78.206757,47.180809,49.833385,181.827896,43.417950,150.658051
23.004921,14.951026,6.356708,31.157118,8.888035,16.675722
14.236395,9.720634,6.552301,34.287579,9.047130,21.306259
40.325123,26.074879,42.852196,144.363693,37.197319,90.292999
24.361406,16.337189,6.409858,22.005777,5.469846,8.350830
25.200026,17.076746,6.838966,31.394228,7.449398,18.241116
7.617537,5.499900,3.231780,13.878036,3.096624,7.974191
20.653564,13.878919,14.842884,43.092648,12.460296,41.711861
30.338314,19.481777,18.346697,71.820198,16.268372,46.389462
25.002451,17.207201,12.474689,39.955868,11.541529,28.801399
22.737070,14.763581,21.233395,90.722519,24.178965,51.983704
27.802034,17.806738,10.901838,48.470440,12.258184,53.746037
4.889678,3.386508,2.228454,13.392131,5.024976,9.561758
16.338913,10.807453,4.844299,28.253855,6.100622,16.939259
11.772843,8.045376,3.862637,15.187588,3.797704,8.276226
20.039135,12.517679,8.042179,44.930775,12.609446,20.814161
21.503096,13.925291,7.074389,32.536697,7.669714,12.310858
53.012913,29.684799,47.088947,226.656998,58.251385,133.609314
35.045265,22.153515,15.263657,69.189308,16.791258,20.790495
15.487173,10.791836,16.916040,58.257065,13.569010,26.109669
26.522167,17.640432,9.293051,38.311985,10.000170,26.893717
7.016430,5.268040,2.751769,10.855021,2.788256,5.432724
40.872444,26.626383,12.105533,47.822124,12.306101,27.492979
14.976715,9.985326,6.455828,24.880869,5.467466,11.146870
18.263103,12.318708,4.464206,27.496822,7.477915,20.007624
32.454456,22.052889,18.188381,58.903782,16.193117,24.650049
39.020504,23.228132,46.197914,169.212830,43.789944,109.328392
30.625214,20.831251,14.074423,70.344101,16.791008,14.220365
11.778625,7.973680,3.061307,20.621445,4.686909,10.288086
10.101631,7.081811,4.821859,13.484894,3.885699,9.402293
17.233385,11.218258,15.079166,52.241760,13.192690,34.445484
41.204895,18.528980,22.640135,83.048874,21.354179,74.829903
23.948914,15.680294,19.959177,46.485607,13.466068,36.880806
12.721638,8.625141,4.882083,30.841967,8.886031,12.505012
28.751078,18.943310,19.390181,119.725609,30.642920,97.900162
8.716882,6.296860,4.220356,23.337761,6.480106,11.783927
36.126087,22.346741,41.202682,125.547363,34.733471,103.544533
19.278572,12.536866,25.524853,77.792931,18.785246,57.681843
31.643476,21.352188,13.240362,56.614040,17.004864,38.118328
28.752415,18.983673,14.339890,59.342136,17.447132,46.701485
18.234573,12.810085,5.697333,33.343769,9.470489,12.939591
48.768890,30.595789,28.115587,109.365211,31.702089,62.952488
5.545861,4.126760,2.584704,21.366512,5.456539,14.282056
23.078638,14.906992,17.137611,79.984741,21.911932,52.441975
36.785118,20.778412,13.672174,53.318432,13.286477,49.113548
5.363733,3.793494,5.236541,18.054832,5.184683,9.617446
31.954206,20.775755,20.313938,62.632500,16.101233,49.052830
21.991013,14.600627,7.640535,25.588224,8.641092,14.032851
27.274014,17.866533,14.496712,57.616272,13.668001,66.950615
10.316904,7.479682,6.381830,12.376149,3.655270,7.860706
31.848635,20.453125,40.268101,147.061981,40.172642,115.327072
9.986423,7.033312,2.326695,26.223307,6.223966,14.930316
11.626284,8.141397,6.068501,46.837406,12.881517,21.857740
6.690989,4.870573,6.359044,36.825462,10.753581,24.152418
19.546219,13.259556,6.592620,20.646057,5.039581,19.222055
21.761616,14.607095,8.386171,31.527906,7.614098,30.324703
20.435024,14.033341,7.721002,25.366800,7.386115,36.579533
8.208444,5.724760,4.833874,27.105583,5.602127,20.290096
10.401885,7.514185,5.952272,23.152365,5.241218,12.634166
55.813183,34.734921,36.284260,136.379791,37.264050,109.029617
36.090862,24.382029,14.964327,30.511292,7.826917,50.666443
7.957458,5.401022,6.401615,31.604156,7.652188,18.506325
12.933113,9.079999,17.871225,70.581886,19.534060,22.083067
21.245613,14.698014,9.854127,55.782791,13.056519,33.600250
22.345995,15.459889,7.652291,29.701166,7.404612,15.357186
30.990210,21.065863,11.967271,34.589020,9.044887,19.624521
43.209225,24.011524,41.318233,134.740692,38.015572,118.609512
15.319787,10.628471,3.431841,21.514343,6.114588,15.056929
20.269928,13.340315,17.294336,87.517586,21.372988,105.699364
7.557336,5.499968,3.165301,22.900852,5.281091,3.927369
19.479378,12.981925,5.911497,31.863403,9.772862,44.140453
32.076103,20.672915,44.453747,192.181839,52.717430,104.980957
16.604485,11.178374,14.952156,60.285927,18.361919,56.506824
50.529842,29.007959,46.918648,167.778381,39.366817,83.563477
27.027180,18.349688,12.798208,39.082424,12.618471,45.409969
20.421972,13.904963,18.786726,95.998001,23.756212,40.352230
34.101997,23.137009,17.651836,48.030293,12.422375,23.888279
34.512573,23.099201,16.990705,82.210533,22.954382,31.375759
34.688076,22.546341,11.398493,39.456821,11.407280,23.477985
9.181796,6.500198,3.936581,13.164080,4.313323,6.975443
13.803206,9.284600,4.791562,17.393038,5.927985,12.058908
27.772516,18.576851,14.903867,61.797791,15.436059,27.499046
38.783558,24.348032,16.787983,84.027130,22.394903,47.767971
19.564117,13.614822,9.861958,27.058470,5.984493,17.851479
22.449446,14.888971,9.856946,26.624384,5.801461,18.011200
15.155424,10.730458,8.441566,41.811016,12.354095,32.340195
14.763957,9.786177,5.328527,20.043674,5.335324,9.499440
15.677610,10.665583,6.084416,24.093761,6.045880,10.670774
16.600639,11.167492,7.690269,40.415985,9.333588,25.771324
39.803741,26.795866,16.660625,55.641068,14.578333,32.278515
21.770683,14.322615,26.507843,89.751968,26.339825,49.608936
13.145144,8.879093,5.621688,16.421188,3.890434,13.480391
37.635586,24.719517,16.713266,59.064747,14.200309,24.262295
11.506662,5.265019,4.369825,10.578424,4.263327,13.292194
144.347015,65.359642,168.945084,403.866364,95.165337,428.192780
23.709314,15.831346,13.883589,46.950558,11.123089,36.877556
31.931982,20.401464,9.117060,40.385185,11.443390,32.229778
19.002274,13.267604,6.669350,22.724291,5.718421,20.734247
37.618572,22.884836,21.033762,85.803337,21.909504,54.485950
49.212399,27.507587,74.019699,322.098663,79.489395,226.315689
26.357599,17.701147,12.520684,41.454292,12.295923,30.224031
18.061392,11.914385,10.602699,60.433762,16.192404,29.248539
5.151895,3.595774,2.238780,13.924125,3.148094,8.192930
6.680926,4.766322,3.146737,14.481224,3.868532,4.418299
20.484781,14.246093,7.068488,44.778740,11.214190,21.927626
29.548950,19.922745,9.571392,46.341236,10.264776,17.302547
16.954620,11.467290,6.902347,30.766731,7.600270,37.233002
28.925558,18.400911,32.591141,67.750031,14.952510,43.796803
29.302879,19.595224,15.780849,68.823189,16.330223,26.373270
34.551891,23.517962,16.001179,95.899086,26.041098,46.287518
25.116785,16.633675,7.790091,20.947990,6.525455,17.644417
27.111609,17.951880,8.467394,44.051994,10.168453,18.293072
38.319801,25.293549,21.511600,99.702911,26.051319,80.873795
6.519510,4.789639,2.197833,13.220154,3.615791,12.869816
42.569324,24.767035,45.278690,162.235779,40.081005,101.295967
18.662533,12.843223,7.625973,25.208370,6.568220,15.968532
7.808885,5.705729,4.120403,11.660870,3.156146,3.330413
22.240723,14.346639,10.240216,37.289635,9.618684,24.212683
62.330280,34.668015,44.681309,187.429443,50.257576,211.986542
15.538342,10.636314,5.212846,22.326502,4.883835,16.501019
26.002411,17.049026,9.641260,29.705050,9.746257,17.570021
21.371313,14.035004,6.392421,20.951981,5.231355,13.078008
22.927774,15.694521,6.409161,30.736425,7.601761,18.956804
14.622295,10.060451,4.939735,43.392376,11.965101,19.303997
37.266785,23.894678,14.535792,62.287830,15.973287,49.756943
22.947878,15.691294,5.563169,25.608829,7.919563,27.949041
16.638718,11.312917,6.222690,12.045841,3.538858,10.967113
13.526120,8.966889,4.377252,17.548897,4.718132,6.074924
17.534760,11.798019,21.084652,72.784218,19.640461,63.091606
21.443506,14.518716,8.182348,44.163849,11.238648,33.170116
28.758217,19.445236,8.465816,38.619007,11.027584,21.899742
13.367251,9.116469,6.197813,20.994179,5.436950,12.123643
39.301224,26.194550,11.994312,60.626240,17.326336,51.710861
27.635223,18.493811,15.180773,54.842381,13.896775,30.059210
5.103709,3.843229,1.801824,7.684599,2.548143,9.189121
20.216980,13.525825,7.930077,49.951843,13.719921,28.212423
26.437410,18.459953,19.970526,64.977074,14.854251,37.048283
34.332455,22.847652,11.990017,55.606346,15.590505,32.292118
18.936884,12.416053,7.842226,38.303513,9.710176,21.303717
16.998545,11.556341,6.051782,22.707907,5.490649,9.937258
15.273013,10.506291,6.490896,33.061169,8.030136,21.399685
69.542892,29.349009,30.664644,145.751678,39.820248,67.909317
53.749054,26.339325,27.715956,133.485855,33.279102,49.044140
107.179123,44.678604,78.881966,327.032013,85.034058,231.926590
18.884129,13.178503,14.787766,57.367229,16.326418,37.554386
22.274462,15.272672,13.371397,47.028744,12.141209,17.204554
49.232300,29.494802,33.282356,139.105331,35.933464,85.237473
30.443962,20.259403,13.581528,7.790318,1.872020,16.980585
29.441860,19.452753,15.315695,40.716160,10.229324,35.707691
5.347996,3.481413,2.244352,8.157619,1.892062,4.238676
28.099653,17.327343,32.012077,151.348358,40.009659,84.873772
25.122389,16.797033,8.887752,40.022690,11.111201,32.973698
45.747520,28.705738,11.125434,73.168259,19.089762,37.059433
21.252974,13.948859,7.248111,32.263073,8.042091,18.333769
8.786699,6.447412,4.867218,22.601166,6.338066,29.605568
46.994827,29.881855,22.079319,90.450172,22.459715,83.797997
21.747837,14.832071,8.837429,33.834126,7.449557,11.693740
18.443674,12.545220,5.909994,16.396141,4.043151,18.351896
6.485051,4.779087,4.631849,11.114001,3.226385,7.849941
76.778885,44.551041,44.481979,165.519043,39.666779,100.524406
13.447587,9.481080,4.642449,16.584021,3.707762,10.335326
30.106262,19.912632,9.300248,40.854549,10.118891,16.557766
9.209120,6.351862,4.772431,11.412195,3.304923,13.932181
14.843826,10.632528,4.803166,14.740325,3.672683,8.904655
6.103781,4.174739,7.368163,17.472721,4.328996,6.623664
26.819218,16.996588,18.080709,97.855881,25.179714,49.955017
14.652550,9.982325,4.321951,23.904991,5.659664,14.465724
8.594758,6.156465,4.541704,21.807655,6.129488,6.057801
32.538799,18.080904,9.497975,56.580971,14.277394,28.505447
19.707947,11.111991,11.713120,72.231995,17.332222,46.012962
17.585863,12.285885,4.987705,21.601524,6.250899,8.133098
18.809410,12.924061,5.597343,21.653774,5.845078,18.946201
15.864845,11.114656,8.595823,30.711039,9.767517,21.702250
7.605254,5.366107,11.248337,23.592159,5.319342,13.807245
11.504059,7.726520,5.787261,21.187796,5.416715,8.466502
8.810334,6.132665,3.801222,27.246424,6.082803,16.329306
23.333927,16.131861,13.251834,37.013790,10.462893,29.739380
114.403160,62.988266,87.276833,324.834259,83.286430,222.502533
29.051722,19.670845,12.758963,34.212349,10.009619,23.585196
10.537754,7.188291,4.674440,16.009945,3.797873,16.034973
12.692978,8.915760,12.518439,44.844376,11.277928,37.843678
10.504992,7.562614,3.541867,13.544492,2.770194,5.144607
46.672546,27.122129,33.239716,130.899536,33.575310,50.779003
31.498007,21.441690,12.341331,63.613014,16.321241,38.627430
32.435101,21.213337,8.798782,35.123402,10.252906,40.335579
16.001247,11.182956,19.643749,73.778183,20.976467,22.901348
26.693304,15.833180,47.125164,163.415512,40.584427,129.055786
7.665438,5.333158,3.500985,15.394974,3.704810,12.749031
35.773754,22.524435,26.188972,126.409065,30.977755,104.505852
71.047127,40.559532,72.313904,264.059021,67.313385,190.193314
18.393875,12.879746,9.229258,47.267620,11.550880,18.330772
9.884622,6.981939,3.680425,14.156011,3.424475,10.714454
25.648737,16.697935,7.898317,27.500401,7.206165,19.200624
49.324711,30.860693,21.768126,51.192772,13.540520,24.875872
33.663582,21.638304,24.482613,60.955334,14.597383,40.713573
11.568786,8.021967,5.790576,25.695845,5.737932,13.653898
7.694207,5.297614,4.188939,14.274349,4.876267,16.150677
31.064362,20.628574,8.543086,54.999432,13.298483,31.509829
21.010710,14.115585,7.410132,29.458403,7.073880,12.344432
21.047371,14.096717,9.495077,53.291546,13.036651,36.831608
24.558645,16.536224,8.093794,28.281120,7.465066,30.057104
24.356001,16.371836,8.880036,23.073511,5.725517,11.759192
25.864262,17.304222,13.180326,86.870659,21.034481,42.006912
28.589737,19.229620,13.546996,57.089317,11.688825,50.693253
11.461568,7.945540,4.594181,35.046719,9.819734,16.190681
44.174004,25.166508,41.418312,148.012390,40.558170,105.913368
4.928079,3.445263,3.180054,17.023262,4.467604,8.824728
27.987080,19.005516,15.208077,68.699066,15.985588,25.682711
47.580334,28.955988,34.119686,133.876923,36.925331,158.156876
10.968718,7.874464,6.912926,37.580379,8.296033,21.958958
32.280918,21.867945,14.489308,82.749947,21.438963,24.565420
13.677979,9.307316,3.987921,17.201782,4.062142,9.630430
51.389648,22.665779,38.068336,165.064270,44.327499,94.028191
51.167946,22.645012,38.104179,170.892151,44.694202,91.099449
49.137142,30.448355,36.121010,83.694145,21.521120,104.764465
32.369240,21.410791,16.922554,67.260612,18.618244,37.482910
15.196198,10.433443,12.284677,33.320694,8.262287,20.760416
14.542275,10.050720,5.226320,14.783319,3.585366,7.943130
11.096578,7.780798,3.820217,19.639307,5.681931,2.645504
5.718693,3.788476,3.872828,14.701817,5.220245,6.713916
41.041161,27.419979,51.372948,174.075745,44.907932,129.204422
26.232529,17.624079,6.676291,40.201778,10.186888,18.297163
55.756947,33.509254,25.653404,96.751488,26.766914,68.114609
15.457975,10.464491,8.129788,21.913031,6.918522,18.974588
8.268201,5.885182,1.652766,10.720227,2.617414,4.881106
40.752258,24.875450,25.241802,103.215141,25.826344,86.119865
34.238914,22.640263,21.156378,77.203125,20.664749,40.009052
14.817920,10.244294,5.747478,14.598577,4.196959,9.871638
27.510736,18.310141,12.547815,53.765854,14.280637,22.334709
42.802361,25.334242,30.463337,156.232162,40.743217,86.942513
8.898060,6.234882,3.069372,12.333875,3.577290,4.187230
19.911636,13.007369,19.603926,101.804649,25.170315,80.693871
16.270636,10.102161,45.875629,134.226807,36.584309,151.367905
24.422020,15.891984,22.933748,64.954552,16.758968,83.425659
8.848171,6.433247,8.552798,38.111961,9.152485,12.182669
7.223782,4.885809,2.779484,24.758183,6.431749,14.128224
6.592643,4.821697,2.793742,10.693952,1.913345,7.783428
22.870466,15.278801,13.607254,59.155228,17.018387,42.498108
24.291641,16.281021,15.169628,42.472366,11.676104,28.869457
20.299967,12.899125,19.858614,102.183609,28.790585,62.298126
17.907001,12.233171,6.472701,37.629501,8.500743,21.531116
25.066792,16.802710,25.379629,85.460754,22.710047,61.195919
11.474314,8.027610,4.209884,18.827139,5.077662,9.976681
6.619184,4.735710,3.909127,12.378031,3.740204,5.864355
12.778585,8.530446,10.418742,69.256836,18.085175,30.237822
12.576118,8.827059,5.035514,26.165241,7.378657,25.874434
19.247959,12.896190,4.459585,26.418318,6.757895,21.663187
21.686989,14.398590,8.870663,24.908638,7.841975,23.325325
16.955698,11.680699,9.981897,49.094646,11.360099,22.373035
44.113934,28.807043,14.186672,63.492157,17.398756,49.179123
27.470133,17.627089,21.473593,75.999153,21.171347,49.075768
21.802292,13.902699,33.899906,155.651505,43.845760,119.804512
43.630096,17.415979,19.316826,89.746765,21.897957,72.136871
37.742760,24.389633,14.309534,47.899651,11.319571,25.358099
29.939268,19.878164,7.388315,26.536318,6.779884,18.373549
14.459131,10.137324,5.661961,24.311277,6.923107,9.834647
14.294596,9.818744,4.174575,17.259327,4.161079,5.518973
21.649164,14.466023,6.831428,30.268349,8.192575,25.477762
10.421161,7.347514,4.354870,17.012028,3.988305,10.251061
23.156998,15.344791,16.917030,72.475197,18.893425,59.663742
33.864132,22.738272,11.278904,35.843010,8.735825,25.048330
29.109566,19.565914,19.704279,54.140430,13.214441,24.085985
24.725519,16.229776,8.665868,24.024529,5.589744,15.611204
16.534092,11.266258,10.207283,32.037739,8.112410,27.950434
28.118252,19.296764,11.660555,63.226700,15.460773,27.773579
13.161834,9.454996,10.028492,54.870697,15.483987,29.841578
28.087555,19.210510,23.654163,101.875000,26.842121,86.203697
32.824890,22.632830,11.416467,40.169651,13.170402,27.712435
11.979402,8.353863,4.221146,4.524855,0.914819,2.021635
25.763514,17.586866,12.953824,26.697392,7.239252,42.822170
21.881872,15.346397,7.192008,19.136124,5.534934,17.104097
16.882175,11.533181,7.045186,27.039734,5.464006,23.598780
9.506897,7.012856,4.131165,15.862762,4.543386,11.352526
21.617628,14.801651,23.713432,97.341423,26.442200,57.124969
12.470388,8.101945,8.947054,28.575998,6.909101,17.562376
30.734461,19.988974,11.631960,46.245728,11.349266,28.389557
5.856588,4.152122,1.385351,8.536359,2.692291,5.424147
19.785248,13.237325,16.194405,85.255798,22.137310,53.853092
35.101097,23.449942,12.448709,31.369158,7.928734,11.087680
17.905123,12.652515,5.850163,21.669121,5.155014,17.180141
27.892353,18.652765,11.070857,69.071960,17.342741,48.057812
60.118355,22.851974,28.061932,105.558601,28.545975,93.060867
52.142437,21.759027,25.191246,95.212959,22.605303,69.418427
12.011856,8.758837,4.964166,2.114381,1.072796,10.081207
56.826073,36.172470,17.794579,53.835850,15.701712,53.474468
6.871103,4.658114,2.930159,14.181146,3.574318,11.259222
17.871180,11.924156,7.457944,49.745651,13.572749,39.662106
55.738735,33.444000,37.641396,148.786636,36.683670,54.034424
8.251698,6.097827,3.287139,23.562275,6.439794,14.808806
39.962505,21.942945,43.226139,164.032623,43.526066,89.337402
31.114067,20.161469,7.345441,34.611534,10.163407,27.990232
22.425653,15.395237,7.193685,42.383961,10.983665,12.560248
19.955820,14.090120,7.154488,32.659088,7.424022,13.161283
7.524430,5.598416,3.674958,17.490314,5.652933,10.402591
31.883434,18.512794,30.141768,134.399597,33.428757,80.719505
31.423920,21.300062,16.449137,65.999275,16.724567,41.555389
19.520031,12.808433,6.890172,23.487762,5.762039,11.278214
5.270495,3.735125,2.632399,12.818700,2.869262,3.701818
32.781097,20.824844,10.634070,45.023140,10.023682,24.489334
34.129375,22.873100,12.205893,67.778297,15.550030,23.791996
17.004898,11.590100,5.739435,20.012661,5.736061,15.243749
20.230833,13.408318,5.213642,22.295549,5.651365,26.185482
16.650549,11.192427,24.040920,87.476212,24.335323,63.722103
21.903690,14.542248,10.536934,53.322048,14.244005,46.380558
30.936527,20.226690,22.129831,82.852379,22.764278,29.556749
24.408154,16.231596,10.504786,75.620735,19.049635,22.762142
31.037445,20.471289,23.083168,71.176323,21.168043,62.058670
13.935786,9.806921,6.268329,3.038734,1.188980,15.593613
7.419983,4.936156,8.590096,33.344555,9.396371,26.402014
14.528652,9.886382,6.151145,31.392511,6.538143,4.143221
26.677460,17.527554,10.698277,25.680334,5.363849,36.827404
16.715656,11.193651,4.636488,23.025188,6.043231,20.485575
8.507052,5.761148,10.532249,19.231371,5.994466,17.178572
20.835962,13.875787,9.871903,49.191807,12.496355,38.938431
8.403467,5.642249,5.103890,15.766607,4.374934,10.194460
6.344162,4.430156,8.599257,31.321701,10.191511,30.201275
87.283623,46.540764,130.177673,428.725800,110.045647,300.540527
20.098948,14.036982,7.010259,34.964481,8.779165,24.961061
15.955634,10.362565,13.064134,63.965187,16.703684,76.154846
7.960617,5.524133,3.365770,23.253107,5.649004,8.349403
11.894485,8.245366,4.213631,12.621837,2.406654,3.438776
14.280747,9.761587,6.513650,26.071398,8.525898,15.159840
19.572582,13.083408,7.887707,32.699203,8.757463,19.415506
27.060421,18.013836,7.544749,38.843929,10.382333,32.042500
27.759520,18.336613,15.933074,80.159264,21.185932,86.952072
9.191692,6.720001,3.953208,9.407332,3.330173,12.039369
21.804821,14.495860,11.479583,45.000172,11.985107,28.301353
19.859781,13.171631,16.436317,90.594131,22.757988,54.765263
89.582443,46.932358,75.864220,305.747070,81.381874,185.895508
12.776679,9.001355,6.655505,20.673002,6.340859,5.967076
18.513403,12.187523,12.131761,29.913113,9.639580,26.323368
18.836187,12.766930,11.047305,41.395229,10.112935,24.670279
11.094587,7.490574,5.548865,21.251637,6.476799,3.777214
36.807476,22.126917,25.998337,82.603836,19.775167,59.964336
18.069815,12.800161,6.457088,38.073166,9.687791,9.302542
47.310219,29.871578,59.292206,175.376419,45.798508,137.436768
17.236076,12.017366,5.010857,25.881170,7.107973,13.252566
20.913292,13.616945,8.890444,45.355495,13.486149,20.913301
12.954708,8.933432,5.425924,17.175512,4.813354,8.272689
16.230463,10.972302,6.792476,17.802788,5.308477,22.023905
27.534445,18.385689,10.340510,26.772739,6.055378,30.295286
9.930618,6.921903,3.892059,14.256753,2.935870,9.461790
54.576595,33.564415,25.401325,54.735672,12.042206,11.398895
41.231941,26.321732,13.936700,48.106052,11.691673,24.710428
19.701883,13.520872,15.830212,86.457123,21.899878,22.705383
55.261600,31.971645,46.212738,174.545151,46.324661,123.501068
14.521147,10.153919,4.934812,27.287588,6.455019,8.038338
38.594559,25.572393,9.120918,48.316723,13.182083,32.694889
21.592531,14.516588,7.867528,23.203180,5.258884,17.838535
31.030497,20.047073,14.832384,62.580490,16.943399,42.630108
12.416213,8.870270,4.289430,11.837606,2.419952,7.421319
5.757285,3.949158,2.927736,15.560217,3.435458,8.819871
17.987537,12.306608,9.466522,49.420296,10.681675,51.564087
22.738369,15.011288,7.141407,37.591450,10.232580,25.330854
45.928288,27.954937,16.256472,72.885971,18.426544,31.857100
28.385124,17.563635,31.174349,152.970901,38.110428,80.688278
56.164440,34.286018,40.828049,110.583420,28.218506,57.978512
34.568703,22.718868,9.735069,38.384869,10.506753,32.897491
40.160961,26.534397,22.802326,72.419365,19.623070,39.677608
5.368339,3.725909,2.927776,7.632248,1.796507,1.608526
11.983106,7.903446,24.073498,100.674248,32.171219,94.863930
7.445044,5.444477,3.598208,26.436876,7.087613,13.909573
29.161579,19.717318,9.943310,43.266247,12.340038,11.231824
11.985044,8.560205,4.606817,16.338827,4.545449,2.711271
15.606303,10.785334,4.329739,28.417759,6.980419,16.434198
16.884594,11.570201,8.077163,76.940590,19.941225,25.293922
28.797169,18.778683,14.655078,68.327728,18.545912,17.872473
12.095335,8.677670,9.986928,38.971733,10.697358,15.473500
37.459435,23.119898,19.034527,82.403191,22.351065,49.462555
38.369530,24.782978,15.875956,67.006271,18.213636,42.184155
17.720253,12.337870,15.871677,109.543556,28.138519,55.915455
24.822594,16.470922,7.554478,25.172176,6.110631,16.066925
11.904012,8.417270,6.650449,17.557291,4.747292,8.890365
7.537974,5.180538,3.921797,20.094318,4.596356,5.780018
30.183826,18.629377,20.673008,116.124123,31.249409,83.095207
15.184620,10.810174,5.748735,19.440268,4.106940,6.796133
53.653423,29.188833,61.333542,285.437286,75.251610,144.636551
33.560555,22.014114,19.326485,74.193382,19.660913,22.292290
9.097994,6.631206,2.747203,22.503771,4.691099,9.085839
39.499561,26.232874,13.540557,41.478470,10.626915,25.440239
27.816168,18.253920,15.030854,45.422035,12.957414,31.452402
26.199553,17.490974,9.779111,54.487339,15.123990,30.439840
40.011646,25.949539,11.972197,78.935623,20.290258,33.936546
20.045036,13.414471,6.377463,14.538460,4.042491,12.023139
35.203697,21.896561,20.528831,74.547043,19.100519,72.784004
12.769796,8.982307,4.780009,20.059711,6.297076,13.509455
8.687422,5.902658,2.864061,18.456047,3.455935,10.542494
17.129297,12.006966,4.622515,20.036169,5.584111,15.161989
13.390553,9.038929,4.763666,20.096680,5.332792,5.748268
7.247012,5.107707,2.393244,9.907066,4.440059,12.749405
14.954545,10.379093,4.876950,17.815025,4.263980,4.958314
27.019497,10.791003,23.986458,96.099258,22.885197,64.899162
11.072794,7.715081,3.837041,10.639512,2.364343,10.663825
13.177075,8.715871,13.651324,45.101139,11.605559,23.897190
26.170031,16.929314,15.131089,91.307816,25.017876,53.360920
7.067392,4.872300,5.401754,22.296335,4.522684,7.540673
21.486465,13.901340,25.901804,110.226448,27.238750,40.697887
16.399275,11.663218,5.706149,52.411133,14.258496,24.239311
11.055917,7.679834,4.394619,18.084707,4.222100,24.338524
10.960732,7.372757,11.955557,24.120371,6.961625,18.976345
45.952511,29.349131,11.696964,59.838284,15.724350,30.436831
24.299532,15.426823,9.237687,35.634960,9.101662,13.891006
23.481327,15.950844,11.648903,43.772896,11.241282,58.117584
21.060440,13.961933,8.250567,28.713076,8.356780,16.550728
34.420017,22.879263,14.898557,67.033531,16.608988,22.068176
21.359825,14.477917,8.625112,51.540688,12.765526,42.207458
13.946675,9.501862,6.397963,19.831301,5.214563,12.851325
17.994423,12.228382,19.797684,63.918980,17.129974,33.705189
11.575315,8.255535,6.160325,18.643511,5.191144,2.611596
21.133221,14.942202,6.422463,17.526722,4.439178,13.331976
19.026402,13.213883,6.615808,31.465948,7.514668,10.424975
32.023632,21.154127,9.182714,30.510353,9.160887,36.416946
33.172005,21.507545,18.518541,99.085869,23.755108,79.397141
17.469063,12.292368,4.447500,18.622252,3.882070,5.133100
27.761097,17.883848,29.009220,84.659180,22.321257,59.442574
22.999599,15.216580,10.075414,33.701408,8.188137,8.281986
24.672049,16.385090,7.282524,32.308826,7.998498,11.777938
22.757244,15.170154,8.581551,40.746010,11.237873,19.502420
39.952988,26.211946,24.558977,147.953751,37.317390,77.529770
22.117237,14.229910,7.586093,37.298740,8.354775,9.992929
25.553009,17.342964,11.024514,90.144463,25.164564,50.034584
29.470749,20.016031,10.124657,33.698750,10.068901,18.172470
13.189393,9.161711,4.881341,7.772782,2.385553,13.374865
29.145639,19.409773,12.158933,30.367056,8.067372,25.809637
15.652295,10.115841,10.667576,53.751293,15.092901,26.091034
30.815804,20.757042,8.489768,31.877558,9.525530,38.498184
48.001007,30.218363,15.328765,45.848892,13.698559,52.386806
14.053300,9.466171,4.169551,16.550030,4.584641,5.688556
21.274029,13.966674,17.720747,58.105972,14.146709,33.366638
45.496307,28.083033,18.797672,102.223221,27.606863,96.374924
10.194507,7.374724,4.144382,27.480579,7.978678,6.513021
18.750849,12.768193,9.157647,36.233215,10.672862,22.146296
18.370358,12.031827,6.832944,34.526535,8.062775,10.993858
55.945518,29.850937,43.504436,170.078888,43.357185,131.927689
5.313144,3.630048,2.937535,2.742238,0.854636,5.522261
18.622421,12.826397,10.934164,34.541882,8.606437,6.166289
66.986069,38.914944,74.632179,316.996063,82.673515,258.091492
6.029942,4.307289,2.958720,12.479952,3.371153,10.604883
13.847848,9.976658,7.406612,25.173447,5.847624,6.775367
13.654373,9.242129,5.034724,18.582600,5.559587,14.840741
21.056971,13.919419,13.502885,31.976898,8.040907,18.988508
35.473045,23.520437,23.088743,60.820210,16.275854,42.451942
26.587774,16.942352,14.678935,88.598267,22.692591,43.623451
31.412895,19.528482,13.104738,46.337147,13.071737,22.069708
9.745623,6.554369,5.414956,25.126816,5.433784,8.065190
12.160025,6.731019,5.449884,38.496944,10.219175,22.648449
49.862026,30.731670,49.854099,183.694244,47.530159,150.146927
22.009851,14.583681,13.751817,65.416100,17.820723,61.951321
8.141707,5.382202,3.965399,10.294239,4.135903,6.688954
31.246304,21.104795,15.944436,63.730255,16.890642,62.286720
6.381954,4.271544,3.899045,13.707147,3.650676,6.329228
37.762890,24.895023,12.522527,41.070049,11.825799,30.709545
45.255329,27.945002,13.963816,35.101234,10.978217,28.381382
45.099922,28.475760,37.725510,117.247383,30.717211,75.181030
65.742493,40.094986,26.882799,91.055389,25.327265,70.776291
6.812095,4.870858,5.654632,40.873100,10.208973,27.349400
24.536034,16.219599,8.842576,34.012341,9.153090,23.223707
75.831589,41.605106,40.664257,113.295769,31.441341,75.877785
12.939329,9.022137,4.113942,25.401306,6.093456,25.327578
18.560505,13.064245,9.367732,28.571033,7.477270,14.440896
9.505506,6.525291,4.256119,8.706167,2.737940,10.997889
31.674694,21.673618,17.545992,90.701103,24.446655,35.055984
32.516754,22.118402,10.220722,39.224545,12.668291,16.225870
23.154819,15.587578,7.547406,25.930288,5.176416,5.719941
17.471725,12.124829,8.835793,25.602736,7.453607,23.586735
6.376326,4.334105,3.612595,18.186985,5.203298,14.736182
26.281246,16.747673,9.366513,25.666695,4.982785,8.237719
14.993366,10.529018,9.651290,41.290985,9.393289,10.246843
18.801907,13.037519,10.819560,56.768341,14.131380,16.981216
26.942213,17.032400,42.662579,128.563431,30.110998,86.014168
29.937292,20.280245,10.064222,34.186806,8.438545,15.250107
15.562250,10.649404,3.363487,29.105106,6.659545,14.821204
11.099977,7.816180,4.994509,39.113377,10.514366,18.918201
20.516031,13.680721,4.478014,25.445560,6.321837,12.495789
43.704056,28.046431,18.862705,72.301842,19.671013,50.683960
69.455360,33.711010,43.307835,149.711075,40.255932,102.735390
7.949920,5.316047,16.458654,53.171928,13.715971,22.492552
21.160711,14.160522,6.909419,25.924032,5.374087,23.868732
30.549347,19.984488,13.156819,48.058300,11.745647,12.453585
24.318125,16.163668,7.572439,29.126131,6.781372,18.911156
20.655033,13.713089,33.620319,112.048538,32.426697,69.918587
15.357145,11.005589,5.548364,23.699476,7.579785,9.254068
39.587208,24.313412,38.440338,196.191193,50.071011,181.076889
75.905052,35.331680,51.748058,209.460190,52.772732,181.338943
27.928589,18.753159,8.494133,45.342392,12.064040,15.481533
7.598945,5.272400,4.422700,29.827089,8.605391,41.795322
25.250925,17.313595,6.022154,40.518269,9.340735,24.381769
13.699307,9.094931,5.358258,13.380659,4.733562,12.390707
18.466015,12.369362,5.127376,19.159685,6.431053,28.743258
19.906460,13.341930,24.297398,102.338799,28.919882,91.150696
47.322880,31.173601,22.074720,80.512527,21.120373,38.223930
11.535158,8.317389,4.066154,16.658731,4.049730,10.154993
22.711710,15.406322,5.546965,26.928068,6.059542,15.256957
13.430730,9.138482,6.207601,34.964901,7.397242,11.722721
10.868105,7.159486,8.556322,52.851723,14.114411,25.666956
52.690941,33.394405,18.192814,87.641693,24.591887,32.536427
16.556381,11.130025,5.504265,25.145710,7.050252,17.215525
60.010490,32.199017,44.068428,144.473068,39.245079,66.987907
13.856454,9.655021,6.402433,46.632263,12.296271,26.839163
52.967361,34.547657,64.531128,253.188522,68.599525,151.409836
18.247406,12.617695,7.035246,26.027300,5.412400,12.896262
7.513790,5.177412,2.980466,9.326354,2.205831,11.414216
41.593079,19.109632,13.184492,39.869907,9.241917,24.209944
40.123211,19.111677,13.095528,41.137211,9.495368,23.254765
19.923456,13.304255,18.052425,65.536575,17.423199,43.634949
18.797401,13.007458,6.238967,29.708010,9.050109,6.397007
41.598064,25.987230,13.534019,84.492447,20.850901,40.173771
35.592144,22.548767,27.563250,117.010681,29.997389,94.271805
14.065346,10.270027,4.729631,13.090088,5.092432,5.541552
23.903904,16.241074,5.180500,40.015404,9.306170,23.333233
35.807854,16.434639,15.783012,58.836334,18.099617,51.237606
31.217842,14.875952,14.640182,73.837662,19.022308,49.600170
18.047701,12.232086,5.153482,29.457615,8.196075,24.060703
13.954317,9.591206,6.160899,35.125988,9.837153,24.543531
15.705894,10.399715,12.417532,81.276642,22.005579,40.417732
18.726429,12.544612,6.848982,24.473862,6.553606,19.622791
11.666786,8.291592,3.665717,14.994902,4.889432,7.865994
40.775032,25.696301,20.747341,103.962654,29.581244,63.187027
61.274235,18.456610,41.825832,115.434532,32.471260,82.384575
38.190498,17.697687,26.428209,76.419594,19.787596,44.720142
5.544683,3.993625,3.569851,12.186190,3.441132,6.876919
8.034520,5.722698,3.365975,17.066948,5.333439,10.479925
19.244932,13.457701,5.563366,28.802914,6.814639,19.645443
8.125977,5.304670,7.145041,6.864324,1.151696,15.912478
13.827544,9.160113,4.022601,15.905019,4.963569,14.472701
20.072088,13.122233,5.960973,27.992409,7.726150,12.167765
12.296747,8.675430,8.894301,34.739853,9.672984,17.902603
39.635509,22.782635,31.738621,119.029915,32.080482,63.018501
31.169449,20.348463,28.897411,98.659645,26.166267,87.933975
17.703882,11.548122,22.161964,59.112968,16.749315,68.878059
30.681921,20.200062,12.604535,57.599316,15.258897,25.878878
16.142031,10.933144,13.125832,66.798073,18.215603,46.517586
10.995343,7.963640,3.744600,23.914766,4.272894,12.442401
19.268230,12.704808,10.725496,71.473213,16.633825,22.945742
29.164974,18.874596,9.803197,35.846115,8.247877,25.923948
13.296577,9.163450,5.206597,14.234578,4.175449,13.313989
18.022961,11.782269,5.091232,38.310547,10.231934,18.800695
55.952766,32.418125,84.511909,313.383392,79.733109,220.539062
17.119265,11.851647,7.059278,29.423317,9.528313,30.862936
62.158283,35.993412,34.775414,141.725601,37.027321,73.079803
25.534805,16.712317,7.828961,35.168610,8.007520,12.451356
10.800088,7.705364,4.430987,14.346428,2.333070,10.379215
23.880373,16.249542,5.603589,40.182480,10.047844,14.860564
31.385061,20.537821,37.572350,131.379517,32.231987,61.622482
20.334410,13.599812,10.988213,47.220562,13.549232,14.774106
43.061802,25.626030,24.099081,95.805786,27.127241,62.500389
15.780146,10.528955,11.758185,41.692966,12.809755,22.406258
29.168531,20.036186,15.716685,56.518387,15.343697,29.281961
43.882000,27.749878,20.496582,93.318214,23.046738,68.414726
32.425488,20.616756,12.877254,49.169792,12.063366,33.082092
6.870149,4.745617,1.703005,18.559353,4.978575,19.605961
21.662037,13.841189,12.429729,74.532028,21.413078,73.529045
7.927291,5.510172,3.314604,19.250727,5.690535,9.110447
24.004133,15.998582,10.556857,76.620743,17.071323,29.908325
43.888790,28.225090,12.396026,45.144901,10.918704,24.558693
35.606144,22.632433,15.604925,50.656296,15.900869,43.607750
32.740070,21.698851,17.072283,73.857788,19.054682,26.039291
18.529551,12.361978,6.921712,29.016731,8.056584,15.074462
8.889915,6.018786,2.947288,17.552975,5.129084,9.015453
10.199739,7.060035,9.851736,37.432247,9.426620,26.147367
16.719904,11.153605,6.344600,31.814669,8.340961,28.969828
36.632301,23.740959,33.678059,142.475143,43.655201,128.727951
92.920662,37.086163,62.676952,252.118317,65.018799,137.815231
19.630520,13.176208,9.609436,38.139721,9.491292,42.182129
32.667164,21.853088,10.012559,34.944618,8.764672,19.412636
15.428854,10.487870,5.599517,24.387146,6.427752,13.480815
7.741819,5.446166,2.592849,16.772871,3.135869,9.084451
57.994728,36.923416,44.153667,245.220535,65.270790,155.505875
11.421438,7.747805,3.399637,12.470612,3.806194,10.027279
13.103455,9.340188,4.383641,10.551671,3.175085,9.172750
4.520343,3.206554,5.255474,25.464052,8.484060,18.654682
49.757671,29.690783,15.859913,62.519424,17.035755,31.827568
52.579197,29.861166,17.695553,72.290138,17.914114,29.037071
20.714485,14.323944,5.703556,24.034119,7.193684,25.547682
27.715950,18.171009,7.129024,40.109993,8.035501,14.587204
10.325892,7.040667,7.363405,38.334511,10.214399,38.790482
15.352296,10.862665,8.813898,48.641171,11.764828,28.237875
17.281925,11.874753,8.104624,33.435429,9.616645,21.542490
5.615402,3.766229,1.584503,7.065127,2.898479,3.809736
11.587550,7.924142,13.046601,70.431580,19.151682,52.742176
14.886858,10.144631,3.536670,21.686304,5.232033,19.585033
7.299200,5.069816,5.943184,19.416452,4.348510,19.606224
20.833063,13.799971,18.117975,76.459846,18.182728,26.140669
18.008217,11.687473,11.828151,94.250198,24.551674,72.282829
41.871441,26.479866,25.804533,82.425186,18.961681,46.028709
13.796078,9.749922,5.151498,23.191486,4.450017,10.467752
24.193161,16.416857,11.548305,67.111008,17.928453,25.376402
31.941883,20.280718,21.054171,139.746246,38.241245,89.274582
29.602501,19.516665,13.075223,63.315205,17.353306,17.253155
19.740761,9.822455,8.640725,28.954124,7.555479,17.518839
23.896439,16.075264,8.142120,29.952194,8.439635,19.944410
9.429458,6.472136,4.243060,17.904875,3.472477,6.359395
43.623444,29.877106,25.525494,98.028069,25.600578,54.460651
10.500093,7.444031,12.324643,56.992363,16.945473,27.541288
8.444584,5.741305,3.147007,9.975298,4.338022,10.528900
19.544792,13.663169,14.689135,74.446732,17.202730,28.457745
16.482447,11.138684,10.765890,33.896130,9.173542,22.739410
13.528313,9.261370,5.495799,26.337477,6.112747,14.088247
13.437308,8.967505,25.593359,98.585030,23.973671,34.940910
31.073256,19.610527,22.214108,84.593979,23.426861,54.039356
9.745648,7.039744,3.723657,13.717303,3.854757,7.869425
9.434545,6.523337,2.750594,10.060376,2.306779,4.069882
26.652256,17.633324,9.632929,34.641632,7.583429,28.728542
9.687256,6.551707,3.505281,14.080704,4.396108,12.178418
34.062057,22.816454,36.623489,159.482056,42.400959,112.893250
80.231552,47.946503,88.946823,292.083771,74.622643,194.623474
52.018204,28.194754,82.108376,357.958862,92.349945,194.391846
8.475746,5.554232,1.616830,8.738231,1.975462,4.236330
9.237844,6.292229,2.241267,16.570440,4.540088,8.045942
8.763309,6.214702,2.999328,17.345657,3.849456,12.718949
48.515949,30.586899,60.858372,180.595154,46.653370,116.660126
22.182529,14.984137,8.267247,28.590986,7.947735,21.423882
28.145723,19.145472,24.507689,66.906380,17.139547,76.762169
35.657669,22.912140,20.421404,75.377357,18.496838,30.421135
65.110046,40.733223,40.371166,141.713135,40.677158,100.993217
44.739468,27.442802,17.757269,63.263947,15.394875,38.076302
19.708277,13.090918,8.118279,24.509224,6.020524,16.571852
20.383034,13.940968,7.448787,21.395729,4.442966,8.293678
15.423442,10.631226,9.304194,52.251740,13.676665,47.471390
12.223948,8.191626,4.331308,13.255687,3.383801,10.807529
13.667268,9.474611,4.771954,19.345249,5.141151,14.360460
33.075966,21.880226,8.176751,18.769577,5.291311,12.519670
17.834965,12.129339,8.388493,24.809528,6.556741,15.390685
25.983749,17.614126,6.763054,38.301079,9.717802,11.992258
27.349075,18.061213,12.400999,51.117226,12.519412,40.492718
68.917992,38.906635,69.309540,266.232452,71.423691,224.835083
14.430785,10.006585,7.740406,35.478474,8.779222,21.643406
4.447795,2.938287,2.605065,15.771592,3.931249,5.874648
4.914495,3.693515,4.608312,36.625233,7.246883,14.407938
63.442722,37.402699,46.343552,155.536575,39.037258,109.690994
17.313488,11.608096,7.280334,26.165928,6.322300,15.036909
9.441936,6.372269,3.389830,1.830725,0.731583,2.086481
25.066732,16.700155,9.103990,25.076557,6.609156,17.038805
13.301890,9.132958,3.926341,18.239248,4.101959,11.978779
29.094971,19.505823,12.599771,45.322536,11.038456,37.205971
22.852306,15.414304,13.154924,44.678928,12.193570,36.295460
23.289984,15.368911,6.879916,20.797882,5.916378,18.880690
50.000130,32.141293,12.756707,66.684708,16.662773,36.702873
8.654503,5.929101,3.950445,20.182461,4.457900,12.428791
14.158814,10.059004,4.765977,20.679506,5.646064,11.836043
7.649172,5.540316,2.924765,19.978951,3.947399,4.087639
32.750687,21.639238,10.959309,37.815426,10.447601,7.491248
38.194378,25.056883,16.804981,58.039108,16.785652,15.307597
51.973347,32.799671,32.659668,140.740387,34.903927,67.867058
16.452766,7.514262,13.526303,79.538918,22.287304,42.682041
27.481691,17.508137,20.711874,99.323357,25.189518,52.565968
4.976974,3.367020,3.115834,11.440676,4.040599,3.357756
8.290010,5.975916,4.149029,17.612825,5.090686,8.253078
48.298164,30.971876,70.516716,226.318741,56.564411,126.590263
17.046946,11.466624,3.846378,23.890850,7.142034,16.926868
41.614807,27.164747,10.934894,53.395840,12.539525,25.974964
21.279287,15.025925,8.957412,29.576447,9.387496,26.323717
3.788454,3.223048,7.216062,20.915854,5.388665,5.828228
17.056860,11.852207,5.263986,21.667488,4.603238,6.777452
14.534337,9.886895,4.115569,24.423119,6.444197,19.850698
38.634506,24.779799,15.515584,82.470177,22.414383,76.330956
12.480050,8.534793,4.816606,12.329000,3.617085,13.756486
17.806679,12.322872,7.065011,39.542454,9.944451,25.271896
7.206753,4.863508,2.628420,19.638544,3.735557,6.223150
19.170515,12.952005,14.903222,50.963310,13.408568,34.953030
16.864588,11.370047,6.611735,19.116949,5.569789,14.323390
22.354715,15.695990,14.225451,50.662067,12.919801,22.025343
19.904818,12.950162,19.108242,80.486900,20.843281,59.782135
15.389112,10.341784,14.927135,60.732548,16.079536,31.663622
21.675669,14.234989,17.896297,61.163559,15.868711,25.685869
11.578225,8.629780,3.059451,16.282904,5.789696,17.735315
17.001783,11.420179,20.922956,59.966892,14.696735,46.393063
6.084550,4.136798,2.076114,11.039007,3.434410,5.474524
12.351709,8.630704,4.098495,18.089188,4.469500,12.208055
7.347442,4.982564,5.673014,22.883038,5.759920,13.030053
44.917320,25.977903,40.224033,132.502502,34.817688,88.807007
9.947199,6.755781,3.684213,34.280972,8.516144,32.674923
53.010410,32.646503,17.254862,59.425873,15.712457,31.359774
43.612415,27.825527,18.207348,70.345016,17.599749,49.080826
10.576999,7.328850,3.857497,16.791571,4.987077,11.099281
10.811937,7.595884,4.818439,19.791626,5.045997,7.744866
13.176580,9.228830,3.675022,13.952456,2.908777,10.754298
32.672993,21.573723,12.249518,49.415234,13.907485,19.458794
21.181379,13.869407,12.303341,49.625313,13.791819,43.969460
30.496288,19.957249,24.162659,116.663773,29.824526,58.379620
24.606932,16.427197,9.098148,30.525679,9.020153,23.245613
35.547379,23.460144,12.849532,44.865162,11.223549,29.254080
18.676014,12.571920,6.892704,27.282343,6.584572,13.389301
21.533863,13.237018,19.048973,99.577057,27.299610,54.883526
25.554556,16.849117,9.706728,34.632820,9.530988,27.052042
23.139330,15.147586,8.061368,27.022186,6.713530,30.935589
61.071911,37.905632,42.779907,134.609863,24.766024,105.118767
10.291944,7.426557,4.984234,18.223652,3.923027,7.656514
16.081171,10.631295,15.601299,56.149273,13.856755,35.612595
32.291065,22.041260,7.321972,70.193604,19.429043,33.391106
28.051416,18.166542,11.328911,47.352222,10.305547,26.258516
22.872955,15.342677,6.962031,38.108715,9.514624,27.449581
17.285851,11.542859,10.563617,46.045105,9.042336,27.070765
14.365505,9.518131,5.090087,20.116144,4.676923,17.729721
15.049767,10.579495,7.195421,25.328142,7.919834,21.453434
23.991348,16.260431,13.307541,42.972851,11.037707,25.413097
30.400579,20.089603,6.643270,52.349735,13.049975,35.587631
56.563629,32.806992,17.451311,68.317490,18.726084,62.934174
13.608857,9.470987,5.571656,64.772102,14.188547,19.689054
12.722330,8.603113,4.759787,12.482848,3.501763,11.662966
21.625692,14.761901,9.292697,42.831184,11.659900,36.152359
23.478767,15.417900,10.067284,42.461781,10.312930,17.515591
21.588121,13.585286,44.708649,96.415352,22.163536,71.981506
35.404289,22.727432,10.237063,47.217636,12.048904,33.603680
35.335110,23.085932,16.979378,42.363647,11.185316,41.325073
16.795794,11.636632,7.271026,26.798370,7.354821,10.136294
9.024889,6.107858,2.572337,22.843580,7.251787,12.988852
49.372707,31.222090,24.006540,108.654060,27.396526,54.607052
21.071817,13.219807,18.495022,53.008598,14.569465,20.435410
15.750809,10.663250,26.121973,109.259315,25.519823,50.184422
11.706724,8.128030,3.857753,13.766455,4.439468,12.473564
26.722021,17.142376,14.546274,53.132832,13.726572,43.924084
11.364854,7.711244,12.126636,62.795559,18.822731,28.347118
26.634079,16.902180,24.695250,103.984032,28.479652,62.006149
15.191723,9.911779,16.275032,69.836632,16.831892,41.532665
9.235637,6.783951,3.857248,12.845976,3.389318,3.914551
26.792633,18.027559,12.788174,58.890610,16.149567,19.088812
4.576277,3.127887,3.124093,20.773355,6.734625,18.334953
26.401159,17.117434,9.655724,17.624649,4.684931,26.272398
41.037266,27.534462,19.222179,75.274811,19.514959,28.052608
23.087187,16.109184,9.761195,34.123116,9.318269,29.456448
17.161015,11.534245,12.783540,58.919750,16.116201,43.203522
12.551372,8.697099,3.145128,21.208303,5.811178,16.061617
9.230889,6.551713,5.224261,21.132158,6.491883,11.848327
15.049636,10.160129,12.300095,41.105309,9.713778,41.576401
17.344360,11.696022,5.912537,22.512644,5.508211,12.522563
6.107168,4.459331,5.199035,36.305397,8.842588,8.248683
29.799585,19.847393,10.199421,44.462502,12.261766,15.911165
37.175323,23.629158,22.845592,108.834297,30.116787,38.975872
11.104087,7.575450,9.355807,47.038788,12.535386,22.492178
10.456794,6.977016,7.556982,27.661432,7.127849,17.548771
19.813293,12.634579,21.344976,59.526608,14.279886,41.620403
35.478344,23.196726,18.586576,66.239029,16.342167,51.294891
40.243595,26.679180,14.013158,65.259781,18.094622,36.474922
12.885234,8.957508,5.211152,25.979057,8.182542,28.143616
7.571411,5.471708,6.556973,31.001053,8.673930,14.258814
10.552546,7.332637,5.102381,19.542095,5.298325,9.878535
12.446583,8.558668,4.518652,23.049419,5.143158,8.445679
26.883825,17.873587,14.403889,51.881275,13.424724,25.299793
19.167364,13.397882,4.846010,21.869892,5.645753,19.066917
9.222853,6.265865,7.988468,31.506296,10.159557,22.227774
19.908278,12.523694,18.467943,73.156487,20.033663,60.915421
13.807414,9.278905,4.483637,21.594204,5.390791,16.429346
28.736876,18.777979,22.698586,109.926125,30.420975,127.104179
50.799873,29.453064,31.205877,125.472206,34.326908,89.433571
23.559797,15.999663,12.962150,32.261192,7.877119,16.999815
12.559311,8.396852,3.900368,2.668620,1.015254,9.538896
22.119438,15.188235,13.427946,62.329227,16.495110,48.088192
16.477581,10.870918,16.012136,46.398304,11.088491,21.964039
14.219878,9.914469,5.143112,21.863794,5.443247,8.846081
21.751551,14.669581,6.794463,32.250584,8.942577,20.932957
35.455566,23.046738,10.015070,67.579414,16.399023,28.029024
17.168854,11.898756,4.581751,23.056597,5.091722,23.031219
19.091021,12.783894,7.485590,24.585546,6.500251,20.028952
10.171968,6.896942,3.817368,10.301924,3.441679,12.294912
7.620305,5.243124,3.386002,26.453596,5.536229,12.566113
32.438725,21.424482,9.217170,48.066601,13.030039,42.310036
7.197694,5.019536,2.122982,14.651726,4.552758,8.719558
12.648652,8.425736,9.496674,34.856476,10.743017,31.214056
8.084256,5.235860,2.618823,1.208107,0.276787,11.464680
20.848314,13.577477,12.405492,47.690430,12.567662,37.131645
8.653664,6.274756,6.680079,26.259884,7.279269,17.294685
48.192528,29.825888,20.827826,86.919312,22.514929,32.996712
18.406544,12.921008,10.871053,56.923168,13.951767,33.245056
8.982545,6.715815,3.888678,15.571811,4.459525,11.913783
25.711128,17.145494,27.129250,88.128723,25.139843,83.854836
26.106215,17.481192,7.224022,27.819763,6.623827,19.042076
10.059136,6.852860,6.266565,26.672363,7.343868,21.550251
17.854122,11.925255,8.360213,22.101828,5.325065,12.662113
12.483416,8.531506,12.752093,77.245743,19.645212,44.140156
25.544075,16.818790,10.237260,23.627958,6.022220,11.976685
15.789175,10.724563,5.612803,19.739061,5.448111,5.832636
7.337621,5.192910,3.624118,41.925243,10.914168,16.161198
32.249588,21.172501,23.522739,89.689781,22.064823,42.807533
5.418675,4.022329,6.543741,24.376436,5.880977,17.773495
8.020278,5.377790,7.937266,32.405277,8.485973,23.257742
30.575211,20.683409,12.469579,48.898804,11.308760,33.658478
15.265829,10.528702,7.191733,27.059578,7.481327,13.714365
14.405813,9.781376,5.461898,19.478024,5.830057,12.049694
6.391676,4.883010,4.550701,8.721441,2.204998,7.777841
18.956053,13.159545,5.196695,39.528519,8.960629,15.742611
13.661601,9.704700,5.348905,20.099939,6.929204,6.990956
17.385378,11.688248,3.581640,19.886080,5.514330,10.461604
27.498539,18.230568,5.574586,36.497063,9.259862,21.030209
86.465919,48.980385,34.384811,166.811249,44.260601,59.564838
24.938765,16.538565,11.118526,43.072365,10.710095,26.005369
21.978680,14.699093,6.166593,32.492149,8.076425,18.659233
53.472069,34.312160,34.925339,149.096863,40.318779,89.794281
20.026995,13.648342,4.804201,17.986410,4.134986,17.395227
8.998613,6.185620,11.977295,79.270126,23.632174,56.893398
6.446655,4.209762,3.595749,12.720805,4.099584,7.445965
30.179811,18.108557,34.551174,182.073090,48.003426,124.352905
13.388880,8.949854,11.844032,57.321941,14.898986,36.257008
41.552738,25.679962,19.813108,45.849625,11.961854,37.169155
12.140902,8.308769,4.053098,27.148510,6.464957,20.008503
30.692446,20.609217,11.676945,30.761517,8.292813,29.779377
40.955456,26.052372,27.891657,104.321960,27.140745,41.937195
16.028263,10.643250,18.707985,78.508644,20.677996,27.876545
22.293276,15.186412,6.365390,34.662777,7.899829,14.543015
72.159813,40.181267,31.540581,138.270325,32.966644,73.469788
34.929585,23.247990,11.697709,58.194748,13.647960,36.023251
26.884697,18.564322,12.375556,49.769215,12.358248,19.053421
53.263294,31.785559,27.388809,111.669899,31.274292,62.366104
28.182835,18.683075,13.107075,93.888908,23.021904,26.787741
35.230404,23.095564,19.649429,84.774605,20.189262,49.728287
12.061831,8.093871,4.898535,42.174042,11.826149,26.216393
13.471056,9.200440,6.385194,25.253111,5.777701,10.360003
19.609535,13.204130,6.138851,29.367886,8.057867,12.595286
20.642082,13.565774,7.169899,41.035259,9.821034,17.366756
8.957865,5.882293,3.505000,16.966711,6.017125,13.090012
31.233805,19.962095,12.494532,29.566170,8.250619,26.927713
5.171581,3.615718,2.059759,17.237087,3.504092,9.255987
27.858572,18.881058,10.169651,59.552845,14.530740,29.417440
4.724401,3.447050,2.299415,10.840561,3.056986,9.460763
24.510317,16.254969,8.620107,19.710537,4.475109,24.165363
23.329269,15.538372,9.164891,25.131378,8.299184,18.180403
16.203905,11.100879,13.062670,64.852417,16.788975,31.391073
10.016703,7.208576,3.284127,13.444526,1.786829,6.827878
22.609169,15.327435,5.171531,44.641865,11.830689,24.525869
12.506267,8.627346,7.101325,30.045465,6.590243,14.562331
11.105367,8.100013,4.012362,15.070047,4.515039,10.752416
13.880141,9.310144,5.143238,28.507496,6.617272,15.744798
11.892356,7.888389,5.037174,13.874237,2.995234,8.253305
26.162384,16.943960,10.077555,59.475182,14.248456,21.416637
29.776419,19.194145,22.516266,118.547440,31.234955,85.533279
21.645237,15.030874,9.884661,27.882214,7.356330,13.339822
8.476139,6.179236,3.511551,15.919922,4.890290,8.329236
7.811486,5.077745,3.539166,12.435082,2.455031,7.319252
16.373461,11.240274,7.422208,25.027298,5.300808,10.536833
19.405212,13.072443,6.567213,30.355921,8.179139,17.469334
26.570484,17.569868,6.528970,48.442883,11.239618,30.512657
18.109344,11.889987,5.279391,24.841188,5.730708,7.815368
14.805643,10.218892,7.207041,48.518677,10.934378,17.932528
27.717712,17.985069,13.123384,65.372543,17.459530,44.890491
29.065264,18.806974,29.500980,80.292068,19.475973,31.239998
35.846233,22.803871,12.330729,78.070999,19.527124,46.628330
36.166485,24.013340,20.972435,112.603226,27.348856,66.469063
19.206551,10.694626,7.465813,26.712452,6.878676,11.895673
8.763775,5.980790,2.647902,29.174257,6.434390,12.902535
15.455038,10.741126,5.088435,16.957401,4.870677,10.441195
17.368130,12.009451,6.530148,3.158304,0.526615,8.505467
20.342562,13.193329,5.763652,26.589033,4.960567,22.476227
22.276182,14.689194,10.003672,36.361122,10.067932,19.068487
16.389423,10.939436,5.344885,14.133905,3.975974,12.436270
6.138662,4.300310,2.959348,13.327329,3.432827,5.984451
32.167671,21.373167,9.946390,45.488605,10.920248,22.029755
14.836316,10.470990,7.363564,23.992477,4.116550,7.348318
13.222438,9.274481,4.386223,22.769606,4.733823,15.831879
13.331945,9.017630,4.814408,13.084108,5.068944,13.068681
42.025898,26.692442,45.675259,140.377457,40.963985,111.179726
15.027239,10.487385,7.619555,26.349518,7.468720,21.219934
43.725121,28.385612,14.006279,54.441406,16.183016,24.584513
7.786797,5.377525,3.062029,20.689541,6.184502,10.091419
22.420477,15.239986,8.662605,35.349068,9.985729,18.508291
6.799081,4.761964,2.999569,12.187527,2.929646,4.465136
8.739536,5.966919,7.087769,36.366852,10.230792,15.982695
17.359169,11.579089,15.240216,80.889656,22.188620,45.486866
64.290031,35.525768,44.128586,203.811813,49.838463,92.271210
12.063174,8.323980,4.913336,22.446079,6.663423,19.802334
8.245365,5.639968,5.535818,18.472845,5.176422,9.296546
52.628693,34.021339,31.420879,123.854095,31.456341,73.622841
47.279381,29.506289,39.337315,105.587624,26.798607,53.003788
15.680386,10.617104,5.350679,44.194153,10.215933,29.082373
5.575218,3.717939,4.073990,21.518393,4.967917,5.545884
13.371229,8.991740,14.886381,54.707371,16.005939,35.579952
24.576445,16.502911,6.787052,25.184826,6.442523,16.074875
41.760941,27.648022,16.739017,63.011543,15.759900,45.932117
32.745770,21.846516,17.656319,80.956413,21.844980,43.737064
26.940205,18.336458,9.141593,51.343422,12.643496,13.574720
28.613419,19.370466,11.471614,56.286785,13.365981,29.700731
9.165043,6.341707,4.331720,14.977930,5.128254,11.278211
39.552052,25.151611,16.929050,85.421318,21.257832,31.059336
47.598396,26.265579,22.885500,123.280891,33.988277,74.517197
51.718868,25.302006,18.131472,63.144073,16.843830,56.671364
22.312296,15.519917,3.882645,24.538403,7.689572,9.134830
9.037390,6.116046,15.999254,89.156853,23.451309,50.869228
77.102257,43.875961,91.263802,328.542999,82.228714,237.112885
17.006702,11.870668,7.510237,24.313545,6.733864,8.370456
6.441773,4.480102,4.966451,34.998035,8.456751,21.088539
68.406799,33.213562,57.647709,244.558105,64.160286,163.579468
29.686401,10.648679,22.211107,118.779083,33.998184,73.217186
28.796438,10.776420,22.181967,120.355431,33.539639,71.314728
7.486151,5.051728,1.793541,12.281048,4.194341,7.058577
11.953274,8.595873,7.282978,13.968532,4.688848,12.027465
11.853786,8.188178,3.895017,12.179971,3.077597,4.796802
24.214088,15.378976,14.752328,56.572227,16.175562,28.847427
24.756025,16.339022,14.305952,59.689156,15.513950,29.867037
36.555347,23.970634,12.133449,48.036983,15.071567,36.548660
24.674948,15.778342,26.375486,75.513916,17.796623,12.488251
27.981697,18.845148,8.926491,39.188393,12.288871,37.886784
14.098173,9.762281,5.526945,26.298885,5.411384,19.500317
18.872383,13.135344,14.890553,42.386326,11.526127,9.978792
7.331264,5.304101,5.944443,36.463066,9.371665,16.921570
47.233517,26.932549,38.924149,154.344559,38.317364,86.091087
17.239670,11.437809,6.066782,18.722845,4.660759,12.651056
15.246029,10.390616,13.460115,53.748058,11.525228,24.769373
25.186905,16.447750,29.570211,105.964256,25.426161,78.333679
32.025993,20.805590,49.996078,188.594177,47.043716,89.675339
21.072329,13.939380,7.659853,29.289204,6.362068,14.581910
48.466347,31.337917,18.541491,91.576576,20.715219,34.223682
37.555061,24.163734,61.970661,214.879913,53.688629,147.508560
18.047947,12.512037,3.540324,28.631781,7.654644,20.046461
19.424433,12.972344,6.659739,33.645069,8.597944,14.233541
28.794760,18.812361,9.768974,53.285267,13.494300,28.904408
26.423313,17.357151,11.221189,59.743984,14.853299,18.485352
15.355414,9.945707,13.928795,71.707146,18.312628,25.598898
23.278044,15.787298,8.654990,34.422779,8.398109,17.941776
23.357700,15.344980,23.709814,88.681664,23.426601,41.583076
8.791757,5.984459,2.383490,13.825131,4.355321,6.369540
8.449734,5.653692,3.268593,11.108765,3.606669,7.443474
59.055759,36.564907,17.643492,65.594292,15.912333,44.353851
26.486437,17.585249,13.361690,65.608887,16.680744,47.189110
6.192628,4.450469,3.481364,9.713736,3.170194,6.316581
29.914402,19.198666,10.814056,34.757694,8.951246,27.567928
12.826534,8.785809,5.051044,20.976902,5.419017,8.530597
19.464914,13.311213,17.192095,64.530975,15.240425,61.021355
15.947877,10.771227,9.196522,49.638462,11.781513,37.061108
30.361635,18.795593,19.891420,86.664879,23.255661,51.658566
19.401350,13.067311,5.645053,39.940659,9.366210,17.324984
7.312470,5.419384,3.790537,16.485769,5.270411,12.494991
14.981481,9.818706,13.622049,43.309776,9.662767,52.359241
13.622224,9.418225,4.038987,12.751164,3.430238,8.201253
68.826492,44.808372,32.055382,179.116318,46.392471,92.932320
26.667398,17.665024,13.604860,41.043793,12.428104,29.837999
17.871426,12.077114,7.145644,21.186914,5.696245,17.126169
55.297192,35.929974,54.251663,184.681305,48.042728,124.592056
27.083033,18.227413,15.179971,44.949509,11.526668,21.507774
41.930420,26.005117,15.771176,75.550102,21.279486,31.082163
6.850766,4.847608,1.564324,17.975216,3.165370,5.006495
26.379148,17.197721,11.212642,36.558140,8.221447,29.915934
36.059338,21.725248,15.058167,79.383156,21.649424,48.931965
6.900877,4.729259,4.251200,18.075182,4.604543,5.846968
63.767635,37.911266,31.452488,76.541496,22.290731,83.657112
18.429976,12.438204,4.613926,25.857903,6.822338,11.492163
32.257362,21.354675,9.962502,39.636330,10.788340,23.195650
12.466099,8.625309,7.946052,34.057922,11.356388,9.595866
12.213578,8.737082,5.323617,26.992750,8.447762,24.317526
22.217443,13.957022,23.472269,107.751999,30.676992,47.522545
15.765145,10.706688,6.741102,22.557468,5.713862,8.541462
10.633210,7.358373,12.854155,66.103760,18.535938,37.261360
36.843021,24.322386,14.642356,41.526505,11.413972,32.851700
35.514492,23.442997,10.766843,34.203655,8.190397,26.269444
5.412477,3.786764,2.601565,8.290193,3.134548,2.944025
12.174171,8.575651,8.363479,41.753624,10.852499,35.008499
26.566586,18.044582,7.188284,26.916115,6.717330,12.716743
27.069363,15.504436,11.387360,57.971066,17.338882,44.011799
27.153515,18.370754,7.764277,39.640549,10.281648,24.426744
18.962593,12.908417,7.544232,58.610672,16.085152,38.536209
25.171017,17.070705,7.826881,26.483442,6.265756,9.008331
16.115650,11.122663,9.383718,52.837242,14.246180,32.699726
10.318954,6.780221,4.418123,22.494425,5.957167,11.206532
10.199279,6.805132,5.818150,33.299736,10.176121,29.038177
17.967409,11.988719,9.971857,45.604656,11.791426,24.421301
30.452862,18.984343,24.521566,92.942513,24.806189,49.152214
19.889898,13.291971,6.183574,21.176142,4.092302,20.935328
9.653421,6.641212,4.939416,21.203714,5.861019,19.267006
50.094372,29.999731,24.551077,76.134727,20.252563,49.855412
7.925656,5.666094,3.194258,10.221903,3.281928,6.802387
19.064352,12.738393,4.248350,25.975267,5.656949,10.211308
25.236626,16.463602,6.819557,49.510735,12.636189,23.903879
24.904142,16.954124,8.121552,27.166330,7.788972,28.546774
56.841396,35.180424,42.919632,110.814133,29.840746,89.150513
14.766372,10.133042,4.629013,22.680527,6.009644,12.764844
11.796076,8.158410,3.917625,41.167912,9.940061,16.172266
12.118015,8.402369,11.789241,42.342697,11.009792,35.582596
6.961699,5.101086,3.624880,9.953006,3.570045,3.682192
18.685303,12.676792,7.585486,21.427797,5.576378,29.178164
21.075052,14.321816,4.201872,36.801163,9.615918,24.781754
14.708313,10.446134,5.854392,17.711512,4.551721,10.105199
30.802908,20.437279,9.596158,40.214321,9.979424,13.239715
10.400547,7.533759,6.833410,51.195988,14.699224,14.089099
28.989534,18.777653,13.125708,63.313728,15.619434,33.580582
8.349736,5.420645,2.273217,13.299925,3.708515,14.735798
21.768539,14.539081,8.843083,67.331642,17.343470,34.840607
20.535696,13.898740,18.132549,79.620491,22.296873,56.466118
13.475163,8.955522,9.989145,36.255745,9.314762,34.762360
6.624552,4.710938,2.995652,12.007323,3.954142,6.696478
11.579732,7.873220,4.415140,14.530671,3.706866,11.728006
19.915937,13.247706,5.667933,31.727526,9.332642,13.475141
15.463062,10.442790,4.253995,24.306824,4.499073,13.445221
12.556919,8.321893,2.587641,10.793420,5.276198,5.863410
23.223902,15.705280,7.843568,25.755739,6.079146,11.821775
9.372098,6.514458,3.159830,14.312529,4.226211,11.814042
28.586666,19.124399,9.509024,26.927034,7.806895,10.170325
21.581026,14.561500,7.468461,39.040482,10.909858,20.677000
25.595194,16.851030,8.351956,34.990265,7.306773,14.620756
18.088772,12.123302,10.161699,58.970627,16.535740,25.856735
51.412613,30.279114,42.969460,170.365112,41.733097,117.282440
10.651319,7.439569,4.621805,17.746723,5.362763,11.905553
49.619091,26.083542,21.237303,87.547585,25.003489,51.533104
28.248308,19.238562,22.515924,86.294281,24.668053,54.444775
26.787821,18.427107,11.502697,31.756502,7.870585,40.888618
17.185240,6.799813,10.031174,52.575493,13.781691,30.547737
16.127733,6.984104,10.407404,59.596607,15.232192,28.622366
14.456737,10.277254,5.282378,27.417019,5.778123,14.553427
14.971707,10.610322,5.500945,26.711966,5.777580,26.819654
23.504221,15.762867,14.258158,61.792870,16.038250,49.543884
24.641891,16.872553,9.034497,53.460350,12.304650,17.376314
45.917160,27.801025,18.179407,66.821136,17.675745,45.862549
11.233734,7.861349,5.140926,18.035328,3.551621,5.842025
20.585438,13.973341,23.388268,60.665825,16.725433,25.957342
53.855484,29.612972,42.435886,182.471802,44.464973,114.592606
20.312128,13.876385,9.435845,39.704163,11.521606,27.511955
17.525837,12.139706,6.156502,14.735147,3.996746,16.173647
30.770372,20.656034,15.779037,89.602310,24.032518,50.111469
21.876789,14.367940,13.865294,67.696182,19.959412,33.256054
29.575537,19.994225,9.129549,51.136047,13.023731,59.095890
44.096107,28.785826,18.773378,74.822174,19.940626,35.694695
18.329620,11.819341,10.299682,44.995335,10.807106,29.648191
25.576361,17.074594,7.987845,33.456600,7.867604,13.149206
15.695095,10.652483,6.151404,30.304796,6.475186,10.342450
10.245574,7.350995,5.926110,23.642399,7.681851,21.701454
43.070354,27.841434,14.626609,55.218410,13.960476,26.432501
45.695606,28.992561,22.694370,95.263458,23.549818,56.803856
6.969225,5.016813,3.258390,13.905510,3.105787,4.177862
30.481327,20.489576,11.639067,56.186516,16.770884,44.170376
14.421716,9.646754,4.895982,16.957336,3.672632,11.241978
25.266966,16.841213,12.846283,52.645199,12.691166,16.725990
31.653549,20.908047,11.971886,69.401718,18.134764,36.548790
14.092513,9.877810,4.173889,17.310762,3.985471,10.024504
10.691539,7.057079,3.892025,9.969561,3.578591,7.829519
19.840759,13.448231,3.945937,29.507290,6.951669,11.235679
13.658303,9.377804,3.150771,22.257925,4.270448,14.143331
11.716309,8.002246,13.300276,19.160599,6.561571,50.781612
19.075579,12.390141,27.238667,102.411804,27.936485,36.718887
41.718025,23.754683,37.297905,151.717163,39.072472,81.713058
16.861551,11.487462,6.392490,30.820610,6.344427,22.534409
25.274050,16.447151,7.147913,33.189404,10.185304,26.115257
24.540520,16.466948,7.696549,35.007210,10.062379,27.863380
26.712961,18.338270,10.466230,57.136311,14.192643,23.183086
29.221737,19.610783,10.173752,33.321537,10.656057,17.094742
24.917042,16.263281,8.773479,25.234783,7.848599,31.382826
22.462273,15.165772,7.409715,30.899664,8.095503,19.665033
14.509822,9.580633,11.188178,33.519619,10.445886,26.030811
23.212618,15.666623,7.007409,30.369192,8.179841,6.152068
15.880244,10.598385,7.419340,42.350311,9.440115,17.431416
25.074642,16.727282,10.114469,27.273952,8.554062,22.996592
12.614480,8.617839,9.387939,53.122414,13.637851,23.387815
8.619374,5.917832,4.152017,14.856736,3.532754,6.719343
27.395927,18.615839,17.317596,48.373604,13.059544,36.835819
23.849056,15.954485,7.371675,39.941780,8.232927,14.888838
24.504826,15.984364,7.772978,50.938049,12.364076,30.301640
29.943436,19.665545,8.566311,40.672676,9.467011,19.543476
14.464272,10.005936,5.295513,32.124184,9.156074,12.058748
16.135546,10.969895,9.579617,51.493595,12.522694,16.733446
32.363571,21.433893,11.143696,37.850483,9.107865,29.631985
20.737322,13.726691,11.161357,40.674770,10.012321,15.925394
14.717902,9.307110,5.215896,26.497133,6.335981,16.295401
31.407066,20.466389,15.546087,60.110050,16.052015,23.125641
44.240677,27.849741,34.348251,142.377899,35.996429,104.738419
21.059498,13.987740,10.169311,37.694572,10.669889,11.426972
12.359475,8.541930,5.564771,14.545399,3.064139,6.060133
14.995783,10.224635,2.757956,16.844637,3.167771,8.067400
40.791195,25.600403,21.110510,96.722305,22.127129,36.323738
48.757637,28.050337,45.103874,169.236176,48.276924,139.425125
24.899488,16.629347,6.148210,28.769875,7.425070,16.211267
5.984127,3.875597,9.085995,28.224232,7.887507,8.366394
17.273174,11.652112,5.645529,37.663052,9.890803,29.505926
11.964733,8.031491,8.432337,48.385029,10.863242,37.427925
37.182926,24.986525,23.596239,51.008564,12.752222,40.018181
22.315498,15.201117,8.570807,39.957314,10.079464,29.134375
12.023376,8.683796,3.571550,19.370928,5.117131,18.882872
9.854079,6.548580,10.191473,41.224358,9.372191,21.923191
15.344748,10.342649,5.628635,28.317511,7.795162,7.221098
16.945572,11.167881,5.342111,17.699520,4.683258,8.251454
33.412655,22.089169,10.297444,37.559929,10.700653,20.180153
8.122666,5.596819,10.770660,24.069618,5.183031,13.076900
46.876751,28.053656,40.530720,123.182632,32.137753,80.185471
13.202817,9.203891,4.874568,20.168463,5.289848,7.023681
12.708405,8.812047,11.146132,49.917366,13.088856,26.763056
33.533920,22.187073,25.956366,70.021339,17.933584,28.204567
27.194963,18.015106,9.142128,34.264072,8.116668,31.562000
10.152314,6.683610,1.920450,11.344584,2.679324,6.782919
15.659596,10.729815,8.508049,44.942841,10.579141,33.774284
23.124302,15.398297,7.539020,35.141853,9.800138,13.613641
22.484085,14.714407,8.118552,28.740282,7.003742,15.277647
13.912045,9.406392,5.513165,19.533911,5.733264,25.997192
20.672314,13.186129,13.902021,56.032467,14.212867,29.681324
13.117365,9.172744,5.563070,14.666478,4.480364,16.798889
39.281212,25.481207,25.924742,114.630981,28.852549,85.298698
77.404648,41.501328,77.314873,354.673645,92.671951,235.380463
55.770779,27.043879,31.654421,154.742111,38.063129,94.955231
36.160995,23.732576,21.039753,81.297989,18.435097,58.374832
19.327984,11.867931,15.389105,67.200455,17.936352,51.705601
29.847837,19.799921,28.340218,130.160172,33.230057,82.494102
16.839508,11.566871,20.102530,67.627518,19.062914,22.334244
31.220291,20.020763,28.361345,118.002678,31.961050,54.117981
9.388804,6.663730,7.506310,42.682415,11.540126,34.677998
98.854134,48.971809,92.480072,402.074310,102.219048,245.249374
33.504341,22.660997,16.891214,66.059456,16.743383,32.119961
23.729046,15.898660,6.900775,34.049366,6.744983,25.423525
21.056717,14.662400,6.417940,42.205704,10.387436,20.594131
86.228981,46.610920,97.058037,314.248413,79.989861,189.561020
38.489017,25.368628,10.219844,49.943890,14.002791,32.116764
32.362450,20.133459,10.889574,28.092806,7.347353,21.395674
16.115322,10.811040,7.152242,18.450241,5.121786,9.616755
60.590557,36.541931,32.053516,87.168938,23.063171,92.571495
32.214794,19.784531,19.917345,64.376183,17.784334,55.129196
20.634800,13.849833,12.110962,43.948002,11.485964,24.860592
49.165047,31.211254,23.433123,86.779358,23.974850,80.039703
69.627357,37.935879,78.802620,310.339813,79.679962,218.027466
10.912593,7.445122,4.664175,11.651077,3.663590,6.713274
24.746176,16.325361,6.567396,27.639362,6.810874,17.719301
29.409925,19.338213,16.603731,83.552612,21.061872,61.698921
11.525105,8.157935,3.545237,21.292814,4.755091,7.441432
32.146446,20.795422,8.698908,31.968390,7.861771,25.886192
14.039447,9.159581,15.349670,52.035538,12.955010,46.068775
11.925411,8.177402,197.445236,6.742233,1.696893,1.191074
34.805267,23.099575,16.831459,64.584213,15.809815,47.607906
7.869387,5.238325,3.972067,13.812554,4.245398,10.873723
17.708944,11.497275,7.076296,28.137449,6.596384,7.106856
10.982853,7.379494,3.702224,18.964911,4.300006,11.168704
42.814335,26.789068,18.198954,81.614243,21.700224,35.623096
5.680257,4.112863,2.437434,9.867203,2.082019,7.656112
28.983999,12.945258,11.735708,79.516907,18.887718,53.832211
64.005112,40.016747,65.416962,196.692230,46.544544,111.318192
13.399084,9.772657,8.237824,61.707077,17.555214,25.139526
19.202065,13.229658,7.713964,45.177101,11.799894,21.905668
18.701481,12.887243,13.502646,91.632065,24.385889,43.583347
42.726109,27.104542,38.575977,232.585953,66.282097,119.837234
24.075312,16.096411,8.126349,37.694843,8.468962,17.750422
24.448166,16.386469,12.542303,36.798840,9.703037,14.298055
117.438408,53.835495,109.877426,455.054657,112.853355,276.512970
22.260775,15.026790,16.413118,84.900024,23.968555,79.588287
37.883781,23.503399,57.659290,205.261459,53.937805,146.413803
48.905132,31.367290,21.056969,88.714340,22.584805,101.354889
5.506777,3.371348,3.952828,8.452636,2.980916,5.959951
49.910812,30.932339,15.606477,75.734390,20.819561,46.463383
97.240425,46.631805,82.129501,324.781952,80.115509,217.602722
26.646475,18.093971,17.415049,75.105667,17.644653,21.470610
17.494019,11.885911,6.285351,21.839643,6.151846,14.174631
15.510003,10.749640,5.649911,18.508726,4.383491,6.363366
19.677748,13.165886,6.630316,27.775814,7.369802,26.283310
7.585832,5.317701,4.937165,32.111950,8.205910,16.995037
72.178955,35.662193,67.850433,205.055695,48.902126,117.034386
17.264349,11.687549,7.527514,26.669956,6.385871,17.088312
19.485586,12.874632,8.085941,35.017056,9.168447,16.599955
36.891029,24.446987,25.546339,70.453239,18.814047,58.025356
21.002293,14.186091,9.678936,59.996628,15.165792,37.024147
21.205761,14.307209,5.159808,26.356174,6.590499,23.338112
39.820122,24.327753,29.899857,128.874329,36.081619,59.773674
27.768511,18.643810,6.696079,23.497440,7.608085,20.354958
23.777901,15.744102,7.495059,32.040081,8.153247,16.794052
36.060062,23.757399,24.179287,189.609497,51.549068,90.232819
19.227556,12.963830,6.880965,44.176338,8.922064,19.644180
25.198320,17.261530,13.445455,44.179153,12.302498,34.408142
23.343683,15.628195,8.361497,28.639925,6.298463,24.797861
14.493629,9.843899,4.893454,14.321567,3.944159,13.179532
21.038475,14.563590,7.337168,19.497122,5.986342,12.731791
24.784679,17.000111,10.445229,41.660389,11.346071,36.759605
23.603558,15.704149,8.933198,33.510643,8.890331,19.692028
12.357347,8.455325,10.967380,7.510868,1.339478,24.164921
7.972793,5.454984,3.890152,13.833796,3.558493,4.585823
14.836110,10.383866,5.789696,28.599586,6.512393,9.959949
35.594318,24.428793,10.967143,50.218323,13.064404,32.607719
16.940023,11.684343,5.720105,16.670181,4.994665,14.100635
16.247238,11.062873,5.022763,25.299677,6.793052,11.968533
22.215805,15.166730,5.457525,31.356241,9.150635,20.347216
24.135401,15.910525,11.428580,42.476810,10.996043,44.921619
21.381258,13.968042,6.697286,26.778242,6.679105,23.653902
38.047535,23.382494,14.083847,49.818871,13.921019,45.596291
22.155743,14.456761,15.901210,66.425728,17.874109,43.501976
20.066717,13.920646,10.159936,44.103931,10.064610,33.931404
32.948231,21.656427,11.469501,43.540184,12.220304,18.318228
31.643126,21.161669,26.221052,76.293602,20.850622,76.265503
19.631420,13.601773,12.271012,61.509521,14.673748,28.008535
10.863851,7.518561,5.673413,22.690287,4.699215,10.370849
59.473724,37.829483,36.840435,203.060898,50.600231,151.927628
12.588604,8.635413,4.150141,22.094835,5.433488,6.584967
30.516336,19.821095,12.151460,66.992332,15.851447,38.517769
22.947758,15.304482,13.475191,52.273575,13.834140,29.790251
32.083790,15.167300,10.695300,64.746773,16.631607,38.431309
8.139906,5.406071,6.807070,34.465389,7.805658,13.949976
12.895203,8.506536,4.166587,17.499254,4.532938,11.689482
50.425926,28.400242,19.982767,136.960159,34.921017,67.181313
14.771174,10.273206,7.080277,18.555771,4.898666,2.921781
11.919957,7.995628,4.560667,13.551204,3.992584,6.307760
5.662343,4.117157,2.142493,15.223181,4.645067,4.239044
9.119178,6.218304,4.309050,13.785898,4.136531,5.145957
26.119879,13.989063,12.539473,68.358215,20.020531,57.761105
30.109749,15.120168,15.488235,88.868652,23.290155,63.677757
32.528316,21.519815,28.205904,166.176376,40.724972,104.693260
17.625805,11.846966,4.822329,24.204899,5.420369,9.730334
33.875568,22.463413,11.652399,58.628033,13.355580,36.879093
8.603902,6.127627,2.981240,27.488894,7.335256,18.755022
36.957977,22.220057,54.713051,251.743469,69.831940,167.129959
26.155912,17.465092,8.105919,46.917744,10.648628,14.625109
19.941704,13.314047,7.608245,22.726871,5.679490,13.200788
17.105602,11.804315,5.454868,18.026453,4.826106,14.905578
87.444092,54.745670,81.834961,338.253082,88.343849,202.499023
15.565388,10.755246,7.069868,17.897257,6.682776,9.442388
22.370884,15.263494,15.267816,61.358082,14.559929,71.882050
48.902805,29.077604,14.553497,44.903648,12.469639,48.168587
22.387056,15.509410,31.423628,96.337601,24.952385,23.810982
10.884667,7.465564,3.351845,30.813652,6.919656,17.784698
71.106613,41.529900,29.484165,113.050903,29.291790,67.383026
42.276447,28.312374,16.233681,54.409466,15.075036,19.725685
10.834954,7.473324,5.717600,15.345866,4.027098,14.192787
24.618916,16.642588,16.978678,58.512245,16.347145,34.496265
40.084362,24.579027,43.988495,210.218292,53.648998,125.773865
14.184064,9.595839,4.094648,13.239630,4.839567,17.757597
14.195845,9.730388,4.549710,20.702171,6.530736,8.696201
49.609623,29.493395,39.129223,177.790634,45.270657,102.018715
28.916246,19.540445,6.513641,27.239721,7.135717,34.694862
6.573719,4.751642,4.076656,11.453421,3.301608,3.322333
32.063831,20.642181,11.445905,56.329155,16.009768,27.111998
22.857260,15.893444,6.264941,28.503460,8.515958,15.492226
11.984772,8.325897,9.335352,28.266388,8.154228,17.779787
44.592293,27.511061,52.606075,166.653091,40.475292,85.700310
10.956607,7.927072,4.584666,17.354147,3.844270,4.599352
18.097305,12.136901,7.380969,44.773338,13.279588,27.601402
15.662575,10.660707,6.175110,34.037460,9.355762,12.588559
9.252313,6.519643,4.502965,30.873108,9.301977,34.230663
8.432399,6.317368,2.586952,11.062000,2.926517,6.558726
15.962396,10.966373,15.082905,50.916439,15.249671,42.687458
20.698984,14.773485,9.217223,62.238811,14.622568,24.165821
17.781813,12.618179,6.520893,23.148726,5.082165,9.666281
10.306899,7.482686,3.143202,17.500309,4.663916,8.401851
40.295456,27.653807,15.747000,53.756618,14.795864,23.797636
26.950190,18.129208,15.266176,95.598763,21.439745,34.210842
19.932877,13.283725,4.370395,30.214184,6.328142,34.183926
26.499268,18.217463,5.282399,34.403751,9.007142,19.161236
5.532892,4.198439,3.222557,12.872129,2.409777,1.711627
24.615068,16.093639,5.996281,30.321768,8.001088,20.705725
18.521341,12.673214,8.379010,35.992222,8.596975,23.593601
7.314304,5.156181,3.037734,21.937943,6.689417,22.181883
7.953857,5.315291,1.971928,11.802697,1.906333,4.183245
33.497196,22.427231,9.316768,58.279324,14.452022,39.970535
33.636520,22.682261,12.876744,42.438793,11.490274,14.343804
21.765635,14.366407,8.322756,33.304127,7.758262,25.958139
25.251347,16.837753,7.875753,35.656288,8.834442,10.948361
140.594925,63.789009,76.588867,314.226685,80.225410,175.642700
20.037336,13.657381,16.470806,61.844360,17.337164,44.496490
8.181354,6.223646,3.203803,14.021734,2.933446,10.814033
17.631145,11.909828,10.084948,40.765278,9.294366,22.962795
13.420436,8.857872,6.008453,27.014181,6.760587,20.007427
52.986004,33.476490,18.645849,80.080322,19.833941,63.996235
23.160158,16.054352,7.106933,37.147060,9.115840,21.275732
18.419590,12.474302,8.020529,18.381069,5.358361,20.920986
20.197704,13.305189,7.546161,12.651301,4.145872,18.008627
15.915245,10.556426,5.253281,23.713465,6.627885,17.411654
16.171614,10.876883,10.132542,38.069202,10.521418,31.673380
14.585216,10.008628,5.050942,19.269398,4.911620,9.245820
22.195932,13.023696,7.816641,39.620670,10.351291,19.163162
100.905769,49.708408,66.660561,222.775848,58.293854,151.846191
25.380724,16.734219,25.705246,88.762779,23.988371,44.978374
31.088299,20.544966,13.703914,68.983459,20.498951,32.779282
19.021996,13.436023,8.750882,36.954468,9.023571,29.536291
11.134089,7.541525,3.919506,32.437210,6.965619,10.520074
10.094727,7.256294,5.148336,11.203627,3.683666,7.321451
16.941219,10.317596,5.190290,66.534172,17.867100,26.021154
50.103329,30.011282,27.650167,139.219070,36.538536,106.878586
14.491989,9.640791,4.417862,19.897289,3.769380,13.986052
27.281151,18.364063,10.362109,27.031099,7.472085,30.665363
43.211235,28.189774,25.467571,100.780396,26.021591,74.235291
26.089319,16.410517,15.177605,59.523113,15.975550,63.651608
42.653786,14.761600,26.623037,93.142441,32.711884,110.519730
46.161423,23.766623,80.567604,320.485748,85.376373,297.534485
13.468533,9.289879,6.292616,23.564749,6.685305,9.488928
37.974625,26.329647,15.768511,92.642090,27.436527,69.344498
35.857990,23.803635,11.298331,30.182793,8.769767,27.266010
29.682379,19.889849,20.298429,91.233330,21.255054,46.424469
18.440357,12.405857,3.453685,29.714476,7.438861,14.579636
5.296635,3.717451,2.611425,2.602625,0.138925,4.865873
51.878555,33.497139,19.707460,35.763054,10.924655,40.130596
24.432760,16.689579,11.764205,64.596565,17.002472,45.126953
28.809713,19.179073,11.891506,82.624931,22.346006,43.333477
24.754616,17.004288,7.399489,29.434500,8.889223,18.374821
20.676846,14.094785,8.147540,22.057566,5.343414,29.384361
11.345202,7.548451,6.110927,14.012455,3.774139,6.439118
24.032240,15.518212,21.788937,62.956890,18.417648,67.983681
48.235878,21.053905,15.073479,50.591511,15.844408,39.506500
51.045998,23.715179,18.042797,69.118668,16.327448,31.764742
18.784184,12.523134,13.896714,57.250500,14.817002,33.366253
21.316372,14.713053,5.921910,37.133663,10.035080,18.293644
27.133608,17.724590,10.231144,34.257946,8.366778,26.560036
18.562601,12.290393,15.107388,51.185093,12.943714,35.787998
22.595093,15.496584,4.128950,32.390347,7.914403,18.861553
11.542500,8.024790,3.917181,4.696397,0.607031,5.405167
28.407030,18.149363,22.501928,117.672798,31.148689,65.567635
25.711948,17.215712,10.112803,77.455673,19.064745,44.689041
11.734354,8.178850,3.047928,11.647940,4.893606,9.996392
29.736280,20.066942,24.940514,55.657131,13.678670,40.364334
8.661189,5.741078,5.642101,30.498348,9.031034,35.714798
18.148170,12.234724,7.741073,29.844978,7.731981,23.709072
33.642113,21.481949,10.688666,46.418243,10.885459,15.320553
21.028589,14.218097,8.277227,32.311836,6.765897,17.001726
6.749033,4.890854,1.349183,11.721314,3.190198,4.771897
39.039265,24.906925,21.698957,72.706474,17.499928,29.586294
12.698739,8.734591,4.603575,16.908054,3.555557,15.849731
65.434158,38.962059,56.929089,248.877014,65.498772,163.619461
11.485971,7.744377,7.920342,15.771743,4.290542,5.353195
20.120081,13.406485,6.401326,24.827372,5.589417,16.378679
28.806665,19.024300,12.235619,47.151279,13.311726,29.737778
44.679295,29.593506,17.957191,79.523743,20.637630,79.127991
18.444468,12.637471,7.739299,41.421337,9.486470,21.663923
25.521404,16.771578,10.026166,26.595217,8.153168,16.974781
10.455354,7.168965,5.005982,31.417620,7.514146,9.853327
43.793682,28.954397,12.735316,38.131454,10.207535,41.738800
29.619078,19.747953,8.421589,29.670177,8.062746,32.609879
14.742194,10.289783,5.337738,17.901423,4.842494,12.491117
25.674608,16.116373,14.018357,58.988579,16.122393,36.540634
73.252258,41.569611,31.935099,93.280342,22.688446,56.648094
10.852318,7.600373,4.817592,13.971004,3.404189,7.401000
33.810806,21.793013,48.730377,139.167419,34.950539,119.300575
17.709938,12.149393,5.291742,18.139486,4.284490,11.561287
43.413406,28.484320,12.878997,42.621658,11.535832,60.853294
63.325665,41.605755,31.779676,165.383606,43.405533,111.430756
22.653837,15.335825,8.842633,55.614380,14.592742,38.366302
8.928111,5.837410,13.263281,75.321182,21.612684,61.480179
21.776226,14.685257,14.581359,44.128750,12.200903,28.561613
19.315113,13.113731,6.606978,30.297571,8.201748,13.669986
6.397106,4.365835,6.973594,27.229853,7.700042,13.434089
20.792885,14.157151,8.200113,36.374939,7.377337,20.871700
23.341379,15.294789,8.957514,42.308296,12.049131,22.597790
26.708395,17.596443,22.683189,71.987068,22.292521,83.743919
27.956764,18.614777,16.526453,65.354996,15.892807,23.946468
21.419561,14.659854,14.805116,69.295593,14.904400,48.827435
7.270728,5.376525,11.569727,31.871647,8.567629,27.035744
8.435872,5.621752,3.331642,13.001066,4.597806,12.025405
45.758442,27.810257,31.772263,110.505974,31.605993,51.846294
12.501035,8.420606,5.516080,19.484165,4.592243,13.898723
5.326723,4.112459,3.430152,6.990192,2.498278,6.031538
11.077312,7.488166,4.726962,11.615997,4.031898,5.291815
20.698334,13.638370,6.119512,25.737732,5.641714,12.900063
35.541115,22.887650,17.698996,57.791630,14.129243,31.136038
48.047138,26.088577,73.434860,325.258362,87.011238,215.610229
25.167854,16.762508,6.155159,36.959583,8.398562,17.048132
43.511520,26.997675,32.819424,164.760330,40.201218,94.743889
48.746712,30.613623,19.707630,50.080532,11.869016,21.064100
20.595955,14.122081,16.136364,58.288662,14.782265,14.993192
15.094262,10.312037,2.672310,22.200872,6.568898,19.318480
18.838284,12.743508,5.075133,24.258186,5.749040,22.230284
10.383724,7.208974,4.358190,20.207087,4.247278,9.729795
9.898830,6.724232,18.155603,93.854141,25.673237,74.857155
11.342783,7.792225,11.493753,40.423267,11.374895,36.073872
19.407990,12.912499,10.272956,46.356831,11.797649,20.032747
7.172315,4.946813,4.727967,9.858803,3.619663,8.477119
13.514744,9.375154,11.124565,43.497063,11.341932,22.004578
14.643221,10.078782,4.427472,4.444318,1.495931,18.714659
33.361134,22.560940,7.359982,50.390038,12.657050,23.439222
34.415443,22.293880,11.803655,59.742416,12.759039,24.437437
23.882425,16.416449,7.872212,36.021854,10.572757,31.692688
53.863827,29.372293,17.883326,76.244781,18.913132,35.146320
14.072289,9.894442,3.788220,26.555140,5.283867,8.489820
25.231308,17.711683,24.592413,90.748383,21.803299,56.718044
26.872246,17.989918,9.652681,26.721146,4.703913,22.999922
31.161945,20.454029,9.662579,41.437012,10.820246,14.401987
38.067738,25.224194,12.656288,49.344814,10.889038,32.771671
6.395574,4.414858,1.934088,12.720571,4.191071,12.494072
15.199045,10.282555,11.687016,47.285164,12.613273,44.085644
11.742241,8.155288,4.341784,17.386290,4.211188,6.974041
35.248486,22.613682,34.523163,112.997040,28.756128,75.428558
27.724878,18.091003,11.711045,57.963898,16.183786,28.515963
14.214570,9.849031,4.346159,16.918846,4.209148,17.590355
24.867790,16.118668,15.234549,71.561035,19.588518,35.797085
8.134691,5.602346,2.815064,10.653315,2.837341,4.242859
64.485359,36.593002,30.168493,112.418526,26.278049,63.441174
13.423542,9.045094,4.576840,22.632551,6.487764,21.030191
19.272768,12.790823,14.079390,43.640808,12.407777,22.777220
15.697727,10.623673,7.268343,31.318054,10.489676,27.955122
20.250273,13.519060,7.748876,25.053083,6.294583,17.072458
25.571339,16.934132,12.386463,36.547222,9.783929,21.784948
5.755814,4.170839,2.652031,20.002913,5.089884,16.624464
30.160299,17.551601,62.628822,247.311478,61.245945,163.751389
20.978151,14.228462,11.118928,47.376457,13.929351,47.198170
9.768206,6.563555,4.011603,18.058540,4.179796,6.683378
41.451294,24.416052,39.669006,167.295914,43.890240,114.156342
8.731385,5.924586,8.706175,23.641033,6.370053,18.758017
59.111198,31.647947,33.422424,127.852989,32.973476,41.668846
39.564110,26.950359,11.872375,32.214127,9.493373,33.802654
38.465244,25.125544,26.338181,63.767731,17.297558,46.557350
19.929638,13.284603,7.457337,30.743752,8.159937,15.583160
15.956916,10.397158,8.109895,46.982224,11.769315,30.166824
28.988726,17.803022,13.147771,86.288727,20.438400,55.523430
11.639717,8.031027,4.139422,28.562183,9.499589,10.547361
21.707766,14.811827,8.872121,40.659466,10.268884,22.915567
10.045627,6.844253,9.497039,60.403362,16.122099,29.460608
22.642046,15.904030,7.182064,18.190865,3.451699,15.711997
59.702614,33.732906,27.117506,136.947937,38.461597,89.350929
76.805161,37.601429,60.501369,184.618256,46.830387,143.521851
36.549099,22.009226,51.356869,183.879028,46.587704,86.846306
32.782005,20.907616,28.816322,140.268585,36.063103,59.757298
9.330851,6.505626,14.350862,70.175209,18.620535,30.056620
35.969902,22.729198,11.065119,52.561676,13.494628,24.710552
6.947228,5.076816,1.785365,16.857958,4.750140,4.885077
8.241602,6.077281,4.594622,12.195796,2.874812,10.510847
12.642394,8.330527,4.614981,20.542528,6.356566,6.152224
35.974487,23.453644,11.907136,42.972282,10.895924,19.559555
27.966511,18.826571,8.358681,47.073929,11.855168,24.938540
23.377747,16.088346,9.489138,39.812748,9.693767,14.249488
19.126740,12.829333,6.934396,44.003082,12.806320,11.898433
23.950396,15.987607,8.452687,44.109371,10.503680,16.550388
24.461885,16.262672,8.712527,24.558783,6.375035,9.978462
10.318739,7.451116,3.307545,14.752859,3.246497,5.690438
37.378487,24.000259,12.507776,46.080990,12.373531,32.574120
26.405758,18.315388,10.387650,43.665287,10.129790,34.819096
18.799362,12.696691,5.922424,21.690847,5.946239,27.042559
21.607664,14.744230,5.669148,29.609966,6.614144,8.405293
60.263073,30.079344,66.083061,210.188477,52.212345,127.518074
22.710859,15.653067,9.067271,40.396545,10.435154,11.487426
14.537617,9.305980,11.906750,68.216431,15.857266,25.233004
22.302280,14.974289,7.213789,32.336056,8.453287,20.301147
6.998354,4.628210,3.599021,11.628080,2.301114,7.548883
5.943995,4.138641,1.842048,8.063736,2.117079,5.209015
41.719833,26.004194,17.956905,53.777180,11.588529,42.240368
7.879188,5.849837,7.355302,21.584288,6.409063,16.798752
21.281929,14.380941,18.727194,114.557442,31.927225,56.581703
19.910933,13.126817,5.602330,23.265507,7.176525,11.937475
32.843456,21.055367,13.551711,70.460480,18.170132,46.017361
7.706269,5.148235,2.437160,15.635373,5.100454,9.651746
21.855553,14.224444,5.919075,29.160887,7.211779,37.995335
23.616154,15.170756,16.818678,95.277390,25.529856,49.907177
12.938679,9.057388,4.075422,17.334665,4.188431,8.814067
5.268975,3.479972,3.114937,25.053110,5.076569,19.090996
30.571196,19.911613,15.067790,43.544537,12.447446,30.893826
33.752945,22.062410,36.485760,143.608551,33.584923,62.471786
10.915288,7.516250,3.208316,13.143360,1.859051,7.201662
13.961640,9.191917,5.216022,22.190834,6.010449,13.821007
21.818371,14.575459,5.881869,33.458927,8.280971,23.194210
15.653899,10.136172,20.627352,65.372276,17.903868,44.680698
17.200584,11.307806,5.350040,20.671963,5.331537,8.792703
24.810127,16.541723,8.925018,37.491161,9.409902,15.607992
20.172253,13.861857,9.611012,28.947912,7.633252,17.063620
19.176910,12.974136,8.857176,43.963524,10.514173,8.220340
7.414881,5.379881,3.603155,10.433951,3.431710,10.479289
4.628469,3.084914,1.321645,10.668377,2.937047,1.540777
21.676836,14.763000,4.827522,27.462585,8.053450,21.052256
16.380484,11.365560,6.729398,19.565397,3.262458,10.487055
53.909420,22.433083,23.130678,89.143723,23.505634,76.545967
20.221952,13.111911,28.674658,97.926270,28.417097,78.376854
12.875738,9.107327,8.291868,56.629288,16.509140,42.162724
32.623848,21.552544,10.070375,33.066738,7.664186,17.865278
12.924091,8.468495,11.653922,48.415867,10.899366,29.105072
29.809841,19.848940,8.673171,63.682400,16.958015,13.877512
25.454327,17.532522,11.916663,54.078773,13.348688,17.373863
22.493359,15.340100,4.911345,29.983828,6.540255,16.760441
42.213772,26.109461,21.636198,95.778351,24.415199,45.225056
25.214907,17.241159,8.042865,39.515255,11.408057,17.896957
21.679073,14.578641,13.136071,64.617432,14.925889,13.602346
32.071636,20.974628,13.375377,55.452835,13.343043,20.301266
34.170483,22.450151,10.873354,36.427807,10.119539,46.508865
47.338242,29.204090,50.458267,177.322937,42.494392,106.574265
9.642100,6.774336,3.867818,17.345083,3.300196,9.792221
22.962372,15.740842,6.428490,34.369141,11.207723,13.365867
27.420519,18.387226,12.217217,52.733620,14.694366,24.528450
6.415910,4.330862,4.644636,43.050201,11.582198,20.755783
18.930605,12.616713,6.646662,29.990425,7.130341,11.145921
39.242683,23.615208,43.228977,243.082031,62.103008,119.071503
15.413443,10.816992,12.558830,51.757862,16.075056,32.823475
22.709923,15.222155,14.270869,51.768684,12.756330,26.471001
13.988122,9.527680,12.773582,61.152058,14.683107,34.249794
47.871033,30.180563,49.719879,180.669418,46.067795,113.943260
19.342541,12.964809,5.555256,23.302429,6.177020,8.474642
25.019463,16.216684,8.289596,30.193220,7.379986,11.937683
27.865160,17.851755,31.250935,194.445480,47.618176,116.939774
25.979654,16.956764,13.094068,68.412918,19.467712,30.432400
9.103047,6.775629,3.061971,13.344448,3.465766,7.476470
14.927165,10.212301,5.018244,16.816408,3.982917,12.465506
6.079158,4.339397,2.046326,7.157392,2.605884,8.337755
13.954259,9.362636,4.000780,20.912287,4.981541,8.853302
17.672190,12.621103,5.630906,20.778505,5.041848,9.118590
49.060646,30.790169,42.175049,187.821701,47.181370,134.197708
57.067127,33.052158,23.876867,90.851906,22.112726,29.064665
11.263786,7.728565,2.151429,15.330314,4.813459,7.865259
46.176136,30.112280,23.262251,65.335663,19.759764,44.580299
13.850007,9.456896,8.394463,20.145065,6.539559,16.175056
32.338413,20.170551,23.493521,91.190849,23.943947,54.992020
64.344040,38.349129,72.026176,308.409241,77.650558,167.234619
12.158257,7.961592,5.445184,19.479891,4.456884,6.563704
10.408369,6.993049,6.281268,20.908010,6.362919,2.579067
15.222941,10.316687,4.674331,48.442432,11.582920,10.091688
4.872296,3.596941,3.357615,21.361706,5.613186,12.073580
12.394552,8.618721,3.329847,14.195203,3.902063,4.733778
4.470248,3.251022,5.306804,22.395746,7.099438,17.166088
10.298680,7.500867,3.312863,20.735247,5.412186,13.777607
18.744604,12.782377,2.359406,34.368542,8.883904,19.086769
30.523258,19.940638,10.708879,72.520546,16.816214,38.215683
14.253139,10.026207,3.654829,36.941647,10.400970,15.596674
14.783970,10.174517,3.843404,30.454117,7.582635,18.068670
7.853721,5.114017,4.526899,44.054161,10.343358,12.286708
54.645775,23.380432,18.760067,118.930298,32.396229,48.020470
53.104584,23.369081,18.805077,119.147476,31.789333,45.369156
35.765873,24.241171,14.495189,47.923843,11.236429,17.608961
12.459549,8.340501,6.946289,38.724907,9.547376,19.863659
14.716318,10.006330,5.418501,20.971424,4.948587,9.840410
30.710083,19.965536,10.688421,40.036186,11.571989,27.918083
24.861204,16.618128,11.404480,36.061531,7.636441,18.543060
37.268639,25.005589,15.195350,84.553017,21.672556,39.395947
15.774788,10.903145,5.147360,22.090719,4.765738,16.216093
8.409414,5.998374,4.153676,23.485100,5.487401,13.687145
27.726046,18.110374,8.579049,28.932220,8.519599,11.748089
10.519570,7.568799,3.370103,14.190994,2.768041,15.133104
24.503950,15.897876,12.454891,11.717085,1.625563,14.011255
29.787895,18.771700,26.384998,116.820465,30.664814,84.703781
8.280831,5.714263,4.667570,27.298124,8.634574,6.855105
7.841792,5.321300,2.962568,20.380833,4.960522,12.011786
11.582714,7.815112,5.460085,21.446793,5.564521,4.562538
22.058897,14.726782,8.419643,30.341742,7.445048,17.708715
40.027222,20.056017,22.780731,77.502129,23.151743,53.958351
41.433342,20.035389,23.584131,85.348427,22.842422,50.674534
59.437355,34.936195,31.151941,132.476532,32.342541,78.688934
21.665396,15.139937,4.664946,30.491266,7.252618,16.681871
14.382044,10.370556,6.440719,17.081783,4.809594,3.666435
31.042439,19.413584,17.596458,92.654793,24.383381,31.248493
5.963361,4.217518,3.505701,20.892323,6.498797,10.490113
37.510258,19.410709,21.816795,71.481392,18.843224,37.975716
24.797146,17.236391,9.155158,34.654938,8.231580,23.017467
22.555285,15.264152,10.998427,37.379768,9.869466,16.500956
32.759041,20.542738,20.879879,76.255302,17.463898,46.701530
27.886406,17.516298,23.911928,92.687935,23.899197,35.995781
22.453354,14.406745,7.225814,48.637959,13.521591,15.312228
12.781235,8.823003,3.749712,36.444202,9.254557,18.708826
32.073719,21.294737,7.906268,39.251625,9.718462,30.527666
30.583536,20.849609,10.508576,36.139454,8.406936,27.711666
31.199184,20.412352,8.674942,9.457968,1.196733,16.751488
6.596499,4.726653,2.898543,10.245366,2.863057,5.515476
13.943634,9.525286,8.772554,46.610283,10.904182,32.856651
11.955397,8.149300,7.399410,39.458641,8.710763,17.753313
17.644245,11.803614,8.250510,29.633314,7.599794,19.129814
13.782441,9.016932,9.462333,44.110069,10.309580,35.127781
16.545240,11.808760,6.032801,15.740197,3.194324,11.664616
46.254284,30.364870,26.050774,112.873596,29.246153,75.616974
41.501564,24.537161,37.894390,140.594742,32.722237,98.362709
21.311863,14.073969,9.552445,66.160378,15.940765,32.331066
9.667608,6.507729,5.102091,17.387262,4.071871,14.309549
25.405613,17.409693,12.110873,46.798580,14.876369,21.229843
69.728111,38.738232,26.424166,123.946777,30.700512,74.065170
27.508699,18.527954,19.023306,72.368057,18.601620,32.476967
16.039717,11.118481,5.264631,17.824278,4.662652,9.774628
14.465211,10.026475,8.384207,32.359745,8.021039,21.127102
20.209578,13.668905,7.802729,40.331608,11.228937,27.521416
5.894310,3.945970,1.404967,12.719423,3.093318,10.039983
39.006287,23.104395,46.881222,240.993225,62.869400,129.017654
18.646269,12.502967,19.281490,59.357090,15.089009,31.721651
10.285341,7.115805,4.621272,12.273050,3.107168,6.633390
24.278423,15.188917,24.642929,169.540878,44.748219,82.357613
23.210934,15.947166,7.046493,48.835964,14.830659,35.926018
35.305687,23.177172,31.059805,173.533859,43.503262,113.501045
51.757423,26.480898,21.752161,99.212753,24.106756,51.536293
27.976696,18.475790,37.209114,150.500565,35.293720,101.878212
33.936924,22.552212,9.799229,27.734461,7.229604,19.381411
26.353693,17.655252,8.888931,31.433285,7.336423,16.962357
37.971817,24.028528,11.775369,57.280006,13.689190,21.025963
15.088698,10.561536,5.278627,25.152388,5.295280,12.163044
20.004776,13.784945,9.704591,48.940865,12.480678,72.108528
21.472387,14.032331,7.051223,31.527843,7.202637,16.314459
7.937716,5.743959,4.089858,29.521713,5.413797,10.497477
46.924381,28.514021,16.751566,64.408752,14.604210,24.679415
25.552462,17.272764,14.417170,61.828442,17.932261,36.022320
23.634014,15.732292,7.552878,27.296917,7.145983,19.147926
12.059654,8.427903,4.250660,13.129871,3.517481,4.844412
11.207889,7.521158,2.776441,18.023989,6.593431,7.848876
9.915591,6.958958,3.146940,23.938581,7.876008,10.450634
24.034445,16.475758,7.185847,17.341921,4.581505,6.335611
24.251579,16.215364,6.259519,30.434486,9.649660,21.797894
11.582875,7.785707,4.365711,22.375637,5.413310,5.680245
56.272350,31.329840,30.547012,109.131218,24.105371,52.319138
31.312265,20.126541,9.619113,48.633778,11.011646,35.177158
53.713654,31.134163,22.832014,115.668114,28.982132,82.402336
16.339699,11.111884,17.298973,71.842339,19.146648,36.236958
15.261188,10.554543,3.482414,28.394838,6.887313,8.973578
25.267986,12.779175,11.872505,47.946846,13.820867,17.321505
25.198893,12.808011,14.290221,68.844017,17.028738,17.371767
23.195915,15.966991,10.841282,37.314957,10.809614,18.750965
19.674038,13.505163,5.534645,4.109347,0.287884,8.061605
16.736603,10.987737,11.609425,38.223171,10.588991,18.065870
28.207396,18.609095,13.878282,55.251175,16.996029,52.863537
16.135748,10.223664,12.300764,99.937592,27.469202,51.758022
37.613789,24.651854,20.238152,97.766747,24.971195,62.996029
40.407051,25.257469,22.825346,102.198936,31.190397,75.348663
7.804905,5.423245,2.363407,35.204647,9.473884,12.652533
23.934536,15.643882,13.520662,79.001770,20.431330,53.811199
44.179520,26.318521,45.403542,220.359573,54.671135,101.694504
43.353302,23.084812,44.955753,192.306183,49.028362,61.302979
23.055540,15.535864,14.315031,69.442047,18.235111,27.976274
10.457465,6.856102,3.116791,14.365274,4.278083,7.167606
12.694198,8.418351,5.360976,40.531475,10.919671,11.323258
10.210012,7.055669,3.824579,18.262867,4.423574,8.979833
17.997156,12.156394,4.474300,17.212931,5.286368,12.933518
13.253760,9.256454,6.930027,36.362049,8.214025,7.623473
28.988144,19.150288,10.587738,34.808422,9.515096,14.064121
19.454336,13.394753,7.056952,21.378759,6.607022,20.671932
28.770391,19.804394,24.041969,63.534500,20.561932,44.042793
6.950849,4.781051,2.387542,9.471633,2.788955,6.106888
11.905622,8.301101,6.915171,32.985691,9.040051,8.826900
7.030804,5.015969,1.641656,15.421135,3.917467,3.698066
8.162927,5.934961,3.156455,8.417588,3.153985,4.652103
22.935247,15.344329,7.823088,24.559996,6.587930,12.508107
38.839607,26.503860,21.624521,96.636581,25.036474,68.846466
55.535957,22.749504,28.346687,121.866798,35.435474,55.977478
44.123844,17.089466,24.517412,121.951843,31.344984,42.406765
9.559846,6.491170,3.342433,19.993090,5.520077,6.178724
42.472206,25.498880,13.863695,68.125008,17.308290,42.816475
20.984655,14.378226,6.403545,25.737673,5.757391,23.963739
13.681758,9.458363,4.135132,17.331928,5.323102,8.890579
8.995684,6.174259,3.832299,14.881509,5.121425,8.677045
21.780794,14.765050,11.033314,65.327309,16.697056,27.132133
19.892435,13.608144,7.031808,29.940762,8.725741,22.236032
15.173259,10.304666,5.351171,29.240458,5.604740,11.523205
23.112305,15.073063,18.445974,61.985794,13.131085,23.455046
36.797325,24.547737,14.174328,43.065159,12.433843,24.263058
68.149025,38.596554,46.433525,151.463303,42.283909,111.278496
17.027252,10.904037,41.067768,146.817688,44.900021,111.027023
43.751324,25.342468,31.513441,167.702316,42.646042,74.133705
25.750950,17.092066,7.644234,30.146616,8.819133,19.345327
40.021511,25.404705,11.794385,51.557167,15.493403,52.374706
14.969227,9.932975,13.076124,72.173447,17.299152,48.410732
23.261593,15.385781,7.211104,34.605232,7.416152,26.777586
21.508228,14.390688,7.623044,27.394049,7.662344,15.711927
18.608555,12.289974,8.742517,37.138161,9.301673,21.659140
7.416113,4.812359,4.706812,14.159387,3.651718,8.430457
20.669371,13.621264,10.376897,55.709820,13.199553,49.260078
76.569138,42.111065,68.510872,223.753708,57.740791,188.249466
20.877453,14.397738,8.286263,33.250801,7.683765,25.600523
14.654819,10.024228,4.540667,27.639759,6.036241,15.871187
8.467498,5.674831,3.501507,18.360123,5.038936,9.685399
8.751440,6.315082,4.412179,15.928047,4.638486,13.547757
60.101463,23.842472,44.484104,167.882828,49.349247,103.020020
16.761457,11.786804,9.192775,24.884184,5.992307,11.109160
8.405971,6.152709,9.864002,40.315823,8.929165,23.019487
15.818175,10.647047,4.622967,15.444300,4.017627,6.676524
8.025801,5.794710,7.018536,35.588951,9.635787,12.742280
30.098381,15.207282,12.232656,15.033460,2.738407,25.081293
29.130898,19.430233,14.169904,51.900330,14.246286,39.733479
11.615064,7.849292,4.387586,26.859743,6.974148,12.695612
27.553883,17.863636,36.917946,207.121506,53.454620,124.088867
13.701303,9.302202,7.861440,41.454273,7.525226,7.328560
10.822880,7.650637,4.532023,16.109867,3.243001,7.636002
32.632965,20.754124,31.654718,147.429169,38.782761,105.983841
22.408695,14.562541,11.390546,52.863235,12.893819,26.663105
30.929140,19.736330,10.353434,38.934048,10.820586,25.608274
23.079342,15.487118,23.837105,83.885193,20.476179,53.836937
16.832220,11.236175,8.404829,40.307255,12.974014,23.374868
25.391666,17.124718,13.424373,44.013458,9.838501,15.149129
43.437702,26.413183,47.702217,147.703491,39.209949,53.188576
5.416323,3.711768,2.800965,17.666948,5.978015,8.580985
10.691907,7.572226,10.709256,61.118626,16.384378,18.384222
13.828197,9.535290,2.924584,18.860826,4.955101,15.089523
27.567026,18.103031,8.293063,30.958719,7.303737,6.169550
16.416025,11.142019,3.606416,28.796490,7.318080,13.387877
13.334028,9.268703,6.038470,30.651659,5.909462,11.847205
11.641483,7.825220,4.368909,25.702091,6.223194,22.939913
6.912890,4.802782,20.857347,199.438583,29.866613,41.185131
39.607967,24.067982,20.684973,63.438110,16.970915,42.826283
15.867507,10.700712,4.597760,26.135015,7.094169,14.619950
11.299019,7.954390,14.077643,52.730980,15.544198,24.964027
12.916077,8.729683,10.070110,51.535336,13.612964,48.440853
8.826036,6.133977,3.688438,15.715847,4.674889,12.121210
15.411219,10.640253,4.993739,29.491053,6.815474,19.790243
4.668481,3.394523,1.902143,11.324156,4.057055,4.126915
15.881680,10.735617,6.974148,32.812458,8.193803,10.015023
20.000179,12.962564,13.596874,81.485672,22.031097,21.120945
33.566425,21.727156,19.458921,63.825184,15.908974,39.266514
9.882771,6.780139,3.532034,16.705370,4.273677,6.642630
46.221203,29.804470,20.504656,82.754478,23.923485,44.274517
7.458685,5.387770,3.257847,26.759096,6.277376,5.747788
45.066956,27.887182,17.141823,68.749275,20.465361,55.420956
25.200407,16.570210,8.475699,28.616911,8.035725,31.453993
49.360443,31.010929,44.946217,122.811867,33.684185,82.334549
12.439880,8.505646,4.929342,20.637213,5.498114,11.396152
19.892801,13.313553,8.167534,26.258163,6.917367,37.804226
9.037896,6.063684,4.294988,18.329008,3.720991,8.391310
32.388908,21.267075,14.406125,45.500965,10.832564,24.229403
32.414989,21.507765,12.664362,34.191586,8.057251,26.517977
19.114355,12.660117,9.286973,18.098003,5.434304,11.661145
15.154880,10.113264,6.045949,23.521921,6.413770,9.906982
7.697870,5.198562,1.727238,12.657546,1.373567,8.573766
13.714664,9.543809,10.375012,69.013596,17.302799,27.391924
12.622929,8.933432,4.148266,10.751012,3.430621,9.484101
30.885063,20.740713,30.165369,170.437851,45.770893,90.046585
25.241610,17.291845,9.804218,30.184853,7.393600,26.968712
33.391075,20.201221,28.482212,136.243805,34.468731,75.418152
8.738613,5.915252,7.581482,42.292889,10.314904,13.636121
25.992668,17.483755,7.910424,33.151505,8.906230,18.547934
5.298059,3.563106,2.368974,11.499166,4.213965,3.834818
65.422836,36.790291,76.845528,371.325684,90.621849,176.714478
9.439384,6.813177,10.282342,46.749683,12.444205,17.396729
16.170143,10.828610,6.533088,20.680689,6.663425,16.414593
15.582642,10.463327,6.911753,42.086151,12.438583,21.049608
50.696014,33.208725,25.186001,111.606407,34.765030,87.273354
61.518795,33.296719,35.440147,184.501678,47.581779,111.358589
9.661494,6.676427,11.462678,35.425106,10.239140,16.743204
29.922466,19.834291,20.475813,66.149803,18.600389,41.110638
15.485897,10.451665,23.996075,72.970833,18.572605,55.102581
7.804505,5.712994,3.994321,26.336681,5.092645,9.308857
16.714973,11.021736,18.421005,66.114624,17.741676,30.576103
18.417717,12.688015,6.760340,49.737968,14.681325,24.207169
16.959221,11.606152,7.931317,21.885717,4.665787,13.938123
48.890404,29.132378,20.952759,67.900154,17.094446,53.328537
20.176113,13.881336,7.069117,32.504517,8.333008,22.701797
40.713799,25.308861,19.884676,111.689949,30.409246,74.240959
7.330606,4.995227,2.644708,16.478329,4.330722,10.044766
11.576654,7.883813,4.585680,22.249353,4.567080,5.400656
5.095140,3.526756,2.696304,11.539895,3.359281,2.833609
14.704230,10.157914,6.176053,23.158899,7.714008,9.023598
23.326830,15.931309,8.338782,44.424801,11.114332,41.994884
51.961956,30.202063,33.887020,134.117538,35.968288,132.357407
13.914811,9.562425,4.822742,18.023767,4.284455,11.870972
31.950224,21.260401,12.457818,60.938255,16.186028,23.063019
6.929706,4.534510,2.702302,8.820895,3.418778,4.692777
27.555689,18.833206,5.913687,34.681835,9.383379,23.327232
15.599611,10.426152,7.711921,36.390614,7.989432,14.906371
7.876269,5.080009,6.365075,11.800435,3.315658,24.505230
51.779446,31.877213,36.128643,115.722679,28.480301,46.599548
59.823502,36.990509,18.104059,69.463753,17.611914,77.034218
25.531141,17.042147,24.452419,76.708832,20.877607,41.717178
7.040891,4.945944,3.161603,11.751045,3.513792,4.711333
10.574942,7.262390,4.529044,15.328262,4.059431,9.466166
10.108492,7.000982,5.599235,23.531639,7.271755,7.272976
19.571859,12.915017,6.723874,30.423019,7.110740,15.076897
18.315668,12.270076,8.148933,33.836807,9.452475,24.334406
9.043981,6.055946,2.993380,11.206677,3.001362,13.841371
21.668030,14.342192,9.598024,42.581684,13.520645,42.463673
6.532238,4.756549,2.066168,13.072447,3.994387,6.432786
43.433300,21.306797,18.765247,116.832680,28.559467,47.196980
36.739380,22.288204,31.489521,128.524475,32.221287,71.661011
19.102102,13.094893,15.575006,50.542774,13.520699,25.979946
18.498297,12.803923,8.189095,29.051352,7.891293,10.090489
37.523838,22.817518,46.752884,187.377533,49.760052,111.375008
7.007792,4.863268,1.994077,13.697271,2.488812,5.901280
15.298403,10.299011,5.039895,19.579769,4.680325,17.299837
18.425327,12.748769,7.736524,33.428448,8.754754,15.053487
70.981415,40.762108,56.954002,281.308319,69.831108,187.509094
9.351480,6.292065,3.486136,17.700361,3.977001,10.833107
28.422699,17.097876,43.477512,272.672180,72.101646,163.726456
11.323918,8.355960,7.987354,25.688408,7.108903,11.363374
27.565805,16.841749,32.880802,158.828339,42.460785,101.981400
18.938927,13.005254,9.015434,59.075378,16.290556,20.242056
13.645503,9.684354,5.363445,26.492226,7.983826,14.856615
15.995499,10.859165,4.909174,18.277966,5.810529,19.766289
29.976036,17.667665,17.325443,60.670933,14.931177,38.754620
24.477926,16.271721,11.043079,36.081512,9.097115,17.751255
36.098412,21.086706,35.210701,144.126160,36.456490,94.509949
35.563190,23.826881,13.378515,61.068203,15.327055,30.840542
40.084930,26.688435,9.280022,56.802292,14.569089,35.738655
20.927309,14.023363,10.852803,54.881817,13.812175,26.791798
23.278046,15.656775,12.532371,80.529076,20.279184,34.182072
72.361580,33.761986,78.714035,385.312042,97.255943,182.987488
27.100752,18.091568,6.742411,29.305647,8.208163,33.542141
15.575706,10.306068,4.390133,23.245687,6.634943,20.351328
10.960244,7.654735,4.309171,13.589630,3.918471,8.246764
21.949593,15.184722,14.393631,51.008923,12.379149,24.349226
24.146179,16.382399,7.146912,54.168407,14.658621,31.040758
7.376188,5.312991,4.746049,32.609383,9.018654,20.124428
8.865761,6.198514,2.084217,21.104807,5.556121,8.511694
14.457768,9.552896,6.146662,20.143822,6.757845,20.357649
10.948783,7.814595,3.464136,11.220679,3.671726,10.830168
22.267921,14.949299,18.940409,63.303627,17.384108,55.142746
21.315130,14.363669,7.002968,27.050631,6.110984,14.974136
22.833178,15.314083,21.769423,92.960327,31.417728,62.204918
33.653076,21.188137,36.059654,180.270950,48.452274,80.875969
19.998541,13.714362,5.262202,36.455299,8.612053,14.644767
95.737404,51.979168,60.437233,141.942032,35.076698,173.155838
8.659247,5.867315,4.585028,13.210962,3.971488,8.513325
13.493166,9.190350,4.092276,23.458460,5.274699,10.828536
24.902857,16.485678,6.212639,33.612202,8.436149,34.787895
41.840488,27.701792,15.175973,77.914040,17.672176,49.883022
29.302578,19.374647,13.099039,41.760448,10.732194,31.963877
25.813099,17.242981,11.730244,59.543041,16.088739,34.189190
31.367767,20.502602,30.835459,153.063782,37.828388,61.682468
5.876203,3.952740,2.655658,7.762766,1.956876,3.952087
23.228678,15.495573,9.727362,31.925905,7.890742,19.064316
4.349331,3.162066,2.567945,8.943879,2.029612,3.042384
101.283882,51.739895,82.384850,391.822510,104.219345,257.742920
20.441103,13.854821,8.142473,44.200436,8.614024,14.459322
16.085642,11.124306,6.349967,13.928554,3.934972,11.226633
10.094664,6.947544,2.935162,14.825361,3.209362,8.800736
20.322868,13.640965,9.071582,29.134430,8.718908,41.785461
17.510527,11.983662,3.858153,25.417953,7.686023,15.400875
41.767776,26.620600,18.970573,99.672050,24.557329,57.229237
15.090720,10.498697,5.891392,20.750671,6.341846,6.531379
34.776863,23.709528,23.855373,113.723694,28.778242,65.858406
61.697056,28.917259,42.944485,151.080338,40.654827,112.967522
19.080120,13.234589,5.004033,38.422638,10.643219,27.032267
24.836536,16.214731,6.826396,36.766090,9.771560,38.508911
13.272226,8.969791,10.293510,11.419633,2.215870,18.338650
25.606750,17.137007,22.700783,137.351181,36.010120,72.832413
22.136766,14.535616,7.707205,32.699158,6.609833,8.318893
33.253601,20.809912,31.170092,78.334297,20.531580,73.058174
32.974274,21.646891,9.658786,54.678902,13.881499,29.593277
10.354684,6.896521,8.889647,104.183472,26.573355,20.098640
8.473386,6.094213,3.934544,15.001542,4.454976,14.796932
37.348804,20.446692,32.835262,153.697983,39.088577,115.126289
5.756855,3.968000,2.640382,11.604926,2.287851,8.489858
21.133602,13.739003,36.630943,65.596756,17.121513,50.317886
27.531679,17.985397,15.566031,48.188934,11.431210,14.549485
16.119043,10.745875,5.094820,22.606960,6.002581,15.150751
16.015772,11.085979,4.906871,13.418377,2.791221,13.021097
14.576094,10.116779,9.241680,49.325386,13.946182,33.117756
8.411965,5.517864,3.015137,15.513483,4.224225,12.357273
28.413317,18.821655,17.847795,68.989395,18.332508,53.366024
69.493301,40.469116,38.910789,168.071381,43.560120,93.523216
11.878536,7.963225,4.513794,26.178261,9.407623,13.988684
27.857645,18.655310,10.403696,31.545206,9.855091,34.171032
11.201166,7.932709,3.097325,22.947733,6.269060,19.600071
11.545605,7.776518,3.480423,5.050123,1.026138,6.006246
27.723389,19.106298,13.458200,59.002426,13.860281,32.429951
33.099373,21.959911,8.728058,30.554913,7.367915,20.632412
22.036966,14.000249,23.657452,73.119606,19.504063,47.052284
11.401701,7.809199,3.770690,23.776276,4.820355,7.282564
14.194859,9.458211,4.333193,22.476351,5.431149,5.724369
31.835682,20.944904,8.857315,50.030754,13.228238,31.078047
26.191357,17.438597,7.747432,23.053062,7.035769,11.203829
37.934708,22.758329,42.275738,153.724976,40.944118,135.128098
31.491823,20.551201,8.458736,65.195946,15.479696,23.372335
20.519327,14.353739,8.974338,30.398798,8.445825,19.322929
16.115149,11.212197,6.827133,23.287394,5.726160,17.414690
33.815697,21.765123,12.359970,53.009666,14.369510,13.262056
55.731876,33.749268,47.959206,218.879807,53.212112,127.043098
13.055310,9.214505,17.697182,46.375229,13.130630,39.610107
15.824979,10.742369,4.581789,30.471243,8.601102,15.942955
29.687286,18.438253,25.964088,103.765015,23.550505,78.894676
91.947205,39.926365,61.537464,269.708008,70.398834,131.171860
12.314935,8.691657,4.861303,12.362540,3.489468,5.955993
19.252081,12.933975,8.713150,39.433151,11.691269,10.486268
25.034981,16.470772,10.152280,24.487930,7.860629,8.737845
37.699783,19.722675,12.794087,49.974689,13.090652,58.893448
22.182911,14.988173,9.694510,51.348671,14.927066,15.055344
54.660316,32.131226,21.760641,110.368835,25.023296,49.359219
8.849325,5.923361,6.476393,22.181732,5.057880,7.735675
5.880497,4.072232,14.570019,73.360954,18.502478,48.542294
21.301310,13.908204,4.743361,26.534725,6.006768,10.590501
27.387604,17.965458,10.756299,31.910915,7.534156,17.093798
11.621201,7.981378,5.276814,28.237139,6.647795,7.032135
23.746382,15.849235,9.706416,25.358070,8.311839,15.740871
22.951862,15.327099,15.189045,56.316914,14.014715,58.409595
11.370853,8.183487,4.054689,8.558293,2.044019,11.422029
39.940784,26.071899,16.398481,45.419937,11.891020,22.108141
16.792816,11.123720,7.963246,25.103914,4.851881,12.101503
13.190585,9.311405,5.223584,26.283842,5.556060,6.642706
14.027726,9.961920,5.570006,30.439844,7.111681,10.713923
38.237186,24.818621,12.510816,47.411518,10.571812,21.794281
24.424532,16.784208,8.172362,42.367325,11.712182,12.836976
30.599382,20.302654,22.459593,85.474083,24.286840,51.966869
17.885323,11.971210,5.963434,26.362617,7.789229,35.626904
33.242470,21.432264,10.937683,47.766273,14.626247,18.089090
6.770473,5.013904,3.235695,14.828854,4.908017,11.692556
15.889983,10.399183,7.076612,30.072491,7.015947,21.908892
49.417725,30.193035,26.328659,73.020874,18.419373,47.401772
10.443317,7.461205,2.340943,18.943480,5.349471,11.224598
12.454714,8.844513,7.074028,37.147461,10.879116,29.016592
17.081688,11.522823,4.918423,27.901911,7.114583,10.553997
37.695221,23.252464,60.126976,232.969498,59.951813,174.345444
62.944458,36.402004,50.533920,270.291412,69.010849,215.069717
9.091257,6.622898,4.422419,28.037960,6.426501,2.051147
66.921898,36.029980,51.367680,139.315506,35.244995,128.057785
36.447880,22.860449,25.182705,121.043015,30.712139,60.635384
14.467180,9.707769,13.067432,49.662582,12.419251,25.583406
26.219246,17.431831,8.246898,32.004890,7.148800,19.085596
12.435920,8.543282,4.911412,31.448729,7.200935,20.691179
24.125877,15.868889,11.940689,59.699463,14.803803,31.482727
43.813881,28.841131,40.393364,185.230667,48.130959,84.429855
14.241420,10.068034,5.012675,25.975021,4.826435,11.840260
15.740670,10.803669,4.876002,28.226257,8.280601,15.974637
5.674860,3.986130,2.248250,13.038090,3.835349,8.765635
35.195084,22.579796,9.116379,39.958530,9.703542,29.518236
27.829176,19.236992,11.444661,58.703613,16.211462,28.575294
77.515793,46.210838,28.934803,95.179970,21.770500,59.037327
34.319313,19.967068,42.052963,163.774063,40.302303,88.865189
8.872453,5.962377,2.778751,14.495805,3.540082,9.094497
21.419149,14.254107,10.712274,46.301064,12.168131,28.817764
17.068825,11.568852,12.978066,45.707722,11.062139,10.953653
15.992321,10.610535,3.559201,21.629635,4.686084,12.987574
85.344070,39.265739,68.275513,195.515030,48.176765,149.154541
15.755724,10.282196,15.282751,56.004807,12.809916,22.449146
11.911504,8.102213,4.314504,11.436054,2.731220,12.427976
16.939486,11.904659,10.290777,31.683367,9.266294,23.927574
9.166237,6.486486,2.662218,17.994999,4.217248,11.257827
26.723440,18.259966,14.172449,70.641167,19.147755,44.120403
11.668096,7.998561,4.296577,16.681032,5.577002,5.721985
12.559634,8.790791,9.683550,52.979984,15.568488,33.258266
9.608543,6.724483,4.304081,16.791693,5.751413,8.853518
7.279634,5.092951,2.501614,4.220301,0.840582,7.956082
44.295971,28.745728,10.141132,41.850147,9.857942,26.121719
15.110229,9.697210,5.559403,20.921747,4.280408,10.755669
10.536650,7.403930,3.917996,15.934307,4.082304,12.561460
20.472120,13.548211,9.786219,77.705223,18.140387,18.264652
17.153524,11.554004,5.333679,28.351669,8.679013,12.357198
44.669987,27.827202,24.226011,138.744476,31.904108,74.324356
33.752041,21.307661,25.289768,71.499474,19.207888,57.140896
9.137555,6.484578,3.581934,25.515860,7.608629,3.862328
22.512314,14.416273,8.272541,33.466404,8.484932,7.601308
11.028780,7.600289,13.826311,53.933617,15.273224,24.967911
19.744631,13.375236,6.166760,23.203934,6.128347,14.032748
40.817142,26.983093,16.625431,56.449345,13.974943,31.159891
37.286545,23.761011,53.069618,127.205627,34.396011,92.512505
12.475627,8.584175,6.547440,27.648050,7.284139,17.411558
8.716109,5.863964,4.189503,12.374821,2.454760,6.980484
18.861822,11.104734,16.368155,56.583416,14.406402,29.114164
6.226524,4.263924,2.602589,16.764875,4.272833,8.560547
9.143160,6.464372,4.317030,9.508123,3.538690,4.313994
27.389746,18.389065,15.445374,74.492462,18.669220,32.992420
14.969329,10.673950,5.976669,23.609194,5.094997,6.925292
22.124889,14.795233,6.952266,31.578732,8.789317,8.463904
34.321938,21.504137,20.093048,108.246254,27.064436,58.209007
13.777161,9.170785,8.558344,23.412874,6.335866,11.220441
47.123360,29.005156,31.954504,143.868637,39.280273,65.820129
28.138197,17.626341,12.107489,81.412827,24.277758,29.246283
16.267000,10.956160,5.693910,18.346003,3.586749,2.928061
69.339111,34.122921,70.747849,273.797333,70.595322,214.979523
58.578541,34.737942,60.770340,342.249207,90.123863,176.777557
7.754730,5.560687,3.253406,12.582128,4.166188,5.218737
21.873627,15.116144,6.118148,36.521488,9.644229,15.000022
18.605831,12.452968,4.433004,34.009094,8.868164,22.284704
11.636252,8.164095,4.009960,17.530546,4.878342,9.357384
7.860797,5.485626,3.432435,20.526577,6.069865,26.663979
54.966663,21.240990,38.913914,153.030563,37.123112,97.127716
32.412888,20.710041,28.866135,134.433990,35.622417,89.833969
22.914112,15.247386,7.341640,35.370655,8.781767,8.200379
45.213818,27.687630,15.597020,53.483040,12.502280,38.023643
13.152822,9.358980,13.396626,43.073856,9.857454,25.935610
38.957012,25.968256,17.416550,40.571568,12.780654,28.061354
28.620615,18.783529,13.553927,70.106499,17.557211,55.431149
17.851744,9.494439,7.797215,39.107384,11.096989,17.287739
32.699581,20.994345,9.166787,36.760231,10.856320,33.113155
30.096037,20.190876,26.739285,108.032967,26.432823,41.162010
42.086102,26.865234,13.011025,63.244976,15.947021,33.268204
16.285391,10.440508,15.086931,103.263237,26.379015,63.034363
30.055401,19.995804,12.599152,65.625633,16.593004,36.967918
19.911552,12.956579,7.979040,39.451004,9.695205,22.807066
28.150068,17.100399,39.383629,122.750359,37.050598,69.854263
16.655880,10.964691,4.353281,26.921528,6.646820,11.923810
10.912007,7.394035,2.757587,16.859968,5.345284,6.374262
14.122417,9.948194,2.690535,20.197636,5.001590,13.026721
28.194132,18.748238,9.754519,36.512569,8.487181,33.914635
38.091328,24.136709,26.250174,91.406517,22.734009,45.579124
26.911304,17.830498,15.804416,62.523922,16.224171,37.632587
7.925163,5.212109,3.687336,12.330457,2.901561,7.051960
64.585960,36.647156,97.450882,301.192108,76.442383,197.214691
33.074932,14.868040,12.389014,59.785454,18.073380,36.531559
27.865475,11.543193,12.727307,69.790993,17.481815,36.117748
21.379660,14.197504,5.946565,30.255781,8.375834,10.726590
58.353832,35.652042,28.445719,132.726913,32.202637,93.711082
12.151913,8.746354,4.347686,17.903109,5.067365,14.395174
22.741459,15.038348,8.691429,40.042721,11.063180,27.852829
21.615196,13.970333,36.949100,161.999069,42.116447,62.822109
39.967682,25.267242,27.865149,148.976303,38.360279,83.005035
96.783752,52.638268,108.916550,430.616211,103.101616,272.380798
7.208002,5.120935,3.727281,8.831153,3.138984,5.505179
9.170754,6.289517,3.635938,14.364017,4.248069,10.927879
16.561247,11.410479,8.791548,22.759775,6.533473,10.104692
15.232157,10.037878,5.941503,19.378456,4.304628,6.586355
12.628414,8.469616,6.540764,26.605553,7.981771,24.529278
13.390392,9.002485,4.461894,28.464554,5.454832,5.551172
24.075089,15.905703,17.661285,65.220810,16.485447,25.458527
9.360605,6.839468,3.511789,14.208776,4.267322,6.977005
25.280239,17.233158,10.369502,40.679134,12.177948,23.840330
9.608162,6.392673,7.412913,35.559864,8.482273,10.003569
14.687272,9.866189,4.269767,26.472046,7.333889,19.822491
17.599060,11.380622,15.830828,70.178078,19.127249,26.818457
11.283169,7.738550,3.672247,15.902326,4.803844,7.898083
17.911333,12.129216,7.015148,28.203192,5.734712,11.315059
15.523201,10.924039,8.662726,63.593567,15.275833,20.436377
7.412684,5.119169,2.432053,12.122889,2.660246,5.358741
12.992801,9.049722,5.321131,32.657085,7.613474,17.818924
11.780387,7.976288,4.977067,22.653746,4.680522,9.772993
16.456448,11.056890,5.630828,22.700668,5.667994,14.643177
23.284815,15.697092,7.390044,30.293556,8.263632,21.284319
10.582606,7.193669,9.158536,52.559822,15.442202,13.843556
8.850796,6.175925,2.474172,20.747810,4.164441,11.042958
15.241800,10.380655,8.174615,31.127813,7.439662,23.067945
38.137154,25.056829,21.568642,116.692467,31.016253,102.414482
23.907152,15.849195,10.698706,48.317650,13.451258,37.070629
12.724594,8.953878,8.364793,62.996334,15.541116,29.340820
12.364527,8.733073,4.724064,14.172540,3.604699,3.634669
6.354579,4.436947,2.664407,0.864396,0.377582,3.996382
92.776245,43.461502,51.286705,218.512192,56.964905,119.577736
10.634650,7.312044,3.570179,18.971205,5.068513,15.393111
27.810976,19.268284,15.554100,59.988407,18.842402,26.425652
31.429983,20.721828,9.778584,45.280384,11.787152,33.954407
17.691078,12.508750,5.068998,19.422297,5.560577,7.366998
29.892405,19.338638,21.825592,109.182266,30.511129,76.476898
24.043831,16.316990,9.193458,31.831417,7.240763,14.413498
39.880672,24.417149,21.014677,61.048092,14.650426,44.061764
13.993317,9.417417,11.616425,84.529419,20.277739,67.621284
10.061832,7.242100,6.317145,19.745686,4.879776,6.480640
21.751566,13.537360,11.165091,42.593719,11.917713,21.834036
17.279232,11.873648,5.714459,24.912434,5.844589,10.593619
5.876103,4.351909,5.214979,31.249392,9.497683,8.497183
36.594482,24.176929,28.152451,83.555809,25.995758,65.123528
18.505413,12.562066,6.362998,14.453365,5.020080,16.056814
33.434776,23.167036,15.663214,86.850258,21.693867,51.136414
23.567816,16.131296,10.878608,52.244713,15.785327,37.768452
36.806793,22.871775,17.120052,64.687347,16.610508,59.004471
10.627473,7.246384,2.639771,25.663776,5.375556,20.132025
25.004108,16.684929,6.779062,26.599539,7.129691,23.893877
8.993550,6.304644,4.651035,15.009846,4.183149,8.894189
18.784824,12.621867,6.790861,21.559467,5.411131,13.447326
9.823737,6.709864,3.658200,10.716119,4.258218,11.697330
9.082678,6.133884,3.641469,26.788637,7.254988,15.861996
21.858498,14.519115,6.641953,29.272764,8.064734,20.004471
20.177580,12.991511,31.029266,83.420265,18.231718,35.179211
34.195648,22.888685,13.643458,48.027725,15.072664,25.082401
12.883747,8.988341,8.019067,24.178074,6.134461,17.786428
38.516945,22.739277,26.642441,175.140625,44.713131,124.685165
26.406006,17.422960,8.351928,34.361271,9.169119,24.558733
46.510841,23.223297,36.841648,133.993988,33.593292,73.110519
33.969681,22.251562,13.728813,51.249855,12.617460,15.279303
15.974285,11.179465,5.864839,24.658607,7.140260,20.905840
14.468136,9.934543,5.486762,15.685205,4.360338,8.847157
28.850128,11.909192,17.016710,64.772713,19.074375,27.516600
27.450363,11.941118,16.566055,65.457855,17.556576,23.958406
28.057232,18.401327,10.126627,47.653683,11.503801,19.490002
13.311886,9.432395,5.891870,28.986652,6.488099,9.840954
12.794297,8.737237,2.503013,31.272509,8.059267,9.016572
20.738651,14.221634,7.202757,47.477612,14.951408,41.710941
12.044319,7.971864,2.456789,17.932283,5.444752,8.187795
24.015553,15.734900,11.091264,63.182987,14.179590,45.879868
17.469969,11.363957,5.812965,25.809149,6.304717,14.971100
73.695549,43.494797,28.899288,88.999054,19.631348,49.079647
58.798679,31.714659,32.128647,161.885406,38.304985,93.928291
17.668997,11.720887,17.126650,63.860306,17.628994,44.475094
27.071733,17.875635,10.043570,41.829037,9.968803,16.703705
52.567585,30.941118,34.735920,121.507156,34.222954,64.074715
26.239933,16.631668,9.913669,65.825279,14.808134,12.887582
56.419209,35.109413,25.802916,146.433899,35.834255,49.974163
29.730719,19.652571,8.917213,28.751818,7.066784,26.806087
25.294844,16.921392,12.051006,71.343658,19.505310,43.557770
22.409863,14.532659,9.703030,39.987518,11.484332,16.176420
41.775059,26.933287,31.731031,80.093513,20.342752,49.494583
28.231899,18.834694,13.395942,81.293457,21.768503,35.363018
46.131737,29.256617,24.835756,96.124725,26.429365,43.856636
20.988373,14.158920,5.478811,27.075222,6.885775,23.396494
18.075027,12.241139,6.804328,26.513287,5.171181,11.720388
18.596323,12.634098,6.319778,35.736694,8.351217,18.538540
29.639372,18.130333,27.388445,88.559555,23.392805,56.102039
12.674862,9.019991,7.197816,26.704712,6.616592,15.516205
50.891682,19.963091,14.342478,56.749187,14.271547,47.220856
48.109329,18.918270,15.714233,59.663864,13.709744,41.660183
53.612202,30.426897,56.513027,303.913483,72.251389,172.476486
29.422169,16.044464,11.673529,52.316010,14.750781,25.480959
31.769135,16.084381,13.207900,66.234039,17.770535,25.224916
21.221058,14.576396,6.620906,27.105700,7.922641,18.186995
12.190240,8.475121,9.304247,38.312572,11.213461,29.236750
23.221325,15.143457,17.156340,98.918320,26.089924,53.542145
10.719786,7.565221,9.664983,38.888973,10.377304,11.261279
28.549799,19.620682,15.906592,66.916679,17.273781,54.583488
53.665073,30.307636,30.052063,139.121353,34.073235,85.245064
49.050407,32.275845,33.211636,113.942192,31.280354,66.663033
16.319485,11.441006,4.085660,21.386150,3.503354,9.037038
21.587250,14.143198,14.263889,29.342615,9.466730,28.197393
10.827043,7.323411,3.803137,16.846699,4.527358,4.260555
14.271135,9.442509,6.518165,14.524774,2.334321,8.535798
30.424332,19.819300,11.199164,32.936958,7.355703,16.952427
32.471962,21.298891,17.672384,92.697250,27.152012,79.705940
19.942165,13.846983,6.146223,20.782005,8.414933,11.074046
44.717117,27.585955,26.370764,108.512009,28.484552,87.081497
53.358494,32.424690,16.708733,102.939438,24.214947,41.308834
19.808811,13.619249,7.523440,23.885925,8.791784,19.000565
31.052898,20.800741,7.194023,42.883392,10.399712,30.832767
11.245384,8.061860,3.984427,17.350540,4.515359,5.876334
38.612514,24.908987,23.549555,97.659782,23.857801,62.092594
21.844519,13.945508,8.216799,42.929504,9.794099,10.722944
7.707606,5.570365,5.209536,16.158592,4.226655,9.240901
55.300808,35.033062,31.901930,166.494049,38.681957,56.252926
72.169945,40.926960,25.372202,102.032326,23.084105,39.976833
16.988176,11.678466,6.249424,25.122049,5.421082,8.734740
14.194498,10.326985,4.586969,28.791935,5.541100,7.165303
11.914144,8.619667,5.462836,13.947276,4.053967,3.481937
17.913795,11.942383,5.422424,22.130676,4.348173,6.217897
8.542430,5.763984,5.339067,28.477123,6.928103,17.854256
21.745693,14.779711,13.714536,57.751999,14.269070,44.159946
19.216356,13.537498,6.637271,33.605179,8.754286,16.342230
12.552818,8.517596,5.625139,25.315489,6.686494,17.613817
26.341139,17.289173,18.174572,66.794647,15.637537,41.912544
18.975616,13.171485,6.510568,29.530178,7.637654,12.783259
84.933647,46.179089,46.848152,190.250732,50.134205,165.571533
14.779990,9.884856,6.225398,28.349628,6.871332,14.322663
7.534633,5.330592,5.720263,25.738914,6.640927,19.457169
10.908413,7.847254,3.483119,14.711554,4.711697,9.224299
21.300760,14.316175,12.564546,68.442856,18.082325,49.168934
12.348873,8.426395,2.538635,21.745420,5.557473,14.214494
27.529230,19.040318,18.676474,60.927929,14.620379,27.326313
20.409008,13.560671,6.045353,30.130114,9.133807,11.395910
16.834749,11.189528,6.077141,17.848257,5.484601,7.807105
21.512627,14.548222,14.090770,84.641830,20.649153,24.444637
37.120926,23.497501,11.149854,34.510647,11.136781,12.033985
37.357735,22.158930,19.723036,99.044724,26.362234,111.685349
24.215164,15.987199,8.647769,31.063759,9.011732,21.457983
9.521667,6.296176,3.498338,17.086042,3.625840,12.066145
66.499489,34.779514,41.076019,172.492004,39.854187,133.539154
18.725096,12.754003,7.125352,31.161959,6.737544,8.250406
35.371063,23.062172,40.220921,175.418854,45.864277,113.115120
19.144533,12.535256,10.084441,48.118652,11.454678,17.615210
11.003830,7.742058,11.888830,39.329258,9.910107,20.085953
13.325846,9.275458,4.522370,12.730050,3.990502,9.457047
28.869110,18.928205,10.243110,44.661770,12.249145,22.092999
7.232857,5.077645,2.224742,13.462763,2.463364,6.459526
21.467573,14.832047,9.472993,40.876354,11.880799,36.455120
36.535378,23.719952,18.578196,41.939476,12.312848,31.122503
52.920341,33.156212,43.383030,167.746826,41.716000,95.309044
19.177124,13.319680,7.121779,25.395090,6.745123,28.702778
16.696230,11.333043,6.958376,10.607919,0.998299,13.430183
56.178288,32.921749,44.576508,198.984741,50.851631,117.369789
9.645755,6.620896,4.087139,14.984912,4.770639,8.794928
24.935225,17.095398,11.137386,68.800789,18.552891,46.931644
11.849973,8.311502,7.729486,24.697548,5.690087,13.618518
5.291467,3.958840,2.104605,17.114605,4.599936,10.476947
40.925526,27.463415,17.766661,61.137089,16.311716,49.308201
34.583958,21.582413,38.750851,154.343704,41.312401,120.735222
4.508286,3.324291,7.255882,30.954718,8.487646,15.335020
5.858332,4.225030,3.903282,19.076204,5.674076,10.861689
20.100857,13.519285,4.735171,20.882734,4.888648,10.523621
9.637779,7.094120,3.904278,28.393181,6.791078,17.616655
9.766537,6.568967,2.034881,21.288208,5.484935,8.562353
6.975295,4.954089,2.279350,15.775651,3.318709,10.052726
28.625607,18.800249,8.922834,30.396511,7.442834,18.645136
11.562506,7.944058,5.665966,21.433502,5.054529,22.221027
32.359737,14.326135,14.382122,58.091682,14.677584,39.989494
23.147339,15.488623,7.003325,29.730774,8.288265,15.694950
17.555794,12.103518,5.288679,18.238989,4.348790,10.053504
46.307499,22.830967,14.893939,71.971466,15.024929,29.938347
38.493214,24.069399,25.071905,120.587669,32.633179,66.045654
20.740896,13.525518,5.410188,27.185020,5.499789,20.569597
30.461941,20.200094,9.511902,58.696148,14.553705,34.581791
8.604830,6.264957,4.416372,19.190008,4.747458,8.279171
25.747965,16.960312,8.103250,31.748663,8.016626,24.629702
7.210240,5.072932,3.795827,10.824332,1.347411,7.788901
37.575787,24.386374,20.171028,101.244865,25.450981,53.253735
8.082129,5.583469,4.705110,18.905100,4.351931,10.689848
18.041466,12.737577,5.278136,26.614244,7.709577,20.817762
21.434538,14.480415,4.280539,40.472424,10.726767,26.965313
24.849228,16.577921,11.183407,78.837791,18.074795,25.063789
36.729511,24.449089,11.650546,55.790321,14.408305,51.418781
34.864285,18.629890,8.767099,33.988037,10.829613,43.545933
32.064369,16.608446,11.551252,76.383522,17.699862,39.214161
14.312073,9.842866,11.881735,44.142685,12.780347,36.874611
22.899918,15.453572,8.228288,29.354666,6.394326,18.654831
24.760843,15.927978,6.872355,41.615959,11.315188,23.162884
23.056442,15.440413,22.398230,128.305115,30.954613,17.590477
6.166144,4.314638,2.391598,11.604317,2.634384,9.304671
8.529907,6.086376,3.435231,19.849409,5.295801,11.746335
35.286629,22.740465,35.860107,136.532578,32.794682,94.333725
10.236224,7.053762,6.036455,19.904398,5.645207,9.567465
8.317286,5.872697,3.002105,9.450057,3.231977,10.475167
27.954388,18.661228,9.212480,36.071995,9.384335,22.891577
22.565662,15.828485,9.024244,25.857857,8.053240,16.131784
9.305882,6.602639,2.918911,18.320871,4.795662,6.074100
6.143760,4.429125,3.050888,10.640207,3.382879,6.646120
21.217342,13.796147,8.210840,31.369198,7.373590,9.630349
25.837109,17.875383,8.033710,28.355518,7.744630,27.959955
40.425545,27.000944,13.812201,71.808380,19.318447,62.775814
18.694441,12.798631,6.313093,25.863369,5.440673,13.754605
33.379898,21.277554,11.592431,60.745663,15.440957,38.168636
38.386646,24.137102,65.196945,214.960587,55.410225,148.085342
13.435615,8.849439,6.164649,16.021832,4.469173,4.380614
25.582878,17.004513,8.288301,41.855122,11.140265,30.910511
10.875110,7.369212,5.246346,18.056044,4.251892,7.036403
6.111449,4.312649,8.291946,21.125072,5.818904,11.944016
28.289190,19.081514,11.507460,44.469246,11.784848,32.705746
36.199490,23.328686,18.605570,99.130692,24.882925,53.262966
16.230835,11.172913,6.056862,22.516552,5.755432,17.088686
7.140140,4.820792,3.276185,14.445069,2.841758,8.308825
16.978523,11.327226,21.460754,95.085602,23.931467,70.092224
10.397830,7.190111,2.406118,13.047297,2.504447,3.085021
22.027145,15.773416,7.725637,50.571548,13.242898,24.303577
5.910151,3.953372,2.945691,6.943399,2.978307,10.993037
16.760740,11.176089,5.973380,15.094784,6.077704,10.685547
16.754559,11.470551,10.425424,48.494007,11.969099,21.678354
18.692991,12.876701,6.767105,25.448835,8.533424,24.381594
22.346109,15.169188,7.625412,25.228249,6.695874,13.433834
24.097309,16.377554,8.102874,25.720129,7.036394,14.666541
16.809687,11.459469,8.187686,40.080502,10.125779,20.576242
15.376585,10.701701,6.203427,25.326206,6.519412,16.898306
31.084410,20.707964,16.618120,62.781239,15.702335,68.944153
48.077427,28.086597,42.837730,149.309479,35.512009,103.406357
19.644190,13.215396,6.152944,30.091793,7.192736,8.941461
74.992607,42.174343,28.269924,134.603516,37.418705,102.904327
33.436100,13.158028,45.289734,189.641708,49.673893,91.141724
11.125961,7.787230,3.906411,16.118979,3.542450,9.265241
13.054900,9.272010,4.120499,13.786375,3.819468,12.821328
13.021364,8.661803,10.785033,42.893650,9.397437,13.539017
31.954964,20.642878,9.445812,41.278385,9.853405,26.884521
10.280730,7.106213,3.281878,11.806759,3.967411,4.417212
11.651037,8.422120,4.051257,14.149511,3.171134,12.660714
27.611023,17.921965,11.001312,57.128117,14.137421,32.771362
6.594818,4.577041,3.049386,14.930356,4.549732,8.719427
32.733467,21.882141,9.959185,39.033352,9.832503,50.008232
7.346430,5.015629,6.971295,13.862350,3.749174,8.963124
26.604755,17.113783,24.129614,92.920990,25.746609,59.546402
24.097992,15.621469,13.794374,40.120872,10.810841,38.728706
9.383777,6.509211,4.164248,11.907036,4.934783,5.947093
5.391773,3.623138,1.826624,21.753019,4.792527,4.322945
18.381323,11.641284,10.019403,92.466324,24.697208,29.935131
9.780212,6.609663,2.521268,23.359085,5.928858,6.759054
10.695452,7.642394,5.659745,19.934740,5.886088,12.122611
13.451034,9.586347,4.664302,17.452486,5.294046,13.633492
7.080693,4.908254,1.913987,6.811388,2.488112,3.692085
10.509556,7.622328,3.457699,18.943640,5.706873,6.354542
36.477890,16.472340,11.826463,52.377422,11.152180,34.788765
33.033970,16.542452,11.347134,51.317692,9.602933,32.943264
23.263830,15.230888,9.554738,28.962473,9.033565,22.142445
15.926179,10.800695,5.200872,26.644062,4.941276,12.459962
39.082375,24.778448,35.848957,114.843895,28.222139,68.265678
19.727081,13.620580,5.135687,26.089041,6.298535,37.551617
12.577438,8.776345,3.879194,36.903004,8.387812,9.345013
43.513737,23.614595,13.140505,61.291531,15.778379,19.299772
21.392006,14.518242,8.680232,51.768673,11.314581,27.545660
14.781515,10.529661,4.264325,24.563795,5.564022,10.585113
16.917459,11.264969,6.395235,21.521555,4.903902,23.770048
28.996021,18.113031,20.958794,90.398819,21.645838,74.854218
23.638283,15.507009,13.796733,64.950378,14.890055,15.753344
7.280897,4.803904,5.335288,41.011692,12.591430,37.234543
12.172184,8.949726,4.125188,26.922070,7.657305,15.904194
26.217712,17.625307,5.995022,32.675583,8.495228,23.214502
55.976223,34.535332,30.924900,168.780899,45.275002,94.986633
46.977551,30.744360,22.647499,91.509338,22.568640,43.953300
19.614067,12.346631,21.468866,141.049942,35.805035,75.116890
8.905334,6.158868,4.283021,17.049946,3.049010,7.839062
18.835712,12.684422,5.025368,27.589005,9.357220,10.765019
12.475326,8.408227,4.713890,19.576962,5.648800,16.038717
15.893517,10.708597,16.551437,94.649910,23.130747,31.546377
21.601822,14.452114,7.410093,33.367256,8.831513,29.552465
6.125692,3.947469,2.136239,15.980326,3.718777,3.895589
8.590383,6.022001,4.649492,9.483662,2.644790,7.964689
18.858347,12.388641,12.412917,76.046234,20.882492,47.739868
10.168675,7.029754,3.829910,19.960159,5.532891,5.356263
16.152349,10.830169,5.486999,21.761717,5.407963,11.369352
5.945409,4.475509,2.879525,16.219069,4.034437,7.996417
12.639332,8.395764,4.433856,27.629194,7.015694,22.587029
13.834587,9.350578,4.358831,18.585295,4.599593,8.208527
10.108088,7.186375,5.132548,33.124489,8.446902,12.921058
6.792110,4.413102,8.551276,29.756348,6.547785,13.820861
10.431746,7.274234,3.844455,23.660721,6.213082,3.573435
9.676474,7.097898,4.318875,12.401807,4.698142,8.645531
14.117222,9.546954,7.124574,29.641325,7.441810,13.742647
14.295542,9.474298,5.759096,25.183279,6.284686,9.225952
9.898112,6.483611,4.375684,15.200126,3.355238,5.367954
40.565239,26.024607,14.230593,76.179115,19.099072,22.665691
27.546680,18.261511,14.141808,64.788788,16.489836,38.036114
9.006018,6.335312,4.081294,17.847948,5.004070,8.187699
26.643694,17.833027,9.281673,47.430683,12.023016,19.573427
29.569094,19.326530,7.512922,38.571781,8.845862,30.790567
10.396996,7.432237,11.429393,25.561298,8.298119,6.722569
16.972385,11.600502,14.846661,51.859669,15.872471,23.681484
8.554985,5.873951,3.761600,14.012499,4.072212,12.202221
44.991257,21.237310,14.520597,52.640518,14.449002,37.258617
56.177673,30.576149,14.927307,72.415871,17.308720,40.055065
10.991769,7.592560,3.687102,22.001610,4.823152,13.493136
22.075552,14.011380,17.312874,93.925781,23.963678,74.331772
13.219257,9.313924,3.843172,11.712018,3.939903,9.306885
18.320971,12.534449,6.488979,32.144257,9.882768,16.524467
41.421535,25.866709,13.163176,90.285149,23.488966,57.448475
29.667875,20.025106,16.822865,63.303322,13.907237,26.058205
17.623220,11.312573,17.609766,86.571037,22.716795,48.443558
8.446457,5.888550,3.453859,14.753719,3.344961,4.921061
7.730844,5.652730,2.926034,31.220127,8.240527,13.785786
9.867153,6.821826,3.516834,15.444500,3.730420,10.116645
22.979368,15.860202,13.161645,35.665642,11.639715,27.122078
18.353405,12.875784,8.455363,44.436398,10.328773,13.256203
13.277445,8.908664,6.458715,25.840164,4.732185,15.059099
24.063543,16.190033,5.591491,27.639950,6.585861,15.003164
27.311020,18.719635,8.121843,48.712116,12.375659,20.355965
42.637989,28.108503,10.847738,30.266972,7.972149,29.260641
12.803098,8.938898,4.249140,19.866215,4.933387,9.895331
17.791393,12.021068,6.100973,19.159414,3.715669,6.913618
54.419804,35.130302,53.010162,216.163300,54.929169,171.103104
28.588335,16.652376,33.757381,169.587311,43.167294,65.520302
17.383774,11.937599,5.847044,38.796242,10.825421,22.950727
11.440651,8.242949,8.463042,45.911304,12.699926,20.411182
45.705048,27.379763,33.964626,121.021286,31.421263,83.932442
20.593771,13.674851,15.666546,70.873032,19.873884,45.015724
17.193665,11.417701,5.632638,24.617237,7.317388,15.289858
15.334113,9.839809,12.201634,42.525024,10.766596,35.481510
15.925376,10.523811,5.859672,26.549528,6.285783,17.185564
34.270870,20.613796,33.992733,124.032249,33.128868,96.017448
26.774809,17.772238,7.611325,33.639210,10.993667,21.569811
12.631722,8.842877,4.005390,15.621947,2.251275,7.436039
16.485123,11.432700,7.277424,40.371296,11.728351,13.147833
26.053982,17.461592,5.316172,62.497696,13.711040,34.760979
29.330591,19.331387,7.658185,26.601374,7.064856,24.364929
29.588350,18.982512,12.755980,86.558990,26.850239,61.636593
14.908373,10.117113,3.892828,23.354084,7.075281,13.205606
13.851888,9.463475,4.358956,28.273138,6.425156,21.295275
33.347954,13.436081,14.808741,60.242153,15.431067,34.746525
83.038033,28.699017,47.308708,180.165543,43.896694,114.568298
17.876520,11.806046,9.276516,61.603462,14.610794,26.756231
15.806893,10.567788,6.366627,22.947365,4.582013,6.317379
5.997373,4.173542,3.249716,18.809574,5.211965,4.300951
12.797218,8.528503,4.701053,21.003126,5.436698,12.358798
10.578888,7.166037,4.042036,18.826128,4.724138,7.132435
18.398058,12.616042,6.916689,36.558567,8.284313,20.192205
15.623196,10.597282,12.257133,97.684265,24.425278,21.174479
8.745073,6.019641,3.299708,28.867832,8.612464,18.531050
17.572573,11.814782,16.641806,93.929588,25.779093,54.324978
31.428095,21.498190,10.862719,34.657730,6.282349,14.513986
6.111764,4.498443,1.272903,8.884170,2.563453,5.975117
38.602745,24.607994,11.465592,52.035587,16.079287,31.548378
32.838097,20.216497,18.389339,114.529427,31.291832,95.882317
16.448771,11.630023,5.639966,20.998045,5.546673,7.962558
19.119663,13.338008,6.102778,45.485088,10.781744,23.624807
26.884939,18.448143,9.732590,45.500957,11.859096,16.984699
24.666508,16.517370,9.304208,62.438015,16.171108,53.529903
12.343038,8.593513,4.323220,25.708942,4.820317,6.439754
31.025122,20.696758,16.171087,82.730904,21.364832,27.925516
17.193087,11.722571,7.152063,20.212811,3.957924,17.316597
21.536085,14.671124,20.567608,97.347382,24.901310,36.889156
28.096102,18.469542,12.048572,53.982559,13.149291,19.609987
17.495934,12.379334,7.814642,39.187908,10.221337,19.423130
13.192150,9.033910,5.005262,29.326811,5.297744,16.069550
39.454353,22.948364,48.572838,242.532761,61.111832,114.098351
7.189724,4.952476,8.403728,38.815277,8.693435,38.062561
23.964540,15.986730,13.161444,57.984135,13.084528,38.293564
64.317200,36.747227,67.067932,232.283508,56.871750,143.480103
19.984121,13.406788,4.369915,32.600060,7.977191,21.851179
20.995264,13.903430,15.857609,41.367760,10.276030,28.592657
43.109367,27.069021,19.827606,125.147255,31.951189,72.800682
48.291874,26.720051,40.933819,172.444962,47.782654,183.365540
9.388273,6.486183,3.709345,15.788963,4.671238,5.870146
15.771955,10.226019,5.169111,19.501072,3.904930,6.647026
17.301710,11.756827,4.774057,27.646042,6.805975,15.842088
49.047531,32.023361,18.814911,119.301186,29.195827,71.346642
22.019480,14.858893,30.283175,98.403015,24.857906,54.865108
57.491791,29.295477,32.359840,102.883797,24.936239,45.505207
29.628510,18.549299,15.563110,85.114159,21.836876,39.897343
49.787556,29.466806,25.740576,91.855415,26.836214,63.013165
16.536217,11.158271,5.212790,51.764851,14.334124,30.278448
10.779429,7.690010,5.740843,48.178772,13.169876,20.461483
16.653141,10.615914,13.461616,55.448322,13.776732,18.674614
18.105831,11.798718,6.853610,18.319239,3.635653,20.374716
18.219500,12.164318,6.306431,30.814247,7.027042,11.990189
23.426270,15.805408,11.389071,51.655102,11.719252,17.728960
9.715188,6.829978,2.037408,12.746658,3.655591,9.267342
54.571716,34.246727,13.924660,71.702118,14.821218,38.877899
24.425699,16.821678,15.220098,50.500648,14.979871,34.417763
21.750072,14.162361,10.446998,37.361965,9.483683,8.164508
9.623372,6.629572,4.089043,9.826402,2.197598,6.049917
8.062560,5.833973,4.381497,15.061446,4.655025,8.486958
16.731066,11.438155,4.891205,23.072401,6.768345,19.801888
35.689465,22.307655,24.145432,113.999741,29.410299,80.456398
9.699329,6.668528,3.580807,10.623953,3.259610,11.266102
50.967731,30.717422,45.396797,181.769302,45.272659,104.858551
16.697725,11.094359,5.522408,29.815443,8.993888,16.426748
15.814351,11.025680,5.051812,19.283531,5.038609,10.005682
35.424469,23.240017,20.336218,87.797592,22.139711,26.238653
21.655149,14.980470,6.915122,34.836517,8.120433,11.331293
13.080894,8.920578,6.582522,29.382776,6.237836,25.449312
8.570342,6.088370,3.087935,10.433394,2.844303,9.534756
27.738152,18.763107,6.954477,28.271015,8.358393,13.401650
9.763743,6.687750,3.903700,16.092628,3.782167,4.920976
31.516098,20.395977,30.544260,114.372360,29.584381,79.471786
14.195987,9.551435,4.269157,16.912909,5.084581,2.573211
39.740654,20.279848,11.709778,52.309959,12.443575,50.083420
30.880550,20.413818,27.480230,138.062912,36.567307,53.770519
29.404575,19.236187,9.564286,36.003788,9.689503,23.460234
50.999794,31.856667,43.347107,195.773148,46.048454,107.759979
29.135603,19.834887,13.993634,13.157230,2.242649,16.565664
15.620795,10.892389,5.729256,21.898436,5.482158,5.444574
30.630987,20.330509,16.250463,60.168388,15.762468,33.671764
24.719410,16.420353,8.975844,33.319305,7.894204,9.822038
36.029804,24.431608,16.035212,94.988663,23.062590,60.338409
7.996581,5.749294,5.154792,22.406906,5.558367,14.646836
20.724234,13.579559,6.545981,29.127644,8.203318,12.345228
23.665211,15.562548,23.905033,131.392853,35.037971,65.784912
42.109547,25.322651,44.802761,142.727158,35.347809,106.373894
20.342737,14.002652,8.006009,38.939655,8.705213,19.027203
6.529797,4.782517,3.282811,20.228317,5.169304,4.840338
24.644503,16.453180,15.267984,84.812927,21.692459,33.578030
40.749321,26.578066,12.159519,87.321884,20.953470,32.094978
22.888205,14.995673,11.415480,40.595009,11.626147,33.381496
18.825405,12.692768,6.038070,28.418060,7.877624,17.298801
8.525069,6.525865,3.023409,24.293505,5.978117,9.870277
21.100788,14.368034,9.058650,27.317621,7.392086,18.169226
24.856853,16.400219,20.437666,50.247322,10.590375,27.100922
60.066357,38.376152,53.248714,271.426361,77.641724,175.853729
10.133235,7.140471,3.873859,13.164332,3.832040,10.265080
67.741516,40.229530,22.981863,82.221558,23.515333,35.786282
10.125538,6.865759,4.996035,30.946882,8.435121,13.575825
15.445703,10.701715,7.584815,27.042776,9.215416,26.628048
42.320789,26.434385,14.760673,73.749107,20.318201,42.873714
7.706125,5.610241,4.582581,22.285236,5.217462,6.827768
16.775682,11.469139,6.714721,16.375452,5.064563,12.418631
26.675833,17.219635,9.197540,88.607544,23.590714,28.395939
19.068439,13.234972,7.516721,35.987934,8.757876,19.650015
9.207330,6.872242,3.643566,13.738554,4.184110,3.616976
26.828753,18.092381,8.324846,30.900282,9.178866,16.858269
14.722708,10.021194,4.498006,15.779290,4.330222,18.817347
13.005136,8.768511,4.569386,15.834128,4.218154,12.273549
8.870637,6.411487,3.325641,9.810203,2.772019,5.583789
17.307718,12.018143,3.778178,23.843864,6.633302,17.404310
24.003647,15.798522,11.949406,54.068539,14.769562,25.366714
12.201037,8.661625,6.448685,25.823570,5.438535,17.982565
35.734249,23.617102,12.830283,53.026165,13.887600,28.297817
25.740934,17.479914,8.271122,44.152252,10.100219,7.647669
29.679953,19.333532,9.524441,40.412762,10.027093,26.741215
13.078719,9.116915,5.321238,22.449772,5.465017,9.319578
23.077871,15.087307,6.540727,28.643341,8.478600,16.892033
12.440360,8.582151,6.134583,32.455414,7.767056,29.958834
37.468739,24.849310,23.255322,118.644943,27.782366,32.352859
57.322773,34.457401,23.449236,90.614891,21.157448,37.120388
36.413132,23.555321,12.992903,52.396378,12.944273,19.052639
19.944592,12.970533,4.891177,28.327698,6.906002,8.854828
84.856804,36.448315,109.456284,361.944794,86.504822,147.399399
27.746956,17.962612,17.896675,81.221931,19.542685,29.027561
20.522043,14.342876,6.666406,22.554039,5.767810,8.855227
34.474648,22.552155,21.458654,88.792068,23.812529,76.592445
50.757526,31.274397,31.756916,112.362534,31.728037,96.014694
11.672584,8.431137,3.577898,19.159861,3.601924,7.776181
20.497492,13.847025,19.020517,96.710732,22.870508,78.068367
17.268059,11.517127,6.625622,40.175797,7.411082,18.825663
7.582705,5.544806,8.532461,34.671085,8.014743,12.656134
18.802652,12.797850,6.767515,22.424280,6.006309,11.135769
32.952892,21.675638,25.914595,91.255531,23.345282,75.653358
10.393777,7.146644,3.820743,24.072184,6.326530,8.064128
11.246346,7.973769,3.965990,16.839874,5.592953,17.656872
38.583134,23.718132,33.372501,105.890610,27.146206,45.893841
26.268972,18.165070,17.278492,49.173653,13.753044,33.715343
13.125366,8.848058,4.511999,31.416245,7.991679,9.680646
24.355558,16.279829,14.449093,44.023907,11.706465,34.549721
45.929676,21.826948,14.283344,56.800079,15.467371,39.477268
25.689560,17.445656,10.481502,29.731236,8.325142,23.652903
5.488872,4.046679,2.154871,7.983408,3.634428,6.596685
34.115799,22.767380,16.513176,64.565796,15.890569,39.890472
13.153271,8.933285,16.128298,47.195450,13.629017,27.967854
30.584183,20.129305,11.154526,43.890266,8.936255,38.361423
23.363960,16.155481,10.247048,62.588810,16.946245,51.734421
31.443796,21.584969,12.523812,36.817692,11.141641,19.209332
43.970203,28.235889,24.463514,82.476364,22.780624,40.995914
14.589243,10.169145,9.600739,27.123186,5.631462,9.964766
19.340466,13.095027,5.488029,40.762836,8.880919,14.940518
19.991373,13.757448,10.687848,49.194767,12.736579,19.976843
4.766766,3.479108,0.968230,10.270035,1.967807,7.679201
30.385054,19.067595,21.115919,112.901299,28.433186,56.115578
22.932100,14.980134,9.872494,26.722755,7.996932,10.452668
27.557377,18.124016,21.594912,85.010063,23.566656,76.234634
27.874123,18.432718,8.192242,62.887424,14.403726,21.073952
20.437786,13.735397,13.162384,61.941547,17.479013,15.015543
23.995708,16.169323,6.607807,34.191196,10.160894,12.101892
18.361134,12.381621,7.498145,47.805592,11.580701,25.867674
84.354301,44.706165,102.539055,463.628235,116.660210,379.420868
32.624283,21.144068,10.977681,44.192715,10.814955,18.289015
5.167260,3.336345,5.597075,27.653151,5.968473,14.715744
20.332205,13.564536,8.934953,61.887932,16.777987,40.874901
26.123152,16.779984,23.418640,79.705238,18.525770,55.289356
12.350487,8.543507,4.736540,25.408413,6.205528,24.808992
9.291634,6.356668,4.656617,10.923221,3.528972,3.847216
5.621609,3.877227,2.751321,14.941992,3.806537,3.498299
28.536594,19.183836,13.612089,32.244099,9.303599,24.144625
26.860609,18.154547,11.055667,45.360306,11.335972,30.355909
19.140221,13.084870,10.181412,54.557739,12.902017,37.535446
26.543661,17.338160,9.016745,35.857372,8.818387,22.464098
58.375256,32.281403,72.063034,254.348999,63.228561,188.215195
7.221254,4.728286,7.586764,43.112751,10.943158,22.220493
13.494663,9.141300,6.194404,26.642174,7.549688,12.718751
14.617793,10.265479,4.883312,26.324842,6.275875,7.706441
29.818066,19.381233,8.682142,53.053417,12.370287,28.170610
91.583031,42.531902,56.491425,228.243271,58.675766,136.386353
8.342095,5.746288,3.111666,23.781582,6.400259,10.633916
32.717060,22.058912,14.391136,43.649391,12.445537,16.288406
11.539019,7.731133,2.531884,20.564014,6.612058,18.449287
23.747910,15.927426,8.175989,22.265942,6.015431,6.739489
45.334419,27.304918,12.304782,44.134415,11.299005,32.661419
29.785959,19.712822,12.808360,71.188232,17.336592,26.010206
20.732372,14.484994,9.742061,37.086884,10.901658,18.085043
19.826385,13.409788,5.274335,28.495434,7.581477,6.599895
20.223228,13.689820,12.432310,51.521866,11.667765,23.215137
29.547794,19.190750,6.801072,48.977501,12.014735,29.881567
15.132925,10.339810,5.276022,15.739161,4.198432,12.149799
36.843273,22.856453,37.098648,125.007141,34.602386,64.829262
39.362442,25.231497,10.015162,58.435406,13.999207,21.411438
7.544456,5.480661,7.306148,45.406879,12.156818,13.002821
52.157299,32.543571,22.430639,135.372940,34.275589,74.389458
20.805157,14.261425,18.319571,91.454300,21.349379,29.456026
20.765141,14.257972,10.012712,30.957172,8.109828,14.837928
28.137054,19.038082,10.152352,37.027016,10.174014,25.781326
24.717592,16.654840,8.742050,40.754719,9.017654,11.460969
28.007992,18.592516,9.336524,40.820183,10.839721,16.220911
13.606502,9.423304,8.113619,43.921059,10.785858,7.162483
37.601887,23.528786,12.805242,73.702957,19.240400,35.839184
24.824369,16.568550,6.880340,26.095526,7.307049,15.592227
16.185638,11.305308,5.771970,17.989916,6.002424,13.978085
17.495138,11.730544,9.311822,25.441105,5.544554,11.482122
33.558609,22.037106,12.716257,35.966953,10.727941,7.601257
11.905363,8.421474,7.179717,20.162655,5.638503,11.279050
12.178799,8.092082,4.500846,17.275621,3.667022,10.934422
18.677145,11.928689,20.038572,130.880096,32.105881,44.455055
23.106831,15.246623,7.653624,43.567051,9.948973,12.543848
40.354279,24.160694,25.727276,154.063080,39.583199,87.072296
6.844344,4.801613,3.717326,13.234489,3.784790,12.648672
76.302353,42.698368,68.134048,253.686584,66.834435,119.493622
38.664101,23.961765,19.644295,106.747932,28.348959,39.434685
30.519617,20.124039,10.110529,32.656761,10.965313,34.786167
20.197237,12.984039,16.535076,58.457554,14.602378,38.244507
41.644676,27.629593,12.874190,48.897346,12.638225,30.659449
31.959475,21.291306,12.943367,63.823715,13.500726,29.755556
36.025269,23.996387,14.017180,61.156994,15.293515,43.726368
22.577868,15.053122,5.423086,32.493095,8.216198,11.897860
23.525082,15.486589,6.556556,54.851070,12.691324,14.916548
17.829971,11.959373,6.273775,25.063406,6.570253,13.147433
15.171101,10.141747,7.043956,38.999279,10.752739,19.151714
39.820446,26.750488,12.255620,73.342186,17.172127,50.212097
30.992466,20.556705,14.165559,47.953468,12.418043,39.516758
29.480259,18.570028,26.991800,151.541550,36.795757,78.658218
16.774284,11.018104,4.980882,32.129627,7.805437,10.692996
67.839584,36.470509,49.484062,155.487930,39.011753,106.820694
16.119572,10.906692,8.045538,15.492952,6.086417,8.849142
5.868445,4.105056,2.464172,17.795193,4.471505,6.483357
37.277462,25.530415,10.170118,60.501305,16.140263,40.609921
9.589746,6.905899,3.309985,15.977531,4.650298,14.900797
13.157448,8.748314,4.869806,14.936797,3.774825,11.684576
60.646305,34.960590,31.609894,127.496872,35.296673,61.264637
8.100301,5.398182,2.881411,15.823970,5.144505,11.302916
10.534007,7.047256,3.955235,15.667150,2.873157,10.842370
4.559379,3.401938,3.529532,24.200161,6.420040,10.569352
17.091406,11.601156,9.741605,52.906258,14.776358,28.903152
41.393044,27.201303,22.093451,62.502602,16.276855,20.624493
29.413013,18.538919,28.239386,144.814636,36.242016,109.036140
12.410167,8.674836,4.882968,29.186510,7.014413,14.863211
26.108408,17.495390,12.305767,47.747360,12.239626,20.844288
41.252182,25.896914,40.304211,128.428589,30.995684,93.305573
17.740335,12.350667,7.075868,38.742149,8.600014,15.797656
70.045120,34.262695,23.082935,78.571579,20.176666,49.889549
13.190079,9.130394,4.914687,19.641821,5.454750,14.888751
13.139256,9.350399,6.970406,21.560350,6.131549,10.302895
35.197796,23.169270,16.643831,66.550438,15.577508,46.939995
5.661280,3.815962,5.481256,34.081062,8.665439,24.475948
60.852131,34.532951,26.032583,115.118370,33.184467,130.820343
50.613277,29.724438,50.002346,198.969437,50.532429,118.854958
28.853058,19.128979,22.015856,89.742348,22.562958,29.780258
19.878191,13.328671,14.129168,31.441513,9.319489,17.124647
10.620561,7.719276,2.593976,15.267842,4.448360,11.318402
23.837048,15.728470,8.282400,43.840443,12.390899,18.962049
26.872686,17.433800,10.528542,41.065819,8.906669,27.053101
22.835178,14.932881,6.670721,34.974297,10.330306,16.355928
6.075152,4.093333,2.940403,8.194485,3.085696,11.472851
23.367008,14.917777,12.766191,46.497982,11.932933,11.705591
19.716238,13.059565,16.096355,73.335762,21.680405,60.030510
15.902093,10.857017,10.994521,45.814064,13.102891,27.149925
12.446336,8.727928,3.671955,31.188253,8.955949,17.134794
25.644953,16.076120,16.953060,75.420807,16.835703,54.233055
10.944978,7.280152,4.774896,33.396931,7.828704,16.340607
15.983019,11.279514,6.230312,16.155592,4.612463,8.234282
98.450180,51.541264,53.139851,226.261993,53.482250,121.494331
18.177458,12.595893,7.937074,33.115036,8.141691,13.086302
13.798615,9.776086,8.737584,31.350084,8.298209,15.764049
34.080189,23.053286,18.301863,58.695889,15.758853,62.048454
10.336530,5.909976,3.901498,19.343792,4.119000,18.339020
10.308920,6.844498,2.599034,13.886746,3.362756,8.189021
17.570286,11.440016,6.632970,17.692387,5.846875,9.643418
13.108027,9.397743,5.607490,26.843170,7.420586,8.994143
19.783974,13.342537,8.557992,45.938255,11.513391,19.456135
39.432251,25.783667,12.406004,46.698650,12.009466,24.172762
16.569349,10.903666,5.064994,31.969879,8.917059,22.002459
17.910673,12.436469,8.804732,39.895027,11.204698,29.020288
9.995745,6.638110,4.076814,14.131071,4.209602,7.938251
20.162273,13.703823,17.390310,56.742989,14.177234,33.416332
18.358644,12.612716,6.393532,39.107708,9.422314,18.578888
5.038475,3.613500,3.587175,33.338043,8.006757,10.184694
7.283639,4.901554,2.618485,7.020107,4.153925,5.357424
34.618015,17.822121,21.424974,93.342583,28.530119,70.396927
36.749969,18.305603,24.813459,124.883095,33.200672,83.070663
29.582716,18.942873,41.440990,131.800888,34.098503,61.641937
10.589720,7.710721,5.980069,25.750256,5.322599,10.012018
78.883400,46.118011,62.213654,212.925278,54.917038,190.866257
20.770405,13.730480,15.712105,56.415150,15.335808,37.621239
14.879150,10.078789,17.076878,102.929146,26.536352,67.873581
7.447198,5.513471,2.765697,13.788500,5.424325,4.834356
15.365726,10.716797,4.821664,17.523539,4.678182,8.652103
12.809618,8.805357,3.913755,17.777523,4.569159,7.282809
49.581963,27.397434,43.999157,134.047241,34.020576,131.518127
34.827969,19.634560,43.692741,226.867859,56.694134,101.522636
23.301405,15.943885,5.125693,32.446671,8.344988,19.558783
18.181755,11.895526,7.387171,33.999142,9.174932,21.208858
39.162025,25.189522,14.620696,52.742126,13.222842,28.576473
23.159504,16.181438,8.410796,21.254601,6.132513,12.090012
26.714144,17.985146,7.525122,34.805271,8.368969,22.739052
40.754177,27.368357,27.546112,63.174828,17.533077,46.343784
26.922411,18.109974,14.427139,54.515263,14.256887,48.399849
36.266041,24.301617,19.866411,57.183464,16.175268,46.436298
36.263035,24.394545,11.635920,48.158611,12.407558,26.908600
11.934580,7.982868,5.370673,31.423498,7.709612,20.668175
22.720972,15.015286,11.863457,50.534988,12.251606,29.017138
19.680687,13.072888,8.588252,41.307701,10.829691,19.843935
19.540976,13.442582,6.675382,29.596703,7.075724,25.832369
13.597944,9.193191,5.729951,25.357725,5.043906,12.637367
14.724955,9.737793,13.620895,45.388565,11.441335,28.978989
17.603809,11.702569,13.126711,54.970501,11.885451,27.281168
70.878288,34.332672,48.167603,159.294357,38.473072,103.050888
10.964904,7.263318,3.152269,13.078794,3.958694,10.098492
13.228902,9.313948,9.239600,43.613773,12.984835,23.927704
30.418802,20.027866,8.173844,36.427364,10.494690,23.315220
7.867252,5.530519,2.965180,35.461338,9.915345,7.813575
6.203104,4.385489,6.890891,47.560608,12.680122,10.520588
52.696663,26.636410,34.545971,124.680405,34.267921,62.675610
23.320869,16.105469,9.746626,26.434519,6.888287,11.493820
20.385506,13.882312,6.230117,25.377020,6.645744,25.702793
37.145996,25.090759,16.205545,46.657475,10.751736,40.852077
31.249535,20.713745,17.244648,141.846512,36.659668,56.717197
78.628357,43.874348,71.574860,277.273712,71.536461,162.599792
22.448540,15.356277,7.952248,33.047451,9.413112,14.487703
30.974503,20.561605,9.508410,44.105648,14.202188,48.560661
6.223415,4.347471,2.954175,13.407501,2.460179,7.737269
13.476908,9.413733,9.708364,52.833889,12.530849,21.539993
23.292002,15.551152,8.148634,30.018291,10.052779,15.411532
24.930994,16.851307,19.132868,99.470596,27.083158,39.123459
24.918497,16.406996,19.794241,90.330872,26.684498,77.510429
24.430861,16.313389,9.959931,43.832584,13.968926,29.455458
8.128986,5.496296,7.213693,22.778259,7.357087,15.555202
14.741620,9.942954,3.942188,21.985065,6.088437,17.645618
9.987073,6.571312,1.622427,13.656331,4.271960,9.992652
5.138509,3.657458,11.425543,30.998281,9.775867,18.706942
21.134171,13.793944,14.413602,93.384552,22.020025,37.332581
11.686209,7.595375,3.798036,26.038568,7.058402,5.996719
23.431589,15.336978,7.981328,28.547810,7.865093,10.411782
8.731210,5.731166,6.101937,17.023624,3.330735,7.489042
57.139187,35.485977,26.034504,82.187248,18.950602,60.383839
12.783935,8.470621,5.285913,16.467434,3.997054,13.429445
23.172050,16.092495,12.641763,50.036247,12.604199,30.228476
41.359581,25.815069,31.230862,133.716080,35.954971,57.286438
42.056160,27.271578,28.824469,92.292419,22.128847,40.998032
9.444653,6.642584,8.080970,32.994335,9.315943,18.142021
6.782978,4.826198,10.582140,41.778542,10.674728,14.138283
26.575321,17.865301,6.441075,33.979214,7.714658,19.520279
21.999393,14.975761,7.011978,29.341211,6.778074,17.802055
13.663900,8.928387,16.166832,105.747368,30.506506,38.842281
40.962654,25.186396,15.898880,86.088776,21.441341,56.896698
48.898018,30.400902,18.928034,13.312140,3.131345,26.195541
9.313929,6.234443,3.213339,14.215509,2.004698,6.104615
28.974615,18.974493,14.491652,82.781342,20.526873,40.841190
14.842764,10.344419,6.715232,31.395220,10.004082,25.323675
31.505693,18.275085,36.568130,156.500183,43.368271,137.259430
23.477192,15.507664,6.027657,35.570721,8.901753,22.822968
8.963781,6.449948,3.057308,17.114843,3.126808,6.755774
29.768757,19.772406,16.537945,72.570457,19.140060,45.105400
4.548676,2.948387,3.268612,17.863098,3.750618,3.441627
25.922560,17.214966,15.725871,47.364597,14.259499,30.564447
11.668744,8.125995,7.292230,34.819214,9.902184,18.545765
21.144060,13.969668,7.809578,30.549292,8.850062,6.469031
12.493800,8.850128,9.245027,39.250092,9.392796,19.789843
25.053116,17.145624,22.372950,78.848083,22.429966,42.331326
22.763006,15.033618,22.293154,69.152153,19.453039,81.547226
10.287986,6.797082,3.376711,12.965429,3.795002,10.836179
25.498348,17.474346,11.877965,44.282310,11.832807,31.366598
8.320019,5.969316,4.609538,8.387486,3.721724,4.142064
45.833691,26.524700,27.759956,148.043304,38.509758,98.493217
12.143855,8.376012,9.519845,55.623745,16.294342,49.475800
25.437578,17.010798,9.608834,57.812939,15.179182,31.904392
7.827032,5.284581,2.990320,28.960548,7.458179,7.303195
4.383181,3.076516,1.630472,13.653439,4.246500,7.078661
19.524942,13.199363,6.607604,46.922508,12.103587,16.419636
10.245594,6.946696,3.972420,20.422321,6.352225,15.668838
43.187897,27.245640,24.141502,118.436211,30.906559,87.590210
19.330875,12.837955,5.114918,29.252548,8.996515,22.286308
20.165428,12.365818,37.220203,142.047302,38.262924,105.390312
27.279766,17.081429,15.688781,66.567513,18.017332,26.002239
19.619207,12.974277,5.937273,33.358944,9.325860,14.363866
17.302853,11.811886,5.913636,30.801723,8.680684,11.883831
16.855034,11.214084,7.807304,41.620239,12.280755,23.110434
67.325111,42.131187,54.126602,260.758026,68.106346,180.936050
7.398118,5.186414,4.017922,17.175400,4.207332,6.316984
16.771542,11.476549,5.454870,28.121878,5.585509,5.097984
62.351013,36.349319,32.779007,124.813408,30.295298,63.225487
26.495644,18.069658,8.970311,46.082516,13.678556,22.712103
12.520350,8.620183,3.302121,21.639307,4.955997,9.315718
15.983730,11.254839,5.346826,10.554461,2.660715,15.194231
37.356445,25.321342,17.906942,95.501572,26.290836,51.694794
28.668028,19.387318,7.230902,44.229893,10.309818,17.553160
22.045288,12.562172,46.229176,158.752106,39.172405,128.842957
10.709450,7.406205,3.889261,17.998499,5.865036,5.860736
8.162277,5.683979,3.224826,13.849989,2.221401,4.431929
6.166545,4.300101,3.657434,10.117229,1.780005,4.369566
18.766827,12.753702,7.036178,37.642765,9.642979,24.082457
16.221008,10.899789,5.308516,26.908480,7.496907,16.979488
72.889420,36.350067,53.354393,192.906357,45.858749,174.219147
26.616043,17.708614,8.154945,29.838898,8.454011,19.303738
33.372578,21.920437,19.658747,55.937370,15.650878,41.317223
5.613082,4.058281,2.307527,3.458317,-0.110558,3.398925
23.406769,15.487318,8.102704,32.341236,8.111306,13.657042
15.479806,10.556452,5.681254,33.461861,10.100453,18.175253
50.138577,31.065178,43.410099,170.330887,46.595818,144.445740
44.151649,26.906347,14.017688,96.937019,25.756050,54.108658
16.862444,11.676979,9.513429,39.347683,8.980971,23.722187
7.992430,5.393418,13.464099,48.373734,10.361903,10.165502
18.353949,11.410744,17.521109,75.617790,20.958893,53.024250
59.045708,30.550116,46.454823,175.365341,43.179935,101.518837
12.882122,9.136815,4.356119,17.917997,3.306143,6.127280
50.798374,29.874926,28.044643,45.246841,11.480120,41.778923
8.044000,5.728376,3.477102,15.423087,3.240715,7.269096
36.707077,20.814095,39.542496,154.468002,37.535816,74.017303
9.682646,6.927530,7.280169,28.762806,7.534914,15.909467
22.915573,15.383432,7.022010,25.791529,5.344294,13.335259
31.156965,18.977694,30.783199,113.696495,27.757811,60.852737
10.321353,7.458175,3.181651,10.732309,2.327148,9.405977
19.204481,13.339361,6.996465,32.470539,8.640597,6.974814
25.521427,16.593416,12.140371,54.480888,13.214702,28.352583
7.694879,5.615790,3.492907,15.732314,4.136414,15.922876
50.398285,33.533520,31.732719,119.650192,32.365910,51.636761
61.392860,33.301708,22.696289,88.768951,20.309362,93.258064
17.576872,11.832284,6.150139,26.584040,6.694029,29.120335
29.254887,19.132475,30.316961,132.721817,34.323936,68.786400
21.966141,14.854762,29.786556,155.575882,46.198002,103.045074
11.271388,7.928422,4.349475,13.916395,3.767416,6.447676
12.723642,8.887365,7.594664,33.692928,6.736034,5.421107
38.632042,25.324566,11.150338,77.610260,19.811281,18.638981
45.273838,29.305105,13.939287,58.489956,13.257540,37.819477
16.164120,10.689275,4.417737,1.316730,0.294057,10.082740
33.154686,22.013893,28.363121,111.811279,28.337439,32.418900
30.195475,20.313583,9.242944,32.565590,9.091098,36.432903
14.318069,10.182156,8.472925,22.689569,5.050986,15.792489
9.498142,6.393065,3.569678,13.302215,3.991750,4.873150
28.079235,18.212503,21.250277,80.250854,20.523251,45.076641
6.277141,4.573231,3.496363,13.015695,3.344384,6.361756
13.862331,9.610070,9.184536,36.942921,9.923824,13.835075
10.185843,7.260630,4.853441,62.302265,13.481331,14.751859
52.150623,32.245129,60.366829,231.857742,63.129745,140.167191
35.741764,23.366987,23.100483,120.733513,31.570074,72.339027
12.034301,8.067216,5.096364,26.669653,5.928189,7.416304
24.717710,15.968373,7.515172,35.846329,8.440205,17.544300
26.042589,17.355038,10.676838,62.447239,16.314728,35.172401
42.301830,26.164053,25.266035,78.904213,19.817484,41.422306
86.267982,52.302654,85.591286,343.556824,87.833168,146.580353
10.649931,7.816147,3.821640,19.348087,3.664487,8.843478
14.572010,10.426462,5.486280,27.982346,7.290671,9.078244
9.274142,6.459660,3.640469,25.694750,7.299634,41.086262
18.106503,12.166656,18.129435,89.422874,20.575039,44.436108
21.088768,14.105569,12.915353,51.906322,14.372902,29.526402
24.779184,16.290657,9.325851,50.475304,11.248325,30.744194
9.331388,6.323215,2.316546,18.178905,2.918202,10.125118
66.241394,35.203735,29.391857,79.092865,18.900743,35.625938
9.890105,6.468251,2.950737,10.072602,4.006809,11.163832
5.269771,3.634795,2.226466,9.003535,1.417749,5.708259
6.424679,4.406316,3.569716,15.862167,4.671616,12.201569
18.019852,11.701174,8.770862,31.769682,8.148807,19.592031
29.646610,18.515078,15.084974,90.827530,24.323904,64.745644
24.508913,16.456701,11.772689,66.168320,18.121492,28.414812
33.039539,22.009665,39.952068,183.162613,49.226475,109.738548
29.324406,19.670935,39.243690,164.237122,42.188904,88.571388
26.886700,18.068388,17.355425,52.624836,13.997391,22.571032
32.636730,21.973110,10.860970,32.090118,9.205956,21.707876
33.616547,22.504051,14.354805,83.816605,20.915945,32.854134
14.064043,9.415840,5.558644,21.106136,3.786382,12.914586
40.760494,26.578815,33.403450,106.592346,27.574205,86.890327
15.359633,10.112623,2.909204,15.035324,4.649272,8.332685
5.151038,3.811827,2.302491,9.390211,2.467893,2.808680
21.832642,14.304883,12.958070,56.370800,13.518702,38.500114
15.827312,10.748359,5.324627,28.541637,7.644837,19.270927
23.048677,15.584198,9.283889,54.210037,13.946918,22.223829
13.287468,9.161910,13.378800,40.782177,13.467813,23.827209
42.001366,23.351095,42.245895,206.884216,54.423641,127.238396
23.349733,15.226343,9.159484,34.681435,9.823448,24.856997
59.816315,34.894733,56.267002,170.544052,42.868340,154.242874
15.013711,10.059827,5.839334,17.342020,3.993556,7.819047
14.716871,9.846446,4.697339,17.085089,5.884097,12.108110
35.755302,22.955914,18.131851,53.455761,14.593913,41.677868
19.867254,13.178777,18.220221,69.841820,16.815411,70.664696
42.820255,26.822681,30.925478,113.512772,26.985409,68.725700
19.011221,12.854948,7.313519,22.943106,5.076118,8.352481
8.525893,6.133228,3.062146,15.916349,4.710463,7.840714
26.960186,17.858162,22.298117,89.803192,22.346592,57.967590
8.638154,6.154531,2.590799,18.592600,3.512106,6.951087
9.466738,6.306948,2.851633,11.101398,2.704213,3.566949
13.025430,9.150495,5.453912,16.672150,3.616390,16.022118
14.713720,10.219060,10.103167,48.502052,11.823179,17.982847
17.236380,11.973769,6.450208,57.702469,12.946450,23.939085
26.186989,16.811552,38.450310,186.692337,49.284206,124.452316
15.236824,10.702490,7.058965,34.951180,9.259151,14.989212
25.990507,17.130125,13.451831,68.713524,17.708773,44.579098
24.753256,16.939106,10.164719,38.500648,8.878648,20.672928
11.768798,8.220946,8.258741,39.205780,8.863814,7.768005
55.890770,33.760891,76.524391,306.737091,79.875954,156.504013
41.127651,26.834585,26.526075,120.951508,32.144413,52.625454
75.602249,37.617584,35.578564,132.643921,33.945496,69.690407
12.208735,8.323521,8.549366,50.619335,13.873112,27.622910
11.208921,7.715663,4.890417,21.472635,5.083330,7.880320
23.267704,15.551887,9.503141,29.303682,8.165928,9.225389
14.901566,10.313530,4.164692,17.748260,5.603549,14.375834
13.704073,9.618166,5.687308,18.469561,4.555830,10.863533
21.392830,14.579702,6.264369,28.796841,7.548039,14.316578
10.849309,7.565018,4.345652,14.796433,4.986127,14.315515
19.410374,13.366860,11.531102,63.728264,17.065411,53.288120
7.092335,4.840528,3.241261,14.186388,4.615391,13.850432
15.492559,10.698379,4.554486,23.829733,5.795322,15.975870
34.504585,22.306263,16.290213,64.806862,13.848231,43.671463
22.110336,14.490641,5.986735,31.962421,6.023390,16.929216
28.658686,19.294495,15.760887,70.897346,20.037443,27.297655
10.815313,7.948440,4.832838,28.483353,9.546596,26.909828
26.107811,17.952637,7.512643,4.225369,0.926916,14.765968
17.308350,11.544220,6.623447,29.352583,7.527546,13.346982
20.922121,13.562508,24.696255,101.463135,24.866957,38.394691
28.188154,19.022463,9.303949,33.285423,8.875291,9.584674
12.373061,8.503286,4.935746,19.104710,5.891940,8.437169
9.801812,6.423801,13.349000,51.390060,12.417180,41.843483
21.319454,14.077435,6.872639,21.965275,4.416242,6.400543
4.751953,3.279187,1.517500,9.922164,2.250467,4.710313
45.682251,27.834719,33.065273,129.832321,35.188507,79.623672
12.453220,8.618487,5.441286,7.190965,2.553325,16.385952
15.030728,10.120754,3.772730,29.895552,6.196442,10.421413
12.068503,8.216472,21.645605,66.062088,15.924100,57.473587
32.595383,21.805227,11.241088,39.401749,10.559961,18.351587
15.819218,10.581383,4.558657,13.273233,2.791847,16.392744
9.114137,6.491119,3.570559,11.270310,3.079237,9.396975
6.715390,5.088241,6.660785,28.021931,8.623760,17.291559
28.668766,17.776083,26.305208,89.851028,22.693125,40.325676
39.240379,26.022989,15.890227,48.576118,13.440376,28.311764
22.079872,14.580120,4.717028,28.289278,7.809736,12.860181
32.613106,21.731575,11.438370,29.798641,6.712265,17.087238
14.927359,9.834240,4.442688,15.603889,2.639750,10.097585
4.813228,3.496737,2.648229,12.161898,2.602344,4.576020
20.418406,13.923163,5.319042,30.326864,7.634810,18.816946
9.488321,6.351295,9.496494,32.018105,8.849174,17.344950
4.949037,3.354600,2.288207,18.886158,4.296456,4.587204
20.072290,13.398357,9.545118,33.967567,7.179678,28.571356
7.630576,5.205318,3.568364,13.467466,4.462103,5.032100
15.285709,10.258748,3.901919,19.590826,6.173283,11.911381
10.811104,7.192451,3.921724,11.253714,2.449218,7.789781
23.493719,15.754272,8.369611,28.299314,7.000138,24.100214
13.478717,8.986012,14.117003,79.266861,19.401915,52.279728
25.450237,16.910992,11.371427,71.943733,16.942989,20.640844
14.419554,10.153542,4.598693,34.035805,8.956725,9.058070
13.542343,8.976747,3.843831,25.402676,7.234484,4.165637
9.927881,6.900038,2.702999,15.611717,3.841237,14.553465
21.776701,14.770706,7.836384,39.772900,11.385695,28.568775
29.105274,19.043545,9.068907,40.613365,9.220070,24.164244
37.663589,25.221390,11.664375,48.499050,11.265170,29.474789
25.944460,17.586428,9.164849,27.366753,6.608541,26.795904
8.988949,6.340541,3.873957,24.477190,5.546668,8.393813
10.412820,7.181294,3.877890,15.390128,5.325642,14.992800
43.649029,28.294304,25.707365,126.643524,31.435146,73.002914
31.258944,20.060331,20.488123,68.774612,18.968933,49.504833
14.296229,9.761668,5.110402,22.118851,4.566610,11.007610
20.925074,13.839315,9.333462,53.348740,14.074345,15.791321
19.914404,13.855379,13.852056,60.629444,16.876432,24.347572
12.991336,8.710127,11.681262,46.094330,15.167971,20.492050
20.595369,13.610974,13.708707,80.774223,21.366955,45.769829
43.075497,27.003294,14.345455,80.218132,18.573673,18.934893
12.140126,8.546790,3.442255,17.227526,4.250783,18.662657
6.604782,4.554132,2.284481,10.939599,3.082163,6.204451
20.881618,14.019399,9.936455,40.003998,10.371990,38.479439
59.052940,34.840157,46.368206,224.890396,60.255520,128.775421
35.950008,21.838396,24.922087,82.106667,20.035622,41.617577
9.098388,6.331925,3.618789,13.295915,3.420219,9.428096
64.296494,37.533401,35.913765,137.855499,32.902634,87.837257
23.404257,15.423348,8.174867,29.292780,8.456069,10.895572
40.679909,25.039486,29.312565,71.851768,18.648849,52.967976
25.137571,16.944216,11.093776,39.987057,11.460536,35.133038
35.813290,23.350098,12.846389,78.633369,22.079933,24.618742
8.749774,5.916723,7.828524,44.224945,11.776232,24.353338
52.684750,31.869505,34.698990,198.961288,48.924389,99.308983
30.407459,20.143574,12.564652,121.301903,31.735432,24.297775
24.989300,16.575027,6.600733,27.876024,6.747294,25.744873
31.679220,21.173994,8.712214,29.967154,6.792830,25.901825
10.285749,7.171098,2.222502,15.270506,3.734732,3.433173
14.756859,10.228010,5.256660,19.445145,4.162333,12.123125
30.065439,20.617281,11.285822,45.965927,12.480795,16.583275
20.951731,14.179481,7.218220,27.916224,8.989464,17.339659
4.610656,3.459727,4.100107,18.381899,4.260259,6.549919
10.902668,7.417298,7.812581,14.276538,3.381279,13.103641
21.554276,13.925328,12.440439,78.869743,23.465090,55.646805
21.090982,14.430975,6.963427,44.437485,10.868887,18.303062
16.592623,11.470874,14.155252,62.598473,13.358198,36.133953
26.832073,17.845890,19.675629,61.994331,17.652651,27.190924
10.557301,7.349670,3.304101,17.599806,4.564853,5.625022
16.056992,10.320427,11.810760,61.166996,18.636580,30.197876
10.763675,7.831180,8.441546,25.318485,6.250247,23.935055
9.435163,6.684353,3.676717,14.395143,5.274281,8.192993
32.534992,18.519909,9.712489,54.561157,13.728868,21.019629
28.508974,19.324659,11.518744,66.265869,16.896288,31.221531
63.670063,23.562449,46.456993,151.358261,36.979996,101.277817
21.631094,14.692344,7.349727,30.910759,7.761549,32.477322
16.181591,10.965309,12.568483,60.338028,15.253599,38.396439
9.688218,6.477055,6.727965,41.989799,10.670474,25.685040
29.976276,19.841278,27.592144,135.231659,35.627640,63.987232
4.914003,3.571355,2.144718,13.236949,4.221833,7.985128
39.415901,25.607891,27.909042,120.504211,27.999788,61.882244
20.324280,13.830194,17.221268,65.069420,17.400234,30.745550
24.505671,16.322865,21.598392,106.300026,26.792095,73.735107
11.606697,7.692868,8.374989,36.970276,11.923544,18.575371
36.643372,24.250160,11.940047,48.703606,14.084500,26.225584
64.601234,27.610329,58.064636,239.807846,59.649586,187.551315
35.951469,23.882048,14.070157,57.685955,14.968848,40.287300
10.406148,7.389029,9.042329,60.787510,15.394141,42.514729
36.704491,23.186085,28.646317,158.470245,41.126873,108.144058
30.004379,19.642380,26.696304,88.765602,23.000711,67.660927
46.965897,28.972322,54.890781,198.566864,51.376183,119.153404
36.866844,24.438776,10.177423,58.329411,15.778045,33.175320
8.648444,5.726809,3.684338,18.152496,5.643328,4.233169
9.272474,6.783057,3.003551,23.125912,8.570869,16.494944
15.531004,10.576417,5.575727,27.389750,6.736684,12.769525
32.220654,20.747383,16.628054,63.803768,15.163367,36.576481
12.458844,8.697513,10.131761,39.333252,10.754465,22.761078
24.669718,16.565062,8.658572,43.607941,12.104344,24.997356
16.280361,10.795698,29.711351,156.853592,35.425228,101.025848
18.808081,12.849549,17.209087,92.636513,24.676355,62.568516
7.941930,5.779525,2.980237,21.108267,5.538766,7.929719
13.230873,9.231237,5.501106,10.879537,3.668318,8.366133
19.744183,13.040938,3.979377,28.914274,6.323269,10.985891
50.756489,31.519386,17.780182,107.549728,27.469326,47.385429
10.272418,6.899043,11.504217,73.118324,16.892986,44.303860
30.814823,20.136269,15.172940,74.376556,19.315704,47.458904
55.026989,24.934034,44.094749,111.596016,28.081736,88.835304
53.665241,32.414894,27.251564,112.631767,28.381470,58.490295
13.061152,9.033484,5.599609,27.363876,6.712844,18.214067
16.660351,11.679316,7.005348,31.952366,9.768740,19.619436
27.642925,18.552551,12.130596,49.793854,13.134325,35.770206
49.745911,31.653076,12.324482,70.749939,16.710524,43.629726
10.714684,7.543343,11.753996,30.411604,9.711824,14.813018
40.357933,25.567631,30.551991,124.023041,29.938677,66.124504
80.151077,36.967976,21.704100,84.045189,22.119066,40.712708
13.582862,9.015001,5.343336,13.756614,2.768342,10.277821
19.550453,12.843987,5.505733,24.090431,5.259635,14.753569
17.685616,12.179900,4.675120,30.606607,6.886304,13.216835
17.375687,11.793495,4.380404,24.031570,5.815605,18.281696
10.964883,7.659244,2.485553,12.842924,3.768368,9.417049
21.239899,14.297585,10.906363,42.998177,10.814182,23.403345
34.147011,22.215853,10.663989,31.887524,7.278887,26.204863
9.475145,6.860698,2.777862,19.550001,5.327813,22.242199
13.662097,9.241858,4.165904,16.644199,3.974021,6.326214
17.427629,11.991837,9.078568,22.438162,6.331147,15.905231
25.335014,16.499874,8.079947,17.177443,4.694318,7.034120
35.383175,22.533657,15.845748,64.198120,15.514726,26.174955
11.737337,7.867685,3.458785,29.440884,8.762256,13.861609
31.576101,20.847713,9.860602,41.601490,10.685194,53.577953
9.635097,6.727038,4.049520,13.721772,2.680754,12.341840
11.723631,7.983734,3.246348,19.324884,4.903017,19.321058
62.691288,34.587654,32.785370,169.745041,44.935108,104.338043
18.727364,12.660613,6.818910,21.179893,3.993644,11.514500
25.353325,14.557483,15.763504,96.285553,23.703884,38.888153
12.200948,7.998109,5.011426,4.336716,0.521459,4.030364
10.329521,7.225046,4.083103,12.666245,4.062060,12.916615
17.357946,11.647772,9.073676,58.931114,17.928953,35.115185
11.561092,8.186723,4.637024,19.588612,5.767781,7.156237
15.982511,10.989942,14.586244,34.274925,12.276811,15.646981
27.400352,17.903267,23.983946,66.019356,17.128056,30.498154
19.471697,11.847478,10.673026,41.208767,11.472287,28.529093
5.008739,3.790714,4.498788,27.090727,7.169519,13.775255
66.201019,37.173908,37.830391,131.497391,33.202976,65.373795
12.407286,8.819775,4.202522,20.154871,4.170254,21.287004
35.873180,23.759272,10.581015,29.335960,6.636282,20.301456
9.832512,6.804630,3.444181,24.554068,7.672246,10.143171
24.075996,15.921112,10.280358,32.570522,7.687155,27.390757
6.098813,4.356439,3.440934,22.408226,6.761874,12.443611
8.838679,5.913719,4.711777,14.327611,4.201270,9.089105
41.254063,27.605959,11.517196,33.618023,7.973380,32.491890
27.319872,18.485306,17.181231,91.644302,20.794876,31.649008
16.041073,11.113955,6.459623,26.550112,5.280733,20.039816
16.474970,10.966664,5.497787,29.182447,6.383315,14.623175
31.314318,20.758295,17.780775,80.545647,19.869030,40.662163
8.927868,6.573383,2.831658,18.335554,3.288602,13.432447
6.940491,4.868428,4.841684,20.780230,6.003726,7.353513
16.922247,11.225680,7.083249,23.921423,4.995258,15.037461
6.600088,4.345854,2.627857,8.981070,2.696120,7.945621
10.465420,6.830579,12.483369,75.893707,22.906485,41.142586
26.037573,17.388639,16.892790,31.128052,8.343444,15.372013
27.877424,17.746214,13.308179,44.875683,12.232761,37.968628
14.641291,10.049375,4.619100,17.616579,5.873431,14.526333
28.374226,19.719191,8.584939,39.638500,10.166020,10.847838
17.435770,12.266703,9.055594,59.266262,17.112471,19.787401
9.990355,6.892885,3.799603,28.675653,10.306038,15.851105
13.500868,9.115641,3.373988,1.863335,-0.090046,3.644070
18.951006,12.936419,10.478660,36.068470,9.887030,21.960649
17.583065,12.139450,9.932009,35.334473,10.476238,26.090612
18.293997,12.543180,6.601623,21.381687,5.569473,16.494221
10.624625,7.458875,3.548634,15.331417,3.277493,10.369667
15.190045,9.931147,10.057813,31.746805,7.976471,21.125006
64.727821,39.553272,19.848688,69.405029,18.530670,55.904499
10.401583,6.904497,4.302538,14.379198,4.341595,11.843760
25.190989,16.267136,27.337217,92.274178,19.043959,37.619926
17.306557,12.002636,8.093202,24.341652,8.120949,15.759980
20.695734,13.992007,7.966074,28.066463,8.032308,13.542187
92.143768,55.421383,77.098679,311.138580,80.956642,223.677200
7.181316,4.781149,3.542470,12.676378,3.968782,10.494276
44.478607,26.745928,30.519899,167.395279,41.813896,78.889816
29.289770,19.275354,15.982491,46.704475,10.528060,30.487345
80.340828,47.239483,84.732849,496.674500,129.817993,293.872803
13.971911,9.754743,3.210238,20.622610,5.497235,9.067819
26.728123,16.555996,32.030193,160.021484,37.971256,91.860611
26.117538,17.397516,11.860345,63.567787,14.683620,23.865520
28.279562,19.351068,8.958211,53.028450,11.153779,21.049042
12.571383,8.834937,7.068167,13.949337,3.472027,6.429818
34.924065,23.059090,9.221631,28.068655,8.309360,22.733950
19.618876,13.636867,5.398382,27.094875,5.349500,22.675367
12.745317,8.521180,4.488450,24.582293,5.561160,11.764560
25.664112,16.925568,6.539516,34.262161,10.616774,31.601347
10.565046,7.353717,2.816711,17.778999,5.511123,14.861768
12.441386,8.354884,4.445834,21.991735,6.987848,13.170159
21.257151,14.374444,9.128888,26.279844,6.437831,7.495986
10.706206,8.014488,10.688496,20.812433,4.628980,5.511178
17.647633,11.138081,17.032591,74.656380,19.329069,27.796446
34.272568,22.410769,39.294079,141.728210,37.118713,93.104195
20.432070,13.325892,5.492784,34.629787,9.284901,21.622944
11.329594,7.991755,5.004536,24.552525,5.824529,12.112078
16.447746,11.095082,4.985350,26.032072,5.769928,10.991932
36.831863,20.673143,29.447865,113.878929,29.832613,61.762146
6.809763,4.626582,3.767713,20.130445,4.943197,7.584438
7.420475,5.003547,4.504359,13.615827,3.548360,11.266927
16.120495,11.090778,4.675943,20.472105,4.734339,11.106807
10.075076,6.943822,3.213588,10.893190,3.410602,3.953146
30.977583,20.543911,10.749354,39.270149,8.680553,28.735790
11.080285,7.434984,11.110556,35.226383,8.489207,40.604004
34.312592,22.507915,11.184482,49.744400,12.315497,37.056767
10.103863,7.215764,12.736381,46.679802,12.304626,15.582899
11.993108,8.353088,5.575759,14.920397,4.820635,12.426842
35.349987,23.630096,11.472566,48.886280,13.294332,22.473694
11.644721,8.081789,8.905332,48.703106,11.499331,30.638649
40.589043,24.071653,43.374687,271.246002,69.138908,149.907455
34.129047,22.797564,12.490487,57.142593,13.736422,27.504528
18.108936,12.095496,15.838079,63.924721,14.319807,39.817509
24.103001,16.102547,10.202847,53.515400,14.089378,15.739843
21.471491,14.594614,12.042337,60.883106,15.522191,32.277615
16.108673,11.096437,3.851879,39.180210,10.201924,19.856176
8.967865,6.085798,3.206685,17.254789,4.134935,8.978946
20.793709,14.091501,8.462634,57.215660,18.703434,36.364368
21.527842,13.933428,8.461837,31.085020,8.083997,18.049822
14.788766,10.114898,5.590971,21.765919,4.515642,17.194271
11.660397,8.240788,12.379656,49.971928,10.325952,15.831674
16.420015,11.041536,10.808698,89.161751,25.172749,14.335584
13.614547,9.411493,6.947086,34.366268,8.574248,19.197437
29.737036,20.112942,16.541279,47.729897,10.637877,56.424866
9.168145,6.172939,2.496400,16.748194,5.248640,6.391159
21.896675,14.955132,7.570921,26.636942,7.857965,16.574282
15.885275,11.102047,6.936296,33.489361,7.667287,14.435638
54.604694,31.747580,24.285391,92.082603,24.862539,49.126606
58.531967,33.056488,55.992992,214.090668,52.259418,152.747635
18.322405,12.249330,17.054956,52.646461,13.664565,35.076500
17.576519,12.088253,7.455950,56.627052,13.920002,15.761127
44.115440,27.531897,30.564871,129.500763,35.631638,86.753860
38.257767,23.532780,13.355946,56.031994,13.188457,43.128273
16.882355,10.997633,5.452809,28.926050,6.559472,13.770667
6.730057,4.895440,4.626737,31.821716,8.842924,15.790396
51.647385,21.755871,20.842802,101.915268,27.165930,43.455986
24.961004,16.701262,8.439908,36.580894,7.969788,17.728054
10.498113,7.283622,6.115237,32.232761,9.296609,8.407825
31.887621,20.051046,20.534410,110.871780,29.194899,46.377850
24.011190,15.813237,11.630208,36.046394,9.473657,20.158308
37.212975,23.372089,25.566593,95.518036,23.000757,56.663174
36.003529,23.208868,18.594175,82.569695,19.003408,27.480824
14.395795,9.923713,3.381169,29.662193,7.055699,12.016032
36.617352,22.857088,24.947979,108.736893,28.850235,82.628578
23.600986,15.695041,12.578825,68.024055,18.346251,41.762367
25.162434,16.608297,7.722804,31.535841,8.234623,20.029942
9.168656,6.517715,2.920845,19.503838,4.678683,9.814884
4.284653,3.076298,5.918370,51.589863,13.442286,29.177906
17.363041,11.587602,16.466976,56.667927,12.217918,26.911215
26.038195,17.367830,10.374395,33.569931,10.699581,12.454662
51.748260,31.806137,34.523884,136.709030,33.272675,67.338577
8.010115,5.483638,3.184745,15.608321,3.855322,7.454731
22.437658,15.422836,7.731927,40.284763,10.035707,18.316362
15.679553,10.570144,5.645274,29.107019,7.454733,12.176435
19.721626,11.801208,11.789844,57.199783,15.768618,46.164112
10.787761,5.392617,7.440434,41.767914,8.893282,23.807476
6.681082,4.638072,4.136552,21.810022,4.353304,7.792737
30.145199,20.113323,11.577686,44.336430,11.438485,32.072624
45.294502,26.980747,16.022640,73.810318,18.410252,35.621346
27.795465,18.273935,10.357104,54.475296,15.200302,22.375431
13.064176,9.384645,4.094028,20.634048,4.921888,9.467567
16.671585,11.405227,8.207092,37.242687,8.421393,16.291910
15.964272,10.907177,2.713198,22.668837,5.158990,9.870659
11.119645,7.401829,4.298518,25.665165,4.694369,11.042761
42.366249,26.498526,37.534744,180.097870,46.780579,130.736359
34.492420,22.892149,12.018700,71.907654,18.258680,41.705528
21.895294,14.857664,8.274977,31.798370,7.860249,17.143467
17.712402,12.435128,4.879983,40.141296,10.831663,9.913135
21.741699,14.548488,5.291022,35.798134,11.009242,18.504061
19.209326,12.340946,19.106678,66.155205,17.166599,38.369476
38.127186,21.168859,18.948172,78.265862,20.690306,44.056309
24.462605,16.449144,9.709174,50.341351,12.691340,9.684866
18.987730,12.530216,9.009898,57.100269,14.949029,38.800903
16.959560,11.347926,10.369785,36.168655,8.628193,10.612292
42.522850,27.963713,12.800619,27.638313,6.955559,20.204945
56.699165,33.239246,39.110569,148.743515,39.259670,68.883362
24.222378,16.272470,13.532428,88.788094,21.020721,44.840981
42.115456,26.728813,17.113144,53.599411,14.865178,47.293808
29.739496,19.075615,16.799997,65.742126,18.821058,53.060207
18.780750,12.864645,8.774574,56.492504,15.364089,19.156054
54.802807,32.068123,23.027578,90.020668,25.995335,40.118465
20.080639,13.150734,16.491339,57.292576,15.453807,33.879879
36.952106,21.771780,11.459847,54.119034,13.713461,37.898205
13.606416,9.498640,4.038626,25.358957,7.445967,19.016264
7.368187,5.311862,2.662593,19.580093,4.899593,18.947962
8.724859,5.779531,4.098995,14.093229,3.015798,4.477144
18.938196,12.637453,11.896258,74.029388,15.994256,27.280113
20.763199,14.035708,8.377607,50.319370,14.828769,36.843578
17.503445,12.062481,5.764115,22.493187,7.399828,26.489801
26.644987,18.159348,6.164636,34.504173,7.532141,27.469168
22.277235,15.049564,15.265545,45.295761,9.841383,20.856424
16.533373,10.872739,6.317439,39.748322,9.177038,10.948395
23.362196,15.482545,9.969044,35.933243,7.015612,15.221768
29.184418,12.915935,19.735464,84.083588,20.513018,54.155842
10.209081,7.045985,8.237161,23.393112,6.739305,18.671373
14.612970,10.244253,5.371675,21.942392,5.808502,12.696414
30.641891,20.297863,9.017991,31.420271,8.211675,24.456934
70.115883,31.663000,37.065842,132.472839,36.577320,114.306648
61.298672,24.025564,32.064655,127.699364,29.775955,85.215805
29.578867,19.651438,18.261631,123.147888,31.289917,72.445625
7.293962,4.925169,4.319520,24.919537,7.423292,12.608297
17.309317,11.671890,5.529867,27.700783,8.819550,15.485620
30.695572,20.381718,17.362801,83.040054,22.271120,37.261417
17.085440,11.278485,14.828664,14.218548,3.146764,14.363767
10.227172,6.985082,6.526174,37.543747,11.265219,13.026188
18.086126,12.168675,13.579954,66.827293,18.408558,36.665508
26.768116,18.670820,8.492912,41.579514,10.880002,25.210730
15.214674,10.031160,6.108762,20.637754,2.861458,17.705406
32.467205,19.706339,61.620514,222.671951,57.469582,129.039459
26.841915,18.348789,12.233416,41.475067,12.857083,31.404137
46.390659,29.568756,13.563404,26.818922,5.716240,23.795511
9.531870,6.867399,3.645518,17.931787,3.848600,5.399999
18.946085,12.764857,4.529402,20.190922,6.635612,22.666246
10.901705,7.565633,3.525665,21.436148,4.292884,5.941086
18.494009,12.606497,3.514835,15.806388,4.413389,8.859260
11.075077,7.704232,5.809252,29.484110,7.514078,18.208027
10.350102,7.356001,3.829132,19.382925,4.739353,8.067019
26.631794,17.491196,7.745667,38.490372,10.032725,20.266811
18.985504,13.343277,10.077966,47.998569,10.609630,26.986870
23.754847,15.631678,13.105042,59.220360,15.517842,39.325645
51.018333,31.887930,16.100546,59.041954,17.456347,31.148804
14.296072,9.608926,6.210353,19.993202,4.776921,3.814620
4.780679,3.722754,3.725659,23.575871,5.056900,11.187104
34.094288,23.197441,11.676889,47.427063,10.402604,15.425616
16.664497,11.245758,4.943343,19.779043,4.674390,11.540687
24.814857,16.316725,11.680352,25.115116,7.297228,21.777176
25.335043,17.370291,8.204908,32.462379,8.788017,15.271560
21.867401,14.205744,4.714648,37.379307,8.452649,15.401949
28.125463,18.277578,10.440557,34.956635,9.277822,15.064329
34.995922,23.669010,13.584753,55.756870,15.435648,31.938683
23.232872,15.803395,6.977492,43.449268,8.320756,13.383248
34.695999,23.373726,12.944270,44.144024,11.272496,41.857250
9.669541,6.600030,3.807698,10.479465,2.941790,12.616901
40.287189,23.960583,11.328061,65.946877,16.132462,32.384949
23.673723,16.213375,9.344404,18.409800,5.351820,15.295627
25.844175,17.265059,10.155337,59.713345,17.864922,31.341248
9.274014,6.253560,3.064321,9.496361,2.543579,5.009382
8.049153,5.723591,4.505718,27.185299,6.117927,14.040548
7.413208,5.209607,2.480024,15.958270,5.721445,10.241041
29.638294,19.677723,9.491840,42.886761,10.404926,17.370832
26.179125,17.749269,8.977775,50.775780,12.558926,34.940811
21.192081,14.019825,7.943663,56.885109,13.361558,18.064230
26.721893,17.874432,6.927161,35.986320,10.113471,35.143322
20.293940,13.567202,6.442932,41.744705,11.017493,24.875612
10.497849,7.477470,4.429102,29.030846,8.294493,12.418030
13.996062,9.783230,5.341233,16.595190,4.931342,7.458481
5.289721,3.861773,1.748065,16.162827,5.874397,6.996434
20.338869,13.257856,8.000881,20.598438,4.868689,8.526532
16.509001,11.213785,8.542238,40.289421,9.627199,18.623024
11.115354,7.579862,4.195323,17.660681,4.902232,4.913907
27.531855,16.799067,23.130003,74.673744,18.711580,20.801394
21.701405,14.534534,7.661967,31.532835,9.445561,21.357903
26.381069,17.606792,16.728510,68.326622,16.231735,35.795055
29.053411,19.600239,11.675775,34.754551,9.888632,42.130405
18.775522,13.011791,6.647765,27.949150,7.476777,11.282839
9.169991,6.562049,4.006137,21.374662,4.835702,7.919371
61.806038,32.943157,40.124374,32.629025,7.909393,57.765568
25.266817,16.284136,13.380898,85.110825,24.828764,71.719009
18.750101,12.597297,11.702723,46.052715,11.694059,15.097322
63.108044,35.044247,45.633274,144.181641,36.868019,150.970840
10.733343,7.665303,7.445796,11.149355,3.965152,9.651563
36.097214,22.625385,12.813651,54.457478,12.711845,34.237492
24.497082,16.297709,15.767308,79.830971,19.571705,59.751831
10.936519,7.428733,4.519653,12.405540,3.672267,11.356937
15.536580,7.516533,5.074845,22.604443,5.011238,19.890238
33.703560,21.047928,12.132461,36.625210,9.185381,33.257111
20.778284,14.040431,8.947523,30.650274,7.634280,21.832907
27.860481,18.568388,8.474175,31.947903,8.794056,16.939270
33.139656,21.229326,13.524193,80.379898,21.004272,50.851242
15.470457,10.391350,6.362265,27.074823,6.480954,7.529781
33.021412,21.571199,14.050967,56.335136,15.195570,57.283253
7.498020,5.317273,5.377137,11.711614,3.498992,1.899126
23.290810,15.766194,8.151361,32.774994,9.048779,19.317846
20.947306,14.641422,6.005077,28.313938,7.763490,16.656685
24.675814,16.579411,4.833609,42.839161,12.838393,36.302280
30.370611,19.565657,24.744616,96.809563,24.869766,56.135971
40.450111,18.966249,14.764601,49.593273,11.423540,25.474724
59.205242,30.073599,21.248434,93.457603,24.229565,88.974159
26.517405,17.214468,16.798962,76.369720,20.302809,54.261318
29.928495,20.061918,7.873715,36.577950,10.752978,15.098808
18.701298,12.389778,8.547203,50.576981,13.392407,28.410725
17.575373,12.284124,6.102104,17.382513,4.617396,8.943036
30.779375,20.522001,39.650654,134.689651,35.764519,85.340424
10.820850,7.764109,6.197825,41.523769,13.596061,21.235212
23.345907,15.260328,20.589357,107.079674,29.847385,75.006264
74.016220,41.672089,55.721390,221.323273,52.560982,125.720695
14.108665,9.878081,5.241048,21.351837,5.625797,12.136209
19.683086,13.377041,9.525506,32.028969,8.017281,15.075710
6.966778,5.126806,1.593182,23.983839,5.619198,12.553600
6.171673,4.376947,5.712523,26.557034,6.266287,29.548937
45.860523,29.464533,19.221823,78.947350,19.918749,58.425922
23.774538,15.884994,8.187203,37.195782,8.547121,19.969000
58.153782,26.577044,50.482498,227.599777,55.861927,161.241669
41.374203,22.047985,47.539036,218.545441,58.038956,131.563477
12.027245,8.084146,4.300958,28.088179,6.724077,9.149463
17.239326,9.621709,6.837785,33.168236,12.669944,22.224018
49.123825,28.896044,36.923290,179.086807,47.587997,61.820305
4.505427,3.383869,1.834437,19.873898,4.318377,9.828349
16.809265,11.792287,4.927088,22.113255,6.772300,10.901351
32.258965,21.057487,55.456013,219.024704,55.631126,120.093109
17.941410,12.009143,12.739896,52.512486,14.662332,27.371618
17.453037,11.839537,10.302257,35.539772,8.435581,14.851070
16.023363,10.625138,5.665778,17.174259,3.658500,9.779474
16.081879,11.078477,7.960020,22.435387,5.392313,12.281461
22.619682,14.976398,19.231331,110.775124,26.135529,57.980122
12.105224,8.389691,6.373473,17.651615,3.978727,9.375679
8.292583,5.461848,6.825756,14.925212,3.705384,5.940824
14.135396,9.753978,6.799695,25.763401,6.650458,13.640679
34.398197,23.230841,8.355392,35.123955,9.257707,24.554255
27.317631,18.688545,11.851853,43.651814,12.627571,25.319857
11.282597,7.609122,5.314707,27.129755,6.307771,18.533457
39.223232,25.216833,14.986650,71.927139,20.453167,32.637516
19.265007,12.431213,8.826815,21.268890,5.078983,11.631418
49.278568,32.326534,31.786642,129.234070,31.150972,83.655884
8.169024,5.480112,3.035717,14.115676,3.717327,8.470445
11.998117,8.058304,4.764169,14.897660,4.078008,8.929124
14.290531,10.049952,4.096071,21.556890,4.868243,11.359491
14.103649,9.361378,4.278803,18.844172,4.162471,17.073202
18.225061,12.319231,9.761599,73.552162,18.964190,15.626716
7.033087,4.695887,3.593390,7.930019,2.229442,9.779114
7.274834,5.057897,6.218398,17.798437,3.607770,10.935944
11.158228,7.447882,4.671462,27.093985,8.664852,21.951063
26.212208,17.578323,9.355964,66.321175,16.845232,35.391899
22.911791,14.939645,8.307932,36.706173,9.822990,31.841497
37.792458,24.046654,38.820305,132.164291,33.985916,81.148872
13.390031,9.112108,6.164120,17.248425,2.899951,10.165195
32.237579,21.252985,13.068693,58.601044,15.141009,26.552841
8.183119,5.520918,4.655298,28.382544,7.864688,12.017200
29.554117,19.062777,15.968414,101.933746,26.472052,33.313297
66.127136,36.519482,44.136898,208.871689,53.037140,147.057236
19.943422,13.372908,13.144293,69.242317,16.085758,41.296387
20.735321,13.095540,8.299282,48.973923,12.523843,25.392790
14.612824,9.893689,5.750596,23.095425,5.751533,22.579399
16.113403,11.096050,4.871237,21.679703,6.008907,10.985950
19.613016,12.965466,5.730938,38.623455,9.860038,28.694176
12.270079,8.423976,4.089133,27.034559,8.788019,15.382001
25.324270,16.796083,13.741650,67.646675,18.388697,25.117220
13.028257,8.558874,6.719463,32.576958,8.371095,8.175737
15.703133,10.839509,6.055764,31.721245,6.961776,14.864694
25.607006,17.168749,5.277321,30.024120,7.543312,13.894780
6.845768,4.873020,2.627565,9.940176,2.636280,5.027794
13.394894,8.935654,13.466663,51.004204,13.087828,20.498409
7.398916,5.265432,3.193153,20.016062,4.193830,9.109420
16.833027,8.920918,11.574552,47.492023,13.420027,32.051991
16.069725,11.122346,9.799538,34.075695,8.009880,16.489826
29.182728,18.565731,16.054670,76.409950,20.318466,31.727821
17.344139,11.816116,7.136555,19.909540,5.226397,6.536465
21.904293,12.924426,42.221352,192.567551,48.174175,65.785774
29.666735,19.743662,22.155586,92.640709,19.591202,54.890385
102.890884,50.514618,100.824631,423.793182,106.573708,186.468475
14.750087,10.012258,4.919181,19.525715,5.155288,5.722533
21.831158,14.381327,9.362822,29.309052,8.647179,5.890669
7.750370,5.341855,3.169634,19.985924,5.575110,7.928149
7.789713,5.150153,4.047203,20.026152,5.712176,19.148880
18.684900,12.927137,5.951728,31.421618,7.435532,19.932707
40.328636,25.805115,28.002068,131.940201,37.806168,66.332169
30.966120,20.507528,11.049538,44.588802,10.639669,25.182802
20.371868,13.889202,2.696842,33.704197,9.946628,20.877523
18.250666,12.834960,5.555029,44.919315,11.499652,15.506179
25.204725,14.386992,9.236048,41.676212,10.783233,26.169889
18.546936,10.990792,5.970359,31.422056,6.534467,10.685472
24.432552,16.541187,18.254877,103.304703,25.137632,51.467129
5.296637,3.611498,2.011649,12.065659,3.292578,4.276829
27.625027,18.499596,8.365864,36.556641,8.327676,18.116722
17.703131,11.919670,8.438312,29.605173,6.222508,10.723419
17.902235,12.237527,6.557562,29.201559,10.031861,41.916656
13.481480,9.221351,6.557390,17.670391,3.882028,7.494116
55.118301,31.223019,46.940327,246.096939,60.639709,135.408768
17.330801,11.902675,5.620969,14.509500,4.956693,5.849165
16.736547,11.392012,8.208431,28.257034,9.631399,15.484253
19.846630,13.327064,19.837709,73.435677,19.698214,54.351295
37.382675,23.827204,26.942108,212.310806,53.378078,72.988968
48.486248,31.689957,21.234169,113.660614,32.044502,80.838211
21.668470,14.628235,7.505950,42.557369,10.668730,10.713280
8.391006,5.622015,6.767519,36.579639,8.888422,13.833007
11.526023,7.833605,5.299664,23.825851,6.073529,12.621751
36.599014,24.991190,15.793653,63.627079,17.578901,46.845306
25.165892,16.565252,18.384733,70.029358,16.336926,50.771713
31.476702,20.091463,11.867662,64.060013,17.478968,17.372715
13.036584,9.186742,5.300499,22.897963,5.532550,8.311237
21.361404,14.099036,6.778238,34.524170,8.080100,21.981377
28.133112,12.306870,9.746243,45.325737,16.178944,33.802925
23.838749,14.306966,12.273073,58.867752,15.770297,31.098055
12.798788,9.154468,4.392506,24.476627,6.796513,16.370480
13.400132,9.046826,3.691997,13.682867,2.649622,9.657688
33.900959,21.601801,21.332069,107.857010,29.565849,61.749817
12.277665,8.304888,3.876594,15.052155,4.164254,7.329414
21.641657,14.868668,10.747175,31.073029,8.724308,21.038336
12.466461,8.497725,4.917652,36.417904,11.561816,16.259094
12.279749,8.574625,6.306124,39.892265,9.875199,24.780504
41.476677,27.068150,14.442435,63.358864,15.128422,24.989687
8.728884,6.249491,1.950555,8.769876,3.706910,7.366680
24.111849,16.931440,10.838335,43.336918,11.603391,26.108471
68.213951,41.190025,35.498802,132.277451,33.963966,77.753227
105.618759,54.171207,48.701893,177.339081,42.258278,87.452675
24.013821,16.301014,5.616054,31.300571,8.013402,15.885048
9.254261,6.658401,4.534413,29.970984,8.531576,16.321079
28.480249,19.174919,7.728183,22.613962,6.511343,23.632174
14.403853,9.730762,17.689257,76.316650,19.213320,39.500999
20.407543,14.019469,23.114553,99.942940,25.507805,48.380829
62.405075,33.258835,65.899773,364.076416,90.798325,233.617340
24.288528,16.366434,10.560180,51.965523,13.139258,17.079876
18.918198,12.948759,8.070588,44.826519,11.393466,12.581748
13.848141,8.878309,5.617282,18.397602,4.866520,12.370890
66.919365,30.075304,57.073189,264.223267,65.233528,116.740486
8.675988,6.062420,2.837083,20.097744,5.252385,11.815571
45.784790,28.339544,15.030438,41.556572,10.816036,22.378017
40.989822,23.765223,38.323330,137.367920,33.008087,88.982025
66.573929,38.876846,30.750305,122.942070,32.637432,86.027649
19.298796,12.743518,9.719357,63.240215,17.684195,47.157627
12.802171,8.483820,4.573839,31.686201,7.662884,10.300767
28.617489,19.233997,13.003776,40.378197,10.407965,23.317047
32.757652,20.261738,23.930998,100.874527,24.516991,51.934158
8.433600,6.074684,3.467815,16.686205,3.903851,6.476880
24.319595,16.230730,14.972340,66.989792,15.989419,57.204838
12.147991,8.488797,5.406895,27.286230,5.349082,14.155335
21.654646,14.540676,14.983344,52.840508,15.587913,38.294815
27.976240,18.922655,23.074791,109.100349,27.376886,52.668640
33.042912,22.167431,9.101781,41.050983,8.541688,17.831903
64.299927,40.768799,24.911940,136.909637,35.485966,61.194576
5.466904,3.758792,3.384154,34.243427,9.834086,28.182760
14.679374,10.318985,7.111917,40.318573,12.939781,52.289593
25.085171,15.611642,20.933187,101.381546,25.643963,69.984657
4.995903,3.529399,2.280941,13.412289,3.482042,3.625057
7.508790,4.947721,9.774319,20.857571,4.847427,6.213894
29.102926,18.487265,12.998145,67.764679,16.616453,39.375942
33.097851,22.083582,7.786399,51.329914,12.368640,20.129129
14.541187,9.818989,5.949815,18.804968,5.146037,14.929009
17.528667,12.745151,5.987858,25.816448,7.181842,10.413862
18.974283,13.577243,6.001154,27.294855,4.906821,14.928820
10.859867,7.316444,3.920724,17.765598,3.751451,7.744722
8.032166,5.741350,3.340536,19.617207,5.352577,5.113417
20.209097,14.493968,6.370347,20.496513,4.588634,11.053549
31.327286,20.896044,20.094570,84.143845,20.983995,39.667076
13.255664,9.347683,3.806398,35.336861,7.156862,12.563305
38.462212,24.150019,29.322603,94.245308,20.842833,48.556110
11.538867,8.341720,3.764232,19.181149,4.362966,8.185144
10.211920,7.154637,3.809428,13.556905,2.763126,5.855563
21.545546,14.064989,6.769803,47.645180,11.102389,23.937023
7.934265,5.512342,9.139855,55.278450,13.051760,33.652634
11.135911,7.416385,10.756821,71.329559,18.802006,41.887493
15.662600,10.409280,6.436924,28.036839,7.872360,11.117126
41.235943,26.838093,16.643684,51.955704,14.723464,19.975576
31.848055,21.273731,13.753160,64.055191,16.040859,36.501736
4.436980,3.336075,4.170283,16.783506,5.500171,8.209146
9.867435,7.047006,11.104074,43.102058,13.341893,31.597521
16.509937,11.470674,6.761093,22.661409,6.020000,11.109921
36.716908,24.413877,10.382887,45.098404,10.322105,24.910070
16.876850,11.359520,9.555879,49.262291,14.259231,20.714323
26.258711,17.708090,8.865528,43.653461,12.792244,40.588154
38.217094,25.457209,10.867669,60.363441,15.971637,26.392456
26.421959,17.038548,17.658861,69.708176,18.765574,32.560104
12.030933,8.382668,5.131213,15.372829,4.389890,9.325819
10.348509,7.394825,2.658123,13.191197,3.927809,14.145604
61.909298,40.254086,55.311825,193.217300,49.217571,130.805374
16.779909,11.472943,4.537829,22.234795,7.009830,13.202668
11.327931,7.445967,3.713657,16.396317,3.816728,5.212734
49.562248,28.723497,51.542336,152.162613,36.783543,109.937347
43.599792,22.592451,15.519861,81.727234,23.638916,36.594891
52.838970,32.177822,29.307770,147.980789,38.809837,113.695938
33.246597,22.406307,11.789453,60.185997,15.325321,27.322935
31.683386,19.068773,17.739096,80.782936,18.910599,28.736610
9.556409,6.793918,5.104256,17.707020,4.024390,9.957644
28.111286,18.375906,10.891735,39.918205,11.836226,22.014894
10.775988,7.445391,4.168983,11.928747,4.109545,3.900251
14.622204,9.872242,4.069538,22.480679,7.175431,8.591644
29.698639,19.150293,11.912671,62.991379,15.570476,31.840364
17.422035,11.795200,7.135127,19.118372,5.470936,21.483223
30.315336,20.273785,21.753689,90.697693,23.379852,37.683632
18.633701,12.424400,5.950000,27.757151,7.843917,24.416800
54.125790,34.107380,35.618256,174.200699,44.056728,157.908783
48.780769,28.274719,66.796906,195.271393,48.111820,87.785698
15.968591,10.926688,6.865799,20.908627,6.859696,16.156500
23.327751,16.205681,10.575281,41.093109,12.014706,21.126589
10.093214,6.686543,4.117873,21.968864,5.637473,17.025625
14.973336,10.491009,3.628811,12.779172,2.548058,14.077145
37.644917,23.597183,16.187426,54.930504,13.734024,18.877174
11.298418,7.787751,6.158752,17.372808,4.211978,13.924772
10.231770,6.838581,4.129075,18.875149,4.683902,13.521646
9.136440,6.197176,6.659089,34.614094,8.057531,17.162949
25.824884,16.777206,30.387306,96.576546,27.913700,79.234070
13.064857,9.001601,4.968086,28.302856,8.177908,17.869526
11.370655,7.742698,3.289746,17.961349,4.408329,4.640779
17.163450,11.716640,5.603799,43.936378,12.069961,27.050591
18.032646,11.989444,6.134137,28.643961,7.937087,6.702572
17.990807,12.548779,6.711645,17.482460,5.179523,11.928313
33.343670,22.405914,29.060171,153.084564,42.091526,57.953377
67.864105,40.090927,70.100029,230.895248,58.686779,203.744537
29.206718,19.179115,26.604343,99.060104,22.154058,48.082508
88.060349,45.816799,98.407982,331.265411,88.926239,248.810730
35.423630,16.407480,11.602242,46.315777,13.917278,37.953011
9.174109,6.519852,3.930522,27.135675,5.228243,9.528641
22.962130,15.337655,11.212551,46.455894,12.233390,35.778774
9.977927,6.797815,3.082332,29.453325,6.318817,5.875937
4.639945,3.392812,1.735940,9.319254,3.676366,7.360738
16.176384,11.020757,6.183883,13.065187,2.832968,11.919580
33.835228,22.323107,9.169482,31.276274,9.605364,26.793745
12.492606,8.220398,4.515868,22.083511,6.217453,12.852434
14.135287,9.561531,5.415360,19.350859,6.203825,11.413700
64.259415,36.191860,59.019505,318.923889,84.118706,181.030411
8.413056,5.706255,3.457439,8.519457,2.526665,5.677786
22.309067,15.357802,7.559695,24.611715,5.696103,19.291637
5.522209,4.059114,5.763006,20.473692,4.662038,16.745153
20.252993,13.918902,13.512711,43.981094,10.268508,13.675624
44.169739,26.127892,20.389790,76.218178,21.600918,62.129280
21.384016,14.213567,10.847159,75.154297,18.306383,33.733952
46.186077,29.716089,31.244411,152.131195,39.674744,67.435471
8.747812,6.501566,3.659182,17.183708,3.981796,7.579401
10.941608,7.535808,3.065152,20.315542,5.914122,10.558828
9.760363,6.644407,3.211605,10.395461,3.330059,4.794807
29.222425,19.067194,8.411646,22.432030,5.028277,23.563988
29.538218,19.311703,22.550125,73.719093,19.293114,61.448811
18.686699,12.337684,4.103189,23.166962,5.681660,10.778647
6.048846,4.553159,2.328847,13.343369,3.635819,3.730979
25.806704,17.201654,9.473742,45.105923,12.399066,17.896105
18.094978,12.890245,4.310505,34.515331,10.868490,14.636964
16.661882,11.230432,5.570263,35.012711,8.509339,10.682608
11.607113,8.061655,4.629770,17.396910,4.351623,11.697137
27.714231,18.193949,21.868376,85.274010,20.816486,54.204823
15.509984,10.458270,5.271522,20.323820,7.107619,27.105225
20.874735,14.485924,11.707456,40.498848,11.077785,16.312244
22.664753,11.725744,7.224068,20.150450,5.554468,21.512001
19.282310,8.745576,6.955962,23.482126,6.251087,15.984550
30.760502,20.668274,8.617926,53.176437,14.408785,26.318167
44.994877,29.931915,14.607904,53.938267,14.026722,29.585217
12.214044,7.988912,5.269770,11.361494,4.426541,5.919057
11.471084,8.414814,4.407001,14.798386,4.345156,7.362224
49.296032,30.844152,57.454914,203.975525,53.443867,74.669670
21.485468,14.902246,7.550133,20.521311,4.417727,14.349356
4.680945,3.525981,2.744334,23.243635,7.379121,22.085217
16.545807,11.154002,4.990781,27.280441,8.559933,17.032396
14.326596,9.659654,4.912405,24.771238,6.712267,8.595513
6.258497,4.523858,3.634208,11.677844,2.924308,4.313897
20.038565,10.948620,18.276718,116.620476,29.670313,58.554138
21.397295,14.290945,12.387352,30.925186,7.981753,29.106686
24.422596,16.231272,10.761672,37.295074,11.455534,8.507762
27.836479,18.213974,11.855818,91.070770,24.720184,78.193428
26.730736,16.960865,25.105658,104.188545,26.648382,74.590744
18.603519,12.187144,5.292080,25.194824,5.351821,9.738717
9.452603,6.801335,3.901476,10.488352,3.299074,9.022618
22.066154,14.791170,11.822439,62.765450,15.089325,25.594303
23.387932,15.974393,7.621020,47.579105,14.170594,23.650625
17.717285,11.891337,5.746603,21.369877,8.563578,14.396469
27.748545,18.888521,22.287098,98.797813,26.852751,56.321167
14.889955,9.779261,5.800351,23.272873,6.773935,9.200394
11.620021,8.074347,4.113985,15.874630,3.429574,7.325346
9.536093,6.404184,7.080923,43.296597,10.817633,16.291737
16.630663,11.520025,5.917904,16.809566,3.846997,8.878175
23.136784,15.268914,12.854357,57.445877,13.482088,29.894081
77.247765,41.693882,53.868401,206.133789,49.829590,99.254356
27.873079,17.932610,14.016203,63.540546,18.405973,44.058937
15.188239,10.248521,8.769757,22.621468,6.144118,9.923952
42.037033,25.585905,18.118052,66.563644,16.697071,38.931919
22.590521,15.363413,11.811520,68.571274,18.921946,37.274300
6.197361,4.140137,3.015136,13.296557,3.821071,2.848221
5.234305,3.797132,8.663368,27.588751,6.527218,22.449160
46.198460,28.111561,31.301319,158.204895,43.210114,113.682610
13.869152,9.260416,6.377041,9.676448,2.993904,9.531539
44.805603,26.579821,45.178841,113.165771,31.234695,97.391739
14.153057,9.446339,2.796192,41.054226,9.463138,14.236901
28.217432,19.349678,8.730596,37.164482,9.324533,27.567921
19.122620,12.352334,13.729253,71.911911,20.125147,53.930862
13.907321,9.320147,6.649392,20.719492,5.023055,15.078434
13.072329,8.463728,11.805783,58.036610,14.838190,52.778160
15.772593,11.000886,4.707300,21.969963,5.466610,17.898508
43.272003,28.201105,18.091074,57.498161,14.683967,18.614635
9.328676,6.105817,4.442050,19.639328,5.583760,10.221466
34.554218,22.334743,10.175665,52.048126,11.527851,23.656349
20.571251,13.533420,10.412183,43.121361,9.924923,27.101431
37.110714,25.058590,24.314020,67.384087,19.003502,32.544636
20.045223,13.704597,7.194112,35.531425,9.160978,7.104406
27.044615,18.648380,7.748233,37.067738,11.026387,47.649250
68.698868,41.296322,30.194778,133.677414,36.663357,94.991127
9.251649,6.356528,7.572864,33.255814,7.953907,12.611838
27.693604,18.235567,14.123767,42.779514,9.986956,39.405872
12.150965,8.226782,5.490504,47.103889,11.066165,16.383312
15.075131,10.633875,5.421204,19.875093,4.804163,4.938465
20.574760,14.350315,11.422326,31.764214,7.702611,18.196474
7.659880,5.308745,2.703901,10.188063,2.803187,4.582755
16.809765,11.381290,4.830031,17.817497,4.645297,11.224390
21.442703,14.681999,8.377234,32.058197,9.356832,20.457249
4.397626,3.233163,3.349246,13.578017,3.558499,10.696625
36.469795,24.604923,18.385445,67.045609,16.409939,30.088436
13.534892,9.069276,4.384298,25.674393,5.734701,9.993093
8.054942,5.062489,3.751398,43.205978,9.862432,10.582850
10.354199,7.323254,4.542672,14.871209,5.652976,4.630145
23.778332,16.219513,8.464723,35.138649,8.002771,14.319878
7.389329,5.173733,1.402752,13.120367,3.200582,4.838198
15.953490,10.963564,11.375277,58.588932,15.978360,14.211993
21.301304,14.200498,20.855906,73.349846,20.684530,65.372375
44.764950,27.673046,39.523701,176.731064,43.054897,57.719475
41.435162,27.725525,22.802116,136.240219,38.336365,76.902443
11.974315,8.321161,3.897481,6.675399,1.874112,5.106349
11.257238,7.695996,17.541838,67.261353,20.913042,38.328762
23.598047,15.960711,9.382237,43.614506,8.702026,29.240911
37.370766,23.172422,26.187895,81.360550,20.336231,54.782322
20.766310,14.325747,19.318922,77.215988,22.740091,66.049973
44.119640,28.910702,27.867340,112.700317,32.885529,82.194656
11.001058,7.670877,4.140594,14.213303,2.187815,9.469851
17.597807,11.891746,6.607455,29.325562,7.776329,14.059405
28.534014,18.871365,9.350779,36.701664,8.408279,30.955460
19.280687,13.381201,7.904696,41.571529,9.677083,16.876816
15.897606,11.348763,14.949890,77.114136,18.130764,23.048176
39.625305,26.168158,16.683495,72.134087,18.720047,58.887680
12.930815,8.949371,6.706136,56.924881,16.034227,52.217255
28.185240,18.585238,8.901432,52.239536,13.716857,15.389231
12.493520,8.488833,4.933353,23.763105,5.501802,16.226730
81.874100,44.835796,69.561295,300.755646,77.582481,138.486832
12.321531,8.437971,9.116349,39.492992,10.613403,23.410072
18.555098,11.700847,8.145446,43.185566,10.482471,24.441307
17.710369,11.674981,14.157786,38.845413,11.071078,26.760303
18.311840,12.333382,4.137856,13.623154,4.562139,14.538359
6.197226,4.282756,2.172414,17.910063,4.726830,11.187335
10.029849,7.021554,3.870209,25.673878,5.268169,12.316257
15.571918,10.439378,8.631782,52.675060,13.253765,28.324394
21.475456,14.664032,9.161160,21.575142,5.568039,10.633463
4.757812,3.454126,8.909032,35.570671,8.777087,12.205091
81.375519,50.562298,42.901608,233.775589,58.642876,151.971451
29.619089,19.158880,10.190856,59.714638,11.688734,10.651384
39.075665,25.745529,7.726384,52.102936,13.859138,26.344761
46.904800,28.459257,47.463913,217.152954,55.311893,94.314156
73.648331,40.108212,57.045765,191.986252,50.109814,103.408127
14.553946,9.930413,4.330764,17.538065,3.546921,8.351453
14.308899,9.779330,3.999374,22.985100,6.241811,4.439527
23.471399,15.943072,4.532741,41.048443,10.776331,32.114437
14.555901,9.923973,7.659052,28.532396,5.154896,8.273027
16.740589,11.082624,16.718029,105.348030,24.283308,44.732864
23.162516,15.799014,7.791671,43.949207,10.952809,21.696932
94.301025,50.565544,58.804241,189.578079,45.238796,115.160439
17.003952,11.235226,22.429375,108.047226,26.868477,58.089977
13.555780,9.288782,6.348025,39.096653,7.374636,23.791368
10.054910,6.940780,3.405772,24.859154,5.367122,4.011422
32.818317,21.468346,8.954000,30.029989,8.358856,27.486193
22.872046,15.314868,25.788391,79.496376,21.216827,39.159321
20.974913,14.441510,20.978439,62.285221,16.672470,24.718388
46.215408,24.811916,45.074825,209.186325,49.925240,152.209763
22.058998,15.040495,8.786843,65.834587,14.585114,40.430405
25.080359,16.924425,7.776829,37.224823,8.892581,20.999887
12.576773,8.853203,3.434706,25.678007,7.562053,6.882237
43.057415,27.673855,28.003901,133.846603,33.705349,81.422699
13.783272,9.669112,4.738290,17.851217,4.659307,17.172382
29.293911,12.145535,13.365565,56.049641,15.417726,31.918089
30.034187,12.231425,13.753978,59.494049,15.453922,32.654163
20.021837,13.799370,10.876349,34.327240,8.667887,44.628433
20.266184,13.501915,8.993370,48.771511,13.580279,34.746017
13.309687,9.515614,4.648354,16.102627,4.402688,11.684295
15.127092,10.026324,6.462558,25.739033,6.902754,13.278226
22.848742,15.017053,17.234093,40.709526,9.907369,31.923510
11.639926,8.439126,6.306791,34.312645,10.212221,22.034689
18.873964,12.553350,8.015162,31.814720,8.758411,15.700834
13.167435,9.024126,4.880244,27.608404,7.536783,9.794442
10.514398,7.243056,4.751436,18.303839,3.956036,4.211388
58.624226,34.804604,49.566639,174.982086,46.231163,127.057747
32.757874,21.438063,12.385703,35.970894,10.383739,11.331464
27.658615,19.384745,12.641052,57.234055,14.800619,20.358627
15.058355,10.051203,6.480908,28.482977,7.301392,15.289968
9.340092,6.839859,3.198306,15.186914,3.784210,7.726382
14.619629,10.494012,5.367290,19.839838,5.423929,7.689291
60.197269,36.018284,33.691193,128.272568,32.813461,80.114418
7.830411,5.178668,2.475992,10.363177,4.428864,13.846282
18.360842,12.243394,11.811589,67.590477,14.667246,19.059967
52.672638,30.299818,23.214893,113.956291,26.602827,84.761398
28.839823,19.473125,12.550086,56.580399,14.186309,21.284262
19.362991,12.686317,5.467414,30.071091,7.673154,15.059997
47.808784,29.073137,13.002835,58.900688,14.376423,25.431887
27.030708,17.939013,17.531916,61.152348,14.635717,18.158165
14.475196,9.697287,7.624965,28.322374,7.092678,24.052261
16.529217,11.177620,4.604128,32.383999,9.613837,13.283269
66.798012,37.897289,38.878292,38.426350,7.974279,63.834972
24.753567,17.328196,7.279067,37.430458,9.386254,5.105405
18.135458,12.330700,11.605392,51.160664,14.707913,23.595753
46.719894,29.135883,52.053925,184.357361,48.561039,114.980927
15.148005,10.149976,4.644793,16.886732,4.934470,11.028935
22.578339,14.952452,16.745481,96.687157,23.539419,67.023750
14.254261,10.248770,8.663200,38.733173,10.424782,21.955330
59.662888,28.624054,30.844446,123.561752,27.559383,90.260124
13.914027,9.445813,7.611747,27.709080,7.912012,19.020004
36.930740,24.169264,14.511717,41.757763,11.303519,59.326473
9.092058,6.418822,3.100950,18.608320,4.477367,7.624751
23.733862,16.264557,9.475825,27.380190,8.093081,22.934954
15.571288,10.876897,4.439860,24.586779,5.251576,13.692112
25.302542,16.765907,10.253583,49.029457,13.780079,27.974699
25.858986,17.196299,8.572975,37.415203,9.478727,20.289824
31.427149,19.295870,37.685223,176.924133,44.192112,108.952309
31.764776,21.843201,20.255865,51.376842,11.901731,55.603069
43.891922,22.768930,51.458221,198.026535,50.682205,101.892197
10.841928,7.863589,4.832054,31.280670,7.538704,13.061108
31.358488,19.651995,11.768711,48.964897,12.530932,12.967215
20.987679,14.421299,8.778470,30.798620,8.093474,9.896805
28.544901,17.963161,14.329357,73.048111,18.151163,45.924328
31.196432,20.489254,7.943089,23.438017,6.294930,27.071783
16.696768,11.175714,17.409403,57.273518,16.420837,43.010887
39.065052,24.260756,44.548370,154.821198,42.785038,70.036674
14.123087,9.617180,5.393498,23.290749,5.312157,7.222457
29.958622,19.594522,10.078429,60.491688,16.767675,33.071877
14.460567,9.746525,7.030723,22.709145,6.017210,16.779839
76.517952,40.821445,68.122604,252.191635,66.667610,233.124741
18.916206,12.735364,9.261307,36.985695,8.724097,30.996328
29.993298,19.999353,11.521955,55.622093,15.147065,9.906749
16.801517,11.524820,19.217920,51.201008,11.490374,26.873148
8.835373,6.378240,3.854155,14.188805,3.800801,7.430093
11.066875,7.760214,5.837301,1.473738,0.963203,7.306867
23.442308,15.588964,8.214014,23.593199,5.143258,20.187292
7.752732,5.298409,3.632968,37.395447,9.182609,9.420119
10.819628,7.848511,3.907057,14.162386,2.931044,6.218531
27.966908,19.110321,12.003858,64.021538,17.569880,24.382582
40.800774,24.276667,33.033413,113.983940,26.161671,82.689095
27.359913,18.603039,9.898000,35.855392,7.566773,19.471058
25.694412,17.287025,18.674229,13.178960,3.920464,24.527016
41.241215,26.734682,26.516197,82.426338,19.666550,79.320457
22.910246,15.840837,7.616130,25.558826,5.947443,20.698614
25.556847,16.706367,10.885019,40.987221,10.433703,27.714937
19.195927,12.965454,7.437699,34.895397,8.981236,26.351788
13.021686,9.296894,5.505306,27.152079,7.172004,8.913540
12.779600,8.573344,5.204861,30.344011,6.493193,14.714552
21.498095,14.350041,15.677673,66.373222,15.450729,52.502857
13.529909,9.131916,4.731017,22.296244,5.247603,22.267229
32.695545,21.945581,10.024632,41.628906,10.827956,17.248848
5.706019,3.849869,3.357629,12.979105,3.118891,4.798830
15.808772,10.747804,7.146179,26.304621,7.708490,13.133659
13.630757,9.415436,4.434664,16.670687,4.555777,6.030108
24.187927,15.158169,15.331868,92.268456,23.315277,41.358887
8.602433,5.866446,4.383866,34.884068,8.796561,18.043327
59.480404,34.955734,40.100872,137.092453,32.270992,92.045593
21.683422,14.467443,5.732564,23.034948,7.965259,20.576668
13.893171,9.784463,6.450590,16.088062,3.623439,15.409609
8.166859,5.384398,2.706725,6.525376,2.167866,6.417091
30.820118,20.640886,8.180606,48.730957,11.352419,20.155178
34.180622,21.744131,9.764461,53.934177,11.173920,21.331100
21.540815,14.447395,12.208843,36.048172,10.746675,28.666838
5.530575,3.924950,3.766116,13.254988,3.148563,7.168752
12.151462,8.243056,8.177364,61.353153,17.154596,30.589811
19.128641,12.792350,11.758990,50.487045,13.008308,38.169624
7.317081,5.536740,2.779747,9.424438,2.358901,4.883476
24.070070,15.451059,33.607162,160.836334,43.536938,77.776115
13.217026,9.509130,4.555359,28.004316,8.908055,11.561780
17.103033,11.867609,6.141057,19.386278,4.809244,7.988300
52.940777,32.789295,14.019072,62.202305,15.242557,45.230190
24.071920,13.084861,6.490229,36.613396,12.056929,30.189104
38.625145,19.915817,13.629901,53.639717,12.665458,36.930374
32.848259,19.938208,19.189817,104.167191,26.009378,42.810516
50.944710,28.735451,46.483070,199.396011,48.683582,133.917374
15.142399,10.746902,4.183746,20.008211,4.761267,13.818018
8.726174,5.852091,9.891542,45.906410,12.058416,22.178440
8.396101,6.097569,3.285895,18.648540,4.044866,9.088357
32.123024,21.998198,13.410978,33.016628,8.280356,20.492958
5.558338,4.124565,2.777991,11.262216,2.616458,4.778506
11.825062,7.360480,6.960129,34.607460,6.945976,15.059370
19.915985,13.009607,12.583688,45.954376,10.689181,18.858738
8.229712,5.797006,2.572227,11.651888,2.800546,4.813253
7.331966,5.164312,5.985192,6.530618,1.127882,7.871278
23.425379,16.057837,12.036620,50.118221,12.311559,14.237914
8.745003,5.709987,1.874492,15.030699,4.091819,8.720492
46.241566,28.761753,42.614040,183.264740,44.520332,156.276871
5.556547,4.129283,1.559328,7.771840,2.182876,3.736376
7.374185,5.257308,2.799870,16.462549,4.918591,3.522500
15.731702,11.071518,4.394142,15.655400,4.326358,16.072727
26.937756,17.734634,8.114927,35.446316,7.630367,17.369707
8.212075,5.578046,4.039176,21.677401,4.627835,13.392920
10.658657,7.604929,3.440355,21.449526,4.704389,17.917082
5.191672,3.555386,2.454882,0.689286,-0.532954,4.794501
32.322472,21.822277,10.314792,63.041142,16.279995,55.747868
43.919846,28.986986,12.838305,43.022217,12.493147,39.811642
8.137362,5.615443,4.798253,19.694920,4.738575,17.811533
5.675084,4.251175,2.187038,14.506934,4.130549,10.305828
27.399973,18.723118,8.145187,46.310280,13.161241,22.598597
39.258854,13.953412,19.716928,114.102646,30.627602,41.091122
14.435965,9.989167,6.717536,25.069750,6.451072,10.587281
5.838585,4.514902,7.901108,26.884001,6.151805,24.699766
20.906189,13.879766,12.405966,40.722191,10.676324,34.143269
16.401537,11.282640,4.867044,22.045061,4.338410,8.863710
16.479723,11.428250,6.808790,21.759787,5.463552,15.010781
19.270523,13.197007,7.035170,27.727575,6.157918,19.403633
19.524872,13.383938,9.248589,33.103371,8.297934,10.892700
20.055988,13.746346,6.194860,27.664627,6.846067,16.465347
34.661190,22.523655,20.340590,62.697067,17.889170,49.468388
24.987375,17.290268,12.557746,122.286423,31.742937,35.637901
27.098171,17.745852,7.614395,37.545185,9.361341,15.023849
11.569633,8.404840,6.173097,18.162746,4.346252,7.071324
12.361798,8.694817,4.727323,34.193172,9.327313,9.663864
14.127934,9.762963,6.620303,27.289948,6.676155,15.965044
25.407852,16.953043,9.530678,31.734049,7.052546,31.051138
56.532406,34.469944,33.487015,131.557785,33.569885,95.482185
16.543026,11.129309,3.897162,21.483875,5.625441,10.373224
31.306223,20.571634,12.169821,49.407715,12.472411,32.986862
8.667080,6.188674,2.701424,2.879668,0.620892,7.583269
32.237064,20.707529,14.683492,32.428284,9.211706,11.511225
15.254176,10.216760,9.448936,35.910107,8.578406,18.445034
31.872053,20.502935,15.463129,61.906124,18.347952,33.988979
7.209196,5.280247,3.576976,11.185070,4.070649,6.594004
19.714968,13.339207,15.544072,63.310429,16.178677,30.360102
30.826473,19.860619,12.467481,61.687313,16.009216,42.361050
22.329617,14.963236,6.717672,17.306946,5.555620,27.410465
25.170444,16.949297,14.260051,36.298588,11.433949,25.400244
32.551594,21.293449,12.868752,66.715355,16.084911,18.493956
9.740525,6.941046,2.344203,10.935043,4.206009,15.737284
16.721373,11.464774,10.108149,49.657310,13.695430,31.452839
13.808704,9.268450,5.088155,22.304098,4.874493,11.874227
27.293125,17.793724,9.853094,35.309578,8.687696,11.634191
27.391523,18.178801,7.247786,42.994297,11.967223,31.155909
12.529651,8.445037,9.296782,72.235329,18.964682,57.219784
18.165382,12.332404,15.862604,75.536232,20.661549,31.626802
9.701906,7.128320,4.598250,10.451772,5.205509,11.007117
15.379899,10.719727,5.913083,31.130177,6.995171,17.885448
40.140675,25.720394,19.532122,95.576637,24.146233,36.415924
9.196177,6.490804,3.354079,8.704160,2.767389,11.168123
24.258154,16.225067,8.082793,23.067249,5.439845,15.509723
12.022234,7.908768,3.757794,21.419483,6.567229,13.055820
30.261591,20.042057,17.077379,70.964706,19.991880,67.188049
17.302248,12.068678,9.599973,30.714956,8.522377,13.173783
28.483013,18.351618,12.345568,59.731850,16.239395,57.644772
11.191481,7.418232,3.503251,16.717861,3.411386,11.815517
4.519114,3.376847,2.256727,16.383495,4.619252,6.361174
18.979404,12.537777,8.165847,36.957451,11.011370,35.175663
29.515778,12.217399,21.542128,71.417839,19.157967,49.550110
26.111925,10.814666,20.403934,77.133972,19.314520,35.401474
27.726412,18.752050,7.886899,28.682320,6.737737,29.409925
19.500944,12.883980,8.818607,37.072964,8.808512,24.695904
36.158272,23.382311,20.378639,110.641251,29.089750,63.506432
6.620989,4.330319,1.478367,16.707512,3.934295,10.937442
13.316904,8.972899,4.559764,15.544510,2.821824,4.035942
12.690011,8.721178,4.386272,14.969123,4.387199,20.265036
19.734913,13.440528,8.388313,30.078850,7.449580,9.357283
36.050480,24.285490,11.363388,28.249262,10.585357,33.740448
20.382603,14.105298,7.355118,27.808067,6.881675,14.415259
27.041796,17.784294,10.031267,60.743576,15.031518,31.672806
22.323208,15.010528,6.774737,2.667231,0.987724,11.705306
23.099018,15.460592,10.256737,56.632118,11.966750,37.015873
12.236133,8.484329,5.028102,18.486643,4.315598,9.210741
13.710469,9.190218,6.932846,33.858219,7.965243,12.038788
26.945072,17.159328,15.093202,58.457806,17.468243,34.894356
10.116059,6.955748,5.150083,17.905655,4.644315,13.323580
16.967987,11.317074,6.345500,22.885286,6.637665,13.937543
29.092215,19.102190,8.437764,41.238819,11.272977,25.541862
51.524220,29.903400,46.731781,148.695465,40.774254,80.956116
4.602754,3.319749,2.676770,2.193756,1.007676,2.590111
44.198456,27.777369,54.497749,193.264496,50.574940,140.288071
14.593346,9.685932,13.888229,89.917885,23.382908,45.064404
36.470345,23.642149,13.022705,38.921574,10.916063,20.326660
9.514265,6.580648,4.782407,42.419983,11.223476,16.404800
21.621586,14.722454,8.116269,22.877882,5.283912,14.347030
81.511635,42.033028,48.231155,191.430954,46.084209,142.763092
52.886757,33.495361,57.062508,207.993942,56.927143,90.218704
27.097378,18.277174,10.780014,44.841625,12.565444,37.527420
54.639427,33.199989,102.589645,296.059204,72.985947,220.361084
14.446168,9.900603,8.623661,28.747673,7.093593,16.707890
20.143854,13.162825,14.571622,74.645187,18.954290,34.354717
23.206627,15.248262,7.810778,37.086266,9.637684,13.810484
18.505707,12.902806,14.094262,27.027523,6.914065,14.758130
42.978607,15.956791,16.231979,94.153862,28.717518,47.456898
57.004002,29.013626,39.926746,224.850327,58.790737,71.900566
7.538567,5.192037,3.716915,25.799345,7.176867,14.140862
20.191322,13.557545,15.921129,92.274796,24.202131,68.021980
6.190258,4.188941,5.781024,8.678381,3.453700,11.670274
9.836123,6.754457,5.755962,23.660145,4.932266,10.318425
15.132765,10.763137,14.013147,22.488712,4.619913,10.232343
16.350479,10.950831,5.634084,31.036196,7.911568,18.002924
10.433349,7.249692,4.547582,17.662548,4.416637,12.687118
17.069067,11.368309,6.345398,29.102182,6.658279,15.746893
9.108294,6.141702,4.449855,19.416317,6.004311,11.092000
20.456089,14.043141,12.546683,48.662716,14.705194,29.896509
25.701611,16.919554,12.508518,40.494045,9.727238,19.683287
35.857311,23.561415,9.156332,34.898300,11.726332,29.746286
15.595864,10.465958,5.369613,26.060413,7.094489,12.504287
21.110256,14.577668,9.227104,49.420200,14.224013,9.236515
17.542467,12.061783,9.499608,36.607132,9.913721,21.375807
44.493721,28.738884,13.888391,46.044491,10.668884,28.476723
16.362368,10.968275,4.578893,24.461020,7.796671,27.902063
23.472725,15.335759,6.803357,37.679821,9.100368,23.879740
20.702230,13.938749,6.209055,31.196856,6.547837,14.602735
6.340779,4.337821,1.934024,11.129165,3.856794,9.135771
6.686918,4.689833,2.500889,8.455973,3.216792,6.353220
54.701736,27.557755,34.887428,160.156708,45.236225,72.294273
28.600267,18.429176,20.403093,143.224503,35.698242,46.132793
18.697792,12.251855,5.098786,24.883343,7.063897,15.533582
23.976789,16.250107,10.405288,30.493803,7.762541,17.634157
17.833399,12.327185,4.842927,22.667154,5.420176,7.964191
15.269211,9.693643,11.028950,58.357769,15.203808,39.603451
22.117485,14.567554,7.229460,24.712732,7.471574,7.637912
36.910748,23.843960,22.007479,62.446453,17.615753,57.598217
33.539902,21.578058,15.107125,48.992760,12.642951,43.128090
13.838655,9.205750,9.925864,59.319511,16.139736,23.468121
17.188496,11.653181,10.926688,32.552555,8.918504,18.129820
27.071590,17.602198,21.432150,74.479469,18.345009,55.709759
65.465622,33.927471,55.444740,278.662933,76.674561,202.369247
8.460539,5.823517,2.495852,7.994694,2.386313,4.416348
9.823479,6.895971,6.970802,43.143238,11.694963,13.723330
29.558233,19.069637,28.746796,93.774261,26.142431,57.064770
21.794771,14.746022,7.509982,21.306932,7.439752,23.319574
9.723261,6.614594,2.836645,14.595766,3.570188,11.923234
50.096943,29.494678,32.969532,151.399902,42.569458,119.046715
78.072983,40.717560,67.127945,377.121216,94.250526,169.717651
35.118549,23.859730,11.337987,43.815208,13.915833,62.193298
47.309597,26.939507,57.271233,91.071106,20.291231,111.276283
5.239869,3.735566,2.642141,18.201075,4.697914,13.182902
15.451732,10.286155,5.822524,20.446650,5.021873,9.668478
42.911655,27.293325,27.060671,112.460075,27.451160,56.544567
13.233958,8.701927,4.028999,15.894841,4.353247,9.842719
27.480112,18.810371,10.142000,56.957481,14.444531,47.058323
18.263845,12.558028,5.477576,17.725349,5.411148,15.595878
31.611391,20.274242,27.427292,98.056511,24.370356,81.343971
10.488729,7.386724,6.387299,35.584480,9.460771,19.653933
13.820142,9.451413,5.679843,23.769735,7.386941,14.125841
27.200188,18.246208,8.179450,30.331333,8.108762,17.876417
6.680449,4.740223,2.823391,14.546326,4.382396,6.268170
9.473313,6.416254,5.835647,28.489033,7.514718,13.523177
20.035223,13.555737,6.172326,29.081821,7.227554,10.020746
51.624489,32.722363,20.280609,79.133102,20.919405,34.017391
25.577600,17.108974,8.998306,23.503849,5.703785,23.474703
70.058792,40.831913,32.084232,126.060265,30.335461,78.063553
11.049038,7.502762,7.267155,50.525757,15.267385,24.200445
29.710682,19.374458,14.704874,49.236320,11.793898,22.038399
16.338387,11.164202,5.873156,39.447193,11.757730,25.280718
41.791218,24.008932,25.241482,126.800102,34.237991,90.094742
17.311399,11.372277,12.300721,48.709248,14.856438,21.857182
69.670212,34.758488,71.184143,251.897873,60.617657,165.573578
16.191193,11.087290,5.699681,28.243456,6.825804,10.354870
21.504087,14.135705,9.184372,43.660759,11.912919,20.873138
30.757065,21.351568,10.368641,42.290337,9.642755,23.939964
22.363186,14.797129,18.273989,68.583763,15.551643,32.860973
17.247076,11.679006,6.964945,51.398727,14.492208,25.829967
5.766352,3.887291,3.948367,18.878029,4.857761,15.284557
17.866610,12.258346,5.314565,27.039831,7.780486,24.109419
12.731903,8.906583,4.239169,23.489870,7.570608,19.090092
18.644451,12.693815,10.065815,35.123215,8.807003,25.650856
11.230105,7.820940,2.475698,10.549366,2.554489,10.477884
16.027746,10.736886,14.410301,58.823544,16.466022,56.416729
21.284782,14.408272,16.414953,51.189705,11.895392,33.169991
23.331667,15.374427,27.553942,82.305443,20.671244,45.815098
20.955145,13.961259,6.143672,39.667961,10.448524,15.806349
19.625919,13.486969,8.372231,33.597210,8.043018,14.217291
19.230091,12.604722,8.652946,20.935667,5.854057,13.986833
27.819361,18.757704,22.751986,64.402306,15.561704,30.676556
9.103886,6.578849,6.059615,40.464554,11.294494,19.836544
40.725266,26.241739,12.607217,66.403267,15.757667,28.534342
20.355837,14.082137,11.922763,75.897636,20.238667,26.641115
32.311859,19.023832,35.208767,123.748238,33.295807,67.844330
39.982300,24.959385,17.019062,54.946968,13.896461,40.987469
19.929052,13.348955,5.148889,34.266956,8.122443,31.642378
48.789692,29.766434,22.246788,139.004181,37.454887,77.620369
10.840058,7.346324,5.153655,14.562300,3.748905,7.678735
21.801445,14.416787,6.181438,33.121952,8.244812,18.799919
41.321896,26.657646,29.721058,128.966553,36.650959,116.644310
11.728872,8.267200,5.178853,12.081016,2.957904,7.837961
35.679432,22.780212,13.774779,71.676590,17.394398,41.291618
13.107901,8.993092,4.626688,30.187378,5.229949,14.383603
10.598948,6.822202,13.906086,55.853039,14.772182,23.676043
25.732233,16.900219,9.906939,28.223505,6.499866,12.175714
14.990826,10.231916,5.045639,21.245192,3.738696,10.357204
8.109343,5.734452,2.404191,18.160912,5.383984,17.055988
41.243248,25.541780,11.547332,76.250191,20.859921,37.334229
22.523605,15.442553,8.346851,25.516050,5.760087,19.785149
19.095228,12.432743,5.110936,31.734131,6.667699,9.776383
32.619125,21.172657,13.272342,41.291191,10.217105,31.505308
13.347416,8.634093,4.106307,13.922755,2.625012,6.114888
26.309343,18.028997,6.938087,35.507221,7.490667,23.218864
16.083881,10.998093,6.950846,33.743042,6.972411,22.423887
26.659887,18.176441,7.847942,29.877768,8.568323,9.175892
31.512152,19.914364,19.818346,75.429642,20.049234,60.870159
44.507687,27.312752,16.493073,84.337433,17.419994,50.392929
46.928226,27.662998,22.363657,48.909973,12.753204,12.953718
36.080582,24.397573,16.084791,75.113640,21.845587,38.087261
38.707691,25.858276,11.846335,63.272610,15.670592,23.823187
18.633659,12.115688,3.424425,34.372688,9.567388,21.234152
17.027420,11.149210,7.050356,57.841068,15.047967,18.093882
23.919376,16.200888,8.857410,35.989758,10.267834,11.516227
80.169128,45.055958,44.475792,153.044800,36.358040,112.642860
79.459290,45.180939,44.407791,201.798874,47.707798,76.728493
8.811357,6.195092,3.599869,13.067904,3.642607,6.096519
22.039499,14.682107,8.086377,18.169760,4.082395,10.593323
21.520500,14.657989,9.088437,40.904091,9.387272,32.722832
8.284008,5.577170,6.637755,41.948112,12.367789,23.187836
17.038853,12.092037,6.179088,32.569950,9.131096,18.760471
13.679242,9.626532,4.594345,26.307919,7.448998,9.296263
43.335453,27.430292,19.068180,124.902939,30.374582,55.171398
27.221113,18.366388,18.261950,48.007988,12.779339,33.839195
12.726429,8.524127,5.820611,16.622553,3.903529,10.146007
4.468721,3.337532,2.481243,22.762661,5.795525,6.796944
8.679503,6.030164,3.627184,13.445523,3.110398,4.156146
29.682980,19.776377,14.880550,62.306473,17.655190,27.395849
54.754902,31.873096,46.060661,225.729874,61.284027,131.982742
50.038971,32.518200,18.743580,45.142151,12.376533,29.428034
17.283932,11.704900,3.496162,31.279940,8.460084,7.081622
26.872093,17.946356,18.781607,88.128014,22.134367,51.379414
14.627824,10.019796,15.977345,69.892387,18.535723,36.825527
6.403873,4.484793,2.719366,30.809265,9.877052,13.356918
46.624596,27.951553,34.008556,112.893883,25.675220,75.672142
6.901135,4.601623,3.858434,10.276331,2.918834,10.511175
16.720203,11.450472,4.564679,35.088547,9.122222,13.373175
27.093512,18.506020,11.657012,37.923832,10.426771,14.302185
12.492798,8.716433,3.545379,22.262527,7.907551,9.120230
20.324804,13.606600,22.896391,79.645546,23.442753,49.890560
8.367095,6.096885,3.696258,11.769802,3.187364,8.381509
10.994379,7.736058,4.135507,17.724937,5.034842,10.358681
19.783600,13.141908,11.495718,34.239849,8.438380,27.287794
23.291775,15.767688,7.676167,47.008965,11.327062,17.038340
21.767492,14.813397,9.349422,31.730745,7.444749,15.948028
69.142601,39.601254,47.164021,224.917053,58.336857,131.483475
15.643958,10.136866,7.005090,25.739237,5.429498,9.672143
45.823082,28.211563,10.415482,64.848358,16.075375,34.169537
61.704845,35.221741,46.473701,224.300949,56.908340,122.202675
6.138295,4.224699,3.469496,19.179289,3.785558,9.350929
13.733203,9.581861,4.270147,25.560656,6.134083,13.794076
19.673347,12.623714,13.178485,52.250957,15.054184,32.175228
19.591732,13.350422,7.634206,33.204189,7.654986,26.693041
30.393074,20.439079,8.762270,53.368679,14.434029,22.143555
13.365528,9.394452,4.623134,14.479085,2.887544,8.512833
18.923349,13.343656,6.269606,32.109612,8.497679,23.533798
36.745773,23.287598,17.553976,61.988247,16.296070,66.929329
21.393005,14.532888,8.726686,48.935780,13.584196,11.146591
29.655653,19.470163,9.489918,37.776970,8.982626,17.661366
30.869108,21.039749,14.103308,32.955425,10.537400,25.063005
7.813766,5.251824,3.176011,21.320223,4.277377,6.402337
81.007523,43.391296,43.491032,181.571701,42.799065,138.441711
30.851562,20.384840,8.778737,28.508064,7.436903,12.608628
56.553802,29.847334,31.460680,106.741417,33.702255,73.639603
44.882938,22.315264,48.033100,141.418518,35.514393,89.328072
18.321121,12.717748,5.987339,23.559404,4.904434,15.900198
17.479191,11.522768,13.538520,73.303238,22.883688,61.047863
10.963831,7.656846,4.382569,15.564988,4.307817,15.311966
47.241886,30.570866,21.493290,55.849869,13.686185,38.345791
9.820354,6.918245,5.121408,23.396460,6.538831,9.532035
13.295368,9.035905,5.219134,32.539597,8.823201,26.287676
11.076548,7.540755,14.532287,31.719875,8.175916,18.360733
16.393358,10.864591,5.360722,34.445225,7.833706,16.383135
21.719650,14.653227,8.359976,26.545706,6.369903,15.837038
16.372604,10.988771,6.118228,32.705246,7.096701,17.708706
7.185902,5.360239,7.183730,16.582537,4.952166,4.280805
22.856358,14.866451,16.955666,89.524696,23.801855,67.632744
18.297733,12.182285,13.203473,40.039791,11.832737,37.698223
19.676414,13.732368,9.695786,46.491020,10.947995,28.515919
40.667156,25.398476,24.839756,107.757515,27.024199,109.086349
8.751300,6.102107,6.773088,22.447773,6.018766,25.110794
16.794380,11.548645,12.143755,65.405548,17.537334,32.256546
76.425911,37.821934,57.684464,239.522049,59.174030,152.528091
15.618410,10.401666,14.698521,46.704384,12.437629,22.659185
17.074648,11.626720,5.648874,26.953066,7.281617,13.417026
10.132242,6.896925,3.507515,18.268221,5.896991,4.316725
47.782295,29.461329,51.892811,110.149811,26.574781,60.873592
5.728984,3.991325,4.365872,14.706234,3.901737,5.542776
37.676929,21.924086,24.961584,113.947205,32.266598,73.591911
48.222622,27.597647,34.037685,167.987106,40.090351,84.127670
11.387818,8.034925,4.386114,17.377539,3.497712,10.893779
12.009127,8.057591,7.813377,21.842377,7.431440,7.936784
16.569811,11.271000,6.100737,23.517584,4.812119,14.506648
34.827702,23.107594,11.522360,39.023460,10.512300,13.542292
11.082928,7.633956,3.496579,15.884157,4.010288,12.778100
10.043262,6.988704,4.034555,13.214498,3.529054,8.812208
16.075750,11.009027,5.516236,36.981903,9.808293,19.929550
7.565886,5.277185,1.797961,16.472019,4.108432,5.427752
53.072586,33.272381,14.882936,62.280384,17.188503,48.150570
16.862106,11.349165,4.114357,17.089891,4.629224,7.653304
82.369980,43.470890,84.073898,334.983612,83.108566,206.739029
8.144677,5.869527,3.694803,21.388206,4.798933,3.939259
66.864609,35.173035,39.168159,182.872086,49.701488,132.812668
19.450985,13.452344,6.813568,29.505970,7.918398,13.047025
24.440525,16.441559,8.215761,28.957464,8.323362,19.969337
5.348397,4.092763,3.101955,28.952068,7.570762,11.969203
31.549618,15.027953,15.106760,54.167809,14.227829,47.708740
12.861609,8.492389,19.377270,50.685055,13.434402,53.457340
18.427366,12.681787,10.251807,60.954918,17.534367,24.162828
19.481543,13.291384,7.334733,45.644962,11.103288,33.631535
7.460126,5.209078,3.209270,18.465406,3.121632,14.967070
18.259884,12.395063,6.108452,40.467484,8.604849,16.945309
16.218256,11.200477,5.358162,29.175272,6.706779,16.192053
5.979451,4.100868,2.722788,21.165083,5.059704,16.531916
9.958520,7.052104,4.436063,26.074921,7.485563,17.793671
18.136385,12.807172,5.583085,27.770605,5.593132,29.512335
27.391781,18.330782,10.495943,41.577854,10.252057,30.128836
17.507568,12.086201,11.779975,41.624516,10.625100,39.372242
20.976917,14.115205,5.991678,32.835796,8.581375,12.995442
14.638044,10.268864,4.532257,22.596294,4.527883,12.099901
25.681345,16.905960,7.979783,31.480719,8.695276,27.168911
17.335348,11.375104,10.075350,44.976871,10.901542,29.887014
8.199588,5.590532,2.040432,3.615031,1.079009,5.750643
30.101255,16.608576,53.313999,197.963654,53.528130,159.823730
20.797852,13.844079,11.710205,42.288853,11.107174,16.707314
19.718018,13.366383,7.621962,63.529858,17.116259,35.253124
29.467581,19.617039,9.036669,36.425365,7.878285,19.523743
14.581540,9.994103,14.559352,72.364174,20.472811,29.260115
30.082361,20.108727,30.146513,109.008331,29.784046,65.347794
13.368279,9.436691,12.805455,46.106983,12.248180,16.997490
15.995244,11.039144,7.026147,21.007086,5.321354,18.223318
25.850349,17.748777,10.925376,59.090111,13.805488,20.973490
13.634480,9.185200,4.868341,30.783348,9.484789,35.103786
35.992805,22.334173,16.783491,107.555061,30.063223,36.094776
42.317131,26.420467,13.989042,53.233170,12.725394,30.390961
13.899698,9.855831,3.644646,31.014059,6.745551,9.862851
43.379345,26.030350,23.976948,122.780388,31.774313,69.201485
33.329128,21.734884,12.531020,57.066635,15.176766,22.977671
36.666443,23.993294,64.543259,278.342896,71.148224,195.837204
22.944407,15.201184,20.956892,75.548447,18.487440,36.121773
6.041062,4.010887,2.634991,9.955055,1.792532,8.962146
12.260532,8.315534,3.145897,15.441114,2.984136,8.636995
21.956326,14.856473,16.818296,62.608860,15.494837,43.914742
9.848875,7.180790,3.978658,7.929470,2.562971,7.619446
22.935907,15.335485,9.231363,27.713991,7.634428,35.215282
6.221298,3.991501,2.560825,16.417995,3.838017,3.862430
21.143843,14.820267,12.042723,61.207001,15.748253,29.239077
24.331461,16.927090,8.278881,36.011597,10.354195,18.358173
23.527010,15.693907,11.327401,45.540157,11.714193,22.581707
5.228374,3.851944,2.458766,13.360292,5.266193,7.926549
40.279144,26.433882,16.094530,80.765381,19.564920,44.941071
9.151244,6.127503,3.232333,18.350372,3.914792,9.304114
79.348373,41.364170,73.555351,259.200684,63.582867,191.568527
30.057724,20.098495,21.451551,63.713448,17.909927,32.795174
44.950661,29.026175,13.370954,94.938599,26.905680,53.830067
110.217255,53.174240,107.410744,417.219025,102.095238,282.151581
25.030844,16.844021,8.476914,52.374905,15.314599,45.600445
12.272025,8.498067,3.237503,13.019968,4.693892,3.471555
13.393816,8.839761,27.792341,145.439362,37.531071,102.865128
39.320446,26.031183,24.342073,143.456650,40.496159,45.920685
7.052111,5.131496,2.595618,11.689289,4.227041,5.356577
33.600647,13.524055,17.211370,88.145279,23.450304,46.953461
11.143992,7.540901,3.291596,13.487875,3.551740,16.428326
83.115936,37.990685,93.882591,437.292633,106.713188,316.301422
5.555079,4.177758,1.790274,10.764174,2.431350,13.931067
21.149542,14.088292,7.396491,41.606197,10.679278,17.007708
17.595339,11.895241,5.671372,22.511230,5.459448,18.920938
26.321081,16.098244,27.656956,103.382202,27.217030,66.901077
36.092754,23.679962,13.197431,40.380028,10.849054,22.799097
24.430920,16.871761,7.197813,23.397383,5.993919,15.531626
29.919680,19.951860,12.678028,47.494110,15.303473,25.459141
44.576584,27.532000,22.766766,82.354156,20.495800,35.854584
5.243960,3.969227,1.704594,12.109028,4.434050,4.939648
18.249086,12.197277,14.658317,70.397575,18.319088,36.078281
24.125502,16.185564,25.153946,95.947342,24.549541,58.925213
13.911934,9.364134,2.921036,22.396894,5.465384,15.900907
15.811911,10.180507,8.099382,38.992134,13.779403,39.506199
14.677155,9.706847,5.565022,21.524899,6.703447,10.221667
16.609949,11.349981,5.912934,20.060392,5.043480,12.185022
37.583176,24.825207,18.211056,66.371452,17.429539,42.065144
19.371250,13.415946,11.917295,30.652233,8.215943,17.499254
27.411381,18.402590,10.351748,33.281700,10.152791,18.966837
15.670866,10.675686,4.960681,20.712252,4.033574,28.626095
50.914757,31.058285,25.535683,125.244614,30.160807,103.080711
48.112480,29.188223,17.908520,73.832283,22.697546,38.303722
11.976800,8.310576,5.790501,26.371687,6.782341,21.527908
62.603085,36.266605,24.913778,104.066643,25.737967,80.698143
31.050062,20.207846,10.274398,40.833134,8.740808,9.404162
7.968793,5.718749,2.790565,10.412555,3.667749,5.813471
22.167900,15.217492,5.169914,29.379568,7.219292,10.217023
11.243175,7.159554,8.279830,65.138039,16.772554,27.285767
5.643773,3.739212,18.047834,38.097164,10.595492,15.071618
19.645903,13.346380,7.390640,26.457327,8.001090,17.175322
15.036265,10.234561,8.015570,19.482506,4.634173,13.770901
19.415651,13.325546,3.846230,26.178358,5.820661,10.880038
27.870022,18.763102,6.046880,38.323910,8.170443,18.450739
16.130308,10.935725,8.273095,31.503365,6.485558,15.255274
16.728933,11.473305,10.028021,36.467381,8.344704,16.151686
14.131099,9.767917,7.756922,44.308064,14.000115,39.900990
17.087351,12.070810,17.571896,72.728577,21.152367,31.737413
8.888214,6.204687,11.710591,62.764481,17.189936,25.882303
15.654818,11.184911,6.875566,35.404686,8.492892,25.865488
40.182831,26.548063,38.119564,145.911606,36.299694,94.458679
27.285646,18.068979,8.185526,28.489799,7.849506,8.035054
10.480358,7.577091,3.242416,17.865963,4.773968,7.462141
35.365646,23.336811,14.338770,42.380939,10.714708,38.551296
50.300419,31.844940,16.648479,90.565437,20.435925,57.622368
6.578666,4.562027,3.560373,13.326948,3.138363,6.623266
18.599648,12.669208,3.806228,18.347298,6.421845,9.261426
5.168528,3.687896,2.681002,10.974716,3.392199,5.479774
13.858204,9.328432,22.469858,74.477493,19.487534,56.968601
28.639864,18.657169,16.946075,56.815277,15.127545,28.122696
9.630750,6.688459,2.224639,12.198260,3.474798,9.284322
53.607868,31.294216,34.313698,121.618004,33.017120,87.951897
12.896934,8.578187,5.409713,25.673401,7.012804,7.674144
38.479397,23.466413,23.438747,71.811417,19.144697,62.077301
22.227161,15.245172,10.532075,39.644447,8.989401,39.140762
24.760334,16.556650,13.947666,43.471325,11.293820,25.755501
21.552509,14.953457,11.039646,48.821407,11.036716,13.730045
13.837994,9.449286,7.483743,60.114395,16.605244,33.432362
20.565958,13.919143,3.267090,14.464440,5.084183,9.627275
17.990927,12.606957,6.743647,55.189602,11.883520,18.509481
26.393446,17.616341,8.414996,29.934525,7.099251,30.268383
34.536381,21.691530,27.459776,57.119118,13.820524,35.106621
8.447500,5.902968,8.852039,50.363472,12.408231,32.949406
22.722183,15.162962,7.857472,29.762066,8.535721,14.053662
27.400940,18.385376,29.010298,109.798454,26.390488,82.173363
20.304476,13.598084,5.208385,27.950510,9.184029,15.837889
15.514218,10.829289,3.798301,16.191013,4.908315,14.505164
6.707347,4.866921,2.669261,10.453218,3.964651,10.802750
41.290276,27.918890,14.686563,45.680851,10.864043,27.792040
16.794678,11.814313,15.340048,51.222343,14.503211,19.142351
36.070545,23.288624,11.053494,47.706039,12.170160,23.572105
31.722620,21.059986,14.998101,51.460247,14.293402,24.988590
19.487082,13.455155,6.720564,36.644936,9.338133,15.850618
9.599480,6.555204,5.678818,10.014265,3.429111,13.579549
48.961643,27.372496,36.219513,169.998383,41.495216,67.171753
38.573021,25.371986,11.503418,44.197041,9.400481,39.428215
32.664433,21.055347,20.572199,78.596291,18.919544,33.485058
30.219593,20.036310,15.671920,67.783066,16.324642,25.558624
16.186628,11.136632,5.807839,30.582098,8.341696,9.212599
29.881674,19.793510,8.362970,60.758057,15.235193,21.735939
23.697895,16.605896,10.312740,31.845663,9.341761,17.812780
20.136522,13.640893,3.800116,34.229187,9.563908,25.355644
52.362755,28.773188,57.904583,197.378891,51.412434,106.850662
29.937469,19.429209,11.125953,35.726814,8.434201,17.792418
27.505247,18.882652,8.263854,23.338392,6.116404,19.452333
10.409328,6.862071,9.093421,73.207558,17.571537,35.453922
48.200863,28.676668,48.532940,197.527512,50.491493,184.153137
20.552422,14.057842,9.649169,32.971252,8.269813,29.477831
7.400474,4.984189,3.847522,15.926184,4.229531,4.618873
12.880916,8.917661,8.288602,41.989159,13.475052,28.129246
39.667404,24.578920,37.511311,131.641113,35.981693,69.119949
27.858036,18.607653,9.271416,33.444698,8.209104,18.143520
25.879257,16.927299,9.960829,67.455788,17.033442,33.938858
28.552319,19.016043,19.110876,56.518234,15.011495,27.200842
15.193475,10.159012,6.294736,18.901846,5.521237,13.370410
24.748631,15.579806,23.296013,113.070808,28.188662,46.132507
18.687088,12.742650,5.748622,29.008404,6.004623,12.686132
5.955732,4.025166,4.470381,18.740250,4.116355,5.796351
4.381200,3.048366,6.206575,35.122734,9.135003,24.595455
33.905453,16.018908,12.002649,34.172157,10.387375,27.971863
27.752310,18.586670,10.505006,47.694077,11.835121,40.687511
9.607135,6.561386,3.486419,17.508883,4.366117,10.368837
5.787596,4.522957,4.041115,22.323103,4.881190,9.365924
31.165613,20.177654,15.154084,57.871632,13.358079,27.882223
51.196640,29.918802,24.965639,38.361023,9.336807,33.687241
21.762062,14.952114,8.134292,56.336983,12.734018,17.613255
19.063744,12.671490,9.521995,30.661720,7.808681,29.274023
30.939352,20.390003,9.802928,39.220039,10.031079,56.709393
13.949081,9.699633,5.749368,17.869678,5.213677,18.128727
7.394621,5.057614,2.041769,15.902113,4.104153,13.078528
22.294958,14.672328,7.617444,33.296543,9.134191,11.447268
5.914741,4.388135,7.289097,37.107613,8.986983,7.518429
14.753630,10.233244,4.795981,22.653564,6.332803,10.033024
23.707972,13.331757,9.185085,49.252655,11.885990,20.861042
23.873032,15.857505,10.009909,46.879070,12.712538,26.640245
16.376774,10.952860,7.651014,21.629564,6.389487,23.527876
49.493458,29.516283,36.029572,163.019730,44.825451,136.468735
15.641328,10.544876,6.028529,29.264494,5.714602,12.395365
26.242491,17.493036,10.877721,38.341206,10.011205,12.788832
8.339281,5.457773,9.203360,33.260201,8.279509,29.793526
6.695787,4.788743,4.164115,16.712984,3.664999,9.913310
79.258125,41.545872,42.572823,215.977753,55.913654,100.072472
21.024776,14.342056,5.581558,29.418180,8.291756,8.783760
8.573756,6.026811,7.966940,30.651897,7.657819,14.069308
31.164431,21.174690,23.373339,82.344223,18.892931,41.310246
11.244043,7.461631,4.298682,18.643393,5.207984,5.081246
69.666519,41.008488,26.168402,82.649544,21.128899,56.968014
9.695753,6.767340,6.947708,30.899220,8.286240,14.233138
4.636210,3.187570,4.295496,28.186977,6.060626,20.823515
67.727226,38.664410,40.218189,150.069748,37.669777,81.154076
13.398108,8.962972,3.956519,23.951313,5.671505,6.416547
15.993960,11.084314,9.678068,40.679531,13.496100,21.405497
16.362585,11.363256,8.756983,33.904869,8.559869,21.335808
32.104061,21.327183,7.735191,56.419899,16.441298,24.501478
23.842123,15.653018,7.286796,21.988611,6.900040,16.042227
20.786781,14.335411,7.855412,40.558006,10.529558,16.553774
41.154781,27.500586,20.675970,74.283844,19.551414,40.025486
36.891472,24.173809,12.021667,32.510040,8.452305,25.718317
13.263125,9.273360,4.326420,17.987410,3.617497,2.971560
11.892295,8.110472,3.602990,17.117771,3.888765,5.876252
81.836121,50.514137,56.979748,178.263977,43.837788,159.090317
7.526820,5.426630,3.986969,10.588589,3.162598,10.501482
8.731904,6.229499,3.638240,13.113028,4.247515,7.537646
6.593977,4.478317,3.122805,30.688124,7.351201,11.216075
14.770129,10.340457,9.031042,21.956347,5.532214,4.889871
27.407549,18.988588,11.574511,34.710686,8.550914,21.518545
63.090534,32.677296,56.190228,243.301773,59.512306,183.653305
24.568556,16.174797,7.061573,36.686638,8.546632,18.405296
38.083630,24.022827,51.888458,239.552460,62.966496,159.224426
8.304889,5.767705,2.590066,10.994585,3.583681,12.155839
15.203596,10.403892,6.396590,17.814768,4.431698,7.348734
30.268637,20.267311,10.183365,29.007168,6.606581,19.944576
37.016418,24.230837,14.858915,49.579597,12.513274,23.153572
17.635723,12.018921,6.331284,21.900690,3.823756,12.337188
6.563570,4.557889,6.216542,4.305095,0.354047,7.244536
20.518141,13.574318,5.025775,50.251438,11.397077,11.848211
17.997986,12.030896,5.011652,15.637668,5.402122,13.332523
18.287510,12.438587,7.276402,15.682435,6.178290,5.187867
13.461117,9.173131,8.678264,25.505215,5.766089,8.841083
13.159451,9.391312,4.511766,20.111032,6.073416,14.104267
30.282824,19.731712,11.242853,44.382412,11.058305,36.181995
5.474929,4.452662,4.487676,25.425400,6.885936,16.477610
37.691490,23.761919,18.391888,27.684824,6.738622,34.060791
13.879220,9.758651,4.915773,13.767664,3.226562,7.907266
13.384539,9.271369,4.641480,12.845674,3.038905,7.459017
49.728069,26.332092,91.252571,438.858948,107.889175,246.598557
9.909398,6.673877,23.887896,143.318253,39.889233,60.928211
14.293180,9.556170,5.096802,24.500837,6.280125,14.248331
7.634272,5.157008,4.417456,17.262001,6.064950,13.159817
9.277493,6.514793,4.404628,9.433841,4.374017,6.198714
16.491404,10.796845,11.596536,52.494053,12.880946,25.828810
37.082169,21.583652,25.817696,123.456383,29.097525,67.931023
20.429823,13.607858,12.064053,46.802780,11.775758,21.414494
19.598509,12.819448,13.148906,50.452744,12.687366,28.580839
15.441512,10.643398,5.358254,26.459305,6.518845,11.073186
6.466354,4.356568,2.203981,15.536970,3.973360,8.743370
12.632468,9.178603,4.882483,29.666170,7.475275,18.488832
10.814505,8.007990,5.158555,28.984371,7.338005,10.774707
27.098763,18.058722,10.048196,43.479877,9.945043,19.997639
10.472958,7.271089,4.027855,21.434942,4.093461,8.262245
35.798435,23.842215,20.162800,110.531410,27.605621,60.200684
6.016327,4.372835,2.476653,15.718726,5.233536,6.856436
12.005088,8.336400,3.863535,21.575476,6.949728,17.046318
14.402365,10.155894,4.741344,2.363295,0.282079,6.488176
36.002720,22.796816,24.051195,111.925659,27.149721,65.229591
21.063141,14.571064,6.722756,21.425171,3.864985,15.697563
13.130355,8.655384,5.166156,23.453041,5.053883,11.408109
8.835900,6.012016,7.201379,24.522892,6.375449,5.696739
36.731304,22.769024,20.348507,92.000580,25.177559,60.936012
44.143261,28.428843,34.969524,138.257904,37.841473,93.797020
11.197297,7.468995,5.076049,20.035225,4.305139,7.029280
17.621077,11.883246,6.636243,24.083529,7.628726,15.141477
37.421726,24.774469,12.060103,73.676445,21.409349,29.845747
29.498957,19.779896,13.870884,64.650597,17.802996,52.897667
8.208940,6.008552,3.922033,16.057898,5.637927,6.261955
35.658943,23.184586,25.222975,71.334244,18.880547,45.672234
4.499164,3.216755,3.447298,18.398113,5.157319,9.772566
15.072439,10.331159,5.208313,30.813778,8.061590,11.359381
11.009345,7.779625,4.545227,22.574984,4.097005,12.224818
11.799038,8.232804,5.208591,19.200993,6.221318,14.301764
7.130349,4.753091,6.707054,44.386131,12.249789,41.493977
26.393938,17.502745,9.642524,32.967083,7.241087,14.370612
22.915609,15.580873,8.667847,22.193504,5.814802,12.315128
23.398439,15.621565,8.062748,28.012318,7.723910,21.955717
24.322636,15.941206,18.525320,79.511909,20.885515,84.647331
61.014576,37.170044,27.422020,94.000183,24.437048,64.363350
37.845734,23.864994,24.175056,102.644707,26.076975,41.861553
31.810556,20.978497,9.992942,39.323402,10.594105,36.816074
15.120395,10.149821,13.794403,67.225815,18.176266,30.564117
18.046263,12.321972,6.937362,34.352657,10.058295,20.000423
23.749233,15.134230,16.956711,116.255928,26.419930,53.738842
28.030804,19.042040,6.602060,31.529774,8.737546,25.445143
14.756558,10.267023,8.635171,40.122910,10.370352,17.081303
26.890383,17.275486,19.067465,69.028397,16.708235,36.713600
20.479090,13.591673,4.529062,35.143982,7.366845,13.079123
41.996094,25.900970,13.935896,71.630165,18.243750,28.518053
14.979465,10.403161,7.879492,26.035280,6.931680,4.365345
23.567181,15.194142,10.494387,43.320175,12.206643,20.459551
65.801727,40.071083,38.418980,248.354279,69.857002,121.965836
29.039383,19.906181,13.596957,62.720337,16.811237,25.928484
59.508408,35.337463,26.225838,105.833046,26.623865,91.330055
29.180197,19.147619,8.666986,53.089443,13.576574,20.113970
9.263427,6.510765,3.619921,10.721848,1.879496,9.946956
28.361544,18.241304,31.629942,78.609787,20.791840,51.554214
16.535246,11.206578,4.672233,43.628975,10.806862,9.809802
70.244675,38.767265,42.056843,122.918159,31.993668,94.675491
6.899902,5.045574,5.040647,9.853441,2.483775,7.969829
18.460581,12.781813,8.744473,30.230608,5.808261,9.610752
29.748560,17.849892,19.126842,60.591808,16.820461,33.986008
4.572726,3.232322,2.449250,10.983777,4.748182,7.171771
32.057457,20.741158,9.306776,31.573675,7.688754,38.452339
8.045624,5.588531,5.119212,28.438377,7.100445,21.996336
11.096261,7.465722,11.396176,45.534573,12.460287,31.739344
44.545872,28.441181,17.353960,52.739281,12.784632,44.385063
11.725027,8.197386,4.698870,18.584991,4.615133,7.845794
12.345695,8.399986,5.818262,34.222462,9.566136,14.225525
17.758171,11.628687,8.169436,34.605675,9.295503,23.869019
19.857197,13.395784,8.115812,40.633320,10.979029,30.367414
40.710419,26.136599,14.810002,74.235481,18.291613,44.333633
35.979786,24.180141,12.332899,51.604473,12.891455,45.735153
39.469730,24.158037,31.978458,181.227325,51.009865,64.100166
38.998344,25.834356,11.078523,44.320469,12.187381,18.779696
39.454014,25.206863,11.774643,47.808662,13.790931,37.665176
6.532572,4.704594,2.824660,14.089264,4.207442,5.714747
18.521847,12.488028,13.778970,87.146530,22.392832,23.840525
19.066862,13.435089,18.288073,62.708942,16.651157,68.543640
5.925491,4.388006,2.965700,28.131763,6.411296,3.280436
12.578943,8.048813,5.812995,31.281569,6.081953,15.358229
27.271608,17.754225,9.053433,32.917767,7.794134,14.743562
24.625179,15.741214,27.703665,88.980293,26.469412,58.595062
19.966240,13.510722,17.660236,53.160805,14.206238,50.474972
9.739814,6.397225,10.181321,32.494572,7.554403,24.965878
63.577831,38.143002,90.726372,364.739258,90.386391,202.004944
11.116811,7.430733,3.152257,20.967045,5.286618,8.882868
38.774509,22.483997,70.183319,230.819351,58.393604,153.110840
21.252829,13.674883,33.157787,176.984222,43.452225,75.057129
32.039921,19.727312,28.518360,176.845215,45.722599,83.782608
9.696770,6.767056,3.818144,15.370182,3.170528,10.233348
22.558760,14.473952,7.565403,31.552568,8.288003,17.608538
7.416217,5.319573,3.888919,14.954335,4.957231,5.759648
23.336748,15.587197,8.119345,24.909924,5.663810,15.165525
24.594763,15.529202,32.022190,147.544281,36.633274,90.804321
24.475042,15.855342,14.258407,77.754944,20.493616,56.718201
32.606087,21.150946,23.900520,61.902409,14.099192,28.186199
24.694099,16.757872,14.004560,61.371529,18.352909,47.550056
16.020573,11.189445,5.515841,1.962113,1.783406,8.068184
12.702991,8.486471,4.268159,27.933620,6.643090,9.310018
13.577677,9.132028,5.292073,39.994896,11.882741,33.691353
45.883018,30.769257,16.132132,65.658272,17.961206,41.835442
18.515512,12.352736,4.841957,20.162157,5.689069,11.627504
24.962109,16.744049,16.331221,56.889576,12.946521,20.932102
43.327404,28.014570,22.369629,89.916794,23.623981,31.448547
89.946266,50.925526,60.204529,282.622375,76.401253,152.112595
17.761642,11.689216,10.035263,21.784742,6.047972,10.944157
32.594799,19.684631,30.950188,162.198288,39.188141,109.251160
7.529783,4.950240,3.368527,10.058001,2.749659,4.829233
7.787693,5.226285,2.053546,12.737454,3.875653,7.721459
13.269683,9.104041,4.746894,13.286537,5.023803,13.653026
28.188643,18.690437,6.217915,44.830276,12.153003,36.347424
7.660720,5.388704,3.451213,14.516561,3.974430,5.792995
35.440231,24.036514,15.291207,70.504021,19.331987,33.352345
10.570356,7.637913,4.489916,14.809815,4.920780,6.749289
28.084206,19.362524,18.590849,55.603405,14.436217,60.654202
6.740753,4.632691,5.288909,14.095349,4.155258,5.881811
20.534096,13.407585,5.185225,29.688196,7.257354,23.054697
4.879587,3.378465,1.745092,12.978430,2.959670,6.609978
22.312204,14.501532,7.440029,70.242706,16.306414,53.305550
59.889648,35.406349,40.892067,192.713287,52.094208,114.896614
12.141973,8.338621,8.720156,52.058926,12.577403,33.244766
29.412508,19.291561,50.661892,214.369934,55.772545,135.121750
11.246998,7.696063,8.794460,51.505344,13.786827,18.826616
42.245941,26.780071,25.229486,108.786667,25.666811,66.639206
40.843655,25.873150,17.142342,68.550308,17.850504,43.103085
17.275152,12.112538,10.156207,35.516537,9.865597,21.130772
50.984238,33.392570,24.645073,129.337585,33.114948,86.263725
4.709882,3.588031,4.657654,44.934353,9.494074,16.233398
22.012909,14.767892,13.781582,44.762325,10.103385,18.590260
14.790432,9.928395,12.843231,87.349487,22.927502,34.403080
31.082857,21.396025,19.235327,79.127090,22.121204,46.881104
26.733179,18.468210,9.298628,17.196301,2.788559,31.369730
22.019405,15.164040,6.926091,35.505222,8.982853,21.760523
26.848743,17.888212,9.120392,28.590652,7.079596,18.375282
13.184380,9.516359,4.657909,52.432850,11.944684,27.929575
34.625687,22.606287,10.772184,40.584305,11.691722,26.632431
11.448925,8.232763,8.768499,33.358997,7.461429,23.372953
28.580320,18.911573,8.198191,31.764708,8.874707,26.730209
28.522844,18.896002,19.804213,38.598782,8.678622,41.492104
5.855671,3.939645,2.715531,2.095705,0.420035,4.284886
8.489532,5.745725,4.728409,19.258770,6.042555,6.886716
15.510263,10.722205,5.349779,22.738600,6.005930,7.471278
15.503077,10.823156,8.784886,29.996004,6.888435,18.358053
5.029727,3.863775,10.411880,38.763229,9.128622,23.051741
23.797619,15.635155,7.443683,37.679886,9.819275,12.071443
29.383247,19.459526,13.000579,52.095852,14.626379,30.313519
23.447464,16.178812,16.617172,32.006260,6.389055,17.707203
24.861305,10.119248,14.695611,64.094131,18.873339,47.154278
27.544113,18.519217,15.324414,57.825237,13.762161,37.409702
14.535709,10.061294,6.648835,29.326084,9.015248,11.711685
11.075348,7.903101,8.245253,32.831558,10.116173,26.326843
15.851875,11.007416,10.241324,37.062210,10.158900,22.000378
24.011595,16.658388,11.068072,30.323257,9.832820,29.152195
4.572501,3.353819,4.940575,19.597179,4.868576,17.224802
7.063146,5.265029,4.847408,24.050295,6.942070,12.533104
10.214418,7.324113,5.193325,13.473642,3.433928,9.424742
27.938313,19.107426,10.829203,37.355057,8.161282,18.153858
24.871353,16.416260,12.770559,38.071674,10.833149,38.280834
11.829281,8.166864,4.376536,25.191648,6.895667,16.935783
59.872982,34.533573,35.854935,156.248550,38.385006,97.439095
14.957013,9.953010,4.429344,46.577057,11.710439,14.470345
10.898751,8.039446,2.319130,12.248061,2.891962,12.538422
20.508980,13.809232,9.037358,36.523804,9.387871,32.363293
18.575684,12.535793,6.510982,28.040108,6.281162,15.942175
28.526358,19.181822,9.214388,35.618191,9.124788,19.168564
86.803642,47.788033,26.025583,82.346176,20.076921,54.455139
31.375896,20.597363,19.132357,58.693260,16.691473,31.560257
5.458817,3.775570,8.900951,4.929261,1.331413,12.619521
31.193758,20.207178,19.036339,95.549934,20.514944,57.669384
9.716265,6.583693,4.588929,14.981981,4.380664,11.348441
37.252876,20.037397,25.857090,93.625229,24.816652,41.286114
15.263511,10.207355,8.132319,38.193478,10.295854,20.088512
35.440578,23.823479,17.149443,50.259598,12.143994,34.823685
29.107449,19.180111,11.782762,35.546047,7.125393,17.954189
8.053583,5.848679,4.189660,23.340065,7.217006,14.408230
54.167099,33.272861,35.811157,169.578918,45.478153,81.399406
9.939065,6.811683,4.948750,16.176466,3.849661,7.466860
104.894394,44.485794,301.198639,1195.119263,303.932556,593.147278
13.044858,8.830606,5.247561,35.839405,8.452296,13.205828
17.455721,12.269321,4.942570,30.971050,8.360043,13.156156
26.778069,17.906549,24.937471,131.674103,34.135414,61.104836
22.708288,15.025869,8.962704,27.081070,6.939893,9.965757
8.973053,6.246777,6.826169,22.245300,5.866399,18.274624
11.655310,7.724322,12.459633,57.668736,13.601625,24.846365
32.429256,21.257984,10.378480,36.792500,9.852901,26.380014
9.297233,6.368541,6.144495,32.541737,7.787217,17.140968
21.524004,14.348017,7.299148,27.447187,6.053589,12.142128
6.597587,4.518095,2.823698,13.583344,2.556945,10.880427
40.539845,26.892817,37.429310,203.973618,57.886551,114.331451
15.074703,10.205492,4.946707,28.738890,7.013328,23.856337
17.943058,12.231812,4.111984,12.965693,6.253187,8.426804
14.630654,9.805122,9.844747,88.220024,22.362743,44.585312
26.859594,17.717545,19.193884,64.584541,15.456130,30.036764
11.288753,7.832648,3.963884,20.634550,5.630177,7.873877
7.620270,5.661960,3.215355,21.297512,5.073416,8.084202
18.513126,12.253675,6.551485,29.041178,7.049662,19.229853
13.301925,9.009767,5.020152,18.547544,5.299207,18.161312
35.421005,23.501501,20.024359,55.915955,16.934628,52.360260
28.425018,18.570965,8.724487,36.624805,10.245288,24.330402
13.451283,9.103313,3.864100,21.917885,5.719181,19.784483
4.181620,3.066601,3.092119,11.861376,3.763446,4.164071
30.630842,19.794899,9.935817,36.816376,9.828525,33.286045
14.665047,10.142848,9.618279,31.724594,7.654512,14.864374
22.238651,14.907172,14.866696,48.272221,13.271703,27.713985
21.625786,14.247256,4.068536,36.784676,9.454105,17.738222
33.873756,21.023201,14.589794,67.084518,17.976736,9.102554
22.173286,14.962772,8.045693,50.319839,11.649343,26.984453
34.411011,16.118980,13.381949,53.850567,16.373636,40.582958
25.142906,16.531387,9.587160,47.529114,11.714642,50.387058
36.622486,24.688665,18.017414,76.440094,19.900892,44.590595
11.905404,7.923313,2.794814,15.727387,4.562783,25.860666
29.333786,18.997108,9.077154,49.469551,15.083847,45.083549
16.863585,11.214927,5.798082,19.791214,4.826111,7.935745
14.278325,9.520182,5.917577,17.056129,3.739322,5.901587
20.719753,12.886559,19.651621,70.996986,18.797703,40.362511
12.075341,8.583685,5.400804,22.979292,8.228760,9.355664
21.044468,14.448188,4.812998,32.390766,7.812380,15.199324
14.561000,9.852857,6.295367,21.318356,5.597752,9.290611
4.450309,3.242921,2.379304,10.507761,3.129114,4.508348
26.675970,17.619825,9.641047,40.883350,11.907952,21.315617
10.185672,7.064803,4.671478,24.271353,6.475960,8.304248
20.986767,14.268626,7.595699,28.141924,6.713382,12.084237
35.222073,22.640379,22.826414,142.907684,39.894138,53.126087
5.926746,4.456340,3.014673,13.388034,4.586566,10.042098
10.832110,7.577644,20.832169,73.976730,19.392233,68.299500
24.200745,15.878441,13.977303,61.871445,16.243616,35.667942
35.991421,23.178732,31.162540,142.638794,39.850170,116.028503
31.353821,19.924311,12.183873,62.514225,16.683001,29.368311
13.735421,9.467566,5.080269,19.430693,4.748990,5.076475
19.522865,12.955421,5.803555,20.653364,4.613336,33.429699
4.998699,3.636734,4.460199,21.691536,4.683236,12.683569
55.978413,34.324085,52.896210,240.343704,66.206612,102.829132
11.160136,8.176595,6.003986,38.834785,9.242990,13.156588
32.877365,21.899273,12.104122,82.469795,22.858898,44.024719
52.178955,32.262474,13.934541,85.277412,23.792366,43.266903
12.437713,8.804914,4.422373,13.423816,3.806670,15.981194
43.699688,28.164316,15.632430,50.092552,11.196130,33.715286
11.765858,7.919467,4.732874,19.328279,5.711276,11.245420
25.437641,17.337233,10.040433,27.020157,6.312355,17.872337
7.170859,5.136273,4.670733,19.765583,5.209049,8.546235
30.443695,20.333246,14.370952,53.293163,12.411908,23.021881
9.689753,6.561843,3.944623,30.138815,7.755298,9.216520
5.007856,3.671623,2.379718,13.432241,2.390439,7.012255
13.497696,9.427361,5.340285,29.861956,7.733379,18.365183
15.228672,10.388375,5.326522,21.906523,5.179413,13.275515
56.432732,32.556271,55.790894,204.986755,48.906677,63.682320
9.288099,6.408751,3.752386,21.085316,4.428924,7.153395
13.343246,8.990882,6.092872,23.190943,7.136951,8.155602
10.964342,7.749579,4.410388,9.232371,2.820154,5.114011
15.397947,10.121904,6.552064,27.313030,7.009559,18.056059
18.633217,12.671645,12.789104,47.564888,11.474098,25.553265
29.922487,18.855335,11.742156,37.534222,11.387269,17.088278
6.822126,4.890504,6.016232,26.625729,8.055552,15.507179
12.367661,8.653164,3.994342,14.733561,3.037090,15.206676
10.972977,7.907593,3.740792,16.056082,4.396358,14.120944
39.665157,26.488760,17.018827,50.273468,13.989678,30.149464
9.337090,6.334384,4.462806,27.940815,6.357222,18.139069
47.716763,28.927807,40.850990,132.534210,32.807514,76.370407
28.649410,18.276796,14.173663,81.404472,19.020750,50.836838
25.069323,17.221983,8.303551,42.247154,10.990551,21.094429
34.934849,19.658287,11.826513,38.731720,10.181699,31.646713
20.505974,14.027562,8.925241,28.688395,6.725909,13.077477
27.085094,18.319712,9.277993,49.622856,12.084697,15.169557
15.470687,10.824122,4.435281,17.438824,5.337011,15.093068
42.438065,16.445196,46.567886,146.073364,44.111584,135.022842
43.620796,18.932199,57.322739,185.030228,47.264286,128.237167
47.162758,27.396681,29.742455,35.228188,7.703168,71.535645
6.161518,4.353888,4.685462,39.667511,9.121780,24.191498
21.347996,14.465166,12.145292,70.501617,17.636850,47.980255
12.543797,8.574450,6.938300,50.936211,12.920280,20.135397
48.366081,30.071455,22.727598,111.335381,27.959068,98.547928
27.785162,19.017731,8.685726,42.056984,10.389184,12.682571
5.631965,4.144690,3.695213,30.112949,7.895492,6.872016
33.610931,22.209602,11.782784,45.708794,11.507087,18.214073
24.778603,16.526262,8.194404,40.814690,11.389562,19.800207
16.530067,11.423594,5.326103,27.431322,7.392344,17.624321
14.003356,9.350476,15.022889,56.478733,13.776874,14.648921
24.521788,16.178726,8.744843,36.839592,10.417209,23.151611
18.942707,12.735732,5.787460,28.646271,7.828581,21.156227
8.023416,5.689446,3.784450,6.765199,1.233368,5.973569
10.466855,7.421148,4.488520,14.523821,3.905056,16.275412
7.246393,5.111817,3.621357,13.956259,3.439736,2.042319
8.504180,6.155973,11.132895,47.060699,13.505554,18.510927
18.406290,12.723494,11.680593,56.475330,14.446912,36.762974
91.317619,41.474739,49.391644,117.378304,26.109169,66.754807
20.557331,13.935196,7.502422,33.545658,7.892362,19.683010
6.616491,4.614326,2.670167,18.762045,4.491768,9.644255
40.758537,26.132067,33.471870,122.153740,29.097649,39.593712
23.557409,15.414797,10.158162,44.080799,12.729704,19.974068
28.491859,19.208948,29.242931,102.530006,25.575727,32.191196
5.900558,3.946072,3.181908,36.544281,8.198252,10.273876
60.269341,35.813755,64.795761,239.210175,62.480904,157.309753
14.212852,10.132911,5.799807,11.054373,1.529811,9.632245
7.188124,5.254394,3.504256,21.428385,5.460992,9.703652
17.889881,12.404477,4.648322,24.492504,6.835328,18.604044
15.095140,10.138153,5.050717,20.553720,5.820509,15.954217
9.214623,6.311335,3.692187,22.687761,5.551939,6.360672
16.439894,11.434533,5.500056,25.251614,7.476475,22.329521
10.446706,7.395100,9.350180,39.161362,11.165259,35.615070
36.405052,14.712974,23.724934,123.417130,29.652533,33.798203
54.541553,33.586578,29.331524,118.861137,29.259596,60.755878
21.582239,14.912227,7.125819,34.856682,8.749147,10.172577
29.383575,18.938889,9.985170,41.465096,11.132017,52.070660
11.052740,7.482532,5.264115,13.402645,2.907366,11.744236
22.849884,14.960108,7.164070,31.238417,9.137753,17.282579
16.924717,11.291210,6.574344,26.671827,5.814094,15.600042
31.424812,20.897593,10.563148,25.505184,5.582711,16.663477
27.059303,17.240067,26.598709,112.415726,28.772291,52.984859
18.489792,12.460450,7.125494,19.843531,4.915694,16.706425
12.593031,8.818056,4.492730,13.850131,4.444915,12.355131
13.872506,9.567154,5.593836,25.236681,7.186552,9.911996
12.990799,8.583823,4.833867,21.805576,6.112427,9.360703
31.057467,20.738186,9.239292,36.087711,7.808765,22.606775
13.835005,9.405354,8.792660,40.864815,10.317416,13.989182
30.023119,19.790928,18.789614,95.053711,22.165154,54.661961
35.193642,23.129461,24.585012,111.111313,29.990023,43.080036
6.062501,4.390417,1.596555,13.105094,3.557726,10.662786
50.243359,30.281672,22.033758,71.314972,15.810388,51.745552
41.848438,26.682062,20.884590,78.413567,22.060520,50.976955
22.674099,15.258903,18.687321,74.872681,22.898354,70.920731
16.536545,11.594117,3.569164,22.896799,7.454326,13.844114
23.453192,15.540704,7.015167,27.557213,6.399074,19.218044
33.314720,21.266237,16.423100,80.628540,21.072668,60.728676
9.725239,7.085773,5.605138,37.264530,10.189148,20.058704
19.153667,13.546623,5.734145,27.668901,8.171147,14.889732
37.347000,23.990906,13.233029,40.883781,10.517175,22.933321
13.495311,9.599990,5.376283,18.264906,5.067007,16.780966
22.891802,15.840091,9.508045,47.035732,12.248292,14.590075
17.749424,12.220273,5.671461,20.523985,4.884111,9.420999
6.392061,4.758835,2.526858,16.515654,3.460857,10.208304
5.537977,4.136412,4.045378,19.339512,5.449365,10.739817
10.821348,7.413797,4.510825,19.882010,5.771075,10.019825
6.672947,4.737044,2.753769,13.566532,5.398758,3.728925
14.029431,9.652003,4.031909,29.885260,8.342352,14.934885
29.606535,19.801414,10.251815,42.972557,10.063056,24.227278
24.172447,15.989760,5.885708,24.567213,7.409806,14.807315
13.908039,9.276662,5.623487,19.429968,4.638783,16.477001
6.863163,4.513163,6.218886,36.231342,9.587861,19.053284
28.614664,19.180656,7.042002,42.188755,9.903589,42.391434
24.049337,16.220551,9.736316,40.778122,11.345452,21.748213
30.943359,19.925808,10.843617,50.977184,13.248668,35.720257
18.845770,13.182354,7.338629,27.714153,8.679960,10.881342
15.135160,10.503984,12.308244,83.572472,23.790770,41.672543
25.038576,17.012482,9.455092,81.967392,22.255581,19.168062
14.205523,9.920815,5.584582,25.252907,5.219209,8.080978
34.284752,22.356730,9.003932,47.851704,12.543673,43.829544
5.741191,4.279866,3.866234,18.149179,4.762263,10.085697
31.970263,21.024958,9.747723,37.280594,10.499187,23.677198
15.830429,10.480821,10.067071,65.403976,17.113493,33.336010
27.613441,17.699183,8.360599,46.704407,13.134803,44.486477
19.186131,12.925936,6.652997,43.758869,11.163792,18.534727
34.438389,21.633871,26.689610,127.955063,33.764256,85.838615
7.054668,5.003767,2.219524,1.393158,0.746676,5.349398
17.909246,11.982571,11.582102,38.702278,10.272692,12.080729
18.755621,12.563920,10.402561,55.602337,15.412732,55.092529
8.115273,5.574305,3.086477,1.732110,-0.386041,11.779417
19.115644,13.037228,8.162269,38.125275,8.656250,14.422718
36.343906,24.165020,15.358636,55.579594,14.937386,44.879105
30.902943,19.207787,44.591866,133.004303,34.780037,89.554169
11.079104,7.601319,3.868511,15.081706,4.841390,7.428757
25.519255,16.897127,19.814699,97.521019,26.830292,42.140408
22.531427,14.059175,23.742889,140.219467,40.918610,61.932919
13.786568,9.478787,5.260444,32.072342,8.329649,34.508278
20.793615,14.259402,9.928212,55.013336,14.408316,35.860214
25.392138,17.162235,9.186278,24.211432,7.609181,20.010313
11.721177,8.300179,11.789248,55.757805,16.106260,39.371616
5.768101,4.206453,2.017379,17.793591,3.096557,6.757804
61.642090,34.055981,44.431618,214.164001,54.645035,85.882797
27.381542,18.358126,10.340007,69.751869,17.889345,27.482866
20.569401,13.845243,5.978360,28.747303,8.005713,14.356329
45.012711,28.444397,23.075851,99.845177,27.573391,55.326134
23.025524,15.137159,6.338763,23.716814,5.934391,14.140358
24.495855,15.955182,9.149867,52.272636,10.997932,18.729492
31.690121,21.584316,16.259388,52.349972,13.616643,22.144825
23.454546,11.068743,9.912011,79.250671,21.360071,31.622190
23.275944,11.104121,9.786908,80.191643,19.593199,29.634935
13.162715,9.153982,4.914089,14.573995,4.037327,10.281063
26.490173,17.940699,12.874027,62.431202,14.087804,36.813957
33.907745,20.315523,27.743896,106.427284,24.503483,76.497635
8.351109,5.554004,4.370454,16.042797,4.569516,10.203279
19.771961,13.024002,6.492064,22.150339,3.481238,7.456021
8.552900,5.975286,3.399286,6.199264,1.614517,6.545318
21.113264,14.186500,11.549084,69.508209,16.174719,24.190540
21.868570,14.525578,16.775476,50.546314,11.398915,33.498161
14.210353,9.593390,5.428143,22.716900,4.784309,13.091010
15.024487,10.047361,16.783009,72.297066,17.224556,27.195820
25.195072,16.787256,9.380854,40.991138,10.530973,31.399754
26.922689,18.161324,11.563672,45.412014,11.665481,18.247478
10.959033,7.819322,6.032211,43.756031,11.305017,13.985678
31.508051,15.742687,15.839811,81.227249,19.351408,67.018730
32.933338,21.887938,9.482426,46.460537,10.953066,29.752028
4.927321,3.723895,2.393151,15.302954,5.465977,4.173340
72.552925,38.476257,42.410580,162.353119,37.989681,112.014450
57.243549,33.068264,54.111694,229.163300,55.907242,173.084183
39.226543,25.973610,29.252195,109.055931,30.379230,97.772369
24.326105,16.485476,14.207659,39.808670,10.784743,48.089424
13.712730,9.254471,7.236894,45.274296,10.565701,20.265013
12.269772,8.420607,5.289454,19.458715,4.539153,3.217439
17.429668,11.796904,4.661922,22.209465,5.613347,13.195324
11.828651,8.433513,11.476386,41.078487,12.176391,14.538820
6.859852,4.647345,2.996499,11.985586,1.305629,6.356930
13.274844,9.732953,3.953561,21.939564,6.313376,12.375200
31.831499,19.622824,18.775051,83.120453,21.901535,100.612686
26.585768,17.826719,11.485528,33.283974,9.078602,19.875168
21.185452,14.094737,5.044093,27.093502,7.896310,18.583679
21.479244,14.110415,8.431660,24.385937,6.692889,15.908304
30.632187,20.636595,15.304227,82.499443,23.163492,46.402782
12.726023,8.620605,4.960366,24.685825,5.239893,5.356073
8.135420,5.703619,4.130338,20.105232,5.658467,7.767323
34.948105,23.201300,12.257241,45.786476,12.971197,44.730446
19.527077,13.764731,8.860548,31.776533,7.634120,10.899881
29.487906,19.131474,11.170552,49.872082,14.304461,41.590279
30.405130,20.054790,10.842210,37.147163,10.777576,33.414089
46.257278,27.800701,42.391693,149.917068,39.437794,71.695183
20.393839,13.448855,21.077497,66.644981,17.347139,30.914623
35.619526,23.392084,15.870735,83.911942,21.536716,52.854939
16.058966,10.995157,18.669291,76.434891,19.584009,45.978901
9.306335,6.588345,4.312224,17.816942,3.073976,6.380713
22.735743,15.198711,8.906861,34.048553,8.026372,16.797211
21.144264,14.450094,7.764039,35.718414,9.430570,27.018730
26.370729,17.412504,8.436567,30.002439,8.465924,13.397597
37.185055,25.265060,9.418448,39.030880,10.915570,35.015491
20.842619,13.698640,7.631176,38.742043,11.846111,14.720944
33.485847,22.220158,11.131024,50.215389,11.969707,21.053204
38.209030,25.096067,19.668346,85.954865,24.135372,49.617729
19.552427,13.106801,8.043329,29.874067,7.766992,13.865484
32.456001,21.795948,21.912596,63.323364,16.042131,35.551727
20.910051,13.957028,12.151953,68.176704,18.139004,23.493046
9.597189,6.794736,3.650854,18.931343,4.905380,12.451499
26.028971,17.709616,10.157912,38.163074,10.839909,24.198851
11.434563,8.071996,4.104398,16.705322,3.568501,4.680813
8.909745,6.561239,8.303349,32.970249,8.400265,17.693720
16.208334,10.257393,19.242290,68.911758,17.261351,27.969048
27.089447,17.406549,18.781477,98.090553,24.723181,79.274239
19.940298,13.616551,15.710352,72.254265,20.055035,50.370049
27.323700,18.494606,9.404120,37.658146,11.120569,20.149101
5.927320,3.865081,3.539874,10.294110,2.959789,6.979693
18.750168,12.862296,7.358660,31.922462,7.334763,14.461605
25.334337,16.777777,7.618452,34.090130,12.241884,17.435432
23.025206,15.487556,8.195626,46.437466,13.003968,28.927008
28.401787,19.023874,9.009926,31.771448,8.493557,25.458727
32.055817,20.813204,9.666207,42.137203,11.380948,28.352970
13.665735,8.932704,16.378868,121.366928,32.761158,40.134781
40.496758,24.480501,29.127680,103.100487,29.238640,61.069267
57.830692,21.219772,32.087399,105.106316,30.020548,70.910309
66.076309,35.490963,34.702023,124.417465,28.996159,69.950272
10.766202,7.594265,5.677580,17.917519,4.280835,9.315441
11.488475,7.940146,4.783570,17.393476,5.482642,7.274892
30.270580,20.230816,8.175703,51.576843,13.147754,20.681208
29.353203,19.288357,10.099701,40.250927,8.350508,34.941307
14.891939,10.440770,5.288187,19.288401,8.114953,12.531722
16.035908,11.357476,10.827239,49.424004,12.569996,31.323097
16.038504,11.225726,6.597927,18.758583,5.066886,12.366778
7.323703,5.483239,2.615066,9.043201,4.308973,3.449389
10.513005,7.515440,4.906848,16.152515,4.098153,12.673470
75.673653,41.590424,36.119194,121.753731,29.363396,81.730034
8.990760,6.165128,2.925193,9.864657,2.873715,3.960648
15.234657,11.016905,5.403763,29.085049,8.504539,9.877404
10.810294,7.652328,8.691805,45.784733,11.891544,23.906271
29.658941,19.523897,12.654692,60.259068,15.556038,55.845989
24.702280,17.062988,7.271356,40.292576,11.147033,29.456690
31.301912,21.422905,10.506274,36.432156,9.728922,19.449625
35.528568,23.686800,10.004624,43.605282,10.266344,20.549974
10.643388,7.522858,3.005168,15.206841,3.673581,7.602039
39.807423,25.515497,17.804567,62.193256,17.031456,23.785913
14.712557,10.329508,8.314905,31.292583,9.207081,22.744272
22.473593,15.152201,9.642879,39.202744,10.316637,17.402197
9.724067,6.385171,10.731861,63.462032,17.106571,41.839161
19.968859,13.453929,9.205003,25.843670,8.460847,20.425451
19.490074,12.840528,15.146842,79.577652,22.351526,81.479675
17.726923,11.877881,6.357238,36.413986,9.046990,16.030947
9.542927,6.465132,3.168871,14.346027,3.646251,9.194234
41.635715,27.414467,14.785899,63.954876,16.565104,45.919167
24.938128,16.756922,8.282107,35.421082,9.081212,10.892321
12.918316,8.660903,4.629313,16.422562,4.091901,11.227396
5.691816,4.007825,3.288880,31.976242,6.274842,21.884342
21.921207,14.989932,6.146016,36.495392,9.449044,17.371542
22.586111,15.448731,11.859688,66.618134,16.799103,40.560226
5.948315,3.912671,2.668077,24.843014,6.594356,15.346554
8.828655,6.228811,6.571791,25.979183,7.300426,9.396225
24.572828,16.433266,6.723626,39.418823,9.775813,14.718818
36.685345,24.231058,10.989809,55.308289,15.759398,14.972595
26.492966,17.548174,10.615040,48.021626,12.748281,15.760178
20.837749,14.266760,5.438259,18.088902,4.953345,7.378269
26.940928,18.277992,11.592244,37.274139,12.072195,21.450281
17.913115,11.817566,6.464835,31.029451,6.160657,12.088102
28.001717,19.019968,8.262094,46.022316,10.341227,27.697531
20.496262,14.531696,6.815521,59.645275,13.863417,25.312338
32.548672,13.845070,21.034086,87.500916,33.172474,94.347549
36.419525,20.781624,38.341347,179.622070,47.621277,139.968353
25.720230,17.359526,14.144694,50.570362,13.926441,35.114090
24.405727,15.750025,15.796673,77.947479,19.791943,45.225704
10.424759,7.310025,7.927720,30.565100,5.988874,29.848196
5.466311,3.832598,1.757939,9.791203,3.017255,10.675939
15.211872,8.360498,5.080999,41.203575,12.624414,13.839406
21.194595,14.692968,6.301745,27.611382,6.464931,14.890334
29.339207,19.406956,17.617682,80.677864,17.844616,34.222271
46.496727,29.477299,12.340352,53.698456,10.547872,28.798515
11.085967,7.589736,3.711848,26.945696,7.415742,14.369161
19.101107,12.710989,7.535365,27.761597,6.798355,24.711924
15.395423,10.182522,9.534912,33.330734,9.813965,18.332928
26.778339,17.724546,7.149246,28.721636,7.875765,21.141699
28.316351,18.966730,32.836105,96.287201,24.339764,57.628334
18.170160,12.012842,6.450891,39.124294,9.496063,16.035410
48.840862,31.508781,17.846136,77.497810,19.156174,25.578009
22.187132,14.944773,7.711987,27.945248,6.760082,17.490776
39.883854,24.090006,24.912506,131.641006,30.711485,53.008652
11.020234,8.071719,2.179878,25.986464,7.528359,11.235259
9.089244,6.892362,4.727100,27.737484,8.359679,11.374066
12.668520,8.231633,6.130271,20.576862,4.927867,15.842611
6.772715,4.471054,2.494732,16.706848,3.652365,7.917227
29.847904,19.181364,7.558897,49.539459,11.877620,21.647078
6.551185,4.596313,3.462334,13.082053,2.974910,11.351661
9.243323,6.576717,3.181322,15.929956,3.067574,12.165067
35.961845,22.882000,16.231667,65.229698,18.755783,66.002312
15.754340,10.912401,5.419359,31.952690,9.897017,14.742301
9.235379,6.467766,4.748771,11.710397,4.079194,3.921701
18.303095,12.499151,14.512609,69.239716,17.919199,34.506588
29.039024,19.303326,11.811176,43.677650,12.230244,54.479794
26.764236,17.998926,9.304201,38.136166,8.911168,23.742134
29.794388,19.840458,9.784120,35.020023,8.374989,15.593343
22.988634,15.243668,9.335423,37.594147,10.809157,15.772876
19.173485,12.549500,6.729848,26.426868,5.602964,4.505268
24.285639,16.618507,7.694889,33.182224,9.265356,14.867662
13.708925,9.317512,4.491182,23.579605,6.177748,13.960897
19.862942,13.324088,6.767723,38.229679,9.015978,14.123816
16.936846,11.621942,8.067536,29.589281,7.052698,12.911087
32.681347,20.836115,40.697334,121.531952,31.115301,79.214394
27.102613,17.289692,11.135977,9.692029,1.481838,12.642684
15.395815,10.694502,13.289710,37.852043,11.163092,44.883244
16.679920,11.384871,3.042846,31.874704,8.944967,26.945175
5.777390,4.021062,3.012124,26.265474,6.913801,14.893946
79.591675,39.826855,57.361111,244.985703,59.193054,169.022247
52.958412,21.861427,26.676695,126.543823,34.769028,114.304283
6.235433,4.303714,2.469013,7.810338,3.153259,7.951182
11.960077,8.536591,4.838356,24.975731,6.625393,17.442379
86.078423,42.113670,52.307850,218.907852,59.397255,162.460617
16.189388,10.986580,8.772836,35.454266,8.361060,14.341399
14.925875,8.352662,4.144743,23.445354,6.690479,18.641502
20.068773,11.569878,6.248767,33.245621,6.822843,17.545906
20.397375,14.175685,8.196436,45.524944,10.308306,24.310371
31.530970,21.183744,7.518840,42.237160,9.958558,10.713340
29.183468,18.164419,30.434090,132.895111,32.837383,48.387516
38.204998,25.589968,35.935146,170.839188,43.982758,78.668411
28.754015,17.982613,27.377548,107.041130,26.048018,75.773842
16.847769,11.537696,15.842788,62.997864,17.448475,29.041159
15.877251,10.953030,8.154056,35.925919,8.856947,23.429878
35.270748,21.298941,15.862316,67.974907,17.615702,48.045166
38.444984,23.558048,19.023985,63.929199,17.043680,48.409786
9.397026,6.096194,3.832093,17.646776,3.893624,4.202230
17.090715,11.425983,8.546472,39.480824,12.783758,27.720211
12.471245,8.492163,8.274343,28.935238,10.941379,26.659607
17.596264,12.096553,5.956525,29.168709,8.074742,12.312675
10.115788,7.039450,3.966493,23.537849,6.790559,7.348410
22.368872,14.831257,9.540132,57.863232,14.811287,23.789417
5.872275,4.101830,4.506115,24.189903,7.432781,17.600397
6.618515,4.388925,5.322174,15.868871,5.714489,15.307919
17.543182,11.825178,6.790497,21.381449,5.831426,9.951650
35.780273,23.427629,19.662760,69.216736,18.452654,53.964508
15.053014,10.586247,4.752872,16.303329,4.849337,9.445538
26.313663,17.279768,9.749722,36.575245,8.665659,19.435923
5.036167,3.456848,2.504835,27.898630,6.966249,18.334576
9.988232,7.002265,2.508956,22.834894,6.646431,17.062424
24.204777,16.107216,10.993203,33.106312,7.522306,15.142065
32.365288,21.336653,25.005169,124.227997,32.237350,120.551582
9.324594,6.611804,4.129534,12.060655,3.900633,7.048099
44.203072,26.881433,30.076355,104.447052,26.870245,71.869980
34.859486,22.158985,12.234356,51.329559,12.276423,35.454975
9.458126,6.663892,4.555399,18.573917,4.754226,11.543396
30.337734,19.653915,28.360014,159.713058,46.560028,76.971222
12.349164,8.546620,5.146263,41.016506,10.922806,19.345667
17.907440,12.072440,5.915021,25.716740,6.244148,18.968523
47.652359,32.345879,19.998421,52.815834,12.396904,47.865086
37.385128,21.093027,51.910770,231.125153,64.099442,138.997375
15.489959,10.386640,6.123843,13.293955,3.187286,10.779202
63.069633,35.408813,61.859646,302.834747,77.059967,175.934402
10.239494,7.325365,3.561042,14.094067,5.192368,9.212007
5.775378,4.001179,4.725960,21.722227,6.526680,15.638942
7.645005,4.832705,5.121495,51.216213,14.640647,24.339775
29.164036,19.376333,11.131959,37.390129,9.603237,27.595713
20.075407,13.749667,7.139800,3.899217,1.290873,15.819285
24.387203,16.625397,7.235115,30.904078,7.959159,38.277679
13.021006,9.182698,11.923799,54.011223,16.995935,33.699772
33.869450,21.790243,18.700605,57.032616,15.342444,39.061451
22.810507,14.964237,6.335959,24.809975,6.921618,18.525949
10.229220,7.503873,7.050802,39.812805,10.524054,21.785807
16.364742,11.020703,5.946963,11.291878,3.546945,12.414823
18.047335,11.677759,18.532511,97.500435,26.010260,81.891541
67.375053,39.336937,24.996082,189.621323,48.872284,125.798241
15.799189,10.787814,4.710222,18.127163,5.435523,8.809677
8.410537,6.078064,4.648049,19.932308,6.564136,19.394953
20.447084,14.227207,5.941528,15.810722,4.702009,17.996828
9.436410,6.403972,2.165741,10.879894,2.624948,3.716193
38.279984,18.619328,11.398133,59.040916,16.042110,38.023914
6.364913,4.553073,2.466634,12.355730,2.131666,3.580989
28.143255,18.738701,9.188990,26.202587,6.002105,30.125095
9.466739,6.806892,3.826781,13.812345,4.441757,10.706625
17.869787,12.106082,7.574846,37.807659,8.689586,17.289469
20.915012,13.926235,6.999260,46.962227,12.436374,29.849442
18.673128,12.969785,7.122174,22.425533,5.030046,12.696578
13.919973,9.022979,13.510337,97.559082,24.695808,72.816559
30.161741,20.463995,13.885268,60.033268,15.006983,46.957638
28.249941,18.829084,14.818567,54.523750,12.470109,24.919683
8.762681,6.046974,2.895046,19.922205,4.606071,13.747416
12.584354,8.250265,4.093559,15.921583,4.567264,11.546470
9.153496,6.185693,3.317848,7.933680,1.405671,7.670449
18.975563,13.008786,5.891833,20.384464,7.884693,5.921916
9.781048,6.805927,3.124739,17.470486,2.160089,6.743913
8.935510,6.344329,4.250439,18.084232,3.826773,4.437833
34.916458,22.810156,10.747325,62.705315,17.616133,47.546124
15.229116,10.602132,11.237332,59.363708,15.308591,36.763554
21.096996,14.353173,14.184728,65.832558,16.860968,27.291353
10.028850,7.262007,4.828801,20.913403,6.991452,15.041850
6.066947,4.551261,3.194780,30.108006,8.236166,14.186556
32.935123,21.551668,27.680721,107.752464,27.354868,57.818954
17.796444,11.712235,6.074240,31.103790,10.779735,13.947682
64.572807,33.300705,45.399071,154.574432,38.741844,112.587891
47.980465,28.665205,35.714542,173.939056,40.509193,62.709129
24.227303,16.061506,7.347700,36.548923,8.064965,31.857759
7.105534,5.009590,3.389778,9.009015,2.270164,5.501736
36.512569,24.118748,11.725485,52.118206,13.532373,19.179676
52.733017,32.641323,56.718388,200.868088,50.520096,110.362686
29.391321,16.565794,54.292759,256.845551,60.399979,203.638275
22.476501,14.668838,8.601136,23.055744,5.526460,14.444349
15.464401,10.838763,5.479869,20.562859,4.818133,12.192690
11.252438,7.666667,12.880508,72.601685,20.296875,29.058813
39.385258,22.810724,26.646376,135.382187,37.723198,86.599022
15.505056,10.295764,6.228991,20.891777,5.528214,18.665644
32.044071,20.976070,12.260793,50.580242,11.499396,27.497669
11.113819,7.749242,7.831182,40.017590,10.063402,19.591673
31.560867,18.205109,27.172688,95.602043,23.948172,83.606560
41.676273,19.509584,65.264946,199.339417,48.289848,131.158249
27.532236,18.400679,8.414476,50.730442,13.428958,34.628948
9.080050,6.662326,4.038866,14.649603,3.856349,6.550433
11.396827,7.428398,10.400506,49.129490,12.601455,17.444193
9.281484,6.555313,2.594995,1.584868,1.038452,9.166021
22.003725,14.443964,6.979506,38.766781,9.676621,16.309824
20.712973,13.961392,11.932802,53.826153,14.544508,18.677166
24.062521,16.185583,5.572767,41.312740,12.929987,38.077019
23.510664,15.383425,7.875305,29.749739,7.675555,21.308722
27.745268,17.935097,8.351298,36.892128,11.404979,23.385801
19.215303,12.808563,21.174868,62.901100,16.297981,59.175262
26.797829,17.436743,9.286416,44.529404,12.721838,27.293282
7.026903,4.904936,4.309878,20.007563,6.006180,14.828678
24.008623,15.787193,13.078788,76.359108,21.523663,80.037422
19.111151,13.514401,6.225427,27.450508,7.598708,18.380274
43.486801,27.450283,17.294340,63.488758,15.708984,30.652327
30.751328,20.165379,10.574804,52.520973,15.021799,25.198626
11.749642,8.023237,6.414577,22.514452,6.438179,15.384518
38.147434,21.882906,17.789568,105.367233,27.334017,68.167122
7.712796,5.431761,2.143747,20.238834,3.964705,10.290142
57.554901,34.871769,26.036282,133.835892,35.267235,69.869934
33.849571,14.831587,12.075669,65.730415,15.795532,25.374155
8.429947,6.005263,3.655786,11.932135,3.635591,11.182805
10.530332,7.171570,7.197440,48.149097,10.994292,24.266800
7.588023,4.856565,2.871869,23.701757,7.091593,15.853602
13.431776,9.390383,4.222712,20.839872,6.042725,10.399260
44.303505,26.704266,11.171681,74.897545,18.958265,37.221748
23.643030,15.914956,15.118732,83.599129,24.081188,57.740032
14.643972,10.163887,7.063793,25.953159,6.088027,15.050029
15.879938,10.445477,13.844734,56.982574,14.221607,22.541195
15.554276,10.615267,17.573175,74.270782,20.184401,29.576944
12.752027,8.974526,5.185394,37.862904,11.532092,17.226364
34.848667,23.197874,11.785336,50.998646,13.773285,13.613625
7.514053,5.335297,3.421356,9.101824,2.600176,6.151568
8.599025,5.976765,6.851737,36.732109,9.307263,26.216219
13.530903,8.635431,12.635231,70.883240,18.600063,45.050797
9.343509,6.270693,4.484802,8.132807,3.480450,5.172949
15.256745,10.651405,10.037886,41.971634,9.553643,17.442261
13.210497,9.122231,6.459815,23.486580,5.506013,16.003885
35.907398,16.582886,20.053192,128.349854,35.419437,59.360367
24.554483,16.594820,9.449234,42.340717,9.074248,14.701107
18.359810,12.450339,10.259051,55.179878,11.506395,40.769066
15.750566,10.159094,4.608570,26.208891,7.740525,21.993423
31.554184,21.086235,14.385996,78.237419,19.516542,69.168091
10.868612,7.373963,5.002007,11.390429,4.477389,14.314515
8.125086,5.795075,3.212856,17.811062,4.322161,8.247377
5.658308,3.874843,3.175771,27.372856,8.311449,12.696280
32.318501,20.929157,27.815388,98.033554,24.199472,53.769730
42.600258,27.347391,9.861641,61.497063,15.944983,25.350435
103.283363,41.309929,103.431114,419.868805,104.118393,324.704071
36.620720,24.757795,27.702160,129.343918,33.100166,31.708925
29.974192,20.208660,29.341564,88.909828,24.040623,46.940632
27.769604,18.558786,20.091091,70.948616,19.740091,32.054821
8.634288,6.264399,3.871482,16.619967,4.510135,4.412328
19.168280,13.384268,7.150777,38.236622,9.283584,16.545033
9.121099,6.583297,4.021530,4.437476,0.092479,9.170184
12.446594,8.124158,22.018053,119.624336,32.210384,47.137463
8.025066,5.708257,2.825879,25.676582,5.652398,12.313684
21.436901,14.505698,11.515354,56.931057,14.217163,31.890224
9.429553,6.603792,3.062567,11.628602,2.844429,4.812688
60.124878,33.021908,36.770496,156.846298,51.400894,129.852737
98.784561,47.583218,79.459328,352.731018,86.019562,227.858841
12.591458,8.935683,4.251392,24.439814,8.363235,15.925431
22.358994,14.860809,10.184961,31.609446,7.482563,7.906760
19.516933,12.885411,12.643596,46.791565,11.628101,32.170132
32.564934,20.659698,19.513805,105.831573,29.141142,55.739777
13.215502,8.406558,4.657921,20.801497,4.324548,5.049365
5.841477,3.862317,2.949711,10.038491,2.792044,2.440463
22.554350,14.713765,9.572085,57.452347,15.455952,30.186279
31.778906,15.475445,9.770338,57.520702,15.276916,19.121862
12.291945,8.445271,4.660166,15.847482,6.325639,10.464157
25.215586,16.728283,7.064188,7.710576,1.451478,10.756714
43.285545,23.058962,57.840893,276.061249,72.298462,143.561981
11.932388,8.314195,7.476702,35.363644,10.105633,15.474231
7.813457,5.258952,2.668930,14.833652,4.557134,7.293542
30.517529,19.154034,20.230360,74.774162,19.568081,49.951645
25.103800,16.533932,7.630372,22.600840,6.686299,11.353345
32.195461,20.348391,24.942772,70.817947,17.991003,48.112537
30.248159,20.149820,7.574572,51.559227,13.556661,28.974609
23.428455,15.221105,16.742142,65.054825,19.151140,59.397640
25.914019,16.994946,15.115774,65.506401,16.377350,26.020241
29.048317,18.888525,9.521217,49.099125,12.313883,24.361986
17.935820,12.301327,4.064553,17.939379,5.151600,20.037811
22.089872,14.730541,12.420181,88.427788,23.630934,43.957806
6.197249,4.369507,3.132356,14.678813,3.737869,9.821862
11.775453,8.268360,6.271626,29.604033,7.033892,15.468577
11.391760,7.916580,4.766403,16.824432,5.551021,8.406033
26.198351,18.030722,9.938973,46.912701,12.208142,27.906477
61.133396,30.606705,48.538982,193.484909,47.803864,103.575455
15.356206,10.923378,6.155268,23.198669,6.866034,20.226110
18.187288,11.856704,20.373949,127.551857,32.401775,59.003498
31.882919,20.401899,24.124193,102.001740,27.624401,78.779320
17.763664,11.712791,7.409054,20.989075,5.985142,12.382831
24.478367,16.211021,11.928580,26.593836,7.923457,26.457626
20.116621,13.472986,6.501972,58.517906,16.446161,42.947639
7.250180,4.848526,2.948899,9.338078,2.880358,2.971856
9.293629,6.455142,4.203247,21.721716,5.148186,15.782267
29.161856,17.807285,29.594885,133.877548,37.305134,103.044167
18.329937,12.107289,5.511624,18.137094,5.363883,15.543883
19.098322,13.003424,15.520383,82.888351,19.843954,61.691837
43.786297,26.762394,15.222472,64.279930,17.048313,23.544918
15.421986,10.805699,8.518103,49.614571,13.005468,15.546062
27.768644,18.300611,12.283654,45.616264,11.534674,29.085283
8.201791,5.883109,3.751197,13.190683,3.682412,9.438245
28.973063,19.227842,9.853137,42.969002,11.638456,14.902531
17.372282,11.869223,5.636880,23.039066,5.827452,20.335188
12.782158,8.710420,7.929083,29.208506,7.411560,15.489139
72.359100,37.984913,53.100487,259.229065,67.195328,119.644562
14.822874,9.505413,15.174952,57.261677,15.700567,22.134420
16.997810,11.266450,5.052577,23.121315,5.241159,8.325176
43.703148,25.765465,28.541542,127.845169,33.725170,89.486847
21.001213,14.326758,21.640720,85.556076,19.968513,38.806248
8.341285,5.720095,1.902636,17.659729,5.456171,8.406990
21.525772,14.963998,17.291252,50.638962,12.688061,40.220463
28.818922,19.224642,8.883788,41.126144,10.341465,8.281915
46.298378,28.900049,41.139912,167.066269,46.130291,120.025681
58.470905,35.526913,28.424284,117.463028,30.653162,58.093010
10.906942,7.146739,4.652802,31.079266,8.193855,7.880530
27.079700,18.493357,15.777930,50.834602,13.987723,22.064713
17.033478,11.639895,9.469774,65.481575,14.891286,32.116199
59.732738,35.435543,23.653841,102.947205,27.862602,107.646912
15.367615,10.820198,6.169165,35.066288,9.885609,9.731352
11.357978,7.807864,10.581944,41.094196,8.260667,26.797647
19.107641,12.800164,5.804257,18.263546,4.444456,9.729588
5.308495,3.670140,2.150389,16.309717,4.731598,14.654728
16.942188,11.435256,21.792124,114.642220,28.283092,51.641087
55.192207,30.908226,61.966553,248.382355,63.823402,137.575470
11.679844,8.422934,3.000729,22.033005,5.311082,12.101189
16.263573,11.079521,7.226711,27.227654,7.592254,22.929480
38.306679,24.244890,17.224974,72.869987,20.165646,44.302818
8.262517,5.947820,3.555440,16.524378,4.456022,5.389036
5.490489,3.726461,3.183317,9.943192,4.043722,10.197484
25.333309,16.966652,11.479086,44.041580,10.520416,32.558907
21.990011,14.753998,8.755930,31.646051,8.842397,26.355892
6.165710,4.189530,7.001365,33.049328,7.595388,12.421863
19.474886,13.195423,6.510396,22.996803,4.203763,26.468403
14.608843,9.391349,26.439232,105.033707,27.817474,64.670181
31.528402,20.663418,21.917269,86.270836,21.931458,36.345432
73.983688,39.289654,71.158722,296.090240,79.218231,157.679428
21.404341,14.617208,8.749632,43.417473,12.696216,15.783526
17.462919,11.376769,6.114363,57.542789,11.983703,30.851088
15.804811,10.507058,5.533386,21.057817,6.131063,24.117395
15.968958,10.728091,12.016030,56.220337,17.756596,24.740311
23.220821,15.341457,12.330127,60.937622,18.080269,46.125771
6.368112,4.521497,2.703269,11.422650,3.376539,5.854358
12.764507,8.838118,5.209147,32.218021,7.156015,13.189051
16.862234,11.255959,8.597235,22.833866,6.540011,9.365153
17.384222,11.460102,14.624100,115.339264,29.913982,48.601452
4.737665,3.242872,1.516119,16.438700,4.974329,11.678352
23.714113,15.198482,25.511337,114.636139,32.041348,66.283951
27.735620,17.316999,16.708553,94.129372,24.618162,86.190590
24.218254,16.185490,14.863522,50.355846,13.129354,48.528038
26.716816,17.008833,18.643896,87.570618,22.652073,24.703396
13.774329,9.176920,13.222036,45.001366,12.248764,33.373951
13.369185,8.690488,5.890158,14.875258,4.757991,23.422691
10.046956,7.008416,4.214739,27.013453,8.385072,13.823095
33.021606,21.172245,13.025147,40.721245,11.895422,18.737209
9.945945,6.719182,4.491336,23.073435,6.209367,8.449574
17.942984,12.550107,5.619586,32.242283,8.480605,22.299143
34.564384,22.222317,10.618413,34.445892,7.828268,15.801510
8.584468,6.104483,4.102558,27.139347,6.068466,10.907639
36.598602,23.596926,11.924213,43.204479,9.680953,23.902081
11.627351,8.351863,8.211033,42.655815,11.335570,21.608131
17.475748,11.912100,7.372040,27.171469,6.490260,11.346096
12.587015,8.482272,4.351254,30.052353,5.440699,11.760136
29.341038,19.198433,35.404819,156.823441,39.617393,75.521957
8.357266,5.998178,5.555934,36.125217,9.885533,28.349888
12.437342,8.717137,8.696143,76.021812,18.076694,49.289085
16.733555,11.741183,9.976081,62.843330,16.124098,26.676876
28.129673,18.969509,7.241299,53.231491,15.244995,46.220089
17.256601,11.732471,11.799001,89.903511,22.615942,31.905327
31.417034,21.446264,14.481636,43.300858,9.851090,21.420597
12.941329,9.343731,5.041232,27.967125,6.961552,6.125659
16.483707,11.481264,8.355829,30.240208,8.716379,24.399673
35.641499,23.494699,10.200093,43.995445,10.432102,28.145430
11.231544,7.528793,4.499534,15.382187,2.612936,8.907423
9.358638,6.303466,2.806497,18.586321,5.050547,10.204313
18.347345,12.233158,8.874724,55.164158,12.614774,27.003754
24.247242,16.734163,8.507010,34.679848,9.370202,19.624214
15.810142,10.844077,7.277838,30.931131,8.582449,17.497801
23.997311,16.196569,9.300848,37.005581,9.578938,15.948188
42.739697,26.550873,37.348110,100.501175,24.740633,74.743088
22.343575,14.671853,10.935523,62.746487,17.137375,47.619160
6.902411,4.704465,4.234136,23.595428,5.673640,9.394900
13.303580,8.996866,4.033705,15.216291,3.192354,10.358869
7.040768,4.653392,2.467093,6.555943,2.878351,13.262246
29.524366,20.057154,10.283687,55.905384,13.781795,40.947201
34.914570,23.585695,14.336975,52.291782,14.459904,65.980003
34.247826,22.644144,10.279139,25.741894,7.215732,18.501003
5.319811,3.512631,1.242055,4.779943,1.572388,3.274663
26.167019,17.345890,8.046725,29.793503,7.033513,8.339282
8.182742,5.723144,1.906881,18.678322,4.760804,15.718280
26.129286,17.835594,12.453325,58.312725,14.646319,56.159096
29.362617,19.358994,20.375990,65.865273,17.783068,82.971199
25.590265,17.118820,11.178659,57.723564,15.141654,21.247948
20.417973,13.887081,9.042116,29.775717,7.447043,10.428850
19.811317,13.046293,4.597579,26.862078,8.855679,29.810579
17.640722,12.413629,6.169756,15.637974,4.950878,7.860113
27.744095,18.509079,10.828128,52.386196,10.753439,24.030834
21.890900,13.852755,14.812345,94.468140,26.262516,56.325100
17.298977,11.664824,7.710562,28.047407,9.259695,21.664543
14.492613,9.814605,7.415792,18.089136,3.718774,6.188254
10.829417,7.315638,10.342745,43.669914,12.567275,30.076151
18.558937,12.837379,5.501461,20.825140,4.884125,22.264999
15.642694,10.902929,5.496819,7.887467,2.490474,8.356348
20.980980,14.532225,9.963788,37.612701,9.996915,17.223146
22.581291,15.507862,9.681797,43.519871,9.362198,29.858982
82.443016,41.218376,80.341461,309.356567,75.885513,259.765686
11.907104,8.394797,2.562143,27.559509,7.787551,15.073939
8.710537,6.471276,3.904488,16.219690,4.639461,6.348426
33.218853,19.605259,44.362118,134.924179,34.809769,107.804817
11.595303,7.818042,5.025916,28.725765,7.408564,9.045897
20.633671,14.198274,5.370173,39.006714,11.200329,29.421381
52.105236,31.924740,21.569736,72.688622,16.032301,20.602995
12.760850,9.066697,5.057903,17.376827,3.262609,9.958316
15.395338,10.526768,5.331485,23.648952,5.166664,10.998613
27.566238,18.385412,9.622815,33.555656,8.981987,13.359921
13.384183,9.365263,4.363723,18.370861,5.930404,12.675672
11.595534,8.205141,4.740693,20.799114,5.508484,14.211122
22.251535,15.185949,10.449306,31.692427,9.548400,26.486565
17.745554,12.301650,7.086789,19.576469,4.564188,18.899261
31.292368,20.962265,7.349436,33.980991,7.665336,28.780729
36.154011,22.747065,29.396284,80.703522,18.131220,88.257309
19.937744,13.751015,7.677768,32.235332,9.226811,28.774395
7.327208,4.591714,1.592885,7.500421,2.647747,5.188235
20.587049,13.654887,9.296609,33.444408,9.431824,23.015760
43.599731,29.954725,18.971836,60.766068,17.309368,30.334183
68.967514,38.768501,45.883488,171.187454,36.088169,86.661713
34.576427,22.876852,13.542638,52.130775,15.170942,45.375957
6.965502,5.107654,2.839531,13.868361,4.360865,6.261438
22.266558,14.514668,9.665083,61.415184,14.101564,23.595915
42.683754,26.552637,14.337774,68.386696,16.498775,64.705658
15.239448,10.459914,5.999936,25.082081,6.056695,10.659883
12.623175,8.659174,5.618091,15.404451,4.230944,6.550143
24.089918,16.342833,10.426475,32.863617,8.791411,30.029135
10.275822,6.877270,2.168322,16.271063,3.911820,8.471560
18.270678,12.532845,6.284253,34.434071,7.889274,33.015453
16.362301,11.239470,8.612075,54.335682,15.779998,21.552904
21.931925,13.983060,21.576921,110.689499,28.772978,93.900688
24.315796,16.133104,10.225077,45.218307,11.366781,29.784021
20.371239,14.077670,6.504104,26.701946,7.087516,15.654750
14.512346,9.770945,8.033802,23.869152,8.200520,25.739113
10.263057,7.179327,2.871830,15.621262,3.389679,11.811200
20.903570,13.907560,16.728580,59.645821,16.743572,59.374420
25.613287,17.350405,6.426512,33.103176,9.123816,13.799375
36.240192,24.019711,8.729015,36.935181,11.197294,24.411924
11.181549,7.649724,5.642147,15.983738,5.091306,5.147240
6.716435,4.634467,4.308808,6.482355,2.819680,3.494271
20.494642,13.119374,12.446205,44.706493,10.745948,34.502827
12.550061,8.864160,4.450126,20.792446,6.747918,15.581939
38.625393,25.271257,9.137406,57.962418,16.802355,19.656759
36.588829,23.043053,21.991364,88.117050,24.351551,46.094048
12.239466,8.137532,14.892488,46.303192,13.546649,43.226265
17.082012,11.969575,6.616541,29.282143,6.699968,12.756660
38.804386,24.928778,17.007389,59.797768,13.611446,56.218140
4.396321,3.538209,2.163507,7.648877,2.376736,6.501540
52.026352,32.990463,50.189308,195.801071,51.424583,102.170731
14.024735,9.612660,5.202757,25.415737,6.849658,9.268746
9.992963,6.863658,8.290373,39.730190,9.985641,15.730987
26.660305,17.905012,5.567367,26.882463,6.743526,17.008856
22.867308,15.695808,8.682936,51.907288,13.593176,36.781677
18.106722,12.564833,8.764024,30.233477,7.311529,20.990429
16.932692,10.981688,5.790273,23.475571,6.879553,13.335611
20.744326,14.340387,14.760062,46.886326,13.564020,25.465347
30.663189,20.556890,9.868290,29.726126,7.660947,21.368927
17.661413,11.720669,11.197743,42.689854,9.537373,35.536457
31.934534,21.439310,13.831060,64.514801,14.778487,26.485262
32.686348,21.018921,9.294593,47.728252,12.981114,24.084282
39.863327,25.717196,14.842903,76.091187,19.317972,34.144302
13.933925,9.038130,10.342276,37.314976,10.268306,34.657818
8.790834,6.020194,2.060599,16.885578,3.627908,5.635936
16.898123,11.392458,7.531754,27.971622,7.625196,13.562492
46.513931,29.729925,23.293957,82.830345,23.343250,93.578712
29.828167,20.330994,21.831951,80.724594,19.194241,42.449295
21.977556,14.970191,8.713004,36.211952,7.633650,17.841261
27.478331,17.872974,8.777144,37.663761,7.794837,18.023361
47.993652,27.904333,39.952778,130.369492,33.023159,73.223984
18.476130,12.634141,4.719011,25.243504,6.706003,6.409943
29.239119,19.525993,21.848120,73.229378,18.476448,52.389122
15.456039,10.386295,6.885786,39.918640,10.847298,8.783341
15.601500,10.687987,2.958557,19.945875,7.272854,18.116705
10.927924,7.600715,3.759349,10.952535,2.581253,6.944160
28.962177,18.715786,10.828530,53.891338,13.786636,23.783203
9.495993,6.422668,4.178531,23.455355,6.311269,5.453353
20.968439,14.037476,7.982907,27.127327,6.719770,12.217894
17.945940,11.620987,8.624752,39.412556,8.879551,15.324765
17.676329,12.246348,9.265488,41.260509,11.093515,26.796034
22.146894,14.523079,6.650907,35.960293,8.504515,6.905485
19.943836,13.518744,9.121178,44.197590,11.863847,36.218090
6.968696,4.900426,5.849142,34.099735,7.490370,10.330163
8.840632,6.393681,5.109958,4.111081,0.632222,11.188849
5.611158,4.076436,4.165496,10.872442,3.881428,10.993295
34.394619,20.323278,14.192731,117.693260,31.886217,50.259430
8.888258,5.960954,6.380373,57.015450,12.723087,20.648014
39.281116,24.880552,44.769814,189.780350,47.653481,69.373550
32.776749,21.808905,15.125559,67.794716,15.974334,24.192554
46.527870,26.465399,39.307560,185.481827,47.096313,78.872940
19.449015,12.757933,7.094993,28.136534,6.685668,18.658548
36.949051,19.176895,18.512941,68.786125,18.500759,44.585705
30.077930,15.924426,14.171748,59.893963,12.292419,23.720612
27.289875,17.815830,12.519234,74.367516,19.012716,48.642326
17.253984,11.976830,5.922855,38.348789,10.151128,9.814287
9.122078,6.448263,5.657314,37.878368,8.812130,17.546461
10.993236,7.667428,3.732259,23.034487,6.362973,8.706931
15.869195,10.595068,6.540900,23.365280,6.230866,11.117731
12.464455,8.611718,4.656682,15.442129,4.707132,3.753413
66.392937,34.968887,63.783855,224.605087,55.461231,155.943924
19.782927,13.234550,6.045424,32.908257,8.185281,26.385521
8.230473,5.761580,3.408572,11.461078,2.045266,3.775447
8.515492,5.871811,3.833254,22.455549,6.652906,16.875927
5.342360,3.942947,3.977402,15.615356,5.750540,10.990730
15.742718,10.748807,4.293788,16.447853,4.046432,13.444485
18.549416,12.893034,4.921030,22.944031,4.797731,13.860692
23.284973,16.146963,8.097915,50.681240,12.384034,14.389972
30.853857,15.934778,11.354506,37.130238,8.492661,25.991360
11.035261,7.373116,4.756619,42.704189,10.858862,11.402273
6.964746,5.021566,2.800833,5.999944,0.615094,7.353374
10.067644,6.905858,3.761339,11.311815,2.303174,6.598603
8.297661,5.749112,3.402248,17.687248,4.264460,4.102131
32.684185,20.788818,36.730064,90.307518,25.812593,77.677597
7.026500,4.705647,1.612077,18.848396,4.853669,12.626895
56.117008,35.055088,33.104176,125.862511,31.543575,50.160923
5.477269,3.556086,1.527108,16.891600,4.571249,4.794918
21.473370,14.471236,6.934108,29.521664,6.573566,15.659266
26.146372,17.188705,39.200050,147.865540,36.746418,90.728844
50.784130,30.657036,26.088644,102.626808,26.002998,39.093304
17.323727,11.316944,11.279789,72.376060,15.826689,33.706585
5.783478,4.296843,4.167428,22.863890,4.260818,11.924128
5.343919,3.769027,2.082074,6.621894,2.353283,7.652432
24.800419,16.559250,14.423184,59.837185,15.769173,44.070198
23.132427,14.476091,14.238441,55.565094,12.859087,17.445396
15.700917,10.352323,8.193640,28.903526,8.305737,15.313245
25.799500,17.350393,9.088031,27.670561,8.591266,28.533022
25.881733,16.575056,23.397196,90.023972,24.650496,55.028019
30.546602,20.181383,14.160083,61.782146,15.159474,36.119919
19.140043,12.244041,14.176681,42.242577,11.111415,9.337371
37.644295,25.426151,19.428471,82.419296,22.649776,81.079651
18.182556,12.499354,3.987160,22.496201,4.116462,8.417563
13.499791,9.706237,4.835380,17.533405,4.757646,9.669443
70.587791,31.985331,39.921726,233.250336,60.709805,150.550079
72.258568,31.929747,40.087933,237.226135,56.787544,135.847977
15.766820,10.674242,17.094818,81.942909,22.655382,50.159157
8.839887,6.023466,2.972910,25.769205,5.251864,8.327765
13.567960,9.385199,6.472822,34.926651,7.797749,8.065112
18.599123,12.316020,7.405389,19.384987,5.109020,24.834946
11.065104,7.750549,4.028764,17.296932,4.219690,11.193138
8.223810,5.667714,3.722930,12.239232,2.332889,8.192805
8.268529,5.848734,3.124767,12.175803,3.939126,6.625313
15.456624,10.411905,5.159034,18.621410,6.067493,13.980607
13.926250,9.955960,5.191103,27.243076,6.859821,19.920641
10.317721,7.006945,4.287153,15.325663,3.945676,8.280835
29.438021,19.460205,20.350872,92.545357,24.055840,60.459599
12.356359,8.098233,4.475063,14.440066,3.571045,12.757910
51.963379,26.670382,55.089077,171.893387,42.752308,118.145111
14.733038,10.303334,10.879924,52.926598,15.866937,18.888744
8.166770,5.919245,3.568141,29.291124,5.842128,7.727074
8.872074,6.048071,3.567873,19.370104,5.470136,6.856471
43.714111,27.878336,20.707455,141.582504,34.897060,91.872643
25.701693,17.208961,8.668538,39.616726,10.767502,14.287861
31.292711,20.033628,14.901639,48.589603,12.211659,40.323174
5.472981,3.899813,4.916659,17.026705,2.735401,14.438308
10.412855,7.239687,6.240754,42.188824,9.727659,18.843430
32.276524,21.490507,10.171819,74.174347,17.979723,26.072712
11.575677,7.737362,3.197589,12.239953,3.303177,13.999577
32.639427,21.873701,18.204361,72.494759,17.417227,38.083912
14.822231,10.022412,7.422277,54.448181,13.907299,28.033722
9.265679,6.453439,3.102326,16.069023,2.952564,12.244767
25.765099,16.847153,6.978310,40.548351,9.807196,16.789177
6.943089,4.537311,7.830490,21.718363,5.295063,15.253066
9.043212,6.402988,5.117826,29.133797,6.552807,10.796648
42.120907,27.740871,36.658146,173.411285,43.570290,103.292397
5.510707,3.905701,2.815376,20.059267,6.093503,11.543795
39.804062,25.549431,42.350979,205.083359,48.888790,167.786240
8.215311,5.441782,11.529325,44.906017,11.261554,21.047045
12.790915,9.019131,9.318253,29.449104,8.806274,21.273062
23.224983,16.037292,11.766929,64.627640,18.556091,36.540810
13.535583,9.040410,5.887285,26.160881,7.097582,13.094710
31.572056,20.496653,9.122312,36.649166,9.895624,13.975482
18.073660,12.151457,3.072143,38.290390,9.328211,22.022087
17.335875,11.784056,4.600875,27.514135,8.760783,16.379715
22.974085,15.606056,10.837557,33.858654,7.026143,31.128506
6.556290,4.585838,1.876454,13.138137,3.900576,5.093795
76.079384,42.771286,50.097031,246.049393,64.406952,103.109886
34.254883,20.860474,14.042552,64.021851,16.274494,10.658695
8.790594,6.408300,4.651135,16.520458,4.661697,8.600573
18.851593,12.710678,13.183131,28.307823,7.739788,11.563037
17.959688,12.088281,7.315624,21.613701,6.158493,16.532160
24.650688,16.972538,11.200126,31.301554,7.635890,24.719444
8.681997,6.435418,9.250542,34.992245,9.041743,22.196587
72.628761,21.883440,34.071877,132.614212,32.710396,75.813232
53.927242,23.467674,24.583609,88.007332,18.322798,31.137632
25.931246,16.625078,10.868443,68.064667,17.043371,51.240841
28.733253,19.472639,16.856134,55.392170,13.463697,51.289974
13.212090,9.023208,4.136005,16.772238,5.242692,9.273384
6.868294,4.564452,2.926144,19.704636,3.569582,4.176732
7.161717,5.027206,3.333325,12.306259,3.540007,10.080304
8.715569,5.720532,9.700945,43.741047,11.347029,20.044748
30.508387,20.862423,7.330166,28.833416,7.971304,30.885370
28.084146,18.580700,10.482784,31.185190,6.811027,22.042238
9.326962,6.230744,3.831754,17.062136,4.273557,6.393180
12.046687,8.093925,3.813611,18.688057,3.887845,5.872715
14.156703,10.036973,4.149218,30.938301,6.768117,11.371206
29.192905,18.838999,10.072783,43.737190,11.505799,7.204461
15.591113,10.569393,7.173523,21.000835,3.502457,10.333246
29.821127,19.904688,24.520830,81.577713,22.071503,45.091484
34.589836,22.911118,26.488781,94.794678,24.450352,62.522442
10.190619,7.231235,13.530953,83.783905,22.438745,54.484219
15.028971,10.521842,5.324956,27.954287,7.180600,10.437897
10.728082,7.415664,3.021553,29.094345,6.891985,4.291818
18.965578,12.718319,16.578791,66.122330,18.516134,36.387150
15.827820,10.950374,6.886683,38.092239,9.835178,29.636356
13.479090,9.292643,6.384324,26.726707,6.179280,5.842889
11.760917,8.034308,6.026197,33.799084,7.469832,18.604889
39.274475,25.603352,12.690499,52.412804,15.101431,41.666294
14.170042,9.714823,5.843742,22.903242,3.986842,7.165966
8.007908,5.329453,3.128479,15.854992,3.366700,4.928247
53.706631,30.818975,29.113605,131.741058,34.884331,44.869190
52.430241,32.256687,55.986099,171.898285,42.284946,129.945877
6.860190,4.871493,6.852831,37.459610,10.441947,14.660023
27.584129,18.392149,9.131645,41.773239,9.699393,21.533993
34.047684,21.349215,28.531805,91.080643,22.757458,56.557037
13.243889,9.007463,4.932983,13.365312,2.072537,4.299618
34.241119,20.441242,46.137611,152.269791,37.190079,107.830650
42.240471,28.165470,27.014381,106.660912,28.022415,58.106323
6.294001,4.514325,8.229975,7.505694,1.168303,13.988943
13.582078,9.098012,6.262141,25.784702,8.509539,23.475574
13.998888,9.418489,7.111905,36.998558,9.059694,32.707039
17.813639,12.217040,7.950804,27.415216,7.219037,10.744350
9.975922,6.370177,2.890069,8.148559,2.589020,14.861566
4.685869,3.245454,1.452838,21.518650,4.697394,6.307041
12.402383,8.741756,8.933613,37.266769,9.882832,41.447704
23.149694,15.570278,11.618480,81.637749,22.498024,29.194246
35.005062,21.845560,31.708799,134.590454,30.372183,107.786530
34.674118,19.491529,15.957577,65.790726,16.212971,41.111980
20.788866,13.990347,5.884104,32.931324,8.558495,16.495827
12.949059,8.883376,4.525989,18.683744,4.808877,5.802463
25.425858,16.492857,8.463791,39.375603,8.907871,17.241093
27.395729,17.980087,11.581440,60.713276,14.481255,36.784878
25.452232,16.641857,26.184055,117.027931,32.554958,123.314285
20.973324,14.179495,7.017208,24.190256,6.262843,22.741785
4.687075,3.194752,5.489322,19.337280,7.252108,14.983650
24.901766,15.329630,31.291281,160.290604,38.826500,108.175415
13.634916,9.804135,7.621406,33.453819,10.570065,25.084593
16.047836,10.995139,4.874324,14.804462,3.406253,7.230050
26.880741,17.695904,12.001554,55.422150,14.868505,33.836369
15.524301,10.434186,13.531849,42.124607,12.328724,42.550030
56.615070,22.680431,19.116907,57.867657,13.727604,25.736137
26.513195,17.279255,19.229771,98.561584,24.124752,45.643795
35.854431,24.280712,10.927526,64.200531,18.252523,35.215240
25.087555,16.214666,19.836653,82.809326,20.575027,25.372295
31.189220,18.587185,25.751146,110.224022,30.583729,66.823509
45.178333,29.665771,20.699011,76.099846,20.822327,33.994530
12.111583,8.515760,5.082243,10.485967,2.833390,9.844286
21.788054,14.763345,9.592198,47.333237,12.601215,41.240410
26.645954,17.428389,13.222190,109.809563,28.502085,58.021023
5.064999,3.447795,1.989357,19.072720,5.876224,7.216552
23.342085,15.333551,13.056504,69.191353,18.919943,37.134727
13.798193,9.384205,3.247347,22.910078,6.634795,11.481575
19.993368,13.075732,6.022186,24.278526,6.587641,10.938143
27.652262,17.542395,27.012585,90.519638,20.546692,45.980770
14.718523,9.849067,5.607521,15.555975,4.019947,11.232572
10.158124,6.988262,3.162285,14.529211,3.137660,6.060176
28.587063,19.273771,11.969638,42.015446,8.685773,18.425880
14.789522,10.469837,5.751824,21.085630,4.502765,9.646427
39.685093,24.303953,26.736765,121.066727,32.888210,58.815502
29.230040,19.035906,9.888532,25.269855,8.032877,23.379255
10.921530,7.874141,12.438926,44.614349,12.306709,29.187027
9.590109,6.819118,3.287765,15.258910,3.183800,6.852845
78.887253,44.346260,99.894646,471.318237,116.810844,230.207520
22.302401,14.750902,8.608159,32.429134,7.672776,24.893082
32.627365,21.589935,9.622162,77.471169,19.197044,23.189026
41.416172,26.683353,13.087628,82.089165,20.115145,62.251984
15.630968,10.181391,6.495781,22.160875,7.109988,17.106344
26.801708,17.347525,27.128040,95.007729,23.628582,78.149055
11.928044,8.007881,8.181990,36.211193,8.316037,10.522055
28.263474,18.704603,12.834979,58.698238,14.349925,18.057428
50.008144,30.966534,20.129887,105.492561,27.580187,50.345764
38.612595,26.031719,14.497025,66.162781,16.651529,37.940647
13.859224,9.188903,4.944678,36.712173,9.300973,20.047344
17.866972,11.771511,5.629989,13.069481,4.949609,18.148129
14.837450,10.135033,3.660858,30.606089,5.955639,9.007265
34.536385,19.113806,75.592560,287.726440,71.336876,140.674820
13.462664,9.009206,7.417649,40.268475,10.295225,7.296098
68.432449,34.791664,19.283792,118.578117,33.259220,86.169296
9.010130,6.654044,3.802516,19.076962,5.219872,7.017982
11.125528,7.368812,13.964170,38.096149,13.073933,23.450249
5.670278,3.950784,2.799229,10.102386,1.868892,5.560630
16.585653,10.725326,5.812323,17.861528,4.654252,7.696812
14.054479,9.564348,6.433038,39.267380,10.010008,23.915653
48.676987,28.985279,39.983734,165.472763,40.445381,115.293434
20.913132,13.702500,7.297091,25.675480,6.645170,13.320335
29.864590,20.040859,25.448477,14.623270,2.745625,24.463482
6.766514,4.855662,3.419747,12.148294,3.925208,6.557271
19.325651,13.115149,7.718788,33.779957,7.833896,7.991832
49.291782,26.279398,24.556404,100.688705,23.928019,77.655357
22.991150,15.037541,7.614859,28.890894,7.003974,31.273392
34.223042,22.641008,8.573914,48.422226,12.084718,30.282061
89.655754,47.956383,50.969913,157.897812,38.078014,132.918198
24.751677,16.342178,13.339186,67.756332,17.003378,70.184959
35.388199,21.781841,17.614151,85.691772,21.055803,54.133873
11.161795,7.818666,3.899289,29.286154,7.988395,14.987250
60.030560,36.108978,41.178711,197.486725,48.537838,117.643929
10.312567,7.473791,5.315969,14.729115,3.705003,4.976713
33.019726,21.343573,11.818922,50.425827,12.920357,27.890982
8.348740,5.637809,3.477516,15.303738,4.917969,15.374452
22.887047,15.018571,6.580460,26.208187,6.228564,17.081694
11.707932,7.767674,5.231704,24.149090,6.074794,16.113087
7.652229,5.649024,3.422723,29.271835,7.704404,7.082565
11.023494,8.063756,4.390127,13.308107,2.964308,6.391284
24.369167,16.396069,11.828113,52.018551,13.278634,31.182735
4.112327,3.196425,4.715281,29.715773,7.908011,13.164201
4.930007,3.656436,3.821619,32.864750,10.161119,13.710092
36.031315,24.517971,13.801543,55.960793,15.375291,18.831438
13.686107,9.306316,4.309458,22.165375,4.204716,9.198488
52.563114,30.540911,31.299177,121.414627,30.416527,70.306541
5.475666,3.494688,2.493759,19.016474,3.474622,6.252012
9.155716,6.490830,12.057456,57.061558,16.267353,42.089531
9.329431,6.171700,2.858634,23.258055,5.694768,5.779391
13.654926,9.081723,7.601184,48.822411,13.498211,20.058056
43.873745,26.040979,35.146011,170.984970,45.774815,83.224571
27.152229,17.605062,24.852461,127.242447,29.966831,86.780724
7.621006,5.511771,2.364439,16.712215,3.289333,5.122466
9.496818,5.857351,25.190201,107.646072,25.112631,44.100704
10.005129,7.257281,2.981070,14.138462,4.358389,10.498929
19.685152,12.843691,6.697113,46.271320,10.610470,15.083014
24.555635,16.330946,11.517070,52.150589,12.387193,32.221996
16.193176,11.279775,11.002303,35.178295,10.666002,20.088648
13.739215,9.765008,4.744627,21.874855,4.520329,10.843110
19.324194,12.795462,12.110547,45.124809,10.494843,34.622971
27.107470,17.825670,9.173477,66.022835,17.001665,26.322474
10.284214,7.028098,3.742608,20.876165,3.769354,9.370722
21.046835,13.689620,17.338400,71.918060,19.966730,37.676628
9.670256,6.835177,4.667313,33.852100,9.359783,9.798779
16.586437,11.107474,5.824726,17.864624,3.926694,13.259972
32.998856,22.216967,17.833714,90.903709,22.687819,29.195841
30.778967,20.049826,10.150530,101.971619,28.481607,70.708015
22.367773,14.515146,12.121680,55.208775,16.196075,41.032387
8.852155,5.885456,3.491402,20.054775,6.502053,11.844054
16.568701,11.216709,11.103170,57.049114,13.902483,32.570671
12.895117,9.269576,7.212800,27.007792,7.054470,14.236130
14.986784,10.025594,3.374732,22.817587,5.268782,16.107414
12.397658,8.147463,3.348740,25.176044,5.510465,9.224447
16.590670,11.162231,5.901810,32.551842,9.813238,10.373283
17.491436,11.787376,8.318095,33.232094,8.723946,19.170694
9.368854,6.684106,3.638003,19.087389,4.619445,12.579825
22.436943,15.420969,13.799523,67.544838,15.515183,39.140862
13.236292,8.602262,6.752989,61.516457,18.269646,37.670879
13.576118,9.521299,5.424030,30.662846,9.977915,13.214787
30.428307,20.230631,10.642730,45.742447,11.372081,18.360159
29.185064,19.651848,6.013812,34.652622,10.337784,29.343761
33.817280,16.448700,19.080173,57.621513,16.825838,40.315750
9.495659,6.433823,3.235984,18.390787,5.152055,10.895353
22.584324,15.098115,5.146149,23.086998,6.246014,16.358885
31.685009,21.100246,9.677579,56.967655,12.871962,38.160103
18.349480,12.710052,6.019419,30.335308,7.155656,12.078894
24.998421,16.857597,8.459216,20.309210,6.371952,21.476572
11.082908,7.816538,3.541392,15.577520,3.306663,9.600670
33.737286,22.368052,18.310045,66.425308,16.780758,41.521404
8.647851,6.118186,3.907973,28.285151,6.187386,11.922883
31.863235,20.570797,8.949623,37.597034,10.974697,33.314049
15.718456,10.666762,4.965213,26.822229,7.397058,15.407568
12.897473,8.934247,5.251757,14.487005,4.032556,6.337028
16.256817,11.208910,7.925151,37.921108,8.445515,25.205172
36.764050,22.809519,18.926407,75.613159,20.904318,62.009747
24.726002,16.332579,10.180973,23.138811,6.564738,19.471119
9.444574,6.635955,4.934026,36.395588,7.187791,13.150330
35.131962,22.836536,21.955873,113.400009,27.505852,60.323265
4.952912,3.332929,2.127440,17.650042,2.967336,6.504252
14.892135,10.287001,5.183471,36.655594,10.129193,22.220095
21.997442,15.135036,7.995608,30.907093,8.658627,27.437078
18.018541,12.411101,15.978977,70.617653,19.937601,35.557800
15.783638,11.035529,4.831604,28.161505,5.773742,20.697216
32.983398,20.782234,30.602974,150.780655,39.178699,57.904755
19.426987,12.688611,6.376980,32.842960,8.210143,20.333025
26.497309,17.434481,33.058769,147.413101,36.944355,87.018494
4.500881,3.310319,2.284784,2.001851,0.391260,1.754438
21.965342,14.483040,8.417266,26.977734,6.803029,13.526668
27.468876,17.601454,13.440001,72.118645,18.747259,31.813183
57.668381,33.437305,30.195539,138.148117,32.044834,103.460472
16.004690,10.494287,4.992326,28.075296,7.377362,11.155605
41.859089,28.183125,25.938013,125.606567,34.478107,73.510437
31.119041,19.685520,8.892455,48.792313,12.442047,31.907331
28.907499,19.190975,16.884132,59.790699,17.213408,23.312300
26.319422,17.257862,11.443933,52.768810,13.161618,37.194706
67.307213,36.733433,40.746387,209.707886,51.657482,159.042419
28.460415,18.530993,14.746204,81.060974,18.804102,36.662872
13.410043,9.122940,6.532679,29.505720,7.370666,15.497496
16.789503,11.438495,5.458317,19.610092,5.560657,15.146836
18.231365,12.669480,5.043111,25.422689,5.746041,10.478245
34.488052,22.196476,21.581169,82.566277,23.020277,58.236019
9.196153,6.399174,3.568242,14.620665,3.041801,6.527517
7.331770,4.942940,10.740340,47.104813,14.047045,33.312244
22.632889,15.423395,7.317225,29.159983,7.940500,17.149286
15.549550,10.669676,4.072736,14.001875,5.253442,10.698342
29.343634,19.544207,7.211159,43.323708,11.950010,26.600410
17.902182,12.255828,5.290062,23.553776,5.471021,4.469599
24.508429,16.428425,9.031084,50.449524,9.826131,30.119852
38.401649,24.651468,21.860252,75.648285,18.079533,42.458488
17.702969,12.240345,5.600197,26.149141,4.589571,10.784419
12.802509,8.908724,10.878747,47.851917,12.426439,27.215704
4.608171,3.018559,1.399412,16.640936,4.226706,2.773806
21.114326,14.091655,8.039599,30.027121,8.265683,6.045799
18.268595,12.179846,7.695028,25.624357,8.005866,19.633486
21.847313,12.708199,47.746578,287.073883,72.205475,195.357117
24.904034,16.685535,9.249261,26.152233,6.550056,18.573542
15.977834,10.857332,5.817166,22.311134,6.322831,12.049133
34.519726,21.634796,23.411570,110.194672,29.883770,69.267792
10.140079,6.999797,3.804784,8.127262,3.324813,4.627604
16.639078,10.962125,11.728344,80.344849,18.982769,27.025761
11.546633,8.036000,3.495558,16.522013,2.774791,7.892894
17.773655,11.686267,5.386058,22.069853,6.150363,16.350843
25.377569,17.105452,9.583214,65.340446,15.866473,30.362572
28.612953,19.814770,12.911478,25.987114,8.808165,11.026678
4.430543,3.156373,5.173611,29.436438,7.361893,9.211186
50.983025,31.224649,18.939829,59.059582,15.727835,55.462570
22.173008,14.913590,8.694734,41.431076,8.864109,16.525396
45.424835,26.795362,49.824566,143.084534,33.710690,102.117790
10.436213,7.380640,3.293471,16.035112,3.906370,6.714189
35.026375,21.946405,23.923122,130.766556,33.332481,106.742508
37.721642,21.740505,69.494736,228.145859,55.943508,90.208008
17.236189,11.708992,6.620338,29.686205,6.779247,11.993269
58.770805,32.778652,41.198067,146.028015,35.268864,87.337517
12.895421,8.783713,7.946008,32.923813,9.221686,16.781193
38.574745,25.119572,15.909357,79.831802,21.982599,56.250885
10.265683,7.150818,3.101624,11.160762,4.505603,6.147633
8.034567,6.001962,4.343518,28.005730,6.068466,13.053252
11.826202,8.035239,6.402723,70.529243,18.207487,24.849478
26.330524,14.026017,5.479518,42.459206,12.724073,36.581467
24.739944,14.184519,5.366692,42.721107,12.192780,35.408054
11.362298,7.610311,5.566780,21.578320,5.138594,4.927608
12.233460,8.518448,4.527971,14.500381,4.767859,14.353801
37.502331,25.069290,11.400199,46.960785,10.603641,20.596359
23.952028,16.389055,21.661718,102.772644,28.283848,37.761028
10.369904,7.178483,4.187367,9.620859,2.521547,8.277571
6.043185,4.148440,4.547965,19.108803,2.051702,7.525333
22.249950,15.062410,7.518005,46.247372,12.179829,15.832510
10.276807,7.095902,2.304635,9.139020,2.721505,7.879633
41.134979,15.960643,41.511738,181.318359,59.810295,172.068451
39.176773,20.098837,66.944077,314.925018,84.854614,207.857010
10.854221,7.137520,3.695587,16.813303,3.575008,17.911572
19.037125,12.664103,6.041494,16.745415,4.528338,13.068608
17.488134,11.939826,8.094793,33.422829,9.595335,33.349854
62.442322,37.516582,44.180721,239.401627,61.136326,133.203247
22.266325,14.884394,12.578842,91.459053,24.139660,42.507656
20.869131,13.622111,12.287137,49.903591,11.042252,43.473701
21.575951,14.750690,6.364655,36.300434,8.794935,28.417467
10.166631,7.388773,4.150728,16.068054,5.062310,6.921770
38.448418,24.772373,18.167040,95.964355,25.086071,64.755180
22.391085,15.129373,7.937628,44.330914,10.947361,24.290073
22.937717,14.983644,10.431110,35.324581,8.593730,10.600056
11.343585,7.996432,3.521766,7.048695,3.300682,5.832582
17.769896,11.813527,7.113700,28.434551,8.784979,16.312052
17.162266,11.820395,6.885686,22.438427,5.681723,10.281731
15.008108,10.194392,8.492937,34.563377,8.963799,10.135602
39.066719,23.935417,35.552345,111.332527,25.392229,106.304169
9.257819,6.237275,5.633504,13.578104,3.252301,6.548966
72.786118,37.916142,29.137846,95.715981,23.973017,62.350296
7.943772,5.545437,2.074680,15.500395,4.475365,8.810239
10.270450,7.603380,4.607069,21.717424,6.719183,9.169270
8.990059,6.108006,3.598582,14.879401,3.666056,7.051110
27.171684,18.265909,9.268410,30.133097,7.804361,21.375143
15.404772,10.540802,17.830244,101.592964,24.394396,64.614326
16.757170,10.817031,7.202422,27.184252,7.738059,9.848657
40.691238,24.740982,22.987114,109.131783,27.863255,61.257236
21.283445,14.385714,13.801173,69.806946,18.566301,20.320570
28.125374,17.794697,23.573380,85.436234,23.517044,64.465286
25.676361,16.689901,9.287326,32.435181,7.271892,13.386074
13.803336,9.623505,3.547925,26.135202,7.648593,20.113119
10.192996,6.442732,5.857398,47.123730,12.886518,21.859594
13.824657,8.846554,30.821192,197.705292,51.424671,86.022209
14.196663,10.117850,7.241354,40.037136,10.485757,19.992216
10.557843,7.631826,6.939307,30.809868,8.865681,16.207994
23.535522,14.964332,19.527872,81.588173,20.022614,54.211700
10.692621,7.198352,6.618090,40.007576,9.877219,29.813772
14.592436,9.498030,3.995759,18.995716,6.282894,18.252546
11.279501,8.045698,5.406047,64.114067,15.328588,24.265678
9.410997,6.451229,3.464045,14.510396,3.911851,4.960077
23.121010,15.506916,14.003796,62.714592,15.543409,35.894409
17.437159,12.017511,6.262596,44.351395,10.536572,28.367451
52.725655,30.785919,19.881237,78.010765,20.514771,52.101559
16.469521,10.850976,14.366981,74.765305,21.380211,35.861053
20.553396,13.497540,4.974357,26.721468,6.451553,18.484547
21.835094,14.475445,7.683295,47.549709,12.930117,28.175776
32.093254,21.699707,17.859102,126.241356,36.113819,42.551918
24.066786,15.927555,8.871043,32.709385,7.089861,15.702414
9.837008,6.531691,21.969015,57.250111,14.738639,56.238171
27.070770,18.106934,11.345678,32.035629,8.972166,17.991488
18.584198,12.405500,19.343403,97.860458,26.636972,60.294186
57.322937,33.129742,22.795631,71.196388,19.793251,36.110249
30.944546,21.191151,11.503652,31.954363,9.238645,24.086796
20.226006,13.294985,12.851232,52.731155,16.901636,36.299179
9.969997,6.958993,10.366448,47.194523,9.592550,23.799088
19.939552,13.416989,10.533075,40.684486,10.638098,42.064796
45.101261,23.830696,40.622101,187.086746,45.416279,113.511993
22.973141,15.566056,9.644646,37.572235,8.959948,28.080603
14.802996,10.032195,11.858191,47.524349,11.119487,33.247742
31.529013,20.855949,10.874342,37.208618,12.802768,33.723438
7.068845,5.177842,6.575545,23.302561,6.258164,15.945108
22.331232,15.230961,6.063208,39.650585,9.148614,18.100563
52.785347,31.707056,27.256622,63.228504,15.289604,70.823349
14.682292,10.072516,6.567696,48.870586,12.121776,57.933582
56.496769,33.073318,73.862778,285.479523,67.702293,188.065506
7.597074,5.132524,5.904599,23.569780,5.982595,25.685934
32.152081,20.906878,9.707308,45.218716,11.849409,23.602604
36.603699,23.486582,15.933232,77.813591,19.487852,25.418478
30.840637,20.533438,8.935912,59.437664,13.557070,20.202534
4.842529,3.586045,3.474540,19.101677,4.779340,8.109743
12.375970,8.307081,4.815660,22.361822,7.090765,20.094944
7.001097,4.901408,3.538871,15.605898,3.270921,11.697392
7.006013,4.703037,2.190103,18.022289,4.719615,11.124707
4.341021,3.130062,1.852610,19.102566,3.389699,4.818121
28.361143,18.838316,14.305878,38.402218,10.041486,24.650974
15.154782,9.950135,5.829226,20.014078,3.953985,13.542313
9.130026,6.298785,2.123722,17.252476,4.710269,10.936143
18.023058,7.074476,7.418829,49.342651,13.168356,23.352257
21.858812,14.064737,25.711908,70.243416,17.895391,33.335243
19.346212,12.746723,9.039860,7.579127,1.346171,21.889776
41.883274,27.328527,28.566364,84.415024,20.411774,57.348873
25.377733,16.688021,11.017049,58.841164,14.151462,40.584473
38.878334,23.831211,58.677177,256.342407,69.123497,112.661751
4.701101,3.484058,1.645950,14.665501,2.844084,4.918709
134.872498,67.469818,61.644394,299.694122,76.171646,159.587570
98.766541,54.084454,61.367985,314.183258,68.492134,141.990387
7.741947,5.806609,4.060861,19.132256,4.436982,4.967601
9.629194,6.768625,7.811440,42.525139,9.517365,22.640703
31.484179,19.960285,13.450065,65.550438,17.278805,37.043659
43.207344,26.466091,44.747551,121.095848,31.809189,98.314369
26.811867,17.121792,9.902771,35.958160,9.476830,17.798706
44.466923,28.157045,13.413251,63.914700,15.846649,19.317060
36.690159,22.379185,28.879284,120.039169,29.391104,86.182617
22.841152,15.105830,7.668667,32.568863,6.969350,12.789383
33.876850,21.869408,11.570379,44.876469,12.098052,23.523163
30.670258,19.338516,54.751339,237.300949,64.006775,155.853668
8.102902,5.577809,3.780725,21.041069,3.693816,13.600564
7.916588,5.347182,5.040441,24.709139,6.329654,8.704090
33.135170,21.678999,10.053924,53.768326,15.627445,15.468538
12.218674,8.171597,6.784278,35.816532,9.288104,20.310944
16.254934,11.128366,21.251280,78.735970,21.517597,32.237839
24.387783,16.675434,8.155170,43.907883,10.839070,31.556007
12.809837,8.852431,4.267017,38.288288,9.624866,20.615286
37.667774,22.549093,18.067698,82.878143,20.957302,70.558006
31.005915,21.182928,12.825120,47.036240,12.173925,30.223722
10.719121,7.562153,8.205672,38.823326,10.085117,11.258263
33.019012,21.485670,30.710775,166.092743,44.506554,90.489929
14.053799,9.733546,6.390018,17.620707,5.999373,6.683466
23.660976,15.827916,10.481843,42.730968,12.586575,14.545605
10.464273,7.471832,3.763520,19.079613,3.287567,4.681686
27.856768,17.832674,29.139364,115.101685,28.967922,85.494659
28.321047,18.339808,13.140936,55.907070,15.034788,15.876657
29.712532,11.502937,25.727074,168.664886,48.565876,91.818748
30.096947,11.327161,26.925817,191.526093,51.452400,93.056366
10.522164,7.099875,4.284530,27.269093,6.568462,7.765030
13.558187,9.342609,6.691254,40.242470,11.284033,30.297405
11.663427,7.768826,4.791552,23.676819,7.032005,8.150437
14.321069,9.826300,10.231087,52.280331,12.695894,12.988780
11.190804,7.553750,5.967850,17.321865,3.380278,6.281775
80.487457,29.201288,56.580296,239.618835,61.175552,110.338692
63.863865,35.386421,58.746490,168.808868,39.366550,111.156723
16.670338,11.379803,7.669728,47.952904,14.891725,31.474699
6.365258,4.412723,1.731550,18.985790,5.797053,11.923880
5.258891,3.670506,3.265179,21.466677,4.708143,12.249943
7.900210,5.358687,3.554403,20.497726,4.106544,7.583207
10.147918,7.193377,4.001410,10.585729,3.473115,8.659411
28.905487,19.053556,17.132574,71.253792,20.240395,52.506645
10.505023,7.174971,4.948754,15.698325,4.682082,7.586683
28.306929,18.385700,14.649249,71.112419,18.701479,42.975563
43.254478,27.490814,20.362434,75.041367,19.487312,56.126591
16.281378,11.066381,4.389902,23.935896,6.224314,9.741829
24.676140,15.665388,17.826658,90.018242,20.950489,72.586777
35.321262,19.973597,62.979462,193.434357,49.628620,152.836868
42.465965,27.752348,43.186237,143.949753,36.026661,103.711388
14.931490,10.368112,4.686766,24.463863,5.979220,18.404434
9.523051,6.551474,2.815358,15.137779,2.789937,7.122577
39.722771,25.321157,13.085642,70.271477,17.338699,25.551172
24.371168,16.060942,6.008819,35.901623,8.811851,14.010369
19.836315,12.802600,17.503059,45.551720,11.735122,24.510601
19.206524,13.054902,6.538568,25.925306,6.023376,19.637587
5.050445,3.247061,1.912221,11.951064,4.252335,10.955004
33.056988,19.857603,35.187595,147.337753,38.383694,80.615471
73.734085,40.818134,31.562407,170.146683,42.389217,84.825630
21.463850,14.537831,6.900656,25.691612,8.311401,14.265685
18.801178,12.606636,6.645445,31.259518,10.456392,35.118469
33.654362,22.685230,10.101238,49.721279,11.172950,22.239599
18.098043,12.304555,9.430856,27.697554,8.126881,15.052285
15.838703,10.742625,5.239872,23.334044,5.483893,14.609865
33.918777,22.225908,12.438000,36.664463,8.687437,28.342089
22.929739,15.230901,10.918434,31.749058,8.065713,23.723719
59.672569,34.279617,31.768497,129.259216,35.135201,148.490295
11.722402,7.900271,3.811525,17.145445,5.399527,8.858566
27.088587,18.150620,12.062017,65.780624,16.698160,27.509506
12.562298,8.610431,5.275515,25.190132,8.361690,22.546442
86.215935,41.756313,83.632240,207.230957,47.971394,164.400665
55.290554,32.884453,62.525063,257.031647,65.778748,118.649216
10.611398,6.884732,3.200399,16.440228,3.959468,10.805638
12.396721,8.572826,8.317780,37.941772,10.922082,22.659018
17.032089,11.103161,16.488718,90.463455,24.990456,47.320992
8.607177,5.841525,2.097471,16.112133,3.642722,6.353503
16.294565,11.074481,6.154948,42.176083,12.214863,31.765997
8.329748,5.787085,7.656053,49.157520,12.458862,25.529499
18.332054,12.094218,6.079966,28.529661,7.272225,10.697310
37.640610,23.782505,19.425917,76.060722,18.439917,58.633251
42.300797,25.453735,19.589808,93.585815,25.642469,40.452736
6.058877,4.415939,6.686215,26.771343,7.273297,13.255805
19.350712,13.259891,6.689636,28.844217,7.541560,20.358208
13.356426,9.178029,8.268054,37.768665,12.415045,22.820395
24.632170,16.031673,8.172104,35.414833,7.731195,36.199306
26.304832,17.778900,8.255444,35.376072,8.409421,16.350422
16.517647,11.076925,6.975718,29.822502,9.293842,7.522701
44.623257,30.074863,29.523643,120.692757,31.706963,50.713512
26.247480,17.420118,7.855576,43.880589,11.486174,21.962324
12.014437,8.140491,4.718060,30.003283,6.860486,16.733564
39.051136,23.930946,12.221639,29.537613,8.913234,23.887007
23.045671,15.049822,7.647129,24.330151,5.531007,19.508904
22.740202,15.214402,7.880665,26.181065,6.600314,11.619890
27.804359,18.650530,16.934116,71.155090,17.868841,45.939571
31.805714,21.528055,18.072475,77.159050,18.929102,28.229866
38.252861,24.785475,13.640323,81.403091,19.806263,18.791712
15.641363,10.279135,14.692921,76.899956,20.997015,58.969540
11.356930,8.115353,3.995719,11.389771,4.681103,15.754884
44.313526,28.084225,23.713799,137.902161,36.503181,79.090584
6.938943,4.829348,7.635839,30.568476,9.310994,12.999933
14.339372,9.526032,8.982445,28.301853,6.133460,7.191056
11.540301,7.898042,3.942229,22.578461,4.525036,6.289505
19.947401,13.561893,6.430929,33.713390,10.036551,24.461428
10.800337,7.505977,4.205153,12.900163,2.905263,13.856549
20.008936,13.367676,15.081703,60.573406,19.440737,25.497618
16.724894,11.383386,12.882639,46.320732,12.209847,36.614174
16.700863,11.375849,10.038202,45.166733,12.620548,19.203876
25.499657,16.964243,9.348646,33.012978,8.857792,21.944380
69.698952,40.323345,60.418659,286.164825,70.811638,199.207855
69.464958,38.286846,66.346283,352.923645,92.809128,181.315948
8.052483,5.590286,2.846936,10.374618,2.605798,7.122943
11.349418,7.717803,5.406750,12.870320,4.083005,7.497918
36.269424,23.886642,10.800377,50.391907,12.093100,15.790244
13.045890,8.945826,4.121321,20.301449,5.606244,10.507802
12.055955,8.528965,4.561786,12.757763,3.668664,7.228819
13.494366,8.982230,3.944104,20.398878,6.366588,9.917790
17.360359,11.936420,7.654714,31.428501,9.140043,15.978549
18.716080,13.042564,5.238554,27.170937,6.632885,14.303699
27.302206,18.664923,20.175453,73.729591,19.335037,27.695269
55.483284,35.387852,21.292301,80.069237,18.864193,40.621231
18.827143,12.808292,5.007841,18.520628,5.497545,7.964210
20.264708,13.582129,7.001299,26.617676,7.432765,9.511486
52.193226,32.794571,14.991525,50.488018,12.976747,48.038815
12.774356,9.168930,4.505084,22.638021,4.895849,6.935399
14.907253,10.261436,4.005827,26.600727,6.998637,13.686906
6.750299,4.731307,2.811991,8.760919,2.570292,6.758729
16.395185,11.227611,7.814202,23.946903,6.874014,13.862858
35.086674,22.743242,10.558712,37.079796,8.753680,31.828598
38.259148,23.807564,12.987883,32.069016,7.387752,23.531668
38.629154,25.941662,27.430971,108.666031,29.139393,64.719406
31.337057,20.759483,14.350398,64.975784,17.541885,50.697262
5.567116,3.814288,6.961551,21.211914,6.493233,10.287914
34.232056,22.009041,16.903740,60.377586,15.684176,47.430309
72.256004,41.851471,30.949306,133.178391,34.267948,93.222382
36.719036,23.050539,48.379929,212.153320,56.509892,66.524330
16.235571,10.715685,5.093753,12.286126,3.582860,14.123270
46.866753,28.391727,27.054670,99.041214,25.515554,105.817184
11.907787,8.135376,6.475959,13.508441,4.146414,9.566835
8.977383,6.294368,3.965838,22.904182,6.564722,24.430223
50.332699,32.244438,12.366820,44.795795,11.015015,23.291992
11.259617,7.325793,4.655520,21.070223,4.939528,5.744703
21.448576,14.598165,8.554677,41.209934,11.767900,24.210180
10.241315,6.971415,4.041567,19.128666,4.972469,7.288208
27.058237,18.274805,14.385178,49.886753,14.485827,48.089733
26.417774,12.023409,9.132573,49.493114,12.730244,19.081568
29.926418,16.628395,12.460361,54.695107,11.215551,15.323788
7.720444,5.376979,5.052215,32.750996,8.540608,18.587814
20.895172,14.179174,7.416076,42.403873,10.721967,23.446602
24.695864,16.642805,11.481347,49.552837,13.570913,20.064409
36.250950,22.626850,13.341803,55.453640,14.966970,31.078501
64.524399,38.147724,23.737419,100.570992,25.962534,52.432579
22.009190,14.500072,12.340156,43.419727,9.913504,38.236584
4.799174,3.426233,1.711114,8.204962,2.740769,6.837386
37.471897,24.119322,38.783524,139.257095,36.198765,50.308094
6.495569,4.627501,2.944999,11.688237,2.676712,5.930064
28.216484,18.996845,14.001365,51.916157,13.379210,42.761772
23.706535,15.996609,8.603112,35.683746,9.117926,14.815374
10.554420,7.219368,6.799195,16.507620,4.159195,4.447658
31.879578,20.250856,22.636335,100.272003,27.448214,37.112518
29.195724,17.229195,29.912245,178.044296,49.099796,79.688751
18.633419,12.789449,6.701314,26.623037,7.480816,12.573757
4.147345,3.291833,2.730590,22.054028,4.845438,17.164827
49.961407,31.379423,19.390474,91.327217,23.565359,48.572849
13.640676,9.036299,4.044286,16.346668,5.487112,5.614801
11.130219,7.710186,5.475008,21.591440,6.841931,14.134654
9.244343,6.634182,3.451057,16.808256,5.048891,7.274577
69.102432,41.553520,83.181931,340.731506,92.587502,247.095901
38.613609,17.556490,17.760077,103.616020,27.058798,85.585808
15.534712,10.984605,4.519116,17.875629,4.826243,6.038291
8.878992,6.299987,2.882086,6.437097,2.213771,5.872407
37.771591,22.797087,34.754719,146.338837,36.306778,111.988060
49.097450,29.926813,26.837830,102.175781,28.513931,45.559307
13.661987,9.843628,4.644000,26.196955,7.787476,13.071683
74.947510,35.603054,131.079849,629.779297,156.459763,389.312378
12.629794,8.460864,8.450989,23.218529,5.990448,21.832630
16.664522,11.356789,6.594664,27.535904,7.162325,13.609245
40.391121,25.864927,26.094606,94.121391,24.236658,49.852837
18.156868,12.114529,5.272837,18.264763,5.377732,10.966039
23.269915,15.142776,12.840910,83.312592,20.740147,57.124828
9.584803,7.121682,6.206329,23.671947,6.480630,15.714235
58.397285,36.033882,15.715407,65.942688,16.907734,57.135460
10.508402,7.262901,3.787628,31.442389,8.124293,20.278105
24.181366,16.029953,16.068876,70.194641,18.194252,46.166103
26.551920,17.293760,13.586473,81.451225,18.173462,29.766571
15.958406,10.627917,17.644670,93.807312,24.430164,46.006252
21.654135,14.444304,11.631906,33.342819,8.012849,6.395976
24.735832,16.234789,8.116458,32.993031,9.243876,15.837828
30.285736,20.006939,22.688881,67.988869,16.988804,21.299713
15.365892,10.407710,4.716053,23.011835,6.412794,6.593120
11.137589,7.746182,5.758843,22.602213,6.292014,8.761249
4.818430,3.262850,3.432787,11.130333,3.612691,1.824566
9.724683,6.804318,10.802898,35.059700,11.831253,21.204163
10.546910,7.066986,3.568105,22.752613,6.383281,6.007810
55.337452,28.960531,33.490627,191.586090,48.328121,105.084602
18.563717,12.972388,6.208234,32.498352,8.509522,19.717426
24.255880,16.382250,12.376090,33.065086,9.067191,7.045443
30.491043,20.039110,8.179714,39.739216,10.897959,21.778547
11.295889,7.868769,3.634936,37.297359,10.683655,10.475053
11.035469,7.528773,7.904257,37.592930,11.563997,19.288908
26.080887,17.066803,10.533868,74.201561,16.331560,21.818653
13.507868,9.574093,4.499305,31.458076,6.070306,9.610283
55.694195,34.625816,44.145004,108.790512,30.350843,62.521042
21.195784,13.859188,6.912746,35.455227,7.437798,12.882341
14.039195,9.547738,3.727576,15.475809,4.669572,18.974743
52.042511,30.620495,26.750086,88.872940,22.349434,63.859932
13.985877,9.206473,4.131668,30.523403,6.650945,19.635717
25.830738,17.331366,5.690154,37.036499,9.758546,21.801760
9.623646,6.672549,3.357258,12.662353,3.234967,4.434303
22.457312,11.146997,53.451248,221.506958,53.661343,152.126038
13.098036,8.591496,4.249778,20.805229,5.608064,11.639115
6.437223,4.687082,2.360254,10.076461,4.948109,9.631394
19.914967,13.046006,15.132704,72.581100,18.100571,49.940693
21.348461,14.389147,7.350956,17.539986,5.218684,12.785831
21.356579,14.677584,4.820726,37.354942,9.558506,23.796886
10.374048,7.437526,4.132957,28.600086,5.083172,5.463736
19.338779,13.478502,10.031027,30.407375,9.743857,7.873789
25.326914,16.425003,7.971136,33.299217,9.208734,18.545118
15.781549,10.891357,4.501267,26.466391,7.786195,7.085283
10.060834,6.977628,4.917785,20.747561,4.345740,5.061671
41.341778,26.587215,13.349956,53.913754,14.103197,22.022509
35.512135,22.644476,31.270441,139.566833,37.005829,79.451263
4.869013,3.527524,3.202209,12.843111,4.183877,8.389996
17.552332,11.654675,5.885285,19.387808,5.151249,14.078273
20.187595,13.523650,20.829800,83.723503,19.616590,40.869934
26.223469,17.592949,7.969688,32.829475,10.337270,10.517663
20.519814,13.640231,18.110968,62.510036,15.770689,46.928692
15.155517,10.026864,6.326015,30.887690,8.676121,15.384923
16.220575,10.654778,20.681753,65.701668,15.903823,29.055616
19.375914,12.873002,8.855061,60.018269,16.613705,28.596428
13.951743,9.584518,6.586205,34.220505,8.452658,31.258129
28.355240,18.334440,27.176016,136.520737,34.147739,78.735985
7.966754,5.729419,5.116194,15.251069,3.676093,7.800288
4.526015,3.677629,1.420715,15.898965,2.608772,7.713892
12.605068,8.597154,7.176600,40.271511,9.325915,7.921628
16.457720,10.978847,15.378181,72.586868,17.472183,52.358868
29.655075,19.889544,12.242352,48.578094,13.267406,45.648853
13.499518,9.083879,5.214549,26.071424,6.210285,11.219824
15.994057,10.933378,5.197230,22.749447,5.816594,15.749398
17.896221,11.968604,7.838617,24.322420,4.847929,12.459354
15.049994,10.598798,5.348408,38.248734,9.548203,7.036691
7.018283,5.059556,3.080953,14.720403,3.873879,4.631291
12.862308,9.198320,4.036298,12.626924,1.848958,10.575208
10.458745,6.863323,7.687477,54.938152,13.771232,20.042013
15.321562,10.807550,4.558722,28.880367,7.361411,29.079691
27.649261,13.544299,15.286021,52.090347,16.310919,45.190254
8.545280,6.007906,2.163445,19.919228,5.941014,16.320988
19.570356,13.447529,5.952168,22.930012,5.580271,7.291743
36.599976,24.036610,10.437486,33.299225,7.823711,21.877583
49.632626,30.331739,39.706398,145.929504,33.850815,93.498634
25.046108,16.724640,14.598381,62.050419,19.659321,57.027039
78.311333,44.870300,68.806190,224.117065,56.314571,158.183502
8.287948,6.122733,3.179317,20.238317,5.341830,10.935103
8.931212,5.944174,8.001849,26.711475,6.281165,12.068123
4.245559,3.254335,3.112594,12.823163,2.661297,6.990895
30.416292,19.929285,14.664721,58.069538,13.868155,41.214428
31.376291,18.855829,31.421055,96.997963,22.649935,54.521545
29.090353,12.789927,24.162868,88.350075,23.467424,62.363365
14.879119,10.310074,4.390250,48.220982,10.803611,24.673714
9.702195,7.151549,5.120438,21.210789,6.479018,14.325736
35.368671,22.043858,11.974879,94.309349,22.631182,45.239426
20.142357,13.328622,6.511544,37.858517,7.623422,28.038834
51.150791,30.247869,41.633198,151.810349,35.233833,94.817612
20.596779,13.898761,7.370317,29.530277,8.717439,14.494458
12.778067,8.749525,6.415244,28.142433,6.461204,12.456146
16.806337,11.346122,5.321935,32.269180,9.321164,18.344252
9.259389,6.491337,3.463676,15.716191,3.313985,5.378447
16.781683,11.737301,5.089443,19.511347,6.001267,12.238574
19.224546,13.121153,8.635419,33.797333,9.952682,13.356992
21.736877,13.656095,16.273764,79.091087,21.155907,48.953907
16.617165,10.685395,4.577386,38.417942,8.688807,19.841122
10.811004,7.474817,3.726428,16.675146,4.178625,11.729530
25.766672,17.188805,26.529984,135.720200,37.064198,52.700649
51.648201,32.856976,15.614530,89.490738,20.330517,47.051441
44.784592,29.834663,15.699113,63.152359,17.461487,59.163895
59.820095,31.413027,68.092049,280.907227,71.262856,135.665680
15.028716,10.211279,4.888800,30.023947,6.772511,15.132756
10.929280,7.200436,5.728620,19.412235,4.676544,13.331111
5.883861,4.001580,3.285670,14.624410,3.150222,4.899498
54.051167,33.229092,33.970081,153.220459,35.657722,102.724129
8.227532,5.721914,3.586428,12.740172,3.242483,6.029313
8.262622,5.958528,3.904809,15.363982,4.905382,9.341590
16.917667,11.836002,6.016706,45.440498,10.939274,20.717382
25.975340,16.899490,8.219100,33.118843,8.115708,17.004786
28.622351,17.111658,17.220444,104.693855,29.287222,54.321350
15.071929,10.143753,6.994410,59.729057,15.275181,21.484226
12.479027,8.350893,5.260421,19.689487,4.648219,6.941831
19.513060,12.672559,8.431245,29.529873,5.939512,7.093279
41.440178,25.056866,21.691246,71.762558,18.847521,28.555433
11.743333,7.988891,14.315882,42.778717,11.777708,33.850334
12.227114,8.539159,3.669814,24.179596,6.960218,8.177809
6.460965,4.571531,5.375867,33.214523,8.938133,13.057813
15.888844,10.649092,5.929532,34.026989,8.043719,23.652294
23.163767,15.033798,28.873514,122.260223,30.151583,85.708580
41.741020,20.543419,21.087847,68.288589,19.868998,33.170277
14.147187,9.752247,2.194206,24.550291,6.857999,14.447034
19.447910,12.521052,31.516270,103.409691,22.977751,72.980499
27.503944,17.710644,24.675024,137.122772,37.770405,53.262112
20.446634,13.083317,17.018581,60.745903,15.425730,42.855354
53.495766,32.523033,22.765005,125.087318,32.020374,77.503212
7.542777,5.168808,2.782876,11.285639,2.687582,5.480177
32.933086,21.493624,12.205990,34.563435,9.603655,27.797968
15.827703,10.521062,12.737216,57.897869,14.248409,16.031025
18.587713,12.456778,7.499157,26.879412,7.978898,20.528706
15.973566,10.697499,9.553996,33.119389,8.274226,28.213512
23.423473,15.323889,19.651402,86.470123,20.632549,38.573036
18.649977,12.190130,14.499347,64.471603,17.226603,54.633476
18.404217,12.439028,6.421102,31.753040,6.786756,8.712707
24.499403,16.407927,13.507282,55.551472,14.039359,38.337490
23.956940,15.506639,14.771844,71.875114,17.916889,41.722744
13.074193,8.941767,8.819921,40.320309,10.130001,26.760950
31.654964,20.476105,11.629635,46.701374,12.777082,46.735821
18.498787,12.400717,5.237531,25.518038,7.647141,9.538003
33.493786,21.296812,13.433421,55.796478,13.376924,16.640226
17.881151,11.601004,13.367405,79.830383,18.759533,58.282257
53.241413,32.848530,13.180601,59.415798,17.773357,37.837116
18.617935,12.417301,7.549111,30.194853,7.164118,19.346205
43.261032,24.267979,29.154392,96.299843,23.859657,72.888748
17.442558,11.566375,7.841602,33.547832,9.503147,13.829452
7.900926,5.300279,2.871893,17.711922,4.164665,3.954169
52.169537,33.843601,51.970879,212.377487,53.600388,128.620255
27.711678,18.172598,36.282341,131.861557,32.403179,113.843086
13.411602,9.145016,2.989611,23.400003,5.333826,9.443469
9.981734,6.996403,4.638218,13.905811,4.667115,7.385008
13.286193,9.559938,3.819704,17.859844,5.342380,10.576852
35.993732,24.053595,12.028437,38.388531,9.825635,16.600321
31.920855,20.239000,24.395824,78.157570,20.138073,70.762001
28.157059,18.682161,8.862646,34.661674,9.389590,25.905149
20.567783,14.052648,7.398608,37.962601,9.137823,9.946404
12.685042,8.583534,4.548594,14.733612,2.682057,5.665950
27.652740,18.643011,8.803983,62.384731,13.390796,30.768345
22.287310,14.607761,7.726521,25.752316,6.385406,27.141691
30.077950,19.719271,14.972902,57.916939,14.546618,23.584585
22.260113,14.848848,12.366063,59.604465,13.892626,44.468616
14.715325,10.204219,9.123942,23.082867,6.141209,21.269800
10.423847,6.811916,3.573478,13.605059,4.848543,10.074162
15.923928,10.628807,7.771152,35.137531,9.225986,16.507418
29.483042,16.803026,34.383408,107.070747,26.838293,68.862587
20.107666,13.222672,6.967337,44.164501,11.702940,14.149271
20.672705,14.154554,9.029209,69.400734,17.301329,35.844181
9.964828,6.738895,5.449364,31.986177,9.630622,28.370031
9.329057,6.678809,3.567094,20.971016,5.314885,9.682313
24.116411,16.095678,11.057999,57.948940,14.770799,32.025288
31.493809,20.759714,10.044848,43.078545,12.360777,42.032017
56.070709,34.911659,20.692944,79.904465,18.603077,50.267223
40.384933,26.167231,10.899907,50.292881,12.730209,46.581852
16.998573,11.085448,6.870769,33.536476,8.619607,17.632030
36.319874,23.450457,14.774145,65.575447,18.896097,34.599335
9.837378,6.757540,3.927643,17.079329,4.346037,10.770046
29.521599,17.242416,25.001657,105.714470,24.252853,64.916245
8.689116,6.074151,3.713152,20.792347,5.785271,6.744294
18.024969,12.072624,15.321376,76.034142,20.067614,52.537529
14.308946,9.744038,4.802504,20.455990,4.674657,24.431723
28.149837,18.496820,19.034914,76.150749,19.446409,43.308846
12.993827,8.641530,3.942276,29.705286,7.566699,12.793512
13.178822,8.919140,10.003488,48.244259,12.642247,34.457619
20.654726,14.005434,8.307238,47.892223,14.022045,40.524361
4.702453,3.426171,1.687125,16.296543,3.560205,5.273444
6.220182,4.234155,3.242831,15.721604,3.503684,6.681082
32.533669,20.600761,13.158924,41.673702,11.151402,18.032585
7.737770,5.526791,4.599290,23.793274,7.570945,12.986679
19.197630,12.788254,8.019547,30.006554,6.376732,10.138918
20.374374,13.374119,18.818722,85.300484,18.582788,28.077877
14.977894,10.299388,5.171777,18.105726,4.773825,9.551345
43.544460,28.511909,12.306066,51.865784,14.782473,35.117016
19.358423,13.354052,13.484062,69.377930,19.252289,44.674225
23.376495,15.512450,8.660844,41.047440,12.434948,39.048565
20.660423,14.294269,13.194329,45.022602,8.229489,19.388517
18.602917,12.787601,5.142467,37.469341,9.827227,24.927601
24.680441,16.488634,12.174904,74.526588,20.088858,40.601677
8.957115,6.663218,4.393302,9.834982,3.366667,9.805038
7.301654,5.162750,3.533578,13.926544,3.016759,5.448065
17.615808,12.090053,5.535309,29.394987,8.467610,20.732441
36.883099,23.950865,12.593163,56.899643,15.352042,36.108608
20.562880,13.858447,10.533394,43.217678,10.780492,20.506863
33.782475,22.642529,12.826395,56.090034,13.559559,25.868748
32.720264,21.474363,8.589453,70.467850,17.618193,58.021111
5.398401,3.911877,2.617639,10.512012,1.177897,6.931748
36.490150,23.874643,9.161350,46.858391,11.417039,32.150028
23.329306,15.648950,8.889557,25.772003,6.726532,17.413448
46.566895,19.287483,19.286692,64.372307,13.740113,40.932236
46.523621,19.215122,19.825768,67.094460,13.973258,40.852665
20.883661,13.730059,7.765757,25.766596,6.200281,23.986271
16.867825,11.442156,19.861801,103.876816,27.120499,63.758617
29.247217,18.691833,24.254725,113.152428,32.077511,79.111389
69.909912,39.105225,67.536781,336.844604,87.226318,189.554214
11.575244,8.001904,6.612576,27.374613,7.243219,18.845377
26.070436,17.105022,7.993124,32.685425,8.828358,17.621645
13.088158,9.156719,8.492440,32.761948,10.428612,26.781052
36.586357,23.350798,9.230429,43.937077,12.043947,17.438334
33.497562,21.183760,26.030830,99.112381,22.565498,66.105247
16.528261,11.064143,5.387808,29.374727,6.266576,9.393401
4.927028,3.505047,2.064467,11.204961,2.704032,5.159487
14.006368,9.263134,4.117970,35.115570,9.532241,13.929227
31.561409,20.035986,10.853498,49.706772,14.474689,29.101582
24.553667,16.670418,22.174095,74.684647,19.553919,64.079445
34.602539,21.660452,10.808558,48.692703,12.015354,31.056471
24.508600,16.171612,8.226068,34.896282,6.618981,19.182529
55.845482,32.901398,41.542122,143.581451,33.677017,83.623833
19.181467,12.560567,5.963259,29.998375,8.532681,21.818588
6.262448,4.354905,3.602406,29.852533,6.800372,12.123672
49.066521,26.728476,23.077806,112.780922,29.361389,62.881603
24.594666,15.920700,14.564302,63.518143,17.473915,41.875999
9.443825,6.196719,3.351256,11.524272,1.567070,3.620779
13.691681,9.308548,3.842950,15.210892,3.773955,10.454948
19.118952,12.675844,5.725415,24.736063,6.645924,9.674239
54.527054,25.769054,78.669502,359.345245,93.624489,211.087311
54.522560,31.524052,23.983265,88.264206,23.398460,44.502209
12.753186,9.355179,5.797444,24.928358,7.996857,8.417006
13.858348,9.535446,5.621474,27.388672,8.078644,11.675870
15.365097,10.674573,6.904208,19.640173,5.257563,21.191648
9.742704,6.880418,3.846220,13.142174,3.148074,9.721992
9.916621,6.857397,3.407342,24.663414,6.720252,6.784203
43.294987,28.523922,13.690027,71.004601,16.972740,36.168861
22.961660,15.509057,4.571485,27.537085,8.156526,19.343781
16.717505,11.667143,8.165177,31.816311,8.069702,17.529203
21.772419,13.746642,11.724224,73.191811,18.119801,27.488983
65.524849,32.786957,122.788902,355.820953,91.092842,167.449158
4.713103,3.164077,4.813593,29.446615,7.460294,27.526726
24.750038,15.656604,10.598635,61.608715,15.068133,48.568638
27.290890,17.783949,9.516811,36.059013,10.559597,19.625603
24.919809,16.667597,9.099053,40.031567,9.247679,18.725872
40.599941,23.424282,43.699909,227.795120,57.028175,187.915573
7.494215,5.366376,2.660312,16.635223,4.603541,5.202753
78.349876,38.152027,69.021904,286.177948,71.531403,218.659851
12.616614,8.496546,10.469680,61.872650,15.232010,24.788574
18.058233,11.938898,11.078696,64.008850,17.851017,26.891865
28.129976,17.963602,9.520327,34.890247,9.998824,9.543601
11.155019,7.504450,3.944126,15.984392,3.388209,14.110174
10.614886,7.338952,4.454722,30.564510,8.484290,4.103408
24.063070,16.165297,8.969510,50.949093,11.090216,12.306400
7.038783,4.764002,2.471011,11.111196,2.439711,6.532423
27.505983,17.986679,8.958714,40.051182,9.156863,12.456503
15.063415,10.336835,6.110606,21.422319,5.013463,9.262761
76.014221,41.329258,84.165688,304.277008,77.754242,155.035095
7.928571,5.683290,3.298305,13.622460,4.240329,7.011309
20.863644,14.102704,14.098216,68.122498,17.365479,50.637726
5.790181,4.439624,5.770932,22.164818,5.136606,7.086932
7.374653,5.075215,4.763812,14.077822,4.690057,7.028828
17.202377,11.689659,9.739500,32.511967,6.271704,24.232512
33.550350,21.770725,34.867748,106.570084,29.427025,71.109032
33.785118,22.184008,21.725121,86.458366,23.158697,65.707085
8.951756,6.255069,1.557992,13.443135,2.986041,3.385668
42.891235,27.853600,27.005358,142.382507,38.745689,75.986404
8.681427,6.267984,4.844655,21.994543,5.123807,17.054049
33.146626,21.467461,18.138563,96.383209,24.309675,45.396351
24.422207,16.205847,8.421608,29.971222,7.808048,29.826075
14.593146,9.401884,8.855696,54.324532,15.023017,34.185070
26.916426,17.922802,8.197655,38.021534,8.653952,27.564356
40.745235,25.631346,28.408485,121.363510,29.575466,85.001366
15.859809,10.545465,6.046978,30.074648,7.675771,8.953372
22.415768,14.584259,11.328361,41.595722,11.198294,14.117152
18.158224,12.414536,6.557276,31.005337,7.424488,15.597866
17.499168,11.386547,7.225760,30.675091,8.210579,14.448480
30.420729,20.410448,15.416991,45.772327,11.971521,26.186478
22.049219,14.971794,8.078837,33.781788,9.073198,20.810574
12.006716,8.540962,4.976304,20.194918,7.222994,7.545972
5.250719,3.586285,1.943977,15.271963,4.145358,5.389650
50.239933,33.335293,32.086117,118.198174,32.102638,79.344131
8.076234,5.554361,2.166285,12.520767,3.361033,11.157942
5.815787,4.213238,2.389473,10.871200,2.693979,7.712603
13.189180,9.165764,4.310275,33.821156,8.847484,6.390988
19.779230,13.286281,7.691709,26.616518,6.401688,19.312719
26.731327,18.028772,18.294334,80.402847,18.144321,50.497314
21.894711,14.753714,11.283989,43.573475,10.816086,25.936319
16.153482,10.740256,6.815574,21.874329,4.339754,7.268365
12.686771,8.615860,4.928249,25.932333,6.638085,17.041412
11.912332,7.796934,12.967153,39.601967,9.322745,36.733326
32.264473,20.912605,65.077866,274.221985,69.268547,153.984009
12.816969,9.023987,4.068737,15.949160,3.453805,6.674201
12.392392,8.540655,5.392039,21.057770,6.241139,10.143740
36.876991,24.461254,13.036909,46.022942,10.853748,18.513811
6.144135,4.059844,2.673434,9.733309,2.178819,9.310622
13.945719,9.898865,4.541307,21.616652,4.033615,13.261923
16.982382,11.363109,5.651719,25.652483,5.989861,11.087147
15.638510,10.243225,8.943837,62.046955,13.847755,29.760868
9.888425,6.751133,3.604546,14.878690,4.800280,4.376654
21.176971,13.771949,9.126269,59.994549,16.553045,25.766689
26.665951,17.562561,14.118111,50.417057,13.749453,29.452187
10.442457,7.268463,3.546578,16.082846,5.824178,9.150020
10.473960,7.341040,7.501280,27.271172,7.565537,15.362359
10.013914,7.036407,21.949015,74.470985,21.234694,43.314850
7.139568,5.147053,6.600787,20.249372,5.194021,6.198087
33.167107,20.673481,24.052938,93.215553,22.969839,46.695763
20.851406,13.953568,13.644548,58.168804,16.008726,22.152996
38.675110,25.689484,12.241335,55.624939,14.457110,32.492256
36.029980,23.602777,12.726401,55.169731,14.666526,33.011581
11.928687,8.145947,5.316082,19.513407,5.924631,6.906795
26.071316,16.201839,17.622726,97.871590,25.164595,26.437128
5.521320,4.329651,5.497064,50.438545,14.639763,34.380627
6.526795,4.816209,2.660476,13.706047,5.198510,9.979595
17.380516,11.077578,6.651772,17.833124,5.723876,6.502843
33.638229,21.603437,15.733037,62.831856,17.641941,42.325100
8.498010,5.938773,7.627765,35.478703,9.752451,16.307922
12.336271,9.108978,5.100701,25.095263,5.320047,4.630207
11.912893,8.148686,4.618228,22.396427,5.962339,6.340391
16.719440,11.271090,8.203187,30.812122,8.416216,11.301516
23.229935,16.067163,16.690594,57.128788,13.820526,32.147041
17.225815,11.317516,15.137860,60.892372,14.954810,44.876434
4.614860,3.075842,3.195889,20.612514,4.712120,9.667858
36.285637,24.520281,14.256845,55.331348,14.050296,44.500294
17.235783,11.837490,4.251295,27.600536,7.182984,13.005866
40.575737,25.551197,19.822130,115.421341,30.853579,56.180592
22.881727,14.866451,8.467182,45.441135,10.788348,15.815876
33.687096,22.427036,10.276168,47.502106,12.311695,28.399530
44.422897,26.134466,47.685314,196.567505,52.546520,154.438843
24.977314,16.549376,23.932846,50.559410,12.946441,30.249458
8.941469,6.209620,8.058079,21.936934,5.402263,9.854957
4.922127,3.309949,1.662456,17.375721,4.690043,8.389991
38.934200,25.418819,16.555880,73.701134,19.158617,45.948944
11.159559,7.751578,3.739938,17.833662,3.701349,7.400804
16.217669,10.949732,4.668975,18.288641,5.446947,4.761973
8.120154,5.821394,5.191535,21.398973,6.487546,16.321377
4.390978,3.006727,2.139174,6.558517,2.800774,4.774749
24.055107,15.947124,13.555873,80.975952,22.154423,48.502487
7.318718,5.525179,2.973124,13.038589,1.955200,6.971207
27.124605,18.457027,16.158148,63.988194,17.308651,31.916517
52.949387,31.160410,39.628704,163.238770,41.463921,66.198448
13.542362,9.565555,7.651808,26.181522,6.360642,14.955239
24.440687,15.973828,9.113459,55.823563,11.857524,18.966362
81.469826,43.657997,44.656372,253.572968,64.673836,86.872269
28.127007,18.413818,8.986174,55.650826,13.939198,35.742378
67.637268,38.476910,67.962593,285.074646,70.382568,178.292358
18.617037,12.380795,8.171211,40.184834,9.845922,9.309636
24.972065,17.117313,10.164310,47.121258,12.746411,23.319893
19.904499,13.384564,7.926600,19.464615,6.484036,16.798420
9.445790,6.823090,5.673249,13.953916,2.454265,10.527158
15.321518,10.482805,4.446629,21.792435,6.028394,17.293489
15.180292,10.132407,4.884811,22.826092,5.690852,8.712712
5.591523,4.160770,6.830866,15.568407,4.989594,14.231771
19.172871,13.118393,9.014256,41.254414,9.295637,19.589779
5.120898,3.686244,1.658839,21.835732,3.916183,6.972967
25.917179,17.723951,7.463937,44.382824,10.579665,18.879055
10.787137,7.406812,4.757144,22.129892,6.140847,17.921394
37.605072,24.966394,10.036829,65.707466,18.254955,43.520271
6.019213,4.147790,2.172983,21.942728,3.806292,5.997035
6.587494,4.771970,2.033429,12.497263,4.561884,4.083569
10.882630,7.602157,7.068763,27.770895,7.936445,8.592631
30.620066,19.637903,9.406745,76.427887,18.254610,24.871773
17.041700,11.543525,6.232052,30.601006,7.758903,15.521670
31.078705,19.318701,34.516594,150.174973,37.341209,80.959686
29.564030,19.443573,9.781716,32.679943,9.497817,20.568663
11.936928,8.300432,4.289696,13.871841,3.369022,10.233698
30.199574,20.565184,10.817946,66.152130,17.643360,20.166082
7.294352,5.463875,2.749938,15.044691,2.556370,3.584410
16.221869,11.253630,8.063888,22.469656,7.484626,26.289858
11.135173,7.865180,4.586052,18.619879,4.037875,7.530346
9.599040,6.906276,3.572068,16.498188,4.037169,6.518136
13.442225,8.791677,18.255489,89.734970,24.221651,38.920536
11.536291,7.603143,11.978675,46.655724,13.719722,24.325245
37.691849,23.945284,18.563511,73.841904,18.855127,56.443512
5.751160,4.081791,2.149747,0.346278,0.190628,3.786460
64.516891,36.913521,41.145039,125.352356,30.320984,109.284668
35.828972,23.550570,14.257656,43.265263,10.407083,23.069992
10.097144,7.337801,4.727032,18.313385,4.048623,5.348189
16.648533,11.419962,16.125725,82.126854,21.321159,35.755421
8.202330,6.005294,4.041631,14.776128,4.518577,11.735953
11.182981,7.596904,2.991407,12.717294,2.423912,8.279031
41.693184,25.089329,45.531677,128.803146,31.686571,66.814606
5.908515,4.486814,2.201803,16.841015,4.438178,3.210894
10.393336,7.402120,3.626934,26.006672,5.526353,7.165826
24.562698,16.859324,16.060902,88.009476,21.490152,37.712009
5.851918,4.084326,2.017616,17.443348,2.840367,8.992340
63.046783,38.511356,20.147995,99.671509,25.335541,50.627075
29.877932,19.669376,9.923242,38.548756,9.315606,20.758486
12.406796,8.417725,4.019698,16.714138,4.750651,6.592050
19.284912,13.089190,5.108396,18.899654,6.777335,18.062719
9.445672,6.494388,3.945552,20.007505,6.767375,11.835212
11.768030,8.377470,4.373325,21.376392,6.011231,7.843078
42.222054,26.737749,20.437403,109.251801,26.904272,42.631630
9.349109,6.460786,3.071393,15.278837,4.036017,6.889462
9.954512,6.868816,5.746989,33.525932,7.608926,21.129429
22.197153,14.514217,9.501817,30.234987,8.953470,14.842847
5.106082,4.024845,2.582844,20.349413,5.975199,10.712123
26.928141,18.236961,12.922770,46.294239,13.632698,24.164984
58.598591,35.268589,15.647756,58.132153,15.217433,41.530914
19.162785,12.795723,6.150349,32.515808,8.890936,21.235041
21.938999,14.099741,6.530781,46.632977,10.825243,22.495800
11.997371,8.863643,5.186064,17.378139,4.316484,9.968527
22.976030,15.666621,8.866862,38.211739,11.220031,21.398365
20.270699,13.491844,6.193191,27.913523,6.863130,9.775476
38.851177,23.410484,25.239412,126.478088,34.835060,62.276302
27.015608,16.619539,32.427803,206.158676,54.489056,132.245407
33.376076,22.504404,8.784196,37.134834,7.825000,16.767620
22.405317,15.183907,5.896348,49.649178,10.565005,15.859977
47.602097,27.040266,23.209393,100.900330,25.572256,47.739948
20.935350,14.221296,20.750177,45.652508,11.797374,18.734867
16.502783,11.185971,24.644245,110.609879,28.772562,101.341568
12.163697,7.881144,9.931933,21.501234,6.313801,21.424358
17.247602,11.852183,6.120578,31.919189,7.099508,21.469318
33.915600,21.717651,13.527959,77.936424,20.226458,35.677448
19.544525,12.958304,10.638334,33.659679,8.412383,15.804771
25.883038,16.936913,18.628056,64.188583,16.502787,68.002129
22.369961,15.324839,8.250637,30.019936,7.715784,21.563366
12.069478,8.437145,5.399859,22.175621,4.802481,10.214921
19.008833,12.594523,17.573015,58.755409,14.830260,16.232174
11.137672,7.485849,8.026372,18.509295,5.828368,9.939076
7.399489,5.067202,3.083077,14.763004,2.611488,9.122282
9.509360,6.931816,3.854560,11.080829,2.660061,10.818297
41.189018,25.626446,36.205063,153.516449,42.380653,61.674244
20.114845,13.296207,5.832617,34.844200,8.764739,25.342899
25.835968,16.927633,6.817540,31.881294,8.629709,24.639151
42.116936,26.318008,14.027467,67.897636,17.692287,54.004581
78.295258,44.666527,29.523140,141.816132,36.813641,110.028778
23.405874,15.481071,8.845802,46.125237,10.418963,15.293566
16.128716,10.415424,12.915905,50.275410,11.477124,27.443796
7.101056,4.826132,2.561053,5.843079,1.343645,6.442503
37.674019,24.998972,12.703706,47.190617,14.149264,24.151737
11.960286,8.241283,5.572687,17.202778,3.547827,6.532658
16.737061,11.358821,7.163847,19.933836,5.747889,13.883453
13.767454,9.425223,5.009724,23.824711,6.751755,11.502527
23.114321,15.308241,6.364331,26.015417,6.284108,19.919271
48.858410,26.462702,31.997677,204.827942,52.870766,98.720901
16.773291,11.654522,6.425745,36.721954,10.705874,30.873192
18.770447,12.999463,6.543852,39.224316,7.850132,17.768967
5.640588,3.998631,4.952862,45.217281,12.041645,26.076706
11.572525,8.034179,3.876015,10.204163,3.240604,3.487839
34.967495,22.743961,26.800671,120.851578,30.299330,36.906212
31.804522,21.787640,10.043251,39.251839,9.901854,23.278128
10.584076,6.990641,4.141461,20.510506,5.980212,14.561142
24.457251,16.370272,10.630661,22.871016,4.558514,9.292240
68.097260,31.762182,105.025597,392.631683,96.122940,229.834885
38.426064,25.116579,7.742516,42.870808,11.446194,31.205584
10.449183,7.407036,5.042783,21.681019,5.540709,14.149676
22.338806,14.954637,17.537497,64.323364,14.934738,34.865990
12.572570,8.571811,3.619425,27.929768,6.569866,3.289068
24.973223,16.723896,6.525924,38.334858,11.163308,33.975933
27.304329,17.892990,12.811715,40.031216,9.105309,41.898373
80.762222,42.699261,42.626381,183.361954,47.242413,74.287422
6.453539,4.674067,2.062493,32.331863,6.814824,11.019217
8.325365,5.502066,2.893490,12.239838,4.248294,8.341861
69.294640,33.024956,54.416607,252.093170,65.257645,103.809669
19.887976,13.542089,6.394098,22.866049,6.014975,11.457417
10.419783,7.004106,3.993623,31.108730,8.313663,8.897235
8.751687,5.924833,3.151666,13.329027,4.445688,8.130071
38.915295,25.566458,10.096999,47.405426,12.548179,21.842123
29.776962,19.441286,10.015913,33.366249,8.603718,16.163349
14.599402,9.760260,5.802988,24.705282,6.187685,20.564566
12.241896,8.466882,5.720252,17.455339,4.443671,8.690751
43.195339,23.995785,15.679305,56.431854,15.346775,54.354111
21.083561,13.968717,7.653424,33.828571,7.218285,19.656555
6.452878,4.672714,3.771439,12.610513,3.248247,8.602429
45.765743,25.349054,78.416130,341.230743,85.755714,160.785049
5.297405,3.970970,2.217642,21.331882,5.040915,7.410942
56.663277,34.222141,16.075209,46.569901,10.377145,33.081459
21.163300,14.186033,8.080729,20.972025,5.241648,10.532557
29.520704,19.749172,12.961710,47.086987,12.773336,18.910767
42.207695,25.301907,47.784000,166.218323,43.372204,130.397949
20.094599,13.618569,8.337143,46.657558,13.833021,14.767202
34.298534,22.087507,20.352922,53.370117,11.608036,34.280666
34.369549,14.797499,11.855636,50.095707,16.001143,45.452534
81.016724,35.557697,37.691906,171.467651,43.247032,141.897675
11.297971,7.594391,3.969725,16.569836,3.370894,8.792748
25.783239,16.879803,10.413627,50.819420,13.103713,39.354321
14.078258,9.408657,10.542557,41.619926,10.364862,23.692543
16.948978,11.198467,6.557102,29.217909,7.103254,13.674443
7.989877,5.535998,7.762770,29.527489,8.327712,9.054691
5.531952,3.802251,2.157515,6.366941,3.113231,6.310339
26.341887,17.782837,10.567215,36.597561,10.205562,38.131748
24.409016,16.992392,10.630116,34.150410,6.874987,13.108022
22.025743,15.012918,11.003094,38.279816,11.446555,26.158808
21.399197,14.047414,8.482944,41.848965,10.435817,22.741980
26.988255,16.910549,9.332791,21.530565,4.920936,30.206259
14.117352,9.345490,9.043951,36.734486,10.468730,18.198154
9.336396,6.695159,3.446721,16.820066,4.996277,9.275779
7.775084,5.398500,3.992407,14.711764,3.286341,4.214389
31.656750,21.067852,8.355014,25.200926,5.707188,12.693127
21.811216,14.879485,11.307089,56.378666,15.773935,30.087793
9.069263,6.382944,3.423912,18.929573,4.290887,8.619429
35.028339,21.755672,28.308565,131.594772,33.160973,101.526039
8.468154,5.793053,7.476648,25.117481,6.340787,10.785890
5.218689,3.710377,1.914198,11.954891,3.541413,7.353900
8.428832,6.083526,3.057639,20.156363,6.489469,13.906820
17.574369,11.861141,11.213946,28.924841,8.479403,38.005737
16.559551,11.398640,4.880874,30.598095,8.795270,13.043448
48.522461,27.389929,52.143192,203.171890,50.796444,115.366882
45.511757,27.013500,20.332685,90.997673,22.108191,43.112339
11.482859,8.157948,3.867657,17.861452,5.084455,11.190886
78.102943,39.906342,42.013962,124.662956,32.157455,109.337593
19.564833,13.409529,7.057157,26.558519,7.625462,14.130642
29.706106,20.460997,8.733129,8.620038,3.939681,54.844868
8.481073,6.113040,2.743332,21.435146,5.108982,22.991117
16.122578,10.792149,20.821434,75.740051,16.910587,71.218742
26.043282,16.571205,21.689207,51.111477,13.197709,38.716896
19.963017,13.072531,7.394730,23.103380,6.384586,17.793020
34.167603,21.263800,15.187461,82.230331,21.896374,45.541233
15.278193,10.210573,5.164876,28.141306,5.448789,8.278754
18.871397,13.021976,5.013229,15.757940,5.999722,7.739376
8.017032,5.937034,4.322582,18.902016,3.086303,3.458462
28.074457,18.513958,10.015036,35.727901,8.043898,18.787041
33.614811,21.211094,11.095185,46.772175,12.148540,9.186893
15.575821,10.853811,5.751026,27.120340,6.166198,29.468929
18.833000,12.397951,6.913898,21.725119,4.280882,15.234133
34.149883,22.041599,17.462894,84.288116,21.007267,38.056801
9.585981,6.653756,3.267825,5.447275,2.864609,5.234577
23.156872,15.312375,9.208939,38.088825,9.428045,26.547951
34.625679,22.101217,19.577328,71.170647,19.001415,62.387970
30.505571,18.908564,21.096199,114.409157,29.997890,54.878330
11.176095,7.495424,4.279403,13.804268,3.215927,7.415770
66.293472,39.313133,42.246719,189.208160,53.747810,131.346542
37.126511,25.129698,15.567533,51.592239,13.128005,23.552509
31.418465,19.991045,14.573602,70.576561,16.707466,35.929329
27.354958,18.441372,18.877932,54.025890,14.826796,22.220556
27.163612,17.882315,10.506082,55.897217,13.716827,12.916178
16.802067,11.262861,5.100119,33.415260,9.285793,3.724196
17.904100,12.513876,6.047038,21.259470,6.707611,23.642805
57.494453,34.697086,16.615421,75.951630,18.843689,53.408436
36.833538,23.880733,34.084747,114.482475,27.997858,75.408478
25.012884,16.516068,31.980530,125.134674,31.314877,65.431770
27.095774,18.535290,10.483704,28.368813,7.603130,14.831170
28.439207,19.905418,9.435550,28.663368,8.881685,29.096909
7.051830,5.229052,5.377294,27.120382,8.146083,29.343567
8.671868,5.699695,2.870332,10.716924,2.877360,7.564733
75.325066,41.394123,55.027306,228.405518,59.109989,135.519135
12.785027,8.573436,15.984742,79.654831,19.287468,45.130310
10.131273,7.106648,8.548853,18.266083,4.439372,10.290306
4.944708,3.565116,1.723365,15.221462,3.963057,8.430389
15.981801,11.041543,5.902277,24.538687,6.259383,15.214833
47.656166,29.473244,66.809174,331.402283,88.167442,164.102844
16.666315,11.328063,5.045363,26.133064,7.640333,9.863027
22.029951,15.070981,8.118593,30.687359,6.976667,17.075579
17.264275,11.793853,7.686986,32.336212,7.580917,7.815646
8.957999,6.304348,3.168788,34.451229,7.849693,17.623856
48.281013,29.918270,23.132492,106.599129,29.756586,63.054726
11.191508,7.399348,3.903871,18.353928,5.775954,13.076777
11.240389,7.508280,2.627514,20.460432,5.950693,8.405519
6.580932,4.640869,2.347050,19.492727,4.521857,11.757801
24.429649,16.612202,10.277827,58.605186,14.610939,42.245201
13.344069,9.476173,6.021676,11.203987,3.098068,8.397388
31.199352,20.877544,8.051501,37.054970,7.230158,12.083897
12.217853,8.410686,3.615546,9.666611,3.082034,11.123364
9.608576,6.657081,3.142240,12.703691,4.080868,3.832207
10.963863,7.598345,9.344921,34.803410,9.288510,33.462547
26.021154,17.645626,14.660504,42.038059,10.590977,38.135914
9.387743,6.884066,4.762881,25.518003,6.445817,6.170560
21.864243,14.207626,7.374125,22.266832,6.372530,6.970856
22.093719,14.477367,9.773291,54.739384,12.174543,16.488295
20.253229,13.510511,20.375269,78.493454,19.946819,58.245499
5.036994,3.527496,3.808044,25.491039,8.193288,6.694339
16.960833,11.448300,10.973656,42.126404,12.452612,24.943209
24.285616,16.261463,8.248683,23.059595,6.569688,9.879738
17.703123,11.601799,6.104644,27.923676,7.787709,21.231682
22.554331,15.021680,7.876423,31.423607,8.679682,10.958041
8.078109,5.728000,1.535286,13.588181,4.249748,7.348920
16.870527,11.009579,7.378785,38.425396,11.068721,30.472115
43.804726,25.216846,31.017288,128.932770,33.094429,61.080242
21.265667,14.038396,7.511458,23.717321,6.217098,12.173038
30.079109,20.543272,8.381928,45.887615,10.776490,38.730751
30.071169,19.310907,9.413325,46.363712,12.395660,17.349874
22.651436,15.090441,20.729622,58.321426,15.200056,37.644253
9.381386,6.376126,3.874111,13.986290,4.076012,5.360124
14.178450,9.820754,4.670337,23.973551,5.855858,30.250719
10.235234,7.421877,9.168278,41.107094,10.225628,14.684930
48.874416,32.137131,21.196896,56.010494,14.485019,46.059013
19.224800,13.163125,9.897729,29.513472,8.784073,23.454453
43.582031,27.800756,11.141631,39.368221,8.716039,29.196695
18.117445,12.150576,8.472483,34.056324,9.742500,18.746307
33.685429,21.564106,23.156464,85.391541,24.023031,31.719688
22.127661,14.608989,15.131745,64.161865,17.681549,50.786697
23.656155,15.988914,23.260887,91.210793,24.686598,40.210217
11.305066,8.123574,5.282818,23.152782,5.155667,11.799863
16.221596,10.876966,5.232654,14.733097,4.268780,17.090170
19.170654,13.089854,26.052042,170.971771,40.811794,63.169106
55.870068,32.312874,23.736933,78.170616,20.207947,45.216671
8.845404,6.324911,3.062166,23.585705,6.687754,12.889674
9.359140,6.119054,8.258781,39.726192,11.283845,13.075693
45.072834,27.492283,16.994286,127.995613,34.555519,61.667679
9.940107,6.709978,3.746060,24.770180,7.309612,16.598909
19.080923,12.821856,7.169997,31.052586,7.046860,32.338299
23.478714,15.759806,24.205975,115.638084,30.499743,82.385399
10.455348,7.370013,8.280857,37.024200,12.020899,37.008953
9.247404,6.566309,9.368422,35.624420,8.446539,22.142561
19.860317,13.804711,6.108807,40.651043,10.175172,14.697742
49.757412,30.397449,16.701971,61.029057,13.262340,41.404514
30.110163,19.981844,10.887383,34.109913,9.203018,28.999130
15.456458,9.816816,9.940661,34.090202,10.446487,25.689705
13.724030,9.763310,5.316082,14.658295,3.405006,9.041556
7.194806,5.450121,3.299470,16.677670,3.601060,3.646047
7.583977,5.271669,2.793538,16.454012,4.437682,5.707966
64.147430,36.172363,57.800297,178.285492,48.359718,182.263565
10.035626,6.905506,5.349662,12.117436,4.243224,12.055720
27.930517,18.654119,10.595263,58.992088,12.903248,19.903593
44.634491,28.324842,15.624269,72.727051,16.641470,42.687614
7.208010,5.215782,3.036840,15.468072,5.290647,8.981704
17.960398,12.290596,5.406929,21.363192,7.250395,13.408024
46.396439,30.811687,16.327845,48.129341,12.328412,39.026505
22.521124,14.841338,7.636579,6.040080,1.132902,12.764163
13.563366,9.492075,5.836384,18.513742,4.725762,12.612706
39.492409,25.740955,11.173622,45.523071,13.461810,30.981308
18.388264,12.084840,22.245916,79.718018,22.132177,67.993958
32.963390,17.416452,10.188972,56.602684,16.318558,35.425518
24.718872,10.376595,8.543823,49.333057,12.447221,26.911407
58.105854,33.340923,91.689812,365.430878,88.259949,263.287170
7.136075,4.864735,1.829498,8.329713,2.852365,5.353126
15.714597,10.728273,6.391332,30.242157,8.399737,14.025084
40.725376,25.575939,15.041020,84.591835,20.278271,72.640968
12.360823,8.293930,4.322996,16.036915,4.148272,20.249439
14.859003,9.676794,11.052340,73.922966,20.780926,46.929325
22.788013,15.545371,5.176218,48.615051,11.930024,21.165218
24.421875,16.160816,7.778472,28.382713,8.070095,20.418701
38.136112,24.846163,34.901737,121.608856,29.479940,63.411789
7.515412,5.404083,3.331610,22.200150,7.154008,18.036972
14.995812,10.290441,5.593466,20.818012,4.135773,14.181329
37.072899,23.183655,13.193581,60.608723,13.016069,31.935575
19.993240,13.824292,5.966232,17.708595,5.979587,15.328167
10.067145,6.854561,5.153262,16.094574,5.503396,9.182829
64.231705,37.063232,37.625866,159.610779,42.548908,105.113663
7.298826,4.945591,3.194448,18.217169,3.423298,8.546511
9.703351,6.989284,8.414828,41.421715,9.404859,17.992762
6.752343,4.719466,3.387105,9.552341,1.706902,7.409750
28.729589,18.616749,13.394027,58.306171,13.913045,36.662785
5.778222,4.270714,2.373660,22.728754,5.439557,10.592528
24.191786,16.327400,11.285929,67.792877,18.546103,27.837887
6.721805,4.675163,6.935295,27.788525,7.341304,9.132002
5.485175,3.947354,3.838107,24.656281,3.743160,9.869869
24.239151,16.328367,19.454960,87.603889,23.025270,59.150593
21.153887,14.313313,12.659439,47.290340,11.707142,17.723406
9.425978,6.136765,5.070337,24.208437,7.107944,15.707243
9.583270,6.400822,3.564678,16.671461,5.226051,17.030949
13.108945,8.867873,6.432425,29.235769,8.970878,19.672333
36.665607,22.925594,14.432736,87.580078,21.108980,22.854906
28.610250,18.919498,8.533627,38.433208,10.370477,25.330969
29.531088,19.542061,8.394346,28.222706,6.114859,10.798905
27.721470,17.581514,8.422936,51.602562,12.421369,22.383682
12.384232,8.142753,3.574593,30.261799,7.670444,5.995640
9.773870,6.858118,5.733317,19.630323,4.780240,13.879498
58.001659,35.727879,23.741739,90.954987,22.865416,37.628227
24.256927,16.115253,13.165051,55.497124,14.452499,46.521015
14.542548,9.718590,7.169052,23.932487,5.922548,7.555662
11.089696,7.593493,5.032185,38.310558,8.079806,21.746719
30.987656,20.853966,12.981535,38.479031,9.108434,22.454329
31.592087,20.586348,14.053144,107.578545,32.241966,78.757706
21.945044,14.849198,4.987073,28.133423,6.111710,14.605678
7.268320,5.382843,4.679680,24.830776,7.442993,6.001598
32.002674,21.267527,8.358760,35.141376,9.628242,33.632812
8.992948,6.296997,3.619352,14.896211,3.719966,9.180386
27.118334,17.925312,7.683560,25.714342,5.651141,17.109911
34.172451,23.375824,20.615305,56.400200,15.435101,47.873257
8.219836,5.812526,3.039464,1.804734,0.654286,6.225909
22.930332,15.154593,8.092825,42.972378,11.803459,12.526462
23.478289,15.588384,5.867141,38.277027,10.386690,17.155317
17.377054,11.494290,5.155112,25.600843,6.644557,22.168112
11.753469,8.047117,12.296273,56.309830,15.230198,39.246517
16.430943,10.670725,5.851795,23.484701,6.232158,12.450718
38.508717,24.430462,17.355389,103.841255,29.101074,60.579967
21.759928,14.852291,9.244403,54.699856,15.781462,16.457859
4.753558,3.151068,1.724710,10.078294,1.979352,4.702727
7.141940,5.078393,1.299776,5.738827,2.948133,1.761652
15.771186,11.278952,4.204387,18.745279,4.563757,13.528577
41.498981,27.097782,29.303715,161.586243,41.280285,73.564575
11.611161,8.065493,3.806340,12.005530,3.828170,7.644738
9.264152,6.680476,3.480217,13.240328,4.659185,8.739377
30.101772,19.637066,9.212993,33.993687,8.469176,16.651581
8.359383,6.014824,9.940270,37.786060,11.835639,30.401176
14.862282,10.120681,8.774951,35.700253,10.105930,15.768923
87.162476,42.136585,161.378433,611.330383,157.424576,356.463562
23.800644,14.751303,21.236143,130.037323,35.395676,77.426743
24.543259,15.825622,10.790271,47.532661,12.499602,27.363932
26.528940,17.947237,8.297422,55.611061,13.930755,23.234076
13.125020,9.078957,8.798503,62.315845,16.297327,10.914229
11.362927,8.040633,3.497583,16.216957,4.742083,8.376226
17.870993,12.297318,15.534233,72.498802,17.640568,30.645525
25.653389,17.649355,16.604080,68.185745,18.894875,39.705452
19.322361,12.812367,7.517566,24.616877,8.119763,16.799999
36.588875,18.236528,11.752369,53.405106,13.957681,25.436417
35.615139,18.085415,11.781811,53.145958,13.620931,22.767387
16.730894,11.391408,9.270775,51.383381,16.212166,23.580694
10.491202,7.641866,7.581598,21.469915,6.009129,12.423358
18.296591,12.630014,6.199608,19.949345,3.964981,15.462088
14.028152,9.612957,5.541772,18.525253,5.074744,7.795375
34.240627,22.720991,16.502424,44.137489,11.199870,26.166067
30.290195,19.668495,28.625051,144.414215,38.708317,108.978920
25.603395,16.658325,9.375078,40.647034,11.598475,7.421190
12.626667,8.431703,4.429288,19.644440,4.522308,5.836759
19.597898,13.392169,11.907236,51.016697,14.456065,61.382534
5.490893,3.832201,6.006255,3.216810,0.991548,9.420402
22.439161,14.627955,12.655395,52.485752,12.920877,19.991329
18.015305,12.064692,6.910326,28.353813,8.197519,20.521158
28.356213,19.391068,13.685234,42.532566,10.035305,45.007442
8.274879,5.521975,2.733150,17.298531,3.699723,7.021393
9.170073,5.985555,8.186243,47.990406,10.128201,17.482693
28.386734,18.773420,8.264009,22.843208,6.599866,24.625332
15.210932,10.517097,4.832059,16.724468,5.549980,9.199261
14.000299,9.735147,5.783523,31.843632,8.788527,20.871626
30.376707,21.022062,18.813091,68.066963,18.384850,46.297882
18.481730,12.569828,8.492836,41.915699,8.431360,11.741712
19.083786,12.963842,5.015823,29.875460,7.735274,14.018785
17.773373,11.745935,6.973073,32.272377,8.213050,16.959290
16.021429,10.553586,5.429454,28.628826,7.117693,15.803849
18.682512,13.082691,6.156291,29.020742,8.264922,38.872032
24.386204,15.672952,15.957810,47.833065,13.862807,60.599438
16.216148,10.998490,3.637477,14.250621,4.066406,14.988841
66.166801,38.259422,35.726200,194.001953,46.161575,92.868668
28.228409,18.733517,15.189781,67.735489,17.125870,35.420773
27.196779,18.266247,7.038152,42.377655,10.053224,26.858223
8.139176,5.502948,8.454087,42.337669,8.309785,21.188618
21.435617,14.355658,9.758499,38.878204,10.392050,40.256157
26.157776,17.369654,16.148260,60.112236,16.560562,38.284962
19.691349,13.676557,5.872776,26.110550,6.735072,11.033437
18.083677,12.471413,5.787081,23.987930,6.151692,17.270744
22.221699,15.080839,14.154971,115.713928,30.040081,73.133873
19.911951,13.213774,11.144203,24.309710,7.770025,13.539836
56.394142,31.944689,36.165398,111.117287,27.601387,93.871048
49.234612,30.234121,33.005676,116.740807,30.800423,47.412235
13.546784,10.027071,4.760956,20.429960,5.652461,8.910763
26.510208,18.043386,9.593047,31.543150,9.250342,21.173113
18.214607,12.469062,6.132028,26.462593,5.448372,14.144017
8.874474,6.188939,2.563691,6.996192,2.192491,16.808661
49.416290,31.703300,50.251133,157.261765,39.593422,106.158493
19.924417,13.616626,12.495415,61.390388,16.255894,29.519283
25.616890,17.212168,18.960665,107.797501,25.170256,57.215542
13.965040,9.583334,9.571209,55.343582,11.226534,41.362934
20.301252,13.654967,13.750413,64.249214,17.846163,33.390404
22.746952,15.243508,10.863184,55.039291,14.650177,21.018444
6.306939,4.499472,1.968258,7.416205,2.941349,8.481694
39.887756,25.799580,13.349452,51.809326,13.079610,35.068104
20.447639,13.610993,8.175002,45.754852,9.006763,17.488548
17.301880,11.349432,7.581172,17.754210,5.156405,15.199094
80.724678,41.895668,46.350788,239.399536,66.837013,116.395409
65.162712,38.419659,25.320213,119.300919,30.936142,91.313072
27.063030,18.005241,15.787905,70.002396,20.112593,43.723656
38.232273,20.962605,32.290131,144.720016,36.425407,56.637661
16.587051,10.877971,12.188463,98.893356,26.568890,37.208187
16.355021,11.559159,5.505505,35.637032,9.052584,11.386637
15.610909,10.557890,5.759729,11.615471,3.792574,5.788280
10.448884,7.152129,6.377187,14.023737,3.901192,15.632957
23.153692,15.332609,29.518961,241.306854,65.274590,94.073425
30.980991,20.226608,7.457525,30.066496,7.052308,23.781679
13.329550,8.960457,3.903783,16.984858,4.754076,11.759784
9.020706,6.615179,2.984872,11.743428,2.546440,4.657636
12.915297,8.553546,8.198028,26.244663,7.556273,23.997456
20.118692,13.228738,6.581719,23.746384,6.369177,3.957178
41.706100,25.843657,16.433067,42.585217,11.868638,28.593546
7.161565,5.030118,2.518814,12.530592,3.232907,4.823111
13.346132,8.915321,30.194818,141.782761,34.352154,76.660034
10.604532,7.042747,11.180899,40.695244,12.698778,18.556152
6.816075,5.167495,3.083416,16.563057,3.551136,4.208738
10.164733,7.145567,4.333529,18.489180,4.719710,7.061584
21.607931,14.211201,11.886123,40.553871,8.992213,27.245028
11.912928,8.060190,5.665776,53.269588,11.662353,20.748760
25.516958,17.324764,12.258881,45.561554,13.597471,24.564011
9.638078,6.972928,3.823401,18.294888,3.387223,9.675103
13.738820,9.210105,10.666226,105.613495,28.592604,31.998322
14.997863,10.156044,4.760391,20.176548,4.477645,10.094255
17.529383,11.604992,6.649454,46.377811,10.591825,25.876455
18.523407,12.465514,7.236010,35.123264,11.004471,18.841450
13.050917,8.917600,4.518909,24.264156,7.506634,10.563185
29.869865,20.069702,9.832069,29.057489,8.448588,13.283611
35.093582,20.664703,20.026438,55.120480,15.796835,46.134869
16.024927,10.946548,4.134195,28.247570,6.626959,11.613478
12.341118,8.279366,12.538095,46.141987,10.358084,28.570467
15.640182,10.697198,9.521239,35.529266,8.644409,28.236347
19.117338,12.702237,17.451727,47.413303,13.040036,32.227104
12.387488,8.667344,4.415804,12.185903,4.266175,6.479721
43.127193,26.476715,43.910461,172.421371,39.717079,94.542137
15.390714,10.621836,3.912462,23.759478,5.510176,20.733856
40.728966,26.860943,13.260732,81.847237,23.514555,45.094410
30.885010,19.247034,14.006042,81.479164,20.667780,23.806705
20.983795,13.643382,7.299884,27.942553,7.401814,15.059298
12.302374,8.349232,3.433332,18.735909,4.930168,10.988629
13.580246,9.227112,10.428621,46.575130,16.751211,37.955631
13.587807,9.477876,8.518064,17.827543,5.210143,7.130970
14.540641,10.001002,4.977764,25.324890,5.585110,8.193298
25.051237,16.677170,10.696312,33.296848,8.350858,26.056942
28.049751,18.382257,8.639255,38.725193,10.107840,25.187759
9.456178,6.327767,4.925648,14.041635,4.615637,10.958859
22.430958,15.296106,8.461936,21.233423,4.901619,19.365479
19.130888,12.673628,5.494387,50.164806,10.449697,29.146563
44.048351,26.805948,13.585388,62.158546,14.322553,32.772568
25.594662,17.413902,8.675428,74.663925,20.719719,39.205662
15.247375,9.683022,14.842812,65.071564,15.845917,53.686306
25.576942,16.798138,9.633995,9.337585,2.037895,19.485117
27.582996,18.094843,19.131716,81.524582,20.903219,62.119812
19.191870,12.731009,6.882738,22.296228,5.252066,14.865004
43.632603,26.876591,32.588539,122.687553,34.004887,108.582336
9.185141,6.170399,3.135837,11.657125,3.575900,7.339212
46.960972,27.404497,43.703751,174.405762,41.623123,114.231827
17.009951,11.750647,5.367384,27.675375,7.481834,16.730944
6.125908,4.353489,1.985193,12.322169,2.726028,5.918712
17.437874,11.685740,13.137022,53.101891,12.027403,30.084314
5.527653,3.974849,2.972238,5.882163,2.373523,4.114919
13.919747,9.681046,5.181283,18.701845,4.924375,12.024610
13.995472,9.313001,4.730327,9.446730,3.702723,6.717821
10.754550,7.585843,4.185212,23.622036,6.714232,7.471311
16.592768,11.579900,4.762076,28.386774,5.880403,19.306227
44.212650,26.256811,25.693361,192.300201,46.140533,72.875122
7.419657,5.110048,3.591455,16.221786,3.874318,7.879695
29.418350,18.984713,14.820925,67.798531,21.325220,32.636261
5.800372,4.014875,2.440039,8.376537,1.465186,5.010927
30.440678,19.971249,14.562501,56.078144,14.447792,25.340469
25.262253,16.655212,8.315862,41.478470,9.694488,20.717991
11.510957,8.276801,3.600599,23.667902,6.617789,12.041255
15.968002,10.665754,5.342787,29.694992,7.610571,9.577830
21.905111,13.809940,20.393267,84.856598,25.205732,72.882362
38.939659,24.653925,13.751534,88.472122,24.832323,61.637466
16.027954,10.798741,5.984470,28.096403,7.914907,9.625875
37.934025,23.983374,11.664618,47.041206,12.840788,20.146004
22.214087,14.657051,8.190063,22.064886,6.104938,11.982687
36.418373,23.314089,12.094900,55.502056,10.235150,27.943399
10.333899,7.276012,2.611483,10.110559,2.242108,11.856128
6.705628,4.890610,1.727119,6.835141,2.923276,7.390763
30.078180,19.843397,15.148272,63.984238,16.336571,47.330448
30.082075,20.423101,20.871096,70.457436,18.150528,44.848396
23.246153,15.717922,17.836329,72.772461,19.196594,44.758747
25.948309,16.794502,29.267485,77.862991,21.367685,50.532959
17.223982,11.924001,5.132983,19.950600,5.059218,5.109603
7.277360,5.240331,3.837827,19.255043,4.949707,5.094367
35.455173,23.313238,12.606813,66.035759,18.239376,40.933735
28.500303,18.435968,8.700503,32.933247,8.127519,10.260469
111.493050,62.581337,109.509827,440.525757,114.337845,368.380951
10.660738,7.658506,3.957083,14.434655,3.683349,10.461921
26.228743,17.381163,11.339644,54.366432,16.158957,25.351282
51.674889,30.340517,22.566872,110.973114,28.657526,79.985748
21.041313,14.061028,2.987796,54.788864,13.999310,23.698286
10.506809,7.100264,3.755873,18.047312,4.230844,12.049595
19.083460,12.995330,8.006450,47.485111,12.214793,13.134073
21.468174,13.801030,8.293876,43.953659,11.334798,38.384644
19.704191,13.236185,11.965536,67.129379,16.979378,46.548615
47.897388,30.155457,85.032707,314.134613,88.170876,217.247665
34.852547,22.559835,17.892773,82.090561,20.848314,60.439327
45.312645,29.216192,19.259111,88.340439,21.679174,38.855160
26.941011,18.243303,8.415092,72.918037,18.572514,54.681366
34.557426,21.336252,31.515547,104.359299,24.600399,58.924694
23.053394,15.378610,7.003822,33.241146,9.418946,15.471070
38.658676,24.417995,41.127041,126.805840,30.957157,61.090660
10.396005,7.711653,5.259464,31.594191,7.886768,10.641211
15.446173,10.469497,5.531466,27.958399,6.168528,10.391809
12.588409,8.496101,5.244497,29.540394,7.584375,12.941568
18.623327,12.482744,5.022471,22.772461,6.482493,12.965083
13.186773,9.192027,4.590963,21.019749,4.792051,14.371811
12.252555,8.222794,4.946782,30.655529,7.957783,17.606354
29.322687,20.222458,8.742064,45.116646,10.797809,24.612368
54.913540,33.031166,29.636276,94.941940,25.308222,54.256733
37.788933,24.067217,10.033457,47.254326,12.088297,26.925989
6.327829,4.366758,2.932719,11.084952,1.994301,7.569050
7.437809,5.439037,10.819057,33.273014,8.174726,17.239737
42.403069,26.664640,14.609476,49.958199,11.748202,33.739204
17.420128,11.675795,5.285003,37.568462,10.262033,21.241854
30.394562,19.094471,16.641741,55.533459,14.531355,14.542560
22.244467,14.455718,12.749310,86.068359,21.502237,45.327240
59.825581,27.786896,91.361389,296.288422,75.734695,171.253845
18.888174,12.653856,6.835010,30.537699,8.415924,13.843709
16.495752,11.142788,5.200813,18.852388,6.274886,17.712305
38.210083,24.990889,15.897890,87.968483,22.890842,43.928658
43.567566,29.135672,18.726368,54.082687,13.853884,52.820213
18.922880,12.956203,8.139615,32.085037,8.998374,13.102792
19.444975,13.108874,11.734561,39.123852,10.532410,26.034067
39.540241,26.329115,17.489555,100.334351,25.119055,61.874554
13.623524,9.620110,4.344400,20.686298,5.778060,12.339970
10.645212,7.625017,3.994366,25.551483,5.548044,14.638602
5.051061,3.714770,1.566567,13.298756,3.675740,6.162901
19.287289,12.968379,6.660103,32.590454,8.053347,14.229429
18.722303,12.534986,6.549069,42.534092,9.028964,19.649942
17.241631,9.589530,6.894585,16.135176,5.219196,20.812502
18.579048,11.882903,9.022276,35.965530,9.167953,21.250088
6.835153,4.942371,1.155992,7.612700,2.282428,2.368626
13.504498,9.331740,5.677051,26.511232,8.249416,10.685968
16.993507,11.121345,5.776068,18.775373,4.884283,12.149749
7.101209,4.924030,1.340474,10.829687,2.016553,6.121600
10.341760,6.929552,3.884825,14.746345,3.793147,9.066083
16.477684,11.349315,5.375038,18.478550,5.177570,11.271638
8.207741,6.023091,3.613139,21.837229,4.747469,11.409358
13.905783,9.545587,5.726811,18.163168,4.457416,12.270774
21.399586,14.506104,9.730145,50.657375,12.216405,44.219078
5.471029,3.787846,1.344115,10.868333,3.277537,5.338646
23.413572,15.609188,5.487223,18.524860,5.255353,19.916359
55.227390,27.453251,39.586899,133.025009,33.454094,118.582405
59.942394,38.284767,46.046585,154.145340,40.879765,119.183441
59.674126,37.516380,22.052700,99.310860,25.963732,65.423798
47.432041,30.482883,43.366848,175.760147,48.726696,112.967194
21.141258,14.708657,8.823375,25.630465,5.362394,15.035609
21.204859,14.944771,8.341931,26.396568,7.234255,16.270233
24.712141,16.555309,13.833532,34.087341,8.085779,15.723207
13.394490,8.292987,14.872199,52.591824,13.641397,23.420355
17.896435,12.173429,6.641780,18.598883,6.246703,26.499390
13.145419,9.376670,4.414114,18.915056,5.222412,12.278427
14.324156,9.604562,12.775042,58.402504,14.607270,13.917872
39.709400,25.321598,19.618847,69.669235,16.636299,27.969025
24.793518,16.350670,12.862211,57.647781,11.621722,27.808264
23.521933,15.763412,7.830182,37.354092,10.053084,16.898031
23.496870,15.996853,10.381493,30.142481,6.232912,24.753752
65.701927,37.336990,57.914204,196.359787,47.692844,187.467606
20.237829,14.461044,6.845265,40.932205,13.788768,37.914299
15.723409,10.703862,7.083035,27.829147,7.461574,10.914390
19.834255,13.227393,7.715869,53.358421,14.112643,16.651237
22.906195,14.869995,7.149302,39.385666,8.777678,18.882416
60.501499,37.656021,23.384466,124.622231,30.657734,66.195595
8.866957,6.120986,3.717371,16.310362,3.850204,9.719329
29.032217,19.512791,20.877871,67.674339,13.164725,19.242960
48.585739,28.043001,44.652569,170.209686,44.613361,120.284645
11.847198,8.386643,3.903901,23.443834,5.171249,18.003508
29.612164,19.431030,9.114717,37.469742,8.801953,12.775730
21.935127,14.716299,8.633299,48.838310,10.650548,24.695925
9.287805,6.514337,5.182271,15.503465,2.664446,10.193498
15.032554,10.454245,6.343077,48.000511,10.249230,19.371830
18.487230,12.722602,14.876893,48.976261,10.541142,18.683727
17.563643,12.262801,13.381505,47.561630,15.171226,28.819988
18.562338,12.629754,5.832942,12.022919,4.798765,18.450935
19.191895,13.292987,5.916545,25.714197,6.753649,12.649661
13.099045,9.407340,4.014642,19.943262,3.561823,8.522673
29.815294,19.484699,9.955819,41.239689,10.011540,20.917824
11.852462,7.464624,4.931294,28.644646,6.193587,13.294194
9.053824,6.052530,3.776493,16.648291,5.295767,11.644464
12.317441,8.515256,8.265943,28.287870,6.986871,19.549952
62.760391,38.044495,33.534138,99.623314,25.235754,88.194633
7.080276,4.741530,2.593984,12.205809,3.392172,6.824828
28.326937,18.949945,9.904752,31.879608,8.627656,24.644903
26.825968,17.550957,10.967368,46.567310,12.774640,33.487411
12.970849,8.664396,5.010637,22.368029,6.597443,14.667820
19.810053,13.516015,13.765214,41.445309,10.957108,17.286524
16.772383,11.069914,13.731394,60.472031,13.714537,36.198235
30.398403,19.230040,9.868326,13.488563,4.165716,15.100055
29.972151,19.846716,15.259917,69.231232,17.706615,39.905861
24.450493,15.981544,6.529604,49.295300,13.896285,30.782585
25.819170,17.122351,8.012998,52.334229,10.700348,26.324986
54.133621,27.568819,36.998798,198.327103,48.702911,117.361382
24.793943,16.376749,10.506086,39.600262,9.203552,35.957882
13.086643,8.622976,5.285708,33.214466,7.243450,19.753082
17.504368,11.372204,8.099822,31.674314,7.425413,6.159818
20.151634,13.066048,9.172354,26.067530,5.260088,20.049940
12.497024,8.674255,3.152644,14.380043,3.135331,7.411973
53.890694,33.227222,14.451958,77.217316,21.948570,18.784485
37.013889,23.986073,15.760840,63.520439,14.803963,51.850018
25.601934,17.051876,20.051346,97.017220,23.711456,42.230267
13.173344,8.847333,4.524415,18.610056,3.803993,16.181097
16.566584,11.026286,5.620708,27.408525,6.558521,6.069309
9.647340,6.738058,5.349096,24.762245,3.860283,15.194150
27.280792,17.806017,26.854164,84.716690,20.411724,30.801756
28.910791,18.465086,9.718467,27.241251,9.123653,19.906408
50.650364,31.520731,25.773430,87.992287,21.156078,55.963753
36.580669,21.583168,24.298996,101.136650,24.082699,49.879139
10.430473,7.180556,4.288835,15.521020,5.156572,7.597367
7.751336,5.669977,5.713670,25.107895,5.644979,28.117184
38.770943,23.645750,20.152109,75.942474,19.717678,76.537323
21.446266,14.427061,7.725606,28.345385,7.177363,19.646303
56.987453,36.776997,41.748352,157.678223,43.858829,102.522057
25.497553,17.211393,14.008660,99.996231,25.629723,37.692360
10.939176,7.431224,9.874277,45.806145,11.126452,21.203297
22.491529,14.737579,6.928512,28.454466,5.755355,12.888348
28.009760,18.528591,6.564597,62.537098,16.337831,20.835440
27.782938,18.582539,12.782601,53.754501,12.285743,30.658665
9.006147,6.018369,3.563724,10.831939,2.157557,7.285033
17.493162,11.999819,15.304015,59.498428,16.349304,58.944092
12.225436,8.428079,6.355835,24.063677,6.356986,12.758104
29.043135,19.595932,14.222215,97.626907,26.370134,52.403698
31.243071,21.215836,14.596912,94.635788,23.134771,39.373478
21.359081,14.090633,19.113562,89.614647,24.047365,56.346249
8.763447,6.091168,2.029844,21.194534,5.234514,6.964638
31.102837,20.359226,15.083039,63.854298,15.509354,28.984610
29.445185,18.952917,15.516554,53.660568,14.940978,64.829056
13.671000,9.412812,7.705011,41.478504,12.570395,13.839772
7.403334,5.036411,6.224347,22.692307,6.307921,17.019560
39.045197,24.574436,19.221083,70.094078,16.736103,62.269150
31.775131,19.330660,15.765732,76.152435,19.235861,28.322826
5.200023,3.728337,4.736651,34.734016,9.181131,15.204029
47.865925,28.665710,42.669483,154.992859,42.614788,82.466202
33.067089,22.108246,8.892753,34.253464,7.992733,19.415592
22.529922,14.595102,9.444290,42.420456,10.776651,10.452484
15.759341,10.587173,14.522113,58.732254,17.265415,45.741650
64.847015,36.835411,54.213039,180.799286,48.227314,165.680664
50.210613,29.359789,20.187990,75.857849,17.906799,80.353821
14.956197,10.103842,8.210186,38.779228,9.200936,38.516617
31.823143,20.327160,32.421619,140.955505,38.514587,73.651443
27.686478,17.940233,10.945766,69.317490,17.939211,26.517319
30.181755,19.563766,8.832977,34.919014,9.959043,27.069296
16.189157,11.149500,13.757475,58.971260,17.391403,22.651939
31.077024,20.293961,18.334290,84.083488,21.387188,55.670395
7.987128,5.388177,2.398732,13.671683,2.634073,2.206843
22.295006,15.685838,7.969443,26.969233,9.299332,11.439015
25.982874,17.365112,23.141243,65.128578,18.068653,48.457794
14.552451,10.156604,7.184680,22.235611,4.985851,13.402595
22.999474,15.647331,6.616272,33.502708,5.768145,18.939692
32.213978,20.672520,29.309031,134.977997,34.403305,45.923218
11.274130,7.713056,4.110930,12.832424,2.648165,13.944386
29.674124,19.928112,12.801291,70.959106,17.467852,53.066303
31.981457,20.650259,12.300941,38.359726,10.453999,22.503893
25.121159,16.242371,17.236441,109.510063,28.708340,93.009903
6.211509,4.529167,2.451406,10.064638,3.507879,2.558088
13.648997,9.625588,9.027601,55.871201,14.364986,25.800381
10.560753,7.288430,2.709405,10.168014,3.068700,8.989347
25.129627,17.036068,7.911937,19.601576,5.549245,10.783551
18.233578,12.733423,5.115829,26.998604,6.148494,13.459349
27.366714,18.699799,9.293074,37.778515,9.419911,33.234432
12.199222,8.646422,6.380369,42.732079,11.790923,34.729706
10.938024,7.659092,6.570479,47.533367,10.629706,31.591911
20.582672,13.767905,10.986280,37.988098,9.610020,53.601242
26.510523,17.834047,11.141538,68.754944,18.998362,39.147167
31.054060,19.602713,24.961027,94.059662,26.712637,74.314514
9.093748,6.253347,8.492025,4.151202,1.935726,8.909727
28.773922,19.111507,8.309834,26.979557,7.838095,20.266531
40.345497,26.783680,18.465309,78.650436,20.854282,58.937893
14.209525,9.665084,12.710921,46.328373,15.559135,50.335888
49.083874,28.278046,50.030716,182.234207,46.437328,110.496353
21.900614,14.726747,6.979562,26.267807,8.136494,19.734741
11.562727,7.957118,4.944186,21.488255,4.128716,6.602599
23.810644,16.069744,13.759593,72.590157,17.431847,33.310169
40.547745,27.155209,13.568135,74.038445,20.179024,28.590462
6.325552,4.518796,2.867326,10.705729,3.568879,7.198622
23.633894,14.611066,16.035673,101.567200,27.413874,42.369213
23.491079,14.970673,35.206223,181.005981,47.619396,74.224426
10.909864,7.722729,3.811769,12.730864,3.959110,11.974838
21.939949,14.595105,7.388328,38.784195,10.994077,25.795912
45.950974,30.021744,21.221745,139.950897,37.168301,54.344864
29.853989,19.762367,12.266689,65.041328,19.166243,33.717789
15.330288,10.591529,6.690029,25.662033,6.446628,10.868840
82.007401,45.754631,59.227245,248.626236,61.942677,186.359055
15.386313,10.532185,4.970994,29.090691,6.881676,11.732096
24.702156,16.106129,11.900922,34.424984,9.755936,23.010908
7.956999,5.524155,4.966075,20.618946,4.891396,8.206957
16.474905,11.069894,6.103985,33.244781,8.102303,17.442827
21.905508,14.789154,6.653217,35.915321,10.496378,13.648671
9.990397,6.826482,3.445369,23.495630,5.915745,7.904859
29.147455,19.126127,13.548786,40.017189,10.406286,38.557728
79.010010,38.855434,46.495049,185.627441,47.365589,177.095200
20.639065,13.855414,4.674400,41.291222,9.252242,32.531269
49.264027,30.513229,17.376488,58.123932,13.294086,28.867205
16.800373,11.251172,13.551667,60.053429,16.073641,31.895756
29.210571,19.465481,11.093264,36.016190,10.619034,30.834131
9.444651,6.314799,5.722914,31.902540,7.875429,12.098299
26.384306,17.563913,22.385702,74.363144,20.222109,40.771637
12.920959,9.139646,4.281389,32.817001,9.572114,16.006056
8.108765,5.919863,3.170080,12.827723,1.401786,5.153336
4.989058,3.660765,8.993982,230.113983,33.121235,43.492535
9.055916,6.521967,2.525144,14.070976,2.562649,4.318829
27.577646,18.799971,8.320265,42.140976,12.801897,19.147188
8.020922,5.729020,3.325239,21.144382,4.544475,11.535352
42.550644,25.058786,33.130638,171.940796,44.866318,133.555954
19.616848,13.721529,11.073441,54.113728,14.716664,30.941856
71.444298,40.428844,24.988817,106.825966,27.475998,81.436699
9.090832,6.544278,4.209320,22.100437,4.592110,7.974801
48.998650,18.975004,31.627632,92.733879,22.160151,64.354057
35.697479,24.342361,8.999337,42.854664,9.404469,17.840717
17.397646,11.762794,5.182221,28.571270,7.058321,13.089098
10.181679,7.044530,7.700169,19.372477,6.355057,5.632592
24.020010,15.759175,9.931345,62.799877,13.519969,41.356167
7.309899,4.836771,7.800287,44.086376,10.597937,21.856113
29.496792,19.588461,10.595854,39.291786,9.759052,20.140532
31.139893,20.739166,9.903573,38.300098,10.229250,25.939568
17.119652,11.502080,6.185636,22.613609,7.207531,13.628892
48.792774,28.176905,34.968021,137.439484,36.690182,85.106209
7.496631,5.378723,2.303335,21.204248,5.842339,8.599090
25.022202,16.689564,8.147824,44.179604,10.681221,15.461353
77.190399,45.746487,25.630413,106.253098,27.682707,63.745567
18.531137,12.691214,5.633173,22.122776,5.949666,12.224510
19.415361,12.818203,15.092793,49.737152,12.877341,21.062531
50.155293,25.903187,48.595818,165.384048,44.801949,140.258881
23.259743,15.442607,7.029694,22.182098,6.457670,20.400162
18.844952,12.278503,10.741347,52.521866,13.857938,29.373772
15.796185,11.129038,4.057752,31.196182,7.133904,10.527298
5.192881,3.600650,2.113256,18.537313,4.643908,17.018465
19.188225,13.321866,5.629439,30.917046,9.019173,15.729638
6.126273,4.446567,2.210282,11.841379,3.634917,2.444020
30.578190,20.159000,19.554764,112.401917,28.438213,61.613384
27.446522,17.829996,18.800400,120.986847,31.483427,34.393005
9.040677,6.032642,1.625453,11.740141,2.932528,9.262100
8.108831,5.157842,5.594982,19.687883,5.856855,9.033982
24.334284,16.141850,11.208976,47.961315,10.334270,25.117445
23.171810,15.006865,15.392879,59.202484,14.947767,34.198147
29.772839,19.226210,27.439903,99.071281,26.141310,86.445763
24.801342,16.576941,14.513470,72.062485,20.860485,83.563644
42.055992,24.893856,37.055832,151.678833,36.692024,126.683670
23.775021,16.138561,9.383119,47.887699,11.103405,21.364822
14.465010,10.150334,5.468716,19.555538,6.203199,11.162688
15.652737,10.803895,7.128072,17.832760,4.884118,15.366130
30.593363,20.009251,9.493104,49.262280,12.375325,29.148279
7.998238,5.531937,3.627166,19.198690,3.669627,3.741379
12.781278,8.660186,4.959269,29.686546,7.476975,18.667940
27.684908,17.979780,10.265372,74.102036,20.651613,23.178215
14.222611,9.631434,5.773713,22.270466,5.905526,11.903977
14.545911,9.913440,12.196544,63.353821,16.415846,61.021881
13.595844,9.401971,5.336051,47.058617,13.446503,13.309877
25.864267,17.652946,17.030630,73.926254,19.227339,33.646034
49.681976,30.180374,13.577637,65.764458,17.168407,35.760445
14.187416,9.851823,6.745364,32.157608,8.957312,17.400290
12.909861,8.653214,4.221192,24.005222,7.758374,17.066147
8.957757,6.388960,3.228651,22.370182,4.855938,10.223543
9.184560,5.961802,3.075597,11.295518,2.643297,6.435681
15.265517,10.121415,5.102849,33.415501,10.454544,28.462414
15.485824,10.757992,7.535279,24.855103,6.774813,10.233765
6.810507,5.146664,3.600711,20.276423,5.475759,5.951126
9.663978,6.445488,13.210382,41.874771,9.705424,22.786947
94.091904,40.842213,57.597836,215.373322,53.836296,106.241402
31.706963,20.910200,8.521173,44.147907,12.233418,20.734715
24.486620,15.385566,14.326052,171.035675,43.835186,45.675457
35.760872,17.450066,10.131477,49.290394,12.671991,28.350550
19.614634,13.097690,12.044331,40.611420,11.326790,35.606586
15.253735,10.639088,5.819738,30.880699,6.553209,12.091092
33.637394,22.241196,13.447138,60.173740,15.714442,15.764035
26.199764,17.508150,55.484379,317.937256,79.794456,153.490631
6.915849,4.866412,6.463800,27.558809,8.070345,18.095419
29.925432,19.652428,10.250417,55.610733,13.527595,34.451958
46.190331,30.913609,24.258389,83.589882,19.824457,51.456779
22.653479,15.122896,9.086575,27.717686,7.918859,15.743332
5.280633,3.753386,1.191332,4.668728,1.034716,1.884439
36.288994,24.122639,19.035812,45.970264,10.703436,37.501137
31.468243,20.571898,25.414003,92.029770,23.427898,42.619141
16.448376,11.069289,6.944317,28.914030,5.489912,36.146107
8.161458,5.638420,2.446717,12.258467,2.807452,12.185300
23.007734,15.571707,21.118639,68.154770,18.995773,67.746651
14.496361,9.559791,9.972684,55.594376,14.063431,18.236647
7.320599,5.040427,3.753809,18.867855,6.095469,6.980573
16.742508,10.667021,10.070601,58.921143,14.489055,23.000996
18.396919,12.033792,4.503695,28.603514,7.647583,25.581549
18.058823,12.038625,4.854494,22.037146,6.225965,17.065100
21.704967,14.428742,5.929229,32.726807,7.962075,17.580256
14.622535,9.499745,17.139505,76.684616,20.602859,45.356602
8.343429,5.735021,7.636951,27.191360,7.948072,14.648800
5.280632,3.625798,3.344859,27.467152,7.457182,19.860905
38.950081,24.386402,11.924321,48.268078,10.473484,15.827888
17.091980,11.530958,7.092460,33.101154,10.719041,29.597216
8.851965,6.175399,4.416760,13.328389,4.664695,7.380689
66.027992,39.803482,30.575466,133.585144,34.222809,76.897995
25.423655,16.976856,15.417571,93.558723,19.309137,35.813580
10.431673,7.186294,8.865499,56.429161,15.351038,22.674437
24.154034,16.752741,12.490809,53.293156,13.126689,33.551022
30.044222,18.522463,57.795322,263.778351,66.078659,119.738503
7.267910,5.042562,2.353972,14.950610,2.696244,7.954941
8.904899,6.591557,3.580536,21.345501,4.603257,5.664114
13.876086,9.810214,4.556496,20.567965,5.670330,5.736713
11.286821,7.900356,3.901064,13.397349,3.338869,6.845538
35.080494,22.852774,15.942003,56.916412,14.453989,15.264447
19.853556,13.623726,6.840188,52.690586,12.941597,19.388369
49.500000,32.610889,12.871853,52.100803,14.281460,22.342819
11.814389,8.077678,14.775136,15.514384,2.277971,26.956450
30.771669,21.041161,8.163939,41.142624,11.322089,17.721523
33.434353,20.494709,30.556921,117.264999,30.496042,77.025421
44.151535,28.161057,13.244106,42.028603,10.971314,14.592232
22.036131,14.662855,12.382802,95.431671,26.804928,32.590000
6.565738,4.968440,2.591636,16.786829,4.362326,6.727363
11.454098,7.739040,4.781829,19.701792,3.338113,9.539063
21.619745,14.318309,27.456144,143.993118,37.202396,58.962524
33.300747,22.021727,10.891812,36.159393,8.047831,19.820894
19.017679,12.343220,6.257498,25.106466,6.190388,19.384743
10.850588,7.767129,7.940676,38.028797,8.764389,9.870783
11.869460,7.961441,4.449368,23.325499,6.279155,14.102657
20.331964,13.552891,9.608863,54.967045,16.511124,38.476513
60.582104,32.230415,55.021782,202.200684,53.149426,141.970474
87.435989,43.426498,26.258846,90.358025,21.136248,49.680496
13.905762,9.683289,5.327118,24.503252,5.756525,9.898364
20.417566,14.309100,11.704291,53.683311,13.799431,14.535619
35.323944,23.221560,14.243502,89.836838,27.543077,27.876753
11.460765,7.605796,9.732975,70.241478,16.742386,50.787022
10.891100,7.633223,5.060767,11.502162,3.906112,9.494415
12.204309,8.820210,15.340655,72.710442,18.804132,33.122055
22.433712,15.167893,8.054482,38.449120,9.597679,22.880959
25.437517,16.720366,22.894917,74.248466,18.508450,31.534235
17.834593,11.479582,18.574926,88.408951,24.214188,69.380356
35.185272,23.310028,33.728363,114.442688,29.008347,89.658463
49.272175,28.716160,31.516705,96.771568,26.037018,62.322643
27.626738,18.239508,8.700152,36.106541,10.375473,18.480095
15.999339,11.481567,10.651515,34.715107,8.453182,18.299078
14.925261,10.482803,5.871678,18.295330,6.259955,8.382695
28.614237,18.710396,18.412470,92.882332,25.395945,64.702911
8.767457,6.256927,8.282782,33.814774,9.865271,23.372490
22.695627,14.989149,17.504843,106.372047,23.342680,26.919834
10.730128,7.642044,5.994082,45.332756,10.983698,20.973534
29.070639,19.600805,9.134122,40.142227,9.780932,33.583202
22.658030,14.846333,6.836428,32.300846,7.910772,16.250492
4.561064,3.063422,2.777941,7.886639,2.503112,6.804874
28.160566,17.847290,10.339613,36.931019,8.809773,26.620256
24.391340,15.935540,6.468822,38.522148,9.302262,41.231339
15.892375,10.595254,4.560062,23.620359,5.356819,5.686515
11.688436,8.133385,3.138148,10.325434,2.908320,11.693815
20.141270,13.042548,6.599272,21.974630,6.610143,23.896654
13.424109,9.426407,5.275889,8.956854,2.140950,8.039174
54.831142,29.733423,28.487690,91.628220,22.762909,70.301094
10.591282,7.330307,9.854171,43.541866,13.026952,27.479843
32.791710,21.622450,11.473963,35.821369,10.067594,22.823122
9.855886,6.813498,4.097607,22.755295,5.452569,16.182711
44.031593,26.471558,37.184032,131.209167,32.930161,121.018822
35.534260,20.718376,11.702329,54.151237,12.540876,21.427023
33.138657,21.138132,11.969948,43.278709,11.284990,9.732555
20.385242,13.473473,7.607215,3.591913,0.702497,13.654329
9.840217,6.954322,3.497292,16.062170,3.006945,9.321884
10.390640,7.163681,3.805635,15.805737,4.652423,6.807790
20.431635,13.956069,7.956731,41.654053,10.919110,20.338224
10.027955,7.264955,3.620279,14.259978,2.262868,6.425697
13.732714,9.390182,3.757707,11.573997,2.537307,10.422849
28.747995,19.352827,8.026427,40.722881,9.965999,24.014521
17.804665,11.706021,5.735630,19.052483,5.608264,7.410694
12.896115,9.154570,5.524518,26.656446,7.301880,7.556240
24.556541,15.880130,21.101793,106.921745,27.660603,48.723438
16.032169,11.180219,4.798422,20.325974,6.900398,14.005888
19.740477,13.588116,6.580421,32.268372,9.896128,13.868728
27.660250,19.188074,8.171981,50.915974,14.821583,23.218006
21.700745,15.088676,9.014774,39.036106,10.146247,29.458712
26.599266,17.358128,10.588683,37.874191,12.222317,30.205074
23.467863,15.732784,11.507934,55.217419,14.201699,50.873512
8.467334,6.155050,5.710394,15.043911,3.962220,13.161777
13.835108,9.314854,7.547138,37.483002,10.293906,35.432034
27.900417,18.846970,14.824387,49.219368,12.409372,31.336964
18.161718,12.525850,5.876259,30.416613,5.783046,18.742674
19.828218,13.320471,10.260178,44.976341,9.789459,17.422102
14.056636,9.385027,6.063835,27.888876,4.918216,10.554163
6.508217,4.262511,4.516760,18.585945,4.099760,9.335151
7.507994,5.279856,2.706339,18.007994,5.850553,8.306746
22.595816,14.816869,17.316269,58.762737,14.910128,32.811016
14.921421,10.199624,5.263507,19.232948,3.837472,13.297210
10.007604,7.389657,4.265483,16.889339,5.445004,7.655342
19.729326,13.330980,5.741358,30.104366,7.983046,12.267646
10.970489,7.767002,3.388552,19.792276,4.473602,12.110378
13.720599,9.234528,6.129657,20.922247,4.988380,7.686196
19.324200,13.237044,5.145825,21.308025,4.774851,19.375378
16.351522,11.437809,7.474277,33.906048,7.813944,27.370827
11.947411,8.068994,14.824797,58.227299,15.411064,30.853783
22.239809,14.442315,9.671554,32.463486,7.539157,19.726717
13.072870,8.893882,6.589468,13.742673,4.851622,8.403221
22.356159,15.262743,9.894960,36.402836,10.908507,28.590900
17.807947,11.755548,7.273481,38.481335,9.182696,13.788321
19.563932,13.264322,5.308151,50.727978,14.023625,18.028679
22.852041,15.380017,13.892404,66.386971,15.061243,27.538429
15.827353,11.007947,5.217390,23.421446,7.276424,10.314365
22.010696,15.125332,6.613786,39.493145,9.882868,32.184879
5.222538,3.672375,2.152517,-0.090091,0.633472,3.676851
6.717505,4.630704,7.630642,48.553471,12.470579,42.236855
6.465788,4.434329,2.887774,9.874489,2.201599,3.445980
5.649768,3.974565,2.791837,13.616925,2.831408,7.287022
12.672266,8.817587,4.794137,27.257631,7.636310,14.888288
6.434442,4.546735,2.418276,10.405666,2.452011,6.176941
27.241564,18.114687,8.800632,52.899807,12.505846,22.220303
26.785336,18.673695,6.748252,29.632748,7.230694,35.070049
23.560043,16.175688,15.908502,67.549492,17.858961,37.108673
4.868919,3.629669,1.305491,11.288372,4.238905,5.578385
12.443466,8.643665,6.529100,23.222128,6.883995,20.904263
38.807907,25.725742,28.371246,100.445168,27.134134,86.775719
16.759375,11.557451,4.624039,16.914442,4.644946,11.280828
17.530411,11.980514,3.374197,28.846926,7.260122,17.047104
30.086523,19.562321,13.002703,67.560799,19.398373,31.384937
51.280697,32.862183,18.697208,78.201942,17.871727,25.771122
29.625021,19.916199,13.288610,63.297852,15.229918,31.703609
8.520035,5.540270,8.564050,36.454918,9.191815,21.207405
29.577517,19.421057,8.890372,40.362804,9.481224,24.774506
10.253562,7.365976,1.676664,13.586530,3.945183,12.880722
10.443683,7.449789,3.603576,10.541015,2.884976,8.409273
16.337471,11.405383,5.975520,25.626858,7.114739,16.116936
15.193389,10.127260,5.183356,15.870163,3.427993,13.407098
80.831085,31.731871,53.262886,209.203766,51.987217,119.094284
81.245316,31.806286,52.583927,218.400360,52.487282,107.824219
25.236006,17.379587,7.928700,34.440510,7.718791,11.394341
12.321609,8.366864,4.595126,17.238956,4.348503,13.382380
27.615028,18.563072,8.553890,48.781807,11.899524,36.256668
17.463182,12.224907,29.306274,108.052757,25.223644,49.019176
27.330135,17.859344,11.972206,46.933952,12.474446,35.223438
16.626322,10.942168,12.011150,42.593826,11.673861,43.008495
8.677019,6.352931,3.248190,16.065220,3.031834,14.095084
11.086069,7.776579,6.001894,13.339864,4.043212,6.949737
9.854406,7.186624,4.440765,12.081079,2.186653,8.742604
6.070842,4.225704,3.497907,7.558894,1.790142,5.658769
20.906641,13.590483,6.706217,32.864681,9.854494,12.088073
40.406212,25.874403,12.435217,34.126255,8.745398,24.431852
18.980656,12.683390,10.598148,34.174110,9.474819,20.435923
18.535095,12.646334,6.430616,29.860001,8.628134,14.260056
68.872810,39.884518,33.886013,157.177292,42.433006,69.165955
29.589947,19.503817,11.100820,36.553394,11.197655,30.977486
41.675022,26.194304,12.741263,65.846626,17.809034,23.897970
7.210290,4.851223,3.526173,7.991790,2.980346,6.089130
25.723207,17.593567,8.632390,38.669712,10.118410,21.489887
19.108198,13.047615,15.595314,68.191895,18.206627,38.160492
21.206434,14.618454,7.753457,41.269054,9.751494,30.965494
21.254038,14.088580,25.312462,98.560493,25.553385,42.505096
14.245378,9.856678,21.186127,101.595383,26.084261,71.347076
30.936083,20.409023,10.236646,37.437752,10.515431,19.216127
11.249546,7.707887,7.011126,28.994940,6.649374,16.891855
9.361371,6.831601,3.740159,13.053398,5.409894,13.594053
20.753702,12.749869,13.759154,75.230843,19.281191,50.299252
32.277367,20.443182,15.531520,49.370647,11.787098,29.794590
44.552853,28.732325,16.132587,44.494896,10.254588,13.179364
50.947556,30.355829,41.587811,290.654724,77.291466,132.718018
17.079405,11.418889,4.933867,24.083277,6.249064,19.420744
13.792348,9.485077,4.545582,19.916016,5.411541,12.811113
14.363171,9.832377,6.437280,24.413515,6.109221,8.422357
8.221410,5.607845,4.374086,12.936583,3.078928,2.935680
34.988754,20.598232,36.173489,136.877380,36.706467,98.212769
37.680725,24.849121,17.831198,94.758064,21.573757,47.905861
36.940441,20.226374,11.388292,65.715767,18.703659,24.070210
8.892353,6.227574,4.671951,12.450556,3.621796,5.889201
7.252808,4.966442,5.184386,8.661726,3.057827,10.042022
13.096688,8.705230,7.168516,46.752674,12.189220,25.280582
11.709601,8.084455,2.577412,11.569766,2.661771,11.868525
9.088307,6.136892,3.161206,7.758639,2.885802,6.358512
11.950867,8.257445,5.895029,48.712112,12.472753,24.086195
33.044556,22.041496,9.131013,55.712051,14.226400,22.801575
70.305389,37.261089,94.353729,383.051605,102.791664,316.999329
14.973846,10.322630,3.573840,20.740484,4.360695,7.102887
25.700756,16.885241,7.915299,37.643280,8.511884,35.936222
5.964387,3.839949,3.090989,14.013153,2.872504,5.316279
5.556612,4.192286,3.905972,19.807074,5.098173,11.181486
22.072884,15.003894,9.669604,31.699594,7.996375,23.832346
20.658709,14.015870,9.735863,19.842470,5.363595,18.265100
12.232063,8.439327,4.688462,15.883062,3.533991,10.543031
41.291214,25.185699,27.591309,139.997574,33.340759,68.528770
37.597755,25.203367,9.677475,68.154633,15.634809,22.006006
14.924631,10.292563,4.473901,19.245974,4.370948,7.842583
35.507282,24.050364,16.258244,68.958824,16.994980,24.862402
46.548325,29.026525,22.298395,69.421860,16.562935,44.206062
5.484474,3.865185,2.579881,13.766245,3.297888,4.931296
11.127488,7.882142,4.122911,14.278722,3.270620,8.229521
6.689734,4.288919,3.148407,11.452250,3.858052,7.638249
15.175261,10.838441,8.961578,53.871712,12.783213,26.096748
16.595505,10.997077,6.559386,6.389718,1.556868,5.963884
26.963366,17.596136,17.047695,52.338348,13.370324,40.961864
19.701576,13.648943,13.500432,64.757118,15.575927,26.495512
41.984291,26.938976,13.620448,67.736084,20.793671,39.591042
8.509397,5.762137,6.199548,32.126987,8.305680,16.857849
12.057295,8.335904,10.156180,46.549393,11.038655,38.743252
13.809409,9.462502,5.585984,23.927971,5.599984,18.618481
8.926929,6.180454,8.967139,33.038738,7.854888,10.722286
5.350634,3.725071,1.756729,11.457603,3.167246,6.804056
11.360950,7.455927,3.535222,73.324776,18.094194,11.127051
15.424259,10.473927,16.897425,13.884974,2.271952,19.984709
14.894241,10.054784,11.470540,61.175484,15.556707,45.215378
32.601158,21.562632,11.116859,48.738132,13.409451,16.475027
15.201750,10.131866,17.102865,73.972580,18.421417,43.503525
9.643827,6.526819,4.844940,16.928087,5.246677,7.581989
11.997956,8.016761,18.253696,68.886902,18.533052,35.236401
9.654406,6.951731,5.306276,18.593855,3.998686,10.690589
18.372868,12.266424,6.288860,31.000149,8.365438,13.641486
30.630802,20.046381,15.234866,89.082504,22.292759,52.296288
40.659657,26.149382,20.594847,63.525417,18.013796,29.779005
20.776590,14.059343,8.251789,28.001982,5.905706,12.914948
31.249172,21.154306,20.413836,84.090477,20.941103,40.317902
16.478884,11.647016,5.539759,22.085825,9.132317,15.028337
4.831378,3.603567,1.291016,5.207627,1.931552,2.850779
17.866045,12.400399,9.884541,44.283039,14.076703,27.206360
39.535698,25.050459,9.562407,14.923870,3.791199,31.880833
29.818211,20.577364,16.891199,48.678978,12.923286,21.198511
13.011068,8.578400,4.545155,19.305584,4.767457,13.116617
11.798001,7.906387,1.956472,21.958040,4.220205,27.478392
15.057575,10.616470,4.002839,26.447777,6.361957,7.170488
52.087830,31.943556,18.970867,85.564575,22.567274,62.092747
16.685350,11.534823,12.656563,22.239075,7.268092,20.390905
66.659172,38.887360,74.276703,277.957855,69.076294,110.583168
24.054901,16.533567,7.254730,56.003036,17.316729,24.279226
12.617129,8.276757,11.677187,28.835169,8.160756,34.797749
34.865509,21.950256,37.168983,131.172348,34.795208,87.086273
13.386492,9.612048,4.217667,16.928833,4.459860,13.033383
4.817874,3.440410,2.612653,4.415751,2.477947,6.817556
15.310397,10.842759,5.556629,9.090347,2.259707,4.357073
33.805084,22.893751,10.288325,52.005451,13.706177,22.598812
12.102900,8.286852,3.608738,22.838617,7.734945,14.965012
9.435343,6.432662,2.382639,32.364235,6.426556,8.797007
37.813046,24.376657,11.741586,54.753693,11.779855,28.356831
53.328304,31.326431,63.037949,184.377640,45.774231,154.795609
20.440823,13.318666,6.808063,42.028633,10.729552,34.672009
9.707977,6.375921,7.398013,51.146225,13.318209,22.532084
9.805451,6.808216,3.503806,31.876604,9.269038,27.144592
43.887310,27.394039,10.234400,46.289036,12.396679,22.182514
20.666437,13.744975,6.589314,25.425253,6.564660,11.800082
5.867312,4.329113,1.678553,13.844646,2.485067,5.374652
26.509329,17.475941,9.187846,32.735573,8.976946,13.447268
20.282499,13.661448,6.361380,32.761185,8.160516,19.823606
24.795942,16.578876,8.771609,34.653049,8.735624,9.518479
14.667343,10.184808,7.957625,24.345181,6.003454,16.620459
18.010414,12.420831,6.600305,6.228072,0.861002,7.810607
8.905794,6.325020,3.745262,16.646467,3.761606,9.289104
25.116711,16.868401,5.917892,23.301945,6.672788,22.289017
10.669157,7.360011,3.491141,6.746584,1.668445,9.578281
14.884619,10.042553,9.088326,42.496368,11.623498,20.466440
19.417074,12.818256,9.701431,20.965395,6.533890,16.894377
13.606763,9.532947,3.778115,17.819990,5.549178,18.966055
8.766894,6.092312,3.830559,10.940957,2.733120,7.371278
31.752441,21.284361,39.618481,132.639923,30.763899,83.662628
21.608112,14.249390,5.773279,34.895977,11.305935,13.267740
22.921894,15.210430,34.965534,126.485374,31.595203,82.584724
41.778229,27.748714,13.699756,52.475765,13.016120,20.748260
23.417000,16.030722,8.896640,31.745031,10.919878,18.442245
58.800625,21.827932,21.036417,99.519638,26.452570,53.195194
51.805279,20.394115,21.062788,112.130592,26.695391,45.276112
35.609993,23.599394,16.532835,85.575996,20.186083,46.836761
11.591022,8.281794,3.849823,13.440733,3.807697,8.819754
33.270451,22.004164,15.758183,60.700066,16.797998,39.742912
8.664990,6.019361,3.334542,17.604294,4.640418,9.360750
13.674848,8.949478,3.288062,18.172115,4.716650,16.514616
31.798084,20.102438,50.130451,213.714630,53.166874,108.879097
9.138629,6.544945,2.214065,14.554271,4.633469,16.646379
8.667722,5.725959,2.571918,14.342673,3.985667,8.996762
35.910202,23.822035,11.449018,49.728455,11.083120,23.650362
22.062960,14.506190,7.641008,19.427635,6.455625,15.944019
10.160387,6.838395,4.383691,17.871004,4.874547,5.833111
18.850391,13.262856,6.158019,27.805353,7.406717,38.201168
22.976553,15.836477,19.016050,88.631088,22.351604,33.894596
58.847046,33.383659,32.542187,169.490952,41.976978,78.271873
32.751129,19.036766,21.371477,93.611732,24.323990,62.801041
39.286720,20.738503,10.474272,61.482098,13.253615,40.918114
13.855178,9.806236,5.558712,26.974302,5.557753,9.318445
17.038420,11.431993,5.054857,26.338076,8.131395,8.412250
31.827625,21.210659,10.086751,39.496330,10.704646,20.911745
12.490827,8.199055,5.143030,45.377132,10.234419,25.394241
20.097258,13.554757,6.730461,33.871929,9.648200,9.877787
10.335111,7.283456,7.135350,18.997328,5.682379,16.886959
17.218910,11.950598,4.994339,32.849075,7.833383,15.994883
20.630377,14.617716,11.963017,46.051979,13.599597,40.094948
70.219017,36.783535,45.582092,130.570496,30.795631,90.791130
17.328495,11.859529,9.794879,50.171055,13.209074,27.364214
32.190369,18.963240,25.759804,140.553085,36.391396,57.409889
10.593167,7.119864,8.789344,45.038185,12.933928,25.496342
9.783070,7.084137,3.062883,19.846144,5.101355,11.990527
14.821804,10.264334,4.257507,19.632710,4.482749,11.145356
15.258060,10.877052,5.509498,16.105692,3.964005,7.682610
38.040436,25.252768,16.857414,83.635376,23.472651,37.150612
20.354603,14.277411,12.851465,66.324890,17.064650,24.181955
5.594160,4.115727,2.465905,10.528124,2.749140,2.738734
12.936978,9.104315,9.631905,40.750111,8.721828,32.152794
7.597908,5.203931,7.409400,57.307564,14.681972,46.079823
11.699220,7.614460,11.206115,51.047485,12.896709,28.819448
15.609134,10.567618,13.204776,76.193764,18.498131,38.925598
15.201750,10.457772,7.787359,54.884720,16.366400,31.721640
35.086899,23.119312,11.179842,41.186607,10.001546,30.085182
7.314826,5.330503,5.047208,16.202686,4.070073,7.232338
7.780032,5.783961,2.825117,14.843380,3.523319,18.283339
14.626940,10.040855,14.639631,41.366348,12.271935,41.262112
10.869576,7.457888,3.397393,18.176643,4.411155,7.042060
12.224922,8.480570,6.107420,16.551329,4.498797,6.560136
27.155832,18.174839,12.419553,59.221909,17.855759,35.187489
23.924366,15.765249,10.706380,55.631775,14.939179,38.015934
60.466732,34.843166,38.139915,134.804901,35.165798,87.499313
17.717949,12.206071,6.039203,20.117550,4.256199,8.273825
57.372795,32.677586,112.655624,332.437256,86.557854,248.137482
52.411171,32.922756,20.845110,87.653641,22.265825,31.543184
25.636791,16.989491,7.395625,43.027378,12.038946,23.437841
7.903291,5.646064,12.539875,35.737602,11.096620,35.921589
14.667192,9.853788,23.895018,54.765034,12.448126,18.397137
22.638422,15.534800,7.424448,41.392288,9.963984,11.794968
5.705551,4.067640,2.402990,9.632301,3.225888,5.526814
9.708573,6.634627,3.897973,17.239103,4.457684,11.225476
20.482357,13.782278,12.851380,73.152054,21.166819,21.507568
50.042904,30.741964,11.740433,56.805984,14.396448,31.717754
77.527428,41.649303,39.793621,133.267197,28.410526,128.110107
21.280048,14.887607,10.945141,45.424923,12.186419,13.203272
20.433681,13.436541,6.467837,26.228100,6.874290,11.066843
20.962683,14.199010,7.610466,36.112122,10.016500,24.304497
34.903183,22.952883,11.702335,99.020294,23.332479,27.183111
11.958314,8.231117,5.096706,26.796886,6.273231,12.979616
50.378063,28.328022,47.415829,173.965179,42.918869,90.170830
25.403336,16.857899,11.371793,42.874119,10.294279,29.674519
9.231940,6.390059,4.038925,19.930428,5.887636,5.084804
54.998913,28.335541,52.078255,247.968796,61.558311,124.374298
87.135429,42.662865,80.552452,326.690857,86.458305,246.725723
21.457939,14.375954,5.897163,23.392784,5.695242,10.427901
34.276424,22.268759,13.008712,42.334126,12.497706,37.333561
19.750555,13.577040,5.895522,42.929016,10.805233,29.632505
25.233753,17.547407,7.328630,33.508270,7.388172,17.694651
7.123002,4.977780,7.171894,36.902290,11.215263,32.880173
16.131653,10.717551,3.992713,24.259520,3.995569,10.482352
8.615413,5.983441,3.335348,11.217251,2.482047,7.443724
18.205294,11.963470,12.112673,33.005951,7.503319,21.059763
13.026903,8.959597,4.113176,21.952112,5.501283,11.834258
6.803926,4.980293,8.350056,20.968904,5.280153,21.486881
8.813962,6.312777,2.965607,-2.648319,0.110453,6.109252
14.819582,10.336784,8.544280,53.519470,13.750390,29.256012
7.222127,4.851110,3.103417,10.713305,2.876595,7.706263
14.810836,10.383944,5.519766,33.281639,8.828012,11.231323
14.626031,10.353298,13.045900,31.946562,8.663047,18.324999
28.117140,18.199240,17.758492,86.784904,21.029558,70.504227
12.549665,8.668312,10.350056,54.081303,14.307194,26.289900
8.874297,6.012059,9.567642,72.611732,16.138823,15.376444
29.361650,19.478968,9.094397,21.661604,6.539896,10.402263
74.373703,42.074268,50.331127,239.871750,64.270226,140.683243
18.462124,12.237200,5.802825,23.278297,6.368037,16.866085
9.683684,6.477277,7.330066,30.388704,8.928757,11.956564
8.065294,5.955534,1.844131,17.595257,4.661667,7.440324
17.526775,11.947170,6.368434,17.624844,5.078110,8.433077
14.435679,9.488707,5.644931,25.125692,6.106608,10.269303
15.333447,10.302907,7.157806,52.859211,13.432335,26.964739
23.047386,15.142566,6.916461,37.496944,9.517367,17.254820
14.965550,10.165917,10.159274,59.542572,18.296986,37.740974
23.664551,15.641830,8.354602,60.189331,16.775835,31.542622
79.238174,43.318790,50.553749,118.603714,27.035616,142.965988
5.597342,4.063547,3.446580,31.386652,5.678910,5.969966
36.993965,23.328194,28.687181,84.023689,27.730600,83.268120
56.134270,27.823633,56.988380,189.604263,50.778797,149.896164
39.529995,24.855110,13.132627,42.159443,10.996925,18.058895
32.462673,21.474260,8.300150,33.371414,9.754576,11.656581
18.617739,12.740561,7.487137,27.236362,7.384920,14.639606
16.150276,11.144979,7.651903,46.188332,11.531727,25.823170
21.970867,14.857531,11.361986,54.399712,13.115863,24.254757
20.370325,13.233764,14.520864,84.330421,18.328140,47.124992
16.953764,11.523685,7.658147,42.918880,13.693588,12.099103
18.596054,12.322134,5.319027,34.153950,9.346094,21.971218
8.101087,5.503922,2.049796,9.969311,1.990999,5.502532
8.862238,6.171227,3.776702,23.842096,5.270733,6.550693
13.497887,8.821836,9.867978,36.643387,8.234528,20.650839
30.838213,20.560677,17.101990,51.291595,13.525928,39.926498
18.007957,12.093762,5.582858,35.892513,8.757257,19.262665
21.780077,14.917930,6.272692,29.494331,7.071759,19.245224
21.865734,14.699735,19.476418,62.989445,15.540928,37.560467
53.827362,31.896227,20.654236,96.340805,22.168322,45.625908
24.304264,16.167377,30.073872,109.880661,26.570795,34.921612
27.239386,18.025122,14.343892,70.727333,17.425747,48.988083
11.350541,7.677272,4.339794,27.801031,6.381281,9.434603
12.033036,8.437026,4.968790,19.725187,4.543060,7.685969
21.792532,14.440671,8.555508,29.693197,8.722404,11.482546
9.290309,6.629722,2.540442,11.168599,3.591693,7.093489
24.619774,16.945724,8.563628,47.221466,13.366520,21.911999
32.731617,21.124809,8.799592,37.607227,10.036929,18.238388
11.407658,7.982492,5.413067,22.837502,6.240053,8.311841
7.226155,4.845711,3.563298,11.574935,2.976385,10.786837
21.217604,14.445881,11.796653,50.240444,12.904154,29.522640
17.730215,12.254469,5.699965,32.948849,9.904491,16.356197
15.404963,10.754583,10.030880,37.893654,9.285843,29.013426
7.107767,5.238530,3.569130,13.832384,2.853967,3.941867
32.605442,21.932327,9.131474,37.305103,9.298951,34.112450
21.204185,14.499272,8.106289,30.372776,7.879130,17.057409
28.467077,19.246346,9.373339,41.230957,9.543135,24.064798
25.584160,17.226709,8.348381,34.922077,8.029182,19.909359
35.672737,23.556044,20.467014,94.414581,23.754469,41.557674
24.211924,15.690593,13.424474,57.597229,15.428240,35.388885
16.824097,11.436977,3.923142,29.978010,6.303890,17.175770
11.208445,7.766892,6.564904,32.283791,9.020699,36.243359
23.533195,15.854197,6.996375,41.567516,8.662607,13.394769
56.777493,30.139017,48.803116,143.285065,35.594318,99.582253
34.635941,17.042093,25.657089,100.441269,26.823698,100.430923
35.012009,17.125633,26.326311,108.892365,26.870077,99.401230
30.568991,20.320717,34.150425,98.947052,25.971008,69.622345
18.864723,12.745273,15.051259,44.892647,11.914523,17.593065
24.645639,16.077835,9.552205,41.174408,10.184143,22.841890
19.370047,12.808549,6.274421,25.810471,5.709725,15.465634
22.453932,13.707935,29.032291,99.362404,23.823788,71.147469
52.895851,32.246918,23.646267,85.907959,20.356661,70.093536
49.001671,29.524082,16.884361,74.473801,21.236002,51.886463
20.755165,13.809048,7.485321,25.910992,8.017896,29.007919
5.257334,3.502256,3.627568,7.086935,3.132568,9.483331
10.222471,7.403838,5.011754,20.767117,5.808778,18.014923
22.490835,15.281682,11.249219,64.981491,16.182219,31.592175
5.342767,3.470601,6.258702,35.958569,9.871646,7.404456
20.924675,14.244309,8.820455,32.951916,7.102536,22.004868
15.287280,10.542686,7.142128,42.839436,9.448389,12.581777
9.390323,6.578890,2.013975,12.842216,3.164730,14.670686
8.584336,5.998750,3.961013,13.831917,4.119334,6.366099
27.111542,18.202007,8.719339,27.665371,7.887072,21.842960
25.288519,16.376926,12.829091,54.838264,16.193644,61.447151
18.831270,12.143314,13.883676,77.323021,20.960779,32.844978
30.653681,20.551542,12.136299,47.806915,11.855135,22.885866
48.586536,31.426083,37.974277,142.582504,34.345741,105.742546
22.837204,15.408844,7.078618,41.861179,10.437199,13.840480
14.738651,10.056823,5.014062,22.237770,5.709760,17.138000
16.138056,10.953929,9.211230,50.689777,12.553164,12.319103
31.705595,20.852833,8.843434,93.151360,22.974360,33.570930
25.301416,15.968956,43.898930,145.710373,38.959743,110.335136
6.992257,4.980479,2.634247,15.295838,2.928463,9.931609
40.541012,22.456352,36.295929,243.445862,65.181473,201.751297
13.525661,8.967123,5.392554,29.570749,8.664284,10.688742
10.590116,7.293094,5.289507,11.178819,2.870522,8.034155
68.488174,39.873119,30.483057,165.382919,42.055481,89.160210
34.625828,22.971279,9.249698,41.075836,9.886610,37.654846
9.485218,6.570218,4.310104,16.780785,3.961201,18.062267
12.837752,8.715869,5.584347,28.321287,7.489103,11.859702
14.778020,10.223588,4.896775,21.835056,6.360823,11.485850
22.783228,15.604301,9.764450,30.156176,8.045097,18.543081
16.652887,11.274152,4.314263,24.517000,6.233850,9.538583
24.275705,16.257660,7.451157,33.649986,7.537896,11.116136
19.028135,12.754010,10.503867,52.952450,13.929213,28.073645
8.290092,5.884684,1.384778,12.160560,3.217420,5.286151
19.372766,12.966273,6.995604,16.742798,5.109652,15.136261
26.934992,18.056456,9.466423,40.694698,10.683018,15.894452
49.644154,30.909027,41.537415,163.887344,43.271572,64.711845
8.562335,5.951954,2.954427,15.348979,3.422883,3.625251
15.729783,10.505730,5.911583,30.358751,7.027838,10.060102
17.885620,12.116596,3.761892,23.457874,6.333650,20.123301
25.330975,16.696516,11.767376,60.857750,16.167793,33.951038
22.098660,15.126102,6.579580,30.703667,7.782443,20.493061
15.328687,10.719588,5.455209,17.195618,5.371489,22.536572
16.615095,11.316081,8.289886,39.756199,7.449234,15.760478
75.177017,43.494980,41.915230,159.785736,40.055744,91.037254
15.975741,10.217669,8.159101,24.651497,6.649736,19.080786
10.748383,7.388994,9.680845,39.736877,9.471645,22.039419
26.529076,17.587456,12.476991,42.680229,10.551922,23.604259
40.821617,24.252562,52.058411,192.478607,48.805099,113.272591
13.447024,6.783391,5.101064,28.450968,7.332222,18.656416
13.119931,9.292923,11.843725,45.112095,10.558582,18.997828
6.482695,4.660766,2.587879,17.449299,4.535591,4.040928
54.775463,33.207287,31.291328,119.856216,28.900787,60.072189
18.901943,12.928767,6.237909,45.842777,9.056060,23.061588
38.753277,24.358223,15.209896,76.174332,18.360283,56.122860
9.669970,6.588651,3.826884,13.774456,3.587277,6.903499
19.451103,13.684855,8.032227,29.797384,6.702403,19.569277
23.747192,15.018515,18.503134,105.628006,28.005468,41.103443
23.876152,16.038170,6.869526,23.784006,5.868390,26.760746
14.864302,10.517021,6.768991,25.012873,6.216651,8.982467
14.092400,9.872565,3.849227,37.401535,9.940962,14.433559
12.125037,8.566559,5.792698,20.245893,6.476880,8.061044
49.714405,32.363342,31.494289,125.277969,33.770435,126.510963
24.620451,15.583010,15.137736,59.153152,14.727255,45.498455
22.174793,14.829281,5.592337,22.975321,6.989365,14.075421
41.021324,22.338814,13.313551,46.370808,11.990859,42.305588
15.643315,10.634398,12.145603,36.044548,8.766977,21.112091
21.271805,14.502969,7.250871,20.614244,7.105280,13.309122
12.921594,8.849280,6.139135,33.789062,7.686591,20.892042
18.044340,11.866461,6.453330,18.850962,4.334136,12.445068
20.103226,13.225684,12.751282,59.474720,16.217066,16.046848
10.136164,7.199966,4.614053,14.248525,3.939612,8.868740
17.776951,11.127212,30.849134,136.001907,38.377220,67.234367
16.100359,10.698993,7.616076,31.055040,7.355596,8.819558
51.170967,30.611883,41.347588,149.528748,35.878365,107.161003
25.879276,16.974236,11.235752,48.339710,11.154340,39.078259
41.656864,27.850460,26.166449,166.938904,43.549454,86.206726
26.097553,17.748777,5.758726,22.958506,6.578794,24.366922
19.025330,12.834752,5.368712,24.294876,6.529393,25.757330
21.981958,14.718889,21.519068,89.482025,20.440861,60.586113
9.842517,7.126936,3.700513,15.020708,4.140471,7.574952
11.809019,8.268908,3.424168,21.031689,2.956989,8.584688
23.181675,15.649850,6.174975,33.681084,8.945914,23.387495
17.841757,11.870587,6.849533,25.178059,5.769378,15.982579
24.224449,15.830016,8.673516,36.321388,8.907192,17.626133
57.861717,29.652714,26.484529,132.712738,33.686600,102.279686
23.044237,15.548663,5.756302,42.335331,8.559533,17.407507
20.845137,13.511305,16.933954,75.966759,17.989187,22.193920
33.069344,21.424171,10.194168,28.713751,8.594621,27.657043
12.145071,8.206629,3.558790,38.066696,8.947406,14.851292
24.739454,17.185089,9.379600,47.377171,12.765815,26.709469
15.869061,10.486911,11.933027,33.013142,8.681423,23.961924
46.948547,30.306021,19.983274,80.197212,21.688578,64.822357
67.850281,41.010574,30.482901,94.931419,22.550467,95.884003
40.264748,26.898268,15.036086,60.854355,17.104353,29.180340
5.639843,4.076479,2.861494,13.477100,4.052877,11.741196
5.516111,3.569474,2.992339,9.355478,3.538862,12.394031
12.387567,8.362504,6.555641,34.188038,9.629433,21.104609
30.559042,19.388826,9.812024,45.701962,12.812941,31.535414
9.145408,6.694229,3.756839,19.576935,5.032897,10.080928
23.384499,15.666453,6.288803,45.682747,10.909322,15.654532
38.960911,25.966991,10.057048,33.510754,8.776710,22.768246
18.764109,12.671357,7.406331,9.662797,1.837504,18.229988
7.417942,5.322795,3.844749,15.855959,3.794591,9.041696
81.114960,46.721436,27.206743,84.686424,20.454391,59.643822
56.094578,32.442581,29.148623,150.605240,41.049633,97.199394
8.035044,5.520804,3.325477,33.042389,7.898823,9.225171
39.002480,25.475756,10.460843,46.831829,12.123022,39.169807
66.417091,34.705257,46.022041,213.774460,53.809963,126.927582
20.021564,8.210804,12.948322,48.432873,16.440340,47.521809
26.676081,16.143284,21.198376,121.942780,32.169571,88.811836
33.458740,17.995562,21.315065,80.476288,22.858475,51.269260
9.544522,6.582070,6.263198,20.805368,4.893961,4.748052
32.281284,20.710413,9.241280,39.051418,10.814981,23.414719
21.700094,14.690282,5.273750,38.876453,9.428266,19.883801
23.460316,15.760191,8.353797,33.444252,9.372825,27.852915
17.881756,12.340316,7.556000,26.407948,7.186019,19.398094
7.112164,4.855741,4.134316,15.112632,3.927779,7.962442
41.378242,25.930811,51.605274,143.177658,37.290936,114.239326
49.246269,29.421295,29.105623,108.057198,25.732420,71.754730
15.266831,10.347416,3.392128,21.223505,3.416991,10.429573
8.243260,5.771889,3.103653,21.801468,5.677610,6.553972
11.787894,8.068022,5.116529,18.723480,4.582799,4.289449
50.986198,33.278755,17.025854,88.625351,20.897285,49.818466
13.839718,9.245456,4.688718,20.963118,6.044728,17.181135
10.246318,6.934380,2.949618,20.327225,4.323671,12.978892
18.967373,12.478816,10.121364,66.063148,18.229258,17.612080
27.330664,17.910707,8.975039,34.866673,9.313352,36.230907
37.520580,23.998611,11.542146,46.249222,11.572408,23.520697
12.938853,8.695930,8.572148,39.219025,9.254989,35.404930
16.166574,11.299331,5.003363,27.058727,7.300206,16.283045
36.783566,23.944773,7.336062,49.524990,13.331669,21.428099
15.509627,10.829555,5.632462,24.690668,6.430911,13.315301
28.586872,18.008369,17.555285,90.185478,23.770622,62.237888
63.813122,39.463936,18.525253,99.747917,22.244146,34.793667
6.291594,4.212837,1.919027,15.232818,4.158889,8.064632
14.341710,10.373542,5.678228,13.926815,3.529972,10.644213
13.011303,8.745151,9.781465,30.663729,6.903038,12.080296
5.409215,3.853308,3.189212,28.929352,7.169439,12.442250
9.707920,6.509320,4.502886,14.003621,4.460003,7.483572
25.522850,16.619843,11.552241,53.266338,13.752721,33.360138
26.152216,17.535583,13.815032,61.129471,16.299171,19.396339
45.366245,29.417721,18.260612,69.106117,17.834015,64.411179
54.536533,33.567780,17.760899,72.719673,18.432314,29.496756
27.202009,18.291653,15.276030,49.095009,12.274137,31.309921
20.609058,14.016857,5.619429,23.671526,6.168124,12.061632
17.775246,11.934567,6.268515,27.584957,6.709661,15.899362
55.413956,29.551785,35.253937,192.959015,50.446861,98.256767
28.043751,18.509144,7.510072,61.925499,14.714115,33.651218
8.353999,6.102859,4.356051,15.621443,3.942746,5.997640
10.449119,7.104380,4.491393,24.178591,5.978768,9.398271
26.007000,16.909109,7.467639,33.574116,8.206642,25.362169
54.973167,33.358780,29.568148,138.213425,32.039162,60.220413
8.882712,6.133648,3.069763,13.530808,3.958390,2.729476
7.201844,5.097714,3.794083,19.529058,5.410790,6.405229
12.740077,8.953871,7.569716,29.205250,5.327468,12.531085
16.597189,11.479644,31.316639,113.526360,32.877991,80.059830
11.990276,8.757845,7.336909,23.434647,6.081627,11.189883
17.138783,11.319594,5.922781,25.372471,5.612862,12.193463
24.025394,16.081347,11.359477,49.121742,14.737274,29.227287
31.325012,20.269262,15.184382,44.682468,11.672273,17.293085
30.880201,21.440271,19.425304,43.163616,10.772738,49.011787
8.190822,5.850049,3.611892,23.944420,4.506036,9.352209
29.712566,20.228745,9.959995,37.547729,10.040159,18.569176
30.185417,20.626221,10.558057,33.880272,8.223354,22.223846
21.299269,14.286588,7.060260,22.883547,5.734875,10.309647
24.039705,15.969734,11.347033,45.829258,10.395781,30.822491
50.853493,32.481205,14.494132,34.318802,8.735882,30.232237
18.773321,12.676537,4.976673,23.212635,5.678116,11.528730
15.769538,11.052477,4.919039,24.960327,5.709148,6.930958
11.285558,7.681509,3.383663,12.612945,3.841982,14.576790
26.587797,18.491274,10.935369,67.874023,16.692043,12.714299
32.135639,19.978256,25.985250,112.295502,29.903347,44.505001
22.789623,15.320306,11.609248,39.690632,10.126241,24.850866
15.084898,10.551455,12.432705,70.824921,17.878395,23.376860
13.858778,9.364648,5.238642,17.571299,5.138539,10.979300
7.765545,5.475189,5.880094,6.892456,1.781422,6.971065
9.239155,6.324051,4.513946,18.071259,6.550450,10.937082
37.636868,25.660986,25.378536,97.907967,28.106188,73.513893
100.432564,56.898075,34.218105,127.900360,32.158604,79.855316
13.169168,8.455312,4.357606,39.944191,8.896403,8.731441
27.176888,18.037897,6.029226,40.272469,10.205487,41.389416
11.710058,7.968150,4.870465,19.657171,5.239767,9.456264
19.008245,12.805474,13.707494,67.069061,16.328764,57.215839
26.214481,18.100618,13.382401,29.401920,8.118981,34.246471
27.268820,17.341188,13.782701,63.374416,16.633842,25.384466
8.304738,5.768492,5.342035,19.343672,4.870252,13.048740
14.669279,9.722012,5.546589,32.414822,8.997598,24.762243
15.671433,10.346711,6.036322,16.339363,4.050807,11.307711
17.612873,11.874445,13.356759,43.896149,10.535795,23.141489
43.110729,26.435810,30.898125,69.196808,15.400904,52.175751
27.158112,17.999886,9.524502,26.892908,8.069025,24.263796
11.151076,7.623913,4.206663,17.839706,5.064701,4.431318
65.666130,37.319748,42.084240,149.347626,38.620071,78.138252
30.078094,19.578182,10.243359,7.466910,1.250251,26.093676
23.128885,15.178716,13.470232,45.105087,12.395481,44.240089
7.724027,5.657920,3.978356,39.769089,11.556910,36.285187
18.505695,12.083716,15.500536,46.600021,10.070645,36.406979
6.704788,4.816954,7.529204,31.212290,8.421197,27.366951
14.421502,9.978209,11.429475,58.764992,16.333027,20.326107
19.417727,13.085479,6.969892,21.749855,6.157350,8.599165
9.217495,6.178823,3.664371,9.626375,2.934104,6.285347
42.356689,16.783546,15.527067,84.313507,20.817219,56.275146
39.853348,16.872831,17.473526,98.036179,21.094425,53.666290
16.442339,11.270967,5.563613,17.623339,4.628268,17.818316
18.435640,12.281684,7.185818,25.320213,6.725559,12.793263
11.145315,8.200367,2.073837,28.950485,5.723753,9.687657
54.784164,33.632832,20.426350,138.368378,32.692032,54.744362
18.766800,13.145636,5.434057,19.994514,4.737606,13.724169
21.332426,14.453373,6.412897,29.125589,7.287247,12.045664
23.159163,15.771946,10.747189,49.750580,15.021242,29.765667
8.290657,5.579844,2.988918,8.194029,2.520723,10.401006
32.516991,19.705488,25.040775,141.234146,37.543945,69.212685
25.725082,16.632061,13.192334,63.096298,17.449348,42.040207
19.042654,12.848286,6.014151,28.925896,6.418201,9.853839
13.309415,9.099562,4.663677,5.896175,1.362210,10.007664
20.014847,12.966517,10.958408,56.802601,18.326038,28.817270
33.463036,21.833956,9.529119,55.703972,13.667716,28.921547
3.854969,3.034186,2.232923,14.937602,3.218927,6.511383
25.755627,17.181183,14.934345,69.626907,19.021097,27.547375
34.417614,22.946230,8.320559,44.320969,13.442536,16.268536
15.097445,10.162467,9.192228,35.573093,9.966711,18.575167
11.606476,8.033113,3.354111,25.270670,5.877084,9.098023
17.388531,11.459571,5.538923,26.085575,6.696425,8.693254
34.036560,22.711372,11.880901,44.730045,11.293921,58.523937
46.188454,25.471247,49.707012,174.150757,44.215244,125.130669
34.601727,22.948580,18.294640,69.411232,18.101503,46.523663
15.747828,10.408201,19.295565,70.299278,18.737984,22.141323
8.586132,6.248379,3.700969,17.478069,4.779504,12.241264
10.385967,6.998653,3.755965,18.420715,3.540480,12.696557
36.021339,22.775278,30.701815,113.004311,31.039253,73.228958
12.968118,8.756968,5.277910,21.442966,7.062005,13.138242
17.578568,11.859749,3.687063,22.298670,5.128167,10.718094
6.135112,4.533867,3.654063,11.704916,2.835747,9.636331
9.093790,6.561268,4.995428,30.676222,8.350468,9.133155
27.621943,17.438141,35.091724,87.447441,25.312920,86.054001
77.592453,47.549107,68.414810,319.555664,88.565109,158.480133
11.987165,8.110267,4.047475,30.340418,7.633517,8.177162
31.292662,19.943401,26.173820,101.182518,25.102186,51.587635
41.278332,25.517401,22.799639,74.983902,18.770393,48.277561
14.629448,10.138792,3.880857,17.529251,3.479953,12.830151
23.910749,15.698032,7.961135,35.322277,8.706902,25.709564
14.266935,9.486469,28.972443,92.949310,19.443216,65.970108
10.668401,7.134836,7.187900,35.332504,8.446115,27.556929
30.045395,19.598927,26.248695,103.335884,29.786694,81.368622
26.780966,17.537323,14.348703,54.793663,12.424043,21.440393
4.696051,3.039038,3.633322,34.079319,6.199187,11.668486
28.142979,18.079636,8.808548,36.250107,7.664630,20.512251
21.723204,13.860182,7.488750,24.464907,6.109128,7.552807
49.647636,31.984262,22.229620,76.886566,18.152912,43.088474
11.202016,7.750096,3.754482,18.923477,3.492100,12.422720
13.638639,9.611956,11.308278,61.132603,15.271661,39.814068
15.148890,10.470901,11.686444,34.913654,8.436812,28.549889
12.007169,8.393908,7.472873,23.769032,5.916813,16.314941
25.046061,16.901272,11.213593,46.381058,13.710284,37.125278
37.719227,24.079950,10.811570,55.103798,15.202420,20.933828
25.472559,17.160337,8.334411,29.205917,6.888745,19.371582
35.174458,23.071711,21.088760,146.610565,39.686539,84.464546
35.332005,21.300999,33.602772,127.214981,31.382128,88.753975
16.460972,11.637199,8.613758,32.170017,9.201633,11.562088
19.812126,13.461571,7.086128,42.810207,11.526912,11.984409
18.182688,12.323005,7.107581,35.327267,9.159977,57.155243
24.242298,16.835228,12.775908,43.348656,12.064004,17.064022
53.730564,31.796268,16.797878,70.729218,17.836075,26.543941
15.913207,10.660251,7.051370,27.254877,7.408115,17.048162
30.019957,19.352106,19.509558,82.990852,19.264658,73.409943
17.701267,11.962134,6.787663,51.038822,12.953362,25.321703
31.567305,20.458652,9.836018,52.364025,14.713346,38.477787
26.929825,18.036520,10.559302,41.748024,10.531512,34.903130
18.851665,12.892752,10.961946,48.349621,13.327216,25.182695
25.635937,17.117189,8.346707,34.261860,10.188745,19.826212
12.317392,8.518791,2.360447,31.563383,8.142706,21.539433
100.676170,50.784786,91.601151,310.099426,77.617798,237.389801
26.817274,16.411722,31.445578,133.033676,33.623363,77.976570
6.777713,4.686513,2.924530,12.856506,2.560944,10.012273
15.558164,10.604158,5.224997,33.213287,8.192481,16.027315
32.270851,21.382063,13.911852,64.146400,15.174597,20.746567
8.862149,6.426218,3.561657,23.505623,5.973807,11.130389
19.060413,12.873810,7.487158,35.602238,8.042133,20.206350
11.323705,7.275002,6.764343,40.640316,9.294530,22.275545
44.335857,28.573328,7.381363,32.375179,7.583390,26.150908
24.471907,15.664829,12.560655,71.276115,18.534472,40.676174
21.399855,14.926847,8.123616,36.340294,8.783278,18.515612
22.817137,15.613214,11.237324,41.209309,9.701701,19.570787
56.286842,30.671297,51.620514,232.133804,60.154484,142.340790
15.843716,10.744893,13.451864,60.817951,15.974144,28.905684
23.251446,15.658297,8.273440,103.545670,25.612604,18.751427
4.619555,2.970953,6.569610,41.086567,10.897866,18.699486
25.492344,17.123547,8.961001,32.101273,9.973345,21.606342
20.323307,13.728343,7.875453,34.980984,8.998412,24.121227
13.700161,9.035696,5.891673,29.819117,4.958955,7.008901
9.715883,6.353848,2.585948,20.758280,3.407330,14.218505
21.816774,14.465154,7.201693,32.102642,8.001625,8.074725
7.469353,5.164301,4.652373,18.931396,5.503989,21.602194
7.457181,5.174908,5.174120,15.463552,4.123939,9.625988
25.148167,16.602121,12.272611,43.153435,10.179844,30.563395
25.270336,17.157446,11.705697,32.161758,9.298755,15.439631
18.945572,13.012391,5.497319,29.820383,7.965621,16.636848
18.115622,12.535280,7.257790,24.037050,5.111850,9.662922
40.774807,27.026638,31.890787,65.414452,16.908003,45.926071
7.744689,5.572031,4.390677,11.095303,2.915447,5.796918
12.462545,8.280251,11.783862,37.853573,10.423541,12.560853
7.767230,5.352017,5.293855,11.673435,2.961550,11.500788
34.064384,22.655613,21.374681,57.453712,14.485706,47.115795
28.132002,18.614508,8.762553,35.396858,9.538653,22.536337
15.045206,10.517407,5.794747,19.304636,4.833268,4.523709
9.002594,6.602543,7.772324,55.684326,15.920019,35.714359
10.842877,7.203968,4.093569,18.355251,5.221019,9.167451
10.876141,7.392641,4.252682,21.386038,5.616282,8.108409
8.467277,5.803437,3.746269,20.504982,5.697087,11.197433
16.952196,11.898802,4.364914,20.159784,4.837999,13.804733
37.202019,24.542877,27.422722,98.349136,23.127638,55.474636
14.581326,10.365544,4.444186,24.136921,6.361942,10.593624
7.287652,4.935233,1.560591,10.017286,3.220341,2.554773
13.169230,8.972705,4.503211,12.133044,3.338050,11.467550
33.520985,22.284842,13.376738,67.952240,17.805008,60.662971
19.730957,13.605880,5.807838,31.692863,6.296285,16.902281
21.075089,14.141467,4.885142,25.124811,6.588821,21.255352
24.970268,16.690367,9.620574,37.784679,10.127046,16.595392
22.447495,14.285478,11.578406,68.362747,18.698261,39.049900
22.430996,15.254597,6.323654,33.902020,9.706370,24.254486
21.673813,14.071115,7.141064,16.798464,4.073270,16.402330
20.301390,14.060160,6.817097,44.921131,9.333779,22.017523
20.083084,13.435529,12.213505,81.820114,19.896143,55.930267
56.582363,36.209991,26.585815,81.744324,21.397045,107.890694
13.597150,9.341327,4.491159,23.782845,5.251478,6.211733
22.118122,14.505794,8.721264,34.548702,10.026814,28.193920
30.881447,19.610054,30.604557,91.722000,25.494295,122.601517
5.764030,4.075135,2.565640,10.964837,2.725554,3.174488
18.091593,12.382896,6.803382,17.516376,4.254334,13.027393
25.630819,16.821268,7.706976,26.016666,6.624520,30.677668
4.196884,3.068778,2.409508,12.407371,3.358078,14.858480
16.665464,11.354383,6.358331,18.595842,4.484180,21.671368
18.698198,12.542252,11.541138,49.125278,11.503880,33.771606
26.451065,17.400957,8.344707,36.202377,10.466022,46.482098
13.862331,9.528701,5.825242,25.663109,7.333807,29.648346
5.236006,3.700146,2.774524,15.386869,5.843325,8.528255
9.424273,6.709574,4.318039,14.982195,5.854211,8.767439
56.397896,34.343143,15.070429,70.063667,19.129250,38.601555
9.652662,6.622717,4.563316,24.334366,5.271344,6.621570
66.886536,37.332371,32.160492,96.970207,26.066778,101.515137
23.252710,15.142789,7.362715,31.206364,8.916769,29.732252
20.769529,13.842515,10.266651,83.024536,19.953468,50.359440
14.798956,10.223932,6.363593,38.112785,8.758667,22.679873
8.267830,5.800287,5.192815,16.605909,5.472154,8.978967
59.035172,36.423458,29.570292,131.704773,33.130302,55.265087
11.155729,7.655151,3.528643,37.232105,9.602916,17.276896
23.878485,16.850805,8.640968,42.608246,11.070294,21.830877
9.883858,6.921813,7.858392,23.349264,7.269241,9.741352
9.331249,6.415039,3.472302,13.292660,3.335600,9.651289
20.101555,13.577327,13.635169,55.383644,14.950653,33.535751
20.016333,13.399821,11.965525,69.477219,19.432285,21.948694
66.593536,32.233852,45.493568,151.727859,37.684834,103.099358
41.570877,20.420038,23.643366,104.431938,24.171688,42.051083
30.190472,19.627115,21.805283,67.922737,17.154255,27.457197
36.561077,23.709414,12.431027,47.126183,11.113884,21.007538
34.142082,20.343798,41.451862,217.475769,55.818165,99.629448
13.686823,9.306468,12.483290,42.441456,10.590025,15.549640
20.162039,13.955112,11.324317,63.062809,17.517311,48.501232
28.174776,18.644060,20.972380,85.626587,20.022619,64.645462
23.846504,15.848107,6.618134,20.233452,5.512468,19.254988
23.786303,15.852604,9.202454,35.744930,9.989465,21.447563
23.933823,16.197510,6.887140,65.858719,16.955761,20.196304
11.447439,7.912784,5.839754,36.794907,11.292474,8.550125
12.988080,9.046652,4.234974,19.500690,4.966663,15.125655
15.389810,10.268630,9.360978,38.307549,10.950584,16.794729
6.234451,4.212407,1.570020,12.634548,3.118816,5.520200
5.546332,4.114946,1.447229,16.499069,3.232301,9.380240
9.353731,6.724471,4.831349,14.468599,4.149922,12.016173
11.306605,7.627253,4.886487,26.281879,6.657668,2.116951
15.852748,10.634270,6.460287,27.328190,8.170567,14.521141
18.987789,12.830853,5.899234,25.432608,7.136978,8.273545
13.353273,8.857814,3.025050,27.212975,5.921227,14.211272
14.810683,10.407816,6.736365,22.418228,5.122205,23.851244
23.508017,15.976513,11.768506,32.816895,10.198910,26.327005
11.761542,7.865098,3.837228,15.943193,5.092246,8.294991
4.612247,3.304710,3.166934,29.486330,7.733711,11.823371
26.651402,18.037210,15.797842,69.610550,17.278488,32.111645
29.365555,19.259912,14.852009,53.884716,16.362360,35.343227
34.063175,22.640921,18.913084,63.726738,15.426792,52.404621
16.079514,10.959751,4.799061,13.414623,4.519306,15.508638
37.415890,21.949318,30.515896,143.472961,36.996761,80.571533
14.182980,9.415974,2.980559,11.483877,2.926137,4.435689
19.980423,13.575698,5.836776,5.729919,1.109950,9.041354
24.916183,17.036404,9.339885,45.437313,11.398371,33.839836
5.860904,3.881118,3.155644,13.149722,2.900992,4.049798
18.590763,12.901359,17.299765,64.719955,15.905414,40.412209
37.710922,23.296968,13.875243,63.502014,14.940065,39.698711
21.442228,14.348660,10.326088,24.717682,6.336342,15.039825
21.878885,14.710876,30.400099,51.467232,14.071620,57.824947
25.660236,17.170946,9.722820,29.867758,9.271257,24.569105
21.684175,14.664753,5.048030,25.751465,7.430062,16.171936
25.699827,17.287046,6.131139,36.774620,11.468972,7.771889
15.779257,10.865783,4.432366,7.677104,2.613322,16.502918
19.912081,13.310998,5.366250,18.949619,4.578334,19.088423
24.147943,16.120953,7.807277,29.903990,6.251808,19.653170
18.049515,12.257610,8.069073,37.465851,9.579343,21.008778
27.813547,18.069145,17.619928,54.310581,12.770084,31.865232
25.017130,16.465384,8.950950,25.783623,7.106335,21.280468
25.930922,17.179981,8.078418,36.040668,9.655409,25.512476
35.399429,23.743172,10.597003,38.300068,10.175313,34.888550
20.737661,14.352678,16.032202,35.717003,9.239916,12.888520
49.046177,30.443544,12.644567,55.362988,16.779716,37.876221
25.580259,17.561382,6.476957,67.033379,19.032244,29.115318
8.963234,6.282047,1.935188,10.930714,4.502079,5.252021
21.445225,14.227194,5.899241,22.802988,5.999230,18.548885
42.115456,26.922756,18.200129,100.317757,27.122564,57.352802
31.000935,20.220716,20.753304,70.775459,15.668724,37.415951
11.202301,7.532498,3.228000,19.875443,4.204709,11.373253
19.661079,12.888823,10.394895,57.112190,15.688476,40.422783
11.918910,7.929276,4.367772,18.911703,5.921830,13.907079
40.118786,19.753429,14.075637,49.670242,17.493402,36.393238
53.947624,29.897066,23.602497,109.029541,27.259670,64.808662
16.090960,10.538563,12.648398,32.410477,10.420284,25.127625
39.978027,25.905638,23.636522,116.564079,29.992306,89.991547
18.337923,12.655375,6.276099,39.157772,7.988622,14.381259
15.084152,10.348047,8.066880,21.695951,6.187444,7.565105
25.893406,17.157799,21.322538,107.286293,28.802969,57.566166
5.726923,4.398008,3.254006,13.796249,3.552008,7.540768
71.585495,41.534386,40.485550,157.351135,39.717709,88.521797
11.781958,7.970617,5.365318,41.991425,12.883749,31.720650
23.100780,14.920979,20.630369,140.171509,35.342262,133.537445
10.477046,7.467458,4.248491,11.385917,3.647200,7.352996
32.991173,19.398869,41.767574,207.191086,54.215321,74.065285
14.633545,10.202155,4.465202,17.531862,5.422673,15.703303
13.455938,9.030233,4.718679,18.840155,5.576454,12.332731
16.490223,11.112351,16.262352,71.607941,20.393476,29.074902
11.027950,7.596468,3.683191,16.748884,5.642554,19.593658
24.758692,16.734631,8.012802,41.360191,10.356657,16.507362
7.368489,5.158644,3.171713,10.717767,3.373806,11.217840
40.219856,25.664999,38.688835,129.467621,35.587906,79.354965
8.106538,5.477203,4.155687,3.973387,0.979446,6.749611
8.874364,5.847039,3.921773,1.984132,0.037142,1.900290
26.907749,18.464668,9.405462,38.340275,10.592996,31.844303
24.196079,15.836421,9.770524,45.216301,13.377112,31.319201
22.284906,15.144703,10.490279,49.932915,14.377255,46.931118
5.367143,3.796068,2.119505,14.761531,4.567292,9.243504
12.799906,8.353050,8.996424,41.747169,10.958465,15.601585
13.472438,9.343431,5.236504,19.059235,4.977595,11.612124
39.176033,25.841776,31.337000,125.018494,33.910942,62.424656
7.603548,5.334490,5.510355,31.033503,8.193965,16.115026
5.054535,3.654804,2.262305,17.886705,4.843308,5.781343
8.055486,5.406200,4.311343,16.184381,4.178094,15.356603
8.528930,5.970928,2.769629,15.074708,3.937868,9.714816
9.064304,6.425148,5.260080,25.903595,5.877308,16.006069
28.601938,19.555031,7.769655,32.107208,8.961012,16.862549
30.673256,19.791008,17.965681,78.471420,21.503378,20.833950
9.523935,6.200289,4.872383,10.314392,4.286411,12.627405
53.096554,33.708263,18.642704,77.560318,20.173695,42.736206
64.419266,41.507427,38.137180,148.710144,37.345997,83.331245
71.656433,39.229221,33.668041,151.774536,39.124111,71.394882
24.906666,16.347326,26.434080,108.767006,30.153124,54.679951
34.178772,22.211466,21.069246,58.587414,16.277205,58.590652
11.669640,8.134366,5.884232,20.894264,4.919901,12.397557
14.346800,10.034890,5.004461,19.823072,5.358150,13.065642
18.894255,12.931078,4.588300,20.086079,5.113286,12.801272
40.462593,25.259569,13.576370,45.682079,12.190831,38.867516
21.556389,14.825311,11.134150,29.500286,8.719959,17.399527
33.433826,21.214600,10.869080,37.907230,8.052197,35.529758
13.966859,9.368494,3.851300,22.567656,5.788914,4.883007
17.335394,11.562210,5.888885,17.751570,3.058338,7.983073
18.842957,13.038945,6.023940,12.320307,3.405528,9.352580
18.653353,12.218070,7.356382,57.605160,15.113400,34.932198
25.461504,16.958500,7.642637,24.684483,5.761744,14.441672
21.483841,14.437337,6.322747,51.545753,12.073613,40.200356
20.444780,14.275050,6.984629,34.378349,10.304976,26.448030
11.426820,7.467578,7.564353,50.664631,15.079143,24.975443
18.528391,12.065129,11.147333,41.629112,8.778445,19.086340
30.726288,20.238945,9.835843,32.985958,8.082273,29.960142
8.321849,5.776264,6.019681,21.238363,7.439740,21.443773
9.206254,6.776145,2.830221,12.789766,2.201139,4.406323
6.794341,4.905537,4.107243,9.794694,2.921133,8.754004
9.787640,7.351369,11.174777,37.317299,9.403813,14.554156
26.153944,17.082617,15.115424,39.023659,9.296451,31.771362
18.842207,12.620535,6.262187,32.525997,9.750056,24.883142
9.294631,6.593396,4.174242,17.634935,3.719429,9.881413
41.660938,26.808516,36.489388,102.329758,26.425520,116.384422
22.500481,14.835292,15.622772,89.176910,24.456593,83.795265
18.327435,13.066137,11.672999,28.510557,8.550307,13.080759
12.383591,8.425483,6.383369,19.240141,5.545474,8.063298
8.690656,5.851105,5.632890,21.475563,6.180884,9.684080
10.458920,7.123254,5.433735,17.205061,4.802629,13.853128
11.565640,8.242196,3.252476,8.784646,3.661185,8.924322
25.213428,16.431368,16.282646,37.320568,9.503189,33.063572
14.202155,10.173818,6.248007,26.152161,6.358801,9.512699
22.529844,14.868345,16.752937,82.098625,18.670315,41.265305
64.907539,37.090752,60.846375,253.734055,62.459263,155.663025
17.257885,12.110183,7.072032,44.588528,11.668590,16.067095
52.360004,30.383453,37.913498,152.527710,39.207661,91.291252
33.873070,21.457636,13.418832,59.960335,12.347559,30.326496
16.111742,11.207995,8.882672,30.649120,6.321668,31.708595
16.513094,10.699199,20.211195,84.866692,21.449331,56.476387
22.696136,15.652923,8.646387,26.009392,4.940413,8.344448
20.031435,13.271107,8.351029,24.167671,5.491117,14.128387
43.116512,23.799757,15.341060,9.824372,2.534539,36.218777
13.704551,9.388868,5.533239,20.377399,5.467607,11.199402
37.279877,23.995098,22.212227,85.256462,20.048386,56.473503
13.519279,9.000878,3.260178,22.443804,4.820294,7.281438
13.138977,9.218554,5.347226,21.602034,5.382746,16.227829
24.945620,16.857134,9.008561,30.745825,10.048061,19.759260
11.528564,8.358513,10.027405,29.733156,8.824731,16.614580
12.036510,8.462150,5.099959,26.889608,4.832260,4.930293
35.573009,22.962496,26.474533,94.555168,21.796137,36.711113
18.423542,12.445353,3.509215,34.236004,8.105516,17.022875
19.044863,12.240952,20.844608,54.691902,13.717102,43.252094
43.762306,27.809208,39.530766,126.023697,29.590916,55.591404
6.896827,4.756464,4.224806,30.962824,9.963356,13.937631
10.134989,6.948360,5.661827,5.305069,-0.010390,5.014627
12.395581,8.666842,3.860464,25.937576,4.639110,11.860380
17.297451,11.986037,6.660105,30.751991,8.502259,16.175953
5.950374,4.173006,3.307295,10.568349,2.051081,6.382523
6.486593,4.110021,3.037763,8.998971,1.745050,4.447392
27.293129,18.147783,9.339133,23.794840,7.056071,15.074983
10.112220,7.236685,3.757363,14.207971,3.360341,7.476441
29.599102,19.698181,24.608349,102.483742,27.454416,66.226181
12.767706,8.552081,3.388012,18.554462,4.725022,6.266055
18.538563,12.147263,6.873810,24.911266,7.465649,24.618652
35.733803,23.626686,7.813891,53.288410,13.644769,27.069822
11.138808,7.551944,5.374916,20.171841,5.675657,5.858823
30.339373,20.146568,7.868853,31.243223,9.327201,21.760281
5.863520,3.935923,3.189338,12.074383,2.827493,8.135892
9.459661,6.553193,3.893538,15.230167,4.389812,11.756383
43.760609,26.889591,18.080526,59.321075,15.240473,38.502464
13.476478,9.027123,4.506565,18.557201,4.551496,10.730567
11.490234,7.759416,3.468205,11.659354,4.118032,5.850936
16.712477,11.403905,5.582057,24.849136,6.782414,31.181967
23.582962,15.835740,5.466928,37.461739,10.426021,29.155428
68.869041,37.819893,80.394508,330.461914,84.642868,270.170532
34.503178,22.117758,31.720287,114.604355,30.045425,81.178139
5.729530,3.952367,2.963738,13.743905,4.623369,10.554976
27.951777,18.896564,21.199480,82.767960,19.137827,42.836227
12.464908,8.612208,3.510480,22.951313,5.559561,10.340484
10.263098,6.942604,17.078533,75.934906,18.604328,29.862061
11.541705,7.795459,2.353959,17.468468,5.206312,6.327714
17.414465,11.956116,6.578606,30.838032,7.149830,14.552311
42.321304,26.435835,13.315776,30.901108,6.818058,24.897060
33.051247,21.350500,30.613867,83.220421,20.456402,63.390099
35.425098,13.618172,13.725175,52.815609,14.915089,56.150272
32.710625,13.472199,14.728847,60.199993,14.653522,53.454971
7.412726,4.891141,11.156856,43.614174,11.485370,39.200397
23.699928,15.901743,7.822480,22.819437,6.145178,21.428793
13.085954,8.966137,4.673897,17.515102,4.105699,4.515222
16.442497,11.370001,5.949002,11.746164,2.992011,6.456130
5.344889,3.826520,1.793417,9.325239,2.898380,6.187122
39.521091,25.207626,10.530482,35.213833,8.846473,28.708513
6.017234,4.165732,3.166245,11.492002,4.731188,4.997688
17.826433,12.235228,4.663232,18.728737,4.007075,14.570804
10.979474,8.062945,6.647439,29.852350,4.371955,8.719646
27.176029,18.695217,8.554199,19.075356,5.228620,17.983471
13.148743,8.772608,5.722456,24.496614,6.950169,24.502851
25.340069,17.157633,16.286692,78.019478,20.638577,24.817703
22.456747,15.535310,7.680051,29.897173,8.975919,19.489161
53.616707,32.027103,18.518675,66.574173,19.100616,37.778404
22.687452,15.122422,11.048809,31.677000,8.740499,14.003374
16.453510,11.361572,14.294651,52.330723,13.759671,26.514791
14.640762,10.132522,7.540966,39.489193,10.175492,17.381691
11.511597,7.832635,3.903417,19.662979,4.251055,9.437970
57.837139,32.657806,18.463955,81.026321,23.237913,43.772842
12.973595,8.943465,5.110370,21.992945,4.583603,6.394978
24.895514,16.904436,9.662968,29.164177,8.684076,20.570625
24.268404,15.930945,7.478939,25.574594,5.688897,21.004004
29.185402,18.699509,19.211460,85.965874,22.275803,52.790131
44.117111,23.399168,63.018806,325.932617,85.493958,129.590698
10.845818,7.218641,5.688197,23.354145,7.112540,15.382668
28.347254,18.513287,9.877648,58.597382,12.696166,13.445617
4.186861,2.934882,1.556505,6.760384,2.839799,6.535669
22.723476,14.332623,25.823536,128.373886,31.757389,71.760635
38.407185,25.017504,13.691680,54.225544,12.339782,26.813463
6.903511,5.175129,5.731292,25.383980,7.045983,8.648534
23.735615,15.653872,16.173298,83.254761,20.270981,50.259556
10.048864,7.107543,5.096429,35.474751,8.857038,10.261669
29.256392,11.288471,10.987744,40.208981,11.987566,32.220333
32.597538,16.383419,12.397029,52.064548,13.851439,35.237427
26.237106,17.084478,9.821034,45.154713,12.032791,25.280993
6.388974,4.512180,1.677540,12.372185,5.519459,5.902997
34.685036,21.526222,16.643559,87.618294,22.021133,67.108475
17.480684,12.177142,6.260887,27.052809,6.395541,13.713489
21.883717,14.612147,15.390325,104.048470,27.487806,34.768246
26.393572,17.195204,26.677355,108.703918,28.343706,63.340851
9.613296,6.558157,3.562467,19.521786,5.658253,11.891440
36.210552,22.030659,40.625938,60.951492,12.907727,74.138962
14.928459,9.755434,6.584252,15.019272,5.234724,8.411633
38.730629,24.919353,14.283252,60.186184,13.081789,29.064203
7.068398,4.764371,7.759215,28.701418,8.207432,13.552733
47.460335,29.366791,16.700516,52.809158,11.377994,9.883451
28.924025,19.317299,8.414986,28.196342,6.389908,22.827620
23.818544,14.766386,23.794693,96.240822,26.763187,69.815125
13.110713,8.832124,4.568759,19.445774,6.609406,9.789663
13.767354,6.518822,8.912321,38.777325,9.237215,24.438068
20.482651,14.175729,6.011090,31.632122,8.827071,34.652313
27.852692,16.199270,33.266582,135.191483,31.864374,46.832176
29.242086,19.637739,22.217010,117.184303,27.812254,61.666637
22.372757,14.594691,7.474150,22.806154,5.525196,12.870432
19.924816,13.470760,6.818396,32.633526,10.194292,18.649441
4.210459,3.219292,1.838582,11.338164,2.586508,4.405072
21.534920,14.111745,13.637861,76.176971,19.667860,30.338766
8.572779,5.782090,3.128256,15.571915,4.999033,4.766828
7.767887,5.465271,2.985661,19.174255,3.640899,13.656710
17.326662,11.210915,17.140541,73.522552,19.300890,47.878521
28.370090,19.322353,9.693924,25.823029,9.229658,23.517017
38.938175,25.147581,35.479019,113.774940,26.758821,69.887978
12.042770,8.320156,4.046706,18.250584,4.485684,5.043849
100.574356,53.029438,62.332882,246.399185,61.079933,165.051620
15.940601,10.728058,5.519384,19.366167,4.942460,5.608373
25.187252,16.998413,7.110351,37.151314,9.620038,18.610857
25.294161,16.839235,8.152250,45.587791,12.493026,20.537409
10.807362,7.474458,5.724852,19.975304,3.899818,9.345071
57.440605,36.079796,44.315960,195.513947,45.688889,140.878433
6.345915,4.192909,2.562270,8.484421,2.294567,4.148019
4.557256,3.205420,19.948656,41.424950,10.527884,14.354735
17.373497,11.488782,9.502422,27.495348,6.865770,15.628154
6.455075,4.575773,4.869650,30.218361,7.415145,13.282889
13.682202,9.358519,4.962131,25.418581,5.869102,11.203922
23.275188,15.400651,7.707970,38.628323,8.084709,15.577465
5.203827,3.891003,3.587209,26.935236,5.593810,18.557112
12.260248,8.781150,3.712457,3.455224,1.503193,11.447351
11.211962,7.552876,3.531825,3.736948,0.488132,8.436164
26.312395,17.420609,9.259473,48.996204,12.720149,11.807428
24.910892,16.506563,8.439597,46.814732,13.481312,11.744288
20.507137,13.668720,13.984400,57.251286,15.913734,23.459339
12.912668,8.832377,5.547655,25.498304,4.344522,13.292337
62.677109,38.793537,52.502979,214.164413,54.181225,124.740356
22.774698,15.015772,5.484205,33.802944,7.448281,12.337399
28.924271,18.098145,10.029647,32.357399,8.760522,40.498898
16.574131,11.450235,5.087485,21.872322,5.549203,15.010645
20.019461,13.556572,7.045499,54.735935,13.288231,52.338333
14.616272,9.499475,6.453361,25.767614,7.408939,10.990648
25.199907,16.740177,6.228199,28.229980,6.349209,32.588612
6.334551,4.450804,2.446451,14.111197,4.201617,12.474684
18.921114,12.518261,18.781712,103.681519,28.691687,69.315567
9.365563,6.748736,3.756245,10.632432,3.428485,4.153870
34.517628,19.976973,26.408276,115.007484,31.183504,91.143738
26.940481,17.301966,20.001047,69.596512,17.519667,27.394289
13.537632,9.040583,4.901021,18.636858,4.216928,14.672485
19.362192,13.507565,17.353399,66.786140,18.397966,24.621923
13.968794,9.854350,4.451392,19.260960,4.330869,12.794678
55.241497,29.188545,33.646233,125.187668,36.196339,68.426651
14.643983,10.058557,5.718446,19.767712,6.141608,19.663885
13.970243,9.446883,7.255521,4.382136,1.574466,9.343214
15.410068,10.593028,5.436816,28.070259,6.692757,22.110003
8.894313,5.982383,3.675260,13.597606,3.623853,13.740596
90.122437,49.159782,59.271286,207.411697,51.976555,132.052460
50.287453,30.166311,15.735097,41.405190,10.033695,43.201511
23.222158,15.547900,15.141399,76.529167,20.709349,32.340199
7.805381,5.522380,7.301676,34.900028,7.873238,15.365302
13.487476,9.410296,3.487006,18.236229,5.743382,11.015125
40.659733,26.278477,15.218561,61.043419,13.489705,36.119373
58.686611,37.069962,49.567604,187.767166,50.440647,154.406967
51.145393,28.711981,62.674507,302.799652,82.154007,147.878616
12.920042,8.567036,4.351160,19.460377,5.740687,11.597902
19.650475,13.119847,15.521401,94.468422,23.073471,52.375732
11.747689,8.134775,8.132162,47.182636,12.061531,27.204813
32.129120,21.297281,10.558556,36.446545,10.797251,40.776947
39.737988,26.068977,12.868074,52.856865,15.377030,27.535530
11.883525,8.590622,4.146042,21.349669,5.835534,14.588833
64.245239,39.237103,25.092548,103.446007,26.607868,97.898277
29.480883,19.598579,22.665697,75.459091,19.052505,52.069321
13.414109,9.519053,5.692090,31.141882,8.608698,14.574564
31.387873,20.664427,33.882156,114.350304,29.893295,93.615715
77.151367,41.718456,78.429939,284.113739,70.530617,236.147507
19.059521,12.924656,6.620063,18.865782,5.766077,10.857605
5.143579,3.847523,3.084119,25.171316,8.537320,24.707047
14.836921,9.754205,5.543790,20.525337,4.687543,14.322783
8.351167,5.897425,4.468669,23.948732,6.360412,12.212011
17.824062,12.486395,6.654242,38.849209,11.847266,22.146587
68.918228,36.942020,56.717335,233.311478,52.896248,122.530251
36.393677,23.498516,12.460669,49.574577,15.444424,34.756741
29.187595,13.199627,10.639134,54.336781,12.573900,36.631683
12.011422,8.420568,5.112818,12.574060,5.346030,14.036888
29.346844,19.893435,24.456062,103.196877,25.338463,51.554127
7.726165,5.751242,3.494087,14.348206,4.812097,5.726713
12.056133,8.183661,4.562524,20.566959,4.627514,7.576315
27.054089,18.400661,10.844723,46.688011,13.505666,21.638983
29.943073,19.845085,14.605879,61.720619,16.005041,36.548462
9.006644,6.437383,3.922935,21.046860,4.808345,12.037596
26.883503,17.692268,27.108046,98.176949,24.337311,73.705132
22.590635,15.415459,7.493697,39.531570,7.452502,18.206741
49.984871,32.184826,13.974128,56.459469,13.077086,40.097992
16.243416,11.092473,10.632024,24.963053,7.540767,22.721254
20.869951,14.528896,4.195471,39.336685,10.187158,30.151457
28.740004,19.080393,9.663541,27.862551,6.988091,16.774532
9.573697,6.663114,3.742855,12.415152,2.809837,16.912134
11.261572,7.804395,5.227593,14.052919,3.367891,12.831670
9.367139,6.534095,9.072542,32.241604,7.485444,23.656212
9.561104,6.873683,3.526227,12.871570,3.011664,11.175047
16.789507,12.045043,13.141293,55.421871,14.171616,26.748898
14.578205,9.776569,4.724771,23.398985,3.277717,10.364298
23.624395,15.169661,20.565016,88.601288,20.044512,74.533257
11.142737,7.670781,9.237754,47.899780,11.692337,20.943848
12.838737,9.051976,4.324943,38.353436,9.524333,24.043394
13.393455,9.347393,5.630540,15.774753,5.800120,6.366385
9.705633,6.297654,3.203029,15.201032,2.714443,24.677856
23.236118,15.474899,9.082275,42.528812,11.614881,26.418179
11.304883,8.055946,3.587737,25.270506,7.569306,8.798594
31.819559,21.461895,20.700111,110.674706,27.015324,39.255852
9.566140,6.487833,7.746961,31.091463,10.124048,10.218436
26.743547,18.318886,9.950924,26.028742,7.365192,25.047289
18.526329,12.277391,20.716274,79.893967,17.641809,79.200127
19.742355,13.489721,4.075600,30.544024,7.025976,13.703351
17.605583,12.108387,5.058260,29.501518,5.880353,12.442936
33.739586,21.456837,22.008499,95.248177,22.016148,70.569450
12.430781,8.444818,4.809326,24.931719,6.802432,8.799186
33.463932,22.307245,11.270922,48.259552,10.811495,37.595379
24.511101,16.252581,8.522055,28.901026,6.866719,13.655156
4.221032,3.018969,2.985346,10.631012,1.306885,6.249787
14.744314,10.345225,9.682902,41.120350,10.975492,19.108555
27.177027,17.742697,42.545799,190.055176,50.235909,99.729408
12.573181,8.565440,3.689958,21.000143,6.084525,8.146198
21.829775,14.741639,12.735911,35.894115,9.868414,13.132853
14.865910,10.372919,24.743626,114.241409,28.133957,78.159821
22.668701,14.811320,19.316170,103.333618,27.778069,49.112968
45.055523,28.550323,19.872639,89.261086,23.197104,61.627544
16.340811,11.388762,10.518295,61.621426,16.202776,42.254124
51.688892,30.379404,17.995924,52.380730,13.061078,25.435144
21.420902,14.662812,7.212337,24.909540,4.832542,20.571344
9.397710,6.763818,4.484437,16.180759,3.872465,14.483583
10.810770,7.445871,5.420713,18.291218,4.875010,10.488794
11.463463,8.100044,3.568323,15.473693,4.810427,14.389359
30.547380,20.674974,10.552485,38.471779,9.067069,19.556894
10.293912,7.034446,4.550389,25.619852,6.084022,7.188109
17.798872,12.132128,8.993752,22.721737,5.868480,29.498259
26.596174,17.628859,8.058953,41.076397,11.860825,33.216644
30.744274,20.522463,11.676071,35.883797,9.443099,17.160555
7.186730,4.913582,3.827815,21.043360,4.115046,7.388859
5.847329,4.233609,1.895819,13.715988,2.266345,5.233216
110.094070,43.870697,78.404739,318.777283,85.485535,229.969986
105.412590,50.202003,60.317619,253.149445,59.032665,208.743835
15.574542,10.266798,4.503384,17.326138,3.327135,10.030464
6.283027,4.669379,4.172784,12.936446,3.734182,13.750293
7.530785,4.962388,3.398752,18.884472,3.936276,5.660035
9.296873,6.364737,8.950635,20.183449,4.003967,12.377170
18.768288,12.413346,6.723705,14.983658,3.980329,19.840174
5.471382,3.926888,3.868931,14.764881,2.532968,5.368771
42.764584,27.785183,20.020153,80.725426,19.194553,41.125820
16.525047,11.056703,8.268069,25.293297,7.692903,20.115732
18.875675,12.398817,9.011267,49.949863,14.023566,33.198593
33.408142,21.353802,21.358150,98.191223,26.872286,37.567188
17.936043,12.046980,5.155550,25.302992,8.279337,12.348720
6.715488,4.981103,3.991648,21.098684,6.774875,8.548759
5.717332,4.193320,1.686104,13.508249,4.680497,8.335341
37.432404,22.894632,45.499855,183.887085,48.002804,89.784813
4.821300,3.525025,4.068783,15.787335,3.632699,2.649042
13.702203,9.316395,4.910168,27.677677,6.575543,4.854454
11.780803,7.852266,3.357056,16.674734,3.966310,13.461800
13.011980,8.586524,5.858364,24.790260,5.932999,11.472573
13.323833,9.304850,4.518336,26.125977,4.827545,10.020802
15.127625,10.688847,5.661660,28.364498,8.292521,11.009693
67.849518,40.164284,49.035271,213.423843,53.709953,152.849442
63.993580,41.629150,20.292665,88.442146,23.057116,47.404804
19.448952,13.089908,12.968734,55.486328,15.600994,17.979235
16.722342,10.930598,10.031977,21.686899,5.482193,15.701335
29.046118,18.580256,23.992867,69.145058,19.805988,43.695644
23.359745,15.571283,8.839798,34.416473,9.762428,37.345692
22.874495,15.427760,13.838454,77.309395,16.738529,34.040932
55.179470,32.689377,55.485302,254.958160,67.134346,127.794189
19.693573,13.303488,6.689467,47.852928,11.655072,20.675560
4.169753,3.186895,3.459117,18.410704,6.116547,13.277465
51.527210,30.043077,33.847069,145.842346,35.620586,100.664001
9.105876,6.207198,3.238224,18.408455,4.902455,11.406845
15.041670,10.437692,6.419345,29.145939,6.937217,16.034941
11.841080,8.071815,6.293050,34.953178,9.896188,24.528734
13.659338,9.660645,8.226240,30.218315,8.713487,12.700355
29.773319,18.581957,24.004652,110.324081,29.653967,75.274826
26.801481,17.765713,14.375233,67.233047,19.636034,58.931152
41.596272,26.303774,43.301739,124.234688,29.869753,47.336521
9.515121,6.957412,6.888175,24.423714,5.730167,24.811443
11.142714,7.874158,3.937647,29.208437,7.007138,8.652503
14.711241,10.237222,3.529871,28.958208,7.725273,32.189419
25.043867,16.926363,7.656936,21.793531,5.838107,17.065037
30.129663,19.631641,23.743502,57.435307,16.150015,27.915600
63.063129,38.084194,34.762123,125.747368,31.221231,84.253769
22.857723,15.358548,5.564115,38.041355,9.667817,23.746178
50.677071,29.764160,87.601402,258.656616,63.961750,192.668549
58.149883,34.784016,22.899336,121.861458,29.015076,38.260723
37.213428,23.955112,38.452667,157.559875,43.476234,97.026360
15.779650,10.853563,8.437036,35.430187,9.002126,9.751900
81.347130,48.526814,25.980642,98.309288,21.233370,55.404282
14.028529,9.517226,9.054279,57.168961,16.076694,24.974545
48.466568,29.917221,26.871346,98.442162,25.203342,80.144524
10.713938,7.161988,4.001381,24.176821,5.108416,11.623257
61.925404,38.504093,50.728382,219.781082,55.707058,158.968536
13.302666,8.959036,18.073591,84.262520,23.974707,49.224407
12.476700,8.637197,7.516115,40.440739,10.678543,29.778418
16.784107,11.206297,11.611787,48.737671,13.557426,25.110315
8.697572,6.035945,4.380852,12.367453,3.312965,11.091953
38.181332,23.529213,20.217873,129.402023,30.421257,67.196793
10.166478,7.280397,3.754348,19.534199,6.041186,6.951928
83.495430,47.933968,31.750093,136.561096,31.909197,56.403286
17.663309,11.728232,5.168334,29.430433,4.755420,17.678347
27.788383,18.596294,11.375248,54.730419,14.685144,23.839514
33.521729,22.531807,11.864059,66.102104,13.445312,15.553932
12.580803,8.604435,11.498469,62.911808,14.964383,41.235600
5.848372,4.107461,2.732660,17.604502,3.184740,12.727364
34.892181,22.626476,13.636121,53.879131,13.206130,38.774120
26.485483,17.900299,9.672423,28.329556,7.455669,20.821518
36.655788,23.208006,15.029130,69.087669,16.727831,48.465443
25.506897,16.910181,14.580063,31.737965,7.091122,22.674746
5.460655,3.857635,2.773760,10.292372,2.818810,7.422212
14.073910,9.078778,16.947628,43.718361,9.310440,23.774246
18.764730,12.617612,6.079967,17.592318,3.820589,6.759041
9.013212,6.164957,3.204361,15.864929,4.009953,4.057593
12.246865,8.085162,53.482548,211.036789,51.891407,130.185013
6.249918,4.633022,2.402511,21.556952,5.493009,7.511144
9.975897,7.081424,4.767036,30.134075,7.895649,7.488499
11.432566,7.591052,3.410778,13.735240,4.277263,11.167076
9.294025,6.356605,8.408974,46.684753,13.776456,45.869415
11.261899,7.956105,5.969164,25.934660,6.546376,13.710241
11.400550,7.656381,5.254409,25.832855,6.333732,20.746557
25.592480,16.668423,13.377929,88.642372,22.890984,52.269264
26.961157,17.518572,8.287477,37.351696,8.628906,31.991880
18.879848,12.506987,5.526425,3.539457,1.424484,13.790977
17.613020,11.555742,6.576671,19.295734,5.564043,12.485103
28.729374,18.290321,10.703988,33.708416,10.939314,25.716238
20.320145,12.839735,15.183000,79.232178,19.024862,32.240486
49.222694,30.737207,42.392693,145.595718,36.731232,137.994980
7.024065,4.634713,3.931807,21.105850,6.325865,25.769321
14.106020,9.404911,4.264374,15.169696,4.836308,10.174625
24.841644,16.454054,6.769550,39.191654,10.753335,17.207607
17.826838,11.541623,5.430487,23.577459,4.854568,10.903815
20.661221,13.483193,9.813056,57.220181,14.169395,20.298315
18.967836,12.985561,8.878702,44.671894,13.384072,17.525761
22.540514,14.495831,6.968939,23.395184,5.859335,26.785854
18.544102,11.936382,7.522753,27.170736,6.680274,13.129758
45.809071,23.883907,31.380888,151.858109,41.558590,87.028778
9.014100,6.478786,4.727332,25.308069,6.380168,7.869053
14.282603,9.782990,17.114336,72.026711,18.539658,54.057850
22.990799,15.647501,7.667902,12.109200,2.008105,6.015555
32.896465,21.267157,10.944740,72.231682,19.065660,31.784773
10.816751,7.419096,4.216600,24.720543,5.172151,7.912546
10.403670,6.882082,4.187298,15.542615,3.757415,8.334840
44.985844,25.972132,34.230244,123.802208,30.901854,54.913956
11.021558,7.708457,4.132919,10.729595,2.099148,4.966856
19.062733,12.543881,6.158512,50.540668,13.399087,33.594273
24.649286,15.871335,12.501198,87.998917,23.458704,39.519154
19.715227,13.260632,8.809658,35.739964,10.417383,10.495234
169.670227,55.671642,134.399246,491.873230,125.568550,264.708344
177.353500,55.752792,138.106567,542.827515,124.520988,238.600403
50.681999,30.465591,46.049530,236.317581,60.188896,96.733734
32.716530,22.291607,11.681870,42.258575,13.103275,22.506002
17.360567,10.969706,9.601502,72.002388,19.110231,21.977333
12.149426,8.610337,3.805490,19.413897,4.966096,7.209042
9.860022,6.644098,3.276466,30.055527,7.395055,13.753313
7.522947,5.168240,4.085830,16.216406,4.236839,7.024203
13.935164,9.259739,13.486854,77.515053,18.710653,49.753857
13.758040,9.629543,3.644629,16.373442,4.266162,15.850622
82.646179,44.768059,30.779499,101.576752,25.595547,71.166786
7.675820,5.024400,3.753688,25.429869,5.922861,13.235981
10.026254,6.919799,4.078645,25.469896,6.618451,14.380102
6.371042,4.358890,2.216276,7.230764,2.629433,6.968683
6.642461,4.794455,3.421646,14.796127,3.548427,10.449856
10.713666,7.174056,7.769884,26.533360,7.356938,9.434461
17.755386,12.163284,5.321457,23.989124,8.026272,19.287331
7.568647,5.414635,3.474821,18.817869,4.904103,8.411327
33.858360,20.764339,77.586861,271.124054,71.778854,118.071968
29.852514,19.581558,9.650496,35.839630,10.357898,14.657718
13.911743,9.458258,3.383688,22.640572,4.156058,11.604431
18.559711,12.530214,6.301404,25.858271,8.741436,17.725979
15.273930,10.300983,12.397154,82.597572,20.138765,51.984928
7.365644,4.893757,3.096676,6.226447,1.462210,5.984539
4.761313,3.235451,8.169392,31.928410,8.434330,28.894922
26.450214,16.471722,14.510951,91.643211,24.452475,43.492157
19.860266,12.973489,8.106644,73.356400,20.293840,28.052143
27.884926,18.000515,22.401470,129.988892,33.631454,59.625748
11.786774,8.053311,4.834302,18.572344,2.512091,12.930242
12.964238,8.880357,4.463966,17.939857,4.132859,5.520957
23.062035,15.345059,8.064491,32.682674,8.730067,12.201550
7.559472,5.085971,4.702829,18.712685,6.420976,10.696245
38.586113,25.047880,10.205490,48.598206,13.681309,39.843658
15.036937,10.278736,5.531281,25.048658,7.698355,13.872158
29.815517,19.593023,13.720353,41.507843,11.992432,32.247196
25.283052,16.728981,8.304796,32.424992,8.277411,13.573943
11.680385,8.234040,3.435648,14.179182,4.606970,9.115700
21.970522,14.506754,7.769335,29.100782,9.173888,29.096598
24.798498,16.357733,11.075384,32.240761,9.355721,26.923811
17.259010,11.291280,8.242123,43.114632,11.348438,29.531504
36.618458,23.781364,15.132866,53.979671,12.954255,25.692114
64.855118,39.443733,54.348591,179.975571,45.849594,96.898796
10.678420,7.242108,3.617062,17.547840,4.507974,6.607261
12.539884,8.422680,5.710410,29.464664,7.940529,7.540827
71.558189,35.948883,52.643726,185.239792,48.308338,130.914322
14.558814,9.506265,4.064838,24.792913,5.550475,12.929483
45.355721,29.044058,22.856750,107.361801,26.866011,59.768200
14.448117,8.103174,8.739717,31.670050,9.645224,26.461830
26.483805,15.391795,18.534641,86.679504,19.921515,42.208225
18.816208,12.554154,6.246748,16.274078,2.925159,9.106012
19.929335,12.950134,8.903962,40.678730,11.320520,9.389590
23.484369,15.440467,6.136715,29.527948,6.970050,7.931510
8.267919,5.870765,4.678430,11.980789,4.605838,5.989419
12.062704,7.904101,9.207540,37.481785,10.445932,9.986651
34.086510,21.809155,23.478704,96.042603,29.785776,107.416107
8.534620,5.854722,4.280598,24.746466,5.560410,24.773792
11.201339,7.617754,3.621063,26.338747,6.540021,13.820525
7.839559,5.541014,4.667823,24.628384,4.890236,6.676712
17.429474,11.446901,5.158141,26.752922,6.846568,16.523232
11.812219,8.354876,5.304929,24.927177,6.272877,14.100856
13.416231,8.974650,8.221599,60.737484,15.840472,30.572657
11.922304,7.880908,8.815247,33.693996,9.275703,26.542614
23.341360,14.842649,19.090553,84.092949,18.988008,54.177326
18.911640,12.330513,20.112232,59.679428,14.557195,19.550003
12.058172,8.327589,3.823027,18.301853,4.646654,4.575988
36.356495,24.013557,12.936602,68.819206,18.727945,28.811728
9.100709,6.181119,9.958628,62.224049,19.909729,63.740334
5.963642,4.021937,4.233234,10.603767,3.635422,14.142973
24.508480,16.425379,7.900768,55.511131,13.836488,16.168858
17.913666,11.875497,7.825228,48.871574,13.639313,29.381771
16.894766,11.309806,8.496819,41.613640,10.061512,18.007011
47.734123,27.624901,83.025345,350.977722,84.912140,195.719894
21.234734,14.525416,3.678097,33.278629,6.662933,14.784410
13.692272,9.420688,8.621840,28.676390,8.138332,14.540182
11.049191,7.388520,4.040247,17.755276,3.449599,18.771626
6.889014,4.920093,5.195599,28.141987,9.016893,7.507496
7.389017,5.254531,2.575469,22.035501,4.538585,8.602371
6.399109,4.541009,3.047263,15.649696,3.020018,10.278494
9.935264,6.672583,3.458159,14.008984,4.120275,12.210106
17.547195,11.985453,6.411745,25.265369,7.872594,9.322020
13.722373,9.094990,7.881150,45.011169,12.061953,42.801880
9.429250,6.691656,3.105252,16.570379,4.785282,10.777601
14.941838,10.069585,4.244621,38.254856,9.296021,14.898538
12.569822,8.361434,6.012208,20.032393,6.108464,7.285033
23.711571,15.472683,13.304509,61.714291,14.284964,28.305170
10.134768,6.697639,3.267661,10.812121,3.357803,7.981237
35.953560,22.477190,22.156193,74.879486,18.475880,24.897125
26.611662,17.189432,13.516550,46.778126,11.886135,28.575592
7.745621,5.212263,3.798719,16.560974,4.120572,7.915619
51.213890,21.450527,15.859989,66.197960,15.805833,49.750954
50.092289,21.466803,16.021770,68.813866,15.460178,47.584549
36.046581,22.238081,39.301975,91.355942,27.436884,48.464821
20.392956,13.634142,5.634843,28.004726,6.985692,24.001978
5.637114,3.584231,1.964056,18.351233,2.721095,10.622934
17.469191,12.007927,7.248333,5.269495,0.915455,12.363755
6.330079,4.908135,3.381190,13.059305,4.895578,11.219724
9.536057,6.450203,3.626183,15.695767,3.296222,5.687872
9.764651,6.668631,9.141683,37.544689,8.199389,23.274418
17.964428,12.317311,6.544092,34.185829,9.545188,16.313108
12.988190,8.586738,11.427812,31.995733,8.624942,9.801395
36.871731,23.758196,12.245834,53.994011,15.126431,17.913710
11.987345,8.222043,4.091619,12.034056,4.102916,6.427029
16.807253,10.902940,5.584093,24.354376,5.075935,12.566449
45.805752,29.867794,23.344175,103.337921,28.862024,57.531258
14.123601,8.858978,13.043185,68.890900,19.246265,75.200836
25.816877,16.844374,12.714858,65.171608,16.723400,37.110718
20.284935,8.668571,11.782772,80.463715,22.517340,35.823009
18.058884,8.150604,11.921964,90.831688,22.053648,30.410885
21.363522,14.077853,9.127551,35.437504,9.644544,34.986710
4.712554,3.373917,1.811123,7.484542,4.078041,4.935884
31.783804,20.661133,17.281723,109.437149,29.922583,52.153481
41.187412,26.651678,30.632572,124.324135,33.852657,78.569427
22.665022,14.958394,9.556009,40.338310,11.608338,43.961872
23.456572,15.233085,6.772388,42.838573,9.878222,6.438677
21.219910,14.158440,6.587477,31.904921,8.627827,16.344944
26.714828,16.067225,36.536430,169.561584,43.320889,126.625465
6.448043,4.314499,3.195960,21.532959,5.049395,5.422728
23.004953,15.201985,8.478336,60.802620,15.729607,49.621437
13.570564,8.991828,5.199980,23.205151,6.219531,11.669135
59.332855,32.361271,34.384846,154.515930,39.918678,98.634430
26.501333,17.296204,10.541889,49.276165,11.665837,19.482843
21.100655,13.977717,8.309138,62.900654,15.577096,31.409920
35.560131,22.163694,21.792974,120.187874,30.973902,57.293365
17.924221,12.051036,5.744141,36.368649,8.750259,9.230835
17.321703,12.009273,6.285486,27.575562,7.184368,9.690734
60.836727,36.332603,19.896929,80.406723,22.011793,78.079788
54.539684,32.405952,22.044985,85.097870,23.981503,62.829487
14.467916,9.564619,8.264823,29.300886,8.115321,15.965002
48.479797,28.291538,48.800068,194.254333,50.787590,119.029289
30.100872,20.415180,14.758739,49.341740,11.753932,30.919094
7.373927,5.213587,3.532268,13.911143,2.685601,7.905470
7.993979,5.586213,3.535712,31.771038,8.388996,11.190450
20.187775,12.796745,7.837875,33.280300,9.030132,22.503511
11.902365,8.130652,9.462950,55.726776,17.479906,25.261705
40.711506,26.689693,28.390373,78.698555,23.247282,65.504883
27.212723,17.615101,7.415020,41.369995,10.718509,13.022312
23.302952,13.691314,5.974263,35.713001,9.441359,28.248514
29.493053,18.818596,9.664264,39.857803,9.665289,37.081135
50.461811,31.762228,20.982489,59.311268,14.296285,62.703796
27.351377,16.718206,32.544434,156.264679,38.867867,62.470676
13.745416,9.235388,4.418025,30.578924,7.892429,19.921768
8.321171,5.805391,3.304272,14.254112,4.017771,4.968725
22.103672,14.316724,37.813129,136.780243,34.684063,56.633266
49.523491,29.926086,22.468678,88.692596,20.868799,54.337238
11.785336,8.093917,4.333000,27.081402,5.343003,4.764467
39.004475,24.820646,38.431877,117.248314,29.811714,89.580757
29.270859,19.635120,12.262192,101.227531,26.353849,48.780735
17.563025,11.455572,4.971002,26.883293,6.081868,10.744688
10.642962,7.222518,8.096502,21.635218,5.426359,14.554183
16.375711,11.014216,4.735990,37.145470,8.720902,24.763073
25.431776,16.576059,7.700948,25.398739,5.679113,11.637778
8.347313,5.483981,3.084041,16.205046,5.341681,11.295775
88.585129,44.890182,24.701632,82.735710,21.998806,65.519844
14.645425,9.750175,26.700434,82.205704,22.453693,35.187958
12.505643,8.568038,9.360430,39.675728,8.867256,20.139971
30.471258,19.699888,14.779251,46.555882,12.581917,17.947258
20.168913,13.457169,6.816741,36.865196,9.452300,11.128130
10.526369,7.015738,4.249136,15.596858,4.755550,6.061132
8.304227,5.593740,3.259745,14.670873,3.119415,6.098624
27.424126,17.307697,23.076845,58.476887,15.650531,30.155140
10.704329,7.078620,7.233308,65.845337,16.243048,12.485493
19.610416,13.086065,5.085990,33.047279,10.280027,19.454395
46.733379,28.074781,20.013456,106.228203,26.797031,70.137772
11.160833,7.237556,6.990656,30.683208,7.383436,17.384491
48.108925,30.839828,19.567238,59.856228,14.761159,40.121861
21.121603,13.450261,29.177509,129.179596,36.834339,63.766323
9.061265,6.156926,1.896116,20.084457,2.619568,8.568954
53.228142,29.908220,34.625404,234.297974,62.041260,90.196297
38.505791,24.455618,10.794391,43.243038,9.196467,24.393524
5.919588,4.214250,3.106336,13.556911,2.602932,2.892017
15.499489,9.962070,6.125582,21.804611,4.560184,7.632359
21.785446,13.803408,13.600529,93.708237,22.114042,42.803886
68.909164,40.942272,33.527939,174.277954,43.636547,94.539253
7.010582,4.590199,1.651536,20.522226,3.888100,9.192475
20.122147,13.624367,12.448368,40.148045,12.491482,28.811312
11.050284,7.373365,3.730753,5.555282,0.724383,6.372561
20.358494,13.126935,12.902885,45.033375,11.347356,27.446302
11.035643,7.554249,3.600336,19.367687,6.186947,9.017101
21.693552,14.386391,12.098465,36.459995,12.201346,38.155334
37.330578,24.175491,9.528002,53.515232,13.696847,26.850101
30.281538,19.755466,12.353204,54.067631,13.075753,30.697334
21.700439,14.457481,8.594090,41.974964,9.226599,24.572731
23.725227,15.638580,11.923725,71.381996,18.076061,44.081451
6.104772,4.457625,4.056859,19.777983,5.347405,7.328739
15.367829,10.102279,9.112516,49.138794,12.624686,16.150160
27.078115,18.245628,18.305542,121.063087,36.464012,75.881195
47.423805,28.741951,77.562088,319.693848,76.445335,181.326965
48.602955,29.828276,29.528685,91.369133,25.767485,59.556362
40.706078,25.560055,61.065594,218.833649,57.361328,160.789886
28.778481,19.107187,7.389288,40.623020,10.213987,23.080267
21.938206,14.179731,32.531174,125.322594,33.269135,70.990952
28.495443,18.594624,14.046277,64.729042,15.250899,20.846148
49.099957,31.407278,29.494909,111.993835,26.769955,73.752998
22.616375,15.321952,9.344784,46.758537,13.978311,27.659670
66.576805,39.193520,60.272556,289.658539,73.765038,165.987183
76.389488,37.682648,55.064438,198.377747,51.361477,136.035065
34.243614,22.421717,12.529906,39.810436,10.419324,32.437080
18.575945,12.277583,6.399435,39.990013,9.429369,15.144487
94.548424,48.863792,74.672081,231.140106,57.041950,110.094948
28.732182,17.999657,8.853020,37.978859,8.753796,21.585659
31.353611,15.525284,9.066081,56.926178,14.018225,27.450214
32.930691,20.999723,11.050303,58.699467,13.947906,10.235974
79.795784,42.563126,145.411972,530.229187,139.115967,407.712097
16.348265,10.936682,8.520022,32.071323,8.243337,23.915173
35.123390,21.203440,49.330475,207.894333,56.475506,186.688812
19.094606,12.484622,13.567303,40.856915,8.087445,33.405540
20.950472,14.227791,6.667556,25.625105,6.204062,26.592510
13.623172,9.354407,5.988525,17.508354,5.381903,10.951768
20.927702,14.100406,4.665550,33.836742,8.211259,15.256303
40.985168,25.935623,32.250877,128.409134,30.306715,60.762772
22.154659,14.733928,8.072527,67.094566,19.522093,36.658695
10.656748,6.981522,2.537762,14.303108,3.323472,6.661492
30.343136,18.381191,29.324333,120.362762,33.118450,88.029884
56.387703,33.715553,17.615980,70.314865,17.546280,35.110214
22.121475,14.343619,8.700091,35.082386,9.477535,15.473818
11.560852,8.157989,4.133645,19.832909,5.871264,21.198727
59.622135,36.468876,42.749546,179.080505,42.871124,79.683235
28.906515,19.275360,13.668742,41.824818,11.734815,49.218449
20.736637,14.253478,8.943394,58.412502,13.636557,21.894480
10.114111,7.103275,3.744651,18.418642,3.697826,11.569701
13.420326,9.264051,5.380573,14.772799,4.852511,9.398414
51.013710,27.882404,24.898638,121.372169,28.760780,48.058029
21.079031,13.848217,10.342827,35.272057,9.245256,13.122063
15.130128,10.124778,9.456630,60.649010,15.705642,34.270603
16.470348,11.222728,6.228316,19.956120,3.186992,8.071278
28.521515,18.250919,14.171039,36.718925,11.711622,34.802261
7.503154,5.485644,3.017218,17.918337,3.964058,9.970634
64.205009,38.381054,51.015522,273.878082,75.967773,193.786514
9.610407,6.812131,6.075958,28.521927,6.675953,15.815426
25.568707,16.949045,7.562247,59.829117,13.685202,12.868529
29.669552,19.034061,11.295803,36.338882,7.355167,17.052576
28.372782,18.749605,7.035924,27.336926,7.384228,23.348873
6.407808,4.476490,6.680706,17.553608,4.757774,9.703054
10.479606,7.260765,5.901281,27.582308,6.379816,26.291925
11.840157,8.245925,1.894760,13.579598,4.760294,6.436583
21.627554,12.931067,12.439505,41.966995,11.565734,12.002512
23.301720,12.850605,13.846493,50.449783,12.564937,12.573838
15.749752,10.519537,7.389462,37.648502,10.090241,28.169386
15.050053,9.866812,6.620791,32.189331,8.596474,19.029993
11.530609,7.817153,4.252112,16.544081,3.085156,8.734076
31.574671,19.198626,44.052025,194.677612,45.455090,129.025192
27.003662,17.472012,20.317112,97.433868,25.857056,36.645081
16.647785,11.145056,6.559350,29.489428,9.307499,14.684888
25.609419,16.425358,13.027324,47.911995,12.745674,26.637699
12.648932,8.300600,3.816362,19.092941,4.140900,19.005873
11.447426,7.825769,4.366387,19.809412,3.006822,4.474158
33.808800,20.422844,21.674633,98.333504,24.977934,59.987606
14.288145,9.470739,7.446737,22.780483,6.021621,19.889933
60.954849,37.380150,76.963943,248.418991,60.150940,124.700539
32.449429,20.172199,19.448919,95.357498,25.018824,67.915840
33.621265,21.014809,11.786442,54.781380,15.354833,29.163904
17.923067,11.903256,8.567523,42.073311,9.006719,29.037691
23.786894,15.893618,14.782791,49.839191,12.951944,56.568874
9.052942,6.387287,4.173105,10.703704,3.753036,9.638196
13.534576,9.165393,5.010375,16.657545,3.415517,10.990732
19.188341,12.867902,11.978497,58.957638,14.867113,25.740498
9.788258,6.434489,5.553061,13.438500,2.862257,5.593370
52.386803,31.077326,30.012581,132.822601,38.443508,74.543594
23.515144,15.701169,11.201646,25.755337,7.888832,5.939062
17.127953,10.973384,6.535790,34.714108,9.049161,17.564415
8.836540,5.703437,4.460259,10.955181,2.725012,3.370420
10.669271,7.190637,8.976225,29.883675,8.969432,19.639936
27.327143,18.002569,15.440187,74.121513,18.689018,35.663212
29.228403,19.314857,8.225581,59.195423,14.410813,39.614723
8.548565,5.618382,2.461097,10.215764,3.802677,2.783808
5.822862,3.866455,4.225192,62.234482,17.090342,23.301323
12.950360,8.631535,10.465017,35.338211,8.253352,9.401266
11.965161,7.962426,9.127263,55.671467,14.795775,31.658325
44.038021,27.335211,13.751952,65.953140,16.442179,47.710033
7.798028,5.158545,1.861207,11.446205,4.324573,5.394266
9.466387,6.600231,6.466256,29.583710,7.453774,29.394932
3.989244,2.953059,3.717050,11.467102,2.033624,5.960333
21.317488,14.129453,10.106240,44.991451,13.499638,29.225842
39.996952,25.381083,30.800800,154.714844,41.501549,97.987900
14.175934,9.286455,5.208849,16.097502,4.034039,13.832346
7.175242,4.794083,4.221088,32.242680,6.675962,14.982496
15.505263,10.348835,5.906512,22.296707,5.129463,10.031479
67.639778,34.747555,49.907749,287.368439,71.974297,168.318390
44.592327,26.643213,41.217529,194.604767,53.009830,144.683868
12.895339,8.704017,4.413824,27.486654,8.053565,21.834743
19.622732,13.183315,5.087399,26.834419,6.177985,10.037123
11.238712,7.505818,4.899182,18.438250,5.654416,19.155756
8.008153,5.477197,3.823627,35.873226,9.307648,13.336295
13.149982,8.773332,13.561503,61.524292,16.504612,54.229450
8.930871,6.597001,3.456959,0.555981,0.232483,3.988742
5.350636,3.828657,1.755231,10.272840,2.275093,2.439119
11.831358,7.880633,4.018204,10.238844,3.382082,5.483860
38.548691,23.647202,24.284336,100.424950,26.530184,43.021484
35.823906,22.351221,12.671160,57.918972,13.453667,54.743195
29.429611,19.146353,9.947090,37.395756,8.295097,20.565966
14.577053,10.032104,4.795209,22.130543,4.813906,19.998745
27.918930,18.378616,9.798787,56.798519,12.302711,44.489754
26.682945,17.453835,18.269312,56.116081,17.701933,41.113895
5.624471,4.454186,2.122332,12.462939,4.699262,8.724487
11.736835,8.233627,3.834609,15.903957,3.291750,5.658497
15.235123,10.369206,4.560183,17.210442,5.636764,12.871943
44.428509,28.035023,37.587830,141.345047,35.459343,67.949913
20.183981,11.518652,10.930696,71.086906,14.492626,35.483341
17.129381,11.656535,12.776869,45.898018,9.698520,12.171526
61.324295,32.938332,69.961258,264.903717,70.261887,139.077301
4.636172,3.500109,1.573257,12.250738,4.226939,9.449666
8.923695,6.468056,5.720022,29.113642,9.165585,18.075735
16.959360,11.334894,7.999857,29.540417,9.581344,26.600441
19.996422,13.296741,8.576221,30.218956,7.074874,19.645796
9.725204,6.142821,3.860042,15.270471,4.059370,7.197411
20.062685,12.662876,12.618915,68.747910,19.365805,43.304592
22.642496,15.021127,19.546545,54.115215,13.045330,43.267223
12.771143,8.787601,4.338165,16.115202,4.736570,11.413618
16.239790,11.074338,7.303123,23.362345,5.168816,8.412577
9.896414,6.495617,2.673806,14.489499,3.255653,10.014776
23.605293,15.546989,5.345954,41.827492,8.008079,10.984168
7.712307,4.957704,3.084060,24.037750,5.580350,19.532778
6.709661,4.775550,3.712423,33.412876,9.737424,25.025734
65.045113,36.967342,16.062037,84.713707,21.455040,46.810307
28.926317,19.308445,8.654257,36.614971,8.894238,16.718552
22.122641,13.913902,13.430250,53.128059,13.791101,54.499973
6.500644,4.432704,2.808513,26.433895,5.911080,7.499187
17.264418,11.413729,7.925631,45.969543,10.800461,26.640402
19.356846,12.857541,7.788917,38.792866,10.560401,14.506682
6.532028,4.497050,5.314509,56.494801,13.927820,38.143459
40.530228,24.618715,18.266251,71.281624,16.047523,66.611771
12.980467,8.660615,4.787050,15.757862,3.349623,8.518100
22.601311,14.600028,10.682010,71.991508,20.099640,38.810307
15.957963,11.247591,8.045261,35.380985,9.126380,17.994928
21.301331,14.420354,24.475779,127.777725,33.597698,104.370316
5.868947,3.730170,4.223173,33.656952,7.654251,16.266766
37.941254,24.034660,15.402627,66.317650,14.828577,30.241045
22.264750,14.412972,16.069016,74.747635,19.780130,34.728645
35.571991,23.610062,16.694246,73.837158,18.677959,33.758427
25.539181,16.827528,10.411297,39.616253,9.562966,23.396235
14.106977,9.476397,5.292669,24.292738,6.855501,17.891079
9.416607,6.747485,5.380828,24.127361,7.060259,12.987302
10.953402,7.657893,3.820259,17.333921,4.471747,8.679119
20.435213,13.968399,5.833641,42.678127,10.262231,16.217165
22.853575,15.164843,4.895916,24.155439,7.327332,16.977728
18.695299,12.374633,6.467134,23.802980,6.715024,12.054677
17.904055,11.779139,4.733319,19.771637,4.283714,10.936340
17.085239,11.502460,7.385818,17.776768,4.452915,7.526994
22.018003,14.983640,8.813338,43.901333,12.710326,18.812565
9.890325,6.720195,3.775188,6.691166,3.045303,6.055720
9.424708,6.268188,3.113839,21.465523,5.124899,8.850594
8.309117,5.701102,3.504745,15.703262,4.186561,3.566512
17.462742,11.238909,5.078440,18.781960,5.292429,26.081461
41.848610,26.563839,12.593941,52.717972,13.753572,24.434723
9.079139,6.048091,2.569980,13.312296,4.497990,8.700337
7.955679,5.670433,3.174872,17.202475,3.595127,7.795531
19.180233,12.660492,10.755645,47.277134,12.073257,27.309092
8.000023,5.607800,3.517310,11.940642,4.086660,4.400559
11.227050,7.199146,3.823780,19.118912,3.625305,9.391833
49.675247,31.214539,14.776091,81.422493,21.105513,51.703396
37.562119,23.635958,43.618572,117.214417,30.135166,90.871521
15.500727,10.513058,10.456586,40.412457,10.711262,24.719482
34.159683,20.596066,29.381910,197.494141,51.291737,159.577927
15.846334,10.706934,5.083773,31.552151,8.922281,12.854674
23.910715,15.432235,19.064119,60.154297,13.916838,20.467566
76.506721,32.264042,49.795040,189.189377,48.647022,143.757645
21.127249,14.202001,9.557285,34.170815,7.708580,16.499601
17.498549,11.919960,4.867109,22.204884,5.010835,9.345909
7.423869,5.111134,3.191063,19.609732,3.879870,13.875529
4.934007,3.381069,3.262214,16.741980,3.935307,5.843637
40.383850,24.244118,22.413986,14.788713,4.341519,31.940233
10.686871,7.536999,4.742896,66.761948,16.992388,32.537712
46.737114,29.517624,15.667546,54.755592,13.686049,26.704367
9.076935,6.333496,2.708499,9.614687,4.189087,8.413517
8.006555,5.273844,4.269929,15.799264,5.025997,6.823915
26.677622,17.227770,20.675949,145.431778,38.392715,46.283535
22.256887,14.980889,6.457983,33.911503,7.710445,12.281671
12.892654,8.400891,2.972877,20.263620,5.917625,8.878235
9.543254,6.407810,9.641698,75.335709,21.005754,33.594368
8.390661,5.512509,2.358819,24.631596,5.813199,15.579316
28.634592,18.279812,8.412748,48.431530,12.595002,26.301254
5.846232,3.917365,3.388656,10.527106,4.029089,11.927374
8.204454,5.696084,3.854724,5.180990,3.388216,5.559965
5.547297,4.161701,4.068467,25.671625,7.755435,8.403993
27.407068,17.006935,16.728472,75.047943,19.124146,33.381290
22.107113,14.177267,19.062790,69.193222,16.386223,37.273808
16.036398,10.937191,11.672132,64.568726,19.046204,31.012732
30.358910,16.540926,14.530118,79.308990,24.669785,71.348877
34.023064,16.800354,16.588665,101.245537,26.357613,77.072449
11.933900,8.045124,5.152157,12.266003,5.248425,7.040998
16.401773,10.864882,5.202455,26.607176,5.896175,8.682006
4.589981,3.166247,3.000238,6.291602,3.378161,4.150009
38.118031,24.374792,13.617423,44.084614,12.759959,16.728926
45.798870,27.233782,15.329105,81.729988,20.170666,24.377514
24.712379,16.112640,20.436775,84.040695,20.713482,63.987045
30.720430,20.220575,9.510515,27.429319,5.938012,30.612600
16.284264,11.056426,6.397118,24.467085,7.177286,10.542043
82.754204,37.338970,60.148155,268.936188,67.957321,136.047348
13.093994,8.893597,5.020768,18.338087,4.895954,8.587191
20.075769,13.086264,4.389681,32.586189,7.569570,20.025810
25.495401,16.588200,13.181546,51.379379,11.246603,24.910625
25.960283,17.185362,9.916245,43.511581,13.541838,19.620148
24.921644,16.831593,10.943705,58.739296,14.744437,26.382271
10.516639,7.404377,4.218096,14.726352,4.309622,8.860474
22.580502,14.966961,12.780880,87.612473,21.344654,65.621620
13.313156,8.503285,4.966107,18.339096,6.923949,15.551836
46.166523,28.773104,26.529760,91.800293,22.618975,47.921558
44.108097,26.807825,21.067278,98.546539,25.076054,80.581497
5.128167,3.713371,1.488265,20.085978,5.360183,5.235519
28.143190,15.502807,60.938301,231.969482,58.282066,141.743896
36.867809,22.070381,27.150108,150.348099,36.450089,83.433189
15.897693,10.746920,3.342992,29.059080,7.909532,17.018690
23.452070,15.177866,8.848757,39.925812,12.782486,12.851192
8.720164,6.149952,4.905722,45.059422,12.928181,22.145533
26.610624,17.428478,16.378382,77.084274,16.369293,35.623028
12.497150,7.778941,28.905991,76.140053,21.757881,44.187683
42.338314,25.427862,33.418911,196.445343,50.796276,69.750313
17.639570,11.935717,5.723886,25.265368,6.957625,18.314941
33.265797,21.960924,16.630663,46.480774,10.407536,37.699619
9.107396,5.998474,2.829173,3.393302,0.744239,8.505785
24.607246,16.147131,7.743193,36.552460,8.007067,32.259457
15.837688,10.800269,13.617996,42.172520,10.619892,27.400852
11.014035,7.146667,4.329678,10.295593,2.689149,12.286104
7.146328,5.050706,1.491549,9.175298,2.306598,6.432897
23.877956,15.481324,18.928406,79.815628,19.662436,39.623154
11.851071,8.274413,13.568334,46.552513,13.386580,18.010134
50.489594,29.764421,34.334980,134.329788,35.721500,126.188904
5.981543,4.004665,8.807732,27.613075,6.428484,12.519748
22.473864,14.963278,8.289691,6.973954,1.546382,4.361214
36.367958,23.043339,10.126108,45.128284,11.876431,45.521877
63.263542,36.309742,27.310289,92.736107,20.992369,49.667881
15.938766,10.808955,20.832863,84.327309,20.955978,46.815434
13.394331,8.834439,4.669696,22.856970,4.517140,11.699212
22.761293,15.006941,6.986242,21.414089,7.047533,14.321745
29.619902,19.136627,9.555042,35.758579,9.743620,10.036878
11.657313,8.015553,3.062031,27.825714,7.415534,17.946600
21.296013,13.498755,19.712570,77.675529,18.655811,46.171589
39.246521,23.952671,26.165379,155.634079,38.630318,65.353943
16.349827,11.391490,4.945822,37.556843,11.031533,21.157326
24.788473,16.477684,13.253780,47.519566,12.946164,30.369085
56.357285,34.172344,39.256458,171.540359,42.688396,137.863312
26.220629,17.338564,20.099754,59.443367,13.653150,36.642975
13.510983,9.101379,35.817383,161.491425,39.449368,104.185135
13.798276,8.917299,4.174576,19.290682,4.473166,12.107066
30.359249,19.511679,16.628328,70.390640,18.416782,40.087372
8.505219,6.223592,2.630472,15.449848,5.362047,6.411242
29.233665,19.490744,13.325399,46.246548,10.706191,28.163651
9.007734,6.216286,3.396223,24.529440,6.910556,10.520995
35.495914,23.394026,10.778503,60.911552,16.269144,85.291634
28.168680,17.983530,18.855940,47.428188,12.481185,59.580940
13.134307,9.126574,5.024120,19.960056,6.115022,9.840364
66.363846,37.419029,73.888725,368.276398,89.350182,213.624893
14.495441,9.812641,5.076756,25.253378,7.273829,11.370543
21.637255,13.736439,22.173801,70.002594,19.756493,67.716568
35.730190,22.513803,11.520302,47.597637,12.248085,26.190191
13.784099,9.093126,4.276463,13.701786,4.719294,15.667878
28.458456,17.815426,28.443174,139.666550,37.765202,67.074287
26.141003,16.946108,8.935581,41.160908,8.376997,7.520504
4.772691,3.374726,1.509557,18.266319,3.112315,9.934258
23.048874,15.335211,11.702134,42.639229,10.336246,24.814936
19.319422,12.774959,10.324693,69.398705,18.410110,47.353050
6.880622,4.696471,4.756997,23.821596,6.941295,9.513429
17.162493,12.022403,7.421961,42.963272,10.660442,9.231948
47.436378,28.092455,29.688803,125.559074,31.457863,58.668236
7.671368,5.561589,2.901206,18.069561,5.173249,6.270574
41.930260,27.136940,19.776806,83.566086,21.469090,52.185349
17.308844,9.472358,8.572044,27.123117,9.791723,21.705427
17.151274,10.361213,5.695791,35.712200,9.090027,16.409302
28.329794,18.336657,7.140500,33.380665,7.782538,30.903364
11.973830,7.991181,3.089145,13.868651,4.679293,6.426765
58.828049,32.127602,61.879704,241.421738,59.524632,140.392517
96.718430,50.583820,53.601803,202.468369,48.826065,120.311798
19.514669,12.529863,26.076694,117.891151,30.245749,83.565224
16.140497,11.083261,5.679944,23.315893,5.446088,10.836862
13.022213,8.745480,6.570442,44.509983,11.078515,19.979668
36.524845,23.640381,20.026661,147.402710,36.874577,43.554146
15.083036,10.550648,6.614667,40.110432,12.274470,13.527078
41.864819,25.809113,21.157297,87.680191,23.519320,45.845657
18.042355,12.178179,5.096658,21.345495,4.601191,16.666880
29.352041,19.254608,11.410503,66.211945,17.267008,32.903179
21.348793,14.195810,9.840738,44.362244,13.685528,23.162678
25.808418,16.843130,12.426963,48.006474,13.605345,22.200359
9.907714,6.610723,6.188882,55.693340,15.409865,29.895784
61.540802,36.876266,22.450363,85.019257,21.671997,55.210339
22.766720,14.931581,7.008881,31.121889,8.773479,38.220947
22.547268,15.374022,6.207257,36.381866,8.278154,17.376408
11.922653,7.994463,4.609753,16.583563,5.208456,3.317072
4.894126,3.548058,2.399439,26.502546,6.589714,8.156885
44.476807,26.606880,36.805855,151.930405,41.111839,112.068008
21.982878,14.551600,7.042540,35.806324,8.036671,22.374834
7.673915,5.102110,12.624473,22.686392,6.606716,17.944719
5.801846,3.892044,5.869056,30.112947,7.693685,10.163669
19.257412,10.142139,7.341869,21.244345,5.829674,20.042379
35.899700,22.925978,11.315687,48.813908,11.569318,16.391104
9.247719,6.559982,3.202401,12.633523,3.464171,2.996642
21.207560,14.436368,11.921973,37.578045,9.917141,19.787703
30.431309,20.703028,18.542555,54.403992,13.720822,44.268387
7.758576,5.684949,3.301080,44.146744,10.559487,21.274574
62.318558,38.491966,48.264423,290.622925,73.173401,123.453369
18.323362,12.465648,10.621474,58.776314,15.119266,46.145271
12.203438,8.173355,5.154186,18.353069,5.506438,16.766998
30.877050,20.090229,19.480143,91.638771,23.428442,62.591560
18.752161,12.497583,3.829651,24.549480,7.260195,16.045118
4.672847,3.087401,1.731997,11.761419,2.339575,4.458175
36.365147,23.354557,19.178240,67.178566,15.471763,33.548908
23.495853,15.761467,14.299662,53.462265,12.880387,16.089882
13.551895,9.234603,8.986711,33.390297,7.957121,12.914826
7.819051,5.294469,5.126986,23.433752,4.987731,11.072010
23.582720,15.342745,9.114972,28.973480,6.570889,26.637823
24.254112,15.998043,10.061994,32.181866,7.374057,13.440589
26.429728,17.102037,7.267384,32.837246,8.466202,15.970275
16.334393,10.949896,5.618478,25.479290,8.877709,28.147396
9.031776,6.307538,3.572822,39.744137,8.394396,25.731770
16.234552,10.802647,6.451444,27.547821,7.306213,10.053280
12.273364,8.367929,3.665379,17.325418,4.377947,14.884497
48.915955,29.560518,24.103373,158.138580,42.866611,53.995728
11.225465,7.580372,3.582251,28.935423,7.085655,9.243898
21.356020,14.503818,9.452670,35.390129,6.794805,21.658638
10.874246,7.442298,5.119216,28.752335,6.671504,11.515182
25.666039,16.089443,36.785172,159.411942,42.227909,88.092178
9.304016,6.577989,4.745705,27.642483,9.120965,22.297680
5.831866,3.785823,2.984428,12.968176,3.360167,10.791098
30.417215,20.309929,19.367470,78.853188,23.127234,53.940544
17.236301,11.385729,5.615908,16.516270,5.112179,7.469914
5.321139,3.615033,1.924890,15.239044,4.238458,3.967923
12.968871,9.368140,8.670312,29.593437,6.523839,16.507782
15.240188,10.496714,5.003443,22.778786,5.865462,12.792773
6.689203,4.396235,3.332079,14.068033,5.180611,3.649186
11.601725,7.965808,5.125301,13.405289,4.682007,4.282287
5.402001,3.588933,2.345136,7.606463,3.109944,4.827033
57.256542,35.237144,25.351450,86.710442,22.412106,98.070618
26.838099,18.027739,7.397691,34.134670,10.240711,18.817080
19.469103,12.656095,5.569139,40.715145,9.663317,16.255476
11.322797,7.527644,6.239372,33.463882,8.651808,27.028067
28.973576,19.267128,12.800863,72.137367,17.653946,39.039848
9.781685,6.402397,5.334181,21.767529,4.877411,7.686045
13.287001,8.714087,7.854768,46.336983,10.777067,41.167278
21.267004,13.785415,9.432087,24.281710,7.133302,14.967192
14.128335,9.440389,5.181345,45.633602,9.503620,22.727722
15.764170,10.473947,8.677237,49.354530,11.061300,29.071823
11.801103,8.027423,3.822735,13.877002,3.431176,3.520497
21.223688,14.286594,4.919036,24.846699,7.801827,16.551044
7.129402,5.269615,2.293540,16.572041,5.482467,9.467613
12.833401,8.852698,4.528159,11.776352,2.987313,7.203810
16.138786,11.348214,6.195074,24.097803,7.816026,10.644157
14.507264,10.202305,3.227622,33.507950,9.087529,20.459042
20.366753,13.096733,9.057835,48.267780,12.417861,42.690990
6.647273,4.826051,10.708145,41.523575,12.872089,37.489849
24.104696,15.787907,27.114103,86.194733,22.882914,62.134590
14.083469,9.171600,4.756202,38.492962,9.682749,19.104822
43.452461,26.841784,19.718372,77.513107,20.514975,46.733780
14.561089,9.519694,9.230498,43.260628,10.023191,36.897243
41.258923,26.709082,12.453497,43.487915,9.884274,23.313765
10.747882,7.344983,3.929431,12.150772,4.217072,4.701291
31.400270,19.304621,12.744873,60.125118,13.887517,46.788342
43.307873,26.758038,46.441296,166.411987,41.338596,148.368164
53.275452,29.981485,54.566326,183.421249,48.091064,132.524582
9.551769,6.552476,5.239586,33.281311,8.245382,18.286533
34.310226,22.604807,13.746500,44.483009,11.752947,24.240774
23.972435,15.932421,26.274492,77.753609,20.204935,39.211300
13.964860,9.391853,8.620416,32.358147,6.168729,15.147617
49.869888,29.268469,27.319685,122.216370,33.546764,43.027481
14.075270,9.363775,4.918483,19.528076,5.341367,6.765646
8.005540,5.760833,2.454498,23.500423,8.124865,11.269017
31.793915,21.532867,21.771650,58.633022,15.254000,60.928276
12.648970,8.342397,8.924441,5.788232,1.597057,10.606361
12.252389,8.120383,7.650698,50.164059,12.146928,19.853584
30.642849,14.674145,27.115328,136.909363,34.694263,81.019165
18.932524,12.024151,6.978845,38.907028,9.257031,10.336462
20.564447,13.817472,7.115379,23.850735,4.994780,15.952976
10.440510,7.264595,5.918006,25.488522,7.012908,11.296036
9.483153,6.661605,5.231367,21.215828,5.624227,15.440714
23.941673,15.954821,9.819527,40.744255,8.943060,6.864255
47.707222,31.426582,23.444351,104.490257,25.662090,72.702377
60.530773,33.902847,18.574606,81.672249,23.354776,47.724812
33.804714,22.071371,10.249266,37.171261,9.922131,29.487810
85.625809,47.713314,34.413689,162.036194,39.724014,81.032150
29.800425,19.726727,10.956332,49.649998,13.162472,20.615904
11.053372,7.656410,5.927672,9.983319,2.785360,8.357172
7.765428,5.335556,5.045585,21.444553,6.280292,16.400133
20.830383,13.748899,7.676260,23.706942,5.777658,10.527237
9.316364,6.338871,9.294421,64.115921,15.198249,15.754266
23.365770,15.358749,7.180483,34.611214,9.748060,19.444771
27.575375,18.360191,11.366728,63.391098,19.171267,30.005833
70.550957,36.513050,36.218151,126.867340,29.513496,95.255066
5.290262,3.861163,2.639515,12.150467,3.051658,4.693312
10.028928,6.776125,4.405982,15.105383,4.506467,3.697835
7.345405,4.909285,12.236813,53.642651,13.994376,39.189575
13.101085,8.721921,7.572933,32.285370,8.336235,13.137727
19.553125,13.468540,5.966683,18.548370,6.816288,20.542786
17.049051,11.696488,8.200648,29.767900,6.822867,24.415960
23.512663,15.478326,33.793072,79.882225,20.509216,68.349396
12.961117,8.736845,2.644873,24.707357,4.090548,9.560735
6.626787,4.584484,6.663441,21.040831,6.211166,11.432985
13.267492,8.837729,4.456440,16.490637,5.506484,14.091958
24.204388,15.938392,18.359034,80.632050,20.733889,42.326035
20.962114,13.994802,5.743020,19.763964,5.080525,7.657541
22.974503,15.724612,12.028378,52.620659,13.552062,10.697955
13.412726,9.431540,8.798974,29.997293,8.298898,13.192756
13.730562,9.698121,5.239766,20.588915,6.300791,11.929736
34.229546,22.896805,10.431913,65.250893,15.837576,47.311954
7.460214,5.020795,4.794468,19.471188,6.895239,6.054183
30.591518,17.693495,60.248779,361.081360,93.378960,228.786896
5.496000,3.961652,2.203612,11.370905,2.197997,8.533845
34.645367,21.521278,20.586981,67.731056,17.398502,25.279169
36.119778,22.459198,19.144617,90.092392,20.713543,39.174644
13.315214,8.923076,7.277255,31.096375,7.065327,9.930204
13.029077,8.741717,4.813735,24.211922,7.263665,13.612458
6.392598,4.254284,3.291045,12.993483,2.881259,7.358814
39.710850,19.151552,11.360059,62.878357,14.604302,24.373169
28.154085,18.387362,8.383687,30.533974,6.002342,17.763474
7.128174,5.158296,3.247466,16.782240,4.502724,22.106527
16.227301,11.306728,6.476620,22.465778,5.558958,8.081374
25.306498,17.101479,7.856902,33.524292,7.327735,17.484480
10.746834,7.185998,6.658830,26.688181,6.177170,14.462424
22.040035,14.854424,10.859915,45.097946,12.514031,13.536354
47.685013,27.989777,53.853577,199.302170,52.108944,123.519165
20.303011,14.038609,14.804137,33.130692,10.436590,24.215866
35.394180,22.998280,15.120304,59.247387,14.173934,17.933273
53.576912,32.965580,22.175562,103.159004,26.482666,61.359695
12.915494,9.113137,5.660814,22.775963,5.091158,8.386191
32.906570,20.253351,35.105629,157.439835,43.877434,90.429474
21.278183,14.559592,13.169923,33.464920,6.911470,20.196060
13.372784,8.968621,7.292945,31.750292,10.449132,21.519512
18.390020,12.408472,8.449780,35.896721,11.338628,38.933208
54.385624,32.472618,33.559444,132.579071,32.790253,61.553566
31.485413,20.648365,10.701612,57.398788,15.461895,24.115971
30.292528,20.147545,13.718348,65.172867,15.997277,26.965078
10.425754,6.946174,3.126591,16.966900,5.377372,7.920082
9.613216,6.741275,2.922706,20.810471,3.612727,8.691216
13.039745,8.689677,4.102985,19.033779,4.526290,4.233404
39.196117,24.098984,24.363056,116.513916,30.579828,67.393463
36.372303,23.457096,10.396807,37.193779,10.165829,23.243065
26.481638,16.704838,8.948518,43.429462,8.971675,14.592515
11.430097,7.691079,3.343452,17.754009,3.948099,9.725937
8.409021,5.679856,2.057992,12.032542,2.145313,12.554584
13.706766,9.160081,3.022231,13.465877,3.848748,19.186724
20.173496,13.274457,5.091710,28.056923,8.963396,23.231810
48.731548,28.546427,60.616688,199.428345,49.856094,125.643806
28.098780,18.604069,11.793378,37.154793,9.559706,15.505206
7.530427,5.116929,4.441756,16.133436,3.566181,9.710396
20.002586,13.173313,9.485867,46.088463,10.716045,34.060040
21.170086,13.385507,9.159633,57.572056,14.341399,21.916264
20.381264,13.464421,5.493911,40.491138,10.652500,30.413725
7.553247,5.210991,3.206743,15.226642,4.445374,8.153975
6.474625,4.642051,6.046398,43.542702,10.573578,23.520308
7.609354,5.387156,3.756018,15.713647,5.483850,11.879727
15.392554,10.631407,15.292366,115.883202,31.819719,36.946823
39.032825,22.891695,10.340368,58.371784,15.360485,45.872250
12.888821,8.638412,7.039217,34.950516,8.866399,14.344930
49.752258,30.148306,24.500544,113.388161,29.934782,54.197144
6.718432,4.418601,3.135005,10.984929,2.933709,9.405130
45.202354,27.361832,26.518219,132.277969,33.246746,52.679638
44.677521,24.647270,22.666876,127.129707,34.883888,77.699364
22.751785,13.718139,7.050440,39.846699,10.235982,14.652097
52.224838,30.055107,24.139633,156.281509,41.560665,63.897564
4.690319,3.289278,2.788049,11.935168,3.579078,4.889294
23.722445,14.901937,8.984854,39.475208,10.121509,18.642416
16.268438,9.699817,6.840511,35.422775,7.816669,9.331813
13.174198,9.104939,4.908462,12.396210,4.276236,9.586599
8.989632,5.950847,6.787757,52.886002,12.503162,16.455660
18.019756,11.985891,14.038860,58.187206,15.340089,46.589748
18.192686,11.840408,14.752162,60.023964,15.509993,35.218475
77.110489,43.799892,31.274046,111.632462,28.210253,57.641796
8.595663,5.880528,4.233336,16.373123,4.073068,13.882139
27.832283,18.650826,6.439153,48.222546,11.918755,22.053143
13.148958,8.962352,5.718113,34.880497,9.244629,22.379040
28.194407,18.662626,11.668814,65.293472,18.803204,32.999420
10.269989,6.706696,4.149943,13.509415,2.799326,8.290883
67.726692,37.671223,57.082077,322.966431,84.745842,189.503540
35.001698,22.462259,10.641206,32.089722,8.467175,23.295990
16.970341,11.081911,11.010895,89.221359,24.883205,45.239372
7.845052,5.570818,2.684978,3.427114,0.939627,8.717051
22.120861,14.631549,6.644115,30.405302,7.225404,20.797916
13.643410,9.530048,4.424430,20.782757,4.702037,11.180980
12.832595,8.754869,5.616346,20.310476,6.627605,11.526741
27.472885,18.585388,11.729103,48.924179,12.605917,27.143963
21.257076,14.036194,8.392529,33.458206,7.980844,13.253343
86.762627,36.279560,102.524315,383.587128,97.075668,270.316132
8.480839,6.096855,4.575298,30.853390,8.026838,13.533776
14.971750,9.938474,5.915528,16.616968,5.702541,7.952648
25.991398,17.158297,11.229117,39.789223,10.641806,24.393211
67.512764,38.637451,55.845661,227.494431,60.831310,164.877747
19.356237,12.874184,8.742445,29.300440,7.014185,10.247324
17.500151,11.484980,4.522197,20.194437,5.494594,10.581487
28.698168,18.351379,19.369036,63.487099,15.000725,56.932549
18.515217,12.938993,5.199774,43.014648,12.966663,13.744274
60.645618,33.750034,81.625488,280.391235,69.755722,167.764740
21.711512,13.126060,20.099363,71.229744,16.853098,32.669743
29.418428,18.127890,60.454163,338.680176,87.124130,97.070999
21.356323,14.677350,6.440845,42.991024,12.881735,48.107479
33.746365,22.436007,14.985513,93.747971,22.562820,30.353632
16.891598,11.218687,6.172709,24.877449,5.951343,24.594858
16.808199,11.281002,7.035285,48.812813,12.747611,18.579857
12.013241,8.231048,5.382232,35.455605,8.248481,14.650899
30.456055,20.127909,10.746284,48.415226,12.664175,21.315931
11.116753,7.241994,4.119361,20.308800,3.888287,12.171877
23.037964,15.682012,4.627010,47.500237,13.828447,20.377806
5.557159,3.892615,2.838773,10.099800,3.111798,4.745993
7.264539,5.145987,1.688962,16.035002,3.963461,8.310936
29.321814,19.156794,11.500860,50.165649,12.585035,38.439102
37.272877,24.117508,12.895214,45.915874,12.997879,36.122368
18.475790,12.369347,6.222395,32.152435,7.627603,9.279881
26.550135,17.131615,11.004431,48.323399,12.509555,30.687454
11.693956,8.030106,3.727811,14.875143,4.450212,9.735131
23.768377,15.988461,8.199103,30.741177,8.018069,20.176775
11.702874,8.038963,5.830641,21.496534,4.506905,10.207110
18.263325,12.821623,5.852168,37.336899,10.811141,20.802277
7.173086,5.074116,2.934315,15.717782,4.514489,5.418641
16.187168,10.593277,28.073616,104.794159,25.590670,61.614372
55.048096,36.780872,26.861603,150.682129,38.793598,66.050278
19.128626,13.248970,6.689325,27.756445,8.656405,10.281316
17.189310,11.136237,5.603066,39.208401,10.951097,29.157803
23.279411,16.025471,9.158259,38.700188,10.257115,18.001530
12.108479,8.143342,4.949898,27.161564,6.360762,12.520275
21.208004,12.326820,9.008744,39.021938,11.227342,9.335700
18.437876,12.142763,4.564353,33.815334,9.039969,16.987133
47.660950,29.818626,14.076179,38.197556,10.502239,31.666126
32.274296,20.840872,9.591393,30.519552,7.816802,16.356079
22.543818,14.508744,19.639736,80.551170,21.065969,31.255219
15.430697,10.781700,7.153924,25.181356,6.337578,9.112562
6.203880,4.110321,7.674860,37.803814,9.860409,14.783498
7.227697,4.646278,4.473889,16.223471,2.475275,4.359050
11.839081,7.969629,6.822842,31.026133,7.633390,29.291540
29.202774,18.992531,14.807310,72.314751,20.632584,48.682236
15.861390,10.691574,13.322609,45.300766,12.409577,36.207218
12.302847,8.433361,4.841623,28.312681,5.987359,9.331276
38.944504,24.385290,8.578037,35.635769,10.515326,16.731937
12.301922,8.481288,4.364578,18.764374,5.708277,10.888815
71.444336,27.984285,75.203949,264.270081,66.424965,120.092552
9.849171,6.256383,4.717957,22.586063,4.498440,10.642874
15.537239,10.713995,2.989995,21.789341,4.267620,8.802485
9.863016,6.835889,3.290308,21.809917,4.692933,16.695120
11.871012,7.914057,10.650171,41.898491,13.356958,24.342594
16.500978,10.944421,17.589241,47.221550,12.828724,20.106007
28.336662,18.636116,7.754225,31.516560,6.840654,31.562172
24.544371,15.894446,36.659676,85.493965,22.793781,36.640369
19.684290,13.217845,11.149521,59.023529,15.491086,39.530479
10.601089,7.090614,2.502940,23.501915,5.896300,9.861722
11.487725,7.851453,3.847648,10.502775,2.399134,8.195041
13.289533,8.903976,5.445084,23.384073,7.096386,15.016375
5.113180,3.583967,5.165547,20.043703,7.112642,12.716575
15.886621,9.752675,21.346107,71.736748,18.537762,23.617834
43.945488,24.453253,50.537399,280.381470,67.834709,198.506271
15.799929,10.648749,10.663677,51.950523,12.072220,30.158722
31.998907,20.666088,12.232882,60.069271,14.034916,35.353050
4.556918,3.204186,1.793528,8.517385,2.934120,10.765930
31.164745,20.225138,14.835860,78.925079,19.450834,43.008224
6.312824,4.214228,2.237930,3.652982,0.530688,2.351053
39.631485,22.532246,14.803341,52.819633,17.408649,52.795029
28.671478,14.231664,63.438290,205.986496,50.654411,120.169685
20.988104,13.844512,5.395308,45.355717,10.499311,23.832096
19.299477,12.895720,7.003083,20.417517,4.323561,19.965010
23.248453,15.195629,7.652482,22.818117,6.541211,21.910023
23.982819,15.916316,10.535515,37.468590,9.259404,13.603832
28.291971,14.556849,8.994328,34.062347,9.911244,32.065865
30.637234,15.004859,9.866971,40.034847,9.839825,32.995827
26.245621,16.841623,20.586481,45.774113,12.234303,61.807652
25.749807,17.013189,9.441864,45.617142,11.018377,13.053140
11.438778,7.776894,6.031910,27.974384,6.944785,38.163311
14.187550,9.163889,5.604002,10.180173,3.657418,14.842860
28.383791,18.732141,10.914610,31.234596,7.668344,12.783633
20.525690,13.234863,5.736525,46.715965,11.485366,10.231589
28.467457,17.658117,25.781240,103.465485,27.110163,102.211365
20.200199,13.688663,12.958334,54.437027,12.029579,31.030798
9.499078,6.525436,21.851109,86.832901,21.093523,54.962177
25.087130,11.777763,30.611118,128.551910,35.957420,84.226830
26.736330,17.366354,5.969387,25.542624,7.500156,16.280634
76.961525,44.467175,79.193558,254.516190,62.666454,209.501526
35.062073,21.529114,17.947252,60.660160,14.644574,15.764097
19.018473,12.285092,7.283398,28.603203,6.056053,10.873046
12.772655,8.613732,4.194019,27.864267,7.268357,13.639666
18.235399,11.710057,7.081583,35.424297,8.779617,19.862291
22.010242,14.556890,5.087583,44.328514,9.489002,18.652424
8.881230,6.444725,3.055499,16.138578,3.975700,14.030600
6.330741,4.540244,2.228089,17.712410,4.645535,7.706879
5.751500,3.951290,3.342443,18.078917,3.602292,9.370595
11.738339,8.166000,3.719774,22.804205,6.800620,20.861010
72.711349,40.263893,25.859831,91.088562,21.103373,65.660980
43.368305,26.103918,39.109921,152.198624,35.406960,115.751595
15.367829,9.928401,16.297150,90.534782,24.212299,67.948906
15.967436,10.809092,5.738724,30.551582,9.166023,7.731020
5.250978,3.671748,3.580076,15.253631,4.042420,10.467747
16.971378,11.284604,5.638165,20.007229,6.493425,20.694990
59.808231,31.403448,50.303677,280.364288,74.599861,183.049622
26.134138,17.137539,12.233369,58.704342,12.528929,15.444861
10.940698,7.664233,3.881437,11.340950,4.106658,7.216715
73.085815,37.559284,79.238487,303.625488,76.230064,181.261292
6.498213,4.266055,2.714680,17.154066,5.346174,6.075485
24.284330,16.619642,7.870402,51.328079,13.520147,26.866224
24.931841,16.758120,11.645434,72.209961,17.109804,23.253887
27.328936,17.370758,24.466198,84.734695,21.966885,59.722923
19.089817,12.830078,13.572887,76.959320,17.826584,30.750551
12.813086,8.500742,4.893707,16.467602,5.565032,8.555798
17.906540,12.405251,5.544291,25.194468,6.332569,9.574401
13.876270,9.604272,4.005021,19.680302,4.837709,14.865558
6.160367,4.368052,2.882915,16.088058,4.891889,7.774172
23.465570,15.615316,9.663442,43.800892,10.211261,39.868191
28.913139,19.122438,19.215939,77.575111,18.538389,44.893429
49.238129,31.254347,16.309618,70.853195,17.404200,29.415756
69.368279,39.292595,40.229671,186.198227,45.849731,143.934891
60.628876,32.957783,37.214245,132.805878,36.380299,60.170139
31.955011,20.792091,10.515872,38.349819,7.916111,17.261600
30.838091,20.023932,9.626663,41.841270,11.691262,11.928848
36.697372,24.202890,11.160879,37.936226,10.290626,39.326202
16.992357,11.311220,11.978520,90.702675,23.218237,29.691013
19.217041,12.678946,6.775954,35.168697,8.155032,15.737534
27.834200,18.109324,9.221698,50.618023,16.025524,30.437828
28.672098,18.927475,14.620705,75.768654,20.631430,40.872753
26.990053,18.321217,10.186458,44.266811,11.981947,20.834599
58.192844,31.869740,39.412067,99.575165,24.018616,48.683434
23.007618,14.793972,20.318655,101.558090,24.897995,61.126183
6.760355,4.872111,3.462955,17.240086,5.108697,9.993114
22.316208,15.146741,5.412896,47.924347,10.819806,12.771609
18.571201,12.021539,20.721771,127.663521,34.332783,63.740650
21.780710,14.047571,8.065030,29.392338,7.713984,18.318497
71.653687,38.224625,119.569153,366.990601,92.005463,258.485443
49.495853,23.795065,22.184752,80.620857,20.272762,43.875713
51.304844,23.771427,23.786928,85.230515,20.395262,43.573471
12.859753,8.650633,5.195999,19.999601,4.030670,3.126487
4.591850,3.316234,1.398526,8.851609,3.012444,9.151810
16.538363,11.100214,6.258771,19.781424,4.148143,13.120363
27.369478,18.347313,24.178410,122.219971,30.435661,95.108246
48.506844,30.446758,40.993820,162.590027,43.023029,72.842979
26.295334,17.288307,10.739599,69.530182,16.318394,47.802639
18.147766,12.031842,5.009332,17.789234,4.387512,8.761077
50.807999,31.775810,32.601307,85.802429,19.952112,51.346970
19.564402,13.134531,12.926921,50.726223,15.253351,39.791214
5.560612,3.785389,2.670451,10.234140,2.070405,4.835416
25.625114,16.905970,19.254139,73.487129,19.655357,37.393303
10.729020,7.071930,3.189245,9.708305,1.944580,7.874578
13.103416,8.880159,6.915080,44.627712,11.933122,12.349827
11.281549,7.833710,3.023045,20.789145,6.249082,9.872399
78.547318,36.787735,68.909370,225.830399,57.808907,129.923874
56.601940,32.292339,54.599861,196.866440,43.757389,86.452545
19.193682,13.069947,18.033640,49.494560,13.289564,28.410021
12.793538,8.647352,4.889790,18.988398,5.268514,8.659695
6.171002,3.995085,5.471737,67.639954,15.885638,23.959930
27.793095,17.937973,9.444963,46.369774,11.902676,28.000719
14.088475,9.454886,9.624166,68.369720,17.445120,57.593853
10.274487,7.103534,4.627318,20.868528,5.094110,10.957657
18.230770,12.373377,5.996148,30.746435,5.765537,16.485479
4.277694,3.047672,2.421758,9.955603,2.620948,2.578061
55.764553,34.189529,17.044315,94.605598,21.571070,59.967098
6.021610,4.086903,1.262018,10.299045,4.079633,4.397841
5.482130,3.778399,2.453782,7.933744,2.019763,5.992670
9.912905,6.802203,3.902705,8.180518,2.583662,11.208803
16.119522,10.257315,15.926678,86.534637,24.858559,56.617180
18.556431,12.277198,4.753591,27.796782,5.883395,14.752954
5.624700,3.769840,1.568115,23.558922,5.140346,4.737616
16.940189,11.595170,23.884499,65.064598,17.743608,51.238007
30.714214,14.538808,14.630229,64.669243,18.931742,24.497053
32.423939,14.534571,15.344418,71.108711,19.681463,24.992765
24.422541,15.756458,8.940717,44.790226,10.003782,24.577051
14.296567,9.948646,4.866928,16.416136,4.739123,14.773498
12.074492,8.263346,13.902265,62.975346,16.206114,31.120504
19.116362,11.423084,48.296227,218.858307,59.605667,93.710419
9.426232,6.511957,3.315464,23.490644,7.229203,9.468426
39.170055,23.809721,16.927202,68.899200,17.461060,45.293888
32.006500,19.843611,20.781452,84.661781,22.297520,75.746445
46.202316,28.569326,30.640684,115.080490,25.317453,60.825764
12.459431,8.297529,6.153116,30.370581,7.385235,12.805837
6.898683,4.979995,3.146100,10.872560,2.391562,8.163217
21.520779,14.618775,5.984737,27.358919,6.843103,19.700781
38.922859,25.356474,14.886924,72.071655,17.792927,40.712601
24.186922,15.997498,10.523132,42.681061,10.455900,37.628204
54.835079,32.261929,40.056690,117.088264,29.012890,79.559982
17.763077,11.554478,8.380507,65.612831,16.149021,47.324787
75.065781,39.444839,61.555168,293.130035,73.722816,175.026642
13.713867,9.418756,5.175255,25.774223,6.746199,8.326990
11.984562,8.260370,7.221271,42.778187,8.396977,19.655087
10.206262,6.926614,3.895360,17.071669,3.255617,9.945488
22.081398,14.568168,8.610672,35.774666,8.800791,32.405071
16.994825,11.190514,9.669422,53.444138,14.912746,10.939986
31.393324,18.764687,55.009125,163.436264,37.697842,94.446571
19.291866,12.946520,6.694940,28.154682,7.730184,19.287251
8.297227,5.596276,2.700999,14.581985,3.452565,5.792658
8.636148,6.032159,3.388110,12.627780,4.346850,11.073857
21.116772,13.837684,6.009502,27.735199,7.350380,10.157291
11.263350,7.242784,6.329986,27.764982,8.032351,8.805673
4.974319,3.282547,3.599032,37.540058,10.519077,12.568882
13.338235,9.467337,5.640680,18.000603,3.663014,9.616503
16.603462,11.086282,4.140942,38.047871,8.335698,17.858757
4.450980,3.053357,2.960002,14.951816,3.098100,6.520715
16.592045,11.424311,5.711622,30.999674,9.397822,19.699587
13.721582,9.514834,5.271623,18.733826,5.674770,9.772826
11.442615,7.623449,3.552034,18.022020,3.955700,7.354094
21.209682,13.771548,8.158785,26.742632,7.785917,18.355806
48.287468,31.586691,17.330820,73.548241,18.519516,36.484211
23.705931,15.706403,8.659945,22.949511,6.772541,12.839565
23.591505,10.801895,30.240604,142.903244,37.166634,92.746872
7.389771,5.139233,2.535808,8.190892,1.673379,4.511423
8.084908,5.635311,2.659476,16.915916,4.367729,5.994111
38.060402,23.889566,22.029354,77.207848,19.287449,42.670544
31.464870,20.842772,11.755882,57.833160,13.477283,24.235569
19.377579,12.335526,10.431834,60.338512,15.554870,18.739670
16.173756,11.046216,6.082134,58.716251,15.679592,31.683382
18.863264,12.566835,10.816450,30.637691,9.128683,8.628528
14.522459,9.972978,4.516580,20.260870,4.411224,11.084929
6.899580,4.753063,2.119128,7.545503,1.798613,3.583073
23.606094,15.327136,8.174427,28.317291,8.707514,10.309941
4.612531,3.472217,2.560001,13.072172,4.561035,7.162717
18.422800,12.522911,7.910819,38.529976,9.215604,20.136309
14.847740,10.258218,5.539532,14.493166,6.541670,10.980247
9.943084,6.692552,3.906245,11.804397,2.423912,7.413166
20.343220,13.503411,9.375512,38.200470,11.272228,32.788231
20.932789,14.108430,5.964438,21.288963,5.886562,18.143734
17.577717,11.812407,7.044161,44.868553,11.787324,19.232143
15.737161,11.238034,5.554066,20.577141,5.035438,10.170636
10.969633,7.548776,4.278819,31.623941,7.849749,9.932181
36.256710,22.693567,17.653196,93.183289,26.308138,42.717297
10.781498,7.160466,4.025773,18.004595,4.460749,11.180269
7.616468,5.258847,2.851664,14.148068,3.184001,6.566869
22.638094,15.288927,9.346318,34.807762,6.836439,7.130370
48.474964,30.114115,24.276123,90.324982,22.369427,39.633732
28.979931,18.948278,8.915061,27.407606,7.224694,15.063094
20.622156,13.523175,7.587961,23.969418,6.561557,11.792273
31.091988,20.641953,15.453706,65.055641,17.014950,27.150068
32.819504,21.796301,8.263497,47.801464,12.095803,33.208218
9.227971,6.178425,1.323373,12.461090,3.797237,5.424444
6.061682,3.966307,4.938061,27.977356,8.324979,33.705608
36.529762,22.279535,23.885143,157.872665,42.641041,89.070015
11.741912,7.972553,4.666699,27.225157,8.029657,12.685749
45.292011,27.080299,14.894285,60.185604,17.699268,41.592518
23.500355,15.588607,9.218740,31.854160,9.135819,26.932722
17.238113,11.780168,4.004280,27.552841,6.277241,26.531626
15.662363,10.584612,3.967444,26.189659,8.006854,17.687143
13.018018,8.902510,5.158405,37.612354,9.166224,15.850995
28.896713,19.601393,11.672020,49.169842,12.696780,38.886734
20.102131,13.219666,3.842537,29.150564,8.160542,16.118763
24.136717,14.769980,25.484259,109.947029,28.207495,74.486580
7.447888,5.432903,5.120569,27.698383,6.071538,11.626478
14.931257,9.708854,5.816537,21.058834,5.443230,7.914713
14.137856,9.539903,9.427581,34.642166,8.625055,13.769137
20.022579,12.813771,13.904980,63.270508,13.421725,31.016890
4.749625,3.332252,4.155910,32.888256,7.840616,25.843245
13.063193,8.784914,4.472879,19.937714,4.825086,13.229587
11.787554,8.071401,7.404115,39.650990,10.223861,13.378053
11.888714,8.204077,4.031933,22.236858,6.688214,7.311571
13.916837,9.506788,4.385753,19.826265,5.775843,15.252689
39.578087,24.753433,11.702713,55.374374,11.870079,32.098228
23.045033,14.759553,10.370623,43.523155,9.977639,34.663567
7.575483,5.351912,4.170047,15.400032,4.526518,6.850795
4.561843,3.293732,3.221561,15.671462,2.841545,4.126022
10.502827,7.464243,5.033116,23.027058,5.605095,14.097046
15.438689,10.563186,8.326854,42.644863,11.113231,13.001583
9.363179,6.032492,2.994242,28.127317,5.717176,14.154038
20.988251,13.948879,14.342307,71.976913,15.172584,42.518822
21.464548,14.507035,6.687842,34.278908,7.731331,9.591654
18.366646,12.485675,12.667356,40.682419,10.923257,36.121513
10.379962,7.035905,4.923901,32.965248,8.042385,15.005730
28.772671,18.894918,8.816999,36.913067,9.304302,15.965614
41.790302,26.720646,42.642380,210.540436,52.843819,103.599930
14.621874,9.921649,4.510970,19.983027,5.612464,9.228613
13.968696,9.595371,5.563087,18.017660,3.734270,10.999638
8.897383,6.304637,3.307220,20.105391,6.530146,12.290172
9.889150,6.827518,3.769482,18.234886,4.919402,22.267679
54.558109,32.923248,32.926399,125.745522,31.758286,65.888977
16.762339,10.530531,11.983557,58.682739,15.455523,29.646500
7.473632,5.131734,3.682552,17.738956,3.899468,6.412396
48.222950,24.965256,75.810066,280.476654,70.115410,203.144485
11.151142,7.610276,3.685915,23.923218,5.450678,8.839073
41.882671,25.823736,13.160047,52.979687,13.105104,23.640129
52.037193,31.953741,43.617737,235.080460,65.071747,97.527824
10.935725,7.688581,3.807081,15.342388,4.262090,7.780549
31.581793,21.071600,11.928185,67.692604,17.982214,43.713909
16.061842,11.105951,4.992145,19.232391,4.897718,7.252297
17.373594,10.577788,29.293499,145.089600,37.728920,86.324577
20.349476,12.954268,18.646091,98.134476,22.409256,58.856030
20.834106,13.572167,7.143878,25.063597,5.295494,11.919930
14.232917,9.337079,8.674620,115.996147,27.441198,30.447235
41.123779,24.253309,73.905594,338.741760,88.511703,199.677185
5.829325,3.890556,1.936201,7.838703,2.667969,2.434519
6.253902,4.380913,3.700718,13.102860,2.372150,2.035000
7.476723,5.197801,7.261998,35.551491,7.483639,11.246622
27.887680,18.202980,9.860368,34.122231,8.333463,30.571115
26.990396,17.257309,33.329250,97.177551,22.542807,33.541599
61.152927,34.983906,46.041225,215.986420,57.634354,163.960526
7.326725,5.153840,3.434567,19.094976,4.923144,8.448046
31.669632,20.107967,8.980460,29.509121,8.634432,17.329096
15.797869,10.587918,6.184213,9.447268,3.701420,4.953819
28.263895,16.133623,10.668533,46.148617,9.531292,33.200027
15.857943,11.154612,8.476611,71.418724,18.655264,32.790455
22.987316,15.259390,7.970206,46.121811,14.214189,28.711903
7.252558,5.378990,8.030620,32.500992,9.770878,12.020841
24.739166,12.818374,41.978252,191.208725,49.393108,72.726601
83.848816,43.004814,94.779266,285.250000,71.311821,199.361435
17.824570,11.406371,6.739066,34.224934,9.244555,16.311485
26.424038,16.916376,9.164139,50.348930,12.396222,34.302010
39.571072,23.540724,26.299440,122.754257,29.646160,73.867134
10.744637,7.071706,10.687926,58.933502,16.444706,27.373430
14.447123,9.852810,6.352935,22.725683,6.383582,24.068027
25.371796,16.423895,10.257695,51.728043,12.204200,38.786659
9.591623,6.777309,4.908606,33.260239,9.508238,27.664898
20.335716,13.306427,13.276308,64.266312,15.019661,22.230911
89.637756,38.940765,67.387978,260.049469,64.667625,159.739014
17.784279,11.863609,9.822453,74.361160,18.140673,13.326208
14.198638,9.392797,6.212086,34.208946,7.868449,9.811352
45.088249,29.924212,30.016939,107.352791,30.217964,66.613922
23.911293,15.834152,10.915732,53.205162,11.453318,40.932533
23.233925,15.989124,6.529518,37.281197,9.615979,12.284651
34.163784,20.639225,17.918587,73.977234,18.543293,49.309032
5.843541,4.373163,3.246010,24.487762,6.675398,14.310042
8.753236,5.760268,3.099411,13.181000,5.282424,6.420697
29.789715,19.381832,11.014910,44.275135,10.995854,18.488892
28.796770,19.018898,6.356248,32.675270,10.630047,15.804109
7.824899,5.093568,10.717727,33.173534,9.689417,13.985123
16.618757,10.923613,8.728861,23.953775,5.455532,13.722785
9.216925,6.306254,2.483828,14.288824,3.630055,6.043432
27.698059,18.340021,9.102544,37.332237,9.435236,23.919460
20.862064,14.461383,5.075335,30.655632,9.441193,19.057600
27.434301,18.187414,11.607627,63.958206,17.437143,32.883556
32.113083,21.161732,10.154348,55.773762,12.450379,18.970476
20.376143,13.947102,4.785407,30.019125,7.546633,10.245184
43.021820,28.399412,20.348845,61.188347,15.864908,61.768108
17.744772,12.086111,7.309556,30.652311,8.690405,6.392506
24.003868,16.225903,8.258647,43.861618,9.373484,13.489027
11.863176,8.041009,4.295176,25.251308,6.036238,14.868887
16.690388,10.994101,5.181221,17.664072,5.202965,13.255614
43.303196,28.228523,16.228018,55.206005,13.932061,18.029709
21.030554,14.195769,6.509381,29.748346,7.320831,20.032537
14.271538,9.608017,3.257741,16.961668,3.686201,4.667784
13.307773,8.256128,14.640930,66.507881,17.488043,29.815273
25.027113,16.790508,14.417235,45.149529,13.618391,29.256029
47.968357,28.512854,35.399292,141.543579,32.443424,64.297119
9.610775,6.429348,15.142467,45.140930,12.067369,17.502005
10.809902,7.400005,4.461830,16.340433,4.383006,3.594371
25.026583,16.563025,7.200473,29.164900,7.654714,13.301910
21.836496,14.083729,4.744078,32.279247,6.664858,12.941658
4.524683,3.041970,1.667603,13.564570,2.528886,5.901391
42.217392,17.242672,14.723153,44.725494,12.664148,35.329567
37.859997,17.210764,15.717985,61.004776,12.900717,31.764847
5.141916,3.491848,2.455782,21.327978,5.120335,11.841121
9.608295,6.797060,3.869785,26.896008,9.261194,30.307779
8.904314,5.951012,6.023111,31.537045,6.041898,28.013956
5.796351,3.918565,1.510945,13.591662,3.506827,19.933838
18.261444,12.505919,6.287899,23.819677,6.566916,17.923874
6.717900,4.884862,5.369166,23.267813,6.479281,10.869960
6.565359,4.566644,3.536833,21.553944,4.563888,13.792871
9.375126,6.586668,4.750043,25.971951,5.396947,7.492631
19.874945,13.274642,6.390580,20.063585,5.755985,15.148290
22.427542,14.688272,8.074199,45.802570,15.020229,41.495453
43.288342,25.873611,15.380476,100.404984,25.696398,57.428398
29.923824,19.384844,9.996896,37.883518,9.217209,10.370565
9.464157,6.089417,1.855798,14.278937,3.300039,5.410290
22.222641,14.347136,18.956192,61.221306,15.528341,31.006584
42.935738,27.879419,12.817076,73.191803,17.900234,40.372932
13.750534,9.484178,5.409874,15.272171,3.932748,17.376450
36.697517,24.001053,18.264317,54.801506,11.058286,31.579632
49.976307,29.558838,44.003403,145.730682,37.524120,63.470451
8.238626,5.667799,12.154597,56.308064,13.366234,23.904568
17.565357,11.783868,13.453848,57.367493,13.321778,32.619827
16.510120,10.861372,8.365721,42.960281,11.274597,19.390076
14.602355,9.829334,6.638389,18.276571,5.247444,7.761202
29.569815,19.623995,16.607445,72.081612,19.501066,40.022972
15.326452,10.281341,7.817313,49.488785,13.872824,30.614101
6.311843,4.042799,3.734275,12.996583,3.361797,4.418057
32.402908,20.518019,8.357174,44.341782,11.549202,30.362535
52.221062,32.212116,15.781758,59.952541,14.120782,28.897036
59.005070,33.673737,25.200260,74.315979,18.336565,59.432751
23.049580,16.019375,8.701838,30.753267,8.754891,29.538185
14.087181,9.819933,2.941734,23.851427,6.840615,17.005846
15.606035,10.613252,11.409902,79.458763,22.868708,18.232185
11.243680,7.640013,4.316768,21.967718,6.147740,10.719482
39.031189,24.329109,19.963671,112.984772,30.028786,55.978348
7.756149,5.437409,6.168303,34.368900,8.389567,8.975650
16.298201,11.104527,6.104105,32.238190,9.238350,5.852670
4.831411,3.634809,1.948786,19.272287,4.360984,9.158754
32.556847,21.801567,7.628203,32.889381,5.870709,11.111197
7.111081,4.535800,5.363825,24.878761,6.765154,14.904190
50.560898,29.167751,46.844933,235.037643,58.324699,121.859695
6.686183,4.565964,4.272880,19.460312,3.314343,15.356265
16.235250,10.983673,17.150331,61.669933,17.114019,26.305803
22.719784,15.162067,35.861904,162.010040,40.069736,108.269547
19.783110,13.316890,23.174860,70.522263,17.629848,39.329281
8.793071,6.202640,7.989283,38.942787,10.733621,22.874949
30.552382,19.912130,13.718960,48.622437,10.458176,21.747183
20.131348,13.375878,6.728584,39.525059,10.853983,20.158163
5.151009,3.673590,2.796982,15.238303,4.145603,7.358819
6.633875,4.611158,5.167008,32.418934,7.714811,22.790401
9.482172,6.619143,4.355429,10.134043,4.245841,10.300732
17.035357,11.230309,5.669438,24.825415,6.396163,13.958717
14.712590,10.317526,7.494366,24.056704,6.759432,15.540219
4.428873,3.107613,1.646216,13.470393,3.486905,8.636642
10.179371,6.861790,3.385469,22.839680,6.788718,9.326899
43.287373,24.879250,76.455887,371.575195,99.746315,189.334915
29.845491,19.466913,7.846553,34.946842,9.224503,26.577719
11.505280,8.044077,3.303595,10.433070,2.338269,9.205589
14.547771,9.481064,26.899828,111.747093,30.980698,43.515724
26.800461,16.320648,22.823154,104.568657,26.988277,53.394764
29.816433,19.880209,10.655455,40.239780,8.772915,11.430396
14.467589,9.516145,5.711773,21.824251,7.319581,13.054857
16.080694,10.428199,5.480143,25.096018,6.484723,13.336975
6.822468,4.613587,3.394087,18.473484,4.576266,6.448783
8.031544,5.411561,2.403992,14.778120,3.893222,9.093903
4.673140,3.406367,3.346797,16.378653,2.301243,2.755497
9.838367,6.453806,5.502415,17.615517,2.999916,16.219221
12.899662,9.056548,4.539139,15.225973,4.502545,9.986827
18.055717,11.844914,5.779648,29.947720,8.600569,10.886719
23.158346,15.186988,4.766870,31.299309,7.837143,8.266227
14.447523,9.822554,4.781959,27.301500,7.854385,10.769407
21.758442,14.689493,7.979624,22.925339,6.325799,24.830078
50.803375,28.225883,66.897171,238.577927,59.024216,169.509491
18.309700,12.817190,8.060623,33.679195,8.335491,25.093863
25.354813,16.721128,14.781168,98.735718,25.261660,65.079636
11.588904,8.176001,3.920867,24.947651,7.207853,9.993441
20.194427,13.467265,7.269826,33.152687,7.889065,15.325543
12.068039,8.112750,6.762074,11.446392,4.637866,8.270059
9.586294,6.561023,2.547621,14.251007,4.796311,14.291172
32.078823,21.588140,5.563958,51.260971,12.418209,28.136440
41.889217,26.961010,22.012545,108.890694,29.791088,49.038067
9.214211,6.728522,5.664059,28.326309,7.462274,7.291657
34.328865,21.774069,28.520880,103.124741,23.936159,78.635452
23.570385,15.390638,10.343163,36.400459,10.275878,40.334824
6.592904,4.424754,9.294455,34.399971,9.071683,14.667812
79.776810,48.158611,40.211380,167.133118,45.007866,87.557816
22.263872,15.599006,5.697411,56.942383,14.853817,46.089252
22.045507,14.711259,5.787634,35.124039,7.738923,23.888208
24.605839,16.141922,8.945717,28.326075,7.213274,22.988041
20.561060,13.742405,14.928469,58.675762,12.671137,31.907890
15.795244,10.803789,6.497810,26.183153,8.082271,36.993187
9.119007,6.472779,2.582843,11.906707,4.875152,12.339550
7.773123,5.630386,8.409925,43.533890,10.094490,12.848947
14.417892,9.924028,4.969271,40.804138,12.655517,12.801501
47.342533,27.991961,40.593685,150.898727,38.653576,77.759361
5.442949,3.856816,2.472586,19.984598,5.835295,9.314907
6.718033,4.849960,2.998653,16.029676,4.203794,10.035404
25.002239,15.831521,16.545835,42.394699,11.667579,28.898207
14.278360,9.760726,4.959599,26.163773,6.576588,14.604199
97.147598,48.330242,64.612389,279.766846,73.821655,135.777588
32.769684,20.706848,43.648197,137.303696,35.489326,96.828194
18.507425,12.549706,5.051162,22.233353,7.392282,15.729683
24.877937,16.135138,9.180341,50.207714,13.635674,21.039251
31.016794,20.130716,20.490711,84.114212,23.847185,78.855858
4.167754,3.095158,2.223026,23.749825,6.396664,4.177371
5.790314,4.084279,2.672507,16.654236,3.294091,11.591988
22.140474,14.008059,8.049772,48.739624,13.808099,26.357965
37.857700,24.145855,12.852242,87.296326,21.408396,32.934647
35.796230,22.335985,33.717117,196.769394,50.852650,146.143188
8.976695,6.145103,3.406525,14.202994,2.887568,4.703545
5.859585,3.762654,3.248956,15.122870,4.624599,8.639338
10.245663,7.297936,8.133385,27.915388,8.322337,19.965324
13.157376,8.612136,3.662873,23.452496,5.642286,10.231692
14.863711,10.056406,9.296556,25.515352,6.277181,7.387442
15.678359,10.707469,6.128244,26.170818,6.529453,12.690568
30.971771,19.536997,22.376427,128.888718,37.373711,69.020241
9.689054,6.418932,5.383996,22.248108,6.080419,10.757864
23.453388,15.767632,28.138317,21.626482,6.135998,48.763565
27.995310,18.668652,9.694666,46.368008,11.591726,38.668507
16.448133,10.687753,15.859369,44.469448,11.697709,10.066818
23.547571,9.500786,8.855504,34.177284,9.346409,19.662748
28.796089,16.117153,10.351484,51.351391,11.569664,26.491394
16.850216,11.172270,20.988428,96.106201,26.117378,67.975540
9.469557,6.412415,3.769924,29.410036,8.784709,12.155613
9.995178,6.717820,3.020669,7.069043,2.857033,9.405023
25.846319,16.392942,7.448812,34.838676,7.986646,15.769485
48.971020,30.155519,25.896532,118.180176,28.733149,75.618660
10.161376,7.136312,5.431180,13.342079,4.224553,7.917688
10.514244,7.285530,4.266059,18.949890,5.267593,6.642990
32.785561,22.018263,15.088893,56.607262,15.759252,30.642496
21.546200,14.070294,7.730865,39.465595,8.652219,14.446026
16.431202,11.202589,6.667299,18.899446,5.477979,23.891563
14.363712,9.687134,5.492361,14.414244,5.186985,7.719570
24.722572,16.368191,7.725198,38.158646,10.111665,27.596243
35.064518,21.365145,49.108498,180.069473,44.311852,98.214767
15.780335,10.617787,6.000247,26.394669,6.103294,6.349900
13.597074,9.254278,6.707357,42.197441,10.699876,20.468515
21.848658,14.527329,13.893545,50.829872,10.785584,27.135374
25.387550,17.014969,9.555301,35.910500,8.608525,36.066113
17.674768,11.660325,10.538199,59.403793,16.304968,25.605146
10.496106,7.394814,5.785820,11.651566,4.274621,10.884826
6.220157,4.452808,3.403645,10.111582,3.689934,6.059448
35.751896,22.890787,20.711039,69.389870,16.526192,32.294968
5.778988,4.080772,2.439060,28.697838,7.323868,8.725416
16.033720,10.623244,4.743121,14.981948,6.299534,15.256818
24.776899,16.241266,7.838771,25.404942,6.409906,25.350805
21.063656,13.521890,18.304914,49.238911,11.319790,13.943009
9.082258,6.146218,3.399645,17.781345,4.128942,5.461961
11.983996,8.414286,5.363054,18.803438,3.723396,8.386349
90.076614,45.848606,79.636444,398.700043,102.476105,244.515778
11.199599,8.106517,4.407823,23.868187,5.655032,13.359862
20.205761,13.405861,9.850199,22.149462,7.570000,12.087752
14.932878,9.818552,16.260399,69.110611,14.912560,21.797777
17.313948,12.333011,7.757652,41.294384,9.977458,18.050186
11.587567,7.932060,5.513175,19.871525,5.139418,12.657582
10.704232,6.900998,8.183538,44.486717,13.483517,24.204691
21.885408,14.240573,13.095115,80.472183,18.953842,62.354000
9.903258,7.073624,3.514900,18.562710,5.956173,14.658112
10.083149,7.130135,4.557411,22.213604,3.781939,9.107128
31.389248,20.831442,6.775774,33.599876,9.162868,19.600792
14.697706,7.820540,4.187706,26.777538,6.748434,28.599678
30.776665,20.054813,9.540000,41.110882,9.990361,18.131786
24.171572,15.832612,10.642567,43.879669,12.381335,17.646160
11.273794,7.753606,4.696420,16.591879,5.036756,12.355166
34.862030,22.942387,19.885994,64.661964,16.903978,30.864943
38.421837,22.872610,30.859934,169.363632,41.544819,91.407158
44.710381,26.701717,25.118944,104.764778,25.909458,69.187103
17.426807,11.694749,6.116477,16.145172,4.401610,14.582805
19.672966,12.759968,6.190732,18.364399,3.820483,20.837967
21.226730,14.049547,6.123314,36.674099,8.052201,14.412831
16.408590,10.931692,5.327518,23.716314,5.712767,19.341127
19.396507,12.800142,5.815258,29.796242,7.801595,26.663649
17.813812,12.486820,7.138929,33.805897,7.883022,9.382730
25.315134,16.834438,10.781216,25.083319,6.066456,11.362556
21.745695,14.432054,6.371546,30.010744,7.494874,17.373793
12.101388,8.211465,3.087269,16.433186,4.589934,20.118040
18.179417,11.958593,11.792193,39.921940,11.178714,38.318230
18.268921,12.304337,11.830867,39.219135,8.820395,24.661850
24.413662,16.840239,9.296664,44.907307,12.509542,25.061722
42.350765,23.937119,16.049866,59.788654,16.639111,42.448338
18.891069,12.747688,13.666999,89.907936,23.962164,39.251522
23.040255,15.229071,6.143405,40.388447,10.122044,25.674574
16.585884,11.465782,6.711612,30.309807,8.227460,13.005913
19.520416,13.080452,6.740016,44.133915,10.706553,9.910945
15.034882,10.056930,10.616633,48.674171,8.819847,36.117870
11.629861,7.957757,4.503507,22.502155,6.577481,18.187199
43.718037,27.718687,25.075441,107.489159,27.355160,78.700279
35.118176,23.307304,20.228842,106.338226,27.105881,66.188057
36.261986,23.846069,21.095705,66.032280,17.426224,66.561279
18.781048,12.526659,4.771935,40.137310,13.628440,17.818249
26.456982,17.655663,13.994081,56.237606,13.566462,33.692463
36.590321,15.531040,14.177628,63.200871,17.816839,32.444321
36.291061,15.586167,14.189982,64.051865,17.435112,32.203045
21.869507,14.269504,17.221935,96.807053,27.174250,66.864738
29.524422,19.794739,9.492777,45.753387,11.851726,50.542336
18.063478,12.396709,6.166935,35.319992,8.097835,7.956237
5.713985,3.955719,3.942187,29.727699,8.938002,4.437494
7.755261,5.523768,3.709882,15.190164,4.989620,9.370386
7.159458,4.901377,3.832838,53.763428,13.877841,18.339699
31.491171,14.594713,10.303558,67.115875,18.872602,48.564571
63.023762,36.047222,44.836586,217.829102,53.641884,107.009338
30.671106,19.756838,10.918571,33.192574,7.674560,27.478340
21.357996,14.287739,8.196543,47.992855,10.300618,25.384777
15.890246,10.374853,5.214472,20.356823,4.672380,6.174313
7.909662,5.166678,3.309049,9.235996,2.912916,3.838172
43.274979,24.423527,55.573311,185.827347,50.030350,87.831581
27.571669,18.119820,12.628983,75.878372,18.540300,31.079767
31.977392,15.113575,11.381090,59.240936,12.410728,45.796959
9.535742,6.668874,6.604254,37.014885,10.149012,8.876169
50.960403,28.026112,39.863121,133.370636,30.203682,79.955994
7.647875,5.294082,3.536400,16.321239,3.196139,3.641943
32.748398,21.173431,9.771095,33.875656,8.678050,11.520414
24.999350,16.913788,8.327313,44.223316,11.791520,23.568876
14.265938,9.527596,8.066820,33.069553,8.751855,18.421314
43.869144,27.050217,22.409946,81.306656,18.755472,42.715889
5.732557,4.123185,3.043742,8.396364,2.354415,4.554010
15.419042,10.421879,8.546195,50.070232,12.949730,19.696001
20.007040,13.645018,7.635643,46.303055,14.589418,22.033684
6.322721,4.419546,4.305113,16.800524,5.570051,8.908055
12.921615,8.897599,13.732498,58.141304,14.767555,25.316780
17.697701,12.151389,6.546038,27.886986,7.702791,13.487457
24.358404,16.742350,7.200946,21.582850,5.269025,24.108746
20.709780,13.824960,9.327214,57.038170,14.648113,20.654123
51.736782,28.923437,47.170788,159.318665,40.076694,107.316177
10.608124,7.296869,4.062990,13.598007,3.504558,12.852121
18.110035,12.077905,11.318744,63.452080,16.238491,19.689886
36.857315,23.956785,16.779894,82.467430,21.274488,19.276245
13.886269,9.410144,4.697769,25.225286,7.174227,6.796816
16.176767,10.818571,5.253458,23.442852,6.554185,9.541052
20.892237,13.711849,5.308268,34.813046,7.746566,26.301092
40.342697,25.773693,14.737198,53.196392,12.638058,27.607924
11.898293,8.226076,4.014697,1.562000,2.485752,8.857644
49.294876,28.938471,28.623188,99.537445,23.945530,51.601448
19.979406,13.545006,5.953854,36.191673,8.401729,5.388036
12.832260,8.344927,5.188125,20.838062,4.758043,8.779116
25.119865,16.256783,6.888496,32.252510,7.638575,12.805166
25.379709,16.643841,7.654283,45.227280,11.354568,10.905900
8.284770,5.883485,10.368586,9.448689,2.682298,13.281347
11.080733,7.195406,9.120644,43.329762,14.173965,19.905396
16.621328,11.013366,4.928195,17.517771,5.074372,8.348321
9.989254,6.705290,10.763194,58.122009,16.635059,27.799412
60.939278,25.989574,24.749218,98.091171,28.786304,61.126438
47.659794,21.270985,21.153984,104.933990,24.618294,51.273151
22.542326,14.866312,7.677758,36.382137,8.233811,32.384064
18.625145,11.955575,4.688107,33.223423,8.328429,14.859967
54.674923,32.811241,30.930132,86.086494,21.470911,42.703987
11.757192,8.423676,3.463643,16.964134,6.148865,3.628522
19.927660,13.325840,6.424690,22.782352,3.876999,4.839306
38.223030,24.141209,13.990795,81.155739,20.685709,27.506073
20.974640,13.861752,11.208098,60.848850,14.727593,31.452242
14.122270,9.531351,8.222462,44.153400,12.583400,20.273714
9.373280,6.586995,4.160820,12.410379,4.235893,15.786944
45.856964,26.466200,35.543987,158.328278,38.789700,69.170860
12.606013,8.085437,4.645174,17.649799,4.703909,4.880706
14.031537,9.296185,4.960880,23.816051,5.270349,8.347901
26.120859,17.594641,10.678249,64.994568,18.548779,19.775627
14.064448,9.469373,6.383146,81.301277,21.506744,29.074469
23.813362,16.404835,8.692741,36.246204,8.403929,24.146795
17.588322,11.536382,7.993050,54.171791,12.130253,43.257442
12.578690,8.748246,8.437941,53.252880,14.800764,12.465688
10.577160,7.334663,18.171486,49.589371,13.040434,34.851315
15.264358,10.397675,6.606164,28.275352,6.567343,20.312250
21.832590,14.828047,5.999286,25.910326,6.551623,14.751016
32.291664,20.222597,23.208618,130.115280,32.903290,102.489456
14.123996,9.979208,4.398408,22.904514,7.029396,10.377813
15.195330,10.211776,9.518499,20.343887,5.304288,20.209290
19.790133,13.825010,8.128180,34.795464,8.301467,11.935483
20.818481,14.310509,6.506894,46.017159,13.414533,16.193293
22.197893,15.074020,11.889072,59.399532,17.805962,27.037989
11.584205,7.957099,3.500206,22.888250,5.747158,15.162459
60.093140,29.952242,82.678375,461.631409,115.703743,265.439423
30.325094,20.068361,13.399321,49.986645,11.109292,22.016550
16.752960,10.820101,22.879679,92.728302,22.823214,55.677681
36.736130,24.194193,11.164942,52.683941,13.442351,31.631344
33.942226,21.593998,10.242694,48.944698,13.169466,19.581547
41.106358,25.856386,14.026942,47.599426,11.709289,28.069986
18.201122,11.452052,10.456487,38.885845,10.743638,13.219464
29.572144,18.977678,13.942907,79.771797,18.002045,23.336777
13.695513,9.554976,5.926906,22.985590,4.873508,13.055767
24.050127,15.726298,9.865828,30.172407,7.950965,24.088615
23.661163,15.949730,16.896698,81.346657,19.274626,63.617149
22.138746,14.442732,6.124863,35.445076,9.754163,28.303551
12.775826,8.926680,8.741590,38.761402,9.852084,19.852083
5.835270,4.167500,7.267636,33.794453,12.017614,20.328058
36.764648,24.448456,11.365899,61.391834,15.184683,31.078442
13.588980,9.436189,4.374216,38.033939,6.966295,15.015217
15.362366,10.056084,11.836790,61.925774,16.711674,50.587746
39.146313,24.693735,17.718248,91.086700,20.586899,43.829594
29.321962,19.496969,8.629684,56.166012,15.466279,29.284065
7.149087,4.836439,10.085862,60.205120,15.043547,16.444654
68.804787,42.018017,48.144218,209.169159,49.898705,123.149277
49.944084,30.595381,25.709902,100.795090,24.738352,48.285717
16.432524,10.994951,4.425558,20.156326,4.866940,14.443042
48.220463,29.961758,21.289684,79.909866,19.750790,35.194561
16.729553,11.369821,7.618738,27.994274,9.777644,12.578151
15.735826,10.233888,6.341234,18.179291,4.858047,13.345528
14.541745,7.437577,5.296039,27.556545,7.939444,15.449872
14.296851,7.538749,5.536493,29.392735,7.708122,14.943950
15.533096,10.197330,4.161656,24.053328,5.514297,9.676394
22.635054,14.899539,5.970832,23.770012,6.905801,10.978664
6.142565,4.276067,2.715619,17.441236,3.948821,5.602635
54.544861,19.196787,28.611744,119.861649,32.468639,79.982758
52.956501,19.276552,28.738722,128.173508,32.468296,75.552475
32.067059,19.907839,39.017048,149.692780,39.616764,78.058502
24.332293,16.067970,26.116179,114.913887,31.219822,105.521698
22.738375,15.195000,10.068981,36.035591,10.176076,7.547316
66.526230,39.278187,20.651409,111.002266,29.210789,31.839832
16.394205,11.549441,4.953457,26.080153,6.917976,23.145426
47.518230,29.910257,11.011621,55.928665,15.429875,48.601574
28.693701,18.512907,8.102782,42.018353,11.070317,33.873955
13.452020,8.994997,16.501890,45.500771,10.466581,32.537109
12.417418,8.521002,4.941337,18.401001,3.727703,11.168189
11.199528,7.589096,2.624823,9.468449,2.610565,20.748571
21.436312,14.001160,11.677693,81.085770,24.476789,63.513191
75.507538,36.249622,65.819031,253.050385,63.532108,131.688477
36.806210,21.770529,27.238346,84.968750,22.151564,77.537697
6.346850,4.354382,3.795513,9.612807,2.456772,4.964267
27.843225,17.567326,18.361336,63.080132,17.076166,44.977890
31.972971,17.855381,27.469114,76.547516,17.342815,13.497696
12.084788,8.025948,12.331705,64.174026,17.657722,39.435169
12.278230,8.627781,3.705513,17.707510,4.822664,9.635412
8.731567,5.971200,4.048317,19.848181,5.562413,8.684010
24.722050,16.028822,7.418405,24.439005,8.019148,17.092896
35.221695,23.020899,12.695011,44.257946,11.743506,27.067453
11.347935,7.441561,3.409986,14.196867,3.414512,15.666034
12.980272,8.844172,6.919074,45.248337,12.573500,10.265318
24.774025,16.111576,16.099016,104.893280,29.297411,75.801163
8.831188,6.168676,2.795554,23.523407,6.157105,6.382463
65.357117,38.056404,80.693832,232.693802,58.334724,188.136429
18.638193,12.311676,8.779425,58.303730,12.731377,22.729500
37.776970,23.524109,18.913963,103.681412,27.641087,77.415428
25.023634,16.802925,14.760806,70.633430,18.425722,38.272648
8.738140,6.015709,2.875683,16.049225,4.717908,11.213997
7.339719,5.135023,3.821725,15.096476,4.561121,10.126365
36.996384,14.366786,19.442593,91.163475,23.118931,39.056332
34.841946,14.343480,19.500633,94.821777,22.099493,36.232391
25.083935,12.544742,24.901917,87.116211,24.315926,48.948250
12.798665,8.108083,4.215717,28.040781,6.037431,10.545894
16.241907,11.030560,5.129042,26.702517,6.273283,19.005865
82.586731,40.489853,70.583221,194.292206,49.716717,107.254425
25.035566,16.586805,8.098989,37.931980,9.637861,18.384844
29.623940,19.219728,17.635695,120.902512,33.358273,40.857342
66.917397,35.562122,39.967014,176.235550,43.392262,117.185410
25.521210,16.649963,10.735502,71.536751,19.462427,28.504139
19.441469,13.214278,6.483819,27.018673,7.402769,26.162634
18.962963,12.903475,4.908932,20.681002,5.647470,9.775807
37.416874,24.657101,38.778214,136.553345,35.334152,81.231049
10.237615,7.117639,4.199476,11.348776,3.906719,13.059770
17.023588,11.548852,7.319917,24.243484,4.471303,15.445336
18.785994,12.440557,6.124429,23.035925,7.978011,18.730553
8.654924,5.958079,4.092093,12.869360,3.796780,5.663594
10.839924,7.473633,3.487064,17.756208,4.339651,4.573832
25.894289,17.378450,7.124957,27.430494,6.642960,12.532926
8.453279,5.983829,3.552728,20.285820,3.538337,6.110260
33.502541,21.991407,13.831127,49.906818,13.316367,38.299408
30.165768,15.254302,17.603247,57.660286,18.385311,30.391104
17.705212,11.532720,16.272316,86.215164,20.412958,41.747444
46.451874,23.279686,36.435555,154.536453,40.371994,100.897789
11.319036,7.580584,12.125694,42.677063,11.965319,30.616776
15.037179,10.012936,10.039416,51.591835,13.206096,28.953360
5.402128,3.771087,1.767780,17.244738,3.319325,6.234319
13.656408,9.465039,3.153033,24.768629,5.809045,11.045294
12.425214,8.186908,4.839460,18.392345,4.668630,7.026005
30.078400,19.852066,8.552610,52.114552,12.906612,30.817215
8.006651,5.613803,5.217072,19.102322,4.815532,8.421057
27.458559,18.341024,10.674647,49.587807,12.984776,26.357407
31.956778,20.056084,33.527637,114.155212,30.776072,70.067039
36.220078,24.156534,19.635725,91.137901,23.707781,47.105377
30.721781,20.510662,12.665054,49.949448,13.830647,20.792662
8.545515,5.863480,14.814109,74.235039,19.650085,44.398354
20.820232,13.654385,6.164518,31.702887,7.838426,20.578421
37.901630,24.345922,7.680304,51.955593,12.152516,22.597542
16.701694,10.893654,9.837266,41.521908,8.413948,30.509115
56.129971,31.327494,23.542109,105.051682,30.018051,38.878258
8.456038,5.367581,3.249619,12.791956,3.290080,6.972641
9.448727,6.486009,3.554778,19.756184,4.162638,9.131141
29.643456,17.551020,46.681255,228.184692,58.979259,163.411133
4.557041,3.222748,2.000517,10.135092,4.136918,4.644479
13.955791,9.330148,5.678640,25.850197,7.117700,18.384033
33.116154,22.140965,8.955287,41.724266,10.943999,6.282087
7.513478,5.206176,1.823435,13.358153,4.008173,9.915128
15.571447,10.717978,23.068136,74.233360,20.916374,31.263962
10.758407,6.874740,2.215980,15.544041,4.198709,9.054560
39.473259,25.231689,22.321127,115.546181,30.271725,47.632668
28.709587,19.297113,9.170652,44.309410,11.338544,42.390041
36.354305,22.218008,30.548363,115.396126,30.511595,64.308662
36.870857,23.604998,11.140100,35.567867,8.973681,26.488102
12.384727,8.558846,6.065348,33.760975,10.824397,28.240761
10.975360,7.205843,3.640362,17.572779,3.265102,9.595652
22.389250,15.013267,14.805144,58.138058,15.303528,53.007137
5.912963,3.950399,6.091349,17.198759,4.546407,8.034610
31.033979,20.718182,8.681544,37.835506,8.304159,21.775993
25.500525,16.401501,25.011766,113.178162,30.516525,52.488144
40.954144,26.441650,46.380013,128.910782,31.641014,99.533676
27.045694,18.251812,9.980309,26.602985,8.000399,20.865402
35.265118,22.185553,11.708092,39.502346,10.442940,12.454468
40.634975,24.067520,29.267801,161.410934,44.080864,108.683510
41.240524,26.768150,10.431791,79.050537,23.259338,41.614704
15.858009,10.831603,10.803129,34.567589,9.676275,17.989477
5.399690,3.348250,2.492444,14.922195,4.572038,7.643785
8.273338,5.691584,3.508669,8.010274,2.179795,4.018386
29.492523,19.155834,9.440330,47.688141,14.553123,26.413546
6.647264,4.665236,3.249907,12.201367,3.862090,10.981577
12.127245,8.417650,7.676914,25.781572,6.672863,8.527220
14.221549,10.111516,6.793161,37.742462,10.658461,11.067504
6.512274,4.788188,4.508319,24.125626,4.387736,5.452188
29.949165,19.886528,7.948840,36.081650,9.970975,18.649496
7.560571,4.910808,1.063740,12.814573,3.671467,4.735569
19.428118,13.253634,10.837952,46.927345,12.867787,23.408913
26.995239,17.179140,17.618031,75.754936,20.085297,49.130440
30.225285,19.805777,10.889675,34.837418,8.010675,18.067207
17.781298,11.814125,15.711605,61.333069,16.670931,19.405617
6.418367,4.284576,2.272763,17.016111,4.131327,7.370741
38.355572,24.438484,14.827731,49.014610,13.124674,18.984968
6.932420,4.604148,4.465590,19.644920,5.463470,6.691578
18.867168,11.873694,23.861259,74.740021,19.363922,47.400349
11.771121,7.962815,6.163860,24.285341,6.816265,17.884230
9.930525,6.858377,8.507305,25.081022,8.011687,20.736399
9.123170,5.864832,5.906224,33.505520,6.675703,14.275764
18.374523,12.032223,9.863679,61.701340,20.015366,33.257595
7.137311,4.785923,7.604559,21.953394,6.777311,16.683928
6.997922,4.967374,2.791415,12.957306,2.519500,9.019005
21.960178,15.144723,12.997727,51.379963,13.464685,30.951530
20.746111,13.543182,4.576179,34.838024,7.706254,17.664148
21.311399,14.112711,8.317370,61.343502,15.069707,37.618458
24.998318,16.821409,8.375883,35.297680,10.241673,17.688414
10.477809,7.198743,3.876636,12.255653,4.836495,6.239180
5.498214,3.965917,4.332993,13.855278,3.750218,8.309317
4.470072,3.178653,1.108831,7.677199,3.492922,6.159873
29.538576,15.830832,19.256332,85.504440,22.432596,40.249073
19.948069,13.660826,10.458244,26.723232,7.627814,12.712076
56.996811,34.501446,15.577375,93.195946,24.611559,50.771393
9.404123,6.322652,1.574108,15.942966,4.683980,9.864030
17.898800,11.716219,17.793072,74.752052,17.777258,26.685038
32.733959,21.270706,13.494225,58.698483,14.255572,22.624731
23.328121,15.293721,6.817968,23.559908,7.314903,17.955620
37.597225,23.737421,10.220615,61.802429,14.254927,43.370747
24.282736,16.566816,8.218604,27.370874,8.974959,22.036509
33.282223,21.116375,17.817196,100.703537,25.577538,69.063629
36.521500,23.513386,20.649136,102.551697,26.779736,70.516594
16.568071,11.188227,7.251624,33.264240,9.007922,35.148434
11.637090,8.568859,4.807374,27.657257,6.064036,10.522182
19.597399,12.730914,7.443591,29.158865,7.982502,29.535955
6.364532,4.324610,2.174935,11.729438,3.466709,6.206220
9.710464,6.420211,3.481879,14.141148,3.714246,4.905953
5.484427,4.090459,7.128177,26.356493,6.027761,10.197108
18.841238,12.382624,7.040417,33.010860,7.593229,19.336643
14.036697,9.290145,9.930261,34.875072,10.639050,33.403500
9.775378,6.693347,3.122402,17.449800,4.849188,9.292318
16.565033,11.248195,9.956818,33.808243,8.473091,18.485994
62.788235,35.013245,74.876892,318.097015,84.014145,165.583832
10.793759,7.226129,3.764493,18.576593,5.166123,11.211040
7.274910,4.859531,3.083999,9.276567,4.031127,2.919938
77.952850,46.865383,47.532345,198.279266,48.988316,147.433792
45.910664,28.726284,43.881279,143.956116,38.892845,59.301994
9.527699,6.643562,5.228827,14.786452,4.311476,8.855446
22.250866,14.862242,11.289967,38.810272,10.045808,28.105402
5.333564,3.643056,6.781460,24.119087,5.509522,7.873326
21.827797,14.807336,6.093854,26.604422,6.630658,23.977524
14.120809,9.858831,7.892209,21.986034,5.730502,13.452559
60.406631,34.025143,63.092926,251.160324,63.650131,151.477356
27.957190,18.551500,9.244086,36.381168,10.102912,25.309454
13.187688,9.275972,4.912954,21.861149,5.895454,17.371632
20.774647,13.915072,5.784559,34.052853,9.666015,14.226124
20.609222,14.051132,10.584580,30.992397,8.601490,44.411987
46.747761,27.681183,17.532976,96.971581,25.882292,55.949528
15.832934,11.206063,4.551946,28.549177,7.109816,16.054731
14.131889,9.176070,4.670211,18.873026,4.909483,17.073153
6.724051,4.586246,2.374233,24.764790,6.232327,9.720606
11.852901,8.086449,4.829635,40.750927,11.567927,29.750549
9.110536,6.482331,5.115210,19.062658,5.359771,8.269462
25.570093,17.463326,18.062475,92.728294,26.143255,29.955246
5.795447,4.209011,1.912704,14.695761,5.000554,6.257467
12.525430,8.138682,5.105361,19.002033,3.833184,10.838295
24.612268,16.633316,9.152500,55.083813,12.724669,14.009095
5.834918,4.136711,5.827113,20.622311,6.800776,11.760489
38.638214,23.409496,17.483843,85.995728,23.345963,79.056320
5.776678,4.052876,4.380384,17.053282,5.182368,10.416686
11.857916,8.031300,9.288304,45.861732,12.730964,40.951672
11.596632,8.032819,4.454971,17.305920,4.329381,10.579919
28.849638,18.534538,13.089704,51.186501,14.199818,22.405039
20.347832,13.659263,13.303219,53.001381,14.598520,45.062435
25.870871,16.513111,12.463294,35.839706,9.654015,18.556028
26.245436,16.895332,16.255999,110.823753,30.385973,51.608459
26.050877,17.830503,7.776646,52.393471,13.229044,51.212067
11.948732,7.725758,4.084610,26.498907,7.169672,27.283735
45.540337,28.204857,22.871178,82.793755,21.932981,37.394695
10.052487,7.468809,3.340553,25.575090,6.776277,8.825889
48.094547,27.639263,40.900024,132.159409,32.823685,119.430817
7.972621,5.379978,3.382622,12.384603,4.153642,8.687360
7.769753,5.444639,3.999461,23.500668,7.164186,16.571028
14.236072,9.589467,5.499438,18.096941,4.249977,15.440578
11.542191,7.707798,2.604050,18.882521,6.265872,17.073719
15.274064,10.644313,5.065138,24.352024,7.565729,18.707285
5.894993,3.950629,2.836864,10.626748,3.750609,5.520134
6.451072,4.699350,2.863767,8.992210,2.884793,5.921031
13.933772,9.709478,5.149382,35.002750,9.974936,17.114250
8.474845,5.928816,5.034211,13.399911,4.399018,8.896648
10.656741,7.138816,3.605574,21.839172,4.343937,17.350567
11.938236,7.652133,3.425304,12.457370,3.066852,12.894437
15.320427,9.831584,35.641556,195.072693,50.204094,135.655670
13.876207,9.546115,4.536809,17.532940,4.405574,28.120132
29.371422,19.494413,10.243324,23.790636,8.412414,25.038595
9.363058,6.423996,3.605458,18.325031,6.122553,7.870707
33.340858,21.238285,13.585365,64.450432,18.155310,33.742737
24.863707,16.531895,9.871047,42.577221,11.179868,32.609886
6.653936,4.368847,10.616850,31.245039,6.742274,21.813681
22.168991,14.974827,6.979737,24.549166,6.312711,23.671885
12.191216,8.552731,5.456604,15.974033,3.043465,8.537805
38.596455,24.079241,9.944888,54.437469,15.421828,27.175079
49.083229,18.591173,28.965837,132.743759,35.685009,53.374638
48.244652,18.512938,28.794476,134.810516,35.523724,51.455696
19.461838,12.991212,5.220620,30.250446,8.361421,9.045407
7.870232,5.478382,4.426183,16.217766,4.909743,4.484293
17.757137,11.814418,8.460766,52.210552,11.583489,17.280989
7.594408,5.268810,4.055433,37.481411,10.681211,5.657259
18.838758,12.766215,14.154275,85.379211,21.887989,29.807457
5.476187,4.230662,7.072638,13.562119,3.519521,8.686460
19.760147,13.324996,4.069637,38.364803,9.285841,13.312708
22.057205,14.656578,16.338978,84.921944,23.043985,40.054718
8.742656,5.878578,3.571791,38.795650,8.932800,18.360338
12.586740,8.340646,3.347891,20.127825,5.549680,7.474090
22.569679,14.770293,15.347390,87.120041,22.884510,32.996227
35.434784,21.806572,15.176684,71.954010,17.408857,38.238132
10.565380,6.907345,2.614842,15.366279,4.409430,8.095668
23.174063,15.578924,9.014145,41.894180,10.624656,15.767692
34.500584,18.632875,35.753265,108.328590,29.335386,114.502586
21.200123,10.013161,32.478596,125.354691,29.688944,67.057304
32.980904,22.509327,11.605017,91.727501,22.360445,27.995022
10.194467,6.887513,6.450249,48.324657,11.021317,13.822989
14.492888,10.149698,14.529631,62.000713,16.805510,30.377625
16.720646,11.137774,9.592451,49.171898,14.127140,27.142059
14.559033,9.661899,10.743838,46.624489,12.718657,27.959867
22.599039,14.674652,9.921471,49.154434,12.187140,37.976475
7.041791,4.548370,3.183636,8.380279,3.067458,5.073547
13.288026,9.238899,5.085334,26.533749,6.367301,11.219276
52.748116,30.788540,34.771721,119.673477,29.539207,103.406677
23.310081,15.160969,9.674847,51.427670,12.674138,31.342831
10.384104,7.048232,4.548745,35.040970,9.603297,23.264938
19.855415,13.249340,6.995656,21.807024,6.099782,13.481250
8.672937,5.954405,3.513134,26.854010,6.572281,10.240860
23.773726,15.892193,8.918384,52.870304,11.564685,17.258400
18.281523,12.959130,6.362295,28.665905,6.940234,14.639000
17.318108,11.523545,11.905056,51.987896,13.644402,20.887503
75.708626,45.880219,32.878464,146.001312,32.855339,81.918671
25.045513,16.126003,10.280946,46.236710,11.710115,43.416836
6.865935,4.988163,2.650996,14.568117,4.282893,3.434111
29.568871,18.827202,18.229776,89.180641,22.969950,27.816710
14.106138,9.442735,12.265127,37.208878,8.496328,33.870796
15.960958,10.648859,5.420557,25.036932,5.151995,12.400014
28.742434,17.159250,21.373709,112.771172,28.339489,46.251640
14.427941,10.053884,10.238585,41.885773,10.913095,18.943653
46.560886,29.553886,31.819456,87.491936,20.012966,63.246017
7.824981,5.739565,2.757638,9.576391,2.202847,2.813480
22.388315,14.965192,9.602201,39.058567,9.059050,18.536991
20.098270,13.796076,9.711916,27.249811,6.881659,17.184343
15.133459,10.658142,4.735097,15.217237,4.532019,8.586222
23.168919,15.153142,8.235455,53.751278,13.565384,53.469700
40.477829,26.209364,15.227911,64.555611,17.293928,42.924568
7.453333,5.229339,3.814613,13.511787,2.627559,5.576157
17.321735,12.061913,10.261080,43.859951,12.310055,22.213234
25.067102,16.898575,5.636602,45.823380,12.567290,27.712183
18.986483,12.749457,9.690452,38.468025,9.537190,7.738881
7.850919,5.194582,3.223865,10.790786,2.353358,4.992873
41.091110,23.294323,58.949566,169.311920,43.478092,40.426537
15.036094,9.513262,4.180054,23.684313,6.661396,44.897408
5.027547,3.404328,7.443364,42.236462,9.841158,35.490246
22.427561,14.452256,6.589005,36.106205,7.421142,9.148664
26.988598,17.425085,7.900852,31.105906,8.275071,20.182518
5.907559,4.350276,4.894405,17.147587,3.427751,5.932477
15.755337,10.653614,9.222364,32.136299,9.506605,16.590643
10.014720,6.784450,2.777622,15.149107,4.040082,7.545497
20.160200,14.028325,15.235476,33.748276,11.391840,37.510441
16.523691,11.104295,10.886342,50.680740,11.467416,27.621592
18.415491,12.654973,4.934145,31.436716,8.019072,17.385349
23.811150,15.318287,8.967895,63.821056,15.546245,20.120907
17.675220,12.391959,5.243999,23.351509,6.207149,9.409855
15.586929,10.397960,5.122288,21.387596,5.492278,10.926421
12.725496,8.625511,7.018135,39.185047,8.904258,30.866776
20.982515,13.748488,8.795023,49.112103,12.470794,19.794497
11.623171,8.100867,3.879673,12.308686,4.239970,10.634356
10.563401,7.411086,5.730546,34.632275,7.674419,21.010509
6.096949,4.135486,2.976640,8.849379,2.134036,3.756855
33.554420,21.551325,11.680513,52.767384,13.778770,28.463018
13.625999,9.237365,12.190931,42.445965,12.383042,17.622774
39.970470,26.021675,13.282516,43.876091,10.582601,23.701536
11.148573,7.811096,5.402283,28.945396,6.018360,10.988855
19.638210,12.612222,7.624268,23.632408,5.024418,13.893203
15.562419,10.857491,8.138637,34.539288,9.744171,12.735608
56.982117,34.962704,39.811527,151.110016,35.693935,91.148514
45.606224,28.549963,13.047751,65.302116,16.799404,32.693886
5.412863,3.538850,3.070240,10.155496,3.071584,2.068512
20.328644,13.065611,13.739569,53.468506,12.103724,30.388472
70.351654,38.811501,31.974468,121.394890,31.771742,65.892090
8.440265,5.947856,4.242159,15.063555,4.712808,18.364166
12.182210,8.219211,13.714994,62.151691,16.100502,28.636251
7.836683,5.169323,3.575737,15.851125,3.284471,8.361791
29.212988,19.491522,13.756904,47.367668,12.052261,28.023939
7.386313,5.431602,5.821801,56.807564,14.539817,14.066150
27.063848,17.008228,17.455664,82.485367,23.852367,58.708271
18.414721,12.346896,5.376023,20.520500,4.814428,12.781863
17.669718,11.623529,7.125727,22.664745,4.653596,8.497457
4.432379,3.138479,2.328792,5.838635,2.492558,6.676877
65.409691,35.696148,30.731716,162.999405,40.694973,78.064224
17.096508,11.554637,7.037039,53.213200,15.105307,17.150892
8.834436,5.807999,8.955919,35.615780,8.311490,21.576982
11.406837,7.740087,6.883050,30.661331,8.844051,13.319579
10.372206,7.090578,5.292863,17.730873,5.319546,14.257013
26.582094,17.469219,8.171726,25.645773,6.255352,19.236605
31.765562,20.674870,22.962225,105.501183,26.388409,119.922325
18.535269,12.095977,7.655534,32.385448,8.162308,21.900755
19.354736,13.094424,7.352441,22.453070,4.792296,2.910590
39.176197,23.912519,50.452370,177.966354,43.056023,105.441017
13.876715,9.332450,9.000065,54.304482,12.806654,11.319207
33.057449,22.145651,22.323071,43.439373,10.501157,38.109261
12.874038,8.800190,4.715972,32.233952,8.148026,2.178160
28.131510,18.630264,18.965532,80.056023,19.688488,54.264774
16.672026,10.513724,6.581418,24.449377,6.553626,19.589516
13.697019,9.323929,4.764116,14.220838,4.325386,11.296179
5.995302,3.757722,2.569246,11.906593,2.726421,5.026500
26.134794,17.282722,12.745484,57.460548,14.671264,44.521530
10.929179,7.302710,6.600473,25.617851,8.221843,14.386684
14.911850,10.144249,7.466386,44.718594,13.572474,29.858955
11.002647,8.153865,3.459994,17.693346,4.592364,5.416627
55.383629,32.270878,50.815166,212.064911,57.161564,122.683578
7.522939,5.334209,2.464257,10.126538,4.544107,5.713089
10.895051,7.563000,3.621543,16.425089,3.885400,10.601782
20.536493,12.922582,12.037412,59.185291,14.850496,35.036236
19.372307,12.927072,9.373232,46.091347,11.334240,23.816837
19.476681,13.281183,9.896384,60.480049,14.115543,22.004274
10.595947,7.423971,2.859368,36.394329,10.185055,19.441069
17.107117,11.542299,4.969267,35.390141,9.238038,28.801847
6.947169,5.338114,2.818773,11.220943,4.812274,7.484546
31.530891,20.787125,10.885775,64.285629,16.865379,27.137138
13.740686,9.433859,4.703036,36.627785,9.081150,36.693020
13.095099,9.022793,7.017983,31.050941,7.802129,11.872695
14.049154,9.501645,5.224297,22.209593,6.942226,9.890335
26.859753,17.089251,14.629189,64.792984,17.559631,40.335716
22.792343,14.906961,8.357633,28.152365,7.096766,17.370340
20.450193,13.787865,6.198868,27.141459,7.459830,27.575462
20.647951,13.777722,6.909724,35.179974,10.285285,22.307169
19.848375,13.434031,6.725830,30.772411,6.543234,12.740348
25.447975,17.272722,9.589407,51.923668,13.078258,25.258387
11.913334,8.126040,4.355609,18.956076,5.569693,6.205334
43.041866,27.322212,14.322564,60.850868,14.370109,30.666588
26.713793,17.993402,13.275833,32.518124,8.822042,35.486889
17.758591,12.143486,4.460270,33.131474,10.355350,26.711426
3.898441,3.042417,3.105778,10.089717,4.690650,12.361347
29.070379,19.351810,9.825145,30.084591,6.799344,10.958869
32.277180,20.824650,10.518302,40.732235,9.427852,16.994823
60.443268,25.786400,31.149925,147.117767,39.415115,119.621758
10.292195,6.700348,4.122622,20.546659,5.645623,11.322567
17.769354,11.751200,13.066019,77.032417,20.516731,37.953003
5.344388,3.564411,1.562389,12.114979,3.978701,4.263530
69.978958,38.620003,40.648598,201.364670,49.848469,127.205360
14.470157,10.092513,5.528277,17.518709,5.022617,11.982745
17.270531,11.717778,2.658745,19.537006,5.686174,8.555753
41.051487,24.977655,14.262939,48.316879,12.543439,27.858746
15.412642,10.377121,4.825585,20.230944,6.013039,14.063161
17.021099,11.957060,7.399523,32.659367,10.151699,29.005112
23.601734,15.055531,19.318859,135.183136,39.577377,67.260323
10.376011,6.945336,5.146812,26.778198,7.870673,11.281806
17.540653,11.782796,4.713286,15.125513,4.592176,10.376464
23.198294,15.511560,7.818338,25.771564,6.794596,11.262598
16.397173,10.822705,9.743435,57.570190,15.048797,16.078001
61.898113,35.077175,44.485962,186.968658,52.179169,95.020607
10.837607,7.027024,3.485200,25.810293,7.015244,7.779066
15.287360,9.913581,4.454153,20.304798,4.516908,9.994032
23.054226,14.614662,13.925057,47.899815,12.405351,27.063211
34.671036,23.483412,12.386794,42.825783,9.332819,26.410696
26.014534,17.100832,9.179521,38.345226,13.451988,19.921911
31.411913,20.149767,33.998638,125.271004,31.335499,99.158028
23.857203,15.885532,7.401996,35.295090,7.463384,11.678758
40.019699,16.431646,22.761166,45.848629,10.272874,33.218433
39.704330,16.508192,22.846388,44.838898,10.982515,32.356304
15.109364,10.115408,3.665404,25.200489,5.451609,9.580534
32.960911,21.999123,9.636814,42.449009,11.802498,12.060488
22.172071,9.413377,8.848098,36.305233,9.620243,18.834715
21.209354,10.111887,9.239145,41.646240,10.549058,19.593409
39.090603,26.033804,13.406209,57.977543,13.447879,18.668148
24.800705,16.691582,8.851291,45.371674,12.152469,36.441208
29.796589,19.440395,9.884976,33.508564,8.107432,9.553189
11.026298,7.134449,4.850145,23.219387,5.075523,10.896291
16.395054,10.926764,8.988571,52.874893,12.395463,58.949875
19.154039,12.873467,5.745874,20.253220,7.119358,20.975918
17.867069,11.943464,8.346961,47.146671,12.899511,16.058401
7.206032,5.367529,2.027358,19.148485,3.932535,7.127861
62.267811,27.710079,90.930237,312.514771,78.067497,201.293060
38.150978,24.082846,9.057933,48.223080,11.338799,35.220547
5.146652,3.684463,2.451568,18.711859,4.836166,8.306836
4.383790,3.034359,2.015609,6.400178,2.240232,3.412666
6.183874,4.440841,3.626668,23.715672,6.040832,14.243881
63.445702,36.637886,27.252031,103.776726,24.266090,74.696259
7.447401,4.361171,3.331777,25.101295,5.246858,9.593309
25.966988,16.721050,10.694026,25.522814,6.329530,19.752106
14.859771,9.873287,6.932296,15.554274,6.095679,14.014680
16.723995,11.066905,5.715048,20.344488,5.650367,5.771268
9.093597,5.956678,4.382689,21.349766,5.467010,8.902300
18.418539,12.551266,4.909862,35.578148,9.520722,15.885130
21.117935,14.052502,7.453681,26.776196,7.210091,14.842438
33.278652,19.820618,45.444016,171.080521,39.547050,122.619476
7.726212,5.213006,6.157757,37.243168,9.775455,31.306892
25.796818,17.535604,6.488690,44.035820,12.155199,26.793320
13.396834,9.422467,5.737175,23.297266,6.564587,8.759794
28.198273,18.853937,11.346553,27.116116,8.827870,20.157297
29.049793,19.131678,11.829635,52.741295,14.419739,20.015242
6.032818,4.438994,2.825725,20.906761,5.793396,7.543397
31.243893,20.746397,9.847274,36.538700,9.177163,25.319622
5.596877,3.678965,3.298391,25.345816,5.225510,12.436503
11.654815,7.804143,3.984855,16.285938,3.557527,9.698941
18.151945,11.964915,6.665988,22.574162,5.057624,15.082893
22.849197,15.275245,11.507956,36.607445,9.087869,27.086660
15.802245,10.853119,4.719891,13.978427,3.145715,12.448735
29.057507,16.898054,32.442757,156.499146,41.058151,109.743225
14.235122,9.725644,4.322217,24.072376,6.936874,15.575281
28.018053,18.334902,21.858059,38.041115,11.574065,36.245426
10.220926,6.779327,6.923235,34.501999,9.893567,25.406332
42.657509,23.861750,48.980038,185.929367,44.584881,143.683899
4.856160,3.563111,2.380877,20.626097,5.086355,10.980297
18.378153,12.205185,10.020350,37.136135,9.257232,32.408691
9.673439,7.101621,4.543621,26.684710,8.763607,19.647324
57.889194,32.544514,36.937511,126.484009,31.340111,52.866280
13.666317,9.162949,6.624309,22.241314,7.424218,7.338368
12.988143,9.071762,5.154347,24.946255,5.742743,15.052478
19.695360,13.078143,5.145217,40.280212,11.106670,18.101652
35.496216,22.917027,12.028008,67.393143,15.857432,15.101282
32.030235,20.956907,9.826510,43.962322,9.597998,13.349090
16.931627,11.131382,4.534122,20.573910,6.372429,8.352682
20.391306,13.754871,6.640545,25.356354,7.966958,34.870506
6.278594,4.151880,6.298651,34.547966,7.960773,23.888229
10.483537,6.984214,2.770604,13.187199,4.264379,8.878416
51.155338,33.945061,50.706528,237.267792,56.474125,121.084915
10.377813,6.991085,4.915860,46.958683,11.946826,17.684223
21.222298,14.131447,3.771254,46.301460,14.424752,24.522356
49.121922,20.272980,42.315613,149.803619,39.635033,84.940041
14.245768,9.788252,5.545683,32.910774,7.153779,17.810167
12.414643,8.578563,5.777693,14.962197,4.012848,12.476633
23.303701,15.208254,31.822838,124.678299,30.800709,71.048508
18.795568,12.683151,10.422257,26.723633,8.916040,20.225401
15.390149,10.617688,6.705583,40.582668,11.514396,20.593140
14.419381,9.842106,4.137840,20.604191,4.260875,13.581875
10.084512,7.412212,4.147392,4.332282,1.345072,9.220058
26.895924,17.070107,14.575112,78.658501,16.540226,34.157673
12.868842,8.877893,3.572984,18.196302,5.091257,13.562434
54.663502,32.741459,37.613041,136.263062,33.192505,107.898933
20.396940,13.885602,6.888362,32.982265,8.933444,13.934962
34.299568,22.484015,12.836154,70.340309,16.162987,68.524376
16.699251,11.267011,15.269943,61.596035,16.520237,47.481243
34.099056,20.383368,8.649207,52.447239,14.565724,21.408995
23.401775,15.372931,16.173531,92.155289,24.303104,60.225227
16.537188,11.071815,8.233132,53.201984,16.292473,33.295010
4.784905,3.514312,4.250235,6.500584,0.611592,11.141961
10.056073,6.706722,3.177770,12.061488,5.044866,11.663464
8.907311,6.296106,2.902155,14.849771,3.625306,6.417690
16.037334,10.732830,18.208229,64.709282,16.955994,38.289413
9.586902,6.886065,9.569918,34.735695,9.151085,28.808708
28.006504,18.665104,5.350183,44.460789,11.255162,11.173874
14.801555,10.169292,4.673505,16.707506,5.147809,13.642314
20.946886,14.316191,9.540111,43.065788,8.725400,19.280170
24.820036,16.813297,11.655631,58.802078,14.532200,51.167236
17.552179,11.925715,10.258530,52.060246,13.116372,15.490123
31.386345,19.744204,21.884977,100.197357,24.583050,53.612869
16.826757,11.371625,10.553917,69.862137,19.656548,45.149673
37.750832,17.258308,14.721868,74.426750,18.072550,42.522541
12.470962,8.876813,5.202775,41.014362,10.528305,14.284333
22.696617,15.255087,12.610898,50.512936,12.420499,14.952151
28.954844,18.601484,10.002952,34.964981,10.093627,12.987979
8.312682,5.729110,3.555619,12.421939,3.773668,16.553244
9.349806,6.762520,2.983734,12.700739,3.397139,8.194826
18.785030,12.549401,12.120549,49.768490,13.882853,24.675266
13.647403,8.900751,5.592098,21.504776,4.288464,13.997910
16.406599,11.216613,10.089056,44.166508,11.237222,23.542906
21.939327,15.518170,7.884347,32.598782,9.389238,18.248394
49.001385,31.509192,26.534395,93.579681,24.512102,45.039413
14.608051,9.204651,12.905518,45.604717,12.864701,65.684235
12.049278,8.382901,5.489624,23.066174,4.078301,9.852938
17.877937,12.064679,9.866156,31.921488,8.638778,22.622242
9.091551,6.363935,2.283692,17.629919,2.348011,13.273189
12.729837,8.874811,5.302033,17.666101,3.238526,8.938197
15.065936,10.183324,7.119421,27.072094,7.974940,19.939262
42.297260,24.307587,56.087467,195.668274,48.291847,99.613701
48.128601,27.429770,35.475468,121.849426,30.522099,112.344917
24.358246,16.532566,10.406343,60.474148,15.449262,44.248810
33.286461,21.218557,23.817499,108.819252,26.952772,79.979347
27.487688,17.574110,9.499126,60.947788,16.650356,15.063695
18.715801,12.467517,7.396933,27.953543,6.454787,11.732699
20.843113,13.918498,7.087541,24.063028,7.349696,23.147358
43.478088,24.415781,21.039280,88.775711,23.125067,52.790127
29.173260,18.059349,15.134503,47.052746,13.079285,31.075674
31.261734,20.190353,16.587954,71.122917,16.385784,37.460213
6.003792,4.307223,2.021786,11.249073,3.504161,8.363395
6.047193,4.302799,4.781842,10.735671,2.745368,7.607589
43.649914,26.886816,23.912941,113.131950,27.531530,73.838226
19.322548,13.157413,7.439443,34.268661,9.079667,14.584808
19.377728,12.899386,5.145032,30.788109,7.505500,8.548964
5.480518,4.051617,2.209083,6.313194,0.896159,5.122420
24.697807,16.675240,11.449204,66.916077,17.311483,25.422070
6.712174,4.764408,3.357629,15.937883,4.347119,3.508557
16.036165,11.479128,6.175426,5.390091,1.029810,13.703035
6.817338,4.547494,3.034291,29.360516,9.063963,16.156937
37.420609,24.641218,10.586041,31.807825,8.768213,13.468057
16.149633,11.006767,5.232372,22.089727,5.061598,7.346691
7.318446,5.190498,2.767095,11.444292,2.577081,8.510814
11.164016,7.633210,4.809007,19.709393,3.292910,10.660258
22.789555,14.420936,27.802214,96.691208,28.260975,93.916260
38.728073,24.231684,21.470636,132.932755,31.146667,94.613159
31.187073,19.835487,10.287816,30.275745,7.689410,22.053354
32.288143,20.999577,17.091091,53.649094,13.614996,23.621883
25.025629,16.125057,8.033273,33.958733,8.716017,10.146372
12.807024,9.052285,10.535425,26.558193,6.659598,19.018219
6.185452,4.164222,4.540993,49.376179,12.661483,28.722847
28.271152,17.529081,28.990007,87.572891,23.640335,55.247658
24.467308,9.211977,13.678622,37.557819,13.994785,43.715858
45.965302,27.707821,46.031197,138.645294,36.212608,116.025154
21.063492,14.377472,11.408378,40.331532,10.749432,14.029336
5.688157,3.735402,9.632122,52.814816,14.503670,26.069885
22.144184,14.788576,7.736036,35.372570,9.860532,9.423716
12.299147,8.402602,7.172556,24.558380,7.044957,20.078993
15.193117,10.524081,8.358389,28.556662,8.330067,11.930080
29.417885,18.988764,10.217929,31.825996,9.489701,19.145157
15.963923,10.508601,4.761876,20.812864,5.660028,8.136880
52.580662,33.349285,16.877335,81.037048,20.727943,70.898071
21.794914,14.545334,14.204727,52.088280,13.970372,44.491047
8.489711,5.955291,7.697468,32.127663,9.141766,21.726946
23.232996,16.087166,11.043774,52.722607,11.672778,16.924555
22.743868,15.006581,10.115667,47.183334,11.656291,26.180618
73.094238,34.564877,48.673878,185.051712,47.021488,144.187393
22.895578,14.973396,10.945394,37.111458,10.247132,35.574249
22.106262,13.536516,42.812469,161.568878,42.208431,77.768562
28.463364,19.185865,11.742671,50.369144,13.107495,23.243334
16.878582,10.824965,6.718418,27.736820,5.972528,10.159087
38.260708,24.245485,11.601551,59.753941,16.830383,45.573914
21.357946,14.236173,8.199800,53.320354,13.210280,34.803276
18.351694,12.446951,5.986013,26.542713,6.991434,12.537724
9.220143,6.823360,2.866902,18.381550,5.164213,9.965309
18.146803,12.159962,7.333166,36.934196,9.767089,21.049004
11.274460,7.925534,3.944956,15.610332,2.797286,6.460970
11.194019,7.209877,4.791226,16.244455,4.077860,11.874540
7.430823,5.206903,6.478327,37.056919,8.818091,17.555202
5.871709,3.972669,5.349544,14.504004,3.522977,8.885903
11.914922,7.710278,7.745207,63.823238,15.465451,36.956429
20.707548,13.763316,4.944602,28.149332,8.403511,17.894958
8.531576,5.943274,3.844312,2.507919,0.748167,3.806712
17.615501,11.574530,16.372864,84.909119,20.948380,33.329948
23.284222,15.580230,14.078460,78.692772,20.753052,32.576714
28.976067,18.499403,10.159026,48.317707,10.989946,14.076620
7.983973,5.228534,2.674542,16.007256,4.366072,6.396275
44.326942,27.272512,28.871380,105.764046,33.220459,89.110603
67.511795,35.504230,65.830154,272.203705,71.540672,152.078674
24.104050,16.535654,7.374297,53.560871,16.258675,34.995216
5.097690,3.392092,2.926132,12.762179,1.977386,6.160791
22.554411,14.878407,6.392987,26.508188,7.302132,10.626957
13.567946,8.789693,4.811194,21.858376,5.580711,12.437006
22.444239,15.495105,11.846615,56.928295,14.869602,39.807045
69.773201,37.713005,53.284260,204.088516,51.971249,134.574127
29.697393,18.885469,10.286490,53.250683,13.053949,28.035681
9.295736,6.637069,9.101319,22.383415,6.819547,19.017422
33.284451,21.799633,8.631027,49.545773,11.247186,51.252178
40.610527,25.281725,19.673613,88.910278,22.036156,106.853477
39.877140,25.594177,14.837604,48.851135,13.108920,45.515865
14.504178,9.667717,5.179268,18.215164,5.796244,12.883054
35.465172,22.757488,10.624691,56.290344,13.799279,27.533398
13.812372,9.250931,16.066761,71.599937,20.522585,40.921246
78.195404,40.077927,103.341446,467.357910,116.727493,232.637131
6.555089,4.889738,2.372036,10.447099,2.285470,3.126692
22.971149,15.543709,5.919595,27.133472,7.850591,8.152424
14.332392,9.963800,5.511030,30.265810,8.365882,14.478814
17.116541,11.528460,5.984351,31.093073,8.146954,26.039537
20.145285,13.351107,11.494860,50.711735,12.318337,17.132078
16.543068,10.908234,7.367839,28.127863,9.111133,11.030930
48.274231,31.056339,37.557362,121.119110,29.168022,50.566051
24.381685,16.242081,13.051919,32.010536,7.631787,14.338872
22.794546,15.344565,6.072910,37.928375,10.541661,12.006829
14.151984,7.898460,7.981131,20.181952,6.364758,14.549870
29.586454,19.109663,8.674137,34.918388,8.108366,11.747131
13.683578,9.410238,3.893382,22.512346,4.961219,8.595045
12.366025,8.445406,4.361417,24.543018,5.493258,11.948473
24.552588,15.979083,15.604595,51.592110,12.251266,44.903614
28.952063,19.653313,6.336233,8.535327,2.222096,11.071866
8.652828,6.405899,3.945746,20.539953,3.388984,11.518731
61.034698,36.745934,33.686649,88.217476,22.576235,127.316635
20.478132,13.884089,8.654672,27.207260,7.184590,19.091866
9.557982,7.003914,3.130474,26.204647,6.816774,8.597271
9.324987,6.470078,4.043557,11.512615,2.530052,9.450421
21.470430,14.198968,15.728992,80.600960,19.478443,43.159908
20.053154,13.917684,7.028942,28.092724,6.089304,11.953259
8.061127,5.900531,7.943414,26.951824,7.698305,34.506332
24.934475,16.591854,7.775541,20.109753,5.132765,19.269547
20.203402,14.098853,7.908831,27.572454,9.175444,18.618946
23.076658,15.613143,9.953593,42.501015,9.941070,34.955067
78.804489,46.847149,95.241814,466.781830,125.750587,225.321320
23.434380,15.255675,12.266073,64.670967,17.362745,40.633896
35.724388,23.609941,21.528885,143.373276,40.926208,82.619949
7.611441,5.146221,4.807253,29.104050,6.600313,15.587259
18.299782,12.711887,3.129293,34.687424,10.081898,39.127014
22.332865,14.815679,7.383225,53.492466,12.507780,24.672140
42.980179,27.468521,38.492676,121.640991,32.684521,87.734161
19.152136,12.721189,21.757664,70.500832,17.741720,41.361229
16.386709,11.284663,3.943147,22.862366,6.279448,18.215349
15.438419,10.882407,2.705052,14.305585,4.486531,20.998293
10.087195,7.422680,4.301829,13.421781,3.419850,13.622849
19.489294,12.757614,18.089169,53.390697,13.457585,36.660488
26.156639,17.853672,7.095959,8.215453,0.183768,9.245102
5.954383,4.282428,7.267672,7.683330,1.671002,19.177755
9.919024,6.782059,3.265336,18.020233,4.541514,13.167295
15.019526,10.203826,8.041738,62.360165,15.673477,20.203735
29.469900,19.805590,8.362729,33.390610,9.503757,23.418518
11.777483,8.363554,3.391060,16.828588,5.253600,7.940560
57.067650,32.917507,20.006397,94.897903,23.119757,29.534763
19.860237,13.596216,24.479477,41.428787,10.800659,34.976601
11.334187,7.611549,2.006545,16.451637,4.359147,11.549892
20.105721,14.023612,8.075037,26.141300,6.659365,8.724030
15.775474,10.755054,5.355721,16.600424,6.585322,17.652060
27.592751,17.954620,11.850244,53.171822,16.075380,41.061054
14.426491,10.301845,3.425321,26.836746,8.303702,17.608429
34.226097,22.955954,13.730079,42.706360,12.222316,27.651800
23.327290,15.038587,8.262234,21.531277,6.726802,15.307048
7.654554,5.504728,3.058572,15.471826,2.799664,11.498790
26.396505,17.115648,18.733633,75.936760,19.055122,42.398788
7.924355,5.425202,3.532483,13.820779,3.904415,6.062135
14.583543,9.811133,5.082557,18.423216,5.709705,19.706099
31.601898,20.613680,12.169131,87.305588,21.996691,37.668030
6.226659,4.658161,5.584220,29.079565,7.333824,8.825150
23.743834,16.239346,6.990322,36.909809,7.947695,17.770092
6.859964,4.873026,1.711744,9.167929,3.548094,2.555630
32.501823,21.203732,15.999909,70.533600,16.237783,43.473324
7.545303,5.240218,5.381709,24.905224,7.182541,10.775284
19.846502,12.784620,5.984262,28.808212,8.119528,14.835382
20.941854,14.209805,11.825956,41.038712,10.559282,20.326134
31.283398,21.363577,8.070572,47.301846,13.417389,28.366409
22.558344,15.003146,18.501003,89.050728,23.899239,34.572029
26.156237,17.425333,7.615964,26.589609,7.022994,21.673698
19.198196,12.808202,11.052631,44.737206,10.557551,32.851219
24.822308,16.087629,20.306379,16.255026,3.881971,29.987619
5.077383,3.452425,3.575835,11.277179,3.003223,7.020627
21.341040,14.225449,4.319102,29.267679,6.382831,21.660261
8.756436,5.755568,3.715529,27.768255,8.594687,8.601254
13.980516,9.194384,5.313240,27.995632,9.966441,14.091352
17.386457,11.506860,7.627840,50.048431,11.245589,30.477530
15.556946,10.745235,4.116183,23.820930,6.440464,22.621044
26.981970,17.933887,10.183011,24.502182,5.665710,26.409765
18.748020,12.094480,6.150894,25.049343,5.977497,20.280840
15.599109,10.685078,7.938278,33.504967,7.545594,14.435240
10.925058,7.422925,12.080333,40.940109,10.900970,28.948107
17.628105,11.866318,7.412382,54.189251,14.669279,31.929794
5.489069,3.929382,13.589690,73.456215,16.743025,13.395707
10.832036,7.242067,4.882131,25.172752,5.877735,24.960892
11.486885,7.665054,3.628539,18.692198,5.012425,10.723379
35.654770,23.179840,10.847606,56.507561,16.306868,38.008305
17.930740,11.909817,5.586524,17.909090,5.359817,14.912713
38.013226,23.653040,28.648186,95.503319,22.751547,34.106293
21.956379,14.273855,17.665508,70.172699,17.137997,48.361317
17.105652,10.771860,8.583840,57.186596,12.754070,45.282257
22.783810,15.453094,11.552498,52.253231,13.550989,44.720493
16.798550,11.895911,5.926419,35.991661,8.844969,20.423151
9.324065,6.691893,3.288607,11.149012,2.232182,11.009453
23.667452,15.348308,12.205169,53.690922,13.616793,37.942661
18.427132,12.510699,8.059042,34.667999,8.413490,19.484858
27.985643,18.908516,10.853526,63.384228,15.036470,29.293394
15.295139,9.482056,4.676828,19.666901,5.246225,13.382407
33.674622,22.520981,8.964537,27.567320,7.203378,17.668381
27.128880,18.196939,13.217496,62.300682,15.784008,25.968412
45.241943,27.682463,19.963581,60.796040,21.527117,59.922417
60.849537,32.867100,35.860607,126.408295,33.285259,84.002670
58.246513,30.369423,52.481171,247.116562,61.703396,182.423141
10.154771,6.983781,12.360700,53.566010,14.599451,51.481617
6.449791,4.381987,3.586374,34.855095,5.788001,5.388015
19.717026,13.312524,4.733368,23.531260,5.777392,17.720675
47.341625,27.471739,47.583248,152.829636,34.976372,89.738052
24.745409,16.630564,11.908132,58.227943,14.042968,33.776943
19.031250,12.725241,12.095789,70.873589,20.631189,45.947742
11.717783,8.042401,7.362204,22.876642,4.674872,13.128950
11.322809,7.831560,25.181572,118.515221,30.346363,37.596535
28.980263,18.847342,9.310858,30.923645,6.543158,13.762960
22.447161,14.931829,13.697327,83.223633,22.989000,51.566231
27.288414,17.816456,9.315759,34.354504,9.080013,23.685154
38.010696,24.330864,20.671642,102.087090,24.147928,56.671227
5.893300,4.185042,2.149191,0.825301,2.410279,3.218522
10.102378,6.842741,4.362758,18.976053,4.519723,10.636701
21.781353,14.416251,20.348892,92.472580,20.793037,86.001396
19.808428,12.951966,7.371912,20.466557,4.172180,7.232754
74.075249,41.909576,17.697371,78.183434,23.519918,36.832790
15.192360,10.514308,4.775324,8.613168,3.879208,11.065518
4.708018,3.212970,5.556276,21.917685,5.876969,9.293246
11.936115,8.015071,4.281416,12.937407,3.710430,17.228806
5.348738,3.361618,2.510264,10.830498,2.192163,8.021085
45.529175,23.221272,56.696220,174.872238,48.769402,131.250778
15.428682,10.552934,5.071631,25.198151,6.402984,16.361160
28.441187,18.218948,10.720978,46.674992,11.576702,23.257280
42.899616,21.522150,26.016926,123.820129,30.870827,75.159515
26.446377,17.981758,10.621618,60.017689,15.725594,43.523518
28.985859,19.602549,18.610977,97.638809,23.849724,47.371201
15.864513,10.975052,4.014079,24.920919,4.908569,6.277256
28.883541,19.191948,16.534107,107.819092,26.201118,37.249146
30.261250,19.763662,8.362926,47.580254,9.644625,13.902935
18.745947,13.204145,6.715432,16.655052,4.191485,6.146562
16.657022,11.245417,5.576838,22.585323,7.346998,8.883527
22.337708,14.692272,9.945777,80.757759,18.695196,24.098457
4.612816,3.007415,5.004189,14.369918,4.980808,5.212420
9.956971,7.013654,2.583732,9.483048,3.638192,6.836496
18.882212,12.831120,16.470289,66.414108,16.669262,36.392921
32.245243,21.087925,7.180083,35.816216,7.591062,25.756433
38.522713,24.643682,19.800932,69.800697,18.986681,51.503574
26.324253,17.172390,8.653904,42.531128,11.182517,30.858810
46.493160,29.503222,40.549339,141.370911,35.955124,118.697807
8.197320,5.417335,4.942047,19.256330,4.183585,4.248611
6.691704,4.661647,2.226249,13.655791,4.821223,14.850624
13.447823,8.694161,5.338144,15.589488,5.270217,10.262268
35.057388,22.838398,9.260530,30.852182,9.225502,15.391747
9.435927,6.409644,4.520959,21.043911,5.000373,5.517106
8.617569,6.024492,1.695052,7.259535,3.292043,5.335151
32.318073,21.601147,10.431528,41.233288,11.129948,21.604445
14.101583,10.076381,5.455862,22.845547,6.724556,16.156948
40.155239,26.102173,17.191463,54.386990,12.039899,39.928795
11.072374,7.517349,4.138156,14.206504,3.201570,9.052608
24.814939,16.304327,10.534036,60.127655,16.136169,48.435478
40.103012,26.015047,15.404960,61.887856,19.913912,43.875443
65.759186,37.432751,22.325754,70.882095,19.300631,62.911785
11.407022,7.877703,3.644140,9.818039,2.295712,9.527386
26.385731,17.564461,7.414768,33.787586,9.431521,21.168871
23.583578,15.830908,13.389477,66.271065,14.368487,37.559612
30.237864,20.090302,13.115108,54.253174,15.267060,40.510567
20.181238,14.036466,6.304930,34.384754,8.931067,15.193239
25.640503,16.985052,23.320555,95.546387,27.209240,51.177940
13.286489,8.906455,9.166581,52.163658,13.184614,13.634384
38.227859,19.469156,21.560377,97.037743,24.435129,50.338631
14.927300,10.043660,5.189451,18.098158,4.896772,9.296306
26.056282,15.441941,30.079483,95.732857,27.305723,36.861191
20.396084,14.191612,6.431750,33.696976,8.937315,16.576084
23.139238,15.416335,7.521583,29.129555,6.979597,21.255327
46.396366,30.133026,21.752037,65.200684,16.412382,42.070759
24.003698,16.137026,16.364138,64.347427,15.051013,49.701057
4.202635,3.026149,3.034528,37.694626,8.655117,13.745655
19.512255,12.740503,6.975730,27.851122,7.480280,9.365125
17.082129,11.464610,10.285080,48.328335,12.423429,18.383686
17.092680,11.480763,5.611451,26.383150,6.913184,21.940821
36.467243,24.500336,15.926453,48.911537,12.775048,40.089844
11.972841,7.891769,9.506854,31.584560,7.680191,22.185057
13.518847,8.857705,7.370938,44.385468,12.025038,28.573311
14.814102,9.969529,3.157687,23.084240,4.643531,15.873141
103.390968,51.795300,146.282364,558.534241,151.583847,319.265900
16.324352,11.210419,5.188469,21.170937,5.752114,11.297596
17.433607,11.902014,5.029201,15.480012,4.317122,10.985690
23.162069,15.561979,6.605949,42.242840,9.704288,14.715294
19.709400,13.037543,11.490276,55.267120,13.566218,36.805515
16.628990,10.677971,22.268927,106.855881,28.726875,92.256393
10.597790,7.131100,2.456832,23.189230,5.585486,14.823546
6.154482,4.267860,2.980909,13.192670,2.915057,9.461407
10.671683,7.283881,14.702065,50.885670,12.793346,36.177643
10.118587,6.569523,5.225523,29.064880,7.454643,12.413397
29.065285,19.186655,13.321182,65.890266,16.346519,33.883671
22.951185,14.681609,7.999027,35.583939,8.879581,24.476618
10.009980,7.294570,3.259900,15.818391,4.221817,7.866360
7.774590,5.182898,5.186666,32.971283,8.855719,19.928539
57.883606,35.200649,23.154797,89.626030,22.628784,41.357433
23.924860,16.006033,11.181237,56.198448,13.435578,31.548523
9.647536,6.404423,3.544338,14.210115,2.508281,6.114112
38.270870,23.389521,21.635406,93.257698,22.203890,63.746052
17.601372,11.324430,5.954680,26.823645,6.442397,16.080984
16.046448,10.705028,7.944988,19.091948,4.840180,8.275871
50.429832,30.560461,12.905487,74.230637,19.836550,41.355892
9.301941,6.519459,4.920106,23.446997,7.726435,16.180794
18.908102,12.453498,4.281278,29.017429,6.129735,13.354494
34.444439,21.462061,47.275055,206.180206,53.346279,82.847710
38.248032,24.068256,24.670828,88.269730,24.157602,64.792397
35.423862,22.949747,12.540608,54.737789,12.600409,18.102814
71.582153,42.696587,17.877411,106.945312,26.959255,33.261124
22.398714,15.155063,9.636146,49.275333,10.747128,10.455749
19.869308,13.163713,6.799625,31.375307,7.596388,17.442356
15.474327,10.320313,5.167900,23.854548,7.289409,13.377223
30.424393,20.324619,10.855154,52.021282,14.315351,26.519892
20.758322,13.935480,5.419415,38.921528,9.152801,9.367549
12.795639,8.755697,4.949720,13.024566,4.044431,7.217492
5.399605,3.701717,4.876739,20.482449,5.812413,26.183315
24.377836,15.852180,9.734258,67.822945,17.326544,53.844067
13.111942,9.112574,5.212001,14.282443,4.555144,7.173749
30.381321,19.385836,17.513554,76.190063,20.516840,39.164795
22.490887,15.196992,7.614215,33.875763,8.089939,15.994709
20.712381,13.690726,25.378424,103.987831,28.273760,73.297104
18.726128,13.003048,8.758800,24.117970,8.148957,15.085495
10.984836,7.415638,6.566031,39.926609,11.206824,17.988235
15.053435,10.244905,12.055937,52.640579,12.548476,22.445744
5.499875,3.916522,18.433077,73.524315,17.787188,38.321148
7.332620,5.178302,1.640843,15.179066,4.258577,13.435055
17.385553,11.702123,12.737465,50.284061,14.118274,29.655031
11.641747,7.876856,4.594400,27.405540,7.574699,13.075073
5.927886,3.890976,4.952580,13.574162,3.267726,14.609761
7.547545,5.174996,4.147999,14.266657,3.446841,14.127075
42.064823,26.383848,17.178032,61.577641,16.280018,34.858276
56.244656,32.048084,27.181028,109.864479,28.471262,54.858288
28.170158,17.999626,11.377165,74.461082,18.119085,47.913471
19.370533,13.267149,5.887661,19.643293,4.822053,10.011861
24.105947,16.070597,8.051933,33.733788,7.195550,11.393336
19.259501,12.576862,7.061577,22.609083,7.289648,22.130667
13.577737,8.039645,4.938268,26.719925,7.232524,15.734481
41.320148,21.906178,67.414009,282.907379,67.968651,174.162354
11.647428,8.110259,3.979968,16.027658,4.616307,11.165529
22.712542,14.803487,5.535526,30.201464,6.889216,22.825008
20.403652,13.704063,9.045297,31.863213,10.296578,16.776560
36.209171,23.347275,17.386261,106.593559,27.661139,23.124172
8.948105,6.371588,6.690152,15.582235,3.074174,8.680564
29.108852,18.895201,50.520626,164.728928,42.986885,104.341583
19.813660,13.191013,5.182456,25.417070,6.348631,11.635933
16.970680,11.231811,6.989023,21.596544,5.675436,23.323647
30.821030,16.963617,27.044538,82.576828,20.046646,44.026405
12.169477,8.288337,15.005368,56.635719,12.943909,25.276371
27.575651,17.973545,9.908545,29.227304,9.270024,31.105907
30.837006,19.471420,20.392706,59.484180,13.486528,36.819016
11.478442,7.672767,4.011798,38.936367,8.840191,34.990742
11.711902,7.960785,6.914210,22.004303,6.700124,20.602558
18.972807,12.740243,14.309698,59.569126,12.381231,15.108496
9.693236,6.806174,2.539047,21.014116,5.299543,4.807121
8.586849,5.862921,3.434743,19.964588,5.376263,9.790276
16.994890,11.821273,8.865705,41.473667,10.405951,22.685545
34.880310,23.884769,13.247702,40.591587,11.047120,28.393248
66.809784,30.575392,24.573421,105.727989,25.453478,55.185959
7.948447,5.516747,3.544492,18.430908,5.151286,7.567156
20.049555,13.392023,4.876725,30.062784,7.067554,18.508406
5.270969,3.693556,2.623529,13.341710,2.905691,1.977517
22.672668,15.032006,6.668307,8.525506,1.886462,15.164493
26.882174,16.692570,11.322789,53.136208,13.949203,21.158184
44.483719,26.541512,29.739756,134.530914,33.368092,54.958931
25.016922,16.297356,7.506481,36.626881,7.304962,15.320102
34.746216,20.865835,23.352903,84.709312,21.228012,57.817013
21.831625,14.941065,8.136439,36.362663,8.852717,14.398806
35.964027,24.257906,20.012739,51.364758,12.358661,42.500507
32.479103,21.647402,16.343006,80.618408,23.766979,32.306908
32.336243,21.574743,9.160516,34.208961,8.484337,25.550882
18.286627,12.241845,6.996939,37.878857,8.251419,22.398811
33.913616,22.018368,11.667431,64.152786,16.733742,28.475080
16.874495,7.370172,17.263952,63.071415,16.649580,39.579720
36.311680,19.471170,19.448078,82.203285,18.173822,49.277012
26.210064,17.056288,9.009115,34.699009,9.363478,32.221680
23.717178,14.704762,22.770897,129.104004,32.092720,71.574074
24.266676,16.330528,8.527452,33.573212,9.826894,10.054561
33.838573,21.938358,12.048559,49.865364,14.552360,16.674732
9.499066,6.673737,4.639383,19.420574,4.847517,8.599117
12.447804,8.422445,5.102137,22.478279,5.437330,13.927491
16.787167,11.540298,4.094269,18.724819,3.639934,16.860916
9.498576,6.326435,2.200769,19.665169,5.128622,11.075286
10.339132,7.239547,4.780484,16.763783,3.423072,9.500603
54.403374,28.778919,45.964993,183.923035,50.868000,120.705856
15.578712,10.734513,6.995063,21.964069,7.422381,22.387535
15.932826,11.010883,4.881789,27.517153,7.093575,8.922727
13.872347,9.829658,7.680120,38.716595,10.242165,24.708736
34.924110,22.582928,10.839935,42.517704,11.264230,33.169510
11.046030,7.893548,4.059772,13.762687,3.935727,5.981043
31.490681,20.187271,10.644315,75.304131,21.320097,49.994736
9.011705,6.490434,4.391764,27.315765,7.279258,18.360403
16.863247,11.531267,5.525459,22.613037,7.256817,13.359816
27.711920,18.633764,20.886486,58.662750,15.571776,39.262802
60.695145,38.819847,30.750528,93.387581,23.039513,50.918976
17.542849,11.815788,6.082421,31.219206,8.991141,17.903263
10.637462,7.111379,5.468062,14.985241,4.237571,14.745950
29.973198,19.553988,14.504358,54.228619,12.962022,45.498428
28.731100,18.313059,11.018788,42.267639,9.860559,28.261709
18.459217,12.338654,15.808763,93.832100,20.256205,42.027096
37.469738,24.330236,19.361378,89.679489,27.313080,76.480202
45.811821,28.486609,14.007947,54.091228,13.527575,29.022530
10.945231,7.602063,3.590382,12.526801,3.280987,8.573135
46.745132,30.382193,33.989269,20.796452,5.001698,74.197495
10.816212,7.253627,9.883727,38.191792,9.683900,19.659672
8.145921,5.529771,4.254473,13.555880,3.373464,7.617869
69.877129,25.569693,30.204332,147.247086,36.441067,67.261948
26.866213,17.537838,8.503687,39.495743,9.110700,26.230865
28.717693,19.202900,9.725769,46.076927,12.561148,23.731037
4.952687,3.586507,8.665145,36.087631,10.387317,25.402697
22.435047,14.564921,15.053341,75.984085,19.666052,22.600950
24.611818,16.672306,8.935176,27.218483,7.108307,15.843978
26.010963,16.466909,32.850994,121.076904,30.944178,79.684525
15.093961,9.907102,4.805773,19.943213,6.026126,21.344347
20.489738,13.895183,9.373618,34.998234,7.351971,15.471799
42.309795,25.533226,34.778378,147.522598,37.884399,111.300568
17.391186,11.682630,5.104927,24.071655,7.489643,15.327177
24.539459,16.184122,4.059081,38.856949,8.992699,24.508429
80.421768,45.043640,86.472382,310.443329,74.847626,246.126709
41.585983,26.401751,17.089195,17.081972,2.432611,24.631218
13.166135,8.445415,9.300507,43.004318,12.388956,36.022255
8.041156,5.807081,7.273947,22.071991,4.436846,19.530745
56.819012,34.358849,19.205894,75.227135,19.103725,67.154213
7.195287,5.002419,2.223189,7.605193,2.204065,9.794069
14.482597,9.606851,9.410697,64.608185,15.524242,39.040585
24.033987,16.052872,33.518280,89.423912,21.759609,51.219898
36.519608,23.421770,10.316086,48.275055,10.483600,24.675627
32.285793,19.958456,17.790819,68.003693,15.259767,31.227707
30.577812,20.387472,6.614841,62.521996,16.975983,19.357538
17.433229,12.077657,8.748727,38.333374,8.189620,27.988026
19.673565,13.623281,7.190623,20.038000,4.379258,14.147450
31.316639,20.678638,12.602388,67.229668,17.669329,33.701469
6.559752,4.523126,2.492063,10.578888,4.621104,11.215469
17.839199,11.713057,7.329846,41.024624,9.726244,21.309975
50.019184,21.667475,25.126905,92.767998,26.004652,66.626747
42.459423,18.829636,19.901991,85.782639,22.466162,43.291862
7.061919,4.983505,4.086383,26.308645,6.175675,7.545751
28.982944,19.581209,10.161368,50.823318,11.849279,30.193335
9.957241,6.675132,7.518711,43.107811,11.067026,13.879252
17.488041,11.913846,9.960488,7.897811,1.943131,17.914127
38.624203,26.102100,15.297450,94.190765,21.763664,69.094704
27.026396,18.174025,8.996749,35.765354,10.744349,20.070793
30.853130,14.775117,16.317429,82.120178,21.437372,66.244507
24.709757,12.053562,9.624342,59.795338,12.220441,22.225689
49.020058,30.249178,21.638351,65.848289,18.254749,28.452984
6.119653,4.026761,3.439041,12.682615,2.014095,5.941619
16.080580,10.837625,7.936990,33.630928,9.157922,19.395432
35.659702,20.735487,46.367680,137.750168,36.848988,121.799286
72.175949,31.744593,33.992012,149.299347,40.241638,92.744591
36.829731,23.251116,17.445118,86.789345,19.862423,45.605652
45.077370,28.545792,31.487688,112.334496,26.620073,72.312531
8.786187,6.302055,5.314260,29.613390,6.710298,6.723771
21.115570,13.970471,11.458631,64.661713,16.441681,35.042889
8.234820,5.839958,2.389789,15.246641,3.746157,6.422086
21.483269,14.061079,7.490998,34.652290,7.839017,24.202465
18.329191,12.344982,7.169757,54.465885,15.791762,21.502056
13.203446,8.401131,24.578363,113.693146,28.058109,72.086121
5.981620,4.161895,3.202088,22.074764,5.327139,10.251402
12.668102,8.676244,5.514513,1.509367,1.597670,8.573463
14.239618,8.998205,13.878433,81.012825,19.622663,42.984985
27.033251,17.677246,10.373770,38.767067,8.906664,20.993797
15.132742,10.267852,5.661438,64.881973,16.739759,37.504005
9.073059,6.434414,2.537700,25.433693,5.313806,13.979216
35.585430,23.232834,20.239168,80.814087,20.005217,40.016628
34.683098,23.140909,16.290766,54.533108,14.365939,32.484570
26.072601,16.973322,8.002441,35.144032,8.564408,11.236073
15.434503,10.998084,10.047420,30.186132,9.472167,11.567066
13.618264,9.602885,4.141858,17.481249,6.323905,14.927446
9.520437,6.883170,2.821910,16.000044,4.118993,10.981222
86.688255,42.555656,43.623837,185.357880,45.317680,128.646515
28.527142,18.403948,8.428010,22.944256,7.184798,19.302465
48.734905,30.197594,13.399384,51.441593,14.867633,48.701904
19.994297,13.219731,10.075807,48.681366,14.091686,10.927348
7.088859,4.939809,4.183078,17.306730,4.790548,9.383452
19.701265,13.235996,14.657805,84.608055,22.494257,39.911674
24.465336,15.541912,8.910207,8.875342,1.989413,35.988743
30.547628,20.259220,8.969954,28.143175,6.780709,7.748358
9.141649,6.384308,7.942348,31.694323,8.727664,17.079409
53.303295,21.514904,29.902542,120.582924,29.350016,68.600235
22.612144,15.368896,8.129186,29.001966,9.031919,18.040873
7.654963,5.184313,9.428608,44.447720,11.850752,30.083162
23.693195,15.623670,21.668394,86.304352,23.491299,43.685173
17.369564,11.271996,5.976476,23.611273,6.393936,21.301201
21.803020,13.804527,15.651258,70.270020,17.433506,56.143726
8.856952,5.598485,12.079472,62.630020,15.949216,35.901222
8.883503,6.257776,3.089384,13.991358,2.960731,7.522886
10.885075,7.215446,3.579617,20.340086,4.812176,5.131104
15.232677,10.462399,11.726365,51.652336,12.062398,28.153646
20.274399,13.604280,7.269939,24.576477,6.196476,14.392832
9.031662,6.018069,3.921892,8.945664,2.408781,10.007509
26.502052,10.398275,11.348866,46.207581,12.008817,21.215944
23.586779,9.507459,10.635060,44.790245,10.945459,18.424387
21.936781,14.784615,17.775465,71.561195,19.877958,76.131065
12.997537,9.027617,4.935812,13.055722,4.083284,14.448215
14.077539,9.974327,7.250028,47.064800,11.688331,23.191162
14.737767,9.720168,7.924396,19.045389,6.147628,15.591885
10.751342,7.447875,5.364082,15.081564,2.987211,8.503905
38.675934,24.494841,24.629923,70.834679,19.826912,76.914642
34.402500,22.086292,9.710340,29.203518,7.806179,23.669615
32.839619,20.445440,25.935354,109.697990,27.758883,54.224087
41.016350,26.021715,11.692240,41.393799,12.322090,27.743467
11.091950,7.626420,4.008805,22.478201,5.719477,9.512387
23.761667,15.645172,5.983742,30.821762,7.981869,22.895319
38.428192,24.701111,12.085598,53.289036,13.422605,32.122021
13.941207,9.193815,10.331551,50.292477,13.705700,32.243927
5.845294,4.177547,2.973542,14.400112,4.277467,5.831970
5.014589,3.449320,1.615330,10.389454,2.748800,7.711370
27.591587,18.265539,11.489591,74.810928,19.515890,37.225960
35.925632,23.849007,12.521605,35.947910,8.222766,39.237419
16.210081,11.213742,8.273100,50.016289,12.386938,33.944820
12.630183,8.803683,5.405248,12.367813,2.729995,7.113937
36.730980,23.440264,11.438655,68.148491,15.772792,33.257126
31.828716,20.720829,14.769082,58.123428,14.463161,57.488987
26.640095,17.468403,31.500734,41.742874,13.228600,27.085171
6.570756,4.641634,2.433291,17.222458,4.640570,4.726238
18.719397,12.222314,5.736359,27.770071,6.196867,15.908316
54.411045,33.551449,20.722383,88.966171,21.921818,33.849152
15.726455,10.959849,6.146934,29.138838,6.486817,12.325645
38.319630,25.523067,19.015965,46.834274,13.706043,16.171013
16.427626,11.302182,4.425009,27.372488,6.029065,8.903573
7.347866,4.992456,4.150319,12.049931,3.363334,5.052995
10.202491,7.204853,10.049525,32.162067,9.574076,18.263618
11.171773,7.729716,12.247137,55.361324,15.424032,20.842487
23.278412,15.646948,6.971835,29.493744,4.798790,29.735804
28.418188,18.365999,8.073099,32.609501,7.224418,8.675895
27.519417,18.913448,10.548915,33.716728,8.317409,18.512377
66.214760,37.214581,52.571827,162.192245,40.031952,75.027565
15.098831,10.169305,9.466212,57.508667,15.731206,31.921274
54.425514,29.829702,34.088722,159.900925,39.006203,125.902611
19.398397,12.553666,3.498609,26.970697,7.064386,28.301022
22.502359,14.809916,7.397624,65.905319,15.228717,26.104021
15.214428,10.455287,10.327084,56.963196,15.552572,32.006588
31.040365,20.756361,8.178542,55.570034,10.776971,30.440819
28.101185,18.070808,21.875210,78.104050,18.866489,67.811211
22.375076,14.841141,5.709677,30.240246,6.803681,17.168577
19.598223,13.155071,6.770658,36.968433,11.459574,22.407053
11.258142,8.056839,4.107590,26.459332,6.822121,7.781770
14.053041,9.760506,5.101714,19.845242,6.965507,19.972145
12.958946,8.786571,4.136582,8.433156,1.622218,11.235946
29.829485,19.163336,21.365459,59.698792,14.702654,53.666477
20.328651,13.357166,9.060212,37.851212,8.968056,32.792915
19.032129,12.843912,8.044524,30.453278,8.164686,24.009071
11.333578,7.617252,3.021786,14.354912,3.634868,13.708684
17.007330,11.019885,12.673172,74.698746,18.960398,35.345215
6.851313,4.983758,3.990744,24.083197,7.332894,8.662107
62.737480,37.051441,38.426167,111.433090,28.813189,84.495644
14.653000,9.635613,16.235609,53.414570,12.421347,24.632685
39.366550,24.861313,17.701599,61.955383,14.824386,39.578892
39.877254,26.550879,22.448839,137.696457,36.796959,76.725243
42.074894,27.395029,12.819399,83.226875,22.115242,46.762222
12.503588,8.091822,9.963686,56.971664,14.023372,47.826546
9.495189,6.670853,3.855745,19.237606,5.939319,15.090867
18.042835,12.656015,4.816057,31.206560,8.425225,18.247795
7.613779,4.867741,4.894673,20.336111,5.559335,14.051859
22.308891,15.340492,7.963595,44.709415,12.395844,25.171442
18.737019,12.436054,6.288168,37.055954,8.839337,11.478515
17.412560,11.740347,7.152620,21.758942,4.738082,11.998816
21.195398,13.837048,7.027311,20.596262,4.933802,18.905310
36.802013,22.868561,30.636629,121.364899,26.400610,52.853523
25.397207,16.638170,8.134099,35.015591,10.291962,15.957810
27.857151,17.242962,39.882133,118.765182,31.374338,77.987022
10.220279,7.328066,8.724440,37.072075,9.861691,38.006729
83.370934,48.476944,67.518089,213.944046,53.807983,167.105927
23.198195,15.279493,3.792373,22.482033,5.947413,21.028734
69.556808,33.241554,30.192850,145.347015,35.897675,74.589439
14.455763,10.110361,8.422341,34.550213,9.747820,23.516741
34.556217,22.781919,13.560242,41.743763,9.692556,21.956818
6.338866,4.276028,3.190932,14.306184,3.280352,11.352480
9.262390,6.512652,3.096787,16.902742,4.684939,9.236471
19.407940,13.018664,6.154467,37.092873,11.756175,19.109224
40.156734,25.342196,25.684944,115.061218,30.593763,95.037659
6.764770,4.815237,3.500443,34.131737,11.103565,16.384130
97.118019,51.843086,65.196022,247.736908,57.774704,135.729584
24.834625,16.308146,22.774803,117.921051,29.639275,76.529716
15.316219,10.214567,5.238791,25.681013,5.363110,12.953074
7.637889,5.081769,2.915283,12.551761,3.238226,4.863081
9.822290,6.926753,3.804541,10.657152,2.757311,13.905571
42.014702,27.089439,15.131184,53.810677,13.110751,44.278149
9.836098,6.643533,6.049369,35.943954,7.918596,18.639977
22.035154,14.699936,6.828977,32.774677,8.126968,13.563174
24.380266,15.782470,8.848845,27.726318,7.791253,20.301851
24.732054,15.891259,6.873148,34.325638,7.754106,18.097000
8.653898,6.352386,3.833401,9.683156,2.724166,5.544332
27.183088,17.452642,45.245773,217.535309,52.469463,105.517868
16.651026,11.375699,5.925021,41.335953,9.939385,15.383341
11.639625,7.954575,2.705122,20.468296,4.827679,13.297257
25.448288,17.134075,8.213493,35.834934,7.449583,27.112225
46.900269,25.536970,30.865561,153.922943,37.109478,84.819534
24.767677,17.171173,12.771934,26.546717,6.472373,18.693094
21.711262,14.973184,7.090839,51.113121,13.208171,17.060425
40.989006,25.952610,14.855865,42.724228,10.816175,57.340210
42.396908,26.255678,28.461979,150.195602,35.642555,65.448479
8.499762,5.878038,5.367329,28.066399,7.218773,7.657353
25.089130,16.913382,5.309195,69.920883,16.540369,10.113466
26.162411,17.812103,11.390397,44.882160,11.443646,29.293289
23.380999,15.851114,9.687519,36.700302,7.642076,30.037264
18.978550,12.581591,7.173609,28.111521,6.077194,16.583218
24.145315,15.962585,9.889411,48.137363,12.628386,20.357195
7.057422,4.898540,3.793126,34.044342,8.664647,7.828317
11.404318,7.793519,7.267679,26.182411,6.485992,11.561629
5.793263,3.932617,2.900199,15.026874,2.852659,6.077715
43.460361,26.552183,22.156914,69.281448,20.104115,51.266544
20.365387,14.342344,21.828724,96.617615,24.372038,73.726379
53.240467,32.341312,18.920877,97.750847,22.288353,41.836960
14.879250,10.488947,4.226884,23.123095,4.679953,10.705491
12.907997,9.188650,6.198439,19.931686,7.082634,9.042103
10.934724,7.578507,3.877333,15.494095,2.779336,5.809796
15.966382,10.562387,6.105018,25.928127,6.212684,11.071137
4.357996,3.173335,3.473681,5.591512,1.639497,3.485333
13.049116,8.737677,13.397988,50.177299,13.754730,39.253483
25.635944,17.506023,8.732192,24.103762,5.764603,6.926064
4.827285,3.878455,7.634101,25.657818,8.052764,19.931324
18.334513,12.323631,6.175623,23.786972,6.930825,15.383797
18.070156,11.846958,6.354241,14.482095,4.204277,3.428832
14.015158,9.606195,5.355831,24.304588,6.970542,7.997378
29.131378,18.730888,7.858387,44.517677,12.325412,13.898391
17.189339,12.018018,6.476624,39.950768,12.100452,17.295620
10.326145,7.126463,3.855660,15.034278,4.238183,9.331542
20.486988,13.497551,8.880382,34.095364,8.964776,24.423042
17.506237,11.398769,8.443110,26.628395,8.671240,16.023232
28.220709,18.668013,10.755219,51.688984,13.870441,24.351830
13.920318,9.753958,9.602054,61.084072,17.396511,35.699539
44.875114,28.504732,20.884226,76.158554,19.834044,39.227837
6.901243,4.530629,1.722792,7.236331,2.405893,3.736688
38.126751,25.073872,13.991519,55.706192,13.381113,37.073074
15.636841,10.094906,5.918537,26.903955,5.635534,13.450180
29.552620,18.540205,16.432049,68.584366,16.882906,32.857944
5.325305,3.666454,2.215412,19.413492,5.322367,13.791171
18.734179,12.625006,6.542998,39.906967,9.673215,15.768923
14.122524,9.842285,6.780736,37.609066,8.394538,16.437351
7.733331,5.320791,4.034701,17.896690,4.700313,9.851352
37.926239,24.876436,20.887442,100.115646,22.298265,54.591785
17.841902,12.171951,5.957285,27.690393,5.042471,14.413790
5.816811,3.971288,3.228515,9.837575,4.044607,7.459670
27.651958,18.377743,14.451885,42.873848,11.119712,34.565380
5.212218,3.578143,5.397552,31.457361,8.316706,10.306377
15.128314,10.376082,4.973253,35.948616,8.536012,15.445788
18.376055,12.550843,17.087145,78.247231,20.901661,21.392090
19.728325,13.514155,6.726330,21.537689,6.009304,12.707460
47.524776,30.045248,34.150837,119.525360,28.725588,71.577232
21.983320,14.749733,10.964530,47.180172,11.614074,22.452143
23.337976,16.027477,11.075331,62.980003,17.252722,32.686211
7.270638,5.218402,3.051245,21.272381,5.085178,7.876448
18.223043,12.086309,21.195145,87.237183,22.372604,30.558226
16.324083,11.149120,8.170647,40.250221,8.390115,16.197050
16.193817,10.832208,6.543604,33.202675,6.868217,20.305090
12.430161,8.425966,5.753916,24.613192,6.229070,10.671939
25.799999,17.113274,15.340366,31.707954,9.443167,20.808498
41.245434,26.037863,26.236351,101.496971,26.659945,80.444809
20.394337,13.293377,6.225226,35.879833,8.783213,21.588221
19.186029,12.630485,5.483788,25.078043,8.500155,13.116667
6.495320,4.686207,5.026468,12.753530,5.881389,12.265368
20.760277,13.395893,11.742859,36.021595,11.782154,17.067701
13.400988,9.465132,3.770429,16.772032,4.615042,11.582217
30.294092,19.582655,15.139743,48.702488,14.474980,25.035654
19.194527,12.474105,6.872328,24.876822,5.827933,8.967499
20.463205,13.990900,5.766878,31.639614,7.335968,11.804049
37.256107,23.597055,27.621613,127.638519,30.139645,74.108711
15.597169,10.636889,5.448505,35.611191,9.226634,16.178173
28.621872,18.612000,8.929395,56.008312,14.812922,42.631039
6.373027,4.319100,1.312412,9.705039,2.633178,3.518386
29.215607,19.323349,10.306329,51.435921,10.485752,32.140797
35.807854,13.230293,24.104443,118.251633,32.118797,68.545319
46.638226,24.580542,33.270462,169.920151,41.706066,92.551331
22.673101,15.039703,5.342930,28.113605,5.550948,10.113014
86.945557,48.867329,78.487274,262.821472,61.610172,170.211456
9.943806,6.798641,4.918236,15.641719,3.775641,3.707643
47.501133,27.681330,27.573919,111.319847,28.579660,68.471870
25.332090,16.577114,8.276818,38.901138,9.168105,21.985258
16.214657,10.635876,7.017696,28.576498,5.464108,14.538117
32.306507,20.592840,10.538255,35.469452,10.245035,24.677881
5.533892,3.415460,9.831818,47.920128,11.866510,32.130764
8.783178,5.794162,11.008380,45.175228,11.147749,15.341329
10.357944,7.095989,4.477644,35.943871,8.664870,11.094739
11.995851,8.056089,9.248673,33.185246,6.156931,21.697205
41.125736,27.368879,13.278879,60.610470,16.178885,42.306568
35.796406,23.472857,46.244564,142.785385,36.147488,146.407394
24.625996,16.326578,7.376474,29.222036,6.367841,10.838052
21.240139,14.168594,12.383010,43.715412,11.206444,44.568356
22.549412,15.031170,17.808805,67.196129,18.622499,31.827438
19.802546,13.482008,6.960721,30.043585,9.998816,24.046984
20.892334,13.440212,26.683702,109.970917,26.532713,90.199944
23.604416,16.049671,14.066505,53.563709,17.492958,28.305962
73.673569,39.787518,33.825745,105.592094,31.030176,64.929817
55.344135,20.063860,33.012585,135.750076,32.636532,53.445461
7.304387,5.273777,6.035755,33.644306,7.143535,6.242115
63.154869,37.475056,27.697130,138.580734,36.146832,92.834961
15.030208,10.094236,3.297816,18.513250,4.879625,9.231913
15.492215,9.920697,25.222803,90.369530,23.085827,40.855343
15.518051,10.720128,5.794322,18.272902,5.455058,17.407522
6.503007,4.649499,2.877116,9.080853,1.971825,7.364190
40.654102,26.136232,26.403940,65.284966,14.886885,34.839832
30.674932,20.435461,9.330251,43.908257,10.831373,27.496416
67.656044,35.720501,31.282612,171.241852,41.402328,70.169838
7.895221,5.629426,3.937873,30.184610,7.152501,19.889881
57.385956,34.423321,29.079344,112.531189,28.350082,87.555458
8.745889,5.756793,3.653343,9.170035,2.353906,8.086223
8.246197,5.728568,8.721594,39.589664,11.070600,47.648350
30.664352,19.684229,11.286352,40.395420,10.268288,25.655476
26.330379,16.984428,13.278877,88.578056,22.196009,27.791393
37.262032,24.209839,36.967865,178.712967,46.817146,98.647827
13.205416,8.760678,9.138330,35.404404,8.789126,20.850163
43.887646,27.755871,15.093072,60.241570,15.437554,24.674599
13.133286,9.141482,5.409415,57.985676,12.984415,42.781216
21.177954,14.345011,8.762138,31.479082,7.399145,12.470474
5.470364,3.684738,4.265742,34.445248,7.770481,22.073027
25.247782,17.315056,13.754334,62.027252,14.407413,13.735115
32.721523,21.304918,13.059882,45.248081,10.689252,18.407543
16.915770,11.551756,13.883831,43.992863,12.041517,28.755911
23.902021,14.666055,10.485486,21.474543,7.820668,24.532581
17.393644,11.649280,9.449299,53.848423,12.757062,34.523067
12.305119,8.723243,4.436373,9.754911,2.699416,5.436730
7.258208,5.187419,4.139135,17.749022,3.286621,15.972955
32.289288,21.406364,11.355320,25.985853,5.257950,17.882786
8.959290,6.156599,3.365314,14.446404,2.586621,7.531950
78.398834,38.398983,46.494675,173.316498,42.162197,132.173676
14.304971,9.630799,4.168255,24.585728,6.770103,10.190433
37.308353,24.388626,14.946828,73.511467,20.275354,35.192314
21.793167,14.525146,6.935864,19.128466,6.041935,28.586908
10.993661,7.641800,6.717954,26.078827,5.430130,6.356393
19.017246,12.371218,6.570217,18.279169,4.839224,14.988681
17.374979,11.522195,10.156454,48.666538,12.093455,30.819906
56.643665,32.991711,48.371063,211.927719,55.463680,129.921646
15.992966,10.647814,12.528481,41.958916,12.285249,15.148965
32.869419,22.048666,10.310642,40.176853,7.730372,25.441128
17.450970,12.080902,6.368412,30.386000,7.540411,13.501625
21.035215,14.096912,12.362088,44.538792,10.569820,29.321283
72.607933,25.290178,33.528725,122.728394,27.604330,75.429085
12.567762,8.375483,9.925568,49.770714,11.553933,17.850386
18.300655,12.530881,5.698987,27.158613,7.639948,18.983150
8.349893,5.673577,3.082218,15.994223,2.937799,9.085694
29.931871,18.483225,31.909224,179.153503,47.529617,81.945824
9.907583,6.863991,3.754714,15.230762,3.065888,6.059136
9.061428,6.061637,4.781473,19.073301,5.478052,6.745181
16.725967,11.343306,6.418645,16.043695,5.400326,13.279627
35.634064,24.062353,15.763672,101.156120,27.693657,30.857975
49.088352,31.255867,26.980541,83.812088,21.781960,62.189018
24.791233,16.402754,18.201988,95.096077,22.304632,56.031872
18.695583,12.693713,7.662827,29.192738,6.221975,18.559835
12.639597,7.951616,10.355700,38.923981,11.110810,23.028427
36.933796,22.919374,14.022465,16.507160,4.320688,10.483056
15.805239,10.844794,12.887227,23.889061,6.511725,12.943482
15.521391,10.139596,6.090359,30.055855,7.288647,11.994729
16.281769,10.698819,6.487844,41.006851,8.326644,30.322826
28.657024,18.082062,36.055962,137.662094,33.518089,108.106712
35.010418,23.389465,13.976062,40.742695,9.685668,14.751738
14.524803,9.937471,19.403820,70.541580,20.015768,73.161247
46.428589,28.906700,14.009979,53.857628,13.077759,30.874104
16.879213,11.855847,6.040404,24.252136,5.266617,11.351062
17.510302,12.252092,8.752167,37.847359,10.241292,13.087387
55.194588,34.907444,39.465984,154.704651,35.229763,94.377655
20.263973,13.598565,7.354921,35.766350,10.933992,15.627805
16.051062,10.640819,5.071243,14.489394,4.172888,13.724452
29.087132,19.035543,11.254324,30.449310,7.343246,24.180004
29.061466,18.976097,9.364842,21.837780,5.485199,17.997902
4.600747,3.148997,1.857438,14.745561,3.091416,6.359136
36.975273,23.289476,24.874115,114.414803,28.521185,74.102806
25.616806,16.589687,19.312042,90.832405,23.832613,81.998199
29.116400,19.604055,9.950002,52.968433,15.730596,35.237343
6.906541,4.440340,5.638139,20.348198,5.950303,10.852724
6.474758,4.293327,2.691654,17.735725,4.447152,8.843055
9.238717,6.504619,12.042807,39.364563,10.941258,19.278152
39.647625,24.864853,12.130825,37.357903,11.187208,10.644103
7.373387,5.233770,6.358466,18.410816,4.215960,12.634192
14.380334,9.791834,4.576291,24.141090,7.116655,13.379179
5.235125,3.457184,1.612399,6.721990,1.553720,5.120842
12.604256,8.827093,3.839799,16.652180,4.681972,16.288347
26.177101,16.654839,15.176481,57.119385,18.540432,42.265610
6.357531,4.286597,1.970143,14.725824,3.925869,4.003919
28.143269,17.862476,20.738768,124.509262,33.228394,94.646385
22.132774,15.132568,7.388264,25.339350,7.138909,13.392130
7.916679,5.521338,4.910377,34.463177,8.970740,28.279673
13.642246,9.215212,5.787111,19.313080,5.187620,13.852881
34.452148,21.590309,24.104713,75.825706,19.600025,87.526924
53.426235,32.316719,41.695660,135.304398,30.891920,93.690056
12.186189,8.580923,2.788213,18.412579,4.874359,8.785934
6.159455,3.992609,2.399555,10.964898,3.479508,5.752176
15.346995,10.754168,15.041517,81.466675,22.063454,40.194416
8.829548,6.085077,11.472180,42.398697,10.713024,22.226051
24.218342,15.770929,11.805821,84.223221,20.438278,46.141365
32.027058,20.890171,20.164526,78.203789,19.636091,35.175770
6.132808,4.520005,1.812459,12.703228,3.242240,6.516696
21.370543,13.698550,18.096764,73.402908,20.713226,47.378960
28.018599,19.021805,17.165943,57.160370,14.564889,24.419941
11.279894,7.865317,6.830608,27.196234,7.452738,11.963018
8.451298,5.821801,3.447358,10.400376,3.587231,6.899418
18.525179,12.349451,7.302366,40.264622,10.595220,18.564966
28.678738,17.855711,29.783485,97.209747,26.659561,73.581039
8.455820,5.969496,2.147282,14.156466,4.247088,16.532244
25.486229,16.943541,16.903124,65.405037,18.453596,65.381073
19.081314,12.871850,13.798186,28.325165,7.342519,16.221333
31.584490,21.426800,23.553535,90.889778,24.630220,68.141525
22.465464,15.595858,13.247913,50.655285,14.309866,41.820034
25.061945,16.252886,22.458467,61.707367,16.513525,34.478706
27.174202,17.473265,24.093382,93.662552,26.140112,48.278759
10.748669,7.821035,4.260286,28.458261,6.161395,15.057430
20.942335,14.045023,11.849865,38.668114,9.687201,19.640829
23.928642,15.616046,7.425468,38.178001,9.994328,30.282549
11.325281,7.486893,3.891500,16.906082,4.769797,9.663169
38.430172,23.798183,26.235849,103.182716,30.448170,70.413589
27.458845,18.795362,8.674331,50.492798,11.618677,22.586689
15.359781,10.184886,3.370970,25.338520,8.704088,16.147629
24.957651,16.758253,9.737437,61.141777,15.624315,23.794521
40.810341,24.699997,47.615604,198.078262,49.010799,113.212601
20.760168,13.873682,20.559662,65.018005,18.117451,37.612659
13.818364,9.563389,4.684917,5.757401,1.246785,4.246707
21.018475,13.304864,17.219677,61.437042,15.548442,31.096069
12.261865,8.300306,4.999412,16.831680,6.125398,12.168725
15.475479,10.243777,3.794299,20.882772,4.685859,7.190134
8.348558,5.853146,6.389431,35.456802,10.198240,23.931459
21.100824,14.400251,6.521047,19.559904,5.569274,6.226725
15.002651,10.022318,10.524463,33.140865,9.916286,30.599289
22.884043,15.276297,9.496354,27.381187,8.961987,17.594057
12.081609,8.127630,7.426757,40.453304,9.323855,28.963444
14.132005,10.127286,4.978253,22.126080,7.488959,15.183130
7.385812,5.169055,7.131156,24.240505,7.414954,16.425539
76.797989,40.953129,55.396351,280.076508,74.998055,142.021469
55.848373,34.249287,21.786243,82.464722,21.517485,54.624130
21.795185,14.334608,11.911650,65.321487,16.348154,62.485451
41.318371,26.216267,16.220400,47.255814,11.762989,46.095116
24.344149,15.848111,8.981257,55.353325,12.161819,24.775990
18.367617,12.230490,6.491573,19.033304,3.793946,12.815583
38.322369,25.199705,24.056581,61.294941,16.780775,59.396046
30.611368,20.870161,28.208839,107.272209,28.544054,57.403297
17.969614,12.184465,5.383955,35.019203,8.416908,16.382629
12.110371,8.309536,4.492000,20.931162,5.696671,9.092924
20.789339,13.874870,7.378376,28.608860,7.392715,17.208097
29.049025,19.284117,18.305017,92.311035,25.041735,58.374046
18.831436,12.189035,6.613259,33.958916,8.113245,15.429741
22.292654,15.165030,7.388202,137.215607,36.326733,36.058762
18.471910,12.587668,10.866393,31.055798,8.794671,46.793312
32.212044,21.452610,9.657349,36.491375,8.427583,38.248051
21.211159,13.650097,12.586857,53.985104,13.888618,36.800106
19.490738,13.267273,8.438602,27.110634,5.851080,18.373310
14.572491,9.611715,5.112605,12.144347,3.435440,10.358127
9.738022,6.889361,3.803743,10.146704,1.766975,6.012997
20.443026,13.888913,5.992825,40.834572,9.177113,16.585913
29.823639,18.412966,25.022358,108.781662,28.382133,100.216499
40.947491,27.224482,15.788877,70.258194,19.225554,41.306839
14.731468,10.203657,21.605646,126.970589,37.362453,57.070366
28.052164,18.367500,15.590576,44.035301,10.514600,32.424145
16.109316,11.100708,4.916336,23.099604,4.519814,17.749107
14.636328,9.667397,4.448003,20.407660,3.824983,13.132961
28.109592,18.714869,8.402554,38.065823,9.396665,37.815624
19.623569,12.885633,12.104225,67.377708,19.583529,57.303864
20.442150,13.912663,3.856885,47.332367,10.871528,7.313636
10.674582,7.710844,6.426904,25.149418,4.892235,7.423532
9.235823,6.189631,3.945932,15.656542,2.869980,13.570787
5.650760,4.067875,2.797111,13.544991,3.616877,3.663796
23.499529,15.137313,8.600855,47.899963,10.508316,25.530634
67.133385,39.652874,29.563683,149.709320,39.721180,94.560478
11.414064,7.657068,6.289671,45.296738,12.734690,25.235332
58.235695,33.408142,56.104313,172.749878,44.084164,88.279251
65.014427,32.690849,27.003252,136.292343,35.280792,75.858543
22.932131,15.355306,8.527583,28.356916,6.174809,15.911939
8.409688,5.515517,4.088928,16.048018,4.996421,11.359582
26.777761,18.020014,9.580169,40.833763,11.624980,32.542534
20.498972,13.467687,9.730280,48.123821,12.591460,32.230263
8.746078,5.802682,4.352437,11.312253,2.072340,8.170428
34.495647,22.494062,13.930031,60.155277,13.963565,47.572441
15.617135,10.503742,6.781393,35.700882,9.829681,15.359623
41.494339,26.196697,13.042886,48.328434,14.710544,54.037727
12.807669,8.311135,2.996299,21.755457,6.426888,9.867757
6.955051,4.996381,2.518091,9.999372,3.603595,9.169241
10.027991,6.643128,3.762311,17.767612,4.317420,12.258306
16.596891,10.737629,7.065828,23.940304,5.266866,14.611888
16.514286,10.766272,5.651625,28.944378,6.487297,23.241961
9.335722,6.967057,7.785621,12.166821,4.433071,5.269285
41.312241,23.947969,16.602161,119.603447,32.642296,54.015228
11.535824,7.720782,4.943512,15.465226,2.577485,5.019949
11.870828,8.191042,5.284113,16.949068,2.515211,6.952240
11.944430,8.323647,6.093050,27.862679,6.485915,17.983248
20.309803,13.347342,6.690702,48.935829,12.374464,29.631598
71.704269,39.137394,43.184643,190.261078,49.090942,161.830368
21.748554,13.930863,10.876766,39.709904,8.938863,18.141975
13.395179,9.344071,4.348509,21.868505,4.386504,14.107409
6.567353,4.499117,4.203857,34.603294,9.481436,26.906664
21.086861,14.061134,8.754263,39.101887,8.721684,15.039009
7.343944,5.008647,2.550332,20.666971,3.638120,5.074530
12.784978,8.891582,2.918169,23.069136,6.328100,10.906869
8.758071,5.867929,2.403041,10.739362,2.643199,5.053893
7.701166,5.134044,4.812622,21.499001,5.851076,9.888501
30.345299,20.648891,13.966056,41.773548,11.613843,24.147295
23.630857,15.777889,17.187838,84.519493,21.239431,74.234123
19.300169,13.217477,5.421703,19.842054,3.935085,11.803846
23.386267,15.357159,5.688153,47.566021,10.984945,22.019651
13.693071,9.110096,13.114366,31.272888,9.894726,15.068105
23.313498,14.840605,6.900124,25.417688,5.671353,14.501880
21.261740,14.138057,2.868320,34.047405,9.115888,14.578999
8.293016,5.812086,3.850221,11.775455,3.588252,7.108817
12.414260,8.626760,7.247745,19.371223,4.545671,6.934026
28.532547,18.738461,7.487564,32.117977,6.510782,14.495134
20.403881,13.315425,6.004622,23.009716,6.756636,23.310846
21.148630,14.095349,6.847254,31.145418,7.551518,13.671288
11.072924,7.737767,5.123473,15.413898,4.100398,15.410614
19.032116,13.025417,5.623211,20.409986,4.101949,19.937170
26.439674,15.674376,47.051624,140.524414,32.643318,87.256706
18.373203,12.810577,5.623706,15.972206,5.135479,8.453191
23.114801,15.522706,10.037780,35.639786,8.925617,25.191620
9.873211,6.917971,3.723186,18.062653,4.802927,11.646193
16.842180,11.176094,6.407460,34.316502,9.951801,20.559263
24.142685,16.231607,8.999995,46.456337,13.571654,22.711555
11.871639,8.627101,6.855229,38.077015,9.364367,12.657997
25.110971,17.248398,6.844491,27.144695,8.542277,12.622941
24.568062,16.537428,16.016569,44.296261,12.255014,15.102984
11.927728,8.114704,5.015613,9.519040,1.771191,8.254558
33.152412,22.323576,10.923469,38.744202,8.853468,26.850266
24.195250,16.275229,15.553592,74.333984,19.669792,70.530159
5.304717,3.892132,7.344133,18.952320,5.494999,10.325436
29.431068,19.332281,7.155874,44.241417,11.598092,18.195551
17.921036,11.828446,6.865844,34.920818,8.323083,19.478981
7.444421,4.976461,8.620403,35.544731,8.244342,13.934658
6.904199,4.681603,3.222607,12.910568,4.514320,6.891397
6.855692,4.489478,2.987623,8.701952,1.892501,7.364730
18.567093,12.217245,8.756748,37.301708,10.443850,42.454830
15.854351,10.845813,8.222350,33.742554,8.507808,11.926755
13.443518,9.248774,12.474621,58.097603,14.207180,19.320141
15.595300,10.614732,5.510688,27.766182,7.027864,8.111232
16.140514,10.858875,5.887160,32.831211,10.030323,19.471016
12.143068,7.966752,8.761564,46.675251,13.295405,33.181664
17.464502,12.032066,27.255007,80.201706,19.290627,52.117416
14.996287,10.652477,5.424373,9.673444,3.592144,4.806387
19.835602,13.568667,8.346351,33.497147,7.984620,21.320421
14.227119,9.854812,3.886321,14.681149,3.042474,8.391976
25.721262,17.506752,13.357474,46.482727,11.368130,36.342812
29.511522,19.310928,10.107653,44.511711,13.511051,23.083456
20.102709,13.665884,8.742057,39.135536,8.122186,23.385454
24.941950,16.943953,7.393943,26.997063,8.528868,13.914005
18.500557,12.718322,9.188190,29.878904,8.470609,19.574957
13.128279,9.094376,4.889757,23.502951,5.543949,11.619709
23.685207,15.793339,22.369270,54.947765,16.260439,41.868149
6.534656,4.608352,3.056561,14.787363,4.206716,7.842182
23.992519,16.440186,29.739193,68.338966,17.603764,23.456375
17.575676,11.764637,10.253115,40.052784,10.517999,29.367310
14.758122,10.360733,6.262513,27.335333,8.145160,9.210530
18.294209,12.478006,9.220573,40.107307,10.568128,18.199207
7.201440,5.416543,5.989006,15.048806,6.056373,5.986700
29.414036,18.644278,23.114540,95.260033,23.049259,58.901466
20.824118,13.280025,17.512047,61.681496,16.362110,42.115089
17.559092,11.591821,5.078283,25.869638,6.782845,14.872809
17.528421,11.435818,13.104183,53.277420,13.228508,31.364363
44.625629,27.166454,17.117422,59.056343,14.881805,41.229950
6.500272,4.286056,3.853113,12.402675,3.534814,4.629262
10.545097,7.076452,3.267170,20.570143,4.008508,11.523890
8.709863,5.730249,12.473145,41.150913,8.811617,23.142176
38.010410,24.810211,13.307524,51.279289,13.323737,25.476973
35.743309,23.216606,22.154354,114.544975,30.417664,76.088791
39.753796,26.483850,20.212845,102.344398,25.743509,44.613541
15.787417,10.961432,6.008582,27.209332,6.265681,17.816488
12.678960,8.033998,51.579067,167.738831,42.739792,111.062248
28.001747,18.558605,27.247604,180.084045,47.054874,101.288925
21.019474,13.646235,14.626058,70.451378,19.991219,56.633907
59.697277,36.690983,25.909910,81.504044,18.516424,67.864876
7.132024,5.014516,1.959471,19.618328,4.379970,6.907280
9.011019,6.211827,6.470849,36.659069,9.105261,18.549915
43.903473,25.793671,22.393618,74.347130,20.033627,51.987946
49.042263,30.633406,22.316006,89.110474,22.748602,54.132065
57.164841,31.592407,29.641205,126.185463,34.910255,114.213371
6.100442,4.226076,9.173302,35.869366,9.252112,35.806850
14.844730,9.465727,20.837185,198.391571,49.979576,112.191505
42.296387,26.108500,28.931440,135.544968,34.806770,78.980370
47.455204,28.709442,13.899639,57.215553,14.385024,15.088155
33.828888,22.586607,12.137081,43.449516,11.621370,29.126030
53.698956,33.706051,15.113824,58.014954,15.732449,36.779617
45.370033,27.960037,22.280048,66.365837,15.738919,66.270508
19.569288,13.502591,5.630846,24.380756,6.745867,15.980646
35.730663,22.892542,11.572641,56.928207,13.847441,59.188286
6.711432,4.536785,3.245524,15.330107,5.275160,13.683685
24.464567,16.517750,12.018916,57.481804,14.018740,56.884388
40.878914,25.397053,44.433743,188.945206,48.194527,137.282730
19.913998,13.313275,7.044568,18.290668,4.141945,10.227880
18.003843,11.953762,12.069877,64.081833,16.416536,27.623545
9.704165,6.909827,4.033810,19.917065,4.154015,7.849923
48.116676,28.963465,18.204453,25.304747,6.392079,37.870937
16.960993,11.245322,5.366028,24.158066,6.637647,21.950779
51.158844,31.302479,13.980906,85.043556,22.666397,39.103252
18.055641,12.220879,8.332660,30.253775,8.197319,28.462852
28.790659,18.433584,8.047369,37.065098,10.698485,29.060461
18.938692,12.755774,12.168983,84.425163,20.321396,28.961235
18.971067,12.829209,13.998146,69.612740,17.678816,32.312141
16.702314,10.935099,3.969244,27.729618,8.235471,27.244034
19.376616,13.194513,6.095379,56.585583,15.735628,60.906628
37.311848,23.139326,36.132957,99.436661,26.924513,59.401745
20.114635,13.278537,15.352324,52.650780,13.251451,21.391308
9.168660,6.297383,3.632543,13.989031,2.469968,5.378891
19.264027,12.629235,10.206594,45.823612,10.832412,28.161844
43.645638,27.306120,16.239594,65.411430,16.623524,73.411919
15.918409,10.520546,5.560630,19.960394,4.921728,11.776980
42.168064,26.805698,12.422237,83.038551,19.499260,32.039509
23.142071,15.501144,9.453235,40.427799,9.688231,45.038414
12.170272,7.979691,4.578130,20.924316,5.919662,7.555087
15.908999,10.847938,5.746142,22.358467,6.747288,12.671681
12.017108,8.179495,4.378300,15.322319,4.354902,8.176614
36.116821,22.913177,11.683020,58.527168,13.185485,16.185110
5.711961,4.038560,2.761740,18.538677,3.758945,9.438791
10.176948,6.819563,3.857895,7.671214,2.857157,4.214926
19.006851,12.662127,17.221592,60.903889,14.989178,27.149050
24.768459,16.642942,24.272976,110.086922,31.083988,45.567818
31.279005,21.152142,12.003262,39.727417,10.089536,21.099409
14.545002,9.671209,21.472322,78.117126,17.927292,34.966164
29.581610,19.668264,9.925940,37.698097,9.940984,27.802759
4.279206,3.102355,2.741970,14.619500,4.693558,7.226187
26.193970,16.926594,21.113281,100.102127,24.612009,32.107853
16.844900,11.326287,5.037865,31.475262,7.647115,10.315119
13.162840,8.764977,3.973526,18.941612,4.490190,7.625016
33.101074,20.000729,24.940866,132.500336,32.648041,48.998753
52.938698,32.929688,21.794277,86.254684,23.772541,52.606468
24.703241,16.556519,8.110074,42.125366,13.029623,21.516018
10.074344,6.940416,4.802684,12.863398,3.111526,6.010117
52.644321,28.811903,25.301708,90.160667,25.782097,52.880241
12.649393,8.659674,4.316395,23.007275,5.283667,9.407696
25.227802,16.550003,17.685534,111.177437,29.318579,88.482384
35.503277,23.996315,10.127598,63.906193,17.051113,26.964922
20.023840,13.560855,11.559896,38.748093,10.341621,9.859604
6.161500,4.315224,3.088022,18.790203,5.333169,16.228479
21.728373,14.933149,6.004220,28.799644,6.994657,10.593075
15.176351,10.319255,8.302156,38.811581,10.075848,37.034775
36.425903,24.422222,29.242044,108.627892,26.956564,75.543793
13.651092,9.337475,4.578579,20.139021,4.804066,10.548167
15.052009,10.555011,5.338601,29.154799,5.845529,10.419173
11.662803,8.021516,4.473299,14.862102,4.043255,9.310345
16.896215,11.130720,4.029510,28.026808,8.426025,11.327815
31.226841,19.922029,15.294703,83.415253,20.219782,37.321999
22.780510,14.775635,18.526852,84.842247,22.230095,67.898109
12.210869,8.687452,2.382183,17.089720,3.501390,11.977791
13.403831,9.142948,10.839497,48.753147,13.440908,23.857475
52.069988,33.967793,25.329630,117.071419,30.838018,66.848663
11.886264,8.023396,9.443624,42.491787,13.514206,33.986877
16.661079,10.779649,12.875072,59.322590,15.735911,53.137070
9.618217,6.758974,3.456757,13.071751,3.874266,10.139832
22.173136,15.023926,5.359645,23.663307,7.877682,20.702492
7.622471,5.305238,4.709400,15.196909,4.637758,6.344472
34.658524,22.657347,13.446439,64.847069,14.853177,26.419859
6.101954,4.657645,3.272876,14.221450,4.035737,16.181681
9.652296,6.394501,5.210761,28.041006,5.852908,12.770624
17.779705,11.983324,12.094251,44.769978,11.358860,18.468710
36.396282,23.019722,15.133237,85.832489,24.438793,51.168758
13.547789,9.214425,17.804949,91.870392,23.539026,34.634537
4.645902,3.277497,2.202704,13.553118,3.782449,6.146671
13.028004,8.650808,4.155170,32.848942,8.165637,15.484147
25.890278,16.724388,10.125819,32.866581,8.710249,20.370018
17.665697,11.704036,6.317108,26.666927,6.390951,18.151983
30.955503,20.779127,9.437445,49.207840,12.867786,35.710663
26.929300,17.499357,37.831676,128.553162,32.108082,135.082626
4.922053,3.503564,3.528083,10.619451,4.731968,4.578831
9.558315,6.790946,4.044206,14.846226,3.852059,8.949855
17.904526,12.505924,9.898643,24.702980,6.776862,12.382969
40.932369,25.130608,20.001448,75.398788,17.916430,44.314728
10.610106,7.322996,4.877583,26.685480,6.324046,8.216331
32.168972,20.927660,24.388378,107.814110,26.679800,36.708435
44.592522,29.503345,20.649576,105.172211,27.641050,68.756989
19.527216,13.210476,9.462266,9.037857,2.017024,20.018631
19.653980,13.360511,9.640018,43.218250,11.123514,28.956774
34.776596,23.345778,16.801710,44.102203,10.535689,23.606659
4.733248,3.359308,2.788559,20.448023,3.993991,12.153183
21.617168,14.295758,6.941547,32.960674,8.868900,25.179781
5.619737,3.837864,1.688004,8.757356,3.121799,4.673495
34.543316,22.274809,25.556635,104.406647,26.655504,62.773674
39.005836,26.682074,13.691457,55.326439,13.945728,36.872314
26.910749,16.657234,9.343908,66.927269,15.426876,40.031742
6.482631,4.275475,1.715059,13.889472,1.917514,7.041545
19.502081,13.557745,8.955618,23.551590,7.009591,13.613056
23.453764,14.775357,47.215309,206.290085,49.755676,110.968185
13.160710,9.101363,6.931169,33.241817,8.416506,11.915970
48.478935,30.085234,47.919514,164.553818,41.696129,105.415947
13.847036,9.722958,5.109159,17.235506,3.668139,13.055469
9.806084,7.153118,5.337004,17.159338,5.025822,16.601812
5.799611,4.262752,2.586699,12.000159,2.136318,3.093048
23.786749,15.242052,7.959746,37.678192,9.136385,17.951841
21.025049,13.851745,7.230551,28.622190,6.083776,21.840109
17.485420,11.938161,9.598448,63.993454,16.836910,39.343887
22.353954,15.185008,9.731352,31.244869,7.508047,15.526165
19.313772,12.229594,12.757021,82.289673,20.833071,20.707067
74.631744,45.917252,65.684776,250.780518,62.892006,191.612289
28.070072,18.288597,10.672738,49.966152,14.239865,32.845020
15.443479,10.676497,4.636446,17.802408,7.334446,18.785654
11.065582,7.560513,16.378571,85.188293,20.498238,40.106613
8.900215,6.266889,3.422309,17.326914,4.215816,12.342118
12.992362,8.522824,3.419873,25.357689,7.380250,16.571392
13.166436,8.838980,4.125465,27.787668,5.605314,19.550835
7.419111,5.168043,2.929782,17.832237,3.351244,8.295033
16.574303,11.719815,7.459419,19.700809,6.205431,20.700882
16.603348,10.937285,6.314947,2.495719,1.946794,12.686562
12.409178,8.742320,3.686429,12.649094,2.910231,11.716292
20.748558,14.000744,10.423718,54.751362,15.459867,37.807041
21.779280,14.528658,11.144533,66.374832,18.850521,50.050266
10.259905,6.919860,2.920742,9.474720,2.331078,6.399086
36.980003,19.733707,17.075319,75.014519,19.999523,41.977238
34.146698,19.784447,16.819201,77.614784,19.864708,39.594925
15.626069,10.447500,25.566927,96.084839,23.220591,40.938320
17.852652,11.805321,3.545502,23.622669,5.849693,21.531185
11.798496,7.755101,5.297667,16.990162,5.574811,11.474936
4.829820,3.295774,5.405854,28.486736,6.888658,9.256442
5.588799,3.606572,1.233658,14.608263,3.243293,6.699069
7.592921,5.129538,3.162761,13.587598,3.127399,9.724847
13.675461,9.582731,3.670163,19.330801,4.811598,5.493874
15.192534,10.689844,6.945219,24.260262,8.089936,12.048312
21.693317,14.833049,6.854897,39.408699,9.925376,35.300751
27.067726,17.485744,15.263573,77.712524,20.511858,60.386189
18.140459,12.481171,6.450437,37.560455,7.370526,24.835161
21.903927,14.751369,12.295003,55.090145,13.850840,26.255281
16.373014,11.183699,6.180968,22.193073,4.773762,9.697837
8.038424,5.590035,9.501058,41.643009,10.296607,11.410278
9.412889,6.591509,3.080085,14.537201,3.048573,12.981535
6.178715,4.420360,11.523189,49.969116,16.345335,22.115749
5.888916,3.878141,12.089464,28.376368,6.440421,13.546646
41.908806,26.780741,23.984571,67.290741,14.415450,28.037853
9.417505,6.549659,12.109858,35.791237,8.677723,8.625727
51.009445,32.288551,23.671749,87.190643,20.345501,35.468060
27.635435,17.354326,36.451382,168.697250,43.638004,133.650574
30.895939,20.184683,19.468561,85.873123,21.213161,49.319885
19.667559,13.076151,12.109814,56.999310,14.866675,33.387020
11.850079,8.042992,8.221639,24.381798,6.373472,16.082502
21.375233,12.292238,37.822399,147.016647,39.241673,104.717445
22.959120,15.382066,8.854069,41.779068,12.382973,41.153503
7.671106,5.350793,10.469679,17.579803,5.211000,13.913183
6.999335,4.923366,2.341845,18.990505,5.093998,11.669208
27.693785,18.437267,8.761433,38.359539,9.957672,26.015652
19.264372,9.197788,10.470105,39.053646,9.690624,20.177578
11.824254,8.340371,3.604931,14.006594,3.764466,7.023651
17.596508,11.880460,5.282472,29.611012,6.678547,10.712864
7.890378,5.422630,7.072562,27.607069,7.459404,24.370701
16.634470,11.043281,5.893317,36.629910,11.285579,34.864079
47.133682,30.801579,24.853634,112.623924,30.442875,74.580063
32.806450,22.327383,12.285384,33.149109,8.623448,14.406942
17.250374,12.280780,6.108592,34.721500,8.089094,19.641842
5.479912,3.858456,1.618371,13.824718,2.083091,13.171805
21.281866,13.807817,7.136696,26.536682,6.809040,12.936478
15.028195,10.310913,8.482506,47.434166,12.025357,23.696787
69.690338,41.396778,33.129078,76.476715,19.541889,95.778740
35.532917,21.746851,30.013836,116.171448,31.058437,79.295937
35.934212,20.956095,57.746349,168.258987,41.252056,142.034195
21.175032,14.623773,5.758220,42.735130,11.746038,16.944353
24.514296,16.300373,10.535165,52.743195,14.321938,34.913029
23.194679,15.776543,8.589491,35.273380,8.229648,26.927017
12.061767,8.122812,7.989862,27.942192,7.728256,11.807446
11.561709,8.107032,4.154902,13.411333,2.702812,4.913466
21.938482,14.669024,8.419871,38.789959,9.208405,17.087158
8.848695,5.943492,4.102927,28.412249,7.209876,8.162973
33.218418,22.008850,10.252082,64.417007,15.714331,47.383148
15.598423,10.827020,4.972106,15.337511,3.464705,14.404126
12.043972,7.986618,5.631047,17.358751,5.297285,3.881478
21.020676,13.409703,17.819036,89.039490,23.820898,44.175240
27.774382,18.579695,22.783810,125.258209,33.653435,65.170181
15.226415,10.156747,5.520158,19.089598,6.114394,19.159389
75.378601,42.323460,51.678551,237.370651,57.472027,174.840759
13.663198,8.964998,6.948094,72.434242,18.049372,34.634956
13.942252,9.664277,5.786905,17.361078,5.016212,12.142767
10.821906,7.584157,8.045681,55.676903,13.475336,17.623623
31.304754,21.267084,9.027349,50.618622,12.372566,40.145863
8.956859,6.408204,5.075300,18.969341,4.289252,14.785868
18.933201,13.079855,8.014821,25.516750,6.314708,12.111693
12.421287,8.358107,5.637312,15.838049,4.611462,6.840930
12.805953,5.656672,28.466751,57.074856,14.421322,28.189850
15.293535,10.275311,4.792573,17.924747,5.069639,5.006919
27.748899,17.815975,20.343681,92.862938,24.996918,92.710785
28.761505,18.886015,9.241281,37.468269,9.001755,24.110575
6.377769,4.144551,3.531423,7.183515,2.004711,3.158787
29.182343,18.743004,12.453833,69.433899,15.886905,38.363804
40.014030,25.001646,20.649990,100.862381,29.255766,60.680431
23.262428,15.176274,8.658987,34.618568,8.483683,32.700813
11.264073,8.102427,5.024586,16.234673,3.084927,5.928722
8.145756,5.830705,3.245337,14.941607,4.988195,7.282681
15.335658,10.524823,4.070946,28.210604,7.817682,18.927643
47.824436,27.139530,56.844997,193.580063,44.168552,99.102036
22.182564,14.771371,8.021057,25.138971,6.317165,22.088335
16.366579,11.013517,23.879665,66.121773,15.648699,18.740366
7.808290,5.551222,7.603459,19.118979,5.507643,5.887510
37.752460,23.516994,22.857832,82.685196,22.613894,40.753029
42.635448,26.011745,23.651989,121.154015,28.758532,51.648830
9.323665,6.427457,4.855061,17.900360,5.563255,11.906206
19.457834,12.670169,5.750242,27.737574,6.877240,15.250420
14.984509,10.490306,6.061744,43.902267,10.502394,20.697710
53.558994,32.689564,33.646435,128.867599,33.056225,79.215477
9.751377,6.829586,17.759743,64.890961,18.407585,25.953470
16.409624,11.099780,5.897491,22.141731,6.350676,30.192505
12.244714,8.377079,4.787249,29.427721,8.344665,9.888710
31.855989,21.298018,6.818163,42.244602,9.865253,33.950619
17.122488,12.174108,5.509590,29.662474,8.364018,13.455183
49.530586,26.670540,18.332516,84.504890,21.705908,35.437546
38.402420,24.920317,16.271769,79.180847,18.094275,27.198523
8.418685,6.161757,4.915036,22.949820,6.046364,4.803020
29.729317,20.190617,6.710064,43.794815,9.980477,27.024696
9.947046,6.802831,2.528833,23.876472,6.579652,11.794580
14.698465,10.252442,4.968333,10.746647,2.465670,7.089951
35.835274,23.344063,30.679913,109.856583,26.870701,69.389465
4.839700,3.307003,2.006687,16.021160,4.873430,7.260162
46.592323,30.282223,23.643984,119.362862,31.130165,133.788452
17.421642,11.585070,5.020810,26.483990,5.229779,8.291108
98.470337,51.357704,50.376701,184.939163,43.041664,94.959976
14.127675,9.595201,8.530776,54.580128,15.092679,44.147903
28.811428,18.921015,16.370356,56.627117,17.227407,54.922775
11.760106,7.958879,5.530809,18.677095,4.258086,7.453883
23.289495,15.648670,9.027627,39.653362,8.546513,12.686517
33.793171,22.915667,11.676124,46.348976,9.745821,34.828026
29.709503,18.444046,29.795118,106.194923,27.550436,84.292198
7.689007,5.430954,4.453787,18.601072,5.223569,12.122343
23.548859,14.384333,39.031921,141.582397,41.389153,85.587166
33.526875,22.424200,13.077287,64.259308,14.712786,24.189634
21.530895,14.434063,27.810295,97.132782,26.771383,68.147064
68.303024,41.035236,28.560833,130.895828,32.280231,82.698219
9.282092,6.548472,2.259986,8.709570,2.267470,9.856963
9.749789,6.938179,3.749513,16.412016,3.649577,8.077668
9.464132,6.619323,3.666712,18.470198,5.287477,5.434596
7.060398,4.548366,2.675742,12.119152,2.638745,11.216533
22.032230,14.339417,14.383307,65.756432,16.311422,25.689608
8.737564,6.016645,7.085519,14.474738,4.921844,9.102530
6.018993,4.086624,4.268024,15.701512,3.532442,4.747854
9.451390,6.408556,4.267573,13.722495,3.362193,9.899854
25.208559,17.114758,12.269073,56.504223,13.579684,29.305754
60.206150,32.720211,31.670145,152.871155,40.531567,146.564484
9.416230,6.431836,5.141108,14.602308,4.731050,9.170268
5.358083,4.031683,2.176031,11.150441,3.280770,6.529252
9.124459,6.257648,8.322058,33.840496,9.735381,14.328963
15.827064,11.110959,5.162155,22.186581,5.375903,26.391312
14.047205,9.137205,18.943638,59.508575,15.991485,28.746723
40.912575,26.441931,18.049448,75.252502,21.007988,42.495140
24.194027,15.726254,15.920129,65.694801,14.807752,33.191322
43.492317,27.493183,18.509447,86.512512,22.944708,37.426376
4.554699,3.120795,1.693803,14.074676,3.448834,7.605305
59.928650,34.197784,36.483849,216.251083,55.003960,87.746552
19.017393,12.672521,11.510731,41.835426,12.030805,22.934769
29.748526,13.413270,21.967226,92.765869,24.524958,123.951057
10.698657,7.410248,4.745496,13.349689,4.341999,4.989187
18.227104,12.222550,4.958773,24.738226,5.846329,13.810381
32.727821,21.090534,11.574967,34.491009,8.420144,24.973871
8.072093,5.251203,2.963663,15.038877,4.924524,13.420617
15.495942,10.274099,9.791417,45.225861,11.432545,17.050598
16.525002,11.466329,7.636416,24.766973,6.651910,12.442697
6.728200,4.748019,3.271466,6.068143,2.527834,4.159413
39.457836,24.660414,15.307150,44.091743,11.539996,40.941044
6.092002,4.286749,2.433144,14.916802,3.648768,8.389811
31.382994,20.856188,10.085729,25.333763,6.680270,12.024409
60.113792,34.841122,87.931305,305.643066,81.843567,256.851379
13.795364,9.099399,4.261062,18.351086,4.451662,5.214907
9.337264,6.390026,4.000756,23.162643,5.682975,8.468483
8.175659,5.319331,3.747675,13.259798,3.054147,4.276948
14.819918,9.506934,10.344151,51.363552,13.987127,43.152115
30.980801,19.181530,22.720789,124.229446,31.539257,80.433426
35.543400,22.761753,10.323014,38.278637,8.533975,16.784065
16.930223,11.297858,6.656386,19.252777,4.889054,18.769222
63.354969,37.538315,35.299877,136.455612,33.790165,101.458061
20.408339,13.747170,5.470976,27.415100,8.628744,21.513025
60.351166,37.047043,25.484308,108.845062,29.185719,66.118935
20.193716,13.438313,7.087933,27.191248,5.043368,12.887918
20.909639,14.138158,7.131478,39.195377,10.467614,12.700093
13.017271,9.025062,5.663659,25.422657,6.085555,6.061080
9.330927,6.263921,4.214005,16.087498,4.145948,9.123474
46.607124,26.013367,25.662313,81.607025,23.159683,47.654362
49.529659,30.282578,31.134117,105.618736,27.710716,95.628258
16.202421,10.584453,5.383757,24.702909,7.010694,12.214021
9.320123,6.568308,7.648142,32.722237,7.324839,18.097237
19.108986,13.384486,4.774783,36.157974,10.098800,19.567793
16.556723,11.854911,10.111710,28.011551,6.959277,13.973079
17.629351,11.762983,5.130448,24.718998,6.896663,19.209867
37.341736,23.259722,42.833393,130.096130,31.435064,113.732880
45.268360,28.360571,32.162663,85.444313,21.119141,66.281235
8.118676,5.689220,2.136130,18.338827,4.959279,16.202879
43.457561,28.202551,15.585588,75.351982,17.687645,62.736660
17.065538,11.473300,6.481288,24.511059,5.049772,16.343369
17.426062,11.686000,6.551204,22.723270,5.622497,12.656469
10.178513,6.947309,4.551136,25.175882,6.211371,6.469942
11.060379,8.018271,7.941324,25.696070,9.212916,18.087713
9.760375,6.769143,2.880090,12.677370,2.684333,6.618370
16.470293,11.713385,12.029372,33.469334,7.580959,20.034712
16.761200,11.498116,6.154912,22.252836,8.287347,12.871305
12.069477,8.459174,4.829779,19.354542,4.260874,12.872046
10.101694,7.088282,4.007093,12.008663,3.082232,8.354798
22.742821,15.296339,7.687352,28.439228,6.749509,17.429333
8.099675,6.058027,5.269008,24.062546,7.306751,9.026753
11.116398,7.455114,4.258996,13.082486,2.963927,12.760458
30.522774,20.451710,11.910226,57.903847,13.847793,30.714291
17.301640,11.839211,6.682252,21.663223,5.448510,8.288726
15.558391,10.359246,8.302949,49.527622,15.790406,23.480938
16.919962,11.797533,5.126776,21.661156,5.092982,10.709777
18.747044,12.356502,7.380364,29.366632,7.214885,12.380589
33.090382,22.297955,19.201273,86.316467,22.235586,41.280682
26.046221,17.527569,6.683915,34.292614,8.873033,26.719385
43.750328,28.746714,40.580700,150.456696,42.250347,139.767685
5.926622,3.756436,2.606030,16.383440,2.360856,5.034956
9.729577,6.989470,4.212607,10.883895,3.471137,9.949447
38.864105,22.793678,14.898602,62.637821,15.113909,58.255764
21.089964,12.404710,22.677996,77.237206,20.850180,50.548717
14.959531,10.230842,7.322776,13.683155,4.622982,14.316623
8.253654,5.414421,1.440146,7.801523,2.529933,4.217938
15.717813,10.581984,5.988068,19.415337,6.826153,14.896809
16.363178,10.988731,6.154611,19.146084,5.500581,18.210251
17.468096,11.916430,5.597284,20.843527,5.899739,20.673534
25.093973,16.674070,8.958118,48.349934,13.250524,19.702620
17.377846,11.736415,15.644980,39.612480,10.349636,22.144550
58.906265,36.647030,16.806484,58.084270,15.344518,64.247520
33.287563,22.394367,9.484950,38.791851,10.111379,32.538868
12.875560,8.824824,4.420839,18.547470,5.766305,10.760165
36.175728,21.115734,33.433323,145.841766,38.988598,83.108833
16.235710,10.922323,8.109873,27.386086,8.171119,14.005944
9.551587,6.514966,4.548147,10.373480,4.262041,9.563563
17.147200,11.315881,7.252713,26.028618,6.130382,21.603004
18.771372,13.141656,6.135607,13.245453,3.612895,10.333902
13.170664,8.883810,5.033640,23.335371,6.452167,5.592085
5.264277,3.648831,2.416327,14.743358,3.894116,9.276181
24.477142,16.394646,11.794566,59.542217,13.635766,17.242805
17.742916,12.361438,7.045882,38.511257,10.634747,19.144482
10.492303,7.311815,5.583893,33.042381,8.086068,33.979294
9.247535,6.532718,5.412611,20.164589,5.543087,12.258269
15.586473,10.459867,21.505276,112.111031,28.887383,60.980671
8.595037,6.111406,2.737076,15.152327,2.022825,7.525717
24.556271,16.280600,8.121842,41.753910,11.066261,36.135750
27.777901,19.069597,16.432875,53.966488,14.195422,29.917786
29.294155,15.548957,16.207365,73.741264,19.246601,60.420845
20.253407,10.482282,18.236353,84.351738,20.403152,83.933952
11.628235,7.808107,8.358088,31.317230,10.066673,22.720415
27.011091,18.286278,29.377472,110.160545,29.813251,44.514668
14.666744,9.664843,7.063535,21.969961,6.393127,17.207630
12.450983,8.673680,20.126265,71.369255,19.311056,31.077023
24.674244,16.194206,8.358389,30.549437,7.548163,17.224203
16.344688,11.265192,11.069158,35.897907,10.976378,15.365695
27.364452,18.125170,10.178707,38.275246,7.767962,23.405838
23.924391,15.966887,7.145183,25.103264,6.359468,18.893568
18.352423,12.325080,10.084343,46.564354,11.812466,25.262205
9.198416,6.228532,3.132926,12.604526,2.859245,4.333045
27.840984,18.385778,8.368048,50.086727,12.060606,27.674501
9.937954,7.080006,10.199783,38.564354,10.160848,24.219780
30.822376,20.202553,10.851510,48.345200,12.304255,25.143404
12.842273,8.834903,4.111076,15.515224,4.657040,7.969441
28.686117,18.894840,8.086740,44.813557,13.145957,35.464874
26.539059,17.585516,8.284408,31.950947,7.499771,19.785719
7.285316,5.283177,3.003903,17.614841,4.330466,10.843655
28.250605,17.978895,12.756578,51.140888,14.185210,28.096966
35.379383,23.147606,21.632467,71.937050,17.768698,57.054901
7.009929,4.620697,2.328366,15.623525,4.859537,10.419350
61.467693,33.821453,40.325687,77.211784,16.582930,77.779747
38.791470,24.624439,41.357071,144.741653,38.472088,134.398331
42.774193,28.654713,18.669538,65.051781,14.504041,23.900753
8.582757,5.879557,1.568748,11.818850,2.849595,12.542721
26.576345,17.004436,6.877665,29.849030,6.800125,16.865032
43.412327,24.355503,23.802116,189.944336,48.299870,41.111298
13.422324,8.965762,2.970516,19.414103,3.796504,9.018091
13.166121,8.670252,9.913877,55.071049,13.476411,28.854107
29.165640,18.960453,19.222607,65.859001,16.467911,46.688351
53.256020,30.983725,44.983189,144.978256,35.076157,92.776253
63.045040,37.255974,24.056553,110.080490,29.911928,61.095234
35.063404,23.221010,24.778835,63.420704,14.730648,45.131771
42.495651,26.868528,11.230583,65.119942,15.947873,24.294424
42.909946,16.331610,27.921537,108.444939,27.285139,106.829910
31.209044,20.074919,27.121429,93.649071,22.699850,55.206772
9.597504,6.995006,13.594035,32.886700,8.466805,13.148255
57.117218,32.612049,20.888330,68.882050,15.905943,59.945896
13.814568,9.730586,4.913071,29.143148,6.275600,9.258123
24.932983,16.837765,8.266126,33.698826,8.222725,26.635191
12.304073,8.404111,4.116226,13.794534,3.397986,10.074965
30.406029,18.824594,15.212875,64.063438,15.525011,30.771639
21.093060,14.126758,6.399081,26.835857,7.623766,13.227234
19.485044,13.364759,6.661137,24.023890,7.270225,16.856823
22.263487,15.208293,7.173390,49.351768,11.699459,22.014778
52.308369,31.004015,14.014804,63.274452,16.588888,20.527321
49.380245,29.687540,16.490063,52.604355,13.559089,35.524143
58.457550,34.491020,50.412868,162.733307,42.885593,77.400215
32.868095,21.817108,9.383420,41.487839,8.624855,27.305019
51.767796,29.992565,35.976166,192.837402,48.939949,166.157288
21.993364,14.612518,22.975636,73.934166,17.136940,53.088676
37.250275,23.879469,12.014085,41.009506,11.025010,28.215242
10.749286,7.408273,8.345037,20.142258,5.484965,17.421074
16.889126,11.587584,14.787328,44.351547,11.106294,52.783733
26.257387,16.977844,15.901318,82.643471,20.404535,37.270466
11.107476,7.786122,5.718295,15.974602,4.673003,10.156425
22.991327,15.762558,9.714500,29.999687,7.855749,10.465652
18.425224,12.476994,8.184125,30.570402,9.105110,12.400742
21.631929,14.788744,5.013614,24.906759,6.826589,7.862536
12.473683,8.940811,5.212626,18.080088,5.629063,10.048752
7.093426,4.995503,1.577572,16.492300,4.077698,12.029965
26.980452,18.330687,15.561126,52.305370,15.289145,17.438606
11.554830,7.890560,3.577569,10.961813,3.874664,4.982178
12.644477,8.446689,4.706397,13.578471,3.068201,9.308997
38.791965,21.223444,45.974480,232.130646,60.472755,111.486923
29.092405,18.801100,20.623211,70.786133,19.381491,36.330631
22.545435,15.559583,6.375178,32.720257,10.245872,53.315865
28.158186,18.563107,25.972687,101.123138,26.462313,55.438797
12.354346,8.879325,5.075198,21.469685,7.604488,10.950812
62.693707,37.023056,22.947079,83.496391,19.106815,57.357468
13.480010,9.579330,4.455451,21.908813,5.186924,8.007379
4.804624,3.181529,2.878875,18.314510,5.971250,6.544251
14.487958,10.643263,5.716948,18.023148,4.112275,11.695893
18.717165,12.809433,6.277953,33.586655,8.069499,22.551180
23.079748,15.632272,7.926347,37.278210,9.021421,20.230705
4.624104,3.220369,2.355116,7.558468,1.773801,2.950108
28.155645,18.094984,9.788027,31.282984,6.886840,23.392689
17.266548,11.482582,6.281682,18.077944,4.132791,10.605757
33.480515,20.515587,22.408247,127.139435,33.004547,72.985054
5.845532,4.393239,1.995839,12.743943,4.427857,13.013180
31.603121,21.120270,10.399045,13.909253,1.866759,19.234695
8.475339,6.035093,6.358388,25.976875,7.831913,18.107857
18.660671,12.877943,12.271647,52.092308,14.111571,21.222099
27.939854,18.033232,12.967046,42.815578,12.332782,16.064066
12.396945,8.649099,3.534019,23.649681,5.295502,11.273722
43.331326,27.830893,13.797737,48.644619,11.124096,33.044823
31.825628,21.416029,14.904869,83.872955,20.023880,29.200352
10.156426,7.105869,3.702936,22.625437,3.847107,12.190569
31.882732,21.357632,11.285724,46.876823,11.012946,14.452163
7.643170,5.087813,3.044762,11.441197,3.505789,11.561064
12.119641,8.263293,4.168376,16.994471,3.383014,13.740588
70.545807,41.889061,39.378521,127.890587,35.225597,58.572044
16.586014,11.681342,10.317060,55.234287,14.185539,25.283300
15.225462,10.409149,20.339010,78.644569,17.273733,52.779842
13.893670,10.083303,5.659861,17.650419,5.683476,9.637958
26.523748,17.605879,7.792187,43.925060,9.795982,22.779316
15.127859,10.124317,5.743859,25.436872,4.147802,5.500902
19.619555,12.564772,16.867331,91.529602,23.748209,60.073132
56.908638,33.805534,26.237101,105.748512,25.512308,63.308456
4.728366,3.561649,3.174334,19.890268,3.862112,10.848442
37.310970,24.712667,12.237514,32.635025,7.927741,17.808628
13.432789,9.167809,6.156785,27.972103,5.766659,6.286178
43.886845,27.886044,40.761395,222.521454,58.280865,119.065765
7.605163,5.371017,4.242274,15.995612,4.362411,10.901961
32.806488,21.415728,17.896368,63.127056,16.511696,26.199965
17.225027,11.673435,6.513454,27.144411,5.211949,14.851297
18.465082,12.659101,11.483328,68.755852,16.156248,41.897667
47.088726,30.109690,15.961387,49.349720,13.816422,36.355927
11.078438,7.686892,4.050439,20.640966,5.624847,17.360256
55.017929,25.404659,33.245552,103.943237,28.154566,89.015549
53.658001,25.335587,33.257404,106.400581,28.280872,86.812149
37.448387,24.806456,15.653985,51.654404,12.874881,30.842756
40.184250,25.004505,33.763237,111.717766,28.699110,59.534702
19.085135,12.649560,6.911879,39.879936,8.727187,19.127447
31.149782,21.145458,26.583361,118.900154,34.656990,95.325851
21.663628,14.956635,8.956424,55.271069,15.523186,42.027122
24.610615,16.459902,7.584151,29.054865,7.703752,17.255991
18.335239,12.149576,5.342841,26.646090,6.828755,11.691546
31.251431,19.982891,8.901430,39.948544,10.586541,38.874180
36.671005,23.398792,15.672158,65.290054,15.234967,24.753527
33.490162,21.752687,12.586211,62.165909,14.709523,53.680733
5.887644,3.813364,3.030705,11.130492,2.633771,13.036718
19.856831,13.480173,4.958294,21.697548,8.203990,10.674075
28.249842,18.833143,10.591785,39.980644,8.802362,18.934784
13.886201,9.216448,10.061091,49.920082,14.219470,34.935661
7.688780,5.479541,3.815233,17.191961,3.637906,10.063315
35.577156,22.952993,13.405910,65.739319,19.400650,63.563713
14.409245,9.762800,5.339011,26.216866,8.253858,16.685184
11.015545,7.779556,3.332351,17.068043,4.780218,8.890031
21.450380,14.218097,7.826840,37.083794,9.232301,13.480844
38.883766,23.140366,42.219986,152.631577,38.720699,130.919479
45.787914,29.209904,14.414131,40.496677,9.671778,22.451599
15.744211,10.260469,20.395704,95.922318,24.838114,30.898367
13.303689,9.146386,4.491211,17.446175,3.731452,9.958961
33.933815,21.172112,12.345571,25.676676,6.235068,22.996914
15.380297,10.507315,7.395037,12.906423,3.959446,10.266288
31.080046,20.611214,24.996572,115.302643,29.189644,58.448143
69.600693,37.222900,34.607201,118.593002,29.062721,81.751671
87.167755,42.575214,62.171745,194.595703,47.551292,118.311180
137.742752,64.668915,150.754120,552.368042,126.994492,339.937775
13.840404,9.381490,4.076612,15.489657,4.879742,16.051506
40.329998,16.121756,20.999554,79.130943,22.017675,63.979321
36.939648,16.238432,20.195984,85.067741,21.309834,58.489243
31.456545,20.360584,12.829884,93.416252,22.071571,51.102840
46.599716,27.774088,39.232861,243.883026,63.405842,123.458115
8.124917,5.925079,8.686567,23.763515,6.646101,24.191658
8.414512,5.891389,1.722077,8.301851,2.596353,7.529681
11.670368,7.938033,4.856995,21.580736,5.482384,12.937829
54.570156,35.007061,14.278028,42.667690,10.589903,25.019270
36.114288,23.448919,27.756056,79.167320,18.599039,81.538910
17.643589,12.125776,5.692996,26.671656,5.855438,11.670111
32.058338,21.759777,11.637890,43.621937,11.647356,19.196274
35.533096,23.461311,10.732536,65.158882,15.528890,29.513447
15.796091,10.519608,5.487838,20.740812,4.269094,9.863416
25.466822,16.669029,8.765974,22.623125,5.181298,24.968973
27.819069,18.937979,5.490177,29.471064,9.558781,10.238488
18.569548,13.089036,8.596882,26.702349,7.759807,14.180242
23.477211,15.905142,14.301388,9.469388,1.211255,12.042299
70.374451,37.493908,56.844662,261.939423,66.787872,135.985199
15.989347,10.008820,8.180001,28.902273,7.306865,24.564856
16.436710,10.814639,9.961672,25.565193,7.065526,22.737177
15.413433,10.442442,5.332229,27.396376,5.711605,12.044300
60.223190,35.223804,37.957798,136.603607,37.472458,106.392136
23.868216,15.450638,7.962537,36.846310,9.569216,29.584326
18.531212,12.403150,3.800321,37.256569,8.713638,15.299926
27.903250,19.279694,9.699821,34.756889,8.435518,31.274639
26.326118,17.803108,24.744148,118.972450,32.374088,62.033390
33.888229,22.427433,12.210456,26.549143,7.064364,34.969009
51.211712,28.716507,43.156567,166.492096,44.859196,114.282425
27.250710,17.421585,29.518587,103.324966,26.112528,108.264496
119.055603,55.245174,174.513992,684.679993,174.437531,436.161530
24.616728,16.316523,13.938930,57.167965,12.702608,35.532337
27.499901,18.284521,14.806994,75.530952,18.749924,56.390858
22.511887,15.068126,15.274909,37.077595,11.132703,23.722115
37.870964,22.610622,20.037218,67.743546,17.571201,69.829704
4.926338,3.649270,3.967039,23.696991,7.643523,7.921571
25.975681,16.699940,13.237242,59.937626,16.890274,25.961588
21.465904,14.384144,6.173887,26.750107,6.867806,17.636599
27.642490,18.107166,10.285573,29.024193,7.657419,13.365088
9.906977,6.808984,9.415076,30.689810,9.463503,17.530598
12.047929,8.242711,7.873524,25.590166,7.515865,14.156997
27.240814,18.377838,8.944121,32.069393,7.174067,20.035030
4.713267,3.364915,3.312228,11.732718,4.233996,5.435400
17.354532,11.818751,4.085742,34.372719,8.374802,31.814270
10.809460,7.218196,3.982654,17.373899,3.243727,4.602550
16.497513,11.655707,8.680048,50.266228,14.483257,18.359814
64.065445,28.273661,47.008327,137.665375,30.937740,77.025139
49.388325,30.676912,14.089922,69.695747,18.845510,50.683186
37.913624,23.754164,11.588391,41.552574,11.136998,17.112612
10.865646,7.705495,3.618931,26.524548,7.649299,18.749844
10.093858,7.209401,3.607380,17.076813,4.207425,9.608586
24.434603,16.526684,11.526748,37.216545,10.059755,39.202190
14.352406,9.969056,4.629260,22.039288,4.069538,9.673794
15.563643,10.740318,7.590641,29.244678,7.909234,25.273062
30.343925,20.545425,10.818773,42.204025,13.258241,16.314203
36.671135,23.376621,29.404482,116.464302,30.697081,70.084686
33.830120,22.607605,32.754112,122.555061,33.280609,107.512352
20.727304,13.968904,8.417511,32.839657,9.881875,19.495562
9.047064,6.017350,3.713943,23.519794,5.229763,7.412000
30.403811,20.861135,14.128347,57.965359,13.728835,41.649975
23.943405,16.146223,9.196917,37.564976,10.410854,25.319155
16.819315,11.059255,6.160343,16.001858,4.443152,7.693741
19.555153,13.477468,10.651446,54.232040,13.069058,31.559761
5.914328,4.382830,2.846690,19.368509,5.438912,9.042456
24.786308,16.738665,11.941762,62.638924,17.629314,45.214474
28.727621,18.292164,21.883904,71.230568,16.911476,42.713631
33.769150,22.008364,10.269284,38.665367,8.657233,37.256466
42.324310,25.074184,47.776779,139.654755,35.259346,42.432953
10.358318,6.858467,11.808806,68.941399,17.768360,19.910454
16.520432,10.790240,14.027345,61.020424,14.549414,33.291935
22.159729,15.031897,6.740737,36.730247,10.372179,52.203152
27.772732,18.726709,6.768796,35.368961,10.201914,30.904160
28.173920,19.059448,9.337461,47.895050,11.283426,33.018562
20.444122,13.629436,7.883236,47.924046,12.106331,21.778048
11.838811,8.325616,4.308553,14.042896,3.407062,6.766046
31.957821,21.234432,9.469779,57.441673,14.258030,34.292080
10.562999,7.513247,4.281608,22.886539,6.007225,14.070862
11.252070,7.427047,22.255590,71.937119,19.280264,44.524700
16.858482,11.571066,5.483433,20.137093,6.532757,10.951280
33.332031,21.464659,15.649367,70.788902,18.021969,34.718559
21.719934,14.534682,10.984030,35.678566,10.077622,27.887829
39.120480,24.479469,12.550960,44.874489,11.740958,17.978228
6.363963,4.497066,4.090592,12.144351,3.713905,4.721132
39.501705,26.187857,21.210497,106.440414,28.768452,80.524910
19.441553,13.281199,10.128613,50.035553,12.111675,14.312606
21.658171,14.498925,8.763391,46.302189,10.383911,41.291443
8.801826,6.322520,4.449504,25.479694,6.381457,10.682843
16.002760,10.979932,17.856665,58.695511,13.544671,43.319386
15.869174,10.783604,5.431353,17.844519,5.200527,16.995474
18.407473,12.180797,25.169430,121.618309,31.692411,73.643616
8.074185,5.278770,15.681624,61.491970,14.785231,27.413334
37.068287,24.308136,11.721262,53.652878,13.862757,58.557320
32.448929,22.000399,9.852820,31.474821,7.751645,37.091827
20.704023,13.830046,6.143408,20.860764,4.735939,14.757067
33.160217,21.709949,12.103120,48.421158,12.087847,29.556450
22.420513,14.980527,8.038046,22.254894,5.374277,20.932722
15.089554,10.586403,5.595566,17.545618,5.824563,9.735396
12.913825,9.160101,4.279809,34.619915,8.751223,14.948387
34.533188,14.783951,11.857218,53.887695,12.995494,43.998211
18.770632,13.096881,11.288424,30.811394,8.060158,40.945782
7.142926,4.807898,3.527511,10.273902,2.382465,6.396262
18.018867,12.028166,15.634848,57.169346,17.884533,41.197731
12.314762,8.137206,5.859924,23.989325,5.254173,12.458570
75.892235,42.996815,30.835960,101.059341,28.375557,84.718155
7.417217,5.308177,2.927612,14.402369,4.322363,15.349520
46.580265,28.890305,26.401691,48.996788,10.687348,23.500324
28.166529,18.605261,7.974206,33.014297,9.182022,17.754074
5.157605,3.528290,2.789290,11.041293,2.306527,9.673562
15.254252,10.226605,5.567697,12.423818,3.503016,15.049165
11.010448,7.802962,2.250920,11.743696,2.205455,17.174074
26.479248,17.646322,8.518431,37.462685,9.765339,15.249787
39.663605,25.822128,12.029276,38.460693,8.441896,32.837563
22.377327,14.951851,9.383847,35.562660,9.684274,19.648293
26.243612,17.477337,7.848950,36.013580,7.059278,13.844631
58.458408,31.283770,35.737534,100.790237,25.834911,59.403004
43.854958,28.751080,21.486971,69.126366,18.523840,104.757843
58.363392,35.516129,28.950350,86.175911,21.338871,60.662151
17.550949,12.238517,3.761921,26.929722,7.056841,10.844629
6.872278,5.049552,2.968116,8.986297,3.382520,3.463132
8.588481,6.101716,3.804133,13.993710,3.862976,11.449409
20.466345,14.016493,6.114383,20.681974,3.864344,20.370111
8.800066,6.353783,4.336695,28.317522,5.710191,16.298134
11.066284,7.831073,4.609348,20.497797,4.048765,6.376199
45.908447,30.430361,21.338675,48.854527,11.083727,26.468636
27.044748,17.838568,9.085390,41.207451,9.620934,19.069384
20.742350,13.825659,18.633352,58.362652,16.430214,43.313919
18.785349,13.098918,5.250125,28.236588,6.267794,8.938787
32.574123,21.732683,17.671886,99.493340,25.870213,92.621368
30.120089,20.577633,11.181090,51.887402,13.325918,14.118128
6.115459,4.366652,2.218843,8.241293,2.164956,8.925689
14.985378,10.337951,5.395867,24.163324,5.122362,10.142890
15.057919,10.419515,11.529947,23.064829,4.577873,20.399136
13.789260,9.798807,10.108784,28.144922,6.937838,14.760781
17.162184,11.708102,5.733534,40.930904,9.718902,14.718631
27.238070,17.591213,12.584840,71.874519,22.103228,38.720482
13.200031,8.887749,4.755098,25.713997,8.543511,15.770623
26.553650,17.883169,7.407420,25.603420,9.112118,25.312532
15.050742,10.281677,5.245228,17.549932,5.019193,6.310300
16.006929,10.711843,5.614825,30.351257,7.786770,28.147400
30.925598,20.726452,12.042466,57.936398,14.890281,19.055267
28.455534,16.786341,52.023003,219.838440,57.922539,97.341225
42.955139,28.151194,35.448536,186.562927,50.327187,100.260529
33.013805,21.490873,20.074169,72.517067,19.951632,89.639053
31.946526,21.417133,25.789606,102.721992,29.571260,44.239674
25.005472,16.346636,12.110130,48.366627,11.159718,31.574614
10.184912,7.078845,3.260605,16.574221,4.529657,10.684801
18.006424,11.962323,7.899851,20.372683,4.225991,12.165687
23.012415,15.466184,23.285820,63.930237,17.302240,34.519745
128.392914,69.229515,101.365189,491.849915,130.211395,248.960419
48.090977,27.631033,70.794281,316.645813,81.445755,171.796173
7.438594,5.094130,3.043568,17.154406,4.581724,4.332929
7.240211,5.106296,3.652139,15.736846,3.191713,9.312986
10.026674,6.590308,11.936868,28.452135,8.153971,40.823200
11.743364,7.775866,9.395255,27.508570,8.874427,35.693203
27.328146,18.316744,20.201387,87.149376,22.922323,69.816048
13.705985,9.459126,4.859933,14.894948,4.028131,7.137269
24.818672,16.199673,13.047402,61.145634,14.991731,28.463232
15.740067,10.967660,5.172634,21.171188,4.548984,20.616564
26.864300,16.539499,76.904419,178.510361,44.429726,124.410477
17.014816,11.677222,5.230174,20.335922,5.784535,15.823429
10.861700,7.599603,3.884105,18.430958,4.909863,6.897401
15.506234,10.456442,14.440619,81.575577,21.140505,31.689152
32.008564,21.551311,15.843887,80.988640,19.599045,27.539955
35.801586,23.736416,13.244430,37.816086,9.985837,27.733797
15.670471,10.759531,4.865963,19.974243,5.170530,16.117456
22.287659,15.134651,5.329128,33.128174,6.918234,25.540146
11.756795,8.058259,13.367845,54.363438,9.212364,30.144163
10.162841,7.423389,6.183462,21.120998,4.488180,8.794628
44.245911,27.609838,29.481876,76.073448,19.677549,59.078461
18.303831,12.111925,6.928919,26.386139,5.595892,13.855207
21.686413,15.135150,10.786182,57.440445,15.207876,22.946651
24.938780,16.590096,10.198093,32.529526,7.747686,9.159618
14.152826,9.395918,5.005521,20.023216,5.007357,20.872417
16.599398,10.685676,19.739250,76.266251,18.344635,52.318199
6.794277,4.701452,2.590399,16.976131,1.946075,6.620852
28.120827,19.282976,11.371637,54.844021,15.171391,34.353424
31.918459,20.520576,10.049902,49.268169,14.193041,28.808018
51.732254,31.845995,13.385167,51.377773,12.307480,27.521408
34.576664,23.492079,11.491314,36.845505,10.663123,26.141794
38.046894,25.599760,17.729746,13.111004,2.789387,56.665462
64.230766,39.502403,65.509499,248.053406,60.535892,136.682358
38.745594,24.735680,16.304976,60.322433,16.445444,31.628296
7.013013,4.925494,2.989099,18.297249,3.668561,12.953564
42.083107,18.083988,21.616573,70.609100,17.974911,39.863956
22.539637,15.476378,8.140235,42.611202,10.516729,19.342278
9.631546,4.234560,4.253298,31.411440,8.808887,10.964616
18.672625,12.095175,7.499897,45.886379,8.694962,16.676016
9.985996,6.967210,4.254693,10.679399,3.699498,12.657474
24.524738,16.811749,7.674009,23.552214,6.328343,12.242473
18.678324,12.732872,7.399884,31.725481,6.753567,9.430783
41.840065,26.627893,12.419637,44.786880,11.504047,29.616856
23.864273,16.674290,12.442986,52.493351,12.836399,20.315283
13.194001,9.255196,12.167672,69.442085,18.184401,24.630461
12.033956,8.439780,6.369864,22.187557,5.351570,7.481817
36.254799,24.427513,24.235348,62.636158,17.216351,36.948296
12.542737,8.606397,5.064415,36.013302,7.182546,11.901758
15.632047,9.977466,26.752882,130.465469,32.355518,68.536636
5.953145,4.153781,4.616309,19.283148,5.425289,13.853670
7.108397,4.829254,5.754217,17.668430,4.774117,26.282499
37.095478,24.638927,16.702934,37.774334,8.520721,31.156796
39.949928,23.775805,23.289679,97.733719,24.738125,53.790516
13.980532,9.325171,4.373312,15.053615,4.678387,11.060149
16.428391,11.236438,6.438128,15.523919,3.842308,3.951134
29.859118,19.913319,9.600697,30.097424,8.001109,21.099144
36.810787,24.834879,17.440170,49.430237,13.798051,44.724064
30.244188,20.388962,11.863983,43.320137,11.105927,19.727345
18.013733,12.384716,10.808755,50.757126,12.523359,19.344181
18.302929,12.821786,6.290324,28.660564,8.148014,15.177553
56.864204,30.065907,20.616819,68.336632,16.628923,46.549644
28.609758,19.075016,14.807205,84.957253,20.962902,62.918560
37.393673,24.011293,12.425823,50.346981,14.054437,17.655724
17.300774,12.273429,7.634825,24.740345,6.491566,17.340961
26.282051,17.674086,14.949787,69.892700,19.004507,62.053997
45.858978,27.953310,41.487736,178.643875,48.724083,117.555092
8.269750,5.770271,5.477885,14.083292,3.763213,10.197123
93.300362,41.690434,114.376839,325.824799,78.085083,271.786804
7.988755,5.486632,3.498912,10.180236,3.834839,8.090546
39.148033,24.938965,12.084929,42.702232,11.230788,27.833197
9.695009,6.923582,4.253289,11.706327,2.740916,11.661405
16.283388,11.440520,4.067404,33.433132,9.325748,9.926406
34.711464,22.220598,29.115019,93.361130,24.519444,41.892979
6.786673,5.158577,4.686367,14.776733,5.733207,10.275464
18.430635,12.261377,6.087939,22.652321,5.494415,20.531017
17.235405,7.552088,14.627481,62.886909,19.077820,62.015148
16.023361,6.285078,17.181660,75.109024,20.813023,60.721016
35.130447,23.040651,9.847578,25.116110,7.448867,22.671515
25.173258,16.907766,8.408362,32.426861,8.808851,16.599649
55.183800,34.734367,27.664425,119.209496,29.917049,102.455559
20.491186,14.503334,6.714190,35.756603,9.426468,14.960109
39.796543,25.466333,14.116166,53.947575,13.653892,10.520647
27.112957,17.955759,9.863520,30.702436,6.172310,23.035646
17.442915,12.027710,15.513150,63.088661,16.192408,18.579317
10.363415,6.876537,4.149387,15.947666,4.648354,7.165245
9.260742,6.150742,4.809708,16.992981,4.246369,12.233752
20.867285,14.370810,7.270129,34.508755,7.232648,9.362969
20.499706,14.199876,5.147466,32.357712,7.743739,17.196127
32.214741,21.700586,11.390038,44.117062,11.321571,29.525091
6.686000,4.446326,1.283895,8.742207,2.102860,4.862876
21.863138,14.638389,11.888225,39.746639,10.988935,46.324612
48.688663,31.256422,14.366249,48.301079,10.722575,15.829069
4.777250,3.267113,5.462990,19.575127,5.276027,18.253702
50.886921,32.866505,16.547344,114.490311,28.143648,42.289902
7.683872,5.362734,2.921710,4.885335,3.392543,6.933712
5.064166,3.613729,4.237949,27.191132,6.186586,18.270716
8.036116,5.737028,5.088041,23.434340,5.088480,3.092427
9.238999,6.333230,3.462844,19.419399,3.143537,6.471207
29.800518,19.786585,9.594926,22.242785,5.407080,23.181385
25.225973,17.031261,9.089042,43.503853,13.141301,36.337372
25.895548,18.118441,8.474964,22.839884,5.049298,15.692240
35.906208,23.370708,14.278857,54.683441,15.391810,51.183681
14.000063,10.077456,7.406991,25.589766,5.839162,11.980894
23.482828,15.513532,12.426424,72.551460,17.499554,46.580364
32.304684,14.938169,14.052570,59.111824,16.588251,27.790255
16.681618,11.536126,4.779068,18.668081,5.830568,10.772880
27.033224,18.117233,8.096820,45.035835,10.108853,23.313841
44.196926,28.563028,23.265461,101.731567,24.029831,51.232552
16.928755,11.750217,4.955636,33.035675,7.922476,8.316659
14.204576,9.548267,3.672117,26.052971,7.694892,14.288868
38.663952,25.675814,15.521042,61.514740,16.530567,58.354282
24.107914,16.208557,5.920617,42.546524,11.307656,30.147678
32.623474,21.228523,10.211696,48.904510,11.533865,36.294666
20.574474,13.870437,7.177732,24.523792,4.938575,9.254904
29.571497,19.934212,7.790528,23.424633,4.886446,16.145451
21.158119,14.468818,8.705879,46.456253,9.670657,16.906076
38.473976,25.660744,23.238661,84.825432,21.925224,56.889717
13.028907,8.994995,4.469721,8.487967,2.600520,6.987633
64.110870,37.893459,41.059631,185.197495,48.016056,87.621361
28.121572,18.866161,9.765359,33.172112,7.517503,22.364782
41.299747,27.543251,13.916842,41.816719,9.277745,9.902472
61.053219,38.270451,26.847507,148.900330,36.729290,84.583694
29.000933,17.998743,11.494092,40.141773,11.609262,25.021778
5.726812,4.272737,8.572563,34.735184,11.108727,21.256836
24.624067,15.832273,12.313491,66.665047,17.865093,47.257515
22.799074,15.339255,9.338765,35.673962,10.329630,17.917210
5.538674,3.927884,3.732440,16.520748,1.803012,5.639368
80.282913,45.612144,25.706125,88.127464,21.167677,74.607628
45.108891,29.614420,16.868326,51.632580,12.156063,40.184547
18.138796,12.251073,8.971286,25.981239,6.091500,17.665514
31.920296,21.517311,18.493618,68.065865,18.285156,75.960327
4.495203,3.041404,1.318819,11.266185,2.276365,5.173036
11.242951,7.655412,6.479793,23.513290,4.442682,11.970243
6.499684,4.675298,7.781548,23.764017,5.402987,9.962819
10.283391,7.090477,2.586966,13.488305,3.506268,14.695745
11.888302,8.371445,3.941747,9.088633,2.562744,13.793056
12.745627,8.682757,5.476207,13.268500,4.403564,8.523650
28.647943,18.979469,16.257710,66.560410,17.044556,16.468325
33.267105,21.238720,13.018219,40.636269,10.935809,26.777967
19.790443,13.448044,6.044253,20.591894,6.159706,7.565283
12.062901,8.331618,4.144936,28.771360,6.956119,26.256149
12.828639,8.983253,12.668981,22.959749,5.379437,17.281157
11.665934,8.040673,5.383367,9.972495,4.726764,12.601786
24.429388,16.076752,14.357269,64.304832,15.953115,44.578495
18.943956,12.648881,7.519554,34.561855,8.064762,20.712278
16.724066,11.183343,6.613743,32.053982,7.575840,26.616556
4.232451,2.929310,2.627189,6.116675,2.834792,5.889697
35.718018,23.733601,10.291256,48.631962,11.239272,35.310879
9.265125,6.364358,5.914012,11.812376,2.652852,6.992862
36.676697,24.449028,59.706451,144.346649,37.420292,91.821999
6.682892,5.155385,2.941250,13.450025,3.650236,8.425895
20.305393,13.132267,14.920390,52.621052,15.237252,54.416313
17.141096,11.591222,7.237197,24.663822,6.792125,18.875044
19.527836,9.823964,7.167640,24.521824,5.494395,14.214860
29.481972,19.383644,13.136427,46.744770,11.749301,19.880381
11.205654,7.672550,5.170291,22.283852,4.176970,11.734269
36.150341,23.922127,15.589829,70.767517,19.522072,29.871445
30.184284,19.385742,10.931616,27.900074,6.474591,38.877052
35.139229,23.095810,15.538709,53.037163,12.472179,24.105968
14.486914,9.702210,12.096770,56.156555,14.750664,48.207874
22.801991,15.489892,12.283932,60.872993,16.361322,45.324776
11.000168,7.536662,4.552453,13.038383,3.826244,7.214506
33.924789,22.521477,11.825049,53.500267,13.563803,31.503361
18.511087,12.532388,9.219972,45.628979,11.344525,17.365934
14.598724,9.889345,14.142927,30.789820,8.748991,14.228512
5.450831,3.668758,2.315572,16.970844,2.131231,12.390469
21.496059,14.654278,21.299629,87.458031,21.760120,39.346287
26.985510,17.390184,12.850450,70.629776,17.746313,53.481560
26.268812,17.208721,5.807044,27.170647,6.178667,30.774986
7.094192,4.784700,1.716336,10.688575,3.633860,10.534017
16.499260,11.000791,5.648761,24.036667,6.483053,12.679160
26.919054,18.339626,12.452048,60.303280,14.203947,22.221161
8.622758,5.765765,3.425617,10.466214,3.298050,9.719471
32.327618,19.936222,29.589176,140.595108,32.445454,96.846863
27.313374,18.531189,10.862064,40.043629,9.856339,14.401272
40.404873,26.050169,14.957661,63.825287,16.117479,21.671900
11.943420,8.144606,8.558489,29.917439,5.908536,14.776335
10.928293,7.320589,4.241151,17.312546,5.600180,14.586720
11.074905,7.608405,7.943260,25.202904,5.887539,18.039534
15.154613,10.793757,10.137871,41.823822,11.976481,26.636518
15.196710,10.382251,5.774491,21.161995,4.425531,9.750227
36.232761,20.182972,11.732040,31.184744,8.323014,25.261160
24.481987,16.595903,6.488833,23.596085,4.937290,21.580082
25.249552,17.172121,10.737351,51.719009,14.967352,50.683674
21.201721,14.253880,8.935213,29.656620,6.383516,25.421816
52.255749,31.499796,29.341671,91.274780,21.279591,43.863586
25.603140,17.081301,8.122947,38.583748,7.124556,23.077530
8.066452,5.599423,7.022668,32.641193,9.416683,17.462851
17.883121,12.121184,7.732823,30.409470,8.212785,14.674541
33.251987,20.985191,15.536901,62.668762,14.538965,48.170334
16.067776,11.291722,11.260212,20.376331,5.455970,25.993799
17.744764,12.058326,4.934940,14.060280,3.572378,26.296194
32.521362,21.076254,22.873272,70.523125,17.817753,45.371677
5.349488,3.950573,2.674369,12.830649,2.152695,4.380329
44.481544,28.784184,35.473541,100.143120,26.491638,82.513664
27.003687,18.344168,10.154895,36.099190,9.698695,25.112228
19.385653,12.976589,7.689888,28.481937,5.022987,19.110584
28.416599,18.674219,8.608263,26.842356,6.244641,19.308222
25.568193,16.323168,13.286562,61.187752,14.210316,77.058784
4.974661,3.483875,1.768731,18.628208,6.090146,10.498528
37.350239,24.311552,11.861139,32.276001,7.029828,36.796135
16.617872,11.738569,5.420211,29.654028,6.743786,15.205648
24.358044,16.496407,7.256980,29.602219,8.533603,26.207481
61.732174,33.828678,39.136730,116.466637,28.834917,54.171600
28.247238,18.712152,10.959575,41.608597,9.757286,15.622379
5.537084,4.233757,4.086161,18.280128,5.004296,15.483093
163.558472,73.021996,108.429115,377.515564,89.681618,269.191101
7.117690,5.150064,3.227258,10.503304,3.268559,6.948063
15.472322,10.710309,6.622901,38.353313,11.926983,21.304667
10.161581,7.207385,4.221912,14.746545,3.673161,14.831802
26.879599,17.521145,8.562260,31.817890,7.452200,20.221724
7.855454,5.494581,2.911121,18.637838,5.762649,10.741362
14.916071,10.263282,6.057305,20.679434,5.788475,14.360701
23.259453,15.761495,16.471849,71.167732,17.651123,52.554249
11.481494,7.832830,5.086995,25.921543,7.168566,19.727222
4.497347,3.500764,2.409321,7.912002,1.172972,5.494657
29.858500,18.409988,23.956091,94.223656,25.983736,57.742775
9.295260,4.812464,2.668591,69.040405,18.262047,14.317826
47.680611,31.673569,17.469469,79.876907,19.740213,36.289757
10.903664,7.561232,4.535954,14.270913,2.999337,4.241707
51.477852,30.787558,52.259579,194.195633,48.153122,160.749847
19.086826,12.341047,10.721392,41.190662,12.672715,29.638208
8.484260,5.686843,4.472452,49.900234,11.593055,19.790539
10.990898,7.865342,1.588898,37.211292,9.163670,5.916343
38.373608,23.764973,31.793430,139.372162,34.167725,111.922050
9.509567,6.641594,4.357497,12.309239,3.237951,5.123677
10.278764,7.068458,6.279764,21.152098,4.737749,10.032744
26.542334,16.935841,30.298056,121.077209,31.083683,62.378384
12.534729,8.600799,4.943502,24.045080,7.230113,11.162569
6.976342,4.849479,2.512933,11.643752,2.718775,12.428393
27.345558,17.997921,8.953198,35.123020,8.120891,33.531746
25.295527,16.557140,7.793387,43.762302,12.872956,20.265881
14.465127,9.956488,5.102896,14.961681,1.738586,16.159950
20.466686,14.093991,8.277442,24.666254,6.731341,19.091888
10.935795,7.991404,4.788502,16.474878,6.186787,7.420050
53.820126,31.347153,37.653847,117.815308,28.884985,90.057877
15.007437,10.225430,4.070356,21.751238,4.755726,10.589934
11.920577,8.599034,8.209886,53.179638,13.059418,16.518011
27.227295,17.789614,24.550739,77.648956,21.806715,57.810692
5.355771,3.798833,1.440997,15.035373,2.580302,1.713885
24.879881,16.592510,7.683202,34.415047,9.446383,20.936697
7.539238,5.208138,2.871942,6.760095,1.470564,6.451819
14.936155,10.185574,6.831830,41.641731,9.383921,21.415487
9.449201,6.708080,2.112036,9.081866,3.100157,4.698047
10.832730,7.449638,4.166920,19.001024,5.520224,10.023499
6.610896,4.466663,3.737685,19.064407,4.358167,8.636150
18.834299,12.659325,5.715368,18.166796,3.800688,14.235869
53.631069,34.490467,56.047699,161.131088,42.295460,97.830849
11.480143,7.990625,2.805581,12.912766,3.805712,12.438841
9.323771,6.776879,4.883897,7.279094,2.469231,5.811165
8.327327,6.160110,3.809736,22.479742,4.779346,14.049341
10.694555,7.264316,2.569543,19.996687,6.278037,26.488714
55.200451,35.573158,22.412884,91.677528,23.035755,59.459103
34.453873,23.264818,8.189919,52.385410,11.018808,23.666815
35.992981,22.954126,47.738110,218.369843,54.654770,117.944481
11.008207,7.632044,3.624522,16.377384,3.976400,15.623590
4.425117,3.376053,3.046940,8.459322,2.563238,5.669214
8.468489,6.077398,3.458269,20.176691,4.093229,9.902075
30.971096,21.055962,19.926720,74.783081,20.466097,46.191708
12.098948,8.332902,7.446878,21.570417,3.272944,10.043164
29.679766,19.671783,10.247313,42.211784,9.283334,13.447486
44.236485,28.287874,26.790140,167.493912,42.810722,140.913055
79.327957,46.251488,42.724140,135.074783,33.089184,77.984962
30.895960,20.308655,14.144442,49.747097,12.709715,32.661079
34.997715,23.861944,14.528330,48.578144,13.712999,44.494221
7.679507,5.117776,2.663245,9.651614,3.364667,9.532851
13.715288,9.508235,6.476069,24.360815,6.571429,15.337397
6.030679,4.057045,2.128352,9.523088,3.072852,5.330492
16.266964,11.122587,10.234284,51.996914,12.970172,28.444494
24.808643,17.497639,12.117655,49.646706,13.545444,27.179169
18.651310,12.410923,6.290250,23.666979,5.217999,17.800314
33.711781,21.693111,19.143209,74.556717,18.245003,37.367275
21.486292,14.849654,18.534691,64.647743,16.830685,21.969358
36.810448,23.469816,24.138502,98.167839,25.113222,59.593704
36.869705,24.175550,11.007912,41.005436,11.577269,31.602942
9.477770,6.770617,5.632916,32.095207,8.393882,28.059591
15.380616,10.131165,12.281826,80.843086,21.337482,65.101593
10.368410,6.889393,4.154877,28.492067,6.188265,11.718481
25.821215,17.202538,9.355997,42.399643,11.423823,13.491829
12.668614,8.794507,16.961992,52.476646,15.272413,43.632694
63.524261,37.239475,51.148384,171.606842,46.844246,94.674301
12.399842,8.493289,5.656782,19.282907,5.189398,11.913846
8.167008,5.809643,2.851450,22.604235,4.889242,10.888906
12.830112,7.985112,6.960099,18.140234,3.833433,16.917774
35.353424,23.127348,9.853014,47.520992,10.625381,30.005337
76.307999,38.981113,42.941826,174.737289,43.167603,78.480980
8.203773,5.903140,2.920219,4.955242,0.361525,4.625317
5.046959,3.637445,2.392795,7.789363,1.061644,5.555068
21.121269,14.525427,20.526669,110.836868,26.976919,59.047359
64.191345,33.943459,48.944763,203.415405,52.780640,131.880859
99.432312,47.516682,83.765404,298.795746,73.612640,260.363647
9.628322,7.019580,2.281158,16.691889,2.645446,8.758458
76.849045,30.106848,35.945332,32.294815,6.503072,67.156807
28.198668,17.816551,46.850967,195.820801,54.340530,116.140800
38.120926,24.118790,13.648340,33.698704,8.322547,33.252609
48.364571,31.470009,31.584911,111.882500,29.383045,100.738197
26.952545,17.878122,9.656619,36.570076,8.944214,31.777679
4.234384,3.160796,1.303822,16.318424,3.743164,9.625871
14.201927,9.943189,12.029675,57.975246,16.781872,46.957996
4.938381,3.695559,2.858714,16.699291,5.168921,6.773679
4.504874,3.116238,2.977842,15.382036,4.187088,11.221164
30.099770,20.111979,11.508409,52.410812,14.332205,33.125755
20.514137,13.643452,9.969722,29.640066,6.116682,19.823603
10.879573,7.533527,3.641561,12.256227,3.018202,6.100639
24.546474,16.774559,9.841119,20.241213,8.273555,7.717906
26.600698,17.541866,8.207780,32.104511,9.974316,18.281490
8.610149,5.929348,2.909767,4.466440,0.014259,4.403169
22.157539,15.057136,7.514135,60.626049,16.175690,30.715708
17.098459,11.726484,4.925287,26.843216,5.873052,16.121025
37.483994,23.964239,37.406063,164.297821,39.737911,108.141724
11.941834,7.847577,12.621026,55.092762,14.446859,39.517452
18.275738,12.487875,7.578097,24.075443,6.491622,13.616147
12.193607,8.811412,8.963496,48.324345,12.424813,21.469341
27.837034,18.642225,17.030987,59.582893,15.132401,63.494518
30.231178,20.264221,17.964167,99.427284,25.221581,40.140728
72.145630,34.693275,30.320732,92.626183,24.148788,80.066109
11.516760,8.042095,3.420600,22.232332,4.734260,15.386904
48.085732,30.754364,40.496635,140.612076,31.961407,90.100304
22.357651,14.545122,6.535637,22.805780,7.777404,21.333088
36.278080,24.945457,20.760513,96.737022,25.240826,56.244919
12.201886,8.315881,5.211385,31.403736,6.333495,23.856676
25.840445,17.151527,16.501539,47.485935,14.465441,40.498192
10.512880,7.390049,2.906566,4.816768,2.129864,3.778568
18.489151,12.130345,5.740150,18.553917,5.651990,16.674616
31.940773,20.696430,12.158135,44.977604,11.231924,55.074223
61.516872,37.408566,71.658661,295.382904,84.573143,250.659592
16.688520,11.765177,11.660631,66.797348,17.708746,30.959494
8.093239,5.688898,4.045509,13.766451,3.091903,7.379633
4.987652,3.541892,2.577685,2.474180,0.145048,2.436912
27.762573,17.400236,20.749693,79.307732,24.001116,63.749508
9.855818,6.677989,15.187145,47.725498,13.514059,25.740805
5.905187,4.163273,7.619787,26.832865,5.429343,10.657056
10.365092,6.883101,3.126835,15.131969,3.857514,3.526483
8.446441,5.929659,5.776976,17.386009,4.676030,10.502913
22.315638,15.286230,7.671346,34.911297,9.239743,35.522377
8.017130,5.594645,4.096867,12.299659,3.676309,11.080955
11.048137,7.812048,11.627711,51.974361,13.808825,33.049042
29.355600,20.315405,10.011189,35.408348,9.555783,17.881723
4.113128,3.204259,1.872967,1.342174,1.617119,4.198909
7.858659,5.707502,3.576900,19.504566,3.964290,8.765094
12.433275,8.520497,5.797330,39.731693,12.849990,22.526169
17.866240,12.034470,6.300934,47.788589,11.391891,17.140995
22.453053,14.774196,13.323314,68.717979,18.366768,29.588146
22.782295,15.312663,6.608333,21.614700,5.286221,23.440758
33.495907,22.369587,20.572838,125.601593,32.440632,67.465103
15.310744,10.949992,7.090064,37.950603,9.907676,19.234608
20.084738,13.816772,6.588129,20.433422,4.978185,14.454043
45.322548,28.628298,31.411495,142.806808,34.974178,78.774841
17.511944,11.869475,5.350226,24.398161,8.463957,13.813534
37.937725,25.002966,15.350801,75.089729,19.484787,81.679680
54.045094,33.933685,15.858279,55.382721,14.905046,29.476408
32.892502,22.485991,13.553357,63.990013,17.754786,45.029034
40.044685,25.011450,31.906179,113.299042,30.152840,69.343788
20.227608,13.888014,8.470695,10.805816,2.967709,16.478848
15.034527,10.231328,6.278246,24.081074,6.668043,10.656749
27.454769,18.017330,8.900094,31.500765,8.630770,24.433002
28.567911,18.262533,14.230977,56.144543,15.053696,30.631468
8.991071,5.976033,9.318425,28.894751,8.324028,15.271619
19.171043,12.433712,6.206824,26.834883,6.942832,11.010806
45.348217,28.190458,21.186203,76.651649,19.468536,34.656128
12.611328,8.679864,4.444576,11.453377,2.754485,6.683007
27.189341,18.595682,7.462326,34.355766,8.989148,23.623049
14.120578,9.381143,21.614830,68.247421,15.577475,68.233322
31.020439,20.117174,16.810219,63.793926,17.157618,23.946230
13.080975,9.274170,4.075101,13.192505,4.427374,13.463447
63.341343,36.588772,74.971359,323.609680,86.507919,195.619049
20.514719,13.519468,30.257404,215.226288,58.522533,77.306351
27.106499,18.499289,10.768900,55.534313,16.716066,31.886459
17.526169,11.911228,4.720827,22.120432,5.986393,13.663842
9.555423,6.433356,2.509284,19.718855,4.375944,10.695777
12.753645,8.508926,4.023409,17.378502,3.791629,10.550609
5.897122,4.416328,2.742347,8.399117,3.517614,4.620024
30.536491,19.844746,8.922907,50.871891,11.153274,29.689804
10.429963,7.084121,12.000061,38.240990,9.722598,13.789971
5.682554,3.963500,1.839966,8.795914,2.346684,4.277654
48.690674,32.687275,16.856733,79.738289,20.360302,46.826378
37.657780,24.000210,40.985554,146.773987,38.709110,98.242104
34.934441,22.941406,11.045200,48.875336,13.220104,28.291412
14.004686,9.328984,4.440162,21.305382,5.861291,7.907340
32.460522,21.744806,16.958273,61.933922,15.784209,44.721638
31.402956,20.548941,23.768488,105.451836,27.170887,32.369434
32.760284,22.498728,22.766979,68.731148,17.517723,31.386395
20.664547,13.951309,9.209115,48.374619,12.620956,29.995117
8.177802,5.686157,1.793085,9.027979,4.116488,4.879065
26.672728,17.776552,9.457385,36.141960,9.573792,25.484423
15.664138,10.654179,6.217295,27.534916,6.957263,14.663878
15.714890,10.419683,10.953200,42.496624,11.980146,22.588402
26.191132,17.067156,18.737591,92.589584,22.424845,56.967339
11.999578,8.178251,5.470042,15.462084,3.469392,8.747751
16.494415,11.116863,7.099977,40.789288,10.532174,33.254375
50.499039,33.028339,18.534941,71.647926,18.362593,49.041992
63.747234,39.132462,40.623886,150.111282,40.212502,156.311340
16.214296,10.964832,13.891273,46.649029,12.067736,35.037598
8.369242,5.760511,3.498541,15.138240,2.937446,8.593890
28.213802,18.748943,18.561275,87.018608,22.404938,78.406960
11.694392,8.224144,11.545275,59.178024,14.889805,22.963245
52.367554,31.427521,44.059353,90.736328,24.279907,58.949432
8.760258,6.151729,3.964032,15.591340,4.937715,8.459342
37.101856,23.221947,13.858680,130.302765,31.981371,62.009724
10.292111,6.860989,3.922474,14.793494,4.316020,3.534533
16.133017,11.047947,6.488479,15.234111,5.036021,7.909749
21.318462,14.148876,5.971562,31.072565,7.106552,18.749647
23.243687,15.322606,8.110907,29.342854,7.356373,17.891544
32.597031,20.785650,25.663961,106.679390,26.517069,68.477379
25.382812,16.882515,9.497972,47.671909,12.939487,23.696697
42.897785,26.243477,30.254599,132.410400,32.486931,99.601784
7.826170,5.431877,5.563786,15.457910,3.780053,9.642548
53.579411,28.749578,23.571775,116.232155,33.725735,79.686493
9.562402,6.573771,5.691830,16.170176,2.738928,7.654523
27.897535,19.119709,10.580900,53.619488,14.400141,23.406017
7.326278,4.962692,2.913106,7.690641,1.733544,5.359138
56.785046,32.070763,56.657196,240.527161,61.712482,155.408463
11.300699,7.792899,5.596783,17.793488,3.286079,16.321917
35.079369,22.498680,14.686855,52.071526,12.884298,19.610619
34.426544,22.774685,17.203054,49.690403,13.657997,76.297256
5.094209,3.749852,1.985213,10.292195,3.840340,5.970386
38.437332,24.920000,10.068864,42.876694,11.753489,25.221819
16.757845,11.492558,4.263442,33.840393,8.431309,26.917358
45.238861,28.493837,13.274686,62.575504,15.992219,35.192352
6.919593,5.116571,1.825602,13.809033,2.945074,5.259581
21.339088,14.402069,8.569845,24.692209,6.004072,17.873791
16.451117,11.459146,3.949905,19.249907,4.647151,13.092832
31.716459,19.686644,14.916177,102.665741,26.781332,35.973629
13.555720,9.172033,4.921300,18.781389,4.446016,8.290993
37.153824,24.424517,12.992865,44.007587,12.005910,23.810112
22.741888,15.505886,7.835330,30.467869,10.102316,31.150959
10.393489,7.386982,10.133937,51.946953,13.302257,44.786022
11.738944,8.006222,4.032419,17.313570,5.036513,7.899127
24.737478,16.414972,10.740830,37.577511,10.048489,13.585915
34.451805,23.252563,14.105250,56.662865,16.663784,44.762722
16.196877,10.643255,6.699668,21.086174,5.438546,13.325732
15.044090,10.196288,3.439013,17.778748,3.092168,9.451648
31.549488,20.155266,29.646126,136.605804,35.430229,103.502113
10.065296,7.174732,4.046860,16.670212,3.942804,8.014182
11.223413,7.853446,4.301764,20.099749,5.002443,20.896341
38.373867,25.351240,10.963182,72.807747,20.280237,38.592827
11.814854,8.361408,4.268238,11.811236,2.768760,4.201905
8.296537,5.764539,8.458414,29.148409,9.164086,14.946899
11.800871,8.241158,8.057072,23.746984,4.967948,9.047098
12.702870,9.041739,10.931565,35.382244,9.763611,13.904067
36.091656,23.534607,17.751398,75.690865,20.476954,66.111328
34.140984,21.411158,15.869824,45.917976,10.625604,39.120235
10.445312,7.241402,4.892447,24.320194,6.494174,10.319755
9.781309,7.054150,4.278865,14.079856,1.764881,5.107448
13.507225,9.456785,12.811529,39.357910,9.877513,23.659483
31.455326,20.377205,22.398155,95.271568,24.683212,76.926392
24.677925,16.413101,8.270425,33.736069,8.199835,38.772152
14.728876,10.423978,5.115076,15.935048,3.227390,10.165678
35.708561,21.324587,24.149414,104.628746,29.558857,66.826714
10.307602,6.982732,4.199903,10.210386,3.763573,7.205681
6.991332,4.536363,5.887995,32.695679,7.247421,14.142600
73.864456,43.686165,31.735386,87.979019,19.818871,46.229069
4.157901,3.217802,2.900988,13.167136,3.671129,4.388811
55.132801,35.418091,19.013418,104.446884,25.321512,43.029545
6.065384,4.272810,1.969284,12.884170,2.836104,9.262070
24.715082,16.239620,6.985960,40.332603,10.929815,35.854309
13.203871,9.133693,4.236089,20.540884,5.772869,11.778756
25.427046,16.821672,6.949436,29.493074,7.354640,9.922775
21.194473,14.658381,7.919694,44.517639,12.096334,18.381496
12.400503,8.729823,4.819050,14.478042,4.035444,8.565783
26.341734,17.746614,14.819241,43.409904,9.997023,26.343395
18.569990,12.199494,22.348677,88.391983,23.427624,87.587715
26.871111,17.670433,8.023107,44.844826,10.371572,37.372833
51.221893,31.787924,17.341955,77.013260,19.158281,48.030220
27.307169,17.826120,9.171783,34.394821,9.804072,16.518234
12.446401,8.446296,4.601866,33.355042,7.383600,22.099255
9.778497,7.009126,4.102933,14.924688,5.167713,8.467041
25.910097,16.782465,13.134302,84.963249,24.676582,53.529652
10.455020,7.034260,4.295979,15.134303,3.773948,6.049466
47.598713,31.924858,16.754906,43.650570,9.209654,29.701967
10.466207,7.444540,3.326058,16.939644,3.957540,5.979146
11.258435,7.709188,2.976025,16.522259,4.463962,6.807517
11.681428,7.761230,5.004151,19.989981,5.187783,7.485353
37.324883,23.807207,16.727625,67.739883,16.070166,52.764832
23.442581,14.899366,20.416578,108.562492,27.416584,39.087597
39.985928,26.201208,29.422451,117.907646,30.412992,68.256805
7.975605,5.717343,2.262470,20.080069,5.687959,20.029348
57.519531,32.449066,109.690147,402.104340,101.371002,258.353241
40.780506,20.669182,14.006530,52.079491,12.966113,27.381584
32.581120,19.805370,26.564604,140.311478,34.169487,123.346436
37.044590,24.119331,11.695472,47.153851,13.262710,26.976534
30.352543,19.879507,14.761739,36.391426,9.740710,20.725643
23.554852,15.740045,12.194173,40.887489,11.252044,20.564362
38.762352,24.056713,12.409110,46.756443,11.634058,45.492104
21.080751,14.689757,10.772894,27.739475,8.705656,27.540443
5.197423,3.713865,8.171107,46.363216,11.238940,21.143349
9.721326,7.118144,4.041279,14.139636,3.641361,6.946273
6.952988,5.133783,2.086107,16.361710,2.663786,13.418186
16.131872,11.482120,35.280155,121.563759,33.303581,87.816734
5.353219,3.558366,20.289944,99.276543,15.755114,25.329561
32.850140,22.026873,12.945081,58.469254,14.687720,32.388866
36.470810,23.583370,11.748894,29.252951,6.714625,33.686382
13.659380,9.306551,8.605756,28.619400,8.684802,13.205820
58.322159,35.060143,19.890114,86.424263,24.133823,56.027203
13.763630,9.332360,12.120201,50.720688,13.286983,37.732845
22.203373,15.078579,6.395450,32.190037,6.332001,16.747162
19.914125,13.790850,10.543052,24.586342,7.159010,16.624575
21.401741,14.584997,9.094211,40.221348,9.434032,32.765972
7.631266,5.387341,7.269961,31.448997,9.937021,7.528968
10.001768,7.171431,4.225977,18.623962,4.822145,6.158837
10.527744,7.086123,4.028152,6.591905,2.934527,6.942629
12.341736,8.640005,11.926155,43.848511,12.663816,28.917271
12.390600,8.413577,4.099833,29.855555,7.570421,13.431395
55.175858,24.001316,110.837425,400.787720,104.625534,286.362274
15.609492,10.751199,5.370712,24.284452,5.743237,4.355641
7.619061,5.155036,3.591750,20.063623,5.847990,9.471419
39.707573,24.492701,12.908749,46.868198,12.299565,35.839931
13.371721,9.565740,4.613086,25.268528,5.673946,16.859104
4.978433,3.752407,4.366180,9.200436,0.824140,4.340415
10.958586,7.530057,4.219302,14.971763,5.573462,20.167883
6.665940,4.350015,3.934226,23.531393,5.601032,13.779741
29.080956,19.969696,15.486090,54.427452,12.262032,24.070982
9.936564,7.028570,5.859596,28.877399,7.691159,14.979180
13.576481,9.532540,8.748353,45.699642,11.119656,18.403275
18.246328,12.503727,5.476803,22.055061,6.252169,10.755191
10.634471,7.533957,10.627601,34.305878,10.058786,33.183395
42.490196,27.516275,29.789600,95.122040,25.637428,94.743767
16.557913,11.339177,9.461818,18.254383,4.825911,17.970551
14.331074,9.638868,13.740602,58.723011,13.572791,58.917957
8.546007,5.917380,3.646456,32.874043,6.690660,11.632760
32.656948,22.206585,23.483027,56.580379,11.733107,28.212912
15.208609,10.677793,5.931498,25.771494,6.425632,22.683855
7.585246,5.665482,8.678696,31.301458,9.602812,8.818360
20.582478,13.705476,9.296524,44.207157,10.730517,8.959015
58.455143,35.518890,53.672543,262.719604,66.862206,185.126190
13.353750,9.354031,5.060247,31.868872,7.512053,9.433356
27.771162,18.459679,8.536261,28.029686,9.549716,32.359882
28.598434,19.430191,9.607959,33.020447,9.214274,17.626377
20.919720,8.168797,5.761940,24.778933,6.368586,14.971119
104.407501,58.596840,41.203438,148.419525,35.210934,106.043549
25.614008,17.275692,7.155452,19.083946,4.070967,17.463936
22.654787,15.527623,8.733505,69.041580,19.864069,49.564056
71.690872,41.262581,71.188057,216.711060,55.862583,143.799469
10.784370,7.463857,7.104939,36.365120,10.637990,35.668720
26.468784,17.489725,12.095886,38.705791,9.830111,18.266285
42.260067,28.251026,25.618132,83.427124,20.330177,35.952057
15.706582,10.319024,6.488105,15.861718,2.957595,13.322323
37.384594,16.804121,23.648642,89.577591,24.935934,94.584435
33.915985,17.214670,19.364466,79.414467,20.421450,47.394573
45.868145,30.272287,17.706270,63.933128,14.783940,33.861458
28.474937,19.010910,10.539410,25.989056,5.926028,14.784578
21.583315,14.563956,7.372428,25.341316,5.049333,16.895014
31.802420,20.510576,11.807179,57.760834,15.793117,30.784410
18.709761,12.667644,10.065101,38.531181,11.223264,11.895994
23.960873,16.063501,12.279888,49.592354,14.366897,42.366520
15.920691,10.818334,4.999778,22.660093,5.578549,12.216007
8.993882,5.928418,3.746610,15.178522,3.542995,5.391924
39.629997,27.029598,18.014523,89.786438,20.708845,80.225021
24.265692,16.022230,12.617578,48.016998,10.786841,21.107559
50.837761,34.165344,35.246014,129.236130,33.697411,78.638672
8.441124,5.802020,2.053473,10.524296,4.117566,7.377311
14.867527,10.281847,2.121579,32.180828,9.522993,13.467067
7.127029,4.851716,3.416526,13.830101,3.549641,6.950144
13.695130,9.251073,8.284854,25.331173,7.866952,23.221836
9.429379,6.586569,6.551142,44.557835,13.170437,25.810049
28.691063,18.891453,15.073564,62.915043,16.853207,49.625023
15.091888,10.551160,5.571170,16.298950,4.250934,6.870302
48.028744,30.480547,25.802557,99.901718,24.001396,49.830620
22.370207,15.029134,5.658505,26.785767,7.503939,20.540905
13.444142,9.111960,4.354836,32.318081,8.514839,12.385996
23.035233,15.283257,8.429530,34.439510,7.426580,13.288095
16.738789,11.215652,8.314426,25.966286,5.486140,15.570644
36.969288,24.252993,10.774645,44.976933,10.917307,47.646671
24.709005,16.894567,17.114292,60.659393,15.956115,30.277185
22.467117,15.117620,20.657852,78.618774,19.398100,31.674728
13.193605,9.040451,5.221817,30.563171,7.553121,26.903463
41.862713,26.923399,14.334799,43.741116,11.135231,34.048313
50.032497,32.015079,21.358854,48.604351,13.457555,46.380299
5.442449,3.913844,2.079590,10.173288,3.395303,9.844244
49.053856,29.216875,29.131109,155.221817,40.346066,116.101524
24.409792,16.173904,12.794713,34.988091,8.842298,23.378731
32.891869,20.522009,35.732868,133.483521,35.748470,80.761307
8.927143,5.980696,2.218606,21.005882,5.494005,10.202547
7.086354,5.019536,3.472213,11.202744,1.968826,7.887862
12.229693,8.337590,4.763075,21.603878,5.507772,14.557173
44.370144,28.916929,17.154230,68.422783,16.775404,42.527889
22.208872,15.096290,10.139574,42.335007,9.175550,17.444063
23.437252,15.905175,12.535910,68.837013,16.710306,30.320013
24.623636,16.585068,10.558172,48.264843,13.423531,17.244783
14.954491,10.089650,5.056399,20.300810,5.324884,14.926713
11.593882,7.644475,6.359097,22.024920,5.759706,10.313622
39.494263,22.326500,45.529018,141.190460,36.135891,140.209961
27.748518,18.800875,16.480787,88.679352,24.885849,35.083004
16.562206,11.021440,14.717799,48.113201,13.642436,21.302176
25.318335,16.721004,11.793010,49.837570,12.658842,39.297440
19.690222,13.520160,8.625484,51.400257,12.206979,18.919649
95.857780,42.259064,60.390354,229.650406,60.611584,171.645737
34.035366,22.187897,7.756792,48.808361,13.674160,34.879631
40.237385,26.600321,54.490578,209.887619,50.294735,106.956062
14.799623,10.245141,13.078916,44.314156,11.242057,42.390900
30.184446,19.812647,8.913549,34.741795,10.573030,31.644773
60.912876,36.587440,83.800064,339.725830,87.132492,169.740204
31.974171,22.001053,12.864695,63.199207,17.935062,35.452782
64.116905,39.523945,28.250515,133.445038,32.471859,99.071220
15.335745,10.425260,4.519145,13.591747,3.971194,21.617216
54.473671,33.566246,14.798429,54.536041,13.654927,39.220093
83.011414,48.444958,84.992470,246.328903,64.406754,171.942230
15.738401,10.680345,14.465863,50.303997,15.014934,19.366383
14.542798,9.961308,7.351023,39.210251,8.675479,13.532945
30.424332,19.575159,8.557611,44.067940,9.965086,27.597281
9.323518,6.314759,3.817633,8.936049,2.370021,7.908580
9.962171,7.102598,3.115049,24.231394,5.866317,8.164405
8.121412,5.521746,1.653114,14.920942,3.330815,17.328760
11.229467,7.644417,3.722584,13.491207,1.291696,10.653946
16.541721,10.720079,16.599089,53.096714,15.086473,40.233078
21.473246,14.514120,6.278952,26.340618,8.773314,10.486729
15.563377,10.930512,5.528611,21.082314,5.927286,15.041346
19.488955,12.885061,16.178942,50.047478,14.317468,43.991337
20.350380,13.762403,8.810164,43.004570,11.549177,14.726381
28.414671,19.501640,19.536121,16.155018,2.435831,26.226913
35.240730,20.811871,11.134099,35.978428,10.239680,25.780336
8.536738,6.594686,4.286241,31.153620,6.834438,14.401300
26.296169,16.622314,12.558413,73.631554,17.595819,45.176743
36.542255,24.334553,8.365213,39.304531,10.359523,34.270718
41.546730,15.547157,47.259434,109.550781,28.017399,91.385979
28.794567,19.510742,8.786026,30.859598,7.886925,16.498152
8.706857,5.825019,3.433859,15.644677,4.054208,13.114472
22.775148,15.115404,12.895976,52.297318,13.597065,41.950909
33.578686,22.173973,23.440983,130.252441,32.653378,71.307281
18.872530,12.606952,10.407817,69.646408,18.117737,32.387215
29.408056,19.639027,11.776222,44.160931,10.261494,24.572657
30.013664,20.282080,16.326139,63.638031,16.237894,35.184631
31.065968,19.964491,10.173810,33.601967,8.155308,21.594339
30.514927,19.436859,14.782744,58.586304,14.145433,48.033749
42.922157,25.228052,27.295931,113.374870,30.750912,134.123474
33.063148,19.566006,21.384201,85.726097,20.621784,79.488197
8.432570,6.351087,5.347635,12.834400,2.536835,15.893936
28.376921,18.924440,10.695637,47.900017,11.151562,15.361907
47.060284,29.874058,24.838907,104.933571,26.609243,64.901436
27.100468,18.138308,16.618717,42.462128,10.209731,30.948410
58.327515,35.908768,43.251911,147.359451,38.966919,94.066879
52.174664,32.523075,30.583500,99.776253,22.775978,76.274849
48.001694,29.997746,21.008316,104.599396,28.705435,76.253410
9.519552,6.778071,1.907740,13.435513,4.432693,9.268851
14.714150,10.249894,12.029243,47.370617,11.739075,29.357624
27.276196,18.060703,17.746284,64.498177,17.502039,21.052431
16.074049,10.868992,6.843056,23.807207,5.589056,4.556986
71.967239,41.364231,27.317688,57.491707,16.974905,53.131798
16.065205,10.961950,5.523275,18.577055,5.858500,15.152438
31.222759,20.973366,11.589305,49.748623,10.403774,22.176270
16.633663,11.297357,5.158051,19.805351,5.227515,11.778821
38.819160,25.297188,14.749007,39.138435,9.899146,24.462788
15.000059,10.780013,3.955568,17.324015,5.418281,19.269146
29.809383,20.275398,11.643543,31.142227,9.040439,34.054646
7.884483,5.798844,5.087085,15.869170,4.159885,8.924341
7.417521,5.226299,4.076460,17.879532,5.149555,12.463627
10.187224,6.895835,2.633758,22.053881,3.590408,13.324365
43.869751,28.914164,16.236748,60.600315,15.774304,50.578701
26.232988,17.680698,9.192437,45.999016,11.750387,19.799938
14.156495,9.606321,7.319522,30.700974,8.994267,30.802607
11.418705,8.207811,3.626029,13.637326,3.769780,13.720586
49.227509,29.332947,76.447029,267.424896,64.778290,253.873581
30.179996,19.511454,11.175302,50.308819,11.866818,30.411507
46.634106,29.807228,39.272228,156.823837,40.180481,155.587234
19.063900,13.150672,9.455955,70.827553,17.326872,37.505211
13.823276,10.077286,6.348032,25.915590,8.351958,20.349033
36.507187,22.397778,19.309086,99.685158,26.563881,79.961937
25.024786,17.378107,5.468912,5.006982,1.331062,15.358406
77.228470,39.886475,58.481312,212.482941,53.673389,152.953049
54.461979,32.545780,72.720505,286.972321,71.761147,140.636566
17.087107,11.909544,3.800683,31.568464,9.438330,13.638140
15.911538,11.179674,4.559879,11.940214,4.097950,8.258327
24.929577,17.091265,17.387243,72.722137,17.583683,56.356083
5.157006,3.763150,3.414032,16.225460,5.329765,11.261619
10.097768,7.154503,3.844503,10.175542,3.450086,11.243385
34.657223,23.056982,12.969160,44.143147,12.348895,40.033703
15.082241,10.180910,8.916794,38.817371,9.710536,11.944414
25.182220,17.063145,7.391068,38.410511,10.235103,11.647644
15.380513,10.305970,11.392304,46.506214,11.686622,27.401768
31.628813,21.215950,14.828989,57.561100,15.022250,40.518864
8.385843,5.887351,4.439690,13.350074,3.815915,9.428055
42.355236,27.016911,12.948697,30.771379,6.981519,17.126051
14.895789,10.124373,6.419662,25.779255,6.901383,19.264380
23.717270,15.387873,24.535061,114.363220,30.543907,46.289814
40.042187,26.888815,10.176733,36.682289,10.495284,51.123337
22.287180,15.349093,10.617329,41.610310,11.425861,17.109646
15.868170,10.937040,6.936703,14.360868,3.881290,10.909256
10.274957,7.339303,3.944536,10.282216,2.512572,3.816867
42.807503,27.594767,31.729620,106.168396,29.441698,66.342087
29.730644,19.718864,11.285948,31.419395,7.488078,16.181383
8.148491,5.751472,3.791399,10.918232,3.880790,11.543455
5.970541,4.309863,4.094851,27.427206,6.693984,17.277472
23.048143,15.641207,11.674415,27.521273,9.695555,16.260487
33.509026,22.320028,12.274619,43.588314,10.451381,29.067343
25.439999,17.362305,8.387942,32.944229,8.666486,28.328033
24.514837,15.135237,18.094534,98.697556,25.982487,39.348442
27.362915,18.261171,17.976406,55.988853,13.715326,28.660576
31.106432,20.521191,15.388350,58.643429,15.075625,43.520042
12.752995,8.885484,6.338332,21.673254,4.849259,12.738672
27.651176,18.467335,8.234771,43.077866,13.001524,32.440674
26.961863,17.988174,6.472941,33.088207,9.523093,28.765871
37.605530,24.734226,11.639565,60.360703,15.246510,11.821358
14.265680,9.633416,8.270026,28.678135,9.139887,18.230013
20.658485,13.743752,7.433501,33.022781,8.749057,11.610997
41.273922,25.028490,24.351318,74.126854,19.239349,66.297333
12.073777,8.516606,4.546981,15.308980,4.371012,8.679532
6.513376,4.386614,3.125926,13.903825,2.608078,6.491525
7.136251,5.135101,3.639182,17.097126,3.125973,7.739275
19.291380,12.813890,7.249611,21.173626,5.169011,12.757321
17.205296,11.405118,5.866086,26.051594,4.867593,4.940108
40.713646,24.335466,39.267544,173.010284,41.991562,96.326622
18.758039,13.106641,8.423732,25.000967,6.270720,13.974566
15.313346,10.427974,9.560822,35.964352,11.183159,11.168561
18.313639,12.694530,6.139970,28.236214,7.876432,10.517963
8.459894,6.097927,2.075896,16.749887,3.638460,13.330920
24.846949,16.838472,8.544202,34.621506,5.990587,19.251339
21.218773,14.493846,4.311154,42.492779,11.918222,39.129406
15.061975,10.669373,4.573446,15.807220,4.129035,5.364334
10.460848,7.216422,5.831951,33.436375,8.321463,26.281397
21.557453,14.790971,6.272715,28.421219,5.619317,20.992926
19.080284,12.973191,8.765149,34.676582,11.061794,33.940083
29.286951,18.870949,42.373241,155.865524,39.000729,86.578476
18.345827,12.574588,7.731943,18.671324,4.347339,10.199498
14.276464,9.482364,4.897456,21.124960,4.422712,11.057295
33.479630,22.655243,27.400711,102.551132,27.428801,78.434227
9.974792,6.422234,2.266813,19.411510,3.850833,7.620774
15.836950,11.003539,5.984717,25.396250,5.766504,12.357911
26.159794,17.857656,7.534529,26.445751,8.283894,20.339270
31.683168,19.317745,10.132214,60.615990,13.968365,51.585007
46.957268,28.661295,43.878632,192.823578,46.778976,109.638649
7.467704,4.823563,2.377321,10.447021,2.523163,9.582479
12.200196,8.967336,5.083889,25.857059,6.740879,13.979574
84.703613,54.215763,68.206223,279.881226,78.339531,211.408142
51.615391,28.624538,22.772348,127.815544,31.399250,58.955879
14.927353,10.411446,8.508155,36.831951,7.787932,19.658924
5.349574,3.789427,5.050250,29.902243,8.174999,23.584677
32.807575,21.448523,8.967517,32.952831,9.695942,17.039234
9.561251,6.708678,20.471922,92.693550,25.032288,55.635872
47.403942,30.500055,16.616255,66.925407,17.574320,51.494938
16.528952,11.439709,6.963611,15.005934,4.560778,8.774525
14.868084,10.375245,5.002073,18.406738,6.137968,11.398916
47.470932,26.131193,43.386257,117.647934,28.049364,84.690933
14.315733,9.948135,14.008795,76.458176,20.706459,23.542868
16.705421,11.414611,5.412425,19.656004,6.343794,20.600842
35.299000,22.685308,16.622438,96.494003,22.322264,54.927589
12.335361,8.690932,5.742399,15.379414,3.062848,7.112103
10.822309,7.442759,3.957357,26.498463,6.678722,18.486328
6.996012,4.525568,2.948919,10.459364,2.622084,4.499422
7.972560,5.454193,5.515506,8.945595,4.009712,4.011964
17.995277,12.312671,6.995378,29.422913,9.201763,9.778540
12.625513,8.593305,4.744606,13.550662,4.441867,10.358572
24.207052,16.553526,10.277996,27.333948,6.872650,17.234142
29.157375,18.955244,10.962566,32.522568,9.347527,18.459063
25.124756,17.206839,9.634902,31.110821,8.807824,15.216264
13.826691,9.667006,9.230513,35.697308,9.595927,18.239746
69.420456,41.252613,74.326553,198.706635,53.252613,94.336319
15.547530,10.683076,3.686985,23.561718,6.836272,24.639708
26.938414,18.526787,6.108923,32.147346,9.498250,28.959009
30.417191,19.467688,14.580353,66.782097,16.772863,48.101276
37.888493,25.022589,21.214966,50.141922,12.934014,24.252888
21.500032,14.383519,4.442235,36.372871,10.623676,28.054176
9.067283,6.060280,5.966700,20.485338,4.184202,8.244067
22.324118,14.428803,24.464514,89.147591,21.905067,60.885475
23.701132,15.952568,27.153234,73.898392,18.106125,38.862518
19.678577,13.459349,8.882576,25.010609,6.443348,9.712934
15.988091,11.234451,9.219088,41.878315,11.895618,23.112339
23.705763,16.617670,11.082458,38.043152,9.463951,13.623074
7.159848,5.253102,5.082108,13.466888,4.441798,22.366165
25.146235,16.095407,13.392205,77.782539,18.156923,48.958893
22.352352,15.144794,17.937048,53.026623,13.844760,30.173588
53.962959,34.562561,22.130302,140.049927,31.904612,69.833099
11.345049,7.710382,5.313626,17.272242,4.815266,10.785770
59.670589,30.576513,71.621689,175.853180,43.407959,159.652634
6.041700,4.274731,3.714338,32.034920,8.545919,13.749914
22.041611,14.383355,8.046966,22.690502,6.709295,20.707253
38.527618,24.296362,28.134495,115.335770,29.896282,90.397675
26.069139,17.670313,8.127535,38.571842,9.730876,22.058170
38.316338,25.189190,10.210278,60.391930,14.594847,32.089699
35.510193,22.951260,21.700933,92.682465,25.606630,37.759514
9.632275,6.495687,9.785664,30.449890,7.203912,19.130098
15.599973,10.889555,6.908574,18.048159,5.936902,9.487425
6.436969,4.621917,1.517849,13.070741,3.306690,6.768978
100.228142,54.164154,84.152443,307.542786,82.742035,239.460831
20.595449,13.683562,6.570072,32.671082,8.746544,8.742097
43.881550,28.294479,31.353973,113.173737,29.713627,67.400993
9.740414,6.824109,3.769000,16.004929,3.169534,10.851954
9.470125,6.253044,3.894146,20.447609,5.400280,11.715109
8.138539,5.736790,4.310414,15.076852,3.464052,6.969520
72.909584,44.314835,27.556879,111.558723,30.039383,75.370132
19.793354,13.576114,6.528902,25.315714,7.306879,18.296789
33.772160,22.432981,11.342763,57.980225,14.535158,17.034876
33.473125,21.891315,22.233974,50.051704,12.220914,42.453011
31.892792,20.811579,10.216495,26.223457,5.766384,20.664343
10.251987,7.170257,3.235419,14.610334,4.545546,6.708391
19.540041,13.054636,15.860565,83.235176,21.165131,54.911232
22.442299,14.843543,16.958513,91.383049,25.147266,93.115547
40.368656,25.530869,45.377464,188.065521,49.585201,96.123909
22.919067,15.483172,8.627541,51.412670,14.610951,22.593878
10.899493,7.409416,19.802046,98.301636,30.818296,52.355511
29.188129,19.166246,9.620697,48.609657,10.314135,28.988113
15.832121,11.066444,7.247279,18.802719,3.640542,15.906952
19.775333,13.945851,6.621198,35.988510,10.191751,11.819750
23.562143,16.339239,12.075641,44.812370,10.545651,25.645077
39.116600,22.504250,35.216152,139.180328,33.887238,129.707031
12.739698,8.736970,4.552130,14.538058,3.554205,10.708603
25.717964,17.139433,13.448841,44.526222,10.176843,28.689014
11.549968,7.711751,6.098680,47.035202,11.843117,23.937304
16.816107,10.474512,42.687916,162.541931,41.706516,90.770355
42.726231,26.705942,57.183113,210.827927,50.919659,140.930862
9.318261,6.460042,2.128105,8.931643,3.419662,4.707731
14.731452,10.046094,5.002514,22.205065,5.108819,19.793959
6.269588,4.072754,2.974876,16.776884,3.566580,8.245343
110.050835,56.235615,72.485756,296.090393,76.163132,224.874161
14.753490,9.949878,5.096762,21.828552,4.345233,11.246186
7.662645,5.194308,13.358243,36.591438,11.478864,23.272345
39.432217,24.579275,10.889596,39.035336,10.461030,32.065208
19.464901,13.501559,8.149452,74.674950,19.469839,19.977608
7.556513,5.203705,2.592488,21.663389,4.884400,8.354599
21.262970,13.836824,9.083384,31.515211,8.929844,21.928743
8.966225,6.135848,5.060626,29.262539,8.286704,16.564024
17.085348,11.654963,14.025391,50.024250,12.732941,34.881069
27.542624,18.490795,27.201231,75.418427,21.656073,42.737232
19.375431,13.462823,9.755168,30.743387,7.206053,14.847526
17.135647,11.800080,11.155833,54.742283,12.644659,34.593750
40.625160,23.076515,54.642509,149.712891,41.462440,99.845314
4.834980,3.512725,3.905558,9.051085,1.694048,4.047132
63.205788,38.121948,33.242580,165.262833,42.516502,79.635895
9.498532,6.655808,3.341679,14.792742,3.202428,4.577433
11.545958,8.304908,4.660374,20.645973,4.100340,6.800426
18.801376,7.459438,20.222807,85.372520,21.947624,54.422771
17.140705,7.655158,5.773884,22.285152,7.086471,13.850557
17.499329,8.772977,6.168846,28.067722,7.224484,17.321318
30.027601,19.664328,9.927600,18.751429,5.135066,12.590672
17.335762,12.047223,11.218726,35.342449,9.625463,6.985652
25.271236,17.047934,7.541937,42.076328,9.715909,19.403204
17.782595,11.907394,5.852347,31.810635,8.824701,19.605110
27.200190,17.927578,9.931565,39.687611,9.284618,27.531935
26.457092,17.578703,14.264419,60.125584,14.772012,34.699181
30.914972,20.279467,14.559129,78.140411,21.026545,45.340340
10.184454,6.899999,4.266018,12.591818,3.676368,9.520882
39.031406,25.093796,10.841048,60.317219,14.362292,41.623856
42.739147,28.576946,33.961536,160.816788,40.268578,80.646324
16.925703,11.745011,7.103221,34.533791,8.619936,18.477695
18.523512,12.520913,13.501324,64.079109,19.308943,65.646889
52.766094,31.395224,32.203144,170.843674,39.026711,65.796608
45.418083,28.822695,15.731951,84.425438,21.150188,55.027573
23.990402,15.527854,21.950268,99.141510,25.306095,72.692291
20.317562,10.311965,8.139167,48.879860,14.772027,43.186947
56.869320,24.040276,42.018398,129.307831,34.894981,135.054398
50.320057,23.551989,23.374086,94.109558,20.444050,72.959923
34.976799,22.968958,14.089613,46.109959,10.959227,25.146355
19.206888,12.693868,7.238178,29.453264,8.026703,18.263632
15.101624,10.403594,5.319234,27.292831,7.460514,10.697027
71.920631,39.882042,39.461056,149.154678,35.982086,73.452209
37.366982,23.252996,24.809137,98.712273,25.022163,69.248741
13.278190,9.173358,10.186728,29.151476,8.584996,29.069965
47.833603,27.757563,52.617714,160.673264,38.398312,126.323700
34.623726,21.637230,33.277805,99.815445,25.878275,87.334389
44.887444,25.962561,22.776487,105.950371,24.349560,54.384209
20.861065,14.101936,13.205846,40.468040,12.484040,38.227760
37.434193,25.350689,12.757441,45.495365,11.220409,31.864613
58.939644,26.844032,30.418467,133.263443,37.751225,114.664459
14.583688,9.986676,11.434767,47.472412,11.782905,30.776766
8.632963,6.186217,5.396432,37.303955,8.706191,25.593697
13.195814,8.915589,5.473346,17.698029,4.570056,13.854065
9.699866,7.096044,3.943637,30.249031,6.305752,15.197373
27.454765,17.653564,16.477425,112.978668,30.900179,94.517250
8.823269,5.791709,4.010670,45.292267,12.568190,13.241252
9.977533,6.938268,2.991999,15.340384,3.776537,12.328412
19.425087,11.463414,6.061981,26.170824,4.909282,10.748300
9.292798,6.830250,3.208204,14.227143,3.491197,8.457537
22.979113,15.383533,10.174158,25.046604,6.765873,9.222456
26.498678,18.051077,8.056787,19.435061,6.457873,28.459036
41.618282,26.308064,16.830980,61.127960,14.668509,32.611118
13.266603,9.431129,9.996885,53.328335,12.878284,31.656570
13.073210,9.234198,4.879576,21.767303,4.755661,22.660774
16.690472,11.283805,5.034995,23.621159,6.780953,19.295053
39.063961,25.965624,14.765004,96.974876,25.553415,60.201355
41.675644,27.172737,31.173225,106.938911,27.992741,97.709038
47.708393,30.867132,43.104774,160.272339,39.316441,78.290497
29.539148,18.442488,46.557579,169.811874,48.620586,86.769722
33.069633,22.401987,11.589140,43.581829,12.949291,29.212719
4.322160,3.299994,1.799144,2.304530,0.861843,5.142582
7.208507,5.019722,2.391539,30.781694,9.791976,22.227283
9.203889,6.343453,13.450891,38.694653,9.705380,22.742390
30.323463,20.496229,11.539775,47.133263,12.221596,56.184032
48.974476,29.162607,78.364723,358.306152,95.474403,237.605316
12.123710,8.145496,5.194467,17.679502,4.791876,9.028633
66.034973,40.185692,55.958702,185.298370,46.710411,130.328415
22.172474,15.234277,8.995428,26.616978,6.925152,27.675426
69.278496,36.658104,122.358505,484.008545,130.582687,279.942841
32.859608,20.601568,17.528078,74.944229,19.645979,35.538010
22.863310,15.296564,9.940495,47.658882,10.451112,23.021631
14.289334,9.709706,4.978439,21.717161,4.179617,6.052724
11.219193,7.501388,4.901928,22.907974,4.341261,3.677330
20.819557,14.006873,4.081777,45.523094,12.520798,21.652340
19.965286,13.260324,7.652159,25.790546,7.055727,11.376912
18.389761,12.498429,4.268631,26.210745,7.325793,16.200283
69.628883,41.642452,20.985683,60.931442,14.169760,36.604786
22.191254,14.992965,15.117597,59.385818,14.053491,43.230633
16.736994,11.490749,13.730546,84.898674,20.910084,34.245529
7.278522,4.787599,3.429987,15.123162,3.559374,8.943529
4.655805,3.412156,2.668447,20.407213,5.251276,9.714374
18.739788,12.756461,5.279102,23.684057,5.982712,17.534481
25.210981,17.099899,9.660372,39.662937,8.615756,19.285273
25.423618,17.078987,16.103460,64.852348,16.339376,40.451481
40.541706,24.409039,21.511505,110.086540,29.230505,67.747444
18.156530,12.481122,5.691807,21.806396,5.581436,21.861198
14.254489,9.446109,3.638562,16.153919,4.068527,10.935524
36.406723,21.848145,30.818810,112.994957,26.705269,45.599220
38.608906,24.408916,15.040417,64.967941,15.859086,53.235794
11.762535,8.037697,4.242103,14.378136,4.212535,13.993763
15.338043,11.106859,5.257562,19.208857,4.373049,9.788416
23.177282,15.225885,33.149227,99.332771,24.541378,99.643303
19.249788,13.097843,7.832522,21.789009,6.018389,12.464270
20.151201,13.917912,13.447541,68.549553,19.014467,52.412174
13.217362,8.654020,5.401083,26.193882,6.409008,11.171194
54.579433,34.588406,20.693132,80.349503,19.831335,48.143456
10.122274,6.682587,8.272464,21.538986,5.111377,8.877967
11.540514,7.719530,3.948613,17.155483,4.436700,8.099671
23.239773,14.443136,19.177191,92.952278,22.347361,74.267754
6.105515,4.008145,2.987414,14.036133,3.389935,2.420087
20.187952,13.525804,11.575644,35.151844,9.551638,28.317638
5.474473,3.590022,2.800137,10.595630,3.065752,6.204529
29.078588,18.384096,36.223034,97.798744,23.802343,68.004379
50.068680,29.827217,39.575371,188.847290,41.676945,130.836594
17.417053,12.112934,7.067525,35.320412,8.081370,17.516846
34.611752,21.906725,18.286512,70.572525,18.163578,26.295094
32.145985,20.685171,18.638302,64.338692,13.415114,40.827965
11.438191,7.580639,3.158545,24.843370,7.991715,22.643522
29.261339,19.424738,17.882635,43.455616,11.788760,55.185841
20.152550,13.930632,6.872863,20.524223,6.266273,21.460407
21.862835,14.854161,7.407779,31.367186,9.106533,18.664438
32.362488,21.498938,28.198099,103.319733,24.745552,55.869278
14.133862,9.343682,5.043347,39.961010,8.425453,22.170649
10.382653,7.498228,3.511729,31.591486,8.436572,13.612878
24.642094,16.321913,18.498100,73.314766,18.121397,73.338440
12.118113,8.585228,8.434053,27.542183,8.160078,12.751059
29.681986,20.225616,9.008093,33.674664,10.536651,27.648870
23.397156,15.630603,5.139679,32.027386,8.757876,34.823757
35.905251,24.160450,9.859618,62.844997,14.971944,51.576008
11.104539,7.365452,3.327700,7.365793,3.824269,5.859540
21.303358,14.339431,9.709623,24.915707,6.453473,22.502655
17.283810,11.988115,6.749830,29.410070,9.844413,21.921118
15.058092,10.424549,5.527531,32.079319,8.991645,13.690749
18.791136,12.948929,7.710125,33.216198,8.148889,21.593620
23.849943,15.935851,24.317167,85.738586,27.548389,56.300415
11.153709,7.700321,4.829437,18.917643,4.998872,10.851442
18.866194,12.554480,6.335422,24.230017,7.446356,16.405464
16.615244,11.391658,6.094253,46.718742,13.474545,20.219177
17.315765,11.902502,4.966957,19.266035,6.566979,16.046318
26.179253,17.616062,17.613934,78.211937,20.542248,50.176083
17.952042,11.486233,7.262775,22.019798,4.625291,13.517707
18.767221,12.671507,6.717227,29.942541,6.809091,24.303978
29.683481,19.722357,9.339804,37.686153,10.975080,19.205860
16.208906,11.294559,8.103919,23.039019,5.544042,11.426900
15.059088,10.219140,8.328183,34.370190,8.540491,15.431674
22.339506,14.710035,8.490696,33.071056,10.312498,18.659674
48.504162,30.344799,19.840061,58.530727,16.920082,33.855476
34.667183,21.227993,28.001778,87.516624,23.978638,66.541908
13.608965,9.215923,12.260494,25.438660,6.564923,17.501936
12.166210,7.980011,5.005241,18.814131,5.514676,5.442076
14.151101,9.194930,12.354544,57.082932,13.487375,29.239508
60.253578,33.837021,26.247362,144.857071,36.984158,90.336342
14.874807,10.200174,4.136312,20.691900,4.701338,6.453311
20.681704,13.699134,13.846107,60.539707,15.071231,72.246529
43.517128,25.610113,41.453583,184.456818,45.564838,182.820084
13.237161,8.876341,3.586212,33.326500,7.289553,9.230562
5.754541,3.746561,2.630318,10.221675,2.588176,7.891611
31.150883,20.650671,10.826758,21.155396,5.793931,17.440035
12.429503,8.294204,6.082092,48.295452,12.852757,26.482306
16.238951,10.977043,5.362741,23.727215,6.746549,13.934259
11.052336,7.712799,4.410302,23.780422,6.450346,12.772365
10.122789,6.833899,3.661269,15.731350,3.262619,9.619880
34.349854,23.054731,14.141685,77.138054,19.345165,25.810074
6.159819,4.523483,2.952187,21.434000,5.297926,11.892872
6.573147,4.384132,5.920443,20.237371,6.255508,13.969587
31.153763,19.885302,21.871799,92.788361,25.599714,47.746300
18.724012,12.330369,7.190886,26.690420,6.664791,20.080606
16.942238,11.435726,9.894375,34.584621,8.042077,24.672167
29.068596,19.122225,7.801647,32.884388,8.332164,12.310485
25.594446,11.364222,17.667706,63.235798,16.885479,53.793331
23.987398,11.422614,17.413725,67.676331,16.975220,48.141312
20.567970,13.846852,9.908160,21.999443,5.966189,37.063969
31.450150,18.576738,27.744888,159.143677,44.000118,69.287132
13.839314,9.936458,4.279849,15.012159,4.469990,8.978256
8.581578,5.700808,3.152808,5.421473,3.392843,6.379456
44.479435,25.634871,13.407481,56.599094,12.912918,37.780045
7.794229,5.334685,4.916297,20.475519,6.028235,9.736473
6.182005,4.421052,2.955841,20.517429,4.879970,9.358871
36.028938,23.739250,15.135795,63.427254,15.502589,33.197681
20.217548,12.970070,6.737422,29.219229,6.493363,19.604834
5.953923,4.000290,2.353104,18.579321,5.365042,5.957767
11.470670,7.899058,4.691876,22.570503,4.430975,10.847243
11.655378,7.865020,5.932515,25.997583,5.629163,13.660767
11.291575,7.810413,4.651442,16.640917,4.431711,7.891188
14.158427,9.699977,4.311243,22.241726,5.642657,21.173635
39.217922,25.309002,13.192883,45.829468,13.535684,28.302408
17.022221,11.611411,6.829573,29.653114,9.460991,14.984818
14.377353,10.188187,4.877722,21.383739,5.511025,11.598274
28.836069,19.407764,12.346645,42.183529,13.651206,45.701927
41.061768,22.653055,37.366844,124.788834,30.934643,71.415939
7.787754,5.677764,7.215868,46.894424,12.117244,24.266129
16.890882,11.279784,19.456392,51.149612,12.838778,16.284306
34.745949,23.342535,9.357781,43.776802,10.424475,19.728930
24.394732,15.953524,7.239600,33.042839,8.151510,17.743456
20.109568,13.401393,11.243657,41.766018,12.753908,38.123974
48.002064,29.168612,23.732258,99.369507,23.909090,58.936348
10.838646,7.200210,3.930053,11.467725,3.608290,6.957387
18.859983,13.245914,6.369555,26.127445,6.513083,10.052176
14.635666,9.914527,4.608075,25.595646,6.383110,21.797110
7.452435,5.419441,3.352566,17.036783,4.227582,9.454540
23.306551,15.325484,13.872690,80.881035,20.700306,30.767096
25.020700,17.007275,18.742943,115.789146,29.655941,103.327782
20.120533,13.636061,5.472765,50.912773,13.138989,24.681328
10.505989,7.166558,2.077923,9.282901,2.823091,3.379206
33.931652,21.863096,9.448510,40.167023,11.748925,31.517904
35.894173,20.606310,19.403734,85.305473,20.256695,36.893620
16.356573,10.572807,21.923328,67.274162,17.136419,60.471935
7.145709,5.131357,4.273079,13.055537,3.023465,4.098034
5.732143,4.483396,2.843677,4.950220,1.740748,1.892283
17.131289,10.805909,34.136658,138.757477,35.102169,107.430298
14.266818,10.294878,5.700126,23.752274,7.439379,11.737417
20.119350,13.406827,8.678944,28.535864,8.709449,24.714159
43.842136,25.725105,33.602791,162.346329,38.820290,154.810089
4.782753,3.197806,1.397049,15.666543,3.218523,9.865811
34.099396,21.914377,49.338661,165.781662,41.610676,102.837090
5.813939,3.902824,3.192694,10.794552,2.148004,6.348897
4.916515,3.381908,1.948374,11.650068,3.991618,8.856197
45.897430,26.571815,28.800270,189.779236,50.467625,121.189949
29.420300,19.785763,10.724272,42.195736,11.267810,23.954758
24.885593,15.846124,22.771954,101.002869,28.770329,43.592125
11.954924,8.353868,2.248295,18.904940,3.340426,5.854868
16.376738,11.208582,5.221850,33.022415,9.520486,10.000634
9.359784,6.149025,7.597198,52.338188,12.073533,41.122292
12.270736,8.603463,5.250369,14.185301,4.343791,11.767515
13.547659,9.108043,14.626000,54.599918,14.248790,15.204137
8.558895,5.993240,2.924195,16.926651,3.814497,16.275524
18.073885,12.149409,11.397267,49.306973,13.666177,28.887390
16.055355,11.335903,14.189306,45.748909,13.316524,20.769341
31.027122,20.314371,8.464963,38.908482,9.472005,29.203680
19.202597,12.615335,7.102467,25.496771,6.548227,18.747271
18.749517,12.545817,13.133328,89.177635,21.651876,29.472668
23.829378,16.088795,8.537517,22.593056,5.360962,14.245489
14.429428,9.775977,9.454393,83.344681,24.223764,46.148861
9.466395,6.809697,3.310535,24.103752,5.924998,16.283581
20.891701,13.707860,14.972425,51.278881,14.529950,34.165878
7.750069,5.353532,2.729192,20.138872,5.482034,4.213494
25.119320,16.783478,8.231519,37.618237,9.212037,19.303247
34.999687,22.945145,10.407786,40.983410,11.308511,20.418512
7.291868,4.796556,1.948213,7.511080,2.012291,3.890494
27.478645,18.793140,10.657152,38.541149,10.139090,27.505299
19.761164,13.435690,7.517742,26.198406,7.372616,17.688545
12.379799,8.925310,4.276027,14.520014,3.261800,14.866505
29.096788,18.459616,10.448788,39.500801,9.944578,27.095121
6.481497,4.572289,2.886816,13.766900,4.225708,5.840286
11.506855,8.363647,4.538280,23.166969,6.312802,18.227491
5.202466,3.726262,5.990683,32.372234,9.029420,27.631557
22.577906,14.282309,22.262739,82.031860,18.444288,22.427799
20.305887,13.734168,7.429412,28.237000,6.854620,12.405180
19.662512,13.155081,6.447114,31.070391,6.176420,11.192163
11.025913,7.351393,15.123043,68.520622,17.517660,29.005733
7.001560,5.096877,3.207667,8.483626,2.276763,8.746014
6.232952,4.305439,3.811087,46.321274,11.886611,16.871685
11.137505,7.623062,4.450250,13.386022,5.222218,13.996449
15.841896,10.899803,11.139474,38.935974,8.972144,40.720219
18.778219,12.698018,5.666190,30.349180,6.128774,14.921279
31.423897,20.489124,9.522827,56.183620,15.267482,23.895868
29.232204,19.330582,8.276802,9.665569,1.679274,18.838522
21.695520,14.723959,7.279180,29.179436,6.845405,13.017882
19.436277,13.004965,6.485238,40.391941,11.798800,19.802483
30.290651,20.823130,22.847670,117.210281,30.842932,70.788986
27.053844,17.959085,15.031618,70.547302,18.601870,44.881065
44.909500,23.720001,18.816359,66.436348,18.052460,50.794056
30.390656,17.098661,19.983788,78.877655,18.337719,49.425972
19.519234,13.049014,7.232960,22.534101,6.042118,7.553379
30.926657,20.605673,19.665247,109.299156,28.177536,27.815117
18.947678,12.396850,6.654546,23.585083,6.561405,30.522924
73.931519,43.477928,24.610167,94.095032,26.733734,77.238708
39.222363,24.349789,15.663585,49.309174,14.299275,45.429478
52.902283,33.804649,24.622110,106.745667,24.531624,68.376259
21.056641,14.237714,6.124666,31.260780,8.804844,12.733724
20.149326,13.369015,14.022273,58.151608,16.909784,33.497513
8.780931,6.058055,3.748350,14.232259,4.396393,6.640754
9.547196,6.387889,5.219292,24.050232,5.537627,8.608509
32.771404,21.522640,11.494762,62.986450,15.081579,25.549738
14.856340,10.328529,18.425425,95.962120,25.387766,50.487747
38.932148,25.875565,38.104435,161.137573,40.822449,151.104080
6.962736,4.433311,3.919296,14.325003,4.760252,14.442274
34.194931,18.778097,22.777407,55.970894,16.549932,61.895023
33.391460,22.129221,9.774842,43.224564,10.356224,31.675913
25.075619,16.596245,7.783342,55.169712,14.334995,29.771101
20.802887,13.364740,8.096631,19.107059,4.447752,16.421640
15.251534,10.368735,5.389709,14.179762,3.119320,12.473039
22.219011,14.770409,22.867006,60.602791,14.878891,46.581505
13.398724,9.270700,5.057133,42.474663,11.770639,14.541835
28.617292,19.304077,9.986513,53.882374,12.057335,44.364666
8.705341,6.335666,2.455643,18.968719,5.924304,13.545984
33.244205,20.077642,38.820412,104.968575,26.898710,69.042152
24.590107,16.471624,6.650255,33.533253,7.094364,26.140368
29.469212,19.450157,22.206289,147.975204,38.213177,64.341469
19.453344,12.921448,4.972562,22.993809,6.147031,23.629755
22.371862,15.294131,8.301705,38.124199,8.755123,14.235496
14.651934,10.064103,13.633509,46.207352,12.084530,35.562523
24.679958,16.216015,14.253798,67.145554,19.286987,42.771862
52.016434,32.575844,23.079634,81.901154,24.338682,32.850342
44.469452,28.174080,23.499392,87.742012,23.534424,59.476208
30.102814,21.022924,23.136646,130.345459,33.324192,57.680099
4.651975,3.365824,2.548548,7.384486,3.072755,6.510587
21.234953,14.267524,9.548227,30.665676,8.370121,19.304806
15.622003,10.544359,5.213504,19.771627,6.121958,11.391215
25.266655,17.335415,9.998250,51.710094,13.909146,14.857541
23.491623,15.939132,7.666053,47.296879,11.459777,25.842266
34.746120,23.190527,16.101490,53.087147,14.276425,31.796104
15.108213,10.257388,8.416319,52.534184,13.951623,29.849882
6.243655,4.424903,2.859035,28.376085,7.179646,14.734859
11.642700,7.838074,4.374485,22.727530,5.437553,14.969342
11.345631,8.780518,6.682575,15.215075,8.136929,29.067545
32.465645,19.307402,19.091328,73.083748,22.061970,65.570427
17.580769,12.304532,8.245889,39.726589,8.780999,24.105240
19.018900,12.753918,19.465328,52.032818,12.887277,41.835567
17.531427,11.970879,5.760020,23.518112,5.693459,20.750980
41.011730,25.655071,31.111462,169.096848,43.657150,60.142555
13.978821,9.587646,6.222867,18.377844,5.021334,7.190134
10.571982,7.401548,4.939636,9.602647,2.831953,9.516870
62.171341,35.698215,72.705948,302.502563,71.063095,182.397522
12.651788,8.617715,8.037127,7.189963,1.721939,17.314627
38.711063,24.870277,54.103455,163.734390,40.233078,147.568695
15.633138,10.537494,33.059212,124.923630,34.450203,73.246391
28.206192,18.155220,19.017328,53.260429,13.347950,40.744064
12.829206,8.948774,3.871185,25.844255,6.218301,11.779030
18.778761,12.461464,11.900307,71.089996,17.648363,74.773010
16.111589,10.675242,6.442279,22.522068,5.058081,14.848886
18.751108,13.013538,5.530215,32.078140,8.534117,10.860479
6.612010,4.404155,2.101159,6.243301,0.436756,4.393061
15.681075,10.905774,9.312496,27.780401,7.020791,15.677528
6.504919,4.458087,1.567407,11.874570,2.408632,6.112821
23.185656,16.052883,8.789390,38.478210,11.082746,9.489658
30.504265,20.275036,18.825611,69.281723,18.221750,69.404343
13.242709,8.864945,4.008807,18.873211,5.095452,5.918844
11.639119,8.308181,2.498605,13.794226,4.371901,11.189696
25.834494,17.062012,9.660352,33.682087,9.060720,22.419785
19.677019,12.831719,8.115267,37.194519,12.064177,19.885534
12.313725,8.392730,3.207572,16.629017,4.086410,6.614519
40.440208,25.726452,21.954124,71.450340,20.329893,37.282547
21.350161,14.013655,11.734599,45.644089,12.491554,46.171799
9.393608,6.478062,4.177557,15.001824,2.773776,11.615890
5.164932,3.943605,2.457601,7.637450,2.834266,8.138854
28.343542,17.294424,43.801151,146.313248,40.672012,125.447823
17.116116,11.316587,7.229659,28.208298,7.348382,14.641514
9.687735,6.767089,4.048877,19.503569,4.182392,16.383732
16.796709,11.196765,5.779730,22.288654,5.752119,9.560363
14.576618,9.648866,5.753716,21.414371,4.296194,10.983578
32.514908,21.751343,11.368175,39.651627,9.035954,39.631104
9.283101,6.398763,3.559320,21.010851,4.807738,5.929564
13.405061,9.191726,6.851303,15.589607,4.501753,18.391054
10.678505,7.591635,8.064313,37.928917,10.348880,26.984995
24.539141,16.432432,8.380261,29.807295,5.380544,10.074990
9.280449,6.423010,3.088394,24.509569,5.821517,6.376975
25.093548,16.497196,6.815346,17.271635,5.270101,22.710657
53.183823,26.769520,31.418413,137.639069,40.523270,72.158974
21.923067,15.125257,6.800942,47.837246,13.558944,25.866093
13.049661,9.019687,3.686689,15.651248,3.438457,7.096975
16.114414,10.531696,16.925602,83.108627,20.904432,48.622875
53.560661,35.455647,48.112255,230.828659,59.044613,91.173027
19.380852,13.254663,6.473020,38.717133,11.281549,15.325802
18.271214,12.507556,7.146869,18.541159,5.082552,14.296013
15.150460,9.979247,6.270896,24.064320,5.602359,16.972242
25.376534,16.811684,14.471485,33.963230,9.099440,27.121998
11.385533,7.493961,3.606143,8.491304,4.211956,7.730909
10.833014,7.134974,5.751637,41.905701,11.419824,26.298048
91.597351,53.094620,25.212370,65.676643,14.636184,39.966309
64.456871,39.629066,74.538223,209.007736,58.694012,159.880173
12.727369,8.463099,3.183642,14.780978,4.382855,5.046141
67.978859,39.227547,36.446053,118.234932,30.142836,46.166176
14.142908,9.800264,4.063926,17.803471,4.942662,9.202877
6.123944,4.002814,5.618141,23.389658,5.012248,10.474723
13.006178,9.113918,2.686075,14.533722,3.375604,11.353750
12.745592,8.542182,3.942501,16.721539,5.316170,7.820949
17.413313,11.603569,5.364134,32.665493,7.700294,10.628039
15.254552,10.439007,5.182401,28.338047,6.578821,14.028118
14.300479,10.034418,6.165522,26.773569,5.870830,16.533474
14.078839,9.694724,7.443174,22.116129,5.154511,11.761721
8.423879,6.097114,3.695896,21.968594,6.680141,11.591468
45.113472,27.015875,53.242775,234.901230,57.322746,140.859207
17.534361,11.916074,9.163763,56.355934,14.633056,21.359560
6.680806,4.679505,2.428108,16.297678,3.880801,8.877780
20.571123,13.447727,5.030372,21.018944,6.446074,8.639361
14.243314,9.913692,3.482673,14.333884,5.003419,5.919342
48.981682,19.818182,47.418030,142.137329,41.827396,81.686813
45.076328,23.273094,44.965126,172.395767,43.681332,106.823242
13.876502,9.188842,5.213274,17.778479,3.024853,5.825352
11.146868,8.003924,6.309243,24.771303,4.250904,10.613956
9.827202,7.225283,4.588956,15.275463,4.449855,7.180356
7.618186,5.371125,5.588316,22.317696,4.971142,10.928664
15.469889,8.738031,4.907956,25.831139,7.910358,8.255644
61.785793,39.188282,25.453011,134.418900,31.849396,43.975681
13.687333,8.612879,8.638371,38.369385,9.199641,23.028790
40.078720,25.790386,28.174099,142.355804,36.096493,90.706825
22.832479,15.277178,8.973999,46.566692,14.523855,33.878307
8.044104,5.589643,1.762636,12.609168,4.037304,10.489093
17.498453,11.824498,15.099636,50.658768,11.947752,54.916183
12.562240,8.679498,4.368621,3.766540,1.024173,10.214342
21.406548,14.455113,6.246687,34.429527,8.723552,14.537978
5.973833,4.129373,3.199677,25.420685,7.788827,7.929391
34.323364,22.507225,17.720716,118.641228,29.086023,53.508621
63.905949,37.464275,42.430439,213.416595,53.710739,103.051003
23.142115,15.587927,5.772159,26.149839,5.238094,7.585812
7.234776,5.239079,3.038135,21.031204,6.547985,8.517345
5.456371,4.232883,4.156102,13.422588,4.183664,7.184566
37.956791,24.359871,10.355632,49.141834,13.363337,59.144978
23.140087,14.729037,17.139748,90.411499,21.900942,48.671894
40.504913,27.421627,10.631973,42.536800,12.698420,22.507236
53.003925,32.255955,15.106427,66.202057,15.554996,40.661217
33.728401,20.967249,10.017302,47.285458,9.191482,24.130005
30.643074,20.429945,11.384962,53.188461,12.099822,24.682751
15.373914,10.423693,6.459304,25.137173,7.236927,14.734830
10.270586,7.479692,3.850600,22.518436,7.547195,17.300341
21.241133,14.468584,5.749689,27.001848,7.830678,23.988197
16.144890,11.061589,13.814717,30.704233,7.794147,17.011610
14.589677,9.881548,7.080457,23.708612,5.820571,20.695383
19.712727,13.083795,6.043185,29.051662,6.952806,10.784674
12.118105,8.156849,7.263072,21.102892,5.033860,15.168969
37.308392,24.708166,10.630754,57.801151,11.941880,10.437727
7.649680,4.995317,2.634612,18.041393,3.355739,10.361029
22.960697,15.449603,8.990490,45.205482,14.542694,14.193881
104.529564,61.734180,63.183540,250.087524,63.029022,121.602356
13.247803,8.786417,4.680584,22.093702,4.878173,7.164360
13.740308,9.343392,10.123363,25.871874,5.706084,18.352095
51.799877,31.009491,29.487476,71.541443,14.942919,27.457436
16.893410,11.757688,4.290914,21.971428,5.458582,16.129583
43.245338,27.352566,15.880503,80.033058,15.858197,45.935474
13.319699,9.398857,4.759633,27.024979,5.844554,10.354897
11.467948,8.407240,8.881945,49.959930,14.380976,24.963177
80.256851,39.700741,40.932949,192.720032,43.564896,102.433311
26.450384,17.988396,13.305684,51.107094,12.523710,15.856776
31.590864,20.406103,19.958504,70.564384,19.958216,50.755779
20.987413,13.904762,9.048744,40.520115,9.552892,22.349581
51.301041,26.450546,17.446089,71.414940,18.690481,70.488724
22.192959,15.255959,10.021813,40.187370,8.312322,13.114988
44.011368,27.437323,21.923046,39.409336,9.422383,23.970121
27.694838,17.376560,34.935944,163.954102,42.775742,45.450325
21.909286,15.104419,6.004292,28.771980,7.941368,9.125888
12.490674,8.749617,8.745911,39.297157,10.239581,21.620705
15.395923,10.193977,6.857293,26.089931,6.809437,29.414719
19.891411,13.092081,8.313199,52.686920,11.674183,14.472520
23.930731,15.627572,6.932647,28.504572,8.025167,19.190287
16.794636,10.493809,14.819493,67.253044,17.427513,40.671124
66.541046,37.090740,59.572926,256.711365,66.546570,125.141052
11.576503,7.998785,3.811588,13.207575,3.050083,4.619221
19.244610,12.534578,5.709850,24.126255,4.092584,11.681126
22.493299,14.862616,18.480774,57.232231,14.623989,37.348412
19.264414,12.476393,10.718248,40.861122,9.349722,19.115980
13.072802,8.857129,3.629919,17.043083,5.296474,14.719208
10.492219,7.102059,3.512160,21.579744,6.565347,13.892978
8.444163,5.613188,1.713834,23.413687,5.513489,18.664793
21.844608,14.793727,7.017009,32.648922,9.126891,11.423556
94.163986,46.075397,57.355698,251.599014,58.303524,97.690300
38.317043,23.047522,18.950842,87.145966,21.387899,56.543571
24.291157,16.138775,18.860529,55.015865,12.787395,44.586258
22.876038,15.663749,8.920693,30.051254,5.347177,11.521903
19.967386,13.741033,12.553294,48.843250,14.449067,41.384617
55.802700,35.136456,22.104177,114.735222,27.901350,45.665985
29.291126,19.596420,8.213489,34.903309,10.041915,37.969936
22.128345,14.744534,9.316505,41.216190,9.225999,44.402767
15.192317,10.314573,4.370366,14.571161,3.037359,7.282362
6.457101,4.464334,3.174042,11.995822,2.618593,9.181540
20.878963,13.743763,6.202257,29.458384,7.887570,10.561791
39.480755,26.318443,14.557005,50.218605,13.523343,37.172970
15.354566,10.861703,11.684306,50.949657,12.047957,24.492365
15.890921,10.699719,6.302553,24.544044,5.222887,5.723189
43.233910,27.212202,20.566164,55.234425,15.427645,15.797626
20.706032,14.140214,4.442231,30.108320,6.718153,22.064594
15.802915,10.932974,5.552773,22.577797,4.740601,7.564302
7.977080,5.361630,5.315091,16.128899,3.979138,6.251143
8.136784,5.839345,2.746701,14.577558,2.363214,11.689638
11.264306,7.792767,3.592312,21.358786,4.161330,9.462632
28.640377,18.390488,29.372149,109.239548,28.714565,39.026531
15.662232,10.716379,4.778530,24.071844,6.761646,7.841469
11.404542,8.077091,3.611873,21.705612,5.533832,8.193735
32.347298,21.077787,11.495168,44.827446,8.879284,11.393454
8.892582,6.262551,5.051459,38.162376,8.660855,10.703098
11.432010,7.623665,4.132107,20.174288,4.549716,14.394442
19.554451,13.372776,13.965834,84.049744,21.627123,52.532955
19.501259,13.139529,8.355940,28.242065,7.069157,24.337675
24.323925,15.867665,9.660069,64.694496,17.421898,30.959400
7.121361,4.947052,3.552604,8.335104,2.243458,5.886983
14.624576,9.624822,11.909019,58.659626,15.212809,30.896191
38.830574,24.640627,13.392687,58.875095,14.261197,14.659225
9.379210,6.796328,4.014756,19.133841,3.506032,7.682364
23.200647,15.846350,10.746808,45.161007,10.929605,36.864925
16.368084,11.175924,5.440296,34.538582,8.319923,13.198527
8.156232,5.663366,3.659567,19.344879,3.255479,7.058549
13.603867,9.401396,4.222721,23.817963,6.648224,16.819664
10.153145,7.050016,14.614191,76.903595,18.814205,20.313822
10.653975,7.092673,4.074550,20.522980,4.294531,10.577862
14.657410,10.087227,4.865192,19.265270,5.251925,10.226564
38.015282,23.069294,14.941168,47.641739,13.955372,45.726414
11.928117,8.159498,6.894769,27.052784,8.531177,4.465078
42.168533,27.798643,42.140263,149.978775,41.830261,127.283409
40.534412,26.633986,18.709436,101.212868,26.737192,68.350739
17.035492,11.541816,6.979619,30.439695,8.202457,18.902752
27.874249,18.727509,8.043539,41.860149,9.135644,18.266859
26.034126,16.669233,15.705798,36.903847,9.929060,19.591431
28.332489,18.926046,10.050397,34.643490,9.149055,46.715691
13.191012,8.695581,4.058676,20.983963,5.005026,12.442767
15.421058,10.785848,9.087208,30.087749,9.368149,13.929550
21.276230,14.210217,5.735673,28.244238,6.095360,11.093287
14.831255,10.456798,4.872489,13.028033,3.800165,19.907665
6.036932,4.096051,3.179728,5.089240,0.456776,4.403005
6.570124,4.786443,2.996436,18.808718,4.579906,4.965435
18.535120,12.662523,12.999373,63.880875,14.363859,21.213478
5.889242,4.081144,2.384287,21.641989,5.737400,10.811735
10.867189,7.704884,4.227433,14.393613,4.288672,8.169567
19.857660,13.570444,5.998407,33.372597,10.572198,23.337860
27.300604,17.858023,9.561069,44.425495,11.840684,23.350882
9.098564,6.383242,4.238538,6.472424,2.182336,8.535501
25.439659,17.069807,8.956920,34.390934,9.664440,13.191115
54.744514,33.061466,59.988853,276.226135,72.300102,158.768005
29.185925,19.404800,14.718020,39.930069,11.688227,51.787994
18.162243,12.157620,4.910798,33.156952,7.702076,30.868399
25.677931,17.492651,9.464602,43.040268,9.570132,37.733742
38.662098,24.713743,11.253514,55.534351,14.030616,28.118536
19.988451,13.170185,5.156848,26.922852,8.095833,16.158339
5.878026,4.223144,5.545698,16.203888,4.788887,13.447882
19.405874,12.719018,20.815849,70.684418,17.969229,53.311855
40.641521,25.796988,22.247402,111.089470,28.158850,67.663361
6.800320,4.506009,5.206060,47.746033,12.695108,20.101400
9.592202,6.980747,3.598687,14.570526,4.375671,11.777164
19.666182,13.086757,22.909458,105.798599,26.205034,60.768585
20.172188,13.049445,14.889908,76.476326,21.330801,46.275055
18.064995,12.312431,13.065191,67.383728,16.309168,29.020552
25.188934,16.652468,13.715630,59.797901,12.094444,36.424763
54.889442,32.264637,37.684204,77.924736,17.674591,187.311523
74.940048,41.744705,26.221577,115.593689,30.315016,108.278328
33.179340,20.782633,20.163513,80.296059,23.778318,53.606255
6.656246,4.687940,5.010637,11.966624,3.328572,10.629810
35.616978,19.762098,26.634157,81.075310,21.716133,49.772743
25.689877,16.172230,23.321249,85.513924,19.860537,51.746254
42.470673,27.796305,21.861078,67.389267,18.190979,46.000603
55.077793,35.270447,32.221447,143.370285,37.556057,63.232079
22.014214,15.074294,8.225036,28.193819,5.561031,10.506458
8.053024,5.577758,5.543095,31.588148,6.335131,6.684030
18.041121,12.536041,5.554673,21.377878,5.221996,16.739180
19.188490,13.394661,10.666351,31.006216,8.241970,13.462572
11.720444,7.990359,3.874288,16.052771,4.396445,9.455992
48.471909,31.956043,29.581905,170.945801,42.383984,78.922684
10.720458,7.263034,8.434067,63.825733,17.310667,22.158724
17.055079,11.376629,4.095255,29.246527,6.714643,12.477188
53.240013,27.708508,59.184868,254.878906,63.285007,172.418579
22.437294,15.063112,19.457163,73.680550,20.143448,40.718842
46.407372,28.622759,27.077719,38.550030,7.439663,54.347118
12.567900,8.762722,5.484914,24.365803,5.831843,7.054237
12.186462,8.689494,3.944694,19.575750,5.708186,12.392026
22.118528,14.587819,13.914811,65.148849,14.184501,30.190323
105.850082,50.635704,126.241699,461.776123,117.983604,288.941040
12.699358,8.795197,4.471332,10.927158,3.386644,6.129884
14.275452,9.955794,3.851230,28.207806,6.979492,13.838594
23.106850,15.060019,17.962332,127.225983,30.078037,68.585648
18.872892,12.595256,19.285999,19.015028,3.281655,22.649759
22.651791,15.068401,7.841139,37.418545,9.983030,9.257088
14.626235,9.799203,4.868444,14.478346,2.887552,9.705900
11.056177,7.438610,8.274549,30.498819,8.559118,17.965054
24.783945,16.390413,14.143813,78.912064,21.325560,39.859882
24.568398,16.715523,7.213526,28.653997,5.861859,29.250904
38.048553,25.058569,15.301478,66.229622,18.371635,40.175266
14.836096,9.580186,14.999121,75.810028,22.397713,57.378960
9.341649,6.592938,4.458609,46.381798,10.475366,25.515162
15.648173,10.683224,6.045490,20.709398,6.706887,21.807217
13.108840,9.144856,4.484562,18.311155,5.186722,10.113409
10.207014,7.116158,4.218408,13.569988,4.937068,13.269485
12.873887,9.055663,6.793257,38.200672,10.088503,20.100351
26.514908,17.607227,7.014477,40.558628,9.872305,26.704201
7.624218,5.421125,3.775620,17.607798,4.274970,9.856586
26.690804,17.554054,45.365837,172.243744,44.816086,128.085251
12.988296,8.900453,8.294081,35.414845,8.893051,14.520955
14.453195,10.165419,4.265055,28.040245,6.829516,23.264517
6.098954,4.120071,2.656937,18.150763,3.679079,5.724162
9.853031,6.500819,3.306818,22.022404,4.537478,8.136199
11.076478,7.551713,5.230280,15.803121,4.023238,12.510224
65.857300,39.223392,25.793411,104.983391,22.543650,71.377037
40.487419,25.719204,14.861961,54.628075,14.146909,30.344803
5.808867,4.221089,2.726902,12.212399,2.194382,9.641777
13.962829,9.541253,3.595525,24.516560,5.820299,5.927467
8.850420,6.464749,4.502970,9.212762,2.533394,25.795189
12.144382,8.327342,4.631419,14.544492,4.509418,8.673464
13.018285,8.620810,3.249667,9.600464,1.306239,6.272434
24.968742,16.693514,7.610983,33.524025,8.583599,14.053019
10.160335,6.940108,4.961207,19.035383,3.307787,8.217226
12.216747,8.575574,7.238867,50.512527,13.646039,21.706312
34.614662,20.182615,29.694347,136.873917,31.717102,85.992462
12.186594,8.256873,4.371624,21.145174,4.618956,11.370683
23.308409,15.433649,10.080460,40.028858,10.027412,27.880203
17.818275,12.569814,8.724700,67.867203,16.534424,25.929380
25.227470,17.124702,6.423200,42.644646,7.953475,14.863328
93.531586,53.347797,96.537140,380.723755,98.445793,244.166473
32.082405,20.705704,22.510010,102.311623,27.515907,31.121721
21.634863,15.057206,7.771746,26.803011,7.856128,11.546761
9.860487,6.649544,1.590642,19.591593,3.290920,13.565722
19.786972,13.122373,6.621654,31.517134,9.558903,12.758454
37.737675,24.802492,10.436069,38.392830,9.784097,26.522076
10.609509,7.465699,3.402566,16.451408,5.740906,13.112433
85.054565,41.851170,92.858673,319.354004,83.855972,254.332932
20.239037,13.940427,5.888540,30.974211,10.008835,17.556654
53.395050,30.870502,22.237244,145.179535,39.903156,67.231064
15.084366,10.486770,5.181658,34.739063,10.568433,20.980068
30.560402,20.121138,13.662893,51.835930,12.565643,37.408131
20.326511,13.869706,6.501175,23.656277,4.828528,18.785641
46.037285,30.567976,18.142723,78.360016,18.896410,36.729965
59.304829,29.955660,56.395977,253.054443,65.226074,170.980118
35.635765,14.454139,22.181067,121.736053,27.047825,85.966438
33.682045,14.430797,22.419407,124.362167,26.386398,79.487541
31.759861,21.714785,16.895378,55.354664,14.855416,42.668308
8.682510,6.433262,3.293300,15.833480,3.937610,8.016624
31.167490,20.946478,12.099979,28.441608,6.833279,19.468348
15.105632,10.433276,13.565461,50.563141,12.410956,23.194273
31.364538,21.111271,10.085252,67.102287,17.327372,50.603882
18.721453,12.873352,11.886469,29.417095,7.399430,30.896719
79.007469,42.775871,36.775051,192.922958,46.957321,125.687004
54.547695,29.269777,41.755863,132.917999,34.774734,88.147324
9.445886,6.516507,4.205742,21.308222,3.751545,14.934495
56.873741,35.747082,34.826908,166.571609,39.257927,108.555496
19.948051,13.175365,20.011749,84.381416,19.877420,74.304947
14.838855,10.302562,7.902462,51.136505,12.330263,31.789579
53.419098,32.651939,40.699787,134.585480,33.290611,107.684746
10.641121,7.944069,7.607080,50.436668,13.702267,22.186090
14.049105,9.498296,11.482047,65.888885,17.948151,39.400387
31.127264,21.000946,10.763412,40.139294,11.092289,22.072674
8.903142,6.287420,5.383212,49.979210,12.028535,28.252529
20.506809,14.041729,8.713990,38.430168,9.948577,26.194458
19.902491,13.280878,12.131184,58.510220,13.854333,34.420135
35.171970,22.823109,22.785126,94.064529,20.679705,68.351913
9.880215,7.158810,6.144503,11.401896,1.950697,13.163581
13.112453,9.220255,5.413015,19.435621,5.162555,6.444314
7.341359,5.347755,5.948462,14.657393,2.950909,8.579803
23.015364,15.138763,13.326662,65.664230,18.550495,53.087578
35.724312,23.395498,10.793833,30.146917,9.296048,15.602339
5.702875,3.731128,2.144993,20.487490,5.067341,7.089440
77.298553,44.132736,29.777521,161.621002,36.783974,97.354279
11.535479,8.281404,4.890710,35.219486,9.379411,14.281224
11.184080,8.005061,3.678986,21.204679,5.108169,6.098501
23.650610,16.301149,6.593979,29.354971,7.241128,15.889606
13.515403,9.209205,4.969525,19.722988,7.344817,14.232286
13.482818,9.615113,4.932317,16.087187,3.866362,7.482843
33.811306,21.647652,9.672080,51.721970,14.309063,17.492239
9.638566,6.759646,12.029819,49.206013,12.148520,14.722034
14.907766,10.110594,6.517448,33.949646,8.336824,11.403543
12.909609,8.949385,5.565621,16.568855,4.262759,7.720741
28.477097,18.907290,10.642735,41.435410,11.858206,38.508572
21.925364,15.270492,6.050731,38.869942,10.060506,34.091465
23.925770,15.700964,12.832400,27.508099,8.240100,30.488697
23.994259,15.802780,16.086201,84.851585,19.881338,45.326088
65.336861,31.992409,32.660816,151.305161,36.866680,106.218086
43.668949,27.971430,17.684523,64.979187,16.110170,30.016594
12.202414,7.975014,4.889112,15.036324,3.498554,6.384354
24.418568,16.190748,7.288149,39.523426,8.604299,15.854791
19.392958,12.700538,5.879643,21.621487,4.879149,8.079157
24.378012,16.235632,13.116777,47.856468,11.063007,42.545670
99.717369,36.398556,72.969124,259.386932,66.306572,183.670990
18.406425,12.540588,6.068248,33.290401,9.205953,22.805504
26.390142,18.011721,15.734551,29.668242,5.611710,16.059631
12.605594,8.718270,3.904399,21.075018,5.733408,16.997036
17.277403,11.636356,12.915420,48.879955,10.797244,10.608986
23.205757,15.315754,8.171054,38.677666,9.990795,28.441458
42.289654,26.974596,20.742271,72.700073,16.469391,49.829636
6.789498,4.604241,4.254660,24.823204,6.628667,13.384537
10.679601,7.236053,2.809232,13.345359,3.401169,13.713691
26.126057,17.713905,10.993224,34.365440,8.457159,24.301149
60.028435,36.162663,32.918827,168.669571,44.878662,77.554123
24.978825,16.738991,6.030749,37.211067,9.452299,11.571759
13.990420,6.056795,11.700593,28.970736,7.364675,25.132513
26.836479,18.228495,9.987623,63.173168,15.672410,29.827284
39.702312,23.875036,19.604158,107.454308,29.560274,63.525318
12.712868,8.711197,3.491629,17.637611,4.429514,7.962697
26.564640,18.056271,11.700913,40.014908,8.747798,28.173698
28.055458,19.176723,13.693901,37.721821,10.860730,25.038265
13.174285,9.424082,9.978669,34.691822,9.566517,37.324612
20.845459,13.615048,6.393340,31.417746,8.143725,10.069170
21.931368,14.936268,7.531080,40.798588,10.140730,13.828831
22.547209,15.338470,6.942379,29.908970,8.073596,10.549241
10.160471,6.938728,3.260020,15.591268,4.110772,4.552372
9.226349,6.465544,3.816332,11.854032,4.029389,7.982897
15.326860,10.971667,6.441215,31.962469,8.984104,24.454330
24.665220,15.978456,8.707457,33.708359,9.536341,19.472193
27.576473,18.287668,12.568959,53.898075,15.321727,22.224607
14.544818,7.909369,6.214078,30.210030,8.792538,18.958456
16.568962,9.392167,6.867511,35.176994,9.499557,18.952080
46.069057,29.315748,12.909804,66.999451,14.814704,23.603811
7.429635,4.704414,5.014087,29.770382,8.534965,13.676570
26.874483,17.996771,8.985864,31.153706,7.862045,26.509501
38.594719,25.244572,9.974918,33.396141,8.992513,32.473454
8.673055,5.862873,7.386396,30.303379,8.074260,23.727325
49.660698,29.419142,47.400326,234.674774,53.598404,121.666046
30.883184,20.676996,12.400434,46.136101,12.662885,35.564560
28.662964,19.072697,15.500961,32.850479,7.990377,43.693405
29.859531,20.376678,19.534731,70.849815,17.377617,16.038153
39.370235,21.965080,26.199759,118.383484,31.508118,78.114281
10.175542,7.042870,3.921814,13.269560,3.153942,12.227513
18.484512,12.865967,5.687190,13.772411,4.202285,17.314573
6.387616,4.752395,3.229967,11.947305,3.444266,6.434502
5.103110,3.942325,1.973629,13.431706,3.786593,9.073257
35.984577,23.295765,10.348380,32.613964,8.256351,25.915012
5.470700,3.729487,3.300487,11.236144,2.861570,4.513270
53.315979,33.795063,37.261219,180.696381,43.969955,100.396393
14.511276,9.598653,6.135653,30.874611,7.522887,11.760868
19.209925,12.934665,9.356629,37.640343,9.824405,11.387899
30.870926,20.672758,20.536089,61.744228,14.774346,64.251106
45.574131,25.843029,22.338259,91.696564,23.846579,116.971977
7.571719,5.273161,3.234634,16.819340,3.771662,7.693992
19.999231,12.771850,22.970045,123.521774,29.765671,71.726181
9.279545,6.387265,5.637832,16.901680,4.447207,6.154860
6.805707,4.674025,12.527610,25.354809,6.831014,9.911320
26.922487,18.126078,10.882162,50.694618,12.547838,28.073088
80.343613,41.957584,52.738049,239.621048,60.059467,114.264168
40.388237,24.618570,33.825134,146.172943,36.616467,69.189629
9.063946,6.222553,4.001670,12.912875,3.385019,2.554703
24.682016,16.533979,9.520942,53.635899,14.937211,28.667826
12.724931,8.728483,4.867992,17.328207,6.584631,11.375541
22.692129,15.576550,13.603696,50.768986,12.792806,31.266178
11.072224,7.337152,3.334182,23.168011,5.438578,10.490874
25.322559,16.909231,10.937465,49.166218,14.541532,30.493397
7.327514,5.012407,5.528591,29.206213,8.023328,12.061805
31.721596,20.432785,13.121442,67.502907,16.863514,46.216591
23.837164,16.198803,21.429653,85.236786,22.132978,24.034941
19.097933,13.122256,7.054577,35.308399,9.340574,19.951260
38.801544,24.949581,12.210825,52.470078,13.813284,38.332363
20.982452,13.768576,9.408219,40.124947,12.361703,16.656710
11.961401,8.237018,4.708454,17.859753,3.788391,6.970931
11.510221,7.983850,6.191943,34.065052,8.733662,27.513363
9.519311,6.483256,2.701704,32.633251,6.083186,14.311348
15.984353,10.777081,6.992056,19.914858,6.462349,18.168489
31.164074,20.996304,11.255215,43.521461,11.477078,20.942585
41.555794,27.269953,27.230684,123.247604,31.583845,67.746048
24.243952,15.978876,11.074314,37.336407,12.226128,23.200890
14.111992,9.399512,5.180833,19.918747,4.022500,3.602391
12.797927,8.776864,3.373753,16.705326,3.405149,13.922812
17.760138,12.385646,7.199929,32.889133,7.951735,11.512211
17.345695,11.344056,15.476455,68.259079,15.462518,57.142807
23.094049,14.163726,25.441458,85.952965,20.096342,61.287548
21.070494,13.899738,15.956564,32.280735,10.872869,41.502499
22.668024,15.206080,7.641434,43.806892,11.613248,16.948404
21.639622,14.572808,7.920709,41.507202,11.742386,28.617691
29.332912,19.901085,18.287876,101.252922,25.582684,80.007278
14.237562,10.008930,7.156256,36.838200,8.977324,24.811741
7.170728,5.137819,3.209528,11.144672,2.667710,7.541449
47.326588,29.896936,32.498112,123.438179,33.298374,91.493645
27.043083,17.635309,9.326104,30.339636,8.019270,11.157687
16.204681,11.125600,5.539397,28.101707,7.135386,15.099030
18.380306,12.524948,4.794555,22.468307,6.666295,11.022155
17.461765,11.981318,11.413563,58.817230,13.289648,22.529411
45.624702,28.807259,26.920033,95.353859,25.124027,35.033760
16.149090,10.755085,5.901996,47.455986,14.678591,13.805552
17.095388,11.490941,18.501715,67.534676,17.036585,32.248867
25.816008,17.125942,17.862604,119.503319,29.276808,62.743561
19.980783,13.538500,15.185483,99.152695,24.352827,37.315464
22.967138,15.488873,5.658309,32.618984,6.496216,25.089350
11.555108,7.856633,4.443547,13.476294,3.775875,9.263187
26.762930,18.088196,15.133965,57.249596,12.455761,25.051966
23.089460,15.756560,5.985712,29.941442,7.996927,24.275242
10.936970,7.654543,5.341558,10.856326,4.479019,11.679514
25.054276,16.625364,16.104847,29.981731,7.922062,22.962757
17.221674,11.872272,6.331627,34.787685,8.485484,25.052423
13.269067,8.891150,11.058976,34.034775,9.061722,29.794619
21.622299,14.546150,14.217007,51.013252,13.828440,25.984352
74.577805,40.061535,57.685097,239.983307,62.687687,148.699005
41.219517,19.626101,14.064219,50.429153,12.936415,45.807030
20.517067,14.035627,21.025553,105.998833,25.349577,44.788261
9.273103,6.629954,4.112471,22.932655,5.803073,14.996022
16.598610,11.080034,7.686171,29.644497,8.255572,12.545094
17.637640,11.778106,7.796436,25.494122,5.545097,13.441050
32.953678,21.592230,8.322601,36.399563,9.846970,17.461645
13.842803,9.500399,4.842862,29.971647,9.119679,10.167720
14.954984,10.159174,20.133408,86.500320,24.459316,36.991287
20.075169,13.719508,7.787334,29.274765,7.621001,13.259234
14.805127,10.460659,4.916335,35.796692,9.223481,19.423777
9.889938,7.218925,3.706889,17.958061,3.783037,11.469900
7.016947,5.227413,3.308182,18.319193,5.408204,10.124795
20.328838,14.428854,7.374444,25.993723,7.032945,18.350183
15.266250,10.198818,12.323357,40.866943,11.295680,28.791204
32.842014,21.770813,15.542943,84.670387,21.943102,44.080654
21.394081,14.590694,4.414052,23.487886,7.857654,21.791306
14.604388,9.709631,5.697092,19.660025,5.323476,22.366440
17.883131,12.180242,8.176498,39.035259,11.483420,10.775497
13.786839,9.441236,5.284808,28.847412,7.721183,11.465117
8.167006,5.536309,5.674065,33.516029,8.153046,17.295259
41.502960,27.462658,11.091572,41.427624,13.078834,23.592503
34.905254,23.476164,13.916038,76.508034,22.850420,57.851788
5.658244,4.018241,2.994701,15.318241,4.067120,9.962732
23.380320,15.656516,13.410438,32.050529,8.895328,20.409126
12.336883,8.763678,6.193398,21.423126,5.816945,7.361608
23.469032,15.757954,6.936312,27.752712,6.726072,11.345695
13.616451,9.643805,6.054839,28.780659,8.526557,31.505707
6.453262,4.293219,6.844857,26.459444,7.273744,8.384342
26.923311,17.516512,8.969975,30.158718,10.459444,28.660814
9.760531,6.936496,7.310016,21.316092,6.082149,14.882145
46.187630,23.718893,17.202370,52.557461,12.213038,33.641628
9.833513,7.005996,3.599999,19.900604,5.254178,9.729096
20.427084,13.879520,3.695033,28.048223,7.269130,17.925388
49.912415,29.592974,22.679453,102.060471,26.226374,43.882927
10.717897,7.297029,6.077849,41.480297,10.488687,26.137838
9.762215,6.537582,4.741174,16.094770,4.758910,7.944726
10.941203,7.619869,4.385776,16.598457,4.731073,4.716666
19.199165,13.042465,6.859750,37.335800,10.089325,13.419299
35.832569,22.960279,16.375916,89.255089,22.113749,36.068375
26.863472,17.599548,12.640574,38.909077,9.702695,27.848385
17.064579,11.374062,5.195649,17.568565,5.029250,18.874670
24.289057,16.295788,8.876337,31.450443,7.255796,17.558264
14.538942,9.950970,4.929121,11.840675,3.138502,12.377143
51.221016,31.375278,15.615147,96.004372,24.708517,60.099506
43.323082,24.530039,54.444958,207.252884,50.248249,153.166290
10.651390,7.202637,4.033262,15.812051,4.071157,13.435260
30.701488,19.538160,22.487209,106.462837,28.309896,80.518486
23.903231,16.232494,9.522615,58.288704,14.316853,27.643061
7.162676,4.762058,1.842838,7.696165,1.463023,5.009009
53.908298,30.084341,26.807676,128.399902,33.705067,120.327438
24.251486,15.552672,18.635094,96.182060,24.213793,64.135498
34.130802,21.739378,11.899517,52.165855,12.857396,22.801897
47.545162,26.168037,94.514076,361.831757,86.410835,236.125198
15.629309,10.764308,5.934432,23.201603,4.610891,12.752694
4.732611,3.521367,2.842715,11.558332,3.168868,4.958648
48.521828,29.927404,30.261457,100.828087,22.838577,52.731609
18.175066,12.436084,10.313264,47.939289,12.773554,36.461430
60.155216,36.471256,41.970337,197.363556,48.560032,95.217201
9.964269,6.999171,12.285716,47.964497,11.609324,32.577579
33.726009,22.211149,29.264753,90.520874,19.845198,55.696129
8.211107,5.727650,3.751637,11.447058,3.192988,7.480640
19.078676,12.900277,14.426052,79.387169,20.334419,34.532131
25.183062,17.497246,12.880939,38.897503,9.775094,22.779903
12.135095,8.348686,7.742220,26.898066,7.018068,10.823945
21.011238,8.348043,28.459332,93.728043,28.110746,76.090652
30.639202,13.513433,37.893913,151.226791,38.491779,72.496262
6.669124,4.544777,3.662468,15.310106,2.792937,4.400998
27.036451,18.140188,5.687035,25.698208,6.728893,15.904323
35.496635,23.170515,32.116306,151.663818,37.693363,95.735710
12.787125,9.035007,3.538345,19.226217,6.086326,9.429077
12.356548,8.556630,6.883529,17.732069,4.538533,10.628854
10.827662,7.861452,4.300451,14.903625,4.416459,14.422646
12.981516,8.862979,11.955679,39.742428,10.285583,31.249491
15.026317,10.460308,4.752532,16.105558,4.021928,5.514651
44.585392,28.153854,23.497375,68.887268,17.708736,46.914433
30.923944,20.771612,12.409521,55.068436,13.648222,26.186001
28.625898,19.524471,14.785423,101.522789,25.959303,36.588264
11.312565,8.112550,8.639331,37.155720,9.192481,27.257101
49.827141,30.753460,44.935673,169.414001,39.368492,75.942406
14.187496,9.746791,10.953779,37.869827,10.077887,30.081169
35.723949,23.702505,20.627630,87.069733,25.210875,52.845169
28.368513,19.138195,8.624796,38.533520,10.885399,22.694706
11.343997,7.859290,2.786412,24.122673,6.451458,6.346107
30.143354,20.210867,8.337140,45.210682,13.383309,27.305374
22.787321,15.684152,10.333397,70.091629,17.267164,33.787437
35.689770,23.113646,33.691166,131.071396,34.385727,67.723473
10.303302,7.338395,6.841708,28.312019,6.814256,12.751129
16.125921,11.256961,10.896537,36.160519,8.641562,23.338751
9.453888,6.258343,4.094449,15.644772,4.984056,5.852888
12.189570,8.587255,4.574499,20.021563,4.580907,7.907508
10.197211,6.812841,14.101831,59.235054,15.077127,30.731842
24.491161,16.671919,13.511507,53.003609,14.697566,42.443378
4.509054,3.118928,1.318935,10.425415,2.768521,4.376105
17.793894,12.061685,7.381089,7.269166,1.836102,12.314245
26.130590,17.509556,9.538244,39.612755,10.515788,30.671368
11.946801,7.992829,3.136595,21.496494,5.766283,11.953202
18.518158,12.299527,21.085491,81.954613,21.721087,43.579205
13.198293,8.706019,4.028972,22.038939,6.499780,13.669236
15.298336,10.525839,5.205679,21.282444,5.186508,7.810548
7.523875,5.114432,9.319818,26.183155,8.388230,20.887444
9.370042,6.437752,4.665413,17.448778,4.232689,8.217306
11.651219,8.302046,6.635112,35.600422,9.114538,20.180990
6.686100,4.734847,3.116692,7.395817,2.283215,3.713312
14.138486,9.925308,5.734951,16.782484,5.069159,18.354456
21.324188,13.983728,19.914459,69.729378,16.011122,44.540836
20.066763,13.287465,7.189324,42.256115,10.543269,14.152069
54.198185,29.369059,33.176361,152.128067,45.540489,120.593452
77.146378,42.495335,45.418598,236.237015,55.593143,135.393738
8.261395,5.726127,7.158725,13.008225,3.171396,12.297930
34.211708,21.759064,14.244184,41.737179,10.854696,15.626337
17.626543,11.723828,6.608140,26.319721,4.523418,4.376522
23.065237,15.523977,9.588239,47.185734,15.079133,14.699639
31.178968,20.751762,15.220097,79.154465,21.642546,46.689526
21.673494,14.661246,13.489603,70.015305,17.835171,41.083096
16.011763,10.866885,17.791937,79.727448,19.975260,16.157274
8.245004,5.961477,1.605022,19.089067,4.460299,3.635593
22.074448,14.325265,13.884363,72.021530,19.036304,35.383835
20.393034,13.985285,8.322289,70.155693,17.833145,50.967686
16.845636,11.478894,18.498503,55.534367,13.601716,43.115585
17.182434,11.605220,8.500824,42.505489,12.086173,24.385572
12.647132,8.475998,4.643462,25.916471,6.212060,19.895706
21.952755,14.569600,8.797815,33.377575,8.416478,31.138958
12.864002,8.454914,12.248079,47.642147,13.778074,39.591057
11.963543,7.971448,4.782001,23.911526,6.618644,10.519852
20.097961,13.986195,7.490121,20.871433,6.783961,6.879683
12.756886,8.761844,8.784751,59.379597,14.256812,18.759064
26.278591,17.544605,9.752359,30.008461,7.560149,22.257116
16.420191,11.069011,5.525958,19.854610,5.766882,6.547343
23.382305,15.398256,6.650253,13.045067,4.869358,7.911048
26.690323,16.785332,23.059383,134.046005,35.514290,62.582531
36.436756,23.027859,13.526832,63.431828,16.816545,41.988129
18.558254,12.040483,9.830004,52.519039,13.520247,26.184338
8.285664,6.025190,7.232365,21.038099,5.494226,17.884565
63.106148,40.602211,17.253286,39.063370,8.801490,37.567860
26.850290,17.864285,13.206631,75.084984,19.732822,31.829872
20.754610,13.716790,14.175886,51.879169,14.804653,39.038479
23.088310,14.748158,14.067466,83.316582,21.212807,59.540684
13.276961,8.939800,5.479565,26.615814,6.273184,13.597427
7.170339,4.860248,3.057661,27.609131,6.592945,12.762336
7.194150,5.321361,6.422571,15.999604,4.753010,11.225647
17.369886,11.780555,6.905055,37.434879,11.198307,11.508167
7.023289,4.714397,3.811056,12.093536,2.965863,7.715456
17.238497,11.767534,6.968250,33.663074,8.475439,9.830153
11.400934,8.172248,4.911177,19.697947,3.823016,27.933342
21.751106,14.689022,10.774776,25.969440,4.418735,17.860136
8.803114,6.139424,2.791801,14.949045,4.722945,15.696037
9.588742,6.939351,3.312637,16.585676,5.598596,16.232752
22.195107,14.863384,8.153627,37.755566,9.463025,18.259064
33.098404,21.710958,8.687516,34.335079,9.098353,29.265169
34.510014,21.768242,23.326229,88.714767,21.146519,48.243153
27.726999,18.576004,10.731257,38.512547,9.003082,17.229065
20.971306,14.284572,7.478405,29.463541,6.222353,15.734816
22.588099,14.891020,5.632450,17.821487,5.366113,11.781270
18.909582,12.394487,6.936393,27.248566,5.780488,20.099838
55.937344,33.050652,27.598352,69.947350,18.988121,49.090466
7.038393,4.801791,10.201233,32.496815,6.470222,15.136353
27.315033,17.798962,21.966379,66.319214,18.029325,54.376324
8.095621,5.527546,2.332079,9.819570,2.643279,3.901040
29.865677,19.692081,10.451752,44.992542,11.187858,17.736183
27.152941,18.303654,12.039796,54.924538,12.802649,23.627113
9.020139,5.909040,3.519250,12.862495,2.393327,7.601446
17.870012,11.992985,4.727412,22.945393,6.776694,14.851317
7.868309,5.567983,7.586704,32.709019,8.891396,12.808770
25.623779,17.458609,6.661688,60.831379,15.266341,30.269293
24.720453,16.537138,6.997963,29.647001,7.432271,37.964870
28.463251,18.539070,10.852754,52.139038,14.275308,34.526691
9.829436,6.867254,3.489146,15.266412,1.811415,13.693543
51.607971,31.279448,20.441301,80.007004,20.247627,35.379673
19.825010,13.516672,19.752319,52.311604,13.606784,28.809574
17.044069,11.369337,3.739176,29.051973,7.310179,15.111979
13.871727,9.262419,5.978685,22.856451,5.702894,11.808605
7.152693,4.873198,2.538728,11.554139,3.406035,6.484928
9.695942,6.724209,3.098559,28.493793,9.536442,14.614600
48.273670,29.235693,17.556887,103.187553,26.254772,59.876369
10.039279,7.276117,5.033368,31.582777,7.570979,11.744365
9.758097,6.912043,4.087400,17.855614,6.017529,9.230115
12.772235,8.652327,7.357920,54.235409,13.108179,23.046642
28.270985,18.672991,6.759245,34.551880,11.159262,28.481258
15.151691,10.237682,6.711126,44.492432,11.670576,14.970518
16.917158,11.532633,5.509138,28.620779,6.352330,12.920558
45.577942,28.451054,18.783756,45.929192,10.421585,64.942841
11.055424,7.838913,1.793127,31.081160,7.342732,6.397724
28.604691,18.978352,12.650867,87.281769,20.614511,38.721008
59.138462,32.422169,56.936028,309.245483,77.715355,178.298630
18.990431,13.244987,8.079622,27.735479,8.390571,18.580957
29.894529,19.821642,11.124224,32.999302,8.885943,24.365465
19.619184,12.938169,10.380896,49.848484,15.091295,53.402027
31.508087,20.665421,7.746136,43.614815,12.430317,29.206869
8.604031,6.104111,3.141597,16.869896,4.101919,9.725696
9.265360,6.645098,5.626793,21.280426,3.619769,10.128323
14.064049,9.824018,8.189318,40.703548,10.380651,20.195683
18.286877,12.480891,9.731822,31.375048,5.546251,21.636442
21.198603,14.972484,12.465274,20.122845,5.567386,40.646008
30.087353,19.965460,6.686101,36.339287,9.068259,26.466610
7.543510,5.291328,9.782219,32.617336,7.104972,13.849295
29.769897,19.236320,13.889927,69.019287,14.682818,32.570507
12.514586,8.676306,8.670513,53.064514,13.014638,28.659103
8.520067,5.930969,4.948485,28.332098,7.034233,14.726933
36.406803,23.735838,11.015240,32.479576,10.057862,31.024986
18.452852,12.331308,14.216745,58.625317,17.207479,27.819199
41.462700,26.658768,9.882849,76.164543,18.762043,32.274166
5.565183,3.656519,5.983406,16.102205,4.632326,4.485733
51.603703,32.783619,25.253954,102.991417,26.041969,50.984463
21.352745,14.684343,8.832230,24.002478,7.250561,20.605991
22.142488,15.178675,15.303444,41.866299,8.874433,19.398087
20.811455,13.831701,6.150483,27.764135,9.251902,29.126560
22.342831,14.543220,7.355909,29.099277,8.486128,18.115627
41.636166,18.295486,13.212848,75.596985,21.256163,48.349457
8.821121,5.845406,3.693256,18.000828,3.524726,16.199495
64.086456,37.657494,38.273407,189.288330,52.273045,127.352821
12.914622,8.974779,4.494829,23.821926,7.150028,13.064112
12.095284,8.786552,6.641746,28.468031,6.712345,7.246980
4.855262,3.186323,6.535483,27.910709,6.928170,9.643734
29.479055,18.833895,11.829146,55.415237,13.961311,16.384478
14.293345,10.045485,6.047053,21.603779,5.210364,8.345281
11.983016,8.566389,3.242935,15.932265,3.281908,5.322645
62.296001,30.292194,25.850065,109.125572,29.581345,70.166946
80.440765,34.765514,42.517879,164.681274,36.628040,84.489693
41.034798,26.415874,27.076015,110.098473,28.085003,37.673145
21.750566,14.735486,5.659449,36.249989,9.431098,26.535177
12.384463,8.546046,6.326768,26.083742,6.185785,12.586743
16.445217,11.455509,5.677584,22.329197,6.296172,12.306222
8.781754,6.361609,4.742766,25.706774,6.029799,13.365908
11.406586,7.604646,9.841157,19.710936,7.129778,9.374266
17.843199,12.316454,7.725852,52.700733,15.282098,33.690350
24.264296,16.149263,7.731947,38.829262,8.863054,20.501795
13.662981,9.408676,4.516122,20.871193,5.574234,12.516557
11.570354,8.057791,4.780230,14.940276,2.410155,7.340043
5.287401,3.977070,5.422841,9.566605,2.721556,17.042677
19.780052,13.533235,6.382317,28.024071,7.259235,9.473087
20.396614,13.713436,8.769845,44.400326,10.667321,30.837769
11.939500,8.245560,5.778246,13.629148,4.347071,11.605103
18.812353,12.451404,7.116214,31.432785,7.714440,22.169758
18.224768,12.373667,4.393908,27.087997,7.613060,12.446799
40.369354,22.789400,44.411911,206.889130,55.190311,128.683167
75.856117,40.575611,42.480000,163.738815,38.937862,115.273727
37.819885,23.673929,15.525255,50.402161,13.651475,18.701670
17.826878,11.948910,6.715536,23.506804,6.164902,21.961626
29.819342,20.057989,8.279408,40.754662,10.913070,16.321453
5.605814,4.214369,2.162760,12.351672,2.985283,6.310296
19.843191,13.369201,7.427261,29.834675,6.686594,12.117765
32.092087,22.048666,17.215546,77.720818,20.555325,72.641403
6.756607,4.840740,3.029271,9.558464,2.082733,5.113989
20.341747,13.796264,6.098353,16.562826,3.957462,13.418673
12.304364,8.725981,4.124516,25.072674,5.728893,4.122388
13.739236,9.571725,4.747880,24.437487,8.000011,17.877361
44.710678,29.282276,16.517673,65.157677,17.266590,23.014128
22.750906,15.040331,5.478911,24.483463,5.515916,16.272842
15.843483,10.870202,5.563458,29.300411,7.190986,20.122015
17.810366,11.706047,14.936748,85.081375,21.642889,36.334694
12.097252,8.514382,3.018810,22.488653,7.236605,21.238192
11.501208,8.305823,6.464453,24.408319,7.442227,9.077619
17.821995,12.607295,6.112416,24.088474,7.276038,18.840841
27.167818,18.189297,16.909233,40.120773,11.437257,20.672606
54.468941,31.045332,55.720650,230.741592,56.482338,175.757568
45.661652,28.616371,26.986706,154.065628,38.324917,83.697922
9.758959,6.798396,4.208303,14.505260,4.954360,11.875778
8.473325,5.872086,4.541267,12.813316,4.074062,6.899730
7.770823,5.381410,3.681238,13.343001,2.333001,10.774047
10.049573,6.995306,5.398486,10.818234,2.926159,7.945809
40.958435,24.923447,19.822847,115.386604,30.094152,48.284512
11.170041,8.053934,4.051430,12.207931,3.745596,4.022826
24.014904,16.473700,4.276191,44.096375,10.739263,35.018902
20.288525,13.957430,12.843501,48.907711,11.745473,16.675688
23.359734,15.564916,6.158379,34.204098,6.905157,18.487831
20.210417,13.610755,4.383325,32.683304,8.473295,10.003235
31.471691,20.943346,18.353632,54.036789,15.800048,54.249050
59.633766,37.500324,19.607943,87.610291,23.062271,37.389172
24.222883,16.265062,23.122873,53.151245,13.573760,33.746113
5.386109,3.553663,3.709869,18.865889,5.459177,5.886594
8.400494,6.190425,3.105708,26.597961,8.040224,16.035568
9.861305,7.114702,4.116086,21.318249,4.721875,8.884321
21.516548,14.243057,9.585464,36.953075,9.832402,18.925808
39.085743,26.213179,18.890362,67.898506,16.501772,37.631016
64.206474,40.907997,45.972321,161.893433,42.131466,95.266022
15.200547,10.451328,5.674193,48.785637,14.141859,24.192575
26.201029,17.968241,14.922406,62.694744,14.805724,51.622532
22.160173,15.649702,4.865350,42.500484,11.020748,16.989927
4.752330,3.531332,2.788574,19.094555,6.225867,9.655479
35.451374,24.263983,21.467798,72.091576,18.759529,31.497490
18.273178,12.211658,10.087749,95.834549,23.762638,17.153994
14.251410,9.801711,5.624635,16.380745,3.756047,4.893412
10.028692,6.754265,5.043735,14.435513,4.888522,6.020625
22.246302,15.254444,7.845090,39.577961,9.408475,17.407030
6.567089,4.620055,2.704173,11.681444,2.437998,8.993442
72.771118,41.345993,43.644958,158.078140,41.370174,103.073120
12.442643,8.248756,4.533577,18.651207,4.939362,8.111462
35.932804,24.270781,27.387173,102.876358,27.192745,64.065231
26.530458,17.423231,7.926407,33.882324,8.054972,12.431656
48.875298,29.220812,15.065694,54.822056,14.854565,18.774237
20.621958,13.539227,8.642066,61.497574,14.681910,35.446571
23.994654,16.040960,8.732174,31.966194,7.620435,10.371281
10.392124,7.499353,7.207331,40.245251,8.722953,13.063270
16.666794,11.411028,5.918271,18.405891,4.920777,7.928456
53.392349,30.077501,33.057251,104.972473,27.685638,66.005951
18.271152,12.176447,11.669217,41.734116,9.836178,15.347957
25.865124,17.402943,8.567825,40.496155,10.050515,22.323336
11.568029,7.932637,10.208504,51.149696,14.150949,30.723089
5.631194,4.121559,2.348997,21.565395,4.218407,9.086263
19.615557,12.995868,8.670501,45.196087,10.456098,17.935411
10.711043,7.268095,4.431057,23.343559,4.984483,14.820192
45.317818,27.388577,27.969492,136.115585,32.766949,87.944580
17.588751,12.239305,5.742053,22.372320,5.779772,14.857606
13.275940,8.983836,13.326837,66.633659,18.929178,32.787598
20.619570,13.730226,7.225327,47.472130,11.372405,13.174777
35.199570,23.534182,25.410208,172.104645,46.662132,75.387573
18.132338,12.211075,6.790213,23.990273,5.744318,10.460824
26.193266,17.625801,8.808491,52.410934,15.059877,18.855047
32.126343,21.229595,10.234198,41.850990,11.435298,19.202717
39.371861,24.387419,13.445328,52.992302,13.458391,24.493876
18.994249,12.719443,7.704315,33.642529,9.792738,11.244649
7.826154,5.390468,7.250224,30.894512,8.014902,13.301838
37.825466,24.497944,27.293140,104.553589,25.220415,61.418926
17.292751,12.104281,6.027177,38.209229,10.005694,14.624619
35.788719,22.976656,9.572078,48.791882,13.625019,26.731810
20.553905,14.335487,8.195823,43.659260,10.282058,21.670963
18.698465,12.760393,9.567311,65.828308,17.187738,32.072277
10.568677,7.337596,3.718070,14.212548,4.477825,13.991786
10.949075,7.697191,3.909245,19.095142,6.575197,12.979879
32.003902,21.356350,16.095520,79.471176,21.297573,75.760414
22.080292,14.674313,6.009732,25.861599,7.996090,20.546350
27.656277,18.977095,12.807711,36.020607,8.881131,17.107090
10.029619,7.200413,3.251807,9.993132,3.856922,15.435216
28.111897,12.767992,13.890202,54.311619,13.465133,27.704542
22.142891,14.530286,16.996599,98.933784,25.330158,43.696972
26.231012,17.197268,31.946440,93.259094,24.553373,74.844360
45.227268,24.676247,22.979698,100.348923,24.747562,62.289635
31.809994,21.299152,16.901049,63.236816,15.041594,35.667622
16.116690,10.974050,16.748589,89.419823,23.390024,60.379379
27.796320,18.121841,9.582072,41.040043,9.582248,11.261767
11.093487,7.489511,2.178554,13.834074,4.234074,7.476811
14.426005,9.960053,4.026602,18.414907,6.448940,16.385880
33.996712,23.330503,12.852864,80.850525,18.143106,54.935848
24.029419,15.677757,6.385300,47.896835,12.021595,19.127245
22.809320,15.465047,7.121173,34.567093,8.688721,20.027647
31.114567,20.803278,9.730979,48.882156,11.239000,29.294947
28.713211,18.274509,36.389229,155.953659,41.263462,110.534195
15.594707,10.625710,6.282200,13.385409,4.339847,7.645805
8.214533,5.914723,3.365874,15.296576,5.750803,15.839915
13.381922,9.339778,4.024935,17.516464,5.908959,19.052284
10.753306,7.475141,4.923874,24.565367,6.623784,11.658485
13.054414,8.773482,12.742838,62.775417,15.669762,35.810432
18.210331,11.862535,9.184541,36.002163,9.760341,15.949512
45.998280,28.955366,16.520720,72.111839,16.675795,50.914326
5.201643,3.384487,3.496324,11.695931,4.294488,5.538798
65.842445,23.794857,31.459913,109.031509,26.577839,89.926682
5.936280,3.977831,2.533183,3.999156,1.131049,4.887564
15.493649,10.806979,5.615409,13.671413,2.780465,15.669690
15.332458,10.304006,6.956213,38.098785,9.491355,28.842182
20.988327,13.655719,12.737054,80.576973,22.246546,37.843678
20.187696,13.702198,11.050531,36.767944,10.835716,27.722355
16.269251,11.078394,5.896792,23.096413,6.834404,13.231531
15.380997,10.070957,5.794691,24.826845,6.829245,7.678513
18.172770,11.988262,20.445423,95.097893,26.139364,41.036510
20.124266,13.568810,6.386089,30.048405,8.272857,18.061342
18.899117,13.004475,13.384883,90.525291,20.507938,51.824841
52.387440,31.555359,58.847225,199.714478,50.671158,153.956787
33.365669,21.592581,23.858961,104.373138,26.712456,58.163994
41.571987,17.823112,35.403740,131.863892,33.854885,88.777527
27.679741,17.947531,22.069000,109.662010,27.727867,58.500519
18.218979,12.230511,6.888753,17.486784,5.665020,15.303197
29.487911,14.289321,25.373884,134.123489,36.567917,92.686974
38.242981,24.084137,23.924004,136.099747,40.064186,77.690231
16.958975,11.690875,8.661537,42.699173,11.039358,26.418432
13.911969,9.340487,3.309784,16.259048,4.214947,7.876404
25.503180,16.410995,52.645702,196.147751,53.882423,105.410110
19.305929,12.785781,6.576610,42.815315,11.298444,27.624331
65.874588,39.480980,26.781343,124.438477,30.577223,65.267830
25.699348,17.667568,6.997853,26.020998,6.218509,26.632374
18.268562,11.989444,17.608274,87.558830,22.882061,31.656139
9.290481,6.414745,9.703498,59.997532,14.040703,17.708275
24.829218,16.119293,13.114340,38.035789,11.286508,16.017372
25.005878,16.592390,8.772383,33.261288,8.429346,30.338509
46.299965,29.097328,36.795235,233.740021,62.560177,136.451233
72.518440,44.474026,20.466066,61.648220,14.758991,51.055229
87.075111,43.476570,109.482704,343.106293,87.580521,239.826324
19.776068,12.684402,11.876630,72.553238,17.195662,35.572430
60.494350,36.333752,24.788494,92.073624,23.728973,50.691578
7.211267,5.180384,3.118077,16.420710,3.166110,10.379805
41.285694,27.898428,16.691639,79.450897,21.463064,55.973904
15.511528,10.410405,5.511878,24.718048,7.701434,10.511227
34.392849,21.377062,11.500055,36.402103,8.143394,19.079979
30.493776,19.786560,20.050634,66.650345,14.849865,48.182766
34.406265,16.839973,11.245366,69.736969,17.845964,46.772629
34.966412,16.675869,11.346434,75.028793,18.387276,46.064526
18.332285,12.771074,5.863076,27.349909,8.349521,18.174229
13.404993,9.300063,5.697381,67.255470,18.825233,20.721437
15.663057,10.483064,12.093442,49.248398,13.558963,40.965950
22.386969,15.307452,7.861429,34.094032,7.455378,12.853489
31.162144,19.551353,31.502903,155.307510,40.935375,83.719246
9.520259,6.599431,6.832999,16.807772,5.448917,4.008433
16.171022,11.359767,4.953983,24.074825,6.628516,16.591818
47.584728,30.198465,50.031136,190.057129,45.456688,137.047699
15.263177,10.480754,11.290070,68.517639,19.801044,22.433310
5.714032,4.203001,3.880036,21.594362,4.877816,13.144834
18.027100,12.048151,10.302555,48.979824,11.923484,23.342369
31.404104,20.807064,11.730122,63.456715,16.987564,23.065853
28.838272,19.082069,8.617779,39.884888,10.471486,27.228485
24.507551,16.973812,19.103964,83.407097,24.439394,21.989511
5.739473,4.201166,1.713508,15.684234,4.213467,5.063658
20.218231,14.019396,6.126350,29.064224,8.159021,29.106529
30.387953,19.775352,25.844812,114.505959,28.154778,71.520554
7.335589,5.177744,2.863969,20.978556,4.669753,8.901880
44.678795,27.623880,37.353100,122.012695,32.215557,86.110786
4.961642,3.210346,2.004431,14.615349,2.242728,8.171111
7.445348,5.315392,13.122956,35.326553,9.090364,25.945517
35.136173,23.337683,17.582960,63.641361,15.205611,32.189026
5.845775,4.061128,1.844430,12.426207,3.169869,4.185133
19.961946,13.420350,6.734165,53.987850,13.801120,25.849907
10.826255,7.730377,7.970063,49.216354,13.018713,40.841309
9.565340,6.630880,3.414605,16.748260,4.240667,10.326412
5.862697,4.157612,2.905713,11.484827,3.751790,4.563392
15.184603,10.473669,6.089387,27.692034,7.318552,8.287671
14.983457,10.278832,17.387150,69.738564,17.579027,67.348427
48.879604,30.671368,15.333714,77.336502,18.853258,57.297592
20.767288,13.854808,9.215837,18.197643,4.813860,13.118321
21.550655,14.222032,13.126600,39.751953,8.671092,21.731792
15.927512,11.161430,5.507245,17.600788,4.554279,7.463029
6.609178,4.677258,3.363915,15.726707,2.236046,7.785553
9.890986,7.134573,2.371610,12.645206,3.334906,5.071765
31.668100,21.312449,16.359335,56.940510,14.157854,27.002213
68.246170,40.903793,20.663380,71.632652,17.463955,39.789028
6.138057,4.402882,2.564875,14.726025,4.643776,7.018445
17.509722,11.943004,9.517136,52.153683,13.280056,38.313251
11.046829,7.869450,6.568051,36.689419,10.011980,24.668194
4.472477,3.469149,2.092656,17.133415,4.837666,8.004201
8.460829,5.964628,3.485327,10.768932,4.272811,4.859493
19.189978,13.325664,7.844833,26.302683,7.294632,19.997707
15.395082,10.160496,3.445923,23.154299,6.896332,10.581897
24.862803,16.615198,7.741303,27.383545,7.999987,7.935022
33.016960,22.173468,11.523918,59.419159,16.494362,55.480976
16.098869,9.333871,3.681575,13.649716,2.349649,7.845200
24.094213,15.670417,11.983826,24.173031,7.864731,15.458825
11.569711,7.731072,4.743822,7.939085,3.244728,5.855587
46.864532,28.662876,19.199348,90.977776,19.996836,47.477760
16.849331,10.883048,21.326050,111.631836,28.343077,82.424011
35.083893,18.762926,24.586908,83.888351,24.559929,46.662636
11.710997,8.435026,8.813636,50.535595,13.058232,25.538275
60.294319,26.197155,19.510988,78.569145,18.879053,54.306782
39.082741,24.525879,20.930517,85.780220,19.770479,53.913494
7.707858,5.414563,2.758299,17.472923,3.167191,6.528348
13.806364,9.739979,4.785697,26.434622,6.299854,10.479720
21.082489,13.777018,18.944973,68.355400,17.635046,34.996262
56.551399,36.864246,52.585201,189.996017,48.327942,173.464188
22.302910,15.122608,6.427881,33.297569,6.660732,13.636386
27.052145,18.281563,11.275638,69.663818,17.474386,47.606552
50.563896,33.012737,25.339220,117.140022,30.609148,132.920105
71.135025,41.699299,62.633171,249.476608,63.805660,142.044586
8.060883,5.686628,2.805199,11.478781,3.431968,6.002284
19.933308,13.350739,14.111803,65.475174,15.514523,28.135868
56.104446,33.755306,26.022882,73.386803,17.057434,41.384182
5.875712,3.969587,5.103332,24.039536,6.148531,21.531176
19.691458,13.667752,4.163361,22.297586,6.970367,11.156333
8.997027,5.873507,3.967364,11.376249,2.865290,3.270256
7.442383,5.100094,4.564922,14.710295,4.158612,6.018291
22.518774,15.108406,15.476223,88.383942,21.024736,66.244469
19.480980,13.002627,7.973426,51.094063,13.710835,39.710289
35.981495,22.940001,19.582094,88.767426,25.124882,73.948059
9.419650,6.402305,3.512235,10.607797,2.774460,7.982864
14.528730,9.919528,4.672795,18.494375,4.993382,10.799167
10.052735,6.990820,4.918584,17.785860,4.249599,10.367435
16.740847,11.518885,6.986834,34.895134,10.205229,22.542864
15.055736,10.321995,7.583315,38.298393,9.929523,17.531618
17.464725,11.366485,5.835161,35.863678,8.232849,11.703154
76.049911,42.249821,73.238762,295.080536,70.383873,206.141739
23.004759,15.277092,5.982320,25.784954,7.029833,12.729186
22.681181,15.577524,6.251738,36.851570,9.188333,23.014343
11.208822,7.194646,9.599329,44.758614,9.750651,22.002922
19.443537,13.143373,10.310815,50.023869,11.586153,21.206291
82.436661,48.107533,67.799240,241.111603,59.891098,159.306961
12.734815,8.757580,9.132326,49.322212,11.808260,20.715384
36.453499,23.696320,23.113014,96.602135,24.463331,71.007835
16.518597,10.758451,5.527722,30.367317,9.388037,29.362825
27.613501,18.501406,14.277768,44.691288,11.292195,24.595909
21.287004,14.597226,8.852742,28.536375,5.317767,12.687857
11.765191,7.836619,5.322912,26.841661,6.934601,6.593439
4.031620,3.036805,8.010845,45.608829,11.910107,32.811020
79.560913,38.503048,89.971382,273.690338,66.679756,167.706665
14.109687,10.106885,5.216969,36.971062,7.315653,10.644279
28.559450,19.073503,10.204372,35.125076,8.305257,24.440363
