"FSC-A","FSC-H","SSC-A","GFP-A","PI_LSS-mKate-A","mCherry-A"
0.0114917,0.00746547,0.00522412,0.0209101,0.00456481,0.00458786
0.0332108,0.0217492,0.0106162,0.0419357,0.0108403,0.0104799
0.0416319,0.0251349,0.0346369,0.0324684,0.00847514,0.0238928
0.0116478,0.0051117,0.00720565,0.0264451,0.00835393,0.0074102
0.0116968,0.00510088,0.0069976,0.0270066,0.00748708,0.00671415
0.023108,0.0152803,0.00816339,0.0359197,0.00832868,0.0126541
0.0172263,0.0111372,0.00654844,0.0227048,0.00535125,0.0111113
0.0113763,0.00771349,0.00505612,0.0152416,0.00528053,0.00528708
0.0201819,0.0130983,0.0162943,0.092967,0.0244275,0.0439751
0.031121,0.0209804,0.0127776,0.0549738,0.0144608,0.0348955
0.00539481,0.0036942,0.00552053,0.0124305,0.00387045,0.00391191
0.0198473,0.00836204,0.0072833,0.0394531,0.00935553,0.0112125
0.00766287,0.00516094,0.00350704,0.0173188,0.00289127,0.00256908
0.00993171,0.00647336,0.00409803,0.0290973,0.00622706,0.00955664
0.00582355,0.00395485,0.00113487,0.0133747,0.00254958,0.00268476
0.0189536,0.0121167,0.00697843,0.0295342,0.00591385,0.0158538
0.0582828,0.0365955,0.0407294,0.166795,0.0464576,0.0688994
0.0185887,0.0122505,0.011775,0.0583806,0.0125562,0.00995915
0.0142127,0.00970433,0.00487236,0.0305551,0.00641241,0.0063727
0.00737105,0.00483214,0.00249446,0.0206175,0.00417936,0.00219783
0.027792,0.0180623,0.00966601,0.020052,0.0065786,0.0138506
0.0216462,0.0145547,0.00754955,0.0385641,0.0104119,0.0121964
0.0109139,0.00761,0.0029359,0.0169919,0.00353094,0.00465572
0.0113131,0.00806743,0.00498795,0.020134,0.00463868,0.00610638
0.0213204,0.00918665,0.00466845,0.0676841,0.0185571,0.0122674
0.0220995,0.0105799,0.00536445,0.0486895,0.0136388,0.00915645
0.00590153,0.00378226,0.00243168,0.00925023,0.00217552,0.00655749
0.00785185,0.00544294,0.00306434,0.0025409,0.000866574,0.00451393
0.025257,0.0173948,0.00741393,0.0290904,0.00663715,0.0082127
0.0305082,0.0198816,0.0126982,0.0510958,0.012564,0.0118065
0.00812833,0.00578528,0.00398948,0.0192933,0.00443935,0.00198732
0.0157337,0.0102308,0.0140164,0.106322,0.0272361,0.0153333
0.011095,0.00748795,0.00266501,0.0170181,0.00360672,0.0123826
0.0111877,0.00777071,0.00396924,0.00091557,-0.000217806,0.00302812
0.00727684,0.00528184,0.00390518,0.0169246,0.00390522,0.00426654
0.0103232,0.0070241,0.0022187,0.0183439,0.00452376,0.0121115
0.0226721,0.0143937,0.0120458,0.0767373,0.017294,0.0245192
0.00709772,0.00463158,0.00771138,0.039176,0.00989501,0.0159799
0.00811765,0.00567036,0.00909493,0.0272313,0.00824623,0.00590274
0.00970822,0.00649909,0.00478897,0.016455,0.00400635,0.0164103
0.00427565,0.00304655,0.0022763,0.0166765,0.00354929,0.00405017
0.0186643,0.0119894,0.00641846,0.0257217,0.00555034,0.00566727
0.0438947,0.0258338,0.0309502,0.145834,0.0372908,0.0669533
0.0164991,0.00922699,0.00933611,0.0348992,0.00806185,0.0138129
0.00737539,0.00478791,0.00340385,0.0110922,0.00355704,0.014303
0.00924637,0.00629673,0.0032231,0.0056492,0.000719334,0.00992901
0.0356568,0.0206229,0.019135,0.0948846,0.0258607,0.0340926
0.0278442,0.0187539,0.0115757,0.0593147,0.0147892,0.0110965
0.00848776,0.00591756,0.00263926,0.0317311,0.00828486,0.00347515
0.0294166,0.0192136,0.00815184,0.0269155,0.00691286,0.00666191
0.0171741,0.0113291,0.00563316,0.0402237,0.0100801,0.00612944
0.0106266,0.00750146,0.00576859,0.0219388,0.00407292,0.00266883
0.00648641,0.00470234,0.00391934,0.010829,0.0028826,0.00360581
0.00927306,0.00655164,0.00418071,0.0171802,0.00499508,0.00430953
0.0105905,0.00672565,0.0178328,0.0493525,0.0129119,0.030335
0.0189213,0.0102911,0.00635814,0.0412205,0.0101471,0.00783441
0.0290666,0.0161305,0.0245525,0.23043,0.0573887,0.0210617
0.0232449,0.0156947,0.00808365,0.042581,0.0116878,0.00985453
0.0271713,0.0164927,0.0220089,0.147404,0.0377232,0.0214773
0.0144751,0.00532025,0.00935822,0.0400677,0.0112392,0.022697
0.0302235,0.0190142,0.0114823,0.0634211,0.0177848,0.00872723
0.0200039,0.0132922,0.00672941,0.0329368,0.00861198,0.02681
0.0251804,0.0160001,0.0190254,0.070461,0.0188959,0.0396862
0.012308,0.00846824,0.00376704,0.0244792,0.00677091,0.0051741
0.0235421,0.0145067,0.0235717,0.0774027,0.0189468,0.0183065
0.0451226,0.0276597,0.0105799,0.0517269,0.0124648,0.00964278
0.0115847,0.00808691,0.00643402,0.0233804,0.00659868,0.00723373
0.0129123,0.00845861,0.0140236,0.0880569,0.0217584,0.0174082
0.0125672,0.00836483,0.00563594,0.0257002,0.00549064,0.00383305
0.0293355,0.0193066,0.0114226,0.0422461,0.0120884,0.0155619
0.0418486,0.023215,0.0312137,0.186686,0.0464834,0.0448953
0.0147565,0.0073271,0.00988958,0.0687002,0.0200588,0.0117163
0.0332001,0.017209,0.0210153,0.0780709,0.0199038,0.0156805
0.045829,0.0282224,0.02766,0.129162,0.0343391,0.029399
0.00851885,0.00610301,0.0037434,0.00953067,0.0026322,0.00550693
0.00497507,0.00355037,0.001726,0.0148027,0.00310523,0.00100823
0.00826025,0.00541213,0.00402161,0.0183965,0.00540397,0.00888488
0.00447495,0.00318975,0.00258406,0.018417,0.00332028,0.00444627
0.0111832,0.00749089,0.00537535,0.0197194,0.00422597,0.00337466
0.0339622,0.0211488,0.0256678,0.0873709,0.0238043,0.0339299
0.0105348,0.00714894,0.00425689,0.0274857,0.00726031,0.00418324
0.0336498,0.0215532,0.0230156,0.0870309,0.0226928,0.0433747
0.0109009,0.00764181,0.00377274,0.0227038,0.00518245,0.0041894
0.00914354,0.00606599,0.0259915,0.0958783,0.0241465,0.0241877
0.0340801,0.0209685,0.0222573,0.0994023,0.0253188,0.0270343
0.0388666,0.0250465,0.0192255,0.0897466,0.0209094,0.010094
0.0398349,0.0252893,0.0202701,0.112974,0.0300532,0.0488798
0.014597,0.0068951,0.00898578,0.0595705,0.0168722,0.0105568
0.0161705,0.00724683,0.00907615,0.0548907,0.0147579,0.0104331
0.0167597,0.00878538,0.00745905,0.0353036,0.00763322,0.00926348
0.0190227,0.00904242,0.00788554,0.0356513,0.00790125,0.00834387
0.0135792,0.00932316,0.00781925,0.0211953,0.00504595,0.012438
0.0281724,0.0182756,0.00761049,0.0411469,0.0126005,0.00803437
0.00621948,0.00449044,0.00259448,0.0206061,0.00460131,0.00268428
0.0197159,0.0129964,0.00495865,0.104913,0.0305718,0.0224058
0.0369102,0.022575,0.0108602,0.0642625,0.0147723,0.0185367
0.0122363,0.00816745,0.00197082,0.0199073,0.00554196,0.00463649
0.0181478,0.0104217,0.00893649,0.0353726,0.0100333,0.0119954
0.00667494,0.00476133,0.00286649,0.0159255,0.00525931,0.00214865
0.0248044,0.0117568,0.00556086,0.0350155,0.00729375,0.00579602
0.0223397,0.0118424,0.00527136,0.0283943,0.00578371,0.00576368
0.00932437,0.00642503,0.0057876,0.0231659,0.00513056,0.00638642
0.00826813,0.00551035,0.00214991,0.029987,0.008579,0.0163633
0.0113755,0.00750384,0.00392184,0.018141,0.00490568,0.0120008
0.0113207,0.0078156,0.00453711,0.0179423,0.00450458,0.00447487
0.00765433,0.00488535,0.00378961,0.000140551,0.00115516,0.00188912
0.0106031,0.00685856,0.0075156,0.0240671,0.00592988,0.0108452
0.0104183,0.00699927,0.00434768,0.017326,0.00443392,0.00616235
0.0225662,0.0144405,0.00674886,0.0178307,0.00441414,0.00874181
0.00612311,0.00435226,0.00282484,0.00701064,0.00398768,0.00320657
0.0113117,0.00786227,0.00384018,0.017722,0.00589797,0.00298176
0.00423538,0.00330331,0.00213529,0.0158699,0.0058902,0.00370345
0.00991315,0.00667571,0.00495988,0.027513,0.00766626,0.00633288
0.0353113,0.0225614,0.0102393,0.0581461,0.0154681,0.00965259
0.00837895,0.00547009,0.00258461,-0.00042891,0.00159937,0.00337203
0.0229541,0.0152045,0.0199482,0.0649941,0.0160619,0.00885519
0.00938016,0.00613691,0.00394132,0.0202235,0.00638179,0.00288456
0.0296554,0.019152,0.0088743,0.0602681,0.0181808,0.00663895
0.0181013,0.0118967,0.00635266,0.0183737,0.00339271,0.00679935
0.0117139,0.00777716,0.00331862,0.0169733,0.00383436,0.00828772
0.00677939,0.00477197,0.00282664,0.0191373,0.00458728,0.00552692
0.0108415,0.00701151,0.00311858,0.0447636,0.0116438,0.00728191
0.00639843,0.00412933,0.00309936,0.0167685,0.00404961,0.00778445
0.0153663,0.0105789,0.0090369,0.0404874,0.0123564,0.0289133
0.0108942,0.00717228,0.00249061,0.0025881,0.00115151,0.00439371
0.010767,0.00738936,0.00467317,0.0203209,0.00608682,0.00512625
0.0140059,0.00933745,0.00781826,0.0452411,0.0130705,0.013462
0.00470557,0.00352074,0.00340331,0.0147363,0.00281054,0.00117467
0.0163739,0.0109582,0.00613703,0.0281714,0.00740706,0.0258908
0.0134454,0.00886865,0.0100385,0.0210309,0.00497379,0.00484845
0.00850324,0.00557482,0.00479901,0.0163238,0.00387257,0.00599378
0.0173494,0.011708,0.00655109,0.030198,0.00917202,0.00373247
0.0134433,0.00901364,0.00561898,0.0282791,0.00741318,0.0056336
0.0178739,0.011801,0.00549435,0.0354083,0.00794596,0.00955789
0.017455,0.01128,0.00595549,0.0355651,0.0106794,0.0146117
0.0127531,0.00823901,0.00572066,0.029774,0.00660918,0.00352181
0.0157094,0.0106252,0.0142761,0.0535505,0.0134816,0.0153069
0.00941226,0.00632189,0.00318113,0.0216578,0.00639142,0.00608994
0.0571695,0.0342878,0.0296405,0.0976351,0.0242086,0.0222958
0.0119652,0.00782715,0.00547606,0.02945,0.00780629,0.0141564
0.0167914,0.0111518,0.00942612,0.0461551,0.0130339,0.0230623
0.00801108,0.00556689,0.00213988,0.0155148,0.00404284,0.00577652
0.00898243,0.00591658,0.00356876,0.0345766,0.00943025,0.0086237
0.0188167,0.0121831,0.00662987,0.0403269,0.0114411,0.0116237
0.00901404,0.00580862,0.00175085,0.0113113,0.0035319,0.00510871
0.0395991,0.0238704,0.0189462,0.0819422,0.0203619,0.0189442
0.0254941,0.0160766,0.0156932,0.0771915,0.0189084,0.0307765
0.0241684,0.0159804,0.0102419,0.0194384,0.00541669,0.0132606
0.0410075,0.0253473,0.0190917,0.0983438,0.0216999,0.0167804
0.0121348,0.00829026,0.00438067,0.0190254,0.00552309,0.00402582
0.0198765,0.00828437,0.00904065,0.0425971,0.010088,0.0111125
0.0243281,0.0112554,0.0107624,0.0377437,0.00830595,0.0150816
0.0313903,0.0200959,0.0285054,0.0839405,0.021937,0.0301479
0.0208086,0.0085067,0.0140966,0.0647634,0.0183608,0.0209174
0.02762,0.014697,0.0123099,0.0413575,0.00983261,0.00944473
0.00733941,0.00515957,0.00517769,0.0440231,0.0106246,0.0062664
0.0346683,0.0229279,0.0237589,0.0796729,0.0198723,0.0270904
0.0378514,0.0248722,0.012472,0.0552465,0.0150834,0.0313169
0.025596,0.0151946,0.0148608,0.0524166,0.0139591,0.0102807
0.0155591,0.00906347,0.0087405,0.015146,0.00356133,0.00364793
0.0191875,0.0131592,0.00604069,0.0322283,0.00957363,0.00956679
0.00916106,0.00638892,0.00314691,0.0179014,0.00358598,0.00428703
0.0112149,0.00749762,0.00818331,0.0401059,0.0120194,0.0418945
0.00989235,0.00660804,0.00389453,0.0274005,0.00736437,0.00455788
0.0346693,0.0138352,0.0158286,0.0781507,0.0214932,0.0203449
0.0118353,0.00793368,0.0112345,0.0389242,0.011354,0.00861259
0.0245655,0.0162024,0.00858554,0.0425715,0.0111162,0.0101538
0.00423035,0.00305931,0.00162686,0.0188059,0.00870813,0.0118309
0.0064609,0.0042754,0.00128198,0.0111589,0.00440223,0.00440703
0.0229083,0.0148928,0.00828881,0.0263507,0.00694951,0.00529818
0.0122911,0.00823595,0.0034383,0.017497,0.00414792,0.00890567
0.0157772,0.0107409,0.00525175,0.0169283,0.00441749,0.00981535
0.0140715,0.00948506,0.00922598,0.0280329,0.0071075,0.0133012
0.00904596,0.00621512,0.00220432,0.0132017,0.00438024,0.0057739
0.00823919,0.00564662,0.00267465,0.0176632,0.00267027,0.000714387
0.0651181,0.0282777,0.0713383,0.291038,0.0789185,0.110006
0.060532,0.0281316,0.0597411,0.207215,0.0466396,0.0845451
0.0350677,0.019559,0.0114527,0.0642691,0.017444,0.00959308
0.0377095,0.0194494,0.0117342,0.0616634,0.0154268,0.00904558
0.0270374,0.0135935,0.00760007,0.0478571,0.0133676,0.01051
0.0299533,0.0144862,0.0070298,0.0432253,0.00983223,0.00946957
0.0188427,0.0130311,0.0063723,0.0188608,0.00485347,0.00822221
0.0145076,0.00968173,0.0059832,0.0195845,0.00585696,0.00441955
0.0139301,0.00964751,0.00769754,0.0332178,0.0106265,0.00780809
0.0158367,0.0106096,0.00417714,0.0155727,0.0047639,0.013343
0.0117378,0.00811544,0.00606632,0.0263602,0.00762014,0.0158434
0.0341573,0.0149557,0.0128164,0.0468737,0.0134624,0.0401776
0.0358587,0.0149338,0.0128768,0.0468669,0.0113129,0.0377114
0.0446821,0.0221126,0.00946537,0.0644112,0.0162514,0.0320057
0.0283623,0.0183262,0.00923071,0.0793646,0.022847,0.00830189
0.0063804,0.00463549,0.0018334,0.0163067,0.00345042,0.00315964
0.0273455,0.0182684,0.0074817,0.0408381,0.0133574,0.0122741
0.0161821,0.0103009,0.0179862,0.120485,0.0285595,0.0229088
0.005271,0.00320205,0.00195156,0.0144987,0.00454295,0.0071507
0.029203,0.0185681,0.00923869,0.0308803,0.00781833,0.00466848
0.0105923,0.00720292,0.00414013,0.017957,0.00444521,0.00128663
0.0285831,0.0192019,0.0115043,0.0297617,0.00700614,0.0129011
0.0359238,0.023803,0.0172486,0.0663658,0.0191733,0.038385
0.00540006,0.0038036,0.00162991,0.0138112,0.00337726,0.00054388
0.0579405,0.0311591,0.0339101,0.130412,0.0327271,0.0373025
0.0218435,0.0142818,0.00721546,0.0270381,0.00722926,0.0115412
0.0102242,0.0071082,0.00212073,0.018709,0.00522248,0.0162271
0.0152464,0.00963972,0.00492772,0.0284254,0.00577842,0.00559566
0.0606327,0.0360259,0.0194624,0.07534,0.0205382,0.0193005
0.00613882,0.00421405,0.00218959,0.0138054,0.00392295,0.00385848
0.0298608,0.0196274,0.00627826,0.0260453,0.00918209,0.0131273
0.0140365,0.00906768,0.00393335,0.0259294,0.0049309,0.00938351
0.038205,0.0239036,0.0220743,0.108744,0.026375,0.0504935
0.00900082,0.00600712,0.0132258,0.0493227,0.0108323,0.0170781
0.0318655,0.0201477,0.0282368,0.107052,0.0306024,0.0248544
0.0152961,0.0101882,0.00467029,0.0294499,0.00864221,0.00517798
0.0282058,0.0183768,0.00951063,0.0392385,0.0119587,0.0147462
0.0198037,0.0130528,0.00563431,0.0347103,0.00823063,0.00846754
0.0129637,0.0088238,0.00872156,0.0360502,0.0135819,0.0218645
0.0046832,0.00306403,0.00168755,0.0140014,0.0042547,0.0124328
0.0238193,0.0149044,0.00748658,0.0467075,0.0121809,0.0188268
0.0136987,0.00925405,0.00464046,0.0238057,0.0063624,0.0098118
0.0218747,0.0149223,0.0208643,0.0866366,0.0217404,0.0459141
0.0176082,0.0117473,0.00333396,0.0294223,0.00803244,0.0124967
0.0272775,0.0179591,0.00981629,0.0350038,0.00872885,0.0103778
0.0053947,0.00380182,0.00561025,0.0452294,0.0132907,0.020684
0.048732,0.0290011,0.0168998,0.0736538,0.0208195,0.0172206
0.0202058,0.0138884,0.0166768,0.0565658,0.0147635,0.0307605
0.0234571,0.0155009,0.0386088,0.0787287,0.0222489,0.0289438
0.0105659,0.0069733,0.00469015,0.022602,0.00624483,0.00447756
0.0291533,0.0189896,0.012574,0.0665169,0.01758,0.0160914
0.0133257,0.00896411,0.00538569,0.0224251,0.00623188,0.00416744
0.0156759,0.0107595,0.00467878,0.0175533,0.00486146,0.00711558
0.0124955,0.00843248,0.0173247,0.0853614,0.0250518,0.0415716
0.00965204,0.00661277,0.00413745,0.0198364,0.00547463,0.00479441
0.0115663,0.00785503,0.00784045,0.0265018,0.0065121,0.00307189
0.0413027,0.0263686,0.0120312,0.0414403,0.0105349,0.00759339
0.0072256,0.00468535,0.0039522,0.020691,0.00490764,0.00295929
0.0516554,0.024379,0.041557,0.164014,0.0408514,0.0425857
0.0191141,0.0128059,0.00555104,0.0295605,0.00793721,0.0114642
0.0605571,0.0343394,0.0235888,0.0991187,0.0250661,0.022016
0.0186233,0.0104808,0.00650989,0.0347466,0.0100914,0.0275066
0.0390938,0.0253905,0.0151323,0.0448221,0.0128425,0.0209907
0.0099712,0.00714188,0.00248775,0.0298459,0.00808253,0.00399058
0.0105505,0.00644927,0.00431165,0.0313109,0.00923273,0.0115281
0.0095235,0.00686221,0.00471313,0.0303361,0.00965382,0.0179168
0.00966349,0.00664689,0.00659686,0.0231554,0.00616853,0.0157534
0.012172,0.00801514,0.00418416,0.0242625,0.00665201,0.00588304
0.0305213,0.0200163,0.00827267,0.0361469,0.00863823,0.0166503
0.0126032,0.00856501,0.00407283,0.0187066,0.00426325,0.00573561
0.0119205,0.00807817,0.00278845,0.0263661,0.00601081,0.00628651
0.0117597,0.00822317,0.0036211,0.0176335,0.00529566,0.00567925
0.0175221,0.0119436,0.0027602,0.0250121,0.00641982,0.00710313
0.0127344,0.0085676,0.00496913,0.0242919,0.00414102,0.00163609
0.0157034,0.0105152,0.00399503,0.0336147,0.00972637,0.0135233
0.0086557,0.0057655,0.0125858,0.0445618,0.0111662,0.00851505
0.0160006,0.00894263,0.00647659,0.0417118,0.0122512,0.0114444
0.0117553,0.00594471,0.00719585,0.0368635,0.00926015,0.00593466
0.0340932,0.0215987,0.0246302,0.100734,0.0270327,0.0583869
0.0269701,0.0178185,0.0130617,0.0523972,0.0147057,0.0117694
0.0225092,0.0147208,0.0125646,0.060249,0.0169219,0.01945
0.0125423,0.0090452,0.00356517,0.0250131,0.0064804,0.00713117
0.0232392,0.014613,0.0302635,0.149467,0.0409631,0.0679875
0.0463144,0.0271227,0.0298778,0.136673,0.0400413,0.0547761
0.0255108,0.016601,0.0127084,0.0574615,0.0162233,0.0187035
0.0239466,0.0149563,0.0123568,0.0736978,0.0170481,0.0149205
0.0683875,0.0347574,0.0267693,0.112613,0.0266095,0.03657
0.00725681,0.00490026,0.00461585,0.0340718,0.00771949,0.00616526
0.0102871,0.00700616,0.00399736,0.0163339,0.00525929,0.00347731
0.0286468,0.0187789,0.00929379,0.0278979,0.00626566,0.0213036
0.0118277,0.00815032,0.00367846,0.0195185,0.0049054,0.00507855
0.0122954,0.00819262,0.0053133,0.00847751,0.00528101,0.00529294
0.00877564,0.00588009,0.00432333,0.0127624,0.0037707,0.00421005
0.0325579,0.0162092,0.0138706,0.0593202,0.0164596,0.0203266
0.00991511,0.00659796,0.00208764,0.0236706,0.00655207,0.00561269
0.00627021,0.00409896,0.00299252,0.0146567,0.00452312,0.00223057
0.00862544,0.00636867,0.00414699,0.0234701,0.00459816,0.00426992
0.0381933,0.0235371,0.00968204,0.0506132,0.0125522,0.0140544
0.0214669,0.0138948,0.0142879,0.0458378,0.0111625,0.0210308
0.0242194,0.0146017,0.00933376,0.0498041,0.0140773,0.0117355
0.00989395,0.00637538,0.00355767,0.00267632,0.000809471,0.00280819
0.0114272,0.00799358,0.00461985,0.0395882,0.00972313,0.00519798
0.0142772,0.00916507,0.00771007,0.0208895,0.00656266,0.00294117
0.0131532,0.00843038,0.00580416,0.0196575,0.00435629,0.00677298
0.0807568,0.0403708,0.14623,0.501058,0.131497,0.153712
0.020501,0.0138244,0.00621152,0.0252075,0.00584046,0.00534947
0.023256,0.014921,0.00615609,0.0440058,0.00973095,0.0130134
0.00488074,0.00296786,0.0026255,0.0157024,0.00327727,0.00239329
0.0289301,0.0186561,0.00970821,0.0404189,0.00865265,0.00621932
0.0106569,0.00748374,0.00398863,0.0171702,0.00465223,0.0127799
0.0257657,0.0162136,0.011187,0.0472129,0.0136456,0.0216657
0.0343636,0.0210246,0.0242994,0.090178,0.024417,0.021494
0.0264996,0.0169229,0.00894963,0.0610902,0.0157741,0.0286382
0.0340956,0.0217966,0.0173032,0.0795917,0.0214085,0.020801
0.036828,0.0229246,0.0238939,0.110218,0.0262778,0.065794
0.0259359,0.0168153,0.00700362,0.0377067,0.00916736,0.00988069
0.0198934,0.0128643,0.00734355,0.0276709,0.00730042,0.00508455
0.0381907,0.0246274,0.0124524,0.0611519,0.0183615,0.0189318
0.0199526,0.0135136,0.0130199,0.049264,0.01253,0.0100127
0.0282631,0.0160283,0.0201707,0.0766122,0.0223429,0.018221
0.0105539,0.00758179,0.00350806,0.00596486,0.000276683,0.00962937
0.0206863,0.0138501,0.00528061,0.0425287,0.00917784,0.013573
0.0157826,0.0106796,0.00489626,0.01816,0.00330581,0.00619729
0.0156248,0.0101688,0.00434286,0.0386545,0.00994911,0.0134765
0.00944503,0.00678964,0.00263404,0.0158711,0.00465431,0.0034573
0.00610085,0.00387903,0.00267909,0.0155066,0.00377494,0.00105784
0.0107389,0.00737017,0.00442325,0.0307552,0.0082231,0.00718264
0.0116278,0.00765282,0.00430478,0.0211827,0.0058148,0.0100073
0.0113943,0.00809748,0.00717302,0.0323646,0.00679599,0.00496624
0.0057796,0.00409528,0.00474762,0.0173003,0.00440117,0.00202754
0.0286561,0.0190042,0.00820833,0.0284364,0.00783472,0.0126222
0.00674276,0.00458644,0.00298092,0.0155296,0.00357216,0.00961805
0.00750437,0.00525631,0.00507634,0.0228064,0.00508798,0.00307228
0.00676402,0.00482871,0.00185856,0.0323557,0.00906567,0.0173952
0.0122827,0.00848,0.00531843,0.0339641,0.00505524,0.0128983
0.0128383,0.00837417,0.00646405,0.0238001,0.00574984,0.00388893
0.00785643,0.00571057,0.00280937,0.0116743,0.00415755,0.00620339
0.020402,0.0121406,0.00632247,0.0560583,0.0165802,0.0160933
0.0465001,0.0270643,0.0138756,0.0759154,0.0187724,0.0239666
0.0309392,0.0192447,0.0155662,0.0697797,0.0164201,0.0183319
0.0236894,0.015381,0.0133812,0.0748747,0.0187113,0.0174648
0.0360549,0.0224147,0.0131606,0.0607177,0.0157671,0.0124977
0.0100332,0.00662477,0.00270931,0.0172996,0.00435982,0.0057041
0.0073139,0.00505306,0.00440728,0.0184832,0.00393513,0.00374216
0.0245163,0.0167443,0.0116853,0.0450174,0.0126791,0.0172561
0.0371761,0.0233305,0.0153936,0.0647618,0.0172161,0.0274375
0.00402143,0.00320918,0.00201969,0.0113553,0.0032559,0.00294358
0.0165156,0.0104433,0.00569535,0.031432,0.00695683,0.00957997
0.00892208,0.00636766,0.00571439,0.0259127,0.00707738,0.0030844
0.0790865,0.0396351,0.0278746,0.113981,0.0310248,0.0444396
0.0226306,0.01471,0.0158736,0.0748442,0.0177163,0.0196758
0.0129615,0.00880402,0.00665744,0.0149558,0.00480542,0.00320667
0.00899852,0.00617507,0.00308303,0.00926687,0.00297671,0.00367956
0.0101059,0.0064172,0.00828767,0.0280351,0.00961098,0.00384507
0.0119091,0.00675133,0.00496916,0.0230957,0.00454825,0.0068178
0.011402,0.0068188,0.00496426,0.0196219,0.00381383,0.0071272
0.0101412,0.00642741,0.00416387,0.0127608,0.00379322,0.00868667
0.0137438,0.0094244,0.00297199,0.0126614,0.00336164,0.00471426
0.0187614,0.012261,0.03218,0.0904304,0.0246874,0.035643
0.0213804,0.0145345,0.00631779,0.035597,0.00775001,0.00590697
0.0127735,0.00846899,0.00459885,0.0220359,0.00488148,0.0045738
0.0244284,0.0156698,0.00794582,0.030523,0.00749356,0.00667343
0.0136245,0.00910668,0.00708262,0.0252911,0.00651309,0.0113323
0.031873,0.0199918,0.0105876,0.0411065,0.010408,0.00806143
0.0118911,0.00843461,0.00486494,0.0291361,0.00892279,0.0104031
0.0160316,0.00953751,0.00555448,0.0272427,0.00643175,0.0100034
0.00843326,0.00595112,0.00406657,0.0149229,0.0030759,0.00643181
0.0172098,0.0116594,0.00602945,0.0264406,0.00653499,0.00418164
0.0175547,0.0118251,0.0142262,0.0565462,0.0147197,0.0599469
0.0153657,0.00985649,0.00759714,0.0246096,0.00614191,0.00185898
0.020375,0.0139138,0.00813692,0.027826,0.00675323,0.00773583
0.0348787,0.0228631,0.0174079,0.0613071,0.0150732,0.0259729
0.0183288,0.0120499,0.00712514,0.0325458,0.0105223,0.0147961
0.0264363,0.0167548,0.0198883,0.0993884,0.0241446,0.010706
0.0301725,0.019372,0.0100861,0.0383594,0.0101242,0.0137557
0.0535873,0.0309376,0.0200887,0.094278,0.0242318,0.0242091
0.0245005,0.0156099,0.00773775,0.0347682,0.00818924,0.0133793
0.0271112,0.0186611,0.0145622,0.0698213,0.0210335,0.0715573
0.0125747,0.00856633,0.00349181,0.0182633,0.00480064,0.00697694
0.0495607,0.028957,0.0220829,0.0815648,0.0219811,0.0190235
0.0360829,0.0210794,0.0195716,0.103383,0.0246051,0.0245576
0.0051143,0.00359439,0.00225331,0.0116477,0.00416158,0.00454037
0.00592182,0.00394368,0.00229775,0.00725979,0.00284983,0.00145138
0.0189943,0.0121372,0.00588955,0.0331363,0.0101282,0.00623034
0.00593504,0.00406918,0.00206612,0.0216242,0.0054279,0.00899723
0.0467657,0.0291734,0.0197956,0.0850973,0.0224537,0.048478
0.0285288,0.0181342,0.00847922,0.0577253,0.0158237,0.0192353
0.0120285,0.00851734,0.00495678,0.0212885,0.00583313,0.00662094
0.00553882,0.00371503,0.00259393,0.014717,0.00365912,0.00285151
0.0379226,0.0248242,0.011344,0.0329191,0.00796777,0.00774983
0.00515752,0.00365449,0.00148033,0.00725685,0.00322657,0.00443228
0.0170839,0.0113238,0.00608805,0.0198882,0.00595702,0.0155124
0.0511871,0.0264719,0.0222613,0.15002,0.03736,0.0410823
0.0281107,0.0171714,0.00929969,0.056389,0.0135325,0.0161223
0.00931657,0.00645608,0.00349246,0.0140611,0.00365485,0.0016827
0.0108285,0.00686344,0.00317019,0.0254605,0.00455825,0.00616243
0.00837491,0.00576484,0.00259704,0.0222979,0.00405905,0.00770867
0.047919,0.0287033,0.0203502,0.0945414,0.0227637,0.0295422
0.0231712,0.0120606,0.0162943,0.0670424,0.0178996,0.0121285
0.0270605,0.017818,0.0113914,0.0402991,0.0104491,0.01274
0.00914002,0.00656909,0.0039755,0.0226824,0.00791243,0.00425339
0.0109268,0.00750098,0.00496494,0.0194571,0.0054534,0.0044033
0.00660326,0.00415271,0.00285495,0.0109499,0.00317056,0.00491167
0.0154691,0.0104565,0.011147,0.0598818,0.015441,0.0179376
0.0199183,0.0133141,0.00522192,0.0261634,0.0056827,0.00434879
0.0190547,0.0124539,0.0042026,0.037984,0.00989511,0.0122552
0.0083296,0.00544049,0.00293411,0.0144621,0.00345621,0.0046838
0.0415355,0.0243444,0.0208846,0.0757114,0.0194046,0.0232035
0.0782561,0.0431447,0.0525488,0.168056,0.0406285,0.0208746
0.0326921,0.0214663,0.0123072,0.0514121,0.011913,0.0119839
0.0154077,0.0106228,0.00590774,0.0227127,0.00532638,0.00522291
0.0251977,0.0171143,0.00907825,0.0378871,0.00865286,0.00501472
0.0205514,0.0141902,0.012032,0.0392547,0.0109152,0.01153
0.0130887,0.00867131,0.00918157,0.0453801,0.0115367,0.00610236
0.0082473,0.00574091,0.00345719,0.0221085,0.00607866,0.00552701
0.0103221,0.00735926,0.00296137,0.0338709,0.00827989,0.0065775
0.0181821,0.0119426,0.00631537,0.0304717,0.00664893,0.0108082
0.016248,0.0111646,0.00582497,0.030641,0.00983629,0.00793128
0.00916272,0.00587028,0.00456562,0.0190016,0.00497841,0.00685279
0.00721286,0.00503769,0.00306805,0.0181848,0.00383472,0.00476817
0.0322276,0.014888,0.016594,0.0650071,0.0190049,0.0133328
0.0266916,0.00992913,0.0183037,0.0607899,0.0148834,0.0140593
0.0299636,0.0191856,0.014809,0.0628411,0.0170477,0.0224928
0.00626721,0.00439205,0.00648096,0.0361766,0.0103264,0.00758877
0.0120298,0.00801299,0.00965617,0.0506962,0.0140127,0.0152478
0.0106993,0.00716047,0.00853022,0.0208438,0.00550683,0.00613719
0.00783593,0.00551428,0.00289862,0.0173843,0.0039741,0.010667
0.00603438,0.004287,0.00179332,0.0149376,0.00391406,0.00217546
0.0103697,0.00731932,0.00368699,0.0108227,0.00275425,0.0038099
0.00747444,0.00510558,0.00316933,0.0150058,0.00454954,0.00660417
0.0210891,0.0074527,0.0164787,0.0860123,0.0233766,0.0470788
0.011478,0.00804458,0.00450372,0.0138896,0.00364961,0.00554443
0.0246757,0.0169366,0.0170385,0.0848624,0.0229935,0.0272692
0.00959066,0.00660953,0.00511125,0.025405,0.00615063,0.0107413
0.0100875,0.00676281,0.00381544,0.0144035,0.00463834,0.00486184
0.0113871,0.00760607,0.0111774,0.0236865,0.00699484,0.0136999
0.00601676,0.00433706,0.00178046,0.00979606,0.00192269,0.00245826
0.0218109,0.0143709,0.0069088,0.0372726,0.00825772,0.0123373
0.017413,0.0117492,0.00436012,0.0316763,0.0107507,0.0219564
0.0190962,0.0131293,0.010525,0.0401302,0.0104644,0.0193815
0.0359644,0.021557,0.0545192,0.139241,0.037266,0.0698088
0.011154,0.00774004,0.00493328,0.0337636,0.00922489,0.00480557
0.0116559,0.00784207,0.00939492,0.0648821,0.0178368,0.0270485
0.0211789,0.0133981,0.00906274,0.0405429,0.0104377,0.0130353
0.0121128,0.0083617,0.00452871,0.0251463,0.00623671,0.00642031
0.01616,0.0103621,0.00651312,0.0261306,0.00564494,0.00993525
0.0411088,0.0267574,0.0143976,0.0469815,0.0105791,0.00721061
0.0146008,0.00992831,0.00393983,0.0428952,0.0113506,0.00700266
0.0103151,0.00702329,0.00917954,0.0435482,0.0122343,0.0327678
0.034354,0.0216343,0.0117887,0.0493965,0.0124313,0.00679162
0.0355744,0.0209147,0.0315138,0.0846035,0.0233118,0.0406012
0.0150104,0.0089176,0.0145588,0.0806404,0.0209912,0.0364391
0.0221801,0.0142765,0.00726939,0.0375071,0.00860354,0.0111226
0.022138,0.0147883,0.00884838,0.0405042,0.0107148,0.00993337
0.0413021,0.0236372,0.0174215,0.0910388,0.0245674,0.0153095
0.0223432,0.0107233,0.00923647,0.04778,0.0120869,0.00770457
0.0226179,0.0106381,0.00939166,0.0450545,0.0101118,0.007551
0.0284985,0.0176525,0.0167085,0.0900585,0.0226731,0.0268294
0.00984962,0.00704584,0.00308904,0.0121456,0.0043087,0.00368127
0.0147899,0.01001,0.00543125,0.0178974,0.00513081,0.0073046
0.00939172,0.00617656,0.00310114,0.0216908,0.0040225,0.00254459
0.022009,0.0149189,0.00796007,0.0231056,0.00579271,0.00706285
0.00989967,0.00643916,0.00545824,0.0147984,0.00483725,0.00347949
0.0181985,0.0121334,0.00741837,0.0268865,0.00741954,0.0097719
0.00914658,0.00670737,0.00802516,0.0173579,0.00561335,0.00758724
0.0185698,0.0124023,0.0100702,0.0524848,0.0123703,0.0200767
0.0235539,0.0148033,0.00874235,0.0360961,0.00887644,0.00699642
0.00935069,0.00526675,0.00387632,0.0203841,0.00455974,0.00514696
0.0178665,0.0116942,0.0105405,0.0672961,0.0195047,0.0218557
0.0259339,0.0167772,0.0104204,0.0528118,0.0130522,0.0262346
0.0128366,0.00863033,0.00965098,0.0269659,0.00601975,0.0172187
0.012383,0.00835409,0.00400116,0.0313382,0.00985696,0.012284
0.0741585,0.0389301,0.0327451,0.201846,0.0539056,0.0422339
0.0378171,0.0171443,0.0183395,0.0708906,0.0166825,0.0174981
0.00592968,0.00419048,0.00323522,0.0213769,0.00446828,0.0025749
0.0227622,0.0150835,0.00684438,0.0150376,0.0052397,0.00648934
0.0147645,0.00987226,0.00416557,0.0205209,0.00633442,0.00456222
0.00496548,0.00344829,0.00213766,0.0145644,0.00207196,0.00773612
0.00532589,0.0039272,0.0026817,0.000583644,0.00107181,0.00227401
0.0141968,0.00930094,0.0043865,0.0137931,0.00413502,0.00599003
0.00739527,0.00527843,0.00275183,0.0214101,0.00422694,0.0142047
0.0158182,0.010678,0.00656121,0.0268887,0.00878383,0.00946713
0.0192728,0.0124053,0.00993996,0.0375814,0.00996565,0.0139117
0.0115353,0.00781932,0.00629076,0.0359145,0.0107371,0.00463842
0.0119461,0.00804599,0.00358211,0.0260572,0.00693604,0.00594561
0.0391952,0.0243278,0.023893,0.070973,0.0190121,0.0256212
0.00589797,0.00444761,0.00295866,0.0157094,0.00444709,0.00647691
0.0182308,0.0122103,0.00732834,0.0287354,0.00730768,0.015692
0.00843099,0.00566453,0.0063751,0.0236329,0.00543912,0.00671843
0.0149334,0.0103548,0.0102432,0.0283022,0.00696032,0.00784083
0.0172608,0.0118548,0.00791785,0.0326566,0.0084192,0.00347954
0.0201859,0.0134572,0.0118617,0.0693779,0.0188306,0.0241842
0.0213248,0.0144496,0.00607172,0.0242274,0.00619051,0.00628506
0.0308187,0.0191143,0.0105659,0.047708,0.013236,0.0147256
0.024234,0.0159685,0.00967272,0.00780025,0.00165317,0.0101482
0.00541566,0.00418218,0.00244466,0.0106495,0.00351465,0.00403473
0.0165602,0.0109374,0.00849947,0.0290572,0.00712141,0.00520235
0.00749462,0.0048818,0.0037729,0.0146288,0.00350888,0.00198025
0.0174943,0.0118079,0.00587327,0.0272518,0.00604795,0.0040972
0.033069,0.0218448,0.0124677,0.0683639,0.0176124,0.0178715
0.01015,0.00722574,0.00608857,0.0227817,0.00610952,0.0040783
0.00923013,0.00590312,0.00602364,0.0246993,0.0068247,0.009936
0.0131302,0.00859584,0.0053326,0.0312479,0.00764653,0.00547373
0.0186967,0.0120883,0.0088002,0.0538705,0.0109513,0.00703023
0.0282761,0.0187901,0.00918907,0.0551821,0.0125001,0.0223856
0.0446051,0.0290098,0.0196319,0.0559422,0.0164293,0.0243468
0.0131512,0.00881553,0.00902676,0.027095,0.00903791,0.0185937
0.0146248,0.00983704,0.00736274,0.0193784,0.00597479,0.00729606
0.0239568,0.0158886,0.00591635,0.0426403,0.0101631,0.0175531
0.0196081,0.0119454,0.0101371,0.0418223,0.0102342,0.0120722
0.0175752,0.00824458,0.00773234,0.0306282,0.00881267,0.00842477
0.0082531,0.0053908,0.00963715,0.0299101,0.00910362,0.00883284
0.0215792,0.0146647,0.00778766,0.030505,0.00577389,0.00597638
0.0248581,0.0162056,0.00716985,0.0319632,0.00993079,0.0230702
0.0139567,0.00974355,0.0190322,0.0495631,0.0111052,0.0145948
0.0290984,0.0193321,0.0126566,0.0476404,0.0132523,0.00855164
0.026049,0.0182859,0.0107822,0.0367455,0.0108459,0.00999763
0.01326,0.00937356,0.00482022,0.020505,0.00389239,0.0114879
0.0401503,0.0250737,0.0187995,0.0718482,0.0167767,0.0152773
0.0157293,0.0111075,0.00937215,0.048502,0.0120559,0.00864512
0.00861608,0.00595147,0.0022667,0.0201939,0.00640819,0.00586435
0.0125276,0.00843193,0.00756632,0.0376317,0.0109713,0.0113245
0.0421348,0.0249269,0.0307025,0.106587,0.0311833,0.0512941
0.0259995,0.0109682,0.00819397,0.0435138,0.0124643,0.0160731
0.0502191,0.0286167,0.0167287,0.0747712,0.0177744,0.0339919
0.00725047,0.00491208,0.00484517,0.0172202,0.00372026,0.00920606
0.0138708,0.00912014,0.0031691,0.0229384,0.00682009,0.0133351
0.00996365,0.00674648,0.0052029,0.0243148,0.00618311,0.00586581
0.0173361,0.0116014,0.00924173,0.0364295,0.0105728,0.0204839
0.00736083,0.00426567,0.00186745,0.0220416,0.0066012,0.00553608
0.00501967,0.00343543,0.00207369,0.0144008,0.00376061,0.00280783
0.0183228,0.012699,0.00664257,0.0392123,0.011654,0.0146655
0.011949,0.00808678,0.00270297,0.028241,0.00649843,0.00706599
0.0184311,0.0122605,0.0190002,0.0716374,0.0192842,0.0229298
0.018366,0.0124586,0.00790254,0.042922,0.010769,0.00996615
0.00473632,0.00349323,0.00355036,0.0121077,0.0031231,0.0026097
0.0276961,0.0187454,0.0192977,0.0814126,0.0227892,0.024951
0.0205872,0.0141886,0.00611298,0.0380646,0.00987837,0.00388764
0.00764981,0.00516515,0.00317875,0.0134286,0.00276097,0.00559778
0.0148986,0.00983877,0.00520922,0.0306475,0.0087828,0.00344512
0.0302585,0.0193218,0.00898988,0.0491653,0.0126876,0.00889763
0.00776019,0.00535454,0.00274061,0.0197958,0.00659067,0.0117961
0.0147836,0.0100241,0.0029788,0.0231341,0.00557522,0.00989162
0.00432382,0.00321846,0.00999115,0.0384407,0.0118115,0.00819976
0.0163147,0.0104835,0.00689719,0.0273394,0.00640193,0.00490888
0.00866598,0.00613333,0.00400166,0.0138269,0.00245693,0.00495845
0.010727,0.00746803,0.00415562,0.024171,0.00667737,0.00687018
0.0287609,0.019126,0.0114167,0.0542497,0.0138982,0.0308133
0.0275251,0.0187938,0.013153,0.0613222,0.0155518,0.0348918
0.0289145,0.0176997,0.0102197,0.0445399,0.00937597,0.0326886
0.00586769,0.00414779,0.00261303,0.0125868,0.00388072,0.00709947
0.0230314,0.0156026,0.00736581,0.0303346,0.00800631,0.00352583
0.0148789,0.0103094,0.00612608,0.0185235,0.00763368,0.00980797
0.0200593,0.0129598,0.0108776,0.051231,0.0122838,0.0177533
0.0198321,0.0128364,0.00889468,0.0363374,0.0118653,0.0170766
0.00868748,0.00507944,0.00432926,0.0176646,0.00553464,0.0104086
0.0363373,0.0236758,0.015638,0.12961,0.0337725,0.0640802
0.0248469,0.0167221,0.0137305,0.0128696,0.00378965,0.0151499
0.0136107,0.00911837,0.0054243,0.0248803,0.0057173,0.00914316
0.0155717,0.0103615,0.00517721,0.0374648,0.00918179,0.00542655
0.0371155,0.0205534,0.0355703,0.172492,0.0434158,0.0379186
0.0418519,0.0245089,0.0115275,0.095036,0.0252354,0.0360297
0.00598506,0.00411603,0.00158947,0.0110982,0.00217477,0.00402913
0.00684763,0.00454613,0.00396082,0.0140628,0.00248682,0.00247419
0.00606837,0.00410999,0.00272027,0.0166378,0.00402734,0.00571504
0.0134034,0.00908503,0.00293014,0.0237302,0.0062427,0.0135963
0.0124054,0.00859257,0.00361953,0.0207886,0.00420813,0.00484601
0.0206743,0.0137082,0.00617879,0.0264181,0.00714531,0.0102249
0.00853421,0.00604291,0.00231747,0.0125397,0.00405758,0.00498339
0.00958807,0.0067251,0.00461916,0.0166648,0.0047682,0.0048732
0.00859486,0.00603544,0.0040607,0.022584,0.0060265,0.00757257
0.0114405,0.00501992,0.00588335,0.0224613,0.00795771,0.00856559
0.00981366,0.00489333,0.00522346,0.0139247,0.00378071,0.00525311
0.0116161,0.00777797,0.00427844,0.0205634,0.00480013,0.00552018
0.01146,0.00754607,0.00433172,0.0193314,0.00613583,0.00657115
0.0119526,0.0080791,0.0113263,0.0634402,0.0159416,0.0340143
0.00642314,0.00431403,0.00266359,0.0117632,0.00305775,0.0055193
0.0140094,0.00935041,0.00582672,0.0258679,0.00640799,0.016563
0.0216644,0.014505,0.00937795,0.038991,0.0117959,0.0137453
0.011989,0.00810689,0.00391748,0.0296291,0.00620836,0.011275
0.0340193,0.0212446,0.0110705,0.0638153,0.0197566,0.0147831
0.0221093,0.0158004,0.00742071,0.0327419,0.00789161,0.00617259
0.0234021,0.0153369,0.012508,0.0664394,0.014767,0.011275
0.0100118,0.00713977,0.00345094,0.0173833,0.0050894,0.00937702
0.00734587,0.00522854,0.00304563,0.0161567,0.00406629,0.00177376
0.00635451,0.00443617,0.00303721,0.0169426,0.00445832,0.00194217
0.0145238,0.00950753,0.00537458,0.027978,0.00702008,0.00882401
0.016347,0.0107426,0.0043721,0.0367896,0.00939805,0.00855819
0.026205,0.0170522,0.00849123,0.0308145,0.00924143,0.0100696
0.0184957,0.0121238,0.0116751,0.0488166,0.013129,0.0081565
0.0104909,0.0072015,0.00605928,0.0500119,0.0113173,0.00607219
0.00755345,0.00566409,0.00225072,0.0288188,0.00743747,0.00767344
0.0308908,0.0118785,0.0181022,0.0799157,0.0208757,0.0154676
0.0320292,0.0119777,0.0192147,0.0707589,0.0166194,0.0148222
0.00542096,0.00339754,0.00290811,0.00907123,0.00283988,0.00442155
0.0125799,0.0088721,0.00488911,0.01598,0.00521499,0.00777233
0.0155433,0.0104215,0.00353929,0.0289207,0.00846301,0.00960897
0.00950146,0.00648584,0.00636968,0.0235788,0.00568384,0.0255676
0.0108414,0.00737982,0.00398376,0.0172905,0.00593382,0.0043261
0.0287087,0.0189275,0.00979843,0.0210495,0.00430371,0.0184692
0.0381877,0.0226813,0.0336492,0.109152,0.0253086,0.0546692
0.0267935,0.0178018,0.0086942,0.0241776,0.00609564,0.0070004
0.0285338,0.011661,0.0125777,0.0557104,0.015127,0.0188627
0.0286376,0.011642,0.0126487,0.0498468,0.0126836,0.0165884
0.0291316,0.0190438,0.013159,0.0481085,0.0135786,0.0347202
0.0236963,0.0148004,0.0131935,0.0477191,0.010539,0.0182791
0.0145432,0.00982589,0.00582038,0.0281083,0.00665674,0.00610789
0.0227404,0.0150298,0.00896419,0.0286107,0.00641213,0.0129274
0.0117914,0.00755569,0.00741957,0.0447934,0.0121103,0.0143577
0.0242665,0.01536,0.0078051,0.0425948,0.0105176,0.011041
0.0363921,0.0200498,0.0131055,0.0501764,0.0136809,0.016458
0.0117724,0.00715831,0.00220523,0.0374132,0.00929628,0.00741253
0.0154568,0.00905558,0.00409711,0.0317021,0.00762264,0.00506306
0.0165654,0.0107257,0.00956399,0.0543812,0.015388,0.0192882
0.0148736,0.0100054,0.00487785,0.0179466,0.00445156,0.00593917
0.0141332,0.00539341,0.00440846,0.0347678,0.00812709,0.00900346
0.0143746,0.00606695,0.00426057,0.032262,0.00677017,0.0088647
0.0104162,0.00690979,0.00238788,0.0256437,0.00695763,0.00223181
0.0168164,0.0111643,0.0165445,0.0498607,0.0135764,0.020654
0.0498268,0.0292098,0.0346172,0.0803341,0.0202469,0.0475645
0.0245244,0.0165422,0.00982829,0.0194969,0.00770791,0.00621886
0.0218386,0.0146168,0.00693688,0.0203387,0.00524576,0.00732928
0.0263746,0.0175315,0.00822489,0.0344972,0.00847778,0.018564
0.0224429,0.0143199,0.00626902,0.0329403,0.00754932,0.0155348
0.00959037,0.00634534,0.0036504,0.0172398,0.00449042,0.00158545
0.00743501,0.00516922,0.00287809,0.0132731,0.00326191,0.00406926
0.00816985,0.00569815,0.00395667,0.0210193,0.00494995,0.00498276
0.0214133,0.0144876,0.00710776,0.0301944,0.00739331,0.00789805
0.0247581,0.0165398,0.00927468,0.0390393,0.010882,0.0116222
0.0118721,0.00810748,0.00220569,0.0174671,0.00533837,0.00277707
0.0211489,0.0146369,0.00869118,0.0436096,0.0111684,0.0100265
0.0105079,0.00702372,0.00348535,0.0183101,0.00389533,0.00477432
0.0281091,0.0183831,0.00739112,0.00741745,0.00206899,0.0107169
0.0196099,0.0124243,0.00804378,0.0229885,0.00688369,0.00688287
0.00873807,0.00603202,0.00401051,0.016065,0.00431153,0.00237143
0.0425972,0.025071,0.0463493,0.122596,0.0341962,0.0827969
0.0403946,0.024241,0.052843,0.175662,0.0432589,0.0421414
0.00728176,0.00494161,0.00276932,0.0143968,0.00418096,0.00633387
0.00828599,0.00556349,0.00197228,0.02375,0.00943089,0.0157552
0.0063481,0.00431595,0.00165433,0.0160506,0.00479758,0.00251324
0.0245111,0.0162863,0.00759772,0.0407392,0.0088378,0.0104506
0.0112401,0.00786926,0.00412907,0.0195654,0.00464216,0.00266595
0.0186218,0.00885504,0.00684932,0.0420847,0.013397,0.0127418
0.0163147,0.00976538,0.00515713,0.0167993,0.00437028,0.0066467
0.0292097,0.0194295,0.0128036,0.0118116,0.00178404,0.0169618
0.0205901,0.0138269,0.00675919,0.0404452,0.0100018,0.0102455
0.011078,0.00717686,0.00352008,0.029687,0.00712349,0.00970989
0.0459985,0.0200446,0.0270729,0.153919,0.0402059,0.0336825
0.00999378,0.00653604,0.00209236,0.0168601,0.00428533,0.00267401
0.0245197,0.0164412,0.00977594,0.0357885,0.0083347,0.0167125
0.0198944,0.0126852,0.00687359,0.0349635,0.0081461,0.0127169
0.0158366,0.0103415,0.018123,0.108905,0.0299908,0.0840617
0.00607792,0.00431001,0.00407446,0.00661016,-0.000107072,0.00382419
0.0143277,0.00974005,0.00752765,0.0284392,0.00837473,0.00430501
0.0121724,0.00814276,0.00386871,0.0342245,0.00978655,0.0133642
0.0656093,0.0391827,0.0743046,0.319413,0.0850611,0.131695
0.00987928,0.00660705,0.00273051,0.0184803,0.00461162,0.00964
0.0210062,0.0140481,0.0077969,0.0373695,0.00887711,0.00669772
0.0152785,0.0101278,0.0048123,0.0327878,0.00803985,0.0139415
0.0227251,0.0146692,0.00852891,0.043423,0.0118833,0.0178845
0.0112774,0.00726992,0.014695,0.0672768,0.0168609,0.0141968
0.00946408,0.00627083,0.00287311,0.0256778,0.00546302,0.00546986
0.00554047,0.00393972,0.00341605,0.0158514,0.0024386,0.00114152
0.00687198,0.00446241,0.00421945,0.0193659,0.0051011,0.00178145
0.00843774,0.00601425,0.00397066,0.0138104,0.00440152,0.00472126
0.0539229,0.0308848,0.0352867,0.219555,0.0580289,0.0876405
0.00947148,0.00563689,0.0053292,0.0209163,0.00501994,0.0128509
0.0119516,0.00697106,0.00623436,0.0259699,0.00620462,0.0145799
0.0407398,0.0250353,0.0112925,0.0598938,0.0157095,0.0277763
0.0364602,0.0146106,0.0129718,0.0656581,0.0180622,0.0220769
0.0267438,0.0120507,0.00919499,0.0317522,0.0082752,0.0155052
0.00464177,0.00332126,0.00189836,0.0111736,0.00236458,0.00409131
0.0165167,0.0113022,0.00799175,0.028193,0.0088238,0.0125363
0.0145076,0.00950731,0.00680499,0.0257838,0.00507542,0.00293981
0.00609745,0.00414355,0.00240488,0.0143166,0.00338929,0.00400693
0.0264889,0.0176817,0.00677471,0.0346875,0.00978324,0.0244597
0.00744006,0.00526082,0.00346598,0.00720442,0.00176681,0.00248858
0.0154834,0.0101802,0.00741931,0.0431912,0.00877905,0.00603883
0.0269533,0.0175091,0.0102664,0.044719,0.0123227,0.0331553
0.0227535,0.0152792,0.00653118,0.0250299,0.00725614,0.00668817
0.0267691,0.0153113,0.0105049,0.0448694,0.012746,0.0103602
0.0419159,0.0265109,0.0188563,0.0291487,0.00736196,0.0116113
0.0105387,0.00672687,0.00470866,0.021419,0.0048773,0.00264211
0.0187818,0.0123525,0.00677175,0.0363536,0.00848131,0.0137505
0.0194717,0.0132229,0.0041419,0.0396754,0.00976521,0.0149062
0.01886,0.0127638,0.00769036,0.0273939,0.00541411,0.00595059
0.0273468,0.017543,0.00954078,0.0334303,0.00856123,0.0164899
0.085183,0.0317357,0.0274791,0.115615,0.0285986,0.0301359
0.0150319,0.0102384,0.00428708,0.0256081,0.00512385,0.0099131
0.0138267,0.00925186,0.00708207,0.0286688,0.00687296,0.0106632
0.0152322,0.00739931,0.00425511,0.0467479,0.0149687,0.0167576
0.0106724,0.00458706,0.00317599,0.025967,0.00611654,0.00757834
0.00848655,0.0060394,0.00362921,0.0223994,0.00540195,0.0055901
0.0186156,0.012678,0.00912079,0.0227374,0.00625439,0.00423462
0.00734683,0.00505576,0.00259054,0.0138168,0.00268847,0.00453885
0.0166202,0.0105246,0.00346635,0.0359737,0.0089282,0.00775064
0.0105517,0.00680936,0.00945922,0.0395813,0.0102162,0.00734001
0.0503743,0.0300023,0.0156819,0.0571717,0.0140108,0.0170322
0.00609012,0.00402819,0.00177582,0.0242356,0.00633026,0.00600362
0.00610862,0.00451727,0.00152222,0.0114308,0.00242027,0.00208887
0.0080859,0.00560311,0.00303009,0.0151704,0.00526167,0.00589926
0.0115982,0.00614033,0.00757375,0.0431012,0.0116009,0.0129476
0.0121504,0.00735376,0.00358983,0.0205058,0.00627545,0.00806351
0.0126242,0.00855542,0.00395921,0.0315744,0.00557949,0.00443066
0.022515,0.0103821,0.0114926,0.0556334,0.0132393,0.00894342
0.0170591,0.0116195,0.0054431,0.0268284,0.00770035,0.0102307
0.0132272,0.00897106,0.00690082,0.0392146,0.00877622,0.0148311
0.00430823,0.00309791,0.00282436,0.00823451,0.0017555,0.00267061
0.00444246,0.0030156,0.00255039,0.0165004,0.0034523,0.00321532
0.0568171,0.030217,0.0281046,0.0757114,0.0166487,0.0590178
0.0131319,0.00895803,0.0161922,0.0432245,0.0116292,0.00794809
0.0205276,0.0135535,0.00494201,0.0182218,0.00577439,0.0112231
0.0189693,0.0120639,0.00996738,0.0285537,0.00714791,0.00798426
0.0163742,0.0107078,0.00534193,0.032601,0.00839599,0.0118627
0.00765379,0.0047491,0.00298383,0.015174,0.00319029,0.00942578
0.00481503,0.00336278,0.00234692,0.0206916,0.00411288,0.0120638
0.0297651,0.019025,0.00967385,0.0542661,0.0153582,0.0204967
0.010768,0.00745974,0.00437548,0.0062425,-0.000153348,0.00768456
0.0141481,0.00962141,0.00797928,0.00636147,0.000412398,0.00590549
0.00565133,0.00380923,0.0123278,0.0395307,0.00968255,0.0184155
0.00661169,0.00450271,0.00185044,0.0186727,0.00424319,0.00370615
0.0280208,0.0180421,0.0108481,0.0274341,0.00770306,0.0152259
0.0388892,0.0238177,0.0351776,0.127971,0.0362229,0.0324685
0.0345113,0.0228931,0.022798,0.0646094,0.0156233,0.0115103
0.0541754,0.020654,0.034416,0.154544,0.0378828,0.0334152
0.053266,0.0314127,0.0400898,0.209353,0.0553516,0.128627
0.0118953,0.00801005,0.00369171,0.0191852,0.00582496,0.0050073
0.0225806,0.0143523,0.00790434,0.0426269,0.00991813,0.0114753
0.0308216,0.0207654,0.0120007,0.0488641,0.0126133,0.00609962
0.00891807,0.00637366,0.006258,0.0235483,0.00668124,0.00631122
0.0133069,0.00856481,0.0322488,0.107215,0.0275019,0.0165756
0.0287392,0.0161173,0.0437861,0.231888,0.0608084,0.091933
0.0123024,0.00849418,0.00960008,0.0309149,0.00836935,0.0235086
0.0231842,0.015186,0.00920994,0.0407716,0.0104299,0.00793085
0.0229195,0.0149752,0.00647424,0.037489,0.00934577,0.0244657
0.0307623,0.0194399,0.00954143,0.0537957,0.0114565,0.0364113
0.00850414,0.00616988,0.0053562,0.0184835,0.00246598,0.0123581
0.0463637,0.0293241,0.0112441,0.046504,0.0117042,0.0173439
0.0537746,0.031645,0.0369739,0.160797,0.0398773,0.104349
0.0312134,0.021021,0.0200597,0.0735159,0.0193412,0.0412964
0.0152403,0.00949404,0.0239964,0.114301,0.0320991,0.0411702
0.00650301,0.00420313,0.00312914,0.0260527,0.00888752,0.0172177
0.0162781,0.00971144,0.0071446,0.0307455,0.0085977,0.00810638
0.0239207,0.01035,0.00797086,0.0427928,0.0108261,0.0120483
0.0378155,0.0112069,0.0139842,0.0824515,0.0209638,0.0167328
0.0313883,0.0161472,0.0122622,0.0693315,0.0154086,0.0131302
0.00836733,0.00599734,0.00670253,0.0340726,0.00896064,0.0109105
0.0167474,0.0103272,0.011708,0.0804481,0.0198807,0.015726
0.00479703,0.00367668,0.0035799,0.0441364,0.00986962,0.00634713
0.0151378,0.0103066,0.00430442,0.0271179,0.00627153,0.0056142
0.0292473,0.0180508,0.0110226,0.0517036,0.0134465,0.0286475
0.0206487,0.008688,0.00852949,0.0416373,0.0114211,0.00928957
0.00885476,0.00581318,0.00210127,0.0260312,0.00807019,0.0195174
0.0680147,0.0377359,0.0214426,0.0935323,0.0240841,0.0382791
0.0105768,0.00755069,0.00398701,0.0202755,0.00549827,0.00410816
0.012129,0.00786656,0.00423019,0.0200384,0.00576041,0.00500629
0.00501012,0.00370371,0.0015816,0.0187147,0.00432473,0.000330074
0.0064017,0.00435195,0.00245232,0.0145345,0.00314145,0.000758719
0.0250925,0.0164571,0.0259108,0.133037,0.0339639,0.0255044
0.00925467,0.00617417,0.00588143,0.0159258,0.0045565,0.00324676
0.0536597,0.0293154,0.0223766,0.125305,0.0284618,0.0144304
0.0085215,0.00627872,0.00232025,0.0242978,0.00475635,0.00364676
0.0157428,0.00755947,0.00948688,0.0601135,0.0175655,0.0203978
0.0153995,0.00708132,0.00832438,0.0480119,0.0111152,0.0145847
0.0392586,0.0248838,0.0139718,0.0617178,0.0168318,0.0267251
0.0128345,0.00888977,0.00425106,0.0175602,0.00389599,0.00242036
0.00548142,0.0042066,0.00223719,0.0131431,0.00296591,0.00138032
0.0288012,0.0179931,0.00796949,0.0531924,0.0146224,0.0348165
0.0201508,0.0134438,0.00383222,0.0341375,0.00967954,0.0163904
0.0191626,0.0128912,0.0109669,0.0550089,0.0157631,0.00659148
0.00961906,0.00670884,0.00473052,0.018819,0.00470876,0.00182049
0.00991333,0.00655849,0.0045519,0.0153311,0.00405444,0.00306425
0.0166231,0.0110983,0.00477412,0.0360247,0.00691564,0.00488519
0.0312851,0.0209095,0.00921602,0.0652524,0.0173237,0.0078966
0.0350233,0.0206012,0.012367,0.0490785,0.0143484,0.0153832
0.0253729,0.0108434,0.00789758,0.0315284,0.00830198,0.0185575
0.0122654,0.00861333,0.00390267,0.0163282,0.00598872,0.00986324
0.0291098,0.0184431,0.0106851,0.0357849,0.0107401,0.016479
0.00796479,0.00537689,0.00675545,0.0276393,0.00841226,0.00578545
0.0065743,0.00475291,0.00270406,0.00516509,0.000816362,0.00332956
0.0223942,0.014499,0.0160501,0.0845021,0.0206779,0.0462604
0.0172265,0.0114843,0.00538639,0.0352289,0.0118529,0.0119892
0.011054,0.0068023,0.00870038,0.0267433,0.00805896,0.00353779
0.00468406,0.00330581,0.00219612,0.0108106,0.0039121,0.0025261
0.0245524,0.0164836,0.00980618,0.0302345,0.009875,0.00351841
0.0234055,0.0134586,0.00641505,0.0264268,0.00899337,0.0121451
0.0410046,0.0244853,0.0114127,0.0422049,0.0110724,0.00569671
0.0285056,0.0141273,0.0113131,0.0373515,0.0089129,0.0250812
0.0477926,0.0286566,0.0148339,0.0598535,0.0163485,0.0216041
0.0229931,0.0149682,0.0131482,0.0446729,0.0106541,0.0130032
0.00431097,0.00321054,0.00111518,0.0127416,0.00463498,0.00572683
0.0102043,0.00682368,0.00216602,0.0215241,0.00459517,0.00375031
0.010225,0.00659989,0.0035306,0.0201321,0.00459614,0.0042347
0.0676847,0.0342755,0.0374511,0.199514,0.0507331,0.0699619
0.0637171,0.0342235,0.0366516,0.170548,0.0397081,0.064315
0.00971148,0.00633102,0.00225935,0.0258542,0.00607398,0.00369571
0.0237382,0.0152082,0.0199527,0.0995871,0.0261821,0.0168681
0.0131723,0.009194,0.00407553,0.0239907,0.0054372,0.004628
0.0272562,0.0179795,0.0086021,0.045786,0.0107345,0.0121194
0.0221762,0.0144649,0.00689908,0.024226,0.00646521,0.0100877
0.0287204,0.0187709,0.0120111,0.0427286,0.00978859,0.0208591
0.0169932,0.0110476,0.00661299,0.0233854,0.00554763,0.00721701
0.0101303,0.00721947,0.0102384,0.0486964,0.0131908,0.017905
0.013151,0.0093388,0.00652906,0.0251539,0.00753249,0.00475859
0.0052684,0.00369962,0.00378281,0.016179,0.00374463,0.00282331
0.0119634,0.00825499,0.00225929,0.0246659,0.00537902,0.00631356
0.00518011,0.0037721,0.00820523,0.0480078,0.0114489,0.004964
0.0269104,0.0178164,0.00860763,0.043939,0.0106177,0.00556322
0.0106766,0.00740675,0.00266049,0.0230603,0.00562733,0.00246604
0.0241976,0.0158774,0.00842103,0.0392519,0.00850037,0.0102766
0.0190529,0.00796005,0.012382,0.0750007,0.0212328,0.01103
0.0211806,0.0143021,0.00628748,0.0155226,0.00440623,0.0272973
0.0230304,0.0101139,0.00784236,0.0543806,0.015253,0.0196209
0.0109162,0.00757181,0.00268461,0.0180299,0.00604103,0.0079556
0.0142474,0.00978206,0.00510694,0.0148591,0.00500959,0.00535464
0.00777309,0.00341017,0.00384245,0.0338575,0.0128046,0.0142846
0.0479813,0.0258214,0.0324456,0.178524,0.0459191,0.0423547
0.00639827,0.00457267,0.0038016,0.0165674,0.00466775,0.00490747
0.00973384,0.00683902,0.0033329,0.0100857,0.00259448,0.0108938
0.0066024,0.00457553,0.00230002,0.0308353,0.00862079,0.0197705
0.00560741,0.00366981,0.00326292,0.0156303,0.00411501,0.00469813
0.0137282,0.00928545,0.00431641,0.0157753,0.00526766,0.00718546
0.0203338,0.0137625,0.0125573,0.0625473,0.016421,0.0347751
0.0201094,0.0133223,0.00585812,0.0332373,0.00848804,0.0111759
0.0513763,0.0311707,0.0185273,0.0715477,0.0214065,0.0311303
0.0181583,0.0125383,0.00584018,0.0299723,0.00624461,0.00489211
0.0066711,0.00467937,0.00254948,0.0194869,0.00435124,0.00185708
0.00460864,0.00332608,0.00351214,0.0157523,0.00396542,0.0046665
0.00931233,0.00628924,0.00884318,0.0417172,0.0104536,0.0121805
0.0133813,0.00871886,0.00787889,0.0480235,0.011068,0.00871158
0.0152552,0.0106412,0.00675662,0.0296767,0.00612982,0.00405481
0.00554906,0.00401143,0.00170119,0.0190191,0.00550658,0.00156936
0.014135,0.00949054,0.00563643,0.0150496,0.00475056,0.00487246
0.0151311,0.0103982,0.00657259,0.0274136,0.00668282,0.0108538
0.00936183,0.0066371,0.0191674,0.065305,0.0190664,0.0131112
0.0192168,0.0128912,0.00609657,0.0283164,0.00796143,0.00785851
0.0480455,0.0300202,0.0146907,0.0550994,0.017146,0.0103829
0.0298826,0.0189733,0.0182021,0.0888709,0.023316,0.0166712
0.0224816,0.0151037,0.00696974,0.00701417,0.00156603,0.00610213
0.010315,0.00733663,0.00445001,0.0186286,0.00516791,0.00582833
0.0124058,0.00846367,0.0049515,0.0167089,0.00472596,0.00736894
0.0268072,0.0175947,0.0225403,0.0761062,0.0202735,0.0250222
0.0272728,0.0168109,0.0322006,0.180198,0.0458624,0.0747523
0.0113452,0.00756142,0.00498909,0.0174347,0.00392562,0.00361668
0.0137757,0.0090482,0.00398215,0.0258886,0.0059775,0.00418874
0.0144682,0.0102641,0.0043535,0.0226737,0.00698182,0.0053712
0.00844938,0.00586526,0.00281012,0.0205409,0.00377917,0.00321331
0.0118467,0.00826233,0.0097046,0.0527259,0.0140911,0.020305
0.0275772,0.0181779,0.0103241,0.0384657,0.00884737,0.0114675
0.0306218,0.0199879,0.00832042,0.040159,0.0106729,0.0125624
0.00879258,0.00571243,0.00290916,0.0279297,0.00697645,0.0189024
0.00974818,0.0065262,0.00413513,0.0202106,0.00393329,0.00370504
0.00894628,0.00594529,0.00329095,0.0163902,0.00377659,0.00304688
0.011497,0.00790619,0.00439842,0.00808296,0.00184835,0.0034087
0.0189334,0.0125075,0.0116927,0.0716132,0.0180186,0.00984173
0.0262879,0.0134235,0.00719194,0.0470917,0.0113946,0.0081878
0.011655,0.00788491,0.00681784,0.0270616,0.00718304,0.0125
0.0134153,0.00927715,0.00587575,0.0171645,0.00470657,0.00480194
0.0216163,0.0142882,0.0146012,0.0680472,0.0181991,0.0130381
0.00737681,0.00483549,0.00458636,0.0131834,0.0024902,0.000538156
0.0294568,0.0185364,0.0187536,0.0487735,0.0143097,0.0479071
0.0277448,0.0178963,0.0102807,0.0398514,0.0116378,0.01275
0.0126238,0.00883217,0.00402922,0.0230207,0.00611232,0.00565268
0.0165239,0.0109407,0.00600171,0.0435914,0.00873248,0.00287769
0.00906637,0.00654957,0.00328504,0.0176702,0.00363007,0.0122975
0.0160023,0.0105447,0.0137826,0.0567607,0.0141921,0.0182314
0.0150604,0.0103146,0.00480197,0.0248501,0.00727886,0.00671154
0.0187169,0.0124478,0.0195031,0.0354402,0.00771744,0.0044597
0.0169704,0.0109295,0.0057817,0.0410512,0.0124814,0.00562756
0.03166,0.0153116,0.0108701,0.0399839,0.0108304,0.0102931
0.0644382,0.0352037,0.0274027,0.139507,0.0344378,0.0284422
0.013649,0.00921291,0.00313432,0.0265708,0.00819276,0.015056
0.0044083,0.0031495,0.00213393,0.0131984,0.00305683,0.00221742
0.0123996,0.00800759,0.00476996,0.0187399,0.0055365,0.00335542
0.0272192,0.0176861,0.00905397,0.05211,0.0142891,0.00318101
0.0140478,0.00969942,0.0105204,0.0530011,0.0136914,0.0336015
0.00569728,0.00389068,0.0032587,0.0126513,0.00353882,0.00327785
0.0102029,0.00697483,0.00529122,0.0229626,0.00635527,0.00841952
0.00615692,0.00429571,0.00184675,0.0158042,0.00492263,0.00592546
0.0114109,0.00789715,0.00826791,0.0360526,0.0100888,0.00340239
0.0221538,0.00932055,0.00591704,0.0391691,0.0121278,0.0224437
0.0241292,0.00937855,0.00640719,0.036478,0.0107539,0.0200682
0.0242842,0.0160693,0.00969972,0.0380015,0.00962239,0.00892576
0.0283792,0.0184765,0.0130765,0.0608122,0.0167475,0.0109262
0.02497,0.0164363,0.00685838,0.0344946,0.0109694,0.030369
0.0186693,0.0128251,0.00613702,0.0487919,0.0142516,0.010124
0.00627553,0.00452312,0.00191435,0.0232032,0.00638921,0.0117127
0.0299341,0.0189627,0.00790711,0.0505917,0.0115073,0.012701
0.0138991,0.00965593,0.00393936,0.0167877,0.00459657,0.0109204
0.0312327,0.019234,0.0331821,0.107477,0.029142,0.043504
0.0157851,0.0101924,0.00521429,0.0290255,0.00575664,0.00734055
0.0124595,0.00848908,0.00385248,0.0219273,0.00541892,0.0105118
0.0281451,0.0183917,0.0197899,0.0530804,0.0145116,0.0157897
0.0068726,0.00488726,0.00458286,0.0145897,0.00353065,0.00190706
0.00834006,0.00608131,0.00164561,0.0169713,0.00453003,0.00405123
0.0199679,0.0135526,0.00593849,0.0340596,0.00931846,0.00655257
0.0380021,0.020583,0.0136295,0.062138,0.0159163,0.0212359
0.0550363,0.0331125,0.0639567,0.25717,0.0728045,0.090965
0.00632117,0.00427735,0.0024023,0.0185096,0.00513904,0.00494762
0.0241697,0.0159009,0.00918479,0.0404418,0.0106892,0.0240443
0.0113944,0.00789832,0.00476973,0.0189669,0.0032049,0.00240607
0.0130172,0.00845679,0.00622305,0.0428762,0.0109455,0.0120982
0.00772344,0.0052535,0.00754521,0.0549796,0.0155821,0.0427854
0.0313498,0.0190991,0.017918,0.0716052,0.0185062,0.0216656
0.00936777,0.00667908,0.00403591,0.0196043,0.00508437,0.00105296
0.0163885,0.0109101,0.00680074,0.00906366,0.00126016,0.00203943
0.00862261,0.00635556,0.00494378,0.0224041,0.00577276,0.00342297
0.00641622,0.00453099,0.00161163,0.0154818,0.00374902,0.00331775
0.0141657,0.00992829,0.00873726,0.0339938,0.0082113,0.00295389
0.0160164,0.0111189,0.00351617,0.0297119,0.00571031,0.00291944
0.00674073,0.00459516,0.00246644,0.014733,0.00425608,0.00405805
0.0186028,0.012499,0.00461098,0.0277471,0.00817455,0.016857
0.0128261,0.00838872,0.00458138,0.0202389,0.00472354,0.00803699
0.0380702,0.0241581,0.0111451,0.0496089,0.0114092,0.00907436
0.0132324,0.00928159,0.00446388,0.0186061,0.00380466,0.00562239
0.0467308,0.0283429,0.0162769,0.0937261,0.0237062,0.0331339
0.02293,0.0152984,0.0106272,0.0413122,0.00890666,0.00382465
0.0206075,0.0138088,0.0107356,0.0572606,0.0141534,0.0130798
0.0182278,0.012172,0.0065653,0.0264067,0.00702747,0.00535864
0.00809134,0.00551963,0.0022945,0.0195186,0.00444144,0.00783497
0.0340474,0.0178615,0.0186388,0.0598208,0.0172076,0.0232437
0.0112434,0.00756728,0.00389021,0.0134151,0.00509846,0.0034963
0.0136474,0.00906041,0.0327622,0.085124,0.0248965,0.0420956
0.012566,0.00892271,0.0053176,0.0318221,0.00897692,0.00508208
0.00905504,0.0058525,0.00397147,0.0140774,0.00331296,0.00127363
0.0227156,0.0114345,0.00757707,0.0328919,0.00892494,0.00849062
0.0302733,0.0165194,0.00825937,0.0424846,0.0100974,0.00911852
0.0264411,0.0166129,0.0148356,0.0869488,0.0227076,0.0196513
0.0114537,0.00779493,0.00346882,0.0230541,0.00573503,0.00530388
0.00425096,0.00313632,0.00260823,0.0165925,0.00388027,0.00109456
0.0224379,0.0151151,0.00955624,0.0334148,0.00704302,0.00390201
0.00422441,0.00323845,0.00430524,0.0139259,0.00355739,0.0032324
0.0039822,0.0030598,0.00255275,0.0119689,0.00354339,0.00380171
0.0108262,0.00788428,0.0045528,0.0319633,0.00708286,0.00957102
0.044391,0.0276942,0.0118969,0.0869538,0.0212532,0.0165217
0.0244987,0.0160975,0.00848328,0.0341071,0.00930877,0.0171252
0.0205474,0.0138988,0.005815,0.0179347,0.00467899,0.0110963
0.00850743,0.00593571,0.0028483,0.0177725,0.00449294,0.00880244
0.0188077,0.013395,0.00778779,0.0382889,0.0103582,0.0137829
0.00875152,0.00624853,0.00509225,0.0411313,0.0102548,0.00983379
0.00996293,0.0067262,0.00427888,0.0203896,0.0043972,0.0102747
0.0198155,0.0128725,0.00641621,0.0321581,0.00796317,0.0146246
0.0154928,0.0107383,0.00530099,0.0173804,0.00510677,0.00581723
0.0274858,0.0177555,0.0160959,0.0637831,0.0166957,0.0202111
0.0104562,0.00712759,0.00444778,0.0184326,0.00487843,0.00388474
0.0332916,0.0211984,0.00839788,0.0495792,0.0121721,0.010231
0.0133701,0.00898882,0.00522063,0.0267888,0.0084275,0.0060903
0.0150186,0.009973,0.00503653,0.0205953,0.00446159,0.0113982
0.0272129,0.0147699,0.0235876,0.119263,0.0340518,0.0452848
0.0401724,0.0247383,0.0249338,0.0864493,0.0239398,0.0503798
0.0132156,0.00882415,0.00438463,0.0200817,0.00531429,0.0030549
0.0446716,0.0278471,0.0115914,0.0684069,0.0180615,0.0227043
0.00614492,0.00451202,0.00384258,0.00396289,0.000425091,0.0104946
0.0228309,0.015183,0.00837332,0.0338556,0.008137,0.00948569
0.0164282,0.0110264,0.00687225,0.0369067,0.00982714,0.00992093
0.0250726,0.015775,0.0185115,0.0632279,0.0167579,0.0308258
0.0295391,0.0190499,0.0141799,0.0575303,0.015762,0.00742103
0.0170855,0.011296,0.00589476,0.0380319,0.00905081,0.0268913
0.0316314,0.0193588,0.0250824,0.133511,0.0343916,0.0488161
0.0093664,0.00655086,0.00418072,0.0178031,0.00488071,0.00490678
0.0123587,0.00858192,0.00305006,0.0228533,0.00577426,0.00517317
0.0118196,0.00798378,0.00769035,0.0512804,0.0135865,0.00735134
0.0119204,0.00783226,0.0146103,0.0662846,0.0179865,0.0160252
0.025959,0.0169611,0.00766519,0.0502541,0.013696,0.00996117
0.00718007,0.00502028,0.00435658,0.0298677,0.00756483,0.00903802
0.014019,0.00996492,0.00394959,0.00898193,0.00259081,0.00708252
0.0223695,0.014686,0.00679029,0.0502708,0.0125972,0.0107341
0.0178999,0.0117815,0.0141243,0.0688372,0.0168308,0.0130343
0.00585127,0.00405808,0.00291588,0.0146594,0.00190064,0.00476265
0.00993113,0.00696774,0.00342381,0.0157666,0.00360839,0.00103769
0.0221026,0.0142306,0.00743953,0.0548073,0.0129581,0.0105172
0.0229107,0.0155935,0.00643325,0.0283192,0.00784633,0.0112523
0.00906859,0.00613743,0.00843237,0.0695999,0.0166341,0.0082406
0.0199489,0.0127514,0.0231721,0.0952448,0.0227896,0.018758
0.00787101,0.00558404,0.00322497,0.0140471,0.00426733,0.00203952
0.0301124,0.0188182,0.01677,0.0834246,0.0204306,0.0465553
0.00762496,0.00538333,0.00473699,0.0162857,0.00336943,0.00538432
0.0145348,0.00991184,0.00759945,0.0303253,0.00657528,0.00300201
0.0263519,0.017815,0.00839077,0.0318884,0.0106434,0.0101581
0.0214296,0.0140079,0.0071275,0.0310983,0.00852737,0.00563573
0.0156457,0.0105609,0.00554432,0.0191105,0.00446617,0.00478727
0.00981851,0.00681391,0.00362823,0.00292127,0.000179909,0.00409224
0.0171996,0.011664,0.0066849,0.0231194,0.00649543,0.006167
0.0130241,0.00880016,0.00315733,0.0311833,0.00769878,0.00659067
0.0051919,0.00392587,0.00222314,0.0143292,0.00358678,0.00118997
0.00970508,0.00656566,0.00367603,0.0261196,0.00614053,0.00266914
0.0474988,0.0275217,0.0283364,0.118228,0.0308367,0.0414657
0.010188,0.00676665,0.00322357,0.0195732,0.00483659,0.00311122
0.0118068,0.00830833,0.00357375,0.0183179,0.00384134,0.00659621
0.00920005,0.00641167,0.00249339,0.015686,0.0032414,0.00489042
0.0371581,0.023351,0.0218009,0.120741,0.0285535,0.0442113
0.0360214,0.0235696,0.0117838,0.0453332,0.0121445,0.0242305
0.0338147,0.0217149,0.0117716,0.0807472,0.0193705,0.0145994
0.014946,0.00683145,0.00626179,0.0146345,0.00250084,0.00591769
0.00637838,0.00457136,0.00287076,0.0170896,0.00582578,0.00539772
0.0104317,0.00704821,0.00674139,0.020854,0.00450564,0.00466218
0.00693846,0.00456119,0.00313433,0.0258003,0.00855549,0.0152131
0.0284289,0.018798,0.018645,0.0407527,0.011277,0.011595
0.00828179,0.00556916,0.0031399,0.00292473,0.000469825,0.00240923
0.0114489,0.00765192,0.00325746,0.0218974,0.0053158,0.00522572
0.0177589,0.0120257,0.00636144,0.024481,0.00644928,0.00326213
0.0214286,0.0141109,0.00656555,0.0347196,0.00849724,0.00416436
0.01089,0.00772039,0.00210598,0.0369513,0.0100734,0.00320108
0.00480489,0.00344729,0.00258936,0.00483959,0.000660463,0.00275617
0.0495666,0.0302161,0.013896,0.0982716,0.0250309,0.0203377
0.0332746,0.0217167,0.0203446,0.0646749,0.0136418,0.014311
0.0103912,0.00685302,0.00415475,0.0222522,0.00667297,0.0104441
0.0195001,0.0129341,0.00552034,0.0252157,0.00574794,0.00303362
0.0199388,0.0114322,0.0165408,0.0577609,0.0167464,0.0158373
0.0135073,0.00900628,0.00377338,0.0250716,0.00649031,0.00473263
0.053504,0.0322095,0.01382,0.0632564,0.0165746,0.0302578
0.0133997,0.00923238,0.0081033,0.0329855,0.00900194,0.0150442
0.0202915,0.0128891,0.0143409,0.116029,0.0311325,0.0191832
0.0116885,0.0082771,0.0135032,0.0512919,0.0142964,0.00832774
0.0275927,0.0184593,0.0156843,0.0438528,0.0139291,0.0197647
0.0152022,0.00982476,0.0060592,0.0232804,0.00614179,0.0086548
0.013514,0.00892348,0.00503019,0.0342439,0.0078229,0.00764215
0.0077743,0.00533784,0.00282852,0.0186532,0.00451399,0.00388428
0.0263724,0.0170518,0.0137806,0.0850248,0.0217745,0.0265061
0.0207963,0.0137234,0.00885338,0.0543718,0.0131871,0.0135613
0.0102421,0.00703489,0.00370373,0.0230443,0.00531116,0.00326086
0.0201086,0.012807,0.0158655,0.0971254,0.0272052,0.0360275
0.0247706,0.0114179,0.0142439,0.0513034,0.0109177,0.0215959
0.0252148,0.0114394,0.0139906,0.0482639,0.0101832,0.0204553
0.0211516,0.0144378,0.00877115,0.0353842,0.00974085,0.0223966
0.0188439,0.0130217,0.00559737,0.0252744,0.0065618,0.00665128
0.00938681,0.0065452,0.0017374,0.0212833,0.00587662,0.0100545
0.00582069,0.00424347,0.00443213,0.017323,0.00394266,0.00120013
0.0289094,0.0188666,0.00884182,0.0437948,0.0113127,0.0117138
0.00874425,0.00567529,0.00362917,0.0408998,0.00891627,0.00402283
0.00857848,0.00557315,0.00445272,0.0212187,0.00450827,0.0048698
0.0149654,0.00956647,0.00694245,0.0231916,0.00547829,0.0220747
0.0152347,0.0102462,0.00545334,0.0219754,0.00562117,0.00416545
0.0138129,0.00949226,0.0047079,0.0213936,0.00629563,0.0158058
0.0356737,0.0215998,0.0213376,0.0948794,0.0239685,0.0472876
0.00906982,0.00583474,0.00422595,0.0182725,0.00564133,0.00628998
0.0146047,0.00985454,0.00458061,0.0374238,0.0102066,0.0217582
0.0095745,0.00687715,0.00389178,0.0191618,0.00452845,0.00564553
0.0114951,0.00791131,0.00287208,0.0198724,0.00478123,0.00271249
0.0112707,0.0071739,0.00386115,0.0236653,0.00457233,0.00416611
0.014206,0.00607916,0.00565288,0.0451022,0.0149363,0.0144551
0.021395,0.0121193,0.0100736,0.0576341,0.0153493,0.0156938
0.00967816,0.00652809,0.00356507,0.0243602,0.00649751,0.00389793
0.0121271,0.00796595,0.00373585,0.0190911,0.00713312,0.00873205
0.00586981,0.00421377,0.00294225,0.0214022,0.00458326,0.00289241
0.0232779,0.0126569,0.0075067,0.0471634,0.01076,0.0112468
0.0187928,0.0126752,0.0108477,0.0580522,0.0156253,0.0112145
0.0189763,0.0123064,0.013055,0.0567126,0.0142382,0.0178658
0.0175108,0.0115698,0.0145051,0.0757873,0.0221038,0.0431163
0.0126134,0.00853244,0.00287959,0.0310066,0.00604278,0.00637753
0.00763829,0.00500682,0.00156399,0.0212584,0.0037327,0.0128772
0.0234865,0.0151291,0.012475,0.0658296,0.0158952,0.0131098
0.0338348,0.0154168,0.0188649,0.100878,0.0289058,0.0296452
0.0390958,0.0158738,0.0184333,0.0848738,0.0208397,0.026032
0.00518814,0.00366839,0.00145113,0.0237628,0.00643226,0.00380962
0.0620437,0.029885,0.0224656,0.0659651,0.0187294,0.0270371
0.0178258,0.0114629,0.00799487,0.0302285,0.00629567,0.00274819
0.0100123,0.00667814,0.00159752,0.0204649,0.00542313,0.00577129
0.042894,0.0263646,0.0217503,0.129956,0.0327626,0.0594757
0.0182659,0.0119262,0.00467818,0.048854,0.0108848,0.00554604
0.0307318,0.0190645,0.0288856,0.111273,0.0301167,0.0595955
0.0216563,0.0148006,0.017078,0.0679245,0.017615,0.0381467
0.0116277,0.00569934,0.00695832,0.0258332,0.0053828,0.00944705
0.0158475,0.00728379,0.00910064,0.0225093,0.00414207,0.0094062
0.0155294,0.00731236,0.00923281,0.019375,0.00373085,0.00851951
0.0214034,0.0141556,0.0080396,0.0345342,0.00851707,0.00921486
0.0159421,0.0107658,0.00436276,0.0253912,0.00668972,0.0122124
0.0116735,0.00828615,0.0059514,0.0456807,0.0131294,0.0183818
0.0290379,0.0181183,0.0218644,0.093906,0.0260928,0.0278271
0.0193445,0.0133825,0.0102743,0.0740164,0.0192014,0.00805047
0.0112958,0.00786265,0.00370233,0.0174658,0.00552299,0.00467488
0.0337298,0.02005,0.0109105,0.0602937,0.0183468,0.0139208
0.0488972,0.0279538,0.0136927,0.0788936,0.0189947,0.0139656
0.012921,0.00895136,0.0158262,0.0538776,0.0131507,0.0313574
0.0136721,0.00898883,0.0045631,0.0305373,0.00504717,0.00984465
0.0268507,0.0172254,0.0140464,0.0498069,0.013786,0.0251152
0.0103241,0.00729154,0.00318094,0.0237162,0.0048432,0.00561675
0.0179741,0.0115385,0.00635415,0.0408748,0.0101493,0.00496737
0.0141387,0.00957279,0.00357173,0.0468421,0.0112903,0.0344231
0.0172163,0.0115355,0.00473903,0.0330297,0.0109878,0.0079271
0.012116,0.00816195,0.00389049,0.0233544,0.00608876,0.0107777
0.00823369,0.00582415,0.0022686,0.0191841,0.00495178,0.00441735
0.0178144,0.0118841,0.00593361,0.0366714,0.00886877,0.0187341
0.0131037,0.00911005,0.00338301,0.0134175,0.00393602,0.00639197
0.0110616,0.00749715,0.00391242,0.0199714,0.0052393,0.00520677
0.0125346,0.00838259,0.00501968,0.0180455,0.00508311,0.0113582
0.0236054,0.0152112,0.00595257,0.0309896,0.00749224,0.00963895
0.0402567,0.0165504,0.0131952,0.0520699,0.0141257,0.0202383
0.0316515,0.020677,0.0178949,0.0776099,0.0204024,0.019726
0.0554104,0.0287972,0.0266198,0.0982113,0.0275165,0.0316524
0.0179318,0.0103257,0.0142711,0.0555724,0.0129019,0.0288778
0.0147417,0.00592234,0.00849278,0.0106423,0.00175456,0.013405
0.0399094,0.0255826,0.00997047,0.062338,0.0146181,0.0325543
0.011633,0.00769576,0.00323423,0.0175048,0.00502636,0.00321109
0.00995518,0.00687893,0.00338826,0.020416,0.00471108,0.00505346
0.0157951,0.0106288,0.00342631,0.031301,0.00729892,0.00215252
0.0167672,0.0109695,0.00892651,0.0418165,0.0112731,0.0135361
0.0116025,0.00766612,0.00334947,0.0258756,0.00741945,0.00567974
0.00623161,0.00426495,0.00265976,0.0173341,0.00389498,0.00264623
0.00932214,0.00636606,0.00377549,0.0144711,0.00399016,0.0043089
0.016083,0.010749,0.0116916,0.0563384,0.0157287,0.0308743
0.0136107,0.00914196,0.00463928,0.024116,0.00400934,0.0189052
0.0229154,0.0151265,0.0111414,0.0460606,0.0115228,0.015924
0.0163207,0.0101163,0.00460256,0.0391615,0.0115903,0.0191133
0.0104206,0.00720875,0.00444754,0.0227266,0.00625127,0.00830465
0.0146442,0.0098117,0.015943,0.0549036,0.0159352,0.0233083
0.0290697,0.0188334,0.00886783,0.0424028,0.0101734,0.0134402
0.00626642,0.00444209,0.00242577,0.0161356,0.00446928,0.00671507
0.0398515,0.0253733,0.0252109,0.103118,0.0273947,0.0410197
0.012669,0.0088529,0.00470133,0.0154368,0.0042143,0.0038206
0.0109126,0.0071935,0.00609205,0.0498436,0.0108813,0.00726283
0.00451639,0.00334783,0.00290678,0.000174554,1.12538e-05,0.00921554
0.0338529,0.0209968,0.0348465,0.172856,0.0465395,0.0713936
0.0108309,0.00723579,0.00457843,0.018329,0.00531243,0.0044168
0.00706376,0.00466434,0.00361628,0.0121472,0.00399871,0.00276076
0.0126279,0.00880628,0.0038275,0.0240108,0.00653713,0.00652131
0.0499917,0.0264333,0.0267513,0.0908522,0.0223329,0.0120221
0.0258817,0.016975,0.0218563,0.0760504,0.0202535,0.024323
0.00736582,0.00518613,0.00309895,0.0112014,0.00116197,0.0015377
0.0206329,0.0125611,0.0256817,0.0910468,0.0228292,0.0144054
0.023307,0.0148348,0.00884687,0.0312462,0.0090275,0.00531565
0.0205367,0.00986656,0.00630623,0.045165,0.0108904,0.012689
0.0288227,0.0159984,0.00883628,0.0473487,0.00954901,0.00784674
0.021351,0.0148195,0.0116471,0.0316802,0.00898826,0.00998991
0.0103959,0.00731019,0.00263182,0.0236454,0.00733166,0.0103994
0.00589915,0.00419334,0.00135384,0.0162783,0.00395666,0.00538973
0.00968348,0.00664754,0.00318696,0.021957,0.00581493,0.00748029
0.00973809,0.00685994,0.00632003,0.0316222,0.0080846,0.00685463
0.0300781,0.0173384,0.0148749,0.0352235,0.010422,0.0193124
0.0116293,0.00782827,0.00422532,0.0265938,0.00520784,0.00966056
0.0196926,0.0132949,0.0135201,0.0257487,0.00671243,0.00813493
0.015471,0.0111106,0.00802585,0.0548817,0.015144,0.0163682
0.0334642,0.020972,0.0156549,0.0647338,0.0155273,0.0123112
0.0142388,0.00920939,0.00637729,0.0401709,0.0108146,0.015801
0.0124103,0.00843584,0.00448956,0.0189277,0.0034315,0.00510656
0.035118,0.0225126,0.0270359,0.0528816,0.0127795,0.0256364
0.0254326,0.0167017,0.0112378,0.0363328,0.0105382,0.0141995
0.0116344,0.0079425,0.00313947,0.0202345,0.006487,0.0026106
0.0338295,0.0188167,0.0125167,0.049115,0.0128572,0.0244716
0.0145898,0.00653386,0.00487237,0.0268389,0.00701052,0.00622057
0.0177239,0.00778305,0.00569287,0.0220621,0.00487793,0.00689499
0.00964914,0.00653128,0.0113068,0.0336595,0.00808888,0.0043052
0.0281587,0.0184961,0.01085,0.0376238,0.00903861,0.0149894
0.00732734,0.00485302,0.00334933,0.015676,0.00374316,0.0100044
0.0175441,0.0119436,0.00780697,0.0486307,0.0115884,0.0148259
0.0296959,0.0179109,0.0144753,0.114036,0.0289472,0.0236704
0.0096309,0.00679344,0.0032242,0.0160719,0.00459503,0.0053681
0.0150881,0.0100837,0.00527961,0.0296972,0.00722982,0.00709513
0.00997971,0.00671858,0.00464636,0.0204021,0.00394624,0.00370498
0.0127111,0.00873521,0.00414199,0.0216976,0.0048722,0.00978846
0.026005,0.0168984,0.00783233,0.0387188,0.0106216,0.00964138
0.0252783,0.0168954,0.00753246,0.0292988,0.00378511,0.0138568
0.0342389,0.0224584,0.0107786,0.0455589,0.0108236,0.0117749
0.0126511,0.00580849,0.00568978,0.0252568,0.00843219,0.00559196
0.0147755,0.00689654,0.00657164,0.019126,0.00636108,0.00493088
0.00534196,0.00369039,0.00219425,0.000895743,-0.000607671,0.0110899
0.0364112,0.0234655,0.0121985,0.0531986,0.0138134,0.0102439
0.0237629,0.014836,0.00769904,0.0375625,0.0089432,0.00709096
0.0177258,0.0121347,0.00550257,0.0170777,0.00404974,0.00845592
0.00857826,0.00581302,0.0139413,0.0775346,0.0193939,0.0219008
0.0249779,0.0164557,0.00616533,0.0370039,0.00985392,0.0164076
0.0102665,0.00685646,0.00737723,0.053151,0.0125039,0.0152669
0.0188371,0.0128605,0.00555538,0.0220937,0.00522437,0.00552047
0.0297178,0.018499,0.0134427,0.0614984,0.0165438,0.0363309
0.0284142,0.0186913,0.0103316,0.0500407,0.0135603,0.031563
0.0112756,0.00757516,0.0136995,0.0613874,0.0142655,0.0181429
0.0384064,0.0245369,0.0155354,0.079846,0.0213722,0.0246281
0.042122,0.0182009,0.0168356,0.0448478,0.0126448,0.0265805
0.0159195,0.0100539,0.010649,0.0620989,0.0166865,0.0265916
0.0145395,0.00930845,0.00489265,0.0232951,0.00563841,0.00705047
0.00883288,0.00583377,0.0028425,0.0216167,0.00499173,0.00995033
0.0079823,0.00568906,0.00381475,0.018206,0.00567324,0.00287828
0.0355102,0.0229449,0.0156932,0.0642181,0.0138562,0.0120009
0.0381412,0.0245101,0.0119003,0.0320163,0.00904354,0.0101848
0.0245481,0.016213,0.00966479,0.0608673,0.013552,0.0158753
0.0256368,0.0163128,0.00777682,0.0335389,0.00770452,0.00472015
0.010858,0.00734773,0.00670229,0.0060544,0.000838744,0.00529598
0.023174,0.015476,0.00801664,0.0263063,0.00776394,0.00754706
0.0050295,0.00302311,0.00103808,0.00749618,0.00306308,0.0045914
0.00884054,0.00578589,0.00330271,0.0189286,0.00506462,0.00710444
0.0137401,0.00908871,0.00461922,0.0222706,0.00590656,0.00578861
0.0139871,0.00909011,0.00366664,0.0312675,0.00685196,0.00348421
0.00747592,0.0052265,0.00546289,0.0376758,0.0110262,0.0285606
0.0475555,0.027446,0.0345144,0.170698,0.0470472,0.0685809
0.0118441,0.00781722,0.00807053,0.0391895,0.00883128,0.00785012
0.0422052,0.0258281,0.0235091,0.105129,0.0277697,0.076613
0.0192224,0.0132559,0.00691985,0.0262234,0.00776787,0.0178132
0.0232779,0.015104,0.0286263,0.165265,0.0388724,0.0756977
0.0235637,0.0156762,0.00703632,0.0379871,0.00899597,0.0158897
0.0197855,0.0130032,0.0126182,0.0554042,0.0149368,0.00919725
0.00920549,0.0063093,0.00251662,0.0160056,0.00552669,0.00283328
0.01749,0.0122271,0.00924881,0.0491601,0.0111546,0.0177122
0.00716567,0.00503828,0.0029614,0.0206858,0.00392213,0.0047332
0.0263248,0.0172346,0.00845189,0.0479011,0.00930083,0.0250965
0.0213454,0.0143101,0.0066622,0.0483752,0.0146688,0.0069295
0.0327403,0.0206589,0.00908478,0.0765966,0.0219614,0.0199614
0.0215414,0.0150142,0.00843879,0.0332078,0.0070643,0.0204245
0.00581155,0.00427656,0.00262239,0.0108654,0.00331926,0.000957597
0.0164592,0.0105008,0.0117805,0.0421677,0.010349,0.0156354
0.00541684,0.00352746,0.00272017,0.0190301,0.004677,0.0029126
0.0346978,0.0221421,0.0138026,0.076898,0.0176091,0.0251271
0.00691724,0.00506484,0.0024965,0.0200409,0.0069793,0.00953456
0.0143965,0.00969621,0.00707226,0.0346469,0.00733586,0.0101084
0.00805754,0.00549583,0.00365168,0.0236732,0.00483682,0.00404594
0.0330082,0.0126116,0.0160065,0.0773894,0.0189105,0.0348819
0.0347809,0.0124959,0.016792,0.0721023,0.0156892,0.035045
0.0180171,0.0119252,0.00644632,0.0278129,0.00662702,0.00238404
0.0184652,0.0121593,0.00371262,0.040012,0.00858403,0.0072962
0.0250163,0.016434,0.0192418,0.110337,0.026072,0.0143309
0.0291621,0.0184025,0.0098387,0.0448081,0.0120731,0.0138962
0.00544305,0.00378363,0.00120023,0.0117207,0.00253804,0.00288741
0.0424781,0.0262911,0.0168639,0.0788512,0.0202306,0.0599377
0.0250677,0.0167522,0.0213463,0.0776584,0.0235691,0.0177027
0.0116405,0.00809373,0.00742873,0.0388782,0.00997885,0.00968077
0.039313,0.0260876,0.0122985,0.0861903,0.0237657,0.01276
0.0492096,0.0272524,0.0141299,0.0843723,0.0216222,0.0129803
0.0324539,0.0213139,0.0127615,0.0450248,0.0108063,0.00899268
0.0228471,0.0156412,0.00710291,0.0259766,0.00643015,0.0044751
0.0249849,0.0160684,0.020963,0.109903,0.0258496,0.0384269
0.0233877,0.016325,0.00576143,0.0327427,0.00619019,0.00800296
0.0182836,0.012414,0.00581681,0.0203831,0.00596617,0.00822182
0.0154332,0.0101912,0.00750787,0.0336131,0.00733274,0.00370913
0.00890482,0.00615251,0.0019947,0.00779152,0.00145444,0.00345362
0.0097571,0.00688031,0.00439205,0.0199533,0.00472333,0.00276038
0.0371563,0.0246011,0.0157614,0.0649424,0.0147627,0.00766064
0.0218245,0.0143795,0.0132719,0.0503741,0.0119992,0.0163942
0.00457077,0.00333127,0.00181695,0.018238,0.00537971,0.00132465
0.020364,0.013575,0.00811172,0.0276568,0.00743618,0.00749542
0.00762286,0.00506327,0.00197519,0.0106888,0.00210727,0.00940032
0.0153333,0.0101983,0.00400842,0.026941,0.00667489,0.00617438
0.0149539,0.0101485,0.00933599,0.0609143,0.0144876,0.0162572
0.0133615,0.00887915,0.00446399,0.0254121,0.00578607,0.00661182
0.0229392,0.0149576,0.00792903,0.0686769,0.018169,0.0295276
0.0217046,0.014591,0.0103162,0.045315,0.0133258,0.0122165
0.0105481,0.00732949,0.00633649,0.0143205,0.00559659,0.00742283
0.0158973,0.0109686,0.00636705,0.0283466,0.00729763,0.00697913
0.0151031,0.0104822,0.0120919,0.0637999,0.017381,0.0255489
0.0230647,0.015272,0.0106673,0.0274746,0.00843143,0.00903328
0.0174901,0.0118066,0.00590049,0.0422276,0.0102854,0.00819843
0.0276299,0.0185319,0.0120181,0.0517083,0.01321,0.0102059
0.0208332,0.0139149,0.00496736,0.0178173,0.00551907,0.00992175
0.0139238,0.00956399,0.00700006,0.0299614,0.00649904,0.00641245
0.0387,0.0226975,0.0133817,0.0571282,0.015232,0.0257682
0.0465371,0.0284286,0.0241281,0.133264,0.035285,0.0608174
0.0133126,0.00937113,0.00443643,0.0233339,0.00778736,0.00653321
0.00818237,0.00566453,0.00212761,0.0139993,0.00567151,0.00348607
0.0103853,0.00680346,0.00251378,0.0129081,0.00429606,0.00533008
0.00448362,0.00341496,0.00356297,0.0140905,0.00434112,0.00132293
0.00874174,0.00604803,0.00183853,0.023826,0.00586975,0.00473915
0.0128603,0.00851089,0.0118385,0.0689915,0.0204487,0.0165263
0.0229811,0.0143605,0.0313194,0.0807913,0.0198502,0.0381228
0.00901727,0.00613429,0.00618387,0.0488677,0.0136119,0.0174563
0.00940044,0.00660875,0.00345116,0.0143549,0.00220662,0.0108599
0.00902218,0.00620164,0.00865646,0.0385551,0.010517,0.0121136
0.0277691,0.0173162,0.00903008,0.042767,0.00963961,0.0377913
0.00815551,0.00566844,0.00232978,0.0116688,0.00404331,0.0033339
0.0105579,0.00697648,0.00442106,0.0168726,0.00225779,0.00264033
0.0154207,0.00988747,0.00560278,0.0322622,0.00828905,0.00809333
0.0314018,0.0183571,0.0110848,0.052528,0.0142319,0.00760298
0.0227775,0.0152844,0.0167406,0.0655543,0.0171174,0.0223802
0.0140112,0.00907897,0.0130449,0.0628884,0.015126,0.0270053
0.0210188,0.0140006,0.00601966,0.0200069,0.00543015,0.00682515
0.0183691,0.00785773,0.00826015,0.030448,0.00854231,0.0172014
0.0215616,0.0101255,0.00980678,0.0278047,0.00743148,0.0108989
0.0162311,0.010907,0.0079626,0.0207526,0.00689466,0.0100314
0.0118226,0.00824156,0.00327528,0.0208515,0.00488844,0.00500604
0.0151481,0.00999388,0.0117224,0.060856,0.0174502,0.0308636
0.025751,0.0160109,0.0220948,0.116781,0.0304129,0.0572584
0.0215091,0.0133662,0.00628619,0.0427685,0.00876128,0.0238333
0.0203427,0.0135457,0.00482505,0.0354522,0.00930373,0.0206152
0.0219427,0.0146647,0.00687327,0.0312038,0.00980627,0.00782975
0.00592503,0.00386983,0.00278051,0.0118044,0.00359413,0.00336985
0.0155295,0.0103926,0.00830709,0.00838196,0.0012867,0.0107563
0.0245936,0.0160364,0.010361,0.0633256,0.018914,0.00851828
0.0206588,0.0142814,0.00821837,0.0256889,0.00600964,0.00454029
0.00972707,0.0064883,0.00425907,0.0222857,0.00403466,0.00401592
0.00710848,0.00496374,0.00710014,0.0332595,0.00787852,0.0126674
0.0225652,0.0153488,0.0201839,0.0775445,0.0197789,0.0282036
0.0082725,0.00582513,0.00192983,0.0164308,0.0048684,0.00546368
0.0048967,0.00345739,0.00240619,0.0168785,0.00356316,0.00193741
0.0301377,0.019536,0.00840419,0.0601178,0.0154038,0.0334016
0.035262,0.0217057,0.0145369,0.105865,0.0302623,0.0365418
0.0186926,0.0127029,0.00535244,0.0248332,0.00477377,0.00592665
0.0137039,0.00919702,0.00281274,0.0302925,0.0100023,0.00646343
0.0274248,0.0162136,0.0160169,0.104267,0.027386,0.0111959
0.017779,0.0124029,0.00525917,0.0202962,0.00531732,0.00770194
0.0164986,0.0110856,0.0108166,0.0382122,0.00912873,0.0137659
0.0476032,0.0292534,0.0107741,0.0832908,0.0191485,0.0225454
0.00609403,0.00419224,0.0026591,0.0127878,0.00280135,0.00270018
0.00968809,0.00686711,0.00291753,0.0180765,0.00539742,0.00272583
0.0318149,0.0201567,0.00941139,0.0302093,0.00787514,0.0148039
0.0175627,0.0117565,0.00551103,0.0238381,0.00407328,0.00345984
0.0143424,0.00965858,0.00364981,0.0614539,0.0188339,0.0271678
0.00667677,0.00455544,0.00158847,0.0191819,0.0055845,0.000597871
0.0145271,0.0099871,0.00330229,0.0269338,0.00789363,0.0146749
0.0140337,0.0101071,0.00636315,0.0227822,0.00441247,0.0099028
0.0185316,0.0124936,0.00677385,0.0413325,0.0098536,0.00514285
0.0147533,0.0102051,0.00535085,0.0233267,0.00491606,0.00529549
0.017139,0.00793623,0.00944233,0.0873086,0.0270409,0.0287288
0.0222326,0.0128486,0.0178639,0.117776,0.0298505,0.0468943
0.0474704,0.0274317,0.0172431,0.0759033,0.0198701,0.0233969
0.0315752,0.0195936,0.0233374,0.116131,0.0288992,0.0532021
0.0310682,0.0196899,0.0118108,0.0449631,0.0109111,0.0218415
0.00965364,0.00680323,0.00681203,0.0399189,0.0101838,0.00857398
0.0235978,0.0152989,0.0080015,0.0341987,0.00881385,0.00418167
0.0133484,0.00868019,0.00392243,0.0240202,0.00783101,0.018555
0.0197345,0.0131602,0.00632,0.0380255,0.00985221,0.010784
0.024761,0.0161854,0.0139457,0.0699444,0.019195,0.0524546
0.0152125,0.0103801,0.00372991,0.0208946,0.00474912,0.0102096
0.0121672,0.00864092,0.0094416,0.0397006,0.010411,0.00829816
0.0154579,0.00754482,0.00994498,0.0484377,0.01229,0.00718396
0.00837049,0.00551511,0.00358717,0.0143053,0.0041608,0.0151161
0.00805213,0.00553195,0.0044092,0.0391068,0.00944466,0.00757621
0.0369685,0.0232278,0.0104825,0.0561136,0.0142109,0.0169303
0.0127348,0.00655598,0.00365666,0.0156061,0.00350306,0.00547391
0.00947701,0.00634883,0.00217979,0.0198184,0.00487775,0.00241946
0.0151454,0.0071432,0.0161044,0.0474545,0.0121972,0.0084657
0.0220071,0.00728167,0.0184953,0.0621034,0.0151023,0.0171909
0.0167238,0.00717142,0.0079566,0.0368941,0.00945102,0.0138248
0.0236646,0.0158883,0.0100546,0.048022,0.0105348,0.00515323
0.0294355,0.0170252,0.0259385,0.113873,0.0294367,0.0329541
0.021284,0.014136,0.00555903,0.0274824,0.00734359,0.0142691
0.0159786,0.0111686,0.00626017,0.022085,0.00530543,0.0152798
0.0353941,0.0232514,0.0267057,0.11137,0.0277677,0.013712
0.0334977,0.0208871,0.014242,0.0748817,0.0194876,0.0314537
0.0281995,0.0184101,0.0231655,0.106964,0.0287325,0.0453765
0.0153527,0.0105358,0.00665683,0.0231718,0.0062092,0.0021696
0.00472546,0.00350994,0.00204812,0.016513,0.00401158,0.00254092
0.0234907,0.015235,0.00732649,0.0419241,0.00989909,0.00780882
0.0217016,0.0141218,0.0179257,0.0736814,0.0190654,0.00926128
0.0150353,0.0100424,0.00742359,0.0392681,0.00971075,0.0102882
0.0382746,0.0238528,0.0159221,0.0872836,0.0221323,0.0199961
0.0112252,0.00740907,0.00307556,0.0595489,0.0132633,0.00348208
0.0083515,0.00602721,0.00334323,0.0182709,0.00655979,0.0023021
0.00667466,0.00467971,0.00247073,0.00904864,0.00321297,0.00523526
0.0155249,0.0107616,0.00412013,0.0323121,0.0089397,0.0184162
0.00500277,0.0037031,0.00252686,0.0154177,0.00271474,0.00197256
0.00805733,0.00564789,0.00282619,0.0296749,0.00741481,0.00786872
0.0234235,0.0154642,0.00696968,0.0355087,0.00907023,0.0205533
0.00886656,0.00599763,0.00388386,0.0122471,0.00407338,0.0044119
0.023265,0.0152224,0.0116398,0.052083,0.0127865,0.0438464
0.00711251,0.00537572,0.00169325,0.00897196,0.00326049,0.00126174
0.0057172,0.00392423,0.00291638,0.00960888,0.00248808,0.00798928
0.0213566,0.0142257,0.00763203,0.0472824,0.0126903,0.00350547
0.0238772,0.0165859,0.0157981,0.0515208,0.0149462,0.0129111
0.0297771,0.0194736,0.0171983,0.0717561,0.0194884,0.0462056
0.0136708,0.00943731,0.0044468,0.0417716,0.00882615,0.00309459
0.00748454,0.00514634,0.00414424,0.0214602,0.00734702,0.00388972
0.0151645,0.0106565,0.00660938,0.0238146,0.00618548,0.0224325
0.0471876,0.0227717,0.0155999,0.0793952,0.0216142,0.0491256
0.0442566,0.022897,0.0148489,0.0681358,0.0168831,0.0417243
0.00662093,0.0045684,0.00135513,0.0154719,0.00346982,0.00651987
0.0169694,0.0114928,0.00425516,0.0210334,0.00659948,0.0148197
0.00910698,0.00615788,0.00722124,0.0491805,0.0146378,0.0140504
0.0232681,0.01512,0.0187686,0.0691869,0.0179098,0.0274858
0.0063355,0.00472608,0.00163293,0.0154778,0.0049269,0.00123695
0.0155453,0.0105131,0.00485455,0.0267944,0.00725857,0.0132921
0.0136231,0.00905508,0.00423201,0.0236722,0.0050806,0.00281332
0.0248444,0.0160629,0.00827738,0.0338992,0.00983859,0.00675016
0.0262749,0.0174551,0.00643543,0.0234814,0.00681121,0.00707598
0.00494104,0.00338902,0.00228588,0.0118016,0.00378173,0.00172093
0.00854176,0.0058193,0.00447559,0.0184329,0.00510967,0.0035632
0.0123936,0.00798901,0.00564627,0.0172321,0.00416149,0.00971722
0.0169566,0.0114752,0.00593642,0.0217312,0.00428987,0.00854806
0.00495534,0.00308948,0.0033695,0.0128013,0.0034961,0.00196477
0.0181319,0.012002,0.00953313,0.0582242,0.0141099,0.0103918
0.0082005,0.00576858,0.00208495,0.0191723,0.00461234,0.00880909
0.0143284,0.00952611,0.0066793,0.0207331,0.00466791,0.00674774
0.0177778,0.0111252,0.00585181,0.0254075,0.00864311,0.00439454
0.00770999,0.00553315,0.00297648,0.0124033,0.00289836,0.00344419
0.0138495,0.0092135,0.00423262,0.0144651,0.00390813,0.00355498
0.00921303,0.00645509,0.00323729,0.012314,0.00362349,0.00694182
0.0112974,0.00755666,0.00395217,0.0172894,0.00364246,0.00308017
0.00578513,0.0040745,0.00309485,0.0172407,0.00218274,0.00187109
0.012115,0.00806102,0.00398578,0.0239088,0.00668927,0.00285073
0.0145317,0.00990396,0.00556747,0.0193239,0.00451518,0.0107672
0.00632987,0.00434402,0.00138067,0.0177916,0.00466888,0.0037818
0.0106597,0.00739039,0.00279036,0.0220684,0.00759575,0.00657617
0.0103866,0.00725905,0.00328815,0.00489316,0.00255844,0.00486387
0.0421398,0.022762,0.0319527,0.0507801,0.0147531,0.0590589
0.00813812,0.00551035,0.0054066,0.0362,0.00815719,0.00483079
0.018848,0.0131472,0.00682291,0.0352074,0.00918602,0.011356
0.00592738,0.00409943,0.00203277,0.0192778,0.00356076,0.00402033
0.0100489,0.00703434,0.00437456,0.0138299,0.00464147,0.00646813
0.0526542,0.0296364,0.034002,0.145124,0.0393202,0.0404987
0.00863065,0.00574254,0.00383598,0.0149607,0.00416316,0.0097931
0.014252,0.0100657,0.00403636,0.0229223,0.00656676,0.0108188
0.022259,0.0143198,0.0108775,0.0274815,0.00790094,0.0141927
0.00877136,0.00513166,0.0196938,0.00245003,0.00147085,0.00291
0.029131,0.019532,0.00788257,0.0403274,0.00876791,0.00944474
0.00546074,0.00378948,0.00342031,0.0148162,0.00400148,0.00278103
0.0104185,0.00727489,0.00351508,0.0142853,0.00287994,0.00768081
0.0267963,0.014009,0.0227127,0.0817013,0.0210169,0.0202693
0.0111098,0.00727659,0.0113034,0.027936,0.00830717,0.00771742
0.0125905,0.0085135,0.00401916,0.0207001,0.00538603,0.0114625
0.0188822,0.012709,0.00621028,0.0404966,0.008948,0.0144781
0.00795402,0.00563852,0.00203375,0.0195888,0.00415824,0.0122498
0.016341,0.0110994,0.00710536,0.0280987,0.0069149,0.0223811
0.0241927,0.0159388,0.00858011,0.0323639,0.00889817,0.00964434
0.00711081,0.00512011,0.00238217,0.0127891,0.00355255,0.00240628
0.0103443,0.00707186,0.00393556,0.0172424,0.00443402,0.0139166
0.0115202,0.00774125,0.00340608,0.0152764,0.00509653,0.00328704
0.0198229,0.0106246,0.00726812,0.0412156,0.0097137,0.0163866
0.028864,0.0189185,0.00815563,0.0352702,0.00950375,0.0119606
0.0294296,0.0188124,0.00780078,0.0462902,0.0113043,0.0376732
0.00759148,0.00488966,0.00170411,0.0214399,0.00475479,0.00231953
0.0439359,0.0266318,0.0177591,0.144025,0.0337347,0.0195444
0.00896094,0.00586871,0.0107805,0.0428429,0.0101051,0.0233915
0.00831739,0.00538376,0.00254824,0.0143309,0.00284713,0.00940498
0.00632258,0.00411863,0.00328113,0.0144244,0.00336585,0.00396384
0.0151138,0.00973818,0.00437675,0.0383264,0.00931591,0.0153827
0.00756402,0.00493585,0.00257827,0.0226549,0.00533054,0.00801815
0.0348605,0.0159901,0.023697,0.131653,0.0388736,0.0515443
0.0361633,0.0159553,0.0240196,0.127088,0.0341154,0.0477766
0.039148,0.0157552,0.0151961,0.0538591,0.0156476,0.0196451
0.0371625,0.024469,0.0114373,0.0425915,0.0122675,0.00683625
0.0154972,0.0105246,0.00679374,0.0368616,0.00958159,0.00902928
0.0196682,0.0130617,0.00563888,0.0331281,0.00892825,0.00937726
0.00978455,0.00679947,0.00412268,0.0156242,0.00300016,0.00472201
0.00654404,0.0046302,0.0019369,0.0126304,0.00317887,0.00135549
0.0226866,0.0145731,0.00871457,0.0253489,0.00547949,0.0125813
0.0238652,0.0160717,0.00893351,0.0591217,0.0152738,0.0118127
0.0179932,0.0119615,0.00469907,0.0213261,0.00376316,0.00621896
0.0172258,0.0112013,0.00425834,0.0221531,0.00562484,0.00678839
0.0108859,0.00756424,0.00457344,0.018173,0.00483319,0.00307751
0.0161288,0.0107526,0.0058809,0.0230476,0.00621657,0.0079419
0.026146,0.0170189,0.0110244,0.0503669,0.0126158,0.0141738
0.0121883,0.00802833,0.00397546,0.020444,0.0047561,0.0116527
0.00813197,0.00550134,0.00312057,0.0294015,0.00695545,0.00481758
0.0214203,0.0141256,0.00743154,0.0280163,0.00534624,0.00434506
0.0179825,0.0117594,0.00517543,0.0309437,0.00682401,0.00429643
0.0119226,0.00778987,0.0133618,0.0605951,0.014046,0.0080391
0.0263477,0.0176685,0.0185525,0.0423865,0.0118486,0.0185564
0.016611,0.0105818,0.00484731,0.0288569,0.00638739,0.00573085
0.00696561,0.00465968,0.00469354,0.0298757,0.00818316,0.0117633
0.00433094,0.00345609,0.00387712,0.0136274,0.00328029,0.00332056
0.00936622,0.00609896,0.00327512,0.0234217,0.0042356,0.00525304
0.00505395,0.00332984,0.00309129,0.0171001,0.00437704,0.00121897
0.020613,0.0137679,0.0144926,0.0537286,0.0139228,0.0116632
0.03288,0.0205719,0.023332,0.173281,0.0433219,0.0366088
0.0159157,0.0107895,0.00464104,0.0173283,0.00569569,0.009258
0.0161797,0.0106004,0.00972776,0.0626632,0.0124786,0.021418
0.00987274,0.00578169,0.00413872,0.0215076,0.00418238,0.00319093
0.0117902,0.00790913,0.00336007,0.036272,0.00996477,0.019232
0.0106113,0.00747543,0.00380212,0.0213873,0.00655808,0.00439898
0.0305302,0.0190923,0.0185728,0.0849272,0.0213895,0.0189703
0.00743934,0.0052142,0.00322271,0.0251769,0.00669089,0.00464239
0.0167466,0.0114517,0.00447425,0.0259243,0.00791914,0.0071975
0.0254278,0.0161696,0.00625807,0.0372734,0.0109335,0.0264121
0.00678265,0.00505713,0.0126819,0.0381362,0.00817264,0.0146052
0.0374787,0.0243429,0.0203006,0.0756401,0.0200482,0.0449342
0.0165485,0.011043,0.00424397,0.0384615,0.00892286,0.00463789
0.0189698,0.012272,0.00670971,0.0312235,0.00753475,0.00781695
0.0245656,0.0162109,0.010764,0.081397,0.0215295,0.0275019
0.00987783,0.00643573,0.00279049,0.0301156,0.00726815,0.0203726
0.00466823,0.00317105,0.00808812,0.00743417,0.00136907,0.00480429
0.00504779,0.00344074,0.00250059,0.0112247,0.00307594,0.00409575
0.0199809,0.0130123,0.011634,0.0733066,0.0187203,0.056177
0.00515205,0.0034637,0.00317961,0.0216576,0.00642948,0.0113393
0.0174021,0.0122869,0.0155334,0.0458524,0.0141252,0.0192375
0.0089305,0.00588226,0.00280035,0.0152075,0.00338371,0.00769533
0.0253158,0.0162935,0.0148529,0.0740312,0.0185832,0.0339037
0.00596786,0.00408849,0.0032797,0.015059,0.0039865,0.0040272
0.0137699,0.00932648,0.00593084,0.0429051,0.0111534,0.00873789
0.0302989,0.0196429,0.0198844,0.0744032,0.0210905,0.0312006
0.0162975,0.0107134,0.00529407,0.0286781,0.0094911,0.0170185
0.008584,0.00559792,0.00339377,0.021299,0.00512284,0.00246268
0.0152106,0.0103405,0.00644105,0.0292012,0.0093095,0.00788678
0.00634342,0.00419667,0.00629228,0.0379944,0.0100705,0.00488004
0.0288075,0.018852,0.010249,0.0363987,0.00914268,0.0151005
0.0364123,0.0235913,0.0123862,0.0576233,0.013426,0.00920743
0.0325675,0.0168686,0.00953053,0.0545184,0.0112858,0.00645974
0.017866,0.0120848,0.00904549,0.0265024,0.00836819,0.0160255
0.0407035,0.0225122,0.0250418,0.1241,0.0324742,0.0377104
0.00971967,0.00653212,0.00466431,0.0218449,0.00652921,0.0138216
0.0131364,0.00850475,0.00545452,0.0233508,0.00602555,0.00591665
0.00465706,0.00313838,0.00193201,0.0149139,0.00382374,0.00325962
0.0219336,0.0142493,0.00961948,0.052474,0.0121402,0.012237
0.0287127,0.019015,0.00938651,0.0483446,0.0138226,0.0181211
0.017275,0.0116742,0.0126026,0.0484234,0.0124162,0.00885316
0.0245919,0.0154924,0.0192269,0.0930964,0.0278394,0.0357018
0.0141104,0.00948537,0.00538784,0.00900933,0.00293233,0.00433793
0.0158505,0.00961544,0.0159128,0.082231,0.0197702,0.0326327
0.00591964,0.00433217,0.00154813,0.00949059,0.00135855,-0.000143671
0.0168275,0.0113238,0.00381765,0.0170854,0.00585764,0.00581004
0.0132933,0.00856312,0.00501583,0.0203662,0.00513629,0.00374051
0.00630127,0.00391239,0.00167291,0.0357294,0.0096891,0.0165267
0.0144021,0.0099247,0.00581295,0.0224201,0.00744994,0.0118785
0.0080661,0.00537349,0.00302635,0.0148357,0.00448637,0.00548464
0.00593598,0.00428467,0.00183643,0.00861839,0.00242245,0.0027118
0.00934995,0.00644533,0.00349185,0.0167048,0.00539787,0.00799066
0.020075,0.0132351,0.00610952,0.0277418,0.00523792,0.00468908
0.00951379,0.00647298,0.00344511,0.0155008,0.00497875,0.0061562
0.0166316,0.0110181,0.00491786,0.0325876,0.00709122,0.013867
0.0133504,0.00890408,0.00524632,0.033778,0.00839369,0.0116171
0.0206373,0.0136017,0.00733159,0.0251341,0.0073548,0.0140978
0.0225774,0.0112935,0.00924673,0.0378111,0.0104262,0.00751108
0.00691898,0.00453352,0.00170393,0.0239157,0.00480232,0.009874
0.0399723,0.0197734,0.0141199,0.0830667,0.0205446,0.0351234
0.0318951,0.0190807,0.0117722,0.0469463,0.00959535,0.0203298
0.00508737,0.00311933,0.00385891,0.0154362,0.00443303,0.0013396
0.0450823,0.029537,0.0151781,0.0345471,0.00955763,0.0235714
0.0146608,0.00978588,0.00539501,0.00362607,0.00153692,0.00558999
0.0254579,0.0159758,0.01914,0.0877965,0.0218391,0.0231821
0.0126069,0.00854897,0.00346905,0.0183401,0.00525703,0.00269917
0.0150444,0.00957144,0.0158375,0.0721759,0.0176814,0.0313875
0.0115175,0.00735843,0.00375739,0.0229764,0.00632262,0.00898308
0.0207925,0.0137754,0.013295,0.0490172,0.0149206,0.0130438
0.00832324,0.0058167,0.00291726,0.0166763,0.00500866,0.00450541
0.0241438,0.0163617,0.00871299,0.030821,0.00712377,0.014788
0.0174481,0.0115165,0.0128426,0.0569405,0.0175739,0.0287081
0.0157546,0.0104128,0.00532201,0.0275577,0.00555154,0.00297846
0.0235128,0.0140907,0.0247605,0.104577,0.0251027,0.0270162
0.0149139,0.0104922,0.00769339,0.0318309,0.00824372,0.00635945
0.0185298,0.0127273,0.00519207,0.0184415,0.0062735,0.0103841
0.0312787,0.0155584,0.0107397,0.0780344,0.0192314,0.0145424
0.0289448,0.0114107,0.0103355,0.0558781,0.0125814,0.0120084
0.0194235,0.00847623,0.0074193,0.030459,0.006651,0.0147037
0.0221366,0.00955369,0.00791552,0.0299395,0.00625976,0.0136462
0.00482728,0.0031184,0.00136695,0.0152636,0.00351427,0.00405962
0.026261,0.0170803,0.00884485,0.0485689,0.0133877,0.0161281
0.0115078,0.00690396,0.00414182,0.0167078,0.00534066,0.0058869
0.0346672,0.0226376,0.00861313,0.0429694,0.010252,0.00930293
0.0104975,0.0058817,0.00349451,0.0221512,0.00713093,0.0105536
0.00721436,0.00420779,0.00526984,0.0228018,0.00648964,0.00456426
0.0370098,0.0235016,0.0370296,0.138662,0.0401879,0.0635614
0.0249742,0.0166199,0.0188072,0.0803079,0.0202681,0.0274614
0.0220583,0.0145368,0.00673588,0.0306936,0.00661051,0.00591749
0.0339003,0.0226157,0.0105196,0.0423354,0.0111772,0.0153978
0.013362,0.00903562,0.00902297,0.0739288,0.0179016,0.014193
0.041673,0.0262124,0.0126298,0.0648763,0.0162381,0.0161473
0.013519,0.00873636,0.00257711,0.0400477,0.0117481,0.0262338
0.00645141,0.00433949,0.00477502,0.0166581,0.00382453,0.00448588
0.0271635,0.0154467,0.0193641,0.0913761,0.0270598,0.0271146
0.0199418,0.0131208,0.00714563,0.0341332,0.00810844,0.00701575
0.00548371,0.00372281,0.00150855,0.0175334,0.00565632,0.00379454
0.00468158,0.00319455,0.00206342,0.0147559,0.00352516,0.00389298
0.0095378,0.00661716,0.00469851,0.0155156,0.00329784,0.0049068
0.011948,0.0080619,0.00445778,0.0194539,0.00473819,0.00267918
0.0300987,0.0198417,0.0106771,0.0484867,0.0139528,0.00973242
0.0172805,0.0110703,0.00678479,0.023918,0.00624357,0.00993691
0.0137607,0.00921821,0.00413922,0.0135892,0.00433021,0.00405928
0.0245924,0.0153111,0.010698,0.0501928,0.0125585,0.00674035
0.013339,0.00913958,0.00517097,0.0226923,0.00584169,0.00786709
0.0110297,0.00783827,0.00427222,0.0194622,0.00585221,0.00424909
0.03496,0.022639,0.0156327,0.055514,0.0133467,0.0104145
0.0117649,0.00759368,0.00711316,0.0134102,0.00359687,0.00578552
0.0139764,0.00485905,0.00505836,0.0152735,0.00358693,0.00493398
0.0243323,0.0136247,0.00628898,0.012747,0.00251528,0.00774704
0.0517567,0.0298683,0.0299976,0.137862,0.0353198,0.0459683
0.0265719,0.0176962,0.00784439,0.0398001,0.0106744,0.019761
0.0148687,0.00998266,0.00667088,0.0209742,0.00568386,0.00989252
0.0169004,0.0114485,0.00552446,0.0243573,0.00619167,0.00692649
0.0176534,0.0109648,0.0275908,0.0946508,0.0226993,0.0176215
0.0095174,0.00637752,0.00533036,0.0161816,0.00498005,0.00478416
0.0100245,0.00737376,0.00218547,0.0154061,0.00403588,0.00259382
0.00773653,0.00504595,0.0029122,0.0130183,0.00246329,0.00276615
0.0227762,0.0151042,0.0108885,0.0492799,0.0112657,0.00893755
0.0286396,0.0190254,0.00891741,0.0400716,0.0116023,0.00503454
0.0236827,0.0157883,0.0109642,0.0250353,0.00691579,0.00512635
0.0108384,0.00756857,0.00362601,0.0119359,0.00513757,0.00723626
0.0268767,0.0173398,0.00665387,0.0323678,0.00822628,0.00756878
0.0080331,0.00525628,0.00224971,0.0224683,0.00488971,0.00715662
0.0113183,0.00780876,0.0036413,0.018986,0.00443994,0.00549488
0.0136822,0.00910701,0.00434188,0.0271172,0.00657209,0.0126222
0.0227077,0.0149945,0.0067584,0.0397912,0.0100273,0.00592234
0.0211198,0.0143398,0.00602497,0.0364926,0.010247,0.0204184
0.0114143,0.00796946,0.00275534,0.0233797,0.00474811,0.010102
0.0292855,0.0189487,0.00785148,0.0499292,0.0106026,0.0132131
0.0377365,0.0236446,0.0115934,0.0589948,0.0166498,0.0136133
0.00721316,0.00487416,0.00344401,0.0126172,0.00436032,0.00346041
0.0056619,0.00374407,0.00225766,0.0134784,0.00309086,0.00331124
0.0087774,0.00593088,0.00706488,0.0177069,0.00457942,0.00459492
0.00518906,0.00342655,0.00234743,0.0117864,0.00295656,0.00179867
0.0101047,0.00457893,0.00966204,0.0399419,0.00975482,0.0136599
0.00986045,0.00418136,0.00794555,0.027351,0.00492714,0.00799994
0.0217927,0.014491,0.0214896,0.0970737,0.0246354,0.0421142
0.0109002,0.00698871,0.00962345,0.0322173,0.00871526,0.0029908
0.030138,0.0176572,0.009915,0.0389828,0.0128878,0.0110997
0.0336092,0.018725,0.00931167,0.0292937,0.00902235,0.00908848
0.0111269,0.0071415,0.00407577,0.0234003,0.00556021,0.00322932
0.00618235,0.00446215,0.00219579,0.0144231,0.00387479,0.00184475
0.00750785,0.00559235,0.0014082,0.0159562,0.00411737,0.00257334
0.0136797,0.00936462,0.00486805,0.0204399,0.00410117,0.0148943
0.0238412,0.0157057,0.00824307,0.0312985,0.00774244,0.00564277
0.0167987,0.0108953,0.00430633,0.0182051,0.00473738,0.0138598
0.0379085,0.0223778,0.0141198,0.0649009,0.01805,0.0181083
0.0114597,0.00775415,0.00612751,0.0361315,0.010309,0.0154304
0.0576824,0.0345001,0.033093,0.129889,0.033585,0.0298706
0.0183515,0.0122557,0.00807603,0.0191898,0.00510346,0.00713555
0.0113872,0.00773019,0.0045036,0.0191391,0.00482416,0.0118103
0.0144151,0.00994725,0.00586987,0.021901,0.00715712,0.00798282
0.00619012,0.00445402,0.00320635,0.0116488,0.00330669,0.00628113
0.0112089,0.00772581,0.00277199,0.0170358,0.00495555,0.00563924
0.0310692,0.0206441,0.0135065,0.0636473,0.0175113,0.0174054
0.00888793,0.00586376,0.00397252,0.0251827,0.0044208,0.00204027
0.0116133,0.00782957,0.00237483,0.00564136,0.00132413,0.0109952
0.00871539,0.00616558,0.00390379,0.0161277,0.00442853,0.00335324
0.00494035,0.00336177,0.00297746,0.0206472,0.0030781,0.00469067
0.0350517,0.0216459,0.0124376,0.071089,0.01803,0.0197264
0.00689165,0.00454299,0.00337922,0.00802472,0.00274812,0.00269296
0.0205649,0.0131826,0.0165132,0.0419773,0.0104372,0.0209409
0.0169836,0.00857695,0.00530673,0.0318249,0.00874285,0.0075863
0.0161083,0.0106288,0.00679029,0.0327685,0.0076338,0.00293588
0.0103688,0.00701969,0.00438178,0.015247,0.00311803,0.00466766
0.049782,0.0193455,0.0172765,0.0640711,0.0173929,0.0294307
0.050599,0.0193228,0.0171812,0.0584947,0.0150549,0.0282457
0.00567169,0.00411086,0.00169375,0.0191793,0.0050944,0.00326141
0.0066237,0.00423449,0.00327696,0.0151592,0.00369904,0.00867763
0.0405973,0.026237,0.013257,0.0449396,0.00997193,0.00888879
0.0586357,0.0354951,0.0214936,0.10402,0.0263737,0.0471882
0.00815724,0.00531927,0.00241441,0.0148752,0.00608863,0.00650678
0.00704801,0.00495863,0.0036538,0.0178164,0.00351884,0.00172328
0.0112299,0.00735873,0.00416191,0.0241344,0.00549252,0.0037485
0.0379871,0.0191293,0.0138227,0.0527622,0.0146529,0.0158808
0.0431062,0.0196885,0.0155201,0.0475174,0.0125453,0.0153325
0.0215148,0.014331,0.00631053,0.0372225,0.0100156,0.0131905
0.0113632,0.0079512,0.00455398,0.022109,0.00521493,0.00507767
0.0175071,0.0116925,0.00317614,0.0176776,0.00403453,0.00927251
0.0244945,0.015594,0.00885592,0.0489634,0.0146127,0.0132805
0.0308206,0.0170945,0.0100119,0.0475918,0.0139704,0.0141813
0.00783607,0.00553039,0.00265782,0.0168242,0.00412083,0.00231058
0.0185572,0.0114725,0.0275113,0.129616,0.0363586,0.0516379
0.0400258,0.0263765,0.0139356,0.0415081,0.00951063,0.0117518
0.0258833,0.0170314,0.0101837,0.065895,0.0174812,0.0136913
0.0116537,0.00753192,0.00381047,0.0224125,0.00566474,0.00442496
0.0438682,0.0271768,0.0173635,0.0829305,0.019899,0.0124846
0.0103975,0.00722283,0.00533516,0.0112052,0.00297051,0.00785842
0.011123,0.00766415,0.00609921,0.0284778,0.00611814,0.00171341
0.0102826,0.00723909,0.0134163,0.075938,0.0180573,0.0204134
0.0192932,0.0122957,0.00561409,0.041769,0.00992027,0.00361687
0.0254743,0.0167509,0.00739099,0.0352162,0.00839517,0.00530319
0.0382463,0.0244768,0.0157628,0.0761127,0.0223621,0.0269605
0.0127567,0.00881371,0.00433252,0.0375822,0.00931453,0.00501009
0.00993185,0.00656284,0.00330483,0.0193269,0.00418353,0.00475596
0.0176087,0.0114476,0.00390687,0.0307172,0.00825577,0.00552373
0.0080479,0.00526503,0.0031126,0.0173929,0.00315686,0.00196059
0.00753327,0.00495207,0.00352854,0.0110828,0.00294191,0.00386255
0.0183503,0.0127802,0.00694198,0.0272366,0.00631835,0.00638448
0.00985508,0.0065308,0.00381021,0.0127424,0.00363907,0.00435226
0.0103309,0.00687901,0.00280677,0.0327312,0.00934112,0.00816929
0.0173727,0.0116948,0.00378372,0.02619,0.00787418,0.00895012
0.0183325,0.0125473,0.00470984,0.0208509,0.00422377,0.00325196
0.0139998,0.00940288,0.0104597,0.0506669,0.0115203,0.00556364
0.0160088,0.010809,0.0132531,0.0437999,0.0104369,0.0272394
0.0591047,0.0339559,0.0249653,0.0869149,0.0219259,0.0320351
0.0228918,0.0150664,0.0148813,0.0754945,0.0186198,0.0112216
0.021442,0.0140028,0.00482031,0.0273361,0.00691373,0.0103299
0.025,0.0165507,0.00533979,0.044838,0.0136548,0.0244562
0.0123923,0.00844256,0.00455256,0.0225731,0.00519789,0.0112332
0.0113243,0.00540048,0.00647575,0.0371091,0.0102971,0.00820543
0.0155036,0.00892296,0.00522753,0.0218238,0.00507339,0.00405033
0.012117,0.00862783,0.00437646,0.00589108,0.000308718,0.0130842
0.0126682,0.00829488,0.00449064,0.00488187,0.00172853,0.00232444
0.0282334,0.0179772,0.00748979,0.035103,0.00737908,0.0221096
0.0130218,0.00894908,0.00445682,0.0149832,0.0044283,0.011001
0.0261084,0.0161886,0.00794905,0.0514255,0.012959,0.0194978
0.0109027,0.0076076,0.00527846,0.0314684,0.00736683,0.00560786
0.0214241,0.0135623,0.00584896,0.0307424,0.00729829,0.00635996
0.0164561,0.0112123,0.00619664,0.0255692,0.0051821,0.00522455
0.0162956,0.0106538,0.00625161,0.0217268,0.00406707,0.00437702
0.0296025,0.0195285,0.00725146,0.0261229,0.00667168,0.0153869
0.00855139,0.00569011,0.00267015,0.0205366,0.0042515,0.00881058
0.0381264,0.0226864,0.0230466,0.0614933,0.0148625,0.0243853
0.0171257,0.0115092,0.00598206,0.0268099,0.00710841,0.0188295
0.0106855,0.00770641,0.00355462,0.0132297,0.00476223,0.00372952
0.0204486,0.0133076,0.00713019,0.0271323,0.00682748,0.00425453
0.0174735,0.0113579,0.0227287,0.0953888,0.0239828,0.0576832
0.0277874,0.0180846,0.00862293,0.0453381,0.0125669,0.0254938
0.0290082,0.0187019,0.0415681,0.110261,0.0283088,0.068592
0.0234499,0.0154276,0.00628696,0.0403617,0.00987069,0.00832477
0.0470479,0.028475,0.016913,0.089483,0.0238367,0.0229535
0.0261707,0.0162404,0.0147831,0.0608064,0.0138926,0.025389
0.0435598,0.0280451,0.00944971,0.0323321,0.00950527,0.0222223
0.00889298,0.00625976,0.00364177,0.0201947,0.0041757,0.013939
0.0271311,0.0175462,0.0102142,0.035978,0.0095528,0.00699378
0.020562,0.0107824,0.0115114,0.0685338,0.0148421,0.0153393
0.011804,0.00813604,0.00453469,0.0267335,0.005899,0.010792
0.0291162,0.0192532,0.0135311,0.0576948,0.0180421,0.00410576
0.00892567,0.00617993,0.00148884,0.0148383,0.00482088,0.00354496
0.00621396,0.00425074,0.00412467,0.00891391,0.00239747,0.00443821
0.0331244,0.0195382,0.0239326,0.116132,0.0295756,0.0459517
0.0264172,0.0171847,0.0135234,0.0461303,0.0127769,0.0226885
0.0104249,0.00714534,0.0072326,0.0392126,0.00945657,0.0092448
0.0245441,0.0139409,0.00923792,0.0311228,0.010544,0.0144841
0.027133,0.0136098,0.00878347,0.0389559,0.00942213,0.00785327
0.00797345,0.00541139,0.00312242,0.0218386,0.00549663,0.00190815
0.00968555,0.00656919,0.0045888,0.0187358,0.00523339,0.00489526
0.0317093,0.0202123,0.010067,0.0371609,0.00986688,0.016801
0.0261848,0.0173115,0.00871157,0.0408548,0.00977255,0.00944624
0.0271149,0.0170297,0.00930208,0.0425756,0.00974951,0.00513559
0.0168637,0.0109685,0.0118913,0.0451105,0.0112223,0.0196512
0.00570905,0.00419428,0.00352872,0.0271526,0.00796198,0.00394942
0.00862615,0.00581486,0.0159669,0.0326554,0.00921776,0.0287333
0.0420997,0.0262683,0.0130267,0.0791439,0.0203883,0.0168776
0.0223697,0.0148651,0.00601463,0.0204081,0.00571978,0.0051087
0.0148874,0.0101977,0.00467165,0.0139733,0.00463182,0.0072115
0.00667495,0.00481543,0.00323737,0.0143131,0.00415775,0.00555315
0.0198248,0.0130442,0.00813831,0.028599,0.00755529,0.00552064
0.0427143,0.0257652,0.0205246,0.102192,0.0258824,0.0267966
0.027356,0.017909,0.0071458,0.0383387,0.011173,0.00581115
0.00751361,0.00507723,0.00177902,0.00572985,0.00182927,0.00713022
0.0115179,0.00776086,0.00749284,0.0749972,0.0176641,0.0215938
0.0211758,0.0139653,0.0047639,0.0309322,0.00736932,0.00226896
0.0260757,0.0165132,0.0087997,0.0360115,0.00926105,0.00922076
0.0104936,0.00723567,0.00404436,0.0342409,0.0103763,0.0233746
0.0108306,0.00710317,0.00445184,0.0130768,0.00370826,0.00926136
0.0166539,0.011009,0.00917312,0.0436233,0.0116053,0.0191591
0.00840407,0.00555475,0.00721269,0.0181996,0.00530443,0.0144197
0.0137897,0.00928006,0.00549085,0.0226453,0.00728815,0.00784375
0.0230789,0.0145686,0.00559327,0.0364213,0.0106751,0.00799008
0.012785,0.00864242,0.00315907,0.0239804,0.00719599,0.00575538
0.00749015,0.00518034,0.00195115,0.0227165,0.0063185,0.00847902
0.0369756,0.0239854,0.0134252,0.0527154,0.0131686,0.0318266
0.0240961,0.00982734,0.0186597,0.0638945,0.0135458,0.0104566
0.0077728,0.00515721,0.00252378,0.0177118,0.00541112,0.00142788
0.0250809,0.0163925,0.0171793,0.059606,0.0167243,0.0313502
0.0112165,0.0077471,0.00460919,0.0336387,0.00737578,0.00206103
0.0543077,0.0240723,0.0251253,0.129298,0.0356596,0.026649
0.0545088,0.0240622,0.0249643,0.122532,0.0310075,0.0244662
0.00861775,0.00574805,0.00226152,0.0198455,0.00425434,0.00784928
0.0343369,0.0200557,0.0257939,0.100232,0.0266386,0.0178464
0.013115,0.00897788,0.00220415,0.0198198,0.00494166,0.0105672
0.0166339,0.0112845,0.0108517,0.0549164,0.0144194,0.0406423
0.0344504,0.0221048,0.0113422,0.0333448,0.00888682,0.0130568
0.0358137,0.0231953,0.0185898,0.0578641,0.0157674,0.00963318
0.011238,0.00781837,0.00665865,0.0131915,0.00390259,0.00262498
0.0462704,0.0287221,0.0232847,0.107448,0.0276333,0.068831
0.0160283,0.0107423,0.00890638,0.0266487,0.00769607,0.0115824
0.0217055,0.013848,0.00952931,0.0573016,0.0143099,0.0349111
0.00702195,0.00485568,0.00288721,0.0170695,0.00374349,0.00385521
0.0115402,0.00806771,0.00395001,0.0113856,0.0029274,0.00108388
0.013577,0.0094371,0.00709436,0.0354919,0.0102977,0.0211852
0.0296352,0.0166772,0.0136224,0.0784807,0.0228856,0.0222037
0.00870421,0.00572629,0.00335623,0.0240401,0.00482076,0.00982726
0.0116779,0.00772799,0.00410013,0.0202539,0.00550047,0.00997019
0.0110288,0.0075241,0.00336759,0.0147386,0.00355469,0.00318078
0.0115845,0.00815546,0.0048602,0.0263499,0.00571115,0.00273369
0.0269661,0.01725,0.0123355,0.0504362,0.0137908,0.0187245
0.00643199,0.00448323,0.00184172,0.0145783,0.00528881,0.00338883
0.0176916,0.0118361,0.00712972,0.0327476,0.00710741,0.00981928
0.013829,0.00971262,0.00589892,0.0329161,0.00862353,0.00878009
0.0108453,0.00746312,0.00445722,0.015442,0.00460297,0.00309394
0.00940316,0.00629092,0.00304925,0.0123195,0.00309388,0.00334402
0.0236055,0.0157964,0.00741435,0.0209145,0.00539738,0.00220891
0.0230198,0.0143419,0.0195603,0.0871946,0.0220698,0.0158042
0.00904385,0.00593771,0.00319503,0.0102602,0.00476704,0.00536907
0.0400801,0.0251535,0.0116037,0.0493357,0.0122423,0.00461501
0.0591006,0.0348191,0.0343545,0.137075,0.0373343,0.0666452
0.0336017,0.0204259,0.0134971,0.0579383,0.0180794,0.022286
0.0226199,0.00953809,0.00970549,0.0430379,0.0100031,0.0108548
0.0176476,0.0125789,0.00970006,0.0243152,0.00721535,0.00119823
0.0128527,0.00872231,0.00534103,0.016381,0.00452291,0.00435665
0.00637095,0.00440183,0.00293382,0.0206475,0.00453008,0.000456574
0.0213426,0.0141664,0.00718456,0.0309984,0.00831744,0.00642255
0.0135445,0.0092687,0.00487632,0.0279071,0.00688466,0.00633276
0.0115547,0.00784761,0.00369113,0.0212445,0.00427681,0.00602174
0.0112271,0.00750192,0.00369581,0.0201608,0.00465831,0.00333208
0.00922167,0.00604784,0.00320588,0.0276287,0.00617847,0.00392745
0.0130748,0.00884049,0.00367488,0.0165834,0.00568662,0.00622712
0.011802,0.00736294,0.00300545,0.0354119,0.0065354,0.00102563
0.0072835,0.00501613,0.00288452,0.0149857,0.00428472,0.0147368
0.0383745,0.0245071,0.0262339,0.0749316,0.0179363,0.0329374
0.040206,0.0240624,0.0230883,0.0859938,0.0209409,0.0555423
0.0271479,0.0179038,0.0106161,0.0411874,0.0111501,0.0215906
0.0055689,0.00408887,0.00147836,0.0217857,0.00500828,0.00121859
0.013372,0.00924294,0.00596398,0.0161937,0.0043109,0.00429878
0.0253172,0.0160278,0.0092237,0.0430048,0.0106169,0.0150594
0.0114944,0.00809788,0.00446952,0.0148345,0.0031236,0.00226419
0.0116795,0.0079117,0.0131396,0.0683466,0.017736,0.029145
0.0160628,0.0111628,0.0094439,0.0424882,0.009537,0.00949888
0.0348168,0.0220666,0.0139489,0.0572258,0.0133986,0.0155912
0.0319177,0.020671,0.00999953,0.0570324,0.0124116,0.019528
0.0128711,0.00877413,0.0062886,0.0255453,0.00554344,0.00961607
0.00907651,0.00604999,0.00334967,0.0205297,0.00604979,0.00917871
0.0129945,0.00902692,0.00434414,0.0290474,0.00820976,0.00616928
0.00511041,0.00343684,0.00187437,0.0204645,0.00578865,0.00208082
0.029827,0.0187548,0.0114196,0.0386707,0.0118214,0.00967411
0.0121633,0.00833737,0.00586656,0.0372837,0.0088952,0.00299372
0.021051,0.0140589,0.00615608,0.0331429,0.00753955,0.00469222
0.0110144,0.00771825,0.00454671,0.0278879,0.00508352,0.00453402
0.00804799,0.00561098,0.00394011,0.0190357,0.00474323,0.0165254
0.00897305,0.0064966,0.00540988,0.0377043,0.0121052,0.0102348
0.00585383,0.00399355,0.0028146,0.0167622,0.00553836,0.00325488
0.0214879,0.00859077,0.0269867,0.135558,0.035524,0.0568885
0.021978,0.00927656,0.0244743,0.0809577,0.016221,0.0375137
0.0145116,0.00964777,0.0040836,0.0325646,0.00797444,0.00296642
0.0258916,0.0172408,0.00799869,0.0359819,0.00955924,0.00984664
0.030707,0.0196561,0.0149251,0.06567,0.018878,0.0278153
0.0205512,0.0131598,0.011308,0.0533721,0.014232,0.0302413
0.0192945,0.0133455,0.00708121,0.017118,0.00465614,0.0038293
0.00562512,0.00375624,0.0038882,0.0163586,0.00267007,0.00406359
0.0109613,0.00725009,0.00418769,0.0313924,0.00754458,0.00667417
0.0211139,0.0143607,0.00751519,0.0222108,0.0059151,0.00798613
0.0142964,0.0100571,0.00441259,0.0170078,0.00485536,0.00734305
0.010289,0.00719742,0.0104943,0.0471896,0.0124563,0.0188302
0.0164722,0.0111381,0.0243995,0.0812044,0.0207298,0.0373695
0.0213101,0.0136985,0.00748532,0.0264259,0.00669007,0.0108873
0.0129258,0.00855525,0.00594866,0.0238392,0.00640702,0.0164103
0.0417855,0.0254507,0.0140728,0.0557485,0.0146948,0.0116122
0.0196124,0.0128993,0.0083422,0.0470621,0.0118447,0.0139763
0.0174197,0.0113814,0.0050794,0.0435804,0.0112185,0.00490363
0.0300794,0.019429,0.0182622,0.0786215,0.023412,0.0281878
0.0180583,0.0119852,0.00653103,0.0407261,0.00977634,0.00748264
0.0763452,0.0477287,0.0301469,0.102885,0.0258338,0.0269211
0.03742,0.0242338,0.00889652,0.0468604,0.0115632,0.0323853
0.00912867,0.00651043,0.00483696,0.0212443,0.0054367,0.00665107
0.00856357,0.00590326,0.00329016,0.0180283,0.00427429,0.00465673
0.0138533,0.00922841,0.00361338,0.0308441,0.00784117,0.0127731
0.0205437,0.01344,0.00825535,0.0266792,0.00813762,0.0144348
0.0176929,0.0120117,0.00466193,0.0301542,0.0101624,0.0180059
0.0292067,0.0182164,0.00981373,0.0594475,0.0131336,0.0220419
0.00659025,0.00452776,0.0019051,0.0116323,0.00279677,0.00287853
0.0115174,0.00836069,0.0033168,0.0142184,0.00325922,0.00221884
0.0496463,0.02966,0.0314622,0.120314,0.0348826,0.050324
0.0157795,0.00748305,0.00820918,0.0273427,0.00795302,0.0139878
0.0287853,0.019049,0.0149887,0.0115931,0.00314502,0.0289367
0.0102356,0.00668615,0.00404625,0.0175133,0.00449472,0.0027634
0.0130357,0.00854366,0.00956226,0.0506076,0.013124,0.0509348
0.0134645,0.00897137,0.00542282,0.0338457,0.00817316,0.0101231
0.0087042,0.00608294,0.00334832,0.0159056,0.00411596,0.00223965
0.0181306,0.0122159,0.0095389,0.0392018,0.0110929,0.0309057
0.020999,0.0144304,0.00963174,0.0258453,0.0076974,0.00388763
0.0248321,0.012458,0.0102438,0.0725105,0.0179683,0.0223791
0.0280573,0.0125062,0.0108915,0.073929,0.0174759,0.0241705
0.0437677,0.026913,0.0223262,0.0669339,0.016842,0.0202159
0.0254729,0.0164759,0.0123188,0.0893892,0.0236614,0.0346114
0.0108461,0.00701214,0.00355059,0.0164031,0.00485189,0.0040407
0.0374692,0.0196593,0.0127796,0.0410461,0.0114555,0.0148168
0.024652,0.0148525,0.00953511,0.0400661,0.0117767,0.0284349
0.0403107,0.0248258,0.010015,0.0792505,0.0204914,0.025578
0.0188587,0.0108114,0.00500573,0.0351005,0.00767765,0.00510878
0.00787647,0.00535968,0.00302543,0.0197967,0.00460066,0.00189908
0.0166572,0.0113232,0.0122572,0.102221,0.0256367,0.0250229
0.00968382,0.00626624,0.00301352,0.0218991,0.00564366,0.00633272
0.00701513,0.0045843,0.0028027,0.0391579,0.0126358,0.0207932
0.0224115,0.0146433,0.00746784,0.0341978,0.00766745,0.00420565
0.0339815,0.021269,0.0245923,0.0777691,0.0210478,0.0240894
0.0126806,0.00635601,0.00424449,0.0308227,0.00750283,0.00847282
0.0133655,0.00798477,0.00757694,0.0392305,0.00948874,0.00555012
0.00522153,0.0036049,0.00314781,0.00746114,0.00177345,0.00421459
0.010127,0.00698806,0.0038303,0.0199772,0.00535642,0.00427388
0.00823412,0.00584474,0.00444609,0.0229073,0.00503121,0.00746571
0.00547288,0.00390711,0.00245899,0.0160459,0.00442634,0.00529421
0.011693,0.00832349,0.00259469,0.0201042,0.00479881,0.00625309
0.0319319,0.0199999,0.0189434,0.0594926,0.0192431,0.038083
0.0215948,0.0146449,0.00658349,0.0312385,0.00913694,0.00600112
0.0198537,0.0127614,0.00526963,0.0564917,0.0138214,0.018913
0.0132316,0.00886754,0.00598006,0.0231102,0.00699225,0.00592189
0.0323096,0.0221083,0.0207848,0.0798028,0.0225337,0.030908
0.0258104,0.016899,0.0085924,0.043093,0.00935926,0.0131694
0.0161087,0.0106752,0.00430064,0.0422114,0.0129479,0.00618603
0.0238826,0.011813,0.00788822,0.0381792,0.0102375,0.0140115
0.0228251,0.0114793,0.00772951,0.0320252,0.00800012,0.0135917
0.0365174,0.0238667,0.0158307,0.0439189,0.0121269,0.0143038
0.0163927,0.0105358,0.00675688,0.0257698,0.00684235,0.013635
0.01122,0.00750551,0.00420574,0.000667266,0.00082307,0.00451027
0.0262389,0.0176863,0.00944756,0.0282852,0.0053487,0.0116206
0.038532,0.0167662,0.0359786,0.140981,0.0374746,0.0513605
0.0362343,0.0152416,0.0218106,0.0627918,0.0158925,0.0320758
0.0160912,0.006859,0.00863894,0.0358023,0.011334,0.00931604
0.0252581,0.0156347,0.0129463,0.049801,0.011834,0.0133193
0.00539445,0.00367559,0.00390913,0.0155125,0.00439282,0.00101333
0.031409,0.0204946,0.0122345,0.065331,0.0175772,0.00953076
0.0102479,0.00664677,0.00445526,0.0240538,0.0048689,0.00442371
0.0281261,0.0180126,0.0365127,0.097122,0.0239291,0.0290678
0.0162601,0.0109974,0.00603121,0.0208189,0.00674446,0.00353006
0.00747227,0.00506636,0.00251723,0.0229408,0.00485943,0.00661031
0.016498,0.0108424,0.0091565,0.0582198,0.0138122,0.0133827
0.0378206,0.0195275,0.0452645,0.176077,0.0423723,0.0822884
0.0118409,0.00784357,0.00535893,0.0233985,0.00566658,0.00235472
0.00614584,0.00429519,0.00231786,0.0165254,0.00511463,0.00474697
0.0228446,0.0150433,0.0155893,0.0781193,0.0188145,0.0310864
0.00921569,0.00609934,0.00345625,0.0116589,0.00167693,0.00465376
0.0195593,0.0131896,0.00740936,0.0248828,0.00576918,0.00806237
0.0114607,0.0078089,0.00511158,0.0187484,0.00427094,0.0109811
0.0158411,0.0107595,0.017486,0.0743269,0.0212636,0.040526
0.0262262,0.0118772,0.0102958,0.0433833,0.0115487,0.00949898
0.0272789,0.0118828,0.0106179,0.0375168,0.00870823,0.0103316
0.0141985,0.00942783,0.00445493,0.0499599,0.0113723,0.00852543
0.0107954,0.00772927,0.00368078,0.015955,0.00453431,0.0069873
0.00807497,0.00530478,0.0022032,0.0273963,0.00619638,0.00767223
0.0400342,0.0253629,0.0134821,0.0607664,0.0177646,0.0229753
0.0119164,0.00759487,0.00584557,0.0439488,0.0124308,0.00736096
0.0138322,0.00686689,0.00453102,0.0307892,0.00652812,0.00967531
0.0202755,0.0129985,0.00738108,0.0245914,0.00689051,0.0107876
0.0193076,0.0132596,0.015605,0.0615065,0.0194406,0.0327159
0.0385013,0.0198855,0.0112538,0.0790206,0.0204,0.0292746
0.0187138,0.00719647,0.00612809,0.0272406,0.00553549,0.00904818
0.0369422,0.0229137,0.0181644,0.0610906,0.0141246,0.0157355
0.00870087,0.00596029,0.00289542,0.0105555,0.00316615,0.00328696
0.00935616,0.00619414,0.00435253,0.0151832,0.00469816,0.00299831
0.0572098,0.0276041,0.0663708,0.201976,0.0517807,0.0553338
0.00446335,0.00320657,0.00286916,0.0138232,0.00306664,0.00553909
0.00501407,0.00350732,0.00127685,0.0146057,0.00343721,0.0030652
0.00646383,0.0043047,0.00180233,0.0278492,0.00910217,0.0157964
0.0111376,0.00741296,0.00310781,0.0187203,0.00467362,0.00601777
0.0338347,0.0194686,0.0207927,0.0654081,0.0175456,0.0261463
0.00849591,0.00613976,0.00388336,0.0106665,0.00431229,0.00368393
0.0206488,0.0142603,0.0132389,0.0117233,0.00433671,0.013707
0.011118,0.00762004,0.00306585,0.0174675,0.00377127,0.00404398
0.0262354,0.0157846,0.0177998,0.0835442,0.0240422,0.0577249
0.0165598,0.0112974,0.00533568,0.028986,0.00629892,0.0032768
0.0132676,0.00897764,0.0123477,0.0354743,0.00973202,0.0214773
0.0103792,0.00695191,0.00265487,0.012327,0.00293131,0.00391728
0.0113076,0.00763717,0.00435674,0.0198937,0.00542397,0.00548564
0.0191148,0.0122038,0.00659944,0.0303794,0.00601985,0.00752801
0.0279239,0.0185164,0.00753146,0.044337,0.013366,0.0162918
0.00594019,0.00427173,0.00246285,0.0108267,0.00244829,0.00739131
0.0190813,0.0128379,0.00772352,0.0266902,0.00721884,0.00283012
0.0132346,0.00889962,0.0047962,0.0171465,0.00486092,0.0126839
0.00980013,0.0069474,0.00363276,0.0162405,0.00417633,0.00848501
0.0251908,0.0165334,0.00863682,0.0435965,0.0120988,0.00798345
0.0428456,0.0262794,0.0134133,0.0597333,0.016362,0.0191325
0.0203974,0.0134693,0.00705567,0.0622717,0.0161526,0.0158187
0.0192358,0.0121928,0.00523799,0.0331803,0.0109107,0.00617843
0.0197188,0.0115234,0.00474299,0.042648,0.0108885,0.00574111
0.0220819,0.0151796,0.00601636,0.0230228,0.00633061,0.00719454
0.0151993,0.0103158,0.00524525,0.0225826,0.00502119,0.00857694
0.0156493,0.0105722,0.00701899,0.0219387,0.00608324,0.0103735
0.00817321,0.00562855,0.00303506,0.0513567,0.013931,0.0223897
0.0143859,0.00952913,0.0179205,0.0822495,0.0247866,0.0909066
0.0130267,0.00899088,0.00586215,0.0493793,0.0144384,0.00795147
0.0161007,0.0102539,0.00669668,0.0339394,0.00759734,0.00857044
0.0278073,0.0174975,0.00846168,0.0632821,0.0141405,0.0219932
0.0182472,0.0123045,0.00598698,0.0423897,0.0114697,0.00490406
0.0203857,0.0133889,0.00987005,0.0430148,0.0102996,0.00318708
0.0161299,0.0102026,0.0204288,0.113962,0.0299384,0.0818131
0.0299353,0.0183375,0.0120614,0.0521841,0.0130892,0.00994113
0.0261454,0.0163464,0.0120648,0.0611221,0.0154701,0.0280499
0.0161622,0.00918665,0.00555913,0.0242049,0.00487857,0.00524544
0.0185248,0.0127148,0.0043102,0.0304037,0.00629527,0.0118923
0.0177338,0.011462,0.00474715,0.0214911,0.00593288,0.00750828
0.0248903,0.015277,0.00946074,0.108159,0.0250493,0.00748753
0.0159765,0.0112434,0.00483559,0.0194267,0.00655312,0.00959035
0.00955435,0.00680737,0.0100934,0.0346272,0.00859047,0.0181364
0.0203326,0.0134574,0.0140633,0.0685963,0.0179316,0.0181291
0.0116922,0.00770434,0.00411794,0.0251374,0.00648018,0.00583662
0.0076099,0.0052157,0.0044883,0.0367374,0.00803541,0.00452091
0.0473615,0.0207356,0.0180881,0.095789,0.0270103,0.0430524
0.0538693,0.0240051,0.023689,0.104636,0.0248982,0.0387952
0.0079431,0.00566676,0.00272936,0.00978224,0.0037489,0.00411852
0.0148514,0.00991105,0.00956631,0.0441522,0.013422,0.0219463
0.0154943,0.00863222,0.00536683,0.0226687,0.00715304,0.0104297
0.0196432,0.0112236,0.00728921,0.0409888,0.0109042,0.0237951
0.0195482,0.0104572,0.00901364,0.0204401,0.00520627,0.00558806
0.00900698,0.00612081,0.0053489,0.026185,0.00582649,0.0150696
0.0595642,0.0354002,0.0162625,0.0726693,0.0175707,0.0127195
0.0188883,0.0126708,0.0189701,0.0584709,0.0134845,0.0105346
0.0216828,0.0138409,0.0138641,0.0635684,0.0173474,0.0208435
0.0141505,0.00986272,0.00410058,0.0304491,0.00831252,0.00470246
0.00656537,0.00482892,0.00300731,0.0170216,0.00411352,0.00331971
0.0224512,0.0129358,0.00961933,0.0498883,0.0186971,0.0213639
0.0240954,0.0135429,0.0228881,0.10196,0.0278844,0.070684
0.0166272,0.0112122,0.00478966,0.0401287,0.00935958,0.0220937
0.0143722,0.00981753,0.00531992,0.0310927,0.00883484,0.00605498
0.0353041,0.0229446,0.0148264,0.0591587,0.0154557,0.0131098
0.0190725,0.0127539,0.00664796,0.0187169,0.00492579,0.00843171
0.0165185,0.0107574,0.0057949,0.0358246,0.00881215,0.00578266
0.0116562,0.00831651,0.0061565,0.0276161,0.00739405,0.00779536
0.00623902,0.00449795,0.00286487,0.0162539,0.00236267,0.00305991
0.0185066,0.0120848,0.00524254,0.026275,0.00683012,0.00454703
0.036667,0.0215524,0.0206421,0.102702,0.0276264,0.0364271
0.014832,0.00987627,0.0128263,0.075193,0.0191628,0.0279285
0.012043,0.00865937,0.00620065,0.026015,0.00552693,0.00971059
0.00877371,0.00613376,0.00468956,0.018446,0.00449829,0.00226592
0.00867461,0.00583544,0.00400372,0.0105692,0.0030596,0.00198368
0.0248192,0.0111494,0.0113943,0.0432193,0.0117021,0.0171591
0.0260842,0.0111827,0.012078,0.0430577,0.010458,0.0153546
0.0413631,0.025,0.00939495,0.0559938,0.0139588,0.0210675
0.0111363,0.0078136,0.0189928,0.0418786,0.0100042,0.0144155
0.00960177,0.00650028,0.00297212,0.0210391,0.00532345,0.00582832
0.010868,0.00739638,0.00435025,0.0154345,0.00528776,0.00486561
0.0126435,0.00891684,0.00466432,0.00366118,0.000467317,0.00357763
0.0163377,0.0106029,0.00663424,0.0235634,0.0061473,0.0071865
0.00985785,0.00698127,0.00417581,0.01901,0.00403719,0.00211829
0.0137892,0.0095031,0.00357863,0.0277896,0.00771894,0.00372685
0.0195262,0.0128074,0.0138056,0.0787281,0.0235168,0.0231296
0.0134818,0.00884389,0.00312479,0.0291551,0.00868922,0.014015
0.0475918,0.0243288,0.0190275,0.0770136,0.0192218,0.0298522
0.0115553,0.00653916,0.00748159,0.0428845,0.0116646,0.0150019
0.010071,0.00667644,0.00314135,0.017938,0.00535193,0.00302869
0.0540047,0.0343301,0.0139825,0.0755852,0.0214238,0.0208154
0.0424092,0.0255669,0.0203948,0.101323,0.027576,0.045183
0.0470187,0.0243265,0.0161442,0.0858778,0.0210973,0.0371284
0.0129305,0.00855919,0.00689553,0.0250939,0.00630893,0.0155065
0.00965783,0.00697146,0.0103884,0.0540216,0.0135113,0.0128271
0.00793715,0.00548424,0.00349658,0.0158947,0.00409525,0.00364956
0.019828,0.0119292,0.00879704,0.038938,0.00981951,0.0137359
0.0126346,0.00614926,0.00557551,0.0244339,0.00524061,0.00885983
0.0122563,0.00796607,0.00842625,0.0235923,0.00628642,0.00450081
0.056123,0.031274,0.0196216,0.09357,0.0274254,0.0331615
0.0132491,0.00909794,0.00459675,0.0184737,0.00386684,0.00223542
0.0127031,0.00887075,0.00388648,0.00852109,0.00347033,0.00211421
0.00810565,0.00550349,0.00695745,0.0222319,0.00640443,0.00325028
0.0385396,0.0206424,0.0147425,0.0660453,0.0183816,0.0120825
0.0415374,0.0205522,0.0156674,0.0683701,0.0166125,0.0109648
0.0156909,0.0104325,0.00636714,0.0210954,0.00545865,0.00994781
0.0306335,0.0192031,0.0333462,0.125352,0.0304628,0.0249145
0.0144533,0.00974189,0.0046073,0.0193306,0.00534803,0.00660511
0.00600926,0.00428074,0.00228845,0.0209758,0.00664062,0.00474283
0.0130093,0.00845407,0.00897507,0.0605932,0.0189529,0.0329022
0.00696952,0.00484911,0.0039841,0.0158348,0.00406563,0.000660851
0.00626057,0.00439289,0.00215976,0.0179613,0.00341878,0.00329721
0.0132069,0.0062379,0.00429206,0.0349679,0.00883269,0.0147875
0.0226774,0.0141631,0.00678047,0.0353338,0.00874859,0.0138547
0.035235,0.0225386,0.0110989,0.0441739,0.0123243,0.0114959
0.0113075,0.00793587,0.00436569,0.0216474,0.00550396,0.00555315
0.012947,0.00858248,0.00347463,0.0192386,0.00694553,0.00430863
0.0400058,0.0236651,0.0309009,0.133449,0.0334511,0.0740753
0.0131503,0.00924427,0.00470496,0.0171199,0.0032882,0.0109469
0.00732397,0.00390066,0.00654382,0.0391549,0.00900493,0.00888826
0.010279,0.00712469,0.00407754,0.0155313,0.00471413,0.00369121
0.0105188,0.00735581,0.00712744,0.0319653,0.00728681,0.00654338
0.0118805,0.00785691,0.00422267,0.0165699,0.00484025,0.00464126
0.0176632,0.0116915,0.00816046,0.0282839,0.00716622,0.00782562
0.0106671,0.00726031,0.0063364,0.0271175,0.00562249,0.0150276
0.015649,0.0101678,0.00806741,0.0374197,0.00877199,0.00733584
0.0233301,0.015892,0.00847132,0.0267175,0.00726919,0.00855086
0.0158311,0.0106095,0.00906476,0.0369511,0.00957063,0.0152036
0.0138464,0.00976456,0.00490898,0.0399528,0.010622,0.0197676
0.0469612,0.0278547,0.0163053,0.122959,0.0304395,0.0137673
0.0180857,0.0110692,0.0149979,0.0639646,0.0169076,0.0138309
0.0134048,0.00933012,0.00710644,0.03209,0.00989734,0.0198586
0.0209461,0.0139346,0.00808326,0.0251147,0.00607315,0.00904165
0.0145226,0.00961445,0.00534663,0.0255605,0.00578824,0.00445752
0.0162414,0.0110611,0.00437536,0.0302495,0.00840281,0.00473586
0.0354163,0.0233534,0.0124835,0.0446299,0.00949507,0.0087555
0.0113919,0.00776035,0.00279415,0.0189478,0.00383314,0.00390749
0.00821715,0.00577215,0.00338966,0.0166326,0.00334682,0.00249578
0.00764093,0.00541548,0.00485386,0.00360137,0.00024848,0.00637842
0.00721059,0.00498506,0.00391307,0.0159007,0.00356929,0.00196493
0.018897,0.0128262,0.00458273,0.0349022,0.0104191,0.0130079
0.0265677,0.0164892,0.0242218,0.0873343,0.0224759,0.0335256
0.00990764,0.00717819,0.0038678,0.0145529,0.00580501,0.00185631
0.025526,0.016426,0.0154324,0.0826758,0.0206138,0.0182631
0.00948749,0.00430005,0.0108371,0.0431596,0.0111816,0.00948699
0.0277396,0.0186239,0.0099677,0.0327111,0.00796653,0.0104872
0.008825,0.0058672,0.0025088,0.0136097,0.00329703,0.00282646
0.00476693,0.00313239,0.00265614,0.0133784,0.00227955,-0.0002457
0.00899041,0.00592181,0.0029535,0.0173351,0.00417845,0.00301963
0.027519,0.0178764,0.00714705,0.0458342,0.0152808,0.0252629
0.0101826,0.00666558,0.00389463,0.014651,0.00404884,0.000892673
0.00879636,0.00574207,0.00392725,0.0135272,0.00376534,0.00199568
0.0106284,0.0071308,0.00297446,0.0280782,0.0067633,0.00970481
0.00793614,0.00543217,0.00304624,0.0212378,0.00444239,0.00690822
0.0121743,0.00851731,0.00785486,0.058012,0.015324,0.0202768
0.00606993,0.0044752,0.0025694,0.000735741,0.000861155,0.00227532
0.0158823,0.0103712,0.00632978,0.0227336,0.00602689,0.00387018
0.0146806,0.0097045,0.00443494,0.0200205,0.00652946,0.00512842
0.0270036,0.01787,0.0156523,0.0644619,0.0166715,0.0444423
0.0136841,0.00903202,0.00340495,0.0295741,0.00821743,0.00499588
0.0145838,0.00974624,0.011866,0.0474948,0.0122329,0.00832257
0.0305757,0.0205422,0.0104355,0.0242969,0.00762501,0.0115852
0.0312119,0.0192444,0.0550595,0.237254,0.0585938,0.0388546
0.0615403,0.0292413,0.0430059,0.263127,0.0683415,0.0950916
0.0142171,0.00956239,0.0070809,0.0258657,0.00688428,0.0153825
0.0264085,0.0170769,0.0089114,0.0335698,0.00900501,0.0195287
0.0181841,0.0115025,0.0165285,0.0800969,0.0211258,0.0278084
0.0275492,0.0182867,0.0138764,0.0640773,0.0162253,0.0268986
0.0142103,0.00971806,0.00371577,0.0220465,0.00590465,0.00770207
0.0141166,0.00959656,0.00487048,0.0254388,0.00530894,0.00671553
0.0134029,0.00900939,0.00787446,0.036179,0.00978496,0.0118939
0.00600476,0.00440123,0.0034726,0.0126787,0.0036169,0.00570661
0.0134644,0.00935549,0.00459858,0.0290349,0.00764816,0.00245038
0.0103794,0.00726895,0.00496075,0.0302323,0.00762948,0.00217742
0.00734607,0.00522152,0.0051042,0.0136776,0.00374714,0.00464946
0.0329927,0.0151894,0.0116306,0.0548347,0.0142812,0.0201522
0.0299904,0.018493,0.0209452,0.110528,0.027082,0.024151
0.00852496,0.00618817,0.00341649,0.0144146,0.00404402,0.00676148
0.0179708,0.012051,0.0079358,0.0243201,0.00636399,0.00406266
0.0102056,0.00678525,0.00503375,0.0363007,0.00921648,0.0262458
0.0166841,0.010703,0.00681109,0.032702,0.00910172,0.00980943
0.0160448,0.0111235,0.00547895,0.0246633,0.00794127,0.00717913
0.0113542,0.00778513,0.0040567,0.035968,0.00907495,0.00578976
0.030183,0.0201235,0.0176213,0.0916443,0.020476,0.0195643
0.00874138,0.00581002,0.00363265,0.0183637,0.00364887,0.00646897
0.017261,0.0122231,0.0131343,0.0493612,0.0131341,0.0126285
0.0167583,0.0115816,0.00632484,0.036473,0.00923003,0.00563982
0.0451048,0.0292433,0.0221705,0.0601247,0.0160597,0.020115
0.0113474,0.00777403,0.00220036,0.0142725,0.00442693,0.00382784
0.0114148,0.00757782,0.0046449,0.0295221,0.00702473,0.00309066
0.0244471,0.0161686,0.00666197,0.0746451,0.0215412,0.00939091
0.0079835,0.00337158,0.00365986,0.0318384,0.00833817,0.00957307
0.00991972,0.00520353,0.00405556,0.0240527,0.00618521,0.00884161
0.0101078,0.00688257,0.00379138,0.0170393,0.00450889,0.00540656
0.0211541,0.0118076,0.00822072,0.0418391,0.0107669,0.016667
0.0244795,0.0166377,0.020118,0.0999367,0.0262618,0.0555001
0.0116595,0.00797271,0.00497142,0.0317928,0.00753149,0.00837035
0.0215921,0.0144902,0.00623251,0.0219308,0.00545322,0.00520775
0.0500504,0.0301469,0.0192293,0.0976328,0.0216847,0.0318558
0.0173943,0.00911124,0.00776067,0.0280457,0.00568907,0.00606942
0.00449263,0.00289687,0.00125833,0.0100971,0.00264676,0.00122445
0.019056,0.0129473,0.00655361,0.0219288,0.00621654,0.00407381
0.0161931,0.0110347,0.00804283,0.0489026,0.0150774,0.0353427
0.010752,0.00768832,0.00347384,0.0227751,0.00624801,0.00487193
0.0150473,0.0105424,0.00573269,0.00549555,0.00105155,0.00626443
0.0138426,0.00889952,0.00420683,0.0233719,0.00522773,0.00763823
0.0353502,0.021995,0.00986687,0.0387355,0.0111404,0.0198915
0.0246271,0.0161616,0.00789592,0.0441491,0.0101507,0.00897908
0.0432667,0.0256634,0.0212768,0.0915544,0.0257314,0.0412562
0.0310232,0.0209194,0.0113623,0.0607328,0.0153921,0.0253949
0.0329342,0.0204495,0.010394,0.048065,0.0113144,0.0109822
0.0163027,0.0109327,0.00610839,0.0272151,0.0070312,0.0102807
0.0242166,0.0165491,0.0147135,0.0440602,0.011143,0.0127844
0.00859812,0.00595452,0.00788485,0.0358899,0.00874359,0.00787045
0.0100028,0.00688441,0.00305096,0.020962,0.0059573,0.00757991
0.00936983,0.00502033,0.0041253,0.0185512,0.00659904,0.00296181
0.0150712,0.00945895,0.00485359,0.0238558,0.00817408,0.00426841
0.0361656,0.0232902,0.0185348,0.115449,0.0289664,0.0475592
0.0182406,0.0126807,0.00596903,0.0293256,0.00822736,0.00423079
0.0147734,0.0107081,0.00559946,0.00533862,0.000810815,0.00751819
0.0483027,0.029633,0.0291953,0.0876514,0.0239719,0.0328459
0.00567251,0.00389221,0.00254877,0.00366124,0.00043288,0.00747253
0.0351309,0.0231407,0.011178,0.0509312,0.0149965,0.0245674
0.0308003,0.0206438,0.00691223,0.0474885,0.010366,0.0117464
0.0236433,0.0159447,0.0103112,0.059362,0.0150395,0.0236364
0.00467336,0.00324404,0.00210057,0.0102401,0.00318513,0.00133138
0.0224881,0.0149061,0.00593245,0.0380606,0.00883084,0.00892513
0.0125789,0.00892225,0.00556642,0.0195854,0.00646712,0.00268395
0.00634369,0.00467757,0.00297887,0.0121097,0.0033229,0.00623082
0.022061,0.0148642,0.00913763,0.0397998,0.0113032,0.0106645
0.0317945,0.0204089,0.0113898,0.0444518,0.01139,0.0142639
0.00592129,0.00422952,0.00226679,0.00897009,0.00243527,0.00929505
0.0229529,0.0105702,0.0108784,0.0479637,0.0122726,0.0201026
0.0223915,0.0106457,0.0106854,0.0459229,0.0104193,0.0181892
0.0113416,0.00769955,0.0026024,0.0232667,0.00449373,0.00427523
0.0404232,0.023139,0.0316247,0.124102,0.0317561,0.025594
0.008534,0.00603972,0.0017145,0.0136365,0.00418818,0.00307805
0.0255221,0.0169591,0.0124836,0.0426166,0.00989999,0.0126697
0.0339325,0.0208254,0.0500937,0.221763,0.0579915,0.0473982
0.00561311,0.00383906,0.00424352,0.012844,0.00275986,0.00326006
0.0243832,0.0167046,0.0202708,0.0922041,0.0228584,0.040741
0.00536259,0.00342282,0.00305417,0.0100613,0.00160678,0.0017115
0.0199423,0.0133485,0.00816736,0.0368341,0.0103799,0.0176066
0.00927222,0.00634312,0.00324419,0.0125559,0.0046526,0.00317525
0.0111124,0.0075841,0.0082214,0.0278955,0.00799061,0.0110705
0.0136809,0.00960988,0.00742008,0.0263149,0.00690762,0.0127064
0.029554,0.0194795,0.0080324,0.0414977,0.010231,0.0211077
0.011403,0.00783057,0.00402711,0.0289254,0.00686246,0.00941969
0.0280348,0.0188319,0.0118939,0.0416968,0.0108799,0.0222767
0.0504885,0.0283353,0.0271392,0.135418,0.0345903,0.0969863
0.0333758,0.0226055,0.0169169,0.0567147,0.0103719,0.0517518
0.0241175,0.0159862,0.0325812,0.140941,0.0360469,0.0326702
0.0130369,0.00893813,0.00418625,0.017152,0.00631308,0.0108157
0.033652,0.0208799,0.0128278,0.0539445,0.0133944,0.030182
0.0140402,0.00914745,0.0090697,0.0345321,0.00879348,0.0141143
0.0471959,0.0288284,0.0154491,0.07663,0.0206277,0.0177081
0.00483799,0.00325954,0.00247683,0.00887347,0.00249976,0.00466854
0.0208608,0.0139587,0.00746016,0.0358528,0.00855654,0.00629624
0.0315951,0.0205348,0.0138481,0.0543451,0.0157632,0.0327806
0.0279367,0.0179594,0.00934676,0.0648212,0.0160496,0.0292369
0.0242527,0.0157971,0.0115373,0.0327613,0.00848628,0.0269822
0.00547422,0.00377912,0.00115197,0.0144695,0.00273815,0.00395072
0.0104019,0.0050322,0.00503502,0.00842544,0.00172651,0.00264712
0.0161732,0.0100165,0.00717568,0.00561922,0.00106732,0.00311573
0.0277524,0.0175512,0.0281077,0.127637,0.0330983,0.0426668
0.00787926,0.005704,0.00770985,0.0363266,0.0128954,0.0171251
0.00650434,0.00462098,0.00308825,0.0169725,0.00375634,0.00554857
0.0194201,0.012736,0.00709484,0.025228,0.00528637,0.00271217
0.0212599,0.0142924,0.00676581,0.026117,0.0058444,0.00467542
0.0260661,0.017465,0.0147453,0.054971,0.015699,0.0106087
0.00493322,0.00352362,0.00144721,0.0152828,0.002917,0.00208053
0.0268858,0.0174731,0.0203991,0.0819679,0.0233068,0.0272148
0.0275613,0.0179969,0.0134764,0.0535486,0.0145229,0.00860678
0.033432,0.0122639,0.0172558,0.0732188,0.0191796,0.0194482
0.0349183,0.0122686,0.0183642,0.0749126,0.0193437,0.0188115
0.0209926,0.013792,0.0110918,0.0328726,0.00927815,0.023332
0.0408943,0.0261113,0.0127703,0.101361,0.0250092,0.0327172
0.00519541,0.00371166,0.00194652,0.0137164,0.00358989,0.000501265
0.00914142,0.00591311,0.00417531,0.0206388,0.0031141,0.00230381
0.0117261,0.00829072,0.00611283,0.021153,0.00556879,0.00300519
0.0147382,0.00988073,0.00350059,0.0321835,0.00763428,0.0123425
0.0050286,0.00360203,0.00746846,0.0225552,0.00552939,0.00676044
0.00445342,0.00296891,0.00206091,0.0180223,0.00453183,0.00254752
0.00954116,0.00657955,0.00362861,0.0106959,0.00477068,0.0101566
0.0144205,0.00740108,0.00492793,0.0267089,0.00876683,0.0156054
0.0259961,0.0139533,0.0239782,0.110702,0.0301563,0.0349379
0.0232099,0.00962048,0.0143125,0.0511867,0.0106988,0.0167362
0.0155953,0.0106835,0.00589873,0.0358796,0.00918429,0.00614697
0.0159954,0.0110989,0.00492181,0.0259553,0.00743569,0.00671363
0.0461125,0.0287072,0.0142052,0.0598487,0.0154872,0.0219153
0.0241045,0.0106413,0.00832307,0.0529654,0.014225,0.0203486
0.0235876,0.00959712,0.00733883,0.0376931,0.0079644,0.0217315
0.00797082,0.00562016,0.00161749,0.0129365,0.00430519,0.00121897
0.024704,0.0134479,0.00724306,0.0476568,0.0116538,0.0196311
0.0168863,0.0113763,0.0134353,0.0941462,0.0221528,0.0152529
0.0219802,0.0138875,0.0312168,0.117597,0.0312979,0.0548354
0.0138721,0.0098478,0.00407909,0.0223741,0.00834214,0.00221859
0.012812,0.0087156,0.00520509,0.0246166,0.0047361,0.00569003
0.0268441,0.0172464,0.0106603,0.0373058,0.0099321,0.0138042
0.00613078,0.00405663,0.00274522,0.0161938,0.00353313,0.00255033
0.00977432,0.00666797,0.00405229,0.0206331,0.00336708,0.0021211
0.00990941,0.00673455,0.00540329,0.01926,0.00497799,0.00354605
0.00980321,0.00632687,0.00474896,0.0219148,0.00526639,0.00336467
0.0220122,0.0121464,0.0076723,0.0411219,0.0127197,0.00747455
0.0113199,0.00786437,0.00365106,0.0237699,0.00584841,0.00337759
0.039116,0.0258104,0.0253891,0.0613844,0.0143293,0.0166774
0.0145754,0.00980589,0.0139463,0.0429283,0.0102902,0.0172604
0.0104044,0.00708824,0.0041193,0.0133662,0.00409412,0.00569191
0.0133595,0.00926173,0.00243078,0.017879,0.0050292,0.00926815
0.0655074,0.0359926,0.0464405,0.169673,0.0416652,0.088198
0.0342888,0.0188536,0.0461058,0.198048,0.0489742,0.0807085
0.0461067,0.0294357,0.0155604,0.0662647,0.0183113,0.010973
0.0232205,0.0112552,0.00823336,0.047435,0.0116154,0.0243441
0.0221096,0.0100826,0.00744676,0.0399521,0.00864872,0.0259978
0.0477051,0.0268639,0.0629378,0.227219,0.0580138,0.0696415
0.0176109,0.0118414,0.00523595,0.0180042,0.00543326,0.00818722
0.0358169,0.0217878,0.018407,0.0826917,0.023348,0.024013
0.00899359,0.00597694,0.00310757,0.0123688,0.00303283,0.00173336
0.025445,0.0104261,0.0140111,0.110527,0.029001,0.0297965
0.0475159,0.0239679,0.0309933,0.14944,0.035453,0.0443765
0.0162725,0.0109128,0.0163424,0.0578156,0.0142022,0.0258225
0.0258405,0.0125424,0.00811247,0.037806,0.0103128,0.0143141
0.0190064,0.0128648,0.00565196,0.0155671,0.00441205,0.01232
0.0626759,0.0332212,0.0196807,0.0863842,0.0214256,0.0250881
0.0262795,0.0173271,0.00773625,0.0373458,0.0114742,0.0157717
0.0272957,0.0175564,0.00853842,0.0320537,0.00828458,0.00299693
0.0415678,0.0261679,0.0100971,0.0481222,0.0132231,0.0363363
0.00851264,0.00563966,0.0040175,0.019094,0.00522753,0.00100719
0.0151806,0.0100922,0.00717762,0.0326932,0.00898526,0.0097291
0.0165145,0.0108139,0.00581424,0.0272219,0.00478151,0.00857246
0.0111741,0.00750585,0.00431874,0.0164562,0.00351703,0.00306879
0.0122816,0.00830475,0.00412012,0.0135258,0.00512398,0.00295448
0.00910924,0.0062426,0.00656929,0.00262474,0.00132918,0.0142016
0.036575,0.0238172,0.0164806,0.0739708,0.0214174,0.0161474
0.0291688,0.0161292,0.0198589,0.108036,0.0263819,0.0198089
0.0206464,0.013776,0.00779254,0.034513,0.0105612,0.0107822
0.0109035,0.00745176,0.00458096,0.0153078,0.00333639,0.00240446
0.0275112,0.0181987,0.0107616,0.0312737,0.00833637,0.012418
0.0103529,0.0068395,0.00392653,0.0191637,0.00563483,0.00386919
0.0106238,0.00747656,0.00277031,0.017466,0.00565757,0.00404618
0.0123882,0.00813163,0.00396936,0.0187489,0.00410073,0.0067384
0.0104772,0.00714514,0.00375706,0.0176995,0.00446132,0.00917085
0.00895382,0.00601201,0.00337404,0.0178196,0.00410814,0.00179542
0.0068155,0.00472805,0.00302557,0.0189049,0.00317051,0.000983745
0.0126232,0.00898825,0.00959477,0.0256031,0.00525286,0.00954725
0.00903015,0.00644236,0.00193584,0.0113634,0.00409904,0.00795916
0.0349207,0.0225402,0.00913653,0.0440939,0.0106917,0.0203984
0.0327625,0.0209272,0.0210636,0.076964,0.0173509,0.0169531
0.0204351,0.0128048,0.0100418,0.0417112,0.0102294,0.0234655
0.0123285,0.00830941,0.00476238,0.0256138,0.00770915,0.00598375
0.0465497,0.0286511,0.0179358,0.0687994,0.0167299,0.0161448
0.0078921,0.00528754,0.00428298,0.0221861,0.0051001,0.00207493
0.00601355,0.00382136,0.00292155,0.0121668,0.00252472,0.00152796
0.0169926,0.0109682,0.00712789,0.0303829,0.00676123,0.00497578
0.00681893,0.0047864,0.00362589,0.0126009,0.00305434,0.00272577
0.0567375,0.0313516,0.0222667,0.0983963,0.0259265,0.0248546
0.0195792,0.0128301,0.0185037,0.0641733,0.0168957,0.0138556
0.00452216,0.00299211,0.00211889,0.012794,0.00395473,0.00646658
0.0183591,0.0126295,0.00442588,0.034366,0.00766787,0.00442925
0.00589327,0.00411086,0.00373059,0.0141672,0.00212762,0.0030698
0.00933131,0.00673936,0.00274115,0.0207674,0.00624952,0.00436657
0.00732173,0.00529119,0.00503661,0.0348549,0.010292,0.00404587
0.0105598,0.00720834,0.00925675,0.0343807,0.00937248,0.00782709
0.0245669,0.0165715,0.00838785,0.0359959,0.0101853,0.0040212
0.0312059,0.0185371,0.0294849,0.137206,0.0348857,0.0411421
0.0138713,0.00909879,0.0233668,0.0631939,0.0190766,0.0328795
0.00937695,0.00624511,0.00734903,0.0439515,0.0101044,0.00440526
0.0603769,0.0353029,0.0216802,0.142753,0.0377849,0.0249752
0.00837578,0.00582264,0.00207592,0.0176611,0.00466601,0.00134616
0.0153848,0.0104162,0.00520169,0.0257462,0.00620895,0.00512801
0.0385193,0.0247432,0.0127036,0.0488995,0.012052,0.0181177
0.0221201,0.0146161,0.0316596,0.109082,0.0309521,0.0302909
0.0188396,0.012379,0.00591872,0.0289068,0.0070794,0.00539964
0.00597556,0.00400862,0.0028613,0.0139918,0.0044186,0.00472307
0.00671143,0.00466018,0.00163296,0.0154119,0.00388462,0.00128789
0.0126761,0.00837684,0.00390721,0.0319602,0.00938504,0.00539698
0.0218431,0.0127695,0.0129768,0.0760078,0.0231282,0.018355
0.0239791,0.0127901,0.0133975,0.069623,0.0199236,0.0144078
0.00809245,0.0055727,0.00222221,0.0140234,0.0036528,0.00407311
0.0285357,0.0191175,0.0119695,0.0439429,0.00926486,0.0312484
0.00597475,0.00369524,0.00419829,0.0142769,0.00288516,0.00425714
0.0136473,0.00878291,0.00552004,0.025067,0.00492922,0.00405526
0.0138085,0.00958834,0.00518834,0.0187263,0.00485574,0.0147106
0.0209653,0.013774,0.0300302,0.10709,0.0285779,0.0298533
0.00527144,0.00355845,0.00155371,0.0153179,0.00367029,0.00722561
0.0276983,0.0176354,0.0124851,0.0740426,0.0191216,0.0201984
0.0243184,0.0155973,0.0148925,0.0683346,0.0178337,0.0294464
0.016364,0.0110765,0.00518266,0.0330371,0.00792299,0.0063118
0.0320019,0.0192673,0.0256553,0.091956,0.0237386,0.0476447
0.0236549,0.0156375,0.00631572,0.0400649,0.0105086,0.00965323
0.0232392,0.0156552,0.0089557,0.0421083,0.0116031,0.0196271
0.0229394,0.0158212,0.0157915,0.0451813,0.0127835,0.0384268
0.0106745,0.00781245,0.00422635,0.0171218,0.00412996,0.00288434
0.0216107,0.0133205,0.0123458,0.0763982,0.0186219,0.0389761
0.00611086,0.0040918,0.00128554,0.0157321,0.00389118,0.00491265
0.0168142,0.0070437,0.0102783,0.0797195,0.0259843,0.0168536
0.0309939,0.0180269,0.0317017,0.123409,0.029223,0.0277441
0.00751969,0.00421505,0.00305383,0.0178895,0.00576186,0.00311349
0.0224263,0.0150732,0.00494897,0.0290107,0.00762535,0.0148452
0.0315162,0.0191229,0.0169193,0.0755779,0.0182712,0.0245513
0.0151256,0.0102578,0.00315418,0.0224877,0.00702139,0.0109721
0.0331538,0.013465,0.0115023,0.0553454,0.0166297,0.0163325
0.048936,0.0213841,0.0162786,0.0602727,0.015688,0.0207651
0.0193129,0.013343,0.0128827,0.0448592,0.0107526,0.017948
0.0173093,0.011745,0.00505572,0.0198871,0.00615362,0.00378691
0.027361,0.0142598,0.0114576,0.0327998,0.00873737,0.00983593
0.00850485,0.00516693,0.00337008,0.0269023,0.00660479,0.0132882
0.014215,0.00937232,0.00408135,0.0263735,0.00591253,0.0132537
0.0201378,0.0139993,0.00981668,0.0371546,0.00919831,0.0158608
0.02363,0.0159297,0.00580304,0.0346498,0.00763041,0.010699
0.0217652,0.0146663,0.00723343,0.0540685,0.0120395,0.0104879
0.012434,0.00850722,0.0038844,0.0380518,0.0100504,0.0182433
0.0326749,0.0197375,0.015473,0.0543154,0.0128054,0.0138703
0.0252203,0.0165674,0.00865506,0.0359075,0.0093651,0.011623
0.0157095,0.0106877,0.00744899,0.0354053,0.0103053,0.0157284
0.012628,0.00912714,0.00636306,0.0227221,0.00573508,0.00508548
0.0211442,0.0144334,0.00725926,0.0270388,0.00645431,0.010511
0.0350823,0.0224851,0.0305366,0.197661,0.047872,0.0510666
0.0112707,0.00743116,0.00498823,0.0190488,0.00408153,0.00517538
0.0185915,0.0124166,0.00590052,0.0211404,0.00493854,0.00612926
0.0151059,0.0106352,0.00227931,0.0212386,0.00660664,0.00207692
0.01109,0.00773896,0.00468008,0.0136401,0.00469407,0.00461123
0.0249381,0.0162657,0.00636148,0.0378203,0.00791291,0.016882
0.00576929,0.00381311,0.00642082,0.00326116,0.000922936,0.0115341
0.0104111,0.00723031,0.003396,0.0163698,0.00475608,0.00314409
0.00689846,0.00511809,0.0101505,0.0214975,0.00643579,0.0014296
0.0376696,0.0232536,0.0475181,0.202207,0.0548892,0.0623484
0.0244447,0.015854,0.0162689,0.0744509,0.0180961,0.0246989
0.024053,0.0158697,0.0256,0.0621974,0.0197882,0.0288486
0.0115474,0.00823474,0.00324352,0.0190154,0.00464086,0.0107553
0.0225787,0.0146008,0.00938364,0.039065,0.00930643,0.0234312
0.0156858,0.0087226,0.00550771,0.0247942,0.00541004,0.00770895
0.0167158,0.0115202,0.00808663,0.0392299,0.0109605,0.00738715
0.0525086,0.0287868,0.0298474,0.139695,0.0349567,0.0523482
0.0138269,0.00946863,0.00383928,0.0330925,0.00938783,0.00222809
0.012122,0.00774208,0.0071025,0.0233357,0.00597494,0.0124774
0.026967,0.0165886,0.0144722,0.0657617,0.0166338,0.0333442
0.0124081,0.00851149,0.00439748,0.0154284,0.00509029,0.0075859
0.00699102,0.00463811,0.00293563,0.0111322,0.00350964,0.000258974
0.0157043,0.0104243,0.00394152,0.022426,0.00484425,0.0045145
0.0148432,0.0100171,0.00336484,0.0215977,0.00545071,0.0122854
0.0130338,0.00865467,0.00509513,0.0207651,0.00464718,0.00524754
0.00801114,0.00541145,0.00340399,0.0111726,0.00133695,0.00577414
0.00821012,0.00590808,0.0025245,0.00979877,0.00310171,0.00260369
0.041465,0.0235609,0.0265892,0.120434,0.0319969,0.0522599
0.0142961,0.0094336,0.00695996,0.0280001,0.00739464,0.0036562
0.00789122,0.00564738,0.00624804,0.0320183,0.00688302,0.0159164
0.0159737,0.0105526,0.00648952,0.0307621,0.00913827,0.0139509
0.0206376,0.0139889,0.00460255,0.0309898,0.00834098,0.006517
0.0203636,0.0128948,0.00715183,0.027251,0.00744958,0.00353191
0.0211401,0.014182,0.0158152,0.0727999,0.020559,0.0361692
0.0051475,0.00347906,0.00171469,0.0121215,0.00510545,0.0034162
0.0312051,0.0205908,0.00759541,0.0392391,0.0103397,0.0102656
0.00607783,0.00437429,0.00390851,0.0140728,0.0030501,0.00458508
0.00414007,0.0031963,0.00285083,0.0111106,0.00360394,0.00304373
0.0344121,0.0218243,0.0168604,0.0600801,0.0153823,0.0156445
0.0178113,0.00789903,0.00884837,0.0375307,0.010503,0.00702679
0.0172879,0.00776049,0.00827923,0.0319822,0.00923297,0.00646931
0.02279,0.00989163,0.00652063,0.026738,0.0080468,0.0177784
0.0226668,0.00971233,0.00664595,0.0252576,0.00635464,0.014501
0.0147938,0.0104705,0.00660696,0.022298,0.00602641,0.00615079
0.0101812,0.00724723,0.00392038,0.019258,0.0048682,0.00392065
0.0307413,0.020225,0.0182209,0.0943126,0.0254991,0.0438799
0.019295,0.00816062,0.007079,0.0389312,0.0118958,0.0112581
0.0194894,0.0080995,0.00700943,0.0399527,0.0104435,0.0107195
0.00836206,0.00598686,0.00197737,0.0365672,0.0125222,0.0200583
0.0112502,0.00756155,0.00368334,0.0235985,0.00531934,0.00500404
0.00685215,0.0045756,0.00440615,0.021286,0.00559808,0.00280041
0.0216325,0.0101364,0.00552011,0.0335234,0.00843134,0.00856251
0.0204818,0.0101383,0.0054534,0.0313746,0.00767893,0.00701557
0.0165767,0.0114138,0.00668872,0.0283483,0.00755051,0.0129428
0.017523,0.0119683,0.00553964,0.0307582,0.00870735,0.00764394
0.0143628,0.00972417,0.00499823,0.0215497,0.00516889,0.0104476
0.0622322,0.0357699,0.0660302,0.288412,0.0785027,0.116432
0.0101995,0.00722492,0.00425426,0.0189442,0.00426805,0.00599272
0.00577762,0.00421684,0.00219657,0.0181153,0.00356049,0.00307561
0.0109447,0.00741774,0.0118441,0.0549815,0.0130593,0.0236439
0.00477198,0.00310668,0.00183352,0.0113921,0.00266081,0.00435744
0.0140579,0.00990224,0.00856643,0.0435301,0.0137568,0.0121403
0.0379874,0.0253454,0.015976,0.0801475,0.020069,0.0353102
0.014683,0.0102685,0.00979609,0.0395612,0.0112527,0.0105251
0.010098,0.00715936,0.0049058,0.0189609,0.00387135,0.0193548
0.033574,0.0210859,0.00886935,0.0510204,0.0112846,0.0120454
0.00450179,0.00293628,0.00233551,0.0113471,0.00352682,0.00167875
0.0130368,0.00879657,0.00713056,0.0437186,0.0121634,0.00780977
0.0296117,0.019544,0.0128759,0.0412084,0.0106245,0.00981561
0.0142631,0.00950888,0.00474606,0.0257928,0.00683004,0.00444448
0.00441718,0.00314524,0.00257015,0.0149047,0.00243152,0.00178121
0.0176084,0.0119996,0.00695853,0.0234498,0.00864242,0.0157662
0.00883378,0.00593654,0.00234812,0.0220938,0.00589774,0.00560004
0.0109323,0.00717723,0.00356107,-0.00233975,0.000201001,0.00304794
0.059087,0.0311003,0.048682,0.29664,0.0733373,0.0891379
0.0235291,0.0156525,0.023136,0.160416,0.0432002,0.114877
0.0222599,0.0144448,0.0141854,0.0505577,0.0143079,0.0140773
0.00691552,0.0044523,0.00354277,0.01519,0.00319357,0.00598174
0.00862482,0.00623283,0.00322126,0.0241672,0.00621215,0.00815964
0.0218686,0.0146747,0.0174288,0.0768788,0.0207857,0.0293251
0.0275647,0.0139628,0.00747669,0.0394874,0.0102949,0.01355
0.0131354,0.00867469,0.00523198,0.0207476,0.00499866,0.0117849
0.0162549,0.0109058,0.00624345,0.0163231,0.0047279,0.00696007
0.0105508,0.00698355,0.00498475,0.0146067,0.00408186,0.00529387
0.0190157,0.0127502,0.0239637,0.0718019,0.0201647,0.0369863
0.0110411,0.00779891,0.00649954,0.00277058,0.000633765,0.00754557
0.0178467,0.0122049,0.00517044,0.0224411,0.00664947,0.00924095
0.0304665,0.0195613,0.00939812,0.0407651,0.0100318,0.0101951
0.00551655,0.00398721,0.00233614,0.0129286,0.00348436,0.00210269
0.0318903,0.0209866,0.0162144,0.0730307,0.0219908,0.0133498
0.00976318,0.00699817,0.00685344,0.0210112,0.00555651,0.00645555
0.0160132,0.0110811,0.00644096,0.0269987,0.00800879,0.0108767
0.0134989,0.00920251,0.0056509,0.0216656,0.0060729,0.00862101
0.0143902,0.00972158,0.00482429,0.0219754,0.00621299,0.00962611
0.012583,0.00840184,0.00497925,0.0251838,0.00534682,0.00714006
0.00813511,0.00555311,0.00525172,-0.000224409,0.000898924,0.00533103
0.0174222,0.0121238,0.00859234,0.0156321,0.00375386,0.00956943
0.0314277,0.0199011,0.0109933,0.05449,0.0133364,0.0143068
0.00938884,0.00651448,0.00309161,0.0138112,0.00485018,0.0063032
0.0484338,0.0309475,0.0176397,0.0624908,0.0171261,0.0231361
0.0518106,0.0294826,0.0228368,0.0862291,0.022106,0.0211409
0.00685456,0.00466965,0.00227425,-6.84182e-05,0.000402603,0.0047125
0.0105369,0.00725158,0.00208074,0.0150385,0.00448922,0.00625616
0.0189708,0.0112516,0.00947438,0.0375278,0.01044,0.0213191
0.0163558,0.0100853,0.00766744,0.029058,0.00683967,0.0145707
0.0265531,0.0167678,0.0114885,0.0420501,0.0106016,0.0101901
0.0154026,0.0103848,0.0105825,0.0518394,0.0139738,0.00821523
0.0138009,0.00942137,0.011651,0.0300288,0.00876321,0.0194995
0.00593693,0.0040218,0.00293243,0.0181009,0.0025721,0.00452341
0.0104731,0.00707207,0.00422263,0.000345262,0.000573887,0.002149
0.0102349,0.00644516,0.00361295,0.0232481,0.00666762,0.00944073
0.0118041,0.00804756,0.00437089,0.0232614,0.00507615,0.00980131
0.0218471,0.0151589,0.00823753,0.0446443,0.0123044,0.020709
0.0227872,0.0156782,0.00533234,0.0317083,0.00890158,0.0166053
0.00570411,0.00407426,0.00314228,0.0132876,0.00388152,0.00274941
0.0227931,0.0147668,0.00746152,0.0474855,0.0124557,0.0148551
0.0323104,0.0213295,0.0116535,0.0429108,0.00918151,0.0107723
0.00812403,0.00602829,0.00381967,0.016487,0.00621804,0.00786029
0.0279602,0.0179351,0.0254068,0.139636,0.0366191,0.0607187
0.00979971,0.00669627,0.00392836,0.0180441,0.00421829,0.00553443
0.0199113,0.0132033,0.0225641,0.0449703,0.0133086,0.0229429
0.0123844,0.00856473,0.00459958,0.0227913,0.00577747,0.00293683
0.0200339,0.0129398,0.00897718,0.0351078,0.00912042,0.0167582
0.0475554,0.0299512,0.018305,0.102428,0.0257786,0.0167047
0.00464951,0.00339732,0.00235592,0.0160229,0.00440365,0.0039488
0.0145732,0.00978941,0.00479947,0.0179362,0.0045096,0.00198765
0.00839113,0.00597375,0.0056964,0.0246902,0.00597764,0.00273559
0.0140145,0.00943983,0.00743599,0.0336531,0.010727,0.0175022
0.0101871,0.00713175,0.00521837,0.0254929,0.00680496,0.017351
0.0137244,0.0093665,0.0167311,0.0831334,0.0222292,0.0223376
0.0195569,0.0134415,0.00727231,0.00639336,0.00195904,0.00442759
0.0363932,0.0216639,0.0163375,0.0936645,0.026756,0.0200682
0.0623121,0.0367456,0.0244653,0.0774292,0.020973,0.021904
0.0135911,0.0089355,0.00291677,0.0274482,0.00775773,0.00892702
0.0365923,0.0242886,0.0206264,0.042159,0.00984615,0.010996
0.00782236,0.00555004,0.00231134,0.0136296,0.00307712,0.00263687
0.0203233,0.0136695,0.0102342,0.0610044,0.0158227,0.00884106
0.0171301,0.0115888,0.0110925,0.0309779,0.0102093,0.00740911
0.0187059,0.00996377,0.0068023,0.0398751,0.0119894,0.00990103
0.016889,0.00919217,0.00556078,0.0304676,0.00801853,0.0077768
0.0184562,0.0121849,0.00791934,0.0576644,0.0142729,0.011059
0.0105401,0.00742169,0.00461473,0.0420325,0.00926928,0.00594425
0.0137052,0.00927609,0.0050315,0.0296932,0.00656307,0.00734564
0.0126962,0.00866517,0.00716678,0.0252714,0.00663986,0.0132581
0.0538477,0.0310578,0.0175381,0.088596,0.024484,0.0275952
0.0260531,0.00916298,0.00973485,0.0233734,0.00599627,0.0103703
0.00808108,0.00569852,0.0045324,0.0187209,0.00577173,0.00380356
0.00902207,0.00577209,0.00254564,0.0165117,0.00423825,0.00179439
0.00827683,0.00540247,0.0029806,0.0102108,0.00390961,0.0047118
0.0379813,0.0246801,0.0131732,0.0466396,0.0119592,0.0181837
0.0427189,0.0271769,0.0244224,0.105566,0.0285694,0.0407473
0.00842124,0.00565608,0.00308977,0.00782271,0.00186468,0.00349533
0.0178068,0.0125497,0.0106746,0.0386687,0.00992531,0.00939163
0.0377478,0.0169337,0.0152044,0.0925222,0.0275698,0.0264193
0.0465266,0.0171383,0.0206901,0.117458,0.0328097,0.0326354
0.0200368,0.00755102,0.00865174,0.044888,0.0106194,0.00830719
0.00911181,0.00614169,0.00570986,0.0261308,0.007861,0.00757928
0.0105446,0.00737522,0.00737581,0.0262297,0.00647703,0.0109883
0.0108242,0.00733504,0.00269988,0.0145995,0.00439006,0.00595031
0.0311182,0.0191067,0.0230649,0.0764028,0.0205724,0.0249975
0.00821635,0.00575776,0.00326409,0.0232206,0.00453076,0.00353223
0.0197004,0.0131526,0.0195693,0.0661563,0.0177731,0.0270118
0.0123915,0.00842736,0.00474366,0.0143547,0.00489819,0.00450126
0.00839688,0.00590905,0.00373245,0.0162836,0.0036563,0.0089501
0.0212702,0.0141856,0.00708183,0.0236725,0.00693323,0.00245825
0.0291351,0.0189466,0.0204217,0.0947193,0.0261326,0.0236997
0.0118703,0.00838265,0.0041859,0.0042032,0.00017096,0.00316373
0.0337315,0.0223929,0.00985438,0.0398559,0.0112688,0.0206205
0.0296852,0.0188621,0.00891529,0.0406437,0.0108748,0.0158164
0.00475138,0.00332378,0.00244013,0.0130556,0.00352744,0.00335623
0.0264273,0.0170856,0.0109195,0.0656997,0.0187846,0.00964949
0.0135837,0.00897657,0.00390268,0.0172406,0.00488422,0.00109636
0.0115874,0.00811188,0.00403749,0.0212008,0.00385934,0.00943456
0.0111572,0.00776556,0.00339693,0.0205986,0.00609897,0.00395443
0.0228282,0.0152115,0.0106308,0.0482558,0.0128057,0.0196762
0.00629493,0.00442097,0.00392357,0.0211485,0.00577097,0.00299678
0.00965733,0.00669178,0.0119707,0.051798,0.0128492,0.00810845
0.0754931,0.0436592,0.0242595,0.104767,0.0269802,0.0423643
0.0280271,0.0187,0.0124003,0.0549723,0.0150576,0.00948022
0.00934105,0.0060216,0.00228256,0.0155843,0.00387181,0.00669552
0.0107024,0.00721355,0.015773,0.0764217,0.022118,0.00977512
0.0139002,0.00949526,0.00322326,0.0319504,0.00951177,0.00454278
0.018813,0.012248,0.019067,0.0824287,0.0188332,0.0348327
0.0187459,0.0100223,0.00844859,0.0292575,0.00735113,0.00832689
0.00475356,0.00356989,0.00231218,0.0124432,0.00361871,0.00126721
0.0150601,0.00982397,0.00785993,0.0353734,0.0100508,0.0102023
0.0204408,0.0131887,0.00719007,0.0343499,0.00805455,0.0134078
0.0174146,0.0114835,0.00468352,0.0256063,0.00758899,0.0124764
0.0513321,0.0293581,0.0191152,0.0832039,0.0215881,0.0254687
0.0180101,0.0117741,0.00636491,0.0250367,0.00596883,0.00719563
0.020525,0.0134453,0.00601578,0.0419471,0.0102036,0.0159776
0.0164509,0.0107897,0.00501588,0.0319968,0.00827503,0.00702098
0.014195,0.0102215,0.0105169,0.0404332,0.010257,0.0236319
0.0354238,0.0229718,0.0105787,0.0817499,0.0229103,0.0528338
0.0420324,0.0230493,0.0384261,0.162712,0.0398292,0.0817413
0.0113764,0.00771986,0.00536499,0.0328326,0.00827008,0.0061483
0.00904243,0.00611665,0.00323426,0.0168808,0.00394443,0.00265917
0.0336491,0.0217872,0.0218049,0.0982233,0.0266664,0.0505646
0.0190905,0.0124852,0.0149017,0.0727752,0.0176128,0.0265873
0.022042,0.0144941,0.0068434,0.0248585,0.00604518,0.0119098
0.0125401,0.00828976,0.00436251,0.0144026,0.0057693,0.00922223
0.0178009,0.0117649,0.00472293,0.0254072,0.00668265,0.0039139
0.033007,0.0209962,0.0140031,0.058622,0.0166066,0.0234936
0.00674185,0.00468937,0.00428919,0.0134558,0.00351102,0.00496195
0.0151971,0.0103409,0.00699994,0.0269458,0.00589778,0.00501906
0.0135409,0.00909451,0.00410311,0.0149693,0.00386969,0.00846662
0.0359038,0.0235356,0.0218849,0.0757314,0.0170136,0.0238836
0.0237281,0.0157116,0.018593,0.0655065,0.0191669,0.0164804
0.00515451,0.00380352,0.00136517,0.0200223,0.00597993,0.00095723
0.0153777,0.00777642,0.0116133,0.046056,0.0112375,0.00919772
0.0163795,0.0077981,0.0114115,0.0441457,0.00982144,0.00833994
0.00838631,0.00584913,0.00622956,0.00403089,0.00114964,0.00306755
0.0270688,0.0179991,0.0174844,0.101197,0.0238119,0.0238344
0.00443631,0.00331413,0.00126712,0.00943274,0.00133218,0.00376489
0.014408,0.00962249,0.00411341,0.0256073,0.00433949,0.00678791
0.00544064,0.00368697,0.00197415,0.0195967,0.00428493,0.00787326
0.00561732,0.00393647,0.00266606,0.0261423,0.00744607,0.00317601
0.0258717,0.0170244,0.0187403,0.0716681,0.017632,0.0266511
0.0139379,0.00896378,0.00968336,0.00973279,0.00136658,0.015882
0.0189677,0.0122521,0.0130396,0.0444067,0.0123447,0.0154627
0.00560409,0.00393588,0.00188067,0.0175283,0.0062276,0.00310532
0.0091052,0.00641119,0.00548477,0.0242817,0.00695343,0.00531074
0.0101181,0.00702206,0.00297422,0.0205315,0.0058807,0.0107364
0.00569991,0.00414679,0.00129699,0.0180258,0.00529331,0.00309974
0.0106268,0.00752037,0.0035432,0.0154133,0.00347772,0.00412058
0.034038,0.0252209,0.0137293,0.05995,0.0164127,0.0198743
0.0655829,0.0267323,0.0398418,0.172862,0.0440314,0.0424157
0.0608001,0.0267718,0.0400763,0.158712,0.038015,0.0392287
0.00885474,0.00596868,0.00430473,0.0167878,0.00450903,0.00646768
0.00800545,0.00546194,0.0021968,0.0190713,0.00345615,0.00431245
0.0131347,0.00595993,0.00523452,0.0291636,0.00772504,0.00834798
0.00760179,0.00524461,0.0028324,0.0155633,0.0040407,0.00518476
0.00498177,0.00371987,0.00307295,0.0147837,0.00328724,0.00632603
0.0220776,0.0117049,0.0129967,0.0585084,0.0154579,0.0131537
0.028023,0.0185611,0.0102006,0.0277436,0.00831611,0.0154745
0.0203005,0.0139854,0.0096356,0.0312454,0.00794341,0.00899613
0.0103811,0.0070899,0.00391908,0.0201469,0.00533477,0.00581862
0.0157862,0.0104456,0.00970601,0.0511164,0.0152156,0.0147524
0.0099845,0.0067811,0.00403929,0.0180479,0.00472068,0.00308635
0.0226569,0.0143977,0.00674576,0.0336541,0.0090698,0.00449646
0.00910308,0.00647868,0.00352244,0.0156627,0.00315685,0.0134344
0.0112857,0.00805275,0.00500337,0.0118584,0.00345961,0.00345296
0.0141003,0.0080232,0.00645436,0.0390837,0.010787,0.0050376
0.0153815,0.00800779,0.00658437,0.0392977,0.00966096,0.00486615
0.0102505,0.00712048,0.00497822,0.0111941,0.00384838,0.00578588
0.0192587,0.0123857,0.00600009,0.0176315,0.00568375,0.00891424
0.0128118,0.00735458,0.00305424,0.0195758,0.00576559,0.00747761
0.0445957,0.0274798,0.0135558,0.075241,0.0176445,0.0308595
0.00770708,0.00544326,0.00347388,0.00879533,0.00286758,0.00606624
0.0254214,0.0172142,0.00932297,0.0349146,0.00902934,0.00914294
0.0122236,0.00815419,0.00446623,0.0219183,0.00520079,0.00301796
0.0202744,0.013516,0.00764284,0.0060194,0.00110415,0.00500975
0.0042654,0.00303809,0.00181228,0.0136202,0.00325203,0.0034607
0.0335169,0.0172773,0.0110357,0.0361446,0.0104546,0.00878315
0.0302543,0.0159779,0.0100601,0.0271208,0.00771759,0.00754009
0.0356882,0.0220189,0.0146115,0.0704325,0.0198299,0.0620657
0.0207907,0.013989,0.0096679,0.0391486,0.013759,0.0225171
0.00917244,0.00595306,0.00309714,0.00341075,0.000638867,0.00397153
0.0111694,0.00780929,0.00323586,0.0162715,0.00399804,0.00262722
0.0246724,0.0161356,0.0110985,0.0851887,0.0229595,0.0249182
0.00813859,0.00541789,0.00309246,0.016412,0.00352337,0.00141209
0.0117381,0.00662057,0.0041105,0.0250451,0.00659472,0.00399265
0.0294747,0.0190469,0.00935078,0.0315962,0.00776698,0.00612661
0.0173245,0.0114891,0.0076979,0.0299357,0.00837738,0.00786788
0.0144951,0.00948109,0.00551076,0.0276238,0.00799781,0.00372952
0.017276,0.012088,0.0056723,0.0191975,0.00665806,0.000825038
0.00617902,0.00411409,0.00378381,0.0149699,0.00200712,0.00617868
0.026081,0.0172211,0.00734463,0.0286791,0.00769497,0.00394128
0.0227229,0.0145545,0.0230106,0.0854141,0.0247674,0.0203706
0.0157398,0.0105639,0.0127874,0.0472466,0.0122058,0.0246668
0.0114108,0.00785715,0.00426969,0.0231773,0.00521355,0.00639223
0.0275322,0.0186339,0.0132215,0.0428276,0.0101842,0.0161368
0.0103286,0.00702785,0.00445944,0.0214623,0.00572938,0.00484982
0.00979416,0.00649393,0.00550613,0.0110507,0.00446062,0.00116146
0.0173216,0.0117941,0.00746006,0.0344287,0.0103384,0.00768795
0.0368364,0.0232994,0.0123814,0.0422846,0.00929491,0.00473814
0.00879501,0.00592665,0.00309403,0.0136566,0.00395199,0.00151397
0.0122796,0.00847169,0.00691757,0.0458941,0.0123376,0.011357
0.014344,0.0100092,0.00966528,0.0185493,0.00473058,0.0017336
0.0160049,0.0105481,0.00389337,0.037786,0.00813857,0.00270958
0.0277445,0.0181062,0.0114313,0.0671738,0.0194624,0.0217227
0.0104438,0.00719199,0.00523188,0.0219153,0.00606949,0.00858995
0.0211239,0.0125493,0.00896754,0.0414953,0.00977778,0.0127993
0.0134836,0.00897331,0.00252268,0.0209702,0.00592906,0.0038473
0.00742451,0.00496016,0.0031949,0.00613396,0.00336203,0.00637066
0.0308993,0.0199429,0.0134684,0.0428108,0.0111047,0.00530843
0.0117971,0.00835071,0.00605693,0.0165264,0.00586951,0.00487723
0.0112266,0.00768771,0.00463592,0.0182153,0.0043071,0.00943843
0.0195183,0.0128987,0.00840798,0.0416878,0.0109212,0.0199093
0.0141941,0.00928289,0.006363,0.0223021,0.00582024,0.00393783
0.0622074,0.035692,0.0342724,0.143491,0.0360765,0.0276802
0.0246792,0.0166188,0.0139048,0.0467006,0.0124394,0.00955777
0.010369,0.00676238,0.00491579,0.0488621,0.0151514,0.00697679
0.0347744,0.023133,0.0158755,0.0869473,0.0267769,0.0095075
0.00681188,0.00497547,0.00331163,0.0149585,0.00446822,0.00659856
0.0251369,0.0164662,0.0153445,0.0391335,0.0121936,0.0391559
0.0321644,0.0164955,0.0137654,0.0510365,0.0140088,0.0341032
0.0353339,0.0165491,0.0144823,0.052053,0.0129326,0.0331356
0.00886185,0.00582305,0.00392018,0.00419682,0.00286961,0.00384574
0.0533001,0.0329544,0.0238957,0.0976848,0.0242439,0.0430701
0.00822436,0.00574468,0.00341536,0.0228047,0.00547408,0.00381188
0.0172774,0.0117962,0.00475375,0.0296677,0.00805619,0.0160698
0.00723428,0.0052292,0.0031315,0.0125401,0.00275336,0.00361098
0.0381733,0.0242584,0.0208742,0.0392303,0.0114346,0.0193968
0.00985285,0.00692892,0.00809154,0.0431122,0.0127945,0.0178667
0.0271468,0.0176646,0.0142239,0.0592799,0.0156624,0.0105719
0.0184297,0.00996406,0.00501633,0.0514985,0.0168345,0.0109715
0.038313,0.0149175,0.0145017,0.067599,0.0187373,0.0203202
0.0450516,0.0248516,0.0205925,0.0629304,0.0160816,0.0296486
0.0101549,0.00703457,0.0035952,0.0195735,0.00504842,-0.000189471
0.0106473,0.0073462,0.00368378,0.022766,0.00785039,0.00411022
0.00915804,0.00610029,0.00319683,0.0115725,0.00243426,0.0027996
0.00905719,0.00614617,0.00314633,0.0178839,0.00425217,0.00349737
0.0259324,0.0175304,0.0102501,0.00773513,0.00269622,0.0129485
0.00492342,0.00325439,0.00928511,0.0458048,0.0127613,0.0146712
0.00697867,0.00500567,0.00405742,0.0118472,0.00240806,0.0046688
0.0196333,0.0132994,0.00831513,0.0243145,0.00643956,0.00884704
0.0101186,0.00684828,0.00326191,0.0141008,0.00356232,0.00724583
0.0261304,0.0171432,0.00848155,0.0372899,0.00735311,0.0131901
0.0249251,0.0167393,0.00726969,0.0396602,0.00955555,0.0247324
0.0311898,0.0207502,0.0103612,0.0528282,0.0152999,0.0159747
0.0435402,0.0282055,0.01223,0.0547497,0.0166832,0.014063
0.0125974,0.00888368,0.00457774,0.0234959,0.00632971,0.00579059
0.0166813,0.0108752,0.00622591,0.0224914,0.005837,0.00659702
0.0197771,0.0133013,0.00473556,0.0453192,0.00913901,0.00440488
0.011642,0.00736369,0.00310456,0.0239352,0.00555572,0.00330029
0.00528448,0.00354578,0.00223832,0.02219,0.00780748,0.00590896
0.0221306,0.0149318,0.00831241,0.0272945,0.00696411,0.00541918
0.0605347,0.0261708,0.0309033,0.127645,0.0318681,0.0306282
0.0342652,0.0137687,0.0397901,0.165951,0.0462125,0.0341825
0.0137017,0.00958806,0.0122357,0.0305682,0.0071056,0.0153121
0.0377291,0.0239852,0.0186809,0.0789566,0.0224422,0.0240776
0.00734292,0.00535719,0.00343218,0.0102537,0.00304519,0.00527326
0.0141141,0.00945569,0.00440625,0.0201454,0.00536055,0.00764824
0.0155871,0.0107987,0.00617169,0.00427865,0.00187246,0.00922114
0.00535722,0.00382993,0.00224703,0.0100797,0.00335981,0.00360336
0.00849233,0.00552535,0.00590901,0.0158307,0.00365427,0.00263664
0.0260887,0.0174861,0.00847227,0.0428854,0.0138566,0.00480398
0.0175975,0.0113546,0.00467049,0.0289497,0.00671174,0.00664772
0.0155437,0.0108214,0.00516149,0.0245092,0.00739486,0.0118631
0.0280718,0.016871,0.0410812,0.199873,0.0508486,0.0621914
0.0149313,0.0103616,0.0108239,0.0334013,0.00982839,0.0106034
0.0131935,0.00880894,0.00447986,0.0235592,0.00662551,0.00328388
0.0332941,0.0172639,0.0119454,0.0584349,0.0178087,0.0166964
0.0269995,0.0110416,0.00757095,0.031837,0.00762599,0.0076197
0.00725828,0.00481613,0.00361227,0.0258925,0.00673502,0.001968
0.0276407,0.0179575,0.024453,0.121692,0.0314313,0.0406409
0.0417782,0.0269379,0.0143411,0.0487916,0.0140462,0.010247
0.0130295,0.00894603,0.00350353,0.0246311,0.0063757,0.0142881
0.0241731,0.0150425,0.00962822,0.0351882,0.00885275,0.00847559
0.0370159,0.0221534,0.0119237,0.0785835,0.0236665,0.00921387
0.0173104,0.0114233,0.00715204,0.0326969,0.0081574,0.00500457
0.0123778,0.00853292,0.00402341,0.0173892,0.00577966,0.00808629
0.00736086,0.00491951,0.00278215,0.0133076,0.00292929,0.00294388
0.0211053,0.0083941,0.00725703,0.0270474,0.00828013,0.0123514
0.0101253,0.00673011,0.00341394,0.0234818,0.0059301,0.00613071
0.0132615,0.00787109,0.00407981,0.0273013,0.00552245,0.00826217
0.00825451,0.00543611,0.00318375,0.0110151,0.00415861,0.00234242
0.00832837,0.00579245,0.00723613,0.0123365,0.00441192,0.00136906
0.0196779,0.0131947,0.00690522,0.0436465,0.0133057,0.0203089
0.0110356,0.00763602,0.00401532,0.0167732,0.00449513,0.00677901
0.0134353,0.00919271,0.00459804,0.0184618,0.00432179,0.0119118
0.0155355,0.0101498,0.00762837,0.0354158,0.00962391,0.00846622
0.0320921,0.0195639,0.0235971,0.114821,0.0286561,0.0555797
0.0138412,0.00972697,0.00568441,0.0212154,0.0055689,0.0126243
0.0776345,0.0416113,0.0333354,0.148024,0.0351578,0.0355799
0.0287361,0.0189935,0.0100879,0.034891,0.00958025,0.00718334
0.0205695,0.0136586,0.00722201,0.03514,0.00852217,0.0166553
0.0169278,0.0113749,0.00723579,0.0313075,0.00887017,0.0124516
0.0223238,0.0137514,0.0206018,0.0916634,0.0252458,0.0309321
0.00633492,0.00427439,0.0016337,0.00147501,-4.76175e-05,0.00627188
0.00994313,0.00689103,0.00582077,0.034954,0.00863831,0.0142085
0.0174211,0.0119053,0.00823875,0.0311364,0.00846255,0.0132036
0.0119671,0.00789641,0.00341891,0.0300583,0.00712467,0.00203293
0.0182342,0.0125749,0.00600684,0.0197335,0.00520247,0.00294598
0.0337144,0.0210711,0.0120405,0.0504013,0.013446,0.0129552
0.0133076,0.00886721,0.00681558,0.0337238,0.0072527,0.00664672
0.0150334,0.0101055,0.0110833,0.0688435,0.0190463,0.0120764
0.00615076,0.00402202,0.00371614,0.0318006,0.00886266,0.00253489
0.0139873,0.00962189,0.00482196,0.0182991,0.00608151,0.00674242
0.0283861,0.0171156,0.0232895,0.120309,0.0279257,0.0198889
0.0241782,0.0162292,0.00964275,0.0413423,0.0107347,0.0217368
0.0266088,0.0176166,0.00614017,0.0566674,0.0163357,0.022323
0.0141448,0.00984452,0.00480827,0.024174,0.00715342,0.00511753
0.0166897,0.0112371,0.00591668,0.041971,0.0107684,0.0106785
0.0201632,0.0137024,0.00852088,0.0273592,0.00754399,0.0127977
0.0119907,0.00807908,0.00416116,0.0237243,0.00614278,0.00659926
0.0238568,0.0165235,0.00573671,0.037896,0.00992104,0.00758812
0.00671218,0.00468731,0.00346506,0.013906,0.00484062,0.00864909
0.00783948,0.00553653,0.00363952,0.0185808,0.00296177,0.00528662
0.0248021,0.016669,0.0104724,0.0532215,0.0140095,0.00995959
0.00645506,0.00432572,0.00204137,0.0235662,0.00505668,0.00611921
0.0141843,0.00931285,0.00425367,0.0344428,0.0108582,0.0102935
0.00706234,0.00539808,0.00232433,0.0207606,0.00527302,0.00249619
0.0102095,0.00667381,0.00259559,0.0128861,0.00296622,0.00607713
0.0188726,0.0122348,0.00648741,0.0331144,0.0102913,0.0139699
0.00856823,0.0055954,0.0111442,0.0360337,0.00986851,0.00748988
0.0306281,0.0191778,0.0176222,0.108474,0.0271093,0.0533866
0.0287512,0.019166,0.00946918,0.0323829,0.00924692,0.0129861
0.00552404,0.00381706,0.00331398,0.0100493,0.00271148,0.00252421
0.0196453,0.0133669,0.00651207,0.0260295,0.00819185,0.0183387
0.0144918,0.00955039,0.0120909,0.0774435,0.021714,0.0361162
0.0216232,0.0142139,0.00622219,0.0354438,0.00813339,0.0167252
0.00759856,0.00538676,0.00408723,0.0160093,0.00348778,0.00419261
0.0347167,0.0223696,0.0110319,0.0575403,0.0169382,0.0178841
0.00761566,0.00544695,0.00415759,0.000582069,0.000260698,0.012397
0.0156816,0.0102818,0.00479167,0.0323965,0.0084427,0.00925644
0.00907855,0.0061448,0.00349806,0.0113841,0.00389663,0.00834922
0.0178147,0.0123533,0.00839979,0.0260287,0.00638294,0.0125052
0.00796923,0.00544278,0.00225586,0.0161654,0.00357832,0.00250809
0.0272063,0.0181957,0.00922711,0.0288229,0.00648483,0.0109003
0.0138444,0.00951045,0.00620139,0.0205677,0.00409044,0.00701621
0.0180948,0.01206,0.00979438,0.0365049,0.011038,0.0149497
0.0104453,0.00726722,0.00368548,0.0149001,0.00352057,0.00957361
0.0109754,0.00737772,0.00327245,0.0156026,0.00478981,0.00908024
0.0255324,0.0171595,0.0121027,0.10911,0.0292554,0.0163429
0.00914199,0.00614908,0.00357175,0.0193738,0.00453881,0.00378854
0.0133785,0.00889058,0.0102299,0.0262591,0.00771873,0.00745935
0.0212461,0.0139733,0.0116621,0.0703043,0.0197371,0.0255754
0.0203104,0.013336,0.0124752,0.0420515,0.0118723,0.0202547
0.0102773,0.00698188,0.00415472,0.0199973,0.00483717,0.00243995
0.0105177,0.00755851,0.00966708,0.0203218,0.00551295,0.00325859
0.0174767,0.0117977,0.0217346,0.0688148,0.019187,0.0370719
0.0153595,0.0105847,0.00552007,0.0221795,0.00759431,0.00556166
0.0282879,0.017604,0.0233441,0.101548,0.0275615,0.0424303
0.00820936,0.00571006,0.0034354,0.0164828,0.00350608,0.00329295
0.0168954,0.011046,0.00645914,0.0265352,0.00632548,0.00416285
0.00945386,0.00661324,0.00733995,0.0313626,0.00615102,0.00663147
0.0175238,0.0115685,0.0149731,0.075611,0.0192332,0.0181265
0.00901398,0.00628254,0.00298836,0.00793277,0.00294085,0.00712358
0.0140722,0.00960066,0.00479487,0.0300796,0.00616375,0.00453252
0.00746925,0.0055536,0.00227836,0.0137316,0.00327979,0.00388755
0.0381705,0.0233372,0.0197269,0.0883361,0.024915,0.0397181
0.0140177,0.00903059,0.00434687,0.0271308,0.00584895,0.0088192
0.0168206,0.0110956,0.004885,0.031231,0.00896861,0.0151601
0.0119944,0.0079372,0.00424601,0.0196549,0.00532916,0.0046314
0.01181,0.00755738,0.00384618,0.025269,0.00665298,0.00692052
0.0150765,0.0100501,0.0065274,0.0403203,0.0106441,0.0136711
0.0311683,0.0200141,0.00858882,0.0598035,0.0152971,0.0147527
0.0283538,0.0181651,0.02179,0.135843,0.0364713,0.0410294
0.00772771,0.00559394,0.00875176,0.0315813,0.00886099,0.00483853
0.0154522,0.0107298,0.0052478,0.0247298,0.00539754,0.00591807
0.012679,0.00852928,0.0096336,0.0515123,0.0129839,0.0203592
0.0259057,0.0140081,0.0102648,0.0395185,0.00962435,0.00888739
0.0281217,0.0142834,0.0103815,0.0348931,0.00833476,0.00776834
0.0150748,0.0103658,0.00407781,0.022076,0.00573808,0.00344586
0.0301904,0.0145423,0.0233457,0.127881,0.0364404,0.032843
0.0292087,0.0113745,0.0167305,0.0728149,0.01731,0.0199234
0.0246157,0.0165032,0.0100332,0.0693851,0.0190788,0.00689189
0.0504977,0.025699,0.0239486,0.10319,0.027192,0.0167414
0.0462422,0.0257767,0.0228475,0.0936879,0.0237082,0.0148003
0.0263043,0.0171838,0.0286379,0.0966772,0.0240715,0.0261891
0.0527606,0.0327617,0.0194296,0.067024,0.014212,0.0161891
0.030064,0.01855,0.0191509,0.074372,0.0192457,0.0363497
0.00557242,0.00397225,0.00338157,0.00671499,0.00218968,0.00190828
0.0139605,0.009565,0.00647302,0.0237572,0.00670192,0.00535555
0.0052037,0.00359623,0.00185142,0.0185671,0.00566465,0.00495296
0.016032,0.0102863,0.00545805,0.00529488,0.00187085,0.0105152
0.0185017,0.0118145,0.00866723,0.0275311,0.00604475,0.00964652
0.00512704,0.00369421,0.00221505,0.0110708,0.00188954,0.00323075
0.00566864,0.00376406,0.00259314,0.0145551,0.00166541,0.00156831
0.0138758,0.0100343,0.00889232,0.0269012,0.00787799,0.0144063
0.0273781,0.0168803,0.0360821,0.176034,0.0494367,0.0920667
0.0506047,0.031015,0.0184418,0.0591414,0.0150519,0.0172821
0.0105884,0.00747477,0.00324142,0.0177194,0.0047077,0.00366495
0.0102832,0.00689747,0.00212769,0.0105407,0.0040753,0.00615567
0.0219563,0.0140841,0.00576686,0.0451147,0.0107504,0.00929893
0.017814,0.00870398,0.00580387,0.0456563,0.0126494,0.0118227
0.0161547,0.00860382,0.00537034,0.0374112,0.00944501,0.00820165
0.0316794,0.0183691,0.0357192,0.123332,0.0312604,0.0239997
0.0169331,0.0115155,0.00846162,0.0444159,0.0111967,0.00431457
0.00790593,0.00527673,0.00327919,0.0150391,0.00443011,0.00852675
0.0103952,0.00740887,0.00306514,0.0135986,0.00411016,0.00423297
0.0200349,0.0141756,0.00855126,0.0297417,0.00788516,0.00916641
0.0229251,0.0150291,0.0078627,0.0308048,0.00797662,0.0171402
0.0247549,0.0162961,0.00861971,0.0428796,0.0101955,0.0125357
0.0157425,0.0102552,0.005857,0.00849326,0.000915643,0.00309814
0.0107168,0.00714151,0.0038024,0.0267502,0.00742265,0.00411312
0.00685966,0.00474238,0.00261452,0.00930524,0.00436061,0.00281784
0.00761664,0.00537077,0.0044916,0.0279121,0.00882385,0.0131637
0.00630429,0.0041312,0.00262154,0.0105285,0.00170675,0.00205263
0.0173303,0.0119966,0.00565425,0.0295477,0.00757551,0.00698363
0.0346319,0.0229183,0.016849,0.0496574,0.010125,0.00482699
0.0422898,0.0247429,0.0186823,0.145395,0.0371582,0.0386936
0.00862513,0.00610356,0.00409929,0.0183987,0.00322838,0.00252916
0.0189191,0.0122563,0.00478107,0.0217505,0.0061996,0.015968
0.015729,0.0105554,0.00542768,0.0203064,0.0056595,0.00941543
0.025951,0.0170108,0.00988082,0.0310173,0.00746031,0.00563316
0.0396149,0.025184,0.0125097,0.0549992,0.0135784,0.0118454
0.0193228,0.0130734,0.0138837,0.0380033,0.010548,0.0201425
0.0229463,0.0156726,0.00610482,0.0480147,0.0132614,0.0096281
0.0235741,0.0154319,0.00903188,0.0427538,0.0116035,0.0103628
0.0220983,0.0147745,0.0113931,0.026759,0.0071384,0.00761581
0.0160721,0.0107282,0.00934017,0.0433372,0.0107995,0.0219914
0.023374,0.0159126,0.00728479,0.0275357,0.00535256,0.0182042
0.0137062,0.00923795,0.00454072,0.0217167,0.00652055,0.0061773
0.00943056,0.00629433,0.00340506,0.0156461,0.00549793,0.00329582
0.00629225,0.0041698,0.00274461,0.0104804,0.00402243,0.00409604
0.0121067,0.00852117,0.00819897,0.0660305,0.0161957,0.0341722
0.0108657,0.00741183,0.00378754,0.0203245,0.00495969,0.00596177
0.0241582,0.0157064,0.00829748,0.0350296,0.00886039,0.00513957
0.00847918,0.00564967,0.00413844,0.0129313,0.00374159,0.00792327
0.0131574,0.00878277,0.00657297,0.0207582,0.00477716,0.0127568
0.0346855,0.0226804,0.0223824,0.0957649,0.0273413,0.0770627
0.0303704,0.0202526,0.011353,0.0475271,0.0101649,0.00459864
0.0107871,0.00717269,0.00435744,0.0195177,0.00614016,0.00466103
0.00549428,0.00415375,0.00247527,0.00946344,0.00270139,0.00374238
0.00484597,0.00319602,0.00211236,0.00804066,0.00297577,0.00188148
0.00906439,0.00631351,0.00289363,0.0168458,0.00450358,0.0118073
0.0109503,0.00749654,0.00269821,0.0180759,0.00407255,0.0121068
0.0102121,0.00685057,0.00347738,0.0145862,0.00453032,0.00180542
0.0281094,0.0186681,0.0104629,0.0456596,0.0125495,0.0220088
0.0129164,0.00884145,0.00443314,0.023395,0.00675313,0.014337
0.0107308,0.00747041,0.00384144,0.0130371,0.00398462,0.00425829
0.0415834,0.0266084,0.0204212,0.0954667,0.0267332,0.0143944
0.0229558,0.0155874,0.00670326,0.0210169,0.00642643,0.00766284
0.0113252,0.00732014,0.00421232,0.013514,0.00281363,0.00415953
0.0124455,0.00803786,0.00514115,0.0197303,0.00421413,0.0027005
0.0220829,0.0143477,0.00669968,0.0455422,0.0118715,0.0178069
0.0235894,0.0154982,0.041587,0.132747,0.0316251,0.0430464
0.00600055,0.00437903,0.00401289,0.014896,0.00398247,0.00547139
0.0290835,0.0197928,0.00952713,0.0468579,0.0130596,0.017254
0.0260597,0.0159029,0.0143477,0.0521327,0.0141884,0.00894742
0.00988593,0.00685403,0.00709723,0.0184254,0.00610433,0.00442405
0.0102126,0.00697019,0.00405353,0.0127792,0.00229327,0.0064177
0.0124575,0.00861599,0.00574472,0.0160395,0.0059308,0.00738272
0.00936113,0.006293,0.00268999,0.0134491,0.00447538,0.0036088
0.0227826,0.014759,0.00579726,0.0280603,0.00778768,0.00840671
0.00531237,0.00407125,0.00148927,0.0150639,0.00455378,0.00649041
0.0389343,0.0250264,0.0122374,0.0540375,0.0144049,0.0108133
0.0245199,0.0163474,0.00475091,0.0351725,0.0100373,0.0161637
0.0266416,0.0121263,0.0153159,0.0722261,0.0200506,0.0246931
0.00740686,0.00525563,0.00331404,0.0175038,0.0049422,0.00370328
0.0177456,0.011181,0.00645402,0.0271537,0.00697132,0.0160016
0.0262709,0.00980928,0.0111063,0.0605813,0.0168405,0.0245737
0.0257303,0.0172818,0.0131657,0.0550257,0.0155714,0.00876455
0.0141783,0.00965189,0.00387212,0.0412044,0.0106289,0.013112
0.0101335,0.00705559,0.00602432,0.0396114,0.0102562,0.0120156
0.0145641,0.00980925,0.00930177,0.0501046,0.0143123,0.0287057
0.0756169,0.0428518,0.0886821,0.351823,0.0894003,0.118726
0.0161194,0.0109718,0.00485743,0.0204123,0.00466675,0.0035073
0.0323313,0.0202102,0.0169314,0.0526775,0.0128875,0.0155329
0.00918332,0.00607749,0.00317613,0.0164013,0.00529941,0.00248324
0.0225425,0.0145614,0.00703952,0.029783,0.00815898,0.00534348
0.0492424,0.0302316,0.01855,0.0785409,0.0180097,0.0119534
0.0181169,0.0119855,0.00862203,0.0352684,0.00956921,0.0146242
0.042914,0.0270093,0.0211825,0.0788135,0.0181383,0.0192069
0.0210211,0.0137614,0.00836045,0.0534852,0.0135202,0.010396
0.00865837,0.005911,0.00235412,0.0200682,0.00586231,0.00252137
0.019325,0.0131898,0.00603986,0.0250274,0.00781164,0.00739736
0.00753843,0.00509654,0.00355624,0.0139731,0.00399659,0.00287026
0.053503,0.0322204,0.029374,0.101405,0.0243023,0.0243395
0.0146235,0.00953431,0.00491919,0.0309325,0.00621792,0.00277388
0.00868327,0.00571015,0.00219885,0.0208419,0.00540922,0.010707
0.00565104,0.00393231,0.00142616,0.0139276,0.00414517,0.00172051
0.0502404,0.0304446,0.015438,0.0645625,0.0166595,0.00901082
0.045947,0.0290296,0.0282834,0.0769387,0.0204795,0.0371588
0.0125487,0.00849464,0.00426405,0.0162622,0.00470918,0.00941862
0.0134938,0.00925137,0.0043982,0.0437267,0.0101796,0.00968399
0.0210662,0.0139357,0.00804075,0.0230794,0.00674174,0.0133401
0.00935574,0.00661204,0.00426322,0.0242736,0.00651883,0.00466859
0.0263925,0.0170485,0.0114191,0.0551193,0.016453,0.0135275
0.0580222,0.026669,0.0226457,0.113827,0.0311468,0.0228707
0.0561763,0.0228972,0.0235452,0.0834149,0.0204737,0.0188885
0.012193,0.00835402,0.00391114,0.0230173,0.00542287,0.00454188
0.021569,0.0143265,0.0104157,0.0493933,0.0120898,0.016984
0.00609089,0.00442724,0.00244579,0.0100769,0.00377136,0.00226092
0.00975422,0.00672806,0.00641162,0.0152852,0.0036605,0.00297025
0.0130028,0.00860751,0.00415721,0.0163725,0.00500815,0.00988395
0.0102749,0.00738319,0.00241475,0.0206282,0.00494328,0.00274273
0.0108923,0.0072418,0.00343207,0.0197649,0.00302784,0.0095583
0.0166544,0.0115403,0.00541938,0.0319696,0.00846867,0.00578239
0.0109541,0.00772668,0.00419306,0.0187524,0.00484209,0.00619958
0.00586753,0.00430155,0.00209449,0.00910068,0.0029088,0.00315076
0.00490883,0.00348575,0.0026013,0.0133408,0.00383308,0.00437649
0.0112397,0.0078848,0.00466722,0.0163106,0.00419021,0.00320668
0.00784176,0.00545389,0.00697121,0.0224569,0.00598093,0.00444308
0.0374631,0.022904,0.00879138,0.0631806,0.0147048,0.0160094
0.0340758,0.019871,0.0340046,0.156846,0.0371508,0.0342382
0.0246501,0.0164627,0.0088982,0.0358394,0.0099765,0.0200771
0.0153725,0.0107641,0.00364933,0.0306487,0.0106469,0.00585497
0.0202908,0.0126723,0.00761423,0.0263045,0.00742609,0.0145012
0.0283092,0.019103,0.0106358,0.0541718,0.0132852,0.00913422
0.0217771,0.0145152,0.00527951,0.0271901,0.00805569,0.0131186
0.0083726,0.00595131,0.00376989,0.0172041,0.00383302,0.00971772
0.0375891,0.0240752,0.0292706,0.0999821,0.0261176,0.0487946
0.0273506,0.0185656,0.00711439,0.0299685,0.00780028,0.00609037
0.0166146,0.0112822,0.00616192,0.0287012,0.0088536,0.020981
0.0328121,0.020018,0.0323548,0.151367,0.0405353,0.0891893
0.00712475,0.00510129,0.00617248,0.0271008,0.00794823,0.00207533
0.0124621,0.00827218,0.00403453,0.0200713,0.00469319,0.0119973
0.0318174,0.0205712,0.0130268,0.115177,0.034423,0.0103433
0.0557874,0.0211617,0.0282014,0.130522,0.0363764,0.0518809
0.0663809,0.0249488,0.0350614,0.149356,0.0375712,0.061813
0.0062156,0.00457548,0.00295159,0.0130872,0.00298471,0.00496442
0.00694094,0.00475026,0.00231518,0.0188899,0.00512371,0.00435428
0.0125038,0.00889023,0.00932015,0.0442522,0.0126319,0.00700763
0.0115364,0.00752714,0.00410904,0.0280133,0.00658905,0.0053055
0.0164717,0.011133,0.00986555,0.0277155,0.00775917,0.00782112
0.0115846,0.00768026,0.00416723,0.0280174,0.00718472,0.00458976
0.0204924,0.013648,0.00693518,0.0264428,0.00771925,0.00981979
0.0177587,0.0114399,0.00715799,0.0341682,0.0107416,0.00791056
0.00486092,0.00344484,0.00288705,0.00779498,0.00285869,0.00241913
0.0195109,0.0131242,0.00819761,0.0253629,0.00720372,0.00300013
0.0219085,0.0140861,0.0185962,0.05788,0.0182251,0.0107863
0.0145648,0.00994565,0.00965244,0.0417134,0.0112207,0.0176552
0.0123234,0.00870019,0.00289316,0.0185979,0.00487701,0.0105459
0.0290984,0.0183512,0.0261672,0.0804771,0.0197937,0.0251351
0.0135687,0.00897117,0.0195298,0.0942277,0.0238726,0.0260432
0.0288818,0.0189322,0.00714952,0.0418654,0.010622,0.00883879
0.00460655,0.00304699,0.00746374,0.024369,0.00601878,0.00327111
0.00755594,0.00518433,0.00200363,0.0144953,0.0035828,0.00386138
0.0227816,0.0152076,0.00711539,0.0281709,0.00704672,0.0094954
0.0187812,0.0126581,0.00728605,0.0290734,0.00684643,0.013042
0.021202,0.0108859,0.00724305,0.0293602,0.00798226,0.00979947
0.0183064,0.0126322,0.0050592,0.0319614,0.00646267,0.0135376
0.00747198,0.00501896,0.00205474,0.0168616,0.00321864,0.00138555
0.0106882,0.00739475,0.00370713,0.0164161,0.00414047,0.00240495
0.0287992,0.0190197,0.0127842,0.0534366,0.013782,0.0151298
0.05824,0.0351194,0.0377206,0.146121,0.0401258,0.0479515
0.00596519,0.00407022,0.00258947,0.00891049,0.00220464,0.00250377
0.0182151,0.007782,0.00694004,0.0256883,0.00644267,0.00409673
0.0191766,0.00894831,0.00690055,0.0241684,0.00547945,0.00381473
0.0134679,0.00931486,0.00743215,0.0239142,0.00674795,0.00625404
0.0112374,0.00742324,0.00538783,0.0191707,0.00398494,0.0044168
0.0150299,0.00627681,0.0077909,0.0429367,0.012798,0.0116399
0.0198571,0.0107232,0.00846771,0.0386187,0.00812029,0.0133624
0.011209,0.00760946,0.00672803,0.0216683,0.0060364,0.00555031
0.0121188,0.00801261,0.0043001,0.0251997,0.00662817,0.00423846
0.00673469,0.00423596,0.00299165,0.018838,0.00659515,0.00434931
0.0181859,0.0122858,0.00681958,0.0275127,0.00643791,0.0130184
0.0309061,0.0194865,0.0230357,0.103645,0.026956,0.0176763
0.00969518,0.00686701,0.00344638,0.0130074,0.00384858,0.00735384
0.0136217,0.00931495,0.00455683,0.0202111,0.00551888,0.00391316
0.0309475,0.0205555,0.0125846,0.0632765,0.0177581,0.0242385
0.0373711,0.0177908,0.0182134,0.0726971,0.0194125,0.0194236
0.0342495,0.0223495,0.0119416,0.0703246,0.018307,0.0154702
0.00740101,0.00519199,0.0031162,0.0135541,0.00404038,0.00400119
0.0075351,0.00521646,0.00259391,0.0119734,0.00457262,0.00469763
0.0276969,0.0186159,0.00712101,0.0331526,0.0125079,0.00590483
0.0152255,0.0102199,0.00432501,0.0295392,0.00848169,0.00594163
0.0181703,0.0124384,0.00766634,0.0237515,0.00711764,0.00388409
0.00939248,0.00638546,0.00393454,0.00775969,0.00281589,0.00510452
0.0266972,0.0175391,0.00729538,0.0398382,0.0117782,0.0286091
0.0195942,0.0131574,0.00631586,0.0374665,0.00853621,0.00628262
0.0239775,0.0158002,0.00862032,0.0296002,0.0080639,0.0273233
0.0564915,0.0326446,0.017961,0.0661976,0.017159,0.0351349
0.0127708,0.00860173,0.00689398,0.0176353,0.00572062,0.0133118
0.0104741,0.00703398,0.0052749,0.0128032,0.00235054,0.00718023
0.0373786,0.0240475,0.0156106,0.0751722,0.0232762,0.036426
0.0134904,0.00906314,0.00700223,0.0524689,0.0130601,0.0148705
0.0366907,0.0165698,0.0132879,0.0523113,0.012343,0.00728882
0.0262796,0.0177647,0.0072541,0.030461,0.00675622,0.00508018
0.0568025,0.0311281,0.0238059,0.130858,0.0368607,0.0235158
0.0113995,0.00786966,0.00381545,0.0243397,0.00557166,0.00985113
0.0140383,0.00682407,0.00598782,0.0256069,0.0071597,0.00475453
0.0159394,0.00756755,0.0067148,0.0228927,0.00490056,0.00383867
0.00779041,0.00523749,0.00301975,0.00845645,0.00223768,0.00102931
0.0182834,0.0118462,0.0111146,0.044522,0.0113385,0.0169224
0.00597729,0.0040909,0.0027284,0.00718373,0.00210891,0.00300872
0.0114999,0.00798635,0.00408109,0.018066,0.00548573,0.0233128
0.00757968,0.00540745,0.00520976,0.0316028,0.00835641,0.0135034
0.0134442,0.00903313,0.00949453,0.0507531,0.0139222,0.0149811
0.0120685,0.00768105,0.00973848,0.0472812,0.0115796,0.0229444
0.0117969,0.0083051,0.00384305,0.0294378,0.00784416,0.00947086
0.0198876,0.0129973,0.0207987,0.0897654,0.0246284,0.0646374
0.0081526,0.0053693,0.0051967,0.0399512,0.0103043,0.0125083
0.0111183,0.00743025,0.00237936,0.0180681,0.00482581,0.00399913
0.00718473,0.00485394,0.00203256,0.0100604,0.00352725,0.00452522
0.0326355,0.0132033,0.0178855,0.0516329,0.0163093,0.024566
0.0319414,0.0144065,0.0194033,0.0409095,0.0115302,0.0272149
0.00806066,0.00566872,0.00316233,0.0169324,0.0044101,0.00172484
0.0116922,0.00821811,0.00908442,0.0341307,0.0098602,0.0207123
0.0111033,0.00746498,0.00345415,0.0161033,0.0039219,0.0014292
0.00686463,0.0045743,0.00243915,0.0198541,0.00488733,0.00655652
0.00718125,0.00503111,0.00323111,0.0163979,0.00552276,0.00937728
0.0183731,0.0127349,0.00588875,0.0155856,0.0054381,0.00771544
0.0638367,0.0330207,0.0586642,0.215811,0.051825,0.10805
0.00765409,0.00518674,0.00277558,0.0138001,0.00446627,0.00407126
0.0315081,0.0201756,0.0109561,0.0606449,0.0145694,0.0215866
0.0147111,0.00992809,0.00439896,0.022214,0.00737571,0.00419095
0.0473947,0.0283114,0.0126566,0.0580326,0.0166505,0.0131558
0.015421,0.0101978,0.00540084,0.0148531,0.00472604,0.0149282
0.0116253,0.00757636,0.00509214,0.0152179,0.00379563,0.00437319
0.0422319,0.0250282,0.0189728,0.0908758,0.022497,0.0144765
0.00433894,0.00303227,0.00234356,0.00709544,0.0018314,0.00257818
0.00523777,0.00376163,0.00258014,0.0101249,0.00276988,0.00617594
0.0125782,0.00813253,0.00421968,0.0170462,0.00272033,0.00616145
0.0208075,0.0143089,0.00893509,0.0372597,0.010588,0.0159096
0.0164931,0.0111832,0.00567635,0.0229458,0.00634974,0.00933033
0.0119003,0.00801112,0.00399428,0.0154603,0.00451546,0.00261378
0.0140055,0.00893414,0.00918341,0.0417058,0.0110455,0.0373702
0.00770539,0.00524994,0.00335097,0.0146082,0.00465897,0.00460023
0.0225393,0.0149879,0.00707676,0.0276727,0.00813437,0.00614773
0.0124657,0.00872818,0.0294805,0.0966991,0.0283991,0.0277063
0.0112469,0.00791736,0.00476399,0.0178995,0.00383881,0.00251007
0.012613,0.00834316,0.00402565,0.0246775,0.00632973,0.00328208
0.00446245,0.00345771,0.00231388,0.007492,0.00237274,0.00139722
0.0262086,0.0173944,0.01258,0.0544359,0.0141013,0.0237677
0.00897838,0.00614664,0.00364613,0.0238234,0.00557341,0.00519317
0.0192108,0.012976,0.00912209,0.059409,0.016439,0.0201947
0.0449592,0.0277242,0.0190768,0.100595,0.0259559,0.0148291
0.0116883,0.00786983,0.00431425,0.0168887,0.00328782,0.00139918
0.020121,0.0137437,0.00636849,0.0291229,0.00764155,0.00470386
0.0112269,0.00794724,0.00349846,0.0135659,0.00358318,0.0120509
0.00985649,0.00692684,0.0042168,0.0133914,0.00450905,0.00262763
0.0135334,0.0097581,0.00570288,0.0182293,0.00559535,0.00635731
0.0119504,0.00859414,0.00489787,0.0158478,0.00661338,0.013368
0.00834626,0.00575692,0.00493977,0.0329201,0.0114324,0.00550347
0.0221932,0.0147297,0.00743793,0.0346907,0.00933766,0.00551796
0.0353163,0.0232049,0.0174325,0.0673764,0.0203811,0.0419674
0.018263,0.0124894,0.00566798,0.0161409,0.00477551,0.00950955
0.0200724,0.0138038,0.0111161,0.0384462,0.0115459,0.0320823
0.00719355,0.00516663,0.00335873,0.0154606,0.00369438,0.00057
0.010963,0.00742953,0.00591261,0.0245275,0.00693741,0.00436628
0.0276227,0.0170901,0.0136756,0.0575263,0.0134933,0.010609
0.0235953,0.0147773,0.015116,0.065161,0.0185201,0.0115957
0.0132661,0.00904311,0.00408814,0.0222313,0.0065014,0.00416022
0.00851305,0.00556445,0.00415372,0.00636041,0.00238345,0.00539072
0.00761111,0.00515368,0.00332785,0.0297134,0.00738849,0.00725588
0.0184743,0.0120809,0.00663722,0.0265145,0.00596487,0.00688352
0.0095307,0.00630352,0.0053747,0.0359951,0.00979003,0.00573465
0.0223246,0.0156325,0.00282825,0.0442942,0.0125227,0.00372321
0.0124912,0.0086477,0.00452748,0.0179611,0.0047898,0.00426691
0.00613835,0.00427969,0.00247561,0.012452,0.00353889,0.00132545
0.026301,0.0175816,0.00910695,0.0371146,0.0077971,0.00822249
0.00818563,0.00550162,0.00310677,0.0191134,0.00666344,0.0106696
0.0169315,0.0110582,0.00587724,0.0330111,0.00939539,0.0123089
0.0485075,0.0233502,0.0212269,0.0961025,0.0273343,0.0481058
0.0495939,0.0234303,0.0216717,0.0947131,0.0250846,0.045213
0.0135058,0.00907862,0.00432369,0.0216924,0.00570405,0.00834691
0.0395401,0.0251599,0.0316813,0.0800166,0.0221142,0.0579643
0.00399258,0.00339491,0.00369137,0.0127962,0.00462753,0.00233499
0.00415458,0.00312474,0.00139647,0.0129372,0.00478532,0.00346816
0.0260463,0.0173238,0.0137006,0.0658652,0.0179525,0.036359
0.0135523,0.00935721,0.00470189,0.0383533,0.0111906,0.00629903
0.00663581,0.00428944,0.00323925,0.0119544,0.00408024,0.00484027
0.0172248,0.0117304,0.00461781,0.0279979,0.00731903,0.00931685
0.0214741,0.014723,0.00824322,0.057936,0.0167654,0.0403559
0.00840334,0.00567936,0.00459401,0.0105255,0.00383659,0.0076803
0.0128256,0.00880769,0.00614471,0.0238328,0.00789224,0.00722999
0.0448965,0.0253284,0.0260671,0.124348,0.0307112,0.0328753
0.00787917,0.00515853,0.00229575,0.0182886,0.00570737,0.00633643
0.0109324,0.00713602,0.0032526,0.0290415,0.00707407,0.00383209
0.0188385,0.012998,0.00639063,0.0220649,0.00581641,0.00596553
0.0223479,0.0112116,0.0161919,0.0976689,0.0278536,0.0156768
0.0216219,0.0111202,0.0151219,0.0850419,0.0211612,0.013411
0.0257794,0.017185,0.0154539,0.0592866,0.016047,0.0279044
0.00936074,0.00621698,0.00448971,0.0164434,0.00392373,0.00682055
0.0524123,0.0315853,0.0242321,0.0817844,0.0240138,0.0422561
0.00776325,0.0051997,0.00390028,0.0157909,0.00334299,0.00292965
0.0152119,0.0104674,0.00495233,0.0192261,0.00465903,0.0226288
0.0265152,0.0170158,0.0156036,0.0444065,0.0124125,0.0108491
0.0475023,0.0289597,0.018636,0.0732646,0.0206906,0.0199534
0.00990499,0.00649674,0.00370994,0.0137259,0.00363198,0.00590667
0.0102869,0.0072317,0.00463535,0.0128563,0.00417102,0.00391093
0.0062943,0.00435113,0.00265135,0.0107144,0.00354538,0.00204491
0.0274164,0.0183051,0.00697432,0.0376642,0.00988515,0.00844619
0.0114037,0.00814229,0.00630551,0.0656219,0.0169817,0.023179
0.0149723,0.0102914,0.00880079,0.043773,0.0118787,0.00478429
0.0043655,0.00309822,0.0022124,0.0102089,0.00255336,0.00240585
0.0173412,0.0120754,0.00652529,0.0245756,0.00740073,0.00623324
0.00984775,0.00658216,0.00262049,0.0190309,0.00480818,0.0104305
0.0230896,0.0154944,0.0113724,0.0403387,0.00966069,0.00598837
0.0182935,0.0121338,0.00733022,0.0449102,0.0109791,0.0163459
0.0081762,0.00553347,0.00362617,0.0120783,0.00209202,0.00100124
0.0748816,0.0348481,0.0719689,0.209729,0.0519733,0.0631555
0.0109801,0.00757122,0.00483088,0.0143834,0.00387071,0.00601361
0.00881759,0.00611789,0.00442141,0.0127779,0.00311039,0.00290797
0.0166106,0.0111476,0.0148495,0.0536295,0.013569,0.00871849
0.0103843,0.00726559,0.0039337,0.0118018,0.00487706,0.00480754
0.00708657,0.00485233,0.00989613,0.0322075,0.00854611,0.00647265
0.00933114,0.00641744,0.0086052,0.0159906,0.00448168,0.0019135
0.0108064,0.00736577,0.00354343,0.0181606,0.00405743,0.00251221
0.0163326,0.0111352,0.00483079,0.0320111,0.00616347,0.0067596
0.0112701,0.00760037,0.00896891,0.0287248,0.00695601,0.00988012
0.00505567,0.00378923,0.00221528,0.0081527,0.0018784,0.00477942
0.0176202,0.0118832,0.00775683,0.032015,0.00878531,0.00496435
0.0186594,0.012553,0.0063354,0.0290475,0.00986732,0.00399821
0.0176492,0.0125462,0.011059,0.0313537,0.00977015,0.0082001
0.0155933,0.00842021,0.012806,0.0642043,0.0191904,0.037886
0.025835,0.0140053,0.020139,0.0860471,0.0222503,0.0502018
0.0213987,0.0144873,0.00869396,0.0361343,0.0110546,0.00351691
0.0292093,0.0185729,0.0566088,0.203695,0.0524808,0.0521396
0.00397648,0.00319529,0.00330677,0.012651,0.00363875,0.00606287
0.0304813,0.0208558,0.0204968,0.0642998,0.0168734,0.0274856
0.00777986,0.00555874,0.00465389,0.00924421,0.00349812,0.00375597
0.00684335,0.00488692,0.00272958,0.0228132,0.00548717,0.00309643
0.0295903,0.0196296,0.0196476,0.0697853,0.0192263,0.048275
0.0231503,0.0151037,0.00749054,0.0355732,0.00960359,0.00768916
0.0096566,0.00651858,0.00368766,0.0152978,0.0029179,0.00453057
0.00945804,0.00670432,0.00386148,0.0213364,0.00559245,0.00473428
0.0267176,0.0179954,0.0142874,0.0451564,0.0119523,0.0116402
0.0427378,0.0231555,0.0273365,0.118369,0.0312492,0.0447932
0.0241245,0.0153855,0.0229656,0.136669,0.0354083,0.033999
0.027861,0.0187356,0.00911791,0.0246568,0.00707298,0.0241033
0.0119261,0.00824658,0.00506651,0.0239602,0.00538827,0.0111463
0.00516424,0.00353066,0.00286812,0.0160455,0.00413555,0.00438171
0.0236725,0.0154189,0.00466579,0.0273549,0.00703266,0.0192646
0.0213108,0.0137873,0.0173875,0.0618985,0.0167509,0.00687128
0.014486,0.00989786,0.00450986,0.0206604,0.0045944,0.0068838
0.00858426,0.00592446,0.0031491,0.0114301,0.00452973,0.00875621
0.0113387,0.00772759,0.00392834,0.0241631,0.00568925,0.00251489
0.00656576,0.00445656,0.00246336,0.0149361,0.00356112,0.00147748
0.00736732,0.00503363,0.00185495,0.012154,0.0028391,0.00886707
0.0322102,0.0217969,0.00954464,0.0329439,0.0100689,0.0170523
0.0243585,0.0162674,0.017496,0.0584597,0.0160452,0.0327253
0.046891,0.0250174,0.0531043,0.192355,0.0487698,0.102947
0.0092508,0.00650083,0.00239998,0.010018,0.00302812,0.00277982
0.0422044,0.0275964,0.0164758,0.114629,0.0283136,0.0405119
0.0458295,0.0282923,0.0254972,0.074782,0.0193829,0.0358673
0.0215984,0.0143058,0.00679408,0.0259005,0.00666813,0.00492119
0.0244196,0.0163153,0.00715537,0.0403156,0.0125578,0.033925
0.0127974,0.0087687,0.00815989,0.0224867,0.00710504,0.0261893
0.0116803,0.00823174,0.00798735,0.0450069,0.0133765,0.0295012
0.0216446,0.0121797,0.0190496,0.0574029,0.0160537,0.0450946
0.0178455,0.00750234,0.012576,0.0359564,0.00804171,0.0245658
0.0136077,0.00620496,0.00531497,0.0457739,0.0123521,0.0152343
0.0184414,0.0105418,0.0060294,0.0318683,0.0074343,0.017509
0.0051904,0.00348845,0.00298638,0.015481,0.00412664,0.00439593
0.00835605,0.005923,0.00313146,0.021463,0.00485828,0.00913629
0.0113193,0.00795884,0.00339915,0.0198386,0.00550929,0.0116501
0.0439155,0.0289568,0.0246938,0.10589,0.0257296,0.0374011
0.0213544,0.0142816,0.00673951,0.0358234,0.0085607,0.00371886
0.0346383,0.0218841,0.0105957,0.0523066,0.0130511,0.00960048
0.0213595,0.01505,0.0103126,0.0630851,0.0161314,0.027931
0.00549318,0.0039758,0.00291677,0.011912,0.00386169,0.00328159
0.0134959,0.00933186,0.00745216,0.0306063,0.00915117,0.00381504
0.0126569,0.00866976,0.00400112,0.0229271,0.00520854,0.00709898
0.0207808,0.0139862,0.00623399,0.0180853,0.00619716,0.0137398
0.00906171,0.00661034,0.00589108,0.0240886,0.00557647,0.0153799
0.00608028,0.004334,0.00330644,0.00957905,0.00299822,0.0029021
0.0477721,0.0301361,0.0247021,0.114225,0.0287564,0.0218881
0.0102707,0.00717551,0.00430086,0.0179115,0.0034571,0.00268676
0.00665369,0.00424423,0.00121216,0.0120352,0.00255597,0.00914747
0.0171597,0.0118396,0.0045224,0.0248446,0.00600297,0.0118317
0.0203214,0.0137342,0.0100103,0.0158705,0.00438858,0.00945081
0.0156505,0.011015,0.00581167,0.0014703,-7.9139e-05,0.00670723
0.00523823,0.00378657,0.00239314,0.0145809,0.00340421,0.0058769
0.0383604,0.0254859,0.0161048,0.0637285,0.014928,0.0128553
0.043585,0.0210724,0.0216757,0.0960085,0.0264022,0.0296697
0.0146328,0.0105151,0.00359968,0.0310808,0.00844629,0.0111804
0.0215769,0.0146644,0.0105289,0.0394151,0.0108336,0.0172169
0.0193417,0.013027,0.0084677,0.0281477,0.00695737,0.0091777
0.0161026,0.0106484,0.00601755,0.0309691,0.00809022,0.00892907
0.0256006,0.0158621,0.0243782,0.100812,0.0280375,0.0209869
0.010241,0.00709705,0.00543542,0.0191303,0.00594703,0.00407198
0.00807333,0.00547644,0.00371747,0.0148186,0.00290215,0.00661963
0.015617,0.0105956,0.00304654,0.0273659,0.00799128,0.00667281
0.00853901,0.00610729,0.00285835,0.0200688,0.00455043,0.00194199
0.00639432,0.00471242,0.00314897,0.0251428,0.00676912,0.0117794
0.0072452,0.00516397,0.00365188,0.0130756,0.00257999,0.010602
0.0297077,0.0195484,0.0107744,0.0530649,0.0138552,0.0153872
0.0280707,0.018821,0.011303,0.0337611,0.00882655,0.004374
0.0210897,0.0144277,0.00633961,0.0353396,0.00955608,0.00830972
0.0207335,0.013823,0.0115047,0.0537665,0.0141453,0.0280043
0.0133272,0.00879498,0.00552235,0.0401954,0.00930064,0.0152458
0.0392278,0.0245979,0.0187973,0.0445621,0.0103111,0.0244361
0.00996889,0.00697402,0.00531488,0.0361084,0.00885209,0.00726268
0.0226319,0.0153289,0.00747271,0.00522895,0.00193043,0.0145451
0.00471025,0.00350128,0.00216424,0.0189796,0.00452165,0.00156263
0.0135127,0.0093278,0.00486632,0.0417525,0.00882717,0.00488014
0.0271419,0.0161478,0.025445,0.0753258,0.0199776,0.0132229
0.018008,0.0120313,0.00793948,0.0460336,0.0106271,0.0132849
0.0287781,0.0191691,0.0114412,0.0234912,0.00714602,0.0133708
0.0258182,0.0162494,0.0129536,0.0628567,0.0170697,0.0188655
0.00685525,0.00489945,0.00265668,0.0226886,0.00745096,0.00293711
0.0081879,0.00610674,0.00314658,0.00942569,0.00284777,0.000808263
0.00737604,0.00474731,0.0029334,0.0152316,0.00170794,0.00326542
0.00869869,0.00604191,0.00379319,0.0183922,0.00573914,0.000970093
0.01372,0.00970028,0.00387807,0.0185142,0.00623232,0.00566971
0.00927413,0.00650627,0.00389933,0.0114259,0.00355061,0.00315295
0.0303076,0.019699,0.0260882,0.118439,0.0301713,0.0508541
0.0176927,0.0120178,0.00922748,0.0314505,0.00916107,0.018611
0.00622596,0.00439496,0.00256236,0.0102511,0.00355306,0.00443116
0.0112233,0.00740312,0.00298083,0.0289034,0.00666558,0.00277875
0.0621477,0.0337759,0.0453074,0.0822303,0.0205637,0.0380611
0.0130136,0.00896409,0.0100947,0.0383871,0.0116257,0.0140746
0.0106521,0.00736781,0.0117857,0.0345006,0.00847818,0.00587715
0.00873034,0.00626577,0.00508603,0.022532,0.00554847,0.00771556
0.0156048,0.0105995,0.00505534,0.0267647,0.00698127,0.0101353
0.00777442,0.00532987,0.00293782,0.0108506,0.0044511,0.0027594
0.0163704,0.0114158,0.00499409,0.016756,0.00568564,0.0105752
0.00753657,0.00480826,0.00225358,0.0132808,0.00375228,0.000935039
0.015456,0.0108034,0.00517678,0.0274859,0.00650335,0.00759561
0.0106114,0.00763248,0.0030903,0.0297586,0.00688906,0.00426235
0.0154466,0.0108623,0.013076,0.0488478,0.0144753,0.0134086
0.0104527,0.00723902,0.00376345,0.0186404,0.004367,0.00151902
0.0434021,0.0280001,0.0100768,0.0492165,0.011703,0.0161011
0.00983953,0.00691353,0.00370173,0.0124264,0.00434303,0.00332692
0.0448085,0.0275883,0.0405445,0.121134,0.0343814,0.046027
0.0196575,0.0131845,0.00856963,0.0435795,0.0103483,0.0126937
0.00560112,0.00406474,0.00559881,0.0064832,0.00132681,0.00819935
0.0102544,0.00698958,0.00289043,0.0189398,0.00572553,0.00556232
0.0254119,0.0151661,0.0131856,0.0792632,0.0206197,0.0186548
0.0233199,0.0157359,0.00674203,0.0333187,0.00805797,0.00532048
0.015195,0.0106225,0.00661774,0.0223613,0.00586001,0.0103926
0.0093344,0.00673327,0.00338128,0.0228029,0.00505438,0.00290967
0.020472,0.0145224,0.00778814,0.0211407,0.00434608,0.00624651
0.0121676,0.0083058,0.00398958,0.0121369,0.0032502,0.00966943
0.0134422,0.00956949,0.00386776,0.0156164,0.00448111,0.00442441
0.00809432,0.00564319,0.00243235,0.0123011,0.00243514,0.00130184
0.00566228,0.00397382,0.0026274,0.0142152,0.00344388,0.00471822
0.0132315,0.00882975,0.00557758,0.0240024,0.00731763,0.00493249
0.0392739,0.0225465,0.0182197,0.0927448,0.0308932,0.0360729
0.0422836,0.021998,0.0216873,0.108894,0.0277616,0.0368919
0.006857,0.00487564,0.00318198,0.0118695,0.0046829,0.00303965
0.0114066,0.00812031,0.00895032,0.0120318,0.00305779,0.0102252
0.0280396,0.0187053,0.0211976,0.0996205,0.0217316,0.0124319
0.0407376,0.0255828,0.0102266,0.0552766,0.0142955,0.0165196
0.0114368,0.00452679,0.00613202,0.042074,0.00966351,0.0111381
0.0535226,0.0315163,0.0189481,0.105806,0.0252852,0.0135221
0.00868028,0.0061757,0.00423969,0.013302,0.00491218,0.01057
0.00641506,0.004686,0.00264532,0.00421799,-4.60573e-05,0.00449579
0.00833188,0.00591112,0.00315947,0.0179866,0.00461765,0.00329494
0.020648,0.0135213,0.00524164,0.0418195,0.0113331,0.0260205
0.0240094,0.0161202,0.00834362,0.0454253,0.0128136,0.00570058
0.0266144,0.0164212,0.0251797,0.0987763,0.0253576,0.0262206
0.00780642,0.00524965,0.00324573,0.0108874,0.0041732,0.00482751
0.0142573,0.00981385,0.00487687,0.0381294,0.0100329,0.00526862
0.0155076,0.00676812,0.00561385,0.0188679,0.0056845,0.0116687
0.0195746,0.0100113,0.00651388,0.0181514,0.00450172,0.0107388
0.00916286,0.00614052,0.00408957,0.0219849,0.00608496,0.00696006
0.0186866,0.0133825,0.0194871,0.0663883,0.0166619,0.0221021
0.020933,0.0139778,0.0141374,0.0575598,0.0163051,0.0222444
0.0387014,0.0240482,0.0153808,0.0752263,0.0238165,0.0549408
0.00574168,0.00398722,0.00249035,0.0140957,0.00487684,0.00572429
0.0132113,0.00863798,0.0149967,0.0464933,0.0112274,0.0169674
0.0132133,0.00778747,0.00750026,0.0344175,0.0104326,0.0123384
0.0131103,0.00930174,0.00405132,0.0131467,0.00395405,0.00299541
0.0111042,0.00761286,0.00302264,0.0233385,0.00597841,0.00415292
0.0120035,0.00859021,0.00436413,0.0224344,0.00531904,0.00307668
0.0191246,0.0128681,0.0086396,0.0271814,0.00688612,0.0144813
0.0281349,0.0171294,0.00980389,0.0651541,0.0157258,0.0184973
0.0157282,0.0110879,0.0089716,0.00531209,0.00203797,0.00960259
0.0139398,0.0101016,0.00343276,0.0212056,0.00563632,0.0139285
0.0161042,0.0109752,0.00499662,0.0287825,0.00820769,0.00537754
0.00827577,0.00560737,0.00303711,0.0197989,0.00437958,0.00467117
0.0257202,0.0174223,0.00753813,0.0380991,0.00904794,0.00759226
0.0148773,0.00958343,0.0108717,0.0482298,0.0144839,0.0179881
0.0129717,0.00870623,0.0059877,0.0329099,0.0105768,0.00769653
0.00622454,0.00438734,0.00409686,0.0156684,0.00419162,0.00738045
0.0101224,0.00689507,0.00537139,0.0154873,0.00407155,0.00269732
0.0133623,0.00889841,0.0134491,0.0545664,0.0120997,0.0114599
0.0326842,0.0194969,0.0166726,0.0804258,0.0211721,0.0436264
0.0170716,0.0113254,0.00772169,0.0361237,0.00973496,0.00544848
0.014863,0.00920416,0.00896067,0.0381374,0.0106914,0.0104538
0.0188083,0.0113166,0.00596281,0.0396658,0.0100144,0.010307
0.0135933,0.00916744,0.0112834,0.0623282,0.016892,0.020066
0.0255992,0.0116282,0.0191282,0.100399,0.0272778,0.0236011
0.0251061,0.0116479,0.0188841,0.0985577,0.0254096,0.0217078
0.00755306,0.00532038,0.00605235,0.0285053,0.00771721,0.00432421
0.00647113,0.00427923,0.00255946,0.00670738,0.00261401,0.00186181
0.00541184,0.00382102,0.00258128,0.0160088,0.00290483,0.00147115
0.0127551,0.00878389,0.00735029,0.0397387,0.0096132,0.018328
0.00431331,0.00322046,0.00304748,0.0158477,0.00451144,0.00411976
0.0114082,0.00761241,0.00368788,0.0207356,0.00500247,0.00216745
0.00995549,0.00670163,0.00509576,0.0163627,0.0047631,0.0027857
0.00878525,0.00613217,0.0041473,0.0176483,0.0050659,0.00476506
0.0113406,0.00814941,0.00409934,0.0241135,0.00631625,0.00352592
0.00879861,0.00637244,0.00286807,0.0037483,0.000412713,0.00420088
0.00467656,0.00354679,0.00218738,0.0139826,0.00286657,0.00150807
0.010741,0.00783663,0.00432923,0.024412,0.00542493,0.00748365
0.0146286,0.0103281,0.00388009,0.0250039,0.0057593,0.0110542
0.00511208,0.00367187,0.00408196,0.0118427,0.00330597,0.00248629
0.00822848,0.00546562,0.00234867,0.0108155,0.00253623,0.0040812
0.0095991,0.00661114,0.00321438,0.0289276,0.00806862,0.00469402
0.0100606,0.0067068,0.0044779,0.0189909,0.00416584,0.00247807
0.0276301,0.0188545,0.0153448,0.0561192,0.0158945,0.015671
0.0226021,0.0154889,0.00758263,0.0259985,0.00737283,0.00484576
0.0179096,0.0120606,0.00599794,0.0275431,0.00637242,0.0112093
0.0107361,0.00799805,0.00390631,0.0234424,0.00478562,0.00858267
0.0128082,0.00864282,0.0107224,0.0630073,0.0159069,0.0284748
0.00530621,0.00377525,0.00400128,0.0375271,0.00988423,0.0208739
0.00978238,0.00669396,0.00508118,0.0250829,0.00616482,0.00362875
0.0235021,0.0162132,0.00743603,0.0337983,0.00876334,0.0094812
0.00589934,0.00456509,0.00214403,0.0136092,0.00259559,0.00426257
0.00577425,0.00409307,0.00110657,0.00709503,0.00215461,0.00244879
0.0170418,0.00877523,0.00801381,0.0295945,0.0070956,0.0130709
0.0226534,0.0148331,0.00576508,0.0369796,0.00955056,0.0090274
0.0209586,0.0136798,0.00918541,0.0280976,0.00779266,0.00862501
0.0143514,0.0101512,0.0048112,0.0225633,0.00544687,0.00567792
0.00593615,0.00424985,0.0022697,-0.000127305,0.000399633,0.0024361
0.0348328,0.0144727,0.0146895,0.057163,0.0156985,0.0241444
0.0361848,0.0146156,0.0149739,0.058658,0.0147761,0.0236988
0.0542683,0.021688,0.0285614,0.165095,0.0467234,0.0585834
0.0124072,0.0086319,0.00580125,0.0197639,0.00592331,0.00552115
0.0578272,0.0300094,0.025695,0.121229,0.0292219,0.02887
0.0492589,0.0299114,0.0220278,0.0964684,0.0201484,0.0214882
0.0135016,0.0088167,0.00559521,0.0234729,0.00708706,0.00689026
0.0128412,0.00863455,0.0105118,0.0351441,0.0104277,0.0127842
0.0055801,0.00400497,0.00606146,0.0258825,0.00733595,0.00727275
0.022018,0.01482,0.0100255,0.0134307,0.00165426,0.00826623
0.00594836,0.00449628,0.00191955,0.0102222,0.00212975,0.00580442
0.0176034,0.0126415,0.00764419,0.0197883,0.00484046,0.0051521
0.0110491,0.00810303,0.00312814,0.0279689,0.00878978,0.015053
0.0567282,0.0357495,0.0380742,0.184648,0.0473385,0.0808208
0.0128921,0.00835911,0.00539353,0.0333255,0.00734423,0.0127754
0.0149122,0.00986256,0.00663719,0.0189101,0.00642598,0.00378432
0.0251696,0.0165416,0.0177627,0.052935,0.0166211,0.0126139
0.00575314,0.00401244,0.00290468,0.0122533,0.00246299,0.00640235
0.00524923,0.00378849,0.00202708,0.0141015,0.00427102,0.00675018
0.0163528,0.011228,0.00524437,0.0340179,0.00779021,0.00926952
0.0111331,0.00777477,0.0023521,0.020571,0.00499219,0.00142968
0.0139952,0.00930937,0.00662183,0.0364089,0.0095591,0.00900832
0.0181735,0.0122005,0.00615773,0.0268573,0.0073018,0.00939874
0.0263958,0.0169378,0.0217616,0.107723,0.0286968,0.0351638
0.0186918,0.00873936,0.00527094,0.0269486,0.00806966,0.00485103
0.0201014,0.0103988,0.00612637,0.0258221,0.00561932,0.003246
0.0159229,0.0110162,0.00414801,0.0301848,0.00958862,0.0165978
0.0502349,0.0292496,0.0379706,0.0950053,0.0256041,0.0393474
0.00585395,0.00384475,0.00351391,0.0132078,0.00447482,0.00461582
0.0064478,0.00464396,0.00661463,0.0227461,0.00664475,0.00717769
0.0146816,0.00970149,0.0229361,0.0901979,0.0237865,0.0674395
0.00897336,0.00627137,0.00318218,0.0317786,0.010811,0.0105657
0.0194113,0.0131663,0.00726483,0.0298442,0.00756091,0.00835815
0.0305078,0.0201785,0.0142686,0.0514259,0.0130293,0.032148
0.0159291,0.0109187,0.0112461,0.0366826,0.00830854,0.026044
0.0208543,0.0146371,0.00831874,0.0394788,0.0105321,0.00833421
0.0242942,0.01642,0.0181166,0.107276,0.0251966,0.0252683
0.00480133,0.00378287,0.00212066,0.0183513,0.00554509,0.00739632
0.0101125,0.00733659,0.00471764,0.0230959,0.00579503,0.014545
0.0118489,0.00837576,0.00367255,0.0237219,0.00580277,0.00355841
0.0106242,0.00748613,0.00464872,0.0150191,0.00498802,0.00689972
0.0380251,0.0248342,0.0135199,0.0738702,0.018131,0.0205177
0.0113279,0.00766059,0.00475835,0.0202601,0.00596149,0.00529552
0.0174901,0.0116737,0.00570082,0.0341234,0.00859661,0.0103828
0.00721595,0.00500368,0.00457619,0.0320867,0.00745326,0.00575691
0.0108602,0.00745987,0.00316512,0.0224872,0.00503808,0.00172152
0.00727859,0.00503438,0.00281543,0.0173375,0.00445165,0.00217884
0.0132881,0.00925287,0.0034344,0.0229009,0.00489511,0.00519144
0.0093724,0.00672875,0.00266503,0.0205029,0.00523706,0.00252397
0.00500414,0.00359443,0.00126152,0.01872,0.00414394,0.0023277
0.00713929,0.00518789,0.00288875,0.0158351,0.00374493,0.0022413
0.00557318,0.00389358,0.0029885,0.0186515,0.00493911,0.00132157
0.0235105,0.0160138,0.00703434,0.0245131,0.00701912,0.0165249
0.0277515,0.0190104,0.0292334,0.113386,0.0302996,0.0511209
0.00550578,0.00386815,0.00354671,0.014603,0.00456951,0.00368601
0.00987719,0.00655384,0.00322108,0.0178039,0.00462608,0.00830826
0.00758532,0.00535298,0.0124853,0.0473008,0.0152577,0.015258
0.0140665,0.00960956,0.0105178,0.0537034,0.0154688,0.0373255
0.0155685,0.0105283,0.00492468,0.0268825,0.0068341,0.00932967
0.00938115,0.0063107,0.00445831,0.0199363,0.00481056,0.0043063
0.00836955,0.00554688,0.00249041,0.0128925,0.00528446,0.0105677
0.00914695,0.00624766,0.00443344,0.0365819,0.0105246,0.0211726
0.0221509,0.0142192,0.00832921,0.041142,0.010132,0.0185085
0.0227668,0.0134321,0.0319844,0.153441,0.040039,0.0848975
0.0277983,0.0178825,0.00920915,0.0628245,0.0155909,0.00552645
0.00539768,0.00380134,0.00303606,0.0125457,0.00234813,0.00404305
0.0355065,0.0238907,0.0138596,0.0590212,0.0159992,0.0122307
0.0252329,0.0169335,0.00631598,0.0422057,0.0114894,0.0196458
0.0169185,0.0114674,0.00628359,0.0188493,0.0058764,0.003263
0.0123068,0.00860591,0.00743486,0.0463082,0.0127782,0.00939847
0.00760026,0.00513519,0.00237875,0.0134695,0.00460372,0.00938301
0.0130128,0.00921826,0.00569137,0.0206309,0.00533247,0.00387219
0.0137061,0.00962647,0.00767134,0.0281807,0.00606497,0.00298635
0.027488,0.0184207,0.0081072,0.0316792,0.00744354,0.00904087
0.0158423,0.00933207,0.00676079,0.0408231,0.0104514,0.0103298
0.0172292,0.00852132,0.00609933,0.0238262,0.00578488,0.00936666
0.0173223,0.0117116,0.00678402,0.024111,0.00759632,0.0119654
0.0184787,0.0129622,0.00486492,0.0240076,0.00601315,0.00965494
0.0203188,0.0139213,0.00693755,0.0273187,0.00706194,0.0270894
0.00612819,0.0038627,0.0030574,0.0145291,0.00398081,0.00289444
0.0432917,0.0264495,0.0244485,0.107659,0.0280238,0.040508
0.0234742,0.0149073,0.0146376,0.0714986,0.0196254,0.0186233
0.0155814,0.0106261,0.00600031,0.0317449,0.00834951,0.00490905
0.00712093,0.00471614,0.0044303,0.0401385,0.0107624,0.0051791
0.00912449,0.00630226,0.00255636,0.00555953,0.000589202,0.00288405
0.00666734,0.00459046,0.0027887,0.0198362,0.00729931,0.000485088
0.0113257,0.00765619,0.00325361,0.0284365,0.00823904,0.00742286
0.0147247,0.00993716,0.00822759,0.0398745,0.0115247,0.0129639
0.00623479,0.00441869,0.00447569,0.0305823,0.00898551,0.00413986
0.0363017,0.0229293,0.0144672,0.0442713,0.0115323,0.0209019
0.00616226,0.0045808,0.00246071,0.0149725,0.00420873,0.00734109
0.00396852,0.00309431,0.00233828,0.00195123,1.06916e-05,0.00385415
0.0344416,0.0230964,0.0129629,0.0600446,0.016017,0.0133894
0.00781016,0.00525906,0.0033723,0.00861808,0.00179888,0.00482724
0.00653054,0.00466607,0.0042132,0.0157973,0.00485939,0.00172068
0.0162834,0.0111176,0.0144369,0.0664986,0.0164623,0.0089186
0.026644,0.018521,0.0128037,0.0511443,0.0147251,0.0240698
0.0094775,0.00621895,0.00469505,0.0349722,0.010225,0.0250251
0.00730337,0.00525266,0.00379886,0.0149116,0.00403951,0.00261681
0.0201831,0.0142096,0.00765461,0.0226393,0.00561236,0.0056168
0.00492092,0.00355918,0.00268691,0.0116551,0.0014669,0.00153623
0.00861432,0.00603097,0.00313068,0.021616,0.00521212,0.00615539
0.0196588,0.0127849,0.00693757,0.0406704,0.00982558,0.00789406
0.00618138,0.004235,0.00199026,0.0158831,0.0031152,0.00453834
0.0183733,0.01255,0.0158039,0.0588027,0.0165319,0.0236495
0.00896503,0.00608052,0.00333611,0.0171367,0.00351337,0.0040497
0.0152445,0.0104598,0.00504585,0.0136431,0.0038721,0.00348329
0.00552551,0.00393464,0.0021638,0.0148718,0.00506252,0.00479026
0.0102677,0.00685823,0.00315221,0.0161018,0.00483432,0.0121858
0.0410645,0.0265166,0.0142067,0.0671812,0.0169249,0.0417812
0.00776721,0.00562263,0.00400988,0.00121175,0.000766804,0.00427343
0.0369894,0.0242935,0.0126616,0.0406079,0.0119046,0.0166714
0.012839,0.00863932,0.00481797,0.017896,0.00461546,0.00623462
0.0212235,0.0146937,0.00687746,0.0219277,0.00442659,0.00987726
0.0144988,0.00981959,0.00324636,0.0233727,0.00682661,0.00312858
0.0209199,0.0136511,0.00698678,0.0278224,0.0059242,0.00412547
0.00687335,0.00513709,0.00294471,0.0159945,0.00389519,0.00112992
0.0240863,0.0165293,0.00830896,0.030146,0.00667777,0.0117977
0.0125293,0.00900167,0.00518884,0.0197491,0.00489298,0.00411177
0.0135067,0.00872982,0.00500353,0.0286992,0.00807824,0.00565174
0.0106874,0.00743827,0.00404372,0.0221005,0.00584036,0.00190542
0.0319623,0.0212582,0.0140324,0.0391609,0.00962884,0.016654
0.00607936,0.00410948,0.0019105,0.0250233,0.00498059,0.00699904
0.0220662,0.0146071,0.00776745,0.0266303,0.00728517,0.00571408
0.0266276,0.0167259,0.0355768,0.137853,0.0375857,0.0476472
0.0387003,0.0242663,0.0160027,0.0766217,0.0189998,0.0240818
0.00977114,0.00651463,0.00421778,0.0254566,0.00657182,0.00612108
0.0328659,0.0171933,0.0138094,0.0762289,0.020242,0.0242513
0.0391105,0.0198804,0.0149282,0.0716779,0.0184064,0.0176518
0.0219692,0.0146608,0.0175434,0.0803633,0.0231506,0.0112276
0.0336192,0.0210257,0.0107626,0.0502704,0.0125694,0.0237394
0.0206328,0.0141761,0.00641186,0.0305617,0.00786314,0.00381247
0.00780632,0.00528284,0.00322635,0.0120922,0.00374831,0.00268773
0.0259592,0.0165674,0.0104487,0.0427072,0.00984006,0.0116546
0.01336,0.00897092,0.00963246,0.0613442,0.0157418,0.0116043
0.0132669,0.00921388,0.00466878,0.0193573,0.00497639,0.00299318
0.0186854,0.0124084,0.00694012,0.0280528,0.00709473,0.0149256
0.0251934,0.0159166,0.0345596,0.131785,0.0336087,0.0433757
0.0183246,0.0105212,0.00643646,0.037419,0.011856,0.0171445
0.0213122,0.0112623,0.00718714,0.0358398,0.0105073,0.01616
0.01511,0.00993715,0.00715641,0.0394661,0.00892169,0.0155464
0.00730768,0.00507393,0.00203298,0.0141491,0.00358101,0.00398411
0.0260794,0.0167533,0.00781737,0.049259,0.0149437,0.0252523
0.00974266,0.00640618,0.00209286,0.0134411,0.00498935,0.0036353
0.00993104,0.00549039,0.0030408,0.0257893,0.00734313,0.0137331
0.0133597,0.00800233,0.00452514,0.0169136,0.00482523,0.00369187
0.00930233,0.00631913,0.00359423,0.0190702,0.00438057,0.00325541
0.00457009,0.00332689,0.00206333,0.0110624,0.00243065,0.00171888
0.0237778,0.0162504,0.00621734,0.0313917,0.00633551,0.0087212
0.0209456,0.0139246,0.00747936,0.0282791,0.00830409,0.00253627
0.0447603,0.0283586,0.0154356,0.0280467,0.00687861,0.0175434
0.052942,0.0331309,0.0126146,0.0668559,0.0179917,0.0243513
0.0254299,0.0178916,0.0210909,0.0749522,0.0216626,0.0464985
0.0136719,0.00908025,0.00482429,0.0266912,0.00559173,0.00772759
0.0252245,0.0165855,0.00823676,0.041859,0.0111334,0.0103268
0.0115555,0.00786864,0.00484401,0.0161887,0.00474954,0.00254164
0.00996504,0.00662619,0.00325585,0.0186738,0.00465014,0.00518361
0.0254946,0.0171273,0.00672469,0.0286577,0.0082035,0.0158356
0.00857127,0.00604499,0.00317662,0.0159354,0.00466944,0.00552235
0.012885,0.0049728,0.00405404,0.0231051,0.00737708,0.0103968
0.0162213,0.0102174,0.00423899,0.022479,0.00580514,0.00668794
0.0270774,0.0179896,0.00958824,0.0509573,0.0113949,0.00592429
0.0477344,0.0307241,0.0179676,0.0828633,0.0180346,0.0114789
0.0170415,0.0118556,0.00570762,0.0258338,0.0063759,0.0113618
0.00453495,0.00308336,0.00202321,0.00974708,0.00318786,0.0029241
0.011087,0.00761423,0.00425195,0.0232071,0.00562211,0.00373406
0.0100863,0.00710165,0.00532468,0.0207882,0.00579817,0.00840062
0.0155955,0.0108161,0.00768886,0.037525,0.00670861,0.00807889
0.0254983,0.016763,0.0153629,0.077438,0.0202032,0.0204452
0.0139179,0.0100958,0.00864895,0.0456913,0.0119915,0.00773815
0.00829894,0.00557639,0.00538428,0.011758,0.00328198,0.00382645
0.0278958,0.0180467,0.00890858,0.0407719,0.0108381,0.0103045
0.0254128,0.0168178,0.00952062,0.0373215,0.0113524,0.00633304
0.0158795,0.0110539,0.0124289,0.0367162,0.00996263,0.00619741
0.0131693,0.00936525,0.00436792,0.018153,0.00504854,0.0129177
0.0205017,0.0090707,0.0111888,0.0569097,0.0215197,0.0176234
0.0528674,0.0305648,0.0188792,0.146115,0.0389394,0.0212269
0.0307574,0.0164764,0.017746,0.0506361,0.0131857,0.0195075
0.0298168,0.0127889,0.0143958,0.0416364,0.00886675,0.0160997
0.00497542,0.00365552,0.0022971,0.010964,0.00245205,0.00392107
0.0102671,0.00686583,0.00480809,0.0236651,0.0071248,0.00192432
0.0231445,0.0162342,0.0068936,0.0349199,0.00917774,0.0118963
0.0463712,0.0295112,0.0161954,0.0688117,0.0173234,0.0236382
0.0267227,0.0183026,0.0165529,0.0570307,0.0141313,0.0201374
0.0161204,0.0107688,0.0338959,0.120878,0.0306652,0.042059
0.0804171,0.028466,0.0511751,0.183933,0.0502647,0.122935
0.0403684,0.0181599,0.0234675,0.130933,0.0315147,0.0608854
0.016653,0.0118493,0.00723221,0.0329319,0.00681421,0.00894876
0.0114451,0.00835622,0.00379668,0.0179184,0.00478614,0.00631672
0.019604,0.0129757,0.0243483,0.0738529,0.0177426,0.0326672
0.00752677,0.00524828,0.0064961,0.0361942,0.00926598,0.0128139
0.0173729,0.0116967,0.00896631,0.0234831,0.00573502,0.00996721
0.0157566,0.0107318,0.00556574,0.022845,0.00607522,0.0181192
0.0110541,0.00765458,0.00390954,0.0208318,0.00571503,0.00332206
0.006323,0.00422409,0.00582617,0.0141549,0.00424606,0.0123313
0.0378873,0.0206744,0.0240451,0.131143,0.0351091,0.077953
0.014469,0.00761398,0.00655295,0.0369829,0.0102169,0.0255974
0.0642451,0.0378023,0.0363101,0.139558,0.0355758,0.0546302
0.0103644,0.00757975,0.00356271,0.0237506,0.00535884,0.0103273
0.0630393,0.0379986,0.0350197,0.130159,0.034124,0.0561186
0.00850043,0.00584967,0.00323977,0.0144073,0.00300508,0.00417379
0.0113499,0.00819747,0.00403151,0.0223603,0.00569038,0.00712875
0.0237145,0.0158521,0.00774667,0.0255707,0.00712999,0.00230408
0.018738,0.0124842,0.0165088,0.0690099,0.0179086,0.0125208
0.0394279,0.0257115,0.0144477,0.0607832,0.0136275,0.0327401
0.0298004,0.0201758,0.0118839,0.011882,0.00271724,0.015617
0.0247055,0.0155589,0.0194756,0.0994896,0.0251236,0.0297425
0.00766314,0.00544199,0.00269543,0.0166367,0.00319992,0.00333625
0.00577693,0.00433738,0.00220291,0.0274456,0.00622154,0.00881687
0.0363536,0.0229227,0.0257978,0.131515,0.0333653,0.0488528
0.00625228,0.00433204,0.00183064,0.0131033,0.00424307,0.00251346
0.0241937,0.0156605,0.0141585,0.0549611,0.0177239,0.0267565
0.0174953,0.0122663,0.00535692,0.0215599,0.00522771,0.00449585
0.0155007,0.0107659,0.00726232,0.0261618,0.00971642,0.0280622
0.035207,0.0228053,0.00981434,0.0379477,0.0105032,0.0129254
0.0201441,0.0134119,0.00706587,0.0263679,0.00812308,0.00512436
0.00771722,0.0053651,0.00354752,0.0160195,0.00473626,0.00863771
0.00693166,0.00485374,0.00288898,0.021104,0.00505091,0.00262181
0.0298328,0.020055,0.01507,0.0673657,0.0190289,0.0175104
0.0230107,0.00958795,0.00867186,0.0521665,0.0126683,0.0108489
0.0258619,0.0110926,0.00895089,0.0466514,0.00993643,0.0105323
0.0287327,0.0177622,0.0104002,0.0541918,0.0141287,0.0141978
0.0183299,0.0125498,0.0106813,0.0608956,0.0201855,0.0264272
0.00812334,0.00572862,0.00289688,0.0143813,0.00376088,0.00220217
0.0233438,0.0162345,0.00710666,0.0293412,0.00591818,0.00644369
0.0149417,0.00984626,0.00373186,0.029547,0.00796669,0.0199283
0.0382219,0.0255654,0.0179227,0.0851033,0.0210703,0.0286822
0.0100774,0.00702258,0.00385444,0.0205077,0.00504611,0.00370784
0.00669104,0.0044438,0.00213093,0.0125882,0.00240092,0.00124599
0.0275509,0.0186333,0.00812401,0.0287879,0.00815595,0.0113387
0.00757636,0.00558969,0.00348549,0.0123135,0.00274829,0.00611717
0.0251383,0.0162104,0.0154517,0.0775198,0.0208831,0.0213018
0.0338362,0.0226001,0.0108953,0.0348418,0.0101919,0.00862179
0.0127064,0.00849853,0.0050597,0.0139199,0.00428226,0.00594993
0.0141238,0.0101242,0.0129534,0.0417354,0.010364,0.0130861
0.00980687,0.00694369,0.00360044,0.0201778,0.00540082,0.0050437
0.00752186,0.00557116,0.00680013,0.0330909,0.00749313,0.00757634
0.00952796,0.00618728,0.00336645,0.0187792,0.00452548,0.00146008
0.05698,0.0257002,0.0214301,0.100698,0.0290035,0.0490887
0.0716857,0.0322086,0.0257243,0.110195,0.026587,0.0495496
0.027728,0.0116077,0.00825925,0.0178238,0.0028289,0.0148698
0.00767392,0.0051224,0.00399968,0.0197893,0.00477447,0.00389827
0.00823895,0.00560406,0.0031829,0.0124554,0.00282839,0.00516131
0.0612958,0.0338817,0.0338485,0.140224,0.0353652,0.0408392
0.0292517,0.0196527,0.0260703,0.108751,0.0290046,0.0643602
0.0179573,0.0121157,0.00570918,0.0169876,0.0036968,0.00513485
0.00690394,0.00454321,0.00314413,0.0154469,0.00251713,0.00349098
0.0119063,0.00785151,0.00494909,0.0324897,0.00905987,0.00585053
0.0576772,0.0257954,0.030257,0.137081,0.0372801,0.045132
0.0525395,0.0224558,0.0269292,0.0965206,0.0222819,0.0449137
0.0242981,0.0162584,0.00980276,0.0296144,0.00910033,0.010257
0.00829897,0.00539835,0.00230805,0.0177562,0.00533124,0.0105408
0.0250823,0.016576,0.00834026,0.0287355,0.00666035,0.0117757
0.0177504,0.0118314,0.012919,0.0386505,0.00917314,0.00917147
0.0129413,0.00875287,0.00408325,0.0175752,0.00448235,0.00422922
0.0470325,0.0300817,0.0165902,0.0737705,0.0192538,0.0056529
0.0233152,0.0158829,0.00486302,0.0412509,0.00984385,0.00575033
0.0449297,0.0296056,0.016202,0.0643437,0.0174678,0.0304847
0.00454375,0.00302205,0.00425823,0.020394,0.00613347,0.00544339
0.0095148,0.00637062,0.00291209,0.0164783,0.00380185,0.00545558
0.00627707,0.00417347,0.00406461,0.0238134,0.00566577,0.00575171
0.0147631,0.0106248,0.00373781,0.0184428,0.00454487,0.00374687
0.018561,0.0126025,0.00684802,0.0319461,0.00804691,0.0105692
0.00887935,0.00582702,0.00331076,0.0165879,0.00395498,0.0102413
0.0359701,0.0236832,0.0107595,0.0498995,0.0126348,0.0134532
0.0160262,0.0109547,0.00443284,0.0322207,0.00868939,0.0136768
0.0447607,0.0282103,0.0125389,0.0716165,0.0173387,0.0142308
0.011203,0.00748339,0.00244376,0.0252376,0.00622991,0.0125055
0.0248033,0.0173223,0.00631243,0.0466892,0.0121395,0.00915774
0.0146086,0.0104399,0.00429399,0.0209192,0.00502803,0.00477424
0.0124385,0.00848827,0.00717996,0.0176212,0.00442103,0.00837287
0.0173779,0.0113562,0.00540444,0.0415435,0.0107606,0.0114132
0.0209049,0.0146589,0.0086793,0.0335145,0.00809222,0.00487864
0.00883482,0.00641326,0.0040263,0.0271046,0.00737975,0.00575477
0.0408178,0.0257997,0.0319777,0.0812343,0.0218095,0.026278
0.0273404,0.0182005,0.00928203,0.0409872,0.00983717,0.0153456
0.038349,0.0242066,0.0138917,0.0681009,0.0162569,0.0229232
0.0114458,0.00760926,0.00399217,0.0186782,0.00485437,0.00434232
0.00837039,0.00586229,0.00270181,0.0155624,0.00503589,0.00731208
0.0174325,0.0121081,0.00519675,0.0232725,0.00751993,0.00411522
0.00810017,0.00543046,0.00287639,0.0197803,0.00479236,0.00144569
0.0269878,0.018006,0.00975529,0.0524727,0.0157276,0.018278
0.0327861,0.0214788,0.00870435,0.0475438,0.0103593,0.00635928
0.0192555,0.0126912,0.00568574,0.0318739,0.00763679,0.00780462
0.0207804,0.0139348,0.00884479,0.0111666,0.00201045,0.00382244
0.0161115,0.011395,0.00767426,0.0245203,0.00727735,0.0158516
0.00873773,0.00602645,0.00322906,0.040064,0.00810766,0.0081906
0.00924824,0.00626528,0.00388293,0.00381343,0.000373717,0.00349688
0.0205267,0.0138764,0.00661424,0.0369639,0.00938504,0.00755267
0.0162792,0.0113762,0.00869147,0.0288498,0.00873439,0.00405278
0.0329099,0.0210509,0.0267945,0.113097,0.0276418,0.017843
0.0184655,0.0122705,0.00451771,0.0281392,0.00629978,0.00848168
0.0173432,0.0122818,0.00518782,0.0230688,0.0059544,0.0202716
0.0144845,0.0100897,0.00417675,0.0213918,0.00626998,0.00400543
0.00995715,0.00662734,0.00805451,0.0677613,0.0186276,0.0376398
0.0101077,0.00685464,0.00422814,0.0187044,0.00568911,0.0098371
0.032962,0.0221593,0.0138244,0.0337041,0.00794785,0.0198662
0.0325565,0.0211143,0.0153482,0.0687505,0.0185427,0.0343218
0.0285069,0.0191507,0.00706228,0.0341054,0.0079181,0.0116649
0.00779955,0.00518121,0.0027581,0.00147085,0.00061185,0.00895451
0.0126863,0.00920379,0.00784307,0.0327897,0.00708271,0.00550751
0.0106188,0.00761865,0.0079035,0.0355826,0.00946991,0.00672498
0.0301922,0.0197825,0.0139847,0.0633612,0.01909,0.0231127
0.0158899,0.0106758,0.00608503,0.0275626,0.00614988,0.00677357
0.0102661,0.00706232,0.00291236,0.0162015,0.00397606,0.00553323
0.0241742,0.0164139,0.00675021,0.0315706,0.0079779,0.00513367
0.00914612,0.00665795,0.00635161,0.0295179,0.00693319,0.00916756
0.0239644,0.0159914,0.00973381,0.0284224,0.00804327,0.0160166
0.0161019,0.0108694,0.00811502,0.0530279,0.0115048,0.0157276
0.043324,0.0277643,0.0129426,0.0429223,0.0112817,0.0181134
0.0217361,0.0120127,0.0299774,0.190477,0.0474463,0.0870631
0.0106961,0.00692083,0.00470293,0.0171792,0.00500586,0.00221339
0.0199172,0.0124467,0.0264166,0.0687041,0.0171603,0.0200708
0.023731,0.0160719,0.0106817,0.06053,0.0170328,0.0197514
0.0276002,0.0183113,0.00996208,0.037818,0.0103524,0.00808586
0.0111195,0.00751474,0.00963394,0.0342268,0.00838882,0.00388874
0.0208422,0.0141507,0.00950533,0.0462042,0.0124654,0.0169822
0.0120812,0.00816134,0.00387777,0.017317,0.004004,0.00782306
0.0638885,0.0390069,0.039089,0.121227,0.0325306,0.0380983
0.0247392,0.0164838,0.0260075,0.0607981,0.0161187,0.0199804
0.0103956,0.00706876,0.00337201,0.0187878,0.00510425,0.00132146
0.0191147,0.0129342,0.0173807,0.040128,0.0100373,0.0123759
0.00677915,0.00501982,0.00264722,0.0175873,0.00486117,0.0101351
0.0213502,0.0146932,0.00761328,0.0474112,0.0107502,0.00956624
0.0175079,0.0116584,0.0120762,0.0231751,0.00559967,0.00882744
0.00855618,0.00599244,0.00340873,0.021161,0.00615867,0.0062827
0.0557062,0.0270982,0.0795573,0.287944,0.0745879,0.133348
0.0273676,0.0185812,0.00663676,0.0318078,0.00729893,0.00800071
0.00478429,0.00314985,0.00187321,0.0143726,0.00330401,0.00060455
0.013122,0.00920777,0.00443894,0.0188721,0.00414999,0.00453444
0.0126665,0.00838454,0.00376338,0.00419806,-0.000104449,0.0030437
0.00974513,0.00722051,0.00672496,0.0343913,0.00801056,0.0122552
0.0356188,0.0241798,0.016687,0.0675388,0.0177532,0.016477
0.0195871,0.0129606,0.00719405,0.0334043,0.00869213,0.0163923
0.00759425,0.00514772,0.00245484,0.0214127,0.00981641,0.0195853
0.0180962,0.0117215,0.0173229,0.0754348,0.019639,0.0231819
0.00522946,0.00391886,0.002706,0.0021629,0.000114632,0.00656785
0.0353215,0.0231955,0.0202233,0.0781493,0.0211881,0.0178079
0.00621751,0.00435599,0.00201884,0.0120612,0.00312933,0.0024195
0.0239804,0.0154483,0.0165365,0.0941192,0.0239728,0.021764
0.0169711,0.0121645,0.00427782,0.0194447,0.00361716,0.0078942
0.0140369,0.00908525,0.00810998,0.0536155,0.0149551,0.00985421
0.0419741,0.0268829,0.0140226,0.0237688,0.00530283,0.0341913
0.0130693,0.00871317,0.00471971,0.034336,0.00694413,0.00373534
0.00834326,0.00598528,0.00351463,0.0269042,0.00744417,0.00141378
0.0134736,0.00898253,0.00438649,0.0348081,0.00857134,0.00921215
0.0151445,0.0107785,0.00749224,0.0356528,0.0090696,0.0152223
0.0181692,0.0121175,0.011171,0.0486893,0.0139733,0.0232742
0.0204742,0.00929197,0.00945478,0.0428617,0.0116876,0.0135885
0.0203466,0.00934089,0.00955911,0.0433893,0.0106724,0.0138365
0.0432011,0.0267296,0.0431318,0.122866,0.0347344,0.0188516
0.0116231,0.00795922,0.00262597,0.0176235,0.0040249,0.00411414
0.00451044,0.00343434,0.00140382,0.0162169,0.00621371,0.00967242
0.0185014,0.0123389,0.00686951,0.037284,0.00986643,0.0196256
0.0174232,0.0119304,0.0127916,0.0543363,0.012948,0.0240096
0.00559077,0.00397245,0.00204839,0.01658,0.00498957,0.00212927
0.012548,0.00882559,0.00524913,0.0274276,0.0083567,0.00322825
0.00981458,0.00656742,0.00325761,0.0196245,0.00594285,0.0114375
0.0179127,0.012646,0.0053516,0.0274592,0.00633012,0.00866412
0.0105453,0.00736647,0.0036925,0.00160401,0.000167795,0.00480541
0.00533144,0.00383655,0.00169549,0.0135028,0.00355808,0.0016449
0.013572,0.00954984,0.00866232,0.0281131,0.00867436,0.00345923
0.0305917,0.0198618,0.0092028,0.0388686,0.0112534,0.0131732
0.0264744,0.0176928,0.0121846,0.070449,0.0198862,0.0160037
0.0102592,0.0070712,0.00322369,0.0146018,0.00332928,0.00507586
0.0081333,0.00527462,0.00311389,0.0171207,0.00295884,0.00294261
0.00432624,0.00336335,0.00230436,0.0135644,0.00326502,0.00571836
0.0359143,0.0220335,0.0423276,0.13553,0.0337619,0.0416682
0.0239781,0.0165691,0.0075234,0.0420689,0.0105113,0.0215639
0.0172555,0.0115465,0.0110552,0.0568649,0.0163522,0.0300104
0.0187193,0.0128764,0.00911236,0.0384454,0.010833,0.0102713
0.018364,0.0127728,0.00537032,0.031261,0.00916937,0.0170719
0.0500416,0.0307002,0.0208131,0.0727383,0.0177176,0.03049
0.0306799,0.0201002,0.0089507,0.0399489,0.0114699,0.0103948
0.00658051,0.00455357,0.00480155,0.0245309,0.0060678,0.0082222
0.00666076,0.00457753,0.00355999,0.0187085,0.00418326,0.00216087
0.0280036,0.0185853,0.00793207,0.0383999,0.0101433,0.0228041
0.0221656,0.0149637,0.0144456,0.0324207,0.00790665,0.00475501
0.0120373,0.00823038,0.00422739,0.016257,0.00414987,0.00993118
0.0209289,0.0145378,0.00930153,0.032586,0.00956459,0.0124523
0.0142574,0.00993031,0.00461132,0.03001,0.00680153,0.00304054
0.014616,0.00982426,0.00384689,0.0307271,0.00822441,0.00632845
0.0256862,0.016908,0.00730984,0.0506707,0.0110939,0.0102405
0.0223794,0.0150731,0.00696739,0.0286943,0.00758185,0.0105893
0.0170084,0.0118074,0.00718658,0.0301251,0.0072545,0.00605528
0.0236006,0.0159265,0.0070836,0.0375352,0.010255,0.00719257
0.00799895,0.00583629,0.00485168,0.0560192,0.013993,0.0136998
0.0092374,0.00623765,0.00347533,0.0210886,0.00388423,0.00432446
0.0201411,0.013577,0.00882074,0.042435,0.0111327,0.0157733
0.0518548,0.0301277,0.0189009,0.0840482,0.0210081,0.0251101
0.0524476,0.0334533,0.0162207,0.0511468,0.0129136,0.010247
0.0234881,0.015608,0.0108279,0.0635406,0.0166152,0.0109206
0.0560032,0.0310845,0.0389832,0.156597,0.0404513,0.115493
0.00882315,0.0060635,0.00538655,0.0245883,0.00690546,0.00581125
0.00717075,0.00513985,0.00285867,0.0180875,0.00537185,0.00736404
0.0188536,0.0131136,0.00667978,0.0184705,0.00580791,0.0167612
0.00534462,0.00378421,0.00237736,0.0166374,0.0045851,0.00313044
0.0261201,0.0175896,0.0198574,0.0796904,0.0225768,0.0218844
0.015033,0.0104438,0.00542637,0.0235926,0.00532559,0.00651808
0.0392558,0.0208537,0.0337006,0.182791,0.0481053,0.0815803
0.0440572,0.0209919,0.0349412,0.168239,0.0407702,0.0774607
0.0145975,0.00575342,0.00677407,0.0537687,0.0153189,0.0129635
0.0206153,0.0125931,0.0083817,0.0411103,0.00907677,0.0102361
0.0321607,0.0212955,0.0147931,0.0662914,0.0177051,0.0189016
0.00797318,0.0057992,0.00114442,0.0142666,0.00304992,0.00280966
0.0390243,0.0156827,0.0141257,0.0662061,0.020172,0.0334768
0.0434523,0.0221478,0.0181841,0.0797732,0.0214841,0.0313943
0.0163804,0.011146,0.0119768,0.056919,0.0134289,0.020842
0.00554368,0.0036637,0.00178677,0.0214439,0.00459934,0.010394
0.0295992,0.0195581,0.0129833,0.0458828,0.0110664,0.02065
0.0205377,0.0139136,0.00721247,0.0238082,0.00712712,0.016318
0.0113926,0.00520856,0.00460471,0.0271286,0.00864224,0.0109538
0.0279305,0.0168962,0.0165921,0.106215,0.0251731,0.0125655
0.0172484,0.0121676,0.00977641,0.0273022,0.00727596,0.0100269
0.0250513,0.0165293,0.00808731,0.0462461,0.00939009,0.00606344
0.0235572,0.0136958,0.0145819,0.0701946,0.0189067,0.0203308
0.0276346,0.0186191,0.00906279,0.0438981,0.0099577,0.0142112
0.0128917,0.00838398,0.00482545,0.0176958,0.00557418,0.00752686
0.0133437,0.00902963,0.00277455,0.0401158,0.0105372,0.0186747
0.0188677,0.0131228,0.00565947,0.0201564,0.00622874,0.00346435
0.00633182,0.00439133,0.00257997,0.0159455,0.00246097,0.0040023
0.0552108,0.0271957,0.066973,0.316762,0.0755829,0.0849118
0.0105448,0.00703444,0.00379095,0.0148444,0.00325579,0.00362844
0.0214575,0.0146619,0.00763894,0.0282037,0.0075663,0.0137742
0.016094,0.0107376,0.00847089,0.0488251,0.0135035,0.00900344
0.00537647,0.00347172,0.00305919,0.0101523,0.0021314,0.00543889
0.00766002,0.00549249,0.00302928,0.0170738,0.00514716,0.0031753
0.0234096,0.0154422,0.00703188,0.0394708,0.0114065,0.0261544
0.0166762,0.0118083,0.00455074,0.0119862,0.00441265,0.00910407
0.0180095,0.0125551,0.00660636,0.0258314,0.00785383,0.00621782
0.0172601,0.0118647,0.00395399,0.0217598,0.00673262,0.00478933
0.0217219,0.0151381,0.0104607,0.038916,0.0102319,0.00663997
0.0223477,0.015395,0.00894674,0.0227652,0.00736997,0.0067358
0.0266477,0.0177481,0.00999987,0.0457902,0.0115141,0.00416071
0.0109872,0.00756567,0.00407768,0.0242627,0.00620423,0.00618587
0.0198744,0.0135295,0.00944306,0.0503377,0.014535,0.00731662
0.00801392,0.00542862,0.00361749,0.0131915,0.00220407,0.00175207
0.0137327,0.00945852,0.00410058,0.0268932,0.00649106,0.0118095
0.0320891,0.0212338,0.0102747,0.0413487,0.0104418,0.033234
0.0076505,0.00558641,0.00345753,0.0178524,0.00466244,0.000259467
0.00482757,0.00371129,0.00633032,0.0250678,0.0072053,0.00289456
0.0176808,0.012276,0.00996506,0.0457459,0.0114088,0.0248227
0.025976,0.0178152,0.0134424,0.0678064,0.0173748,0.0168266
0.022669,0.01505,0.0259317,0.09812,0.0244342,0.0234325
0.0149817,0.0105389,0.00641554,0.0200644,0.00703488,0.00552819
0.00794184,0.00541645,0.00614263,0.0339305,0.00777142,0.00936684
0.0396742,0.0257521,0.0102436,0.05358,0.0136434,0.0211113
0.00541797,0.00388995,0.00357034,0.0126528,0.00428753,0.00395612
0.0193931,0.0128683,0.0101787,0.0644751,0.0152175,0.0243108
0.00707948,0.00495584,0.00306895,0.0122878,0.00266736,0.00792339
0.0359426,0.0228041,0.0252988,0.123771,0.0308536,0.043447
0.0117076,0.00792453,0.00318032,0.0489705,0.0109462,0.0130193
0.0105865,0.00754097,0.0040161,0.0164909,0.00462654,0.00307236
0.0666354,0.0404014,0.0325064,0.121507,0.0315594,0.0529354
0.0416447,0.0256573,0.0144903,0.0537232,0.0147389,0.013865
0.00918896,0.00640161,0.00368754,0.0195226,0.00609614,0.00205322
0.0120715,0.00833726,0.00445474,0.0141576,0.00468585,0.00398891
0.0259787,0.0176459,0.016664,0.0626047,0.0173973,0.0208409
0.017371,0.0115835,0.00607991,0.0306855,0.00712478,0.00608037
0.00483635,0.00354995,0.00232729,0.015276,0.00433137,0.00538784
0.0118647,0.00809894,0.00249988,0.0233519,0.0057886,0.00421702
0.0312253,0.0170278,0.0116433,0.032467,0.00957329,0.0159393
0.0275713,0.0177234,0.0200505,0.0985235,0.0227665,0.0314138
0.0127334,0.00839835,0.00422528,0.0142027,0.00505204,0.00926075
0.0118557,0.00810647,0.00287892,0.0402436,0.0145145,0.0261199
0.011731,0.00559495,0.00377638,0.0153322,0.00609066,0.00861338
0.0798854,0.046699,0.0392809,0.134678,0.0372353,0.0245881
0.0299171,0.0193217,0.0240518,0.0546394,0.0165639,0.0330325
0.00637001,0.0046171,0.00385648,0.0154,0.00401985,0.00231631
0.00887787,0.00642758,0.00294639,0.00871105,0.00220514,0.00113543
0.02016,0.0142408,0.00691555,0.0269614,0.00730966,0.0139172
0.0151442,0.0100897,0.00372083,0.0223381,0.00674696,0.00873211
0.0489405,0.030481,0.020173,0.105731,0.0277053,0.0204082
0.0301846,0.0130009,0.00959319,0.0355119,0.00826018,0.00812576
0.0125956,0.0086205,0.00569458,0.0353502,0.0104556,0.0138751
0.0190749,0.0128919,0.0124536,0.0506282,0.013769,0.0266381
0.0367247,0.023971,0.0205689,0.0760266,0.0217178,0.0459896
0.0126809,0.00859178,0.0052397,0.025386,0.00655679,0.00966098
0.00961867,0.00690193,0.00323094,0.0166602,0.00376074,0.0026386
0.0206149,0.0138549,0.00570235,0.0392503,0.0100869,0.0102249
0.0224567,0.0154365,0.00724606,0.0449182,0.0123668,0.00904803
0.0276887,0.0179696,0.00905132,0.0321255,0.00711791,0.00923913
0.0262655,0.0176449,0.00904645,0.0264884,0.00856526,0.00636045
0.0112422,0.00799499,0.00399803,0.0127208,0.00414816,0.00984948
0.0487433,0.0329428,0.0257208,0.109298,0.0280623,0.0209092
0.0407492,0.0221303,0.0158902,0.0694841,0.02005,0.0168239
0.0514137,0.0268233,0.0233436,0.0846823,0.0221251,0.0244505
0.0387771,0.0240812,0.0147812,0.0706364,0.0163874,0.0161395
0.0247767,0.016113,0.00744839,0.03199,0.00842767,0.00591437
0.00619949,0.00431643,0.0023526,0.00920147,0.00271104,0.00110633
0.0417103,0.0258753,0.0175757,0.0863366,0.0211879,0.0240411
0.0175523,0.00896181,0.00561734,0.0260822,0.00763339,0.00376889
0.0571447,0.0361161,0.0360932,0.148001,0.0387801,0.0328748
0.0127066,0.00846055,0.00313878,0.0197627,0.00406354,0.0144323
0.0052801,0.00343589,0.00311022,0.0111782,0.00250871,0.00652079
0.00804718,0.00579827,0.00217707,0.0137203,0.00367296,0.00600427
0.0212287,0.0143486,0.0053504,0.0301674,0.00958537,0.00704622
0.0167881,0.0113303,0.00835606,0.0566496,0.0136029,0.0224126
0.0147072,0.00981186,0.00507697,0.0293028,0.00637995,0.00422367
0.025499,0.0168287,0.0085023,0.0325435,0.0079977,0.0135019
0.0086806,0.00627855,0.00349221,0.0203143,0.00443957,0.00523249
0.0222618,0.0114874,0.00966889,0.0446739,0.0127868,0.00876847
0.00718534,0.00513764,0.0030841,0.0208162,0.00448119,0.00241731
0.0480538,0.0294642,0.0276892,0.0979583,0.0244915,0.0273599
0.0247366,0.0167168,0.00592664,0.0352939,0.00930611,0.00486366
0.0044139,0.00340792,0.00334802,0.00964234,0.00265203,0.00234324
0.038677,0.0219684,0.0427572,0.183415,0.0447466,0.0538908
0.00609768,0.00453055,0.00325087,0.0123667,0.00281426,0.00475986
0.0158512,0.0104104,0.00590179,0.0300452,0.00772896,0.00884693
0.0334594,0.0227996,0.0111318,0.0653799,0.0160345,0.0421494
0.0100942,0.00703758,0.00295366,0.0178975,0.00422302,0.00936861
0.0187169,0.0133283,0.00939769,0.0264369,0.00700253,0.0134849
0.0163012,0.0112635,0.00624979,0.0492595,0.0125057,0.0127426
0.00732954,0.00531817,0.00359698,0.0120429,0.00385069,0.00192325
0.0136657,0.00962594,0.00557021,0.0282486,0.0104095,0.0131224
0.0244292,0.0162204,0.00853936,0.0300586,0.0067362,0.00918296
0.00683994,0.00461469,0.00225827,0.0153638,0.00330227,0.00360269
0.00460581,0.00347858,0.00221791,0.0164202,0.00405257,0.00473159
0.013556,0.00941036,0.00593414,0.0248478,0.00678676,0.00702981
0.0129602,0.00919459,0.00414969,0.0267508,0.00568829,0.00465462
0.0167625,0.0111282,0.00383756,0.0321866,0.00864901,0.0159022
0.0174582,0.0121454,0.00483423,0.0284779,0.00694703,0.00495693
0.0146046,0.00993134,0.00517515,0.0189541,0.00557604,0.00805997
0.00741625,0.00420457,0.00317086,0.0185044,0.00494309,0.00396358
0.0247167,0.0165033,0.0135177,0.0288385,0.00913731,0.0152529
0.00689699,0.0048488,0.00349532,0.0104287,0.00339187,0.0044111
0.0142441,0.00971383,0.0057172,0.0122488,0.00352038,0.00516752
0.0236286,0.0156401,0.00687349,0.038968,0.00992938,0.015606
0.0286117,0.0190724,0.0162564,0.0479,0.0130498,0.0188224
0.0416452,0.0251335,0.0190431,0.121209,0.0299513,0.0296246
0.0249749,0.0166264,0.00849321,0.052469,0.0133308,0.0204084
0.0068049,0.00500626,0.00194219,0.0143467,0.00443854,0.0105213
0.0223324,0.0132074,0.00820738,0.040482,0.00998602,0.0071724
0.0275939,0.0150839,0.00935206,0.0399189,0.00854496,0.00792928
0.009237,0.0062792,0.0042671,0.0192241,0.00619967,0.00833433
0.0108019,0.00715282,0.00781355,0.0256869,0.00616765,0.00466939
0.0130353,0.00905991,0.0040941,0.0204108,0.00547158,0.00433743
0.0110887,0.00773576,0.00264052,0.0237185,0.00655424,0.00301721
0.0338188,0.022542,0.0125264,0.0393295,0.00889158,0.0170582
0.0278172,0.0184052,0.00855892,0.0333835,0.00980281,0.00871847
0.00642804,0.00449073,0.00224366,0.00906871,0.00278548,0.00352276
0.00712307,0.00476227,0.00309222,0.0199359,0.00515908,0.0035327
0.017753,0.00859034,0.00545866,0.0252197,0.00665021,0.00507486
0.0057771,0.00396956,0.00227648,-0.000672258,0.0010084,0.00289804
0.0172971,0.011122,0.0148187,0.114224,0.0307993,0.0309789
0.0223313,0.0150097,0.0157499,0.0711453,0.0194361,0.0266525
0.0213718,0.0143194,0.0141273,0.0696822,0.0166938,0.00973269
0.0102137,0.00684646,0.00488166,0.0285643,0.00692487,0.00715124
0.0150223,0.0102235,0.00993438,0.0238157,0.00639753,0.00595495
0.00459849,0.00318466,0.00192358,0.0135888,0.00291518,0.0027265
0.0399544,0.0257919,0.0166733,0.111794,0.0272751,0.0176415
0.0371931,0.0240248,0.0132669,0.0753525,0.0204361,0.0228058
0.0202768,0.0135258,0.00505545,0.0337183,0.00950063,0.01008
0.0333285,0.0197602,0.0273539,0.113326,0.032792,0.0441828
0.0390504,0.0247008,0.0145159,0.0611141,0.0161249,0.0381074
0.0290249,0.0189525,0.0112256,0.0527113,0.0133435,0.0251039
0.0107403,0.00733352,0.00578548,0.0251407,0.00612983,0.0048314
0.0296091,0.018809,0.00924924,0.0395121,0.0105294,0.0131302
0.0177744,0.0112986,0.0289213,0.139892,0.0353313,0.0583995
0.00825031,0.00599219,0.00724595,0.0550124,0.0138474,0.022275
0.034478,0.0197715,0.0381917,0.169267,0.0440743,0.0508345
0.0479235,0.029562,0.030369,0.113875,0.0277276,0.0385387
0.0213463,0.0146842,0.00789383,0.0476948,0.0107296,0.0120813
0.0154047,0.0106551,0.00482416,0.0153218,0.00305618,0.0071072
0.00694754,0.00512613,0.00361327,0.0147772,0.00434418,0.00302401
0.00717285,0.00511668,0.003075,0.0147016,0.00454917,0.00372819
0.0307873,0.0200241,0.0131554,0.0652665,0.018215,0.0349127
0.0248589,0.0167296,0.00745979,0.0294444,0.00751513,0.00657823
0.0121679,0.00799437,0.00504714,0.0295707,0.00820552,0.00778344
0.0062806,0.0044232,0.00247735,0.0100255,0.00354234,0.0030434
0.00658353,0.00472011,0.00342876,0.0219951,0.00574269,0.00559234
0.0108568,0.00701928,0.00473597,0.0200669,0.00449638,0.00395929
0.0123451,0.00834703,0.00442244,0.00197683,0.000689142,0.00777623
0.0498135,0.0293567,0.0132118,0.0802405,0.021071,0.0227242
0.0283729,0.0185911,0.0106042,0.0510493,0.0123649,0.00626574
0.0109074,0.00753933,0.00393555,0.0269513,0.00562364,0.00225969
0.0129963,0.00895432,0.0025503,0.0302887,0.00878654,0.00300366
0.035245,0.0228763,0.0117542,0.0895497,0.0255688,0.0184079
0.00597292,0.00384522,0.00186074,0.0191769,0.00295244,0.00608201
0.0140002,0.00996453,0.00854762,0.0268118,0.00600036,0.0174054
0.0531162,0.0302922,0.017654,0.0583853,0.0155066,0.0151279
0.0469697,0.028816,0.0183304,0.0660303,0.0177399,0.013755
0.0268055,0.0173292,0.0194136,0.083588,0.0232963,0.0508308
0.00918031,0.00628854,0.00279163,0.00785917,0.0020365,0.00299009
0.0178334,0.0118789,0.00608321,0.0502489,0.0135153,0.00467811
0.0275381,0.0179345,0.0133495,0.0653875,0.017163,0.0137889
0.0180193,0.0128567,0.00539569,0.0205008,0.00587848,0.0120069
0.0264832,0.0175415,0.0129762,0.0539265,0.0150012,0.0167297
0.015896,0.0108937,0.00559846,0.0306116,0.00978436,0.0114134
0.00616546,0.00421057,0.00184986,0.0168477,0.00395597,0.00311132
0.0184609,0.01239,0.00795146,0.0286007,0.00863472,0.0158222
0.0185079,0.0120357,0.00582747,0.0450325,0.0142753,0.0289971
0.0065783,0.00470844,0.00305769,0.0133368,0.00324595,0.00442515
0.0104241,0.00696723,0.00525025,0.0349693,0.0101868,0.00805184
0.0146098,0.0100757,0.00529621,0.0399481,0.0101291,0.0184399
0.027974,0.018413,0.0207179,0.0822227,0.0219628,0.0216291
0.00442372,0.00344954,0.0027206,0.0092463,0.00314063,0.00291575
0.0378639,0.0206759,0.0528368,0.280319,0.0722912,0.143135
0.043906,0.0281448,0.0150184,0.0234418,0.0072552,0.0187323
0.0125203,0.00857172,0.00437076,0.0182041,0.00503682,0.00126419
0.00571258,0.00392488,0.00308606,0.0269126,0.00832428,0.010015
0.0210442,0.0141671,0.00801873,0.0452468,0.0122689,0.0109264
0.027103,0.0174842,0.0158884,0.0610216,0.0158436,0.0262833
0.0141893,0.00897159,0.00469901,0.035623,0.0105048,0.00678244
0.00981046,0.00603186,0.00713862,0.010364,0.00383066,0.0034347
0.0125265,0.00915547,0.00811586,0.0342253,0.00888929,0.0139902
0.00690788,0.00486224,0.00454753,0.0244477,0.00652526,0.00457385
0.016245,0.0106181,0.00728985,0.0293121,0.00882015,0.0148739
0.0209143,0.0143159,0.00613468,0.0372392,0.0107778,0.0155703
0.0407068,0.019356,0.0532316,0.240484,0.0692058,0.100635
0.0447146,0.0214482,0.0589638,0.203837,0.050757,0.126829
0.0144409,0.00949286,0.00515397,0.020539,0.00635507,0.00296614
0.0259258,0.0172547,0.00908922,0.00933227,0.00271825,0.0416005
0.0129733,0.0092931,0.0166109,0.094382,0.0249933,0.0222361
0.0166118,0.0113317,0.00492712,0.0410603,0.0105702,0.00420973
0.00522198,0.00380561,0.00380008,0.0298747,0.00830753,0.00651386
0.0191006,0.0126193,0.00708433,0.0336367,0.0087462,0.0180593
0.0263669,0.0177592,0.00885021,0.0414256,0.00890819,0.021931
0.020698,0.0137858,0.00673856,0.0171141,0.00417587,0.00474939
0.0261046,0.0181311,0.00888938,0.0644458,0.0171076,0.0144772
0.0176357,0.0123955,0.00667491,0.0211847,0.00662418,0.0116803
0.00633984,0.00435794,0.00279563,0.0130627,0.00247914,0.00683962
0.0147427,0.0102786,0.00771959,0.032456,0.00971475,0.0105398
0.0108167,0.007567,0.00368383,0.0244835,0.00567565,0.00956603
0.0200543,0.0133948,0.00758347,0.0508367,0.0123944,0.0201299
0.0313766,0.0201983,0.0121853,0.0378106,0.0101523,0.0151064
0.0230856,0.0153455,0.00683783,0.0361252,0.0105268,0.00316611
0.0174759,0.0119706,0.00515344,0.0248706,0.00636561,0.00646534
0.0187511,0.0126794,0.0188764,0.0889216,0.0248262,0.0237322
0.022735,0.0156759,0.0205047,0.0723478,0.0173388,0.029224
0.0169904,0.0116285,0.00558771,0.02273,0.00523007,0.00498961
0.0264813,0.0174225,0.0155007,0.0787649,0.0206157,0.0318457
0.0138351,0.00934184,0.00451955,0.0172442,0.00514402,0.00554357
0.0131956,0.00867344,0.0234536,0.0915323,0.0224519,0.0155659
0.0308352,0.0198817,0.0100197,0.043815,0.0123891,0.0240444
0.0195251,0.0130165,0.00724142,0.0331256,0.00847283,0.00585298
0.025858,0.0173448,0.00905845,0.0385402,0.00891814,0.00696617
0.00555497,0.00389564,0.00300193,0.0113935,0.00335855,0.00305712
0.0416456,0.0253814,0.0179899,0.0584751,0.0142444,0.0194858
0.00857677,0.00620715,0.00482495,0.0233651,0.00618062,0.00749328
0.029593,0.0194687,0.00893181,0.0450829,0.0134209,0.0180551
0.0196453,0.012948,0.00750923,0.0266706,0.00714404,0.00726902
0.0202846,0.0139821,0.00604716,0.0241764,0.00542285,0.0026944
0.00840679,0.00596765,0.00465479,0.0229526,0.00607122,0.0090745
0.0102341,0.00711168,0.00793123,0.0505878,0.0147729,0.0133203
0.0401157,0.0254298,0.0147603,0.0674745,0.0183841,0.0171049
0.0126481,0.00877433,0.00555868,0.0613403,0.0156752,0.0149638
0.0165667,0.0115428,0.00495665,0.0190867,0.00493083,0.0109608
0.00908631,0.00606083,0.00447271,0.0165387,0.00469854,0.00610419
0.0152728,0.01014,0.00710367,0.0259429,0.00757616,0.0109643
0.0128921,0.00874987,0.00445308,0.0247365,0.00635799,0.00417707
0.0224191,0.0151599,0.0103834,0.0537962,0.0164096,0.0101598
0.0118446,0.00798549,0.00407466,0.0249013,0.00609382,0.0055295
0.00924382,0.00635978,0.00300481,0.0145994,0.00446242,0.00126701
0.0099137,0.00707435,0.0026362,0.0194147,0.00535025,0.00134943
0.018846,0.0124968,0.00536538,0.0232813,0.00752622,0.00617415
0.0220877,0.0148523,0.00744736,0.0446358,0.0112115,0.023592
0.0186165,0.00791584,0.00929545,0.0811359,0.0218998,0.0155271
0.0230368,0.011582,0.0124189,0.0866696,0.0212033,0.0152828
0.0171554,0.0119959,0.00499942,0.022992,0.00606844,0.00577807
0.0293387,0.0187042,0.0119953,0.0514299,0.0136833,0.0047111
0.0161394,0.0116938,0.00522827,0.0205885,0.00541924,0.00331225
0.00781633,0.00528587,0.00225526,0.0107133,0.00357483,0.00850431
0.0463553,0.0284373,0.0145162,0.0561037,0.0146396,0.028299
0.0116922,0.00817597,0.00692654,0.0283931,0.00695521,0.00760762
0.0347884,0.0208696,0.016061,0.0865942,0.0206764,0.0260871
0.0128739,0.00882776,0.00441821,0.0155567,0.00387643,0.00628767
0.00985972,0.0064876,0.00240591,0.0203962,0.00635795,0.00622256
0.0363612,0.0225471,0.0225535,0.0972129,0.023968,0.0346875
0.0230935,0.0152147,0.0078817,0.0406771,0.0101167,0.0129337
0.00667963,0.00441878,0.00243087,0.0104046,0.00287307,0.00367483
0.0202496,0.0136937,0.00900097,0.056534,0.0138954,0.0163022
0.0131139,0.00852876,0.00291801,0.0287542,0.00864354,0.00689584
0.00976883,0.00688562,0.00461901,0.0136337,0.00266159,0.00356425
0.0158957,0.0106033,0.00405506,0.0157434,0.00366006,0.00548021
0.0125394,0.00916469,0.00468242,0.0262163,0.00778749,0.011672
0.0237434,0.0159918,0.0099986,0.0457255,0.0151248,0.00636916
0.0248141,0.0155793,0.0165149,0.0714531,0.0198117,0.0330805
0.0302641,0.0202963,0.0105501,0.0341233,0.00966711,0.00749769
0.00718032,0.00522207,0.00286731,0.0209667,0.00466069,0.00326366
0.00680532,0.00434561,0.00258539,0.0258219,0.00562863,0.0149468
0.0141044,0.00969015,0.00555942,0.021526,0.00515894,0.00570673
0.0201217,0.0134591,0.00893888,0.0586795,0.0143696,0.0131346
0.0129202,0.00869919,0.00403835,0.027978,0.00727792,0.00722459
0.0153979,0.010506,0.0071756,0.0243007,0.00538338,0.0194705
0.00929393,0.00641523,0.0029561,0.0287147,0.00716262,0.0046953
0.0165885,0.0110616,0.00558723,0.0246512,0.00627283,0.0170244
0.0314764,0.0205075,0.00937563,0.0481486,0.0127077,0.00950115
0.0265011,0.0176173,0.00848602,0.0358682,0.00891209,0.0111822
0.0171996,0.0119267,0.00430367,0.0267636,0.00708111,0.00712844
0.0193603,0.013202,0.00714633,0.0333635,0.00917061,0.00974585
0.0112782,0.00789917,0.0040944,0.0218767,0.00544209,0.00600674
0.00497311,0.0033071,0.00308845,0.0228762,0.00626643,0.00234862
0.0103555,0.00709803,0.00912586,0.0290508,0.00725698,0.00470564
0.0446861,0.0268601,0.0164353,0.0861161,0.0224312,0.0126496
0.00913794,0.00669143,0.00395448,0.00384756,0.000783066,0.0038832
0.00626782,0.00455945,0.0145399,0.0585651,0.0151856,0.0135395
0.00525702,0.00369298,0.00166062,0.0295577,0.0082835,0.0221194
0.0207985,0.0135157,0.0099375,0.0448914,0.0103916,0.0215572
0.0208074,0.0143603,0.00869024,0.0406316,0.0113877,0.0110149
0.041908,0.0267876,0.012022,0.0529875,0.0127984,0.0289659
0.031305,0.0208727,0.0144188,0.0556001,0.0131337,0.0399523
0.010139,0.00693596,0.0124924,0.084535,0.0199177,0.0161847
0.0126621,0.00816158,0.0219128,0.0808285,0.0209146,0.0213818
0.00595118,0.0038217,0.00398866,0.0178752,0.00453891,0.00301947
0.0148558,0.0100151,0.00530493,0.025666,0.00655044,0.00935125
0.0268648,0.0172701,0.0054944,0.044792,0.0107873,0.00976805
0.0332083,0.0211805,0.00855814,0.0530306,0.014908,0.0174977
0.0441316,0.0262514,0.0148419,0.0673587,0.0178821,0.0414393
0.0140877,0.00915485,0.00526044,0.0276355,0.00541105,0.00221762
0.00727192,0.00521019,0.00289388,0.0191422,0.0050241,0.00147996
0.0318847,0.0205775,0.0114076,0.0487215,0.0114397,0.00857624
0.00725656,0.00510394,0.00294694,0.019729,0.00316195,0.00265333
0.0304652,0.0195063,0.0105041,0.0692935,0.0176206,0.0325229
0.00745837,0.00529064,0.00242498,0.0137235,0.00265257,0.00347813
0.0429898,0.0194126,0.0262658,0.124739,0.0333455,0.0524024
0.00681485,0.00448762,0.00268726,0.0192441,0.00470725,0.00904622
0.0290185,0.0187764,0.0265314,0.0856541,0.0235586,0.0329618
0.0132795,0.00909046,0.00521798,0.0123371,0.00410983,0.0118093
0.0176794,0.0123,0.0089788,0.0423846,0.0123699,0.00632269
0.0159666,0.0109741,0.0180763,0.078572,0.0235935,0.0350017
0.0351309,0.0219754,0.0149086,0.0967648,0.0244591,0.0177396
0.00902714,0.00632223,0.00812643,0.0409498,0.00846732,0.0054878
0.00600676,0.00430837,0.00238815,0.0010189,0.00061269,0.00395901
0.0121975,0.00804664,0.00381481,0.022904,0.00557245,0.00486041
0.019379,0.0133703,0.00688071,0.0205927,0.00721999,0.0243408
0.0233787,0.0153595,0.00916771,0.0478769,0.0124195,0.0144906
0.014833,0.0100968,0.00461849,0.024671,0.0084895,0.0105858
0.0219455,0.0144831,0.00829014,0.0639636,0.0172183,0.0226237
0.0156527,0.0106765,0.00506669,0.0268326,0.00521212,0.00578663
0.00651078,0.00422415,0.00329735,0.0175239,0.00491166,0.00185779
0.00711517,0.0050813,0.00272023,0.0145186,0.00444855,0.00446527
0.0169112,0.0111351,0.00634731,0.0383285,0.00917213,0.00569183
0.0409056,0.0253732,0.0253826,0.115478,0.0271554,0.0114533
0.0377115,0.0240219,0.0180988,0.0502894,0.014528,0.0180793
0.0198348,0.0137399,0.00906352,0.0266244,0.00780103,0.0375794
0.0255355,0.016915,0.00802575,0.0360272,0.00994244,0.00747299
0.00489484,0.00353455,0.00351859,0.0177948,0.00502406,0.00281544
0.0119664,0.00785649,0.00516267,0.0415305,0.0123921,0.0081173
0.0185785,0.0129136,0.00505975,0.0173297,0.0051433,0.00488746
0.0112105,0.00781097,0.00379091,0.0276512,0.00631155,0.00487917
0.00783885,0.00444955,0.00352897,0.0203522,0.00749902,0.00374582
0.016811,0.0110564,0.0143622,0.0576055,0.0144615,0.00787726
0.0145774,0.00908744,0.0142122,0.0528413,0.0141251,0.0097144
0.0222248,0.0148977,0.00873163,0.0304283,0.00870154,0.00917453
0.0227681,0.0153274,0.00695043,0.0367165,0.0110318,0.0129288
0.036154,0.0203007,0.0315498,0.125951,0.0321296,0.0222009
0.0104029,0.00680145,0.00332563,0.016506,0.00312799,0.00389854
0.0141792,0.0100141,0.00524638,0.0171322,0.00446464,0.00403559
0.0127981,0.00867566,0.00486475,0.0275464,0.008535,0.0307104
0.0180498,0.0118953,0.00489093,0.0234273,0.00648497,0.00215956
0.0418493,0.0266045,0.0149225,0.0404879,0.012945,0.0112649
0.0270004,0.0175727,0.0126158,0.060697,0.0175054,0.0274851
0.00868207,0.00599184,0.00336157,0.0142099,0.00342971,0.00268145
0.0199903,0.0132891,0.011477,0.0610092,0.01606,0.0383677
0.0435988,0.0188,0.0197298,0.127056,0.032227,0.0318827
0.0427218,0.0175142,0.0208783,0.120605,0.0271446,0.0290965
0.0120115,0.00794188,0.00408237,0.0143844,0.00397165,0.0113902
0.0225251,0.015498,0.00693534,0.0233648,0.00579049,0.00746076
0.0199719,0.0133161,0.0106029,0.0579315,0.014201,0.01544
0.0246915,0.0153687,0.0098887,0.0592683,0.0145024,0.0215451
0.011537,0.00787254,0.00491939,0.0220635,0.00510267,0.00365254
0.0105812,0.0076998,0.00371763,0.0284694,0.00680224,0.00745909
0.0117741,0.00840501,0.00802456,0.0576699,0.0165265,0.0260323
0.0278822,0.0167681,0.00683457,0.0457783,0.0125456,0.0214975
0.0235466,0.0153128,0.0103402,0.0630341,0.0165285,0.0169467
0.0109476,0.00742237,0.00334871,0.0177471,0.00337842,0.00223204
0.0187272,0.0127302,0.00734861,0.0308488,0.00726714,0.00474539
0.00930168,0.00622383,0.00245091,0.014177,0.00426458,0.00978884
0.0290836,0.0185293,0.0198166,0.0762473,0.0214064,0.0344475
0.0123031,0.00819032,0.00866897,0.0392567,0.00950609,0.00588995
0.0206165,0.013342,0.026362,0.0932852,0.0246173,0.0308617
0.0685699,0.0414012,0.0545892,0.20618,0.0539675,0.0731681
0.00512541,0.00307763,0.00367062,0.0183842,0.00489992,0.00261231
0.00690183,0.00497851,0.00265944,0.0151912,0.00367363,0.00127118
0.0060872,0.00402047,0.00195989,0.0240216,0.00637941,0.011718
0.0129651,0.00868881,0.00694403,0.0266037,0.00637984,0.00584419
0.0211336,0.0137975,0.0105637,0.0674788,0.0153239,0.0116061
0.0337695,0.0223955,0.0167478,0.0958799,0.0235126,0.0183563
0.00887963,0.0062236,0.00394983,0.020514,0.00534713,0.00416542
0.00892242,0.00639283,0.00393742,0.0161553,0.00431275,0.00271097
0.00992365,0.00714281,0.00431721,0.0160953,0.00430443,0.00646993
0.0122302,0.00823482,0.00533805,0.0230124,0.00473109,0.00216098
0.0106172,0.00723065,0.00435674,0.0179158,0.00448847,0.00615067
0.00633511,0.00413104,0.00247282,0.0163098,0.00445608,0.00500087
0.0388472,0.0246325,0.0128782,0.0530843,0.0150211,0.0228373
0.021015,0.0136378,0.0056655,0.0320799,0.00734357,0.00994305
0.0265082,0.0172918,0.00864708,0.0361578,0.00870771,0.0144631
0.0253268,0.0170184,0.00598563,0.0557819,0.0146695,0.0112991
0.0130514,0.0089536,0.0104678,0.0492247,0.0117093,0.00814236
0.0261396,0.0168754,0.00987703,0.0406542,0.0107791,0.0117223
0.0178228,0.0122081,0.0104561,0.0281121,0.00881323,0.00723864
0.0239895,0.0160338,0.00601558,0.0305526,0.00640031,0.0064312
0.0280037,0.0191209,0.00940226,0.053839,0.0127964,0.0101532
0.0172452,0.0112005,0.00611027,0.0225983,0.00491028,0.00802861
0.0132042,0.00912903,0.00703517,0.0413376,0.0106175,0.00624941
0.0268001,0.0177935,0.00850565,0.0557242,0.0127134,0.00847654
0.0257946,0.0173502,0.0175307,0.0800476,0.0198821,0.0144599
0.0127881,0.00922012,0.00505288,0.0193016,0.00524314,0.00413304
0.00627549,0.00439975,0.0021822,0.0141174,0.00390308,0.00188011
0.0177764,0.012098,0.00588924,0.0252333,0.00720727,0.00993416
0.00637965,0.00428738,0.00250378,0.0106913,0.00406821,0.00244749
0.0267765,0.017747,0.0101996,0.0783538,0.0195676,0.0225454
0.0195809,0.0128871,0.00668606,0.0261137,0.00658661,0.00613061
0.0340279,0.0222313,0.0106895,0.0440118,0.0138167,0.0117907
0.019753,0.0134779,0.019689,0.102857,0.0267767,0.0336243
0.0122424,0.00852411,0.0113902,0.0686465,0.0192472,0.0104399
0.00972003,0.00677394,0.00339408,0.016893,0.00400982,0.00430108
0.0150247,0.0100927,0.00456098,0.0201458,0.00537984,0.0101073
0.0188574,0.0132243,0.0103249,0.0269233,0.00782946,0.0108093
0.00987648,0.00719956,0.00357563,0.0169814,0.00394348,0.0051795
0.0145798,0.00997518,0.00649508,0.0248823,0.00707484,0.00472691
0.021905,0.0100437,0.0139347,0.0407907,0.0107817,0.0167408
0.0244736,0.0110003,0.0105964,0.0294147,0.00677885,0.0126284
0.00889127,0.0046671,0.00503555,0.0316078,0.00845207,0.00772222
0.0108342,0.00607966,0.00667934,0.0275119,0.00567162,0.00725118
0.0140226,0.00957493,0.00391731,0.0231104,0.00485388,0.00324702
0.020179,0.0136908,0.00702247,0.03113,0.00661311,0.00878855
0.0515419,0.0325311,0.0165411,0.0753884,0.0204208,0.0178645
0.00492293,0.00348411,0.00224521,0.000470396,0.000726,0.00618606
0.00902783,0.00651746,0.00442821,0.0133675,0.00349465,0.00291271
0.00777188,0.00545375,0.00322805,0.0137478,0.00484349,0.0106434
0.00965924,0.00647355,0.00374286,0.00826217,0.00123013,0.00342344
0.0158963,0.0107889,0.00865214,0.0336401,0.00749071,0.00844878
0.0318136,0.0207176,0.0128617,0.0587954,0.0175462,0.021195
0.0330249,0.0180738,0.0138047,0.0808676,0.0208749,0.0338955
0.0156032,0.0103786,0.00560864,0.0278415,0.00910214,0.00215482
0.0348812,0.0224602,0.0161398,0.0743666,0.0161187,0.0202659
0.00665724,0.00478572,0.00211026,0.0186244,0.00393756,0.00505873
0.0522137,0.0302589,0.0225394,0.0950155,0.022225,0.0229216
0.0225502,0.0155053,0.0134194,0.00947808,0.00180874,0.0253568
0.0136965,0.00955497,0.00595394,0.0379515,0.0115365,0.0120012
0.046674,0.0263788,0.0270493,0.122091,0.0330781,0.037003
0.0281705,0.0128176,0.0104391,0.0296608,0.00772522,0.0122788
0.018991,0.0122376,0.00600117,0.0331599,0.00835623,0.0115249
0.0127973,0.00888081,0.00427211,0.0188767,0.00548768,0.00818307
0.0160108,0.0111086,0.0130972,0.0373882,0.00879982,0.00714506
0.0101175,0.00702117,0.00282987,0.0188362,0.00552128,0.00829722
0.0085972,0.00591445,0.00309794,0.0177635,0.00537068,0.0061757
0.0240538,0.0158894,0.0124886,0.0302106,0.00620634,0.0135241
0.0121787,0.00855724,0.00333178,0.0177647,0.00380571,0.00565235
0.0216218,0.0150733,0.00712901,0.0298802,0.00659139,0.0063742
0.0405065,0.0262884,0.0166769,0.073106,0.0181991,0.0155716
0.0200157,0.0136748,0.0169673,0.0812593,0.0217932,0.0421735
0.0216555,0.0148176,0.0116014,0.0464037,0.0120376,0.0103225
0.0369269,0.0238496,0.0131288,0.0135887,0.00340223,0.010676
0.027592,0.0179082,0.0104004,0.0411333,0.00954032,0.0104465
0.0271223,0.017731,0.0091332,0.0358833,0.00925072,0.0140578
0.0182087,0.0124578,0.00966192,0.0460056,0.0131764,0.0125403
0.0449271,0.0277917,0.0112693,0.0652818,0.0183602,0.0203819
0.00783026,0.00548904,0.00250688,0.0185373,0.00324914,0.00153585
0.0285715,0.0190242,0.0116079,0.0478092,0.0114854,0.00674983
0.0187842,0.0126375,0.0165734,0.0577992,0.0149902,0.0194913
0.00645336,0.00459887,0.00269917,0.00964406,0.00245583,0.00413596
0.0490126,0.0230653,0.0254517,0.116726,0.0294863,0.0440785
0.0227548,0.0149434,0.0117367,0.0316498,0.0068246,0.0161379
0.0336516,0.0204398,0.00889221,0.0475751,0.0137934,0.0229482
0.0184107,0.00840895,0.00520208,0.0223898,0.00499791,0.00696465
0.00978742,0.00702872,0.00352327,0.0244236,0.00568197,0.00746842
0.0441259,0.0277539,0.0134914,0.053321,0.0120839,0.0156623
0.0126502,0.00900097,0.00609465,0.0206622,0.00449895,0.00438217
0.0527729,0.028756,0.053449,0.235087,0.0619366,0.0829509
0.0113309,0.00756811,0.00374616,0.0317092,0.00870645,0.00681738
0.0116624,0.00803299,0.00348517,0.0204947,0.00440153,0.00769623
0.022161,0.0153183,0.00800184,0.0293268,0.00658062,0.00192569
0.0131681,0.00912389,0.00496502,0.0315963,0.006949,0.0039571
0.0114783,0.00808441,0.00344893,0.00254272,0.000754202,0.00599443
0.0123571,0.00822709,0.00361336,0.0397892,0.0106066,0.0114423
0.012018,0.00799461,0.00450713,0.011938,0.00463705,0.0053703
0.0418423,0.0277617,0.0303583,0.135333,0.036842,0.040334
0.0163186,0.0116104,0.00503667,0.0203629,0.00444105,0.00198724
0.0268739,0.0184308,0.0214043,0.0911039,0.0255996,0.0228841
0.0247161,0.0157892,0.00882329,0.0248303,0.00753611,0.0202764
0.035349,0.0223529,0.0194754,0.100705,0.0233372,0.0416149
0.0332512,0.0226832,0.00888027,0.0383684,0.00904296,0.0080776
0.0482001,0.0264333,0.0324596,0.121258,0.0285034,0.0787146
0.0330278,0.0206251,0.0286371,0.127672,0.0284916,0.022908
0.00445403,0.00292487,0.00347347,0.0117366,0.0035309,0.00241571
0.00633749,0.00463708,0.00256758,0.0135362,0.00331319,0.00425401
0.0219053,0.0153632,0.00618102,0.0199902,0.00458959,0.00678225
0.011084,0.00745574,0.00318818,0.0171153,0.00407833,0.0023494
0.0220462,0.0150667,0.0089825,0.0502332,0.0132612,0.0209158
0.0577981,0.0357936,0.0181331,0.0924644,0.0256916,0.0167449
0.0218077,0.0147326,0.0115307,0.057719,0.0152356,0.0295782
0.0175059,0.0120106,0.00578584,0.0292,0.0075592,0.010085
0.00599333,0.00419505,0.003008,0.0160545,0.00275836,0.00149648
0.0163848,0.011131,0.00580335,0.0250154,0.00688577,0.00377717
0.0109079,0.00725116,0.00524843,0.0361513,0.00959292,0.0175766
0.0280797,0.0186883,0.0109827,0.0503763,0.0147595,0.0130993
0.023961,0.0162943,0.00671591,0.0335265,0.00954044,0.0083416
0.0146507,0.0100443,0.00879933,0.0301143,0.0072948,0.00714937
0.0304834,0.0206603,0.0130032,0.0764169,0.0211603,0.0160716
0.0299972,0.0195378,0.0102225,0.0668768,0.0157675,0.0281259
0.00963425,0.00684246,0.00345446,0.0155224,0.00332954,0.00473356
0.0162424,0.0114573,0.00697986,0.0405848,0.0112703,0.0208469
0.00483595,0.0031722,0.00245935,0.00866412,0.00187042,0.00374907
0.0193225,0.0133691,0.00813697,0.0525084,0.0124608,0.0139541
0.00825794,0.00559481,0.00284382,0.0216133,0.00506817,0.00210251
0.0156081,0.0103571,0.00560827,0.00532505,0.00077422,0.00282015
0.024168,0.0167314,0.0186938,0.0463368,0.0121692,0.0211242
0.00863103,0.00349314,0.00266096,0.0209039,0.00451928,0.00985233
0.0139682,0.00846557,0.00471109,0.020142,0.00375371,0.00977922
0.0147449,0.0101776,0.00478497,0.0266945,0.00705828,0.0137138
0.0200053,0.013407,0.00644597,0.0344978,0.00798802,0.0166015
0.059689,0.0347492,0.0181236,0.0367982,0.00951345,0.0382482
0.0292384,0.0193241,0.00670629,0.0451188,0.0126625,0.0289839
0.00646211,0.00477387,0.01706,0.0563995,0.0155066,0.0129818
0.0115349,0.0078976,0.00417358,0.0169592,0.00316292,0.00210988
0.0196258,0.0131057,0.00475898,0.0387663,0.00899805,0.00770082
0.0133246,0.00915953,0.00510784,0.0210813,0.00510543,0.00474119
0.0161181,0.01077,0.01839,0.0662872,0.0164001,0.0360932
0.0302537,0.0205607,0.0133873,0.090043,0.0202677,0.0120045
0.0372047,0.0246304,0.0157563,0.0705403,0.0195253,0.0185959
0.0114885,0.00766352,0.00357077,0.0158087,0.00405393,0.00497352
0.0202795,0.0140407,0.0134379,0.0532344,0.0149355,0.0166464
0.0254934,0.0170334,0.00994865,0.0492514,0.0123299,0.0204122
0.0291102,0.0194044,0.0171362,0.0621915,0.0176565,0.0162352
0.0410255,0.0203267,0.0390571,0.196849,0.0629052,0.0605752
0.0626096,0.0338691,0.0651361,0.307851,0.0846016,0.12995
0.0169405,0.0118313,0.00538347,0.0257604,0.00782254,0.00873922
0.0201368,0.0137087,0.00562498,0.0212498,0.00405098,0.0097072
0.00951076,0.00360399,0.00417237,0.0659498,0.0203066,0.031695
0.0113223,0.00571588,0.00437244,0.0813618,0.0222012,0.0406576
0.0117185,0.00792937,0.00461937,0.0327719,0.00759477,0.00350222
0.0238565,0.0161493,0.0113995,0.0493492,0.0137878,0.0112276
0.048747,0.0286831,0.0153716,0.0503621,0.0120372,0.0282044
0.028608,0.0182282,0.0119129,0.0512422,0.0122369,0.0115355
0.0662886,0.0316376,0.0823834,0.330334,0.0831024,0.0920578
0.0595354,0.0287108,0.0436284,0.188832,0.0500546,0.0885516
0.00785522,0.00567556,0.00285385,0.0156973,0.00390678,0.00442206
0.00588444,0.00439504,0.00309792,0.00742311,0.00280249,0.000780929
0.0109134,0.00731841,0.00460011,0.0279812,0.0062852,0.00319197
0.0148622,0.0103617,0.00233229,0.0302147,0.0073532,0.00675407
0.0140917,0.00919822,0.00629416,0.0251036,0.00442225,0.00567629
0.019271,0.0130855,0.0137462,0.115475,0.0304342,0.0179443
0.0215398,0.0143344,0.00646241,0.0382832,0.00951625,0.0101945
0.0353214,0.0222973,0.0112762,0.048203,0.0120067,0.00811487
0.0140727,0.00911712,0.0275107,0.11698,0.0319712,0.0192085
0.0210334,0.0144445,0.00979481,0.039499,0.0111244,0.00664221
0.029945,0.0194823,0.00917715,0.0678227,0.0156454,0.0205723
0.0312208,0.0198208,0.0105725,0.0272112,0.00697763,0.00934504
0.0244862,0.0167412,0.00936596,0.0326618,0.0101319,0.0319219
0.0183029,0.0129112,0.0101055,0.0523564,0.0123329,0.018256
0.0162057,0.0112715,0.00519836,0.0249986,0.00569079,0.00359309
0.00600638,0.0040939,0.00463963,0.0222672,0.00633784,0.0380008
0.00434293,0.00331142,0.00173198,0.0228931,0.00588316,0.00754029
0.0167699,0.0112096,0.00677634,0.0248368,0.00607121,0.012924
0.00953741,0.00650835,0.00497039,0.0165144,0.00363349,0.00822425
0.0308426,0.0195525,0.00960857,0.0525818,0.0125298,0.0157644
0.00689897,0.00505498,0.00326094,0.0182296,0.00480633,0.00437116
0.00472364,0.00301733,0.00119039,0.020306,0.00572601,0.0031598
0.0116878,0.00766648,0.00464726,0.0311845,0.00740144,0.0028514
0.00682065,0.00461084,0.00507508,0.0258065,0.00626836,0.0031856
0.0315586,0.020908,0.0104708,0.0302017,0.00590661,0.00703349
0.0107952,0.00734412,0.00621686,0.0504699,0.0127843,0.0185542
0.021001,0.0145555,0.00486661,0.0190669,0.00540162,0.0224181
0.00547082,0.00344014,0.00185178,0.00117754,-0.000307188,0.00436786
0.0153326,0.0105317,0.00706663,0.0316062,0.00784388,0.00818463
0.0179532,0.0121807,0.00632462,0.0366286,0.0107415,0.0095937
0.00784476,0.00570134,0.00319505,0.0101844,0.0036207,0.00334108
0.00919023,0.00662109,0.00392559,0.0203204,0.00600855,0.01392
0.00974009,0.00702275,0.00451717,0.0183111,0.00627762,0.00870101
0.016787,0.0119352,0.00870017,0.026347,0.00626067,0.00747768
0.00878645,0.00620515,0.00327449,0.0117583,0.00387615,0.00789198
0.0126117,0.00838075,0.00902128,0.0608184,0.0169118,0.0146136
0.00718873,0.00506214,0.00299136,0.0134088,0.00334176,0.00102111
0.0432469,0.0259912,0.0265714,0.113703,0.027121,0.0533649
0.0197285,0.012303,0.0124309,0.100991,0.025159,0.0294888
0.0515954,0.0289323,0.0589257,0.369579,0.0927322,0.25116
0.0358972,0.0200689,0.0412224,0.173057,0.0422347,0.081003
0.0109605,0.00757392,0.00432519,0.0257983,0.00616923,0.00779859
0.00854896,0.00609515,0.00246053,0.02102,0.00636884,0.012066
0.0158539,0.0107745,0.00497102,0.0228477,0.00616069,0.00464169
0.0172831,0.0113345,0.00723323,0.0307204,0.00936537,0.0128133
0.0151648,0.00915765,0.00755343,0.0392601,0.0108421,0.0196908
0.0135814,0.00903321,0.00369517,0.021586,0.00527701,0.00554123
0.00839376,0.00562458,0.00321222,0.0304327,0.00692991,0.00624818
0.00871092,0.00635535,0.00480947,0.0142145,0.00323,0.00429429
0.00730077,0.00521324,0.00469086,0.0320424,0.00926043,0.00663959
0.0113131,0.00767852,0.00432838,0.0193808,0.00427524,0.00402267
0.0106687,0.00720527,0.0043626,0.0181786,0.00436815,0.0079676
0.0278104,0.0138647,0.00909407,0.0493197,0.0125987,0.0204876
0.0252284,0.0139571,0.00860022,0.0440666,0.0100503,0.0160339
0.0142356,0.0100118,0.00952761,0.0581974,0.0162664,0.0147566
0.0469254,0.0246707,0.0816864,0.38065,0.103392,0.115887
0.00556346,0.0037731,0.00288748,0.0230648,0.00478979,0.0047566
0.0218753,0.0151129,0.00748915,0.0378978,0.010593,0.00928144
0.0346109,0.0228262,0.0112396,0.045782,0.0110959,0.0108883
0.0107044,0.00707255,0.00460225,0.0187964,0.00480179,0.00704665
0.016728,0.0118188,0.00506587,0.0158036,0.0035866,0.00981807
0.00493944,0.00340289,0.0028541,0.0151123,0.0050539,0.00384894
0.0176073,0.0120169,0.00545724,0.0133848,0.00283582,0.00369952
0.00536056,0.00376216,0.00243405,0.0157638,0.0058537,0.006411
0.015253,0.010232,0.00552044,0.0201405,0.00552387,0.00750594
0.00958374,0.00663937,0.0220096,0.0556113,0.015561,0.0163188
0.0171711,0.0114091,0.0298313,0.116892,0.0313715,0.0233017
0.0215755,0.0142693,0.00508112,0.0314589,0.00819228,0.00344331
0.0138668,0.00977121,0.00494489,0.0152587,0.00436429,0.00899651
0.0300057,0.0193622,0.0112273,0.0276902,0.00905238,0.0127598
0.00890341,0.00612354,0.0045278,0.0195809,0.00389043,0.00973855
0.011427,0.00746093,0.00285537,0.0326792,0.00744566,0.00472497
0.00686297,0.00453596,0.00189819,0.0140481,0.00312437,0.00358593
0.0354766,0.0216609,0.0102662,0.066534,0.0167758,0.0324272
0.0120611,0.00815361,0.00417874,0.0240755,0.00666381,0.00664668
0.0128829,0.00861994,0.00464583,0.0255243,0.00609405,0.00559547
0.0131474,0.00884069,0.00603608,0.0209659,0.00606774,0.00353033
0.0282872,0.017703,0.0221804,0.0964327,0.0273221,0.0260849
0.0218527,0.0145136,0.00984574,0.0327221,0.00961313,0.0147526
0.00464055,0.0032763,0.001305,0.0195546,0.00495646,0.0122223
0.0213399,0.0144784,0.00554673,0.032609,0.0085308,0.00586505
0.0226258,0.0151937,0.00681339,0.0423796,0.0115007,0.0198982
0.00557914,0.00393045,0.00229023,0.019547,0.00746934,0.0202336
0.00556609,0.00377334,0.00255612,0.00915295,0.00230653,0.00145241
0.0239757,0.0161885,0.00754315,0.0315277,0.00819793,0.00770911
0.0169389,0.0117876,0.00608625,0.0190954,0.0039832,0.00289972
0.0217771,0.0144769,0.00684813,0.0381549,0.00961661,0.0102242
0.0131184,0.00898097,0.00460911,0.0237662,0.00508567,0.00354935
0.0157135,0.0103168,0.00571024,0.0369746,0.00829704,0.0051619
0.00730643,0.00473557,0.0051277,0.0409299,0.0130403,0.0654667
0.0136469,0.00971414,0.00399217,0.0219393,0.00660881,0.00402254
0.0272824,0.0179787,0.00810912,0.0244734,0.00318742,0.00153255
0.0193223,0.0125703,0.0361571,0.0946291,0.0250536,0.0265016
0.0574191,0.0290863,0.0233351,0.108592,0.0247263,0.0290132
0.0104069,0.00694261,0.00488444,0.0265976,0.00771713,0.0106189
0.0256125,0.0173619,0.00661711,0.0300704,0.00688514,0.0141786
0.00514122,0.00328312,0.00258636,0.0184279,0.00460214,0.00257603
0.0340509,0.0210189,0.0571369,0.208523,0.0539863,0.0847144
0.0107272,0.00760584,0.0045814,0.0225742,0.0054798,0.00867856
0.0179204,0.012024,0.0112228,0.0321355,0.00875014,0.0129911
0.0297537,0.0197667,0.00767743,0.0454677,0.0120828,0.0123687
0.0077471,0.0055076,0.00230672,0.0239817,0.00568983,0.00456483
0.0102478,0.00543503,0.00330421,0.0361441,0.0102515,0.0181162
0.0147356,0.00892764,0.00451284,0.0235753,0.00556268,0.0057653
0.00646126,0.00321361,0.00225494,0.0137627,0.00366365,0.00354011
0.0161289,0.0104012,0.00379723,0.0226135,0.00484128,0.00773878
0.0258552,0.0166825,0.0131334,0.0382721,0.00960888,0.013871
0.0143976,0.0102352,0.0106254,0.0481687,0.0126464,0.0253589
0.0153634,0.0110441,0.00810416,0.0294549,0.0078812,0.0100239
0.0076183,0.00505759,0.00314934,0.0197225,0.0043612,0.00992251
0.00648133,0.00422814,0.00675171,0.0329554,0.00864957,0.00575473
0.0052094,0.00360217,0.00314636,0.0148516,0.00475586,0.00626728
0.0109717,0.00742036,0.00354551,0.0206691,0.00493832,0.00283439
0.00607853,0.00405755,0.00337108,0.00897874,0.00227497,0.00361259
0.0109372,0.00706318,0.0167466,0.0817533,0.0220185,0.0343714
0.0262178,0.0177272,0.00735178,0.050064,0.0137592,0.0312831
0.0299455,0.0184772,0.0145634,0.0692673,0.0167208,0.0146826
0.0141959,0.00979243,0.00502666,0.00523159,-0.000456845,0.00338448
0.0300522,0.0199978,0.0164623,0.0530965,0.014377,0.0259298
0.00865548,0.00604471,0.00448964,0.0238175,0.00657949,0.00401504
0.00803231,0.00562983,0.00320974,0.0145038,0.00509978,0.0049747
0.0298017,0.0188247,0.0152677,0.0467485,0.0103995,0.0168633
0.0241053,0.0163295,0.00892606,0.033302,0.00829725,0.0147821
0.004646,0.00324091,0.00342901,0.0112062,0.00222138,0.00440855
0.0208022,0.0138101,0.0102865,0.0439553,0.0116428,0.0291015
0.0208914,0.014231,0.00825099,0.025198,0.00608199,0.0067469
0.0268815,0.0171619,0.0110353,0.0663302,0.0173703,0.0262865
0.0102809,0.00707932,0.00503313,0.0206532,0.00488595,0.00528756
0.00441386,0.00312367,0.00199185,0.0119818,0.00195199,0.00430063
0.0169411,0.0117799,0.0083838,0.0262143,0.00945441,0.00501456
0.0159949,0.0113672,0.00560648,0.0262216,0.00728018,0.025001
0.0129461,0.0084518,0.00439471,0.0212182,0.00590337,0.0027649
0.0114898,0.00784163,0.00447865,0.0202858,0.00549281,0.00992621
0.00876285,0.00599517,0.00270563,0.0191077,0.00400804,0.000876358
0.00623692,0.00450418,0.00188461,0.0202162,0.00462707,0.00849188
0.0143901,0.00974674,0.00412084,0.0216656,0.00486448,0.00151516
0.0103897,0.00749874,0.00402507,0.0316179,0.00825565,0.0134605
0.00760979,0.00544107,0.00315015,0.0153635,0.00399032,0.00273684
0.00804364,0.00585596,0.00351422,0.0166292,0.00485695,0.00689605
0.0146919,0.00977169,0.00578038,0.0243093,0.00668391,0.0057293
0.00759931,0.00515741,0.0038138,0.021829,0.00405224,0.00178696
0.00755318,0.00489833,0.00346814,0.0131816,0.00339363,0.00366664
0.024528,0.0164373,0.00471281,0.0380064,0.0116304,0.0201385
0.0455384,0.0276801,0.0415228,0.138383,0.0372544,0.0374155
0.0113195,0.00755529,0.0114743,0.0238509,0.00701822,0.0027342
0.0136036,0.00916098,0.00479714,0.0237971,0.00679532,0.0180363
0.0177899,0.0116629,0.0134045,0.0610081,0.0178548,0.0156789
0.0237718,0.0160225,0.0105451,0.0516465,0.0123451,0.0126826
0.0357678,0.0238971,0.0120303,0.0518091,0.0130358,0.0253558
0.0134553,0.00878158,0.00564194,0.0275202,0.0077005,0.00488602
0.0357513,0.0232068,0.0154004,0.0534199,0.0130391,0.0126189
0.0169062,0.0112726,0.00401509,0.0294878,0.0080622,0.00796493
0.012388,0.00853142,0.00533724,0.0307856,0.00797698,0.00528195
0.0302735,0.0200235,0.0108774,0.02422,0.00336141,0.00365508
0.00808134,0.00580072,0.0027529,0.011007,0.00381212,0.0056437
0.016291,0.00999739,0.00999666,0.0384692,0.00969281,0.00636928
0.0117273,0.00816078,0.00592385,0.0314986,0.00893981,0.0317498
0.0135068,0.00908518,0.00504884,0.0229318,0.00566526,0.00633781
0.0275195,0.0183925,0.0116578,0.0701022,0.0179961,0.0101128
0.0287585,0.0191298,0.0144204,0.0673431,0.0174791,0.0139833
0.021465,0.0145255,0.0102437,0.0403904,0.00932532,0.00717966
0.0079482,0.00561607,0.00353143,0.0128265,0.004,0.00478307
0.0054884,0.00395353,0.00248868,0.0127338,0.00457491,0.00796804
0.0414749,0.0256827,0.0137953,0.0516936,0.0125087,0.013211
0.00585558,0.00402538,0.00284876,0.0176553,0.00479396,0.00822946
0.00511601,0.00365933,0.00378532,0.0137879,0.00202153,0.00269211
0.0176489,0.0119357,0.00667513,0.036615,0.00757357,0.00799846
0.0187413,0.012712,0.0140474,0.0491418,0.0140325,0.0210243
0.0761435,0.040658,0.0367724,0.109719,0.0295745,0.038081
0.0061615,0.00398042,0.00257074,0.0122659,0.00391024,0.003514
0.00598403,0.00320095,0.00179591,0.0132539,0.00333234,0.00601732
0.0245286,0.0163956,0.00919602,0.0411771,0.00853316,0.0150906
0.0102316,0.00713481,0.00674128,0.0208025,0.00503078,0.00694108
0.0245359,0.0162398,0.0109584,0.0598849,0.0155253,0.0277459
0.00847548,0.00618838,0.0039223,0.0423569,0.0104644,0.00510828
0.00579608,0.00386731,0.00214507,0.0261671,0.00908324,0.0149766
0.0230174,0.0150051,0.0103734,0.0512895,0.0137793,0.0183275
0.0230373,0.0161081,0.00795963,0.0409534,0.00974991,0.00933061
0.0239036,0.0162684,0.00633335,0.029716,0.00870609,0.00744124
0.00713573,0.00508697,0.0038193,0.0127884,0.00269945,0.00295319
0.0385275,0.0174331,0.013741,0.0570446,0.0133857,0.0317894
0.0389519,0.0240493,0.0116849,0.0895412,0.0247951,0.00758534
0.0174097,0.0110486,0.00586984,0.0265022,0.0064334,0.0132768
0.0464473,0.0293238,0.0170211,0.0411863,0.00909242,0.0122324
0.0235317,0.0164631,0.00783345,0.0196321,0.0047944,0.00406158
0.0366328,0.0231337,0.0120467,0.0650953,0.0175136,0.0154445
0.0376349,0.0222772,0.0258813,0.132722,0.0336436,0.0501289
0.0115791,0.00776232,0.00482873,0.0244808,0.00624111,0.00492678
0.00897813,0.00663998,0.00313971,0.0248308,0.0045508,0.00267032
0.0119971,0.00805119,0.00447948,0.0166617,0.0048287,0.00611842
0.0656523,0.0273746,0.0383924,0.181602,0.0473517,0.0766837
0.0075235,0.00515326,0.00313091,0.0122782,0.0032115,0.00215211
0.0320271,0.0206266,0.0275585,0.0995201,0.0262078,0.0382587
0.0668575,0.040145,0.0433614,0.176319,0.0460119,0.0642308
0.039453,0.0223821,0.0184059,0.0563692,0.012814,0.0228658
0.0154732,0.010776,0.00534502,0.0258624,0.00694615,0.0149294
0.0174744,0.0118796,0.00507855,0.0352679,0.00909789,0.00442938
0.0116891,0.00778541,0.00711886,0.0400832,0.0119719,0.0127522
0.00607876,0.0046133,0.00585699,0.0227727,0.0078697,0.0122968
0.0329268,0.02195,0.00923486,0.0468472,0.010921,0.00711541
0.0222274,0.014684,0.020568,0.071654,0.0187084,0.0243553
0.0123457,0.00846682,0.00496599,0.0229622,0.00511199,0.00342781
0.0102795,0.00738149,0.0044761,0.0188042,0.00601967,0.00742167
0.0108722,0.00751625,0.00750606,0.0232238,0.00623638,0.00575804
0.0567081,0.0352288,0.0358606,0.150633,0.0364199,0.103916
0.0221223,0.0151507,0.00717611,0.0344611,0.00926572,0.0083197
0.0292844,0.0183975,0.0278795,0.0900643,0.0234113,0.0216303
0.0276673,0.0184723,0.00846951,0.0361002,0.00935002,0.00673237
0.0417954,0.0266992,0.0116961,0.0527751,0.0130547,0.0129798
0.0110219,0.00808606,0.00381931,0.0185423,0.00464237,0.00507752
0.00993358,0.00665604,0.00453355,0.016093,0.00483241,0.00489705
0.00688878,0.00450754,0.00402908,0.0274212,0.007478,0.00256892
0.00594528,0.00425939,0.00156704,0.0117764,0.00483727,0.00367933
0.04403,0.0190517,0.0219687,0.111723,0.0293493,0.0394691
0.0416007,0.0177693,0.0221104,0.0960696,0.0216629,0.0326222
0.0377818,0.0241166,0.0150569,0.0804099,0.0243654,0.0665442
0.021208,0.0144809,0.0117869,0.0396826,0.00980638,0.00689727
0.00982952,0.00692375,0.00367607,0.0156094,0.00459862,0.0118732
0.00763336,0.00559958,0.0056067,0.0186943,0.00395818,0.00383115
0.0109451,0.00786963,0.00518323,0.0267047,0.0064159,0.00487794
0.0297731,0.0196001,0.00970739,0.02624,0.00728803,0.0091841
0.0239962,0.0165177,0.0189381,0.0502046,0.01377,0.0282842
0.0237606,0.0159548,0.00832513,0.051314,0.0128578,0.019201
0.00775978,0.00539702,0.0111962,0.0397271,0.0109053,0.0214498
0.0209317,0.0136635,0.00687323,0.0389151,0.0113016,0.00676344
0.0223061,0.0150127,0.0146225,0.0478234,0.0109902,0.0103998
0.0165451,0.0108921,0.0117128,0.0590114,0.014727,0.0205745
0.0524405,0.0271703,0.0255427,0.104181,0.0273576,0.0402949
0.0048932,0.00314378,0.0023462,0.0136902,0.00478343,0.0023449
0.00616396,0.0045317,0.00238024,0.0165835,0.00456136,0.00401297
0.0186028,0.0124276,0.0064866,0.0314231,0.00867302,0.00571395
0.0223612,0.0150501,0.00657011,0.0294707,0.00624249,0.0126826
0.0301117,0.0201257,0.0167471,0.0945528,0.0235359,0.0127584
0.0284366,0.0184027,0.0090083,0.0379948,0.010044,0.0237666
0.0123796,0.00886758,0.00510265,0.0353191,0.00885413,0.0160896
0.0140346,0.00998279,0.0138644,0.0480615,0.0132735,0.0243688
0.0184081,0.0123597,0.00844901,0.0695933,0.0171104,0.0363077
0.00955406,0.0067682,0.0161844,0.0691925,0.0168205,0.00879131
0.0238136,0.0153082,0.0242315,0.078439,0.0207195,0.0457235
0.0163907,0.0103035,0.0171555,0.0703777,0.0202476,0.0360383
0.0183259,0.0121449,0.0147186,0.0601913,0.017454,0.0495174
0.0197333,0.0126835,0.0215889,0.0963947,0.0247035,0.0784431
0.0217693,0.0146163,0.00800014,0.0382326,0.00842653,0.006545
0.0439059,0.0274932,0.0143033,0.0639743,0.0161509,0.0187622
0.00982127,0.00681918,0.0155649,0.034374,0.00880758,0.0205559
0.014261,0.00958217,0.00389703,0.0297106,0.00636528,0.00739382
0.0188675,0.0128174,0.00641822,0.0334657,0.0102677,0.023725
0.024898,0.0164187,0.00961597,0.0557963,0.0135744,0.0180793
0.00746107,0.00489376,0.00363413,0.0199326,0.00384142,0.00478365
0.0190882,0.0125685,0.00953506,0.0465108,0.0115181,0.00464036
0.00548575,0.00410638,0.00355277,0.00546687,0.00014125,0.00293596
0.010895,0.00759451,0.00556304,0.024145,0.00759731,0.0122852
0.0103491,0.00736129,0.00328455,0.0267792,0.00682952,0.00896402
0.0405315,0.0227296,0.0167743,0.0646746,0.0186313,0.0418504
0.00896559,0.00591716,0.00542585,0.0207716,0.00497456,0.00388841
0.0249925,0.0168461,0.0109016,0.0443025,0.0118537,0.0166994
0.0229355,0.0142305,0.0158473,0.0740256,0.0212971,0.0310327
0.0362438,0.0230832,0.0320041,0.182003,0.0463408,0.0311663
0.0201496,0.0104383,0.00817429,0.0268677,0.00529573,0.0121557
0.0272214,0.0176032,0.0105015,0.0438405,0.0122219,0.00641983
0.011735,0.0084091,0.00465545,0.0221317,0.00718175,0.00463913
0.0396891,0.0241669,0.0182646,0.0782839,0.0190216,0.0192875
0.016473,0.0110549,0.00812929,0.0604353,0.0159774,0.0121945
0.0279112,0.0188325,0.00945832,0.0353526,0.00894841,0.011378
0.00546756,0.0038242,0.00424823,0.0278936,0.00663819,0.00296077
0.0150302,0.0104633,0.0031131,0.0255512,0.0057091,0.00716321
0.0141331,0.00965938,0.0037866,0.0202538,0.00606888,0.00311043
0.010437,0.00742492,0.00570431,0.0257181,0.00810625,0.00830246
0.0547529,0.0236407,0.0266128,0.125553,0.0347852,0.0636806
0.0714449,0.0284802,0.0326263,0.137448,0.03345,0.0752795
0.00417925,0.00319521,0.00176524,0.0116816,0.00360869,0.00409897
0.0187035,0.0123354,0.0244427,0.0774713,0.0213959,0.0625203
0.00638656,0.00463819,0.00420802,0.024904,0.00528465,0.0124727
0.0202243,0.0132821,0.00630673,0.0294889,0.00723865,0.00263811
0.0205572,0.0139516,0.00729959,0.0244532,0.00660367,0.00647706
0.00758655,0.00528799,0.00343276,0.014513,0.00399912,0.00319491
0.0237916,0.0159518,0.0124426,0.0671047,0.0165188,0.011591
0.00731405,0.00498616,0.00330853,0.0135016,0.00348396,0.00469601
0.0239962,0.0160482,0.0161633,0.0574103,0.0145127,0.0234279
0.00813987,0.00556414,0.00377521,0.0131578,0.0023369,0.00292157
0.0146727,0.0106419,0.0046478,0.0257548,0.00660574,0.00418656
0.0371025,0.0245466,0.0144307,0.0704329,0.0191523,0.0345216
0.00907579,0.00627443,0.00294691,0.0177856,0.00414489,0.00298807
0.0139741,0.00959192,0.00468433,0.0206818,0.00537117,0.011181
0.00612133,0.00434071,0.00282556,0.0118665,0.0036605,0.00280315
0.0293225,0.0199157,0.014046,0.0552158,0.0136637,0.0134555
0.00738218,0.00507399,0.00325815,0.0242846,0.00637607,0.0051669
0.0160251,0.0105337,0.00424281,0.0354994,0.0105259,0.0100519
0.0276345,0.018195,0.0112711,0.0504397,0.0127879,0.0208288
0.00464699,0.00352238,0.00263804,0.0144732,0.00294643,0.00209179
0.0315462,0.0203428,0.00952773,0.0385454,0.00897966,0.0159045
0.0213615,0.0145631,0.0198711,0.0510272,0.012505,0.011218
0.02336,0.0160329,0.00692824,0.030603,0.00785816,0.0156205
0.0183298,0.0126894,0.00739192,0.0302298,0.00731182,0.00603946
0.00879872,0.00577519,0.00383395,0.0173457,0.00401654,0.00432568
0.0279495,0.0183313,0.0117124,0.0370985,0.0114092,0.016503
0.00864553,0.00582559,0.00519759,0.015869,0.00524591,0.00216794
0.00700452,0.00468166,0.00249122,0.0132709,0.00399443,0.00150608
0.0225031,0.0144894,0.00926961,0.0388032,0.00967452,0.0122505
0.0252313,0.0156841,0.00914314,0.0429474,0.0108204,0.00848005
0.0248523,0.0160577,0.00841302,0.0507827,0.0135829,0.0134635
0.0251039,0.0167541,0.00766215,0.0351136,0.00833041,0.0104881
0.0404843,0.025486,0.0128492,0.0663081,0.0172512,0.012425
0.00901705,0.00626703,0.00312416,0.019271,0.00438585,0.00889913
0.0234075,0.0156188,0.0117914,0.0583728,0.0153949,0.0283725
0.0208572,0.0110798,0.0100989,0.0352701,0.0102255,0.00834317
0.0204148,0.0110541,0.0101429,0.0340472,0.00857151,0.00718587
0.0122674,0.008589,0.00677122,0.0149648,0.00298292,0.00427952
0.0131232,0.00924269,0.0042663,0.0257076,0.0062708,0.00542641
0.00661656,0.00466822,0.00374856,0.0162208,0.00480597,0.00392046
0.0259524,0.0169355,0.0172747,0.0578755,0.0148993,0.0206006
0.0246807,0.0164842,0.00835426,0.0333184,0.0102136,0.00720817
0.0359681,0.0238735,0.0129284,0.046791,0.0128433,0.0159318
0.00439915,0.00323858,0.00203362,0.0151825,0.00447028,0.00118248
0.00837958,0.00553336,0.0024596,0.0154822,0.00591611,0.00315001
0.0129675,0.0089908,0.0045662,0.0223696,0.00614296,0.00725643
0.0198221,0.0130796,0.00708366,0.0303955,0.00771314,0.0107187
0.013566,0.00894894,0.00666802,0.00652881,0.00172563,0.00706627
0.0636732,0.0284449,0.0258754,0.0868844,0.0219996,0.0331736
0.0170839,0.0114273,0.0051893,0.025918,0.00615344,0.00655511
0.00955479,0.00682445,0.00324717,0.0179495,0.0039415,0.00239746
0.0166052,0.0113596,0.00624692,0.0255636,0.00641373,0.0125764
0.00520372,0.00357293,0.00244394,0.0145563,0.00366707,0.00519876
0.0202905,0.0134588,0.0114277,0.0455705,0.0124732,0.00546451
0.0272764,0.0183676,0.026851,0.0912313,0.0266339,0.0329021
0.0326407,0.0218556,0.0102318,0.0459775,0.0114664,0.00819406
0.0351694,0.0198816,0.0244918,0.122561,0.0326906,0.0537626
0.0266172,0.0175866,0.00961059,0.0537244,0.0152365,0.0103299
0.00526783,0.00398604,0.0074475,0.0253248,0.00698281,0.00808754
0.0159423,0.0106421,0.00399328,0.0190855,0.00610101,0.00459981
0.00553653,0.00390057,0.00334522,0.0169783,0.00391972,0.008666
0.00870963,0.00609334,0.00372488,0.0202088,0.00522148,0.00255874
0.0127326,0.00859158,0.0030673,0.0241257,0.00563145,0.0080573
0.00900227,0.00621391,0.00541401,0.0358064,0.0079743,0.00521203
0.0203693,0.013271,0.00820019,0.0285892,0.00671946,0.00761555
0.014246,0.0100142,0.00509358,0.0216863,0.0053404,0.0177573
0.0236273,0.0155183,0.00601765,0.0323938,0.00970667,0.0118304
0.013216,0.00915639,0.0059202,0.0337892,0.00832537,0.00432122
0.0265712,0.0176665,0.0222267,0.070761,0.0195079,0.0183642
0.00688405,0.00442588,0.00311328,0.0176,0.00431241,0.000883423
0.0205035,0.0136824,0.00602266,0.0389406,0.0102812,0.010433
0.00949258,0.00644031,0.00348795,0.0190327,0.00560021,0.00741252
0.0165136,0.0117104,0.0094711,0.041881,0.0120529,0.0111228
0.019939,0.0132161,0.00720029,0.0272682,0.00782567,0.00498206
0.0190168,0.0125209,0.00809132,0.0302006,0.0104242,0.0055108
0.00473277,0.00356454,0.00248484,0.0159352,0.00407497,0.00705937
0.0350736,0.0232435,0.0101184,0.0415503,0.00924086,0.0049902
0.0296548,0.0189774,0.0128985,0.0810987,0.0208425,0.0236658
0.0122913,0.00865909,0.00381779,0.0761975,0.0243358,0.0129342
0.028925,0.0197529,0.0208096,0.0678522,0.0180739,0.0213582
0.0115057,0.00820127,0.00938272,0.0433126,0.00911835,0.0068586
0.00995189,0.00683119,0.00516193,0.0169279,0.0047317,0.0023031
0.0212565,0.0143818,0.00502606,0.0376386,0.0088328,0.0167471
0.0841638,0.0414521,0.0406071,0.169823,0.0447364,0.0365702
0.0112455,0.0061545,0.00495032,0.018353,0.00491404,0.00269391
0.0268754,0.0171396,0.00987817,0.03683,0.00977039,0.00811203
0.0378412,0.0243207,0.0116076,0.0576157,0.012905,0.0158817
0.0494934,0.0233715,0.0548416,0.326624,0.0845628,0.0640035
0.0140706,0.00911401,0.00380785,0.0284968,0.00904152,0.00571325
0.0187538,0.0132334,0.00626445,0.0228009,0.00549428,0.00920523
0.00492352,0.00353211,0.00160233,0.0100358,0.00286922,0.00386754
0.022962,0.0155759,0.00532189,0.0371982,0.00914564,0.00834162
0.00641466,0.00471438,0.00310946,0.0125287,0.00476724,0.00259663
0.0068374,0.00482063,0.00354559,0.0150414,0.00512664,0.00196971
0.0134537,0.00951345,0.00431152,0.0224855,0.0049519,0.0104376
0.014242,0.00954472,0.00396629,0.0196949,0.00489885,0.00409341
0.00601083,0.00404259,0.00212945,0.0188447,0.00497076,0.0114835
0.00962821,0.0068864,0.00412291,0.0241297,0.00617258,0.00970306
0.0163006,0.0106483,0.00498281,0.0285647,0.00620013,0.00596575
0.0154028,0.0108032,0.00776047,0.0508223,0.0130125,0.0144102
0.0059315,0.004016,0.00519017,0.0257511,0.00616343,0.0139808
0.0122647,0.00829047,0.00642379,0.035806,0.00794201,0.00614223
0.0128801,0.00828401,0.00533569,0.0265256,0.00657751,0.00715143
0.00627749,0.00439663,0.00307607,0.0122113,0.00352464,0.00116018
0.0160158,0.0112011,0.0127086,0.0698676,0.0183472,0.0194903
0.0191968,0.0128142,0.0123965,0.0562561,0.0144751,0.00702573
0.0152286,0.0106328,0.00539375,0.00312805,0.000833878,0.004413
0.0353004,0.0215988,0.0105688,0.0529502,0.0125425,0.0109114
0.0137718,0.00944494,0.00582739,0.0261652,0.00698587,0.0181467
0.0104806,0.00727363,0.00295492,0.0161942,0.00430433,0.00360547
0.0182699,0.0124248,0.00451216,0.0299153,0.00792699,0.0076314
0.0176974,0.0126347,0.017604,0.0871923,0.0212412,0.047731
0.0085887,0.00612463,0.0102528,0.00995602,0.000671153,0.0116405
0.00918802,0.00620654,0.00391774,0.0261463,0.00656293,0.00442532
0.00927907,0.00638268,0.00675212,0.00417706,0.00234298,0.015392
0.0113781,0.0077241,0.00473054,0.0178186,0.0043823,0.00398107
0.00837107,0.00550375,0.00318412,0.0137476,0.00480988,0.00283035
0.00531206,0.00389155,0.00259795,0.00645846,0.000608531,0.000656621
0.0211339,0.0135439,0.00586875,0.00787305,0.00229175,0.0139432
0.00910839,0.0068044,0.00327219,0.0105489,0.00220322,0.0110513
0.0114234,0.00780454,0.00299201,0.016933,0.00337894,0.0136247
0.00997148,0.00691899,0.00365413,0.0199561,0.00494641,0.0096017
0.0474048,0.0298257,0.0284012,0.0879659,0.0262645,0.0250987
0.0192728,0.0134787,0.0131775,0.0135558,0.0031648,0.0370454
0.0225692,0.0147479,0.00861787,0.0348569,0.00826841,0.00982023
0.018351,0.0122648,0.0123034,0.0483205,0.0102873,0.0135682
0.0181462,0.012071,0.00402372,0.0265013,0.00831466,0.00641498
0.00798882,0.00521353,0.00386883,0.015936,0.00334625,0.00498227
0.0489346,0.0269684,0.0287259,0.120668,0.0329654,0.0160522
0.00571569,0.00396497,0.00281832,0.017571,0.00440073,0.00290092
0.0358319,0.0235746,0.0166393,0.0653608,0.0171954,0.032225
0.0265192,0.0181674,0.0148255,0.068744,0.0181326,0.0256367
0.0103331,0.00720116,0.00323239,0.0200024,0.00667266,0.0070586
0.0163396,0.0111052,0.00627935,0.0290819,0.00791846,0.00922827
0.0140134,0.00986641,0.0042668,0.017187,0.00484223,0.0024277
0.0213565,0.013883,0.00820192,0.032597,0.00791792,0.0083659
0.0129521,0.00899422,0.00391262,0.0294449,0.00561097,0.00461094
0.00598887,0.00425655,0.00227693,0.0156266,0.00293499,0.00713102
0.0288321,0.0192167,0.00907751,0.0383928,0.00771191,0.0152823
0.0161831,0.0109937,0.00350089,0.0265614,0.0061919,0.00393997
0.00451623,0.00331669,0.00166127,0.0185852,0.00328307,0.00462865
0.0219978,0.0148946,0.00727708,0.0296222,0.0063817,0.00555727
0.00860001,0.00586835,0.00244838,0.0144059,0.00379628,0.00140236
0.0101503,0.00700834,0.00484219,0.0189025,0.00634685,0.00370146
0.007998,0.00540401,0.00197408,0.0257176,0.00598958,0.00299777
0.00973113,0.00668842,0.00337471,0.0192907,0.00489838,0.00849708
0.00456515,0.00321384,0.00148471,0.0239074,0.00501796,0.00624602
0.00515472,0.00378495,0.00379189,0.00888504,0.0013622,0.00445039
0.00859809,0.00600907,0.0020554,0.0188002,0.00306013,0.00837643
0.0218369,0.0144408,0.00939324,0.0533278,0.0147271,0.0179004
0.0167584,0.0113897,0.00968749,0.0705332,0.0191236,0.0207333
0.00782747,0.00526874,0.00344553,0.0171816,0.0050918,0.00506507
0.00788043,0.0056947,0.0031801,0.00167995,0.000227249,0.00185429
0.00738493,0.00500535,0.00314498,0.0174895,0.00444196,0.00312382
0.00848713,0.00607604,0.00358858,0.0228461,0.00513375,0.00383281
0.00691494,0.0047942,0.00220303,0.0191363,0.00678467,0.00216892
0.0150558,0.0101762,0.0043254,0.0179794,0.00555016,0.00940079
0.0155629,0.0102805,0.00559919,0.0239355,0.00664554,0.0061777
0.0135982,0.00958072,0.00457437,0.0231821,0.0042844,0.0160776
0.013821,0.00884009,0.00480142,0.032275,0.00906419,0.00967565
0.0246045,0.0166325,0.013791,0.047102,0.0116444,0.0337842
0.0186622,0.0124925,0.00594625,0.0221268,0.00522379,0.0103396
0.00715402,0.00480455,0.00307724,0.00974696,0.00316555,0.00479218
0.0178457,0.0121386,0.0214338,0.0941079,0.0250694,0.0388873
0.0161252,0.0108776,0.00537053,0.0273631,0.00805047,0.00508811
0.0201205,0.0139475,0.00881511,0.0233526,0.00459748,0.00389314
0.0169696,0.0113541,0.00651048,0.0359322,0.00863123,0.00498356
0.0238625,0.0160869,0.0095593,0.0545966,0.012849,0.00826676
0.0262276,0.0177487,0.00879821,0.0445411,0.00999454,0.00912319
0.0291847,0.0188656,0.00800012,0.0451225,0.0114605,0.0235197
0.023735,0.0145146,0.0152609,0.0894703,0.0232827,0.0166447
0.00811113,0.00524839,0.00338474,0.0147911,0.00335414,0.00167884
0.0153935,0.0109203,0.00544574,0.0240055,0.00628047,0.0114822
0.0158371,0.007588,0.0112512,0.0288661,0.00704588,0.0220187
0.0343063,0.0154949,0.0162675,0.0630486,0.0179843,0.0400958
0.0282468,0.015456,0.00927568,0.0556043,0.0168418,0.0284538
0.0067541,0.00414481,0.00269307,0.0142919,0.00425063,0.0040163
0.0168227,0.0113553,0.00577738,0.0236923,0.0063011,0.00767611
0.0233212,0.0160701,0.00710982,0.0394338,0.0107238,0.0123361
0.0185089,0.0125682,0.00792665,0.0351962,0.00887055,0.00630259
0.00900404,0.00630942,0.00410732,0.0171658,0.00460751,0.00391449
0.00917096,0.00598644,0.00417017,0.0173093,0.00375766,0.00819721
0.05177,0.0309922,0.0565091,0.240031,0.0634377,0.0638073
0.0155517,0.0101108,0.00568328,0.0359477,0.00805897,0.0145144
0.0229352,0.0154237,0.0125281,0.0378265,0.00847896,0.017071
0.0240033,0.0152159,0.0346092,0.148041,0.0381444,0.0661631
0.00897995,0.00621707,0.00412674,0.0158948,0.00319413,0.00351238
0.00640852,0.00459703,0.00303755,0.0191299,0.00418148,0.00843341
0.0159357,0.00811425,0.00715704,0.048384,0.0124359,0.00717764
0.0268968,0.0168383,0.00798785,0.0432524,0.00956471,0.00837386
0.00867334,0.00614589,0.00465001,0.0183788,0.00353207,0.0078802
0.0151607,0.0103966,0.0046566,0.027135,0.00574477,0.0121084
0.0172143,0.0117532,0.00573719,0.0345936,0.00869977,0.0076525
0.021477,0.0139647,0.007483,0.0319628,0.00649523,0.0155993
0.00706958,0.00467236,0.00306821,0.0135121,0.0031391,0.00477938
0.0266625,0.0179871,0.00706352,0.036932,0.00843069,0.010972
0.0196913,0.0132531,0.00750812,0.0422798,0.0099044,0.00666004
0.0205992,0.010676,0.00764659,0.0475648,0.0136241,0.0245391
0.0186472,0.00873465,0.006489,0.0403585,0.00993375,0.0165961
0.0112845,0.00776049,0.00679025,0.0483976,0.0121157,0.0206644
0.0175504,0.0120965,0.0039183,0.0289593,0.0072208,0.0146823
0.0269067,0.0185082,0.00985638,0.0377153,0.0109105,0.00993982
0.0537624,0.0253072,0.0608658,0.175747,0.0493611,0.104826
0.0573828,0.0231164,0.047467,0.132173,0.0321322,0.0665068
0.0332911,0.0206523,0.0110855,0.0567511,0.0154833,0.0141946
0.00737266,0.00509325,0.00369093,0.0196447,0.00391821,0.00271414
0.0439207,0.0280265,0.0108429,0.0474151,0.0119823,0.0187905
0.0151903,0.0100306,0.00729988,0.0354053,0.00957231,0.00635755
0.0285426,0.0183089,0.0320725,0.0926051,0.0248192,0.015202
0.0142549,0.0101317,0.00505755,0.0260106,0.00633745,0.00565951
0.013557,0.00896055,0.00647218,0.0231716,0.00541594,0.00296623
0.0328509,0.0219269,0.0130599,0.0543942,0.0148706,0.0103467
0.0219389,0.0148021,0.00671711,0.045637,0.0103389,0.00527354
0.0123605,0.00808465,0.00400283,0.0223598,0.00557642,0.00248128
0.0193796,0.0135389,0.00597441,0.0216014,0.00495462,0.00726102
0.00983048,0.00706692,0.0042763,0.0408613,0.00876212,0.0102743
0.00775595,0.00540742,0.00279653,0.0197996,0.00478672,0.00383653
0.0260185,0.0174198,0.0060875,0.0374562,0.00999033,0.0216056
0.0072822,0.00518401,0.00301889,0.016592,0.00474685,0.00319031
0.011658,0.00748457,0.00507947,0.0237941,0.00534756,0.0179276
0.0111145,0.00742932,0.00441958,0.0188638,0.00311558,0.00745276
0.0171831,0.011909,0.005045,0.026792,0.00617514,0.0122123
0.015658,0.0105889,0.00827761,0.0346122,0.00910587,0.00816696
0.00922646,0.00604265,0.00348158,0.0196051,0.00393218,0.00707575
0.0201703,0.0139492,0.00626585,0.0337066,0.00900515,0.00753523
0.0425236,0.0275286,0.0134418,0.0570224,0.0154887,0.00918895
0.0204655,0.0141277,0.00862926,0.0466435,0.0127231,0.00665092
0.00791494,0.0057455,0.00794598,0.0385593,0.0102113,0.0144734
0.00728471,0.00473002,0.00298496,0.0209057,0.00624955,0.00155431
0.0140686,0.00940134,0.00596698,0.0266339,0.00725144,0.00400432
0.0175168,0.0120367,0.00597063,0.0242092,0.00806255,0.0157188
0.0140423,0.00950278,0.00502102,0.0251996,0.00716248,0.00337174
0.00819123,0.00574706,0.00404245,0.0198169,0.00480293,0.00200877
0.0127332,0.0088176,0.00463253,0.0201588,0.00547886,0.00703417
0.00760161,0.00498641,0.00392815,0.0148369,0.00304158,0.00800722
0.0163642,0.0108129,0.0147047,0.0754531,0.0171932,0.0116802
0.014111,0.00959863,0.00912948,0.0428968,0.0126718,0.0182145
0.0071748,0.00518287,0.00332418,0.024591,0.00674946,0.00539069
0.0302353,0.0192424,0.0302398,0.0866514,0.02398,0.0113225
0.015181,0.0104562,0.00462985,0.0272279,0.00758481,0.0118645
0.0272871,0.0174668,0.0157289,0.0716366,0.0194215,0.0451526
0.0208049,0.0139048,0.0103252,0.0517225,0.0147355,0.0183545
0.0115469,0.00775369,0.00589209,0.0378521,0.0117614,0.0106952
0.0259172,0.0170394,0.00788901,0.0373468,0.00922431,0.00516991
0.0517314,0.0282296,0.025357,0.100643,0.0280268,0.0338845
0.00542108,0.00369247,0.00207776,0.0255004,0.00467116,0.00439304
0.0387908,0.0250909,0.0147763,0.0848055,0.0203189,0.0278038
0.0136357,0.0090101,0.00503019,0.0278906,0.00720327,0.00254073
0.016863,0.01177,0.00494614,0.0178421,0.005236,0.00551916
0.00558864,0.00375167,0.00278595,0.0140067,0.00241788,0.00154499
0.0209355,0.0137941,0.0065862,0.037139,0.00910545,0.0135686
0.00617036,0.00416284,0.00310729,0.0146674,0.00375142,0.00516735
0.0128885,0.00904476,0.00422255,0.0261067,0.00717125,0.0060553
0.010327,0.0068326,0.0038879,0.0224855,0.0037954,0.0133345
0.00570604,0.00368124,0.00129356,0.0141306,0.00343553,0.0065879
0.0145952,0.0102327,0.0043555,0.0214625,0.00490623,0.00259544
0.013839,0.00926936,0.00848121,0.032408,0.00870811,0.0138086
0.0209375,0.0137075,0.015453,0.0914827,0.0251067,0.0267179
0.0364774,0.021655,0.0259001,0.117979,0.0307397,0.0205579
0.0276483,0.0182192,0.0115017,0.0449885,0.0124651,0.0131268
0.0216518,0.0144209,0.0156957,0.0623523,0.0164436,0.0264595
0.0076628,0.00508975,0.00218499,0.0292941,0.00565365,0.00375422
0.00965621,0.00665076,0.00386609,0.0200313,0.00532491,0.00662085
0.0189891,0.0129887,0.00606712,0.0334444,0.00897318,0.0163321
0.0118313,0.0085252,0.00426181,0.00480793,0.000721974,0.00962946
0.0113074,0.00806136,0.0044208,0.0155145,0.00389385,0.00345464
0.0411406,0.0261433,0.0139615,0.0545652,0.0134758,0.025422
0.00486818,0.00330903,0.00198999,0.0168509,0.00428692,0.00590392
0.0203432,0.0135809,0.00946387,0.0599586,0.013975,0.00603892
0.00656812,0.00439568,0.00372489,0.0141225,0.00437274,0.00463371
0.0354182,0.0213554,0.0199588,0.0862676,0.0225263,0.0268388
0.00710935,0.00475849,0.00330978,0.0195635,0.00535357,0.00512112
0.0219467,0.0149219,0.0106904,0.0501673,0.0129189,0.0177594
0.0138265,0.00950131,0.00436655,0.020685,0.00569307,0.00441008
0.0276623,0.0180451,0.00858746,0.0460813,0.0129818,0.00932744
0.0167092,0.0111769,0.00641887,0.0238524,0.00600572,0.00961567
0.0121333,0.00845304,0.00491275,0.0233555,0.00597899,0.00315822
0.022866,0.0141052,0.0281816,0.102965,0.0290492,0.0794163
0.0491146,0.03048,0.0192938,0.106711,0.0241536,0.02137
0.0217842,0.0145528,0.00646596,0.027587,0.00703371,0.0110256
0.0222409,0.0148512,0.0151173,0.0613063,0.0153079,0.0169981
0.00930905,0.00608448,0.00265402,0.0138816,0.00446445,0.00357254
0.0165525,0.0110715,0.00515503,0.0193904,0.00542295,0.00863719
0.0238332,0.0159641,0.0142766,0.0929701,0.0231775,0.0276916
0.0421876,0.0246205,0.0260692,0.103165,0.0235835,0.0205312
0.0145928,0.0102099,0.00409784,0.0334405,0.00834538,0.00555148
0.0164025,0.011356,0.00488982,0.0316229,0.00720268,0.0116344
0.0282803,0.0189293,0.010979,0.0478651,0.0120549,0.00523886
0.00552664,0.00366994,0.00198124,0.0340638,0.00727385,0.00404314
0.019659,0.0130567,0.00696136,0.0289279,0.00521293,0.00238832
0.0155197,0.0107097,0.0054274,0.0221821,0.00668192,0.00563217
0.0239936,0.0160088,0.00851037,0.0466745,0.010426,0.00944608
0.0153647,0.0105975,0.00669301,0.0425763,0.0108894,0.0177974
0.0288447,0.0195606,0.0142435,0.0606425,0.0151764,0.0120682
0.0167313,0.0109256,0.00565768,0.026886,0.00804459,0.00521082
0.0266258,0.0175484,0.0160036,0.057392,0.0149226,0.0233981
0.00921447,0.00639881,0.00272833,0.0232409,0.00460791,0.00557757
0.0466885,0.0285857,0.0177543,0.0714744,0.0172549,0.0222858
0.0309477,0.0196192,0.0145791,0.0581786,0.0149355,0.0575196
0.0117416,0.00833075,0.0036477,0.017919,0.00546197,0.00776768
0.0272645,0.0177512,0.00832001,0.0386931,0.0103781,0.0116328
0.0127841,0.0088329,0.0037335,0.0209375,0.00540696,0.00220804
0.0141551,0.00988186,0.00453944,0.0150619,0.0053506,0.00664344
0.0104194,0.00743195,0.00812186,0.0286729,0.00688304,0.00962638
0.00495302,0.00363815,0.00215012,0.0102107,0.00223954,0.00358064
0.0207054,0.0142774,0.00441915,0.0319577,0.00807523,0.00824434
0.0399942,0.0230054,0.0222292,0.130469,0.0323988,0.0387532
0.0196023,0.012829,0.00704981,0.0331822,0.00882673,0.011871
0.0217798,0.0147057,0.0161706,0.056334,0.0161045,0.0172579
0.0223739,0.0140027,0.0152078,0.0630772,0.0160818,0.017173
0.00461415,0.00323828,0.00309043,0.00963529,0.0027496,0.00393609
0.00878314,0.00589631,0.00320257,0.0174439,0.00538114,0.00478003
0.00943463,0.00627333,0.00314639,0.0200161,0.00546265,0.00442412
0.00961805,0.0067557,0.00361178,0.0187604,0.00485363,0.00644771
0.0106483,0.00735275,0.00782282,0.0295192,0.00701888,0.00847989
0.0198144,0.0135709,0.00670253,0.0328936,0.0115363,0.00779814
0.0118342,0.0080073,0.00376864,0.0236969,0.00461483,0.0113734
0.00464424,0.00332116,0.0103858,0.041191,0.0102693,0.0201497
0.010008,0.00703193,0.00448428,0.0191788,0.00430967,0.00779607
0.0103151,0.00722429,0.00311132,0.0251606,0.00807689,0.00932516
0.0482879,0.0306067,0.0345001,0.132659,0.0329263,0.0297672
0.00896968,0.00617023,0.00532406,0.0153093,0.0036559,0.00443969
0.0201807,0.0137491,0.00591969,0.0188411,0.0056785,0.00837602
0.00577251,0.00387793,0.0019223,0.0134241,0.00272205,0.00267985
0.0115312,0.00803647,0.00402763,0.0186807,0.00359008,0.00538942
0.0105836,0.00740242,0.00464235,0.020426,0.00608996,0.00511043
0.0248811,0.0167429,0.00583179,0.0387705,0.00975073,0.011863
0.00623002,0.00417589,0.00313455,0.0266116,0.00567559,0.00676703
0.0192482,0.0129399,0.00529145,0.0414643,0.00933054,0.00689865
0.0240372,0.0164449,0.0103889,0.0423746,0.0110087,0.0121671
0.00709633,0.00451477,0.00212555,0.0319118,0.00970386,0.0221619
0.0291485,0.0198164,0.014759,0.0404968,0.0111168,0.00641381
0.00877714,0.0062627,0.00268708,0.0145237,0.00325736,0.00205843
0.00678698,0.00498299,0.00423111,0.0169007,0.00410924,0.00276737
0.00535997,0.00379128,0.00127848,0.0151043,0.00304891,0.00141138
0.0359048,0.0232552,0.0170866,0.0660299,0.0168529,0.0216442
0.0338913,0.0215894,0.0153844,0.0510835,0.0139621,0.0167012
0.0260959,0.0174088,0.00720891,0.054427,0.0110849,0.00950292
0.0335922,0.0226943,0.0161573,0.072512,0.020276,0.0222575
0.00710738,0.00515633,0.00327114,0.012486,0.00330924,0.00314995
0.00723573,0.00502545,0.00270281,0.0122425,0.00465772,0.00521264
0.0189682,0.012549,0.00767911,0.0306009,0.00844021,0.00474401
0.0127548,0.00879093,0.00408474,0.0198197,0.00432788,0.00775028
0.0265667,0.0178833,0.00719391,0.0362083,0.00941669,0.0278608
0.0188297,0.0130055,0.00770018,0.0292173,0.00669295,0.00822735
0.0114424,0.00748829,0.00287758,0.031173,0.00910444,0.0024266
0.0102019,0.00669797,0.00980627,0.0447911,0.011213,0.0223081
0.0125652,0.00854681,0.00460024,0.0205199,0.00524632,0.00417808
0.012757,0.00821612,0.00505216,0.0209835,0.00514926,0.00915746
0.0119716,0.00801894,0.00398422,0.0287298,0.00693568,0.00698436
0.0297904,0.0185158,0.0203763,0.0679566,0.0158813,0.0221063
0.0205232,0.00959392,0.00812707,0.0391129,0.00861634,0.0150497
0.019603,0.0138067,0.00946212,0.0331092,0.00868007,0.0120881
0.0290597,0.019373,0.0116408,0.052558,0.0130439,0.0124617
0.0260241,0.0169102,0.00536168,0.0523248,0.0121928,0.0158833
0.0264256,0.0179726,0.0095394,0.0506779,0.0165858,0.0159342
0.0278309,0.0186141,0.00895771,0.0471678,0.0110268,0.00782456
0.0265411,0.016874,0.0114052,0.0673759,0.0159666,0.0157936
0.00867488,0.00306664,0.0111933,0.044822,0.0131826,0.016938
0.0115557,0.00592981,0.0136995,0.0455811,0.0117538,0.0171206
0.0416605,0.0253546,0.0148774,0.0872311,0.0222028,0.0216823
0.0196532,0.0133287,0.00559609,0.0365097,0.00890258,0.0103251
0.013014,0.00924199,0.00329237,0.018211,0.00522097,0.00448815
0.0146721,0.0104933,0.00601173,0.0246122,0.00732441,0.00856042
0.0257813,0.0168029,0.00663999,0.037297,0.0115633,0.0130255
0.0169181,0.0112468,0.00750517,0.0302465,0.00733731,0.011923
0.0361358,0.0227154,0.0131208,0.0677852,0.0185587,0.0259689
0.013657,0.00940363,0.00491507,0.0180834,0.00555483,0.00438763
0.00922473,0.00640545,0.0100605,0.0833074,0.0240102,0.0220262
0.0104321,0.00709744,0.0057338,0.027034,0.00555407,0.00408794
0.0101838,0.00688356,0.00358543,0.0234728,0.00555126,0.00419629
0.0126859,0.00855495,0.00312341,0.0373852,0.00840919,0.0128615
0.0159943,0.0105832,0.0133589,0.0440685,0.0112524,0.0183817
0.0138759,0.00996715,0.009271,0.0443852,0.0139353,0.0330579
0.00830282,0.00612716,0.00321636,0.0334804,0.00803942,0.00340945
0.0192518,0.012887,0.00583929,0.0252765,0.00660013,0.0152365
0.0180352,0.0122651,0.00650358,0.0316941,0.00870391,0.00474352
0.0373866,0.0240592,0.0192659,0.0644856,0.0164239,0.0147434
0.0195923,0.0134568,0.0122896,0.0750872,0.0199335,0.0320816
0.026717,0.0152787,0.0186195,0.101649,0.0288531,0.0538589
0.0280597,0.016338,0.00972508,0.0367862,0.00950165,0.0196564
0.0167453,0.0116193,0.00600435,0.0240823,0.0061029,0.002377
0.0105697,0.00717849,0.00377547,0.00486129,0.000527997,0.00468244
0.0248497,0.0165442,0.0140875,0.0596391,0.0154995,0.0246804
0.00493293,0.00347387,0.00439763,0.0120158,0.0054199,0.00387495
0.0098003,0.00651255,0.0102555,0.0269373,0.00716153,0.0112874
0.0111597,0.00731002,0.00526902,0.020006,0.00554299,0.00422514
0.0134534,0.00703276,0.00568015,0.0303927,0.00683387,0.00768084
0.00936004,0.00670877,0.00813173,0.0271028,0.00614403,0.00523666
0.0106262,0.00727457,0.00321371,0.0238877,0.00516725,0.00313966
0.0206361,0.0136299,0.0100617,0.0632446,0.0177824,0.0302059
0.0118914,0.008686,0.00461332,0.0297857,0.00709299,0.00339788
0.0276329,0.0185011,0.0125028,0.0293649,0.00829407,0.0114476
0.0366488,0.0216109,0.0250442,0.10972,0.0278002,0.0456613
0.0183732,0.0118624,0.0067424,0.0261912,0.00734584,0.00620595
0.00716643,0.0050466,0.00199179,0.017477,0.00408842,0.00465977
0.0214947,0.0149235,0.00529027,0.0229906,0.00585006,0.011138
0.00594227,0.00438447,0.00538884,0.01745,0.00387834,0.00442774
0.0263248,0.0174437,0.00845296,0.0425111,0.0104358,0.00865217
0.0569158,0.0327149,0.0198711,0.0615276,0.0156353,0.0325033
0.0131419,0.0094183,0.00417739,0.0288095,0.00708613,0.00875848
0.0404529,0.024992,0.0117606,0.0671926,0.0153332,0.0241431
0.0139236,0.0089874,0.00430123,0.0249219,0.00675528,0.0117892
0.030292,0.0196872,0.0205688,0.0695914,0.0170485,0.0151006
0.0185128,0.0127255,0.00741205,0.024299,0.00698282,0.0198084
0.0161688,0.0113083,0.00296172,0.0286797,0.00821974,0.00872181
0.00886356,0.00633001,0.00326852,0.0204161,0.00585988,0.00426642
0.0119449,0.00811139,0.0042842,0.0192765,0.00390299,0.00466542
0.0322543,0.0209639,0.0104401,0.0459642,0.0106871,0.00930451
0.0348468,0.0182716,0.0190627,0.0568177,0.0164414,0.00968137
0.0306806,0.0116817,0.0163144,0.0382819,0.00910562,0.0079014
0.00551591,0.0040153,0.00408687,0.0164722,0.00295036,0.00258023
0.047898,0.029984,0.0126965,0.058942,0.0163684,0.0219768
0.00892348,0.00641846,0.00328496,0.0143685,0.00362303,0.00389278
0.0146142,0.00940089,0.00952749,0.064652,0.0167329,0.00722107
0.0124047,0.00822063,0.00335755,0.0253097,0.00658,0.00637986
0.00537779,0.00390261,0.00319881,0.0164824,0.00503708,0.00238015
0.00996111,0.00713783,0.0129382,0.0316201,0.00739242,0.00322181
0.0131191,0.0091533,0.0039048,0.0295154,0.00925337,0.010231
0.0238252,0.0117188,0.00842322,0.0435211,0.011637,0.00810044
0.0192031,0.00727767,0.00709541,0.0274056,0.00559937,0.00447276
0.0175166,0.0118465,0.00614008,0.0310235,0.00847001,0.0152256
0.00882005,0.00627953,0.0037519,0.0193063,0.00497244,0.00524083
0.00981401,0.00652989,0.00284678,0.0131033,0.00330019,0.00290898
0.0123687,0.00828326,0.010252,0.0539975,0.0146508,0.0240183
0.0270368,0.0179228,0.00863738,0.0387259,0.0105515,0.0100701
0.00831342,0.00592887,0.00258765,0.016448,0.00509246,0.0102443
0.0553049,0.0331832,0.028383,0.08205,0.0193026,0.0134176
0.0278381,0.0187376,0.0123286,0.0472651,0.0135946,0.0135141
0.0135031,0.00959819,0.0101581,0.0601148,0.0141545,0.0183703
0.0242902,0.0166232,0.00767918,0.040434,0.011517,0.007157
0.0283054,0.0183843,0.00863322,0.0507967,0.0106074,0.00879386
0.0282999,0.0155156,0.01164,0.0427465,0.0121387,0.0180875
0.0441132,0.0286589,0.0189109,0.101894,0.0293711,0.0386182
0.0260405,0.0176437,0.0110581,0.034302,0.00856283,0.0067258
0.0157346,0.0108452,0.00471993,0.013148,0.00361038,0.0011211
0.00556751,0.00389833,0.00185994,0.0187672,0.00375796,0.00561431
0.0431751,0.026293,0.0245426,0.131986,0.0369597,0.050326
0.0505855,0.0306553,0.0287463,0.087845,0.0236406,0.0197326
0.0219745,0.0140014,0.00735191,0.0345683,0.0104482,0.0211323
0.0286071,0.0192683,0.00989219,0.0455239,0.0114767,0.00532032
0.0197568,0.0129395,0.00630873,0.0389109,0.00950876,0.00849108
0.00417295,0.003,0.00197297,0.0102483,0.00271714,0.000967584
0.0194844,0.0130871,0.00687313,0.047832,0.0113957,0.00765428
0.00929045,0.00664213,0.00339535,0.0264582,0.00537511,0.00984527
0.0179672,0.0123866,0.00533701,0.0247527,0.00714708,0.00978247
0.00502616,0.00329711,0.00155398,0.0178197,0.00461838,0.00434351
0.0160223,0.0111929,0.00871611,0.0299321,0.00691424,0.00907983
0.0119024,0.00795852,0.00407027,0.0240632,0.00619214,0.0112423
0.0166981,0.0111237,0.0125464,0.0486332,0.0142874,0.00584561
0.0177955,0.0122756,0.00559311,0.0321,0.00858877,0.0120253
0.00426651,0.00325048,0.00138932,0.0164072,0.00514356,0.00539845
0.00551881,0.00367996,0.00353861,0.0104097,0.00276308,0.00353854
0.013789,0.0092237,0.0165272,0.0487318,0.0126038,0.0128589
0.0169674,0.0112743,0.00631274,0.0211179,0.00684877,0.0107072
0.0276967,0.0180218,0.00901293,0.0320689,0.00662392,0.0158558
0.0372419,0.023087,0.0406146,0.244719,0.0649232,0.0473898
0.00926012,0.00642463,0.00621689,0.0118422,0.0051263,0.0128603
0.00638056,0.00475016,0.00275998,0.0112599,0.0045798,0.00352574
0.0102199,0.00696572,0.00376309,0.0231376,0.00723413,0.00615061
0.00463369,0.0034506,0.00348656,0.0143535,0.00357534,0.00077856
0.0164917,0.0117208,0.00619021,0.0312616,0.00866306,0.0271134
0.0177881,0.0119492,0.0197925,0.101537,0.026895,0.0404083
0.0274596,0.0178335,0.00677257,0.0334547,0.00830975,0.00845428
0.0121465,0.00832461,0.00211021,0.0267182,0.0075663,0.0104237
0.0222292,0.0146142,0.0056584,0.0521795,0.0136186,0.00771349
0.0165108,0.0110673,0.0156291,0.0473278,0.0126777,0.0165625
0.0114117,0.00805868,0.00818412,0.0279827,0.00867513,0.00916636
0.0116474,0.00729884,0.00438359,0.0200887,0.00717013,0.00809938
0.0308092,0.0200763,0.0128553,0.046011,0.0123105,0.0153533
0.00518097,0.00359402,0.00301194,0.0217362,0.00467798,0.000966723
0.00545082,0.00380866,0.00248317,0.0217298,0.00607212,0.00545277
0.0269652,0.0166699,0.0258615,0.126237,0.0343542,0.0642768
0.032925,0.021423,0.0146223,0.0783564,0.0189426,0.0435988
0.0255955,0.0140305,0.020907,0.0895025,0.0201017,0.0125535
0.0305141,0.0204031,0.0108128,0.0427231,0.0139805,0.0173228
0.0180653,0.0129379,0.00611244,0.0306288,0.00837812,0.010424
0.0377425,0.0244273,0.0119118,0.0745006,0.021462,0.0300324
0.0177439,0.0119127,0.00641261,0.0276742,0.00683721,0.0127482
0.0134641,0.0093131,0.00472794,0.03131,0.00919861,0.00603286
0.0121006,0.00844058,0.00482115,0.0158163,0.00363521,0.00647098
0.0146621,0.00991335,0.00583306,0.0189862,0.00554932,0.00674655
0.00918168,0.00635117,0.00477493,0.0207629,0.00566071,0.00196459
0.0229027,0.015246,0.0185204,0.065824,0.0179241,0.0134551
0.0130379,0.00926422,0.00437717,0.0204224,0.00600374,0.00561386
0.0169519,0.0119252,0.00466016,0.0399605,0.00879236,0.0116247
0.0345942,0.0223824,0.010738,0.0150913,0.00308423,0.0159276
0.0184232,0.0127876,0.00585782,0.00436208,0.00131728,0.00524054
0.0380813,0.0236253,0.0125959,0.0360784,0.00950739,0.0131635
0.0386024,0.0241351,0.011624,0.0679677,0.0172991,0.0115514
0.0246306,0.0161282,0.0086566,0.0282815,0.00739163,0.0038637
0.00976124,0.00670224,0.00343235,0.0170611,0.00537738,0.00228469
0.0100791,0.00700411,0.00569485,0.0329245,0.00884283,0.00655237
0.0246872,0.0164996,0.010149,0.0768602,0.0194291,0.0328846
0.0109586,0.0075536,0.00338521,0.0216008,0.00655435,0.0208842
0.0136815,0.00929366,0.00359366,0.00761382,0.000890923,0.00714489
0.0130684,0.00895316,0.00489859,0.0240742,0.00489489,0.00275889
0.00665239,0.00430721,0.00237877,0.00800297,0.003508,0.00159348
0.00816427,0.0057389,0.00284066,0.0127013,0.00468581,0.00150683
0.0149742,0.00990986,0.00531374,0.0189231,0.00486256,0.00405252
0.0220049,0.0146465,0.00983365,0.0395229,0.0118074,0.0235804
0.0134761,0.00908213,0.00324619,0.0265793,0.00620585,0.00321421
0.0378505,0.0196263,0.024542,0.112938,0.030125,0.0400747
0.0111727,0.00810934,0.00497032,0.020448,0.0054988,0.00248471
0.00511696,0.00346424,0.00410478,0.0126187,0.00329707,0.00396415
0.00588219,0.00421001,0.00284137,0.0175597,0.00486912,0.00433411
0.0300966,0.0200779,0.0102875,0.0428893,0.0122399,0.015229
0.0178298,0.0126306,0.00613272,0.0142205,0.00288106,0.00447444
0.0129144,0.00910793,0.00499834,0.0222592,0.0060879,0.00715441
0.00634528,0.00451996,0.00175238,0.0261807,0.00777475,0.0137376
0.0137024,0.00871666,0.00496563,0.0188818,0.00554405,0.00894055
0.0224936,0.0152833,0.00973833,0.0353379,0.0104491,0.0105509
0.00584266,0.00431192,0.0020448,0.0133922,0.00307787,0.00315413
0.00931871,0.00665398,0.00348904,0.0152375,0.00501364,0.00597451
0.0299743,0.0206941,0.00849638,0.0426959,0.0133239,0.0123011
0.0143941,0.0095941,0.00863081,0.0248238,0.00586949,0.00875543
0.0113565,0.00832472,0.00448527,0.0193915,0.0063256,0.00342568
0.068036,0.0404543,0.0772753,0.284589,0.0752589,0.114762
0.032835,0.0210049,0.00953752,0.0462597,0.0113571,0.0120071
0.0228065,0.0150492,0.0120355,0.0624671,0.0175284,0.0217177
0.0105689,0.00749785,0.00220897,0.0193968,0.00538555,0.00675842
0.0067822,0.00461562,0.00775237,0.0416642,0.011402,0.0150448
0.0221613,0.0144586,0.00882977,0.0368686,0.00842472,0.00742091
0.0104269,0.00692587,0.00406574,0.0237931,0.00539292,0.00246577
0.00966137,0.00642322,0.00450547,0.0204767,0.00663086,0.00653179
0.010246,0.0075128,0.00340419,0.0319999,0.00580308,0.00183459
0.0502072,0.0310063,0.0164837,0.0673672,0.018073,0.0158445
0.00851992,0.00602146,0.00350449,0.0157254,0.00433455,0.00294984
0.0282892,0.0187626,0.0107938,0.0448342,0.0100708,0.00938417
0.00992613,0.00659568,0.00394433,0.0187628,0.00459773,0.00265997
0.0204465,0.0138373,0.00523662,0.0497795,0.01219,0.00652101
0.00530863,0.00389716,0.00217848,0.0182401,0.00412395,0.00547839
0.00570162,0.00427335,0.00271854,0.0260976,0.00624754,0.00537833
0.00433059,0.00321366,0.00209843,0.00945908,0.00322574,0.00190097
0.0146814,0.00996803,0.00411684,0.0228773,0.00746233,0.00526578
0.0172747,0.011245,0.00560532,0.0253613,0.00588328,0.00976334
0.0475869,0.0284526,0.0139655,0.0867731,0.0208729,0.0230897
0.0065787,0.00442673,0.00825635,0.0236818,0.00638026,0.00730378
0.0128453,0.00897309,0.00278589,0.0212381,0.00677058,0.00666798
0.011762,0.0081753,0.00413115,0.0135284,0.00389814,0.00297288
0.039268,0.017429,0.016634,0.0611099,0.0168029,0.0200101
0.0219756,0.0147099,0.0151496,0.0691073,0.018537,0.00667014
0.00817708,0.00582125,0.00342792,0.0184035,0.00523265,0.00947187
0.0305779,0.0195558,0.0116995,0.0452559,0.0108104,0.0116726
0.0277602,0.0189543,0.0105668,0.0527619,0.0144606,0.0206063
0.00916026,0.00682224,0.00576066,0.0370935,0.0117275,0.00633853
0.0131394,0.00772992,0.00656849,0.0217451,0.00419239,0.0151131
0.0149905,0.00770054,0.00629264,0.0142859,0.00249802,0.0156007
0.0248863,0.0160675,0.00740037,0.0393688,0.00823186,0.00927097
0.0151919,0.0104491,0.00399186,0.0258709,0.0064314,0.00270749
0.0389907,0.017528,0.0140349,0.0729006,0.017691,0.0283185
0.0347744,0.0151634,0.0114012,0.0485876,0.0106475,0.0231154
0.0374916,0.0229542,0.0159127,0.0925324,0.0230506,0.0322936
0.01569,0.0113366,0.0121305,0.0587261,0.0162713,0.00941632
0.00891431,0.00615896,0.00405667,0.0219364,0.00441863,0.00165167
0.0082946,0.00573903,0.00396228,0.0196532,0.00492283,0.00560825
0.017797,0.011871,0.0121217,0.0486528,0.0105415,0.00806705
0.00498961,0.00370322,0.00156502,0.0156652,0.00355443,0.00142246
0.0181974,0.0122657,0.017123,0.0544422,0.0146517,0.00628756
0.00492604,0.0033889,0.00200744,0.0154438,0.00405239,0.00509026
0.00690931,0.00459514,0.00413689,0.016555,0.00391698,0.00320993
0.0284414,0.0190218,0.0303178,0.0761484,0.0213168,0.0248849
0.0236185,0.0159661,0.00557475,0.0451417,0.0103417,0.00831377
0.0324297,0.0216639,0.0110745,0.0324404,0.00832251,0.0268496
0.0236742,0.0163683,0.006155,0.034362,0.00941667,0.0204033
0.0336323,0.0205234,0.0366755,0.107925,0.031845,0.0630261
0.0110851,0.00710854,0.00620312,0.0580674,0.0175655,0.0147543
0.0104569,0.00722875,0.00407743,0.017369,0.00436118,0.00523875
0.0204967,0.0130761,0.00764627,0.026097,0.00742224,0.00481633
0.0143645,0.00959062,0.00601314,0.0325051,0.0112854,0.0135438
0.0188807,0.0129597,0.00928086,0.0256985,0.00724985,0.00573975
0.0231548,0.012209,0.0180581,0.0804736,0.0242297,0.0272766
0.0300586,0.0148634,0.0165702,0.0729281,0.0197044,0.0215595
0.0351805,0.0231433,0.0239673,0.0840313,0.0205339,0.0233694
0.0196998,0.0131125,0.00616917,0.0361732,0.00818246,0.0128398
0.0257071,0.0176159,0.00847461,0.0469356,0.0118196,0.0233226
0.028041,0.0186937,0.00831769,0.043051,0.0117813,0.0256283
0.0198478,0.0129493,0.00453647,0.041235,0.00984929,0.0108922
0.0224086,0.014509,0.0218342,0.0797645,0.0213373,0.041661
0.0108842,0.00774122,0.00557381,0.0324101,0.00714243,0.0107526
0.00577715,0.00404892,0.00764285,0.0348451,0.0108665,0.00803237
0.00442848,0.00310944,0.00210943,0.0137028,0.00323601,0.00440405
0.0269214,0.0178248,0.0112605,0.0722465,0.0195528,0.0195549
0.0100129,0.00698144,0.0110292,0.0336913,0.00920489,0.0107776
0.0116191,0.0083295,0.00371842,0.0239996,0.00649211,0.00639512
0.0185398,0.0126223,0.00562021,0.023052,0.00589881,0.00496026
0.018057,0.0124398,0.00679108,0.0311485,0.00685445,0.0133131
0.0308558,0.0207848,0.0105847,0.0468022,0.0119088,0.0130012
0.0169251,0.010641,0.0061407,0.025664,0.00741803,0.0137355
0.0102081,0.00414713,0.00343654,0.00667497,0.00192316,0.00820753
0.0516585,0.0311434,0.0187706,0.0814581,0.0212442,0.04737
0.0149707,0.00982221,0.00516441,0.0176211,0.00520937,0.00826542
0.0137627,0.00957024,0.00566953,0.0270794,0.0068834,0.0100432
0.00679054,0.00458583,0.00295,0.0187941,0.00490541,0.00207156
0.0178495,0.0122616,0.0066639,0.0050392,0.00113805,0.0112473
0.00746775,0.00495744,0.00381935,0.0119594,0.00365351,0.00267476
0.0175283,0.00703571,0.00514724,0.0388368,0.0098367,0.0122442
0.00602188,0.00453326,0.0056748,0.0732194,0.0209242,0.00585556
0.043105,0.0245118,0.016987,0.0719396,0.0201002,0.0355116
0.0149986,0.00976045,0.00536748,0.0356959,0.010048,0.00654973
0.0196555,0.0131542,0.00689745,0.0358398,0.00709194,0.00671165
0.0195451,0.013141,0.00789647,0.0262677,0.00718249,0.014542
0.0164379,0.0113034,0.00557897,0.0246009,0.00702759,0.00715629
0.00815028,0.00521726,0.00412845,0.0171618,0.00411952,0.00560505
0.00615078,0.00389398,0.00187996,0.0150609,0.00473689,0.00219311
0.0240005,0.0161527,0.0138892,0.0751565,0.0195151,0.0207705
0.0218946,0.0148666,0.0090009,0.0492895,0.0131247,0.020499
0.0175374,0.0115667,0.00638025,0.0346201,0.0105077,0.0160033
0.00627099,0.00383901,0.00405803,0.0232771,0.00549357,0.00678509
0.0124099,0.00847495,0.00371501,0.0236272,0.00491209,0.00558418
0.0433267,0.0260953,0.0211379,0.105038,0.0262203,0.0216667
0.0485221,0.0261519,0.0228734,0.103443,0.0239133,0.0202471
0.0108637,0.00752246,0.00374905,0.0239937,0.00654015,0.00285463
0.0193205,0.0126606,0.0116676,0.0544589,0.0182584,0.0138884
0.00580058,0.00439559,0.00192567,0.0144659,0.0031134,0.00154851
0.00851929,0.00610567,0.00258586,0.00929172,0.00255111,0.00300208
0.0115099,0.0078011,0.00389964,0.0161878,0.00332501,0.00419473
0.023923,0.0167454,0.0114132,0.0582897,0.0139641,0.0121581
0.0201742,0.0138578,0.0143883,0.0521379,0.0135572,0.0184543
0.0215031,0.00846631,0.0099347,0.044947,0.0118227,0.0113074
0.0240306,0.0106141,0.0102275,0.0375628,0.00797238,0.00840005
0.0176977,0.0117966,0.00575359,0.0268735,0.00721752,0.0082457
0.00908517,0.00612344,0.0044476,0.0246589,0.00406,0.00684395
0.018591,0.012558,0.0127762,0.0593959,0.0152497,0.0272671
0.0476271,0.0307258,0.018184,0.0468117,0.0121252,0.0417386
0.0188418,0.0123649,0.00635602,0.0322752,0.00870831,0.0058145
0.00801523,0.0052887,0.0029133,0.013348,0.00373496,0.00507467
0.00582251,0.00396491,0.00427919,0.031719,0.00720245,0.00952218
0.0193236,0.0127593,0.00659982,0.0258165,0.00766249,0.00756025
0.0150559,0.00994715,0.00537042,0.0217066,0.00626641,0.00538494
0.00438795,0.00342245,0.00413674,0.0299031,0.0083982,0.00524286
0.00462759,0.0032761,0.00251158,0.0353282,0.00875698,0.00361332
0.00995144,0.00664655,0.00371649,0.0174531,0.00475215,0.0034007
0.00710648,0.00481354,0.00199277,0.0169798,0.00408802,0.00284986
0.0153048,0.0107254,0.0119709,0.0268879,0.00874856,0.00554999
0.0154111,0.0100466,0.00585834,0.0381444,0.0116518,0.0123152
0.0416893,0.02739,0.0161502,0.0463624,0.0132071,0.0166318
0.00909077,0.00611583,0.00538735,0.0245882,0.00509808,0.00797568
0.0138909,0.00939966,0.00393361,0.0243149,0.00773172,0.0114176
0.0109688,0.00766104,0.00461521,0.0214933,0.0067058,0.0164818
0.0688645,0.0355134,0.0438065,0.195562,0.0485207,0.065476
0.00784063,0.00514352,0.00543003,0.0190328,0.00543928,0.00458304
0.0129457,0.00874786,0.00329175,0.0163598,0.00428509,0.00566832
0.0245587,0.0161626,0.0102377,0.0395667,0.0118725,0.00706281
0.0268805,0.0143902,0.0102431,0.0632263,0.0177966,0.0358082
0.0133371,0.00910135,0.00444076,0.0294039,0.00811854,0.00299145
0.00626122,0.00435573,0.00241871,0.0107732,0.00307171,0.00102695
0.0411525,0.0173939,0.0515269,0.170117,0.0483114,0.0561284
0.0334036,0.0132892,0.0579559,0.156636,0.0417197,0.0474047
0.00756492,0.00516137,0.00285985,0.0238272,0.00452497,0.00306561
0.0144563,0.00995124,0.00627246,0.0372407,0.0111237,0.00289602
0.00614807,0.00448871,0.00253286,0.00857283,0.00412173,0.00353297
0.01334,0.00904974,0.00553031,0.0187534,0.00503393,0.00351733
0.0168794,0.0116701,0.00811789,0.0284581,0.00768472,0.00130496
0.0382925,0.0247024,0.0117722,0.0723344,0.0170581,0.028648
0.00662012,0.00472494,0.00307316,0.0107054,0.00385433,0.00402382
0.0352457,0.0228753,0.0155057,0.0673534,0.014684,0.0245223
0.00703846,0.00482273,0.00339707,0.0116226,0.00308064,0.00187613
0.00808873,0.00538953,0.00276156,0.0226333,0.00620314,0.00469185
0.00716763,0.00521478,0.00343196,0.0250939,0.00516438,0.00682517
0.0153438,0.0105601,0.00724427,0.0463915,0.0120026,0.017336
0.00755925,0.00513171,0.00241283,0.0154665,0.00449508,0.0034259
0.00640416,0.00455545,0.00174334,0.0114974,0.00341044,0.00675563
0.0122742,0.00847466,0.00481814,0.00668565,0.00161333,0.0105797
0.0179975,0.0124144,0.00628631,0.0251006,0.00790197,0.00480652
0.020233,0.00853964,0.0131532,0.0736345,0.0188715,0.0172947
0.0123096,0.00846168,0.00751325,0.0333631,0.00897708,0.00832351
0.0199746,0.0132886,0.0201714,0.0788314,0.0218166,0.0210841
0.0123249,0.00862725,0.00446464,0.0418289,0.00865836,0.0144762
0.00511732,0.0033704,0.00527649,0.0231179,0.00613901,0.00787911
0.0407002,0.0247968,0.0268437,0.137611,0.037636,0.0742494
0.0281666,0.0180601,0.0124796,0.0442108,0.0117329,0.0134773
0.011229,0.00794153,0.00390415,0.0194434,0.00528011,0.00536361
0.024462,0.0160672,0.00513502,0.0540281,0.0146291,0.0102824
0.0119495,0.00824128,0.00530179,0.02426,0.00498732,0.00905253
0.00600028,0.00398651,0.00212447,0.0182362,0.00492293,0.00738294
0.0196567,0.0134885,0.0138349,0.0548232,0.0144635,0.0384371
0.0165621,0.00775449,0.00726997,0.0696449,0.0189472,0.0304249
0.0193543,0.0097077,0.0082001,0.048323,0.0110362,0.0246697
0.0117058,0.00815169,0.0128431,0.0487826,0.0137098,0.0216139
0.027416,0.0177017,0.0124043,0.0630425,0.0148121,0.0079768
0.00778162,0.00524783,0.00324872,0.0208705,0.00447793,0.00272852
0.015313,0.0101841,0.00541765,0.0453018,0.0123461,0.00702568
0.0297869,0.0196794,0.0255347,0.0852355,0.0270048,0.0745342
0.023661,0.0152872,0.00784569,0.0528672,0.0114633,0.0103848
0.0094054,0.00659977,0.00370122,0.0190273,0.00605037,0.00282396
0.0225679,0.0157336,0.0121558,0.0353359,0.0108072,0.009753
0.0153156,0.010514,0.011452,0.0673147,0.0208586,0.00631288
0.0102594,0.0072437,0.00340857,0.0155731,0.00348328,0.00151904
0.00516476,0.00372685,0.00217884,0.0115446,0.00287238,0.00229937
0.0156893,0.0103451,0.0125083,0.0377491,0.00964279,0.0193793
0.0283706,0.0190803,0.0106187,0.0461375,0.0109646,0.00353208
0.0389955,0.025361,0.0160925,0.0576862,0.0141065,0.021005
0.0065059,0.0047336,0.00239492,0.018211,0.00502041,0.00193669
0.0129149,0.00929801,0.00433684,0.0181172,0.00366307,0.00444809
0.0354678,0.0161568,0.0145052,0.080515,0.0224274,0.0254891
0.0334548,0.0140196,0.0142011,0.072923,0.0177561,0.0171443
0.0273959,0.0171357,0.0162198,0.0983852,0.0261838,0.0551171
0.0280461,0.0186007,0.013155,0.0533761,0.0160518,0.00956491
0.00919671,0.00638157,0.00381229,0.0202649,0.00473492,0.00505451
0.0212096,0.0114217,0.0108852,0.0499719,0.0136653,0.00850533
0.028054,0.0184739,0.00759442,0.0486571,0.0115431,0.0127472
0.0243041,0.0158548,0.0068192,0.0351927,0.0103646,0.00760704
0.0155174,0.0102269,0.00602308,0.0447287,0.0103309,0.0232006
0.00865599,0.00632447,0.00369841,0.017194,0.00347375,0.00900106
0.0208182,0.0139934,0.007101,0.0205002,0.00590646,0.00723772
0.0183812,0.0120718,0.00538216,0.0407336,0.0108986,0.00864785
0.0271723,0.0171625,0.0217824,0.106606,0.0275922,0.0789009
0.00654628,0.00488088,0.00267017,0.0156438,0.00439959,0.00339932
0.00838526,0.00534947,0.00431261,0.018755,0.00422668,0.00685156
0.0102404,0.00707877,0.00271546,0.0142717,0.00358733,0.00518178
0.0176698,0.0119817,0.00495135,0.020605,0.00473438,0.00339053
0.0252215,0.0169607,0.0371668,0.133426,0.0338813,0.022468
0.0275512,0.0179767,0.0151787,0.0737691,0.0204631,0.0137083
0.0156268,0.0106084,0.00413933,0.0269194,0.00793566,0.00764024
0.0248825,0.0159522,0.0110788,0.0534629,0.0162387,0.0455049
0.0143414,0.00938633,0.00522596,0.00537138,0.000360181,0.0109437
0.0129728,0.00915523,0.0046249,0.0170884,0.00492611,0.0113621
0.00953762,0.00673845,0.00347182,0.0182251,0.00599642,0.0140944
0.00481808,0.0034822,0.00261522,0.00593784,-5.43979e-05,0.00630173
0.012347,0.00848883,0.00375056,0.0182469,0.00376787,0.00509226
0.0137509,0.00917224,0.0149895,0.0652815,0.0181159,0.0406364
0.00920183,0.00600514,0.00299803,0.0139762,0.00412469,0.00244588
0.0155723,0.0102334,0.0107217,0.0411529,0.00984461,0.00869096
0.0189761,0.0122697,0.0332227,0.106912,0.0252026,0.0153297
0.00734895,0.00525237,0.00397515,0.0166979,0.0038533,0.00281727
0.0220931,0.0148833,0.00697543,0.0435869,0.0112577,0.0125801
0.0201668,0.0126105,0.025584,0.147163,0.0374115,0.032763
0.0125457,0.00876889,0.00362765,0.0268509,0.00837411,0.0143764
0.0121175,0.0082196,0.00508155,0.0198977,0.00476314,0.00651485
0.033786,0.0223711,0.00814118,0.040524,0.0100628,0.00717203
0.00682715,0.00503845,0.00288186,0.0100736,0.00338571,0.0030742
0.020893,0.0136646,0.00955504,0.0459942,0.0123101,0.00954398
0.0104452,0.00672763,0.00619758,0.0441166,0.00935505,0.0129549
0.0152825,0.0103348,0.00421896,0.036202,0.00880797,0.008395
0.0103523,0.00700818,0.00754665,0.0328851,0.00979119,0.0190529
0.0258725,0.0146883,0.0148126,0.0375463,0.0102814,0.03144
0.0512383,0.0300622,0.0290803,0.0422182,0.00927041,0.0592442
0.00771068,0.00502904,0.00316331,0.0177254,0.00513093,0.00498982
0.00912247,0.00604948,0.00366134,0.0218007,0.00502707,0.00469474
0.00675851,0.00456799,0.00300758,0.022781,0.00657804,0.0202023
0.00620023,0.00434194,0.0029537,0.0132944,0.00321553,0.00409943
0.00951003,0.00661832,0.00283185,0.0119405,0.00515488,0.00523274
0.0115948,0.00766582,0.00449821,0.0259928,0.00745242,0.0124833
0.0092239,0.0063542,0.00411678,0.0243522,0.00685374,0.00588891
0.0407173,0.0258395,0.0112466,0.0607829,0.0164162,0.0128236
0.0385061,0.0243734,0.0108056,0.050376,0.0122473,0.018503
0.0253677,0.0166828,0.0216884,0.109642,0.0270456,0.0356804
0.0121085,0.00807664,0.003568,0.0247481,0.00562965,0.00460393
0.0533011,0.0304385,0.0357611,0.209543,0.0507162,0.0473517
0.00969152,0.00649962,0.00391784,0.00988567,0.00249287,0.00946835
0.00726916,0.00502327,0.00331528,0.0140213,0.00547874,0.00541056
0.0117919,0.00833159,0.00340925,0.0174558,0.00495086,0.00908998
0.00510618,0.00331983,0.00223814,0.0128546,0.00314324,0.00242757
0.0412754,0.0245606,0.0174322,0.0679281,0.0173776,0.0236009
0.00564567,0.00386174,0.00333169,0.0111989,0.00410647,0.00686567
0.00924267,0.00622556,0.00302127,0.0206929,0.00552654,0.0131568
0.00866514,0.00609772,0.00594266,0.0199926,0.00528822,0.00758485
0.00924744,0.00611776,0.00508805,0.0251939,0.00854036,0.00455501
0.0248013,0.0166787,0.0163519,0.0726214,0.0226841,0.0176634
0.0684533,0.0295762,0.0253098,0.105721,0.0269441,0.0514514
0.00493254,0.00334555,0.00202694,0.0110765,0.00357039,0.00407567
0.0355875,0.0166663,0.0152448,0.0692842,0.0173884,0.0154805
0.0322179,0.0145296,0.0131196,0.0478913,0.00940142,0.0118967
0.00638099,0.00425788,0.00333177,0.0156606,0.00467076,0.0060516
0.00640332,0.00470786,0.00332516,0.0192868,0.00541415,0.00431294
0.00438671,0.0034304,0.00232026,-7.30375e-05,-0.000617239,0.00413147
0.0123602,0.00838682,0.0047925,0.0169361,0.00409527,0.00832373
0.0164779,0.01084,0.00513741,0.0274641,0.00722105,0.00650784
0.0198921,0.0131689,0.00622792,0.0387947,0.00792569,0.0110018
0.00646024,0.00433699,0.00325493,0.0192675,0.00560491,0.00276687
0.0341253,0.0216836,0.014056,0.0589684,0.0165158,0.0144682
0.0209569,0.0133732,0.0339279,0.0760469,0.019712,0.0271171
0.0100798,0.00669278,0.00329312,0.0189452,0.00372953,0.00170008
0.00977471,0.00640824,0.00293509,0.0106162,0.00353504,0.009637
0.0182424,0.0129304,0.0103035,0.0259783,0.00714169,0.00600332
0.011016,0.00723795,0.00257908,0.0133688,0.00317845,0.00636775
0.0048302,0.0033214,0.00216698,0.0166182,0.00369378,0.00193245
0.0153811,0.0104671,0.00544382,0.00802202,0.0017261,0.0118584
0.016495,0.0114277,0.00596391,0.0157812,0.00401444,0.0216563
0.0180862,0.0123047,0.00552242,0.0360678,0.00793723,0.00733686
0.00900788,0.00629867,0.00356976,0.0143404,0.00317142,0.00116524
0.0444383,0.0291164,0.0177017,0.0476274,0.0144524,0.0114377
0.0138323,0.00908031,0.00668387,0.0255986,0.00622484,0.00642356
0.020885,0.0139088,0.0168449,0.091156,0.025199,0.0147894
0.0185474,0.0130308,0.0055327,0.0249686,0.00701064,0.0133425
0.0254409,0.0171054,0.00770816,0.0326788,0.0108801,0.0218699
0.0197955,0.0133189,0.00709832,0.0191834,0.00405749,0.00620267
0.0388397,0.0204778,0.037685,0.194328,0.0475915,0.0608845
0.0435842,0.0238159,0.0361691,0.151963,0.0379725,0.0469695
0.0194429,0.0104453,0.0129033,0.0407738,0.0109241,0.0292537
0.0108714,0.00781023,0.00515391,0.022988,0.00528221,0.0144435
0.0046607,0.00314479,0.001758,0.0112419,0.00315054,0.00764923
0.00704657,0.0052475,0.00311577,0.0131708,0.00488551,0.0151994
0.0329555,0.0213,0.01674,0.05006,0.0140604,0.0195596
0.0162831,0.0111957,0.00447935,0.0221092,0.00618669,0.00935439
0.0394565,0.0190834,0.0191442,0.086807,0.0239317,0.0375662
0.0330649,0.0127957,0.0158563,0.0640628,0.0158741,0.0261583
0.00868893,0.0057623,0.00167062,0.0184649,0.00426287,0.00412938
0.0215862,0.011819,0.00672143,0.0382348,0.0096799,0.00407586
0.0193157,0.0109878,0.00580789,0.0234902,0.00548301,0.00244769
0.00582066,0.00393463,0.00304834,0.0123888,0.00405432,0.00163022
0.00505423,0.00360304,0.00219467,0.0170244,0.00270682,0.00288601
0.0255651,0.0159134,0.0262687,0.142983,0.0363197,0.0496462
0.0110798,0.00776838,0.00477632,0.00596239,0.000982254,0.0124413
0.0157207,0.0104376,0.00530492,0.0168609,0.00473446,0.00841275
0.0149446,0.00699459,0.00613424,0.0222342,0.00627813,0.00646818
0.0164838,0.00655772,0.0061325,0.0283969,0.00819346,0.00679266
0.00943799,0.00658143,0.00274341,0.0265515,0.00443027,0.00261869
0.0230627,0.0153245,0.00845812,0.0494708,0.0124199,0.00593663
0.0105827,0.00724094,0.00435385,0.0209375,0.00573923,0.0108381
0.0051899,0.00346503,0.00199384,0.0160758,0.00387219,0.00333568
0.0215464,0.0144614,0.00634409,0.0299783,0.00685018,0.00637095
0.011196,0.00771837,0.00324981,0.0227677,0.00707646,0.00559234
0.00473719,0.00360973,0.00142781,0.00782559,0.0025454,0.00334694
0.0214651,0.0144484,0.00557917,0.034305,0.0103188,0.00599292
0.0110321,0.00738075,0.00391889,0.0187372,0.00580068,0.00840472
0.0136708,0.00975256,0.0145553,0.0312937,0.00865076,0.0118661
0.0248741,0.0164165,0.0200029,0.0890715,0.0267669,0.0178239
0.00695167,0.00507024,0.00190179,0.0147813,0.00405988,0.00186304
0.00945844,0.00697201,0.0049895,0.0144078,0.00402215,0.0164216
0.0274632,0.0184485,0.0124339,0.0488682,0.0121325,0.0186825
0.00817741,0.00579027,0.00405924,0.0282598,0.00878709,0.00915203
0.0047408,0.00336927,0.00117794,0.0193523,0.00657819,0.0115241
0.0186123,0.0128296,0.0054598,0.0253373,0.0073191,0.0108326
0.0876494,0.0430381,0.0774213,0.312025,0.0801264,0.175484
0.0247985,0.0161159,0.0348381,0.133213,0.0358875,0.0924795
0.00929188,0.00627365,0.00386067,0.0190805,0.00301451,0.00442721
0.0195337,0.0132835,0.00593026,0.025491,0.00659746,0.0124136
0.0196777,0.013667,0.00542398,0.0240288,0.00664056,0.00865412
0.0224402,0.00986309,0.0156987,0.0913062,0.0269991,0.0301524
0.0239971,0.00983203,0.0159756,0.0860445,0.0226521,0.0305852
0.00985769,0.00638488,0.00401388,0.0155226,0.00499994,0.010446
0.0277647,0.0181982,0.0304633,0.119647,0.0322471,0.0687188
0.011961,0.00773869,0.0037089,0.0317227,0.00746742,0.000878506
0.00477175,0.00309391,0.00248864,0.0197151,0.00460741,0.00109133
0.0429454,0.0227135,0.0133659,0.0593893,0.0142895,0.0139278
0.00450407,0.00323885,0.00215852,0.000172261,0.000403431,0.00527347
0.0284078,0.0159001,0.0105235,0.0353402,0.0104276,0.0126785
0.0221913,0.015086,0.00751821,0.0372204,0.0107232,0.00476245
0.00845757,0.00604673,0.00296403,0.0179474,0.00457523,0.00725495
0.00839801,0.00612307,0.00343645,0.00830324,0.0029888,0.00539681
0.0158082,0.0104256,0.00539551,0.0245778,0.00654978,0.00843978
0.0186394,0.0122964,0.00632159,0.0224744,0.00736328,0.0132767
0.0283438,0.0178253,0.0650908,0.206546,0.0576401,0.1059
0.018808,0.0127941,0.0260319,0.0878683,0.0241885,0.0250608
0.0191817,0.012934,0.00726892,0.039876,0.00872084,0.0072006
0.011262,0.00760711,0.00358684,0.015659,0.00450057,0.00377551
0.0086617,0.00594175,0.00284313,0.014472,0.003492,0.00192861
0.0536033,0.0259993,0.0221814,0.0947669,0.0240962,0.0309739
0.00717509,0.00491249,0.00302802,0.0179224,0.00462892,0.0121567
0.0139824,0.00967988,0.00401526,0.016084,0.00460717,0.00783066
0.0246542,0.0169822,0.00786275,0.0405566,0.0106377,0.0153454
0.00595642,0.00408811,0.00374522,0.0134582,0.00453639,0.00275471
0.0109896,0.00757504,0.00323716,0.0113773,0.00358754,0.00370325
0.0171499,0.0119941,0.0136066,0.0477789,0.0165473,0.0215503
0.015272,0.00993451,0.0063782,0.0422234,0.0125162,0.00853721
0.0116634,0.00557806,0.00393262,0.022563,0.00527083,0.0027239
0.0136041,0.00941851,0.00404926,0.0236266,0.00527577,0.0046785
0.0230094,0.0156744,0.0076903,0.0379543,0.0105062,0.0205221
0.0340467,0.0221788,0.0123775,0.0619073,0.0172521,0.00657228
0.0148846,0.0101322,0.00339506,0.0384688,0.0107523,0.0113177
0.00966016,0.0066488,0.00341857,0.0182057,0.00409465,0.00117676
0.0147257,0.0102312,0.00359412,0.0243568,0.00707753,0.0107184
0.0393205,0.0256313,0.0456207,0.163417,0.0436476,0.128479
0.00977077,0.0067034,0.00476041,0.0175595,0.00507073,0.00268483
0.0180151,0.0120122,0.00482774,0.0308861,0.00854694,0.0112127
0.0221495,0.0143745,0.0113845,0.0415882,0.0109184,0.0164347
0.0103922,0.00719587,0.00215287,0.0221613,0.0053028,0.00208526
0.0134322,0.00945286,0.00442594,0.0199511,0.00328656,0.00524492
0.0111765,0.00774248,0.00399621,0.0172831,0.00484302,0.0101744
0.0168954,0.0115343,0.00679539,0.0364304,0.00963996,0.0160581
0.0219989,0.0145515,0.0106518,0.0562402,0.0126251,0.0147086
0.0200747,0.013666,0.00858526,0.0319441,0.00743075,0.0171165
0.0162341,0.0106537,0.015087,0.0388105,0.00874333,0.0141723
0.026751,0.0164378,0.0167134,0.0636459,0.0185597,0.0268184
0.039693,0.0254145,0.0122566,0.0451575,0.0111787,0.0263945
0.0047098,0.00318524,0.00344716,0.00882407,0.00312998,0.000733128
0.0244083,0.0170955,0.00861592,0.0362695,0.0094068,0.0163263
0.00941546,0.00648546,0.00658507,0.0329233,0.00835476,0.00548017
0.00998809,0.00687516,0.00360222,0.02234,0.00585533,0.00323729
0.00464275,0.00342967,0.0030443,0.0159865,0.00490316,0.00331591
0.00593244,0.00418654,0.00319435,0.0137889,0.00271467,0.00466544
0.0228858,0.0157303,0.00863345,0.0771427,0.0175687,0.0212319
0.0339555,0.0132497,0.0112841,0.0371472,0.00905098,0.0195258
0.0346708,0.0131628,0.0111938,0.0378621,0.00889906,0.0193783
0.0120304,0.00846752,0.004514,0.020115,0.00413475,0.0045283
0.0152775,0.00796629,0.00636491,0.026352,0.00910222,0.0123439
0.0151341,0.00874599,0.00439964,0.0222668,0.00594576,0.0064181
0.0275576,0.017863,0.0187213,0.0983824,0.0255176,0.0374051
0.00597601,0.00442037,0.00189824,0.0103101,0.00341567,0.00217606
0.0139515,0.00924445,0.00605372,0.0254582,0.0090661,0.00381669
0.00999443,0.00733117,0.00455903,0.0172137,0.00502328,0.00390685
0.0066231,0.00459529,0.00388545,0.0606982,0.0141445,0.00637218
0.00717195,0.00515228,0.00274577,0.0145513,0.00258807,0.00600839
0.0204324,0.0137344,0.00925528,0.0413217,0.0110707,0.0163168
0.0231718,0.0149491,0.00711133,0.0374255,0.00847953,0.00848712
0.00913572,0.00640134,0.00327806,0.0165008,0.0046615,0.0037643
0.0221466,0.0141536,0.0159347,0.0718498,0.0186132,0.0421172
0.00733808,0.00539551,0.00278718,0.00647047,0.000364669,0.00405128
0.0248461,0.0162824,0.0134905,0.0630526,0.0153287,0.0178199
0.0106064,0.00767072,0.00363209,0.0163847,0.00473959,0.00823513
0.0548967,0.0358949,0.044847,0.0789157,0.0196697,0.0937936
0.0228997,0.0149231,0.00777146,0.0522381,0.013275,0.0146707
0.00727321,0.00544688,0.00353552,0.00976951,0.00148604,0.00260719
0.00733767,0.00491602,0.00260762,0.0135255,0.00338229,0.000982848
0.00976424,0.00643252,0.00370794,0.0158273,0.00470226,0.00744389
0.0124226,0.00825327,0.0072237,0.0194771,0.00505798,0.00404957
0.00893788,0.00637128,0.00295703,0.0228702,0.00470111,0.00582614
0.0144291,0.00990629,0.00457639,0.0122903,0.00426975,0.00665686
0.0304983,0.0194118,0.0352604,0.176115,0.0474807,0.115989
0.0291356,0.01967,0.0184772,0.0653562,0.0174337,0.0290943
0.0389906,0.022396,0.0144285,0.0555643,0.0124532,0.0134338
0.0185164,0.0120862,0.0219334,0.11542,0.0305327,0.0135602
0.0426045,0.0277166,0.0135017,0.0593548,0.0145251,0.0119211
0.028504,0.0188361,0.0151858,0.0411268,0.00993779,0.0146567
0.00647277,0.004633,0.00441348,0.0284534,0.00849322,0.00463036
0.00813644,0.00571292,0.00327907,0.0155633,0.00335474,0.00209071
0.0412891,0.0252299,0.0252707,0.0703688,0.0183307,0.0226149
0.0308198,0.0194681,0.023078,0.0916141,0.0254917,0.0688982
0.0270942,0.0171586,0.0149445,0.0654363,0.0152783,0.0176269
0.00528329,0.00392955,0.00388467,0.0117561,0.00272532,0.00214273
0.0131236,0.00867452,0.00448205,0.0115006,0.00339598,0.00735895
0.00962174,0.00675355,0.00348165,0.0234888,0.00463743,0.0058709
0.0100484,0.00678982,0.0034507,0.0197103,0.00544229,0.00584115
0.0166814,0.0110789,0.00515006,0.0282233,0.00771468,0.00928666
0.017063,0.0116475,0.0140143,0.0486536,0.0125131,0.0186739
0.00730132,0.00539254,0.00176633,0.017087,0.00521939,0.00319331
0.0368035,0.0244442,0.0222855,0.111268,0.0303008,0.0394601
0.0291311,0.0189985,0.00924214,0.0326082,0.00897948,0.0105554
0.0264493,0.0169401,0.0123975,0.0702479,0.0177242,0.00862869
0.00894481,0.006081,0.0025015,0.0239716,0.00476709,0.00258297
0.0189131,0.0130063,0.0117165,0.0399428,0.00907045,0.0200407
0.014938,0.0100821,0.00473125,0.0213662,0.00477897,0.00592316
0.0247282,0.0172466,0.00717983,0.0276361,0.00798536,0.0116252
0.0446942,0.0274548,0.014766,0.0791064,0.0207458,0.00726466
0.0290696,0.0190541,0.00994636,0.0281581,0.00772641,0.0106103
0.011748,0.00814696,0.00406132,0.0190935,0.00520681,0.00439637
0.0224924,0.0145382,0.0186612,0.0744779,0.0194073,0.0201696
0.0279461,0.0182588,0.00876996,0.0390479,0.0119583,0.00780913
0.0201307,0.0132269,0.00646632,0.0300586,0.00875908,0.0154098
0.011002,0.00790457,0.00470118,0.0152826,0.00532608,0.00478259
0.0086899,0.00598295,0.00707483,0.0185142,0.00548366,0.010512
0.0825969,0.0349067,0.0357014,0.119494,0.0307525,0.0635769
0.0121948,0.00819527,0.00536961,0.0339533,0.00915186,0.0177393
0.00930354,0.00675299,0.00335223,0.0199673,0.00498412,0.0130203
0.026343,0.0147888,0.00809676,0.0337313,0.00854452,0.00649864
0.0293449,0.0147683,0.0092862,0.0411478,0.0102171,0.00666459
0.0152721,0.00806856,0.00532423,0.026328,0.00642619,0.0020244
0.0141312,0.00972049,0.0049757,0.033487,0.0076865,0.00818988
0.0139481,0.00901698,0.0214802,0.0725774,0.0188138,0.0128209
0.0118294,0.00814702,0.00417207,0.0155473,0.00360558,0.00206908
0.0133989,0.0091501,0.00264249,0.0258045,0.00565099,0.00490218
0.0206366,0.0144312,0.00668743,0.0214174,0.00462988,0.00330526
0.0170035,0.0108636,0.0333924,0.164967,0.0446834,0.068938
0.00834003,0.00601506,0.00298235,0.0166284,0.00513832,0.00426211
0.0403802,0.0264022,0.0146792,0.0378101,0.00848884,0.00761213
0.0203094,0.0137854,0.0224576,0.0930813,0.024956,0.0263861
0.00735018,0.00477374,0.00587262,0.0382231,0.00877609,0.00652328
0.0088941,0.00647155,0.00283968,0.0109619,0.00252619,0.00275336
0.00618418,0.00389336,0.00284645,0.0144345,0.0029015,0.00189552
0.0136891,0.00933951,0.00531802,0.0212527,0.00579369,0.0191927
0.0224287,0.0149295,0.00547629,0.0543413,0.0121293,0.0220144
0.00777388,0.00536974,0.00305763,0.0152331,0.00378228,0.00488858
0.0120063,0.00806054,0.00415114,0.0187863,0.00560467,0.00948859
0.0351474,0.0228656,0.0166082,0.0470039,0.0120543,0.0153562
0.0687622,0.0421054,0.0239986,0.105544,0.0268096,0.0309944
0.0401244,0.0255501,0.0172464,0.0945994,0.0238774,0.0228474
0.0305125,0.0200196,0.0102877,0.040842,0.0113339,0.00800899
0.0320728,0.0215026,0.00871985,0.0350478,0.00994953,0.0171796
0.010287,0.00713165,0.00713767,0.0715712,0.0162662,0.018978
0.00853745,0.00577138,0.00349079,0.00264167,0.00021541,0.00363989
0.00927733,0.00573621,0.00391824,0.0191883,0.00553842,0.00492645
0.0154959,0.00989903,0.00403592,0.0182129,0.00502243,0.00454876
0.0220405,0.0146274,0.0271147,0.103737,0.0270477,0.0122142
0.0282025,0.0187188,0.00857756,0.0264245,0.00780743,0.0195546
0.0161135,0.0110727,0.00482692,0.0213776,0.00519989,0.00668828
0.034215,0.021572,0.00928455,0.0680965,0.0176604,0.0280192
0.011593,0.00789916,0.00583825,0.0265562,0.00674192,0.00206699
0.0214279,0.0143409,0.0115747,0.0244542,0.00665888,0.00748019
0.00758635,0.00529666,0.00367706,0.0160641,0.00270404,0.00308572
0.0082911,0.00542287,0.00235196,0.0145499,0.00421053,0.00575427
0.0405524,0.0262167,0.0108566,0.046215,0.0126677,0.00889114
0.00869918,0.00586223,0.00337818,0.0238492,0.00631969,0.0024231
0.0422089,0.0255359,0.0169939,0.0818128,0.0200822,0.00878785
0.00972864,0.00673671,0.00428184,0.0119781,0.00277706,0.00137796
0.01276,0.00912852,0.00431241,0.025474,0.00548954,0.00245976
0.00705401,0.00473401,0.00320113,0.0296238,0.00728787,0.00593769
0.0139698,0.00912361,0.0174044,0.0915205,0.0215621,0.0146116
0.00573897,0.00364397,0.0018711,0.0182328,0.00427919,0.00375683
0.0058254,0.00391075,0.00317761,0.00566691,0.000710811,0.00167394
0.0118879,0.00832867,0.00406565,0.0106302,0.00231233,0.00212593
0.0140145,0.00965665,0.00458421,0.0267335,0.00532174,0.00357462
0.0169247,0.0115371,0.00785112,0.0278501,0.00633636,0.0373383
0.0111155,0.00726268,0.00366601,0.0193081,0.00557529,0.00233138
0.0341688,0.01513,0.0106907,0.0496114,0.0118168,0.0136886
0.0332542,0.0153105,0.0104013,0.0466891,0.0111402,0.0128424
0.0241201,0.0164245,0.00702689,0.0337727,0.0100031,0.0153765
0.0213683,0.0140022,0.0160196,0.0919168,0.0239203,0.0263964
0.00914159,0.00668729,0.00388689,0.0218172,0.00506454,0.00458189
0.0120977,0.00814164,0.00360733,0.0209673,0.00539362,0.00308192
0.0084843,0.00579692,0.00258256,0.0208635,0.00514791,0.00643341
0.0213371,0.0139987,0.0177177,0.0701895,0.0170614,0.0327729
0.00759377,0.0053606,0.00420338,0.0269969,0.00752858,0.0196421
0.00938633,0.00652877,0.00487227,0.0186344,0.00430148,0.0134545
0.0102121,0.00668741,0.00361886,0.0184636,0.00373901,0.00492265
0.00740919,0.00522137,0.00225164,0.0204262,0.00489925,0.00857206
0.00853946,0.0061969,0.00358942,0.019075,0.00499419,0.00801079
0.0286985,0.0194051,0.0138661,0.0530853,0.012114,0.01031
0.0119939,0.00823122,0.00477985,0.0150871,0.00438508,0.0033549
0.00695516,0.00475467,0.00252652,0.0118016,0.00244819,0.0021419
0.00633386,0.00445702,0.0028374,0.0116591,0.00349499,0.00273916
0.0258172,0.0178008,0.0164964,0.0671354,0.0186613,0.0238049
0.0529225,0.0306795,0.0226101,0.0759066,0.0201725,0.0178287
0.0112905,0.00750254,0.00323314,0.0260771,0.00647344,0.0023581
0.0372322,0.0243796,0.0132801,0.0532257,0.0136501,0.0286453
0.0102802,0.00716312,0.0037076,0.0144455,0.0041068,0.00186737
0.0111554,0.0074181,0.00362161,0.0193593,0.0041894,0.0118871
0.0131693,0.00881729,0.00493643,0.0266505,0.00617106,0.00438306
0.0174341,0.0116102,0.0146556,0.0219469,0.00404981,0.0332049
0.0295979,0.019771,0.0146674,0.0504414,0.0135752,0.0271297
0.0116062,0.00766871,0.00484734,0.0454618,0.0105846,0.0183508
0.00733733,0.00485312,0.0031784,0.0147712,0.00393294,0.01128
0.023802,0.0158461,0.0161779,0.0788939,0.0214955,0.0509311
0.00575936,0.00418975,0.00219305,0.0108163,0.00320369,0.00158545
0.0115659,0.00809437,0.0124433,0.0214055,0.00583846,0.00344743
0.0171749,0.0115855,0.00447051,0.0361313,0.00977329,0.00862287
0.018543,0.0124748,0.0111152,0.0432234,0.0100744,0.0202602
0.0212378,0.0140587,0.0125089,0.0670267,0.0188538,0.0333792
0.00756308,0.00514127,0.00212575,0.0168189,0.00419303,0.00571
0.010503,0.00711288,0.00483515,0.0391187,0.0099494,0.00658965
0.0101209,0.00663738,0.00431467,0.0335975,0.0104,0.0104772
0.0357458,0.0138179,0.0144333,0.0599062,0.0155215,0.00892198
0.0355719,0.0144078,0.0153797,0.0541115,0.0115621,0.00700243
0.018355,0.0119026,0.0154292,0.0674625,0.0182173,0.0179606
0.00814822,0.0061615,0.00503647,0.0224445,0.00541903,0.00141015
0.0114817,0.00792535,0.00313569,0.0195063,0.00568615,0.00563995
0.00873411,0.00616948,0.00264489,0.0139247,0.00428008,0.00535087
0.0328157,0.0216984,0.00996332,0.0457447,0.0109761,0.0165659
0.0537353,0.0300183,0.0546935,0.2119,0.0540719,0.0654141
0.0284834,0.0185551,0.0151431,0.0329385,0.0104132,0.0111043
0.0181185,0.0115691,0.0211276,0.0924547,0.0230046,0.0731171
0.0148916,0.00796042,0.00895916,0.0325163,0.00865532,0.0142017
0.00847025,0.00568373,0.00301225,0.0172934,0.00354312,0.00370102
0.0128775,0.00905587,0.00494806,0.0262957,0.00767865,0.00128336
0.0269413,0.0176921,0.0173784,0.0892994,0.0230468,0.0129399
0.01183,0.00830035,0.0041158,0.0153877,0.0032106,0.00423006
0.0343709,0.0179862,0.0150959,0.0631518,0.0176805,0.031207
0.0389612,0.0180222,0.016161,0.066094,0.0175495,0.0318974
0.0188619,0.0127157,0.00373669,0.0311108,0.00756607,0.00726449
0.0115843,0.00870091,0.00861827,0.0270936,0.00748855,0.00400868
0.0298459,0.0196913,0.00906296,0.0339949,0.00890815,0.0133169
0.0237845,0.0161318,0.00821345,0.0271437,0.00585626,0.00469779
0.0224153,0.0147112,0.00527762,0.0366353,0.00852278,0.00773044
0.00776413,0.00502446,0.00270526,0.0141826,0.00280762,0.00236056
0.0280972,0.0179585,0.0196296,0.0807968,0.0219707,0.0130751
0.0315287,0.0208486,0.010391,0.0608379,0.0172688,0.0249601
0.00642669,0.00476035,0.00380479,0.0252537,0.00681977,0.0054669
0.00652999,0.00447884,0.00360927,0.0127698,0.00323792,0.00571053
0.0142054,0.009777,0.00483279,0.0149219,0.00475725,0.00287226
0.00558986,0.00393492,0.00294859,0.0114839,0.0016661,8.30857e-05
0.0171489,0.00843131,0.00552833,0.0312246,0.00745612,0.0101284
0.0106082,0.00721854,0.00604824,0.0168479,0.0064106,0.00665649
0.0323508,0.0207843,0.027797,0.135501,0.0351814,0.0372379
0.0311705,0.0197779,0.0335449,0.140266,0.0370713,0.0885268
0.0262064,0.0172855,0.00896285,0.0354115,0.00931327,0.0064689
0.0126288,0.00871213,0.0115669,0.0536524,0.0139815,0.0106232
0.0107991,0.00722348,0.00388652,0.0265432,0.00713698,0.0201031
0.0238708,0.0123821,0.00825547,0.0420747,0.011051,0.0231502
0.00493581,0.00385258,0.00338819,0.0313243,0.0073628,0.0106324
0.00648928,0.00451157,0.00293132,0.0213875,0.00555339,0.00680121
0.0294084,0.0185968,0.0133888,0.0370711,0.00990097,0.0180531
0.0269793,0.0174168,0.0114449,0.0638347,0.0143042,0.0160989
0.0103202,0.00711283,0.00394673,0.0239749,0.00519237,0.00407528
0.00728941,0.00505016,0.00376796,0.0162398,0.00455174,0.0053134
0.0158044,0.0107167,0.00625551,0.0277499,0.00706233,0.0048347
0.00924727,0.0060418,0.0224414,0.0787385,0.0201846,0.0300705
0.0212805,0.0140402,0.0157715,0.0709096,0.0198009,0.0340957
0.0125231,0.00808037,0.00680087,0.0225778,0.00513126,0.00500801
0.00498196,0.00356817,0.00132277,0.0165393,0.00432901,0.00181761
0.013443,0.00893004,0.00540764,0.0182644,0.00557389,0.0155645
0.0148995,0.0105623,0.00569824,0.00888411,0.000839121,0.00869194
0.0128279,0.00867578,0.00324103,0.02248,0.00492635,0.00987737
0.00503491,0.00338792,0.00272959,0.0148261,0.00400263,0.00312428
0.00458183,0.00314918,0.00253802,0.0139792,0.00277569,0.00405551
0.0121953,0.00785072,0.00441329,0.0410427,0.0115834,0.00355639
0.0145451,0.00986109,0.0103104,0.0423792,0.0111536,0.0207138
0.0108465,0.00710999,0.0037613,0.0178626,0.00319143,0.00398056
0.0330192,0.0203229,0.0119903,0.0534674,0.0110123,0.00811219
0.0341538,0.0220797,0.00860221,0.0547515,0.0150803,0.0173941
0.00809294,0.00577148,0.0022212,0.0167055,0.00465788,0.0042872
0.0231831,0.0152861,0.0140186,0.105237,0.0276442,0.0161951
0.00660793,0.00478503,0.00233259,0.030407,0.00718084,0.0123431
0.00909596,0.00626609,0.00420657,0.0184732,0.00325742,0.00338533
0.0118646,0.00829919,0.00561125,0.0202004,0.00360242,0.00704537
0.0196038,0.0134572,0.0105174,0.0342167,0.0094503,0.0102311
0.0121658,0.00887047,0.00431652,0.0201317,0.00686639,0.0135677
0.0347499,0.0184136,0.0142107,0.0722744,0.0230882,0.0217498
0.0410275,0.0195154,0.0206758,0.1108,0.0284426,0.0309475
0.0318471,0.0203857,0.0205287,0.107094,0.0267643,0.0282291
0.0108065,0.00748688,0.00312909,0.0236305,0.0052685,0.00534176
0.00687549,0.0045716,0.00337136,0.0050915,0.00088697,0.0026809
0.026935,0.0172052,0.0134877,0.0672541,0.0179625,0.0239261
0.0118989,0.00841421,0.00461893,0.0177392,0.00531403,0.00334418
0.00911873,0.00616858,0.00885963,0.0469242,0.0116777,0.0131485
0.0239949,0.0154036,0.0180673,0.0785377,0.0195886,0.0302693
0.0191828,0.0129472,0.0194965,0.0522496,0.0137428,0.00850697
0.00814372,0.00603818,0.00128544,0.0139685,0.00438693,-0.000236014
0.0078053,0.00542299,0.00306979,0.0137203,0.00367732,0.00280432
0.0152168,0.0106532,0.00542622,0.0224546,0.00603511,0.0140406
0.0212868,0.0142951,0.00727471,0.0744894,0.0193486,0.0133202
0.0212723,0.0143847,0.00986207,0.0590939,0.0147097,0.00957812
0.0193962,0.013342,0.022951,0.10655,0.0267334,0.0382173
0.00945369,0.00648078,0.00310423,0.0151836,0.00340227,0.00441191
0.0218292,0.0152277,0.0109948,0.0385648,0.00956533,0.00904622
0.0268033,0.0180303,0.00856142,0.0262694,0.00769997,0.0192826
0.0122712,0.00561854,0.00721293,0.0253514,0.00769388,0.00748359
0.0122842,0.00562816,0.00752825,0.0241857,0.00568458,0.00637404
0.00864758,0.00650134,0.00456965,0.0220046,0.00427621,0.00404749
0.0102164,0.0072115,0.00362511,0.0168084,0.00407337,0.00529969
0.0195431,0.0138144,0.0161774,0.0565426,0.0141892,0.0172946
0.0133911,0.00945149,0.00548191,0.0229294,0.00615188,0.00489364
0.0220861,0.013685,0.0144408,0.078035,0.0192425,0.0187367
0.0220922,0.015043,0.00642603,0.0346146,0.00996798,0.0150132
0.0147354,0.0100914,0.0116384,0.0345025,0.00976767,0.0210283
0.00989175,0.00683163,0.00754172,0.0229416,0.00564891,0.00480753
0.0109264,0.0077469,0.00321906,0.0219039,0.00517018,0.00533911
0.0182563,0.0124758,0.00557961,0.0316198,0.00951087,0.00592053
0.0123218,0.00835588,0.00413896,0.0285495,0.00758355,0.00356818
0.00727561,0.00529923,0.00501509,0.0131581,0.00319357,0.000607393
0.00827191,0.00570195,0.00226026,0.0220922,0.00685666,0.00682536
0.0282649,0.0185516,0.0248749,0.103247,0.0308852,0.0308741
0.00820507,0.00444323,0.00317694,0.0221203,0.0047241,0.00274389
0.0103807,0.00756298,0.00324264,0.0217028,0.00530096,0.00456015
0.00744763,0.00531272,0.00499135,0.0367945,0.00891224,0.0125299
0.0134317,0.00962849,0.00379857,0.0189865,0.00579602,0.0092168
0.0390701,0.0230605,0.0373374,0.148654,0.0392955,0.050997
0.0150012,0.0100933,0.00887707,0.0688146,0.017326,0.0122057
0.00979445,0.00639145,0.00333168,0.0134727,0.00280822,0.00482681
0.0477943,0.0301217,0.0136167,0.0453434,0.0115802,0.0202977
0.01178,0.00843536,0.00358686,0.0186502,0.00601248,0.0090648
0.0167768,0.0111605,0.00444702,0.0501225,0.0140491,0.0111641
0.0568892,0.0286634,0.023906,0.153149,0.0381407,0.0251606
0.0164607,0.0112967,0.0134388,0.0846158,0.0225809,0.021097
0.0168196,0.011184,0.00489534,0.0268958,0.00620193,0.00406316
0.046049,0.0273298,0.0335444,0.154318,0.0358353,0.0409839
0.0156898,0.0107428,0.00552311,0.0244179,0.00691739,0.00828258
0.00936097,0.00677202,0.00293853,0.0231932,0.00454805,0.00416609
0.0127541,0.00839003,0.00546683,0.0296966,0.00620095,0.00661432
0.00963363,0.00543341,0.00340683,0.00583513,0.00102227,0.00626073
0.0223505,0.0153552,0.00937346,0.0504928,0.0113451,0.00945844
0.0438656,0.0281209,0.0158844,0.0434095,0.0107494,0.0147876
0.0252269,0.0163307,0.00858818,0.029981,0.0075269,0.0135755
0.0103252,0.00719943,0.00393912,0.0155932,0.00457442,0.001325
0.010465,0.00698772,0.00341134,0.028461,0.00703732,0.00548758
0.00606669,0.0039908,0.00169618,0.0134625,0.00307323,0.000529689
0.0102233,0.00737021,0.00371752,0.0226538,0.00523172,0.00337264
0.00949998,0.00649694,0.00348828,0.0187597,0.0043166,0.00279832
0.0150203,0.00962202,0.00958764,0.0541728,0.0144327,0.0115462
0.0206663,0.0140553,0.005614,0.0261098,0.00767072,0.00321224
0.00918217,0.00664393,0.00718955,0.0265975,0.00599749,0.00851998
0.0288024,0.0193204,0.00816037,0.0461187,0.0105789,0.010209
0.0091879,0.00611124,0.0034008,0.0157686,0.00413671,0.00586885
0.0148005,0.0105279,0.0106752,0.0686437,0.0196026,0.0464747
0.0146184,0.0100113,0.0147168,0.0351627,0.0105414,0.00975902
0.0313939,0.0204591,0.00864639,0.039193,0.00957152,0.0140616
0.0293008,0.0188966,0.010464,0.0364707,0.00799758,0.0169781
0.0150169,0.0101426,0.00943583,0.0471515,0.0113931,0.00489645
0.0209377,0.0146374,0.00688956,0.0434947,0.011245,0.0125289
0.0331746,0.0150829,0.013128,0.0738934,0.0187365,0.0400434
0.0337578,0.015028,0.0131688,0.0737252,0.0173123,0.0377982
0.0162157,0.0110899,0.00602362,0.0278252,0.00862538,0.00492736
0.0230031,0.0117148,0.00753677,0.0395019,0.011297,0.0127677
0.00619238,0.00437069,0.00305467,0.0195996,0.00376327,0.00369971
0.0244146,0.0159609,0.013903,0.0575781,0.015564,0.0257913
0.0180002,0.0122761,0.00601338,0.0239538,0.00692058,0.00531087
0.0181357,0.0117429,0.00807667,0.0280897,0.00783697,0.00625165
0.0101807,0.00675982,0.00353985,0.0242027,0.00461411,0.00366073
0.0117746,0.00810017,0.00446931,0.0243685,0.00723316,0.00845211
0.0138552,0.00941659,0.00514032,0.0258736,0.00732004,0.00470366
0.0182769,0.0118228,0.0209286,0.139643,0.0359072,0.0262628
0.012475,0.00848602,0.00478863,0.018494,0.0055884,0.00511674
0.00763599,0.00559693,0.00333556,0.0160207,0.00398177,0.00294413
0.0373122,0.023067,0.023959,0.0916315,0.022302,0.0304445
0.0124841,0.00860521,0.00224597,0.0245738,0.00765387,0.00662034
0.0127858,0.00857607,0.00645252,0.0463759,0.0114997,0.0259973
0.007979,0.0055637,0.0033394,0.0190566,0.00463363,0.010394
0.0172598,0.011427,0.0133002,0.0608431,0.0159345,0.0153566
0.0126602,0.00864036,0.0044687,0.0232894,0.00543587,0.0157264
0.00425448,0.00310168,0.00406295,0.0170722,0.00424286,0.00377867
0.0180132,0.0116764,0.00943829,0.0583123,0.0147123,0.0211008
0.0093585,0.00656605,0.00340777,0.014984,0.00341113,0.00187772
0.0152887,0.0107457,0.0124173,0.0341098,0.00901004,0.017906
0.0197014,0.0131567,0.00683589,0.0345442,0.00600438,0.00984718
0.0132773,0.00889737,0.00522514,0.0375441,0.00871926,0.00333593
0.0309344,0.0205744,0.0122073,0.0439621,0.0128461,0.0294053
0.00686117,0.00486025,0.00239786,0.0147255,0.00350272,0.00388367
0.0181732,0.0127249,0.00807414,0.0325267,0.00746684,0.00600663
0.0532256,0.0265756,0.0260464,0.0992954,0.0259181,0.0260338
0.00834509,0.00590014,0.00432139,0.0186477,0.00427772,0.00560189
0.00996014,0.0065656,0.00365988,0.0247295,0.00546096,0.00591811
0.0240223,0.01302,0.00886978,0.0373289,0.00822037,0.0109138
0.0213699,0.0111917,0.00795161,0.0263626,0.00615397,0.00760824
0.00673671,0.00470516,0.00393686,0.0242691,0.00858311,0.0103987
0.0316745,0.0181208,0.0129022,0.0626632,0.0188313,0.020522
0.046025,0.0259155,0.0164161,0.0728486,0.0168501,0.0156985
0.00514069,0.00343014,0.00125552,0.0168393,0.00483931,0.00725585
0.0078528,0.00548827,0.00491006,0.0311521,0.0108754,0.00514305
0.0343058,0.0217978,0.0101983,0.0437425,0.0104024,0.0123997
0.01001,0.00710101,0.00329551,0.0237202,0.00456898,0.00819512
0.0158473,0.0104343,0.019555,0.0640345,0.0149647,0.0251497
0.0144666,0.0103553,0.00467667,0.0157106,0.00517491,0.00387223
0.026645,0.0164669,0.0307536,0.163676,0.0434738,0.0128942
0.0331711,0.0207814,0.01334,0.0537704,0.0128906,0.0151114
0.0125753,0.00870759,0.00267957,0.0265291,0.00742024,0.00667647
0.0200033,0.00958793,0.00757855,0.0408879,0.0112645,0.00668282
0.0202176,0.0095058,0.0073985,0.0392046,0.0101994,0.00629849
0.0185557,0.0125186,0.013715,0.0411439,0.0108214,0.0111945
0.0133311,0.00910556,0.00347178,0.0232299,0.0069633,0.0095811
0.0107306,0.00738822,0.00205688,0.0247621,0.00652038,0.0042626
0.00927951,0.00612368,0.00663921,0.0418515,0.00919218,0.0203196
0.0590207,0.0360499,0.0247896,0.119064,0.029961,0.0288597
0.0224606,0.0146404,0.00687905,0.0428512,0.00980657,0.0203883
0.0110672,0.00679672,0.00385042,0.0192496,0.00631483,0.00578421
0.00986585,0.00707888,0.00593667,0.0315017,0.00633597,0.00529376
0.0250607,0.0173986,0.0180169,0.0435224,0.0105625,0.0223281
0.0130076,0.00897676,0.00402993,0.0191052,0.00452028,0.00345105
0.0114215,0.00766082,0.0206187,0.0700864,0.0180023,0.0316817
0.00654624,0.00469176,0.00364588,0.0178394,0.00581089,0.00356025
0.0420093,0.0233635,0.0153125,0.0817441,0.0202098,0.0314814
0.0191999,0.0126932,0.00752246,0.0355408,0.00853251,0.0127776
0.0140413,0.0100225,0.00404084,0.022258,0.00624742,0.00436168
0.0255509,0.0173896,0.00863447,0.0269119,0.00797768,0.00953212
0.00712278,0.00490343,0.00231712,0.0272993,0.0104583,0.0202242
0.0172211,0.0115336,0.0249308,0.105395,0.0274499,0.0601488
0.0145479,0.0103155,0.00487574,0.0199782,0.00530586,0.00571378
0.0109791,0.00793103,0.00344472,0.0253049,0.0059447,0.00700151
0.0134783,0.00980995,0.0145669,0.0418426,0.0103866,0.012267
0.0125468,0.00840686,0.00462043,0.0345154,0.00804844,0.00907844
0.0197376,0.0128191,0.00410007,0.0430606,0.00996586,0.00649919
0.0120256,0.00832547,0.00478925,0.0152663,0.00425804,0.00764821
0.026751,0.016668,0.0104245,0.0731851,0.0153089,0.0134561
0.0164674,0.00720401,0.00530578,0.027963,0.00574474,0.0130854
0.0215625,0.0143261,0.0176672,0.0843642,0.0193134,0.0449602
0.0116033,0.00776415,0.00484118,0.0328252,0.00875628,0.0103087
0.00641867,0.00420996,0.00323348,0.0173822,0.00381704,0.00354632
0.0106441,0.00767916,0.00242385,0.0177553,0.00490699,0.00241524
0.0639614,0.0294058,0.0215711,0.131481,0.0370663,0.0300077
0.0580032,0.0286789,0.0198871,0.107795,0.0282692,0.0247369
0.0221112,0.0148012,0.0189716,0.0823278,0.0207447,0.0170228
0.0237541,0.00975404,0.0101977,0.0586243,0.0170094,0.0140934
0.0322843,0.017315,0.013591,0.0673886,0.0153545,0.0189353
0.0513673,0.0247406,0.0140324,0.0835846,0.0218268,0.0245597
0.0109428,0.00760206,0.0068955,0.058312,0.0143859,0.00683519
0.029135,0.0188895,0.0151213,0.0674124,0.017538,0.00697036
0.0241783,0.0158729,0.00716029,0.0374954,0.0103085,0.0125261
0.0129739,0.00919003,0.00639695,0.0249174,0.00583316,0.00911852
0.00553775,0.00382571,0.00253594,0.018338,0.00341765,0.00634788
0.00850861,0.0059242,0.0118849,0.0216619,0.00537533,0.00615532
0.0128301,0.00872811,0.00457138,0.0198936,0.004788,0.00868097
0.00574105,0.00396044,0.00220656,0.0219416,0.00325714,0.00377208
0.0115528,0.0077336,0.0030374,0.0268191,0.00665258,0.00488987
0.0141359,0.0091122,0.0175487,0.0641528,0.017019,0.0332042
0.0544778,0.0310423,0.043217,0.210991,0.0526487,0.0596805
0.0122862,0.00851518,0.00344554,0.0163049,0.00453429,0.00603008
0.0187625,0.0119503,0.0106711,0.0294932,0.00777662,0.00702838
0.0119186,0.00668965,0.0049238,0.0146649,0.00329634,0.00401262
0.0104099,0.0072056,0.00463942,0.00109077,0.00101388,0.0118914
0.00421186,0.00325574,0.00194173,0.00584301,0.00305272,0.00205206
0.0464231,0.0292571,0.0181781,0.0732349,0.0197211,0.0302807
0.00937346,0.00660941,0.00292605,0.0149057,0.00330207,0.00263431
0.0229398,0.015506,0.0235163,0.0955776,0.024295,0.0219169
0.0095822,0.00641906,0.00398132,0.00456661,0.00116234,0.00399504
0.0181289,0.0122878,0.00552653,0.0294849,0.00861429,0.00960265
0.0105723,0.00709118,0.00392051,0.0202438,0.00391376,0.00569779
0.00852918,0.00623993,0.00507061,0.0310357,0.00790904,0.00358213
0.0101557,0.00714623,0.00307551,0.0243083,0.0075546,0.00422618
0.00947842,0.00676523,0.00388542,0.0246707,0.00473774,0.00478712
0.0216114,0.0148514,0.0100239,0.0392009,0.0112891,0.00653409
0.0269683,0.0179213,0.0108748,0.0468259,0.0125421,0.0188744
0.0284541,0.0186584,0.0112386,0.0483753,0.0126862,0.0195755
0.00506239,0.00384674,0.00173826,0.0154407,0.00373051,0.00124916
0.027595,0.0123903,0.0344465,0.100408,0.0279108,0.0323993
0.028432,0.0119795,0.0305961,0.0560393,0.0122157,0.0445122
0.0140787,0.00941269,0.00396905,0.0199012,0.00523096,0.00589504
0.0206202,0.0143319,0.0107038,0.049525,0.0124773,0.020286
0.0141526,0.00987244,0.00343419,0.0191014,0.00538645,0.0136124
0.0422516,0.0255503,0.030039,0.101131,0.0291267,0.0389839
0.020761,0.0143372,0.00930131,0.0451708,0.0113733,0.00298193
0.0199831,0.0130478,0.00640476,0.0201254,0.00586824,0.00621091
0.0155039,0.0106574,0.00328777,0.0164586,0.00518798,0.00365904
0.0244744,0.0159904,0.0277039,0.0972009,0.025785,0.0352254
0.0299074,0.0196996,0.0122692,0.0629986,0.0168358,0.0150856
0.0107653,0.00767187,0.00448089,0.0278205,0.00719104,0.00503025
0.0133806,0.00868327,0.00377728,0.0362812,0.00832664,0.00395331
0.0508724,0.0296017,0.0317087,0.0858097,0.0213824,0.0349104
0.0142597,0.00691578,0.00595452,0.0221948,0.00582266,0.00777823
0.0109026,0.00769841,0.0037802,0.0262413,0.00542422,0.00364318
0.01066,0.00729276,0.00443208,0.0238407,0.00657965,0.0116727
0.00872583,0.00623229,0.00650854,0.0263893,0.00543794,0.00703874
0.00508665,0.00376325,0.00295789,0.0127083,0.00426643,0.00188648
0.00557933,0.00385951,0.00256819,0.0180855,0.00308445,0.00062749
0.0467103,0.0250372,0.0213684,0.0798302,0.020933,0.0355838
0.0143405,0.00976012,0.0226799,0.0972537,0.0262841,0.0436853
0.0311826,0.0201333,0.00753381,0.0553398,0.014935,0.00779836
0.029538,0.0183049,0.0463846,0.148781,0.0372444,0.0443789
0.00895205,0.00587544,0.00271937,0.0267411,0.00752316,0.00921842
0.00791479,0.00571741,0.00231602,0.0147981,0.0032966,0.00505007
0.0389287,0.0246381,0.0224375,0.109598,0.0275749,0.0240912
0.0251574,0.0161548,0.00777567,0.0489,0.0115391,0.00989953
0.0155645,0.0106333,0.0106336,0.0292215,0.00769397,0.00583858
0.0165293,0.0114548,0.00808254,0.0243412,0.00581334,0.009774
0.00602812,0.0044959,0.0029362,0.00898946,0.0035104,0.00517859
0.0407537,0.0254075,0.0113767,0.0530019,0.0139021,0.021314
0.0132573,0.00914222,0.00557964,0.026422,0.00640709,0.0122675
0.0213848,0.0145536,0.00854043,0.0343652,0.00937465,0.0115571
0.0285695,0.0173709,0.0297282,0.133263,0.0338265,0.0619799
0.0187162,0.0118499,0.0141667,0.0821242,0.0233054,0.0344202
0.0143441,0.0100502,0.00570434,0.0128716,0.00374842,0.00391934
0.0231294,0.015202,0.00574689,0.0412262,0.0101364,0.00590101
0.0134669,0.00932825,0.00512223,0.0191295,0.00513624,0.00246456
0.0143427,0.0100266,0.00994909,0.00929091,0.00230303,0.0100514
0.0643115,0.0369038,0.0368307,0.0855258,0.0220402,0.0313692
0.00790541,0.00557282,0.0040639,0.0219841,0.00432807,0.0070697
0.0222424,0.0145136,0.0137974,0.0575002,0.0155133,0.0216625
0.0306812,0.0165347,0.0258325,0.139276,0.0362086,0.0976596
0.0259395,0.0135543,0.0182826,0.0713668,0.013252,0.0481998
0.00894213,0.00628342,0.00223373,0.0268489,0.00586972,0.00515701
0.0267544,0.0184554,0.0106622,0.0473747,0.0129663,0.0105856
0.011951,0.00839792,0.00450612,0.0401777,0.0113523,0.017019
0.0434113,0.0217877,0.0153463,0.0553474,0.0155638,0.0127669
0.00672715,0.00449116,0.002926,0.0379666,0.0151207,0.0315617
0.00614059,0.00430359,0.00234304,0.0179041,0.00373223,0.00363633
0.00972362,0.00653784,0.0037987,0.0217801,0.00584607,0.00232702
0.00810196,0.00551537,0.00345833,0.0179421,0.00523702,0.00763813
0.00773507,0.0052271,0.00199713,0.0123168,0.0034876,0.00212434
0.0335236,0.0143108,0.0173414,0.0890745,0.022466,0.0217352
0.00959864,0.00645179,0.00308328,0.0240714,0.00652092,0.00854005
0.00907225,0.00657713,0.00871365,0.0297399,0.00756035,0.0204864
0.0584166,0.0336603,0.0394995,0.142512,0.0377119,0.0301518
0.0215713,0.0142611,0.00925889,0.0535208,0.0151208,0.0147204
0.0165072,0.011607,0.00542088,0.02842,0.00731678,0.00435396
0.00536121,0.00381456,0.00196692,0.0196059,0.00483691,0.0057308
0.0212174,0.0139537,0.0269385,0.0864539,0.0258597,0.0560941
0.00780925,0.0058288,0.00336638,0.00168685,-0.000172031,0.00627423
0.0217649,0.0146112,0.00934056,0.0219884,0.00516745,0.00821923
0.0082463,0.00595183,0.00393939,0.0467279,0.010686,0.0110947
0.0173996,0.0115089,0.00452255,0.0280577,0.00686451,0.00671099
0.0176141,0.0121255,0.00585107,0.0224462,0.0068981,0.00420969
0.02097,0.0137578,0.00677424,0.0299786,0.00727485,0.0109774
0.00673353,0.00454984,0.00331053,0.0175699,0.00456324,0.00718549
0.0140035,0.00986468,0.00477034,0.0218993,0.00514685,0.00852082
0.0261989,0.0175864,0.0111636,0.0339907,0.0097995,0.00471324
0.0207148,0.0135025,0.00647959,0.0247757,0.00665072,0.0066228
0.0293568,0.0188868,0.00724723,0.0437817,0.0106756,0.0176783
0.0180253,0.0121779,0.0157772,0.0707104,0.0200178,0.0174741
0.0258006,0.017054,0.00859648,0.0513624,0.0123235,0.0056583
0.0206485,0.0131655,0.0153422,0.0963093,0.0234739,0.0402337
0.0150194,0.0101328,0.0128106,0.0573374,0.0144512,0.0249497
0.0162327,0.0110117,0.00450317,0.0280211,0.00667594,0.00597781
0.0110977,0.00767021,0.00376005,0.0172338,0.00543511,0.0065222
0.0378459,0.02508,0.0109994,0.0679949,0.0184317,0.0144173
0.0254125,0.0170321,0.00669788,0.0386802,0.0107225,0.00969332
0.0201266,0.0133674,0.0159339,0.0596909,0.0151585,0.0354983
0.00832749,0.00512222,0.00287951,0.0204666,0.00392276,0.0100158
0.0304895,0.0195937,0.0181298,0.0895107,0.0251767,0.0349999
0.0146834,0.00986968,0.00381873,0.022286,0.0077736,0.0125464
0.0126236,0.00878186,0.005189,0.0182322,0.00520821,0.00775887
0.0127825,0.00903658,0.00420971,0.0157054,0.00428994,0.00535532
0.0122947,0.00832913,0.00646086,0.0249229,0.00745767,0.00594903
0.00745571,0.00512377,0.00391773,0.014002,0.00450533,0.00138642
0.00458615,0.00317809,0.00160139,0.0101881,0.00402663,0.00228631
0.00718379,0.00504975,0.00267219,0.0128381,0.00311735,0.00160392
0.0243211,0.0161837,0.00720228,0.0317135,0.00697649,0.0117805
0.0216401,0.0143687,0.00719115,0.0386091,0.00927261,0.00489708
0.0131056,0.00923529,0.00437831,0.0209146,0.00514226,0.00350046
0.0250293,0.0168741,0.00675769,0.0332126,0.00799141,0.0148815
0.0161488,0.0109597,0.00521257,0.0322343,0.00729324,0.00964741
0.0164018,0.0106652,0.0083648,0.0566414,0.0149006,0.00934324
0.017177,0.0118325,0.00799017,0.013002,0.0044029,0.00524199
0.0174123,0.0119963,0.00970467,0.0521859,0.0147244,0.0364474
0.00784646,0.00562405,0.00476001,0.0381579,0.00979962,0.00826087
0.0251836,0.0162022,0.008307,0.0169679,0.00536709,0.0132436
0.0248846,0.0170722,0.0112558,0.0344983,0.0113174,0.00873333
0.00492894,0.00339817,0.0021198,0.0121846,0.00484059,0.00313131
0.00985943,0.00717884,0.00340553,0.0226278,0.00519866,0.0128954
0.0396698,0.0249243,0.0173543,0.0867316,0.0230181,0.0115192
0.0376062,0.0247746,0.0113051,0.0514438,0.0149188,0.0304078
0.00490101,0.00367086,0.00285803,0.0136867,0.00168291,0.00169542
0.0267045,0.0180088,0.0131176,0.0504683,0.0128545,0.0109794
0.0122448,0.00885285,0.00677779,0.0289308,0.00803158,0.00784087
0.024019,0.0164847,0.00933559,0.028474,0.00846267,0.0183733
0.00585661,0.00448429,0.00374449,0.0385138,0.00933351,0.00794384
0.01777,0.0122245,0.00446763,0.00899962,0.00109071,0.0083041
0.0244432,0.0161582,0.00937621,0.0344581,0.00920712,0.0168173
0.0149486,0.0106545,0.00471789,0.0193506,0.00496841,0.0079789
0.0107727,0.00750734,0.00464813,0.0186187,0.00591569,0.0149477
0.0289485,0.0188935,0.0171769,0.0633512,0.0186409,0.0250489
0.0517552,0.0287576,0.0361654,0.174397,0.045049,0.0633171
0.0135201,0.00933306,0.00476035,0.0249957,0.00581413,0.00408404
0.0332035,0.0220694,0.0111008,0.0583098,0.0119794,0.018977
0.0141839,0.00945971,0.00516193,0.0283907,0.0069626,0.00710869
0.0159337,0.0113345,0.00351826,0.0270703,0.00898695,0.0161287
0.0121265,0.0081821,0.00468072,0.0307581,0.00885038,0.00462818
0.00899254,0.00646003,0.00305308,0.0160154,0.00439821,0.0013305
0.0109286,0.00671091,0.00785805,0.0513224,0.0136749,0.0100265
0.0146976,0.00907288,0.00408445,0.0302362,0.0080718,0.00906952
0.0377658,0.0248566,0.00957504,0.0510167,0.0111879,0.0187694
0.0295607,0.017607,0.0208338,0.0593969,0.0164624,0.0219796
0.0197753,0.0132971,0.00555384,0.0442328,0.00778768,0.00973182
0.0117105,0.00783326,0.00334638,0.0243855,0.00702151,0.00449179
0.0108795,0.00764579,0.00248831,0.0137808,0.0041597,0.00310162
0.00784027,0.00584837,0.00391378,0.0216306,0.00684758,0.0095526
0.0149832,0.0107608,0.00616754,0.0233194,0.00764416,0.00992369
0.032269,0.0148066,0.0124874,0.0650834,0.0146899,0.0191943
0.0150971,0.0104738,0.00460875,0.0179437,0.00363636,0.0122388
0.015058,0.00999648,0.00498102,0.0324506,0.00722761,0.00428796
0.0306162,0.0125631,0.0166561,0.0893446,0.0265604,0.0441253
0.0338554,0.0149209,0.0159251,0.0715496,0.0171367,0.0331574
0.00982895,0.00691035,0.00328974,0.0135587,0.00482816,0.00428391
0.0435785,0.0261927,0.0205435,0.0870319,0.0235215,0.0288672
0.028419,0.0189068,0.00941324,0.0262337,0.00795434,0.00753925
0.0188454,0.0113921,0.00647876,0.0345549,0.0104007,0.00714283
0.0145235,0.00622093,0.0053995,0.0150056,0.00489995,0.0069489
0.00520897,0.00352268,0.00583804,0.0238407,0.00570249,0.00871665
0.019749,0.00916522,0.0173035,0.0554138,0.0161555,0.0122043
0.031098,0.018079,0.01513,0.0375495,0.0103283,0.00905585
0.0156015,0.0105327,0.00550856,0.0281706,0.00749549,0.00528943
0.026386,0.0178695,0.012986,0.0413306,0.0109809,0.0162856
0.0226729,0.0153388,0.010547,0.0639884,0.0204541,0.0128873
0.018033,0.0124167,0.0328797,0.139654,0.0374901,0.0764885
0.0141304,0.00990671,0.00650451,0.0381577,0.0113649,0.00741685
0.0124834,0.00831773,0.00895828,0.0409044,0.00991251,0.00489269
0.014215,0.00978702,0.00550504,0.0447391,0.0114444,0.00627371
0.0163187,0.0109628,0.0256867,0.102267,0.025725,0.0276178
0.00737232,0.00550941,0.00517915,0.0162053,0.0035481,0.00561462
0.012804,0.00911747,0.00559968,0.0166886,0.0053701,0.00864585
0.0107711,0.00740033,0.00373054,0.0192418,0.00504378,0.00312156
0.0116161,0.00704739,0.00412776,0.0220865,0.00623102,0.0111932
0.0126295,0.00721519,0.0074442,0.0437355,0.0111397,0.00615583
0.0307392,0.0201693,0.0107882,0.0275482,0.00852222,0.0151283
0.0255623,0.0171649,0.00794305,0.0321845,0.0106419,0.0183484
0.0154746,0.0105973,0.00306843,0.0307138,0.00839316,0.00584822
0.0160429,0.011328,0.00675562,0.0306149,0.00713976,0.00511769
0.00972006,0.00683781,0.00428973,0.0140888,0.00383049,0.00268352
0.00820612,0.00571994,0.00362269,0.0144586,0.00449301,0.002414
0.00916956,0.00626556,0.00366428,0.0303681,0.00775461,0.00364921
0.00498298,0.00353304,0.00230696,0.0103209,0.00285457,0.00249015
0.0438507,0.0270261,0.0147584,0.0602459,0.0172868,0.0147371
0.00590005,0.00398306,0.00266818,0.011769,0.00321049,0.00263878
0.0127799,0.00838756,0.00534552,0.0252737,0.00589363,0.0075442
0.0474123,0.0288779,0.0122484,0.0675933,0.0204881,0.0141361
0.00581914,0.00425987,0.00595848,0.023375,0.005577,0.0170395
0.0130398,0.00887473,0.00895987,0.0469219,0.0132641,0.0342056
0.0247736,0.0156601,0.0283808,0.144703,0.0365529,0.0659385
0.00697152,0.00515846,0.00362956,0.0205506,0.00424816,0.00631754
0.0158295,0.0107663,0.00440301,0.0135709,0.00353614,0.00481439
0.0057932,0.00397935,0.00235062,0.00452633,0.000353751,0.00242378
0.0340976,0.0227509,0.0183087,0.0512649,0.0142606,0.0119954
0.0126975,0.00912359,0.00734245,0.0328187,0.00875814,0.0358383
0.0074408,0.0054734,0.00318602,0.0200797,0.00454576,0.00542076
0.0124651,0.00836908,0.00383438,0.0280571,0.00790043,0.00295289
0.020991,0.0136275,0.0180205,0.0623939,0.0157996,0.0104986
0.0210856,0.00907956,0.0143448,0.0453205,0.0131059,0.00898558
0.0183359,0.00692484,0.0112207,0.0341863,0.00779859,0.00650413
0.00871478,0.00594479,0.00578298,0.0175576,0.00528005,0.0043906
0.0125278,0.00817469,0.00436113,0.0184414,0.00598999,0.00568767
0.0385112,0.0244125,0.0147038,0.0631567,0.0147073,0.0257316
0.0074596,0.00531592,0.00320085,0.0193516,0.00474612,0.00317895
0.0114439,0.00778305,0.00416134,0.0256263,0.00668845,0.00385264
0.034028,0.01437,0.0142924,0.129598,0.0317158,0.0429284
0.0341712,0.0226456,0.0163924,0.0593535,0.0168268,0.0137913
0.012953,0.00865393,0.00263357,0.0260293,0.00560418,0.00982314
0.0117321,0.00846454,0.0104736,0.0407959,0.0099148,0.0154936
0.025842,0.0157998,0.018879,0.122604,0.0332358,0.0379826
0.00801381,0.00545718,0.00578213,0.0139944,0.00294522,0.00249886
0.0288057,0.0188491,0.00720954,0.0588312,0.0155722,0.00732246
0.0579451,0.0278553,0.0283666,0.156554,0.0358876,0.0319212
0.0134682,0.00940004,0.00688812,0.0222933,0.00582083,0.00555654
0.0214481,0.0105816,0.0083776,0.0370827,0.00929883,0.0061952
0.0200732,0.00790009,0.00759313,0.0277136,0.00560201,0.00545761
0.0115742,0.00807113,0.00527908,0.015345,0.00399109,0.00292403
0.0249267,0.0168939,0.0175996,0.0589505,0.0139008,0.0164365
0.0224287,0.0147193,0.013391,0.0399371,0.0109688,0.0064901
0.0190327,0.00844887,0.0187607,0.0819279,0.0202892,0.0211214
0.00748,0.00519591,0.00207845,0.0314212,0.0107202,0.0238189
0.00900664,0.00611495,0.00357826,0.0199503,0.00356459,0.00686915
0.00940036,0.00670606,0.00407156,0.019121,0.00516671,0.00659875
0.0325262,0.0206129,0.0248807,0.0924215,0.0256659,0.0296936
0.0215849,0.0150091,0.00571343,0.0428881,0.0105618,0.0314306
0.0303472,0.01939,0.0105149,0.0616221,0.0165346,0.0291682
0.00664998,0.00461112,0.00275165,0.016124,0.00375612,0.0039949
0.0244902,0.0165917,0.0117341,0.0581465,0.0152895,0.0204578
0.0449317,0.027415,0.0122301,0.0469364,0.013712,0.0222699
0.0215432,0.0151765,0.00983982,0.0409178,0.00955735,0.0156191
0.00361996,0.00303925,0.00163183,0.0182817,0.00385526,0.00411672
0.00910154,0.00634663,0.00258438,0.0220138,0.00539162,0.00850031
0.0219202,0.0139869,0.0147987,0.0510452,0.0125533,0.0127038
0.0100958,0.0072827,0.00450041,0.029149,0.00846045,0.00402195
0.00533994,0.00361532,0.00168065,0.0070541,0.000483735,0.00180271
0.0190569,0.0128027,0.00698132,0.046149,0.0119573,0.0130825
0.0211269,0.0148872,0.0109418,0.0346706,0.0100862,0.0241325
0.00629714,0.00476142,0.00225927,0.0219165,0.00516683,0.00651822
0.00663247,0.00467788,0.00332671,0.0150233,0.00325742,0.00514968
0.010428,0.00714466,0.00404104,0.0195868,0.00429627,0.00410186
0.0195432,0.0134863,0.00536389,0.0294366,0.00646792,0.00571972
0.008726,0.00580117,0.00625109,0.034582,0.0104357,0.00595756
0.00564911,0.00408438,0.00292055,0.0116813,0.00323195,0.00345979
0.00505436,0.00356912,0.00147962,0.0159321,0.00491511,0.00463014
0.0240822,0.0159839,0.00846495,0.0267941,0.00726724,0.0060062
0.0218495,0.0143411,0.00769724,0.0423509,0.00999261,0.00563436
0.0126645,0.00880513,0.00427078,0.0244997,0.00686241,0.00830184
0.0233327,0.0159466,0.00524929,0.033095,0.00807106,0.00226342
0.00623773,0.00448786,0.00148341,0.0156029,0.00358263,0.00521848
0.0134066,0.00761545,0.0119159,0.0427857,0.00972376,0.00536957
0.0116497,0.00800681,0.00322737,0.0176416,0.00447467,0.00618531
0.0115887,0.00777665,0.00417173,0.0235243,0.00541214,0.00661776
0.0121843,0.00847449,0.00354493,0.0209142,0.00611755,0.00738369
0.019134,0.0132689,0.0116882,0.0331414,0.00745985,0.0166861
0.0519492,0.0322534,0.0170372,0.0579242,0.0184278,0.0254075
0.0150329,0.00996984,0.00610082,0.0322464,0.00796057,0.00433668
0.0334739,0.0205541,0.0261846,0.0828422,0.0193715,0.0181034
0.00863877,0.0062099,0.00647643,0.0304432,0.00698327,0.00964209
0.00911028,0.00623762,0.00385699,0.0180838,0.0050626,0.00143813
0.0200126,0.0140483,0.00680177,0.0257575,0.00587406,0.0249511
0.00746014,0.00550243,0.00175295,0.0127719,0.00552451,0.00785843
0.0378592,0.0246178,0.0155703,0.0680696,0.0188701,0.0253348
0.0335203,0.0154242,0.0115582,0.0526558,0.0128798,0.0278534
0.0198979,0.0133635,0.00468319,0.0361795,0.00853712,0.00663808
0.0148541,0.0102734,0.00362071,0.0258157,0.00696469,0.0110447
0.00732149,0.00507754,0.0018591,0.0194544,0.00542797,0.00258282
0.0319841,0.0209649,0.0102629,0.0381573,0.0115881,0.0193538
0.0130959,0.00876515,0.00720291,0.0451465,0.0117234,0.0120065
0.0173658,0.0119204,0.00716874,0.0257174,0.00793354,0.0078937
0.0221134,0.0144507,0.00772547,0.0405909,0.0101082,0.00968548
0.0480065,0.0286816,0.0140004,0.0906373,0.0249364,0.0307739
0.0142619,0.00960103,0.0300861,0.0569487,0.0150874,0.0252145
0.0324126,0.0212168,0.0127411,0.0582346,0.0141777,0.0269333
0.00633967,0.00430146,0.00175002,0.0165245,0.0054912,0.0111551
0.0165822,0.0115501,0.00430558,0.0186404,0.00346431,0.00389607
0.018046,0.0122842,0.00578207,0.0352866,0.00839214,0.00835651
0.00768169,0.00555712,0.00657668,0.0314776,0.00742743,0.00366193
0.034762,0.0134332,0.0218245,0.0603698,0.0170811,0.0190982
0.0439802,0.0233174,0.021706,0.0714637,0.0192637,0.0270329
0.0122234,0.00826527,0.00529094,0.0225596,0.00665023,0.00502236
0.0213216,0.0145336,0.00758748,0.0237793,0.00563265,0.00827318
0.0210221,0.0140293,0.00624779,0.0370572,0.0119847,0.0122507
0.0268547,0.0181331,0.00719805,0.0433383,0.0108868,0.0193842
0.0407451,0.0271469,0.0221911,0.0842356,0.0210421,0.01325
0.0308891,0.0193024,0.0339938,0.137923,0.0377968,0.0505248
0.00710808,0.00470122,0.00428949,0.0154117,0.00441674,0.00112402
0.0133168,0.00885277,0.0118261,0.046761,0.012646,0.01394
0.0125598,0.00879735,0.00427026,0.0233663,0.00554516,0.0117619
0.00727757,0.00502432,0.00524529,0.0188741,0.00500889,0.00219165
0.0233385,0.0156897,0.0075846,0.0303174,0.00897872,0.00668541
0.0237424,0.0150592,0.0100675,0.0465131,0.0126908,0.00321159
0.00960542,0.00647525,0.00199777,0.0148451,0.00305813,0.00908598
0.0132514,0.00925894,0.00768478,0.0203555,0.00397734,0.00915555
0.0151572,0.0102659,0.00860345,0.0430603,0.0120479,0.00649152
0.0155199,0.0102938,0.00324603,0.0260624,0.00814098,0.00469393
0.0133389,0.00566654,0.00824617,0.0592049,0.0224476,0.0234056
0.0442016,0.0264091,0.0308077,0.162766,0.042846,0.0703
0.0135532,0.00949149,0.00716869,0.0211305,0.00494054,0.00433226
0.0133593,0.00907633,0.00721519,0.0359456,0.00854857,0.0081006
0.0113967,0.00734711,0.00589467,0.0280073,0.00626223,0.00785533
0.00937696,0.00658664,0.0048362,0.0180581,0.00674888,0.00370143
0.00636558,0.0043281,0.00306394,0.0147186,0.0048971,0.00241654
0.018905,0.0130475,0.00564567,0.0219968,0.00765079,0.00177657
0.025944,0.0178168,0.0173797,0.0589214,0.0152741,0.0213916
0.0147937,0.00996411,0.00542108,0.00764791,0.00159253,0.00273278
0.0355604,0.0232395,0.0131901,0.0426565,0.0118723,0.0320959
0.0146002,0.00628788,0.00610446,0.0556859,0.0150946,0.0214006
0.0171942,0.0096373,0.00746775,0.0553943,0.0139605,0.0225102
0.00689246,0.0048007,0.00267404,0.0235418,0.00564241,0.00458695
0.00484032,0.00354601,0.00198457,0.0165253,0.00386816,0.000632029
0.00519803,0.00360239,0.00162211,0.0169876,0.00624626,0.00216239
0.0312951,0.0208672,0.0101256,0.0638557,0.0165031,0.0125015
0.0314842,0.0207032,0.00984632,0.0436034,0.0111791,0.0111255
0.0146564,0.0101403,0.0164178,0.0980796,0.0273074,0.0703452
0.0444975,0.025682,0.0181904,0.0555248,0.0151469,0.0164842
0.0151068,0.00997361,0.0179805,0.0848998,0.0236979,0.0480617
0.0424552,0.0270396,0.0696059,0.0896071,0.019852,0.0357721
0.00794004,0.00545952,0.0023146,0.0162567,0.00410093,0.00392633
0.0211372,0.0132362,0.0204647,0.0828584,0.0189689,0.0309405
0.0329414,0.0165074,0.0131061,0.0380649,0.0103044,0.00919758
0.0434433,0.0141917,0.016531,0.0607556,0.0149475,0.0203373
0.0301339,0.0126326,0.0116944,0.0567644,0.014218,0.0185112
0.013443,0.00881524,0.0045118,0.0197759,0.00520796,0.00684523
0.0279363,0.0185889,0.0092399,0.0458627,0.0113883,0.016813
0.0188486,0.0123684,0.00744856,0.0249749,0.00678455,0.00709027
0.0140479,0.00911265,0.00515424,0.0308653,0.00747466,0.00224641
0.0274813,0.0177549,0.00775733,0.0467529,0.0130709,0.0134496
0.0235537,0.0151967,0.0221628,0.0997823,0.0250535,0.0468271
0.00620206,0.00440796,0.00192922,0.0177319,0.00262445,0.00777134
0.026667,0.018283,0.0119515,0.0620908,0.0158778,0.0110646
0.0395353,0.024288,0.00950522,0.0557296,0.0149295,0.0117634
0.00582681,0.00400893,0.00275129,0.0110936,0.00331575,0.00304981
0.0104147,0.0070515,0.00301216,0.017742,0.00471565,0.00393478
0.0221231,0.014933,0.00713842,0.0352547,0.00845197,0.0153467
0.0432598,0.0281065,0.017708,0.0589364,0.0138899,0.0148417
0.0218796,0.0144988,0.00788112,0.0296021,0.00722431,0.00403126
0.0222904,0.0147797,0.00889308,0.0373102,0.00909904,0.00436628
0.0217812,0.0108041,0.00934607,0.0226334,0.0054349,0.00847094
0.0118721,0.00824988,0.0040968,0.0253583,0.0055567,0.0180385
0.0150503,0.0105362,0.0121988,0.0489146,0.0112652,0.0125693
0.0175836,0.0115633,0.00501275,0.040735,0.0111155,0.0118716
0.0238126,0.0159966,0.00630266,0.0397456,0.0108941,0.00861554
0.0146198,0.00962505,0.00476216,0.0299616,0.0082309,0.00259635
0.0176913,0.00830845,0.0097311,0.0399693,0.0108095,0.0117018
0.021157,0.0103978,0.0132749,0.0501737,0.0108856,0.0117843
0.011961,0.00830884,0.00477218,0.0239136,0.00564161,0.00690382
0.0222924,0.0153667,0.0112973,0.0658449,0.0189554,0.0235894
0.0133094,0.00916012,0.0048943,0.00919377,0.00208829,0.00609021
0.0178907,0.011948,0.00603051,0.0206476,0.00687509,0.00789105
0.0237387,0.0157919,0.0115627,0.0665523,0.0146778,0.00897249
0.0100837,0.00722912,0.00403687,0.0270697,0.00635673,0.00947008
0.0143755,0.00937436,0.00373892,0.0233614,0.00605018,0.00865405
0.0288255,0.0177972,0.0334598,0.127709,0.0344291,0.0260106
0.0185837,0.0126797,0.0139331,0.0384286,0.0129316,0.0173328
0.00655053,0.00473072,0.00327313,0.0169308,0.00327218,0.00222296
0.00747288,0.00492869,0.00266229,0.0030046,0.000396142,0.0042759
0.025692,0.0169026,0.00891875,0.0221429,0.00681259,0.0129606
0.00494034,0.00339033,0.00373057,0.0126715,0.00164795,0.000875905
0.028724,0.0192993,0.0154526,0.0555203,0.0131898,0.0116028
0.010571,0.00701326,0.00443288,0.0200587,0.00427114,0.00185789
0.0232678,0.0155368,0.00736769,0.0403683,0.00943922,0.00167517
0.0137117,0.00973976,0.00442643,0.0160305,0.00391932,0.00912915
0.0100261,0.00691425,0.00363491,0.0204412,0.00552782,0.0066352
0.014674,0.0102781,0.00504702,0.0316241,0.00740536,0.00195618
0.0201643,0.0132302,0.0072278,0.028322,0.010133,0.00814472
0.0215033,0.0140796,0.0224249,0.0875047,0.0236296,0.0134694
0.00556972,0.00369174,0.00379831,0.0134008,0.00193714,0.00494663
0.0262853,0.0173658,0.0070561,0.0300765,0.00785501,0.00459149
0.0123444,0.00795303,0.00320313,0.0238045,0.00637443,0.00868648
0.00553926,0.0038007,0.0018933,0.0123633,0.00261242,0.00350781
0.00638744,0.00455444,0.0024428,0.0121942,0.00295319,0.00499535
0.0242282,0.0157584,0.00605157,0.0437621,0.0101474,0.00560602
0.0261477,0.0173742,0.00610964,0.0515364,0.0157043,0.0255534
0.0111175,0.00664078,0.00270269,0.0366184,0.0116847,0.0189294
0.0264585,0.0178613,0.00664367,0.0333509,0.00865551,0.00591771
0.0135135,0.00892059,0.00576745,0.0266978,0.00504016,0.00114443
0.015579,0.0106078,0.00438766,0.0202502,0.0047238,0.00398403
0.0102363,0.00703992,0.00348043,0.0184732,0.00504293,0.00853304
0.0188333,0.0128016,0.00953153,0.0353575,0.0108186,0.0135288
0.00962512,0.00657547,0.00403228,0.0254444,0.00689718,0.00205388
0.0229064,0.0148858,0.00731048,0.0402189,0.0131523,0.00993143
0.0201265,0.0128113,0.00696897,0.0318734,0.00971608,0.0100271
0.0169765,0.0117451,0.00637264,0.0253346,0.00628622,0.00399204
0.00496571,0.0036748,0.00226969,0.0107669,0.00312178,0.00585193
0.0190356,0.0127617,0.00461953,0.0310191,0.00890529,0.00910218
0.00487527,0.00312846,0.0014737,0.00338943,7.14059e-06,0.00204261
0.00602472,0.00426607,0.00244489,0.0132528,0.00284302,0.00417349
0.0101984,0.0068393,0.00391758,0.0151067,0.00485623,0.015614
0.0202827,0.0132376,0.0073283,0.0209355,0.0059351,0.00711146
0.020522,0.0136793,0.00603625,0.0266689,0.00635223,0.00511191
0.0493217,0.0300232,0.0210897,0.087913,0.0230948,0.0370974
0.0307989,0.0212839,0.0149569,0.0557805,0.0118643,0.0185971
0.00778338,0.00549405,0.0028134,0.0110295,0.00305441,0.00390007
0.00960767,0.00637653,0.00410674,0.0163428,0.00276673,0.00770955
0.00648382,0.00450088,0.00217048,0.0214078,0.00528183,0.00428546
0.0367987,0.024128,0.013385,0.0493768,0.0126485,0.0186281
0.00906817,0.00523187,0.0025907,0.0148118,0.0045318,0.00298348
0.0144358,0.00549599,0.0226181,0.11229,0.0353603,0.0341755
0.0220085,0.012141,0.0355227,0.1337,0.034609,0.0478316
0.007043,0.00519521,0.00277731,0.0102485,0.00178602,0.00512584
0.0100681,0.00689581,0.00351863,0.0247636,0.00902616,0.010463
0.00938665,0.00615451,0.00547519,0.0497773,0.0135289,0.0161411
0.0222298,0.0148408,0.01289,0.117375,0.0306231,0.0172419
0.0328366,0.0204327,0.0126466,0.0559624,0.015377,0.0298205
0.0119679,0.0081339,0.00474558,0.0226015,0.00433491,0.00469225
0.0380557,0.0192192,0.016415,0.0609533,0.0202626,0.0157356
0.0512911,0.0268105,0.0191661,0.0647305,0.0188402,0.0184112
0.0211412,0.0136858,0.00596021,0.0680503,0.0189337,0.0388974
0.0117035,0.00772038,0.00421605,0.0142674,0.00628731,0.00398156
0.0126613,0.00829111,0.00502211,0.00721819,0.00138273,0.00593655
0.0124687,0.0088082,0.00404861,0.0119716,0.00362482,0.00470338
0.0117323,0.00814502,0.00328546,0.0218726,0.00492655,0.00495319
0.0233705,0.0155087,0.00794036,0.0362833,0.00746869,0.00828383
0.00776505,0.00541228,0.00305464,0.000290114,0.000436924,0.00426658
0.00765774,0.00570721,0.00411355,0.013769,0.00467727,0.00466456
0.0127534,0.00890994,0.00396017,0.0153473,0.00392741,0.00753896
0.0411719,0.0266146,0.0165034,0.0415285,0.0104643,0.0197137
0.0181432,0.0129956,0.00781368,0.0245967,0.00552434,0.00629152
0.0110192,0.00792515,0.0114676,0.0424206,0.0118603,0.0196156
0.024202,0.0162502,0.00914501,0.0258532,0.00660237,0.00652016
0.0523373,0.0349279,0.0329006,0.128413,0.0343676,0.0719764
0.0310611,0.0203216,0.00913135,0.0469361,0.0146277,0.0165043
0.0304159,0.0198138,0.0137607,0.0590884,0.0164679,0.014377
0.0195503,0.0132855,0.00791094,0.0299184,0.00785928,0.0292427
0.0099567,0.0073212,0.00417462,0.016046,0.00295335,0.00514645
0.00875243,0.00614415,0.00301057,0.0135095,0.00338719,0.0076439
0.0176717,0.011816,0.0128251,0.0688258,0.017932,0.0153016
0.0443303,0.0279511,0.0134843,0.0544118,0.01324,0.00953081
0.020631,0.0138337,0.0142661,0.0424105,0.0112386,0.0104578
0.0045164,0.00303711,0.00640576,0.0341627,0.00875461,0.0362809
0.0133893,0.00960989,0.00542419,0.0280241,0.00715552,0.00698917
0.0675413,0.0322332,0.0250512,0.114975,0.0277854,0.0252324
0.0262039,0.0175162,0.0108567,0.0367133,0.00981056,0.0076037
0.00571987,0.00382511,0.00176997,0.0131719,0.00268593,0.00632682
0.0281486,0.0175718,0.00810649,0.0628429,0.0140403,0.0134905
0.030003,0.0195243,0.0165449,0.0585898,0.015494,0.0213525
0.00581475,0.00411963,0.00199238,0.0177637,0.00450172,0.00876314
0.0174365,0.0112334,0.00888017,0.0812669,0.0202706,0.00777999
0.019448,0.0128879,0.00607714,0.0366205,0.00962488,0.00868696
0.0253462,0.0165827,0.0139355,0.0667675,0.0170991,0.01125
0.0691909,0.0417602,0.0345264,0.078358,0.0212082,0.0221491
0.0136381,0.00943049,0.00229959,0.0227099,0.005631,0.00380086
0.00794574,0.00600225,0.00519985,0.0295583,0.009161,0.00713169
0.063904,0.0330822,0.0404432,0.127088,0.0325897,0.0291343
0.0106442,0.00730744,0.00492872,0.0298693,0.0105107,0.0117957
0.00603538,0.00445682,0.00348107,0.00541984,0.00289266,0.00127668
0.0150186,0.010147,0.00480518,0.0144978,0.00511857,0.0134721
0.011819,0.00842881,0.00347064,0.025244,0.00612946,0.00829689
0.0208406,0.0144307,0.007702,0.0300188,0.0078939,0.00953258
0.0399984,0.0248935,0.0137788,0.0691532,0.0186069,0.0149104
0.00448982,0.0033716,0.00163042,0.0158839,0.00295561,0.000931015
0.0234914,0.015722,0.00680996,0.0369618,0.00878931,0.00661535
0.0230511,0.0156791,0.00579163,0.0342365,0.00858111,0.00863657
0.0096516,0.0063025,0.0102704,0.0567294,0.0141528,0.017657
0.0246553,0.0165476,0.00904671,0.0382964,0.0114569,0.0142868
0.00754498,0.00521724,0.00484408,0.0178969,0.00453809,0.00481184
0.0255294,0.0169411,0.00887172,0.030194,0.00723186,0.00525639
0.0183046,0.0131353,0.00932694,0.0336518,0.00995555,0.0117955
0.0370101,0.0220076,0.0241546,0.153146,0.040136,0.017025
0.0236134,0.0161498,0.0179145,0.0491266,0.0136709,0.0168083
0.013002,0.00909253,0.00464305,0.0285492,0.00889849,0.0121551
0.0178439,0.011947,0.00734111,0.0303324,0.00790311,0.00668297
0.0186469,0.0130284,0.00865338,0.0254638,0.00538305,0.00289449
0.0193026,0.0132242,0.00580776,0.0292517,0.00816687,0.00705631
0.0351875,0.0222381,0.0140298,0.0994243,0.0250885,0.014296
0.012291,0.0083218,0.00417125,0.0163251,0.00406825,0.00783158
0.0201647,0.013179,0.00658051,0.0421235,0.00931218,0.0193626
0.00589501,0.0041599,0.00233066,0.0129993,0.00385525,0.00218631
0.00741795,0.00511834,0.00160551,0.0312293,0.0112848,0.0202977
0.00955487,0.00659671,0.0040908,0.0191896,0.00535681,0.00386353
0.00779825,0.00510189,0.00416489,0.0100926,0.00294877,0.014964
0.014511,0.0102646,0.00463643,0.0161323,0.00541146,0.00470051
0.0260941,0.0175247,0.00692523,0.0469425,0.0107567,0.0118403
0.0146965,0.0097717,0.00441142,0.0245927,0.00551598,0.0158099
0.0301167,0.0185572,0.0222016,0.0764282,0.0214955,0.0502286
0.00585636,0.00444747,0.00197941,0.0140481,0.0034785,0.00604473
0.0114612,0.00791065,0.00494558,0.0211509,0.00423114,0.00698231
0.0150042,0.00984093,0.00469518,0.0375917,0.00920348,0.00836065
0.0151992,0.0101258,0.0162166,0.055345,0.0122457,0.0236651
0.0208332,0.0141478,0.00788346,0.0420154,0.0128453,0.0136567
0.0165224,0.0117047,0.00496159,0.0205587,0.00706376,0.00785238
0.0173099,0.011607,0.00532407,0.0161771,0.00413904,0.00284734
0.0213431,0.0141705,0.016721,0.0622264,0.017395,0.035961
0.00745162,0.0047465,0.00250029,0.0168065,0.00472787,0.00869281
0.0204352,0.0135244,0.00601053,0.0250639,0.00806502,0.00818323
0.0225687,0.0155204,0.00911245,0.0491662,0.0123697,0.0122399
0.0105069,0.00732507,0.00328002,0.0214268,0.00408127,0.00259762
0.00898175,0.00630077,0.00434268,0.0248399,0.00710103,0.00684307
0.0165751,0.0110879,0.0133847,0.0565693,0.0138332,0.0141747
0.00679637,0.00500582,0.00217045,0.0161122,0.00492174,0.00075456
0.00527332,0.00360866,0.00233568,0.0116619,0.0036194,0.00117736
0.0123636,0.00833881,0.00595413,0.0266763,0.00684628,0.00756084
0.0189238,0.0124751,0.0167435,0.0868454,0.0230151,0.0306804
0.00881982,0.00640808,0.00317795,0.0181494,0.00543754,0.00438074
0.0334661,0.0167603,0.0103103,0.0415544,0.0102337,0.0057587
0.0354903,0.0215816,0.0246014,0.126752,0.0331476,0.0679039
0.0197736,0.0139231,0.00574753,0.0335218,0.00836677,0.00354498
0.0138792,0.0099654,0.00475391,0.00835234,0.00208523,0.00205191
0.00416135,0.0030886,0.00186332,0.0133273,0.00381811,0.00784738
0.00982423,0.0064797,0.00260632,0.0147603,0.00569202,0.00818485
0.0335313,0.022658,0.0349779,0.115445,0.0293513,0.0365791
0.0168311,0.0114368,0.0098557,0.0244366,0.00601076,0.00611122
0.00498757,0.00357863,0.00275197,0.0133895,0.00168527,0.0092989
0.0388537,0.0249521,0.0149623,0.0508741,0.0133275,0.0205868
0.0270117,0.0175957,0.0153382,0.078145,0.0213891,0.0190749
0.027735,0.0173227,0.0095915,0.0411383,0.0108804,0.0195259
0.020725,0.0129024,0.00729508,0.0386711,0.0115828,0.00798271
0.0184478,0.0124499,0.00500752,0.0311679,0.0080487,0.0107342
0.00649393,0.00419814,0.00307376,0.0187557,0.00363108,0.00540301
0.0134522,0.00850945,0.00423424,0.0296837,0.00839481,0.00738183
0.0175828,0.0114412,0.00583171,0.0328198,0.00677519,0.015647
0.012998,0.00894579,0.00333793,0.0190565,0.00483346,0.0080109
0.0284502,0.0185497,0.0118934,0.0470155,0.0102665,0.00710563
0.0105068,0.00706242,0.00349236,0.0245711,0.00523574,0.00609694
0.00993315,0.00676868,0.00264021,0.015961,0.00364235,0.00578423
0.0078749,0.00577412,0.0035523,0.0187233,0.00415046,0.00441978
0.00916053,0.00616023,0.00406077,0.01213,0.0031859,0.00338688
0.0372507,0.0235309,0.0176295,0.0828961,0.0193152,0.0189441
0.00576174,0.00391245,0.00240818,0.0131276,0.00244136,0.00259683
0.022704,0.0150833,0.0101615,0.0349766,0.0091811,0.00574709
0.0162748,0.0111953,0.00599378,0.0182959,0.00540128,0.00400384
0.0147457,0.0101333,0.00443719,0.0205366,0.00561187,0.00192961
0.00889288,0.00623186,0.0114598,0.0447731,0.0131609,0.0167249
0.0215511,0.0140222,0.0208671,0.0692996,0.0189575,0.0130889
0.0483058,0.0260456,0.0188415,0.090071,0.0207685,0.0173788
0.0199072,0.0132605,0.0135736,0.0382202,0.00983296,0.00888839
0.0237902,0.015925,0.00811906,0.0464883,0.0109038,0.0156912
0.0271438,0.018165,0.0165352,0.0624879,0.0155469,0.0215275
0.0184923,0.0121202,0.00609576,0.0318347,0.00910129,0.00648399
0.0164097,0.00844585,0.00707617,0.0520721,0.0157543,0.0122311
0.0280738,0.0171692,0.0284507,0.118192,0.0276599,0.031142
0.0251172,0.0168021,0.00924485,0.0326969,0.00931686,0.0137874
0.00890745,0.00611105,0.00749298,0.0436732,0.0124588,0.0247722
0.0225029,0.014511,0.00794543,0.0333857,0.00804923,0.00762161
0.010461,0.00720482,0.00288445,0.0173786,0.00402351,0.00391864
0.0293435,0.0202798,0.0111373,0.043731,0.0138701,0.016782
0.0182011,0.0117543,0.00819412,0.0308467,0.00919435,0.0105261
0.0346878,0.019582,0.0124892,0.0515744,0.0121611,0.020796
0.0278069,0.0182296,0.0101733,0.0368706,0.00886559,0.0210603
0.0188994,0.0125791,0.00974291,0.0334446,0.00709728,0.0110787
0.042761,0.0262168,0.0251431,0.083123,0.0211823,0.041011
0.0370765,0.0238429,0.00874637,0.0546643,0.013962,0.0136458
0.00891927,0.00590888,0.00304372,0.0219188,0.00480857,0.00397628
0.0231261,0.0155702,0.00790453,0.0333102,0.00767909,0.00803159
0.0339056,0.0211883,0.0272055,0.0729213,0.0201182,0.0292656
0.00778959,0.00565213,0.00197891,0.0168705,0.00530017,0.00758967
0.0150615,0.010228,0.0109127,0.0283978,0.00832844,0.0119934
0.00979871,0.00695099,0.00395633,0.00179463,0.000404008,0.00213647
0.0111558,0.00756368,0.00846865,0.0438866,0.0113751,0.00599116
0.0139976,0.00969855,0.00433327,0.0276896,0.00609868,0.00829623
0.0196529,0.0126117,0.00480438,0.0304551,0.00725533,0.00524636
0.0194111,0.00839633,0.0144672,0.0682962,0.0174453,0.0167577
0.0231942,0.0104872,0.0136244,0.0588816,0.011094,0.0137297
0.011714,0.00830015,0.00375953,0.032836,0.00683721,0.0117638
0.0128537,0.00871613,0.0107085,0.0317828,0.00841536,0.00902885
0.00891405,0.00623478,0.00366418,0.018151,0.00355187,0.00447318
0.0166473,0.0110993,0.00526913,0.0175675,0.00542265,0.00807565
0.0139053,0.00940244,0.00595765,0.0492468,0.0125672,0.0116724
0.0263623,0.0175781,0.0169549,0.0930854,0.0258095,0.049396
0.0139066,0.00940127,0.00460384,0.0242919,0.00520839,0.00677818
0.0260183,0.0171739,0.00794884,0.0390542,0.00902299,0.0139685
0.00874951,0.00573168,0.00227564,0.0157411,0.00507559,0.0100267
0.00656776,0.00464786,0.00242527,0.0187196,0.00442779,0.000999595
0.0112573,0.00760504,0.00271572,0.0148166,0.00401811,0.00106302
0.0527643,0.0303252,0.0183659,0.0663861,0.0161139,0.01618
0.0119297,0.00796629,0.00364193,0.0180786,0.00583105,0.00323637
0.00970358,0.00692882,0.00292544,0.0133188,0.00304687,0.00413627
0.0396015,0.0246383,0.0136574,0.0416323,0.00943464,0.0166807
0.0153588,0.0102769,0.00757951,0.0403321,0.0101627,0.00711785
0.046245,0.0295542,0.0164685,0.0683328,0.0159081,0.02677
0.0123703,0.00839412,0.00430349,0.00608725,0.00152034,0.00230939
0.0390441,0.0234895,0.0235538,0.0847698,0.0234706,0.0132383
0.0408381,0.0262913,0.0122143,0.0531417,0.0119144,0.0159472
0.0176826,0.012315,0.00660696,0.0323118,0.00988174,0.00679594
0.019681,0.0126994,0.0061954,0.0323648,0.00858866,0.00445682
0.00746696,0.00533433,0.00243454,0.0136524,0.00268025,0.00155375
0.0342364,0.0228611,0.0100887,0.0643247,0.0171076,0.0123667
0.0510586,0.0295152,0.0362293,0.142531,0.0374575,0.0758468
0.0388621,0.0256482,0.0137816,0.0450283,0.00920423,0.00680448
0.0420326,0.0257418,0.0194683,0.0715951,0.0200693,0.0381578
0.0201984,0.0139465,0.0119414,0.0424879,0.0114351,0.0142665
0.0370098,0.0237209,0.0294512,0.087516,0.0242197,0.0527951
0.00784089,0.00542966,0.00180033,0.0183953,0.00476799,0.000407313
0.0453857,0.0262336,0.0306127,0.0980677,0.0255271,0.0466706
0.00981886,0.00689181,0.00387851,0.0179408,0.00538654,0.00745723
0.0320632,0.0215394,0.0264452,0.0933167,0.024714,0.0351647
0.0204711,0.0138803,0.00664396,0.0346306,0.00797596,0.00891684
0.0214859,0.0141827,0.00637777,0.0237562,0.0062059,0.0117179
0.0361193,0.0199055,0.0115505,0.0472869,0.0131578,0.0317145
0.0308876,0.0150663,0.0100495,0.0330365,0.00804728,0.0239976
0.00504594,0.00349211,0.00908944,0.0122309,0.00416254,0.00472141
0.0215747,0.014758,0.00893444,0.0489629,0.0106297,0.00974215
0.0267564,0.0178493,0.0122746,0.0523771,0.0145957,0.0130958
0.0086809,0.00591976,0.00910385,0.0307883,0.00785784,0.0329375
0.0199813,0.0122549,0.0110455,0.0393764,0.0115754,0.00717753
0.00912354,0.0061579,0.00362412,0.0144168,0.00268492,0.00691784
0.00966525,0.00670723,0.00309229,0.0190071,0.00480131,0.00616111
0.0143851,0.00994848,0.00483102,0.0149707,0.00431476,0.0039516
0.0062322,0.00391945,0.0027333,0.0157221,0.0040517,0.00517177
0.0287664,0.0179303,0.0203935,0.115419,0.0292034,0.0296708
0.0209467,0.0138722,0.0140566,0.07944,0.0222034,0.0567454
0.0107685,0.00735411,0.00354192,0.0160763,0.00485985,0.00350011
0.00882562,0.00638898,0.00306521,0.0204508,0.00495512,0.0041567
0.00648132,0.00461537,0.0030824,0.0101486,0.00292552,0.00622782
0.00986386,0.00660781,0.00320554,0.0218928,0.00635098,0.00812918
0.0410333,0.0257094,0.0114017,0.0604473,0.0145849,0.0208348
0.0394799,0.0255988,0.0178141,0.0771585,0.0209643,0.0272519
0.0242314,0.0150027,0.0148821,0.0550048,0.0156706,0.02286
0.013618,0.00978921,0.00530133,0.0188779,0.00643783,0.00622771
0.0111369,0.00788796,0.00508528,0.021163,0.00668628,0.00628548
0.012187,0.00782446,0.00607253,0.0222317,0.00603862,0.013861
0.0173018,0.0121142,0.0110934,0.0305847,0.00736777,0.0123993
0.0063807,0.00418918,0.00302621,0.0137745,0.00381913,0.00327247
0.00735504,0.00535493,0.00254308,0.0216415,0.00543473,0.0135948
0.0318329,0.0204681,0.0212006,0.104346,0.0264384,0.0385686
0.0239228,0.0160028,0.0211655,0.107234,0.027278,0.0228866
0.029061,0.0187613,0.0163278,0.0609262,0.0130164,0.0208108
0.00868498,0.00643495,0.00236867,0.0200425,0.00537721,0.00830169
0.0407688,0.0248741,0.0328408,0.12889,0.0301923,0.0528287
0.0270215,0.017458,0.0176237,0.0489839,0.0144375,0.0408121
0.00752221,0.00535391,0.00489877,0.0262288,0.00753918,0.0134663
0.0144516,0.00986105,0.0116407,0.0555037,0.0162824,0.0160511
0.0660379,0.0368645,0.0284781,0.120691,0.0309911,0.04597
0.00788007,0.00518341,0.00364925,0.0298059,0.00824314,0.00645535
0.00747564,0.00527352,0.0022537,0.0068487,0.00274394,0.00237603
0.0054682,0.00366586,0.00146142,0.0151206,0.0033517,0.00454186
0.0139247,0.00797772,0.00577661,0.0428355,0.0110647,0.00997446
0.0129184,0.00793092,0.00549413,0.0400649,0.00823523,0.00852797
0.0195214,0.0131688,0.0125317,0.0476958,0.0123914,0.012712
0.0346608,0.0225143,0.0111146,0.053612,0.0131305,0.00889061
0.0119032,0.0086651,0.00521575,0.0035401,0.000657288,0.0266531
0.0177757,0.0117542,0.0115368,0.0404026,0.00888235,0.0213821
0.00847213,0.00576094,0.0037847,0.0177043,0.00394589,0.00330238
0.00923686,0.00639606,0.00311245,0.0169236,0.00513121,0.0114311
0.0139658,0.00944746,0.00317379,0.0300236,0.00731659,0.0102658
0.0145554,0.0103543,0.0128894,0.0766712,0.0227263,0.0360112
0.0263211,0.0172155,0.0114322,0.05483,0.0152554,0.0204383
0.0201671,0.0133406,0.00738094,0.0377976,0.00933022,0.00980833
0.00859537,0.00625273,0.00333647,0.00881268,0.00289906,0.0041548
0.0314358,0.0155988,0.0129245,0.0492662,0.0136476,0.0158146
0.0301535,0.015476,0.0125243,0.0432623,0.0109019,0.0146767
0.0354026,0.0215323,0.0157658,0.0779357,0.0195655,0.0439253
0.0189931,0.0127807,0.0160793,0.0531552,0.0111222,0.0128394
0.0181764,0.0127274,0.00581019,0.0225078,0.00520817,0.00422216
0.0128581,0.00912398,0.00278695,0.0260374,0.00700758,0.00774996
0.0221851,0.0148229,0.0105919,0.0474712,0.0122771,0.0143536
0.0401616,0.0264269,0.0151129,0.0496791,0.0131119,0.0206095
0.0408409,0.0265481,0.0128217,0.0493423,0.0140931,0.00663987
0.0127369,0.00852434,0.00440782,0.000751688,0.00122732,0.0069733
0.0114995,0.00823631,0.00351026,0.0210335,0.00467608,0.00354515
0.0155237,0.0102399,0.0132374,0.0547697,0.0138702,0.0135582
0.0478877,0.0283764,0.046811,0.200231,0.0503989,0.0739063
0.00902174,0.0063623,0.00425096,0.00415394,0.00138053,0.00932887
0.0138781,0.0098063,0.0111668,0.0691621,0.0195015,0.0345976
0.014477,0.00960112,0.00830402,0.0409648,0.0117108,0.0168612
0.0193466,0.0130917,0.00574735,0.0337499,0.00736347,0.0113565
0.0333104,0.0225132,0.0151132,0.042439,0.0107868,0.0132005
0.00912367,0.00634304,0.00327227,0.0129011,0.0018502,0.00816947
0.0188307,0.0121966,0.0048891,0.0279096,0.00790256,0.00310276
0.0114647,0.00819751,0.00354998,0.0280951,0.00619414,0.00599959
0.0108827,0.0072361,0.0115985,0.0431254,0.0112674,0.00945883
0.0069428,0.00492416,0.00257197,0.0234764,0.00852468,0.0171506
0.0289848,0.0180168,0.0238512,0.0945711,0.0259264,0.0459511
0.00948734,0.00691941,0.00396105,0.0138098,0.00467789,0.0068782
0.0278997,0.0186907,0.0155766,0.0698187,0.0212287,0.0377437
0.00655591,0.00488937,0.00314353,0.00916002,0.00247131,0.00995278
0.00570379,0.00403041,0.00357591,0.0113549,0.00397773,0.00578867
0.0213671,0.0140075,0.0115926,0.0413742,0.0110586,0.0175835
0.00790431,0.00545501,0.0027633,0.0185419,0.0051835,0.00427889
0.0191485,0.0129318,0.0070416,0.0338604,0.00889268,0.009873
0.0078111,0.00536373,0.00317994,0.0125241,0.00500492,0.00464595
0.0122914,0.00863138,0.00537783,0.0346492,0.00900578,0.00447954
0.032186,0.0198016,0.0191829,0.107813,0.0307876,0.0413858
0.0777048,0.0308574,0.0369691,0.143008,0.0401643,0.0306244
0.00524155,0.00379897,0.00287456,0.0119567,0.00264015,0.000982192
0.0186372,0.0125769,0.00801312,0.0457257,0.00989742,0.0105391
0.0101697,0.00702175,0.00348125,0.0220503,0.00675374,0.00363451
0.0192666,0.0129326,0.0058732,0.0506404,0.012568,0.00708645
0.034623,0.0138626,0.0104921,0.0572704,0.0158074,0.0178521
0.0509699,0.0266379,0.0145682,0.0573449,0.0141423,0.023034
0.00846784,0.00614356,0.00296238,0.0112203,0.00380743,0.00210284
0.021005,0.0141895,0.00778426,0.0299061,0.0078972,0.011906
0.0118209,0.00821266,0.0034369,0.018676,0.00466205,0.00468201
0.0206488,0.0139472,0.00767269,0.0288585,0.00791862,0.00508744
0.0206199,0.0133564,0.00568824,0.0301412,0.0062596,0.00299035
0.0144447,0.0100482,0.00496186,0.0255518,0.00762859,0.00427664
0.00663103,0.0044005,0.0108143,0.0270185,0.00675532,0.00640046
0.00463503,0.0030879,0.00231083,0.0108553,0.00192519,0.00061632
0.0203636,0.0135946,0.00711067,0.032647,0.00827872,0.00473899
0.0131801,0.00855966,0.00590112,0.028188,0.00721901,0.0068563
0.0183545,0.011803,0.00567345,0.0405945,0.0114009,0.0190297
0.00979946,0.00683617,0.00348426,0.0171336,0.00466917,0.00730985
0.0154088,0.0103089,0.00631886,0.0473071,0.01167,0.00821338
0.0107265,0.00785805,0.0237285,0.0441124,0.0143894,0.0144513
0.0201287,0.0133948,0.036575,0.0646533,0.0179709,0.0165956
0.0221573,0.0148036,0.00702061,0.0288854,0.00590161,0.0123375
0.00579684,0.0038062,0.00355893,0.0162548,0.00370216,0.000746985
0.00996156,0.00649988,0.00368405,0.0165135,0.00539821,0.0057037
0.0261941,0.0171488,0.00497863,0.0225424,0.00776509,0.0133864
0.0586222,0.0332805,0.0192339,0.0803976,0.0199803,0.0222929
0.0154989,0.0105884,0.00507872,0.0182179,0.00544395,0.00572519
0.00796941,0.00570377,0.00154731,0.014322,0.00379498,0.00293056
0.0337301,0.0219593,0.0144523,0.0722365,0.0191006,0.0276669
0.0182586,0.0118031,0.0209472,0.0571803,0.0173818,0.0207539
0.014335,0.00663362,0.00657238,0.0261632,0.00627735,0.0058193
0.00560037,0.00396797,0.00835673,0.0374475,0.00885929,0.0132145
0.00689595,0.00451033,0.00316141,0.0159109,0.00309563,0.00470936
0.00755743,0.00541827,0.00293617,0.0140471,0.00346777,0.00452012
0.0313963,0.0145198,0.0177836,0.0971012,0.0278894,0.0288446
0.0291431,0.0110152,0.0162427,0.0891692,0.0218798,0.0228729
0.0162695,0.0105498,0.00987967,0.0690341,0.0195998,0.018233
0.0255933,0.0173779,0.0100726,0.0472593,0.0137227,0.0137758
0.0273975,0.0181409,0.0101586,0.0326246,0.00777132,0.00705523
0.00480712,0.00344272,0.00220636,0.00808244,0.00279588,0.00199872
0.0368495,0.0240665,0.0162235,0.0575654,0.0163969,0.0278152
0.0142859,0.00969819,0.0101743,0.0324203,0.0096371,0.0161634
0.0150218,0.0105714,0.0033297,0.0292686,0.00733123,0.00735598
0.0360593,0.0238161,0.0102765,0.0484716,0.0123288,0.0100236
0.0245868,0.0163883,0.00779841,0.0289527,0.00827685,0.0142204
0.0376704,0.0216156,0.0376407,0.140247,0.0349362,0.0223993
0.0201392,0.0139448,0.00513898,0.0311008,0.00814209,0.00524035
0.0320236,0.0193055,0.0224898,0.106362,0.0295,0.0416115
0.0266077,0.0176982,0.0124372,0.0647261,0.0178621,0.0261858
0.0092303,0.00637839,0.00508357,0.0191134,0.00611098,0.00552814
0.0209127,0.0139596,0.0181425,0.0775292,0.022083,0.0286681
0.0224233,0.0155417,0.00644021,0.0355412,0.00950992,0.0165764
0.0128141,0.00889633,0.00467457,0.024275,0.00451695,0.00322536
0.00971869,0.00679273,0.00243316,0.0171313,0.00491612,0.00328166
0.0230441,0.0154526,0.00886778,0.0659024,0.0180471,0.012185
0.0371731,0.0240615,0.0109725,0.0520823,0.014604,0.00565087
0.00546805,0.00368666,0.00316356,0.0167056,0.00414643,0.00377599
0.0164738,0.010084,0.0142164,0.071116,0.019434,0.0211907
0.0145132,0.00980085,0.0100008,0.0332788,0.00801714,0.00867305
0.00866662,0.00614452,0.00322419,0.0191304,0.0046147,0.00422663
0.0209954,0.0139962,0.00826941,0.0627612,0.0176507,0.00752549
0.011227,0.00796084,0.00344737,0.0149414,0.0047382,0.003425
0.0173753,0.0119074,0.00626096,0.0237686,0.00504901,0.00655311
0.00691371,0.00452124,0.0034146,0.00993951,0.00331898,0.00171166
0.0154304,0.0109722,0.0123622,0.0444234,0.0138241,0.0182058
0.0145334,0.0105133,0.00566171,0.0172175,0.00431216,0.00570315
0.0145603,0.00992178,0.00496472,0.0328428,0.00847745,0.00880938
0.0117745,0.00778429,0.00570058,0.0191867,0.00287415,0.00237936
0.0154512,0.0103741,0.00700242,0.0562298,0.0159504,0.0238013
0.02178,0.0143466,0.0106759,0.0656636,0.0187895,0.0112497
0.0389257,0.0255696,0.0298664,0.101626,0.0282734,0.0339486
0.0116592,0.00831919,0.00360228,0.0205129,0.00506962,0.0077295
0.0158776,0.0106814,0.00824979,0.028974,0.00730672,0.00714736
0.0114339,0.00824853,0.00426294,0.0194804,0.00490552,0.00509951
0.0345302,0.0197039,0.012066,0.055333,0.0156358,0.0143078
0.0327214,0.0187848,0.0166165,0.0800146,0.0220462,0.0211513
0.0139307,0.00958459,0.00696333,0.00527096,0.0017627,0.00781203
0.0114247,0.00757567,0.0074277,0.0406137,0.0101184,0.0112413
0.0175648,0.0115133,0.00449255,0.0294564,0.00684449,0.00436174
0.0114849,0.00783782,0.00516245,0.0230914,0.00577945,0.00489919
0.00968565,0.00682105,0.0167692,0.0373964,0.00975191,0.00678753
0.00972969,0.00707475,0.00431904,0.0209014,0.00466549,0.00407536
0.0390916,0.0265722,0.019177,0.0601208,0.0148644,0.0113132
0.00740058,0.00524135,0.00335534,0.0179051,0.00543867,0.00514835
0.0251976,0.0166956,0.0102546,0.031622,0.00684949,0.00826288
0.00601356,0.00438281,0.00234214,0.0208567,0.00594501,0.00623818
0.0250975,0.0160488,0.0117875,0.0569665,0.0154687,0.0147891
0.00941653,0.00653985,0.00407082,0.0181878,0.00562552,0.00520053
0.0219738,0.0152717,0.0139105,0.0464348,0.0118705,0.013584
0.00811283,0.00596941,0.00438763,0.0144675,0.00413546,0.00477865
0.0193396,0.0134515,0.0100152,0.056192,0.0166771,0.0227956
0.00858608,0.00586222,0.00373295,0.016146,0.00405855,0.00317926
0.0049655,0.00383182,0.00324358,0.0101663,0.00348878,0.00341182
0.0333133,0.0218061,0.0114964,0.0579419,0.0145137,0.00700281
0.00840965,0.00611345,0.00205741,0.0192695,0.00392777,0.00578427
0.0181922,0.0126559,0.00498636,0.0174894,0.00480598,0.00394128
0.0254895,0.0171538,0.00595348,0.033022,0.00939634,0.0140748
0.0302082,0.019551,0.0218048,0.0963171,0.0274379,0.061261
0.02101,0.0136443,0.014632,0.0668657,0.0155081,0.0159191
0.0115041,0.00824157,0.00363348,0.025722,0.0060793,0.0034034
0.0704632,0.0384993,0.0513046,0.235345,0.0613885,0.0956838
0.00895179,0.00601582,0.00375507,0.0179975,0.00398079,0.00945821
0.0226497,0.0137657,0.010419,0.0375989,0.0102041,0.0112578
0.0247655,0.0164954,0.0301619,0.111309,0.03097,0.0428245
0.00425037,0.00320393,0.00194321,0.0132977,0.00363033,0.00477596
0.0114249,0.00771569,0.0050708,0.0223053,0.00507238,0.0034534
0.0099248,0.00686122,0.0038429,0.0221868,0.00544077,0.00539779
0.0154636,0.0102651,0.00695438,0.0196286,0.00492833,0.00597753
0.0108493,0.00780651,0.00702602,0.0180428,0.00403489,0.00274728
0.0331268,0.0216199,0.0108656,0.0429921,0.0110558,0.0159734
0.0149052,0.0102794,0.00462113,0.0236554,0.00609893,0.0099346
0.03346,0.0218707,0.0283201,0.131584,0.0344734,0.0331329
0.0141812,0.0101106,0.00677607,0.0387094,0.00995279,0.0102959
0.00836306,0.00584795,0.00398174,0.0191312,0.0032038,0.00262268
0.0225742,0.0131659,0.00791,0.0467914,0.012895,0.00783916
0.0226303,0.0111016,0.0065631,0.0381798,0.00832866,0.0061979
0.00830877,0.00625996,0.00237513,0.0242893,0.00609908,0.0107255
0.0229817,0.0159254,0.0143283,0.0617245,0.0170549,0.0334731
0.0169178,0.0110717,0.00645528,0.0218444,0.00591096,0.00951623
0.0144628,0.0100254,0.0104119,0.0591291,0.0138723,0.0300071
0.0112913,0.00805281,0.00210928,0.0209473,0.00485416,0.00204369
0.0233625,0.015509,0.00819924,0.0287543,0.00698176,0.0222233
0.0120286,0.00863388,0.00300822,0.0138597,0.00533124,0.0101041
0.0143882,0.00981297,0.00725537,0.0261451,0.00659778,0.00946113
0.0107002,0.00766679,0.00388352,0.0141877,0.00407284,0.00561576
0.0118436,0.00792283,0.00358255,0.0218028,0.00585352,0.0039785
0.00722637,0.00501143,0.00299357,0.0153673,0.00460756,0.000937838
0.0102583,0.00713363,0.00646637,0.0240812,0.00425535,0.0048809
0.0195847,0.0132224,0.00844709,0.0444126,0.0115105,0.00867778
0.0245783,0.0150149,0.0347373,0.136639,0.0383846,0.0613683
0.0042397,0.0034528,0.00553632,0.0160951,0.00384779,0.00295309
0.00964687,0.00683866,0.00238575,0.0159316,0.00266001,0.00456747
0.0239156,0.0143556,0.0130229,0.0573419,0.0133605,0.0105372
0.0136305,0.00683547,0.0076055,0.0286908,0.00678216,0.00558855
0.0153982,0.0108618,0.00981263,0.0581788,0.0139867,0.00739984
0.0273006,0.0180526,0.00701775,0.0399224,0.0110981,0.0103518
0.0177524,0.0123045,0.0078905,0.038955,0.0105319,0.00638397
0.00937407,0.00668399,0.00510086,0.0277004,0.00745597,0.00456859
0.0128357,0.00917291,0.00433028,0.0194921,0.00484595,0.000596581
0.0254994,0.0166927,0.0163335,0.0693502,0.019638,0.0256071
0.0248518,0.0160382,0.0110944,0.0464141,0.0119222,0.00575852
0.0338007,0.0198517,0.013586,0.0837115,0.0227944,0.0165371
0.0423662,0.02127,0.0157503,0.0879213,0.0221795,0.0160263
0.0625385,0.0337084,0.0336458,0.134775,0.0373963,0.0422267
0.0169974,0.0114618,0.00769434,0.0349399,0.00899896,0.00479512
0.0191835,0.0131858,0.00682662,0.0215289,0.00722715,0.00729471
0.00700432,0.0050505,0.00520358,0.0411903,0.010356,0.0233086
0.0422634,0.0269584,0.0148168,0.0677663,0.0178465,0.0156401
0.0352185,0.0226741,0.0131198,0.0597897,0.0159663,0.0183594
0.0170212,0.0116148,0.00944893,0.0360113,0.00896636,0.0310317
0.0143667,0.00971562,0.00537906,0.0410829,0.00934259,0.012693
0.0241473,0.016131,0.0112242,0.0492762,0.012252,0.0226033
0.0168719,0.011685,0.00849905,0.0487088,0.0131937,0.014497
0.00586903,0.00403845,0.00300484,0.00272287,0.000696567,0.00667416
0.0200596,0.00865327,0.00950345,0.0596239,0.0149677,0.0137671
0.0539903,0.0288351,0.0618074,0.280927,0.0745248,0.100603
0.0162669,0.0114779,0.0103673,0.0331974,0.00879793,0.0148129
0.0213166,0.0139722,0.00593188,0.036556,0.0108228,0.0101232
0.0151671,0.00937985,0.0148685,0.0812208,0.0241178,0.0546198
0.0247901,0.0164044,0.00784187,0.035366,0.0102444,0.0210998
0.0185077,0.012214,0.0107934,0.0414059,0.0118336,0.0115027
0.00513186,0.00353133,0.00220626,0.0158166,0.00341197,0.00563104
0.0130001,0.00900972,0.00357981,0.0168722,0.00591694,0.0039756
0.0169543,0.0116755,0.00500187,0.0262289,0.00709749,0.00420421
0.0111329,0.00762839,0.00424949,0.0298537,0.00831887,0.00540361
0.0230257,0.0153254,0.00984078,0.0509138,0.0124258,0.0122774
0.00991132,0.00696034,0.00251218,0.0191575,0.00508782,0.00699012
0.00552673,0.00387117,0.0016964,0.0155151,0.00404259,0.00217406
0.0115746,0.00806577,0.00383288,0.0145077,0.00480673,0.00763603
0.00978799,0.00682108,0.00418791,0.0176461,0.00473857,0.00567193
0.017936,0.0120471,0.007167,0.0254424,0.0072478,0.0100515
0.0271425,0.0173977,0.00941944,0.0312465,0.0091719,0.0185406
0.0158844,0.0104946,0.00380012,0.0281111,0.0069495,0.00419472
0.0298644,0.0198701,0.00841537,0.0341744,0.00666979,0.0208692
0.0128515,0.00861511,0.00409195,0.0392066,0.0109475,0.00612993
0.0183401,0.0119527,0.00661617,0.0228637,0.00537764,0.00462139
0.0130241,0.0088985,0.00490589,0.0301495,0.00965755,0.0256617
0.0165972,0.0111574,0.00559406,0.0292307,0.00757851,0.00837403
0.0325794,0.0192488,0.019955,0.0859977,0.021449,0.0228448
0.00854775,0.0060193,0.00291408,0.0166309,0.00451194,0.00268616
0.021037,0.0144044,0.0121109,0.0443604,0.0112634,0.00946895
0.0499306,0.0285485,0.0681134,0.217814,0.0552557,0.120411
0.00815087,0.00596379,0.00397588,0.0244146,0.00567659,0.00899994
0.0247359,0.0165934,0.00787392,0.0202787,0.00532958,0.00536412
0.0284294,0.0188793,0.0080301,0.0313039,0.00788404,0.00814082
0.0182983,0.00949579,0.00711462,0.0493257,0.0136164,0.00821162
0.0166605,0.00953164,0.00651028,0.0396483,0.00773217,0.00668792
0.0232819,0.0157413,0.00758067,0.0639258,0.0165415,0.0132034
0.0520211,0.0304864,0.0266635,0.126805,0.0314939,0.0337191
0.0271874,0.0179304,0.0108992,0.0730063,0.01721,0.0358323
0.0137813,0.00954327,0.00457329,0.0239675,0.00536966,0.008514
0.0166873,0.0118133,0.00526933,0.0330166,0.00893468,0.00577742
0.0176595,0.0122324,0.00779728,0.0562397,0.0160679,0.0225171
0.0171903,0.0119275,0.00951334,0.0458792,0.0132384,0.0256753
0.0297277,0.0191936,0.0162357,0.0854272,0.0203685,0.0252691
0.0124249,0.00865479,0.00468097,0.0169409,0.00436549,0.00372446
0.0201756,0.0140219,0.0199945,0.105915,0.0294738,0.0230944
0.0100246,0.00688676,0.00339664,0.0113732,0.00351476,0.00503022
0.0114928,0.00805667,0.0138073,0.0258084,0.00730141,0.00972635
0.0119293,0.00806986,0.00843614,0.0437203,0.0121352,0.0150173
0.0218067,0.0152284,0.0133218,0.0431269,0.0127791,0.0190558
0.0182526,0.0118842,0.0151615,0.0895859,0.0232748,0.0253614
0.0122285,0.00858586,0.00463781,0.0300512,0.00934842,0.00330197
0.0251362,0.0168875,0.00773272,0.0377236,0.00934284,0.0124511
0.0302516,0.0199743,0.0157673,0.0735194,0.0200168,0.0233201
0.0118671,0.00829044,0.00503086,0.0175453,0.00490505,0.00614309
0.0514598,0.0317789,0.0169883,0.0614789,0.0146793,0.00834657
0.0260813,0.017462,0.00893399,0.0507884,0.012038,0.0133067
0.00847059,0.00588177,0.00344875,0.0119723,0.00365272,0.00411144
0.0204438,0.013382,0.0199103,0.0685809,0.0168926,0.0173251
0.0202035,0.0134041,0.00593046,0.0279402,0.00656417,0.00293884
0.0319166,0.0198042,0.021128,0.0980542,0.0272342,0.0311701
0.00805058,0.00612831,0.00216552,0.0134368,0.00334055,0.00224725
0.0247132,0.0167996,0.0150468,0.0501773,0.0132821,0.0100385
0.0406884,0.0206276,0.0177387,0.0839552,0.0229769,0.023254
0.0191048,0.0135294,0.00591108,0.0294056,0.00740469,0.0114746
0.00866406,0.00603943,0.00259228,0.00635934,0.00037443,0.00493642
0.0176822,0.012497,0.00653439,0.0279061,0.00759709,0.00934247
0.0129419,0.00866374,0.00486028,0.0165659,0.00385007,0.00253066
0.00798046,0.00560367,0.00726366,0.0361956,0.0102454,0.0131383
0.0189075,0.0127618,0.00431657,0.0228185,0.00637529,0.0111773
0.0102657,0.00698611,0.00413498,0.016845,0.00450636,0.00427997
0.0153162,0.0105318,0.00621154,0.028158,0.00831522,0.0141656
0.00741406,0.0049205,0.00294683,0.0122681,0.00444337,0.00837293
0.00981659,0.00665347,0.00260436,0.021124,0.00522794,0.0110516
0.0148286,0.00983835,0.00566784,0.0169333,0.00480046,0.00586298
0.030826,0.0202303,0.0103544,0.0355806,0.0103553,0.01972
0.0571285,0.0349718,0.0168115,0.091238,0.0183726,0.0107386
0.0153662,0.0102608,0.00467945,0.0253275,0.00525159,0.00703239
0.0279111,0.0186527,0.0138602,0.048935,0.0114238,0.00632196
0.00903443,0.00596433,0.00356351,0.0301679,0.00580786,0.0186633
0.0281648,0.0188109,0.0113243,0.0567104,0.0136409,0.00867274
0.0309721,0.0203232,0.0115688,0.0561568,0.0163346,0.0265748
0.00752351,0.00526874,0.00572403,0.0215341,0.00480461,0.00375876
0.0153891,0.0106922,0.00567051,0.0269916,0.00654467,0.00260611
0.0097863,0.00676293,0.00530533,0.0207272,0.00555429,0.0158258
0.0338148,0.0206723,0.023891,0.080349,0.0235654,0.0254968
0.0380909,0.0169653,0.0105149,0.0513938,0.015897,0.0191015
0.0375286,0.0170007,0.0104309,0.0492442,0.0142309,0.0179082
0.0259789,0.0172723,0.00621984,0.0268559,0.00731896,0.00885757
0.0422338,0.0276539,0.0205395,0.0751182,0.0195665,0.04397
0.00770695,0.00549995,0.00391453,0.0218246,0.0050143,0.00771319
0.0371069,0.0176829,0.0201458,0.0798483,0.022096,0.0291523
0.00618534,0.00425202,0.00198828,0.00740592,0.00188951,0.0032752
0.0122567,0.00849936,0.00423378,0.0105242,0.0043502,0.00171539
0.0116769,0.00786578,0.00398396,0.022229,0.00430812,0.00455777
0.0109271,0.00776143,0.00659481,0.0173844,0.00541751,0.00900002
0.0305775,0.0205442,0.0131763,0.0405188,0.0104914,0.00955833
0.0319964,0.0204852,0.0161803,0.0728943,0.0227945,0.0236798
0.0151075,0.0104114,0.00289466,0.0229222,0.00519526,0.0127411
0.0111658,0.00740677,0.00413294,0.0228526,0.00656219,0.00306841
0.0152702,0.010358,0.00415131,0.0356968,0.00872562,0.00381155
0.0100983,0.00674955,0.00338194,0.0473168,0.0130272,0.0164771
0.0228242,0.0149516,0.00833986,0.0230129,0.00657138,0.00937889
0.0496819,0.0300063,0.0202162,0.0810318,0.0173061,0.0118756
0.0202237,0.0134526,0.0123407,0.0567773,0.0155738,0.0154432
0.0350269,0.0231277,0.0157785,0.0607659,0.0145083,0.00877214
0.0114592,0.00778674,0.00675393,0.0402209,0.0102295,0.00715211
0.00583329,0.00397728,0.0023811,0.0146149,0.00282759,0.00392519
0.00826762,0.00559446,0.00443372,0.0226197,0.00438418,0.00939625
0.0215099,0.0142047,0.00890986,0.0343592,0.00926221,0.00972616
0.0227293,0.0153328,0.00697186,0.0280328,0.00861237,0.0106604
0.00937861,0.00626395,0.00261821,0.0182593,0.00581045,0.0024777
0.0287043,0.0159446,0.0106679,0.0449821,0.0129732,0.0186836
0.0245485,0.0151394,0.00863834,0.0317834,0.00739549,0.0143356
0.0100688,0.00708118,0.00404365,0.0166709,0.00518612,0.00875576
0.00903847,0.00641491,0.00355996,0.0138111,0.00444403,0.010135
0.0124424,0.00825901,0.00423991,0.0241698,0.00633677,0.0138258
0.0118024,0.00780664,0.00423541,0.0154597,0.00342971,0.00500807
0.0143942,0.0104647,0.00706816,0.0221679,0.00606754,0.00273715
0.0132699,0.00905788,0.0050843,0.00502437,0.00137743,0.0117359
0.0115535,0.00818226,0.00307916,0.0252817,0.0087485,0.0110868
0.0226919,0.0151495,0.0159893,0.0655961,0.0173961,0.0329829
0.0207454,0.0136021,0.00551975,0.0447457,0.0106885,0.012565
0.0228938,0.0155581,0.00668407,0.0460037,0.0122865,0.0176548
0.0131432,0.00893046,0.00519037,0.0258259,0.006548,0.00608449
0.0336059,0.0214151,0.011546,0.0541772,0.0135159,0.0267321
0.0207344,0.0133346,0.0114458,0.0537994,0.0166959,0.0147143
0.0253151,0.0169114,0.00766776,0.0395745,0.00980877,0.00389035
0.0302262,0.0115575,0.00956363,0.0551873,0.0135835,0.0152772
0.0281591,0.0116055,0.00906484,0.0441459,0.00927645,0.0104484
0.00762783,0.00519601,0.00257375,0.0322624,0.00697267,0.00400103
0.0280854,0.0185655,0.00814847,0.0247995,0.00605909,0.0328696
0.02217,0.0134705,0.0178852,0.111448,0.03166,0.0433444
0.0318263,0.021538,0.0113031,0.0593145,0.0150982,0.0255118
0.0430831,0.0291894,0.0181158,0.067797,0.0194452,0.0463028
0.0141745,0.00974221,0.00538671,0.0257186,0.00593007,0.00588152
0.0144854,0.00970128,0.00241997,0.0216423,0.00532287,0.00957977
0.0125701,0.0087361,0.00322876,0.033871,0.00778541,0.00923301
0.0104584,0.00704852,0.00340783,0.0303538,0.00818876,0.00209956
0.0071263,0.00509663,0.00444132,0.0229785,0.00489429,0.0168904
0.0197172,0.0135927,0.00583838,0.0314001,0.00695324,0.00976341
0.00829803,0.00557687,0.00271011,0.0133642,0.0027264,0.00287764
0.0172089,0.0120152,0.00637734,0.0364233,0.00968968,0.0231928
0.0372908,0.0236003,0.00937471,0.0673341,0.015898,0.0233584
0.0152162,0.0104766,0.00377382,0.0190479,0.00347735,0.0073085
0.0247483,0.0169126,0.00802801,0.0497082,0.0128844,0.00833153
0.00859439,0.00579546,0.00327966,0.0131433,0.00536502,0.00148194
0.0203714,0.013491,0.0137142,0.0609963,0.0156639,0.02987
0.0183592,0.012087,0.00707781,0.0288997,0.00734193,0.00585848
0.0171362,0.0115064,0.0109515,0.052554,0.0139472,0.0117827
0.0125882,0.00840658,0.0200539,0.0973321,0.0253083,0.0215082
0.0289006,0.0186534,0.0124816,0.046514,0.0126063,0.0168996
0.0118949,0.00801415,0.00537218,0.0313465,0.00957131,0.00610672
0.0285929,0.0177221,0.0222845,0.0923619,0.0229936,0.025862
0.0281025,0.0174514,0.0121896,0.0371547,0.0108841,0.0233832
0.0201987,0.0121847,0.00916389,0.0280727,0.00827836,0.00378391
0.0076775,0.00521219,0.0141543,0.0623432,0.0163639,0.0187303
0.0125493,0.00824166,0.00348809,0.0260355,0.00720309,0.00892058
0.0225155,0.0154385,0.0102264,0.0577694,0.0164669,0.0188646
0.0268304,0.0176802,0.00779891,0.0355059,0.00739645,0.0042293
0.00765479,0.00570037,0.00270026,0.0149099,0.00509447,0.00574709
0.0249986,0.01663,0.0129606,0.0662004,0.0180548,0.0105393
0.0269716,0.0172775,0.00945274,0.0377771,0.00930383,0.0104015
0.0332912,0.0208544,0.0168622,0.076717,0.0199822,0.035728
0.0215326,0.0141359,0.00652274,0.0421301,0.0114808,0.0077509
0.0482205,0.0268275,0.036446,0.180177,0.0479145,0.0819127
0.0112455,0.00819265,0.00468818,0.0193751,0.00519882,0.00763458
0.0059118,0.00402677,0.00312854,0.0170329,0.00502171,0.00362269
0.015814,0.0113939,0.00637821,0.0221142,0.00762605,0.00498842
0.0077917,0.00543571,0.00204222,0.0129657,0.00324774,0.00352467
0.00681117,0.00471665,0.00291719,0.0236235,0.00554689,0.00458887
0.013373,0.00909946,0.00399626,0.0218649,0.00537868,0.00532868
0.0312451,0.0188415,0.0275474,0.254737,0.0706767,0.0474982
0.0179073,0.0118615,0.0087743,0.0350441,0.00858188,0.018727
0.0135885,0.00888735,0.00663848,0.0274868,0.00724727,0.0123275
0.0307997,0.0195304,0.0119924,0.0274622,0.00571941,0.0072009
0.0174831,0.0115867,0.00502696,0.0285155,0.00844075,0.0150272
0.0141986,0.010169,0.00626344,0.0195568,0.0065228,0.0042097
0.0259639,0.0166453,0.0266025,0.108676,0.0259844,0.0395287
0.0262584,0.0173692,0.00766841,0.0529381,0.0152212,0.0067464
0.00612286,0.00417646,0.00251042,0.0115446,0.00337155,0.00715595
0.015341,0.0102001,0.0118446,0.0637893,0.0167083,0.037958
0.00936973,0.00632187,0.00289074,0.0275814,0.00699548,0.00689528
0.0105919,0.00697357,0.00565395,0.0329063,0.00802402,0.0131115
0.0377887,0.0226781,0.0124667,0.0596897,0.0139324,0.0163348
0.0147659,0.0103522,0.00524779,0.0132456,0.0037799,0.00412191
0.0379561,0.0196115,0.028736,0.16496,0.0410504,0.0630685
0.0300958,0.0198231,0.0106294,0.0443676,0.0121171,0.0247617
0.0150823,0.0102302,0.00555471,0.0282712,0.00721866,0.00393343
0.00418627,0.00330486,0.00249016,0.011076,0.00345716,0.00418923
0.0353618,0.0224343,0.0161221,0.0974531,0.0258691,0.0300029
0.0118724,0.00856519,0.00602036,0.0222474,0.00574008,0.00367095
0.0347143,0.0195324,0.0209679,0.113178,0.0289629,0.065048
0.0213091,0.0142533,0.0084005,0.0406946,0.0114317,0.00511227
0.02063,0.013746,0.00467779,0.0272659,0.00804172,0.00445318
0.0095561,0.00620258,0.00459927,0.018587,0.00391223,0.00814532
0.0179945,0.0119121,0.00836905,0.0342257,0.00810245,0.00482733
0.0141797,0.00916772,0.00524126,0.0288339,0.00814518,0.00301969
0.00410181,0.00304339,0.00170182,0.0109728,0.00344068,0.00578779
0.00801145,0.00562241,0.00288275,0.0197179,0.00603903,0.00814041
0.0240052,0.0160943,0.00641753,0.0450784,0.0108153,0.0228826
0.013059,0.00880168,0.00411407,0.0154043,0.00428973,0.0112556
0.0142354,0.009368,0.00472865,0.0230545,0.00536238,0.00556444
0.0164805,0.0113446,0.00396662,0.0259095,0.00613216,0.0115997
0.0167064,0.010826,0.016662,0.0785835,0.0205232,0.0157833
0.00976684,0.00684803,0.00396788,0.0213412,0.00542376,0.00165771
0.00945056,0.0064401,0.0117575,0.0616299,0.017705,0.0137421
0.0189196,0.0127809,0.00619141,0.019784,0.00418322,0.0030475
0.018607,0.0125749,0.0224773,0.0400011,0.0102574,0.0280502
0.0213347,0.0142881,0.00617364,0.0381248,0.00763746,0.0162178
0.0116004,0.00780417,0.00450043,0.00501756,0.000554509,0.00115699
0.00491699,0.00343392,0.00269113,0.0137144,0.00381404,0.00381636
0.0452135,0.0248974,0.0347929,0.206551,0.0556357,0.0589113
0.00995055,0.00712555,0.00949344,0.0499501,0.0133762,0.00951644
0.00818072,0.00569186,0.0036018,0.0136116,0.00351547,0.0024251
0.00800189,0.00519606,0.00335836,0.00639853,0.00260266,0.00512637
0.0533842,0.0325316,0.0254233,0.110274,0.0265961,0.0193505
0.017939,0.0120199,0.00558422,0.0274163,0.00751703,0.00977416
0.0196678,0.0134269,0.00637213,0.0241576,0.0054471,0.00920402
0.0246834,0.0160468,0.00754223,0.036366,0.0101069,0.00545778
0.0163531,0.0113134,0.0045765,0.0177026,0.00567259,0.00848852
0.00834619,0.00590608,0.00435455,0.0415128,0.0110068,0.0187517
0.0306489,0.0197924,0.0116115,0.0484202,0.0129918,0.0109332
0.0154778,0.0104957,0.00499439,0.0394332,0.0103749,0.0208746
0.0128464,0.0084285,0.00893928,0.0560584,0.0154447,0.0203284
0.00516547,0.00361381,0.00276167,0.000204222,0.000515673,0.000192424
0.0129287,0.00914774,0.00328346,0.0379208,0.0111834,0.0147633
0.00438882,0.00296882,0.00203762,0.0084973,0.00230008,0.00222906
0.00453565,0.00326083,0.00244817,0.00898715,0.00189979,0.00740109
0.0222071,0.0152872,0.0135998,0.0421195,0.0110637,0.0163429
0.0130888,0.00909018,0.00569595,0.0214319,0.00489091,0.00809923
0.0407668,0.0251295,0.012291,0.0597219,0.0148685,0.0138823
0.0217054,0.0148859,0.00825627,0.045319,0.011825,0.00527508
0.0249991,0.015618,0.0181356,0.104444,0.0277137,0.0477252
0.0131285,0.00875177,0.00493466,0.0503216,0.0131977,0.00729769
0.0129587,0.00912262,0.00458022,0.0231124,0.00450874,0.00427186
0.0257807,0.0169001,0.00983277,0.0510108,0.0133961,0.0217314
0.00667033,0.0045521,0.00320148,0.0132275,0.00520644,0.00883635
0.0179015,0.0122599,0.007159,0.0258802,0.00730079,0.0097928
0.0107801,0.00774516,0.00390122,0.0178184,0.00494836,0.00620808
0.00916345,0.00685161,0.00372721,0.0166539,0.00318505,0.00340369
0.0115858,0.00771481,0.00391759,0.0197366,0.00754578,0.00360436
0.0197015,0.0132303,0.00654808,0.0240897,0.00739664,0.0154678
0.0354523,0.0163517,0.0106887,0.0738328,0.0193014,0.03273
0.0145893,0.00924113,0.0487011,0.173967,0.0450873,0.0877587
0.0153457,0.00908382,0.00457522,0.0176645,0.00504895,0.00933917
0.0112943,0.00458494,0.00354782,0.00977878,0.00343969,0.00435928
0.0218998,0.0147988,0.0347417,0.107364,0.0280506,0.0375651
0.0256077,0.0170839,0.00894357,0.0345375,0.00865719,0.00859703
0.00565893,0.00402103,0.00248291,0.0117706,0.00358206,0.00474695
0.0256875,0.0171777,0.0130426,0.075911,0.0190165,0.0330708
0.00665754,0.00438918,0.00298129,0.0143683,0.00342112,0.00580684
0.00872279,0.006156,0.00421022,0.0283673,0.00641511,0.00897603
0.044378,0.0280997,0.0303323,0.0917895,0.0257327,0.0223445
0.0121951,0.00833304,0.00615068,0.0183029,0.00430695,0.0033191
0.00651943,0.00472171,0.00272709,0.0146936,0.00511554,0.00247298
0.0243196,0.0125331,0.0169681,0.0981926,0.0284764,0.0198246
0.024393,0.0107725,0.00889941,0.0410354,0.00942759,0.0102235
0.00791843,0.00530676,0.00188629,0.0169584,0.00412744,0.0027349
0.00979179,0.00701518,0.00374091,0.0156353,0.00393657,0.000667617
0.0108241,0.00772618,0.00467462,0.0209221,0.00548896,0.00524298
0.0195332,0.0130216,0.00945677,0.0241253,0.00626737,0.00873276
0.0406059,0.018915,0.0151465,0.0340758,0.00951966,0.015174
0.0368623,0.0169509,0.0144166,0.0228799,0.00495501,0.0120635
0.0140507,0.00969037,0.00987574,0.0501188,0.0119818,0.0170642
0.0221152,0.0144173,0.0120702,0.0509271,0.0135367,0.0203778
0.0167357,0.0112977,0.0201815,0.0850119,0.0200439,0.0222561
0.00631762,0.00415198,0.00163936,0.0189298,0.00595272,0.0115621
0.0102792,0.00721462,0.00436024,0.0210247,0.00552744,0.00434717
0.00666644,0.00491453,0.00529471,0.0204498,0.00489979,0.00522882
0.0481894,0.0283666,0.0191188,0.0819443,0.0207509,0.0354421
0.0217134,0.00968626,0.00802744,0.0581437,0.0146306,0.0202538
0.011025,0.00773513,0.00540962,0.0283759,0.00722095,0.00628041
0.0180242,0.0122749,0.00958901,0.0505189,0.014408,0.0140427
0.020921,0.0136058,0.0101147,0.048423,0.011566,0.0173971
0.022217,0.0151655,0.00555382,0.0231927,0.0067921,0.00913942
0.00789477,0.00552001,0.00245863,0.0146521,0.00450522,0.00321915
0.0462011,0.0272169,0.0322904,0.11277,0.0271641,0.0670264
0.0373715,0.0196258,0.0165786,0.0262126,0.00695853,0.0228375
0.0266377,0.0179745,0.00887031,0.0407802,0.012318,0.0162105
0.00931795,0.00663656,0.00296614,0.00389056,0.00169081,0.00386405
0.0282757,0.0182903,0.0114635,0.0587889,0.0166193,0.00894146
0.0141925,0.00978147,0.0045887,0.0138799,0.00402606,0.00739781
0.0237922,0.0161086,0.00589814,0.0294711,0.00870784,0.0172019
0.0321239,0.0210383,0.0134903,0.0442828,0.01222,0.0137546
0.00633245,0.0045937,0.00695033,0.017899,0.00396105,0.00682947
0.0347105,0.0212025,0.0182091,0.0661049,0.016563,0.0310864
0.0118085,0.00870269,0.00400264,0.0168184,0.00438672,0.00263611
0.0333037,0.0211722,0.0119194,0.0530335,0.0133586,0.0256831
0.0110609,0.0073545,0.00452329,0.0233866,0.00553,0.00670302
0.0144186,0.00852577,0.00534477,0.0368128,0.00863347,0.0126152
0.0146891,0.0101055,0.00482959,0.0167559,0.00609675,0.00583926
0.00827078,0.00557321,0.00350782,0.0186242,0.00525302,0.0115233
0.0095135,0.00628659,0.00318027,0.0284745,0.0058105,0.00579241
0.0350853,0.0225164,0.0146945,0.0595424,0.0181559,0.0380925
0.0178089,0.011076,0.00590603,0.0250419,0.00611223,0.00347338
0.0286974,0.0178172,0.0106878,0.0599153,0.0179491,0.0248782
0.00672718,0.00472762,0.00343404,0.0118287,0.00288929,0.00122086
0.0296629,0.019639,0.010656,0.0458295,0.0107822,0.0122779
0.00885335,0.00617526,0.00402078,0.00322591,0.000768845,0.00135875
0.00698398,0.00467417,0.00323702,0.00988093,0.00330493,0.00857307
0.00601978,0.00421126,0.0016569,0.0167485,0.00470566,0.00701011
0.00910413,0.0060712,0.00469847,0.0162345,0.00360983,0.00558378
0.00944951,0.00614587,0.0023925,0.0155357,0.00378217,0.00615003
0.0114996,0.00805196,0.0052482,0.0202643,0.00362656,0.00148078
0.0152606,0.0108,0.00552621,0.0225182,0.00651559,0.00433488
0.0335,0.0218019,0.0110229,0.0508576,0.0125836,0.00919119
0.00575126,0.00431592,0.0105684,0.0452069,0.0128045,0.0238968
0.00494754,0.00341502,0.00201245,0.0134873,0.00358204,0.00284149
0.0367122,0.0237718,0.00926641,0.0386412,0.0104781,0.0111137
0.0141999,0.00947151,0.00479343,0.0196495,0.00523268,0.00818929
0.0239413,0.0157937,0.010016,0.0327108,0.0102891,0.0145762
0.004451,0.003095,0.0044167,0.0300701,0.00636981,0.0142487
0.0376802,0.0239962,0.026639,0.116429,0.0289321,0.0219522
0.0128057,0.00881549,0.0114589,0.0563824,0.0138582,0.0130323
0.0188749,0.0129184,0.00601008,0.0240991,0.00515174,0.00458942
0.00600866,0.00401868,0.00234409,0.0114965,0.00260477,0.0103671
0.0186912,0.0127656,0.00836917,0.0423434,0.0121809,0.0191177
0.0134769,0.00920235,0.00436767,0.0285035,0.00693415,0.0131051
0.00611321,0.00405975,0.00227453,0.0202048,0.00445372,0.00979552
0.00506728,0.00361333,0.00230241,0.0131319,0.0034737,0.0030226
0.0351739,0.0232457,0.0113442,0.0455813,0.0130273,0.0211116
0.0134177,0.00883777,0.00436586,0.023197,0.00679146,0.0114249
0.00998901,0.00680607,0.00280135,0.0203266,0.00519572,0.00637871
0.0143255,0.00915917,0.0139247,0.0631852,0.0178405,0.0221929
0.0101856,0.00662749,0.00308676,0.0200542,0.00456859,0.00408233
0.0399961,0.0262112,0.0109401,0.06761,0.0156734,0.0215931
0.0140871,0.00589291,0.00533734,0.0274601,0.0069766,0.00788961
0.0192798,0.00592365,0.00683937,0.0376619,0.009246,0.00891464
0.0237231,0.0151585,0.00660475,0.0417204,0.0100573,0.00560654
0.00959654,0.00651787,0.00383013,0.0144561,0.00410272,0.00291564
0.0286068,0.0190729,0.0222279,0.108131,0.0265401,0.0494623
0.027502,0.0187355,0.0176372,0.0725787,0.0189668,0.0113049
0.0189689,0.0128357,0.0127148,0.0737578,0.0189224,0.0420785
0.00831717,0.00574411,0.00274257,0.0149637,0.00414197,0.00705079
0.0103708,0.00720543,0.00360653,0.018362,0.00396527,0.00380172
0.030595,0.0208012,0.0134685,0.0533159,0.0143693,0.0181584
0.0305721,0.0203918,0.0105614,0.0284172,0.00849823,0.00938402
0.0178052,0.0119278,0.00410259,0.0324249,0.00694035,0.00968203
0.0189786,0.0127068,0.0136938,0.0742091,0.0189941,0.0224378
0.0354679,0.0234974,0.015152,0.0771072,0.0211632,0.0171233
0.0414194,0.019184,0.0182411,0.0887399,0.0224329,0.0305994
0.0402404,0.0192696,0.0172875,0.077699,0.0175933,0.0271637
0.00865113,0.00612963,0.00754501,0.0334722,0.0105942,0.0073833
0.0372836,0.023789,0.0274068,0.104882,0.0273218,0.044333
0.0111758,0.00777731,0.0050632,0.0107771,0.00272666,0.00853859
0.00741571,0.00505967,0.00462553,0.0221894,0.00370807,0.00450244
0.0126263,0.00880459,0.0109427,0.0491272,0.0124121,0.0122108
0.040803,0.024723,0.0154765,0.0667312,0.0181982,0.0171984
0.0093841,0.00628657,0.0030927,0.0166424,0.00286656,0.00297234
0.0168413,0.0118277,0.00490984,0.00193748,0.00101441,0.000945433
0.0205845,0.0140543,0.00656026,0.0299291,0.00818715,0.00646701
0.00742725,0.00522904,0.0103345,0.0207549,0.00421976,0.00605849
0.0125095,0.00898546,0.00495477,0.0181298,0.00526035,0.0091689
0.005095,0.00374073,0.00226366,0.0133187,0.00368581,0.00219089
0.00544617,0.00396357,0.00255841,0.00263766,0.000649617,0.00330366
0.00802461,0.00555547,0.00698912,0.0311902,0.00711935,0.010381
0.0222248,0.0151761,0.0102732,0.0459777,0.010475,0.0033205
0.0184894,0.0123187,0.00566791,0.0354862,0.0118639,0.0216598
0.00743491,0.00528504,0.0019824,0.0229864,0.00774606,0.00539182
0.00806466,0.00563518,0.00169182,0.0240644,0.00499968,0.00993276
0.00873178,0.00634772,0.00258814,0.0192902,0.00783586,0.00280532
0.0294464,0.0183383,0.0224691,0.0895569,0.023102,0.0357965
0.0180091,0.012618,0.00996569,0.0304241,0.00922696,0.0187198
0.0195444,0.012777,0.00554283,0.0244612,0.00651229,0.00987957
0.0108733,0.00755845,0.00473388,0.0235517,0.00546459,0.00724114
0.00560647,0.00390828,0.00223926,0.0139575,0.003055,0.00217212
0.0156036,0.0107339,0.00483523,0.0202407,0.00608923,0.0173834
0.00518647,0.00386579,0.00239895,0.0123176,0.00280083,0.00410572
0.0411999,0.0186024,0.024479,0.105558,0.0308983,0.0276442
0.0492402,0.0223844,0.0195869,0.0848394,0.0204055,0.0231922
0.0261143,0.0135865,0.0113642,0.0536083,0.0128456,0.0318327
0.00459914,0.00348532,0.00223204,0.0157782,0.00485924,0.00345626
0.0228958,0.0153376,0.00732374,0.0441451,0.0121537,0.0117765
0.0152871,0.0107154,0.00473141,0.0259696,0.0065481,0.00842313
0.0187672,0.0130957,0.00521892,0.0183752,0.00472953,0.00775456
0.0128437,0.00888082,0.00369163,0.0275342,0.00730343,0.00825748
0.0212173,0.0142723,0.00684833,0.0320897,0.0085255,0.00558202
0.0236765,0.0157114,0.00781705,0.0467538,0.0119488,0.00949501
0.006612,0.00469571,0.00255773,0.0121983,0.00316937,0.0126774
0.0102911,0.0067886,0.00381633,0.0136932,0.00457639,0.0105271
0.00569758,0.00402027,0.00712651,0.0150087,0.00303821,0.011514
0.00955163,0.00652125,0.00456726,0.0114077,0.00197145,0.00162428
0.0159988,0.0106901,0.00413275,0.0325053,0.00907654,0.00685272
0.0104792,0.0072222,0.00638954,0.0251239,0.00574975,0.00593073
0.021007,0.0144494,0.014691,0.0422275,0.0109771,0.0169612
0.0447525,0.0276183,0.0150081,0.0583919,0.0175593,0.0180844
0.0216819,0.0147211,0.00907452,0.0372477,0.0105782,0.0190733
0.0290743,0.0192115,0.0155485,0.0491511,0.0104558,0.0214143
0.0469204,0.0297802,0.0175805,0.0684227,0.0172496,0.017139
0.0198208,0.0128443,0.0511856,0.176923,0.0497369,0.1048
0.0132085,0.0086654,0.00559046,0.0281306,0.00815295,0.00769432
0.0273469,0.0132587,0.00869845,0.0607208,0.0137112,0.0137362
0.00747037,0.00541539,0.00314784,0.0167481,0.00351094,0.000878038
0.0130802,0.00881482,0.0071296,0.0341609,0.0077607,0.00767668
0.0112225,0.00744153,0.00405563,0.0215198,0.00550225,0.00637047
0.0333509,0.0220622,0.0197301,0.0666122,0.0167692,0.00564764
0.0331328,0.0221744,0.00758452,0.0618015,0.0174751,0.0105875
0.0233681,0.015944,0.0163194,0.0716986,0.0179082,0.017141
0.00625233,0.0047497,0.00335495,0.0167781,0.00334051,0.0046509
0.0193629,0.0125196,0.0195165,0.0835288,0.0212749,0.0386725
0.00527705,0.00409957,0.00134543,0.015375,0.00470344,0.00224954
0.0329526,0.0218571,0.0101636,0.0342765,0.00921405,0.00911513
0.02127,0.0147228,0.0173438,0.0517925,0.0124775,0.0310051
0.0266118,0.0167473,0.0275984,0.111489,0.0283012,0.0375401
0.0139879,0.00986478,0.0058004,0.0563655,0.0150919,0.0155495
0.00752984,0.00494496,0.00248157,0.0264226,0.00594956,0.00724097
0.0321146,0.0211857,0.0141636,0.0563174,0.0136302,0.0207067
0.0205122,0.013879,0.00709322,0.0373368,0.0083128,0.0144259
0.0350433,0.0230376,0.0167068,0.0772037,0.0214683,0.0228079
0.0255624,0.0168364,0.0110786,0.0169325,0.00153943,0.0140204
0.035744,0.0228409,0.0182244,0.047064,0.0114804,0.0185954
0.0192429,0.0127298,0.00542496,0.038737,0.00863103,0.00703628
0.00997096,0.00710053,0.00456642,0.018658,0.00534484,0.00206833
0.0275855,0.0187645,0.0180417,0.0590039,0.0158852,0.0257782
0.0138974,0.00992123,0.00446593,0.0320529,0.00739769,0.00605839
0.00920264,0.00660426,0.00179863,0.0159522,0.00355385,0.00594618
0.0122899,0.00843796,0.0036188,0.0266579,0.0067614,0.00575909
0.0285036,0.0196751,0.0205248,0.136412,0.0374391,0.04161
0.0127004,0.00871311,0.00426517,0.0246605,0.00617281,0.00457461
0.0141466,0.00953826,0.0114191,0.0390118,0.00840427,0.0079523
0.0374299,0.0253378,0.0139441,0.0632834,0.0157909,0.0167775
0.0052934,0.00366343,0.00297232,0.0130573,0.00351719,0.00237509
0.00575646,0.00427438,0.00302068,0.00483583,-0.000113616,0.000914253
0.0361677,0.0222354,0.0390071,0.121073,0.0322132,0.016607
0.0103073,0.00734295,0.00392164,0.0140415,0.00387077,0.00206724
0.0229334,0.0155913,0.0093439,0.0414155,0.010166,0.0154792
0.023399,0.013756,0.0320014,0.130589,0.0307658,0.0618736
0.00528112,0.00377546,0.00264846,0.0130615,0.00419317,0.00336358
0.00649846,0.00379393,0.00309301,0.0224496,0.00822846,0.00315239
0.0136138,0.00968251,0.00391617,0.0255492,0.00510236,0.00462304
0.0109042,0.00747194,0.00450622,0.0424436,0.0119305,0.00806456
0.00410096,0.00307127,0.0016113,0.0128224,0.00313005,0.00331616
0.0167688,0.0114272,0.0197122,0.0811819,0.0214364,0.030593
0.00841548,0.00594888,0.00156821,0.0199531,0.00510548,0.00780953
0.00688207,0.00461405,0.00255593,0.0207202,0.00651811,0.00594098
0.00699006,0.00463613,0.0035583,0.0103421,0.00211499,0.00161191
0.0151094,0.0101964,0.00316566,0.024202,0.0063749,0.00873796
0.0356992,0.0235459,0.011791,0.0572375,0.0151222,0.0146211
0.00646159,0.00456162,0.00262927,0.0140131,0.00586627,0.00606277
0.0180727,0.0118234,0.00745018,0.00725054,0.00210952,0.0164197
0.00843769,0.00615957,0.00252312,0.0235622,0.00517395,0.00613301
0.0194724,0.0137305,0.00728381,0.0352664,0.0091199,0.0129962
0.0105626,0.0077682,0.00364685,0.0135204,0.00399301,0.006514
0.0312669,0.0159873,0.0148,0.0537436,0.0118858,0.0258033
0.0242836,0.0159841,0.0115324,0.052322,0.0151674,0.0184833
0.0127877,0.00869595,0.00576175,0.0226245,0.0069216,0.00585895
0.0349043,0.0214115,0.015541,0.0875627,0.0233538,0.0298631
0.052982,0.0325741,0.0197512,0.0782626,0.0211266,0.021871
0.030048,0.0116266,0.0138799,0.0755968,0.0205536,0.0284706
0.0261338,0.0175755,0.0098604,0.0154461,0.0033925,0.0199536
0.0122809,0.00849079,0.00693105,0.0210625,0.00576408,0.00315844
0.0088549,0.00622172,0.00481485,0.0211774,0.00581859,0.00451756
0.0468815,0.0204168,0.0379393,0.154559,0.0412884,0.0604356
0.00560238,0.00420645,0.00420219,0.0159624,0.00450801,0.00797806
0.00785917,0.00524964,0.00644455,0.0437999,0.012445,0.0149288
0.0321197,0.021621,0.0108276,0.0457286,0.0125511,0.0380247
0.0209259,0.0141897,0.0141152,0.041386,0.0114821,0.0210642
0.0324161,0.0220664,0.0132001,0.0475397,0.010446,0.0140935
0.00639572,0.00450898,0.00269343,0.0205482,0.00463195,0.00491545
0.0341678,0.0224007,0.0103966,0.0504284,0.0136591,0.0101008
0.0184538,0.00728089,0.00772633,0.0371709,0.00972805,0.00537647
0.0243986,0.0124876,0.00816318,0.0425664,0.00772397,0.003914
0.00864425,0.00622655,0.00258783,0.0217713,0.00522315,0.00274664
0.0235498,0.0154676,0.00598793,0.0375695,0.00938789,0.014132
0.0159827,0.0112612,0.00771431,0.0401307,0.0109562,0.00994926
0.019069,0.0130449,0.00515874,0.0278508,0.00787816,0.0039381
0.0238367,0.016034,0.00739637,0.0548897,0.0134884,0.00725129
0.0203092,0.0139995,0.0097812,0.0520717,0.0134491,0.0220588
0.0251108,0.0169565,0.00754881,0.0245373,0.00651676,0.00677692
0.043203,0.0277038,0.0173567,0.0804482,0.0220138,0.0260166
0.0537603,0.0281703,0.0211961,0.0854647,0.0205789,0.027201
0.0318907,0.0215427,0.0095569,0.0428967,0.0108096,0.00527741
0.0405068,0.0252819,0.0112432,0.0411969,0.011376,0.00937027
0.0144322,0.0102325,0.0145422,0.0374114,0.00885773,0.00580115
0.0546619,0.0303498,0.0280358,0.144983,0.0348961,0.0322857
0.0231069,0.0153074,0.00464982,0.0365141,0.0108985,0.0130218
0.00868607,0.00606519,0.00322012,0.0100047,0.00320273,0.00353222
0.00711071,0.00481752,0.00448271,0.0292952,0.0101728,0.00778403
0.00659104,0.00439584,0.00261178,0.014118,0.00389995,0.00288985
0.033377,0.0207973,0.0129196,0.0640994,0.0176846,0.0169337
0.0159754,0.0107654,0.0082876,0.0237718,0.00626394,0.00409898
0.0248349,0.0164831,0.00997376,0.0395769,0.0123217,0.0343175
0.0090793,0.0060265,0.00261736,0.0217964,0.00490468,0.00679422
0.0067934,0.00456485,0.00341767,0.0171188,0.00276339,0.00295519
0.00623448,0.00457808,0.00301759,0.0144982,0.00464765,0.00378722
0.0291516,0.0133136,0.0234026,0.133893,0.0376342,0.0499659
0.0259182,0.0123781,0.0171862,0.0904309,0.0221065,0.035449
0.00500377,0.00361856,0.00180969,0.0134428,0.00321011,0.00145103
0.0233325,0.0151395,0.0138712,0.0662516,0.015248,0.0199462
0.0240532,0.0163015,0.0223058,0.0588557,0.0147554,0.0137011
0.0348851,0.022136,0.0333116,0.116054,0.0314567,0.045218
0.0208867,0.0135518,0.00710361,0.0350841,0.00888436,0.00420242
0.0079042,0.00571586,0.00299308,0.0187359,0.0053943,0.00288625
0.0225866,0.0153321,0.00931402,0.0438325,0.0110986,0.00842145
0.0117348,0.00805729,0.00540352,0.020105,0.00580288,0.00761092
0.0288887,0.0171699,0.0126046,0.0597586,0.0157471,0.0137183
0.00667821,0.00468835,0.00306979,0.010886,0.00308927,0.00199915
0.0102909,0.00728307,0.0030721,0.0283237,0.00732165,0.0102917
0.0515455,0.0297147,0.0138443,0.0633583,0.0190062,0.0232175
0.0243093,0.0163883,0.00995148,0.0369523,0.00871178,0.00480592
0.0235475,0.0158847,0.00935863,0.0489306,0.0105236,0.0106536
0.010103,0.00652097,0.00493771,0.0331156,0.00949705,0.0136605
0.018273,0.0121011,0.00652376,0.0268476,0.00684387,0.0128481
0.016229,0.0109345,0.00519137,0.0321381,0.00835734,0.00965281
0.0105354,0.00722031,0.00329705,0.0240311,0.00576179,0.00203406
0.00889499,0.00639691,0.00284568,0.0162459,0.00413518,0.00577291
0.0264284,0.0178525,0.00949959,0.04839,0.0141176,0.00813886
0.0216159,0.0143735,0.00718886,0.0194704,0.00532821,0.0038629
0.0224038,0.015108,0.010067,0.033284,0.00913261,0.0100379
0.00583471,0.00397043,0.00317782,0.0166391,0.00309224,0.00160573
0.0120368,0.00869074,0.00834991,0.0141877,0.00487788,0.0102374
0.00804817,0.00556968,0.00297223,0.0229617,0.00694348,0.0038014
0.00702912,0.00502346,0.00308598,0.00265082,0.000143197,0.00192727
0.00942431,0.00645461,0.00347611,0.0173791,0.0058422,0.00533305
0.0279248,0.0183624,0.0146096,0.047294,0.0136849,0.0191677
0.0107228,0.00743351,0.00335931,0.0217502,0.00478033,0.012555
0.0224156,0.0152711,0.0105806,0.0489858,0.0100442,0.00342634
0.00868526,0.00620558,0.00310734,0.0176862,0.00376847,0.0025188
0.0245364,0.0167633,0.0115202,0.0447337,0.0118287,0.0350664
0.0375847,0.0240128,0.0115464,0.0486592,0.0127585,0.0111895
0.0241539,0.0146688,0.0271251,0.111747,0.0287353,0.0552925
0.00651565,0.00461027,0.00477349,0.01624,0.00360485,0.00530081
0.00511588,0.0034075,0.00311374,0.0159528,0.00421326,0.00308773
0.0447433,0.0284501,0.0158748,0.0548151,0.0162585,0.0138765
0.0148069,0.0102054,0.0107557,0.0442913,0.0125789,0.00907248
0.030248,0.0195471,0.019773,0.0477677,0.0121008,0.0240483
0.0337418,0.0196953,0.0240928,0.107577,0.0294808,0.0468637
0.0146305,0.0105161,0.00515077,0.0277335,0.00762037,0.0064544
0.0147743,0.0101127,0.00407698,0.0259819,0.00768739,0.00898886
0.00785111,0.00537792,0.0034051,0.0112986,0.0044344,0.00420397
0.00490358,0.00343232,0.00298684,0.011538,0.00414048,0.00351784
0.0637394,0.0253777,0.0344657,0.174773,0.0461157,0.0696569
0.0485203,0.0193865,0.0167995,0.0838103,0.019342,0.0260584
0.0243006,0.0158312,0.0097632,0.0356268,0.00949831,0.0295244
0.00824241,0.00546502,0.00322197,0.0206257,0.00541695,0.0092595
0.0154496,0.0107232,0.00447525,0.0238467,0.00670093,0.00946544
0.00667525,0.0049207,0.002777,0.0156618,0.00385985,0.00390719
0.0349996,0.0221084,0.0328253,0.116288,0.0324244,0.037627
0.0239844,0.0156792,0.0189419,0.0124338,0.00293967,0.0278365
0.0213591,0.0087649,0.020002,0.0816252,0.0227075,0.0194381
0.0129389,0.00905376,0.00535525,0.0238742,0.00514261,0.00173652
0.0165461,0.0114057,0.00641828,0.0353765,0.0100768,0.00688108
0.0373961,0.0233596,0.0172915,0.0319749,0.00819697,0.0199223
0.00967111,0.00692321,0.00339456,0.0189889,0.00379904,0.00466378
0.0230192,0.00901523,0.00934712,0.0451086,0.0129544,0.0151183
0.0232099,0.00894437,0.00931538,0.0444661,0.0119723,0.0139072
0.0188916,0.0123935,0.00362841,0.037863,0.0118173,0.0116622
0.0486207,0.0312467,0.0227918,0.0870588,0.0226003,0.00922454
0.008813,0.00620211,0.0022449,0.0117284,0.00362168,0.00986214
0.0138816,0.00968917,0.0069793,0.0290127,0.00701771,0.0216893
0.0371499,0.023139,0.0210837,0.0781778,0.0196285,0.0436171
0.00938137,0.00656976,0.00438838,0.0213373,0.00468504,0.0102674
0.0181292,0.0121783,0.0153017,0.0715821,0.0176428,0.011211
0.0146301,0.00968384,0.00649386,0.040106,0.0091526,0.00357677
0.00730379,0.00510067,0.003454,0.0158699,0.00357062,0.00175084
0.0241196,0.0159706,0.0139212,0.0462087,0.0125189,0.0162072
0.0223115,0.0154763,0.00507343,0.0268778,0.00698112,0.00543736
0.0175027,0.0116402,0.00983418,0.0454487,0.0143532,0.0124823
0.0160436,0.0112572,0.00379392,0.0313453,0.00807466,0.00776254
0.0151533,0.0104253,0.0309048,0.164881,0.0455121,0.0514409
0.00742422,0.00547157,0.00292921,0.0125407,0.00427026,0.00193812
0.0138846,0.00890411,0.00371424,0.0301192,0.00884393,0.00916899
0.037545,0.023131,0.0117182,0.0402226,0.0109841,0.00866442
0.00696098,0.00454026,0.00254226,0.0215119,0.00486989,0.00159947
0.0139437,0.00880956,0.00505513,0.0317541,0.00639144,0.00576336
0.0113699,0.0079325,0.00373994,0.0205385,0.00571917,0.00158888
0.029408,0.0200422,0.00854833,0.0378067,0.00839558,0.0123048
0.0138744,0.00963763,0.00701974,0.0144427,0.00378406,0.00312768
0.00763162,0.00507631,0.00138659,0.0194612,0.00562703,0.00409839
0.00892424,0.00618341,0.00634397,0.0333266,0.00728096,0.00614587
0.00713901,0.00468613,0.00339187,0.010631,0.00402637,0.00379634
0.00856026,0.00566679,0.00502768,0.0114859,0.00370114,0.00214279
0.0084055,0.00553858,0.00209145,0.0127965,0.00398528,0.00147281
0.039082,0.0146601,0.0142349,0.0514411,0.0134075,0.0259542
0.0390001,0.0146651,0.0142217,0.050612,0.0128903,0.0259899
0.0510205,0.0294241,0.0295611,0.126828,0.0329945,0.0462193
0.00988162,0.00646321,0.00293466,0.0152005,0.00497674,0.00834901
0.00914915,0.00644157,0.00261779,0.0327113,0.00932383,0.00407374
0.0384822,0.025443,0.020704,0.0614261,0.0171193,0.00867627
0.00968594,0.00684562,0.0039264,0.0293055,0.00826734,0.0128759
0.00983583,0.00643952,0.00429364,0.0204878,0.00421393,0.00307448
0.0204999,0.0143833,0.00554205,0.0249304,0.00528446,0.012424
0.0100971,0.0067017,0.00299601,0.010777,0.00381893,0.0014246
0.00556454,0.00389554,0.00135871,0.0153799,0.00364045,0.00131874
0.00862823,0.00605967,0.00359685,0.0208639,0.00596199,0.00708728
0.0095978,0.00640162,0.00359679,0.0197905,0.00446652,0.00313444
0.0244397,0.0164568,0.00983746,0.0465848,0.0129784,0.0154569
0.0145193,0.00971736,0.00553456,0.0264847,0.00741872,0.00863154
0.0116358,0.00772134,0.00444784,0.0142407,0.00389784,0.00233557
0.0527864,0.0318474,0.0271873,0.135189,0.0361523,0.0444178
0.00894958,0.00632169,0.00376118,0.00739336,0.0010494,0.00879493
0.0203155,0.0138769,0.0103365,0.0275875,0.00630576,0.0108967
0.00572094,0.00386244,0.00216871,0.0144397,0.00183498,0.00205851
0.00912102,0.00598695,0.00311966,0.0151506,0.00306579,0.00271387
0.0225554,0.0148307,0.0219469,0.0656711,0.0186172,0.101242
0.0191659,0.0125712,0.00629701,0.02757,0.00797773,0.00271893
0.0216856,0.0145868,0.00861142,0.0581761,0.0153581,0.0103725
0.0147177,0.0102451,0.00377247,0.0218393,0.00515942,0.00251976
0.0350847,0.0230789,0.012995,0.0767104,0.0205205,0.0185902
0.0201824,0.0138491,0.0113618,0.0461236,0.0119477,0.00969223
0.00779097,0.00575164,0.0014292,0.0137002,0.00298345,0.00119916
0.0218499,0.0147575,0.00697683,0.0312916,0.00694574,0.016645
0.0113556,0.00752517,0.00774136,0.0342884,0.00872903,0.00975403
0.0188698,0.0128361,0.00678978,0.0270469,0.00681461,0.00586007
0.0232469,0.015135,0.00664778,0.0374292,0.00871217,0.00640642
0.0229848,0.0156892,0.0100491,0.0438052,0.00897307,0.00631248
0.00730031,0.0052435,0.00265513,0.0216752,0.00524748,0.0108232
0.00661523,0.00470832,0.0030247,0.0155479,0.00279765,0.00531069
0.0195576,0.013414,0.00541478,0.036172,0.0112484,0.0128205
0.0303924,0.0189397,0.0183716,0.0909327,0.0254951,0.0317726
0.0357431,0.0208083,0.0405231,0.167214,0.0432184,0.0324177
0.0205655,0.0136553,0.0162712,0.0989661,0.0261073,0.022106
0.0237638,0.0161822,0.00772364,0.0664116,0.0178196,0.0116677
0.0870008,0.0358936,0.068326,0.239254,0.0639077,0.0821485
0.0765531,0.0335228,0.055858,0.179757,0.0419897,0.053677
0.00981168,0.00675281,0.00355087,0.0220116,0.00568669,0.00425031
0.00639594,0.00460898,0.00276272,0.00800192,0.00316606,0.00592646
0.0351912,0.0226525,0.0168207,0.0956381,0.0282524,0.0225801
0.0668651,0.039008,0.0204527,0.0873534,0.0217652,0.046825
0.0181126,0.0125325,0.0161941,0.0529517,0.01253,0.0109672
0.0224094,0.0146837,0.0104432,0.0749647,0.0199613,0.0198107
0.0153273,0.00960162,0.0049846,0.00569385,0.00201001,0.00498878
0.0190334,0.0119832,0.0106319,0.0732192,0.0157865,0.0194302
0.0334381,0.0222869,0.0139475,0.0552118,0.0156828,0.026444
0.00433564,0.0030483,0.0021521,0.0132364,0.0025415,0.00747619
0.0195699,0.0131306,0.00571189,0.0393726,0.0101799,0.00531809
0.0508203,0.0321498,0.0280768,0.0981516,0.0284719,0.045009
0.0329475,0.0166271,0.0137194,0.0569275,0.0180698,0.0145505
0.0343042,0.0165903,0.0140891,0.0568287,0.0187038,0.0145965
0.0162322,0.0095414,0.00591501,0.0171246,0.00523898,0.00728891
0.0123519,0.00879902,0.00464719,0.0193078,0.00611661,0.00316837
0.0222603,0.0150532,0.00436408,0.0317745,0.00673331,0.00273495
0.0309468,0.0206022,0.010616,0.0671722,0.0183328,0.00752656
0.01621,0.0107936,0.00575526,0.0229036,0.00597431,0.0118828
0.0270879,0.0181437,0.0362148,0.129235,0.0354467,0.0907764
0.0370822,0.0228034,0.0173435,0.0739773,0.0201709,0.0370637
0.0130627,0.00867488,0.00457052,0.0226947,0.00712371,0.00272727
0.00445368,0.00314607,0.00178759,0.0108253,0.00339132,0.00173539
0.0329489,0.0207884,0.0193668,0.0665305,0.016941,0.0154923
0.0155029,0.0106074,0.00515633,0.035629,0.0095087,0.00368805
0.0376828,0.0243401,0.00989159,0.0437068,0.0103234,0.0181923
0.0371552,0.0244497,0.0182199,0.0746104,0.0199104,0.0184167
0.00692217,0.0050852,0.00555206,0.0381896,0.0113018,0.0187626
0.008696,0.00605474,0.00281337,0.0196093,0.00510211,0.00327499
0.0226717,0.0153903,0.0102146,0.0509196,0.0129902,0.0205226
0.0273411,0.0161828,0.0253202,0.131098,0.0354746,0.0445522
0.0175004,0.0118719,0.00523336,0.0313524,0.00705562,0.00272502
0.0174888,0.0118953,0.0067683,0.0368567,0.00862307,0.00495154
0.0418114,0.0249349,0.0277361,0.0908128,0.0247748,0.0257248
0.00575229,0.00423026,0.00346144,0.0199471,0.00665416,0.00537255
0.0236315,0.0151001,0.00848725,0.0352267,0.00914759,0.0148173
0.0126527,0.00889771,0.00465248,0.0181433,0.00416487,0.00438225
0.0440853,0.025194,0.0516162,0.233162,0.0616389,0.0854831
0.015979,0.0110133,0.00408315,0.0351414,0.0080656,0.00744782
0.0144953,0.00982226,0.00606343,0.0195257,0.00579625,0.00681578
0.00471702,0.00303171,0.00262589,0.0193407,0.00461263,0.00650153
0.0194236,0.0133728,0.00694497,0.032267,0.00809734,0.00465817
0.0226168,0.0147042,0.0105543,0.0448074,0.0124551,0.0512502
0.0184825,0.01218,0.0073597,0.031625,0.00791058,0.00628726
0.0103083,0.00678411,0.00369538,0.0189812,0.00275797,0.00512889
0.0201914,0.0136509,0.00535247,0.0311658,0.00903713,0.00460557
0.0269581,0.0179389,0.0142005,0.127998,0.03503,0.016409
0.0102176,0.00696537,0.00493656,0.00555329,0.000662076,0.00530415
0.00773329,0.00535997,0.00394393,0.0227119,0.00327727,0.00417433
0.00639443,0.00471071,0.0029213,0.0132277,0.00326352,0.00753158
0.0548991,0.0333363,0.0207493,0.114478,0.0272112,0.0292243
0.0260645,0.0166608,0.00743533,0.0547936,0.012213,0.00839905
0.019355,0.0128016,0.00962766,0.0443582,0.0102878,0.0156305
0.0270061,0.0182164,0.0102533,0.0363657,0.0102082,0.0167333
0.0193504,0.0131837,0.00754484,0.0170825,0.00446669,0.0065156
0.00968977,0.0065747,0.00385992,0.0153612,0.00356935,0.00944801
0.0496069,0.0307495,0.0158953,0.0996134,0.0246901,0.012206
0.00889822,0.00612592,0.00392543,0.0210989,0.00477983,0.0121265
0.0501936,0.0303413,0.0272392,0.112695,0.0287679,0.0207903
0.0426738,0.0269417,0.0108904,0.0695245,0.0167529,0.0218362
0.0047128,0.0033536,0.00197548,0.0101593,0.0023043,0.00351244
0.0511424,0.0275547,0.0280574,0.115523,0.0325141,0.0309025
0.0159189,0.0111858,0.00871352,0.00720678,0.00131641,0.00677941
0.0220664,0.0148388,0.00680148,0.0473616,0.013626,0.00841367
0.0121912,0.00840664,0.00931923,0.0334736,0.00776382,0.0118162
0.0111381,0.00744222,0.00425375,0.0242448,0.00671445,0.00446411
0.0321088,0.0148718,0.0690412,0.207069,0.0547529,0.0914379
0.0356914,0.0147643,0.0719358,0.205885,0.0506942,0.091242
0.0137541,0.00956735,0.0125014,0.0610501,0.0144356,0.0261051
0.0199126,0.0139965,0.0066234,0.0321515,0.00826228,0.0132535
0.0328364,0.0165602,0.0155144,0.0667739,0.0189465,0.0220947
0.0364964,0.0191999,0.0177267,0.0712709,0.0177512,0.0152518
0.0119162,0.00813708,0.00700376,0.0332385,0.0101909,0.0157726
0.0283484,0.0170887,0.0136149,0.0738625,0.0209155,0.0390123
0.0161674,0.0113664,0.00792494,0.0169302,0.00528758,0.021825
0.0131439,0.00725063,0.00820971,0.0350507,0.00682325,0.00474011
0.0124367,0.00854943,0.00833299,0.0668627,0.0197924,0.0277632
0.0104222,0.00710991,0.0035527,0.0164985,0.00261851,0.0118009
0.0205641,0.0142062,0.00811287,0.0212749,0.00570588,0.00790866
0.0170113,0.0117238,0.0102839,0.0259005,0.00803777,0.00790658
0.0115065,0.00783303,0.00295702,0.0215871,0.00396946,0.00817818
0.0332284,0.0220369,0.00921459,0.0351361,0.0114853,0.0177521
0.0123692,0.0084841,0.00399314,0.0283945,0.00736881,0.00458124
0.0273451,0.0186274,0.0105162,0.0426861,0.00893077,0.0120794
0.0124369,0.00882372,0.00324287,0.0214526,0.00643176,0.0103731
0.00614141,0.00450534,0.00254336,0.0152138,0.00228118,0.00176722
0.030098,0.0197175,0.0313617,0.104038,0.0265258,0.0331275
0.0143943,0.00984166,0.0055526,0.0215579,0.00657833,0.0103484
0.0254323,0.0172664,0.0106905,0.0350752,0.00911978,0.0166821
0.0155724,0.0104922,0.00533286,0.0210312,0.00497596,0.0027973
0.0123002,0.00452911,0.00518583,0.0481813,0.0131237,0.0113246
0.0150689,0.00735096,0.00638386,0.0423102,0.00911874,0.0127112
0.012624,0.00861316,0.00415857,0.023094,0.00603753,0.00981982
0.00591589,0.00409342,0.00291886,0.0177138,0.00368722,0.00415848
0.0237619,0.0157718,0.00733891,0.0443636,0.0136849,0.0190334
0.018278,0.0126762,0.00468947,0.00523381,0.000420418,0.00845782
0.0200782,0.0133408,0.00975922,0.046264,0.0116763,0.00579703
0.0327728,0.0136982,0.0100274,0.0839556,0.0209456,0.00690811
0.0335461,0.0136871,0.0100632,0.0847205,0.0211371,0.00640737
0.0181508,0.0123579,0.0121275,0.0549511,0.0157917,0.0240599
0.00657714,0.00472001,0.00207503,0.0198203,0.00565374,0.00750561
0.00927506,0.00643282,0.00338595,0.0142815,0.00389649,0.00198854
0.00971278,0.00682064,0.00352357,0.0151781,0.00440596,0.00421038
0.00830465,0.0060456,0.0013705,0.0196709,0.00430173,0.00543605
0.0145238,0.0103054,0.00486565,0.0177657,0.00523366,0.00443741
0.0469645,0.0288567,0.0317044,0.116143,0.0333334,0.0651804
0.0105496,0.00696967,0.00397943,0.0263965,0.00754912,0.00214304
0.0126359,0.00868154,0.0076671,0.0322231,0.00790937,0.0114198
0.0121463,0.00803624,0.00528299,0.0227574,0.00613889,0.010038
0.00897972,0.00640682,0.00314591,0.0113186,0.00300309,0.00736659
0.0307845,0.0203047,0.0180813,0.0789015,0.0205088,0.0225165
0.0153795,0.0103643,0.0199986,0.060105,0.0193724,0.0369191
0.00576012,0.00420885,0.00243464,0.0159188,0.00323459,0.00357234
0.0337262,0.0224237,0.013926,0.055263,0.0141786,0.0188421
0.0165295,0.0110425,0.00649769,0.0302918,0.00780862,0.0121205
0.0324267,0.0210156,0.0168189,0.0562128,0.0148813,0.0266302
0.0148093,0.00999268,0.00669198,0.0210805,0.00719415,0.00328683
0.0132214,0.00924206,0.00443637,0.0286878,0.00737074,0.00861974
0.0291706,0.0182629,0.0637922,0.13199,0.0359056,0.0430843
0.0140731,0.00962495,0.0119348,0.0621059,0.0160542,0.0127508
0.0331699,0.0217824,0.0148262,0.0586027,0.0156538,0.0232594
0.032299,0.02084,0.0107499,0.0553366,0.014165,0.0199605
0.00477809,0.00330344,0.00275715,0.019564,0.00411355,0.00713773
0.00520484,0.00359146,0.00157747,0.0178506,0.00483147,0.0042249
0.0123889,0.00818622,0.0131093,0.0783614,0.0220404,0.025386
0.0130801,0.00947534,0.00478507,0.0320514,0.00797719,0.00469054
0.00845866,0.00616538,0.0045929,0.0252168,0.00657773,0.0136124
0.0102433,0.00713826,0.00373457,0.00084679,0.00146245,0.00874338
0.0158006,0.010645,0.00505249,0.0306475,0.00789392,0.00528767
0.032928,0.0214864,0.0102828,0.0377039,0.0104937,0.00558216
0.0221023,0.0149129,0.0119852,0.0417403,0.0111182,0.019031
0.0134514,0.00940515,0.00415659,0.0232216,0.00624564,0.00312868
0.0213404,0.0137815,0.00640144,0.0332573,0.0080786,0.00609068
0.0187323,0.013048,0.0114883,0.0491314,0.0138932,0.0153015
0.00737222,0.00540996,0.00442864,0.0199573,0.00483115,0.00497198
0.0205384,0.0135645,0.0118815,0.0483135,0.0124038,0.010045
0.0121841,0.00801477,0.00488329,0.0233096,0.00627959,0.00867871
0.0126486,0.00894008,0.00358177,0.0023516,0.00105818,0.00561612
0.00934215,0.00665365,0.00437884,0.0324956,0.00907262,0.0132513
0.0155434,0.010736,0.00575742,0.0235684,0.00687691,0.00486834
0.0174692,0.0117285,0.0045891,0.0290397,0.0078795,0.0199032
0.0295109,0.0192949,0.0257634,0.115109,0.0304781,0.0340645
0.0221114,0.0148341,0.00883286,0.0311859,0.00828025,0.0129594
0.00978133,0.00704585,0.003828,0.0157905,0.00423258,0.00421693
0.0127929,0.00896032,0.00468975,0.0215685,0.00618101,0.00430691
0.0126862,0.0084517,0.00447879,0.0318124,0.00829634,0.00983542
0.0104153,0.00706919,0.00193344,0.021561,0.00514986,0.00831623
0.0147509,0.00984638,0.00471379,0.0391369,0.00979942,0.00505588
0.0281873,0.0185219,0.00979805,0.0467111,0.0110044,0.00960289
0.00993059,0.00727172,0.00379486,0.0211387,0.00475541,0.00305342
0.00971016,0.00685727,0.00380234,0.0211498,0.00559947,0.00868935
0.0303091,0.019152,0.0103709,0.0433167,0.0108858,0.014858
0.0208363,0.0103625,0.00802319,0.0380412,0.0106856,0.0116531
0.0199224,0.0104387,0.0078923,0.0346705,0.010013,0.0103014
0.0371439,0.0197138,0.0115613,0.0457986,0.0117401,0.0159453
0.00812531,0.00564901,0.00509704,0.0148934,0.00462006,0.00109636
0.0180412,0.0117577,0.0349241,0.143762,0.0347024,0.0422455
0.0142233,0.00995554,0.00413754,0.0238747,0.00793219,0.022051
0.0292805,0.0191394,0.00948552,0.0433091,0.0111291,0.0140448
0.00999583,0.00700794,0.00812143,0.0280218,0.00735154,0.009365
0.0284469,0.0182413,0.0179461,0.0595946,0.0146234,0.033453
0.0127237,0.0087032,0.00459342,0.021478,0.00694188,0.0200894
0.0243289,0.0156645,0.00885479,0.0459925,0.012968,0.0212354
0.0284832,0.0182072,0.0099568,0.0558904,0.0124681,0.00848699
0.0145613,0.00987621,0.00854107,0.0246253,0.00625924,0.00591151
0.0116861,0.00817826,0.00515757,0.0322643,0.0065681,0.0200121
0.0155522,0.0110128,0.00655195,0.0309837,0.00976933,0.0219474
0.0234737,0.0154995,0.00766284,0.0253822,0.00701348,0.00467291
0.00879778,0.0063249,0.00371627,0.0230814,0.00504635,0.0107408
0.00585385,0.00408684,0.00261445,0.0169023,0.004884,0.00285744
0.0419373,0.0267293,0.0147639,0.0610668,0.0189956,0.024231
0.00446251,0.0033114,0.00319224,0.0154476,0.00323997,0.00529833
0.0212591,0.0146044,0.00600388,0.0338607,0.00963316,0.00841488
0.00530247,0.00388666,0.00137098,0.0168887,0.00524325,0.00236934
0.00698452,0.00498298,0.00228282,0.0212392,0.00598996,0.0023854
0.0144446,0.00987174,0.00544069,0.0249763,0.0073252,0.00199352
0.0209561,0.0139507,0.0078128,0.040032,0.00775524,0.0066183
0.0241326,0.016441,0.00771182,0.0299869,0.00748904,0.00856511
0.0253832,0.016983,0.0108505,0.0542203,0.0133719,0.0182434
0.0106078,0.00730583,0.00291825,0.0199351,0.00568646,0.00751649
0.0252355,0.0167059,0.00859658,0.0341679,0.00877091,0.013646
0.0214226,0.0136228,0.0128351,0.0392283,0.0117299,0.00971457
0.0096739,0.0070665,0.00352633,0.016633,0.00526989,0.0100828
0.0189674,0.0126381,0.00415851,0.0248943,0.00391085,0.00546246
0.0301067,0.0200504,0.00931436,0.0482867,0.0118353,0.00485211
0.0120127,0.00842553,0.00590352,0.0330487,0.00910855,0.0245382
0.0187686,0.0126329,0.0223479,0.0635772,0.0151337,0.0209687
0.0210349,0.0138798,0.00639588,0.0316065,0.00852123,0.0134278
0.0186023,0.0127132,0.00695844,0.034092,0.00887184,0.0129828
0.0204385,0.0132612,0.0115815,0.0661978,0.0156697,0.0107438
0.00588678,0.00421363,0.00251259,0.011964,0.00279657,0.000575048
0.0118254,0.00823841,0.00421132,0.0219691,0.00525722,0.000993533
0.00680191,0.00466728,0.00628433,0.0105759,0.00467854,0.00144226
0.0181603,0.0119368,0.021458,0.101905,0.0282745,0.0234096
0.0179112,0.0119587,0.00433236,0.0169664,0.00385359,0.00865929
0.00680962,0.00460074,0.00557469,0.0154868,0.00487124,0.00544316
0.00938684,0.00625232,0.00357431,0.0124387,0.00366451,0.00354865
0.0119631,0.00796197,0.00492079,0.0223126,0.00450326,0.00451231
0.00935817,0.00636861,0.00297565,0.0248919,0.00565379,0.00957291
0.0198475,0.0136978,0.00915691,0.0258753,0.00679198,0.00283202
0.00946212,0.00653523,0.00361821,0.015401,0.00381467,0.00493891
0.0325646,0.0205001,0.0124875,0.0499669,0.0133916,0.00887599
0.00799242,0.00538604,0.00234851,0.0181755,0.00568054,0.00500338
0.0084145,0.00578251,0.0029496,0.0169845,0.00515083,0.00696574
0.0241803,0.0154591,0.0272967,0.128312,0.0380932,0.0809598
0.0212431,0.0136918,0.00666136,0.0418741,0.0118046,0.0118088
0.00560788,0.00369396,0.00235783,0.0155595,0.00258312,0.0037062
0.0135047,0.00872893,0.0328613,0.0958233,0.0242118,0.0157775
0.0739791,0.0460738,0.0337329,0.159966,0.0392242,0.0541498
0.0295296,0.0197832,0.0160313,0.0257443,0.00693041,0.00590938
0.0169513,0.0116023,0.0039285,0.0258404,0.00589427,0.0125371
0.0230362,0.0155132,0.00805663,0.0528982,0.0150029,0.0127541
0.0194639,0.00889288,0.00843052,0.035038,0.00618995,0.00839781
0.0270008,0.0182155,0.0113672,0.0455949,0.0120492,0.0188259
0.00497902,0.00359225,0.00124533,0.0194362,0.00403223,0.00786456
0.0202482,0.0130499,0.00965442,0.0506179,0.0122376,0.0179905
0.0160417,0.0112417,0.00592092,0.0335576,0.00897857,0.0175958
0.00961758,0.00647711,0.0035604,0.0187016,0.00543851,0.00500103
0.017999,0.0118518,0.00825482,0.0319536,0.00679453,0.00406262
0.0103513,0.00743054,0.00433419,0.0181695,0.00551071,0.00686375
0.0103537,0.00725043,0.00376865,0.0179729,0.00472234,0.00525724
0.0340922,0.022628,0.0247597,0.0953673,0.0264706,0.0567089
0.00779671,0.00399907,0.00275299,0.0270803,0.00677429,0.00311097
0.0229328,0.0154071,0.00693885,0.0745381,0.0196921,0.02263
0.0129969,0.0094788,0.00558364,0.0207265,0.00559277,0.00647945
0.0111967,0.0079823,0.002787,0.0212159,0.0053607,0.0134575
0.0107443,0.00725767,0.0032515,0.0202282,0.00592069,0.00922985
0.00825414,0.00562804,0.0029572,0.0213895,0.00510766,0.00154276
0.0286572,0.0178858,0.030737,0.149191,0.0381953,0.096933
0.0224171,0.0152244,0.00536614,0.0378087,0.00943847,0.0125664
0.0205182,0.0129331,0.0123343,0.0503946,0.0156356,0.0505695
0.0206777,0.014075,0.0137416,0.0481744,0.0144249,0.00565959
0.00908707,0.00622025,0.00357684,0.0249023,0.00540576,0.00321482
0.00957675,0.00657112,0.00416205,0.0153136,0.00572136,0.00345891
0.0131492,0.00953787,0.00374582,0.00987083,0.00242551,0.00470159
0.0165105,0.0110713,0.00604475,0.0284293,0.00785036,0.00704144
0.0184941,0.0120181,0.00833581,0.0508937,0.0145277,0.0106612
0.0208274,0.0135719,0.00791432,0.0329847,0.00919957,0.00372242
0.00872558,0.0059377,0.00359347,0.0227697,0.00460581,0.00329747
0.0158576,0.00896365,0.00643038,0.0366365,0.0106394,0.0185777
0.011514,0.00676981,0.0041048,0.0200526,0.0061209,0.00841095
0.0147048,0.00991536,0.00758157,0.0401049,0.0114608,0.0105058
0.0197178,0.0129287,0.00753041,0.0230014,0.00684651,0.00669445
0.010849,0.00729035,0.00530675,0.0129316,0.00393353,0.00661919
0.00733318,0.00510087,0.00236289,0.0216862,0.00445577,0.00469979
0.00660844,0.00490711,0.00225584,0.0179771,0.00439772,0.00661425
0.0165723,0.0111373,0.00793072,0.0335546,0.00925732,0.0135324
0.00889546,0.00461939,0.00320603,0.0278466,0.00569999,0.00954849
0.028863,0.0189629,0.00861187,0.0373433,0.00899106,0.00706869
0.0234718,0.0137131,0.00678025,0.0505047,0.0123819,0.0143964
0.0120545,0.00842589,0.00305796,0.0259072,0.00694355,0.00140892
0.0229992,0.0146191,0.0227294,0.112623,0.0296331,0.0205454
0.0324192,0.020486,0.00789547,0.0491649,0.0125146,0.0160703
0.0223057,0.0157005,0.00693879,0.0178598,0.00409828,0.011243
0.0133256,0.00913892,0.00400603,0.0246756,0.00519234,0.00445209
0.00910436,0.00648687,0.00169332,0.022433,0.00489331,0.00422836
0.00723377,0.00496764,0.00444253,0.021077,0.00630396,0.00221405
0.0152281,0.0101022,0.0239636,0.0691455,0.0194982,0.0375085
0.00866063,0.00628393,0.00224525,0.00628751,0.00029288,0.00574032
0.0182942,0.0126034,0.00953661,0.0275015,0.00684204,0.009118
0.00836789,0.00598554,0.00408751,0.0139176,0.00436164,0.00649538
0.0170492,0.0115276,0.00380438,0.033358,0.00834194,0.0100245
0.0134982,0.00914193,0.00750649,0.028921,0.00838069,0.0160795
0.00950026,0.00661051,0.00521285,0.0201539,0.00483716,0.00595201
0.0378573,0.0240387,0.0431397,0.186351,0.0491124,0.0557142
0.0275379,0.0185325,0.00579501,0.039679,0.00956525,0.00927701
0.0187376,0.0115654,0.0190888,0.144167,0.0362728,0.0384128
0.0420295,0.0278924,0.0130878,0.0407894,0.0113605,0.0336015
0.012755,0.00927755,0.00417885,0.0209457,0.00475066,0.0127698
0.0216069,0.0121927,0.0303173,0.172198,0.0471487,0.0665985
0.0390898,0.0220374,0.0215755,0.118615,0.0427472,0.0894646
0.0121101,0.00862251,0.00431341,0.022632,0.00512556,0.00820476
0.0337884,0.0219377,0.0191623,0.061359,0.0150168,0.0463506
0.0103381,0.00708739,0.00660207,0.0714382,0.0190962,0.0104895
0.0137813,0.00923441,0.00753724,0.0448278,0.0131928,0.0176143
0.0173325,0.0118366,0.00587104,0.0182786,0.00420128,0.00564514
0.0487095,0.0306454,0.0145337,0.0721492,0.020153,0.0186193
0.0508641,0.0312172,0.0145925,0.0518918,0.0136801,0.0269287
0.0177611,0.0125961,0.00637929,0.019998,0.00593665,0.00551437
0.00956922,0.00634819,0.00402535,0.0135274,0.00298379,0.00379535
0.00403454,0.00321422,0.00131866,0.0140285,0.00401435,0.00175411
0.0111509,0.00753892,0.0039811,0.0216254,0.00321615,0.00593896
0.0134649,0.00916041,0.00748595,0.0262568,0.00650219,0.0037548
0.0132028,0.00888664,0.00309738,0.0198205,0.00517374,0.00404886
0.0375562,0.0221325,0.016168,0.0614668,0.0168642,0.0287585
0.0141504,0.00963035,0.00457127,0.0208987,0.00600945,0.00569312
0.0401761,0.025435,0.0164316,0.0951425,0.027629,0.0244595
0.0111429,0.00797978,0.00446386,0.0161114,0.00500606,0.00306359
0.0368115,0.0231155,0.0171345,0.0598962,0.0170196,0.0274065
0.017091,0.0113317,0.0190797,0.0828133,0.0204217,0.0341823
0.0262011,0.0172697,0.0182896,0.0570156,0.0133386,0.0091938
0.0329689,0.0213188,0.0208615,0.123536,0.0300598,0.030418
0.0181987,0.0115809,0.0101608,0.0864675,0.0226528,0.0320301
0.0139656,0.00963918,0.00827729,0.0569022,0.0175314,0.00809027
0.00898002,0.0060849,0.00411372,0.0251915,0.00621685,0.000790346
0.0364797,0.0135898,0.0108769,0.0643319,0.0158498,0.0134522
0.0361185,0.01356,0.01086,0.062261,0.0139703,0.0114177
0.0352821,0.0239096,0.0119917,0.0703561,0.0191872,0.0390459
0.00951515,0.0068458,0.00410297,0.0206485,0.00579208,0.00418466
0.0169015,0.0110848,0.00515936,0.0343932,0.00799037,0.00586444
0.024057,0.0164094,0.0132257,0.0562128,0.0171173,0.0284673
0.00402513,0.00314413,0.00241855,0.0105188,0.002333,0.00080961
0.038048,0.0161697,0.0115498,0.0573989,0.0157141,0.0111614
0.0307704,0.0204758,0.0150337,0.0902347,0.0206424,0.0403261
0.012197,0.00882353,0.00436006,0.0251271,0.00552538,0.00441835
0.017945,0.0121943,0.00451782,0.0362433,0.0103933,0.00757118
0.0339108,0.0208557,0.0103116,0.0597358,0.0149083,0.0164452
0.00728614,0.00526677,0.00373231,0.0261403,0.00583236,0.00500201
0.00856111,0.00591616,0.00244538,0.022705,0.0040201,0.00549255
0.012389,0.00843752,0.00409366,0.0245272,0.0062446,0.00590026
0.0149026,0.00965587,0.00487626,0.0206746,0.00765065,0.00277647
0.00919076,0.00463518,0.00352416,0.0187377,0.0036997,0.0061923
0.0479481,0.0286197,0.0164249,0.0857129,0.0218479,0.0161456
0.0281487,0.0190936,0.00855611,0.0384415,0.0108476,0.0117135
0.00946642,0.00633927,0.0056905,0.0395466,0.00955383,0.00777918
0.0113426,0.00784696,0.007107,0.0243871,0.00574775,0.00638211
0.024403,0.0160769,0.0086731,0.0396456,0.00866934,0.00727563
0.0320615,0.0182253,0.0146886,0.0668193,0.0186848,0.0223609
0.035779,0.0183078,0.0157004,0.0710152,0.0183618,0.0226106
0.0106205,0.0073933,0.00336454,0.0145658,0.00455761,0.00185215
0.00998459,0.00677655,0.00505565,0.0540582,0.0137485,0.0152102
0.0178575,0.0116846,0.00565265,0.0360864,0.0074955,0.00205912
0.0247004,0.0164623,0.0152189,0.0525516,0.0144892,0.0100058
0.013708,0.00898921,0.00470563,0.0176474,0.00483836,0.00486932
0.0219838,0.0145517,0.00954405,0.0572873,0.0154808,0.0134385
0.0102925,0.00677348,0.00398608,0.0163151,0.00332023,0.00119067
0.00691315,0.00470404,0.00375935,0.0155926,0.00413352,0.00709746
0.00747587,0.00511755,0.00675108,0.0299866,0.00866532,0.0149517
0.0255034,0.0140248,0.0958303,0.295122,0.0844563,0.126511
0.0275541,0.0187324,0.00783865,0.0460246,0.0107761,0.0136423
0.0128144,0.00914961,0.00445034,0.0192373,0.00379092,0.00644454
0.0300592,0.019838,0.0122811,0.053628,0.0120012,0.00734686
0.0372847,0.0227364,0.0214341,0.102217,0.0264521,0.0295388
0.0096538,0.00665937,0.00344139,0.016801,0.00285594,0.00436453
0.00696048,0.00518119,0.00418341,0.0115269,0.00308006,0.00331939
0.0302676,0.0134143,0.0116259,0.041237,0.0129138,0.0145787
0.0280354,0.0190812,0.0102888,0.042801,0.0115102,0.0111212
0.012576,0.00854193,0.00410739,0.0138484,0.00418658,0.00424057
0.0120304,0.0082879,0.00908002,0.0484795,0.0109601,0.00867915
0.0305728,0.020566,0.013821,0.0677133,0.0139946,0.0174618
0.00971587,0.00665069,0.00361053,0.0141096,0.00399992,0.00704471
0.00429922,0.0033935,0.00430082,0.0132025,0.00337302,0.0071387
0.0548285,0.031039,0.048447,0.204949,0.0562603,0.130642
0.025561,0.014673,0.0290816,0.1459,0.0338172,0.0492628
0.00399712,0.00296489,0.00228324,0.0261358,0.00643222,0.0118466
0.00709905,0.00475967,0.00300022,0.011694,0.00302686,0.00128831
0.00932072,0.00673628,0.00390209,0.0130823,0.00440318,0.00400491
0.00761473,0.00542279,0.00244977,0.0173257,0.00388012,0.00302856
0.0110872,0.00733623,0.00572296,0.0233724,0.00483022,0.00626196
0.00555567,0.00423375,0.00106684,0.01817,0.0034571,0.00389446
0.0119684,0.00836445,0.00258561,0.0233284,0.00633615,0.00711388
0.0192574,0.0133739,0.00748823,0.0211956,0.00670055,0.00595948
0.00536764,0.00398958,0.00232384,0.0157132,0.00397941,0.00310507
0.0122405,0.00846072,0.00505019,0.0262259,0.00647654,0.00392631
0.0095296,0.00671407,0.00350975,0.00166806,0.000365009,0.00500104
0.0111988,0.00740273,0.004372,0.0261701,0.00635099,0.00961305
0.0124802,0.00882242,0.00563073,0.0204167,0.00504351,0.00664736
0.0121035,0.00882566,0.00385144,0.0187568,0.00386734,0.0125054
0.0096848,0.00667674,0.00465885,0.0119183,0.00341152,0.0067895
0.0342279,0.0217003,0.0147114,0.100447,0.0266421,0.0446241
0.0282922,0.0180766,0.0295534,0.123403,0.0346626,0.0341732
0.0150575,0.00997048,0.00563702,0.0300974,0.00618094,0.00762412
0.0343722,0.0210477,0.0155777,0.0945273,0.0234278,0.0213174
0.0443106,0.0244913,0.0375397,0.186871,0.0485999,0.0603872
0.0246585,0.0165138,0.00676583,0.0399502,0.0101911,0.00836915
0.0159214,0.0106568,0.00483492,0.0327964,0.00705851,0.0119449
0.0107829,0.00443698,0.00538773,0.0288753,0.00920499,0.0143634
0.0125264,0.00570713,0.00532528,0.0312116,0.00776628,0.0140159
0.0144176,0.0105888,0.00415934,0.0176924,0.00449227,0.00457705
0.0146439,0.00972974,0.00490561,0.044548,0.0112925,0.00842522
0.0155976,0.0106312,0.00751534,0.0263856,0.00603333,0.00261202
0.0251501,0.0168533,0.0119492,0.060117,0.0175092,0.0274055
0.0251241,0.0171816,0.00768409,0.0433335,0.0132781,0.0249746
0.022112,0.0146641,0.00990321,0.0436611,0.0126059,0.00772199
0.0165974,0.0113915,0.00329598,0.0195886,0.00657816,0.00356671
0.0192437,0.0132453,0.00551313,0.0359418,0.00945991,0.0104342
0.0233303,0.0152301,0.0210958,0.103125,0.0253564,0.0295631
0.00535767,0.00368935,0.00199169,0.0137973,0.00321872,0.00328541
0.0229262,0.0152677,0.00671568,0.0351756,0.00972878,0.0113347
0.0468463,0.0234868,0.056504,0.186425,0.0486661,0.0760853
0.0137226,0.00969389,0.00509575,0.0262742,0.00509598,0.01108
0.0232927,0.0151981,0.0079665,0.0609531,0.0149524,0.0101154
0.0152546,0.00988527,0.00677665,0.0267194,0.00813582,0.00947351
0.00662264,0.00366981,0.00302129,0.0126313,0.00395218,0.00376566
0.0114971,0.00756844,0.00396567,0.023206,0.00637483,0.00584405
0.00578008,0.00419131,0.00127283,0.0137534,0.00369236,0.00200891
0.0154988,0.00570567,0.00681985,0.0299932,0.00880213,0.00837147
0.0154914,0.00578102,0.00692686,0.0282395,0.00782299,0.00844608
0.0191927,0.0127941,0.00762903,0.0268576,0.00634139,0.00491378
0.00897394,0.00609675,0.00568636,0.0173555,0.0045472,0.00194927
0.0107589,0.00745823,0.00307232,0.0182223,0.00357453,0.00420705
0.0436589,0.0201038,0.0177907,0.113752,0.0292983,0.04409
0.0226732,0.0162457,0.00770402,0.0224678,0.0066429,0.01364
0.0255383,0.0172004,0.0112014,0.0417723,0.0108955,0.0106465
0.0195925,0.0129699,0.00491024,0.0381922,0.00861009,0.0151313
0.00834835,0.00579691,0.00249111,0.0143585,0.00453906,0.00590926
0.00830113,0.00589805,0.00356427,0.0148428,0.00378277,0.00473513
0.00582222,0.00432924,0.00263276,0.0120048,0.00326715,0.00164557
0.0183296,0.0127361,0.00711915,0.045346,0.0117912,0.0190013
0.00717751,0.00531736,0.00349867,0.018205,0.00447494,0.00539619
0.032229,0.0213804,0.0147132,0.0613638,0.0183884,0.0176001
0.0363596,0.0210347,0.0152349,0.0707185,0.0179323,0.0142111
0.0152621,0.010137,0.00389007,0.0337259,0.00819949,0.00974457
0.00976789,0.00685441,0.00804178,0.0372065,0.00991857,0.00911476
0.0119143,0.00785573,0.00317194,0.0179873,0.00301685,0.00448686
0.0195583,0.0129992,0.00689094,0.0346543,0.00807382,0.00880968
0.018252,0.0120671,0.00891787,0.061534,0.0181647,0.0161197
0.0212372,0.0136464,0.0130446,0.0840433,0.0187478,0.014035
0.0349472,0.0229119,0.0126137,0.0450398,0.0112247,0.0200314
0.015447,0.00828708,0.00675442,0.0433033,0.0103025,0.00809187
0.00835301,0.00562756,0.00726779,0.0286385,0.00747817,0.00613198
0.01488,0.00844354,0.00308984,0.024333,0.00684259,0.00727906
0.0189253,0.0101882,0.00480882,0.0263988,0.00640947,0.00932382
0.0200145,0.0134153,0.00766126,0.0365311,0.00826229,0.0185151
0.0112299,0.00657778,0.00395541,0.0333613,0.00811614,0.00644556
0.0101176,0.00658994,0.00341824,0.0151341,0.00348403,0.00258205
0.01551,0.0108067,0.00452569,0.0189862,0.00550519,0.00319356
0.0695883,0.0321759,0.0342415,0.101484,0.0286345,0.0336021
0.00480625,0.00320677,0.00294936,0.011969,0.00294262,0.00376803
0.00717229,0.0052169,0.00317749,0.00983406,0.00273523,0.00223563
0.00848042,0.00595936,0.00363647,0.0175493,0.00492242,0.00636031
0.0214331,0.0135277,0.0153468,0.0766219,0.0177971,0.00996881
0.0142801,0.00977869,0.00576902,0.0278285,0.00722284,0.0132305
0.00806263,0.0058505,0.00229999,0.0155348,0.00520493,0.00329944
0.0254762,0.0175352,0.00760093,0.0287282,0.00930517,0.00721158
0.0119403,0.007935,0.00522737,0.0208309,0.00452712,0.00563464
0.0265742,0.0173957,0.014874,0.0139482,0.0043839,0.0222441
0.0213326,0.0145015,0.00704395,0.0370311,0.00928215,0.00778121
0.0148746,0.0102088,0.00516871,0.0236774,0.00655893,0.00584243
0.0369756,0.0248395,0.0184169,0.0931252,0.0241214,0.037018
0.00661685,0.00464744,0.00566376,0.00460798,0.00251715,0.00501337
0.0258661,0.0170054,0.0165185,0.085504,0.024863,0.00894717
0.0322001,0.0212251,0.0138596,0.0421167,0.0134522,0.0124421
0.0137438,0.00912566,0.00432738,0.02438,0.00588319,0.00544672
0.0527783,0.0342493,0.0591306,0.19552,0.0501452,0.0689296
0.0119704,0.00825897,0.00193398,0.00727919,0.00183906,0.00421656
0.0121979,0.00822142,0.0101019,0.0348939,0.00962941,0.00372928
0.0274842,0.0184942,0.0082541,0.0413398,0.011208,0.00625713
0.0561885,0.0316955,0.0448096,0.213483,0.0558405,0.0922716
0.0161468,0.0111495,0.00668566,0.0382405,0.00864888,0.0227666
0.00559542,0.00364082,0.00266834,0.0118299,0.00386321,0.00515254
0.0155668,0.0103457,0.0111014,0.0891943,0.0216944,0.0130299
0.0386864,0.024762,0.0125156,0.0337808,0.00979986,0.00813228
0.0330078,0.0211597,0.0138123,0.094575,0.0237653,0.0309007
0.0122637,0.00845728,0.00161921,0.0173547,0.00498223,0.00436415
0.0137334,0.00941466,0.00424016,0.0067653,0.00150297,0.00486634
0.0180282,0.0123102,0.00345928,0.0385885,0.0104744,0.00924658
0.0261373,0.0142528,0.0153667,0.0681857,0.0172491,0.0381103
0.00591963,0.00410989,0.00585051,0.00386027,0.000940392,0.00365454
0.00705114,0.0050808,0.0062334,0.00790415,0.0014767,0.0179821
0.0236051,0.0154799,0.00822408,0.0350498,0.00823447,0.00682262
0.00567659,0.00420059,0.00366967,0.024586,0.00485465,0.00739259
0.00873641,0.00573099,0.00229701,0.0194294,0.00517767,0.00195291
0.0388611,0.0241781,0.0163553,0.0580386,0.0167847,0.0698553
0.0195366,0.0123612,0.0121245,0.0608426,0.0167131,0.00781346
0.00803439,0.0056865,0.00283406,0.0249863,0.00777579,0.00292155
0.0161659,0.0111587,0.00882956,0.0373454,0.0118696,0.00926284
0.00501172,0.00374218,0.00296785,0.006934,0.00291682,0.00516728
0.00529586,0.00375992,0.00113831,0.0128797,0.00572998,0.00853299
0.0462539,0.0285356,0.0226046,0.0637532,0.0172817,0.0263543
0.0126915,0.00929953,0.00907295,0.026772,0.00952982,0.00569053
0.0105573,0.00731286,0.00372046,0.020223,0.00640929,0.0074452
0.00989486,0.00700003,0.00627822,0.0390982,0.0104696,0.0172289
0.00846877,0.00583775,0.00365123,0.0229637,0.00499398,0.0013288
0.0149478,0.0100906,0.00236405,0.0285233,0.00772071,0.0076313
0.00905252,0.00670676,0.00351997,0.0176844,0.00475664,0.00329666
0.0496018,0.0297395,0.0157806,0.0580773,0.0141089,0.0418542
0.0158891,0.0108858,0.0133088,0.0423577,0.012713,0.0109206
0.0104511,0.0074878,0.0138255,0.0331543,0.0115184,0.0441543
0.00736657,0.00513942,0.00641266,0.0174533,0.0038326,0.00197412
0.011175,0.00810653,0.00634934,0.0141784,0.00278998,0.00271999
0.0164427,0.0113492,0.00601582,0.0420214,0.00980204,0.0193688
0.019902,0.0127152,0.010437,0.070976,0.0161012,0.0255793
0.0197494,0.0135062,0.011872,0.0655171,0.0172287,0.0272929
0.0146483,0.0102152,0.00418965,0.0220854,0.00584956,0.00683773
0.0111446,0.0075109,0.00381401,0.0193069,0.00484924,0.00445448
0.0498129,0.0221421,0.0172806,0.0915663,0.0273029,0.0259297
0.0491908,0.0221387,0.0168607,0.0893277,0.0250631,0.024646
0.0123749,0.00822174,0.0229366,0.0866706,0.024491,0.03043
0.0328934,0.0219865,0.00940432,0.032244,0.00939438,0.0251952
0.0251881,0.0164084,0.00822976,0.0413342,0.00965534,0.0108861
0.0123852,0.00829925,0.00400809,0.016846,0.00402274,0.00731879
0.0118481,0.00834063,0.00474145,0.0271497,0.00539876,0.00722465
0.0282829,0.0183557,0.0542885,0.216049,0.0560824,0.0855765
0.00788737,0.00572478,0.00274515,0.0139188,0.00282168,0.00441787
0.0188552,0.0125623,0.0105701,0.0592998,0.0157736,0.00575172
0.0214246,0.0124866,0.00663176,0.0405261,0.0108983,0.0076756
0.04673,0.0225078,0.0244174,0.110928,0.0284403,0.0319764
0.0349739,0.0165042,0.0178503,0.0656925,0.014048,0.01595
0.0260979,0.0173581,0.010942,0.035598,0.0105429,0.0195431
0.0157496,0.0111192,0.0114378,0.0464415,0.0141923,0.0269643
0.00665628,0.00474283,0.00406034,0.0131076,0.00359513,0.00178042
0.0237348,0.0152102,0.00759561,0.0428949,0.0121433,0.0130984
0.0150755,0.00983598,0.00551764,0.031637,0.00690086,0.014033
0.0270426,0.0127054,0.00954653,0.0370118,0.00872397,0.0213992
0.0287095,0.0127302,0.00961452,0.0347099,0.00865427,0.0213395
0.0732219,0.0386341,0.07696,0.255837,0.0687245,0.135723
0.010875,0.00764001,0.00602544,0.0259263,0.00819376,0.00654631
0.0142417,0.00977315,0.00419228,0.0222929,0.00656429,0.0100371
0.0111806,0.0075132,0.00326923,0.0164604,0.00638153,0.00386042
0.0132695,0.00913751,0.00309156,0.0227742,0.00663085,0.00983194
0.00416296,0.00304316,0.00301632,0.0113745,0.00463788,0.00158053
0.0149718,0.0102387,0.00633724,0.0279653,0.00800245,0.00355891
0.0249302,0.016707,0.0100528,0.0478593,0.0117904,0.00380457
0.0464769,0.0283574,0.0139413,0.0864253,0.0227402,0.03509
0.0145613,0.00997369,0.00584167,0.0383362,0.00971615,0.015134
0.0111358,0.00746666,0.00375226,0.0227434,0.00446619,0.00433584
0.0235074,0.0160431,0.00672993,0.0846857,0.0207438,0.00645015
0.0264369,0.0175703,0.0113559,0.0337011,0.00794961,0.0213854
0.0292636,0.0189714,0.0167057,0.072542,0.0190852,0.0496781
0.0206599,0.013459,0.0249594,0.0955815,0.0235139,0.018084
0.0106969,0.00736233,0.00340342,0.0255204,0.00677418,0.0055041
0.0113854,0.00828665,0.00990161,0.0362814,0.00800066,0.00353506
0.0317248,0.0199842,0.0122597,0.0715194,0.0176088,0.0261228
0.0192365,0.0131074,0.00564755,0.0255832,0.00531593,0.00452763
0.0138599,0.00943652,0.00434363,0.0188607,0.00499288,0.00376032
0.0265159,0.0174586,0.0098165,0.056398,0.01462,0.010931
0.0659505,0.0336711,0.0401764,0.246594,0.0631062,0.0455839
0.0104068,0.00728498,0.00592265,0.0269497,0.0053692,0.00645801
0.00887178,0.00586263,0.00245734,0.020577,0.0046869,0.00347731
0.0419717,0.0187015,0.0329727,0.0992137,0.0244284,0.0598885
0.0126256,0.00839149,0.00433441,0.0218242,0.00599915,0.00309004
0.00536411,0.0037564,0.00297344,0.0182857,0.00477907,0.00326079
0.0245646,0.0164615,0.0115229,0.0887674,0.0219359,0.0709793
0.00882981,0.0058499,0.00329592,0.0278487,0.00779915,0.0047074
0.0117502,0.00763659,0.00326513,0.0211956,0.00543812,0.00437062
0.0318693,0.0128073,0.0272247,0.128148,0.0335794,0.0409297
0.034787,0.0142169,0.0247443,0.104375,0.0246486,0.0319431
0.0535399,0.0330601,0.0150876,0.077324,0.0216892,0.028562
0.0214463,0.0143731,0.00732622,0.0321272,0.00829923,0.00612179
0.00867953,0.00646308,0.00299673,0.0155711,0.00514011,0.0022619
0.023427,0.0152341,0.00693127,0.0411783,0.0107974,0.00858783
0.0199525,0.0130415,0.0101665,0.0534275,0.0142185,0.0152917
0.0217029,0.0143879,0.0124322,0.0315874,0.00760731,0.0110696
0.0107901,0.0076005,0.00462417,0.0224728,0.00610687,0.0038579
0.0199407,0.0137231,0.00742504,0.0491875,0.0135894,0.0076118
0.00986539,0.00714485,0.00238672,0.0176673,0.00477013,0.0020547
0.00823936,0.00557023,0.00212734,0.02719,0.00581079,0.00488209
0.0285754,0.0190087,0.0095866,0.0327268,0.00908707,0.0119079
0.0193578,0.0129071,0.00357725,0.0416359,0.0121923,0.0194477
0.00793391,0.00550134,0.00829231,0.0226457,0.00450567,0.00344388
0.0141137,0.0101125,0.00392757,0.0304671,0.00834206,0.0117627
0.0123612,0.00820755,0.00424265,0.0259514,0.00712749,0.00365091
0.0132261,0.00905799,0.00361759,0.0171717,0.00489994,0.00342649
0.0207515,0.0138191,0.00741172,0.0379327,0.00940603,0.00412411
0.0203826,0.0122002,0.0061967,0.0152092,0.00528596,0.012897
0.0319039,0.0200535,0.0136387,0.0775154,0.0199271,0.0281889
0.00962318,0.00647764,0.00320104,0.0198158,0.00482387,0.00231822
0.0422613,0.0240975,0.0358664,0.143588,0.0380619,0.0653244
0.0218805,0.0151948,0.00355359,0.0346932,0.00917121,0.00622244
0.0182551,0.0124904,0.00491865,0.0237755,0.00743087,0.0151907
0.0175487,0.0125353,0.00566873,0.0328611,0.00799995,0.00731602
0.0308117,0.0205524,0.0137551,0.0511398,0.0130386,0.0188702
0.0298477,0.0188742,0.010015,0.0458719,0.0107605,0.00921075
0.0132814,0.00934593,0.00394442,0.0167657,0.00540652,0.00343181
0.0144867,0.00985579,0.00698892,0.0209275,0.00775351,0.00480529
0.0153194,0.0103231,0.00348557,0.0264523,0.00696069,0.00614886
0.0504932,0.0322629,0.0158055,0.0609629,0.0169482,0.0177674
0.0117852,0.00833804,0.00400887,0.0175125,0.00461166,0.00347106
0.0250816,0.0167871,0.0079515,0.0394246,0.0106221,0.00862296
0.0112849,0.00763196,0.0022486,0.0192223,0.00528977,0.0102996
0.0126036,0.00895013,0.00451881,0.00308767,0.00114473,0.00636498
0.032961,0.0218606,0.00853462,0.046457,0.0100919,0.031644
0.00523773,0.00377213,0.00188744,0.0152851,0.0043788,0.00333818
0.0159897,0.0109746,0.00555094,0.0356158,0.00731032,0.00346459
0.0105456,0.00734278,0.00314479,0.0241516,0.00488002,0.00261543
0.023892,0.0149787,0.0110354,0.0895469,0.0239286,0.0125398
0.0238914,0.0159667,0.0107491,0.0458286,0.0121963,0.00906481
0.0242784,0.0169156,0.0102293,0.0430697,0.0116869,0.00994328
0.0712822,0.0256117,0.0316519,0.138042,0.0367441,0.053895
0.0320578,0.0209786,0.00950311,0.039958,0.01144,0.0148815
0.0212793,0.0119989,0.00833429,0.0356841,0.00998797,0.0107036
0.0148908,0.00592025,0.00388701,0.0332849,0.00726004,0.00631922
0.017196,0.0118697,0.0118857,0.0391917,0.0111228,0.00840486
0.00484764,0.00357311,0.00175442,0.00834357,0.0028738,0.00533777
0.0177665,0.0119159,0.00904853,0.030738,0.00871009,0.00438103
0.049903,0.0286511,0.0158481,0.0867605,0.0241781,0.0303884
0.0151547,0.0106663,0.012044,0.0359004,0.0102313,0.0073598
0.0166126,0.0111649,0.00453757,0.031631,0.00691893,0.00620637
0.0282972,0.0188771,0.010271,0.0488024,0.0121801,0.00997284
0.010643,0.00678488,0.00742112,0.0579039,0.0159044,0.0114777
0.0148988,0.0100269,0.00499326,0.0301826,0.00905962,0.0168894
0.0377359,0.0249353,0.0156832,0.0580942,0.0160282,0.0197689
0.0201515,0.0131575,0.0117003,0.0773148,0.0211335,0.0101312
0.00995311,0.00687029,0.00353052,0.0169561,0.00286856,0.00436191
0.016014,0.0106982,0.00669642,0.0314218,0.00869912,0.00426704
0.0111706,0.00800637,0.00629998,0.0334331,0.0079655,0.00809938
0.0115212,0.00792135,0.00400552,0.0253493,0.00589313,0.00475336
0.0239367,0.0158467,0.00718396,0.0301233,0.00945551,0.0229726
0.00687281,0.00486039,0.00340423,0.0141067,0.00450493,0.00145523
0.0206833,0.0135046,0.0114809,0.0205412,0.00590838,0.00634319
0.0273818,0.0182039,0.0201492,0.099808,0.0235752,0.0388595
0.0162043,0.0110076,0.00512396,0.0340657,0.0101045,0.0128247
0.0104598,0.00725298,0.0042701,0.0237393,0.00691788,0.00857835
0.00629603,0.00460912,0.0021208,0.00689228,0.000851791,0.00340864
0.0153279,0.0100393,0.00608227,0.0430576,0.0096891,0.0247853
0.0330856,0.0207477,0.0228371,0.0931044,0.0265084,0.034061
0.00739048,0.00528946,0.00305177,0.0137858,0.00422958,0.00271592
0.0189408,0.0128161,0.00598598,0.0256872,0.00733673,0.0135938
0.0190967,0.0132418,0.00799474,0.0361207,0.0102319,0.0283017
0.00703861,0.00491051,0.00272646,0.0144931,0.0045916,0.0017109
0.0234869,0.010294,0.0118337,0.061836,0.0197356,0.0272697
0.0438765,0.0149915,0.0175803,0.0677993,0.0178776,0.0302067
0.0367132,0.0149774,0.0120011,0.0438151,0.0108811,0.019347
0.00846794,0.005669,0.00369939,0.024019,0.00539708,0.00442939
0.0122675,0.00842327,0.00675911,0.03291,0.00783504,0.00953262
0.00796316,0.00554759,0.00364005,0.013624,0.0038481,0.00508315
0.0122682,0.0085138,0.0112742,0.027156,0.00682131,0.0110184
0.00718399,0.00513525,0.00285926,0.0195601,0.0063706,0.00591574
0.0352661,0.0231196,0.0121286,0.0579036,0.0159095,0.0169548
0.0353563,0.0229401,0.0125784,0.0606418,0.0182051,0.0219976
0.0160389,0.0107471,0.00555411,0.0177325,0.00625063,0.00591903
0.0209482,0.0135702,0.0116632,0.0588914,0.0157521,0.025161
0.0209268,0.0138455,0.00670095,0.0360239,0.0090511,0.00651084
0.00806007,0.00545029,0.00368784,0.0126748,0.00335093,0.0114986
0.0253049,0.0175059,0.0327385,0.135348,0.0362768,0.0566361
0.00878231,0.00612056,0.0028821,0.0239103,0.00699443,0.00478651
0.0235132,0.0154516,0.00601138,0.0482831,0.0118812,0.00586631
0.0107276,0.00720915,0.00619395,0.0182766,0.00677198,0.00773766
0.0085194,0.00596158,0.00280717,0.0187883,0.00544719,0.00482684
0.0221703,0.0152473,0.00745783,0.0296287,0.00875284,0.0102429
0.0181759,0.0123689,0.00312442,0.0289497,0.00643714,0.0113073
0.00797668,0.00526162,0.00148739,0.021287,0.00528394,0.00359925
0.0112278,0.0076717,0.00435319,0.0201896,0.00538675,0.00506321
0.00735399,0.00538744,0.00337991,0.0587846,0.0182709,0.0326657
0.0141337,0.00928869,0.00543053,0.0352465,0.00927395,0.0162737
0.0288657,0.0192408,0.0085777,0.034954,0.00987322,0.0172622
0.037871,0.0251934,0.0120537,0.0427385,0.0133469,0.0152029
0.011784,0.00830791,0.00485236,0.021083,0.00564769,0.00261055
0.0122053,0.00851988,0.00427191,0.0205238,0.00596245,0.00658992
0.00694343,0.00479985,0.00383075,0.0117989,0.00258453,0.0107832
0.0199682,0.013574,0.00953204,0.0394971,0.0099407,0.00465586
0.0378177,0.022485,0.0489563,0.119851,0.0283336,0.0414491
0.0210398,0.0143881,0.00538012,0.027094,0.00947134,0.0144949
0.0354737,0.0235631,0.0176664,0.0551589,0.0147904,0.0201505
0.0412008,0.0267737,0.0223496,0.114149,0.0292918,0.0456045
0.010084,0.00709278,0.0169298,0.0527214,0.0128801,0.0166273
0.00781948,0.0052186,0.00653838,0.0360536,0.0090415,0.00352792
0.0148438,0.0101264,0.00367348,0.0154579,0.00471388,0.00257674
0.0196273,0.0134473,0.00807076,0.0568919,0.0127164,0.0349058
0.00793939,0.00512213,0.00558209,0.0234825,0.00623493,0.00611408
0.0072855,0.00512101,0.00315337,0.0158891,0.00404199,0.00382298
0.0465777,0.0261155,0.024497,0.094335,0.0220724,0.026236
0.0153943,0.010758,0.00553099,0.0179914,0.00629523,0.00510475
0.0205437,0.0138855,0.0118464,0.0386356,0.013224,0.00796491
0.0273077,0.0184274,0.0141572,0.0629267,0.0134295,0.00728642
0.0807313,0.045479,0.0550683,0.252977,0.0695234,0.130343
0.00858114,0.00607417,0.00389117,0.0284418,0.00559611,0.00802185
0.00907283,0.00610429,0.00458541,0.0232612,0.00630869,0.00634148
0.00628315,0.00437757,0.0103694,0.0251987,0.00580178,0.0101591
0.010188,0.0068001,0.00520435,0.0369436,0.00903792,0.00895873
0.00655273,0.00498028,0.00260729,0.0161641,0.00273864,0.00237541
0.0175484,0.0122274,0.00565378,0.0215794,0.00555284,0.00563411
0.00700728,0.004727,0.00319203,0.0196392,0.00418433,0.00245569
0.00808824,0.00574361,0.00246443,0.0221256,0.00398332,0.0056441
0.0175283,0.0116728,0.0040339,0.0329629,0.00870344,0.00574173
0.0107375,0.00725322,0.00609939,0.0134969,0.00431186,0.00233781
0.0268105,0.0178911,0.00938107,0.051098,0.0114866,0.009884
0.0441914,0.0278693,0.0157165,0.0613365,0.0146132,0.0117776
0.0224012,0.0146838,0.00713981,0.0389026,0.0096798,0.0167884
0.0596247,0.0335737,0.0253097,0.110055,0.0253681,0.0353627
0.0122833,0.00824874,0.00485133,0.0278691,0.00711586,0.00283225
0.00923089,0.00602382,0.0176189,0.0363527,0.00935742,0.0132957
0.00684868,0.0047285,0.00353215,0.0240364,0.00599055,0.00430991
0.0421617,0.02472,0.0215856,0.0978425,0.0247397,0.033267
0.0178475,0.0120624,0.0061496,0.0355122,0.00848777,0.00771068
0.0119873,0.00830773,0.00947416,0.0229303,0.00637287,0.00597727
0.0062351,0.00418831,0.00279564,0.0140896,0.00351251,0.00238498
0.013392,0.00905036,0.00467179,0.019237,0.00522127,0.00374396
0.0117786,0.00829411,0.00409482,0.0233648,0.00558923,0.00404234
0.0538467,0.0257436,0.0162161,0.0761047,0.019783,0.0370597
0.0434199,0.0268969,0.012459,0.0643609,0.0170755,0.0236854
0.00969842,0.00704013,0.00334228,0.014842,0.00350764,0.00208878
0.00764979,0.00475508,0.00281098,0.0199384,0.0053142,0.00932798
0.0269841,0.0178153,0.00953588,0.051582,0.0117589,0.0208188
0.00497971,0.00335502,0.00233564,0.0209931,0.00394982,0.00271257
0.00541044,0.0035402,0.0024801,0.000691455,0.000623296,0.00164468
0.0158836,0.0109369,0.00780489,0.0362703,0.00773697,0.00620925
0.00427347,0.00313681,0.00245729,0.0133969,0.00408746,0.00274873
0.0279008,0.0186895,0.00845083,0.0238902,0.00676308,0.00914965
0.0188589,0.0128477,0.00683578,0.037915,0.0106142,0.00800379
0.0171221,0.0116383,0.00566198,0.0292667,0.00860317,0.0114156
0.0174446,0.0116717,0.00564223,0.0342556,0.00802212,0.00641421
0.0191141,0.0129312,0.00985421,0.0622783,0.0145303,0.0160556
0.0156888,0.0104071,0.00491077,0.0284821,0.0082239,0.00654614
0.0156155,0.0103124,0.00757111,0.0445863,0.0123767,0.0245014
0.0165658,0.0115054,0.0158385,0.0429168,0.0124702,0.0126046
0.013933,0.00990095,0.00409491,0.0390903,0.0102612,0.0163993
0.0197888,0.013278,0.0121288,0.0425948,0.0125161,0.014778
0.0260458,0.0172183,0.00866922,0.0351381,0.00942802,0.0111403
0.0112475,0.00778295,0.00386747,0.0128779,0.0031013,0.00238787
0.0265048,0.0173619,0.0130504,0.0439581,0.014223,0.0227257
0.0102094,0.00717266,0.0037894,0.0357092,0.0111352,0.01051
0.0152206,0.0106431,0.00700095,0.028286,0.00636853,0.00781843
0.0240003,0.0162042,0.0088167,0.0466951,0.0113938,0.00936103
0.0230265,0.0160615,0.0126244,0.0369575,0.0100755,0.0138828
0.0600351,0.031269,0.0411968,0.114605,0.0295519,0.128247
0.0132261,0.00623625,0.00455175,0.0301092,0.00580091,0.0112598
0.00846677,0.00611396,0.00314741,0.0151267,0.00430863,0.00357648
0.028211,0.0184196,0.00797985,0.0346017,0.00852668,0.0154302
0.0098236,0.00711337,0.00289885,0.0230789,0.00701979,0.00412694
0.00568241,0.00384019,0.00309923,0.0101636,0.00273795,0.00624572
0.019383,0.0128627,0.0051412,0.0086485,0.00129896,0.00633596
0.00621912,0.0042862,0.00345378,0.0184396,0.00458009,0.000694296
0.0235809,0.0153587,0.00749793,0.0370384,0.00861214,0.0088576
0.0116486,0.00792443,0.00546267,0.0440362,0.010391,0.0129157
0.0153412,0.0102362,0.00637589,0.0255958,0.0075806,0.00425268
0.056019,0.0338125,0.0380703,0.147764,0.0349564,0.0269165
0.0211987,0.0141387,0.00583252,0.0254686,0.00526698,0.0146401
0.00470806,0.00338382,0.00114928,0.0133842,0.00432663,0.00381515
0.0337115,0.0145157,0.0131302,0.0535809,0.0126351,0.0186789
0.0341913,0.0151634,0.012979,0.04301,0.00943174,0.0176205
0.00926024,0.00626499,0.00457428,0.0251383,0.00669196,0.0116663
0.0138355,0.00956984,0.00407762,0.0183589,0.00477108,0.0130843
0.00901471,0.0062153,0.00246184,0.0273981,0.00907254,0.0236734
0.00948949,0.00661476,0.00352097,0.0124232,0.00282948,0.00592051
0.0325326,0.0217967,0.0138331,0.0519275,0.0116857,0.0206289
0.0191098,0.0126358,0.0192405,0.0960152,0.0267686,0.0324571
0.00659905,0.00422674,0.00903207,0.0417182,0.00983273,0.0171051
0.00512495,0.00369286,0.00239965,0.0154373,0.00298195,0.00257918
0.0157361,0.0110032,0.0041008,0.0204495,0.00385348,0.00541781
0.00382817,0.00296914,0.00158297,0.0235284,0.00643957,0.00838961
0.0227573,0.0144327,0.0184557,0.0508136,0.0143835,0.0225887
0.0286715,0.0186263,0.00904867,0.0498,0.0123511,0.0124765
0.013288,0.0090235,0.00429825,0.0222704,0.00468637,0.00860257
0.0161771,0.0107591,0.00483083,0.0314156,0.00802714,0.00419372
0.0213075,0.0150952,0.00989296,0.0531222,0.0164573,0.0139952
0.00751521,0.0055195,0.00336803,0.0490476,0.0126728,0.0139113
0.019465,0.0130825,0.0055921,0.0225212,0.00643172,0.0149841
0.0101502,0.00672122,0.00251837,0.019739,0.00598361,0.00456513
0.00835292,0.00596105,0.00218264,0.0224358,0.00425829,0.00541919
0.00859798,0.00628844,0.00317536,0.0226611,0.0063525,0.00604169
0.0236021,0.0152676,0.00821078,0.0348937,0.00638766,0.0199957
0.0267746,0.0182561,0.00962716,0.0531148,0.012489,0.0184971
0.00582625,0.00413923,0.00383011,0.0156587,0.0036032,0.00444925
0.0123885,0.00879681,0.0041561,0.0288707,0.00671214,0.0076547
0.0470957,0.0274879,0.0365737,0.15113,0.0377355,0.0657512
0.0528401,0.0324144,0.0342067,0.135811,0.0348572,0.0428835
0.0365944,0.0230923,0.00904124,0.0572969,0.0113175,0.00491304
0.0246967,0.0137746,0.00996433,0.0365874,0.0103465,0.0177963
0.0394258,0.0155081,0.0145731,0.0621297,0.0153897,0.0170578
0.0316334,0.0155318,0.011058,0.0593627,0.0132961,0.0120708
0.017032,0.0111765,0.0232793,0.103292,0.0302231,0.0420947
0.0204698,0.0134689,0.00548323,0.0458977,0.0107252,0.0145483
0.0120059,0.0082371,0.00358939,0.0290388,0.00661212,0.0135903
0.0349039,0.0215296,0.0192765,0.121085,0.0313214,0.0270163
0.0185505,0.0126791,0.00601203,0.034031,0.00842464,0.0273214
0.00651149,0.00470608,0.00177373,0.0201122,0.0036137,0.00747055
0.0211543,0.0140577,0.00679776,0.0290123,0.0079073,0.00874756
0.0114375,0.00810979,0.00376005,0.0229854,0.00574963,0.00451464
0.0104117,0.00748756,0.0107537,0.0701016,0.017302,0.0116753
0.0166881,0.0102739,0.0133231,0.0712687,0.0184833,0.0165026
0.0249554,0.0157361,0.0126,0.050209,0.0107967,0.00608
0.0133956,0.0088109,0.00451837,0.0207527,0.00643319,0.00525874
0.0068185,0.00386938,0.0046019,0.0198015,0.00538533,0.00720768
0.0198019,0.0132278,0.0132818,0.0685226,0.0170207,0.0270481
0.0135151,0.00921764,0.00863833,0.0476492,0.011159,0.0179412
0.00891987,0.00623303,0.00295728,0.0149997,0.00379593,0.0135066
0.0220489,0.0146845,0.0160234,0.0634404,0.0145358,0.0304023
0.0348722,0.0228604,0.011225,0.0752316,0.0205542,0.0348352
0.0361708,0.0232389,0.010892,0.0315312,0.00780173,0.0106084
0.0104944,0.00674036,0.00414555,0.0254136,0.00652942,0.0136983
0.0142968,0.0097694,0.00814174,0.041183,0.0105801,0.00652563
0.0103876,0.00726477,0.00328772,0.0280888,0.00649321,0.0100549
0.00632923,0.0041209,0.00210552,0.0139454,0.00478714,0.00538471
0.0103027,0.00703043,0.0048397,0.0222567,0.00752369,0.00622778
0.0247426,0.0158411,0.0159428,0.0887962,0.0222332,0.0160227
0.00833406,0.00580312,0.00305914,0.0207027,0.00631424,0.00435112
0.0279493,0.0184763,0.00846323,0.068038,0.0177354,0.0208045
0.0137066,0.00919517,0.00456432,0.0284279,0.00731906,0.00701669
0.0164926,0.0116559,0.00729181,0.0278176,0.00728597,0.00866865
0.0112555,0.00812685,0.00435984,0.0238387,0.0038098,0.00608273
0.0130102,0.00886186,0.0147692,0.0597256,0.0168385,0.0442979
0.0189817,0.0128709,0.0070862,0.0311641,0.00749899,0.00628254
0.0163452,0.0113587,0.00524402,0.0187537,0.0042252,0.00422207
0.0262221,0.0169597,0.00991285,0.0420312,0.00992224,0.00397108
0.0127106,0.00844008,0.00432709,0.0313088,0.00865488,0.00833596
0.0147438,0.0102915,0.00647665,0.0186098,0.00751286,0.00484758
0.0116393,0.00815794,0.00991319,0.031296,0.00857347,0.00950681
0.0220503,0.0147467,0.00776243,0.0277081,0.00645927,0.00389439
0.0482461,0.0300614,0.0181092,0.0528723,0.0134209,0.013908
0.0189917,0.0124591,0.00945536,0.0549465,0.0157075,0.0148786
0.0369744,0.0244852,0.0168911,0.0602438,0.0163528,0.0188503
0.00630589,0.00443697,0.00265638,0.000825983,0.00115227,0.00319934
0.0113796,0.00781219,0.00745263,0.00902496,0.00282572,0.00503707
0.00753503,0.00522774,0.00489815,0.0242898,0.00559363,0.00739511
0.0174251,0.0113704,0.00613673,0.0289229,0.00692945,0.00749589
0.0102378,0.00744817,0.00416964,0.0199333,0.00492583,0.00274887
0.0348962,0.0227074,0.0327957,0.163467,0.041759,0.0435163
0.0115477,0.00799239,0.00476572,0.00548333,0.00107461,0.00931799
0.0102847,0.007268,0.00545663,0.0155638,0.00444742,0.00600672
0.0155042,0.0107194,0.00501272,0.0250967,0.00455018,0.00410003
0.00920284,0.00621157,0.00531348,0.0197469,0.00551276,0.00212888
0.0111001,0.00771505,0.00333036,0.0164184,0.00309325,0.00475277
0.00699098,0.00508014,0.00278571,0.00920807,0.00243342,0.00243845
0.0481973,0.0308422,0.0185649,0.0550942,0.0138387,0.0406207
0.00773016,0.00525895,0.0121153,0.0713455,0.0194459,0.0290254
0.00861399,0.00574587,0.00353686,0.0234432,0.00475019,0.00370176
0.0124331,0.00841458,0.0051805,0.0346686,0.00942723,0.0155132
0.0092939,0.00608435,0.00383159,0.0207506,0.00410612,0.0017546
0.0301036,0.0122931,0.0115976,0.0577684,0.0145566,0.0241463
0.0303947,0.0115784,0.0104526,0.0477741,0.0101506,0.0188501
0.0119296,0.00820739,0.00325339,0.0153403,0.00456456,0.00427168
0.0321713,0.0198275,0.035856,0.177421,0.0473939,0.0773654
0.0191804,0.0125803,0.00665444,0.0375593,0.00901081,0.00298348
0.0119261,0.00843717,0.00530942,0.0155769,0.00428236,0.00219686
0.0236052,0.0158245,0.0132359,0.0684456,0.017299,0.029014
0.00949017,0.00686873,0.00212477,0.0206432,0.00647412,0.00456546
0.00966263,0.00701992,0.00368986,0.0134778,0.00401163,0.00326573
0.00995566,0.00703928,0.00258639,0.0264419,0.00941654,0.0153807
0.0255429,0.016813,0.00953616,0.0591777,0.0142156,0.018799
0.00876156,0.00605681,0.00311016,0.0232675,0.0055502,0.0187276
0.0308055,0.0178177,0.0125016,0.0747252,0.0239053,0.0306801
0.0264802,0.0180256,0.010316,0.0563707,0.0149167,0.0205608
0.0173814,0.0112078,0.00565692,0.0353961,0.0103917,0.0140121
0.0423522,0.0172606,0.0266392,0.140988,0.0360919,0.0651773
0.0411982,0.0173242,0.0265488,0.140843,0.0342909,0.0655918
0.00747307,0.00531123,0.00268528,0.015845,0.00458403,0.0017674
0.0148059,0.010029,0.00554873,0.00369288,0.000474463,0.00564632
0.0197573,0.0135135,0.00864787,0.0570728,0.0143836,0.0132579
0.00469815,0.00355605,0.00291513,0.00759929,0.00287991,0.00432388
0.0325947,0.0197679,0.0311946,0.16095,0.0414957,0.0584988
0.0143237,0.009649,0.0047369,0.022875,0.00567938,0.00639918
0.0109631,0.00725703,0.00399519,0.0196855,0.00476495,0.00505106
0.0261372,0.0175401,0.00887192,0.0349193,0.00757106,0.0120048
0.0135801,0.00937493,0.00369791,0.021623,0.00668954,0.0196306
0.016523,0.0114237,0.00498142,0.0242813,0.0066559,0.00585031
0.0269357,0.0174927,0.0139012,0.0687965,0.015868,0.0156781
0.0143841,0.00957162,0.00449388,0.0380176,0.0111584,0.00578013
0.00658357,0.00468246,0.0031512,0.0129796,0.00341006,0.00351117
0.0196983,0.0130549,0.0439073,0.144129,0.0374219,0.0581876
0.0164364,0.011559,0.00701612,0.0278667,0.00641653,0.0078699
0.0124176,0.00860439,0.0041472,0.0212224,0.00509597,0.00307892
0.00779456,0.00540192,0.00192386,0.0169768,0.00488915,0.0118647
0.00831619,0.00540185,0.00299248,0.0090784,0.003696,0.00254688
0.0161106,0.0108454,0.0043527,0.0242361,0.00631323,0.0070244
0.0284049,0.0194024,0.00891209,0.0359516,0.00988077,0.00266752
0.00799189,0.00544346,0.00285799,0.0172705,0.00321228,0.00473384
0.0229061,0.0158087,0.0161686,0.0466356,0.0134594,0.0348002
0.0103416,0.00399247,0.00276908,0.0268057,0.00861145,0.0113652
0.0158529,0.0095128,0.00345221,0.0200345,0.00515131,0.00697344
0.00672022,0.00446154,0.00521958,0.0131227,0.00399794,0.00821109
0.0247969,0.0122891,0.00861715,0.063774,0.0152335,0.0279108
0.0197839,0.0133811,0.00628133,0.0246674,0.00738899,0.00433359
0.0188799,0.0134085,0.00768793,0.0349395,0.00766438,0.0124447
0.0109817,0.00799901,0.00198966,0.0245103,0.006163,0.00834759
0.0224952,0.0152286,0.0102793,0.0289466,0.00896802,0.0194579
0.0200503,0.0132872,0.00677836,0.0497362,0.0152666,0.00768168
0.00553771,0.00383911,0.00210997,0.0150033,0.00539806,0.00323646
0.00399417,0.00308649,0.0026427,0.0140282,0.00371769,0.00298042
0.0143144,0.00969266,0.00782363,0.0534504,0.0123787,0.0101626
0.0253462,0.0168943,0.0205481,0.081965,0.0201717,0.0367897
0.0170634,0.0111038,0.00928547,0.0300744,0.007325,0.00966266
0.0277921,0.0184145,0.00495776,0.05943,0.0140625,0.017641
0.00966071,0.0063581,0.00354034,0.0156248,0.00431186,0.0043898
0.0141344,0.00579848,0.0118958,0.043328,0.0128229,0.0260016
0.0347085,0.0212779,0.0132103,0.0473923,0.0136797,0.0172406
0.0386105,0.0224221,0.0176693,0.10651,0.028365,0.0270186
0.0160674,0.0110648,0.00344774,0.0212564,0.00668303,0.00760959
0.0288487,0.0192155,0.0127723,0.0499747,0.0143031,0.0404694
0.0115472,0.00807839,0.0041871,0.0211019,0.00541737,0.00224392
0.0365427,0.0233534,0.0211432,0.0755092,0.0217416,0.0341458
0.00703459,0.00470864,0.00163101,0.0188026,0.00508476,0.00380008
0.0329876,0.0151741,0.012421,0.0541932,0.0140115,0.0305895
0.00698117,0.0052578,0.00541366,0.0193348,0.00544726,0.00402015
0.0161216,0.0106402,0.00482653,0.0344452,0.00920842,0.00537459
0.0164327,0.0115274,0.0079168,0.054997,0.014548,0.0134186
0.0154074,0.00687354,0.00572284,0.029025,0.00869694,0.00671174
0.0168006,0.00808496,0.00512411,0.0258656,0.00658704,0.00731735
0.0277277,0.0160924,0.0172046,0.119554,0.0315358,0.0271777
0.0369182,0.0179826,0.0191323,0.127829,0.0307455,0.0305475
0.00636762,0.00464798,0.00182252,0.0185519,0.00515394,0.0186386
0.0285564,0.0191678,0.0103047,0.0582884,0.0145053,0.00790425
0.0204892,0.0141172,0.00655737,0.0346785,0.00881508,0.0101667
0.00696586,0.00498248,0.00442559,0.0300376,0.00906868,0.00454602
0.00573389,0.00425458,0.00261813,0.00942333,0.00246791,0.00211443
0.0109416,0.00777958,0.00317506,0.0145626,0.00564184,0.00679879
0.0296553,0.0186977,0.017466,0.121378,0.0303299,0.0191248
0.0217512,0.015215,0.00905,0.0339482,0.00955222,0.0118812
0.0225487,0.0150372,0.00569747,0.0278316,0.00851903,0.0042532
0.0103425,0.00704832,0.00434262,0.0194232,0.00504888,0.00224052
0.0299848,0.0197679,0.00988454,0.0363905,0.00968058,0.0261566
0.0102883,0.00751341,0.0047826,0.0151136,0.00416389,0.00368458
0.0163102,0.0112997,0.0058241,0.0186615,0.00456374,0.00951474
0.0215683,0.0150626,0.0124598,0.0751133,0.0204595,0.00890663
0.0402643,0.0182672,0.0163235,0.0912782,0.0232431,0.026337
0.0432937,0.0182776,0.0160331,0.0865732,0.0204629,0.0220489
0.0143587,0.00993424,0.00456476,0.0181991,0.00458984,0.00549373
0.0123445,0.0085747,0.00559486,0.0413685,0.0126016,0.00851623
0.00633392,0.00475005,0.00640684,0.0126692,0.00269738,0.00314344
0.0243992,0.0160717,0.00671098,0.0485809,0.0144553,0.0169349
0.0105478,0.00724667,0.00391269,0.0174988,0.00409589,0.00610097
0.0141531,0.0102197,0.0077361,0.0312852,0.00879423,0.00362469
0.016545,0.0110335,0.00729436,0.0321744,0.0101645,0.0041537
0.0133453,0.00880403,0.00413683,0.0281103,0.00866294,0.00621889
0.0217297,0.0149464,0.010296,0.0360579,0.00940064,0.0256081
0.0333166,0.0223007,0.0182105,0.0548596,0.0140115,0.0106784
0.0144975,0.0100435,0.0126947,0.0335928,0.0106522,0.0104341
0.0507795,0.0286344,0.0471531,0.20478,0.0510534,0.0487628
0.0419804,0.0194632,0.0207794,0.0605517,0.0143067,0.0219341
0.00712489,0.00489869,0.00323419,0.0136418,0.00375401,0.00798501
0.00455872,0.00351101,0.00256645,0.00249891,-0.000231766,0.00332609
0.0550973,0.0331051,0.0282914,0.119427,0.026652,0.0275604
0.00928749,0.00666261,0.00342896,0.0138591,0.00365266,0.00165134
0.0236697,0.0158677,0.011137,0.0724026,0.0214741,0.054711
0.00829161,0.00594504,0.00271053,0.0152721,0.00390305,0.00288218
0.0188748,0.0130681,0.00817779,0.0416518,0.0128885,0.0329806
0.00970652,0.00622239,0.00293902,0.027138,0.00734408,0.0080656
0.0119449,0.00815891,0.00357582,0.0261031,0.00583324,0.0031614
0.0045835,0.00334657,0.00152759,0.0142018,0.0030735,0.00351997
0.00754415,0.0055488,0.00322127,0.0213121,0.00542059,0.00231131
0.0112226,0.00830107,0.0044202,0.0148994,0.00359017,0.00405517
0.0277862,0.0174358,0.0359738,0.10874,0.0283089,0.0163236
0.0274579,0.0186715,0.0156429,0.0587652,0.0156083,0.0284919
0.0281624,0.0113144,0.0129019,0.0416066,0.0103038,0.0164561
0.0288947,0.01149,0.0123135,0.0335741,0.00819463,0.014539
0.0201292,0.0131381,0.00708716,0.0369294,0.0110609,0.0099447
0.012539,0.00879168,0.00510807,0.0233638,0.00471026,0.00444629
0.00721963,0.00504537,0.00429417,0.0179055,0.00352823,0.00533135
0.0172059,0.0115992,0.00687338,0.0391298,0.00777742,0.016103
0.00474852,0.00347234,0.00421492,0.0125671,0.00432552,0.00245926
0.0158553,0.0109407,0.00567082,0.018637,0.0068833,0.0113086
0.0191694,0.0125008,0.00588527,0.0127476,0.00362536,0.0047521
0.0149971,0.0104258,0.00684467,0.0371625,0.0103533,0.0114535
0.0115435,0.00813039,0.00463401,0.0146758,0.00218886,0.00460926
0.0060697,0.0044773,0.00294101,0.0109207,0.00277763,0.00406208
0.0458097,0.0287282,0.0145408,0.0553364,0.0140468,0.0290941
0.0112012,0.00807025,0.00468592,0.0251452,0.00633438,0.0121228
0.0113731,0.00755283,0.00438443,0.0180866,0.00438131,0.00264674
0.00899993,0.0061682,0.00340595,0.0177416,0.00458299,0.00281272
0.0198422,0.0129785,0.0271668,0.0742265,0.0195176,0.0219138
0.0224486,0.0146936,0.00885082,0.0367795,0.00956611,0.0075147
0.00963035,0.00650198,0.00427193,0.0232372,0.00538426,0.00994122
0.00884526,0.00593886,0.00574251,0.0228311,0.00558043,0.00759722
0.0135767,0.00946416,0.00241818,0.0251326,0.00642205,0.00538358
0.0337002,0.0221185,0.0206607,0.0999916,0.0248757,0.0162684
0.0196482,0.0110608,0.00970665,0.0394302,0.0116819,0.00930952
0.0138894,0.00579923,0.00545043,0.0157783,0.00477294,0.00480179
0.0120899,0.00692948,0.00358131,0.0262723,0.00826282,0.0105058
0.013712,0.00704806,0.00553442,0.0211636,0.00673486,0.00594796
0.013976,0.00950894,0.00913892,0.0571101,0.0159667,0.013269
0.0258561,0.0166453,0.0125424,0.0566985,0.0124344,0.0162124
0.0222388,0.0101247,0.0168915,0.0784592,0.0223617,0.0561164
0.0159806,0.0106898,0.0044086,0.0201984,0.00453859,0.0137527
0.0193448,0.0131569,0.00566303,0.0322096,0.00739268,0.00710205
0.038659,0.0224026,0.0190306,0.0864212,0.0222085,0.0168516
0.0248058,0.0169531,0.00772578,0.0326162,0.00721985,0.00844634
0.0184119,0.012729,0.00971755,0.00443545,0.00139197,0.0042238
0.0267182,0.0159597,0.00760796,0.0563878,0.0160647,0.00903073
0.0460445,0.0271765,0.0139616,0.0603541,0.015129,0.0339938
0.0108088,0.00706889,0.00398853,0.0239647,0.0065126,0.0151147
0.00962609,0.00651221,0.0102451,0.0374188,0.00930069,0.0129825
0.0432197,0.0161377,0.030242,0.127533,0.0330868,0.0577112
0.0445369,0.0161937,0.031377,0.129375,0.0315976,0.0572432
0.0143738,0.00957116,0.00516744,0.0245087,0.00511594,0.00188504
0.0237007,0.0150266,0.0116679,0.0463437,0.0129559,0.03177
0.00678946,0.00438161,0.00210115,0.0203176,0.00587966,0.00331663
0.0174308,0.0117651,0.00707936,0.0309905,0.00680356,0.0117085
0.0121459,0.00809015,0.00434143,0.0456782,0.0136394,0.0091939
0.0930184,0.044129,0.101257,0.420917,0.111538,0.163129
0.01415,0.00993578,0.00468429,0.0149595,0.00501132,0.00223053
0.00532587,0.00354805,0.00254318,0.0261432,0.00593759,0.0090898
0.0114573,0.00772421,0.00349072,0.0222305,0.00640841,0.00281625
0.0106377,0.00718767,0.0060293,0.0254228,0.00571351,0.0158713
0.0093553,0.00682163,0.00412044,0.0187673,0.00474645,0.00411211
0.0175185,0.01214,0.0285269,0.0973884,0.0290346,0.0589551
0.0294963,0.0133681,0.0244426,0.0602399,0.0147275,0.0136763
0.0294016,0.0141654,0.0206883,0.046976,0.010349,0.0120819
0.00844791,0.00563714,0.00243685,0.0190027,0.00498302,0.00507454
0.0232037,0.0155411,0.0102761,0.0538298,0.0132622,0.0257608
0.0340611,0.0215621,0.0140195,0.0607923,0.0191825,0.0184674
0.00749412,0.00536659,0.00374697,0.0238638,0.00499633,0.00435395
0.0066581,0.00495611,0.00407821,-0.000608504,-0.000147209,0.00102494
0.00812899,0.00540329,0.0034538,0.0143882,0.00547391,0.0113564
0.0154077,0.0102537,0.00469157,0.0282852,0.00631392,0.00604696
0.0282065,0.0171323,0.025453,0.0966186,0.0246911,0.0585467
0.0389391,0.0245351,0.0133274,0.0735339,0.0177895,0.0336271
0.0200564,0.013039,0.00698274,0.0311482,0.00537795,0.0039279
0.0140848,0.00988992,0.00404166,0.0347315,0.00972527,0.0143642
0.0298352,0.0194227,0.00951917,0.035471,0.00914583,0.00508944
0.0535786,0.0276904,0.0322485,0.151064,0.0390758,0.0494115
0.0151864,0.0106392,0.00606508,0.0282104,0.0072955,0.0113071
0.0344953,0.0206805,0.0290943,0.130081,0.0344713,0.0673785
0.0314284,0.0202655,0.0107209,0.0384642,0.00944328,0.00667626
0.0076032,0.00517929,0.00228849,0.0113275,0.00365947,0.00432306
0.0705824,0.0257799,0.0466529,0.223353,0.060565,0.0910212
0.037245,0.0253336,0.00907467,0.0392293,0.0109592,0.0125685
0.0251914,0.0169917,0.00803136,0.0552787,0.0157882,0.0222247
0.0165942,0.0115584,0.00524386,0.019074,0.00525788,0.00855369
0.0216557,0.014575,0.0128237,0.0683766,0.0178756,0.0244438
0.0126279,0.00453104,0.00530529,0.0233071,0.00744379,0.00688465
0.0237952,0.0145558,0.00839411,0.0258566,0.00774974,0.00630567
0.0199637,0.013545,0.00620773,0.0302968,0.0078997,0.00602501
0.00980009,0.0070099,0.00841942,0.00750539,0.00117231,0.013595
0.012121,0.00833094,0.0067435,0.0200946,0.00550075,0.0115139
0.0410647,0.0268562,0.0146107,0.0747069,0.0174025,0.0173641
0.0120767,0.00832246,0.00527381,0.0182326,0.00506022,0.00374725
0.0062133,0.00473844,0.00263142,0.019891,0.00310937,0.00230069
0.014808,0.0102856,0.00520197,0.0279071,0.00659382,0.00402038
0.0115443,0.00839351,0.00487008,0.0154166,0.0040114,0.00915498
0.0169037,0.0116908,0.00876793,0.0277118,0.00586238,0.00953091
0.0204029,0.0134283,0.0178987,0.0738989,0.0188452,0.0238651
0.00585766,0.00406749,0.00408593,0.0172093,0.00440114,0.00942618
0.00738189,0.0054211,0.00761419,0.0348459,0.00922836,0.0087895
0.0152067,0.0100022,0.00535877,0.0228221,0.00556248,0.00253063
0.0118381,0.00815962,0.00417948,0.0261223,0.00703108,0.0147791
0.0275364,0.0177286,0.0289033,0.107502,0.0246164,0.0182158
0.0217162,0.0139788,0.00655125,0.0392797,0.0103259,0.00477261
0.0351085,0.0233332,0.0102181,0.0373566,0.0112275,0.0106284
0.0160778,0.010677,0.0105481,0.048641,0.0118747,0.029541
0.00717047,0.00507597,0.00116836,0.0249104,0.00652564,0.00285327
0.0450089,0.0290726,0.0114222,0.0702221,0.0176837,0.0139927
0.0196369,0.0135452,0.00666068,0.0245093,0.00726285,0.00561084
0.0274769,0.0180513,0.0139939,0.0489914,0.0137157,0.0287317
0.0090442,0.00594395,0.00492244,0.0134994,0.00259335,0.00105476
0.00633635,0.00422595,0.00969251,0.0343975,0.00951603,0.0150629
0.0225915,0.0132705,0.0178351,0.0855501,0.0251236,0.00982388
0.0632592,0.0383418,0.0369448,0.111691,0.0271365,0.0226866
0.0156546,0.010232,0.0178328,0.0779289,0.0192887,0.0314654
0.042595,0.0251538,0.0475984,0.201274,0.0550118,0.0552198
0.0454075,0.0292251,0.0172152,0.079698,0.0197706,0.0234599
0.0316003,0.0203936,0.0111539,0.0440804,0.0114959,0.0119902
0.0412927,0.018882,0.0139475,0.0678831,0.0167696,0.0153688
0.0248276,0.0157876,0.0073269,0.0378603,0.00774338,0.0117215
0.0110872,0.00742207,0.0039787,0.017086,0.00464125,0.00480254
0.0148608,0.0101422,0.00564103,0.0216949,0.0066392,0.0061568
0.0254304,0.0169232,0.0129058,0.0785194,0.0191131,0.0252932
0.00613666,0.00467507,0.00260418,0.0130175,0.00539276,0.000677301
0.012426,0.00863298,0.00420643,0.0160827,0.00337645,0.00482672
0.011429,0.00769102,0.00583579,0.0198282,0.00443701,0.00512618
0.00787693,0.00496195,0.0162673,0.0738579,0.0200061,0.0136664
0.0425408,0.0270123,0.0156345,0.0544026,0.0143785,0.0182599
0.0243618,0.0159286,0.0067439,0.0488557,0.0131578,0.00533163
0.00475715,0.00316209,0.00275647,0.0109133,0.00281099,0.00205602
0.00600181,0.0043474,0.00151294,0.0152852,0.00354016,0.00306119
0.0139597,0.00949958,0.00513706,0.0251877,0.00573169,0.00382498
0.0151951,0.010303,0.00471727,0.0120879,0.0036962,0.00587625
0.00687434,0.0046274,0.00622424,0.0353184,0.010738,0.0115842
0.0100291,0.00716794,0.00383288,0.0246124,0.00748945,0.00416543
0.0159296,0.0104112,0.00752508,0.0224568,0.00558583,0.00557747
0.0177279,0.0120127,0.00636844,0.0101128,0.00150934,0.0100117
0.00647137,0.00472009,0.00341699,0.00875632,0.00330262,0.00250481
0.00959751,0.00655153,0.00395791,0.0155938,0.00499038,0.00341549
0.00949593,0.00669163,0.00419884,0.016399,0.00379055,0.00660418
0.0143113,0.0100461,0.00470351,0.023761,0.00497646,0.0118329
0.00985692,0.00662766,0.00311248,0.0182335,0.00464322,0.00628802
0.0115714,0.00798181,0.00320909,0.0158724,0.0055144,0.00390992
0.0267137,0.0179228,0.00967431,0.0382425,0.0102666,0.00818762
0.0129798,0.00924783,0.00421599,0.0231525,0.0056031,0.00364503
0.0174823,0.0114213,0.0144799,0.0483989,0.015858,0.0325266
0.0195561,0.0135762,0.00676496,0.0327927,0.00816318,0.01265
0.0365828,0.0232373,0.0298606,0.138664,0.0376356,0.0481726
0.0105467,0.00731346,0.00306958,0.0168761,0.0035892,0.00336345
0.0113576,0.00770084,0.00942668,0.0528891,0.0136572,0.0144486
0.0155438,0.0106694,0.00453052,0.0249415,0.00582893,0.00402718
0.0226466,0.0150844,0.00838865,0.0431662,0.00922071,0.0132706
0.0279117,0.0183719,0.010988,0.0549109,0.0141365,0.00804685
0.0218608,0.0149307,0.00731115,0.0314379,0.00675973,0.00887978
0.00971264,0.00635388,0.00945152,0.0683656,0.017178,0.0118066
0.00980136,0.00704409,0.00562768,0.0235124,0.00546127,0.00195092
0.00583476,0.00401466,0.00225354,0.00226062,-0.000129874,0.00276974
0.00910299,0.00631057,0.00805537,0.0433188,0.0101709,0.00510664
0.0183387,0.00765758,0.00829094,0.0502004,0.0137124,0.019273
0.0185312,0.00762953,0.00823308,0.0450985,0.0116329,0.0186858
0.015789,0.00982529,0.00523521,0.0264446,0.00807809,0.00923058
0.0231336,0.01467,0.0099514,0.0498671,0.0125229,0.0272654
0.0187681,0.0121935,0.00362004,0.0296237,0.0072459,0.00412814
0.00703075,0.00501991,0.00475772,0.0244636,0.00552698,0.00210427
0.0222733,0.0147092,0.0190229,0.114959,0.0265435,0.040825
0.00806179,0.00564602,0.0021616,0.0149986,0.00465233,0.0121037
0.0124905,0.0086479,0.00424042,0.0200128,0.00555677,0.0034807
0.0288999,0.0188917,0.0121826,0.0762696,0.0194447,0.0261545
0.0139241,0.00974235,0.00703349,0.0273418,0.0076207,0.0109923
0.0339875,0.0228682,0.0117628,0.0536201,0.0127433,0.0082484
0.00529346,0.00366919,0.00195519,0.0161823,0.00441464,0.000968355
0.00668879,0.00504499,0.00449361,0.032902,0.0105284,0.00625615
0.0240544,0.00933878,0.0266203,0.118817,0.0304308,0.0297428
0.0294702,0.0131941,0.0102507,0.0526527,0.0144716,0.0134924
0.0485079,0.0315723,0.0172898,0.0925792,0.0231503,0.034066
0.0226133,0.0156505,0.016897,0.0761279,0.0187869,0.0278768
0.00964494,0.00630168,0.00397863,0.0117362,0.00426119,0.0105849
0.0113115,0.00755501,0.00421781,0.023363,0.00611075,0.00111224
0.019226,0.0131468,0.016966,0.0723869,0.0205703,0.0247826
0.00688593,0.0048143,0.00245227,0.00961853,0.00358904,0.00207151
0.00643758,0.00412089,0.0021209,0.011224,0.00399768,0.0100817
0.0190617,0.0127949,0.00501901,0.0266979,0.00687282,0.00967144
0.00551967,0.00355232,0.00256007,0.0151927,0.00317983,0.00196853
0.00850808,0.00603831,0.00367801,0.0135079,0.00443342,0.00467874
0.0205817,0.0140783,0.00969018,0.0560115,0.0136991,0.0166237
0.007662,0.00398544,0.00330474,0.00629069,0.000900614,0.00347927
0.0219191,0.014936,0.00688837,0.0312881,0.00694525,0.00760478
0.0159961,0.0105122,0.00415238,0.0383403,0.00893229,0.010387
0.0325951,0.0213844,0.0218819,0.0711994,0.0202456,0.0172619
0.0205071,0.0131299,0.0076388,0.0366357,0.00909173,0.00859347
0.00885594,0.00630844,0.00355168,0.0132467,0.00498802,0.00400774
0.00996757,0.006963,0.00434463,0.0269947,0.00883963,0.00688477
0.0127381,0.00837494,0.00486513,0.0193647,0.00658244,0.00699487
0.00568204,0.00418194,0.00143876,0.0123291,0.00299914,0.0087438
0.0109953,0.00771567,0.0195198,0.0514062,0.0127023,0.0207658
0.00714055,0.0048209,0.0027018,0.00617338,0.00227038,0.0070348
0.0176102,0.011754,0.00872184,0.0465805,0.00963581,0.0105894
0.0255458,0.0158852,0.00835284,0.0613213,0.0160708,0.0096787
0.009991,0.00691176,0.00359324,0.0210286,0.00609884,0.00322577
0.0478111,0.028306,0.02449,0.112639,0.0327936,0.0528189
0.020798,0.0137968,0.00692437,0.0261235,0.0091351,0.0120244
0.0206505,0.0136873,0.00719465,0.0347167,0.0081878,0.00910817
0.00654463,0.00456183,0.00165622,0.0152018,0.00249775,0.00232597
0.0361134,0.0234478,0.009712,0.0533683,0.0141806,0.0108169
0.0234256,0.0159716,0.00774969,0.0351588,0.0104292,0.00633924
0.00826572,0.00567187,0.00328912,0.0339048,0.011291,0.0154292
0.0420259,0.0273237,0.0131836,0.041281,0.0107762,0.0143655
0.00547689,0.00371704,0.00343352,0.0166894,0.00396399,0.00886728
0.0175905,0.0121041,0.00470207,0.0391604,0.0111899,0.0126359
0.00613351,0.00437604,0.00312135,0.011621,0.00377711,0.0030259
0.00889237,0.00593386,0.0041474,0.0231,0.00520804,0.00649872
0.00995529,0.00654371,0.00355902,0.0178379,0.00405614,0.00175366
0.0180547,0.0121915,0.00344953,0.0278077,0.00761569,0.0117371
0.00933696,0.00633232,0.0136647,0.0629168,0.0196221,0.0188515
0.0101186,0.00666006,0.00643683,0.0525246,0.012306,0.00658042
0.0125868,0.00840512,0.00345689,0.0247378,0.00684475,0.00502047
0.0462015,0.027393,0.0147827,0.0650248,0.0154669,0.0142782
0.00670969,0.00481847,0.00647679,0.0148073,0.00417306,0.00804321
0.0267757,0.0176278,0.00964656,0.0434155,0.0126092,0.0211196
0.0262147,0.0170806,0.00885798,0.0531366,0.015215,0.00652477
0.026089,0.0171732,0.00737746,0.042492,0.0116556,0.0080113
0.0153665,0.0103821,0.00377929,0.0159404,0.00349863,0.00370551
0.00804072,0.00566455,0.00248925,0.0153506,0.0035529,0.00367457
0.0467307,0.0282072,0.060179,0.293062,0.0767151,0.08683
0.00574828,0.00408235,0.00181006,0.0193399,0.00294003,0.00218345
0.0147172,0.0103951,0.00446068,0.0275157,0.00665774,0.0062252
0.027503,0.0179718,0.00652463,0.0425794,0.0112873,0.0109463
0.00756899,0.00516138,0.00212024,0.0193065,0.00370219,0.00714208
0.00767363,0.00528141,0.00266726,0.0191738,0.00604516,0.011168
0.00640141,0.00446403,0.0021037,0.0111503,0.00210667,0.00664745
0.0235782,0.0157737,0.01475,0.0597989,0.0147865,0.0246779
0.0463632,0.0286185,0.0148764,0.0548667,0.0141414,0.0183813
0.0141137,0.00936992,0.00484927,0.0204187,0.00604429,0.0113598
0.0167211,0.0117754,0.00572836,0.0227061,0.00567231,0.00949987
0.00522247,0.00365072,0.00214311,0.0119319,0.00335066,0.00304913
0.00750795,0.00519413,0.00306122,0.0236179,0.00554386,0.00341984
0.043265,0.0236223,0.0156677,0.0640404,0.0189582,0.0240912
0.0271827,0.0102264,0.0101013,0.0338267,0.0102172,0.0113729
0.0148647,0.0101062,0.012253,0.0682454,0.0167591,0.028212
0.0141804,0.0097586,0.0071791,0.0347245,0.00774846,0.0149312
0.00804657,0.0058449,0.0020837,0.0176366,0.00435662,0.00278795
0.0134944,0.00912521,0.0117068,0.0363151,0.00929286,0.0156358
0.0161568,0.0106569,0.00473901,0.0570976,0.0139421,0.00267784
0.00429913,0.00336643,0.00182555,0.0168878,0.00467575,0.00770484
0.0108941,0.00692494,0.00511753,0.0231342,0.00473806,0.00438661
0.0418525,0.0266482,0.0114176,0.0493376,0.0125322,0.0134
0.00618521,0.00429076,0.00406961,0.0324972,0.00929659,0.0123013
0.0112329,0.00793551,0.00409375,0.0270873,0.00579661,0.0083873
0.00872044,0.0059972,0.00180568,0.0144683,0.00580922,0.0232662
0.0211481,0.0140146,0.00651089,0.0353282,0.00811815,0.00506812
0.0219506,0.0147389,0.00700379,0.0401192,0.0102312,0.00603317
0.00874201,0.00603099,0.00460085,0.017806,0.00426619,0.00969059
0.00971014,0.0070011,0.00520165,0.0176254,0.00464526,0.00735193
0.0186928,0.0126412,0.00515834,0.0298467,0.00722158,0.0117775
0.0280317,0.0186588,0.010257,0.0561696,0.0134507,0.0171567
0.0396282,0.024766,0.0134488,0.0538069,0.0133207,0.0168827
0.012638,0.00893987,0.00572026,0.00415695,0.00115972,0.00292412
0.0171996,0.0118994,0.00563909,0.0371698,0.00994539,0.0133176
0.0152069,0.0101554,0.0152282,0.0973344,0.0220593,0.0152096
0.00564352,0.0037822,0.00282543,0.0128331,0.00333705,0.00141949
0.0230478,0.015722,0.0106651,0.0437513,0.0110323,0.00637526
0.0122552,0.0084298,0.0062386,0.0204297,0.00757781,0.0137039
0.051653,0.0285415,0.0277055,0.127648,0.0350739,0.0730428
0.0468512,0.0223453,0.0147877,0.0619232,0.0153017,0.0305202
0.0309639,0.0194864,0.0167939,0.0187534,0.00406392,0.016521
0.0138646,0.00916473,0.00524261,0.0296483,0.00768563,0.0120444
0.0169694,0.0114589,0.00565257,0.0291198,0.0078037,0.00695267
0.0104065,0.00716335,0.00459477,0.0161636,0.00582973,0.00932563
0.0345418,0.0146314,0.0169018,0.0808858,0.0208411,0.0260632
0.00556921,0.00377409,0.00591371,0.0229719,0.00620883,0.0183327
0.00879988,0.0029841,0.00460748,0.0223089,0.00570146,0.00611745
0.0224219,0.0145914,0.0082285,0.0280895,0.00584905,0.0125704
0.0157629,0.0105448,0.00751952,0.0478671,0.0117245,0.012586
0.00567431,0.00361057,0.00252477,0.0136364,0.00366989,0.00410047
0.0143702,0.00927764,0.00609159,0.0210047,0.00447174,0.00444596
0.0163341,0.0112936,0.0127776,0.0774598,0.0241406,0.0342676
0.0166995,0.0120647,0.0168176,0.0432141,0.0124939,0.00814207
0.0213065,0.0144384,0.00589141,0.024442,0.00737224,0.0109216
0.0148876,0.00810585,0.00370806,0.0256783,0.00636164,0.00252135
0.0115002,0.00805297,0.00789718,0.0122081,0.00228893,0.00660398
0.0293934,0.0192281,0.0132744,0.063292,0.0177386,0.032423
0.00933893,0.00672642,0.00304429,0.0116695,0.0039027,0.000950639
0.0115361,0.00781082,0.00480302,0.0221099,0.00522112,0.0110913
0.0176872,0.0123072,0.00973589,0.0337048,0.0133939,0.02662
0.0426011,0.0284947,0.0158964,0.0546821,0.0156559,0.0304484
0.00456444,0.00342522,0.00176888,0.0152115,0.00377161,0.00584981
0.0201758,0.0136025,0.00732015,0.0067641,0.00130722,0.00978355
0.057733,0.0337058,0.0310883,0.159205,0.0431467,0.0357293
0.0238839,0.015556,0.00875716,0.0333878,0.00826077,0.0098373
0.0178077,0.0123672,0.00764766,0.0384348,0.0100204,0.016716
0.0655208,0.0317232,0.0156199,0.113695,0.0305823,0.0171786
0.0560448,0.0243345,0.0158567,0.090718,0.0200816,0.017672
0.0247204,0.0165296,0.0194991,0.124166,0.0329018,0.041494
0.00631321,0.00460893,0.00382396,0.0120479,0.00391068,0.00140024
0.0168531,0.0109708,0.00361396,0.028824,0.00675693,0.0152232
0.0188401,0.0134895,0.00581049,0.031654,0.00894414,0.00805664
0.00458862,0.00326269,0.00242394,0.013222,0.00360014,0.0017231
0.0274671,0.0173241,0.0206937,0.0992326,0.0240845,0.0262198
0.0175954,0.0119504,0.00472175,0.0376109,0.00877235,0.00413152
0.0159429,0.0108167,0.00606605,0.029463,0.0060916,0.0045174
0.00925792,0.00624885,0.00350899,0.0197719,0.00493635,0.00933188
0.0160698,0.0109818,0.005955,0.0520105,0.0135913,0.0157503
0.00871414,0.00634491,0.00478217,0.0201343,0.0059211,0.00950767
0.0365123,0.0157764,0.0113707,0.0481442,0.0125966,0.016023
0.0370364,0.0158075,0.0113503,0.0459429,0.0118117,0.0155128
0.0111806,0.0072074,0.00385394,0.0209102,0.00512886,0.00522399
0.0143918,0.0098852,0.00608127,0.0206914,0.00724966,0.0100541
0.00828204,0.00548492,0.00360165,0.0133862,0.00279898,0.00200488
0.00544433,0.00376625,0.00312489,0.0189661,0.0042002,0.00777673
0.0117243,0.00763232,0.00380584,0.0274435,0.00850805,0.0146409
0.0414169,0.0215226,0.0369029,0.210235,0.054862,0.0654999
0.0435662,0.0201151,0.0325051,0.117599,0.0261775,0.0422721
0.00799279,0.0058062,0.00295544,0.0243944,0.00740708,0.0130249
0.0212153,0.0140327,0.0074979,0.0357796,0.00941784,0.0159242
0.00929182,0.00656058,0.00412641,0.0214537,0.00517041,0.00372094
0.00862613,0.00592407,0.00307003,0.0195899,0.00535026,0.012114
0.0101361,0.00670718,0.00398032,0.0167617,0.00317984,0.00781458
0.0229022,0.011515,0.0194618,0.069263,0.0178204,0.01677
0.00856937,0.005938,0.00238849,0.018214,0.0055702,0.0081513
0.00737605,0.0048251,0.00305507,0.0129678,0.00290371,0.00598127
0.008726,0.00639366,0.00252723,0.0211873,0.00578579,0.00333179
0.0263177,0.0178348,0.00844072,0.0464697,0.0116236,0.010929
0.0167133,0.0112567,0.00495714,0.019145,0.00502972,0.00601343
0.0123047,0.00851479,0.00474755,0.0231462,0.00499503,0.00161529
0.0090825,0.00597327,0.00267421,0.0190017,0.00430517,0.00395075
0.0070262,0.00490744,0.00252146,0.0153676,0.00254832,0.00200739
0.0285568,0.018812,0.00858657,0.0427231,0.0104155,0.0249664
0.0316785,0.0195569,0.00973256,0.0386478,0.0115572,0.0174081
0.0197746,0.0132563,0.00762867,0.0401649,0.00974056,0.0037307
0.0211407,0.0144839,0.00556617,0.0351654,0.010101,0.00627861
0.0196476,0.0133606,0.00627184,0.0334073,0.00841618,0.0138215
0.0107755,0.00723069,0.00403551,0.0186358,0.00411311,0.00379857
0.00900472,0.00628545,0.00674832,0.0377609,0.0114539,0.0213453
0.0184681,0.0126192,0.0048637,0.00643192,0.00188521,0.0044164
0.0129975,0.00832407,0.00455772,0.027493,0.0073681,0.00397561
0.0535979,0.0298191,0.0185813,0.071149,0.0196787,0.0315638
0.042662,0.0163071,0.0194566,0.048661,0.0113577,0.0182786
0.0144641,0.010279,0.00818496,0.0404716,0.0102716,0.0174776
0.013718,0.00965254,0.0046835,0.0197501,0.00733392,0.00728668
0.0126747,0.00863944,0.00812519,0.030218,0.00691066,0.0172374
0.0237291,0.0159484,0.00706867,0.0435,0.011796,0.0189336
0.00625732,0.0043983,0.00265504,0.0137758,0.00407607,0.01498
0.010167,0.00730038,0.003411,0.0227463,0.00419428,0.00698291
0.00624058,0.00435823,0.00349797,0.0231872,0.00605859,0.00669498
0.0482651,0.0299765,0.031551,0.123804,0.0321043,0.0321951
0.0269385,0.0177472,0.0105535,0.0277304,0.00819189,0.0110915
0.0305366,0.0185782,0.0160579,0.0756336,0.0190933,0.0479165
0.022305,0.0147593,0.00602748,0.0292959,0.00703693,0.0106991
0.0499412,0.0272011,0.0165342,0.0745034,0.0189018,0.0258603
0.00368657,0.00307232,0.00209547,0.00728121,0.00180977,0.000592996
0.0119765,0.00861408,0.00367442,0.0206558,0.00395687,0.0138594
0.0180677,0.0123399,0.00713839,0.0325573,0.00839774,0.00474871
0.0305368,0.0192555,0.0125884,0.0366199,0.00922577,0.0162533
0.00686427,0.0047951,0.0118252,0.0189037,0.00544693,0.0105448
0.0154282,0.0105345,0.00485021,0.018943,0.00492563,0.00463532
0.0167284,0.0113603,0.00783519,0.0725053,0.0176374,0.0310365
0.00710984,0.00484273,0.00767444,0.0358167,0.00853356,0.00475439
0.0338512,0.0220269,0.0124381,0.0506685,0.0132651,0.031639
0.00600734,0.00431153,0.00393284,0.0268204,0.00650618,0.00272734
0.0217539,0.0147966,0.00903557,0.042137,0.0102404,0.00783572
0.0101417,0.00679749,0.0037137,0.0226053,0.0056152,0.001064
0.038186,0.0212868,0.0116314,0.0660294,0.0182437,0.0193429
0.0443545,0.0211284,0.0129898,0.0672813,0.017978,0.0198656
0.00910524,0.00639865,0.0175942,0.086009,0.0215168,0.0442722
0.00679644,0.00479778,0.00238893,0.0126173,0.00286398,0.00508117
0.0144947,0.0103157,0.0042849,0.0330861,0.00816536,0.0102279
0.0123733,0.00844539,0.00488903,0.0205682,0.00683852,0.0171208
0.0189014,0.0132178,0.00603343,0.0199384,0.00600808,0.0111342
0.00559025,0.00401232,0.00303344,0.0218899,0.00618107,0.00436046
0.00870943,0.00583646,0.0033535,0.0257319,0.00682529,0.00976393
0.00626683,0.00423674,0.00259313,0.0101704,0.00281442,0.00541027
0.0100403,0.00666794,0.00471454,0.0177427,0.00507845,0.010788
0.0229173,0.015437,0.0085321,0.0192489,0.00561429,0.00774349
0.0112437,0.00780672,0.00573249,0.0249936,0.00784199,0.0091335
0.0206571,0.0139642,0.00645141,0.025433,0.00677106,0.0127879
0.0160954,0.0109651,0.0100911,0.0058588,0.000734054,0.00418307
0.0455203,0.0286385,0.0186828,0.0709365,0.0192789,0.0265157
0.0110919,0.00773518,0.00383029,0.0169029,0.00500512,0.00525643
0.0297318,0.018159,0.0210571,0.0867075,0.0224851,0.035888
0.0121969,0.00827912,0.00535318,0.0183503,0.00647114,0.00772082
0.0235967,0.0160584,0.0244807,0.0920539,0.0242916,0.0531062
0.00677419,0.00497312,0.00221155,0.0157454,0.00448528,0.00372212
0.0205576,0.0138496,0.0152333,0.0785779,0.0220733,0.0319189
0.0271062,0.0182259,0.0128658,0.0158723,0.00459012,0.0337083
0.0176312,0.011894,0.0109679,0.0498561,0.0114137,0.00555967
0.00577774,0.0039305,0.00130602,0.0108635,0.00249397,0.00677505
0.0070095,0.00498858,0.00240922,0.0119561,0.00341784,0.00310744
0.011729,0.00778976,0.00194223,0.0210755,0.00434479,0.00552088
0.0103694,0.00719777,0.00370773,0.0205802,0.00563925,0.00803294
0.00516172,0.00367151,0.00202676,0.0304604,0.00742049,0.00316533
0.00836083,0.0060944,0.00251018,0.0089868,0.00369754,0.00367344
0.0279581,0.0186015,0.00999986,0.0526558,0.0162312,0.029597
0.0250743,0.0165252,0.00770129,0.0398302,0.00952164,0.0192143
0.00673123,0.00476665,0.00252544,0.0118695,0.00355318,0.00849328
0.00755502,0.00530979,0.00343135,0.0101862,0.00345982,0.00152321
0.0335945,0.0233092,0.0214412,0.0640328,0.0194151,0.0145066
0.0373633,0.0238718,0.011246,0.052146,0.0140063,0.0154377
0.0155894,0.0104588,0.00481152,0.0160851,0.00433624,0.00413073
0.0143219,0.00952776,0.00555582,0.0207906,0.0045967,0.00536192
0.00837272,0.00604261,0.00443348,0.015961,0.00448005,0.0127179
0.00666034,0.00470006,0.00245294,0.0123802,0.00352864,0.00236727
0.00990771,0.0072121,0.00321088,0.0229551,0.00516103,0.0037122
0.00678498,0.00465288,0.00218355,0.0189654,0.00626866,0.0106318
0.0221218,0.0143713,0.00740767,0.0358733,0.0106981,0.0117877
0.00806285,0.00578054,0.00281331,0.0282568,0.00728367,0.00644254
0.0213564,0.0142209,0.0167141,0.0565731,0.0175469,0.0351783
0.0056744,0.00409871,0.00253479,0.022678,0.00594009,0.00594059
0.00476134,0.00346751,0.00208466,0.0128689,0.00407906,0.00171921
0.0147949,0.00987654,0.00431059,0.0288325,0.00819227,0.019468
0.01628,0.0112372,0.00496446,0.0258,0.00598799,0.00557376
0.0279762,0.0185056,0.0081367,0.0354125,0.0104825,0.00904666
0.00452119,0.00319422,0.00204896,0.0143113,0.00359835,0.00139808
0.00917212,0.00650138,0.00349937,0.0223979,0.00552559,0.00750643
0.0194172,0.0131943,0.00581042,0.0332175,0.00746927,0.00608855
0.0089387,0.00611749,0.00442346,0.0264114,0.00592938,0.00388822
0.031581,0.019478,0.025712,0.115943,0.0302445,0.0220629
0.0195705,0.0131484,0.00563085,0.0223816,0.00676909,0.00341749
0.00521231,0.00402956,0.00273018,0.0212876,0.0049233,0.00612354
0.00493637,0.00358462,0.0021096,0.00749423,0.00132953,0.00309287
0.0137297,0.00930175,0.00611573,0.0225454,0.00590554,0.00587029
0.00513862,0.00393083,0.00219537,0.0146377,0.00333412,0.00262234
0.0054454,0.00387865,0.00300765,0.0147874,0.00234249,0.00136388
0.0207423,0.0137286,0.00809273,0.0316789,0.0093175,0.00881786
0.0125193,0.00833986,0.00510955,0.0201357,0.00473987,0.00477258
0.00749675,0.0053468,0.0154948,0.0526204,0.0140823,0.0287052
0.0145309,0.0100947,0.00453432,0.0247023,0.00621457,0.00735094
0.0137091,0.00882168,0.00518641,0.0233032,0.00827687,0.00953357
0.0251879,0.016646,0.00795447,0.0238193,0.00725859,0.00494653
0.0133562,0.0090213,0.00358435,0.00133423,0.00018029,0.00173556
0.00523118,0.00374221,0.00283366,0.0115879,0.00313889,0.00285493
0.0112131,0.00762677,0.00336454,0.0235841,0.00564171,0.00963806
0.00455275,0.00339037,0.00206485,0.0121258,0.00435439,0.00564832
0.0105472,0.00648121,0.00419354,0.0163792,0.00420176,0.00451689
0.00859436,0.00475002,0.00344669,0.00321011,0.000546222,0.00303448
0.0118432,0.00809465,0.00440957,0.0222828,0.00485862,0.00253824
0.0140348,0.00623454,0.00513672,0.0429088,0.013914,0.00635018
0.0152193,0.0104473,0.00559805,0.0426625,0.00921061,0.00337333
0.0379576,0.0242425,0.02353,0.121814,0.0297194,0.0428824
0.0266215,0.0174826,0.0123849,0.0655894,0.0159871,0.0217968
0.0623413,0.0334613,0.0395659,0.20066,0.0581857,0.0894468
0.0142418,0.0067233,0.00624906,0.038726,0.0115792,0.00899287
0.0124783,0.00893439,0.00348166,0.0485832,0.0113184,0.0127933
0.0392294,0.0257895,0.0172275,0.0578358,0.0137227,0.0208835
0.00937174,0.0066921,0.00189553,0.00318199,-0.000373335,0.00284892
0.0207518,0.014,0.00767715,0.0397904,0.0116563,0.0116072
0.0151534,0.0103787,0.0103741,0.05065,0.0126504,0.0256846
0.0158392,0.0109174,0.00613482,0.0233895,0.00726151,0.00282315
0.0271503,0.0180112,0.0367653,0.104827,0.0245701,0.0187072
0.0159723,0.0105016,0.00580373,0.0302509,0.00797853,0.00664867
0.0145027,0.0101095,0.00553475,0.0241362,0.00680647,0.0110833
0.047303,0.0293918,0.0237847,0.0887453,0.0265847,0.031315
0.0128114,0.00731504,0.00679499,0.0457378,0.012148,0.0193639
0.0123805,0.00857845,0.00255029,0.0514031,0.0119499,0.00279564
0.023395,0.0162241,0.00748522,0.0251574,0.00787204,0.0267889
0.00905751,0.00636077,0.00359385,0.00760392,0.00171273,0.00512079
0.0289978,0.0186912,0.00862018,0.0461133,0.0130747,0.00793556
0.0183369,0.0126731,0.00780316,0.0292379,0.00578795,0.0112961
0.0254373,0.0170282,0.0067575,0.039339,0.00870764,0.00595405
0.00656399,0.00447987,0.00169417,0.0121057,0.00331847,0.00177343
0.0112724,0.0073111,0.0045121,0.023131,0.00625792,0.00572807
0.00958514,0.00670951,0.00259672,0.0210804,0.00565813,0.00847329
0.0278937,0.0140592,0.0138339,0.0620497,0.0164509,0.0133212
0.0124939,0.00813582,0.00333366,0.00479421,0.000157558,0.0110566
0.00623286,0.00458845,0.00253207,0.0100588,0.0032636,0.00377308
0.00921658,0.00647639,0.0137277,0.0458587,0.0122586,0.0151751
0.0212173,0.0142675,0.00590424,0.0265503,0.00638259,0.0113792
0.0116949,0.00787722,0.00366231,0.0175516,0.00508499,0.0103886
0.0102334,0.0068815,0.0041571,0.0178636,0.0045694,0.00257539
0.0151781,0.0100374,0.00348049,0.0275628,0.00710619,0.0121198
0.0474876,0.021342,0.0413106,0.114435,0.0330361,0.0346917
0.0152005,0.010157,0.00426176,0.0184222,0.00495398,0.00150453
0.00920316,0.00596519,0.00320493,0.0196774,0.00525921,0.00356048
0.0276468,0.0183729,0.00750596,0.0375817,0.0109411,0.00774562
0.0190141,0.0128073,0.00729147,0.0384541,0.010832,0.0115238
0.0298809,0.019735,0.03825,0.151847,0.0423015,0.0940192
0.0049047,0.00351701,0.00139655,0.0144811,0.00334274,0.00414474
0.0147489,0.0096996,0.00525466,0.0410175,0.0122522,0.00755287
0.0147149,0.00991915,0.00579555,0.0251286,0.00517434,0.00489025
0.0215003,0.0138244,0.00669371,0.0377868,0.00896592,0.0150914
0.0237643,0.0153183,0.00859934,0.0774989,0.0181825,0.0304306
0.0197121,0.0127733,0.00462331,0.0430571,0.00932171,0.0144809
0.0184846,0.0122955,0.00593378,0.0352673,0.00999572,0.0114422
0.00781376,0.00550254,0.00302735,0.0174691,0.00418728,0.00940276
0.0384964,0.0256755,0.0202848,0.0944122,0.0247526,0.024704
0.00495325,0.0034762,0.00226741,0.0163509,0.00360913,0.000193696
0.00809302,0.00549073,0.0030796,0.0188058,0.004531,0.00270092
0.00841838,0.00613608,0.0031988,0.012395,0.00344273,0.00147174
0.0216865,0.0150025,0.00912566,0.0326293,0.0105052,0.0214254
0.0122416,0.00889068,0.00389632,0.0221578,0.0042473,0.00375792
0.0413343,0.0262197,0.0122161,0.0735566,0.016148,0.0399338
0.0133227,0.00839853,0.00561978,0.0403088,0.010821,0.00517604
0.0186724,0.0123163,0.00767992,0.036426,0.0091023,0.00871705
0.0285347,0.017343,0.0103851,0.0849944,0.0221183,0.0204742
0.0176197,0.012717,0.00846377,0.028087,0.00887365,0.0105014
0.0174114,0.0123693,0.007531,0.0208818,0.00505354,0.0111433
0.0306607,0.0165196,0.0129289,0.0545953,0.0151823,0.0142657
0.0423253,0.0259487,0.0252337,0.0860031,0.0211217,0.0436319
0.024856,0.0159684,0.00711666,0.0380003,0.00983892,0.0114261
0.0127273,0.00893739,0.00595057,0.0195051,0.00568775,0.00627724
0.0139743,0.00929643,0.004231,0.0324236,0.00740785,0.00329807
0.0120222,0.00789764,0.00376088,0.024641,0.00817756,0.00558676
0.0225122,0.0142975,0.0125702,0.0548414,0.0143188,0.0172547
0.0441259,0.0262397,0.031324,0.12977,0.0378151,0.0341362
0.0431521,0.0266541,0.0137128,0.0520781,0.013852,0.0509304
0.0315226,0.0197793,0.0100508,0.0536618,0.0145972,0.0188223
0.0140219,0.0096143,0.0053133,0.0238862,0.00514122,0.00712874
0.0162617,0.0107892,0.00601886,0.0276926,0.00601523,0.00284097
0.0136676,0.00937828,0.00668364,0.0196938,0.00534279,0.00371071
0.028315,0.0181148,0.0227321,0.0911484,0.0251208,0.0432211
0.00809308,0.00574525,0.0108674,0.0516819,0.0139941,0.0130028
0.0250366,0.0164589,0.0085312,0.0378841,0.00904869,0.0105473
0.0208857,0.0141116,0.00734024,0.0308331,0.00904806,0.0109823
0.0246022,0.0163138,0.0119892,0.0487273,0.0119065,0.0212068
0.0620037,0.0372093,0.0253611,0.130214,0.0342132,0.043345
0.0494549,0.0233162,0.0138962,0.0800079,0.0211064,0.0299821
0.0138949,0.00925582,0.00485959,0.0308637,0.00789162,0.00766782
0.00976269,0.00634044,0.00310795,0.0229061,0.00686338,0.0172983
0.036521,0.0151963,0.0221015,0.131887,0.0358378,0.0506504
0.0464692,0.0227278,0.0226909,0.12192,0.0280048,0.0319344
0.0110128,0.00770491,0.00329783,0.0108534,0.00673538,0.00649944
0.00743541,0.00532963,0.00194529,0.0177259,0.00522469,0.00462249
0.0127665,0.00821685,0.00603169,0.0279073,0.00662719,0.00577133
0.00963865,0.00635729,0.00345789,0.0171713,0.00480705,0.00254609
0.0107822,0.00730841,0.00420004,0.0187815,0.0048979,0.00385241
0.0111326,0.00790668,0.00410464,0.0234319,0.00636006,0.00417539
0.0292623,0.0195589,0.0144885,0.0484453,0.0137022,0.0289575
0.0157463,0.0110437,0.00396815,0.0276931,0.00898522,0.00487841
0.0301838,0.0194602,0.00868348,0.0560964,0.0145537,0.0223789
0.029902,0.019442,0.00593113,0.0509293,0.0127785,0.01153
0.0138235,0.0095633,0.00545457,0.0229192,0.00643143,0.0096427
0.0247708,0.0166474,0.0154784,0.102222,0.0280462,0.0160692
0.0193934,0.0136,0.00597601,0.0264371,0.00700998,0.01162
0.0239223,0.00889222,0.00801934,0.0531875,0.0150252,0.0150877
0.0238526,0.00885255,0.00799251,0.0544381,0.0135301,0.0141007
0.00750872,0.00510425,0.00466932,0.0277425,0.00669695,0.0133942
0.0223432,0.0148425,0.00588447,0.0225406,0.00564893,0.0176027
0.0227929,0.0150141,0.00521295,0.0364214,0.00824517,0.00671346
0.00925355,0.00586692,0.0206462,0.0780736,0.020982,0.00935174
0.0121987,0.00821106,0.00495384,0.0275937,0.00748897,0.0079594
0.0270856,0.017529,0.0080256,0.0659136,0.0161339,0.0119939
0.00743005,0.00492889,0.00121489,0.0193358,0.00432567,0.00449118
0.013654,0.00591076,0.00668802,0.0183678,0.00502275,0.00722946
0.013642,0.00591227,0.00662909,0.018468,0.00458878,0.00728047
0.0147833,0.010214,0.00229184,0.0409999,0.0139383,0.0152436
0.00742463,0.00497516,0.0017482,0.0251996,0.00613366,0.00449969
0.00713142,0.00466208,0.00545334,0.0231054,0.00463889,0.00285359
0.00708151,0.00498268,0.00196866,0.0167664,0.00417828,0.00575181
0.0257889,0.0169405,0.00734588,0.0343407,0.00890227,0.00659417
0.021233,0.0141139,0.00741742,0.0272424,0.00746836,0.00629752
0.0448903,0.0289472,0.0187903,0.0645235,0.018621,0.0337261
0.0132588,0.00925282,0.00618586,0.0234961,0.00553005,0.00535482
0.0141292,0.00959315,0.00542858,0.0203457,0.00629224,0.00302231
0.0156748,0.0103898,0.00493845,0.0328932,0.00926359,0.00999971
0.0406126,0.0248646,0.0208718,0.0631838,0.017344,0.0338767
0.022791,0.0146212,0.0216563,0.148187,0.0373841,0.036508
0.0191486,0.0131003,0.00994773,0.0586819,0.0176296,0.0290545
0.0267643,0.0175962,0.0123019,0.0501696,0.0141006,0.00917892
0.0231314,0.0152064,0.00735099,0.0423394,0.0104003,0.00999149
0.0200469,0.0132567,0.00502997,0.0315734,0.00962515,0.00852209
0.0121753,0.00810362,0.00299621,0.00118297,0.000307629,0.00460885
0.0120929,0.00830493,0.00408495,0.0158197,0.00457814,0.00644003
0.0176924,0.0116024,0.00546015,0.0432044,0.0109312,0.0194208
0.0298854,0.0195682,0.0471104,0.213367,0.0533738,0.0571825
0.0106684,0.00712624,0.00422554,0.0164674,0.00430309,0.00403901
0.0123073,0.00845474,0.00291959,0.0188222,0.00583643,0.00784548
0.0291944,0.018068,0.0229407,0.0968757,0.0221365,0.0189682
0.0353454,0.0184714,0.0115146,0.0639927,0.0171834,0.0206491
0.0231217,0.0151785,0.0232879,0.118967,0.0321678,0.0691624
0.013739,0.00956703,0.00492843,0.0142021,0.00242349,0.00579634
0.00711021,0.00501838,0.00644868,0.0263626,0.006823,0.00518748
0.0102765,0.00706027,0.00421436,0.0209573,0.00429685,0.00699497
0.0141924,0.00951286,0.00562197,0.0263229,0.00626431,0.00752275
0.00859531,0.00522085,0.00256875,0.0163963,0.00461382,0.00754337
0.00696974,0.00499794,0.00256152,0.0144534,0.00200811,0.00740011
0.0402247,0.025164,0.0146305,0.0499142,0.014167,0.0169088
0.0368094,0.0237861,0.00981284,0.0667817,0.0185702,0.0134832
0.0311353,0.0209943,0.0145325,0.0379583,0.0103283,0.0235263
0.0231024,0.0157814,0.0100153,0.0285724,0.00689883,0.0110981
0.0129304,0.00840089,0.00453115,0.0219026,0.00647154,0.00646629
0.00778652,0.00548167,0.00297907,0.0177176,0.00433178,0.00417072
0.014734,0.0103045,0.00519577,0.0190712,0.00476207,0.00591586
0.00854802,0.00561421,0.00210867,0.012557,0.00421181,0.00790756
0.00958504,0.00643465,0.00356997,0.0167986,0.00492373,0.00625989
0.0523399,0.0299523,0.0400207,0.122654,0.0345607,0.0477883
0.027307,0.0183158,0.00936262,0.0445875,0.0116015,0.0159845
0.0286823,0.0187879,0.00859361,0.0443463,0.011535,0.00632234
0.0153503,0.010332,0.00406461,0.0272493,0.00539947,0.0106915
0.0174193,0.0121226,0.00535874,0.0338939,0.0089781,0.0157314
0.0311902,0.020892,0.0177261,0.0172618,0.00296782,0.0128641
0.0544052,0.0340493,0.0299204,0.128448,0.0324672,0.0296028
0.0165988,0.0114437,0.00584229,0.0203098,0.00617414,0.00599107
0.00728143,0.0046643,0.00173272,0.0142707,0.00254614,0.00197104
0.011744,0.00797818,0.00607496,0.0457037,0.0130737,0.0129889
0.0105509,0.00722303,0.0040012,0.0280621,0.00670962,0.00347204
0.0239362,0.0162721,0.0132945,0.0671687,0.0169577,0.0312612
0.0319067,0.0143471,0.0170177,0.10283,0.0294515,0.0720931
0.031041,0.0142518,0.0168618,0.0999704,0.0283075,0.0689323
0.00855436,0.00589809,0.00562493,0.0280457,0.00910551,0.0220125
0.0235756,0.0159619,0.00864848,0.0394997,0.0113279,0.0417409
0.0143976,0.00943982,0.00332947,0.0372397,0.00833654,0.00639888
0.0295653,0.0192288,0.0165261,0.0930252,0.0239935,0.0502266
0.0182914,0.0122226,0.00721569,0.0396051,0.0102602,0.0222513
0.0270681,0.0182519,0.0215769,0.0606454,0.0173167,0.0169318
0.0105929,0.00705758,0.00368678,0.0172998,0.00524794,0.00207975
0.0128074,0.00900438,0.00991913,0.0224495,0.00449586,0.00379753
0.0157786,0.0103347,0.00451736,0.0293656,0.007669,0.00308242
0.00939054,0.00666908,0.00171866,0.0208094,0.00434352,0.00361852
0.0199873,0.0130298,0.00677564,0.0206061,0.00622629,0.012496
0.00496688,0.00359965,0.00336064,0.0153626,0.00390163,0.000166441
0.0183009,0.0126648,0.00609208,0.0277851,0.00776334,0.0124407
0.0105403,0.00736975,0.00331922,0.013376,0.00307969,0.0128139
0.0372719,0.0221795,0.0296056,0.157239,0.0409055,0.062905
0.0232443,0.0157997,0.0103127,0.0450549,0.0104396,0.0239196
0.0100638,0.0069667,0.00186333,0.0170275,0.00540377,0.00225196
0.0155609,0.0110891,0.00371177,0.0240841,0.00603937,0.0124344
0.0262371,0.0173015,0.00671635,0.035075,0.0080705,0.004618
0.0128368,0.00836989,0.00649484,0.0288549,0.00605907,0.00615232
0.0341565,0.0218432,0.0103629,0.0469145,0.0129686,0.0300277
0.0140132,0.00958259,0.0164915,0.0895338,0.0228924,0.0308564
0.014995,0.0104848,0.00548036,0.00713801,0.000888897,0.00924703
0.0224955,0.0148774,0.00406501,0.0381128,0.0105196,0.0133632
0.0082815,0.00560064,0.00331796,0.0199001,0.00557005,0.00608397
0.0321611,0.0198382,0.0152872,0.0792396,0.0197405,0.0323171
0.0134644,0.00901101,0.00425718,0.0136025,0.00490133,0.0101741
0.029542,0.0189937,0.0149103,0.0211765,0.00416966,0.01811
0.0304324,0.0200852,0.00852454,0.0216209,0.00506074,0.0166988
0.0109437,0.00740048,0.00324272,0.0269192,0.00725291,0.00438122
0.00745638,0.00494456,0.00307734,0.0179599,0.00415472,0.00486977
0.0138768,0.00932903,0.00428547,0.0301348,0.00690094,0.00589901
0.020963,0.0135999,0.0070296,0.0309592,0.0078796,0.00941974
0.0114372,0.00806786,0.00831293,0.038594,0.012116,0.0257788
0.014343,0.00977025,0.00575352,0.0375035,0.00970852,0.0146301
0.00801324,0.00552496,0.00329189,0.0208862,0.00501348,0.0138711
0.0152577,0.0104843,0.00328868,0.0290838,0.0082689,0.00320642
0.036194,0.0243285,0.0140522,0.0832131,0.0203758,0.0102276
0.0251394,0.017086,0.00755834,0.0373358,0.00856902,0.0095783
0.00941903,0.0063172,0.00449882,0.0124736,0.00390206,0.00588468
0.0151648,0.00920711,0.00508091,0.0334944,0.0115631,0.0153483
0.0237509,0.0143751,0.0126007,0.0762558,0.0192488,0.0466285
0.00871356,0.00604812,0.00487963,0.018962,0.00436885,0.00368512
0.0199557,0.0133459,0.0141709,0.043723,0.0106565,0.0158397
0.01965,0.0129687,0.00497294,0.0224924,0.0044673,0.012932
0.0255534,0.0136668,0.0086446,0.0305647,0.00962373,0.0235382
0.0230573,0.0152155,0.00643116,0.0286142,0.00948866,0.0134586
0.0114653,0.00783997,0.00366747,0.0208128,0.00566726,0.00472043
0.0308567,0.0199937,0.0128335,0.0745238,0.0184089,0.0332372
0.0192117,0.0118394,0.006949,0.0522497,0.0159807,0.00983422
0.0251945,0.0163916,0.00772242,0.036284,0.0086056,0.00928519
0.031831,0.0202893,0.0157738,0.0549895,0.0138683,0.0292436
0.00767571,0.00549985,0.00302824,0.0128542,0.0034411,0.0032303
0.00527632,0.0036046,0.0024828,0.0121598,0.00357166,0.00181947
0.0188252,0.0128443,0.010637,0.069679,0.017463,0.0164686
0.0188213,0.0128144,0.00683708,0.0488463,0.0124144,0.0200192
0.0361707,0.0229486,0.0187337,0.0591091,0.0144913,0.0140126
0.00560646,0.00403428,0.002781,0.0149931,0.00443393,0.00383673
0.00527294,0.00328527,0.0037883,0.0133791,0.00285055,0.0032984
0.0125558,0.00869373,0.0106951,0.0243523,0.00694851,0.00429475
0.00870341,0.00601647,0.00249132,0.0175347,0.00409567,0.00293365
0.0205435,0.0139736,0.00693507,0.0189407,0.00693961,0.00897331
0.0189694,0.0128181,0.0168656,0.0506796,0.0143073,0.027523
0.00493285,0.00368072,0.00186686,0.012,0.00429695,0.00874506
0.0194869,0.0131905,0.0130012,0.0406224,0.0118045,0.01441
0.00963053,0.00667081,0.00244144,0.0157375,0.00463193,0.0126178
0.0413463,0.0280701,0.0112699,0.0422089,0.0104673,0.010272
0.0219739,0.0146704,0.00795372,0.0347299,0.00803526,0.00845016
0.00509949,0.00369062,0.00155448,0.0223821,0.00343465,0.00604669
0.0128542,0.00860025,0.00387284,0.0327337,0.00798484,0.00687934
0.010511,0.0071464,0.00271698,0.0171143,0.00402881,0.00307434
0.018295,0.0122423,0.00635129,0.0343658,0.00867428,0.0170083
0.00747907,0.00484663,0.0053394,0.0132248,0.00317562,0.0033204
0.00895832,0.00652847,0.00288524,0.014229,0.00424092,0.00658618
0.00825342,0.00563812,0.00257842,0.017939,0.0054783,0.00230372
0.00449247,0.00316447,0.016099,0.0425301,0.0111118,0.0130134
0.0122998,0.00873884,0.00410597,0.0269934,0.0060366,0.0039429
0.00867128,0.00608432,0.00170333,0.0262476,0.00681972,0.00609942
0.032013,0.0195229,0.0108,0.0492131,0.0119592,0.00897724
0.0175205,0.00766966,0.00421963,0.0227676,0.00365407,0.00350292
0.0330273,0.0210234,0.0123644,0.0437509,0.0107871,0.0126226
0.00715483,0.00491404,0.00493271,0.0166545,0.00376569,0.00289274
0.0347044,0.0228822,0.0181533,0.0672796,0.0184076,0.0229709
0.010736,0.00756634,0.00331527,0.0176067,0.00407455,0.00340781
0.012366,0.00614395,0.00419311,0.0304291,0.00800811,0.00690906
0.00782626,0.00532527,0.00206639,0.0195807,0.0062513,0.00635429
0.0109207,0.00758317,0.00371096,0.00408845,4.42282e-05,0.00241552
0.00516751,0.00389138,0.00292941,0.0150709,0.00346609,0.00559029
0.0207796,0.0141835,0.00593986,0.0343589,0.00881899,0.00729625
0.0225454,0.010148,0.0100921,0.0606733,0.0181318,0.0170335
0.021318,0.00880877,0.00924836,0.0444335,0.0109155,0.0104441
0.0338839,0.0217148,0.012569,0.0632033,0.015974,0.0154993
0.00866444,0.00593299,0.00426524,0.0443238,0.0103037,0.00610104
0.0465387,0.0221291,0.0153788,0.0801949,0.0210126,0.0120787
0.0104064,0.00696921,0.00342126,0.0210083,0.00627709,0.010384
0.00903777,0.00651344,0.00379259,0.0080614,0.00365424,0.00417239
0.00972949,0.00670749,0.00364798,0.0178997,0.00528542,0.00512331
0.0131694,0.00899016,0.00370986,0.0274099,0.00645374,0.00494717
0.010739,0.00738892,0.0036084,0.018379,0.00451442,0.0136536
0.0322004,0.0208064,0.0199962,0.0992649,0.0268182,0.0264414
0.0345566,0.0174725,0.0310827,0.142164,0.0425711,0.0583409
0.0621656,0.0324113,0.0529807,0.188423,0.0487618,0.0952471
0.0130779,0.00868539,0.0192375,0.130282,0.0359827,0.0710673
0.00959754,0.00632809,0.00398909,0.0199472,0.0069984,0.00234336
0.0171607,0.00900466,0.00783874,0.0409435,0.0131034,0.0309263
0.0312915,0.0201193,0.0151443,0.0535957,0.0134828,0.0350473
0.0238117,0.015929,0.00728895,0.053564,0.0136248,0.0140161
0.0356524,0.023746,0.0149871,0.0546256,0.0163455,0.0172676
0.0114958,0.00806308,0.00521533,0.0227897,0.00616419,0.00211645
0.0129616,0.00904278,0.0038471,0.0260832,0.00529407,0.00644894
0.0378059,0.0239334,0.0309981,0.122472,0.0336104,0.114539
0.00866513,0.00575199,0.00270757,0.0192022,0.00519684,0.00282214
0.0238998,0.0150523,0.0163765,0.0644067,0.0196357,0.0353888
0.0235233,0.0153854,0.0103442,0.0637684,0.0168093,0.0128839
0.0257595,0.0157383,0.0222487,0.0972316,0.0227097,0.0381321
0.0108228,0.00741043,0.0041033,0.0186843,0.00421092,0.00361272
0.0301016,0.0198189,0.0107559,0.0497701,0.0149944,0.0156506
0.0678717,0.0287487,0.0216834,0.0883647,0.0215714,0.0168714
0.0143266,0.00918813,0.0080297,0.0636222,0.0164895,0.01191
0.00596549,0.00387112,0.00417274,0.0203962,0.00594272,0.00510147
0.00987455,0.00644341,0.00361697,0.0233598,0.00461615,0.00615846
0.0300554,0.0149775,0.0165019,0.0565703,0.0155624,0.0132794
0.0270741,0.0148311,0.0145485,0.044303,0.0112758,0.010466
0.038794,0.0220649,0.0227565,0.0924842,0.0229998,0.0203567
0.0292527,0.0188024,0.00915446,0.0538463,0.0128753,0.0109869
0.00649185,0.0045521,0.00237509,0.0138789,0.00526118,0.000967745
0.0406142,0.0215077,0.0377852,0.187569,0.0468778,0.0816287
0.0235969,0.0154512,0.0121415,0.0725826,0.0204194,0.0242323
0.0254647,0.0171624,0.0163374,0.0657569,0.0180583,0.0188504
0.0370248,0.0190655,0.0511671,0.228146,0.0579283,0.0889417
0.0194419,0.0131315,0.0118541,0.0672118,0.0174259,0.00780371
0.00877784,0.00609747,0.00451053,0.0155812,0.00497998,0.00696958
0.00839325,0.00583165,0.00240956,0.0138662,0.00367898,0.0121694
0.0206229,0.0130835,0.0160785,0.08877,0.0242162,0.0438646
0.0405768,0.0188888,0.014292,0.0585805,0.0160642,0.0156154
0.0416198,0.0189027,0.0144234,0.057519,0.0149872,0.0150029
0.0390561,0.0220005,0.0265355,0.13973,0.0372322,0.0485412
0.0266714,0.0177413,0.0147938,0.0486037,0.0125118,0.0127422
0.0208706,0.0139764,0.00843192,0.0397291,0.0119398,0.00775654
0.0388349,0.0216989,0.0194421,0.0727403,0.0195354,0.0176237
0.0392791,0.0247002,0.0197819,0.0880025,0.0237587,0.0500845
0.0645153,0.0402186,0.045248,0.170456,0.0440975,0.0497972
0.0100497,0.0073727,0.00649376,0.0167249,0.00464767,0.00919797
0.0110361,0.00759072,0.00392227,0.0211916,0.00627822,0.00318656
0.0206204,0.0139956,0.0203374,0.0157994,0.00427302,0.0244985
0.0345818,0.0221974,0.0115148,0.0607151,0.0165134,0.0336791
0.00590721,0.00431463,0.00216134,0.0168722,0.00410011,0.00496339
0.00586062,0.00417661,0.00126613,0.013505,0.00411401,0.0018408
0.0191363,0.0131677,0.005604,0.0342605,0.00840726,0.00812353
0.00783209,0.00591597,0.00396124,0.0216429,0.00539733,0.00192667
0.0247121,0.016767,0.00826849,0.0320396,0.00827964,0.00995764
0.012447,0.00848832,0.00486607,0.0228754,0.00628439,0.00662249
0.0202297,0.0136375,0.00624949,0.0386308,0.00861123,0.00779063
0.0100608,0.00686444,0.00451374,0.0201423,0.00570433,0.00342117
0.0368973,0.0185315,0.0148474,0.055427,0.0144662,0.0246096
0.00904888,0.00639236,0.00203713,0.0200996,0.00500251,0.00342463
0.0171872,0.0114623,0.00818732,0.0207666,0.00500478,0.0107437
0.0197481,0.0135432,0.00720965,0.0328417,0.0099525,0.0253669
0.0332808,0.0228771,0.0100263,0.0569768,0.0167331,0.0164935
0.00856805,0.0062294,0.0146647,0.0357833,0.0100224,0.0241642
0.0110327,0.0073739,0.00409057,0.0293748,0.0074146,0.00481052
0.0194566,0.013206,0.0052489,0.0375543,0.0101933,0.020294
0.0522836,0.0298291,0.0469259,0.252888,0.0661091,0.0974568
0.00891449,0.00595234,0.00404327,0.0160877,0.00429339,0.00425779
0.0313784,0.0182442,0.0295361,0.152581,0.0420477,0.0678349
0.0104525,0.00721463,0.00413057,0.0314886,0.00792573,0.00579315
0.0250433,0.0172729,0.00756482,0.0303524,0.00793185,0.008344
0.0124345,0.00851221,0.00411975,0.0290718,0.00888408,0.00164358
0.00653669,0.00433953,0.00247064,0.0192305,0.00431227,0.00175006
0.0332415,0.020936,0.0106668,0.0474791,0.0125654,0.00548681
0.029794,0.0198339,0.0101414,0.0338592,0.00858588,0.0161744
0.0132803,0.00863822,0.00495149,0.0293322,0.00639417,0.00463456
0.0103707,0.00703157,0.00274558,0.0194688,0.00545174,0.00518689
0.0123274,0.00791259,0.0152455,0.0548817,0.0133143,0.00623486
0.0101998,0.00698075,0.00591623,0.0180183,0.00478263,0.0060602
0.0567166,0.0210064,0.0294311,0.134505,0.0342029,0.0420274
0.0574364,0.021098,0.0300028,0.132841,0.0334182,0.0425946
0.00591685,0.00429981,0.00227175,0.0170291,0.00367522,0.00723172
0.0117583,0.00776058,0.00458077,0.0297387,0.00665906,0.012019
0.00743842,0.00495235,0.00266642,0.0179914,0.003865,0.0022593
0.0509878,0.0254976,0.0521665,0.235943,0.0637607,0.092046
0.00689721,0.00476418,0.0028035,0.0150648,0.00324932,0.00237679
0.0103839,0.00730166,0.00154905,0.0156987,0.00301098,0.000296922
0.0117547,0.00798908,0.01215,0.05203,0.0148484,0.00978646
0.0137097,0.00897835,0.0049921,0.0165894,0.00499211,0.011883
0.0220307,0.0143928,0.00906655,0.0612892,0.0170436,0.0160724
0.0266513,0.0145503,0.0461106,0.192926,0.0483562,0.0732711
0.00651008,0.00465709,0.00230233,0.016499,0.00328099,0.00303207
0.0105713,0.0071049,0.00435576,0.0163685,0.00470604,0.00157715
0.00765287,0.00497433,0.00336928,0.0113571,0.00364273,0.00243782
0.0098571,0.00701101,0.0037638,0.0264736,0.00541563,0.0051795
0.00999683,0.00642404,0.00441155,0.0179765,0.00525456,0.00214755
0.0295835,0.0188489,0.0174725,0.0680018,0.0185023,0.0356063
0.0489296,0.0285633,0.0202757,0.0985031,0.0248119,0.0389562
0.0187757,0.0126868,0.00714147,0.0474606,0.0116255,0.0119746
0.0239716,0.0155041,0.00949532,0.0949889,0.025628,0.0309864
0.0201972,0.0135186,0.00502268,0.0301633,0.00788628,0.0028965
0.00459988,0.00333077,0.00285123,0.015153,0.00515568,0.00237916
0.0458514,0.0275632,0.057168,0.39753,0.0982882,0.132224
0.0176362,0.0125021,0.0107137,0.0248702,0.00616777,0.0146086
0.0130941,0.00899045,0.00464224,0.0159379,0.00516539,0.00874318
0.0515727,0.0313166,0.0386174,0.175399,0.0495537,0.0735555
0.040068,0.0253289,0.0176754,0.0713913,0.0194341,0.0352953
0.00606708,0.00439259,0.0024663,0.011751,0.00200156,0.00367366
0.0129042,0.00876843,0.0052395,0.00650156,0.000371189,0.00359242
0.0401689,0.0250745,0.019005,0.0649018,0.0190362,0.0181536
0.0149729,0.0102164,0.00530045,0.0274265,0.00744159,0.00621629
0.0212237,0.0143982,0.00756204,0.0290679,0.00673207,0.0068293
0.0157403,0.0106785,0.00476882,0.0359815,0.00975357,0.0062645
0.0256592,0.0168449,0.00918684,0.043559,0.0124254,0.0168963
0.0163559,0.0112109,0.0057133,0.0477401,0.0134642,0.0124366
0.0210044,0.0143994,0.0132815,0.0363485,0.00899017,0.0204765
0.0187445,0.0123742,0.00758375,0.0608731,0.0117956,0.00865276
0.063929,0.0400111,0.0253108,0.0994715,0.0250906,0.0766927
0.0154521,0.0107102,0.00583993,0.025859,0.00646837,0.00474762
0.0122018,0.00845331,0.00274634,0.0205262,0.00421412,0.0104779
0.0193435,0.0131089,0.00665268,0.0331923,0.00744947,0.0113048
0.0095893,0.00657397,0.00302813,0.0126393,0.00404136,0.000507883
0.0125498,0.00897634,0.0045852,0.0279409,0.00619034,0.00514097
0.0192102,0.013525,0.00580256,0.0199045,0.00476976,0.0051983
0.0332787,0.0177202,0.0238632,0.0659467,0.0174681,0.0216392
0.0216713,0.0147938,0.00621811,0.0450792,0.0116793,0.00684506
0.0122923,0.00768845,0.00499759,0.0294371,0.00858315,0.00804322
0.0183989,0.0117032,0.0158152,0.102808,0.0280451,0.0241965
0.0253684,0.016534,0.0156445,0.0444056,0.00978504,0.0218308
0.0248006,0.0156652,0.0179368,0.105869,0.0260163,0.0578664
0.0105138,0.00744404,0.00433748,0.014485,0.00615523,0.00560206
0.00610205,0.00413003,0.00164612,0.0170743,0.00413483,0.00635538
0.0188022,0.013008,0.00692244,0.0243225,0.00611825,0.00719618
0.0359165,0.0236636,0.0112733,0.0413289,0.0103241,0.0313473
0.0404823,0.0239788,0.0456191,0.194342,0.05316,0.0405276
0.0108249,0.00703404,0.00568317,0.0326794,0.00739221,0.0125546
0.011761,0.0079016,0.00429459,0.0196448,0.00562787,0.00197587
0.0141431,0.00952722,0.016825,0.0742721,0.0213612,0.0237232
0.0112884,0.00782,0.00467112,0.0259031,0.004844,0.00448069
0.0153646,0.0106946,0.00415527,0.025848,0.00562158,0.00950658
0.00965952,0.00682887,0.00434487,0.0163477,0.00337173,0.00316995
0.00513578,0.00360142,0.00548554,0.0122567,0.00222434,0.00335245
0.00866819,0.00602316,0.00345347,0.0187626,0.00427439,0.00383921
0.0277092,0.0182752,0.0194693,0.125695,0.0308572,0.0322689
0.0172024,0.0118051,0.00903183,0.0633177,0.013449,0.0169497
0.0294688,0.0119155,0.013268,0.0704859,0.0205795,0.0252363
0.0457238,0.0261581,0.0231757,0.0846507,0.0210085,0.0182795
0.0399137,0.0233382,0.0238482,0.0976982,0.0233937,0.0338425
0.0108363,0.00703364,0.00402385,0.0254263,0.00690206,0.00169673
0.00647508,0.00451028,0.00173962,0.0104198,0.0044895,0.0079809
0.0481728,0.020768,0.0146935,0.0584295,0.0156383,0.0161713
0.0194916,0.0125705,0.00889016,0.026927,0.00786422,0.0133695
0.0134239,0.00947038,0.00494975,0.0266095,0.00573179,0.00993815
0.0258598,0.017233,0.00929287,0.0441256,0.0110463,0.0162953
0.0444819,0.0283961,0.011573,0.0608315,0.0151728,0.0255126
0.0358197,0.0229673,0.0275684,0.128191,0.0336187,0.0278123
0.0189707,0.00903308,0.00858079,0.0394357,0.00894782,0.00688438
0.0151369,0.0101516,0.00327617,0.0228512,0.0065844,0.0184814
0.0130419,0.00892733,0.00346283,0.0250916,0.00737489,0.00902244
0.0281797,0.0185793,0.00962958,0.0414156,0.0108302,0.0046516
0.0407122,0.0243149,0.0192037,0.0696706,0.0193335,0.020554
0.00709161,0.00500336,0.00332927,0.0112761,0.00321627,0.00286086
0.0144468,0.00944619,0.0224651,0.08637,0.0221016,0.0304488
0.0110033,0.00771396,0.00310313,0.0175125,0.00321746,0.0035463
0.017573,0.0119601,0.00557944,0.0351719,0.010221,0.0100478
0.00427469,0.00312571,0.00179676,0.000412286,0.00041677,0.00160978
0.0180728,0.0121867,0.00637345,0.024151,0.00676127,0.00729435
0.0118244,0.00855102,0.00433108,0.018229,0.00508454,0.0042479
0.0185418,0.0128255,0.00744671,0.00987096,0.00238195,0.00436896
0.0127442,0.00799275,0.00302749,0.0210896,0.0055741,0.00738382
0.0337997,0.0229774,0.00890955,0.0450542,0.0116377,0.0154503
0.0153086,0.0103072,0.0059483,0.0174619,0.00586195,0.00343482
0.00469076,0.00317068,0.0020287,0.0127572,0.00206123,0.00111874
0.00800944,0.00597051,0.00417845,0.0288282,0.00788457,0.00525182
0.0365425,0.0242144,0.0217896,0.0748043,0.0193105,0.0380015
0.00720558,0.00509836,0.00358422,0.0117843,0.00369905,0.0140584
0.0211347,0.0143397,0.018585,0.0741531,0.0194188,0.036518
0.0205033,0.0136765,0.00553238,0.0197517,0.00605078,0.00645942
0.00514027,0.00351946,0.00226223,0.0168754,0.00327437,0.00300921
0.025262,0.0173061,0.010355,0.0391127,0.0109971,0.00479155
0.0352529,0.023405,0.0125169,0.0472913,0.0115586,0.0113149
0.0167607,0.0111591,0.00618109,0.0232042,0.00741991,0.00549667
0.0208131,0.0134214,0.00539671,0.0359933,0.00919847,0.011736
0.0358321,0.0229612,0.0118756,0.0425861,0.0122545,0.00773533
0.0163946,0.0062835,0.00542644,0.0495252,0.0163833,0.0150741
0.0699593,0.032378,0.0495316,0.223542,0.0563144,0.0612536
0.00781344,0.00605005,0.00353565,0.0140065,0.00360337,0.00149389
0.0358892,0.0185457,0.0117406,0.0401717,0.0101968,0.0196256
0.00706507,0.00504169,0.00339933,0.00730828,0.00276368,0.00133769
0.0114773,0.00829104,0.0122599,0.0506812,0.0111064,0.0198013
0.00972977,0.00655681,0.00410041,0.0161675,0.00293804,0.00587748
0.0047757,0.00353107,0.00210018,0.0063303,0.00172435,0.00107251
0.0171957,0.0115587,0.00686872,0.0283707,0.00740772,0.0206064
0.0248307,0.0165652,0.0143775,0.0309109,0.00980694,0.0137945
0.0125401,0.00873437,0.00434818,0.017504,0.0049964,0.00436735
0.013515,0.00904347,0.00452382,0.0289218,0.00611078,0.00448646
0.019968,0.013349,0.00874451,0.0341599,0.00987029,0.0131706
0.0227244,0.0127474,0.0113054,0.0546973,0.0170055,0.0167938
0.0350257,0.0212441,0.041824,0.104742,0.0255274,0.0361736
0.00745579,0.00515524,0.00289387,0.0169324,0.00308048,0.0024123
0.0254823,0.0140677,0.00793841,0.0365432,0.0100549,0.0209472
0.0206281,0.00906721,0.00703915,0.0277733,0.00657923,0.0125262
0.00690144,0.00448582,0.00313504,0.0172774,0.00420668,0.00400581
0.00828113,0.00600193,0.00263364,0.00705203,0.00032208,0.00655091
0.00939578,0.00652599,0.00368968,0.0202891,0.00529889,0.00470176
0.0245873,0.0161641,0.00993857,0.044664,0.0095824,0.00934846
0.0332034,0.0210061,0.0172478,0.100018,0.0261001,0.0587094
0.0193652,0.01251,0.00813879,0.0379561,0.0106065,0.0318461
0.0252731,0.0166439,0.00700402,0.0328322,0.00770767,0.0137247
0.00870759,0.0060252,0.00291243,0.0126166,0.00397626,0.00124769
0.0282034,0.0185949,0.00782803,0.0398559,0.00932758,0.0150212
0.00526986,0.00382943,0.00271024,0.0128073,0.00514587,0.00233037
0.0416296,0.0252635,0.0208615,0.0940288,0.0247934,0.041465
0.00954762,0.00649669,0.00447128,0.0156024,0.00275367,0.00798587
0.0136891,0.00948366,0.0025455,0.0209294,0.00559572,0.0162055
0.0138716,0.00943718,0.00400039,0.0286032,0.00740619,0.00367662
0.0132813,0.00963069,0.0075389,0.0329353,0.00728863,0.012347
0.0122661,0.00798319,0.0312969,0.11748,0.0312233,0.0212904
0.0281086,0.0188541,0.0122514,0.0545226,0.0128966,0.0100314
0.00514362,0.00369947,0.00370528,0.0124084,0.00375202,0.00681714
0.016241,0.0106819,0.0157623,0.0692275,0.019013,0.0382815
0.0384202,0.0243247,0.0102413,0.0730464,0.0177912,0.0300094
0.0171602,0.0120294,0.00565595,0.0167436,0.0038506,0.00917769
0.0154894,0.0103885,0.0144673,0.0381708,0.0125257,0.0135139
0.0334419,0.0166292,0.0136392,0.0587135,0.0149152,0.0251256
0.0308242,0.0137057,0.0123971,0.0377169,0.00867576,0.0137486
0.0135504,0.00898515,0.00352453,0.0217885,0.00493335,0.00433288
0.0167467,0.0114052,0.00931209,0.0578383,0.0163139,0.030463
0.00737656,0.00506597,0.00353217,0.0220621,0.00475722,0.00201048
0.0136536,0.00956913,0.00552425,0.0157535,0.00526172,0.0043435
0.00539768,0.00376579,0.00163895,0.0177131,0.00425299,0.00385041
0.018359,0.0120846,0.00706708,0.0232269,0.00652153,0.00330543
0.0123874,0.00864228,0.00559344,0.0223224,0.00514747,0.00531386
0.0290892,0.0182399,0.0181791,0.0924436,0.0215666,0.0365482
0.0138119,0.00946736,0.00462264,0.0282305,0.00709783,0.0101917
0.018258,0.0124061,0.00586553,0.0211555,0.00543071,0.00340428
0.0107508,0.00763685,0.00369461,0.0207182,0.00858219,0.00743931
0.0186939,0.0126738,0.00488825,0.0313404,0.00746848,0.0115492
0.00929366,0.00642018,0.00481515,0.0180573,0.00399495,0.000969593
0.0098531,0.00719189,0.00378381,0.0129068,0.0036713,0.00676332
0.0129986,0.00863555,0.00762729,0.06364,0.0171513,0.0163449
0.029492,0.0188626,0.0157143,0.0565746,0.0158819,0.0165963
0.0340951,0.0217191,0.0308092,0.104043,0.0269817,0.0317955
0.0167343,0.0116409,0.00543683,0.0149214,0.00627896,0.0153803
0.0268414,0.0171166,0.0119032,0.0663492,0.0194417,0.0158666
0.0180958,0.0119217,0.00675281,0.0387094,0.00954024,0.00442889
0.00675398,0.00446648,0.00323393,0.0100733,0.00279328,0.00449036
0.0229636,0.0151413,0.00988646,0.0381185,0.0101304,0.0175722
0.0149073,0.0100295,0.0198536,0.117242,0.0344739,0.0602922
0.0162931,0.0106876,0.00749665,0.0485233,0.012503,0.00984139
0.00969793,0.00658432,0.00265676,0.0265688,0.00776797,0.00122473
0.0336784,0.0219997,0.0106707,0.0447553,0.0118331,0.0130269
0.0105525,0.00750317,0.00544541,0.0431233,0.0121732,0.00943522
0.0247286,0.0161749,0.00725121,0.0355722,0.00906379,0.0334033
0.0165333,0.0113889,0.0107122,0.0322279,0.00932422,0.0115634
0.0176631,0.00763581,0.00976425,0.0323276,0.00793686,0.00621273
0.017601,0.00756744,0.00974085,0.0313183,0.00661172,0.00421301
0.0224005,0.0151046,0.00953203,0.0393768,0.0097464,0.0212666
0.00669963,0.00457063,0.00364684,0.0140993,0.0037519,0.0033196
0.0271994,0.01681,0.0221978,0.0969947,0.0240552,0.0308873
0.0307411,0.0199999,0.014311,0.0423969,0.0115908,0.00997034
0.0636777,0.031754,0.0469797,0.178481,0.0477041,0.0941735
0.015242,0.0102837,0.00508547,0.00754157,0.0006886,0.0117889
0.00961981,0.00648403,0.00443398,0.0316956,0.00718081,0.00316122
0.0143107,0.00969123,0.00780372,0.0397051,0.0105469,0.00635544
0.00702186,0.00507263,0.00345294,0.0245853,0.00574338,0.00491073
0.0201977,0.0135037,0.00755862,0.030825,0.00906343,0.0113517
0.0241733,0.0157451,0.019256,0.0874334,0.0241363,0.0381803
0.0182797,0.0120926,0.00617732,0.0303895,0.00842388,0.00673324
0.0188638,0.0124412,0.00729624,0.054964,0.0148484,0.0113356
0.0370404,0.0222465,0.0103459,0.0542334,0.0118753,0.00908949
0.0141828,0.00952274,0.00255266,0.0181878,0.00584486,0.0272035
0.0124136,0.00851134,0.00383574,0.0310618,0.0097832,0.00914395
0.0697157,0.0457005,0.0572928,0.212436,0.05833,0.115956
0.0193474,0.0130449,0.00619605,0.0311131,0.00558614,0.0127444
0.0479121,0.0282961,0.0167391,0.070739,0.0179175,0.0292288
0.00594174,0.00388326,0.0018518,0.0218681,0.00394539,0.00240323
0.0182503,0.0123759,0.00797387,0.0345626,0.00740501,0.0137404
0.0245539,0.0161745,0.00591261,0.0362148,0.00858327,0.011495
0.0255163,0.017743,0.0126359,0.101612,0.0236854,0.0580087
0.0165298,0.0107545,0.00560611,0.0370651,0.0069394,0.001689
0.00968888,0.00679418,0.00281351,0.0270689,0.00667669,0.00484643
0.0171144,0.0112903,0.00389696,0.0358957,0.00958785,0.00312164
0.0347506,0.0224417,0.0205155,0.0908172,0.0242753,0.0395467
0.0388779,0.0254776,0.0164517,0.0516378,0.0150967,0.0182917
0.0326766,0.0221536,0.00967349,0.0318636,0.00933657,0.00727115
0.00708783,0.0050114,0.00279856,0.0166718,0.00306121,0.00203176
0.00471387,0.0034415,0.002795,0.0129716,0.00316223,0.00246012
0.0157235,0.00624076,0.00794367,0.0302416,0.0064507,0.0050973
0.00603903,0.00447719,0.00285179,0.0143332,0.00448396,0.00684997
0.0194567,0.012833,0.0143444,0.0444222,0.0120725,0.0141139
0.0218761,0.0144698,0.0327834,0.0811596,0.0231684,0.0506981
0.0156144,0.0107357,0.00508999,0.0334016,0.00951996,0.00846296
0.01069,0.00710388,0.00401029,0.0218321,0.00767023,0.00540885
0.00937425,0.00623138,0.00664448,0.0409404,0.0103387,0.00452975
0.0271728,0.0176076,0.00907733,0.0375236,0.0084971,0.0112255
0.0246226,0.0163402,0.0122413,0.0710033,0.0183665,0.00817751
0.0222471,0.0148873,0.00663236,0.0413452,0.0112552,0.00545723
0.00490413,0.00353047,0.00284917,0.011141,0.00302879,0.00658159
0.0358924,0.0237292,0.0170169,0.0678749,0.0187114,0.0297768
0.0114767,0.00793553,0.00418146,0.0153752,0.00434622,0.00748991
0.00449526,0.00318488,0.00140857,0.0139435,0.00447006,0.00874051
0.00637805,0.00446879,0.0022963,0.0156352,0.00374349,0.00325506
0.0201269,0.0142066,0.00923385,0.0263107,0.00843436,0.00939848
0.0277782,0.0186073,0.0120723,0.028656,0.00886061,0.0157418
0.0215119,0.0139503,0.0060981,0.0529749,0.0146246,0.0298541
0.0246328,0.01621,0.00733582,0.0336799,0.00710811,0.00548068
0.00770256,0.00511548,0.00318065,0.0172882,0.00435332,0.00507029
0.0494606,0.0303397,0.0223358,0.0695567,0.0194619,0.0297306
0.0436693,0.0268397,0.0145318,0.0677217,0.0180983,0.0107246
0.0142616,0.00973258,0.00546359,0.0183275,0.00556279,0.00139095
0.038729,0.0190313,0.0121129,0.0551949,0.01547,0.0125222
0.038329,0.0189742,0.0115216,0.0531147,0.0123699,0.0106188
0.0130356,0.00898036,0.00876306,0.0524624,0.0126766,0.018694
0.00826231,0.00580558,0.00334081,0.0170295,0.00361379,0.00281657
0.00430864,0.00296904,0.00274683,0.014368,0.00428669,0.00307502
0.0109404,0.00772851,0.00533533,0.0447047,0.0142234,0.00891868
0.0158726,0.0101975,0.0047816,0.0131111,0.00174864,0.00553725
0.00885314,0.00608169,0.00306179,0.0142041,0.00312642,0.001239
0.0298465,0.0131069,0.0093521,0.0629972,0.0159067,0.00701643
0.0182698,0.0120282,0.0101476,0.0106942,0.00161457,0.00908028
0.0280267,0.0187431,0.0141005,0.0515361,0.0143128,0.0176476
0.0156708,0.0105745,0.00721518,0.0361415,0.0103327,0.0145367
0.0125447,0.00833892,0.00488077,0.0184395,0.00492033,0.00927336
0.00543719,0.00362836,0.00204705,0.0123722,0.00339206,0.00180922
0.0268153,0.0173276,0.0210174,0.143959,0.0339711,0.0260156
0.0119289,0.00823215,0.00895979,0.014432,0.00518658,0.00387697
0.00489798,0.00319627,0.00221047,0.000633898,0.000150946,0.000944717
0.0345273,0.0223034,0.0123501,0.0563242,0.0151715,0.00802607
0.015392,0.0102381,0.00509971,0.040118,0.0118774,0.0129279
0.0322203,0.020938,0.011648,0.0382517,0.0085661,0.0206064
0.0056681,0.00414486,0.00273354,0.0130741,0.0061719,0.00100076
0.0185899,0.0125871,0.0076452,0.0277102,0.00848269,0.0271938
0.0188488,0.0129632,0.016257,0.0624829,0.0176835,0.0198422
0.0113864,0.00796003,0.00523738,0.0144299,0.00396558,0.00736989
0.0303159,0.0200731,0.0105204,0.0556519,0.0145761,0.0141296
0.022238,0.0147808,0.00784798,0.0558885,0.0121714,0.0170019
0.0101165,0.00584134,0.00313555,0.0291995,0.00832334,0.0161902
0.00802318,0.0054737,0.00334916,0.0181209,0.00510298,0.0107901
0.00964509,0.00640139,0.00381679,0.0164429,0.00524775,0.00443421
0.017601,0.0115989,0.00778771,0.0408924,0.0100366,0.0128365
0.0164937,0.0114983,0.0101275,0.0415919,0.0120389,0.00311909
0.0124762,0.00830721,0.00507956,0.0141569,0.00483232,0.00191359
0.0348705,0.0222173,0.0205137,0.0804216,0.0273785,0.038529
0.0296096,0.014583,0.0233361,0.0904467,0.0226638,0.0493114
0.0160657,0.0111538,0.0147502,0.0581066,0.0159126,0.0225984
0.0137656,0.00950526,0.0046101,0.0214192,0.0068436,0.00572009
0.0443192,0.0263876,0.029264,0.125537,0.0322739,0.0311895
0.0305356,0.0185274,0.0270812,0.177529,0.0446552,0.0561453
0.0303284,0.0201147,0.0147721,0.0466009,0.0116509,0.0157607
0.0215014,0.0137736,0.00768481,0.0357776,0.00823018,0.0141533
0.0109609,0.00724187,0.00320877,0.0320522,0.00663549,0.00388012
0.0311259,0.0203019,0.00914498,0.0485254,0.0129916,0.0366633
0.0175917,0.0112449,0.0077526,0.0286464,0.0086442,0.00971586
0.0197601,0.0130348,0.00757791,0.0417755,0.0103382,0.00432865
0.011464,0.00789162,0.00752835,0.0242953,0.00663943,0.0105409
0.0102508,0.00710855,0.00430594,0.0121052,0.00516218,0.00525387
0.0294623,0.0173586,0.0386125,0.143938,0.0383384,0.0834886
0.0179019,0.0118203,0.00332968,0.0469923,0.0119826,0.00458328
0.00926906,0.00606482,0.00622826,0.0262428,0.0078073,0.00550541
0.0343648,0.0221282,0.0149751,0.0636705,0.0178487,0.0159973
0.0294945,0.0184456,0.0077528,0.0488296,0.00971223,0.0166098
0.0185001,0.00791675,0.00544675,0.0230532,0.00523183,0.00951995
0.0335135,0.0208043,0.00986416,0.054513,0.0175944,0.0398913
0.009962,0.00719553,0.00352789,0.0202451,0.00531312,0.00365964
0.00681334,0.00486439,0.00353264,0.0156427,0.00282815,0.00380792
0.0099911,0.00699815,0.00605874,0.0319739,0.00627367,0.0109181
0.0150894,0.0097377,0.00550557,0.0232278,0.00732014,0.011821
0.0161098,0.0111505,0.00692016,0.0370873,0.00982233,0.00883167
0.0243672,0.0162885,0.00700204,0.0345134,0.00898942,0.00777025
0.0108279,0.00726721,0.00359015,0.0149237,0.00544529,0.0110314
0.0130147,0.00897277,0.00426217,0.0345411,0.00636541,0.00404863
0.0172221,0.0118816,0.00562787,0.0181449,0.00443659,0.0056864
0.012295,0.00858333,0.0041104,0.00326717,0.000889768,0.00414525
0.0212732,0.0140919,0.00550312,0.0353982,0.00823309,0.00644011
0.0303824,0.0195423,0.0124095,0.0457192,0.0102822,0.0208406
0.0106478,0.00738744,0.00401117,0.0209294,0.00424013,0.00866218
0.0110573,0.00746204,0.00266106,0.0237942,0.00563417,0.0203665
0.0260628,0.0170519,0.00955481,0.0401961,0.0104488,0.00882343
0.0143561,0.0095237,0.00629677,0.0231537,0.00753698,0.00955384
0.0328285,0.0215578,0.0123069,0.0398781,0.0105414,0.00663076
0.0217563,0.0144179,0.0169873,0.105516,0.0298864,0.00804698
0.0172942,0.0116387,0.00778056,0.0436553,0.0109251,0.0166245
0.0140259,0.00952814,0.00355705,0.0310241,0.00900176,0.0131038
0.018579,0.0122591,0.00376943,0.0276275,0.00712381,0.00765316
0.00959635,0.00695395,0.00671431,0.0219726,0.00699026,0.0131532
0.0456636,0.0276326,0.0125479,0.071803,0.0187048,0.00927993
0.00514551,0.00364579,0.00281337,0.0142199,0.00320553,0.0130087
0.0322554,0.0212361,0.0126541,0.0450429,0.0118133,0.00686439
0.0525314,0.0311066,0.0191152,0.0901627,0.0256713,0.0193596
0.0480214,0.0295684,0.0182354,0.103068,0.0249695,0.020544
0.0277389,0.018233,0.0219273,0.0611329,0.0158416,0.0311753
0.0251607,0.0169105,0.0106606,0.0463126,0.010919,0.00749699
0.029759,0.0191607,0.0130855,0.0326478,0.00970866,0.0115278
0.0227279,0.0150858,0.00678771,0.0273092,0.00680188,0.00677994
0.0133205,0.00912255,0.00402143,0.0293896,0.00632712,0.00925646
0.0066028,0.00464574,0.00305859,0.0174331,0.0035854,0.00341552
0.0403059,0.0246408,0.0302509,0.141856,0.0367003,0.0598452
0.0251462,0.0160541,0.0332366,0.132833,0.035753,0.0683109
0.0175155,0.0120545,0.00571414,0.0181526,0.00616779,0.00688939
0.0070119,0.00478501,0.00112321,0.0221713,0.00429231,0.00112244
0.00667671,0.00458284,0.0016467,0.0180877,0.00561394,0.00594552
0.0201562,0.0135291,0.00850596,0.0488335,0.0164859,0.0258845
0.0236354,0.0159427,0.00651616,0.0252937,0.00641713,0.00292648
0.00725644,0.00503434,0.00251611,0.0170809,0.0026905,0.00307706
0.010708,0.00744639,0.00290513,0.0169727,0.00524734,0.00288821
0.00618124,0.0043292,0.00192006,0.0139483,0.00439097,0.00454714
0.0185037,0.0125522,0.0057271,0.024253,0.0063988,0.00411355
0.0106025,0.007174,0.00576143,0.0219563,0.0055531,0.00553689
0.0148735,0.0100365,0.0195224,0.0777273,0.0221693,0.0241527
0.0111444,0.00730415,0.00507335,0.0283198,0.00772187,0.00408906
0.00508005,0.00379821,0.00117936,0.00717493,0.00292656,0.00425046
0.0597501,0.0309775,0.0408348,0.203688,0.0508142,0.0722288
0.0195801,0.0115863,0.00852163,0.0310408,0.00836682,0.00523221
0.0307294,0.0196091,0.0115873,0.0599259,0.01286,0.00947855
0.0226497,0.0152156,0.0087132,0.0082646,0.000662969,0.00819854
0.019955,0.0127019,0.00630874,0.0377807,0.0106523,0.00802856
0.0147595,0.0078776,0.0040542,0.0159387,0.00514315,0.00915103
0.00799084,0.00574154,0.00392714,0.0159239,0.00497151,0.00358967
0.024115,0.0163708,0.00783594,0.0301879,0.00912718,0.00676659
0.0157994,0.011239,0.00263568,0.0130084,0.00526032,0.00522491
0.0170374,0.011517,0.00310811,0.0208729,0.00559759,0.0116521
0.00535786,0.00393899,0.00213887,0.0122895,0.00387889,0.0031423
0.00948342,0.00650978,0.00317839,0.0206899,0.00568383,0.00445209
0.0125315,0.00886305,0.00700771,0.0256755,0.0063516,0.00536629
0.0188232,0.0132186,0.00646276,0.0252961,0.00564347,0.00305215
0.0249879,0.0172979,0.0139754,0.0425425,0.0120488,0.0154956
0.0213907,0.0147128,0.0083062,0.0358653,0.00667334,0.00346216
0.0237505,0.0160962,0.00875914,0.0474724,0.0130221,0.0224947
0.0068826,0.00489677,0.00250003,0.011075,0.00335187,0.0109655
0.00897193,0.0061369,0.00626892,0.0352886,0.00946845,0.00865137
0.0307288,0.0196199,0.00997748,0.0520696,0.0125232,0.0225824
0.0649579,0.0365125,0.0271746,0.114943,0.0348795,0.0530134
0.0357425,0.0145731,0.0265465,0.137142,0.0341517,0.0530814
0.00796604,0.00511648,0.00340364,0.032005,0.00642948,0.00729764
0.00915355,0.00649889,0.0034832,0.016824,0.00396195,0.00192296
0.00843781,0.00555303,0.00335952,0.0090326,0.00369186,0.00346474
0.0463341,0.0295451,0.0148058,0.0550139,0.0152369,0.0150355
0.0207549,0.0144355,0.00599218,0.0288862,0.00691449,0.00810669
0.0251555,0.0167657,0.00735621,0.0411668,0.0116888,0.00783992
0.00504736,0.00333723,0.00200945,0.00483789,0.000284862,0.00118465
0.0121945,0.00836955,0.00979679,0.0205046,0.00614859,0.00323388
0.023944,0.0159019,0.00816221,0.0379807,0.0105617,0.00443204
0.0371772,0.0223784,0.0160443,0.0683994,0.0187271,0.029891
0.0295763,0.0194506,0.0100208,0.0390777,0.00954961,0.0198172
0.018387,0.0117116,0.016457,0.0501714,0.0124081,0.0106592
0.00900097,0.00653108,0.00305826,0.0141799,0.00309074,0.00172118
0.0325224,0.0209665,0.0237873,0.0911262,0.0245676,0.020392
0.0159502,0.0112364,0.00603579,0.0191133,0.00577156,0.00901398
0.00885397,0.00636481,0.00268875,0.0286195,0.00848291,0.0111136
0.00775919,0.00558317,0.00223916,0.0135989,0.0041326,0.00309602
0.0222913,0.0147979,0.00690672,0.0374866,0.00794019,0.0291455
0.0114796,0.00845634,0.0039314,0.015697,0.00386136,0.00542565
0.0299825,0.0194206,0.0117815,0.0425585,0.0120333,0.0313402
0.0208089,0.0131435,0.025484,0.103276,0.0277071,0.0742317
0.0153388,0.0103525,0.00494548,0.0254471,0.00634893,0.00580525
0.00442564,0.00303707,0.00141696,0.01358,0.00317024,0.00283312
0.0238051,0.0156883,0.00668976,0.0355142,0.00814653,0.00946551
0.00761618,0.00526136,0.00337647,0.011574,0.00281132,0.00305639
0.00459299,0.0034479,0.00153546,0.0130632,0.00415617,0.00446677
0.0255818,0.0168177,0.00815257,0.0344939,0.00924857,0.00613971
0.032426,0.0187161,0.0531106,0.205159,0.0556709,0.103501
0.0323329,0.0211561,0.0111632,0.0422812,0.0114632,0.00899724
0.0258288,0.0167239,0.0232247,0.105915,0.0297634,0.0541149
0.00674031,0.00496838,0.00234361,0.0176158,0.00400375,0.00268355
0.0287817,0.0188767,0.00816921,0.0442152,0.0119395,0.0185734
0.0165176,0.0107044,0.0118004,0.0604402,0.0153832,0.0218288
0.0164184,0.0113474,0.00594843,0.0194165,0.00598749,0.00425578
0.0275494,0.0176956,0.019384,0.102865,0.0282953,0.0610607
0.0234108,0.0153459,0.00739052,0.0280117,0.00923966,0.0114359
0.0137403,0.00970636,0.00410323,0.0212257,0.00580718,0.012178
0.00579864,0.00390222,0.00678496,0.027238,0.00808119,0.0115045
0.0122696,0.00626743,0.00983117,0.0585202,0.0188978,0.0100285
0.0131525,0.0074714,0.00686063,0.0256098,0.00533396,0.00647799
0.0108041,0.00743585,0.00435379,0.0185743,0.0046026,0.00225992
0.0080439,0.00536992,0.0029683,0.0152604,0.00404938,0.0031204
0.0204798,0.0139797,0.00697506,0.0322178,0.00638045,0.00849595
0.0248717,0.0164763,0.0076848,0.0352029,0.0100394,0.00613943
0.0257401,0.0170809,0.0102955,0.0536218,0.0137664,0.0270421
0.0324464,0.021895,0.0112399,0.0483212,0.0136622,0.0198172
0.0170259,0.0117184,0.00553891,0.0215832,0.00798521,0.00255175
0.0097321,0.00684594,0.00569616,0.0241179,0.00689744,0.005721
0.0144338,0.0102323,0.00592392,0.0428944,0.0118651,0.0132483
0.069663,0.0378654,0.0339622,0.148469,0.0391562,0.0402027
0.00453285,0.00321569,0.00255039,0.0103122,0.00140438,0.00713657
0.0179852,0.0124823,0.00546062,0.0357556,0.00643868,0.0140448
0.0321817,0.0204266,0.0148106,0.0815984,0.0221732,0.0256151
0.0259511,0.0157538,0.0277166,0.108133,0.0297684,0.0306146
0.0433172,0.0273835,0.0139538,0.0597305,0.0166646,0.0139699
0.0201655,0.0137329,0.00646691,0.030995,0.0073619,0.0102948
0.0492766,0.0285186,0.0261482,0.127866,0.0336204,0.0399679
0.0187672,0.0126364,0.00638017,0.0370534,0.00950303,0.0182702
0.00975102,0.00649773,0.0170165,0.0649021,0.018781,0.0132596
0.0220902,0.0144309,0.00846824,0.0369104,0.00763349,0.00840834
0.0119757,0.00871154,0.00403222,0.0148935,0.0043141,0.00358831
0.0216804,0.0147806,0.00853515,0.0274763,0.00867194,0.0171176
0.0110632,0.00735459,0.00258099,0.0114793,0.00394598,0.00186726
0.0262085,0.0175249,0.00710086,0.0385662,0.00922617,0.0122184
0.0268997,0.0176276,0.00561025,0.0291504,0.00679727,0.00494992
0.00634292,0.00461674,0.0028761,0.0114178,0.00315053,0.00287383
0.014582,0.00965948,0.00582144,0.0294856,0.00907947,0.00600889
0.00749586,0.00544353,0.0137083,0.0484079,0.0149498,0.0169293
0.0111602,0.00794816,0.00427023,0.0183839,0.00348889,0.00244175
0.0145595,0.0100702,0.006926,0.019685,0.00568328,0.0119553
0.0348501,0.0210918,0.0499632,0.170317,0.046613,0.0700023
0.0203682,0.0098246,0.00546926,0.0405799,0.0111174,0.013418
0.0190743,0.00764605,0.00567848,0.0355763,0.00749161,0.010182
0.0112965,0.00762252,0.00226427,0.0348205,0.014766,0.0275847
0.0140815,0.00945785,0.00468319,0.0267765,0.00488701,0.00383175
0.0275664,0.0183052,0.00769919,0.0477629,0.0122686,0.0272828
0.0085744,0.00647855,0.0109525,0.0229479,0.00500249,0.00873542
0.00729314,0.00519548,0.0031618,0.0161957,0.00455512,0.00366767
0.0145151,0.00968854,0.00394415,0.0259008,0.00754742,0.00546612
0.0233744,0.0154891,0.00825045,0.0326361,0.00830822,0.00530708
0.00824818,0.00579457,0.00347874,0.0139122,0.00311867,0.00754359
0.00964029,0.00674686,0.00785714,0.0178925,0.00508429,0.00502332
0.0124924,0.00882357,0.00709505,0.0228021,0.00370748,0.00752811
0.0149653,0.0105083,0.00487106,0.0143816,0.0046345,0.00332735
0.0254468,0.00828619,0.011167,0.04348,0.0152608,0.0173223
0.0545566,0.0292552,0.0248498,0.136487,0.0334936,0.0309991
0.0157555,0.0105472,0.00452212,0.0262849,0.00587642,0.00944902
0.0105431,0.00732525,0.00337357,0.041614,0.0115687,0.00909788
0.00674983,0.00463673,0.00381137,0.0176612,0.00522721,0.00670913
0.00803343,0.0054711,0.00306092,0.0153247,0.00307129,0.00143446
0.0314151,0.020531,0.0114888,0.0456296,0.00977939,0.0149731
0.00681104,0.00481947,0.00287305,0.0171205,0.00359549,0.00370104
0.0113309,0.00734704,0.00360597,0.0255112,0.00465236,0.00339724
0.00681447,0.00480527,0.00346601,0.0117887,0.00257433,0.00245523
0.0234283,0.00973793,0.00838551,0.0197404,0.0055417,0.0133509
0.0293351,0.00947723,0.0118333,0.0151213,0.00361091,0.0189125
0.0156561,0.00839114,0.00722178,0.00524289,0.00113433,0.0121353
0.019066,0.0128493,0.00722454,0.0250478,0.00710516,0.00968281
0.0150147,0.0103545,0.0052198,0.0237788,0.00629355,0.00673177
0.0236004,0.0151097,0.0195641,0.0965111,0.0256018,0.0283413
0.0186564,0.0127854,0.00665749,0.0309812,0.0078493,0.00470477
0.0133319,0.00887042,0.00590425,0.0301568,0.00664035,0.00387554
0.0111924,0.00778754,0.00336666,0.00519167,0.00256584,0.00410679
0.0251407,0.0164905,0.0182272,0.111221,0.0284777,0.0230989
0.0111415,0.00789079,0.00896327,0.0309922,0.00992614,0.00856534
0.0245109,0.015783,0.0196077,0.0900478,0.0237988,0.0561732
0.0184192,0.0125238,0.0059654,0.0295269,0.00870182,0.00516033
0.0142082,0.00983619,0.00617686,0.0279188,0.00807821,0.00906063
0.0192286,0.0129012,0.0136668,0.0437931,0.0125599,0.0134402
0.0113846,0.00785032,0.00456387,0.0200087,0.00535336,0.00950583
0.0254782,0.0164768,0.00711186,0.0334223,0.00876452,0.00244657
0.0172893,0.0113234,0.0067256,0.0303845,0.00782232,0.0127013
0.0198735,0.0130182,0.00646305,0.0456259,0.0109083,0.00541262
0.0102106,0.00664708,0.00506901,0.0328757,0.00875883,0.0207699
0.0281771,0.0184678,0.00922648,0.0454569,0.0129227,0.0119021
0.0325885,0.0200112,0.0260081,0.12892,0.0329738,0.0404777
0.0161924,0.0109799,0.0114481,0.095488,0.0224808,0.023435
0.0152348,0.00989467,0.00464585,0.0496639,0.0148022,0.0109676
0.0278651,0.0183323,0.0107901,0.0536401,0.0145513,0.016273
0.0150845,0.0102188,0.00490554,0.0215316,0.00637638,0.00553631
0.0184027,0.012535,0.00796579,0.034296,0.00923885,0.00710834
0.00644716,0.00456914,0.0033587,0.00859706,0.00402922,0.00278031
0.0401172,0.0254354,0.013992,0.097744,0.028483,0.0372457
0.0111946,0.00780944,0.00482879,0.0210359,0.00418971,0.00705362
0.031947,0.0208234,0.00954269,0.0468508,0.0114549,0.011602
0.0198724,0.0130831,0.0140281,0.0690977,0.0172997,0.0167317
0.011494,0.00799278,0.00922748,0.0317024,0.00744028,0.00269693
0.0122576,0.00838773,0.00588415,0.00625254,0.000914457,0.00255161
0.0124028,0.00894777,0.00466244,0.0127034,0.00397165,0.0106592
0.0222901,0.0151727,0.00766945,0.0283583,0.00831502,0.0101386
0.00850173,0.00593649,0.00159333,0.00947308,0.00331955,0.00067169
0.00806284,0.00543493,0.0024817,0.0258424,0.00795195,0.0106603
0.034374,0.0225469,0.0104691,0.0659827,0.0187688,0.0236256
0.0299957,0.0198446,0.00882135,0.0338927,0.010761,0.0118872
0.00998686,0.00703292,0.00309016,0.0153798,0.00467401,0.00300285
0.00766526,0.00538938,0.00269666,0.0109293,0.00351291,0.00238396
0.0181834,0.0118235,0.0220442,0.0647388,0.0165932,0.0175352
0.0269732,0.0174584,0.0113828,0.050425,0.0120736,0.0142938
0.0267191,0.0166541,0.0138217,0.0807121,0.0205466,0.0149378
0.00710132,0.00504457,0.00301454,0.01413,0.00447026,0.0047041
0.0103868,0.00755248,0.00530922,0.039211,0.00877636,0.0179187
0.0195415,0.0136117,0.00955611,0.055985,0.012148,0.0203117
0.0132556,0.00899687,0.00532615,0.0363935,0.00916784,0.00790133
0.014353,0.00976236,0.00590454,0.0269952,0.0069583,0.00973001
0.0173472,0.0117065,0.00556459,0.0287496,0.00900687,0.0219938
0.0304916,0.0198997,0.00888553,0.0394227,0.0102112,0.00760225
0.00937574,0.00660551,0.00433744,0.0226506,0.00654625,0.00128428
0.014329,0.00988326,0.00576277,0.0234852,0.00695651,0.00508772
0.0125001,0.00844968,0.00588229,0.0263728,0.00631241,0.0030725
0.0200733,0.0130941,0.0293461,0.0654889,0.0168918,0.0371406
0.00625153,0.00430274,0.00231881,0.0145121,0.00306653,0.00401573
0.0261506,0.0168078,0.00766001,0.0474744,0.0134194,0.0187978
0.0105337,0.00723487,0.00459431,0.0376728,0.0104789,0.0176433
0.0396925,0.0254481,0.012629,0.0472161,0.0118449,0.0139083
0.00423716,0.0029639,0.00166805,0.0164966,0.00369133,0.00177862
0.0109516,0.00756394,0.00281428,0.0242502,0.00593304,0.00768746
0.00713705,0.00506247,0.00837206,0.039532,0.00873188,0.0181577
0.0339757,0.0226804,0.0217904,0.0911572,0.0242858,0.0207135
0.00814633,0.00542433,0.00477891,0.0206507,0.00540182,0.00448039
0.0224233,0.00969043,0.0074792,0.0578762,0.016839,0.0115552
0.0258855,0.0144015,0.00860512,0.0457387,0.012898,0.00858156
0.00809508,0.00562108,0.00453874,0.0162867,0.00640633,0.0159104
0.00870241,0.00602391,0.00553284,0.0169225,0.00477147,0.00748416
0.0152958,0.0108661,0.00471146,0.0230618,0.00756871,0.0143295
0.00418284,0.00308328,0.00185544,0.0165951,0.0033818,0.0028743
0.00547184,0.00364497,0.00270867,0.0110278,0.00223851,0.00217465
0.0159876,0.0108617,0.00557686,0.0283852,0.00616029,0.00700499
0.0338006,0.0202973,0.0184903,0.109133,0.0286638,0.0428867
0.00810299,0.00557204,0.0114766,0.00664494,0.00231614,0.00385607
0.0307927,0.0199633,0.00897095,0.0542736,0.0138347,0.00993081
0.0288504,0.0120316,0.0119824,0.0694476,0.02103,0.0171437
0.0309712,0.0142477,0.0139709,0.0781189,0.0201058,0.0165497
0.0179899,0.012079,0.0057985,0.0441794,0.0108677,0.00672619
0.0159858,0.0107183,0.00483985,0.0137313,0.0044963,0.0035758
0.00961179,0.00631878,0.00398088,0.0175956,0.00361141,0.00629435
0.0219356,0.0147711,0.0075703,0.0206579,0.00547834,0.0138882
0.00598544,0.00427918,0.00237223,0.00754868,0.00363649,0.00297426
0.00726653,0.00521107,0.00320379,0.0142858,0.00348778,0.00377706
0.0253708,0.0162374,0.00750959,0.0350384,0.00843594,0.00479939
0.0363056,0.0234566,0.0370577,0.148373,0.0403387,0.0314255
0.00554284,0.00357867,0.00195875,0.00826892,0.00243743,0.00219957
0.00838234,0.00598067,0.00368211,0.0124387,0.00234819,0.00502819
0.0125216,0.00891952,0.00544395,0.0304798,0.00884325,0.00519744
0.017339,0.0119961,0.0043029,0.0212221,0.00650132,0.00767787
0.0205309,0.0131782,0.0132437,0.0650173,0.0177289,0.0182495
0.0252648,0.0166844,0.0214579,0.0847325,0.0240821,0.025351
0.0206057,0.0140312,0.00724976,0.0235841,0.00719947,0.00742337
0.00563764,0.00413667,0.0017532,0.00868436,0.00369855,0.00355064
0.0142997,0.0102358,0.00503376,0.0238696,0.0069649,0.00279804
0.00979693,0.00597512,0.00407019,0.0173976,0.0042627,0.00637571
0.0207235,0.0134928,0.0062558,0.0453132,0.0138835,0.0108362
0.0134947,0.00923521,0.00410483,0.0160931,0.00480722,0.0101533
0.00500543,0.00375112,0.00213941,0.00909741,0.00236269,0.0065166
0.00960231,0.00684623,0.00539815,0.0335898,0.0102696,0.0206406
0.0184753,0.0122614,0.00437386,0.0315134,0.00865666,0.0190646
0.00708095,0.00484972,0.00410605,0.0257564,0.00592763,0.00091436
0.0202213,0.0135403,0.00723968,0.02808,0.00629643,0.00726294
0.00788322,0.00538605,0.00353846,0.0318992,0.00788198,0.00617558
0.0257093,0.0116218,0.0100181,0.057939,0.0168511,0.0163542
0.0180759,0.0120434,0.00545482,0.0286173,0.00815735,0.00637594
0.00746962,0.00516734,0.00490196,0.016391,0.00390338,0.00367484
0.0121943,0.00781241,0.00396455,0.0177863,0.00580515,0.00549869
0.00458483,0.00328636,0.00169186,0.0137752,0.00371346,0.00179969
0.0252434,0.0172071,0.00869177,0.0506793,0.0138057,0.0131735
0.0357234,0.0237342,0.00877739,0.0456946,0.0131887,0.00839051
0.0134211,0.00930595,0.00376808,0.023706,0.00674829,0.00996966
0.0106517,0.0077417,0.0095855,0.0326463,0.00827242,0.00941903
0.0135595,0.00941321,0.00565904,0.0258322,0.00612905,0.0101389
0.0240098,0.0161474,0.0098782,0.0374577,0.010812,0.0153167
0.0136978,0.0091797,0.00503324,0.0205248,0.00672937,0.00396077
0.00900346,0.00630994,0.0042875,0.0188267,0.00539908,0.0021801
0.0157699,0.0109927,0.00497117,0.0237257,0.0073551,0.00406134
0.0518462,0.0320318,0.0429257,0.162048,0.0424513,0.0407379
0.0205757,0.0139746,0.00797629,0.053444,0.0130421,0.0110057
0.00905825,0.00641235,0.00225031,0.022135,0.00507523,0.00256355
0.014435,0.0097189,0.00426547,0.0154426,0.00421795,0.0217263
0.037287,0.02248,0.0213142,0.128202,0.0313454,0.0391753
0.0112845,0.00771918,0.00633983,0.0270222,0.00840296,0.00907793
0.0369321,0.0228901,0.0169407,0.0839634,0.0242036,0.0513706
0.0158131,0.0105804,0.00409602,0.0346771,0.0082888,0.0106195
0.0130977,0.00889246,0.00417876,0.0182411,0.00467814,0.0053387
0.00595535,0.00420369,0.00244683,0.0122265,0.00344536,0.00227667
0.0163712,0.0110719,0.0036687,0.0282371,0.00692752,0.00923606
0.0196251,0.0136257,0.00669694,0.0316474,0.00887132,0.00932478
0.0104553,0.00710228,0.0110724,0.0379029,0.010603,0.00858674
0.00883502,0.00629019,0.0076564,0.0182733,0.0059241,0.00693186
0.0303097,0.0156036,0.0166691,0.0883447,0.021538,0.0228293
0.0273086,0.0120719,0.0186059,0.0853126,0.0178379,0.0246089
0.0248856,0.016462,0.0138938,0.0660957,0.0160252,0.017144
0.00841939,0.00568637,0.00335304,0.0118586,0.00317672,0.00487589
0.0225278,0.0150531,0.00633119,0.0292605,0.00919677,0.0229345
0.0193387,0.0133229,0.00629688,0.0293373,0.00721766,0.00700405
0.0237613,0.0159862,0.0165173,0.0346419,0.0113505,0.0143338
0.0131097,0.0090189,0.0072142,0.0381963,0.00968182,0.010986
0.00578678,0.00431459,0.00303077,0.0206129,0.00593913,0.00373195
0.0092758,0.0066089,0.00405916,0.0184527,0.00452964,0.00340352
0.0348419,0.0219466,0.0150925,0.0543013,0.013102,0.0268608
0.0266912,0.0170256,0.0122547,0.0455379,0.0131167,0.0277286
0.0260625,0.0172759,0.00797129,0.0283209,0.00953538,0.0239269
0.00492478,0.00342961,0.00387674,0.0438448,0.0123218,0.00310401
0.0181886,0.0127532,0.00679454,0.0281816,0.0097346,0.0103175
0.0156807,0.0108169,0.0113774,0.0484175,0.0117361,0.0105112
0.0535074,0.0326198,0.0140676,0.0482861,0.0146803,0.0397808
0.0354731,0.0231662,0.0136553,0.0661329,0.0173942,0.0278813
0.0261416,0.0174433,0.00729861,0.0450322,0.0126842,0.0191619
0.0391863,0.0249289,0.013906,0.0520649,0.0129392,0.0205081
0.0229149,0.0157702,0.00965302,0.0473971,0.0124655,0.0155757
0.00988379,0.00652901,0.00645567,0.00494546,0.000800528,0.00261729
0.0287418,0.0187999,0.0102225,0.0367439,0.0107724,0.0092434
0.0244902,0.016673,0.00806315,0.0388863,0.0107077,0.0186042
0.00771387,0.00555757,0.00328873,0.0134697,0.00302391,0.00342989
0.0122828,0.00773833,0.0189118,0.125694,0.0338431,0.0251267
0.00848287,0.0058499,0.00388616,0.0179876,0.00463576,0.00480195
0.00776327,0.00553542,0.00356879,0.00852272,0.0021708,0.00119734
0.0129882,0.00909802,0.00414694,0.0280877,0.00638704,0.0110802
0.0158522,0.0112732,0.00396126,0.019771,0.0046365,0.00354659
0.0381395,0.0244088,0.0223485,0.0837636,0.0242111,0.014861
0.00814317,0.00575754,0.00292927,0.0275024,0.00801916,0.00329426
0.00847265,0.0059195,0.0037653,0.0238395,0.00675347,0.00204044
0.00491033,0.00321045,0.00471825,0.0139544,0.0026245,0.00657928
0.0121468,0.00816847,0.00484099,0.0239327,0.00645405,0.00746905
0.0107574,0.00770622,0.00415337,0.0187188,0.00548242,0.00205048
0.00747654,0.00519079,0.00256306,0.0273888,0.00690454,0.0098268
0.00587324,0.00395264,0.00291687,0.0119892,0.00246354,0.000790629
0.00542045,0.00364342,0.003026,0.0184879,0.00302332,0.00494937
0.0389142,0.0156368,0.0130389,0.0470576,0.0140259,0.0256752
0.0142119,0.00890208,0.00395385,0.0238089,0.00679463,0.0033741
0.0176296,0.0108122,0.00514223,0.022965,0.00737513,0.00426365
0.0232482,0.0156101,0.00641761,0.0409942,0.0115124,0.0327968
0.0170139,0.0111096,0.00333762,0.0307996,0.00800816,0.00590434
0.0178922,0.0115739,0.0193891,0.0950525,0.0269525,0.0452524
0.0111921,0.00771049,0.00481012,0.0186581,0.00422283,0.000790591
0.0134043,0.0094043,0.00738973,0.0246724,0.00595356,0.00667658
0.0164403,0.0112019,0.0129407,0.0599849,0.0158167,0.027901
0.0384372,0.0213871,0.0523263,0.21914,0.0537869,0.0641361
0.0323987,0.0213195,0.00931215,0.0521783,0.0119951,0.0121015
0.0149555,0.0101234,0.0045174,0.0215355,0.0045557,0.00194237
0.00667262,0.0047508,0.00479218,0.0271858,0.00736758,0.0186738
0.0111246,0.00774536,0.00407372,0.0180437,0.00548744,0.00922466
0.0247117,0.00922002,0.00762965,0.0540311,0.0151379,0.0124701
0.0252209,0.00916507,0.00788902,0.0530373,0.0133804,0.0114281
0.00664555,0.0044191,0.00269527,0.0230844,0.00831133,0.0139779
0.0358878,0.0231989,0.0185069,0.0893224,0.0235856,0.0219993
0.00764655,0.00513061,0.00167859,0.0143837,0.00406379,0.00267855
0.0115531,0.00798716,0.00241581,0.0205353,0.0051651,0.00690882
0.0185397,0.0125767,0.00667355,0.0410931,0.0116725,0.010091
0.0243131,0.0163826,0.00659545,0.0345897,0.00862045,0.00903668
0.00881628,0.00543227,0.00494599,0.02191,0.00614293,0.00442067
0.00740922,0.00389266,0.00350329,0.014137,0.00433034,0.00539756
0.0223993,0.0139025,0.00644137,0.0358681,0.0102502,0.0240958
0.0196973,0.0105475,0.00556619,0.0197418,0.00547056,0.0053953
0.0329545,0.0209906,0.0102945,0.0418807,0.0103126,0.00761727
0.00848567,0.0057995,0.00399635,0.024577,0.00589946,0.00138225
0.0125827,0.00867978,0.00527087,0.0213415,0.00497468,0.00485892
0.0188117,0.0125272,0.00391194,0.0316005,0.00847665,0.00751231
0.00430131,0.00316573,0.00280908,0.0117663,0.0026831,0.00278761
0.026667,0.018088,0.00786172,0.0426507,0.00880563,0.00470375
0.0176867,0.0119614,0.00592754,0.0227892,0.00590645,0.012326
0.016498,0.0113942,0.00641323,0.0204533,0.00570669,0.00429187
0.0102823,0.00659371,0.00373267,0.0275283,0.00739126,0.00525401
0.00701874,0.00508026,0.00480251,0.0174008,0.00428208,0.00642746
0.0129521,0.00892105,0.0236758,0.0996041,0.0230082,0.032374
0.0104177,0.0073125,0.0027755,0.0163604,0.00531993,0.00403774
0.0141698,0.00927466,0.00760644,0.0422813,0.00961308,0.00719414
0.0111893,0.00755072,0.00307649,0.0262695,0.00854237,0.00905673
0.011532,0.00684817,0.00385212,0.0200452,0.0055558,0.00659743
0.0123159,0.00657729,0.00520931,0.0245174,0.00521898,0.00509847
0.0152803,0.0102096,0.00566285,0.0316441,0.0101232,0.00724227
0.0481315,0.0304418,0.0381591,0.15944,0.0439751,0.0544547
0.0329094,0.0221671,0.0240161,0.0874114,0.0237358,0.051369
0.0331862,0.022115,0.012711,0.0482208,0.0117061,0.0136123
0.022238,0.0142591,0.00948183,0.0559376,0.0123397,0.00529655
0.0148747,0.0104151,0.00475262,0.0242162,0.0047795,0.00442086
0.0144088,0.0101829,0.00523045,0.0149247,0.00575847,0.00515815
0.0308791,0.0206081,0.00962225,0.0595711,0.0154991,0.0166741
0.0195144,0.0131121,0.00621889,0.0454034,0.0110084,0.0153023
0.026105,0.0181022,0.0209781,0.059965,0.0172052,0.0461543
0.0185644,0.0123338,0.00560661,0.0420244,0.00958335,0.00676249
0.0548596,0.0355755,0.0220343,0.105319,0.0276757,0.0321645
0.0144931,0.00976007,0.00658478,0.0224924,0.00481887,0.00632229
0.0206031,0.0134078,0.00670061,0.0246971,0.00435518,0.00692315
0.0268076,0.0179318,0.00755437,0.0431099,0.0117442,0.0092787
0.0149666,0.00970997,0.0133839,0.0786258,0.0198807,0.0367199
0.0323242,0.0187853,0.0114973,0.0457639,0.0126435,0.0107372
0.0140072,0.00939713,0.00598054,0.0224327,0.00610711,0.00233273
0.0170855,0.011248,0.00842352,0.0481054,0.0135319,0.0134985
0.0258476,0.0170435,0.010659,0.0503717,0.0141284,0.0228495
0.0189605,0.0125982,0.00750261,0.0250187,0.00689022,0.00352617
0.02178,0.0141643,0.00712542,0.0386828,0.00911255,0.00617134
0.00420673,0.00303142,0.00201932,0.0100553,0.00385029,-0.000507715
0.0112569,0.00716484,0.00911975,0.0495154,0.0152961,0.0306456
0.017163,0.0108534,0.00558815,0.032309,0.00879825,0.013032
0.00521295,0.0036172,0.00265425,0.0117593,0.00233561,0.000921784
0.0366641,0.0234744,0.0121123,0.05719,0.0155014,0.0274322
0.031659,0.0192206,0.0154795,0.0773086,0.018429,0.0239469
0.0262035,0.0167375,0.00884432,0.0453834,0.0098139,0.00966245
0.0112171,0.00784581,0.00336254,0.0189219,0.00523193,0.00375932
0.0569811,0.0323874,0.0313749,0.170107,0.0423112,0.0617579
0.00557527,0.00379095,0.00215454,0.0340284,0.0104705,0.0196627
0.021921,0.0147653,0.0112696,0.0409677,0.0105296,0.00945609
0.043089,0.0185134,0.105061,0.40111,0.108731,0.206488
0.0394851,0.0227332,0.0268774,0.127168,0.0333534,0.0414653
0.0255586,0.00999063,0.0114102,0.0458511,0.0093247,0.0151965
0.0317559,0.0166992,0.00641079,0.0577292,0.01536,0.0180751
0.00865001,0.00562143,0.00439546,0.0196934,0.00490231,0.0071746
0.0236107,0.0152694,0.016984,0.0689479,0.0186716,0.0277004
0.0177686,0.0123953,0.00840143,0.0385187,0.00920931,0.00443695
0.0160346,0.0105506,0.00364766,0.0358925,0.00722631,0.00392835
0.0308788,0.0201323,0.0126649,0.0594214,0.0141603,0.0212979
0.027728,0.0179041,0.0100484,0.042356,0.0102508,0.0157047
0.0144627,0.00999716,0.00875626,0.0389802,0.00967348,0.0182556
0.0191006,0.012897,0.0159491,0.0884697,0.0234548,0.0261607
0.00496123,0.0034698,0.00249245,0.0165535,0.00535902,0.00274718
0.019492,0.0127719,0.00691186,0.0328147,0.00701332,0.00376385
0.00943672,0.00637004,0.00418304,0.00285028,0.000696879,0.00299482
0.00939107,0.00638922,0.00262716,0.0161194,0.0036706,0.00261855
0.0370798,0.0236878,0.0234871,0.0726894,0.0193571,0.0290839
0.040392,0.0249039,0.0191905,0.0612277,0.0176856,0.0260268
0.0409912,0.0248533,0.0195564,0.0808013,0.0208159,0.0571445
0.0177352,0.0120047,0.0160642,0.0489868,0.0123879,0.00835028
0.0226664,0.0149179,0.0171934,0.0621891,0.016355,0.0129423
0.00812663,0.00537253,0.00207929,0.0178497,0.00377591,0.00414858
0.0148278,0.0099092,0.00439898,0.0296223,0.00658044,0.0121282
0.0157819,0.0110358,0.0120394,0.0725382,0.0195823,0.0184999
0.0249059,0.0172443,0.00737342,0.0317048,0.00860319,0.00628703
0.0175446,0.01144,0.00551848,0.017351,0.00441268,0.0039752
0.0352713,0.0235965,0.0093018,0.0405937,0.0104006,0.00769556
0.0292736,0.0191259,0.0111668,0.0449666,0.0127176,0.0189369
0.0272726,0.0185558,0.014193,0.0615072,0.0180469,0.0209421
0.0215262,0.0139581,0.0191304,0.0489982,0.0124255,0.016289
0.0275093,0.0178747,0.0123703,0.0502193,0.013971,0.0305468
0.00723656,0.00513798,0.00167851,0.0131622,0.00494187,0.00179012
0.0219231,0.0115506,0.0220598,0.0949798,0.0298289,0.0387789
0.0217533,0.0114348,0.0217448,0.094711,0.0277396,0.0372353
0.00642797,0.00445367,0.00363166,0.0163425,0.00528886,0.00124038
0.00745184,0.00486795,0.00211129,0.0156965,0.00402006,0.00684965
0.0322084,0.0207922,0.00842229,0.0443927,0.0117672,0.0154157
0.0441785,0.0270344,0.023144,0.103639,0.0272404,0.0656688
0.00853946,0.00583071,0.00405623,0.0254987,0.00500285,0.00252052
0.0154787,0.0108653,0.00588136,0.0168272,0.00462126,0.00970662
0.0100115,0.0067639,0.00295124,0.0229071,0.00696548,0.00795174
0.0158447,0.0113932,0.00648198,0.0270312,0.00605443,0.010545
0.0125628,0.00850256,0.00620574,0.0325273,0.00723938,0.00356077
0.010707,0.00693648,0.00656359,0.0346805,0.0132857,0.0272793
0.0144622,0.00919178,0.00853221,0.0599713,0.0167949,0.0127861
0.0134373,0.00880147,0.00482089,0.015374,0.00438711,0.00538218
0.0257672,0.0166991,0.00731389,0.0380814,0.0100221,0.0192299
0.0256993,0.0172899,0.010307,0.0359241,0.00805504,0.00779
0.0057203,0.00397079,0.00527319,0.0293209,0.00631196,0.00355864
0.0326242,0.0217139,0.0130584,0.0731321,0.0194288,0.0357957
0.0107057,0.00711786,0.00377143,0.0146115,0.00303673,0.00163336
0.0190645,0.0126122,0.00544111,0.0182908,0.00552091,0.0150558
0.0368585,0.0239101,0.0220795,0.0968561,0.025425,0.0544545
0.0081733,0.00546218,0.00213801,0.0222462,0.00609291,0.00215303
0.00819867,0.00482331,0.00288659,0.0255949,0.00812498,0.0241158
0.00944379,0.00488883,0.00221084,0.0238002,0.00525319,0.0207422
0.0198914,0.0136755,0.00732213,0.0416652,0.0108808,0.00858478
0.0430306,0.0253571,0.0270177,0.115244,0.0276738,0.0274673
0.0601809,0.0236842,0.0379626,0.14799,0.0386312,0.0605358
0.0118599,0.00774507,0.00343574,0.0174568,0.00649043,0.0117209
0.00934897,0.00601333,0.00338933,0.0178531,0.00508762,0.0189346
0.0117876,0.0079855,0.00235696,0.0216886,0.00371153,0.00695723
0.00938685,0.0067295,0.00335025,0.0132548,0.00308692,0.0033793
0.00519889,0.00343291,0.00281627,0.0109825,0.00270482,0.00556316
0.0145842,0.0102611,0.00567444,0.0553785,0.0126673,0.0128844
0.00756627,0.00511567,0.00274698,0.0135349,0.00515823,0.00429492
0.0102635,0.00739123,0.00232702,0.0195828,0.00396611,0.00618187
0.0125071,0.00858027,0.0101967,0.0279719,0.00839737,0.00797549
0.0524652,0.0312402,0.02027,0.103898,0.0258893,0.0185552
0.0133841,0.00959979,0.00414827,0.0165969,0.0040254,0.0058957
0.0176642,0.0119485,0.0165241,0.0858501,0.0222404,0.0239923
0.0172104,0.00713255,0.00565021,0.0406015,0.0106555,0.0102341
0.0159416,0.0104304,0.00425887,0.03471,0.00794444,0.0176878
0.0414017,0.0223142,0.0185753,0.0970649,0.0260272,0.0197158
0.0109671,0.00756151,0.00432453,0.00284419,0.000159504,0.00388546
0.0121146,0.00854209,0.00361192,0.0156304,0.00410782,0.00436195
0.0124741,0.00915056,0.00441014,0.0400892,0.0122866,0.00904098
0.0134219,0.00877625,0.00466512,0.0296959,0.00763437,0.01164
0.022991,0.0148379,0.00597328,0.0279468,0.00795389,0.00727853
0.0197733,0.0128707,0.00610925,0.023396,0.00600347,0.0196803
0.0130645,0.00902771,0.00547857,0.025113,0.00633504,0.00337389
0.0149641,0.00846136,0.00467593,0.0294471,0.00773019,0.00961854
0.0143191,0.0096628,0.00487026,0.0199524,0.00479931,0.00329772
0.0265512,0.0172385,0.00860482,0.0247475,0.00655609,0.0052232
0.0223659,0.0148934,0.013829,0.0502535,0.0132772,0.0131986
0.00549353,0.00415574,0.00495131,0.0151503,0.00377932,0.00152061
0.0188981,0.0122372,0.0191584,0.0695509,0.0196394,0.0336128
0.0160184,0.0102178,0.00950105,0.0554432,0.0130199,0.012831
0.010918,0.00729931,0.00219122,0.0228225,0.00464979,0.00562171
0.0195628,0.0128579,0.00768361,0.0229895,0.00533922,0.00571822
0.00480504,0.00336177,0.00199179,0.0111412,0.00207071,0.00105006
0.0130086,0.00874267,0.00810806,0.0052857,0.00226112,0.00783055
0.0156815,0.0103461,0.0226915,0.0875083,0.0217335,0.0376478
0.0104735,0.00699741,0.00397882,0.0226399,0.00664656,0.00414746
0.00812404,0.00557736,0.00206474,0.0180894,0.00388191,0.00369079
0.0145363,0.0100099,0.00430626,0.0389437,0.00765064,0.00816855
0.0373086,0.0241366,0.0196261,0.0593291,0.016542,0.00747843
0.0354727,0.0226223,0.0264051,0.0778538,0.0220179,0.0338339
0.031823,0.0159985,0.0123371,0.0611226,0.0172575,0.0263624
0.0290925,0.0188209,0.00914431,0.0357966,0.0117045,0.00911705
0.0491712,0.0284383,0.0252807,0.0899433,0.0236056,0.0396224
0.0328967,0.0204746,0.0346642,0.134571,0.0343968,0.0311475
0.0119066,0.00856406,0.00723889,0.0421241,0.00962709,0.0132552
0.017159,0.0112483,0.00459303,0.0357885,0.00845923,0.0083504
0.0312235,0.0205865,0.00695051,0.0406932,0.010592,0.0136925
0.0128602,0.00890164,0.00396276,0.0218093,0.00534619,0.00527881
0.0130103,0.0088361,0.0146978,0.0669402,0.0174979,0.0112257
0.0168316,0.0113187,0.00592387,0.02016,0.00487393,0.00370203
0.0294227,0.0190313,0.0100864,0.0337808,0.00975925,0.0090213
0.00806993,0.00546798,0.00286818,0.0113534,0.00299766,0.0026102
0.013403,0.00899953,0.00339259,0.0195345,0.00520964,0.00617902
0.00647025,0.00460202,0.00202817,0.0183849,0.00413397,0.00155191
0.0177479,0.0103322,0.00667128,0.0362422,0.0114483,0.0221247
0.0160311,0.0104339,0.0108521,0.0510758,0.0127657,0.018192
0.028772,0.0197369,0.0134451,0.0636793,0.0136579,0.00846107
0.0201862,0.0135718,0.00551726,0.037562,0.0094641,0.0143233
0.0159868,0.0107081,0.00599297,0.0303359,0.00589933,0.00356114
0.0332883,0.0218333,0.0168122,0.0929147,0.0244146,0.0307223
0.00998519,0.00680025,0.00274571,0.0192304,0.00495971,0.0046839
0.0144235,0.00982444,0.00471257,0.025332,0.00706857,0.00294834
0.0267714,0.0179132,0.0126366,0.038832,0.0108195,0.0131481
0.0170695,0.011609,0.0110587,0.0613982,0.015129,0.0105332
0.00678896,0.00470783,0.00300388,0.0155731,0.00401897,0.00123302
0.0187604,0.0129685,0.00771972,0.0352185,0.00968169,0.00880644
0.0285549,0.0173033,0.0113707,0.0785659,0.0215068,0.0239841
0.0135377,0.00912907,0.00489522,0.00641533,0.00105408,0.00542823
0.0168774,0.0118195,0.00545366,0.0218103,0.0059349,0.00755045
0.0252243,0.0156655,0.0204904,0.110567,0.0259688,0.0107862
0.0247775,0.0166339,0.0130334,0.0500651,0.0127044,0.0118122
0.0130051,0.00879372,0.0115958,0.079866,0.0223066,0.0105765
0.0232026,0.0155961,0.00978399,0.0349739,0.00979103,0.0190307
0.0214356,0.0139382,0.00571023,0.0368938,0.00891788,0.00853975
0.00631919,0.00397563,0.00363839,0.0175743,0.0043577,0.0033241
0.00586824,0.00401226,0.0134801,0.0156437,0.00413104,0.00487956
0.0362984,0.0225583,0.0160967,0.0656724,0.0183176,0.0175013
0.0169656,0.0112236,0.0121338,0.0650555,0.0172661,0.0115285
0.00639701,0.00456767,0.00307214,0.0131219,0.00437447,0.00582921
0.0596196,0.0326171,0.0486024,0.157325,0.0434926,0.0660432
0.0065226,0.00474905,0.00196673,0.0222869,0.00568146,0.00759794
0.0236724,0.0156507,0.00866849,0.0308701,0.00918552,0.0157222
0.00674201,0.00485867,0.00445968,0.0269129,0.00493216,0.00684375
0.00974942,0.00671552,0.00326542,0.0462666,0.00933677,0.01448
0.0345958,0.0222657,0.0363664,0.134316,0.0366768,0.0659814
0.00758477,0.00501985,0.00336986,0.00936354,0.00273013,0.00374537
0.0132706,0.00894845,0.00455099,0.0165225,0.00642815,0.00636433
0.0150575,0.00997933,0.00479271,0.0225921,0.00591879,0.00199986
0.00492014,0.0036207,0.00242869,0.0126921,0.00401852,0.00516675
0.00733042,0.00513876,0.00263553,0.0149106,0.00423239,0.00570872
0.0425743,0.0283904,0.0245928,0.103992,0.0287055,0.0351372
0.0217628,0.0141698,0.00708181,0.0286393,0.00814954,0.00516936
0.0112099,0.00796055,0.010522,0.0564764,0.0166957,0.0281815
0.0341589,0.0217771,0.0100955,0.0610745,0.0157326,0.0135714
0.0141651,0.00958801,0.00314195,0.0286148,0.00799723,0.00258374
0.0092139,0.00626273,0.00310025,0.0161351,0.00346756,0.00281485
0.00809571,0.00557335,0.00881052,0.0369578,0.00862433,0.0107763
0.0369863,0.0235739,0.0178345,0.0703277,0.0200238,0.0144069
0.0103445,0.00697609,0.00274093,0.0192089,0.00547288,0.00174163
0.00826493,0.00573258,0.00339809,0.0150616,0.00298355,0.000527679
0.0104429,0.00711795,0.00345209,0.015735,0.00409931,0.0024844
0.0227366,0.0151375,0.00861316,0.0291565,0.00638958,0.00566702
0.0249547,0.0169841,0.00927938,0.0344327,0.00888756,0.00366015
0.0354208,0.0230475,0.012354,0.0439089,0.0120735,0.0155837
0.00521425,0.00399403,0.00259722,0.0169822,0.00362356,0.00407026
0.0159741,0.0104456,0.00909948,0.0462633,0.0114524,0.00723863
0.0142929,0.0103268,0.00514938,0.0205021,0.00667343,0.00199944
0.0319943,0.0188996,0.0152838,0.0785627,0.0235683,0.0374166
0.0515499,0.0274861,0.0186964,0.0818776,0.0196619,0.0276193
0.03902,0.0219424,0.016234,0.0517682,0.0111666,0.0162639
0.0207403,0.0140907,0.00858952,0.0299536,0.00759437,0.00805494
0.0140672,0.00955447,0.00413592,0.0247786,0.00769644,0.0114729
0.0220855,0.0145306,0.00697208,0.0286803,0.00783842,0.00548977
0.0216143,0.0147827,0.00760133,0.0680496,0.0169609,0.0141658
0.0171393,0.0119347,0.00665465,0.0198866,0.0054926,0.00407834
0.0181879,0.0123073,0.0104476,0.0308705,0.00702882,0.00840303
0.0225136,0.015281,0.00765398,0.0285373,0.00625818,0.00651138
0.0118236,0.00837441,0.00353446,0.0199937,0.00590885,0.00272625
0.00474309,0.00315683,0.00166748,0.0079229,0.00215269,0.00667727
0.00786108,0.00541525,0.003151,0.0211802,0.00623995,0.00587625
0.0187571,0.0124156,0.00584947,0.038778,0.00893692,0.00729261
0.0171007,0.0111242,0.0168811,0.091026,0.0248595,0.0243876
0.02651,0.0173737,0.0162726,0.0311894,0.00844564,0.0127598
0.0178886,0.0120782,0.00523678,0.0259048,0.00673166,0.00794904
0.00658853,0.0043163,0.00318614,0.0140958,0.00345727,0.00333103
0.00873135,0.00620115,0.00279562,0.0205453,0.00403091,0.00609589
0.0133443,0.00919736,0.0041483,0.0121172,0.00255293,0.00700626
0.0250889,0.015966,0.00750447,0.0380629,0.0110616,0.0193691
0.0139898,0.00935205,0.00668109,0.0206745,0.00559034,0.0280549
0.0128124,0.00870092,0.0071006,0.0312554,0.00692215,0.00337762
0.0147499,0.0100869,0.00437217,0.0178762,0.0046062,0.00469744
0.0042303,0.0029654,0.00233272,0.00781047,0.00237325,0.00249671
0.013737,0.0093501,0.00459274,0.017825,0.00602974,0.00875743
0.0196805,0.0140523,0.00872624,0.0368697,0.00869761,0.0105195
0.0160294,0.0109158,0.00575809,0.040898,0.00944469,0.0103446
0.0444563,0.0285597,0.0167001,0.0955667,0.0260204,0.0458132
0.00762123,0.00512988,0.00309426,0.0182903,0.00411493,0.00313808
0.0220369,0.015434,0.0105527,0.0106084,0.00126238,0.0129286
0.0231264,0.0151099,0.00869687,0.0155309,0.00383888,0.0111366
0.0268364,0.0177258,0.00982061,0.0404629,0.0116291,0.0166297
0.0354671,0.0226746,0.0141859,0.0426133,0.0118303,0.0064353
0.0291853,0.0194647,0.0142412,0.0552944,0.0162566,0.0111917
0.0331733,0.0210696,0.0113545,0.0499589,0.0117463,0.0142396
0.0187057,0.012668,0.00942313,0.0371072,0.0101859,0.0148357
0.0236456,0.0160392,0.00744333,0.0480623,0.0133878,0.0109975
0.00672867,0.00468714,0.0026386,0.0179411,0.00368298,0.00110489
0.0117545,0.00802845,0.00445016,0.03098,0.00665444,0.0049485
0.00816632,0.00569868,0.0035631,0.0173477,0.00455139,0.00505582
0.0265345,0.0171693,0.0103481,0.0358996,0.00963427,0.0092484
0.0141793,0.00948944,0.00615483,0.0260521,0.00800942,0.00434142
0.0257665,0.0153184,0.0141191,0.0619367,0.0150105,0.0262368
0.0119274,0.00792537,0.00455224,0.0119236,0.00459234,0.00311606
0.0250439,0.0157422,0.0312472,0.108405,0.0285811,0.0329596
0.0226226,0.0152481,0.00959979,0.0109929,0.00237426,0.00968173
0.0116367,0.00812365,0.00408524,0.0217654,0.00728021,0.00790951
0.00701015,0.00487783,0.00306513,0.00307229,0.00105906,0.0050728
0.00636937,0.00456996,0.00306515,0.0207907,0.00402298,0.00459645
0.0379576,0.0240799,0.0203227,0.107213,0.0267916,0.0300885
0.0252981,0.0171299,0.0148884,0.0776844,0.0187032,0.0119688
0.0137417,0.00939469,0.00574658,0.0254239,0.00615856,0.00505728
0.0215245,0.0140918,0.00693201,0.0277336,0.00697409,0.00987032
0.0444017,0.017752,0.0182775,0.0896931,0.0229046,0.0352417
0.0313339,0.0203869,0.0193735,0.0744601,0.0184028,0.0267053
0.00743114,0.00486217,0.00347923,0.015219,0.00358711,0.00486391
0.013931,0.00927717,0.00554033,0.0313706,0.0080066,0.0126829
0.00939729,0.00641283,0.00353752,0.00950291,0.00270861,0.00466292
0.00811756,0.00578014,0.00350764,0.00339056,0.00140673,0.00256462
0.005493,0.00376065,0.00303976,0.0139593,0.00366189,0.00408689
0.00489101,0.00310557,0.00307378,0.0127821,0.00392646,0.00313099
0.00678671,0.00446504,0.00241016,0.0184398,0.00409594,0.00266177
0.0283711,0.0185353,0.0107461,0.0497032,0.0136351,0.0111219
0.0473583,0.0286497,0.0277037,0.0809647,0.020161,0.0396877
0.00482975,0.00363363,0.00253626,0.0132179,0.00201672,0.00256266
0.0153686,0.0103137,0.00574573,0.0267557,0.00790931,0.00924087
0.0147308,0.0098384,0.00497091,0.0202057,0.0055112,0.0016883
0.0146241,0.010007,0.00465758,0.0135538,0.00501506,0.00510594
0.0200638,0.01342,0.00714501,0.0305854,0.00813165,0.010646
0.0177126,0.0117024,0.00639158,0.0266296,0.00682806,0.00784205
0.0291235,0.0120377,0.0122946,0.0613629,0.016802,0.0147178
0.0323323,0.01424,0.0151991,0.0573231,0.0140405,0.0131244
0.00674528,0.00462177,0.00161584,0.0161962,0.00324273,0.00465313
0.00843042,0.00586375,0.00358927,0.0196727,0.00525614,0.00978728
0.012057,0.00838481,0.00547098,0.0192843,0.00399228,0.011056
0.00483021,0.0033098,0.00224533,0.0113586,0.00385157,0.00266959
0.0107123,0.00695969,0.00830782,0.0499891,0.0109406,0.0163761
0.0121568,0.00859933,0.00407802,0.0153097,0.0039444,0.00234485
0.0188232,0.0103171,0.00920954,0.0352259,0.0104851,0.00984316
0.0133614,0.00941445,0.00368099,0.0328609,0.00760174,0.0082652
0.0259403,0.0170994,0.00848307,0.037315,0.00894909,0.0104566
0.012163,0.00815756,0.00411693,0.0295631,0.00901905,0.00864198
0.0216935,0.0136549,0.00754217,0.0327223,0.00700366,0.0100859
0.0225514,0.0153425,0.00836755,0.0403704,0.0111804,0.0114363
0.006268,0.00443075,0.00258258,0.0138525,0.00383591,0.00136513
0.015043,0.0102839,0.0113036,0.0491608,0.0133437,0.0265268
0.0101282,0.006737,0.00339661,0.0184376,0.00650275,0.00539665
0.0441695,0.024459,0.0472513,0.163157,0.0437227,0.0676774
0.0147825,0.00994266,0.00433127,0.0203945,0.00624264,0.0188642
0.0180334,0.0119351,0.00590564,0.0262694,0.00701966,0.00771934
0.0305293,0.0204752,0.00748572,0.0429712,0.0121194,0.00727617
0.00553045,0.00384154,0.0122157,0.0129785,0.00293095,0.0161674
0.0078276,0.00523844,0.00293822,0.0195417,0.00436198,0.00340191
0.0769419,0.0461332,0.036889,0.174504,0.0466522,0.0629178
0.0116334,0.00809759,0.00626626,0.0158333,0.00371467,0.0127936
0.0254789,0.0171862,0.0106223,0.0569679,0.0157078,0.0320852
0.00948027,0.00653364,0.00349619,0.0151582,0.00286597,0.00484494
0.0203111,0.00987303,0.0176704,0.096226,0.0240132,0.0330906
0.0207533,0.00904948,0.0200878,0.109856,0.0239685,0.0423324
0.00923952,0.00616484,0.0021144,0.014773,0.00381425,0.0053387
0.0480368,0.0298444,0.0449397,0.194446,0.0525047,0.0610322
0.0124187,0.00847989,0.00463109,0.0217306,0.00556936,0.0026908
0.0097926,0.00686093,0.00692292,0.0177859,0.00480126,0.0108535
0.0274731,0.0177704,0.0100745,0.0226214,0.00953993,0.0431964
0.0328075,0.0211655,0.020992,0.076871,0.0178206,0.0210923
0.019888,0.0138308,0.00657274,0.0375948,0.00993946,0.00434463
0.00407826,0.00291849,0.00158526,0.0108841,0.00233283,0.00515708
0.0119289,0.00836887,0.00439472,0.0184084,0.00518861,0.0111274
0.016192,0.0104814,0.00733761,0.0365562,0.00958087,0.0130062
0.0205692,0.01435,0.00801614,0.0324375,0.00806043,0.00658744
0.00644034,0.0043172,0.00401987,0.019706,0.0039673,0.00678034
0.0103376,0.0069979,0.00302962,0.0216204,0.00421649,0.0108524
0.00653394,0.00477524,0.00588205,0.0356695,0.00851797,0.0108188
0.0314061,0.0134012,0.00894019,0.0689141,0.0186094,0.00649231
0.0331176,0.0127861,0.00962062,0.0607577,0.013754,0.00529388
0.0152497,0.0102774,0.00520504,0.0299029,0.0076845,0.00599806
0.00550372,0.00383846,0.00231435,0.0297866,0.00854189,0.00698547
0.0474617,0.0296156,0.0476073,0.204844,0.054582,0.0808342
0.0181114,0.0128999,0.00510571,0.0172476,0.0052431,0.00935078
0.0661521,0.0404731,0.0437573,0.135515,0.0366633,0.0586165
0.00585681,0.00413066,0.00258896,0.022008,0.00634063,0.0108212
0.0460865,0.0292458,0.0182754,0.0276477,0.00739305,0.0175293
0.00584078,0.00393413,0.00284042,0.0171549,0.00429153,0.00210894
0.00520931,0.00415327,0.00289175,0.0153802,0.00427884,0.00122365
0.0250565,0.0120593,0.00899521,0.0395941,0.0105904,0.0120187
0.0178683,0.0115077,0.0107062,0.0617012,0.0164794,0.017674
0.0231595,0.0156267,0.0146298,0.0728201,0.0189316,0.0132066
0.0370836,0.0242261,0.0190303,0.0660719,0.0176354,0.0293954
0.00482599,0.00329038,0.00311132,0.0168827,0.00501722,0.0062243
0.0115285,0.00765292,0.00282453,0.0191953,0.00510693,0.0106235
0.051119,0.0288556,0.0285034,0.121926,0.0323145,0.0438741
0.0180334,0.0118915,0.00627202,0.0287494,0.00858101,0.0139825
0.0249422,0.0131168,0.0111907,0.0460343,0.0131387,0.00946547
0.0271926,0.013247,0.0111083,0.0434645,0.0106357,0.00794271
0.0091657,0.00604037,0.00368592,0.021116,0.00630132,0.00675823
0.013953,0.00928256,0.00442274,0.0144588,0.00314265,0.00314603
0.0532636,0.0266094,0.0427985,0.162096,0.0450162,0.0834905
0.0253081,0.0167629,0.0210992,0.0705859,0.0185736,0.019318
0.0240165,0.0158924,0.00608201,0.032786,0.00739819,0.0113504
0.0129933,0.00854801,0.00481485,0.0278639,0.00678607,0.00445524
0.0122907,0.00865802,0.00830132,0.0355163,0.00833862,0.00842784
0.0218936,0.0144101,0.00758257,0.0535314,0.0139136,0.026903
0.008247,0.00539477,0.00443061,0.0174053,0.00490374,0.00472509
0.0163414,0.0112586,0.00489338,0.0212674,0.00509138,0.00431446
0.0054342,0.00374406,0.00313241,0.00505419,0.00163875,0.00397202
0.0123701,0.00891781,0.00922063,0.0332908,0.00871914,0.013749
0.024228,0.0159087,0.00895413,0.0297791,0.00903525,0.00916226
0.0251657,0.0166905,0.00738663,0.0313993,0.00697345,0.00525837
0.00476649,0.00322691,0.00214263,0.0143253,0.00332336,0.00354389
0.0121197,0.00788388,0.00320025,0.0245193,0.00645006,0.00351572
0.0085762,0.0061111,0.00378883,0.0177777,0.00375893,0.00457441
0.0561614,0.0318063,0.036493,0.144001,0.0386499,0.0535761
0.00965075,0.00657781,0.00339374,0.0186662,0.00583229,0.00391304
0.0152079,0.0104612,0.00490766,0.027709,0.00731557,0.00987539
0.0193848,0.0130371,0.00607528,0.0298842,0.00886096,0.0043988
0.0127433,0.00839336,0.0126348,0.0748854,0.0220345,0.0270843
0.0341079,0.0144402,0.023993,0.102083,0.0261176,0.0287982
0.0366591,0.0143278,0.0276327,0.106874,0.0263005,0.0306637
0.0111838,0.00455164,0.00966783,0.0178859,0.00265893,0.00773117
0.00781171,0.00519662,0.00375423,0.0172017,0.00509965,0.00267468
0.017233,0.0119362,0.00534155,0.0259964,0.00702532,0.00591101
0.00805468,0.0052173,0.00252667,0.0174753,0.00630293,0.00377994
0.00512708,0.0038341,0.00289312,0.0103229,0.00364398,0.00238907
0.0175006,0.0117474,0.0236413,0.0574943,0.0178518,0.0343249
0.0590131,0.0276226,0.0480241,0.193281,0.0467062,0.0940104
0.0336398,0.0205907,0.0163425,0.0829094,0.0190189,0.0238591
0.0335235,0.0116498,0.0194074,0.078488,0.019121,0.0247373
0.0420267,0.0215279,0.0446717,0.148944,0.0413951,0.0684126
0.011045,0.00751663,0.00492591,0.0190515,0.00532138,0.00399193
0.0211462,0.0147425,0.00783396,0.0306283,0.00772806,0.00675145
0.00742682,0.00503329,0.00439951,0.0156551,0.00481386,0.0047846
0.00522622,0.00366911,0.00211443,0.0144875,0.0028912,0.00497371
0.0058535,0.00420135,0.00202849,0.020989,0.00597033,0.00255699
0.021054,0.0147749,0.0106606,0.0393998,0.0104083,0.0103335
0.0397694,0.0231023,0.035937,0.142244,0.0389083,0.0386918
0.0128086,0.00859015,0.00288165,0.0248583,0.00632087,0.00723821
0.0155729,0.0106057,0.00544739,0.0266078,0.00673825,0.00522346
0.0101051,0.00492315,0.00958951,0.0311382,0.00905294,0.00442834
0.00985477,0.00381372,0.010841,0.0268922,0.00754693,0.0049493
0.0227577,0.0149896,0.0105075,0.0441238,0.0102626,0.0136301
0.0339396,0.0211171,0.0116441,0.0472688,0.0113658,0.0138253
0.0131821,0.00931017,0.00640085,0.0245118,0.00570983,0.00452655
0.00575712,0.00396043,0.00311314,0.00931283,0.00344187,0.00577096
0.0104592,0.00743149,0.00719986,0.0481431,0.0119821,0.0383045
0.0175164,0.0124692,0.00391782,0.0328208,0.00775906,0.00561291
0.0234334,0.0153945,0.00862437,0.0332401,0.00825494,0.012891
0.00540789,0.00371328,0.00204068,0.0144148,0.00320663,0.00382416
0.032876,0.0202258,0.0156251,0.0774559,0.0192293,0.0187542
0.027657,0.0185569,0.00954054,0.0369322,0.00975788,0.00821953
0.0222782,0.0152785,0.0122827,0.0376008,0.00915541,0.0203844
0.00642212,0.00443233,0.00290012,0.0159476,0.00310708,0.00131573
0.0105879,0.00771168,0.00459362,0.0281181,0.00688409,0.00407626
0.00991837,0.00672772,0.0058125,0.0217795,0.00611683,0.00451621
0.030961,0.0209655,0.0235916,0.0913112,0.0271229,0.01971
0.0278504,0.0186771,0.0126941,0.0521001,0.0126111,0.0204209
0.00754733,0.00502636,0.00144539,0.0146189,0.00519463,0.00834824
0.00573591,0.00410267,0.00288197,0.0179134,0.00519453,0.0042839
0.00652149,0.00480776,0.00324085,0.0120973,0.00336653,0.0044241
0.0324973,0.0205057,0.020196,0.0895924,0.0236797,0.0159009
0.022981,0.0154663,0.0105033,0.0451509,0.0112382,0.00818807
0.0399511,0.0254786,0.0218915,0.0560911,0.0147803,0.0345323
0.0119076,0.00834155,0.0146654,0.0413729,0.0109152,0.0137478
0.010796,0.00699396,0.00480773,0.0257183,0.00676351,0.00984417
0.0278661,0.0170239,0.0220686,0.112733,0.0287534,0.0727461
0.00832085,0.00561811,0.00246828,0.0105039,0.00281543,0.00847571
0.0198017,0.0130594,0.00637036,0.0409719,0.00980255,0.0181163
0.0428211,0.0267313,0.0175782,0.0437674,0.0109724,0.0329196
0.01472,0.0100374,0.0058773,0.0260822,0.00769006,0.00968931
0.0107306,0.00720646,0.00395898,0.0106638,0.00329664,0.00506416
0.0082857,0.00615993,0.00249309,0.0206232,0.00600309,0.0060397
0.0156991,0.0107342,0.00515014,0.0201966,0.00566639,0.00300475
0.0130945,0.00907234,0.0053652,0.0225906,0.00651224,0.00123608
0.0262954,0.0162033,0.0199223,0.116777,0.0289619,0.0145364
0.00751904,0.00525235,0.00350485,0.01331,0.00493139,0.0139531
0.010888,0.00730543,0.00299628,0.0183958,0.00609442,0.00887854
0.0246992,0.0168259,0.00997611,0.0386222,0.0103272,0.00577235
0.00657158,0.00457628,0.00225636,0.00559295,0.000647617,0.00251688
0.0133888,0.00866668,0.00600048,0.0444831,0.0115106,0.0153688
0.0180076,0.011954,0.0104325,0.0585626,0.0145683,0.0375659
0.00712755,0.00504718,0.00485965,0.0175262,0.00637046,0.00190664
0.00799085,0.0054691,0.00274391,0.0152944,0.00293092,0.00501786
0.0202659,0.0140251,0.0130324,0.0379058,0.0110721,0.0143775
0.00626889,0.00425621,0.00389493,0.0194832,0.00532541,0.00207265
0.0117957,0.00820188,0.00464787,0.0299852,0.0071624,0.00663793
0.0643986,0.02788,0.0457401,0.168982,0.0422537,0.0752204
0.0300545,0.0195534,0.0103513,0.0380187,0.0108754,0.00826011
0.0181177,0.0125226,0.0271235,0.114124,0.0302439,0.0326148
0.0399425,0.0269183,0.0126037,0.104597,0.029143,0.0113507
0.0569219,0.0331473,0.0348487,0.133868,0.0345271,0.0524349
0.0444395,0.0271279,0.0144886,0.0418482,0.0117823,0.0217127
0.00430158,0.00331506,0.0022297,0.00911362,0.00208998,0.0006795
0.00961467,0.00660624,0.00351274,0.00921426,0.00406045,0.00163564
0.0182512,0.0125529,0.00710713,0.0357857,0.00826794,0.00540859
0.0318439,0.0210725,0.0184255,0.0720284,0.0171912,0.0186102
0.0157793,0.0102164,0.00585904,0.0255103,0.00626511,0.00350208
0.0309078,0.0205465,0.00862823,0.0491387,0.0143379,0.0172577
0.0214286,0.0133906,0.0525689,0.216256,0.0566626,0.0959533
0.0649854,0.0345257,0.0334144,0.148241,0.0363847,0.085579
0.0125707,0.00422867,0.0074351,0.024953,0.00599452,0.010059
0.0107236,0.00721773,0.00313587,0.0253079,0.00379929,0.0041892
0.0115657,0.00812385,0.00441212,0.0225986,0.00702291,0.0133533
0.0188134,0.0126324,0.00621595,0.0419962,0.0104059,0.0162466
0.0132705,0.00886719,0.00452773,0.0270974,0.00528724,0.0124179
0.00995933,0.00644407,0.00386181,0.0180734,0.0056986,0.00228787
0.0489528,0.0315534,0.0171238,0.0540999,0.0144326,0.0066235
0.0877553,0.0517229,0.0506856,0.218239,0.0561664,0.0487673
0.014995,0.0102795,0.0215181,0.049858,0.0109555,0.0118605
0.029497,0.0189995,0.0188317,0.046357,0.0106089,0.0166984
0.0539822,0.0314491,0.0250662,0.114299,0.0316793,0.0632954
0.0150242,0.0103645,0.00620844,0.0243464,0.00594664,0.00231534
0.0217126,0.0143701,0.00830712,0.0306343,0.00826514,0.0145482
0.0234628,0.0158495,0.0127683,0.0540428,0.0115299,0.019187
0.0145997,0.0102349,0.00920316,0.0330848,0.00806524,0.00442552
0.0358572,0.0247597,0.0129848,0.0818365,0.0225151,0.0128072
0.0512005,0.0308,0.021219,0.103535,0.0244268,0.0102374
0.0389327,0.0226046,0.0320667,0.151853,0.037058,0.0405252
0.0478395,0.0245167,0.016608,0.0661677,0.018326,0.0239254
0.0188698,0.0132967,0.00944871,0.039483,0.0120886,0.0132012
0.00933882,0.00650368,0.006108,0.0278451,0.00800309,0.00363772
0.0351702,0.0223125,0.0227618,0.067635,0.0168324,0.0077053
0.0141543,0.00974775,0.00427842,0.0157625,0.00314704,0.00185044
0.0103129,0.00691525,0.00347767,0.0229736,0.00552032,0.0105338
0.0155132,0.0110542,0.00838843,0.0286438,0.00757766,0.00460179
0.0160311,0.0112097,0.00559311,0.0252265,0.00608833,0.0287161
0.015192,0.01038,0.00486332,0.0368347,0.0104232,0.00626265
0.015093,0.00976819,0.00575686,0.0203628,0.00550093,0.0116148
0.0341483,0.0228576,0.0128359,0.0398163,0.00998137,0.014263
0.0326912,0.0184731,0.0203161,0.0787866,0.0221875,0.0268178
0.00993988,0.00687256,0.00324708,0.017616,0.00529952,0.00764909
0.0131512,0.00913712,0.00458262,0.0240527,0.00635359,0.00211446
0.00565628,0.00386453,0.00266005,0.0139905,0.00281936,0.00160852
0.0107433,0.0073183,0.00411172,0.0152053,0.00236954,0.00871376
0.0126523,0.00881648,0.00753608,0.0260915,0.0055942,0.00268762
0.0112751,0.00770039,0.00675237,0.0393075,0.0105998,0.0279102
0.0157291,0.0108116,0.00514608,0.0182331,0.00471855,0.00266917
0.0211376,0.0139941,0.00698,0.0266083,0.0052717,0.0104823
0.0270434,0.0184363,0.0133956,0.0624516,0.0154185,0.0154363
0.0273816,0.0179272,0.00857008,0.0453147,0.0108159,0.0207775
0.0170967,0.0111502,0.013353,0.0553469,0.0137937,0.0178908
0.0115099,0.00819018,0.00521511,0.0151502,0.00474682,0.0104774
0.0140251,0.00961629,0.00657554,0.0316236,0.00938801,0.00703907
0.0138541,0.00938861,0.00469127,0.0158891,0.00354936,0.00155084
0.0125004,0.0082107,0.00451365,0.0229821,0.00575733,0.00505248
0.0237105,0.0160972,0.00874072,0.0277658,0.00787477,0.0086283
0.0436636,0.0271124,0.0152048,0.0615679,0.0175316,0.0317126
0.00403648,0.00309944,0.00205669,0.0129564,0.00186573,0.00144827
0.00595804,0.00432808,0.00740229,0.0324507,0.00872352,0.0171021
0.00566255,0.00414702,0.00154076,0.0168349,0.0029367,0.00530365
0.0110829,0.00732168,0.00372342,0.0194102,0.00423867,0.00676846
0.00928253,0.006516,0.00268707,0.022438,0.00592686,0.00572407
0.0168073,0.0111687,0.0132187,0.0651674,0.0159868,0.0202376
0.0310474,0.0203825,0.0137408,0.0322745,0.00863361,0.0120048
0.0173718,0.0115701,0.00935624,0.052256,0.0149367,0.00560152
0.0471621,0.0281731,0.0267873,0.0911057,0.0240471,0.0330513
0.0266584,0.0173682,0.00930088,0.0461865,0.0107901,0.0157072
0.0121018,0.00817871,0.0043532,0.0236002,0.00564874,0.00614459
0.0160184,0.0110366,0.00592525,0.0156011,0.00495394,0.00707576
0.00844901,0.00543837,0.002051,0.0103437,0.00343408,0.00336214
0.00488354,0.00382823,0.00320986,0.0150905,0.00315293,0.00332746
0.0283659,0.0184709,0.0147502,0.0870594,0.0230397,0.0454846
0.0228592,0.0148836,0.0134561,0.075893,0.0180146,0.0247482
0.0115078,0.00765951,0.00420599,0.0126078,0.00361513,0.0101891
0.0312134,0.0200974,0.0219489,0.0842931,0.0221252,0.0390042
0.00467355,0.00328086,0.00209313,0.0215994,0.00693893,0.00515729
0.0432398,0.0243718,0.0128651,0.0689877,0.0202665,0.0146093
0.0225604,0.0150335,0.00724359,0.0330613,0.0101354,0.0149883
0.0277388,0.0171232,0.0124017,0.0538742,0.0136903,0.00663198
0.0110003,0.00660831,0.014156,0.0344377,0.00908254,0.00587006
0.0285394,0.0186969,0.0121763,0.0562781,0.0152496,0.00789092
0.0220095,0.0141273,0.00647755,0.0268154,0.00655286,0.0165177
0.0148239,0.0102994,0.00576599,0.0218398,0.00550521,0.0145557
0.0137801,0.00835692,0.00553278,0.0300302,0.00949243,0.00220498
0.0212542,0.0120045,0.00738548,0.0395276,0.0100002,0.00272911
0.00748049,0.00498741,0.0036176,0.0116109,0.00309843,0.0113669
0.00730007,0.00564161,0.00598138,0.0255953,0.00582935,0.00748857
0.00522573,0.00335247,0.00310776,0.0148,0.00379868,0.00740677
0.00529595,0.0039834,0.00319576,0.00146027,0.000310575,0.00133367
0.0167413,0.0116938,0.00543594,0.0222485,0.00505636,0.00481185
0.017079,0.0115795,0.00557009,0.0249525,0.00763065,0.0119688
0.0162269,0.0111955,0.00528053,0.0165269,0.00630054,0.0129182
0.00972584,0.00675939,0.00399671,0.0225627,0.00491647,0.00425174
0.0105947,0.00707949,0.00326157,0.0201489,0.00500187,0.00529162
0.00610159,0.00424414,0.00154452,0.00517628,0.000954213,0.00341712
0.0327304,0.0219037,0.0113356,0.0454108,0.0107539,0.029157
0.0418607,0.0263936,0.0171703,0.0868766,0.0219723,0.0340672
0.0122207,0.00842683,0.00526321,0.0286921,0.00753398,0.00829161
0.0200843,0.0132012,0.00672903,0.025258,0.00648426,0.00605948
0.0118066,0.00816851,0.00405599,0.0241514,0.00636785,0.0124107
0.0142899,0.00903786,0.00426768,0.0285313,0.00932429,0.00764929
0.0236441,0.0143819,0.0114217,0.0556062,0.0165476,0.00809947
0.0171218,0.0113924,0.00573491,0.0444685,0.0111633,0.0138796
0.0177902,0.0123432,0.00504634,0.0343307,0.00849588,0.0152594
0.0106061,0.00724271,0.00403496,0.0258018,0.0054831,0.00207607
0.00824467,0.00593162,0.00804128,0.0503619,0.0133885,0.00904386
0.0248533,0.0164496,0.022257,0.0727845,0.0210182,0.0384305
0.0326379,0.020137,0.0388686,0.136812,0.0342817,0.0647367
0.0319858,0.0195126,0.0330007,0.151038,0.0385298,0.0398661
0.0161702,0.00982151,0.012481,0.0380009,0.00968983,0.00934088
0.0180881,0.00995699,0.0139019,0.0394666,0.00989879,0.0107471
0.00542849,0.00384607,0.00341872,0.00713025,0.000596182,0.00558284
0.00515276,0.00382711,0.00252488,0.014613,0.00407099,0.00215973
0.00660056,0.00458038,0.00279725,0.0128215,0.00454583,0.000520329
0.0176638,0.0116801,0.00561171,0.0391095,0.0108994,0.015242
0.0327492,0.0213412,0.015191,0.0648864,0.0155957,0.0271257
0.0124379,0.00831867,0.00512037,0.0222686,0.00492006,0.00507949
0.00507302,0.00333204,0.00222904,0.0132836,0.00314349,0.00413263
0.00580423,0.00405536,0.00234805,0.010469,0.00301892,0.00378204
0.0166371,0.00951294,0.0066441,0.0365595,0.0104183,0.0268998
0.0129206,0.0054341,0.00622963,0.0138816,0.00392033,0.0120554
0.0122962,0.00820267,0.00968502,0.0494882,0.0116946,0.0114826
0.0162727,0.0110759,0.00412925,0.0252539,0.00529591,0.00289791
0.0374341,0.024409,0.00836451,0.0680114,0.0155898,0.0221455
0.00762192,0.0051745,0.00210992,0.0184348,0.00479993,0.00623352
0.0130658,0.00876038,0.00517093,0.0211053,0.00402922,0.00490639
0.015826,0.0106137,0.0150863,0.0548912,0.015213,0.0131206
0.00974507,0.00659141,0.00195834,0.0162126,0.00444884,0.00497903
0.0141376,0.00966965,0.0052774,0.0220641,0.00699205,0.0048024
0.0150003,0.0102189,0.00326649,0.0391299,0.0108826,0.00445022
0.0123532,0.00852941,0.00419638,0.0109906,0.00276677,0.0127289
0.00998477,0.0067954,0.00347888,0.0206334,0.00560279,0.00415338
0.00951819,0.00670162,0.00397738,0.0132124,0.00274542,0.00201287
0.00677688,0.00476498,0.00187158,0.0162464,0.00395997,0.00148606
0.0195044,0.0135867,0.00961654,0.0545834,0.0160349,0.0188071
0.0442354,0.0271788,0.0184612,0.0987255,0.0258195,0.0153129
0.0164536,0.0113954,0.00548049,0.0390063,0.0125429,0.00754454
0.0120678,0.00843178,0.00283873,0.0222605,0.00612297,0.0135658
0.00898711,0.00620983,0.00555924,0.019947,0.00630507,0.00394551
0.00627261,0.00475581,0.00773116,0.0257536,0.00620022,0.00298136
0.00438906,0.00326064,0.00249887,0.0214309,0.00441026,0.00303664
0.00994036,0.00680608,0.0196702,0.024787,0.00813449,0.0148822
0.00931375,0.006377,0.00584004,0.0132216,0.00406869,0.010541
0.00780042,0.00553901,0.00241214,0.0132839,0.00260889,0.0030232
0.0213476,0.0147936,0.00713793,0.0293792,0.00740074,0.00465913
0.00464278,0.0033495,0.00243367,0.0154268,0.00407526,0.00587693
0.00379837,0.0032015,0.00165664,0.0156082,0.00351673,0.00333747
0.0067665,0.00464692,0.00264293,0.0196325,0.00550214,0.00415148
0.00462984,0.00322253,0.00181115,0.00829362,0.00180832,0.00309083
0.00936629,0.00656814,0.00252543,0.0237656,0.00633952,0.0066734
0.0422834,0.0271357,0.018154,0.0587655,0.0164817,0.0330388
0.00652219,0.00474361,0.00322369,0.0216579,0.00424308,0.00160732
0.0166388,0.011443,0.00830405,0.0314629,0.0077109,0.00718547
0.0194299,0.0130121,0.00687998,0.0288824,0.00553963,0.0112765
0.0258321,0.0167481,0.00778545,0.0332627,0.00951375,0.00466127
0.0113023,0.00732426,0.00614639,0.0285416,0.00688678,0.0091891
0.00490604,0.00336777,0.00333539,0.0214015,0.00499593,0.00575714
0.0212502,0.0142713,0.00910006,0.0385736,0.00990137,0.011778
0.0317941,0.0209157,0.0140808,0.0616681,0.014675,0.0159169
0.0209144,0.0140453,0.00517679,0.034297,0.00709982,0.00490026
0.0321713,0.0206339,0.0201293,0.0859989,0.0229163,0.0415252
0.0297614,0.0181579,0.0120249,0.0700413,0.0176577,0.0100421
0.019175,0.0125586,0.0115454,0.0758172,0.0207663,0.0378011
0.0361034,0.0232772,0.01118,0.0523866,0.0134826,0.00909228
0.0208777,0.0139634,0.024352,0.0731015,0.0180763,0.0367751
0.024255,0.0165416,0.00926916,0.0473293,0.012637,0.0292579
0.0183589,0.0127583,0.00954197,0.0219298,0.00378056,0.00342877
0.0412619,0.0270198,0.0128795,0.0606257,0.0151085,0.0113658
0.00779981,0.00551153,0.00892659,0.0259616,0.00724751,0.00233283
0.015722,0.0104243,0.0275314,0.0709208,0.0196206,0.0231651
0.0076541,0.00504277,0.00198228,0.0253528,0.00522927,0.005201
0.0144396,0.00963904,0.00607059,0.0326253,0.00817699,0.00594987
0.00887944,0.00600239,0.00336024,0.022794,0.0054579,0.00720405
0.00575494,0.00415389,0.00306791,0.0140938,0.00292606,0.00840919
0.0117442,0.00662631,0.00454793,0.0352801,0.0103076,0.0119256
0.0264652,0.0175092,0.0112717,0.0445856,0.0119255,0.0114969
0.0178879,0.0118179,0.0114869,0.0772557,0.0213342,0.0515097
0.00857763,0.005792,0.00587122,0.0451433,0.0120739,0.0223877
0.0328249,0.0198591,0.0294934,0.119051,0.0330298,0.035866
0.0137426,0.00929931,0.00538575,0.026274,0.00603175,0.00387175
0.0183414,0.0129881,0.00966052,0.0352401,0.0102227,0.0128106
0.0143244,0.00985941,0.00484226,0.0211995,0.00448204,0.00646857
0.0122999,0.00855504,0.00392915,0.021587,0.00515494,0.00353161
0.0264373,0.0180463,0.0182028,0.0505057,0.013035,0.0188201
0.0268931,0.0178488,0.0103438,0.0472339,0.0133179,0.0103539
0.00445382,0.00345622,0.00241441,0.012608,0.00298485,0.00611713
0.0111132,0.00737945,0.00475435,0.0193087,0.0057761,0.00894621
0.0341431,0.0230454,0.0195209,0.0729989,0.0195761,0.0110303
0.0213496,0.0126502,0.00624026,0.0439431,0.0102433,0.0136466
0.0179982,0.0127452,0.00717174,0.0170427,0.00552562,0.0024113
0.0272923,0.0165854,0.00967343,0.0505033,0.0123143,0.0233033
0.0214807,0.0159566,0.00851127,0.0333979,0.00634201,0.0170352
0.00688366,0.00514458,0.00319521,0.01758,0.00361594,0.0034809
0.0142282,0.00979944,0.00874812,0.0449285,0.0118368,0.013685
0.0116953,0.00775683,0.00607511,0.0223664,0.00536314,0.00589276
0.0176175,0.0118454,0.00492469,0.0204868,0.00476088,0.014305
0.0228478,0.0148883,0.00598716,0.0361337,0.00934617,0.00498918
0.0308172,0.019995,0.00724228,0.0389963,0.0107778,0.0174917
0.014456,0.0100135,0.00483668,0.0204871,0.00618204,0.000785032
0.00775956,0.00559924,0.00302906,0.020205,0.00400397,0.00405666
0.0159489,0.0107321,0.0113557,0.0776617,0.0181547,0.0216953
0.00634892,0.0046892,0.00226248,0.0137375,0.00399572,0.00646198
0.030493,0.0198682,0.0113283,0.0384749,0.0102513,0.0076463
0.02004,0.013183,0.0075028,0.0332966,0.0068474,0.0159136
0.0197332,0.0108924,0.0105163,0.0207441,0.00880411,0.00581616
0.0165863,0.00866442,0.00838452,0.0180719,0.00470412,0.00707036
0.0181868,0.0113029,0.00784028,0.0313434,0.00935725,0.0154654
0.0196424,0.0131749,0.0127959,0.0775174,0.021074,0.0196208
0.0124062,0.00853994,0.00429232,0.0157259,0.00407165,0.00163284
0.0364356,0.0189723,0.0109572,0.0535032,0.0123013,0.0162723
0.0426123,0.0180755,0.0238252,0.127372,0.0359616,0.0447605
0.0575649,0.0282332,0.0476991,0.133236,0.0348314,0.0859331
0.025319,0.0167566,0.0109168,0.0390262,0.0101701,0.0205952
0.0181792,0.011754,0.0112187,0.0572467,0.014206,0.0113175
0.0157694,0.0105579,0.00569849,0.0234059,0.00715326,0.00764797
0.00836801,0.00586908,0.00183686,0.0206826,0.00484394,0.00509225
0.0261179,0.0180054,0.0137892,0.0657005,0.0189308,0.0455866
0.00962402,0.00669091,0.00678679,0.0137165,0.00390059,0.0032355
0.028989,0.0199918,0.0195912,0.0721763,0.0208286,0.0364236
0.0141417,0.00956936,0.0152899,0.0464481,0.0126641,0.011342
0.0243129,0.015619,0.00968607,0.052295,0.0148126,0.0101571
0.0200754,0.0131992,0.0135622,0.0786151,0.0199598,0.00992451
0.0233834,0.0159728,0.00926673,0.0531792,0.0155366,0.0161838
0.0568338,0.0353849,0.0241144,0.0472712,0.013707,0.0380213
0.0283775,0.0185761,0.0101907,0.0593474,0.0148313,0.0159021
0.0153056,0.0102494,0.0117936,0.0428146,0.0116082,0.017662
0.00842324,0.00580389,0.00410481,0.0224368,0.00553391,0.00734466
0.00870919,0.00613502,0.00364074,0.0167955,0.00444373,0.00566211
0.00633424,0.0046952,0.00292822,0.0191302,0.00402962,0.00338815
0.00517605,0.00367648,0.00203019,0.0123041,0.00332072,0.00525162
0.00937034,0.00660462,0.00419249,0.0145335,0.00442761,0.0104194
0.0117547,0.00707237,0.00318892,0.0265584,0.00557844,0.00501811
0.00803725,0.00496204,0.00263671,0.0138781,0.00284375,0.00166621
0.0115307,0.00788905,0.00335243,0.0280676,0.00779283,0.0102237
0.0796382,0.052166,0.0369063,0.172182,0.0450595,0.0651954
0.00526464,0.00343198,0.00179521,0.0122927,0.00357391,0.00352174
0.0068117,0.0051363,0.00296704,0.0178962,0.003062,0.00669672
0.0134676,0.00812246,0.0067332,0.0298785,0.0108377,0.0153202
0.0356842,0.0226144,0.0227383,0.0873764,0.0219813,0.0255906
0.00716835,0.00526746,0.00299036,0.013425,0.00372164,0.00123629
0.0130127,0.00838677,0.00654904,0.0265678,0.00652629,0.00744588
0.0238652,0.0125094,0.00828927,0.0449559,0.01179,0.0178192
0.0209594,0.00821888,0.00972174,0.0360559,0.00768358,0.0217224
0.0468401,0.0259837,0.0315814,0.147949,0.0393491,0.064201
0.0208312,0.0125331,0.0086133,0.0347098,0.0109619,0.0188678
0.00916294,0.00610363,0.0037522,0.0219878,0.00446028,0.00538852
0.0186826,0.0127335,0.00989013,0.0345375,0.00739197,0.00663041
0.0410605,0.0182535,0.0183889,0.0869404,0.0225873,0.0338864
0.0408367,0.0183,0.0182678,0.0870255,0.0211408,0.0316826
0.0173498,0.0124489,0.00579466,0.0302093,0.00750964,0.0113395
0.0150838,0.0100729,0.00517414,0.0179878,0.00454295,0.00413335
0.0581636,0.0310471,0.0412941,0.141328,0.0363671,0.0356038
0.0192174,0.0131099,0.00676305,0.0206281,0.00735933,0.0228911
0.0176317,0.0121921,0.00706456,0.0324479,0.00658705,0.00282293
0.0259258,0.0172393,0.00972589,0.0423081,0.0111548,0.0128987
0.0139554,0.0100897,0.00580168,0.0216059,0.00637875,0.00479739
0.016561,0.0109113,0.0053825,0.0422035,0.0105165,0.0142927
0.02744,0.0180336,0.0161638,0.0740186,0.0184102,0.0181505
0.0407629,0.0246716,0.0278904,0.136476,0.0378301,0.0731033
0.0051591,0.00366288,0.00230999,0.0076731,0.00373746,0.00225532
0.0130412,0.00934473,0.00493436,0.0275804,0.00847808,0.00261281
0.0163713,0.010772,0.00481654,0.0413421,0.0107905,0.00688126
0.00814527,0.00563466,0.00200881,0.00740534,0.00166865,0.00314254
0.00992785,0.00701974,0.012649,0.0551665,0.0148625,0.0118799
0.0235235,0.0159603,0.0165306,0.0449427,0.0122401,0.0175398
0.0359892,0.0256629,0.0130587,0.057117,0.0176099,0.0187409
0.046652,0.0272789,0.0153081,0.0580675,0.0165717,0.0210011
0.0428174,0.026596,0.0204347,0.0831005,0.0215058,0.0367253
0.0476173,0.0306118,0.0204767,0.0846192,0.0206959,0.0191602
0.00767027,0.00546729,0.00222478,0.00874007,0.00328861,0.00287303
0.0158952,0.0107462,0.00704317,0.0326217,0.008392,0.00638014
0.0174158,0.0114829,0.00547433,0.0329694,0.00786358,0.00351559
0.0107237,0.0070142,0.00716346,0.024114,0.00700348,0.00507358
0.00825242,0.00583491,0.00347986,0.0200544,0.00319357,0.00903642
0.0120577,0.00850973,0.0100392,0.0296101,0.00931411,0.00433112
0.0246241,0.016149,0.0115695,0.0539407,0.0124702,0.0204049
0.02385,0.016013,0.00821509,0.00301472,0.00111179,0.00886636
0.0104401,0.00757258,0.00744189,0.00744542,0.00172198,0.0123398
0.0050621,0.00358283,0.00237385,0.0164618,0.00404023,0.0011099
0.0121807,0.00819051,0.00609967,0.0147074,0.00356492,0.00684726
0.0177164,0.0116344,0.008601,0.0359988,0.00859104,0.00706125
0.0215744,0.0126335,0.00817482,0.0456727,0.0111954,0.0156757
0.0153205,0.00619314,0.00534283,0.0241848,0.00611357,0.00538482
0.00570181,0.00413467,0.00508366,0.0199227,0.00542285,0.00725585
0.0248471,0.0166497,0.00753333,0.0402879,0.00954408,0.00726205
0.0059024,0.0037936,0.00701273,0.0373043,0.00826861,0.0122702
0.0141649,0.0095244,0.00595327,0.0213273,0.00690739,0.0059334
0.01683,0.0114116,0.00534455,0.0189202,0.00546105,0.0109891
0.0408276,0.0265351,0.013848,0.0537507,0.0129511,0.0337554
0.0163351,0.0112992,0.00551795,0.0172322,0.00547852,0.00970718
0.0328496,0.020866,0.0305073,0.132857,0.0337215,0.0617279
0.0196007,0.013262,0.0067091,0.0415717,0.00832596,0.00606901
0.00651176,0.00388537,0.00236185,0.0122978,0.00507816,0.00533884
0.0233567,0.0156155,0.010786,0.037145,0.0117281,0.0223155
0.0543244,0.03291,0.0188285,0.106148,0.024362,0.0161935
0.0561011,0.0322585,0.0319483,0.134431,0.0330156,0.0161891
0.049083,0.0298318,0.0185076,0.126443,0.0350916,0.021908
0.0410177,0.0265457,0.0173648,0.0295366,0.00612002,0.0174255
0.0191784,0.0130805,0.00542236,0.0237475,0.00667532,0.0110054
0.02399,0.0166697,0.00868315,0.0359704,0.00996485,0.0121003
0.0419434,0.0240612,0.0265271,0.113718,0.0305996,0.0477804
0.040402,0.0243224,0.0213162,0.0953092,0.0249354,0.0384387
0.0107147,0.00784378,0.00629102,0.0191069,0.00580792,0.00345623
0.00808413,0.00538116,0.00338943,0.0144847,0.00344394,0.00173567
0.00971652,0.00637393,0.00406257,0.0134747,0.00462482,0.00243236
0.0419269,0.0255983,0.039904,0.0995964,0.0256845,0.0177893
0.0307808,0.0198865,0.00920991,0.0531402,0.0135288,0.0182968
0.0221856,0.0110136,0.00893753,0.0548133,0.0112128,0.00807535
0.0237985,0.0110064,0.00925585,0.0523616,0.0112082,0.00761733
0.0145942,0.00966508,0.00467579,0.0181197,0.00474544,0.00973998
0.0241346,0.0163103,0.00838233,0.0486087,0.0122144,0.0111404
0.0127895,0.0089834,0.0108493,0.0263317,0.00747896,0.0105232
0.00885969,0.00633982,0.00334274,0.0145478,0.00316875,0.00396662
0.0108564,0.00706671,0.00426312,0.0207063,0.00563427,0.00474435
0.0220601,0.0148903,0.0125322,0.0507285,0.0129004,0.0154414
0.00770065,0.00500586,0.00313443,0.0163209,0.00504657,0.00153827
0.0118268,0.00777576,0.00938702,0.0539612,0.0155585,0.0179973
0.0225904,0.015129,0.00833408,0.0366764,0.00984927,0.00926324
0.0143879,0.00970083,0.00630947,0.0324449,0.00828721,0.0132213
0.0111137,0.00773223,0.00462564,0.0364612,0.0105264,0.014666
0.0602833,0.0342527,0.0439177,0.227121,0.056252,0.0757909
0.0351423,0.0231579,0.0088129,0.0475914,0.0128858,0.00868855
0.00542927,0.0029833,0.002372,0.0159476,0.0040798,0.00514878
0.0222508,0.014892,0.00694271,0.00468773,0.00111116,0.0100898
0.0217305,0.0139187,0.020353,0.100279,0.0269179,0.0294251
0.00894358,0.00634558,0.00212309,0.0147686,0.00479148,0.00283578
0.011632,0.0084403,0.00433346,0.0218743,0.00528262,0.00744826
0.0274733,0.0175958,0.0084619,0.0311074,0.00752822,0.0146139
0.0161575,0.0107528,0.00540116,0.0334542,0.00759698,0.0116187
0.0186979,0.010256,0.013612,0.0963552,0.0252074,0.0140805
0.0199306,0.0104204,0.01391,0.0912631,0.0229295,0.0130556
0.0124574,0.00841305,0.00685765,0.0154579,0.00429973,0.00567114
0.0224707,0.0148359,0.00721849,0.0282012,0.00749114,0.00665709
0.00634776,0.00430914,0.00368544,0.0172513,0.00383567,0.00973517
0.0203108,0.0135899,0.0072426,0.0304733,0.00865114,0.0161713
0.00698117,0.0050259,0.00256349,0.01365,0.00447663,0.000921799
0.0085393,0.00577585,0.00811999,0.0237668,0.00725952,0.00570046
0.00528161,0.00361035,0.00204529,0.00731494,0.00361309,0.0010272
0.0205019,0.0138388,0.00772881,0.0358971,0.0101958,0.00593676
0.00743469,0.00561244,0.00629931,0.025153,0.00573513,0.00285108
0.0137506,0.0095805,0.0054956,0.00626888,0.000888693,0.00461277
0.0213261,0.0143531,0.00599074,0.0352067,0.00925859,0.0157525
0.00920694,0.0063857,0.00226898,0.0149815,0.00389161,0.00226332
0.0113758,0.00738129,0.003976,0.0198411,0.00485894,0.000887456
0.00909116,0.00613397,0.0047853,0.0331423,0.00798931,0.0045901
0.0259726,0.0172403,0.00718912,0.0295061,0.00819904,0.0137953
0.0174916,0.011818,0.0118012,0.0624738,0.0144145,0.0204749
0.0181637,0.0125221,0.00536519,0.0214889,0.00502895,0.00308037
0.0228889,0.0149605,0.00914663,0.0356439,0.00827994,0.0155587
0.00747857,0.00541034,0.00374137,0.017898,0.00427055,0.00511093
0.0132598,0.00890915,0.014516,0.0770121,0.0222199,0.0564319
0.0144249,0.0096902,0.00452798,0.0225329,0.00646416,0.00568212
0.0269323,0.0170359,0.028066,0.106093,0.0285439,0.0471695
0.0151379,0.010748,0.00528149,0.0319408,0.00940092,0.0136707
0.0128103,0.00875868,0.00551306,0.00864741,0.00035053,0.00603907
0.0166406,0.0116436,0.00594592,0.0335347,0.00864028,0.0094589
0.00507659,0.0034482,0.00246165,0.0134259,0.00319434,0.00682051
0.0245494,0.0161076,0.0129592,0.0471617,0.0141362,0.0282599
0.0247887,0.0160283,0.0197882,0.121648,0.0307421,0.0335163
0.0165519,0.00910767,0.00562774,0.0331919,0.00835628,0.00736424
0.0140163,0.00600708,0.00456214,0.024785,0.0053659,0.00540315
0.0142242,0.00964201,0.00418493,0.0321507,0.00759452,0.031037
0.010499,0.00699493,0.00358149,0.0175457,0.00351127,0.0014421
0.0214696,0.0146937,0.00729161,0.031791,0.00953986,0.00976224
0.0468144,0.0288119,0.0169092,0.0799607,0.0222423,0.0198425
0.0137129,0.00914018,0.00409082,0.0129743,0.00449312,0.0122099
0.0122998,0.00872094,0.00520913,0.0121617,0.00432066,0.00559443
0.0358581,0.0236004,0.0127743,0.0410978,0.0113251,0.010978
0.0120493,0.00498029,0.00514439,0.0299419,0.00928028,0.00517356
0.0238877,0.0148538,0.00904834,0.0372008,0.0112032,0.005363
0.00980253,0.00690578,0.00310603,0.0145752,0.00353641,0.00408198
0.0107679,0.00734676,0.00378595,0.0236993,0.00631628,0.00728638
0.0106066,0.00728537,0.0038853,0.0203055,0.00525558,0.00358351
0.00603093,0.00419228,0.0017761,0.0119152,0.00343957,0.00571583
0.0166166,0.0108613,0.00445875,0.0198494,0.00602865,0.00214374
0.0247316,0.0164985,0.00854644,0.044583,0.011997,0.0115415
0.0279549,0.0182289,0.00879245,0.0357571,0.00783842,0.00702446
0.00859966,0.00583932,0.00365614,0.0221617,0.00461648,0.00257075
0.0681104,0.0368075,0.0360731,0.147334,0.0356788,0.0531527
0.0153716,0.00682081,0.0141425,0.0527785,0.0144751,0.0131015
0.0338923,0.0209956,0.0104905,0.0414273,0.0100962,0.013616
0.0185512,0.00721987,0.00941864,0.0492053,0.0112842,0.0128999
0.0233598,0.0156579,0.0103874,0.0664727,0.0169791,0.0139963
0.0157123,0.0108696,0.00555507,0.0278943,0.00808609,0.00626919
0.0275786,0.0175474,0.0304244,0.173423,0.0456287,0.0492103
0.0120462,0.00798518,0.00819284,0.0328928,0.00874901,0.0148169
0.0180776,0.0114962,0.00669263,0.0260227,0.00797985,0.00501077
0.0235739,0.0156297,0.0093854,0.038575,0.0102944,0.00618029
0.00995931,0.00504347,0.00338571,0.0241092,0.00652789,0.00328528
0.0119464,0.00822497,0.00613313,0.0238803,0.00644761,0.00436279
0.0287143,0.0190122,0.0184854,0.0586115,0.0169999,0.0219004
0.0418589,0.0192824,0.0134598,0.0616625,0.0168663,0.0142101
0.0390057,0.0191888,0.0124305,0.051878,0.0116299,0.0111728
0.0169456,0.0113442,0.00472967,0.0221523,0.00650068,0.0092028
0.0102618,0.00710872,0.00683372,0.0186262,0.00379238,0.00813109
0.0245643,0.0162083,0.00873565,0.0404502,0.010781,0.00649547
0.00456087,0.00327511,0.00230355,0.0109443,0.00238937,0.00359745
0.0249417,0.0165792,0.0283874,0.101063,0.0290252,0.0768591
0.0147998,0.0102773,0.00494876,0.0153439,0.00464078,0.00464251
0.00624285,0.00396765,0.00291526,0.0181256,0.00339449,0.00247613
0.010663,0.00683497,0.00350987,0.0299605,0.00755572,0.00249734
0.00865242,0.00616173,0.00757947,0.0424674,0.0105441,0.0128211
0.00569693,0.0041684,0.00357804,0.0180732,0.00384725,0.00246675
0.0254349,0.0166286,0.0107521,0.0607877,0.0169299,0.0226705
0.0339291,0.021241,0.0176542,0.0631307,0.0144981,0.02335
0.0225847,0.0153658,0.00820941,0.064627,0.0172938,0.0126581
0.0327124,0.0205552,0.0145046,0.0756312,0.0195821,0.0330761
0.0145414,0.00979569,0.00420691,0.0210686,0.00756207,0.00724156
0.00975015,0.00654533,0.00298246,0.0182115,0.00489185,0.00467818
0.0258905,0.0174691,0.00943447,0.03918,0.0115682,0.0166333
0.0243018,0.0169274,0.011342,0.0268223,0.00750759,0.0201309
0.0689759,0.0357162,0.0231282,0.091721,0.0237258,0.0162235
0.0567731,0.0334326,0.0249891,0.102075,0.0292933,0.0318892
0.0232273,0.0159082,0.0184826,0.0506883,0.0147113,0.0137761
0.00740833,0.00522656,0.0032993,0.0219798,0.00772129,0.0122767
0.0267131,0.0155336,0.0141468,0.0846507,0.0245857,0.0493987
0.0546099,0.0303646,0.0231732,0.112646,0.0296972,0.0375663
0.0264688,0.0172791,0.00960778,0.0535375,0.0126651,0.0125162
0.0124967,0.00825084,0.0196702,0.0566688,0.01743,0.0439285
0.0297668,0.0197519,0.0168228,0.0732867,0.0194424,0.0260524
0.0160701,0.0104761,0.00721114,0.0286629,0.00616293,0.00468667
0.00814873,0.0054543,0.0028375,0.0185679,0.00430107,0.00609909
0.0105334,0.00717811,0.00697977,0.0532788,0.0143902,0.0260697
0.00994205,0.00670895,0.00510802,0.0269179,0.00693971,0.00428597
0.00486186,0.00315721,0.00272739,0.0114933,0.00146956,0.00250628
0.0150279,0.0100318,0.00483681,0.025476,0.00531592,0.00289371
0.0236921,0.0158568,0.00798438,0.0178381,0.00533985,0.0115828
0.0228144,0.0158763,0.00778767,0.0352382,0.00849901,0.0103755
0.0257801,0.0162945,0.0203767,0.0826478,0.0254888,0.0344616
0.0373673,0.0239639,0.0290361,0.0878516,0.0220894,0.0399992
0.0402788,0.0247363,0.0136767,0.0563804,0.0136673,0.0176022
0.0189559,0.0133951,0.00622249,0.0270928,0.00673976,0.0205145
0.0404106,0.0266472,0.0344677,0.100922,0.0278097,0.0521135
0.0110216,0.00741738,0.00381774,0.0212775,0.00546355,0.0160924
0.0141206,0.00928959,0.0123781,0.05595,0.0158564,0.00941612
0.0289175,0.0196351,0.0151221,0.0758171,0.0171471,0.0437808
0.00706604,0.00494534,0.00361444,0.0114961,0.0031961,0.00274646
0.028272,0.0162568,0.0133561,0.0748286,0.0175823,0.0163862
0.0252983,0.0161548,0.0123494,0.0641379,0.014461,0.0142731
0.0174793,0.0118334,0.00602726,0.0295145,0.00674925,0.00607606
0.015756,0.0107206,0.0171111,0.101673,0.029907,0.00934253
0.0258019,0.0174736,0.0088887,0.0462766,0.0118345,0.00927352
0.0203411,0.0139508,0.0154293,0.0749862,0.0209311,0.0351545
0.00786155,0.00533373,0.00407808,0.0152683,0.0056684,0.0014156
0.0344858,0.0204343,0.0205524,0.105475,0.0275858,0.0558754
0.0503764,0.0317619,0.0199416,0.0669289,0.0162163,0.0152951
0.0545645,0.0280523,0.0171457,0.0730266,0.0186012,0.0263646
0.0326705,0.0201192,0.028471,0.104989,0.0267637,0.026135
0.0125284,0.00869472,0.00638065,0.0243873,0.00710273,0.00758463
0.00887704,0.00648764,0.00276218,0.0174748,0.00443633,0.00707765
0.00479803,0.00336615,0.00141452,0.0145936,0.00413765,0.00345672
0.0071506,0.00526385,0.00323161,0.0141944,0.00396068,0.00132417
0.0234941,0.0153699,0.00640776,0.0278611,0.00701735,0.011497
0.021884,0.0106085,0.00956244,0.0527418,0.0136986,0.0168421
0.0233583,0.0162246,0.00828022,0.0259906,0.00835241,0.00509103
0.00706898,0.00484728,0.00342003,0.0144094,0.00307183,0.00450154
0.0144357,0.00989815,0.00453815,0.0226437,0.00751381,0.00738606
0.013999,0.0094561,0.00608835,0.0278572,0.00635288,0.00864788
0.0258539,0.0169243,0.0145064,0.114478,0.0334923,0.055921
0.0100765,0.00712131,0.00192429,0.0122937,0.00340123,0.00415616
0.0125402,0.00854058,0.00440604,0.0292855,0.00830228,0.0069223
0.0285803,0.0187736,0.0100764,0.0422394,0.0110101,0.00942632
0.0211979,0.0143866,0.00687416,0.0465647,0.0114276,0.0140311
0.00851611,0.00595305,0.00408711,0.0242939,0.0058092,0.00194794
0.0233709,0.0155986,0.0156435,0.0558201,0.0169881,0.0383102
0.00477973,0.00330176,0.00174048,0.0131117,0.00184012,0.00305083
0.023603,0.016082,0.00621855,0.0325679,0.00956567,0.0100602
0.0298828,0.0192975,0.0197079,0.0874099,0.0237156,0.0320127
0.0226553,0.0149475,0.0280335,0.129324,0.035145,0.0581798
0.0219076,0.014548,0.00937977,0.0350438,0.00904644,0.00393086
0.0210112,0.0135835,0.00660552,0.0284206,0.00769773,0.00834968
0.036954,0.0178063,0.0135712,0.0816641,0.0190902,0.0200829
0.0331287,0.0148645,0.0105659,0.0580423,0.0120528,0.013142
0.0459933,0.025821,0.0151609,0.0722308,0.0183484,0.0186992
0.0309575,0.016685,0.0103767,0.0401203,0.00881449,0.00914508
0.0217553,0.0144842,0.0093441,0.0510075,0.0129766,0.00851716
0.0211353,0.0131654,0.0124135,0.074873,0.0187294,0.0127758
0.0283616,0.0186309,0.0144688,0.0674888,0.0167579,0.0204869
0.00650324,0.004447,0.003183,0.0324182,0.00911902,0.00931695
0.0225636,0.0133936,0.0431165,0.174051,0.0495013,0.102925
0.0182136,0.0101357,0.0086722,0.0340745,0.0122172,0.0208378
0.0676861,0.0288534,0.047063,0.214386,0.0546906,0.0570458
0.00566204,0.00404448,0.00457317,0.0205162,0.00588226,0.00303931
0.00520332,0.00392139,0.00168341,0.00865116,0.00198071,0.000921841
0.0191304,0.0128493,0.0062772,0.0554797,0.013186,0.00598245
0.011008,0.00785177,0.00453195,0.0148331,0.00372466,0.0044014
0.0161271,0.0113169,0.0048549,0.0221055,0.00477797,0.00450696
0.0348183,0.0224804,0.0173794,0.109143,0.028641,0.0616188
0.0125818,0.00837446,0.00371751,0.0282285,0.00833168,0.00575137
0.00673892,0.00481666,0.00160245,0.0168824,0.00311915,0.00332101
0.0488894,0.028632,0.0262474,0.102521,0.0273154,0.0551566
0.0112422,0.00765414,0.00363056,0.0277202,0.00517395,0.00396931
0.0344986,0.0231806,0.01905,0.052249,0.0132655,0.0105991
0.0463565,0.024919,0.0468253,0.165576,0.0401189,0.043367
0.0273547,0.0182001,0.0108521,0.0432705,0.0118141,0.0105405
0.0473963,0.0306882,0.0192716,0.0868965,0.0243732,0.0313385
0.0211922,0.0146007,0.00795811,0.0362798,0.00882659,0.00892508
0.0369943,0.0230065,0.0171011,0.0590957,0.014286,0.00975227
0.00659002,0.00439474,0.00347957,0.0159987,0.00376535,0.00663355
0.021738,0.0142637,0.00637538,0.0432542,0.0103675,0.0225397
0.0132729,0.00921215,0.00359204,0.0179671,0.00564258,0.0125905
0.0584699,0.034729,0.0214076,0.0630939,0.018499,0.0437392
0.0187347,0.0123471,0.00642466,0.0329306,0.00809638,0.00752794
0.0121206,0.0086605,0.00438632,0.0194301,0.00466968,0.00184105
0.0231094,0.0150573,0.0191422,0.0715777,0.018955,0.02792
0.0209874,0.0144066,0.004839,0.038274,0.0104755,0.0143596
0.0173647,0.0115229,0.00720775,0.021623,0.0055463,0.00513651
0.0225491,0.0150206,0.0155448,0.0999123,0.0256427,0.0276087
0.0288721,0.0194017,0.0127939,0.0545514,0.0150363,0.0241265
0.0196925,0.0126892,0.00702015,0.0621325,0.0139509,0.00896012
0.038055,0.0208663,0.0200649,0.102809,0.0287246,0.0282634
0.0246017,0.0162861,0.00718026,0.0270902,0.00824671,0.0244076
0.0202019,0.0135737,0.0155157,0.0775936,0.0196262,0.0219345
0.0116417,0.00794414,0.00499387,0.0153606,0.00477569,0.00412466
0.0310765,0.0206071,0.00967538,0.0579073,0.0142312,0.00595023
0.010375,0.00697309,0.00513784,0.013415,0.00433636,0.00178274
0.0124505,0.0083311,0.00653429,0.0489896,0.0132316,0.00743362
0.0201958,0.013052,0.014356,0.0747984,0.0194419,0.0168622
0.0593785,0.0332267,0.0426837,0.178533,0.0450444,0.0740304
0.0115274,0.00790294,0.00479644,0.0144055,0.00408396,0.00568028
0.0199146,0.0132414,0.00706164,0.0318693,0.00834182,0.0147268
0.0317192,0.0203704,0.0112411,0.0387926,0.0120743,0.0290804
0.0179336,0.0125801,0.0060048,0.0396475,0.0108949,0.0091643
0.00549052,0.00331577,0.00656324,0.0356574,0.00922353,0.00776789
0.00566639,0.00357585,0.00220298,0.0242708,0.00497513,0.00940102
0.0283244,0.0186688,0.00847768,0.0388333,0.0117137,0.00724879
0.0222699,0.0147432,0.00661344,0.0255059,0.00581774,0.0115321
0.014479,0.0101201,0.00444487,0.0291363,0.00679382,0.00619689
0.0207527,0.014078,0.00605389,0.0404518,0.00949802,0.00550371
0.0120921,0.00825377,0.00378573,0.0307404,0.00908301,0.0348935
0.0120932,0.00848281,0.00496292,0.00520623,0.00168207,0.0099302
0.00530385,0.00367688,0.00327647,0.0142153,0.0026732,0.00336813
0.0133537,0.00867725,0.00550445,0.0189284,0.00585463,0.00618336
0.031862,0.0207903,0.0165715,0.0519098,0.0137501,0.0489463
0.0200568,0.0137647,0.0155702,0.0627655,0.0167705,0.0110882
0.0112341,0.00748895,0.00297329,0.027978,0.00654403,0.00639307
0.0361621,0.0232229,0.0127377,0.0484088,0.0116418,0.018957
0.009709,0.00671151,0.00578034,0.0256889,0.00707879,0.00423872
0.0140241,0.00905793,0.00399619,0.0381522,0.00884951,0.0139448
0.0183857,0.0123832,0.0139668,0.0844951,0.0220282,0.0305191
0.00810059,0.00538432,0.00159841,0.0223963,0.00441271,0.000511005
0.00840474,0.00548304,0.0046606,0.0288127,0.00734263,0.00559913
0.00849512,0.00561858,0.00346705,0.0117862,0.00330966,0.00313331
0.0221351,0.014426,0.00656539,0.0363306,0.0081938,0.00640681
0.00471369,0.00346661,0.00110884,0.0102357,0.00340693,0.00280619
0.0106562,0.00768638,0.00445856,0.0347675,0.00903096,0.00306324
0.0199007,0.013316,0.00772734,0.0224442,0.00527419,0.0169743
0.00597703,0.00407834,0.00282799,0.0150253,0.00414447,0.00270677
0.0299955,0.0203072,0.00833559,0.0477919,0.0117308,0.0126501
0.0116558,0.00778681,0.00580211,0.0373315,0.00716499,0.00842477
0.014244,0.00993792,0.009294,0.0229203,0.00517924,0.0068677
0.0283707,0.0185099,0.0148366,0.045133,0.0107659,0.00946998
0.00762905,0.00540233,0.00245152,0.0205013,0.00553649,0.00896918
0.0259885,0.017556,0.00751516,0.0407436,0.00958759,0.00621151
0.0462488,0.0289451,0.0145225,0.0431145,0.01243,0.0163038
0.0204728,0.0140744,0.009431,0.0189101,0.00289863,0.00581067
0.0213098,0.0142259,0.00650023,0.0298815,0.00697986,0.0180165
0.00431957,0.00322309,0.0020494,0.0154556,0.00353689,0.0026111
0.025888,0.0153189,0.0103301,0.0652178,0.019811,0.011403
0.0461912,0.0287176,0.0144414,0.0753859,0.0202113,0.0179147
0.0105402,0.00721122,0.00477821,0.0337675,0.00886706,0.0198438
0.0200086,0.0137575,0.00857641,0.043535,0.00955947,0.0038536
0.0107507,0.00718407,0.00481965,0.0160738,0.00435476,0.00601128
0.007293,0.00528603,0.0158709,0.0319071,0.00826193,0.00489062
0.013731,0.00965756,0.00332959,0.0192259,0.00497848,0.00399286
0.0117369,0.00806729,0.00401983,0.024298,0.00417148,0.00301367
0.0208909,0.0137197,0.00819118,0.0314231,0.00718297,0.00363917
0.0206569,0.0141496,0.00941331,0.0437921,0.0132692,0.010902
0.0176161,0.0116662,0.00465556,0.033363,0.00828708,0.00696253
0.0140381,0.0095542,0.00294586,0.0225911,0.00548352,0.0115878
0.00807469,0.00529846,0.00317531,0.0222786,0.00417803,0.00879638
0.00401722,0.00297509,0.00183794,0.0084611,0.00350746,0.00208418
0.0339623,0.0200578,0.00972794,0.0505679,0.0128137,0.0192241
0.0248251,0.0167768,0.0074879,0.0352162,0.00637428,0.0118633
0.0103376,0.00723163,0.00330729,0.0182329,0.00473162,0.00630549
0.025891,0.0175094,0.0108619,0.0394735,0.0097478,0.0114111
0.0106608,0.00715429,0.00257423,0.0265641,0.00685331,0.00448069
0.0203571,0.0136033,0.0157824,0.0461564,0.0131461,0.0161902
0.0123571,0.00811453,0.0149604,0.0718228,0.018949,0.0207335
0.0169721,0.011372,0.0118709,0.0464695,0.0116304,0.0171194
0.0301616,0.0185534,0.0186614,0.118249,0.0304241,0.0458082
0.00806001,0.00601107,0.00298595,0.0103824,0.00362354,0.00210513
0.0210346,0.0137318,0.0235599,0.133631,0.0374793,0.0515616
0.00617385,0.00448679,0.00318686,0.0147608,0.00406206,0.0039466
0.00791176,0.00544668,0.00438056,0.01962,0.00606717,0.00854671
0.0288032,0.0177677,0.0277616,0.124601,0.0322613,0.0707751
0.02025,0.0130072,0.0119457,0.064276,0.0152166,0.0184164
0.0315464,0.0205486,0.0120735,0.0410433,0.0132538,0.0109875
0.022963,0.0157618,0.00833232,0.0355547,0.0102798,0.00432075
0.0190326,0.0130742,0.00487926,0.0193467,0.00414523,0.00477444
0.0341516,0.0226674,0.0115337,0.0440528,0.013193,0.0065952
0.0113938,0.00788321,0.00659077,0.0523961,0.0120436,0.0217483
0.0117915,0.00797022,0.00334974,0.0107834,0.00353369,0.00376983
0.00498006,0.00348273,0.00210314,0.0202001,0.00431246,0.00398088
0.00886978,0.00607126,0.00312108,0.0109814,0.00426212,0.0030043
0.00648669,0.00449553,0.00393507,0.0337497,0.00829595,0.00351741
0.00807892,0.00559846,0.00348597,0.0073398,0.00302471,0.00931212
0.0112051,0.0075162,0.00428761,0.0254275,0.00445908,0.00878943
0.0676843,0.0344552,0.0471132,0.188533,0.0432044,0.054
0.00795115,0.00558449,0.00345706,0.0138704,0.00325638,0.00493826
0.0152684,0.0101199,0.00381369,0.0273765,0.00741081,0.00741875
0.00777588,0.0055351,0.00279765,0.0180374,0.00595658,0.00349483
0.0140073,0.00929161,0.00565514,0.0181119,0.00395237,0.00506879
0.0436399,0.0281121,0.0173185,0.0788335,0.0175868,0.0124315
0.00762342,0.00525507,0.00296589,0.0110871,0.00305425,0.00649779
0.0462309,0.0281391,0.0234508,0.0782218,0.0210746,0.0251298
0.0273407,0.01824,0.00936009,0.0346973,0.00980001,0.00602342
0.0212201,0.0142674,0.00542013,0.0170838,0.00515852,0.00928953
0.011286,0.00783899,0.00311073,0.0171667,0.00572617,0.00562213
0.0111506,0.00745451,0.00336725,0.0134743,0.00417491,0.00679026
0.00782672,0.00506569,0.00260196,0.0175398,0.00394468,0.000508594
0.00847323,0.00600722,0.00366498,0.0198306,0.00434548,0.00261202
0.0467999,0.0278433,0.0131646,0.0663897,0.0154235,0.0110572
0.0101124,0.00737822,0.00560425,0.0254571,0.00780509,0.00583703
0.00605822,0.00424915,0.00198258,0.0195213,0.00404179,0.00182925
0.0239703,0.0158344,0.0072032,0.0367223,0.00817015,0.00585719
0.0400424,0.0261198,0.0132903,0.0574679,0.0153079,0.0477645
0.0357014,0.0223328,0.0173276,0.103365,0.0280808,0.0480025
0.0179834,0.0120894,0.00774934,0.049507,0.0115511,0.0125776
0.0332365,0.0211377,0.0151383,0.0669468,0.0181767,0.0186172
0.0205258,0.0133438,0.0140907,0.045859,0.0129189,0.0200759
0.0157562,0.0104084,0.0176982,0.0843586,0.0234313,0.0375421
0.00952205,0.00642261,0.00431596,0.0204755,0.00498932,0.00116057
0.044081,0.0279489,0.0140193,0.0748764,0.0168005,0.0451422
0.0111622,0.00771681,0.0045242,0.0238306,0.00521611,0.00897742
0.0238067,0.0160841,0.0181498,0.0498684,0.012818,0.0282088
0.0112676,0.00807236,0.00588054,0.0220764,0.00440095,0.00291543
0.0328142,0.0203634,0.0405759,0.160806,0.0396369,0.0771182
0.0161401,0.0104911,0.00518382,0.0373577,0.00751413,0.00906857
0.0192949,0.0133203,0.0124648,0.0430861,0.00979137,0.00924243
0.00986615,0.00632022,0.0179285,0.0450916,0.0136956,0.0113577
0.0463934,0.0281901,0.022985,0.123692,0.0308741,0.0323345
0.0280723,0.0187679,0.00869853,0.0260615,0.00751571,0.0168326
0.00590709,0.004191,0.00247202,0.0133772,0.00389078,0.00409386
0.0198576,0.0135718,0.0134465,0.0280961,0.00684291,0.0194818
0.0329082,0.0199735,0.0242714,0.100836,0.0266699,0.0344066
0.0111243,0.00764551,0.00318123,0.0208237,0.00460434,0.00592729
0.0083964,0.00567084,0.00359772,0.0187588,0.00555492,0.00430841
0.0205374,0.0140142,0.00781815,0.0412824,0.00912161,0.00786301
0.0414905,0.0251228,0.0261499,0.115776,0.0312259,0.0411149
0.0153694,0.0104165,0.00725726,0.0289131,0.00671684,0.00418003
0.0409731,0.0244478,0.0325734,0.140356,0.0353415,0.0835609
0.0275295,0.0186306,0.00944596,0.0324719,0.00808374,0.00489022
0.0415566,0.0224923,0.0142314,0.0642113,0.0165177,0.0188891
0.0337764,0.0128778,0.010677,0.0406121,0.00862958,0.0185383
0.00664354,0.0049736,0.00303227,0.0154965,0.00423474,0.00246995
0.0157058,0.0101775,0.00597948,0.0369304,0.00740951,0.00601497
0.0239018,0.0159175,0.0087743,0.0334981,0.0082687,0.00609404
0.0211066,0.0140478,0.0072296,0.0310355,0.00853195,0.00820094
0.0144161,0.00955173,0.00443017,0.0244296,0.00721979,0.0147831
0.00937753,0.00654796,0.00305238,0.0110104,0.00363079,0.0028249
0.0234279,0.0154338,0.0079397,0.0434769,0.00978236,0.0107915
0.0252586,0.0161884,0.00636482,0.0463592,0.0131072,0.00293287
0.0316594,0.0212053,0.00975704,0.0484391,0.0114951,0.0155446
0.0281738,0.0183939,0.0118184,0.0527195,0.013736,0.0179187
0.0221884,0.0147034,0.0188124,0.0638139,0.0156081,0.0343208
0.00875044,0.00593323,0.00339231,0.0106153,0.00187944,0.00382005
0.0292271,0.0190379,0.0147608,0.0814429,0.0187266,0.0316728
0.046331,0.0280196,0.0208018,0.0772483,0.0214631,0.0155862
0.0555724,0.031862,0.0259743,0.0690193,0.0179917,0.0441215
0.0426636,0.0268544,0.0318904,0.0963837,0.0261925,0.040822
0.0140783,0.0100242,0.00391762,0.0192075,0.00518159,0.0084362
0.0139499,0.00891825,0.00500008,0.0238048,0.00778414,0.00919131
0.00991208,0.00695569,0.00337516,0.014842,0.00215985,0.00227891
0.0167645,0.0112422,0.00589139,0.0295997,0.00981825,0.0121881
0.0323763,0.021079,0.00987961,0.0479948,0.0154876,0.0163227
0.0119551,0.00777377,0.00430893,0.029233,0.00686622,0.00199715
0.0356532,0.0218804,0.0200661,0.0774733,0.0203581,0.026127
0.0215375,0.0147298,0.00703483,0.00639997,0.00150651,0.00395986
0.0272112,0.0180853,0.0086876,0.0302024,0.00860082,0.0131323
0.0417562,0.0208482,0.0288178,0.0755858,0.0176498,0.0215189
0.00960749,0.00638969,0.00320538,0.0255808,0.00593659,0.00565316
0.00586955,0.00436771,0.00142023,0.0101319,0.00309027,0.00198401
0.0493229,0.0247393,0.0187482,0.113893,0.0310826,0.0192625
0.0411031,0.0242165,0.0149902,0.0695084,0.0174347,0.0133708
0.00515006,0.00385527,0.00228176,0.0109776,0.00243604,0.00124167
0.0095194,0.00640645,0.00363792,0.00888685,0.0021578,0.0031199
0.0137264,0.0090425,0.00413485,0.0204778,0.00517964,0.00684026
0.0242706,0.0141731,0.0359731,0.174812,0.0408747,0.0473223
0.0104419,0.00710049,0.00409828,0.0269692,0.00667034,0.0132099
0.03767,0.0242267,0.0104095,0.0548847,0.0138311,0.0126299
0.0156549,0.0104114,0.0104703,0.0403013,0.0107219,0.00570366
0.0276316,0.0183103,0.0259142,0.126245,0.035578,0.0639357
0.00997886,0.00670368,0.00869646,0.0506824,0.0145397,0.0338374
0.0130336,0.00869992,0.00291661,0.0189739,0.00507649,0.00482236
0.012851,0.0086417,0.00415991,0.02694,0.00621467,0.00848961
0.00725097,0.00499946,0.00219086,0.0154599,0.0051043,0.00919039
0.0280593,0.0187736,0.0105174,0.0428732,0.0115479,0.0117144
0.0312969,0.0199202,0.0170286,0.0698274,0.0169901,0.0187585
0.039211,0.0238546,0.0341148,0.143961,0.0360455,0.058625
0.0130128,0.00838837,0.0107131,0.0474027,0.0115385,0.0155167
0.0451686,0.0272287,0.0233517,0.0793006,0.0226684,0.0530966
0.0135985,0.00897711,0.00509342,0.0174083,0.00483832,0.00690328
0.00829048,0.00588446,0.00336471,0.0305911,0.00820344,0.00643686
0.0170533,0.0116864,0.00436956,0.0169274,0.004522,0.00522107
0.0231693,0.0151215,0.00775983,0.0594583,0.0152654,0.0100818
0.023873,0.0159402,0.0112177,0.0481937,0.013446,0.0109181
0.0323074,0.0211141,0.0141239,0.0415163,0.0102484,0.023303
0.0366442,0.0240992,0.0127718,0.0592645,0.0129037,0.0220415
0.0297075,0.0131903,0.0141123,0.0666031,0.019216,0.0299717
0.0279192,0.0132441,0.0139791,0.0533458,0.013418,0.0255019
0.0186839,0.012622,0.00647939,0.0324939,0.00750055,0.019511
0.00744747,0.00551527,0.00473775,0.0305944,0.00862842,0.0078073
0.0568686,0.0280632,0.0202525,0.0928964,0.0261313,0.0388951
0.045555,0.0187541,0.015366,0.0494558,0.0116893,0.0151347
0.00603639,0.00394317,0.00247675,0.0132176,0.00487339,0.00289409
0.0198548,0.0134866,0.00896528,0.0387727,0.0100079,0.0108525
0.00785799,0.00496999,0.00370024,0.0119104,0.00213871,0.00140857
0.0295435,0.0198139,0.0106627,0.0470667,0.0119482,0.0124568
0.0134502,0.00931936,0.00667855,0.0299393,0.00873448,0.0130841
0.0438004,0.0255838,0.0259619,0.094279,0.0226531,0.0362743
0.0147974,0.0100052,0.00382389,0.0239811,0.00590245,0.00593059
0.0305107,0.0205089,0.00664056,0.017856,0.00482163,0.0122769
0.0160167,0.0102623,0.00586499,0.0393156,0.0101005,0.00453416
0.0511065,0.0328337,0.021037,0.0759548,0.0175932,0.017986
0.011826,0.00857198,0.00541765,0.0158992,0.00397227,0.00708444
0.0203769,0.0105312,0.0163842,0.076816,0.0181481,0.0305982
0.0206157,0.0141369,0.00850771,0.0250562,0.00659083,0.0102895
0.0171952,0.0114797,0.00525865,0.0305932,0.00657665,0.00951386
0.0145622,0.00946718,0.00373484,0.0207296,0.00515395,0.0104705
0.0158614,0.0109317,0.0050802,0.0278668,0.00563867,0.00713227
0.0232461,0.0157753,0.0103635,0.0393232,0.00892219,0.00896037
0.0108071,0.00730184,0.00429104,0.0292686,0.00721072,0.00594908
0.00563482,0.00393032,0.00320538,0.016545,0.00371649,0.00388012
0.0145313,0.0103377,0.00410871,0.0190161,0.00440253,0.0031248
0.0177779,0.0121566,0.00720306,0.0269659,0.0072148,0.0124458
0.0186008,0.0125249,0.0194222,0.0558744,0.0169237,0.0122756
0.0449898,0.0281675,0.0259914,0.0912397,0.0231999,0.0210073
0.0337759,0.0205891,0.0269205,0.118696,0.0308189,0.0677139
0.0191319,0.0129382,0.00436234,0.0363955,0.00913483,0.00833083
0.00809516,0.00579251,0.00194636,0.0147897,0.00420418,0.00493371
0.0054232,0.00397946,0.00245678,0.00217012,-0.000120646,0.00241792
0.014051,0.00942787,0.00522459,0.0210715,0.00429225,0.00985992
0.0129981,0.00827537,0.00514273,0.0222898,0.00668752,0.00488022
0.00841669,0.00544344,0.00199366,0.0185426,0.00455355,0.00150819
0.0169679,0.00752652,0.00518412,0.0194841,0.00457672,0.00658203
0.0177069,0.00764816,0.0051514,0.015928,0.00328564,0.00587005
0.0213068,0.0138701,0.00965401,0.00364827,0.00168983,0.0123214
0.0195452,0.013108,0.0110089,0.044879,0.0122874,0.0106466
0.00833969,0.00326852,0.00563232,0.0192396,0.00511512,0.00436524
0.00543216,0.00380574,0.00297695,0.0145581,0.00279258,0.00275652
0.0447748,0.0282125,0.0179307,0.0499751,0.0126539,0.0209226
0.0097253,0.00680066,0.00354456,0.0101915,0.0032096,0.00356711
0.0305898,0.0206512,0.00887605,0.0399488,0.0106783,0.0360101
0.0303598,0.0183181,0.0287846,0.0878598,0.0231054,0.0319652
0.0125445,0.00822338,0.0138282,0.0744477,0.0190654,0.0442081
0.00509819,0.00326575,0.00165908,0.00740178,0.00212368,0.00215589
0.021046,0.0144749,0.00578173,0.0375066,0.00835792,0.0153918
0.0112172,0.00801543,0.00419831,0.0153124,0.00478109,0.00234479
0.0178038,0.011964,0.00576178,0.0249328,0.00722445,0.00559088
0.00550394,0.00362005,0.00128887,0.0160705,0.00359752,0.00452676
0.0235125,0.0157412,0.00783698,0.0107634,0.00203492,0.0181947
0.00950044,0.00663369,0.00746518,0.0204644,0.00567675,0.0072967
0.0121469,0.00842647,0.00372018,0.0190712,0.00601772,0.00717045
0.0157637,0.0108854,0.0063861,0.0244161,0.00525314,0.0178603
0.0198959,0.0131503,0.00762209,0.0379101,0.00713007,0.00545614
0.0547236,0.0216962,0.0413358,0.141583,0.038934,0.0828706
0.0567167,0.0216301,0.0408146,0.131657,0.0342934,0.0820887
0.00560486,0.00406863,0.00287687,0.0137603,0.00152238,0.0017819
0.00408452,0.00296157,0.00271547,0.0149364,0.00303501,0.00189213
0.0152062,0.00987867,0.0046213,0.0179311,0.00461842,0.00514699
0.0114049,0.0079028,0.0089694,0.0413947,0.0104134,0.0212888
0.0233768,0.0153705,0.0143837,0.068151,0.0167373,0.0228351
0.020114,0.0135892,0.00469043,0.0414616,0.0120914,0.00936227
0.0379421,0.0231271,0.0118298,0.0673801,0.0162396,0.0342606
0.017518,0.00860514,0.00569343,0.0303523,0.00800894,0.0136397
0.0185521,0.00844714,0.00590262,0.0243909,0.00455773,0.00917496
0.00832017,0.00594916,0.0037508,0.0157,0.00458009,0.0070384
0.0153486,0.0104172,0.00412045,0.0241862,0.00693473,0.00296603
0.0057897,0.00400243,0.0029129,0.00884588,0.00224289,0.00795235
0.0266767,0.0178415,0.0115191,0.044054,0.00993664,0.0229641
0.0105044,0.00728874,0.00354131,0.0192266,0.00393102,0.0030845
0.0310945,0.0206029,0.0128023,0.0486655,0.0127151,0.0255536
0.00564391,0.00382102,0.00276749,0.0153602,0.0033386,0.00311033
0.0212649,0.0142061,0.00612063,0.0387367,0.00891947,0.00742391
0.020039,0.0136009,0.0672272,0.00746841,0.00107908,0.00142909
0.0248845,0.0166135,0.00913155,0.019194,0.00462191,0.00462287
0.0298148,0.0194227,0.00828138,0.0373141,0.00750795,0.00915168
0.00849029,0.00608268,0.00330604,0.00752234,0.00368314,0.00513051
0.018132,0.0124085,0.0151853,0.0520209,0.0115004,0.00976042
0.0130479,0.00904017,0.012741,0.0696907,0.0222666,0.0217587
0.0358485,0.0231239,0.0123884,0.0394784,0.011261,0.0308383
0.00708844,0.00484155,0.0035778,0.0109006,0.00352754,0.00598205
0.0167509,0.0104592,0.00377901,0.0353318,0.0104117,0.0155819
0.0141485,0.00954014,0.00493807,0.0279435,0.00814861,0.0104237
0.0166637,0.0114447,0.00616993,0.0241984,0.00753789,0.00764328
0.030763,0.0203522,0.0172092,0.10667,0.0285405,0.0560706
0.0106914,0.00784233,0.00494894,0.0164615,0.00295035,0.00860488
0.022898,0.0151436,0.00939808,0.0518703,0.0120936,0.0137506
0.0337976,0.0220639,0.00996813,0.0315268,0.00900553,0.00573379
0.0166632,0.0117245,0.00625254,0.0342689,0.00911773,0.0149178
0.0133479,0.00918537,0.00469993,0.0249756,0.00533792,0.00636866
0.00965387,0.00662326,0.00380244,0.0191976,0.0046819,0.00953291
0.0242349,0.0159888,0.0125265,0.0512792,0.0105763,0.0139929
0.0321211,0.0215537,0.0131271,0.0637348,0.0143328,0.00969729
0.0141501,0.00963938,0.00473788,0.0159749,0.0059976,0.00696938
0.0205388,0.0138277,0.00728861,0.0242119,0.00568649,0.0112141
0.0186549,0.0126882,0.0105441,0.038686,0.00911564,0.01671
0.0100446,0.00646408,0.0172877,0.0546944,0.015468,0.0128753
0.0184473,0.0121797,0.0119069,0.0299857,0.008326,0.00621635
0.0135079,0.00907108,0.00591977,0.0205388,0.00578581,0.00561531
0.0342694,0.0222537,0.0144304,0.0453378,0.0125191,0.0136957
0.0268486,0.018266,0.0142688,0.0665715,0.0185298,0.0370815
0.0209107,0.0138212,0.00626159,0.0304568,0.00906712,0.00556214
0.0175922,0.0121704,0.00549141,0.0209903,0.00511847,0.0065419
0.00676467,0.00461858,0.00566514,0.023656,0.0071903,0.00679075
0.0487219,0.0258514,0.0129774,0.0672412,0.0195491,0.0275696
0.032608,0.0155648,0.0183554,0.0748754,0.0194823,0.0513585
0.00754907,0.00549072,0.00362126,0.0149332,0.00576464,0.00264386
0.0317059,0.0208537,0.00974554,0.0562966,0.0142936,0.00687211
0.0573147,0.035657,0.0215701,0.127482,0.0276772,0.0354943
0.00969212,0.00653594,0.00326926,0.0121299,0.00415291,0.00368342
0.0422051,0.0269367,0.0116645,0.0563552,0.0160815,0.0260139
0.0178192,0.0118884,0.00557906,0.0356528,0.00862787,0.00520277
0.0104208,0.00679985,0.00186026,0.0247324,0.00597187,0.00175039
0.0149928,0.0104291,0.00514302,0.0210502,0.00427297,0.00936502
0.0163882,0.010951,0.00592745,0.0263131,0.00607588,0.00546622
0.00466553,0.00331695,0.0019549,0.012381,0.00333936,0.00122641
0.0197249,0.0136488,0.00729729,0.0349805,0.0101698,0.0230795
0.0457535,0.0280946,0.0279496,0.116258,0.0306998,0.0262887
0.00920892,0.00655572,0.00267334,0.0242056,0.00545932,0.00605016
0.0195005,0.0075805,0.00641628,0.026534,0.00620025,0.00560529
0.0191429,0.00747146,0.0064319,0.0248784,0.00548488,0.0041701
0.035158,0.0234569,0.0234071,0.0589459,0.0158872,0.0155965
0.0113773,0.00758401,0.00360192,0.0174769,0.00417058,0.000382658
0.0235074,0.0159557,0.00792754,0.0265488,0.00689716,0.0045263
0.0260642,0.0178352,0.0101085,0.0574204,0.0136444,0.0123925
0.0109288,0.00740115,0.00400678,0.0209633,0.00679279,0.00552816
0.0255774,0.0165704,0.00686783,0.0332469,0.00838809,0.0150813
0.0134867,0.00890207,0.00490057,0.0412192,0.0105639,0.0107076
0.0656698,0.0315887,0.0537853,0.175505,0.0433464,0.0859607
0.00683282,0.00490616,0.00284787,0.0172828,0.00457112,0.00677204
0.010003,0.00667237,0.00285355,0.0085825,0.000427332,0.00502365
0.0139279,0.00948903,0.00507095,0.0157604,0.0042338,0.00588811
0.00444625,0.00314193,0.00249884,0.0139538,0.00299634,0.00184635
0.0262368,0.016963,0.018219,0.0810188,0.0223567,0.0225189
0.00422538,0.00292263,0.00250633,0.0234536,0.00540503,0.00497634
0.0165649,0.0110978,0.00486675,0.0354219,0.0106484,0.0146349
0.0254969,0.0174403,0.00966931,0.0264237,0.00819184,0.0170467
0.0156771,0.0107295,0.00652424,0.0361114,0.0076592,0.0130338
0.037879,0.0230867,0.0304799,0.110837,0.0291619,0.0333764
0.0192274,0.0131857,0.00705348,0.0184775,0.00501141,0.00405933
0.0433198,0.0271611,0.0478038,0.209136,0.0516279,0.0831835
0.0211034,0.0146249,0.00477295,0.0401689,0.0100013,0.0056838
0.0131859,0.0093231,0.0100553,0.0111832,0.00165082,0.00935487
0.012036,0.00822766,0.00646445,0.0407155,0.0106165,0.00929407
0.00830161,0.00554833,0.00308503,0.0153881,0.00354447,0.00653779
0.0328742,0.020926,0.0224596,0.121549,0.0326412,0.0295558
0.0107646,0.00721038,0.00399223,0.0112196,0.00359511,0.00519459
0.060131,0.0331676,0.050454,0.187036,0.0501202,0.121264
0.0460448,0.0286758,0.0162282,0.0784936,0.0182129,0.0255411
0.0143086,0.0100834,0.00468965,0.0168195,0.00463296,0.00709021
0.0266225,0.0171848,0.0352769,0.117287,0.0300591,0.0416731
0.063647,0.0288555,0.0196337,0.0855361,0.0232677,0.0540464
0.076382,0.0317,0.0226157,0.0943514,0.0242769,0.0583628
0.0553305,0.0299107,0.026848,0.14994,0.0409908,0.0627766
0.0162853,0.0112865,0.00462373,0.0158543,0.00346315,0.00311212
0.0224233,0.0152313,0.00875184,0.0839614,0.0195851,0.00931843
0.0218441,0.014982,0.00788338,0.0539112,0.0135353,0.0171194
0.0206417,0.0131608,0.0069804,0.0275446,0.0106396,0.013634
0.03905,0.0246968,0.0214025,0.149063,0.0383123,0.0465275
0.0570725,0.033721,0.0269196,0.0864765,0.0211376,0.0393226
0.00569706,0.00410598,0.0028055,0.0129053,0.0032503,0.000383462
0.0573171,0.0301331,0.0361282,0.151663,0.0381305,0.0918631
0.0300471,0.0153459,0.0150409,0.0460038,0.0101093,0.0181027
0.0278464,0.0182597,0.0213871,0.108388,0.0278423,0.0431171
0.0325112,0.0211789,0.00905976,0.0638663,0.0163458,0.0129787
0.0144668,0.0100734,0.00356722,0.0200613,0.00422022,0.0104813
0.0106432,0.00716246,0.00369673,0.00835486,0.00222086,0.0038414
0.025657,0.0171109,0.00729994,0.0361777,0.00842736,0.0148568
0.0235717,0.0156691,0.00859997,0.0358117,0.00930623,0.0170451
0.00754359,0.0052486,0.00328441,-0.00215514,-0.000235866,0.00212629
0.0213936,0.0144876,0.00716596,0.0379901,0.0119688,0.0170546
0.022566,0.0155177,0.0108102,0.0402369,0.0100541,0.0594477
0.0758583,0.0448126,0.0261352,0.0894344,0.0227452,0.0243557
0.0449143,0.0280365,0.0312049,0.106029,0.0304687,0.0236717
0.011767,0.00600331,0.00429735,0.0185822,0.00438781,0.00617104
0.0156543,0.0106786,0.00337379,0.0371799,0.00836166,0.00108203
0.0104151,0.00739766,0.00372796,0.018492,0.00447803,0.0060791
0.0228576,0.0141094,0.0134159,0.0855064,0.0200972,0.0214784
0.0182784,0.0114301,0.00478937,0.030441,0.0091469,0.0147728
0.0104584,0.00387148,0.00375472,0.0188128,0.00474369,0.0150989
0.0359306,0.0169608,0.0294029,0.0661305,0.0168064,0.0223901
0.027802,0.0153959,0.0108452,0.0416563,0.00849984,0.0178627
0.0219317,0.0141703,0.00834979,0.0298558,0.00557394,0.011494
0.0127459,0.00855081,0.00423992,0.0167318,0.00429748,0.00492656
0.0237927,0.015434,0.0218936,0.0946801,0.0257265,0.0561397
0.0120353,0.00792398,0.0101525,0.0481581,0.0125477,0.0111778
0.0190905,0.00915411,0.00640449,0.0362076,0.0106764,0.0117941
0.0381321,0.0227718,0.0123959,0.0534678,0.0124304,0.018014
0.00830408,0.00558016,0.0025409,0.0201487,0.00473755,0.00511723
0.0244953,0.0165044,0.0075303,0.0515204,0.0128326,0.0131497
0.00890909,0.00595306,0.00294717,0.0169325,0.00516191,0.00902999
0.0362411,0.0231581,0.0128651,0.0475072,0.0108658,0.00743439
0.00883009,0.00594674,0.00632691,0.0407206,0.00892208,0.0099411
0.012999,0.00849526,0.00410837,0.0314643,0.00634865,0.00221199
0.0172972,0.0116575,0.00592579,0.0231907,0.00562521,0.0170017
0.0409829,0.0261596,0.0264328,0.0703755,0.0216365,0.0284312
0.0207383,0.0137771,0.00671676,0.0105444,0.000971042,0.00805207
0.00984712,0.00651248,0.00238236,0.0187639,0.00416139,0.00345584
0.0183367,0.0127693,0.00858636,0.0301812,0.00851809,0.00596308
0.0149114,0.0101444,0.00442241,0.0225239,0.00622895,0.0129508
0.0210206,0.0142976,0.0119354,0.0315214,0.00804528,0.0106748
0.0151359,0.0103032,0.00455756,0.0316244,0.00783341,0.00630731
0.0152159,0.00990386,0.00486785,0.0363057,0.00802662,0.00781913
0.0333046,0.0205074,0.0282221,0.0999278,0.0273264,0.0255319
0.00757157,0.00506256,0.00261722,0.0148543,0.00352973,0.00304825
0.00863463,0.00586357,0.00169963,0.0335681,0.00905095,0.0211025
0.02331,0.0131754,0.00958323,0.0455729,0.0127912,0.00477931
0.0183129,0.0071275,0.00687797,0.0219786,0.00585273,0.00310356
0.00550631,0.00384182,0.00140427,0.0118561,0.00161209,0.00292438
0.0384518,0.0235047,0.0391085,0.118037,0.0300839,0.0469063
0.0439911,0.0270506,0.0270462,0.0934822,0.0248474,0.0383744
0.0522764,0.0260479,0.0651807,0.225949,0.0597016,0.0925071
0.00892914,0.00594575,0.00403625,0.0165641,0.00402386,0.00522247
0.017536,0.0123746,0.00814861,0.0500196,0.0127692,0.0233876
0.0103745,0.00715794,0.00391861,0.0151262,0.00263636,0.00202211
0.0110182,0.00728643,0.00434175,0.0228265,0.00622732,0.00143018
0.0211979,0.013726,0.0153704,0.0751865,0.0200119,0.0311238
0.0472825,0.0285161,0.0136487,0.0714603,0.018201,0.0174591
0.00548459,0.00385486,0.00270043,0.0145302,0.00508277,0.00318321
0.0237409,0.016527,0.0171668,0.0594011,0.0175834,0.0168253
0.0215448,0.0111828,0.00700342,0.0392756,0.00925263,0.0135363
0.00968544,0.00642655,0.0112085,0.0733128,0.0186986,0.0208373
0.0112201,0.00513465,0.00511828,0.0229028,0.0057888,0.00534658
0.0138106,0.00665935,0.00536374,0.0245259,0.00553011,0.00718679
0.0149856,0.0107535,0.00513687,0.0349409,0.0105446,0.01114
0.0142494,0.00944231,0.00462924,0.0233888,0.00659418,0.00812469
0.0392396,0.0254901,0.0156492,0.0582326,0.0150701,0.0348191
0.0155563,0.0101008,0.00499625,0.0226623,0.00576022,0.00553147
0.0217532,0.0138297,0.00757353,0.0427244,0.00993509,0.0105531
0.0616381,0.0317889,0.0231892,0.0918315,0.0274436,0.0453599
0.00938189,0.00638262,0.0048009,0.0291158,0.00610787,0.00438535
0.00935521,0.00681373,0.00244272,0.0225498,0.00694425,0.0119508
0.0300409,0.018649,0.0116041,0.0587517,0.0157439,0.0217767
0.0250195,0.01628,0.00760643,0.0328735,0.00902255,0.00727839
0.0389868,0.0250253,0.0285799,0.112721,0.0284897,0.0472383
0.00869464,0.00629151,0.00317797,0.00638418,0.000188366,0.00743914
0.0238337,0.0158399,0.00665047,0.0312432,0.00771812,0.0099112
0.0153907,0.0106449,0.00534523,0.0273705,0.00518875,0.0208912
0.019151,0.0128513,0.00481827,0.0279653,0.00740327,0.00372498
0.0181681,0.0126388,0.00355249,0.035192,0.00965024,0.0180014
0.048636,0.0261181,0.0177857,0.0868274,0.0255367,0.0198901
0.0345537,0.0156818,0.0233918,0.101611,0.0263966,0.0421754
0.0374852,0.0242157,0.00756211,0.0342846,0.00953732,0.00691596
0.011232,0.00775936,0.00591962,0.0148516,0.0052616,0.00619055
0.00941165,0.00666722,0.00407446,0.0162608,0.00353812,0.00372411
0.015424,0.0105081,0.00701792,0.0245164,0.00621906,0.0122285
0.020463,0.0132856,0.0076876,0.0449056,0.0112501,0.00716952
0.019852,0.0128959,0.0143659,0.101123,0.0271502,0.0267535
0.0253228,0.0170766,0.00509354,0.0427037,0.0112431,0.01095
0.0118181,0.00802251,0.00736591,0.0207758,0.00407655,0.00212029
0.0239509,0.0157048,0.00744546,0.0326533,0.00935968,0.0109335
0.0278378,0.01862,0.0158916,0.072167,0.0172652,0.0226165
0.0160616,0.0107648,0.00544971,0.0254418,0.00624781,0.00389598
0.0135934,0.00974418,0.00573371,0.0213575,0.00658314,0.00453275
0.0114639,0.00752214,0.00409061,0.0117254,0.00363222,0.00672929
0.0231535,0.0156816,0.00835613,0.0321616,0.0104049,0.008664
0.0342424,0.0225179,0.0279773,0.11925,0.0306066,0.054355
0.0487171,0.0302822,0.0318037,0.156673,0.0407492,0.0401865
0.0245405,0.0164479,0.0149318,0.0986716,0.0278492,0.043159
0.0113526,0.00783971,0.00532795,0.0244288,0.00463367,0.00269645
0.0262635,0.0171319,0.0113406,0.0671147,0.01758,0.0238889
0.0224094,0.0154655,0.0067846,0.0365566,0.0100128,0.00689096
0.018269,0.0118007,0.00558608,0.029594,0.00734299,0.00816117
0.0113785,0.00791348,0.00738362,0.0308213,0.00692551,0.0157369
0.0203645,0.0139274,0.00540969,0.0258384,0.00495672,0.00717093
0.00834391,0.0056587,0.00361538,0.0179716,0.0041551,0.00255828
0.0151246,0.0107047,0.00514969,0.0328924,0.007634,0.0127974
0.0282357,0.0180753,0.0331586,0.195725,0.0502675,0.0529783
0.0280091,0.0188329,0.00859821,0.0411407,0.0105429,0.0274831
0.022062,0.0142598,0.0111637,0.0652585,0.0179924,0.0328264
0.016145,0.0065415,0.00731589,0.0385816,0.0105436,0.005141
0.0209995,0.0110622,0.00768257,0.0409682,0.0105647,0.0051284
0.0281447,0.0168299,0.0149281,0.057022,0.0165103,0.00912412
0.0124905,0.00846662,0.00629041,0.0308021,0.00915086,0.00519581
0.00981569,0.00688175,0.00300915,0.015827,0.004232,0.0036103
0.0530586,0.0314308,0.0330416,0.131742,0.0351144,0.0366492
0.0460979,0.0278855,0.0308822,0.107267,0.0271124,0.0341822
0.00810419,0.00544446,0.00303138,0.0144279,0.00297812,0.00448476
0.0129596,0.00884423,0.00352444,0.0210886,0.00483921,0.00425983
0.0535898,0.0306968,0.0179797,0.091147,0.0214257,0.0258155
0.00666795,0.00496864,0.00171569,0.0132039,0.00303251,0.00306691
0.0275137,0.0129564,0.0143027,0.0892277,0.0219343,0.0186512
0.0122378,0.00816744,0.00396908,0.0125166,0.00415638,0.00645482
0.0117901,0.00511309,0.00475952,0.0230441,0.00635474,0.00508382
0.0146397,0.00869126,0.00309558,0.023261,0.00625688,0.00320526
0.00668101,0.00463807,0.00403863,0.0151058,0.00309181,0.00806427
0.011798,0.00795364,0.0140852,0.0768664,0.0199928,0.0102699
0.00874028,0.00583342,0.00358037,0.0103056,0.00315172,0.00352272
0.0238967,0.0157316,0.00757011,0.0509771,0.0147015,0.0255287
0.0152098,0.0102798,0.00504004,0.0186628,0.00476811,0.00534462
0.0125507,0.0081334,0.0139174,0.0355685,0.00710082,0.0148237
0.013061,0.00910377,0.00555326,0.0343741,0.00841632,0.00360902
0.00947349,0.00640607,0.00713392,0.0488226,0.012505,0.0192869
0.0457887,0.0254586,0.0248569,0.117295,0.0298488,0.0369174
0.0202239,0.013951,0.00627008,0.0409463,0.00872275,0.0162075
0.0145667,0.010051,0.00626264,0.0277997,0.00875102,0.00496055
0.0169872,0.0116168,0.00512081,0.0240901,0.0047699,0.00108503
0.0190216,0.0132206,0.00651375,0.0443174,0.0112664,0.0244037
0.031508,0.0195499,0.0122121,0.0380878,0.010789,0.00581412
0.012621,0.00847313,0.0227566,0.0890871,0.0237892,0.055584
0.0194892,0.0130854,0.00816919,0.0262175,0.00569828,0.00456948
0.00530703,0.00364699,0.00217971,0.0300607,0.00891524,0.026235
0.00661979,0.00465486,0.00330976,0.0170058,0.00456751,0.00320968
0.0140123,0.00754491,0.00421307,0.0212785,0.00416935,0.00498816
0.0151976,0.00781423,0.00374043,0.0232012,0.00510544,0.00431197
0.025704,0.0168449,0.00985397,0.0248636,0.00735494,0.00815028
0.00529143,0.00385495,0.00215486,0.0139373,0.00535632,0.00084467
0.0498693,0.0308016,0.0229779,0.0878392,0.020703,0.0179095
0.0174417,0.0120534,0.00913199,0.0283683,0.00690809,0.00949868
0.0153311,0.0103794,0.00724206,0.0739328,0.0202135,0.0195804
0.0100976,0.00707511,0.00368749,0.0170575,0.00522463,0.00320503
0.00679867,0.00469903,0.00269952,0.0180017,0.00366324,0.0070844
0.0128189,0.0089305,0.00437719,0.0190749,0.00394857,0.00510908
0.0121789,0.00840457,0.00436882,0.0220983,0.00635134,0.00140011
0.0390058,0.0184568,0.0175544,0.0917028,0.0281337,0.0410157
0.0900137,0.0473255,0.0329368,0.105267,0.0278481,0.0660158
0.0238317,0.0166629,0.00613737,0.0389227,0.0101411,0.0207776
0.0171184,0.0115375,0.00991593,0.039815,0.00970098,0.0068134
0.0109766,0.00760737,0.00408219,0.0268115,0.00655329,0.00745252
0.0128458,0.00897843,0.00372164,0.0215475,0.00472326,0.00435597
0.0206021,0.0138966,0.00922326,0.0358963,0.0137115,0.0240629
0.00486305,0.00349862,0.0021874,0.0141944,0.00474849,0.00370546
0.014259,0.00964794,0.00472693,0.0166401,0.00377063,0.00789484
0.0362034,0.0192514,0.0236038,0.106979,0.0307752,0.0331118
0.0238069,0.00990996,0.0143403,0.0691899,0.0170026,0.0174266
0.0347122,0.0218581,0.0117665,0.0277909,0.00663979,0.0129259
0.0337568,0.020877,0.0304817,0.106745,0.0268377,0.0536585
0.0134663,0.00934344,0.00989063,0.0405408,0.00998997,0.0201255
0.0253622,0.0169778,0.00956044,0.0571507,0.0146483,0.0228213
0.0397198,0.0258958,0.019135,0.107636,0.0299296,0.0586915
0.0183918,0.0124467,0.00925006,0.0350422,0.00882874,0.0175585
0.0302703,0.0197691,0.00999116,0.0361125,0.00802848,0.00942809
0.0114897,0.007567,0.0240706,0.0536438,0.0128748,0.0155028
0.0557732,0.0327289,0.0312013,0.120512,0.0299444,0.0779615
0.0313243,0.0204765,0.0101162,0.0448643,0.00998883,0.0123799
0.0245672,0.0164945,0.00823713,0.0411416,0.0113517,0.0133094
0.0262044,0.0176312,0.0201934,0.100317,0.0256756,0.0209922
0.00754296,0.00503716,0.00180038,0.034161,0.010127,0.0145111
0.0190695,0.012585,0.00586495,0.0255059,0.00614739,0.0159877
0.0224214,0.0152277,0.00896187,0.0634589,0.0171574,0.00941469
0.0128868,0.00898623,0.00417644,0.0167757,0.00439224,0.00524824
0.0348433,0.0227851,0.0105003,0.0500149,0.0137294,0.0126904
0.0149768,0.00983012,0.00453106,0.0211734,0.00527357,0.00422232
0.0282815,0.0191058,0.00868006,0.041632,0.00924831,0.00942847
0.00856572,0.00593027,0.00221035,0.0194901,0.00670525,0.00338392
0.0383367,0.0216708,0.0132737,0.0624004,0.0180291,0.0129919
0.0418853,0.0223882,0.013353,0.0519428,0.014569,0.010488
0.0159182,0.0106793,0.00790063,0.0353917,0.00827844,0.00831164
0.00498892,0.00329671,0.00204096,0.014811,0.00432387,0.00223999
0.00604709,0.0042984,0.00325279,0.0207352,0.00549303,0.00410688
0.0196489,0.0134193,0.0132316,0.0467397,0.0143448,0.0120509
0.0108105,0.00757975,0.0054326,0.0299746,0.00604603,0.00413556
0.0138046,0.00947381,0.00611639,0.05414,0.0139868,0.00884207
0.0180071,0.0119295,0.0182987,0.0725593,0.0218663,0.0683822
0.0121388,0.00800813,0.00422972,0.0208046,0.0064597,0.00694908
0.0221867,0.0146257,0.00727498,0.0274273,0.00713621,0.00792483
0.0165748,0.0118161,0.00582221,0.0297361,0.0069714,0.0181783
0.0157218,0.0106817,0.00669916,0.0335124,0.00975532,0.00840858
0.023751,0.0152637,0.0451836,0.138633,0.0349468,0.0245921
0.00820994,0.00529916,0.00761682,0.0327703,0.0089607,0.0104592
0.0142948,0.0100204,0.00523313,0.0382007,0.00799241,0.0105749
0.00802249,0.00548085,0.0034952,0.0166487,0.00388492,0.00214625
0.0258321,0.0168821,0.00648385,0.0307321,0.0054393,0.00662346
0.00934034,0.00625529,0.00403223,0.0190397,0.00413227,0.00221585
0.0312103,0.0194565,0.0104587,0.0821019,0.0189617,0.0232895
0.0280194,0.0185767,0.0122519,0.0522014,0.0145968,0.0173497
0.0143741,0.0095968,0.00722511,0.0346649,0.010126,0.00942254
0.019041,0.0130347,0.0074124,0.0211911,0.0046155,0.00840266
0.00902817,0.00604169,0.00369681,0.0158268,0.00481344,0.00662433
0.0134511,0.00931546,0.00405929,0.0194425,0.00564976,0.0146852
0.0477527,0.0301374,0.0173187,0.082175,0.0210587,0.0296824
0.00595888,0.00391484,0.00167076,0.019644,0.00391461,0.00795103
0.0183027,0.0127164,0.0191673,0.0561608,0.0141571,0.00801349
0.0516543,0.026685,0.0276218,0.108215,0.0282582,0.0568083
0.0137817,0.00921174,0.00430642,0.017528,0.00432113,0.0055689
0.0072736,0.00545465,0.00330817,0.00823103,0.00297253,0.00501974
0.00917959,0.00630415,0.003182,0.0177653,0.0033999,0.00448204
0.0180343,0.0120148,0.00531688,0.033496,0.00880752,0.00475802
0.0234932,0.0148811,0.0116463,0.049295,0.013315,0.0504786
0.0213275,0.011121,0.00923422,0.0499432,0.0153528,0.0116061
0.0400189,0.0215921,0.0165111,0.0854409,0.0207986,0.0237515
0.00481533,0.00355764,0.00221305,0.0106664,0.0024886,0.00332135
0.019564,0.0131604,0.00817156,0.0375584,0.0087388,0.00331768
0.0301061,0.0199841,0.0114839,0.0374931,0.00855791,0.00676718
0.00677659,0.00475335,0.00406873,0.013079,0.00384337,0.00429945
0.0322342,0.0215338,0.00816397,0.0503414,0.0163172,0.0121185
0.0149618,0.0101651,0.0117443,0.0515239,0.011954,0.0184536
0.0667855,0.0338612,0.0791878,0.406486,0.110904,0.146546
0.0145467,0.00968167,0.00535463,0.0259131,0.00642348,0.0116927
0.0145647,0.00862666,0.0062469,0.0267439,0.00588305,0.009481
0.0307708,0.0168657,0.0196987,0.108878,0.0318731,0.0400106
0.0111826,0.00743731,0.00737765,0.0565276,0.0145463,0.0157043
0.0190318,0.0132072,0.00606584,0.0222077,0.00689235,0.0136902
0.0131397,0.00925034,0.00733002,0.0296333,0.00768861,0.00935265
0.0296256,0.0191141,0.00977597,0.0637828,0.0155072,0.0134742
0.0339899,0.0217106,0.0185833,0.084266,0.0209468,0.0476775
0.0238457,0.0159698,0.00610083,0.0324726,0.00698301,0.0116455
0.00624294,0.00461442,0.00635192,0.0315214,0.0089669,0.00296818
0.00642539,0.00324966,0.00230101,0.0219951,0.00776179,0.0110552
0.0133828,0.00879687,0.00557856,0.0247791,0.00717019,0.0138125
0.0375125,0.0235649,0.01166,0.0592685,0.0137275,0.0238941
0.0153042,0.0106846,0.00783876,0.0232803,0.00697014,0.00316745
0.0360124,0.0223191,0.0347554,0.102598,0.0258292,0.022994
0.0197346,0.0134056,0.00722951,0.0430522,0.00919562,0.0127223
0.0449985,0.0206305,0.0156383,0.0789748,0.0200648,0.0288083
0.045334,0.0207581,0.0155375,0.0772063,0.019538,0.0280987
0.0278482,0.0181585,0.00800807,0.0336835,0.0103219,0.0260989
0.0269557,0.013249,0.00933574,0.0334605,0.00966014,0.0129204
0.0254263,0.0136871,0.00810812,0.0230785,0.00515989,0.00824542
0.0231787,0.0153653,0.013464,0.0573241,0.0151032,0.0332076
0.00791318,0.00533502,0.00270065,0.0244101,0.00469137,0.00322185
0.018873,0.0130324,0.00539238,0.0175548,0.00611237,0.00493182
0.0186901,0.0129682,0.00616111,0.023445,0.00646972,0.00558469
0.0100525,0.00674223,0.0041532,0.0172126,0.00437852,0.00545651
0.00822291,0.00561806,0.00289404,0.0152845,0.00302503,0.00111812
0.0306672,0.0191858,0.0103847,0.046577,0.0118359,0.01827
0.0183601,0.0130308,0.00654772,0.0321952,0.0081129,0.0113861
0.0304246,0.0196366,0.0317358,0.111772,0.0289485,0.0311813
0.00926315,0.00612932,0.00480649,0.019573,0.00292147,0.00498909
0.0071052,0.00495661,0.0024163,0.0249326,0.00720246,0.0156987
0.0121958,0.00834711,0.00408361,0.0252564,0.00550165,0.00668056
0.0100035,0.00658162,0.0227286,0.068095,0.0184967,0.0230642
0.0137857,0.00990847,0.0109605,0.0378715,0.00797206,0.00562164
0.015577,0.010481,0.00846187,0.0313577,0.00810692,0.00910836
0.0266165,0.0171608,0.012709,0.0495547,0.0134408,0.0101264
0.0158236,0.0102705,0.00898012,0.0652511,0.0161723,0.0125782
0.0100572,0.00670246,0.00455084,0.0264033,0.00574094,0.00774136
0.0108686,0.00706029,0.0116689,0.0624677,0.0159632,0.0144295
0.00910826,0.00625803,0.0029809,0.016009,0.00351322,0.00710309
0.00904001,0.00632596,0.00430132,0.0261605,0.00587326,0.00384886
0.0179098,0.0121208,0.00291252,0.0279378,0.00807803,0.00845745
0.0102983,0.00697048,0.00671254,0.0168092,0.00502563,0.00830447
0.0205063,0.0140468,0.0116691,0.0487194,0.0139789,0.0162698
0.0582099,0.0209488,0.0250475,0.162521,0.0413857,0.0490635
0.00834252,0.00559092,0.00411441,0.0219158,0.00612508,0.00445011
0.0110715,0.00716412,0.00492599,0.0278851,0.00520325,0.00521336
0.0103444,0.00737314,0.00689245,0.0238879,0.0058775,0.00793788
0.0158686,0.0109931,0.00396349,0.0242105,0.00515097,0.00936555
0.00840621,0.00578503,0.0044963,0.0196879,0.00364474,0.000952628
0.0307579,0.019399,0.00836043,0.0429419,0.0111886,0.0189493
0.016621,0.0111539,0.006447,0.0233754,0.00468554,0.00737216
0.0384875,0.0252446,0.0192889,0.0657029,0.017907,0.0200487
0.0352977,0.0213779,0.0299336,0.124862,0.0310226,0.0495477
0.00436995,0.00314736,0.00288412,0.0103965,0.004244,0.00353052
0.0089473,0.00621211,0.00341948,0.0143148,0.00481958,0.00518725
0.0286705,0.0191782,0.0121497,0.0274097,0.00576808,0.0089305
0.00907306,0.00635046,0.0035003,0.0178718,0.00454315,0.00261144
0.0108053,0.00743764,0.00414038,0.0216208,0.00374247,0.00643183
0.00961362,0.0067658,0.00327138,0.0262493,0.00653968,0.012884
0.00559292,0.00415105,0.00254735,0.013579,0.00302738,0.00271701
0.0151703,0.0103486,0.00725215,0.0259333,0.00559124,0.00563946
0.0146774,0.00954715,0.0074124,0.0483951,0.0137686,0.0237747
0.00826697,0.00593763,0.00287669,0.0255114,0.00648784,0.00653174
0.0144111,0.00638329,0.0068985,0.0486527,0.0129378,0.00590184
0.0515037,0.0316234,0.0200333,0.0487747,0.0136402,0.0294408
0.0208131,0.0140057,0.00833916,0.0382393,0.0100204,0.0225473
0.0121828,0.00838019,0.00206144,0.0134247,0.00353414,0.0114096
0.0149642,0.0104098,0.00934015,0.0474189,0.0117869,0.00579984
0.0196145,0.0130404,0.00620614,0.0480154,0.0125204,0.0100886
0.0196076,0.0128246,0.00962982,0.0410405,0.00909708,0.0156797
0.0111065,0.00758683,0.0046482,0.020183,0.00684395,0.015111
0.0189604,0.0125897,0.00403302,0.0255153,0.00573437,0.0124508
0.0177307,0.0120974,0.00618656,0.0305284,0.00648934,0.00498914
0.00821079,0.00564046,0.00567481,0.0246363,0.00586497,0.00292418
0.00890166,0.0057613,0.00303864,0.0147518,0.00503814,0.00391116
0.00661514,0.00427688,0.00362243,0.00900622,0.00272397,0.00259593
0.0088555,0.0054479,0.00323875,0.00988919,0.00202654,0.0025666
0.0554233,0.0315444,0.033523,0.169348,0.0434814,0.067319
0.0102594,0.007418,0.00588115,0.0412168,0.0110491,0.0190704
0.0193378,0.00824613,0.0102074,0.0748449,0.0245344,0.0329389
0.0384381,0.0228813,0.0137336,0.0758405,0.0193502,0.0318879
0.028181,0.0186592,0.0117172,0.0481828,0.0111394,0.0190439
0.0266607,0.018118,0.00781944,0.0325357,0.00822888,0.0146047
0.0214935,0.0146265,0.00689838,0.0312347,0.00876006,0.00701316
0.0046284,0.00324279,0.00227445,0.0116986,0.0029669,0.00177059
0.0170294,0.0117061,0.00784129,0.00781999,0.00101547,0.00873039
0.00821285,0.0060761,0.00306367,0.0169184,0.00316346,0.0021997
0.0201474,0.0138255,0.0112405,0.0343688,0.00965888,0.0126011
0.0296306,0.0187993,0.0108922,0.0567015,0.015939,0.032558
0.0164057,0.0112635,0.00555256,0.0261131,0.00822946,0.0054216
0.0181366,0.0115974,0.009955,0.0423191,0.0109816,0.0179975
0.00749981,0.00541285,0.00739948,0.0172723,0.00417668,0.00533755
0.00424543,0.0030794,0.00263655,0.0116092,0.0024445,0.00282465
0.00662117,0.00484031,0.00957251,0.0207535,0.00556729,0.00565026
0.0271842,0.0180793,0.0189842,0.0862809,0.0223326,0.0116252
0.035809,0.0226182,0.0359161,0.083171,0.0209624,0.0421034
0.00490439,0.0033336,0.00153261,0.0119641,0.00385704,0.00615462
0.0210078,0.0116798,0.0076679,0.0530076,0.0134842,0.0297945
0.0169426,0.00853362,0.00540206,0.0316108,0.00804424,0.00747482
0.0339172,0.0215734,0.0387598,0.166496,0.0449093,0.104462
0.0212228,0.0138346,0.00973611,0.0439557,0.00965864,0.0169572
0.0317687,0.0208736,0.00859481,0.038509,0.0113956,0.0159327
0.0447472,0.0285927,0.0142403,0.040562,0.00962895,0.00947101
0.0117686,0.00777943,0.00230432,0.0188421,0.00501966,0.00389162
0.0127535,0.00854934,0.00413884,0.0320621,0.00833498,0.00989763
0.0043429,0.00316253,0.00822634,0.0184266,0.00269143,0.000473087
0.0179291,0.0121302,0.0090728,0.0321581,0.00889586,0.00847602
0.00548971,0.00363829,0.00218334,0.0118482,0.00366834,0.00244655
0.0100806,0.00719215,0.00354537,0.0195233,0.00473305,0.00742253
0.0262435,0.0175908,0.0109958,0.0322576,0.00757339,0.0102644
0.0163778,0.0108086,0.00460653,0.0295413,0.00800339,0.0116058
0.0185629,0.0127404,0.00499133,0.040368,0.010987,0.0142563
0.0199402,0.0134651,0.0103037,0.0551008,0.0151851,0.0184761
0.0199691,0.0136116,0.0138411,0.077702,0.0220688,0.0251677
0.00651282,0.00455959,0.00279498,0.0161968,0.00309037,0.00264557
0.017578,0.00980977,0.0161966,0.0452428,0.0129744,0.0104942
0.0119372,0.00808775,0.00640109,0.0183628,0.00536675,0.0060804
0.00979085,0.00684085,0.00313561,0.0263898,0.00659353,0.00926148
0.0183054,0.011579,0.00477272,0.0253452,0.00491545,0.00695896
0.016165,0.0105548,0.00580616,0.0319284,0.0083025,0.00611327
0.00979545,0.00662682,0.00421515,0.0243675,0.00653507,0.0055728
0.0221031,0.0146261,0.00827789,0.0444644,0.0101683,0.00526658
0.0108527,0.00715757,0.00471705,0.0207631,0.00436906,0.00368052
0.029138,0.0190665,0.00900427,0.0529357,0.0143775,0.0240573
0.0114282,0.00781612,0.00380589,0.0189428,0.0054446,0.0105009
0.0071027,0.00451847,0.00271809,0.0212913,0.00427841,0.0108005
0.0452933,0.0277585,0.0167428,0.0622045,0.0134958,0.0130185
0.0310836,0.020838,0.0147565,0.0561326,0.0142397,0.0129719
0.0360275,0.0235249,0.0171353,0.0916005,0.0263979,0.031897
0.0252269,0.0126118,0.00991671,0.0428463,0.012322,0.0154367
0.0232275,0.0145066,0.0342642,0.153918,0.036984,0.0244454
0.0256488,0.0173082,0.00965761,0.045509,0.0136182,0.0368648
0.00731812,0.00504567,0.00174754,0.0125653,0.00385366,0.00286596
0.0464244,0.0281789,0.0192733,0.0623451,0.0152653,0.0266302
0.0374329,0.0241372,0.0190609,0.0569066,0.017174,0.0214543
0.0104667,0.00694819,0.0105393,0.0377997,0.00879913,0.00823515
0.0191278,0.0129116,0.00658445,0.0314847,0.00873555,0.0112521
0.0348775,0.0219343,0.014484,0.0659588,0.0173724,0.0142574
0.0103124,0.00703914,0.00382272,0.0226605,0.00700888,0.00444019
0.019705,0.0123625,0.00972435,0.0388793,0.0110517,0.0170185
0.0255813,0.016197,0.00686481,0.0328087,0.00981186,0.0279754
0.016241,0.0108617,0.00288039,0.0223856,0.00606991,0.0127872
0.0102996,0.00717012,0.00363009,0.0131015,0.00450695,0.0183165
0.00552053,0.00436352,0.00803845,0.0157173,0.00471501,0.00244278
0.00763454,0.0055583,0.00592522,0.0132322,0.00413782,0.00390305
0.0377132,0.0227689,0.0349575,0.155754,0.0376618,0.0622505
0.0121941,0.00841028,0.00691663,0.0544299,0.0140047,0.0188994
0.0103483,0.00660867,0.00550978,0.0519023,0.0108214,0.0108928
0.0100306,0.0066365,0.00785109,0.0396236,0.0109791,0.0181073
0.0105253,0.00723954,0.0028615,0.0261297,0.00609378,0.00464559
0.0312167,0.0193356,0.0143251,0.0768269,0.0207528,0.0220505
0.026113,0.0166857,0.013104,0.0408217,0.0130306,0.0158829
0.00663177,0.00460715,0.00252979,0.0132652,0.00409618,0.00220214
0.0103141,0.00708812,0.00369396,0.0269659,0.00573638,0.00408957
0.0203203,0.0135174,0.00862398,0.0390718,0.00845626,0.00730663
0.00915622,0.00607332,0.00394295,0.0173154,0.00602676,0.00439562
0.00724684,0.00489849,0.00735085,0.0308343,0.00802119,0.0153175
0.007384,0.00511115,0.00426714,0.0138202,0.00382844,0.00323414
0.0142074,0.0100405,0.00358109,0.0230101,0.00615665,0.00478717
0.024578,0.0163403,0.00758447,0.029833,0.00689265,0.00563759
0.00976389,0.00664415,0.00452624,0.0236287,0.00561632,0.00305234
0.00684584,0.00492361,0.00214693,0.0265434,0.00646498,0.00239523
0.0239843,0.0163118,0.00579418,0.0321587,0.010176,0.018522
0.0249296,0.0156529,0.0163217,0.0977002,0.0263541,0.0407126
0.0142576,0.00958349,0.00401454,0.0258216,0.0079978,0.0195585
0.0234657,0.0156259,0.00715118,0.0349814,0.0104811,0.012425
0.00710587,0.0050793,0.00323783,0.0031436,0.000610927,0.00704062
0.0131828,0.00888925,0.00583826,0.0215635,0.00545502,0.00893275
0.0123484,0.00861959,0.00418359,0.0227179,0.00564075,0.00545027
0.0153496,0.0106844,0.00874335,0.0458068,0.0115041,0.00320698
0.026954,0.0182176,0.00800944,0.0275905,0.00572062,0.0105141
0.0258787,0.01717,0.0141386,0.074772,0.0173122,0.0293345
0.00621468,0.00426292,0.00143314,0.0161023,0.00506954,0.00416021
0.011466,0.00804624,0.00296079,0.0325152,0.00971345,0.00650095
0.0156135,0.0102333,0.00421552,0.033532,0.0103641,0.00449196
0.014804,0.00806925,0.00532807,0.0540564,0.0183049,0.0230263
0.0607116,0.0340478,0.0208443,0.110761,0.0302305,0.0376144
0.0334376,0.0181898,0.0228118,0.0938772,0.025106,0.0281857
0.0128647,0.00907752,0.00991152,0.063359,0.0150356,0.0168794
0.0242296,0.0162546,0.00851525,0.0360534,0.00928881,0.0158408
0.0308875,0.0166814,0.0119176,0.0934153,0.0237087,0.0141643
0.00623364,0.00441506,0.00441341,0.0214253,0.0046279,0.00142372
0.00983857,0.00695557,0.0253119,0.105481,0.0269484,0.016474
0.0146634,0.0100703,0.00512882,0.0266254,0.00602757,0.00980083
0.00907054,0.00616247,0.00202412,0.0212899,0.00546682,0.00682562
0.0583145,0.0269281,0.0194049,0.0969525,0.0224546,0.0205909
0.00945361,0.00670634,0.00534091,0.0110193,0.00296293,0.00376864
0.0151033,0.010268,0.00795563,0.0275753,0.00711604,0.00847284
0.0192105,0.0126005,0.00307527,0.0362216,0.00926846,0.0206352
0.0214245,0.0144425,0.00920665,0.0284101,0.008821,0.0091108
0.00918719,0.0061965,0.0100875,0.0478572,0.0124243,0.0141262
0.0227243,0.014849,0.00711731,0.0322878,0.00752837,0.00790979
0.00661316,0.00427598,0.00182735,0.0234277,0.00388784,0.0108976
0.0096096,0.00645251,0.0073322,0.0262067,0.00585811,0.00911744
0.00635308,0.0044373,0.00171138,0.0157054,0.00337243,0.00415502
0.0275186,0.0189112,0.0107676,0.0405943,0.0106902,0.00766199
0.0150872,0.0101741,0.00633374,0.0256088,0.00717107,0.00868676
0.00609875,0.00403028,0.00214436,0.0215661,0.00648954,0.00330548
0.0366732,0.0229342,0.021833,0.113359,0.0278549,0.0461579
0.0314158,0.0179155,0.048883,0.133838,0.0327429,0.0472715
0.031445,0.0207433,0.0109513,0.0585581,0.0151063,0.00930175
0.028509,0.0180334,0.0099523,0.043032,0.0106304,0.00732803
0.0112403,0.005348,0.00246562,0.0417726,0.00951131,0.013054
0.0194977,0.0113863,0.00570073,0.0309964,0.00727059,0.0200789
0.00937627,0.00630166,0.00343663,0.0202379,0.00498032,0.00322177
0.0103302,0.00705035,0.00482946,0.0202977,0.00468621,0.00784602
0.0342481,0.0222576,0.00863365,0.0406497,0.0105999,0.00810527
0.00883172,0.00646972,0.00347241,0.0152174,0.0023307,0.00185568
0.00866895,0.0057761,0.00460416,0.0099311,0.00285294,0.00534958
0.00580478,0.00421088,0.00198333,0.0162935,0.00221731,0.00136165
0.0126147,0.00864544,0.00513848,0.0210913,0.00566401,0.00568435
0.0264435,0.0178498,0.0082986,0.0449102,0.0119396,0.0126063
0.00998885,0.00688353,0.00734306,0.0451141,0.0128601,0.0127145
0.013486,0.00909361,0.00591742,0.0187608,0.00482288,0.00541201
0.0300797,0.0160871,0.0109066,0.0394843,0.00978522,0.00604122
0.0118723,0.00848336,0.00456328,0.0200498,0.00533805,0.00194942
0.00412163,0.00304765,0.00461773,0.0161302,0.00385667,0.00709692
0.00881716,0.00596723,0.00347035,0.0173476,0.00398966,0.00235587
0.015519,0.0106752,0.00427465,0.014226,0.0036835,0.0022403
0.0141247,0.00958391,0.00435369,0.0225353,0.00540095,0.00566558
0.00745384,0.00506532,0.00365522,0.0208209,0.00605543,0.00662206
0.0535406,0.0282126,0.0244394,0.148673,0.0392571,0.0489878
0.0126188,0.00821255,0.0040303,0.015784,0.00438854,0.00935376
0.0349073,0.0219163,0.0249512,0.113242,0.0297487,0.0165123
0.0185653,0.0123733,0.00663659,0.0301506,0.0072268,0.00800342
0.0141954,0.00965509,0.0046393,0.0195762,0.00457887,0.00357063
0.0627857,0.036981,0.0217013,0.0725143,0.0189053,0.020241
0.00545583,0.00359057,0.00184141,0.0141383,0.00409881,0.00840617
0.0107231,0.00753032,0.00356317,0.0214301,0.00622819,0.00261485
0.0119333,0.00820156,0.00781884,0.0537235,0.0140121,0.02817
0.0372706,0.0188864,0.0109626,0.082216,0.0207618,0.0289579
0.0535794,0.0300838,0.0340824,0.157532,0.0429655,0.0465692
0.0254034,0.0175146,0.00632438,0.0398138,0.0121533,0.020653
0.00658652,0.00453957,0.00335307,0.0191673,0.00374943,0.00392396
0.00828019,0.00589217,0.00323192,0.00708766,0.00190819,0.00630546
0.00823515,0.00600804,0.00855703,0.0455332,0.0124504,0.0115296
0.00876945,0.00636357,0.00351089,0.0211112,0.00565836,0.00483437
0.011594,0.00799546,0.00600132,0.0232206,0.00647312,0.00627837
0.0168871,0.0110394,0.01597,0.0989046,0.0268504,0.038632
0.0204226,0.0132749,0.00631638,0.0298533,0.00833485,0.00487859
0.0122423,0.00841592,0.00648553,0.0428915,0.0126111,0.0322172
0.0477092,0.0227892,0.0193232,0.101068,0.0260416,0.0338968
0.011721,0.00795559,0.0038753,0.0271107,0.00733433,0.00320559
0.0215806,0.0143399,0.00592312,0.0309358,0.00768279,0.0165702
0.0127981,0.00875556,0.00327764,0.0205768,0.00554874,0.0103067
0.0243703,0.0169237,0.0102502,0.0173303,0.0054825,0.0159062
0.0469288,0.0292518,0.0191364,0.066567,0.015181,0.0195486
0.0227456,0.0148738,0.00962943,0.0462436,0.0130514,0.0330524
0.0264815,0.0171369,0.021064,0.0844645,0.0221936,0.0273294
0.0154512,0.0101837,0.00649196,0.0205487,0.0060035,0.00403555
0.0393184,0.0252511,0.0136536,0.0805993,0.0215207,0.0254645
0.0288773,0.0195867,0.0164159,0.0686706,0.0179596,0.0175543
0.0163974,0.0109843,0.0109427,0.050023,0.0128548,0.0205696
0.0109806,0.0073466,0.00240236,0.0340811,0.00809519,0.0160546
0.0164288,0.010677,0.0138384,0.0654557,0.0176506,0.026633
0.0129999,0.00886945,0.00463783,0.0161135,0.00519593,0.00284571
0.0130072,0.00737444,0.00539527,0.0255381,0.00580533,0.00478201
0.0112007,0.00426418,0.00497642,0.0175377,0.00313185,0.00356919
0.0414739,0.0271673,0.0173561,0.0693777,0.0180384,0.0380204
0.0182859,0.0125052,0.00589619,0.020435,0.00488105,0.00490725
0.00861917,0.00566494,0.00419853,0.0284103,0.00366631,0.00268129
0.0118805,0.00828022,0.0249106,0.038899,0.0103359,0.027241
0.0371758,0.0235455,0.0369168,0.180464,0.0440248,0.0718544
0.0248501,0.015917,0.00804034,0.0305128,0.00796738,0.0108632
0.0433648,0.0277742,0.0151352,0.0628243,0.0168812,0.0187287
0.035136,0.0212858,0.0151771,0.0974897,0.0270922,0.030131
0.0151108,0.00748069,0.00546495,0.0250866,0.00596244,0.00515672
0.0285883,0.0185969,0.00991044,0.0344512,0.00943701,0.0224727
0.0303096,0.0200412,0.00849727,0.0298893,0.00904025,0.00904256
0.00953377,0.00489723,0.00229248,0.0225175,0.00630858,0.00639134
0.0204062,0.0124329,0.0151101,0.0923369,0.0265968,0.0320997
0.0312065,0.0176065,0.0210479,0.109793,0.0277183,0.0364054
0.0368319,0.0238575,0.0115412,0.0400093,0.0110907,0.00773004
0.0109954,0.00786555,0.00459792,0.0285397,0.00542697,0.00339566
0.00870388,0.00599713,0.00384967,0.00607669,0.000562195,0.00664958
0.0140933,0.00960447,0.00243658,0.0493693,0.0113865,0.0061088
0.0236497,0.015846,0.0119921,0.0507564,0.0124059,0.0167243
0.00930538,0.00639554,0.00433522,0.0284809,0.00701652,0.00951799
0.0396364,0.02634,0.0215483,0.103324,0.0254624,0.0330157
0.00567396,0.00409791,0.00236067,0.016888,0.00439424,0.00711455
0.0159044,0.0104065,0.00516622,0.0378471,0.00959899,0.00407303
0.0109819,0.00774673,0.0030355,0.0216365,0.00500379,0.00812519
0.00808642,0.00558886,0.00339808,0.012382,0.00239218,0.00528687
0.0140212,0.00933359,0.00389231,0.0216472,0.00489875,0.00428492
0.0045436,0.00316071,0.00234721,0.0135794,0.00378412,0.00555563
0.00948654,0.00635471,0.00278752,0.0155243,0.00441738,0.0137958
0.0108147,0.00763033,0.0031904,0.0163502,0.00437721,0.00136517
0.0318259,0.0188998,0.0266956,0.102294,0.0277117,0.0464575
0.00645838,0.00426183,0.00257972,0.0114427,0.00339275,0.00211604
0.0301703,0.0203885,0.00940052,0.0289518,0.00733204,0.0106374
0.0220035,0.0153396,0.012236,0.0408205,0.0112274,0.0251268
0.0204136,0.0133663,0.00661874,0.0444932,0.0095776,0.0110735
0.0137598,0.0096622,0.00518794,0.0115199,0.00365751,0.00750895
0.0288231,0.0188215,0.00717056,0.0428908,0.0113544,0.0192682
0.0273981,0.0175212,0.00974191,0.0386817,0.00896674,0.0116847
0.0318967,0.0212613,0.0187126,0.0646865,0.0147913,0.032402
0.0224485,0.0145777,0.00636337,0.0422196,0.00895303,0.0107952
0.0258873,0.0176937,0.00819317,0.0291579,0.00816085,0.0103939
0.0372651,0.020819,0.0470158,0.165296,0.043014,0.045522
0.0135272,0.00918867,0.00625688,0.0250556,0.00742388,0.0076757
0.0459636,0.0268641,0.0273028,0.133468,0.0338621,0.0335575
0.0182924,0.0123429,0.00645084,0.0298493,0.00856682,0.0124546
0.0173164,0.0119587,0.0121348,0.0381743,0.0106395,0.0173324
0.00696653,0.0034025,0.00304585,0.0201058,0.00719167,0.00394151
0.00724618,0.00377554,0.00423916,0.0266773,0.00700311,0.00362287
0.0239507,0.0155136,0.00739091,0.0569865,0.0137458,0.0118341
0.0426533,0.0227041,0.0508021,0.208399,0.0518028,0.0662294
0.00607773,0.00418248,0.00263261,0.0136527,0.00335636,0.00142425
0.0248486,0.0168972,0.00599475,0.0347483,0.00970049,0.0118922
0.00817571,0.00530346,0.00181084,0.0118425,0.00309271,0.00478608
0.0121525,0.00805727,0.00674783,0.0172742,0.00475813,0.00650913
0.0258662,0.0149303,0.0255636,0.160617,0.040881,0.0470261
0.00774441,0.00547122,0.00271656,0.0174051,0.00443379,0.00304697
0.0208328,0.0138557,0.00888007,0.0490165,0.01096,0.00773055
0.0255952,0.0166977,0.00676151,0.0418914,0.0101301,0.00718931
0.0121229,0.00743255,0.0177728,0.0960857,0.0212191,0.0182564
0.00869655,0.00586885,0.00276558,0.0166684,0.00595456,0.0048171
0.0132705,0.00927453,0.00510122,0.0261849,0.00705811,0.0055914
0.020201,0.0135047,0.00515679,0.0396519,0.00944208,0.0120494
0.0223497,0.0151555,0.00534265,0.0286706,0.00830308,0.0075555
0.00680029,0.0045933,0.0025408,0.0106976,0.00370905,0.00371695
0.0101776,0.00705394,0.00339599,0.0165324,0.00555626,0.00533859
0.0148605,0.00743204,0.00605717,0.0222044,0.00809025,0.0088693
0.00470705,0.0032759,0.00173455,0.0108262,0.00252776,0.00433658
0.0258299,0.015386,0.0184645,0.0823878,0.0213745,0.0400044
0.0206311,0.0135152,0.0044856,0.0350226,0.00902507,0.00376367
0.00818211,0.00539749,0.00221643,0.017527,0.00490105,0.00241773
0.0260249,0.017107,0.00795522,0.0470797,0.0114851,0.00466011
0.0415246,0.0258731,0.0238697,0.0750783,0.0177162,0.0231262
0.0371828,0.0239664,0.0167847,0.0858399,0.0238715,0.0558738
0.0154464,0.0110627,0.0133501,0.0602005,0.0167468,0.0229794
0.01124,0.00799939,0.00546678,0.0300568,0.00973685,0.0123463
0.0165303,0.0115714,0.00677064,0.035429,0.0114711,0.00509351
0.0374862,0.0215708,0.0359959,0.140356,0.0385579,0.0547685
0.0219159,0.0142893,0.00595545,0.0368482,0.00947615,0.0140329
0.0212821,0.0142259,0.00751552,0.0292739,0.00708809,0.018754
0.00928538,0.00601267,0.00312491,0.0199359,0.00355222,0.00256675
0.0258997,0.0173393,0.0121957,0.0178594,0.00490583,0.0202275
0.0122129,0.00858715,0.00435509,0.0199071,0.00559298,0.00698195
0.026682,0.0173659,0.0265195,0.127192,0.0345131,0.0594708
0.0238922,0.0154858,0.00718204,0.0382979,0.0100654,0.00756097
0.0491647,0.0307303,0.0494546,0.151377,0.0443938,0.185191
0.0379057,0.024916,0.0117257,0.0457467,0.0130188,0.0174953
0.0131442,0.00869028,0.00633387,0.0175899,0.00367569,0.00865342
0.0219244,0.0146394,0.00965398,0.0530454,0.0146571,0.0126527
0.0108026,0.00751593,0.0038296,0.0231376,0.00458374,0.00866298
0.0211443,0.0143669,0.00978495,0.0426166,0.0113012,0.00777618
0.033886,0.0148538,0.033536,0.123972,0.0343745,0.0458302
0.00895373,0.00594071,0.0041746,0.0161326,0.00512155,0.016198
0.0288664,0.0186202,0.00863715,0.0434663,0.00947383,0.019425
0.0560088,0.0332007,0.0199551,0.0593118,0.0155941,0.0251018
0.0168402,0.0108778,0.00822615,0.0504315,0.0122967,0.0333052
0.0267436,0.0171272,0.00627589,0.0460224,0.0124475,0.0149967
0.00535274,0.00362152,0.00320019,0.0172592,0.00548192,0.00532147
0.032474,0.0208223,0.0158956,0.062386,0.0161272,0.0210006
0.0299788,0.0146611,0.0149053,0.055361,0.0116773,0.0107972
0.0309008,0.0147388,0.0151377,0.048112,0.010028,0.00957817
0.031385,0.019931,0.0098779,0.0668839,0.0159182,0.0200359
0.0237851,0.0158306,0.00747891,0.0390217,0.00862509,0.00954752
0.0224712,0.0142811,0.00618549,0.034752,0.00972292,0.0115338
0.0246177,0.0142463,0.00630792,0.0348467,0.00969115,0.0109978
0.00628406,0.0044332,0.00328233,0.0114629,0.00447534,0.00238907
0.0106254,0.00771489,0.00820242,0.0267193,0.00579049,0.00825019
0.0212235,0.0139426,0.00539611,0.0335747,0.00883477,0.0153845
0.0250586,0.0161745,0.0081875,0.0382188,0.00944555,0.00852067
0.0176556,0.0122011,0.00888034,0.0368156,0.00757803,0.0125742
0.0399013,0.0259925,0.0209997,0.0645913,0.0156787,0.0243076
0.0123921,0.00840859,0.0040999,0.0260882,0.00542229,0.00447985
0.0168449,0.0109142,0.0194819,0.0655436,0.0160232,0.0173589
0.00751993,0.00503399,0.00267948,0.0108625,0.00191157,0.0041426
0.00756036,0.00531143,0.00366855,0.0163165,0.00450245,0.00185268
0.026821,0.017513,0.0114258,0.0414134,0.0121245,0.01988
0.0202537,0.0138654,0.0198107,0.0983016,0.0288072,0.0409364
0.00800183,0.00557485,0.00317836,0.0127233,0.00235608,0.00226495
0.00647624,0.00442726,0.00156268,0.0157242,0.00419133,0.00706638
0.0411603,0.0261617,0.0119675,0.0657062,0.017516,0.0157366
0.0164446,0.0110738,0.0047328,0.0352391,0.00709665,0.00846604
0.0181827,0.0123697,0.00720217,0.0404107,0.00948265,0.0179743
0.0254842,0.013283,0.0177512,0.0873447,0.0240912,0.0169197
0.037543,0.0245655,0.0128333,0.045214,0.0113781,0.0200061
0.0203285,0.0126264,0.00657021,0.043775,0.0108421,0.00524666
0.0116982,0.00755885,0.00278476,0.0234286,0.00436267,0.00464485
0.01153,0.00824735,0.00491372,0.0195277,0.00661199,0.00626135
0.00755038,0.00558016,0.00421163,0.0195619,0.00437143,0.00497089
0.0175218,0.0126377,0.00743073,0.0226159,0.00513484,0.0156201
0.0454629,0.0277755,0.034138,0.162902,0.0399495,0.0814322
0.0117118,0.00757144,0.00704657,0.0457322,0.0130663,0.0155194
0.0600965,0.036119,0.0440249,0.149913,0.0391511,0.0684077
0.0809067,0.0366929,0.0653255,0.364843,0.0859382,0.0916693
0.0192308,0.00828413,0.00564001,0.0265924,0.0058338,0.00660036
0.00850881,0.00574239,0.00426084,0.0254172,0.00583851,0.00343123
0.0119768,0.00866562,0.00442408,0.0248511,0.00626939,0.00540567
0.0138945,0.00969289,0.00442495,0.0229392,0.00512337,0.00498507
0.00422944,0.00326107,0.00142116,0.0137964,0.00302459,0.00449609
0.0230377,0.0150528,0.0149118,0.0843702,0.0214237,0.021107
0.0112371,0.00680073,0.00700872,0.0341993,0.00917083,0.00827512
0.0118513,0.00856665,0.0053041,0.0217971,0.00566804,0.0058462
0.0148378,0.010488,0.00410809,0.0253822,0.00538733,0.0017398
0.0343924,0.0226702,0.0118719,0.0427131,0.00901983,0.0149845
0.01927,0.0124856,0.00543004,0.0299845,0.00717371,0.0114355
0.00619983,0.00455323,0.00274995,0.0122169,0.00355875,0.00200193
0.0232107,0.0153163,0.00607903,0.0358577,0.00819579,0.00460597
0.0159136,0.00857267,0.00379157,0.0211384,0.00756765,0.00504116
0.0164647,0.00936115,0.00484546,0.0227361,0.00679943,0.00669719
0.0102011,0.00678667,0.00940349,0.0338406,0.00728405,0.00968733
0.014074,0.00981135,0.00237892,0.0237191,0.00511164,0.00298832
0.0441036,0.0264165,0.0310253,0.0543645,0.0140698,0.0276768
0.0185102,0.0126572,0.004895,0.0305104,0.00872584,0.00654109
0.0109606,0.0072908,0.00362893,0.0177578,0.00446563,0.00819654
0.0176994,0.0120536,0.00601776,0.0309753,0.00693553,0.00721327
0.00752169,0.00496247,0.00212757,0.0179287,0.00492025,0.00130621
0.0142137,0.0096026,0.0061869,0.00498258,0.00193065,0.00408021
0.0157184,0.0110491,0.00957632,0.0228311,0.00642557,0.00836485
0.0206301,0.0138682,0.0115222,0.0678424,0.0173579,0.0235284
0.00829754,0.00585437,0.00366009,0.0145121,0.00337657,0.00543492
0.0195262,0.0127721,0.0075362,0.0232221,0.00595012,0.00440979
0.0185058,0.0126264,0.00673171,0.0425024,0.00842665,0.0042701
0.011734,0.00842407,0.0143236,0.0110881,0.000452658,0.00398761
0.0217869,0.0133591,0.0106887,0.0477418,0.0123532,0.017628
0.0110602,0.00762921,0.00287591,0.0162508,0.00339059,0.00570474
0.0105848,0.00746707,0.00471721,0.019916,0.00488572,0.00444613
0.0342407,0.0209364,0.0241024,0.104077,0.0275494,0.0417625
0.014459,0.0096339,0.00735616,0.03603,0.0104634,0.0107603
0.0448988,0.0286511,0.0204979,0.0680837,0.0210756,0.0443204
0.0180088,0.0115027,0.00615221,0.0260319,0.00817117,0.0175783
0.0385926,0.0190456,0.0227694,0.105668,0.0306877,0.0320635
0.0481873,0.0213482,0.0291811,0.101115,0.0276087,0.0444657
0.0351152,0.0161943,0.0134862,0.0405878,0.00952889,0.0217952
0.0281725,0.0125676,0.006739,0.0393374,0.0076573,0.00926491
0.027918,0.0127282,0.00673346,0.0358956,0.00732686,0.0081362
0.012654,0.00848256,0.00931194,0.044272,0.0141948,0.023556
0.00899936,0.00561697,0.00364608,0.0227016,0.00566104,0.0196785
0.0117205,0.0080138,0.00384339,0.0203731,0.00429628,0.00732039
0.0201632,0.0131897,0.00703466,0.0332631,0.00851336,0.0132838
0.0292863,0.0191105,0.0145705,0.0583289,0.014424,0.0162798
0.018761,0.0126367,0.00882418,0.0464318,0.012921,0.0479601
0.0104899,0.00724487,0.00318759,0.0213638,0.00606486,0.00708169
0.0129387,0.00910036,0.00340606,0.0235711,0.00535141,0.000903824
0.0203896,0.0133571,0.00603089,0.0264206,0.00658475,0.00621815
0.0118158,0.0080599,0.00481057,0.032676,0.00883783,0.00274585
0.00661587,0.00433476,0.00227273,0.0173796,0.00317131,0.00244781
0.00582961,0.00374661,0.00270842,0.0166032,0.00370496,0.00362246
0.0341203,0.0223602,0.0123073,0.0427189,0.00936376,0.0111326
0.0104742,0.00735675,0.00379919,0.0161781,0.00349816,0.00411243
0.0227611,0.0155198,0.0156731,0.0635037,0.0160127,0.017069
0.0206414,0.013914,0.0103739,0.0703043,0.0174122,0.0200409
0.00931147,0.00608019,0.00302894,0.0160771,0.00353977,0.00395546
0.0139164,0.00559125,0.00518147,0.0253348,0.00665161,0.00431708
0.0164362,0.00759481,0.0058987,0.022239,0.00593417,0.00328819
0.0189144,0.0131123,0.0069535,0.0255764,0.00661563,0.00600447
0.0635691,0.0310514,0.0313004,0.122967,0.0329917,0.0315445
0.0563802,0.031132,0.030049,0.108059,0.0265992,0.0290224
0.00931805,0.00651968,0.0042776,0.0261966,0.005432,0.00257807
0.0333219,0.0208472,0.00996271,0.0342888,0.00983784,0.021556
0.0328672,0.0218625,0.013867,0.0653274,0.0157635,0.010457
0.00717225,0.00480962,0.001945,0.0207058,0.00535539,0.00279892
0.00541342,0.00394105,0.00202153,0.0134553,0.00363161,0.00330874
0.0110712,0.0077018,0.00406361,0.0185947,0.00459694,0.00600663
0.0220743,0.0147768,0.0129285,0.054683,0.0139028,0.0264105
0.0154917,0.00884172,0.033518,0.147827,0.0414392,0.0662523
0.0201612,0.0125369,0.00599193,0.0403212,0.00826789,0.0134321
0.0611449,0.0230422,0.0246874,0.128294,0.034773,0.0231433
0.0659442,0.0231267,0.0249662,0.122264,0.0282618,0.0196116
0.0138104,0.00945761,0.00497374,0.0211743,0.00446821,0.00596514
0.0123246,0.00823209,0.00549622,0.0166741,0.00475429,0.0122256
0.0112487,0.00781419,0.00441251,0.0146343,0.00609922,0.00838515
0.0344313,0.0219477,0.0100315,0.0743844,0.0200109,0.014147
0.00919639,0.00658226,0.00474133,0.0150752,0.00292669,0.00312068
0.0355642,0.0228341,0.0129208,0.0502766,0.012779,0.00838204
0.0129486,0.0084164,0.0042451,0.0236855,0.00634759,0.00282641
0.00766646,0.00521032,0.00227918,0.022048,0.00401084,0.00243667
0.010124,0.00677126,0.00426183,0.0213078,0.00523842,0.00464786
0.00905012,0.00635068,0.00352226,0.0149241,0.00347386,0.00705226
0.027748,0.018512,0.0083125,0.0429085,0.0106386,0.00649028
0.0153454,0.0103865,0.00523459,0.0369211,0.00818766,0.0123186
0.0197739,0.0133994,0.00790305,0.0310286,0.00865418,0.0139604
0.00765706,0.00528196,0.0031751,0.0167021,0.00336455,0.00800357
0.0225709,0.0144936,0.0214659,0.079502,0.0217607,0.0187149
0.0241067,0.0157859,0.00815333,0.0491336,0.0117516,0.0101189
0.0340537,0.0224059,0.015713,0.0692004,0.0164603,0.0130985
0.0228383,0.0152026,0.00706781,0.0398752,0.0111709,0.0119302
0.0365489,0.0234358,0.0179621,0.0494002,0.0148137,0.0151087
0.0236851,0.0156247,0.00727779,0.0345944,0.00775445,0.016257
0.0109012,0.00777219,0.00224929,0.0211572,0.00477981,0.00568784
0.0147852,0.0105539,0.00579231,0.0198484,0.00614671,0.00564179
0.0288554,0.0187736,0.0106274,0.0716016,0.0167615,0.00992606
0.0163441,0.0113273,0.0081964,0.031293,0.00918442,0.00345607
0.00576349,0.00402075,0.0024668,0.0220373,0.00532493,0.00220102
0.0265503,0.0169086,0.0317415,0.100591,0.0273555,0.0803458
0.0258863,0.0172032,0.0063514,0.0403202,0.0100937,0.0164683
0.0401335,0.0256191,0.0114192,0.0425176,0.0116805,0.0102263
0.00752664,0.0052748,0.00151985,0.0164907,0.00276742,0.00613398
0.0204976,0.0136364,0.00489488,0.0367934,0.00945073,0.0207108
0.0305453,0.020228,0.00912203,0.053983,0.0132952,0.0172938
0.032192,0.0219184,0.00818247,0.0552446,0.0147351,0.00487476
0.0754262,0.0434404,0.0278075,0.101016,0.0263684,0.0445728
0.0273786,0.0179664,0.00827182,0.0342568,0.00752499,0.0238893
0.0509857,0.0284384,0.0213488,0.0807277,0.0236149,0.027485
0.0338207,0.0156894,0.0172657,0.0656623,0.0175184,0.0185944
0.0236204,0.0149275,0.0174275,0.0797407,0.0194385,0.02613
0.0345679,0.016641,0.0117128,0.0577721,0.0158744,0.0132874
0.02423,0.0133966,0.00982708,0.0442832,0.0122194,0.00878594
0.0191609,0.0130805,0.00702534,0.0320223,0.00823133,0.00832332
0.0135987,0.00937944,0.00516413,0.0212683,0.00593413,0.00216921
0.00975784,0.00680341,0.0032319,0.0187785,0.00510395,0.00484637
0.0269238,0.0180183,0.0140933,0.080188,0.0207973,0.0319564
0.0099781,0.00687715,0.00300022,0.0265489,0.00650739,0.0106057
0.0164361,0.0107729,0.00434805,0.0399022,0.00940831,0.00994418
0.0336396,0.0170042,0.0107574,0.0556187,0.018698,0.0191044
0.0529645,0.0299755,0.0186138,0.0900199,0.0237146,0.0325117
0.021091,0.0138207,0.0175961,0.108153,0.0271369,0.0521141
0.0139538,0.00938167,0.00723723,0.0431599,0.00996312,0.0257055
0.0509962,0.0234173,0.020892,0.0715116,0.0200355,0.0308915
0.0363328,0.0232509,0.0124376,0.0626085,0.0149786,0.00509034
0.018356,0.0125471,0.00548626,0.00377999,0.00143098,0.0169569
0.0223438,0.0147067,0.0127914,0.0425375,0.0117566,0.0381723
0.0229166,0.0152218,0.00751129,0.0352536,0.0113007,0.0153192
0.0169,0.0113134,0.0045235,0.0336378,0.00938504,0.00902744
0.0162353,0.0111293,0.00501717,0.0299249,0.00918726,0.00452022
0.0264283,0.0177412,0.00973145,0.0510549,0.0129015,0.0120761
0.0103721,0.00513553,0.00561452,0.0174066,0.00470806,0.0056966
0.0125711,0.00674568,0.00593741,0.0189333,0.00480641,0.00686126
0.0248304,0.016602,0.00609396,0.038723,0.00915961,0.0135633
0.0269257,0.0184583,0.00867864,0.0455539,0.0105968,0.0156755
0.00638918,0.00408954,0.00273897,0.00802487,0.00252131,0.00300152
0.0177631,0.00978367,0.00506798,0.0279016,0.00911744,0.0103719
0.0151433,0.00786074,0.00462908,0.01973,0.00569202,0.00889081
0.0178255,0.01236,0.00622762,0.029436,0.00621077,0.00628605
0.018114,0.0123357,0.00718579,0.0198932,0.00584077,0.0135547
0.0110323,0.00745393,0.00364584,0.0250191,0.00602615,0.0115132
0.0249322,0.0166888,0.00945771,0.0415562,0.010125,0.0106189
0.0183365,0.0130202,0.00650586,0.00377892,0.00164601,0.00877695
0.0203088,0.0135808,0.00503553,0.0260933,0.0072165,0.00934777
0.0208581,0.0141381,0.00692795,0.0240616,0.00680645,0.00804716
0.0188231,0.0117214,0.0062133,0.043114,0.0130002,0.00802264
0.0322248,0.021286,0.00920825,0.0376848,0.00945461,0.015788
0.00695604,0.00493144,0.00298595,0.0124195,0.00464592,0.00310875
0.0124667,0.00849313,0.00462514,0.0234314,0.00630181,0.00870713
0.00651544,0.00454564,0.00301742,0.0106079,0.00270294,0.00292005
0.0481404,0.0213608,0.0354841,0.160001,0.0392596,0.0607661
0.0143974,0.00964841,0.00365131,0.02407,0.00618417,0.011987
0.00775632,0.00556844,0.00899546,0.0237798,0.00576332,0.00348747
0.017338,0.00778637,0.012873,0.0598151,0.0159076,0.0225808
0.0260829,0.015581,0.00669282,0.0373737,0.0102149,0.0243116
0.018531,0.0124217,0.00594841,0.0376553,0.0104266,0.0059611
0.0156352,0.010686,0.00510071,0.0248017,0.00545157,0.00605615
0.0165215,0.0111784,0.00754768,0.0434842,0.00932835,0.0135348
0.0632543,0.0232808,0.0238968,0.0961099,0.022253,0.0218208
0.00630985,0.0041799,0.00125729,0.0160252,0.00450558,0.00278742
0.045651,0.0245071,0.0218424,0.0832991,0.0220511,0.0335718
0.0318075,0.0206996,0.00804137,0.0609758,0.0153436,0.022626
0.0150157,0.0103156,0.00655508,0.0378377,0.00851021,0.00206898
0.0100765,0.00729102,0.00495881,0.0222287,0.00403556,0.00510868
0.0344494,0.0199332,0.0274829,0.109371,0.0265385,0.0436334
0.0195622,0.00914626,0.016149,0.0901003,0.0264048,0.0481852
0.0253827,0.0128404,0.0251958,0.11262,0.0298951,0.0689628
0.00433758,0.00313523,0.00148265,0.0116288,0.00302588,0.00451543
0.0202814,0.0132478,0.00727426,0.0202428,0.00617971,0.00421226
0.0538536,0.0310456,0.0270284,0.101682,0.0268901,0.0302251
0.0514218,0.0249171,0.0208328,0.0780982,0.0228556,0.0239562
0.0535234,0.0198709,0.0201542,0.0661467,0.016427,0.0229196
0.010199,0.00698331,0.00827507,0.0296878,0.00691157,0.00489898
0.0254625,0.015294,0.0178507,0.0736542,0.0186239,0.0193771
0.0247676,0.0161621,0.0196577,0.0578387,0.0180941,0.0154282
0.0141799,0.00535721,0.00962262,0.0383722,0.0132439,0.0115622
0.021146,0.0120892,0.018332,0.0578286,0.015163,0.0149121
0.0171024,0.0115047,0.00751906,0.030804,0.00885385,0.0130562
0.0252515,0.0166367,0.00659468,0.0496742,0.0106338,0.00603171
0.00720696,0.004859,0.0034871,0.0151375,0.00293052,0.00303978
0.0146395,0.00933629,0.0122339,0.0933843,0.0235177,0.0280009
0.0554962,0.0336397,0.0274544,0.145873,0.0399603,0.0951552
0.0181838,0.0124843,0.00673792,0.0253238,0.00725243,0.0186299
0.0100166,0.00597553,0.00416077,0.0173267,0.00428856,0.0115161
0.0494945,0.031144,0.0153546,0.08069,0.0193981,0.018755
0.00789533,0.00548333,0.0029188,0.0195691,0.00541189,0.00686437
0.00851361,0.00574154,0.00282497,0.0143281,0.00395572,0.00510348
0.00801636,0.00577425,0.006589,0.033195,0.00785602,0.00716589
0.0454156,0.0227633,0.0441472,0.192358,0.0518915,0.0985071
0.0225646,0.0137602,0.00977875,0.0666768,0.0262888,0.0336467
0.0312974,0.0176714,0.0716536,0.32413,0.0807333,0.138746
0.0317802,0.011896,0.0145842,0.0608804,0.0161682,0.0125995
0.0314861,0.0118119,0.0144144,0.0543125,0.0128331,0.0114149
0.0116464,0.00827377,0.00423572,0.0124259,0.00274611,0.00270367
0.0175346,0.0119789,0.0251458,0.0475202,0.0124834,0.00972775
0.00856273,0.00611174,0.00218453,0.0162428,0.00439315,0.00373519
0.0316188,0.0217524,0.0114816,0.03718,0.0106099,0.0104207
0.0122857,0.0087891,0.0039103,0.021075,0.00575518,0.0126924
0.0349091,0.0208561,0.0199858,0.112314,0.0277654,0.0349366
0.0149921,0.00745282,0.00797303,0.0271449,0.00577477,0.0107823
0.0299711,0.0197799,0.0249272,0.0927884,0.0236776,0.0404159
0.0125629,0.00848735,0.00474051,0.023818,0.00535364,0.00358516
0.0120697,0.00842859,0.00418103,0.0240649,0.00820306,0.00820052
0.0412465,0.0266927,0.0193676,0.100018,0.022924,0.0331526
0.0248578,0.0160125,0.00682438,0.0398798,0.00913247,0.0118839
0.0283837,0.0189466,0.014307,0.0406823,0.0115292,0.0204735
0.00476115,0.0035502,0.00231576,0.0189581,0.00532724,0.0048222
0.0411741,0.0273024,0.0142394,0.0434654,0.01019,0.0133151
0.016922,0.011504,0.00461702,0.0121345,0.00270237,0.000979172
0.00926254,0.00626793,0.00554924,0.0135001,0.00355781,0.00454185
0.0260861,0.0171422,0.00802245,0.0402777,0.0108785,0.0296008
0.0506007,0.0296267,0.0170228,0.0964177,0.0219036,0.0253169
0.0241084,0.01401,0.0406897,0.190389,0.0488016,0.106449
0.0217221,0.0143812,0.00572219,0.0312567,0.0081218,0.0175101
0.017551,0.0119772,0.00709117,0.0295791,0.00443287,0.0089068
0.0309557,0.020425,0.00757328,0.0477181,0.0115217,0.0214321
0.00581066,0.00391878,0.00460503,0.030036,0.00827957,0.002357
0.0117664,0.0083742,0.00319406,0.014834,0.00355928,0.00535344
0.012571,0.00882271,0.00440717,0.0187551,0.00590437,0.0102909
0.00656845,0.00436124,0.0121056,0.0475775,0.0146994,0.0313586
0.0112394,0.00770427,0.00442881,0.0195937,0.00503789,0.00321624
0.0300194,0.0201534,0.00950638,0.0378835,0.00987909,0.0107588
0.017955,0.0119059,0.011258,0.0703562,0.0174107,0.0160936
0.0329689,0.0218666,0.0111826,0.0453232,0.0109903,0.00976319
0.0237157,0.0161153,0.0100327,0.0108165,0.000961333,0.0085034
0.0256948,0.0164238,0.021735,0.0521291,0.013196,0.0188513
0.00885689,0.00587757,0.010639,0.0520498,0.0121781,0.0209444
0.0127657,0.00850898,0.00483661,0.0210875,0.0050817,0.00479186
0.0118543,0.00828651,0.00502873,0.00782203,0.00184155,0.0109225
0.0146058,0.00976772,0.00533879,0.0219761,0.00453626,0.00879662
0.0154901,0.0105946,0.00653317,0.0313403,0.00663244,0.00329357
0.0166581,0.0111688,0.00488865,0.0173101,0.00264512,0.00401171
0.0121887,0.00815185,0.00388483,0.0225954,0.00369672,0.0040681
0.0131477,0.00939799,0.00425912,0.0110875,0.00287574,0.00591224
0.0124837,0.00724235,0.0076867,0.0388279,0.0109494,0.00666095
0.0440174,0.0251343,0.0308501,0.178395,0.0477939,0.0618328
0.0555246,0.0315823,0.0508488,0.169552,0.0463777,0.0722111
0.0321528,0.0202485,0.00776565,0.0480368,0.0122611,0.0145985
0.0130913,0.00858424,0.00362424,0.0310296,0.00898035,0.00269868
0.0227369,0.0145944,0.0160115,0.0881436,0.0241258,0.0154542
0.00950271,0.0062594,0.00458719,0.015634,0.00355018,0.00466571
0.0108753,0.00732845,0.00327205,0.00656565,0.0012794,0.00655412
0.0136562,0.00942433,0.00452673,0.0156517,0.00360645,0.00432745
0.0117555,0.00854386,0.00405798,0.0183958,0.00499622,0.00280999
0.0282766,0.0170386,0.0123303,0.0631062,0.015805,0.0373607
0.0195083,0.0136187,0.00687648,0.0354195,0.0110888,0.00899324
0.00437157,0.00324453,0.00141667,-0.000134543,5.4667e-05,0.00107216
0.0186712,0.0117878,0.00851854,0.0223758,0.00669868,0.0110721
0.0158195,0.00836271,0.00446936,0.0221809,0.00451843,0.00355892
0.0111302,0.00730636,0.00349121,0.0168596,0.00373586,0.0052837
0.0166256,0.0110302,0.00573776,0.0249211,0.00455073,0.0071819
0.00949118,0.00688297,0.00379929,0.0189738,0.00487155,0.00216856
0.0285023,0.0190967,0.00826547,0.0552015,0.0117208,0.0144737
0.00662042,0.00448916,0.00393427,0.0118585,0.00390394,0.00315127
0.0414602,0.0249377,0.0372067,0.181812,0.045593,0.0422326
0.0214591,0.013574,0.00950703,0.068765,0.0177291,0.02774
0.0684666,0.0388926,0.0258035,0.0981278,0.0258075,0.0251193
0.0170995,0.0108116,0.0311265,0.0887486,0.0228936,0.0289738
0.0603915,0.0293531,0.048324,0.220493,0.0600409,0.0990851
0.0452246,0.0247916,0.0441154,0.171842,0.0457813,0.0670982
0.0160933,0.0111483,0.00612023,0.0253914,0.00682556,0.010561
0.0336437,0.0217168,0.0179895,0.0905393,0.025658,0.0239686
0.0366061,0.0232576,0.0197663,0.0772959,0.0214124,0.0256078
0.0125382,0.00818171,0.00430887,0.0368965,0.00770154,0.00153907
0.0138189,0.00930044,0.00341523,0.0200156,0.00627352,0.00595899
0.0347266,0.0210188,0.0196107,0.0259027,0.00558123,0.0256381
0.0121716,0.00817926,0.00418152,0.038705,0.0134667,0.0196098
0.0126316,0.00891385,0.00270274,0.0187998,0.00380401,0.00786109
0.00684358,0.00461989,0.00168992,0.0347557,0.0087436,0.00636032
0.0085742,0.0056517,0.00303753,0.0212524,0.00511786,0.00266004
0.0486326,0.0308456,0.0176932,0.0853489,0.0225741,0.0646411
0.0146207,0.0103441,0.00684816,0.0318245,0.00825824,0.00573351
0.02697,0.0166022,0.0272313,0.117879,0.0292885,0.0203123
0.0185535,0.0126035,0.00654152,0.0378109,0.0110229,0.00765971
0.026861,0.0176133,0.01136,0.0779879,0.0202861,0.0817446
0.0295537,0.0189776,0.00832666,0.0359394,0.00864658,0.00501832
0.0102842,0.00686038,0.00774613,0.0512842,0.0157036,0.0204623
0.0266778,0.0105734,0.0190593,0.0901636,0.0235325,0.0368315
0.0119277,0.00849463,0.00498529,0.0357408,0.00881214,0.0100155
0.00994451,0.00635334,0.00336033,0.0130112,0.00293883,0.00171023
0.0274916,0.0125484,0.00833084,0.0365661,0.0110587,0.00893176
0.0275862,0.0125357,0.00812082,0.0350953,0.0090938,0.00899862
0.0164064,0.011088,0.0057231,0.0240356,0.00669757,0.0089486
0.0133659,0.0089741,0.0207417,0.0846948,0.0214173,0.030397
0.0229909,0.0157529,0.00960404,0.0407791,0.0112901,0.0204003
0.0190685,0.0130971,0.0133619,0.0111783,0.00226633,0.01655
0.014334,0.00961315,0.00623266,0.0350276,0.00837291,0.0104751
0.0263667,0.0175101,0.0123818,0.0582944,0.0165629,0.0174165
0.00683608,0.00503878,0.00366645,0.00980395,0.00224935,0.00335523
0.0214987,0.0137135,0.00657369,0.0346208,0.00813019,0.00390682
0.0129264,0.00894881,0.00464941,0.0133885,0.00472485,0.010624
0.00714449,0.00468375,0.00188375,0.0182961,0.00498516,0.00858019
0.0188343,0.0125317,0.00740971,0.0347212,0.00977886,0.00909652
0.0113991,0.00766696,0.00436464,0.0194658,0.00304836,0.00263
0.0091272,0.00660857,0.00359636,0.00319848,-1.9805e-05,0.0084169
0.0323095,0.0209118,0.00950704,0.0329132,0.0101757,0.0100797
0.0357165,0.0224074,0.0193057,0.0657021,0.0169733,0.0108195
0.00699676,0.00359822,0.00287118,0.00113811,0.000877877,0.00313504
0.0615721,0.0376845,0.0237869,0.0767353,0.0198951,0.0371387
0.0173249,0.00965158,0.00835817,0.0587354,0.0164558,0.0207573
0.0463115,0.0257432,0.0306082,0.107857,0.0316749,0.0251159
0.0106399,0.00696231,0.0222872,0.0805721,0.026297,0.039858
0.0559046,0.0345647,0.0167438,0.0584325,0.0146558,0.0192581
0.0231234,0.0124956,0.00722827,0.0552823,0.0160404,0.00949666
0.064252,0.0372335,0.0205885,0.106592,0.0256579,0.0120836
0.00504649,0.00331813,0.00260307,0.00281716,0.000265427,0.00383104
0.0299434,0.019423,0.00777458,0.0410006,0.0100794,0.010724
0.0178631,0.012232,0.00688427,0.0440326,0.00950451,0.00177582
0.00731743,0.00515882,0.00214185,0.0322089,0.00787651,0.00226798
0.0181802,0.0121669,0.00454563,0.0171644,0.00555965,0.0101265
0.03885,0.0232639,0.0158,0.0902316,0.0239517,0.0171874
0.0159971,0.0108258,0.0154589,0.0485931,0.0123783,0.00752257
0.0238984,0.0148835,0.0065769,0.0399072,0.0109916,0.013306
0.032836,0.0215215,0.0112032,0.0348953,0.0101181,0.0213549
0.0317542,0.0203446,0.0115121,0.0520262,0.0132469,0.0310105
0.0160062,0.0109657,0.00443931,0.0304978,0.00762323,0.0100385
0.0128927,0.00887071,0.00385644,0.0138538,0.00355559,0.00409374
0.0607836,0.0351009,0.0251004,0.134736,0.0372635,0.0500761
0.0195765,0.00722561,0.00858167,0.0304393,0.00654244,0.00728925
0.0436898,0.0247152,0.0362274,0.134369,0.035313,0.0319742
0.0207487,0.0141463,0.00741776,0.0425321,0.0110057,0.00481484
0.0061947,0.00448539,0.00584489,0.0114184,0.00429506,0.00810887
0.0251569,0.0167899,0.0180296,0.0854742,0.0227879,0.0415468
0.0175327,0.0117946,0.0171061,0.0997432,0.0240251,0.0243253
0.0171788,0.0120353,0.00501316,0.0453004,0.0105331,0.00578186
0.0533949,0.030783,0.0171376,0.0759794,0.0192043,0.0430037
0.0354186,0.0228531,0.0130626,0.0695945,0.0181181,0.0193016
0.00535622,0.00353243,0.00279499,0.0087905,0.0032238,0.00085841
0.0118413,0.00806527,0.00408931,0.032297,0.00797964,0.00611363
0.00970591,0.00648734,0.00361864,0.00325811,0.000361581,0.0023249
0.0206544,0.0135147,0.00515966,0.031663,0.00735171,0.00395056
0.0430792,0.0274967,0.0105851,0.069787,0.0169086,0.014665
0.0082365,0.00542438,0.00225587,0.0235155,0.00463429,0.0063973
0.0432455,0.0288786,0.0165618,0.0756446,0.0214723,0.0210358
0.0239945,0.0157202,0.0181169,0.0840619,0.0209587,0.0304433
0.0141314,0.00982838,0.00442076,0.0370144,0.0114122,0.0288644
0.0134179,0.0091766,0.00470127,0.0303192,0.00694792,0.00826723
0.0604455,0.035528,0.0321355,0.109301,0.0281819,0.03658
0.00677862,0.00495641,0.00232338,0.0271652,0.00691521,0.0165408
0.0212486,0.0133167,0.0261663,0.0868094,0.0200242,0.0608829
0.00699635,0.0051996,0.0027719,0.0140707,0.00286498,0.00515135
0.0125417,0.00834231,0.00583862,0.0267597,0.00764904,0.0070056
0.00968134,0.0066529,0.0154125,0.088711,0.0241662,0.0447026
0.0102,0.0073387,0.00285573,0.00761552,0.00115855,0.00360368
0.023623,0.0118908,0.00828721,0.058942,0.0192627,0.0133224
0.0356036,0.0221083,0.0381389,0.155963,0.0413171,0.0419263
0.0119587,0.00841041,0.00400143,0.0265758,0.00593255,0.0110758
0.0358465,0.0206518,0.0223604,0.0997117,0.0262391,0.0613707
0.0133358,0.00924085,0.00474348,0.0151575,0.00311196,0.00487844
0.0206487,0.0140254,0.0160915,0.0533642,0.013293,0.02318
0.0136243,0.00976779,0.00520285,0.0344094,0.00854603,0.020034
0.0332636,0.0216392,0.0136276,0.0480231,0.0135251,0.0171611
0.0297632,0.0189225,0.0403291,0.154691,0.0365551,0.0510349
0.0409332,0.0175887,0.0296322,0.104709,0.028409,0.0577277
0.0454721,0.0300437,0.0204532,0.121564,0.033162,0.0270084
0.00672976,0.00468058,0.00272409,0.0119474,0.00332332,0.0024185
0.00645235,0.00432856,0.00227408,0.0167303,0.00321512,0.00442401
0.0250032,0.00984092,0.00889693,0.0439717,0.0124665,0.0141081
0.0274298,0.0110225,0.00940025,0.0384141,0.0096975,0.0126744
0.0307633,0.0202773,0.00911858,0.0451741,0.0113822,0.0162882
0.0139263,0.0100448,0.0053726,0.0304402,0.00688559,0.0141404
0.00655202,0.0044626,0.00316385,0.0263959,0.00590307,0.00610229
0.00754687,0.00529405,0.00323809,0.0114691,0.00444414,0.0011149
0.00760509,0.0052061,0.00312728,0.0190845,0.00518059,0.00573856
0.0133073,0.0094859,0.00515866,0.0184443,0.0048898,0.00508112
0.0189689,0.0125713,0.00665019,0.0215616,0.00489268,0.00560768
0.0130062,0.00906056,0.0045499,0.0139705,0.00410167,0.0020764
0.0225061,0.0147828,0.0322045,0.079874,0.0232635,0.0359797
0.0170495,0.0118896,0.00544832,0.0205436,0.00559022,0.0117968
0.0255393,0.0112889,0.0102784,0.0481448,0.0132823,0.0171008
0.0257853,0.0113637,0.0101908,0.0475925,0.0127169,0.0160789
0.0177085,0.011504,0.00674117,0.0264709,0.00835884,0.010769
0.0123429,0.00857239,0.00468924,0.0151001,0.00341035,0.00574419
0.00980299,0.0068727,0.00432727,0.0121347,0.00131794,0.00420166
0.00673061,0.00449208,0.00466557,0.02288,0.00631324,0.00629506
0.0525577,0.0301542,0.0216113,0.104846,0.0256453,0.0335528
0.0396657,0.0250842,0.0144808,0.0561736,0.0175509,0.0119608
0.00898926,0.00652997,0.00419319,0.0174402,0.00610121,0.0051612
0.0162106,0.0112099,0.00522136,0.0266139,0.00857604,0.0113175
0.0179233,0.0121549,0.00861668,0.0290199,0.00926178,0.00797119
0.0141145,0.00936452,0.00748704,0.0335176,0.00929097,0.00258684
0.0173757,0.0120002,0.0046819,0.0329573,0.00734596,0.015426
0.0117719,0.00798958,0.00457895,0.0249096,0.00548087,0.00872053
0.0197113,0.0130885,0.00697728,0.0440056,0.00872475,0.0109109
0.013913,0.0100062,0.00424044,0.0238611,0.00610136,0.00535571
0.00775773,0.00539471,0.00191347,0.0161744,0.0035615,0.00375412
0.0287474,0.0190489,0.00715334,0.0452403,0.0110906,0.0129438
0.0258102,0.016592,0.00626802,0.0431082,0.0126122,0.0109762
0.00479449,0.00318882,0.00320197,0.0203354,0.00366543,0.00148819
0.0251069,0.0169454,0.00716473,0.0350566,0.0098343,0.00712356
0.0120229,0.00813678,0.00414067,0.0167067,0.00381785,0.00402758
0.0162569,0.0112317,0.00470073,0.0349932,0.00755038,0.00829735
0.0179909,0.0129496,0.00637355,0.0217235,0.00623835,0.0069551
0.0229216,0.0152655,0.00736376,0.0340993,0.00827947,0.00770294
0.0105084,0.0074717,0.00356448,0.0298742,0.00444377,0.00437141
0.0420241,0.0268537,0.0293464,0.132509,0.0322698,0.0356184
0.0282226,0.0136192,0.00978496,0.0453136,0.0109005,0.00653807
0.00695995,0.00496353,0.00310167,0.013134,0.00437603,0.00357085
0.0392364,0.0247536,0.0102539,0.0426512,0.00973644,0.0227067
0.0301013,0.0182185,0.0319902,0.17697,0.0443509,0.0650449
0.00823412,0.00581422,0.00572576,0.0344801,0.00827379,0.00304504
0.00655953,0.00500574,0.00298086,0.0069708,0.00372931,0.00270443
0.0129798,0.00902539,0.00511114,0.0256642,0.00769049,0.0029197
0.0178484,0.0116076,0.0173706,0.0553787,0.0150363,0.0113382
0.0191356,0.0127833,0.00822061,0.0397906,0.00976616,0.0213312
0.0266881,0.0175221,0.0115393,0.0645225,0.0163073,0.00595459
0.00637572,0.00474766,0.00324914,0.0250272,0.00534232,0.00544467
0.0213931,0.0141127,0.00660837,0.0410356,0.00973433,0.004643
0.0142791,0.00966629,0.0054254,0.0169044,0.00465444,0.00437269
0.00702943,0.00506,0.00331408,0.0167925,0.00357982,0.00500521
0.0134665,0.00931054,0.00758797,0.0279293,0.00706589,0.00549709
0.0158405,0.0111131,0.00780815,0.0333665,0.00823149,0.0165838
0.0104379,0.00711253,0.00367744,0.0124299,0.00188949,0.00451556
0.0241279,0.0158154,0.00715722,0.0488565,0.011282,0.0118498
0.0160385,0.0107099,0.0219138,0.0975892,0.027445,0.0677171
0.0623699,0.024095,0.0788715,0.238393,0.0637423,0.110027
0.0258426,0.0169188,0.00952735,0.0534396,0.0143703,0.0231719
0.00796717,0.00565911,0.00267992,0.0190867,0.00593004,0.00991845
0.00892072,0.00609607,0.00310562,0.0207749,0.00455413,0.00935419
0.0543616,0.0262243,0.0617668,0.24659,0.0617883,0.112047
0.00628092,0.0045606,0.00262946,0.0070164,0.00250191,0.00936997
0.0102266,0.00709739,0.00564311,0.0314648,0.00809093,0.0128607
0.00818181,0.00606694,0.0027824,0.0178432,0.00447213,0.0034922
0.0473354,0.0267712,0.0224435,0.0842491,0.0233296,0.0414542
0.0467791,0.027721,0.0256552,0.11808,0.0351107,0.0368161
0.0314857,0.0194707,0.0221269,0.107366,0.0288536,0.0680101
0.0150253,0.010171,0.00450965,0.0216608,0.00598856,0.0071979
0.0234797,0.0159569,0.00585212,0.0372642,0.0107585,0.0206438
0.0343817,0.0224615,0.00868322,0.0592944,0.0168046,0.0266366
0.00840492,0.00618728,0.00301846,0.0239816,0.00460705,0.00300765
0.0124929,0.00854304,0.00410804,0.0347312,0.0088859,0.00358695
0.0154031,0.0107533,0.00783144,0.051011,0.0126602,0.0181587
0.00956138,0.00652148,0.0056507,0.0062372,0.00149051,0.0115376
0.0658109,0.0337031,0.0415429,0.201038,0.0501791,0.116384
0.0267255,0.0177022,0.0137256,0.0587691,0.0149772,0.0100676
0.0115457,0.00752839,0.00399043,0.0319893,0.00903637,0.0148531
0.0238582,0.0154076,0.0208624,0.0616519,0.0154998,0.0420035
0.0128723,0.00849704,0.00553443,0.0199156,0.00682506,0.00665352
0.0117284,0.00777505,0.00666191,0.035555,0.00989202,0.00385644
0.0055335,0.00367209,0.00213886,0.0162253,0.00230375,0.00117991
0.00790305,0.00563328,0.00231535,0.0187022,0.00466219,0.00713624
0.00514992,0.00370388,0.00473032,0.0148685,0.00407284,0.0030869
0.0285913,0.0191807,0.0116228,0.0633515,0.0171114,0.0116311
0.0503835,0.029951,0.0240239,0.0238294,0.00596821,0.0508644
0.0101604,0.0054624,0.00436675,0.0162711,0.00594092,0.00830668
0.034723,0.0224032,0.014621,0.0446145,0.0113857,0.0194613
0.0133413,0.00937847,0.00515583,0.0208513,0.00616056,0.00333187
0.0126249,0.00855518,0.00298706,0.0254127,0.00518143,0.00453829
0.0202,0.0130556,0.00621255,0.0299003,0.00748521,0.0146805
0.0129843,0.00862029,0.00480292,0.0303365,0.0073847,0.0132968
0.024042,0.0153513,0.0070913,0.0451391,0.0113329,0.0258928
0.0128956,0.00908121,0.0194834,0.0625791,0.0169542,0.0397337
0.018086,0.0120675,0.0113498,0.0588198,0.0165646,0.0310933
0.0228672,0.0155199,0.0145776,0.0595608,0.0169671,0.00929031
0.00842458,0.00581079,0.00378696,0.0133285,0.00384077,0.00225544
0.0096532,0.00633081,0.00462877,0.0249683,0.00692926,0.0144697
0.0142044,0.00945092,0.00557768,0.0261324,0.00654764,0.00948882
0.00973585,0.00612732,0.0026798,0.0316578,0.00967151,0.0136696
0.0349492,0.0220091,0.0121165,0.0441887,0.011693,0.0143686
0.0119195,0.00807893,0.00437404,0.0170077,0.00425966,0.0148611
0.024463,0.0169889,0.0102756,0.0399669,0.00944636,0.00370129
0.0138502,0.00908445,0.00557048,0.035329,0.0078933,0.00148171
0.0339888,0.0225922,0.0153157,0.0599284,0.0140476,0.0125146
0.00474122,0.00356308,0.00205477,0.00987049,0.00201033,0.00277926
0.00568539,0.00373516,0.00212417,0.0135518,0.0022702,0.00499831
0.00763864,0.0055312,0.00267015,0.0186726,0.00455359,0.000811408
0.0119203,0.00834583,0.00432873,0.0185979,0.00633904,0.00691496
0.034877,0.0229239,0.0152228,0.071332,0.0194405,0.0339432
0.00976379,0.00690072,0.00348794,0.0195382,0.00366347,0.00343411
0.0421886,0.0259751,0.0248581,0.0834452,0.0213036,0.0351647
0.0163367,0.0112081,0.00724991,0.0301861,0.00590544,0.00763286
0.0395463,0.025196,0.0218419,0.0933063,0.0213208,0.027086
0.0359071,0.0239216,0.0126104,0.0449312,0.0121789,0.0100876
0.00910921,0.00644027,0.0059243,0.0386691,0.0080872,0.00862027
0.0348783,0.0225555,0.00938984,0.037036,0.00973169,0.0141687
0.00983929,0.00692456,0.00460086,0.0121339,0.00429279,0.00933574
0.0239103,0.0158548,0.0241472,0.0400377,0.0100632,0.0253788
0.0119855,0.00851231,0.0065972,0.0296042,0.00663132,0.00424359
0.0284013,0.0187664,0.0179908,0.0624379,0.0158038,0.0397119
0.0329411,0.021019,0.0201224,0.0565332,0.0127761,0.0283485
0.016326,0.0110508,0.0136474,0.0686609,0.016422,0.0276734
0.0148031,0.0104828,0.0103856,0.0567149,0.0157577,0.0110149
0.0052272,0.0037798,0.00342164,0.01279,0.00305033,0.00677042
0.0314979,0.0209562,0.0131288,0.0359852,0.0107979,0.00565995
0.0373968,0.0235054,0.0233316,0.132742,0.0348167,0.0804687
0.0104429,0.00518244,0.0048297,0.0400802,0.010695,0.0117638
0.0163915,0.0112421,0.0105529,0.0491496,0.0130373,0.0212543
0.0447292,0.0277752,0.0153462,0.0892016,0.0211718,0.0135777
0.00725102,0.00499048,0.00129118,0.0147562,0.00437457,0.00138515
0.0263637,0.0171246,0.0197592,0.109529,0.0314102,0.0528778
0.0290543,0.0140102,0.00837169,0.0659734,0.0152294,0.0156689
0.0315496,0.0150481,0.0086529,0.0531571,0.0127248,0.0139981
0.0110187,0.00689466,0.00472835,0.0327497,0.00757137,0.00120595
0.0203172,0.0103016,0.00769139,0.0365751,0.010322,0.0104283
0.00629552,0.00425632,0.00283936,0.0189723,0.00387956,0.00282729
0.0344152,0.0147081,0.0182944,0.0806347,0.0195852,0.0230111
0.0356089,0.0154849,0.0183788,0.0636992,0.013101,0.018855
0.0115057,0.00826916,0.00419047,0.0111648,0.00390079,0.00255929
0.0147822,0.00769346,0.00848309,0.0178022,0.00427266,0.00728285
0.0114282,0.00806239,0.00518146,0.0412506,0.0110654,0.00954257
0.0118595,0.00812577,0.00334668,0.0419272,0.00952677,0.00503315
0.0176711,0.0119434,0.0164764,0.0472964,0.0131214,0.0213619
0.0331441,0.0195091,0.0182558,0.115396,0.0281615,0.0534895
0.0163204,0.0101368,0.0266431,0.0905684,0.024666,0.0139289
0.026211,0.0178243,0.00937379,0.0522078,0.0127315,0.0128161
0.0121628,0.00505043,0.00439522,0.0314334,0.0083553,0.00786319
0.0141592,0.00774222,0.00560151,0.0236446,0.00521338,0.00880144
0.0060229,0.00302238,0.00348377,0.0243612,0.00705222,0.00901258
0.0414275,0.0269068,0.0192064,0.0394757,0.0102441,0.0138881
0.00684775,0.00456952,0.00423693,0.0331378,0.00894528,0.00537508
0.0259435,0.0133173,0.00923329,0.038377,0.00930511,0.012249
0.00867146,0.00620344,0.00309971,0.0140135,0.00417119,0.00838722
0.010883,0.00738221,0.00328122,0.022624,0.00505094,0.00312664
0.0120667,0.00504153,0.00762905,0.0538536,0.0137324,0.015822
0.0146828,0.00727381,0.00916442,0.0579333,0.0139583,0.0125965
0.0101684,0.00669616,0.00978637,0.0533909,0.0163331,0.0241909
0.0112461,0.00741575,0.0058378,0.0448043,0.00924227,0.0237931
0.0292177,0.0135808,0.00871584,0.0431158,0.0104561,0.0116933
0.0235217,0.0156216,0.00827666,0.0289063,0.00765987,0.00811633
0.0157435,0.0106657,0.00577872,0.0331315,0.00806684,0.00437457
0.015774,0.0111001,0.0062798,0.0436189,0.0125929,0.00801097
0.0204404,0.0138588,0.0190245,0.0650004,0.0167702,0.0113606
0.00480466,0.00339509,0.00289782,0.01121,0.00294614,0.00340889
0.00701148,0.00517246,0.00408189,0.0128137,0.00377625,0.00239817
0.00843512,0.00578967,0.00727796,0.0173405,0.00308104,0.00765757
0.0272606,0.0180311,0.0200375,0.082577,0.0216761,0.0391085
0.0264309,0.0176066,0.0245173,0.11945,0.032405,0.0291609
0.0111693,0.00740659,0.00300375,0.0310777,0.00829418,0.0161123
0.021799,0.0147564,0.00859101,0.0377229,0.00809797,0.00347822
0.0190563,0.0129547,0.00791207,0.0255271,0.00674395,0.00663872
0.0119297,0.00832717,0.00598737,0.0455949,0.0102055,0.0121904
0.015621,0.0104885,0.00537922,0.0147661,0.0041276,0.00563882
0.0162269,0.0108928,0.00529023,0.0332649,0.0083245,0.0217861
0.00888916,0.00605048,0.0024815,0.033188,0.0103989,0.0205098
0.0107616,0.00719902,0.00357863,0.0239586,0.00522948,0.00221342
0.00578221,0.00412517,0.00185244,0.0128032,0.00417888,0.0124814
0.00860971,0.00562428,0.00309619,0.0233195,0.00651136,0.00163869
0.0469234,0.0305087,0.0108277,0.0611146,0.0154928,0.00986387
0.0367304,0.0218742,0.0138013,0.0695316,0.0189291,0.028758
0.0526468,0.0311973,0.0189049,0.0849443,0.019508,0.0362652
0.00803308,0.00559783,0.012088,0.0375001,0.0105461,0.00767818
0.0135022,0.0090721,0.00465982,0.0160842,0.00616854,0.00574269
0.022923,0.0154917,0.00609983,0.0222595,0.00595886,0.00742461
0.0170305,0.0116872,0.00588037,0.0228647,0.00751458,0.00758482
0.0154378,0.0106183,0.005763,0.00616611,0.000229856,0.00630776
0.00867707,0.00604881,0.00519089,0.0243308,0.00801317,0.00453163
0.0527098,0.0306822,0.0175331,0.0842538,0.020183,0.0222249
0.0377026,0.0251159,0.011838,0.0693543,0.0182391,0.0326246
0.0170282,0.0119486,0.00533789,0.0211612,0.0054303,0.0122745
0.00481105,0.00312154,0.00348628,0.0145957,0.00399373,0.00690577
0.022189,0.0148505,0.00599796,0.0407369,0.0111654,0.00981865
0.00477128,0.00369802,0.00350758,0.0152856,0.0026482,0.00223932
0.0228505,0.0154064,0.0077081,0.0506395,0.0130049,0.01318
0.0191765,0.013486,0.00840851,0.0191217,0.00533267,0.00567316
0.0274503,0.018126,0.0131295,0.0141908,0.00357487,0.0195089
0.0168955,0.0104172,0.00623131,0.0256256,0.0072934,0.00661358
0.0134294,0.00948324,0.00526491,0.0184669,0.0034466,0.0115089
0.0137205,0.00957404,0.00585838,0.0179413,0.00482257,0.00593387
0.00898681,0.00627964,0.00272454,0.0123333,0.003584,0.00356964
0.0200903,0.0136878,0.00635139,0.0399745,0.0101796,0.00817175
0.0463784,0.0221068,0.0306642,0.127503,0.0386577,0.0498053
0.0557566,0.0273269,0.054569,0.19784,0.0526429,0.103893
0.0223005,0.0147218,0.00837413,0.0453382,0.01115,0.0135128
0.0570855,0.0329314,0.0373138,0.153263,0.0389895,0.118903
0.0275427,0.0173812,0.011964,0.047597,0.012696,0.0250212
0.0192786,0.0124525,0.00598136,0.00684467,0.0011681,0.0195414
0.00877196,0.00635469,0.00406085,0.0143816,0.00312198,0.0035975
0.00432512,0.0031268,0.00249075,0.0109448,0.00259788,0.00289894
0.0127499,0.00857288,0.00669238,0.0167306,0.00465723,0.00253638
0.0169894,0.0110723,0.00303367,0.0333524,0.00860037,0.00605769
0.0128169,0.0085285,0.00480674,0.0223064,0.00600452,0.00576659
0.0102185,0.00665391,0.00290238,0.00608619,0.00171736,0.013503
0.0105937,0.00727707,0.00357926,0.0231302,0.00555873,0.00563402
0.0186354,0.00812093,0.00754565,0.0148084,0.00361107,0.00977807
0.0194318,0.0079317,0.00756603,0.0170749,0.00311677,0.00880065
0.00513279,0.00360655,0.00306311,0.0131593,0.00352358,0.00621278
0.0158523,0.0104904,0.00953652,0.0620507,0.0144525,0.0125718
0.0466718,0.0280655,0.0176007,0.0628655,0.0154763,0.0213633
0.0390323,0.0249318,0.0156539,0.0803096,0.020458,0.0377476
0.00769892,0.00548535,0.00546744,0.0302002,0.00949622,0.00717615
0.0118017,0.00789534,0.0054254,0.0281896,0.00538323,0.00218259
0.0177728,0.0108255,0.0204822,0.112201,0.0309087,0.0433151
0.0127963,0.00676302,0.00587422,0.0196586,0.00531893,0.01519
0.0107122,0.00717304,0.00493914,0.0165665,0.00449784,0.0086272
0.0104364,0.0071854,0.00275969,0.004603,0.000974436,0.0103094
0.0339078,0.0212782,0.0397784,0.163592,0.045551,0.0627203
0.0132507,0.00910312,0.0099217,0.0447704,0.0108081,0.00630062
0.00492147,0.00357488,0.00598474,0.0146178,0.00218511,0.00562308
0.0149972,0.0102373,0.00481811,0.0184383,0.00667147,0.00253137
0.0128368,0.00867769,0.00524993,0.0353641,0.00824045,0.00738244
0.0160803,0.0103237,0.00498307,0.0162733,0.00621311,0.0168071
0.0152866,0.0103246,0.00468359,0.0141729,0.00532225,0.00291161
0.0112016,0.00791061,0.0038678,0.0205486,0.00490067,0.00261768
0.0225163,0.0146865,0.0330118,0.120482,0.0308263,0.047092
0.0382407,0.0249299,0.00657635,0.0538467,0.0168852,0.0196458
0.0123121,0.00861415,0.00494195,0.0294336,0.00845344,0.00812256
0.020485,0.0132219,0.00651223,0.0351631,0.00998797,0.0130811
0.0248342,0.0161329,0.00779626,0.0469744,0.0104924,0.0128823
0.0165255,0.0109267,0.016222,0.061093,0.0134749,0.0112595
0.0334955,0.0216301,0.0152683,0.0608692,0.0164859,0.0174536
0.00833815,0.00575005,0.00324407,0.00297662,0.00154312,0.00316605
0.0115773,0.00745106,0.00379142,0.0217027,0.00536314,0.00486789
0.0255984,0.0155842,0.0179087,0.0905221,0.0275829,0.0499585
0.0146776,0.0102845,0.00445459,0.0245965,0.00709682,0.017875
0.00644796,0.00436692,0.00312937,0.00796757,0.00208246,0.00251908
0.0158998,0.0112501,0.00530032,0.0203822,0.00594766,0.00946578
0.00517308,0.00353523,0.00269094,0.0155354,0.00312083,0.00627423
0.0315522,0.0205077,0.00623648,0.0391294,0.0112022,0.0226752
0.0292556,0.019579,0.026097,0.102821,0.0267025,0.0249253
0.0192317,0.0128162,0.00381959,0.0485997,0.0103085,0.011764
0.00885741,0.00571792,0.00193603,0.0228955,0.00555208,0.00584844
0.0148693,0.0105935,0.00423018,0.0235214,0.0061859,0.00797485
0.0641331,0.0355408,0.0453941,0.200216,0.0555775,0.0826438
0.016037,0.0108392,0.00746828,0.028648,0.00661115,0.00474817
0.0167693,0.011424,0.00450011,0.0252313,0.00654982,0.00734536
0.0152275,0.0104851,0.00552277,0.0101698,0.00255875,0.00381789
0.0472233,0.0191319,0.0194382,0.0603218,0.014609,0.0318144
0.0469658,0.0192937,0.0188879,0.049502,0.0112514,0.0312704
0.0344634,0.0232374,0.0200226,0.0960628,0.0236655,0.0250838
0.0358281,0.0233295,0.0135351,0.0606535,0.0181419,0.0236055
0.0154404,0.0107489,0.00921847,0.0223332,0.00499363,0.00438324
0.0139902,0.00943663,0.00559585,0.0240257,0.0068161,0.0035842
0.0373348,0.0234546,0.013399,0.0466398,0.0123376,0.0129095
0.0477115,0.0260067,0.0234695,0.123498,0.0334641,0.0395422
0.0268914,0.0177337,0.0186658,0.0637674,0.017471,0.0390728
0.0148557,0.00990982,0.00504633,0.0264589,0.00615695,0.010443
0.0277456,0.0184015,0.0138605,0.0820159,0.0216147,0.0162357
0.0193628,0.0131767,0.0062046,0.0199364,0.00579553,0.00360323
0.0145894,0.00988421,0.00647026,0.0276982,0.00729344,0.00933114
0.00936915,0.00455747,0.00507665,0.0235551,0.00637207,0.0096382
0.01025,0.00490461,0.00549567,0.0230814,0.00620454,0.0108718
0.006072,0.00447067,0.00323416,0.0110077,0.00442297,0.00230296
0.0124981,0.008426,0.00946134,0.0572049,0.0156795,0.0286834
0.0159494,0.01048,0.00587554,0.0273242,0.0104355,0.00593974
0.0197651,0.0120356,0.00707132,0.0347864,0.00761635,0.0144629
0.0606411,0.0280618,0.0218846,0.0869112,0.0191028,0.022939
0.0129049,0.00508138,0.00590305,0.0396484,0.00889016,0.0104064
0.0134991,0.00492084,0.00603526,0.0373905,0.00808746,0.00992962
0.0102607,0.00716367,0.00498847,0.0329494,0.0112155,0.00213667
0.0218666,0.0139865,0.00789054,0.0256599,0.00636989,0.00408582
0.0289581,0.0174198,0.0222968,0.0987082,0.0231422,0.0233245
0.019186,0.0127405,0.0176218,0.0508183,0.0108703,0.00630935
0.0421259,0.0204928,0.0238654,0.0951001,0.0253458,0.0259367
0.0321553,0.019822,0.0186613,0.0543147,0.0153174,0.0251525
0.0213757,0.0137913,0.0135253,0.0773596,0.0207474,0.00990042
0.0112468,0.00751292,0.00398275,0.00992904,0.00414476,0.0027617
0.00872843,0.0060501,0.00394912,0.0180762,0.00481981,0.00609085
0.0149221,0.0100651,0.0161053,0.0462951,0.0118889,0.0136735
0.0120321,0.00860146,0.00501354,0.0159538,0.00449848,0.0112374
0.0170726,0.0113695,0.00554806,0.024171,0.00600362,0.0165101
0.00929675,0.00649795,0.00375691,0.0230328,0.00455554,0.00408579
0.00977661,0.00699636,0.00346167,0.0195026,0.00462343,0.00473928
0.019403,0.0127131,0.00619481,0.0257847,0.00809916,0.00762812
0.0185658,0.0121134,0.00448542,0.0289041,0.00883672,0.0118468
0.0349001,0.0215592,0.0366342,0.105034,0.0255624,0.0266282
0.00914571,0.00651915,0.00393874,0.0215107,0.00549939,0.00566259
0.0141463,0.009788,0.00357933,0.0211135,0.00357996,0.0043844
0.0233474,0.0152765,0.0152129,0.0651192,0.0200926,0.022385
0.0224632,0.0157146,0.0071039,0.0430269,0.0116657,0.00484416
0.0245748,0.0164333,0.00716944,0.0420218,0.0120905,0.0224495
0.00730503,0.00503817,0.00311271,0.00814433,0.00294203,0.0048617
0.0373279,0.0219801,0.0363808,0.052697,0.0139319,0.0610415
0.0187047,0.0113916,0.00713919,0.0344011,0.0106299,0.0168713
0.0244546,0.016361,0.0181973,0.0622458,0.0153031,0.016487
0.019704,0.0135678,0.0151006,0.0476606,0.0142771,0.0222888
0.0404751,0.0246737,0.0154886,0.0671784,0.0170482,0.0267589
0.047592,0.0300583,0.0150659,0.0521798,0.013707,0.0482201
0.0411842,0.0243583,0.0334797,0.133443,0.0340477,0.0406646
0.0190699,0.0125586,0.00618708,0.0320305,0.00886967,0.0204709
0.00769586,0.00555059,0.0030294,0.0133031,0.00387058,0.00271599
0.00888316,0.00640917,0.00445623,0.0228918,0.00469359,0.00461646
0.019277,0.0129559,0.005319,0.04399,0.0111041,0.0129345
0.00782173,0.00553203,0.0025027,0.0176971,0.00416257,0.00377977
0.00557863,0.00388969,0.00281228,0.0148148,0.00407562,0.00212287
0.00546338,0.00389023,0.00285118,0.0165142,0.00445383,0.00780034
0.0517924,0.0282379,0.0534911,0.212417,0.0570813,0.0786772
0.0298444,0.0188429,0.0378205,0.158744,0.0435814,0.03865
0.0192418,0.012737,0.0148279,0.0598528,0.019973,0.0335594
0.0608119,0.0356224,0.0351529,0.110073,0.0270684,0.0451799
0.010494,0.00784518,0.00237825,0.0222637,0.00397557,0.0042094
0.0160238,0.0114367,0.00693244,0.0273258,0.00674651,0.0123841
0.0107326,0.00706766,0.00372161,0.0207569,0.00692811,0.00759179
0.0151176,0.0100209,0.00705013,0.0257439,0.00772111,0.00373448
0.0102668,0.00756345,0.00385454,0.0115031,0.00370635,0.00248731
0.00793151,0.00565487,0.00301347,0.016321,0.00524438,0.00407357
0.00580063,0.00427914,0.00203147,0.00832602,0.00228076,0.00381759
0.0212163,0.0140353,0.0109331,0.0564689,0.016179,0.0276753
0.0133903,0.00902454,0.00630331,0.0271303,0.00773852,0.00667065
0.00931851,0.00660417,0.00393623,0.016337,0.004017,0.00829984
0.0063423,0.00417476,0.00156622,0.009896,0.00165891,0.00402299
0.00566716,0.00391776,0.00272355,0.0228196,0.00475554,0.00372363
0.0223057,0.0146228,0.00441605,0.0395329,0.0108714,0.010537
0.0137655,0.00983902,0.00416035,0.0269705,0.0057148,0.00568153
0.0518159,0.0302079,0.0382921,0.160719,0.0416872,0.0762871
0.0104905,0.00755358,0.00572282,0.0201487,0.00455712,0.00294432
0.013159,0.00869436,0.0222864,0.0736414,0.0199821,0.0286343
0.0169003,0.0115449,0.00645605,0.031208,0.00715264,0.00974551
0.0339223,0.0197324,0.0101288,0.0741329,0.0176018,0.0232629
0.0234166,0.0153223,0.0154791,0.0549478,0.0144354,0.00789154
0.0218639,0.0143887,0.00707908,0.0469028,0.0124462,0.0440656
0.0372148,0.023399,0.0332023,0.0977606,0.0263957,0.0377207
0.00847553,0.00573227,0.00226228,0.014942,0.00409129,0.00606582
0.0673406,0.0367091,0.0272203,0.140299,0.03721,0.0561572
0.00395506,0.00308814,0.00178975,0.0108587,0.0011809,0.00108984
0.0151626,0.0103682,0.00431562,0.0196024,0.00752267,0.00548436
0.00540287,0.0038345,0.00155862,0.0131561,0.00269403,0.00319975
0.0214165,0.0142153,0.00335616,0.0442306,0.0113979,0.0123872
0.029411,0.0190856,0.0250967,0.089333,0.0259423,0.0564124
0.0242746,0.0161402,0.00900111,0.0282636,0.007832,0.0061444
0.00497413,0.00318887,0.00305564,0.0102815,0.00233428,0.00324995
0.00823178,0.00563475,0.00349463,0.0132177,0.0036705,0.00266949
0.0122658,0.00820416,0.00397582,0.027061,0.00911297,0.0184547
0.0218832,0.0143401,0.0076301,0.0335247,0.00900081,0.0175038
0.0242301,0.0163032,0.00727576,0.0327185,0.0100699,0.0141493
0.0548328,0.0230749,0.0230176,0.0885343,0.0246917,0.0494285
0.0555917,0.0229464,0.0229801,0.0885168,0.0245365,0.0477736
0.0231686,0.0104804,0.00684862,0.033712,0.0090874,0.00722211
0.0244029,0.0104166,0.00680888,0.0356087,0.00913005,0.00662996
0.015748,0.0104167,0.00509294,0.0282884,0.00578006,0.00610697
0.00719995,0.00492231,0.00353571,0.0122709,0.00272755,0.00188614
0.0450605,0.0269001,0.0294999,0.0982965,0.0249731,0.0515019
0.00484547,0.0032824,0.00485718,0.0216378,0.0055562,0.00555411
0.0327372,0.0213233,0.0184163,0.066397,0.0164187,0.0218397
0.0485236,0.0279499,0.0190645,0.0806591,0.0197847,0.0243312
0.00534289,0.00354056,0.00245052,0.0144022,0.0031416,0.0021271
0.0359269,0.0236492,0.0142874,0.0887914,0.0230253,0.0171098
0.024566,0.0164068,0.00824503,0.02614,0.00979987,0.0150205
0.0235326,0.0140876,0.0124841,0.0496804,0.0127644,0.00975769
0.0117579,0.00804934,0.00488306,0.018071,0.00292823,0.00807849
0.00976011,0.0063376,0.00378226,0.0100556,0.00295226,0.00129658
0.00908331,0.00591345,0.00424409,0.0206801,0.00627982,0.000838077
0.020928,0.0137034,0.00687509,0.0284819,0.00695477,0.0106833
0.0348009,0.0219508,0.0116406,0.0489864,0.0102612,0.0127563
0.0204005,0.0139038,0.00527288,0.0254674,0.00592167,0.0199261
0.00534847,0.00386104,0.00289761,0.0137134,0.00390163,0.00127192
0.029256,0.0191108,0.0177586,0.0726943,0.0186825,0.00702789
0.00937655,0.00623303,0.00432532,0.0205518,0.00482664,0.0176313
0.0101048,0.00702139,0.00341088,0.0244165,0.00481316,0.0053878
0.00969717,0.00633815,0.00891095,0.0424422,0.00867887,0.0149371
0.0100172,0.00707027,0.00346022,0.0144504,0.0025797,0.00267229
0.0336127,0.0215971,0.0107752,0.059275,0.0139067,0.00750413
0.0251532,0.0170739,0.0154529,0.0641778,0.0179018,0.0256784
0.0520372,0.0321094,0.0134419,0.0730378,0.0209287,0.0325652
0.0241821,0.0163776,0.0101527,0.0391506,0.00872411,0.0103618
0.00795719,0.00539486,0.00308358,0.0258182,0.00683184,0.00467336
0.024082,0.0163899,0.0170761,0.0821649,0.019878,0.0127595
0.00963994,0.006735,0.00377169,0.0165384,0.00615279,0.00191119
0.0107674,0.00743386,0.0041256,0.0180529,0.00497916,0.0057388
0.0280665,0.0187723,0.0185028,0.0513302,0.0144166,0.0380486
0.0105703,0.00698632,0.00698458,0.0564525,0.0135101,0.0114222
0.0174809,0.0116729,0.00481008,0.0202786,0.00539739,0.0018137
0.00997375,0.00664299,0.0027796,0.00354595,0.000885192,0.00741555
0.0289339,0.0183508,0.0126986,0.0594367,0.0151005,0.01599
0.0192527,0.0122685,0.0121833,0.0773566,0.0200276,0.0127256
0.00676603,0.00487365,0.00320783,0.0148335,0.00483683,0.00261265
0.0164966,0.0112841,0.00658721,0.0250481,0.00501753,0.0081211
0.013503,0.00919554,0.00387341,0.0284719,0.00799256,0.00244166
0.0119914,0.00840049,0.00534178,0.0161688,0.00526298,0.00373768
0.0407115,0.0165554,0.01645,0.0774334,0.0205205,0.0190388
0.0445823,0.0207949,0.0159786,0.0620877,0.0145625,0.0119459
0.0143646,0.00982041,0.00395537,0.0264275,0.00809806,0.00479973
0.0231155,0.0153671,0.00660987,0.0346276,0.00983834,0.0141212
0.0191384,0.0129031,0.0058456,0.0268733,0.00817905,0.0185565
0.00694659,0.00452841,0.0021994,0.0127251,0.00444807,0.00325614
0.0217113,0.0150231,0.00642502,0.00286322,0.00108747,0.0102785
0.0224436,0.014527,0.0073449,0.0355531,0.008718,0.00736075
0.0132904,0.00903144,0.00237183,0.0296708,0.00758279,0.010768
0.0265158,0.0176041,0.0057384,0.0358301,0.00813609,0.00530402
0.010668,0.00771002,0.00454585,0.0160327,0.00386431,0.0020271
0.0132222,0.00895328,0.0040487,0.016798,0.00530685,0.00184292
0.0118615,0.00767798,0.00560458,0.0191242,0.00378275,0.009816
0.00995544,0.00653041,0.00426631,0.0222441,0.00481925,0.00247239
0.0108279,0.00737168,0.00370028,0.0203677,0.00715356,0.0119117
0.00904416,0.00624365,0.00496802,0.013557,0.0043041,0.00560635
0.0269658,0.0175407,0.00884434,0.0374496,0.0116959,0.00832504
0.0204827,0.013406,0.0061864,0.036778,0.0100846,0.0156146
0.00778161,0.00520237,0.00319833,0.0199438,0.00584269,0.00261639
0.0368084,0.0232178,0.00930776,0.0490578,0.0130507,0.0175636
0.00919687,0.00636901,0.00455393,0.0153784,0.00427292,0.00118345
0.0151133,0.010112,0.00582139,0.0168473,0.00491734,0.00981289
0.0193811,0.0126633,0.00587008,0.0144678,0.00250188,0.00549215
0.0201598,0.0141336,0.00585732,0.0133564,0.00250744,0.00248979
0.0204761,0.0132922,0.00626188,0.0366196,0.00919725,0.00538441
0.0351595,0.0222303,0.0113763,0.0511965,0.0122529,0.0326793
0.00725713,0.00532601,0.00533928,0.0299482,0.00579398,0.00580644
0.0153704,0.0106937,0.0182801,0.0560881,0.0150156,0.0158206
0.0241863,0.0161798,0.010243,0.0296323,0.00960364,0.0113703
0.0222496,0.0105693,0.00815218,0.0574391,0.0148796,0.0124927
0.00927339,0.00616811,0.00401946,0.0230866,0.00693754,0.00926048
0.0109598,0.00732397,0.00417866,0.021271,0.00531442,0.00279219
0.00716225,0.00511039,0.00327591,0.0166966,0.00379332,0.00329462
0.00808224,0.00580237,0.00297782,0.0163644,0.00418966,0.00402512
0.00424263,0.00308232,0.00200858,0.0104623,0.00454422,0.00816198
0.0109977,0.00768826,0.00458405,0.0261297,0.00799986,0.00924452
0.02058,0.0138405,0.00562708,0.0416157,0.00857001,0.0130712
0.0047622,0.00323802,0.00203593,0.0141392,0.00283367,0.00382922
0.00945596,0.00645743,0.00458977,0.0156545,0.00523848,-0.000374383
0.0115085,0.00835395,0.0035271,0.0157913,0.00471508,0.00508016
0.00797437,0.00545003,0.00271409,0.0199846,0.00632118,0.00561533
0.00793185,0.00553231,0.00296798,0.0151499,0.00348879,0.00443714
0.0163309,0.0109509,0.0117376,0.0281406,0.00798859,0.00468793
0.0101154,0.00702704,0.0055555,0.0243867,0.00787745,0.00885477
0.020862,0.0133734,0.00761844,0.0217144,0.00636637,0.00877164
0.00730575,0.00516986,0.0063272,0.0151854,0.00419727,0.00389556
0.0294526,0.0184278,0.00945947,0.0455825,0.0123709,0.0103663
0.0100546,0.00623561,0.00347919,0.0265361,0.0116887,0.0214428
0.0399181,0.01872,0.0329018,0.11174,0.0292215,0.0489765
0.0495322,0.0291152,0.0189548,0.0793625,0.0226982,0.023953
0.0147274,0.00997445,0.0050407,0.00321579,0.00108967,0.00263604
0.0403943,0.0254426,0.0150546,0.0552428,0.0152732,0.0151062
0.0515104,0.0270336,0.0187906,0.0325296,0.00908853,0.0206301
0.0383055,0.0163691,0.0147592,0.0327704,0.00824574,0.0109724
0.013591,0.00934457,0.0046671,0.0263063,0.00660858,0.00485576
0.0318732,0.0186467,0.0122626,0.0497889,0.0135962,0.0216198
0.0216048,0.012342,0.0085812,0.0326938,0.00680996,0.0157598
0.0140715,0.00928189,0.00689557,0.0308412,0.0102937,0.011882
0.0203006,0.0135083,0.00722749,0.0255522,0.00751407,0.00717586
0.0525916,0.0327394,0.0476453,0.229775,0.0588099,0.104956
0.0552732,0.0327086,0.0169816,0.107278,0.026039,0.0311451
0.023649,0.0155126,0.00915508,0.0590428,0.0139537,0.0181319
0.00443287,0.00325885,0.00220884,0.0266159,0.0073655,0.0031768
0.00494108,0.00335511,0.00227007,0.0108356,0.00267976,0.0019982
0.00991051,0.00676379,0.00486782,0.0320918,0.00856132,0.0136701
0.011995,0.00794539,0.00450557,0.0163242,0.00593418,0.00936614
0.029145,0.019095,0.00861753,0.0316635,0.00956184,0.0180245
0.0250009,0.0143278,0.0178978,0.0621472,0.0181019,0.024832
0.0216287,0.0118845,0.0122047,0.0414088,0.00870563,0.0158446
0.00737194,0.00516075,0.0027097,0.0135201,0.00367213,0.00279078
0.0469901,0.0240969,0.042371,0.233415,0.0627288,0.0826785
0.0165326,0.0111524,0.00437012,0.0335398,0.0103356,0.0163667
0.00778345,0.0051906,0.00681483,0.0062316,0.000940637,0.0176431
0.0135687,0.00670772,0.00632073,0.0292149,0.00834682,0.0103977
0.0222372,0.0146848,0.010643,0.0675838,0.019768,0.0273936
0.0248544,0.0159407,0.00902647,0.0312517,0.00704881,0.00701728
0.0221717,0.0143617,0.00823087,0.0364441,0.00831849,0.00707958
0.031741,0.0181999,0.0237662,0.0842245,0.0248416,0.034748
0.0237429,0.0116758,0.00953787,0.0258344,0.00659129,0.00912393
0.00871099,0.0061784,0.00283779,0.0160004,0.00582831,0.00905521
0.00905716,0.00606846,0.00277138,0.0177079,0.00559847,0.00255699
0.0225218,0.0150424,0.00896085,0.0459147,0.0122312,0.00911223
0.0406577,0.0255276,0.0155042,0.0553742,0.0135559,0.0190555
0.0294414,0.0198038,0.0208172,0.126024,0.0339005,0.0256176
0.0165188,0.0107574,0.00656408,0.0295694,0.00649708,0.0148629
0.0374994,0.0236202,0.0128176,0.0890024,0.0208741,0.025335
0.0158085,0.0105463,0.0228612,0.122745,0.03228,0.0537678
0.0125999,0.00870691,0.00412305,0.0186081,0.00444844,0.0110874
0.0116666,0.00818501,0.00728791,0.024405,0.00772146,0.00568969
0.0475362,0.029682,0.030363,0.0815122,0.0241837,0.0297465
0.0193916,0.0130132,0.00567102,0.0268099,0.00800521,0.0100519
0.0118672,0.00793823,0.00491613,0.0186612,0.00481062,0.0039329
0.0194472,0.0125618,0.0196183,0.0901788,0.0226997,0.0473138
0.0178228,0.0117408,0.0267083,0.108052,0.0269131,0.0216609
0.0167834,0.0114811,0.0060913,0.0292857,0.00823436,0.0041427
0.0198669,0.0133888,0.00719212,0.0260781,0.00673664,0.00637018
0.0194003,0.0128283,0.00547751,0.0232361,0.0069,0.00868729
0.00541713,0.00356335,0.0027144,0.014148,0.00471902,0.00432546
0.0355674,0.0228519,0.00937524,0.0478306,0.0140311,0.0178743
0.0217036,0.0139042,0.0214963,0.0924175,0.0223797,0.00825195
0.00722317,0.00522547,0.00715725,0.0237925,0.00597924,0.00527536
0.0271438,0.0141444,0.00947048,0.0586701,0.0160429,0.0185503
0.0218331,0.012759,0.00762662,0.039386,0.00922917,0.0123768
0.0136029,0.0090718,0.0031409,0.0230881,0.0057696,0.0102869
0.0559413,0.0359575,0.0302106,0.150957,0.0400151,0.038366
0.0240657,0.0164301,0.0115897,0.0564227,0.0149323,0.0277168
0.0104729,0.00704085,0.0021766,0.0208108,0.00475705,0.0114462
0.0115021,0.00807428,0.00327827,0.0172944,0.00587806,0.0107271
0.0360677,0.0180497,0.0150123,0.0704314,0.0155757,0.0141068
0.00556768,0.00406775,0.00225156,0.0156427,0.00390165,0.0064215
0.00511902,0.00363172,0.00283996,0.0138826,0.00387421,0.00275334
0.0217764,0.014507,0.00754121,0.0324832,0.00882421,0.0149181
0.00657359,0.00473006,0.0018468,0.0201958,0.00488379,0.00356391
0.040383,0.0240201,0.00954497,0.0801698,0.0219706,0.0230151
0.0161627,0.0108489,0.0107402,0.0499282,0.0131757,0.0272681
0.021422,0.0142959,0.00725368,0.0349377,0.0103745,0.00976805
0.0152831,0.0104499,0.00494376,0.0175547,0.00501344,0.00486107
0.0315947,0.0204532,0.0143434,0.0813567,0.0239726,0.0500996
0.0149752,0.0102989,0.00609325,0.0203746,0.0036556,0.00546939
0.02151,0.0142823,0.00582782,0.0365579,0.00887357,0.00597118
0.0275238,0.0178991,0.00695188,0.0492682,0.0123105,0.0126374
0.0224389,0.0153606,0.0109752,0.0592576,0.0147916,0.0065625
0.0221247,0.0146771,0.00786448,0.0465886,0.0141541,0.0104254
0.00615258,0.00455695,0.0057329,0.0102302,0.00249325,0.00906163
0.0134666,0.00933823,0.00403673,0.00393052,0.00140778,0.00490261
0.0142722,0.00814164,0.00556581,0.030225,0.00781566,0.00510299
0.0169617,0.00936181,0.00527265,0.0275648,0.00618006,0.00499729
0.0220913,0.0150816,0.00651271,0.0305454,0.00899692,0.00491968
0.00656735,0.00467146,0.00237971,0.00858947,0.00263161,0.00120172
0.0123759,0.00816053,0.00374335,0.0185031,0.00599822,0.0106679
0.0040921,0.00309697,0.00193119,0.0128876,0.0023944,5.16535e-05
0.0103175,0.00647226,0.0049817,0.0249304,0.00539472,0.00670797
0.0151327,0.010185,0.0236644,0.0686295,0.018243,0.0315247
0.020551,0.0134307,0.00741498,0.0194504,0.0070775,0.00512911
0.00495495,0.00362618,0.00450136,0.0131075,0.00294547,0.00188575
0.0205886,0.0136138,0.00661015,0.028812,0.00764619,0.00474356
0.0111068,0.00767652,0.00499562,0.0260813,0.00785279,0.00521477
0.00835172,0.00557312,0.00155889,0.029596,0.00734975,0.0163831
0.00605035,0.00459453,0.0031847,0.00828593,0.00413026,0.0025089
0.0145761,0.00974389,0.00359775,0.0306182,0.00871241,0.00380929
0.013821,0.00967064,0.00387692,0.0262218,0.00732917,0.00802846
0.0131825,0.00897334,0.00490347,0.0219951,0.00520906,0.00568117
0.0300585,0.0193852,0.0123944,0.0978662,0.0242227,0.0158987
0.0112563,0.00782782,0.00440271,0.021762,0.00600979,0.00371019
0.028635,0.0190192,0.0100904,0.0526867,0.0140302,0.0094469
0.00585978,0.00393179,0.00461626,0.0162953,0.00409028,0.00178789
0.0531071,0.0331188,0.0152615,0.0656639,0.01586,0.0349929
0.00847202,0.00554318,0.00311292,0.0125005,0.0041681,0.00526563
0.0286456,0.0177104,0.0149036,0.0806397,0.0219227,0.0264879
0.0241331,0.0160155,0.0060273,0.032516,0.00768056,0.0167142
0.0446481,0.0264779,0.0311132,0.153498,0.0376645,0.0875266
0.020926,0.0136644,0.00595965,0.0333643,0.00825555,0.0159082
0.00975736,0.00688471,0.00320404,0.0204943,0.00563679,0.00146987
0.0134519,0.00915458,0.00435647,0.024981,0.0060871,0.00419307
0.0149027,0.0100473,0.00497379,0.0435951,0.0105714,0.00829874
0.00753129,0.00527671,0.00355454,0.0139461,0.00432817,0.00172444
0.00600998,0.00423903,0.00403545,0.0091051,0.00303851,0.00871668
0.0303488,0.0197045,0.00797538,0.0420446,0.0107592,0.0078335
0.0195466,0.0138634,0.0106894,0.0466258,0.0134536,0.00907374
0.0241777,0.0164317,0.00746592,0.0275643,0.00649689,0.00827639
0.0182975,0.0122268,0.00728591,0.0344931,0.00821033,0.00381322
0.0264333,0.0174472,0.0181715,0.0715589,0.01803,0.0248176
0.0139494,0.00956752,0.00495866,0.020885,0.00544916,0.00553905
0.00976987,0.00676507,0.00456023,0.0141252,0.00371891,0.00429178
0.0146666,0.00976995,0.00315379,0.0319115,0.0077079,0.00514784
0.00458632,0.00316191,0.00261858,0.00913231,0.0029241,0.000996111
0.00782241,0.00562275,0.00284591,0.0157555,0.00352456,0.00187075
0.0268207,0.0180871,0.0113187,0.0370892,0.0087348,0.00688326
0.013379,0.00886733,0.00478091,0.0277308,0.00802472,0.00964617
0.00684876,0.0048004,0.00318468,0.0118293,0.00409776,0.00406379
0.00560426,0.00399709,0.0095101,0.0178011,0.00622758,0.00544854
0.0424305,0.0256659,0.0387241,0.203726,0.055619,0.124295
0.00809518,0.00582816,0.00309033,0.0131026,0.0027922,0.00735467
0.045003,0.028659,0.0102247,0.0606387,0.0178017,0.0236482
0.0123665,0.00837529,0.00304291,0.0196228,0.00586986,0.0104303
0.0154719,0.0108251,0.00661776,0.0018679,0.00109617,0.0046916
0.00654907,0.00499713,0.00263384,0.0166071,0.00318578,0.00231941
0.0344909,0.0225499,0.0154067,0.0381267,0.00890761,0.0175138
0.00678164,0.00497702,0.0030875,0.0168452,0.00340068,0.0051098
0.00807389,0.00569346,0.00312777,0.0112445,0.00457622,0.00199211
0.0172259,0.0117097,0.00593623,0.0234196,0.00739924,0.0179973
0.00825114,0.00546352,0.00351341,0.0183718,0.00462522,0.00932704
0.00716118,0.00484264,0.00310353,0.0158921,0.00400427,0.00220794
0.0102629,0.0070067,0.0030357,0.0201663,0.0049091,0.00316596
0.0280008,0.0182618,0.00864495,0.040438,0.01029,0.0122045
0.0214771,0.0141854,0.00732238,0.0280422,0.00782114,0.00389629
0.010851,0.00739725,0.00381443,0.0172396,0.00329366,0.00653491
0.00763468,0.00530204,0.00478689,0.0164537,0.00244463,0.00225644
0.00910407,0.00648077,0.00292348,0.0156993,0.00417294,0.00868837
0.0087521,0.00598244,0.00321589,0.0177555,0.00477977,0.00442943
0.0136323,0.00942237,0.0157267,0.0359243,0.00986529,0.00647654
0.0179956,0.00844915,0.00582166,0.0338354,0.00922017,0.00513995
0.0181323,0.00843313,0.00577829,0.0328896,0.00771091,0.00483059
0.00750229,0.00489191,0.00228083,0.0140231,0.00408826,0.000328105
0.010294,0.00705122,0.00478378,0.0224297,0.00577389,0.00401553
0.0134251,0.00907682,0.00389792,0.0232031,0.00516194,0.00757268
0.0196679,0.0133204,0.00913361,0.0628782,0.0149589,0.0515001
0.0078793,0.00534524,0.00354432,-0.00301009,0.00130391,0.00524011
0.0109116,0.00717742,0.00365364,0.0175352,0.00563275,0.00269144
0.0109749,0.00762378,0.00212081,0.0184167,0.00340466,0.00349956
0.0192124,0.0125002,0.0207247,0.0905664,0.0249619,0.0171022
0.031854,0.0198684,0.0150375,0.0811967,0.0212651,0.0450018
0.0103189,0.00699026,0.00215771,0.0181372,0.00496191,0.00375081
0.00929799,0.00676915,0.00407133,0.0152235,0.00524674,0.00682365
0.0111842,0.00782666,0.00485852,0.018699,0.0065139,0.00547385
0.0293932,0.0190055,0.0118594,0.0424712,0.00781439,0.0103943
0.0095339,0.00673272,0.00871992,0.0585302,0.0157761,0.0155214
0.00869897,0.00573629,0.00362064,0.0133927,0.00485733,0.00158563
0.0324987,0.0162685,0.00987587,0.0225227,0.0042764,0.0130415
0.0160799,0.0109584,0.00462826,0.0178134,0.00631393,0.00574899
0.0351431,0.0129399,0.0143132,0.0983303,0.0300869,0.0519147
0.0461389,0.0222662,0.0175512,0.101157,0.026606,0.0636734
0.0269634,0.0170499,0.017038,0.0998047,0.0249174,0.0280525
0.0291883,0.0191491,0.0103054,0.0278121,0.00996206,0.00907169
0.0289623,0.0176528,0.0118174,0.0576294,0.0154093,0.0164012
0.00942602,0.00602077,0.00426997,0.0258169,0.00666,0.00521417
0.0139868,0.00771238,0.00527414,0.0229494,0.00634119,0.00566975
0.0224011,0.0135433,0.00822269,0.0333176,0.00897846,0.00709554
0.0113096,0.00771294,0.00456579,0.019013,0.00480609,0.007696
0.0127728,0.00836777,0.00521433,0.0287225,0.00802646,0.0059507
0.0182811,0.0124116,0.00812411,0.102535,0.0286112,0.0117709
0.0127893,0.00844505,0.00446286,0.0172045,0.00432973,0.0050739
0.0195344,0.0129926,0.00694801,0.0277144,0.00698098,0.00824771
0.0123527,0.00837724,0.00471506,0.0215679,0.00544,0.0103778
0.0243159,0.0161706,0.0163406,0.0806856,0.0195561,0.0256562
0.0135657,0.0091225,0.00509073,0.029429,0.00700575,0.0116588
0.0051,0.00367844,0.002204,0.0174534,0.00242192,0.00152336
0.0219122,0.0144561,0.00670501,0.0357978,0.00819654,0.0100055
0.0247411,0.0163703,0.00673076,0.033154,0.00693114,0.0113548
0.0186531,0.0117689,0.00899532,0.0472512,0.011693,0.0268893
0.00922457,0.0064285,0.00363447,0.0223783,0.00476232,0.0100723
0.0387142,0.0248112,0.0324974,0.116428,0.0321265,0.0475759
0.00984443,0.00715453,0.00384978,0.0184071,0.00286816,0.00559299
0.0156804,0.0108741,0.00568735,0.0240097,0.00664875,0.00391696
0.0170968,0.00866026,0.00982521,0.0563445,0.0143471,0.00691133
0.024698,0.0147323,0.0143824,0.0763175,0.0178586,0.00920618
0.0441046,0.0282692,0.0368899,0.160289,0.0431517,0.0887407
0.0135257,0.00713175,0.00562587,0.0347566,0.00875575,0.00818635
0.011837,0.00481938,0.00462067,0.0207424,0.0052421,0.00300349
0.0265629,0.0181107,0.00868066,0.0342785,0.00836577,0.00580352
0.0392886,0.0257838,0.0105182,0.0392469,0.0112506,0.0267922
0.0355034,0.0195643,0.0139206,0.0758462,0.0196015,0.0276698
0.0116609,0.00780635,0.00507577,0.0251141,0.00594452,0.0140836
0.00768181,0.00362821,0.00490572,0.019363,0.00476926,0.0018537
0.0136488,0.00820507,0.00670797,0.0231746,0.00588667,0.00279058
0.0181643,0.0117469,0.00638807,0.0286426,0.00745475,0.00399942
0.0355602,0.0225446,0.0135231,0.0564319,0.017255,0.0268666
0.0171474,0.0114896,0.0195275,0.0999385,0.0236458,0.0263345
0.0116774,0.00766629,0.0061184,0.0248415,0.0055418,0.00519239
0.00580962,0.00415879,0.00135656,0.0153057,0.0051898,0.00137342
0.0168455,0.0117552,0.00796761,0.0285171,0.00754759,0.00354545
0.0155353,0.0110766,0.00490997,0.0191147,0.00367477,0.00236286
0.00975801,0.00655945,0.00325628,0.0354662,0.00749032,0.0141555
0.0211768,0.0141816,0.0175882,0.0819683,0.0227427,0.0238281
0.013142,0.0093766,0.00432306,0.022927,0.00501686,0.00487728
0.00983259,0.00649198,0.0038032,0.0209311,0.00571454,0.00352052
0.0461825,0.0294232,0.0225199,0.0907319,0.0235127,0.0220936
0.0154687,0.0108651,0.011059,0.0329444,0.00741919,0.0179713
0.0106292,0.00734612,0.00726816,0.0224853,0.00454319,0.00597959
0.0188413,0.0128642,0.0048699,0.0335019,0.00864586,0.00751121
0.0315196,0.0197247,0.0186889,0.103809,0.0269266,0.0232152
0.0136103,0.00940636,0.00431203,0.0182785,0.00483883,0.0164388
0.0190103,0.0128139,0.00690438,0.0342128,0.00983099,0.0114641
0.00939471,0.0063656,0.00361119,0.0312728,0.006942,0.00639907
0.0114866,0.00810034,0.00656423,0.0522434,0.0139804,0.0300896
0.0344264,0.0157547,0.0129661,0.0702495,0.016335,0.0321128
0.0344008,0.0159201,0.0124802,0.0541669,0.0111941,0.0228465
0.0190455,0.0126451,0.00434415,0.0507195,0.0128492,0.00780386
0.00724775,0.00500759,0.00252585,0.0217243,0.00583602,0.0048208
0.0201051,0.0135703,0.00516573,0.0379761,0.00905497,0.0155279
0.0342486,0.0215449,0.0262393,0.0948715,0.0256993,0.0154706
0.014865,0.0102584,0.00498672,0.0388948,0.0109512,0.0163008
0.0204429,0.0138741,0.00676362,0.0218065,0.00645317,0.00203724
0.0210772,0.0141856,0.00515875,0.032838,0.0103828,0.0275858
0.02155,0.0147962,0.0104346,0.0514837,0.0134009,0.0153154
0.0205492,0.0133875,0.00432888,0.0387089,0.00871511,0.00725522
0.00845978,0.00591339,0.00853896,0.0441483,0.0117939,0.0161494
0.00951077,0.00653301,0.00379661,0.0113362,0.00339384,0.00481
0.00970564,0.00692485,0.00672238,0.017405,0.00585802,0.00214447
0.00954133,0.0063739,0.00371336,0.0203512,0.0049753,0.0046624
0.0187595,0.0126082,0.006605,0.0395733,0.00765685,0.00743011
0.0153835,0.0103091,0.0235042,0.0713149,0.0177613,0.0309952
0.0274284,0.0182331,0.0097238,0.0244123,0.00903037,0.00681165
0.0178025,0.0122818,0.00556934,0.0259794,0.0044719,0.00451567
0.0157102,0.0106466,0.00479575,0.0239028,0.00862034,0.0069197
0.00591126,0.00452504,0.00129009,0.0186286,0.00373864,0.000365923
0.0115311,0.00770949,0.00488576,0.0175215,0.00400464,0.00715323
0.0164957,0.0107349,0.0069957,0.030865,0.00917022,0.0138903
0.0640666,0.0370885,0.0279689,0.113099,0.028475,0.0405771
0.00992319,0.00666423,0.00364115,0.0244262,0.00379801,0.00428091
0.0186542,0.0130048,0.00596848,0.0473972,0.0108361,0.0278715
0.00613779,0.00413037,0.00471897,0.00357984,0.000382747,0.00267572
0.0275464,0.0177737,0.00851293,0.0369445,0.0102922,0.011518
0.0231837,0.0131219,0.00933249,0.053091,0.014341,0.0146799
0.0474307,0.0288975,0.0536206,0.180349,0.0501317,0.0504115
0.0062643,0.00433861,0.00418034,0.020834,0.00583125,0.00841224
0.00924325,0.00660072,0.0123687,0.0192791,0.00561178,0.00885591
0.0217924,0.014313,0.00998589,0.0402128,0.00989204,0.036742
0.0117619,0.00820351,0.00301918,0.0355442,0.00928979,0.00295716
0.0110026,0.00786053,0.00471466,0.0218683,0.00484399,0.00580763
0.0222558,0.0126818,0.00974851,0.0548772,0.0148563,0.0141069
0.0173262,0.00964164,0.0075,0.0264858,0.00772385,0.00992483
0.0092084,0.00664494,0.00301508,0.0204574,0.00393705,0.00658188
0.00925426,0.00638668,0.00348899,0.0244919,0.00633546,0.00287163
0.0108902,0.00768934,0.00281995,0.0217516,0.00510966,0.0104524
0.00615423,0.0042856,0.00351307,0.00938698,0.0039194,0.0109242
0.00945689,0.00625371,0.0132189,0.0548716,0.012613,0.0215782
0.0105832,0.00711411,0.00565808,0.0332632,0.0067825,0.0043878
0.0104177,0.00723089,0.0025397,0.013676,0.00198098,0.00307024
0.0272099,0.0180249,0.00795131,0.0455116,0.011736,0.00938522
0.0346868,0.0225986,0.00931973,0.0692482,0.01712,0.0119122
0.00685602,0.0045167,0.00270772,0.0136925,0.00268132,0.00172368
0.0402563,0.0206195,0.0168857,0.0600778,0.0130803,0.0235203
0.0102858,0.00735019,0.00523414,0.00640266,0.000282245,0.00808994
0.0172441,0.0110782,0.00868562,0.047634,0.016145,0.0225841
0.0312855,0.0192936,0.0152864,0.0595111,0.016693,0.0366767
0.0495074,0.0314281,0.017821,0.0661028,0.0167576,0.0136162
0.0119604,0.00841167,0.00203003,0.027563,0.00730041,0.00774825
0.0329213,0.0192205,0.0511615,0.265053,0.0686302,0.111347
0.0240718,0.0158853,0.0136634,0.0989154,0.0228014,0.0102819
0.0146703,0.00990797,0.00552181,0.0307102,0.00640311,0.00785101
0.0115341,0.00774515,0.00540974,0.0410473,0.0119575,0.018876
0.00954784,0.00645744,0.0100747,0.048338,0.0131633,0.0190044
0.033889,0.0211887,0.0138146,0.0751793,0.0202789,0.0191385
0.00689903,0.00463301,0.00581316,0.0238386,0.00645847,0.00601997
0.0225747,0.0137021,0.0417496,0.19942,0.050227,0.106751
0.00451762,0.00329151,0.0020045,0.0133755,0.00327627,0.000525268
0.0250903,0.0161049,0.0182479,0.0959148,0.0241591,0.0277067
0.0335374,0.0214684,0.014977,0.0821581,0.021131,0.0285837
0.00436731,0.00317294,0.00771425,0.0192789,0.00420252,0.003234
0.0233817,0.0147425,0.0211053,0.115878,0.0283281,0.0285198
0.0488585,0.0306121,0.0216617,0.0854958,0.0222448,0.0375309
0.0161374,0.0107081,0.0107766,0.0553074,0.0139005,0.0270416
0.0321381,0.0195748,0.0225881,0.140946,0.0358934,0.0397678
0.0165587,0.0111829,0.00515768,0.0192547,0.00592329,0.0108139
0.0115651,0.00790293,0.00463298,0.0189823,0.00349743,0.00329943
0.0110359,0.00772887,0.00250829,0.0163391,0.00468517,0.00414082
0.0153389,0.0106989,0.00567734,0.0198685,0.00537763,0.00845472
0.00773379,0.00570608,0.00332634,0.0198147,0.00486093,0.00567154
0.0151436,0.010507,0.00510584,0.0220544,0.00391321,0.0078486
0.0322873,0.0204118,0.0141993,0.0679932,0.0148532,0.0290912
0.0252992,0.0167204,0.0124024,0.0584905,0.0137974,0.0117223
0.0159437,0.0106674,0.00542592,0.0285091,0.00712391,0.0144318
0.0204522,0.0144107,0.00969304,0.0379902,0.00905897,0.0137603
0.0146957,0.00614234,0.00597531,0.0341003,0.0104294,0.0286602
0.0150065,0.0060523,0.00587075,0.0350102,0.0104551,0.0286897
0.0270387,0.0179224,0.011529,0.0449945,0.0113903,0.00816215
0.0140308,0.00937509,0.00482568,0.0160161,0.00327301,0.00432135
0.00802288,0.00551704,0.00414353,0.0106719,0.00268269,0.0103091
0.016152,0.0111479,0.00829082,0.0371564,0.0109132,0.0148621
0.0214516,0.0144004,0.00774144,0.0381784,0.00762926,0.00539292
0.0148867,0.0103425,0.00494592,0.0233379,0.00548711,0.00532324
0.0666326,0.0393493,0.0281028,0.101824,0.0248515,0.027641
0.0330916,0.0226844,0.0169671,0.0683341,0.0182612,0.0115787
0.0186796,0.0129045,0.00665065,0.0174164,0.00437191,0.00394758
0.0100809,0.00689681,0.00903795,0.0200059,0.00493988,0.0046029
0.0162785,0.0108783,0.007951,0.0349624,0.0085263,0.0129542
0.00450433,0.00315444,0.00217276,0.0110535,0.002864,0.00163882
0.0132895,0.00912702,0.00825062,0.0057135,0.001105,0.0148007
0.0311505,0.0142119,0.0143604,0.100216,0.0279103,0.0402036
0.0338539,0.0141416,0.013934,0.090341,0.023536,0.0355086
0.0105029,0.00717322,0.00404991,0.0175537,0.00621519,0.00268146
0.0246485,0.0161939,0.0136022,0.0519515,0.0127554,0.015885
0.0474298,0.0308552,0.015908,0.077713,0.0214567,0.059733
0.00929054,0.00622604,0.0123167,0.062128,0.0172551,0.0284664
0.0294803,0.0191313,0.00938194,0.0460996,0.011526,0.0110249
0.0138943,0.0092337,0.0267675,0.100159,0.0251737,0.0404652
0.0125455,0.00861801,0.00485869,0.0181667,0.00507396,0.011141
0.0154394,0.0105357,0.00733093,0.0318319,0.00807589,0.00921725
0.0151696,0.0100413,0.00489401,0.0251238,0.00765582,0.00591074
0.0051003,0.003462,0.00202299,0.0114303,0.00253041,0.00442387
0.0299072,0.0197641,0.0107162,0.0512854,0.0138699,0.0188815
0.0519292,0.0256646,0.0317257,0.102954,0.0264835,0.0508296
0.0202965,0.0135857,0.00621851,0.0298835,0.0115472,0.0113477
0.0145844,0.0101806,0.0124353,0.0566893,0.015614,0.028267
0.0478183,0.028757,0.0250306,0.116245,0.029591,0.0261408
0.0172198,0.00588379,0.00715161,0.02725,0.00471242,0.00612708
0.0110307,0.00764222,0.00254302,0.0227913,0.0045234,0.0032934
0.0228495,0.0156451,0.00874823,0.0356475,0.00828575,0.0227613
0.0637093,0.0283802,0.0775183,0.381925,0.0995899,0.154894
0.0209087,0.0135832,0.0113628,0.0162423,0.00232081,0.0198379
0.0121123,0.00783656,0.0086988,0.0614234,0.0157473,0.00624299
0.0318595,0.0203642,0.0105891,0.0333945,0.00889815,0.0182307
0.0544499,0.0269461,0.0206571,0.0792805,0.0211584,0.0273475
0.0229566,0.0132439,0.00985064,0.0796033,0.0227909,0.0185011
0.013903,0.00520948,0.0061395,0.0445263,0.01061,0.00683078
0.0176592,0.0121491,0.00593816,0.0234991,0.0058219,0.00251249
0.0399838,0.0248255,0.0180796,0.098902,0.0261519,0.0398031
0.0325012,0.0136457,0.0182843,0.0701707,0.0173875,0.0196522
0.0227867,0.0151307,0.00770668,0.0501302,0.0132364,0.0215479
0.0623347,0.0365346,0.0284375,0.12092,0.0336284,0.0408571
0.0220997,0.0149754,0.0057076,0.0313104,0.00776595,0.0150286
0.0143665,0.00959892,0.00429563,0.0169494,0.00324461,0.00751685
0.0243355,0.0158702,0.00812056,0.0270683,0.00779971,0.015109
0.00997772,0.00707973,0.00228019,0.0228463,0.00587772,0.00338459
0.00744691,0.00497852,0.00208924,0.0130166,0.00426456,0.00202665
0.00471033,0.00321689,0.00175488,0.0124537,0.00325262,0.0116472
0.019622,0.0122731,0.0121755,0.0596462,0.015879,0.0267378
0.00739179,0.00511724,0.00284569,0.0150373,0.00385784,0.00626478
0.0260157,0.0172136,0.00652004,0.0323338,0.00875441,0.00850292
0.0385805,0.0257588,0.0142265,0.0478231,0.0135582,0.0279013
0.00403137,0.00302398,0.00174164,0.0113647,0.00336678,0.0040859
0.00688262,0.00459357,0.00344336,0.0175158,0.00405106,0.00628883
0.0126705,0.00837818,0.00429819,0.0285652,0.00670926,0.00874796
0.0359998,0.0219441,0.0183185,0.0805494,0.0196445,0.0369701
0.0197359,0.013459,0.00838222,0.0323922,0.00793326,0.0129302
0.016507,0.0114374,0.00475251,0.0373874,0.00973043,0.00886089
0.00581995,0.00415984,0.00392018,0.0156019,0.00424579,0.0030591
0.00529099,0.00413053,0.00219132,0.0121314,0.0032129,0.00213587
0.00844955,0.00579046,0.00280054,0.0201724,0.0044339,0.0019526
0.0305567,0.0133069,0.0138044,0.0855312,0.0261751,0.0529371
0.0312513,0.0137894,0.0158782,0.0922455,0.0234409,0.060376
0.00925921,0.00614625,0.00509633,0.0256338,0.00569243,0.011974
0.0517066,0.029985,0.0440581,0.16493,0.0407111,0.0691888
0.0040377,0.00312302,0.00221355,0.0140296,0.00265203,0.00142835
0.0304507,0.019043,0.0120581,0.0689948,0.0180936,0.0307631
0.0202725,0.0133764,0.00706671,0.0329633,0.00864205,0.00821458
0.00832367,0.00588493,0.00281297,0.000514543,0.000405139,0.00362824
0.0299826,0.0181277,0.0144903,0.0895218,0.0228008,0.047917
0.0171923,0.0116034,0.0196618,0.0734701,0.0199136,0.0238641
0.00939038,0.00663434,0.00295377,0.00442246,0.000736371,0.00982823
0.0257966,0.0168426,0.00988784,0.0724077,0.0176199,0.0145804
0.0221613,0.014616,0.0165197,0.0933445,0.0235674,0.0197356
0.0471132,0.0294842,0.0182571,0.058661,0.0159517,0.0330161
0.0293586,0.0193642,0.0119642,0.0554391,0.0138294,0.0170066
0.0202445,0.013986,0.021505,0.0571903,0.0150619,0.00965508
0.0132248,0.00909132,0.00566397,0.0166045,0.00491705,0.00533564
0.0466302,0.0203323,0.0143652,0.088939,0.0254538,0.0572048
0.0499573,0.0227971,0.0142828,0.0741238,0.0197392,0.0380491
0.0136498,0.00907726,0.00581447,0.0264733,0.0071083,0.00457752
0.0111088,0.00786549,0.00472356,0.0169421,0.00455661,0.00820692
0.0191423,0.0136902,0.00854543,0.0314063,0.00779741,0.00433049
0.0143043,0.010097,0.00619731,0.0248078,0.00697696,0.00728198
0.0140115,0.00947133,0.00973271,0.0269924,0.00733475,0.0050702
0.0282026,0.0179685,0.0205338,0.0907912,0.0250591,0.0479028
0.0221239,0.00850489,0.0107599,0.0703766,0.0178436,0.024463
0.0224773,0.00896558,0.0117797,0.0675511,0.0169617,0.0288699
0.0119394,0.00857739,0.00638943,0.0411533,0.0107461,0.0183518
0.0122285,0.00822978,0.00438114,0.0159648,0.00580862,0.0171375
0.0157285,0.0106104,0.00537981,0.0188195,0.00553279,0.00284257
0.0107881,0.00755148,0.00477613,0.0153491,0.00238837,0.00518294
0.0299087,0.0194411,0.010717,0.0583768,0.0159836,0.0181865
0.0164125,0.0111799,0.00494957,0.00630038,0.000763744,0.00228965
0.0176782,0.0122483,0.00835214,0.0277163,0.00654129,0.0111865
0.0268721,0.017456,0.00811635,0.00489307,0.00149392,0.00415893
0.0057507,0.00456405,0.00246319,0.0125825,0.00342551,0.00207187
0.0129095,0.00828506,0.00532671,0.0272158,0.00704888,0.00513839
0.0302476,0.019335,0.00928159,0.0450198,0.0131444,0.020217
0.021631,0.0142546,0.0054403,0.0395319,0.00945571,0.00787942
0.0317142,0.0210366,0.0108553,0.0344677,0.00940435,0.0243213
0.0124112,0.00576867,0.00947986,0.0551778,0.0123816,0.0104171
0.0121104,0.00574192,0.00909811,0.0489873,0.00917472,0.00887134
0.0156539,0.0111451,0.00833518,0.0254323,0.00623662,0.005207
0.0202687,0.0137424,0.00581945,0.0349249,0.0088001,0.00619414
0.0163268,0.0113316,0.00489194,0.0262849,0.00738222,0.00845867
0.0316977,0.0203531,0.0134793,0.0648545,0.0174004,0.0482723
0.0178255,0.0117554,0.00637001,0.0452257,0.0117865,0.00630022
0.0154995,0.0107618,0.00647751,0.0112588,0.00401883,0.00462016
0.0050889,0.00327801,0.00221472,0.0237423,0.00557401,0.00991723
0.0301993,0.0201545,0.00829198,0.0409173,0.0106757,0.013239
0.0226685,0.0149786,0.0070591,0.0333996,0.00915321,0.00841918
0.0220968,0.0142244,0.0102859,0.0444607,0.0104749,0.00855793
0.0115823,0.00765083,0.00513417,0.00155664,0.000119736,0.00794102
0.00766872,0.00538811,0.00399708,0.0227148,0.00561778,0.0109177
0.0115015,0.007844,0.00326381,0.0265849,0.00864928,0.0125244
0.00813929,0.00578064,0.00214958,0.0166703,0.00522935,0.00421042
0.00867273,0.00597017,0.00364843,0.015201,0.00304337,0.00504582
0.00436425,0.00342734,0.00315405,0.0121885,0.00427609,0.00480968
0.0246071,0.0166584,0.0121955,0.0465623,0.0123497,0.0178331
0.00708575,0.00496573,0.00458009,0.00354967,0.000598926,0.00158737
0.054467,0.029197,0.0391348,0.139629,0.0346616,0.0492033
0.0416472,0.0269192,0.0126255,0.0420879,0.0122713,0.0101285
0.0131365,0.0086539,0.00468801,0.0237873,0.00547241,0.00672106
0.0187275,0.0126414,0.014685,0.0735828,0.0187957,0.0156553
0.0207535,0.0132757,0.00866422,0.0422134,0.0108021,0.0280488
0.0924944,0.0416528,0.0526316,0.240086,0.0661965,0.101915
0.0870587,0.041628,0.0530328,0.231679,0.0585169,0.0966076
0.00499251,0.00363871,0.00359695,0.0386407,0.0119198,0.0139881
0.0193534,0.0125155,0.00526003,0.0394041,0.00924206,0.0223051
0.0141809,0.00947764,0.00585876,0.021353,0.00760208,0.00671693
0.0176605,0.0103853,0.00627116,0.0224591,0.00603691,0.00522914
0.0317441,0.0215641,0.00997595,0.0416706,0.0090912,0.0111813
0.0157953,0.0106583,0.00564225,0.0330803,0.00935552,0.00911443
0.0118966,0.00654766,0.00409091,0.0280976,0.00651407,0.00758324
0.0123711,0.00579707,0.00315432,0.0240207,0.00469818,0.00621633
0.0115669,0.00760073,0.00394883,0.0197466,0.00412528,0.00316037
0.0365912,0.0207714,0.0158945,0.072058,0.0195371,0.0285948
0.0333205,0.0149626,0.014647,0.0386484,0.0094666,0.0140837
0.0321708,0.0212338,0.009862,0.0431103,0.00996098,0.00924158
0.0118469,0.00797559,0.0037584,0.0177878,0.00461695,0.00657773
0.0179621,0.0116973,0.00832733,0.0261903,0.00706454,0.0101841
0.00708849,0.00502807,0.00782733,0.0352383,0.00979971,0.0175738
0.0102879,0.00717424,0.00840422,0.0423975,0.0123189,0.00734452
0.0101377,0.00697994,0.00623124,0.0264997,0.00652042,0.0025142
0.0119455,0.00810243,0.00499642,0.0141529,0.00516613,0.00306426
0.0110864,0.00763658,0.00470449,0.018388,0.00472038,0.00386764
0.0217085,0.0142195,0.00801724,0.0397798,0.00953864,0.00609301
0.00690163,0.00494671,0.00355799,0.0212466,0.00455466,0.00165009
0.0116678,0.00805423,0.00463323,0.0212097,0.0044988,0.00156383
0.0129813,0.00899386,0.00521786,0.0316689,0.00875941,0.0173534
0.010026,0.00730118,0.0039573,0.0249124,0.00714315,0.00414459
0.0082113,0.00575755,0.00408924,0.0202707,0.00467412,0.0117837
0.01854,0.0124019,0.0149209,0.0664774,0.0192115,0.0233247
0.00954109,0.00653648,0.00309602,0.0145901,0.00546122,0.0126623
0.0258894,0.0160647,0.0340897,0.147689,0.039057,0.0754085
0.0372536,0.0238602,0.011616,0.0444912,0.0107237,0.0138597
0.0224961,0.0136693,0.0247354,0.139644,0.0368619,0.0210643
0.0320504,0.0180216,0.00971939,0.0492648,0.0137139,0.0121159
0.0325079,0.0181451,0.0152671,0.066208,0.0155642,0.0232721
0.0253967,0.0169527,0.0112876,0.054059,0.0138423,0.00896495
0.012272,0.00843649,0.00511352,0.0304057,0.00853597,0.00452986
0.00763616,0.0052265,0.00325535,0.0192697,0.00474474,0.00425423
0.00613659,0.00442545,0.0042874,0.0373732,0.00989007,0.00577562
0.00633164,0.00456257,0.00454064,0.0164667,0.0033958,0.006475
0.0219029,0.0151363,0.0141304,0.0383788,0.00899625,0.0126417
0.00647008,0.00413251,0.00607134,0.0426486,0.0111561,0.00898594
0.0203918,0.0137895,0.0101466,0.0397444,0.0095956,0.00375444
0.00515742,0.00376262,0.002988,0.0152671,0.00156908,0.00285646
0.0246085,0.015895,0.00696705,0.0463993,0.0118738,0.0108286
0.0126689,0.00881158,0.0050092,0.00740617,0.000433655,0.0152535
0.0468621,0.0268597,0.0451992,0.231275,0.0573353,0.149997
0.0117858,0.00789436,0.00177321,0.0237387,0.0064118,0.00647337
0.0315241,0.0207407,0.00873267,0.0424197,0.0102162,0.00583724
0.0427992,0.0279923,0.0245336,0.109287,0.0317892,0.0387483
0.0506933,0.0282831,0.0282737,0.120457,0.0329372,0.0420331
0.0192828,0.0126951,0.00674591,0.0297642,0.00724735,0.00489043
0.0209457,0.0138192,0.0062837,0.0293528,0.00738722,0.0157646
0.0227509,0.0149956,0.00763723,0.034602,0.00791277,0.0125134
0.021372,0.0139617,0.0077569,0.0433044,0.010615,0.0250445
0.0206469,0.00776008,0.00905178,0.0471028,0.0126499,0.00611318
0.0207015,0.00790947,0.00873771,0.0450005,0.0114559,0.00481848
0.0120899,0.00845606,0.0037406,0.0183323,0.00513498,0.0095782
0.0269516,0.0180463,0.0107388,0.0622563,0.0172707,0.0292457
0.0111268,0.00776207,0.00371297,0.0165409,0.00430737,0.00430251
0.00537479,0.00389427,0.00378571,0.0173707,0.00507529,0.00529817
0.0061183,0.00404224,0.00372822,0.0103475,0.00170601,0.00454192
0.0239056,0.0159974,0.00981351,0.0302446,0.00794453,0.00924901
0.021252,0.0144524,0.00281271,0.0355084,0.00685753,0.00372078
0.0243236,0.0159108,0.00962978,0.036983,0.00851726,0.00991988
0.0281879,0.0127897,0.00854094,0.054531,0.0160524,0.00536853
0.0306713,0.0150598,0.0091414,0.0558772,0.01569,0.00483661
0.0343994,0.0218571,0.0107907,0.0519562,0.0120096,0.0213201
0.0223499,0.0149968,0.0195242,0.0986969,0.0231054,0.015848
0.0237158,0.015719,0.00840945,0.0104384,0.00270832,0.00746688
0.00905257,0.00624348,0.00375988,0.00974158,0.00170105,0.00657417
0.0108699,0.00534485,0.00519734,0.0375454,0.0128766,0.00805284
0.0304147,0.019068,0.0165002,0.0681261,0.0198545,0.017136
0.00757302,0.0053809,0.00365601,0.0157045,0.00390023,0.00327574
0.0219019,0.0146098,0.00574762,0.0418684,0.00978599,0.0318757
0.0235377,0.0164124,0.00720757,0.023327,0.00549653,0.005159
0.019109,0.0126676,0.00694926,0.0209389,0.0058801,0.00701725
0.0142339,0.00942955,0.0053585,0.0297593,0.00909295,0.0111841
0.00685004,0.00486804,0.00277263,0.0164057,0.00343715,0.00171125
0.0293835,0.0177166,0.0288545,0.158781,0.0387086,0.0621619
0.0155788,0.0109914,0.00951819,0.0306217,0.00870571,0.0130966
0.0201568,0.0093085,0.0106277,0.0600927,0.0134666,0.0117563
0.0113469,0.0058356,0.0074869,0.0396255,0.00996681,0.0145823
0.0167983,0.0104455,0.00803148,0.033283,0.00846481,0.00723263
0.00970192,0.00657977,0.00267319,0.0134118,0.00396629,0.00266712
0.0130316,0.00876312,0.0240771,0.0750343,0.0175457,0.0526884
0.030054,0.0200677,0.0183862,0.0971166,0.0298155,0.0602588
0.00808295,0.00546373,0.00352313,0.020993,0.00593346,0.00615392
0.00867778,0.00623611,0.00341592,0.0181152,0.00483535,0.0039177
0.0076778,0.00505563,0.00432524,0.019953,0.00593218,0.00553884
0.026482,0.0149208,0.00917534,0.0380827,0.0107879,0.0171803
0.00785955,0.00565617,0.00136529,0.0149716,0.00476745,0.00526994
0.0185449,0.0125598,0.0181404,0.0985462,0.0240962,0.0399306
0.0149879,0.0101818,0.0045923,0.0365285,0.00849778,0.00189485
0.0227743,0.0138413,0.0254493,0.0986427,0.0286926,0.0372207
0.0209353,0.0132398,0.0125231,0.0884352,0.022423,0.0196444
0.0342683,0.0223482,0.013146,0.0540729,0.0142301,0.0135667
0.0161077,0.0106395,0.0125047,0.077081,0.0188137,0.0323111
0.00901544,0.00615847,0.0140881,0.0292032,0.00939199,0.0399021
0.0255619,0.0166148,0.013393,0.0602837,0.0163966,0.0140902
0.018837,0.0124669,0.00670304,0.0339669,0.00964005,0.00686845
0.00656809,0.00451682,0.00415119,0.0107716,0.00249647,0.00489542
0.0160804,0.0106418,0.00694056,0.0200426,0.00476114,0.00908388
0.0218274,0.0140512,0.0067215,0.0324098,0.00780912,0.00478259
0.0338991,0.0216803,0.0256749,0.142036,0.0375465,0.0957291
0.0297548,0.0198926,0.0179412,0.0822257,0.0215187,0.0137459
0.0184471,0.0128298,0.00480908,0.0267453,0.00654415,0.00513734
0.013144,0.00901105,0.00652526,0.0215471,0.00448548,0.0106562
0.0182941,0.0126345,0.0182024,0.0916497,0.0217179,0.0293953
0.00492032,0.00347821,0.00375203,0.00255781,-4.01561e-05,0.000751281
0.0223063,0.0153348,0.00852678,0.0243519,0.00512151,0.00566258
0.0146236,0.0103925,0.00468456,0.00771014,0.00157693,0.00399716
0.0200927,0.0125889,0.0170995,0.125997,0.0358056,0.0178902
0.00823584,0.00542903,0.0111075,0.0594217,0.0158498,0.0155601
0.0201167,0.0131985,0.0137495,0.055414,0.0152507,0.0127048
0.040623,0.0257529,0.0139956,0.0550362,0.0148442,0.0138321
0.00767563,0.00511493,0.0031807,0.0152588,0.00425938,0.00805718
0.0500844,0.0312649,0.0287736,0.164489,0.0426559,0.0638955
0.00852153,0.00580672,0.00261132,0.0149256,0.0038031,0.0118439
0.00777083,0.00520329,0.00324856,0.0163054,0.00516933,0.00556763
0.0273585,0.0177342,0.0183356,0.073965,0.0205532,0.0200425
0.0587909,0.0355645,0.0424666,0.20304,0.0544712,0.0958025
0.0246534,0.0165378,0.00772183,0.032734,0.00838233,0.0167181
0.0163914,0.0112527,0.00469587,0.0170129,0.00406153,0.00590478
0.0105688,0.00738184,0.00640589,0.0259132,0.00558295,0.00497263
0.0304421,0.0190143,0.0111234,0.0445033,0.0110556,0.00659052
0.0166646,0.0117241,0.00486402,0.0136582,0.00418423,0.00338857
0.00966265,0.00648897,0.00357212,0.0152087,0.00351712,0.00590844
0.00488746,0.00332769,0.00174794,0.0127348,0.00326792,0.00294814
0.0146129,0.00942758,0.00627678,0.0375824,0.00994855,0.0135765
0.0117724,0.00574368,0.00690704,0.013866,0.00246823,0.00743943
0.0282932,0.0176316,0.0120911,0.0649508,0.0143934,0.0134463
0.0332261,0.020512,0.0268153,0.106173,0.0282507,0.0265982
0.030955,0.0178443,0.0157769,0.0785602,0.0212832,0.049218
0.0192336,0.0128897,0.00581785,0.0408346,0.0098249,0.00670936
0.00854834,0.00610858,0.00370068,0.0124746,0.00339728,0.0131638
0.0179552,0.0121652,0.00927856,0.0412775,0.0113299,0.0083429
0.0173003,0.0117277,0.00739511,0.0347029,0.00850029,0.00555766
0.0122698,0.00700963,0.00367346,0.0214871,0.00568378,0.00887299
0.017513,0.0110821,0.0139767,0.0604411,0.0165034,0.017193
0.0333315,0.0220195,0.0133294,0.0437755,0.0100773,0.00536816
0.00805719,0.00548126,0.0104607,0.0172188,0.00522856,0.00409264
0.0189903,0.012275,0.00685929,0.0281436,0.00728807,0.0051428
0.0197128,0.0126154,0.0310464,0.142046,0.0367209,0.0595695
0.0518818,0.0313155,0.0227511,0.094399,0.0255196,0.0146461
0.0217112,0.0151971,0.00720916,0.0299021,0.00707789,0.00703143
0.0132502,0.0087957,0.00841109,0.058866,0.0132399,0.00434516
0.0175525,0.0116643,0.0187597,0.0917778,0.0244492,0.0512323
0.0104199,0.00727205,0.00858122,0.039795,0.011133,0.0100856
0.0167728,0.0115174,0.00522956,0.0193574,0.0053821,0.00639007
0.0240817,0.0159384,0.0155394,0.0502926,0.013583,0.0108502
0.0202364,0.013622,0.00840878,0.0257503,0.0053408,0.00787552
0.0271189,0.018307,0.00819378,0.0478569,0.0117742,0.0147188
0.0929831,0.0331008,0.0339659,0.123361,0.034017,0.0603264
0.0419659,0.0218611,0.0152215,0.0651088,0.0175575,0.0366595
0.0343141,0.0166929,0.011741,0.0729,0.0163672,0.0222244
0.0316035,0.0165732,0.0113644,0.0661765,0.01248,0.0164632
0.0112148,0.00740371,0.00424615,0.0278063,0.00633258,0.012927
0.0378993,0.0249662,0.0143678,0.0445908,0.00998483,0.00900325
0.0811271,0.0473907,0.0440736,0.150456,0.0391277,0.0399584
0.00779281,0.00539639,0.00202724,0.00880844,0.00128753,0.00477592
0.0183867,0.0130832,0.00590703,0.0251761,0.00603743,0.0116114
0.00963921,0.00687017,0.00899286,0.0375577,0.0102724,0.0101621
0.0501401,0.0265474,0.0146148,0.0755554,0.0188229,0.0208175
0.0373294,0.0232717,0.0133598,0.0520643,0.0152669,0.0258271
0.00970366,0.00665806,0.00342835,0.0178401,0.00544261,0.00342684
0.0251081,0.0165361,0.012299,0.0565163,0.0158768,0.0105331
0.00560889,0.00377552,0.00294229,0.0198534,0.00458832,0.00571635
0.0155259,0.0109521,0.0112224,0.043733,0.0102416,0.00663062
0.00775855,0.0050638,0.00161243,0.0125718,0.00405568,0.00538667
0.0132982,0.00879786,0.00510163,0.0207984,0.00624671,0.00524391
0.0103321,0.0069053,0.00345033,0.0171732,0.00376301,0.00638614
0.00755989,0.00540764,0.00367945,0.0159949,0.00483989,0.00343937
0.0470492,0.0253122,0.035317,0.129656,0.0316964,0.0865593
0.0139425,0.00928242,0.00363766,0.0366044,0.00799626,0.00545032
0.0110794,0.00764533,0.00402815,0.0237472,0.00614302,0.00465867
0.0133579,0.0092849,0.00541434,0.0268942,0.00611276,0.0124619
0.0310307,0.0198104,0.0184321,0.0960936,0.027553,0.0413364
0.0162586,0.00446005,0.00547389,0.049514,0.0130311,0.0175848
0.00942247,0.00444426,0.00255769,0.042424,0.0111776,0.0125483
0.0346096,0.0219037,0.0113458,0.0540978,0.0148274,0.0230202
0.0146183,0.0100415,0.00950822,0.0616099,0.0145398,0.0188403
0.0143725,0.00951942,0.0051863,0.0179188,0.00487088,0.00144616
0.0169441,0.011923,0.00549968,0.0231578,0.00539406,0.00340427
0.0163439,0.0104127,0.0215675,0.0864631,0.0238658,0.0269894
0.012364,0.00875865,0.00246959,0.031093,0.00734223,0.00420412
0.00867883,0.00603634,0.0044669,0.0439932,0.00918179,0.0246579
0.0194705,0.0127081,0.0127974,0.0693021,0.0185293,0.0245953
0.0229527,0.00949433,0.0129509,0.0561191,0.0178629,0.0161937
0.0381575,0.0215104,0.0167465,0.0726832,0.0209616,0.0205801
0.0418975,0.0264163,0.0121066,0.0657453,0.016889,0.0243559
0.0457826,0.0269849,0.0505168,0.246062,0.0605423,0.0390905
0.00885268,0.00449684,0.0039066,0.0204712,0.00524535,0.00436729
0.0104626,0.00497891,0.00479854,0.0181095,0.00418871,0.00342846
0.0116295,0.00795425,0.00500957,0.0174381,0.00488322,0.00467737
0.00717172,0.00549815,0.00288346,0.0191613,0.00338499,0.00342474
0.00494196,0.0038191,0.00264729,0.0213658,0.00480657,0.00422114
0.0247329,0.0164914,0.00788305,0.0290455,0.00782204,0.00743386
0.015688,0.0108885,0.0047219,0.0241155,0.00599166,0.00980353
0.038126,0.0242079,0.0289255,0.126047,0.0342263,0.0554838
0.0149812,0.00985563,0.0203814,0.0757048,0.0218836,0.0381049
0.0334894,0.0143912,0.0146849,0.147752,0.042932,0.0812546
0.0342645,0.0143117,0.0147473,0.145066,0.0383451,0.0816474
0.0125989,0.00880587,0.00446461,0.0165466,0.00343537,0.00598863
0.00794788,0.00385841,0.00335126,0.0279443,0.00705421,0.00442868
0.0082007,0.00319822,0.00350356,0.023882,0.00624226,0.0042325
0.00975202,0.00581828,0.00377511,0.0226622,0.00607252,0.00953342
0.0270358,0.0170193,0.0170613,0.0686274,0.0186149,0.0282149
0.0219706,0.0144792,0.0146624,0.0446658,0.0116577,0.0167631
0.0153571,0.0107032,0.00481034,0.0336337,0.00947623,0.00732802
0.0090414,0.00634366,0.00250107,0.0558486,0.0173823,0.00349264
0.0194553,0.0138615,0.00546992,0.0295738,0.00718775,0.0101193
0.037338,0.0243535,0.0102784,0.0451125,0.00917126,0.0193943
0.0270305,0.0179942,0.0063022,0.0253922,0.00698418,0.00447017
0.0160606,0.0103439,0.00548098,0.0307038,0.00735169,0.00624905
0.0213669,0.0145331,0.00771711,0.0321404,0.00812862,0.0211324
0.013703,0.00942222,0.00446152,0.0167086,0.00382709,0.00943315
0.00813113,0.00562949,0.00358692,0.0317894,0.00621243,0.00436316
0.00779725,0.00549728,0.0132792,0.0409681,0.0107608,0.0103781
0.0245687,0.0161594,0.00703698,0.045728,0.0106394,0.0123044
0.00525065,0.00370475,0.00307669,0.00881158,0.00334427,0.00390888
0.018182,0.0115008,0.00727882,0.039801,0.0122129,0.00634079
0.0167397,0.00998523,0.00550422,0.0269974,0.00660829,0.0106997
0.00881647,0.00593416,0.00548176,0.0231602,0.00650936,0.00549356
0.0175873,0.0124102,0.00630117,0.0218613,0.00562163,0.00579151
0.0426273,0.026537,0.0283411,0.101423,0.0234995,0.0252689
0.0220197,0.0147576,0.00522721,0.00927022,0.00181624,0.0243961
0.0218761,0.0147073,0.00681157,0.0355079,0.00997902,0.0139032
0.00804148,0.00564643,0.00269786,0.0264792,0.00645248,0.00637473
0.0102083,0.00709318,0.00474598,0.0162554,0.00311339,0.00197259
0.0185759,0.0126085,0.00700492,0.0282163,0.00828843,0.00755651
0.0146306,0.0101567,0.0082764,0.0237748,0.0058168,0.0254852
0.0400287,0.0193832,0.0632527,0.264217,0.0700283,0.122658
0.0172116,0.0117891,0.00734911,0.0274637,0.00576772,0.00544938
0.0448525,0.0272573,0.0166494,0.0328546,0.00718472,0.0189256
0.0106589,0.00499626,0.0043544,0.0222784,0.005006,0.0154948
0.0156605,0.00992926,0.0130631,0.0919983,0.0234437,0.0463848
0.0232303,0.0153009,0.00726938,0.0356192,0.00915986,0.0196605
0.00652478,0.00428938,0.00217816,0.012848,0.00324432,0.00761943
0.0304336,0.0202049,0.0170377,0.0686128,0.018736,0.0168249
0.0180856,0.00996091,0.00722893,0.0309084,0.00890748,0.00436794
0.0145432,0.0070675,0.00590289,0.0221289,0.00539889,0.00135028
0.00874876,0.0058237,0.00401247,0.0278136,0.00674814,0.0115882
0.00790308,0.00514121,0.0017931,0.013159,0.00245361,0.00472476
0.00658047,0.00460418,0.00313893,0.0133169,0.00342098,0.00108871
0.00995757,0.00687695,0.00368907,0.0218042,0.00473911,0.00705708
0.0253105,0.0166742,0.00698648,0.0362581,0.00773082,0.00599294
0.0084872,0.00579289,0.00646483,0.0251726,0.00642709,0.00335178
0.0109137,0.0077295,0.00384738,0.0165436,0.00504865,0.00180508
0.00693616,0.00446193,0.00194565,0.0140434,0.00330461,0.000902389
0.0120546,0.0081003,0.00448728,0.0253397,0.00791399,0.024823
0.0415334,0.0257557,0.0158308,0.0932397,0.0275857,0.053273
0.00708148,0.00472446,0.00868998,0.0201439,0.00592772,0.00675558
0.0230264,0.0151897,0.00652168,0.0395918,0.0093289,0.0210846
0.0190027,0.012399,0.0135498,0.0940159,0.0278574,0.0221632
0.00527531,0.00390237,0.00269671,0.0135767,0.00437793,0.00266819
0.0145799,0.00975039,0.00637526,0.020537,0.00640042,0.0144578
0.022054,0.0147314,0.00722225,0.0357453,0.00876255,0.00398455
0.0510823,0.0307535,0.0503404,0.185829,0.0485053,0.106896
0.0106548,0.00514968,0.00315735,0.036121,0.00955943,0.00843022
0.0161487,0.00992366,0.00428074,0.0215259,0.0044677,0.00789843
0.0160717,0.0107995,0.00520062,0.0291165,0.00701045,0.00805054
0.02476,0.0163833,0.00787187,0.0281037,0.00680472,0.00883056
0.0210657,0.0148028,0.00637331,0.0297184,0.00740037,0.00640004
0.0114137,0.00745556,0.00303454,0.0383832,0.0119049,0.0230663
0.0215781,0.0138575,0.00574008,0.0315713,0.0102278,0.020111
0.021759,0.0142222,0.0070148,0.0566703,0.0146511,0.0275426
0.0513631,0.0239111,0.0276171,0.0833776,0.0192615,0.057115
0.0101651,0.0074076,0.00963976,0.0311614,0.00856316,0.00445776
0.0228012,0.0144367,0.0394934,0.148818,0.0375607,0.0522404
0.0062694,0.00434777,0.00286451,0.0204861,0.00393927,0.00352842
0.0426031,0.025264,0.0133214,0.0547989,0.0132341,0.0160187
0.0179779,0.00828952,0.00715539,0.0268516,0.00780381,0.00938502
0.0106342,0.00776467,0.00472431,0.0140292,0.00394351,0.00361576
0.0130236,0.00947589,0.00470465,0.0160667,0.00437566,0.00644406
0.0108682,0.00721393,0.00947229,0.0491467,0.0137036,0.0185915
0.047113,0.0280786,0.0196766,0.0530426,0.0150112,0.0246982
0.0194404,0.0128094,0.00329828,0.0348975,0.010529,0.00595097
0.0447663,0.0266181,0.0343615,0.183643,0.0469315,0.0684801
0.00492086,0.00362065,0.00146884,0.0121773,0.00214717,0.00512987
0.0135507,0.00916263,0.00418794,0.0227215,0.00637478,0.0101516
0.0114135,0.00818474,0.0102758,0.0402078,0.0124973,0.0119459
0.0108656,0.00745732,0.00394144,0.0196344,0.00414069,0.00120865
0.0163327,0.0115353,0.0062829,0.0219825,0.0071181,0.00540917
0.0169289,0.0113064,0.00565915,0.0318357,0.00924938,0.0150022
0.0173473,0.0117639,0.00519354,0.0270071,0.00760448,0.0130383
0.0138389,0.00923033,0.00512378,0.0141723,0.00494217,0.00996999
0.0100693,0.00682415,0.00247143,0.0056088,0.000924687,0.00543897
0.012611,0.00852979,0.00495403,0.0221711,0.00550835,0.0107955
0.0066704,0.00461954,0.0034294,0.0205472,0.0038702,0.00259699
0.0511952,0.0289035,0.0353988,0.125199,0.0324348,0.0513847
0.0183308,0.0123436,0.0122767,0.0574009,0.0146527,0.0146342
0.017102,0.0111121,0.00622965,0.0526174,0.0153867,0.01691
0.00421059,0.0030724,0.00279317,0.00823761,0.00229286,0.000442666
0.0376366,0.0233017,0.0270135,0.107855,0.0298154,0.0529469
0.0121898,0.00839834,0.00444569,0.0134182,0.00423823,0.00306449
0.0397966,0.0264798,0.0141675,0.0705654,0.018067,0.021205
0.0314204,0.0210113,0.0121254,0.0496821,0.0122401,0.00785488
0.00886935,0.00626199,0.00716485,0.0231231,0.00705273,0.0164492
0.0296515,0.0194288,0.0149168,0.0781277,0.0202219,0.0101279
0.0292492,0.0192076,0.0101253,0.0432945,0.0101612,0.0104767
0.0199234,0.0131665,0.00550411,0.0309948,0.00956387,0.00765757
0.00932745,0.00646894,0.00399504,0.0178496,0.00305643,0.00193847
0.0583966,0.0257432,0.0180535,0.080422,0.0222232,0.0310363
0.00515829,0.00348346,0.0021363,0.0150614,0.00394208,0.00222671
0.0156596,0.0100273,0.013341,0.0657938,0.0175616,0.0165867
0.018416,0.0118485,0.00993958,0.0651264,0.0199633,0.0407117
0.016457,0.011041,0.00701836,0.0515088,0.0150686,0.0236506
0.0264701,0.0176121,0.0133841,0.0631775,0.0168493,0.0169001
0.0107573,0.00754976,0.00338997,0.0163102,0.00459064,0.0111154
0.0180727,0.0121264,0.0061765,0.0428891,0.0114058,0.0125081
0.0224015,0.00829459,0.0280792,0.157506,0.0382221,0.101677
0.029282,0.00831674,0.0307331,0.167709,0.0399194,0.0972814
0.0188959,0.00739926,0.0137993,0.0742735,0.0158917,0.0316844
0.0103077,0.00722091,0.00447914,0.0158888,0.0038165,0.00835281
0.00722253,0.00515209,0.00354823,0.0171459,0.00265074,0.00412727
0.0132689,0.00940577,0.00549334,0.0401277,0.00822497,0.00980031
0.00606656,0.0045673,0.00183349,0.0126453,0.00437931,0.0039506
0.0556238,0.0336841,0.0189898,0.0540339,0.0145396,0.0272531
0.0141256,0.00954049,0.00496073,0.025632,0.00889834,0.0082438
0.0122636,0.00851018,0.00423805,0.0146086,0.00355073,0.00461023
0.00529139,0.00365482,0.0014792,0.0268621,0.0084854,0.00973118
0.0569699,0.0341183,0.0762029,0.336264,0.0864485,0.200844
0.0119392,0.00803749,0.00330884,0.0220678,0.00440624,0.00252439
0.00553729,0.0038742,0.00239496,0.0134931,0.00124154,0.00174582
0.00689957,0.00497462,0.00656077,0.0182161,0.00603105,0.00568683
0.0321139,0.0212632,0.0123004,0.0558523,0.0154256,0.00849626
0.00960703,0.00671479,0.00285768,0.0274198,0.00734896,0.00732179
0.0590921,0.0352211,0.0309544,0.100662,0.0277473,0.0246007
0.0354569,0.0228883,0.00937753,0.0558968,0.0149756,0.0110962
0.0105177,0.00727649,0.00266933,0.0193886,0.00479678,0.00338939
0.0333952,0.0204281,0.0309059,0.142319,0.0383186,0.0608469
0.012598,0.00849311,0.00442283,0.0342935,0.00744904,0.00497681
0.0134476,0.00952084,0.00668206,0.0336797,0.00752499,0.0037097
0.0161631,0.0111515,0.00930099,0.0313066,0.00945643,0.0124129
0.0294196,0.0198119,0.0112596,0.0500515,0.0131941,0.0104875
0.013854,0.00962726,0.00396381,0.0220173,0.00566551,0.0110987
0.0107803,0.00759517,0.00335628,0.0172267,0.00536103,0.00369955
0.0320741,0.0161546,0.0141108,0.106119,0.0281807,0.0157351
0.0177038,0.0120976,0.0043063,0.0276199,0.0064817,0.0138457
0.00583875,0.00427181,0.00299432,0.0160352,0.00257167,0.00238456
0.0324211,0.020897,0.0170984,0.0850462,0.0214491,0.0310365
0.0279498,0.018787,0.0125687,0.0312471,0.00829636,0.0125454
0.00546521,0.00371224,0.00304528,0.0340046,0.0078937,0.0181249
0.0169673,0.0111897,0.00628694,0.0587075,0.0157514,0.0248717
0.00833596,0.00556578,0.00533635,0.0332385,0.00823732,0.0070886
0.0498687,0.0292435,0.0176425,0.103927,0.0236636,0.00828883
0.0116652,0.00791395,0.00298773,0.00916156,0.000945283,0.00706401
0.0164801,0.0106293,0.0109939,0.0328932,0.00875127,0.00779389
0.0318238,0.0178971,0.0189953,0.0745108,0.0243226,0.0503482
0.0311543,0.0161135,0.0608733,0.329639,0.0828376,0.18155
0.0292502,0.018714,0.0306508,0.0994395,0.0279432,0.0701614
0.00962725,0.00657119,0.00483163,0.0250479,0.00606225,0.00406823
0.00878471,0.00614429,0.00273107,0.0389964,0.00907527,0.00888017
0.0238608,0.0157128,0.00624464,0.0516066,0.0119098,0.0102746
0.0325507,0.021816,0.0112269,0.0711367,0.0205569,0.0331549
0.0373474,0.0163743,0.0186504,0.0522232,0.0145176,0.0156842
0.0381096,0.0151442,0.0198286,0.0472754,0.0110769,0.013304
0.00999623,0.00654199,0.00392696,0.0223833,0.00458963,0.00856565
0.0311026,0.0187755,0.0174528,0.0606143,0.0167709,0.0204975
0.016993,0.0118138,0.0109085,0.0337973,0.00782473,0.0096959
0.0104447,0.00757682,0.00583769,0.0242968,0.00699438,0.00980377
0.0304503,0.0197252,0.0115178,0.0529182,0.0151145,0.0075837
0.0283259,0.0186505,0.0206621,0.0980053,0.0257421,0.00934673
0.00885892,0.00643202,0.00398513,0.0264792,0.00780844,0.0120462
0.0245653,0.015823,0.00893479,0.034062,0.00859941,0.00880815
0.00762699,0.00532346,0.0230167,0.105417,0.0258169,0.0170822
0.0205639,0.0143812,0.00901737,0.0249801,0.0050386,0.0146059
0.0124546,0.00858738,0.00555719,0.0190879,0.00415978,0.00260674
0.0142719,0.00972497,0.00301997,0.0234539,0.00599668,0.00277114
0.00798324,0.00535941,0.00949171,0.0324058,0.00870147,0.0249379
0.0101317,0.00694447,0.00382546,0.0323197,0.00741092,0.00405952
0.00762369,0.00596256,0.004003,0.0280306,0.0069212,0.00602115
0.0244195,0.0167372,0.00720662,0.0352004,0.00799272,0.00386678
0.0111772,0.00711369,0.0251545,0.058104,0.0149969,0.0160968
0.018938,0.0127445,0.00571577,0.0338065,0.0103498,0.0119801
0.0421227,0.0252063,0.0162229,0.0883981,0.0227009,0.0372275
0.00703559,0.00518905,0.00295346,0.0224901,0.00686585,0.00520476
0.00583522,0.00402323,0.00300238,0.0140727,0.00385185,0.0049373
0.0296907,0.0193456,0.00772035,0.0367407,0.00884281,0.00841527
0.0107308,0.00715277,0.00454619,0.0282286,0.00584044,0.00152636
0.0374856,0.0240291,0.0145929,0.053381,0.0142839,0.0153877
0.0127611,0.00857902,0.00462318,0.0235217,0.00485196,0.00331874
0.0143293,0.0100012,0.00482571,0.0290214,0.00576459,0.0112506
0.0133001,0.00900225,0.00490125,0.0215195,0.00695501,0.011891
0.0117309,0.00791577,0.00425773,0.018611,0.00470487,0.0045851
0.0139536,0.0094298,0.00710418,0.0407788,0.00956666,0.0110755
0.0247494,0.016497,0.0426625,0.151319,0.0404844,0.0722391
0.0184488,0.0124802,0.00625393,0.0428862,0.00988421,0.010424
0.0175187,0.0119594,0.00784205,0.0533057,0.0137112,0.0113173
0.00762749,0.00527858,0.00335568,0.0168665,0.00521835,0.000329326
0.0432975,0.0253167,0.0256425,0.115336,0.0299127,0.0480428
0.011803,0.00799012,0.00440069,0.0238611,0.00531511,0.00683145
0.0233783,0.015436,0.0173078,0.0699171,0.0199609,0.0161052
0.0153155,0.0110543,0.00549081,0.022163,0.00645972,0.00577009
0.0178628,0.0124671,0.00903969,0.0399064,0.0103441,0.00532074
0.0192285,0.0102443,0.007183,0.0372388,0.0104327,0.010764
0.0188626,0.0102443,0.0068241,0.0326634,0.00855275,0.010565
0.0370945,0.024375,0.0200655,0.059343,0.0160832,0.0102169
0.00430291,0.00316167,0.00177545,0.0147044,0.00302944,0.000501732
0.019779,0.0108435,0.0263099,0.192805,0.0515688,0.0526796
0.0324165,0.0191316,0.0226051,0.088513,0.0202303,0.05289
0.00897126,0.00616741,0.00390866,0.0243936,0.00534698,0.00676829
0.00931087,0.00620945,0.00413545,0.0175044,0.00497985,0.0079392
0.00929719,0.0064174,0.00190979,0.0169632,0.00348842,0.0123152
0.00946206,0.00656369,0.00349046,0.0239011,0.00434446,0.00427869
0.00504196,0.0032349,0.00248262,0.0127679,0.00302132,0.00190852
0.0124052,0.00537984,0.00544535,0.0259278,0.00813429,0.016612
0.0145525,0.00831181,0.00743248,0.0286057,0.00678977,0.0159986
0.0115285,0.00805288,0.00463062,0.0219948,0.00554509,0.00533636
0.016832,0.0111404,0.00646676,0.0284076,0.00748474,0.0108011
0.0238361,0.015508,0.00777719,0.051498,0.0151803,0.0130983
0.0128589,0.00883147,0.004454,0.0219836,0.00769753,0.0131738
0.0113818,0.00818894,0.00503428,0.0328439,0.00992641,0.00435555
0.0218528,0.0148961,0.0126032,0.0596724,0.0147708,0.0102119
0.00918784,0.00634501,0.0062146,0.0381107,0.0082168,0.00669377
0.0112511,0.00793226,0.00266687,0.0233487,0.00567497,0.00577218
0.013642,0.00917723,0.00480491,0.0241694,0.00530854,0.00347092
0.034764,0.022174,0.0236948,0.113055,0.0270561,0.0188985
0.0541052,0.0329194,0.0346623,0.106065,0.0251896,0.0534991
0.00517391,0.00382699,0.00247417,0.00865921,0.00202294,0.000486349
0.00966004,0.00696255,0.00214459,0.0162534,0.00425234,0.00526003
0.0197115,0.0132792,0.00966411,0.0537143,0.0137773,0.00702543
0.00651338,0.00476753,0.00301187,0.0108258,-0.000132487,0.00214236
0.0212701,0.0142187,0.00748339,0.0389507,0.0106569,0.0112077
0.0107647,0.00679323,0.00453839,0.0215002,0.00485885,0.00153083
0.00534737,0.00377464,0.00299645,0.0126252,0.00285081,0.00402722
0.0419378,0.0241599,0.0283638,0.0885468,0.0251919,0.0402837
0.0257232,0.0162585,0.0075338,0.0411023,0.00950501,0.00537344
0.0469155,0.0192918,0.0202704,0.0957335,0.0253091,0.0556893
0.0477495,0.0193154,0.0203132,0.0961539,0.0243761,0.0544594
0.0102246,0.0072395,0.00316488,0.0172192,0.00370825,0.0043281
0.0154159,0.0106107,0.00524874,0.0343766,0.00890249,0.011503
0.0108043,0.00782005,0.023389,0.0830252,0.0229479,0.0279821
0.0221186,0.0111322,0.00623509,0.0514632,0.0124132,0.0199723
0.029549,0.0193888,0.00962139,0.0421729,0.00863021,0.0149015
0.0162122,0.0105936,0.0161031,0.090007,0.0236603,0.0377811
0.0196316,0.012824,0.00692377,0.0520503,0.0128954,0.0103999
0.0262898,0.0176707,0.00931924,0.0451236,0.0114809,0.0142245
0.0286141,0.0184614,0.00906113,0.0554388,0.0114638,0.00391733
0.014688,0.0103528,0.00825782,0.0369054,0.00902947,0.0081832
0.00535645,0.00363312,0.00201843,0.0141632,0.00391464,0.00562304
0.0101737,0.0067069,0.00980282,0.0393454,0.010915,0.0159165
0.0232378,0.0158239,0.00821926,0.0415985,0.0116975,0.00649506
0.0185233,0.0125055,0.00701055,0.0381261,0.00990929,0.0140327
0.0165866,0.0111872,0.00499383,0.0234123,0.00562421,0.0106405
0.0157541,0.010781,0.00528564,0.021653,0.00648154,0.00472264
0.0107471,0.00738893,0.00335925,0.0180854,0.00498156,0.0033924
0.0347985,0.0190379,0.0112697,0.0336951,0.00835566,0.013751
0.0239158,0.0106274,0.00935281,0.00849317,0.0012457,0.0147791
0.00985235,0.00715954,0.00391513,0.0140486,0.00350291,0.00768977
0.0183281,0.0126751,0.00645642,0.0156151,0.00574038,0.00568185
0.00775625,0.00472485,0.00415684,0.0220591,0.0071316,0.0174519
0.0305482,0.020048,0.0263683,0.126298,0.0357297,0.0531665
0.0246392,0.0140018,0.00877706,0.0625271,0.0149654,0.0163303
0.0196979,0.0130489,0.00557642,0.0288777,0.0067344,0.00839762
0.060558,0.0309844,0.0664032,0.187577,0.05276,0.0832212
0.0101258,0.00687736,0.00337547,0.0186018,0.00501182,0.00334201
0.0178693,0.0107263,0.0152969,0.111375,0.0298477,0.0179885
0.051249,0.0261718,0.0591373,0.229057,0.0642633,0.0990584
0.00852343,0.00627618,0.00414299,0.013914,0.00296181,0.00285696
0.00827771,0.0057916,0.00355303,0.00384679,0.00125588,0.00491436
0.00878115,0.00586812,0.0050644,0.041651,0.013249,0.016681
0.0262222,0.0165586,0.013402,0.0640046,0.0166665,0.0152645
0.0115192,0.00817262,0.00528317,0.0219389,0.00520707,0.00326892
0.0267662,0.0179171,0.0204607,0.0532866,0.0153045,0.030175
0.0121176,0.00813344,0.00413572,0.0234939,0.00593288,0.0039174
0.00967868,0.00640864,0.00319792,0.0158709,0.00307976,0.00349638
0.00504834,0.00349814,0.00234203,0.00947263,0.00286016,0.00274753
0.0205263,0.0136894,0.00856847,0.0369461,0.00842731,0.00486879
0.0210308,0.012984,0.00664565,0.00951019,0.00244635,0.0148674
0.0172224,0.0102399,0.00479149,0.0333052,0.00902448,0.0140438
0.0270567,0.0176526,0.0170213,0.0482414,0.013018,0.0259269
0.020126,0.0126824,0.0124303,0.0637226,0.0153623,0.0137649
0.0266396,0.0173224,0.00964927,0.0338513,0.00968413,0.00832617
0.0476564,0.0303955,0.0128253,0.0597395,0.0150624,0.00759243
0.0179464,0.0120868,0.00593025,0.0369081,0.00944029,0.00228845
0.0107855,0.0075691,0.00325837,0.0120673,0.00223053,0.00235742
0.0136619,0.0090139,0.00635875,0.0464753,0.0100831,0.0112125
0.0138757,0.00977862,0.00533124,0.0280259,0.00701762,0.00439191
0.021179,0.0140158,0.00747796,0.0631551,0.0164697,0.0276878
0.0105019,0.00680713,0.00429158,0.0174147,0.00542158,0.00277303
0.0127023,0.00836035,0.00432514,0.0214773,0.00587256,0.00408974
0.0545969,0.0323089,0.0148495,0.0890302,0.0224335,0.0204814
0.0276447,0.0184516,0.00576799,0.0372272,0.0091353,0.0171503
0.00736301,0.00536854,0.00369229,0.0186002,0.00514423,0.00261293
0.0238487,0.0159519,0.00686178,0.05305,0.0152705,0.00437521
0.0124036,0.00787544,0.00400435,0.025627,0.00667705,0.00623137
0.0215544,0.0143501,0.00642736,0.0227844,0.00578791,0.013802
0.0310304,0.0198141,0.0224392,0.0700164,0.0185006,0.0346946
0.0144531,0.009993,0.00473458,0.0242212,0.00521242,0.00583138
0.0206728,0.0137846,0.0080102,0.0302846,0.00646178,0.00452187
0.00653183,0.00483777,0.0027907,0.0116185,0.00337947,0.00538642
0.00523268,0.00378493,0.00284848,0.0149442,0.00488578,0.00115653
0.0199117,0.0138793,0.0223212,0.0664366,0.0161305,0.00323015
0.0134856,0.00931488,0.00381565,0.0379907,0.00972296,0.00653818
0.0235964,0.0159349,0.00759723,0.022605,0.0059595,0.0111345
0.0103453,0.00694674,0.00456994,0.0154353,0.00494661,0.00225569
0.00431414,0.00301335,0.00296378,0.0206466,0.00472062,0.0152292
0.0122532,0.0080149,0.00525737,0.0209863,0.0051136,0.00759135
0.00925759,0.0063159,0.00308796,0.0163488,0.00303084,0.00399273
0.0147513,0.00979753,0.00565926,0.0321002,0.00858708,0.00415047
0.0079913,0.00535906,0.00224581,0.0159742,0.0053535,0.00813764
0.00803017,0.00522033,0.00642211,0.0409541,0.0117703,0.0116864
0.0204767,0.0136255,0.009734,0.0478949,0.010681,0.00938116
0.0112858,0.00782345,0.0141011,0.0470597,0.0114288,0.00753077
0.0304959,0.0205291,0.026533,0.136137,0.0389541,0.0221064
0.022147,0.0149841,0.0063784,0.027132,0.00759793,0.0102546
0.00708714,0.00489195,0.0033796,0.0206913,0.00351742,0.00479604
0.00887467,0.0064549,0.00472136,0.0147906,0.0050186,0.00300808
0.00934673,0.00662493,0.00360994,0.0168456,0.00538059,0.00297535
0.00752581,0.00495201,0.00529446,0.0347804,0.00876896,0.00489681
0.0254564,0.0168834,0.00736382,0.0311413,0.00776367,0.00555451
0.00691675,0.00478908,0.00274937,0.00818944,0.00304419,0.00220521
0.0234751,0.011469,0.00721643,0.0450497,0.0121701,0.0119169
0.0253882,0.0115913,0.00767188,0.0450128,0.0107705,0.00985588
0.0114883,0.00778653,0.00459639,0.0179327,0.00557349,0.00729579
0.0233657,0.0135672,0.00959804,0.0368512,0.0111271,0.00852292
0.00808347,0.00522025,0.00348321,0.0165052,0.00366649,0.00722892
0.00653766,0.00456251,0.00167377,0.0100307,0.00193386,0.00212407
0.0139464,0.00978397,0.0066505,0.0521609,0.0156753,0.0239967
0.0213909,0.0138683,0.00778571,0.0372958,0.0100188,0.00953186
0.0340336,0.0224215,0.0156379,0.0431342,0.0102125,0.0154693
0.00936929,0.00662255,0.0126432,0.0343583,0.00775247,0.0067438
0.027737,0.0187086,0.0148613,0.0631628,0.0164076,0.0184214
0.0276187,0.0176548,0.00782359,0.0319716,0.00971435,0.024687
0.0112824,0.00813384,0.0045376,0.0155617,0.00413811,0.00790903
0.0151272,0.0106718,0.0110035,0.0199869,0.0059808,0.00805369
0.0284451,0.0189677,0.0088098,0.0239401,0.00640066,0.00748938
0.0323643,0.0214679,0.0157163,0.0731448,0.0194163,0.016279
0.0376715,0.020756,0.0331361,0.177502,0.0474887,0.0709675
0.00451801,0.00306936,0.00246417,0.0109576,0.00220687,0.00608551
0.00953815,0.00705371,0.00657688,0.0209594,0.00651331,0.00747121
0.00544836,0.00345975,0.00196886,0.0124019,0.00266607,0.00406827
0.0501752,0.0251668,0.0218335,0.0998501,0.0229602,0.0248008
0.015233,0.0100425,0.00428241,0.0219653,0.00582512,0.00800764
0.0104428,0.00690967,0.00376921,0.0114028,0.00336451,0.00240993
0.0231166,0.0153721,0.00753161,0.0212865,0.00571012,0.00785662
0.00615044,0.00390116,0.00256785,0.0160141,0.0035342,0.00298177
0.0112463,0.00757767,0.00386449,0.0121153,0.00516697,0.00408787
0.0410504,0.0255228,0.0322749,0.139815,0.0396259,0.056123
0.0167476,0.0112691,0.0128117,0.0239056,0.00719224,0.00628898
0.025701,0.014178,0.00876444,0.0320126,0.0108277,0.00750902
0.0252193,0.0137157,0.00742865,0.0340703,0.00966979,0.00843859
0.018758,0.012506,0.00606585,0.0256874,0.00724195,0.0132315
0.00627878,0.00408428,0.00314374,0.021202,0.00433091,0.00268715
0.0205693,0.0135872,0.00634442,0.024871,0.00514575,0.00437264
0.00821917,0.00558061,0.00352479,0.0209483,0.00373974,0.00685468
0.0129314,0.00631869,0.00508313,0.0141078,0.00414325,0.00436342
0.017622,0.0119994,0.00413889,0.0181676,0.00557562,0.012543
0.0232109,0.0148183,0.00745068,0.0314014,0.00778622,0.00655849
0.00521108,0.00392847,0.00150918,0.0183552,0.0040079,0.00221749
0.00577151,0.0041684,0.0017381,0.0103563,0.00329558,0.0029763
0.0317663,0.0205237,0.00902927,0.0438753,0.00959698,0.0292497
0.0250059,0.0163599,0.008194,0.0410371,0.0113888,0.0214019
0.0325543,0.021676,0.0127557,0.0592747,0.0136231,0.0102682
0.0145382,0.00962985,0.00473378,0.0201038,0.00571705,0.0079148
0.03659,0.0237644,0.0109383,0.0372871,0.0115859,0.0151248
0.0145652,0.00982723,0.00720515,0.0327026,0.00831575,0.0082031
0.0163684,0.0107582,0.00585175,0.0341939,0.00762877,0.0178587
0.0198388,0.0135044,0.00924692,0.0356187,0.0104122,0.0116835
0.0131302,0.00867167,0.011398,0.0768279,0.0202342,0.0338834
0.00864664,0.00596769,0.00244303,0.0125958,0.00314905,0.00494098
0.0345709,0.0180566,0.0192532,0.0860962,0.0246191,0.0428881
0.0324091,0.0180755,0.0174771,0.0739295,0.0186415,0.0355439
0.0256203,0.0166613,0.00894201,0.0350218,0.0113661,0.0251061
0.0105916,0.00753735,0.00400668,0.00350049,0.000900963,0.00493758
0.0293083,0.0201465,0.00999791,0.0413433,0.00971034,0.00934151
0.0120032,0.00844712,0.00239753,0.0271792,0.00657072,0.00391892
0.00598769,0.00414514,0.0029164,0.00776708,0.00338198,0.00492201
0.0324736,0.0210727,0.0182169,0.0942465,0.0232787,0.0180683
0.0122402,0.00836597,0.00956483,0.029466,0.00918306,0.00716256
0.00753585,0.00495124,0.00282979,0.014325,0.00354314,0.00212683
0.0131201,0.00913675,0.00352754,0.0196125,0.0052492,0.00532755
0.00648076,0.00465484,0.00505245,0.0146744,0.00469486,0.00258274
0.028796,0.0187923,0.01032,0.0547289,0.0134674,0.0082203
0.0184886,0.0123677,0.00710659,0.0206259,0.00682691,0.00687629
0.0209496,0.0133801,0.0126705,0.0796033,0.0196262,0.0183742
0.015003,0.0093104,0.00813743,0.0450642,0.012318,0.0198265
0.0331382,0.0212212,0.0148067,0.0694434,0.019451,0.0361321
0.0155167,0.0107608,0.00751437,0.0472265,0.0137437,0.00766451
0.0124073,0.00854803,0.00417799,0.0278973,0.00728162,0.0024379
0.0130211,0.00892097,0.00451157,0.0159811,0.00460079,0.00823342
0.0298609,0.0193451,0.00994654,0.0408972,0.0117154,0.00743668
0.0132993,0.00898843,0.00888367,0.00498743,0.00139133,0.00417609
0.0051711,0.00403374,0.00270594,0.0159493,0.00441208,0.00674406
0.0171649,0.0121411,0.0060881,0.0235534,0.00624241,0.00981144
0.01762,0.0120154,0.0183587,0.0809839,0.0229254,0.00725404
0.0301867,0.0198275,0.00672055,0.053643,0.0156149,0.0326399
0.0130089,0.00892121,0.00585615,0.0311221,0.00608122,0.00324893
0.0440224,0.0242928,0.0422955,0.179302,0.0456795,0.100706
0.0150936,0.0102217,0.00480313,0.0200886,0.00583533,0.0118733
0.00566967,0.0037872,0.00190731,0.0145565,0.00395526,0.00417606
0.0172318,0.0109997,0.00592025,0.0272157,0.00591663,0.00946736
0.0246413,0.0123151,0.0102475,0.0398534,0.0119244,0.0119613
0.0234791,0.00919531,0.00927357,0.0343266,0.0085684,0.00890709
0.0269707,0.0179053,0.0236987,0.117048,0.0295764,0.0314628
0.00628363,0.00443392,0.00447221,0.0170545,0.00410951,0.00346433
0.0209947,0.0138834,0.00779059,0.0344577,0.00707502,0.0136604
0.0449713,0.0247137,0.0253288,0.107808,0.026598,0.0396749
0.0155312,0.0108215,0.00393575,0.0264887,0.00891181,0.0181791
0.0412513,0.0260966,0.0179628,0.0639996,0.0148118,0.0284218
0.0202301,0.0137106,0.00492114,0.0282501,0.00610321,0.0115153
0.00959681,0.00669327,0.00340601,0.0403597,0.0115817,0.00617728
0.037304,0.0241101,0.0131517,0.0601933,0.0161912,0.010238
0.00571702,0.0039277,0.0034672,0.0129846,0.00334447,0.00753707
0.00437706,0.00309998,0.00663722,0.0491561,0.0114624,0.037004
0.0351524,0.021567,0.0097358,0.0415676,0.0100543,0.0212688
0.0407688,0.015845,0.0111717,0.0515473,0.0129103,0.0139233
0.0418278,0.0159255,0.010879,0.0507302,0.0111388,0.0129164
0.00656974,0.00441814,0.00316808,0.0138073,0.00429714,0.00502971
0.0244546,0.0168484,0.011545,0.0434597,0.0120073,0.0185115
0.0389921,0.0258063,0.015283,0.0587763,0.0120404,0.0265079
0.0216779,0.01407,0.00790657,0.0322492,0.00736264,0.00969681
0.012391,0.00871434,0.00525035,0.0162839,0.00464103,0.0120822
0.017688,0.0114978,0.00629006,0.0216042,0.00593862,0.00421514
0.0242492,0.0166667,0.00942945,0.0291339,0.00882496,0.0120116
0.0127384,0.00905637,0.0058013,0.0214179,0.00596155,0.00351855
0.0290672,0.0192487,0.00834838,0.0241596,0.00603011,0.0109788
0.0262012,0.0174995,0.0123931,0.0369989,0.00961209,0.0112185
0.0186913,0.0125174,0.00453359,0.0460938,0.011812,0.0324714
0.0114814,0.00782318,0.00443579,0.019881,0.00606629,0.00277252
0.00615069,0.00417623,0.00365468,0.022914,0.00874951,0.00720845
0.00423096,0.00297968,0.002604,0.00529708,0.00246149,0.0067181
0.0322283,0.0217714,0.0159684,0.0389405,0.0101801,0.0191803
0.023604,0.0149669,0.0280483,0.0284769,0.00663993,0.0432918
0.00671322,0.00453903,0.00180781,0.0135162,0.00459334,0.00475665
0.0361266,0.0231055,0.0120058,0.0409313,0.00904032,0.00562049
0.00690276,0.00478619,0.00358526,0.0232551,0.0076625,0.00864358
0.0448804,0.0281292,0.0209985,0.0171185,0.00412556,0.0420231
0.0236349,0.0155035,0.012286,0.0650378,0.0162387,0.0181591
0.00698911,0.00506407,0.00157857,0.01732,0.00396707,0.00457297
0.0231974,0.0153324,0.00790283,0.034731,0.00997572,0.0177303
0.0185046,0.0121056,0.0159809,0.0871486,0.0249415,0.0290087
0.0177382,0.0117656,0.00580243,0.0259402,0.00737323,0.0178265
0.0195471,0.0132135,0.00671509,0.0244416,0.00556565,0.00311306
0.0106003,0.00740483,0.00440055,0.0110469,0.00297705,0.00339122
0.0125245,0.00889339,0.0043722,0.0185599,0.0036371,0.00273123
0.0119588,0.00800365,0.00441101,0.0145098,0.00366962,0.00435201
0.0467912,0.0299545,0.0167448,0.077756,0.0192351,0.0243423
0.0104061,0.00711937,0.00348401,0.0233967,0.0064322,0.00251569
0.0339272,0.0224462,0.0119818,0.0569235,0.0140966,0.0114689
0.0272026,0.0173911,0.00857378,0.0306505,0.0111937,0.00929308
0.0175885,0.0118789,0.0186014,0.0803074,0.0192718,0.0244102
0.00876318,0.0061792,0.00336162,0.0184839,0.00450403,0.0040341
0.0347466,0.0214524,0.0157086,0.0844563,0.0195019,0.0230776
0.0311006,0.0182643,0.0361991,0.180592,0.0496477,0.0819807
0.0369132,0.0244651,0.0142069,0.0775111,0.0207659,0.0174246
0.00682131,0.00455928,0.00129611,0.0201385,0.00616215,0.00389488
0.00526661,0.0038147,0.00238149,0.000566349,-0.00025946,0.00582179
0.0594707,0.0375956,0.0244153,0.0948533,0.0263231,0.0283554
0.00752017,0.00499602,0.00878534,0.0399466,0.0108475,0.0135691
0.0052735,0.00376231,0.00280315,0.0139126,0.00424735,0.0127646
0.0290364,0.0187418,0.0118432,0.0616851,0.014841,0.0240335
0.00738329,0.00520481,0.0200611,0.0375335,0.00954647,0.0170618
0.0495934,0.0291888,0.060771,0.243004,0.0680696,0.154102
0.00752095,0.00487993,0.00312341,0.0204657,0.00634266,0.00388357
0.0207852,0.0132281,0.0173915,0.0498276,0.0128986,0.0170093
0.016708,0.0103548,0.00730815,0.0344913,0.00828712,0.00869823
0.025543,0.01751,0.0129123,0.0548289,0.0134879,0.0291867
0.0537215,0.0320746,0.0223878,0.0940925,0.0225471,0.0151576
0.0102696,0.00700454,0.003742,0.0114472,0.00416312,0.00747899
0.00805238,0.00567506,0.00360393,0.0206804,0.00228607,0.00351297
0.0237355,0.00950455,0.0079478,0.0430983,0.0117662,0.0142868
0.0068711,0.00485127,0.00199329,0.0152427,0.00189946,0.00694921
0.0187786,0.0125183,0.00376325,0.0299962,0.00773535,0.00573484
0.0272449,0.0179592,0.0138746,0.0337644,0.00899152,0.0137436
0.0215827,0.0149775,0.00701646,0.0348911,0.00958857,0.00358564
0.0111284,0.00741568,0.00263853,0.0216868,0.00488877,0.00460268
0.0149026,0.0105464,0.00308859,0.0160529,0.00433144,0.00391614
0.0151176,0.0103375,0.00561169,0.0220151,0.00566067,0.00957777
0.0397403,0.0250529,0.0260807,0.107641,0.0267105,0.0478322
0.0175876,0.0119553,0.0131478,0.0743209,0.0184271,0.0383623
0.00808279,0.00594349,0.00211299,0.0277796,0.00768539,0.00563547
0.00612692,0.00462056,0.00369203,0.0145522,0.00424228,0.00293691
0.0286076,0.018124,0.0162013,0.0869174,0.0231309,0.0213831
0.0122943,0.00857518,0.00387378,0.0103407,0.0036986,0.00530284
0.0154292,0.0104916,0.00530904,0.027341,0.00981116,0.00416832
0.0715738,0.0389331,0.0371344,0.0950903,0.0279922,0.0438618
0.025032,0.0105201,0.0193319,0.0791349,0.0200039,0.0200057
0.0250033,0.0105571,0.0174299,0.0692137,0.0165238,0.0160553
0.0120362,0.00821358,0.00515425,0.0244317,0.00604723,0.00541917
0.00615831,0.00433268,0.00286799,0.0284446,0.00542826,0.00353019
0.0226411,0.015337,0.00988479,0.0253796,0.00821784,0.013193
0.0207796,0.0137284,0.00645321,0.0275264,0.00694435,0.0107283
0.00939784,0.00655752,0.0022625,0.0229126,0.00521948,0.0107596
0.0225305,0.0153126,0.00634793,0.0210914,0.00610517,0.00525749
0.00743834,0.00521846,0.00330274,0.0243027,0.0062582,0.0028328
0.0211262,0.0136191,0.00578168,0.0394623,0.0109103,0.00854029
0.0571292,0.0323201,0.0332293,0.155313,0.036436,0.0535828
0.00494854,0.00355348,0.0012015,0.0285469,0.00780729,0.0132461
0.0311912,0.0213198,0.0180943,0.0583037,0.014919,0.0121054
0.0141695,0.00917948,0.00494494,0.03179,0.00853529,0.0121411
0.0339578,0.0217659,0.0353673,0.14682,0.0416637,0.049834
0.0302405,0.0144277,0.00991528,0.0452757,0.0110649,0.0238681
0.02991,0.0197981,0.0114134,0.0336381,0.00817944,0.0141549
0.0140992,0.00967938,0.00437106,0.0272926,0.0078805,0.00279115
0.0390636,0.0247367,0.0400106,0.152819,0.0390701,0.103118
0.00735367,0.00523974,0.00243675,0.0129755,0.00232217,0.00399397
0.0228809,0.0150599,0.00848948,0.0482825,0.0115647,0.00685533
0.00482216,0.00321034,0.00264743,0.0176899,0.00454974,0.0113881
0.0080646,0.0055096,0.00367965,0.0135649,0.00256492,0.00273315
0.0318011,0.0184483,0.0732885,0.290639,0.0749272,0.128061
0.00748948,0.00532288,0.00317474,0.0234346,0.00524967,0.00401103
0.0201332,0.0133325,0.00355387,0.0235619,0.00480714,0.00928935
0.0495403,0.0313605,0.0253637,0.0893526,0.0226536,0.0296828
0.0143989,0.00942358,0.0051048,0.0368863,0.007984,0.00808779
0.0120809,0.00495449,0.00512345,0.0306087,0.00701355,0.00789242
0.0119315,0.00500804,0.00517733,0.0283889,0.00606032,0.00690299
0.0190386,0.0126158,0.00477609,0.0428307,0.0097219,0.00536016
0.00913416,0.0062202,0.00379074,0.0194667,0.00284585,0.00533804
0.0639369,0.0368142,0.0253698,0.0859026,0.0216405,0.0407399
0.0156026,0.0109222,0.00402733,0.0367727,0.00874761,0.0144282
0.00923447,0.00678408,0.00428538,0.0371996,0.00876765,0.0144945
0.0275948,0.0173918,0.0144694,0.0534226,0.0164092,0.0182173
0.0291086,0.0188227,0.00889866,0.0434887,0.0106769,0.0077782
0.0125936,0.00854855,0.00267647,0.0245118,0.00601263,0.00350624
0.0121477,0.0082892,0.00364403,0.0201252,0.00498325,0.00667108
0.0202126,0.0131112,0.00786279,0.0495714,0.0125318,0.0288087
0.0267585,0.0175666,0.0101939,0.0207488,0.00329619,0.0190285
0.0666348,0.0249309,0.0627712,0.248831,0.0620995,0.0727144
0.0377871,0.0223014,0.0204561,0.0801018,0.0173868,0.0159975
0.0251577,0.0167003,0.005974,0.0333216,0.00747368,0.00686961
0.0266302,0.0177687,0.00722516,0.0361724,0.00967094,0.0314284
0.0320088,0.021324,0.009707,0.0381116,0.00792185,0.00591736
0.00766306,0.00521638,0.00337913,0.0112428,0.00286778,0.00101225
0.0271608,0.0183634,0.0125603,0.045727,0.00834122,0.0149631
0.0192887,0.0124786,0.0108467,0.05793,0.0146455,0.0146046
0.0266334,0.0180433,0.00901418,0.0455795,0.01243,0.0293314
0.0219694,0.0143142,0.0179661,0.0663898,0.0176465,0.0265658
0.0174,0.0123319,0.00543994,0.0178687,0.00482278,0.00323596
0.00666101,0.00443984,0.00152286,0.016182,0.00261075,0.00242308
0.0519738,0.031304,0.0230205,0.127199,0.0300958,0.0158119
0.0495301,0.0301001,0.0258816,0.0884846,0.0229873,0.0364433
0.0109125,0.00773108,0.00672653,0.0231292,0.00547512,0.00658435
0.0185172,0.0129893,0.00747253,0.0227267,0.00677635,0.00682358
0.00893331,0.00497335,0.00355172,0.0207196,0.00575801,0.0121018
0.0157872,0.00894345,0.00654772,0.0252549,0.00776054,0.00720665
0.0141618,0.00920829,0.0106637,0.00456873,0.00222297,0.0227528
0.0138396,0.00917325,0.00557515,0.00784385,0.0031528,0.00993683
0.00533587,0.00374327,0.00194625,0.0226935,0.00503063,0.00745452
0.0454077,0.0249831,0.0146734,0.0771817,0.0202829,0.0129261
0.0326971,0.0200218,0.0107054,0.0449399,0.00911672,0.00869375
0.0210566,0.014287,0.00786001,0.0339548,0.00940542,0.0195142
0.0217243,0.00849827,0.00825696,0.0444619,0.0119671,0.0102932
0.0247446,0.012219,0.00863356,0.039855,0.00929234,0.0103751
0.0202658,0.0136854,0.00643524,0.0325685,0.00906732,0.00374122
0.00915108,0.00639051,0.00483965,0.0311354,0.0092461,0.00731281
0.0273566,0.0176383,0.0105624,0.0396723,0.00931556,0.0198164
0.0216909,0.0144507,0.0122526,0.0282398,0.00704907,0.0149795
0.00929331,0.00680872,0.00254005,0.0223418,0.00678556,0.00899644
0.0155789,0.00994505,0.0124004,0.0521553,0.0145674,0.0144287
0.0168987,0.0107715,0.00389182,0.042012,0.0118087,0.0166198
0.00485258,0.00344605,0.00147318,0.0138299,0.00505503,0.00473269
0.00869113,0.00593869,0.00308681,0.0164159,0.00293344,0.00288863
0.0311772,0.0201586,0.00810831,0.028129,0.00836345,0.0067633
0.0435534,0.026787,0.0158874,0.0620433,0.0153156,0.0214938
0.0215553,0.0148634,0.00863838,0.0502486,0.0125981,0.0184046
0.00841142,0.00590883,0.0033031,0.0164471,0.0040937,0.00121232
0.0103746,0.00739327,0.00380593,0.0246547,0.00605456,0.0071423
0.0870317,0.0459586,0.0437196,0.195861,0.0491241,0.0552288
0.00566773,0.00378167,0.00280776,0.015426,0.0025587,0.00273993
0.0331009,0.0204745,0.0161592,0.0770815,0.0167163,0.0290591
0.0370586,0.0245123,0.0154917,0.0775199,0.0212189,0.0360167
0.00512732,0.00357255,0.0019857,0.0142812,0.00271485,0.000177765
0.101024,0.0530095,0.0676768,0.278841,0.074902,0.113362
0.00700623,0.00495889,0.00337204,0.00844133,0.00323601,0.00356179
0.0257283,0.0159387,0.0112755,0.0522837,0.0126507,0.00976895
0.0431446,0.0279009,0.0192245,0.0713772,0.017067,0.0319099
0.0102482,0.00685525,0.00355684,0.0177106,0.00462137,0.00231579
0.033065,0.020394,0.0138418,0.066548,0.017575,0.0142283
0.011563,0.00804265,0.00274394,0.0233289,0.00673406,0.00750855
0.0145153,0.0104515,0.00587044,0.0215228,0.00517108,0.00758654
0.033124,0.0213574,0.0113424,0.047924,0.0112564,0.0136644
0.0060045,0.00412375,0.0032916,0.00868684,0.00260552,0.00248615
0.0110036,0.00757535,0.00977731,0.0231565,0.00612821,0.012776
0.00798506,0.00595343,0.00653665,0.0235279,0.00627609,0.00370359
0.00824525,0.00604091,0.00334629,0.016647,0.00378098,0.00636317
0.0229413,0.014673,0.00894303,0.0405867,0.0100969,0.0052503
0.0148884,0.0101466,0.00409781,0.0322635,0.00802741,0.0191297
0.0208756,0.0142751,0.0145146,0.0499536,0.0127687,0.026826
0.0184856,0.0124659,0.00592924,0.0282145,0.00634069,0.0101304
0.00870282,0.00622667,0.00316705,0.0202901,0.00499656,0.00446799
0.0273653,0.0183564,0.0138173,0.0420921,0.0117268,0.0176104
0.0172139,0.0117708,0.0107508,0.0247951,0.00848233,0.0148386
0.005158,0.00340037,0.00170515,0.00787797,0.00316508,0.0018225
0.0414406,0.0261014,0.016807,0.0997224,0.027434,0.0352531
0.0193726,0.0128729,0.00712621,0.0178337,0.0062703,0.00966997
0.0285806,0.0185158,0.0226562,0.0777919,0.01827,0.00912908
0.0329215,0.0214342,0.0100953,0.0475041,0.0114655,0.0129607
0.0116939,0.0081508,0.00453778,0.032665,0.00808167,0.00735179
0.0235289,0.0155095,0.0123289,0.0584475,0.0131054,0.00734133
0.0634267,0.035824,0.0393194,0.146488,0.0351482,0.069242
0.0132884,0.00861293,0.00474751,0.0323792,0.00934826,0.0052918
0.0253223,0.0167708,0.010858,0.0495758,0.0116947,0.01053
0.0465781,0.0248382,0.0423528,0.132475,0.0354125,0.0330325
0.00760483,0.00531207,0.00238549,0.0178455,0.00505681,0.00487136
0.014791,0.00985059,0.00922448,0.0466653,0.0129961,0.0300397
0.00844409,0.00598082,0.00738172,0.0304054,0.00790232,0.00705464
0.0101261,0.00707897,0.00311178,0.0216057,0.00603046,0.00790231
0.0134,0.00921702,0.00419942,0.0189436,0.00531246,0.000997413
0.0443378,0.0272747,0.0104548,0.0765209,0.0190877,0.0282726
0.0140329,0.00982275,0.00569312,0.0207353,0.00597098,0.00212591
0.0596492,0.0355156,0.065852,0.194452,0.0538565,0.0680556
0.0375231,0.022707,0.0224737,0.110405,0.0269734,0.0198868
0.00699471,0.00489134,0.011829,0.0517441,0.0114993,0.00491282
0.0444735,0.027918,0.0181233,0.0542294,0.0150677,0.0212431
0.0195683,0.0127621,0.00667601,0.0228609,0.00543826,0.00387451
0.00849903,0.00570604,0.00280722,0.0269201,0.00513469,0.00240635
0.00657081,0.00479974,0.00522023,0.00924555,0.0019818,0.00321424
0.0138621,0.00896179,0.00803929,0.0552769,0.0128048,0.0170322
0.0429886,0.0271858,0.0346145,0.287699,0.0882005,0.135328
0.0430045,0.0272954,0.011145,0.0608635,0.0159024,0.0234366
0.00979175,0.00694149,0.00454263,0.0344912,0.00859884,0.00826158
0.00837804,0.00593551,0.00297845,0.00297755,0.00137132,0.00129735
0.0294724,0.0186068,0.0216761,0.0920776,0.0236751,0.0281696
0.0276149,0.0177421,0.00692274,0.0499649,0.0127289,0.0143441
0.0273515,0.0115093,0.0116497,0.0329016,0.00947277,0.0230015
0.0255579,0.0114954,0.0109678,0.0300439,0.00728435,0.0216364
0.0173407,0.0113713,0.0080278,0.0283754,0.00762803,0.00652028
0.0225278,0.0126478,0.00956966,0.0297939,0.00704549,0.00773003
0.0172581,0.0115992,0.00859487,0.0275074,0.00687578,0.00831878
0.00816539,0.00560046,0.00534705,0.0368922,0.0101613,0.013942
0.00660191,0.00452028,0.00116043,0.00964403,0.00345359,0.0052863
0.033463,0.0203501,0.0426169,0.166439,0.0455714,0.0890337
0.00487503,0.00327524,0.00340318,0.0125844,0.00380758,0.00115223
0.0109457,0.00763328,0.00459068,0.017356,0.00577217,0.00430688
0.0238572,0.0160563,0.00573057,0.0420814,0.0113797,0.0195325
0.0150598,0.0101304,0.00513348,0.0212604,0.00415013,0.00607394
0.0120333,0.00812268,0.00385676,0.00269007,0.00192807,0.0121362
0.0170235,0.0113203,0.0079949,0.0312476,0.00718668,0.00514723
0.00985302,0.0066765,0.0038594,0.0156547,0.00664584,0.00606364
0.059821,0.0348597,0.0176282,0.0700393,0.0176554,0.00878713
0.0351069,0.0210108,0.0141791,0.0511619,0.0168701,0.0275405
0.0397376,0.0253846,0.0156508,0.0801741,0.0193971,0.0217912
0.0450501,0.0283828,0.0146848,0.0601379,0.0159912,0.0491617
0.0174865,0.0120899,0.00483264,0.0263537,0.00520929,0.0112063
0.0163765,0.0115106,0.00665585,0.037799,0.00890628,0.00290552
0.00813243,0.00553836,0.00329603,0.0177956,0.00523016,0.00203743
0.00960197,0.0067454,0.00467382,0.0404043,0.00857082,0.00941291
0.0101157,0.00687355,0.00928727,0.0284946,0.00910482,0.0133253
0.0112117,0.00759019,0.0045483,0.0270308,0.00826374,0.00405948
0.00638643,0.00430215,0.00283156,0.012518,0.0031551,0.003185
0.00519759,0.0038343,0.00190172,0.0181592,0.00362305,0.00456267
0.0166105,0.0110086,0.00548349,0.0286905,0.00840159,0.00460897
0.0278141,0.019016,0.00804375,0.0384837,0.0115389,0.0166597
0.00517545,0.00343672,0.00259562,0.0156078,0.00308365,0.0027866
0.0154905,0.0108513,0.00374168,0.00684462,0.00106188,0.010128
0.0305032,0.0206959,0.0101984,0.048699,0.01337,0.0313352
0.0177034,0.0123346,0.00486408,0.0213121,0.0063901,0.00716034
0.0134831,0.00883672,0.00388216,0.0303851,0.00856475,0.0113556
0.0386287,0.0251611,0.0126591,0.0658781,0.0159343,0.0282566
0.0197572,0.0131759,0.0145405,0.0733583,0.0189806,0.0309038
0.00797673,0.00569247,0.0035075,0.0320151,0.00779946,0.00700329
0.0161507,0.0112779,0.00460539,0.028157,0.00718912,0.00513714
0.00936353,0.00637038,0.00178652,0.0161772,0.00397143,0.00901454
0.00955354,0.00653516,0.00495878,0.0104484,0.00248221,0.00501775
0.0220931,0.0148136,0.00755874,0.0341902,0.00947156,0.00871201
0.00748208,0.00526003,0.00495641,0.0100188,0.00492713,0.00448827
0.0314729,0.0210831,0.0103194,0.0385351,0.009795,0.0143453
0.0193127,0.013386,0.00733646,0.0274689,0.00740699,0.00400278
0.0174439,0.0120616,0.00315786,0.0218387,0.00563263,0.00361779
0.0266494,0.0182184,0.0113648,0.0416153,0.0124349,0.00870448
0.0446874,0.0258791,0.0178982,0.073387,0.0215207,0.041717
0.0553956,0.0290488,0.0208164,0.0748129,0.0202667,0.0449405
0.0224439,0.0103234,0.00781584,0.0304433,0.00864843,0.0157433
0.0228187,0.0102925,0.00783056,0.0318201,0.00861271,0.0146331
0.00828721,0.00557962,0.00715507,0.028946,0.00692847,0.00740327
0.006011,0.00386822,0.00250364,0.0176691,0.00306617,0.000875014
0.0418778,0.0271269,0.023176,0.107464,0.0299859,0.0311886
0.0114921,0.00790902,0.0107209,0.0347925,0.0103099,0.0347265
0.0358874,0.0233975,0.0181163,0.0986275,0.024705,0.0147706
0.0217131,0.0144597,0.00733604,0.0223834,0.00598721,0.00696797
0.0314263,0.0207128,0.0124509,0.049229,0.0107484,0.0150207
0.0240015,0.0158829,0.0119119,0.0525756,0.0120179,0.00931452
0.061401,0.0233495,0.0559719,0.230581,0.0610206,0.10407
0.0074105,0.00515828,0.00295712,0.0272985,0.0067081,0.00430751
0.0246564,0.016594,0.00645799,0.052832,0.013273,0.0098458
0.0207538,0.0104296,0.00656676,0.0517385,0.0169686,0.0251959
0.0262015,0.0148363,0.00958569,0.0431215,0.0121255,0.0123213
0.00544975,0.0036914,0.00278739,0.0113768,0.00313305,0.00347415
0.0386478,0.0253278,0.0219696,0.0794295,0.0208059,0.0295107
0.0271125,0.0172745,0.0205822,0.114367,0.0308096,0.0305234
0.00591042,0.00408822,0.00275283,0.00932764,0.00356482,0.00291442
0.0214121,0.0148436,0.0111163,0.069419,0.0162484,0.0151901
0.012454,0.00876513,0.00429535,0.0296389,0.00880508,0.00406354
0.0270696,0.0181463,0.01848,0.0899295,0.0238485,0.0361453
0.013572,0.00934126,0.00321449,0.0206232,0.00496726,0.00630286
0.0137825,0.00961742,0.00647936,0.02586,0.00566853,0.00667425
0.0182501,0.0126379,0.00550453,0.0275858,0.00732587,0.0071455
0.0225492,0.0126143,0.00776423,0.0372981,0.0115634,0.011934
0.0271291,0.0147751,0.00792965,0.0332158,0.0101849,0.012776
0.0189204,0.0128298,0.00784987,0.038538,0.0095174,0.00937994
0.00838838,0.00587143,0.00269781,0.0263024,0.00721214,0.00731161
0.0197115,0.0107789,0.0118328,0.0428271,0.0120435,0.0237255
0.0186091,0.0128583,0.0030914,0.0199004,0.00508314,0.00360289
0.0254064,0.0167266,0.00803496,0.0362726,0.0102732,0.0176728
0.00633725,0.00475333,0.0183223,0.0346883,0.00787216,0.0048907
0.00727803,0.00497269,0.00273341,0.012659,0.00299081,0.0033509
0.0308697,0.0185553,0.0321388,0.113326,0.0277385,0.0470282
0.0287112,0.0190069,0.0133655,0.065356,0.0162592,0.0282907
0.0210213,0.0141255,0.00586446,0.0435921,0.0100544,0.00259915
0.0106503,0.00731249,0.00451249,0.0133219,0.00361897,0.00824638
0.0128944,0.00901464,0.00363508,0.00525196,0.00205269,0.00338022
0.00766539,0.00498885,0.00334344,0.0187175,0.00489847,0.00541942
0.00457994,0.00324403,0.00232445,0.0116066,0.00351927,0.00301433
0.00436282,0.00325631,0.00194595,-0.000435816,1.21643e-05,0.00435922
0.00677821,0.00450977,0.00187848,0.0195449,0.00305917,0.0019168
0.0299287,0.0193114,0.00789253,0.0458502,0.0101375,0.00849395
0.0344221,0.021975,0.00841392,0.0531241,0.0142156,0.0152591
0.0105731,0.00694122,0.0053451,0.0164289,0.0052538,0.00202573
0.00722831,0.00535951,0.00315445,0.029238,0.00731913,0.0180942
0.0243409,0.0157216,0.0196287,0.0801482,0.0199521,0.0110165
0.0063974,0.00468789,0.00271255,0.0139866,0.00282952,0.00387755
0.00914151,0.00610709,0.00365858,0.0234431,0.00526974,0.00487449
0.010845,0.00542829,0.00393122,0.0249406,0.0083302,0.00631125
0.024146,0.0158548,0.0123525,0.0429177,0.0127469,0.0107646
0.011181,0.00783624,0.00342296,0.0191375,0.00532304,0.00713942
0.0291218,0.0195187,0.012204,0.0438798,0.00980016,0.0319498
0.0303357,0.0187881,0.046601,0.162544,0.0451876,0.0719662
0.00606435,0.00403542,0.00431214,0.0186017,0.00397687,0.00260229
0.0111501,0.00747141,0.00373301,0.0192918,0.00372637,0.00620682
0.00664875,0.00465143,0.00377024,0.0450493,0.0112976,0.0139511
0.020714,0.013942,0.00587804,0.0283536,0.00706902,0.00579203
0.0102542,0.00760399,0.00393525,0.0263065,0.0062361,0.00489587
0.0315066,0.0202944,0.0243607,0.117705,0.0312233,0.0684139
0.0220713,0.0148977,0.00795774,0.0339721,0.00879624,0.00538925
0.0290761,0.018609,0.0136074,0.0451476,0.0126458,0.0263863
0.0176826,0.0110666,0.00518473,0.0205029,0.00545744,0.00156797
0.0249368,0.0142756,0.008113,0.0309829,0.00899307,0.0144324
0.0211254,0.00832686,0.00702853,0.020946,0.00487529,0.0151215
0.00552965,0.00389542,0.00331821,0.0127568,0.00345704,0.00692301
0.0141172,0.00946119,0.00292032,0.0342298,0.0115818,0.00989894
0.0174321,0.0120924,0.00792533,0.0387327,0.00972665,0.00513459
0.0166314,0.0110685,0.00601662,0.0274452,0.00758426,0.00655709
0.0260003,0.0159738,0.0192767,0.0795219,0.022148,0.0358592
0.0100709,0.00690244,0.00407321,0.0208695,0.00516798,0.0135898
0.015753,0.0105633,0.00479647,0.0279625,0.00808792,0.00960602
0.0149352,0.0104257,0.0102779,0.0481209,0.0100295,0.00618178
0.00745465,0.00521329,0.0019961,0.0187694,0.0066613,0.00692807
0.00933849,0.00630155,0.00334067,0.0196516,0.00406763,0.00880222
0.0128072,0.00901691,0.00600476,0.0317949,0.00658321,0.0110672
0.0443309,0.0270088,0.0779542,0.283748,0.077123,0.0738967
0.0183503,0.0123706,0.00739787,0.0374291,0.0112326,0.0165904
0.0103601,0.00717024,0.00560098,0.0159447,0.00534714,0.00851307
0.0135629,0.00689293,0.004585,0.0238711,0.00606599,0.00602278
0.0129484,0.00891767,0.00911515,0.04281,0.00984684,0.00872504
0.00475768,0.00322633,0.00195824,0.0143325,0.00288462,0.00208591
0.0203231,0.0132673,0.00551488,0.0506118,0.0149206,0.0259587
0.0275819,0.0186341,0.0201722,0.0892477,0.0249153,0.0471133
0.0134355,0.00895149,0.00682854,0.010149,0.000923568,0.0110039
0.0277513,0.0186979,0.00915287,0.0531343,0.0135895,0.0184484
0.0167521,0.0115564,0.00479257,0.0160776,0.0043948,0.0106153
0.0285981,0.0187101,0.00943754,0.0431535,0.013532,0.00743985
0.0336181,0.0219853,0.009855,0.0597155,0.0157717,0.0102402
0.0162908,0.0107138,0.00902793,0.0507832,0.0148133,0.0068479
0.0199293,0.00810965,0.00808119,0.0371089,0.00950804,0.0107027
0.0247883,0.0109012,0.00981644,0.034026,0.00767621,0.0123963
0.0295462,0.0199465,0.0108906,0.0237318,0.00406755,0.00814042
0.0107984,0.00722367,0.00713056,0.0245009,0.00455979,0.00478274
0.0101968,0.00683281,0.00230541,0.0174914,0.00310094,0.00534865
0.0343805,0.0134129,0.0129053,0.0649325,0.0166389,0.0136153
0.034001,0.0135231,0.0129227,0.0643542,0.0156381,0.0122056
0.005145,0.00345885,0.00339993,0.0260439,0.00467573,0.00348074
0.0106978,0.00757415,0.0130399,0.0398135,0.00976488,0.00986477
0.0295361,0.0193807,0.00796108,0.0442093,0.010557,0.0104102
0.0200524,0.00779661,0.00818226,0.0632667,0.0149144,0.0128475
0.0225628,0.0100428,0.00790769,0.0505243,0.00984499,0.00766752
0.0124819,0.00838853,0.00277577,0.0163738,0.00603599,0.005089
0.0145256,0.0102175,0.00480641,0.0196465,0.00504721,0.00984442
0.0103726,0.00697438,0.00372725,0.018597,0.00495553,0.00929788
0.0104659,0.00715088,0.00242284,0.0153711,0.00465586,0.00480483
0.0438745,0.0264873,0.0235079,0.123898,0.0321993,0.0407906
0.0237278,0.0117544,0.00902581,0.0392254,0.0110517,0.00691676
0.0559639,0.0340941,0.0210556,0.115317,0.02956,0.0253002
0.016313,0.0109314,0.0061315,0.0286028,0.00761224,0.00578101
0.0299015,0.0192683,0.0110279,0.0712835,0.0202131,0.0071717
0.0171152,0.0104793,0.0350194,0.151452,0.0346275,0.0786981
0.0537516,0.0261144,0.0422231,0.0862632,0.0223815,0.0273408
0.0513759,0.0306375,0.0393601,0.172396,0.0469837,0.0542252
0.0150927,0.0102182,0.00539239,0.0231353,0.00693309,0.00438244
0.00687897,0.00490594,0.0022975,0.0179228,0.00359205,0.000922276
0.0136907,0.00926847,0.0185726,0.0650101,0.0167319,0.0428886
0.0224599,0.0154065,0.00723171,0.0437104,0.0129797,0.0207758
0.010553,0.00705598,0.00389859,0.0042482,0.000419716,0.00284998
0.0176987,0.0111998,0.00604646,0.0270421,0.00563589,0.00491389
0.0182017,0.0118694,0.00641531,0.0366951,0.00978125,0.00946745
0.0148749,0.0104783,0.00468546,0.0184082,0.00557324,0.0042053
0.0694057,0.034727,0.0290581,0.11683,0.027864,0.0305374
0.00411602,0.00300715,0.00168858,0.0179236,0.00456311,-0.000566237
0.0115371,0.00799511,0.00497803,0.0164707,0.00538142,0.00387103
0.0178975,0.00990735,0.00827154,0.0390053,0.00980904,0.00792564
0.0226729,0.0137699,0.00768974,0.0294601,0.00753277,0.010048
0.0209373,0.0137633,0.00873587,0.0144337,0.00230307,0.0243797
0.0124688,0.00811781,0.00508677,0.0233868,0.00597774,0.00664738
0.0107987,0.00751738,0.00481595,0.015041,0.00330303,0.0105351
0.0173347,0.0110075,0.0359618,0.158115,0.0429718,0.0298967
0.0156601,0.010601,0.00572703,0.0238024,0.00685135,0.0098494
0.0071656,0.00520009,0.00253812,0.0259129,0.00865698,0.0127204
0.00921848,0.0057349,0.00413284,0.0114209,0.00431352,0.00564982
0.0335429,0.0220045,0.0107843,0.0399045,0.00960693,0.012504
0.0155235,0.0103429,0.00530882,0.0382742,0.00928328,0.00457975
0.012526,0.00845044,0.00539218,0.0165447,0.00501226,0.00740792
0.0254951,0.0156214,0.0364159,0.139248,0.03609,0.0870696
0.00865666,0.00589732,0.00315736,0.0129914,0.00386104,0.00546284
0.00725712,0.00498643,0.00284621,0.0108098,0.00308354,0.00752285
0.0254243,0.0175137,0.0105222,0.0636945,0.0161797,0.00546452
0.0139151,0.00955885,0.0271866,0.0849803,0.0210148,0.0189386
0.0162594,0.0109008,0.00513262,0.0315524,0.00690977,0.0022466
0.0149236,0.00626959,0.00662425,0.0302226,0.00829152,0.00803156
0.0193003,0.0130791,0.00573322,0.0224984,0.00576846,0.00939426
0.0234071,0.0157986,0.0243743,0.0739133,0.0200932,0.0516182
0.0147987,0.0102058,0.00524644,0.0171655,0.00489286,0.0101135
0.0158224,0.0096651,0.00506411,0.0164216,0.00588655,0.00510416
0.0100844,0.00460818,0.00491526,0.0143358,0.00453506,0.0104293
0.0191785,0.0123711,0.00706068,0.0274186,0.00750018,0.00629184
0.0196012,0.0130988,0.0066274,0.0361057,0.00832165,0.0151563
0.0487568,0.0301616,0.0169648,0.0472418,0.011656,0.0152294
0.0414478,0.0246235,0.070007,0.315995,0.0867579,0.146324
0.021146,0.0142068,0.0114138,0.0412688,0.0104581,0.0108243
0.0305739,0.0201615,0.0125496,0.0296145,0.00675895,0.0129207
0.0338836,0.0224857,0.00918118,0.0387054,0.0104999,0.0134453
0.0333664,0.0217599,0.00885819,0.0517735,0.0113693,0.00970344
0.0152539,0.0097318,0.00644767,0.0308685,0.00988216,0.00672026
0.00445458,0.00304381,0.00253492,0.0152687,0.00261322,0.00384445
0.00852369,0.00583596,0.00558565,0.0152924,0.00347423,0.00440569
0.0213287,0.0142838,0.00834954,0.0297109,0.00842674,0.0161995
0.00572154,0.00387204,0.00594864,0.0432124,0.0100837,0.00710461
0.0173493,0.0117773,0.00631884,0.0241506,0.0073806,0.00282943
0.00477974,0.00322491,0.00132332,0.00513401,0.00291672,0.00186039
0.0206028,0.0139054,0.00790606,0.0274596,0.00624462,0.00662524
0.0244117,0.0165011,0.00858967,0.0510671,0.01605,0.0248121
0.00699292,0.00493259,0.0028328,0.0141844,0.00259438,0.00622686
0.0277394,0.0187922,0.00924873,0.0291926,0.00789844,0.00640168
0.0294933,0.0190463,0.0197434,0.0450304,0.0105556,0.0246729
0.00823766,0.00554585,0.00176568,0.0197023,0.0051238,0.00436263
0.0152882,0.010525,0.00496929,0.0232156,0.00455171,0.00529514
0.0130055,0.00885038,0.0061456,0.0266351,0.00617945,0.00323915
0.0380019,0.022885,0.0121668,0.0469689,0.0129924,0.0341181
0.0183148,0.012181,0.00634236,0.0353638,0.00858937,0.0101717
0.00778528,0.00547804,0.00253987,0.00994293,0.00305562,0.00651335
0.00690926,0.00517096,0.00243447,0.0159559,0.00491278,0.00287063
0.0238436,0.0158951,0.00845659,0.0470931,0.0117343,0.0203444
0.0364675,0.0168689,0.0191802,0.0790978,0.0226025,0.0493653
0.0640084,0.0350945,0.0458661,0.138623,0.036443,0.0976356
0.017526,0.0119632,0.00555919,0.0189972,0.00508232,0.0104239
0.00998471,0.00701708,0.00313524,0.0112565,0.00339749,0.0029108
0.00864435,0.00584125,0.003182,0.0110313,0.00504885,0.00278034
0.0160591,0.0104914,0.00629886,0.0463789,0.0110435,0.01901
0.0117491,0.00778336,0.00354046,0.0236227,0.00751568,0.00951766
0.0205033,0.0141132,0.00616578,0.0325161,0.00733476,0.0193294
0.0489454,0.0294058,0.0248626,0.0984494,0.0264836,0.0245642
0.0130962,0.00805395,0.00469249,0.0315087,0.00889323,0.0135297
0.0701033,0.0397135,0.0299535,0.108725,0.0273155,0.0302522
0.0102087,0.00671036,0.00614824,0.0306619,0.00762679,0.00511025
0.012832,0.00881766,0.0126293,0.0488053,0.012364,0.0218294
0.00758239,0.00493738,0.00334014,0.017076,0.00333086,0.0016538
0.0304844,0.0200212,0.0136377,0.0734369,0.0170963,0.0283858
0.0202194,0.0132023,0.00760999,0.0357115,0.00804933,0.005165
0.0230068,0.0154498,0.00819211,0.0371778,0.00679037,0.0105171
0.00704543,0.0049673,0.00435605,0.0160258,0.00311112,0.00188242
0.017922,0.0123035,0.00618621,0.0220717,0.00513154,0.00425959
0.0282359,0.0187787,0.0070518,0.0161287,0.00511545,0.0136415
0.0282021,0.018478,0.0130772,0.0509434,0.012367,0.017634
0.0228598,0.0149183,0.00812751,0.0331424,0.0101663,0.0105326
0.0178215,0.0120992,0.0157951,0.0582595,0.0165164,0.0369892
0.0218952,0.0148214,0.0172276,0.0917183,0.0267492,0.0542696
0.00926707,0.00608499,0.00240409,0.0232598,0.00640739,0.00642515
0.0410756,0.0252761,0.0199014,0.0653367,0.0149848,0.0116164
0.00878361,0.00612399,0.00395241,0.0188835,0.00402518,0.00938979
0.005332,0.00363472,0.00336554,0.0127087,0.00270704,0.00565525
0.0129107,0.00835798,0.00404622,0.0250953,0.00605577,0.0146483
0.0123767,0.00875055,0.00438162,0.0194038,0.00505651,0.00522219
0.0134355,0.00942285,0.0050244,0.0279241,0.00741735,0.0132183
0.02697,0.0177367,0.0150067,0.0731136,0.0195496,0.015918
0.0245775,0.0163336,0.00930764,0.0375425,0.00911835,0.0065467
0.00949997,0.00508321,0.00911108,0.0308555,0.00710014,0.00410844
0.0141014,0.00940932,0.00620204,0.0240877,0.00792509,0.00993414
0.00797567,0.00300251,0.00252848,0.0218663,0.00618377,0.0116626
0.0127809,0.00784202,0.00585262,0.0283774,0.00705413,0.0132954
0.0230889,0.0143054,0.00892671,0.0451271,0.00910276,0.0121763
0.027732,0.0184692,0.0122179,0.0377273,0.00832915,0.00611793
0.0116842,0.00828957,0.004466,0.0200645,0.00540635,0.00813754
0.0526161,0.0249736,0.0221207,0.0922473,0.0246891,0.039404
0.0136,0.00952863,0.00770378,0.0202798,0.00729642,0.0075085
0.0169775,0.0112955,0.00547152,0.0398202,0.00827463,0.00519388
0.0349017,0.0225614,0.0248316,0.156826,0.0431027,0.0589589
0.030811,0.0206488,0.0113822,0.0426518,0.00976503,0.00622033
0.0552329,0.0330396,0.0204129,0.0862767,0.0209677,0.00715502
0.00780933,0.00526791,0.0123854,0.0656087,0.0182374,0.0317429
0.0175421,0.0114991,0.00664708,0.0248953,0.00581857,0.00922223
0.00702183,0.00494422,0.00308045,0.0167233,0.00608935,0.00142848
0.00699079,0.00492788,0.0030995,0.0151347,0.00480914,0.00379118
0.0258021,0.0167371,0.00649849,0.043707,0.012271,0.00689169
0.0104378,0.00761357,0.00326115,0.0241294,0.00528053,0.00625965
0.00744073,0.0055095,0.00328088,0.020919,0.00436563,0.00472241
0.013522,0.00949593,0.00543998,0.0187158,0.00639041,0.00630202
0.0368216,0.0229492,0.025934,0.121446,0.0345176,0.0483705
0.0151004,0.00994329,0.00555175,0.0191504,0.0059184,0.00568882
0.0211044,0.0143686,0.00767871,0.0256066,0.00773205,0.0136559
0.010745,0.00696376,0.00366326,0.00460892,0.0016778,0.00228365
0.00642374,0.00479064,0.00299002,0.016564,0.00499532,0.00456481
0.0577725,0.0235129,0.0226896,0.0547381,0.0163267,0.0206907
0.0138833,0.00916032,0.00411579,0.0217419,0.00660873,0.00780187
0.0197651,0.0133956,0.00923153,0.0346107,0.00786675,0.00517657
0.0223845,0.0148038,0.00738203,0.0355123,0.0069668,0.00607371
0.0375019,0.0205685,0.0190226,0.0845647,0.0215832,0.0444415
0.00717175,0.00501834,0.00293167,0.0104304,0.00245725,0.00354709
0.00833164,0.00552011,0.00502204,0.0211761,0.00702654,0.0047162
0.0148071,0.0102435,0.00756902,0.026527,0.00552822,0.010291
0.00602934,0.00440838,0.00152778,0.0256942,0.00483175,0.00312647
0.0093966,0.00666001,0.00336755,0.0236686,0.00573998,0.00264619
0.00738906,0.00517539,0.00275277,0.00572548,0.000524863,0.00211716
0.0194427,0.0130309,0.0141445,0.102422,0.0282513,0.041133
0.0222438,0.0149895,0.00481423,0.0321719,0.00758161,0.00714705
0.00810209,0.00574555,0.00402376,0.0115764,0.00359532,0.00227681
0.0133489,0.00923203,0.00461943,0.029329,0.00564948,0.0191989
0.0107006,0.00718511,0.00784459,0.0457919,0.0104833,0.00458448
0.0337879,0.0217815,0.00653768,0.0581236,0.0137713,0.0257056
0.0121603,0.00843562,0.00424995,0.0246814,0.00611927,0.00629916
0.0284893,0.0181076,0.0248742,0.061353,0.0179788,0.0167906
0.0146537,0.00984138,0.00686423,0.0250221,0.00749213,0.00520879
0.029026,0.0192498,0.0141194,0.036044,0.0106167,0.0238568
0.011234,0.00774142,0.00358394,0.00309994,0.000589542,0.00869217
0.0177161,0.0117755,0.0049247,0.0313317,0.00870543,0.00926998
0.0248352,0.0161883,0.00687541,0.0421982,0.010749,0.0193661
0.0316004,0.0213052,0.0111849,0.0464597,0.013721,0.0201491
0.0133635,0.00924978,0.00419725,0.0187012,0.00669189,0.00759877
0.0432798,0.0281557,0.0142848,0.0669256,0.0179077,0.0124984
0.0364964,0.0241315,0.0124789,0.0485627,0.0126482,0.00962627
0.0108108,0.00726573,0.00404076,0.0220428,0.00589062,0.00212002
0.0823082,0.0433736,0.051002,0.200746,0.050934,0.0819031
0.0271701,0.0180183,0.00990965,0.0399446,0.010413,0.0108749
0.0153572,0.00892675,0.00677356,0.031859,0.00722557,0.00656147
0.0261208,0.0175847,0.00974327,0.0432172,0.0111692,0.00643868
0.0206696,0.0134578,0.00662169,0.0327294,0.0078735,0.0109468
0.0138849,0.00864742,0.00480459,0.0362774,0.00760981,0.00511222
0.0114518,0.00763819,0.00488604,0.0204045,0.00464811,0.00297919
0.012087,0.00832054,0.00591792,0.0322441,0.00947081,0.00758362
0.00623425,0.00466857,0.002568,0.016889,0.00371717,0.0102865
0.0109872,0.00803925,0.00387403,0.0145756,0.00322045,0.0105005
0.0218501,0.0152214,0.00849686,0.0346087,0.00809855,0.00744104
0.0264825,0.0179987,0.0135534,0.0654996,0.0183687,0.0183791
0.0118798,0.0081447,0.00459627,0.0181653,0.00364566,0.00179261
0.022301,0.0149629,0.00970634,0.0289735,0.00856123,0.00902142
0.0310993,0.0200652,0.0110771,0.0602796,0.0156889,0.015044
0.00920219,0.00659072,0.00212279,0.0148915,0.00373988,0.00376593
0.00967489,0.00685349,0.00354404,0.0156142,0.00503853,0.00389449
0.00767431,0.00530434,0.00245231,0.018352,0.00502749,0.00829421
0.0114374,0.0076918,0.00392246,0.0157127,0.00371649,0.00653082
0.0109011,0.00743958,0.00697775,0.0231296,0.00619282,0.0066752
0.00769113,0.00513519,0.00213157,0.0207575,0.0045243,0.00591652
0.00925845,0.00582144,0.00364514,0.0197713,0.00463404,0.00446985
0.0349155,0.0148738,0.0139188,0.0604467,0.0168757,0.0129717
0.0333814,0.0150108,0.0129803,0.0579615,0.013788,0.0122898
0.0106669,0.00749161,0.00341976,0.0227281,0.00565256,0.0060925
0.0383084,0.0256548,0.0220417,0.0912299,0.0243166,0.0600305
0.0236279,0.0158722,0.00845168,0.00872558,0.0023075,0.00994806
0.0473203,0.0288132,0.0264645,0.104505,0.0255987,0.0220248
0.00748766,0.00485382,0.00205562,0.00257995,-8.8286e-05,0.00172758
0.0156011,0.0105435,0.00633799,0.0242562,0.00734555,0.00985065
0.0176158,0.0118431,0.00689473,0.040934,0.00989483,0.0113787
0.0226445,0.0148452,0.00851325,0.0331319,0.0094259,0.00977996
0.00688233,0.0050305,0.00327491,0.0192605,0.00327505,0.00468214
0.0108556,0.00754452,0.00383991,0.0155387,0.00307369,0.00284096
0.014882,0.0102644,0.00493885,0.0238236,0.0061487,0.00637936
0.0205556,0.0137025,0.00971276,0.0443311,0.0110339,0.00243589
0.0106894,0.00709091,0.00478318,0.0178641,0.00521,0.00515624
0.036051,0.0233505,0.00966727,0.0478416,0.0120271,0.0144538
0.00609494,0.00415781,0.0012208,0.0185134,0.00521064,0.00626795
0.00877402,0.00607956,0.00451928,0.0262763,0.00684164,0.00632535
0.0231341,0.0155793,0.0115332,0.0580957,0.0183037,0.0492823
0.0191405,0.0124632,0.00966885,0.057297,0.0134894,0.0186444
0.0140978,0.00839345,0.005249,0.0230507,0.00617344,0.00761801
0.0261893,0.0175874,0.0125341,0.0344501,0.00848224,0.00328196
0.0187069,0.0122783,0.0109579,0.0625606,0.0145134,0.0397379
0.0197333,0.0131297,0.00590865,0.0427618,0.0104517,0.00893675
0.068402,0.0361436,0.0450856,0.176164,0.0429462,0.0906336
0.0254131,0.0168724,0.00780845,0.0249394,0.00753186,0.0179442
0.0107202,0.00722314,0.0113455,0.078895,0.0187939,0.0291691
0.0149837,0.00970982,0.00587782,0.0228992,0.00554966,0.00613877
0.014847,0.00995316,0.00642553,0.0201367,0.00560838,0.0124219
0.0101717,0.00698771,0.0037777,0.0192094,0.00574539,0.00608356
0.0144434,0.00984691,0.0034825,0.0303734,0.00701641,0.0102114
0.0101267,0.0071457,0.00379737,0.0168047,0.00448495,0.00419298
0.0176527,0.0112364,0.0199705,0.126812,0.0326349,0.0460696
0.0101948,0.00707884,0.0155061,0.0650665,0.0158909,0.0249288
0.0153956,0.0103741,0.00971213,0.0403308,0.0101647,0.0218788
0.00515373,0.00346889,0.00328578,0.0131222,0.00271151,0.00604866
0.0154321,0.0103152,0.00466448,0.0187848,0.00376004,0.00887814
0.0250131,0.0166173,0.0103847,0.0523229,0.0132092,0.0116947
0.0343431,0.0216357,0.0172796,0.0746184,0.018086,0.0196272
0.0313612,0.0151732,0.00918153,0.0536099,0.013674,0.0210101
0.0131092,0.00909573,0.00623753,0.0502805,0.0132047,0.0180153
0.0209817,0.0139592,0.00886287,0.0495817,0.0126255,0.0144762
0.0369894,0.0233035,0.0155146,0.0498263,0.0146643,0.0302404
0.048102,0.0250549,0.0557642,0.237792,0.0585436,0.0598799
0.0127134,0.00883538,0.0048087,0.020916,0.00691351,0.0058473
0.0475758,0.0236699,0.0170606,0.0662521,0.0187676,0.0348372
0.0415079,0.0228345,0.0140911,0.0458185,0.00996043,0.0245582
0.0136943,0.00902841,0.0114639,0.0652712,0.0153685,0.0101869
0.0205937,0.0139942,0.0173756,0.0528975,0.0124626,0.00968381
0.0117389,0.00814053,0.0040386,0.0165969,0.00602315,0.0152994
0.0425904,0.0277764,0.0130493,0.0484423,0.0149857,0.011297
0.0173437,0.0124142,0.00583178,0.0185317,0.00583916,0.00543352
0.0312695,0.0200897,0.0536397,0.164149,0.0455953,0.0727072
0.0214186,0.0143575,0.022084,0.053219,0.0138165,0.0214574
0.0149337,0.0099021,0.00453073,0.0401376,0.0104522,0.00547045
0.0133816,0.00898725,0.00460573,0.0189488,0.00600357,0.0102559
0.00603649,0.00439109,0.00333247,0.0140374,0.0036312,0.00358749
0.0123583,0.00872151,0.0040085,0.0140319,0.00398587,0.00484063
0.0124223,0.00844734,0.0145582,0.0771264,0.0191405,0.0214877
0.00772171,0.00539124,0.00432394,0.0268379,0.00645376,0.00236261
0.021758,0.0151629,0.0107236,0.0411257,0.0126128,0.00945864
0.0135351,0.00911055,0.00688846,0.0262687,0.00548192,0.00577149
0.0150408,0.0103152,0.00711899,0.0233458,0.00513925,0.00948305
0.0290254,0.0157699,0.0115941,0.05682,0.0124698,0.0079179
0.00548923,0.00382624,0.00246198,0.0126971,0.00383221,0.00518909
0.0135586,0.00915864,0.00450156,0.0317351,0.00778212,0.00676445
0.0111178,0.00752951,0.00364354,0.0203118,0.00391578,0.0106332
0.0164331,0.0109382,0.00415686,0.02571,0.00636033,0.00493437
0.01588,0.0103601,0.00587145,0.0347006,0.010404,0.0272086
0.0293308,0.0196885,0.0119713,0.0612412,0.0138617,0.027378
0.0259416,0.0173189,0.00703637,0.0389753,0.0121803,0.0132253
0.0141033,0.0097298,0.00639197,0.0184144,0.00512032,0.00763296
0.0103149,0.00724588,0.00673223,0.0284651,0.00809842,0.00952475
0.0145767,0.00972297,0.0070855,0.0497794,0.0136162,0.0127929
0.0412322,0.0263292,0.0246499,0.174109,0.0435274,0.0779593
0.00812962,0.00565534,0.00367344,0.0190702,0.00505047,0.00302984
0.00792455,0.00590705,0.00238016,0.0102407,0.00355101,0.00615165
0.00759938,0.00494088,0.00438518,0.0297117,0.00689436,0.00817358
0.0122906,0.00866749,0.00442903,0.0013424,0.00192073,0.00354342
0.0330509,0.0215399,0.00908068,0.0349931,0.00878151,0.0058335
0.00935767,0.00659797,0.00287072,0.0285438,0.00723891,0.00330187
0.0108542,0.00766019,0.00212293,0.0187368,0.00487271,0.0154648
0.0194074,0.0132884,0.0100012,0.0376111,0.00905072,0.0118061
0.0177491,0.0115427,0.00805398,0.0492516,0.0127535,0.0377567
0.0157922,0.0102118,0.00705209,0.0414806,0.0107919,0.00638718
0.0297568,0.0195214,0.0105497,0.0361319,0.00912023,0.0102971
0.0128061,0.00867618,0.00404671,0.0155662,0.00308323,0.0062242
0.0177489,0.0120334,0.00297266,0.0282253,0.00858109,0.00840797
0.0238887,0.015883,0.0096032,0.0468059,0.012764,0.0217591
0.0213876,0.0106024,0.0095423,0.0489414,0.0117567,0.011041
0.0217076,0.0106005,0.00970462,0.049349,0.0118124,0.0108179
0.0134023,0.00944035,0.00308461,0.025506,0.0086625,0.00878877
0.0463543,0.0266648,0.0257997,0.106655,0.0254615,0.0141397
0.0356621,0.0152581,0.0143082,0.0809841,0.0209783,0.0240003
0.0405967,0.0160574,0.0172805,0.0812705,0.0186764,0.0187705
0.00485498,0.00294623,0.00147704,0.0171976,0.0045402,0.00315701
0.00827642,0.00571903,0.00226786,0.0142838,0.00375354,0.00228173
0.0152327,0.0105778,0.00532738,0.014086,0.00411099,0.00419673
0.0117551,0.00807835,0.00470175,0.0235699,0.00566529,0.00227017
0.0215737,0.0144038,0.00768915,0.0396879,0.00869291,0.00554903
0.013209,0.00930862,0.00624771,0.0341932,0.00855225,0.00523294
0.0266766,0.0174211,0.0198534,0.0568348,0.0151317,0.0212484
0.00746018,0.0051316,0.0106942,0.0549417,0.0166651,0.0291225
0.022061,0.0152953,0.00591527,0.0391889,0.00977596,0.0154278
0.0136633,0.00960986,0.005547,0.0162502,0.00426132,0.00417113
0.0237273,0.0156692,0.00825981,0.0301901,0.00748448,0.023214
0.0323526,0.0213251,0.0139076,0.0800627,0.0216868,0.0107123
0.0307258,0.0124105,0.0109943,0.0513951,0.0133189,0.0125757
0.0346543,0.0136428,0.0124043,0.0467552,0.0107826,0.0139591
0.0260012,0.017625,0.0117774,0.0525286,0.0149908,0.0364029
0.0234263,0.0156794,0.00872658,0.0338531,0.0086273,0.0178856
0.012573,0.00885062,0.00461501,0.0275553,0.00720713,0.00566471
0.0123095,0.00832315,0.00338387,0.0189524,0.00425525,0.00414887
0.0123927,0.00815129,0.0144098,0.0563142,0.0170109,0.0115357
0.0344715,0.0223317,0.0180774,0.0622511,0.015716,0.0270517
0.0263429,0.0172795,0.00937873,0.0363345,0.00734481,0.00808366
0.0277916,0.0181964,0.0135719,0.0632749,0.0158932,0.00710896
0.00698686,0.00507106,0.00314529,0.0191692,0.0056899,0.00384258
0.00658797,0.00463553,0.00467767,0.0231022,0.00798623,0.00612249
0.0266745,0.018198,0.017499,0.0230358,0.0066129,0.01483
0.0326328,0.0196837,0.0364564,0.172949,0.0474871,0.0567898
0.0165794,0.0111444,0.00922746,0.0469691,0.012081,0.0274931
0.00934063,0.00661884,0.0033046,0.00937513,0.00398958,0.010594
0.0321339,0.0221564,0.0111679,0.0472577,0.012913,0.00844348
0.00973121,0.00697573,0.00374835,0.0113147,0.00361276,0.00515803
0.0281555,0.0191467,0.0129961,0.0430659,0.0111254,0.0320011
0.00679209,0.00496469,0.00437754,0.0109856,0.00395727,0.00302629
0.0208239,0.0142733,0.00960442,0.02624,0.00803249,0.0276121
0.0453795,0.0249431,0.0760047,0.303683,0.0800289,0.14797
0.0215828,0.00996125,0.00982903,0.0481378,0.0122154,0.00855109
0.0209015,0.00992906,0.00945533,0.0445146,0.00958774,0.00714922
0.0212561,0.00792749,0.00564783,0.0369081,0.00773565,0.0135442
0.0215805,0.0079677,0.005673,0.0373445,0.00720642,0.0121999
0.00661068,0.00437383,0.00185003,0.028278,0.0101736,0.0135877
0.0360081,0.017,0.0108056,0.0680894,0.0184801,0.0252327
0.00551077,0.0036711,0.00199478,0.00252622,0.000445982,0.00578358
0.007099,0.00498097,0.00291003,0.0145984,0.00388225,0.00337712
0.0355581,0.0233756,0.0105102,0.0421477,0.0106337,0.0140711
0.0219757,0.0148965,0.0119539,0.0361646,0.00901295,0.0217429
0.00930791,0.00625459,0.00385488,0.0301831,0.00535795,0.00557774
0.00584435,0.00408351,0.00246623,0.0173885,0.00351667,0.0024025
0.00543842,0.00410519,0.00263514,0.00751241,0.00186238,0.00219056
0.0276415,0.0185243,0.0112104,0.0305263,0.0087427,0.017237
0.00744098,0.00529694,0.00327956,0.0198235,0.00490511,0.00284175
0.0259643,0.017719,0.00657048,0.0302082,0.006341,0.0145578
0.00718779,0.00506278,0.00172751,0.0182065,0.00752539,0.0116555
0.0307151,0.0209359,0.0129586,0.0386134,0.00957289,0.00944365
0.0193604,0.0128335,0.00687997,0.0269108,0.00499171,0.00680302
0.0158835,0.010515,0.00449589,0.0212826,0.0056315,0.00556184
0.0474505,0.0219653,0.0257844,0.11771,0.0318008,0.03962
0.0244176,0.0154637,0.0192129,0.0800355,0.0227848,0.027327
0.0199378,0.0135793,0.0115209,0.0457609,0.0132015,0.0129328
0.00565069,0.00392119,0.00332758,0.0127326,0.00283239,0.00271263
0.014816,0.0100337,0.0169433,0.0595925,0.0177165,0.0226907
0.0124849,0.00843242,0.00318128,0.0173493,0.00472477,0.00506829
0.00867613,0.00567942,0.0066316,0.0551199,0.0130888,0.0314294
0.0143273,0.00968445,0.00384418,0.0184025,0.00362267,0.006125
0.0295192,0.0196187,0.00914364,0.0499134,0.0132506,0.0197892
0.0170291,0.0116604,0.00522251,0.0302575,0.00775079,0.00235799
0.0193322,0.0129594,0.00804952,0.0364439,0.0091961,0.014628
0.0379305,0.0244984,0.0129265,0.0674267,0.0173467,0.0139927
0.00904521,0.00600903,0.00310869,0.0271563,0.00764624,0.0086525
0.0139252,0.00965917,0.00439868,0.031247,0.00681191,0.00353581
0.00776227,0.00526068,0.00298153,0.0150807,0.00434334,0.00209596
0.0141624,0.00970638,0.00461532,0.0178518,0.00442903,0.00715734
0.0496324,0.0290611,0.038602,0.156139,0.0431231,0.118789
0.0273694,0.0171953,0.0111302,0.0761979,0.0228956,0.0430578
0.0270929,0.0125054,0.014344,0.0867112,0.0229205,0.0273774
0.0119937,0.00823787,0.00537003,0.0340283,0.00840962,0.00677321
0.0254501,0.0163797,0.00672672,0.0390168,0.0104377,0.0138719
0.0107773,0.00758893,0.00328891,0.0283626,0.0072088,0.00645944
0.00976084,0.00697043,0.00388588,0.0229296,0.00650817,0.00469177
0.00447289,0.00319042,0.00276745,0.0119551,0.00305316,0.00302395
0.0238678,0.0153109,0.0159428,0.0563823,0.0146124,0.0249422
0.00949452,0.0062099,0.0191581,0.0213277,0.00669203,0.00811496
0.00519514,0.0035775,0.00835572,0.0138586,0.00283293,0.00653522
0.0113564,0.00808057,0.00455176,0.0299782,0.00758033,0.00297818
0.00412888,0.00322711,0.00308277,0.0156588,0.00344433,0.00295001
0.0146266,0.00987798,0.00500651,0.0295177,0.00767238,0.0029643
0.023204,0.015926,0.0103747,0.0282432,0.00743013,0.00738836
0.0177431,0.0120426,0.0119749,0.0588917,0.017239,0.0107615
0.0142391,0.00978242,0.00332352,0.0164856,0.00564019,0.00749576
0.00487995,0.0035329,0.003147,0.0118746,0.0033469,0.00278296
0.0129756,0.00898365,0.00614735,0.0487325,0.0118551,0.0104675
0.0184622,0.0128341,0.00553299,0.035189,0.00940231,0.00491938
0.0472398,0.0298187,0.0312376,0.107154,0.0264793,0.0685551
0.00891198,0.00630467,0.00341301,0.0265575,0.00575147,0.00370409
0.0430742,0.0251058,0.0248265,0.0995605,0.023549,0.0227484
0.009449,0.00685659,0.00293147,0.00857066,0.00331144,0.00229388
0.037244,0.0240226,0.0121005,0.0320373,0.00803009,0.0250139
0.018632,0.0131109,0.00748838,0.0318995,0.00948665,0.0134953
0.0545876,0.0329223,0.0191692,0.0762567,0.0181372,0.0416388
0.00582168,0.00394746,0.00203055,0.00855765,0.00310598,0.00306642
0.0542053,0.0325342,0.0314171,0.142702,0.0355712,0.0504255
0.0129039,0.0086776,0.00406583,0.0196082,0.00627144,0.00259745
0.0071935,0.00494131,0.00186755,0.00542124,0.00241308,0.00611789
0.014039,0.00964368,0.00375683,0.0173335,0.00552447,0.0033066
0.0103519,0.00690844,0.00370218,0.0162051,0.00441548,0.00381897
0.0521617,0.0324991,0.0327675,0.121712,0.0301384,0.0551645
0.0155317,0.0104873,0.0067605,0.025973,0.00705925,0.01498
0.04002,0.0222696,0.0540307,0.183079,0.0438529,0.0651364
0.01167,0.00801913,0.00366487,0.0272065,0.00745289,0.00747646
0.0246368,0.0165503,0.0087588,0.0359942,0.00782595,0.00839471
0.0383999,0.0248395,0.0168584,0.0593087,0.0167946,0.0236067
0.00995325,0.00728311,0.00551729,0.0199433,0.00351691,0.00731988
0.00498733,0.00401153,0.00247549,0.0143678,0.00248648,0.00357271
0.011131,0.00769967,0.00344318,0.0211403,0.00435543,0.00151373
0.0304477,0.0185485,0.0193307,0.107112,0.0277404,0.0515765
0.0235172,0.0141686,0.00604093,0.0492811,0.0123701,0.0127271
0.0138426,0.00725307,0.00595782,0.033114,0.00714785,0.00935833
0.0206127,0.0144576,0.00988866,0.033607,0.00868518,0.00120149
0.0124729,0.0086888,0.00450518,0.0215662,0.00613449,0.00493425
0.0144886,0.00736603,0.00608514,0.0167826,0.00606981,0.0136036
0.0138682,0.0098768,0.00465301,0.00270073,0.000700693,0.00483257
0.0528861,0.0342036,0.0258542,0.0966126,0.0277955,0.0692971
0.0224071,0.0150844,0.00850832,0.0361926,0.0103534,0.00272076
0.0222289,0.0148095,0.00923186,0.0397485,0.00875667,0.00640362
0.0108187,0.00727299,0.0118794,0.0874638,0.0222938,0.0542991
0.0240131,0.0158643,0.0324222,0.120817,0.0330647,0.0799826
0.0437715,0.0270373,0.0140935,0.0730506,0.0189155,0.0168445
0.0103095,0.00727966,0.00260791,0.0228988,0.00724646,0.00323259
0.0244025,0.0165834,0.0198703,0.0526909,0.0133061,0.00973548
0.036772,0.0197064,0.0208825,0.122674,0.0271135,0.0356335
0.0264248,0.0145062,0.0142059,0.0566472,0.00999926,0.0181586
0.012469,0.00896739,0.00454059,0.0187343,0.00522146,0.0116429
0.00612916,0.00418405,0.00274685,0.0206698,0.00371572,0.0046134
0.0295346,0.0183553,0.0258088,0.127769,0.0361868,0.0587157
0.0241178,0.01626,0.00872193,0.0394118,0.00882359,0.0167362
0.0122924,0.00838975,0.00397823,0.0278522,0.00752716,0.00929494
0.01115,0.0074755,0.00328867,0.0175314,0.00445799,0.00412252
0.0123262,0.00855315,0.00597927,0.0206426,0.00530967,0.00239335
0.0194227,0.0128698,0.00620831,0.0100779,0.00246693,0.0091648
0.0192241,0.0128675,0.00556136,0.0354212,0.00926994,0.0104322
0.0143095,0.00974861,0.00656158,0.0364066,0.00952329,0.0137138
0.0259273,0.0171713,0.00592609,0.0324937,0.00782206,0.00543172
0.0177328,0.0120813,0.00604529,0.0394207,0.0102118,0.00855829
0.0127848,0.00859652,0.0070025,0.0305466,0.00702846,0.00757983
0.011167,0.00784716,0.00355256,0.00858807,0.00340008,0.00293738
0.0142154,0.00956261,0.00387794,0.0228413,0.00561125,0.00493276
0.014562,0.00920519,0.00514014,0.0210597,0.00651622,0.00669296
0.0151057,0.0100477,0.00628503,0.0298908,0.00610739,0.0181685
0.0205752,0.0108708,0.0165666,0.0522782,0.0139292,0.0136675
0.019164,0.0110051,0.0149746,0.0445903,0.0111371,0.0115095
0.00993828,0.00675525,0.00184928,0.0132024,0.00479059,0.00444968
0.0443208,0.0252818,0.0547649,0.197134,0.0523319,0.0996556
0.0214081,0.0137933,0.0263853,0.100024,0.0266691,0.0581582
0.0136447,0.00956896,0.00912848,0.0409211,0.0105659,0.0296072
0.0129701,0.00864681,0.00557396,0.0254564,0.00720577,0.00265427
0.0127369,0.00840558,0.00629412,0.0258948,0.00693301,0.0114514
0.0344843,0.0225179,0.0148692,0.0716551,0.0179527,0.014238
0.0125567,0.00871758,0.00319848,0.0198988,0.00515521,0.00715299
0.0196174,0.0125544,0.00655197,0.0275509,0.00832776,0.02006
0.0475298,0.0276526,0.0247252,0.0902305,0.023945,0.0196628
0.0105105,0.00723748,0.00351208,0.0102301,0.00357431,0.00752079
0.00948759,0.00652746,0.00617129,0.0176202,0.00489773,0.00422849
0.0462461,0.0275413,0.067405,0.250326,0.0697348,0.133511
0.028171,0.0184794,0.00944813,0.0396956,0.0139736,0.022032
0.0123545,0.00848069,0.00285572,0.0210958,0.00441649,0.00643816
0.068013,0.0346086,0.0477495,0.149869,0.0384764,0.0341348
0.0510492,0.0313268,0.0365721,0.0787853,0.0177901,0.0204028
0.00732411,0.00523804,0.0060915,0.0120269,0.00429183,0.0135321
0.0408371,0.0260791,0.0111579,0.0497526,0.0126725,0.0120942
0.0235462,0.0155344,0.00815839,0.0315418,0.00766253,0.00710251
0.0105755,0.00740432,0.00355159,0.0189164,0.00451394,0.00355959
0.015487,0.0107932,0.00374068,0.0259505,0.00657191,0.0188129
0.0231632,0.0155313,0.00764074,0.0328977,0.00665101,0.00809788
0.0121525,0.00891079,0.00507742,0.0275187,0.00689554,0.00575445
0.00555468,0.00399884,0.00250733,0.00898149,0.00271926,0.00217183
0.0216648,0.0144587,0.00678615,0.0315106,0.00668518,0.0159554
0.0112762,0.00768965,0.00353337,0.023516,0.0066678,0.0071119
0.0105773,0.007176,0.0032034,0.014746,0.00328232,0.0071582
0.016707,0.0107672,0.00883082,0.0497446,0.0139684,0.0326536
0.0160362,0.0106955,0.00447358,0.0251503,0.00647956,0.00706076
0.0178807,0.0124883,0.00563333,0.0186204,0.00598751,0.00366878
0.00902397,0.00643416,0.00321884,0.0167636,0.00436993,0.00134788
0.0106093,0.00752,0.00366142,0.0216803,0.00467983,0.00436328
0.00883556,0.00605367,0.00247019,0.0165025,0.00376428,0.00210111
0.00954081,0.00670201,0.0037617,0.0144944,0.00259068,0.00214763
0.0317477,0.0206896,0.0179598,0.0483977,0.011295,0.0125367
0.00846591,0.0059641,0.00480679,0.0120895,0.00353875,0.00432041
0.0497783,0.031333,0.0163162,0.0678274,0.0178437,0.00937826
0.0121675,0.00815586,0.00498251,0.0258162,0.00712827,0.00731756
0.0101525,0.00744998,0.00369818,0.0331638,0.0102272,0.0136683
0.0331511,0.0219872,0.0150684,0.0426783,0.0117228,0.015768
0.0095662,0.00621544,0.00388233,0.0239021,0.00737169,0.0152271
0.0391287,0.0235615,0.0272335,0.105074,0.0270303,0.0413428
0.0138092,0.00952785,0.00806077,0.0421274,0.0118398,0.00688378
0.0179414,0.0123787,0.00823958,0.0412809,0.0107723,0.00415007
0.0225913,0.0151072,0.0129487,0.0467842,0.0127666,0.0229548
0.0216013,0.0145378,0.013019,0.0394546,0.0128058,0.039414
0.0426224,0.0270002,0.01497,0.0830405,0.0223301,0.0475487
0.00829335,0.00621293,0.00357118,0.023896,0.00672693,0.00480126
0.033548,0.019027,0.0104635,0.0465384,0.014407,0.0226736
0.0368439,0.0189917,0.0108678,0.0516078,0.0145607,0.0205823
0.0119971,0.00811839,0.00676871,0.0254528,0.00699502,0.00627511
0.0125166,0.00840995,0.00331072,0.0263681,0.00748156,0.00416435
0.0119986,0.00844108,0.00420959,0.0358611,0.00665002,0.00324181
0.0306352,0.0197412,0.0117647,0.0428064,0.011958,0.00705754
0.0105518,0.00724816,0.00411229,0.0260538,0.0065136,0.00719944
0.0105874,0.00514231,0.00607981,0.0311024,0.00839767,0.00616287
0.00996273,0.00462361,0.00496556,0.0271295,0.00576649,0.00466278
0.0465548,0.0249484,0.0600875,0.214397,0.0546372,0.060139
0.00936328,0.00660918,0.00353048,0.016743,0.00379837,0.0110019
0.0318136,0.0213716,0.010347,0.0690558,0.0192627,0.0239893
0.0400068,0.0233815,0.0591286,0.224164,0.0587262,0.106085
0.017594,0.01196,0.00593401,0.0316141,0.00671914,0.00391797
0.0151913,0.0103584,0.00598517,0.0178622,0.00490613,0.00675667
0.0264623,0.0179419,0.00870573,0.0366394,0.0106997,0.0129679
0.0237082,0.0163756,0.00697302,0.0391075,0.010767,0.0409813
0.0089482,0.00586072,0.001457,0.0393539,0.0129294,0.0216905
0.0183431,0.0122071,0.00317737,0.0472655,0.012637,0.00517213
0.0120609,0.00827991,0.00463834,0.0193157,0.00519363,0.00442628
0.00874582,0.00599703,0.00362847,0.0172246,0.00412625,0.00231652
0.0173473,0.0119237,0.00632334,0.0228694,0.00531986,0.00970654
0.0228689,0.0147149,0.00740172,0.0423417,0.00955917,0.012837
0.0106291,0.00733535,0.00355778,0.0175026,0.0054975,0.0049502
0.0112316,0.0077174,0.00398712,0.0281497,0.00797174,0.00751476
0.0256865,0.0107607,0.00981049,0.0452418,0.0124933,0.016315
0.0294767,0.0108397,0.0114281,0.0482021,0.0118048,0.0205663
0.0135214,0.00922556,0.00452663,0.0148519,0.00283933,0.00271824
0.0258252,0.0167592,0.0134596,0.0672825,0.0174222,0.0146058
0.0308528,0.0185935,0.0338136,0.136749,0.0364563,0.0243235
0.0168415,0.0116591,0.00551663,0.0206451,0.00619382,0.014801
0.00423622,0.00319876,0.00165739,0.00311977,0.000809928,0.00261426
0.0156336,0.0109845,0.0121331,0.0426627,0.0105558,0.011331
0.0128039,0.00916882,0.0042931,0.0240007,0.00650586,0.00506652
0.0236943,0.0130547,0.00675887,0.0519884,0.011968,0.0115506
0.0108698,0.00724767,0.00605528,0.0215472,0.00542244,0.00334705
0.0301425,0.0154182,0.00706681,0.0474759,0.0108628,0.0212784
0.019573,0.0127243,0.00635757,0.0361958,0.00928693,0.0126807
0.0122316,0.00817784,0.0167251,0.109436,0.0294229,0.0526888
0.0178838,0.0120822,0.0128284,0.0679375,0.0164358,0.0322117
0.014316,0.00932572,0.00517899,0.0297503,0.00786487,0.00366588
0.02099,0.0141286,0.00699498,0.0377622,0.00966523,0.0160266
0.00950022,0.00652145,0.00279893,0.0187315,0.00552577,0.00594623
0.0271851,0.0129837,0.0114565,0.0846939,0.0218832,0.0111313
0.0259231,0.0118085,0.0108953,0.0566775,0.0127216,0.00818722
0.00635035,0.00413146,0.00207464,0.0125281,0.00415709,0.000829216
0.0256121,0.0128009,0.0115614,0.0538171,0.0153976,0.0157563
0.0103315,0.00742443,0.0058777,0.0211426,0.00432921,0.00291912
0.0163013,0.0110524,0.00440698,0.03742,0.0127271,0.0169195
0.0357087,0.0232801,0.0123088,0.0367687,0.00833279,0.00638324
0.00915807,0.00631232,0.00255125,0.00431874,-7.57656e-05,0.0013934
0.0285566,0.0180038,0.0105602,0.0424568,0.0120738,0.0154733
0.0143203,0.00968694,0.00637404,0.0232346,0.00417138,0.0061703
0.0339965,0.0223788,0.0132111,0.0365273,0.0101161,0.00931248
0.0262355,0.0174471,0.00703083,0.0337733,0.00862339,0.0130645
0.0101072,0.00686298,0.00420682,0.00633871,0.0015921,0.00497758
0.020864,0.0141528,0.00764164,0.0224294,0.00747557,0.00466273
0.00390854,0.00300789,0.0024544,0.0127692,0.00317981,0.000589357
0.00829531,0.00590404,0.00378724,0.0161502,0.00391292,0.00505968
0.0235982,0.015495,0.026421,0.0763489,0.0203908,0.0136606
0.0225822,0.0149416,0.00664963,0.0287011,0.00735445,0.00461762
0.0126307,0.00864797,0.00710084,0.0200269,0.00585944,0.00505605
0.0353422,0.0143107,0.0120419,0.0592589,0.0139757,0.0118534
0.0347752,0.0144388,0.0116661,0.0529549,0.0126786,0.0114074
0.0174937,0.0122374,0.00693371,0.0171493,0.00481874,0.00149935
0.00831429,0.00580487,0.00456048,0.0254688,0.00626373,0.00502033
0.0302091,0.0204228,0.00963834,0.0443979,0.0118517,0.0100745
0.0221403,0.0149363,0.0160448,0.0445819,0.0110282,0.014232
0.0217433,0.0146163,0.00579078,0.0414868,0.0104714,0.00998033
0.00620405,0.00409175,0.00265369,0.0125429,0.0035322,0.00619938
0.011139,0.00788362,0.00295106,0.0164295,0.00464995,0.00894862
0.0101749,0.00681703,0.0147089,0.0190923,0.00488847,0.00786809
0.0079827,0.005562,0.0031662,0.0207282,0.00516296,0.00866987
0.0303068,0.0202168,0.0190893,0.0696481,0.0198176,0.0111769
0.0243199,0.0151794,0.0206533,0.0956082,0.0262252,0.0292896
0.0153811,0.0104522,0.0111547,0.0846961,0.0221946,0.0295796
0.0317868,0.0212805,0.0117934,0.0611032,0.0152877,0.0106403
0.045055,0.0181781,0.0233781,0.110877,0.0288192,0.0479533
0.00684056,0.00516392,0.00350354,0.0122923,0.0043098,0.00326372
0.0128748,0.0084665,0.00431335,0.0174262,0.00584568,0.0041779
0.0238598,0.0153744,0.01336,0.0561407,0.0144953,0.0103807
0.0136277,0.00999292,0.00371522,0.0147059,0.0048787,0.00346577
0.0219463,0.014317,0.00971894,0.0342001,0.00952968,0.0128496
0.0449071,0.0274936,0.0156305,0.0901181,0.0213983,0.0244561
0.016542,0.00987953,0.00869753,0.0429089,0.0135325,0.00877933
0.0238289,0.0143765,0.00736335,0.0302708,0.00753561,0.00753299
0.0262726,0.018009,0.00873949,0.0546492,0.0132154,0.0131757
0.00671074,0.00470229,0.00265724,0.018842,0.00296022,0.00315526
0.0201316,0.0136154,0.00884771,0.025468,0.00864682,0.0117977
0.018401,0.012721,0.00769235,0.0396985,0.00803878,0.00826104
0.0270564,0.0181295,0.0113619,0.0383747,0.011146,0.0122709
0.0104577,0.00692211,0.00374058,0.0140245,0.00369667,0.00471455
0.0459296,0.0176907,0.0202605,0.0757945,0.0207247,0.0672591
0.039339,0.025397,0.012102,0.0721531,0.019303,0.0200313
0.0159377,0.0103789,0.00445833,0.0327676,0.00974982,0.00696192
0.0143105,0.00946954,0.00648139,0.0249177,0.0069652,0.00310044
0.00733618,0.0050302,0.0015596,0.0207559,0.00495046,0.0139341
0.00761399,0.00534608,0.00251328,0.023798,0.00643583,0.00410426
0.0231679,0.01553,0.00812251,0.0277109,0.00722314,0.0125027
0.0282434,0.0184418,0.0147367,0.0498143,0.0133699,0.012342
0.0124209,0.0086579,0.00260062,0.0270032,0.0084352,0.00692268
0.0612012,0.0356077,0.0185783,0.056192,0.012512,0.0293579
0.0224892,0.0149529,0.00634256,0.0310407,0.00726951,0.00591368
0.00456188,0.00338796,0.00271903,0.0172218,0.00418939,0.00150298
0.0279137,0.0166568,0.00974023,0.0316666,0.0101936,0.02491
0.0209531,0.0112772,0.00777268,0.0102963,0.00342594,0.0119792
0.0124832,0.00858787,0.00576513,0.0404387,0.0112088,0.00910876
0.0320892,0.0210506,0.0111869,0.039087,0.00915398,0.0195323
0.0105304,0.00691863,0.00438921,0.0377411,0.00756528,0.0023648
0.0115152,0.00795399,0.00354815,0.027258,0.00580548,0.00828133
0.0650021,0.0264511,0.0336231,0.102256,0.0269479,0.0413306
0.0681882,0.0264989,0.0344088,0.100725,0.0263128,0.0402676
0.00596012,0.00385728,0.0017708,0.0151533,0.00381604,0.00185657
0.00730029,0.00514187,0.00196511,0.0122566,0.00447356,0.026892
0.0387055,0.0215629,0.0110317,0.0616476,0.0154034,0.0257464
0.0292766,0.0195946,0.011764,0.0690404,0.019696,0.0245808
0.0321623,0.0210981,0.0118827,0.0389421,0.0100726,0.0209545
0.0327865,0.0208786,0.020539,0.102147,0.0265701,0.0436292
0.0305297,0.0158236,0.0172167,0.0854877,0.0226544,0.0192398
0.0296023,0.0198156,0.00892818,0.0360728,0.0106544,0.022136
0.0151994,0.00980425,0.00621432,0.0255581,0.0063821,0.0207133
0.00715799,0.00472092,0.00289566,0.0125524,0.00303223,0.00211411
0.00780689,0.0052686,0.00258894,0.0184823,0.00522812,0.00773366
0.0132309,0.00878515,0.010913,0.0443482,0.0121234,0.00628191
0.0342572,0.0217656,0.00762124,0.0596052,0.0159506,0.00633577
0.025644,0.0166348,0.00626896,0.0400287,0.0105112,0.00777919
0.0122491,0.00683937,0.00671046,0.0578449,0.0151672,0.0095944
0.0303263,0.0191239,0.00948395,0.0413896,0.0113521,0.0059163
0.0202932,0.0140367,0.00786919,0.0283466,0.00851157,0.00783991
0.00830897,0.00572896,0.00235936,0.0204096,0.0051189,0.00478007
0.00990647,0.00680855,0.00417843,0.023963,0.00545258,0.00875684
0.0178675,0.0116314,0.0282506,0.10808,0.0312231,0.0459437
0.0047135,0.00310735,0.00226568,0.0147226,0.00456437,0.0153397
0.0128076,0.0090625,0.00289614,0.0265333,0.00545093,0.00504886
0.0151733,0.010105,0.0057611,0.0291952,0.00654519,0.00411761
0.0196323,0.0130033,0.0126178,0.0783951,0.0191395,0.0125073
0.031892,0.0209757,0.0342797,0.102132,0.0271857,0.0536124
0.0338156,0.0153693,0.0224542,0.10847,0.0308766,0.0303885
0.0332325,0.015316,0.0215787,0.0948357,0.0231555,0.0275209
0.0112766,0.00749751,0.00551764,0.0135426,0.00455692,0.00239121
0.0116573,0.00781687,0.00614694,0.0509455,0.0133771,0.0331862
0.0239717,0.00961468,0.012779,0.0465428,0.0120822,0.0177938
0.0309501,0.0155828,0.0166013,0.0482365,0.0115591,0.0156334
0.0353528,0.0218256,0.0182514,0.0537029,0.0146819,0.0180402
0.0452519,0.0286476,0.0109392,0.0618446,0.0180792,0.0243394
0.0246329,0.0166339,0.0150511,0.0719656,0.0187837,0.0443975
0.0416683,0.0255557,0.0115155,0.0606581,0.0151038,0.0219423
0.0183175,0.0127587,0.014488,0.0461716,0.0114286,0.0122366
0.00909896,0.00598145,0.0024155,0.0346265,0.0112872,0.0208621
0.0202253,0.0131929,0.00770893,0.0304458,0.00755865,0.00432163
0.0192843,0.0104752,0.0121372,0.0413139,0.0113689,0.0119231
0.0305064,0.0183053,0.0125548,0.069134,0.018475,0.0254476
0.0304867,0.0200992,0.00992605,0.0439646,0.0114854,0.0170125
0.0190187,0.0130036,0.0159154,0.0651764,0.0158154,0.00873402
0.0449465,0.0287878,0.0151707,0.0620816,0.0162237,0.0191459
0.0108303,0.00718217,0.00476836,0.0168447,0.00536814,0.00833971
0.00567107,0.00399983,0.00653933,0.0234798,0.00668274,0.00248427
0.0079991,0.00547511,0.00186787,0.017044,0.00496979,0.00440042
0.0123836,0.00810659,0.0328632,0.13456,0.0358993,0.0367121
0.0226045,0.015296,0.00874022,0.0281349,0.00787119,0.0120853
0.0162451,0.011138,0.00463394,0.0131839,0.00491883,0.00913652
0.0466281,0.027031,0.043936,0.180857,0.0480514,0.0525117
0.0150051,0.0102929,0.00538758,0.0245397,0.00741831,0.0117808
0.00724857,0.00502032,0.00306857,0.0167488,0.00437832,0.00680742
0.0113877,0.00786655,0.00388446,0.0131843,0.00370442,0.0124695
0.00478864,0.00324337,0.00685213,0.0177737,0.0049422,0.00117705
0.00781802,0.00525761,0.0026251,0.0158474,0.00483399,0.00572163
0.0121931,0.00804318,0.00431585,0.0259749,0.00754555,0.00809341
0.0281376,0.0180924,0.0199085,0.0914746,0.0250449,0.0153867
0.00602641,0.0040154,0.00171395,0.0148879,0.0036882,0.0074459
0.00795459,0.00562082,0.00328633,0.0153832,0.0048397,0.00549725
0.0125979,0.00828436,0.0191626,0.0635986,0.0179788,0.0155911
0.00500721,0.0038042,0.00233306,0.00900153,0.00232837,0.0028183
0.00467116,0.00352416,0.00189025,0.011776,0.00287736,0.00119922
0.0529168,0.0326732,0.0230092,0.0670544,0.0178929,0.030424
0.0135864,0.00924028,0.00469712,0.0222391,0.00594322,0.00396968
0.0304055,0.0202081,0.0094261,0.0299259,0.00816626,0.0157942
0.0499075,0.0299517,0.0363516,0.12239,0.0322489,0.036856
0.0149561,0.0100919,0.00582161,0.00574253,0.00159605,0.00389548
0.0134316,0.00937172,0.00460821,0.0275254,0.00573839,0.00952326
0.0114151,0.00773867,0.00492723,0.016294,0.0037497,0.00736317
0.0350381,0.020946,0.0126505,0.0657256,0.0142986,0.0167192
0.015971,0.0106332,0.00881382,0.053262,0.0142269,0.0295562
0.00488203,0.00329187,0.00292434,0.0075997,0.00330577,0.00573968
0.015838,0.0107054,0.00540004,0.0309511,0.00658895,0.0133813
0.025812,0.0169875,0.00718867,0.0485098,0.0124845,0.0158321
0.0147392,0.0100545,0.00344678,0.0355954,0.0102126,0.0097547
0.034361,0.0226823,0.0151297,0.0442139,0.0140997,0.0399214
0.0113109,0.00785459,0.00611178,0.0240748,0.00701304,0.00235741
0.00822132,0.005563,0.00402289,0.0187024,0.00330199,0.00328484
0.00702029,0.00482363,0.00467364,0.0103202,0.00474621,0.00327731
0.0139335,0.00961838,0.0116905,0.0360209,0.00865843,0.00440468
0.0101725,0.00712015,0.00407081,0.0216571,0.00663345,0.0114581
0.0231717,0.0154457,0.00881687,0.0325792,0.00800956,0.0202928
0.00749076,0.00494087,0.00728228,0.0316669,0.00878854,0.0141246
0.0202372,0.013797,0.0118752,0.0295797,0.00916291,0.00502594
0.00821931,0.00581346,0.00416239,0.0017546,0.000728359,0.00296087
0.0359142,0.0217565,0.0119145,0.0546717,0.0142316,0.0167043
0.00673544,0.00508366,0.00317258,0.00729929,0.00246816,0.00393098
0.00920812,0.00640099,0.00343361,0.0159816,0.00408833,0.00445055
0.0554871,0.0285714,0.0622595,0.22944,0.0563157,0.077665
0.0205798,0.0132752,0.014683,0.0091659,0.0027626,0.0346018
0.0119527,0.00853623,0.00358106,0.0169901,0.00403354,0.00461869
0.0394815,0.0246421,0.0259699,0.0846951,0.0225349,0.0213597
0.013665,0.00918869,0.00374745,0.0279358,0.00617778,0.00546831
0.0186032,0.0130475,0.0139352,0.0510624,0.0140642,0.010993
0.00799115,0.00534984,0.00230498,0.0312109,0.00960838,0.0175553
0.0201681,0.0139718,0.0131839,0.0413796,0.0110634,0.0321402
0.0114786,0.00777132,0.00406134,0.0159623,0.004093,0.0100452
0.00942905,0.006451,0.00419127,0.0176313,0.00537733,0.00225809
0.0286748,0.018704,0.027528,0.0920802,0.0235831,0.0399651
0.00880503,0.00597312,0.00317794,0.00968065,0.00306366,0.000698315
0.0168116,0.011766,0.0065158,0.017209,0.00533466,0.0127414
0.00653196,0.00427355,0.00724274,0.0271133,0.00689348,0.00731037
0.0559103,0.0307663,0.0332567,0.119407,0.031385,0.0448628
0.0124054,0.00857415,0.00522982,0.0224477,0.00852636,0.0113228
0.031562,0.020613,0.0117495,0.0464524,0.0116613,0.0124918
0.0379636,0.0250515,0.0246738,0.0964324,0.0259401,0.0633915
0.0124591,0.00862003,0.00489078,0.0156438,0.00433108,0.00100719
0.0179921,0.0122033,0.00515534,0.0294099,0.00756375,0.00947463
0.0124585,0.00830959,0.00505963,0.0246474,0.00530831,0.00374956
0.00812646,0.00564798,0.00239499,0.026388,0.00501967,0.00588151
0.00530855,0.00373774,0.00249484,0.0108831,0.0027978,0.00730619
0.00440131,0.00326074,0.0020635,0.00832029,0.00196684,0.000539587
0.0126454,0.0084865,0.00364295,0.0200333,0.00529514,0.00576063
0.0108585,0.00711664,0.00412246,0.0113404,0.0038442,0.00691498
0.0612441,0.0323953,0.0449806,0.174691,0.0462789,0.0682466
0.00830918,0.00550295,0.00227443,0.0187126,0.00410172,0.00890629
0.0175092,0.0114246,0.0180628,0.0787323,0.0220764,0.0371518
0.00822917,0.00549241,0.00348894,0.0098211,0.00326312,0.00284407
0.0146941,0.00999013,0.00930527,0.042028,0.0111244,0.009198
0.0052239,0.00357066,0.00217132,0.0178069,0.00340965,0.00152918
0.0256603,0.0157007,0.0131701,0.0882235,0.0237279,0.0180182
0.0244274,0.0160202,0.0155757,0.0759429,0.0217606,0.0389469
0.00891615,0.00622419,0.00237685,0.0149453,0.00278334,0.00331554
0.0170128,0.00773467,0.00726669,0.0305876,0.0101914,0.0153746
0.0394154,0.0259886,0.0143525,0.053392,0.0128597,0.0222053
0.0240055,0.00913639,0.0126353,0.047031,0.0125204,0.0149134
0.0254669,0.013938,0.010881,0.0337024,0.00844903,0.0100198
0.00616569,0.00449502,0.00268546,0.00757314,0.00437637,0.00147861
0.0122758,0.00829737,0.00436495,0.0231042,0.00755155,0.0108248
0.0119395,0.00775753,0.00426479,0.0363163,0.0102903,0.0139882
0.00480405,0.0032348,0.00207659,0.00900899,0.00380918,0.00190134
0.0174402,0.0116427,0.00541981,0.00487387,0.00112025,0.00755383
0.030576,0.0187872,0.00675028,0.05094,0.0151596,0.0283588
0.0174429,0.0117194,0.00467688,0.0284765,0.00647546,0.0134659
0.0250098,0.0165275,0.00759954,0.0344092,0.0102584,0.0190345
0.00739831,0.00522422,0.00215916,0.022424,0.00842251,0.0155662
0.0129787,0.00934352,0.00588373,0.0196268,0.00887446,0.00261581
0.0300414,0.020417,0.0098945,0.0416717,0.00890821,0.0106944
0.0579368,0.029848,0.0214527,0.0734104,0.0191268,0.0237404
0.0263377,0.0169298,0.0150643,0.0592376,0.016051,0.0106605
0.016642,0.0114575,0.0053132,0.0214761,0.00675925,0.0011404
0.013539,0.00907529,0.00412947,0.0236052,0.00572155,0.00575381
0.0302176,0.0189074,0.0104917,0.0575028,0.0156321,0.018977
0.0216017,0.0140725,0.0125645,0.0510885,0.015667,0.0205629
0.00463552,0.00308466,0.012833,0.0704243,0.0187731,0.0225736
0.0148898,0.0100584,0.00647221,0.0254477,0.00717845,0.0029515
0.0130356,0.00733681,0.00535908,0.0422166,0.0112872,0.0205915
0.0056786,0.00417185,0.00236082,0.0124663,0.00281281,0.00480561
0.0107122,0.00737566,0.00329344,0.018605,0.00565662,0.00888781
0.00886995,0.00600724,0.00351817,0.0174519,0.00487864,0.00392976
0.0433982,0.029235,0.0189797,0.0677205,0.0197806,0.0555253
0.0225536,0.0143441,0.0117313,0.0586826,0.0162559,0.0198872
0.0134166,0.00651701,0.00654216,0.0249854,0.00752457,0.015151
0.0259687,0.0159171,0.0106998,0.0670293,0.0175002,0.0161299
0.0239854,0.00994579,0.0140941,0.0500763,0.0163933,0.0107826
0.024454,0.0158969,0.0288568,0.132134,0.0345457,0.0313376
0.0302741,0.0195346,0.0127589,0.0755045,0.0185502,0.0260148
0.00663094,0.0048079,0.00315238,0.0161667,0.00509987,0.000581484
0.0125031,0.00879768,0.008734,0.0458149,0.011691,0.0137806
0.020002,0.0135629,0.00635255,0.0332319,0.00762,0.0110738
0.00941555,0.00655789,0.00448393,0.014976,0.0043189,0.00343219
0.0193456,0.0128251,0.00615769,0.0348112,0.0100777,0.0067767
0.0092593,0.00658549,0.00288798,0.0121807,0.00278242,0.00169673
0.00685639,0.0045821,0.00318034,0.0157332,0.00494264,0.00283833
0.0228664,0.0147028,0.0085763,0.0369231,0.00865589,0.0125881
0.0302599,0.0197059,0.0121966,0.0433741,0.0144477,0.0166729
0.00974884,0.00716207,0.00513317,0.0201631,0.00580981,0.00216319
0.032381,0.0196481,0.0131569,0.0385912,0.00876704,0.0130801
0.0216802,0.0146204,0.00814204,0.031627,0.0103135,0.0189148
0.0188386,0.0127164,0.00640724,0.0372538,0.00978701,0.00830641
0.0311998,0.0206679,0.0119038,0.0463749,0.0122345,0.0171642
0.00599502,0.00399929,0.00236257,0.0119377,0.00341721,0.0080989
0.0198546,0.0137342,0.00745691,0.0278234,0.00777205,0.00522709
0.0182088,0.00945687,0.00622615,0.0530069,0.0150714,0.0166876
0.0194425,0.0127704,0.00942053,0.0294434,0.00714981,0.0125924
0.0307563,0.0192274,0.00905126,0.0473553,0.0117335,0.0127903
0.0241018,0.0169977,0.00737252,0.0373182,0.00781016,0.0065429
0.0131375,0.00913561,0.00447128,0.0238833,0.00464331,0.00605533
0.0107368,0.00752499,0.00408337,0.0254888,0.00675325,0.0202939
0.0308061,0.0205634,0.0106205,0.0430327,0.0119877,0.00951421
0.00471426,0.00323516,0.00205402,0.0186336,0.00438967,-0.000429916
0.0163883,0.0114399,0.0070986,0.0221527,0.00597459,0.00833355
0.0386471,0.0165678,0.0441728,0.155375,0.0442701,0.0534629
0.0361954,0.0149375,0.0279839,0.121824,0.0313656,0.0580109
0.0280218,0.0198796,0.0119718,0.0669228,0.0192669,0.0203237
0.0318373,0.0190158,0.0114288,0.0533164,0.0175394,0.0282726
0.0229291,0.00968232,0.0079596,0.0466993,0.010631,0.0143338
0.034616,0.0202061,0.0207663,0.0606076,0.0170674,0.0167719
0.0165091,0.00827541,0.00514924,0.0259082,0.00878482,0.0104535
0.0500986,0.0273821,0.0175491,0.0809653,0.021287,0.0183254
0.0115039,0.00766491,0.00808587,0.0122364,0.00484128,0.00230423
0.00600451,0.00431643,0.00156307,0.0176983,0.00387164,0.00914674
0.0285095,0.0190087,0.0114249,0.0736494,0.0214903,0.0112157
0.0174851,0.011453,0.0175361,0.0697258,0.0153126,0.0155479
0.0641216,0.0359002,0.0214053,0.100986,0.0280033,0.0350361
0.028635,0.0190569,0.0130097,0.0557157,0.016166,0.016795
0.00555688,0.00387117,0.00196438,0.0143057,0.00394841,0.00220081
0.00813625,0.0051056,0.00407288,0.0173708,0.00352613,0.00295779
0.0111262,0.0073511,0.00311735,0.0145444,0.00352512,0.00259026
0.0197294,0.0137928,0.00648589,0.0211675,0.00510348,0.0119869
0.0460718,0.0295747,0.01703,0.0988509,0.0270113,0.0623084
0.0164398,0.0114961,0.00455811,0.0299131,0.00917874,0.00597618
0.0132087,0.00883703,0.00452672,0.0171017,0.0035433,0.0038067
0.0219825,0.0145961,0.0217185,0.0972763,0.0271332,0.0469499
0.0156785,0.0112691,0.0058965,0.0284186,0.00840666,0.0184328
0.00604026,0.00431068,0.00385439,0.0159652,0.00398099,0.00653914
0.0151028,0.0100864,0.00479517,0.0321658,0.00743855,0.00573534
0.00701997,0.00460442,0.00263232,0.0142538,0.00216796,0.00526257
0.0467169,0.025436,0.0277471,0.100312,0.0255125,0.0456576
0.0548113,0.0314597,0.0395199,0.145874,0.0397421,0.0681302
0.00996321,0.0070879,0.00338053,0.022359,0.00593151,0.0029959
0.0121432,0.0079117,0.00392519,0.0205534,0.00363339,0.0127405
0.0275996,0.0179995,0.0353769,0.112128,0.0301318,0.0256834
0.0111556,0.00777739,0.00466917,0.0195375,0.00481447,0.00724646
0.0324272,0.0208962,0.0165172,0.06501,0.0185515,0.0355288
0.00498407,0.00332446,0.00203312,0.00164246,0.000138531,0.00197261
0.0212349,0.014066,0.0083027,0.0353211,0.00886076,0.00764479
0.0114624,0.0053197,0.00817779,0.0271566,0.00751209,0.00767542
0.00639449,0.00393724,0.00322553,0.0245534,0.0050122,0.00788558
0.0166444,0.0110625,0.00502537,0.0230551,0.00510468,0.00520868
0.00796513,0.00546957,0.00627928,0.021577,0.004474,0.001948
0.0190083,0.00854987,0.00847889,0.0445267,0.0138476,0.0209745
0.0309553,0.0176843,0.0192421,0.0639325,0.0169514,0.0243438
0.00602446,0.00354059,0.0026171,0.0316033,0.0099328,0.0167251
0.0193571,0.0128043,0.0139317,0.107469,0.0305208,0.0374035
0.0166439,0.0107457,0.00548577,0.0272212,0.00604403,0.00499793
0.0254212,0.0163575,0.0111513,0.0414008,0.0102815,0.0180478
0.0356479,0.0235529,0.0167135,0.0776342,0.020369,0.0189848
0.0102591,0.0073736,0.00328496,0.0145047,0.00404164,0.00418819
0.0188929,0.0130195,0.00696814,0.0346974,0.010085,0.00590675
0.0161597,0.010558,0.00418811,0.017418,0.00448397,0.00847333
0.00690801,0.00450477,0.00247251,0.0209394,0.00645692,0.0025057
0.0347948,0.0229171,0.0150276,0.0444039,0.0116865,0.0165859
0.00500104,0.00338428,0.00169245,0.0204901,0.00709766,0.0132253
0.0099857,0.00663607,0.00404075,0.0177343,0.00591198,0.00309275
0.0314829,0.0203854,0.0151639,0.0638241,0.0164827,0.0409703
0.0160723,0.0108033,0.00417344,0.0171235,0.004804,0.0033187
0.0398537,0.0245364,0.0288825,0.141666,0.0400654,0.0236075
0.01624,0.0109668,0.00404162,0.032986,0.0103728,0.00582169
0.0142484,0.00991351,0.00375867,0.0194942,0.00409764,0.00511409
0.0329593,0.0210436,0.0135328,0.0698425,0.017585,0.0188422
0.0327638,0.0205645,0.0219414,0.0973295,0.0241585,0.0380429
0.0155321,0.0109624,0.00653735,0.0263835,0.00789452,0.00914435
0.0297294,0.0192506,0.00791673,0.0428608,0.0103481,0.0101953
0.00559842,0.00365886,0.00271638,0.0174896,0.00385931,0.00556843
0.00931473,0.0062565,0.00310205,0.017506,0.00452438,0.00347927
0.0110039,0.00708939,0.00506664,0.0188853,0.00510948,0.00357453
0.00943505,0.00657314,0.00418022,0.0255606,0.00748094,0.00559305
0.0296863,0.0188917,0.037907,0.128478,0.0362341,0.0711344
0.0155114,0.0105231,0.00550433,0.0165552,0.00398095,0.00560544
0.00978328,0.00673064,0.00266088,0.0184639,0.00472461,0.00326552
0.00588149,0.00426945,0.00175753,0.0161787,0.00431335,0.00611803
0.017338,0.0122756,0.00525539,0.0366827,0.00985408,0.0138806
0.0098171,0.00632032,0.00213061,0.0188329,0.00723972,0.0070637
0.00789106,0.00528904,0.00499173,0.00699069,0.00125478,0.00508051
0.0238735,0.0148579,0.0180402,0.099191,0.0288564,0.0500339
0.0119098,0.00450191,0.00430847,0.0251369,0.00609747,0.011645
0.0153483,0.0104767,0.00646211,0.0299953,0.00855518,0.00554936
0.0179784,0.0121051,0.00773226,0.0446666,0.0114067,0.0121309
0.0151466,0.0103527,0.00529573,0.0263909,0.00601386,0.00416616
0.019471,0.0125336,0.00807066,0.0509066,0.0130633,0.0185183
0.0238151,0.0157229,0.00570517,0.0415652,0.0118053,0.0127836
0.0182968,0.0127559,0.00459406,0.0391659,0.00901826,0.00780941
0.017379,0.0115426,0.00720035,0.0386849,0.012484,0.0178094
0.00862549,0.00616965,0.00301735,0.015005,0.00348488,0.00610155
0.0180956,0.0124291,0.00577048,0.00677906,0.00116097,0.0115493
0.0151842,0.0103976,0.00823903,0.00390197,0.000904328,0.0169099
0.012447,0.00849568,0.00445237,0.0171433,0.00482083,0.00280636
0.021923,0.0147054,0.00906434,0.0608277,0.0160442,0.0123883
0.0155176,0.0102333,0.00484756,0.0304197,0.00656868,0.00943394
0.0213141,0.0131749,0.0162864,0.0895828,0.0234632,0.0268557
0.0239484,0.0153608,0.0273633,0.104217,0.0264366,0.0397596
0.0330964,0.0137512,0.010818,0.0548133,0.0127407,0.00849996
0.0337125,0.0145358,0.0110827,0.0470512,0.00993,0.00673434
0.00494889,0.00339467,0.0021321,0.0144023,0.00422527,0.00298187
0.0260911,0.0182372,0.00862702,0.0203932,0.00639422,0.0105152
0.0103061,0.00714919,0.00399449,0.0145214,0.00542907,0.00593672
0.0293222,0.0189566,0.00808897,0.0432191,0.0113008,0.00819876
0.0277346,0.0176457,0.00827567,0.0432201,0.010284,0.0208523
0.0271163,0.0181403,0.00915793,0.055008,0.0147914,0.015651
0.0194143,0.0133543,0.0083124,0.0124198,0.00340634,0.00832063
0.0360884,0.0230775,0.0112065,0.0508487,0.0116116,0.0186711
0.00861164,0.00602318,0.00456907,0.0229155,0.00582224,0.00363311
0.011574,0.0082949,0.00371734,0.0180832,0.00430811,0.00312211
0.0118227,0.00794194,0.00496349,0.0311528,0.00800219,0.00313769
0.0123861,0.00865727,0.00562149,0.0165316,0.00466418,0.00815448
0.0447265,0.0262724,0.025129,0.0965953,0.0301987,0.0481164
0.024591,0.0165225,0.00985468,0.0465652,0.0110759,0.00895212
0.0147036,0.00994232,0.00493731,0.0214904,0.00403148,0.0116461
0.0223789,0.0148907,0.00750602,0.046112,0.0120754,0.00825463
0.00920319,0.0064752,0.00491001,0.0258585,0.00619612,0.00625982
0.0349124,0.0220947,0.0124877,0.0388365,0.00873099,0.00589271
0.0107373,0.00729754,0.00290496,0.0158527,0.00359445,0.00665649
0.00775168,0.00529047,0.00969409,0.016124,0.00492917,0.00572743
0.0393641,0.025476,0.0122704,0.0444926,0.0104593,0.017741
0.0668967,0.0372639,0.0490752,0.17812,0.044016,0.0848681
0.0360068,0.0225288,0.0123519,0.0616978,0.0146724,0.0199687
0.014598,0.00904676,0.0106031,0.0734901,0.0174912,0.00854793
0.0109999,0.00759474,0.00371583,0.0170261,0.00460739,0.00672442
0.0110704,0.00717066,0.0045135,0.0438436,0.0110095,0.0244387
0.0222849,0.015196,0.00842426,0.0489187,0.0123808,0.011526
0.00870265,0.00610826,0.00372886,0.0171387,0.00431824,0.00456638
0.0424165,0.0239651,0.04299,0.179951,0.0484328,0.0498662
0.0204343,0.00836553,0.0151306,0.0526936,0.0119909,0.0180162
0.00747881,0.00486197,0.0025168,0.0150707,0.00373567,0.00276754
0.020431,0.0134464,0.00586732,0.0322964,0.00838589,0.010647
0.0651468,0.0364256,0.0340211,0.154214,0.0410119,0.0822027
0.0179841,0.0118176,0.00508095,0.0293314,0.00736689,0.00427585
0.0155891,0.0103785,0.0044999,0.0269692,0.00494999,0.0056857
0.016948,0.0113968,0.00610437,0.0200811,0.00582218,0.00569575
0.0127933,0.0086555,0.0065786,0.039315,0.00998021,0.0146281
0.0108574,0.00751442,0.0035303,0.0101502,0.00328472,0.00489065
0.0263076,0.017611,0.00739819,0.0349925,0.00895334,0.00819948
0.0419806,0.0260016,0.0135367,0.0527639,0.0141482,0.0235465
0.0259895,0.0167807,0.00797768,0.0369219,0.0102674,0.00631678
0.00912054,0.00620011,0.00304709,0.0305444,0.00859812,0.00438519
0.0165105,0.0106958,0.0152767,0.061804,0.0152706,0.0231994
0.0324079,0.020852,0.0203412,0.0812347,0.0205998,0.0224919
0.027301,0.0174443,0.0112222,0.0555231,0.0151461,0.0135398
0.0135689,0.00917722,0.00398613,0.0308753,0.0086537,0.00443609
0.0108983,0.00744061,0.00245875,0.0228132,0.00645202,0.0132959
0.0282407,0.0186971,0.00713495,0.0362184,0.00930675,0.00343449
0.00516177,0.00343411,0.00173759,0.0102548,0.00180674,0.00891389
0.0257738,0.0164983,0.032716,0.164367,0.0413564,0.0248019
0.0195042,0.0128438,0.00760683,0.0363331,0.00871866,0.00683323
0.0175988,0.0113265,0.00742415,0.0284338,0.00818839,0.00961651
0.0589147,0.0341951,0.0326906,0.116443,0.0268884,0.0395053
0.0191067,0.0128185,0.0104741,0.0452078,0.0120104,0.0240074
0.012745,0.0084197,0.00496188,0.0396225,0.0100671,0.00584143
0.00486803,0.00332725,0.00304894,0.0308135,0.00763212,0.0108992
0.0269948,0.0178938,0.012085,0.0283976,0.00784795,0.00577643
0.0382601,0.0248729,0.0385538,0.146595,0.0378888,0.0430592
0.0259145,0.0169594,0.00854173,0.02458,0.00618452,0.00471855
0.00687067,0.00457958,0.00281081,0.0146397,0.00226724,0.00327432
0.0434449,0.0269862,0.0175923,0.0825458,0.0216812,0.0201727
0.0344225,0.0213563,0.0232741,0.0868991,0.0210211,0.0242165
0.0216121,0.0140882,0.00592912,0.0471918,0.0121207,0.00702952
0.0236854,0.0157425,0.00697202,0.035406,0.00871623,0.00851283
0.0107972,0.00777408,0.00320297,0.018028,0.0038703,0.00514342
0.0200817,0.0141377,0.0104364,0.0319403,0.00803845,0.00827227
0.0240594,0.0159527,0.00538643,0.0242649,0.00676554,0.0083592
0.0185378,0.0124464,0.00605555,0.0231471,0.0054466,0.0117577
0.0169671,0.0111164,0.00602692,0.0253461,0.0076794,0.0141685
0.00839875,0.00544139,0.00215984,0.0203723,0.00423511,0.00381127
0.0198529,0.0123496,0.015009,0.0596319,0.0146421,0.0160028
0.0566367,0.026478,0.038081,0.113021,0.0314825,0.0245438
0.0198257,0.0127545,0.00974889,0.0384738,0.0105812,0.0217889
0.0363607,0.0163525,0.0275038,0.0906908,0.0232793,0.0262791
0.0362325,0.0204971,0.0158468,0.0723079,0.0220921,0.0160344
0.0419952,0.0214732,0.0189253,0.0723068,0.0206698,0.014032
0.00765444,0.00502747,0.00350397,0.0162378,0.00359127,0.00196245
0.0138041,0.00947235,0.010319,0.059246,0.0145541,0.00786997
0.0359615,0.0235437,0.0103943,0.0405721,0.0115357,0.0061031
0.00669442,0.00479011,0.00297367,0.0117521,0.00292475,0.00371191
0.0185009,0.012138,0.0127688,0.0824687,0.0220599,0.0133472
0.0160722,0.010857,0.00516017,0.0212263,0.00460574,0.0115448
0.0312897,0.0208883,0.0152264,0.0702286,0.0211923,0.0191676
0.0137746,0.00960246,0.00535969,0.0125778,0.00372762,0.00563205
0.00882994,0.00616226,0.00310262,0.0144192,0.00406258,0.00333581
0.00560871,0.00375363,0.00237728,0.00889099,0.00470483,0.00472035
0.0329833,0.0218688,0.0123892,0.0499653,0.0126635,0.0125055
0.0198855,0.0132953,0.01037,0.0479502,0.0110859,0.0135782
0.0324826,0.012648,0.00818814,0.0496512,0.0126437,0.0246384
0.00857947,0.00595303,0.00371948,0.0149836,0.00440397,0.00369909
0.0235723,0.015382,0.00992048,0.0290258,0.00670533,0.0120888
0.0215131,0.0149809,0.0307552,0.0638584,0.0148418,0.0127259
0.0113681,0.00794726,0.00658763,0.00649191,0.000669451,0.00803518
0.0246555,0.0161972,0.0211564,0.105203,0.025976,0.0263662
0.00875324,0.00627111,0.00324661,0.0124445,0.00403217,0.0116992
0.00546912,0.00333686,0.00128206,0.0171127,0.00610588,0.00845075
0.0122576,0.00827439,0.00249614,0.0281658,0.00584116,0.010296
0.0205069,0.0125431,0.0121207,0.0780602,0.0210193,0.0256176
0.0358192,0.0226346,0.00893025,0.05897,0.0126941,0.0186447
0.0183173,0.0123406,0.0049758,0.0219015,0.00634465,0.0098509
0.00489673,0.00348351,0.00275584,0.0415163,0.0117538,0.0166539
0.00671698,0.00470286,0.00480918,0.0244208,0.00588359,0.00463724
0.0147766,0.00992879,0.00517869,0.0462249,0.0135758,0.006698
0.00890086,0.00614985,0.0111124,0.0341733,0.00946442,0.00732569
0.0101101,0.00667742,0.00448185,0.0118349,0.0033498,0.00276148
0.00685645,0.00494283,0.00252154,0.00952714,0.00371165,0.00274301
0.00985057,0.00670591,0.00272034,0.017073,0.00461572,0.00301664
0.0114942,0.00810918,0.00380426,0.026203,0.00668995,0.00401694
0.0126393,0.00879906,0.00505259,0.0212714,0.00521697,0.00931741
0.00648322,0.00420139,0.00198218,0.0224529,0.00673762,0.0155647
0.0164711,0.0110553,0.0076456,0.0297219,0.00800596,0.0101065
0.0162349,0.0108305,0.00456103,0.0264531,0.006133,0.00659002
0.00715816,0.00496043,0.00389504,0.0126783,0.00544171,0.00330652
0.0128573,0.00844839,0.00437641,0.0360232,0.0086553,0.00903156
0.00867857,0.00603333,0.00173129,0.0158985,0.00457687,0.00327248
0.0287498,0.0192848,0.0086233,0.0365919,0.00902262,0.00966698
0.0087587,0.00602704,0.00309911,0.00890816,0.0024677,0.00476379
0.0259187,0.0173129,0.00928506,0.0444001,0.0106884,0.00740896
0.0594824,0.0343008,0.0326362,0.108426,0.0294541,0.0321641
0.0241391,0.0157744,0.0330952,0.132944,0.0345253,0.0734037
0.0063568,0.00458687,0.00112124,0.0179383,0.00355899,0.00640785
0.0121057,0.00854247,0.00316188,0.0246387,0.00641089,0.00309521
0.0231037,0.0141517,0.0194331,0.10071,0.0225094,0.0127644
0.0532223,0.0289758,0.0206927,0.0926305,0.0266363,0.0354852
0.044946,0.0200407,0.0119014,0.0548258,0.0116734,0.0106977
0.00611736,0.00406625,0.00208539,0.0151426,0.00463816,0.00363925
0.0109503,0.00728397,0.00198298,0.0297468,0.0079483,0.0166616
0.0752936,0.0286885,0.0343003,0.216308,0.0534942,0.0342314
0.0249212,0.0161833,0.00687361,0.0322512,0.00883179,0.0168869
0.00805207,0.00577238,0.00314073,0.0204783,0.00485928,0.00583351
0.0243013,0.016192,0.0136484,0.0556844,0.014934,0.0124977
0.0153181,0.0106405,0.00805015,0.0720842,0.0153741,0.0104043
0.00711376,0.00484654,0.00347213,0.0168172,0.00560775,0.0125624
0.0155744,0.0102394,0.00658,0.0226011,0.00602692,0.00487188
0.0160223,0.0108461,0.0111418,0.0608127,0.0162936,0.0145765
0.0340295,0.0226958,0.00947903,0.0472478,0.0130771,0.0141409
0.0212158,0.0139074,0.00739982,0.0501634,0.0135426,0.014106
0.0307436,0.0199019,0.0116526,0.0385,0.0098013,0.0105316
0.0537234,0.0338167,0.0213814,0.0682535,0.0195695,0.0687198
0.0215221,0.0105748,0.00699114,0.0322493,0.00747832,0.00800279
0.00690363,0.00490112,0.00472527,0.0150166,0.00267092,0.00396371
0.0088273,0.00572498,0.011318,0.0392255,0.0125245,0.0271068
0.00490783,0.00329444,0.00326735,0.0133772,0.00349482,0.00229809
0.0135719,0.00614536,0.00582081,0.031531,0.00823704,0.00733553
0.0132372,0.00623905,0.00583259,0.0297855,0.00817862,0.00588506
0.0313754,0.0209403,0.0163042,0.0620237,0.0175355,0.012989
0.0232355,0.015244,0.0215333,0.102811,0.0276939,0.0260774
0.0129538,0.00875405,0.00362998,0.0197453,0.00502004,0.00313436
0.0141279,0.00930589,0.00506466,0.0278758,0.00632646,0.00305595
0.0234755,0.0153276,0.00636374,0.0261154,0.00731042,0.00729292
0.017244,0.012022,0.00560645,0.0229772,0.00469242,0.0168408
0.0101513,0.00584511,0.0042469,0.0167426,0.00422931,0.0107192
0.0168087,0.0110032,0.00595286,0.0258374,0.00418617,0.0211136
0.0216928,0.0143016,0.00574174,0.0325155,0.0092153,0.00928981
0.0171376,0.0113858,0.00646764,0.0345591,0.00716449,0.00577801
0.00771982,0.00578884,0.00177334,0.0207437,0.00436116,0.00331021
0.0390231,0.0227085,0.0149821,0.060013,0.0152137,0.00778941
0.0107384,0.00779661,0.0026198,0.0170997,0.00537373,0.0106972
0.0187428,0.0110882,0.00578889,0.0420743,0.0104023,0.0115753
0.0054889,0.00388012,0.00234354,0.017314,0.00334651,0.000785783
0.012198,0.00812494,0.00418574,0.0151573,0.00410259,0.00677806
0.025212,0.0165394,0.00708808,0.0445231,0.0109866,0.00340612
0.00775139,0.00535026,0.00283605,0.0132753,0.00401114,0.0120465
0.038166,0.0205258,0.0313422,0.122354,0.0326064,0.0663576
0.0144314,0.0100428,0.00432886,0.0335979,0.00871966,0.0219934
0.0166037,0.0112712,0.00730468,0.0519654,0.0143181,0.012705
0.00707024,0.00476828,0.00186969,-0.000185857,0.000929348,0.00255607
0.00635069,0.00471996,0.00330514,0.0151193,0.00520533,0.00614353
0.0404853,0.0241105,0.0177687,0.0954811,0.0271484,0.0379413
0.028638,0.0103397,0.00937931,0.0411321,0.0104069,0.0119683
0.020744,0.0127839,0.0142296,0.0106279,0.00297742,0.0208555
0.0334936,0.0217314,0.00935183,0.0360938,0.00802435,0.0109167
0.0244325,0.0159979,0.0102963,0.0457274,0.0134706,0.0161333
0.0180793,0.0125163,0.0044602,0.0377297,0.00783283,0.0113964
0.00883316,0.00489465,0.00413301,0.0177811,0.00521244,0.00537894
0.00853465,0.00458553,0.00379139,0.00231263,0.0006483,0.00644585
0.0109146,0.00719875,0.0159454,0.0670309,0.0182376,0.0214311
0.0183242,0.0125786,0.00246185,0.0316774,0.00840543,0.0144506
0.00565077,0.00380339,0.00400713,0.0148648,0.00650038,0.00336882
0.00977056,0.00665572,0.00397999,0.0149861,0.00447684,0.011662
0.0191978,0.0125306,0.00895898,0.0465944,0.0121902,0.00984131
0.0291254,0.0196809,0.0168719,0.084417,0.0242056,0.0396646
0.0369382,0.0228814,0.0355608,0.156614,0.0368454,0.0919999
0.0376817,0.0234171,0.0127867,0.0544214,0.013036,0.0250251
0.0203379,0.0136022,0.00342923,0.0446997,0.00988508,0.00751844
0.0139332,0.00957629,0.00596096,0.0181551,0.00572079,0.00925381
0.0334748,0.0224573,0.0113318,0.0487526,0.0108122,0.0179722
0.0153432,0.0110772,0.00487353,0.0213866,0.00594238,0.00568728
0.0365154,0.0226979,0.0188226,0.125148,0.0312177,0.016999
0.0318716,0.0200799,0.0137737,0.0543826,0.0136627,0.0145355
0.0544486,0.0329051,0.0152248,0.0547713,0.0135969,0.0285745
0.0252273,0.0174376,0.0095817,0.0302958,0.00742137,0.0140717
0.0149351,0.00988378,0.0043445,0.0280994,0.00591542,0.015348
0.0105327,0.0058955,0.00474054,0.0321755,0.00958621,0.00376068
0.0225482,0.0134108,0.00761576,0.0334101,0.00711508,0.00861884
0.0107197,0.00743087,0.00495747,0.0282932,0.00704158,0.0033232
0.0249918,0.0165442,0.0133352,0.0332154,0.00789982,0.00933792
0.0107354,0.00701902,0.00470272,0.0192993,0.00518375,0.00703607
0.0189971,0.0128643,0.00530876,0.0275193,0.00600491,0.00718376
0.0137296,0.00980889,0.0052825,0.0183985,0.00536195,0.00583361
0.0271041,0.0138898,0.0197434,0.071443,0.0216704,0.0209536
0.0159464,0.0104391,0.00677845,0.0465389,0.0121546,0.0121607
0.010519,0.00728425,0.00220316,0.0175055,0.00525855,0.00352496
0.0253786,0.0159702,0.0157744,0.0948272,0.0235211,0.0169973
0.0180379,0.0121878,0.00409839,0.0382826,0.00971191,0.0182015
0.0130842,0.00905622,0.00329937,0.0225184,0.00628091,0.00644981
0.00732194,0.00530835,0.00396205,0.00215246,0.000634877,0.00449445
0.0116748,0.00752972,0.00975618,0.0316581,0.00633011,0.00856215
0.0188572,0.0128625,0.00519639,0.0177193,0.00460449,0.0041983
0.00621316,0.00419634,0.00432517,0.0102789,0.00330307,0.00375293
0.0130392,0.00892909,0.00452865,0.0217635,0.00413564,0.00499513
0.0112218,0.0075548,0.00371199,0.0147113,0.00377828,0.00384509
0.00714331,0.00517074,0.00171619,0.0108858,0.00425106,0.000715198
0.0259483,0.0166861,0.0158885,0.083375,0.0206153,0.0153525
0.0150521,0.00987224,0.0104771,0.053473,0.0132394,0.0145432
0.0153376,0.0102711,0.0216161,0.114008,0.0281753,0.0478153
0.00817659,0.00594844,0.00228175,0.013747,0.00343216,0.00567446
0.0483396,0.0305141,0.0178249,0.0689859,0.0171479,0.0164278
0.0325872,0.0208685,0.0120493,0.0562346,0.0162357,0.024832
0.0247828,0.0167674,0.0149771,0.0621611,0.0175549,0.0145986
0.0253633,0.0165984,0.00688069,0.0457593,0.00932673,0.0136285
0.00687388,0.00493828,0.00332348,0.0120317,0.00248612,0.00471725
0.013414,0.00891198,0.00486153,0.0167678,0.00395582,0.00206361
0.00881549,0.00602211,0.00401048,0.0143079,0.00286706,0.00611523
0.0176852,0.0118114,0.00625488,0.0323513,0.00914263,0.00945153
0.00745652,0.00558865,0.00408653,0.017937,0.00416883,0.0107262
0.0330171,0.0203202,0.010603,0.0711461,0.0221245,0.0254593
0.0149034,0.00711464,0.0110115,0.0677552,0.0165821,0.0117126
0.0203008,0.0138114,0.00455523,0.0278147,0.00740097,0.00382667
0.0207306,0.0117141,0.0086897,0.0338085,0.00931817,0.0173705
0.0209729,0.0139016,0.00982937,0.045093,0.012544,0.0310712
0.0100215,0.00685104,0.00464425,0.0328833,0.00822647,0.0248945
0.0068455,0.00450675,0.00568276,0.0113538,0.00350954,0.00240435
0.0121738,0.00820138,0.00474423,0.0354115,0.0111841,0.00362023
0.0303425,0.0201165,0.00798446,0.0337079,0.00897876,0.0127305
0.0173595,0.0117015,0.00539533,0.0247069,0.00581007,0.00724154
0.00968653,0.00663776,0.00360507,0.0156254,0.00348818,0.00279671
0.011457,0.0076571,0.00922683,0.063041,0.0164575,0.0128975
0.0192047,0.012417,0.00732522,0.0529831,0.0127867,0.0140148
0.00644869,0.00458956,0.00290849,0.0238149,0.00651081,0.0105816
0.00662469,0.00467306,0.00276625,0.0185803,0.00536933,0.00943463
0.059952,0.0364321,0.0367047,0.133284,0.0352933,0.0328365
0.0148149,0.0102001,0.0107546,0.0707928,0.0184307,0.0237906
0.0136348,0.00948086,0.0058805,0.0200955,0.00708664,0.00308305
0.0244778,0.0164823,0.00903561,0.0362051,0.0097052,0.00519906
0.0406702,0.0268709,0.0188223,0.0821493,0.0215311,0.0292674
0.0286686,0.0190138,0.00985494,0.0347006,0.0118393,0.0101775
0.00858859,0.00617313,0.00373632,0.0128608,0.00392002,0.00341311
0.0130556,0.00916846,0.00952094,0.0368177,0.00901048,0.0089647
0.00942014,0.00686997,0.0033505,0.0247866,0.00780888,0.00611139
0.0275341,0.0185807,0.0123545,0.0630751,0.014833,0.0083151
0.0242149,0.0161943,0.00642251,0.0392116,0.0104959,0.0158686
0.0249589,0.0166065,0.00997952,0.0415403,0.00930966,0.00672551
0.0121995,0.00851228,0.00419188,0.0193562,0.00737902,0.0106865
0.00860817,0.00599729,0.00207181,0.0152035,0.00392234,0.00345435
0.0101605,0.00700493,0.00245236,0.0167234,0.00369716,0.0104774
0.00475977,0.00336526,0.00288701,0.0137894,0.00387345,0.00243106
0.0243349,0.0162789,0.00841417,0.0439956,0.00927094,0.0129796
0.0192408,0.0128314,0.00509986,0.0268572,0.00704111,0.0144999
0.0403958,0.0193127,0.0161838,0.0893003,0.0208593,0.0180906
0.0380534,0.0194337,0.0150787,0.062899,0.0139193,0.0139717
0.0253273,0.0169905,0.0102293,0.0310669,0.00715242,0.00798226
0.00756866,0.0055081,0.00196021,0.0139125,0.00306578,0.00284723
0.0108092,0.00719295,0.00406805,0.00679435,0.000185817,0.00386103
0.0265559,0.0178,0.00736924,0.0401536,0.0103232,0.0245772
0.00583117,0.00431412,0.00374934,0.0145958,0.00341114,0.000902238
0.0355916,0.0214277,0.0187704,0.0732684,0.0199549,0.0302334
0.0166189,0.0113793,0.0115188,0.0720058,0.0194165,0.0139328
0.017607,0.0121244,0.00511214,0.0225231,0.00599129,0.00691167
0.0177387,0.0117984,0.00814279,0.0318651,0.00921453,0.0067516
0.0361645,0.0238728,0.0103557,0.0634393,0.0164351,0.0131542
0.00605337,0.00436573,0.00172438,0.0154572,0.00363642,0.00517876
0.0197232,0.0130803,0.00643401,0.0208308,0.00537709,0.00251738
0.00896731,0.00634083,0.00154233,0.0199162,0.00568381,0.00354198
0.00853994,0.00331899,0.0047479,0.0296178,0.00970772,0.017078
0.0130069,0.00843327,0.0094921,0.0454495,0.0126396,0.0213749
0.0311009,0.0203074,0.0114183,0.052133,0.0113672,0.0106104
0.0174558,0.0121789,0.00559358,0.0278302,0.008016,0.00802075
0.0252696,0.0165942,0.00789404,0.0313741,0.00756187,0.00925144
0.007773,0.00514102,0.00134675,0.0232021,0.00649765,0.00473133
0.0404766,0.0263217,0.0169102,0.0592411,0.0145562,0.0101784
0.0199307,0.0124367,0.00698871,0.0256566,0.00530196,0.00522084
0.0123064,0.00589527,0.00523763,0.0157596,0.00345335,0.00744575
0.0085593,0.00339345,0.00372792,0.00737345,0.000965952,0.0065852
0.0142083,0.0100824,0.00512811,0.0238896,0.00553023,0.016802
0.00741289,0.00526374,0.00326166,0.0180283,0.00434316,0.00684669
0.0066003,0.00473548,0.00188591,0.0175983,0.00445694,0.00605822
0.0108146,0.00720021,0.0040695,0.0277663,0.00624607,0.00611696
0.00737423,0.00541104,0.00289517,0.0255496,0.00552575,0.00771782
0.0165711,0.0108652,0.00454737,0.0384292,0.011006,0.00528746
0.0205343,0.0137242,0.00497397,0.0364967,0.0108526,0.012762
0.0116655,0.00788393,0.00409744,0.0160866,0.00542045,0.00923964
0.00438866,0.00318426,0.00231209,0.0128994,0.00218844,0.00125526
0.0714289,0.0404016,0.0527247,0.157703,0.0412488,0.0551125
0.0226698,0.0157281,0.0158275,0.062485,0.0149511,0.0188765
0.010646,0.00718198,0.00346911,0.0184366,0.00283215,0.00363503
0.0116166,0.00813635,0.0040627,0.0198265,0.00551269,0.00368489
0.0112889,0.00774262,0.00425347,0.0122233,0.00414793,0.00490891
0.0337448,0.0217,0.0167009,0.0785524,0.0202576,0.042445
0.0129102,0.00902926,0.00497009,0.0162198,0.00480001,0.00282127
0.0199741,0.0126476,0.0383848,0.120216,0.0283399,0.0338849
0.0167725,0.011572,0.00490814,0.0224091,0.00525659,0.00309727
0.0102793,0.00710703,0.00317528,0.0238379,0.00476853,0.0014908
0.00595608,0.00409936,0.00284365,0.013985,0.00334894,0.00555689
0.00847457,0.00561287,0.00350487,0.0194954,0.00555002,0.0098929
0.0191763,0.0132515,0.00424086,0.0191354,0.00525271,0.007483
0.00919358,0.00623842,0.00391674,0.017524,0.00276851,0.00375834
0.0118972,0.00771137,0.005417,0.0310366,0.00750094,0.00889698
0.00484967,0.00347996,0.00171608,0.0108958,0.00359456,0.00259525
0.0188659,0.0132621,0.0072483,0.0280716,0.00651642,0.0030802
0.00650184,0.00445065,0.0063582,0.0327532,0.00716657,0.00709427
0.00528981,0.00381661,0.00382021,0.0160022,0.00398489,0.00253066
0.0164846,0.0115091,0.00500966,0.0252358,0.00841651,0.00228959
0.00889302,0.00605272,0.0027342,0.0238229,0.0046783,0.00478977
0.0295463,0.0174412,0.0220773,0.103059,0.0253096,0.0230859
0.0134745,0.00504663,0.0055562,0.0105567,0.00111783,0.00554569
0.0422873,0.0276929,0.0114121,0.0877731,0.0248015,0.0476146
0.0604718,0.0354872,0.0300721,0.122935,0.029346,0.0188263
0.00784419,0.0054845,0.00175771,0.0168224,0.00338961,0.00206558
0.0259785,0.0174189,0.0103721,0.0384539,0.00854703,0.00540766
0.0304708,0.0200724,0.011523,0.0400037,0.00965525,0.0143465
0.015834,0.0104531,0.0060128,0.0114688,0.00173913,0.00827621
0.0204762,0.0129377,0.0104588,0.0329094,0.00787273,0.0112915
0.0300529,0.0191941,0.0106762,0.0412465,0.0111702,0.0349751
0.0177964,0.0101058,0.00752135,0.0410275,0.0145725,0.0221029
0.0239325,0.0140217,0.0286143,0.124114,0.0337173,0.0459534
0.0455293,0.028112,0.0182519,0.0957499,0.0264183,0.0428175
0.0154116,0.0104891,0.00475517,0.0394608,0.0110763,0.00768805
0.0125439,0.00871463,0.00351282,0.0190319,0.00519648,0.0116382
0.0204007,0.0132904,0.007966,0.0351306,0.0078489,0.00949703
0.0176608,0.0122273,0.00977339,0.0365899,0.00941438,0.0144117
0.0275312,0.0159569,0.0141587,0.0815595,0.0198138,0.0409145
0.0163322,0.00851376,0.0063819,0.0287113,0.00799672,0.0182185
0.02904,0.0178089,0.0229374,0.108979,0.0270641,0.0385993
0.00812088,0.00551532,0.00303614,0.0176515,0.0037981,0.00249476
0.0120323,0.00797317,0.00360532,0.00253842,0.000992885,0.0109258
0.0249613,0.0164558,0.00730796,0.0359899,0.00822947,0.00648714
0.0117799,0.00797649,0.00460262,0.0232466,0.00692908,0.0118691
0.0109098,0.00748954,0.0042076,0.0216861,0.00476544,0.00271929
0.0110156,0.00756271,0.00295474,0.0234401,0.00499298,0.00289908
0.00881643,0.00583232,0.0033814,0.0151177,0.00470669,0.00288438
0.0156092,0.00939719,0.00444931,0.0339586,0.0101624,0.0239646
0.0209392,0.0138839,0.00744927,0.021371,0.00562135,0.0144123
0.00645961,0.00485009,0.00253329,0.0235767,0.00536825,0.00673032
0.0146586,0.0101467,0.00556703,0.0229881,0.00627139,0.00311953
0.0324379,0.0134982,0.0179031,0.0739627,0.019469,0.0188772
0.0334891,0.0134527,0.0174582,0.0667854,0.0161939,0.0187701
0.00848649,0.0057909,0.00405906,0.00862777,0.00187087,0.00350899
0.0101401,0.00713628,0.00686687,0.0152059,0.00396275,0.00201423
0.0104041,0.0074721,0.00393852,0.0184246,0.00537496,0.00335337
0.018375,0.0125915,0.0101787,0.0503676,0.013711,0.0083782
0.0332964,0.0215007,0.0108294,0.0481208,0.0104273,0.011787
0.019114,0.0124615,0.00534986,0.034298,0.00695724,0.0065514
0.0390073,0.0252728,0.0117138,0.0483734,0.0113006,0.00691569
0.0129351,0.0085722,0.00238958,0.0224302,0.00605361,0.011115
0.0704408,0.0371267,0.0320492,0.129833,0.0346221,0.0445296
0.0186196,0.0121021,0.00952624,0.0471401,0.0112912,0.0165381
0.0617852,0.030253,0.0210531,0.085382,0.0228837,0.0340214
0.0391356,0.0222714,0.0272208,0.124195,0.0319584,0.034596
0.0234055,0.00841075,0.011287,0.0396298,0.00829165,0.0141355
0.0129354,0.00902633,0.00365959,0.0307373,0.00809468,0.010229
0.0437657,0.0280237,0.0161767,0.0525293,0.0136803,0.0161552
0.0130953,0.00881664,0.00267886,0.0260178,0.00671764,0.0102611
0.00460848,0.00306314,0.00387416,0.0157265,0.0044844,0.00577829
0.00978387,0.00717014,0.00450433,0.0142944,0.00441606,0.00273807
0.0445894,0.0275773,0.0145517,0.0845501,0.0233553,0.0455616
0.00394615,0.00294077,0.00119633,0.010495,0.00212727,0.00180104
0.0354542,0.0219953,0.0184293,0.0754805,0.0179986,0.0326021
0.0440913,0.028846,0.0119539,0.0369966,0.00636664,0.0182483
0.0401843,0.0258215,0.0146808,0.0548418,0.0132778,0.0186417
0.01319,0.00924169,0.00375422,0.0226781,0.00667812,0.00253138
0.0186579,0.0118531,0.00883285,0.0492644,0.0131097,0.0255273
0.00701329,0.00486862,0.00207342,0.0171087,0.00369855,0.00332167
0.0226113,0.0154861,0.00634501,0.0321483,0.00902468,0.0108752
0.00514929,0.00374856,0.00279143,0.00422077,0.000124581,0.00361264
0.0342393,0.0231742,0.0121714,0.058295,0.0168926,0.0100591
0.0324105,0.0210456,0.0115201,0.0554446,0.0155005,0.00591006
0.027998,0.0178718,0.0197048,0.0836915,0.0215947,0.0172948
0.0118121,0.00745376,0.00290165,0.0232401,0.00507337,0.00651918
0.0454207,0.0277145,0.0151714,0.0832384,0.0208653,0.0148886
0.0168004,0.00743735,0.0071356,0.0349114,0.00721211,0.00439115
0.0129857,0.00892234,0.00452254,0.0129657,0.00395259,0.00307964
0.0291656,0.0190434,0.0124679,0.0333433,0.00699588,0.00682567
0.0252088,0.0167136,0.0113797,0.0507698,0.0125117,0.0142956
0.0196763,0.0128355,0.00549328,0.0291963,0.00656495,0.0107655
0.00484257,0.0036011,0.00272783,0.0140287,0.00324925,0.0015826
0.0448691,0.0222357,0.0172529,0.0779172,0.0218275,0.0369925
0.0467512,0.0287151,0.0199176,0.0981582,0.0242613,0.0401136
0.0139308,0.00981137,0.0052306,0.0239215,0.0078911,0.0231384
0.00950272,0.00653414,0.00662112,0.0200219,0.00559677,0.012414
0.0160607,0.0111386,0.00535314,0.0224459,0.00752619,0.0111503
0.0122154,0.00840914,0.00434147,0.0178999,0.00418854,0.00453867
0.0115945,0.00816107,0.00749358,0.0258433,0.00553817,0.00672397
0.00770558,0.00515119,0.00371228,0.0199579,0.00416035,0.00602044
0.0205371,0.0140059,0.00608631,0.0311626,0.00705128,0.0181254
0.0202557,0.0133888,0.00650904,0.0325137,0.00623367,0.0206363
0.0123362,0.00856893,0.0123181,0.0682562,0.0193228,0.0194421
0.0420115,0.0263542,0.024583,0.08552,0.0194363,0.0345541
0.0275734,0.017899,0.00868592,0.052383,0.0138975,0.0173923
0.0311855,0.0202429,0.011106,0.0589659,0.0142455,0.0269302
0.0119333,0.00814967,0.00362957,0.0283363,0.00574618,0.00907086
0.00552025,0.00364299,0.00262835,0.0164532,0.00432017,0.00190546
0.0352749,0.0214807,0.0167247,0.089061,0.0235199,0.0328545
0.00650815,0.00451332,0.00343,0.0166201,0.00360802,0.00661233
0.0206613,0.0140972,0.00833003,0.0301433,0.00856807,0.00567478
0.0240683,0.0159913,0.00660022,0.0342205,0.00738735,0.0169649
0.0435525,0.0272362,0.0125143,0.0638836,0.0150536,0.0209955
0.00745084,0.00507156,0.00365223,0.0183706,0.00372167,0.002308
0.0275719,0.0184866,0.00730495,0.0330305,0.00769012,0.0108019
0.0268572,0.0171195,0.00773669,0.0944886,0.0212422,0.0397546
0.023757,0.0144173,0.00954421,0.0134224,0.00418202,0.00883266
0.0106799,0.00736371,0.00379036,0.0215351,0.00440719,0.00531726
0.0140183,0.00971305,0.00580469,0.022855,0.00690036,0.00626587
0.0174152,0.0117598,0.00443388,0.0336802,0.00901192,0.00592834
0.00652336,0.00437904,0.00338523,0.0184243,0.00529015,0.00549573
0.00797335,0.00534099,0.00313774,0.00197483,0.00109347,0.00392846
0.0179669,0.0127017,0.00657108,0.0344998,0.00760882,0.011453
0.0140967,0.00951892,0.00424374,0.0198057,0.00578124,0.00477814
0.00860797,0.00469707,0.00454107,0.0241211,0.0062593,0.014274
0.0343083,0.0207396,0.0080301,0.0381248,0.0103793,0.015411
0.0258654,0.0174759,0.00597514,0.0409288,0.0111427,0.00929833
0.0144657,0.010067,0.00475567,0.0191603,0.0036497,0.00103889
0.0347247,0.0224378,0.0092663,0.0478473,0.0147185,0.00646717
0.0292239,0.0192587,0.0338792,0.106688,0.0269225,0.021307
0.0282056,0.0185246,0.010452,0.0364507,0.0105629,0.00780799
0.016309,0.00904234,0.00708025,0.0368749,0.00790741,0.00949346
0.00987318,0.00405532,0.00430168,0.013256,0.00237452,0.00344021
0.0213617,0.014267,0.0135578,0.0709381,0.0186153,0.0247538
0.0173092,0.0114991,0.00609079,0.0198762,0.00883396,0.0156572
0.0270087,0.0172528,0.0132643,0.0685697,0.0163949,0.016199
0.0452678,0.0163315,0.0150554,0.0698476,0.019425,0.0206833
0.0403185,0.0163081,0.0128363,0.0485185,0.012151,0.0184164
0.02529,0.017381,0.00874587,0.0299499,0.00699095,0.00718026
0.0106999,0.00739344,0.00442672,0.022654,0.00629813,0.0113632
0.00896769,0.00617324,0.00532134,0.0132645,0.00343722,0.00418472
0.0321935,0.0211792,0.00982981,0.0401688,0.0100276,0.0136458
0.0224745,0.0147628,0.00526425,0.0318601,0.00789121,0.00740394
0.0254812,0.0170597,0.00929611,0.0503913,0.0117224,0.0139018
0.00834624,0.00586197,0.00391751,0.0204937,0.00557264,0.00554743
0.027776,0.0180891,0.00859181,0.0385341,0.00958671,0.0180394
0.00974338,0.00692551,0.00336735,0.01406,0.00412979,0.00200668
0.0190499,0.0114758,0.00478073,0.0313899,0.00682108,0.0159466
0.0289598,0.0177617,0.0158791,0.0626864,0.0170342,0.0191254
0.017099,0.0106208,0.00583799,0.0469136,0.0126217,0.0282862
0.00488999,0.00391092,0.00205938,0.0101167,0.00321434,0.0034939
0.008808,0.00603494,0.00345569,0.0378735,0.00904494,0.0184162
0.0262058,0.0175039,0.0201008,0.0776518,0.0180722,0.0300212
0.0347609,0.0221731,0.0164419,0.0546235,0.0143074,0.0174366
0.0124014,0.00872957,0.00390747,0.0282553,0.00559011,0.00257549
0.0134797,0.00915121,0.0107975,0.0463569,0.0109855,0.00913053
0.034605,0.0206079,0.0122546,0.055092,0.0130775,0.0142491
0.0243704,0.0161553,0.0132363,0.0669105,0.0179967,0.0339877
0.00616268,0.00458228,0.00340434,0.0144413,0.00452133,0.00976184
0.0154902,0.0109426,0.00921358,0.0357516,0.00920201,0.00743501
0.0210662,0.0138143,0.00741476,0.0216821,0.00497051,0.00447087
0.0121468,0.00797607,0.00424079,0.0150711,0.00559286,0.00279985
0.0257236,0.0169455,0.0129776,0.0582394,0.0141989,0.0114452
0.0468399,0.0288789,0.0135999,0.0612646,0.0132964,0.0187398
0.0208635,0.0144269,0.00721696,0.00942042,0.00114089,0.0110565
0.00875786,0.00569115,0.00271206,0.0276311,0.00772649,0.0205576
0.026986,0.0174942,0.00892525,0.0597024,0.0163699,0.00370525
0.00626111,0.00461023,0.00359229,0.0109297,0.0016002,0.0013499
0.0153594,0.0104813,0.00728487,0.0288923,0.00695634,0.00270025
0.0159059,0.0105571,0.00509169,0.0276548,0.00755374,0.0109419
0.0132364,0.00878466,0.00453957,0.019821,0.00446564,0.00256593
0.0187079,0.0126548,0.00643655,0.0482212,0.0127126,0.00498437
0.0279177,0.0188318,0.0076593,0.00983092,0.000954332,0.0159427
0.00632283,0.004527,0.0030807,0.0180603,0.00376922,0.00636756
0.0112585,0.00722092,0.00505374,0.0212825,0.0054105,0.00625575
0.0111534,0.00781497,0.00381489,0.0168412,0.00663291,0.00483554
0.0184962,0.0124533,0.00617871,0.0280391,0.00699991,0.0122061
0.0351283,0.0220723,0.0218392,0.0895225,0.0223377,0.0307134
0.00878988,0.00640641,0.00297422,0.0160341,0.00638938,0.0133161
0.0173544,0.0115516,0.00683723,0.0314018,0.00964325,0.00779067
0.0353539,0.0221757,0.0125888,0.0780055,0.0209065,0.0253475
0.0228853,0.0153003,0.00609784,0.0281723,0.00500759,0.0111065
0.0181929,0.0125118,0.00626883,0.0205941,0.00530955,0.00606871
0.0357371,0.0236548,0.0123686,0.0451125,0.0142519,0.0511525
0.0267399,0.0145572,0.00657418,0.0496417,0.0104406,0.00893067
0.0209232,0.00858027,0.00514469,0.0414913,0.00676884,0.00782011
0.0293208,0.0187993,0.0223801,0.0766589,0.0191224,0.0207463
0.0222281,0.0133983,0.0121296,0.0656351,0.0179857,0.0286522
0.0322098,0.0186425,0.0102317,0.0736887,0.0176701,0.0232259
0.0254864,0.0160717,0.00780486,0.0386495,0.0103836,0.013053
0.0118853,0.00831764,0.00353411,0.0083938,0.0033275,0.00202513
0.0148134,0.0100777,0.00948875,0.033841,0.00981802,0.0035316
0.00759613,0.00535389,0.00565149,0.0226236,0.0052097,0.00555541
0.0135654,0.00949412,0.00450442,0.0324441,0.0089609,0.00410633
0.0146413,0.0098759,0.00486083,0.0257597,0.00489169,0.00373917
0.0100539,0.00675131,0.00310443,0.0231977,0.00387598,0.00308165
0.0120408,0.00790455,0.00356145,0.0232448,0.00465538,0.00362086
0.0122841,0.00843669,0.00414249,0.026342,0.00534095,0.00790115
0.0337604,0.0224125,0.0284817,0.0832895,0.0240477,0.0554299
0.025254,0.016308,0.00889938,0.0322534,0.00844173,0.00934459
0.0133112,0.00933682,0.00394029,0.0162465,0.00470483,0.00299652
0.0296617,0.0193057,0.0148565,0.035742,0.00948067,0.00675997
0.00786167,0.00502403,0.00482265,0.0199416,0.00554763,0.00742414
0.0150443,0.0100648,0.00654273,0.0241865,0.00641892,0.00898448
0.00454154,0.00315225,0.00142999,0.0143674,0.00315294,0.00751046
0.0439627,0.0233471,0.0434305,0.148692,0.0339392,0.0363739
0.00595363,0.0042146,0.00221956,0.00853386,0.00209507,0.002633
0.00560799,0.00410093,0.00256131,0.0168548,0.00419305,0.00843984
0.0467011,0.0297786,0.0439978,0.181894,0.0501138,0.119273
0.0253279,0.0164675,0.00979598,0.0545056,0.0118003,0.0101562
0.0304615,0.0193265,0.019782,0.0854287,0.0205326,0.0257771
0.0248511,0.0162393,0.0145591,0.0604357,0.01712,0.0232342
0.0256462,0.017294,0.00704884,0.0316741,0.00880272,0.012347
0.0203653,0.0133436,0.0147012,0.0384989,0.00973,0.0118676
0.0147764,0.00960629,0.0061346,0.0275805,0.00689373,0.00445911
0.016861,0.0113814,0.00662508,0.0245249,0.00721049,0.00298407
0.0204278,0.0138695,0.00739367,0.0290408,0.00758661,0.0162956
0.00885906,0.0059564,0.00359721,0.00967333,0.00341174,0.00675187
0.0137116,0.00897264,0.00459492,0.024933,0.00574288,0.00341116
0.0154116,0.0103244,0.00838725,0.0517525,0.0131859,0.00827121
0.0637553,0.0382023,0.0191295,0.0739586,0.0202919,0.0181041
0.0190125,0.0128518,0.0116367,0.0493324,0.0112692,0.0239213
0.00527632,0.00379707,0.00272732,0.0143453,0.00392075,0.00367873
0.02351,0.0154328,0.00699691,0.0271905,0.0080475,0.00508477
0.0391589,0.0238962,0.0225213,0.0957319,0.0277761,0.0279386
0.00467374,0.00330522,0.00167664,0.0160607,0.00424448,0.00183305
0.00993451,0.00691627,0.00380229,0.0133431,0.00415104,0.00261982
0.02343,0.0156091,0.00802883,0.0467269,0.0147934,0.0140272
0.0103906,0.00721235,0.00402121,0.0237186,0.00592919,0.00663552
0.0122979,0.00818039,0.00481768,0.0155013,0.00433438,0.003725
0.0317758,0.0198984,0.0231176,0.106591,0.0274564,0.0388579
0.00564245,0.00375025,0.00275139,0.0137704,0.00349422,0.00546479
0.0270146,0.0182224,0.0119014,0.0461891,0.0129565,0.012071
0.00819235,0.00549356,0.00302493,0.0109083,0.00370318,0.00378139
0.00630405,0.00426486,0.00307762,0.0166347,0.00477869,0.00454705
0.0151719,0.00997324,0.00397855,0.0191568,0.00477054,0.0191439
0.0287325,0.0180388,0.0128474,0.059135,0.0160561,0.0257399
0.0236227,0.0156418,0.00645411,0.034553,0.00759432,0.00563872
0.0219827,0.0146574,0.010865,0.0625403,0.0152052,0.00956126
0.00984318,0.00675449,0.00416938,0.0167523,0.00449616,0.00611253
0.0192457,0.0132294,0.0136843,0.0280675,0.00770351,0.0140678
0.00975869,0.006848,0.00329841,0.0219098,0.00647013,0.0028469
0.02149,0.014995,0.00718617,0.0527916,0.0128279,0.0079765
0.0198187,0.0119285,0.0178496,0.0639635,0.0176804,0.0263038
0.0389715,0.0231679,0.022883,0.106842,0.0290944,0.0206897
0.0149822,0.00962762,0.00614681,0.0221138,0.00584852,0.0017019
0.0191588,0.0128118,0.00708784,0.0135437,0.00412909,0.00364176
0.0162443,0.00808888,0.00878785,0.0450052,0.013791,0.0074205
0.00803152,0.00534024,0.00296389,0.0201356,0.00468332,0.00266395
0.0178935,0.012065,0.014233,0.072065,0.0176268,0.0273368
0.0320164,0.019651,0.0226706,0.0786449,0.0204056,0.0179407
0.0148488,0.0100723,0.00576067,0.0273433,0.00734054,0.00518431
0.00563679,0.00401531,0.00235679,0.0176955,0.00580074,0.00297759
0.00707305,0.00480057,0.0028299,0.0191656,0.00562137,0.00740978
0.0150969,0.0105035,0.00875606,0.0277176,0.00808437,0.0138485
0.0259599,0.0170253,0.0143416,0.0449044,0.0117245,0.0212895
0.0177048,0.011577,0.00574035,0.0282982,0.00985122,0.00941319
0.0192128,0.0132297,0.00617788,0.0340996,0.00906273,0.00892081
0.0338761,0.0216349,0.0104997,0.0663635,0.015233,0.0162208
0.0311962,0.0203818,0.019748,0.0763978,0.0203631,0.0401307
0.0287895,0.0187219,0.00882586,0.0235587,0.00523188,0.0147483
0.0135995,0.00925492,0.004855,0.0190112,0.00443729,0.00144414
0.00920811,0.00649002,0.00283961,0.00945775,0.0038016,0.00138236
0.020667,0.0138875,0.00629084,0.0385137,0.0104159,0.0204265
0.0166899,0.0111707,0.00343031,0.0226602,0.00547339,0.00723897
0.0652992,0.0373339,0.0445207,0.129779,0.0363159,0.0655478
0.0149028,0.00999975,0.00529699,0.0223237,0.00500143,0.0157447
0.0142901,0.00962032,0.0042996,0.0408883,0.00892484,0.00108495
0.0100184,0.00694439,0.00296309,0.019402,0.00462186,0.00308108
0.0136782,0.00950086,0.00454362,0.0273106,0.00532342,0.00313046
0.0122356,0.00831395,0.00567032,0.0194423,0.00516734,0.00710672
0.0534135,0.0287983,0.0300019,0.133293,0.0330127,0.0294074
0.010617,0.00758896,0.00390393,0.0172641,0.00370403,0.00398829
0.0105337,0.00466583,0.00951579,0.0668538,0.0175507,0.0165249
0.0401328,0.0248438,0.0191816,0.0556217,0.013809,0.0116569
0.0217944,0.0147939,0.00548155,0.0333197,0.00843368,0.0130476
0.00918134,0.00655948,0.00355399,0.0220709,0.00471365,0.00975921
0.0129422,0.00920437,0.00564166,0.0291398,0.00628769,0.00855897
0.0104005,0.00676357,0.0080779,0.0293122,0.00597586,0.00798844
0.0181163,0.0120873,0.00607365,0.0275522,0.00988516,0.00382898
0.0366205,0.0233058,0.0122888,0.0689481,0.0190831,0.014446
0.00553978,0.00378092,0.00250002,0.0255929,0.00733614,0.00232129
0.0124605,0.00816366,0.00702476,0.0219171,0.00745443,0.00773569
0.00967326,0.00646528,0.00710893,0.021878,0.00562043,0.00637549
0.0181093,0.0120116,0.00546936,0.035743,0.00828189,0.00966327
0.00995755,0.00717982,0.00359341,0.0176058,0.00528788,0.00464392
0.0102501,0.00713463,0.00367562,0.0181172,0.00419425,0.00473293
0.06995,0.0353529,0.0318148,0.139092,0.0346857,0.034629
0.0209598,0.0140853,0.0118316,0.0452004,0.012259,0.0245739
0.0109547,0.00718829,0.00480977,0.022222,0.00353215,0.00527035
0.0246106,0.0111146,0.00823666,0.0500606,0.0134732,0.0193564
0.0402059,0.0134836,0.0140178,0.0730389,0.0172276,0.0227091
0.013872,0.009309,0.00415224,0.0232789,0.00754871,0.00282005
0.00436776,0.00307024,0.00274205,0.0203037,0.00597123,0.00590297
0.0132423,0.00861784,0.00464245,0.0288486,0.00652414,0.0166028
0.0142841,0.0101306,0.00329917,0.0380949,0.0110538,0.0164998
0.0239446,0.0157348,0.0162423,0.0788819,0.022345,0.0144094
0.00490552,0.00360997,0.00459549,0.0250301,0.00702168,0.00471127
0.0186776,0.0126388,0.00572666,0.0248254,0.0069579,0.00484208
0.0268597,0.0176397,0.0127429,0.0452705,0.0113435,0.00765852
0.0202902,0.0143065,0.00722504,0.0241198,0.00518616,0.0127488
0.0219395,0.0143343,0.0073753,0.0238656,0.00623321,0.00577924
0.00926175,0.00616734,0.00343703,0.0182122,0.00362635,0.00307722
0.00665046,0.00430136,0.00332085,0.0119617,0.00259304,0.00353128
0.012415,0.0082854,0.00409935,0.0179649,0.00498677,0.00412806
0.0331395,0.0215107,0.0107955,0.0611459,0.0136962,0.0158575
0.0218644,0.0138866,0.00864572,0.0465957,0.00854374,0.00986516
0.0230746,0.0155356,0.0251052,0.109342,0.0279949,0.0445907
0.0284887,0.0190011,0.01349,0.0524106,0.0144996,0.00690494
0.0195049,0.00932967,0.00801389,0.0586534,0.0165279,0.0197573
0.0338931,0.0201139,0.0243647,0.121805,0.03153,0.0207145
0.007105,0.00465162,0.00307524,0.0124091,0.00189666,0.00433438
0.0171747,0.0119874,0.00589162,0.0201276,0.00455962,0.00264584
0.00522987,0.00377044,0.00278318,0.0188516,0.00625996,0.00556228
0.0274795,0.0169267,0.00899078,0.0558047,0.0139111,0.00712906
0.0137368,0.00926213,0.00328592,0.0225296,0.00800579,0.0289239
0.0113674,0.00792919,0.0036179,0.0205546,0.00453024,0.00164349
0.0135802,0.00928264,0.00532299,0.0231411,0.00640317,0.00895526
0.00600636,0.00434266,0.00398923,0.0327206,0.007495,0.00679403
0.0180401,0.0123267,0.00707803,0.0329792,0.00900119,0.00353055
0.0168643,0.00793757,0.00713242,0.0301543,0.0078904,0.00825413
0.0679442,0.038359,0.0430135,0.148108,0.0363779,0.0676248
0.00839854,0.00601645,0.00374712,0.0138789,0.00265293,0.00345021
0.0162233,0.0104783,0.0131529,0.0685302,0.0176769,0.00643943
0.0104519,0.00695172,0.00217588,0.0218697,0.00423742,0.00403808
0.00481165,0.00325715,0.00146017,0.01394,0.00425244,0.00258535
0.00801284,0.00565948,0.00280945,0.00268033,0.000239302,0.00194363
0.0099564,0.00662861,0.00263056,0.0200605,0.00465424,0.00395113
0.0134579,0.00907949,0.00327127,0.0253707,0.00704739,0.00920695
0.0119861,0.00803844,0.00857222,0.0486079,0.0134942,0.012843
0.0202606,0.0137637,0.0312035,0.0869596,0.0228883,0.0236886
0.00895995,0.00644034,0.00350354,0.0142853,0.00193211,0.00242841
0.0257775,0.0166535,0.00795068,0.0400178,0.0106234,0.00920736
0.00726156,0.00465524,0.00277418,0.0145725,0.0035162,0.00254007
0.0301676,0.0200088,0.00887154,0.0415717,0.0109039,0.0109672
0.0040697,0.00294848,0.00680256,0.00839444,0.00281213,0.00407225
0.039763,0.0173809,0.0170382,0.0830895,0.0256899,0.0260489
0.0472233,0.01374,0.0202794,0.0931847,0.0257348,0.0270618
0.0320691,0.0137857,0.014018,0.061557,0.0163882,0.0178125
0.0248742,0.0157155,0.00790729,0.0322041,0.00825912,0.00614069
0.00867519,0.00608707,0.00209011,0.0170423,0.00432295,0.00506354
0.0135987,0.00906762,0.00369271,0.0190512,0.00437484,0.00796214
0.0228778,0.0157801,0.00795605,0.0362211,0.0112294,0.00583519
0.007056,0.00503803,0.00220043,0.0197687,0.00563374,0.00251066
0.0113811,0.00789007,0.00416128,0.0185349,0.00600977,0.00280958
0.0341084,0.0160341,0.0137549,0.0584179,0.0171044,0.0131636
0.0498596,0.0271743,0.0160652,0.0552095,0.0142868,0.00899146
0.0128183,0.00872274,0.00332695,0.0226662,0.00670943,0.0015978
0.0160507,0.0103631,0.0181472,0.0666667,0.0158083,0.0250853
0.0297723,0.0187082,0.0160973,0.0923588,0.024894,0.0552232
0.0143298,0.00957044,0.00401621,0.0194576,0.00409248,0.00313041
0.00753223,0.00551995,0.00364286,0.0168011,0.00298036,0.00923418
0.00797322,0.00567724,0.00276543,0.00992891,0.00367426,0.0039704
0.0366914,0.0224047,0.0189878,0.0718009,0.0183836,0.0458948
0.0236189,0.0151756,0.00927838,0.0592661,0.0181376,0.0208231
0.0100222,0.00597221,0.00340978,0.0237599,0.00784232,0.00677422
0.0280848,0.0147947,0.0113121,0.046791,0.0108201,0.0155748
0.045519,0.0194649,0.022933,0.0964521,0.025634,0.0255872
0.0487838,0.0199668,0.0234555,0.0887601,0.0221892,0.0260965
0.0217976,0.014906,0.00807535,0.0304526,0.0078204,0.00505179
0.0158779,0.0109466,0.00457188,0.0327654,0.0102351,0.00565126
0.0250344,0.0168287,0.0184092,0.0626482,0.0168808,0.0300459
0.00850108,0.00596747,0.00235122,0.0140823,0.00475475,0.00889003
0.00514687,0.00371686,0.00230657,0.00737574,0.00201402,0.00367815
0.0130377,0.00894861,0.00556271,0.00324475,0.00185574,0.0120229
0.010114,0.00688142,0.00314045,0.0155874,0.00387873,0.00857241
0.0117493,0.00772248,0.00518025,0.0282625,0.00660977,0.00437234
0.0118053,0.00804534,0.00453368,0.0277244,0.00668695,0.00698657
0.0158319,0.0111996,0.00607822,0.00171665,0.0015196,0.00285574
0.0218023,0.0148956,0.00765602,0.0399134,0.0113403,0.00674631
0.00549959,0.00372625,0.00228073,0.0122031,0.00343626,0.00174352
0.0040635,0.00308578,0.00383534,0.0285449,0.00706705,0.00859688
0.0315696,0.0210892,0.0159431,0.0659062,0.016946,0.0217294
0.0161245,0.0108325,0.00581521,0.0214349,0.00557887,0.00569055
0.00820688,0.00572852,0.00328725,0.0163244,0.00412396,0.00761676
0.0159179,0.0111344,0.00373027,0.0284675,0.00762483,0.00462705
0.0482893,0.0273111,0.0360199,0.129319,0.0332237,0.0224502
0.010056,0.00714908,0.00340811,0.0224331,0.00662256,0.00954601
0.00847006,0.00581537,0.00336965,0.0211932,0.00509769,0.00158612
0.0145506,0.00996467,0.0047963,0.0175697,0.00466967,0.00479473
0.00684216,0.00464971,0.00400908,0.0188015,0.0054707,0.00275581
0.0102691,0.00497807,0.00608934,0.0277208,0.0129394,0.0162026
0.0266344,0.0154416,0.0235321,0.111448,0.0311251,0.0395096
0.00500053,0.00372992,0.00368419,0.0225067,0.00602959,0.00414414
0.0496046,0.0310373,0.0155277,0.047554,0.0120711,0.0252993
0.0397344,0.0251193,0.0136117,0.0786164,0.0205998,0.0136395
0.0128935,0.0087487,0.0038936,0.0236234,0.00517866,0.00278057
0.0231787,0.0156991,0.00917922,0.0393472,0.0104014,0.0144693
0.0254122,0.0107237,0.0233733,0.0913778,0.0249541,0.0327206
0.0111605,0.00810246,0.00532472,0.0219849,0.00589502,0.00745668
0.0530962,0.031235,0.0160861,0.067367,0.0180972,0.0351582
0.00861049,0.00397068,0.00222522,0.0272726,0.00728451,0.00699287
0.0313898,0.0206075,0.0109495,0.0554372,0.0134854,0.025397
0.00851584,0.00583965,0.00305481,0.0185294,0.00616609,0.0109481
0.0168906,0.010972,0.00538225,0.0223971,0.0067743,0.0131782
0.0335543,0.0221288,0.0166322,0.0494791,0.012597,0.00797874
0.0334987,0.0208814,0.0235226,0.089285,0.0241243,0.0145211
0.0278814,0.0172588,0.0113832,0.037216,0.0122573,0.00747763
0.0320787,0.0171682,0.0120379,0.0398536,0.012024,0.00662343
0.0131245,0.00941103,0.00496082,0.0197598,0.00434215,0.00910406
0.0413333,0.0205669,0.0176616,0.0645709,0.0202794,0.0201289
0.00510387,0.00364048,0.00276128,0.0108241,0.00262173,0.00262516
0.0175467,0.0116869,0.00711209,0.023305,0.00631263,0.00402422
0.00962002,0.00703787,0.00349295,0.017639,0.00575312,0.00287937
0.00561891,0.00405174,0.00223682,0.0131402,0.00469464,0.00236129
0.0278443,0.0186786,0.0123048,0.032286,0.00797138,0.0209041
0.0247346,0.0160405,0.0161425,0.0957966,0.0260782,0.0422475
0.011807,0.00817025,0.00230696,0.0200361,0.00535087,0.00571959
0.0158713,0.0106681,0.00426799,0.0203264,0.00475324,0.00333015
0.0368433,0.0234985,0.00985081,0.0558173,0.0149494,0.00746961
0.0433238,0.0229738,0.0474024,0.171432,0.0465616,0.0738399
0.0214609,0.0101045,0.0190293,0.0586659,0.0127267,0.0283946
0.011103,0.0072071,0.00376485,0.0141086,0.00435766,0.00393143
0.0119851,0.00795153,0.0040301,0.0163815,0.00568307,0.0018331
0.0052127,0.00365529,0.00236177,0.0133711,0.00294153,0.0070746
0.0206695,0.0139871,0.006368,0.0263119,0.00890307,0.011584
0.0170244,0.0107438,0.0304131,0.0883248,0.022272,0.0364583
0.0147196,0.0104098,0.00654879,0.0306054,0.0072494,0.0188686
0.0111837,0.00798635,0.00631773,0.0180863,0.00430243,0.0177299
0.00502527,0.00339422,0.00257138,0.0125482,0.00234164,0.00217191
0.0469967,0.0306805,0.0136219,0.0776013,0.0178071,0.0155237
0.0225049,0.0146588,0.00984993,0.03123,0.00874084,0.00971831
0.0187731,0.0127581,0.00566048,0.0158988,0.00464065,0.00669569
0.0162853,0.0115997,0.00604887,0.0164744,0.00463321,0.00685375
0.0321312,0.021233,0.0317241,0.132102,0.0329096,0.0250074
0.0208971,0.0142044,0.00903573,0.0572755,0.0139778,0.0123941
0.0286226,0.0196426,0.0156645,0.0536323,0.0157064,0.0111438
0.0135551,0.00920544,0.00428671,0.0360508,0.0102118,0.0154354
0.0141339,0.00968343,0.00764217,0.00703631,0.00216286,0.00409241
0.0102745,0.00692992,0.00448776,0.0220135,0.0052134,0.00738133
0.0236958,0.0151609,0.0118422,0.0438321,0.0114205,0.00463801
0.0406495,0.0254892,0.0121543,0.058449,0.0159811,0.0172984
0.00670132,0.00499524,0.00210681,0.0139861,0.00412994,0.00840764
0.0136995,0.00876699,0.00678556,0.0237428,0.00737888,0.0160778
0.0709199,0.0376242,0.0264521,0.104954,0.0252844,0.0212702
0.00583982,0.00388164,0.00226057,0.0139685,0.00305727,0.00384845
0.01801,0.0120305,0.0049961,0.0319268,0.0084892,0.0042892
0.00653079,0.00462982,0.00243903,0.0258738,0.00776151,0.00336659
0.00456271,0.00310268,0.00231262,0.0143264,0.00323107,0.00215637
0.0189837,0.0132038,0.00598205,0.0131944,0.0038807,0.00568152
0.0173416,0.0115556,0.00482623,0.0183163,0.00619064,0.0120854
0.017885,0.0125857,0.00597126,0.0251889,0.0062582,0.00571514
0.0223309,0.0154108,0.00648433,0.0447885,0.0131128,0.00393179
0.0328912,0.0221741,0.00711855,0.050696,0.0134971,0.00502043
0.00683768,0.00503569,0.00283018,0.0156136,0.00396787,0.00288129
0.00550653,0.00374708,0.0032676,0.017263,0.00363294,0.00368389
0.0126938,0.00914927,0.00457112,0.0151573,0.00525545,0.00777519
0.00484498,0.00340397,0.00339603,0.0180858,0.00485354,0.000955295
0.0199519,0.0136413,0.00575933,0.037494,0.00904896,0.00396696
0.0105453,0.00737946,0.00502759,0.040225,0.00915486,0.0141451
0.00863978,0.00608725,0.00311493,0.0122775,0.00432322,0.00292367
0.0201902,0.0139016,0.00542821,0.0217236,0.00588269,0.00717917
0.0185176,0.0125474,0.00577155,0.0308867,0.0083601,0.00341006
0.0183941,0.0118905,0.0166895,0.0848887,0.0233555,0.0159309
0.0238346,0.0159949,0.0152806,0.061957,0.0157242,0.0250944
0.0103635,0.00751058,0.00444784,0.012861,0.00266451,0.00897624
0.0155603,0.0106666,0.00849335,0.0221775,0.00576099,0.00472096
0.0206155,0.013558,0.0084081,0.03608,0.0100224,0.0165558
0.00849739,0.00495628,0.00351415,0.0124575,0.00422621,0.0156582
0.0214537,0.0139105,0.0194408,0.0911141,0.0260718,0.039795
0.0310833,0.0204836,0.00644567,0.0272482,0.00755731,0.00508756
0.0130791,0.00886589,0.00441208,0.022196,0.00592703,0.00921908
0.0101134,0.00720564,0.00280454,0.00553071,0.000210995,0.00140141
0.00918956,0.0061502,0.00361845,0.0187878,0.00328116,0.00397411
0.015395,0.0104435,0.00470281,0.0169242,0.00405255,0.00208586
0.0148339,0.0100497,0.00462998,0.0259719,0.00764012,0.0161228
0.00695801,0.00463823,0.00280641,0.0125602,0.00288805,0.00321809
0.00691121,0.00481276,0.00364774,-0.00315521,0.000290638,0.00458908
0.00876402,0.00613932,0.00330113,0.0123449,0.0044331,0.00592955
0.0143884,0.00969957,0.00391134,0.0293193,0.00590639,0.0132495
0.0145018,0.00997886,0.00442152,0.020818,0.00611159,0.00269465
0.00747293,0.00471379,0.00415521,0.0132118,0.00382499,0.00149008
0.00601155,0.00406497,0.00253414,0.00690223,0.00381666,0.00888431
0.00654862,0.00434555,0.00339819,0.0140465,0.00388274,0.00387164
0.0108666,0.00760148,0.00269595,0.0266731,0.00756107,0.00724996
0.00471016,0.00306834,0.00248026,0.0204838,0.00434892,0.0016556
0.0255891,0.016747,0.017231,0.0747708,0.0191933,0.0211501
0.0333673,0.013275,0.0194804,0.108188,0.0281333,0.0195166
0.0133806,0.00886568,0.00480567,0.0208505,0.00607975,0.0131518
0.0197526,0.0137766,0.00708402,0.0316169,0.00924531,0.010451
0.0176,0.0121465,0.00640811,0.0257556,0.00719419,0.00790823
0.00655238,0.00458981,0.00321221,0.0176327,0.00371113,0.00420816
0.0327687,0.0202109,0.0213177,0.0961824,0.025985,0.0425065
0.0196575,0.0130898,0.00719852,0.0467445,0.0134115,0.0162154
0.0256716,0.0169387,0.0201166,0.0397243,0.01151,0.00901908
0.03595,0.0229172,0.0137177,0.0422083,0.010737,0.0161585
0.00455973,0.00317259,0.00504421,0.0170155,0.00532214,0.00533179
0.0245045,0.0165668,0.0157319,0.0472558,0.0151649,0.0122645
0.0132912,0.00925669,0.0049177,0.0118397,0.00317753,0.00241694
0.0202611,0.0135586,0.00664122,0.0334196,0.00702205,0.00484005
0.0103832,0.00728818,0.00336493,0.0231566,0.00535309,0.00767821
0.0309514,0.0209743,0.0167157,0.0896425,0.0252635,0.0287887
0.0293886,0.0190445,0.0107979,0.0416714,0.0123871,0.00898165
0.013706,0.00924469,0.00319846,0.0256895,0.00744183,0.0170782
0.0356662,0.0229817,0.0123605,0.0499567,0.0154998,0.02525
0.0158925,0.010878,0.0142655,0.088513,0.02225,0.0224269
0.00543207,0.00392316,0.0031821,0.015162,0.00345223,0.00600545
0.018759,0.0126654,0.00754256,0.0249091,0.00782073,0.0050161
0.0144084,0.00946651,0.00492606,0.0241041,0.0070069,0.0123067
0.0102142,0.00698497,0.00425947,0.0319359,0.00686223,0.0276173
0.0109107,0.00713075,0.00403023,0.025203,0.00604237,0.00919737
0.0313627,0.019536,0.00923736,0.0496234,0.0119936,0.0120393
0.0104254,0.00724094,0.00489717,0.0300437,0.00719382,0.00566002
0.00666975,0.00474677,0.00293751,0.0121774,0.00312512,0.00471838
0.0151123,0.0101584,0.00562919,0.0223489,0.00498266,0.00820918
0.0275243,0.0153172,0.00993412,0.0509871,0.0132366,0.0110055
0.00913382,0.00647838,0.0033223,0.0125322,0.00425043,0.00253553
0.0229235,0.0156081,0.00690889,0.0251512,0.00799287,0.00423913
0.016401,0.00933388,0.00653542,0.0440224,0.0130735,0.00726249
0.0260743,0.0159476,0.00785672,0.00753973,0.00125863,0.0116558
0.0130711,0.00918385,0.00387473,0.0275941,0.00826069,0.00767296
0.00794538,0.00565007,0.00193753,0.00498527,0.000496104,0.000880051
0.0166861,0.011275,0.00566865,0.0266615,0.00679679,0.0108016
0.00637364,0.0042883,0.00246109,0.0136413,0.00319969,0.00372822
0.019816,0.0129619,0.00497431,0.0311002,0.00802392,0.00920405
0.0132052,0.00864882,0.00353711,0.0204501,0.00549576,0.00361931
0.0182906,0.0120056,0.00558848,0.0346485,0.00757119,0.00771406
0.0155518,0.00913312,0.00661046,0.0276619,0.0103008,0.00707058
0.00956404,0.00461075,0.00355414,0.0151677,0.00491276,0.00676541
0.00933477,0.00673141,0.00404654,0.0109012,0.00203868,0.000521649
0.043683,0.0286033,0.0145734,0.0592488,0.0154042,0.0153697
0.0218796,0.014613,0.00697531,0.0390231,0.010814,0.0190403
0.0311548,0.0143492,0.0131466,0.0713662,0.0225058,0.0311483
0.031811,0.0143181,0.0133019,0.0732445,0.0211413,0.0303847
0.00825632,0.00553038,0.00352059,0.01545,0.00385968,0.00330708
0.0346778,0.0226843,0.0110538,0.0648734,0.0175517,0.0126999
0.00957326,0.0068842,0.00382328,0.0203388,0.00395947,0.00683437
0.0202779,0.0129511,0.0184952,0.106077,0.0264228,0.0329293
0.00955246,0.00696638,0.0026424,0.0210252,0.0050252,0.00504774
0.0223408,0.0145304,0.00674818,0.0298515,0.00789082,0.018211
0.0082977,0.006226,0.00610541,0.0219495,0.00540808,0.0119748
0.0120469,0.00837216,0.00339324,0.0154908,0.00626086,0.00301266
0.00604121,0.00400205,0.00345016,0.0152291,0.00491481,0.00407822
0.0120797,0.00789309,0.00499493,0.0213796,0.00687099,0.003583
0.00893803,0.00590898,0.00471636,0.0278021,0.00629277,0.00194203
0.0403723,0.0257546,0.0353394,0.113979,0.0311984,0.0476046
0.0110504,0.00778503,0.00415994,0.0228708,0.0065354,0.00442628
0.0308184,0.0159985,0.0111691,0.0515001,0.0139591,0.00775852
0.0324645,0.0160163,0.0110865,0.0493401,0.0128,0.00802394
0.0275617,0.0184103,0.00744014,0.0414726,0.00837407,0.00561418
0.0113569,0.00783384,0.00417999,0.0234854,0.00486103,0.00296879
0.0404706,0.0232528,0.0121656,0.0569955,0.0162696,0.0188617
0.032361,0.016143,0.00991965,0.0432051,0.0118428,0.0271454
0.0065403,0.00436982,0.00151311,0.0138674,0.00531134,0.00379367
0.00871192,0.00608747,0.00285131,0.0111068,0.00407396,0.00359992
0.00827269,0.00601072,0.00390965,0.00351258,0.00102266,0.00713617
0.0050917,0.00397396,0.00208617,0.0244994,0.00551419,0.00972539
0.0217753,0.0144355,0.00513502,0.0390255,0.00962416,0.0160974
0.0258811,0.0167094,0.00897329,0.0360719,0.00898141,0.00984435
0.0131861,0.00924017,0.00440446,0.0201187,0.00455235,0.00204118
0.0179722,0.0122261,0.00807414,0.0475945,0.0134637,0.0279216
0.0289216,0.0190618,0.0172128,0.020447,0.0049378,0.0512507
0.00773836,0.00505845,0.00253331,0.0155272,0.00417125,0.00246323
0.0218834,0.0144352,0.0119524,0.0610554,0.0150291,0.0178465
0.00807309,0.0050924,0.00274656,0.0137909,0.00401958,0.00322495
0.00667597,0.00449392,0.00393013,0.0155746,0.00383424,0.0017325
0.0584226,0.0220302,0.0312799,0.105677,0.0257756,0.0341601
0.0135311,0.00920584,0.00513216,0.0302634,0.00595363,0.0138276
0.0361092,0.0226323,0.0464706,0.110157,0.0332699,0.0616891
0.0129558,0.00869826,0.00966155,0.0553587,0.0166111,0.0194933
0.0126442,0.00896589,0.00449059,0.0181997,0.00492033,0.00482226
0.00586139,0.00405125,0.00309623,0.0101251,0.00221064,0.00558977
0.0107475,0.00722368,0.00418924,0.0162006,0.00594754,0.00539445
0.014043,0.00958115,0.00394294,0.0204878,0.0042178,0.0141753
0.0059494,0.00432812,0.00272353,0.0113776,0.00229037,0.000563951
0.0169077,0.0114077,0.0237697,0.120418,0.0298763,0.033554
0.00831305,0.00558782,0.005107,0.0195677,0.00511303,0.00127246
0.0124459,0.00868633,0.00535369,0.018556,0.00552387,0.0126296
0.0228356,0.0151606,0.00878936,0.023597,0.00514749,0.0165938
0.0256778,0.0165214,0.01342,0.0573425,0.0142303,0.0130454
0.0177597,0.00830648,0.00584212,0.0259213,0.00803357,0.00926728
0.0310483,0.018723,0.0101953,0.0146545,0.00268674,0.0101207
0.0166867,0.0116664,0.00631169,0.0298015,0.00746407,0.00862845
0.0205064,0.0135615,0.00736229,0.0367402,0.00852584,0.00594933
0.039161,0.0243892,0.013925,0.0656924,0.0170607,0.0204304
0.0223425,0.0149674,0.00958427,0.0355153,0.0106607,0.00520982
0.0129017,0.00919087,0.010655,0.0406438,0.0112067,0.00788315
0.0143033,0.00974486,0.0055961,0.0296986,0.00682284,0.00588509
0.0108722,0.00758251,0.00685887,0.0488463,0.0105652,0.00966823
0.0125108,0.00842405,0.0028905,0.0211792,0.00593197,0.00789284
0.0169714,0.0113095,0.0064657,0.0147574,0.00349008,0.00506721
0.0256273,0.0174052,0.0152969,0.0507111,0.0148479,0.0130096
0.0152125,0.0106765,0.0130793,0.0390639,0.00874501,0.00746924
0.00865408,0.00576544,0.00517439,0.0398321,0.0106409,0.020563
0.0133402,0.00907067,0.00438746,0.0369027,0.00793337,0.00608906
0.0124281,0.0084405,0.0045646,0.029259,0.007126,0.0111185
0.0147642,0.0101877,0.0032033,0.0296441,0.00807143,0.012889
0.0134264,0.00943141,0.00328587,0.0175081,0.00378154,0.0035634
0.0413303,0.0262711,0.018085,0.0738397,0.0178098,0.0197906
0.0611733,0.0276721,0.0329106,0.158844,0.0413399,0.0811244
0.0518221,0.0311824,0.0251926,0.0987839,0.0250448,0.044093
0.0212143,0.0145203,0.00343774,0.0540312,0.013992,0.00874442
0.0301792,0.019029,0.0111671,0.0437606,0.011333,0.0175305
0.0156894,0.0105699,0.00499755,0.0304634,0.0078289,0.00722127
0.0215252,0.0142274,0.00554182,0.0317504,0.00877357,0.010493
0.0290121,0.0181885,0.0196745,0.0855067,0.0220078,0.0382566
0.0538418,0.0335231,0.024432,0.0741072,0.0204334,0.0288273
0.0212496,0.0142239,0.00535999,0.0280304,0.00631362,0.0153526
0.0129384,0.0086603,0.0082976,0.0339505,0.00722672,0.0107407
0.0182705,0.0123731,0.016689,0.0706753,0.018997,0.0118936
0.0332445,0.0212944,0.0136019,0.0523933,0.0137121,0.0229627
0.0125489,0.00865507,0.00754322,0.035157,0.00857843,0.0103122
0.0191529,0.0123012,0.0187034,0.0616548,0.0153915,0.0162096
0.0177759,0.0121322,0.00663128,0.0322288,0.00845715,0.0121514
0.0155634,0.0104637,0.0121909,0.073038,0.0221595,0.0151854
0.0104237,0.0076917,0.0044255,0.0193613,0.00456496,0.00533724
0.0436983,0.0265874,0.0400602,0.182276,0.050308,0.0773352
0.00643509,0.0043097,0.00228189,0.0149795,0.00302058,0.000787408
0.0271834,0.0169316,0.0142719,0.0710252,0.0193882,0.0203855
0.0460476,0.0278687,0.0160615,0.0833016,0.0192038,0.0288106
0.0195204,0.013206,0.00439562,0.0286996,0.00774646,0.0125994
0.0309771,0.0187967,0.0181523,0.0786376,0.018444,0.0317718
0.00670531,0.004799,0.00718781,0.0135343,0.00459293,0.00252823
0.0131615,0.00893443,0.00357726,0.023593,0.0078456,0.008794
0.00777614,0.00534811,0.00372426,0.0117759,0.00363904,0.0039409
0.0210029,0.0142914,0.0063341,0.0335282,0.00714569,0.016918
0.0283355,0.0192105,0.0124298,0.0752978,0.0163524,0.0300181
0.00758073,0.00534158,0.00259072,0.015501,0.00466227,0.00146059
0.0200584,0.0134786,0.00522818,0.0240733,0.00581486,0.00882076
0.0125415,0.00847481,0.00488329,0.0193362,0.00576272,0.00715184
0.0610315,0.0321652,0.0443259,0.111064,0.0281233,0.0461014
0.0306252,0.0186017,0.0215313,0.0457368,0.00731434,0.0195635
0.00947754,0.00656416,0.00185273,0.010731,0.00371637,0.00211337
0.0153432,0.010445,0.0039599,0.0377715,0.009843,0.00915359
0.0274848,0.0187131,0.00782029,0.0376608,0.00986306,0.0134706
0.0129578,0.00873934,0.00265089,0.036842,0.00868961,0.00617359
0.0148554,0.00992237,0.00542833,0.0202917,0.00497294,0.00314998
0.0208737,0.0138745,0.0061443,0.0270109,0.00985039,0.0189723
0.0155794,0.010265,0.00507789,0.0319948,0.00655121,0.00542683
0.0112547,0.0078723,0.0107957,0.046796,0.0146458,0.00615865
0.0243154,0.0107846,0.0166667,0.0676172,0.0153895,0.0101987
0.0296761,0.0109651,0.0118869,0.055521,0.0114878,0.00744107
0.0196445,0.0135626,0.00856098,0.0514403,0.0131582,0.0119601
0.00862138,0.00589041,0.00259938,0.020559,0.00541902,0.00412349
0.00432187,0.00332792,0.00221351,0.00605945,2.18262e-05,0.00339248
0.0279714,0.0182746,0.0126102,0.0490253,0.0126517,0.0413008
0.012159,0.00859199,0.00371105,0.0141311,0.00460023,0.00250093
0.0316227,0.0170069,0.0227689,0.128273,0.0346097,0.0519327
0.0304823,0.0169555,0.0206504,0.112476,0.0277531,0.0434853
0.0217669,0.0144021,0.0182582,0.0898689,0.0205213,0.0284105
0.0054851,0.00385713,0.00153527,0.0098937,0.0035195,0.00461803
0.0379374,0.0243384,0.033586,0.128882,0.0351513,0.0253567
0.00772852,0.00520228,0.00204213,0.0242238,0.00342828,0.00819318
0.00861954,0.00622442,0.0125006,0.0298515,0.00942823,0.00731628
0.0110326,0.0074106,0.0043368,0.0101403,0.00332042,0.00507286
0.0135805,0.00976203,0.0176111,0.0507894,0.0128526,0.0142208
0.0187693,0.0123589,0.00894994,0.0373841,0.00875944,0.0116801
0.0544153,0.0245087,0.0214482,0.0795121,0.0216436,0.0298882
0.0528552,0.0232894,0.0206915,0.0731876,0.0175255,0.026602
0.00448872,0.00319579,0.00241896,0.0142929,0.00404931,0.0053434
0.0115681,0.00770342,0.00362068,0.0182355,0.00407919,0.00536406
0.0085438,0.00576964,0.00287542,0.0097014,0.0035199,0.00370607
0.0300833,0.0147271,0.01031,0.0704715,0.018416,0.0245968
0.0261212,0.0142528,0.0090212,0.0567934,0.0135386,0.0175878
0.00976785,0.00705595,0.00391781,0.0208658,0.00555498,0.0035076
0.01162,0.007567,0.0039441,0.0235682,0.00558383,0.00442529
0.0118704,0.00845727,0.00733959,0.0234366,0.00521147,0.00899961
0.0460711,0.0289692,0.0140131,0.0533039,0.0126954,0.0154538
0.0166031,0.0116184,0.0036597,0.0388685,0.00928321,0.0171598
0.0151672,0.0102913,0.00436389,0.0279159,0.0064859,0.00443606
0.0166292,0.0114136,0.00510472,0.017292,0.00422629,0.00552963
0.00689409,0.00511467,0.00359402,0.0175657,0.00370589,0.005308
0.00935759,0.00673492,0.00582226,0.0209707,0.00566633,0.0027639
0.0296055,0.0196569,0.0102323,0.0683096,0.0175642,0.0402625
0.0184638,0.012328,0.0155711,0.073422,0.0206133,0.0360689
0.0105202,0.0070609,0.00501534,0.0166626,0.00437545,0.00641181
0.00473996,0.00327489,0.00197882,0.00284438,0.000924171,0.00107616
0.0217542,0.0146905,0.00676887,0.0471071,0.0119651,0.0154798
0.0139473,0.00887543,0.00516292,0.0285895,0.00739848,0.00772775
0.00590494,0.00362765,0.00438749,0.0243499,0.00671705,0.00769604
0.029201,0.0192822,0.00808304,0.0435279,0.0140631,0.0284938
0.0236084,0.0162024,0.00951574,0.0425816,0.0139293,0.0160076
0.00611365,0.00386233,0.00282633,0.0208804,0.0052741,0.00921486
0.0114152,0.00728444,0.00737056,0.0485743,0.0113518,0.00582742
0.0104409,0.00760098,0.00382918,0.0161166,0.00519515,0.0015788
0.0438937,0.0282011,0.0161391,0.0466301,0.0125061,0.0228565
0.0171875,0.0117724,0.00518378,0.0260385,0.00570894,0.00642274
0.0195871,0.0131759,0.00655522,0.0429086,0.0114689,0.00445406
0.0195158,0.00784678,0.00655004,0.0311937,0.0101538,0.0120423
0.0365794,0.0173683,0.0106432,0.0600578,0.0148983,0.0131018
0.038548,0.0183704,0.0112205,0.0555324,0.011732,0.0184421
0.0212737,0.0144167,0.00811932,0.0393641,0.00971417,0.006151
0.0273796,0.0180709,0.0324813,0.134319,0.0390876,0.0504068
0.0435651,0.0225499,0.0211803,0.162017,0.0404432,0.044953
0.0226791,0.0149972,0.00737947,0.0441044,0.0117872,0.00732969
0.0162312,0.0110488,0.0139778,0.0283668,0.00758027,0.00674982
0.0121378,0.00814769,0.0044524,0.023448,0.00538584,0.00570202
0.00584444,0.00377751,0.00325577,0.0142222,0.00467437,0.00389223
0.0138875,0.00942062,0.00439619,0.0347742,0.00903927,0.00267454
0.0105942,0.00711661,0.00353818,0.0141371,0.00421637,0.00549187
0.00682728,0.00451123,0.00239363,0.0129668,0.00279759,0.00554902
0.0242975,0.0172769,0.0186782,0.0579036,0.0134625,0.0214794
0.0277325,0.0177547,0.00921929,0.0397198,0.0100612,0.0059784
0.00849145,0.00585795,0.00374784,0.01838,0.00427216,0.00781367
0.0411184,0.0259311,0.0296351,0.0890308,0.0246408,0.0239002
0.0275037,0.0187273,0.00769924,0.0409049,0.0121595,0.010062
0.0145837,0.00967208,0.00974074,0.0645171,0.0173679,0.0111983
0.00962587,0.00644327,0.00320421,0.033582,0.00770207,0.00599204
0.0122276,0.00827313,0.00747755,0.0280279,0.00600377,0.00178972
0.00762438,0.00573914,0.00361802,0.0148563,0.00494772,0.00296035
0.00543564,0.0035665,0.00297818,0.0162368,0.00430665,0.00357942
0.0219882,0.0115576,0.0086403,0.0456106,0.01265,0.0111136
0.0401408,0.0236756,0.0136718,0.059116,0.0141141,0.0136445
0.0135972,0.00924827,0.00356659,0.0175019,0.004503,0.00224588
0.0227717,0.0148101,0.018348,0.0704611,0.0191857,0.025856
0.00611086,0.00412921,0.0034794,0.0136764,0.00305662,0.00293645
0.0142717,0.00976084,0.00512762,0.0224106,0.00773307,0.0096001
0.0600375,0.0180014,0.0405106,0.176536,0.0470563,0.0600365
0.0622748,0.0239173,0.0435203,0.163504,0.0417198,0.0531326
0.0235303,0.0157494,0.00854727,0.0265701,0.00880778,0.0236236
0.0187027,0.0119301,0.0155169,0.0398418,0.0113069,0.0240554
0.0108213,0.00733777,0.00411797,0.020147,0.00546531,0.00375828
0.0464052,0.0242876,0.0219594,0.114365,0.0318676,0.0430284
0.0210286,0.013467,0.0173366,0.0916199,0.0239754,0.0253457
0.012985,0.00860678,0.00543748,0.0239554,0.00572734,0.0051148
0.0097256,0.00659932,0.00385307,0.00536829,0.00109147,0.00353708
0.02479,0.016763,0.00739752,0.0449738,0.0123286,0.0299358
0.0168633,0.0111156,0.00502983,0.0317118,0.00756564,0.011515
0.0224366,0.0148509,0.00885285,0.0256906,0.00607087,0.0123315
0.0144681,0.00988079,0.00750495,0.0598019,0.0154403,0.0312275
0.020909,0.013662,0.0093204,0.0725826,0.0157383,0.0275048
0.0304899,0.0197287,0.0178964,0.108643,0.0276253,0.0214568
0.00580616,0.00393905,0.00251888,0.011601,0.00198794,0.00186487
0.00819784,0.00569133,0.00266325,0.0159524,0.00299798,0.00368153
0.0205042,0.0135737,0.00688399,0.0362694,0.00893281,0.00614375
0.0237046,0.016422,0.00916718,0.027063,0.00788596,0.00742662
0.0238883,0.0162971,0.0165016,0.0617699,0.0182778,0.0208734
0.00460232,0.00335388,0.00247713,0.00328478,-0.000178636,0.00328318
0.012747,0.0080169,0.0228383,0.0869901,0.0250264,0.0337433
0.0124659,0.0084583,0.00374583,0.0134545,0.00541677,0.00514883
0.0133061,0.00918623,0.00518064,0.0213228,0.00570404,0.0144065
0.011692,0.0081982,0.00378556,0.0221379,0.00488044,0.000887555
0.0546488,0.0264592,0.0392995,0.189714,0.045541,0.0333008
0.00622255,0.00387864,0.0048136,0.0272862,0.0133469,0.00992899
0.0278384,0.0180617,0.0163655,0.167147,0.0442697,0.0239146
0.0189364,0.0127028,0.00718011,0.0349479,0.00903374,0.00470685
0.00442024,0.00289132,0.00198123,0.0156156,0.00400544,0.00297767
0.0221372,0.0147014,0.015727,0.0485129,0.0145651,0.0129195
0.0213953,0.0134273,0.0227103,0.103527,0.0255196,0.0238607
0.0454018,0.0289115,0.0123078,0.0761208,0.0184316,0.00907677
0.0273012,0.0182359,0.0189062,0.0750023,0.0201502,0.0180086
0.0352188,0.0221151,0.0480104,0.144594,0.0367504,0.0679328
0.0144367,0.00967747,0.00444326,0.0215458,0.00743675,0.00958934
0.0105436,0.0037306,0.00485221,0.0356707,0.0089047,0.00747353
0.0343507,0.0215334,0.0100078,0.064401,0.015928,0.0110188
0.013908,0.00970636,0.00539916,0.0270056,0.00714349,0.0100661
0.0156638,0.00600102,0.00654427,0.0373796,0.0106495,0.00659206
0.0154221,0.00611766,0.00634673,0.0340574,0.00972994,0.00541025
0.0235719,0.0158743,0.006073,0.0441894,0.0116094,0.00760963
0.0221759,0.014648,0.00787971,0.0138373,0.00380368,0.00747058
0.0061511,0.00447884,0.00209368,0.0173089,0.00313426,0.00196284
0.012461,0.00825112,0.0036818,0.0243165,0.00621922,0.00671206
0.0249493,0.0163861,0.0222151,0.0332885,0.00820897,0.0236942
0.0166771,0.0109948,0.004649,0.0442134,0.0094171,0.0204443
0.00576838,0.0038616,0.002438,0.0126772,0.00311509,0.00571711
0.00968135,0.00665469,0.00606403,0.017262,0.00424421,0.00349664
0.039492,0.0253016,0.0168091,0.0603809,0.0172403,0.0254111
0.0423631,0.0266849,0.0217738,0.0249846,0.00699383,0.0208912
0.0631293,0.0359643,0.029082,0.116118,0.0290257,0.0321914
0.0389947,0.0235504,0.0131731,0.0734185,0.0223023,0.0227663
0.0691168,0.0346294,0.0246839,0.142403,0.0355082,0.0333496
0.0110268,0.00739262,0.00418887,0.0139186,0.00533603,0.00597247
0.0151825,0.0101573,0.00753527,0.0190886,0.00524241,0.00823257
0.00923392,0.0064508,0.00455977,0.00247578,0.000512112,0.00375906
0.00551799,0.00395857,0.00229421,0.012197,0.0027016,0.00274411
0.0215656,0.014315,0.00822897,0.0494854,0.0121078,0.00615586
0.0111785,0.00761363,0.00520491,0.025578,0.00507719,0.00374294
0.0253698,0.0170949,0.00649857,0.0265661,0.00747163,0.0173672
0.0181335,0.0121453,0.00602728,0.0203323,0.0058082,0.0198185
0.0332909,0.021517,0.0161647,0.0645097,0.0172322,0.016447
0.00889137,0.00621879,0.00563558,0.0335364,0.00872752,0.00434618
0.00786301,0.00582648,0.00282406,0.010321,0.00297428,0.00246102
0.032731,0.0206488,0.0343754,0.145939,0.0444043,0.0649024
0.0075861,0.00513021,0.00376086,0.018171,0.00487473,0.0020999
0.0234942,0.0151455,0.0157732,0.0580097,0.0147531,0.0416564
0.0156726,0.0106206,0.00696895,0.0363802,0.00861442,0.00708027
0.00826357,0.005438,0.00350313,0.0239746,0.00522422,0.00496749
0.0195802,0.013588,0.00532836,0.0275904,0.00589644,0.0102341
0.0585186,0.0289651,0.024923,0.108831,0.0271126,0.0389023
0.0257879,0.0166315,0.0125403,0.0661185,0.0159686,0.0309886
0.0185853,0.0125409,0.00795109,0.0317121,0.00876134,0.00160148
0.0179184,0.012131,0.00677922,0.025045,0.0048307,0.0055467
0.00695624,0.0047644,0.00290751,0.0120986,0.00306723,0.00360772
0.0067118,0.00478808,0.00250869,0.0120883,0.0021444,0.00410034
0.0224644,0.0148253,0.00526368,0.0325779,0.0106942,0.0111568
0.014858,0.0102029,0.00961121,0.0480888,0.0128702,0.00895113
0.00686742,0.00478967,0.00940021,0.047876,0.0135987,0.00971012
0.0114611,0.00771992,0.00307528,0.0218764,0.00430909,0.00500999
0.0162622,0.0113424,0.00465252,0.0180199,0.00544442,0.00507439
0.0300244,0.0196343,0.0127452,0.0422836,0.0116627,0.0172359
0.0217109,0.01448,0.012097,0.0521926,0.0128807,0.0116391
0.0393822,0.024353,0.0115781,0.0555624,0.0139975,0.00784842
0.0148671,0.00995881,0.00500928,0.0239528,0.00547939,0.00505613
0.0156545,0.0108277,0.0080754,0.0391232,0.0110887,0.00915185
0.0422839,0.0255975,0.0127943,0.0562295,0.0156908,0.0283439
0.0383645,0.0258397,0.0127759,0.0462943,0.00947671,0.0122546
0.00489368,0.00333044,0.00203234,-0.0004326,0.000181535,0.00390033
0.012006,0.00810991,0.00393369,0.0150128,0.00677522,0.0108708
0.0287696,0.0190202,0.00852997,0.0504906,0.0126753,0.0165991
0.00812943,0.00579404,0.00435951,0.00301233,0.000816002,0.00224469
0.0395039,0.0255036,0.0128782,0.0541201,0.0144931,0.0148681
0.00653074,0.00442759,0.00270246,0.0145095,0.00410846,0.00426864
0.0197712,0.0133796,0.00579486,0.0221068,0.00603307,0.0071322
0.0163966,0.011333,0.0261832,0.0964564,0.0250245,0.0546879
0.0462336,0.0303097,0.0169673,0.0644043,0.0176935,0.0371293
0.0182327,0.0117298,0.0139207,0.0568534,0.0158379,0.0112678
0.0356697,0.0237116,0.0113523,0.0659478,0.0175337,0.011195
0.0300418,0.0202581,0.00975531,0.0394096,0.0102531,0.00935654
0.00713824,0.00513026,0.00395299,0.0184045,0.004273,0.00518703
0.0183179,0.0123115,0.00559087,0.0268225,0.00667812,0.00838909
0.0241323,0.0158702,0.00835862,0.0321227,0.00934176,0.0136388
0.0217978,0.0134066,0.0103166,0.036337,0.00961104,0.00541115
0.0101422,0.00710054,0.0039598,0.0190248,0.00389364,0.00392944
0.0157145,0.0107637,0.0051745,0.0193239,0.00444348,0.0118345
0.01997,0.0131051,0.00672707,0.0721401,0.0154939,0.0293497
0.0112686,0.00811553,0.0031089,0.023391,0.00611279,0.00432284
0.00898765,0.00618512,0.00398184,0.0351647,0.00786319,0.0076437
0.0194285,0.0134539,0.00822087,0.0317129,0.00819228,0.0116596
0.0152015,0.00725862,0.00620019,0.0235643,0.00523452,0.00534608
0.0152966,0.0071963,0.00610863,0.0240166,0.00429275,0.00533533
0.008876,0.00603655,0.00213724,0.0206806,0.0059281,0.0020894
0.0174987,0.0064589,0.0115135,0.0660804,0.0232637,0.0222244
0.0350949,0.0204725,0.0292334,0.126928,0.0338993,0.0401031
0.00929142,0.00625307,0.00168359,0.0237444,0.00590558,0.00526507
0.0134238,0.00926501,0.00293387,0.0182712,0.00563203,0.013318
0.0251862,0.0166572,0.0113996,0.0573563,0.0149328,0.0236513
0.00511706,0.00372581,0.0028252,0.0103423,0.00425835,0.00797636
0.00696191,0.00511189,0.00304077,0.0114246,0.00280059,0.00609823
0.00968061,0.0068862,0.00498101,0.0229416,0.00559844,0.00379802
0.0104258,0.00698055,0.00646071,0.0278452,0.00655116,0.0123009
0.00672038,0.00486557,0.00323159,0.0120324,0.0036232,0.00221739
0.0210285,0.0141305,0.00757576,0.0243138,0.00535225,0.00890891
0.0158907,0.0109073,0.00503811,0.0226754,0.00630995,0.00692637
0.0198437,0.0132051,0.00506898,0.0347091,0.00927047,0.0230211
0.0175411,0.0117872,0.0044107,0.0322843,0.00687312,0.0110956
0.0311019,0.0211234,0.00931387,0.0416342,0.0116087,0.0174642
0.00765454,0.00511098,0.00281498,0.0173446,0.00347934,0.000965059
0.011505,0.00801219,0.00403338,0.0110567,0.00245744,0.00200093
0.017141,0.0114752,0.00815394,0.0327799,0.00921175,0.00662224
0.0142938,0.00964067,0.00485446,0.03427,0.00854775,0.00359983
0.0206252,0.0115333,0.00653918,0.0333059,0.00688395,0.0122316
0.00559445,0.00360236,0.00676685,0.0279454,0.00757284,0.00715778
0.0191692,0.0128528,0.0201684,0.0764633,0.0174765,0.0312252
0.00965767,0.00636189,0.0040814,0.0213526,0.00585062,0.00102453
0.032476,0.0147438,0.0084595,0.0543488,0.0135013,0.0149824
0.0387353,0.0143711,0.0111382,0.055269,0.0108522,0.0116686
0.0237693,0.014373,0.008001,0.0400917,0.00699508,0.00676133
0.018749,0.0100638,0.00789436,0.036985,0.0101928,0.00820857
0.0160568,0.0110018,0.00424654,0.0199811,0.00578934,0.00364981
0.0141182,0.00988439,0.00882858,0.0230459,0.00655558,0.00456594
0.00932257,0.00620405,0.00463338,0.023545,0.00596427,0.010063
0.0137747,0.00911149,0.00544242,0.0254505,0.00554381,0.00434764
0.0075522,0.00524012,0.0033148,0.00412389,0.000950303,0.00818706
0.0139468,0.00928011,0.00442145,0.0253848,0.00574477,0.0120152
0.0271748,0.017891,0.00770449,0.034468,0.00831998,0.00318595
0.0193116,0.0136407,0.00620709,0.0364622,0.00834324,0.01152
0.0338206,0.0206925,0.0171117,0.0735813,0.0190295,0.0152047
0.0150799,0.0102357,0.00682339,0.0432846,0.0111909,0.0117031
0.00788245,0.0055604,0.0021354,0.0131827,0.00383127,0.00783101
0.0109777,0.00757914,0.00372378,0.0160477,0.00284313,0.00565931
0.0171202,0.00719114,0.00749007,0.035759,0.00877944,0.00744531
0.0175541,0.00723984,0.00755182,0.0361411,0.00748198,0.00611022
0.0250432,0.0147838,0.0174725,0.0805144,0.0229496,0.0148668
0.0285334,0.016583,0.0169187,0.0724964,0.0187999,0.0213491
0.0238038,0.0161398,0.00894512,0.0275174,0.00694364,0.013145
0.00989556,0.00653744,0.00519937,0.0205632,0.00610814,0.00885381
0.0381764,0.0237734,0.012845,0.0306482,0.00806561,0.0269409
0.00895676,0.00608104,0.00372571,0.0185647,0.00384362,0.0026299
0.0279728,0.0181516,0.0175634,0.0843634,0.0219203,0.0302065
0.0167078,0.0118563,0.00359704,0.0175929,0.0036633,0.00303599
0.00522613,0.00355305,0.00364717,0.0163819,0.00393303,0.00996589
0.0407354,0.0251942,0.017794,0.0861042,0.0211414,0.032579
0.0208934,0.0129215,0.0071596,0.0322733,0.0095377,0.0118121
0.00984414,0.00674652,0.00370198,0.0134086,0.00523095,0.00932459
0.00949473,0.00657349,0.00334271,0.017168,0.0055331,0.0065744
0.0196971,0.0123248,0.00540732,0.0277476,0.00690029,0.0122469
0.0185822,0.0123284,0.0143135,0.0809605,0.0243856,0.0250157
0.0230732,0.0156867,0.00808249,0.023041,0.00677187,0.0125584
0.013641,0.00898167,0.00474775,0.0267747,0.00690243,0.00344447
0.0099964,0.00654418,0.00327012,0.017101,0.00579593,0.00829039
0.0108443,0.0073281,0.00239549,0.0206753,0.00386309,0.0049711
0.0330363,0.0142406,0.0149509,0.0583175,0.0138302,0.0160494
0.0335766,0.0142704,0.0143997,0.0526418,0.0112972,0.016058
0.0107812,0.0073595,0.00443723,0.024119,0.00499821,0.00588858
0.0275635,0.0161778,0.0126532,0.0680837,0.017737,0.0241952
0.0189865,0.0123632,0.00547044,0.0327435,0.00771526,0.00608038
0.00652146,0.00422818,0.00254426,0.0111628,0.00294582,0.00177388
0.00579138,0.00400333,0.0021415,0.0186418,0.00375616,0.00110283
0.00991379,0.00693544,0.00340587,0.0159737,0.00329182,0.00462503
0.0525527,0.0331411,0.0193338,0.0592686,0.0179912,0.0563352
0.0269531,0.0148264,0.0616412,0.268652,0.0652874,0.149076
0.0138856,0.00931811,0.00550097,0.0292438,0.00681975,0.00773414
0.00475568,0.00320866,0.00403163,0.0279369,0.00946219,0.0108318
0.0395356,0.023396,0.020251,0.10308,0.0269197,0.0205722
0.0130056,0.00878084,0.0133277,0.0522609,0.0126076,0.0148177
0.0126203,0.00909969,0.00790456,0.0248835,0.005522,0.00714406
0.0235676,0.0158625,0.00712581,0.0347257,0.0111407,0.0180227
0.0105231,0.00702514,0.00196087,0.0200416,0.00509328,0.00396371
0.0148347,0.0103882,0.00951261,0.0188096,0.00478927,0.00760007
0.0356981,0.02328,0.0144611,0.0556236,0.014375,0.0259344
0.0219095,0.0118186,0.0237242,0.118529,0.0357974,0.0588547
0.00815837,0.00563617,0.00318827,0.0140516,0.00328216,0.00233096
0.0118796,0.00671119,0.00439202,0.00945112,0.00308216,0.00647956
0.0244251,0.0163673,0.00898036,0.0550299,0.016023,0.00778214
0.0248149,0.0160702,0.0072406,0.0362361,0.0096263,0.00523702
0.0194236,0.0127553,0.010702,0.0508463,0.0114155,0.011402
0.033722,0.0222269,0.0081986,0.0429935,0.0127118,0.0162711
0.00677046,0.00510184,0.00558398,0.0394726,0.0111349,0.00411309
0.0134618,0.0093227,0.00555406,0.0218867,0.00652232,0.00571711
0.0180838,0.0121524,0.0089824,0.0371788,0.0088426,0.002741
0.0300812,0.0203665,0.0165473,0.0772418,0.0220188,0.0231025
0.0130182,0.00876151,0.00498082,0.0185899,0.00411767,0.00410339
0.0071777,0.00438418,0.0024499,0.0191055,0.0056233,0.00657682
0.026021,0.0170374,0.00986966,0.031645,0.0103595,0.0163756
0.00522432,0.00365412,0.0011813,0.00984009,0.00188634,0.00523396
0.0300835,0.0198582,0.0143809,0.0556728,0.0144249,0.0246508
0.00825733,0.00604129,0.00299843,0.0161291,0.0027719,0.00376183
0.0384794,0.0243567,0.0140921,0.0478585,0.0128997,0.0237292
0.00635907,0.00412446,0.00262872,0.0167853,0.00385543,0.00303998
0.0285148,0.0195932,0.00687834,0.0358006,0.00812692,0.0196852
0.0105711,0.00713317,0.00428214,0.0167979,0.00403794,0.00494949
0.014071,0.00960003,0.0174429,0.12212,0.0328918,0.0540426
0.0395459,0.0259989,0.0401719,0.123434,0.0333852,0.0438686
0.0246575,0.0158209,0.011054,0.0398339,0.01194,0.0113527
0.0204823,0.0136359,0.0077337,0.0564474,0.0136415,0.0200963
0.0559075,0.0347801,0.0168868,0.0786846,0.0196958,0.0339691
0.00586133,0.00393477,0.00256157,0.0147332,0.00352295,0.0013357
0.0130823,0.00766051,0.0065915,0.0322674,0.00963681,0.00709474
0.0142033,0.00771741,0.00691913,0.0320748,0.00841706,0.00771429
0.0189401,0.0125565,0.0144596,0.0616807,0.0153801,0.0349073
0.00478299,0.00367663,0.00236135,0.0153605,0.00377477,0.00651972
0.00798462,0.00573905,0.00259878,0.0131685,0.00437396,0.00412942
0.0129407,0.00921048,0.00792766,0.0174091,0.00397922,0.0079257
0.0406129,0.0256401,0.0206547,0.090836,0.026615,0.0211767
0.0479015,0.0170612,0.0295909,0.126449,0.0373137,0.0417252
0.0576292,0.0170727,0.0314934,0.130276,0.0360368,0.0447601
0.0125399,0.00800829,0.00462671,0.0398564,0.00918594,0.0126631
0.0173352,0.0113206,0.00544252,0.0157161,0.00640062,0.00681175
0.0260288,0.0171396,0.00805726,0.0354289,0.0109854,0.00371468
0.0251567,0.0170462,0.0106975,0.0565207,0.0138241,0.0191271
0.0793072,0.0413742,0.0352074,0.184411,0.0495238,0.0592731
0.0255284,0.0166933,0.0238758,0.119234,0.0285575,0.0405715
0.0127517,0.00889954,0.00352052,0.027065,0.00513865,0.00468718
0.0112234,0.00785456,0.00556985,0.0205743,0.0066406,0.00704519
0.0301491,0.0198273,0.00940698,0.0334037,0.00873752,0.0182148
0.0222954,0.0147127,0.00749602,0.0294545,0.00897635,0.0134476
0.0249028,0.0166006,0.0091733,0.0454271,0.0100341,0.011457
0.00639164,0.00442878,0.00284945,0.0118805,0.00283829,0.00662704
0.0472604,0.0295147,0.0112297,0.0641578,0.0143741,0.0145608
0.0515129,0.0307727,0.0162334,0.0860398,0.0199171,0.0236913
0.0228709,0.01511,0.0163673,0.0646133,0.0161571,0.0189789
0.0128729,0.008545,0.00408525,0.0257501,0.00650527,0.00167717
0.0272023,0.0178154,0.0430917,0.155559,0.0378924,0.0352008
0.0343866,0.021436,0.0165704,0.067406,0.0166741,0.0429644
0.0280264,0.0176571,0.0145032,0.0706355,0.0182672,0.00670781
0.0107546,0.00766588,0.00478401,0.017338,0.00403032,0.00383496
0.0160037,0.0111702,0.00850702,0.0419391,0.0110562,0.0263182
0.0260187,0.0168636,0.0143028,0.0660208,0.0158491,0.0205983
0.0058205,0.00385152,0.00281484,0.0100256,0.00330348,0.003417
0.0104528,0.00662576,0.00374579,0.0264022,0.00599673,0.00828446
0.0338301,0.0224208,0.0262912,0.101995,0.0277343,0.0737801
0.0148532,0.010092,0.00576028,0.0274453,0.00870705,0.00321992
0.0290475,0.0184197,0.0219495,0.0577712,0.0169553,0.020919
0.0148472,0.00967718,0.0056724,0.0242202,0.00877335,0.00536235
0.0240947,0.0159405,0.0125387,0.0657485,0.01884,0.0191308
0.0292599,0.0187576,0.0101162,0.0538235,0.0129164,0.0194964
0.0129815,0.0086781,0.00455677,0.0272682,0.00477164,0.00328705
0.0183019,0.0121298,0.0048061,0.0289101,0.00767421,0.013882
0.0117356,0.00787865,0.00464829,0.0459278,0.0133217,0.0146517
0.0128027,0.00887094,0.00443589,0.0205674,0.00593162,0.009035
0.0201172,0.0130509,0.0101025,0.0493627,0.0123598,0.00395655
0.0385175,0.0258711,0.0107819,0.0539801,0.0140675,0.0232796
0.0190567,0.0126922,0.00664893,0.0225434,0.00552408,0.0159281
0.0214443,0.0147263,0.00657813,0.0353245,0.00878414,0.00842239
0.0425186,0.0270539,0.0179108,0.0898639,0.0200134,0.0198597
0.0233383,0.0154432,0.00966388,0.0448506,0.0108174,0.0208136
0.0133388,0.00875656,0.00591358,0.0294147,0.00566704,0.00759195
0.024377,0.0162698,0.00609269,0.0320182,0.0073636,0.0120598
0.0109248,0.00747681,0.00318398,0.0178851,0.00619392,0.00803516
0.0222094,0.0128703,0.00854909,0.0589666,0.0158559,0.021355
0.031481,0.019632,0.0503437,0.167381,0.047121,0.136612
0.066734,0.0411698,0.0531949,0.215484,0.0572119,0.0549443
0.0211194,0.0147925,0.0128603,0.0344675,0.0111558,0.00958565
0.0351943,0.021865,0.0136705,0.0545649,0.0143131,0.0116659
0.0297966,0.019013,0.016773,0.087646,0.0218806,0.00884422
0.0177963,0.0117765,0.00498847,0.0352935,0.00787877,0.0147034
0.0341163,0.0226145,0.0111479,0.0654371,0.0159749,0.0239126
0.0151024,0.010574,0.00249076,0.0204294,0.00615386,0.00330436
0.0332438,0.0218541,0.0198522,0.0973111,0.025136,0.0228191
0.0067812,0.00490605,0.00255057,0.0192389,0.00452344,0.00453292
0.0142238,0.00977994,0.00313811,0.0138057,0.00464899,0.00752071
0.0192384,0.0128699,0.00858175,0.0436815,0.0103611,0.0106495
0.0151775,0.0103398,0.00450207,0.027068,0.00763763,0.0235809
0.00556146,0.00402735,0.00186759,0.0114312,0.00382795,0.00312249
0.00569292,0.00402587,0.00270951,0.0110345,0.00266573,0.00219634
0.00853905,0.00614379,0.00199788,0.0324508,0.0082492,0.00860502
0.0343389,0.0226815,0.0157838,0.0683913,0.0163034,0.0127222
0.0249305,0.0148106,0.0150792,0.0701191,0.018639,0.0214136
0.0432065,0.0184945,0.0199842,0.104162,0.0279674,0.0300789
0.0403748,0.0186111,0.0192377,0.0973087,0.0240489,0.0277848
0.0239122,0.0158643,0.00901882,0.0299112,0.0083592,0.00518678
0.015424,0.0103107,0.00469445,0.0240712,0.00646982,0.0121723
0.0951864,0.0439433,0.0422608,0.128941,0.0332576,0.0541534
0.0251974,0.0168107,0.00799675,0.0494201,0.0140213,0.0331372
0.00854099,0.00655584,0.00414438,0.0118423,0.00331023,0.0060842
0.0113248,0.00799723,0.00449222,0.0179849,0.00427476,0.00315587
0.0178362,0.0121482,0.00417844,0.010882,0.00211285,0.0146096
0.016906,0.011395,0.00506602,0.0221773,0.0056296,0.0077699
0.0218315,0.0147007,0.00769497,0.0352842,0.00716949,0.0094843
0.0513192,0.0273986,0.0547158,0.17893,0.0461341,0.0887675
0.00919324,0.00609814,0.00351674,0.0184613,0.00434893,0.00407147
0.00534627,0.00380367,0.00360219,0.0093944,0.00309447,0.00244932
0.026353,0.016271,0.0202781,0.0820328,0.0220466,0.0790052
0.0353286,0.0228287,0.0192499,0.0560827,0.0138265,0.0213998
0.0112553,0.00756114,0.00430278,0.0377668,0.0124546,0.00817038
0.0156799,0.0110202,0.0127356,0.0408586,0.0117634,0.0113736
0.0115868,0.00778449,0.00391033,0.0246024,0.00362931,0.00924685
0.036311,0.0222873,0.0217861,0.101359,0.0260627,0.0359501
0.022633,0.015248,0.0091819,0.0380193,0.00951205,0.00623198
0.0234582,0.0158507,0.00802442,0.0469918,0.0108372,0.017998
0.0584066,0.0328749,0.0196271,0.0813967,0.0212073,0.0174489
0.0215271,0.0130519,0.0320941,0.111457,0.0297552,0.0315866
0.0109584,0.0076733,0.00405801,0.0241529,0.00360753,0.00677621
0.0141371,0.00960286,0.00432005,0.0253259,0.00656233,0.00720011
0.0127141,0.00907959,0.00629643,0.0475531,0.0133797,0.0262947
0.0379228,0.0233378,0.0479795,0.165956,0.0405118,0.0634712
0.0192723,0.0133431,0.0061678,0.0367523,0.00928895,0.00753035
0.010205,0.00728704,0.0033054,0.0175947,0.00419892,0.0139372
0.0110793,0.00752068,0.00347948,0.0270069,0.00693692,0.007534
0.0191104,0.0108005,0.0054496,0.0341911,0.00976272,0.0096602
0.00516533,0.00341856,0.00224381,0.0195887,0.0049619,0.00545509
0.0254562,0.0169214,0.00918058,0.0364617,0.0108278,0.0232669
0.00756289,0.00506004,0.00608474,0.0239445,0.00659618,0.0077814
0.031924,0.0203198,0.0120123,0.067895,0.0192655,0.0396682
0.0137577,0.00990281,0.00391859,0.0222248,0.00491198,0.00824413
0.0131855,0.00899459,0.00475516,0.00155382,0.00123925,0.00667641
0.0177213,0.0119476,0.0123956,0.0474631,0.0120574,0.0347426
0.0187873,0.0124902,0.00690275,0.0384041,0.01085,0.0167573
0.0314555,0.0200357,0.00902947,0.0580288,0.0129498,0.0224542
0.0370271,0.0251045,0.0113284,0.0646254,0.0153353,0.0217336
0.00661535,0.00481655,0.00339182,0.0156316,0.00239616,0.00374621
0.032798,0.0166418,0.0109421,0.0636927,0.0163941,0.0250026
0.0293637,0.0189389,0.0100377,0.047152,0.0118404,0.0115777
0.0113262,0.00792682,0.00439144,0.0265318,0.00470718,0.00517271
0.00717895,0.00475377,0.00140522,0.0112996,0.00475977,0.0121773
0.0170152,0.0117477,0.0129065,0.0746322,0.0185551,0.0137851
0.0186511,0.0123408,0.00581743,0.0361058,0.00863743,0.00378073
0.0165204,0.0114303,0.00562559,0.0305096,0.0057441,0.00319844
0.0275127,0.0180458,0.00818184,0.0459111,0.0119177,0.00692827
0.00962836,0.00637537,0.0034749,0.00237822,0.000588718,0.00796699
0.0076595,0.0051432,0.00291636,0.0148143,0.00554047,0.00640567
0.0608817,0.0365091,0.0326988,0.149665,0.0392649,0.0980444
0.00826308,0.00536613,0.00242319,0.0215052,0.00628195,0.00178777
0.0049784,0.00333626,0.00194159,0.0140038,0.00385818,0.00240852
0.00923076,0.00630513,0.00396696,0.021629,0.0061104,0.00519418
0.0204376,0.0144813,0.0097071,0.0670585,0.0180985,0.0569532
0.0606689,0.0351057,0.0237903,0.096921,0.0261642,0.02259
0.00808099,0.00550982,0.00466113,0.0190012,0.00524607,0.0018573
0.0143867,0.00982391,0.00524853,0.0439353,0.00969432,0.0228141
0.0132348,0.00922436,0.00444551,0.0251805,0.0072617,0.00316832
0.010098,0.00719027,0.00807732,0.0250726,0.00340704,0.00424894
0.0270538,0.0177743,0.00990668,0.0256782,0.00697132,0.00845378
0.016467,0.0115477,0.00593375,0.0296676,0.00669602,0.00627907
0.0118174,0.00789305,0.00386762,0.0238931,0.00593898,0.00314061
0.0111408,0.00775056,0.00563188,0.021009,0.00589473,0.00892864
0.0174187,0.00890529,0.0236807,0.0934597,0.0229384,0.0253915
0.0170541,0.00898235,0.0198663,0.0714199,0.0124144,0.0229922
0.0260918,0.0175208,0.0100546,0.0459729,0.0115844,0.0069249
0.0102201,0.00691015,0.00410541,0.0178992,0.00321895,0.00370524
0.0193122,0.0132942,0.00402584,0.0265085,0.006656,0.00583104
0.00645395,0.00457691,0.00293871,0.0120726,0.00180655,0.00176647
0.0178526,0.0115731,0.00693212,0.0196517,0.00545023,0.00288896
0.0397565,0.02489,0.0103409,0.0552853,0.0153053,0.0321078
0.0278958,0.0185482,0.00576802,0.0339943,0.00861607,0.0131449
0.0221917,0.0145085,0.00440365,0.037149,0.0113963,0.0143484
0.0102685,0.00668097,0.001619,0.0235165,0.00569221,0.00357392
0.0176577,0.0118363,0.0045719,0.0372956,0.00997481,0.0134789
0.00862622,0.00621753,0.00202577,0.0167186,0.00368664,0.00243376
0.0112132,0.00778869,0.00574434,0.0182075,0.00491491,0.00689065
0.0137751,0.00721174,0.00406321,0.0175329,0.00801991,0.00555864
0.0314274,0.0195553,0.00927068,0.0401569,0.0120902,0.0215946
0.0113235,0.00657995,0.0107871,0.0531004,0.0148158,0.0308648
0.0161159,0.0110654,0.0110958,0.0507074,0.0136021,0.00770562
0.0139996,0.0093283,0.00449572,0.0228798,0.00628321,0.00722242
0.0302954,0.0195752,0.011015,0.049846,0.0120774,0.0275027
0.00952362,0.00689914,0.00350967,0.0185335,0.00386809,0.00403653
0.0306379,0.0198356,0.0166968,0.066663,0.0154451,0.0209046
0.018591,0.0114937,0.0109876,0.033307,0.00748204,0.00954296
0.0205847,0.0128021,0.00562754,0.0216,0.00470393,0.00602061
0.0117802,0.00804453,0.00581001,0.0176951,0.00447213,0.0148779
0.0261153,0.0104013,0.0100501,0.0468296,0.0118277,0.020093
0.0198719,0.0132546,0.0135036,0.060514,0.0156744,0.0177366
0.0112954,0.00777196,0.00598928,0.0230052,0.00596514,0.00252596
0.0259404,0.0166466,0.00704211,0.034031,0.0110764,0.0206452
0.0387998,0.0258151,0.0146635,0.0607987,0.0157127,0.0224963
0.0164767,0.0109745,0.00419459,0.0328406,0.00968079,0.0094487
0.018969,0.0126093,0.00602706,0.0254886,0.00661087,0.0134153
0.0195967,0.0132874,0.0189962,0.114966,0.0294924,0.0280116
0.00911062,0.00655518,0.00660805,0.0338766,0.00668993,0.00939898
0.0104817,0.00704958,0.00324818,0.0171671,0.00463004,0.00570276
0.0115059,0.0076735,0.00368337,0.0375495,0.00636259,0.0133195
0.0390454,0.0200567,0.017171,0.0663431,0.0191753,0.0297765
0.0201642,0.0137384,0.00700667,0.0203334,0.00612375,0.00508048
0.0131278,0.00619621,0.00503335,0.0487364,0.0136561,0.0133515
0.0525751,0.0298504,0.0332533,0.13673,0.0308005,0.0254339
0.00820241,0.00604582,0.00319356,0.00881921,0.00538571,0.00438572
0.0186323,0.0125636,0.0129449,0.0407098,0.0112309,0.0158361
0.0200978,0.0131135,0.0141384,0.0591133,0.0145997,0.00719222
0.020988,0.0138875,0.00890582,0.0518085,0.0155028,0.0104408
0.0605955,0.0340017,0.0364231,0.143401,0.0365761,0.0636625
0.00968109,0.00678801,0.00288529,0.0390361,0.0102875,0.00847871
0.00575044,0.00399592,0.00193858,0.0218102,0.00461012,0.00642267
0.0372696,0.0197077,0.0128226,0.0441841,0.0118257,0.0157782
0.0309318,0.0146191,0.0106,0.0281206,0.00626525,0.00835818
0.0271632,0.017694,0.0103178,0.0519996,0.0129215,0.00674646
0.0161785,0.0113631,0.00539235,0.00573135,0.00152205,0.00629523
0.0161219,0.0110758,0.00522323,0.0238977,0.00496257,0.00773864
0.0260151,0.0169625,0.0124779,0.0576021,0.0143172,0.0405092
0.0309085,0.0192234,0.017625,0.0852393,0.0226772,0.0396753
0.00638285,0.00447494,0.00319944,0.00995222,0.00292452,0.00629929
0.00595061,0.00421289,0.00295601,0.0161745,0.00306139,0.00221844
0.0148198,0.0101661,0.00346948,0.022643,0.0066761,0.00661086
0.0223474,0.0149039,0.0111253,0.0465204,0.0120698,0.0187028
0.0150634,0.00973887,0.00593974,0.0213556,0.00737988,0.0138353
0.0110072,0.00750902,0.00456879,0.0219091,0.00596669,0.00830099
0.0150407,0.0104431,0.0047401,0.0336235,0.00738393,0.00347493
0.0105602,0.00664456,0.00398946,0.0213393,0.00548877,0.00605291
0.00603903,0.00393775,0.00816029,0.0221707,0.00729185,0.0104235
0.0275774,0.0182575,0.00568547,0.0475415,0.0113474,0.0091383
0.0214267,0.0144957,0.00580375,0.019992,0.00654327,0.00570233
0.0349397,0.0210397,0.0361124,0.158926,0.0412825,0.046197
0.0116179,0.00799339,0.00359804,0.0217087,0.00707899,0.00447716
0.012477,0.00913719,0.00451858,0.0176231,0.00450283,0.00856691
0.0402213,0.0161425,0.0192528,0.0999108,0.0262412,0.0328142
0.0405354,0.0160752,0.0190965,0.0986348,0.0240822,0.031885
0.0187416,0.012625,0.00546166,0.0115577,0.00386895,0.00619027
0.071827,0.0281238,0.0543541,0.177335,0.0460778,0.0662818
0.0680968,0.0281351,0.0520786,0.165505,0.0384981,0.0615635
0.0134911,0.00939361,0.00422905,0.0431994,0.0107523,0.0207589
0.0195776,0.0128256,0.00622461,0.0438574,0.0103801,0.00246156
0.0182752,0.011752,0.0057149,0.0427802,0.0106799,0.0043918
0.0078267,0.00521902,0.00424096,0.0178458,0.00593783,0.0102944
0.0186886,0.0124922,0.00697549,0.0318917,0.00896801,0.0100125
0.0176975,0.0118949,0.00910996,0.0286056,0.00771091,0.00687582
0.00868231,0.00586204,0.00499336,0.0477871,0.0112804,0.0213384
0.021136,0.0143831,0.00775883,0.0382986,0.00932616,0.00759304
0.0153119,0.0102127,0.00342367,0.0330564,0.00675641,0.00802713
0.0315891,0.014268,0.0117437,0.0579993,0.0158019,0.00946332
0.0300238,0.0121854,0.0106584,0.040193,0.00854548,0.00671507
0.0226255,0.015103,0.0151974,0.0564216,0.014863,0.0179074
0.0154995,0.0102845,0.00562634,0.0347638,0.0110113,0.0115273
0.0174551,0.0117939,0.00603419,0.028377,0.0054419,0.00951858
0.0230006,0.0154069,0.00660324,0.0324294,0.00781549,0.0212721
0.0142917,0.0098797,0.0131066,0.0316304,0.0100624,0.0104442
0.0325188,0.0168165,0.0204011,0.0964537,0.0270526,0.0329286
0.0296965,0.0150763,0.0177262,0.0819583,0.020575,0.0261554
0.0236512,0.0159733,0.0082324,0.0270293,0.00987023,0.0158813
0.0412177,0.0264068,0.0106872,0.0712559,0.0189047,0.031269
0.0253066,0.0177114,0.0151204,0.040609,0.0112922,0.0108068
0.00741668,0.00526273,0.00239326,0.017453,0.00476026,0.00216679
0.00908243,0.0065061,0.00342962,0.0168049,0.00278729,0.00179919
0.0519644,0.0329295,0.02089,0.0771035,0.0208923,0.0200588
0.0145827,0.0102502,0.0110682,0.039541,0.010208,0.00544477
0.0180859,0.00860751,0.0106946,0.0576792,0.0145411,0.0204991
0.0146045,0.00963049,0.0049284,0.0247242,0.00716173,0.00264257
0.00775014,0.00538227,0.00328173,0.015014,0.00518184,0.00198632
0.0073761,0.0053017,0.00279377,0.0121898,0.00351342,0.00393807
0.00596919,0.00399234,0.0041879,0.016112,0.00371732,-0.000253503
0.00951771,0.00655048,0.00557242,0.0158509,0.00560376,0.00596615
0.00432759,0.0032581,0.00215121,0.0114383,0.0040171,0.0039919
0.0289886,0.0182807,0.0124858,0.0711488,0.0157075,0.0187531
0.0178593,0.0118023,0.0150262,0.0511703,0.0142849,0.0248812
0.00706203,0.00460419,0.00253164,0.00973555,0.00369323,0.00521378
0.00553326,0.00379867,0.00213352,0.0178153,0.00349066,0.00320284
0.0117797,0.00789118,0.00448837,0.0148345,0.00271628,0.00347401
0.00675093,0.00489266,0.00287483,0.0129443,0.00309305,0.00327778
0.00707956,0.00487831,0.0022608,0.0106099,0.00235778,0.00313563
0.0361761,0.0238116,0.0114079,0.0455185,0.0118116,0.0111143
0.0247988,0.016674,0.00826085,0.0408589,0.0117518,0.005561
0.0127461,0.00884229,0.0116423,0.049335,0.0123557,0.011323
0.0198796,0.0133192,0.00705822,0.0336164,0.00827345,0.013241
0.0416021,0.0252936,0.01673,0.0985749,0.022332,0.0334222
0.0163638,0.00944127,0.00570363,0.0249143,0.00944134,0.00775303
0.0413941,0.0248443,0.022919,0.0948893,0.0237856,0.0209597
0.0261631,0.0166222,0.0282626,0.138576,0.0384117,0.0924286
0.0120464,0.00818889,0.00344394,0.0135583,0.00420685,0.00596062
0.0062586,0.00425123,0.00121098,0.016748,0.00478716,0.00599102
0.0241018,0.0152463,0.0132847,0.0687966,0.0184029,0.0257203
0.0320856,0.019225,0.0100765,0.0620386,0.0173112,0.0233798
0.0171733,0.0116065,0.00695622,0.0421774,0.0105457,0.0123366
0.0273034,0.0179028,0.00856819,0.0356578,0.0114326,0.0145084
0.0122316,0.00804037,0.00811475,0.0467289,0.0129712,0.0135909
0.0131304,0.00883543,0.00379286,0.0235402,0.00745676,0.00752111
0.0310069,0.020594,0.0182194,0.0591713,0.0153868,0.0176775
0.0209311,0.0146186,0.00702765,0.0188918,0.0062801,0.0243067
0.00526702,0.00345718,0.00221861,0.00195264,0.000855362,0.00333291
0.0127944,0.00796863,0.00481313,0.0193287,0.0040532,0.00676162
0.012816,0.00890869,0.00493495,0.0266405,0.00671436,0.00884333
0.00809689,0.00552651,0.00359881,0.0171189,0.00491218,0.00204915
0.0222634,0.0143688,0.008604,0.034249,0.00754452,0.00531681
0.0288677,0.0191941,0.0132683,0.0373055,0.00918616,0.0146257
0.0101559,0.00676758,0.00802886,0.0492422,0.0139761,0.0132076
0.0286125,0.018583,0.0246976,0.0916735,0.0245685,0.0383363
0.00959038,0.0066689,0.0016757,0.0208565,0.0052791,0.00346223
0.0328122,0.0205548,0.0197475,0.0429308,0.0111101,0.0216208
0.0089615,0.00622737,0.00315628,0.019673,0.00554145,0.00501296
0.00943172,0.00627267,0.00360876,0.0132159,0.00371593,0.00513619
0.0052442,0.00355124,0.0019906,0.0172148,0.0046248,0.00196966
0.0117603,0.00777665,0.00372849,0.014566,0.00210216,0.00276431
0.0124917,0.00853552,0.00466732,0.0273047,0.00723869,0.00591273
0.00905396,0.00640242,0.00350264,0.0156517,0.00466832,0.00368412
0.00608129,0.00405515,0.00571322,0.0267653,0.0083183,0.00997801
0.0047383,0.00325597,0.00421349,0.0203474,0.00453448,0.00229732
0.0162306,0.010819,0.00478048,0.0216217,0.00644766,0.00617517
0.0225007,0.00901752,0.00971492,0.0402736,0.0110237,0.0112262
0.0231795,0.00895368,0.00933312,0.040575,0.00941551,0.00972875
0.00770919,0.00510662,0.00345604,0.0173746,0.00671743,0.00890506
0.00763887,0.00513622,0.00349016,0.0202166,0.00531719,0.00202556
0.0249052,0.0165612,0.00772787,0.00845321,0.00214824,0.026719
0.0187004,0.00916812,0.00571037,0.0237641,0.00590218,0.0133046
0.0293846,0.0182158,0.00953021,0.0534165,0.0122179,0.0107372
0.00518146,0.00319334,0.00185491,0.0132512,0.00246642,0.00575777
0.0384268,0.024151,0.0193527,0.0770741,0.0188717,0.0176882
0.0133824,0.00891046,0.00484394,0.0306505,0.00552474,0.00383614
0.00858492,0.00583547,0.00181971,0.0146484,0.00261289,0.000901116
0.00770033,0.00535914,0.00298658,0.0109361,0.003972,0.00425729
0.00795838,0.00575319,0.00300713,0.000574843,0.000363095,0.00288023
0.00881576,0.00625117,0.00208307,0.0198615,0.00500962,0.0102285
0.0317126,0.0209536,0.0106909,0.0495686,0.0118718,0.0111894
0.00857075,0.00577493,0.00255382,0.018638,0.00393273,0.00411854
0.00597507,0.00390473,0.00350867,0.0159637,0.00325357,0.00264616
0.0148164,0.00993264,0.00512057,0.026584,0.00647727,0.0146534
0.0336808,0.0217141,0.0134815,0.0534301,0.0130883,0.0104433
0.00417868,0.00317675,0.00127212,0.0128373,0.00335732,0.000829509
0.0149021,0.0102899,0.0055534,0.0272539,0.00836225,0.0109532
0.0117668,0.00805863,0.00270401,0.0232125,0.00530213,0.00536416
0.0515357,0.0301464,0.0176516,0.0606475,0.0167035,0.0215009
0.00914687,0.00611072,0.00382711,0.0176571,0.00430294,0.00585769
0.00553737,0.00356181,0.00276623,0.0217177,0.0050766,0.00354068
0.0165816,0.0110226,0.0121666,0.0536179,0.0115075,0.00547202
0.00657295,0.00468594,0.0021954,0.00254047,-0.000181359,0.00476336
0.0190646,0.0124969,0.00323165,0.031786,0.00705203,0.00919025
0.0411087,0.0177017,0.0181514,0.0709105,0.0189729,0.0146408
0.0376234,0.0177334,0.0173023,0.0626524,0.0156756,0.0124137
0.010458,0.00733251,0.00223994,0.0174257,0.00463366,0.00550611
0.0238418,0.0155834,0.00717552,0.0255492,0.00638104,0.00722769
0.0265341,0.017948,0.0170999,0.0230569,0.00528783,0.0123322
0.0608957,0.0344989,0.0234576,0.082568,0.0220803,0.0287357
0.00986993,0.00650577,0.00457141,0.0278003,0.00672124,0.00295545
0.0392308,0.0245788,0.0173145,0.0763562,0.0190873,0.016883
0.00610662,0.00431501,0.00163318,0.0160592,0.0050936,0.00318386
0.00438181,0.00321374,0.00224517,0.0113815,0.0042052,0.00130429
0.00732663,0.00517826,0.00368512,0.0254835,0.00651562,0.00734401
0.0414421,0.0275993,0.0242306,0.0980787,0.0275494,0.0164459
0.0286304,0.0186468,0.0118227,0.0261611,0.00694781,0.00345808
0.0834409,0.0317814,0.0295201,0.126454,0.0306571,0.0356298
0.0183955,0.0120163,0.00783205,0.0563164,0.0130613,0.0104282
0.0654608,0.0354563,0.0304439,0.112543,0.0301618,0.0592601
0.0322807,0.0213569,0.0111137,0.0629333,0.0129892,0.0118026
0.0362556,0.0228131,0.0390243,0.235026,0.056844,0.0597582
0.0132116,0.00884468,0.00454728,0.0242606,0.00630538,0.0157837
0.00517827,0.00386059,0.00350515,0.0290676,0.00728351,0.00471986
0.00948091,0.0067905,0.0127326,0.0670147,0.0165778,0.0106783
0.0167592,0.0116285,0.00533952,0.0294782,0.00824482,0.0150726
0.00920882,0.00606674,0.00359299,0.0213001,0.00637642,0.0136661
0.0110603,0.00773039,0.011403,0.0359187,0.0108341,0.0114234
0.0106024,0.00748278,0.00455106,0.0215655,0.00465813,0.0017151
0.0192029,0.0101942,0.00766301,0.0382828,0.00929165,0.00404738
0.0194635,0.010064,0.00817393,0.0341768,0.0086909,0.00347355
0.0117315,0.00831306,0.00357665,0.0226289,0.0064056,0.00453048
0.03709,0.0245141,0.0164749,0.103175,0.0281002,0.0348813
0.0194332,0.0130477,0.00845349,0.0230732,0.00596263,0.00514126
0.0755802,0.0333196,0.0497649,0.206557,0.0501656,0.0703324
0.0264843,0.0172434,0.0117705,0.0583725,0.0156568,0.0251314
0.00525917,0.00378106,0.00380874,0.0269275,0.00572733,0.0147937
0.00635311,0.00423351,0.00282817,0.0165392,0.00505371,0.00578518
0.0235763,0.0151036,0.0117478,0.0554935,0.0142163,0.0175673
0.00825597,0.00540264,0.0037557,0.0172002,0.00338465,0.0041562
0.0242646,0.0160506,0.0146756,0.0634308,0.0158408,0.029736
0.0283486,0.0193133,0.0121326,0.0399261,0.00918115,0.00693215
0.015926,0.0107764,0.00491476,0.0286737,0.0089229,0.00620012
0.0156745,0.0102627,0.0132964,0.0932313,0.0248659,0.0444325
0.0112812,0.00737315,0.00446794,0.0189615,0.00512098,0.004486
0.0233206,0.0156492,0.00633468,0.0339819,0.0091531,0.0304064
0.00593856,0.00402728,0.00188825,0.0154109,0.00367113,0.00245883
0.0113636,0.0076123,0.00370932,0.0122663,0.00298547,0.00479605
0.0126478,0.00854793,0.00458807,0.0289714,0.00621324,0.00466274
0.0305276,0.0194052,0.018227,0.103302,0.0265176,0.0478747
0.0264159,0.0182606,0.00953568,0.0149503,0.00442027,0.00268163
0.0220461,0.0143452,0.0055715,0.0345264,0.00837772,0.00457299
0.106953,0.0459083,0.0709646,0.32929,0.0824367,0.237426
0.0188317,0.0122373,0.011038,0.0476213,0.0112946,0.0156404
0.0164607,0.0108978,0.00899636,0.0535662,0.0137646,0.0220316
0.0253145,0.0137421,0.00917189,0.0482852,0.0120125,0.00816838
0.020666,0.0112008,0.00753023,0.0321903,0.00691282,0.00436885
0.0380589,0.0244242,0.0127757,0.0523458,0.0112206,0.011064
0.0213557,0.0127945,0.0114267,0.064061,0.0169212,0.0412508
0.00823989,0.00600908,0.00158838,0.0120227,0.0045782,0.00289811
0.0144117,0.00940481,0.00600955,0.0229548,0.00698618,0.0173458
0.0142838,0.0100218,0.00444045,0.0215725,0.00590073,0.0144396
0.022238,0.0149918,0.00590639,0.0398187,0.00861709,0.0122037
0.0210998,0.0138768,0.0306541,0.0846242,0.0241405,0.0158662
0.0259873,0.017342,0.00858974,0.0322562,0.00768165,0.0198091
0.038778,0.0249187,0.0129201,0.0472629,0.00938514,0.0120196
0.0206514,0.0143176,0.00881195,0.0296303,0.00688224,0.00578723
0.020929,0.0143589,0.00796789,0.0343469,0.00681172,0.00457498
0.0120859,0.00834564,0.00494985,0.0215903,0.00490192,0.00966262
0.00449316,0.00313977,0.00198511,0.00836946,0.00252067,0.00535286
0.0125526,0.00855039,0.00553332,0.0232104,0.00720066,0.0124914
0.033551,0.0220392,0.0124346,0.0695,0.0178008,0.0182279
0.0240456,0.0153347,0.00967945,0.0389673,0.00939207,0.00715327
0.00484907,0.00311329,0.0021293,0.0169274,0.00509517,0.00652904
0.0113691,0.0082551,0.00740207,0.0182471,0.0031914,0.011268
0.012545,0.00838815,0.0031924,0.0189391,0.00478519,0.010627
0.0183304,0.0126066,0.00899223,0.0377046,0.0100117,0.0096761
0.008378,0.00608523,0.00312773,0.0199056,0.00457298,0.00223104
0.0335551,0.0209903,0.0104666,0.0454075,0.0104748,0.0213243
0.00716107,0.00491664,0.00427218,0.0218807,0.00527297,0.00389887
0.0142622,0.010167,0.00507699,0.0208424,0.00431251,0.00446723
0.0404236,0.0254689,0.0213859,0.103423,0.0276598,0.0248296
0.0249185,0.0160154,0.00990119,0.0226954,0.00906309,0.0213052
0.00657411,0.0042275,0.00584804,0.0248649,0.00706664,0.00608377
0.0299034,0.0189624,0.0144466,0.0925398,0.0236497,0.0490994
0.00466895,0.00314242,0.00167505,0.00457334,-0.000186108,0.000677065
0.0409265,0.0258802,0.0300687,0.150248,0.0381845,0.0865172
0.0090487,0.00596939,0.00248108,0.0172406,0.00421285,0.00390888
0.0183574,0.0119184,0.00672602,0.03607,0.00892499,0.0175838
0.0128644,0.00867431,0.00443737,0.0243796,0.00509074,0.00391088
0.0348873,0.0215567,0.0160673,0.0604001,0.0139596,0.0134458
0.0133939,0.00882931,0.00347166,0.0257785,0.00756487,0.0168433
0.0150137,0.00972306,0.00497607,0.0269587,0.00641103,0.00362243
0.0394983,0.0257958,0.0189685,0.059827,0.0173407,0.0266561
0.0231003,0.0150241,0.0136313,0.0544558,0.0148808,0.0229884
0.0092593,0.00606065,0.00253607,0.0129603,0.00400175,0.00564793
0.0327556,0.0217799,0.013489,0.040084,0.0103313,0.032571
0.0153303,0.0101161,0.0144858,0.0805321,0.0194083,0.0211867
0.0118556,0.00831497,0.00264538,0.0227822,0.00788755,0.0061828
0.00978086,0.0068902,0.00283521,0.0184253,0.00489242,0.00504749
0.03915,0.0242554,0.0162627,0.0690167,0.0161347,0.016666
0.0408041,0.0273701,0.0168459,0.0348547,0.00674391,0.0105543
0.00825425,0.00581104,0.00271293,0.0222686,0.00493048,0.00765357
0.0258986,0.016729,0.0185243,0.0588048,0.0154528,0.00898427
0.0179508,0.0121922,0.0123831,0.091195,0.0230557,0.0115145
0.0336556,0.0210202,0.0107592,0.0451461,0.0117029,0.0071829
0.0219513,0.0149875,0.0076565,0.033482,0.00720689,0.0072332
0.0077291,0.00548615,0.0041613,0.0335325,0.00901638,0.00559456
0.0220376,0.0147779,0.00694417,0.0457711,0.0138998,0.0307877
0.0143274,0.009729,0.00525466,0.00261604,0.00136485,0.0137798
0.0209404,0.0140512,0.00567033,0.038794,0.012594,0.0106716
0.0170699,0.011567,0.00706705,0.0299839,0.00794774,0.0100596
0.022769,0.0151046,0.00709502,0.0248759,0.00735848,0.00400646
0.00651957,0.00456191,0.00252078,0.0139636,0.00268674,0.00620908
0.0303932,0.0202522,0.00784454,0.0401427,0.0112776,0.00931785
0.0104551,0.00709344,0.00413488,0.0160394,0.00412431,0.0140249
0.0164089,0.0105924,0.0140107,0.0666888,0.0150696,0.0105354
0.0255759,0.0167491,0.0062976,0.0306788,0.00942314,0.017706
0.0094808,0.0065685,0.00285595,0.0212355,0.00777036,0.00761692
0.0180965,0.012511,0.00833705,0.0311378,0.00850115,0.0116151
0.0393552,0.0241904,0.0195373,0.0934542,0.0271086,0.0561428
0.044263,0.0280549,0.0321136,0.128811,0.0303642,0.0483112
0.0111394,0.00764586,0.00213038,0.0106626,0.00284085,0.00494966
0.0123182,0.00828649,0.00573929,0.0330531,0.00837557,0.0148256
0.00690753,0.00420455,0.00299636,0.0133641,0.00384854,0.0023597
0.027821,0.0178994,0.0140688,0.0766633,0.0210589,0.0246887
0.0117331,0.00752123,0.00390845,0.0151946,0.00368084,0.00473676
0.0119823,0.00756779,0.00300787,0.0155054,0.00488896,0.00195577
0.0174582,0.00902353,0.0137081,0.0314117,0.00798612,0.0237792
0.0113249,0.00758749,0.00452044,0.0284959,0.00902218,0.00950638
0.015793,0.0102202,0.0043864,0.0245677,0.00589881,0.0112453
0.0209684,0.0137387,0.0104783,0.0268698,0.00729379,0.00320142
0.00940217,0.00678557,0.00411984,0.00637184,0.000837268,0.00391986
0.00958082,0.00692791,0.00290537,0.0139661,0.00434127,0.00679513
0.0375533,0.0236804,0.0128392,0.059352,0.0161716,0.0186588
0.00673516,0.00482506,0.00557973,0.0195712,0.00575659,0.00736686
0.00917839,0.00634276,0.00279509,0.0201057,0.00601762,0.00447356
0.0127492,0.00890171,0.0171046,0.0773419,0.0189144,0.00907385
0.0085243,0.00593529,0.00570992,0.0209015,0.00542279,0.0090341
0.00780622,0.00560053,0.0033788,0.0173585,0.00463195,0.0062172
0.0371306,0.0202911,0.0247984,0.163287,0.0438302,0.0699895
0.0544436,0.0336077,0.0147079,0.0620208,0.0162249,0.0111095
0.0192643,0.0125836,0.00638463,0.0259634,0.00602403,0.00762063
0.0190717,0.0126313,0.010598,0.0309626,0.00709937,0.00658061
0.00699378,0.00470983,0.00349313,0.00136582,0.0011424,0.00532675
0.0060832,0.00440023,0.00269856,0.0143837,0.00405608,0.0090735
0.0146549,0.0100983,0.00765434,0.0155122,0.00506453,0.0115183
0.0145829,0.0100496,0.0195957,0.0846086,0.0222501,0.0407412
0.0296237,0.0190283,0.0115209,0.0587926,0.013977,0.00919953
0.0279375,0.0187652,0.0160726,0.0616559,0.0166343,0.0237321
0.0228672,0.0156622,0.00776845,0.0262951,0.00607783,0.00992731
0.00709465,0.00518709,0.00273902,0.0202742,0.00337673,0.00532845
0.0133621,0.0091962,0.0046403,0.0243576,0.00514518,0.00498978
0.0524981,0.0261778,0.0346328,0.145306,0.0376598,0.036539
0.0398901,0.0210197,0.0286088,0.112753,0.0253849,0.0260646
0.0254602,0.00933814,0.014807,0.0577704,0.013351,0.0157854
0.0245926,0.00940236,0.0143956,0.051738,0.0111287,0.0155939
0.0119201,0.00843235,0.00387167,0.0261961,0.00756213,0.0032012
0.0348043,0.0150873,0.0111224,0.0434858,0.0100277,0.0103462
0.00848162,0.00553581,0.00323167,0.0186557,0.00431411,0.0093899
0.0456656,0.0271307,0.0151213,0.076823,0.0205104,0.0159183
0.0282131,0.018545,0.00977163,0.032901,0.00746114,0.0092693
0.0367235,0.0213634,0.015697,0.10139,0.0251556,0.0124442
0.00982926,0.00675812,0.00503238,0.0200839,0.00461528,0.00813872
0.00789412,0.0054639,0.0027769,0.017206,0.00294271,0.00346427
0.0226966,0.0152739,0.0164688,0.0468812,0.0110904,0.0164679
0.032351,0.0211241,0.00808532,0.0539353,0.015095,0.0278299
0.0273891,0.0185506,0.00735527,0.0181414,0.0063413,0.00724956
0.0339146,0.0220859,0.0212745,0.0793532,0.0210541,0.0331785
0.0100446,0.00675905,0.00469377,0.0232304,0.00545776,0.00359015
0.0133184,0.00897762,0.00477607,0.025345,0.00670407,0.0124757
0.0120845,0.00814124,0.00585954,0.0164478,0.00402985,0.00451983
0.0185092,0.0127112,0.0086726,0.0394283,0.0112902,0.0171859
0.00806248,0.00577489,0.00281636,0.018998,0.00409316,0.00359073
0.0416099,0.0200488,0.0264519,0.162901,0.0420581,0.0334618
0.00930119,0.00656512,0.00356359,0.0129644,0.00393742,0.00317749
0.0238522,0.0162786,0.00972371,0.0414512,0.0123179,0.0073744
0.00971521,0.00650462,0.00404808,0.0168742,0.00467867,0.00471949
0.0198745,0.0133727,0.00624372,0.0259524,0.00652837,0.00755283
0.0265923,0.0169661,0.0111451,0.10739,0.0249064,0.0358595
0.0211181,0.0143273,0.00807388,0.0271308,0.00698665,0.00984366
0.0118911,0.00814561,0.0041102,0.0262836,0.00478968,0.00661094
0.0271594,0.018046,0.0102294,0.0581678,0.0157385,0.0277551
0.0218547,0.0149444,0.00767793,0.0384033,0.00998603,0.0110236
0.00758699,0.00548367,0.0033241,0.0216212,0.00542656,0.00826508
0.0365716,0.0191604,0.0138546,0.0784785,0.0206745,0.0272556
0.0157892,0.0105686,0.00443603,0.0262744,0.00594991,0.00448982
0.0364572,0.022727,0.0103523,0.0468993,0.0125056,0.0146114
0.00880423,0.00586429,0.00572434,0.0324015,0.00959699,0.0141544
0.01321,0.00919124,0.00326054,0.0193884,0.00530079,0.00444415
0.0132027,0.00944058,0.00842897,0.0202845,0.00514695,0.00814796
0.00945841,0.00659945,0.00382615,0.0127049,0.00310506,0.00351576
0.0175561,0.0112365,0.00763205,0.0356423,0.0110845,0.00889187
0.00613179,0.00454962,0.00218795,0.0113849,0.00361474,0.00301861
0.00868736,0.00585127,0.00219745,0.0215058,0.00515851,0.00163362
0.0177666,0.0122747,0.00376957,0.0325638,0.00875719,0.00774359
0.0113725,0.0075216,0.00348342,0.0158119,0.00337894,0.00255603
0.0346516,0.0219361,0.0106797,0.0487276,0.0136406,0.0226405
0.0076362,0.00532818,0.00344036,0.0130034,0.00437237,0.00802784
0.00565594,0.00428894,0.00207697,0.0146666,0.0052246,0.00303914
0.025567,0.0171306,0.013885,0.0673158,0.0165136,0.0193132
0.0247603,0.0103863,0.00752386,0.0522391,0.0107204,0.00988315
0.0254456,0.0103617,0.0077405,0.0531579,0.0106148,0.00906388
0.00999053,0.00659692,0.0037586,0.0200526,0.0049287,0.0141647
0.034,0.0228751,0.0176912,0.0550048,0.0145538,0.012692
0.0200937,0.0134286,0.00600379,0.0284238,0.0074735,0.0100501
0.0142577,0.0100544,0.0108125,0.0504653,0.0129029,0.0126409
0.0390659,0.0238443,0.023043,0.0764085,0.0224823,0.0277476
0.0237395,0.0157785,0.00881901,0.0218883,0.00608345,0.0122444
0.0334189,0.0211868,0.00896995,0.0481821,0.0125764,0.00749505
0.0294139,0.0190505,0.0111229,0.0621472,0.0134288,0.00705668
0.00663464,0.00441849,0.00229538,0.0115477,0.0027729,0.00622186
0.00528822,0.00387512,0.00297063,0.0120846,0.00505507,0.00128246
0.0365402,0.0208496,0.0138848,0.0553802,0.0153793,0.0175325
0.0585386,0.0294856,0.0283832,0.098791,0.0233535,0.021696
0.0156844,0.0105052,0.00599774,0.030545,0.00703903,0.00932597
0.0074094,0.00526569,0.00376734,0.0172276,0.00548458,0.00482364
0.0112317,0.00787986,0.00681757,0.0225023,0.0058949,0.00107115
0.0163441,0.0115761,0.00485825,0.0392712,0.00832996,0.00750117
0.0215352,0.0136858,0.0120153,0.0667326,0.0186156,0.0397356
0.0457988,0.0275806,0.0178983,0.0966879,0.0244753,0.0394657
0.00582401,0.00385329,0.00290925,0.013552,0.00323302,0.00845618
0.0184433,0.012562,0.00721277,0.0310545,0.00720428,0.00825118
0.00937512,0.00648733,0.00386408,0.0178068,0.0047884,0.00262639
0.0101342,0.00697728,0.00348626,0.0207665,0.00466472,0.0038127
0.0379899,0.0241634,0.0107981,0.0519091,0.0127457,0.00770868
0.020285,0.0136095,0.00517194,0.0273632,0.006091,0.00674555
0.0161022,0.0112172,0.0053114,0.0272278,0.00798599,0.00824386
0.0174699,0.0121716,0.00562829,0.0361513,0.00745897,0.00226078
0.027334,0.0173616,0.008005,0.0418584,0.0102082,0.0188944
0.020483,0.0140117,0.00739856,0.0499881,0.0135631,0.0167336
0.0156535,0.0109813,0.00588825,0.0294103,0.00956079,0.0210642
0.0128802,0.00904606,0.00338512,0.0253399,0.00656929,0.00555717
0.0126855,0.00866077,0.00583581,0.0245956,0.00647957,0.0042384
0.00823235,0.00589619,0.00269442,0.0161451,0.00398961,0.00365343
0.00665123,0.00469539,0.00326008,0.0142935,0.00474795,0.00233955
0.038516,0.0235614,0.0410282,0.143343,0.0354951,0.0646955
0.0162207,0.0107484,0.0183147,0.0965809,0.0241884,0.0320801
0.0217531,0.0142593,0.00617955,0.0317974,0.00723357,0.0348518
0.0308373,0.0196792,0.0184473,0.11052,0.028744,0.0500091
0.0288507,0.0190139,0.00828335,0.0449471,0.00910951,0.00976621
0.0230336,0.0150209,0.0158564,0.0737896,0.0202155,0.0208661
0.0271273,0.0188745,0.00907843,0.0261097,0.00531544,0.00697277
0.00408926,0.00306584,0.00294214,0.0202916,0.00645972,0.00697707
0.00811134,0.00529542,0.00290016,0.0337104,0.00752453,0.0244936
0.0446652,0.0275217,0.0181705,0.0646729,0.0185126,0.0164417
0.0115733,0.00791106,0.00365269,0.0280141,0.00663277,0.0112708
0.00925578,0.00595562,0.00333624,0.0166388,0.00409609,0.00558242
0.0459636,0.0298997,0.0134817,0.0767662,0.0210047,0.0156544
0.00997971,0.00706789,0.00344351,0.0190365,0.00503321,0.0131134
0.0436045,0.0266288,0.0176735,0.0950741,0.0240216,0.0226023
0.00548308,0.00354757,0.0041115,0.0385767,0.0102427,0.00686437
0.0279862,0.0159758,0.0124207,0.0387762,0.00995094,0.0147339
0.020341,0.0115078,0.00632311,0.0374683,0.0106199,0.0128296
0.0408963,0.0254372,0.0148905,0.075845,0.0184171,0.0313972
0.00980815,0.00656631,0.0124621,0.0489827,0.0142121,0.0222018
0.00712124,0.00432318,0.00293098,0.0251475,0.00851707,0.018822
0.0372794,0.0183516,0.0140766,0.061185,0.017321,0.0268557
0.0397387,0.0209409,0.0231044,0.074464,0.0186702,0.0351918
0.00512152,0.0035117,0.00346735,0.0091182,0.00239855,0.002046
0.0216633,0.0145961,0.0184404,0.0697962,0.0149133,0.0106473
0.02479,0.0157661,0.00949211,0.0520836,0.0135331,0.0127354
0.00674777,0.004828,0.00695014,0.029437,0.00633882,0.00613735
0.00830502,0.00556331,0.00293829,0.0168262,0.00461167,0.00366712
0.00924798,0.00638455,0.00941744,0.0152206,0.0048748,0.00924401
0.0314685,0.0201768,0.0109305,0.0355506,0.00683889,0.0109626
0.0211513,0.0140006,0.00616895,0.037061,0.0109095,0.0182175
0.0218078,0.0147353,0.00880823,0.0471657,0.0123743,0.0195297
0.0170645,0.0119569,0.00570945,0.0201477,0.00457237,0.0102943
0.0140839,0.0093463,0.00457919,0.0196709,0.00590954,0.00447654
0.0376339,0.0241129,0.0164582,0.0591059,0.0150521,0.0263428
0.033453,0.0219313,0.0210986,0.070963,0.0170897,0.0239693
0.0184555,0.0125116,0.00578627,0.0173172,0.00489072,0.00569681
0.0160493,0.00749543,0.00717329,0.037014,0.0109078,0.00840115
0.016878,0.00745548,0.00706353,0.0368476,0.0109631,0.00733064
0.0106135,0.00746766,0.00337822,0.0195321,0.00582657,0.00533176
0.0134978,0.00955503,0.00538931,0.0236971,0.00867391,0.00700916
0.0186629,0.0125427,0.00731087,0.0321713,0.00975415,0.00740517
0.00916677,0.00659365,0.00462529,0.0245337,0.00873704,0.00421589
0.0160669,0.0106736,0.00729828,0.0202606,0.00568556,0.00663151
0.0459171,0.0209294,0.01731,0.119786,0.0349225,0.0278843
0.0215235,0.0139862,0.00702207,0.0250216,0.00710454,0.00491959
0.0224955,0.0114503,0.0117878,0.0726331,0.0212474,0.0198639
0.0260985,0.0136626,0.0107879,0.0580441,0.0149648,0.0128231
0.0105214,0.00695921,0.00184753,0.0168083,0.00308226,0.00228912
0.00638644,0.00479259,0.00169582,0.0124576,0.00246423,0.00487369
0.0183261,0.0122481,0.00574345,0.0297559,0.00687717,0.0049363
0.00907487,0.00634011,0.00843024,0.0560481,0.0144557,0.0192492
0.0138744,0.00925997,0.00334291,0.0246399,0.00835345,0.0135779
0.00906742,0.00613581,0.0155417,0.0402739,0.0113672,0.00935724
0.0205997,0.0143342,0.00647482,0.0209397,0.00618316,0.0065031
0.0044354,0.00337262,0.00172668,0.0139424,0.00415783,0.00477189
0.0207995,0.0135052,0.00764356,0.0347443,0.00791798,0.0107008
0.0211108,0.0138286,0.0153747,0.0597755,0.0149006,0.0178373
0.0130074,0.00859971,0.004136,0.0225784,0.00391345,0.00338032
0.01507,0.010532,0.00465551,0.0398763,0.0125164,0.00673618
0.0199605,0.0134629,0.00559587,0.0282823,0.00782092,0.00326142
0.00424662,0.00315677,0.00494546,0.0317926,0.00841225,0.011841
0.0298579,0.0181734,0.0226711,0.090304,0.0239554,0.0481636
0.00577887,0.00372316,0.00125369,0.0174367,0.00248853,0.00181432
0.0103583,0.00705829,0.202964,0.747483,0.207077,0.264956
0.0266427,0.0180334,0.0122307,0.0498624,0.0115348,0.0102021
0.0125646,0.00844187,0.00313195,0.0225179,0.00527389,0.00577654
0.015774,0.0109201,0.0137012,0.0825204,0.0225827,0.00680704
0.0270661,0.0165345,0.0231138,0.128814,0.0355057,0.0594881
0.00781022,0.00542693,0.00429194,0.0121144,0.00311976,0.00302918
0.0216575,0.0142742,0.0178305,0.132004,0.0332305,0.0174826
0.0293635,0.0105366,0.0126086,0.0822076,0.0191498,0.0127034
0.0275847,0.0105497,0.0115651,0.0685409,0.0135489,0.0103872
0.0270577,0.0185068,0.00886068,0.0644257,0.0177071,0.0187575
0.00788441,0.00517545,0.00474513,0.0014745,0.000565724,0.00440769
0.00650333,0.00432997,0.00282367,0.00970611,0.00263854,0.00104524
0.0468208,0.0286859,0.0149374,0.0851508,0.0215375,0.0272747
0.00727034,0.00486966,0.003632,0.0178099,0.00349721,0.00241354
0.0117329,0.00811102,0.00351688,0.0164456,0.00400391,0.00435229
0.00579765,0.0040522,0.00276343,0.00176046,0,0.00312898
0.0127837,0.00881933,0.00429484,0.0267138,0.00547647,0.00160053
0.0187787,0.012739,0.00670099,0.0249099,0.00584252,0.00181751
0.0526297,0.0249494,0.0265274,0.132333,0.038429,0.0437683
0.0555765,0.024828,0.0269248,0.128349,0.036067,0.0406632
0.0216278,0.0143732,0.00427827,0.0300831,0.008033,0.019679
0.00653079,0.00480207,0.00307951,0.00718603,0.00287119,0.00297916
0.0181699,0.0128246,0.00612073,0.0278819,0.00763086,0.00473384
0.0223746,0.0153358,0.00911776,0.0251022,0.00876887,0.00748035
0.00663944,0.00468279,0.00283001,0.0215036,0.006911,0.0189551
0.00671605,0.00463324,0.00127128,0.0142417,0.00343105,0.00470178
0.0205282,0.0099673,0.0118366,0.0378304,0.0112637,0.00923525
0.0192585,0.00881265,0.0101698,0.0331312,0.00821206,0.00708652
0.0616517,0.0283042,0.0432466,0.178611,0.0497776,0.0732688
0.0720812,0.0308042,0.0415387,0.173012,0.0418784,0.0704783
0.00945224,0.00665155,0.00403022,0.0153736,0.00424804,0.00878558
0.0091974,0.0062949,0.0132779,0.0171002,0.00656969,0.00216795
0.0169847,0.0119162,0.0102425,0.0453597,0.0118573,0.00818626
0.0184213,0.0125336,0.0065237,0.0543051,0.0128602,0.0103493
0.00870977,0.00617617,0.00324302,0.0225447,0.0045003,0.00383126
0.0128185,0.00908726,0.0041173,0.0253962,0.00659571,0.00385618
0.00809161,0.00591615,0.00349821,0.0164764,0.00480887,0.00173522
0.0347922,0.0221886,0.0360578,0.151042,0.0380735,0.0516379
0.03866,0.0246296,0.0121904,0.0506456,0.0142196,0.0255952
0.0101816,0.00712393,0.00478439,0.0250556,0.00527552,0.00449926
0.0110773,0.00748068,0.00409854,0.0218252,0.00424357,0.00233473
0.0293207,0.0176994,0.0415822,0.182341,0.0514284,0.0834809
0.0206768,0.0134537,0.01117,0.0676621,0.0160674,0.027107
0.0341986,0.0225159,0.0195114,0.0581375,0.0184707,0.0354981
0.0253567,0.01688,0.0141938,0.0895451,0.0198048,0.0444981
0.0116299,0.00791668,0.00146934,0.0376613,0.0146458,0.0319064
0.0112812,0.00756471,0.00518315,0.0379368,0.0106324,0.00871177
0.00914825,0.00599717,0.00513611,0.0300606,0.00645047,0.0056936
0.0350468,0.0212631,0.0160295,0.0778105,0.0199529,0.0237585
0.00724206,0.00539972,0.00453302,0.0296846,0.00688521,0.00316745
0.0141369,0.00967903,0.00548522,0.0258863,0.00579162,0.00840275
0.00983758,0.00682905,0.00149345,0.0177726,0.00399236,0.00574156
0.0242712,0.0164974,0.0101721,0.0383533,0.0112376,0.0119651
0.0110991,0.00783003,0.00836754,0.0270869,0.00802451,0.00881531
0.0464471,0.0221036,0.0156525,0.0791288,0.0188222,0.0195834
0.0596926,0.0234411,0.0195498,0.0901522,0.0184237,0.0197624
0.00588343,0.00388012,0.00172251,0.0213409,0.00424218,0.0142127
0.0170812,0.0102505,0.00715761,0.038742,0.00954937,0.0159751
0.0146643,0.00803046,0.00978251,0.0387999,0.00885725,0.010235
0.011223,0.00775501,0.00222614,0.0182316,0.00498685,0.00622749
0.0186168,0.0129568,0.00689034,0.0192825,0.00541983,0.0110389
0.00646091,0.00447994,0.00240688,0.0121021,0.00389604,0.00323542
0.0240743,0.0160538,0.00777259,0.0239983,0.00691556,0.00554413
0.00996991,0.00680465,0.00342679,0.0132814,0.00424891,0.00235531
0.0317576,0.0209569,0.00742136,0.065277,0.0180518,0.00543812
0.0308822,0.0152575,0.0184264,0.0891171,0.0226986,0.0367989
0.027172,0.0134256,0.013869,0.054165,0.0115699,0.0221423
0.0336691,0.0214943,0.00736393,0.0449768,0.010963,0.0112562
0.035706,0.0230984,0.0164321,0.04786,0.0135429,0.0119744
0.00565096,0.00416692,0.00233157,0.00890825,0.00351835,0.00281842
0.00705261,0.00487784,0.00405641,0.0397068,0.00991329,0.00581711
0.0163066,0.0105737,0.00913015,0.0420772,0.0116724,0.0117837
0.00621434,0.00440469,0.00170507,0.0157099,0.00444568,0.00144339
0.0527742,0.0283999,0.0162859,0.0998223,0.0264324,0.0408033
0.0290621,0.0193783,0.0152055,0.0567422,0.0129953,0.0158061
0.00991893,0.0064915,0.00395358,0.0217489,0.00578286,0.0119393
0.0108037,0.00744168,0.00250018,0.0132184,0.00397702,0.00553764
0.0127397,0.00899228,0.00384535,0.0195265,0.00413714,0.00843139
0.0512703,0.0313298,0.0386087,0.150381,0.0403376,0.0358777
0.0117334,0.00809059,0.0045424,0.0203574,0.00563532,0.00585772
0.0588803,0.0351366,0.0286587,0.107404,0.0250983,0.0279073
0.0604403,0.0299797,0.0226502,0.0728443,0.0193308,0.0220745
0.0232206,0.015678,0.00659903,0.0348477,0.00813784,0.00740322
0.0227882,0.0153643,0.00636154,0.0368943,0.00898113,0.00210109
0.0526884,0.0284489,0.0330621,0.139253,0.0372162,0.0646698
0.0162557,0.0102255,0.0254089,0.140062,0.0339926,0.0858748
0.0162627,0.0109252,0.00505123,0.0302056,0.0086774,0.0103013
0.00723945,0.00453948,0.00318509,0.0101243,0.00370723,0.00368805
0.0141156,0.00960535,0.00526865,0.0206384,0.00460539,0.00642662
0.0421334,0.0277331,0.0135245,0.0592375,0.0156857,0.0177256
0.0280478,0.0180918,0.0160799,0.0859438,0.0244225,0.056871
0.016594,0.0113482,0.00464186,0.0239774,0.00548755,0.00452712
0.00743015,0.00555837,0.00231795,0.0142947,0.00383968,0.00553781
0.0063282,0.00468398,0.00198808,0.0109998,0.00382331,0.00433787
0.0359377,0.0223121,0.0235622,0.104517,0.0261851,0.0244429
0.0197279,0.0135525,0.0108304,0.0399198,0.0125245,0.0105962
0.0170218,0.0112542,0.00577311,0.0253501,0.00681034,0.00601889
0.00698495,0.00482945,0.00297853,0.0182589,0.00477576,0.00727783
0.00955573,0.00683198,0.00431656,0.035438,0.0101743,0.0107585
0.0208285,0.0141392,0.00688003,0.0217007,0.00628263,0.0184976
0.0213196,0.0143115,0.0100719,0.0538974,0.0150931,0.0218315
0.02243,0.013065,0.00607488,0.0358493,0.00963334,0.0095439
0.0142576,0.00607368,0.00366925,0.0147736,0.00466865,0.00449179
0.0101466,0.00664258,0.00356498,0.020815,0.00441996,0.0073307
0.00891137,0.00620303,0.00307453,0.0142881,0.00223683,0.00420234
0.00568736,0.00409533,0.00207106,0.0133698,0.00393645,0.00353513
0.0235084,0.0152949,0.00890935,0.0371786,0.00948931,0.0111277
0.00753117,0.0052328,0.00320731,0.0142236,0.00406667,0.00447774
0.0119648,0.00852914,0.00896088,0.0228419,0.0059174,0.00615743
0.00627267,0.00417362,0.00417216,0.0146571,0.00443721,0.00197393
0.0132524,0.00921655,0.00466384,0.0196593,0.00508024,0.00515582
0.0251672,0.0163514,0.0244988,0.112245,0.0308848,0.0523338
0.0349616,0.0212553,0.0113751,0.0417532,0.00919227,0.00715921
0.0373292,0.0175757,0.0157214,0.0723481,0.0168806,0.0268786
0.00566818,0.00361888,0.00136576,0.0191496,0.00559063,0.0117669
0.0264467,0.0165778,0.030625,0.0988898,0.0277018,0.0645087
0.022576,0.0151516,0.00948904,0.0362776,0.00915702,0.00767544
0.0187913,0.0128306,0.0161597,0.0720586,0.0192076,0.0410595
0.0215225,0.0139171,0.0138436,0.0544465,0.0162787,0.0181259
0.0124141,0.00828429,0.00256227,0.0333492,0.0115417,0.018379
0.00735818,0.00529178,0.00368486,0.0190902,0.00550716,0.00361281
0.00947711,0.00671581,0.00535166,0.0414362,0.0107979,0.00503195
0.0114277,0.00809516,0.00398977,0.020115,0.00608661,0.00787284
0.00918411,0.00616059,0.00332674,0.00782756,0.00282365,0.00416711
0.0276157,0.0174415,0.0364094,0.111922,0.0277543,0.082222
0.0135052,0.00946944,0.00368329,0.00490066,0.000732887,0.00120305
0.0334189,0.0218825,0.00710403,0.0408246,0.00831051,0.0091538
0.0188534,0.0128872,0.00545871,0.0275817,0.00557381,0.00143483
0.0117818,0.00803972,0.00555495,0.0184475,0.00572542,0.00594901
0.0211201,0.0137084,0.00747761,0.0405938,0.0111534,0.0210213
0.0109843,0.00738339,0.00393161,0.0219643,0.00439274,0.00261767
0.0103865,0.00701723,0.0037102,0.019203,0.00322289,0.00831565
0.0298036,0.0189609,0.010056,0.0568985,0.0163024,0.0133056
0.00486844,0.00326881,0.00279767,0.00859767,0.00375484,0.0018648
0.00696174,0.00513581,0.00417627,0.00550929,0.000786167,0.00220219
0.0299453,0.0194673,0.0109148,0.0448938,0.012278,0.0135857
0.0187194,0.0125399,0.0110342,0.0394413,0.0103885,0.0171586
0.0048377,0.0034641,0.00192908,0.0171086,0.00309496,0.00439502
0.0283732,0.0193726,0.00779367,0.0673055,0.0193826,0.0369837
0.0143163,0.00929091,0.00904233,0.0530922,0.0118388,0.0097113
0.0161135,0.0111726,0.00526787,0.0163031,0.00492051,0.00424257
0.0270259,0.017744,0.0113577,0.0426473,0.00933347,0.00698787
0.0295799,0.0196383,0.0120467,0.071115,0.0176248,0.0141792
0.0115868,0.00771875,0.00442355,0.0133557,0.00367358,0.0069453
0.0147989,0.010369,0.00912823,0.0337641,0.00868728,0.00697866
0.00764891,0.00558517,0.00278723,0.0117494,0.0043132,0.00262127
0.0137829,0.00921888,0.00735167,0.0202557,0.00499119,0.00449597
0.00616174,0.00423743,0.00258382,0.0183661,0.00276444,0.00562069
0.0129631,0.00875697,0.0083846,0.00959376,0.00130244,0.0197969
0.00895319,0.00589918,0.00379267,0.0127802,0.00337076,0.00286975
0.0221179,0.0151652,0.00751779,0.0296495,0.009858,0.0131033
0.0119646,0.00832075,0.00543976,0.0257935,0.00759929,0.00682592
0.0355504,0.0208082,0.0229554,0.103679,0.0286631,0.0471039
0.0126132,0.0086709,0.00523109,0.0213515,0.0069278,0.00362244
0.024685,0.015575,0.0251946,0.0899147,0.0244653,0.0307806
0.00676266,0.00462892,0.00247914,0.0172706,0.00431624,0.00136394
0.0106991,0.0071305,0.0044369,0.014426,0.00310093,0.00233362
0.0162275,0.0112621,0.00527035,0.0197869,0.00537231,0.00782236
0.0247671,0.013916,0.00834258,0.0431326,0.0133434,0.00940589
0.0438461,0.0264165,0.012893,0.0539517,0.0117671,0.0246038
0.0101481,0.00734178,0.00316983,0.0173692,0.0026847,0.0044059
0.0256921,0.0172863,0.00535815,0.0245003,0.00681551,0.00417118
0.00855796,0.00575589,0.0028906,0.0190441,0.00384369,0.00114016
0.0315086,0.020763,0.0163548,0.0392185,0.00888311,0.00664693
0.0188832,0.0125459,0.0124599,0.0348375,0.00957103,0.0103685
0.00687342,0.0044711,0.00219459,0.0163841,0.00493234,0.00732816
0.0345002,0.0223629,0.010361,0.0599664,0.0166327,0.0394377
0.0247396,0.0119371,0.037209,0.107341,0.0279428,0.0328394
0.020922,0.0121167,0.00888847,0.0468846,0.0114619,0.0145329
0.0299766,0.0198538,0.00586954,0.0448572,0.00956577,0.0243794
0.00926217,0.00643126,0.00232332,0.0129823,0.00384688,0.00444061
0.0203922,0.0134817,0.00584371,0.0351202,0.0083616,0.0105089
0.0346513,0.0163675,0.0164364,0.0529278,0.0137743,0.0152719
0.040723,0.0164188,0.0223741,0.071337,0.0191412,0.0224842
0.0215934,0.00965349,0.0168369,0.0486243,0.0119175,0.0193544
0.00678172,0.00491995,0.00286302,0.0103246,0.00379606,0.00270211
0.0460945,0.0282363,0.0177606,0.0687232,0.016915,0.0262377
0.00761467,0.0053583,0.00377763,0.00244384,5.54262e-05,0.00457595
0.012966,0.00885363,0.0154105,0.050949,0.0130892,0.0139449
0.0183596,0.0124935,0.00791275,0.0108053,0.00122707,0.0205429
0.0481319,0.0290466,0.0353906,0.180404,0.0456251,0.0640039
0.00715037,0.00500258,0.00163567,0.0221101,0.00472613,0.00852432
0.0132494,0.00906694,0.00585317,0.0300442,0.00903141,0.0102852
0.00458767,0.00342644,0.00220849,0.0166803,0.00460458,0.00423556
0.0379792,0.0237303,0.0330939,0.0890028,0.0256745,0.0350689
0.0223268,0.0142536,0.00875903,0.0487647,0.0120216,0.023298
0.00967515,0.00674571,0.00337874,0.0145652,0.00404435,0.000496018
0.0272651,0.0176949,0.0141428,0.0411038,0.00980076,0.0258002
0.0122549,0.00830713,0.00792102,0.0551034,0.0136341,0.0123593
0.0101442,0.00712882,0.00361218,0.0170137,0.00472888,0.00854159
0.00708474,0.00497883,0.00333537,0.0199693,0.00548092,0.00339224
0.0146939,0.00996693,0.00826585,0.0333047,0.00891363,0.00621214
0.0284008,0.0186633,0.00909173,0.047399,0.0123769,0.0186839
0.0362731,0.0178847,0.0273305,0.110759,0.0273564,0.02671
0.00528078,0.00377278,0.00305805,0.0154746,0.00422385,0.00162306
0.0387528,0.0252556,0.0146405,0.052861,0.0120775,0.0190279
0.0243401,0.0150153,0.0168683,0.0367692,0.00881923,0.00621834
0.0196386,0.0134731,0.00615755,0.0234384,0.00459545,0.00800447
0.0141022,0.0100198,0.00504577,0.018953,0.00569434,0.00521755
0.0257491,0.0176797,0.0100733,0.0477368,0.0111857,0.00855401
0.00810367,0.00579428,0.00294736,0.0164381,0.00462092,0.00245314
0.0167865,0.0110871,0.0107542,0.0624405,0.0157044,0.0106773
0.0402221,0.0225202,0.025589,0.114415,0.0276074,0.0438467
0.0242382,0.0159099,0.0140542,0.0338472,0.00938086,0.0174699
0.0239554,0.0159656,0.00641912,0.0337303,0.00928955,0.0169273
0.00740757,0.00548716,0.00344822,0.00498721,0.000820563,0.0114135
0.00474925,0.00339129,0.00151177,0.0155842,0.00334678,0.00333758
0.0094808,0.00646727,0.00274485,0.00666326,7.06146e-05,0.00288695
0.0157423,0.0110559,0.0053299,0.0308141,0.00628408,0.00334001
0.0189929,0.0132027,0.0180851,0.034573,0.0071927,0.00216382
0.0435529,0.0278425,0.0220027,0.100083,0.0253582,0.028931
0.0124032,0.00858455,0.00823896,0.0415346,0.011146,0.00542378
0.010656,0.00717205,0.00247294,0.0192809,0.00454819,0.00458022
0.00512526,0.00367354,0.0031852,0.0182168,0.00343151,0.00176488
0.00995457,0.00716243,0.00407785,0.0175686,0.00438578,0.00346608
0.010681,0.00727585,0.00381248,0.0200171,0.00504528,0.0050068
0.0103455,0.00726476,0.00346998,0.0226909,0.00664707,0.00815718
0.0287192,0.019706,0.00963489,0.0403988,0.0119961,0.00474492
0.0103673,0.00699205,0.0059453,0.0319874,0.0074891,0.00479212
0.0253097,0.0172642,0.0200404,0.100243,0.0262614,0.0418253
0.0104263,0.00684372,0.00337443,0.0177876,0.00332598,0.00384912
0.0152417,0.0100944,0.00412552,0.0417006,0.00993356,0.00188087
0.0100837,0.00715666,0.00351408,0.0118743,0.00411891,0.00811829
0.0504115,0.0301709,0.0192874,0.0418371,0.0111112,0.0248783
0.0165492,0.0114621,0.00636417,0.0292802,0.00850052,0.0041799
0.0237261,0.0159578,0.0111677,0.0302458,0.00818033,0.00795467
0.0102884,0.00718642,0.00412751,0.0201806,0.00520579,0.00336865
0.00662997,0.00462094,0.0031462,0.0311481,0.00781807,0.0155738
0.0161446,0.00930927,0.00714286,0.0280333,0.00749838,0.0144744
0.0110502,0.00768111,0.00387634,0.0151687,0.00477755,0.0130405
0.0132917,0.0091254,0.0108808,0.0289463,0.00731094,0.00987148
0.0229015,0.0155206,0.00692894,0.0299416,0.00785983,0.0123332
0.00859916,0.00558432,0.00230357,0.0022952,0.000146717,0.00223458
0.00551373,0.00407533,0.00210449,0.0216363,0.00486228,0.0037502
0.0200604,0.0131378,0.0107228,0.0526014,0.0153388,0.0485103
0.0186601,0.0122368,0.00472293,0.0387387,0.0106785,0.00890612
0.022833,0.0151232,0.00777002,0.0295247,0.00473928,0.014297
0.0114784,0.00792177,0.00373737,0.0221124,0.00469979,0.00870298
0.0135787,0.00891332,0.00480703,0.0250996,0.00572169,0.00608462
0.0149683,0.010208,0.00341276,0.0206323,0.00454691,0.00575544
0.0141035,0.00947179,0.00449724,0.0254753,0.00682155,0.00955658
0.0342176,0.0222164,0.0144388,0.0470271,0.0120023,0.0142937
0.0350009,0.0219602,0.0157651,0.0563932,0.0147357,0.0172566
0.00995581,0.0067249,0.00388849,0.00742481,4.79563e-05,0.00549295
0.0152253,0.0099359,0.0151025,0.048864,0.0109084,0.0177804
0.0299975,0.0191008,0.0102827,0.0432549,0.0125761,0.00761881
0.0301828,0.0193583,0.0251989,0.118779,0.0323362,0.0560214
0.0300967,0.0142075,0.0102505,0.0734533,0.0245658,0.024747
0.0481424,0.0257528,0.0198393,0.124143,0.0344224,0.0431068
0.0108408,0.00726647,0.00488756,0.0023882,0.000896821,0.00237081
0.0137815,0.00902835,0.0099246,0.0726807,0.0192714,0.0352185
0.0100198,0.00696896,0.00963191,0.0509833,0.0135562,0.0409499
0.0191424,0.0131085,0.00790263,0.0235326,0.00647718,0.00434635
0.0344714,0.019935,0.0460057,0.128098,0.0354342,0.0539887
0.0181216,0.0115269,0.0102167,0.0495876,0.0149059,0.0324211
0.0118849,0.00806367,0.00426968,0.027225,0.00628628,0.0024083
0.0087044,0.00599922,0.00361139,0.0021814,0.000521239,0.00448725
0.0168021,0.0110464,0.00551129,0.0207018,0.0069459,0.00541057
0.015555,0.00919133,0.00548347,0.0177331,0.0052866,0.00575656
0.0240806,0.0156884,0.00762013,0.0631444,0.0154697,0.0153157
0.0365391,0.0229141,0.0121875,0.0595092,0.015925,0.0161005
0.00935125,0.00669248,0.00366488,0.014691,0.004628,0.00595673
0.00569162,0.00364726,0.00424868,0.0172124,0.00236511,0.00848384
0.0611302,0.0335925,0.0275309,0.0863164,0.0252883,0.0233796
0.0151108,0.0102871,0.00945161,0.0463473,0.0108868,0.00799546
0.00976484,0.00686304,0.00606277,0.00279044,0.00188442,0.010101
0.0209782,0.013492,0.0210512,0.0794,0.0188382,0.0385461
0.00962019,0.0065094,0.00973608,0.0199693,0.00543254,0.0212638
0.027162,0.0180257,0.0168714,0.0575793,0.0185026,0.042378
0.0141179,0.00932575,0.00524547,0.0327362,0.00697977,0.00496932
0.00955547,0.00697645,0.00291676,0.0217523,0.00761304,0.00466361
0.0147141,0.00994093,0.0243123,0.0642405,0.018411,0.0176216
0.0092555,0.00611085,0.00288906,0.0118071,0.00471926,0.00504457
0.0124654,0.00872816,0.00655255,0.0252092,0.00820491,0.0177265
0.00617875,0.00447012,0.0044337,0.0264078,0.00773577,0.00394644
0.0213122,0.0145392,0.0147387,0.0396216,0.0107754,0.0165881
0.0142698,0.00911661,0.0042458,0.033215,0.00725769,0.0126665
0.02083,0.0109142,0.00701852,0.0523689,0.0145301,0.0161809
0.0230523,0.0111743,0.00815479,0.0514222,0.0137271,0.0127288
0.0422467,0.0271708,0.0173303,0.0600528,0.0144887,0.0187714
0.0124011,0.00838654,0.00420992,0.0312481,0.00918199,0.0131932
0.0146462,0.0086053,0.0233785,0.147774,0.037434,0.0440534
0.0107161,0.00737135,0.00421128,0.0121524,0.00345511,0.00245773
0.0197006,0.0131138,0.00557772,0.0298041,0.00649324,0.00630127
0.0252375,0.0169708,0.00941217,0.0359491,0.0101505,0.0324354
0.00916647,0.00655617,0.00324694,0.0130964,0.00438726,0.00157475
0.0374934,0.0209302,0.0125266,0.0639842,0.0196685,0.012692
0.0229791,0.0101604,0.00792498,0.0310166,0.00797821,0.00849244
0.0144267,0.00990601,0.0112974,0.0365657,0.00924401,0.00467309
0.0114038,0.00770481,0.00428461,0.0268774,0.00673319,0.00266497
0.0267604,0.0173543,0.0091909,0.0354258,0.0110577,0.00714254
0.00753225,0.00518801,0.00208651,0.0232503,0.00633675,0.00402998
0.00502339,0.00367533,0.00285635,0.0126442,0.00363157,0.00360174
0.0222928,0.0145875,0.00576535,0.0316453,0.00863574,0.00613836
0.0118185,0.00810003,0.00405909,0.0229795,0.0060475,0.0079328
0.00901864,0.00608342,0.00370844,0.0257958,0.0062522,0.0107237
0.0195529,0.0134695,0.0110284,0.0354054,0.00889826,0.00825453
0.019478,0.00975087,0.00523681,0.0487265,0.0142051,0.00815245
0.0176435,0.00810733,0.00504516,0.0348928,0.0084826,0.00581933
0.0117471,0.00803623,0.00489936,0.0435992,0.0100146,0.00756573
0.0284119,0.0186522,0.00806896,0.0402645,0.0102548,0.0208553
0.0229831,0.0154338,0.0132858,0.0425314,0.0112158,0.0269538
0.00860511,0.00437931,0.00414674,0.0171398,0.00531613,0.00669341
0.0296331,0.0190804,0.0161964,0.0551854,0.018177,0.0242145
0.0422827,0.0249311,0.0116556,0.0539805,0.0161068,0.0174196
0.0267166,0.0153141,0.00770599,0.019806,0.00359077,0.009529
0.0430576,0.0260464,0.0370085,0.174753,0.0482615,0.0570405
0.0189626,0.0128761,0.00601436,0.0391777,0.010392,0.00891617
0.0260035,0.017222,0.00817731,0.03309,0.00916041,0.0108019
0.029389,0.0198944,0.0171119,0.0820367,0.023379,0.013625
0.014315,0.00999457,0.00489012,0.040632,0.0088679,0.0114938
0.0339099,0.0217253,0.0205166,0.102417,0.0280785,0.0381427
0.0353182,0.0237311,0.0194313,0.0910086,0.0218853,0.0402797
0.0113081,0.00421687,0.00633258,0.0370902,0.0125081,0.0157593
0.0242992,0.0152564,0.0198842,0.0729955,0.0218914,0.0348821
0.00467136,0.00372639,0.00234393,0.00567669,-0.00034466,0.00226211
0.00581983,0.00421859,0.00651418,0.0137031,0.00354975,0.00314215
0.0100239,0.00677554,0.00231125,0.0143603,0.00409125,0.00553155
0.0307995,0.0169184,0.00814854,0.0461137,0.0136283,0.0124154
0.0312406,0.0174532,0.0104188,0.0496612,0.0127147,0.0143906
0.0195963,0.0131517,0.00531596,0.0354613,0.00863891,0.0084418
0.00984,0.00656816,0.0043792,0.0238168,0.00401481,0.0053482
0.0210766,0.0149601,0.009099,0.0408837,0.0115534,0.00852408
0.032619,0.0203686,0.0123997,0.0456106,0.0129146,0.0105436
0.00964888,0.0066954,0.00426107,0.0137642,0.00337979,0.00462511
0.0533556,0.0340561,0.016473,0.0986562,0.0225759,0.0449726
0.00568622,0.00389545,0.00172774,0.0108728,0.00208084,0.00321784
0.0151461,0.010326,0.00532736,0.0256651,0.00508574,0.0100322
0.00646201,0.00444359,0.00504797,0.0137328,0.00375275,0.00244984
0.011517,0.00764129,0.0314761,0.117249,0.0285231,0.0396744
0.0174017,0.0114722,0.00484576,0.0251916,0.0077838,0.00400646
0.0140584,0.00955436,0.00506204,0.0275874,0.00791686,0.00444419
0.00886419,0.00598076,0.0040537,0.0125551,0.00352474,0.0027571
0.0249761,0.0162404,0.0125326,0.0553924,0.012841,0.0103518
0.0267662,0.0171271,0.0135013,0.0730185,0.018519,0.0156274
0.0092258,0.00602515,0.00650556,0.0391167,0.0085881,0.00764967
0.0324007,0.0218912,0.0167224,0.0537741,0.0108756,0.00667283
0.0184692,0.0124972,0.00499157,0.034819,0.00992839,0.0121015
0.0252243,0.0175093,0.0204695,0.0920126,0.0248574,0.0169825
0.011549,0.00852437,0.00486476,0.026687,0.0058536,0.00782785
0.00762209,0.00467508,0.00436161,0.0212199,0.00506821,0.00559196
0.00849051,0.00428033,0.00400554,0.00445826,0.000406178,0.00505453
0.0119476,0.00836677,0.00442455,0.0180792,0.0063849,0.00711116
0.00859215,0.00560623,0.00390418,0.0196923,0.00558896,0.003433
0.0149056,0.010419,0.00461599,0.0273368,0.00702819,0.00756027
0.0150954,0.0101065,0.00490468,0.0208101,0.00668053,0.00946596
0.00889799,0.00427049,0.00312109,0.0220259,0.00530515,0.00578789
0.0103338,0.00409688,0.00341604,0.0242554,0.00461569,0.00581237
0.0319981,0.0208684,0.0118117,0.0453554,0.0107782,0.00887815
0.00961226,0.00585474,0.00190947,0.019428,0.0052156,0.00293341
0.00770598,0.00543689,0.00322233,0.0170234,0.0038932,0.00355886
0.0331853,0.0214639,0.0165218,0.0628163,0.0145302,0.0127017
0.0167749,0.0113013,0.00475542,0.026755,0.00665799,0.00931302
0.0221891,0.0145404,0.0139428,0.0578708,0.0157881,0.0241463
0.0125563,0.00871051,0.0278112,0.0844332,0.0252905,0.0171931
0.0121953,0.00855277,0.00386929,0.0179554,0.00518848,0.00222034
0.0185884,0.0119162,0.012498,0.0546928,0.0135128,0.0216363
0.00904946,0.00635038,0.00415592,0.00505279,0.00150577,0.00260151
0.0212426,0.0144359,0.00849033,0.0322881,0.00848158,0.00593495
0.023987,0.00964977,0.00887166,0.0422292,0.0133798,0.015403
0.0204851,0.0140574,0.00593422,0.0151439,0.00391632,0.00434991
0.00768461,0.0054873,0.00239097,0.0280518,0.00645751,0.00222402
0.0243884,0.0155307,0.0171625,0.057613,0.0156357,0.0173385
0.00800823,0.00548732,0.00291815,0.0130236,0.00447294,0.00231304
0.0146348,0.0100744,0.00304342,0.0261987,0.00649547,0.00273808
0.00987371,0.00657411,0.00268503,0.0178209,0.00497689,0.00342527
0.0192727,0.0126256,0.00713542,0.0572305,0.0147887,0.0193457
0.00619376,0.00322904,0.00281646,0.0186072,0.0048076,0.00503962
0.00654463,0.00435282,0.00381062,0.0104627,0.00297318,0.0036076
0.0231612,0.0146402,0.0146701,0.071435,0.0189375,0.0267455
0.023644,0.0154098,0.00774974,0.0455736,0.0124932,0.00879198
0.0100448,0.0070237,0.00581617,0.0188742,0.00516219,0.00435736
0.0303835,0.0200109,0.00704003,0.0556449,0.0132238,0.0385011
0.00667633,0.00452547,0.00411774,0.0203243,0.00650993,0.00880126
0.0177079,0.0122761,0.0057908,0.0360564,0.0094679,0.0132329
0.00871167,0.00626691,0.00229344,0.0136246,0.00412171,0.00668879
0.0372972,0.0215272,0.0130954,0.0423755,0.0107732,0.00457466
0.0343928,0.0225451,0.0201607,0.0653727,0.0178864,0.0139387
0.0284491,0.0185388,0.00887929,0.0397487,0.0129886,0.0115764
0.0605787,0.0381846,0.0295289,0.0974409,0.0285654,0.0302783
0.00745076,0.00478795,0.00219835,0.0171451,0.00375724,0.00587795
0.0295632,0.016457,0.00885502,0.0412077,0.0106768,0.0137556
0.0232194,0.0105275,0.00748275,0.0229876,0.00565194,0.00924722
0.0217174,0.0146181,0.00880936,0.0280267,0.00651147,0.00505882
0.030312,0.020276,0.0122224,0.0599112,0.0146509,0.0271597
0.0070827,0.00456979,0.00321769,0.014163,0.00455654,0.00842507
0.0291191,0.0190648,0.0100519,0.0434804,0.0127055,0.0197629
0.0214773,0.0136821,0.00787343,0.0474497,0.01331,0.0097281
0.0135148,0.00711964,0.0042385,0.0187573,0.00447106,0.0056597
0.0235044,0.0159971,0.009515,0.0366019,0.00880319,0.0148553
0.0186316,0.0116548,0.022489,0.0894842,0.0223681,0.0421405
0.00601619,0.00406105,0.00381999,0.0308518,0.00882158,0.00755624
0.034902,0.0236532,0.0537536,0.228713,0.0711216,0.138542
0.00910077,0.00637943,0.00341641,0.0244206,0.00510303,0.00207485
0.00972141,0.00657552,0.00461207,0.0118189,0.00310125,0.00271115
0.0162255,0.011085,0.0035382,0.0144084,0.00478603,0.00587781
0.0324554,0.0190005,0.01611,0.0604199,0.0145349,0.0149315
0.0118071,0.00844475,0.00587045,0.0297992,0.00898637,0.0113326
0.0170573,0.0119582,0.00529078,0.0142009,0.00421976,0.00708113
0.041088,0.0259787,0.0147401,0.0838618,0.0234713,0.0299862
0.051651,0.0190977,0.0176144,0.0786982,0.0211848,0.0371187
0.0522405,0.0191059,0.0171999,0.0718742,0.0198447,0.033906
0.00868217,0.00625271,0.00183351,0.0156062,0.00416473,0.0010488
0.0180514,0.0126753,0.00520383,0.0266421,0.00691119,0.00623661
0.0324404,0.0212949,0.0116794,0.0633221,0.0160451,0.0197877
0.0193509,0.0133646,0.0109946,0.00649532,0.00282532,0.0147053
0.0124806,0.00824428,0.00505611,0.0212399,0.00357156,0.00532148
0.0205374,0.0139574,0.00597424,0.036517,0.00914132,0.0136732
0.0388975,0.0242372,0.0123063,0.0499819,0.0133583,0.0165221
0.0143128,0.0100124,0.00443282,0.0254546,0.00604822,0.0074362
0.00612683,0.00440848,0.00262212,0.0107366,0.00298263,0.0057007
0.0453957,0.0262741,0.0211655,0.0600751,0.0175823,0.0172888
0.0222839,0.0145983,0.00635676,0.0333109,0.010398,0.00836828
0.0505284,0.0307958,0.0160685,0.0751058,0.0206024,0.0292334
0.00912029,0.00624253,0.00463295,0.0116182,0.00395981,0.00501384
0.0425337,0.0273795,0.0162997,0.053386,0.010856,0.0164612
0.0143878,0.00996085,0.00634353,0.0206215,0.00658206,0.00618824
0.0261572,0.0172936,0.00885294,0.0341758,0.00867166,0.00671128
0.0183498,0.0077582,0.00665277,0.0199255,0.00679663,0.0096907
0.0233504,0.0137626,0.00938298,0.0150195,0.00377488,0.00912332
0.00944049,0.00633764,0.00599208,0.0308864,0.00788132,0.00515977
0.0204468,0.0137396,0.00511246,0.0331805,0.00870398,0.015788
0.00652575,0.00477393,0.00317525,0.0114352,0.00288571,0.00327353
0.00744936,0.004857,0.00324319,0.0252165,0.00631367,0.0047413
0.00540081,0.00356611,0.00185987,0.0159052,0.00366108,0.00305129
0.01083,0.00751457,0.00573219,0.00865401,0.00128688,0.00998584
0.0407252,0.0253648,0.0167598,0.0636435,0.0153625,0.0202894
0.0277209,0.0183566,0.0110657,0.0466784,0.0118442,0.0146684
0.0187867,0.0128819,0.0162629,0.0632251,0.0150013,0.027822
0.0132932,0.00922305,0.00254547,0.0172866,0.00446978,0.00457827
0.0100321,0.00706881,0.00262782,0.0158054,0.00477947,0.00265493
0.0284444,0.0159474,0.0190867,0.137879,0.0421747,0.0343533
0.0292731,0.0158149,0.0276666,0.150462,0.0383358,0.0394426
0.0210722,0.014749,0.00692254,0.0331504,0.00811075,0.00894305
0.0312011,0.0198098,0.0130337,0.0679658,0.0173756,0.0295691
0.0457515,0.026418,0.025126,0.125855,0.0318113,0.0295187
0.00872051,0.00576893,0.0132291,0.072147,0.0187379,0.0244579
0.00643918,0.00464024,0.00622363,0.0258335,0.0067171,0.0044992
0.0259274,0.0176217,0.00893501,0.0376474,0.00910247,0.00691074
0.0127731,0.00839985,0.00354479,0.0208452,0.00556722,0.0128792
0.00805023,0.00516772,0.00211726,0.0206973,0.00494736,0.00963655
0.0193413,0.0127993,0.006932,0.0228522,0.00600864,0.00732835
0.0118084,0.00749895,0.00499393,0.0204868,0.00533874,0.00129118
0.00931971,0.00617173,0.00362982,0.0135655,0.00383357,0.00668839
0.00513904,0.00355157,0.00376168,0.0180774,0.00408945,0.00685129
0.0224885,0.0149967,0.00697009,0.0245704,0.00705962,0.0155931
0.0239437,0.0164176,0.00616917,0.0244946,0.00596647,0.010581
0.0332807,0.0215375,0.0101541,0.0663676,0.0175451,0.0258575
0.00966466,0.00670616,0.00228182,0.0200404,0.00577901,0.0044436
0.0100599,0.00700061,0.00457197,0.0289809,0.00747029,0.00759764
0.0477549,0.0301217,0.0155858,0.055542,0.017067,0.0391904
0.0292928,0.0188234,0.0106274,0.04539,0.0131547,0.0137662
0.0544592,0.0313433,0.0336261,0.121638,0.0298271,0.0282276
0.0234723,0.0153257,0.00831477,0.031874,0.00862855,0.0184994
0.0241183,0.0164101,0.0139621,0.0415761,0.0106853,0.0205647
0.0406906,0.0247352,0.0164279,0.0952853,0.0232355,0.0497453
0.0100047,0.00680049,0.00295486,0.0154445,0.00385173,0.00270166
0.0140112,0.00996369,0.00440693,0.0245592,0.00558647,0.00534403
0.0172099,0.0112766,0.00666514,0.0529757,0.0114648,0.0101947
0.00761584,0.00528761,0.00374798,0.0153506,0.00425766,0.00629282
0.0290062,0.0177306,0.0227317,0.0860749,0.0238666,0.0182638
0.0281978,0.0187643,0.0104062,0.0298722,0.00701754,0.00515059
0.0128262,0.00869663,0.00355185,0.0226503,0.00472147,0.00813936
0.00609598,0.00411446,0.00305624,0.00689076,0.00259146,0.00327336
0.0455854,0.0276403,0.0129944,0.0489962,0.0129641,0.0109612
0.00640881,0.00465486,0.00893348,0.0462668,0.0108465,0.0187618
0.00973814,0.00694445,0.00321499,0.0143186,0.00338917,0.00268441
0.0342296,0.0223975,0.00973775,0.0447875,0.0112925,0.0176556
0.0100869,0.00687211,0.00985792,0.0306409,0.00808434,0.0154936
0.00788924,0.00538383,0.0026866,0.0123502,0.004394,0.015345
0.00746689,0.00527201,0.00230763,0.0264171,0.00734075,0.012496
0.0106942,0.00708869,0.00215557,0.0165714,0.0061065,0.00484975
0.0154808,0.0104325,0.0126248,0.037366,0.00956487,0.0107157
0.00775186,0.00420927,0.00699054,0.02398,0.00905179,0.0196369
0.0376956,0.0195272,0.0260027,0.125159,0.0349988,0.0578223
0.0507683,0.0271131,0.0289446,0.115312,0.02842,0.0479685
0.0905788,0.0292597,0.112993,0.401531,0.113062,0.135519
0.0871739,0.028588,0.113843,0.370295,0.0946343,0.112578
0.0452489,0.0285272,0.0236043,0.096184,0.0247705,0.0332124
0.00691785,0.00448395,0.00320403,0.0149309,0.00416916,0.00293092
0.0188676,0.0129328,0.0058758,0.0300741,0.00966735,0.00442431
0.00766404,0.00531504,0.00243297,0.0193119,0.00578194,0.00706241
0.00952286,0.00676678,0.00413855,0.0186242,0.00456493,0.0062414
0.0169283,0.0116514,0.0193252,0.0525588,0.0142895,0.00598202
0.0310751,0.0196385,0.0121166,0.0795211,0.0197326,0.0146743
0.00910511,0.00478512,0.00234839,0.0193821,0.004602,0.00224364
0.0085491,0.0059976,0.00203349,0.0141605,0.00466745,0.00419006
0.00584833,0.00390051,0.0022708,0.0108599,0.00248677,0.00218152
0.0135241,0.00896648,0.00598228,0.0199044,0.00505269,0.0057377
0.0116354,0.00819881,0.00444296,0.0160354,0.00513116,0.00192053
0.0191296,0.0129468,0.00476673,0.0235013,0.00477298,0.00602776
0.0144934,0.00973291,0.00278923,0.0232515,0.00727925,0.00908565
0.00846437,0.00606701,0.00485435,0.0223071,0.0063775,0.00472718
0.0202357,0.0141224,0.00616464,0.0187521,0.00554446,0.0147334
0.0128479,0.00902946,0.00474976,0.0246444,0.00610283,0.0026555
0.0154937,0.0086006,0.00601961,0.0262301,0.00636773,0.00521815
0.00519834,0.00353149,0.0015651,0.0196336,0.00229688,0.00237709
0.0101844,0.00661528,0.00347357,0.0241465,0.00485308,0.00324615
0.0317333,0.0185869,0.0363337,0.145306,0.0356338,0.0970697
0.0476119,0.0273963,0.0206711,0.0838538,0.0183923,0.0126346
0.0295741,0.0189113,0.0240241,0.100554,0.0271197,0.0337186
0.0272598,0.0186155,0.0389395,0.205948,0.0491618,0.0906268
0.0429628,0.0235868,0.0226541,0.108828,0.0312252,0.0334705
0.0405325,0.0206871,0.0393572,0.122785,0.0301085,0.0653701
0.0168722,0.0120292,0.014147,0.0517504,0.0121943,0.0152104
0.0185681,0.0130521,0.00613963,0.0236721,0.00783289,0.00757764
0.0241775,0.0158633,0.0173555,0.0698039,0.0180392,0.0245047
0.00787316,0.00572038,0.00217751,0.0237192,0.0051516,0.000629934
0.0123063,0.00843915,0.00424233,0.0153466,0.00314117,0.00303926
0.00909683,0.0065438,0.00348421,0.0222891,0.00467257,0.00259638
0.0115384,0.00787976,0.00550457,0.0238656,0.00620451,0.00425147
0.0463234,0.0278641,0.0168524,0.0888065,0.0176266,0.0462583
0.00783422,0.00571926,0.0156628,0.0342724,0.00807184,0.0285978
0.0360774,0.0150769,0.0191423,0.0670887,0.019495,0.0437351
0.0621013,0.0327916,0.0209418,0.0570267,0.0121996,0.0266388
0.0190253,0.0124023,0.00752702,0.0280733,0.00653065,0.00429755
0.0375407,0.023177,0.0190213,0.0716867,0.01837,0.026043
0.013792,0.0093757,0.00502795,0.0216833,0.00486835,0.0050719
0.0108552,0.00762435,0.00346618,0.0149131,0.0023947,0.00259156
0.00791905,0.00552193,0.00517492,0.0134283,0.00317979,0.00385669
0.004835,0.00335326,0.00261591,0.0161648,0.00339355,0.00282953
0.018749,0.0129042,0.0124305,0.0483172,0.0143309,0.0159414
0.013837,0.00824269,0.00629833,0.0401885,0.0103765,0.014732
0.0187595,0.011108,0.00804817,0.0329897,0.0074246,0.00979445
0.0110909,0.00782674,0.00604021,0.039614,0.00958163,0.00981705
0.0360395,0.0146587,0.0183909,0.0986812,0.0226609,0.0449209
0.033745,0.0127722,0.0151692,0.0716025,0.0136846,0.0364553
0.0227199,0.0156508,0.0155779,0.0866404,0.0203387,0.0304442
0.00549392,0.00400951,0.00156576,0.0113633,0.00342503,0.00433063
0.0126808,0.00828632,0.00301123,0.0263734,0.00603783,0.00516224
0.00798041,0.00536383,0.00325343,0.0169346,0.0026242,0.00330798
0.0264139,0.0125479,0.0132749,0.0683548,0.0195861,0.0482153
0.0152883,0.0103384,0.00385529,0.0213457,0.00465079,0.00904258
0.0492437,0.0279539,0.0534796,0.20292,0.0574847,0.0619471
0.0136466,0.00931922,0.00509456,0.0300888,0.00714173,0.00799226
0.0149036,0.00970874,0.00514414,0.0172408,0.00460618,0.00868456
0.0143117,0.00853342,0.00498051,0.0123463,0.00138899,0.00821382
0.0274074,0.0172729,0.00724805,0.0560149,0.0140048,0.00959486
0.0219955,0.0145513,0.00858207,0.0312816,0.00678305,0.0182686
0.011625,0.00778014,0.00521973,0.0186749,0.00618015,0.00530554
0.00873026,0.00573226,0.00355308,0.020543,0.00500096,0.00451291
0.0143337,0.0100682,0.00503542,0.0233221,0.00560948,0.0108681
0.0112613,0.00788971,0.00366424,0.0222623,0.0056776,0.0110512
0.0550931,0.0344345,0.0394798,0.0560586,0.0146418,0.0540172
0.0673001,0.0369618,0.0633744,0.285904,0.0742225,0.140091
0.0381688,0.0234068,0.023733,0.104535,0.0290716,0.0607681
0.0193272,0.010069,0.00671449,0.0356431,0.00988809,0.0200042
0.0260566,0.0160946,0.0130802,0.0804225,0.0211713,0.038977
0.0145594,0.0100051,0.00514811,0.0248861,0.00513143,0.00757276
0.00485166,0.00356738,0.00243784,0.00868335,0.00187157,0.00120987
0.0172718,0.0120668,0.00433864,0.0221701,0.00668271,0.00785603
0.00629458,0.00440747,0.00172509,0.0214863,0.00543743,0.0115635
0.00760697,0.00539866,0.00186947,0.00919673,0.00184126,0.00359436
0.0147076,0.00979475,0.00973109,0.0369013,0.00904936,0.0093699
0.0105396,0.00733528,0.00455752,0.0164884,0.00571524,0.0036033
0.0384538,0.0233925,0.0276454,0.10725,0.0264749,0.0385403
0.0211439,0.013471,0.00661144,0.046082,0.0139541,0.0138714
0.0117293,0.00843228,0.00464155,0.0250068,0.00509244,0.00728336
0.0333305,0.0203511,0.0306183,0.112081,0.0312927,0.0436087
0.0169232,0.0118198,0.00573842,0.0231323,0.00446186,0.00810629
0.0114133,0.00783338,0.0051465,0.0155277,0.00481739,0.014261
0.0164178,0.0114228,0.0134593,0.0448044,0.013544,0.00658668
0.0202971,0.0140852,0.00689127,0.00900153,0.00154368,0.00554356
0.00622044,0.00460906,0.00211725,0.0161521,0.00350648,0.00885633
0.0070118,0.00462041,0.00277425,0.0220082,0.00360596,0.00132471
0.0228204,0.015067,0.00882772,0.0364747,0.0104298,0.0191983
0.00659036,0.00444324,0.00726121,0.0287212,0.00668232,0.00456642
0.0108826,0.00747746,0.00973587,0.0251013,0.00726264,0.00718884
0.0228185,0.0124856,0.00934222,0.0412906,0.0100822,0.00706458
0.0147896,0.0101065,0.00926349,0.0325849,0.00605201,0.00331192
0.016476,0.0109524,0.00618605,0.0242764,0.00524504,0.0059174
0.00812483,0.00555722,0.00214889,0.0164252,0.00381985,0.00302697
0.0193941,0.0134615,0.0055311,0.030916,0.00842607,0.0329908
0.0186258,0.0124729,0.00684781,0.0163699,0.0041677,0.00444658
0.0289989,0.0187859,0.00812667,0.0421829,0.0112109,0.0168676
0.0068667,0.00503483,0.00315442,0.0147657,0.00435844,0.00633213
0.0159206,0.0106789,0.00767863,0.032116,0.00846836,0.00755798
0.00848128,0.00587772,0.00296358,0.0149779,0.00312464,0.00189935
0.0165385,0.01081,0.00612405,0.0337367,0.010876,0.0093516
0.0194071,0.0136141,0.00641608,0.0373482,0.00715566,0.00881402
0.0222878,0.015186,0.0130396,0.0608478,0.0151719,0.0179598
0.0334317,0.0215209,0.0124702,0.0542376,0.0148896,0.0322947
0.0290005,0.0192215,0.00882808,0.0411375,0.0119773,0.0254707
0.0184139,0.0119439,0.00596573,0.0323289,0.00795453,0.0041674
0.0145142,0.00967296,0.00379221,0.0221362,0.00522481,0.00478183
0.00565297,0.00371158,0.00237748,0.00870885,0.00124746,0.00091987
0.00809856,0.00553669,0.00295381,0.0140594,0.00284692,0.00247825
0.0238713,0.0113787,0.00889617,0.0357831,0.00989888,0.0225159
0.0252804,0.0113989,0.00897668,0.036341,0.0100375,0.0221547
0.00501337,0.00371847,0.00262539,0.0214212,0.00404207,0.00318168
0.00780175,0.00521226,0.00317429,0.0119845,0.00292883,0.00443617
0.00956656,0.00636318,0.00380086,0.00999652,0.00567245,0.0046395
0.0120355,0.00714484,0.00458145,0.0203164,0.00466276,0.00967453
0.0136163,0.007019,0.00387194,0.0311688,0.00730043,0.0152236
0.0198725,0.0137503,0.00637538,0.0288586,0.00821686,0.00504565
0.0176248,0.0113382,0.0327899,0.0859194,0.0200713,0.040053
0.0128033,0.00889115,0.00285662,0.0224633,0.00530641,0.00842462
0.018772,0.0125255,0.0185379,0.0108485,0.00373762,0.0217534
0.0104639,0.00685352,0.00406521,0.0145013,0.00293516,0.012214
0.00718337,0.0047265,0.00310173,0.0151641,0.00514633,0.00655737
0.0473298,0.029878,0.0158038,0.127585,0.0329101,0.0356961
0.0325551,0.0185025,0.0201317,0.0502111,0.01203,0.0184225
0.0258028,0.0140277,0.0106079,0.072079,0.0177544,0.0263207
0.0231198,0.013891,0.00959608,0.0562887,0.01218,0.0191135
0.0056054,0.00377361,0.00287141,0.00961674,0.00201855,0.00234901
0.0161953,0.0106202,0.00551923,0.0311709,0.00771154,0.00764545
0.00640522,0.00454437,0.00355291,0.0144379,0.00395215,0.0127451
0.00845804,0.0059652,0.00321704,0.0153922,0.00333897,0.0019816
0.0108012,0.00774165,0.00366265,0.0240114,0.00687844,0.00790741
0.0439231,0.0285545,0.0347168,0.110558,0.0319204,0.0518875
0.00766538,0.00540364,0.00140997,0.0133834,0.00314793,0.00843119
0.0158753,0.0107034,0.00479949,0.0286718,0.00750185,0.00572045
0.00941153,0.0063072,0.00347845,0.0167236,0.00542451,0.00714386
0.0301404,0.0190601,0.0284181,0.0656356,0.0170742,0.0134582
0.0242974,0.0161283,0.00773391,0.0356517,0.00773063,0.025482
0.0189867,0.0130372,0.00751801,0.0325726,0.00855731,0.0164166
0.015051,0.0101687,0.00426235,0.0268377,0.00910013,0.0113665
0.00617433,0.00413769,0.00259826,0.0187336,0.00538461,0.00421292
0.0116411,0.00796886,0.0030371,0.0161685,0.00330219,0.00523835
0.0155072,0.0106848,0.004983,0.0216331,0.00558026,0.00937757
0.037808,0.0145571,0.0381283,0.119931,0.0386981,0.0594167
0.0598076,0.0334069,0.0363665,0.135622,0.0357937,0.0786836
0.0412344,0.0261789,0.0260541,0.0981238,0.0269252,0.0499549
0.026043,0.0167196,0.0113796,0.0603991,0.0150057,0.00780779
0.00580155,0.00401151,0.00157155,0.0248139,0.00473367,0.00491818
0.0180868,0.0117717,0.00714796,0.0371411,0.0107569,0.0106654
0.023292,0.0153103,0.00813461,0.0339519,0.00940607,0.0100148
0.0111947,0.00745523,0.0055697,0.033904,0.00941028,0.00546085
0.0141038,0.00960257,0.00852709,0.0417705,0.00963238,0.00565902
0.0061228,0.00413447,0.00463233,0.0255489,0.00725999,0.0156353
0.0177722,0.0116271,0.00680109,0.0278763,0.00634928,0.0118896
0.0180502,0.0118525,0.0070871,0.0403328,0.0105017,0.00549748
0.00785611,0.00523442,0.00317362,0.0147311,0.00345411,0.00640374
0.0173379,0.0118053,0.00966653,0.0437448,0.0139149,0.0151737
0.00986227,0.00652719,0.00506746,0.0300315,0.00531128,0.00274231
0.0230527,0.0152267,0.0154418,0.0729457,0.0190824,0.0188712
0.00757988,0.00526309,0.00275764,0.00418318,-0.000383451,0.00475127
0.00737743,0.00486608,0.0026903,0.0155858,0.00453324,0.00161438
0.00661036,0.00472547,0.00354795,0.018469,0.00660126,0.00453761
0.00639697,0.00448132,0.00311912,0.0166545,0.00424402,0.0165267
0.0431593,0.0276775,0.0117947,0.0461512,0.0125001,0.0147736
0.0345197,0.0229679,0.0137613,0.0594916,0.0170228,0.0357868
0.0284867,0.0181718,0.00734746,0.0447421,0.0111271,0.0144374
0.00581624,0.00438349,0.0023255,0.00877562,0.00413763,0.00732376
0.0269193,0.0183485,0.0204172,0.0612123,0.0162144,0.0141399
0.0165224,0.0107524,0.00494852,0.0268342,0.00844826,0.0258207
0.0146869,0.0103825,0.00425857,0.0173013,0.00406824,0.00200664
0.0117047,0.00816153,0.00372492,0.0192213,0.00364794,0.0079973
0.00642304,0.00481491,0.00298436,0.0157083,0.00321915,0.00336158
0.00502308,0.0038223,0.00460652,0.0307743,0.00732914,0.0139711
0.0364332,0.0222179,0.0202754,0.0964149,0.0277733,0.0343471
0.0148211,0.00989422,0.0222562,0.113231,0.029881,0.0417472
0.0417448,0.0267879,0.0123334,0.0398162,0.0112091,0.0126582
0.00996463,0.00698536,0.00360274,0.0165953,0.00564697,0.00365936
0.0249833,0.0165007,0.0069179,0.0290249,0.0090546,0.00701963
0.0239338,0.0157913,0.0141495,0.0476759,0.0131787,0.0235586
0.0235466,0.0157205,0.0090781,0.0432285,0.00976579,0.00727967
0.0235969,0.0160117,0.00910603,0.0348345,0.0100555,0.00555811
0.012258,0.00851055,0.00696792,0.0188933,0.00543344,0.00763196
0.0195522,0.0133697,0.00909847,0.0617319,0.0156791,0.00423758
0.017474,0.0114871,0.00491559,0.0352724,0.00924788,0.00559784
0.0129262,0.00856003,0.00496996,0.0296632,0.00725065,0.00271309
0.0191242,0.0129918,0.00994427,0.0481621,0.0149096,0.0173786
0.0285783,0.0178989,0.0184273,0.0776686,0.0196896,0.0236317
0.0138821,0.00959929,0.00396273,0.0198857,0.00605678,0.0126482
0.0249549,0.0171591,0.0094903,0.0432253,0.0117797,0.0107497
0.012807,0.00689829,0.00363717,0.0298571,0.00699559,0.0108409
0.0106035,0.00406076,0.00273472,0.0250213,0.0042008,0.00833321
0.00565584,0.0040774,0.0034766,0.015446,0.00425076,0.00430062
0.0177208,0.0116459,0.00526565,0.0360356,0.00690884,0.00754915
0.0330349,0.022,0.0132401,0.05837,0.0141967,0.0224088
0.010781,0.00759143,0.00327669,0.0164951,0.00455444,0.00504016
0.0128948,0.00908552,0.00329187,0.0178343,0.00439692,0.0048803
0.0173721,0.0116064,0.00550937,0.0343836,0.00892947,0.00409084
0.0319223,0.0198449,0.0116442,0.0547406,0.0118135,0.0101448
0.0148433,0.0102796,0.0105471,0.0412394,0.0106425,0.0316519
0.0084404,0.00542112,0.00348434,0.0205046,0.00422742,0.00923281
0.0517274,0.0252822,0.0293062,0.108579,0.0275924,0.0338204
0.0503515,0.025236,0.0264825,0.0936311,0.0207681,0.0293635
0.0190282,0.0130064,0.00711699,0.0176987,0.00426921,0.00569715
0.0180996,0.0116857,0.00668956,0.0381786,0.0101474,0.0120813
0.0189198,0.0131261,0.00972129,0.0332558,0.00868986,0.00861312
0.00881897,0.00572365,0.00284756,0.0164057,0.00510804,0.00148662
0.0232903,0.0149071,0.011015,0.0379926,0.0105547,0.00376777
0.0165428,0.0110299,0.00487654,0.044758,0.0124195,0.00462989
0.0210628,0.0142162,0.00742018,0.0250158,0.00709236,0.012461
0.0403475,0.0254798,0.0103078,0.0532778,0.0139022,0.0197588
0.0334751,0.0216537,0.0127261,0.0432971,0.0121159,0.013525
0.0110996,0.00768649,0.00302557,0.0194324,0.00538254,0.00561889
0.0436217,0.0262685,0.0208618,0.0887243,0.0251525,0.027723
0.029931,0.0190414,0.00951497,0.0337354,0.00909627,0.0171633
0.0169461,0.0115238,0.00523931,0.0244503,0.00478961,0.0102282
0.00525529,0.00352138,0.00210032,0.0200871,0.00617889,0.00578217
0.00689956,0.00494326,0.00262025,0.0239103,0.00597847,0.00380217
0.0172476,0.0120824,0.0101607,0.0125951,0.00408238,0.0108277
0.00605416,0.00446247,0.00562278,0.0188035,0.003337,0.0046117
0.027428,0.0173301,0.0115349,0.0433038,0.0116865,0.0170672
0.0184071,0.0128179,0.00486091,0.0412258,0.0120569,0.00639671
0.0392813,0.0249279,0.0121161,0.051091,0.012539,0.0248543
0.0337814,0.0159613,0.0170894,0.0818328,0.0205353,0.0293193
0.0332349,0.0160668,0.0161751,0.0754377,0.0148327,0.0244442
0.0119253,0.00817776,0.00594389,0.0248861,0.00637448,0.00452834
0.0133283,0.00854708,0.00412799,0.0324461,0.00800548,0.00581993
0.00995592,0.00719453,0.00417327,0.0128075,0.00433884,0.00657243
0.0134,0.00915606,0.00454874,0.0234212,0.00608464,0.0123849
0.0380206,0.02315,0.0237401,0.0637863,0.0147462,0.0401129
0.0593071,0.0240843,0.029553,0.173065,0.0432918,0.0292014
0.0601099,0.0241404,0.0290177,0.169106,0.0396133,0.0275829
0.00715716,0.00512218,0.00121955,0.0126776,0.00352233,0.0026852
0.00756836,0.00527979,0.0038753,0.0115207,0.00501358,0.00269831
0.0411022,0.0267778,0.0159251,0.0881219,0.0205078,0.0282401
0.00573543,0.00379648,0.00242067,0.0201483,0.00523893,0.0119431
0.0175068,0.0118327,0.00421928,0.0265288,0.00873176,0.00407708
0.028814,0.0176889,0.0153412,0.0327718,0.00934533,0.00686037
0.023822,0.0160156,0.00726229,0.0420626,0.010534,0.00936483
0.0171789,0.00818129,0.0059187,0.0338294,0.00939787,0.0119041
0.021253,0.00936621,0.00710479,0.0345331,0.00987145,0.0124763
0.00881887,0.00524715,0.00233553,0.0158408,0.00492213,0.00696145
0.0265819,0.0170227,0.00990968,0.0498435,0.011975,0.0121434
0.00939802,0.00686657,0.00422969,0.0138769,0.0028755,0.00790301
0.0141456,0.00995152,0.00497153,0.0219878,0.00670992,0.0178191
0.00536536,0.0039137,0.00251237,0.0167698,0.00221617,0.00163773
0.0221772,0.0145679,0.00539778,0.0209469,0.00544967,0.0107952
0.0415103,0.022386,0.0570085,0.195151,0.0507623,0.0830065
0.00577111,0.00402789,0.00262502,0.0136525,0.00408982,0.00252449
0.0121114,0.00855288,0.00284006,0.0341503,0.0102419,0.0106773
0.0382428,0.0231817,0.0300767,0.118925,0.0308165,0.0720841
0.00837512,0.00549244,0.00266026,0.00343066,0.00200219,0.00414574
0.00736889,0.00503787,0.0035392,0.0145818,0.00405736,0.00489702
0.0126793,0.00849959,0.00496211,0.024838,0.00594877,0.0138794
0.0126982,0.00856811,0.00275631,0.0302102,0.00864707,0.00343519
0.00854257,0.00580156,0.00152992,0.019128,0.00545801,0.00282781
0.0218289,0.0133994,0.0211477,0.145964,0.0384338,0.0431899
0.0331445,0.0207395,0.037084,0.131449,0.0334052,0.0624211
0.0129043,0.00868735,0.00790062,0.0349738,0.0129774,0.0352856
0.0219061,0.010463,0.00873335,0.0472799,0.0116617,0.00767463
0.0199538,0.00923356,0.00780421,0.0363679,0.00719801,0.00605778
0.0158003,0.0108886,0.00598851,0.0388376,0.00842246,0.00983116
0.00851382,0.00613104,0.00261541,0.0217642,0.00387552,0.00290604
0.00536862,0.00404423,0.00230086,0.00852178,0.00192812,0.00340466
0.0139795,0.00979988,0.0045405,0.0236886,0.00778234,0.00646545
0.0107925,0.00726708,0.00419219,0.0144386,0.00341097,0.00497613
0.0297111,0.0196579,0.00591025,0.0322623,0.00814482,0.0274912
0.0356926,0.0218869,0.0119356,0.0530439,0.0138644,0.0168336
0.00638317,0.00450167,0.00336011,0.00577179,0.0016883,0.00264652
0.0070798,0.00512727,0.00171635,0.00989531,0.00250864,0.00361824
0.0293517,0.0193841,0.00904123,0.040181,0.008526,0.00666607
0.0277775,0.018525,0.0129293,0.0426871,0.0123971,0.0101433
0.0222878,0.0151001,0.00733607,0.0336584,0.00846094,0.00993599
0.0367615,0.0226469,0.0211409,0.0647388,0.0191604,0.0297485
0.0118726,0.00860943,0.00383939,0.0131024,0.00439254,0.00266439
0.0142072,0.00984169,0.00566058,0.0223091,0.00561007,0.0130745
0.00964488,0.00624059,0.00279223,0.0204271,0.00531391,0.00195737
0.0129993,0.00825682,0.00944507,0.0735746,0.0190932,0.015422
0.0158826,0.0107301,0.00530822,0.0262745,0.00534417,0.00961012
0.0222992,0.014779,0.0175292,0.0425638,0.0090508,0.00831186
0.026632,0.017029,0.00909892,0.0392673,0.0103857,0.00642316
0.0302026,0.0199618,0.00714661,0.0425919,0.0107295,0.0125155
0.0211236,0.0122377,0.0124052,0.052712,0.0160358,0.0162229
0.0152532,0.00626222,0.0101058,0.0302216,0.00715353,0.01208
0.0287632,0.0190455,0.00990779,0.0442674,0.00983362,0.00848914
0.00893621,0.00616161,0.00363175,0.0190277,0.00334574,0.00508663
0.0172247,0.0119276,0.00638872,0.0359322,0.00834578,0.00568487
0.0145457,0.00982059,0.0042139,0.0217513,0.00489641,0.00336463
0.0214029,0.0146591,0.0144203,0.0430043,0.0130836,0.018809
0.0271815,0.0169118,0.0190467,0.12696,0.0326754,0.0266056
0.0188727,0.012377,0.00874118,0.0468143,0.0123965,0.0161642
0.0124543,0.00876333,0.00455069,0.0157937,0.00380577,0.00438742
0.0173805,0.00679788,0.0058305,0.0322461,0.0100901,0.00616442
0.0209443,0.011777,0.00551546,0.0308673,0.0077907,0.00740013
0.00446519,0.00305232,0.00289426,0.0181624,0.00595019,0.00188125
0.007673,0.00533682,0.00248858,0.0223084,0.00643851,0.0159503
0.0268017,0.0163907,0.0195203,0.122672,0.0309952,0.0264931
0.0447464,0.0187645,0.014636,0.0689723,0.0172191,0.0139892
0.0102567,0.00655284,0.00505652,0.0153705,0.00299745,0.00742316
0.00966839,0.00659089,0.00370174,0.00862023,0.00336124,0.00301026
0.0307503,0.0202049,0.0115818,0.0403381,0.0100497,0.00492493
0.0127646,0.00914788,0.00417439,0.0216601,0.00834998,0.0069079
0.0500191,0.0313799,0.0125513,0.0195602,0.00439491,0.0153026
0.0233804,0.0153985,0.0076758,0.0452791,0.0128766,0.00819831
0.0263983,0.0128747,0.0100157,0.0364685,0.00921173,0.00784937
0.0296628,0.0150373,0.0100475,0.0313306,0.00717221,0.00824162
0.0198473,0.0134566,0.00981981,0.0762335,0.0178046,0.0220206
0.00665165,0.00431144,0.00222037,0.0120483,0.00353661,0.00267269
0.00665003,0.00459925,0.00328054,0.0159902,0.00519037,0.00615089
0.00808114,0.00543743,0.00342502,0.017371,0.00593257,0.00778583
0.0434728,0.0271375,0.029245,0.109013,0.0312437,0.0780874
0.0117277,0.00796344,0.00323656,0.0250414,0.00800704,0.0198215
0.0191971,0.0133166,0.00971427,0.0395955,0.0103046,0.00568092
0.00512171,0.00356784,0.00584411,0.0501932,0.0136773,0.0191564
0.0161717,0.0110043,0.00385355,0.0364896,0.00885084,0.00953627
0.0101019,0.00719029,0.00381428,0.0120269,0.0036109,0.00549919
0.0321316,0.020001,0.01402,0.0865509,0.0211969,0.0182949
0.0264317,0.0176309,0.0085932,0.0326447,0.00966952,0.0219453
0.0144285,0.00967391,0.0087451,0.0332757,0.00768276,0.0051024
0.0267231,0.0177526,0.0108678,0.0379116,0.00773574,0.00810247
0.0229895,0.0151605,0.00944987,0.0296742,0.00733002,0.0100052
0.0102974,0.00694457,0.00363454,0.0180287,0.00341101,0.00596352
0.0146837,0.0101569,0.00387733,0.0235476,0.00662759,0.00470964
0.0269099,0.0154309,0.0779608,0.302076,0.0783243,0.127785
0.0130923,0.00887523,0.00475619,0.0204676,0.00546004,0.00374569
0.0082173,0.00526812,0.00375087,0.0155658,0.00536,0.00412295
0.0105717,0.00710831,0.00396485,0.0352176,0.00831845,0.00277769
0.0103709,0.00706103,0.0046947,0.0308993,0.00666274,0.00253435
0.0116539,0.00806017,0.00493961,0.0360387,0.00873489,0.0111916
0.0236203,0.0156797,0.00553859,0.0473352,0.0104665,0.00999345
0.0257198,0.0166403,0.0100482,0.0358111,0.00866091,0.0134753
0.0286695,0.01924,0.0116825,0.0378871,0.00948392,0.0212506
0.00565628,0.00409776,0.00387198,0.00163276,-0.000581223,0.00697256
0.0192519,0.0127006,0.0091944,0.0744363,0.0194739,0.0204014
0.00927879,0.00672706,0.00360411,0.015514,0.00384971,0.0215804
0.0193243,0.0120314,0.0417769,0.172762,0.0535923,0.10227
0.0107753,0.00702837,0.0037312,0.024015,0.00464552,0.00568279
0.0173721,0.0116223,0.0105302,0.0409907,0.0110469,0.00767814
0.00887777,0.00622919,0.00378463,0.0135268,0.0037193,0.00190721
0.0191243,0.0125749,0.00744535,0.026593,0.0095024,0.0116804
0.0131034,0.00839811,0.00366222,0.0260902,0.00787685,0.00468005
0.0150576,0.00994837,0.00497964,0.00965291,0.00483958,0.0122364
0.010654,0.00753424,0.00421914,0.0134002,0.0038418,0.00315489
0.00808428,0.00528098,0.00301924,0.00872493,0.00340505,0.00368756
0.00474148,0.00307216,0.00310983,0.00851731,0.00228754,0.00395796
0.0268712,0.0176784,0.00919718,0.0409661,0.0105701,0.00758601
0.00459167,0.00325249,0.0028394,0.0126169,0.00347438,0.00199083
0.0196195,0.0124578,0.0350306,0.143524,0.0385506,0.0660393
0.0447768,0.0252019,0.0347028,0.10686,0.0269015,0.043064
0.0178463,0.0114902,0.0056734,0.0389164,0.0114871,0.00695505
0.00884348,0.00621982,0.002325,0.0239099,0.00502352,0.0049105
0.0125313,0.00860905,0.00468317,0.0164236,0.00437298,0.00490574
0.0113445,0.00800015,0.0060127,0.0312688,0.00721678,0.0137081
0.0245026,0.0153218,0.0208688,0.0834282,0.0226096,0.0390027
0.0365531,0.0233541,0.0145133,0.0609968,0.0135397,0.0325207
0.0135554,0.00911728,0.0045329,0.0267692,0.00548566,0.00840988
0.00564384,0.00408687,0.00253913,0.0172573,0.00591637,0.00601178
0.00905861,0.00593606,0.00332545,0.019804,0.00423742,0.00247141
0.015365,0.0108665,0.00554011,0.0315322,0.0080965,0.00537157
0.0174462,0.0117386,0.00554843,0.0201238,0.00371598,0.0149638
0.0110897,0.00742246,0.00396677,0.0177055,0.00287741,0.0127608
0.0112721,0.00766188,0.00389876,0.0135371,0.00386887,0.00679625
0.0583597,0.0280969,0.0554932,0.203875,0.0529559,0.0826034
0.0719656,0.041915,0.0331208,0.162005,0.038913,0.0682303
0.0147478,0.0103129,0.0118661,0.0446896,0.0121534,0.0141684
0.00660125,0.00439396,0.00247758,0.0149118,0.00311122,0.00730929
0.00872684,0.00609473,0.0035866,0.0283022,0.00736916,0.00208367
0.0097415,0.00681301,0.00347256,0.0163681,0.004043,0.00577795
0.0200966,0.00966824,0.00745131,0.035078,0.00765285,0.019709
0.00531742,0.00370697,0.00242291,0.010672,0.00305852,0.00253602
0.00695142,0.00459519,0.00280182,0.0183888,0.00581763,0.0115335
0.0103977,0.00685379,0.00255834,0.019536,0.00486983,0.00185843
0.0186482,0.0128972,0.00696136,0.0237119,0.00733101,0.0145099
0.0193579,0.0131818,0.00533951,0.0357054,0.0100209,0.00316736
0.00446886,0.003116,0.00262129,0.0114164,0.00166188,0.0043972
0.0258591,0.0176031,0.00877467,0.0607816,0.0149144,0.0283643
0.027476,0.0183802,0.008029,0.0255887,0.0062105,0.00866871
0.015597,0.0102401,0.00464269,0.0184391,0.00397116,0.00580391
0.0236509,0.0155523,0.00799128,0.0388927,0.0101183,0.0172472
0.0209876,0.0138197,0.00650106,0.0330291,0.00913544,0.0105897
0.0191143,0.0116107,0.0110453,0.0479722,0.0122662,0.0102829
0.015664,0.00678281,0.010476,0.0243698,0.00529269,0.0045926
0.015904,0.0104724,0.00600103,0.0185312,0.00533181,0.00399105
0.017867,0.00892565,0.0108837,0.0468377,0.0125079,0.0206581
0.0161743,0.00739368,0.00743278,0.027796,0.00663543,0.0180453
0.0385092,0.0250558,0.0125926,0.0738242,0.0172001,0.0185784
0.00766758,0.00510489,0.00313754,0.000812342,0.000318682,0.00226882
0.0221338,0.0126714,0.0106514,0.07047,0.0180592,0.0309957
0.0203073,0.0103963,0.00685037,0.0399204,0.00811722,0.00898364
0.0304592,0.0195055,0.00954959,0.0612498,0.0177246,0.0183575
0.0377323,0.0230294,0.0190181,0.0947157,0.0241161,0.059558
0.00767364,0.00514728,0.00444085,0.028826,0.00647166,0.00454702
0.0384638,0.0240264,0.0182011,0.0420064,0.0100502,0.00695956
0.00772426,0.00457418,0.00265253,0.0150657,0.00610527,0.00618276
0.0404235,0.025063,0.0125463,0.0573354,0.0152099,0.0175741
0.00551712,0.00358535,0.00259782,0.0084539,0.00349444,0.00538385
0.0290656,0.0158947,0.00975883,0.0501024,0.0203523,0.0125449
0.0606983,0.0348398,0.0338275,0.187164,0.0510578,0.0645227
0.0111206,0.0074662,0.00365593,0.0095194,0.00371267,0.00788313
0.00824842,0.0054726,0.00485452,0.0183314,0.00471898,0.0065728
0.043071,0.025002,0.0264974,0.116329,0.0275884,0.0618616
0.0107581,0.00741862,0.0058333,0.0245059,0.00745098,0.0119782
0.00826747,0.00588026,0.00322451,0.0137927,0.00364016,0.00221329
0.0137121,0.00877477,0.0115008,0.0677205,0.0164071,0.0197094
0.028868,0.0182562,0.0197098,0.1525,0.0358735,0.019296
0.0457479,0.0269854,0.050224,0.241575,0.0655176,0.115916
0.0247854,0.0167264,0.00985166,0.0610762,0.017564,0.014211
0.00778444,0.00522441,0.00231647,0.00943444,0.00183636,0.00245179
0.0221514,0.0149104,0.0126842,0.0618566,0.016611,0.0177166
0.00957297,0.00663988,0.00466567,0.0166379,0.00405136,0.00359851
0.00739394,0.00522364,0.00332852,0.014109,0.00495351,0.00324884
0.00969598,0.00700781,0.00221348,0.0340271,0.00835807,0.00850379
0.0317587,0.0200013,0.0200496,0.0758717,0.0197259,0.0373228
0.0214849,0.0140171,0.00701901,0.0203662,0.00554279,0.00570844
0.00620871,0.00412832,0.00224329,0.0177358,0.00418288,0.00389676
0.0122102,0.00805722,0.00398943,0.0185939,0.00496305,0.00197795
0.00805931,0.00570026,0.00335823,0.000981408,-0.000236426,0.00661888
0.00732468,0.00537311,0.00501655,0.00959817,0.003396,0.00514621
0.0394098,0.0247991,0.0330654,0.127418,0.0341207,0.0588993
0.0214439,0.0139405,0.0206548,0.0897125,0.0219093,0.0188405
0.00865637,0.00584595,0.00440226,0.0139768,0.00258852,0.0032245
0.00467291,0.00322135,0.0024597,0.00783026,0.00299809,0.00468029
0.00532702,0.0036586,0.0019027,0.0181144,0.00595317,0.00434496
0.00751793,0.00539721,0.00286783,0.0211879,0.00464169,0.00329733
0.0235904,0.0156355,0.00786611,0.0450285,0.00973736,0.00418812
0.00987968,0.00690305,0.00429985,0.0371161,0.0109123,0.00893087
0.0114501,0.00795985,0.00376274,0.0221277,0.00331205,0.00196101
0.00880279,0.00616806,0.00668055,0.0315945,0.00921748,0.00722256
0.0459532,0.0279023,0.0614807,0.217975,0.0587273,0.159867
0.01024,0.00690649,0.00595299,0.0296667,0.00728056,0.00655182
0.0239412,0.0154365,0.0208705,0.11439,0.0334634,0.0643357
0.0326941,0.02198,0.0173758,0.0761549,0.0210259,0.0344702
0.0284368,0.0193065,0.0120795,0.0221037,0.00848854,0.0191093
0.013043,0.00867799,0.00422957,0.0198698,0.0033922,0.00675621
0.00644325,0.00464981,0.00305557,0.0150129,0.00436231,0.00542299
0.03079,0.0155927,0.0129329,0.0649171,0.0157021,0.0244604
0.0334314,0.0157008,0.0132022,0.0636444,0.0148748,0.0256563
0.00907995,0.0063908,0.0039765,0.0130379,0.00569247,0.00143386
0.00610687,0.00416575,0.0024762,0.0160614,0.00433086,0.00334465
0.0092644,0.00622375,0.0028948,0.0157381,0.00349786,0.00148529
0.0274271,0.0182526,0.00799562,0.0417507,0.0109215,0.0132768
0.0134629,0.00937604,0.00501208,0.0208959,0.00462255,0.00803971
0.0186058,0.0126258,0.00695033,0.0305096,0.00840818,0.00949462
0.0531935,0.0279946,0.0368484,0.139766,0.033698,0.0388217
0.0225889,0.0147214,0.00773757,0.0412832,0.011012,0.00671299
0.0138639,0.00986978,0.00563098,0.0122061,0.00326858,0.00238881
0.0201189,0.0136119,0.00660456,0.02942,0.00566299,0.00563471
0.0165295,0.0111614,0.0112267,0.0515618,0.0136606,0.0303829
0.0253346,0.015563,0.0178766,0.0667786,0.0191658,0.0184673
0.00708108,0.00480245,0.0024808,0.0170109,0.00459168,0.00516427
0.00980034,0.00640321,0.00367078,0.0267822,0.00646276,0.00755111
0.00799979,0.0055632,0.00156827,0.0213202,0.00473677,0.00932804
0.0211711,0.0141297,0.00906983,0.0336907,0.00923507,0.00633517
0.0140397,0.00976984,0.00580842,0.0268231,0.00862142,0.00633489
0.00658172,0.00467363,0.00228878,0.0291891,0.00878612,0.0177256
0.0243609,0.0162549,0.00550903,0.0416636,0.0123788,0.039068
0.014808,0.010136,0.00717534,0.0276788,0.00735757,0.00347931
0.0155625,0.0108174,0.00434264,0.0299271,0.0104874,0.00279862
0.0257935,0.0166002,0.00827524,0.0418627,0.00944922,0.00775716
0.0198675,0.0129422,0.0054788,0.0329797,0.00815969,0.0041485
0.00606337,0.00401757,0.00176307,0.0104999,0.00351217,0.00366276
0.0115911,0.00816277,0.00265192,0.0239219,0.00464168,0.00442141
0.0170503,0.0115665,0.00587523,0.0271063,0.00571303,0.00303209
0.0137621,0.0090535,0.00513665,0.0308745,0.00674846,0.00571623
0.0274738,0.0171867,0.00972711,0.0508581,0.015032,0.0206954
0.0118136,0.00789205,0.00461778,0.0198699,0.00497092,0.0103757
0.0229032,0.0149996,0.00831829,0.0368749,0.0112019,0.0241463
0.00723852,0.00487927,0.00247358,0.0136392,0.00487909,0.00482149
0.0472632,0.0299571,0.0193353,0.101878,0.0238452,0.0300008
0.0204501,0.0137064,0.00713301,0.0406627,0.0097807,0.013624
0.0103203,0.0072205,0.00408833,0.0288221,0.00728397,0.00344049
0.0177508,0.01181,0.00551686,0.02548,0.00582613,0.00647918
0.0251928,0.0170375,0.0114697,0.0365441,0.00770311,0.007703
0.00914905,0.00641811,0.00348842,0.0122063,0.0032173,0.00512063
0.0235849,0.015134,0.012535,0.0472028,0.0119745,0.00780268
0.00921744,0.00638966,0.00682709,0.0348831,0.00790964,0.02459
0.0247665,0.016563,0.0161331,0.051188,0.0138222,0.0326596
0.0448529,0.0287058,0.014536,0.0552633,0.0140291,0.0201871
0.0154512,0.0101413,0.00541583,0.0290887,0.00843515,0.0024377
0.0188249,0.0120811,0.00709868,0.0453608,0.0124289,0.0030617
0.0315059,0.0206498,0.0113177,0.0726241,0.0186581,0.0248398
0.0193649,0.0131337,0.00990586,0.0406921,0.00814672,0.00620576
0.0895048,0.0372008,0.107139,0.387995,0.103309,0.0915304
0.0190694,0.0120375,0.035276,0.171965,0.0429188,0.0513628
0.0321384,0.0210927,0.00989603,0.0354531,0.0102586,0.0134763
0.0255926,0.0173429,0.00924812,0.0510396,0.0111514,0.0113972
0.00760025,0.00573726,0.00360221,0.0113716,0.00224338,0.010002
0.00464079,0.00337531,0.00297187,0.0133318,0.00351892,0.00240475
0.0255797,0.00943564,0.00916934,0.0689981,0.0172793,0.012399
0.0252637,0.00937125,0.00909926,0.0637958,0.0154628,0.0111931
0.0352958,0.0171473,0.0353206,0.177042,0.0478115,0.118748
0.0132543,0.00875783,0.00723816,0.031544,0.00726076,0.00360355
0.0552583,0.0305429,0.0385616,0.133234,0.0360288,0.0288087
0.0282927,0.0185376,0.00722799,0.0411466,0.0125376,0.0114019
0.00528043,0.00377941,0.00164581,8.40296e-05,0.000479738,0.0017723
0.00966387,0.0065954,0.00515727,0.022957,0.00610921,0.003311
0.0206693,0.0142339,0.00506547,0.0319149,0.00953618,0.00999252
0.0256586,0.0168237,0.00932921,0.0530269,0.0163564,0.0147412
0.0432989,0.0250958,0.0130176,0.063915,0.0176936,0.0182997
0.0112049,0.00748103,0.00393637,0.0107166,0.00427141,0.00702079
0.00998728,0.00686463,0.00366795,0.0117049,0.00421828,0.0105898
0.0129391,0.00910473,0.00550872,0.0295414,0.00674926,0.00723157
0.008628,0.00610164,0.00372639,0.0168142,0.0037792,0.00563315
0.0128757,0.00893831,0.00434969,0.00530461,0.000111958,0.0110884
0.00735127,0.00489096,0.00357363,0.0140803,0.00397162,0.00938771
0.00430707,0.00327711,0.0016564,0.00445149,0.00389893,0.00024108
0.0189367,0.0128097,0.00641029,0.0217425,0.00563986,0.0058647
0.0096265,0.0068721,0.016619,0.0411052,0.011117,0.0106564
0.00963297,0.00627887,0.00340814,0.0141043,0.0043785,0.00311519
0.0274889,0.0187374,0.00818084,0.0328184,0.00991339,0.0123075
0.0104568,0.00727927,0.00472158,0.0290459,0.00760174,0.00518792
0.039715,0.0242434,0.0133786,0.0684375,0.0169218,0.0211271
0.0290656,0.018015,0.0104571,0.0642975,0.0169545,0.0248343
0.0945559,0.0505544,0.036155,0.129156,0.033606,0.0459851
0.0286115,0.0187734,0.00695228,0.0448887,0.0105516,0.0126818
0.00740692,0.00514795,0.0027125,0.0167858,0.00429216,0.00345039
0.0667902,0.0430021,0.0203563,0.0836372,0.0226875,0.0285526
0.0178708,0.0122698,0.00808537,0.0364661,0.00949931,0.00850017
0.00891998,0.00621867,0.00387102,0.0145746,0.00168201,0.00188888
0.0235517,0.015716,0.0121818,0.0491698,0.0118616,0.0110487
0.0467603,0.0294534,0.015664,0.0526526,0.0142693,0.0340144
0.0292593,0.0185073,0.0086933,0.049072,0.0111093,0.0145742
0.0186037,0.0128335,0.00845377,0.0351815,0.00877903,0.0129147
0.0310245,0.0204863,0.012885,0.0759869,0.0211809,0.0209416
0.00908705,0.00646419,0.00390279,0.0166568,0.00297617,0.00272546
0.0235164,0.015587,0.0115727,0.0723695,0.0181242,0.0218336
0.0266689,0.0176875,0.00575164,0.0370748,0.00948835,0.009825
0.00883409,0.00602351,0.00276995,0.0276096,0.00569455,0.00406126
0.00458227,0.00332983,0.00243067,0.0112085,0.0032392,0.00197642
0.0191167,0.0133498,0.00735268,0.01956,0.00445034,0.0127332
0.0517472,0.0303694,0.0265474,0.117432,0.0286402,0.060239
0.0363159,0.0224044,0.0115625,0.052125,0.0138106,0.0159796
0.0146364,0.0100532,0.00595904,0.030061,0.00811866,0.00662457
0.0137517,0.00939269,0.00729787,0.0375985,0.0118614,0.00836183
0.00552443,0.00394284,0.00351638,0.0156202,0.00436627,0.00107638
0.0198966,0.0131858,0.00686078,0.0269895,0.00667037,0.0124717
0.0210686,0.0136737,0.0106183,0.0530118,0.0128384,0.0127987
0.00391223,0.0031297,0.00441074,0.0135085,0.00411746,0.00370155
0.0236931,0.015426,0.0190535,0.0769924,0.0189087,0.0271594
0.0197746,0.0137819,0.00949368,0.0554445,0.0138515,0.00895816
0.0545619,0.0283135,0.0168586,0.106219,0.0243522,0.0251089
0.0221408,0.0150367,0.0130023,0.0490334,0.0133505,0.0179816
0.0167233,0.0112201,0.00614694,0.0219085,0.00552389,0.0170363
0.00614609,0.00452075,0.0072993,0.0134412,0.00449173,0.00233182
0.0308812,0.0194468,0.03085,0.137095,0.0363861,0.0422198
0.0057785,0.00386617,0.00246301,0.008721,0.0040938,0.00452745
0.0151174,0.0104002,0.0109137,0.0558152,0.0157818,0.0388984
0.0161261,0.0109287,0.00511693,0.0203969,0.00437825,0.00406995
0.0103041,0.00726696,0.00363686,0.0284844,0.00684367,0.000886384
0.00970229,0.00688126,0.0104192,0.0273917,0.00856363,0.0156516
0.0213321,0.0104177,0.00855367,0.0404213,0.0124423,0.00855387
0.0219402,0.0103878,0.00868515,0.0372262,0.0110351,0.00833141
0.0454864,0.0286027,0.0165487,0.0658476,0.0173204,0.0305513
0.0386534,0.0241674,0.0145461,0.0560917,0.0155128,0.0256866
0.0152572,0.010494,0.00614226,0.044166,0.011765,0.0185302
0.017345,0.0116427,0.00755313,0.022464,0.00626868,0.00963366
0.00493795,0.0032519,0.00330156,0.0139955,0.00242008,0.00252004
0.0101566,0.00706048,0.00398752,0.0258277,0.00586522,0.00319862
0.0301473,0.019845,0.0117838,0.0421964,0.00969513,0.0163094
0.00708109,0.00480583,0.00152304,0.010303,0.00197602,0.00799024
0.0131065,0.00909844,0.0053464,0.027163,0.00619261,0.00688255
0.0237752,0.0122906,0.00881276,0.03883,0.00938379,0.0106895
0.0199213,0.0104827,0.00835545,0.031197,0.00681356,0.00857439
0.00671164,0.00449822,0.00345443,0.0143588,0.00413513,0.00699494
0.00873921,0.00619256,0.00542242,0.0385306,0.0100146,0.00411942
0.0282177,0.0182462,0.0104473,0.0344,0.00748296,0.00316782
0.0162974,0.0111711,0.00524209,0.0357636,0.00944358,0.00665609
0.0118863,0.00807576,0.00618882,0.00771312,0.000515077,0.0159508
0.0401689,0.0265659,0.0271082,0.156827,0.0395835,0.0598983
0.0217032,0.0147579,0.00508853,0.0333426,0.00867265,0.0108192
0.0254279,0.0151506,0.0315772,0.165176,0.0447925,0.0896687
0.0111585,0.00736426,0.00296437,0.0149634,0.00217,0.00227515
0.0146167,0.00671655,0.00702278,0.033298,0.00849198,0.00814591
0.0201704,0.010713,0.00993009,0.0436359,0.0106801,0.0105299
0.0167997,0.0112174,0.00626581,0.0317169,0.00688326,0.00546353
0.0244326,0.0170732,0.0125828,0.0385723,0.0117659,0.0168707
0.0304258,0.0196056,0.00957286,0.0498662,0.0131122,0.0289922
0.0333626,0.0201918,0.0103556,0.0546414,0.0131883,0.00806927
0.0324916,0.0200611,0.0227267,0.152564,0.0393924,0.0328217
0.0659139,0.0358965,0.0273148,0.107952,0.0292214,0.0372088
0.00510102,0.00373462,0.00131523,0.0137528,0.0033285,0.004281
0.0127102,0.00901483,0.00547841,0.0191138,0.00671257,0.0108323
0.0125859,0.0072994,0.00601398,0.0249423,0.00804364,0.00971503
0.0157119,0.00873867,0.00865648,0.0257981,0.00760352,0.00590664
0.0585435,0.025746,0.0492073,0.173543,0.0461276,0.0629999
0.0183845,0.0126113,0.0106931,0.038138,0.00967372,0.0121638
0.00866085,0.00555388,0.00280605,0.0192046,0.0030926,0.0021352
0.0133866,0.00894108,0.00487983,0.0256549,0.00698321,0.00279476
0.0144398,0.010439,0.00383366,0.0193515,0.00451348,0.0106129
0.0475621,0.0298204,0.0109865,0.0694236,0.0138524,0.0110947
0.0106801,0.00755443,0.00442389,-0.000387889,0.00151077,0.00870876
0.0171042,0.0115213,0.00362904,0.0261347,0.00646269,0.0318149
0.00449441,0.00345596,0.00217004,0.00906786,0.00209423,0.00153716
0.017194,0.0116197,0.00625148,0.0284103,0.00868451,0.0120124
0.00945559,0.00584975,0.00396425,0.0210202,0.00578704,0.00616665
0.00403773,0.00298576,0.00181556,0.0200551,0.00374287,0.00666886
0.0141343,0.00994573,0.00390521,0.0260391,0.00573348,0.00436004
0.0208133,0.0135921,0.0179943,0.0546063,0.0139049,0.0250985
0.0214825,0.0126102,0.00777951,0.0383674,0.0114217,0.0156363
0.0250702,0.0171545,0.0106553,0.0443284,0.0116306,0.0148799
0.0304147,0.0204122,0.0130914,0.0516005,0.0128453,0.0282244
0.00970694,0.00701116,0.00418237,0.0165742,0.00422318,0.00523093
0.0106034,0.00747255,0.00322193,0.016682,0.00343596,0.00702708
0.00982583,0.00680493,0.00264703,0.0214847,0.00462424,0.0045803
0.00747618,0.00488532,0.00340405,0.0143907,0.0032282,0.00387054
0.0248235,0.0162956,0.00782373,0.0456762,0.0119005,0.00713574
0.0428661,0.0273603,0.0110887,0.0333026,0.00805656,0.0230681
0.0370986,0.0237231,0.0107278,0.0476886,0.0115505,0.0127908
0.00889699,0.0061066,0.00300285,0.0166802,0.00457761,0.00712616
0.0165191,0.0109578,0.0177498,0.0818282,0.0186514,0.0277135
0.00793112,0.00547239,0.00277252,0.0142444,0.00459098,0.00560995
0.0185094,0.0122656,0.00588114,0.00341868,0.000532304,0.0115169
0.0159999,0.010699,0.0100049,0.0515577,0.0146404,0.036403
0.0161975,0.0111351,0.00530895,0.0350485,0.00851018,0.012852
0.0284894,0.0177854,0.0367267,0.176952,0.0423022,0.0896923
0.014408,0.0102298,0.00562748,0.0282072,0.00759233,0.00885645
0.0177016,0.0115303,0.0121127,0.0567557,0.0154551,0.00910586
0.0245396,0.0161842,0.00728616,0.065206,0.0181298,0.0080444
0.0383494,0.020097,0.0331782,0.165316,0.0482739,0.0469519
0.0497605,0.0244075,0.0455144,0.249337,0.0655516,0.10917
0.090556,0.0424442,0.0540822,0.235551,0.0667784,0.15365
0.0628635,0.0362465,0.0462687,0.174305,0.0471548,0.152108
0.0157602,0.0105153,0.00463007,0.0330371,0.00643773,0.0208961
0.0056774,0.00408084,0.00282728,0.013788,0.00334965,0.00466537
0.014967,0.00997415,0.00701444,0.0290563,0.00816609,0.00574898
0.0236554,0.0161409,0.00699536,0.0562553,0.0141468,0.0118777
0.00892285,0.0062148,0.00323386,0.0178023,0.00489661,0.00336087
0.0268413,0.0174222,0.0119339,0.0593542,0.0167768,0.0230364
0.0128665,0.00873246,0.00490794,0.0261124,0.00606072,0.00180663
0.0157091,0.0106444,0.00749605,0.0241205,0.00460862,0.00654471
0.0144919,0.00970293,0.00342685,0.0239963,0.00692486,0.00772301
0.0197548,0.0131033,0.00967587,0.0414591,0.012229,0.0250098
0.0299925,0.0195122,0.0135661,0.0724652,0.0204806,0.0268715
0.0167517,0.0113937,0.00552917,0.0238349,0.00746262,0.00540855
0.0140347,0.00970763,0.00436622,0.014196,0.00471493,0.00786061
0.00428312,0.00296143,0.00267645,0.0170365,0.00200359,0.00305211
0.00970688,0.00663099,0.00809564,0.0149685,0.00325405,0.0126415
0.0133408,0.0093834,0.00448668,0.0197204,0.0059034,0.0124011
0.03592,0.023589,0.0122202,0.0559072,0.0148076,0.00872862
0.00795695,0.00515936,0.00262269,0.0193677,0.00424633,0.00402316
0.00946783,0.00635619,0.00261239,0.0226679,0.0071806,0.0146959
0.0240535,0.0161294,0.00632707,0.0706137,0.0205369,0.0133135
0.0149124,0.0096256,0.00532646,0.0286426,0.00555811,0.00411174
0.0410959,0.025314,0.0125177,0.0608834,0.0147787,0.0252515
0.02327,0.0158885,0.00917045,0.0258602,0.00637092,0.00712123
0.034289,0.0223156,0.0108676,0.0515095,0.0154873,0.0111007
0.0108709,0.00485421,0.00260942,0.0142793,0.00423529,0.00569657
0.0276837,0.0182224,0.00860862,0.0351656,0.00956068,0.0375628
0.00664122,0.00449214,0.00281227,0.00962392,0.00330958,0.00426197
0.0322026,0.021447,0.00922653,0.0516611,0.0135498,0.00698975
0.00571574,0.00364604,0.00239585,0.0180494,0.00449056,0.00227074
0.0115068,0.00785765,0.00844091,0.0328674,0.0080997,0.00518466
0.0411758,0.0218661,0.0250325,0.0845541,0.0216183,0.0495311
0.0252064,0.0166635,0.00821257,0.0522641,0.0131783,0.0194199
0.0122275,0.00865541,0.00451087,0.016115,0.00409937,0.0109488
0.00699497,0.00518929,0.00314098,0.0155427,0.00394955,0.00694405
0.017671,0.0121263,0.0126567,0.0335558,0.00822823,0.0133294
0.00668136,0.00469176,0.00349226,0.00981891,0.00471193,0.00572654
0.00724355,0.00503825,0.00271167,0.00113799,-0.000143492,0.00184314
0.0137044,0.00864755,0.00379783,0.0299651,0.00888249,0.0099741
0.0285743,0.0185452,0.00943644,0.0493879,0.00992383,0.00937345
0.0266254,0.017286,0.00882327,0.0582652,0.014403,0.040019
0.00947901,0.00641626,0.00190402,0.0212473,0.00531111,0.0109425
0.0259869,0.0169836,0.00892956,0.04702,0.0134609,0.0101232
0.0248417,0.0169624,0.00860349,0.0485099,0.0132964,0.006428
0.0150292,0.0104228,0.00626163,0.0328786,0.00744615,0.00423311
0.0326778,0.0216268,0.0123187,0.0647738,0.0169877,0.0168056
0.00981773,0.00661308,0.00235389,0.0233053,0.00536319,0.00499126
0.0125097,0.0089031,0.00511562,0.0199582,0.00553384,0.0155303
0.0309469,0.0197469,0.0109911,0.0532804,0.0129784,0.0187299
0.00506385,0.0035997,0.00131147,0.00947925,0.00193814,0.00517494
0.00839411,0.00591984,0.00397058,0.0266008,0.00819919,0.0154032
0.0124942,0.00890957,0.00521713,0.0264052,0.00665263,0.00964455
0.00913059,0.00655573,0.00469596,0.0168659,0.00381033,0.00475302
0.0331249,0.0212522,0.0164595,0.0678723,0.0163956,0.0151702
0.0128838,0.00857768,0.0116965,0.0603618,0.0140822,0.0218162
0.0350811,0.0214228,0.0188611,0.0903401,0.0216849,0.0181167
0.0140406,0.00947133,0.00535335,0.026631,0.00606958,0.00627993
0.00593813,0.00414703,0.00120408,0.0297981,0.00878931,0.0185519
0.00683643,0.00493804,0.00426408,0.0159479,0.00354506,0.00287875
0.0213952,0.014857,0.00600579,0.0385103,0.0103911,0.00860022
0.0475391,0.0295706,0.0144081,0.0837892,0.0221527,0.0323445
0.0160744,0.011164,0.00915731,0.0303226,0.00671615,0.00454697
0.00739696,0.00508805,0.00265006,0.0175547,0.00452435,0.00214787
0.0103345,0.00745244,0.00395348,0.0196421,0.00392579,0.00234359
0.0094405,0.00679098,0.00335507,0.0159265,0.00380926,0.00421562
0.00790426,0.00519862,0.00334277,0.0132147,0.00353642,0.00409447
0.0200004,0.0133194,0.00765595,0.0279101,0.00526271,0.0202121
0.0462584,0.0261117,0.0645474,0.260538,0.0633642,0.115483
0.0123652,0.00870003,0.0039316,0.0174866,0.00530872,0.00536886
0.00579737,0.00402528,0.00314826,0.0111575,0.00339501,0.00413239
0.0160329,0.010531,0.0111673,0.0669627,0.0169576,0.0303548
0.0381973,0.023418,0.0287608,0.123587,0.0339755,0.0233048
0.0497389,0.025329,0.0341194,0.137719,0.0343492,0.0240312
0.00881518,0.00622264,0.00217394,0.0131995,0.00453257,0.00494277
0.0127474,0.00858721,0.00409608,0.0255302,0.00639859,0.00468432
0.0448704,0.0268649,0.0227661,0.111251,0.0261466,0.0317997
0.0145691,0.0102587,0.00421666,0.0285784,0.00766626,0.00585468
0.0154037,0.0108101,0.00717749,0.0268519,0.00746394,0.00566788
0.00532677,0.00392545,0.00912302,0.0256998,0.00684649,0.00555003
0.0125607,0.00895104,0.00694304,0.0185325,0.00585553,0.00506589
0.0151113,0.00903954,0.00510895,0.055412,0.0121239,0.00820186
0.00505972,0.00368989,0.00210306,0.0145356,0.00305648,0.00454673
0.0225807,0.014748,0.0157966,0.0591206,0.0132133,0.0283094
0.0132159,0.0056474,0.0156576,0.0700662,0.0181212,0.00557012
0.00637617,0.00411626,0.00300037,0.0202385,0.00490777,0.00157657
0.0388983,0.023756,0.0141323,0.0795273,0.0211448,0.0235107
0.0168607,0.0116748,0.00500588,0.0218041,0.00579633,0.00168412
0.0285752,0.0186716,0.00945111,0.036689,0.00948472,0.0147472
0.0322399,0.0212083,0.0109992,0.0693497,0.0155897,0.00766771
0.0216615,0.015019,0.00671904,0.0177186,0.00602801,0.010186
0.00558138,0.00395788,0.00212568,0.0105892,0.00358625,0.00653652
0.0146227,0.0098744,0.00647497,0.0363193,0.00837225,0.0122658
0.00865929,0.00582351,0.00286294,0.0168673,0.00465131,0.00478279
0.0247246,0.0162907,0.00733853,0.0305331,0.00838605,0.0114973
0.0221881,0.0145585,0.00916414,0.0308739,0.00836454,0.0103163
0.0192907,0.0131233,0.00708606,0.0233208,0.00712403,0.00968532
0.0183112,0.0120305,0.00671563,0.0373328,0.00855613,0.0069592
0.0288793,0.011834,0.0277394,0.0710218,0.0177744,0.0242738
0.0312471,0.020647,0.0104964,0.0462768,0.012306,0.0274943
0.0170045,0.0112382,0.00657129,0.0363168,0.00879261,0.00391305
0.013012,0.0089997,0.00423607,0.0304505,0.00808026,0.00874565
0.0130241,0.00883722,0.0049479,0.0360151,0.0084094,0.0019747
0.0356915,0.0225497,0.0208914,0.100419,0.0272849,0.0304401
0.029969,0.0198343,0.0207038,0.0906924,0.0234445,0.0295786
0.0345609,0.0224975,0.0166543,0.0936931,0.0247994,0.049753
0.0329669,0.0205409,0.0263924,0.12347,0.0307546,0.0994952
0.0212931,0.0140932,0.00617626,0.0525742,0.0141365,0.00978553
0.0262091,0.0174302,0.0101757,0.0441838,0.0128356,0.00744194
0.0112598,0.00778091,0.00386525,0.01602,0.00492849,0.00272168
0.00811969,0.00569869,0.00286549,0.0151052,0.00441033,0.0037608
0.00664961,0.00462933,0.00202798,0.0163047,0.00434481,0.00406351
0.0192585,0.0107847,0.0122285,0.0308763,0.0090479,0.0178824
0.0141059,0.00820103,0.00436252,0.0342845,0.00850915,0.0035721
0.0118969,0.0046413,0.00453729,0.0207846,0.00427352,0.00247448
0.043085,0.0269847,0.0154951,0.0610589,0.0149702,0.018179
0.015655,0.00688875,0.00826466,0.0467411,0.0133659,0.0087677
0.014471,0.00577518,0.00875337,0.0447649,0.0113365,0.00805845
0.0158422,0.0104983,0.0142904,0.0936455,0.0229992,0.0176843
0.00946871,0.00642617,0.00743892,0.0263434,0.00530299,0.0296063
0.0420699,0.025485,0.0158752,0.0753006,0.0204942,0.0124813
0.0178513,0.0118469,0.00656091,0.030156,0.00670511,0.0125972
0.0127517,0.00838573,0.00621019,0.0242811,0.00589937,0.00354255
0.0306891,0.0195336,0.00837735,0.0398536,0.00828919,0.0112223
0.0136582,0.00931802,0.00611903,0.0296445,0.00780346,0.00904425
0.0251376,0.0167454,0.0115492,0.0551126,0.0150962,0.0136355
0.00774937,0.00539219,0.00463971,0.0392053,0.00870128,0.00736044
0.00587756,0.00419706,0.00297433,0.0252386,0.00447361,0.00353505
0.0110254,0.00763319,0.00545041,0.0199567,0.00585333,0.0218175
0.0211688,0.0131593,0.0331163,0.172358,0.0444168,0.0826608
0.022257,0.0146298,0.0214944,0.124909,0.031292,0.0459957
0.00927357,0.00622593,0.00671219,0.045009,0.0137722,0.0221017
0.0315073,0.0200035,0.0117087,0.0627772,0.0168557,0.0143505
0.00930001,0.00608289,0.00564911,0.00513491,7.06544e-05,0.00368497
0.00599288,0.00454297,0.00223938,0.00943199,0.00247671,0.00129303
0.0107056,0.00682831,0.00277703,0.0144982,0.00485493,0.0076962
0.0126813,0.00712602,0.00478159,0.016581,0.00357845,0.00753157
0.0118139,0.00784337,0.00489177,0.0387877,0.0103171,0.0223362
0.00760034,0.00502861,0.00225223,0.0116963,0.003534,0.00154004
0.0137068,0.00923221,0.00469814,0.0169994,0.00491296,0.00330176
0.0259432,0.0175342,0.0116448,0.0419941,0.0107094,0.0123218
0.0218397,0.0146604,0.00530883,0.0305921,0.00881682,0.0161854
0.0316944,0.0206845,0.0149442,0.0840103,0.0211917,0.0159712
0.0383783,0.0257299,0.0108433,0.0825636,0.021154,0.0185961
0.00549057,0.00384978,0.00175717,0.024418,0.00492083,0.00309533
0.00885532,0.00645483,0.00351982,0.0144342,0.00288076,0.00638659
0.0147506,0.0102973,0.0107729,0.0389563,0.00855712,0.00983055
0.00842061,0.00603493,0.0068889,0.021284,0.00729622,0.00539364
0.0190285,0.0127717,0.00921303,0.0373594,0.00981735,0.0142836
0.0307837,0.0120801,0.0131831,0.0647404,0.0159008,0.0194003
0.0329316,0.0120686,0.0134756,0.0643235,0.0145506,0.0176023
0.0164244,0.0112284,0.00593315,0.0149601,0.00382728,0.00455477
0.0314997,0.0211406,0.0103027,0.0401145,0.0103395,0.0145859
0.0372303,0.0182275,0.0271333,0.114628,0.0317645,0.0319657
0.0355408,0.0177884,0.0241118,0.0913911,0.0221259,0.0311556
0.0280776,0.0184711,0.00971952,0.0461344,0.0118175,0.00951415
0.0110882,0.00747193,0.00505174,0.0304345,0.00704425,0.0137862
0.0308821,0.0157814,0.0144757,0.0770918,0.0201971,0.0142627
0.0402424,0.0219573,0.0167919,0.0583533,0.0146972,0.0149731
0.0070651,0.00523233,0.00494322,0.0183851,0.00485362,0.00847737
0.015082,0.0103078,0.00470096,0.0113339,0.00335383,0.00450174
0.016006,0.0115466,0.00965307,0.0317012,0.00783357,0.0139475
0.00916098,0.0059765,0.00328729,0.0193953,0.0041415,0.00298594
0.0312017,0.0206219,0.00888186,0.0521215,0.0130208,0.0114259
0.0116649,0.00787638,0.0029245,0.0210011,0.00602915,0.00800539
0.0400592,0.0175099,0.0200318,0.0787846,0.0202794,0.0150032
0.0357333,0.0142721,0.0133267,0.0488078,0.0101758,0.00971346
0.0152404,0.010135,0.0170924,0.0966604,0.0263198,0.0266453
0.00724244,0.00478871,0.00226402,0.012561,0.00517584,0.00210829
0.0118553,0.00791802,0.0032664,0.0131595,0.00615047,0.00512514
0.030895,0.020078,0.0208067,0.0673413,0.0171661,0.0146912
0.00443345,0.00322465,0.00262847,0.0123165,0.00336985,0.00459981
0.030454,0.0198449,0.0449129,0.157873,0.0393724,0.0710647
0.0682959,0.0340592,0.0327482,0.0948554,0.0258658,0.0557595
0.0187298,0.00826733,0.00714626,0.0255759,0.00642324,0.011523
0.0253139,0.0161797,0.00872325,0.0342999,0.00852891,0.0137991
0.0274147,0.0184127,0.0105924,0.0531464,0.0130845,0.0152476
0.0241574,0.0165739,0.00994894,0.0329136,0.00932169,0.017095
0.0395292,0.0247815,0.0127058,0.0751919,0.0191146,0.0146624
0.0140889,0.00977903,0.00465501,0.0230261,0.00715139,0.00444635
0.0156208,0.0109745,0.00924403,0.0329629,0.00776467,0.00492074
0.0145446,0.00988285,0.00796181,0.0140304,0.00352975,0.00920583
0.0349071,0.015307,0.0256903,0.128907,0.0345435,0.0440883
0.0409334,0.0177138,0.0300863,0.139927,0.0348895,0.0475239
0.00681828,0.00457081,0.00420124,0.0213064,0.00482949,0.00508599
0.0198424,0.0122612,0.0149893,0.104982,0.0281651,0.0218835
0.0133543,0.00903101,0.00421769,0.0148461,0.00479322,0.00598228
0.0488941,0.0191714,0.0190501,0.113708,0.0296527,0.0340433
0.0488498,0.0191984,0.0187963,0.11389,0.0283775,0.0320033
0.00551696,0.00379987,0.0032185,0.0163467,0.00349766,0.00107178
0.0412618,0.0271156,0.0155389,0.034098,0.00945866,0.0239942
0.0133436,0.00926776,0.00595016,0.0155949,0.00243228,0.00185999
0.0133626,0.00897287,0.00493279,0.0153485,0.00325427,0.00578322
0.0356781,0.0221692,0.0148067,0.0606764,0.0154274,0.025851
0.02277,0.0154354,0.00528486,0.0314794,0.00665739,0.00528856
0.0161899,0.010734,0.007904,0.0347899,0.00825999,0.007007
0.0389666,0.0251466,0.0124298,0.0623235,0.0158184,0.0352851
0.0106519,0.00709624,0.005221,0.035857,0.0127284,0.0275546
0.031821,0.0195245,0.0137559,0.0774845,0.0211261,0.0639408
0.009622,0.00708404,0.00488652,0.0194739,0.00552079,0.00534341
0.0372659,0.0233734,0.0132117,0.0627104,0.0173091,0.00991552
0.0127251,0.00840814,0.00433645,0.0214505,0.00529254,0.0128927
0.00724296,0.00537406,0.00177984,0.0281102,0.00404176,-7.01199e-05
0.0146062,0.0101882,0.00559901,0.0210842,0.0054065,0.00314288
0.00616376,0.00414436,0.00290425,0.00629505,0.00240481,0.00172706
0.0244637,0.0158236,0.0247274,0.0909138,0.0220293,0.040469
0.0120528,0.00796209,0.00247842,0.0206132,0.00495233,0.00711461
0.023589,0.0160175,0.0151492,0.0540888,0.0134306,0.0172936
0.0555401,0.030079,0.0156312,0.103552,0.0297268,0.0295468
0.0496535,0.020874,0.0166651,0.0613898,0.0155352,0.021263
0.0126843,0.00851074,0.00375954,0.0173271,0.00468895,0.00577656
0.0427623,0.0260784,0.0162174,0.0894081,0.0231758,0.0304525
0.00710279,0.00479653,0.00256198,0.0104822,0.00379284,0.0124543
0.0125237,0.00839195,0.00468922,0.0346041,0.00901575,0.00920988
0.0470788,0.0264815,0.0429181,0.213542,0.0525127,0.0777895
0.0107845,0.0076033,0.00823787,0.0166241,0.00285651,0.0102513
0.0228235,0.0152372,0.0162233,0.0515928,0.0130563,0.0297394
0.0258106,0.016625,0.00817689,0.0385353,0.0113254,0.0176498
0.0319222,0.0205552,0.0321845,0.126458,0.0299337,0.0316355
0.00996105,0.00667832,0.0036133,0.0171349,0.00386823,0.00863752
0.00852009,0.00601653,0.00328909,0.0207901,0.0045995,0.00176354
0.0106273,0.0069923,0.00742882,0.0339098,0.00856121,0.0162604
0.0102751,0.00701004,0.00538481,0.0139302,0.00365319,0.00226176
0.0254253,0.0168321,0.00892862,0.0338644,0.00902519,0.00814487
0.0137889,0.00937582,0.00358967,0.0239752,0.00514807,0.00655695
0.027168,0.0121499,0.0169175,0.0603536,0.0167993,0.0153698
0.0274635,0.0123254,0.0162797,0.054967,0.0144293,0.0140464
0.0115321,0.00786717,0.006375,0.0469544,0.0125378,0.0216185
0.0341179,0.0214279,0.00814759,0.0626376,0.0169776,0.00773209
0.0118871,0.00824789,0.00367724,0.0224663,0.00675193,0.0038979
0.0232041,0.015381,0.00843858,0.0331009,0.00781908,0.00853874
0.041243,0.0267091,0.0132158,0.0607797,0.0180771,0.00918937
0.0201201,0.0131183,0.00909999,0.0416514,0.0118628,0.0102408
0.0127962,0.00860316,0.00463971,0.0256232,0.00598802,0.00948293
0.0379373,0.0253032,0.0105172,0.0613271,0.0154943,0.0127478
0.0184766,0.0127072,0.00527948,0.0261375,0.0073342,0.00532619
0.0143294,0.00958719,0.00474637,0.0203868,0.00392534,0.00514698
0.0143054,0.00988992,0.00305013,0.0186451,0.00358145,0.00421411
0.0200851,0.0135569,0.0070135,0.0434386,0.0112586,0.00823079
0.0126208,0.00859427,0.0038283,0.0193482,0.00584652,0.00729119
0.0364049,0.0200517,0.0310924,0.142997,0.0375054,0.0478843
0.0308572,0.0208112,0.0102193,0.0407484,0.00960794,0.00792176
0.0108129,0.00680267,0.00261916,0.0251143,0.00492126,0.00379112
0.0344054,0.0220018,0.0179831,0.0753443,0.0198891,0.0170114
0.0243194,0.0155691,0.00714311,0.0345762,0.0103819,0.00746239
0.0138257,0.00965728,0.0061099,0.0481517,0.0129961,0.0251331
0.0202232,0.013788,0.00674317,0.0343214,0.00736761,0.00616417
0.0123228,0.00863582,0.00408828,0.0185086,0.00422853,0.0051115
0.0121803,0.00851714,0.00366022,0.0202786,0.00479123,0.00603763
0.0123675,0.0084577,0.00895443,0.022021,0.00525633,0.00245175
0.0101184,0.00694769,0.00360058,0.0206391,0.00644925,0.0063022
0.0107884,0.00732533,0.00491491,0.0286379,0.00725501,0.00724065
0.0152105,0.0103854,0.00739128,0.0365758,0.00946029,0.0114449
0.0299763,0.0184415,0.0175762,0.0814054,0.0214783,0.0143655
0.0173617,0.0118668,0.0033165,0.033855,0.00590585,0.00497058
0.00548742,0.00405618,0.00266628,0.0136883,0.00399904,0.00434084
0.0391731,0.0247775,0.017068,0.0693981,0.0172228,0.0154764
0.0214846,0.014673,0.0101788,0.038241,0.0120602,0.00767489
0.00587089,0.00380955,0.00220451,0.01608,0.00403937,0.00313867
0.0326378,0.012013,0.0135536,0.0510694,0.011621,0.0121575
0.0335057,0.011977,0.0133697,0.0511953,0.0110009,0.0119465
0.0323184,0.021144,0.0144684,0.0271363,0.00635663,0.0174582
0.02642,0.0171431,0.0209209,0.150681,0.0389666,0.0697444
0.00803857,0.00578896,0.00366243,0.0185434,0.00446465,0.00497846
0.01639,0.0108923,0.00586537,0.0404393,0.0104972,0.00836575
0.00881338,0.00589656,0.00614043,0.0275855,0.00650175,0.0070875
0.0103285,0.00714113,0.00387083,0.0171563,0.00379924,0.0078429
0.00480931,0.00335552,0.00246775,0.00793736,0.00294607,0.00147936
0.00931996,0.00633892,0.00582005,0.0255042,0.00773341,0.00575496
0.0136855,0.00943963,0.0052912,0.0215259,0.006627,0.0153325
0.0311708,0.0135549,0.0116662,0.0571317,0.0182054,0.00878466
0.0505127,0.0272278,0.0208063,0.075895,0.0200749,0.0118335
0.0332963,0.0130385,0.0104051,0.0717126,0.0204969,0.0151785
0.0337067,0.0130968,0.0104932,0.0689253,0.0190078,0.014828
0.00899634,0.00639416,0.00351244,0.014284,0.00415584,0.00477669
0.0101428,0.00698086,0.00306742,0.0240232,0.00646084,0.00923197
0.0123398,0.00799673,0.00549783,0.0245062,0.00695421,0.00372341
0.0145493,0.00980659,0.00496058,0.0387346,0.00862493,0.0243833
0.0282549,0.0177003,0.00947227,0.0627745,0.0161166,0.0137921
0.00771538,0.00539294,0.00304251,0.0230906,0.00490352,0.00761542
0.0201784,0.0139949,0.00719282,0.0454742,0.00902704,0.011961
0.0254622,0.0163524,0.0171709,0.0693681,0.0172922,0.0144228
0.0115399,0.00818525,0.00537932,0.0233519,0.00637009,0.00898257
0.0107412,0.00419942,0.00521685,0.0316928,0.0107079,0.00992098
0.0260402,0.0160922,0.0194325,0.0618476,0.0149266,0.022938
0.00989107,0.00660622,0.00436301,0.043604,0.0112464,0.00579897
0.00941402,0.0064572,0.0106515,0.0279081,0.00764264,0.00870169
0.0418616,0.0263034,0.00932104,0.0476235,0.011386,0.0133217
0.00498008,0.00375945,0.00155156,0.0167898,0.00549696,0.00916042
0.00743578,0.0049663,0.0031579,0.0117271,0.00371879,0.00258138
0.0154516,0.0108389,0.00414771,0.0389168,0.00918973,0.012481
0.00758147,0.00529055,0.00231795,0.0168665,0.00371622,0.00856169
0.0125154,0.0079899,0.00432118,0.0273231,0.00583628,0.00227896
0.00931093,0.00672846,0.00287239,0.0154261,0.00550692,0.00377501
0.0228739,0.0150843,0.00822265,0.0400229,0.00855449,0.0158782
0.0051434,0.00371375,0.00345685,0.0190523,0.00430784,0.00434632
0.00562233,0.00402356,0.00343928,0.0149568,0.0015213,0.0025278
0.0246233,0.0113514,0.0158423,0.0760216,0.0203302,0.0146539
0.0764143,0.0457627,0.0269505,0.512703,0.130786,0.0323932
0.0250773,0.0162713,0.0181271,0.106407,0.0296423,0.0324702
0.0200491,0.0136604,0.00688344,0.0497047,0.013282,0.0206287
0.0109095,0.00723344,0.00410762,0.0269219,0.00588586,0.00500401
0.0256765,0.0169182,0.0116384,0.0571921,0.0177513,0.033241
0.0319293,0.0217419,0.0191335,0.0635574,0.0164557,0.00747193
0.00456316,0.00331933,0.00137208,0.0130704,0.00339401,0.000859521
0.0312891,0.0206258,0.0098112,0.0482596,0.0131383,0.00913482
0.0100127,0.00654435,0.00436418,0.0168066,0.00437055,0.00560182
0.0175762,0.0118198,0.0108667,0.0425906,0.00972588,0.00355839
0.0292553,0.019236,0.00952068,0.0321772,0.0107514,0.00490437
0.0209652,0.0134362,0.0148684,0.0703392,0.0165413,0.0423702
0.0105105,0.00734294,0.00300815,0.0252802,0.0068991,0.002301
0.0377509,0.0230029,0.0175491,0.0733917,0.0196968,0.0167653
0.0231771,0.0152932,0.00624094,0.0272474,0.0075257,0.00613768
0.0132052,0.00916757,0.00516927,0.0221761,0.00550347,0.00818564
0.0113814,0.00774494,0.00404647,0.0235338,0.0066752,0.00761704
0.0459052,0.0286943,0.0118884,0.0595288,0.0160657,0.0315505
0.0335176,0.0222766,0.00982315,0.033851,0.00944758,0.00910805
0.018899,0.0101614,0.00829212,0.0572799,0.0128722,0.00682617
0.0422312,0.0257796,0.0181066,0.0965657,0.0258666,0.0224957
0.012031,0.00800948,0.00323569,0.0278771,0.00760502,0.00863994
0.0112123,0.00753069,0.00343553,0.0339674,0.00933425,0.00926339
0.0117349,0.00768101,0.00406682,0.0201632,0.00463777,0.00419355
0.0193595,0.0131446,0.00819818,0.0266051,0.00841822,0.0051464
0.0133966,0.0091424,0.00480595,0.0301853,0.00923846,0.00705742
0.0522165,0.0313289,0.0232738,0.101659,0.0251809,0.0216184
0.0168536,0.0111016,0.00759288,0.0279098,0.00657249,0.0185392
0.0175799,0.0111947,0.0068832,0.0355241,0.0102518,0.00537165
0.0207618,0.0135835,0.0226767,0.0964954,0.0257442,0.041732
0.0125546,0.0084569,0.00510055,0.016009,0.00273324,0.00540386
0.00741788,0.00482508,0.00361663,0.0141368,0.00165582,0.0023116
0.0226659,0.0157569,0.0057023,0.0341039,0.00897599,0.0179775
0.0340394,0.0202239,0.025519,0.135041,0.0322021,0.0693052
0.0129008,0.00542575,0.00654046,0.0472847,0.0124371,0.0131634
0.0135147,0.00496651,0.00676621,0.0490876,0.011117,0.0114554
0.0403756,0.0188881,0.0184251,0.0578728,0.0154773,0.0112519
0.0188523,0.0127161,0.0082914,0.0339408,0.00889708,0.00827101
0.00685172,0.0047148,0.00302198,0.0119543,0.00478748,0.00102895
0.0367878,0.0224746,0.0203501,0.138904,0.0352229,0.0440563
0.0151744,0.0107295,0.0100115,0.0694427,0.0160865,0.0270554
0.0312101,0.0198352,0.0223886,0.110646,0.0280613,0.0212925
0.00436748,0.00297057,0.00222923,0.0106046,0.00242347,0.00321059
0.0744092,0.0389408,0.0332551,0.0949968,0.0215425,0.0415357
0.00965301,0.00654147,0.00322931,0.0195509,0.00328478,0.00480964
0.0243473,0.0161763,0.00635335,0.0468863,0.0123984,0.00777858
0.00745813,0.00518271,0.00329615,0.0223857,0.00528565,0.001535
0.00571587,0.0036029,0.00249111,0.00212648,0.000266772,0.00203249
0.0127394,0.00828792,0.00663971,0.0430069,0.0108843,0.0032785
0.00911699,0.00615372,0.00385788,0.0125956,0.00432693,0.00159337
0.0109146,0.00746538,0.00550364,0.0392373,0.0101641,0.0147779
0.0209003,0.0137042,0.00510219,0.0267627,0.00670588,0.0100731
0.00527629,0.00390175,0.00169603,0.0115964,0.00165921,0.00487489
0.00783593,0.00525106,0.00260432,0.0190748,0.00388427,0.00577399
0.00837694,0.00563859,0.00232979,0.0133051,0.00294645,0.00420507
0.0399762,0.0256581,0.010496,0.041691,0.0107274,0.015144
0.0362073,0.0169378,0.0167354,0.0649151,0.0160218,0.015563
0.0140954,0.0095522,0.00970456,0.0422105,0.014508,0.00985702
0.0321358,0.0204222,0.0181137,0.086345,0.0236584,0.0693198
0.00831872,0.00577288,0.00231127,0.0121851,0.00252951,0.00441585
0.0394423,0.0236063,0.0250905,0.0880187,0.0228335,0.0292573
0.0114782,0.00764366,0.0034157,0.0264852,0.00542753,0.00730662
0.0246176,0.0160632,0.00781709,0.0351581,0.00809688,0.0152829
0.00953875,0.00640336,0.00172206,0.0186139,0.00406158,0.00131115
0.0124173,0.00828426,0.00426307,0.0217643,0.00582764,0.0127609
0.016112,0.0110292,0.00536391,0.0331949,0.00847288,0.0106602
0.0511658,0.0313235,0.0169744,0.0763433,0.0199763,0.0299391
0.0115945,0.00768471,0.00621462,0.0183712,0.00519526,0.00357347
0.02886,0.0190961,0.0140987,0.0421411,0.0120262,0.0113869
0.0237986,0.015664,0.00866962,0.0594801,0.0159263,0.0194613
0.0332642,0.0211567,0.0104695,0.0502365,0.0130344,0.00671321
0.00493625,0.00361675,0.00209797,0.0111721,0.00344619,0.00896387
0.0227294,0.0147486,0.026667,0.0983071,0.0265696,0.0146866
0.018613,0.0119775,0.00725648,0.0466153,0.0129391,0.0155932
0.0393509,0.0217521,0.0237415,0.10925,0.030155,0.0225172
0.0200924,0.0127589,0.0063808,0.0369918,0.0104072,0.0112333
0.0473416,0.0289978,0.0133076,0.0605631,0.013898,0.0221657
0.0111382,0.00798524,0.00353809,0.0137289,0.00302457,0.0184218
0.0368869,0.0224356,0.0262543,0.120782,0.0305615,0.0405763
0.00620348,0.004736,0.00270467,0.0179158,0.00529335,0.00210227
0.00681972,0.00488571,0.00272272,0.0183353,0.00499163,0.00191206
0.00517687,0.00366615,0.00188344,0.0160933,0.00246566,0.00982437
0.00453938,0.00345028,0.00230303,0.00144069,-0.000267296,0.00128118
0.0167753,0.00945487,0.00887812,0.0460708,0.0133172,0.0206349
0.0178944,0.00975737,0.00993288,0.0434167,0.0110219,0.020792
0.0515313,0.0293228,0.0248475,0.106268,0.027766,0.0416853
0.00468746,0.00342173,0.00261081,0.0147342,0.00288998,0.00387779
0.00662669,0.00463271,0.00270978,0.00746882,0.00250314,0.00822896
0.0203051,0.013364,0.00467584,0.0373656,0.00931358,0.0185865
0.010688,0.0074123,0.00345957,0.0232452,0.00596582,0.0148422
0.0129695,0.00891222,0.00410196,0.0244678,0.0055895,0.00329383
0.0131293,0.00893774,0.00442252,0.0135527,0.00254561,0.00257384
0.0151217,0.0107417,0.00485307,0.0164483,0.00422578,0.00493793
0.0279267,0.0185406,0.00981602,0.0375039,0.0112945,0.0158355
0.0255387,0.0142894,0.0544092,0.246198,0.063387,0.0953428
0.00527073,0.00360655,0.00267053,0.00799594,0.00282405,0.00374398
0.0308282,0.0197535,0.0105651,0.0391313,0.0101665,0.0106728
0.00674253,0.00447977,0.00314799,0.010946,0.00280843,0.00369864
0.0103084,0.00731775,0.00351012,0.020038,0.00604838,0.00444052
0.00788569,0.00566003,0.0026778,0.0125515,0.00457345,0.00697091
0.0207754,0.0138585,0.00942357,0.0442085,0.0129224,0.0232575
0.0599741,0.0320228,0.0209126,0.0903295,0.0247074,0.0266623
0.0122644,0.00825245,0.00396156,0.0148824,0.00348265,0.021552
0.00754067,0.00494394,0.00908342,0.0234782,0.00623774,0.0030852
0.0462136,0.0289252,0.0247416,0.106767,0.0265902,0.0164912
0.0535993,0.0287672,0.0297179,0.159971,0.0434763,0.0578543
0.0398882,0.0249586,0.0267717,0.12192,0.0293114,0.038725
0.026116,0.0173586,0.00744276,0.0359949,0.00718489,0.00808428
0.0131919,0.00933084,0.00371482,0.0234024,0.00535993,0.00704647
0.00991097,0.00709588,0.00314323,0.0232258,0.00495949,0.00494451
0.0116074,0.00784305,0.00343204,0.0192715,0.00584347,0.00443002
0.0182213,0.0124765,0.00667219,0.0252595,0.00735144,0.013493
0.00720393,0.00519575,0.00326666,0.0154464,0.00436302,0.00182131
0.0218425,0.0144665,0.0134994,0.0610227,0.0163763,0.032821
0.0153353,0.0103462,0.00477129,0.0256984,0.00663259,0.00471166
0.0111874,0.00733777,0.00407824,0.025662,0.00744899,0.00429272
0.00752144,0.00530474,0.0055189,0.0151049,0.00445904,0.00143858
0.012851,0.00876446,0.0036153,0.0160002,0.00476895,0.0100825
0.0172767,0.0121053,0.00644017,0.027422,0.00654058,0.0159342
0.0238074,0.0119291,0.00907565,0.0363313,0.0116725,0.0108977
0.0470646,0.0265261,0.0173915,0.0658336,0.0152349,0.0118586
0.0177285,0.012039,0.00630728,0.0527094,0.0141922,0.0183398
0.0104015,0.00734477,0.00557037,0.0169485,0.00427254,0.00331723
0.00837319,0.00595869,0.001653,0.0160518,0.00397381,0.003964
0.00987622,0.00684269,0.0045569,0.0198547,0.00453831,0.00652904
0.0101478,0.00687129,0.00289331,0.016146,0.00398197,0.003974
0.0192829,0.0135847,0.00849528,0.0230703,0.00639333,0.00356077
0.0190963,0.0107817,0.00811127,0.0454896,0.0145759,0.0181882
0.0262741,0.0145382,0.011435,0.0916547,0.0249597,0.0335572
0.00508288,0.00384349,0.00271002,0.0144861,0.00432126,0.00228048
0.025526,0.0167854,0.00890331,0.0501681,0.0123711,0.0135712
0.0119997,0.00775945,0.0040335,0.0253132,0.00608805,0.00692505
0.0203874,0.0137093,0.00649303,0.0168257,0.00410742,0.00790969
0.00653536,0.00455452,0.00315309,0.0129629,0.00436682,0.00484455
0.0219994,0.0149403,0.00877531,0.0676299,0.018062,0.0199021
0.0145453,0.00893498,0.0340706,0.126191,0.0299487,0.0310507
0.0368464,0.0217458,0.047593,0.270684,0.0695678,0.0867121
0.0124219,0.00849477,0.00415189,0.021397,0.00630532,0.0060362
0.0192924,0.0131436,0.0111561,0.0498571,0.0142865,0.0189248
0.0342226,0.0205327,0.022821,0.0702822,0.0176994,0.0128831
0.0198709,0.0130241,0.00750557,0.0333399,0.00963504,0.00898643
0.0139303,0.00930595,0.00319352,0.0189082,0.00541894,0.0102866
0.0238691,0.0165102,0.00904287,0.0388794,0.0102879,0.020114
0.0131527,0.00907535,0.00377286,0.0188547,0.00516978,0.00429965
0.0112437,0.00753134,0.0105285,0.0465564,0.0121762,0.0101271
0.00615354,0.00443781,0.00473335,0.0311073,0.00666098,0.00878205
0.0085,0.00570662,0.00514146,0.0247137,0.00704593,0.00453839
0.0236634,0.0156971,0.0159065,0.063173,0.0184234,0.0341846
0.0121687,0.00837577,0.0131272,0.0595803,0.0130463,0.0156564
0.0130732,0.00917757,0.00665146,0.0228882,0.00642772,0.00927609
0.0206788,0.0138556,0.0082708,0.0345373,0.00824807,0.00348698
0.0333808,0.0212682,0.0105022,0.053917,0.0130027,0.00821192
0.0208338,0.00970487,0.00720249,0.0365843,0.011246,0.014311
0.0230622,0.01338,0.00726191,0.0293254,0.00828141,0.0169983
0.0464545,0.0286893,0.0115068,0.0655484,0.0201037,0.024591
0.0117407,0.00821561,0.00422254,0.0196946,0.00535447,0.00559964
0.0131706,0.00897313,0.00370304,0.0347494,0.00614917,0.00676875
0.0062588,0.00454447,0.00420708,0.0166915,0.00650047,0.00545063
0.0115248,0.00799663,0.00458294,0.0186394,0.00453699,0.0130039
0.0103736,0.00707254,0.00426289,0.0177674,0.00557448,0.00399746
0.024415,0.0155328,0.00812325,0.0296264,0.00910327,0.00968702
0.0145407,0.00556347,0.00842082,0.0371148,0.00938372,0.0132506
0.0327296,0.0207863,0.0118645,0.047184,0.0130904,0.0209926
0.0157176,0.010585,0.00430154,0.0290921,0.00642258,0.0107217
0.00583236,0.00408454,0.00266843,0.0163697,0.00196733,0.00677889
0.013459,0.0086692,0.00563498,0.0218511,0.00578672,0.0079011
0.0238607,0.0151548,0.0137224,0.0917392,0.0222502,0.0171086
0.0358976,0.022166,0.0182908,0.114242,0.0286498,0.0202488
0.0260066,0.0170589,0.014249,0.0560828,0.0122521,0.0216305
0.0101904,0.00665131,0.00491932,0.0128114,0.00317531,0.0024458
0.0120888,0.00823281,0.00756942,0.042412,0.00922443,0.00462329
0.0743917,0.0369619,0.0511233,0.163829,0.0405268,0.0561409
0.0196056,0.0130591,0.00610423,0.0259281,0.0064849,0.0168876
0.0102261,0.00739951,0.00660039,0.0431336,0.0119061,0.00946909
0.0124377,0.00853877,0.00368068,0.0236725,0.00701533,0.0119513
0.0152064,0.0101129,0.00490966,0.0191722,0.00565992,0.00604127
0.0179372,0.0128525,0.0104279,0.0223617,0.00678437,0.00656571
0.0237145,0.0153923,0.00560838,0.0352598,0.00999839,0.0117601
0.018436,0.0123838,0.00612561,0.0293406,0.00829083,0.0138353
0.0226038,0.0149562,0.0052715,0.0292545,0.00839389,0.0144678
0.013851,0.00925179,0.00474952,0.0443737,0.00980606,0.00523516
0.0199878,0.0102921,0.00779607,0.0209658,0.00557827,0.0104548
0.0242005,0.0116801,0.00870011,0.0275905,0.00629762,0.0106986
0.0167971,0.011766,0.00560739,0.0411481,0.0104134,0.0100672
0.0234886,0.0153504,0.00888909,0.0246314,0.00622535,0.00382115
0.0153158,0.0109103,0.00482316,0.0193018,0.00436528,0.00770814
0.0304594,0.0196855,0.0187133,0.0734953,0.0200436,0.0446462
0.0315127,0.0207151,0.0183831,0.0629921,0.0174847,0.0119304
0.00391613,0.0031259,0.00299243,0.0142836,0.00364563,0.00110354
0.0309913,0.0202285,0.00773325,0.045298,0.0111201,0.00387154
0.0101389,0.00699408,0.00329739,0.0192534,0.00598392,0.00488608
0.0448624,0.022371,0.0130164,0.0693959,0.0168656,0.0188
0.0385688,0.0225262,0.0114514,0.0562021,0.0124263,0.0125165
0.01727,0.0116993,0.00634916,0.0277758,0.00613402,0.0115582
0.0172667,0.0111446,0.0059424,0.0376074,0.00793172,0.0169527
0.00682951,0.00496646,0.00311173,0.0131653,0.00213387,0.00313166
0.013661,0.00957738,0.00497075,0.0196072,0.00436195,0.0130726
0.0293265,0.019884,0.012226,0.0378203,0.00910217,0.0142388
0.00713442,0.00496791,0.00430743,0.0107805,0.00262818,0.00296261
0.0353999,0.0227574,0.0106852,0.0301053,0.00898739,0.0226571
0.0128144,0.0064433,0.00346551,0.0243191,0.00562279,0.00697992
0.0176894,0.0099107,0.00402742,0.0185122,0.00534527,0.0118771
0.00552788,0.00385203,0.00261597,0.0109122,0.00403683,0.00720065
0.0146537,0.0099382,0.00754811,0.0336732,0.0077776,0.0187229
0.0105828,0.00720788,0.00194229,0.0205609,0.00629285,0.00421465
0.012933,0.00854079,0.00328002,0.0310551,0.00758916,0.00445188
0.0228651,0.0152792,0.0056154,0.0305668,0.00757536,0.00489706
0.0211708,0.0139907,0.00808405,0.027681,0.00645755,0.0110385
0.0202454,0.0133891,0.0073084,0.0293752,0.0068925,0.00878977
0.00948542,0.0062515,0.0035959,0.0156133,0.00566998,0.00338249
0.00958593,0.00626871,0.00257423,0.0132371,0.00280799,0.00638644
0.0267076,0.0168146,0.0216143,0.106914,0.0292443,0.056351
0.0189544,0.0131216,0.00463942,0.0252244,0.0061224,0.00392734
0.036548,0.0234591,0.0141701,0.0488601,0.0121137,0.0250863
0.0312236,0.0198408,0.0114375,0.0542246,0.014097,0.0272419
0.017246,0.0114209,0.00522559,0.0278119,0.00667911,0.00417013
0.0107513,0.00759437,0.00178533,0.0188653,0.00608465,0.00340299
0.0180929,0.0122118,0.0061491,0.0266955,0.00679319,0.00525117
0.0106396,0.00729801,0.00320977,0.0181696,0.00514456,0.0113815
0.00875237,0.00617113,0.0045434,0.0157224,0.00360557,0.00660947
0.0206768,0.0135587,0.00913078,0.0250371,0.00717751,0.00493155
0.00585059,0.00411833,0.00223307,0.0164394,0.00438782,0.00346296
0.0452244,0.0272383,0.0357294,0.170684,0.044769,0.0984988
0.00968123,0.00649243,0.0026177,0.0185219,0.00478249,0.00629425
0.00538819,0.00359135,0.00144306,0.013945,0.00369475,0.0148814
0.0181471,0.0120725,0.00542358,0.0251689,0.00780097,0.00817447
0.0201678,0.013458,0.00569112,0.0597126,0.016117,0.0168138
0.00871785,0.00623682,0.00329124,0.0134277,0.00413886,0.00129052
0.0383496,0.0239753,0.0123132,0.0715022,0.0168498,0.0202128
0.021851,0.0141465,0.0101472,0.0695062,0.0170196,0.00794785
0.0141109,0.00901898,0.00519746,0.0230232,0.00576655,0.00674898
0.0312457,0.0193138,0.0164461,0.0834028,0.0240411,0.0431847
0.038844,0.0232721,0.0504761,0.190448,0.0501149,0.0834545
0.0166448,0.00755788,0.00768812,0.0280168,0.00817221,0.00724238
0.0172366,0.00744415,0.00806646,0.030002,0.00682497,0.00732744
0.0189432,0.0125368,0.0111307,0.0483494,0.012975,0.0211983
0.00813899,0.00556762,0.00567257,0.0232386,0.00663113,0.00345637
0.0120169,0.00795901,0.0058647,0.0370534,0.00864315,0.0159375
0.0230152,0.0151943,0.0174107,0.0886844,0.0211132,0.0419848
0.00877654,0.00617232,0.00322932,0.0126677,0.00405351,0.00326884
0.00430276,0.00325628,0.0020234,0.00923291,0.00278825,0.00261352
0.0230086,0.0145641,0.00754296,0.035866,0.0111298,0.00804791
0.011699,0.00811964,0.003387,0.0209969,0.00516277,0.003937
0.0212387,0.0139384,0.00653742,0.0272982,0.0101523,0.00495904
0.0252689,0.0164129,0.0085799,0.0306211,0.00873232,0.0046133
0.0727474,0.040763,0.0201767,0.0662409,0.0169395,0.0106117
0.0102956,0.00734103,0.00747508,0.0182311,0.00481326,0.00937058
0.0165646,0.0115283,0.00499796,0.021292,0.00555401,0.00670086
0.017161,0.0115915,0.00466986,0.0225993,0.00661305,0.00731939
0.0251256,0.0168119,0.0143343,0.059056,0.0154594,0.023752
0.0136351,0.00926177,0.00443933,0.0264809,0.0073043,0.00453547
0.00707392,0.00460213,0.00377218,0.018999,0.00575806,0.0028748
0.0135253,0.00931049,0.00253007,0.0254494,0.0052259,0.00818325
0.0486744,0.0192737,0.0588702,0.216683,0.0569072,0.092791
0.0439361,0.0192131,0.0518442,0.190415,0.0451154,0.0788821
0.0317401,0.0197569,0.0301625,0.119932,0.029335,0.0229089
0.0169726,0.0107317,0.0118371,0.0876836,0.0248456,0.0325205
0.00521321,0.00383769,0.00133457,0.0135926,0.00204088,0.00249745
0.0506849,0.0195325,0.0428636,0.149928,0.0396462,0.062386
0.0128409,0.0091036,0.00635796,0.0427018,0.0100421,0.0159079
0.0170389,0.00918476,0.00973811,0.0236525,0.00643955,0.00536397
0.0312006,0.0204204,0.00868145,0.0481611,0.0123246,0.0141293
0.0427352,0.0262093,0.0301272,0.0874694,0.0233778,0.0277237
0.0122421,0.00829409,0.00429108,0.0186429,0.00605131,0.0139009
0.0129442,0.00876553,0.00348977,0.0215949,0.00619918,0.0168055
0.0117353,0.00805273,0.00473593,0.0185821,0.00288364,0.0076063
0.0263111,0.0167639,0.0207518,0.0872127,0.0208673,0.0406886
0.00454041,0.00323181,0.00116968,0.0181777,0.00553524,0.00307446
0.032608,0.0207654,0.0165827,0.0829679,0.020866,0.0241481
0.0157179,0.0112063,0.00543341,0.0202273,0.00483134,0.00589841
0.0172466,0.0112527,0.00857394,0.0616115,0.0144894,0.00326944
0.0284867,0.0183706,0.0159435,0.0782416,0.020431,0.0162186
0.0203846,0.0139477,0.00629783,0.0257655,0.0071281,0.00827133
0.00962243,0.00685347,0.00403713,0.0157235,0.00461215,0.0049347
0.0155856,0.0108194,0.00409378,0.0409332,0.00904518,0.0162976
0.0175729,0.00665781,0.00544241,0.0374839,0.00826713,0.00502701
0.0154593,0.0105417,0.00437816,0.021093,0.00629433,0.0106964
0.0404638,0.0247183,0.0136156,0.0688455,0.0185678,0.0213507
0.0128937,0.00883032,0.00377626,0.0203002,0.00499557,0.0147252
0.0118926,0.00830576,0.00415002,0.0221238,0.00496698,0.00969141
0.0136603,0.00917841,0.0041735,0.0178828,0.00716096,0.00750019
0.00424448,0.00299368,0.0027651,0.0225891,0.00550821,0.00122974
0.0332878,0.0224359,0.0122651,0.0675928,0.0188352,0.0234227
0.032877,0.015733,0.0120862,0.0624129,0.0141478,0.0174956
0.00587327,0.0038187,0.00273917,0.016371,0.00400607,0.000761753
0.00567025,0.00422085,0.00322894,0.0163656,0.00340042,0.000365425
0.0118865,0.00808791,0.00423054,0.0492202,0.0141596,0.013931
0.0155051,0.0105669,0.00325633,0.0252071,0.00477331,0.00146467
0.0442316,0.0260217,0.0183057,0.0967687,0.0224443,0.0121437
0.00850738,0.00586848,0.00314446,0.0195444,0.00541551,0.00814636
0.0362781,0.0236589,0.0155848,0.0607796,0.0177745,0.0261741
0.0120252,0.00850517,0.00415545,0.0208349,0.00483892,0.00676917
0.019908,0.0130258,0.00635402,0.0291029,0.00802951,0.00708846
0.0112258,0.00804751,0.0046861,0.019454,0.00511911,0.00454952
0.024239,0.016667,0.00765374,0.0469244,0.0126384,0.00483962
0.0111482,0.00759689,0.00645404,0.0337488,0.00887711,0.0208984
0.0285666,0.0191431,0.00861271,0.0428327,0.0121739,0.0103657
0.0209509,0.0138936,0.00570785,0.0442796,0.0097897,0.0144041
0.0172539,0.00666652,0.00499793,0.0309893,0.00972247,0.0100905
0.0179283,0.00663789,0.00487639,0.0306341,0.00847772,0.00947619
0.0154116,0.0105441,0.00512288,0.0159734,0.00517584,0.00410678
0.045114,0.0280574,0.013582,0.0795347,0.0199689,0.0242364
0.0203194,0.00771418,0.00902647,0.0516353,0.0145527,0.00929106
0.0190299,0.0127066,0.00685428,0.053765,0.0141175,0.00834394
0.0109101,0.00738582,0.00384373,0.0213491,0.0057636,0.00497679
0.0177408,0.0121712,0.00598613,0.0248292,0.00510285,0.0101441
0.0285781,0.0180577,0.0117022,0.0734391,0.0209341,0.0152067
0.0145555,0.0100768,0.0124901,0.0752344,0.0195224,0.0282713
0.0149599,0.00978662,0.00418477,0.0246823,0.00543142,0.00637787
0.00750903,0.00514133,0.00301424,0.0132965,0.00317516,0.00532339
0.0302539,0.0197867,0.017911,0.0576543,0.0150983,0.0195823
0.0145848,0.0105015,0.00476347,0.0178135,0.00592708,0.00848631
0.013223,0.00927769,0.00458155,0.0212123,0.00505823,0.0115841
0.0142381,0.00962508,0.00812952,0.0152638,0.00357396,0.00129179
0.0045726,0.00335083,0.00180971,0.0151866,0.0022668,0.00312565
0.0158543,0.0105023,0.0047874,0.0188908,0.00484723,0.00712401
0.0058929,0.00337552,0.00210443,0.0138215,0.00443004,0.00543125
0.00777393,0.00465671,0.00292588,0.0155131,0.00337227,0.00821278
0.0308967,0.0196793,0.0109726,0.0486481,0.0122978,0.00967306
0.0128721,0.00831321,0.0141657,0.0587649,0.0153159,0.0163521
0.0577163,0.0335493,0.0400145,0.126669,0.035298,0.0994696
0.0238499,0.0156862,0.00678427,0.0507285,0.0125629,0.00388733
0.0176939,0.0121837,0.00593981,0.024317,0.00790517,0.0185295
0.0243125,0.0166848,0.0118786,0.0397699,0.00968541,0.0157403
0.00628759,0.00453404,0.00281863,0.0192156,0.00423254,0.00234826
0.0209848,0.0142411,0.00684583,0.0286574,0.0075121,0.0109852
0.0194326,0.0136021,0.011186,0.0588139,0.0142364,0.0110969
0.01007,0.00647719,0.00349947,0.021705,0.00529895,0.00780049
0.0161496,0.0110563,0.00471222,0.026292,0.00760269,0.00252303
0.0117479,0.00821608,0.00472873,0.0218898,0.00477804,0.00494222
0.0335254,0.0223782,0.0105895,0.0460236,0.0116462,0.00893714
0.0130046,0.00890073,0.00462636,0.0242092,0.00599562,0.00415875
0.00795395,0.00563752,0.00330569,0.0250147,0.00665116,0.00674504
0.0127122,0.00873511,0.003907,0.0130997,0.0028516,0.00575161
0.00998762,0.00707788,0.00455219,0.0137643,0.00402066,0.00454672
0.0474375,0.0324193,0.0283785,0.119894,0.0300605,0.0353538
0.0106528,0.0071489,0.00317577,0.0304992,0.00569992,0.00846357
0.00799044,0.00541091,0.00954343,0.033037,0.00987897,0.00955359
0.0276413,0.0175809,0.00800277,0.0332743,0.00910284,0.0108592
0.0320206,0.0204648,0.0209554,0.144241,0.035554,0.0401524
0.033889,0.0217366,0.0219764,0.121256,0.0317145,0.0263707
0.0493714,0.0282109,0.0391495,0.206632,0.0536762,0.093216
0.074775,0.0367408,0.0438743,0.135341,0.037416,0.0476661
0.00684289,0.00496479,0.00243879,0.0214085,0.00480969,0.00693211
0.02035,0.0138417,0.00526103,0.0375135,0.00903425,0.00570046
0.0160789,0.00682797,0.0055402,0.030958,0.00777658,0.00390648
0.0183351,0.0080554,0.00596544,0.0253869,0.00470215,0.00319848
0.0185535,0.0131456,0.00779703,0.0308209,0.00734442,0.0152818
0.0115608,0.00482787,0.00636252,0.0395042,0.0126825,0.0102281
0.0232232,0.0149923,0.0168622,0.0480962,0.0121143,0.0279912
0.0273375,0.0175956,0.0126886,0.0455184,0.0107624,0.0131603
0.0052628,0.0038019,0.00163942,0.0227863,0.00769599,0.0150255
0.0347292,0.0225806,0.0314964,0.141802,0.0392332,0.0290124
0.0421326,0.024308,0.0236597,0.0993616,0.0263706,0.0481458
0.0151898,0.0103752,0.0074107,0.0313282,0.00722242,0.0052551
0.0465399,0.0292862,0.0130197,0.06788,0.0161809,0.032133
0.0167641,0.011433,0.00493088,0.0269032,0.00836524,0.00592701
0.0217646,0.0141131,0.00737995,0.03329,0.00806512,0.00928879
0.00601756,0.0042077,0.00209555,0.0112066,0.00311483,0.0103749
0.0125272,0.00874464,0.00996808,0.065107,0.0178968,0.0405414
0.0229821,0.0155789,0.00773992,0.0338189,0.00904,0.00690038
0.0134511,0.00908707,0.00510583,0.021496,0.00531974,0.0126613
0.0175388,0.0118026,0.00663624,0.0258885,0.00625923,0.0162293
0.0149192,0.00946365,0.00991374,0.072007,0.0198097,0.0189729
0.0199531,0.0127347,0.0189789,0.0471452,0.0137249,0.0356573
0.0238434,0.0149772,0.00563783,0.0507423,0.0130545,0.0108232
0.0277712,0.0173804,0.00833857,0.0337677,0.0074382,0.01154
0.0144386,0.0101028,0.00434655,0.0207003,0.00588062,0.00406484
0.0178082,0.0114376,0.0112339,0.0433599,0.0139934,0.0185891
0.0180379,0.0116065,0.00899803,0.0492619,0.0134418,0.027023
0.00541114,0.00411846,0.00158591,0.0166364,0.00428255,0.0024539
0.0204127,0.0134676,0.0072001,0.0266465,0.00742209,0.0100156
0.0554384,0.028861,0.043165,0.230502,0.0633992,0.0755543
0.0453335,0.0283019,0.0124686,0.0825824,0.0197468,0.0428714
0.00587183,0.00341343,0.00253921,0.0241327,0.00765917,0.0101126
0.00671748,0.00436891,0.00276437,0.0197177,0.0052325,0.00334124
0.0103001,0.00730356,0.00405055,0.0127145,0.00271112,0.0050598
0.0232579,0.0150302,0.0157085,0.100099,0.0275985,0.0434767
0.0217274,0.00875356,0.0123607,0.0578258,0.0144176,0.0144481
0.0225787,0.00879906,0.011811,0.0507692,0.010767,0.0124483
0.0184934,0.0133133,0.0100351,0.0673226,0.0186281,0.01242
0.0206698,0.0138856,0.0179612,0.0686685,0.0191811,0.0473948
0.0119329,0.00784331,0.00848122,0.0640623,0.0146747,0.0158315
0.0265903,0.0168636,0.0131721,0.0665794,0.0161698,0.0195017
0.0402945,0.0260262,0.0113502,0.0499013,0.0116342,0.0131674
0.00807306,0.00575511,0.0031273,0.025049,0.00613566,0.0052664
0.0213878,0.0145044,0.00590923,0.0363486,0.00814868,0.0118217
0.015001,0.0100709,0.00450553,0.0204693,0.00698892,0.00791883
0.00906432,0.00616837,0.00521327,0.00758975,0.00144492,0.00362005
0.0129275,0.00906778,0.00329162,0.0216099,0.00418665,0.00156694
0.0136989,0.00884756,0.00619964,0.0229048,0.00633888,0.00266519
0.0207001,0.0142277,0.00714462,0.0277565,0.00939334,0.0109445
0.00919609,0.00646558,0.00370294,0.0138254,0.00301305,0.00323018
0.0103469,0.00723102,0.00470737,0.0189815,0.00507115,0.00537572
0.0150298,0.00982639,0.0228789,0.089853,0.0226597,0.0346981
0.0177753,0.0117987,0.00520035,0.023941,0.00699987,0.0160831
0.0117317,0.00844668,0.0039755,0.0212233,0.00333307,0.0062354
0.0102488,0.0068048,0.00380363,0.0223955,0.00574841,0.00256672
0.00754642,0.00493032,0.00442921,0.0151181,0.00323241,0.00352333
0.0119801,0.00860915,0.0125555,0.0485317,0.0132475,0.0114922
0.0412325,0.0257148,0.0209126,0.0761753,0.0206359,0.0206101
0.0191842,0.0131921,0.0062126,0.0234029,0.00493032,0.0109255
0.00646192,0.0043927,0.00547444,0.0527659,0.012664,0.0222419
0.0145578,0.00996488,0.00793828,0.021021,0.00353617,0.00545666
0.01639,0.0113393,0.00495392,0.027999,0.00604564,0.00425537
0.0138728,0.00956576,0.00407602,0.0244336,0.00584205,0.00239352
0.0225512,0.0148037,0.0068155,0.0334787,0.00855808,0.00886278
0.00517051,0.00378215,0.002541,0.00934051,0.00264345,0.000706388
0.0135849,0.00931598,0.00395892,0.0263085,0.00714046,0.00404537
0.0320336,0.0170222,0.00964167,0.0442649,0.0130089,0.0185528
0.0126998,0.00862505,0.00572022,0.0169646,0.00526031,0.00282636
0.00813636,0.00566376,0.00214469,0.0156887,0.00230794,0.00272849
0.00640781,0.00448667,0.00281442,0.0184803,0.00538398,0.00290047
0.0272016,0.0175966,0.0107756,0.0529999,0.0138493,0.00798098
0.0418991,0.0275412,0.013606,0.0566214,0.0152411,0.0222637
0.0284115,0.0186773,0.0190302,0.108217,0.0250478,0.0300996
0.00823873,0.00601603,0.00428879,0.00458881,0.000818828,0.00727508
0.0120103,0.00811439,0.00451159,0.0240279,0.00439006,0.00413914
0.00748546,0.00504454,0.00650023,0.0305217,0.00742103,0.0125269
0.00987501,0.00659587,0.00395347,0.0117585,0.0027072,0.00338744
0.014356,0.0101968,0.00310853,0.0216991,0.0054305,0.00412099
0.0268141,0.0171781,0.00994499,0.0561243,0.0138207,0.0154978
0.0156292,0.0106835,0.00538253,0.0147396,0.00444271,0.00574856
0.013388,0.00939996,0.00416257,0.022092,0.00465532,0.0030813
0.0175183,0.0122253,0.00868087,0.0550029,0.0141583,0.0108837
0.0329418,0.0209814,0.013782,0.0475606,0.0133407,0.0318581
0.0524364,0.0248131,0.0573223,0.220622,0.0574243,0.149035
0.0170252,0.0118031,0.00637504,0.0286613,0.00858539,0.00502662
0.0277963,0.0184817,0.00712241,0.0448434,0.0107045,0.01021
0.0324743,0.0154427,0.0148011,0.06261,0.0152501,0.0131786
0.0282036,0.0109873,0.0122989,0.0418276,0.00900027,0.00865516
0.011567,0.00809647,0.00376276,0.0223134,0.0040533,0.0166159
0.0234018,0.0158858,0.0130328,0.0408636,0.0112463,0.0165997
0.0191178,0.0126548,0.00842777,0.0322249,0.00861691,0.0241619
0.00715752,0.00501153,0.00335907,0.021687,0.00450761,0.00215336
0.0106536,0.00478364,0.0047642,0.0305511,0.00842422,0.00839
0.0282669,0.0176406,0.0139408,0.0527554,0.0144766,0.009145
0.00682569,0.0049546,0.00465489,0.0258639,0.00670781,0.00395416
0.0354435,0.0226716,0.0171966,0.0594001,0.0144872,0.0127725
0.0204181,0.0131853,0.00989504,0.0547897,0.0129928,0.0355532
0.0559497,0.032501,0.0883348,0.381019,0.104259,0.165615
0.0241531,0.0152707,0.0322875,0.154136,0.0432346,0.0696644
0.00448092,0.00323382,0.00586382,0.0105724,0.00342109,0.00463728
0.0119352,0.00797303,0.0022787,0.0246359,0.00487395,0.00555528
0.00837274,0.00570902,0.00464932,0.0302384,0.00990952,0.0198515
0.016824,0.0114576,0.004665,0.0401985,0.00948304,0.0107759
0.0114495,0.00800655,0.0046677,0.0204344,0.00467778,0.00815795
0.0354109,0.0219002,0.0275836,0.0891332,0.0248132,0.0715608
0.0192608,0.0127154,0.00593158,0.0309793,0.00981594,0.0187253
0.0128196,0.00879084,0.00682471,0.017201,0.00479879,0.00583795
0.016661,0.010764,0.0101667,0.0539538,0.0161517,0.0271611
0.0284105,0.0171129,0.0326623,0.117061,0.0315311,0.0326468
0.0118446,0.00806064,0.0042777,0.0223796,0.00692757,0.00427399
0.00912047,0.00640214,0.00389209,0.0135558,0.00345739,0.00899621
0.0207549,0.0139082,0.0197206,0.0700957,0.0177574,0.029708
0.0171733,0.0114012,0.00422347,0.0373543,0.01045,0.0110764
0.00996851,0.00691141,0.00459039,0.00379426,-0.000602803,0.00617187
0.0174469,0.0117482,0.00447646,0.0345183,0.00872702,0.00643431
0.00567999,0.00359628,0.00389146,0.02552,0.00722563,0.00599372
0.00884212,0.00600282,0.00291469,0.0128805,0.00359224,0.00332775
0.0126143,0.00869715,0.00558536,0.0210789,0.00455351,0.00222968
0.020254,0.0137947,0.00825523,0.0367284,0.00971417,0.0114003
0.0142858,0.0096042,0.00622463,0.0253884,0.00477069,0.00363757
0.0129691,0.00858365,0.00815044,0.0351076,0.00819287,0.0107109
0.0128134,0.00885128,0.00357914,0.0301538,0.00734144,0.00376211
0.00849881,0.00619625,0.00316147,0.0203413,0.00473702,0.00426843
0.0220152,0.0152003,0.00702357,0.057549,0.0138307,0.02549
0.0362308,0.0216376,0.0144457,0.0987193,0.0264682,0.0481763
0.00506412,0.00385386,0.00174106,0.0135344,0.00301781,0.00798697
0.0447497,0.0292858,0.0145988,0.0630355,0.0167177,0.0229384
0.00943028,0.00624855,0.002299,0.0192708,0.00405762,0.00988812
0.0290028,0.0145988,0.0133802,0.0620768,0.0142508,0.0260897
0.0138676,0.00927523,0.00404622,0.02522,0.00607933,0.00472628
0.0556882,0.0224016,0.0379854,0.142354,0.0393319,0.0493421
0.0541963,0.0224787,0.0367624,0.133996,0.0347191,0.0438745
0.00869289,0.00588578,0.00243401,0.0171363,0.00216155,0.00469279
0.0116743,0.00861601,0.00488584,0.0172382,0.00557571,0.0123137
0.00864196,0.00618439,0.00239301,0.012406,0.00406585,0.00539277
0.0117658,0.00771634,0.00243562,0.0242978,0.00637213,0.0192632
0.0142155,0.00926226,0.00830329,0.0475781,0.0123966,0.00754179
0.0131191,0.00866001,0.00332822,0.0183017,0.00448426,0.00787473
0.00789483,0.00538562,0.00149262,0.023403,0.00410141,0.00521639
0.0412289,0.0179092,0.0281439,0.156782,0.0428185,0.0789458
0.0453009,0.0200008,0.0315759,0.166328,0.0429512,0.0787707
0.0242906,0.0161829,0.0080101,0.0379452,0.00911824,0.00766162
0.0117757,0.00809445,0.00227376,0.020454,0.00448269,0.0104787
0.0303231,0.01949,0.00900813,0.0679772,0.0173368,0.00689987
0.0284547,0.0189593,0.00935239,0.0366688,0.0120381,0.0123403
0.01823,0.0125649,0.00601931,0.036319,0.00831267,0.00784424
0.0275299,0.0177102,0.0111016,0.0402795,0.0111505,0.0122301
0.00562533,0.00379048,0.00406449,0.0156172,0.00459478,0.00186014
0.028712,0.0187939,0.0111315,0.068089,0.0184709,0.0219053
0.0118938,0.00839358,0.00412685,0.0281634,0.00788549,0.0101307
0.016399,0.0107938,0.0199405,0.0741532,0.020701,0.0385935
0.0167333,0.0118221,0.00463537,0.0178344,0.00384471,0.00323439
0.0207763,0.0133215,0.00901709,0.0463282,0.0122453,0.0144085
0.0157158,0.010745,0.00586556,0.0275353,0.00766163,0.0107978
0.0105169,0.00734371,0.00324532,0.025956,0.00625953,0.00940516
0.0101532,0.00709375,0.00764467,0.0192118,0.00490263,0.00165995
0.0269655,0.018131,0.00980538,0.0528499,0.011776,0.0072843
0.0108595,0.00732287,0.00352181,0.0199008,0.00484485,0.00287174
0.00540596,0.00374702,0.00540873,0.0172051,0.00467006,0.00322334
0.00473252,0.00311615,0.00207929,0.0164113,0.00263457,0.00220267
0.0101665,0.0071451,0.00361486,0.016852,0.00466302,0.00346404
0.00610076,0.00437558,0.00222436,0.0208095,0.00360867,0.00324668
0.0129234,0.00890061,0.003107,0.0239775,0.00509613,0.00526745
0.00725822,0.00497839,0.00155001,0.0206545,0.00457983,-6.24128e-05
0.0291301,0.0187124,0.00738468,0.0468924,0.0114759,0.00946357
0.0185659,0.0124872,0.00586669,0.0299515,0.00528707,0.0146155
0.00959959,0.00646275,0.00384139,0.0181849,0.00408723,0.000568666
0.00868864,0.00609409,0.00305924,0.0187822,0.0041579,0.00298571
0.0287624,0.0197044,0.00737328,0.0463882,0.013948,0.0220532
0.0100379,0.00677636,0.00760572,0.0223818,0.00443848,0.00577634
0.0083301,0.00591417,0.005485,0.0174758,0.00528025,0.00405754
0.0350523,0.0201579,0.00932037,0.0529567,0.0114831,0.0200543
0.0378248,0.0200731,0.00949709,0.0517924,0.0114526,0.0198287
0.0285245,0.0181996,0.0113689,0.0496384,0.0120634,0.0372311
0.0147534,0.0103131,0.00433871,0.0201622,0.00705118,0.0160066
0.00741188,0.00513145,0.00291945,0.0127771,0.00359278,0.00646495
0.0117115,0.00796024,0.00973408,0.0201595,0.00495676,0.00610423
0.040626,0.0248753,0.017127,0.0677297,0.0178217,0.0179534
0.0181534,0.0127193,0.00557909,0.0429338,0.0111215,0.00586784
0.0111938,0.00798064,0.00484702,0.0201991,0.00530366,0.0107566
0.0101185,0.00725557,0.00989193,0.0613919,0.017537,0.016805
0.0183951,0.0127473,0.00910837,0.033611,0.00770398,0.0111067
0.00467196,0.00330569,0.00250357,0.025342,0.00727575,0.00544775
0.0207511,0.0108964,0.00962416,0.02587,0.00960763,0.0181417
0.0428784,0.0261623,0.0188361,0.0454492,0.011918,0.0334198
0.0303382,0.0202461,0.0113579,0.0185065,0.00701558,0.00694633
0.00741807,0.00535597,0.0013772,0.0162917,0.00311051,0.00769531
0.0475842,0.0292802,0.0141143,0.0575178,0.0156997,0.0416419
0.023845,0.0158754,0.0138905,0.0515191,0.0148244,0.0145155
0.0300385,0.0146501,0.0122203,0.0532116,0.0135558,0.0253614
0.0294321,0.0145567,0.0119782,0.0500055,0.012236,0.0235282
0.0169937,0.0116117,0.00644778,0.038205,0.00963456,0.0167822
0.013327,0.00904873,0.00412757,0.0228089,0.00570681,0.00318897
0.0354495,0.0230064,0.0122187,0.0519408,0.012257,0.0118679
0.0125179,0.00859202,0.00207394,0.0236776,0.00482328,0.00974728
0.015815,0.0109173,0.00523909,0.0255488,0.00699555,0.0131765
0.0151821,0.0104018,0.00575761,0.0236846,0.00572311,0.00626463
0.0104872,0.00612585,0.00635897,0.0174765,0.00551916,0.0093774
0.0274673,0.0179387,0.0100698,0.0578017,0.0127518,0.0101451
0.0179385,0.00837748,0.00608124,0.0404456,0.0140535,0.0104507
0.0287088,0.0166884,0.0117305,0.0599523,0.0138317,0.0123332
0.0193722,0.0131855,0.0130362,0.0470477,0.0105262,0.00710007
0.0126225,0.0086162,0.00408596,0.0274769,0.00487879,0.0113751
0.015096,0.0102232,0.00500094,0.0243745,0.00717629,0.00670011
0.0158618,0.0107746,0.0075135,0.0428637,0.0108767,0.00820367
0.012388,0.00846235,0.00547757,0.0155552,0.00456511,0.00569792
0.0244474,0.0159074,0.014241,0.0520543,0.0135187,0.0405783
0.00585493,0.00376993,0.00229962,0.0134185,0.00394049,0.000908731
0.0548675,0.0344777,0.0255867,0.0719022,0.0162998,0.0359576
0.0210795,0.0122651,0.00788607,0.0435246,0.0110851,0.0153927
0.00520882,0.00376475,0.00172633,0.026364,0.00602049,0.00321687
0.0198489,0.0134527,0.0111486,0.0342567,0.0108359,0.0120899
0.00618574,0.00458053,0.00197503,0.0124868,0.00298097,0.00282529
0.056488,0.0304847,0.0229879,0.0926652,0.0222865,0.0178326
0.0144983,0.00970353,0.0132745,0.0601891,0.0150959,0.0248109
0.00558261,0.00372997,0.00365197,0.0322774,0.00646276,0.00424133
0.0207323,0.0132977,0.00648781,0.0297955,0.00695056,0.0106935
0.0159013,0.0108708,0.0065471,0.0262059,0.00661842,0.0143158
0.0151756,0.0106099,0.0182709,0.0346465,0.00955462,0.0163
0.00741571,0.00536896,0.00390717,0.0150856,0.00387276,0.00396325
0.014486,0.0100566,0.00492747,0.036545,0.0080432,0.0120488
0.0247321,0.015635,0.010319,0.0152392,0.00589144,0.0235728
0.0333523,0.0200034,0.0111591,0.0593079,0.015056,0.0131972
0.0152903,0.010518,0.00276672,0.0300089,0.0089826,0.00800381
0.0262142,0.016816,0.0310366,0.0961248,0.025388,0.0568271
0.0134046,0.00881911,0.0158609,0.0696899,0.0177677,0.0226086
0.0503311,0.0310068,0.014031,0.095183,0.0245541,0.0212296
0.00874841,0.0062742,0.00362154,0.0247006,0.00724617,0.00905443
0.0341942,0.0144655,0.0184829,0.0622828,0.0155493,0.0310831
0.00599058,0.00405829,0.00534511,0.0192056,0.00418491,0.00325892
0.0129256,0.00933343,0.00428591,0.0321369,0.00849516,0.0120853
0.00681494,0.00451228,0.00284548,0.016102,0.00399176,0.00299282
0.00546688,0.00379504,0.00250988,0.0149738,0.00386483,0.00401956
0.00594132,0.00417609,0.00148789,0.0186488,0.00397308,0.00196179
0.00965547,0.00620422,0.00288305,0.00983337,0.00231972,0.0112903
0.00918685,0.0059548,0.00322937,0.0345471,0.00912828,0.00739233
0.0282275,0.0191008,0.0100916,0.044284,0.0106048,0.0238944
0.00743755,0.00543032,0.00301785,0.0201246,0.00470761,0.0058622
0.0072208,0.00518568,0.00282982,0.0140123,0.00422772,0.00225051
0.0208821,0.0135191,0.00738862,0.0327957,0.00726813,0.0125306
0.0254043,0.0172729,0.0142795,0.0531291,0.0131359,0.0151532
0.0143115,0.00987967,0.00435648,0.0241164,0.00465518,0.00618057
0.030184,0.0192541,0.00929761,0.0546155,0.0142053,0.0176339
0.00549158,0.00390974,0.00205029,0.0165768,0.00406302,0.00280441
0.0248574,0.016644,0.00920771,0.0468534,0.0118755,0.0132849
0.0290813,0.0195046,0.0160449,0.048959,0.0134777,0.00793187
0.0216858,0.0144714,0.0111743,0.0398069,0.00926614,0.0116327
0.0197443,0.0130685,0.00603345,0.0420262,0.010109,0.0247084
0.0103658,0.00704039,0.00399376,0.0229727,0.004428,0.00377981
0.0354249,0.0220678,0.0231713,0.119279,0.0310619,0.0695565
0.0113754,0.00783667,0.00422385,0.0144696,0.00525414,0.00300082
0.0109635,0.00742403,0.0138275,0.0629843,0.0171143,0.0127025
0.0240931,0.0157204,0.0126534,0.0520869,0.0145537,0.0113416
0.00736073,0.00504761,0.00314316,0.0160177,0.0043584,0.00764824
0.0149432,0.0099679,0.00467243,0.0290637,0.00821807,0.0134042
0.00854223,0.00612064,0.00682798,0.0468086,0.0102071,0.00616011
0.00502523,0.00371635,0.0013888,0.0155505,0.00391536,0.0018232
0.0359567,0.0225639,0.0184389,0.0827928,0.0223708,0.0288215
0.0116227,0.00785133,0.00775604,0.0304211,0.00845596,0.00630604
0.0184638,0.0126506,0.00612894,0.0293297,0.0064118,0.00189766
0.0286849,0.0177721,0.0270896,0.126305,0.0341476,0.0659587
0.0094225,0.0064736,0.00844852,0.0355719,0.0092976,0.00752485
0.0263277,0.0174164,0.0108894,0.0365587,0.00955987,0.00682959
0.0211495,0.0146348,0.0082256,0.0250629,0.0084103,0.0104303
0.00714761,0.00514523,0.00423917,0.0044812,-0.000332998,0.00558141
0.0479753,0.0182697,0.0302256,0.186243,0.0478098,0.0631434
0.0189952,0.0130392,0.0177668,0.0668731,0.0176656,0.0111716
0.00726375,0.00485308,0.00272711,0.0184117,0.00442096,0.00349209
0.00933372,0.00610397,0.00420749,0.0217653,0.0057941,0.00293211
0.0140479,0.00952776,0.0048105,0.0237419,0.00539742,0.00254558
0.035047,0.0222568,0.0145436,0.0693042,0.0149583,0.0101817
0.0238195,0.0176976,0.0117446,0.0477594,0.0156069,0.0256215
0.0350824,0.019324,0.014892,0.0589778,0.0186418,0.0296765
0.0222633,0.0155517,0.0214631,0.0877113,0.0245858,0.0282392
0.0525255,0.0298166,0.020901,0.063889,0.0166864,0.0138323
0.0161268,0.0112462,0.00832556,0.0315206,0.0072941,0.00849709
0.0211409,0.0143808,0.0047165,0.0394886,0.0105528,0.0159813
0.0336035,0.019225,0.0306598,0.163096,0.0401047,0.0823752
0.0174566,0.012104,0.00731747,0.0327593,0.00951116,0.0107015
0.0251877,0.0167667,0.00978416,0.0477175,0.0123987,0.0118744
0.0107645,0.00766686,0.00317092,0.0170147,0.00407911,0.00439396
0.01773,0.0118228,0.00388012,0.0284083,0.00728881,0.00427554
0.0215341,0.0149699,0.0131414,0.0758332,0.0207058,0.0162197
0.0145325,0.0101301,0.0116825,0.0210166,0.00623546,0.0115141
0.0309828,0.0215124,0.0149971,0.074764,0.0163476,0.0291188
0.00971648,0.00631014,0.00282472,0.0190033,0.00379062,0.00293872
0.0353905,0.0205669,0.01648,0.100897,0.0238271,0.0228955
0.0587857,0.0341546,0.0235619,0.0837437,0.0210764,0.0222896
0.0175597,0.0116036,0.0117076,0.0393186,0.00991917,0.0134965
0.00926658,0.00623311,0.0032273,0.013995,0.00465039,0.0040029
0.0216152,0.0142276,0.00731698,0.0270774,0.00888953,0.00490872
0.0186033,0.0121622,0.00700695,0.0511355,0.0119183,0.00569892
0.0310365,0.0210666,0.0217496,0.122789,0.0323559,0.0242172
0.00928421,0.00654557,0.00309323,0.0187198,0.00469617,0.00482579
0.0181417,0.0120462,0.013817,0.0370936,0.00845222,0.013448
0.0115364,0.00782595,0.00416228,0.0455212,0.0113464,0.0148819
0.0132329,0.00841277,0.0161725,0.0685551,0.0169411,0.0177438
0.0138685,0.00966745,0.00494348,0.0377672,0.0107528,0.0136653
0.0241448,0.0167276,0.0133758,0.0737221,0.0211321,0.0191059
0.0370383,0.0240946,0.0202519,0.0828812,0.0227349,0.0332186
0.00778326,0.00553318,0.0019028,0.0184805,0.00270477,0.00860695
0.016715,0.0118716,0.00579133,0.0212044,0.00497932,0.00888693
0.0257136,0.0166037,0.00807353,0.0405323,0.0100697,0.013878
0.0194304,0.013316,0.00820303,0.0351059,0.00851802,0.00790278
0.0192119,0.0131261,0.00639899,0.0163228,0.00346679,0.003636
0.0151379,0.00996743,0.00529514,0.0299622,0.00539362,0.00274655
0.031017,0.0195581,0.00946996,0.0393715,0.0099232,0.00561911
0.0255687,0.0169698,0.00618261,0.0327005,0.00771851,0.00304819
0.00379131,0.00306431,0.00440975,0.0139869,0.00200822,0.00723149
0.0430631,0.0199263,0.0162915,0.0746427,0.0197791,0.0147765
0.0098948,0.00705822,0.00315881,0.024074,0.00842117,0.00605978
0.00709208,0.00499617,0.00182719,0.0123958,0.00450749,0.0030954
0.00957588,0.00672112,0.0055793,0.0252041,0.00631338,0.00280949
0.0211195,0.0143959,0.012353,0.043922,0.0117224,0.0212056
0.0220524,0.0145103,0.0154106,0.0519697,0.0149027,0.0161848
0.0237409,0.0158612,0.00715579,0.0366497,0.0100077,0.0295852
0.0252212,0.0158767,0.00824817,0.0391977,0.00901226,0.00719594
0.00506891,0.00337239,0.00245863,0.00908904,0.00387543,0.000312492
0.0186842,0.0125852,0.0049759,0.0314437,0.0064246,0.00871221
0.01592,0.0108228,0.00399293,0.0358843,0.00987668,0.00292729
0.00880106,0.00625688,0.00428865,0.0263366,0.00614015,0.010919
0.0146084,0.0101163,0.00655934,0.0196864,0.00499318,0.00385085
0.020706,0.0140389,0.00829834,0.0418624,0.00877839,0.0122995
0.0236979,0.0158054,0.0098303,0.0460779,0.00954913,0.00869655
0.0118895,0.0080468,0.00752521,0.0394306,0.0106572,0.0103053
0.0134776,0.00911231,0.00527938,0.0297894,0.00946594,0.00246217
0.0274385,0.018263,0.011292,0.0467672,0.0104506,0.026033
0.0198098,0.0130238,0.0131029,0.0404321,0.0111839,0.00742724
0.0366017,0.0235245,0.0110522,0.051118,0.013024,0.021634
0.0176861,0.0118686,0.00656227,0.0386177,0.0090268,0.00921983
0.0157766,0.0107257,0.00522256,0.0253422,0.00666472,0.00464652
0.0253871,0.0167383,0.00999198,0.038835,0.00839435,0.00639053
0.00748815,0.00514746,0.0027244,0.0199776,0.00296986,0.00277802
0.0237963,0.0158514,0.00913389,0.0289218,0.00670044,0.00805471
0.0145553,0.00995575,0.00548898,0.0312211,0.00693296,0.00437378
0.00794291,0.00512429,0.00370396,0.0152586,0.00249874,0.0036703
0.0109272,0.00755603,0.00414185,0.0222212,0.00615081,0.0013089
0.0331348,0.0215378,0.00839266,0.0555179,0.0131036,0.00762588
0.0130292,0.00877781,0.00538898,0.0298434,0.00714204,0.00718029
0.00610188,0.00447868,0.00565061,0.0239748,0.00672709,0.0114109
0.0186095,0.0105995,0.00716905,0.0329721,0.00982806,0.0158737
0.0271393,0.0153649,0.00727197,0.0400929,0.0113996,0.0123324
0.0114893,0.00758728,0.0032845,0.0268213,0.00617116,0.00470245
0.0187828,0.0123682,0.0205159,0.0736871,0.0152664,0.0126662
0.0138695,0.009272,0.00478489,0.01992,0.00413668,0.0133865
0.0170302,0.0108971,0.0102381,0.0398968,0.011938,0.0233275
0.0115689,0.00755642,0.00422035,0.0208702,0.00563462,0.00371033
0.0208614,0.0140994,0.00737425,0.0283373,0.00800322,0.0105485
0.00570358,0.0040866,0.00247846,0.0121469,0.00402118,0.00303219
0.0188401,0.0124926,0.00604379,0.023522,0.00689974,0.00962831
0.0255912,0.0160374,0.0136338,0.064191,0.0183871,0.0165327
0.0199597,0.0131907,0.0105881,0.0549672,0.0146364,0.0125648
0.0171599,0.0113924,0.00643196,0.0345684,0.00798133,0.00749404
0.0262262,0.0176218,0.00991628,0.0530176,0.0134178,0.0065716
0.0115756,0.00774659,0.0058864,0.0215301,0.00515968,0.00611484
0.0107311,0.00745796,0.00289604,0.0322039,0.00602178,0.00422955
0.0210478,0.0142092,0.00737486,0.033635,0.00687374,0.00830425
0.0129704,0.00893555,0.0168595,0.0969249,0.0268532,0.0186344
0.0155725,0.0108012,0.00422853,0.016645,0.00385574,0.0128829
0.0268558,0.0144642,0.0146408,0.0737114,0.0186679,0.0143924
0.0234295,0.0138399,0.0120985,0.0432971,0.00838015,0.00907876
0.0546261,0.0326771,0.0329678,0.114256,0.0304713,0.0727742
0.00750116,0.00516085,0.00276061,0.0107323,0.00287426,0.00284281
0.00946919,0.00644995,0.00467961,0.0214205,0.00552904,0.0051229
0.0172093,0.0117438,0.00617609,0.0231725,0.00673068,0.00226414
0.0137108,0.00965254,0.00735007,0.0212127,0.00640447,0.00856059
0.0446879,0.0285979,0.0134726,0.0910084,0.024707,0.0328774
0.0178955,0.0120727,0.00503835,0.0324011,0.00935611,0.00662514
0.0211916,0.0105628,0.0072304,0.038357,0.0104731,0.01851
0.0265668,0.0134649,0.00809359,0.0377181,0.0099275,0.0228801
0.0143618,0.00979036,0.00522802,0.0329506,0.00770858,0.0124699
0.0140357,0.0094992,0.00418463,0.0350648,0.00856865,0.00422441
0.0250441,0.0162214,0.0153862,0.0651887,0.0152007,0.016917
0.0218648,0.0145804,0.00808677,0.0561305,0.0144735,0.00638021
0.015921,0.0110972,0.00464772,0.0206523,0.00568369,0.00752365
0.00884875,0.00651021,0.00827708,0.0277426,0.00642166,0.00470107
0.0277858,0.0137535,0.00953042,0.0550879,0.0123815,0.00850829
0.0238295,0.0104757,0.00874306,0.0441591,0.00810658,0.00848381
0.0588956,0.0348619,0.0219654,0.10618,0.0242687,0.0217938
0.012028,0.0082997,0.00409536,0.0150921,0.00327931,0.00740529
0.00778649,0.00564959,0.00181656,0.016346,0.00258733,0.0036552
0.0100808,0.00684189,0.00408527,0.021672,0.00604802,0.00178909
0.0171359,0.0112992,0.0042321,0.0382327,0.00981298,0.00562607
0.0127933,0.00844381,0.00359237,0.0192563,0.00453374,0.00767722
0.0122112,0.00838553,0.0033017,0.0258003,0.00694508,0.00723366
0.018418,0.0124597,0.00918735,0.0808241,0.0179187,0.0441707
0.0163707,0.0110429,0.00553971,0.0166189,0.00448089,0.00627856
0.0122864,0.00841492,0.0083963,0.0519085,0.0121752,0.0384722
0.0203063,0.0137795,0.00569057,0.018528,0.00587288,0.00682979
0.0359544,0.0232036,0.0086218,0.0439541,0.0109238,0.00740303
0.00555219,0.0038962,0.00353211,0.0120072,0.00352844,0.00622457
0.0218951,0.0140751,0.0075648,0.0280798,0.0088934,0.0111448
0.00517246,0.00372387,0.00160403,0.0143947,0.00313754,0.00107318
0.00526007,0.00353206,0.00146466,0.0150464,0.00405505,0.00277938
0.00846383,0.00595462,0.00358848,0.0137702,0.00290542,0.00636648
0.0182154,0.0119774,0.00591448,0.0262551,0.00630842,0.0102226
0.0323655,0.0208511,0.0146132,0.0682446,0.0184408,0.0227776
0.0142737,0.00908903,0.00456625,0.0263229,0.00649191,0.00881575
0.0238664,0.0157927,0.00879662,0.0366631,0.0101364,0.0219334
0.0212159,0.0129651,0.00663762,0.0369321,0.0110749,0.0412097
0.0540519,0.0294437,0.0448589,0.101746,0.0276044,0.0264021
0.0204284,0.0132623,0.0069161,0.0267357,0.00717945,0.0121556
0.00479281,0.00306101,0.00234159,0.00646311,0.00328625,0.0034595
0.00665837,0.00437706,0.00915322,0.0436556,0.0130502,0.00869388
0.00960486,0.00663655,0.00550316,0.0200322,0.00642331,0.00242872
0.00645464,0.00405986,0.00207656,0.0133482,0.00307823,0.00119687
0.0202252,0.0135587,0.00877755,0.040052,0.0121639,0.0238754
0.0122655,0.00836802,0.00779497,0.0350841,0.0111727,0.0221179
0.0262552,0.0175464,0.00933194,0.0361835,0.00934577,0.00331601
0.0152245,0.0107673,0.00535338,0.0227018,0.00680193,0.00418442
0.0430055,0.022712,0.0288438,0.12775,0.0338814,0.0440449
0.00452707,0.00350171,0.00218894,0.0157989,0.00376861,0.001646
0.0106176,0.00710432,0.00313616,0.0169359,0.00374505,0.00332757
0.00803896,0.00584308,0.00382473,0.0175676,0.0047261,0.00329332
0.0425198,0.0280229,0.0155754,0.0578532,0.0161135,0.0111578
0.0287137,0.0192522,0.00974863,0.0320717,0.0112054,0.00487426
0.0171256,0.0123232,0.00538679,0.020599,0.00665345,0.00355137
0.0504148,0.0305542,0.0173515,0.0614491,0.0138938,0.0110944
0.0189397,0.0126963,0.0132455,0.0540513,0.0128776,0.0161425
0.0177644,0.0121154,0.00579251,0.0285279,0.00819141,0.0060874
0.0178158,0.0121061,0.00476307,0.00464812,0.00174449,0.0116939
0.00761578,0.00556919,0.00394608,0.0214117,0.00513983,0.00940541
0.0128732,0.00907272,0.0061852,0.0317787,0.00830659,0.00821993
0.0122953,0.00853674,0.00449738,0.00476564,-0.000666621,0.00211949
0.00748599,0.00519455,0.00244521,0.0154636,0.00425045,0.00395383
0.0410269,0.0261141,0.0306416,0.139829,0.0419308,0.0517403
0.0121009,0.00831617,0.0118255,0.0237875,0.00507341,0.00952318
0.0226562,0.0143894,0.00888703,0.0443544,0.0126876,0.0203705
0.0526623,0.0285592,0.0383482,0.142259,0.0338079,0.027525
0.0139733,0.00976458,0.00552928,0.038721,0.00823727,0.0153504
0.00874961,0.00550596,0.00273223,0.0135061,0.00254765,0.00732494
0.0462849,0.0292943,0.0185911,0.0853052,0.0193417,0.0244383
0.0251132,0.0170743,0.0171216,0.105217,0.0268984,0.0385401
0.0097672,0.00661641,0.00473668,0.0177384,0.00548256,0.00260044
0.00738859,0.00525279,0.00589507,0.0253004,0.00636964,0.00682909
0.00736356,0.00519209,0.003131,0.0109123,0.00275937,0.00496896
0.0191074,0.0132361,0.00586524,0.022745,0.00476551,0.00677085
0.0279154,0.0186124,0.0211693,0.0929223,0.02316,0.0386374
0.0241774,0.0158132,0.0103418,0.0502258,0.0129126,0.0101102
0.0448206,0.0279095,0.0231448,0.100196,0.0220668,0.0212216
0.0484743,0.029506,0.0400041,0.13351,0.0345092,0.0465187
0.011809,0.00808588,0.00410891,0.0252744,0.00699483,0.0120129
0.00754962,0.00518055,0.0042221,0.0152604,0.00569922,0.00384496
0.00696325,0.00474082,0.00333603,0.0146697,0.00515622,0.00548358
0.0154532,0.0100568,0.00588289,0.0563071,0.0145082,0.0242975
0.0237918,0.0172412,0.0162074,0.0671574,0.0188243,0.0390439
0.0320705,0.0195404,0.0178615,0.0679131,0.0174561,0.0378736
0.00887397,0.00626543,0.00367521,0.0253099,0.00582197,0.010654
0.0113469,0.00810533,0.00401565,0.0213426,0.00576686,0.00586363
0.0301182,0.0194202,0.0072277,0.04405,0.0109209,0.0121559
0.00767585,0.00518129,0.00237863,0.0196195,0.00469697,0.00290969
0.0150282,0.01055,0.00459978,0.0269315,0.0079893,0.0133736
0.01763,0.0117885,0.0126913,0.0470187,0.0143471,0.0156357
0.00920165,0.00670071,0.00387815,0.0235785,0.00487405,0.00249345
0.0261137,0.0173326,0.00784009,0.0452765,0.00933364,0.0116075
0.0288374,0.0178256,0.0179324,0.0853272,0.0215005,0.0403406
0.0110111,0.00726699,0.00480678,0.0323649,0.00826789,0.00241527
0.00904339,0.00632977,0.00417237,0.0205228,0.00505549,0.00452576
0.0159661,0.0112792,0.00403083,0.0221379,0.00469039,0.00805117
0.0139036,0.00503163,0.00578061,0.0262271,0.00766045,0.010582
0.0252408,0.0135543,0.00935176,0.0432691,0.00909413,0.0156463
0.0225631,0.0146101,0.00947821,0.0364825,0.00746816,0.0108543
0.00979186,0.00646342,0.00362113,0.0274288,0.00658636,0.00338305
0.0197125,0.0134533,0.00464009,0.0322518,0.00855953,0.00605798
0.0093152,0.00667967,0.00781652,0.0360157,0.0107458,0.0166345
0.0106543,0.00724397,0.00276952,0.0175312,0.00560956,0.00558569
0.038646,0.0248095,0.0262831,0.0958773,0.0247795,0.0293594
0.0299517,0.0203799,0.0070283,0.0580266,0.0123772,0.0100074
0.00613354,0.00388373,0.00259519,0.0145485,0.00421558,0.00304775
0.00885687,0.00630404,0.00608937,0.0357824,0.0090122,0.00354846
0.00899641,0.006097,0.00476228,0.024382,0.00629373,0.00318135
0.00769411,0.00543982,0.0030446,0.011446,0.00238599,0.00194035
0.0160577,0.0107906,0.0136054,0.0654486,0.0188997,0.0310255
0.00859365,0.0058057,0.00444766,0.0179019,0.00423191,0.00487762
0.0204624,0.0139982,0.00657506,0.0151325,0.00312295,0.00380608
0.027736,0.01778,0.00843456,0.0553117,0.0134764,0.0166276
0.00613484,0.00469263,0.00253932,0.00208587,0.000382539,0.0029674
0.0189465,0.0122562,0.00641979,0.0285095,0.0066781,0.0110451
0.0180623,0.0121521,0.00803177,0.0241397,0.00908006,0.0172947
0.0147575,0.0102417,0.00388,0.0264507,0.00539435,0.0054344
0.00576198,0.00421541,0.00380349,0.0136816,0.00406196,0.00306556
0.0204423,0.0137613,0.00633192,0.0231562,0.00647687,0.00696888
0.0408115,0.0188286,0.016577,0.0633013,0.016601,0.014554
0.0175469,0.0113456,0.0129862,0.0688208,0.0169855,0.0317322
0.00762561,0.00569089,0.00317585,0.01616,0.00245032,0.000733604
0.034513,0.0219512,0.0153916,0.0752968,0.0183296,0.0249633
0.0127987,0.00854706,0.00325388,0.0292581,0.0053301,0.00279515
0.014879,0.0102648,0.0048558,0.0257763,0.00560808,0.00810916
0.0254023,0.0157224,0.00870806,0.0397692,0.00806952,0.00601496
0.0141417,0.00946333,0.00645777,0.0269789,0.00569803,0.0146752
0.0185756,0.0126909,0.00685006,0.0342396,0.00739926,0.00805129
0.00532038,0.00366877,0.00238226,0.0117984,0.00372368,0.00610898
0.0267078,0.0112768,0.00800605,0.0358222,0.0104086,0.00682552
0.0103652,0.00696169,0.00492053,0.0204662,0.0062054,0.00754524
0.0167961,0.011215,0.00586571,0.0246629,0.00591341,0.00728014
0.0112318,0.00768757,0.0041668,0.0224777,0.00571296,0.00668428
0.0133511,0.00879931,0.00495799,0.0345143,0.0092242,0.00641521
0.00887362,0.00625074,0.00208847,0.0159759,0.00404605,0.00370791
0.0119055,0.00800987,0.00394842,0.0177395,0.00415111,0.00249178
0.0181243,0.0114148,0.00601897,0.0291809,0.00726396,0.0121655
0.0244616,0.0156149,0.0111162,0.0310075,0.00892805,0.0074226
0.0157902,0.00777206,0.00728058,0.01637,0.00528542,0.0074912
0.0217978,0.0143202,0.00878146,0.0365363,0.00898016,0.00725559
0.0493643,0.0310314,0.0199172,0.0910421,0.0219222,0.0145654
0.00454908,0.00366305,0.00267143,0.0131595,0.002279,0.00650914
0.00707365,0.00503534,0.00237571,0.0189653,0.0059192,0.00527414
0.00547716,0.00378268,0.00181494,0.0166002,0.00390718,0.00520733
0.02052,0.0134447,0.0113863,0.0474554,0.00999612,0.00483693
0.0194283,0.0129363,0.00676306,0.0317739,0.00823501,0.00541998
0.0106591,0.00736411,0.00444285,0.0196943,0.00573146,0.00594
0.025042,0.0160625,0.006523,0.0259736,0.00796538,0.00883604
0.0161986,0.00741297,0.00878014,0.0592296,0.0150658,0.0131056
0.0169721,0.00732178,0.00879164,0.0528048,0.0121406,0.0114934
0.0271416,0.0183126,0.0125997,0.0664509,0.0142755,0.0330075
0.0265764,0.0108826,0.00650913,0.0506815,0.0137561,0.0148004
0.00830963,0.00583892,0.00200183,0.0263321,0.00633175,0.0108191
0.00392357,0.0029653,0.00217176,0.0105821,0.00179848,0.00385744
0.0321102,0.020575,0.0240141,0.119013,0.0327845,0.0354151
0.0197162,0.0130793,0.0081303,0.0263066,0.0077619,0.00753409
0.0141437,0.00959151,0.00495182,0.0244283,0.00478803,0.00343049
0.0276997,0.018729,0.00688384,0.0323857,0.00890139,0.00507648
0.00465048,0.00354975,0.00137572,0.01559,0.00398119,0.00745398
0.0161125,0.010355,0.00553681,0.0283848,0.00613437,0.0117276
0.0181617,0.0116665,0.0113432,0.0519018,0.0141159,0.0320843
0.0110728,0.00745398,0.00900399,0.0171344,0.00419823,0.00785641
0.00781592,0.00518373,0.0017827,0.0169941,0.00581644,0.00328235
0.0250016,0.016758,0.00643289,0.0465398,0.0116019,0.0183959
0.00644242,0.00501373,0.00299594,0.0152112,0.00331816,0.00203145
0.00933298,0.0064087,0.00354098,0.00832452,0.000367183,0.00812294
0.0113871,0.00812754,0.00362163,0.0209118,0.00634674,0.00491064
0.0180341,0.0117767,0.00530563,0.0442925,0.0120655,0.0318375
0.00983611,0.00703819,0.00326639,0.0169125,0.00497211,0.00572383
0.0456955,0.0259259,0.0215272,0.0732011,0.0210135,0.0257586
0.0212624,0.0140699,0.00582584,0.0335119,0.00692013,0.0050929
0.0116766,0.00716575,0.00237994,0.0240205,0.0082699,0.00815262
0.00893051,0.00448866,0.00286507,0.0183404,0.00339774,0.00353103
0.0149311,0.00859864,0.00423313,0.0296945,0.0101053,0.00888087
0.0257408,0.015284,0.0103184,0.055191,0.0158474,0.0186219
0.082292,0.041318,0.0596423,0.227345,0.0586924,0.0801782
0.0291954,0.018862,0.019274,0.0725331,0.0201495,0.0175943
0.0159249,0.00933154,0.0198492,0.0349524,0.0102993,0.0337512
0.0218848,0.012101,0.0105576,0.0466876,0.0112942,0.0176153
0.023328,0.0150694,0.00773349,0.034439,0.00961604,0.00557367
0.0127617,0.00898021,0.00571018,0.0309639,0.00792201,0.00252243
0.0192883,0.0129838,0.0208004,0.110498,0.0257498,0.0214645
0.0146812,0.0102309,0.00463968,0.0168302,0.0056388,0.0065209
0.0147911,0.00982588,0.00415571,0.0253528,0.00622841,0.0119478
0.00751763,0.00543645,0.00310343,0.018484,0.00352323,0.00424331
0.014014,0.00957488,0.00586012,0.0401995,0.0100385,0.013098
0.0180637,0.0121709,0.00691085,0.0294011,0.0071641,0.00693639
0.0214307,0.0137934,0.0122999,0.0329939,0.00795696,0.00829943
0.0100996,0.00642658,0.00292506,0.016376,0.00531947,0.00984562
0.0162476,0.0109682,0.0113358,0.0534222,0.0139444,0.0133368
0.011246,0.00803772,0.00693498,0.0236636,0.00563864,0.0123443
0.00861167,0.00565103,0.00334318,0.014826,0.00334459,0.00471724
0.0151,0.0105766,0.00732519,0.0375769,0.00872491,0.0080791
0.0306558,0.0203818,0.00783518,0.0339369,0.00751169,0.0229319
0.0173037,0.012207,0.0117752,0.037565,0.0094341,0.0087673
0.00690764,0.00516186,0.00322365,0.00755861,0.00372011,0.00136487
0.0175919,0.0125086,0.00718291,0.0333019,0.00847485,0.0121377
0.0236989,0.0161005,0.00928648,0.0289498,0.00780417,0.0203748
0.0310539,0.0202868,0.0102527,0.0494697,0.011744,0.00900511
0.00639736,0.00466486,0.00318929,0.00931698,0.00356143,0.00550259
0.00477381,0.00355473,0.00310399,0.014493,0.00420984,0.00574613
0.0698306,0.0401534,0.0265584,0.108532,0.0265372,0.0296448
0.0106581,0.00700562,0.0037957,0.0168411,0.00525385,0.00311345
0.0137563,0.00967072,0.00647426,0.0206161,0.00605711,0.00660199
0.0162984,0.0108951,0.00668387,0.0529509,0.0138479,0.0283433
0.0228011,0.015356,0.00811782,0.0213127,0.00427925,0.00535744
0.00669671,0.00440165,0.00256846,0.0174538,0.00363082,0.0104743
0.00647977,0.00458347,0.00318546,0.00460903,0.000253499,0.00274464
0.00842906,0.00560077,0.00272046,0.0197569,0.00401755,0.00394916
0.0182445,0.0118795,0.007884,0.0347801,0.00843176,0.0124232
0.0551049,0.024987,0.0322732,0.178245,0.0488695,0.0269161
0.0673853,0.0223269,0.0371643,0.182768,0.0443246,0.0366
0.0145523,0.00631664,0.0092976,0.0299599,0.00786894,0.0153319
0.0205087,0.0137037,0.0115126,0.0610734,0.0163412,0.0341328
0.0267025,0.0183623,0.0134278,0.0534792,0.0138233,0.0151089
0.0396261,0.0233413,0.0192833,0.085893,0.0248438,0.0330531
0.0254868,0.0155321,0.0178138,0.0612383,0.0159714,0.041539
0.0326522,0.0197223,0.0463794,0.0500576,0.00965135,0.101225
0.017247,0.0117678,0.00434147,0.0235879,0.00547765,0.0136427
0.0228911,0.0148246,0.0140584,0.0847438,0.0221336,0.0287915
0.0253309,0.016818,0.0113511,0.0723022,0.0217749,0.0169737
0.0513592,0.0306941,0.0217062,0.0842112,0.0222489,0.0223366
0.00911249,0.0064665,0.00274229,0.0243971,0.00573008,0.0047531
0.0167757,0.0116589,0.00742859,0.0290198,0.00714167,0.00545879
0.0220765,0.014912,0.00883903,0.0594161,0.0157921,0.0133989
0.0494018,0.0217495,0.0172989,0.0856945,0.0199498,0.0191249
0.00821318,0.00594214,0.00343716,0.0200551,0.00528108,0.018833
0.0168273,0.0112003,0.00492614,0.0211144,0.00595451,0.00640415
0.0212686,0.0140547,0.00756644,0.031515,0.0092826,0.0168908
0.00694314,0.00459451,0.00186541,0.0152759,0.00260543,0.00394588
0.0193709,0.0131766,0.00711795,0.0396899,0.010573,0.00766438
0.0128879,0.0089377,0.00818205,0.0538066,0.0128221,0.0109651
0.0268968,0.0174253,0.0113768,0.0370665,0.00837407,0.00730566
0.0209113,0.0134565,0.00897943,0.0382323,0.0103751,0.010111
0.00744905,0.00457308,0.00342797,0.0333419,0.00842735,0.0148251
0.00792634,0.00556084,0.00290535,0.00965063,0.00421709,0.00386662
0.0193438,0.012896,0.0115979,0.0576986,0.014358,0.0210013
0.0045784,0.00330421,0.00198245,0.0234109,0.00658736,0.00210878
0.00681392,0.00491556,0.00204823,0.00946074,0.00173467,0.00219779
0.0150299,0.0105262,0.00613826,0.0375236,0.0110443,0.010796
0.0387025,0.025221,0.0176566,0.0802145,0.0214928,0.0169277
0.039663,0.0251045,0.04709,0.140781,0.0369261,0.03377
0.00735775,0.00524232,0.00278679,0.0171538,0.00332128,0.00264602
0.0250907,0.0168189,0.00979921,0.074457,0.0187499,0.0136407
0.00726686,0.00497915,0.00281515,0.0146486,0.00317142,0.00304863
0.0203903,0.0139608,0.00619075,0.0279942,0.00765856,0.00474817
0.013828,0.00953218,0.00613646,0.0238554,0.00768733,0.0114428
0.0162911,0.0113213,0.00644899,0.0241094,0.00660938,0.00774351
0.0159937,0.0109458,0.00656022,0.048813,0.0114071,0.00390128
0.0158105,0.0108381,0.00458302,0.019288,0.00319247,0.00479027
0.0212804,0.0141315,0.00743178,0.0220346,0.00578909,0.0113193
0.021555,0.013969,0.0165326,0.0673108,0.0167786,0.0182553
0.0257248,0.0169705,0.0116495,0.0507397,0.0133796,0.0381139
0.0299091,0.0110848,0.00936703,0.0515912,0.0144664,0.00925799
0.0383925,0.0166775,0.0113113,0.0572707,0.0129249,0.0109206
0.0275167,0.0184125,0.00745192,0.0278758,0.00726496,0.028056
0.0270392,0.0172097,0.0107218,0.0688301,0.0196888,0.0461455
0.00519987,0.0036067,0.00209956,0.0193029,0.00337693,0.00207084
0.0163618,0.0113436,0.00510887,0.022814,0.00549667,0.00752578
0.0118717,0.00807578,0.00497165,0.0231843,0.00670459,0.0106788
0.0112848,0.00740064,0.00457986,0.0140862,0.00413624,0.00870765
0.0230775,0.0154348,0.0254562,0.0884301,0.0221659,0.0131187
0.0296558,0.0129865,0.0120085,0.0261456,0.00680414,0.0118485
0.0072808,0.00524366,0.00440182,0.0187341,0.00392371,0.00660054
0.016665,0.0110043,0.00609576,0.0365805,0.00631887,0.00272611
0.0112389,0.00787383,0.00337668,0.0123759,0.00350405,0.00264381
0.0151972,0.01018,0.00498404,0.018347,0.00551769,0.00597245
0.0165802,0.0113453,0.0064177,0.0228035,0.00550173,0.0023943
0.0450351,0.026491,0.0235952,0.080087,0.0188201,0.0220356
0.0486497,0.0284316,0.0199878,0.074524,0.0198456,0.0324325
0.0311306,0.019578,0.0147513,0.0438388,0.0089341,0.0153266
0.00674021,0.00485112,0.00337987,0.0136217,0.00341541,0.00385278
0.0218242,0.0147996,0.0047547,0.0298322,0.00709316,0.0069729
0.0243275,0.0158081,0.00937347,0.0695754,0.0180141,0.0125971
0.0132569,0.00917029,0.00291888,0.0126759,0.00348361,0.00198892
0.025998,0.0110101,0.00926671,0.0521923,0.0135829,0.01188
0.0264685,0.0110084,0.00894729,0.042486,0.0109943,0.0107719
0.0406329,0.0237819,0.028236,0.0907707,0.0270076,0.0582794
0.0237751,0.0151785,0.00717188,0.0283407,0.00681884,0.0105125
0.0147773,0.00988571,0.00512928,0.0232374,0.0061208,0.011857
0.00936234,0.00666091,0.00169071,0.0248012,0.00725398,0.0140233
0.0258852,0.0174182,0.0113924,0.057259,0.0158769,0.00730579
0.0135342,0.00933845,0.00432393,0.0313408,0.00750909,0.00717157
0.0311875,0.0202199,0.0133586,0.0552824,0.0130817,0.0285675
0.0235678,0.0157624,0.0112998,0.0581192,0.014943,0.00913886
0.0126638,0.00868291,0.0069425,0.0424347,0.0108667,0.0204464
0.010085,0.00717336,0.00407041,0.0193375,0.00535449,0.00501871
0.0126137,0.00818703,0.020178,0.115212,0.0305295,0.0412773
0.00887422,0.00590168,0.00180616,0.0238317,0.00483809,0.00800201
0.0637753,0.0387619,0.0177968,0.0650829,0.0150499,0.0266702
0.0280084,0.0176239,0.00888328,0.0311416,0.00705994,0.00661703
0.0115099,0.00772166,0.00389947,0.0215696,0.00465158,0.00827118
0.0054624,0.00377483,0.00292716,0.0193614,0.00317678,0.00280907
0.0205698,0.0134473,0.0164377,0.117504,0.0303208,0.0220024
0.0116088,0.00776268,0.00538899,0.0414616,0.011301,0.0169686
0.0111974,0.00769506,0.00211469,0.0183101,0.0042848,0.0101532
0.0120095,0.00808843,0.00381377,0.000593355,0.000506041,0.00494619
0.00642154,0.00459444,0.00343166,0.0170762,0.00431882,0.00729886
0.0178426,0.00986315,0.00931241,0.0351865,0.0086749,0.0110416
0.0184909,0.0123863,0.0134849,0.0610277,0.0153918,0.0179442
0.00525117,0.00347907,0.00126747,0.0171556,0.00349814,0.00827561
0.0271608,0.0179046,0.00838375,0.0618153,0.0142658,0.0355857
0.01267,0.00903457,0.00488688,0.0176551,0.00511474,0.00840691
0.0290668,0.0133723,0.0113423,0.0463312,0.0130761,0.0154402
0.0205419,0.0141089,0.00893781,0.0254616,0.00773706,0.0114005
0.016483,0.0113818,0.00587371,0.0209257,0.0064222,0.00695888
0.0109551,0.00744125,0.00451963,0.0187203,0.00402104,0.00635933
0.0195543,0.0129267,0.00552324,0.0221017,0.00668897,0.00366792
0.00699001,0.00503235,0.00220908,0.0122702,0.00352257,0.00576892
0.00533474,0.00391093,0.00303936,0.016441,0.00476873,0.00327957
0.0072657,0.00488143,0.00427527,0.0290003,0.00594235,0.00815263
0.0242651,0.0159338,0.00865894,0.0393204,0.010916,0.00477052
0.00644496,0.00435908,0.0026125,0.0187647,0.00454391,0.00615153
0.00698226,0.00495053,0.00664563,0.0176417,0.00455634,0.00393079
0.0231131,0.0150182,0.00702956,0.039725,0.0117254,0.00866594
0.0113688,0.00802251,0.0068766,0.0257455,0.0072149,0.00555459
0.0129377,0.00848093,0.00400608,0.0297577,0.00579701,0.0021968
0.026205,0.0174555,0.00726675,0.0382628,0.00954775,0.00484275
0.0142567,0.00946641,0.0048971,0.0226585,0.00573505,0.00861349
0.0114854,0.00807653,0.00508942,0.030101,0.00711214,0.00994576
0.0220496,0.0147362,0.00714921,0.0388834,0.00805455,0.0069026
0.020535,0.0132186,0.00966891,0.0536447,0.012995,0.0286992
0.0065601,0.00445209,0.00789304,0.0379983,0.00977791,0.00794332
0.0446701,0.0279243,0.0101884,0.0652363,0.0160826,0.0176593
0.0376466,0.0168643,0.0384554,0.180865,0.0445623,0.0561726
0.0207094,0.0142891,0.00761805,0.0421883,0.0102942,0.00738211
0.0100309,0.00679288,0.00304195,0.0215449,0.00517525,0.0143753
0.0227732,0.0155579,0.0146228,0.0682115,0.0186278,0.0192038
0.0214377,0.0124732,0.00806095,0.0413389,0.014827,0.0101503
0.0127775,0.00582685,0.00522191,0.0242286,0.00794266,0.00378261
0.0198674,0.0123539,0.0122229,0.0565575,0.0156697,0.0274689
0.00938142,0.0066276,0.00234524,0.0229456,0.00523342,0.00410134
0.0446319,0.0286913,0.0169532,0.0723525,0.0189675,0.0438363
0.00811533,0.00545698,0.00286585,0.0243517,0.00710994,0.013308
0.0205039,0.0139442,0.00708885,0.0355463,0.00844945,0.0235237
0.0147161,0.00975799,0.0038152,0.0147054,0.00539608,0.0103763
0.0122634,0.00752849,0.0052897,0.031602,0.00921108,0.00418659
0.0152166,0.0097154,0.00468504,0.0482523,0.0134642,0.011319
0.0196664,0.0128592,0.00625724,0.0255131,0.00637964,0.00545499
0.0141334,0.00972675,0.00477339,0.0331448,0.00746957,0.00506734
0.0196223,0.0129187,0.0176883,0.102396,0.0277573,0.0496024
0.00555374,0.00378099,0.00292062,0.0100576,0.00308087,0.0033403
0.0220891,0.0142524,0.012239,0.0494137,0.013114,0.0246876
0.0054364,0.0041139,0.00246127,0.0115008,0.00361795,0.00212506
0.00847692,0.00536908,0.00309365,0.0155744,0.00463574,0.00293597
0.00721872,0.00507583,0.00199122,0.0202093,0.00577644,0.0178275
0.0230894,0.0159759,0.00696345,0.0204617,0.00582781,0.0111558
0.00855441,0.00563004,0.011532,0.0973594,0.0257701,0.00720424
0.0524581,0.0286411,0.0197939,0.076747,0.0216811,0.013281
0.0140882,0.00960582,0.00306597,0.027994,0.00831827,0.00536189
0.00823313,0.00560092,0.00247123,0.0134614,0.00428567,0.000515717
0.0193378,0.0131118,0.00564526,0.0300513,0.00888537,0.0227969
0.0103923,0.00718848,0.0165081,0.0753549,0.0190314,0.0339661
0.021118,0.0141727,0.00510168,0.0393427,0.0103698,0.0118922
0.00548919,0.00354387,0.00226042,0.00481594,0.000793418,0.00589531
0.012065,0.00492454,0.00544442,0.0344475,0.00989744,0.00508777
0.0399929,0.0201243,0.0351266,0.124705,0.0314645,0.031938
0.0225834,0.0152524,0.00951731,0.065443,0.0155039,0.0269775
0.0121256,0.00828825,0.00551141,0.0444607,0.0114877,0.0105078
0.00488397,0.00375733,0.00352261,0.0200748,0.00603359,0.00315735
0.00708595,0.00496776,0.00183772,0.00977837,0.00258139,0.0057866
0.0168629,0.00657777,0.0122022,0.0562673,0.0174378,0.0221194
0.0301738,0.0134294,0.0148337,0.06295,0.0159042,0.0152009
0.0110333,0.00633553,0.00450343,0.0214892,0.0055913,0.0035793
0.00766731,0.00327633,0.00313836,0.0159985,0.00291696,0.000398838
0.0171393,0.0116292,0.0102122,0.0431672,0.0118828,0.0126868
0.0177799,0.011666,0.00620808,0.0292355,0.00509927,0.00340018
0.0167127,0.0114429,0.0047725,0.0272416,0.00726659,0.0153644
0.0300333,0.0195651,0.00803115,0.0295212,0.00890799,0.0118026
0.0240494,0.0152347,0.0412034,0.191141,0.0502244,0.13607
0.0261515,0.0170689,0.00768612,0.0413768,0.00760571,0.0100231
0.0229932,0.0150223,0.00766381,0.0417936,0.010152,0.0130939
0.0166148,0.0113672,0.00489516,0.0156447,0.00399581,0.00185702
0.0104382,0.00727027,0.00540994,0.0187798,0.00382464,0.00803031
0.0111984,0.00754236,0.00448199,0.0216347,0.00443589,0.00672507
0.0119762,0.00847513,0.00454776,0.0179998,0.00532234,0.00494459
0.0223899,0.0149483,0.0109949,0.0543152,0.0139717,0.0105142
0.00988428,0.00712362,0.00457913,0.023366,0.00553945,0.00171141
0.0104867,0.00671503,0.00549093,0.0505951,0.01331,0.0107136
0.0105447,0.00772328,0.00540601,0.0224151,0.00514719,0.00573769
0.0231946,0.0118972,0.00706808,0.0539143,0.0144999,0.0209041
0.0147359,0.00812187,0.00500387,0.02611,0.0071074,0.00587289
0.0142489,0.00695139,0.00487044,0.0181161,0.00397288,0.00741132
0.0122399,0.00826984,0.00304577,0.0273472,0.00716642,0.0140951
0.0163676,0.0111701,0.00556317,0.0260185,0.00713869,0.00567683
0.00795581,0.00543571,0.00371408,0.017761,0.00431453,0.00945432
0.00945869,0.0062916,0.00396216,0.0293208,0.00780595,0.012524
0.00500502,0.00328866,0.00297671,0.0102583,0.00324992,0.00365522
0.0429707,0.0271394,0.0240803,0.0998811,0.0284255,0.0556185
0.00552615,0.0036736,0.00356212,0.0151116,0.00570219,0.00448463
0.0121249,0.00814023,0.00512759,0.0245388,0.00683373,0.00256986
0.0214865,0.0105375,0.0136699,0.0696807,0.0182526,0.0250683
0.0469749,0.0242859,0.0369598,0.194765,0.0481782,0.0493843
0.0051905,0.00393956,0.00200207,0.0302655,0.0070438,0.00721368
0.0758418,0.0273962,0.0658784,0.255901,0.0708851,0.0651273
0.0753924,0.0265792,0.0771889,0.276271,0.0693079,0.067092
0.0177636,0.0123414,0.00613774,0.0263021,0.00563607,0.0107869
0.011654,0.0082066,0.00359442,0.0186988,0.00514104,0.00123522
0.0162196,0.0114242,0.00582177,0.00775841,-1.58228e-05,0.0112523
0.0229224,0.0155633,0.00821031,0.0387621,0.00933724,0.00676923
0.00557775,0.00402921,0.00237032,0.0113514,0.00216695,0.00372397
0.0119485,0.00782403,0.00602013,0.0271594,0.00739095,0.00500074
0.00956817,0.00613051,0.00434863,0.0181099,0.00510057,0.00424719
0.0191646,0.0127743,0.00672967,0.0273558,0.00819014,0.0168213
0.0104857,0.0070414,0.00427972,0.0202176,0.00704924,0.00751631
0.0271618,0.0171695,0.0145181,0.0652182,0.0163865,0.0120542
0.0209415,0.0137745,0.00677499,0.0286939,0.00841663,0.00852418
0.0186253,0.0124933,0.00607899,0.0302827,0.00636035,0.0108544
0.0229396,0.00942563,0.00925155,0.0424589,0.0116069,0.0169393
0.0272933,0.0151209,0.0103152,0.0380125,0.0091158,0.0192583
0.0194564,0.012935,0.0209044,0.104097,0.0265598,0.0545172
0.0425346,0.0250677,0.0289505,0.120606,0.032692,0.0332133
0.00830055,0.00540605,0.00285006,0.0198478,0.00380941,0.00523031
0.00821227,0.00524517,0.00209592,0.0110405,0.00315938,0.00368613
0.017267,0.0115031,0.00640108,0.0259418,0.00753905,0.00464988
0.00720751,0.00519531,0.00308018,0.010874,0.00212566,0.00266143
0.0168127,0.0116109,0.00730594,0.025808,0.00784741,0.0112776
0.011418,0.00792225,0.00578526,0.0195999,0.0047224,0.00904301
0.0213995,0.0138789,0.00659483,0.0328654,0.00999074,0.0208372
0.00799485,0.00578725,0.0018907,0.0157525,0.00583128,0.00263313
0.0206927,0.0137062,0.00673642,0.025438,0.00528953,0.0105548
0.0277542,0.0178719,0.00619238,0.0342043,0.00998687,0.0103969
0.0084686,0.00597337,0.0142137,0.074345,0.0203058,0.0327153
0.0167745,0.0117932,0.0112739,0.0713455,0.0177731,0.0173797
0.022998,0.0152602,0.0044865,0.0300228,0.00749405,0.0120245
0.0339878,0.0220589,0.010527,0.0548774,0.0129911,0.0185943
0.00824347,0.00541409,0.00261498,0.0162379,0.00498656,0.00174536
0.0275954,0.0184936,0.00970237,0.0520651,0.0120129,0.0381705
0.0370198,0.0234048,0.0190397,0.110276,0.0275341,0.0518776
0.0133926,0.00906976,0.00407916,0.0236086,0.00515227,0.00195381
0.00850602,0.00586035,0.00306743,0.0153404,0.00326778,0.00461945
0.0465227,0.0263342,0.0218085,0.086266,0.022631,0.026949
0.0170693,0.0116595,0.00472272,0.0202136,0.00625686,0.00349274
0.0238608,0.0150882,0.0306696,0.113527,0.0319571,0.0589901
0.00845976,0.00608154,0.0108846,0.0320882,0.0070962,0.00615489
0.0494192,0.0262984,0.0646309,0.234708,0.0579829,0.0933802
0.0139656,0.00928766,0.00505299,0.0174857,0.00669239,0.0213737
0.036211,0.0213727,0.0303531,0.130841,0.0342357,0.0265321
0.0150247,0.0101287,0.0115297,0.0465722,0.0141585,0.026468
0.0374304,0.0240265,0.0132025,0.0515829,0.0162479,0.0132054
0.0232591,0.0153588,0.00843566,0.0518501,0.0142095,0.00778231
0.00731457,0.00495929,0.00456129,0.0383186,0.00992111,0.00890369
0.00643252,0.00439797,0.00189558,0.0173639,0.00453971,0.00345271
0.00971907,0.00699648,0.00343639,0.0139559,0.00328979,0.00148723
0.0140495,0.00933185,0.00523697,0.0181507,0.00528837,0.00394923
0.0173485,0.0114503,0.00595006,0.028234,0.00660009,0.0107635
0.0119935,0.00792307,0.00401936,0.0223675,0.0057595,0.0125308
0.0194165,0.0129939,0.00747029,0.0241048,0.00392372,0.00887055
0.0118647,0.00807506,0.00438269,0.0239042,0.00560442,0.00396126
0.00724705,0.00478557,0.00341924,0.0119449,0.00477753,0.00197392
0.0111916,0.00772091,0.00341218,0.0300056,0.0075357,0.0027488
0.013546,0.00957449,0.0109986,0.0483146,0.013401,0.0229636
0.0109619,0.00755319,0.00438295,0.0165355,0.00514732,0.00386268
0.0212764,0.014607,0.00732811,0.0440566,0.0113312,0.0149912
0.0254666,0.0169972,0.0130695,0.0521702,0.0152349,0.0141456
0.0199552,0.013938,0.00683406,0.0163108,0.0047305,0.00577151
0.0108317,0.00775259,0.00698602,0.0262686,0.00762818,0.0115298
0.0246224,0.0161125,0.00833266,0.0457893,0.0114863,0.0160567
0.0263185,0.0173078,0.00712633,0.0290116,0.00835966,0.021054
0.00508787,0.00330171,0.00256396,0.0163227,0.00386036,0.00137107
0.0189373,0.0130209,0.00545199,0.0202924,0.00621782,0.00434382
0.00683876,0.00441281,0.00242605,0.0150527,0.00388572,0.00451158
0.0378467,0.0192622,0.0149471,0.0454538,0.0130781,0.0229903
0.0199364,0.012603,0.017754,0.0877395,0.0207249,0.00910444
0.00476596,0.00347706,0.00239481,0.00188619,0.000936365,0.00453477
0.0138907,0.00922619,0.00583287,0.0228896,0.00676684,0.0253459
0.0168631,0.0115247,0.00525038,0.0146462,0.00355206,0.00663257
0.0163955,0.011315,0.00455695,0.0184164,0.00542639,0.00609808
0.0382169,0.0226074,0.0311823,0.174144,0.0453399,0.0469637
0.00543856,0.00375105,0.00240251,0.0125596,0.00283125,0.0033504
0.0182672,0.0121147,0.0153922,0.0522912,0.0145364,0.00817761
0.0276371,0.0181384,0.0183885,0.0779092,0.0212555,0.0294284
0.0113461,0.00753299,0.0015143,0.0127474,0.00364842,0.00267517
0.00988691,0.00663687,0.00343733,0.0138519,0.00585149,0.00449392
0.0362624,0.0151698,0.0205496,0.132477,0.0332354,0.053561
0.0114058,0.0073838,0.00601865,0.0399604,0.0109432,0.00476852
0.0233685,0.015686,0.0109391,0.0478377,0.0134049,0.0242597
0.0157118,0.0107591,0.00921917,0.0259092,0.00744257,0.00694936
0.00821669,0.00538378,0.00977678,0.0515586,0.0136143,0.0249191
0.0362988,0.0215191,0.0153873,0.0828797,0.0230001,0.0185317
0.0137698,0.00913047,0.00410825,0.0352756,0.00712821,0.00455736
0.044853,0.0277604,0.0295109,0.0965645,0.0251938,0.0455716
0.00849568,0.00569956,0.00304396,0.0126929,0.00368498,0.00813761
0.00615851,0.00445359,0.00297442,0.010149,0.0020996,0.00419717
0.0292153,0.0184781,0.0114257,0.0519157,0.0140094,0.0169145
0.0101196,0.00704301,0.0037414,0.016865,0.00442003,0.00319284
0.0279605,0.0188695,0.00913638,0.0435236,0.0109717,0.0137002
0.0170766,0.0113503,0.00584592,0.0206802,0.00464705,0.00525373
0.0287215,0.0189005,0.0103822,0.0323226,0.00831072,0.0123287
0.0179658,0.0118789,0.00433451,0.0252591,0.00597527,0.00686934
0.0149985,0.0102664,0.00443884,0.0179947,0.00516662,0.00260343
0.0188136,0.012138,0.0238146,0.0808507,0.0201113,0.0437893
0.00787948,0.0055692,0.00187991,0.0105508,0.003677,0.00333164
0.0313278,0.0197729,0.0286369,0.12246,0.0300254,0.0434704
0.0289343,0.0192013,0.0105553,0.0515868,0.0107258,0.0118158
0.00914367,0.00641619,0.00367741,0.0194511,0.00296382,0.00650017
0.0116042,0.00773442,0.0242082,0.104526,0.0275371,0.0292288
0.0105674,0.00756129,0.00373006,0.0317181,0.00898376,0.00664466
0.0289205,0.0197757,0.015151,0.0482466,0.0134383,0.0172048
0.00655209,0.00483298,0.00238112,0.0282444,0.00956646,0.00371185
0.00562594,0.00380982,0.00390598,0.0145656,0.00535402,0.00575402
0.00956008,0.00631194,0.00479962,0.0206957,0.00453857,0.00716611
0.0168365,0.0113661,0.00679103,0.0488441,0.0146042,0.00509511
0.0118161,0.00809166,0.00254374,0.0188082,0.00355326,0.00387185
0.00731424,0.00484454,0.00157905,0.0110527,0.00321703,0.00153248
0.0270431,0.0184167,0.00760549,0.0191496,0.00408924,0.0180249
0.0347494,0.0217222,0.0188257,0.0746715,0.019935,0.0546949
0.0253532,0.0158851,0.0167381,0.0694786,0.0207785,0.0217284
0.0147018,0.00970188,0.00467226,0.0264692,0.00631175,0.00701701
0.0182351,0.0126137,0.00552167,0.0248996,0.00630269,0.0108212
0.0110542,0.00774204,0.00375955,0.0175908,0.00451823,0.00494092
0.0335868,0.0224757,0.0173852,0.0695342,0.0146168,0.00948906
0.0112129,0.00780007,0.0025612,0.0209658,0.0060497,0.0131163
0.00809709,0.00552356,0.00472034,0.0173372,0.00383058,0.00285517
0.00659385,0.00438379,0.00289728,0.0157446,0.0047677,0.00333643
0.0121125,0.00843905,0.00416343,0.0266767,0.0046254,0.0098328
0.00969238,0.0064943,0.0034028,0.0176234,0.00432342,0.00614944
0.00673304,0.00466162,0.00308271,0.016914,0.00370167,0.00149661
0.0134685,0.0090622,0.00548112,0.0198155,0.00318052,0.0104928
0.0126667,0.00843911,0.00495003,0.0205273,0.00453946,0.00339932
0.0186099,0.0122,0.00628444,0.0352735,0.00886203,0.00506272
0.0136125,0.00933556,0.00532923,0.0237259,0.00598383,0.00896778
0.0155415,0.0105415,0.00319082,0.0292576,0.00995805,0.00702297
0.0135833,0.00965379,0.00656647,0.0241779,0.00616276,0.0120946
0.0299972,0.018988,0.00926389,0.0368961,0.01071,0.0123399
0.0163971,0.011086,0.0124224,0.060005,0.0158959,0.0375924
0.0156539,0.0100679,0.00600862,0.0261703,0.00424439,0.00823767
0.0286953,0.0113807,0.00888096,0.0411129,0.0116649,0.00459471
0.0285914,0.0114669,0.00870066,0.0408892,0.0113907,0.00445559
0.0142847,0.00899954,0.00580337,0.0212275,0.00669995,0.00904488
0.00804519,0.00554327,0.00424994,0.0156568,0.00492001,0.00168721
0.0281853,0.0178668,0.0224044,0.0939228,0.0260891,0.0237221
0.00763452,0.00543405,0.00241178,0.0212666,0.005808,0.00216253
0.00555709,0.00384167,0.00207078,-0.000241575,0.000737346,0.00383478
0.00906495,0.00641327,0.00612575,0.0190156,0.00364871,0.00276581
0.0153848,0.0106911,0.00531485,0.0147557,0.00421804,0.00309857
0.0366504,0.0233486,0.013186,0.0803008,0.0188971,0.0146827
0.013377,0.00951952,0.00523923,0.0273412,0.00613103,0.00346816
0.0107913,0.00722234,0.0032643,0.0210356,0.00678989,0.00970972
0.0142432,0.00978978,0.00328776,0.0291968,0.00721265,0.00393851
0.0158936,0.0111204,0.00503399,0.0178575,0.00542973,0.0168854
0.0184821,0.012326,0.00692773,0.0303336,0.00758279,0.00566853
0.0227616,0.0152881,0.0174112,0.0328119,0.00861675,0.020867
0.0139759,0.00974267,0.00458655,0.030835,0.00872327,0.00527499
0.00550601,0.00389724,0.00349779,0.0169223,0.00350312,0.00211884
0.00522063,0.00342425,0.00195524,0.0254197,0.00601647,0.0170319
0.0257609,0.0164698,0.00729852,0.043558,0.0111269,0.0232178
0.0109022,0.0070451,0.00389309,0.0285843,0.00697802,0.00506238
0.00980859,0.00664387,0.00430922,0.0260761,0.006149,0.00741386
0.0301497,0.0193407,0.0143895,0.0538056,0.0126115,0.015284
0.0194118,0.0128115,0.00461198,0.0468221,0.0118835,0.0090243
0.0153925,0.0103213,0.00655007,0.0196164,0.00647232,0.00596274
0.00904689,0.00663258,0.00417352,0.0165064,0.00443792,0.00798681
0.0114035,0.00773373,0.00466243,0.0218062,0.00634318,0.0056971
0.0339483,0.0221468,0.01503,0.0618782,0.0157498,0.0139563
0.0334386,0.0216409,0.0206487,0.0875339,0.0228167,0.0332358
0.00548982,0.00390402,0.00358017,0.0138362,0.00360236,0.00300567
0.0323025,0.0165396,0.0117417,0.0586241,0.0127543,0.0259155
0.00981168,0.00674787,0.00530909,0.0337116,0.00983243,0.00733566
0.032073,0.0206296,0.0154385,0.0561901,0.0127005,0.0132058
0.0258677,0.0157676,0.0309651,0.0770809,0.0173869,0.0139295
0.0340956,0.0216627,0.0180377,0.111675,0.0303804,0.0338789
0.0111401,0.00752762,0.00436236,0.0195623,0.00553799,0.00112716
0.0227731,0.015513,0.0110782,0.0540539,0.0118759,0.00631403
0.00836294,0.00564349,0.00362062,0.015289,0.00451379,0.00409217
0.0351745,0.0217709,0.0234324,0.0660802,0.0180364,0.026421
0.00836444,0.00544536,0.00368453,0.00321066,0.00118101,0.00586045
0.0249363,0.0169164,0.00864302,0.0319585,0.00803363,0.0173297
0.00553437,0.00373788,0.00272454,0.0183845,0.00450961,0.00394841
0.00641369,0.00432845,0.00376821,0.0107449,0.00311814,0.000813383
0.00809638,0.0058253,0.00381358,0.0205779,0.00439079,0.00161494
0.0226325,0.0150684,0.00745686,0.0281899,0.00831744,0.0125192
0.0300784,0.01963,0.0109993,0.0697949,0.0188531,0.0119125
0.0263854,0.0174432,0.0127148,0.0409737,0.0117624,0.007214
0.00884889,0.0060911,0.00349447,0.0180677,0.00564405,0.00555366
0.0400259,0.0260868,0.0130377,0.0331318,0.00806263,0.0129757
0.0571526,0.0328132,0.0223713,0.0987887,0.024964,0.0238522
0.0234901,0.0155953,0.0100503,0.0358575,0.0104684,0.0149964
0.00901641,0.00641088,0.00214864,0.0175463,0.00505834,0.00250733
0.00951079,0.00623109,0.00289644,0.024487,0.00675277,0.00726906
0.00890515,0.00626861,0.00161336,0.0243521,0.00505901,0.00286844
0.0102791,0.00716875,0.00430259,0.0298716,0.00813712,0.00654334
0.0180919,0.0116305,0.00598444,0.0293043,0.00801964,0.00989283
0.0117274,0.00770341,0.00403926,0.0220913,0.0064447,0.00321871
0.0113492,0.0074379,0.00377877,0.0044947,-0.00010531,0.00353848
0.00975002,0.00677496,0.00524078,0.0205203,0.00339176,0.00343313
0.00452436,0.00312992,0.00194976,0.0132845,0.00288111,0.00300807
0.011939,0.00788566,0.00364782,0.0190391,0.00477487,0.00921361
0.0160857,0.0104061,0.00446485,0.0305488,0.00676797,0.00500256
0.00767622,0.00568208,0.00640842,0.0189952,0.00485436,0.00664362
0.0598657,0.0359707,0.0210602,0.0860073,0.0220757,0.0398382
0.00827143,0.00601888,0.0034788,0.00815351,0.00420212,0.00715482
0.00980074,0.00639409,0.00196218,0.024104,0.00650424,0.00200308
0.0141609,0.00965101,0.00542467,0.0306416,0.00608269,0.00668133
0.0161059,0.0109953,0.00478816,0.0361987,0.00788287,0.00544859
0.0079282,0.00577931,0.00610912,0.0246698,0.00616799,0.00183462
0.018246,0.0124104,0.00955305,0.0369302,0.0088593,0.0282332
0.0113043,0.00765899,0.00306623,0.0183766,0.00411571,0.0107958
0.01059,0.00732698,0.00487638,0.0192824,0.00413301,0.00790563
0.0158222,0.010275,0.00613799,0.0294372,0.007705,0.00509177
0.0200371,0.0136855,0.00949031,0.0270698,0.00845504,0.0210592
0.0159677,0.0111046,0.0075638,0.0191582,0.00515261,0.00517795
0.0325439,0.0215958,0.011464,0.0570592,0.0161939,0.00706846
0.0151541,0.0100512,0.00926053,0.0292977,0.00771654,0.00323764
0.00660668,0.00458217,0.00151499,0.0136778,0.00308899,0.00167787
0.0193682,0.0131118,0.0053054,0.0400694,0.0106229,0.0202887
0.011489,0.00818512,0.00410088,0.0195858,0.00477246,0.0111039
0.0264409,0.0175401,0.00581661,0.0480893,0.0127745,0.0181554
0.0110232,0.00771751,0.00580222,0.0162421,0.00443263,0.0059828
0.0273884,0.0181233,0.0087554,0.0337359,0.0094278,0.0161112
0.0175867,0.0115972,0.00614312,0.0274851,0.00599896,0.0178034
0.0236394,0.0153867,0.0083101,0.0395091,0.00992911,0.00707749
0.0167909,0.0115726,0.00609681,0.0189263,0.00515297,0.00527234
0.00646285,0.00442413,0.0032996,0.0257383,0.00649202,0.00272592
0.0420316,0.0279525,0.00873849,0.0689569,0.0176411,0.0183946
0.0595307,0.0232474,0.0615394,0.126876,0.0341002,0.0716324
0.0337335,0.0211435,0.0102518,0.0409028,0.00972813,0.0074201
0.0184663,0.0126452,0.0060897,0.0308449,0.00751545,0.0196435
0.0123193,0.00856061,0.00437166,0.00120933,-0.000368253,0.00282714
0.0139409,0.00939867,0.00431338,0.0214541,0.00632685,0.0151078
0.0102346,0.00709438,0.00522752,0.0304315,0.005987,0.00905022
0.0303245,0.0201588,0.0194923,0.0920974,0.0263772,0.025801
0.0269747,0.0176154,0.00681297,0.0404878,0.0109633,0.0111477
0.043818,0.0283657,0.030078,0.109993,0.0299684,0.047223
0.0486014,0.0304851,0.0170041,0.0530614,0.0103032,0.0146426
0.0116597,0.00818636,0.00378956,0.0152704,0.0056429,0.00713656
0.0128872,0.00838235,0.00442235,0.036615,0.00751105,0.0178606
0.0154289,0.0101921,0.00572052,0.0258048,0.00446443,0.00502995
0.0156483,0.0106519,0.00403965,0.0404123,0.00929102,0.016777
0.00630119,0.00481871,0.00372135,0.0101606,0.0037408,0.00256597
0.0247914,0.0164036,0.0100165,0.0459177,0.0102528,0.0169899
0.0121626,0.0083757,0.00354377,0.0186121,0.00394902,0.00709386
0.00734869,0.00531632,0.00472881,0.0447571,0.010602,0.00993857
0.0213478,0.0141677,0.0206465,0.0970908,0.0238171,0.0314905
0.0240195,0.0164347,0.0135572,0.0492942,0.0127157,0.0249272
0.0195568,0.0132448,0.0176441,0.0436723,0.0118411,0.0068487
0.0254662,0.0169496,0.00851092,0.0369336,0.00993046,0.0071423
0.0409007,0.0255556,0.016301,0.0765949,0.0185072,0.0183758
0.0427887,0.0277903,0.0128936,0.0566487,0.013819,0.00928834
0.0181511,0.0122059,0.00549119,0.0210967,0.00635311,0.0247771
0.0288027,0.0196341,0.00828358,0.0486049,0.0119755,0.0373056
0.0244441,0.0159256,0.0142641,0.0554512,0.0171221,0.0101623
0.0363083,0.022947,0.0107601,0.0539476,0.0158402,0.0247606
0.00502892,0.00342449,0.00241252,0.0127779,0.00234631,0.0126559
0.0112338,0.00786655,0.00355994,0.0118529,0.00364121,0.00228855
0.011477,0.00810233,0.00539863,0.0175216,0.00366738,0.00416051
0.0113865,0.00798671,0.00463904,0.0233115,0.00641817,0.00388954
0.018992,0.0128025,0.00858233,0.0491665,0.0147528,0.00825963
0.0133259,0.00925132,0.00661812,0.0249038,0.00712771,0.00479704
0.00974505,0.00664631,0.00406769,0.0149425,0.00377213,0.00143516
0.0162018,0.0109796,0.00566885,0.0177497,0.00475935,0.00498388
0.0203265,0.0135861,0.00423527,0.020746,0.00574878,0.00839031
0.0324059,0.0208119,0.0292446,0.138102,0.0390511,0.0331131
0.0415657,0.0250988,0.0171455,0.0903014,0.0253614,0.0157059
0.0223043,0.00972987,0.00666095,0.0368381,0.00722647,0.00568017
0.0126393,0.00862691,0.00237019,0.0365763,0.00894078,0.00421834
0.0118575,0.00822628,0.00432741,0.0157428,0.00472837,0.00566776
0.0593249,0.0356455,0.0193588,0.0672924,0.0200272,0.026184
0.0132242,0.00889167,0.00426102,0.0169515,0.00417695,0.00368453
0.0295622,0.0183238,0.0125194,0.0520756,0.0166846,0.0193901
0.0121272,0.00859133,0.00726072,0.0313574,0.00890401,0.0064404
0.012558,0.00612559,0.00842632,0.0529137,0.0162964,0.0198265
0.0277101,0.0173987,0.0228482,0.0825053,0.02141,0.0322994
0.0292296,0.01975,0.0165437,0.0512282,0.01098,0.00825458
0.0643941,0.035511,0.0215107,0.099173,0.0257018,0.0218243
0.00662384,0.00433869,0.00203267,0.00954519,0.00392805,0.00353828
0.0150662,0.00965827,0.00706112,0.0308367,0.00795074,0.00781719
0.0096862,0.00689444,0.00426971,0.0190893,0.00431171,0.00389605
0.0094539,0.0066412,0.00528561,0.0295871,0.00760488,0.0045465
0.0216361,0.0141219,0.00864771,0.034811,0.00764684,0.00758521
0.0259396,0.0174642,0.00899182,0.0494669,0.0117422,0.0210682
0.00751167,0.00540885,0.00187527,0.01408,0.00452886,0.00532945
0.00775446,0.00513579,0.0029041,0.0156717,0.00466559,0.00428199
0.0208203,0.0143813,0.00744428,0.0340925,0.00885533,0.0138897
0.0713345,0.0322617,0.0462601,0.174338,0.0447214,0.0893642
0.0774692,0.0323573,0.0529689,0.19511,0.0502642,0.103252
0.0419212,0.0164943,0.0467199,0.148544,0.0375858,0.0614179
0.0176263,0.00720646,0.0152663,0.0506066,0.012101,0.0144892
0.0146867,0.0102287,0.00497127,0.0265422,0.00788113,0.0152449
0.0121535,0.00825512,0.00775136,0.0278857,0.00876331,0.00858072
0.0135742,0.00955962,0.00677526,0.0320113,0.00664942,0.00896124
0.0102127,0.00707684,0.00325523,0.0181542,0.00576552,0.0151822
0.00887845,0.00618865,0.00446036,0.01582,0.00254042,0.00248558
0.0236747,0.0163498,0.00722259,0.0236091,0.0057871,0.00646982
0.0150781,0.0102153,0.00532029,0.0304947,0.00873484,0.0061882
0.00678209,0.004176,0.00316363,0.0232459,0.0044039,0.00401166
0.0312342,0.0204005,0.00920324,0.0424146,0.0103852,0.00879247
0.0396981,0.0237151,0.0293418,0.10935,0.0286787,0.0450425
0.0246987,0.0165655,0.00685851,0.0557232,0.0144833,0.00794819
0.0290847,0.0187822,0.00959688,0.0427977,0.0111211,0.0225927
0.0247324,0.0163507,0.00686321,0.0465002,0.0118961,0.0158922
0.0257773,0.0168406,0.011743,0.0701764,0.0196503,0.023936
0.0127508,0.00832386,0.00551611,0.0220199,0.00586244,0.00325803
0.0124868,0.00879934,0.002379,0.0205149,0.00557755,0.00426173
0.032836,0.0154239,0.0149385,0.0731578,0.0207339,0.0232269
0.0568222,0.0292469,0.0213074,0.0925107,0.0211131,0.0262055
0.00614923,0.00453982,0.00307329,0.0157355,0.00400383,0.0023874
0.00765679,0.00509865,0.00375567,0.0134798,0.00308836,0.00391812
0.0234711,0.0157708,0.0220234,0.107091,0.0276913,0.035692
0.0109534,0.00739168,0.00384993,0.0179982,0.00557581,0.00506692
0.0122082,0.00781297,0.00738819,0.0445242,0.0139614,0.00944106
0.0102573,0.0067705,0.00388369,0.0150928,0.00487445,0.00287439
0.0128057,0.00849877,0.00461293,0.0230207,0.00588038,0.00737055
0.00769614,0.00544642,0.00338047,0.017432,0.00613595,0.00395207
0.0134212,0.00871789,0.00480731,0.0228459,0.00602371,0.00746933
0.0204626,0.0139192,0.00777891,0.0209332,0.00682228,0.0117904
0.0608117,0.0331762,0.0462778,0.220134,0.0562251,0.104783
0.0212869,0.0111491,0.00868567,0.0422894,0.00929294,0.0170748
0.0265815,0.0178009,0.00852763,0.0496221,0.0112007,0.0247519
0.0175786,0.0111771,0.0215199,0.117218,0.0307392,0.0276029
0.0296807,0.0194236,0.00999023,0.0480871,0.0115504,0.00696035
0.0400203,0.0241737,0.0295182,0.129527,0.0346509,0.0898748
0.0103487,0.0071592,0.0241998,0.0905605,0.0237036,0.0651495
0.0299034,0.0196818,0.0113548,0.0415054,0.0109764,0.0160077
0.02177,0.0141238,0.0068924,0.0493196,0.0134657,0.0102573
0.0174301,0.0120339,0.00621788,0.0268396,0.00698396,0.0101406
0.0161249,0.0105204,0.00609958,0.0289767,0.00751377,0.0118057
0.0271443,0.0117217,0.0263706,0.101426,0.0290933,0.0459237
0.0296875,0.0169197,0.0110127,0.0502446,0.0146923,0.0223684
0.0190362,0.00840504,0.00563262,0.0351776,0.00679033,0.0067849
0.0309613,0.0192784,0.0167844,0.0558956,0.0159978,0.0293482
0.0293286,0.0181819,0.0110915,0.0727223,0.0175869,0.0186673
0.024214,0.0159423,0.00805795,0.0255691,0.00671136,0.00938711
0.00871858,0.00596055,0.00264867,0.0189594,0.00407068,0.00413757
0.0125158,0.00854752,0.0059488,0.0213969,0.00469636,0.0104343
0.00505028,0.00330749,0.00131535,0.0108042,0.00377528,0.004618
0.0536566,0.032829,0.0181902,0.0619956,0.0105918,0.0132058
0.0381871,0.0231364,0.0144852,0.0936436,0.0239068,0.0264547
0.0119781,0.00817931,0.00355442,0.020169,0.00515644,0.00631696
0.0110025,0.00797536,0.0224995,0.0339392,0.010009,0.0134497
0.0260997,0.0170367,0.00822107,0.0538631,0.0159483,0.0191421
0.0134665,0.00917859,0.00525291,0.0225078,0.00518717,0.00859368
0.0295889,0.0140186,0.00923531,0.0509945,0.0151483,0.0147686
0.0368989,0.0236228,0.0148133,0.0671952,0.0187373,0.0337898
0.00916279,0.00642444,0.00293987,0.0171579,0.00365032,0.00453594
0.00510912,0.00365472,0.00234148,0.0325569,0.00809483,0.00518097
0.018474,0.0129112,0.00621098,0.0297472,0.00798936,0.00530163
0.00463285,0.00294207,0.00174072,0.01559,0.00458186,0.00207528
0.0186679,0.012068,0.00514139,0.0398195,0.00866368,0.00504895
0.0145561,0.0102349,0.0060648,0.022166,0.00713073,0.00918125
0.0102441,0.00379084,0.00587333,0.0407925,0.0122986,0.00558992
0.0120734,0.0066744,0.00454867,0.0447177,0.0105731,0.00545131
0.0947623,0.0483968,0.0669303,0.212442,0.0555076,0.0783496
0.00477847,0.00337111,0.00279668,0.0106282,0.00344678,0.00077049
0.0142247,0.00981034,0.00639502,0.0289547,0.00824214,0.00910703
0.0107727,0.00744219,0.00484738,0.0217355,0.00526271,0.00339823
0.00674922,0.0044648,0.00259383,-0.000600131,0.000449456,0.00249511
0.0428742,0.0187652,0.015576,0.0685054,0.0181722,0.0194713
0.0431236,0.0187823,0.0141993,0.058787,0.0139672,0.0183224
0.0239168,0.0167885,0.0084587,0.0276058,0.00704153,0.00718059
0.0594202,0.0243486,0.0321876,0.136682,0.0370246,0.0780801
0.0844595,0.0472819,0.0338109,0.148228,0.0362925,0.0456998
0.00594271,0.00417871,0.00152643,0.0296905,0.00923032,0.012623
0.0158179,0.0107187,0.00705487,0.03281,0.00887512,0.00517719
0.0427652,0.0274789,0.0112989,0.0550687,0.0153608,0.010614
0.0480516,0.0238055,0.0204827,0.0763486,0.0208697,0.0317984
0.0517163,0.0237428,0.0206698,0.0777765,0.0207479,0.0314286
0.0305964,0.0196471,0.0292545,0.164228,0.0454773,0.0696834
0.00810651,0.00467439,0.00510681,0.0191817,0.0060822,0.00802729
0.0162028,0.0103248,0.00493861,0.0287955,0.00720033,0.00685374
0.0289828,0.0189029,0.023109,0.112669,0.0286626,0.0638016
0.00742086,0.00521745,0.00453927,0.0352003,0.00831018,0.00786063
0.0152906,0.0106202,0.00671554,0.0228877,0.00522232,0.0209011
0.0104921,0.00719786,0.00360722,0.0245482,0.00654822,0.0040432
0.0294774,0.0143527,0.0256442,0.104868,0.0307111,0.0362611
0.0350735,0.0209374,0.0468824,0.214523,0.0587479,0.0861288
0.0369925,0.0231591,0.0297812,0.103881,0.0300489,0.0421804
0.0124312,0.00840278,0.00462297,0.0167599,0.00484691,0.010723
0.0317601,0.0204303,0.0157276,0.0694525,0.0195107,0.0201426
0.0244412,0.0158713,0.00586904,0.0540094,0.0141674,0.0164463
0.00986459,0.00652037,0.00357453,0.0198044,0.00467774,0.00420306
0.0246814,0.016832,0.010658,0.0536292,0.0147557,0.00871906
0.0101532,0.00709794,0.00385189,0.0182542,0.00463781,0.00161308
0.0170954,0.0108709,0.00863931,0.0610532,0.0125974,0.00934985
0.0288001,0.0190776,0.00701388,0.0417939,0.011244,0.0141935
0.0475605,0.0285076,0.0475932,0.17529,0.0444264,0.0414311
0.00617819,0.00437735,0.00235266,0.00615101,0.00252095,0.00795836
0.0177582,0.0119103,0.00523792,0.0403298,0.0113033,0.00675974
0.0151787,0.0102352,0.00869863,0.0439104,0.008349,0.00630716
0.0147659,0.0101951,0.00813688,0.0238233,0.00673596,0.0158052
0.00748885,0.00522804,0.00254213,0.0153971,0.00433982,0.000441253
0.0243488,0.0166755,0.0105036,0.0399245,0.0122617,0.0152158
0.00817118,0.00571124,0.0026595,0.0198964,0.00755725,0.00568517
0.0380277,0.0241034,0.0138181,0.0634549,0.0157557,0.0132876
0.0178162,0.0121188,0.00522499,0.0225554,0.00643394,0.00678895
0.00523461,0.00373656,0.00782262,0.0330243,0.00679143,0.0152791
0.0113007,0.00767387,0.00317918,0.0159412,0.00573963,0.00212724
0.0183586,0.0126677,0.00764153,0.02155,0.00483419,0.0064323
0.0136713,0.00896926,0.00626716,0.0309608,0.00913879,0.00339683
0.00504931,0.0036145,0.00183145,0.0163146,0.00320028,0.00635743
0.00541642,0.00386144,0.00265459,0.017642,0.00421909,0.00466609
0.0156155,0.0105486,0.00564842,0.0357686,0.00788411,0.00916774
0.00648698,0.0033861,0.00256098,0.0163118,0.00362594,0.00488399
0.0218422,0.014159,0.00696976,0.036407,0.0100077,0.0207972
0.0245654,0.0163309,0.00993733,0.0353029,0.00931464,0.0293785
0.0205691,0.0138252,0.00466247,0.0365917,0.0087195,0.00791595
0.019851,0.0134088,0.00723467,0.0195928,0.00558002,0.0110411
0.0219333,0.0147203,0.00689936,0.041603,0.0100291,0.0113758
0.0277864,0.0182267,0.00953227,0.054216,0.0152701,0.00974489
0.0167664,0.0115684,0.0106929,0.0402961,0.00997767,0.00453305
0.00530702,0.00385424,0.00183928,0.0128458,0.00315008,0.0056586
0.0169083,0.0111193,0.00641775,0.0249939,0.00548943,0.0144933
0.00653397,0.00450948,0.00270946,0.0179145,0.00262787,0.00536207
0.0148846,0.0096744,0.0134172,0.0827102,0.0206067,0.0341973
0.01475,0.00967503,0.00537151,0.0203838,0.00508771,0.00563513
0.0204397,0.0144102,0.00731546,0.0285405,0.00690399,0.00217144
0.0424685,0.027605,0.0164291,0.0630094,0.0153593,0.0346363
0.0476863,0.02957,0.0152503,0.0494901,0.0140654,0.00872978
0.0242144,0.0156524,0.00795048,0.0310844,0.00830624,0.00734197
0.0356432,0.0229522,0.011638,0.0480513,0.012818,0.0159802
0.0228978,0.014965,0.00407493,0.0325519,0.00787887,0.0060562
0.0548524,0.0352993,0.0204011,0.0774338,0.0214143,0.0115309
0.0177266,0.0117258,0.00749767,0.0335248,0.0089713,0.0171325
0.0053836,0.00401363,0.00233918,0.000215126,0.000582305,0.00307619
0.0161271,0.0105614,0.00479527,0.0267394,0.00731084,0.0135472
0.0133068,0.00935072,0.00444882,0.022876,0.00564233,0.0200921
0.0470437,0.0276789,0.0187931,0.0817884,0.0216362,0.0185263
0.0124562,0.00842539,0.00610081,0.0198883,0.00428672,0.00566598
0.00866276,0.00611231,0.00281028,0.0090527,0.00299822,0.00959703
0.02567,0.0170057,0.00803199,0.0477463,0.0099753,0.00790136
0.0482123,0.0268252,0.101378,0.399554,0.102293,0.225151
0.0196585,0.0136049,0.00682603,0.0418364,0.00977616,0.0302828
0.011088,0.00767676,0.00972054,0.0234123,0.00501268,0.0065666
0.0283635,0.0190662,0.0101347,0.0372418,0.00912327,0.0105207
0.0131584,0.0089975,0.00499762,0.0255494,0.00652544,0.00693884
0.0101559,0.00738069,0.00561504,0.0105169,0.00421739,0.00461025
0.0176702,0.0118364,0.00596787,0.0223494,0.00539227,0.0112427
0.0191235,0.0106524,0.00654104,0.0296125,0.0103474,0.00459929
0.0299408,0.0176962,0.0120037,0.0604094,0.0156202,0.0135907
0.0152221,0.0091666,0.00426925,0.0360109,0.00879817,0.00729713
0.00606068,0.00429757,0.00305736,0.0112976,0.00254585,0.00192852
0.0350678,0.0223589,0.0101302,0.0388697,0.00914482,0.00755683
0.00509137,0.00344732,0.00290396,0.0182022,0.00461415,0.00322764
0.0320969,0.0216701,0.0108212,0.054906,0.0154475,0.0129993
0.015721,0.0111967,0.00468937,0.0238876,0.00910083,0.0122891
0.0223658,0.0142733,0.00761458,0.038289,0.00994565,0.00510037
0.0123649,0.00840623,0.00401937,0.0215082,0.00561047,0.00323213
0.0122647,0.00820892,0.00455949,0.0306176,0.00667599,0.00993766
0.00809498,0.00571679,0.00292235,0.0158643,0.00256833,0.00116005
0.0143695,0.00949985,0.00467285,0.0260572,0.00657592,0.00265165
0.00893227,0.00618817,0.00248522,0.0156719,0.00521037,0.0106236
0.0070064,0.00510778,0.00133506,0.0194763,0.00302005,0.002237
0.012695,0.00848449,0.0115873,0.0790665,0.0203574,0.0374666
0.00808242,0.00562555,0.00256436,0.0291772,0.0076706,0.00339809
0.0103448,0.00696475,0.00521152,0.0223111,0.00558276,0.0113022
0.0242079,0.0161225,0.0265932,0.0436626,0.0124889,0.0119439
0.0151755,0.0101319,0.00503711,0.0140128,0.00520408,0.0062428
0.0324335,0.0208892,0.0141665,0.0755865,0.0189197,0.0118361
0.0132767,0.00900478,0.00422833,0.0191842,0.00497679,0.00339994
0.012246,0.00857293,0.00611425,0.050416,0.0112613,0.0132256
0.0516013,0.028469,0.0194062,0.0836278,0.0220709,0.0246552
0.00938065,0.00663635,0.00349604,0.0136175,0.00452142,0.00363077
0.0296372,0.0196023,0.0215106,0.118711,0.0333711,0.0658811
0.00443605,0.00329576,0.00260243,0.0131907,0.00254478,0.0034043
0.0235205,0.0156328,0.00694358,0.0294157,0.00951818,0.00593942
0.0103498,0.00697694,0.00472378,0.0122089,0.00494735,0.00579289
0.0209126,0.013711,0.0211561,0.0756191,0.0189297,0.0386802
0.0190858,0.0130775,0.0065006,0.0301102,0.00823554,0.00196209
0.0288856,0.0187187,0.00941177,0.0315199,0.00837888,0.0149943
0.00832925,0.00535416,0.00456334,0.0185922,0.00489724,0.00409775
0.00610224,0.00448546,0.00275099,0.00355083,0.000657533,0.00302442
0.0087491,0.00595506,0.0027584,0.0174195,0.00391973,0.00784996
0.0241786,0.0153178,0.0146915,0.0720319,0.0175886,0.0457998
0.0383265,0.0225081,0.050567,0.184733,0.050496,0.0413848
0.0141275,0.00942306,0.00504523,0.0251861,0.00579734,0.0207959
0.00442325,0.00314071,0.00278155,0.00573311,0.00377177,0.00615675
0.00996558,0.00680003,0.00402461,0.0166902,0.00534291,0.00236209
0.0448555,0.0226223,0.0225124,0.124708,0.0336302,0.0428602
0.0495723,0.0232314,0.0240226,0.111348,0.0287155,0.0493859
0.0221073,0.0148765,0.00718264,0.0400524,0.0103471,0.0199047
0.0139449,0.00944663,0.00526217,0.0231094,0.00791454,0.00688368
0.00975662,0.00661855,0.00366462,0.00419592,0.000659414,0.00330281
0.0258042,0.0170008,0.0099089,0.02948,0.0073126,0.0131392
0.0117918,0.00790804,0.00518627,0.0214529,0.00555907,0.00413934
0.0441046,0.0231426,0.0727722,0.208204,0.0606558,0.0968105
0.0150165,0.00993414,0.00483303,0.0303247,0.00650249,0.0138899
0.0145795,0.0100291,0.0052544,0.018066,0.00464534,0.00752101
0.00888527,0.00569493,0.00333538,0.0335492,0.00812959,0.0337979
0.00862722,0.00601299,0.00280165,0.0169401,0.00391343,0.00245007
0.0080295,0.00561329,0.00284625,0.0145055,0.0056204,0.00932319
0.025384,0.0166711,0.00866573,0.0398426,0.00903029,0.0129993
0.029442,0.0193409,0.0160141,0.0585085,0.0156431,0.0124617
0.00813361,0.00518568,0.00444583,0.0210318,0.00616156,0.00325653
0.0183226,0.0122604,0.00562914,0.0333697,0.00999991,0.0165259
0.0116615,0.00804013,0.00387351,0.0223163,0.00530524,0.00792672
0.0195607,0.0131864,0.00433203,0.030946,0.00856465,0.00651433
0.00502851,0.00349579,0.00183897,0.0131813,0.00370385,0.00352059
0.044488,0.0257251,0.0148641,0.053526,0.014602,0.0182579
0.0269585,0.011476,0.00961231,0.035782,0.00925895,0.0101353
0.0151934,0.0101104,0.00461929,0.0310534,0.00841229,0.0118793
0.0449902,0.0278355,0.0224523,0.0897312,0.0227781,0.016267
0.0114788,0.00787205,0.00348334,0.0151422,0.00464205,0.00648403
0.024756,0.0160726,0.00606868,0.0346808,0.00969644,0.0120443
0.0145596,0.0100458,0.00542558,0.00420457,0.00226559,0.008166
0.0243758,0.0161243,0.00986283,0.028231,0.00765489,0.00985426
0.0132933,0.00868425,0.00538877,0.0333313,0.00942554,0.0113694
0.0163324,0.0107782,0.00458049,0.0312393,0.00768712,0.017295
0.00916125,0.00648128,0.00742379,0.0397466,0.0103473,0.0174721
0.00658738,0.00458717,0.00427523,0.0263066,0.0063736,0.0039192
0.0184565,0.0122298,0.00528103,0.028028,0.00781284,0.00338388
0.0349977,0.0228345,0.00886756,0.0398969,0.0103517,0.0200027
0.00546817,0.00365943,0.00353022,0.0172081,0.00374906,0.00637629
0.00836018,0.00537252,0.00353,0.0226768,0.00363722,0.00112737
0.0115914,0.00836427,0.0128543,0.0237725,0.00693442,0.00982652
0.0390103,0.0238132,0.0161142,0.0600537,0.0176482,0.0221788
0.0378246,0.0250138,0.0152102,0.0977675,0.0248682,0.0415285
0.0150985,0.0101998,0.00510447,0.0227282,0.00498332,0.00475362
0.0151594,0.0100186,0.00565029,0.0290936,0.00822371,0.00242266
0.012436,0.00896389,0.00715515,0.0272265,0.00791386,0.00632089
0.031772,0.0208195,0.0135854,0.0494178,0.0132922,0.0295953
0.0237741,0.0149032,0.0166084,0.0732348,0.0174652,0.0101154
0.038595,0.025032,0.0181174,0.0832049,0.0194245,0.026307
0.0327948,0.0217658,0.0115086,0.0427091,0.00968901,0.0158188
0.0121968,0.00805567,0.0105819,0.0608022,0.0149775,0.0358287
0.0223721,0.0146606,0.00721655,0.0287772,0.00626002,0.00373245
0.00452704,0.00319949,0.00317294,0.00974351,0.00216408,0.00503067
0.0116547,0.00794093,0.00429835,0.0151669,0.00426513,0.0049112
0.015022,0.0103274,0.00425893,0.0167555,0.00533202,0.00244314
0.0212331,0.0142624,0.0112459,0.0501698,0.0113881,0.005624
0.0348971,0.015921,0.00931643,0.0556611,0.0152728,0.0162277
0.0351047,0.0159509,0.0095139,0.0545852,0.0147198,0.0150272
0.00763313,0.00497518,0.00311606,0.0223811,0.0040702,0.0025626
0.0231222,0.015521,0.0187099,0.0562299,0.0121868,0.0384021
0.0219312,0.0135595,0.00769528,0.0365963,0.00770473,0.00820392
0.00809471,0.00569975,0.00260887,0.0268307,0.0071765,0.00745681
0.0364703,0.0224901,0.0091954,0.0744793,0.0167463,0.00753163
0.00782611,0.00485532,0.00266091,0.0228216,0.00374883,0.00743598
0.0126751,0.00835979,0.00400011,0.0318196,0.00677628,0.00254436
0.00490784,0.00337455,0.0028398,0.00989072,0.0036924,0.0012394
0.0128965,0.00894842,0.00861727,0.0274054,0.00825092,0.0102181
0.0174066,0.0117737,0.00572401,0.0176386,0.0066579,0.0052684
0.00469974,0.0033258,0.00218511,0.00817739,0.00282778,0.00567021
0.0159563,0.0105752,0.0057171,0.0293113,0.00727031,0.00396514
0.00545244,0.00400724,0.00249515,0.0122834,0.00373219,0.00344666
0.0134844,0.00962503,0.00679101,0.0314162,0.00747098,0.00758716
0.00787118,0.00494686,0.00276934,0.0143044,0.00350893,0.00486301
0.0148747,0.00990515,0.00394557,0.037037,0.00860747,0.00465816
0.0147911,0.0102218,0.00444468,0.0225398,0.00636318,0.00814999
0.0490982,0.0223802,0.0462547,0.13498,0.0344456,0.0734068
0.0176867,0.0119745,0.00498866,0.0286783,0.0086122,0.00813368
0.0108833,0.00563258,0.00563284,0.0272584,0.00712167,0.00601486
0.0170215,0.0105131,0.0055287,0.029344,0.00787395,0.00535306
0.0302148,0.0200885,0.0062874,0.0231092,0.00625065,0.00472549
0.0300541,0.0198234,0.0130087,0.0605955,0.0165099,0.0214306
0.0112573,0.0075801,0.00305654,0.0235674,0.00492128,0.00294914
0.0245296,0.0160407,0.00514962,0.0358116,0.00831954,0.00682435
0.0137361,0.00950181,0.00427982,0.0295989,0.00760921,0.00850615
0.0257423,0.016766,0.0142485,0.0826029,0.0220543,0.0292448
0.00977989,0.00667397,0.00314583,0.0183078,0.00425062,0.00719858
0.00520451,0.00330336,0.0076671,0.0224701,0.00547331,0.0110656
0.0194529,0.0129406,0.00617808,0.0254755,0.00658103,0.00683203
0.0123274,0.0079776,0.00373666,0.0283174,0.00730971,0.0104508
0.04794,0.0274259,0.0358799,0.150808,0.0405517,0.0499488
0.010386,0.00701573,0.00393147,0.0127546,0.0038707,0.00328761
0.00925844,0.00624268,0.00367486,0.0143216,0.00418709,0.00286707
0.0152173,0.01085,0.00646654,0.00346559,0.000915401,0.0107587
0.0214105,0.0140972,0.0071196,0.0239583,0.00613471,0.0194831
0.00408092,0.00306443,0.00333208,0.00152026,0.000394623,0.0021595
0.0234167,0.0157044,0.00879623,0.0093069,0.00227119,0.00693172
0.0105444,0.0071437,0.00474944,0.00408284,0.000396631,0.00423109
0.00913479,0.00618465,0.00318026,0.0112576,0.00473189,0.00518668
0.006928,0.0050888,0.00325347,0.0125758,0.00210312,0.00221225
0.00816232,0.0055655,0.00336176,0.00882091,0.00392635,0.00106255
0.0147336,0.0101716,0.00556973,0.0204392,0.00546544,0.0115938
0.00644548,0.00432489,0.00354588,0.0294115,0.00655201,0.010825
0.0469188,0.0296495,0.0106723,0.047898,0.0128219,0.0170773
0.0279872,0.01854,0.00927176,0.046028,0.0127378,0.0151363
0.0131952,0.0094214,0.00355181,0.0238657,0.00698089,0.00209493
0.0162707,0.0104448,0.0227777,0.0680816,0.0189694,0.0198304
0.0243163,0.0161,0.0182331,0.0901026,0.0220093,0.012728
0.00887136,0.00589373,0.00524468,0.0309184,0.00800611,0.00501691
0.0158839,0.0107656,0.00536167,0.0289568,0.00755063,0.00580018
0.0233059,0.0158531,0.0138051,0.0500305,0.012494,0.0102776
0.0142267,0.00969772,0.00570131,0.0218283,0.00424807,0.0044729
0.00536084,0.0040768,0.00493916,0.0248427,0.00549506,0.0156712
0.0147831,0.00799022,0.0268554,0.128477,0.033908,0.0441385
0.0328999,0.0213536,0.0176618,0.062419,0.0159386,0.0186653
0.0250237,0.0117119,0.0104096,0.0463107,0.0138859,0.0126136
0.0271633,0.0117661,0.010668,0.0440273,0.0127831,0.0116004
0.00744379,0.00477314,0.00271034,0.015486,0.00374112,0.00494856
0.00804543,0.00539528,0.00289775,0.0176537,0.00355853,0.00103172
0.00764082,0.00516149,0.00280284,0.0115758,0.00366515,0.00452685
0.00862625,0.00621397,0.00337563,0.00508709,0.000235441,0.0047433
0.0121187,0.00820669,0.0057854,0.0165338,0.00596221,0.00583474
0.0307276,0.0203045,0.0104596,0.0213321,0.00593808,0.0127108
0.0103183,0.00667668,0.00315853,0.0247005,0.00586436,0.00187954
0.0139511,0.00951891,0.00472802,0.0238193,0.00444422,0.00379307
0.0112636,0.00746728,0.00527371,0.0155755,0.00463778,0.0177999
0.00942026,0.00611847,0.00275922,0.0211909,0.00422948,0.00492858
0.0140064,0.0100654,0.00476354,0.0283496,0.00729033,0.00584011
0.0136793,0.00954091,0.00804275,0.0324438,0.00891361,0.00938965
0.00997177,0.0066627,0.0181633,0.0490237,0.0112728,0.00807211
0.00448052,0.00305166,0.00196283,0.00842488,0.00300631,0.00193258
0.0217496,0.0128994,0.00952716,0.0377506,0.00912506,0.0150341
0.0181087,0.0124159,0.00590366,0.0279545,0.00720938,0.00406593
0.0329782,0.0176612,0.0290233,0.0849685,0.0237369,0.0151614
0.0153799,0.00774955,0.00650615,0.0286988,0.00768252,0.00505238
0.00593338,0.0042627,0.00218629,0.0140288,0.00396792,0.00308773
0.0167265,0.0118851,0.00646688,0.0352266,0.00973272,0.00705349
0.00954027,0.00552729,0.00338691,0.0196423,0.00605965,0.00470881
0.0169006,0.0105225,0.00540499,0.0268567,0.00673289,0.00648243
0.0435903,0.0276417,0.0328549,0.135158,0.0333668,0.0609951
0.00706244,0.0049197,0.00365575,0.0168866,0.00391173,0.00484775
0.0100675,0.00697685,0.00363481,0.0163926,0.00428001,0.00109379
0.0079935,0.00539913,0.00340808,0.00961653,0.00206761,0.00156315
0.00703508,0.00500855,0.00225031,0.0128766,0.0040708,0.00428652
0.00518416,0.00340176,0.00254971,0.0119454,0.00247717,0.00616953
0.00585284,0.00395585,0.00187612,0.0172412,0.00472791,0.00209063
0.0182262,0.0118085,0.0155835,0.0797522,0.0231758,0.0403772
0.007707,0.00531196,0.00485172,0.0142194,0.0034479,0.00479318
0.0618025,0.0335907,0.036338,0.167718,0.0437728,0.0627872
0.00727841,0.00516931,0.00277756,0.0140784,0.00270145,0.00321965
0.00975146,0.00637044,0.00206793,0.0186822,0.00692678,0.00681678
0.00507582,0.00374764,0.00236043,0.00992626,0.00319659,0.00103098
0.00582036,0.00440938,0.00301521,0.0133619,0.00305366,0.00492512
0.00490053,0.00337914,0.0028296,0.016005,0.00304585,0.00198659
0.0237264,0.0156286,0.0102372,0.0373263,0.00804889,0.011613
0.0233894,0.0149322,0.00728248,0.0352029,0.00846978,0.0153951
0.0320412,0.0196402,0.0347198,0.118034,0.0271466,0.0624434
0.0169645,0.0117013,0.0102407,0.0187053,0.00543525,0.00950067
0.0128518,0.0080057,0.00431101,0.0203222,0.00661175,0.0105479
0.0332298,0.0205768,0.0197713,0.108974,0.0255293,0.0203452
0.0401065,0.0254689,0.0303675,0.0895557,0.023615,0.0422161
0.0053812,0.00374862,0.00286268,0.00984858,0.00322571,0.00341529
0.00475255,0.00343418,0.00282472,0.0113877,0.00389702,0.0123456
0.00928978,0.00611513,0.00375282,0.0117225,0.00424839,0.00251852
0.0590685,0.0339832,0.0173134,0.0680515,0.0198458,0.0419674
0.00956307,0.00626055,0.00401158,0.021143,0.00650063,0.00269191
0.0055945,0.00375048,0.00328986,0.00542506,0.000822374,0.00184299
0.00834726,0.0056487,0.00295984,0.0177937,0.00328296,0.00377876
0.022354,0.0144465,0.0087738,0.0478765,0.0130792,0.0161533
0.0411369,0.0251128,0.0244812,0.127498,0.0345899,0.045416
0.0102331,0.00706325,0.00314171,0.00263141,0.000372681,0.00433615
0.0364285,0.021603,0.0255274,0.0860558,0.0220138,0.0467606
0.00536158,0.00372648,0.0027817,0.0176815,0.00513033,0.00188981
0.0207298,0.0132624,0.00729861,0.025979,0.00765735,0.0104875
0.0439475,0.0270957,0.038041,0.164761,0.04625,0.0654107
0.0217496,0.0146411,0.00543511,0.0250704,0.00756059,0.0280227
0.0702999,0.0369245,0.0291108,0.117086,0.0307437,0.0712275
0.0199699,0.0132151,0.00739147,0.0383567,0.00928099,0.00515638
0.0165548,0.0109968,0.00493904,0.037066,0.00990511,0.00689752
0.00697038,0.00500825,0.00164446,0.0248154,0.00584419,0.00376436
0.00512666,0.00367949,0.00134669,0.0139184,0.00402025,0.00262025
0.0141699,0.00995451,0.00874033,0.0333171,0.00918057,0.0081476
0.0158953,0.0110744,0.005642,0.0220118,0.00592044,0.00386829
0.017131,0.0114326,0.00913694,0.0305731,0.00884636,0.00350744
0.0125172,0.00832823,0.00902275,0.041567,0.0107206,0.0138813
0.0247244,0.0163369,0.0148707,0.0585443,0.015116,0.0126718
0.00764631,0.005254,0.00290783,0.0134585,0.00355386,0.00152131
0.0100276,0.0066977,0.0103281,0.0605108,0.016718,0.0139429
0.0135284,0.00908508,0.00418922,0.0208103,0.00319999,0.00623853
0.0111137,0.00784803,0.00675692,0.024067,0.00508883,0.00624516
0.0372051,0.0227972,0.0143478,0.0691878,0.0189736,0.0207478
0.00858821,0.00297827,0.00343523,0.00822433,0.00182256,0.0030719
0.0170793,0.0107428,0.00680592,0.0310556,0.00683793,0.00613312
0.0094918,0.00652733,0.00430567,0.0283224,0.00500717,0.0109523
0.039168,0.0241359,0.0180718,0.0542952,0.0138702,0.0194688
0.0211572,0.0136781,0.019989,0.0781849,0.0164604,0.00823511
0.0159317,0.0110411,0.00658633,0.0269795,0.00603405,0.00365512
0.0145443,0.00747712,0.00485913,0.0201338,0.0061261,0.00964585
0.0131785,0.00590636,0.00389524,0.013661,0.00288709,0.00832958
0.0258669,0.0169298,0.0205329,0.120291,0.0303723,0.0334195
0.00561949,0.00409416,0.00686903,0.037158,0.00870956,0.0230273
0.0114419,0.0079242,0.00499482,0.021556,0.00601433,0.00583469
0.0148997,0.0106678,0.00545573,0.0242625,0.00570925,0.00456463
0.0117965,0.0080967,0.00385609,0.0150842,0.00434054,0.00309476
0.0303505,0.0199615,0.0177194,0.0755194,0.018593,0.024292
0.00605141,0.00418772,0.00180078,0.0190576,0.00482379,0.0125662
0.00513916,0.00388105,0.00171812,0.0155415,0.00297291,0.00246105
0.00823996,0.00519714,0.00360189,0.0100848,0.00338206,0.00722586
0.0148711,0.00929632,0.00744377,0.0405416,0.0102051,0.00948949
0.0242022,0.0156195,0.0058873,0.0425628,0.0109339,0.00486622
0.00755705,0.00550247,0.00238071,0.0163537,0.00507773,0.00545834
0.00501488,0.00346932,0.00296496,0.0115733,0.00197968,0.00474885
0.00992351,0.00706848,0.002994,0.0185842,0.00396727,0.00778868
0.0438844,0.0264961,0.0141688,0.0781694,0.0200508,0.0113342
0.0141967,0.00957075,0.0048863,0.0206118,0.00400808,0.00335712
0.0289636,0.0193275,0.014445,0.0589823,0.0151052,0.00814888
0.0114221,0.00770583,0.00409526,0.0221922,0.00531007,0.00404638
0.0183794,0.0120866,0.00576952,0.0461419,0.0136323,0.0162599
0.00877686,0.0061358,0.00492578,0.0258934,0.00596448,0.00310505
0.0229679,0.0152625,0.00676722,0.0247785,0.0060675,0.0116201
0.0264239,0.0180456,0.0131398,0.0486032,0.0118531,0.0167902
0.0270266,0.0182964,0.0093438,0.0447058,0.012438,0.0111324
0.013723,0.00884763,0.00336209,0.0216374,0.00639508,0.0151599
0.0319337,0.0206296,0.0114827,0.0740931,0.0212771,0.023383
0.00750764,0.00516463,0.00279478,0.0249256,0.00502797,0.00225859
0.00753269,0.00510282,0.00315768,0.0134881,0.00424395,0.00191095
0.051119,0.0311417,0.0394277,0.108536,0.0281854,0.0300589
0.0195542,0.010616,0.00690651,0.0340218,0.0101511,0.0145787
0.0115799,0.00416756,0.00430459,0.0215827,0.00630133,0.0108246
0.0285479,0.00903228,0.0157476,0.0559249,0.0175303,0.0164436
0.0392496,0.0226692,0.0206089,0.0713461,0.0195655,0.0126271
0.0136025,0.00915881,0.00566369,0.0324579,0.00891431,0.0145266
0.0276421,0.0176517,0.00993702,0.0370414,0.00859325,0.0117412
0.0213588,0.0142493,0.00680111,0.0381317,0.0100622,0.0190541
0.0198641,0.013913,0.00636141,0.0275959,0.00631752,0.016529
0.00685046,0.0049446,0.00257848,0.0124351,0.00307428,0.00416293
0.0103082,0.00723409,0.00424734,0.0221876,0.00307061,0.00270328
0.0107959,0.00747735,0.00277155,0.0218703,0.00684638,0.00502309
0.0045958,0.0030784,0.00201154,0.0102614,0.00317935,0.00277179
0.0226593,0.0151722,0.00776387,0.00771766,0.00117997,0.0102864
0.0181023,0.0119551,0.00605032,0.0230588,0.00631614,0.00701551
0.00475525,0.00347238,0.00497423,0.00779582,0.00239531,0.00199949
0.0191808,0.0129752,0.00711064,0.0356402,0.00874489,0.00598022
0.0124668,0.00838582,0.00358135,0.022053,0.00387069,0.00511817
0.0139632,0.00858027,0.00541105,0.0318876,0.006445,0.00680091
0.0232704,0.015615,0.00717342,0.0228653,0.00477265,0.00945516
0.0277329,0.0185136,0.0103106,0.038056,0.0107132,0.00609491
0.0712987,0.0425183,0.0329794,0.116341,0.0303802,0.0416802
0.0242908,0.0159704,0.00775007,0.0428896,0.0100271,0.00627361
0.01952,0.0130263,0.0108113,0.0481993,0.0122899,0.00865909
0.0355651,0.0198544,0.00851949,0.0590754,0.0154387,0.0121109
0.0199137,0.0130059,0.00951631,0.0309718,0.00681224,0.0129777
0.0158601,0.0109728,0.0160226,0.0424455,0.0103079,0.0260463
0.0584025,0.0190712,0.0258047,0.123177,0.0316343,0.0458533
0.0483695,0.0190605,0.0189397,0.0904509,0.0216835,0.0307704
0.0140804,0.00996345,0.00519721,0.0185575,0.0047084,0.00378065
0.0127909,0.00881405,0.0144014,0.0725768,0.0182304,0.0480836
0.00661694,0.00412405,0.0179061,0.0631226,0.0141167,0.0214537
0.0450847,0.0199076,0.0254609,0.0893954,0.0226999,0.0227035
0.0415043,0.0271233,0.0356354,0.132308,0.0369047,0.0450579
0.0259205,0.0175063,0.00905542,0.0366061,0.0110073,0.016995
0.0138561,0.00953761,0.00602858,0.0299434,0.00694447,0.0144189
0.0172046,0.0114199,0.0104251,0.0420705,0.0114732,0.0102897
0.022015,0.0147955,0.0062501,0.039877,0.0127832,0.00842995
0.0276619,0.0178361,0.00773622,0.0428963,0.0102763,0.00828913
0.0263229,0.0175199,0.0380137,0.120647,0.0293781,0.0193037
0.0064306,0.00464689,0.00277891,0.00981439,0.00305522,0.000600959
0.0156053,0.0109321,0.00656547,0.0161032,0.0057962,0.00573976
0.0107471,0.00722748,0.00392039,0.00215279,0.000853707,0.00333926
0.0269752,0.0180557,0.00969362,0.0380072,0.00857779,0.011044
0.0302915,0.0198951,0.0150744,0.0552543,0.013848,0.00890165
0.00571296,0.0045585,0.0030244,0.0151767,0.00413031,0.00599559
0.0190736,0.0127624,0.0136885,0.0431661,0.010928,0.0204835
0.00605492,0.00388193,0.00202199,0.0171132,0.00347608,0.00445254
0.0304237,0.0138656,0.0100352,0.0483873,0.011535,0.0169596
0.0298432,0.0148061,0.0101243,0.0410149,0.00961604,0.0199618
0.0241773,0.0154945,0.0176525,0.0803824,0.0204878,0.00913083
0.037606,0.0246489,0.0127793,0.0419298,0.0104702,0.0141781
0.0179338,0.0119227,0.00663838,0.0315781,0.00731715,0.00593113
0.0076926,0.00499227,0.00348745,0.0143563,0.00246574,0.0023887
0.0143179,0.0102725,0.0139617,0.0389,0.00943894,0.00987427
0.00925063,0.00655208,0.00804007,0.021297,0.00503374,0.00589377
0.00614482,0.00428806,0.00262246,0.0137442,0.00364704,0.00511927
0.0108451,0.00759074,0.00559139,0.0457658,0.0111942,0.00523172
0.0191923,0.0127674,0.00592285,0.0405237,0.007931,0.00843785
0.0161261,0.0106263,0.00437072,0.0295552,0.00586245,0.00746856
0.0162427,0.0110489,0.00605062,0.0388203,0.0108849,0.00812599
0.0152191,0.0103269,0.00480091,0.0356542,0.00751541,0.0100118
0.00720472,0.00504668,0.00238105,0.0148025,0.00328221,0.00180722
0.00922627,0.00603725,0.00389623,0.0284027,0.00609844,0.00268654
0.0198724,0.0132766,0.00764835,0.0234614,0.00714627,0.0100803
0.0263448,0.0171724,0.011262,0.0476368,0.0133933,0.00952974
0.0126435,0.00889954,0.00492619,0.0304439,0.00741069,0.00822793
0.00510317,0.0039081,0.00345577,0.00779803,0.00188378,0.00481742
0.0161577,0.0107076,0.0060475,0.0331008,0.00705503,0.011449
0.0168555,0.0120303,0.0126189,0.0354583,0.0106057,0.0120574
0.0369302,0.0232763,0.0173149,0.0690876,0.0196684,0.0196768
0.0467751,0.0272533,0.0225001,0.0987305,0.025184,0.023222
0.0200463,0.0129205,0.0274733,0.0485957,0.0123402,0.0237483
0.0456677,0.0244665,0.016624,0.0587377,0.0158047,0.0172905
0.0213987,0.0143238,0.0206305,0.0556294,0.0183568,0.0319814
0.0152245,0.0103909,0.00629626,0.00648204,0.0017421,0.00250229
0.021596,0.00905444,0.0099633,0.0521215,0.0137733,0.0139517
0.0208761,0.0091839,0.00882898,0.047932,0.0103524,0.0115085
0.0669386,0.0364536,0.0220999,0.0938556,0.0236028,0.0360797
0.019955,0.0133765,0.00725701,0.0186438,0.00579728,0.00637676
0.0107784,0.00735052,0.00433496,0.019661,0.00620855,0.00181552
0.0273199,0.0188007,0.0209207,0.0928788,0.027004,0.0240841
0.00430479,0.00341905,0.00567404,0.0211506,0.00486075,0.00419692
0.0177467,0.0122571,0.00521033,0.0198181,0.00538591,0.0077506
0.00962503,0.00690715,0.00401558,0.0137215,0.0053717,0.00840579
0.0134993,0.00932653,0.0115532,0.0392806,0.0106043,0.0101491
0.0234965,0.0154814,0.0202325,0.0916613,0.027426,0.0245311
0.00870724,0.00607899,0.00602291,0.0300775,0.00774953,0.01091
0.0163684,0.0111513,0.00720865,0.0346094,0.0105987,0.0214198
0.0462705,0.0258239,0.0251292,0.110434,0.027216,0.0234128
0.0305892,0.0182665,0.020673,0.0892421,0.022876,0.0390537
0.0177449,0.0116917,0.00672444,0.0223588,0.00710058,0.00688463
0.0135149,0.00962889,0.00410784,0.0333481,0.00798401,0.00836912
0.0160246,0.00742303,0.00721725,0.0269773,0.00875425,0.0112366
0.0169341,0.0102013,0.0120182,0.0298156,0.00650828,0.00791767
0.02705,0.0179592,0.00743835,0.0404747,0.0105251,0.0186008
0.0151007,0.00982619,0.00591268,0.0328282,0.00802874,0.00469028
0.0372665,0.0224625,0.0170273,0.0757218,0.017453,0.0157698
0.0289891,0.0185912,0.00873073,0.0385006,0.00940426,0.0211659
0.0232944,0.0161169,0.00789405,0.0209969,0.00560481,0.00581216
0.00497653,0.00372017,0.00238938,0.0107015,0.00186237,0.000423138
0.0393558,0.0251796,0.0206049,0.0919038,0.0247411,0.0244927
0.0116311,0.00780611,0.0160823,0.0414091,0.0116898,0.0165627
0.0146678,0.0102553,0.00957321,0.0262067,0.00699897,0.00756733
0.0118519,0.00795498,0.00478046,0.0281346,0.00904426,0.00747877
0.0117031,0.00764503,0.00701768,0.0189065,0.0057392,0.00267869
0.00436246,0.00328032,0.00202988,0.00933037,0.00183979,0.00189255
0.00717781,0.00489005,0.00327238,0.0164161,0.00415638,0.00596932
0.0104116,0.00709931,0.00343329,0.0227154,0.00655341,0.00712865
0.013259,0.00882556,0.00564415,0.0256009,0.00663199,0.00709284
0.0108628,0.00757319,0.00381269,0.0414484,0.0118632,0.0231886
0.0173637,0.0123193,0.00778784,0.022791,0.00528947,0.0091217
0.0135486,0.0092641,0.00249686,0.0226195,0.00516209,0.00722415
0.0100506,0.00703512,0.0139504,0.0343927,0.0105173,0.00714249
0.0087388,0.00575926,0.00181835,0.0148477,0.00404255,0.00479642
0.032084,0.0209895,0.00823371,0.0413551,0.00905041,0.0118892
0.0168521,0.0115415,0.00901713,0.0496362,0.0128648,0.0191038
0.0114818,0.00789721,0.00704829,0.0236993,0.00495648,0.0115767
0.0192778,0.012662,0.0144998,0.0550491,0.0164371,0.0211044
0.0248562,0.0172682,0.0107155,0.0390888,0.00804617,0.010666
0.00618002,0.00419862,0.00308519,0.0154759,0.00364338,0.0055119
0.0132541,0.00952785,0.00427182,0.0235078,0.00511934,0.0128182
0.0103295,0.00682822,0.00369289,0.0195593,0.0053958,0.00560215
0.0205852,0.0136664,0.00758753,0.0316783,0.00814325,0.0084594
0.0114826,0.00751531,0.00294587,0.0291953,0.00970276,0.00611848
0.00661966,0.00459689,0.00261118,0.0175038,0.0048994,0.0093772
0.00526864,0.00359715,0.0012485,0.0125985,0.00162086,0.00283581
0.0346193,0.022004,0.0113626,0.0502113,0.0131319,0.0148098
0.0321593,0.0208794,0.0323963,0.132172,0.0336435,0.054343
0.0160171,0.0109249,0.00594708,0.0330251,0.00688848,0.00534537
0.0110427,0.00750177,0.0148556,0.0111927,0.00222276,0.0132185
0.0391995,0.0246333,0.0142659,0.0775931,0.0198664,0.0291127
0.0169034,0.0112405,0.009142,0.0653298,0.0169842,0.0134639
0.0442889,0.0190783,0.0570677,0.262257,0.0637737,0.11389
0.0455365,0.0189966,0.0540975,0.227042,0.0484204,0.0892482
0.0274344,0.0167243,0.0296617,0.129343,0.0344542,0.059544
0.0251289,0.0163968,0.00635944,0.0315545,0.00950789,0.00826276
0.0400014,0.0238574,0.0241265,0.0996244,0.0261734,0.0156042
0.00743736,0.00497446,0.00334829,0.0130114,0.00404812,0.00347614
0.00730424,0.0050631,0.00322631,-0.00048941,0.00133164,0.00316905
0.0274086,0.0181057,0.0089187,0.0387795,0.00944667,0.0170735
0.0558437,0.0315015,0.01747,0.0707962,0.0185587,0.0163566
0.0334962,0.0210487,0.0219696,0.116929,0.0320614,0.0562558
0.0142484,0.00497028,0.00660039,0.0367882,0.0102809,0.00781921
0.017698,0.011777,0.00900641,0.0529831,0.0117411,0.0111338
0.0156956,0.0111581,0.00565182,0.0256569,0.00835176,0.0146149
0.00406917,0.00297805,0.00148322,0.0153188,0.00527803,0.00265573
0.0341975,0.020556,0.0186892,0.0808919,0.0181461,0.027194
0.019566,0.0135708,0.00591444,0.0195001,0.00587164,0.0185541
0.0127744,0.00837834,0.00517534,0.0187426,0.00451752,0.00502436
0.00893906,0.00622227,0.00267107,0.0161529,0.00517062,0.0027607
0.00648161,0.00423031,0.00371665,0.0215385,0.00275747,0.00191291
0.0187362,0.0121818,0.00899487,0.0284683,0.00738075,0.0141494
0.0202732,0.013333,0.0082539,0.0369232,0.00969087,0.00402214
0.0170222,0.01156,0.00469475,0.0344967,0.0100922,0.00475257
0.0365355,0.0174123,0.0244508,0.112533,0.0276943,0.0267006
0.0150374,0.00957937,0.00584778,0.0245349,0.00643181,0.0075296
0.0225452,0.0151593,0.0062532,0.0474825,0.0110249,0.00393249
0.037594,0.0239478,0.024219,0.0750178,0.0195963,0.0196133
0.00985296,0.00649665,0.0040413,0.0140726,0.00337931,0.00695766
0.0183541,0.0128306,0.00716825,0.0298836,0.00551995,0.0103333
0.00881275,0.00588473,0.00330334,0.0165003,0.00480601,0.00236312
0.0224161,0.0146462,0.0105676,0.0641526,0.0141661,0.0157809
0.033327,0.0215753,0.010256,0.068107,0.0156404,0.00936988
0.00886243,0.00581069,0.00269435,0.022869,0.00503698,0.00976747
0.00892651,0.00519611,0.00262498,0.0216192,0.00397608,0.00822464
0.0189677,0.0127243,0.0057466,0.025474,0.00775058,0.00795332
0.0380774,0.0240477,0.0262692,0.139858,0.0380332,0.0523858
0.0130444,0.00836613,0.0039873,0.0345626,0.00933395,0.0214942
0.0136104,0.00953067,0.005854,0.0131714,0.00437642,0.00641696
0.0242806,0.01652,0.00792244,0.0631988,0.0163508,0.0171223
0.0199734,0.0130023,0.0123971,0.03383,0.00871763,0.0110257
0.020483,0.0138596,0.00708475,0.0273313,0.00518904,0.00468991
0.0105846,0.00723426,0.00267789,0.0250233,0.00819019,0.0139129
0.0316801,0.0196755,0.0108504,0.0325838,0.00875212,0.0109404
0.0161419,0.0107505,0.00611909,0.0246488,0.00591618,0.00611479
0.00658314,0.00440899,0.00316411,0.0127856,0.0033947,0.00168255
0.0125495,0.00833709,0.0045868,0.0185396,0.00459749,0.0162158
0.0405859,0.0252617,0.0297919,0.0982467,0.0262901,0.0455412
0.00410219,0.00316387,0.0023215,0.0143841,0.00307335,0.00589191
0.0102129,0.00771475,0.00656635,0.0181793,0.00446615,0.00625834
0.0417957,0.0278203,0.0136267,0.0368455,0.011508,0.00811152
0.0070152,0.0051526,0.00305653,0.0181781,0.00521258,0.00230127
0.00685639,0.00452298,0.00278681,0.0204424,0.00591872,0.00690981
0.0114294,0.00793622,0.00952079,0.0261635,0.00498327,0.0120971
0.0173954,0.0124085,0.0117667,0.0278554,0.00889939,0.0117054
0.0177506,0.0123746,0.0117199,0.0401998,0.0112988,0.0119447
0.0170739,0.0123969,0.00547321,0.0148184,0.00451764,0.00533045
0.0114258,0.00775154,0.00467118,0.0161865,0.00498943,0.00748446
0.0176382,0.011952,0.00478071,0.0206497,0.00593445,0.00272087
0.0162095,0.0110287,0.00503759,0.0174202,0.00418235,0.00605691
0.0505812,0.0308623,0.0206823,0.0663347,0.0181571,0.0239137
0.0276178,0.0168248,0.0139306,0.088807,0.0244376,0.0355199
0.00900803,0.0061295,0.00623973,0.0311274,0.00689921,0.00835494
0.0212907,0.0143918,0.01367,0.018833,0.00532605,0.0221714
0.00605103,0.00440002,0.00272016,0.0105681,0.00339107,0.00446612
0.0189079,0.0128545,0.00773994,0.0133246,0.00432544,0.00533361
0.0142224,0.00963219,0.0057436,0.021945,0.00515669,0.00538469
0.0142811,0.00984099,0.00500203,0.0263464,0.00669741,0.00195374
0.00975828,0.00706764,0.00421362,0.0275781,0.00615919,0.0067714
0.0282106,0.0189772,0.00773753,0.0418211,0.0114557,0.0228467
0.0214238,0.0148084,0.00713383,0.0233308,0.00387054,0.00420807
0.00748068,0.00518877,0.00240068,0.0153874,0.00383232,0.00422122
0.00611709,0.00441089,0.00767085,0.0311353,0.00979837,0.0146819
0.0161901,0.0106878,0.0167078,0.0610353,0.0178795,0.0549405
0.00647962,0.00454335,0.00271161,0.00228932,0.0019221,0.00162294
0.0155738,0.0105066,0.0105436,0.0544807,0.0129896,0.0163621
0.0135494,0.00931972,0.00980338,0.0482433,0.0110138,0.0155824
0.0128064,0.00898136,0.00525373,0.0224204,0.00479339,0.0044126
0.0214812,0.0140278,0.00776556,0.029641,0.00878378,0.00887011
0.00991648,0.00680564,0.00452398,0.0203869,0.00618705,0.0045399
0.00501254,0.00347055,0.00244138,0.0137266,0.00266699,0.00280812
0.0131236,0.00949343,0.00547993,0.0153654,0.00392368,0.0075708
0.0111976,0.00745049,0.0106395,0.0587127,0.0147198,0.023022
0.0103689,0.00697017,0.00443433,0.0191974,0.00404361,0.00351944
0.0149303,0.0104088,0.00529634,0.0248227,0.00909341,0.00756397
0.00897995,0.00629535,0.00325567,0.0146084,0.00476223,0.00243745
0.0071862,0.00481347,0.00350042,0.0186675,0.0031704,0.00644184
0.0124813,0.00864906,0.00662997,0.0238526,0.00595175,0.0196363
0.041203,0.0247938,0.018918,0.0906118,0.0243083,0.0273923
0.0236318,0.0157607,0.00789079,0.0407033,0.0100832,0.00675974
0.0202155,0.0136058,0.00661441,0.0329897,0.00760702,0.00305319
0.0113101,0.00791984,0.00437036,0.0162953,0.00485143,0.0100696
0.0202904,0.0138641,0.0120118,0.0338314,0.00980155,0.00367537
0.0119121,0.00817197,0.0043646,0.0164642,0.00428561,0.00275205
0.0259051,0.016859,0.0066534,0.0335776,0.00873124,0.00461548
0.0130493,0.008551,0.00579105,0.0227766,0.00500674,0.00218869
0.00604522,0.00410092,0.00300446,0.0149134,0.00322136,0.00466033
0.0229227,0.0150199,0.0153469,0.087871,0.0218256,0.0207949
0.0279446,0.0169814,0.0261978,0.149602,0.036341,0.0504805
0.0700473,0.040897,0.0199688,0.0994788,0.0246059,0.0282648
0.0195612,0.0125284,0.00965528,0.0577309,0.0161003,0.0142286
0.0407188,0.0207572,0.0149292,0.0569482,0.013682,0.00962433
0.014602,0.00950269,0.0194198,0.0796166,0.0215166,0.0332456
0.0263219,0.0166157,0.0121649,0.0363198,0.0120866,0.0148015
0.0429168,0.0249539,0.051526,0.135119,0.0341555,0.0565157
0.0181122,0.0120191,0.0111954,0.0227703,0.00531875,0.0217445
0.00486172,0.00351244,0.00309426,0.018181,0.00434012,0.00805916
0.0098765,0.00679753,0.00459763,0.0325335,0.00757104,0.00642453
0.0116808,0.00769418,0.00334227,0.0185484,0.00640594,0.0200008
0.0237409,0.0152538,0.016126,0.0652386,0.0181128,0.0433328
0.0157717,0.00650026,0.00672231,0.0357424,0.00885988,0.0159894
0.0369706,0.0233404,0.0122466,0.0529122,0.0117397,0.0237443
0.0620195,0.0358706,0.0196045,0.0888356,0.0238794,0.031338
0.0190703,0.0071138,0.00823639,0.0454487,0.0126701,0.0135916
0.029901,0.0169852,0.0114539,0.0452152,0.0106188,0.0141975
0.0298914,0.0176876,0.018395,0.0672513,0.0175715,0.0119393
0.0300202,0.0189537,0.011785,0.052744,0.0158642,0.0162047
0.0341601,0.0228496,0.015216,0.0513592,0.0131253,0.0389391
0.0270063,0.0177797,0.00870386,0.0395465,0.0114064,0.0215108
0.0184401,0.0122055,0.00665526,0.0296625,0.0078333,0.0101829
0.0186104,0.0124498,0.00599067,0.0319321,0.00844995,0.00639276
0.0269117,0.0180267,0.0076549,0.0442025,0.0103493,0.00900187
0.0395063,0.0246839,0.0126312,0.0574805,0.0146762,0.0166707
0.00933267,0.00648953,0.0103004,0.0498088,0.0138004,0.016335
0.0208375,0.0140746,0.00594398,0.0136354,0.00485055,0.00933831
0.00916199,0.00646474,0.00348692,0.0111512,0.00215644,0.00320555
0.00719151,0.00527187,0.00306515,0.0141292,0.00501311,0.00552999
0.005587,0.00406033,0.00304358,0.0127282,0.00166004,0.00240712
0.041462,0.0270786,0.0193065,0.0504085,0.0122071,0.0137636
0.0077437,0.00561051,0.00897793,0.017315,0.00283071,0.0079932
0.0133174,0.00939206,0.00322168,0.0172161,0.00555987,0.00504201
0.0485481,0.0288604,0.0211871,0.0509681,0.0158381,0.0144411
0.0155847,0.0105603,0.00619076,0.0231087,0.00594238,0.00631407
0.0165318,0.0109962,0.011865,0.0583333,0.0154197,0.0279869
0.0282433,0.0182188,0.0105875,0.0495389,0.0138746,0.0124789
0.0342472,0.020573,0.011287,0.0605635,0.0144491,0.0250289
0.0157884,0.0105104,0.00545932,0.0341268,0.00991783,0.0136846
0.00521419,0.00376065,0.00281815,0.0113529,0.00328656,0.00409043
0.0131481,0.00902598,0.00483243,0.0292115,0.00741975,0.00570974
0.0123057,0.00885957,0.00457631,0.0162816,0.00474293,0.00810083
0.0155958,0.0108143,0.00934494,0.0290415,0.00789168,0.00403507
0.0100406,0.0067686,0.00224608,0.0217893,0.00535849,0.0106212
0.0520632,0.0222188,0.0463167,0.256387,0.0728372,0.100839
0.0572117,0.0249926,0.0760418,0.328719,0.0837497,0.141573
0.01709,0.0114863,0.0132494,0.0500505,0.0122871,0.0172781
0.0114928,0.00802333,0.00871106,0.032217,0.0091466,0.00367661
0.00841096,0.00600422,0.00307008,0.0164466,0.00488289,0.00287092
0.0134518,0.00913893,0.00393947,0.0271593,0.00766236,0.00236428
0.00421636,0.00303498,0.00199294,0.00771982,0.00230514,0.00272642
0.010006,0.00703781,0.00437553,0.0176367,0.00506108,0.00149042
0.0141659,0.00962665,0.00397501,0.0230229,0.00595578,0.0122287
0.0273538,0.0173689,0.033372,0.0776048,0.0199662,0.049506
0.0303441,0.0201951,0.0106683,0.029984,0.00865628,0.0127358
0.0195643,0.0131365,0.00714954,0.0297458,0.00705885,0.0210616
0.0143869,0.00998093,0.00483341,0.0241964,0.00563062,0.0123689
0.0135508,0.00954537,0.00627991,0.0429498,0.0122476,0.0178195
0.0120102,0.00866918,0.00839455,0.0455435,0.0105789,0.0166696
0.0135258,0.00923135,0.00304473,0.0196126,0.00374216,0.00686547
0.0113778,0.00818823,0.00412934,0.00556233,0.000939595,0.00344194
0.00810951,0.0059603,0.00403114,0.0131625,0.0039734,0.00153686
0.0136151,0.00922987,0.00425363,0.0270006,0.00587018,0.00782316
0.01596,0.0105513,0.0223224,0.0681991,0.0201851,0.0104118
0.0245194,0.0167904,0.0136135,0.0736377,0.0194698,0.0262005
0.0157221,0.0113215,0.00550572,0.0225587,0.00658534,0.0140793
0.0120084,0.00829339,0.00744294,0.0373342,0.0097729,0.0139404
0.00474276,0.00324926,0.00170502,-0.00213679,-0.000587647,0.00121271
0.0615727,0.0348145,0.0313902,0.138435,0.0377517,0.0563536
0.0160675,0.0105924,0.0215119,0.0704698,0.0165461,0.0126362
0.058346,0.0345133,0.0243145,0.0804076,0.0221035,0.0358288
0.0112711,0.00753417,0.00435183,0.0190673,0.00553676,0.0033082
0.0255571,0.0172013,0.0107378,0.0386074,0.0105999,0.019381
0.00676024,0.00475134,0.0017231,0.0136043,0.00375434,0.00401857
0.0152508,0.0102033,0.00497944,0.0172694,0.00519094,0.023797
0.021261,0.014226,0.00639723,0.0280815,0.00951835,0.00724366
0.00845081,0.00598432,0.0037464,0.0185899,0.00382751,0.0040139
0.0152496,0.0104529,0.0045806,0.0304524,0.00637122,0.00693187
0.018437,0.012559,0.00566112,0.0276012,0.00657593,0.00151753
0.0166316,0.0114139,0.00616074,0.0433627,0.0117057,0.00982226
0.0123061,0.00869567,0.00456215,0.021324,0.00647812,0.0184552
0.0270313,0.0175741,0.00764796,0.0507967,0.0112263,0.0100891
0.0201229,0.0136358,0.00688718,0.023437,0.00658606,0.00959351
0.0254571,0.0175262,0.00916655,0.043239,0.0101692,0.0127736
0.00935884,0.00657807,0.0018184,0.0253149,0.00431955,0.00307131
0.0130249,0.00907003,0.00331279,0.0254801,0.00555735,0.00543501
0.011649,0.00789286,0.00393013,0.0159383,0.00513166,0.00784646
0.0437205,0.0272593,0.0155829,0.0891159,0.0212298,0.0133906
0.00681968,0.00449996,0.00334132,0.0141571,0.00373476,0.00300454
0.020176,0.0133429,0.00524948,0.0274827,0.00890653,0.011078
0.0627744,0.0356893,0.0170811,0.0867147,0.0223285,0.0141682
0.00760669,0.00513633,0.00191437,0.0274123,0.00844259,0.0207086
0.0193163,0.0130455,0.0356004,0.104752,0.0302524,0.0522555
0.00877953,0.00577176,0.00259903,0.0148811,0.00304987,0.00314895
0.0492099,0.0258171,0.0308031,0.113918,0.0313389,0.0478126
0.018238,0.0124747,0.0135908,0.0572837,0.0125116,0.0220723
0.0316118,0.0201959,0.00909159,0.0563634,0.0145007,0.016828
0.00413164,0.00309587,0.00230414,0.00949173,0.0037037,0.00482978
0.0132143,0.00914627,0.00692155,0.0306665,0.00743406,0.00991526
0.00514969,0.00324164,0.00371573,0.0108938,0.00381543,0.00442384
0.0247445,0.0164903,0.0122973,0.0280021,0.00717502,0.00985878
0.0107276,0.00754779,0.00323389,0.0196178,0.00415107,0.00717527
0.00641984,0.0042393,0.00307634,0.0029987,0.00092078,0.00744527
0.00876951,0.00647261,0.00220545,0.0263173,0.00532616,0.0107822
0.0588069,0.0346423,0.0183532,0.0830327,0.0210013,0.0718323
0.00994003,0.00696062,0.00322839,0.0136491,0.00245473,0.00279063
0.00653089,0.00482343,0.00251941,0.00946044,0.00274459,0.000916818
0.0088951,0.00619023,0.0115024,0.0763177,0.0208477,0.0352054
0.00946569,0.00646421,0.00310417,0.0272867,0.00756672,0.0050439
0.0192494,0.0129325,0.00641333,0.0338513,0.00870549,0.00419941
0.0163964,0.0115216,0.00547645,0.022898,0.00641261,0.00717986
0.0102553,0.00688657,0.00449192,0.00926414,0.00370956,0.0034415
0.0257787,0.0167789,0.00917467,0.0563406,0.0174366,0.0298721
0.0529004,0.0350671,0.0202733,0.0914029,0.0235318,0.0189755
0.0273313,0.0180033,0.0134586,0.0627855,0.0177896,0.0107473
0.050227,0.0276847,0.0435921,0.201144,0.0501231,0.034725
0.0164105,0.0109844,0.008083,0.059446,0.0156167,0.0166594
0.0100879,0.0068142,0.00183979,0.0139995,0.00366545,0.00505064
0.0180042,0.0121692,0.00314377,0.0287846,0.00791964,0.0127471
0.0462075,0.0252106,0.0189127,0.0670151,0.0189535,0.0243643
0.0435032,0.0178743,0.0299556,0.0956923,0.0227631,0.0296426
0.0204423,0.0136776,0.00729661,0.024808,0.00931515,0.007523
0.0214512,0.0143059,0.00641088,0.0394846,0.010786,0.0222309
0.053988,0.0236487,0.041339,0.206647,0.0547942,0.0780695
0.00968785,0.00658219,0.00426195,0.015089,0.00405511,0.00478173
0.00424881,0.00314999,0.00272219,0.0124128,0.00241032,0.000595377
0.00824289,0.00571583,0.00378541,0.0164287,0.00323039,0.0056294
0.00574189,0.00402573,0.00236803,0.00798029,0.000380211,0.00161264
0.05047,0.0266339,0.016891,0.0936136,0.0225559,0.0271381
0.0259244,0.0174664,0.0132517,0.0316324,0.00775268,0.00680167
0.0117075,0.00794215,0.00445368,0.0170606,0.00290105,0.00550447
0.019387,0.012336,0.0117217,0.0830143,0.0210334,0.0223204
0.0407131,0.0267194,0.0132165,0.050367,0.0130498,0.0162987
0.0485079,0.0290158,0.0180976,0.0823252,0.0200666,0.0306868
0.0537858,0.0294861,0.0498057,0.208968,0.0516913,0.0894204
0.0335112,0.0216685,0.0113766,0.0532685,0.0161129,0.0090338
0.0135974,0.00952687,0.00441189,0.0273868,0.00709256,0.00870829
0.0180074,0.0087736,0.0118692,0.0606769,0.0146228,0.0146317
0.0174963,0.00781702,0.00848825,0.0322292,0.00531835,0.00792201
0.0511918,0.0311976,0.023607,0.0780255,0.0184227,0.0406671
0.0235384,0.015049,0.00772932,0.0345792,0.00996544,0.00843701
0.0151894,0.0105884,0.00482864,0.0274075,0.0066057,0.0158445
0.0227994,0.0150646,0.00675358,0.0384883,0.010942,0.0347178
0.028889,0.0184307,0.0104157,0.0506051,0.0136254,0.032543
0.0139173,0.00980034,0.00743928,0.0391515,0.0103809,0.023719
0.0675904,0.0352696,0.107607,0.419952,0.11219,0.149066
0.0560572,0.0269696,0.0721312,0.234337,0.0502174,0.0821691
0.0118794,0.00852744,0.00433702,0.0159849,0.00481013,0.0153037
0.0363668,0.0237825,0.0100589,0.047235,0.0112196,0.0416003
0.0105585,0.00720465,0.00310133,0.021521,0.00481984,0.00369409
0.00695499,0.00509432,0.00377755,0.0217453,0.00549302,0.0116271
0.0543184,0.0255807,0.0314396,0.143225,0.0399949,0.0258756
0.0671132,0.0280356,0.0360577,0.141033,0.0364418,0.0263234
0.00659877,0.00482619,0.00239641,0.0149096,0.00480055,0.0089598
0.0280951,0.019135,0.0119236,0.0554586,0.0130521,0.0129826
0.0158183,0.0106959,0.00712816,0.0266252,0.00766018,0.00701916
0.0104972,0.00721827,0.0067914,0.00178552,0.0009,0.00439094
0.0107414,0.0070899,0.0039561,0.0237259,0.00629063,0.0166119
0.0100907,0.00677393,0.00338462,0.0180959,0.00538403,0.00523145
0.019798,0.0133417,0.00526729,0.0396297,0.00866551,0.0109012
0.0171895,0.0120229,0.00562461,0.0245947,0.0061549,0.00756766
0.00888554,0.00622789,0.00344116,0.0218456,0.00608158,0.00515007
0.00960328,0.00673753,0.0051649,0.0160688,0.00334894,0.00459706
0.00727075,0.00520371,0.00275318,0.0019468,-0.00047493,0.00955453
0.0122476,0.00639624,0.00681317,0.0358276,0.00966954,0.00861237
0.0397188,0.0257399,0.0212781,0.100561,0.0242462,0.0224364
0.0236235,0.0160729,0.0129,0.0461639,0.01222,0.0398716
0.00872672,0.00569947,0.00187756,0.0157735,0.00441607,0.00558655
0.00550945,0.00403058,0.00244159,0.00989666,0.00306689,0.00302653
0.0314289,0.0211989,0.02079,0.0589904,0.013077,0.0121086
0.00888137,0.00653804,0.00332906,0.0226156,0.00697515,0.00627793
0.00804997,0.00572804,0.00269198,0.0144753,0.00448569,0.00456441
0.00555033,0.0039201,0.00203783,0.015205,0.00459409,0.00901826
0.0154334,0.0105285,0.0053402,0.0168527,0.0034571,0.00400403
0.0133022,0.00967438,0.00595261,0.0151007,0.00481945,0.00393731
0.023268,0.0157991,0.018124,0.0812319,0.020237,0.0475585
0.0159375,0.0105724,0.00626344,0.0322509,0.00811983,0.00864318
0.0312856,0.0201276,0.0103041,0.060142,0.0152903,0.0353119
0.00543121,0.00366004,0.00223774,0.0133706,0.00313862,0.00219884
0.0144237,0.0100952,0.00500569,0.0214151,0.00657244,0.00390467
0.00906025,0.00585579,0.0030753,0.0404123,0.0128985,0.0202819
0.0136877,0.00919604,0.00454956,0.0275371,0.00638135,0.00557569
0.0152498,0.0102593,0.00498646,0.0264232,0.00627766,0.0116827
0.00583287,0.00399294,0.00186557,0.0228266,0.00580511,0.00283142
0.0113949,0.00775434,0.00366931,0.0170267,0.00376625,0.00206032
0.0202521,0.0133645,0.0155854,0.0773976,0.0189068,0.038514
0.0259065,0.017576,0.00902796,0.0785519,0.0242082,0.0106976
0.02307,0.0158357,0.00777893,0.0192405,0.00506708,0.0147619
0.0182728,0.0124555,0.00831272,0.0348231,0.00789565,0.00952195
0.0200101,0.0133621,0.00751883,0.0346302,0.00992546,0.0369374
0.0203174,0.0143353,0.0191908,0.0965643,0.0252499,0.0286369
0.0123296,0.00840095,0.00412843,0.0275882,0.00732736,0.0104327
0.0435745,0.0276779,0.0223601,0.107483,0.0298719,0.052981
0.0258348,0.0168796,0.00731526,0.0415115,0.0101131,0.0168877
0.00677731,0.00474195,0.00342522,0.0198854,0.00482942,0.00270449
0.0349509,0.0218918,0.0187336,0.0719802,0.018294,0.0313494
0.0365688,0.0229173,0.0175338,0.0780937,0.0184199,0.0129203
0.00616116,0.00445526,0.00280488,0.0105588,0.00247113,0.00219588
0.0288598,0.0179965,0.00656492,0.0562842,0.0150733,0.0169306
0.00777095,0.00523029,0.00590341,0.0368967,0.0104731,0.0367672
0.00580326,0.00412633,0.00691177,0.0313569,0.00845444,0.00560655
0.0255418,0.0168327,0.0169644,0.0512221,0.0124156,0.0248429
0.0948092,0.0346517,0.0421849,0.148827,0.0368336,0.026554
0.0330211,0.0212939,0.0137485,0.0520614,0.0115949,0.020084
0.0106453,0.00743327,0.00366825,0.0144458,0.00430791,0.00510985
0.0135975,0.00954361,0.0113665,0.0387348,0.0100072,0.00462562
0.0254668,0.0172223,0.00729931,0.00439065,0.00171389,0.00934437
0.0199038,0.013338,0.00700601,0.0188194,0.00716415,0.00666433
0.00446258,0.00308744,0.00238508,0.00809184,0.00186172,0.00586658
0.0114969,0.00832909,0.00362212,0.0129892,0.00342538,0.00350218
0.0120868,0.0080758,0.00372384,0.0435747,0.0113541,0.0148848
0.0575987,0.0338279,0.0165239,0.093072,0.0206265,0.0121091
0.00925772,0.00556434,0.00475511,0.0248133,0.00642213,0.0184754
0.0158016,0.00978097,0.00571462,0.0251614,0.00475292,0.0115025
0.0271248,0.0113761,0.0105273,0.0338522,0.0095495,0.00979578
0.0103044,0.00708823,0.00358819,0.0167053,0.00447645,0.00195889
0.0118489,0.00835516,0.00506381,0.0191738,0.00352952,0.0110431
0.00825094,0.00602225,0.00645557,0.0250513,0.00837496,0.00971629
0.0359407,0.0233937,0.0118389,0.032541,0.0083588,0.0144052
0.0156993,0.010239,0.00538781,0.0196932,0.00672312,0.00722526
0.0148542,0.00998542,0.00618507,0.0273284,0.00685392,0.00811382
0.00712474,0.00527765,0.00207668,0.00612201,0.00371113,0.00147083
0.0106111,0.0074939,0.0051354,0.0214799,0.00617372,0.00891202
0.00969482,0.00677976,0.00476974,0.0150083,0.00368973,0.00596265
0.0248536,0.0167218,0.00835916,0.0408974,0.0103861,0.0284409
0.00924508,0.00667895,0.00275161,0.0122638,0.00385738,0.00300117
0.00686657,0.00487791,0.00206565,0.0255047,0.00672229,0.0139612
0.023256,0.0159783,0.00884459,0.0414551,0.0112849,0.00876883
0.0108666,0.00746232,0.00369075,0.0246544,0.00650054,0.00438391
0.0150885,0.00996781,0.0076168,0.0351673,0.00957837,0.00456304
0.010267,0.0070459,0.00328853,0.0182511,0.00382645,0.0061676
0.00442504,0.00330682,0.00128699,0.0136577,0.0035641,0.0105098
0.00667146,0.0048028,0.00294779,0.0130573,0.0025674,0.00375541
0.0143959,0.00965352,0.00494222,0.026297,0.00628867,0.00538626
0.0106585,0.00760664,0.00253864,0.017081,0.00545846,0.00611695
0.0199592,0.0134798,0.00564397,0.0347864,0.00777658,0.00834002
0.0194365,0.0131641,0.00585591,0.0395015,0.00809864,0.0053899
0.00601587,0.0043245,0.00307895,0.00107212,0.000583793,0.00315303
0.00652212,0.00470314,0.00216891,0.01463,0.00509003,0.00628181
0.0173049,0.0114788,0.00680523,0.0363252,0.00904714,0.00961272
0.0313691,0.0190556,0.0456425,0.151672,0.0426277,0.0594758
0.0420901,0.0261718,0.0157739,0.0832569,0.0208204,0.0316185
0.0520732,0.0315925,0.0183398,0.070143,0.019202,0.0200493
0.0120205,0.0084021,0.0102471,0.0278241,0.00770997,0.010181
0.00919398,0.00656528,0.00317616,0.0118062,0.00341332,0.00398505
0.0261239,0.0166652,0.025581,0.121942,0.0347284,0.0662651
0.0130873,0.00915517,0.00472184,0.0256913,0.00588439,0.00422234
0.0180358,0.0118203,0.0054533,0.0338914,0.0069541,0.00947266
0.0234157,0.0151733,0.00445526,0.0447558,0.0101508,0.0119618
0.0346982,0.021863,0.0104734,0.0807192,0.0210603,0.0175012
0.0199257,0.0079844,0.00792171,0.048011,0.0130895,0.00703818
0.0203516,0.0078371,0.00820095,0.045704,0.0116847,0.00619924
0.0117229,0.00835871,0.00394014,0.0139524,0.00366398,0.00508408
0.0139203,0.00913472,0.00771033,0.0260287,0.00661101,0.00744993
0.0110465,0.00748516,0.00242946,0.0207427,0.00607686,0.00279071
0.0259418,0.0169543,0.011777,0.0537248,0.0152934,0.0127532
0.0315043,0.0186499,0.0116298,0.0645322,0.0157493,0.0150998
0.0192461,0.0107555,0.00769075,0.0275471,0.00631904,0.00762362
0.00946519,0.00634369,0.00376623,0.0130623,0.0039846,0.00320413
0.0330963,0.0219078,0.0190484,0.110415,0.0297927,0.0238723
0.00983224,0.00688497,0.00287951,0.0151186,0.00405824,0.00229493
0.0085031,0.00589434,0.00334726,0.0199792,0.00546529,0.00805184
0.035581,0.0225692,0.0117627,0.0471999,0.011451,0.0101904
0.00838664,0.00576695,0.00207786,0.0201788,0.00362788,0.0044691
0.0792691,0.0415014,0.0556466,0.270031,0.0718925,0.109257
0.0377047,0.0242329,0.0118079,0.0417862,0.010481,0.0109903
0.0173571,0.0110572,0.0102333,0.0439723,0.010861,0.00600274
0.00693865,0.00495573,0.00441465,0.0153887,0.00302248,0.000954756
0.0356361,0.0218938,0.0297029,0.103608,0.0293974,0.0225921
0.0219899,0.0136724,0.012231,0.0799665,0.0214153,0.0351814
0.0138083,0.00889518,0.00797132,0.0458467,0.0112392,0.0126842
0.0141937,0.00974714,0.00316028,0.0239051,0.00501063,0.00524036
0.0173467,0.0117379,0.0074403,0.0554268,0.0130065,0.01212
0.0344548,0.0200097,0.0239205,0.113459,0.0292016,0.0856931
0.00431417,0.00334533,0.00248789,0.0153814,0.00439553,0.000620013
0.0118122,0.0084076,0.00483218,0.0171479,0.0052055,0.00862466
0.0108675,0.00742022,0.00390208,0.0225583,0.00610493,0.00364405
0.0113908,0.007834,0.0107299,0.0302076,0.0096842,0.00716684
0.0233458,0.0161726,0.00854301,0.0427637,0.0109555,0.00734428
0.0100823,0.00710314,0.00349049,0.0207004,0.00633867,0.00538461
0.0123395,0.00815446,0.00431256,0.0156557,0.00505454,0.00454415
0.00878758,0.00572164,0.00195406,0.0221958,0.00533804,0.0112101
0.0105278,0.0071732,0.00732923,0.019242,0.00429582,0.00598733
0.0103534,0.00674461,0.00358727,0.0164945,0.0049777,0.00746766
0.0183006,0.0120579,0.00993399,0.0581048,0.0151721,0.0204875
0.0344313,0.0216711,0.0314,0.137619,0.0369124,0.0469374
0.00999857,0.00648781,0.00831246,0.0458458,0.0123401,0.0283134
0.0195112,0.00909549,0.010653,0.0582048,0.0163199,0.0310849
0.0204289,0.00925171,0.00965274,0.0462072,0.0105235,0.0222513
0.0152858,0.0101142,0.00602002,0.00788971,0.000545772,0.00514573
0.00607715,0.0042722,0.00259898,0.0134847,0.0027314,0.00140271
0.0144343,0.0100201,0.00497516,0.0285684,0.0075419,0.00531564
0.0171114,0.0116841,0.00600573,0.0294959,0.00803833,0.00561341
0.0143542,0.0100381,0.0061555,0.0278627,0.00555053,0.00518109
0.00638858,0.00446669,0.00262135,0.0118367,0.00305554,0.00177613
0.0144801,0.00980693,0.00533825,0.0177146,0.00556448,0.00408254
0.0227574,0.0153512,0.00779256,0.0523085,0.0123261,0.00882703
0.00623586,0.00444587,0.00318401,0.0100655,0.00323337,0.006038
0.0236453,0.01544,0.00663529,0.0318076,0.00938826,0.0192192
0.00528536,0.00388654,0.00275694,0.0157063,0.0040729,0.00295436
0.00674829,0.00451635,0.00338189,0.011419,0.00167798,0.00424467
0.0165462,0.0106348,0.0114686,0.0764626,0.0201903,0.0118133
0.0319774,0.0197928,0.013226,0.0410621,0.0119382,0.0142502
0.0122878,0.00589728,0.00816856,0.0220406,0.00600891,0.0195394
0.0263509,0.0172536,0.0223605,0.0889658,0.0223675,0.0565265
0.0169069,0.0113107,0.00574934,0.02227,0.00579807,0.00427769
0.0226257,0.0123314,0.00877364,0.0584476,0.0163352,0.0190779
0.011131,0.00778704,0.00489243,0.0279562,0.00748305,0.0103495
0.0144722,0.00996864,0.0037315,0.0296333,0.00614393,0.00386744
0.0211312,0.0140615,0.0064889,0.027647,0.00568879,0.00521269
0.0854054,0.0448854,0.0376051,0.141562,0.0398973,0.0556749
0.010466,0.00698737,0.0157841,0.0675496,0.0194886,0.0128211
0.0167935,0.0109201,0.00828861,0.0322097,0.00702038,0.00756935
0.0213738,0.0142477,0.0111368,0.0680619,0.0182766,0.00943227
0.00609081,0.00434942,0.00443455,0.00196993,0.00020597,0.0069487
0.00844216,0.00587006,0.00466066,0.00470945,0.00172218,0.00554969
0.00896246,0.00619171,0.00419739,0.0207053,0.00471875,0.00479405
0.0210923,0.0117899,0.0067833,0.0163336,0.00443324,0.0141445
0.0146602,0.0102164,0.00505146,0.0264474,0.0056744,0.00988471
0.0150832,0.0106362,0.00944533,0.0286075,0.00829785,0.0122781
0.00881662,0.00585653,0.00449085,0.0145197,0.0040424,0.00796717
0.0296525,0.0188473,0.0253094,0.132426,0.0346618,0.0396827
0.0215064,0.0143504,0.00910757,0.0312603,0.00788742,0.00674834
0.0368062,0.0239809,0.030833,0.123686,0.0329998,0.0713214
0.0302425,0.0199001,0.0109825,0.0585322,0.0161908,0.0145364
0.0216265,0.0141505,0.00834858,0.0235746,0.00796745,0.00774153
0.0102044,0.00724445,0.0044427,0.0464268,0.0107107,0.0234834
0.0622299,0.0384283,0.110898,0.480888,0.121744,0.164013
0.00485296,0.00337416,0.00276952,0.0127939,0.00320185,0.00209175
0.0277345,0.017831,0.0178921,0.0812378,0.0201339,0.0223696
0.0178919,0.011854,0.00323562,0.0284096,0.00830269,0.00985801
0.0126235,0.00831097,0.00461843,0.0312914,0.00767283,0.00532333
0.00456572,0.00345026,0.0025889,0.00237722,0.000449765,0.00223111
0.0368398,0.0234546,0.0134924,0.0587363,0.0142667,0.012487
0.0377341,0.0243619,0.0119622,0.0552125,0.0153514,0.0249876
0.00482298,0.00358542,0.00105757,0.0169399,0.00405922,0.00195182
0.00539799,0.00382553,0.00123107,0.0086769,0.00334782,0.000868592
0.0249267,0.0163072,0.00660507,0.0389793,0.00997723,0.0028518
0.0259399,0.0144651,0.0161495,0.0784506,0.0197425,0.0184862
0.0230782,0.0157828,0.0126153,0.0282173,0.00502015,0.00934437
0.00800618,0.00549618,0.00497109,0.0317122,0.00784141,0.0161343
0.00803868,0.00551266,0.00182153,0.0345717,0.0113825,0.0207362
0.0167056,0.0117098,0.00624222,0.0273044,0.00602222,0.0145153
0.0266667,0.0170927,0.01706,0.104835,0.0261147,0.0218123
0.010309,0.0070466,0.00313562,0.0197146,0.00598854,0.00656752
0.0252327,0.0165952,0.0131762,0.0721959,0.0186302,0.0351691
0.0147885,0.0104365,0.00593814,0.0305837,0.00675924,0.00341645
0.0104226,0.00715144,0.00328448,0.0125507,0.00366643,0.00486488
0.0130215,0.00901321,0.00486519,0.0178365,0.00397059,0.00656887
0.0128822,0.00853033,0.00452859,0.025173,0.00520404,0.00648408
0.0128775,0.00855901,0.00500361,0.0261079,0.00691423,0.00231303
0.0396957,0.0261842,0.0133787,0.0497807,0.0132419,0.0139177
0.0209866,0.0144121,0.00634439,0.0466048,0.0121713,0.0201873
0.0247922,0.0113909,0.0102833,0.038074,0.0112396,0.00983197
0.0281872,0.0142336,0.00900581,0.0361493,0.00866457,0.0231256
0.0221547,0.0150382,0.00734697,0.05145,0.0119229,0.0196203
0.0113535,0.00738818,0.00356265,0.0172312,0.00474298,0.00644324
0.0294871,0.0199196,0.0294557,0.0748275,0.0202472,0.0250915
0.0386911,0.0248926,0.0143722,0.0431505,0.00970843,0.0280218
0.0166916,0.0115643,0.00524686,0.0274045,0.0071194,0.00332308
0.0157201,0.0105122,0.00355712,0.0228444,0.00428995,0.00547354
0.00838109,0.00582517,0.00517852,0.0216908,0.00630562,0.003239
0.00877103,0.00602118,0.00285265,0.0118318,0.00445971,0.00292817
0.00595841,0.00398259,0.00327249,0.0147356,0.00412016,0.00301808
0.0092276,0.00643479,0.00412178,0.0188452,0.0043132,0.00342044
0.00910768,0.0063215,0.00243005,0.0224167,0.00500522,0.00938887
0.0216676,0.0142171,0.00926949,0.0403037,0.0109635,0.00725058
0.00567629,0.00380667,0.00254596,0.00655774,0.00403682,0.00542973
0.0169332,0.0114328,0.00600285,0.0271068,0.00752232,0.00747279
0.00813925,0.00556943,0.00298138,0.0142013,0.00387889,0.00197316
0.0492615,0.0294195,0.0282955,0.102444,0.0262158,0.0672374
0.0125796,0.008583,0.00479592,0.0194894,0.00365437,0.00717677
0.0150477,0.0100724,0.00730882,0.0369448,0.00874516,0.0147084
0.00968897,0.00554002,0.00518708,0.0258583,0.00622426,0.00657765
0.0495607,0.0241566,0.023604,0.0975502,0.0266294,0.083291
0.0106463,0.00713763,0.00305681,0.0211488,0.00381903,0.00298865
0.0198066,0.0129731,0.00773986,0.0321435,0.00957335,0.00883109
0.0251908,0.0169093,0.0111316,0.0471448,0.0135809,0.00708771
0.00463723,0.00312016,0.00236117,0.0247653,0.00545089,0.00788629
0.0195011,0.0118058,0.00635655,0.0264939,0.00779022,0.0068056
0.0588938,0.0352382,0.0174652,0.0785869,0.0206969,0.0379962
0.0417358,0.0258519,0.0330007,0.1091,0.0309571,0.0985639
0.0221746,0.0141947,0.00848702,0.0515343,0.0141715,0.0166946
0.0177934,0.0116499,0.00982761,0.0351235,0.00742157,0.00476904
0.0140631,0.00949858,0.0036945,0.0322466,0.00754884,0.00903819
0.00901372,0.00585304,0.00394099,0.0267611,0.00622186,0.00772076
0.0247752,0.0158003,0.013351,0.0572653,0.012742,0.0311893
0.0112119,0.00725464,0.00374863,0.0171863,0.00500587,0.00846331
0.00792534,0.00514508,0.00561418,0.0017165,0.00116764,0.0179943
0.00508787,0.00348124,0.00215424,0.00806726,0.00329888,0.00204454
0.02075,0.0136515,0.00553768,0.0417556,0.0106902,0.0135756
0.0277241,0.0178937,0.00964548,0.04559,0.0104101,0.013292
0.0313827,0.0204733,0.0128889,0.0517985,0.0107491,0.0153684
0.0140049,0.00928507,0.00330803,0.0113792,0.00300272,0.00225311
0.0231664,0.0154056,0.0164072,0.0694001,0.0213282,0.0257775
0.0503928,0.0303696,0.0280854,0.0957499,0.022071,0.0349612
0.00699444,0.00502079,0.00282304,0.013545,0.00401111,0.00214189
0.00719607,0.00487166,0.00316116,0.0180228,0.0030056,0.00595181
0.0215373,0.014144,0.00770031,0.0335226,0.00718307,0.00323411
0.00659648,0.00487877,0.00359276,0.0111079,0.00493379,0.00310132
0.00929287,0.00654839,0.00204423,0.0145456,0.00289032,0.00180803
0.0483933,0.0193514,0.0171196,0.0499142,0.0135774,0.0226197
0.047619,0.019384,0.0164554,0.0498212,0.0136603,0.0205213
0.0144791,0.00775602,0.00537508,0.00415821,0.00310589,0.0140195
0.00896441,0.00588558,0.00267717,0.0179702,0.00351719,0.00746689
0.0124657,0.00855091,0.0021093,0.0235118,0.00440682,0.00348869
0.00547685,0.00397102,0.00269913,0.0199055,0.0057578,0.0147715
0.00903208,0.00654528,0.00366532,0.0202291,0.00462951,0.00143787
0.0284596,0.0172933,0.0140938,0.0530896,0.011072,0.023
0.00990197,0.00716112,0.00553672,0.0182364,0.00373478,0.00148494
0.0196051,0.0135511,0.00798261,0.0378693,0.0104146,0.0136424
0.012076,0.00826966,0.00404984,0.0233908,0.00440188,0.00373974
0.005807,0.0041175,0.00524753,0.0247602,0.00634404,0.0019611
0.00525515,0.00350695,0.00195043,0.0142284,0.0036282,0.00303524
0.024242,0.0159111,0.00658206,0.0348604,0.00975008,0.027647
0.0449642,0.0197972,0.0160844,0.0464326,0.010991,0.0102267
0.0114268,0.00805166,0.00377759,0.0181091,0.00352475,0.00296613
0.0056878,0.00401872,0.00226401,0.0189944,0.00366788,0.00354819
0.0117287,0.00782161,0.00410826,0.0194939,0.00456579,0.005967
0.00857282,0.0060774,0.00706417,0.0191149,0.00653393,0.0038539
0.00575218,0.00415284,0.00290994,0.0141891,0.00238976,0.00409035
0.0369168,0.0237169,0.0112473,0.0429622,0.0117079,0.00855134
0.0211311,0.0143726,0.0095804,0.0290402,0.00714974,0.00746717
0.0268839,0.0147192,0.0172787,0.0618219,0.0179265,0.02771
0.00898891,0.00592045,0.0109653,0.083394,0.0218097,0.0187569
0.0250658,0.0109023,0.0100467,0.0586888,0.0166136,0.0125791
0.0255075,0.010806,0.00999008,0.0579773,0.014214,0.0112087
0.0164722,0.0109121,0.00567454,0.0272408,0.00693113,0.00379451
0.0368094,0.023584,0.0141756,0.0583348,0.0143249,0.0130116
0.0110748,0.00767553,0.00463312,0.0154729,0.00460791,0.00301822
0.00503196,0.00376576,0.00249663,0.0151203,0.00393377,0.00229157
0.00505365,0.00355505,0.00292479,0.0153293,0.00427623,0.0019019
0.0063658,0.00462957,0.00196934,0.0073046,0.00212561,0.00208561
0.0090431,0.00603797,0.0030361,0.0160882,0.00412216,0.00231735
0.00870205,0.00620062,0.00353289,0.0121092,0.00373594,0.00574461
0.0193969,0.0092173,0.00974598,0.0499093,0.0177877,0.0273921
0.0427083,0.0249284,0.0268845,0.136049,0.0375885,0.103148
0.0259153,0.0117942,0.00834275,0.0511324,0.0141487,0.0130116
0.025234,0.0118231,0.00796715,0.044139,0.0111605,0.0116888
0.0183818,0.0120162,0.00729244,0.0324402,0.00883591,0.00724545
0.00958858,0.00660999,0.0076982,0.026059,0.00677836,0.0309465
0.0131892,0.00910976,0.00347396,0.0224736,0.00496998,0.00537133
0.0285944,0.019085,0.0107195,0.048402,0.012754,0.0159664
0.0212569,0.0140216,0.00623474,0.0347865,0.00829681,0.00285721
0.00762668,0.00528889,0.00300993,0.0171245,0.00342302,0.00591053
0.0307467,0.015996,0.0169849,0.0753345,0.020318,0.0308005
0.0146232,0.00872889,0.00801853,0.0405032,0.010839,0.00841905
0.0177989,0.0120729,0.00581421,0.0229603,0.00549102,0.0143435
0.0216844,0.0145818,0.00662768,0.0315049,0.00976792,0.00230303
0.00921696,0.00637537,0.00284173,0.0103009,0.0028924,0.00387423
0.0354075,0.0216466,0.0160129,0.0839771,0.0210616,0.0411636
0.011424,0.00730692,0.00499426,0.0283022,0.00522342,0.00565713
0.0176785,0.0121669,0.00976429,0.039638,0.0101764,0.00939674
0.0130091,0.00878918,0.00486744,0.0237864,0.0051859,0.00216311
0.0185325,0.0119705,0.00680891,0.0344159,0.00863169,0.00678339
0.0155672,0.0108377,0.00775116,0.0210273,0.00425856,0.0142998
0.00957419,0.00642869,0.00313339,0.0316718,0.00528935,0.00402377
0.00947876,0.00662008,0.00536572,0.0314436,0.00690426,0.0257276
0.02056,0.0138265,0.0072402,0.0284314,0.00755362,0.00886727
0.0101867,0.00709083,0.00366175,0.024971,0.00680774,0.00432902
0.0111319,0.00767776,0.00418226,0.00267094,0.000819238,0.00332246
0.0341673,0.0214695,0.0296053,0.103454,0.0310984,0.0477726
0.0810374,0.0285308,0.0408383,0.198764,0.0521717,0.0515734
0.0800264,0.0275152,0.0340331,0.146227,0.0349452,0.0398878
0.0200211,0.0130475,0.00632617,0.0321843,0.00756724,0.00653138
0.0091386,0.00582656,0.00458239,0.0264238,0.00620381,0.00415703
0.0223328,0.0144482,0.00853094,0.0517522,0.0139559,0.0128307
0.0187279,0.0126961,0.00617045,0.0403485,0.0117868,0.00942529
0.0254233,0.0164858,0.0102461,0.0445594,0.0117556,0.00750058
0.0293468,0.0146783,0.0161477,0.0924877,0.023599,0.0214324
0.0260106,0.00947987,0.0135902,0.0628269,0.016352,0.028169
0.00508798,0.00299142,0.00271904,0.0176116,0.00549978,0.0067707
0.00550807,0.00408896,0.00384113,0.0109173,0.00471017,0.00228471
0.0054272,0.00369023,0.00257112,-7.14017e-05,-5.70574e-05,0.00267045
0.0110214,0.00747297,0.00570696,0.0261265,0.00501705,0.00579422
0.00464892,0.00321953,0.00182583,0.0204265,0.00547131,0.0082864
0.0229604,0.0148952,0.00854504,0.0394668,0.0107365,0.0175585
0.0251567,0.0163926,0.00998858,0.0243442,0.00725674,0.0144224
0.0137934,0.00958648,0.00624963,0.0386621,0.00964325,0.00587201
0.0139556,0.00919411,0.00643229,0.0289932,0.00719453,0.00448729
0.0274238,0.0168409,0.0112312,0.0460399,0.0131454,0.0326213
0.00475656,0.00324092,0.00130657,0.0184758,0.0045912,0.00290419
0.0335118,0.022029,0.0105396,0.0523059,0.0104231,0.0106601
0.0242309,0.0158743,0.00822381,0.0261224,0.0102954,0.00516485
0.0106601,0.00734603,0.00386851,0.0159212,0.00470416,0.0153996
0.0193978,0.00735896,0.00974387,0.0535644,0.0150728,0.0112796
0.0106669,0.00706183,0.00331037,0.0187292,0.00460142,0.00952951
0.0200446,0.0132259,0.0062498,0.0389146,0.00942975,0.0125841
0.0336229,0.0214,0.0132264,0.0414303,0.0113478,0.00372763
0.0125166,0.00851358,0.00506501,0.0361913,0.00893419,0.006062
0.00829308,0.00533865,0.00311949,0.0202609,0.00531646,0.00469163
0.00948362,0.00651504,0.00476195,0.0142943,0.00536209,0.00152704
0.013037,0.00883722,0.00428769,0.0100861,0.00488411,0.0039887
0.0464301,0.0269564,0.0125318,0.0351781,0.00892151,0.0152823
0.0321447,0.02106,0.0117225,0.0446454,0.0134317,0.00670915
0.018703,0.0123576,0.00713895,0.0587821,0.0127111,0.00791986
0.0052185,0.00361637,0.00235958,0.010708,0.00266008,0.0035888
0.00765624,0.00553134,0.00319453,0.0160438,0.00460276,0.0109524
0.0264084,0.0177227,0.0088601,0.0413924,0.0102492,0.0130166
0.00458785,0.00331323,0.00319179,0.0114703,0.00354962,0.00549433
0.0174998,0.0119725,0.00657975,0.00379689,5.95086e-06,0.00881121
0.015743,0.0103969,0.0152899,0.0962694,0.0250814,0.0171391
0.0204954,0.0135313,0.0150109,0.0601864,0.0147714,0.0125867
0.00720916,0.00515888,0.00330942,0.0130693,0.00339971,0.00408769
0.0164693,0.0111856,0.00435255,0.0183892,0.00487547,0.00878096
0.030859,0.0118973,0.0231984,0.113685,0.0297625,0.0437928
0.0288153,0.0118293,0.0213432,0.0851088,0.0190161,0.0342596
0.0135811,0.00891826,0.00485844,0.0198084,0.00568067,0.00224948
0.0232201,0.0152721,0.0147241,0.0448102,0.0123041,0.00708526
0.0477083,0.027893,0.0204797,0.0879698,0.0246236,0.0347024
0.0136458,0.00927811,0.00518293,0.0154179,0.00480706,0.0046714
0.00777673,0.0051065,0.00241717,0.0112018,0.00475936,0.00806311
0.00712859,0.00478701,0.00316894,0.0282889,0.00698478,0.0083646
0.0403041,0.02511,0.0137816,0.0633488,0.0166851,0.0157332
0.0144168,0.00981568,0.00432714,0.0133357,0.0032506,0.00568797
0.0230291,0.0152861,0.00597069,0.0283956,0.00684845,0.0102261
0.00747375,0.00522333,0.00340797,0.0211334,0.00398444,0.0034266
0.00799209,0.00531633,0.00473298,0.0247259,0.00751407,0.00567398
0.00597254,0.00411855,0.00262024,0.017012,0.00504545,0.00343166
0.0180976,0.0119589,0.0083114,0.042121,0.00976368,0.0157996
0.0377309,0.014839,0.0151886,0.0614537,0.0154511,0.0190941
0.0118465,0.00848577,0.00232574,0.0177764,0.00518388,0.00724686
0.0221351,0.014936,0.0147555,0.0348287,0.0119232,0.0072794
0.0104494,0.00730994,0.0033775,0.0147486,0.00278749,0.0025856
0.00831303,0.00556324,0.00566954,0.0202744,0.00376506,0.00238773
0.00906095,0.00583635,0.00389456,0.0149633,0.0040138,0.000356657
0.0403209,0.0262871,0.012286,0.0389356,0.0107713,0.0167275
0.024779,0.0106161,0.00880065,0.0441316,0.0139846,0.0205194
0.0250566,0.0111967,0.00883755,0.0334664,0.00944819,0.0200353
0.0204904,0.0133465,0.0066825,0.0372046,0.0108049,0.00782503
0.0234197,0.0155718,0.00776949,0.0335616,0.00854006,0.00582804
0.00643368,0.00465334,0.00306796,0.0143232,0.00428531,0.00181451
0.00960934,0.00630455,0.00377446,0.0104794,0.00271891,0.00537414
0.0108059,0.00724585,0.0074205,0.0240729,0.00607115,0.0045792
0.017605,0.0115989,0.0061779,0.0226461,0.00678261,0.0120769
0.00741676,0.00543451,0.00402238,0.0135367,0.00264276,0.00349161
0.00751076,0.00490864,0.00289901,0.0136767,0.00377296,0.00443438
0.0338288,0.022753,0.0169577,0.0611818,0.0196737,0.0207886
0.0459207,0.0296923,0.0272857,0.122273,0.0333333,0.041488
0.0201318,0.0130059,0.00481303,0.0446447,0.0105288,0.0176186
0.0104639,0.00725233,0.00403004,0.018448,0.00470082,0.00536569
0.0131929,0.00911566,0.00439319,0.0270189,0.00696046,0.0123801
0.0124863,0.00817306,0.00802899,0.0235788,0.00590288,0.00621534
0.0370677,0.0241452,0.0149598,0.0675587,0.0175936,0.0173594
0.0165497,0.0110401,0.00658295,0.0318679,0.00724544,0.00423796
0.00667924,0.00469372,0.00277448,0.01466,0.00268372,0.0079653
0.0228503,0.014556,0.0191029,0.0982432,0.0261982,0.0466719
0.0213431,0.0143862,0.00836537,0.0383066,0.0100454,0.00860344
0.0243561,0.0156077,0.0187212,0.0691924,0.0164194,0.0266488
0.0105633,0.00737979,0.00405336,0.0146501,0.00250822,0.00272313
0.0217499,0.0140914,0.00790954,0.0259928,0.00811184,0.0104439
0.011937,0.00822052,0.00685705,0.0218509,0.00678029,0.0036628
0.0149712,0.00767511,0.0102257,0.0593603,0.0242388,0.0370862
0.0210219,0.0108774,0.0249329,0.126285,0.0408633,0.0855106
0.015043,0.0100937,0.00495249,0.022706,0.00630603,0.00883377
0.0233146,0.0158943,0.0172111,0.0418176,0.00812085,0.00648009
0.0308993,0.0202859,0.0104049,0.0350628,0.00984712,0.0170461
0.0136231,0.00960651,0.0149152,0.0375147,0.0120037,0.0257164
0.0113832,0.00761215,0.0036996,0.0346827,0.00780782,0.00798697
0.0337737,0.0195321,0.0132641,0.0723368,0.0189238,0.0170086
0.0274721,0.018516,0.010937,0.0478442,0.00941249,0.0142969
0.0207606,0.0135709,0.00824832,0.0342246,0.00719913,0.013426
0.0115771,0.0078279,0.00437637,0.0176638,0.00403941,0.00890072
0.0330797,0.0216686,0.0135739,0.0422937,0.0111124,0.02859
0.0210796,0.0123441,0.0612836,0.19838,0.0547912,0.0808844
0.0134292,0.00956158,0.00352965,0.0212237,0.00644337,0.00477889
0.0272944,0.0129308,0.00814962,0.0386002,0.010485,0.0258229
0.0125663,0.00860413,0.00359028,0.0224162,0.00495213,0.00882835
0.0084508,0.00605286,0.00288213,0.014213,0.00415772,0.00946092
0.0392492,0.0253738,0.0274335,0.13949,0.0375464,0.0377354
0.0408572,0.0248325,0.0220974,0.0462064,0.0108918,0.050778
0.0312459,0.0213923,0.0120671,0.0540218,0.0139231,0.010052
0.0105582,0.0070376,0.00461289,0.0144484,0.00318157,0.0124479
0.023868,0.0164491,0.00687178,0.0220709,0.00670715,0.0051958
0.0144981,0.00968224,0.00300009,0.016023,0.00548595,0.00517643
0.0300853,0.0191906,0.03114,0.123312,0.03315,0.0361192
0.0121815,0.00823042,0.00391476,0.0224289,0.00518756,0.00453959
0.0124708,0.00823149,0.00424422,0.0257425,0.00607192,0.00593427
0.0234643,0.0152371,0.00807458,0.0336883,0.00833086,0.00798464
0.0100244,0.00704159,0.00335701,0.0173155,0.00488781,0.00288998
0.0104994,0.00728537,0.00305601,0.0218473,0.00610631,0.00461368
0.0184344,0.0122184,0.00805292,0.0401523,0.0114677,0.00433606
0.00446328,0.00304885,0.00374385,0.0118883,0.00271866,0.00143599
0.0392155,0.0243416,0.011356,0.0783124,0.0198038,0.0207055
0.031172,0.0206703,0.0100435,0.0120967,0.00175847,0.0124429
0.0723973,0.0413007,0.0369562,0.189781,0.0470846,0.0401352
0.0106754,0.00744962,0.00438874,0.0255352,0.00641512,0.00793961
0.0131268,0.00868239,0.00655031,0.026966,0.00760794,0.00450474
0.0107153,0.0075679,0.00346299,0.0151813,0.00469847,0.0138744
0.0221829,0.0138117,0.0141799,0.0428952,0.0118162,0.018957
0.0324676,0.0206323,0.0279739,0.0866099,0.0233768,0.0386843
0.0141466,0.00967946,0.00450417,0.0198998,0.00479498,0.00370983
0.00699664,0.00503516,0.00318673,0.0136767,0.00441646,0.00265892
0.0158852,0.0109149,0.0109595,0.0447495,0.0112475,0.0200468
0.0310531,0.0204378,0.00964517,0.046417,0.0109867,0.00639652
0.00766029,0.00507066,0.00345174,0.0189101,0.00404703,0.00379405
0.034895,0.0219807,0.0106705,0.0473662,0.0109349,0.0316012
0.00777853,0.00529528,0.00263012,0.0122308,0.00333597,0.00223364
0.0119714,0.00848359,0.00624637,0.0289784,0.00585632,0.00622951
0.00985283,0.00652602,0.00370857,0.0194504,0.00417774,0.0047126
0.0156213,0.0105829,0.00293665,0.011824,0.00115623,0.00364341
0.012406,0.00878075,0.00420779,0.0205142,0.00445531,0.00609099
0.0054076,0.00387386,0.00270875,0.00927369,0.0018836,0.000963209
0.0136335,0.00958598,0.00320947,0.0221465,0.00613094,0.00456662
0.00826405,0.00547238,0.00320433,0.0143257,0.00344027,0.00401493
0.00929969,0.00620323,0.00293701,0.0147964,0.00324086,0.00776546
0.0158435,0.0107045,0.00739371,0.019261,0.00500538,0.0029589
0.0155437,0.0106205,0.0061895,0.0261394,0.00603247,0.00420028
0.0162035,0.0114431,0.00445353,0.0172138,0.00410078,0.0102933
0.0202838,0.0139437,0.0041837,0.040699,0.0119249,0.00488196
0.0114519,0.00776947,0.00342792,0.0210535,0.00696618,0.0147876
0.0142467,0.00960954,0.00510443,0.0167434,0.00633408,0.0123152
0.0149413,0.0101021,0.00535074,0.0149909,0.00451162,0.00278756
0.017752,0.0121309,0.00647936,0.0424828,0.0112091,0.00857151
0.0605363,0.0334337,0.0401766,0.177989,0.0481608,0.0379578
0.0189309,0.0125423,0.00547228,0.0216881,0.00575116,0.0022607
0.0321265,0.0185693,0.0219845,0.0962767,0.0255463,0.0197102
0.0171902,0.0115487,0.0126873,0.0606219,0.0141292,0.0144343
0.00768039,0.0056359,0.00283471,0.0165831,0.00373374,0.00975388
0.0310147,0.0203354,0.0124833,0.0598749,0.0159601,0.0150995
0.0123564,0.00840821,0.00273432,0.0271868,0.00706977,0.00726347
0.0310412,0.0191736,0.0230294,0.084256,0.0206879,0.0526632
0.0175313,0.0121235,0.0150165,0.0741476,0.0200205,0.00569523
0.0122722,0.00817885,0.00528207,0.0176648,0.00425424,0.00291539
0.0115729,0.00765949,0.00336334,0.0220069,0.00721847,0.00707764
0.00809585,0.00580449,0.00387428,0.010529,0.00273458,0.00268771
0.0117246,0.007671,0.00266985,0.0211464,0.00604346,0.0103535
0.0139246,0.00983368,0.00513423,0.0126643,0.00583683,0.00155078
0.0354225,0.0227442,0.00937729,0.0657525,0.0164391,0.00971904
0.0114587,0.00777364,0.0028947,0.0207325,0.00517325,0.00139419
0.0195483,0.0128849,0.0242732,0.0672948,0.0187187,0.010813
0.0234679,0.0159558,0.00848234,0.031346,0.00820155,0.0131883
0.0116677,0.00819261,0.00603022,0.0130353,0.00479027,0.00836244
0.0111317,0.00725473,0.0020201,0.0234819,0.00714919,0.00559581
0.00550506,0.00413807,0.0025154,0.0123191,0.00359192,0.00607853
0.00981035,0.00678205,0.00360551,0.0128753,0.00444909,0.00239397
0.0139199,0.0100384,0.00677933,0.0159638,0.00679972,0.00612299
0.0257931,0.0174637,0.0197567,0.1065,0.0239817,0.0182307
0.0103888,0.0070666,0.00225261,0.0234538,0.00816565,0.00926505
0.0460863,0.0290811,0.029664,0.123641,0.0322379,0.0537944
0.00969133,0.00690228,0.00322662,0.0147075,0.00447995,0.00999575
0.0197148,0.0130936,0.00550491,0.0389764,0.00959879,0.0108726
0.0394352,0.0245179,0.0120206,0.0319131,0.00751815,0.0145302
0.00626238,0.00382697,0.00348351,0.0168558,0.00449871,0.00673512
0.0124206,0.00821073,0.0049227,0.0250239,0.00747432,0.0193282
0.00780444,0.00533148,0.00452706,0.0167154,0.0048124,0.0118226
0.0204727,0.0128894,0.0103691,0.0622245,0.0158702,0.0124273
0.0118745,0.00780505,0.00457601,0.0191587,0.00393871,0.0021311
0.013597,0.00946937,0.00541533,0.0296002,0.00592881,0.00473074
0.0130052,0.00886768,0.0046422,0.0176607,0.00596224,0.00433884
0.0133637,0.00943417,0.00501318,0.0196377,0.00463333,0.00747086
0.0112001,0.00795824,0.00743096,0.036057,0.00973812,0.00670258
0.0116591,0.00773895,0.00549657,0.0198625,0.00433401,0.00690332
0.0461013,0.0285881,0.012571,0.0630701,0.0159361,0.0145948
0.00643034,0.00458432,0.00163949,0.00602524,0.0013078,0.00464782
0.0180723,0.012032,0.00598028,0.0267175,0.0074298,0.0125594
0.0256396,0.0167514,0.0135439,0.0912852,0.0257379,0.0875853
0.0134667,0.00923422,0.00432066,0.0181304,0.00521557,0.014746
0.01204,0.00681464,0.0146044,0.0461234,0.0121318,0.0278111
0.0345813,0.0222927,0.0100803,0.0250536,0.00951041,0.0235503
0.0118984,0.0083814,0.00354816,0.025171,0.00638364,0.00513398
0.00974502,0.00639704,0.00480835,0.0207629,0.00539593,0.000833366
0.0138072,0.00932764,0.00387644,0.0214673,0.00754434,0.0117299
0.0442437,0.0276134,0.0203989,0.0706661,0.0218783,0.0193788
0.0423168,0.0271101,0.0154547,0.0167658,0.00352561,0.0343398
0.0666657,0.0276446,0.042727,0.141282,0.0361401,0.0556216
0.0602191,0.026812,0.0386843,0.110904,0.0251179,0.0440286
0.0125643,0.00565646,0.00704297,0.0418558,0.0152048,0.0128365
0.0348522,0.0209918,0.0205985,0.108288,0.0280648,0.0343681
0.0217244,0.0128532,0.0182191,0.0538012,0.0136257,0.0146933
0.0072216,0.0049261,0.00282068,0.0161145,0.00427664,0.00330663
0.0096528,0.00696013,0.00390838,0.0111483,0.00269939,0.00483378
0.00918016,0.0062602,0.00371895,0.0206751,0.0052316,0.00150708
0.00759644,0.00534643,0.00271989,0.0165203,0.00475691,0.00617356
0.00706026,0.0050652,0.00320882,0.0100387,0.00378895,0.00368163
0.00882189,0.0061444,0.00274332,0.0160733,0.00453792,0.00186756
0.0102447,0.00475463,0.00423453,0.0242225,0.00831205,0.01146
0.0191481,0.0121677,0.0059125,0.0221671,0.00493442,0.00507743
0.0103163,0.00720535,0.00459665,0.0161172,0.00531175,0.00167971
0.0102883,0.0069726,0.00391293,0.0121093,0.00285993,0.00175538
0.0104593,0.00723514,0.0033669,0.0195429,0.00477445,0.0035433
0.0131294,0.00897534,0.00327927,0.0183131,0.00489928,0.00876967
0.0111119,0.00585131,0.00289886,0.0243478,0.00639281,0.00543742
0.0151139,0.00862478,0.00501181,0.0249817,0.00729949,0.00530833
0.0169031,0.0113038,0.0121562,0.0793154,0.0207329,0.0343418
0.0209195,0.014389,0.00690516,0.0244392,0.00809053,0.0143407
0.0238539,0.0160742,0.00691478,0.0350264,0.00933455,0.00557575
0.0213554,0.0143091,0.00925887,0.0544727,0.0128079,0.0109465
0.00846238,0.00574113,0.00497617,0.0143472,0.00535815,0.00836688
0.0199451,0.013381,0.00770776,0.0296581,0.00758753,0.0119543
0.00655567,0.00459379,0.00367955,0.0120458,0.00506013,0.0025782
0.0386392,0.0227507,0.0184835,0.0872396,0.0232966,0.0185675
0.0061836,0.0043654,0.00256687,0.00918316,0.00266738,0.00170576
0.0143608,0.010049,0.00349535,0.0144112,0.00514731,0.0130176
0.015834,0.0111948,0.0109673,0.0102465,0.00107479,0.0160699
0.0183971,0.0118298,0.00907946,0.0558772,0.0150686,0.0218699
0.0282381,0.0184453,0.00599804,0.0394449,0.00827643,0.00763305
0.0146958,0.0102183,0.00385439,0.0171043,0.007166,0.00590179
0.0192354,0.0124576,0.00747417,0.0287921,0.0094335,0.025645
0.029465,0.0197086,0.0122236,0.0401003,0.0102704,0.0277279
0.0173696,0.0121333,0.00802624,0.0382858,0.0115546,0.00585183
0.0111691,0.0074324,0.00343806,0.019136,0.00557973,0.00322017
0.0204845,0.0140497,0.00740633,0.0284802,0.00742365,0.0133646
0.0314183,0.0196103,0.0274214,0.0987911,0.0253038,0.0205593
0.00866715,0.00556753,0.0034042,0.0191772,0.00553453,0.00320697
0.0286515,0.0187341,0.0116893,0.0462881,0.0137395,0.0231822
0.0401117,0.0231936,0.0168267,0.0833638,0.0212425,0.0235789
0.0339414,0.0223509,0.0152473,0.0603307,0.0150687,0.0153174
0.0141737,0.0100361,0.0041997,0.0130919,0.00623595,0.0139264
0.0050312,0.00366206,0.00129037,0.0152099,0.00387213,0.00246433
0.0390807,0.0247677,0.0149892,0.0560519,0.0129234,0.0126035
0.00518604,0.00389976,0.00289933,0.0168422,0.00290388,0.00501949
0.00399295,0.00303339,0.00156286,0.0111055,0.00130989,0.000979173
0.0063177,0.00454944,0.00276579,0.0167027,0.00361853,0.00605068
0.0367385,0.0240045,0.0114686,0.0303108,0.0082398,0.0295901
0.00566316,0.00415636,0.00206899,0.0163498,0.00499058,0.00712295
0.0148673,0.00963612,0.00583077,0.0150658,0.00453137,0.00516876
0.0125721,0.0084167,0.00310965,0.0258237,0.00754749,0.0122044
0.0107101,0.00740804,0.00422278,0.0246602,0.00583783,0.00578611
0.0297275,0.0194904,0.0116126,0.0454268,0.0111759,0.0101509
0.0270292,0.0178157,0.00708699,0.0331654,0.00956591,0.0221396
0.00605121,0.00437359,0.0026633,0.00196541,0.00129413,0.00350427
0.00977252,0.00656905,0.00443517,0.0136786,0.00362403,0.00681617
0.00975301,0.00657636,0.0032362,0.00996813,0.00286366,0.00642176
0.00958373,0.00695781,0.00496151,0.0233666,0.00636399,0.0102722
0.0214969,0.0119838,0.00664224,0.0394721,0.0105753,0.0188577
0.0230116,0.00960611,0.00861156,0.0418693,0.00976964,0.00867211
0.0532203,0.0245655,0.0300038,0.142047,0.0351727,0.0320516
0.0485749,0.024594,0.0265927,0.116328,0.0251065,0.0250994
0.0211601,0.013687,0.00698743,0.0390771,0.0107443,0.00301938
0.0363852,0.0232612,0.0128392,0.0340057,0.00864671,0.0164153
0.00664866,0.00459751,0.00792155,0.0309004,0.00721769,0.0116109
0.00539473,0.00391154,0.00233881,0.0158283,0.00547556,0.00396716
0.0354877,0.0220563,0.0301391,0.134667,0.0385616,0.0614672
0.0468124,0.0247835,0.0149563,0.0726119,0.0188097,0.0119494
0.0374988,0.0133244,0.0120943,0.0485347,0.010223,0.0110732
0.0259929,0.0170992,0.0215315,0.0882462,0.0239003,0.0149216
0.00426394,0.00343199,0.00183406,0.0298083,0.0102024,0.0197049
0.0107206,0.0074147,0.00340443,0.0110502,0.00238982,0.00330843
0.0225329,0.0146937,0.00944605,0.0368319,0.0104366,0.0138098
0.00818495,0.00544239,0.00436776,0.0520731,0.011846,0.00278965
0.0142683,0.0101397,0.00546911,0.0366985,0.0092341,0.00807359
0.0503471,0.0314039,0.0133326,0.0582996,0.0135077,0.0117815
0.0202776,0.0139892,0.0147262,0.0845135,0.0233953,0.0167983
0.0220071,0.0146779,0.00646808,0.0277089,0.00824966,0.00674571
0.0327645,0.0211768,0.0100483,0.0354072,0.00869382,0.0258505
0.02419,0.0137882,0.00910772,0.0300728,0.00939831,0.0195671
0.0101214,0.00670694,0.00408685,0.0208534,0.00632867,0.00612959
0.0152567,0.010847,0.00422924,0.0269142,0.00626844,0.00774556
0.00577391,0.00386561,0.00246585,0.0183381,0.00415742,0.00428048
0.0134494,0.00934172,0.00435352,0.0176888,0.00507546,0.00826672
0.0219278,0.0146397,0.00572896,0.0314825,0.00872561,0.00860889
0.0259462,0.0167112,0.0117108,0.0581999,0.0161863,0.0239245
0.0298441,0.0200765,0.0194857,0.101995,0.0277489,0.0600494
0.00934879,0.00648011,0.00557549,0.0216223,0.00608203,0.00525714
0.0288753,0.0184216,0.0188203,0.107329,0.0290154,0.0482164
0.0257848,0.0168892,0.0172575,0.0425722,0.0104497,0.0239327
0.0154234,0.0101367,0.00520875,0.023735,0.00851569,0.012301
0.0603335,0.0354811,0.0634762,0.319341,0.0816231,0.112367
0.0146947,0.00999547,0.00482797,0.0196391,0.0046515,0.00550264
0.00778633,0.00524974,0.0029448,0.0244919,0.00536491,0.0045401
0.0131918,0.00913319,0.00397641,0.0138187,0.00513127,0.00583572
0.0189253,0.0118553,0.00767373,0.0347632,0.00895339,0.0108279
0.0267782,0.0178281,0.0069074,0.0390475,0.0109107,0.0120316
0.0321119,0.0187425,0.0168591,0.0774412,0.020423,0.0424841
0.00935962,0.00636641,0.00591701,0.0293354,0.0081428,0.00495842
0.00622826,0.00411895,0.00216596,0.0123821,0.00333064,0.00347732
0.00940247,0.00628717,0.00411114,0.0131763,0.00296121,0.00310026
0.0414167,0.0260406,0.014172,0.0524487,0.0134326,0.0137812
0.0152117,0.010248,0.0176056,0.0830261,0.0226563,0.0291279
0.0135531,0.00886254,0.00325402,0.0268888,0.00614559,0.010181
0.0295192,0.0194157,0.00914365,0.0356201,0.00942196,0.0174106
0.0153753,0.010451,0.0185355,0.0871237,0.0208669,0.0290417
0.0375447,0.024089,0.010747,0.0529055,0.0159845,0.0259159
0.0135489,0.00889797,0.00463098,0.0166915,0.00499338,0.00758376
0.0392156,0.0244035,0.01717,0.0632087,0.0162109,0.0161239
0.00557716,0.00379265,0.0029398,0.0202107,0.00289326,0.00120089
0.0150175,0.010012,0.00867221,0.0533493,0.0140169,0.026598
0.00437151,0.00297912,0.00162398,0.0194007,0.00613254,0.00488197
0.030254,0.0191494,0.0280462,0.132052,0.0324099,0.0416892
0.015425,0.0105973,0.00515973,0.0231874,0.00752639,0.00490724
0.0242103,0.0163496,0.00801692,0.0362399,0.00919445,0.0091422
0.0128755,0.00903217,0.00672451,0.0302481,0.00858452,0.00511449
0.0135376,0.00920865,0.00453503,0.0142634,0.00381503,0.00307605
0.00809428,0.00556738,0.00361083,0.0178482,0.00399478,0.00962454
0.0203143,0.0141831,0.0114144,0.0241382,0.0044803,0.0100282
0.00878262,0.00600882,0.00240681,0.0214303,0.00417998,0.00556576
0.00801442,0.00551264,0.00298473,0.0117368,0.00280487,0.00344514
0.00588358,0.0041491,0.00211865,0.0193346,0.00512924,0.00339102
0.0254035,0.0173331,0.00909119,0.028701,0.00969802,0.0195299
0.0254455,0.0172108,0.0107847,0.0255295,0.00518535,0.0115606
0.0264341,0.0167549,0.00915627,0.0360015,0.00798197,0.0118157
0.0158972,0.0105126,0.00985669,0.0249791,0.00696694,0.0193065
0.0220975,0.0138309,0.0223141,0.117447,0.0311581,0.0319049
0.0218942,0.0146552,0.00739892,0.0280951,0.00610593,0.00637029
0.0137597,0.00931813,0.00779124,0.00731775,0.000409056,0.0023514
0.0237923,0.0156398,0.00871121,0.0328485,0.00851312,0.00660555
0.0117835,0.00828293,0.00610888,0.0322285,0.00768553,0.00293401
0.00860826,0.00591329,0.00276901,0.0385477,0.00885927,0.00763824
0.0178136,0.0122167,0.0053397,0.0201037,0.0042669,0.00411553
0.0425607,0.0272268,0.0257547,0.106203,0.0267894,0.0288883
0.0078468,0.00537482,0.00160986,0.0118639,0.00340811,0.00134134
0.00493068,0.00332468,0.00248482,0.00800522,0.00187078,0.00507062
0.0397581,0.0172824,0.0229014,0.125266,0.0310774,0.0323733
0.0308413,0.0134415,0.0156107,0.0665953,0.0175137,0.0204725
0.0311079,0.0145658,0.0102427,0.0473607,0.011245,0.0192943
0.018535,0.0120858,0.00441227,0.0305445,0.00858936,0.011383
0.00682161,0.00424172,0.00308531,0.00977185,0.00410353,0.00370383
0.0239759,0.015613,0.00749542,0.0275564,0.0090379,0.0157969
0.0101493,0.00669477,0.00352685,0.0161695,0.00359384,0.00777872
0.0152012,0.0104513,0.00348899,0.0182792,0.00626293,0.0100042
0.0162021,0.0109917,0.00460046,0.0364278,0.00733126,0.00378133
0.00535719,0.00385127,0.00315176,0.0146287,0.00327229,0.0105854
0.0246481,0.0162677,0.00350514,0.0341675,0.00924221,0.00414664
0.0105978,0.0075894,0.00450592,0.0101967,0.00299507,0.00268243
0.0176528,0.0118565,0.00506268,0.0179136,0.00383238,0.00387361
0.021123,0.013973,0.00527687,0.0385967,0.00956037,0.00542706
0.0367154,0.02311,0.00964407,0.0717376,0.0203737,0.0120465
0.00827711,0.00564553,0.00366716,0.0240391,0.00417702,0.00346828
0.00614266,0.00448134,0.00141305,0.015716,0.00422752,0.00364134
0.0257532,0.0170401,0.012078,0.0488807,0.0123503,0.00787434
0.00919735,0.00621855,0.00303776,0.0120655,0.00384457,0.00254437
0.0186261,0.0123363,0.00957482,0.023705,0.0070203,0.0201169
0.0326278,0.0209003,0.0198283,0.0920093,0.0261729,0.0660789
0.00944472,0.00701582,0.00538348,0.03576,0.0114211,0.0111242
0.0122241,0.00814212,0.00387323,0.0228854,0.00586749,0.014279
0.0271198,0.0166976,0.0105446,0.0521553,0.0127208,0.00492516
0.00748584,0.00505498,0.00853973,0.0306668,0.00755226,0.00898319
0.00510544,0.0034866,0.00308842,0.0119595,0.00297896,0.00628037
0.01181,0.00778385,0.00538763,0.0192519,0.0055477,0.0109887
0.0202527,0.0136553,0.00470201,0.0346379,0.00750598,0.0104375
0.0117604,0.00789883,0.00511884,0.0223338,0.00494919,0.00698665
0.0561151,0.0329854,0.0164201,0.096986,0.0266729,0.0285702
0.0404996,0.0234083,0.0206091,0.0934316,0.0255481,0.0270946
0.0560489,0.0269017,0.0595051,0.201597,0.0540757,0.0765477
0.0349875,0.0207906,0.0554029,0.213792,0.0548558,0.044753
0.0220237,0.0147331,0.00881551,0.0486998,0.0142186,0.0120854
0.0140833,0.00953609,0.00493689,0.018609,0.00533943,0.00248507
0.0201393,0.0140717,0.00576088,0.0237637,0.00644536,0.0134107
0.00646629,0.00472208,0.00280338,0.0157525,0.00432087,0.00164899
0.00779058,0.00527912,0.00401594,0.0279844,0.00711561,0.00357012
0.0243443,0.0158487,0.0203088,0.0882464,0.021651,0.011701
0.0371224,0.0177222,0.0264791,0.144065,0.0344291,0.0210286
0.00985267,0.00685096,0.00358933,0.016244,0.00354309,0.00401559
0.0209184,0.0140542,0.0150986,0.048701,0.0143574,0.0401611
0.0228874,0.015528,0.00793001,0.0287971,0.00732213,0.0153526
0.0115726,0.00830737,0.00406493,0.0191154,0.00485061,0.00575599
0.0264061,0.011573,0.0116732,0.0555089,0.0139311,0.0108943
0.00899965,0.00657132,0.00397587,0.0207922,0.00358991,0.00568183
0.0256885,0.0170321,0.00738035,0.03457,0.00821726,0.00653919
0.0101217,0.0069118,0.00413425,0.0165328,0.00403841,0.00436771
0.0129177,0.00875941,0.00449445,0.0244927,0.00914874,0.0041572
0.0111927,0.00619443,0.0124142,0.0610493,0.0163566,0.0166538
0.0087382,0.00610275,0.00359704,0.0336781,0.0118755,0.0181233
0.00640494,0.00407401,0.00214762,0.0130208,0.00421806,0.00388832
0.0363625,0.0233638,0.0124918,0.0475555,0.0118068,0.0112647
0.00856015,0.00599112,0.00272574,0.0127343,0.00329893,0.0045765
0.00454334,0.00302097,0.00376531,0.0101405,0.00321371,0.0010701
0.00394429,0.00309948,0.0022231,0.00966917,0.00322687,0.00346831
0.00617024,0.00463053,0.00197744,0.0135116,0.00385576,0.00294826
0.0331439,0.0204303,0.0114049,0.0498181,0.0125673,0.00634877
0.00580151,0.00405442,0.00375903,0.0113954,0.00247486,0.00463988
0.0199525,0.013328,0.0148067,0.0534529,0.0141061,0.020159
0.0125087,0.00814215,0.0046216,0.015149,0.00613293,0.00596438
0.0162926,0.0110297,0.00644493,0.0227096,0.00602943,0.0099672
0.00534943,0.00362649,0.00306509,0.0132864,0.00455954,0.00121943
0.0127593,0.008763,0.00357274,0.0205556,0.00520928,0.00662691
0.00967589,0.00711224,0.00438433,0.0150278,0.00451536,0.00514265
0.00604644,0.00430187,0.00214347,0.0127976,0.00309034,0.00503589
0.021885,0.0142051,0.0152702,0.0744491,0.0188315,0.0156868
0.0191115,0.0126109,0.0209709,0.0716502,0.0179125,0.0209579
0.00617315,0.00427014,0.00225277,0.0152777,0.00541622,0.0131257
0.0253289,0.0169185,0.0128545,0.0403992,0.0127382,0.021133
0.0102002,0.0070104,0.00448927,0.0209229,0.00384543,0.00672337
0.014443,0.00987948,0.00561719,0.0180984,0.00667258,0.0030695
0.00785786,0.00451587,0.00411668,0.0164556,0.00466705,0.00828965
0.0400534,0.0249532,0.0130543,0.0774981,0.0196424,0.0372067
0.0112975,0.0079535,0.00424808,0.0200527,0.00430965,0.00748258
0.0555466,0.0341538,0.0314772,0.0708507,0.0183207,0.0287154
0.016492,0.0106316,0.00575757,0.0334571,0.0111961,0.0191548
0.0282531,0.0188636,0.0080259,0.0519797,0.0119636,0.00904194
0.0668308,0.0387469,0.0304868,0.135827,0.036713,0.0466539
0.00637327,0.0042885,0.00253666,0.00591019,0.0036048,0.00186104
0.0136574,0.00898222,0.00795091,0.0278659,0.00841389,0.00515344
0.0152457,0.0101906,0.00610432,0.0270176,0.00808161,0.00489226
0.00532631,0.00406813,0.00214743,0.0169765,0.00535479,0.00482124
0.0303115,0.0196663,0.0299322,0.140731,0.0370096,0.0584816
0.00731779,0.00505581,0.00362645,0.0191185,0.00468682,0.0063526
0.0555567,0.0331683,0.0410787,0.218465,0.0572589,0.132883
0.00830578,0.00540655,0.00377168,0.0150775,0.00362308,0.00973942
0.013112,0.00924659,0.00380239,0.0199409,0.00529607,0.0117228
0.0536592,0.033315,0.0330388,0.128041,0.0309344,0.0346085
0.016222,0.0105615,0.00298095,0.0301788,0.00937255,0.00918755
0.0146096,0.00977085,0.00619738,0.0218259,0.00474555,0.00331734
0.0738224,0.0402778,0.0571595,0.193667,0.0482559,0.0763863
0.0121313,0.00833658,0.00489834,-0.000138167,0.000571425,0.00512041
0.0345926,0.0211409,0.0152413,0.0766684,0.0194388,0.0295356
0.0265358,0.0170797,0.00855003,0.0191877,0.00679132,0.00690383
0.00660729,0.00432953,0.00286348,0.0125567,0.00253734,0.00239398
0.0239004,0.0126108,0.00956846,0.0196345,0.00346743,0.00568752
0.0196966,0.00891607,0.00920409,0.0164795,0.00372665,0.00558811
0.0060171,0.00414496,0.00218512,0.0145354,0.00279872,0.0133778
0.0102547,0.0068951,0.0036904,0.0148504,0.0057695,0.00622411
0.013368,0.00914001,0.0230658,0.0471706,0.0134974,0.0083846
0.0179751,0.0117288,0.00660659,0.0248372,0.00650627,0.0040809
0.00639228,0.00466511,0.00237092,0.0154026,0.00383816,0.00147102
0.0239619,0.0156763,0.00797487,0.0289172,0.00486436,0.00526701
0.0162674,0.0107184,0.0061841,0.0260587,0.00759443,0.0315098
0.0430822,0.026153,0.0154947,0.0867856,0.0195896,0.0224355
0.023009,0.0119506,0.00835243,0.032048,0.00853998,0.0269104
0.0201155,0.0103065,0.00729709,0.0180932,0.00262755,0.0157284
0.0158119,0.0108513,0.0113448,0.0500744,0.013546,0.0191072
0.0440465,0.0222026,0.0162025,0.0741297,0.0188711,0.0167904
0.00896748,0.0060794,0.00645159,0.0150987,0.00450521,0.00530697
0.0264461,0.0178506,0.0142555,0.0485503,0.0145376,0.0179692
0.0307491,0.0125994,0.0142522,0.0672579,0.0191953,0.0307339
0.0190917,0.00772891,0.00763153,0.0262664,0.00727361,0.005921
0.0301646,0.0197564,0.0111252,0.0674881,0.0190782,0.0197447
0.0230254,0.0150858,0.00903306,0.0538801,0.012908,0.00990784
0.0166847,0.0110123,0.00667634,0.0225376,0.00657889,0.0103648
0.0100002,0.00659288,0.00447442,0.00706199,0.00126501,0.00579802
0.0325809,0.0213707,0.0113912,0.0547443,0.0135159,0.0143989
0.0131882,0.00686325,0.00478729,0.0248501,0.00681908,0.00547924
0.0145211,0.00683247,0.00479569,0.0233753,0.0053842,0.00441748
0.00679378,0.00445819,0.0105077,0.0626562,0.0168488,0.0141675
0.032862,0.021339,0.00968015,0.0608897,0.0172147,0.0218913
0.0169307,0.0114187,0.00333558,0.0291282,0.00785911,0.0141257
0.00688418,0.00467592,0.00309143,0.0194494,0.00461421,0.0126262
0.0156398,0.0106875,0.0134731,0.0525886,0.0121772,0.0204045
0.00685342,0.00472797,0.00343614,0.012694,0.00386214,0.00285658
0.00513079,0.00363973,0.00163877,0.0101433,0.00213917,0.00399824
0.010682,0.00734829,0.00392743,0.0107082,0.00311955,0.0037669
0.00669596,0.00484449,0.00292913,0.00317323,-0.000176404,0.00286744
0.0155903,0.0109664,0.00821107,0.0272537,0.00686626,0.0128198
0.00884246,0.0059026,0.00287945,0.0194654,0.00401412,0.00465074
0.00614216,0.00451639,0.00454444,0.0241713,0.00639885,0.00363186
0.015546,0.010732,0.00743952,0.0329808,0.00699266,0.00871986
0.0081082,0.00543092,0.00416217,0.0223435,0.00666021,0.0105108
0.0118913,0.00731839,0.00469157,0.0328424,0.0107019,0.00720978
0.00749641,0.00416256,0.00485169,0.0384462,0.0120475,0.0199248
0.0203635,0.0136393,0.0107651,0.0527984,0.013369,0.0261255
0.0169158,0.0114492,0.00981102,0.0549898,0.0124669,0.0318964
0.011741,0.00834261,0.00883525,0.0305739,0.00887985,0.0180294
0.0242313,0.0159494,0.0070929,0.0365164,0.00984071,0.0216971
0.0189008,0.0116154,0.0105703,0.0519206,0.0159667,0.0121609
0.0155447,0.0108794,0.00842438,0.0375192,0.00973811,0.00843251
0.0179652,0.0106666,0.00812789,0.0375875,0.0105209,0.0142853
0.0173689,0.00912789,0.00616135,0.0277589,0.00909419,0.00810667
0.0211528,0.012961,0.00798125,0.0408317,0.0120715,0.0117465
0.00496924,0.00358484,0.0024174,0.00612702,0.00260274,0.00602323
0.0221074,0.0143385,0.0160053,0.0922966,0.0238038,0.0358923
0.0480691,0.0265716,0.0255046,0.139957,0.0357384,0.0180253
0.0123729,0.00861354,0.00437075,0.0210663,0.00610512,0.0159251
0.0226603,0.0152729,0.0102394,0.0362206,0.00868643,0.00495682
0.00692833,0.00485267,0.00184495,0.0167137,0.00514413,0.00213086
0.0142473,0.00965317,0.00433049,0.0254247,0.00646547,0.00581983
0.019989,0.0137833,0.00786575,0.0232683,0.00592135,0.0063069
0.0232656,0.0158092,0.0153629,0.0642098,0.0192313,0.0387394
0.0245417,0.0162543,0.00675785,0.0393046,0.0107971,0.00443271
0.0148193,0.010187,0.00508461,0.0214686,0.0064297,0.011543
0.0069411,0.00471109,0.00398362,0.0204782,0.00665119,0.00673691
0.0154927,0.0104101,0.0162953,0.0628591,0.014372,0.0316185
0.0150631,0.0101224,0.0053209,0.0269424,0.00602166,0.0112911
0.0369748,0.0224582,0.0328723,0.124469,0.0333283,0.026341
0.00990659,0.00463687,0.00411812,0.0164177,0.00523699,0.00598417
0.0156243,0.00945357,0.00597757,0.0191493,0.00528086,0.00364663
0.0217759,0.0144141,0.00908935,0.0573404,0.0174533,0.0151816
0.0177248,0.0120253,0.00593966,0.0221455,0.00622704,0.0103825
0.0224839,0.014731,0.0115201,0.0546964,0.0145877,0.0157677
0.0775474,0.0437304,0.0307595,0.0726449,0.0176484,0.0287119
0.0279378,0.0183307,0.0130325,0.0872757,0.0232945,0.0250993
0.00574455,0.00394566,0.00186658,0.0173707,0.00553773,0.0109262
0.0118554,0.008143,0.00678262,0.0351056,0.00898806,0.00791666
0.0229012,0.015319,0.00785243,0.0329584,0.00868233,0.00775956
0.00519063,0.00374743,0.00447997,0.0125426,0.00456845,0.0036583
0.00729786,0.00533881,0.00490179,0.0189108,0.00469805,0.00612396
0.00621933,0.00452735,0.00189711,0.00643379,0.00304711,0.000774859
0.00674052,0.00455175,0.00685199,0.0429135,0.012955,0.0312861
0.032739,0.0215646,0.0216849,0.0924563,0.0247637,0.0247116
0.00984672,0.00698356,0.00422046,0.0267062,0.00718049,0.0131745
0.0295075,0.019016,0.0104288,0.0315863,0.00784794,0.00956426
0.0174397,0.0117251,0.0069425,0.040738,0.0121262,0.0131984
0.00983362,0.00633258,0.00411892,0.0163694,0.0052167,0.00559053
0.0163645,0.0107323,0.00520964,0.0366063,0.00913092,0.0149915
0.00572523,0.00407078,0.00300486,0.0109953,0.00296691,0.00493289
0.0172897,0.0117934,0.00588646,0.0563734,0.0139077,0.0204511
0.0132015,0.00928702,0.00692343,0.0215448,0.00673664,0.00983642
0.0118624,0.0084717,0.00835084,0.0485711,0.0145368,0.0126234
0.0126833,0.00876551,0.00350447,0.0198066,0.00534058,0.00509686
0.0333106,0.0221474,0.00832776,0.0413756,0.0108552,0.00555072
0.00560859,0.00417017,0.00266273,0.00770155,0.00354541,0.00674374
0.0473701,0.0292886,0.0134587,0.0691375,0.0151527,0.0285146
0.0297619,0.0195194,0.015397,0.0582791,0.0164382,0.0323887
0.00937176,0.00711123,0.006749,0.0134149,0.00347729,0.0041632
0.00431168,0.00307928,0.00250368,0.00869332,0.00144393,0.00370998
0.00814633,0.00601128,0.00918114,0.0339932,0.0093725,0.0103184
0.00914335,0.00601884,0.0039434,0.0195307,0.00442566,0.00338981
0.0375937,0.0236508,0.0133639,0.0716298,0.0194134,0.0208113
0.0140181,0.00986293,0.00901205,0.0271287,0.0076564,0.00930691
0.0342873,0.0213619,0.0105407,0.0470507,0.0120072,0.0125377
0.019498,0.0126047,0.0133678,0.0854731,0.0210183,0.017996
0.00593349,0.00402591,0.00147414,0.013511,0.00314267,0.00700405
0.0213333,0.0140769,0.00949542,0.0453582,0.0104285,0.00733447
0.00870972,0.00597727,0.00349396,0.0175639,0.00564372,0.00474535
0.0251499,0.0167268,0.00809645,0.0533876,0.0138489,0.00716324
0.0210355,0.0138784,0.0156056,0.0716306,0.0189112,0.0270964
0.00827884,0.00585373,0.00253928,0.00737529,0.00174337,0.00157747
0.019105,0.0130647,0.00578736,0.037253,0.0108669,0.00867886
0.0322669,0.0205762,0.0237279,0.0910466,0.0250099,0.0200353
0.0252545,0.0115115,0.00897573,0.0309789,0.00826448,0.0114003
0.0273848,0.0175336,0.00677663,0.0398977,0.00868741,0.00309461
0.00803534,0.00576452,0.00207228,0.0155383,0.00466097,0.00107124
0.00794105,0.00518188,0.00188831,0.0195828,0.00541516,0.0026956
0.0145142,0.00974554,0.00518615,0.0291867,0.00724311,0.00496331
0.0163584,0.0109283,0.00585696,0.0216237,0.00483158,0.0163333
0.0340735,0.0206002,0.0114066,0.0581393,0.0128345,0.00668358
0.00588336,0.00387329,0.0047794,0.0155177,0.00291576,0.00241152
0.0234416,0.014323,0.0612755,0.240953,0.0633948,0.142108
0.037991,0.022687,0.0161154,0.0808445,0.0202716,0.0309889
0.0179778,0.012792,0.00569991,0.0329334,0.00992389,0.012183
0.0140453,0.00975533,0.00373631,0.0141998,0.0048586,0.00812895
0.012865,0.00886719,0.00344151,0.0166218,0.00347203,0.00939683
0.00600271,0.00432792,0.00442675,0.041036,0.0115129,0.00500325
0.0224349,0.0153119,0.010276,0.0399148,0.00960101,0.00892458
0.00933927,0.00664801,0.00599894,0.0200249,0.00626389,0.00204566
0.00437957,0.00307281,0.0015903,0.0111419,0.00417937,0.00363125
0.0122971,0.00876597,0.00535276,0.0219992,0.00643373,0.0132284
0.00646979,0.00471812,0.00267786,0.0121412,0.0019785,0.00248558
0.0305415,0.0199224,0.0118026,0.0625626,0.0159564,0.0206886
0.0155615,0.0106323,0.00544402,0.0202767,0.00664737,0.0046195
0.0314678,0.0204414,0.00948452,0.0485604,0.0146099,0.0103293
0.0410273,0.0242809,0.0317643,0.0989338,0.0259653,0.025602
0.0094757,0.00642435,0.00687616,0.0313465,0.00802991,0.00692818
0.00820857,0.00573227,0.00224409,0.0188603,0.00458049,0.00963836
0.0127742,0.00889357,0.00541163,0.0213845,0.00598574,0.00406991
0.0210732,0.0147864,0.00852494,0.0253505,0.00586719,0.0105002
0.00697573,0.00451595,0.00289299,0.0187295,0.00579723,0.00581776
0.00781755,0.00523996,0.00222685,0.0217281,0.00507464,0.0101178
0.0262002,0.017398,0.0141513,0.0394757,0.00912197,0.00625697
0.0241048,0.015923,0.00893167,0.0251467,0.00609386,0.00678942
0.0263528,0.0126538,0.0057203,0.0471261,0.0129159,0.0146835
0.00499166,0.00356862,0.00112471,0.00945887,0.00288979,0.00419559
0.01384,0.00912338,0.00761037,0.045192,0.0108494,0.014811
0.0413068,0.0261488,0.0174613,0.0489653,0.0138224,0.0245226
0.0123824,0.00908718,0.0080468,0.0312351,0.00887084,0.00309637
0.0109029,0.00740521,0.00294367,0.0166317,0.00280199,0.00380943
0.0163033,0.0110622,0.00322092,0.0342352,0.00740449,0.00846341
0.0282807,0.0184505,0.0075537,0.0334559,0.0090968,0.0135335
0.0133651,0.00941487,0.00379986,0.0275321,0.00847468,0.00895556
0.0204212,0.0136739,0.00516614,0.0230645,0.00817335,0.00804638
0.0123074,0.00854534,0.0071546,0.0320747,0.00870315,0.00304272
0.0177148,0.0116342,0.00678182,0.0378133,0.00855853,0.00777408
0.0431688,0.0262298,0.021844,0.097181,0.0256704,0.0212531
0.0235602,0.0159791,0.0088951,0.0192675,0.00651461,0.00555268
0.0311212,0.0181216,0.0130865,0.0772162,0.0211917,0.0264477
0.0292783,0.0197664,0.0137021,0.0633115,0.0185116,0.0252648
0.0129594,0.00873626,0.00372057,0.0262726,0.00686558,0.000931771
0.00957329,0.0068309,0.00326344,0.00225521,0.000760842,0.00230018
0.0102355,0.00694731,0.00322413,0.0209738,0.00359482,0.00468362
0.00893256,0.00629919,0.00367449,0.0117598,0.004347,0.00413881
0.044302,0.0201145,0.0104055,0.098137,0.0267132,0.0242167
0.0381465,0.0242169,0.0124561,0.0465194,0.0120424,0.0120571
0.0358257,0.0228499,0.0167035,0.0732858,0.0218253,0.0431013
0.0220662,0.0144993,0.00605869,0.0463759,0.0110049,0.0136645
0.00674857,0.00518302,0.00444501,0.0143328,0.00425669,0.00500849
0.0284714,0.013675,0.0101316,0.0366865,0.00918754,0.0075944
0.0179407,0.0123575,0.00578158,0.0353287,0.00818913,0.0132561
0.0141933,0.00965125,0.00505732,0.0202684,0.00526242,0.00489668
0.0370625,0.022408,0.0119801,0.0474648,0.0132437,0.0164644
0.00792313,0.0056753,0.00257732,0.0162182,0.00454325,0.00655885
0.0118238,0.00807326,0.00641575,0.0237907,0.00544504,0.00555674
0.0303439,0.0189636,0.0190564,0.0569409,0.0143516,0.0136119
0.0260294,0.017238,0.00515388,0.0294164,0.00759475,0.016188
0.00908031,0.00571697,0.00304991,0.0138835,0.00411175,0.00218951
0.0221094,0.0150143,0.00478466,0.034344,0.00928859,0.00870303
0.00860458,0.00589251,0.00311683,0.0179568,0.00582874,0.00246658
0.0052886,0.00353087,0.00283885,0.0135292,0.0040653,0.00195388
0.00650481,0.00453767,0.00214552,0.016439,0.00326674,0.00631368
0.0184744,0.0129226,0.0105516,0.0405434,0.00950786,0.0119224
0.0184244,0.0121456,0.00654435,0.0299936,0.00756445,0.0135114
0.0212221,0.014396,0.00607931,0.026681,0.008603,0.0142375
0.0541789,0.0343471,0.0178019,0.0910163,0.0220185,0.0132709
0.0116746,0.00803888,0.00474541,0.0168987,0.00531113,0.00182632
0.00648127,0.0043549,0.00173672,0.0127611,0.00437032,0.00254855
0.00719168,0.00517934,0.00499795,0.0197695,0.00531003,0.00211501
0.00629625,0.00463617,0.00224425,0.0178485,0.00498683,0.00335184
0.0334134,0.020215,0.020235,0.0801374,0.0228628,0.0322083
0.0358616,0.0236614,0.0104562,0.0636308,0.014293,0.00653099
0.0238117,0.0155805,0.0188157,0.0993435,0.0272009,0.0307246
0.012503,0.00854067,0.00384051,0.0360364,0.010204,0.00865161
0.017479,0.0118644,0.00646893,0.0241635,0.00656239,0.0151003
0.0528021,0.0300748,0.0196027,0.0883536,0.0228002,0.0177315
0.0125951,0.00913491,0.00504695,0.0148728,0.00525938,0.00747618
0.0153482,0.0101682,0.00619874,0.0397298,0.0116588,0.00789382
0.0498722,0.0307538,0.0173969,0.0666757,0.0175287,0.0188623
0.0316807,0.0145158,0.0123687,0.0492686,0.014468,0.0186524
0.0302144,0.0123279,0.0113659,0.0434107,0.00902192,0.0144286
0.0207743,0.0139522,0.010916,0.0271808,0.00692364,0.0123171
0.0634157,0.0248367,0.0227297,0.112642,0.0344489,0.059457
0.0647442,0.0242558,0.0212635,0.105147,0.0288189,0.0529714
0.00574923,0.00430511,0.00167465,0.0117675,0.00184478,0.00349799
0.0417601,0.0267287,0.0121502,0.0407037,0.010151,0.0247122
0.0312422,0.0204426,0.00899348,0.0425789,0.0115003,0.0198335
0.0310002,0.020153,0.0108856,0.0324002,0.00851633,0.0176833
0.0203069,0.0132139,0.0324557,0.137656,0.0337713,0.0419519
0.0125943,0.00861195,0.00567923,0.0471619,0.0132657,0.0062688
0.0113302,0.00761259,0.00402874,0.011252,0.00280118,0.00514768
0.014351,0.00971683,0.0126054,0.0264067,0.00723211,0.0137277
0.0129535,0.0091072,0.00443995,0.0219483,0.00635054,0.00474739
0.0143252,0.00941201,0.0048585,0.0288854,0.00742335,0.00508489
0.00726593,0.00483718,0.00473634,0.00393274,0.00111146,0.00845013
0.0443538,0.0258367,0.0169968,0.0990557,0.0266676,0.0484405
0.0107978,0.00749297,0.00853528,0.0408804,0.0115172,0.00793357
0.0248188,0.0110165,0.011279,0.0438106,0.0116129,0.0166901
0.0289328,0.0154691,0.0136481,0.0392275,0.0101464,0.0198753
0.0132886,0.00894585,0.005796,0.0241637,0.00717031,0.00698099
0.00580923,0.00402009,0.0020053,0.0251272,0.00648921,0.0109726
0.0175694,0.0117357,0.00703525,0.0569954,0.0169617,0.00757359
0.0139493,0.00957912,0.00374914,0.0179972,0.00440735,0.0125241
0.0409969,0.0271058,0.0277059,0.152891,0.0413247,0.0444114
0.027577,0.0180479,0.00686461,0.0371861,0.0101469,0.00526631
0.015023,0.00734065,0.00658042,0.0274871,0.00621837,0.0140528
0.0527954,0.0318857,0.038044,0.186176,0.0473223,0.0789414
0.0105514,0.00767486,0.003945,0.0276492,0.00721497,0.00682333
0.0125764,0.00847019,0.00444049,0.0115338,0.0038231,0.00621368
0.0339665,0.0223011,0.0117839,0.0450292,0.0152978,0.0108167
0.0542548,0.0319145,0.0131542,0.0747124,0.0183245,0.0268309
0.016456,0.0111821,0.00399754,0.0240881,0.00540839,0.0180547
0.0122761,0.00864612,0.00407304,0.0240477,0.00493264,0.00147818
0.0367163,0.0179614,0.0109615,0.060479,0.0142779,0.0100163
0.0255339,0.0173169,0.00956276,0.0429759,0.0124804,0.0114194
0.00816986,0.00535843,0.00305154,0.017931,0.004898,0.00170944
0.0183619,0.0124894,0.00524697,0.0202183,0.00616626,0.00804873
0.0338778,0.022498,0.0250092,0.0603167,0.0175612,0.0329748
0.00910194,0.00681675,0.0112421,0.0353699,0.00774409,0.00593724
0.00502,0.00367449,0.00267041,0.017556,0.00298447,0.00233416
0.0223251,0.014809,0.0063841,0.0211955,0.00616298,0.0109343
0.0177582,0.0118709,0.00647609,0.0395814,0.0082865,0.0163301
0.00431678,0.00299592,0.00219748,0.0100546,0.00208391,0.00158733
0.0690659,0.0403949,0.0304383,0.127602,0.0300169,0.0332898
0.0267897,0.0175826,0.0140588,0.0523571,0.0115081,0.0183197
0.00550905,0.00403663,0.00192799,0.0128179,0.0055988,0.0051856
0.00790758,0.00570955,0.00261778,0.0176887,0.00403152,0.00591965
0.0046091,0.00346265,0.00305967,0.011478,0.00283663,0.00181864
0.010398,0.00753875,0.00678259,0.00996428,0.00193313,0.00544251
0.0150715,0.0103198,0.00473645,0.023313,0.00568594,0.00159744
0.00836325,0.00598273,0.00521352,0.0145235,0.00311111,0.00738658
0.0126455,0.00844764,0.00696805,0.0201611,0.00536032,0.0110692
0.0126669,0.00857886,0.00289519,0.0216182,0.00491405,0.00365422
0.00762336,0.00540608,0.00223708,0.00922025,0.0028801,0.00399298
0.0170089,0.0117748,0.00476024,0.016872,0.00527486,0.00558732
0.0104616,0.00741151,0.00514758,0.0225706,0.00687261,0.00304039
0.0129713,0.00929264,0.00503137,0.0215308,0.00735132,0.022069
0.0245792,0.0165789,0.0109311,0.0629888,0.01471,0.0437121
0.00791036,0.00553807,0.00287343,0.0141159,0.00355242,0.00586737
0.0243674,0.0153909,0.0244829,0.108621,0.0286743,0.0475275
0.0411093,0.025279,0.0115767,0.0811099,0.0184935,0.00877322
0.0261502,0.0174125,0.00986923,0.0344556,0.00727221,0.00888466
0.0467769,0.0232412,0.0183406,0.104413,0.0253294,0.0461906
0.0253154,0.0144007,0.0104686,0.0389928,0.00795158,0.00866816
0.0106967,0.0074345,0.00568681,0.0283443,0.00723472,0.00185191
0.00550434,0.00400205,0.00277315,0.0153876,0.00342934,0.0030893
0.014932,0.010246,0.00363386,0.0203282,0.00416975,0.00672746
0.0329887,0.0207915,0.0242854,0.0880527,0.0224761,0.0157526
0.012715,0.00874284,0.00354014,0.0193079,0.00517997,0.0184893
0.00932018,0.00634318,0.00661177,0.0164583,0.005101,0.00642388
0.0118231,0.00802207,0.00324889,0.0202275,0.00435208,0.00485648
0.00652376,0.00476949,0.00199237,0.0214534,0.00605376,0.00653432
0.017799,0.0119618,0.00735389,0.0402676,0.0110194,0.0143552
0.0337003,0.013516,0.0121767,0.0492996,0.0146801,0.00993467
0.0467882,0.0262567,0.0149938,0.0503729,0.0119518,0.0102336
0.0157965,0.0105522,0.010688,0.0217992,0.00473203,0.0102917
0.0218935,0.0101833,0.00870304,0.0551716,0.0139436,0.0138835
0.0134088,0.00785245,0.0028869,0.0278879,0.00734447,0.00981135
0.0091048,0.00626745,0.00590297,0.0568016,0.0130298,0.00952711
0.0235212,0.015699,0.0184066,0.0928135,0.0246374,0.0405543
0.0277783,0.0186393,0.0161734,0.0836188,0.0203625,0.0306296
0.0292723,0.0144437,0.0106465,0.0704155,0.0159672,0.0342604
0.0112233,0.00778557,0.00225705,0.0200106,0.00624749,0.0142471
0.0127969,0.0058369,0.00642393,0.0290429,0.00852826,0.00764748
0.014222,0.00617529,0.00660814,0.0308806,0.00834012,0.00735059
0.0316729,0.0212855,0.0122436,0.0409649,0.0113229,0.0154919
0.0138681,0.00904794,0.00796498,0.046132,0.0125311,0.0191846
0.0380339,0.0138682,0.0153839,0.0880021,0.0217011,0.0210942
0.00889347,0.00602726,0.00308064,0.0171373,0.00357429,0.00304202
0.0213027,0.0149514,0.00731238,0.0223356,0.00746562,0.0195348
0.00627797,0.00441748,0.00498858,0.0173653,0.00414448,0.00967512
0.00987714,0.00678723,0.0036319,0.0192195,0.00458664,0.00791224
0.0113868,0.00798974,0.00361738,0.018454,0.00541113,0.00447997
0.0114536,0.00768657,0.00442524,0.0202932,0.00488872,0.0119863
0.0172199,0.0114078,0.00643403,0.051889,0.0126668,0.00962619
0.0428555,0.0280321,0.0178915,0.137343,0.0327703,0.026426
0.0196799,0.013447,0.0117472,0.0470154,0.0115072,0.0141014
0.0368545,0.0217757,0.0199297,0.112257,0.0266269,0.0365845
0.040419,0.0195555,0.0181371,0.0840496,0.020002,0.021303
0.0182767,0.0102838,0.00939323,0.0802275,0.0250374,0.0431288
0.0121198,0.00694656,0.00519182,0.0235334,0.00652167,0.00893806
0.0178124,0.0118149,0.00666159,0.0267747,0.00796751,0.0150141
0.0126299,0.00886517,0.00455323,0.0153534,0.00486829,0.00449882
0.0129794,0.00875397,0.012811,0.0391263,0.0102736,0.0152171
0.0528925,0.0266576,0.0283512,0.188503,0.047647,0.036008
0.0403345,0.0260105,0.0106791,0.0528074,0.011336,0.0146618
0.0106388,0.0069859,0.0051322,0.0220439,0.00493158,0.00265243
0.0182579,0.0124581,0.0184443,0.0699543,0.0188205,0.0184522
0.036974,0.0230453,0.00922977,0.0478778,0.012621,0.00875031
0.0105633,0.00739593,0.00582655,0.021333,0.00487541,0.00719467
0.00651395,0.00450618,0.00176078,0.0122343,0.00221771,0.0020287
0.0465738,0.0190189,0.0269384,0.128444,0.0317832,0.0556184
0.0430178,0.0189396,0.0228998,0.111608,0.0255031,0.0542046
0.0222435,0.0147903,0.0049127,0.0391396,0.00898115,0.0140434
0.00744312,0.00530339,0.00256438,0.0142945,0.00276005,0.00200235
0.0202413,0.0139009,0.00810623,0.0279645,0.00783073,0.00613475
0.012003,0.0071573,0.00308099,0.0291076,0.00922666,0.00461116
0.0144198,0.00827733,0.00325511,0.0226876,0.00641623,0.00690934
0.00694766,0.00473195,0.00364749,0.0194018,0.00368279,0.00221149
0.0415248,0.0204155,0.0242378,0.0907326,0.0224967,0.0223496
0.035353,0.0140173,0.0168961,0.0558843,0.0122404,0.0220755
0.011615,0.00837121,0.00347541,0.0247286,0.00783048,0.00997906
0.00484516,0.00350852,0.00159695,0.0139409,0.00172089,0.00380094
0.00973344,0.00708348,0.00318143,0.0182675,0.00364645,0.00467899
0.0502177,0.025935,0.0302675,0.127673,0.0282363,0.0222352
0.00441805,0.00311211,0.00251364,0.0140609,0.00283396,0.00378854
0.0102954,0.007191,0.00243267,0.0222507,0.00610756,0.00286175
0.00911195,0.00632938,0.00381835,0.0274714,0.00603958,0.0103754
0.0142631,0.00951511,0.0092187,0.037581,0.0100035,0.00658533
0.0296047,0.0196155,0.010203,0.0440009,0.0139103,0.0103858
0.0109635,0.00753817,0.00348509,0.0175391,0.00345902,0.0054964
0.0163463,0.0108966,0.00664169,0.0315,0.00955497,0.00773132
0.0239306,0.0162133,0.0117245,0.0681047,0.0171151,0.0182313
0.0467678,0.0296999,0.0237245,0.0907189,0.0232573,0.0268667
0.0304462,0.0197865,0.0108961,0.0465085,0.0113333,0.022767
0.010089,0.00719125,0.0039675,0.0165154,0.00354746,0.00184767
0.0109347,0.00775585,0.0042551,0.0163771,0.00432826,0.00293365
0.0121685,0.00768525,0.00551683,0.0249665,0.0062174,0.0128945
0.0245432,0.0166543,0.0062476,0.0312258,0.00743213,0.00768335
0.0102554,0.00702659,0.00451027,0.02922,0.00600391,0.00409187
0.0203096,0.0136138,0.00967098,0.0504544,0.0135636,0.0171279
0.0419836,0.0265554,0.0159244,0.057803,0.0139971,0.0339028
0.035957,0.0233255,0.0126846,0.0575073,0.0142055,0.0174938
0.0109451,0.0073106,0.0036646,0.02204,0.00447103,0.00245098
0.00663169,0.00472574,0.00329495,0.0135833,0.00409149,0.00452434
0.00865891,0.00557844,0.00355706,0.00726471,0.000810764,0.000383695
0.00792238,0.00579698,0.00299532,0.0154996,0.00329389,0.000848535
0.00896877,0.00627017,0.00347033,0.015669,0.00319088,0.00242059
0.0228885,0.0147697,0.00720656,0.0454403,0.0110212,0.0196664
0.0116847,0.00785798,0.0042194,0.0205315,0.00554919,0.00927744
0.00901823,0.00621759,0.00259975,0.0164185,0.00389673,0.00429914
0.0125115,0.00869927,0.00455275,0.0200499,0.00654434,0.00724389
0.0045141,0.00309404,0.00184006,0.0149112,0.00258362,0.00282744
0.0433465,0.0263666,0.0268129,0.121044,0.032394,0.0660779
0.0226416,0.0108325,0.0148785,0.0820302,0.0222415,0.052882
0.0149226,0.00598516,0.00816253,0.0288253,0.00577358,0.0213936
0.00811733,0.00584758,0.00683304,0.0105813,0.00140953,0.0138283
0.00472203,0.00309935,0.00293227,0.0144709,0.00290381,0.00139422
0.013688,0.00911936,0.00520578,0.0178742,0.00503661,0.00201847
0.0538536,0.031055,0.0657545,0.191388,0.0515203,0.118696
0.0270189,0.0181921,0.00739077,0.0457995,0.0115067,0.0210694
0.0198179,0.0128003,0.00489805,0.0258835,0.00424633,0.00663718
0.0317226,0.0207985,0.010777,0.0398913,0.0104933,0.0129167
0.0103758,0.00696869,0.00591222,0.0188506,0.00513915,0.00644322
0.00947231,0.00629346,0.00265822,0.0158782,0.00354122,0.0102185
0.0157897,0.0110435,0.00838514,0.0226085,0.00624978,0.00540725
0.0566807,0.0307598,0.0338259,0.121594,0.0289712,0.0578327
0.00662951,0.00468153,0.00618832,0.0149156,0.00463593,0.00170671
0.0067091,0.00472749,0.00234954,0.0169117,0.00472488,0.00299766
0.00888596,0.00618758,0.00227068,0.0224364,0.00582606,0.00394773
0.0128823,0.00905422,0.00613676,0.0188856,0.00449912,0.00459094
0.0102207,0.00724851,0.00464024,0.0212955,0.00498588,0.00452394
0.00658983,0.00468935,0.00354783,0.0196546,0.00546411,0.00325589
0.00785606,0.0047651,0.00327023,0.0148739,0.00343548,0.00317671
0.0296758,0.0187942,0.0202389,0.0890504,0.0236123,0.0274863
0.00544528,0.00415334,0.00440312,0.0161638,0.00426024,0.00278608
0.0174356,0.0117094,0.0082139,0.0489729,0.0139212,0.0239133
0.028203,0.0186912,0.0115172,0.0288004,0.0061365,0.00817369
0.027189,0.0166031,0.0221545,0.0946921,0.02389,0.0374321
0.00671895,0.00479797,0.00275802,0.019983,0.00434597,0.00196091
0.00562729,0.00387475,0.0026855,0.0142104,0.00336226,0.00662825
0.042143,0.0249518,0.032777,0.155612,0.045472,0.114565
0.0415668,0.0276939,0.0168295,0.0691956,0.0183061,0.0206455
0.00607687,0.00435635,0.00247936,0.00998071,0.00302965,0.00211611
0.00482657,0.00323616,0.00523693,0.0167927,0.00482113,0.00355603
0.0138764,0.00930119,0.00520951,0.0211444,0.00616255,0.00918216
0.00521651,0.00348488,0.0024244,0.0163602,0.00348591,0.00429459
0.00769159,0.00567363,0.00421601,0.012968,0.00399425,0.00358887
0.0124055,0.00834199,0.00532158,0.0146154,0.00564012,0.0065747
0.0106944,0.00769769,0.00330102,0.021896,0.00802611,0.0127315
0.0233954,0.0151695,0.00697812,0.0256125,0.00597711,0.00724207
0.0667726,0.036261,0.0705515,0.250028,0.0625512,0.0508606
0.0125445,0.00870131,0.00484764,0.0253277,0.00723893,0.00281855
0.0229681,0.0157749,0.00870519,0.0270978,0.0082307,0.005768
0.0233725,0.0142831,0.010363,0.0481295,0.0116901,0.0106099
0.0113173,0.00805898,0.00379298,0.0168491,0.00707125,0.0102186
0.0176373,0.0123517,0.00423246,0.0109451,0.00266614,0.0050763
0.0221743,0.0146588,0.00783079,0.0211011,0.00518345,0.00256723
0.00896775,0.00608086,0.00331808,0.0206201,0.00655488,0.00355294
0.0212497,0.0144384,0.00875018,0.0537621,0.0125537,0.0126794
0.00696568,0.00514499,0.00170715,0.0194036,0.00537077,0.00509982
0.0106194,0.00720409,0.00470955,0.0219949,0.00665013,0.00537278
0.0185108,0.0123214,0.0257364,0.100736,0.0259586,0.0236604
0.0444154,0.0283868,0.0187934,0.121619,0.0332721,0.0239301
0.00843379,0.00601666,0.00339898,0.0182345,0.00438891,0.00771556
0.00824791,0.00519427,0.00269506,0.0219102,0.00719272,0.0047011
0.0132518,0.0091636,0.0060301,0.0119546,0.00371525,0.00991958
0.0217292,0.0143926,0.00720848,0.0506678,0.0127099,0.0301368
0.0449566,0.0282846,0.0122352,0.0642939,0.0157232,0.0110379
0.0183658,0.0123875,0.00520043,0.0297566,0.00798335,0.00444043
0.0134046,0.00930166,0.00474252,0.0186644,0.0048165,0.00267969
0.00914186,0.00524003,0.00519379,0.0169707,0.00685062,0.00660273
0.0146146,0.00967361,0.00637593,0.0305785,0.00771345,0.00310815
0.0633364,0.038994,0.021242,0.0896858,0.0224306,0.00847255
0.0108075,0.00731431,0.00307404,0.0233687,0.00344861,0.00538681
0.00715077,0.00535924,0.00301318,0.0244553,0.00575402,0.00366289
0.0133036,0.00915072,0.00534443,0.0236635,0.0046223,0.00437833
0.0181368,0.0119865,0.00607137,0.0359492,0.00819226,0.00458875
0.0101364,0.00679079,0.00430713,0.034173,0.00819824,0.00352806
0.00871327,0.00609441,0.00397762,0.040974,0.00863706,0.00935349
0.0228117,0.0153357,0.0121044,0.0479682,0.0134695,0.0232531
0.00805018,0.00319346,0.00262283,0.0152429,0.00376433,0.00618995
0.0242574,0.0160217,0.00779356,0.0277339,0.00786756,0.0052936
0.00703271,0.00463842,0.00602901,0.0306139,0.0107004,0.0117365
0.0172104,0.0112402,0.00480246,0.0311206,0.00808172,0.0102974
0.00838899,0.00566241,0.00349075,0.0197634,0.00420359,0.0101344
0.0128101,0.00907719,0.00574646,0.0185678,0.00480944,0.0074492
0.0110819,0.00768827,0.00333106,0.0217244,0.0055724,0.00674425
0.0298558,0.0146818,0.012009,0.059528,0.0147987,0.0186051
0.0405042,0.0243738,0.0184202,0.100083,0.0241922,0.0115568
0.0536547,0.0284727,0.017407,0.0521981,0.013784,0.0131677
0.0263497,0.0143265,0.00685017,0.0297563,0.00713126,0.00530959
0.0130664,0.00896746,0.00446334,0.0239831,0.00676644,0.00417677
0.0169136,0.0113653,0.00549752,0.0322201,0.00961213,0.00602392
0.0285884,0.018662,0.0105535,0.0286671,0.00845638,0.0064928
0.0143501,0.00966389,0.00632878,0.0272007,0.00847684,0.0204481
0.0116124,0.00807741,0.00481236,0.0211973,0.00470421,0.00773624
0.00593304,0.00401129,0.00318591,0.0113098,0.00263222,0.0061845
0.03739,0.0213722,0.0250911,0.0874342,0.0210876,0.0205846
0.015509,0.00941598,0.00675679,0.0315515,0.00623514,0.00805325
0.00946386,0.00670246,0.00397177,0.0104006,0.00295283,0.00745658
0.0384065,0.0249131,0.0103391,0.0529663,0.0129642,0.0294003
0.00663471,0.00451853,0.00248047,0.0246393,0.00453552,0.00180858
0.014459,0.0102322,0.00424412,0.0172241,0.00471512,0.00344407
0.014993,0.0102898,0.00415645,0.0273753,0.00567692,0.0069015
0.0182909,0.012189,0.0138186,0.065326,0.0194077,0.0282206
0.0343325,0.0212184,0.00991045,0.0525685,0.0130726,0.00627358
0.0145724,0.00990143,0.00834029,0.0286848,0.00766323,0.00603975
0.0417641,0.0279298,0.0163892,0.0541758,0.0121106,0.0188
0.015225,0.0104295,0.00834321,0.0411487,0.00968159,0.0062649
0.00646254,0.00441293,0.00288187,0.0142394,0.00346114,0.00374636
0.0412761,0.0252449,0.019341,0.0639553,0.0145962,0.00694998
0.0281017,0.0179005,0.0175075,0.0871589,0.0200742,0.0653771
0.0139005,0.00969439,0.00472874,0.0306209,0.00909681,0.00819946
0.0619027,0.0373685,0.020938,0.0912454,0.0243188,0.0264908
0.0201361,0.0138921,0.00621335,0.0319262,0.00861207,0.0104197
0.0113414,0.00767547,0.00314631,0.0245684,0.00674841,0.0092171
0.00482034,0.00323891,0.00154726,0.0104386,0.00280705,0.00628969
0.00440769,0.00325191,0.00197538,0.011356,0.00259625,0.00120891
0.00883916,0.00602513,0.0038783,0.017156,0.00443837,0.00908309
0.0128048,0.00863928,0.0035003,0.0211118,0.00446452,0.00607662
0.0277127,0.0119542,0.0225133,0.0733735,0.0207198,0.0164637
0.0277649,0.0118622,0.0170403,0.0488408,0.0106404,0.0113051
0.00905303,0.00598211,0.019562,0.0719775,0.0218082,0.0166824
0.0256722,0.0168488,0.00789556,0.0412132,0.0109298,0.0222398
0.0162359,0.0111341,0.00476727,0.0301905,0.00668479,0.00461566
0.0107906,0.00755506,0.00324844,0.023571,0.00640335,0.00525761
0.00974996,0.00647484,0.0029594,0.0159655,0.00243573,0.00162995
0.00832377,0.00580556,0.00603558,0.0134803,0.00252813,0.00309155
0.0113049,0.00787168,0.00620161,0.0461865,0.00908871,0.0165936
0.010846,0.00722053,0.00315524,0.0155134,0.00569314,0.00704676
0.0256305,0.0164828,0.021522,0.076463,0.0196078,0.0186422
0.00418695,0.00309166,0.00160219,0.008962,0.0027624,0.00125173
0.034356,0.0180736,0.0142552,0.0490957,0.0140222,0.00624441
0.0300657,0.0160097,0.0112825,0.0390445,0.00915483,0.0043364
0.0162652,0.011308,0.00617057,0.0318503,0.0101088,0.00668594
0.0114682,0.00791649,0.00392033,0.0203071,0.00641893,0.00199796
0.0139657,0.00963826,0.00391616,0.0287423,0.0053288,0.00785869
0.00616359,0.0040218,0.0015874,0.0112541,0.00434468,0.00450469
0.0170384,0.0118758,0.0027145,0.0359161,0.00810573,0.00781415
0.0326474,0.0187536,0.00973719,0.0503928,0.014047,0.00937966
0.0241536,0.00960225,0.00877315,0.0323929,0.00742099,0.00539171
0.0167149,0.0110801,0.00815453,0.0425547,0.0125086,0.0109617
0.0342935,0.0222537,0.00907782,0.05341,0.0144395,0.0300204
0.00689675,0.00478434,0.00278135,0.0171023,0.0044218,0.00532228
0.036388,0.0239083,0.00985131,0.0435358,0.00952169,0.00803195
0.0310859,0.0207426,0.00721892,0.0420365,0.00939948,0.0128507
0.0437984,0.0272302,0.0159204,0.0702883,0.0183365,0.0375491
0.00883916,0.0058673,0.0047337,0.00754741,0.00172297,0.00383446
0.00519782,0.00383261,0.00221503,0.0129232,0.0025382,0.00312842
0.0187147,0.0123627,0.00542284,0.0433755,0.00955451,0.00572973
0.0218132,0.0145274,0.00605032,0.0281861,0.00724235,0.00941111
0.00698971,0.00454764,0.00172716,0.0146479,0.00415788,0.00465917
0.0062756,0.00461065,0.00370097,0.0317457,0.00912204,0.00617373
0.0102012,0.00701977,0.00302763,0.0226265,0.00500853,0.00532083
0.0331933,0.0185049,0.0157424,0.0706278,0.018055,0.0177909
0.0340424,0.022275,0.0114727,0.053417,0.0123978,0.00433971
0.0285042,0.0179934,0.0146197,0.0836571,0.0215833,0.0286924
0.00645926,0.00471259,0.00331364,0.0148046,0.00470931,0.00852178
0.00920761,0.00641341,0.00381708,0.019965,0.00401773,0.000171001
0.0111669,0.00812486,0.00256206,0.0162703,0.00402862,0.0054513
0.0160679,0.0107033,0.00344285,0.0219293,0.00515286,0.00402944
0.0123386,0.00847259,0.00721076,0.0358272,0.00705939,0.00561032
0.0071442,0.00484973,0.00234998,0.0164472,0.00344391,0.00289728
0.022624,0.0149332,0.00913559,0.0311076,0.0106251,0.00915962
0.0117586,0.00820879,0.00565657,0.0191019,0.00264016,0.00843269
0.0280043,0.0185219,0.0126318,0.0600625,0.0141499,0.0355186
0.0108536,0.0075658,0.00401293,0.0168683,0.00326816,0.00980579
0.00886441,0.00629104,0.00393866,0.0142574,0.0028798,0.00323492
0.0305583,0.0191537,0.0103281,0.0479553,0.0112053,0.00843858
0.0207101,0.0138391,0.0272384,0.126502,0.0311893,0.024409
0.0375815,0.0225287,0.00929659,0.0508556,0.0165193,0.0167138
0.0331933,0.0192771,0.00918593,0.0702498,0.0183446,0.0198396
0.0263364,0.0109685,0.00796459,0.0441212,0.00989974,0.0177974
0.0417639,0.0238396,0.0116125,0.0462729,0.00947774,0.0249413
0.0144379,0.00984123,0.00760786,0.0272658,0.00767568,0.00429584
0.0170449,0.0121223,0.00965316,0.0273376,0.00718748,0.0127948
0.0121839,0.00824047,0.0034393,0.0311834,0.00620121,0.00521614
0.0108523,0.00706203,0.00288791,0.0176174,0.00428426,0.00460357
0.00734783,0.00532368,0.00258494,0.0176378,0.00654937,0.00262492
0.0198512,0.0132147,0.00903192,0.034823,0.00820528,0.0117191
0.0144734,0.00967898,0.00615964,0.0355467,0.00756709,0.00197276
0.024139,0.0159124,0.0142523,0.0796573,0.0200829,0.00852158
0.0125476,0.00878474,0.0112823,0.0429613,0.0124035,0.0140643
0.024265,0.0160262,0.00677449,0.0385407,0.0104271,0.0125163
0.0198083,0.0138631,0.0122098,0.0481165,0.0110458,0.0274548
0.00806456,0.00535704,0.00698328,0.0433492,0.00891316,0.00892342
0.0137462,0.00942293,0.00267741,0.0261633,0.00705094,0.00540396
0.0159535,0.0107458,0.00447074,0.0281801,0.00837171,0.00245613
0.0117353,0.00790592,0.00404066,0.0176466,0.00505765,0.00391873
0.00518026,0.003375,0.00183717,0.0201776,0.00430682,0.00830241
0.0158919,0.00704403,0.00567012,0.0454949,0.0116892,0.015873
0.0151024,0.00753371,0.00564691,0.0260117,0.00647173,0.00770483
0.00510245,0.00388372,0.00197418,0.00407769,8.16632e-05,0.00120045
0.00625575,0.00416112,0.0026156,0.00752642,0.00235171,0.00407654
0.0113151,0.00803084,0.00346658,0.020793,0.00455811,0.0037357
0.0199575,0.0118206,0.0155022,0.0703191,0.0172876,0.0159231
0.0172422,0.0113943,0.00555439,0.0365897,0.00805795,0.0059323
0.0040185,0.00301901,0.00319017,0.0103021,0.00357759,0.00400869
0.0148991,0.0107019,0.00582099,0.0213703,0.00562726,0.00912989
0.035692,0.0227688,0.014913,0.0558197,0.0161471,0.0206171
0.0197646,0.0129621,0.0366316,0.100539,0.0277004,0.0327983
0.0284852,0.0190326,0.0135597,0.0437121,0.0118264,0.0047328
0.020856,0.0144377,0.00640722,0.027731,0.00720422,0.0139529
0.0185253,0.0128096,0.00575672,0.0392724,0.00858402,0.0040651
0.00647544,0.00463606,0.00164361,0.0168093,0.00297444,0.00875919
0.00632471,0.00463716,0.00332268,0.0192832,0.00404227,0.00117535
0.0340379,0.0227046,0.0233087,0.0740243,0.0208146,0.0317923
0.0115593,0.00790815,0.00423091,0.0126909,0.00317271,0.0102959
0.0124129,0.0084256,0.00712645,0.0393704,0.0103525,0.0140852
0.015211,0.00633508,0.00512938,0.0313135,0.00954527,0.0128382
0.0215579,0.0105454,0.00741856,0.0311125,0.00681762,0.00918958
0.027392,0.0178822,0.00756513,0.0447569,0.0094939,0.0118397
0.00592492,0.0042946,0.00247545,0.00947781,0.00193307,0.00260756
0.00900836,0.00616722,0.00386615,0.0123854,0.00397537,0.00783048
0.016687,0.0116045,0.00501134,0.0241351,0.00522369,0.00767788
0.011754,0.00831503,0.00759128,0.0184729,0.00689342,0.00299211
0.00716494,0.00508922,0.00382979,0.0152195,0.00375611,0.00440976
0.0181006,0.0128612,0.00615758,0.0222306,0.00431128,0.00590516
0.00681493,0.00450166,0.00248455,0.010563,0.00295984,0.00280644
0.0110465,0.00762981,0.00412666,0.0166439,0.0045556,0.00324763
0.0228294,0.014892,0.00877101,0.0302572,0.00993938,0.0242676
0.00837742,0.00535601,0.00351675,0.00455538,0.00131678,0.00804686
0.0319022,0.0210857,0.0139971,0.0662336,0.0185248,0.018692
0.00533509,0.00321092,0.00350393,0.0149811,0.00450823,0.00743285
0.0241571,0.0152233,0.0184252,0.0841524,0.0230121,0.0424988
0.00859613,0.00604267,0.00314906,0.0195441,0.00348849,0.00952606
0.00976299,0.00684853,0.00445439,0.0154674,0.00374692,0.00345654
0.015741,0.0103312,0.00457931,0.0260289,0.00740384,0.0166548
0.0197304,0.0132913,0.00537108,0.0290886,0.00641385,0.00684005
0.0169751,0.0112896,0.0196948,0.0846014,0.0196224,0.0333344
0.00693097,0.00469308,0.00533068,0.0177016,0.00591256,0.00415346
0.0105004,0.00741415,0.00314699,0.0189692,0.00579088,0.00818635
0.0348843,0.0214113,0.0129327,0.0781101,0.0187183,0.0100195
0.012295,0.00855878,0.00431341,0.0204007,0.00547755,0.00504851
0.0486376,0.0307046,0.0295232,0.136598,0.0349645,0.0536065
0.0148256,0.00971031,0.00287724,0.0463057,0.0157306,0.0257297
0.0263252,0.0168811,0.0222845,0.0607696,0.0170304,0.0406793
0.0118567,0.00783772,0.00458012,0.026015,0.00566326,0.00399515
0.0173097,0.0115025,0.0062074,0.00395835,0.00123867,0.00626171
0.0308109,0.0205743,0.0253339,0.105522,0.0305541,0.0530548
0.00761898,0.00557082,0.00363824,0.0183192,0.00442557,0.00272152
0.0422792,0.0253892,0.0175181,0.0193108,0.00444563,0.0303642
0.0092203,0.00644315,0.00253154,0.0196688,0.00414314,0.00295459
0.00615555,0.00409292,0.00253098,0.0113544,0.00280568,0.00095484
0.0189839,0.0124564,0.00851693,0.0336547,0.00868915,0.00756191
0.0252983,0.0166754,0.00756808,0.0419866,0.0100017,0.00751805
0.0188134,0.0127405,0.00608678,0.0297616,0.00592033,0.00396804
0.00757997,0.00498754,0.00266038,0.0141701,0.00368672,0.00205864
0.0312913,0.020794,0.00842409,0.0438397,0.0112193,0.00906888
0.017868,0.0114671,0.00708526,0.0352952,0.00793017,0.00875544
0.020272,0.0135944,0.0118232,0.0480329,0.0120044,0.0437764
0.0289689,0.0186125,0.0109106,0.0769767,0.0223192,0.0233689
0.0415775,0.0236283,0.0150331,0.07892,0.0183732,0.018718
0.0155355,0.0108657,0.00344607,0.0233915,0.0049412,0.00667235
0.00641026,0.00441202,0.00205582,0.0148692,0.00413874,0.0035829
0.0144342,0.00992174,0.00545904,0.0244382,0.00503883,0.0101767
0.0270103,0.0179576,0.00666734,0.0414894,0.00832526,0.0053893
0.019207,0.0127076,0.00840284,0.0312266,0.00949378,0.00847563
0.0499521,0.0309046,0.0123476,0.0564298,0.0151022,0.0193494
0.0530483,0.0330623,0.0360307,0.124447,0.0305626,0.0210509
0.00936584,0.00467115,0.00636942,0.038446,0.0081983,0.00491689
0.0104578,0.00590541,0.0062911,0.0320873,0.00514915,0.00439562
0.00921099,0.00659349,0.00335107,0.0248651,0.00499831,0.00601712
0.0173543,0.0113744,0.0274798,0.100848,0.0239639,0.0352042
0.00819155,0.00579582,0.00414017,0.0145332,0.00313424,0.00624669
0.0258028,0.0170668,0.00781306,0.0453394,0.013853,0.00848883
0.00818085,0.00577103,0.00420659,0.0207517,0.00509952,0.0063497
0.0376362,0.0197294,0.0182636,0.0738299,0.0215607,0.052575
0.012289,0.00802691,0.00466503,0.0183858,0.00403565,0.00450907
0.0102918,0.00684627,0.00425132,0.0182472,0.00529456,0.016975
0.0185329,0.00714111,0.00931314,0.0382877,0.0148338,0.0129485
0.0384302,0.0219504,0.0223337,0.103206,0.027234,0.0272192
0.00630521,0.00445502,0.00474285,0.0187794,0.00343264,0.00431786
0.0187342,0.0127348,0.00651824,0.0410747,0.0108089,0.0148855
0.0265722,0.0179413,0.015226,0.0624048,0.0172184,0.0177473
0.0120478,0.00801268,0.00424039,0.0193716,0.00573917,0.00412661
0.00900357,0.00628599,0.00312216,0.0187812,0.00414015,0.00576383
0.00966215,0.00702342,0.00319998,0.0443442,0.0116536,0.00861508
0.0247083,0.0166468,0.00743003,0.0344905,0.00820876,0.013959
0.0380186,0.0246083,0.0159489,0.0689007,0.0179229,0.0258155
0.00549645,0.00360212,0.00320584,0.00651952,0.00375016,0.0019734
0.0348391,0.0225924,0.0155915,0.0722215,0.0195883,0.0249203
0.0288051,0.018785,0.0110452,0.071051,0.0184988,0.012716
0.0114537,0.00767457,0.00439157,0.0107151,0.00328519,0.00594736
0.0243334,0.0165397,0.010313,0.0286473,0.00747885,0.00375701
0.00771105,0.00517605,0.00322962,0.0252534,0.00438496,0.00475237
0.0143218,0.00929724,0.00649962,0.022066,0.00428533,0.00439715
0.0170962,0.0114425,0.0143647,0.0798332,0.0194158,0.0276657
0.0357389,0.0231286,0.0368026,0.206809,0.0546779,0.0657278
0.0109948,0.00757727,0.00455803,0.0275684,0.00588658,0.00617837
0.0339553,0.0207567,0.0229738,0.084522,0.0213249,0.0123591
0.0435262,0.0240251,0.0479298,0.0804034,0.0202208,0.0352844
0.0312463,0.0203628,0.0105784,0.0482024,0.0126687,0.00552954
0.00683376,0.0049856,0.00305581,0.0174153,0.00226016,0.00233556
0.0175163,0.0115138,0.00629428,0.0297474,0.00652051,0.00409269
0.0239558,0.0154852,0.00743962,0.0376657,0.00957043,0.00899212
0.0382244,0.0239945,0.0098944,0.0608554,0.0116908,0.0254234
0.0354499,0.023333,0.0104381,0.0528817,0.0120573,0.0164975
0.0131644,0.00883091,0.00517555,0.0133532,0.00395234,0.000784245
0.0188531,0.0125129,0.00335362,0.0375045,0.00983168,0.0116924
0.0183605,0.0122221,0.00660898,0.0322883,0.00789586,0.00455108
0.0110142,0.00736199,0.0036094,0.0143017,0.00315821,0.00159395
0.00609957,0.004318,0.00384998,0.0159944,0.00491525,0.00184528
0.00537565,0.00391458,0.00244635,0.0153786,0.0048124,0.0038058
0.0109526,0.00778984,0.00513243,0.0256087,0.00656012,0.00239237
0.0182945,0.0123043,0.00722818,0.0491932,0.0155204,0.0152727
0.0607321,0.0351682,0.0618569,0.280889,0.0714579,0.0996548
0.00840143,0.00561225,0.00282725,0.0158612,0.00288932,0.00501682
0.00510372,0.00370955,0.00265078,0.010561,0.00272299,0.00255131
0.0228653,0.0143897,0.00789107,0.0320221,0.0101947,0.0159147
0.045601,0.0285456,0.0145479,0.0557684,0.0146772,0.0225563
0.0392854,0.0218061,0.0132073,0.0652922,0.0162061,0.0176871
0.0193402,0.0093902,0.00841504,0.0434741,0.0101677,0.0155777
0.0402907,0.0254952,0.0311043,0.162576,0.0407234,0.064719
0.0385499,0.0252934,0.0191396,0.0629837,0.0149739,0.0185806
0.0259771,0.0167216,0.016619,0.0537065,0.0137265,0.0208756
0.00943641,0.006309,0.00426109,0.022988,0.00526101,0.00448752
0.0172867,0.0118672,0.00609607,0.0194527,0.00607757,0.00459059
0.00763816,0.00539045,0.00391578,0.0187258,0.00395915,0.00330682
0.00658028,0.00481097,0.00365806,0.0138488,0.00429689,0.000314323
0.0290017,0.019523,0.010088,0.0268876,0.00894572,0.00800356
0.0394507,0.0205755,0.0277651,0.103087,0.0284274,0.0328275
0.0319262,0.0140921,0.0147395,0.0597204,0.014669,0.0149177
0.0190281,0.0125924,0.00688655,0.0289107,0.0071458,0.00696929
0.0424639,0.0270485,0.0146018,0.048301,0.0142793,0.0394603
0.00750747,0.0041363,0.00263733,0.0205515,0.00583214,0.00605509
0.0198172,0.0126516,0.0104853,0.0634679,0.0145446,0.0113565
0.0227828,0.0150789,0.00726418,0.0270122,0.00861233,0.00520798
0.0128812,0.00828531,0.011045,0.0595199,0.0174267,0.021864
0.0101851,0.00665671,0.0032988,0.0179984,0.0058838,0.00399682
0.0155414,0.0107844,0.00317609,0.0208942,0.00468082,0.00447853
0.00859811,0.00591156,0.00456532,0.0448245,0.0106116,0.012685
0.00893325,0.00636208,0.00539514,0.0182467,0.00634379,0.00486287
0.0124422,0.00825197,0.00446522,0.0248048,0.00618709,0.00603913
0.00885157,0.00610135,0.0015168,0.0274669,0.00939291,0.0170124
0.0188737,0.0124134,0.0125206,0.0614743,0.0164884,0.0261435
0.0237778,0.0155865,0.00769343,0.0424465,0.0106723,0.0054349
0.0122283,0.0083775,0.00504355,0.0272281,0.00780113,0.00748753
0.031687,0.020957,0.0104649,0.0505279,0.0113797,0.0217278
0.01733,0.0117567,0.0060727,0.0294583,0.00390623,0.000675441
0.00460849,0.00300809,0.00241214,0.0104213,0.0024465,0.000364433
0.0215066,0.0144077,0.00891605,0.0294712,0.00713938,0.00342067
0.00961306,0.00641724,0.00268952,0.017069,0.00460871,0.00309961
0.0290228,0.0190124,0.0311457,0.107998,0.0268992,0.0308096
0.0460334,0.0261183,0.0260195,0.111836,0.0294347,0.018332
0.016465,0.0113262,0.00788765,0.0329709,0.00941596,0.00930375
0.0252809,0.0171766,0.0154308,0.0661421,0.0160235,0.0230019
0.00572318,0.00383209,0.00342671,0.0173204,0.00452046,0.00570193
0.0326779,0.0131906,0.0118096,0.0742856,0.019288,0.0197698
0.0329837,0.0131845,0.0117263,0.0710922,0.0173824,0.0189891
0.0059823,0.00458704,0.00174558,0.0145028,0.00355277,0.00569507
0.031823,0.0205887,0.0108297,0.0508851,0.0130585,0.0203126
0.0167231,0.0115689,0.00543998,0.00833276,0.00107615,0.00150093
0.0126098,0.00841213,0.00664546,0.0279209,0.00706671,0.00485948
0.00520765,0.00338706,0.00232935,0.0128032,0.00350062,0.00627712
0.0099923,0.00673251,0.00585995,0.0573435,0.0137811,0.00376054
0.024834,0.0162885,0.0182015,0.0751199,0.0197135,0.0133702
0.0205779,0.0143169,0.00676792,0.0347066,0.0111896,0.0164231
0.0396891,0.0235196,0.0200137,0.0498125,0.0143969,0.0267023
0.043917,0.0266627,0.0161646,0.0806038,0.0242433,0.0764305
0.0151066,0.010339,0.00857921,0.0495431,0.0137144,0.027107
0.0109568,0.00775748,0.00390017,0.0221069,0.00541792,0.00483119
0.00469103,0.00335982,0.00261089,0.0153059,0.00186338,0.00222819
0.0128209,0.00901128,0.00525526,0.0317024,0.00682702,0.00689888
0.00576733,0.00388958,0.00200417,0.0150969,0.00499339,0.00315508
0.0144854,0.0094563,0.00458547,0.0296663,0.0073888,0.00444802
0.00855361,0.005142,0.00345335,0.0252077,0.00807788,0.00622778
0.0273635,0.0176305,0.0149841,0.069272,0.0185378,0.0122547
0.0200295,0.01324,0.00916386,0.0495253,0.0136075,0.0165016
0.0738694,0.0478354,0.0189319,0.0745333,0.0216172,0.0236701
0.0309169,0.0201584,0.00930262,0.0453629,0.0130708,0.0116175
0.0360976,0.0180111,0.100033,0.429496,0.109496,0.136558
0.0151138,0.0100795,0.0101823,0.0641883,0.0167863,0.0142806
0.00794528,0.00547853,0.00157196,0.0162122,0.00329973,0.00341991
0.0054379,0.00386768,0.00128557,0.0106625,0.0029778,0.00274758
0.0201944,0.01336,0.0105876,0.0721642,0.0156198,0.00795779
0.0195638,0.012925,0.00715716,0.0298561,0.00954446,0.00825075
0.0274004,0.0187577,0.00834859,0.0448886,0.0112386,0.0131684
0.0119478,0.00796661,0.00339613,0.0260406,0.00863966,0.0057508
0.0245208,0.0133609,0.00990743,0.0542875,0.0145669,0.0157797
0.0314682,0.0190249,0.0228951,0.0902037,0.0234528,0.035484
0.0152361,0.0106818,0.00611476,0.0048784,0.000981933,0.0023416
0.0204231,0.0135839,0.0104542,0.0604621,0.0150934,0.0294295
0.00989223,0.00683635,0.00448533,0.019857,0.00643675,0.00477884
0.0586371,0.0342604,0.0200317,0.0985753,0.0231539,0.0402689
0.0447469,0.0274668,0.0265891,0.089537,0.0211986,0.0166552
0.00788478,0.0052748,0.00193472,0.0202877,0.00646213,0.0115854
0.00776797,0.00539149,0.00293692,0.0201067,0.00424375,0.0102209
0.0142292,0.00983779,0.0164959,0.0922215,0.0234444,0.0316676
0.0109738,0.00730484,0.0038464,0.0262149,0.00531569,0.00593378
0.00758407,0.00500681,0.00287228,0.0182035,0.00402608,0.00337712
0.0140832,0.00998867,0.00722683,0.0403524,0.0109797,0.0306385
0.010156,0.00713593,0.00373065,0.0151332,0.00435787,0.00303487
0.00877277,0.00625614,0.00292689,0.0196189,0.00582463,0.00426879
0.0185928,0.0125923,0.00618168,0.028595,0.0100775,0.00665676
0.00969942,0.0064597,0.00412552,0.0272564,0.00652096,0.00387434
0.00995185,0.00681555,0.00402564,0.0196249,0.00596182,0.0159664
0.0398563,0.0255655,0.0157853,0.0780647,0.0216932,0.0132715
0.0260541,0.0171098,0.00710088,0.0364801,0.00874497,0.0187069
0.0135498,0.00923227,0.00711405,0.0270585,0.00625922,0.00500737
0.0243663,0.015615,0.0101153,0.0417839,0.00919146,0.00946482
0.0172708,0.0115321,0.0119044,0.0313577,0.00754869,0.0138354
0.010393,0.00703572,0.00545144,0.0265652,0.0060582,0.0117274
0.0117783,0.00811582,0.00438678,0.0272754,0.00649264,0.00379231
0.0080044,0.00566011,0.0046733,0.0160766,0.00391691,0.00491078
0.0341346,0.0224899,0.0115756,0.0375588,0.0102995,0.0153013
0.00729274,0.0051655,0.00441079,0.0146293,0.00516983,0.00571405
0.00434858,0.00314957,0.00190447,0.0150886,0.00427019,0.00918554
0.0217299,0.0146113,0.00886249,0.035391,0.0104235,0.00763646
0.0615754,0.0380944,0.0360575,0.141174,0.0366982,0.0397233
0.0241669,0.0161203,0.00703465,0.0334586,0.00865721,0.0128934
0.00858556,0.00626114,0.00288063,0.020288,0.00628642,0.00385206
0.0160089,0.0106398,0.00416903,0.0297126,0.00786846,0.00691876
0.00815698,0.00559755,0.00264018,0.0156184,0.00447125,0.00341099
0.0123471,0.00820755,0.00493761,0.0245669,0.00674482,0.00252392
0.00632968,0.00459974,0.00340199,0.0161176,0.00437947,0.00296652
0.0100318,0.00748199,0.00628856,0.0175153,0.00542473,0.00400586
0.0155487,0.0105226,0.00621587,0.0345881,0.00831163,0.00587664
0.0179435,0.0120518,0.00792071,0.0266555,0.00743058,0.0193097
0.00868532,0.00596495,0.00374224,0.0246797,0.00572859,0.00903023
0.0347271,0.013324,0.0157472,0.0930172,0.0286349,0.0318292
0.0450212,0.0209728,0.0268026,0.120796,0.029913,0.043713
0.0181783,0.0123128,0.00465561,0.0338094,0.0110703,0.0111958
0.0182301,0.0116981,0.00513548,0.032904,0.00834353,0.0110185
0.0218939,0.0146108,0.021405,0.0901738,0.0230602,0.0381245
0.0120088,0.00827946,0.00693705,0.0514784,0.0134852,0.0273135
0.00465575,0.00339877,0.00162859,0.0164824,0.00379938,0.00290719
0.0120224,0.00795004,0.00337623,0.0169877,0.00368875,0.0107005
0.00791509,0.00553299,0.00364012,0.0148461,0.00455149,0.00188439
0.0282234,0.018592,0.0119634,0.0547947,0.0150036,0.0271296
0.0566694,0.0321665,0.0227659,0.0904992,0.0238905,0.0633781
0.0108791,0.00735892,0.00423304,0.0195185,0.00757729,0.00383057
0.00480689,0.00321819,0.00262229,0.00863209,0.00285881,0.00159651
0.0371679,0.0193648,0.0134341,0.0872319,0.0223647,0.00990068
0.0298986,0.0114858,0.00893075,0.0301565,0.00724332,0.00467458
0.00821126,0.00557988,0.00769317,0.0164573,0.00349148,0.0033537
0.0201301,0.0134026,0.00555182,0.0330717,0.00859892,0.0111427
0.0247812,0.0164054,0.00596646,0.0421891,0.00927418,0.0151251
0.0138404,0.00923974,0.00403922,0.00501341,0.00100936,0.00374371
0.0155116,0.0102651,0.00583374,0.0226955,0.00552854,0.00755034
0.020045,0.013209,0.00884644,0.0338444,0.00754232,0.0102151
0.0235576,0.0155566,0.00774979,0.0335982,0.00947988,0.0160313
0.0420004,0.0264728,0.00974497,0.0720327,0.0197327,0.0119535
0.00400377,0.00296763,0.00197341,0.00953742,0.00291316,0.00221299
0.0255065,0.0168209,0.0136798,0.0638061,0.0149786,0.0357419
0.0219139,0.0144882,0.00521398,0.0361377,0.00977665,0.00605271
0.02464,0.016063,0.00755736,0.0198682,0.00569757,0.00919702
0.0192769,0.012714,0.0143224,0.0483465,0.0124488,0.00646439
0.0276655,0.0175063,0.0095312,0.047452,0.0102593,0.011094
0.00695418,0.00493167,0.00268568,0.0124212,0.0036866,0.00237924
0.00963534,0.00656277,0.00414776,0.0237896,0.0067064,0.00559998
0.0299879,0.0184282,0.012044,0.0591738,0.0157938,0.00816097
0.017204,0.00680403,0.00544698,0.0244902,0.00502238,0.00202207
0.0142888,0.00960286,0.00980131,0.0303144,0.00717662,0.00912817
0.0104004,0.00739914,0.00413097,0.0251901,0.00621658,0.00314647
0.0323353,0.0211522,0.0120243,0.0647557,0.0163103,0.0123919
0.0092802,0.00648068,0.00446663,0.025798,0.00691269,0.00724915
0.0166715,0.00679782,0.00987889,0.0294994,0.00695483,0.0120163
0.0168526,0.00672444,0.00984687,0.0280667,0.00668125,0.010922
0.0195972,0.0124271,0.00757033,0.0368613,0.0102566,0.009378
0.00998005,0.00681059,0.00430826,0.0186405,0.0040469,0.00362316
0.00742999,0.0050158,0.00229944,0.0121932,0.00391728,0.010881
0.0328424,0.0216256,0.00872573,0.0396968,0.0109655,0.0329677
0.0207373,0.0139069,0.00459439,0.0184709,0.00617886,0.0123959
0.00697891,0.00465046,0.00356973,0.0130311,0.00348428,0.00725474
0.0143372,0.00990018,0.00439924,0.041032,0.00987038,0.00558108
0.0265484,0.0169753,0.0207877,0.0639488,0.0166458,0.0177108
0.0380571,0.023434,0.0197481,0.112136,0.024547,0.0201941
0.00623513,0.00448603,0.00159253,0.0212274,0.00353529,0.00657706
0.00625323,0.00448965,0.0032014,0.0267436,0.00688769,0.00602191
0.0194931,0.0118484,0.00784754,0.0409007,0.0122368,0.00391952
0.0204866,0.0136537,0.00900498,0.0395428,0.00870009,0.00774918
0.0121482,0.00828466,0.00706152,0.0104717,0.00229576,0.00684819
0.00708918,0.00503876,0.00241353,0.0201885,0.00621753,0.00356095
0.00913429,0.00592523,0.00346313,0.024107,0.00563025,0.00486162
0.046527,0.0291308,0.0180479,0.0761844,0.0192332,0.0241528
0.0166802,0.011381,0.00510952,0.0207174,0.00497628,0.00186217
0.00995969,0.00672412,0.00369584,0.0166103,0.00526748,0.0086636
0.0344711,0.0214849,0.0107818,0.0863915,0.0200355,0.00966094
0.0319351,0.0203931,0.0219305,0.103884,0.0247456,0.0243135
0.0147973,0.010545,0.00602362,0.01992,0.00439175,0.0118045
0.00566945,0.00397492,0.00234579,0.0221173,0.00466511,0.0107295
0.0067386,0.00440961,0.00228969,0.0159605,0.00457018,0.000904115
0.0336225,0.0178583,0.0147616,0.051681,0.0163606,0.0292045
0.032407,0.0178694,0.0143369,0.048635,0.0138155,0.0258598
0.00723494,0.00507152,0.00334557,0.000531984,-0.000126159,0.00451633
0.00694116,0.00474055,0.00262546,-0.000691872,0.000374351,0.00250897
0.0173261,0.0116705,0.00653826,0.0238763,0.00661759,0.00572241
0.0190365,0.00804398,0.00671279,0.0344739,0.00838273,0.013028
0.0217538,0.00998044,0.00784139,0.0279328,0.0057984,0.00975483
0.033403,0.0218858,0.00845332,0.0338201,0.00752896,0.0100948
0.0204623,0.0134069,0.00966294,0.0244518,0.00702495,0.0136734
0.0241755,0.0156121,0.0217321,0.122925,0.0344176,0.0395643
0.0275418,0.0156389,0.0150097,0.0534172,0.0145269,0.0213607
0.00612189,0.00456411,0.00300982,0.0130364,0.00365218,0.00161761
0.00897884,0.00635059,0.00345735,0.013885,0.00325968,0.00536834
0.0142152,0.0101075,0.00759943,0.0245592,0.00610826,0.0023152
0.0113065,0.0076664,0.00269599,0.017992,0.00599532,0.00327858
0.0276258,0.0185571,0.0116909,0.0435815,0.0114478,0.00818909
0.0479292,0.0316284,0.0223112,0.0765573,0.0174045,0.0380778
0.0367235,0.0169739,0.0365917,0.197118,0.0470166,0.0576446
0.0408929,0.0150051,0.036936,0.218753,0.0512733,0.068131
0.044837,0.0251497,0.0291672,0.172413,0.0423685,0.060195
0.0670606,0.0419629,0.0167423,0.0774888,0.022002,0.0326401
0.00488595,0.00334988,0.0025154,0.0143262,0.0041053,0.00355523
0.00619636,0.00438537,0.00211997,0.0169895,0.00336678,0.00160988
0.0196249,0.0131246,0.00695905,0.0328343,0.008707,0.00967569
0.00728357,0.00505232,0.00459927,0.0273239,0.00833897,0.00998438
0.0251668,0.0168437,0.00853656,0.0427775,0.0105047,0.0145346
0.00949734,0.00684313,0.00506641,0.0199886,0.0022601,0.00267668
0.00701045,0.0047978,0.00255779,0.00885103,0.00280663,0.00217604
0.0178732,0.0117147,0.00539112,0.0289884,0.00650195,0.0103123
0.0106931,0.00746654,0.00372215,0.0116051,0.00285591,0.00216528
0.0168576,0.0116117,0.0047276,0.037595,0.00744906,0.0136003
0.00847481,0.0058329,0.00264692,0.0162947,0.00358059,0.00686236
0.0150444,0.0100902,0.00413462,0.0246379,0.00548919,0.0112868
0.0137551,0.00937259,0.00507995,0.0274065,0.00554313,0.0065802
0.0135434,0.00928929,0.0050022,0.0340808,0.00795253,0.0091883
0.0308926,0.0208313,0.0125613,0.0619889,0.0144832,0.0338405
0.0333159,0.0213971,0.0198368,0.11281,0.0293718,0.0209189
0.00853334,0.00587075,0.00233355,0.0125194,0.00334586,0.0027058
0.00772631,0.00565209,0.00391366,0.0252537,0.00660753,0.00989226
0.0382612,0.0233376,0.0240599,0.109401,0.0287679,0.0207807
0.0520029,0.0315798,0.0197108,0.0859183,0.0201799,0.0144349
0.0109161,0.00732567,0.00434134,0.0205739,0.0048843,0.00261421
0.0200691,0.0138799,0.00622157,0.0207698,0.00789647,0.0193661
0.00653984,0.00442221,0.00274326,0.0132656,0.00411791,0.00373523
0.0341576,0.0204086,0.019401,0.104883,0.0307228,0.0997186
0.0487023,0.0301836,0.0191108,0.102415,0.0240326,0.0261824
0.0106537,0.00543773,0.00501293,0.0262304,0.00698697,0.0109565
0.0144938,0.00792504,0.00542048,0.0275685,0.00770007,0.00942936
0.0179491,0.0115732,0.0417455,0.107402,0.0252126,0.0236714
0.0202691,0.0136654,0.00619677,0.0163218,0.00477115,0.00731155
0.00755208,0.00539342,0.00337298,0.0155612,0.00376062,0.00207922
0.00580601,0.00414675,0.00257466,0.0159586,0.00327245,0.00441091
0.012882,0.00778501,0.00873388,0.0640974,0.0177057,0.016374
0.030915,0.0198853,0.0106788,0.0385472,0.00957488,0.00849088
0.00465761,0.00367258,0.00271099,0.00642637,0.00240349,0.00278366
0.00722029,0.00497657,0.00312037,0.0173755,0.00601158,0.00598999
0.0338367,0.0217615,0.0188385,0.0560159,0.0145702,0.0210162
0.0592452,0.0347573,0.026699,0.112836,0.027168,0.0366496
0.0132902,0.00864481,0.0105339,0.0143076,0.00304048,0.00716477
0.0299144,0.019049,0.00734151,0.0490648,0.0121944,0.0105025
0.0132158,0.00903805,0.00733947,0.00178698,0.00117403,0.00755365
0.0122209,0.00887889,0.00368552,0.0216983,0.00639394,0.0139673
0.00887948,0.0061337,0.004697,0.0174275,0.00209969,0.00235044
0.0235978,0.0154626,0.0192853,0.0706975,0.0216734,0.0500576
0.0385556,0.023768,0.0182459,0.105083,0.0250251,0.0431821
0.0438969,0.0263725,0.0291075,0.143669,0.0399918,0.0780667
0.00908783,0.006536,0.00405714,0.0168768,0.00457062,0.00244091
0.030163,0.0194932,0.0148417,0.0377747,0.0100194,0.0155312
0.0118805,0.00763129,0.0042965,0.0188059,0.00414791,0.00398499
0.0173576,0.0113133,0.00555786,0.0345119,0.00863602,0.00707066
0.0219178,0.0142971,0.00492076,0.0340265,0.0085585,0.0264226
0.0594855,0.0259047,0.0443781,0.194506,0.0502881,0.0746725
0.022628,0.0100963,0.00752571,0.0274105,0.00723503,0.00802244
0.00454444,0.00316863,0.00199448,0.0179326,0.00470139,0.00388655
0.00511164,0.00369938,0.00207723,0.0127402,0.00341178,0.005453
0.0343266,0.0206743,0.0466022,0.240086,0.0599798,0.0594435
0.0232823,0.0160133,0.013269,0.0551803,0.014461,0.00772097
0.00670484,0.00478728,0.004899,0.0345185,0.00712116,0.0176986
0.0228113,0.0155979,0.00948759,0.0207333,0.00566598,0.0097028
0.0169576,0.011479,0.00826253,0.0225377,0.00530344,0.00250304
0.0110263,0.00556316,0.00605083,0.043752,0.00938548,0.0065344
0.0124199,0.00863582,0.00485138,0.0132995,0.00428302,0.0027179
0.00960987,0.00456614,0.00448744,0.0334345,0.00802414,0.00876722
0.0120545,0.00483232,0.00378437,0.0269687,0.00837511,0.0115182
0.0114736,0.00771893,0.00594137,0.00732241,0.00122919,0.00553607
0.0145274,0.00983962,0.00444214,0.0201341,0.00422386,0.00163356
0.0110076,0.00773164,0.00473743,0.0307609,0.00953785,0.00524827
0.00739977,0.00531027,0.00256081,0.0138187,0.00440838,0.00376387
0.0105198,0.00696387,0.00970649,0.0261524,0.0072853,0.00533886
0.00926273,0.00623285,0.00327916,0.0246302,0.00565465,0.00916602
0.0175737,0.0120507,0.0065152,0.0485181,0.0108258,0.00638257
0.0108654,0.00727595,0.00366273,0.0201389,0.00581355,0.0247738
0.00873138,0.00562557,0.00606494,0.0481319,0.0116182,0.010518
0.0376339,0.0243495,0.0156332,0.0496854,0.0126419,0.0310896
0.0337835,0.0217939,0.0146513,0.0544489,0.0152885,0.0162973
0.0328242,0.0206577,0.0159441,0.0804442,0.0210436,0.02178
0.0258835,0.0159237,0.0239111,0.109727,0.0264676,0.0342137
0.00777793,0.00554554,0.00177114,0.0182846,0.00759363,0.00802174
0.0203459,0.0133266,0.00792681,0.0424352,0.0105361,0.0224225
0.0262424,0.0173139,0.0166302,0.0431421,0.00988312,0.0290244
0.00695486,0.00449466,0.00269773,0.0205735,0.00520134,0.00161637
0.0317232,0.0213026,0.01057,0.0602858,0.0157177,0.0125891
0.0666163,0.0366215,0.0389722,0.187315,0.0466146,0.0383685
0.0200555,0.013545,0.00699863,0.0500577,0.0111172,0.00794686
0.01895,0.0126345,0.0100667,0.0544196,0.0136956,0.0150839
0.010178,0.00691502,0.00463189,0.0233676,0.00651699,0.00273389
0.0216275,0.0139948,0.00605888,0.0310415,0.0081788,0.0169635
0.00974712,0.00653115,0.00419016,0.0155448,0.00468088,0.00778807
0.0267572,0.0185613,0.0232138,0.0881905,0.0261379,0.0441499
0.00752929,0.00543977,0.00302388,0.00938372,0.00448912,0.0019621
0.0226159,0.0152545,0.017579,0.0577397,0.0147608,0.0387227
0.0145475,0.0104872,0.010209,0.0650818,0.0177953,0.0146292
0.00834854,0.00613452,0.00314104,0.0199957,0.00346485,0.00879636
0.064274,0.033883,0.0525457,0.279527,0.0699277,0.0690937
0.00611223,0.00418359,0.00322502,0.0121637,0.00272206,0.00142311
0.00978414,0.00682067,0.00396089,0.0181183,0.00470332,0.0055194
0.0234559,0.0157041,0.00553814,0.0309475,0.00972223,0.0100514
0.0299745,0.0201814,0.0126535,0.0290761,0.00861399,0.0131138
0.0147082,0.00970311,0.00749269,0.0221282,0.00625584,0.00699251
0.0211601,0.0138229,0.0118423,0.0892883,0.0260648,0.00675052
0.0219753,0.0127307,0.0233253,0.0981283,0.0277048,0.0471105
0.0114452,0.00584309,0.00447729,0.0292104,0.00714344,0.00577191
0.023765,0.0156294,0.00789017,0.0575085,0.01457,0.00783409
0.0192771,0.0125598,0.00925216,0.0530732,0.013045,0.0317878
0.0184952,0.0126048,0.00488321,0.0272645,0.00646283,0.00381796
0.0306553,0.0188952,0.0195417,0.0878563,0.0239381,0.0388539
0.0291609,0.0191129,0.00674699,0.0441223,0.0105868,0.00764708
0.0152417,0.0100056,0.00725398,0.036936,0.0121184,0.0289347
0.0219447,0.0144033,0.00591843,0.0306925,0.00785146,0.0114507
0.0212515,0.0148636,0.00617891,0.0308109,0.00722333,0.0101265
0.0308281,0.0174342,0.0727398,0.29263,0.0799907,0.0944982
0.0213997,0.0140082,0.00719849,0.0297432,0.00785409,0.0159159
0.00780315,0.00536841,0.00312152,0.00836315,0.00312764,0.0050425
0.0242478,0.016027,0.00851658,0.0291364,0.00864279,0.0170086
0.0171244,0.00716262,0.0077704,0.0380923,0.0114296,0.00985409
0.0171113,0.00701159,0.00766644,0.0391406,0.0117878,0.00958971
0.00688262,0.00475266,0.00248351,0.0179982,0.00212869,0.00195993
0.00459647,0.00336013,0.00366401,0.0413024,0.00820099,0.0170659
0.0135404,0.00892035,0.00442327,0.0146746,0.0030646,0.00192767
0.0159342,0.0110621,0.00462606,0.0350196,0.0109987,0.0155659
0.0164773,0.0107157,0.0178022,0.0463405,0.0128658,0.0289251
0.0234246,0.0156808,0.00762451,0.0351964,0.00600476,0.0152785
0.0115148,0.00809181,0.00435335,0.0134863,0.00232499,0.00527985
0.057989,0.0247985,0.0284724,0.185531,0.0474024,0.036131
0.026612,0.017961,0.0184516,0.0591281,0.0172215,0.0129718
0.00666212,0.00464295,0.00174634,0.0135766,0.0038987,0.00518299
0.0124342,0.00863602,0.00419477,0.0201784,0.00467562,0.00441845
0.0113252,0.00793919,0.00220519,0.0265099,0.00659923,0.0107635
0.0212762,0.013587,0.0190362,0.081536,0.0202352,0.0143281
0.0163767,0.0108927,0.00518496,0.0174973,0.00340783,0.00322471
0.0210166,0.0139864,0.00940318,0.0243638,0.00868499,0.00747185
0.00442202,0.00326799,0.00292751,0.00800456,0.00128898,0.00569983
0.0437098,0.028528,0.0280742,0.107714,0.0302087,0.0336686
0.0162302,0.011155,0.00490991,0.0185731,0.00641045,0.00510338
0.00668,0.00481194,0.00880243,0.0311095,0.00840231,0.00791738
0.043415,0.0190472,0.0380409,0.165921,0.0439354,0.0737493
0.0273615,0.0181644,0.00723241,0.0333605,0.00920071,0.0212574
0.0378663,0.0236177,0.0203053,0.0616972,0.0161281,0.00812607
0.0223215,0.01434,0.0276083,0.110756,0.0302083,0.0448592
0.00996483,0.00656299,0.00298037,0.019227,0.00610826,0.000911867
0.0124922,0.00884423,0.00805714,0.00512948,0.00123306,0.00823347
0.0127843,0.00836338,0.00419131,0.0284764,0.00655829,0.00161183
0.0126759,0.00882308,0.00395691,0.0207758,0.00586665,0.00422957
0.00796211,0.00602796,0.00636539,0.0182432,0.00332129,0.00812916
0.0473031,0.0235068,0.0360136,0.206113,0.0507174,0.085148
0.0135318,0.00881294,0.00578385,0.0448927,0.0117485,0.0127431
0.0105485,0.00701908,0.00180849,0.0154207,0.00434325,0.00352811
0.0216692,0.0143863,0.0262483,0.0937677,0.0259776,0.0164255
0.030005,0.0197514,0.00930275,0.0387666,0.0105612,0.0144386
0.00813087,0.0056503,0.00223629,0.0128177,0.00176094,0.0014111
0.019719,0.0132481,0.00725695,0.0438223,0.0110191,0.00751529
0.00957475,0.00665857,0.00244382,0.0264389,0.00561844,0.00552044
0.0119857,0.0082296,0.00385428,0.02437,0.00681319,0.00376025
0.0299621,0.0200713,0.00928363,0.0326464,0.00935843,0.0358966
0.0081592,0.00542731,0.00231101,0.0260313,0.00992831,0.0189434
0.021404,0.0142924,0.00615477,0.0441017,0.0133192,0.0163775
0.0116988,0.00783221,0.00292973,0.0506123,0.0123988,0.0039434
0.0258725,0.013213,0.014211,0.0656989,0.0188126,0.0174078
0.0329758,0.0183834,0.0141638,0.0662995,0.0174179,0.0172071
0.0075059,0.00548452,0.00287517,0.0204018,0.00526655,0.00180567
0.00990152,0.00438863,0.00469082,0.021985,0.00978396,0.00660429
0.0216134,0.0121179,0.00919125,0.043924,0.0116514,0.0117376
0.0137581,0.007942,0.00472133,0.023606,0.00473213,0.00654892
0.0103091,0.00709438,0.00431736,0.0310212,0.00777615,0.00540371
0.00754271,0.00504413,0.00439198,0.0127149,0.00476362,0.0025087
0.0134243,0.00959505,0.00403311,0.0207917,0.00694975,0.0096753
0.00511068,0.00379656,0.00129243,0.0175552,0.00387741,0.00737157
0.0103047,0.00720527,0.00597995,0.0173311,0.00464257,0.00495178
0.0290234,0.0192538,0.00872415,0.0398417,0.00915533,0.0104126
0.0336658,0.0137467,0.0124214,0.0402403,0.0101207,0.0174756
0.0317709,0.0137752,0.0118298,0.0380207,0.00935416,0.0152163
0.00437191,0.00323896,0.0032297,0.0207477,0.00516173,0.0203327
0.00836921,0.00581432,0.00326866,0.00189434,0.000690877,0.00861922
0.0122129,0.00815018,0.0045637,0.0182333,0.00654935,0.00682261
0.00805826,0.0058952,0.00213956,0.0173316,0.00434328,0.00940189
0.0151409,0.0104552,0.0196753,0.0652678,0.0176235,0.0162212
0.0129873,0.00902778,0.00548002,0.0166081,0.00339811,0.00495907
0.0137773,0.00950721,0.004178,0.0323486,0.00715698,0.00775949
0.0148703,0.0100729,0.00816264,0.0260477,0.00562648,0.00571828
0.0211307,0.0142872,0.007341,0.0032598,0.000837159,0.00473163
0.00742877,0.00521791,0.00380916,0.0296822,0.00828322,0.0021409
0.021847,0.0148047,0.0109838,0.0303258,0.00872496,0.0059639
0.0142343,0.0097642,0.00678986,0.0255242,0.00534929,0.00976237
0.015379,0.0105077,0.00468412,0.0206898,0.00382365,0.00375164
0.0100811,0.00676275,0.00217553,0.021181,0.00596692,0.00686331
0.031025,0.0191311,0.00867691,0.0675517,0.0161822,0.0178025
0.0205642,0.0139314,0.0063573,0.0229201,0.00671775,0.0135277
0.00799406,0.00531886,0.00294508,0.0184894,0.00574678,0.00877167
0.0113843,0.00769741,0.00937012,0.0203415,0.00571169,0.00529231
0.00640719,0.00427576,0.00336471,0.0051023,0.000919348,0.00292143
0.0125339,0.00861018,0.0036581,0.0156989,0.00597629,0.00213395
0.0082873,0.00576222,0.00256075,-0.000609948,0.000589572,0.00368708
0.0332025,0.0213307,0.0105922,0.0578351,0.014494,0.0481737
0.0198408,0.0129492,0.00640381,0.026525,0.0055288,0.00308773
0.0117945,0.00788144,0.00433144,0.0187529,0.00622848,0.0152788
0.0209572,0.0140783,0.00934491,0.0440843,0.011402,0.0220282
0.0199294,0.0128559,0.00627376,0.0268152,0.00726902,0.0100683
0.00576799,0.00415128,0.00281794,0.0171502,0.00344608,0.00373228
0.0291957,0.0192998,0.00831678,0.0501339,0.014047,0.0348265
0.0120431,0.0077038,0.00436515,0.0306877,0.00614496,0.00687941
0.0112427,0.00767643,0.00634433,0.0253519,0.00623599,0.00643369
0.0069481,0.00463136,0.00358288,0.0157172,0.00467017,0.00577652
0.0112744,0.00757144,0.0134925,0.043728,0.0102732,0.00860614
0.0144942,0.00998406,0.00487897,0.0210116,0.00466757,0.00895378
0.029852,0.019647,0.0103864,0.0560616,0.0134215,0.0241639
0.0368966,0.0241221,0.0101329,0.0368784,0.0100138,0.0101653
0.0192585,0.0129478,0.00618368,0.0398818,0.00967215,0.00741827
0.00601622,0.00435917,0.00225589,0.00809882,0.000586897,0.00292471
0.0100372,0.00709139,0.00215077,0.0226401,0.0037738,0.00646264
0.031435,0.0204867,0.00973047,0.0449246,0.0127414,0.0106541
0.0139625,0.00954025,0.0047067,0.0251279,0.00654093,0.0106217
0.0193556,0.0125154,0.0124028,0.0774534,0.0191711,0.0147874
0.0196443,0.0135833,0.00663945,0.0323219,0.00743564,0.00311542
0.0158063,0.0109484,0.0043589,0.0310779,0.00743007,0.0157025
0.0190846,0.0128706,0.004705,0.0252834,0.00760194,0.0057821
0.0489103,0.0296942,0.0173214,0.0689424,0.0173723,0.0233188
0.00955754,0.00662503,0.00187345,0.0178197,0.00417933,0.00503315
0.0212417,0.0140193,0.00844572,0.0519316,0.0163382,0.0142
0.0111407,0.00806259,0.00902124,0.0204023,0.00490697,0.00332847
0.00452332,0.00325773,0.00152936,0.0124987,0.00299306,0.00137354
0.0258661,0.0160509,0.0723258,0.25749,0.0638488,0.0885073
0.0214939,0.0147102,0.0105956,0.0403562,0.00995686,0.0148226
0.00930983,0.00613377,0.0059267,0.0187089,0.0046283,0.00513033
0.060547,0.0360459,0.158143,0.454237,0.113513,0.183351
0.0119743,0.00796072,0.00540272,0.0273066,0.00773147,0.0127467
0.0125218,0.00808108,0.00417163,0.0226624,0.0065705,0.00259454
0.0397605,0.0255575,0.0168788,0.056433,0.0147018,0.0196815
0.0230659,0.015239,0.00718003,0.0398403,0.00985698,0.0111435
0.0453606,0.02738,0.0177941,0.0809218,0.0188096,0.0186541
0.0169898,0.011755,0.00555703,0.0291468,0.00855343,0.0104085
0.011937,0.00835477,0.00335959,0.0171998,0.00609052,0.00479565
0.00850672,0.00571687,0.0156602,0.0368077,0.00761947,0.0163734
0.0300516,0.0196247,0.0350539,0.141655,0.0387584,0.0476709
0.0230981,0.0154783,0.00725202,0.0212346,0.00684966,0.0140013
0.0399006,0.025884,0.0213617,0.0797321,0.0212618,0.0147347
0.00550497,0.00384532,0.00262242,0.0126524,0.00387539,0.0026243
0.00942353,0.00646271,0.00288074,0.0350045,0.00694916,0.00321
0.0183674,0.00876193,0.00907109,0.0836255,0.0263861,0.0372253
0.0496657,0.0262867,0.0275989,0.157817,0.0390658,0.0799181
0.0190531,0.0135875,0.0131138,0.0469138,0.0121053,0.0133983
0.0345966,0.0211327,0.0216364,0.122443,0.0338436,0.102797
0.0281924,0.0181164,0.00913262,0.0406634,0.00944861,0.0128406
0.0271269,0.0146555,0.0112277,0.0599199,0.0174131,0.0169392
0.0350066,0.0197006,0.0198317,0.0939595,0.0213155,0.0127118
0.0128785,0.00888788,0.00506037,0.0229558,0.00617162,0.0112352
0.0151988,0.0105971,0.0160029,0.0285241,0.00913981,0.00454887
0.00592441,0.00393391,0.00310709,0.0164945,0.0044345,0.00385803
0.0202223,0.0139113,0.00946744,0.0461304,0.0107717,0.0106057
0.025725,0.015511,0.0321929,0.14431,0.0388965,0.070415
0.0206323,0.0137803,0.00971173,0.0443634,0.0124393,0.0136882
0.0137069,0.00931216,0.00317794,0.0260813,0.00663572,0.00853795
0.00857115,0.00603075,0.00480497,0.0167467,0.00479329,0.00220891
0.008972,0.00598013,0.00691372,0.0211925,0.0061081,0.00799503
0.00701353,0.00526632,0.00274464,0.0131811,0.00449895,0.00185173
0.0171104,0.011329,0.0062848,0.0239712,0.00567364,0.0233548
0.0073347,0.00488133,0.00270594,0.0259771,0.00967262,0.00426108
0.0130054,0.00901235,0.00387455,0.0348368,0.00897263,0.00940743
0.0376756,0.0236982,0.0161467,0.0693775,0.0199684,0.0338329
0.0255401,0.0168209,0.0117375,0.0327235,0.00920349,0.010468
0.00581096,0.00420571,0.00195241,0.0116961,0.00262485,0.00791357
0.0258019,0.0167614,0.00996843,0.0614952,0.0164765,0.0070949
0.0118345,0.00815441,0.00762065,0.0208553,0.00539414,0.010956
0.00839719,0.0059728,0.00298183,0.0156688,0.0028682,0.0102107
0.0074583,0.00503999,0.00811636,0.0182557,0.00434473,0.00388214
0.0225082,0.0148567,0.00683422,0.0338158,0.00723259,0.0134873
0.012546,0.00885545,0.00293422,0.0170176,0.00412393,0.0111558
0.0163633,0.0113735,0.00749245,0.0350372,0.0101567,0.00648441
0.0162201,0.0108725,0.00619391,0.024535,0.00571663,0.00316317
0.0381171,0.0234793,0.0114276,0.0358378,0.0097718,0.0280007
0.00713339,0.00543358,0.00401484,0.0152766,0.00330262,0.00184184
0.0248929,0.016433,0.0159393,0.0498983,0.0120083,0.0155639
0.0163315,0.0109153,0.00487549,0.0305027,0.00750686,0.00394814
0.027695,0.0184321,0.0101858,0.0308632,0.00908695,0.0137575
0.00882523,0.00582497,0.00356192,0.0186216,0.00580146,0.00653009
0.0437902,0.0196594,0.028047,0.118319,0.0352885,0.044937
0.0334133,0.0150559,0.0247727,0.0982346,0.0265,0.0359297
0.0131165,0.00818636,0.00421764,0.0289436,0.00680648,0.00484393
0.0124168,0.00817209,0.0107593,0.0262793,0.00566303,0.00569928
0.0207976,0.0133385,0.00974533,0.0388177,0.0103028,0.00808524
0.00679608,0.00452724,0.0027147,-2.96682e-06,-0.000331734,0.00558272
0.00733064,0.00520357,0.00239954,0.00971383,0.00312351,0.00136339
0.0256765,0.0171584,0.00655242,0.0220818,0.00420892,0.00372857
0.0159327,0.0107664,0.00666756,0.0275987,0.0065568,0.0105867
0.0142611,0.00935725,0.00456239,0.0317067,0.00859071,0.00216661
0.0238862,0.0163134,0.00810964,0.043062,0.0116304,0.017068
0.0105619,0.00754391,0.010156,0.0353283,0.0102228,0.0278218
0.0110853,0.00810797,0.00514092,0.0068625,0.00138604,0.00234229
0.0592916,0.0277378,0.0469045,0.231859,0.0602078,0.162913
0.0135599,0.00924257,0.00593468,0.0323109,0.0078372,0.00994556
0.0367397,0.0229761,0.0137385,0.0303219,0.00851173,0.00946032
0.0168418,0.0114704,0.00371537,0.0551885,0.0164349,0.0164296
0.00877699,0.0062104,0.00250852,0.0251256,0.00536926,0.00590108
0.00677207,0.00506514,0.00306305,0.0202334,0.00558377,0.00326125
0.00847785,0.00561945,0.00313278,0.0220821,0.00555854,0.0118879
0.014968,0.0101607,0.00495322,0.0175629,0.00311992,0.00346349
0.00615731,0.00415321,0.00419446,0.0138139,0.00350904,0.00263611
0.0100422,0.00690368,0.00408754,0.0145112,0.00310385,0.00512082
0.04398,0.0287568,0.0165965,0.0652924,0.0180102,0.0537744
0.0108939,0.00747938,0.00416701,0.0220549,0.00682702,0.00769025
0.00680063,0.00477817,0.00270785,0.0165503,0.00487906,0.00339901
0.0144224,0.0101493,0.0042481,0.0286741,0.00958473,0.00391935
0.0205089,0.0132615,0.0036691,0.0391032,0.010063,0.0119109
0.0141066,0.00988297,0.00358122,0.0265624,0.00686079,0.00736404
0.00883707,0.00622478,0.007871,0.0300011,0.00878963,0.0153289
0.0182218,0.0117454,0.00525483,0.0355684,0.0078214,0.00983526
0.010202,0.00718196,0.00659207,0.0252794,0.0051096,0.00449368
0.00700559,0.00479026,0.00257007,0.0144954,0.00317802,0.00509033
0.0117056,0.00786392,0.00456038,0.00670224,0.00125901,0.00254125
0.0100062,0.00692582,0.00347087,0.0113024,0.00387588,0.00650868
0.00867532,0.00597075,0.0036211,0.0127604,0.00446488,0.00300379
0.0200029,0.00829255,0.00653818,0.0379255,0.00795467,0.0102375
0.0229208,0.012603,0.00865703,0.0308248,0.00629092,0.00893743
0.0160016,0.0108976,0.00452133,0.0174921,0.00326108,0.00658076
0.0206028,0.0144755,0.00874746,0.0527673,0.0124414,0.0202712
0.0239625,0.0143261,0.00976715,0.0558736,0.0114277,0.0196577
0.0134887,0.00895375,0.00492165,0.0447131,0.0126965,0.0100084
0.0147316,0.0100526,0.00458077,0.0236422,0.00469021,0.00386681
0.00521079,0.0036804,0.0044832,0.0152426,0.00382799,0.0014788
0.0500317,0.0317967,0.0371086,0.136396,0.0382705,0.0568247
0.00466717,0.00318499,0.00527942,0.0253124,0.00626963,0.00436813
0.00907248,0.0061329,0.00361706,0.0283022,0.00792027,0.014899
0.0402311,0.0255707,0.0152269,0.0977404,0.0227273,0.0157056
0.00589964,0.00406509,0.00322633,0.0169317,0.00422401,0.00109142
0.0244959,0.0135558,0.0158466,0.0717846,0.0187114,0.0448546
0.00598199,0.00421422,0.00378174,0.0260393,0.00704207,0.012847
0.00755237,0.00552242,0.00295659,0.0168939,0.00487177,0.00528718
0.0207351,0.0142509,0.00475796,0.0323018,0.00599755,0.00222279
0.0487743,0.0323281,0.0139217,0.0647284,0.0194101,0.0405129
0.0559917,0.0318692,0.0481506,0.182877,0.0449232,0.0747853
0.0102541,0.00701467,0.00429144,0.0216607,0.0065979,0.00311587
0.00519381,0.0030891,0.00170077,0.0140393,0.00359628,0.0061073
0.0271065,0.0183961,0.0173113,0.0671827,0.0193274,0.0102576
0.0224065,0.0154994,0.010323,0.0259663,0.0077682,0.0119315
0.0226919,0.0150416,0.0110463,0.0596831,0.0142889,0.0238707
0.0169299,0.0112541,0.00342906,0.03932,0.00917954,0.0172257
0.00708596,0.00504137,0.00200606,0.0128865,0.00322674,0.00160133
0.0187756,0.0129909,0.00538869,0.0194224,0.0052273,0.00498213
0.0127442,0.00877354,0.0044173,0.01719,0.00375479,0.00551092
0.0231266,0.0147787,0.0136274,0.0540004,0.0143303,0.0169879
0.014089,0.00954059,0.00842292,0.0306038,0.00966141,0.00825567
0.0199243,0.0132764,0.00668815,0.043196,0.0132656,0.0110925
0.0217585,0.0142313,0.00769611,0.031768,0.0115453,0.00531264
0.03604,0.0234747,0.0104879,0.0526847,0.0137952,0.00729961
0.0309045,0.0200144,0.00854018,0.0321471,0.00964078,0.00372095
0.00692251,0.00485051,0.00300952,0.0156317,0.00421166,0.00333209
0.00569607,0.00415874,0.00245724,0.010201,0.00338752,0.00207056
0.00452929,0.00304092,0.00397385,0.0161543,0.00459408,0.00167768
0.0212281,0.0143471,0.0201195,0.0407005,0.0107548,0.00963542
0.00890455,0.00585891,0.00989265,0.0200563,0.00466297,0.00358382
0.00668279,0.00477662,0.00388847,0.00982016,0.00302949,0.00157235
0.020307,0.0135201,0.00557595,0.033764,0.0092268,0.00640493
0.0191208,0.0129927,0.0136542,0.0652711,0.0176128,0.0236365
0.0691996,0.0360217,0.0237118,0.116918,0.0318893,0.0606359
0.00617445,0.00396374,0.00232984,0.0137042,0.00539197,0.00467396
0.0153713,0.0102589,0.00608462,0.0239449,0.00480607,0.0103951
0.00845608,0.0060294,0.00367808,0.0197729,0.0038732,0.0182188
0.0312658,0.0202162,0.00911052,0.0471832,0.0123704,0.0283346
0.0101827,0.00643143,0.00449603,0.0378677,0.00939402,0.0178893
0.0142499,0.00975971,0.00555887,0.0180696,0.00354765,0.0126872
0.0164047,0.0111111,0.00481416,0.0295055,0.00774212,0.00272507
0.0125019,0.00851906,0.00391909,0.017962,0.00589211,0.00191751
0.00515476,0.00381663,0.0018187,0.0110181,0.0045382,0.00436926
0.0155491,0.0106884,0.00740029,0.0236649,0.00575797,0.00669824
0.0072881,0.00509462,0.00580712,0.039177,0.00956633,0.00834624
0.0172955,0.00874466,0.00838236,0.0457849,0.0149696,0.0180167
0.0169921,0.00715318,0.00832632,0.0306416,0.00864641,0.0135769
0.0172609,0.0116711,0.00624012,0.0280719,0.00695097,0.00828294
0.00586095,0.00414294,0.00172586,0.0165409,0.00424315,0.00123959
0.0133479,0.00892084,0.0043747,0.025583,0.00510878,0.00573467
0.035027,0.0232984,0.0144396,0.0629191,0.0151147,0.0216731
0.0162961,0.0109426,0.00559306,0.027395,0.00734157,0.00235955
0.00625873,0.0044495,0.00309695,0.0187447,0.00526925,0.00121882
0.0125055,0.00849116,0.00487127,0.0246167,0.00719828,0.00337992
0.00809591,0.00562629,0.00352191,0.0223199,0.00525097,0.00159279
0.0308781,0.0199284,0.0110174,0.0434161,0.0106197,0.0196285
0.0120871,0.00852309,0.0117945,0.0370899,0.0108319,0.012866
0.00443479,0.00332264,0.00290674,0.0155921,0.002833,0.00253575
0.00900275,0.00610407,0.0038219,0.0247447,0.00540207,0.0056467
0.0292657,0.0186079,0.0116259,0.0792582,0.0216092,0.0234216
0.012786,0.00884822,0.00421528,0.026548,0.00669826,0.00638768
0.0145059,0.0096699,0.00516486,0.0253736,0.00633513,0.00775756
0.00836393,0.0059569,0.00401358,0.0153005,0.0033421,0.00254665
0.0112033,0.00753425,0.0038891,0.0109736,0.00328081,0.00341436
0.00896381,0.00630393,0.00481795,0.0133755,0.00475645,0.00370696
0.0113562,0.00772676,0.00308966,0.0223435,0.00627379,0.00782049
0.0291734,0.0188714,0.00929533,0.0365632,0.0100104,0.0146506
0.0218336,0.0148294,0.0125833,0.0636624,0.0147863,0.0142976
0.00932273,0.00614236,0.00379516,0.0157302,0.00460937,0.00145423
0.0465795,0.0263314,0.0239504,0.0740786,0.0186188,0.0467525
0.00458949,0.00342076,0.0023797,0.0156924,0.00392584,0.00514906
0.0237123,0.0163229,0.0123583,0.0473686,0.011302,0.0229497
0.0107081,0.00695844,0.00480268,0.0194264,0.00368462,0.00342486
0.0066352,0.00460612,0.00402105,0.0399282,0.00989216,0.00926088
0.039818,0.0231779,0.0120519,0.0740865,0.022753,0.015114
0.026012,0.0171694,0.0119043,0.0591763,0.0119655,0.0189199
0.0163832,0.0111638,0.0039262,0.0279011,0.00853706,0.00952676
0.00609429,0.00442004,0.00157156,0.00886646,0.00223604,0.00569824
0.0116391,0.00791342,0.0083501,0.0365187,0.00956812,0.00455306
0.00711853,0.00503447,0.00406657,0.015197,0.00392964,0.00331287
0.0227302,0.0153055,0.00980077,0.051805,0.0106068,0.0257487
0.0123987,0.00882181,0.00634357,0.0346582,0.00715103,0.00645106
0.04848,0.0292031,0.0228525,0.0980147,0.0264503,0.0453013
0.0298982,0.0200823,0.0141915,0.0690737,0.0155967,0.0101375
0.0557831,0.0342074,0.0135525,0.075022,0.0192267,0.0325806
0.00451665,0.00320276,0.00190501,0.000623912,0.000386819,0.00333157
0.0273764,0.0126095,0.0111753,0.0440495,0.0116255,0.0186723
0.0260463,0.0122461,0.0103721,0.0394108,0.00831333,0.0173865
0.028583,0.0193693,0.00991459,0.0720611,0.0193675,0.0314844
0.0242265,0.0163645,0.0132674,0.064587,0.0164847,0.0276918
0.0556362,0.0260068,0.0266826,0.147534,0.0394897,0.0394571
0.0628173,0.0273797,0.0336231,0.156437,0.0383563,0.0435331
0.00769837,0.00536499,0.00334832,0.021878,0.00453626,0.00336969
0.0118723,0.00836959,0.00311997,0.0281795,0.00614133,0.004991
0.027186,0.0173002,0.0106672,0.0457829,0.0120778,0.0138099
0.0124606,0.008232,0.00592294,0.0304978,0.0092337,0.00724641
0.0126602,0.00897144,0.00582287,0.0206151,0.00678968,0.0013894
0.0155998,0.0102439,0.00532146,0.0291036,0.00958292,0.0058008
0.0342026,0.0226325,0.0130676,0.0633605,0.0153509,0.0205457
0.0202019,0.0135392,0.0133911,0.0725116,0.0192598,0.0126606
0.00766144,0.00548605,0.00320358,0.0144074,0.004061,0.00622469
0.010382,0.00745,0.00560657,0.019064,0.0034159,0.00430126
0.00615658,0.00461924,0.00397446,0.0324399,0.00851681,0.0101532
0.0283936,0.0189372,0.0098491,0.0482413,0.0116779,0.0206567
0.0364403,0.0156432,0.0187479,0.118332,0.0294281,0.0138457
0.00607535,0.00416272,0.00282076,0.0264985,0.00609434,0.00896467
0.00636313,0.004548,0.00459469,0.016703,0.00315173,0.00293882
0.0340437,0.0186899,0.0153404,0.0540955,0.0138917,0.0133378
0.0127986,0.00840565,0.00364987,0.0228327,0.00707142,0.00839565
0.0122341,0.00833895,0.0117152,0.0434278,0.0112211,0.0308299
0.0111322,0.00731242,0.00448239,0.018983,0.00442686,0.00196115
0.0518385,0.0282593,0.0335269,0.174458,0.0463726,0.0630198
0.0301736,0.0198473,0.00723205,0.05217,0.0147873,0.0237471
0.00918943,0.00641456,0.00443565,0.0183854,0.00493679,0.00238611
0.0125576,0.0082314,0.00702475,0.0298893,0.00837437,0.00687648
0.0440896,0.0242407,0.0428981,0.174591,0.043614,0.0679535
0.0235227,0.0156214,0.0124474,0.0539042,0.0150436,0.0108104
0.00710764,0.00511592,0.0032644,0.0143017,0.00399219,0.00548371
0.0155045,0.0102548,0.00528032,0.0244466,0.00572573,0.00295436
0.00952423,0.00673335,0.00171512,0.0189365,0.0040562,0.0037927
0.0260982,0.0174435,0.00995876,0.046534,0.0100493,0.0103764
0.00481591,0.00340565,0.00199004,0.0146915,0.00461022,0.00133921
0.00684008,0.00477369,0.00823136,0.068857,0.0174092,0.0176611
0.0220222,0.0151692,0.00746262,0.0323163,0.00742672,0.0203362
0.0240286,0.0160208,0.0196252,0.0809176,0.0196365,0.0571231
0.0078603,0.00553759,0.0033959,0.0182862,0.00425042,0.00568335
0.0516763,0.0255404,0.020645,0.109298,0.0285939,0.0266693
0.022912,0.0147541,0.0071144,0.0375053,0.00917604,0.0130889
0.0164801,0.0115539,0.00437956,0.0157809,0.0047016,0.00583959
0.0203895,0.0135098,0.0179138,0.0606154,0.0164716,0.0159954
0.0123421,0.0084462,0.0028677,0.0307906,0.0066301,0.00496697
0.00898867,0.0063434,0.00658216,0.0375432,0.0111545,0.0117612
0.0214018,0.0145805,0.0113999,0.0294866,0.00744425,0.0142286
0.0127995,0.00874826,0.0046885,0.0270861,0.00583895,0.00266983
0.0141686,0.00999654,0.00279671,0.0502184,0.0141289,0.0187578
0.0205951,0.0136411,0.0052531,0.0409816,0.011158,0.0094758
0.0624757,0.0379394,0.0301655,0.143289,0.0380628,0.038663
0.00927927,0.00660819,0.00362675,0.0170343,0.00565598,0.00135494
0.0399941,0.0246943,0.0276065,0.141182,0.0385159,0.0623747
0.0191476,0.0129466,0.00735389,0.0370839,0.00940416,0.0231457
0.0127501,0.00887696,0.0052227,0.0290244,0.00665839,0.0128711
0.0186193,0.0122612,0.00681719,0.0328163,0.0078361,0.00864732
0.0457594,0.0298279,0.0326993,0.112439,0.0293145,0.0330972
0.0268686,0.0179962,0.00894446,0.0370736,0.00850678,0.0153744
0.0419312,0.0265151,0.0182579,0.0737116,0.0166878,0.0152819
0.0187865,0.0133948,0.00661221,0.024661,0.00632138,0.0077936
0.0206148,0.00923154,0.00788241,0.0439796,0.0119067,0.0133949
0.0222653,0.00962876,0.0086801,0.040282,0.010978,0.0153001
0.0238899,0.015881,0.00894152,0.0519315,0.012188,0.017911
0.0155898,0.010803,0.00684392,0.0459037,0.0121791,0.014137
0.0366241,0.0239633,0.0119275,0.0470877,0.0149856,0.0224516
0.00936307,0.00661089,0.0040259,0.0168961,0.00470884,0.00383885
0.0164325,0.0110092,0.00569308,0.0268129,0.00568063,0.00571625
0.00804451,0.00576755,0.00660549,0.0115401,0.00265028,0.001694
0.00813129,0.00595751,0.00331027,0.0120784,0.00310607,0.00272718
0.0332908,0.0211286,0.0151619,0.0701212,0.0160381,0.0286068
0.0147459,0.0103587,0.0109342,0.0440002,0.0109865,0.0212958
0.0156482,0.0102295,0.0048339,0.02812,0.00804899,0.015308
0.0292232,0.0193492,0.009742,0.0330117,0.00782516,0.00645006
0.024007,0.0160828,0.00403732,0.036665,0.010435,0.0122417
0.0297914,0.0200612,0.014509,0.0607246,0.0150802,0.0125269
0.0118642,0.00821493,0.00372065,0.0264487,0.00650002,0.00400926
0.0077375,0.00550642,0.00317412,0.0204049,0.00490695,0.00343263
0.0356228,0.0223316,0.0207829,0.0951569,0.0223019,0.0120491
0.00563931,0.00379631,0.00234186,0.0146183,0.00375321,0.00929301
0.0270469,0.0177207,0.0148779,0.063491,0.0152942,0.0131205
0.0104792,0.00704335,0.00307474,0.0180625,0.004475,0.00348313
0.0344806,0.0175845,0.020057,0.0810894,0.0214436,0.0152332
0.00893872,0.00635606,0.0123715,0.0372817,0.00829156,0.00840672
0.014103,0.00930095,0.0290422,0.111392,0.0323449,0.0278288
0.00612072,0.0042398,0.00346635,0.0152683,0.00331158,0.00569578
0.0118544,0.00679854,0.00566783,0.0255297,0.012228,0.0195483
0.0406561,0.023411,0.0476712,0.18609,0.052585,0.098448
0.0138241,0.00932213,0.00530845,0.0306756,0.00769761,0.00863948
0.0129464,0.008772,0.00526257,0.0223305,0.00530207,0.00421609
0.0116403,0.00792564,0.00484774,0.0177598,0.0032338,0.00914804
0.0247465,0.0160491,0.0154528,0.0502314,0.0145991,0.0167759
0.0138499,0.00932309,0.00517517,0.041451,0.0106877,0.0153336
0.00489282,0.00360206,0.0176342,0.0393408,0.0113693,0.00618657
0.00729532,0.00481526,0.00283573,0.0112221,0.00311798,0.00390996
0.0171454,0.0120581,0.00527591,0.0250805,0.00684197,0.011771
0.0471041,0.0282494,0.0410898,0.234584,0.0586654,0.09714
0.038925,0.0232037,0.0230355,0.0992824,0.0277315,0.0254559
0.0395833,0.0211917,0.0204188,0.0967981,0.025606,0.057943
0.0190896,0.0129838,0.00606628,0.0438428,0.00968265,0.0149252
0.0189651,0.0127518,0.00635285,0.0292222,0.00790551,0.00692651
0.0740994,0.0429458,0.0432618,0.184558,0.0479722,0.0796782
0.0308245,0.0150214,0.0105982,0.036312,0.00986362,0.0107808
0.00824689,0.00385349,0.00390412,0.0373537,0.0118906,0.00646643
0.0218097,0.0138862,0.0182402,0.0858177,0.0213093,0.0165972
0.0166493,0.00768725,0.0057642,0.0275588,0.00881058,0.0118155
0.0154256,0.0103743,0.00507655,0.0197981,0.00505947,0.00274316
0.0303002,0.0182008,0.00882452,0.0448669,0.0113273,0.0184265
0.00871539,0.00604539,0.00236239,0.0161808,0.00463045,0.00148187
0.0328615,0.0217757,0.00797482,0.0487544,0.0124641,0.00467441
0.0142171,0.00985848,0.00557387,0.0242542,0.00507145,0.0057099
0.0220905,0.0149301,0.00729219,0.0487021,0.0133793,0.017157
0.00564053,0.00407284,0.00269807,0.0113516,0.00349865,0.00226268
0.0159741,0.0108312,0.00502666,0.00567242,0.00151168,0.00731522
0.0313589,0.0207464,0.00893159,0.0480052,0.0123553,0.0182462
0.0165915,0.0114277,0.0061436,0.0263395,0.00541115,0.00408392
0.00542154,0.00378526,0.00198016,0.0154761,0.00366903,0.00374454
0.0101505,0.0048967,0.0102636,0.0692389,0.0216273,0.0162313
0.0207873,0.0112337,0.0240026,0.116397,0.0317948,0.0233393
0.0355242,0.0223665,0.0139072,0.0659639,0.0150411,0.00930697
0.0160064,0.0104425,0.00808885,0.0327501,0.00876163,0.0133196
0.0107408,0.0073776,0.00378873,0.0191284,0.00649112,0.0101264
0.00964005,0.00694734,0.00451085,0.00300424,-0.000120657,0.00082461
0.0065902,0.00421037,0.00235678,0.0148876,0.00439826,0.00231987
0.0155056,0.0108259,0.00548889,0.0138862,0.00441617,0.0125469
0.0196298,0.0128697,0.0068409,0.0223854,0.00396773,0.00433899
0.0315632,0.0137247,0.0122537,0.0583667,0.0174862,0.0146563
0.0307688,0.0137515,0.0115434,0.052077,0.0128748,0.010497
0.0192767,0.0129409,0.00643328,0.0369527,0.0100803,0.0129166
0.0391325,0.0241227,0.0131758,0.0681122,0.0187257,0.0164302
0.00541194,0.00379164,0.00168142,0.0157354,0.00298929,-7.21099e-05
0.0223728,0.0144742,0.0121307,0.0849287,0.0201368,0.0442407
0.0165386,0.0112653,0.00410456,0.0324024,0.00849115,0.00415072
0.0162197,0.0112749,0.00679124,0.0148971,0.00427694,0.00449439
0.031653,0.0203354,0.0192691,0.0555495,0.0128602,0.0122323
0.0448478,0.0285122,0.0141981,0.0396557,0.00873485,0.00784959
0.0333378,0.017893,0.0128906,0.0610331,0.0167833,0.0120185
0.0278159,0.0182561,0.0119962,0.0712218,0.0164031,0.010932
0.00816111,0.00580592,0.00417276,0.0233127,0.00701271,0.00224363
0.00845803,0.0056123,0.00358092,0.0195684,0.00408725,0.00537056
0.0212769,0.0143514,0.00775151,0.0246241,0.00709624,0.0205024
0.00991165,0.00632497,0.00158658,0.0220022,0.00481619,0.00272995
0.00874177,0.00618415,0.00240592,0.0251444,0.00610068,0.00188827
0.00857577,0.00583025,0.00170242,0.0236671,0.00693545,0.00927394
0.0349611,0.0140007,0.0104785,0.0413814,0.00886535,0.0178607
0.034146,0.0138372,0.0103073,0.0387162,0.0071556,0.0173696
0.0535062,0.0266771,0.0477077,0.250355,0.0641346,0.0761174
0.0169696,0.0111896,0.00516206,0.0356496,0.00621044,0.00461406
0.049722,0.0308228,0.0288684,0.0683983,0.0186118,0.0124752
0.00488233,0.0038176,0.0093061,0.0113934,0.00334068,0.00595455
0.0203036,0.0140272,0.00851022,0.0450263,0.0131274,0.0141835
0.0329469,0.0209913,0.0105834,0.0561984,0.0149022,0.0221658
0.0115351,0.0081481,0.00454932,0.0144131,0.00498009,0.0050692
0.0243942,0.0158253,0.00802434,0.0273353,0.0077948,0.00790448
0.0123043,0.00829959,0.00647186,0.0173027,0.00384422,0.00286305
0.00540444,0.00355117,0.00411647,0.0171205,0.00337164,0.00162539
0.00805635,0.00558862,0.00751871,0.026019,0.00594454,0.00488944
0.0137183,0.00935668,0.00399425,0.016991,0.00396036,0.0028365
0.0356467,0.0222528,0.0220022,0.0640371,0.0182844,0.0517217
0.0140241,0.00947084,0.00472888,0.0358786,0.00753251,0.00334709
0.00907936,0.00621267,0.0038928,0.013522,0.0035596,0.0047492
0.00409341,0.00323224,0.00227343,0.0156565,0.00320576,0.0011699
0.0207648,0.0138921,0.00697766,0.0342692,0.00807677,0.0077609
0.0165623,0.0111829,0.00464514,0.0134887,0.00507894,0.00616185
0.0395313,0.0254962,0.0172811,0.0537317,0.0140395,0.0136319
0.0373449,0.023902,0.0118493,0.0507683,0.0140802,0.00763031
0.0169213,0.0115423,0.00889868,0.0421785,0.0114305,0.00902408
0.0114912,0.00810427,0.00497748,0.0262225,0.00670574,0.00346196
0.00720526,0.00491909,0.00284464,0.0195718,0.00438592,0.00331769
0.00718164,0.0050079,0.00420343,0.018733,0.00555941,0.00489678
0.00971558,0.00661392,0.00378096,0.0197196,0.00526044,0.0092436
0.0199604,0.0130609,0.00453111,0.0310022,0.00952981,0.00814581
0.0109127,0.00737836,0.00920003,0.0309375,0.00886664,0.00625036
0.0163552,0.0106166,0.0128472,0.0714439,0.0192803,0.0376788
0.00939059,0.00681577,0.00278897,0.0154653,0.00173911,0.000734375
0.0139031,0.00932966,0.00621057,0.012909,0.00575773,0.012562
0.0129207,0.00892624,0.00354872,0.0274876,0.00643037,0.0111846
0.020505,0.0129731,0.0201205,0.0762576,0.0217219,0.0184859
0.00818558,0.00574975,0.00210087,0.013543,0.00452101,0.00271277
0.0656831,0.0386775,0.0288186,0.143899,0.0353331,0.0668567
0.0149876,0.0103311,0.00517744,0.019036,0.00393187,0.0040488
0.0646637,0.0336764,0.0333552,0.141046,0.0392072,0.0626934
0.0160155,0.0108718,0.00707186,0.0337876,0.00815307,0.014203
0.0171595,0.0115887,0.00621095,0.0282203,0.00726373,0.00595068
0.0678561,0.0349826,0.0509561,0.189543,0.0445701,0.0522584
0.0245972,0.0161991,0.00617584,0.0390087,0.0108592,0.00843028
0.0144748,0.00971924,0.00497527,0.017605,0.00606205,0.00414832
0.0260622,0.01738,0.0126772,0.0475645,0.0113427,0.0111399
0.0116519,0.00798121,0.00380568,0.0262414,0.00607095,0.00541701
0.0141194,0.00976297,0.00463193,0.00614,0.000511712,0.00465181
0.00689302,0.00470531,0.00358241,0.00468703,9.48563e-05,0.00623014
0.0157773,0.0112381,0.00532172,0.0171303,0.0054096,0.00830446
0.0153582,0.0106144,0.00470263,0.0326976,0.00995236,0.0203997
0.00618418,0.00420693,0.00156772,0.0142698,0.00289353,0.00159536
0.00740714,0.00511344,0.00180199,0.0350013,0.00807365,0.00336505
0.0106265,0.00726089,0.00332797,0.0214685,0.00615997,0.00796376
0.00750323,0.00534841,0.00618543,0.0277442,0.00596387,0.0118626
0.0366893,0.0224787,0.0130364,0.0554681,0.0152361,0.0187385
0.0100728,0.00738314,0.00612969,0.0214708,0.00439482,0.00668556
0.0186432,0.0131059,0.0082956,0.0302739,0.00618726,0.00624705
0.041645,0.0262945,0.012589,0.0568892,0.0130012,0.0120311
0.020466,0.00881144,0.00661051,0.0312395,0.00827111,0.0123781
0.00782693,0.00563299,0.00759208,0.0290247,0.00625802,0.000265533
0.0296551,0.0190716,0.0143244,0.0663906,0.0177356,0.0120666
0.0165465,0.00822412,0.00535359,0.0141431,0.00210651,0.00396003
0.0243983,0.0162076,0.00733777,0.0383686,0.00948071,0.00929997
0.0128212,0.0086744,0.00691265,0.027807,0.0076426,0.0129661
0.0248743,0.0162134,0.00999164,0.0347322,0.0119648,0.0115663
0.0100565,0.00702264,0.00492874,0.0261439,0.00546807,0.00456876
0.00977405,0.00633509,0.00546375,0.0230773,0.00633773,0.0172469
0.0189924,0.013138,0.00754609,0.0264771,0.00843991,0.0092414
0.0106818,0.00698703,0.00224778,0.0185779,0.00369461,0.00201969
0.0169634,0.0119987,0.0066853,0.0381644,0.0103743,0.00407358
0.00525091,0.00364748,0.0028199,0.0188249,0.00384301,0.00178161
0.0236095,0.0130274,0.00791931,0.0538935,0.0158985,0.0260798
0.0145023,0.00988818,0.00660808,0.029857,0.00807115,0.00456769
0.0112773,0.00813415,0.00421091,0.0188393,0.0058125,0.00432284
0.0225558,0.0110557,0.0148776,0.0676545,0.0181149,0.0175663
0.0321586,0.017409,0.0141434,0.066562,0.015627,0.0154939
0.00725778,0.00508042,0.00261527,0.0182148,0.00366386,0.00112298
0.0212018,0.0146271,0.0118482,0.00910777,0.00113695,0.00657693
0.0396743,0.0245192,0.0234296,0.115048,0.0302552,0.0501148
0.010999,0.00739638,0.00491944,0.0238237,0.00651289,0.00973481
0.0159162,0.0104149,0.00624239,0.0489477,0.0144347,0.0194034
0.0318551,0.0207541,0.0165333,0.0778112,0.0193828,0.026687
0.0209351,0.0140612,0.00922726,0.0352505,0.00765271,0.0104671
0.0186894,0.0127744,0.00629525,0.0288148,0.00624862,0.0126641
0.00688911,0.00492442,0.00313963,-0.00188029,0.000648601,0.00644543
0.00879414,0.0060986,0.00688571,0.0254319,0.0059833,0.00529494
0.010305,0.00730282,0.00344241,0.0250829,0.00556965,0.00369147
0.0124849,0.00882626,0.00355421,0.0184405,0.00467925,0.0160463
0.00928464,0.00640593,0.00351962,0.027228,0.00697561,0.00466852
0.0092653,0.00624744,0.00430874,0.0203212,0.00596827,0.00736604
0.027191,0.0184755,0.00826137,0.0431242,0.0107576,0.0136533
0.0297481,0.0198303,0.0078073,0.0413989,0.00892188,0.0224532
0.015833,0.0109063,0.00679848,0.0297623,0.00723668,0.00342626
0.00599885,0.00412472,0.00451614,0.011757,0.00359063,0.00342369
0.0237312,0.0160036,0.0119456,0.0203525,0.00383104,0.0121771
0.02999,0.0196488,0.0083307,0.0348374,0.00908911,0.027634
0.00833149,0.00627184,0.00703109,0.0295993,0.00671856,0.0107704
0.00906261,0.00591726,0.00265528,0.0193528,0.00621405,0.00613027
0.00812132,0.0059907,0.00475459,0.0170676,0.00473299,0.0102767
0.0122108,0.00844092,0.00408788,0.0151902,0.00426086,0.00460575
0.0390514,0.0245692,0.0157222,0.0909332,0.0233965,0.0188434
0.00764459,0.00511139,0.00238576,0.0197416,0.00399744,0.00432771
0.0182557,0.0124432,0.00549636,0.0194453,0.00349026,0.0052297
0.0207718,0.013972,0.00508256,0.026998,0.00939096,0.00545275
0.0191492,0.0132411,0.00576975,0.0239731,0.00463298,0.00334358
0.0234718,0.015875,0.0157124,0.047533,0.0118817,0.0210169
0.0153484,0.0105818,0.00488397,0.017525,0.00603535,0.00934751
0.0352142,0.0235794,0.0146878,0.0558083,0.0122168,0.00371918
0.0115795,0.00826442,0.00426766,0.0233542,0.00647495,0.0132438
0.00613383,0.00449823,0.00225211,0.0190185,0.00417741,0.00194102
0.00796771,0.00545909,0.00304242,0.0192582,0.00510924,0.00543401
0.0199012,0.0126798,0.0313192,0.175654,0.0438351,0.0807812
0.0163387,0.0107312,0.00538554,0.0271569,0.00637275,0.00218336
0.0326404,0.0212047,0.0156251,0.0664444,0.018317,0.0254357
0.045239,0.0285918,0.0152474,0.0804798,0.0192601,0.0250989
0.0307214,0.0185309,0.0118261,0.0870747,0.0252019,0.0329811
0.0181012,0.00964712,0.00908062,0.0655646,0.0164817,0.020288
0.016265,0.010831,0.00930765,0.0543312,0.0147874,0.00989039
0.0127383,0.00871034,0.00356366,0.0222958,0.00608334,0.00440137
0.00516498,0.00373328,0.00133633,0.0127721,0.00310235,0.00427403
0.0116373,0.00812787,0.00343795,0.0271373,0.00644441,0.0160124
0.0135268,0.00846235,0.00565539,0.0342845,0.00819758,0.0068701
0.014806,0.00599555,0.00443191,0.0472032,0.0111122,0.00614702
0.0139676,0.0060595,0.00430313,0.0472431,0.0112791,0.00587458
0.0184821,0.012107,0.00702441,0.0334528,0.00823239,0.00973338
0.0118492,0.00768624,0.00403371,0.0209772,0.00613863,0.00310206
0.0159449,0.0106512,0.00687217,0.0221091,0.00646046,0.00605516
0.00853908,0.00594897,0.00194461,0.0204164,0.00550294,0.011012
0.021928,0.0152471,0.0158265,0.0316782,0.00817099,0.0103226
0.0351783,0.0211677,0.0151972,0.0507644,0.0129581,0.012642
0.00432299,0.00319705,0.00211282,0.0174426,0.00421504,0.000813241
0.0116188,0.0080771,0.00389307,0.0342496,0.00947631,0.00600294
0.0428409,0.0266044,0.0130338,0.0622171,0.0166032,0.0281364
0.00614384,0.00451756,0.00638538,0.0291033,0.00656046,0.01817
0.0421,0.0253993,0.0472819,0.16115,0.045541,0.0801114
0.00971274,0.00642696,0.00328188,0.0185543,0.00587877,0.00252388
0.04875,0.0301977,0.0155621,0.0628905,0.0142176,0.0185903
0.0394433,0.0244208,0.0128866,0.0506331,0.0105648,0.0227723
0.0249042,0.016609,0.00838952,0.0273244,0.0068247,0.00803013
0.0196773,0.0135521,0.00798981,0.0340687,0.0104149,0.0101883
0.0178899,0.0124417,0.00468947,0.0157475,0.00442823,0.0109023
0.0191251,0.0129602,0.0062805,0.0222978,0.00537496,0.0198406
0.00511681,0.00356126,0.00232864,0.00743155,0.00155052,0.00454228
0.0115129,0.0080102,0.00601984,0.0192979,0.00396711,0.0086725
0.0337144,0.0219471,0.0102213,0.0458828,0.012914,0.0289729
0.00861874,0.00621526,0.00368643,0.0182267,0.00504963,0.00221817
0.0100161,0.00664608,0.0109224,0.0877867,0.0219318,0.0343606
0.00625238,0.00436598,0.00268163,0.0191214,0.00340433,0.0015132
0.00662306,0.00496498,0.00422565,0.0109367,0.00307259,0.00350184
0.0192961,0.0124998,0.0189848,0.0159245,0.00343498,0.0158915
0.0163207,0.0108988,0.00625296,0.0269099,0.00609729,0.0053337
0.0438918,0.0278909,0.0143802,0.0533726,0.0142296,0.0299357
0.026167,0.0159453,0.0156444,0.0638444,0.0164389,0.0214918
0.00837953,0.0057885,0.00306914,0.0226275,0.00542123,0.0055963
0.0329088,0.0190527,0.0451801,0.12495,0.0325456,0.0811566
0.00573395,0.0039067,0.00164927,0.00613412,-0.000642554,0.00299347
0.0181687,0.012381,0.00539899,0.0243339,0.00629768,0.00645147
0.0107559,0.00759144,0.00779897,0.0366727,0.00929518,0.00364934
0.0112868,0.00806639,0.00368396,0.0176395,0.00501716,0.00536855
0.00483531,0.00345665,0.0053811,0.0279229,0.00701842,0.00550381
0.0268139,0.0182339,0.0150237,0.0663432,0.0166116,0.0465142
0.023843,0.0148439,0.0195996,0.103772,0.0250803,0.0333514
0.0173171,0.0118956,0.00540304,0.0307867,0.00935421,0.0154245
0.0103546,0.00715784,0.00401121,0.0159187,0.00450375,0.0036837
0.0139411,0.00939361,0.00406907,0.0160554,0.00336345,0.0107507
0.0215877,0.0146602,0.00724301,0.0351135,0.00970325,0.0111057
0.00514708,0.00382311,0.00246805,0.00478098,0.000762192,0.00226216
0.00792398,0.00518859,0.00369534,0.0024802,0.000278838,0.00390568
0.01946,0.0127241,0.00717238,0.0401767,0.00947554,0.00539056
0.00625553,0.00408485,0.00404766,0.0180655,0.00461276,0.00718996
0.0349531,0.0198865,0.0373776,0.145345,0.0354453,0.0626904
0.00479355,0.00352115,0.00259388,0.0117349,0.00323007,0.0012567
0.0104818,0.00514502,0.00606569,0.0441292,0.0130952,0.013511
0.0286929,0.0176998,0.017996,0.0947091,0.0226148,0.0304356
0.0136446,0.00944687,0.00458318,0.0308122,0.00687543,0.00600208
0.0245503,0.0169553,0.00570079,0.0349055,0.00960874,0.020393
0.00414619,0.00301437,0.00212786,0.00808481,0.00180994,0.00135871
0.024479,0.0109951,0.00908531,0.0698043,0.0244743,0.0351491
0.0349549,0.020095,0.0236909,0.133671,0.0364186,0.0658126
0.0164909,0.0106751,0.00758127,0.0400842,0.0114824,0.0135312
0.0108054,0.00746764,0.00678085,0.0637649,0.0166409,0.0267146
0.00660601,0.00464939,0.00319413,0.00969134,0.00349112,0.00308169
0.0715902,0.0346055,0.0702861,0.24174,0.0629404,0.112451
0.0263222,0.0168497,0.00908509,0.0470721,0.0136127,0.0138238
0.0152145,0.0104235,0.0063441,0.0250723,0.00863989,0.0157695
0.0200894,0.0135022,0.00789112,0.0493531,0.0119835,0.0228345
0.0221628,0.0143287,0.00870289,0.0251001,0.00566888,0.0076915
0.0272878,0.0169193,0.0419683,0.160201,0.0441466,0.0900323
0.0586588,0.0346124,0.0375414,0.127057,0.0341723,0.0445224
0.0143213,0.00992844,0.00423096,0.0199701,0.0055769,0.0154246
0.0147567,0.0100744,0.00305078,0.0283644,0.0065538,0.00903159
0.0197101,0.0134275,0.00629834,0.00579991,0.00116443,0.0116997
0.0200662,0.013167,0.00546707,0.0368427,0.00977534,0.0100193
0.0116782,0.00812171,0.00592678,0.0239867,0.00684314,0.0147889
0.00969731,0.00717168,0.0024268,0.0195073,0.00505538,0.0040712
0.00974659,0.00701687,0.0030506,0.0150042,0.00568338,0.00620971
0.0202941,0.0130776,0.0122292,0.070691,0.0188508,0.0245247
0.00985228,0.00690013,0.0027687,0.0246013,0.00669055,0.0033741
0.0300022,0.0192443,0.00943322,0.0639827,0.0151951,0.0097162
0.020938,0.014488,0.00721955,0.0344321,0.00786073,0.00772445
0.012371,0.00825764,0.00358269,0.00684933,0.000465687,0.00273754
0.00843228,0.00547128,0.00283573,0.015392,0.00348521,0.00453467
0.0202343,0.0134838,0.0073374,0.0259757,0.00554088,0.00590014
0.0225761,0.0156025,0.00693883,0.0265865,0.00739744,0.0169668
0.0171731,0.0116033,0.00683562,0.0249487,0.00631356,0.00699444
0.00551135,0.00394916,0.00283492,0.0163426,0.00282824,0.00471801
0.0156694,0.0107068,0.00575271,0.0156522,0.00620236,0.00878902
0.0171678,0.0112405,0.012033,0.0563503,0.0154968,0.0173997
0.031468,0.0200323,0.0103217,0.0395596,0.0114499,0.0127202
0.0174046,0.0116591,0.0111945,0.0274556,0.00859439,0.00805108
0.0123754,0.00808236,0.00319983,0.020173,0.00563286,0.00305068
0.0116339,0.00768142,0.0256244,0.0995109,0.0261387,0.0233541
0.0206911,0.0142467,0.00373129,0.0453856,0.0106633,0.00920594
0.0300698,0.0190241,0.0143482,0.0457205,0.00982964,0.02612
0.00542686,0.00388192,0.0030264,0.0134249,0.00249525,0.0107624
0.0265186,0.0177922,0.00985697,0.03777,0.0106686,0.00967185
0.0142271,0.00938179,0.0243483,0.0495817,0.0132393,0.0219562
0.00934602,0.0063522,0.00427546,0.00366654,0.00112816,0.00400385
0.0167118,0.0112195,0.00559395,0.0329955,0.00820127,0.0129204
0.00530817,0.00377824,0.00228853,0.0136309,0.00334945,-3.11549e-05
0.0258551,0.0174193,0.010787,0.0499661,0.0126419,0.0159349
0.0200674,0.01359,0.006392,0.0124763,0.00462545,0.0136017
0.0128973,0.00902667,0.00388527,0.0123387,0.00547026,0.00534516
0.00766485,0.00564393,0.00346038,0.0151392,0.00354122,0.00285608
0.0265319,0.0179943,0.00846734,0.0465313,0.0106133,0.00976296
0.0115303,0.00754866,0.00399441,0.0241509,0.00549452,0.00216874
0.0163054,0.0107332,0.0177933,0.0963447,0.0276078,0.0376712
0.00614187,0.00444007,0.00105119,0.0104092,0.00217561,0.00235275
0.00911079,0.0065134,0.00420857,0.0203224,0.00406598,0.00123565
0.0138418,0.00946373,0.00421457,0.0240068,0.0078551,0.0060821
0.0124605,0.00850239,0.00553577,0.0162232,0.00449996,0.00343503
0.0216084,0.0134107,0.00819126,0.0439723,0.0118609,0.0111226
0.0278793,0.0185268,0.0165124,0.0556611,0.0132808,0.0188882
0.0191592,0.0129028,0.00766831,0.00407091,0.00145838,0.00789704
0.00853255,0.00620089,0.00336893,0.0175892,0.00498085,0.00355654
0.0216659,0.0144759,0.00714271,0.0402331,0.00931865,0.00562561
0.0327951,0.0219605,0.0127312,0.0268877,0.00776251,0.0180928
0.0220148,0.0145836,0.0151481,0.0498361,0.0145297,0.0286024
0.037301,0.0230741,0.0376012,0.116608,0.0318461,0.0338439
0.026394,0.0132737,0.0111485,0.0428804,0.0125987,0.01624
0.0247242,0.0131028,0.0106388,0.0376257,0.0092289,0.0132369
0.0162771,0.0105716,0.00615487,0.0371538,0.00787709,0.00911223
0.0195646,0.0131833,0.00599244,0.0275799,0.00708161,0.0109537
0.0206517,0.0141427,0.00616533,0.016209,0.00208375,0.00816641
0.0146279,0.0104064,0.00565973,0.0184843,0.00421932,0.00255548
0.0113019,0.00776635,0.00532906,0.0156339,0.00516658,0.00455755
0.0430068,0.0280176,0.00977497,0.0655191,0.0141162,0.0205298
0.00586196,0.00420557,0.00158873,0.0114835,0.0037943,0.00467471
0.0150373,0.0105806,0.00570441,0.0269275,0.00470898,0.00505572
0.00824174,0.00595456,0.00478031,0.015655,0.00519351,0.00485374
0.0229911,0.0159582,0.0138816,0.0361067,0.0093027,0.0162267
0.0298648,0.0195807,0.0111679,0.0442522,0.009876,0.0185763
0.0142249,0.00983052,0.00919866,0.0397824,0.0103337,0.0113791
0.00587321,0.00397404,0.0030701,0.0115177,0.00323158,0.00397213
0.0199039,0.00823099,0.00896877,0.0334874,0.00887322,0.00652052
0.0136866,0.0093452,0.00548708,0.026379,0.00767824,0.00291627
0.0052775,0.0038409,0.00344363,0.0127555,0.0037484,0.0025737
0.00830175,0.00568432,0.00323985,0.0187254,0.00442948,0.00272658
0.00538074,0.00336639,0.00288753,0.00955318,0.00379769,0.00473958
0.0154804,0.00998267,0.00911067,0.0524081,0.0138072,0.0115157
0.0125313,0.00878077,0.003043,0.0226847,0.00677334,0.027122
0.0166598,0.0108333,0.00439827,0.027585,0.00584113,0.00982973
0.0128861,0.00877643,0.00480634,0.025585,0.00477808,0.00344347
0.0123697,0.00838515,0.00435266,0.0267004,0.00590185,0.00284182
0.0154816,0.010338,0.00661538,0.0504176,0.0141158,0.0164049
0.0196584,0.0126306,0.00843344,0.0468934,0.0105644,0.0115126
0.0407167,0.0266484,0.0109663,0.0385381,0.0126971,0.0205462
0.0152231,0.0104394,0.00951577,0.0064,0.00192109,0.00876298
0.00711069,0.00494242,0.00299846,0.00346009,0.000748839,0.00814319
0.046585,0.0273374,0.0460141,0.213361,0.0551319,0.0731252
0.0232524,0.0156709,0.0108504,0.0418596,0.00917711,0.00901207
0.00958381,0.00652666,0.00638665,0.017507,0.00402704,0.00409693
0.0104591,0.00724776,0.00377345,0.0240873,0.0053306,0.00408053
0.0425098,0.0243405,0.0273352,0.110031,0.0294789,0.0333324
0.01385,0.00949082,0.00246528,0.0241046,0.00500597,0.00399486
0.012811,0.00881799,0.00811513,0.0134872,0.00512297,0.0062906
0.00942451,0.00698616,0.0030886,0.0150299,0.00415199,0.00187872
0.0126177,0.0089633,0.0119807,0.0566023,0.0147811,0.0168205
0.0314858,0.020568,0.014261,0.0663422,0.0172818,0.0142792
0.0224501,0.0151826,0.00372959,0.030012,0.00691484,0.0121944
0.0228233,0.0151373,0.0084496,0.0409618,0.0104192,0.0200978
0.0217062,0.013911,0.0110717,0.0522534,0.0139234,0.0244587
0.0170239,0.011427,0.00407908,0.0241918,0.00614236,0.00761283
0.0352454,0.0219367,0.00936816,0.0837088,0.0214101,0.030595
0.00682874,0.00465378,0.00313238,0.0179206,0.00367759,0.00197449
0.0224757,0.0149928,0.00654164,0.0357354,0.00728731,0.01218
0.0309559,0.020455,0.0112456,0.0531028,0.0151348,0.0291242
0.013659,0.00935952,0.0039641,0.0185528,0.0046345,0.00494058
0.0310991,0.0198845,0.0135572,0.0414936,0.0107888,0.0103545
0.0282574,0.0181856,0.0105671,0.0360142,0.0080457,0.0147107
0.0291672,0.0127558,0.0081115,0.0247722,0.00662324,0.0109203
0.0378019,0.02373,0.0103613,0.0560737,0.014162,0.0108043
0.0221638,0.0142285,0.00896965,0.0321618,0.00836564,0.00609185
0.00851564,0.00603016,0.00301478,0.0181461,0.00466505,0.00379579
0.00944094,0.00620491,0.00308229,0.0133599,0.00228419,0.00279367
0.0105335,0.00700671,0.00337523,0.0177756,0.00500691,0.00797519
0.0194247,0.00857678,0.0113546,0.0651222,0.0179982,0.0192473
0.0224817,0.011814,0.0126506,0.0408221,0.00944615,0.0124638
0.0217388,0.0148027,0.00781367,0.023973,0.00808344,0.00580505
0.0171176,0.0115597,0.00460934,0.0319603,0.00783528,0.00735873
0.0230325,0.0154537,0.00827713,0.0374896,0.00987018,0.00618321
0.0155238,0.0105145,0.00421359,0.0291837,0.0074254,0.0170598
0.00933714,0.0068883,0.0159009,0.0461913,0.0111914,0.00910778
0.0289823,0.0146485,0.016699,0.0383821,0.00943754,0.0289581
0.00672693,0.00493533,0.00309869,0.00501476,0.00100709,0.00496774
0.0106031,0.00709035,0.00445898,0.0257749,0.00804866,0.0135376
0.0201109,0.0136638,0.00816253,0.0264847,0.00595954,0.0110834
0.010892,0.00772518,0.00429966,0.0245438,0.00554785,0.00700925
0.0293569,0.0155895,0.0214092,0.0853745,0.0221906,0.0307605
0.0385776,0.0111479,0.01585,0.0504229,0.0122999,0.0253073
0.030082,0.011326,0.00855095,0.0391309,0.00930962,0.0192657
0.0125724,0.00849162,0.00437972,0.012312,0.00466637,0.00612867
0.0127492,0.00857843,0.00326124,0.0261654,0.00623731,0.0203617
0.0136771,0.00938346,0.00429213,0.027914,0.00809309,0.0097178
0.00717822,0.00499669,0.00322944,0.0300277,0.00651195,0.00775415
0.0226836,0.0154238,0.00756513,0.0395402,0.0100362,0.024
0.00913051,0.00602431,0.00305603,0.0251599,0.00546202,0.00530673
0.0102708,0.00720756,0.00581638,0.0420614,0.00954257,0.00710002
0.0212659,0.0146721,0.0150788,0.0616422,0.0169959,0.0344506
0.0140655,0.00918375,0.00439185,0.0395595,0.00956185,0.00880006
0.00982234,0.00656582,0.00456929,0.0146661,0.00359218,0.00445911
0.00567621,0.00421787,0.00238648,0.0172974,0.00558424,0.00800242
0.0191646,0.0127566,0.00518028,0.0217454,0.0051489,0.00884341
0.0155856,0.0108087,0.00824911,0.0546879,0.012056,0.00580772
0.00950864,0.00655034,0.00280349,0.0199976,0.00413586,0.00720439
0.00814295,0.00586271,0.00280446,0.0159001,0.00287763,0.00119271
0.0183422,0.0125655,0.00703522,0.0252978,0.00542262,0.0148259
0.0305239,0.0201318,0.00865211,0.031798,0.00897998,0.00849777
0.0128499,0.00840956,0.00511691,0.0297583,0.00803508,0.0148297
0.00647701,0.00367125,0.00532222,0.0166899,0.00342218,0.0082468
0.0176503,0.0099175,0.00828762,0.0401033,0.0106488,0.0114968
0.0061422,0.00448667,0.00420158,0.0143649,0.00344674,0.00871802
0.0171959,0.00750662,0.00499911,0.0354255,0.00763774,0.00556293
0.0148628,0.00982965,0.00516317,0.0299422,0.00807383,0.0041315
0.00493153,0.00327886,0.00189193,0.0130798,0.00242047,0.000955035
0.00896633,0.00575916,0.00342216,0.022058,0.00503169,0.00794478
0.0106812,0.00743853,0.00589379,0.0488772,0.0131881,0.00973747
0.0152315,0.0105871,0.00605578,0.02823,0.00750213,0.00454711
0.0371005,0.0216396,0.0261359,0.113818,0.0286212,0.0355256
0.0289775,0.018755,0.016239,0.0602205,0.0149432,0.0194058
0.0229165,0.0151887,0.00749471,0.0305092,0.00693971,0.00678456
0.00898748,0.0059518,0.00427835,0.0125257,0.00376377,0.0103599
0.036565,0.0240382,0.0116323,0.0615096,0.015226,0.0140949
0.0149598,0.00950914,0.00609547,0.00921766,0.002289,0.030166
0.00740455,0.00516973,0.0029615,0.00430735,0.000536061,0.00190226
0.00481997,0.00304651,0.00191059,0.0116385,0.00352438,0.002902
0.0297387,0.0185667,0.00924052,0.0305625,0.010601,0.00874032
0.00914312,0.00603446,0.00289241,0.027744,0.00605129,0.00644323
0.00540089,0.0035816,0.00343821,0.0151114,0.00409788,0.00391083
0.0233789,0.0157481,0.0100789,0.0420806,0.0109767,0.0196016
0.015584,0.0098191,0.00802008,0.0147111,0.00535253,0.0172896
0.00772968,0.00396307,0.00352683,0.0219366,0.0052462,0.00557537
0.0573446,0.0210064,0.0237795,0.12171,0.0278766,0.0344384
0.0288778,0.0187164,0.0161785,0.0600532,0.0131248,0.0086557
0.0129034,0.00879073,0.00447637,0.0193807,0.00574172,0.00441344
0.00885687,0.00663541,0.00351187,0.0192279,0.00489386,0.00910223
0.0249224,0.010055,0.00681018,0.0347829,0.00787338,0.00754021
0.0344593,0.0185594,0.00868445,0.0728114,0.0207829,0.0149811
0.0312862,0.0153561,0.00862219,0.0511913,0.0120489,0.0137306
0.0130982,0.00921069,0.00923406,0.0187992,0.00514544,0.0061322
0.016024,0.0101198,0.00541151,0.0298994,0.00831613,0.00793826
0.00774758,0.00464013,0.00361343,0.017503,0.0048683,0.00371591
0.0181899,0.0127581,0.00576796,0.0262612,0.00671715,0.00352394
0.0275565,0.0182438,0.00776736,0.0492302,0.0129665,0.0203091
0.00863911,0.00599561,0.00299978,0.0245172,0.00597114,0.00513945
0.024632,0.0162589,0.00913566,0.0600939,0.0150721,0.0187383
0.0175265,0.0120428,0.00791923,0.0262025,0.00696434,0.00704505
0.0271863,0.0181569,0.021822,0.07063,0.0194072,0.0343448
0.0139506,0.0098446,0.00622274,0.0246108,0.00772036,0.00673504
0.0319114,0.0218074,0.00763799,0.0449884,0.0114491,0.0124658
0.00974633,0.00663803,0.00255306,0.0207811,0.00569643,0.0114312
0.0144223,0.00934204,0.0048188,0.022335,0.0064249,0.00645435
0.00962351,0.00681124,0.00354786,0.0160187,0.00419204,0.00393842
0.00661533,0.00421071,0.00479354,0.0109839,0.00445297,0.00346587
0.0118512,0.00808557,0.00299552,0.0227354,0.00763878,0.00606579
0.0222692,0.0151913,0.0121982,0.0367196,0.0103038,0.0147731
0.0151414,0.0104437,0.0069613,0.0192028,0.00501421,0.00363681
0.0188659,0.0129787,0.00636395,0.0350946,0.00969459,0.01278
0.00626596,0.00431023,0.00458723,0.0157733,0.00317612,0.00419798
0.0227421,0.0148833,0.00860295,0.0209867,0.00520283,0.0209621
0.00718946,0.00476692,0.00271233,0.0126591,0.00356056,0.0100462
0.00806742,0.005317,0.00567819,0.0320158,0.00823129,0.00588204
0.0104301,0.00714853,0.00324483,0.027734,0.00616326,0.0111259
0.00645833,0.00424211,0.00176968,0.0115419,0.00453923,0.00381607
0.015805,0.0109674,0.00540976,0.0326701,0.00942199,0.00771642
0.0149204,0.0100533,0.00875101,0.0250301,0.00778489,0.00705454
0.00800607,0.00558579,0.00299039,0.0162583,0.0046667,0.00380207
0.0407569,0.0251678,0.0386324,0.110117,0.0267574,0.018798
0.0099284,0.00712351,0.00878252,0.0411029,0.00990823,0.00774315
0.00616378,0.00450576,0.00321178,0.0154175,0.00480587,0.0064627
0.0075946,0.00532987,0.0027337,0.0289976,0.00860122,0.0165403
0.010061,0.00671425,0.0038442,0.011537,0.00423641,0.00529135
0.0328142,0.0206433,0.0115707,0.0499859,0.0139087,0.0297159
0.0277837,0.0182899,0.0128506,0.0872008,0.0253611,0.0175361
0.0222726,0.0145196,0.00731592,0.0472139,0.0138697,0.0083976
0.0302528,0.0119552,0.0108437,0.067606,0.0189958,0.0243989
0.0296565,0.0118812,0.0101669,0.0597428,0.0150906,0.0192283
0.0338003,0.0219023,0.00959356,0.0453804,0.0103672,0.00855395
0.0236901,0.0157447,0.00774479,0.0241234,0.00770017,0.00906204
0.00929096,0.0060257,0.00355483,0.0177434,0.00511889,0.00761183
0.0125656,0.00857185,0.00344074,0.026883,0.0086416,0.00522258
0.0188034,0.0122095,0.00452679,0.0222754,0.00701521,0.00729873
0.00777186,0.00524287,0.00145123,0.0135729,0.00317786,0.00218137
0.0404171,0.0265469,0.0157221,0.073405,0.0173954,0.0165919
0.00794389,0.00551952,0.00384122,0.0255984,0.00624972,0.00779283
0.0122235,0.0081763,0.00430056,0.0295779,0.00856671,0.00702579
0.0168084,0.0113446,0.00460833,0.0254006,0.00689111,0.00830135
0.0157319,0.010391,0.00849662,0.0280643,0.00605454,0.00353197
0.00818151,0.00534695,0.00355191,0.0124981,0.00311829,0.00828659
0.00921969,0.00653917,0.00439489,0.0163185,0.00434622,0.00643391
0.01548,0.00723859,0.00611602,0.0376927,0.0104165,0.00894871
0.0263947,0.0166919,0.00546044,0.0399642,0.0113861,0.0137297
0.0129965,0.00860413,0.00402837,0.0195475,0.00458671,0.00129295
0.0127123,0.00865792,0.00366908,0.017162,0.00321047,0.0039064
0.0173527,0.0114518,0.00515234,0.0247264,0.00755503,0.0133881
0.0147011,0.00978787,0.00500424,0.0240927,0.00802987,0.00338852
0.0122606,0.00793884,0.0213689,0.13145,0.033634,0.0716634
0.00706865,0.00473108,0.00257311,0.012908,0.00521787,0.0018862
0.0364443,0.0230627,0.0162902,0.0708281,0.021043,0.0488488
0.0362991,0.017808,0.0132199,0.0847221,0.0214553,0.0261536
0.0400698,0.0203656,0.0152717,0.0661368,0.0155383,0.0205553
0.00704757,0.00510338,0.00544872,0.00863202,0.00228664,0.00507903
0.0145421,0.00960951,0.00488121,0.021172,0.00652234,0.0094583
0.0281465,0.0189388,0.00860834,0.0282224,0.00601759,0.00862553
0.021052,0.0139292,0.0145711,0.0501533,0.013586,0.00655307
0.0113423,0.00782015,0.00385112,0.0132295,0.00442606,0.00349085
0.0287531,0.0183921,0.0118511,0.0600743,0.0148655,0.0289469
0.0158928,0.0104784,0.00520918,0.0288291,0.00772528,0.0155417
0.0199587,0.0130642,0.00531396,0.0356087,0.00869829,0.00767089
0.0193902,0.0133566,0.00480113,0.0248219,0.00759674,0.00489727
0.016998,0.0101314,0.00735165,0.0348553,0.00864105,0.00794164
0.0365765,0.0225265,0.0112135,0.0498063,0.00990622,0.0149447
0.0104343,0.00722131,0.00381109,0.027908,0.00607981,0.00479295
0.0173526,0.0121104,0.0076466,0.0232462,0.00866085,0.00456087
0.0128854,0.00646486,0.00610228,0.0259267,0.00865587,0.00654699
0.0131929,0.00649056,0.00618047,0.0246771,0.00855626,0.00623647
0.0112336,0.00780548,0.00856041,0.0546358,0.0167472,0.0363831
0.0361265,0.022982,0.0184377,0.0652904,0.0171999,0.0252081
0.0319819,0.0204441,0.012077,0.0520545,0.0127462,0.0275877
0.0175983,0.0117145,0.00577942,0.0359682,0.008801,0.00519535
0.034952,0.0214888,0.0170139,0.0623842,0.0191033,0.0364509
0.0167061,0.0115298,0.00503835,0.0252818,0.00629592,0.0196049
0.0167263,0.0113666,0.00385447,0.0200308,0.0058845,0.00646048
0.0290836,0.0191177,0.0142053,0.0117518,0.00111545,0.00715763
0.00804644,0.00564168,0.00307284,0.0116628,0.00248958,0.00297533
0.0221895,0.01484,0.00855347,0.0378378,0.00954382,0.00594656
0.0130681,0.0089302,0.00490721,0.0199678,0.00573827,0.00665603
0.0188692,0.0129016,0.022988,0.0907259,0.0247886,0.0262522
0.00841169,0.00541125,0.00378385,0.0139037,0.00375027,0.00587471
0.0383047,0.0208854,0.0161447,0.0743092,0.018114,0.0215437
0.0343534,0.0198712,0.0103222,0.0602553,0.017139,0.00996268
0.0105416,0.00706006,0.00455455,0.014748,0.00383929,0.0115291
0.0205403,0.0135318,0.00490269,0.03551,0.0106989,0.0180353
0.0288743,0.018493,0.0108695,0.0688394,0.0170154,0.0127729
0.0185702,0.0122959,0.00707354,0.0213899,0.00690816,0.0168833
0.026496,0.0174917,0.00757611,0.040862,0.0101696,0.00810359
0.0127892,0.00876747,0.0090444,0.041863,0.00955449,0.00478511
0.0154942,0.0104678,0.00436678,0.0361413,0.00952006,0.011304
0.00932406,0.00686074,0.00393425,0.0276718,0.00728803,0.0101358
0.0155136,0.0104545,0.0100407,0.0243073,0.00606289,0.0104116
0.0255873,0.0174731,0.00413655,0.0493535,0.0112696,0.00774414
0.00776089,0.00546073,0.00200242,0.0193215,0.00605211,0.00441744
0.0158856,0.0105817,0.0039516,0.0251271,0.00731186,0.00695392
0.0161387,0.0113305,0.00973007,0.0497905,0.0130413,0.0202746
0.0199766,0.0134572,0.0088823,0.029194,0.00707871,0.00786561
0.0116375,0.00803926,0.00688739,0.0625317,0.017183,0.0126551
0.0280943,0.0183997,0.00891523,0.049653,0.0128415,0.0197389
0.0373633,0.019901,0.040967,0.122419,0.0316673,0.0598183
0.00441969,0.00304998,0.00151025,0.0119663,0.00469402,0.00292368
0.0135124,0.00972409,0.0048415,0.0166209,0.00471125,0.0051914
0.0132113,0.00920143,0.00382215,0.0236749,0.00494523,0.00437256
0.0213399,0.0137635,0.00872002,0.0375393,0.00892404,0.0154887
0.0182589,0.0116169,0.0081282,0.0440783,0.0117158,0.0134783
0.0114225,0.00744174,0.0208761,0.0815916,0.0264358,0.0481878
0.00788607,0.00570706,0.00317374,0.0193627,0.0045417,0.00374131
0.00502014,0.00388225,0.00382658,0.0208316,0.00544276,0.00257783
0.0205182,0.013728,0.0154332,0.0562697,0.0139302,0.0129057
0.00796407,0.0055125,0.00495397,0.035227,0.00844344,0.00612443
0.0338007,0.0209905,0.0135149,0.0629293,0.0172151,0.0281067
0.0177878,0.0121316,0.00677181,0.0401703,0.00910531,0.00560126
0.0383978,0.0244038,0.0221361,0.0997284,0.0282517,0.0193874
0.0162739,0.0108579,0.00685384,0.028181,0.00642871,0.0174997
0.00838256,0.00563347,0.00233232,0.0148149,0.00434191,0.0103114
0.0234157,0.0155429,0.00664415,0.0421721,0.0124555,0.0258119
0.0135119,0.00921065,0.00445485,0.0226972,0.00516426,0.00286257
0.0112579,0.00753755,0.00423169,0.0123004,0.00372202,0.00191779
0.0108874,0.007625,0.00876745,0.0268137,0.00879706,0.00821877
0.00829733,0.0055153,0.00251291,0.0156342,0.00482669,0.00252838
0.0296269,0.0194848,0.0160922,0.0531136,0.0137205,0.0221502
0.00628324,0.00457675,0.00373941,0.0113521,0.00324813,0.00309102
0.0100346,0.00699103,0.00434093,0.0381338,0.00876936,0.0065568
0.0100037,0.00686947,0.00406087,0.0189763,0.00457959,0.00616784
0.0340814,0.0214197,0.0324094,0.115525,0.0330834,0.0502684
0.0311587,0.0211312,0.0135018,0.0454646,0.0121317,0.00782197
0.0211197,0.0137463,0.0151806,0.0678762,0.0184904,0.0114555
0.0210089,0.0139149,0.0132904,0.0507279,0.0133588,0.016713
0.00751863,0.00550108,0.00873506,0.0370849,0.00880452,0.00524574
0.0143523,0.010058,0.0045335,0.0205361,0.00540265,0.00308389
0.00483844,0.00323416,0.00129603,0.0174791,0.00399947,0.00347012
0.0218136,0.0147185,0.00967404,0.0410974,0.0104419,0.0144765
0.00948912,0.00655687,0.0111109,0.064569,0.0146768,0.0126715
0.0136464,0.00948769,0.00748388,0.0283279,0.00603245,0.00553218
0.0148071,0.0102401,0.0045037,0.0261153,0.00688099,0.0143842
0.00828461,0.00574371,0.00654033,0.0306247,0.00826431,0.00656724
0.0146457,0.0115134,0.00796273,0.0292245,0.00957424,0.0288179
0.0319139,0.0207313,0.0106677,0.0403584,0.0125485,0.0441599
0.0175948,0.0109339,0.0140097,0.053716,0.0126657,0.00739126
0.017784,0.011786,0.00657718,0.0141493,0.00310143,0.00472542
0.0290052,0.0179072,0.0276995,0.107173,0.0289079,0.0289007
0.0139644,0.00968302,0.00468773,0.0224413,0.00689573,0.0106297
0.00789707,0.00561134,0.00300166,0.016313,0.00372769,0.00261652
0.0145435,0.0103731,0.00771973,0.0413623,0.0127478,0.0111555
0.00808949,0.0055969,0.00300987,0.0149313,0.00403599,0.00462928
0.0134676,0.00892102,0.00695849,0.0227775,0.00646408,0.00517978
0.0223756,0.0153154,0.00644333,0.030852,0.00774372,0.00401126
0.0119181,0.00823959,0.00468421,0.0181274,0.00511145,0.00016292
0.0223337,0.0148455,0.00677857,0.0260733,0.00552795,0.00234133
0.00963016,0.0063893,0.0026017,0.0299521,0.00703868,0.00306862
0.0105086,0.00714338,0.0077073,0.0469796,0.012229,0.0362601
0.0046528,0.003485,0.00302213,0.0167366,0.00380316,0.00233881
0.0125392,0.00875524,0.00469745,0.0282693,0.00578317,0.00414191
0.0165474,0.0117051,0.0059301,0.0223509,0.00717985,0.0089516
0.015051,0.00955633,0.00517351,0.0314451,0.00756132,0.00361101
0.0216613,0.0141468,0.00812988,0.0342761,0.00885372,0.00234619
0.0214474,0.0150609,0.0273296,0.102804,0.0246329,0.0272808
0.0268816,0.0140196,0.0179393,0.0748437,0.020246,0.0106661
0.00707778,0.00491546,0.00308285,0.0132703,0.00335906,0.0062265
0.00760202,0.00552047,0.0180271,0.0631679,0.0163262,0.0512484
0.00458368,0.00289102,0.00229089,0.0152625,0.0032137,0.00750372
0.00973996,0.00682169,0.00366438,0.0053074,0.000352791,0.0047055
0.00671955,0.004759,0.00755631,0.0575691,0.015533,0.0215668
0.00534688,0.00348297,0.00374597,0.0101283,0.00241314,0.00611964
0.0128421,0.00865101,0.00542452,0.0264987,0.00495814,0.0044089
0.00710301,0.00490345,0.00359483,0.0152496,0.00433671,0.00572555
0.00924767,0.00683896,0.00846041,0.0379755,0.0103433,0.00737056
0.0130992,0.00802034,0.00542808,0.0302711,0.00983652,0.0165785
0.0114256,0.00809631,0.00565747,0.0260727,0.00569183,0.00360163
0.00460019,0.00350709,0.00460908,0.0133432,0.00382995,0.00170632
0.00558823,0.00385006,0.00238563,0.0108875,0.00268903,0.00763915
0.0249653,0.0168903,0.0148216,0.0428253,0.0130394,0.0111181
0.021141,0.0141478,0.0070019,0.0274491,0.00788627,0.00614961
0.0411979,0.0212185,0.0131669,0.0655321,0.0192936,0.0218862
0.0382972,0.0172972,0.0163369,0.0722866,0.0136849,0.0197647
0.0418498,0.0266561,0.0112133,0.0613335,0.01656,0.0259466
0.0275141,0.0189659,0.00769879,0.0347555,0.00924277,0.00867411
0.0081373,0.00580458,0.00303684,0.0267626,0.00561414,0.00676819
0.0413617,0.0264465,0.0237249,0.127983,0.0342411,0.0528556
0.0417246,0.0151667,0.0154202,0.0723329,0.0197926,0.0216438
0.0420415,0.0150647,0.0157035,0.0713937,0.0180694,0.0212629
0.0102438,0.00724194,0.00455398,0.0178234,0.00479721,0.00188223
0.0255782,0.0172628,0.00852756,0.0343474,0.00812994,0.016511
0.0279512,0.0184697,0.0107476,0.0399862,0.0106642,0.00828967
0.0186095,0.011842,0.0159342,0.100513,0.0254605,0.0544387
0.0176404,0.0123759,0.00727698,0.0284679,0.00791712,0.0146115
0.00838707,0.00569118,0.0029808,0.0337729,0.0102539,0.0199056
0.0142563,0.00990711,0.0105108,0.0389059,0.0107309,0.0186557
0.021414,0.0134861,0.0148232,0.0569858,0.0148959,0.0156028
0.0197971,0.0127766,0.0106385,0.0769232,0.0192901,0.0162319
0.0157239,0.0106257,0.00344621,0.028875,0.0094111,0.00796439
0.0106918,0.00676131,0.00322435,0.0158852,0.00594678,0.0053921
0.0279892,0.0179921,0.0109022,0.0628442,0.0152279,0.0120198
0.00673011,0.00474822,0.00279969,0.0209571,0.00418892,0.00614232
0.0072365,0.00506659,0.00434413,0.016908,0.00473022,0.00130893
0.0063329,0.00463977,0.00263248,0.0174073,0.00314208,0.00185624
0.00968796,0.00673111,0.00307687,0.0256234,0.00683245,0.00437714
0.00624929,0.00465469,0.00196242,0.0165126,0.00431948,0.000348319
0.0479518,0.0292138,0.0138389,0.0808086,0.021397,0.0174553
0.0114641,0.00750151,0.00292647,0.0305796,0.00730039,0.00668124
0.0124507,0.00872342,0.0120641,0.020946,0.00687737,0.00848468
0.0152375,0.0100171,0.00371561,0.0294239,0.00861329,0.0055761
0.00739035,0.00486875,0.0036385,0.0172493,0.0053333,0.00627545
0.0135611,0.00892183,0.00496164,0.0270536,0.00893386,0.0132657
0.0385808,0.0227631,0.0183863,0.0910171,0.0238104,0.0186971
0.0171591,0.011354,0.00551075,0.0410166,0.0121465,0.00792353
0.0204625,0.0138805,0.00533766,0.0323033,0.00926104,0.00294751
0.0198381,0.013382,0.0091413,0.027888,0.00965077,0.00535234
0.01811,0.0118963,0.00590143,0.0430973,0.00905299,0.00676584
0.00997151,0.00660209,0.00350642,0.0281092,0.00679884,0.00622889
0.0341255,0.0139315,0.0124314,0.0760777,0.0204028,0.0255661
0.0330166,0.013938,0.0119266,0.0700888,0.0171431,0.0232572
0.0191023,0.0126616,0.00544162,0.0422216,0.00914645,0.00678562
0.0164421,0.0113342,0.00704968,0.0337554,0.00963921,0.0175834
0.0362413,0.023756,0.0115798,0.0492268,0.0107885,0.00627753
0.0104138,0.00679443,0.00630398,0.0491573,0.0119906,0.00892082
0.0113324,0.00814898,0.00362134,0.0164422,0.00468859,0.0117144
0.0164949,0.0114378,0.00548413,0.00661774,0.000581091,0.00436078
0.0187689,0.0128602,0.00751556,0.0257218,0.00622842,0.00413705
0.00639921,0.00429532,0.00235486,0.0191776,0.0035423,0.00214573
0.0136011,0.00944563,0.00498201,0.0162411,0.00380155,0.00390114
0.0323051,0.0164473,0.0108116,0.0520169,0.0136854,0.010332
0.00832425,0.00537831,0.00189256,0.0193352,0.00583628,0.00698793
0.0122257,0.0082123,0.00365552,0.0284312,0.00651983,0.0104321
0.0206276,0.0135607,0.00701945,0.0465573,0.0133321,0.00706294
0.00790266,0.00542775,0.0026838,0.0170901,0.00593599,0.00323485
0.0303009,0.020059,0.0125055,0.0520789,0.0127594,0.0151973
0.0104461,0.00684168,0.00479766,0.0227406,0.00537643,0.00367677
0.0331544,0.0218898,0.00858408,0.0463153,0.0098994,0.00551672
0.00708881,0.00505261,0.00270055,0.0119375,0.00336295,0.00277012
0.0114671,0.00775676,0.00419526,0.0142772,0.00402137,0.00325595
0.0294295,0.0196283,0.00803209,0.0491546,0.0121253,0.00928489
0.0269913,0.0180343,0.00975898,0.0447203,0.0107042,0.0248283
0.0121256,0.00819532,0.00422571,0.0133891,0.0032954,0.00719751
0.00772287,0.00551892,0.00361271,0.0283113,0.00756889,0.0229204
0.0218925,0.0140946,0.00787316,0.0395489,0.0103076,0.0174668
0.0438689,0.0275116,0.0158516,0.099844,0.0231238,0.0250049
0.0175501,0.0116594,0.0130937,0.0632816,0.0164473,0.0274602
0.0134993,0.00924637,0.00850801,0.0334247,0.00931378,0.0061625
0.0175331,0.0114767,0.00657212,0.0275632,0.00925864,0.00556198
0.0268462,0.0173217,0.0069273,0.0439923,0.0124282,0.00490825
0.0335122,0.0193734,0.0109339,0.0413873,0.0110676,0.0106014
0.0199713,0.0134438,0.0073709,0.0254183,0.00491191,0.00392254
0.0162747,0.0103043,0.00627426,0.0195713,0.00562455,0.00158242
0.0113037,0.0074372,0.00852105,0.026814,0.00612986,0.00480293
0.024147,0.0167789,0.0144268,0.0571732,0.0136423,0.0231122
0.0191328,0.0130559,0.00572122,0.0252822,0.00670685,0.00806332
0.0201199,0.013685,0.00893256,0.0555577,0.0151793,0.0182889
0.00591171,0.00414131,0.00351756,0.0137613,0.00264288,0.00748934
0.00948364,0.00641307,0.00331766,0.0165139,0.00474803,0.00167468
0.0109261,0.00753521,0.00415209,0.0216683,0.00587427,0.00299966
0.00877738,0.0056434,0.00390965,0.000992614,0.000936912,0.00750017
0.0254388,0.0168554,0.00894644,0.0548811,0.0136003,0.0102199
0.0241665,0.0157351,0.0201587,0.0722086,0.0149089,0.0154045
0.0081687,0.00565193,0.00332547,0.0181394,0.0053814,0.00247919
0.00875894,0.00644097,0.00348236,0.0148568,0.00385198,0.00235966
0.00901721,0.00633338,0.00597328,0.00517821,0.000478989,0.00758407
0.0109238,0.00759644,0.00400832,0.021887,0.00413912,0.00508391
0.0233317,0.0147135,0.0126419,0.0634666,0.0138602,0.0108808
0.0167642,0.0112551,0.0035687,0.0272764,0.00659078,0.00496992
0.0245821,0.0159718,0.008478,0.0490875,0.0124008,0.015363
0.00541646,0.00400443,0.00186347,0.0170942,0.00405547,0.0061392
0.00692971,0.0048287,0.00325403,0.00792741,0.00295991,0.00529166
0.0214119,0.014941,0.00722088,0.0293171,0.00728095,0.00506598
0.0183231,0.0124228,0.00596053,0.027923,0.00734336,0.00869323
0.0216479,0.0136637,0.0116038,0.0536671,0.0132303,0.0130798
0.0152595,0.0104833,0.00473227,0.0238865,0.00467492,0.00262014
0.00876178,0.00587093,0.00286742,0.0224799,0.0058953,0.00458684
0.0052921,0.00361831,0.00226776,0.0192998,0.00429474,0.00101373
0.00693347,0.00453898,0.00260324,0.0181697,0.00455671,0.0033596
0.00975589,0.00694601,0.00326546,0.0210648,0.00650608,0.00730395
0.0149137,0.0102558,0.010813,0.0450454,0.0124986,0.0185467
0.0121093,0.00829484,0.00719338,0.0297083,0.00910561,0.00607209
0.0044957,0.00320776,0.0032416,0.00970629,0.00187921,0.00252331
0.0277306,0.0176315,0.0106108,0.0503173,0.0154779,0.0119673
0.0514198,0.030153,0.0277541,0.133598,0.0344202,0.0501043
0.060995,0.0374591,0.0182101,0.105303,0.0275285,0.0217423
0.0426829,0.0263233,0.0389432,0.152706,0.0351318,0.0530555
0.0265433,0.017033,0.0171027,0.0671168,0.0201321,0.0237783
0.0158948,0.0104002,0.00561777,0.00423513,0.00141624,0.0054013
0.0260334,0.0171597,0.0115849,0.0453454,0.0107015,0.00836072
0.0192569,0.0130873,0.00841239,0.0539216,0.0141834,0.0130318
0.0201962,0.01333,0.00655438,0.0343815,0.00786027,0.0113845
0.0519091,0.0228046,0.0371883,0.158537,0.0413163,0.0682749
0.0147382,0.0100276,0.00525151,0.039452,0.00976107,0.00502696
0.0134083,0.00900936,0.027428,0.0998793,0.0260486,0.0534006
0.0136648,0.00939943,0.00556119,0.0246247,0.00830717,0.0090908
0.0213202,0.0137248,0.00863643,0.035028,0.0077909,0.00950834
0.0204181,0.0123121,0.00856771,0.0440382,0.0119268,0.0222307
0.0314977,0.0190306,0.0145031,0.0683569,0.0157577,0.0311384
0.0514126,0.0304694,0.0238998,0.0897212,0.0254299,0.0396968
0.0190115,0.0128848,0.00654757,0.0362265,0.0105131,0.0071677
0.0507073,0.0319441,0.0166897,0.0511155,0.0133723,0.0260276
0.00933012,0.00626109,0.00418933,0.0163173,0.00550698,0.00711522
0.0200306,0.0139125,0.0067853,0.0288665,0.0069582,0.0121791
0.0460474,0.0187588,0.0121109,0.0724304,0.0207291,0.0243373
0.00661924,0.00475797,0.00218371,0.0139408,0.00543466,0.013409
0.0406243,0.0263779,0.0142039,0.0750972,0.0183392,0.0145158
0.0551777,0.0311712,0.0343865,0.178105,0.0460759,0.0718659
0.0441072,0.0266123,0.0208218,0.0927439,0.0235856,0.0218912
0.0213448,0.0142846,0.00455076,0.0530139,0.0137258,0.0269489
0.0076636,0.00537125,0.00383834,0.0281355,0.0061697,0.00718451
0.0197749,0.0137923,0.0080875,0.0509503,0.0146539,0.018404
0.035242,0.0226978,0.0185185,0.0838184,0.0229694,0.0196355
0.0145903,0.00947611,0.00560282,0.0271466,0.00552167,0.00279558
0.00515563,0.0036623,0.00130215,0.0140012,0.00377112,0.00466089
0.00841635,0.00596575,0.00342839,0.0210611,0.00458226,0.00570274
0.0490745,0.0309727,0.0263745,0.0507235,0.01326,0.0229811
0.026086,0.0170396,0.0265178,0.0809008,0.0215358,0.0356096
0.00679811,0.00484599,0.00257336,0.0215274,0.00559039,0.01614
0.02216,0.0144455,0.00573742,0.0325964,0.00881897,0.00428398
0.0196928,0.00971185,0.00627457,0.0370897,0.00947802,0.0114625
0.018334,0.00972407,0.00598692,0.0327362,0.00706895,0.0109748
0.00900843,0.00601753,0.00428251,0.0180668,0.00418817,0.00646294
0.0371682,0.0242045,0.0175402,0.0541128,0.0119217,0.0244002
0.0185105,0.01223,0.00557442,0.0343189,0.00758262,0.00387212
0.043312,0.0274439,0.0140829,0.0276071,0.00797251,0.0136749
0.0223533,0.0148161,0.00576649,0.0415069,0.0132207,0.0103301
0.0450843,0.0274148,0.0201456,0.0859756,0.0229601,0.0217087
0.0234622,0.0157738,0.00714395,0.050141,0.0114286,0.0283735
0.011846,0.00759874,0.00417526,0.0206814,0.00567224,0.00577583
0.00777516,0.00505928,0.00430485,0.0137773,0.00280328,0.00289391
0.0102961,0.00694816,0.0038764,0.0212132,0.00440128,0.00665314
0.0261985,0.0170773,0.00954559,0.04291,0.0133773,0.0128781
0.00854651,0.00387085,0.00329673,0.0186274,0.00300747,0.00251623
0.0171998,0.011531,0.00672985,0.0307937,0.00779774,0.00730674
0.00958912,0.00674766,0.00450061,0.0156275,0.0030414,0.00214554
0.0145291,0.00994739,0.00435733,0.0207902,0.00524119,0.00339405
0.0175751,0.0117707,0.00779034,0.0326161,0.00749906,0.00648891
0.0170234,0.011538,0.00577954,0.0208193,0.00614901,0.0127845
0.0267006,0.016628,0.0107593,0.050537,0.011936,0.00934135
0.00827438,0.00578596,0.00185663,0.0314158,0.00858217,0.00183058
0.0187575,0.0134577,0.00555975,0.0233655,0.00791928,0.0151006
0.0204982,0.0137242,0.00506436,0.039127,0.0100717,0.0069575
0.0202374,0.0143712,0.00927967,0.0451795,0.0133539,0.0194047
0.0394686,0.0235773,0.0137355,0.0553565,0.0135132,0.0167787
0.0219458,0.0146816,0.00659088,0.0320596,0.00908059,0.00786366
0.0048755,0.00337647,0.00229484,0.00493515,0.00113488,0.00106266
0.0128675,0.00864625,0.0054336,0.0209535,0.00606128,0.00693841
0.00795549,0.00567082,0.00744498,0.0254216,0.00594842,0.00615355
0.0537185,0.0300975,0.038297,0.169398,0.0399038,0.028967
0.010187,0.00711982,0.00493419,0.0301062,0.00772832,0.00748681
0.0127142,0.00902077,0.00296727,0.0209836,0.00456826,0.00547569
0.0135083,0.00910911,0.00620208,0.0201632,0.00607762,0.00334857
0.00861227,0.00579883,0.0048101,0.0223846,0.0050421,0.00684969
0.00972738,0.00659296,0.00356854,0.0161692,0.00367578,0.00547587
0.0144743,0.00984696,0.00677298,0.0318145,0.00774225,0.0072601
0.0330572,0.0204627,0.0120217,0.043658,0.0113876,0.0198506
0.0561175,0.0318518,0.0335736,0.109028,0.0285943,0.0454595
0.0123194,0.00823296,0.0040209,0.0292954,0.00671012,0.0090026
0.0152817,0.0103487,0.00518964,0.0258994,0.00566418,0.00706301
0.017489,0.0114334,0.00981486,0.0544883,0.0151997,0.0211705
0.028978,0.0107751,0.0136536,0.0471527,0.0133813,0.0244832
0.0223631,0.00981249,0.00536757,0.0337065,0.00673487,0.0065642
0.0138501,0.00963882,0.00504589,0.032072,0.00733121,0.00898868
0.0160243,0.0105946,0.0046398,0.0236331,0.00649644,0.00574088
0.0526151,0.0293709,0.0535206,0.217242,0.0562857,0.0994671
0.0134107,0.00902836,0.00426778,0.0266037,0.00594346,0.00331313
0.0358061,0.0233478,0.0133076,0.0420167,0.0113212,0.0144955
0.00999435,0.00668754,0.00364864,0.0207723,0.0060376,0.00479197
0.0485929,0.0291764,0.0172065,0.0704901,0.0182626,0.0203137
0.0171571,0.0113935,0.00724713,0.0502707,0.0128728,0.0164816
0.0171429,0.0114992,0.00959293,0.0541184,0.0155031,0.0137026
0.0117504,0.00803021,0.00296798,0.0227928,0.00570306,0.0115981
0.0152172,0.0100495,0.0154893,0.045856,0.0112146,0.00523691
0.0108672,0.00781046,0.0118417,0.0388827,0.0105516,0.0228654
0.0128569,0.00878956,0.00520176,0.0232903,0.00659287,0.00560894
0.0162157,0.0110018,0.00469451,0.0338831,0.00711731,0.0058638
0.0186361,0.00992468,0.00814159,0.0479013,0.014763,0.0141524
0.028358,0.016752,0.0125622,0.0621336,0.0157785,0.0175346
0.0210345,0.0141882,0.00803113,0.0332519,0.00828607,0.00797082
0.00985558,0.00672426,0.00265664,0.0199394,0.00617497,0.00761033
0.02091,0.013608,0.0099349,0.040675,0.0130784,0.0141861
0.0266091,0.0179374,0.00611062,0.0364319,0.00860635,0.0141419
0.00477897,0.00355548,0.00137367,0.016058,0.00404788,0.0034533
0.0289445,0.0190269,0.0170134,0.0617519,0.0181116,0.0287163
0.0126874,0.00860565,0.00464487,0.0231802,0.00389188,0.00349418
0.0162357,0.010835,0.00492048,0.0157695,0.00356435,0.00897461
0.010152,0.00732461,0.00458165,0.0209156,0.00556648,0.00530518
0.0557659,0.0319641,0.0413835,0.213728,0.0515988,0.0899843
0.0227654,0.0149838,0.0127844,0.0451072,0.0105432,0.0190058
0.0114301,0.00773227,0.00259295,0.0193922,0.00349758,0.00365597
0.0117541,0.00583209,0.00443892,0.0309539,0.00678103,0.00631953
0.0176459,0.00939904,0.0060898,0.0214818,0.00717698,0.00832196
0.0429332,0.0239799,0.033738,0.1365,0.0377341,0.0959266
0.00489336,0.00347905,0.00230489,0.0126901,0.00373238,0.000867022
0.0103403,0.00709881,0.00444507,0.0193552,0.0061607,0.00372299
0.029262,0.0185815,0.015086,0.0517664,0.0135735,0.0112485
0.0117745,0.00816073,0.00358256,0.0209187,0.00412794,0.00179483
0.0449838,0.0289987,0.0500491,0.146915,0.0398209,0.0241759
0.00761987,0.00553553,0.00293862,0.0191962,0.00451775,0.00136499
0.0108931,0.0073108,0.0211963,0.0840681,0.0201046,0.0225389
0.0186198,0.0127769,0.0130496,0.0617857,0.0167901,0.015844
0.0190886,0.0128519,0.00629589,0.0456027,0.0115073,0.0144487
0.0347953,0.0214704,0.0118209,0.0660984,0.0153601,0.0182954
0.0102127,0.00706247,0.00381038,0.0278562,0.00775932,0.00534004
0.0141923,0.00963467,0.00739317,0.020822,0.00653112,0.0198528
0.0048695,0.00333413,0.00177509,0.00805595,0.00222011,0.00130483
0.0125548,0.00825916,0.00444608,0.0174657,0.00575606,0.00672384
0.0239597,0.0138007,0.0101792,0.0394988,0.0104839,0.0153204
0.0162131,0.00970065,0.00774093,0.0280508,0.00733979,0.00846648
0.025588,0.016866,0.00713935,0.0312389,0.00842183,0.00718903
0.0242642,0.0150491,0.0107012,0.0448845,0.0113845,0.00719741
0.0121065,0.00792828,0.00332018,0.0289886,0.007138,0.0100078
0.0113154,0.00736059,0.00303005,0.0169226,0.0040824,0.00153681
0.0111182,0.00743524,0.00330324,0.0305527,0.00734903,0.00815042
0.02585,0.0177013,0.0143589,0.0103521,0.0028123,0.0248367
0.00939763,0.00693085,0.00306149,0.0230049,0.00405613,0.00605577
0.0244056,0.0164101,0.0105124,0.0348351,0.00835311,0.0194194
0.0237913,0.0151941,0.00503118,0.0422138,0.011906,0.00863825
0.0147106,0.00993794,0.00463558,0.0165324,0.00463375,0.00451454
0.0511401,0.0312951,0.0183115,0.0736674,0.017496,0.0184532
0.0109089,0.00725456,0.00239878,0.018756,0.00335518,0.00380802
0.0137099,0.00936025,0.00356811,0.0221914,0.0073673,0.0221858
0.010209,0.00682954,0.00497098,0.0168787,0.00513203,0.00305424
0.0114075,0.00790108,0.0102339,0.0115098,0.00202922,0.0132284
0.0102091,0.00688989,0.00277846,0.0259081,0.00651445,0.00483059
0.0144707,0.00997517,0.00730783,0.0315703,0.00735427,0.00446921
0.0107441,0.0075801,0.00323952,0.0198473,0.004232,0.0120911
0.00546153,0.00357501,0.00173113,0.0176964,0.00337705,0.00432123
0.0114862,0.00719738,0.0046553,0.0182724,0.00556252,0.00794914
0.0143148,0.00837683,0.00370549,0.037331,0.00975639,0.00386099
0.0150858,0.00804356,0.00461577,0.0388151,0.00903053,0.0108804
0.00680741,0.00494705,0.00196562,0.0136135,0.00348265,0.00165615
0.0121665,0.00618265,0.00546726,0.0330541,0.00791287,0.00903446
0.0140731,0.00675656,0.00544044,0.0285127,0.00569262,0.00637598
0.0163394,0.0114541,0.00583051,0.0313082,0.00962691,0.0102873
0.00943262,0.00690335,0.00349782,0.035536,0.0102089,0.00889254
0.00954985,0.00664129,0.00551845,0.0151889,0.00410137,0.00764376
0.00822201,0.00596334,0.00362682,0.00320356,0.00127596,0.00853985
0.0297908,0.019106,0.0275863,0.102042,0.02526,0.0761907
0.0179214,0.0120444,0.00523704,0.0388598,0.00899789,0.00762813
0.0106564,0.00733505,0.00322696,0.0113526,0.00266826,0.00807845
0.00639885,0.0045232,0.00166262,0.0295149,0.00738967,0.00852064
0.0498947,0.0314752,0.0258564,0.0844925,0.02225,0.0207318
0.014954,0.00990083,0.00409313,0.0218268,0.00522097,0.00171453
0.0396995,0.0246975,0.0150602,0.0878681,0.0237982,0.0154498
0.0142069,0.00943826,0.00443689,0.0352086,0.00871522,0.00522675
0.0214575,0.0143493,0.00889107,0.0288474,0.00728791,0.0102367
0.00765106,0.00523161,0.00316793,0.019021,0.00464939,0.00567587
0.00837342,0.00537617,0.0022579,0.0205089,0.00516669,0.0030824
0.00732617,0.00517341,0.00256975,0.009236,0.00245413,0.00231396
0.0265907,0.0151748,0.00968229,0.0477276,0.00996981,0.00885338
0.0158748,0.0110213,0.00357647,0.0279114,0.00659749,0.00654023
0.00845186,0.006108,0.00307183,0.0107288,0.00372846,0.00490458
0.00624117,0.00429167,0.00275071,0.0163207,0.00360967,0.00549475
0.0240005,0.0153424,0.0177799,0.104072,0.0277425,0.0439767
0.00717617,0.00515868,0.00628402,0.0344705,0.00900613,0.0191127
0.0055721,0.0037516,0.00224806,0.0181852,0.00615769,0.00845043
0.0107459,0.00704015,0.00334069,0.0163136,0.00627941,0.00952478
0.013184,0.00891733,0.0171065,0.0628372,0.0189137,0.0273078
0.0869137,0.0375978,0.0527842,0.261377,0.0736381,0.106935
0.00465395,0.00335079,0.00194331,0.0144812,0.00496519,0.00261704
0.0430979,0.0253424,0.0438526,0.120123,0.0323321,0.0384051
0.0129155,0.00628999,0.00403614,0.0251366,0.0058596,0.00351218
0.0287066,0.0172685,0.00767438,0.0349181,0.00697761,0.00580772
0.0161897,0.0102725,0.00868939,0.0794732,0.0212705,0.0130539
0.0146201,0.00968146,0.00527076,0.00346681,0.000792099,0.00571323
0.0290843,0.0190842,0.01621,0.0504285,0.0110803,0.0147929
0.0236525,0.0153854,0.00821576,0.0345604,0.00996405,0.0127745
0.0312321,0.0201308,0.00958493,0.0342404,0.00893696,0.0098644
0.0367614,0.0233509,0.0100682,0.0650436,0.0182818,0.0397188
0.00686504,0.00479566,0.00562128,0.0490601,0.0134997,0.0340087
0.0152462,0.0103574,0.00485902,0.0309357,0.00985818,0.024642
0.021972,0.00872175,0.00742422,0.0336925,0.0110821,0.0201059
0.0264517,0.0139235,0.00874386,0.0354006,0.0102024,0.0141827
0.0342478,0.0144943,0.01206,0.0593665,0.0151835,0.0160552
0.00951883,0.00679235,0.00452615,0.0131208,0.0063285,0.00421926
0.0306901,0.0183705,0.0113587,0.0526335,0.0139294,0.0105944
0.0233081,0.0144211,0.00636625,0.0354922,0.0116214,0.0133198
0.0160405,0.0108469,0.0041877,0.0298279,0.00752349,0.00644911
0.00733567,0.00512082,0.00514068,0.0128674,0.00305643,0.00195297
0.011332,0.00767985,0.00760697,0.0462927,0.0125199,0.0124447
0.00573891,0.00401879,0.0122214,0.0299864,0.0079724,0.0196651
0.0080158,0.00556803,0.00252343,0.0190097,0.00334489,0.00223569
0.0276462,0.018241,0.0103294,0.0384856,0.0112463,0.018648
0.0093917,0.0065878,0.00458858,0.0210834,0.00511243,0.00396742
0.0122205,0.00833781,0.00268181,0.0261728,0.00606672,0.00755454
0.00656873,0.0043035,0.00246452,0.0214274,0.00696619,0.00280809
0.0237133,0.015034,0.0140803,0.0734186,0.0162334,0.0423117
0.0362994,0.0230392,0.0165691,0.0606679,0.0157155,0.0138594
0.025542,0.0175543,0.0153737,0.0904768,0.0235005,0.034895
0.00639676,0.00444786,0.00248125,0.00978739,0.00181107,0.0056504
0.0202344,0.0138387,0.00648942,0.0379717,0.0101714,0.00505045
0.0417478,0.0262798,0.0132792,0.0530754,0.0115391,0.0217997
0.00745396,0.00502053,0.00260461,0.00954859,0.00300373,0.000761877
0.00415686,0.00300284,0.0012251,0.0198133,0.00694209,0.00765772
0.0156799,0.0105853,0.00448356,0.0262568,0.00527799,0.00611476
0.0106059,0.00748278,0.00709844,0.0478178,0.0126544,0.0176005
0.0298631,0.0156998,0.0113511,0.0609917,0.0162186,0.0162571
0.014356,0.00966366,0.00458541,0.0258017,0.00557159,0.0225286
0.0113505,0.0080433,0.00412746,0.0297043,0.00800708,0.00499889
0.0137126,0.00844049,0.00772221,0.0523162,0.0130844,0.00878274
0.0168718,0.00887841,0.00492423,0.0295759,0.00668738,0.00617204
0.0135677,0.00891181,0.00968243,0.00693712,0.00329558,0.0180756
0.0138472,0.00895475,0.0113302,0.0687836,0.0152008,0.0313974
0.0263612,0.0168505,0.0179572,0.0775334,0.01695,0.0151038
0.00705271,0.00506028,0.00316487,0.0170161,0.0047516,0.00589133
0.00935949,0.00653532,0.00170697,0.0188027,0.00284851,0.00412688
0.0197924,0.0136202,0.00784954,0.0320548,0.00797327,0.0167244
0.01868,0.0123647,0.004396,0.039019,0.00944865,0.0104668
0.0131825,0.00926872,0.00382537,0.0231379,0.00676964,0.0074716
0.0214012,0.0142017,0.0110828,0.0541849,0.013618,0.0346738
0.00638008,0.00425356,0.00272977,0.0116758,0.00273716,0.00917547
0.0579403,0.0342882,0.0169408,0.0531591,0.0121937,0.0352706
0.0314417,0.0141929,0.0115901,0.046648,0.0133111,0.0153745
0.0283016,0.0121582,0.00948801,0.0404017,0.00908753,0.012464
0.0392858,0.0248287,0.0116864,0.0598355,0.0145579,0.00702188
0.0343779,0.0207773,0.015987,0.0786256,0.0207551,0.0324699
0.0380718,0.0240926,0.0109224,0.0542928,0.0128976,0.0184288
0.0460358,0.0274618,0.0152922,0.0721077,0.0187351,0.0261109
0.00852777,0.00599194,0.0020734,0.0142998,0.00383119,0.00659465
0.00565788,0.00376526,0.00521353,0.0185651,0.00579899,0.00718554
0.0133342,0.009455,0.00648627,0.024001,0.00558775,0.0106519
0.0148957,0.0099878,0.0109177,0.0477551,0.0138659,0.0237667
0.0144426,0.00964992,0.0058347,0.0277251,0.00872126,0.0114448
0.0145996,0.00987032,0.00479468,0.0195248,0.00469547,0.00825191
0.0137095,0.0095203,0.00490718,0.0259848,0.00580657,0.0067925
0.0110706,0.00466342,0.00558017,0.0357692,0.00902033,0.0117367
0.0142188,0.00652271,0.00706501,0.037099,0.00873933,0.0122187
0.00898696,0.006265,0.00358411,0.0141747,0.00396075,0.00240178
0.0149408,0.00994485,0.0154791,0.0619036,0.0156356,0.0261833
0.014873,0.0105133,0.00685425,0.0136903,0.00444466,0.0187659
0.0197306,0.0129919,0.00662173,0.0292535,0.00715799,0.00517281
0.0163525,0.0110086,0.0185131,0.0796644,0.021895,0.013242
0.0158164,0.0101851,0.0145528,0.0874527,0.0217001,0.0318019
0.00922132,0.00620051,0.00284379,0.00984247,0.00531843,0.0011461
0.0373114,0.0217248,0.0216648,0.104962,0.029809,0.0472992
0.0212284,0.0140944,0.00788617,0.0326717,0.00890577,0.00483622
0.0202436,0.013521,0.00695237,0.0355568,0.00959411,0.0169601
0.0275776,0.0181672,0.00720956,0.043904,0.0109501,0.00691709
0.0200911,0.011355,0.0209817,0.0879723,0.0196838,0.0139124
0.0149817,0.00555522,0.0109896,0.0286611,0.0056217,0.0039477
0.0182847,0.0123449,0.0061773,0.0219148,0.00434901,0.00563208
0.00602586,0.00386756,0.00294116,0.0103917,0.00299529,0.00396623
0.00926104,0.00604435,0.0020184,0.0280851,0.0050888,0.00373221
0.0548754,0.0273885,0.0493687,0.16572,0.0439845,0.0684882
0.0164449,0.0107986,0.00466396,0.0292538,0.00720266,0.0298226
0.00819812,0.00526828,0.00318054,0.0134192,0.00476243,0.00525737
0.0147163,0.010023,0.00586815,0.0352531,0.00965462,0.018654
0.0143175,0.0104219,0.0102022,0.0249655,0.00681077,0.0122675
0.00501321,0.00346027,0.00351003,0.0184412,0.00383458,0.00246125
0.0139345,0.00934085,0.00479959,0.0173314,0.00478053,0.00485715
0.00863111,0.00600399,0.0024261,0.0220862,0.00441726,0.0131794
0.0296319,0.018592,0.00838202,0.0629752,0.0169137,0.00583025
0.00843816,0.00593999,0.00596556,0.0251062,0.00672871,0.0153479
0.0284849,0.0187146,0.0347356,0.124394,0.0321334,0.0667418
0.0174116,0.0122131,0.0076593,0.0331854,0.00776278,0.0116721
0.0536095,0.0238453,0.0293919,0.101883,0.0246436,0.0263868
0.0539149,0.0239865,0.0298603,0.0945407,0.0212568,0.0244926
0.00805704,0.00547755,0.00822564,0.028915,0.00898561,0.00439045
0.00509393,0.00324954,0.00134738,0.00584726,0.00392623,0.00234141
0.0426207,0.0250689,0.0178275,0.0742634,0.0192217,0.0146017
0.0370925,0.0142704,0.0253768,0.120933,0.0313905,0.0338989
0.0323494,0.021103,0.0153487,0.0610631,0.0159419,0.0195521
0.0126684,0.00886148,0.00510941,0.0204956,0.00585047,0.00276857
0.0122475,0.00845676,0.00482253,0.0204112,0.00575825,0.00487645
0.0121469,0.00831523,0.00732246,0.0411157,0.0108767,0.0167177
0.0404434,0.0258826,0.0123849,0.0339148,0.00984395,0.00539308
0.0174505,0.011953,0.00536681,0.0286451,0.00638099,0.00626238
0.0109208,0.00743258,0.00435837,0.0113658,0.00478978,0.0052945
0.0216693,0.0143493,0.0213602,0.0569593,0.0153954,0.0118198
0.0182639,0.0127469,0.00676824,0.0223181,0.00722867,0.00493605
0.00630597,0.00444023,0.00294605,0.0139185,0.00393143,0.00255534
0.00713215,0.00470559,0.00150999,0.0101162,0.00526106,0.00507407
0.0101419,0.00703862,0.00375011,0.0131076,0.00443685,0.00290866
0.0185757,0.0116087,0.0220927,0.0889278,0.0244621,0.039989
0.0308256,0.014906,0.00969342,0.0487704,0.0123607,0.0090101
0.0352711,0.0228874,0.015891,0.0857547,0.0233091,0.0196056
0.0146876,0.0103318,0.00446322,0.0440377,0.010736,0.0111721
0.0172544,0.0118758,0.00576084,0.0281443,0.00918201,0.0055736
0.0151449,0.0101188,0.0046478,0.0205861,0.00443927,0.00259198
0.0153777,0.0105668,0.00508541,0.0153582,0.00349502,0.00672385
0.0234201,0.015405,0.00658227,0.0506682,0.0126814,0.0121371
0.0120577,0.00867042,0.00691426,0.0382718,0.00965524,0.00599843
0.0238256,0.0154233,0.00808686,0.0352025,0.00846511,0.00686944
0.062997,0.0358996,0.0192377,0.095702,0.0274393,0.0161062
0.0181979,0.0120177,0.00483785,0.0375842,0.0108832,0.00788898
0.0247925,0.0162513,0.00768471,0.0402139,0.0116639,0.0233502
0.00544862,0.00388974,0.00305439,0.014917,0.0039301,0.00422693
0.0174996,0.0118901,0.00650945,0.0441441,0.0108011,0.00942788
0.0252594,0.0166267,0.00672954,0.043752,0.00936022,0.00666601
0.0399418,0.0255191,0.0123707,0.0569597,0.0140449,0.023018
0.017026,0.0115863,0.0123139,0.0370816,0.00919549,0.00873413
0.0697859,0.0391468,0.0330161,0.157897,0.0370274,0.0539649
0.0163347,0.011219,0.014376,0.0602716,0.0172402,0.0116594
0.0275053,0.0136676,0.0186361,0.0812648,0.023328,0.0427829
0.0317069,0.0135425,0.0176216,0.0614157,0.0137869,0.026551
0.0527805,0.0292965,0.0206123,0.0860174,0.0219921,0.0268056
0.0181445,0.0082206,0.00766972,0.0371928,0.00856351,0.00929455
0.0118499,0.00805511,0.00346731,0.0207055,0.00588481,0.00502151
0.0120182,0.00799586,0.00470203,0.0114773,0.00342524,0.00707823
0.011632,0.00768292,0.00492261,0.0186213,0.00405056,0.0073508
0.0380958,0.0245981,0.0173773,0.0706227,0.0178037,0.0245884
0.0446655,0.0285072,0.0224685,0.0814656,0.0216331,0.0424376
0.0139384,0.00891128,0.00640355,0.0235116,0.00640191,0.00379257
0.0471921,0.0294628,0.0124563,0.0741918,0.0188064,0.0223156
0.00768024,0.00541347,0.00309628,0.00945219,0.00354072,0.00535035
0.0259881,0.0171601,0.00688924,0.0478041,0.0119322,0.0104752
0.0271094,0.0183404,0.0126586,0.0390039,0.0117006,0.023325
0.0169995,0.011945,0.00477567,0.0271228,0.00621126,0.00703062
0.0102245,0.00693351,0.00277378,0.00673422,0.00301352,0.0132196
0.0196304,0.0135335,0.00668757,0.0258856,0.00735023,0.00925416
0.0367312,0.0232812,0.0103694,0.0517759,0.0123223,0.0137737
0.0173043,0.0118211,0.00784833,0.0369383,0.0102012,0.00672999
0.0248242,0.0167363,0.0110335,0.0567466,0.0141698,0.0323648
0.00769034,0.0053094,0.00411671,0.0277902,0.00666274,0.0261847
0.00999468,0.00710307,0.00455189,0.0201375,0.004355,0.0031538
0.0221663,0.0148808,0.00679235,0.0290215,0.00744341,0.0148839
0.00824617,0.00566537,0.00501126,0.0137272,0.00364747,0.0038781
0.0302501,0.0113118,0.0108194,0.0404757,0.00923685,0.00967937
0.0297972,0.0114557,0.0105265,0.0328702,0.00685767,0.00868539
0.017062,0.0117875,0.00515325,0.0185927,0.00630645,0.0152739
0.0112863,0.00773085,0.00422451,0.0220756,0.00540268,0.00691102
0.0234289,0.0149323,0.00734787,0.0351062,0.00958778,0.0120903
0.0293145,0.0193619,0.00891518,0.0447486,0.0129979,0.0299658
0.0141326,0.0094607,0.00613341,0.0236219,0.00457438,0.00370618
0.0326031,0.0209418,0.0127783,0.0481214,0.0132395,0.0259125
0.0108569,0.00760878,0.00511045,0.027735,0.00600863,0.00378519
0.00851305,0.00593067,0.00424665,0.0117691,0.00523947,0.00855418
0.00901946,0.00591662,0.00264154,0.0144054,0.00447305,0.00545019
0.0159435,0.0109213,0.00464265,0.0179571,0.00418119,0.00264371
0.0148424,0.0099046,0.00425231,0.0159546,0.00453789,0.00223597
0.00534571,0.00366959,0.00227778,0.00778528,0.0035611,0.00364184
0.0396789,0.0251272,0.014436,0.0661339,0.0165264,0.0184178
0.0134017,0.00925406,0.00587138,0.0220787,0.00738308,0.00610193
0.00697009,0.00458115,0.00476751,0.0345,0.00793868,0.00594665
0.00987994,0.00678336,0.00511564,0.0259005,0.00670217,0.00514263
0.0194837,0.0128892,0.00905855,0.0534439,0.0110283,0.00583105
0.0393282,0.0244183,0.0150716,0.0830735,0.0212231,0.0328033
0.0141206,0.00905653,0.00485016,0.0273099,0.00779117,0.0147996
0.0208121,0.0136257,0.0060609,0.0281157,0.00894835,0.00799665
0.00568247,0.00413327,0.00460093,0.0252092,0.00514155,0.00422415
0.0101765,0.00495131,0.00304796,0.0292604,0.00703569,0.00813907
0.0332724,0.0209775,0.01054,0.0364321,0.00931632,0.00654906
0.00873143,0.00572716,0.00387785,0.0118986,0.00364466,0.00300706
0.0108428,0.00773978,0.00453746,0.0203701,0.00547217,0.00998123
0.0153361,0.0100878,0.00280316,0.0390053,0.00915213,0.00574246
0.0340106,0.0221064,0.0160705,0.0563204,0.0148337,0.01647
0.00847723,0.00626967,0.00302445,0.0140823,0.00368113,0.00996226
0.0542356,0.0312226,0.0222377,0.107682,0.0269046,0.0298861
0.0124324,0.00859407,0.00417159,0.0216314,0.00709746,0.00342114
0.0139842,0.00979496,0.00650746,0.0293841,0.00769942,0.00555339
0.0170156,0.0114146,0.00690685,0.0294249,0.00935669,0.00764724
0.00993159,0.00680033,0.00482538,0.0283907,0.00858232,0.012774
0.0239429,0.0155004,0.00473922,0.0390227,0.0108761,0.00706102
0.0166073,0.011059,0.00326652,0.0280586,0.00789901,0.0145718
0.0217077,0.0146602,0.00471295,0.0329598,0.00725602,0.00511333
0.00582656,0.00400138,0.00247133,0.012481,0.00431578,0.000959571
0.0180825,0.0122595,0.00833586,0.0410929,0.011203,0.0186412
0.0298214,0.0167232,0.0115284,0.0460745,0.010847,0.0114019
0.0288027,0.0191157,0.0222446,0.0850816,0.0223197,0.0366291
0.00607545,0.00448596,0.00227146,0.0051292,0.000330318,0.00379023
0.0121171,0.00783001,0.00389352,0.0249586,0.00595483,0.00391474
0.0277711,0.0113206,0.013982,0.0681403,0.0162492,0.00981694
0.0149665,0.0104335,0.00518263,0.0240926,0.005816,0.0265852
0.00899295,0.00668238,0.00386325,0.0151856,0.00368132,0.00355352
0.0150661,0.0104852,0.00657615,0.0240478,0.00608685,0.00950635
0.0343938,0.0216925,0.0113638,0.055093,0.0164559,0.016713
0.0116682,0.00805074,0.00524746,0.0440851,0.0127046,0.0171888
0.0115551,0.00788048,0.00467582,0.0185361,0.00331115,0.00536602
0.0169978,0.00956795,0.00719525,0.0300321,0.00889884,0.00846315
0.025634,0.013998,0.00987102,0.0375901,0.0101407,0.0100259
0.0113419,0.00768079,0.00419327,0.0206759,0.00608427,0.0059395
0.00992113,0.00688848,0.00518133,0.0268341,0.00634652,0.00696541
0.036073,0.0233338,0.0156445,0.0704506,0.01628,0.0126113
0.0105783,0.00751711,0.00221067,0.0204523,0.00631206,0.0093724
0.0202776,0.0130586,0.0121175,0.0730565,0.0170461,0.0344689
0.0140899,0.0100126,0.00488807,0.0249408,0.00463208,0.00241425
0.0148013,0.00987156,0.00572968,0.0243375,0.00520147,0.0104047
0.0199277,0.013589,0.00547714,0.026588,0.00817091,0.00484897
0.00622357,0.00445798,0.00245386,0.0114025,0.00232844,0.00114
0.00672198,0.00469975,0.00320467,0.0135101,0.00335732,0.00145099
0.00665742,0.00476949,0.00414423,0.0123221,0.004521,0.00216729
0.00827566,0.00574834,0.00379364,0.0190833,0.00579107,0.00417456
0.00764659,0.00539785,0.00337239,0.0197544,0.00554509,0.00505769
0.0260971,0.0171524,0.0135872,0.0608803,0.0140749,0.0106079
0.0257592,0.017339,0.00639029,0.0528449,0.0116781,0.00605769
0.0144031,0.00950286,0.00321007,0.0319677,0.00961482,0.00603375
0.0153566,0.0101726,0.00496994,0.0320026,0.00824882,0.00855029
0.0181496,0.0120885,0.0060976,0.0266199,0.00536276,0.0040386
0.00639259,0.00439189,0.00412709,0.0237851,0.00708489,0.00671463
0.00776949,0.0052162,0.0035462,0.00953997,0.000699272,0.00444154
0.0050561,0.00359252,0.00278174,0.0128247,0.00329252,0.00343539
0.0142679,0.00972281,0.00434965,0.018894,0.00556467,0.00607337
0.0237363,0.0160737,0.0171544,0.0898842,0.0272329,0.0488133
0.0162834,0.0109071,0.00521223,0.0246596,0.00741683,0.00981914
0.0220278,0.0139816,0.0108592,0.060944,0.0159675,0.00873576
0.0150718,0.0106242,0.00538186,0.0717005,0.0211557,0.00393294
0.00686368,0.00501167,0.00270446,0.0155937,0.00477172,0.00348637
0.0258812,0.017362,0.00939217,0.0485027,0.0124948,0.0249532
0.0330052,0.0127747,0.0196442,0.056841,0.0135008,0.0147532
0.0343723,0.0126858,0.0196465,0.0558965,0.0126041,0.0135477
0.00677904,0.00465918,0.00351386,0.00770526,0.00234144,0.00305497
0.011032,0.00743893,0.0053891,0.0145017,0.00411364,0.00225699
0.0203284,0.0134934,0.00863186,0.0386136,0.0101767,0.0166534
0.0267958,0.0169655,0.00873902,0.0301103,0.0089627,0.00986997
0.00441963,0.00333325,0.00260011,0.00859096,0.00317923,0.00252817
0.0127994,0.00884071,0.0143923,0.0313562,0.00758334,0.0124731
0.0207843,0.0143203,0.00661746,0.0212009,0.00745333,0.0175049
0.0131896,0.0093317,0.0106317,0.0298917,0.00725716,0.0120358
0.0113119,0.00767007,0.00443122,0.0164001,0.00325039,0.00297616
0.0415411,0.0258219,0.0138368,0.0588468,0.0153482,0.00967512
0.0347588,0.0218878,0.00914711,0.0553411,0.0134766,0.00942531
0.0166816,0.0112009,0.0174548,0.0355619,0.0117026,0.0216196
0.020693,0.0132123,0.00847492,0.0448661,0.0121151,0.00775386
0.00661676,0.00458495,0.00315344,0.00646724,0.00274215,0.00279798
0.0204837,0.0136734,0.0057931,0.0294874,0.00726941,0.0147769
0.0104597,0.00728674,0.00564211,0.0536514,0.013417,0.0294084
0.0078067,0.00512754,0.00344374,0.0144636,0.00380021,0.00540196
0.0191846,0.0126428,0.00613837,0.0394712,0.00893938,0.0146718
0.0119433,0.00796758,0.00387859,0.0231035,0.0059209,0.00300468
0.0146139,0.00969762,0.00533569,0.0301714,0.00775247,0.00867224
0.0322692,0.0218085,0.0278732,0.141869,0.0367542,0.0488438
0.0239356,0.0148417,0.0244167,0.114909,0.0313819,0.0201156
0.0196443,0.0132977,0.00569252,0.042919,0.0106804,0.0120053
0.0131087,0.00619824,0.00646732,0.036657,0.0107201,0.0137915
0.0126911,0.00652577,0.0048193,0.0312062,0.00843539,0.0141904
0.0122637,0.00852429,0.0047788,0.018156,0.00474039,0.011191
0.0265198,0.0174388,0.0216857,0.0884141,0.0226758,0.0336364
0.00741374,0.00483122,0.00275046,0.0134961,0.00346893,0.00432163
0.048083,0.0303371,0.0203605,0.0805269,0.0220256,0.020705
0.0615624,0.036798,0.0536923,0.249571,0.0668733,0.112683
0.0252138,0.0168414,0.00893739,0.0320127,0.00677947,0.00648716
0.0141411,0.0091852,0.00437319,0.0273669,0.00722765,0.00779172
0.0127624,0.00928036,0.00509808,0.013281,0.00580528,0.00473868
0.0462094,0.0250598,0.0417038,0.217359,0.0599907,0.0447122
0.0164097,0.0107202,0.00796396,0.0224692,0.00619808,0.00644636
0.00475269,0.00304524,0.00281246,0.0118488,0.00324084,0.00341334
0.0171465,0.0114163,0.00583126,0.0189931,0.0054659,0.00702597
0.025828,0.0175263,0.006906,0.0585924,0.0161906,0.005379
0.0178764,0.0114932,0.00504035,0.0243705,0.00666139,0.0167966
0.00594445,0.00439504,0.00312057,0.0147424,0.00361304,0.0027341
0.00988242,0.00679011,0.00493512,0.0156358,0.00570701,0.00483275
0.0041011,0.00296408,0.00237778,0.00722997,0.0023633,0.00474369
0.02399,0.015963,0.0105058,0.0544548,0.0148289,0.00745789
0.00950308,0.00643799,0.00420784,0.017101,0.00468756,0.00236519
0.0138731,0.00964481,0.00572801,0.0200737,0.00451726,0.0069209
0.0434458,0.0275556,0.0216967,0.0912369,0.0215355,0.0300043
0.00568147,0.00381709,0.00249323,0.0171937,0.00462669,0.00208748
0.0176569,0.0119971,0.00646082,0.0532417,0.0138902,0.00906831
0.0313745,0.0170136,0.00739205,0.0511794,0.0139191,0.0127449
0.0282945,0.0127429,0.00737435,0.0453459,0.0106188,0.00659017
0.0248583,0.0100563,0.00915629,0.0350921,0.00995895,0.0115059
0.0235168,0.0099752,0.00836047,0.0294231,0.00714044,0.00995688
0.0172107,0.0115029,0.0189072,0.0706566,0.020547,0.0241544
0.012518,0.00832428,0.00803559,0.0235621,0.00682597,0.00487189
0.0222155,0.0142992,0.0143145,0.0843297,0.0216061,0.0137463
0.0154154,0.00877234,0.00550472,0.0544015,0.0166607,0.0272907
0.0138226,0.00873402,0.00545575,0.0522407,0.0156271,0.0261619
0.0161241,0.0106544,0.0211598,0.0787389,0.0225579,0.0461952
0.00907519,0.00648244,0.00339203,0.0196426,0.0048404,0.00327064
0.0382003,0.0236271,0.0218532,0.0808542,0.0198306,0.0187654
0.00872544,0.00624275,0.00812217,0.0210731,0.00410097,0.00618964
0.0277848,0.0186989,0.00726379,0.0439655,0.0140698,0.0108562
0.00818581,0.00548605,0.00269363,0.0069403,0.0031619,0.0124245
0.00750788,0.00503389,0.00291159,0.0167606,0.00400782,0.00368164
0.0102389,0.00665875,0.0040854,0.0175233,0.00528432,0.00952681
0.0094379,0.0067146,0.00569319,0.0416269,0.00963669,0.00617365
0.0303006,0.019059,0.0202062,0.0566981,0.0143929,0.0199316
0.0190217,0.0124297,0.021113,0.0937969,0.0217814,0.0369567
0.0307183,0.020408,0.0111005,0.0367192,0.00994197,0.0160646
0.0403429,0.0261735,0.0145175,0.091054,0.0220253,0.0260492
0.0108136,0.00699252,0.00407665,0.0185896,0.00558644,0.0107012
0.00740608,0.00513433,0.00409332,0.0129265,0.00467415,0.00469844
0.0107483,0.00778601,0.0064727,0.0238168,0.00591072,0.0100791
0.0116132,0.00810118,0.00233732,0.0201991,0.00558661,0.00318257
0.0115235,0.00789018,0.00488002,0.0249211,0.006934,0.0074412
0.0204913,0.0138582,0.00658525,0.0274584,0.00729937,0.00603126
0.0103286,0.00700561,0.00532116,0.0330551,0.00872305,0.00467471
0.0124877,0.00826969,0.00498707,0.0102619,0.0042736,0.00448702
0.0090374,0.00603817,0.00423552,0.0110897,0.00217884,0.0203138
0.0260242,0.0145324,0.0102047,0.0541738,0.0147561,0.0120516
0.0158809,0.0112457,0.00800122,0.0490587,0.0123374,0.00523583
0.00827745,0.00606687,0.00515255,0.0227974,0.00478279,0.0107989
0.0049034,0.00360151,0.00251947,0.0175553,0.00439664,0.000970612
0.0105513,0.00755571,0.00727737,0.0313657,0.00887949,0.00911564
0.0138348,0.00930076,0.00618808,0.0207548,0.00494702,0.0134483
0.0132781,0.00902513,0.00273127,0.0196954,0.00317738,0.0069115
0.020868,0.0147531,0.00675281,0.0354702,0.0116153,0.00482169
0.0320647,0.0133458,0.0214501,0.0602147,0.0159633,0.0291749
0.0323406,0.0134681,0.0215552,0.0616916,0.0163476,0.0295101
0.0161602,0.0114639,0.00482516,0.019257,0.00583086,0.00697591
0.00804896,0.00561742,0.00620227,0.0495181,0.0119114,0.0220018
0.00755802,0.00517447,0.00950981,0.0922467,0.0254557,0.0258468
0.0346368,0.0221559,0.0173944,0.0842118,0.0220849,0.0382502
0.0302139,0.0196564,0.0102536,0.0502948,0.0132638,0.0129591
0.0100062,0.0063762,0.0028958,0.0206423,0.00534949,0.00564844
0.0162505,0.0108096,0.00607973,0.0344391,0.00849175,0.0102172
0.0249005,0.0164645,0.00770329,0.0345508,0.00941283,0.00671599
0.0193405,0.0130781,0.00498855,0.0345843,0.0105209,0.0197467
0.0187504,0.0120853,0.0117555,0.061165,0.0181107,0.0110933
0.00718249,0.00497527,0.00262167,2.81066e-05,0.00103544,0.00585094
0.019413,0.0132505,0.00503404,0.0311228,0.00684195,0.00710891
0.00492129,0.00360212,0.00235425,0.0111679,0.0037953,0.00178575
0.00653138,0.00436285,0.00266226,0.00949374,0.00247489,0.00511879
0.0108092,0.00709942,0.00418269,0.020546,0.00717022,0.00581512
0.0143443,0.00992056,0.00648191,0.0244394,0.00644978,0.00333115
0.0061674,0.00441394,0.00376733,0.0196138,0.00440382,0.0036094
0.00446537,0.00323087,0.00269806,0.0112764,0.00372412,0.00307289
0.0131327,0.00940443,0.00431843,0.024737,0.006243,0.00426615
0.0107971,0.00725015,0.00417517,0.0256888,0.0055892,0.0061519
0.00589958,0.00408679,0.00154587,0.0101072,0.00289268,0.00150916
0.012704,0.00852094,0.0058659,0.0260905,0.00685733,0.0190806
0.012488,0.00626628,0.00725759,0.0474827,0.0134579,0.0289029
0.013845,0.00634171,0.0110278,0.0524237,0.0140981,0.0357667
0.0056807,0.00402315,0.00231349,0.0198859,0.00422637,0.00348672
0.00928051,0.00661514,0.003375,0.0162927,0.00478299,0.00368094
0.0069814,0.00509907,0.003417,0.0134862,0.00277183,0.00609737
0.00900183,0.00631517,0.0122828,0.0315668,0.00768343,0.0122688
0.0327021,0.0221038,0.0138082,0.0443368,0.0123234,0.0339423
0.0160836,0.0112407,0.00533849,0.0218662,0.00758046,0.00399738
0.0130878,0.00890273,0.00348482,0.0248677,0.00775129,0.0177293
0.0395854,0.0259206,0.0168362,0.0630836,0.0153442,0.0184334
0.00494951,0.00325167,0.00220923,0.00722048,0.00286358,0.00357143
0.00846056,0.00606371,0.00358841,0.0130816,0.00222274,0.00293749
0.0118405,0.00796705,0.00419073,0.0209391,0.00533421,0.00444148
0.0205278,0.0134042,0.0103954,0.0618524,0.0157981,0.0246935
0.0102003,0.00699128,0.00724998,0.0347279,0.00964872,0.0101535
0.00753476,0.00561586,0.0020304,0.0180814,0.00508827,0.00187375
0.0404441,0.0272089,0.014671,0.0757426,0.0189531,0.0288274
0.00933797,0.0064019,0.0034763,0.020236,0.0046336,0.00680849
0.0175729,0.011995,0.00971663,0.0558752,0.0133835,0.0513002
0.0196433,0.0102299,0.0164931,0.0636547,0.0151559,0.0165247
0.0193872,0.0103003,0.0176355,0.0613818,0.0147826,0.0175008
0.0410646,0.0203255,0.0216367,0.0653513,0.0197681,0.019339
0.00711003,0.00503579,0.00363496,0.0133947,0.00288,0.00520034
0.00934477,0.00652018,0.0042776,0.0211638,0.00357573,0.0130677
0.0121318,0.00811918,0.004073,0.0218129,0.00441442,0.00373916
0.0140497,0.00937438,0.00424032,0.0226678,0.00554596,0.00803171
0.0120237,0.0082031,0.0136167,0.0454759,0.0107384,0.00688301
0.0312715,0.0201861,0.0128525,0.0532355,0.01213,0.00635068
0.00619135,0.00456189,0.00355629,0.0108479,0.00213059,0.00544963
0.0174303,0.011861,0.00705253,0.0301834,0.00951566,0.0283979
0.00739571,0.00507493,0.00271208,0.0178267,0.00350934,0.00344654
0.0102449,0.00654077,0.00419607,0.0350692,0.00915765,0.0065687
0.0107085,0.00729399,0.00400468,0.0132871,0.00299119,0.00704278
0.00495895,0.00374256,0.0026446,0.015513,0.0032888,0.0021656
0.0224379,0.015312,0.00978576,0.0272046,0.0090406,0.0129957
0.0118226,0.00820596,0.00447121,0.0210131,0.00467728,0.00284315
0.0114171,0.00769134,0.00381567,0.028364,0.00825205,0.00297236
0.0123569,0.00867571,0.00620932,0.0242979,0.00772779,0.00477344
0.0150535,0.0103993,0.00710659,0.0281375,0.00668608,0.0068589
0.00665517,0.00472832,0.00681549,0.0300799,0.00644684,0.0138565
0.0262733,0.0174433,0.00712942,0.0430909,0.0103258,0.0157251
0.0179859,0.0119591,0.0106603,0.0638955,0.0138624,0.0122724
0.00857148,0.00555758,0.00357527,0.0116601,0.00306726,0.0020096
0.0341296,0.0208314,0.0154448,0.0908949,0.0214788,0.0221634
0.0220968,0.0146125,0.00742836,0.0371931,0.00970844,0.0114832
0.00925388,0.00639034,0.0034767,0.0269095,0.00639861,0.004374
0.0170633,0.00903421,0.00755396,0.0289239,0.00799352,0.010635
0.0136248,0.00645989,0.00589439,0.0125392,0.00206006,0.00611122
0.0112276,0.0077923,0.00622393,0.0172119,0.00515656,0.00405887
0.027096,0.0181342,0.00809279,0.0549436,0.017909,0.0419509
0.05652,0.0310122,0.0279602,0.124848,0.0318929,0.0414932
0.0127551,0.00869233,0.00456218,0.0170638,0.00467287,0.0042717
0.0150439,0.0102395,0.00491337,0.0172664,0.00349271,0.00297097
0.0224248,0.0149061,0.00683344,0.0384726,0.0107456,0.00645932
0.0297511,0.0200683,0.012831,0.0479955,0.0124963,0.0089556
0.0191013,0.0128155,0.00643498,0.0314309,0.00718486,0.00417955
0.0418668,0.0248425,0.0178969,0.0757218,0.0211385,0.014538
0.0331409,0.0215397,0.0162367,0.0524406,0.0147071,0.023854
0.0163223,0.0103827,0.00644104,0.0235379,0.00640508,0.00435595
0.0124925,0.00887423,0.00437928,0.016057,0.00397726,0.0105963
0.0112757,0.00791725,0.00828387,0.0236342,0.00505512,0.00646278
0.0267735,0.0150244,0.0181083,0.0608514,0.017145,0.030766
0.0278167,0.0150481,0.0178906,0.0595309,0.0168885,0.0288828
0.0214164,0.0143321,0.00601679,0.0423142,0.0112487,0.01062
0.0179031,0.0121694,0.0103544,0.00908544,0.00180309,0.00649309
0.0315335,0.0125984,0.0126997,0.0552689,0.0153004,0.0219448
0.0138875,0.00938537,0.00523061,0.0155262,0.00593985,0.00371769
0.0197398,0.0130982,0.0145052,0.0532333,0.0154527,0.0342226
0.0363223,0.0238367,0.010705,0.0294581,0.0081733,0.024767
0.00928378,0.00653711,0.00520333,0.0150587,0.0046928,0.0105064
0.0134561,0.00893272,0.00550971,0.0385309,0.00996071,0.00812341
0.0278693,0.0185653,0.0204229,0.0693971,0.0190171,0.0253573
0.012986,0.00934672,0.00489099,0.0224894,0.00549103,0.00881188
0.00816557,0.00554165,0.00609743,0.0192204,0.00371084,0.00221447
0.00622463,0.00452032,0.0033442,0.0242645,0.00597932,0.00551098
0.0157335,0.0108199,0.00419624,0.0328776,0.0102371,0.00470634
0.0160548,0.0109574,0.00315569,0.0220164,0.00549891,0.00179722
0.0114219,0.00763735,0.00395234,0.0227752,0.0075164,0.00786552
0.00946146,0.0063975,0.00689871,0.0151562,0.0045032,0.00631488
0.0197766,0.0132525,0.0130289,0.057479,0.0189985,0.0482005
0.012192,0.0082776,0.00588912,0.022763,0.00663197,0.00494964
0.0380864,0.0241371,0.0141517,0.0587367,0.0154429,0.00808517
0.00664165,0.0045676,0.00510551,0.00828383,0.00367895,0.00400607
0.00831086,0.00570221,0.00161194,0.0242504,0.0100206,0.0161538
0.00759121,0.00553426,0.00248224,0.0155495,0.00536572,0.00228988
0.00603608,0.00400202,0.00251821,0.00743084,0.00196821,0.00524917
0.0121647,0.00841997,0.00812595,0.0246278,0.00569952,0.012791
0.01154,0.00762747,0.00326274,0.0357319,0.00691454,0.00274381
0.0107917,0.00778915,0.00351642,0.0180746,0.00567284,0.0111461
0.00870658,0.00566468,0.00507123,0.0206533,0.00658083,0.0159704
0.00571245,0.00376385,0.00390697,0.0135588,0.00263733,0.00797079
0.0267898,0.0128551,0.0121195,0.0458463,0.0133822,0.011679
0.0135799,0.00898804,0.00650247,0.0406666,0.00995663,0.00811152
0.0205257,0.0121594,0.00750509,0.023624,0.00847556,0.00757304
0.0209133,0.0138828,0.00880361,0.0308661,0.00840866,0.00443314
0.00694822,0.00470509,0.00281248,0.0104203,0.00296323,0.00624334
0.0125373,0.00808827,0.00545213,0.0256313,0.00764949,0.0039037
0.0356359,0.0215906,0.0209702,0.0596245,0.0162892,0.0290471
0.0144857,0.00973942,0.00623784,0.0239255,0.00414949,0.00920442
0.0283988,0.019132,0.00924066,0.0397491,0.0119985,0.00732991
0.0190542,0.0127186,0.00672729,0.00496545,0.00154637,0.0176514
0.00874782,0.00616606,0.00381943,0.0182704,0.00471312,0.00654659
0.0173085,0.0119259,0.00482802,0.0325023,0.00781045,0.00457103
0.00961707,0.00665338,0.00381761,0.0184622,0.00462662,0.00663711
0.0120861,0.00852573,0.00352659,0.0355867,0.00896429,0.00555816
0.00754776,0.00527185,0.00605488,0.035302,0.0094503,0.0154364
0.0381277,0.0237726,0.0150145,0.0504936,0.0149361,0.0188962
0.0205951,0.0142044,0.00432739,0.0362502,0.0101867,0.00876668
0.0332132,0.0213008,0.0163249,0.0483911,0.0132153,0.0208395
0.0348293,0.0220695,0.0150004,0.0695799,0.01566,0.0249693
0.0102135,0.00686335,0.0102681,0.0794336,0.0199531,0.02704
0.0489434,0.0303803,0.0178662,0.0769586,0.0204723,0.0231883
0.0293056,0.0192698,0.0177095,0.0744957,0.0202665,0.0443411
0.00662297,0.00458403,0.00201525,0.013064,0.00211332,0.00251033
0.00819386,0.00579172,0.00153063,0.0159833,0.00362539,0.00703672
0.00531242,0.00352874,0.00222779,0.00961864,0.00364194,0.00414206
0.0384493,0.023378,0.0161863,0.079052,0.0197945,0.0191279
0.0143881,0.00942863,0.00976294,0.0301811,0.00981959,0.0176939
0.00921169,0.00626848,0.00203676,0.0212125,0.00650109,0.0133076
0.00420667,0.00303519,0.00295765,0.010143,0.00291815,0.00498546
0.0140629,0.0101717,0.00545656,0.0325554,0.00788308,0.00506898
0.00982947,0.00688984,0.00198146,0.0243902,0.0053815,0.00619057
0.0117354,0.00793524,0.00780382,0.0190074,0.0086016,0.00361745
0.011106,0.00743179,0.00878204,0.0450612,0.0126282,0.00729819
0.0305932,0.0195606,0.00805061,0.0465808,0.0142821,0.0210991
0.00621334,0.00321793,0.00223575,0.0186548,0.00447689,0.00900821
0.00905154,0.00631612,0.00361612,0.0191629,0.00485557,0.00272217
0.0149109,0.0101074,0.00452819,0.0218496,0.00600678,0.00523324
0.00534037,0.00373802,0.00240766,0.0156652,0.00266699,0.00465045
0.0307405,0.0203181,0.0104623,0.0388656,0.0100857,0.00913456
0.00453705,0.00332632,0.00128737,0.0152265,0.00353404,0.00350295
0.0300442,0.0193355,0.0142339,0.0749166,0.020931,0.0197576
0.0119363,0.00850644,0.00772064,0.0228345,0.00589301,0.00428715
0.00887813,0.0059184,0.00333261,0.0143579,0.00453451,0.00335517
0.0393992,0.024498,0.0190171,0.0723556,0.0178072,0.0215449
0.0214228,0.014641,0.0218728,0.0952461,0.0236954,0.0225865
0.00566939,0.00401021,0.00263398,0.00609903,0.00346304,0.0075583
0.0400602,0.0196498,0.021034,0.0913385,0.0260043,0.0467521
0.0371514,0.0179441,0.0175856,0.0631169,0.0145049,0.0306888
0.0440395,0.0253842,0.0171978,0.0789326,0.0202773,0.0130448
0.0073258,0.00490601,0.00311237,0.0132923,0.00405483,0.00176761
0.0195344,0.0129615,0.012569,0.0474206,0.0138305,0.0227429
0.0191698,0.0128154,0.00499778,0.0264881,0.00632041,0.00586519
0.0112998,0.00775581,0.00443935,0.0230586,0.00594,0.00238191
0.0114271,0.00799479,0.00281795,0.0217052,0.00469906,0.00647672
0.00801421,0.00560187,0.0051879,0.0259864,0.00640495,0.00428717
0.0112571,0.0078385,0.00352212,0.023331,0.00475511,0.00947135
0.0225806,0.0150109,0.00777437,0.0359922,0.00932571,0.0127688
0.0124075,0.00811048,0.0051326,0.0190713,0.00381749,0.00626725
0.0165676,0.0110778,0.00452522,0.0408215,0.00984833,0.00897191
0.0271027,0.017861,0.00977796,0.0459005,0.0123698,0.0172585
0.0471635,0.0260945,0.0170368,0.0782082,0.0208395,0.0314463
0.00980986,0.0067273,0.00275284,0.0111809,0.00546445,0.00334738
0.040392,0.0256228,0.0147558,0.0666551,0.0174091,0.0123535
0.042265,0.0267881,0.0158257,0.0586834,0.011889,0.0200806
0.0495927,0.0297616,0.0159578,0.0744882,0.0190343,0.0119576
0.0202534,0.0135122,0.00778488,0.0458091,0.0106669,0.00610495
0.00526022,0.00356276,0.00314916,0.00744531,0.00355389,0.0020805
0.0158507,0.0113578,0.0211497,0.0621223,0.0189093,0.0252829
0.0439392,0.0277275,0.0156539,0.0710618,0.0171666,0.0262482
0.00978433,0.00664355,0.00305872,0.0190057,0.0028369,0.00372154
0.0108992,0.00712531,0.00247002,0.0195336,0.0043941,0.00203547
0.00771036,0.00513294,0.00148929,0.0206847,0.00497153,0.00406363
0.0369036,0.0230877,0.00999221,0.0570819,0.0150693,0.00874223
0.00788771,0.00526466,0.00367875,0.0167343,0.00429953,0.00914252
0.0239036,0.0156378,0.00778584,0.0295612,0.00824003,0.0123871
0.0232716,0.0162621,0.00931596,0.0360507,0.0101044,0.0133504
0.00865519,0.00609194,0.00645464,0.0187847,0.00409443,0.00396862
0.0166223,0.0113767,0.00421832,0.0365214,0.0107098,0.00822997
0.013332,0.00898281,0.012301,0.0478089,0.0136162,0.0223983
0.0169715,0.0116304,0.00522023,0.013033,0.00450184,0.00504089
0.00509091,0.0032469,0.00225964,0.0152552,0.00407132,0.00377277
0.0128445,0.00838694,0.00632863,0.0257122,0.00601286,0.00469361
0.0154667,0.0102334,0.00681811,0.0381689,0.0116411,0.0157704
0.0176258,0.011563,0.0139001,0.0539357,0.0137002,0.00844177
0.0130163,0.00919497,0.00398512,0.0370959,0.0115266,0.0134713
0.0225405,0.0149504,0.0114382,0.061614,0.0174556,0.0168813
0.0113577,0.00777535,0.0116653,0.0444737,0.0101137,0.0162726
0.00963394,0.0067175,0.00296243,0.0147975,0.00449704,0.00208778
0.012598,0.00850283,0.00472353,0.0131662,0.00251685,0.00418608
0.00587173,0.00447471,0.0034733,0.02379,0.00567051,0.00561948
0.0105946,0.00752633,0.0044461,0.0196372,0.00507629,0.00254569
0.0214174,0.0139751,0.00818865,0.0385389,0.0104166,0.00974595
0.0136878,0.0092704,0.00610093,0.0213429,0.00561735,0.00792743
0.00674902,0.00495108,0.00409382,0.0163555,0.00357211,0.00102842
0.00867907,0.00595845,0.00389373,0.0210553,0.00468581,0.00265295
0.0320803,0.019615,0.00867039,0.0296808,0.00877136,0.0163295
0.0407987,0.0238016,0.0179488,0.0936477,0.0226896,0.0453386
0.0141496,0.00887239,0.00634066,0.0318326,0.00823762,0.0119955
0.0108243,0.00738212,0.00998164,0.0611508,0.0162228,0.0136902
0.0136794,0.00928474,0.00822064,0.0387898,0.0115775,0.0207805
0.0240283,0.0152908,0.00767874,0.0307344,0.00839091,0.00399833
0.0576203,0.0231352,0.0295249,0.190176,0.0450599,0.0519958
0.0325046,0.0158229,0.0330499,0.0818725,0.0205671,0.0417715
0.0187453,0.0123831,0.0136195,0.0754325,0.0191103,0.0115576
0.0228072,0.0148108,0.0111403,0.0327584,0.00779193,0.0102832
0.0218648,0.0144755,0.00782033,0.0304477,0.00784849,0.0123666
0.0170445,0.0115244,0.00568528,0.0439557,0.00979667,0.00667407
0.0150886,0.0100698,0.00386628,0.0395811,0.00896598,0.00608863
0.020284,0.0134906,0.00723402,0.0345515,0.00992891,0.00523373
0.0613809,0.0337749,0.0418977,0.206884,0.0513895,0.0773395
0.0147189,0.00950895,0.00530349,0.0368421,0.00980266,0.0083949
0.0139361,0.00966368,0.00461282,0.0258928,0.00794345,0.00751363
0.0246112,0.016194,0.00831792,0.0492288,0.0133536,0.0376564
0.0366433,0.0166343,0.0135436,0.0476397,0.0146192,0.0291317
0.0436617,0.0210925,0.0159884,0.0589912,0.0151185,0.043519
0.0285873,0.0190268,0.0093722,0.0444848,0.0108929,0.00787971
0.0157298,0.0108457,0.00646027,0.0307893,0.00736653,0.010558
0.0288589,0.0190259,0.0133126,0.0678552,0.0170202,0.0196771
0.00443274,0.0030641,0.00164405,0.0145985,0.00491429,0.00975816
0.0140881,0.00927646,0.00492183,0.0205051,0.00661638,0.00659115
0.00832226,0.00578375,0.00257285,0.0127494,0.00517806,0.0086629
0.0208032,0.0139498,0.00691523,0.0287367,0.0087276,0.00846584
0.0342449,0.0217554,0.0354416,0.0931036,0.0235375,0.0338883
0.00808403,0.00573606,0.00216176,0.0138847,0.00410206,0.00477926
0.0238046,0.015531,0.00724242,0.050116,0.0119975,0.0152032
0.0113506,0.00825803,0.00428784,0.0131526,0.00481005,0.00309952
0.0438881,0.0289781,0.014042,0.0529816,0.0139278,0.0224036
0.0134419,0.00933098,0.00483509,0.0180545,0.00486137,0.00538987
0.00909461,0.00619637,0.00291918,0.0213164,0.00451173,0.00315113
0.00872597,0.00609194,0.00882928,0.0481497,0.0140372,0.018151
0.0229711,0.0151142,0.0119915,0.0526656,0.0160549,0.0291757
0.00967961,0.0062247,0.00422858,0.0184517,0.00518016,0.00196301
0.00468832,0.00301873,0.00264333,0.0143921,0.00381334,0.0103634
0.0101169,0.0068942,0.00484234,0.0242148,0.00834148,0.00379347
0.010064,0.00675111,0.00368871,0.0240464,0.00562949,0.0103775
0.00672869,0.00448808,0.00297941,0.0045334,0.000530834,0.00821543
0.0507955,0.0302739,0.031989,0.154144,0.0368188,0.0368989
0.0120034,0.00852945,0.00436575,0.0244716,0.00551296,0.0133764
0.0102579,0.00669191,0.00860175,0.0267061,0.00758926,0.00682284
0.00719943,0.00498215,0.00426885,0.0191011,0.00419025,0.00121999
0.00545839,0.00386452,0.00497949,0.0213181,0.00448197,0.00465371
0.00592025,0.00421969,0.0028681,0.00757063,0.0019761,0.00360724
0.00639425,0.00456365,0.00110682,0.0116707,0.00332907,0.00495782
0.010233,0.00736918,0.00164539,0.0144527,0.00353038,0.00218009
0.0243665,0.0154675,0.00646683,0.030645,0.0102123,0.00868821
0.047197,0.0295449,0.0189479,0.081774,0.022251,0.0271157
0.0069716,0.00513394,0.00549506,0.0102369,0.00399424,0.00354614
0.0226762,0.0152918,0.0131924,0.0544963,0.0136691,0.0179594
0.00716576,0.00439296,0.00334629,0.0167597,0.00355579,0.00335863
0.0389765,0.0194337,0.0316625,0.124135,0.0311039,0.0246063
0.0348127,0.0221095,0.010682,0.0439843,0.0123259,0.0113783
0.0195245,0.0133901,0.00581426,0.0275955,0.00844922,0.0024778
0.0129594,0.00886484,0.0036773,0.0185292,0.00524487,0.00560841
0.030257,0.0190135,0.0226123,0.125497,0.0352903,0.0866989
0.0100289,0.00688181,0.00302947,0.0129359,0.00423163,0.00174153
0.0239983,0.0165011,0.00849169,0.047225,0.0137771,0.00728282
0.0195775,0.0130439,0.00685957,0.0378931,0.0105803,0.0202373
0.0359073,0.0229276,0.0148267,0.0749515,0.02216,0.0370349
0.0195513,0.0128118,0.0134817,0.0857268,0.0207351,0.0196071
0.0301391,0.0186684,0.0204901,0.088902,0.0235959,0.0357898
0.0255509,0.0138658,0.00867981,0.0179629,0.00615507,0.0148881
0.0333696,0.0210903,0.0170128,0.0727385,0.0188743,0.0197051
0.0335518,0.0211857,0.0247681,0.0968148,0.0235106,0.0653341
0.0084438,0.00555055,0.00191581,0.0134853,0.00356512,0.00423498
0.0116084,0.00788051,0.004147,0.0230896,0.00472707,0.006145
0.0124041,0.00847005,0.00917083,0.0454307,0.0128098,0.0297312
0.0320943,0.0195587,0.0288055,0.138439,0.0359627,0.0813249
0.0171559,0.0117818,0.00892682,0.04343,0.0116335,0.00993194
0.0126463,0.00838574,0.00500657,0.0166312,0.0050793,0.00355254
0.0179022,0.0120538,0.00512264,0.0314954,0.0077262,0.0101447
0.0141796,0.00976451,0.0111687,0.0463913,0.0101824,0.00183917
0.00504284,0.00381541,0.0015114,0.0139761,0.00279244,0.00651011
0.00817821,0.00554622,0.00352031,0.0175261,0.00402805,0.00592217
0.0101653,0.00677099,0.00351268,0.0129016,0.00125621,0.0063837
0.0233323,0.0151909,0.00638666,0.0449554,0.0112988,0.0117179
0.0178705,0.0120564,0.0046227,0.0250936,0.00757944,0.003041
0.010512,0.00684447,0.00495168,0.0345671,0.00811722,0.00826904
0.0124532,0.00841725,0.00420417,0.017536,0.00537593,0.0132974
0.00442669,0.00290491,0.00170746,0.0126364,0.00463399,0.00148036
0.0256566,0.016845,0.00733968,0.0259096,0.00675779,0.0121817
0.0141201,0.00949945,0.00601377,0.0366219,0.00958646,0.00557209
0.00555497,0.00371277,0.00144791,0.0141669,0.00256864,0.000341336
0.00681472,0.00487748,0.00456725,0.016754,0.00543979,0.00189941
0.020092,0.0131657,0.0143621,0.0951251,0.0214469,0.0480922
0.0134449,0.00849789,0.00487863,0.0193841,0.00477853,0.0057554
0.0570841,0.0319365,0.0332473,0.134793,0.036707,0.0246523
0.022452,0.0130526,0.00997323,0.062055,0.0178812,0.0104674
0.017449,0.00895304,0.00945349,0.0281831,0.00590931,0.00751396
0.0101224,0.0067486,0.0105845,0.0615371,0.0181008,0.0411152
0.0102805,0.0069483,0.00479825,0.0172963,0.00313376,0.00561779
0.0139092,0.00969283,0.00759886,0.0278554,0.00758659,0.00828135
0.0166799,0.0114881,0.00696028,0.0300915,0.00889353,0.014727
0.018116,0.0127589,0.0136206,0.0520406,0.0150445,0.0379448
0.0349384,0.0223546,0.0275304,0.143847,0.0349735,0.0336012
0.0138438,0.00964723,0.00567145,0.0201115,0.00588425,0.00691164
0.0126094,0.00853982,0.00533492,0.0187967,0.00613089,0.0031873
0.011831,0.00763925,0.00535486,0.0232202,0.00506581,0.00180637
0.0213903,0.0137673,0.007965,0.0262748,0.00725661,0.0136304
0.0110962,0.00717564,0.00741773,0.0412817,0.0120412,0.0134439
0.00486537,0.00363013,0.00662047,0.0117265,0.00421447,0.00267789
0.0150859,0.0101674,0.00254135,0.0186974,0.00498069,0.00744495
0.0167089,0.0114423,0.00536407,0.0290079,0.00715147,0.00535275
0.0228356,0.0156792,0.00552512,0.0234164,0.00570933,0.0237253
0.00915604,0.00595955,0.0133531,0.0811635,0.0188676,0.0122728
0.0143963,0.010177,0.00931065,0.0767161,0.0234024,0.0326747
0.00561542,0.00356457,0.00235363,0.0157017,0.00378544,0.00144419
0.0274421,0.0180068,0.00892274,0.0337271,0.010984,0.0121714
0.0140907,0.00955698,0.00565478,0.0248125,0.00585985,0.00488935
0.0178992,0.0119988,0.00589805,0.0162633,0.00426827,0.00951665
0.00792511,0.00514163,0.00322454,0.0129463,0.00379321,0.00381891
0.0154641,0.0107432,0.00383024,0.0250188,0.00581905,0.00383936
0.0255647,0.0170969,0.00647772,0.0951827,0.0243459,0.00676291
0.0139927,0.00929917,0.00423375,0.019652,0.00666792,0.0121185
0.0306716,0.0166313,0.0569066,0.236526,0.0643882,0.132183
0.0423509,0.0257764,0.0111811,0.0535091,0.0133298,0.0135617
0.0192342,0.0129922,0.00518323,0.0458306,0.0124604,0.00462639
0.0552019,0.0318944,0.032479,0.065682,0.0171428,0.0181034
0.0128463,0.00883833,0.00534083,0.0338545,0.00980658,0.0085333
0.0266072,0.0173821,0.00687294,0.031474,0.00829062,0.0210704
0.00580341,0.00394174,0.00343545,-0.00247986,0.000685808,0.00256601
0.00468506,0.00317936,0.00276943,0.0450015,0.0128032,0.0251696
0.0146126,0.00966069,0.00765683,0.0192633,0.0063062,0.00440049
0.0114911,0.00764404,0.00337968,0.0253742,0.00641881,0.00987294
0.0306594,0.0197982,0.0207387,0.0841205,0.0196327,0.0281924
0.0132741,0.00871371,0.00385065,0.00587084,0.0018156,0.00665212
0.0451899,0.0249498,0.0235717,0.0807253,0.0244037,0.0277413
0.0358792,0.0152815,0.0141185,0.0526383,0.0132879,0.0127598
0.00427043,0.0033003,0.00200625,0.00734932,0.00299694,0.00405499
0.0288704,0.0191166,0.00793049,0.0330415,0.00992349,0.0217481
0.0166185,0.011272,0.00500645,0.0267251,0.00536321,0.00569003
0.0271764,0.0176041,0.0115061,0.0461848,0.0108276,0.0190331
0.0105695,0.00706891,0.00509883,0.0278156,0.00616303,0.00439497
0.0113387,0.00788071,0.00345812,0.0233867,0.00568982,0.0024427
0.0141387,0.00991762,0.00437307,0.028322,0.007424,0.00629072
0.00562526,0.00396751,0.00458679,0.0215697,0.00458685,0.00317421
0.0339557,0.0231284,0.0166557,0.0634466,0.0168936,0.00687099
0.00685192,0.00492182,0.00226107,0.0211899,0.00500921,0.00426655
0.0155196,0.0104451,0.0054142,0.0227853,0.00667331,0.00511697
0.0119475,0.00844827,0.00428117,0.019692,0.00512387,0.0112688
0.0167273,0.0115281,0.00612103,0.0233277,0.00623087,0.00806813
0.0112372,0.00747355,0.00289427,0.0163664,0.00393361,0.00596353
0.0155312,0.0071766,0.00708204,0.0342012,0.00889157,0.00886702
0.0156271,0.00777253,0.00722124,0.0272144,0.00674631,0.00529373
0.0143139,0.0094853,0.00850848,0.0365729,0.00989069,0.0163317
0.0254211,0.0168676,0.030352,0.0948168,0.0255743,0.0395621
0.0235368,0.015303,0.00781556,0.02791,0.00746848,0.0106314
0.00678264,0.00482537,0.00280481,0.0140582,0.00464334,0.00298928
0.0245323,0.0149849,0.0466375,0.143358,0.0384321,0.0912706
0.0127604,0.00847633,0.00449916,0.0229731,0.0063584,0.00374845
0.00460421,0.00325795,0.00174833,0.0145794,0.00434321,0.00656242
0.0088008,0.00641342,0.00292997,0.0162061,0.0036012,0.00434471
0.0107114,0.00707885,0.00388119,0.0258802,0.0062731,0.00398121
0.014477,0.00958068,0.00311773,0.0346312,0.00636941,0.00595565
0.00940443,0.00683745,0.00368201,0.0175773,0.00518646,0.0122261
0.022925,0.0151966,0.00766419,0.0382815,0.0105515,0.00819956
0.0170798,0.0119444,0.00558293,0.0260525,0.0053637,0.00410225
0.0250506,0.0168523,0.01469,0.0361555,0.00862206,0.0124953
0.0208213,0.0133551,0.01675,0.0587567,0.0148009,0.0136917
0.0188122,0.0124846,0.00603835,0.0267895,0.00722189,0.011815
0.0344431,0.0224348,0.0133924,0.0462846,0.0121406,0.014751
0.0120233,0.0079382,0.00517567,0.0199899,0.0039932,0.00313377
0.00915197,0.00632764,0.00424692,0.0179365,0.0040718,0.00880373
0.0108651,0.00738982,0.00464826,0.0221185,0.00596597,0.0080531
0.0109278,0.0074892,0.00430397,0.0236233,0.00583783,0.00294098
0.0125705,0.00861801,0.00370581,0.021683,0.00380766,0.00312369
0.00450562,0.00321054,0.00248903,0.0153453,0.0028153,0.00738473
0.00729935,0.00522888,0.00242654,0.0102958,0.00373556,0.00193776
0.013246,0.00955492,0.00410301,0.0248361,0.00648002,0.00627942
0.00572244,0.00432609,0.00263026,0.0190631,0.00603781,0.00429566
0.0120035,0.00820756,0.00399878,0.0299791,0.00768925,0.00776192
0.0116746,0.00824035,0.00391456,0.019144,0.0057143,0.00370942
0.0118753,0.00799005,0.00455793,0.0143216,0.00287045,0.00126704
0.00868924,0.00600782,0.00414155,0.027657,0.00754355,0.00929237
0.0191862,0.0131719,0.00875185,0.0272858,0.00805701,0.017325
0.00703227,0.00462011,0.00649467,0.0271654,0.00722454,0.00752419
0.00572086,0.00361556,0.00179926,0.0266568,0.00959985,0.0138716
0.0686564,0.0351654,0.0474275,0.188748,0.0444548,0.0703981
0.0464561,0.0237031,0.0148713,0.0936506,0.0223317,0.0504342
0.0118254,0.0069817,0.00471663,0.0250508,0.00790906,0.00713905
0.0197057,0.0125671,0.013147,0.0834227,0.022531,0.0571513
0.022762,0.0154443,0.00757748,0.0406429,0.00996256,0.0152759
0.0441876,0.0233292,0.0216448,0.0938512,0.0234053,0.0174526
0.0367966,0.0214728,0.0183461,0.0732388,0.0149509,0.0130925
0.0285445,0.0188039,0.00926984,0.0467449,0.0108569,0.00545057
0.00486751,0.00319253,0.00211919,0.0133538,0.00294033,0.00171222
0.0128018,0.00876212,0.00445212,0.0244066,0.00550923,0.00246891
0.0115313,0.00826642,0.00518945,0.0234602,0.00629698,0.00332306
0.0150167,0.00981228,0.00491044,0.0315952,0.00698161,0.0053973
0.0180584,0.0118951,0.00780529,0.0330576,0.00893456,0.0186567
0.0183912,0.0124692,0.00573411,0.0182151,0.00577755,0.0108426
0.0329737,0.0196121,0.0259547,0.0997973,0.0240663,0.0408984
0.0198405,0.0130076,0.00665701,0.0311844,0.0084687,0.00958966
0.00560249,0.00423654,0.00281794,0.0156549,0.00306509,0.00132122
0.0469405,0.0260443,0.0434543,0.242106,0.0603169,0.0607887
0.00686644,0.00463409,0.00382628,0.0106887,0.0035624,0.0074581
0.00838118,0.00589501,0.00475024,0.0150593,0.00538249,0.00450225
0.00784341,0.00570702,0.00382875,0.0143237,0.00316357,0.00172448
0.0142932,0.00955715,0.00508385,0.0259886,0.00553393,0.00921479
0.0267241,0.0178155,0.00833864,0.0558799,0.0146325,0.0229092
0.0158954,0.0105478,0.0128771,0.0368834,0.00976092,0.0203362
0.0221273,0.0148859,0.00854194,0.0387977,0.0091143,0.0185188
0.020339,0.0132097,0.00529848,0.0391682,0.0098496,0.00532722
0.0141084,0.0097548,0.00396162,0.047521,0.0101999,0.0093004
0.0149679,0.00973585,0.00649482,0.0517057,0.0123968,0.0131137
0.0105547,0.00711801,0.00653843,0.0246809,0.00819889,0.0131637
0.0508251,0.031973,0.0189206,0.0529621,0.0134445,0.0156496
0.0123386,0.00828341,0.00866045,0.0488948,0.0134421,0.00862762
0.00613893,0.00452207,0.00144238,0.0151274,0.00252643,0.00197036
0.0709718,0.0445294,0.0493705,0.16409,0.0431962,0.0678224
0.0136627,0.00938809,0.00963453,0.0585618,0.0145653,0.0176115
0.0208304,0.0138498,0.00612822,0.043145,0.0111793,0.0106319
0.00816606,0.00541654,0.00224687,0.015308,0.00332056,0.0019248
0.0101478,0.00724689,0.00443198,0.0215652,0.00412808,0.00404148
0.0235702,0.0155952,0.00854462,0.0303978,0.00907783,0.00860549
0.0111084,0.00760987,0.00356601,0.0193817,0.00290231,0.0076248
0.0124834,0.00860456,0.00480029,0.0234794,0.00506476,0.0107788
0.0241005,0.0154073,0.0122273,0.0629306,0.0181794,0.023243
0.0113685,0.00781904,0.0041323,0.0325092,0.00826332,0.0217852
0.0224085,0.0147315,0.0182937,0.0833344,0.0233377,0.0677299
0.0228896,0.0150679,0.0309796,0.0724495,0.0182626,0.0369117
0.0111606,0.00776982,0.00422282,0.0225373,0.0050978,0.00443637
0.0363194,0.0231422,0.0121974,0.0616598,0.0144806,0.0260267
0.01133,0.00743691,0.00384117,0.0213669,0.0051676,0.00231417
0.00638607,0.00450685,0.00289093,0.0178601,0.00494169,0.0039362
0.00644336,0.00418369,0.00379698,0.0125459,0.00281115,0.00154131
0.0045932,0.00336954,0.0027346,0.013556,0.00277048,0.00170282
0.00950644,0.0064719,0.00369478,0.0196689,0.00759003,0.00336812
0.00718262,0.00460013,0.00479265,0.0259834,0.00725538,0.00935249
0.00700157,0.00485871,0.00314643,0.0153995,0.00291356,0.0032688
0.00917157,0.00624407,0.00306249,0.0138241,0.00349921,0.00302937
0.0135794,0.00929887,0.0047571,0.0216141,0.00626225,0.00589742
0.00440611,0.00314018,0.00200516,0.0130982,0.00336188,0.00219345
0.0121542,0.00822489,0.00513435,0.00238291,0.00106297,0.0060227
0.0466762,0.0294533,0.0561956,0.220509,0.0542888,0.0552635
0.0115719,0.00800597,0.0032355,0.0240797,0.00690424,0.00722726
0.0288062,0.0192624,0.0149057,0.0539354,0.0128287,0.0155386
0.0287283,0.0165425,0.00851155,0.0634329,0.0139698,0.0203958
0.0109803,0.0076135,0.00279907,0.0134052,0.00473733,0.00250797
0.0118322,0.00802863,0.00318221,0.0239408,0.00873801,0.0105687
0.0626893,0.036953,0.0447332,0.184027,0.0488962,0.0760546
0.0473966,0.0305422,0.0382208,0.141316,0.0334868,0.03258
0.0108301,0.0073711,0.00337695,0.0159038,0.00310036,0.00744523
0.012775,0.00855469,0.00348804,0.0244868,0.00829611,0.00598917
0.0183526,0.0115947,0.0304425,0.133347,0.0366272,0.0543394
0.0248359,0.0169729,0.00793916,0.0326846,0.00898096,0.00754261
0.0186818,0.0119689,0.00688625,0.0368346,0.00989208,0.00879629
0.0133033,0.00891727,0.00528077,0.025129,0.00702839,0.00520277
0.0292796,0.019543,0.0101629,0.0310271,0.00767275,0.00747768
0.0255868,0.0172542,0.00918293,0.0238354,0.00686788,0.0114023
0.0357576,0.0240392,0.014628,0.0562454,0.013468,0.014012
0.0406738,0.0257242,0.0197004,0.0702435,0.0156578,0.015812
0.0406289,0.0251719,0.0358686,0.170479,0.0425135,0.071871
0.0107394,0.00737787,0.00266925,0.018715,0.00396737,0.00774913
0.018981,0.0127475,0.00726287,0.0346029,0.00872988,0.0105695
0.00916276,0.00619015,0.00316393,0.0122937,0.00422779,0.00421939
0.0156217,0.0107791,0.00469928,0.0189384,0.00514163,0.00498337
0.0111788,0.00759869,0.00393751,0.0131844,0.00295859,0.00439835
0.0156567,0.00677294,0.00540015,0.0416573,0.0097152,0.0115586
0.0162975,0.00681624,0.00573636,0.0391373,0.00882804,0.0119787
0.0104551,0.00686447,0.00370057,0.00159191,0.000906077,0.00295867
0.00762618,0.00554011,0.00218901,0.0150671,0.00529588,0.00846873
0.0111297,0.00775097,0.00507097,0.0198139,0.00509188,0.00259542
0.0134437,0.00911389,0.0126682,0.0583357,0.0142216,0.0486379
0.00968317,0.00635411,0.00421533,0.0240844,0.00656004,0.00719088
0.031239,0.0200194,0.0126821,0.0652333,0.0189706,0.0376438
0.0139916,0.00918593,0.00668815,0.0359685,0.0100285,0.00445385
0.0145376,0.0099893,0.00530208,0.0257293,0.00669528,0.00331767
0.0151757,0.00993937,0.00464918,0.0302415,0.0068177,0.0150145
0.00819655,0.00556564,0.00237415,0.0383423,0.00874222,0.00389091
0.0369197,0.0222594,0.0191667,0.108303,0.026818,0.0474374
0.00630884,0.00436161,0.00291752,0.0218152,0.00576119,0.00184034
0.0122461,0.00875984,0.00531527,0.00374804,-0.000202557,0.00381546
0.0218718,0.0146154,0.00701743,0.0314024,0.00916856,0.00626541
0.0345306,0.0230378,0.0131917,0.0580795,0.0143883,0.010236
0.0100104,0.00664919,0.00298722,0.014912,0.0046177,0.00284569
0.0191013,0.0134046,0.00615279,0.0228045,0.00540165,0.00528867
0.0184525,0.0124327,0.00429746,0.0361575,0.0130234,0.0106457
0.0123416,0.00835847,0.00694055,0.0489998,0.0131936,0.00855797
0.0313015,0.0209724,0.00934987,0.0291649,0.00852629,0.00615937
0.010769,0.00745235,0.00696276,0.0263394,0.00670205,0.00640102
0.00510808,0.00361456,0.00205604,0.00977576,0.00369391,0.00205745
0.00656078,0.00465624,0.00360997,0.0150219,0.0031698,0.00479289
0.0163367,0.0107327,0.00548663,0.0372217,0.0100941,0.00282078
0.013276,0.00916817,0.00488184,0.0193874,0.0055184,0.00888757
0.00470572,0.00328693,0.00256911,0.0104697,0.0024872,0.00139484
0.0272062,0.0161133,0.00788209,0.0461115,0.0115618,0.0103189
0.0194573,0.00941085,0.00648876,0.0478925,0.0117776,0.00766858
0.0200016,0.0128852,0.00626995,0.0338489,0.00989143,0.00725868
0.0092729,0.00538128,0.00369629,0.0203657,0.00470549,0.00282404
0.0247763,0.0163837,0.00646678,0.0373185,0.0090988,0.0099752
0.00753433,0.00514307,0.00251327,0.0274932,0.00521296,0.00263338
0.0334478,0.0201615,0.0109911,0.0587835,0.0172841,0.0174699
0.0057738,0.00387001,0.0029687,0.0154775,0.00604652,0.00194171
0.0120624,0.00811853,0.00338206,0.0158642,0.00222421,0.00277749
0.0683423,0.0378995,0.0363948,0.172105,0.043568,0.083051
0.032207,0.020805,0.0127723,0.051543,0.0145398,0.020348
0.0125343,0.00757546,0.0220212,0.0875423,0.023647,0.0364133
0.00657314,0.00445716,0.0025946,0.0188233,0.00607561,0.00845198
0.0122557,0.00881589,0.00468327,0.0150846,0.00395105,0.00330355
0.0120161,0.00790161,0.00291592,0.0228212,0.00683491,0.00956097
0.00435794,0.00328595,0.0021669,0.0218928,0.00369954,0.00187468
0.00822073,0.00563518,0.00228695,0.0133678,0.0047921,0.00929161
0.0196361,0.0132052,0.00490794,0.0326917,0.00828892,0.0123699
0.00546303,0.00398655,0.00404813,0.013562,0.00594368,0.00502193
0.00543451,0.00405224,0.00184952,0.0162472,0.00378866,0.00600527
0.0112848,0.00784635,0.00464471,0.0349568,0.00992641,0.00371096
0.00577125,0.004081,0.00223037,0.0173338,0.00365468,0.00492746
0.0725445,0.0303309,0.0374615,0.217389,0.0565956,0.0820843
0.0229784,0.0155948,0.00909098,0.0313533,0.00853069,0.00956064
0.0114648,0.00829758,0.00330917,0.0247445,0.00543137,0.00532266
0.0173997,0.00900719,0.00721454,0.0413365,0.0129573,0.0324046
0.0255863,0.0150606,0.0122768,0.0570034,0.0141804,0.0163531
0.0225799,0.0151502,0.00663808,0.032834,0.00843998,0.00520606
0.0217632,0.0141861,0.00750577,0.0399347,0.0101788,0.0178687
0.0180445,0.0123218,0.00490363,0.0220535,0.00435117,0.003626
0.0193272,0.013305,0.00593892,0.0184123,0.00482903,0.00845666
0.0354914,0.0223697,0.0105635,0.046203,0.0118464,0.0153634
0.024919,0.016508,0.0135156,0.0324784,0.0069634,0.019658
0.00543445,0.0038576,0.0028174,0.0160077,0.00297922,0.0101008
0.0332882,0.0194941,0.0131976,0.0538874,0.0187933,0.0204022
0.0110556,0.00717301,0.00232513,0.017065,0.00227065,0.00442211
0.0192665,0.0129841,0.00590842,0.0518032,0.0107209,0.00900279
0.0124355,0.0081045,0.00609652,0.0299484,0.00708227,0.00469741
0.0115806,0.00777929,0.00280516,0.0232153,0.00908344,0.00848924
0.0618176,0.0377604,0.0253996,0.158272,0.0416373,0.020818
0.0188589,0.0120814,0.00863609,0.0684724,0.0146152,0.00353575
0.0216252,0.0142193,0.0082041,0.0301242,0.00789978,0.00556925
0.015146,0.00975916,0.00733642,0.0562481,0.0149277,0.00847428
0.004412,0.00293138,0.00110551,0.0137193,0.00377239,0.00338
0.0374627,0.0230289,0.0137367,0.0834766,0.0213633,0.0222834
0.020283,0.0108722,0.00754155,0.044234,0.00685726,0.00885005
0.0105913,0.00765285,0.00517104,0.0200842,0.00572408,0.00660389
0.00716279,0.00482666,0.00280474,0.0175204,0.00493137,0.00130827
0.0125582,0.00849427,0.0031413,0.0296764,0.00639061,0.00835443
0.0370811,0.0240627,0.0108324,0.0476713,0.011419,0.0129636
0.0122221,0.00869276,0.00342347,0.0170398,0.00406991,0.00389826
0.0145472,0.010085,0.00394208,0.0309825,0.0105968,0.0265531
0.0191,0.012319,0.0277081,0.0943354,0.024958,0.0349287
0.0494802,0.0301023,0.0371339,0.153194,0.0378313,0.0819987
0.00804009,0.00568377,0.00284385,0.012419,0.00537852,0.00239419
0.00615993,0.00429293,0.00165759,0.0109609,0.00350331,0.00229301
0.00663311,0.00470284,0.0029652,0.0246559,0.00526638,0.0117323
0.0213107,0.0138817,0.00556896,0.0257936,0.00646655,0.0213875
0.0336521,0.0203472,0.0124314,0.0638864,0.0163997,0.0208973
0.019505,0.0128103,0.00413792,0.0304029,0.00813563,0.0105263
0.0208219,0.0137694,0.0107673,0.0591294,0.0141543,0.0162612
0.0437368,0.0243598,0.0385756,0.160172,0.0411797,0.0528053
0.0119521,0.00816548,0.0058154,0.0295899,0.00840966,0.0166697
0.0073385,0.00541152,0.0107631,0.0196095,0.0039346,0.00525896
0.0110998,0.00742756,0.00328627,0.0292238,0.00766791,0.00494911
0.0317758,0.0146169,0.0188495,0.0824818,0.0180227,0.019368
0.0143028,0.00988039,0.00460157,0.0242709,0.00634156,0.00356524
0.0141846,0.00943595,0.00539057,0.0164217,0.00582771,0.00343923
0.00554319,0.0036509,0.00264301,0.0121757,0.00275408,0.0040825
0.00631209,0.00449631,0.00253246,0.0159512,0.00515772,0.00190829
0.00407749,0.00308942,0.00107666,0.0196019,0.00542687,0.00492641
0.0219961,0.0148661,0.0117483,0.0582228,0.0137971,0.00882222
0.012032,0.00867594,0.00374925,0.00150242,0.000538287,0.00620155
0.0089994,0.00651913,0.0043047,0.0196823,0.00420686,0.00369605
0.0445666,0.0275159,0.0193905,0.0542441,0.0128413,0.0211438
0.0163667,0.0111883,0.00634451,0.0344137,0.00784174,0.00779229
0.0326051,0.0213562,0.0184715,0.0157848,0.00437804,0.0348651
0.00977419,0.00540198,0.00562549,0.0327787,0.0121707,0.012427
0.0407698,0.0238183,0.0212722,0.0946867,0.0256479,0.0230201
0.0741722,0.0342847,0.0626824,0.25535,0.0705582,0.146691
0.0512514,0.0217737,0.0176807,0.0845536,0.01897,0.0280322
0.00936738,0.00622667,0.00338097,0.0112061,0.00288221,0.00546088
0.0623032,0.0246784,0.0359805,0.152842,0.0412893,0.0963367
0.0632836,0.0246734,0.0369363,0.15413,0.0399871,0.0978952
0.0265066,0.0178016,0.00844709,0.0218519,0.00480673,0.00689941
0.0133085,0.00898221,0.0046118,0.0206389,0.00500274,0.0134111
0.00801768,0.00527003,0.00272674,0.0177234,0.00535596,0.00133284
0.00925832,0.0065454,0.00351904,0.0114713,0.00415531,0.00337056
0.0317251,0.0194998,0.0104934,0.0719874,0.0142877,0.00835376
0.0134007,0.00883989,0.00907719,0.0272033,0.00862883,0.00675894
0.0109254,0.007582,0.00319063,0.0189771,0.00326041,0.00599865
0.0205007,0.013812,0.00736773,0.0239472,0.00593293,0.00962915
0.00696493,0.00508086,0.00295167,0.0182343,0.00360232,0.00335467
0.0247905,0.0128766,0.00987334,0.0580821,0.0148306,0.0139241
0.0270298,0.0128596,0.00975467,0.0539356,0.0112062,0.0139386
0.0712878,0.0397693,0.03372,0.159423,0.0391499,0.019929
0.00701233,0.00527813,0.0035152,0.0173331,0.00547874,0.00110331
0.020331,0.00832322,0.0132832,0.0623038,0.0187821,0.0242668
0.030105,0.0179775,0.0218978,0.0843139,0.021385,0.0382938
0.0243719,0.0162811,0.00782478,0.0745268,0.0191049,0.0251949
0.0187587,0.0126549,0.00656573,0.0336686,0.00797874,0.0144719
0.00976424,0.00658478,0.00263686,0.0218124,0.00642469,0.00782229
0.0163765,0.011414,0.00444071,0.0302544,0.00669681,0.00919387
0.0265321,0.017912,0.0103825,0.0379581,0.00931876,0.0158083
0.0426562,0.023109,0.0476301,0.27088,0.0749931,0.0904801
0.0177329,0.0113195,0.00690937,0.0421223,0.00987698,0.00784252
0.00557325,0.00390168,0.00157566,0.0190989,0.00529618,0.00394022
0.0237865,0.0156245,0.00945216,0.050906,0.0141136,0.0199921
0.00918395,0.00656975,0.00390348,0.0178647,0.00427786,0.00749104
0.0229334,0.0143485,0.00877411,0.0377809,0.00932738,0.0189257
0.0199573,0.0131335,0.00794157,0.0324027,0.00785247,0.0128725
0.0102906,0.00692618,0.0040587,0.0195465,0.00580254,0.00305855
0.0120157,0.00828941,0.00454348,0.0226034,0.00561501,0.00162998
0.0125807,0.00853262,0.0041615,0.0243364,0.00643488,0.00383644
0.00989045,0.00696129,0.00321102,0.0217958,0.00586014,0.00939982
0.00734642,0.00479861,0.00252036,0.015886,0.00404898,0.00496981
0.0153397,0.0104548,0.00321147,0.0420634,0.0114076,0.00785073
0.00737601,0.0052724,0.0020242,0.0112616,0.00400082,0.000797281
0.00751395,0.00546029,0.00286074,0.0165866,0.00430634,0.00499759
0.00644594,0.00433385,0.00189794,0.0135174,0.00326448,0.00900262
0.0261744,0.0170811,0.0153767,0.0569384,0.0137928,0.0124963
0.0052385,0.00389057,0.00211067,0.00605772,0.0046102,0.00278879
0.0108001,0.00735042,0.00268134,0.0320881,0.00883572,0.00988825
0.0157519,0.0103695,0.00394952,0.0301485,0.00725094,0.0205389
0.0171664,0.0118148,0.00797683,0.0534772,0.0159794,0.0144849
0.0192633,0.0125268,0.00441244,0.0381153,0.00936684,0.00363525
0.00750209,0.00546051,0.00440306,0.0179467,0.00295236,0.00560545
0.0359086,0.0214928,0.0371786,0.122248,0.0297265,0.0146129
0.013575,0.00992677,0.00354485,0.0211433,0.00372007,0.00725325
0.0136921,0.00913652,0.00939324,0.0811924,0.0217402,0.0212053
0.0306975,0.0197999,0.0121513,0.0477139,0.0123007,0.0245578
0.0218735,0.0145262,0.00831759,0.0404102,0.00912287,0.0193275
0.0211517,0.0142659,0.00859263,0.0453834,0.0118751,0.0162581
0.0165987,0.0107445,0.00461639,0.0262914,0.00544959,0.00492186
0.0278095,0.0171604,0.0217689,0.0805767,0.0211099,0.0269401
0.00727316,0.00520462,0.00244262,0.0244347,0.0055502,0.00258151
0.0104686,0.00696655,0.0026812,0.0202221,0.00393732,0.0024216
0.00604328,0.0042044,0.00294656,0.0191675,0.00510695,0.00375079
0.00852568,0.00562307,0.00420991,0.0163099,0.00395131,0.00478683
0.0119779,0.00826671,0.00418901,0.0229106,0.00654436,0.00272036
0.00883531,0.00599289,0.00317188,0.0137712,0.00425983,0.0117886
0.0183414,0.0126033,0.00888159,0.0406541,0.0108027,0.0161182
0.00611287,0.00424669,0.00384039,0.0145185,0.00365408,0.00164237
0.0101413,0.00465699,0.00440535,0.0127073,0.00331193,0.00479695
0.00641017,0.00453651,0.0030372,0.0141007,0.0027819,0.00172836
0.0116877,0.00776825,0.00488662,0.0243223,0.00575602,0.00553335
0.0106647,0.00707972,0.00172689,0.0209132,0.00594001,0.00577154
0.023839,0.0159172,0.0198487,0.0994796,0.0242694,0.0124012
0.0390265,0.0240767,0.0171993,0.0807725,0.0223112,0.021313
0.00617816,0.00431334,0.00268869,0.00513034,0.000855119,0.00574805
0.0140119,0.00939083,0.00516962,0.0217427,0.0067882,0.0060602
0.00908776,0.00609878,0.00349475,0.0206124,0.00451873,0.00379926
0.0292952,0.0184785,0.0104491,0.0450478,0.0115045,0.0168441
0.0261134,0.0173601,0.01101,0.0573926,0.01655,0.0134775
0.0147935,0.0100907,0.00487744,0.0235531,0.00706536,0.00613659
0.00670618,0.00472238,0.00266489,0.0160786,0.0037165,0.00779037
0.0139749,0.0101231,0.00604201,0.0320696,0.00711625,0.0103215
0.0174042,0.0121155,0.00494179,0.0164721,0.00434949,0.00702476
0.0208169,0.00872481,0.0130003,0.0579555,0.015254,0.0103614
0.0222012,0.0092632,0.0141638,0.0510042,0.0130045,0.0097339
0.0147974,0.010309,0.0127415,0.0226229,0.00489306,0.0079797
0.0310925,0.0198008,0.0111509,0.0397731,0.011428,0.00918992
0.0171167,0.0115733,0.00646627,0.0258098,0.0110575,0.00537146
0.00820742,0.00550391,0.00265629,0.0178556,0.0045331,0.00331131
0.0326765,0.0204429,0.0143927,0.0828947,0.0227126,0.0263283
0.0281208,0.0183621,0.00870042,0.0568334,0.0131753,0.0215294
0.00994368,0.00668858,0.00857299,0.056511,0.0153023,0.0237988
0.0151187,0.0102278,0.0059394,0.0191903,0.00495067,0.00497391
0.0111011,0.00796427,0.00831016,0.0340819,0.00917629,0.012173
0.0166596,0.0112507,0.0066352,0.0351577,0.0095395,0.00754328
0.0192846,0.0135849,0.00582053,0.0314748,0.00921265,0.00480772
0.00596408,0.00446155,0.00261992,0.0117011,0.00365488,0.00243362
0.00683474,0.00485106,0.00192303,0.0091376,0.0039785,-0.000336313
0.00666665,0.00436217,0.00252739,-0.000657641,0.000175168,0.00280391
0.0223757,0.0150961,0.00662436,0.00635413,0.000766987,0.0131816
0.00418674,0.00302148,0.00428558,0.00940358,0.00346693,0.00198774
0.0167203,0.0112157,0.00672442,0.0271711,0.00602229,0.00559549
0.0106299,0.00717041,0.00418975,0.0182671,0.00480367,0.00618201
0.0307035,0.0198729,0.00997507,0.0440402,0.0124263,0.0212724
0.00467343,0.00369412,0.00159783,0.0191843,0.00428678,0.00199875
0.0280163,0.0189336,0.0114079,0.0550503,0.0131512,0.0139595
0.0126184,0.00889924,0.00718602,0.0222921,0.00724733,0.00717524
0.00775302,0.00515747,0.00346926,0.0133094,0.00468965,0.00429218
0.014329,0.0097509,0.00859052,0.0496721,0.0111897,0.00818958
0.0266792,0.0183599,0.00773831,0.0202378,0.00527225,0.00244138
0.0386912,0.024574,0.0361743,0.151705,0.0403987,0.0429189
0.0382153,0.024867,0.0183984,0.111781,0.0258434,0.0260817
0.0570357,0.0263081,0.0390013,0.174785,0.0421573,0.0539713
0.0169756,0.0115432,0.00458192,0.0298793,0.00696646,0.0102853
0.00931536,0.00667353,0.00442759,0.0136094,0.0047102,0.00536898
0.028657,0.0170681,0.0155258,0.0549807,0.0135993,0.0181383
0.0126142,0.00878298,0.0039542,0.0222045,0.00508574,0.00433338
0.00507245,0.0037526,0.00155212,0.0177708,0.00462237,0.00517594
0.0132501,0.00918494,0.00455933,0.0170457,0.00392023,0.00746716
0.0396362,0.0254515,0.0208339,0.0820941,0.023392,0.0318978
0.0223112,0.0145992,0.00697846,0.0341588,0.0082442,0.00638486
0.0171445,0.0108425,0.0176416,0.0911412,0.0237743,0.0164151
0.0181165,0.0120332,0.00658711,0.0249149,0.00639047,0.0096367
0.0223521,0.0148975,0.00837028,0.0314756,0.00761493,0.014346
0.00416788,0.00309316,0.00544049,0.0108316,0.00562057,0.00392561
0.00776231,0.00558577,0.00286358,0.0141248,0.00381978,0.00314095
0.00951101,0.00697354,0.01,0.0331371,0.010851,0.0111811
0.0351199,0.022499,0.0127236,0.0546748,0.0137485,0.0221658
0.0308646,0.0205041,0.00727325,0.0315187,0.00797956,0.00722109
0.0106025,0.00734285,0.00404402,0.0147114,0.00339315,0.00797383
0.00888374,0.00556113,0.00306448,0.0208797,0.00644537,0.012542
0.0416512,0.0260902,0.013522,0.0743285,0.0176259,0.0494813
0.0111939,0.00790348,0.00503501,0.018919,0.0048662,0.0116256
0.00465603,0.00359045,0.00219151,0.0177748,0.00315866,0.00585143
0.0104175,0.0076601,0.00406953,0.00396897,0.000256323,0.00502783
0.0134993,0.00937884,0.00523384,0.0239979,0.00578875,0.00696538
0.0314009,0.0162028,0.0114077,0.0573665,0.0158442,0.0240663
0.0304796,0.0148652,0.00905862,0.0466378,0.0106955,0.0158092
0.0209541,0.0136492,0.00925097,0.0317636,0.00750021,0.0111026
0.0446574,0.0233403,0.0189151,0.0547825,0.0158587,0.0499389
0.00862873,0.00576972,0.00318085,0.0113182,0.00375476,0.00226196
0.0501323,0.0294007,0.0181613,0.078671,0.0205484,0.0200489
0.0104354,0.00730946,0.00512248,0.0243113,0.00655061,0.01084
0.0431632,0.0254919,0.0205048,0.0985495,0.0264125,0.0243595
0.0107482,0.00389716,0.00730309,0.0379622,0.0115076,0.00961376
0.0254203,0.0158847,0.0140618,0.0672447,0.0148612,0.0136014
0.0269961,0.0174846,0.012153,0.0570927,0.0144666,0.0120668
0.0613973,0.0353007,0.0248255,0.0991641,0.0239886,0.0605234
0.0175043,0.0117529,0.00580102,0.0402058,0.00996608,0.0129441
0.00904257,0.003637,0.00394399,0.0426472,0.0135878,0.0168878
0.0147471,0.00878299,0.00423973,0.0329842,0.00803775,0.00577868
0.0164585,0.0114078,0.0104219,0.059767,0.012973,0.0191409
0.0316775,0.0199266,0.0104897,0.0464426,0.0112363,0.0481433
0.0189605,0.0124182,0.0201371,0.0884719,0.0212342,0.0433525
0.0223189,0.0146135,0.0108413,0.0416284,0.00962045,0.0254825
0.0194611,0.0126294,0.00592991,0.0420878,0.00948045,0.00934712
0.018105,0.0122758,0.00961442,0.0518349,0.0139098,0.0126202
0.0151623,0.0105431,0.00758096,0.0275644,0.00711596,0.00673664
0.0169729,0.0112814,0.00542743,0.0263848,0.00796463,0.023481
0.048589,0.0278333,0.0398314,0.178324,0.0438621,0.0812468
0.0043123,0.0033234,0.00247518,0.0175176,0.00380358,0.00214232
0.0258525,0.0172154,0.0351244,0.165973,0.0475084,0.0685214
0.00870605,0.00659825,0.00289305,0.0159144,0.00329182,0.00438911
0.0140279,0.00843759,0.00477236,0.0236152,0.00755333,0.00791746
0.0100884,0.00480727,0.00435323,0.0141677,0.00528188,0.00260688
0.0113027,0.00776233,0.00655631,0.0204389,0.0059436,0.00545272
0.0134332,0.00969398,0.00509659,0.0284425,0.00582138,0.0180508
0.0422605,0.0170806,0.0132501,0.0623906,0.0160645,0.0144708
0.021209,0.0142943,0.00676233,0.0348793,0.0076976,0.00653712
0.0261257,0.0171188,0.00535017,0.0406443,0.00802319,0.00724173
0.0430582,0.0251856,0.0600686,0.219966,0.0544744,0.0727854
0.025818,0.018041,0.0196017,0.0447794,0.0110885,0.014102
0.0191017,0.0125594,0.00646349,0.035241,0.0094199,0.0120283
0.0577177,0.0361949,0.0684117,0.205414,0.0532016,0.0891298
0.017053,0.0119105,0.0114217,0.0407416,0.00979307,0.0162299
0.0203261,0.0140844,0.00619494,0.0259692,0.00665791,0.0104724
0.0197695,0.0134959,0.00690832,0.0302619,0.00995714,0.0276151
0.00817124,0.00569462,0.00330028,0.0364286,0.00917412,0.00613201
0.00652248,0.00467732,0.00157034,0.00875301,0.00316914,0.00269003
0.013657,0.0098485,0.00413852,0.0432116,0.0104355,0.00741016
0.00656264,0.00475345,0.00308431,0.00801755,0.00349088,0.00439388
0.0483045,0.0298056,0.020453,0.0580504,0.0134498,0.0269182
0.012275,0.00852652,0.00571428,0.0154674,0.00466616,0.0031186
0.041691,0.0221805,0.0130737,0.0661182,0.0164208,0.0169383
0.0197253,0.0135344,0.00581577,0.0380098,0.0110121,0.0106049
0.0119504,0.00868778,0.00667527,0.0412869,0.00980706,0.0034741
0.00922982,0.006451,0.0043269,0.0215177,0.00530499,0.00454029
0.037635,0.0205237,0.0106531,0.0625075,0.0174866,0.0143952
0.035943,0.0227686,0.0612692,0.271964,0.0697136,0.209884
0.0119523,0.00799249,0.00397411,0.019925,0.00348657,0.00325471
0.00917628,0.00671945,0.00451337,0.0234974,0.00632778,0.0145016
0.00420608,0.00302757,0.0012115,0.00962136,0.00229158,0.00750482
0.0198326,0.0133311,0.00772466,0.029739,0.00757559,0.0092157
0.0130719,0.00875581,0.003974,0.017989,0.00512608,0.0039535
0.0080083,0.00558031,0.00416508,0.03435,0.00822371,0.00680153
0.00930651,0.00623376,0.00312424,0.0179756,0.00438759,0.00791453
0.00592777,0.00425982,0.00314226,0.0163519,0.00420424,0.00441155
0.00466258,0.00316839,0.00280085,0.00972478,0.00306129,0.00332785
0.0427532,0.0252855,0.0159529,0.0337214,0.00856507,0.0134912
0.00878143,0.00606673,0.00366764,0.00753452,0.00196157,0.000794694
0.018927,0.012412,0.00398953,0.0396333,0.00910588,0.00590329
0.0290919,0.0178977,0.0105031,0.0544196,0.0121353,0.0150566
0.0226299,0.0106698,0.0130191,0.0660931,0.0173184,0.0232427
0.00769581,0.0053238,0.00338305,0.0183104,0.00522211,0.00605843
0.0152167,0.0105227,0.00544021,0.0326565,0.00768735,0.0124227
0.0045162,0.00315915,0.00302833,0.0030771,-8.21493e-05,0.00199753
0.0161317,0.0109254,0.00624181,0.028453,0.00794154,0.00758402
0.0191296,0.0128958,0.00488808,0.0368859,0.00833979,0.00305622
0.00751275,0.0048406,0.0028816,0.0225321,0.00685502,0.00949648
0.0182759,0.0120513,0.00606695,0.0374104,0.0083749,0.0153102
0.0131357,0.00866781,0.00382936,0.0196573,0.0052626,0.00661818
0.0137341,0.00978176,0.00439926,0.0306324,0.0072841,0.0123391
0.0211666,0.0140855,0.0102508,0.0382002,0.0101155,0.00945896
0.00903891,0.00637083,0.00300774,0.0197305,0.0050438,0.00376986
0.0107059,0.00725446,0.00404275,0.00916276,0.0034496,0.00658947
0.0178288,0.0113821,0.015796,0.0806837,0.0197124,0.0181821
0.0189907,0.0128323,0.00658038,0.0183647,0.00570628,0.0116893
0.0326957,0.0202266,0.00877913,0.0430374,0.0114587,0.00988524
0.0248741,0.0165806,0.00699169,0.0298736,0.00711279,0.0027578
0.0243896,0.0167878,0.0187992,0.0552692,0.0136837,0.0207434
0.0420725,0.0255231,0.0297021,0.110766,0.0285458,0.0337586
0.0178949,0.0120199,0.00712763,0.0335018,0.00929567,0.00411488
0.0239493,0.016177,0.0141873,0.0130412,0.00246827,0.0229931
0.0120902,0.00850382,0.00873582,0.063691,0.0146742,0.0218434
0.0518067,0.032433,0.0211121,0.107736,0.0274093,0.0582451
0.0101747,0.00704663,0.00336606,0.0202603,0.00631438,0.00404854
0.043858,0.0252537,0.0169952,0.0650403,0.0160525,0.0354363
0.00912058,0.00654242,0.00199497,0.0261365,0.0046293,0.00546089
0.0102161,0.00735652,0.00268509,0.0161649,0.00500095,0.0061977
0.0146381,0.0103538,0.00508038,0.0201315,0.00538338,0.00404451
0.0425468,0.0219866,0.0209243,0.0638123,0.0178576,0.0165103
0.0344206,0.0201043,0.0157237,0.0413222,0.00823267,0.00891901
0.0183706,0.0120221,0.00967372,0.0404218,0.00994259,0.0377725
0.00849265,0.00560698,0.00309503,0.0128822,0.00349873,0.00156465
0.00788191,0.00563581,0.00182337,0.0199077,0.0046792,0.00230755
0.0100182,0.00724508,0.00330681,0.0179102,0.00463233,0.00290084
0.00479459,0.00337353,0.00230276,0.022877,0.00686045,0.00176573
0.0208581,0.0136324,0.0161216,0.0911651,0.0245977,0.0502738
0.0117107,0.0077663,0.00363047,0.0138456,0.00303401,0.00785833
0.0068966,0.00501182,0.00293678,0.000588126,0.001253,0.00529608
0.0146306,0.0100642,0.00623178,0.00373201,0.00164784,0.0151518
0.0118784,0.00820147,0.00547054,0.0274217,0.00825975,0.00987047
0.0669215,0.0273951,0.0457057,0.268847,0.0737385,0.128181
0.0204374,0.00924266,0.0136203,0.055136,0.0142762,0.0105957
0.00646196,0.00459633,0.00151596,0.0180288,0.00520349,0.00836074
0.0199583,0.0136276,0.00621171,0.0367123,0.00971222,0.0124847
0.0526281,0.0304189,0.0235574,0.11864,0.0333553,0.0204646
0.0221907,0.0150566,0.0106941,0.0669065,0.0172185,0.0109022
0.00564406,0.00413656,0.00175832,0.0212895,0.00449452,0.00530255
0.036259,0.0238373,0.00986215,0.0698757,0.0190938,0.0116924
0.0117072,0.00831883,0.00334152,0.0190232,0.00425018,0.00578464
0.0164371,0.0114034,0.00390852,0.0264059,0.00791825,0.00462044
0.00937036,0.00658193,0.00566239,0.0218738,0.00681046,0.0100778
0.023811,0.0154166,0.0114285,0.0443583,0.0113024,0.0160859
0.0175096,0.0118291,0.00633024,0.0281704,0.0072936,0.00483429
0.0207443,0.0137573,0.00908908,0.0507419,0.012191,0.0094413
0.0130422,0.00846407,0.00441831,0.0256412,0.00554379,0.00645668
0.0114329,0.00766237,0.00471564,0.0191514,0.00625397,0.00885203
0.0121247,0.00791466,0.00691828,0.0315525,0.00717976,0.00988665
0.00697189,0.00503286,0.00345463,0.0120183,0.00341394,3.12201e-05
0.0212666,0.0142824,0.00744572,0.0339268,0.00902971,0.00558343
0.0308696,0.0201226,0.0103364,0.0468078,0.0137129,0.00959931
0.00937493,0.00674227,0.00325644,0.0197366,0.00449943,0.00915692
0.00829691,0.00594021,0.00329324,0.0205389,0.00481443,0.00229839
0.0254432,0.0170205,0.0104862,0.0528702,0.0127984,0.0131336
0.0178825,0.0117118,0.00489449,0.0261404,0.00786728,0.00765031
0.0139419,0.00968384,0.00549171,0.0223069,0.00533504,0.00600455
0.00805237,0.00536931,0.00152383,0.0111705,0.0041807,0.000982226
0.0140639,0.00937356,0.00501686,0.0305993,0.00843095,0.00743115
0.013441,0.00979461,0.00424844,0.0203543,0.0052174,0.010686
0.0169824,0.0119264,0.00571656,0.0276534,0.00610657,0.00213569
0.0132865,0.00916435,0.00629093,0.0313477,0.00608422,0.00483303
0.0132834,0.00951469,0.00421794,0.0214638,0.00718481,0.0088925
0.0230326,0.0160574,0.0111766,0.0654147,0.0160005,0.00637961
0.0226609,0.0154189,0.00735792,0.0589274,0.0147792,0.0088803
0.0110896,0.00748335,0.00484118,0.0233024,0.00524087,0.00575632
0.00800089,0.00558075,0.00268222,0.0133631,0.00381072,0.0011313
0.0353259,0.02274,0.0516005,0.216205,0.0534721,0.0616609
0.0229354,0.0149928,0.00624451,0.0426633,0.0108956,0.00692053
0.0282657,0.0159542,0.0129979,0.0581031,0.0158675,0.0301179
0.0338138,0.0175713,0.0176748,0.0593156,0.0155434,0.035183
0.00759091,0.0054572,0.00342219,0.0252359,0.00713967,0.00850267
0.048552,0.0291242,0.0244297,0.0883974,0.0212109,0.0211733
0.00938837,0.00666683,0.00275522,0.0174823,0.00662295,0.00685175
0.0128152,0.00885132,0.00458103,0.022106,0.00477514,0.0088304
0.0154627,0.0106172,0.00319888,0.033686,0.00800865,0.00382962
0.0239145,0.015968,0.0080715,0.0249154,0.0065494,0.00247013
0.0390607,0.020686,0.0187097,0.0891604,0.0231573,0.0096289
0.0337337,0.0163679,0.0137771,0.0503145,0.0112172,0.00486449
0.0285377,0.0186036,0.00900222,0.0488014,0.0123127,0.0155336
0.00877036,0.0057363,0.00356823,0.0126605,0.00454862,0.00841977
0.0186238,0.0121554,0.0203748,0.0870747,0.0208352,0.0163626
0.0260506,0.0139592,0.0117063,0.0889723,0.0264884,0.027631
0.00516272,0.00352347,0.00210193,0.0151035,0.00588779,0.000994548
0.0287367,0.0187308,0.0075449,0.0638237,0.015769,0.00516221
0.00622928,0.00397388,0.00276964,0.0119823,0.00421128,0.00451724
0.0281138,0.0181012,0.01231,0.0376127,0.00769352,0.0141212
0.0091444,0.00625435,0.00530336,0.0246985,0.00851103,0.00999925
0.0150429,0.010259,0.00541137,0.0279692,0.00675383,0.00644462
0.0114953,0.00770204,0.00364322,0.024143,0.00583778,0.00408107
0.0107509,0.00739108,0.00539397,0.0232919,0.00493312,0.00227479
0.00573736,0.00383409,0.00358116,0.0254968,0.00802841,0.00740755
0.0219684,0.0145522,0.00991884,0.0663901,0.0183771,0.0152269
0.0205135,0.0132488,0.00940809,0.0352249,0.0111021,0.00895682
0.0245674,0.0148847,0.00841543,0.0637718,0.0166985,0.0085032
0.0191919,0.0129918,0.0134782,0.0504218,0.012933,0.0150468
0.0113967,0.00790758,0.00534491,0.0270751,0.00693467,0.00664693
0.025541,0.0167192,0.00795452,0.0465068,0.0112649,0.0207106
0.0361673,0.0237712,0.00738849,0.0537668,0.0131147,0.0115853
0.00854353,0.00602662,0.00404466,0.000165512,0.00108498,0.00429009
0.00755733,0.00506762,0.00227975,0.0207571,0.00523738,0.00223892
0.00589619,0.00414547,0.00264287,0.0167549,0.00369091,0.00116727
0.00751453,0.00518597,0.00279111,0.0124553,0.00443485,0.00708944
0.00970229,0.00669452,0.00304474,0.00528272,0.00145708,0.00298049
0.00547566,0.00394157,0.00251218,0.0136997,0.00290327,0.00450069
0.0217514,0.0139735,0.00616593,0.0380138,0.0100688,0.00381961
0.0175076,0.0118597,0.00527275,0.0372551,0.00725299,0.0108731
0.0431492,0.0263567,0.0129345,0.0507158,0.0147975,0.0195055
0.00477997,0.00336889,0.00213926,0.0312348,0.00994347,0.00226194
0.0249886,0.016967,0.00936945,0.0502883,0.014482,0.0182899
0.0130687,0.00900371,0.0090192,0.0308427,0.00893071,0.0162664
0.0208296,0.0138365,0.00771704,0.0354737,0.00907751,0.00789127
0.037569,0.019365,0.0304846,0.168872,0.0437166,0.0535598
0.0351891,0.0193181,0.0215521,0.0754616,0.018652,0.0305444
0.0161067,0.0109601,0.0178302,0.0943163,0.0224271,0.0248037
0.0449657,0.0275286,0.0207233,0.0971539,0.0271367,0.0524052
0.0249296,0.0166483,0.00760077,0.0459292,0.0118254,0.00694952
0.0192365,0.0132179,0.0217672,0.0865956,0.0261715,0.0507025
0.034657,0.0135855,0.0136921,0.0737382,0.0186567,0.0209516
0.0301441,0.0135324,0.0122375,0.058368,0.0128655,0.01215
0.0105261,0.00718655,0.00193186,0.0202814,0.00510481,0.00550365
0.00507212,0.00395307,0.00145643,0.00347968,0.0006532,0.00111378
0.0203101,0.0136195,0.00797288,0.0365274,0.0103255,0.020282
0.0260067,0.010482,0.0116689,0.040506,0.0105592,0.00734138
0.00469006,0.00343759,0.00424,0.00234851,0.000930298,0.00208471
0.00510773,0.00367182,0.00234668,0.0168785,0.00246772,0.00586027
0.0267847,0.0173635,0.00814816,0.0515423,0.0121754,0.00745714
0.0194285,0.0131445,0.00706313,0.033433,0.00972196,0.00570661
0.00518138,0.00376387,0.00166751,0.0183241,0.00559955,0.00378408
0.00907579,0.00671128,0.00389733,0.0201007,0.00630911,0.00428544
0.0202775,0.0117147,0.00704555,0.0116981,0.00264189,0.0126156
0.0113316,0.00827366,0.0040691,0.0234459,0.00597931,0.00252653
0.0117484,0.00807057,0.00605675,0.0184032,0.00688447,0.00813154
0.019386,0.00933629,0.00656544,0.0236192,0.00672677,0.0051301
0.0249463,0.0140142,0.0121555,0.0136895,0.00244027,0.00687915
0.0134507,0.00936131,0.00388871,0.0186253,0.00534716,0.00733842
0.018692,0.0126532,0.00768732,0.0403531,0.0117321,0.0115012
0.00545943,0.00405817,0.00195,0.0119238,0.00354876,0.00661827
0.0197928,0.0135549,0.00609137,0.0214702,0.00417896,0.0116145
0.0232758,0.015276,0.0097828,0.0319287,0.00921734,0.0108268
0.0188814,0.0126864,0.0147737,0.069107,0.0181157,0.0172354
0.0240931,0.0155983,0.0077749,0.0328035,0.00987025,0.0157289
0.0102557,0.0070658,0.00337618,0.0254372,0.00643983,0.0045012
0.0164861,0.0100364,0.00736416,0.025254,0.00747327,0.0060323
0.014559,0.00989506,0.00698457,0.0237985,0.00432837,0.00444909
0.019578,0.0135524,0.0069741,0.0338121,0.00755478,0.0144739
0.0219845,0.0149834,0.00611688,0.037956,0.00962295,0.00676862
0.00465552,0.00344295,0.00236048,0.013468,0.00263645,0.00466511
0.00949134,0.00642467,0.00798404,0.0172971,0.00447031,0.00405948
0.00958193,0.00674674,0.0080362,0.0214328,0.0061971,0.00386362
0.00521778,0.00345145,0.00313009,0.0135102,0.0037536,0.00214444
0.0259991,0.0171014,0.00977729,0.0313745,0.0109213,0.0209607
0.0198491,0.0129397,0.0101103,0.0626111,0.0169214,0.0109637
0.00484318,0.00338755,0.0153807,0.0705925,0.0184326,0.0223722
0.023578,0.0153811,0.00701733,0.0273944,0.00931176,0.00529327
0.0194995,0.0118716,0.00850039,0.0329641,0.00794341,0.0197529
0.0111112,0.00747893,0.00484589,0.015843,0.00363395,0.0101431
0.0187202,0.0123842,0.0121843,0.0550871,0.0147083,0.0183046
0.0147101,0.0100911,0.0101651,0.0356233,0.008213,0.00537312
0.0265339,0.0184144,0.0088794,0.0283365,0.00735286,0.0142366
0.0223295,0.0149818,0.00526312,0.0323851,0.00801197,0.0119085
0.015964,0.0108465,0.00914897,0.0416015,0.0127129,0.00859507
0.0508494,0.029727,0.0177037,0.0637514,0.0146668,0.0204128
0.0207333,0.0110029,0.00726913,0.00897842,0.00175735,0.0072412
0.00539984,0.00383002,0.0022194,0.0279727,0.00555765,0.00779204
0.0198211,0.0129949,0.0168345,0.0638112,0.0153206,0.0243639
0.0125455,0.0084537,0.00576602,0.0205733,0.00533443,0.00460586
0.00717069,0.00488943,0.00485065,0.0144286,0.00603476,0.00299798
0.0139076,0.00975578,0.0131281,0.0857452,0.0227953,0.047972
0.00816627,0.00515334,0.00334331,0.031962,0.00950852,0.00511392
0.014102,0.00928906,0.0139814,0.0347828,0.00858642,0.0113388
0.0125074,0.00848715,0.00377674,0.0301624,0.00707235,0.00485579
0.00504501,0.00362231,0.00266343,0.0210266,0.00406793,0.00402628
0.00904257,0.00612802,0.00745057,0.0442292,0.0108042,0.00769449
0.0119455,0.00810748,0.00871264,0.023697,0.00650422,0.0113507
0.0267528,0.0176322,0.0107224,0.0517251,0.0132849,0.0141574
0.0095531,0.00673048,0.008605,0.00919801,0.00102664,0.00838476
0.0110313,0.00797476,0.00487443,0.0351239,0.00923552,0.0144139
0.0284053,0.0184156,0.00773649,0.045513,0.0109415,0.00797239
0.0117852,0.00762768,0.00330654,0.02932,0.00588943,0.00632372
0.0232904,0.015725,0.00773113,0.0285941,0.00780001,0.0131563
0.0260792,0.0173337,0.0217259,0.150612,0.0381024,0.0719486
0.0143146,0.00977249,0.008947,0.0337789,0.0109173,0.0289325
0.0148976,0.00933686,0.014536,0.0835976,0.0241269,0.0435208
0.012253,0.00662145,0.00560128,0.0197288,0.00486879,0.0132462
0.0351629,0.0235568,0.0152591,0.0647917,0.0170299,0.0208201
0.0259259,0.0170162,0.00645151,0.0385646,0.00940031,0.0116803
0.0389125,0.0230093,0.0137722,0.0829793,0.0208538,0.0193141
0.0120167,0.00807784,0.00436456,0.0386257,0.00884461,0.0101546
0.010435,0.00721587,0.00260601,0.013457,0.00546693,0.00372547
0.00446892,0.00317203,0.00120839,0.0153202,0.00393724,0.00621705
0.0108042,0.0073358,0.00375465,0.0248505,0.00487198,0.00313477
0.0191994,0.0126788,0.00806558,0.030731,0.00695915,0.00283832
0.00557028,0.00385387,0.0073075,0.0267727,0.00776087,0.0193914
0.015665,0.0104726,0.00726657,0.0355679,0.00849182,0.00402512
0.00718418,0.00509166,0.00236453,0.0132515,0.00273293,0.00699866
0.0134403,0.0088758,0.00426701,0.0146941,0.00360597,0.010929
0.00755997,0.00540002,0.00443347,0.0129388,0.00528988,0.00300036
0.0409789,0.0268989,0.00967688,0.0540495,0.0110676,0.010632
0.0159024,0.0109042,0.00475381,0.025124,0.00600499,0.0124607
0.015269,0.0104891,0.00585839,0.0283429,0.00968547,0.010271
0.0123949,0.00854144,0.00391371,0.013803,0.00449459,0.00610259
0.0278271,0.0185168,0.00887842,0.0362482,0.0104757,0.00437361
0.0113006,0.00758553,0.00511383,0.0227167,0.00513148,0.00335244
0.0268398,0.0174092,0.0144178,0.0960612,0.0243143,0.0234219
0.0281735,0.0188214,0.00982108,0.0480411,0.0121904,0.00628907
0.0147397,0.00990619,0.00542001,0.0239574,0.00675694,0.00283394
0.00598926,0.00422292,0.00309025,0.0172501,0.00286402,0.00427194
0.0226956,0.0151652,0.0137291,0.0469353,0.0123514,0.0191767
0.0349682,0.023533,0.0129672,0.043119,0.0122284,0.0109486
0.0151059,0.0104979,0.00763431,0.0454125,0.0120674,0.0110236
0.0469689,0.0288456,0.0376389,0.131464,0.0334111,0.02805
0.00572375,0.00388225,0.00262518,0.0170485,0.00430538,0.00256986
0.0102158,0.00654399,0.00376996,0.0300393,0.00644272,0.00753889
0.0339395,0.013304,0.013669,0.0776124,0.019152,0.0140975
0.0339064,0.0133996,0.01337,0.074469,0.0174038,0.0125638
0.0057129,0.00428255,0.00279378,0.0191733,0.0039136,0.00283528
0.013013,0.00907534,0.00457882,0.0233886,0.00747862,0.0101023
0.0239321,0.0161516,0.00798462,0.042007,0.00971201,0.0109137
0.0491444,0.0317524,0.0270819,0.0800726,0.0211286,0.0497959
0.00547519,0.00367431,0.0021589,0.0128727,0.00197719,0.00182173
0.018784,0.0125274,0.00489935,0.0152728,0.00314411,0.00484907
0.0052426,0.00373293,0.00276424,0.0230735,0.00388223,0.00329174
0.00998919,0.00679509,0.0039185,0.0148731,0.00254623,0.00240288
0.04117,0.0225284,0.0162216,0.0551144,0.0161584,0.0123524
0.0440944,0.0224741,0.0179036,0.050905,0.0145783,0.0156094
0.0141014,0.00560879,0.00776237,0.017188,0.00434608,0.00950719
0.00623569,0.00385888,0.00157767,0.0114525,0.00476432,0.00406489
0.0141253,0.00873229,0.00573695,0.0200041,0.00759931,0.00767478
0.0200071,0.0132724,0.00861732,0.0346885,0.00907077,0.0164988
0.00908556,0.0058512,0.00339297,0.0195793,0.0050247,0.00171487
0.0210766,0.0133084,0.0146053,0.0769773,0.0205775,0.0106524
0.0116386,0.00775508,0.00415699,0.0212405,0.00527283,0.0107918
0.0333479,0.0215785,0.0356785,0.137895,0.0380015,0.087868
0.0116529,0.00833588,0.00277821,0.0208739,0.006237,0.00753898
0.0170784,0.0113782,0.00524739,0.0215068,0.00681224,0.00345462
0.0129228,0.00845538,0.00564266,0.0224518,0.0046751,0.00985204
0.0138963,0.00976024,0.00261104,0.0197751,0.00459029,0.00611122
0.0126368,0.00853543,0.00529054,0.0189967,0.00609433,0.010066
0.0399038,0.0218569,0.0553391,0.200527,0.0505142,0.0590096
0.00648674,0.00430589,0.00167022,0.0111003,0.00357625,0.00443801
0.0223746,0.0150237,0.00863324,0.0370044,0.0103209,0.0133179
0.00594928,0.00368743,0.00211007,0.0177473,0.00604068,0.00486967
0.0110098,0.00742128,0.0041504,0.0232911,0.00691111,0.00192693
0.0276789,0.0175442,0.0301557,0.122326,0.0367472,0.0904507
0.0155826,0.0105988,0.00387739,0.0195304,0.00526801,0.00461658
0.0215502,0.0143342,0.00629665,0.0432683,0.00951919,0.0107862
0.00596088,0.00396101,0.00219993,0.0110394,0.00198009,0.00300344
0.0121804,0.00854422,0.0078081,0.0382731,0.00995284,0.00632787
0.0190743,0.0126043,0.00665097,0.0239586,0.00603026,0.00779584
0.0582254,0.0343875,0.0199776,0.087167,0.0205104,0.0169208
0.0349508,0.0240641,0.0133703,0.0948738,0.0256619,0.0321956
0.0459405,0.0265017,0.0166388,0.108331,0.0270974,0.0409126
0.0206365,0.0134517,0.0114943,0.0488323,0.0144489,0.0205713
0.0124034,0.00874968,0.00393167,0.0192643,0.00688983,0.00153195
0.0160191,0.0110668,0.00266883,0.0464489,0.0107885,0.012538
0.00604436,0.00402069,0.00279664,0.0114901,0.00428975,0.00559035
0.0230852,0.0143224,0.00668499,0.0486612,0.0139273,0.0120027
0.013102,0.00547471,0.00397984,0.0166107,0.00457026,0.00541523
0.0100669,0.00682034,0.00216528,0.0331885,0.0085001,0.00340112
0.0353383,0.0213493,0.0278747,0.109748,0.0265131,0.0238997
0.0198042,0.0129723,0.0102198,0.0557057,0.0133537,0.0181853
0.00799868,0.00547314,0.00301076,0.0153359,0.00565862,0.00718651
0.00668554,0.00491788,0.00318123,0.0166928,0.00505599,0.00485713
0.00661631,0.00441006,0.00212518,0.0156806,0.00354187,0.00191683
0.0189003,0.0128576,0.00549667,0.019133,0.00448771,0.00255198
0.057021,0.0356221,0.0181245,0.0635235,0.017098,0.0291944
0.0215203,0.0142119,0.00616275,0.0376203,0.00947347,0.00705611
0.015056,0.0104566,0.00419031,0.032881,0.0077621,0.0108316
0.00692553,0.00451269,0.0017909,0.015516,0.00442132,0.00415058
0.0168279,0.0113591,0.0057482,0.0286556,0.0090419,0.00505099
0.00551238,0.00348169,0.00458894,0.0314606,0.0078452,0.00312483
0.0302003,0.019199,0.00873362,0.0433339,0.00863832,0.0086962
0.0079285,0.00545203,0.00254228,0.0149486,0.00484603,0.00249457
0.00470128,0.0037218,0.00281485,0.0144783,0.00446868,0.00259325
0.00808021,0.00554585,0.00292413,0.01699,0.00284194,0.00365673
0.0124873,0.00885323,0.00516499,0.0158816,0.0019174,0.00757414
0.00612166,0.00375784,0.00344358,0.0143141,0.00654291,0.00902495
0.0274759,0.0180304,0.0160204,0.0769986,0.0181561,0.0270287
0.0240101,0.0163867,0.0109531,0.0433872,0.0124439,0.0210156
0.00826739,0.00546636,0.0036021,0.0158101,0.00256392,0.0039584
0.0105245,0.00705241,0.00268071,0.0185353,0.00595205,0.0071439
0.0309698,0.0203043,0.015342,0.0805717,0.019432,0.0144375
0.0263878,0.017536,0.0186581,0.0993326,0.0276232,0.0514766
0.018477,0.0122948,0.00666594,0.0170741,0.00513258,0.00850902
0.0183041,0.0117395,0.00573926,0.0368189,0.00967706,0.0153021
0.00845454,0.00601633,0.00380207,0.0217584,0.00469336,0.00720594
0.0130695,0.0086076,0.00515099,0.0226451,0.00717995,0.00487342
0.0138497,0.00871639,0.0114325,0.0321471,0.00833558,0.00644416
0.0075504,0.00531562,0.00326714,0.0179728,0.00471441,0.00449943
0.0126024,0.00813983,0.00430497,0.0283332,0.00752859,0.00688579
0.00686046,0.00515929,0.00293355,0.0147416,0.00374096,0.00496913
0.0254544,0.0163089,0.00859869,0.0320725,0.00983468,0.0182731
0.0130773,0.00946283,0.00853999,0.0203452,0.00519667,0.00838081
0.0229037,0.014801,0.00977181,0.0454584,0.0114611,0.0151191
0.01733,0.0115145,0.00958197,0.0404895,0.0124627,0.0120552
0.0132148,0.00913245,0.00326529,0.0241759,0.00712288,0.00626781
0.0107037,0.00747154,0.00401171,0.0351709,0.00574704,0.00450171
0.0143157,0.00993683,0.00478592,0.0268489,0.00643161,0.00904756
0.0135355,0.00946357,0.00479154,0.0286698,0.00599812,0.00850861
0.0158573,0.0104162,0.00542663,0.0313271,0.00730334,0.00758043
0.029911,0.0133467,0.00894338,0.0384918,0.00949409,0.00944599
0.0676957,0.0352193,0.0369226,0.0824894,0.018943,0.0389967
0.00449609,0.0030337,0.00247554,0.00656644,0.00312892,0.00270549
0.00665011,0.00487173,0.00315199,0.0149166,0.00422502,0.00383596
0.0150623,0.0095892,0.0133442,0.0517049,0.0132687,0.015799
0.0473575,0.024291,0.0154218,0.0884061,0.0222843,0.0184334
0.00675811,0.00484476,0.00314386,0.0238672,0.00470171,0.00878917
0.011881,0.00843131,0.010156,0.0394952,0.00928108,0.0197388
0.00520395,0.00340289,0.00272542,0.0168546,0.00329524,0.00385602
0.0187154,0.0124747,0.0075233,0.0394625,0.0127854,0.0127652
0.0082702,0.00547115,0.00304886,0.0170531,0.00409504,0.00434025
0.0262052,0.0169458,0.0205762,0.0835338,0.0201874,0.0167209
0.0130438,0.0092944,0.00274307,0.0202429,0.00619223,0.00463212
0.00549677,0.0039933,0.00336572,0.0151124,0.00423303,0.00222451
0.00511134,0.00364919,0.00441627,0.026149,0.00824753,0.00149878
0.0136166,0.00943552,0.00460174,0.0300971,0.00644852,0.00332795
0.00541317,0.00361517,0.00274141,0.0189065,0.00491049,0.00416115
0.0298214,0.0185747,0.0284555,0.120719,0.0305809,0.035232
0.00919647,0.00587401,0.00350592,0.00938479,0.00275225,0.00567244
0.0190734,0.0128062,0.00435744,0.0202255,0.00651612,0.00536033
0.011556,0.00780596,0.00742089,0.0560569,0.0157294,0.00748685
0.0122756,0.0084893,0.00384989,0.0286473,0.00732569,0.00466905
0.00634152,0.00474421,0.0026727,0.0146907,0.00305577,0.00576964
0.0209112,0.0138151,0.0129635,0.0452244,0.0125145,0.0469464
0.0414628,0.0178556,0.014724,0.0853868,0.0247482,0.0248918
0.0425347,0.01784,0.014371,0.0816311,0.0205986,0.0246322
0.0121113,0.00803704,0.00464358,0.0265399,0.00470625,0.0104606
0.0314628,0.0128304,0.0369594,0.161486,0.0431287,0.0587073
0.0334709,0.0129354,0.0389195,0.142932,0.0332268,0.0500411
0.0191765,0.0129942,0.00767342,0.0458215,0.0129318,0.0311802
0.0288361,0.0183302,0.0094978,0.0425441,0.0120855,0.0178714
0.00549559,0.00370683,0.00308218,0.0124107,0.004522,0.00258341
0.0217859,0.0144731,0.0106259,0.0578119,0.0177055,0.0188526
0.0110107,0.00779356,0.00789189,0.0226346,0.0061072,0.00478543
0.0204032,0.0134365,0.0089128,0.0601895,0.0144981,0.0210485
0.00838575,0.00586123,0.00220723,0.0273551,0.00646248,0.00235509
0.016593,0.0112053,0.00735104,0.0270262,0.00574811,0.00588176
0.0271228,0.0175877,0.009118,0.036598,0.00867212,0.00731962
0.0178529,0.012394,0.00509939,0.019317,0.00670332,0.0144871
0.0166701,0.0113801,0.00733232,0.0302717,0.00847429,0.00762558
0.00902754,0.00625917,0.00416147,0.0183895,0.00535091,0.00425129
0.0273572,0.0174101,0.0227927,0.104709,0.0274837,0.0136494
0.00578833,0.00408678,0.0027924,0.0310155,0.00677952,0.00472941
0.00851554,0.00578556,0.00325122,0.0149557,0.00398732,0.00888447
0.0192953,0.0132369,0.00589286,0.0201229,0.00617818,0.00516859
0.0103912,0.00711756,0.00710499,0.0437385,0.00872194,0.00646978
0.0413834,0.0256958,0.0145042,0.0603099,0.0165624,0.024477
0.0125031,0.00862778,0.00406719,0.0188613,0.00621687,0.00173114
0.0142956,0.00993265,0.00495184,0.0201568,0.00581136,0.00541477
0.0132504,0.00931076,0.00579206,0.0155658,0.00641367,0.00561461
0.0386775,0.0235761,0.0297988,0.137585,0.0345792,0.0197521
0.025835,0.0157869,0.0166816,0.0870825,0.025504,0.0480041
0.00481921,0.00326012,0.0047123,0.0115152,0.00334714,0.00397249
0.0813457,0.0416764,0.0521741,0.23217,0.0580666,0.0703536
0.0325846,0.02113,0.0184464,0.0510056,0.0138135,0.0132806
0.00765674,0.00472699,0.00295689,0.015967,0.00494075,0.00312837
0.0357496,0.0228493,0.00987655,0.0443018,0.01008,0.0104951
0.0409538,0.0269943,0.0104477,0.0418726,0.0101142,0.011079
0.024862,0.0164501,0.00743576,0.0469978,0.0105,0.0146049
0.0156114,0.0105637,0.00527556,0.022771,0.00583551,0.00363377
0.0176813,0.0124194,0.00466505,0.0255899,0.00713883,0.00490292
0.0206884,0.0140822,0.0101338,0.0772371,0.0145385,0.0205136
0.00956061,0.00664936,0.00442784,0.0155871,0.00422596,0.00728139
0.00449511,0.00309635,0.00228854,0.0161137,0.00421312,0.00103936
0.00699691,0.00451289,0.00179531,0.00880745,0.00274233,0.00457716
0.0187282,0.0123379,0.00697556,0.0295467,0.00718496,0.00217613
0.0154041,0.0106529,0.00597663,0.0314493,0.00897349,0.00784613
0.0222231,0.0149987,0.00762782,0.00267367,0.00162179,0.0276407
0.025212,0.0165969,0.00837606,0.0414044,0.0122569,0.00555291
0.0383461,0.0248439,0.0188203,0.0354473,0.00908158,0.0257515
0.0154267,0.0105346,0.00503753,0.0265953,0.00879562,0.00317088
0.0142681,0.00996488,0.00429563,0.016971,0.00584023,0.00523923
0.0184179,0.0124304,0.00419036,0.0202521,0.00614276,0.018707
0.0189533,0.0128284,0.0073107,0.0300143,0.00788621,0.00603046
0.00865811,0.00564499,0.00284553,0.0104461,0.00348117,0.00334093
0.00671584,0.00440541,0.0055735,0.000653945,0.000554361,0.00272443
0.0316466,0.0204774,0.0280149,0.105058,0.023776,0.0468678
0.0304358,0.0201258,0.0130986,0.0486838,0.0131769,0.0125936
0.0520368,0.0329574,0.019858,0.0932903,0.0244098,0.0482242
0.00767937,0.00512556,0.00523645,0.0182686,0.00375918,0.00340491
0.0191575,0.012709,0.00555093,0.040355,0.0107164,0.00843441
0.0253104,0.0167722,0.00895497,0.031743,0.00638688,0.0122565
0.0041313,0.00300236,0.00357037,0.0111853,0.00307009,0.00777537
0.00419863,0.0032568,0.00142284,0.00832808,0.00324394,0.00108465
0.011892,0.00815713,0.00456565,0.0224779,0.00721853,0.0013821
0.0317211,0.0200161,0.0125434,0.0571509,0.0154516,0.0237414
0.0122255,0.00775753,0.00326393,0.0199646,0.00588978,0.00614357
0.0101801,0.00717157,0.00357073,0.0236376,0.00639325,0.0104318
0.0235312,0.0136264,0.0154713,0.0870573,0.0219436,0.010459
0.0190733,0.0130804,0.0163371,0.0817635,0.01815,0.00775427
0.0498779,0.0194709,0.0178167,0.0719476,0.0175118,0.0297264
0.0507033,0.0194571,0.0174866,0.0718647,0.0165197,0.0271026
0.00799167,0.00516318,0.00424666,0.0193452,0.00375141,0.00394091
0.0255895,0.0174002,0.00935099,0.037478,0.00792827,0.021697
0.0220846,0.0149849,0.00426824,0.0297168,0.00818293,0.0125501
0.00835141,0.00592225,0.00252216,0.00632928,0.00117625,0.00137036
0.0100309,0.00695053,0.0116185,0.0536459,0.0119512,0.00907413
0.0107012,0.00739869,0.00359029,0.0175875,0.00254452,0.0036385
0.0230257,0.0155755,0.00745376,0.0417054,0.0116869,0.00723901
0.0135175,0.00850091,0.00549452,0.0242749,0.00797007,0.00175849
0.00859771,0.00595486,0.00435033,0.016853,0.00547751,0.00505034
0.00916084,0.00625849,0.00356074,0.0169532,0.00418387,0.00682305
0.0117371,0.00831892,0.00456343,0.0240545,0.0058429,0.00475024
0.0126067,0.00846596,0.00188466,0.01798,0.00454329,0.0105636
0.0199408,0.0139375,0.00645719,0.0357913,0.00920682,0.0132687
0.0167531,0.0115566,0.0282506,0.105534,0.0276648,0.0329099
0.0114293,0.00747209,0.00455477,0.0280283,0.00828921,0.00717884
0.0113421,0.00744547,0.00487476,0.0277615,0.0072415,0.00251068
0.0220889,0.00979698,0.0220402,0.0835874,0.0215672,0.0340908
0.0106071,0.00746305,0.00291047,0.0044579,0.000121091,0.00216493
0.0523556,0.0296805,0.0725314,0.246789,0.0643218,0.108835
0.0172225,0.0119294,0.00287021,0.0334879,0.0068928,0.00914847
0.0125367,0.00899991,0.00355656,0.0301701,0.00718938,0.0116698
0.00579591,0.00381802,0.00301485,0.0177903,0.00257652,0.00281923
0.00902585,0.00618119,0.00394592,0.0150562,0.00319823,0.00292278
0.00469644,0.00333503,0.00154211,0.0170661,0.00405312,0.00312977
0.00553239,0.0037668,0.00265652,0.01969,0.00448216,0.0049097
0.0256295,0.0175137,0.0126981,0.029814,0.00966315,0.00332853
0.00913682,0.00663,0.00286916,0.0194822,0.00570093,0.00432935
0.00522727,0.00389994,0.00190141,0.0173396,0.00424439,0.00372256
0.0232204,0.0159346,0.00639738,0.036746,0.00914665,0.0210725
0.0249468,0.0161371,0.00691058,0.0707507,0.0189119,0.0145426
0.0280009,0.0181801,0.0187307,0.0711261,0.0196196,0.0150408
0.0120866,0.00841329,0.00308856,0.0244484,0.00700983,0.0126544
0.00968295,0.00695281,0.00437798,0.0193759,0.00568151,0.0171464
0.0171549,0.0112025,0.00624756,0.0247489,0.00593251,0.0129208
0.0171515,0.0118008,0.0209054,0.0723623,0.0166424,0.0099802
0.0210911,0.013771,0.00703529,0.0322664,0.00657671,0.00862798
0.0179839,0.0125442,0.00664482,0.0256165,0.00804064,0.0104635
0.00983888,0.00692877,0.00728534,0.0201252,0.00565889,0.00305078
0.0202319,0.0138209,0.00653356,0.0341439,0.0102952,0.0160449
0.0459009,0.028426,0.0121228,0.0623212,0.0147844,0.0243903
0.0254875,0.0169691,0.00935152,0.0306688,0.00919714,0.0260142
0.0281696,0.0187677,0.0299633,0.0764505,0.0210054,0.0147887
0.00706089,0.00522936,0.00329885,0.0172303,0.00379615,0.000886621
0.00690492,0.00490048,0.00735761,0.0198616,0.0045365,0.00426114
0.0152141,0.0101569,0.0176408,0.0902983,0.0224209,0.0432815
0.042032,0.0234683,0.0323586,0.158575,0.0383941,0.0615073
0.0275979,0.0181232,0.00996535,0.0390561,0.00982317,0.00826072
0.00772769,0.00542889,0.00306608,0.0193084,0.00285521,0.00285113
0.0249286,0.0161887,0.00822406,0.0431037,0.0107611,0.00627008
0.00625311,0.00440721,0.00461551,0.0364477,0.00737205,0.00346512
0.0045281,0.00308559,0.00330041,-0.000745942,3.05001e-05,0.00986772
0.0152153,0.0100485,0.00436365,0.0311833,0.00729426,0.00295465
0.0238853,0.0159031,0.00814832,0.0337974,0.00704647,0.00952565
0.00961036,0.00678005,0.00371944,0.0164641,0.00492101,0.00401095
0.00905627,0.00659966,0.00440929,0.0311181,0.00968622,0.00858361
0.0263666,0.0174611,0.00617709,0.0370778,0.011943,0.0159531
0.0174929,0.011427,0.00580958,0.0307539,0.005448,0.0113676
0.0084494,0.00573354,0.00210264,0.0148869,0.00384638,0.00471746
0.0168416,0.0109953,0.00522553,0.0234353,0.00739672,0.00629752
0.00648638,0.00425343,0.00369725,0.0136003,0.00347663,0.00285035
0.0156453,0.0101153,0.00372314,0.027556,0.00732289,0.00749743
0.0162017,0.00683137,0.00563182,0.0336048,0.00794866,0.0062248
0.0159501,0.00672303,0.00538829,0.0279322,0.00732333,0.00496754
0.0264894,0.0173303,0.00751398,0.0360045,0.00803416,0.0035441
0.0361292,0.0216053,0.015272,0.071684,0.0197787,0.0223618
0.0323385,0.0134309,0.0462193,0.237648,0.0617205,0.102547
0.0234244,0.0158906,0.00757499,0.0400126,0.0121711,0.0126749
0.0131586,0.00941686,0.00369029,0.022881,0.00589889,0.00449396
0.0170426,0.0108119,0.019774,0.0788078,0.0212796,0.0172098
0.0268809,0.0176168,0.00841295,0.0319098,0.00711333,0.00697015
0.00797048,0.00553138,0.0034183,0.0222824,0.00617216,0.0083766
0.0160965,0.0103,0.0173845,0.0702781,0.0199825,0.0393107
0.0160063,0.0107079,0.00711474,0.0408453,0.010957,0.0132499
0.00670399,0.00443991,0.00198215,0.017687,0.0047267,0.00523055
0.00454676,0.00307837,0.00164448,0.0126116,0.00349989,0.00621192
0.0184777,0.0121538,0.00626158,0.032299,0.00808757,0.00433466
0.00711746,0.00482942,0.00131581,0.0103534,0.00333671,0.00396179
0.0189922,0.0130251,0.00905433,0.0419554,0.0123007,0.011469
0.0196414,0.0129043,0.00659225,0.0292464,0.00863926,0.00680489
0.0092645,0.00664447,0.00493585,0.0228126,0.00718329,0.00331394
0.0221988,0.014677,0.00527876,0.0371115,0.00881591,0.0193657
0.0415666,0.0252049,0.0185186,0.0972481,0.024279,0.0381249
0.0388788,0.0235387,0.0273585,0.135926,0.0314921,0.015639
0.0243957,0.0159612,0.0193108,0.0750106,0.0204393,0.0312365
0.0159724,0.0106352,0.00353123,0.0275685,0.005144,0.00661826
0.00860139,0.00598837,0.00344828,0.0208234,0.00371263,0.00245915
0.0288311,0.0185291,0.00906511,0.0487701,0.0110338,0.00715189
0.0277597,0.0187218,0.0078252,0.0114481,0.00165792,0.020046
0.0155898,0.0107733,0.00707092,0.0441739,0.0124088,0.00685437
0.0112215,0.00737222,0.00524563,0.0418913,0.00996909,0.0266967
0.0179808,0.0122411,0.00607199,0.0229357,0.0043247,0.00522435
0.0109731,0.00726322,0.006769,0.0305762,0.00846047,0.0105859
0.00675165,0.004693,0.00158618,0.0279909,0.00871073,0.0187459
0.00646303,0.00465753,0.00284888,0.0150476,0.00320878,0.00466219
0.0256773,0.016529,0.0366794,0.113287,0.0307519,0.039514
0.0127425,0.00863538,0.00410947,0.0168648,0.00570288,0.00945476
0.0055068,0.00398597,0.00240817,0.010309,0.00312562,0.006097
0.00999489,0.00704795,0.00820031,0.0201043,0.00556237,0.0112804
0.00878286,0.00631397,0.00465928,0.0074181,0.00167662,0.00466192
0.0421919,0.0258316,0.0226567,0.118688,0.0297519,0.0611665
0.0194083,0.0130307,0.0044904,0.032062,0.00793258,0.0109632
0.0216199,0.0143738,0.00770504,0.0400225,0.0123194,0.00972775
0.00616759,0.00408958,0.00238119,0.0137962,0.00376841,0.001758
0.00884798,0.00620602,0.00426324,0.0211199,0.00438832,0.00730691
0.0073496,0.00515277,0.00164257,0.0133166,0.00403687,0.00457417
0.0581667,0.0370654,0.0489203,0.221878,0.0572478,0.113246
0.0240778,0.0165056,0.0205259,0.0548442,0.0162515,0.0118331
0.0054806,0.00418746,0.00357051,0.0448669,0.0110274,0.00545816
0.00654519,0.00451062,0.00261218,0.0183396,0.00478037,0.00263113
0.00541969,0.003903,0.00335979,0.0148601,0.00341965,0.00566944
0.0228263,0.0153202,0.00734855,0.0336379,0.00816378,0.0156394
0.0273465,0.0181062,0.0101782,0.0550481,0.013683,0.0163497
0.0248411,0.0160641,0.00809073,0.044038,0.0103325,0.00433526
0.0179906,0.0120863,0.0099115,0.0366955,0.0099168,0.00538537
0.0154327,0.010401,0.0121529,0.0607472,0.0132398,0.00932571
0.0217078,0.0136581,0.0359895,0.15618,0.0411389,0.0539215
0.0126158,0.00896916,0.00397372,0.0275644,0.00684384,0.0139101
0.0113901,0.00791161,0.0055628,0.0182753,0.00335233,0.00649939
0.0386204,0.0209077,0.0379828,0.166922,0.0457576,0.0777349
0.0160481,0.0108738,0.0134847,0.0565975,0.0142468,0.0155254
0.00703759,0.00506171,0.00263412,0.00895699,0.00292099,0.00168256
0.0101011,0.00703487,0.00616721,0.0206358,0.00511091,0.0120053
0.0369025,0.024118,0.0131464,0.0114296,0.00253789,0.00861111
0.0354863,0.0187884,0.0215227,0.109577,0.029516,0.0429324
0.0418195,0.0224682,0.0217313,0.1088,0.0279684,0.0488475
0.0205933,0.0136933,0.00706265,0.0347857,0.00753861,0.00376994
0.0217633,0.0136477,0.0171221,0.0716509,0.017683,0.0267566
0.0198267,0.0107417,0.00628122,0.0396745,0.0127003,0.00882552
0.0290819,0.0168832,0.00914488,0.0415357,0.0105303,0.00503136
0.00916882,0.00641379,0.00236679,0.0101744,0.00282717,0.00402323
0.0417444,0.0247582,0.0266027,0.11394,0.0297486,0.0690035
0.0315053,0.0165926,0.00721673,0.0592131,0.0187637,0.0261926
0.0309057,0.0130428,0.00925649,0.0382705,0.0100286,0.0203835
0.00994845,0.00667931,0.00385987,0.0201484,0.00702595,0.00843269
0.0419189,0.0257973,0.0127686,0.0474006,0.0140278,0.0209704
0.0216072,0.00984849,0.0187957,0.0889317,0.0240527,0.0193384
0.0114019,0.00776193,0.00240612,0.0222245,0.00705206,0.00240509
0.0202282,0.0110962,0.0114828,0.071032,0.0244247,0.0190495
0.0571612,0.0301608,0.0405365,0.182066,0.0455803,0.0540438
0.00758687,0.00519521,0.00282556,0.016724,0.00368195,0.0134423
0.0499902,0.0316649,0.0154758,0.0597733,0.0148675,0.0283593
0.00520888,0.00360915,0.00134222,0.0176267,0.00541477,0.00234772
0.00665279,0.00455228,0.00649474,0.0195528,0.00466917,0.00343923
0.0460717,0.0280827,0.0124936,0.059212,0.0134244,0.0128036
0.00594811,0.00398014,0.00287396,0.0110063,0.00329673,0.000393899
0.00570258,0.00404639,0.00341534,0.0102767,0.00301315,0.0122265
0.0106881,0.00733039,0.00228455,0.0210923,0.00560012,0.00657286
0.0518631,0.0329092,0.01901,0.0626605,0.018835,0.0196144
0.00792085,0.00536521,0.00481828,0.0118225,0.0012269,0.0057434
0.0252629,0.0167005,0.00835211,0.0520781,0.0110364,0.00992936
0.022838,0.0152185,0.00778048,0.0369011,0.00883545,0.00478098
0.00609333,0.00433023,0.00250242,0.012961,0.00428795,0.00220726
0.00879177,0.00611599,0.00753841,0.0367114,0.0126377,0.00573487
0.0187356,0.0124753,0.0118718,0.0619713,0.0148036,0.0298605
0.0100683,0.00698661,0.00359552,0.0194172,0.00597058,0.00675387
0.0235083,0.0156,0.0140178,0.0254489,0.00649982,0.0164832
0.00870415,0.00567623,0.00146397,0.0280111,0.00638033,0.00387912
0.0292031,0.0148964,0.0207989,0.0882544,0.0216497,0.024098
0.0279333,0.0112109,0.0156635,0.0588705,0.0123765,0.0139116
0.00936687,0.00640248,0.00324118,0.0123269,0.00167123,0.00290422
0.0121783,0.00857733,0.00515897,0.0250422,0.00652837,0.00895006
0.0266988,0.0182258,0.00773366,0.0618813,0.0162679,0.0280835
0.0302758,0.0199415,0.0208547,0.0843356,0.0204381,0.0301091
0.0244543,0.0155293,0.0207805,0.0764426,0.0201045,0.0410027
0.0221013,0.0148916,0.00602909,0.0188536,0.0057139,0.0110897
0.0109395,0.00546092,0.0042135,0.0381314,0.0104308,0.0239346
0.0105828,0.00491808,0.00602368,0.0352847,0.00950444,0.0187753
0.0249443,0.0168545,0.0105121,0.0508103,0.0139355,0.0122434
0.0051498,0.00360479,0.00209082,0.010403,0.00307623,0.00244071
0.0321357,0.0128576,0.0306695,0.112675,0.0323635,0.0629306
0.0124742,0.00834993,0.00481642,0.0227523,0.00707616,0.0100779
0.0453869,0.0280027,0.0221323,0.0984598,0.0272086,0.0658578
0.0200573,0.0120922,0.00763314,0.0277323,0.00692329,0.00683679
0.0233386,0.0126979,0.00796716,0.0284114,0.00651809,0.00690688
0.0146818,0.0103287,0.00534658,0.0280317,0.00680476,0.00811152
0.0164035,0.0112495,0.00535612,0.0289534,0.0074177,0.00411525
0.0073615,0.00501198,0.0038949,0.0274635,0.00729741,0.0038973
0.00828494,0.00573968,0.00217228,0.0168288,0.00490028,0.00823763
0.0111469,0.00796568,0.00530103,0.0441437,0.0126471,0.0137094
0.00963264,0.00658783,0.00303057,0.0206846,0.0047629,0.00324387
0.00540306,0.00391129,0.0104249,0.0163813,0.0034189,0.00301893
0.0678546,0.0382837,0.0269868,0.1273,0.0321956,0.0194904
0.0113112,0.00821769,0.0038628,0.0160115,0.00296264,0.00318729
0.0108441,0.00767867,0.0059605,0.044556,0.0151427,0.0131625
0.0245712,0.0162573,0.00823978,0.0433306,0.0108232,0.0280014
0.00873928,0.00600628,0.00440327,0.0169988,0.00346575,0.00523194
0.0139141,0.00917562,0.0035962,0.0159854,0.00523935,0.00865237
0.0154778,0.0105142,0.00664895,0.0382126,0.0106785,0.00763416
0.00869486,0.00603081,0.00283322,0.0217944,0.00426886,0.00156696
0.00875216,0.00600783,0.00368918,0.0149317,0.00446627,0.00384743
0.0526146,0.0328719,0.0239812,0.11375,0.0301527,0.0179457
0.0376179,0.0236055,0.0149396,0.0608939,0.0150749,0.0203533
0.0181345,0.0124218,0.0062705,0.0285717,0.00610559,0.00372715
0.0144965,0.0099761,0.00548376,0.0210097,0.00720826,0.013742
0.0178506,0.0122079,0.00497202,0.0354941,0.0113701,0.00836363
0.0107237,0.00736527,0.00409243,0.0188686,0.0050875,0.00281283
0.0766073,0.0338756,0.0451094,0.241445,0.0620351,0.124342
0.0406772,0.0261757,0.0145683,0.070323,0.017408,0.0250491
0.00817178,0.00576977,0.00348997,0.0100612,0.00176681,0.0028704
0.0190096,0.0121241,0.00606101,0.0279246,0.00783885,0.00841995
0.0131042,0.00740975,0.00425779,0.0117229,0.00278816,0.00791756
0.00750712,0.0051771,0.0035771,0.0092734,0.00160293,0.00382997
0.00644206,0.00457311,0.00336893,0.0115014,0.00222493,0.00805159
0.0424672,0.0251996,0.0161855,0.0577699,0.015326,0.0180924
0.00491871,0.00363964,0.00169323,0.0148104,0.00260156,0.00687959
0.00952546,0.00627866,0.00436413,0.0123513,0.0045728,0.00804362
0.0332219,0.0186415,0.0222194,0.0845789,0.0220824,0.0283511
0.02363,0.0138935,0.0166146,0.068072,0.0141801,0.0255884
0.0328626,0.0212495,0.0113391,0.04802,0.0130668,0.0158363
0.0220548,0.0149436,0.00772413,0.0372742,0.00834788,0.0104435
0.0219426,0.014332,0.00687559,0.032637,0.00813574,0.00627368
0.0175095,0.0117779,0.00666052,0.0309672,0.0083817,0.0146089
0.0587728,0.0313061,0.0311141,0.159036,0.0401326,0.0624443
0.00968114,0.00697778,0.00546642,0.0298506,0.00807359,0.00460205
0.0164018,0.0108531,0.00640743,0.0256947,0.00765791,0.00364121
0.0142172,0.00926941,0.00371129,0.0288118,0.00780181,0.0028239
0.00874977,0.00614594,0.0038206,0.0207655,0.00551771,0.00294982
0.0335951,0.0208277,0.00922185,0.0552082,0.0125178,0.00661421
0.0157879,0.0111683,0.00882155,0.0290408,0.00962672,0.00589196
0.0346147,0.020805,0.0299907,0.0979442,0.0274504,0.0258776
0.00926631,0.00664555,0.00348731,0.0102872,0.00409817,0.00351584
0.00889188,0.00630089,0.00305882,0.0172398,0.00397705,0.0097209
0.00956387,0.00658122,0.00382265,0.0203564,0.0069481,0.00437289
0.0401068,0.0181862,0.0161924,0.0569282,0.0147144,0.0242042
0.038108,0.018341,0.0153241,0.0464619,0.0105584,0.0203597
0.0171554,0.0116454,0.00558336,0.0301586,0.00789728,0.0216709
0.00599504,0.0043537,0.00261338,0.0153509,0.00375437,0.00328951
0.0223596,0.015181,0.00642234,0.0350963,0.0083806,0.0103152
0.0245503,0.016329,0.00770147,0.0418261,0.0116526,0.0126206
0.0159014,0.0107433,0.00663909,0.027407,0.00807236,0.00904603
0.0219563,0.0147673,0.00789982,0.0353113,0.00973303,0.011199
0.0127121,0.00892383,0.00771002,0.0165594,0.00485876,0.00818083
0.0329984,0.0208969,0.0115768,0.0516845,0.012843,0.0146953
0.0315299,0.020767,0.0105243,0.0440922,0.0125126,0.00496529
0.0196599,0.013133,0.00976791,0.0576818,0.0137884,0.0172554
0.00708883,0.0046428,0.00346125,0.0160451,0.0037608,0.00931377
0.0278275,0.0177616,0.00748818,0.0533546,0.0141657,0.0181055
0.0116413,0.00774206,0.00634946,-0.0030943,0.0014361,0.0136451
0.0236504,0.0146294,0.0159352,0.0919494,0.0212908,0.0321189
0.0239417,0.0152328,0.009433,0.064857,0.0157205,0.0217468
0.0201928,0.0133699,0.0064749,0.043405,0.0108899,0.00894069
0.0242919,0.0165816,0.00773088,0.0316563,0.00919777,0.00825447
0.0115174,0.00819453,0.00476409,0.0317036,0.00749329,0.00695018
0.0275823,0.0186403,0.00921448,0.0571299,0.013572,0.0206317
0.00803604,0.00537008,0.00247865,0.0102118,0.00104508,0.00723235
0.0360016,0.0230023,0.0165679,0.0612719,0.0137306,0.0277794
0.00893488,0.00569829,0.00297498,0.014224,0.00400274,0.00307838
0.0102229,0.00727318,0.00463795,0.0204489,0.00511689,0.00106741
0.0278015,0.0183005,0.0141426,0.0379069,0.0118912,0.012254
0.0105232,0.00751525,0.00572967,0.0272332,0.00712693,0.00609561
0.0055686,0.00375039,0.00242348,0.016289,0.00173637,0.00529528
0.0295131,0.0199446,0.0150332,0.0711726,0.0177197,0.0153055
0.0242528,0.015559,0.0276249,0.101319,0.0249895,0.0367638
0.00548297,0.00395813,0.00312534,0.0115214,0.00324715,0.00388291
0.00962619,0.00689466,0.00751521,0.0238226,0.00649856,0.00733547
0.0119686,0.00828534,0.00439308,0.0229304,0.00529156,0.00607353
0.0199207,0.0138644,0.0141607,0.0668473,0.0176937,0.0481936
0.0162096,0.0112905,0.00564875,0.0210487,0.00515832,0.00633191
0.0179124,0.0115935,0.0106831,0.0639904,0.0177826,0.0291891
0.0244009,0.0158479,0.00849901,0.0364315,0.00749551,0.00385764
0.0280909,0.0190405,0.010075,0.0323807,0.00763475,0.00890343
0.0167769,0.011283,0.00888117,0.0310342,0.00926612,0.00555493
0.00538121,0.00389034,0.00304902,-0.000256138,0.00111914,0.00337318
0.00897224,0.00606367,0.00232885,0.0243269,0.00633177,0.00607288
0.0176129,0.0124586,0.00687522,0.0378952,0.0100809,0.0120086
0.0273001,0.0180262,0.0120917,0.0579267,0.0151917,0.0130552
0.0123538,0.00839436,0.00519673,0.0153451,0.00257829,0.00807107
0.0308262,0.0180144,0.0129788,0.0645819,0.0186123,0.0112413
0.0226539,0.00932768,0.00987509,0.0474307,0.0109702,0.00542944
0.00748327,0.00528194,0.00388286,0.014017,0.00291194,0.00653254
0.010589,0.00735981,0.00351769,0.0165223,0.00453021,0.00507937
0.0153458,0.0105686,0.00598858,0.0181217,0.00648923,0.00798749
0.0336077,0.0208138,0.00766665,0.0772144,0.0229716,0.0374525
0.016269,0.0113191,0.00930448,0.0512236,0.0136857,0.0194929
0.0108918,0.00711661,0.00626199,0.0250912,0.00621335,0.00386543
0.0187887,0.0121832,0.0149849,0.0442992,0.0135287,0.024258
0.0233479,0.0157973,0.0065053,0.0331481,0.00991254,0.0174946
0.0188613,0.0125306,0.00884926,0.0312791,0.00949195,0.0219516
0.0168359,0.0111699,0.0204455,0.0667742,0.0172814,0.0449701
0.0230639,0.0158111,0.00837841,0.0399015,0.0103677,0.0115976
0.0152793,0.0103179,0.00853704,0.0424424,0.00973765,0.00790437
0.00478272,0.00343177,0.00351041,0.0171462,0.00400955,0.00292006
0.0363093,0.0157431,0.0105463,0.0842398,0.023808,0.0227272
0.0215479,0.0114423,0.00706937,0.0458562,0.0144794,0.0219543
0.0400793,0.0247703,0.0234317,0.108335,0.0272114,0.00852775
0.0136451,0.00930828,0.00399684,0.0110867,0.00382378,0.00350689
0.00994762,0.00678567,0.00819819,0.0404926,0.00963236,0.00847383
0.0276001,0.0182018,0.00815303,0.033173,0.00893523,0.00519973
0.0277113,0.0178453,0.00990964,0.0574206,0.0138467,0.0161352
0.0176264,0.0112133,0.0087806,0.0146657,0.00576477,0.0175475
0.0215217,0.0141306,0.00767842,0.038707,0.00912467,0.0147077
0.0257986,0.0162674,0.0111073,0.0449492,0.0133173,0.0214095
0.0145188,0.00980028,0.00483382,0.0268037,0.00603923,0.0045133
0.0312176,0.0202816,0.00895549,0.0450189,0.0144544,0.0127321
0.00825242,0.00552944,0.00349625,0.0296867,0.00751063,0.00892936
0.0385263,0.0222355,0.0250479,0.0959436,0.0249369,0.0544841
0.0115712,0.00802549,0.00522203,0.0160001,0.00424419,0.00508201
0.0163944,0.0111034,0.00519552,0.0293313,0.00866632,0.0135113
0.0325657,0.020558,0.0218531,0.111516,0.027172,0.0340138
0.0141818,0.00957453,0.00600874,0.0260882,0.00648439,0.00613134
0.0102456,0.0069111,0.00347784,0.0263931,0.00735837,0.00580752
0.0346209,0.0226385,0.011901,0.0369363,0.00907368,0.0126311
0.0171444,0.0115384,0.00536274,0.0180582,0.00751324,0.00308542
0.0268528,0.0178401,0.0113563,0.0394874,0.0111643,0.00508557
0.0115673,0.00756331,0.00333699,0.0262717,0.00772752,0.00365387
0.00601576,0.00405112,0.00234152,0.0106006,0.00273089,0.00264186
0.00522472,0.00351452,0.00101746,0.0151262,0.00481214,0.00365859
0.0152958,0.010637,0.0103266,0.0557531,0.0161404,0.0172763
0.0133713,0.00873752,0.00847854,0.0563801,0.0147021,0.025745
0.0347024,0.0228089,0.00833878,0.06383,0.0165266,0.0145694
0.0248755,0.0164671,0.00868698,0.0301415,0.00766521,0.0161957
0.0122899,0.0085364,0.00494887,0.0248149,0.00577849,0.00510301
0.0161812,0.0113109,0.0076558,0.0533648,0.0151064,0.0170151
0.0125399,0.00860253,0.00321794,0.0258717,0.00574147,0.0130509
0.0131994,0.0087817,0.00520689,0.0286813,0.00826261,0.00962232
0.0138421,0.00718349,0.00663028,0.0400297,0.0122435,0.0173106
0.0323326,0.0203453,0.015137,0.0681437,0.0170984,0.035575
0.0257859,0.0164834,0.00930454,0.0553867,0.0143856,0.017121
0.0158865,0.00993636,0.0192216,0.114305,0.0294381,0.0233897
0.00635468,0.00436718,0.00199586,0.0152895,0.00370387,0.00238938
0.00544433,0.00370492,0.00115845,0.0166543,0.00520975,0.00179484
0.0190479,0.0127038,0.0073151,0.0243534,0.00685867,0.0191128
0.00986139,0.00689185,0.0036789,0.0423811,0.0103244,0.00947971
0.0154587,0.0108709,0.0079331,0.0302192,0.00751632,0.00776521
0.0147589,0.00989672,0.00674735,0.0365297,0.0100096,0.00566574
0.0273231,0.0179254,0.00900124,0.0402784,0.0110032,0.0359956
0.0247763,0.0166466,0.00766879,0.0270922,0.00622119,0.00804084
0.024909,0.0167623,0.00744139,0.0341545,0.0107155,0.0079405
0.00664633,0.00465329,0.00259271,0.0194563,0.00588094,0.00218662
0.0312966,0.0206218,0.0178484,0.0426161,0.0116839,0.0303722
0.0121696,0.00857226,0.00514932,0.0275815,0.00816728,0.00189916
0.0138449,0.00934972,0.0043159,0.0249786,0.00553653,0.0213463
0.022132,0.0145167,0.0155641,0.055343,0.0164884,0.0237944
0.0329464,0.0203841,0.0133493,0.0662793,0.0167406,0.012423
0.0147196,0.00961288,0.00989027,0.0638816,0.0159958,0.00531118
0.00613638,0.00416929,0.00178244,0.0136357,0.00462241,0.00460776
0.0102672,0.00700376,0.00969272,0.0335776,0.00885931,0.0188627
0.00907789,0.00628773,0.00521582,0.0409793,0.00874856,0.00403576
0.0277666,0.0182775,0.0102653,0.0204938,0.0065855,0.0115199
0.00806992,0.00572637,0.00553832,0.021037,0.00442202,0.00471347
0.00847217,0.00615139,0.0109678,0.014964,0.00302068,0.0178862
0.00694097,0.00464448,0.00351143,0.0177309,0.00522638,0.00531864
0.0227514,0.0153751,0.0121498,0.0536653,0.0125877,0.0457919
0.03136,0.0207785,0.0137924,0.0719518,0.0169093,0.0163608
0.0166909,0.0109331,0.0118925,0.0432259,0.0125067,0.0166118
0.0126444,0.00767346,0.00958831,0.0652039,0.016086,0.026604
0.011807,0.00812482,0.00386541,0.0143778,0.00419129,0.00494985
0.0334948,0.0216973,0.00948579,0.0508515,0.0162785,0.0274339
0.0107492,0.00775164,0.00373895,0.0195294,0.0057516,0.00268715
0.0279413,0.0182827,0.0128644,0.0482663,0.012765,0.0193359
0.0212125,0.0143144,0.0105393,0.0331468,0.0100234,0.00284299
0.0480534,0.0293864,0.0120751,0.0721171,0.0185383,0.0223685
0.00952347,0.00501308,0.00442868,0.0305169,0.00656578,0.0109495
0.00804251,0.00527934,0.0026561,0.0232807,0.00626715,0.00535759
0.0274801,0.0186176,0.00787576,0.0312559,0.00873392,0.013715
0.00589964,0.00416316,0.00246047,0.0138231,0.00355011,0.00245873
0.00620699,0.00428427,0.00207564,0.0168065,0.00466516,0.00895648
0.0619016,0.0341894,0.0635292,0.239916,0.0630731,0.152446
0.00757878,0.00515549,0.00301686,0.0147595,0.00311254,0.0041869
0.0176674,0.0116698,0.0166033,0.073588,0.0194565,0.0217473
0.0248143,0.0164281,0.00852795,0.0271782,0.00635506,0.00919057
0.0113873,0.00669946,0.00294559,0.0247251,0.00861583,0.00760913
0.0216229,0.0140635,0.0146339,0.0739928,0.0201698,0.0337654
0.00866676,0.00581471,0.00333809,0.0220896,0.00363446,0.00652499
0.0199994,0.0139047,0.00565216,0.0202283,0.0049302,0.00725136
0.00769889,0.00538186,0.00331821,0.0170206,0.00462128,0.00252921
0.0128194,0.00838112,0.00527796,0.030867,0.00846183,0.00595926
0.0186744,0.0124534,0.0207977,0.123103,0.0303254,0.0610486
0.0122554,0.00843341,0.00440745,0.0204773,0.00499409,0.00244936
0.011168,0.00766079,0.00984367,0.0624895,0.0157038,0.0141511
0.0382779,0.0241392,0.026177,0.134547,0.0326943,0.0481375
0.0129615,0.00882499,0.00558982,0.0163626,0.0053361,0.0080759
0.0218142,0.0143812,0.00824009,0.0509946,0.0137799,0.00858406
0.0131813,0.00893185,0.00396673,0.0317821,0.00804921,0.00406182
0.0381809,0.0176067,0.0190857,0.0871102,0.0221156,0.0321281
0.0160456,0.00628681,0.00549955,0.0300026,0.00896705,0.00859122
0.0160431,0.00684839,0.00490169,0.0306199,0.00655571,0.00679274
0.027401,0.0179864,0.0111928,0.0699931,0.0181243,0.0219667
0.0225089,0.0149503,0.00868488,0.0476083,0.0145024,0.00973628
0.0423375,0.0266305,0.0221972,0.145566,0.0394843,0.0572421
0.0268057,0.0178926,0.00665033,0.0234398,0.00787091,0.00835621
0.0105934,0.00749934,0.00389871,0.0236851,0.00599886,0.00655425
0.0266709,0.0174917,0.0106489,0.0336513,0.00825533,0.0113547
0.0341397,0.0220822,0.0197234,0.0707244,0.0183293,0.0287464
0.0420178,0.026642,0.018329,0.0994786,0.025982,0.0464922
0.0209083,0.0141157,0.0122427,0.0389402,0.0100075,0.0119997
0.0132247,0.00869083,0.00318585,0.0196241,0.00607544,0.00560002
0.00814777,0.00573523,0.00426643,0.0204581,0.0066042,0.00926641
0.0306133,0.0193059,0.0197146,0.109763,0.0312528,0.0229115
0.00868575,0.00608379,0.00366844,0.0383965,0.00921319,0.00326507
0.0200149,0.0129747,0.00611511,0.0250441,0.00498764,0.0093969
0.0131809,0.00862617,0.00396007,0.0251046,0.00668107,0.0040206
0.00415328,0.00312592,0.00163969,0.0161407,0.00310019,0.000932244
0.00723914,0.00503598,0.00273667,0.0160228,0.00489103,0.0025643
0.0217955,0.014558,0.00560507,0.0334142,0.00725086,0.00799463
0.056565,0.0295951,0.0211741,0.111492,0.0253117,0.0310539
0.0132289,0.0087563,0.00654828,0.0205684,0.0048174,0.00913183
0.00855667,0.00607176,0.00808814,0.0301831,0.00736665,0.00139701
0.0142769,0.00797543,0.00613235,0.0282469,0.00815028,0.00800034
0.0117344,0.00458687,0.00489143,0.0201316,0.00635559,0.00677966
0.0189111,0.0123366,0.00567538,0.0306974,0.00781517,0.0124232
0.0669089,0.0321042,0.0430169,0.22037,0.0558838,0.108577
0.00903984,0.00610958,0.0022522,0.0207334,0.00593003,0.00164462
0.00769332,0.00530304,0.00390198,0.0200628,0.0048958,0.00327453
0.00886592,0.00616043,0.00384228,0.0256851,0.00681543,0.0140758
0.0353164,0.0228162,0.0246969,0.0886445,0.0254068,0.0315513
0.0158361,0.0112114,0.00587821,0.0238525,0.0041213,0.0061832
0.0156946,0.0104306,0.00609155,0.00474726,0.00203432,0.00314652
0.0751201,0.0371433,0.0583859,0.223262,0.0524079,0.0996816
0.00862305,0.00576067,0.00307801,0.0218753,0.00534634,0.0128312
0.0157867,0.0106981,0.00691455,0.0574427,0.0153371,0.0189639
0.014079,0.00976909,0.00835709,0.0379366,0.0104195,0.00512363
0.0101004,0.00684437,0.0109433,0.0697767,0.0177979,0.0213866
0.010052,0.00687429,0.0033467,0.0238036,0.00788671,0.0101152
0.00845652,0.00615971,0.00317954,0.0102598,0.00250703,0.0110517
0.0119381,0.00823773,0.00534876,0.0200449,0.00502199,0.00307726
0.0115758,0.00779961,0.00442829,0.00302931,0.000203334,0.00379963
0.0133344,0.0092547,0.0153504,0.0387067,0.0100282,0.0167744
0.0272147,0.0178211,0.0208778,0.0725474,0.0205097,0.0213297
0.01528,0.0103458,0.0062153,0.0256458,0.00702108,0.0184702
0.0220004,0.0148628,0.0104274,0.0350914,0.00943608,0.00626184
0.00948613,0.0065514,0.00394366,0.0161278,0.00365352,0.00530587
0.00704729,0.00484303,0.00287004,0.0100684,0.00254588,0.00176557
0.00497541,0.00347538,0.00356248,0.0198203,0.00550879,0.0058361
0.0151874,0.00988715,0.00568517,0.0313535,0.00864153,0.0063634
0.0145464,0.00969458,0.00475266,0.0219347,0.00545779,0.00723707
0.0299917,0.0198497,0.00645727,0.0450889,0.0103786,0.00336617
0.00677729,0.00481594,0.00328837,0.0158399,0.00326667,0.000540851
0.0057225,0.0037088,0.00213815,0.0122016,0.00294409,0.00298702
0.00887067,0.00577438,0.00240033,0.0166895,0.00437352,0.00246667
0.0142213,0.00942507,0.00516264,0.0246252,0.00796818,0.0141803
0.0128781,0.00866216,0.00290546,0.026686,0.00823518,0.00851156
0.0119529,0.00800718,0.0039543,0.0150558,0.0026904,0.00993318
0.0238387,0.0155602,0.0133039,0.0749486,0.0202305,0.0173454
0.012208,0.00838742,0.00487031,0.0216632,0.00705843,0.00362441
0.00930389,0.0060459,0.0142143,0.0559902,0.0130136,0.0432192
0.018949,0.0126712,0.00790661,0.0235154,0.00553484,0.00666699
0.0191358,0.0127125,0.00740719,0.0468726,0.011483,0.0102448
0.0274619,0.0179557,0.0108537,0.0565759,0.0127979,0.0142951
0.0329889,0.0162334,0.0167233,0.0977402,0.0232601,0.023613
0.00708918,0.00511753,0.00282778,0.0203872,0.00562119,0.004231
0.0178537,0.0126155,0.00473376,0.0222019,0.00575509,0.00582888
0.00673175,0.00481653,0.003916,0.0212985,0.00547219,0.00604108
0.00433173,0.00312568,0.00244681,0.0124739,0.00373418,0.00055714
0.0104295,0.00701067,0.00347592,0.0170414,0.00414462,0.00585184
0.0267622,0.0176367,0.00870657,0.0452369,0.0114954,0.0119376
0.0241899,0.0162716,0.00818366,0.0376293,0.0104116,0.0160576
0.0107011,0.00715733,0.00433262,0.0153528,0.00415219,0.00168733
0.0269764,0.0178245,0.00743418,0.0427764,0.00923391,0.0250869
0.0123247,0.00852475,0.00623667,0.0316079,0.00913145,0.00527796
0.0188264,0.0126209,0.00990401,0.0695187,0.0181916,0.00773341
0.0241376,0.016102,0.00963506,0.00866638,0.00147858,0.0112007
0.0297502,0.0198619,0.0137937,0.0401359,0.0104812,0.0119578
0.00718067,0.00500532,0.00206726,0.0103584,0.00382258,0.00220351
0.0128275,0.00893762,0.00630684,0.0164979,0.00421334,0.00613089
0.00495163,0.00353821,0.0042345,0.0161324,0.00510433,0.00220389
0.0125485,0.00803663,0.00419275,0.0170512,0.00421036,0.00596166
0.0155329,0.0102605,0.00571825,0.0192528,0.00501959,0.00466782
0.0346752,0.0228358,0.0175997,0.0775485,0.0175598,0.0100676
0.00598193,0.00455422,0.00268683,0.0123587,0.00335989,0.00299131
0.0432826,0.0273751,0.0154423,0.0726854,0.0175449,0.018732
0.0377947,0.0241834,0.0253358,0.112973,0.0312858,0.0466388
0.0132777,0.00898599,0.00483544,0.0211459,0.00468277,0.00739342
0.0257068,0.0167128,0.00921566,0.0392106,0.0104711,0.0270071
0.00562039,0.00427132,0.00970524,0.0149106,0.00572202,0.00925269
0.025337,0.0172325,0.0112745,0.0596125,0.0154916,0.0221658
0.0067077,0.00324118,0.00270341,0.012539,0.00374554,0.00695094
0.0247865,0.0157184,0.0233012,0.116647,0.0308593,0.0313295
0.0147209,0.00720211,0.00799459,0.0422861,0.00965656,0.00751268
0.0130175,0.00781749,0.00269588,0.0217216,0.00401391,0.00276871
0.0195851,0.0128594,0.00606603,0.0274978,0.00610875,0.010476
0.0231344,0.0149987,0.0137954,0.0797896,0.0243214,0.0321895
0.0372364,0.0231647,0.0199992,0.0654824,0.0182095,0.0295172
0.0290353,0.0188973,0.00842648,0.031271,0.00886602,0.0134557
0.0590691,0.034203,0.0290629,0.139768,0.0343788,0.0407085
0.0112674,0.0074379,0.00571373,0.0218195,0.00536039,0.00351327
0.00403399,0.0030479,0.00182166,0.0141664,0.00165635,0.00210688
0.00996971,0.00610099,0.00261338,0.0201821,0.00765791,0.00732291
0.0197267,0.0127965,0.0149579,0.0689632,0.018975,0.0222099
0.0292947,0.0180241,0.0227194,0.097835,0.0254395,0.0355094
0.013804,0.00910727,0.0045351,0.0146331,0.00363868,0.00179139
0.0124712,0.00883325,0.00393912,0.0330426,0.00808899,0.0112631
0.0317778,0.020704,0.0139073,0.0523521,0.0155278,0.00851522
0.0127033,0.0086361,0.00343663,0.0140492,0.00439394,0.00661117
0.0235266,0.015436,0.00757996,0.036619,0.00926287,0.0217423
0.004861,0.00373286,0.00178047,0.015419,0.00425278,0.0027375
0.0253331,0.0163958,0.0109364,0.03835,0.00922215,0.010815
0.0113447,0.00806706,0.0141088,0.0526087,0.0114366,0.0125859
0.033599,0.019908,0.0345005,0.128372,0.0353938,0.0706468
0.0141821,0.00918879,0.0184644,0.0853428,0.0204434,0.0187457
0.0144124,0.0101024,0.00650431,0.0189653,0.00485354,0.00690018
0.0104673,0.00698355,0.00356976,0.0196205,0.00635169,0.00269802
0.00541777,0.00383418,0.00297055,0.0144646,0.00272383,0.00678356
0.0117448,0.00800762,0.00359061,0.017141,0.00611795,0.00419057
0.0205444,0.013674,0.0129042,0.0506515,0.0115389,0.011577
0.0462541,0.0284442,0.0190416,0.0812776,0.0229803,0.0310857
0.037618,0.0225167,0.022776,0.092194,0.0231048,0.0572815
0.0435144,0.0275662,0.0134089,0.0282215,0.00836698,0.0095328
0.00803871,0.00558788,0.00351606,0.0174828,0.00372475,0.00944887
0.0269295,0.0171593,0.0113233,0.0552388,0.0128259,0.0272439
0.0122422,0.00850774,0.00340863,0.0158512,0.00371097,0.00595178
0.0283191,0.0159425,0.0112005,0.056877,0.0140094,0.0271983
0.0267382,0.0159263,0.0109731,0.0532592,0.0127842,0.0250441
0.0122396,0.00852817,0.00438994,0.0207392,0.00465913,0.00451908
0.0203436,0.0134324,0.00778162,0.0301194,0.0102449,0.00871214
0.00618736,0.00408518,0.00253319,0.00846306,0.00204148,0.00258743
0.00902796,0.00638553,0.00290169,0.0167766,0.00466595,0.00295964
0.0115098,0.00801772,0.00383981,0.0218608,0.00592549,0.00684421
0.00780288,0.00535949,0.00287068,0.0146781,0.00360637,0.00188711
0.016668,0.0108133,0.00720004,0.0716308,0.0170778,0.0195991
0.0185257,0.012143,0.006681,0.0590991,0.0155253,0.00492197
0.00974063,0.00674545,0.0032816,0.0217164,0.00611476,0.00154872
0.00788792,0.00564421,0.0032495,0.0267398,0.00681274,0.0101163
0.0159478,0.0102641,0.0044357,0.0311656,0.00863323,0.016574
0.0134751,0.00899881,0.00459347,0.0209813,0.00656996,0.00958285
0.0208399,0.00848764,0.00961128,0.0475195,0.0116198,0.00794059
0.0199376,0.0137977,0.011076,0.0286967,0.00751097,0.0134238
0.0120087,0.00862868,0.00670492,0.02417,0.00653263,0.00554471
0.0137828,0.00926659,0.0054988,0.0315544,0.00714056,0.00489336
0.0231952,0.0149904,0.00745015,0.0498049,0.0138804,0.0249535
0.0145978,0.00985312,0.00565208,0.0350394,0.00936795,0.00910544
0.0440176,0.0277256,0.0158279,0.0380284,0.00854949,0.0181026
0.0232464,0.0157218,0.00692587,0.031761,0.0105571,0.0138061
0.00469553,0.00311565,0.00304832,0.0160688,0.00292525,0.00176227
0.00597568,0.00404361,0.00210587,0.0243095,0.0061017,0.00449057
0.0272075,0.0173376,0.021578,0.0844135,0.0229863,0.026552
0.0340081,0.022047,0.0170151,0.0577611,0.0138338,0.0189572
0.00882996,0.00564572,0.00131295,0.0105603,0.00266843,0.00353195
0.0233396,0.0161319,0.00732887,0.036553,0.0104697,0.0127403
0.0250219,0.0164639,0.0255991,0.138673,0.0394566,0.0557899
0.0103245,0.006868,0.00368377,0.0222435,0.00711869,0.00746221
0.00565008,0.00369024,0.00258937,0.0174782,0.00501629,0.00177472
0.0188473,0.0126433,0.00740831,0.0410537,0.0101348,0.00486397
0.00426244,0.00312636,0.00269769,0.0251298,0.00574894,0.00749028
0.00410974,0.00299752,0.00303463,0.0133607,0.00305306,0.00286095
0.00691373,0.00504415,0.00229522,0.0194806,0.00632316,0.00928512
0.0128544,0.00863871,0.00451581,0.0260767,0.00611022,0.00452906
0.00638733,0.00448656,0.00236621,0.0254664,0.00508188,0.00286219
0.0340915,0.022547,0.0153596,0.0885643,0.0245028,0.0295346
0.0156329,0.0107284,0.00578856,0.0249703,0.00652639,0.00953557
0.0264704,0.0169639,0.0171051,0.0723088,0.0201663,0.0200083
0.0141961,0.0098688,0.00336324,0.0247025,0.00576628,0.00233368
0.00622576,0.00440651,0.00269365,0.0116791,0.00372956,0.00303951
0.00676719,0.00465196,0.00419076,0.0187217,0.00505342,0.0132219
0.0640205,0.0317536,0.0782832,0.329953,0.0812297,0.11968
0.0129799,0.00884933,0.00399989,0.0226877,0.00483443,0.00910647
0.0181779,0.0118922,0.00643319,0.0324435,0.0068667,0.00488259
0.00841613,0.00595909,0.00340875,0.0130076,0.00359984,0.00401252
0.0152651,0.010604,0.00619966,0.0247276,0.00529476,0.002598
0.0232458,0.0149819,0.00932259,0.00845257,0.000861312,0.0102451
0.0149872,0.00991192,0.00642119,0.0269608,0.00576907,0.00208415
0.027512,0.0180596,0.0157275,0.0504701,0.0147874,0.0249731
0.00880425,0.00573261,0.00166007,0.0214149,0.00583265,0.0055173
0.0209429,0.00892616,0.00625913,0.052322,0.0144179,0.0309394
0.0296205,0.00885051,0.00953609,0.0593842,0.0132621,0.0300588
0.0212126,0.0089175,0.00724309,0.0454965,0.00976527,0.017599
0.01617,0.0107396,0.013659,0.0639367,0.0212023,0.046133
0.0298047,0.0126011,0.0192752,0.0891477,0.0226655,0.0362675
0.0274024,0.018817,0.041087,0.118821,0.0318559,0.035833
0.01462,0.0101212,0.00428082,0.0216276,0.00681937,0.00438799
0.0369207,0.0237694,0.0136276,0.054901,0.0133595,0.0110877
0.00935291,0.00644654,0.00307527,0.0134938,0.00274996,0.00386664
0.00927102,0.00668542,0.00669156,0.0194727,0.00508188,0.00517073
0.0116271,0.00778241,0.00407513,0.0240269,0.00692837,0.0131304
0.0112832,0.00745542,0.00480687,0.0155838,0.00649246,0.00866115
0.0209327,0.0143092,0.0172842,0.0858874,0.0232162,0.0127043
0.0186308,0.0121002,0.0145086,0.0652033,0.0158257,0.0195125
0.0105177,0.00679944,0.00409622,0.0265466,0.00458303,0.00594046
0.0331998,0.015025,0.0249744,0.0990827,0.0265568,0.0362552
0.0352306,0.0167282,0.0330565,0.0934318,0.024064,0.0367308
0.012416,0.00834303,0.00552288,0.0236213,0.00778741,0.00901619
0.0221373,0.014787,0.00859574,0.0555406,0.0152756,0.0221621
0.0171125,0.0071493,0.00498434,0.0277673,0.0088966,0.0099834
0.00525021,0.00360976,0.00328388,0.0150523,0.00325492,0.00173937
0.00904508,0.0062561,0.00292388,0.0208983,0.00437984,0.00505488
0.00495233,0.00325767,0.00239036,0.0179111,0.00245231,0.00394502
0.0166021,0.0113834,0.00549999,0.0263048,0.00761115,0.00979229
0.0253037,0.0170009,0.00772792,0.00716872,0.00215184,0.0210971
0.0309502,0.0203168,0.0141537,0.0522109,0.0150039,0.00777375
0.00414572,0.0029277,0.00204479,0.0149626,0.00351855,0.0040956
0.03748,0.0248425,0.0165766,0.0703202,0.0158084,0.0200245
0.0144831,0.00961347,0.00524856,0.0260439,0.00724727,0.00563757
0.0162197,0.0109565,0.00630983,0.0245897,0.00632069,0.00551761
0.0138048,0.00949564,0.00939425,0.0402432,0.0120211,0.0135094
0.00632015,0.00438699,0.00232615,0.0139799,0.00438818,0.0108791
0.0226027,0.0152762,0.00718974,0.0279173,0.00680886,0.00364429
0.015766,0.0105154,0.0182434,0.0675679,0.0160716,0.0184225
0.00567416,0.00375521,0.00311393,0.0149504,0.00411384,0.00802681
0.0265981,0.0171468,0.00603623,0.0414336,0.0108113,0.0212587
0.019392,0.012887,0.0061351,0.0202573,0.00466845,0.00460418
0.0270226,0.0176202,0.00983341,0.0403533,0.0123436,0.0258651
0.0129328,0.00876318,0.00677152,0.0166836,0.00555436,0.00479734
0.0107933,0.00694479,0.00378749,0.0286237,0.00794649,0.00820226
0.0351497,0.0221762,0.0211766,0.0684763,0.019849,0.0302459
0.0139555,0.00733521,0.0037761,0.0345095,0.00928566,0.00823464
0.0153004,0.00772915,0.00359816,0.0357095,0.00855123,0.00923806
0.00454647,0.0030915,0.00244742,0.0164012,0.00225814,0.00174569
0.0204346,0.0139691,0.00517949,0.0240732,0.00789775,0.00884124
0.0102592,0.00706444,0.00416331,0.0266795,0.00690721,0.00581056
0.0126451,0.00843047,0.00331329,0.0231323,0.00755255,0.00674236
0.017914,0.012026,0.015095,0.0428279,0.0128563,0.0206598
0.00876087,0.00633087,0.0118173,0.0315181,0.0104707,0.0135654
0.0535382,0.0314921,0.0477426,0.176641,0.0434984,0.0420753
0.0166536,0.0118975,0.00556188,0.0323699,0.00776989,0.00747959
0.0233833,0.0159812,0.00764473,0.042047,0.0116794,0.0187075
0.00754309,0.0054346,0.00619376,0.0222257,0.00733194,0.00258351
0.0121707,0.00818911,0.00426743,0.0203352,0.00430182,0.00279539
0.00907087,0.00603073,0.00380982,0.0105834,0.00295482,0.00304409
0.0161148,0.0107141,0.00491583,0.0213434,0.00665051,0.00495746
0.00461281,0.00326752,0.00248983,0.00512424,0.00198243,0.00249701
0.00590316,0.00400593,0.00283716,0.00345734,0.000735253,0.00322498
0.00975499,0.00686418,0.0027812,0.0218998,0.00509667,0.00894793
0.0205285,0.0133216,0.0067157,0.037015,0.00874419,0.00945182
0.00842368,0.00578776,0.012117,0.0340986,0.00828451,0.00541371
0.00454814,0.00309325,0.00215159,0.0177101,0.00342409,0.00342464
0.0256565,0.0159298,0.0277087,0.116135,0.0317286,0.0649975
0.0364592,0.0230139,0.00943035,0.0492268,0.012934,0.0123357
0.0081096,0.00546297,0.00300683,0.0269883,0.00551932,0.00950289
0.0104428,0.0072375,0.00229224,0.0172035,0.00340615,0.00338843
0.0156805,0.0105291,0.00680243,0.0303625,0.0084974,0.00148844
0.0252807,0.0161754,0.0103137,0.0573292,0.0142829,0.0117208
0.0208572,0.0131493,0.00782253,0.0315086,0.0089093,0.0148869
0.0163357,0.0109448,0.00797643,0.029369,0.00775992,0.0143209
0.00916871,0.0059983,0.00249036,0.0178897,0.00413176,0.0162862
0.0294331,0.0189888,0.00796602,0.0352364,0.00837256,0.0270557
0.0166539,0.00883289,0.0100481,0.0366186,0.0104836,0.0067558
0.0155743,0.00879222,0.00894394,0.0292707,0.00763088,0.00509767
0.0451532,0.0283085,0.0144119,0.0571117,0.0137517,0.0212254
0.0270185,0.0177987,0.00986738,0.0332918,0.0103095,0.0242865
0.0203479,0.0128789,0.00710735,0.0232683,0.00541674,0.0149287
0.0130777,0.00889446,0.00499322,0.0216331,0.00501567,0.00827223
0.0399943,0.0261662,0.0153919,0.0567847,0.0145775,0.0158819
0.0112205,0.00764101,0.00365917,0.0251331,0.00648034,0.0114751
0.0294179,0.0195602,0.030506,0.145365,0.0364174,0.0643915
0.0251793,0.0167422,0.00697829,0.0335697,0.00742942,0.00680517
0.0105997,0.00749595,0.00301395,0.0227042,0.00545112,0.00179717
0.0197055,0.0132692,0.00527021,0.0478542,0.0138385,0.00593832
0.0126842,0.00855386,0.0041609,0.0178945,0.00475074,0.012606
0.0286067,0.0193188,0.0176798,0.0847165,0.0200062,0.0187924
0.0122304,0.00812085,0.00258416,0.0165802,0.00538718,0.0176653
0.0055365,0.00397886,0.00261136,0.00883592,0.00495442,0.00210299
0.0804372,0.0328609,0.0698771,0.255057,0.0686266,0.112304
0.00882088,0.00575582,0.0029115,0.0254652,0.00662905,0.00569624
0.0142762,0.009805,0.00561272,0.0219984,0.00364348,0.0174816
0.0076363,0.00510043,0.00305641,0.0146461,0.00310118,0.00213854
0.00436362,0.0030728,0.00144403,0.0109916,0.00208271,0.00519916
0.0359644,0.0170668,0.0165957,0.0606971,0.0167289,0.0234741
0.0675932,0.0369806,0.0288827,0.117514,0.0281408,0.0438002
0.0135725,0.00930624,0.00511664,0.0233533,0.00324822,0.00483259
0.0151804,0.0105736,0.0256165,0.0690782,0.0180634,0.0312504
0.0100887,0.0071771,0.00688575,0.0234248,0.00455916,0.00321434
0.0105803,0.00723313,0.00375134,0.00958949,0.00245076,0.00292146
0.01366,0.00940891,0.00386909,0.0182999,0.00417727,0.00374148
0.0291113,0.0191288,0.00766254,0.0430507,0.0102585,0.00900963
0.0256253,0.0171548,0.0160619,0.0559693,0.0160071,0.0562038
0.0515947,0.028028,0.0434551,0.166435,0.0411619,0.0522304
0.0218657,0.0143647,0.0150753,0.0933721,0.0234146,0.013154
0.0336399,0.0216379,0.0143214,0.0543346,0.0137896,0.00847922
0.0121373,0.00852372,0.00530833,0.0274029,0.00932898,0.0129796
0.0495113,0.0306895,0.0168421,0.0967516,0.0230482,0.0456902
0.0177179,0.0119164,0.00642745,0.0287098,0.00727991,0.00360329
0.00695198,0.00492353,0.00321337,0.0166495,0.00338772,0.00518386
0.0139851,0.00900437,0.00526092,0.0222148,0.00728155,0.00472136
0.00949953,0.00622651,0.00374386,0.0199338,0.00541551,0.0023066
0.0158226,0.0107998,0.00463873,0.0215529,0.00323328,0.00677683
0.0236117,0.015781,0.00978525,0.0505996,0.0122067,0.0190685
0.00987236,0.00650064,0.00872268,0.0232698,0.00580856,0.00816399
0.00511016,0.00383761,0.00337787,0.0245097,0.00446056,0.00588118
0.01139,0.00808115,0.00417872,0.020702,0.00473122,0.00310771
0.0059272,0.00442793,0.00276727,0.00806739,0.00292009,0.00292483
0.0114765,0.00782932,0.00601088,0.0243897,0.00518707,0.010362
0.0195807,0.0131315,0.00543895,0.0177799,0.00526474,0.0170515
0.0167205,0.0108133,0.00600668,0.0554364,0.0136426,0.0225169
0.0195246,0.010849,0.00708581,0.0458944,0.00995858,0.0178226
0.0278313,0.0188719,0.0234157,0.0783352,0.0225794,0.0439205
0.00787828,0.00522939,0.00298256,0.0194886,0.00465226,0.00829902
0.00923819,0.00613015,0.00514584,0.0141957,0.00431702,0.00962279
0.0141144,0.00958754,0.00583265,0.0354514,0.00892387,0.00525494
0.0104855,0.00678948,0.00234354,0.0195774,0.0033285,0.00160539
0.017393,0.0116216,0.00604409,0.029163,0.00787937,0.0117
0.010711,0.0074175,0.0037907,0.0141511,0.00306409,0.00195431
0.0150375,0.0105282,0.0067886,0.0236818,0.00703885,0.00491613
0.0137471,0.00959311,0.00654787,0.0718328,0.0189768,0.00611031
0.0283061,0.018766,0.0107961,0.0326031,0.00725925,0.0077061
0.0173581,0.0120254,0.0100501,0.0438084,0.0116405,0.010684
0.0204138,0.0128959,0.00560959,0.042094,0.00910702,0.0241784
0.0101614,0.00565506,0.00313016,0.0255801,0.00654781,0.00730895
0.0108504,0.00745171,0.0055962,0.0161481,0.00455172,0.00368319
0.032444,0.0210231,0.00945167,0.0464785,0.0123417,0.00815007
0.0104271,0.00709094,0.00267344,0.0200929,0.00403666,0.00755754
0.0247318,0.0161289,0.00649958,0.0433055,0.0144059,0.00714723
0.0206219,0.0138224,0.018335,0.137497,0.0383923,0.0299745
0.0334839,0.0221518,0.0142576,0.0177276,0.00357479,0.0173186
0.00709233,0.00480586,0.00303517,0.0156845,0.0028048,0.00417862
0.0104468,0.00699662,0.00476921,0.0297004,0.00268222,0.00136193
0.0164643,0.0113728,0.00525597,0.0185518,0.00569966,0.00352349
0.0369881,0.0241109,0.0112308,0.0620625,0.0154499,0.0174427
0.0218229,0.00845467,0.010901,0.0559508,0.0166936,0.015457
0.0210756,0.00855586,0.0105844,0.0443811,0.013575,0.0129751
0.0128582,0.00865698,0.00421749,0.0205497,0.00585574,0.00589611
0.00978626,0.00641598,0.00534335,0.0137863,0.00407887,0.00429776
0.0290561,0.0160081,0.0119065,0.105719,0.0261406,0.0468879
0.0253239,0.0160011,0.0115139,0.0818914,0.0181363,0.0352546
0.0122642,0.00822239,0.00426197,0.0163956,0.00473483,0.00928951
0.0548433,0.0298665,0.0270422,0.129711,0.0310617,0.0366112
0.0217838,0.0143028,0.0117321,0.0472405,0.0109825,0.0129765
0.017697,0.0118069,0.00667049,0.0374181,0.0105033,0.00845232
0.0112366,0.0056788,0.00370402,0.0142377,0.00404398,0.00563823
0.0109494,0.00789697,0.00368,0.019863,0.00580386,0.00432644
0.0178173,0.0124494,0.00568439,0.0305657,0.00757115,0.00603327
0.0138358,0.00957058,0.00446923,0.0237738,0.00614187,0.00278774
0.0234116,0.0147897,0.00867126,0.0573241,0.0169319,0.0208932
0.0440314,0.0213646,0.0180482,0.0818889,0.0189952,0.0266722
0.00751699,0.00520892,0.0026234,0.0248213,0.00661009,0.00801348
0.0249922,0.0168119,0.00931301,0.0456255,0.0135638,0.020764
0.00661979,0.00471518,0.00317145,0.00331585,0.000715496,0.00584025
0.0247362,0.0161088,0.0069588,0.0457487,0.00956472,0.0110842
0.0276532,0.0158263,0.0141196,0.0429485,0.0103671,0.0137654
0.0137251,0.00949916,0.00591683,0.0270985,0.0060564,0.012356
0.00491692,0.00365563,0.00182403,0.0112676,0.00340429,0.000873266
0.0371432,0.0226881,0.01623,0.0880986,0.0252238,0.0278728
0.0108439,0.00721882,0.003696,0.0144383,0.00426652,0.00622013
0.024452,0.0164961,0.00734766,0.0314394,0.00727979,0.0101552
0.031159,0.0203919,0.0344377,0.22039,0.0552272,0.0766013
0.0427724,0.0276132,0.0193581,0.0717504,0.019648,0.0239276
0.00823857,0.00558585,0.00262235,0.0200597,0.00636669,0.00429631
0.0149983,0.0104555,0.00545152,0.029139,0.00748982,0.0114102
0.00424884,0.0031552,0.00151834,0.015503,0.0039939,0.00321993
0.0105166,0.00710935,0.00474327,0.0181384,0.00397654,0.00498849
0.00838126,0.00554193,0.00171553,0.0219316,0.00643475,0.00406358
0.009295,0.00629551,0.00265097,0.0228849,0.00721883,0.00710953
0.0107636,0.00711512,0.00788566,0.0231972,0.00742015,0.00779623
0.0108817,0.00778253,0.0111772,0.0258708,0.00598838,0.00692489
0.0325578,0.0152221,0.00874777,0.0625072,0.0157368,0.0100207
0.0270296,0.0172945,0.00869071,0.0502931,0.0132012,0.0225536
0.0296221,0.0187101,0.00905614,0.0380934,0.010248,0.00339535
0.0188824,0.012358,0.00532972,0.0300984,0.00956473,0.00861985
0.0116215,0.00801074,0.00407075,0.0238796,0.00547291,0.00742111
0.0251255,0.01675,0.0090797,0.0535762,0.0140906,0.0220034
0.00871737,0.00613509,0.0030981,0.010773,0.0034351,0.00399141
0.0238324,0.0160239,0.0170054,0.0728943,0.022408,0.0365895
0.00767802,0.00496297,0.00360653,0.0271937,0.00579857,0.00385155
0.0165738,0.010764,0.00602289,0.0323128,0.00933132,0.0115792
0.0196094,0.0130949,0.0073537,0.0228611,0.00672124,0.0156646
0.0112657,0.00803907,0.0109427,0.0495472,0.0150037,0.0362419
0.00725909,0.00469374,0.00257091,0.0123972,0.00325136,0.00160566
0.00956931,0.00670012,0.00254369,0.0168881,0.00356774,0.0022185
0.0148044,0.0103043,0.00573442,0.00893362,0.000478356,0.0125318
0.0223371,0.0144196,0.00687114,0.030219,0.00770881,0.0114476
0.0274169,0.0181221,0.0101843,0.0482712,0.0119752,0.0303206
0.00758931,0.00507121,0.00292451,0.00757816,0.00440376,0.00726502
0.0162652,0.0107819,0.00936885,0.0683907,0.0193375,0.00587932
0.0306724,0.0198646,0.0134871,0.0545093,0.0157511,0.0137263
0.0211323,0.01398,0.00670706,0.0332276,0.00843602,0.0186337
0.018609,0.0112289,0.0252661,0.123343,0.0323926,0.0429391
0.0302387,0.0179488,0.0269134,0.139376,0.0326988,0.0374056
0.0114906,0.00773167,0.00442751,0.0272109,0.00639942,0.00692273
0.00857169,0.00600568,0.0112944,0.0462823,0.0137875,0.00434526
0.0154422,0.0102457,0.00467364,0.0356505,0.00985797,0.020695
0.0108438,0.00724639,0.00592284,0.0329307,0.00808553,0.0048359
0.0110645,0.00760517,0.0040139,0.0239498,0.00511177,0.00297249
0.00934011,0.00669912,0.00333203,0.0181866,0.0058303,0.0108751
0.0125723,0.00883189,0.00372163,0.0217284,0.0056557,0.00820109
0.0284605,0.0189517,0.0101246,0.043461,0.0123643,0.012392
0.0104541,0.00738638,0.0136229,0.0457093,0.010352,0.00789893
0.00611061,0.00456856,0.00389362,0.0145582,0.00411917,0.00396091
0.028201,0.0173505,0.0135298,0.0774725,0.0191373,0.0263309
0.00570377,0.00294952,0.00204068,0.0136335,0.00262653,0.00125146
0.00573541,0.00352831,0.00271691,-0.00282419,0.000574492,0.00406164
0.0263228,0.0173809,0.00751215,0.0553876,0.0142118,0.0289448
0.0173405,0.0115733,0.00664265,0.00693174,0.00128178,0.0115979
0.016041,0.00719386,0.00686539,0.033963,0.010268,0.0151506
0.0172677,0.00869642,0.00609502,0.0231232,0.00770659,0.00930422
0.0202923,0.0134418,0.0051749,0.0378559,0.0106963,0.00620233
0.0391849,0.0237771,0.0189308,0.0898363,0.0223461,0.0319756
0.0356387,0.0217615,0.0257678,0.136138,0.0344386,0.0594957
0.0151272,0.0103786,0.00576421,0.0205121,0.00639802,0.00738611
0.00709173,0.00474676,0.0034428,0.014023,0.00315374,0.00365616
0.00618446,0.00468159,0.0104699,0.0630902,0.0162639,0.0149677
0.0291847,0.017958,0.0358858,0.11833,0.029765,0.0333315
0.00672021,0.00454184,0.00686928,0.0300366,0.00695236,0.00387877
0.00420479,0.0030694,0.00222999,0.0141783,0.00252172,0.00158358
0.0128792,0.00882053,0.0045981,0.0210911,0.00539692,0.00489379
0.00520769,0.00361951,0.00303322,0.0190584,0.00444636,0.00204019
0.00891199,0.00628289,0.00630586,0.0248454,0.00708014,0.00598709
0.00730836,0.00497533,0.00412016,0.00791228,0.00399954,0.0072787
0.0125278,0.00818346,0.0109559,0.0518957,0.0152285,0.0227524
0.0142823,0.00977396,0.010458,0.0615137,0.0180334,0.0460092
0.0167137,0.0118621,0.0079351,0.0410136,0.0119663,0.0127977
0.0199992,0.0127501,0.00926744,0.0617585,0.015252,0.0210012
0.0101243,0.00713583,0.00330905,0.0214913,0.00386763,0.00373842
0.0289882,0.0191733,0.0142691,0.0903594,0.0248893,0.0221476
0.0909927,0.0462171,0.0579396,0.308476,0.0780897,0.113928
0.00802116,0.00536187,0.00250582,0.020184,0.00589126,0.00611433
0.00704755,0.0049268,0.00224531,0.0155576,0.00474138,0.00560851
0.0223773,0.0146345,0.00815621,0.0406774,0.00897503,0.0086993
0.026551,0.0115599,0.0132374,0.0472018,0.0128349,0.00699451
0.0262419,0.0153268,0.00962334,0.0393215,0.0121362,0.00799643
0.0170914,0.00865144,0.00618592,0.0212922,0.00612705,0.00245343
0.00729549,0.00503693,0.00673873,0.0342625,0.010059,0.0169734
0.0114764,0.00777069,0.00424772,0.0286008,0.00764739,0.00503425
0.0134871,0.00881927,0.00448399,0.029642,0.00586977,0.00659588
0.0248048,0.0160858,0.0119454,0.0637795,0.017462,0.0155218
0.0414876,0.0256989,0.0373108,0.117752,0.0327181,0.0556932
0.00868175,0.00592391,0.00920424,0.0167531,0.00391013,0.00358564
0.0111664,0.00787507,0.00292475,0.0335201,0.0119373,0.0204012
0.0490456,0.0311573,0.0192053,0.0722122,0.0175365,0.0166469
0.00667699,0.00444678,0.00271533,0.00990376,0.0039917,0.00211334
0.0356634,0.0222123,0.012688,0.0686913,0.016479,0.0118496
0.0176058,0.011503,0.0108554,0.0428239,0.0129749,0.00658792
0.00857612,0.00571476,0.00348675,0.00765583,0.00300132,0.0044959
0.0270789,0.0116442,0.0105973,0.0652415,0.0222121,0.0218841
0.101146,0.046128,0.056698,0.214321,0.054246,0.0724935
0.0342657,0.0219227,0.00972828,0.0466993,0.0117073,0.024516
0.00646588,0.00452031,0.00243621,0.00924588,0.00403409,0.00164523
0.012701,0.00601165,0.0078686,0.0424282,0.00988961,0.00989817
0.0129288,0.0059577,0.00783776,0.0427472,0.00873623,0.00906656
0.0100135,0.0069894,0.00336014,0.01464,0.00437418,0.00297305
0.0328357,0.0216403,0.00990851,0.0392465,0.0124401,0.0101494
0.0155958,0.0103661,0.0309954,0.155182,0.0394394,0.0857519
0.00818013,0.0055367,0.00429646,0.0191131,0.00350777,0.00590499
0.015761,0.0109984,0.00680907,0.0323131,0.00703858,0.0105403
0.0208331,0.0138093,0.00722636,0.0253397,0.00819429,0.0111156
0.00576984,0.00376917,0.00440463,0.0239644,0.00738758,0.00767141
0.0148015,0.00992161,0.00660755,0.0173865,0.00584658,0.00226641
0.0344424,0.0218587,0.00993438,0.0608196,0.0126413,0.0104023
0.0121547,0.00858623,0.00413431,0.0130704,0.00298836,0.00816961
0.014224,0.00944616,0.0100077,0.0591463,0.0146432,0.0113788
0.00701723,0.00479479,0.00286323,0.0132491,0.00212628,0.00310558
0.00793394,0.00546998,0.0034196,0.0180238,0.00365605,0.00779768
0.0533533,0.0314189,0.015115,0.0628877,0.0160743,0.0208109
0.0276964,0.0183279,0.0102077,0.0435519,0.0111339,0.00881084
0.0147259,0.00962465,0.00631198,0.0316604,0.00889201,0.00484276
0.00547393,0.00362966,0.00249144,0.00277432,0.000271049,0.00470256
0.00467493,0.00324375,0.00209642,0.00846546,0.00403366,0.00526801
0.0151876,0.010039,0.00540348,0.0281813,0.00653443,0.00314348
0.00692485,0.00487113,0.00462249,0.0110986,0.00470579,0.00475664
0.0193736,0.0131155,0.0122025,0.0539074,0.0128774,0.0324139
0.0290596,0.0195636,0.0146282,0.0694297,0.020127,0.0234393
0.0361158,0.0215947,0.0159924,0.0918962,0.0235922,0.0298904
0.012622,0.00856698,0.00525235,0.0213026,0.00437503,0.00382311
0.0489354,0.0250724,0.0367602,0.152777,0.0413101,0.0943513
0.0117575,0.00842281,0.00378846,0.0331683,0.00906624,0.00554255
0.0470341,0.0277956,0.0136806,0.0640214,0.0179139,0.0246772
0.0184727,0.0127901,0.0110224,0.0313294,0.0109296,0.0119817
0.027224,0.0175831,0.0158109,0.075145,0.0202565,0.0187127
0.0258256,0.0115221,0.00856971,0.0394306,0.00974222,0.00972782
0.0264667,0.0114983,0.00870292,0.0376046,0.00802116,0.00896298
0.0151505,0.0104776,0.00458075,0.017507,0.00633202,0.00426014
0.0384428,0.024965,0.011118,0.0530643,0.0140843,0.0190885
0.0205031,0.0137668,0.0236134,0.0554549,0.0132478,0.0208123
0.0121631,0.00844411,0.00398715,0.0133347,0.0039986,0.0102679
0.0131036,0.00879583,0.00422995,0.0130715,0.00322454,0.00513955
0.00394545,0.00309262,0.00215495,0.0101511,0.00174455,0.00515191
0.00587638,0.00416077,0.00139267,0.0175718,0.00400535,0.00486118
0.00875733,0.00601368,0.00357297,0.0135543,0.00365766,0.00335788
0.00704877,0.00506896,0.00358247,0.0190423,0.00503713,0.00813191
0.0060803,0.00417363,0.00287788,0.0181507,0.0058273,0.00658966
0.0103452,0.00721591,0.00689818,0.0280503,0.00958101,0.0104157
0.0105428,0.00749664,0.00388296,0.0238672,0.00658026,0.00300234
0.0193958,0.0130507,0.00723925,0.0111296,0.00224687,0.00999395
0.0328714,0.0135286,0.0112596,0.0496489,0.0134049,0.0199691
0.0337161,0.0134912,0.0112579,0.0492984,0.0132427,0.0194961
0.0126077,0.00872167,0.00308467,0.0158631,0.0044625,0.00681707
0.0207896,0.0139535,0.00787924,0.0453117,0.0111922,0.0165985
0.0261823,0.0168666,0.0487969,0.202299,0.0491436,0.0557951
0.0335737,0.0205773,0.0357318,0.19603,0.0502508,0.0770807
0.0238938,0.0158346,0.00528395,0.0392165,0.00839926,0.00837252
0.00699796,0.00467509,0.00353309,0.0135812,0.00398664,0.0028299
0.00733657,0.0049809,0.00342332,0.0443047,0.0109163,0.00661584
0.0046935,0.00343963,0.00229605,0.0121663,0.00299407,0.00310208
0.00985296,0.00688686,0.00343501,0.0244967,0.00629466,0.00693918
0.00773118,0.00560494,0.00306526,0.00879033,0.00345176,0.002158
0.00673249,0.00471971,0.00525517,0.0214359,0.00435355,0.00813452
0.0124518,0.00877097,0.00514198,0.0274664,0.0070609,0.00426335
0.00962003,0.00653014,0.00279545,0.0151131,0.00407638,0.0172527
0.0212454,0.0135072,0.0120657,0.0775778,0.0200679,0.019805
0.0226084,0.0157168,0.00767005,0.0453202,0.012283,0.0245475
0.013735,0.00939283,0.00543374,0.0241506,0.00789499,0.00624014
0.0269489,0.0177552,0.0252746,0.0820747,0.0212296,0.0497583
0.00889846,0.006059,0.00347467,0.0152918,0.00439601,0.00407097
0.0222538,0.0150146,0.00679594,0.0443689,0.01166,0.0119977
0.00982327,0.00725739,0.00447711,-0.000147468,0.000552008,0.00826842
0.0131508,0.00910849,0.00372259,0.0218285,0.00496663,0.0039242
0.00915218,0.00648582,0.010025,0.02543,0.00432421,0.00270556
0.00844466,0.00604715,0.00236148,0.0201196,0.00582946,0.0143796
0.0111665,0.00752646,0.0036998,0.0313962,0.00831753,0.00716981
0.00412479,0.00308596,0.000939675,0.0102543,0.00419352,0.00193998
0.0122723,0.00827352,0.00490538,0.0113397,0.00247864,0.00439064
0.0163967,0.0109107,0.00569809,0.00634516,0.000542219,0.0110665
0.0108,0.00742393,0.00280328,0.0129709,0.00370911,0.00970482
0.0128583,0.00874046,0.00487961,0.0257185,0.00650829,0.00445992
0.0525519,0.0304205,0.0199269,0.0879028,0.0213641,0.0335656
0.017779,0.0122133,0.00788262,0.0475911,0.0105168,0.0191011
0.00898991,0.00648552,0.00607779,0.0229167,0.00521213,0.00466199
0.0188923,0.00961653,0.00685802,0.033211,0.00917325,0.0160255
0.0204206,0.00856109,0.00873713,0.0280658,0.00703684,0.0137441
0.0127928,0.0087345,0.00396646,0.0297407,0.00715326,0.00691592
0.0140189,0.0096835,0.0113715,0.0542111,0.0163214,0.0274939
0.0111616,0.00750688,0.00385016,0.0207173,0.00580484,0.00614074
0.0229393,0.0150972,0.0115188,0.0261843,0.0071593,0.00344744
0.0245919,0.0161796,0.00972807,0.0339915,0.0067254,0.00930139
0.0116789,0.00811266,0.00419015,0.0243404,0.00567047,0.0175427
0.0164177,0.0113216,0.00331342,0.0159269,0.0037314,0.00685641
0.00497078,0.00321843,0.00222498,0.0172626,0.00416814,0.00301639
0.0101151,0.00668948,0.0046288,0.0237534,0.00519641,0.00258392
0.0074494,0.00532211,0.00279052,0.0170748,0.00325721,0.00383273
0.0111097,0.00754045,0.00363962,0.0250453,0.00643632,0.012283
0.00518914,0.00331248,0.00308078,0.0165589,0.00424526,0.00594713
0.00503571,0.00334976,0.00600707,0.0295568,0.00717925,0.0111925
0.0150873,0.0101317,0.00568283,0.0274305,0.00565219,0.00416638
0.0100206,0.00694308,0.0052775,0.0190265,0.00492519,0.00809504
0.0101015,0.00691016,0.00443174,0.0162075,0.00556592,0.0055062
0.0265577,0.0178533,0.0193335,0.0852965,0.0223595,0.0221551
0.041418,0.0262268,0.0141144,0.0399266,0.00975113,0.0183989
0.0258484,0.0173728,0.0105942,0.0737264,0.019767,0.0213439
0.0114934,0.00781023,0.00263032,0.0252474,0.00649254,0.00321131
0.0118526,0.00811916,0.00631191,0.0463693,0.0121818,0.0136138
0.00816897,0.00552215,0.00348752,0.0190971,0.00409197,0.00266616
0.0167273,0.0110766,0.00594499,0.0192781,0.00575465,0.00367381
0.0223955,0.0147968,0.0144451,0.0163034,0.00369169,0.0251453
0.0296123,0.0200904,0.0125457,0.0704416,0.0205056,0.0361525
0.0160432,0.0107815,0.00694863,0.022408,0.00715231,0.00359843
0.0235088,0.0158026,0.00616019,0.0405261,0.00994173,0.00996173
0.0151092,0.0101406,0.00494133,0.0275218,0.00823147,0.0212938
0.0171353,0.0117203,0.00569351,0.0215856,0.00571892,0.0027551
0.00517725,0.00350738,0.00234059,0.0208557,0.00290333,0.00180894
0.0225192,0.0148945,0.00885754,0.0347529,0.00907861,0.0107575
0.0144984,0.00996249,0.0139438,0.0857907,0.0206368,0.0372729
0.0195227,0.0127427,0.00720698,0.0351858,0.0100633,0.00983471
0.0589364,0.0352789,0.0245286,0.0882427,0.0224966,0.0296818
0.0107552,0.00726925,0.00304587,0.0200523,0.00485864,0.0053892
0.00573889,0.00359752,0.00152855,0.0280078,0.00750972,0.0043406
0.00669278,0.00487245,0.00465219,0.0148844,0.00236421,0.00526741
0.0067344,0.00494856,0.00267458,0.0150429,0.0051802,0.00121149
0.0129705,0.00904148,0.00491862,0.0293765,0.00614672,0.0054963
0.0346438,0.0160688,0.0189155,0.110955,0.0264875,0.0200416
0.0322413,0.0160483,0.0184402,0.100689,0.0213496,0.0167697
0.00468326,0.00347643,0.00282802,0.0159673,0.00616109,0.01487
0.00462996,0.00348766,0.00178526,0.0130692,0.00453997,0.003254
0.00457919,0.00324846,0.0018474,0.0306271,0.00665725,0.00981126
0.014242,0.0095475,0.00360433,0.0244291,0.00766248,0.00734941
0.0308999,0.0126823,0.0290749,0.112074,0.031015,0.0383086
0.0325807,0.0134868,0.0290892,0.102243,0.0251814,0.0340608
0.005672,0.00400212,0.0025309,0.0165957,0.0031877,0.00364649
0.0101876,0.00678891,0.00409587,0.0208793,0.00558778,0.00685859
0.0288215,0.0142065,0.0122838,0.0472373,0.0147791,0.0209256
0.0350219,0.0190959,0.0190507,0.0541034,0.0141548,0.0246894
0.0245864,0.0129823,0.0089346,0.0533835,0.0126205,0.0122929
0.0259114,0.0130432,0.00909864,0.0541433,0.0115268,0.012231
0.0296353,0.0200279,0.0207798,0.0706,0.019873,0.0162431
0.0340422,0.0219142,0.0283683,0.141032,0.0366082,0.0805594
0.0318541,0.0203728,0.0155064,0.0807258,0.020853,0.0256774
0.020456,0.0135581,0.0049294,0.0263182,0.00596695,0.0145925
0.00925447,0.00649534,0.00377256,0.0272297,0.00585309,0.00653239
0.00724145,0.00534649,0.00258034,0.0163025,0.00467784,0.00359904
0.0115078,0.00806201,0.00342196,0.0233586,0.00725563,0.0147225
0.0124242,0.0086737,0.00491465,0.0257291,0.0052573,0.00719188
0.00994226,0.00409909,0.00473411,0.0266799,0.00873315,0.00411261
0.0174658,0.0107294,0.00724765,0.0314964,0.00807519,0.0045089
0.0427258,0.0192072,0.0243217,0.134965,0.0351274,0.0445262
0.0342522,0.0225914,0.0117216,0.0405964,0.0123178,0.0144615
0.0124966,0.00799959,0.00535412,0.0267905,0.00582237,0.00399688
0.014839,0.0100712,0.00531187,0.0247699,0.00631716,0.010749
0.0104383,0.00730405,0.00361486,0.0179964,0.00490762,0.00224057
0.015964,0.0103497,0.00718908,0.0230637,0.00607652,0.0137039
0.0532365,0.0284314,0.0684923,0.332728,0.0880414,0.108247
0.00761546,0.00517656,0.00280043,0.0167018,0.00381053,0.00590633
0.00823758,0.00546042,0.00245399,0.0145222,0.00283466,0.00539029
0.00814072,0.00595397,0.00258001,0.0126221,0.00387009,0.0043626
0.0292885,0.0190502,0.0160876,0.0537524,0.014606,0.0257948
0.0295691,0.0189765,0.00929209,0.0492428,0.0113302,0.0145688
0.013035,0.00681365,0.00378701,0.0337371,0.00876429,0.0110443
0.0380298,0.0223297,0.0113719,0.0581651,0.0159566,0.0261492
0.0115458,0.00674276,0.00683964,0.0382337,0.00978231,0.0100372
0.0485106,0.020568,0.0595194,0.120148,0.0285323,0.049814
0.0492341,0.0206052,0.0598203,0.12348,0.0279043,0.0502321
0.00658152,0.00489728,0.00240807,0.0197426,0.00409898,0.0057587
0.0249156,0.0160815,0.00761998,0.0663632,0.0161221,0.0124885
0.00533477,0.00354672,0.00240072,0.0133028,0.00428814,0.00297176
0.0171285,0.0125129,0.00725827,0.0217273,0.00536082,0.0114894
0.00545646,0.00346479,0.0042621,0.0117146,0.00227828,0.00292176
0.0434836,0.0260859,0.0354525,0.146027,0.0367926,0.021918
0.0131538,0.00877764,0.00387054,0.0160505,0.00552599,0.0059987
0.00867562,0.00596976,0.00350814,0.0197931,0.00564913,0.00822967
0.0402448,0.0258104,0.0215496,0.0629918,0.016739,0.0143659
0.0105022,0.00711096,0.00400272,0.0185393,0.00285372,0.00249651
0.0439396,0.0274618,0.0118973,0.0571852,0.0123807,0.00739141
0.0385819,0.0252459,0.0138458,0.0525853,0.0131675,0.0332342
0.004462,0.00301778,0.00234072,0.00658997,0.00284547,0.00284111
0.0081551,0.00557425,0.0030947,0.0210272,0.00486341,0.00692123
0.0188086,0.0132939,0.00586435,0.0158991,0.00460056,0.0155502
0.00632873,0.00433425,0.00158319,0.0112995,0.00418649,0.00303717
0.00634592,0.00435774,0.00115201,0.0140926,0.00172831,0.00286808
0.00859945,0.00612644,0.00166643,0.0177341,0.00468776,0.00511604
0.00603633,0.00450761,0.00423928,0.0159949,0.00587962,0.00647352
0.0326875,0.0126024,0.0120213,0.051985,0.0164187,0.0106484
0.0378411,0.0159858,0.0126892,0.0518686,0.0138527,0.0104148
0.0232274,0.0156802,0.00675512,0.0384888,0.00936079,0.0101985
0.0174924,0.0121796,0.00474955,0.025454,0.00453753,0.00615683
0.00461056,0.00334576,0.00177205,0.00821809,0.00182427,0.00493692
0.015608,0.0107355,0.00685199,0.0298819,0.00893338,0.0552172
0.025063,0.0169181,0.00883035,0.0361139,0.0085344,0.00835861
0.0433174,0.0240841,0.0201401,0.119143,0.0286144,0.0488116
0.0227984,0.015305,0.00607034,0.0263889,0.00672073,0.00916618
0.013055,0.00849259,0.00938576,0.0491014,0.0124983,0.0232138
0.0335247,0.0201838,0.0314758,0.147394,0.0431388,0.0769049
0.0154478,0.0102901,0.00462415,0.0275302,0.00832265,0.00469679
0.034217,0.022139,0.015568,0.0875295,0.0214767,0.0150181
0.0441071,0.0257924,0.0273765,0.118451,0.0301553,0.0237647
0.0142175,0.00995849,0.00648972,0.0194689,0.00455739,0.00691475
0.0099357,0.00645336,0.00323433,0.0225211,0.00573612,0.00511002
0.00446107,0.00302244,0.00267603,0.014118,0.00344769,0.0016975
0.0535242,0.0324276,0.0190694,0.0868211,0.0229547,0.0160348
0.0107217,0.00696823,0.00337953,0.0160335,0.00392401,0.00817151
0.0142331,0.00945577,0.00332089,0.0232479,0.00587492,0.00591463
0.0102555,0.00546027,0.0097569,0.0115919,0.00298126,0.0231354
0.00709908,0.00482873,0.00322217,0.019213,0.00239245,0.0031914
0.0125854,0.00856257,0.00363523,0.0167668,0.00570022,0.00360658
0.0039406,0.00304657,0.00439718,0.0246247,0.00678834,0.00828443
0.013362,0.0090652,0.0133802,0.0786271,0.0202876,0.0147509
0.0206625,0.0132707,0.0103856,0.0777412,0.0211156,0.0310923
0.00830644,0.00606565,0.00347108,0.0170369,0.00455427,0.00600096
0.0174712,0.0112239,0.0078563,0.0272473,0.00610908,0.0093875
0.00489312,0.0034729,0.00218666,0.00161147,6.44116e-05,0.00528612
0.0197131,0.0131391,0.00727085,0.0372496,0.00941347,0.016208
0.0334832,0.0215867,0.0103164,0.0319106,0.0085161,0.00740555
0.0310906,0.0202393,0.00943803,0.0439954,0.00994372,0.00763596
0.0226137,0.0151063,0.00682779,0.0332969,0.00892411,0.00722799
0.015709,0.0106654,0.00982664,0.0608624,0.0168209,0.012102
0.0360051,0.0220364,0.0228035,0.104891,0.0248767,0.0433278
0.0479041,0.0295954,0.0324826,0.113516,0.0275624,0.052911
0.0167192,0.0108167,0.0171537,0.101567,0.0266238,0.0262817
0.0161012,0.0108268,0.0201861,0.0870882,0.0210053,0.0167703
0.0249381,0.0160708,0.00582746,0.0258471,0.00632028,0.01886
0.0258872,0.016299,0.0280828,0.147561,0.0366718,0.0392665
0.0141227,0.00941609,0.0169258,0.0911832,0.0229771,0.0218663
0.0067129,0.00439066,0.00808737,0.0308652,0.00732263,0.00319066
0.0112315,0.00732549,0.00419674,0.0208755,0.0049367,0.00467888
0.00851813,0.00562183,0.00416507,0.0240211,0.00429265,0.00316608
0.00650658,0.00427918,0.00351152,0.0139214,0.00378552,0.0069077
0.0133001,0.00939374,0.00414182,0.0183019,0.00450358,0.00340631
0.00469777,0.00354618,0.00179208,0.010791,0.00282571,0.00156526
0.0205713,0.0128703,0.0077342,0.025389,0.00753926,0.0110337
0.0220623,0.0144937,0.00804366,0.0439777,0.0109736,0.0179406
0.00705561,0.00486003,0.00204054,0.0214448,0.00535072,0.00775717
0.029883,0.0195851,0.0110337,0.0375614,0.0092769,0.00747221
0.0256415,0.0170058,0.0162278,0.0491356,0.0134493,0.0213922
0.00704095,0.00489197,0.00376761,0.0396253,0.0087715,0.0136638
0.0592478,0.0276028,0.0297804,0.101233,0.0290425,0.0256582
0.0246311,0.0166026,0.00913205,0.0296623,0.00896477,0.00525918
0.00957798,0.00694781,0.00342664,0.0105872,0.00372021,0.00193213
0.0338455,0.022696,0.0137194,0.0694353,0.0204387,0.0315512
0.0225627,0.0152584,0.00820916,0.0248312,0.00560914,0.011709
0.00799151,0.00581486,0.00536024,0.0170047,0.00329596,0.00201239
0.0268139,0.0167875,0.0357032,0.0528786,0.0108866,0.0357834
0.0135416,0.00901068,0.00586153,0.016627,0.0053962,0.00890736
0.0130867,0.0086728,0.00505363,0.0221317,0.0070054,0.00844644
0.014359,0.00974642,0.00555338,0.0244223,0.00665948,0.00334739
0.0199026,0.0135234,0.00772316,0.0348926,0.0091258,0.00480493
0.0183001,0.0121045,0.0223439,0.108648,0.0306575,0.0359242
0.0165874,0.01115,0.0236081,0.0911848,0.0249364,0.0346643
0.00868819,0.00582763,0.00612738,0.0369331,0.00906316,0.00415359
0.00965997,0.00672573,0.00362689,0.0214198,0.00431933,0.00344598
0.0241142,0.0162751,0.01213,0.0376091,0.0113104,0.0137742
0.0136322,0.00938169,0.00550121,0.0334637,0.00921623,0.00473119
0.0295822,0.0196538,0.00882615,0.0339103,0.00906028,0.00819461
0.0196994,0.0128189,0.00458698,0.0378304,0.00680949,0.0120999
0.00890505,0.00533517,0.00388842,0.041713,0.0114854,0.00315651
0.0195082,0.0132917,0.00884402,0.0495996,0.0134744,0.0149899
0.00471388,0.00333502,0.00167222,0.0167737,0.00288947,0.00140208
0.0132103,0.00920408,0.009548,0.0330117,0.00772955,0.0128965
0.0386957,0.0235879,0.0213037,0.107344,0.0266937,0.0609669
0.0228286,0.0151181,0.0110291,0.0462678,0.0121443,0.021265
0.029859,0.0196387,0.00964399,0.0425542,0.00993066,0.0140326
0.0384192,0.0252523,0.0246901,0.118855,0.0279473,0.0572136
0.0215878,0.0149219,0.00728903,0.0377186,0.0101791,0.00694772
0.0180172,0.012507,0.00524473,0.0220773,0.00400672,0.0126578
0.0236105,0.0144007,0.0150661,0.089163,0.0253754,0.0314004
0.015302,0.00942924,0.00858534,0.0346774,0.00661733,0.0129141
0.0411468,0.0260346,0.0162509,0.0459928,0.0106123,0.0205324
0.0119987,0.00812213,0.00456341,0.0206886,0.00646875,0.0130179
0.0136609,0.00957397,0.00354136,0.0283089,0.00732143,0.0116652
0.0378835,0.0250984,0.0123282,0.0566697,0.015103,0.0287267
0.0607601,0.0321368,0.0255091,0.120543,0.0323214,0.0271327
0.0100375,0.00685357,0.00374722,0.0191091,0.00319461,0.00396158
0.00593954,0.00409049,0.00257995,0.0185415,0.00352746,0.00373274
0.0133781,0.00907011,0.00464701,0.0252401,0.00714263,0.00794705
0.0202918,0.01364,0.00568846,0.0302439,0.0109081,0.00301926
0.00743092,0.00522241,0.0037222,0.0298182,0.00575479,0.00631885
0.0120061,0.00815617,0.00944491,0.0428838,0.0104741,0.0206282
0.00820303,0.00582003,0.00951472,0.0484804,0.0136469,0.012274
0.0196139,0.0134346,0.00845311,0.0313276,0.0066056,0.00365779
0.0204039,0.0133667,0.0138765,0.0628634,0.0167968,0.0163243
0.0046922,0.00352775,0.00208558,0.0201397,0.0039704,0.00362248
0.0119598,0.00795562,0.0037419,0.0194943,0.00426512,0.00415182
0.0165086,0.0114782,0.00530663,0.0359417,0.0101279,0.0239908
0.0421055,0.0257863,0.0335794,0.139134,0.0324826,0.0630901
0.0191347,0.0129203,0.0136299,0.0313132,0.00949275,0.011007
0.0249502,0.0159702,0.0268788,0.131842,0.0324217,0.0900332
0.00627658,0.004345,0.00323012,0.0135947,0.00399614,0.00560452
0.0373103,0.0242563,0.0214698,0.0548962,0.0150775,0.0302653
0.0479553,0.0289878,0.0161547,0.0637091,0.0164317,0.0216422
0.00417948,0.00301635,0.00240673,0.0246523,0.00387115,0.0028784
0.020713,0.0132117,0.0149561,0.0494142,0.0136976,0.0104629
0.00891606,0.0060596,0.00390583,0.0188301,0.00324021,0.0041202
0.00881298,0.00621633,0.00338142,0.0177562,0.00458227,0.00253276
0.0179545,0.0123922,0.00677457,0.0441861,0.010361,0.0150882
0.027737,0.0182524,0.00964785,0.0384854,0.00965142,0.00892664
0.00633528,0.00420407,0.00214545,0.0209296,0.00574111,0.00545492
0.0301676,0.0191879,0.0227119,0.0655579,0.0187,0.0398925
0.0737624,0.0429725,0.0328655,0.137621,0.0344067,0.055355
0.0521284,0.0318031,0.0153401,0.0906316,0.022978,0.0240442
0.0287324,0.018401,0.0134367,0.090528,0.0245831,0.0162009
0.0137816,0.00800798,0.00607471,0.032486,0.0103921,0.00956726
0.010701,0.00726768,0.00348502,0.0111685,0.0053934,0.0014559
0.00994338,0.00689434,0.00565272,0.0374065,0.0108014,0.0134552
0.0201627,0.0131662,0.00518473,0.0252629,0.00701846,0.00318525
0.00843169,0.00586081,0.00254657,0.0225368,0.00480964,0.00456343
0.00677607,0.00457714,0.00295111,0.0184998,0.00380948,0.00109103
0.0325602,0.0204096,0.0152518,0.0483836,0.012938,0.0146234
0.0300371,0.0127775,0.0117954,0.061663,0.0211485,0.0152496
0.0593003,0.0343688,0.0267939,0.0893158,0.0229509,0.0259395
0.008493,0.00576245,0.00248657,0.0119824,0.0032873,0.00411753
0.0149966,0.00995268,0.00487345,0.0289521,0.00646064,0.00244094
0.031836,0.0197383,0.00849725,0.0561773,0.0150127,0.0276499
0.0114726,0.00747539,0.00562088,0.0830294,0.0226585,0.0244645
0.0257552,0.0174777,0.0189688,0.0690286,0.0194056,0.0166973
0.012405,0.00838184,0.00534722,0.0221113,0.00696368,0.00617612
0.0195379,0.0130901,0.00746021,0.0225556,0.00745434,0.00529653
0.0126713,0.00873209,0.00458397,0.0198672,0.00536898,0.0114592
0.00752357,0.00519086,0.0028736,0.0200923,0.00448461,0.00440963
0.0102552,0.00726502,0.00341785,0.0138258,0.00399333,0.000672669
0.00677965,0.00460409,0.00332848,0.0159005,0.00308774,0.0033292
0.0450366,0.0280982,0.0174407,0.0661007,0.0159573,0.0153238
0.0129317,0.00893558,0.00440671,0.0223376,0.00664951,0.00260301
0.043909,0.0206924,0.0145617,0.0682494,0.0179833,0.0147096
0.0259673,0.0167632,0.0129577,0.0443121,0.0144641,0.0178505
0.0058392,0.00379352,0.00335787,0.0134136,0.00312453,0.00433983
0.018654,0.0122328,0.00802296,0.0371725,0.00743954,0.00940243
0.0125467,0.00826629,0.00375765,0.02676,0.00683293,0.0114454
0.0398913,0.0254737,0.0272635,0.114704,0.0331938,0.0219966
0.00692321,0.00467152,0.00282808,0.0119386,0.00260589,0.00186636
0.0120398,0.00811539,0.00437166,0.0213217,0.00678014,0.00964948
0.0271853,0.0183546,0.0177082,0.0751495,0.02052,0.0344016
0.012762,0.00890671,0.00421558,0.0243612,0.00612044,0.00368263
0.0266191,0.0178311,0.0161642,0.0561162,0.0135473,0.0181523
0.0506817,0.0296029,0.0322677,0.191339,0.0422439,0.042209
0.0154448,0.0102614,0.00463946,0.0172392,0.00641627,0.0117801
0.00836159,0.0058377,0.0021859,0.0273667,0.00528762,0.00517157
0.00556788,0.00373036,0.00520856,0.025935,0.0060851,0.00902428
0.0324881,0.0192759,0.00875276,0.0508662,0.0153189,0.019931
0.0225107,0.00978923,0.00636826,0.0359509,0.00864744,0.00841767
0.0250268,0.0165307,0.00762609,0.0411233,0.00896033,0.0173922
0.0137613,0.00935269,0.0049353,0.0124785,0.00412511,0.00522581
0.01698,0.0111717,0.0080808,0.0293712,0.00872406,0.0123268
0.0103783,0.00706463,0.00362837,0.0230243,0.00526779,0.0040884
0.01397,0.00930128,0.00580449,0.0302281,0.00683407,0.0106954
0.00792674,0.00564928,0.00362671,0.0299735,0.00659043,0.006992
0.0164391,0.0111091,0.0168233,0.0597942,0.0143786,0.0183476
0.0191791,0.0131195,0.00681657,0.0180352,0.00410719,0.00786531
0.0191168,0.0130218,0.00546627,0.0273436,0.00642995,0.00888862
0.0119297,0.00809209,0.00917907,0.0469416,0.0145127,0.0304407
0.0134848,0.0093083,0.00415834,0.0190687,0.00542881,0.0038301
0.0159671,0.0106701,0.0120212,0.0673612,0.0154113,0.036913
0.0362187,0.0222173,0.0100387,0.0529913,0.0139307,0.0113078
0.00864606,0.00601487,0.00381989,0.0298599,0.00674775,0.00762385
0.0263943,0.0180007,0.00812273,0.0457392,0.0127675,0.0212165
0.0162841,0.0108107,0.010054,0.0470834,0.0130459,0.0257131
0.0239584,0.0158613,0.00833669,0.0285881,0.010191,0.00754584
0.00522981,0.00347095,0.0019223,0.0139766,0.00336031,0.00195619
0.0172704,0.0119319,0.00597454,0.0193906,0.0046261,0.00734744
0.0328267,0.0218315,0.0178554,0.064007,0.0179573,0.0176176
0.0566549,0.0263535,0.0464799,0.168104,0.0395984,0.0511962
0.00958253,0.0064901,0.00373669,0.0125844,0.00278724,0.00656562
0.00800978,0.00583226,0.00356393,0.00620771,0.00165978,0.00295964
0.01296,0.00861341,0.00509527,0.0127022,0.00359826,0.00843497
0.0274805,0.0168947,0.0102795,0.035439,0.0101319,0.0175596
0.0246565,0.0155657,0.0230429,0.134722,0.0340713,0.0483104
0.0121929,0.00790837,0.0045497,0.0192994,0.00450193,0.00727007
0.0223959,0.0145558,0.0120087,0.0688664,0.0173852,0.0114878
0.014003,0.00938927,0.00399979,0.0212461,0.00547578,0.0162308
0.0191769,0.0130764,0.0107465,0.0374462,0.0117291,0.0206435
0.00841375,0.00577583,0.00669763,0.033392,0.00817959,0.0124539
0.00526556,0.00353615,0.00163719,0.0110966,0.00304864,0.00416337
0.00541471,0.00391966,0.0025268,0.0167332,0.00363923,0.00353153
0.00519939,0.00353324,0.00249001,0.0118003,0.00296058,0.00167831
0.0191835,0.0100109,0.00766392,0.0184426,0.00420531,0.0104179
0.013767,0.00935549,0.00533483,0.0295004,0.00834248,0.00798893
0.0279785,0.00993599,0.011526,0.0533312,0.0152521,0.0155727
0.0281616,0.0100071,0.0117438,0.052571,0.0152986,0.0155656
0.00692033,0.00482114,0.00416058,0.0177959,0.00518306,0.00568645
0.00621303,0.00424802,0.00263545,0.0219795,0.00577283,0.00289081
0.0141518,0.0094677,0.00552456,0.0423424,0.0123878,0.00569674
0.00678382,0.00475285,0.00281627,0.0217896,0.00584718,0.00776281
0.0218203,0.0150249,0.00596964,0.035917,0.00740283,0.00504329
0.0132266,0.00536743,0.00463126,0.0381786,0.0121614,0.00577114
0.0160449,0.00891767,0.00469627,0.0412819,0.0109346,0.00575475
0.0108028,0.00709757,0.00462588,0.0173241,0.00361244,0.00424157
0.0152713,0.0106196,0.00462584,0.020055,0.00540247,0.00419226
0.0109967,0.0069478,0.0037748,0.0147701,0.00559583,0.00302954
0.0543181,0.0255273,0.0193816,0.0829075,0.0231359,0.0353916
0.0278898,0.0178397,0.0295834,0.0796464,0.0233969,0.0280649
0.00548487,0.00351799,0.00100303,0.016177,0.00325822,0.00201371
0.0187188,0.0124946,0.00307427,0.0369979,0.00765005,0.0103254
0.0400837,0.0248144,0.0169104,0.0966621,0.024546,0.0141592
0.00788993,0.00526753,0.00294587,0.0117623,0.00276935,0.00248237
0.0190797,0.0128719,0.00682982,0.0246051,0.00808914,0.00510124
0.00985691,0.00669908,0.0037519,0.0246483,0.00796865,0.00927691
0.0157021,0.0110075,0.00547625,0.0389485,0.00945153,0.00771993
0.0228294,0.0154038,0.00566436,0.0348479,0.00877077,0.0163999
0.00835054,0.00569544,0.00307565,0.0194232,0.00753353,0.00373749
0.00994925,0.006698,0.00599179,0.0241532,0.00888216,0.00384965
0.00785828,0.00550659,0.00268943,0.0163005,0.00491935,0.00338515
0.0101439,0.00729397,0.00256131,0.0165962,0.00381197,0.0043728
0.016661,0.0112494,0.00496642,0.0294788,0.0065536,0.00217435
0.00769479,0.00538318,0.00276606,0.00763074,0.00196925,0.00606459
0.00556775,0.0041289,0.00212527,0.0103602,0.003935,0.00264472
0.0126883,0.00850913,0.00440674,0.0170697,0.00427972,0.00715697
0.0116108,0.0082229,0.00427439,0.0261104,0.0064717,0.00361171
0.0190497,0.0131368,0.00642816,0.0389395,0.00962412,0.010752
0.0074296,0.00568138,0.00395192,0.0196946,0.00421837,0.00407713
0.0136067,0.00905996,0.0102001,0.0292612,0.00784563,0.0163306
0.0170319,0.0113825,0.00465492,0.0192516,0.00442774,0.00646846
0.0184964,0.0123749,0.0144091,0.0795525,0.0237845,0.0369675
0.0210975,0.0143076,0.00493064,0.0489923,0.0116087,0.0248018
0.00461999,0.00324409,0.00207025,0.0133979,0.00313175,0.00173365
0.0269171,0.0174341,0.00977741,0.0500924,0.0144482,0.0188065
0.0202883,0.00937551,0.0069352,0.0336485,0.00939675,0.00746164
0.0272522,0.010029,0.0091027,0.0412181,0.0115481,0.0115296
0.0198521,0.00995623,0.00715074,0.0275694,0.00736861,0.0101568
0.0599214,0.0351792,0.0205188,0.101974,0.0265784,0.0173496
0.0690353,0.0432544,0.0529369,0.15002,0.0357409,0.045252
0.0247663,0.0163025,0.0378282,0.18624,0.0476839,0.0786556
0.0105806,0.00752512,0.00319574,0.0212593,0.00366879,0.0052838
0.0492858,0.0299354,0.0200714,0.0729557,0.0209487,0.020237
0.0218049,0.0140948,0.0194632,0.0611614,0.0166968,0.0225873
0.0146457,0.00990872,0.00426356,0.038132,0.00961577,0.00275826
0.0462603,0.0205036,0.0165801,0.0666392,0.0161721,0.0156782
0.0385615,0.0243067,0.0156774,0.068251,0.0190113,0.0358192
0.0119298,0.00797473,0.00894747,0.0447887,0.0116653,0.0195953
0.019338,0.0129885,0.0106016,0.0440615,0.0103415,0.040184
0.0139963,0.00967174,0.00522627,0.0346719,0.00697386,0.00789317
0.0119182,0.00804248,0.00657852,0.0222271,0.00447638,0.0069737
0.0149812,0.0101259,0.00677067,0.0190796,0.00642749,0.0071473
0.0090734,0.00613924,0.00378822,0.0169754,0.0038722,0.0111935
0.0292011,0.015906,0.00836296,0.0415608,0.0123598,0.0209271
0.0221683,0.00912259,0.00656979,0.0304448,0.00667733,0.0108923
0.00987812,0.00691009,0.00458874,0.0192279,0.00433984,0.00932475
0.0165906,0.0110527,0.0138975,0.0780944,0.0216097,0.024056
0.0156002,0.0110278,0.00498238,0.0298556,0.0089525,0.00444177
0.0491985,0.0286057,0.0271182,0.0800616,0.0197137,0.0164595
0.0306491,0.0201815,0.0101407,0.0500087,0.0127796,0.0124544
0.00758561,0.00547197,0.00216584,0.0157818,0.00441966,0.00176412
0.00497721,0.00336136,0.00267737,0.0146797,0.00352243,0.00199787
0.0210829,0.0136976,0.00792226,0.0491383,0.0134397,0.0121872
0.0293872,0.0187653,0.0143731,0.0814347,0.0214194,0.0326521
0.00550275,0.0038634,0.00199021,0.020138,0.00440955,0.00176806
0.0130758,0.00921092,0.0099055,0.00924848,0.00126893,0.00569224
0.0103358,0.00689963,0.00446232,0.0183018,0.00421546,0.00290255
0.00832022,0.00593586,0.0025046,0.015684,0.00438767,0.0028367
0.0111461,0.00764914,0.00413028,0.0270667,0.00688176,0.00596184
0.00783073,0.00545467,0.00287191,0.00882345,0.00222456,0.00503855
0.00777128,0.00556748,0.00601255,0.0135003,0.00367325,0.00490693
0.0155881,0.0102243,0.00547395,0.0280826,0.0069263,0.00600831
0.0090062,0.00660431,0.00503096,0.0243003,0.00864211,0.00718715
0.0204299,0.0121675,0.009916,0.0510052,0.0143396,0.0108778
0.0247974,0.0134962,0.0111165,0.050798,0.0129229,0.0116027
0.0539572,0.0277152,0.0486762,0.130155,0.0303795,0.0582721
0.022453,0.0146325,0.00719016,0.0427027,0.00909665,0.011133
0.0261319,0.017259,0.0237646,0.119619,0.0273136,0.0541777
0.0108499,0.00732484,0.00420055,0.014668,0.00270493,0.00337841
0.0400087,0.0260591,0.0170292,0.0334187,0.0105821,0.0187186
0.023256,0.0151039,0.0214162,0.0929069,0.0249277,0.0299507
0.0155101,0.0108961,0.0053871,0.0263757,0.00556903,0.00612513
0.013593,0.00980099,0.00491963,0.0294116,0.00887521,0.0105044
0.018501,0.0128011,0.00911429,0.0456872,0.0126454,0.00482399
0.0080765,0.00531383,0.00665795,0.00729157,0.00215179,0.0083052
0.00762288,0.00515475,0.00249502,0.0194333,0.00472455,0.00275123
0.0185934,0.0125724,0.0109821,0.0292263,0.0105328,0.00772445
0.0302517,0.0206839,0.00730099,0.0407794,0.00978254,0.00769177
0.0292968,0.019089,0.00967978,0.0440469,0.00931523,0.00750686
0.0114231,0.00805334,0.00669818,0.016984,0.0050029,0.00968528
0.00621991,0.00452558,0.00285328,0.0195638,0.00602861,0.00534353
0.0200515,0.013384,0.00980331,0.0391046,0.0120578,0.0135698
0.0530699,0.0228488,0.0244115,0.131978,0.0359117,0.0831347
0.0458313,0.0185575,0.0225942,0.0781159,0.018241,0.0357733
0.00591367,0.00397501,0.00293612,0.00979243,0.00367918,0.00385449
0.0487297,0.0299981,0.017717,0.0845397,0.0219866,0.0341366
0.0155478,0.0105301,0.00739623,0.0336154,0.0101034,0.00447009
0.0189475,0.0125856,0.00760978,0.0335238,0.00795864,0.00329863
0.0221232,0.0136476,0.0292944,0.135163,0.0355584,0.0420115
0.0121502,0.00617533,0.0129031,0.0337429,0.00915311,0.0303542
0.0257133,0.0168652,0.0104069,0.0773011,0.019419,0.0145855
0.0130574,0.00882676,0.00532133,0.0255421,0.00738528,0.00881957
0.0179371,0.0120677,0.0083289,0.0361187,0.00808729,0.00673219
0.00766548,0.00507789,0.00408625,0.0142977,0.00429574,0.0083525
0.0350135,0.0225485,0.0127412,0.0553109,0.0152475,0.00875027
0.0342593,0.0228949,0.0126701,0.0370759,0.00870942,0.0263514
0.00681377,0.00485251,0.00312949,0.00205486,0.000718482,0.00297198
0.0443085,0.0259785,0.037469,0.151183,0.0418259,0.0332537
0.0180214,0.00643282,0.0092634,0.0237623,0.00515437,0.0115693
0.0153923,0.00999468,0.00568455,0.0280498,0.00696155,0.012164
0.0237349,0.0154244,0.0115397,0.0475469,0.0126769,0.0202776
0.0251005,0.0165272,0.0102662,0.0555855,0.0142559,0.0201107
0.0192205,0.0127689,0.00747415,0.0277268,0.00684536,0.00137467
0.0292894,0.0185568,0.0199731,0.0596141,0.0139062,0.0135298
0.0120684,0.00556641,0.00477251,0.0212705,0.0048039,0.00559318
0.0188749,0.0129046,0.0106904,0.0293631,0.00644261,0.0107342
0.0128559,0.00894091,0.00527,0.0199467,0.00533297,0.0104164
0.0121639,0.00848451,0.00568758,0.0143351,0.00439432,0.0110868
0.0116965,0.00812717,0.00448323,0.0121555,0.00446205,0.00323715
0.0124414,0.00807006,0.004464,0.0308264,0.00497379,0.00386523
0.0169353,0.0114785,0.00841495,0.0323002,0.00870443,0.0145005
0.0378119,0.0225719,0.0373272,0.136804,0.0360455,0.0268206
0.00605294,0.00395548,0.00293985,0.00902607,0.00357838,0.0022533
0.00925842,0.00653553,0.00332914,0.0112927,0.00261402,0.00593038
0.0223876,0.0145909,0.0117095,0.00936885,0.00220544,0.00837277
0.011473,0.0079382,0.00371893,0.0181831,0.00345219,0.00287174
0.0525896,0.0271469,0.0258714,0.144146,0.0365901,0.0316293
0.0109029,0.00729923,0.00963364,0.0698171,0.0156394,0.0156013
0.0139959,0.00885805,0.00327719,0.0274194,0.0054115,0.00314113
0.00990899,0.00582789,0.003077,0.0217327,0.00846829,0.0109813
0.02004,0.012385,0.0120129,0.0565112,0.0161592,0.0484437
0.0109831,0.0072124,0.00322759,0.0256818,0.00660851,0.0079769
0.0143425,0.00821355,0.00646943,0.0406214,0.0120386,0.0132004
0.0202405,0.0132336,0.0152395,0.0672213,0.0171656,0.0305045
0.00835874,0.0057596,0.0030617,0.0166926,0.00393793,0.0018083
0.00840242,0.00604793,0.0160258,0.0249607,0.00667201,0.0121239
0.0366073,0.0223627,0.00915612,0.0505065,0.016235,0.0302846
0.00846417,0.00577392,0.00219678,0.0162945,0.00424255,0.00278789
0.0150206,0.0097778,0.00477998,0.0188062,0.00935225,0.00826627
0.0397373,0.0237988,0.01815,0.0854831,0.0205262,0.030826
0.00615309,0.00446382,0.00245594,0.0244022,0.00736122,0.0033491
0.00586354,0.00420184,0.00334555,0.0150855,0.00351807,0.00357375
0.00920585,0.00661964,0.00454215,0.00336596,0.00111619,0.00219009
0.015975,0.0111793,0.00569183,0.0164304,0.00423839,0.00948144
0.0141414,0.00725061,0.0114013,0.0492407,0.0131652,0.016216
0.0137401,0.00714007,0.00782093,0.0273315,0.00660811,0.0144628
0.0322636,0.0217691,0.0195298,0.0654497,0.0183898,0.028927
0.0191811,0.0130975,0.00691369,0.0342412,0.00962134,0.0158256
0.010738,0.00740009,0.00307336,0.0173944,0.00388955,0.00571014
0.0516627,0.0222232,0.0168606,0.0888221,0.0228527,0.016858
0.0503987,0.0223197,0.0166545,0.0774379,0.0189291,0.0156417
0.0285959,0.0180083,0.0230106,0.0978194,0.0226022,0.0363536
0.00453973,0.00346865,0.0028574,0.0124144,0.0034786,0.00221183
0.0138462,0.00965217,0.0160035,0.0881984,0.0201928,0.0239546
0.0205375,0.0127178,0.0121693,0.076907,0.0211081,0.019894
0.00974462,0.00545394,0.00502285,0.0287546,0.00650495,0.00943491
0.0279314,0.0185535,0.0138006,0.046752,0.0110236,0.00620962
0.0142372,0.00989132,0.00727195,0.0446482,0.0150236,0.012904
0.00819636,0.00598604,0.00445887,0.0269466,0.00745455,0.00705473
0.0322537,0.0213022,0.00742166,0.0625118,0.0129262,0.0261459
0.0262203,0.010246,0.00844285,0.0411644,0.0110606,0.00742025
0.0260956,0.0103325,0.00824932,0.041563,0.0113859,0.00742245
0.0415405,0.0264872,0.0149503,0.0639436,0.0165621,0.00878074
0.00481191,0.00327815,0.00308288,0.0123322,0.00379026,0.0030799
0.0091583,0.00649483,0.00371596,0.011479,0.00228221,0.00292707
0.0165666,0.0112816,0.00679239,0.0393572,0.0108728,0.00585829
0.0104152,0.00726118,0.00341945,0.0178521,0.00640669,0.0117626
0.00899312,0.00589049,0.00368186,0.0152424,0.00417632,0.00180091
0.00488819,0.00329236,0.00163602,0.0211572,0.00369277,0.0054042
0.00571447,0.00392006,0.00173441,0.0175722,0.00323911,0.00176454
0.025608,0.0171959,0.0065578,0.0374663,0.00846283,0.0116477
0.0242915,0.0112932,0.0102768,0.0374903,0.00886753,0.00865957
0.0237142,0.0111026,0.00992938,0.0380033,0.00783026,0.00666771
0.0495348,0.0307671,0.0307205,0.129222,0.0363276,0.0800182
0.0278629,0.0176715,0.0120759,0.0735041,0.0174252,0.0158636
0.0323861,0.0215893,0.0197905,0.0700736,0.0184999,0.02925
0.0206611,0.0128911,0.00755065,0.0290647,0.00688335,0.00522711
0.00995027,0.00686499,0.0041843,0.0129468,0.00283048,0.00361007
0.0122598,0.00856417,0.00480447,0.0249048,0.00560044,0.00685194
0.0136325,0.00923372,0.00558598,0.0299354,0.00914917,0.0280949
0.0295073,0.0195236,0.00813411,0.0367092,0.0121423,0.0194215
0.019845,0.0133058,0.00892007,0.040287,0.0114189,0.00926189
0.0202725,0.0137213,0.00690915,0.0380707,0.00922921,0.00244595
0.0162134,0.0109063,0.00622041,0.0282897,0.00740737,0.013754
0.0164445,0.0104279,0.00550363,0.0272006,0.00772226,0.00601289
0.0193357,0.0122712,0.0054657,0.0288626,0.00749835,0.00579839
0.0143795,0.00982573,0.00370432,0.0251162,0.00581268,0.0103601
0.0315775,0.0203284,0.0246467,0.126484,0.0346293,0.0429813
0.0117371,0.00824399,0.00572494,0.0225339,0.00504677,0.00609007
0.0228598,0.0154224,0.00953481,0.0632453,0.0171769,0.00827257
0.0252587,0.01688,0.0167462,0.0423022,0.0107409,0.0149205
0.0261486,0.0158692,0.0104765,0.0552627,0.0147276,0.0230244
0.0115532,0.00759204,0.00571672,0.0034701,0.00225628,0.00963782
0.0296755,0.0131352,0.00997907,0.0456301,0.0111344,0.0184847
0.0269469,0.013171,0.00915578,0.0343387,0.00681627,0.015496
0.0275118,0.0170958,0.0142636,0.0702405,0.0225445,0.027485
0.0166828,0.0115059,0.0040246,0.0319168,0.00824427,0.00574456
0.00471469,0.00291706,0.00132741,0.00580853,0.00212707,0.00326934
0.025852,0.0169436,0.0159475,0.0682308,0.0161331,0.0213836
0.0195749,0.0125462,0.0109877,0.04806,0.0133203,0.0093734
0.0279036,0.0186671,0.00921226,0.0381696,0.0114439,0.0103531
0.0150533,0.0100615,0.00698991,0.0431675,0.0107829,0.00759384
0.0130766,0.00874564,0.00928151,0.0295852,0.00763888,0.0179793
0.00839162,0.00561834,0.00307017,0.0164097,0.00385786,0.00267798
0.0156803,0.0102643,0.00312344,0.0213272,0.00484407,0.0132865
0.0516363,0.0298965,0.0545257,0.188089,0.0513886,0.0825597
0.00482446,0.00333752,0.00231913,0.0111056,0.00213366,0.00159274
0.00497613,0.00349335,0.00205374,0.0117333,0.00373388,0.00160309
0.0268987,0.0105642,0.0163583,0.106608,0.0297686,0.0433174
0.0272794,0.0129908,0.0119495,0.0663805,0.0158921,0.032513
0.0284243,0.0190323,0.00945197,0.0399906,0.0115619,0.0072712
0.0210704,0.0144423,0.00716446,0.0229407,0.00657306,0.00722788
0.0352456,0.0226867,0.0173081,0.0878233,0.0213477,0.0296572
0.00645645,0.00479279,0.00283206,0.0103858,0.00322294,0.00516093
0.00714175,0.00485241,0.00274782,0.0120186,0.0041229,0.00556202
0.00438992,0.00343454,0.00194297,0.0160993,0.00484498,0.00657345
0.0266109,0.0169505,0.0183814,0.0789161,0.0206133,0.0214771
0.011498,0.00737388,0.00407667,0.0278018,0.00700684,0.00460683
0.0100705,0.0071869,0.00611506,0.0195832,0.00628546,0.00437537
0.00827959,0.00598856,0.00294428,0.0125731,0.00244325,0.00442729
0.0338294,0.0201356,0.0368106,0.112254,0.0276857,0.0446177
0.057644,0.0234848,0.110158,0.430902,0.107384,0.105531
0.00447301,0.00336367,0.00285883,0.0153089,0.00444448,0.00476256
0.0194415,0.0125114,0.0143925,0.0697626,0.0156703,0.0336383
0.0128857,0.0085607,0.00467692,0.0214331,0.0044845,0.00335077
0.0133318,0.00953345,0.00375884,0.0278924,0.00762323,0.0122559
0.00923421,0.00654703,0.00622223,0.0209862,0.00680446,0.00337046
0.0160568,0.0107723,0.00371324,0.0296398,0.00675941,0.00542801
0.045994,0.0233648,0.0282022,0.130043,0.0335598,0.0292071
0.0360385,0.0157856,0.0147825,0.0535316,0.0117884,0.0197694
0.0149208,0.00991727,0.00475379,0.0241361,0.00707958,0.00517545
0.0133369,0.00903991,0.00475704,0.0215632,0.00555232,0.0109496
0.0137584,0.00962262,0.00449492,0.00582437,0.000541803,0.00366873
0.0154807,0.0104513,0.00757249,0.0377283,0.0100305,0.00669017
0.0219819,0.0135931,0.0134688,0.0689731,0.0184118,0.0215375
0.0392976,0.0236456,0.0255681,0.104966,0.0261315,0.0183632
0.00849886,0.00572899,0.00339454,0.0162999,0.00406279,0.00398079
0.0337702,0.0222722,0.0081518,0.0396435,0.0118181,0.0119331
0.0202689,0.0122231,0.00793099,0.053684,0.0121094,0.0173137
0.0131836,0.0074264,0.004954,0.0316293,0.00612761,0.013602
0.0224145,0.0101727,0.00633794,0.0592641,0.0171958,0.0203778
0.0221047,0.0108448,0.00696068,0.0433266,0.0114095,0.0168074
0.00962369,0.00636086,0.00757383,0.0385484,0.00798404,0.00488066
0.00810778,0.005687,0.00294241,0.01159,0.00250336,0.00176593
0.00992432,0.00718145,0.00352241,0.0247104,0.00550497,0.00210938
0.0191208,0.0126817,0.00634381,0.0318552,0.00835528,0.0144632
0.00892498,0.00584633,0.002334,0.0177816,0.00432904,0.00472804
0.0130848,0.00924351,0.00469427,0.02184,0.00376371,0.0033035
0.00665064,0.00470615,0.00268352,0.00287756,0.00107883,0.00485499
0.036317,0.0231109,0.0158896,0.072754,0.0229772,0.013822
0.00555798,0.00416027,0.00212269,0.0125205,0.00397719,0.00292577
0.0186255,0.0124554,0.0315834,0.041079,0.0111722,0.0193246
0.0259491,0.014974,0.00858234,0.0172771,0.00413538,0.0178192
0.0295772,0.0150925,0.00909122,0.0193165,0.00428331,0.0196916
0.00827057,0.00363963,0.00365222,0.0199627,0.00614006,0.0075943
0.00596803,0.003284,0.00304874,0.0147405,0.00347734,0.00201909
0.0449404,0.0208613,0.0149198,0.0741167,0.0206739,0.014305
0.0752981,0.0389652,0.0295213,0.101732,0.024069,0.0182794
0.0067873,0.00452105,0.00254764,0.0133126,0.00381073,0.00403111
0.00850604,0.00573411,0.00276276,0.0167197,0.00304229,0.00152321
0.0190192,0.0129927,0.00627274,0.0207592,0.00547916,0.00917188
0.0188069,0.0126094,0.00601455,0.0260126,0.00768442,0.00624622
0.0066297,0.00442318,0.00238514,0.0176072,0.00396856,0.00511934
0.0647984,0.0268911,0.0221639,0.107701,0.028165,0.0349161
0.0148838,0.0100104,0.00533132,0.00558524,0.0012265,0.00263372
0.00439047,0.00315039,0.00142523,0.0102401,0.00464147,0.00914641
0.0105541,0.00749901,0.00318667,0.0201435,0.005212,0.00195511
0.0255003,0.0168848,0.00645096,0.0246507,0.00492097,0.0143655
0.00797305,0.00530816,0.00165648,0.014978,0.00403804,0.00471526
0.0156181,0.0108463,0.0162732,0.0599378,0.0158939,0.011082
0.0146914,0.00975096,0.00679772,0.0328257,0.0100301,0.0181622
0.0504813,0.0280451,0.0826508,0.303276,0.0757201,0.0956051
0.0157592,0.0104769,0.0171299,0.0631051,0.0141658,0.0139283
0.00493296,0.00373346,0.0021252,0.0166975,0.00418676,0.00481794
0.0244133,0.0152892,0.0267239,0.12038,0.033068,0.0536473
0.0359086,0.0228343,0.00840829,0.0529848,0.0144136,0.0142059
0.00467799,0.00320429,0.00289454,0.0141572,0.00301999,0.00170533
0.0223439,0.0105524,0.0100126,0.0498484,0.0148278,0.0080285
0.0369853,0.0206003,0.0156923,0.0687222,0.0174164,0.0103462
0.0256424,0.0171241,0.00450111,0.0204322,0.00717785,0.00953295
0.00959291,0.00388576,0.00265547,0.0132767,0.00511278,0.00417077
0.016702,0.0111028,0.00724607,0.0231285,0.00787226,0.00266526
0.0241056,0.0148343,0.025308,0.0964573,0.0278295,0.0315465
0.0067473,0.00479876,0.00423417,0.0192562,0.00370632,0.000103075
0.00686797,0.00486058,0.00194139,0.0100731,0.00283669,0.000639569
0.0368287,0.0207656,0.0582669,0.232449,0.0597505,0.0690212
0.0239736,0.0157129,0.00834817,0.0363592,0.0111517,0.0275278
0.0176607,0.0115676,0.010973,0.0583663,0.0147136,0.041945
0.0184585,0.0121406,0.00736685,0.0430411,0.0115767,0.0104364
0.0594604,0.0308047,0.0279817,0.12138,0.0357388,0.054359
0.0563406,0.0249949,0.0348295,0.156921,0.0405371,0.0432121
0.00487292,0.00380951,0.00248716,0.0144297,0.00421236,0.00206895
0.0047851,0.00351982,0.0023946,0.0157081,0.00297943,0.00351068
0.00488189,0.00359566,0.00250636,0.0238337,0.00568833,0.0124185
0.0197434,0.0132174,0.0120167,0.0555102,0.0139825,0.0205585
0.018754,0.0122993,0.00476,0.0518523,0.0133107,0.00709755
0.0110012,0.00771621,0.00423067,0.0354262,0.0074713,0.00773575
0.0191012,0.0130629,0.0059408,0.00288668,0.000477686,0.00589284
0.020181,0.0131961,0.00578471,0.0366,0.00985424,0.00780061
0.0178638,0.0118031,0.00333026,0.0248817,0.00769857,0.00604857
0.0105734,0.00540499,0.0136821,0.0713921,0.0251804,0.0210937
0.0150256,0.00835964,0.0463451,0.154502,0.0397045,0.0378986
0.0114305,0.0077788,0.00423229,0.013055,0.00360814,0.00272328
0.0209073,0.0141339,0.0086217,0.0481833,0.0116094,0.0173103
0.0254566,0.0169516,0.0101858,0.0429287,0.0109657,0.0136909
0.0239636,0.0153598,0.0289138,0.103921,0.0279099,0.0395069
0.0275381,0.018275,0.01419,0.075452,0.0186814,0.0193976
0.0263741,0.0173224,0.0107767,0.0619386,0.0130887,0.0149929
0.0180161,0.0120524,0.00583547,0.0178207,0.00711449,0.0157565
0.0122097,0.00787737,0.00483368,0.0280684,0.00805052,0.00484524
0.0229145,0.0153649,0.00970881,0.0404052,0.0116705,0.00686485
0.00561709,0.00383692,0.00323609,0.0109505,0.00404188,0.00303551
0.00926957,0.00628949,0.00422139,0.020601,0.00417651,0.00599916
0.0525277,0.0232022,0.0251346,0.139099,0.0397344,0.0423126
0.0558242,0.0263341,0.0310908,0.139998,0.0363387,0.0459354
0.033106,0.0194831,0.0178544,0.0842517,0.0196129,0.0160973
0.0187408,0.0122483,0.0141087,0.0533303,0.0153466,0.0233064
0.00659233,0.00467639,0.00295514,0.0152226,0.00364375,0.00547296
0.0133687,0.0091162,0.00543693,0.0275091,0.00908078,0.00480573
0.00484239,0.00350386,0.00221877,0.0210897,0.00322945,0.00119552
0.00547293,0.00388449,0.00247914,0.00961024,0.00365961,0.00318956
0.0320305,0.0161777,0.0163418,0.0707682,0.0169886,0.03457
0.012974,0.0089444,0.00365368,0.021111,0.00487237,0.00625576
0.00435207,0.00317901,0.00151459,0.0109417,0.00351004,0.000349381
0.00989579,0.00671208,0.00611081,0.0628718,0.0153723,0.017343
0.00869076,0.00633457,0.00381707,0.018892,0.00336052,0.00416743
0.0128261,0.00865089,0.00494384,0.0213987,0.00449063,0.00390973
0.00584791,0.00409322,0.00269473,0.011114,0.00223392,0.000599229
0.00658342,0.00479128,0.00321833,0.0187895,0.00401763,0.0041406
0.00454895,0.00299387,0.00230701,-0.00133982,0.000368608,0.00317556
0.016003,0.0107828,0.00607529,0.0285639,0.00650727,0.00959942
0.00505565,0.00341265,0.00443865,0.0072391,0.00280797,0.00235925
0.0357057,0.0224051,0.0130954,0.0761739,0.0184857,0.0278459
0.0151204,0.00985643,0.00674185,0.0228373,0.00597016,0.00542471
0.0280155,0.018201,0.0103313,0.051875,0.0121479,0.0110791
0.008502,0.00586276,0.00183542,0.0202235,0.00602488,0.0113229
0.0311401,0.0204371,0.0116247,0.0570469,0.0135863,0.0135139
0.00665349,0.0046052,0.0018386,0.0160948,0.00588356,0.00630729
0.0218037,0.0142914,0.00998952,0.0461959,0.0129715,0.0141573
0.0120652,0.00828554,0.00561449,0.0200536,0.00574529,0.00511408
0.0146837,0.00964188,0.00632135,0.0243834,0.0059738,0.00328031
0.0203043,0.0136328,0.00738398,0.0255236,0.00720774,0.00686532
0.0217262,0.0141199,0.00944448,0.0726235,0.01771,0.0183234
0.0198729,0.0124065,0.0140911,0.0556849,0.012152,0.012308
0.0465735,0.0278821,0.020335,0.110423,0.0278261,0.0124946
0.0129815,0.0086856,0.00601027,0.00176063,0.00083895,0.0101479
0.01509,0.00998485,0.00518823,0.0217304,0.00529213,0.00693061
0.00912051,0.0063844,0.00508058,0.0160998,0.00574889,0.00463393
0.0149364,0.0106984,0.00566018,0.0345926,0.00766617,0.0108513
0.0519273,0.0319113,0.0288166,0.14093,0.0381719,0.071291
0.01085,0.00726103,0.00419355,0.0193035,0.00491762,0.00607094
0.0130746,0.00871089,0.00629947,0.0212354,0.00463156,0.00534707
0.0113938,0.0076075,0.00323578,0.0181423,0.00465408,0.00421933
0.00919532,0.00651665,0.00231429,0.0205737,0.0036708,0.00226706
0.0248148,0.0167937,0.00459142,0.036055,0.00970198,0.00620057
0.0454286,0.0285598,0.0167807,0.0642864,0.0158853,0.0117576
0.00719639,0.00498752,0.00377913,0.0155961,0.00545585,0.00949
0.0208928,0.0142617,0.00703753,0.0234842,0.00715666,0.00476712
0.0145051,0.00938152,0.0065083,0.0262444,0.00745688,0.016315
0.00805929,0.00583297,0.00390004,0.0226253,0.00780283,0.00632015
0.0162058,0.0103317,0.00599433,0.03304,0.00857303,0.014185
0.0287424,0.0185126,0.0163234,0.0934818,0.0237498,0.0202906
0.0105123,0.00710665,0.00608529,0.00438071,0.00345465,0.00897936
0.0343049,0.0213813,0.0133032,0.065124,0.018382,0.00606084
0.011168,0.0072191,0.00443296,0.0274688,0.00464412,0.00371792
0.0140291,0.00948184,0.00386077,0.0256557,0.00742537,0.003482
0.0271423,0.0175851,0.0208182,0.0613827,0.015768,0.0270347
0.0252305,0.0165873,0.00967587,0.0302548,0.0078789,0.00617871
0.00915085,0.00630985,0.0044487,0.0173749,0.00483035,0.00275292
0.0124511,0.00871259,0.00503166,0.0252849,0.00517603,0.00617589
0.0309684,0.0204446,0.00921069,0.0410656,0.0095401,0.0134383
0.0266629,0.0178048,0.0157442,0.0737992,0.0194509,0.0287041
0.00750492,0.00536827,0.00214511,0.025914,0.00555373,0.00736587
0.00723227,0.00526302,0.00576976,0.0394435,0.0089074,0.00486296
0.00648831,0.00470742,0.00416937,0.0119104,0.00286194,0.00180774
0.00959447,0.00644514,0.00376734,0.0123046,0.00268221,0.00468576
0.0346343,0.0233478,0.011882,0.0656101,0.0167317,0.0173086
0.00651895,0.00456027,0.00232158,0.0148494,0.00322406,0.00209944
0.0146242,0.00968353,0.00496539,0.030561,0.00547824,0.00778285
0.0180728,0.0123221,0.00503073,0.0223127,0.00483842,0.00306207
0.0106293,0.00703708,0.00362739,0.0234646,0.00538672,0.00189206
0.00494208,0.00331168,0.00223209,0.0106375,0.00291381,0.00230993
0.0216447,0.0140333,0.0172057,0.0757711,0.0176152,0.0399095
0.0126253,0.00846167,0.00515656,0.0151622,0.00497542,0.00263536
0.0144337,0.00783042,0.0110772,0.0573921,0.0175585,0.0278672
0.015692,0.00777609,0.012084,0.0545856,0.0162927,0.0281065
0.0763894,0.0429123,0.0202453,0.085516,0.022101,0.0200434
0.0250656,0.0101939,0.00742568,0.0496671,0.0128544,0.0116658
0.0332516,0.0189756,0.0094502,0.0512493,0.0119225,0.0132732
0.00958217,0.00669541,0.00327284,0.0201649,0.00617303,0.0139748
0.00902607,0.00611883,0.00368896,0.0205256,0.00496161,0.0047432
0.0116394,0.00839117,0.00321034,0.0261009,0.00552412,0.0042681
0.0236905,0.0160325,0.0406468,0.121785,0.02899,0.0442403
0.0141237,0.00537835,0.00589329,0.0278773,0.00710165,0.0077362
0.0163513,0.00529616,0.00708251,0.0283749,0.00912018,0.00969149
0.0110198,0.00694333,0.00542281,0.0137103,0.00349124,0.00879137
0.0494341,0.0255711,0.0149525,0.0834612,0.0202542,0.0549482
0.00897214,0.00597531,0.00330227,0.0151598,0.00360719,0.00512211
0.012492,0.00832728,0.00508318,0.0198857,0.00593994,0.00524877
0.0112164,0.00729215,0.00440213,0.0222982,0.00645662,0.00377243
0.00897519,0.00647559,0.00350826,0.00226635,-0.000737163,0.00219239
0.0242907,0.0158702,0.0073069,0.0453272,0.0119487,0.00921724
0.01138,0.00762564,0.00358317,0.0228734,0.00400327,0.00330159
0.00848482,0.00592196,0.00331685,0.0250112,0.00524079,0.00503675
0.00481748,0.00346594,0.00394899,0.0123993,0.0026731,0.00488903
0.0266235,0.0170095,0.010252,0.0382429,0.0103111,0.0049323
0.00420194,0.00310444,0.00270084,0.00469777,0.00156174,0.00466217
0.0170215,0.0118659,0.00480271,0.0306086,0.0088829,0.00742451
0.0539988,0.0312697,0.0171824,0.0714719,0.0175571,0.0223377
0.012506,0.00820195,0.0046891,0.0245962,0.00621184,0.00625572
0.0105371,0.00766054,0.0107343,0.0318956,0.0079927,0.0118081
0.0448968,0.0273662,0.0313545,0.106564,0.0296539,0.033403
0.0171564,0.0114706,0.00631346,0.0231129,0.00593087,0.00784393
0.0074206,0.00511093,0.00436401,0.0239701,0.00744845,0.00624247
0.0292876,0.0191827,0.0117589,0.0640127,0.0160157,0.022619
0.0432466,0.0270179,0.0131408,0.0626121,0.015875,0.00827601
0.0180604,0.0122331,0.00582099,0.0175498,0.0054676,0.00552593
0.0140642,0.00940734,0.00510962,0.0179397,0.0068319,0.0105141
0.0210527,0.0137138,0.00754595,0.0270968,0.00695454,0.0061668
0.00902147,0.00621777,0.00418594,0.0335748,0.00687177,0.00478146
0.0225891,0.0147535,0.00692239,0.0248054,0.00677876,0.0126767
0.00523514,0.00390073,0.00310405,0.019995,0.00515065,0.00326011
0.0146194,0.0102347,0.00388779,0.0212708,0.00620562,0.0026016
0.0188962,0.0125457,0.00780599,0.0254943,0.0071645,0.00638413
0.0298019,0.0193688,0.0100255,0.0477028,0.0118372,0.0253136
0.00621277,0.00428264,0.00507392,0.0341338,0.00895282,0.0133046
0.0137936,0.00928663,0.00426361,0.0186534,0.00435822,0.00578202
0.025789,0.0168942,0.0103965,0.0375011,0.0085335,0.00938499
0.0068925,0.00451557,0.00241996,0.00229284,-0.000849451,0.00418605
0.00644265,0.00431281,0.00197337,0.0206796,0.00474871,0.00258099
0.0119402,0.00786254,0.00655217,0.0409925,0.00726561,0.0186444
0.0118884,0.00782674,0.00700665,0.0179062,0.00483032,0.00572913
0.0183348,0.0107275,0.00573739,0.0329514,0.0131543,0.012661
0.0415945,0.023249,0.0148809,0.080664,0.0211397,0.0168228
0.0113372,0.00787422,0.00278829,0.0169249,0.0039944,0.0130595
0.0133811,0.00904189,0.0220213,0.0836572,0.0206688,0.0403689
0.0186851,0.00760242,0.00948857,0.0511569,0.0140938,0.0194003
0.0186996,0.00774902,0.00934588,0.0515792,0.0130181,0.0184198
0.0192565,0.0130033,0.00339149,0.0263654,0.00714205,0.00999098
0.0117186,0.00771597,0.00450762,0.0280547,0.00822827,0.00391313
0.041357,0.0245652,0.0353087,0.175354,0.0482428,0.0344329
0.0273707,0.0176929,0.00891534,0.0563043,0.0122213,0.02258
0.00845945,0.00588769,0.00327916,0.0260112,0.00606006,0.00332379
0.0351766,0.0229043,0.0149085,0.0684282,0.0171371,0.0364265
0.0263781,0.0176251,0.0115762,0.072207,0.0189618,0.00824671
0.0473659,0.0288104,0.0268623,0.0937434,0.022686,0.0267579
0.00860958,0.00633371,0.00393761,0.0178881,0.00566045,0.00300222
0.0336829,0.0221364,0.0226154,0.0438196,0.00903462,0.0152411
0.00855751,0.00582353,0.00400016,0.0159284,0.00206641,0.00281793
0.0119198,0.00798621,0.00464587,0.0177816,0.00487363,0.00611808
0.0238166,0.0160155,0.0073917,0.0332732,0.0075151,0.00323067
0.0227241,0.0144922,0.0175734,0.0612663,0.0162556,0.0235306
0.00715466,0.00459874,0.00259067,0.0164748,0.00339064,0.00994404
0.0126632,0.00859124,0.00490201,0.0116714,0.00407952,0.00821495
0.00545032,0.00431781,0.00264457,0.0120438,0.00208477,0.00590524
0.0195836,0.0133787,0.00615896,0.0201831,0.00531996,0.00603859
0.018111,0.0123393,0.00689471,0.0289577,0.00723144,0.0134705
0.0526275,0.0268952,0.0938535,0.285164,0.0723936,0.101355
0.00606044,0.00404896,0.00300239,0.0121937,0.00391404,0.00571967
0.0265,0.0177436,0.0180781,0.073973,0.0192364,0.0204773
0.0243303,0.0160795,0.00832203,0.0375339,0.0093445,0.00947046
0.0211738,0.0148816,0.00575826,0.0278735,0.00773387,0.00275355
0.0404785,0.0264093,0.0176369,0.0625043,0.0138412,0.0116426
0.011009,0.00778131,0.00709588,0.0342486,0.00934299,0.0101183
0.00428123,0.00330251,0.00181257,0.000995543,-0.00051479,0.000132599
0.031292,0.0182986,0.021095,0.0842327,0.0221273,0.0236177
0.00873047,0.00599733,0.00287845,0.0185244,0.0051279,0.00134677
0.0172516,0.0115002,0.0305003,0.10864,0.031325,0.0402489
0.00633367,0.00453511,0.00311297,0.0166623,0.00408861,0.00552085
0.0611445,0.0325694,0.0247729,0.148046,0.0343937,0.0279254
0.00954242,0.00652924,0.00352297,0.0167772,0.00362889,0.00390515
0.0124859,0.008834,0.00367647,0.0256274,0.00666386,0.00474013
0.0139425,0.0091409,0.00440947,0.0328338,0.00682621,0.00654345
0.0377933,0.0237761,0.0165781,0.0714219,0.0174639,0.0370007
0.0182764,0.0123956,0.00610387,0.0264952,0.00501342,0.00443969
0.00834247,0.00576982,0.00339032,0.0196613,0.00428339,0.00564631
0.00739064,0.00496937,0.00657061,0.0162316,0.0049674,0.00264645
0.0135792,0.00919299,0.00422031,0.0278614,0.00758612,0.00664044
0.0063881,0.0044163,0.00207278,0.0167729,0.00468698,0.0019644
0.0373637,0.023901,0.033585,0.158292,0.0417169,0.0459869
0.0107623,0.00758511,0.00655628,0.0254865,0.00569869,0.0101576
0.0412623,0.0177765,0.0604451,0.257332,0.0686232,0.0953828
0.031429,0.0116897,0.0262012,0.087446,0.0190368,0.0318224
0.0398825,0.0243862,0.0169448,0.054597,0.0158207,0.0135728
0.0193871,0.0136191,0.00718705,0.0268417,0.00637025,0.0065677
0.010945,0.00737417,0.0172485,0.0304989,0.00571664,0.0107016
0.0270489,0.0175512,0.0116309,0.0529359,0.0146165,0.00633076
0.0302837,0.01982,0.00942414,0.0410797,0.00981524,0.00910871
0.0179912,0.0116327,0.00690913,0.040065,0.0111913,0.0144995
0.0310381,0.0205199,0.011438,0.0516645,0.0118547,0.00934976
0.0124621,0.00843488,0.00344902,0.027227,0.00743965,0.00383548
0.0275088,0.0182894,0.00794291,0.0383464,0.0098047,0.0331856
0.00881362,0.00603276,0.00236255,0.018719,0.00302033,0.00424578
0.00654781,0.00419231,0.00291234,0.0146002,0.00356992,0.00368866
0.0169061,0.0117193,0.00381581,0.0243601,0.00797307,0.00578142
0.0195718,0.0129826,0.00710796,0.0310298,0.00912347,0.00653677
0.0117255,0.00780487,0.00325669,0.0162644,0.00429007,0.00343267
0.0541368,0.0322519,0.0308585,0.123255,0.0297186,0.0430692
0.00489289,0.00356516,0.0015841,0.0121506,0.0041679,0.00556076
0.037185,0.0230878,0.0175559,0.0868609,0.0231895,0.0421732
0.0156137,0.0105842,0.00576976,0.0320204,0.00659055,0.00817853
0.0147079,0.00990307,0.00497069,0.0260852,0.00484532,0.00314028
0.00885895,0.00633273,0.00356755,0.030375,0.00594535,0.00744769
0.0243728,0.0162366,0.00774873,0.0325783,0.00729516,0.00447694
0.0054413,0.0035643,0.00156983,0.0209009,0.00821308,0.0147029
0.0121899,0.00846281,0.00358196,0.0236023,0.00634011,0.00204282
0.00542654,0.00391222,0.00623108,0.0204642,0.00378237,0.00162574
0.0313419,0.0182203,0.0105369,0.0528505,0.0146275,0.0129732
0.0213651,0.00893482,0.00655111,0.0389433,0.00910971,0.00747517
0.023749,0.0153321,0.00721549,0.0129104,0.00336665,0.0182728
0.0181237,0.0120934,0.00847522,0.0632742,0.0154406,0.0174022
0.0225501,0.0149093,0.00668054,0.0312646,0.00797691,0.00417976
0.016458,0.0107671,0.00609171,0.030233,0.00813773,0.0030642
0.00976996,0.00683695,0.0046215,0.00871137,0.00412945,0.00547738
0.0409755,0.0224273,0.0165983,0.0445801,0.00990956,0.0116612
0.0349276,0.0222694,0.0142809,0.0367956,0.00768899,0.00878366
0.0182145,0.0115025,0.00826627,0.0219809,0.00592982,0.00487352
0.0155479,0.0101634,0.00534992,0.0312415,0.00745822,0.0046732
0.029033,0.0117171,0.01148,0.0420953,0.0126973,0.0178449
0.0335102,0.016231,0.0114392,0.0356079,0.00806382,0.0116292
0.00761886,0.0053443,0.00257704,0.0175894,0.00356145,0.00489412
0.00934762,0.00644799,0.00375968,0.020076,0.00395609,0.00165346
0.0511225,0.03136,0.0171717,0.0454576,0.0120763,0.0166884
0.00870807,0.00606667,0.0040327,0.0213762,0.00460545,0.00372639
0.0134093,0.00891009,0.00658514,0.0325231,0.00736099,0.00590419
0.00489379,0.00333984,0.00512482,0.00894502,0.00313918,0.0014569
0.029212,0.0182525,0.0153116,0.0550792,0.0128813,0.0130075
0.0047626,0.00344448,0.0028352,0.00880207,0.00448406,0.0037042
0.0167934,0.0116078,0.00494603,0.0235565,0.00689921,0.0063485
0.0454519,0.0246601,0.02052,0.096557,0.0213974,0.0112311
0.0251471,0.0164283,0.0181908,0.0633477,0.0160389,0.0239224
0.0067928,0.00491309,0.00265941,0.0158649,0.00351129,0.00207172
0.0484881,0.0277129,0.0364985,0.126763,0.030104,0.0274823
0.0104589,0.00666198,0.0131181,0.0577009,0.0179721,0.0176081
0.0207732,0.0140695,0.00544987,0.040968,0.00867668,0.0206797
0.0195644,0.0132242,0.00576967,0.00544716,0.00216093,0.00976347
0.011004,0.00727079,0.00808815,0.0440217,0.0111083,0.0129025
0.0105848,0.00735185,0.00328985,0.0206205,0.00290176,0.000835626
0.0182006,0.0121514,0.008862,0.0316018,0.00720094,0.0114918
0.0154133,0.0105711,0.006578,0.025276,0.00743665,0.014307
0.00681052,0.00449376,0.0019244,0.0157836,0.00373994,0.00627129
0.0238665,0.0160131,0.0107299,0.0414214,0.0111686,0.0165157
0.0143416,0.00962109,0.00648079,0.0232288,0.00827216,0.00496164
0.0153864,0.0109417,0.00958154,0.0258035,0.00799091,0.00372114
0.0139528,0.00958737,0.0038291,0.0398837,0.011791,0.0129546
0.00782493,0.00520362,0.00247746,0.0250186,0.00501634,0.00394362
0.0102915,0.00700287,0.00496415,0.0279178,0.00739932,0.0076126
0.0100551,0.00637463,0.00199226,0.0194202,0.00662077,0.00525881
0.0278443,0.018377,0.011946,0.0342439,0.00673242,0.0145683
0.0108815,0.00678039,0.00289066,0.0235811,0.0051295,0.00270889
0.0529418,0.0309292,0.0278022,0.0967735,0.0223347,0.0218669
0.0239369,0.014771,0.00802007,0.0283319,0.00954811,0.0176838
0.0164234,0.00935373,0.00585074,0.026671,0.00724736,0.00429713
0.0133386,0.00927316,0.00523702,0.0180205,0.00443846,0.00577429
0.00750683,0.00519086,0.00588242,0.0397423,0.00937552,0.0101901
0.0340143,0.0205506,0.0231449,0.116887,0.0314288,0.0419936
0.0253766,0.0165347,0.0224912,0.0808869,0.0224505,0.0213277
0.0464162,0.02457,0.0331255,0.122038,0.0316474,0.0709732
0.0254361,0.0169114,0.00880876,0.0255199,0.00720829,0.00946207
0.0185977,0.0123769,0.00510046,0.0305336,0.00785606,0.0117179
0.015589,0.00997289,0.00618371,0.0279114,0.00809256,0.00392437
0.0153602,0.00990377,0.00561927,0.0245393,0.00720395,0.00331488
0.0212245,0.0142322,0.0047168,0.044059,0.0110982,0.0208993
0.00566981,0.00411898,0.00301192,0.0108211,0.00247689,0.00183878
0.0215599,0.0144972,0.00802121,0.0449234,0.0126951,0.0075497
0.0220885,0.0142091,0.0155637,0.0681975,0.0181408,0.0282224
0.00820584,0.00410587,0.0025796,0.0256565,0.00885938,0.0054444
0.0410386,0.0255811,0.0155612,0.0853518,0.0234611,0.0328944
0.010402,0.0072745,0.0100836,0.0298316,0.00715769,0.00910822
0.02544,0.0164892,0.00628836,0.0385049,0.00769954,0.00318719
0.00544123,0.00386368,0.00238813,0.0124559,0.00345841,0.00100948
0.0157351,0.0111779,0.00447753,0.013622,0.00584612,0.00511305
0.00569963,0.00400726,0.00264334,0.0173808,0.00236286,0.00513887
0.0107034,0.00725084,0.0091203,0.0468118,0.0134977,0.00746015
0.0162843,0.0106715,0.00862771,0.0328518,0.00976468,0.0149149
0.010133,0.0067286,0.00329046,0.00864641,0.00429263,0.00374684
0.0217641,0.0134419,0.0141696,0.0697558,0.0180491,0.024418
0.0165438,0.0112542,0.00592358,0.021005,0.00558229,0.00786201
0.00938874,0.00670777,0.00262238,0.017253,0.00413165,0.00437354
0.0252908,0.00988349,0.0148656,0.076457,0.0188363,0.0322035
0.0320961,0.0212834,0.00718105,0.0429332,0.0108321,0.0303035
0.0283507,0.0173698,0.00953804,0.042856,0.0131768,0.0152832
0.0153914,0.00791972,0.0152856,0.0767828,0.0165984,0.0321768
0.0153041,0.0107358,0.00448236,0.0174522,0.00561325,0.00904631
0.010899,0.00738862,0.00569053,0.0256459,0.00773071,0.0144146
0.00510542,0.00362458,0.00248129,0.0134409,0.00305763,0.00228462
0.0112283,0.00760627,0.00307656,0.0289809,0.0082872,0.0134252
0.0204898,0.0138184,0.00759953,0.0368948,0.00901224,0.00295016
0.0110891,0.00767303,0.00481245,0.0217281,0.0053373,0.013288
0.0345635,0.0155954,0.0148452,0.0739944,0.01857,0.0306118
0.0342646,0.0217879,0.0151519,0.0797212,0.019549,0.0302753
0.00889303,0.0059352,0.00290683,0.0102476,0.0031407,0.00612911
0.00532881,0.00365068,0.00416996,0.0151094,0.00461541,0.00174738
0.0149804,0.0100536,0.00577915,0.0235005,0.00466406,0.0120363
0.013585,0.00964638,0.0071548,0.0431354,0.0135171,0.00630244
0.0166468,0.0111949,0.00801336,0.0533146,0.0159011,0.0328549
0.0286902,0.0181652,0.0235737,0.0753178,0.0171889,0.024956
0.00991087,0.0070484,0.00311114,0.0114385,0.000977539,0.00551241
0.0176795,0.0120139,0.00561817,0.0259924,0.00601402,0.00676482
0.00874679,0.00599068,0.00378929,0.0284681,0.00711286,0.0054811
0.0217914,0.0146344,0.0206499,0.0743035,0.0192239,0.0172043
0.0183448,0.011735,0.0156013,0.0646036,0.0186696,0.0188206
0.0092095,0.00606612,0.00272827,0.0126671,0.00403799,0.00398795
0.0191207,0.0125893,0.00882503,0.0245375,0.00627181,0.012392
0.00680027,0.0048662,0.0129769,0.0203442,0.0058577,0.00190464
0.00942296,0.00659123,0.00389077,0.0109357,0.00235464,0.0100994
0.00481882,0.00331674,0.00449666,0.0131887,0.00362394,0.00423048
0.017137,0.0114632,0.0102718,0.0274397,0.00537274,0.00408205
0.0121255,0.0082976,0.00293158,0.0300785,0.00647598,0.0247073
0.00637734,0.00430876,0.00281811,0.0124966,0.00514699,0.00183953
0.0103244,0.00672454,0.00319404,0.0272225,0.00555918,0.00409322
0.00722165,0.00506634,0.00273021,0.0138382,0.00400169,0.00280985
0.00609058,0.00396609,0.00265548,0.0128033,0.00358783,0.00489773
0.00914438,0.00644249,0.0031455,0.0166603,0.00344389,0.00661236
0.0084206,0.00579344,0.00228394,0.0260553,0.00641768,0.00372081
0.0152371,0.010214,0.00384682,0.0399012,0.0112022,0.00823114
0.0376922,0.0239101,0.010775,0.0553649,0.0135535,0.00855205
0.010723,0.00721797,0.00454766,0.00505277,0.00148997,0.00357586
0.00856324,0.00588678,0.00346934,0.0154911,0.00338063,0.00327473
0.00475096,0.00342583,0.00234372,0.00726753,0.00327573,0.00592763
0.029516,0.0127667,0.0101843,0.0519244,0.0106714,0.0109189
0.0294949,0.0128754,0.00990812,0.0498217,0.00937461,0.00971487
0.0170024,0.00886022,0.00594881,0.0312399,0.00820727,0.0039358
0.0244847,0.0136165,0.00865724,0.0322196,0.00648666,0.00643796
0.0192016,0.0124176,0.0262667,0.0564499,0.0149523,0.0200391
0.013096,0.00898144,0.00523696,0.0332294,0.00727996,0.00712021
0.0135742,0.00904907,0.0064844,0.0329194,0.00942363,0.0161356
0.0340284,0.021939,0.0102712,0.0537763,0.0152605,0.0289906
0.0241612,0.0160284,0.00657815,0.036326,0.00921743,0.00610608
0.00724478,0.0050345,0.00633139,0.0165047,0.0048673,0.0059241
0.00526949,0.00379459,0.0022847,0.0196181,0.00485565,0.0054043
0.0280199,0.0183042,0.00851398,0.0315417,0.00713257,0.0248608
0.00652574,0.00447915,0.00256147,0.00903663,0.00317587,0.00198028
0.0054859,0.00415015,0.00275733,0.0207761,0.00382614,0.00368568
0.0247642,0.01044,0.0104887,0.037421,0.00838365,0.0124151
0.0249885,0.010355,0.0105953,0.036741,0.00797998,0.0121497
0.0125424,0.00855654,0.00383399,0.0165007,0.00520966,0.00207464
0.0219003,0.0149047,0.0167111,0.0457892,0.0118565,0.0242078
0.016176,0.0110784,0.00380087,0.0234283,0.00582045,0.00644067
0.00909673,0.00627691,0.00389873,0.0161506,0.00353903,0.00696827
0.0359371,0.0218212,0.045133,0.227646,0.0583635,0.101587
0.0202811,0.0135025,0.00696618,0.0351763,0.0101666,0.00764974
0.0250088,0.0172742,0.00975789,0.0423925,0.00933832,0.005594
0.0202659,0.0132598,0.00694273,0.0271242,0.00718743,0.00654026
0.00609269,0.004431,0.00256272,0.0125673,0.00330203,0.00262073
0.00883034,0.00640461,0.00840975,0.0366799,0.00891262,0.00600126
0.0124033,0.0082614,0.00522143,0.0166847,0.00387453,0.00272842
0.0108167,0.00755251,0.0032032,0.0346663,0.0080877,0.00380597
0.0151271,0.010412,0.00620229,0.0313887,0.00891018,0.013363
0.00453519,0.00353308,0.00150938,0.01228,0.00386185,0.00884118
0.0313631,0.0153967,0.00976997,0.0620234,0.0179186,0.0137098
0.0288446,0.0128855,0.00942561,0.0513109,0.0129893,0.00900356
0.00592216,0.00405757,0.00224185,0.0200047,0.00497418,0.0110395
0.018938,0.013279,0.0106018,0.0348242,0.00610357,0.00571271
0.0258254,0.0169194,0.00925545,0.0391291,0.0100668,0.0063626
0.0401485,0.0265242,0.0169413,0.0714827,0.0183698,0.0303638
0.0190023,0.0131896,0.0140468,0.028078,0.00810348,0.0156204
0.0185783,0.0124495,0.0102193,0.0439155,0.0117021,0.00843046
0.015356,0.0103295,0.00553242,0.0293742,0.00593517,0.00699937
0.00455622,0.00314072,0.00340602,0.0320927,0.0076195,0.00143967
0.00725658,0.00513709,0.00422783,0.011625,0.00350219,0.00325971
0.00759957,0.00533138,0.00249133,0.0168642,0.00379283,0.00506396
0.0201692,0.0135708,0.0122425,0.0497735,0.0136968,0.0183054
0.0251833,0.0169937,0.0103123,0.0349996,0.00943037,0.00850924
0.0337117,0.0208225,0.0175151,0.0970309,0.0228486,0.0204562
0.0106993,0.00768182,0.00214168,0.0199721,0.00228335,0.00549524
0.0189629,0.0124256,0.0072435,0.0230686,0.00636251,0.00708602
0.0121448,0.00861141,0.00721751,0.0193677,0.00639174,0.00252258
0.0117443,0.00828091,0.00465073,0.0223591,0.00654977,0.00277394
0.0101376,0.00699618,0.00285031,0.0164189,0.00535699,0.0120213
0.041348,0.0253051,0.033036,0.194651,0.0455954,0.0524252
0.00668941,0.00488531,0.00615207,0.013369,0.00418666,0.00809909
0.00680717,0.00490523,0.00739119,0.0360097,0.0101147,0.0149115
0.0116829,0.00784962,0.00325127,0.0302549,0.007811,0.0111827
0.00531733,0.00382897,0.00579612,0.0136057,0.00409384,0.00579929
0.00867218,0.00606697,0.0068943,0.0108785,0.00315373,0.0032811
0.0240789,0.0162535,0.00715427,0.0364978,0.0101883,0.00436791
0.0353171,0.0215009,0.0216688,0.108318,0.0292544,0.0397265
0.0141858,0.00944021,0.00525258,0.0227654,0.00556169,0.0204027
0.0203708,0.0135602,0.00603329,0.0384646,0.00912474,0.00856656
0.0142861,0.00911052,0.00426251,0.020668,0.00364837,0.00636227
0.0186909,0.0125784,0.00376932,0.0299691,0.00631796,0.00856124
0.0199736,0.0136588,0.00684264,0.0530121,0.0152225,0.0180054
0.00596728,0.00399866,0.00271167,0.0189738,0.00360944,0.00425257
0.0296781,0.0191487,0.0190017,0.0757949,0.0169761,0.0241194
0.0474516,0.0291238,0.0231967,0.108377,0.0281368,0.0363973
0.0113431,0.00753878,0.0047977,0.0114768,0.00278419,0.00340326
0.0407538,0.025917,0.0150359,0.0755643,0.0188765,0.0218318
0.0163742,0.0111464,0.00629371,0.0377082,0.0115565,0.023434
0.0210041,0.0142451,0.0117428,0.0501265,0.0109645,0.0236176
0.0234824,0.0155328,0.00902225,0.036211,0.00786592,0.0126937
0.00698622,0.00470585,0.00101305,0.0107191,0.00382277,0.00258859
0.023916,0.0156306,0.00714711,0.0293343,0.0074289,0.0089018
0.0473758,0.0263133,0.0215003,0.0808155,0.0191355,0.0221512
0.0165887,0.0116133,0.00395679,0.033504,0.00961199,0.0104338
0.00891543,0.00620139,0.00578454,0.0116088,0.00422561,0.00261533
0.0572578,0.0346169,0.0510014,0.161501,0.0420215,0.0568884
0.0113837,0.00800956,0.00424075,0.0280653,0.00487007,0.00388697
0.00628632,0.00402101,0.00280321,0.0181788,0.00443083,0.00718569
0.0140525,0.00992629,0.00422109,0.0186694,0.00698346,0.00964222
0.0398688,0.0252878,0.0099973,0.0444556,0.0129955,0.0283074
0.00833136,0.00548025,0.00341011,0.0213426,0.00452746,0.0040719
0.0486316,0.0304758,0.0114467,0.0504239,0.011576,0.00821377
0.0203819,0.0132991,0.00648367,0.0381257,0.0117193,0.0110862
0.0291998,0.0189806,0.00792788,0.044355,0.00987055,0.01242
0.00408472,0.00303848,0.00236244,0.00823062,0.00300196,0.00287325
0.0384593,0.0250195,0.0154331,0.0734032,0.0159321,0.0140262
0.0147375,0.00899981,0.00472719,0.0251317,0.00740589,0.00620014
0.00847266,0.00598559,0.0033558,0.0190738,0.00425439,0.00129068
0.0046297,0.00341298,0.00232448,0.0135607,0.00290137,0.00364544
0.070494,0.0268378,0.0660139,0.243403,0.0693408,0.0987832
0.0766404,0.0268187,0.0685575,0.244895,0.0640545,0.0997255
0.0075103,0.00525532,0.00281238,0.0112391,0.00359999,0.00400015
0.0232441,0.0148883,0.0177046,0.102981,0.0261399,0.0168198
0.029637,0.0203876,0.0116851,0.0421472,0.0124493,0.013305
0.0149625,0.00992441,0.00511407,0.0233054,0.00550113,0.00614626
0.00748376,0.00559229,0.00328063,0.0185129,0.00505107,0.00183458
0.028185,0.0186416,0.00832793,0.0549321,0.0138078,0.0307374
0.0121077,0.00842427,0.00332552,0.0171535,0.00552608,0.0200596
0.0498137,0.0295778,0.0289641,0.132591,0.0329166,0.0174282
0.0287859,0.0189966,0.0150514,0.0926768,0.026404,0.0299585
0.0310124,0.020766,0.0148702,0.0973534,0.026416,0.0367276
0.0206006,0.0116126,0.00741475,0.0475302,0.0136303,0.0130401
0.0418342,0.0161692,0.0192751,0.0831914,0.0265078,0.0344526
0.0452808,0.0228342,0.0170821,0.0741961,0.0199574,0.0383068
0.0104568,0.00708477,0.00431208,0.0235392,0.00502546,0.00684907
0.0156019,0.0104905,0.00849525,0.0279093,0.00777913,0.00343815
0.0237987,0.015857,0.00797955,0.0295155,0.00676745,0.0101311
0.0206634,0.0136283,0.00633164,0.0205543,0.00685628,0.00912612
0.0298969,0.0198134,0.0130942,0.0512115,0.0115415,0.0184578
0.038388,0.0221709,0.0527518,0.236384,0.0616108,0.0702363
0.0276615,0.0187405,0.00994408,0.0338362,0.00864802,0.0156232
0.0171974,0.0114602,0.00276222,0.0329177,0.00753923,0.0215754
0.0365239,0.0229543,0.00944877,0.0490282,0.0140253,0.0298655
0.0240215,0.0159199,0.010827,0.0321636,0.0103287,0.0202681
0.0139022,0.00654133,0.00643078,0.0319417,0.0119523,0.0178616
0.0396243,0.025488,0.0302069,0.0917371,0.0240918,0.0477004
0.0162525,0.0112326,0.00648065,0.0275153,0.00725109,0.0133392
0.015894,0.0107814,0.00439621,0.0263218,0.006111,0.00157056
0.00572367,0.00380317,0.00191775,0.0310598,0.00680353,0.00371801
0.00852787,0.00546887,0.00374382,0.0156475,0.00438343,0.00244423
0.0321541,0.0207305,0.0149522,0.0838767,0.0221352,0.0219492
0.00629545,0.00455349,0.00260087,0.0196546,0.00395258,0.0121999
0.0211382,0.0141343,0.0230803,0.0802127,0.0182398,0.010873
0.0062671,0.0038382,0.00262662,0.0147577,0.00397493,0.00571379
0.0330532,0.0216018,0.0115499,0.0455425,0.0112967,0.0217154
0.00628385,0.00426642,0.00406876,0.0320419,0.00812144,0.0031825
0.0157996,0.0106891,0.00454702,0.0245867,0.00568792,0.00685088
0.00777965,0.00534457,0.00184923,0.024683,0.006273,0.00724388
0.0164598,0.0111891,0.00984969,0.0331208,0.0103879,0.00675429
0.00812524,0.00573667,0.00997201,0.0660146,0.0165405,0.0110153
0.0268156,0.0175357,0.00828496,0.0478105,0.0123673,0.0304279
0.0239412,0.0151764,0.00859699,0.0130467,0.00387,0.00469263
0.0237176,0.0134491,0.00696344,0.0294329,0.0067053,0.0100749
0.0170652,0.0117828,0.00517126,0.0268351,0.00710396,0.00543624
0.018427,0.0122681,0.00536634,0.0207293,0.00448873,0.00678627
0.0144284,0.0101642,0.00496844,0.0191181,0.0049546,0.00293568
0.0183188,0.0125962,0.00556108,0.023815,0.00584283,0.0066941
0.0570696,0.0329839,0.0270255,0.120298,0.0281808,0.037484
0.00807619,0.00538028,0.00205352,0.0173059,0.00428124,0.00374623
0.00695361,0.00476691,0.00283011,0.017897,0.00382866,0.0017243
0.0258698,0.0173857,0.0203461,0.0836253,0.0215909,0.0378869
0.0164122,0.011018,0.00575088,0.0323595,0.00673948,0.00881065
0.0063221,0.00467052,0.00316851,0.00861572,0.00377964,0.00212383
0.00992605,0.00706016,0.00512148,0.0306585,0.0105227,0.00767111
0.0185902,0.0125352,0.00730785,0.0313384,0.00832748,0.0100065
0.0127591,0.00864961,0.00515161,0.0236697,0.004836,0.00901049
0.0184326,0.012453,0.0144122,0.0782261,0.0174372,0.0340424
0.00872523,0.00612496,0.00261436,0.0176294,0.00454018,0.0102895
0.0404878,0.0240635,0.0329392,0.113062,0.0291926,0.0366646
0.00686612,0.00471611,0.00146683,0.022909,0.00659808,0.00339305
0.00570476,0.00366624,0.00141987,0.0207281,0.00503093,0.00958389
0.0189768,0.0128722,0.00615202,0.0296209,0.00696918,0.00230797
0.0242493,0.0149571,0.0171877,0.122128,0.0313434,0.0457114
0.0182519,0.0117234,0.00591758,0.0294759,0.00909232,0.00312558
0.0106235,0.00724612,0.00274357,0.0264369,0.00624979,0.00343616
0.0343188,0.021744,0.0164014,0.0728802,0.0193533,0.0211409
0.00689411,0.00479128,0.0043921,0.020766,0.00652266,0.014909
0.020803,0.00992694,0.00836165,0.0439898,0.011021,0.0115166
0.0202944,0.00979367,0.00802711,0.0391716,0.00867372,0.0108299
0.0136799,0.00914378,0.00790033,0.0334318,0.00939734,0.00945124
0.0172538,0.00945528,0.00665947,0.0321922,0.00893814,0.00519902
0.0116171,0.00731817,0.00377574,0.0141878,0.00299574,0.0155461
0.0692415,0.0373178,0.0727579,0.407257,0.105954,0.113859
0.0138365,0.00966609,0.00451903,0.0197246,0.00396668,0.0025261
0.0117341,0.00809521,0.00569548,0.00532037,0.00131069,0.00576131
0.00937626,0.00639929,0.00391569,0.017051,0.00487268,0.0136505
0.0281086,0.0183847,0.0119991,0.0477502,0.01367,0.0250336
0.0130031,0.00853239,0.00725443,0.0220217,0.00642543,0.00212279
0.019972,0.0137599,0.00398895,0.0428505,0.0109047,0.00375299
0.00654335,0.00430233,0.00219078,0.0168143,0.00294712,0.00485684
0.0189875,0.0125296,0.00750676,0.0266402,0.00689759,0.0157573
0.0153146,0.0106745,0.00450344,0.0229709,0.00404681,0.00756804
0.0299327,0.018548,0.0141589,0.0571012,0.0185175,0.0244238
0.0414368,0.0242612,0.0218742,0.138445,0.0352791,0.0269649
0.00557449,0.00391945,0.00234725,0.0138306,0.00404812,0.00860258
0.0151404,0.00996525,0.00465145,0.0368344,0.00991325,0.0156377
0.0209539,0.0142689,0.00568512,0.0231816,0.00681586,0.00972495
0.0532764,0.0311273,0.0315302,0.141727,0.0377575,0.0433834
0.0194276,0.0131639,0.00897028,0.0120664,0.00117688,0.00944917
0.00873325,0.00620228,0.00246759,0.0188491,0.00488077,0.00509611
0.0104143,0.00737075,0.00653697,0.0211873,0.00590029,0.0176825
0.0112934,0.00752093,0.00526067,0.0196693,0.00509119,0.00708298
0.0342325,0.0225776,0.0146828,0.0477454,0.0123613,0.0102508
0.0130146,0.0087466,0.00330785,0.016418,0.00604088,0.00416371
0.0196946,0.0130241,0.013251,0.0698462,0.018299,0.0215089
0.00684753,0.00468362,0.002769,0.0236978,0.00673909,0.0259158
0.00467336,0.00361303,0.001969,0.0148813,0.0038546,0.000740527
0.00842279,0.00594964,0.00330102,0.0130672,0.00377621,0.00277207
0.0189129,0.0124594,0.00650777,0.0342665,0.00798005,0.0112343
0.0216816,0.0137167,0.00826943,0.0442831,0.0120619,0.0139789
0.0217385,0.0139374,0.00783911,0.034966,0.00677402,0.0203546
0.0196191,0.0134394,0.00590244,0.0336015,0.0103905,0.00616107
0.0177513,0.0118949,0.00786337,0.0408138,0.0116545,0.00618515
0.0213316,0.0144611,0.0109689,0.0498731,0.0104206,0.016119
0.0246263,0.0161461,0.0218957,0.0882134,0.0225367,0.0178319
0.033234,0.0213337,0.00990274,0.0502658,0.0123868,0.00924625
0.0089663,0.00623892,0.00297569,0.0189234,0.0043247,0.0107473
0.0214862,0.0140114,0.00993212,0.0364051,0.00900202,0.0158055
0.0485872,0.0278618,0.0520055,0.182495,0.0472479,0.0668725
0.0370909,0.0242264,0.013808,0.046626,0.0120758,0.0279248
0.0591486,0.0348756,0.0199904,0.0723621,0.0165281,0.0136411
0.0164419,0.0115699,0.00613686,0.0212855,0.0059861,0.00548586
0.0111723,0.00718426,0.00621985,0.0278429,0.0062364,0.00540866
0.0230199,0.0151636,0.00857535,0.0389908,0.0095269,0.0201416
0.0214016,0.0140843,0.00403874,0.0494391,0.0135382,0.0207446
0.0165166,0.0114059,0.00459473,0.0171809,0.00486082,0.00532122
0.00487575,0.0034466,0.00334271,0.0248551,0.00589393,0.00140165
0.0237094,0.0164234,0.00893461,0.0355006,0.0065084,0.00671472
0.0150849,0.010247,0.0055648,0.0196491,0.00383508,0.00547682
0.0282317,0.0183895,0.0145365,0.0876758,0.0196065,0.0225798
0.0543147,0.0342583,0.0571916,0.144733,0.0353768,0.036668
0.0090221,0.0062039,0.00328828,0.0171614,0.00390355,0.00402517
0.0147469,0.010288,0.00408299,0.0270913,0.00568009,0.00980798
0.0234557,0.0153852,0.0121207,0.0496718,0.0136384,0.0118944
0.0174315,0.011868,0.00591011,0.035594,0.0074902,0.00400975
0.0172736,0.0116621,0.00950727,0.0279005,0.0071669,0.00396149
0.0221824,0.0149266,0.0141042,0.0508749,0.0126206,0.0124774
0.0101166,0.00679227,0.00437032,0.0351855,0.00967219,0.0130225
0.0167555,0.0111023,0.00529865,0.0369845,0.0124248,0.0260684
0.0091901,0.00637973,0.002922,0.0124094,0.00229853,0.00752687
0.00797535,0.00570601,0.00270831,0.0150104,0.00365197,0.00773262
0.0155294,0.0107641,0.013137,0.0657881,0.0152197,0.0122426
0.022239,0.0146471,0.00926858,0.0318179,0.00778041,0.00980454
0.010665,0.00729153,0.00358164,0.0212769,0.00479362,0.00648341
0.0140451,0.00907365,0.00377513,0.0216956,0.00485901,0.0157962
0.0264194,0.013821,0.010191,0.0540071,0.0135948,0.0101326
0.0304437,0.0137494,0.0109104,0.0550812,0.0148249,0.0125554
0.0245748,0.0142467,0.00645848,0.0364007,0.00802447,0.0237997
0.0075276,0.00501952,0.0034467,0.0115508,0.00398992,0.00589379
0.0192398,0.0126139,0.00479344,0.0343773,0.0074303,0.0151574
0.0117318,0.00810576,0.00389667,0.0186504,0.00382445,0.00699492
0.0140992,0.00967372,0.00305932,0.0168475,0.00579647,0.00238457
0.0320379,0.0206517,0.016207,0.0695573,0.0162295,0.00929544
0.0122621,0.00881497,0.00705409,0.0256146,0.00694204,0.00980239
0.0224052,0.0151873,0.0109943,0.0455236,0.0116248,0.0220366
0.0100135,0.00703785,0.00602354,0.0317456,0.0065324,0.00571047
0.0220423,0.0151402,0.0102259,0.0482305,0.0130427,0.0160256
0.01362,0.00907455,0.00460228,0.0232145,0.00521383,0.00251421
0.0301143,0.0199394,0.0103825,0.0507038,0.01384,0.0120322
0.00620596,0.00460008,0.00312462,0.0136853,0.00305507,0.00288018
0.00424368,0.00318776,0.00206499,0.00885703,0.00134765,0.00440207
0.00970146,0.00665938,0.00382269,0.0196272,0.00530232,0.00848761
0.00791283,0.00549526,0.00232484,0.0233752,0.00595085,0.00713486
0.0361011,0.0208739,0.0342334,0.159376,0.0431154,0.0561902
0.0130659,0.00859832,0.005244,0.0272508,0.00411115,0.0130522
0.0052794,0.0036239,0.00205875,0.0153449,0.00318631,0.0041023
0.037508,0.0235217,0.0142466,0.0817953,0.0236981,0.0462168
0.0316938,0.0194041,0.0254022,0.0951896,0.0265035,0.0306508
0.00584196,0.00411554,0.00247572,0.0112166,0.00424005,0.00532829
0.0115265,0.00757253,0.0100103,0.0366962,0.00857421,0.0245174
0.0508879,0.0308986,0.0176229,0.0784407,0.0189212,0.0352609
0.0115025,0.00793828,0.00378806,0.0183931,0.00491484,0.00416323
0.00934044,0.00534329,0.00403173,0.0165282,0.00789727,0.0094148
0.0107951,0.00689016,0.00392867,0.0263026,0.00706735,0.00765319
0.0411214,0.0264359,0.0169477,0.0554465,0.0153348,0.0174584
0.027321,0.0148581,0.0169059,0.0389137,0.00789725,0.0152129
0.0224155,0.0135288,0.0137073,0.027517,0.00567332,0.0105872
0.00571332,0.00405763,0.00155748,0.0111482,0.00331649,0.0059728
0.0137583,0.00946388,0.00460218,0.020553,0.00596317,0.00913468
0.0248953,0.0163276,0.0102463,0.0507948,0.0124863,0.0114853
0.0119482,0.00780225,0.00408686,0.0191011,0.00465231,0.0070734
0.00647357,0.00443301,0.00304593,0.0162489,0.00419923,0.00332934
0.0160677,0.0104125,0.00869102,0.0510455,0.0128575,0.00467681
0.00745173,0.00519361,0.0028756,0.0172546,0.00494206,0.00475734
0.0141726,0.0090475,0.00558078,0.0449345,0.0119493,0.0335616
0.0225453,0.0153346,0.00865348,0.0409351,0.0112433,0.0235284
0.0103547,0.00676762,0.00375752,0.0192759,0.00552743,0.00761636
0.00686122,0.00485253,0.00259778,0.00305994,0.000429816,0.00250218
0.033653,0.0210511,0.0139754,0.11019,0.0313733,0.0266884
0.0141651,0.00910927,0.00450488,0.0273594,0.00743253,0.00539871
0.0188633,0.00991577,0.0068209,0.0310819,0.00935645,0.00580852
0.0104973,0.00665538,0.00194482,0.0234327,0.00662333,0.00606455
0.0205452,0.0137854,0.00956408,0.0479909,0.0122304,0.00735317
0.010319,0.0068966,0.00379844,0.0227533,0.00400415,0.00381181
0.0112384,0.00799355,0.00351308,0.0103924,0.00410672,0.00436116
0.0108312,0.00737112,0.00374204,0.0150691,0.0063237,0.0143304
0.0265655,0.0169665,0.00780964,0.0488775,0.0113201,0.0174973
0.0175133,0.0116547,0.00792422,0.0234332,0.00690134,0.0187249
0.0202328,0.0135365,0.0346339,0.12092,0.0303703,0.0381398
0.00641984,0.00444831,0.0041685,0.0198569,0.0053038,0.00923921
0.00930922,0.00641999,0.00421321,0.0183946,0.00369941,0.00208534
0.00963241,0.00637886,0.00343822,0.0185055,0.00599798,0.00675049
0.0163684,0.0110411,0.00558492,0.0281219,0.00686793,0.0130274
0.0292403,0.0191207,0.0150323,0.0723728,0.0195092,0.0140087
0.00987786,0.00664631,0.00398601,0.0192844,0.00555594,0.010539
0.0217225,0.0143721,0.0121606,0.0597693,0.0145914,0.0115133
0.0284657,0.018637,0.0107947,0.0704436,0.0177292,0.0138021
0.0279953,0.0170422,0.0175075,0.0746651,0.0194432,0.0271845
0.0420244,0.0261975,0.0372533,0.187205,0.0490786,0.065703
0.0115701,0.00621982,0.00417948,0.0280143,0.00581276,0.00545374
0.0323456,0.0217167,0.00976079,0.0384658,0.00940373,0.0151941
0.0392287,0.025079,0.00867299,0.0810164,0.0195191,0.0231565
0.0175596,0.0112733,0.00344409,0.0277022,0.00843628,0.0147619
0.0283741,0.0186281,0.012464,0.0277456,0.00811022,0.0148822
0.0201759,0.0132145,0.0145685,0.0206219,0.00481429,0.00983661
0.015194,0.0102326,0.00567757,0.0346204,0.00897055,0.00725067
0.00747831,0.00503371,0.00322305,0.00368439,0.000159789,0.00353099
0.0130931,0.00853284,0.00433135,0.025554,0.00440936,0.00231319
0.00473889,0.00289722,0.00157788,0.0155777,0.00509343,0.00435631
0.0124116,0.00866721,0.00263861,0.0212093,0.00546042,0.0111285
0.0283119,0.018171,0.0094207,0.0512031,0.0140771,0.0181632
0.0120001,0.00833955,0.00348767,0.0209178,0.00639586,0.0123544
0.02308,0.0154271,0.019473,0.0555318,0.0139386,0.0236296
0.00717364,0.00502271,0.00305512,0.0160078,0.00527357,0.00468407
0.0116057,0.00831153,0.00580086,0.0198653,0.0053059,0.00367588
0.00778362,0.00520168,0.0037735,0.00973771,0.00408697,0.00243751
0.0211958,0.00893568,0.00758164,0.041954,0.00942479,0.0101008
0.0204486,0.00907697,0.00740341,0.0443096,0.00896458,0.010309
0.0161432,0.0110216,0.00645492,0.0186206,0.00437973,0.00524941
0.0155154,0.0105085,0.00572634,0.0258018,0.00542968,0.00456585
0.0223823,0.0147592,0.0114221,0.052171,0.0112138,0.00970016
0.0117346,0.00805239,0.00355461,0.0272478,0.00619483,0.00161273
0.0109698,0.0076349,0.00417346,0.0235369,0.00670639,0.00795375
0.0219552,0.0141953,0.0146957,0.0138623,0.00369072,0.00818849
0.0244524,0.015977,0.019454,0.143232,0.0378521,0.0251041
0.0193446,0.0133209,0.0064338,0.0248958,0.00623369,0.00458499
0.0693287,0.0388524,0.0229802,0.0849453,0.0203992,0.0159943
0.0213112,0.0143761,0.00738059,0.0232676,0.00441118,0.0111197
0.0131635,0.00927544,0.00525092,0.0226573,0.00373282,0.00439407
0.018899,0.0130954,0.0114765,0.0431156,0.0105691,0.0308976
0.0223471,0.0145832,0.00803338,0.0280418,0.00740165,0.0139843
0.0400693,0.0248902,0.0163132,0.0647885,0.017374,0.0329734
0.00731308,0.00500516,0.00272362,0.0119096,0.00189044,0.00332606
0.0254817,0.0174343,0.00905992,0.0405939,0.0109326,0.0107382
0.020654,0.0137835,0.00781947,0.0274897,0.009383,0.0089764
0.0288037,0.0182355,0.0116694,0.0445447,0.0132162,0.00927495
0.0180199,0.0123312,0.00321726,0.0465818,0.0119035,0.0160783
0.00718539,0.00485961,0.00238051,0.0077296,0.00255649,0.00233737
0.0316054,0.0206076,0.00956118,0.0435535,0.00959892,0.0101812
0.0430621,0.0252328,0.0424802,0.17477,0.0416596,0.0288301
0.023569,0.0157627,0.00846211,0.0453228,0.0119038,0.00633205
0.0067843,0.00448076,0.00258183,0.00791824,0.00144129,0.00343334
0.0183166,0.0118017,0.00735259,0.051036,0.0129895,0.0280437
0.0284901,0.0177536,0.0225146,0.105884,0.0262296,0.0162279
0.00706777,0.0047632,0.00233353,0.0124101,0.00265766,0.00466304
0.034102,0.0200994,0.0379084,0.208167,0.0553132,0.150156
0.0152462,0.0104336,0.00519613,0.0304438,0.00671717,0.00728327
0.0248941,0.0165191,0.0206708,0.0919772,0.0227397,0.0137062
0.0134093,0.00895461,0.00953531,0.0571014,0.0164297,0.0279959
0.027072,0.0179323,0.00998529,0.023109,0.00860226,0.00852339
0.0134417,0.00927056,0.0038742,0.03092,0.0045045,0.00518286
0.0144554,0.00763224,0.00470521,0.0260776,0.00501651,0.00744753
0.019671,0.0127124,0.0242616,0.104596,0.0266498,0.0721049
0.0228901,0.014665,0.0236998,0.0922893,0.0281159,0.0862613
0.0320871,0.0132851,0.0107649,0.0523821,0.0143212,0.0114375
0.0213306,0.0143038,0.00816052,0.0243049,0.00623563,0.00379622
0.00633021,0.00406181,0.00487398,0.0221635,0.00332767,0.00223684
0.0234381,0.0154921,0.00764264,0.0341202,0.00869859,0.00500661
0.0614519,0.0292388,0.0291159,0.137768,0.0322997,0.0286324
0.0177881,0.00686827,0.00790857,0.0355323,0.00679769,0.00675772
0.0255961,0.0160689,0.00949015,0.0342367,0.0076101,0.0130345
0.0309635,0.0195046,0.0106682,0.0592312,0.014443,0.0109121
0.0188393,0.0122093,0.00529318,0.0278114,0.00654771,0.0105162
0.00541315,0.00404428,0.00786414,0.00868559,0.00128054,0.0026889
0.0280065,0.018951,0.0126739,0.0555553,0.0146589,0.0161733
0.00579863,0.0040841,0.0054068,0.0237824,0.00512957,0.00396735
0.00524221,0.00377895,0.00230587,0.00796981,0.00282424,0.00103917
0.00693481,0.00471091,0.00242191,0.0129479,0.00259776,0.00363539
0.0183772,0.00740978,0.0124378,0.0584727,0.0134865,0.0202812
0.0175777,0.00681889,0.0116234,0.0487767,0.00960951,0.0173632
0.0110233,0.00744124,0.00395628,0.0219574,0.00612038,0.00341862
0.00850286,0.00578795,0.00266948,0.0177057,0.00495435,0.00535038
0.0114289,0.0075471,0.00559649,0.0255037,0.00753568,0.00659307
0.0147686,0.0100289,0.00460371,0.0214852,0.004941,0.00209366
0.0110715,0.00739806,0.00376359,0.0238519,0.00658356,0.022433
0.025876,0.0173272,0.0121536,0.04647,0.0120066,0.0187029
0.0143997,0.00986103,0.00538486,0.028655,0.00812203,0.00968347
0.0185064,0.01266,0.00632854,0.0277163,0.00729896,0.00942969
0.045864,0.025476,0.0245065,0.112384,0.0295508,0.0450177
0.0233705,0.0156407,0.0220362,0.095063,0.0221162,0.0154862
0.0139006,0.00912092,0.00462572,0.0293767,0.00668462,0.0157287
0.0184726,0.0123657,0.0111303,0.0425465,0.0112189,0.015105
0.0303586,0.0199864,0.00924929,0.0452297,0.0113519,0.0136914
0.00875484,0.00615086,0.00425279,0.0170171,0.00521899,0.00489439
0.0171557,0.0114815,0.00582805,0.0331625,0.00673151,0.010128
0.0558814,0.0322148,0.0285969,0.138945,0.033687,0.0257923
0.0316688,0.0204228,0.0387886,0.14847,0.0407082,0.0463661
0.00838526,0.0049974,0.00367826,0.0112311,0.00189618,0.0077894
0.00440739,0.00342627,0.00214882,0.0328154,0.00882197,0.00751918
0.0199815,0.0133365,0.00786424,0.0369667,0.0110382,0.0099486
0.0319206,0.0206647,0.00975423,0.0485272,0.0109203,0.0251598
0.0227152,0.01517,0.00790478,0.0383581,0.011119,0.00845584
0.0345819,0.0217104,0.00891221,0.0506232,0.0137617,0.0381732
0.0158825,0.0106807,0.00729094,0.0269248,0.00633856,0.0104947
0.0101866,0.0068945,0.00869739,0.0295311,0.00812196,0.0125485
0.0128096,0.00871418,0.00548071,0.0237763,0.00601862,0.00396643
0.0139848,0.00986312,0.00480929,0.00324838,0.000538198,0.00431261
0.00463429,0.00311343,0.00228415,0.0140551,0.00289173,0.00381296
0.00584395,0.00401544,0.00153502,0.0213952,0.00604698,0.00360624
0.012288,0.00842246,0.00388707,0.0245614,0.00674384,0.00405991
0.0128129,0.00904969,0.00599712,0.0188835,0.00551999,0.00765734
0.0428156,0.026474,0.0161596,0.0715633,0.016662,0.021361
0.0106961,0.00732342,0.00520548,0.0209569,0.0054685,0.0023576
0.0382105,0.0235766,0.0158091,0.112183,0.0276484,0.0168878
0.00966971,0.00673158,0.00250417,0.0451221,0.0105425,0.00730088
0.0197697,0.0133689,0.00557554,0.0264743,0.00517122,0.00331197
0.0117298,0.00779709,0.0039954,0.00707592,0.000479129,0.00926361
0.0163554,0.0109366,0.00437928,0.0217531,0.00427281,0.00647397
0.00735883,0.00527911,0.0030469,0.0171468,0.0049851,0.00445021
0.0223686,0.0141477,0.0114506,0.072664,0.0194161,0.0320243
0.0271277,0.0178028,0.00785976,0.0448973,0.0126031,0.0160746
0.0329334,0.0209527,0.00998027,0.0461435,0.0118291,0.00880778
0.0194027,0.0131193,0.00638295,0.0257365,0.00656847,0.0113348
0.0110949,0.00763952,0.00245437,0.0174591,0.0043926,0.00637514
0.0109446,0.00727998,0.00312655,0.0253739,0.0064528,0.00583593
0.0200468,0.0138815,0.00643848,0.0314439,0.0089808,0.00525229
0.0301002,0.0198092,0.00879448,0.0431829,0.012244,0.00905784
0.0114867,0.00774661,0.0030008,0.00877024,0.00227692,0.004217
0.0142305,0.0100207,0.00432378,0.0168647,0.0061697,0.0102847
0.00649584,0.00434999,0.00195109,0.0174396,0.00282947,0.00532369
0.00805585,0.00540863,0.00287942,0.020962,0.00382538,0.00297279
0.0515717,0.0320958,0.0312455,0.152565,0.0401888,0.0361879
0.0220365,0.0142893,0.0147894,0.066651,0.0177046,0.0425291
0.0257905,0.0170771,0.0113788,0.0583501,0.0165778,0.0189611
0.0065933,0.00482078,0.0027339,0.0129749,0.00434255,0.00616273
0.01642,0.0107172,0.00674526,0.0310312,0.00742188,0.00935523
0.0153731,0.0105919,0.00557195,0.021515,0.00538808,0.00948215
0.0229417,0.0152237,0.0112618,0.0664423,0.0178625,0.0131825
0.00606986,0.00425107,0.00552004,0.0313971,0.007804,0.0031674
0.0295335,0.0190892,0.0127953,0.044111,0.0100429,0.0160128
0.0178288,0.0120166,0.0136583,0.0472076,0.0120318,0.0103895
0.0101279,0.00659445,0.00272798,0.0182606,0.00489214,0.00496542
0.0135395,0.00921289,0.00529426,0.026041,0.00622386,0.00495065
0.0133431,0.00925001,0.0043476,0.0234496,0.00633181,0.00987666
0.0322039,0.0210358,0.013836,0.0654672,0.0167731,0.0235126
0.0113984,0.0076802,0.0053365,0.0174868,0.00620692,0.00744735
0.0232543,0.0162838,0.00709349,0.0213235,0.00509664,0.00500764
0.0187348,0.0125917,0.00541533,0.0467769,0.00989846,0.0124619
0.0278182,0.017906,0.00700105,0.0476665,0.0118139,0.0110119
0.0283362,0.0183179,0.00859753,0.0395303,0.0107682,0.011746
0.0154394,0.0106202,0.014899,0.0541474,0.0134402,0.0064069
0.0131633,0.00886465,0.00494486,0.0281083,0.00670951,0.00864628
0.0269599,0.0178046,0.0146279,0.0500106,0.0130288,0.0262214
0.0519164,0.030601,0.014165,0.0593737,0.0173893,0.0318506
0.00738274,0.00505484,0.00446275,0.0168574,0.00478123,0.00345747
0.0144306,0.00989252,0.00542745,0.022165,0.00677412,0.00767754
0.0144014,0.00977578,0.00440847,0.0306035,0.00756641,0.00713993
0.0218664,0.014368,0.00790952,0.0474668,0.0141205,0.00963696
0.0165192,0.0113824,0.00580988,0.021943,0.00501857,0.0178455
0.00852853,0.00581495,0.00174845,0.0141362,0.00344796,0.00416327
0.0131522,0.00874981,0.00295762,0.0217053,0.0047048,0.0111903
0.0289836,0.0195648,0.0206683,0.0853443,0.0222963,0.0221769
0.0121976,0.00863136,0.00493053,0.026089,0.00682963,0.00461141
0.0252186,0.0166578,0.007626,0.0307798,0.0077616,0.00769403
0.0247806,0.016447,0.00877213,0.0267882,0.00615518,0.0123791
0.0345439,0.0234253,0.0136172,0.059868,0.016695,0.0360035
0.00807234,0.00547702,0.00297992,0.0215976,0.00491896,0.00255416
0.0118405,0.00804642,0.00386132,0.0311119,0.00993095,0.00870096
0.00975559,0.00668337,0.00388448,0.0243011,0.00608841,0.00730462
0.0515491,0.0272349,0.0194885,0.0961311,0.02669,0.0340472
0.0457844,0.0268251,0.0206782,0.0974292,0.0256682,0.0180866
0.00800095,0.00559759,0.00360156,0.0139054,0.00458196,0.00675497
0.00761743,0.00525945,0.00271473,0.0131654,0.00244312,0.00209379
0.0518806,0.0259512,0.0217233,0.0794771,0.0205266,0.0208605
0.0222447,0.0144506,0.0109203,0.0425784,0.0121259,0.0219549
0.0106374,0.00728336,0.00426592,0.0167497,0.003511,0.00408392
0.0385058,0.0250956,0.0193618,0.0756316,0.0203126,0.0185347
0.0175454,0.0117247,0.00545958,0.0315611,0.00816067,0.00430016
0.0115876,0.00826214,0.0066658,0.0568261,0.0141036,0.0232497
0.0104638,0.00709538,0.0033103,0.0192558,0.00611681,0.00388939
0.00509771,0.00354692,0.00267051,0.0109323,0.00285916,0.000608268
0.0164248,0.0111677,0.00474968,0.0326294,0.00963942,0.00843041
0.0192316,0.0129337,0.00727705,0.0250574,0.00555674,0.00373861
0.026429,0.0183254,0.014818,0.0414862,0.0105229,0.0141782
0.014852,0.00564348,0.00517793,0.0378359,0.0108231,0.0164595
0.0209134,0.0112711,0.00631857,0.029265,0.00770858,0.017417
0.0411491,0.0266693,0.021101,0.069997,0.020798,0.0204908
0.00978971,0.00663763,0.00632706,0.0435598,0.0102995,0.00563914
0.0206414,0.0133329,0.0159126,0.0777555,0.0195453,0.0169485
0.0153153,0.0102118,0.00442551,0.0379489,0.00805515,0.0188635
0.00779084,0.00501033,0.00142122,0.0169081,0.00317613,0.003489
0.00589768,0.00399538,0.0036703,0.00648813,0.0035055,0.00370682
0.0121564,0.00818196,0.00343773,0.0203208,0.00531734,0.01171
0.0231847,0.015266,0.00801547,0.0400201,0.0105621,0.0070118
0.0153142,0.0101325,0.00554974,0.0119068,0.00429143,0.00607489
0.0103248,0.00687815,0.00255088,0.00989479,0.00394258,0.00587691
0.0535383,0.0283785,0.0271331,0.0879603,0.0223472,0.0225513
0.0687027,0.0331102,0.0350629,0.102555,0.0234809,0.0212527
0.0137505,0.00904008,0.00427196,0.0295964,0.00975813,0.00497199
0.0136703,0.00937538,0.00421623,0.0226597,0.00773239,0.00306607
0.0230179,0.0151196,0.0255824,0.0801011,0.021513,0.0602959
0.0118508,0.00819076,0.00478295,0.043018,0.0129906,0.0227114
0.0171602,0.0116562,0.00742241,0.037125,0.0102514,0.013154
0.00746632,0.00536029,0.00402257,0.0205051,0.00297447,0.004247
0.0119433,0.00767095,0.00384751,0.0209116,0.00762887,0.0110532
0.0267008,0.0157961,0.0151995,0.057133,0.0148749,0.0370311
0.0171862,0.0110593,0.00574686,0.0234137,0.0049518,0.0108197
0.0278392,0.0182165,0.0171635,0.0887572,0.0215593,0.0263412
0.00627319,0.00409172,0.00249555,0.0125639,0.00247633,0.00444419
0.0200452,0.0130608,0.010931,0.0466322,0.0110456,0.00970376
0.0218591,0.0147145,0.00699214,0.0370193,0.00975173,0.0193615
0.0105808,0.00699531,0.0055731,0.0255842,0.00677763,0.00568925
0.0219725,0.0132578,0.0171075,0.0755875,0.0203781,0.0242553
0.00652134,0.00470978,0.00286761,0.0155251,0.00396987,0.00482079
0.0150019,0.0103304,0.00630698,0.0295761,0.0071857,0.00862252
0.0109477,0.00765215,0.00898111,0.0552519,0.0133297,0.0069598
0.0135007,0.00959249,0.00435718,0.0208028,0.00635887,0.00422679
0.0182312,0.0125181,0.0110316,0.0373501,0.00981703,0.0122696
0.0256195,0.0171588,0.0221568,0.118653,0.0310601,0.0328609
0.0119548,0.00821418,0.0036882,0.0271219,0.00627223,0.00498839
0.0241984,0.0161958,0.00745723,0.0360191,0.0100577,0.0082589
0.0248713,0.0168277,0.0228459,0.0932423,0.0254309,0.043305
0.0196136,0.012731,0.00668478,0.027239,0.00959182,0.00936886
0.0164044,0.0113201,0.00492979,0.0205599,0.00697274,0.0036387
0.0137439,0.00971212,0.00869915,0.0320693,0.0096874,0.00438307
0.00789171,0.00524342,0.00211768,0.0133937,0.00355357,0.00437003
0.0185628,0.0124771,0.0056055,0.0253864,0.00769657,0.00382433
0.0190657,0.0127611,0.0103499,0.0665895,0.0161719,0.0161249
0.0138616,0.00983666,0.0051835,0.0288649,0.00583017,0.00692094
0.00733825,0.00507567,0.00420495,0.0124723,0.003512,0.00306494
0.0107936,0.00739924,0.00379833,0.0174116,0.00411223,0.00583664
0.0117913,0.00767292,0.00355465,0.0164337,0.00587199,0.00366435
0.0102937,0.00724051,0.00344035,0.0374479,0.00893832,0.00659121
0.0130265,0.00892552,0.00497726,0.0295988,0.00645707,0.00580624
0.00623991,0.00424467,0.00291914,0.0166426,0.00263532,0.00252287
0.00946109,0.00656238,0.00288551,0.0206451,0.00580093,0.00498748
0.0205912,0.0133119,0.00762773,0.0301168,0.00825507,0.0113905
0.0078242,0.0051157,0.00882242,0.0314157,0.00822658,0.0175114
0.0146477,0.010248,0.0046429,0.0199677,0.00369423,0.00431049
0.0235163,0.015195,0.0121511,0.0530954,0.0139819,0.0193439
0.012026,0.00798977,0.0040048,0.0275499,0.00661027,0.00803639
0.0106385,0.00696156,0.00312206,0.0211392,0.00636169,0.00654789
0.0358818,0.0228705,0.0196925,0.0899501,0.023448,0.0499561
0.0198375,0.0136021,0.00644197,0.009613,0.00286465,0.00640079
0.00848858,0.00594511,0.00529716,0.0186448,0.00566548,0.0130182
0.00795298,0.00542093,0.0028741,0.0173522,0.00586852,0.00386941
0.00948518,0.00667507,0.00351052,0.0261064,0.00582933,0.00716126
0.0132637,0.00887908,0.00858617,0.0435217,0.0107537,0.0162236
0.058708,0.0254563,0.0384728,0.12251,0.0317878,0.0517883
0.0102519,0.00719353,0.00386588,0.0237179,0.00615642,0.00418966
0.0236838,0.0153287,0.0122819,0.0680975,0.015957,0.00887062
0.00699871,0.00486032,0.00243792,0.0198234,0.00411228,0.00634701
0.0355418,0.0212816,0.0148042,0.0813284,0.0190263,0.0391138
0.0265452,0.0178651,0.0089847,0.0393011,0.0103215,0.0151085
0.0540454,0.0253222,0.0262016,0.127379,0.0300521,0.0464988
0.010162,0.00715573,0.00390359,0.0156002,0.00527226,0.00405699
0.00643218,0.00421852,0.00446449,0.015876,0.00532955,0.00384544
0.0139706,0.00960973,0.00399275,0.0267511,0.0075472,0.0164373
0.0262461,0.0110249,0.0154535,0.0986705,0.02677,0.033643
0.026272,0.0110158,0.0153752,0.0958549,0.0252705,0.0331492
0.0118303,0.00814839,0.00411247,0.0286186,0.00818394,0.0166212
0.0177583,0.012372,0.00563821,0.0594164,0.0202444,0.00803637
0.013238,0.00917794,0.00973042,0.024628,0.00689602,0.0222059
0.0117685,0.00841417,0.00928698,0.0462064,0.0119349,0.0192652
0.00569228,0.00379439,0.00197551,0.0175187,0.00534492,0.00308778
0.00740955,0.00534962,0.00215815,0.0160972,0.00467838,0.000905178
0.0284372,0.0190488,0.0160277,0.0574206,0.0177418,0.0117192
0.00870878,0.00588702,0.00524564,0.019844,0.00743741,0.0159403
0.0221586,0.0147117,0.00680112,0.032936,0.00849006,0.00664528
0.0211616,0.0142232,0.013469,0.0323378,0.0100363,0.00532205
0.0124179,0.00848514,0.00736981,0.0513856,0.0112989,0.00628331
0.0312113,0.0205221,0.00985228,0.0460669,0.0117814,0.0127994
0.00952685,0.00653792,0.00378127,0.013575,0.00346347,0.00428904
0.0129029,0.00880761,0.00299871,0.0214927,0.00497584,0.00318395
0.0175048,0.0117712,0.0235428,0.107564,0.0296215,0.0118707
0.022319,0.0138503,0.00739973,0.0575292,0.0150283,0.0137627
0.0213211,0.0142905,0.0104507,0.0328788,0.00844411,0.00525558
0.0207673,0.0140928,0.0155484,0.0772292,0.0179369,0.0312109
0.00947519,0.00653268,0.00318068,0.0183678,0.00646375,0.00290257
0.0123711,0.00844997,0.00402825,0.0252803,0.00804121,0.0062201
0.00744946,0.00489335,0.00258729,0.0166548,0.00320432,0.00633397
0.00953497,0.00667693,0.00366538,0.0150205,0.00264237,0.00554505
0.0231756,0.0152567,0.00823511,0.0309673,0.00947687,0.0116431
0.0251271,0.0170333,0.0117905,0.0373421,0.0100617,0.0339504
0.0413695,0.0260424,0.0335908,0.134451,0.0379596,0.0205027
0.00674137,0.00485851,0.00153989,0.0154533,0.00333247,0.00416897
0.0206325,0.0134914,0.00648458,0.0340229,0.00893884,0.00610104
0.0180085,0.0121599,0.005639,0.0182525,0.00452682,0.00623685
0.0157631,0.0104355,0.00347884,0.0375062,0.00999557,0.00855165
0.0283105,0.0189318,0.0133914,0.058281,0.0146523,0.00795907
0.0212604,0.0142858,0.00552378,0.0267033,0.00728556,0.00766574
0.0146679,0.00987412,0.00770702,0.0310366,0.00751277,0.00375574
0.0102632,0.00723789,0.00504717,0.0393159,0.00983395,0.00412546
0.0379223,0.0218017,0.0379778,0.140238,0.0336526,0.0519003
0.0152836,0.0100915,0.00460643,0.0508081,0.0123482,0.00583453
0.0285657,0.0185004,0.00927645,0.0604065,0.0142927,0.0131161
0.0254022,0.0164481,0.0139869,0.0638353,0.0167659,0.0123063
0.0130293,0.00887059,0.0065211,0.022177,0.00552606,0.0051946
0.0324499,0.0191106,0.00954483,0.0535599,0.014037,0.010489
0.0279727,0.0189341,0.00867283,0.0429478,0.0110462,0.0085732
0.0391623,0.0224656,0.0204079,0.113619,0.0255033,0.0570895
0.0183476,0.0125993,0.00532713,0.0374997,0.00925998,0.0156471
0.0134822,0.0096508,0.0045669,0.0234682,0.00719811,0.0139898
0.0148745,0.0104723,0.00423475,0.0180762,0.00518967,0.00227348
0.01175,0.0082553,0.00616153,0.0306954,0.00782028,0.00325597
0.0135965,0.00705308,0.00978586,0.0378606,0.00783635,0.00831669
0.0187765,0.0127021,0.00515485,0.0420013,0.0119851,0.026177
0.0124485,0.0084421,0.00450086,0.0301963,0.00750012,0.0032197
0.012638,0.00865369,0.00518903,0.0213077,0.00473919,0.00360144
0.00977778,0.00678172,0.00273801,0.0149065,0.0037702,0.00317936
0.0310665,0.0206999,0.00848102,0.0389147,0.0115719,0.0127094
0.00615105,0.00467304,0.00498392,0.015347,0.00221025,0.00750171
0.0110574,0.00728346,0.00394,0.0182699,0.00381343,0.00305716
0.0150188,0.00994984,0.00600506,0.0304026,0.00895281,0.00586134
0.0104212,0.00729527,0.00400387,0.027594,0.00711846,0.011162
0.0297449,0.0183541,0.0197336,0.084421,0.0228854,0.045337
0.00827643,0.00604999,0.0040345,0.0099419,0.00466645,0.00202205
0.0129687,0.00858568,0.00822607,0.0440725,0.0116703,0.0194261
0.00562237,0.00367455,0.00561301,0.00988621,0.00213388,0.00200453
0.0385028,0.0258095,0.0142483,0.0868252,0.0221447,0.0247382
0.0322751,0.0210338,0.0114115,0.0269541,0.00812541,0.00886868
0.0312901,0.0208245,0.0124155,0.0383032,0.011037,0.00383431
0.0273999,0.0183842,0.0130432,0.0515283,0.015083,0.0447581
0.0129771,0.00863558,0.00494312,0.0298513,0.00589498,0.00706744
0.0132849,0.00929993,0.00403811,0.0218164,0.00597846,0.0050749
0.0343287,0.0219344,0.0269709,0.100727,0.02541,0.0403224
0.0311423,0.0201537,0.0123608,0.0458856,0.0131887,0.010314
0.0140331,0.00998014,0.0115573,0.0470095,0.012008,0.0156392
0.00587985,0.00448012,0.00227376,0.0368898,0.00927596,0.00545014
0.0177133,0.011751,0.00944466,0.0465765,0.0105111,0.0194531
0.0143001,0.00989361,0.00766778,0.0481051,0.0103642,0.00495929
0.0109498,0.00795676,0.0036783,0.0137801,0.00402535,0.00364302
0.0390892,0.0246741,0.0217003,0.122402,0.0306732,0.060132
0.0041568,0.00310787,0.00115689,0.00967682,0.00245052,0.0055737
0.00981472,0.00694245,0.00414599,0.0213233,0.00464995,0.00673265
0.00876694,0.00596652,0.00194323,0.0204277,0.00413385,0.00699432
0.0144574,0.00724073,0.0145751,0.0680711,0.0201444,0.0351784
0.0364411,0.0169982,0.0209409,0.100199,0.026732,0.0421031
0.048215,0.0262716,0.0194676,0.0940894,0.0223418,0.0337963
0.0352812,0.0230094,0.0160519,0.0514586,0.0137332,0.0175321
0.00761157,0.0053962,0.00341011,0.0170813,0.00324202,0.00197582
0.00512204,0.00347042,0.00449786,0.0102298,0.00228754,0.00412339
0.00604422,0.00404451,0.001881,0.0111113,0.00300891,0.0117586
0.0275105,0.0186327,0.00879478,0.0437274,0.0109746,0.00691503
0.015056,0.0100379,0.0035217,0.0259542,0.006033,0.00715703
0.0476549,0.0289974,0.0112055,0.069259,0.0170886,0.0152412
0.0168398,0.0109075,0.00635046,0.0330687,0.00659073,0.0066367
0.0141512,0.00966654,0.00593574,0.0241952,0.00665163,0.00396304
0.00869966,0.00592902,0.00784975,0.053783,0.0146392,0.00867759
0.00574383,0.00420687,0.0018691,0.0117854,0.00371921,0.00342902
0.0111977,0.00762724,0.00396294,0.00519954,0.0007109,0.00263
0.0246916,0.0170248,0.00989956,0.0379894,0.00990222,0.00446043
0.0119564,0.00770392,0.00435559,0.0167287,0.00417836,0.00464418
0.00952352,0.00624947,0.00377385,0.0152668,0.00513317,0.00384423
0.0150835,0.0107657,0.00585365,0.0447996,0.00966436,0.0134487
0.0380213,0.0245294,0.0107539,0.0538851,0.0143081,0.0284304
0.0205581,0.0137918,0.00673206,0.0359662,0.00917528,0.00821333
0.0105462,0.00753121,0.0029054,0.0320719,0.0076463,0.00437193
0.00749246,0.00510141,0.00413085,0.0281595,0.00504559,0.0102694
0.011017,0.00743816,0.00316986,0.025586,0.00561583,0.0136852
0.072719,0.0399717,0.0391029,0.140286,0.0344177,0.054581
0.0167557,0.0115513,0.00614357,0.051903,0.0105277,0.00341798
0.0271992,0.0177551,0.0100943,0.0516619,0.0121292,0.00548979
0.0487765,0.0315408,0.0344077,0.112469,0.0295791,0.0177359
0.0180946,0.0118656,0.0144849,0.0614751,0.0163734,0.0235578
0.0360148,0.0193119,0.0330948,0.125797,0.0364833,0.0290933
0.0497181,0.0294085,0.0143407,0.0608285,0.0143781,0.0244216
0.0262214,0.0158154,0.0233577,0.0945968,0.0243033,0.0495563
0.0252241,0.0164468,0.00891949,0.0291196,0.00877323,0.00471627
0.00945808,0.00643323,0.00810714,0.0400841,0.00956247,0.0158737
0.0121145,0.00804935,0.00317636,0.0210189,0.00585187,0.0120922
0.0120044,0.00783928,0.00379894,0.00848156,0.00293582,0.00307372
0.00667184,0.00457228,0.00366044,0.0130958,0.0037607,0.0020286
0.0351097,0.0234595,0.0138828,0.0823166,0.0205252,0.0338468
0.0117285,0.00829375,0.0075199,0.0430366,0.011365,0.00634677
0.0139323,0.00943167,0.0101899,0.0435233,0.0114413,0.0390707
0.00867842,0.00560672,0.00385663,0.0124071,0.00224164,0.00426671
0.00658295,0.00441542,0.00279876,0.0123687,0.00269585,0.00560476
0.022234,0.0153502,0.00683335,0.0263733,0.00728327,0.00765246
0.0396028,0.024777,0.0121308,0.0673634,0.0203031,0.0285964
0.00870515,0.00594707,0.00527794,0.0241761,0.00610272,0.00161843
0.0316348,0.0202689,0.00975755,0.0525585,0.0145412,0.0288029
0.0443402,0.0261747,0.0281514,0.109404,0.0277054,0.0343836
0.0114022,0.00777613,0.00981336,0.0441028,0.0120259,0.0290866
0.00515654,0.00361467,0.00199163,0.0226482,0.0039613,0.00171301
0.00997576,0.00700483,0.00319858,0.0157166,0.00551821,0.00171312
0.0526628,0.0258309,0.0295352,0.113718,0.0301422,0.0240478
0.0190877,0.0127626,0.0243779,0.145274,0.0347028,0.057398
0.00729703,0.00491492,0.00342661,0.00906248,0.00211371,0.00167883
0.0097859,0.00687893,0.00587582,0.0208216,0.00469101,0.0134956
0.0274486,0.0184033,0.0113857,0.0346706,0.0082888,0.0103529
0.00849103,0.0058751,0.00692265,0.0445406,0.0108049,0.0132156
0.0179173,0.0116394,0.00631884,0.0320533,0.00670316,0.0134145
0.0249155,0.0159749,0.00688946,0.0339583,0.00870146,0.0159383
0.0106035,0.00708688,0.00250435,0.033686,0.00897073,0.00367959
0.0163384,0.0106456,0.00594688,0.0290378,0.00613651,0.00724332
0.0157115,0.0105879,0.00416691,0.0208266,0.00356226,0.00349198
0.00922448,0.00655761,0.0062333,0.0231969,0.00485552,0.00293319
0.0254619,0.0166883,0.0130668,0.0593581,0.016294,0.0287355
0.0205428,0.0136748,0.00662718,0.0321745,0.0091424,0.00447377
0.0178659,0.0118405,0.00375878,0.0383008,0.00871957,0.00677957
0.00869599,0.00599569,0.00373108,0.023702,0.00716697,0.00262436
0.00498432,0.00351982,0.00294188,0.0164226,0.00173566,0.00548027
0.0171522,0.0117041,0.00428844,0.0341326,0.0103884,0.0168579
0.0292827,0.0173598,0.0405136,0.109552,0.0284663,0.047647
0.0335466,0.0202754,0.0208394,0.113515,0.0309182,0.0286997
0.0155976,0.0104226,0.00475559,0.030399,0.00755993,0.00444115
0.00672934,0.00444831,0.00249564,0.0160085,0.00359289,0.000759362
0.0156332,0.0087332,0.00545389,0.0169106,0.00312134,0.00693269
0.00668086,0.00484525,0.00266855,0.0198349,0.00437555,0.00459676
0.012841,0.00884986,0.00510236,0.0180707,0.00384999,0.00369703
0.0212674,0.0139274,0.00751092,0.0432439,0.0101538,0.00765586
0.028072,0.0181316,0.00959082,0.0466443,0.0100881,0.0062012
0.0248064,0.0165901,0.0122153,0.0481066,0.010147,0.00744654
0.0208804,0.0144958,0.0050962,0.0261167,0.0072448,0.00272694
0.0306529,0.019251,0.00851058,0.062855,0.0146783,0.0118174
0.0189527,0.0113507,0.00926606,0.0541695,0.0163424,0.026386
0.0144995,0.00695296,0.00561914,0.024311,0.00621271,0.00620554
0.0156706,0.0110142,0.00505686,0.0181144,0.00311805,0.00843267
0.0221707,0.0144205,0.0139302,0.0724253,0.018886,0.0254151
0.0304862,0.0194199,0.00983292,0.0399873,0.0102936,0.0051908
0.029632,0.0187428,0.00912779,0.0326703,0.00730636,0.0060543
0.0462615,0.0282286,0.02522,0.1023,0.027326,0.0400688
0.0200707,0.0135785,0.00843025,0.054558,0.0125333,0.0142305
0.00994279,0.00715295,0.00445141,0.0127059,0.00419681,0.00220439
0.00997691,0.00692281,0.00479781,0.0141838,0.00453449,0.0045102
0.0111213,0.00677173,0.00455394,0.0217125,0.00764841,0.0107318
0.0818701,0.0466737,0.0586781,0.247254,0.0633939,0.0755747
0.0103123,0.00690991,0.00298332,0.0252016,0.00695023,0.00252487
0.0138909,0.00936595,0.00466473,0.0167689,0.00462579,0.0132615
0.0221711,0.00784162,0.0125335,0.0765159,0.0249629,0.0331907
0.0327587,0.0185352,0.0357915,0.12396,0.0295489,0.0229005
0.0153553,0.0101479,0.0149202,0.0727711,0.0167224,0.0179003
0.0273349,0.0165838,0.0229755,0.150639,0.0402927,0.063354
0.0224028,0.0147494,0.0201477,0.0889519,0.0254361,0.0501245
0.0118763,0.00832721,0.00611865,0.0208639,0.00713968,0.0160021
0.0275038,0.0177097,0.00919139,0.0423806,0.0120751,0.0113366
0.0235809,0.0102137,0.00824916,0.0422682,0.010471,0.0159304
0.0148951,0.0102326,0.00490191,0.025645,0.00475977,0.00357306
0.0205759,0.0135664,0.00606913,0.0186009,0.00547205,0.00582223
0.0140057,0.00936981,0.00348271,0.04437,0.0131388,0.00889101
0.0123307,0.00867925,0.00978741,0.024345,0.00551116,0.00886011
0.024093,0.01583,0.00980713,0.0394526,0.00913313,0.0100295
0.024856,0.0168334,0.00631754,0.0345924,0.0105756,0.00944662
0.0161228,0.0109259,0.00506758,0.0156815,0.00379452,0.0104116
0.0275369,0.0116921,0.00979976,0.0567736,0.0161797,0.0202594
0.047246,0.0245718,0.0201157,0.0858761,0.0213373,0.0399609
0.0210442,0.0134853,0.00696529,0.0364956,0.00971069,0.0110685
0.0113204,0.00833432,0.00372881,0.0229643,0.0071808,0.00639137
0.0204879,0.0137972,0.00865521,0.04155,0.00971879,0.0121735
0.0133928,0.00932962,0.00471741,0.0111207,0.00195508,0.00550553
0.00459939,0.00331352,0.0036657,0.0194091,0.0053109,0.00231155
0.0365779,0.0246576,0.013785,0.0653784,0.0160708,0.0105964
0.0201814,0.0138527,0.00534806,0.0137618,0.00345708,0.00547781
0.00723021,0.00502323,0.00293498,0.014556,0.00427205,0.00513224
0.0300573,0.0196601,0.0123651,0.0529459,0.0174004,0.0145287
0.0123511,0.00656457,0.0281276,0.137805,0.0336729,0.0289263
0.0157322,0.0109135,0.00498983,0.0269198,0.00616889,0.0045703
0.0371707,0.0243896,0.0287199,0.0867872,0.0244371,0.0432302
0.0109207,0.00765531,0.0115876,0.05698,0.016026,0.0105547
0.01554,0.010418,0.00428572,0.0281056,0.00686684,0.00847088
0.0201047,0.0133351,0.00470014,0.0303298,0.0076638,0.0121797
0.0315323,0.0204352,0.00981958,0.0401083,0.0101206,0.0274223
0.00888495,0.00629962,0.00170274,0.0241952,0.00447331,0.00269272
0.0099594,0.00680102,0.00266939,0.0194324,0.00439849,0.00406267
0.0134059,0.0093542,0.00684628,0.0273704,0.00514234,0.00674689
0.0228287,0.0149795,0.00800858,0.0343318,0.00729956,0.00606147
0.0240586,0.0159239,0.0118389,0.0400717,0.0116279,0.0134634
0.0230925,0.0150302,0.00551662,0.0417265,0.0113516,0.021488
0.0246249,0.00937263,0.0127742,0.0515499,0.0176213,0.0224555
0.0535863,0.0324096,0.0257479,0.0977563,0.0238977,0.0443307
0.0115153,0.00767726,0.00543171,0.0282307,0.00824794,0.00420825
0.0338888,0.0216532,0.0195357,0.076438,0.0205789,0.0195744
0.016964,0.0115157,0.00645257,0.0243702,0.00619555,0.00637499
0.011287,0.00770372,0.00607002,0.0187718,0.00595738,0.00218966
0.0325972,0.0164666,0.0103706,0.0499754,0.0135949,0.0130434
0.0393395,0.0222131,0.0137537,0.0485111,0.0134045,0.0142544
0.00691651,0.00515874,0.00345037,0.0191232,0.00502839,0.00288817
0.009857,0.00657014,0.00666299,0.017484,0.00356684,0.00931958
0.00848083,0.0060626,0.00700477,0.0288597,0.00879561,0.0139556
0.0212682,0.0147455,0.00747282,0.0263181,0.00635087,0.0119906
0.00728542,0.00496379,0.00347907,0.0182522,0.0036235,0.00332127
0.0474722,0.0245057,0.0162999,0.0672107,0.0175522,0.0222051
0.00648386,0.004758,0.00330269,0.00231914,0.00166089,0.00489059
0.0221555,0.0149374,0.00672005,0.0241053,0.00733607,0.0177136
0.0225684,0.01531,0.00689399,0.0176194,0.0042277,0.00934315
0.00774204,0.00551377,0.00302527,0.0125054,0.00391683,0.00303399
0.0144355,0.00979817,0.00358327,0.0233432,0.0057037,0.00703538
0.02632,0.0128091,0.0130137,0.0580159,0.0143861,0.0091175
0.0266478,0.012838,0.0130724,0.0560645,0.0146791,0.00842177
0.0192382,0.00822641,0.00639207,0.0451592,0.0112759,0.0156746
0.0139885,0.00981112,0.00455261,0.0288239,0.00912333,0.00993434
0.0107868,0.00720831,0.00692464,0.03775,0.00820853,0.0271192
0.0231222,0.0154177,0.00454117,0.0284074,0.00679889,0.0139771
0.0151606,0.0103938,0.00437121,0.0186175,0.00350085,0.00524637
0.0400798,0.0265846,0.0377669,0.122071,0.0318514,0.0461388
0.0129479,0.00864017,0.00476138,0.0271853,0.00626913,0.00456716
0.0345051,0.0216982,0.0188118,0.0707012,0.0171606,0.0238173
0.00708378,0.0037743,0.00337392,0.0246657,0.00729179,0.0162424
0.00638309,0.00420624,0.00302008,0.0122941,0.00309921,0.00216594
0.00862087,0.00597745,0.00327978,0.0175891,0.00548922,0.00337585
0.0236383,0.0158523,0.0160483,0.086084,0.0221395,0.00890167
0.0248283,0.016502,0.00564667,0.0316064,0.00820823,0.0159603
0.00895112,0.0059109,0.00263703,0.0238134,0.00424126,0.00463824
0.0108301,0.00766885,0.00629889,0.0180298,0.00511901,0.00644244
0.0107724,0.0072222,0.00269351,0.0201633,0.00439502,0.00305808
0.0109055,0.00758296,0.0027021,0.0236655,0.00720718,0.0014148
0.0462538,0.0254515,0.0572516,0.255479,0.0696456,0.0575973
0.0200233,0.0131342,0.0174889,0.076864,0.0200792,0.0208824
0.0335496,0.0212561,0.0323201,0.202343,0.0585912,0.0489403
0.0099744,0.00695302,0.00165251,0.0177121,0.00473527,0.00599424
0.00823945,0.00558115,0.00427392,0.0114068,0.00357407,0.0060486
0.0142094,0.0091842,0.0109236,0.0707776,0.0189144,0.0103342
0.0332877,0.0166767,0.0113221,0.0646951,0.0173373,0.0169388
0.0286314,0.0131669,0.00930312,0.0423752,0.0101793,0.0119314
0.0142455,0.00994397,0.00593572,0.0203481,0.00405628,0.00622331
0.00832005,0.00588513,0.0050422,0.00305755,0.00137013,0.00539552
0.00627047,0.00466721,0.00335893,0.0137662,0.00308515,0.00081366
0.00686742,0.00529818,0.00253733,0.0256282,0.00677375,0.00764501
0.0155828,0.010695,0.00523851,0.00161169,0.000465159,0.0056315
0.00699582,0.00502435,0.00236124,0.0170581,0.00347992,0.00360816
0.0083677,0.00553107,0.00360281,0.0273851,0.00717756,0.00614646
0.0186528,0.0122478,0.00493422,0.0407123,0.00960539,0.00755058
0.0351402,0.0222233,0.0141528,0.0185545,0.00338908,0.0330629
0.0167805,0.0105114,0.00661311,0.0315246,0.00857531,0.00982114
0.0091325,0.00591355,0.00302726,0.0150686,0.00497781,0.00727332
0.0115787,0.00800321,0.00558593,0.0249992,0.00593097,0.00735774
0.016223,0.0104381,0.00643497,0.0377834,0.0104544,0.00653167
0.0610108,0.0348881,0.0390993,0.202763,0.0528881,0.0593193
0.0414945,0.0268185,0.0224707,0.106274,0.027751,0.0308173
0.0310971,0.0208709,0.0157346,0.0546617,0.01404,0.0243115
0.0171123,0.0111906,0.00648181,0.0236322,0.0079484,0.00449244
0.0512001,0.0288528,0.0546486,0.194643,0.0500796,0.0700288
0.00896262,0.00616849,0.0041167,0.0146898,0.00476783,0.00534515
0.0519999,0.0308737,0.0329336,0.125483,0.0307375,0.0851387
0.0124081,0.00835796,0.00325044,0.0197983,0.0070857,0.00131834
0.0703101,0.039859,0.0254125,0.086191,0.0227837,0.0628827
0.0166519,0.0106326,0.0304375,0.122113,0.0335595,0.0328278
0.0339657,0.02153,0.016823,0.0706294,0.0195062,0.0259773
0.0165577,0.0119847,0.00596228,0.0237809,0.00674001,0.0132353
0.0334182,0.0221714,0.0152818,0.0606238,0.0165163,0.0251734
0.0237906,0.0158249,0.00632904,0.0514687,0.0105041,0.0148986
0.0618437,0.0223471,0.0445275,0.245349,0.078989,0.106758
0.0996673,0.0392774,0.0826193,0.388691,0.100098,0.146052
0.0076295,0.00564767,0.003228,0.0169271,0.00500864,0.00585164
0.0396922,0.0241274,0.018804,0.0765831,0.0196652,0.0216595
0.0253988,0.0167424,0.00838976,0.0486805,0.0124127,0.00882921
0.0452096,0.0290495,0.0215901,0.0860565,0.0240214,0.0204955
0.0120893,0.00826282,0.00349831,0.0240099,0.00709957,0.00278825
0.0061533,0.00429426,0.00368507,0.0197353,0.00533344,0.00217327
0.0123249,0.00840208,0.00600265,0.0254576,0.00817666,0.0182147
0.00427716,0.00336537,0.00143547,0.0164168,0.00383342,0.00162622
0.0118479,0.00835695,0.00438469,0.0245876,0.00698512,0.00806109
0.014324,0.00941893,0.0240306,0.113838,0.0336371,0.0575476
0.0153033,0.0106643,0.0060934,0.0176929,0.00423258,0.00944363
0.0148925,0.00991616,0.00498543,0.018013,0.00559518,0.0126089
0.0608498,0.0329649,0.0606129,0.297737,0.0724485,0.128917
0.0170558,0.01135,0.00481652,0.0347937,0.00954251,0.0117491
0.01087,0.00729726,0.00446678,0.0259652,0.00719521,0.00199039
0.0113068,0.00752419,0.00415582,0.0254349,0.00677837,0.0104924
0.0142826,0.00974961,0.00478112,0.0220006,0.00667763,0.00414633
0.0106377,0.00742883,0.00529833,0.0173215,0.00271361,0.00550421
0.009124,0.0063732,0.00802069,0.0111719,0.00349751,0.00276537
0.00885617,0.00594852,0.00348054,0.0141805,0.00437344,0.00461764
0.0137081,0.00908045,0.0137198,0.084327,0.0225052,0.0196999
0.0497542,0.0290488,0.0303276,0.145081,0.0356871,0.0284448
0.00860589,0.00582175,0.00294643,0.0182304,0.00458172,0.000227682
0.0237185,0.0137313,0.00774917,0.044958,0.0104694,0.00993675
0.0197199,0.0131412,0.00644034,0.0353664,0.00763827,0.00922209
0.0267023,0.0167965,0.0214955,0.120171,0.0300778,0.0617621
0.0620898,0.0352167,0.024918,0.12327,0.0320491,0.0600364
0.0371575,0.0227025,0.0122911,0.0506201,0.011298,0.0244254
0.0279015,0.0185921,0.0090686,0.0520961,0.0144791,0.00640517
0.0148172,0.00988383,0.00789607,0.0234016,0.00549689,0.00585169
0.00505989,0.00360164,0.00200131,0.00951498,0.00251006,0.00109293
0.00957723,0.0067089,0.00749073,0.0355612,0.00897004,0.00576353
0.00896726,0.00585999,0.00310597,0.0201623,0.00602305,0.00576826
0.0356441,0.022506,0.0208863,0.0846992,0.022048,0.031057
0.0141058,0.00973416,0.00686611,0.0376518,0.0109296,0.0204084
0.0207847,0.013674,0.0107909,0.0519108,0.0153789,0.0192479
0.00777547,0.00518037,0.00291504,0.0219248,0.006026,0.00836804
0.0187188,0.0128487,0.00670774,0.0205472,0.00423305,0.021156
0.0272256,0.018725,0.0108433,0.049912,0.0145248,0.0197259
0.0508856,0.0216429,0.017271,0.0765585,0.0220452,0.0313409
0.0466912,0.0187388,0.0146839,0.0506171,0.0142941,0.0253407
0.00990238,0.00698376,0.00350008,0.0237091,0.0074508,0.00339652
0.0110642,0.00729395,0.00386815,0.0174845,0.00445596,0.00214426
0.0076878,0.00532396,0.00829715,0.0211113,0.00453543,0.00920402
0.0262745,0.0174073,0.0108422,0.0390677,0.01023,0.0156048
0.0124024,0.00844525,0.00392617,0.0302503,0.00872486,0.00490807
0.00878248,0.00609222,0.00375985,0.0319069,0.00653789,0.00801066
0.00688607,0.00466302,0.00369494,0.0216108,0.00595596,0.00421248
0.00712743,0.00461073,0.00141483,0.0132963,0.00378194,0.00290945
0.0103936,0.00722998,0.00399498,0.0212552,0.00732361,0.0061169
0.0603417,0.0323468,0.0431706,0.203562,0.0543177,0.0461718
0.015837,0.0105529,0.00505552,0.03705,0.00875413,0.00693171
0.0106134,0.0074464,0.00365777,0.0052447,0.00311857,0.00625202
0.0337768,0.0217313,0.0134145,0.10334,0.0261774,0.0212868
0.0236096,0.0157545,0.00753097,0.0295321,0.0088359,0.0108697
0.0106387,0.006084,0.00346755,0.0160077,0.00567844,0.00790541
0.0259041,0.0168012,0.00877421,0.0423691,0.00968793,0.00575605
0.0281546,0.0159603,0.00685723,0.0372783,0.0115344,0.0176303
0.0231708,0.0132221,0.00645031,0.0318124,0.00749099,0.0106807
0.00444238,0.00310111,0.00248162,-0.00136405,0.000716223,0.00414062
0.0056728,0.0040276,0.00200255,0.0175196,0.00327471,0.000889273
0.0248339,0.0164209,0.00977312,0.0461067,0.0119832,0.00556931
0.00458664,0.00322005,0.0022455,0.0144844,0.00331794,0.00268493
0.0171592,0.0112537,0.00916181,0.0755615,0.0190984,0.0131808
0.00822087,0.00555742,0.00268806,0.0165524,0.00313459,0.0053332
0.0126782,0.00860818,0.00840106,0.0354962,0.00769607,0.0173798
0.00968863,0.00679298,0.00327643,0.0202348,0.00374167,0.0060303
0.00856486,0.00603232,0.00284628,0.010731,0.00208075,0.00888065
0.0419376,0.0261491,0.0201503,0.0713404,0.0176407,0.0101138
0.0369183,0.0244313,0.0131445,0.0406781,0.0137474,0.0112277
0.0196893,0.0127807,0.00714665,0.0310366,0.00690719,0.00865914
0.00889272,0.00600897,0.00330172,0.0169826,0.00499076,0.00648991
0.0165282,0.0114295,0.00692626,0.0206074,0.00649902,0.00539844
0.030365,0.0196571,0.0114393,0.0425355,0.0111255,0.00782138
0.010292,0.00720605,0.00307694,0.0225473,0.0049909,0.00394604
0.0151415,0.0104722,0.00490939,0.0227886,0.00624434,0.00234305
0.00743978,0.0052243,0.00280629,0.0256395,0.00513272,0.00383418
0.0256354,0.017319,0.0110882,0.0434715,0.010094,0.0169015
0.00610754,0.00451691,0.00511928,0.0135804,0.00418865,0.00618766
0.0220883,0.014776,0.00806182,0.0371495,0.00985859,0.00806283
0.0101624,0.00723353,0.00424323,0.0294115,0.00853831,0.0111367
0.0387019,0.0256287,0.0375191,0.163477,0.045143,0.0422838
0.0298412,0.0199919,0.0117186,0.0569626,0.0153502,0.0140487
0.00678247,0.00458111,0.00280278,0.0172157,0.00540055,0.00497173
0.00777315,0.0051725,0.00293681,0.0143026,0.00352971,0.000424873
0.0139057,0.00926183,0.00794666,0.0476814,0.0120848,0.0144475
0.0166166,0.0105151,0.0131268,0.0503782,0.0149842,0.0223113
0.0378586,0.0203431,0.0164821,0.0709392,0.016155,0.0255115
0.0323578,0.0169457,0.0135973,0.041147,0.00787552,0.019455
0.0134564,0.00918602,0.00436629,0.023989,0.00638722,0.00223085
0.0305028,0.0200839,0.0191712,0.0888328,0.022003,0.0228413
0.00685424,0.00506606,0.00276121,0.0160098,0.00454823,0.00427859
0.0171763,0.011969,0.00480838,0.0209566,0.00605969,0.0111807
0.0279268,0.0151392,0.0136753,0.0552377,0.0149344,0.0237727
0.00734198,0.00472728,0.00250936,0.0227628,0.00544754,0.00602714
0.0255962,0.016841,0.00776133,0.0296003,0.00761369,0.00658256
0.00859769,0.00576176,0.00370632,0.001558,0.000256712,0.00563908
0.0133746,0.00907442,0.0132764,0.0607684,0.0153373,0.0242135
0.014728,0.00986226,0.00640731,0.0256106,0.00716634,0.0123756
0.0122384,0.0082266,0.00441604,0.0196215,0.00399805,0.0145378
0.00680662,0.00473501,0.00155526,0.00812434,0.00243316,0.00508439
0.0131841,0.00887308,0.00532292,0.0220146,0.00539492,0.00589994
0.0188711,0.0123263,0.00797472,0.0368139,0.00958386,0.00689944
0.0146168,0.0101934,0.00408814,0.0356629,0.00997147,0.0110564
0.0423456,0.0271264,0.0143988,0.0707437,0.0148976,0.0104858
0.0322135,0.0201749,0.0167035,0.0887379,0.0226037,0.047773
0.0298122,0.018032,0.034832,0.107116,0.0299859,0.0349003
0.0183208,0.0122291,0.00544256,0.0469709,0.0112851,0.0207522
0.0118846,0.00826936,0.00429511,0.0191619,0.00523428,0.0037303
0.00564307,0.00378648,0.00163036,0.0140202,0.00266976,0.00114362
0.00528679,0.00365471,0.00301625,0.0140893,0.00230469,0.00177011
0.0312101,0.0209734,0.0345345,0.12774,0.0369919,0.0535294
0.022401,0.014544,0.0072826,0.0342,0.00918737,0.010069
0.0233456,0.0151024,0.00787817,0.0353265,0.00883412,0.0120927
0.0258346,0.0168836,0.00742384,0.0357159,0.00773766,0.00883811
0.0657974,0.0366958,0.0315099,0.115821,0.0314085,0.0563482
0.0294176,0.0182122,0.0230525,0.10089,0.0271018,0.0446381
0.0427775,0.0207278,0.0345788,0.150001,0.0414766,0.069806
0.035208,0.0191856,0.0163075,0.103748,0.0248575,0.0265892
0.0330102,0.0173261,0.0138389,0.0694291,0.0149693,0.0180438
0.0236629,0.0160048,0.0179206,0.0743146,0.0211756,0.0179106
0.0112153,0.00805236,0.0049173,0.0117987,0.00372755,0.0114067
0.0174502,0.0113651,0.0056082,0.0276452,0.00838294,0.00516741
0.0245253,0.0169095,0.0121678,0.0514329,0.0154577,0.0312147
0.0235599,0.0157505,0.00889722,0.0365112,0.00900763,0.0112828
0.0124683,0.00826695,0.00330368,0.0210196,0.00428778,0.00345674
0.00763342,0.00510348,0.00301699,0.0124513,0.00410066,0.000285759
0.00685413,0.00459274,0.00630729,0.0346271,0.00963836,0.00802386
0.0168324,0.0104131,0.00586353,0.0517636,0.0170963,0.0255025
0.00977457,0.00547113,0.00231517,0.0280391,0.00690428,0.0220853
0.0322985,0.0201739,0.0154304,0.0557411,0.0150344,0.0134035
0.0125569,0.00815796,0.00318388,0.0252329,0.00777706,0.00581735
0.0110427,0.00757259,0.0106602,0.0475604,0.0162235,0.0119962
0.0123953,0.00852428,0.00401269,0.0199376,0.00512761,0.00556771
0.0190159,0.0130043,0.00821899,0.0453355,0.0118477,0.00455956
0.0215347,0.0142952,0.00635262,0.0317377,0.0077901,0.0155966
0.0201972,0.00985339,0.00616024,0.0331224,0.00986912,0.00855324
0.0228814,0.0113408,0.00624073,0.0293453,0.00808913,0.0073804
0.0279347,0.0102933,0.0164122,0.090379,0.0266163,0.0424712
0.0275464,0.0102774,0.0157817,0.0850985,0.0223064,0.0374592
0.020559,0.013579,0.00650662,0.0362049,0.00884837,0.0117673
0.0114005,0.00792771,0.00430807,0.0140303,0.00465542,0.00327233
0.0252606,0.0165305,0.00979492,0.039891,0.01138,0.00540109
0.0127139,0.00854285,0.00530557,0.0165796,0.00506861,0.00178905
0.0190634,0.0131453,0.00694695,0.0403162,0.0104635,0.00690796
0.0182425,0.0122927,0.00525394,0.0367502,0.00854931,0.00475969
0.013601,0.00895204,0.0094435,0.0612013,0.0171987,0.0163542
0.0091816,0.00651911,0.00296249,0.0182018,0.00525276,0.00781456
0.0142666,0.00978256,0.00567955,0.0306285,0.00773455,0.00618374
0.0303647,0.0191556,0.0288839,0.146598,0.041033,0.0761868
0.0184355,0.012344,0.0081252,0.0182778,0.00599415,0.00695596
0.0638103,0.0291254,0.0220773,0.119765,0.0328296,0.0610095
0.0124773,0.00868369,0.00417738,0.0117451,0.00373033,0.000932937
0.0141531,0.00952663,0.00448959,0.0183383,0.00545097,0.00553663
0.0312714,0.0204708,0.0114277,0.051859,0.0145084,0.0270172
0.00615372,0.00424431,0.00238902,0.0135417,0.00289889,0.000278646
0.0104653,0.00740714,0.00413976,0.0216461,0.00584872,0.00576826
0.0253351,0.0166418,0.00714344,0.0236899,0.00698497,0.00941401
0.056147,0.0313419,0.0277924,0.104029,0.0267464,0.0293838
0.0133867,0.00916477,0.00630699,0.0318499,0.00931028,0.00883545
0.020985,0.0139649,0.00716387,0.01865,0.00519154,0.00629522
0.00755196,0.0052078,0.00407533,0.0132982,0.0029327,0.00365263
0.0263935,0.0170765,0.011475,0.0469675,0.0144289,0.0326475
0.0134011,0.00939234,0.00783615,0.0372237,0.00997919,0.00586509
0.0362427,0.0221635,0.0336293,0.182626,0.0482466,0.0414383
0.0463038,0.0294622,0.0131482,0.0178071,0.00369661,0.0259427
0.0114357,0.00726357,0.00574181,0.00223899,0.00271111,0.00666566
0.0482826,0.0298942,0.0172001,0.0729051,0.0184446,0.0113314
0.00449576,0.00317838,0.00203112,0.0170445,0.00514578,0.00362451
0.0180922,0.0129004,0.00798451,0.0287778,0.00758766,0.00660308
0.0208983,0.0140248,0.00761624,0.025027,0.00634662,0.00183331
0.00488881,0.00360658,0.00507133,0.0269576,0.00554292,0.0102931
0.0158782,0.0113211,0.00914308,0.0345369,0.0114616,0.0320063
0.0240093,0.0164012,0.00997159,0.0481028,0.0130883,0.017073
0.00691224,0.00468387,0.00566603,0.013207,0.00437301,0.00195232
0.0077224,0.0054386,0.00366524,0.0133219,0.00326493,0.00492179
0.0112035,0.00804897,0.00538849,0.0182292,0.00624708,0.00754135
0.00410076,0.00327481,0.00601436,0.0332435,0.0103388,0.0163141
0.0213562,0.0132437,0.0281879,0.120232,0.0319806,0.0685403
0.0114517,0.00790635,0.00576865,0.0156497,0.00504911,0.0048588
0.0329778,0.0209987,0.00827038,0.0298428,0.00620173,0.00841904
0.0104948,0.00732771,0.00593905,0.00951744,0.000498292,0.00415422
0.0208628,0.0143568,0.00654054,0.0360466,0.00945427,0.00672282
0.0310238,0.0197939,0.011822,0.0539643,0.0114203,0.0165162
0.0244186,0.0158178,0.015938,0.100019,0.024783,0.0459453
0.0182216,0.0121699,0.00692805,0.0451885,0.0122911,0.0128321
0.00860887,0.00613553,0.00347026,0.0150859,0.00343141,0.0025768
0.00751917,0.00500847,0.00216485,0.0118657,0.00447972,0.00236683
0.0309211,0.0201827,0.026025,0.0856138,0.0194611,0.024384
0.0433529,0.0248095,0.0213112,0.0915446,0.0227673,0.0269461
0.0280926,0.0111316,0.00935361,0.04778,0.0133507,0.0106502
0.0288544,0.0111286,0.00925383,0.0478941,0.0122315,0.00999569
0.0361791,0.0241997,0.011377,0.0262239,0.00709793,0.0160658
0.0126606,0.00911792,0.00453743,0.0228846,0.00701214,0.00529427
0.0180667,0.0125893,0.00589398,0.0388285,0.00933295,0.0179492
0.0147344,0.00969778,0.00479611,0.0225977,0.00562681,0.00739263
0.030323,0.020255,0.0167638,0.0704471,0.0158077,0.015476
0.00774296,0.00519302,0.0044769,0.0198142,0.00490712,0.00713389
0.0387556,0.0230608,0.020559,0.0851141,0.0223908,0.0434307
0.0139583,0.00943377,0.00875927,0.00701808,0.00155247,0.0015077
0.00683363,0.00467426,0.00257497,0.00517818,0.000439437,0.0101488
0.0134245,0.00930167,0.00491116,0.0185517,0.00565099,0.0126645
0.00955083,0.00635945,0.00265968,0.00412752,-3.54278e-06,0.00436131
0.0180722,0.0116505,0.0067056,0.0272568,0.00667886,0.00672074
0.0262027,0.0167842,0.00898187,0.0318273,0.00851408,0.00627168
0.0121618,0.00840262,0.00567676,0.0343609,0.00673872,0.0118889
0.0455245,0.0274088,0.0237474,0.0747904,0.0191207,0.0159757
0.0502078,0.0310715,0.0132999,0.0803559,0.0202723,0.00718807
0.00557827,0.00356525,0.0028528,0.0173446,0.00383608,0.00701785
0.00547088,0.00392959,0.00230517,0.0182374,0.00471247,0.0126094
0.00800214,0.00551128,0.00327396,0.0139654,0.00416974,0.00128761
0.0127034,0.00873365,0.0103235,0.0208861,0.00646915,0.00869512
0.0120643,0.00836278,0.00491654,0.0188976,0.00404699,0.00243401
0.0147166,0.00981814,0.00593366,0.0207567,0.00686512,0.00508175
0.00836225,0.00548579,0.00264744,0.0191705,0.00399279,0.00149407
0.018934,0.0127133,0.00623427,0.0271775,0.00784323,0.0076465
0.0275192,0.0185453,0.0247786,0.0915158,0.0250615,0.0335927
0.0099088,0.00683851,0.00434135,0.0142978,0.00429459,0.00449713
0.0211436,0.0147423,0.00717497,0.0289915,0.00793129,0.0113905
0.0170129,0.0110678,0.0066528,0.0335531,0.00953316,0.0114192
0.0297525,0.0194742,0.0123365,0.0389191,0.00819577,0.0207098
0.0554683,0.022519,0.0224445,0.0909622,0.0234596,0.0164168
0.0150401,0.0104312,0.00450256,0.0204592,0.00601105,0.00588958
0.017858,0.0120171,0.0111938,0.0402116,0.0106894,0.00765055
0.0134076,0.00911008,0.00710639,0.028986,0.00676693,0.0126401
0.0156337,0.0104152,0.00457356,0.0202511,0.00590099,0.00488536
0.0308413,0.0184499,0.00861964,0.056442,0.0182491,0.0153156
0.0249724,0.0126073,0.00637823,0.0384212,0.00933596,0.00802626
0.0134835,0.0088898,0.00512722,0.0236124,0.00571551,0.00880799
0.0089602,0.00604432,0.00443801,0.0303752,0.00707471,0.00887065
0.00577743,0.00381645,0.00368933,0.0232983,0.00732442,0.00719321
0.0287293,0.018597,0.00745032,0.034432,0.00832114,0.0209021
0.0130691,0.0087694,0.0055916,0.0193467,0.00556748,0.00266822
0.0075087,0.00527475,0.00381978,0.0172281,0.00468412,0.00532825
0.00630161,0.0042938,0.0122996,0.0104223,0.00247711,0.0244633
0.0147279,0.00971461,0.0132495,0.0658471,0.0156927,0.0143849
0.0343712,0.0226323,0.0153094,0.0916727,0.0255111,0.0311335
0.0215001,0.00924077,0.00839227,0.0435096,0.0140281,0.0216169
0.0277729,0.0158634,0.0118581,0.048267,0.0135543,0.031592
0.00950378,0.00681526,0.00907468,0.0241203,0.00675176,0.00540704
0.0269713,0.0181501,0.0191059,0.0653518,0.0196679,0.0279362
0.0319934,0.0196575,0.0272639,0.0912692,0.0252778,0.0201584
0.0245565,0.0159564,0.00673886,0.0418268,0.00898269,0.00743075
0.016913,0.0112874,0.0159023,0.0903604,0.0238553,0.0534893
0.0361196,0.021864,0.0171008,0.102916,0.0261518,0.0145304
0.0111086,0.00787301,0.00664653,0.00139089,0.000920106,0.00906902
0.00783603,0.00532269,0.00507029,0.00636058,0.00231815,0.00233463
0.0133774,0.00910959,0.00555027,0.0226315,0.00601088,0.0128043
0.0248135,0.0164777,0.0215537,0.0539871,0.01258,0.012056
0.0123141,0.00833435,0.00485721,0.00521909,0.0014075,0.00956451
0.0220131,0.0137401,0.0578431,0.299415,0.0775126,0.0955451
0.0118357,0.00853648,0.00583509,0.0191342,0.00504013,0.00922412
0.0140242,0.00947038,0.00397016,0.0191891,0.00621151,0.00291377
0.0226675,0.00831271,0.00873843,0.0516347,0.0133323,0.0121572
0.0229717,0.00825235,0.0087408,0.0494764,0.0131652,0.0115316
0.00789417,0.0052806,0.00345901,0.019915,0.00395438,0.00621266
0.0200396,0.0131756,0.00686582,0.0318176,0.00709529,0.0101765
0.0137246,0.00942898,0.00839701,0.0398055,0.0105581,0.0166905
0.0447706,0.0283925,0.0157207,0.0593404,0.0150798,0.00971513
0.00571827,0.0037787,0.00273426,0.0133304,0.00171904,0.00317885
0.00619109,0.00422043,0.00241186,0.0117106,0.00433643,0.0020073
0.0127067,0.00918588,0.00727544,0.0211919,0.00565258,0.00637689
0.0161629,0.0103497,0.00575838,0.0340975,0.008283,0.00779513
0.00580248,0.00433794,0.00241031,0.0228112,0.00665246,0.0125794
0.0153746,0.0107618,0.00615958,0.0289869,0.00973241,0.0145454
0.0284626,0.018803,0.00827628,0.0399689,0.0116462,0.0199077
0.0193943,0.0137165,0.00908957,0.0369148,0.00806717,0.0108777
0.0104375,0.00640734,0.00547998,0.0106274,0.00172738,0.0110997
0.00886522,0.00393948,0.00402755,0.0129897,0.00338669,0.00848498
0.023414,0.0163467,0.00808993,0.0290392,0.00753466,0.0150236
0.0251313,0.0160973,0.00770626,0.0285636,0.00729569,0.0152846
0.0615242,0.0355838,0.0517289,0.22614,0.0577958,0.0969068
0.00675611,0.00475052,0.001891,0.0195936,0.0053341,0.00444132
0.0323137,0.0217033,0.0123079,0.0183773,0.0051276,0.0151442
0.00970467,0.00682394,0.00807075,0.0358727,0.00878268,0.00968921
0.0271712,0.0182345,0.0110278,0.0362405,0.0109291,0.00786958
0.0232237,0.014889,0.0166357,0.112781,0.0293634,0.0270962
0.00494118,0.00365099,0.005888,0.0235125,0.00638247,0.00750755
0.0185199,0.0118753,0.0289303,0.111013,0.0307127,0.0573834
0.0336117,0.0224793,0.0108513,0.0366572,0.0098815,0.00790001
0.0398198,0.0256955,0.0168337,0.0769435,0.0207116,0.0239663
0.0137973,0.00946916,0.00467819,0.021037,0.00413755,0.00711548
0.0214239,0.0145968,0.00551159,0.0321308,0.00731118,0.00675301
0.0412143,0.0260287,0.0163669,0.0557271,0.0139815,0.0172084
0.00955345,0.00669484,0.00377447,0.0178589,0.00401341,0.0030985
0.0054428,0.00371509,0.00129182,0.0139603,0.00327801,0.00260833
0.0449101,0.0189402,0.0158728,0.0684094,0.0180638,0.0239347
0.00716549,0.00513646,0.00393599,0.0228843,0.00557808,0.00274868
0.0450403,0.0272483,0.0202886,0.067163,0.0166586,0.0110203
0.00892219,0.00624547,0.0038041,0.0163124,0.00295827,0.00289208
0.00831252,0.00602307,0.0039293,0.0152732,0.00491148,0.00632745
0.037403,0.0246581,0.0156109,0.0585459,0.0177738,0.0327422
0.025575,0.0174391,0.00788818,0.0400711,0.0107277,0.0179517
0.00744574,0.00525406,0.00379794,0.0618526,0.0161089,0.0112539
0.0208886,0.0131314,0.0142953,0.0710233,0.0195888,0.0119108
0.0283967,0.0189514,0.00888532,0.0410059,0.00968924,0.00773202
0.0136771,0.00929572,0.00444457,0.0198533,0.00449118,0.0131704
0.00647756,0.00498007,0.00339295,0.0147337,0.00458668,0.00120363
0.0169924,0.011538,0.0048742,0.0189835,0.00518632,0.010348
0.0528538,0.0328944,0.0207867,0.0915124,0.0224941,0.0354582
0.00978706,0.00695729,0.00460733,0.015774,0.00363363,0.0122263
0.0115279,0.0075327,0.00480401,0.0254532,0.00581004,0.0108693
0.00984833,0.00639157,0.00350336,0.0199578,0.00357501,-0.00026847
0.0270777,0.0170546,0.020848,0.0941154,0.0214296,0.0205763
0.00970677,0.00647333,0.00263368,0.0218179,0.00674753,0.0046895
0.0508453,0.0298284,0.0931983,0.509373,0.142855,0.208274
0.0128118,0.0062036,0.00663403,0.0403965,0.00933816,0.00827372
0.0126869,0.00895202,0.0126101,0.0231754,0.00467575,0.00572784
0.0147579,0.0102886,0.00441535,0.021114,0.00443226,0.011888
0.0260368,0.0165997,0.0224555,0.11516,0.0259847,0.0546833
0.0143975,0.0100508,0.00758908,0.0335545,0.00808211,0.00570468
0.00869234,0.00634578,0.00286851,0.0208647,0.00554142,0.00243071
0.0106023,0.00741243,0.0038993,0.0186364,0.00586332,0.00509881
0.0263747,0.0164571,0.00855648,0.0487338,0.0129924,0.00613434
0.00821042,0.00553541,0.00333641,0.0165402,0.00370233,0.00856142
0.0191154,0.0127486,0.00793302,0.039435,0.013389,0.0177089
0.00850411,0.00562088,0.00377221,0.0240806,0.0062594,0.0037685
0.0119349,0.00753009,0.0131308,0.0574388,0.0140226,0.00976693
0.0168298,0.0115048,0.00614338,0.0206376,0.0051561,0.00719978
0.0170982,0.0116128,0.00572244,0.03204,0.00835801,0.0062223
0.028534,0.0183535,0.00941087,0.053808,0.0119607,0.0141934
0.0212875,0.0141698,0.0141317,0.0716397,0.0185294,0.011172
0.0101334,0.00706686,0.00408457,0.0269042,0.00701122,0.0168808
0.0366183,0.0228017,0.0290284,0.159678,0.0412155,0.0784082
0.0244287,0.0165615,0.00845314,0.0335599,0.00703426,0.00316085
0.0174049,0.0120268,0.00567224,0.0258875,0.0069727,0.0107612
0.0129166,0.00909596,0.00483973,0.0218148,0.00618109,0.00495737
0.0399395,0.0208976,0.040817,0.167617,0.0421557,0.030617
0.0277268,0.0177912,0.00812113,0.0477473,0.0106696,0.00850013
0.00868471,0.00568017,0.00401826,0.0165534,0.00327737,0.00497301
0.0269144,0.0175613,0.0165858,0.0221175,0.00525464,0.0124565
0.0141856,0.00956808,0.00768168,0.0403128,0.010776,0.0114769
0.0187282,0.0130095,0.0111263,0.0749666,0.0182731,0.00937217
0.01254,0.00841731,0.00443182,0.0268781,0.00729244,0.00365023
0.012507,0.00835437,0.00401618,0.0428904,0.00905742,0.026655
0.0117061,0.00810499,0.00309221,0.0173467,0.00484738,0.00818485
0.0170197,0.0113336,0.00504333,0.0239201,0.00677396,0.00462431
0.0175148,0.0121799,0.00747786,0.0178362,0.00481555,0.00227668
0.0154564,0.0104811,0.00527947,0.0254072,0.00717578,0.00152329
0.0186545,0.0123945,0.00530777,0.0318636,0.0106733,0.0291508
0.00941421,0.00644367,0.00724454,0.0330647,0.00950045,0.0122987
0.0101468,0.00745923,0.0058947,0.027229,0.00762485,0.00915899
0.0368501,0.0242242,0.0332988,0.0631282,0.0181877,0.0446476
0.00917041,0.00641476,0.00387383,0.0143269,0.00273272,0.0027421
0.0204542,0.0135825,0.0067178,0.0411197,0.00988888,0.00674378
0.0064704,0.00451841,0.00181786,0.0131067,0.00577776,0.00164591
0.0298559,0.019304,0.0176721,0.0643653,0.017609,0.0212475
0.0206834,0.00916994,0.0120618,0.0485606,0.0125654,0.0124677
0.0208898,0.00917379,0.0122532,0.0507711,0.0117201,0.0114042
0.0078432,0.00530325,0.00286087,0.0157147,0.00527409,0.00241743
0.00722797,0.00517954,0.00317243,0.0165451,0.00364652,0.00293887
0.0122695,0.00807681,0.00429535,0.00197955,0.00167416,0.00546993
0.0303383,0.020512,0.0124966,0.0551829,0.0159745,0.0113326
0.0104136,0.00656836,0.00396264,0.0215267,0.00453156,0.00174924
0.0555284,0.0301418,0.0291288,0.0990935,0.0243173,0.0620601
0.0209796,0.0140318,0.0069889,0.0235619,0.00653268,0.00590841
0.0319469,0.0202671,0.03031,0.134625,0.037623,0.0406539
0.0134067,0.00888439,0.00526683,0.0235175,0.00429119,0.00529147
0.0129908,0.00889542,0.0145942,0.0323184,0.00890551,0.00803318
0.0326919,0.0214041,0.0118637,0.0750786,0.0194524,0.0191833
0.0210109,0.0140804,0.0168279,0.0884476,0.0222973,0.0132842
0.0245828,0.0155717,0.00902797,0.0610017,0.0181945,0.0216804
0.0312113,0.0184911,0.0116794,0.0558938,0.0135609,0.0155235
0.0149498,0.00976157,0.00523434,0.0365381,0.0104254,0.00771795
0.00452686,0.00325037,0.00173385,0.00966962,0.0039084,0.00453199
0.0518568,0.0325488,0.0423279,0.245016,0.0648234,0.108934
0.0261275,0.0165515,0.0107862,0.0559171,0.015844,0.0114503
0.0152774,0.010232,0.00552846,0.046758,0.0126568,0.031739
0.0207857,0.0141747,0.00602691,0.0188872,0.00644272,0.0052916
0.0442832,0.0249676,0.0469678,0.185214,0.0477202,0.0436086
0.0196144,0.0132977,0.00567435,0.0307128,0.00706532,0.0113379
0.00917638,0.00666805,0.00380869,0.0266474,0.00630307,0.0108918
0.00951405,0.00632927,0.00359026,0.0242786,0.00529684,0.0104673
0.0203527,0.0137762,0.00500063,0.0414985,0.00939929,0.0135373
0.0136266,0.0087247,0.00530718,0.0146635,0.00399973,0.00631921
0.00704664,0.00494553,0.00321892,0.0104832,0.00149164,0.00403988
0.00886229,0.00603108,0.00270011,0.0297365,0.00705959,0.0156682
0.00614687,0.00431861,0.00244417,0.0130397,0.00405582,0.00274284
0.0284876,0.01842,0.0101143,0.0426938,0.0113397,0.00833496
0.015598,0.0107866,0.00855032,0.0385369,0.0106508,0.00672865
0.0102006,0.00708961,0.00393663,0.00898662,0.00292422,0.00366877
0.00877602,0.00586205,0.00524983,0.0268299,0.00622957,0.00278608
0.00961133,0.00674572,0.00233785,0.010421,0.00400478,0.00464883
0.0437657,0.0276664,0.0208927,0.0664678,0.0150353,0.0250055
0.00519468,0.00349293,0.00916558,0.0583045,0.015331,0.0273165
0.0206388,0.0138073,0.00853626,0.00424859,0.00214422,0.0165169
0.00784068,0.00532975,0.00206989,0.0141751,0.00606262,0.00557316
0.00963622,0.00645027,0.00556914,0.0226376,0.00480798,0.00453884
0.0286176,0.0182268,0.0250486,0.108262,0.0234014,0.0183579
0.00625916,0.00440601,0.00356716,0.010661,0.0024456,0.00461686
0.0172069,0.0114562,0.00609323,0.016575,0.00420658,0.0151215
0.0160747,0.0111141,0.00520614,0.0196738,0.0042919,0.00502452
0.0139103,0.00944058,0.00489611,0.0187484,0.00405959,0.00204921
0.023685,0.0157668,0.00612035,0.0420364,0.0101596,0.00386163
0.00639567,0.00446312,0.00547435,0.0192848,0.00661401,0.00471454
0.00570831,0.00372283,0.00273456,0.0370529,0.00897292,0.015625
0.0203569,0.0129999,0.015682,0.0729604,0.0217379,0.0219524
0.0114301,0.00796703,0.00648594,0.0325577,0.00819154,0.0161342
0.0249356,0.0163316,0.00683294,0.0344465,0.00922265,0.0065833
0.0419498,0.0270246,0.010572,0.0578577,0.0125374,0.0135402
0.0285783,0.018754,0.00672455,0.0468073,0.00988646,0.0129676
0.013159,0.0090712,0.00470794,0.0213091,0.00650492,0.00449471
0.0159286,0.0106737,0.00640876,0.0270597,0.00910344,0.0176678
0.0207296,0.0143642,0.016332,0.0476253,0.0116593,0.0169597
0.0116657,0.00789909,0.00462511,0.0311746,0.00690871,0.00451044
0.00826501,0.00573431,0.00444139,0.0206539,0.00487917,0.00638664
0.00980385,0.0068477,0.00779986,0.0293805,0.00796091,0.00644223
0.0254573,0.0170963,0.0158865,0.0691553,0.0179943,0.0348449
0.013403,0.00955566,0.0040925,0.0288965,0.0086559,0.00267112
0.0173392,0.0112874,0.00814426,0.0358009,0.00817382,0.0165088
0.0267787,0.0174787,0.00930105,0.0312808,0.00795952,0.0182956
0.022149,0.0147968,0.00571693,0.0388087,0.0102706,0.00896746
0.0130357,0.00906323,0.00636451,0.0366764,0.0103417,0.016194
0.0104716,0.00702155,0.00379724,0.0194926,0.00489749,0.00840335
0.0261389,0.0173942,0.0115484,0.0739988,0.0180219,0.00861817
0.0186953,0.0124067,0.00556255,0.0203418,0.00484173,0.00985214
0.00585747,0.00379514,0.00260656,0.0192144,0.00550538,0.00189563
0.00412146,0.00317692,0.00241664,0.0134072,0.00256517,0.00213733
0.00625313,0.00436597,0.0031516,0.0149848,0.00558589,0.00319178
0.0137576,0.00916502,0.004331,0.00683619,0.0014061,0.00476349
0.0115391,0.00774901,0.00443705,0.0177717,0.00477523,0.00541985
0.0107097,0.00731151,0.00653762,0.0230607,0.00556423,0.00434201
0.0124228,0.00838849,0.00439388,0.0298328,0.00621257,0.00507782
0.0201107,0.0134519,0.00862398,0.0362724,0.0095659,0.0054169
0.017525,0.0115116,0.0294265,0.0820453,0.0242623,0.0298908
0.00656347,0.00466385,0.00755883,0.026916,0.00555947,0.00535671
0.0173692,0.0114539,0.00582062,0.018805,0.00530314,0.0033195
0.0114048,0.00737112,0.00365288,0.0237162,0.00635776,0.0102685
0.00541526,0.00338092,0.00174106,0.000116817,0.000265073,0.00219501
0.013161,0.00918,0.00461833,0.0357443,0.00917748,0.00561488
0.0791346,0.0359413,0.0420722,0.138045,0.0357959,0.0577271
0.0219798,0.0140859,0.0127942,0.0603359,0.0160691,0.0263171
0.0242362,0.0162574,0.00947585,0.0552134,0.0124993,0.0137095
0.0147811,0.0100352,0.0110179,0.0436964,0.0112818,0.0231171
0.015191,0.0105562,0.00603739,0.0220347,0.00555738,0.0154314
0.00638496,0.00453633,0.00807373,0.0109968,0.00517185,0.00559828
0.0135513,0.00954865,0.00646489,0.0271331,0.00829886,0.0182777
0.0261172,0.0162245,0.0169254,0.0774847,0.0183401,0.0115012
0.00900692,0.00614308,0.00526557,0.0180045,0.00407959,0.00238152
0.0199859,0.0136244,0.00928903,0.0666107,0.0171204,0.0138349
0.0244124,0.0158346,0.00923263,0.0341183,0.00749921,0.00463805
0.00847045,0.00597763,0.00352894,0.0146028,0.00463725,0.00261526
0.00973496,0.00655669,0.00277681,0.0218436,0.00463934,0.00433194
0.00540947,0.00398558,0.00101335,0.0220447,0.0038785,0.00509513
0.0672193,0.0409711,0.0928896,0.478919,0.125575,0.138534
0.0200693,0.0136653,0.00532898,0.0317767,0.00645105,0.00974492
0.0270204,0.0166924,0.0146812,0.096582,0.0231893,0.0236182
0.0146374,0.00991712,0.00609354,0.0255753,0.0053246,0.00555632
0.0498072,0.0288715,0.0382175,0.200288,0.0517428,0.0809797
0.0175819,0.012063,0.00817431,0.0276504,0.00724397,0.011905
0.0151173,0.00795073,0.00753525,0.0491104,0.0128089,0.0158642
0.0122101,0.00468175,0.00619149,0.0334515,0.0082779,0.00908594
0.0155025,0.0102383,0.00424636,0.0238916,0.00624705,0.00918389
0.00953675,0.00673322,0.00210724,0.0317958,0.00807411,0.00806278
0.0141503,0.00968131,0.00571316,0.0255362,0.00726681,0.00228636
0.00610971,0.00470162,0.00339581,0.0148706,0.0034632,0.00331367
0.00631538,0.00436746,0.0026821,0.0171745,0.00441895,0.00783992
0.0134757,0.0092834,0.0032412,0.022615,0.00550433,0.00290116
0.0140084,0.00951459,0.0080112,0.031986,0.00776843,0.00501635
0.00633055,0.00343242,0.00385425,0.0181552,0.00212424,0.00366071
0.0133155,0.00865111,0.00383696,0.0292892,0.00570622,0.00162813
0.0122367,0.00871298,0.00436472,0.0232102,0.00762598,0.00385482
0.00740544,0.00531097,0.00348709,0.0208881,0.0059142,0.0020016
0.0266613,0.0179328,0.00946512,0.0528785,0.012549,0.0111731
0.0231731,0.0158704,0.00834545,0.0284871,0.00791824,0.015984
0.0177353,0.0119737,0.00524321,0.036994,0.00909217,0.00995405
0.00698877,0.00463073,0.00226263,0.0184942,0.00270306,0.00364255
0.0103677,0.00689982,0.00360529,0.0233663,0.00448906,0.00571184
0.0145623,0.00962411,0.00893796,0.0578145,0.0130465,0.0194223
0.0126892,0.00868804,0.00493257,0.0193754,0.00502762,0.00642565
0.0435685,0.0287911,0.0129268,0.0541766,0.015457,0.0165347
0.0261219,0.0113601,0.0114765,0.0590085,0.0156946,0.0112081
0.0274953,0.0113683,0.0115675,0.0594353,0.01362,0.0110994
0.0329272,0.0218147,0.0153307,0.0482383,0.0116044,0.0365591
0.024616,0.0166484,0.0111301,0.0489113,0.0136764,0.0273672
0.0051256,0.00352992,0.00201696,0.0157475,0.0057735,0.00771715
0.0176316,0.0109466,0.00910254,0.059695,0.013498,0.0087769
0.0077628,0.00502736,0.00334982,0.0260007,0.00653492,0.00297998
0.0224182,0.0143148,0.0169462,0.0915798,0.0242844,0.0287993
0.010397,0.00680405,0.00540069,0.0283576,0.00707809,0.00785724
0.0164367,0.0106501,0.0128568,0.0458141,0.0124575,0.0104478
0.0149964,0.0100082,0.00550309,0.0195923,0.00597434,0.0109934
0.00981689,0.00670832,0.00255126,0.019923,0.00421782,0.00674076
0.00766731,0.0055967,0.00628647,0.0135372,0.00433341,0.00209052
0.00778653,0.00519023,0.00492642,0.0156714,0.00305958,0.00242083
0.01881,0.0126337,0.00550676,0.0178362,0.00400715,0.0048851
0.0100658,0.0068163,0.00257954,0.0160603,0.00535468,0.00727086
0.0179413,0.0124478,0.00482147,0.025111,0.00605717,0.00519266
0.0103251,0.00744048,0.00450715,0.0158753,0.00244411,0.00580783
0.0148539,0.0100962,0.00641328,0.0275193,0.00625309,0.0118799
0.0118799,0.00726226,0.00291964,0.0396439,0.0141128,0.00797287
0.0142371,0.00905832,0.013461,0.0611312,0.0171246,0.0300938
0.0125514,0.00862809,0.00385824,0.0254271,0.00752417,0.00380724
0.00589501,0.00452276,0.00284539,0.0126379,0.0038829,0.00339807
0.0108989,0.00773702,0.0127203,0.0500093,0.0134777,0.0166589
0.0047587,0.0034286,0.0013768,0.0146325,0.00201369,0.00200198
0.00914824,0.00630041,0.00336655,0.0198528,0.00399734,0.0108758
0.0133516,0.009205,0.00844928,0.023801,0.00701695,0.0103422
0.0104206,0.0065638,0.00448208,0.02239,0.00512284,0.00219524
0.0141974,0.00964051,0.00550028,0.0235798,0.00463179,0.00553225
0.0212374,0.00860844,0.0135479,0.0669692,0.0174235,0.0212823
0.0220691,0.0101428,0.0141054,0.0613658,0.0163135,0.0209813
0.00428557,0.00326479,0.002335,0.00996362,0.00228935,0.00152865
0.00521924,0.00396434,0.00444018,0.0131373,0.00354958,0.00505076
0.00806479,0.00550493,0.00365284,0.0184679,0.00376047,0.0120137
0.00908254,0.00660123,0.00838228,0.0454655,0.0099616,0.0135467
0.0209889,0.0137072,0.0176925,0.0650455,0.0157593,0.0229785
0.0069607,0.00485916,0.00308827,0.0271528,0.00645714,0.00438151
0.00525528,0.00404752,0.00351106,0.0112332,0.00220543,0.00511461
0.0108021,0.00702843,0.00415494,0.0329707,0.00939428,0.00962804
0.0160942,0.0106722,0.00570947,0.0341155,0.00675382,0.00946074
0.0117834,0.00800813,0.00473389,0.0250245,0.00664917,0.00405706
0.00722111,0.00533336,0.00274972,0.0130892,0.00319573,0.00137317
0.00853692,0.00578473,0.00272507,0.0146327,0.00450814,0.00754952
0.0139362,0.00962469,0.00451596,0.0315963,0.00624091,0.00154439
0.0086688,0.00601004,0.00275108,0.0139119,0.00420367,0.00262481
0.00827115,0.00583064,0.00283974,0.0199319,0.00352652,0.00317469
0.0136516,0.0094705,0.0108452,0.0511038,0.0122522,0.0144107
0.0135703,0.00980997,0.00405043,0.0225313,0.00559718,0.00309945
0.00692387,0.00481085,0.00132155,0.0187703,0.0034222,0.00514876
0.00875911,0.00629248,0.00472792,0.0198995,0.00271765,0.00348181
0.0106728,0.00747877,0.00279324,0.0294563,0.00771958,0.00830567
0.0475462,0.0290016,0.017018,0.0773346,0.0184871,0.0509692
0.0200956,0.0114232,0.012064,0.0657915,0.0146005,0.0159672
0.0116469,0.00694432,0.0041098,0.0324709,0.00889979,0.0172189
0.0307755,0.0183266,0.012455,0.056788,0.014923,0.0164814
0.0170995,0.00704084,0.00473535,0.0253649,0.00657048,0.00736601
0.017087,0.0116051,0.00523432,0.0178147,0.00413454,0.0107577
0.00810933,0.00546449,0.00488444,0.0290482,0.00632358,0.00171077
0.0177731,0.0117723,0.0072004,0.0210904,0.00747,0.0125794
0.00896929,0.00581061,0.00308508,0.0297899,0.00704307,0.0080902
0.0169954,0.011477,0.00531965,0.0213601,0.00522365,0.00401865
0.00697759,0.00477319,0.00281155,0.0165882,0.00377734,0.00757162
0.0225233,0.0144479,0.0136763,0.0651711,0.0173409,0.0351002
0.0188796,0.0128082,0.0119931,0.0550243,0.0153595,0.0136829
0.00577567,0.00395463,0.00314387,0.00471826,0.000205855,0.00470138
0.0121174,0.00821855,0.00419599,0.0169034,0.00480866,0.0025546
0.0130656,0.00871745,0.00507849,0.0256859,0.00399599,0.0105427
0.0130005,0.00868118,0.00402967,0.0160746,0.00453173,0.00741938
0.00916701,0.00638533,0.00192897,0.018551,0.00261236,0.00522338
0.0275211,0.0139525,0.00881237,0.0514409,0.0151096,0.0283607
0.00802387,0.00542888,0.0036426,0.0188991,0.00486239,0.0021955
0.0179842,0.0123667,0.00439827,0.0366273,0.00883031,0.0143307
0.0128728,0.00895954,0.00498053,0.0265465,0.00763498,0.0170747
0.00843737,0.00594284,0.00800295,0.0469955,0.0115414,0.0307963
0.00659369,0.00458468,0.00349628,0.00207337,0.000401342,0.00298354
0.0274643,0.0175092,0.0324594,0.14399,0.0401351,0.0397728
0.0179046,0.0121615,0.00671965,0.0123336,0.00518701,0.00498014
0.00561183,0.00436624,0.00305658,0.0124998,0.0028759,0.0016125
0.018825,0.0123777,0.00734648,0.0329419,0.00982156,0.0134773
0.0231022,0.015097,0.00713283,0.0329435,0.00807479,0.00494561
0.00561344,0.0039149,0.00367944,0.0131299,0.00411569,0.00605238
0.0192901,0.012835,0.00679028,0.0337303,0.00658753,0.0134592
0.0133687,0.00927225,0.00365263,0.0181804,0.0055953,0.00713188
0.00464497,0.00357705,0.00301334,0.0107344,0.00147033,0.00122919
0.0415319,0.0260068,0.0182085,0.057468,0.0129068,0.0152485
0.0251763,0.0168161,0.00779275,0.0360318,0.00936416,0.00348143
0.00698977,0.00474928,0.00565058,0.0127666,0.00315816,0.00567933
0.0364068,0.0230927,0.00830218,0.0547078,0.0115798,0.0125771
0.0658087,0.0381894,0.0302448,0.110353,0.028438,0.0477418
0.0136416,0.00976597,0.00523234,0.0259484,0.00550626,0.00854488
0.0128055,0.00892563,0.00417364,0.0261443,0.00530368,0.00325421
0.00875669,0.00577772,0.00379037,0.016283,0.00335204,0.00597181
0.0299921,0.0189167,0.0101319,0.0948919,0.0234614,0.0238199
0.0394803,0.0198898,0.0195128,0.0729025,0.0201638,0.0262123
0.00997178,0.00700395,0.0047387,0.0148393,0.00397164,0.0074516
0.0127647,0.00845373,0.00448428,0.0254616,0.00802873,0.0048965
0.0108174,0.00750054,0.00461855,0.0106479,0.00444908,0.00311639
0.0319153,0.0203101,0.0307133,0.167358,0.0392377,0.0512541
0.0103727,0.00712772,0.00731968,0.0570124,0.0132323,0.0120125
0.0202383,0.0136533,0.00801115,0.0398508,0.00747695,0.027984
0.0447985,0.0268186,0.0145724,0.0559099,0.0150342,0.0302343
0.032988,0.0194127,0.0102857,0.0338184,0.00510492,0.0166611
0.0189307,0.0128525,0.00684725,0.0507549,0.0098513,0.0134363
0.00992766,0.00682104,0.00341259,0.0169909,0.00406392,0.00350058
0.0205127,0.0136237,0.00571145,0.0453013,0.0107545,0.00751686
0.0106797,0.00698097,0.0047156,0.0242563,0.0061076,0.00452628
0.0274858,0.0179902,0.0100638,0.0623474,0.0166879,0.0112793
0.00817141,0.00539676,0.00406809,0.0133453,0.00297389,0.00734508
0.0164818,0.0108784,0.0115882,0.0324723,0.0100912,0.0182585
0.0065373,0.00475868,0.00180818,0.00378555,-0.000208328,0.00721037
0.00707153,0.00524099,0.00474083,0.0149897,0.00414678,0.00441857
0.0228823,0.0150231,0.00787395,0.027939,0.00507265,0.00465059
0.024224,0.0154081,0.00783355,0.0284235,0.0062915,0.0137244
0.0162246,0.0102924,0.00607353,0.0354102,0.00770636,0.00828303
0.0224551,0.0152539,0.00903373,0.0251937,0.00656897,0.0078399
0.014561,0.0101356,0.00604699,0.0252267,0.00731557,0.00402512
0.00817197,0.00553884,0.00352333,0.0216965,0.00376675,0.00559851
0.046406,0.0283647,0.0147302,0.0742007,0.0168926,0.0225862
0.0187422,0.0072866,0.00687425,0.0252158,0.00627964,0.0105607
0.0172856,0.0113941,0.00657186,0.0490114,0.0129543,0.0138252
0.0157523,0.0107372,0.00573225,0.0159253,0.00553912,0.0141366
0.0104267,0.00704161,0.0032556,0.0161835,0.00471443,0.0089446
0.0286867,0.0188017,0.00974464,0.0294429,0.00709173,0.0083938
0.031795,0.0197377,0.0234777,0.105269,0.0277181,0.0172851
0.0137358,0.00938931,0.00451203,0.0169928,0.00495582,0.0148168
0.0104721,0.00732743,0.00330915,0.0144604,0.00439066,0.00535884
0.0061272,0.00408681,0.00208529,0.0277668,0.00686362,0.0122082
0.00673658,0.00489678,0.0026087,0.0185053,0.00341598,0.0090455
0.0355061,0.0229772,0.0116273,0.0375901,0.0092415,0.00939322
0.0106888,0.00768022,0.00590271,0.0126848,0.00374517,0.00455801
0.0234194,0.0152978,0.0124207,0.0570842,0.015166,0.0347995
0.00627126,0.00430453,0.00353022,0.0160053,0.00466245,0.00498909
0.0314121,0.0148591,0.0208938,0.0745785,0.0179259,0.0297547
0.0150408,0.0107476,0.00473411,0.00682237,0.00178867,0.0232842
0.0080052,0.00519854,0.0067462,0.0250754,0.00720161,0.00722096
0.0328363,0.0214567,0.00932697,0.0455123,0.0127477,0.0168729
0.0163165,0.0104077,0.0108042,0.0545494,0.0130435,0.0077181
0.0357361,0.0239392,0.0116181,0.0601308,0.0115468,0.0125354
0.0437593,0.0175969,0.0130973,0.118839,0.0309412,0.0203357
0.0426044,0.0192823,0.0120868,0.0841955,0.0168535,0.0162175
0.00474548,0.00306944,0.00116211,0.0109002,0.00160933,0.00183332
0.0231682,0.0151809,0.00591555,0.0476676,0.0122112,0.0142717
0.0224102,0.0145806,0.00711088,0.0377836,0.0105811,0.0145238
0.0362136,0.0160454,0.00958468,0.0535776,0.0130739,0.026279
0.0149342,0.0100991,0.00370296,0.0277761,0.00948365,0.0116569
0.0181677,0.0119998,0.0113721,0.0617846,0.017417,0.00814145
0.0252725,0.0144377,0.0133273,0.0725688,0.0181993,0.0432179
0.0105141,0.00718732,0.0108036,0.0370098,0.008266,0.0163648
0.0333836,0.0207985,0.0117713,0.0614615,0.015174,0.00740561
0.00964758,0.00703998,0.00351235,0.0118139,0.00324369,0.00766328
0.0113037,0.00778269,0.00432512,0.0190759,0.00487351,0.00598177
0.00650304,0.0043775,0.00200284,0.0207446,0.00481192,0.00321621
0.0134906,0.00911826,0.00692198,0.0251763,0.0064215,0.00655221
0.0168905,0.0111918,0.00446533,0.0276787,0.00761422,0.00998562
0.00653165,0.00445571,0.00328619,0.0189781,0.00574873,0.0068742
0.0509365,0.0286111,0.0233866,0.094654,0.0262979,0.0243673
0.0300338,0.0197076,0.00967382,0.0394063,0.00866291,0.013132
0.00650504,0.00445953,0.00231288,0.0161066,0.00435193,0.0031161
0.0133668,0.00756529,0.00847908,0.0252527,0.00755593,0.0135098
0.0226336,0.0146337,0.00628813,0.033363,0.00902982,0.00919501
0.023414,0.0163299,0.00665545,0.0425729,0.00977191,0.0161142
0.00822576,0.00599203,0.00321125,0.015091,0.00350844,0.00768951
0.0164547,0.0110261,0.0058139,0.027112,0.00443155,0.0019594
0.015767,0.0104067,0.00440282,0.0387004,0.00893385,0.005213
0.00795999,0.00538335,0.00422277,0.0184732,0.00418381,0.00680516
0.0322357,0.0206104,0.0242642,0.0813001,0.0207189,0.016846
0.00664455,0.00461206,0.00356373,0.0210753,0.00512879,0.0070313
0.0246141,0.0158539,0.00792905,0.0457651,0.0114268,0.00871827
0.0222461,0.0151178,0.011173,0.0402046,0.0093307,0.009309
0.0160286,0.0108654,0.00342073,0.0389945,0.00929611,0.0059351
0.0446386,0.0240989,0.0189546,0.0750766,0.0191128,0.0339425
0.0293846,0.0195766,0.00942185,0.0551177,0.0153372,0.0145722
0.0583992,0.0301894,0.0175678,0.0780386,0.0208213,0.0302937
0.00860767,0.00566543,0.00323358,0.014304,0.0050155,0.00184263
0.0140839,0.00969827,0.00934592,0.0271356,0.00759376,0.00873104
0.00973605,0.00656946,0.00388749,0.0161952,0.00191693,0.0008942
0.0107934,0.00692909,0.0047181,0.0249079,0.00589716,0.0105903
0.0278371,0.0185954,0.0107623,0.0443604,0.0107944,0.00679377
0.0832092,0.0465897,0.100708,0.556023,0.136349,0.152162
0.00390362,0.00300976,0.00219576,0.012706,0.00302763,0.000706223
0.0298098,0.0199342,0.0195255,0.0703269,0.0177891,0.0223659
0.0196882,0.0127885,0.00757746,0.0364693,0.0111858,0.00918873
0.0193973,0.0129616,0.00799345,0.00724535,0.000694251,0.0062023
0.0136886,0.00957116,0.00425663,0.0169872,0.00401526,0.00455289
0.0354597,0.0146294,0.026467,0.108077,0.0272053,0.0470251
0.0461654,0.0301603,0.0401111,0.129628,0.0332384,0.0732546
0.0422999,0.0259597,0.0232606,0.078301,0.0200745,0.0181318
0.00687922,0.00472311,0.00311247,0.0138214,0.00468158,0.00705407
0.0146003,0.0101473,0.0051429,0.0228605,0.00530309,0.0110349
0.0287931,0.0180269,0.0125009,0.0617922,0.0171794,0.025284
0.0055397,0.00385621,0.00270164,0.0159758,0.00202463,-0.000250059
0.0155808,0.0109988,0.00529026,0.0193644,0.00445814,0.00425151
0.00767914,0.00520736,0.00330387,0.0193497,0.00335118,0.00271641
0.013769,0.00939604,0.00774588,0.0267098,0.00781807,0.00749725
0.018751,0.0126542,0.0062834,0.0344252,0.00834101,0.0256764
0.0101483,0.00697549,0.0043012,0.0295235,0.0060836,0.0137543
0.015735,0.0111612,0.00413961,0.0251676,0.00722422,0.00772436
0.0141614,0.00940299,0.00465044,0.0394205,0.0102181,0.00861009
0.0273078,0.0185106,0.0152646,0.0640974,0.0185357,0.041031
0.0182857,0.0124951,0.0050434,0.0341919,0.00704331,0.00481826
0.0073635,0.00501739,0.00282648,0.019235,0.00362729,0.00207032
0.0100666,0.00675827,0.00321329,0.0166266,0.00397985,0.00469167
0.0162018,0.0106711,0.00569186,0.03187,0.00873623,0.00637758
0.0148516,0.00967254,0.00450137,0.0332657,0.00953315,0.0116613
0.0524544,0.0303438,0.0157938,0.0604655,0.0168586,0.0372697
0.0229784,0.0100244,0.00550378,0.0281028,0.00760422,0.00806775
0.00722966,0.0049008,0.00270225,0.0138255,0.00356875,0.00384894
0.0185049,0.0125318,0.00442196,0.0393,0.00935755,0.00437423
0.0118521,0.00833624,0.00366492,0.0217989,0.00529595,0.00393279
0.0413254,0.0259563,0.0154311,0.0846521,0.021944,0.0409749
0.00554149,0.00380885,0.00594004,0.0181406,0.0048225,0.00453573
0.0116212,0.00792818,0.00516559,0.0222891,0.00525947,0.00616311
0.0158354,0.0107835,0.00666938,0.0503018,0.0125317,0.0117596
0.00664914,0.00492593,0.00324535,0.0175493,0.00329844,0.00470311
0.0268017,0.017499,0.00722387,0.0257482,0.00663779,0.0112705
0.0108004,0.0072725,0.00325856,0.0228317,0.00719307,0.0140636
0.0131235,0.00898228,0.00284077,0.0194922,0.00535478,0.00392083
0.0208956,0.0140729,0.0108156,0.0759787,0.022141,0.0407285
0.00457724,0.00332523,0.00336824,0.0144703,0.00320887,0.00309234
0.0109464,0.00748743,0.0037878,0.0133082,0.00424786,0.00971552
0.0093518,0.00678243,0.0166959,0.0530969,0.0132292,0.00933457
0.00471786,0.00324074,0.00254004,0.0117909,0.00239501,0.00144468
0.0209689,0.0140508,0.00869638,0.0300188,0.00958983,0.0136991
0.0195905,0.013175,0.00553277,0.0393498,0.00950061,0.0122995
0.0093884,0.00636293,0.00525059,0.0397088,0.010144,0.00422062
0.0154506,0.0102372,0.00724328,0.0160884,0.00365024,0.00720242
0.0402358,0.025153,0.0126259,0.0730356,0.0180592,0.0180367
0.0164343,0.011408,0.00756458,0.0487383,0.0117631,0.00773401
0.0261772,0.0124715,0.00825613,0.0497062,0.0128144,0.0114182
0.031407,0.0122894,0.00928927,0.0567569,0.013318,0.0123978
0.0274234,0.0154646,0.00594411,0.0380371,0.00798415,0.00806268
0.014358,0.00987717,0.00689009,0.00758285,0.00163388,0.0140733
0.0139256,0.00952222,0.00414155,0.028201,0.00659712,0.00547336
0.0378345,0.024147,0.015428,0.0598802,0.0154688,0.0152795
0.00678144,0.00483816,0.00210921,0.0311799,0.00815261,0.00678516
0.00494467,0.00362679,0.00210098,0.0126952,0.00430638,0.00221693
0.00608231,0.00428781,0.00187289,0.0192327,0.00461533,0.00666179
0.01228,0.00815478,0.00382175,0.0193968,0.00645515,0.0126775
0.0186806,0.0130336,0.00659946,0.0148654,0.0048379,0.00465365
0.0150211,0.0104778,0.003981,0.0331721,0.0068996,0.00778605
0.0238469,0.0165928,0.00791722,0.0430446,0.0102536,0.0101043
0.0145409,0.00995199,0.00445191,0.0227538,0.00365745,0.0045073
0.00610522,0.00435823,0.00314706,0.0198637,0.00382336,0.00150786
0.0293614,0.0191947,0.0111974,0.0741289,0.0185358,0.0086132
0.022007,0.0149869,0.00781331,0.0436567,0.00911799,0.00406592
0.0135623,0.00877107,0.00438109,0.0320155,0.00569533,0.0179344
0.0261089,0.018118,0.012368,0.0688051,0.0189818,0.0099019
0.0252404,0.0166393,0.00929174,0.0287378,0.00668107,0.00428925
0.011895,0.0086264,0.00322549,0.0226836,0.00487133,0.00794007
0.0248499,0.0130878,0.0080157,0.0376697,0.0105475,0.00601902
0.0218484,0.0117588,0.0066875,0.0236581,0.0051893,0.00473721
0.0204955,0.013366,0.0107148,0.0516784,0.0148076,0.0309607
0.0145989,0.0103083,0.00276796,0.0326864,0.00575492,0.00474481
0.00930054,0.00668921,0.00439337,0.0172903,0.00534802,0.00952765
0.0041961,0.00309278,0.00415418,0.0110931,0.00315484,0.00308542
0.0227681,0.0156391,0.00819285,0.0425985,0.00928747,0.0213719
0.0327232,0.0196549,0.0119662,0.063814,0.0181643,0.0183396
0.0335309,0.0202234,0.0354134,0.176887,0.0460619,0.0634885
0.00561889,0.00384895,0.00603271,0.0220075,0.00477013,0.00568544
0.012157,0.00822526,0.00391459,0.0289559,0.00652698,0.00705743
0.0416652,0.024807,0.0571989,0.273852,0.0702062,0.0962641
0.0579194,0.0344525,0.0581026,0.321741,0.0815395,0.155275
0.0108436,0.0073324,0.00892857,0.0330841,0.0063893,0.00924423
0.0278254,0.0182912,0.00812403,0.0347087,0.00687594,0.0148367
0.00718529,0.00524735,0.00329183,0.0258919,0.0056109,0.00823315
0.0123253,0.00866126,0.00503309,0.0208196,0.00580786,0.00448013
0.0247764,0.0170845,0.0156688,0.0475493,0.013119,0.0268426
0.013877,0.00951465,0.00448809,0.00439533,0.00121103,0.0100205
0.0073828,0.00537455,0.00237904,0.0143754,0.00475584,0.000274255
0.0263447,0.017464,0.00904891,0.036895,0.00968668,0.0190569
0.0155384,0.0101815,0.00324551,0.0472695,0.0118449,0.00521462
0.0144456,0.0100373,0.0158856,0.0326323,0.00811997,0.00542156
0.029572,0.0165187,0.00917945,0.0450774,0.0111744,0.0258382
0.0264707,0.0139391,0.00860697,0.0305154,0.00716,0.0179103
0.0181151,0.0117328,0.0155209,0.0650202,0.0159625,0.0162589
0.060617,0.0355063,0.0205527,0.0867984,0.0240925,0.0238994
0.0116442,0.00794212,0.0126805,0.0484394,0.0137452,0.00988143
0.0479226,0.0298143,0.0238248,0.115631,0.0321274,0.0616949
0.0174283,0.0113912,0.0126506,0.0523661,0.0150613,0.0117316
0.00900039,0.00592625,0.00350205,0.0307891,0.00990831,0.0139353
0.0327532,0.015296,0.0176206,0.0899132,0.0251286,0.0301298
0.0303861,0.0137048,0.0127914,0.06846,0.014858,0.0426824
0.0610991,0.0269801,0.0265695,0.146009,0.0377152,0.0775424
0.0473691,0.022622,0.0271382,0.150702,0.0389156,0.0324722
0.0393379,0.0242105,0.0140679,0.0831437,0.0189802,0.0158163
0.0156038,0.010547,0.00664867,0.0378978,0.0107189,0.00915751
0.0159039,0.0105779,0.0054437,0.0264277,0.00612507,0.012273
0.0114034,0.00780055,0.00349509,0.0208747,0.00419014,0.00853067
0.0191236,0.012934,0.00803287,0.0373866,0.0114212,0.00767021
0.0180793,0.0124266,0.00633106,0.031393,0.00844875,0.00662733
0.0587866,0.0347989,0.0253209,0.105401,0.0280196,0.0154058
0.0183081,0.0118482,0.00519343,0.0411601,0.00979794,0.00854817
0.0297558,0.0189339,0.0171382,0.0781298,0.0216817,0.0255782
0.0127149,0.00873357,0.00434515,0.0192756,0.00616319,0.0103656
0.0251496,0.016815,0.0103997,0.0428584,0.0121514,0.0112319
0.00858147,0.0060714,0.0039289,0.0183187,0.00430432,0.0033632
0.0216907,0.0146205,0.00851022,0.0439278,0.0108516,0.0214015
0.0211336,0.0146015,0.00928445,0.0439884,0.0111099,0.00887325
0.00540051,0.00353514,0.00312285,0.0121674,0.00292747,0.00388241
0.0158625,0.0112461,0.00855528,0.0234632,0.00462495,0.00417502
0.0475891,0.0288346,0.0144318,0.0600527,0.0154393,0.012547
0.0111467,0.00758558,0.00472338,0.0224906,0.00536722,0.00352673
0.00752604,0.00519797,0.00375369,0.0154874,0.00421688,0.00231782
0.0337435,0.022356,0.0127857,0.0555293,0.0157213,0.0154558
0.0148019,0.00992061,0.00583902,0.0293451,0.00884006,0.0115542
0.00701161,0.00519242,0.00498742,0.0148755,0.00461646,0.00183286
0.00828024,0.00571062,0.00324456,0.0118971,0.00373716,0.000947825
0.0166073,0.00947751,0.00576705,0.0299086,0.00985513,0.00969024
0.0135155,0.00712136,0.00345468,0.0263764,0.00698275,0.00757876
0.0130583,0.00895895,0.00395548,0.0215113,0.00668331,0.0125836
0.0239439,0.0161519,0.00681936,0.0444795,0.0136348,0.00819968
0.00891027,0.00656938,0.00442654,0.00221549,-0.000124045,0.00694872
0.0075077,0.00520383,0.0024374,0.01194,0.00495399,0.00344602
0.00622791,0.00422688,0.00207659,0.0112114,0.00458732,0.00386979
0.0109497,0.00716236,0.00565299,0.0408337,0.00838759,0.014572
0.00634918,0.00441485,0.00246855,0.0146573,0.00491727,0.0166428
0.0307027,0.0198069,0.0125369,0.0559014,0.0140782,0.0139738
0.0104451,0.00726219,0.00400907,0.0414432,0.0101932,0.00442128
0.0067916,0.00503111,0.00216938,0.00236742,4.97529e-05,0.00270219
0.0237474,0.0156349,0.0146474,0.0403311,0.0106116,0.0383861
0.0189265,0.0129077,0.0054355,0.02372,0.00613505,0.0120233
0.0293341,0.0187654,0.00916003,0.03133,0.00804467,0.0146118
0.0116569,0.00793175,0.00309106,0.0191364,0.00463092,0.00465768
0.0423817,0.0272312,0.012806,0.0717991,0.0197994,0.00518535
0.0189265,0.0132214,0.00601322,0.0239713,0.00691145,0.00596393
0.0151662,0.0103997,0.00555266,0.0300481,0.00598729,0.00581461
0.0288998,0.0184559,0.00890386,0.0513659,0.0138508,0.0107189
0.0223905,0.014832,0.0075741,0.0598705,0.015114,0.0175223
0.0252208,0.0161982,0.0141777,0.0825457,0.021142,0.01893
0.027038,0.0172418,0.0114672,0.0673014,0.0169401,0.0310264
0.0133393,0.00885839,0.0039888,0.0285029,0.0070008,0.00462689
0.026673,0.0173212,0.0118355,0.0634736,0.0170538,0.0211933
0.00853327,0.00566713,0.00424984,0.0191773,0.00472034,0.00161913
0.0102625,0.00684083,0.0191015,0.0861449,0.0227597,0.0308234
0.0485148,0.0221457,0.0533204,0.250628,0.0687558,0.156144
0.017238,0.0118008,0.00577873,0.0291745,0.00818387,0.00651084
0.0071307,0.00499252,0.00224374,0.019624,0.00466277,0.00803287
0.0115645,0.00709938,0.0213645,0.0942699,0.0264673,0.0377993
0.0109842,0.00789058,0.00429045,0.0116336,0.00488713,0.00424786
0.0174866,0.0117284,0.00737684,0.0293264,0.00659069,0.00816759
0.0108062,0.00751433,0.00279103,0.0194038,0.00560479,0.00833415
0.0200507,0.00980679,0.00485179,0.0385709,0.0112369,0.00962947
0.0235715,0.0144233,0.0051773,0.0286509,0.00882536,0.0149234
0.0128928,0.00849318,0.00265974,0.0208356,0.00612028,0.00606028
0.0127022,0.00562783,0.00629151,0.0401361,0.0124013,0.00868445
0.0179336,0.0107845,0.00881416,0.0387674,0.00914719,0.0116505
0.0130589,0.00908006,0.00598929,0.036703,0.00801873,0.0150913
0.00842884,0.00553503,0.00227782,0.0230212,0.00388962,0.00281691
0.00841956,0.00559945,0.00256539,0.0166157,0.00466902,0.00314322
0.0077987,0.00579948,0.00474738,0.0147637,0.00393719,0.00443499
0.00976445,0.00670574,0.00280775,0.0179042,0.00506862,0.00115216
0.0417699,0.0255945,0.0112708,0.0478008,0.0147257,0.0118118
0.0196508,0.0131464,0.0091353,0.0160253,0.00521536,0.0106176
0.0351491,0.0159086,0.0126847,0.0627226,0.0170475,0.0141442
0.0364058,0.013406,0.0114884,0.068797,0.0160506,0.0130532
0.016032,0.0111074,0.00767494,0.0200823,0.00792042,0.00301111
0.014352,0.00978442,0.00616363,0.0181997,0.00378808,0.00378842
0.00624581,0.00414496,0.00142448,0.0328855,0.00916798,0.0306865
0.0575176,0.032987,0.0245292,0.0974061,0.0271495,0.0541468
0.0170774,0.0105287,0.00501564,0.0334657,0.00875752,0.0265181
0.0091389,0.0061286,0.00268692,0.0104115,0.00354145,0.00334883
0.0281203,0.0183607,0.0204743,0.0814321,0.0234269,0.0402806
0.0237172,0.0158643,0.0181929,0.0908468,0.0241545,0.0591199
0.0446461,0.0261171,0.0208686,0.0938955,0.0252686,0.0491785
0.0249234,0.00994119,0.00761103,0.0381575,0.00666137,0.0104635
0.0220357,0.0140844,0.00874089,0.0721289,0.0156984,0.0147758
0.0248259,0.0165711,0.0048404,0.032832,0.00749855,0.00572583
0.00509577,0.00353485,0.0023399,0.0171979,0.00451314,0.00533096
0.00546672,0.00366987,0.00233729,0.0151663,0.00323348,0.00532103
0.00944617,0.0062878,0.00279022,0.0148345,0.00456665,0.00282496
0.00744286,0.005616,0.00408498,0.0152617,0.0037445,0.00107418
0.00498204,0.00379773,0.00330615,0.0131686,0.00319954,0.00330624
0.0217122,0.01446,0.00894327,0.0311105,0.00866497,0.0100667
0.00915496,0.00653667,0.0032221,0.0125797,0.00328196,0.00147464
0.0127443,0.008962,0.00558229,0.0275332,0.0073148,0.00851879
0.0219558,0.0144316,0.00779598,0.0344461,0.0103318,0.00712902
0.00827412,0.00556051,0.00308639,0.00268745,0.000287288,0.00291366
0.0253779,0.0160063,0.0107182,0.0513009,0.0151549,0.0146347
0.0550255,0.0327354,0.0211337,0.082165,0.0223235,0.0330666
0.00460567,0.00324262,0.00120261,0.0110069,0.00302657,0.00487527
0.0112202,0.00760563,0.00572934,0.0217131,0.00607177,0.0165804
0.0100334,0.00708492,0.00487358,0.0239253,0.00622899,0.00371219
0.0274828,0.0183149,0.0108545,0.061739,0.0166719,0.029538
0.0220917,0.0156035,0.00647415,0.0439646,0.0105895,0.00832909
0.035675,0.022778,0.011292,0.0572532,0.014571,0.0206941
0.0153131,0.0104963,0.00639175,0.0252046,0.00529709,0.00724881
0.00803241,0.00573802,0.00133968,0.0211377,0.00512018,0.00566109
0.0222942,0.0141376,0.00704323,0.0367327,0.00933919,0.0071128
0.072189,0.0382455,0.10452,0.434926,0.102729,0.186312
0.00463373,0.00315071,0.00338901,0.0130249,0.00533551,0.00033322
0.0342313,0.0216846,0.0131576,0.0536438,0.0131225,0.0062539
0.0209365,0.0140925,0.00766217,0.0380701,0.00944132,0.0132084
0.00442573,0.00303848,0.00281884,0.0220012,0.003786,0.00309197
0.00418626,0.00324574,0.00358712,0.0100494,0.00286426,0.00319371
0.0217874,0.0147,0.0101553,0.0220578,0.00553796,0.018521
0.0272881,0.017603,0.0135345,0.0595952,0.0170884,0.023615
0.0065952,0.00484536,0.00358792,0.0140227,0.00409459,0.00292851
0.00769633,0.0053997,0.00233564,0.019059,0.00470762,0.00573448
0.0227468,0.0155641,0.0110303,0.0672853,0.0181178,0.0213111
0.0411839,0.0241205,0.0144606,0.0630835,0.0174043,0.0186016
0.0288875,0.0109493,0.0199437,0.0748881,0.0191896,0.0237484
0.018028,0.0127081,0.00585575,0.0259515,0.00835351,0.00626757
0.0103873,0.00738508,0.00396188,0.0341662,0.00830285,0.00915516
0.0173866,0.0116383,0.0040463,0.0532045,0.0143372,0.0086642
0.0213766,0.0137774,0.011533,0.0595017,0.0159251,0.0243512
0.00481614,0.00344026,0.00179015,0.0183145,0.0036906,0.00188813
0.0101698,0.00677555,0.00310208,0.00834435,0.00202824,0.00592691
0.00653628,0.00439197,0.00280273,0.0402196,0.0088075,0.02012
0.0468418,0.0236209,0.0276486,0.157936,0.0437225,0.0412882
0.011295,0.00794782,0.00352299,0.020247,0.00749752,0.00535951
0.0194027,0.0119047,0.00672412,0.0378803,0.0102266,0.00882084
0.0184679,0.0124576,0.00365062,0.037188,0.0108295,0.0055439
0.0260602,0.0175181,0.010466,0.0440292,0.0113082,0.035459
0.0130932,0.00918315,0.00415703,0.0215393,0.00610778,0.0179769
0.00873669,0.00628765,0.00767846,0.0188647,0.00554858,0.0173843
0.0200676,0.0109788,0.00723687,0.0541245,0.0130441,0.0146253
0.00595985,0.00389037,0.0035336,0.032586,0.0103582,0.00647949
0.0239809,0.0157106,0.00850661,0.0304183,0.00788601,0.00951659
0.0132378,0.00889966,0.00314273,0.00586836,0.00155259,0.00414506
0.02608,0.0134689,0.0613148,0.216174,0.0544557,0.104539
0.0161805,0.0109663,0.00657893,0.0205963,0.00454454,0.00426992
0.0158361,0.0108512,0.00494153,0.0272649,0.00536851,0.0063229
0.0154856,0.010806,0.005065,0.0175464,0.0061882,0.00629577
0.0282661,0.0183666,0.0294576,0.0234983,0.00566904,0.020269
0.0183393,0.0119472,0.00567022,0.0265878,0.0074206,0.0151983
0.00646219,0.00449982,0.00165223,0.01932,0.00529499,0.0121252
0.016439,0.0108421,0.0147971,0.0906562,0.0244551,0.0179024
0.0115628,0.0075277,0.00312495,0.00427784,0.00074216,0.00550398
0.0167424,0.0116095,0.00438847,0.00443448,0.00129685,0.00683058
0.00574011,0.00421042,0.00325466,0.0192961,0.00496688,0.00358405
0.00783012,0.00519709,0.00265837,0.0337256,0.012046,0.020739
0.0165897,0.0110437,0.00546013,0.0278823,0.00888916,0.00590555
0.0216797,0.0137528,0.0322252,0.0962664,0.0250444,0.0659643
0.0108213,0.0074425,0.00892552,0.0443811,0.0131091,0.00517663
0.0109974,0.0073331,0.00472441,-0.00362568,0.00152259,0.00569867
0.00696536,0.00505324,0.00726607,0.0476679,0.0104515,0.015391
0.022798,0.0150654,0.0249883,0.0880985,0.0226305,0.0203929
0.0509394,0.0319749,0.019213,0.0588041,0.0144104,0.0291879
0.00520917,0.00357773,0.0020587,0.0100175,0.0021359,0.00526808
0.00712809,0.00467068,0.00281928,0.0154635,0.00312661,0.00851187
0.0105882,0.00737005,0.00590796,0.0246582,0.00639786,0.00810084
0.0173426,0.01178,0.00558811,0.0124696,0.00550555,0.00439179
0.0088659,0.00642559,0.00279968,0.0244633,0.00508311,0.00271291
0.00821766,0.00571573,0.00330588,0.0205729,0.00489974,0.00525389
0.00946018,0.00677275,0.00399329,0.0141245,0.00389942,0.00169333
0.0173832,0.0115767,0.00923454,0.0280896,0.00712335,0.00780331
0.0307888,0.0191248,0.0130701,0.0452218,0.0130576,0.00951812
0.0106366,0.00752419,0.00520258,0.0182741,0.00429728,0.00272811
0.0101623,0.00713013,0.00240081,0.0188621,0.0055095,0.00471036
0.0264029,0.0174214,0.00902288,0.0349866,0.0114178,0.00155271
0.0103429,0.00731467,0.00326868,0.0161726,0.00444704,0.0025642
0.031397,0.0190808,0.0265962,0.147328,0.0385965,0.0622291
0.0140364,0.0065714,0.00693672,0.0494817,0.0125342,0.00921342
0.0144816,0.00604429,0.00669266,0.0327247,0.00756399,0.00852251
0.0293285,0.0195401,0.00869691,0.0384714,0.0102531,0.021065
0.0184961,0.0125493,0.00701778,0.033141,0.00931764,0.00624878
0.027888,0.0178721,0.0149253,0.0651292,0.0167381,0.0173182
0.0116664,0.00547039,0.00420614,0.0194956,0.00486271,0.00832758
0.036937,0.0230628,0.0395763,0.16148,0.0360496,0.0410044
0.0291197,0.0173387,0.0296671,0.149998,0.0365753,0.0595455
0.0210811,0.0139675,0.00896975,0.0312468,0.00841896,0.00830336
0.0122932,0.00880019,0.00536753,0.0201507,0.00714221,0.00513852
0.010794,0.00754297,0.0038496,0.0216259,0.00446999,0.00691928
0.0236194,0.0133346,0.00821988,0.0490185,0.0117129,0.00599488
0.0182259,0.00708717,0.0062432,0.0271939,0.00566079,0.00468362
0.00808064,0.00562589,0.00396764,0.026704,0.0108889,0.00808231
0.0216141,0.0146153,0.0100235,0.0459827,0.0125621,0.012839
0.00804516,0.00532478,0.0028839,0.016863,0.00550997,0.00330209
0.0220249,0.014327,0.00794226,0.0480283,0.013439,0.0057352
0.0283445,0.0185611,0.0101952,0.0104066,0.00407124,0.0370134
0.0122681,0.00832043,0.00424557,0.0274001,0.00591028,0.00382417
0.0116233,0.00768254,0.00481095,0.027959,0.00723537,0.0196124
0.0105332,0.00757911,0.00525617,0.0126003,0.00398999,0.0102093
0.0176389,0.012166,0.00498024,0.0253312,0.00650449,0.00391101
0.00536003,0.00383426,0.0031776,0.0163837,0.0034288,0.00258255
0.0571618,0.0360326,0.0234704,0.0560804,0.0160464,0.0374181
0.0138174,0.00914892,0.00321499,0.0239595,0.00674799,0.0177838
0.0235265,0.0155472,0.00795584,0.02927,0.00858757,0.00802524
0.0211109,0.0138716,0.00760887,0.0298605,0.00751862,0.00319795
0.0518389,0.0214766,0.0158684,0.0855426,0.0218279,0.0202127
0.060364,0.0216578,0.0185399,0.0769374,0.0158655,0.0216939
0.0265114,0.0174131,0.0121544,0.0362896,0.00820155,0.0111386
0.00730674,0.00518771,0.001727,0.0158546,0.00262449,0.00633413
0.00847478,0.00590113,0.00350929,0.0133897,0.00322379,0.00282398
0.00683681,0.00462719,0.00147888,0.0193199,0.00550491,0.00747484
0.0174258,0.0125901,0.00988624,0.0156279,0.00537603,0.00394125
0.00857759,0.00584515,0.00355677,0.0156675,0.0036719,0.00205527
0.00603121,0.00432963,0.0023447,-2.36847e-05,0.00119146,0.00153724
0.00771008,0.00541933,0.00358937,0.00847263,0.00298035,0.00185913
0.0291698,0.0195513,0.0138899,0.061655,0.0133175,0.0140055
0.0130401,0.00897003,0.00388788,0.0215275,0.00588465,0.00243142
0.00895608,0.00625022,0.00665897,0.0196907,0.00490678,0.00408481
0.0184979,0.0120373,0.0113024,0.0354887,0.0087161,0.00746464
0.0159917,0.0107361,0.00724088,0.0137382,0.00237286,0.00832393
0.0153014,0.010464,0.00410289,0.0127121,0.00298345,0.00793238
0.00607422,0.00428023,0.00130267,0.0153249,0.00506151,0.00557592
0.021203,0.0147614,0.0175045,0.0571631,0.0156679,0.023636
0.0473295,0.0290904,0.0146884,0.0603518,0.0162633,0.0118542
0.0170322,0.0115681,0.00537799,0.0149827,0.00600635,0.00305012
0.0265146,0.0179057,0.0106302,0.0347307,0.0109815,0.0152115
0.015775,0.010462,0.0156181,0.0530393,0.0140172,0.0225057
0.00686941,0.00444706,0.00353022,0.0133198,0.00369739,0.00910097
0.0197395,0.0134751,0.0124401,0.0451845,0.0138152,0.0142989
0.0427442,0.0259936,0.0344339,0.144945,0.0387603,0.0528798
0.0155953,0.010798,0.0052811,0.0243953,0.00623283,0.0122167
0.0136372,0.00954867,0.00485827,0.0201808,0.00436932,0.00423324
0.00828047,0.00590484,0.00285583,0.0103435,0.00371934,0.00239489
0.0536854,0.0327699,0.0335871,0.170786,0.0465019,0.135966
0.0170069,0.0110195,0.00603665,0.0326667,0.00777182,0.00657449
0.00775354,0.00547979,0.00346904,0.0146093,0.00308854,0.00216623
0.0196653,0.0134758,0.00588686,0.0385535,0.00864349,0.0235069
0.00771945,0.00526107,0.00539483,0.0166386,0.0061639,0.00752481
0.0108102,0.00746637,0.0035264,0.0198852,0.00601305,0.00814369
0.0206407,0.0140611,0.00555605,0.0284095,0.00823375,0.0126177
0.0079053,0.0054944,0.00251822,0.0193752,0.00569148,0.00158198
0.00673564,0.004587,0.013196,0.0458336,0.0116779,0.00962121
0.0201058,0.0134267,0.00779001,0.0276702,0.00554323,0.00502608
0.0226004,0.0149578,0.0170779,0.0785847,0.0203345,0.0409627
0.0083414,0.00597612,0.00690371,0.020966,0.00542226,0.00929704
0.00924667,0.00597475,0.00332239,0.0358132,0.0130359,0.00828887
0.0237106,0.0156625,0.00646732,0.0481748,0.0098444,0.00391586
0.00495088,0.00323096,0.00187991,0.01496,0.00367003,0.00255886
0.0133428,0.0089819,0.00244684,0.0222389,0.00575694,0.00464071
0.0116179,0.00823669,0.00421872,0.0182699,0.00429846,0.00478952
0.0130126,0.00892456,0.00554822,0.0322015,0.00835294,0.00641478
0.017305,0.0118777,0.00623053,0.0214353,0.00446674,0.0146289
0.00768125,0.00511871,0.00286547,0.0128858,0.00443381,0.00259386
0.0161547,0.01126,0.00502346,0.0185972,0.00554774,0.00377788
0.0283414,0.0182812,0.0194556,0.0961662,0.0255532,0.0188398
0.0113453,0.00752485,0.00878049,0.0169321,0.00383291,0.00841509
0.0207614,0.0138101,0.00787917,0.00589379,0.00161671,0.0183604
0.0231634,0.0151417,0.00437363,0.0446145,0.010772,0.0072229
0.0172036,0.0115182,0.0063763,0.0360658,0.00898614,0.00727067
0.0326499,0.0194083,0.0117104,0.0368052,0.0105112,0.0128074
0.022838,0.0139573,0.00765459,0.0240701,0.00659055,0.00797993
0.0281995,0.0187428,0.00804979,0.0453979,0.013367,0.0103226
0.0102574,0.00692011,0.00362661,0.0130485,0.00346597,0.00785075
0.00796196,0.00534353,0.00176067,0.0219283,0.00512217,0.00771018
0.0195903,0.0126092,0.00997744,0.0349142,0.00913475,0.00648088
0.00952125,0.00618098,0.0096627,0.0492746,0.0127366,0.0228534
0.0131938,0.00900668,0.00656389,0.0267711,0.00727083,0.00515517
0.0214409,0.0143222,0.00751118,0.0534054,0.0139131,0.0190121
0.0150106,0.0106514,0.00543158,0.0141773,0.00589679,0.0305658
0.00775555,0.00550096,0.00447166,0.0486534,0.0116361,0.0082185
0.0145418,0.00966426,0.00379323,0.0172127,0.00486439,0.00495408
0.0151345,0.010202,0.00521767,0.0170985,0.00349958,0.00600202
0.00864723,0.00601974,0.00270234,0.0187325,0.00600395,0.00350106
0.0322926,0.0213531,0.00976741,0.0513919,0.0135807,0.0201317
0.00826232,0.00570163,0.0040306,0.0193425,0.00634609,0.011288
0.0219635,0.0143341,0.0281848,0.0881272,0.0235335,0.0315057
0.0326462,0.0201154,0.0125937,0.0902209,0.0240805,0.0207725
0.0159166,0.0109843,0.0107792,0.0346981,0.0105662,0.0215541
0.00724115,0.00510505,0.00177827,0.0134903,0.00371037,0.00957469
0.0181342,0.0121541,0.00487142,0.0414031,0.00968541,0.0202342
0.043984,0.0263504,0.0265307,0.119734,0.0284039,0.033472
0.00709038,0.00495942,0.00272454,0.00827881,0.00227977,0.00609051
0.0213452,0.0118258,0.0102273,0.041341,0.0127768,0.0127137
0.0206859,0.0117915,0.00972159,0.0363068,0.0109166,0.0113555
0.0181533,0.0120477,0.00440822,0.0293958,0.00922721,0.0128903
0.0282021,0.0188407,0.0108005,0.036943,0.0105837,0.0245839
0.0335724,0.021607,0.0188137,0.0947436,0.0235538,0.0383932
0.0147454,0.0104622,0.00566442,0.0095541,0.00177857,0.00999575
0.0201566,0.0138768,0.0092286,0.0441343,0.0134195,0.00638583
0.00843598,0.00595691,0.00503371,0.0113328,0.00198193,0.00704077
0.0321675,0.0206509,0.0151513,0.0534373,0.0129528,0.016279
0.0202485,0.0133811,0.0149173,0.0472015,0.0110717,0.0123388
0.00458906,0.00324615,0.00138966,0.0150733,0.00429099,0.00457688
0.036332,0.0246006,0.0112548,0.0508024,0.0135633,0.0211839
0.0181201,0.0120243,0.00506769,0.0236897,0.00742095,0.00329819
0.0158109,0.0106322,0.00662823,0.0359513,0.00992082,0.0161813
0.0274851,0.0177551,0.00765759,0.0410564,0.010737,0.0138813
0.0110502,0.00787775,0.0047445,0.0244322,0.00467566,0.00342008
0.00925293,0.00630521,0.0033984,0.0226025,0.00559533,0.00391931
0.00605817,0.00413792,0.00334052,0.0155096,0.00475203,0.00149027
0.0127811,0.00835725,0.00672613,0.0282169,0.00931663,0.00992884
0.0166968,0.0106631,0.00648765,0.0325985,0.00899876,0.00569148
0.0167311,0.0109052,0.00711484,0.0265642,0.0073713,0.00780308
0.0192102,0.0124818,0.0150628,0.0654733,0.0191761,0.0310008
0.00591949,0.0038829,0.0024082,0.0148043,0.00418973,0.00266031
0.0114872,0.00722436,0.00491551,0.0209216,0.00449119,0.007045
0.0426116,0.026232,0.0116834,0.0525943,0.0128678,0.0182169
0.029871,0.0187272,0.0167686,0.0752481,0.0177559,0.00837673
0.00689324,0.00475197,0.00674644,0.0129482,0.00323693,0.00362696
0.0139233,0.00897963,0.00560842,0.030426,0.00805631,0.00417835
0.0319989,0.017526,0.0148638,0.0608117,0.0163682,0.0237631
0.00744424,0.0051338,0.00257688,0.00207682,-0.000462172,0.00324445
0.0106129,0.0075161,0.00330471,0.015439,0.00349558,0.00344539
0.0242857,0.015462,0.00798638,0.0336817,0.00976464,0.0103101
0.0112568,0.00740754,0.00376323,0.0204219,0.00710884,0.00464233
0.0184529,0.0123667,0.00542974,0.0340945,0.00757808,0.00511764
0.00656325,0.00463647,0.00319388,0.0208512,0.00463547,0.00208354
0.00663099,0.00440416,0.00277079,0.0141192,0.00292975,0.00336004
0.0191458,0.0130693,0.010818,0.0503394,0.0125064,0.00855374
0.0335338,0.0219209,0.0173787,0.0776841,0.0200851,0.0167474
0.0191912,0.0128812,0.00838882,0.0517157,0.0155266,0.0601664
0.0226053,0.0137509,0.00970293,0.0425193,0.0118656,0.0139379
0.0374277,0.0234761,0.012218,0.0762849,0.0197637,0.0524234
0.0257582,0.0170109,0.0199902,0.0588294,0.0138941,0.00717088
0.0157028,0.0106482,0.00609185,0.038887,0.00932911,0.00682661
0.0107748,0.00737568,0.00534128,0.0231204,0.00554961,0.00547081
0.0121215,0.00792125,0.00417438,0.0136766,0.00506124,0.00514312
0.0160217,0.0113446,0.00466087,0.0165606,0.00211546,0.00721491
0.0113576,0.00707884,0.00281273,0.0289794,0.00632592,0.00865351
0.0120694,0.00811016,0.00525199,0.0193838,0.00484557,0.00638194
0.0169655,0.0117248,0.00556898,0.0403273,0.00832038,0.0101936
0.0679402,0.0390401,0.0282362,0.108783,0.028613,0.045896
0.0359806,0.0221732,0.0109013,0.0614017,0.0152505,0.0136022
0.0469343,0.0290705,0.0135425,0.0786056,0.0172302,0.0259951
0.0302253,0.0201086,0.00911289,0.050886,0.0140972,0.0210468
0.0240671,0.0163124,0.0074744,0.0352564,0.00940861,0.0175635
0.0198366,0.0119927,0.00738925,0.0392405,0.0111011,0.0096121
0.0223405,0.0139358,0.0091592,0.0390548,0.0123518,0.0153535
0.0405917,0.0251049,0.0262563,0.113607,0.0281663,0.0441686
0.0104835,0.00694149,0.00462759,0.00599358,0.0011791,0.00230032
0.0285155,0.0193139,0.0104885,0.0582788,0.0157284,0.0115683
0.0198979,0.00871412,0.00570728,0.0326778,0.00922587,0.00634572
0.0238757,0.0112454,0.00643165,0.0283491,0.00795848,0.00621194
0.027456,0.0184865,0.00986706,0.0385488,0.00931026,0.0246027
0.00502086,0.00341031,0.00161764,0.0112424,0.00394163,0.00421924
0.00807766,0.00519119,0.00224287,0.0169711,0.00257218,0.00420171
0.013233,0.00892001,0.00294374,0.0369437,0.0105542,0.00567134
0.0345383,0.018975,0.0306522,0.142034,0.0346989,0.0793306
0.0120077,0.00798097,0.00476407,0.0192291,0.00355741,0.00387868
0.0144672,0.00952297,0.00423932,0.0317868,0.00772079,0.0147253
0.00813556,0.00591394,0.00391331,0.0172111,0.00475856,0.00468504
0.0411434,0.025553,0.018399,0.0663878,0.0186188,0.0224619
0.0206528,0.0130906,0.00864912,0.039828,0.0118264,0.0116769
0.0124773,0.00895103,0.00443343,0.0222475,0.00716628,0.00640063
0.00879832,0.00633898,0.00264447,0.0245852,0.00685293,0.00204125
0.0145786,0.00965562,0.00587725,0.0285932,0.00599379,0.00394429
0.021235,0.0136979,0.00732189,0.0277807,0.00635445,0.0170301
0.0300232,0.0110523,0.0109643,0.0647331,0.0183406,0.0109993
0.012745,0.00895151,0.00237054,0.0187222,0.00462347,0.00753732
0.0236297,0.0152133,0.0217351,0.0799829,0.0231634,0.0226289
0.012305,0.00838735,0.0057193,0.0133622,0.00530701,0.0106373
0.0210989,0.0103249,0.0123972,0.0470575,0.0118412,0.0117737
0.0183575,0.00928502,0.00977061,0.0416099,0.00970234,0.00860838
0.00700088,0.00454727,0.00295548,0.0296743,0.0070128,0.0104324
0.052146,0.0318606,0.0137929,0.0765586,0.0204963,0.0103931
0.0188837,0.0128353,0.00571573,0.028625,0.00655967,0.0152014
0.00711597,0.00469441,0.00167049,0.0193386,0.00730435,0.00487851
0.0320794,0.0204341,0.0136578,0.0365633,0.00894117,0.0186975
0.026721,0.0176478,0.019764,0.113782,0.0294065,0.0475336
0.00770905,0.0053102,0.00354757,0.0397339,0.00898752,0.00908753
0.0421284,0.023838,0.0313714,0.183158,0.0481036,0.0643596
0.0169881,0.0110209,0.00653726,0.047548,0.0153621,0.0113742
0.0397641,0.025205,0.0120547,0.0678973,0.0170554,0.0294869
0.0160604,0.0110233,0.0058721,0.0289011,0.00786017,0.015017
0.00875285,0.0059773,0.00464661,0.0287957,0.00778467,0.0149222
0.0154513,0.0100386,0.00611572,0.0287121,0.00697866,0.00608981
0.0205703,0.013458,0.00699381,0.0212424,0.00695367,0.0110369
0.0287276,0.0188788,0.0209496,0.121142,0.0334056,0.055004
0.0160425,0.0106134,0.00712105,0.028244,0.00581734,0.00704553
0.0428053,0.0261835,0.013226,0.0672392,0.0175504,0.0226476
0.00709603,0.00514395,0.00182698,0.0245666,0.00619455,0.0120335
0.0125449,0.00863966,0.00462727,0.0180077,0.0048834,0.00476122
0.00538033,0.0038947,0.00203928,0.0167919,0.00391965,0.00157562
0.00860367,0.00602048,0.00341019,0.0328403,0.00739282,0.00543564
0.00950739,0.00622375,0.0029294,0.0165993,0.00390356,0.00241425
0.0220428,0.0148782,0.00655137,0.0412815,0.0101075,0.00562734
0.00673887,0.00477799,0.00550439,0.0232176,0.00667843,0.014709
0.0183195,0.0123429,0.00562735,0.0422539,0.0104618,0.00983992
0.011506,0.00818142,0.00364134,0.012022,0.00591069,0.00192987
0.0180458,0.0120524,0.00969714,0.0316055,0.00688857,0.00373205
0.00730096,0.00510455,0.00305815,0.0122604,0.00451483,0.00616547
0.0301821,0.019128,0.00879094,0.047197,0.011033,0.0290612
0.0206066,0.0137215,0.00816518,0.0280812,0.00784506,0.00523686
0.0232779,0.0147885,0.0131827,0.0474651,0.0136178,0.00935008
0.0169383,0.0112616,0.00518074,0.0333392,0.0086967,0.00980555
0.0104229,0.00743423,0.00349793,0.0233513,0.00671299,0.00614236
0.0171779,0.0117941,0.0118974,0.0492543,0.0125001,0.00913477
0.0163512,0.011109,0.00540426,0.0156227,0.00364403,0.0104393
0.0385147,0.0241435,0.0201167,0.10009,0.0248941,0.0212646
0.0389906,0.0219694,0.0225414,0.0702897,0.0170686,0.0373463
0.0120251,0.0082794,0.00640729,0.0413645,0.0124147,0.0122584
0.00718699,0.00516155,0.00326001,0.0184504,0.00388321,0.0042196
0.00892271,0.00619897,0.00331585,0.00493876,0.00341091,0.00374243
0.00834113,0.00594766,0.00316774,0.0160262,0.0050869,0.00151572
0.020755,0.0139489,0.00584007,0.0291827,0.0074964,0.0199825
0.0171627,0.0119329,0.00459151,0.0277661,0.0072366,0.00378967
0.00791008,0.00535883,0.0031404,0.0127215,0.00458812,0.00496056
0.017936,0.00730956,0.0121163,0.054293,0.016004,0.0148779
0.0182857,0.00720446,0.0123409,0.0535252,0.0154695,0.0141582
0.0365562,0.0174183,0.0192718,0.118558,0.0306664,0.0337895
0.0360177,0.017261,0.0173741,0.0936224,0.0204403,0.030131
0.0366993,0.0243233,0.0111837,0.0415597,0.00915209,0.0196532
0.0250009,0.0160532,0.023101,0.0929594,0.023771,0.0202816
0.0196454,0.0131929,0.00954629,0.0523131,0.0119827,0.0314058
0.00582245,0.00370926,0.00185176,0.0219504,0.00478701,0.00714108
0.0261381,0.0168968,0.00762708,0.035475,0.010349,0.00952401
0.0264955,0.0179815,0.00800592,0.0291744,0.00869203,0.0195501
0.00856611,0.00603486,0.00413509,0.0136622,0.00353036,0.00373493
0.0134613,0.00894304,0.00280268,0.0376806,0.0103014,0.0165628
0.011737,0.00818946,0.00453336,0.0259031,0.00563974,0.00246104
0.0147686,0.00997626,0.00505763,0.0272083,0.00736109,0.00739625
0.0109957,0.00738693,0.00577722,0.0153564,0.00356513,0.00449515
0.0103319,0.00726294,0.00470587,0.00493857,0.000576656,0.00573346
0.0197779,0.013165,0.00446359,0.029317,0.00817907,0.010407
0.0143108,0.0099782,0.00577088,0.0134937,0.00409667,0.00419044
0.0138154,0.00934632,0.0040302,0.0223128,0.00372654,0.005301
0.00967385,0.00674661,0.00760186,0.013664,0.00516947,0.00503241
0.04878,0.0290357,0.0139801,0.0390274,0.0110231,0.0168058
0.00931914,0.00623653,0.00370973,0.0201591,0.0036805,0.00310451
0.0296988,0.0169258,0.0131569,0.0155926,0.00527121,0.0183238
0.00998855,0.00682555,0.00382978,0.019903,0.00335582,0.00809251
0.0313283,0.0200518,0.0302591,0.124956,0.0340505,0.0214206
0.0145806,0.00997055,0.00449038,0.0190409,0.00371666,0.00690627
0.00489742,0.00362416,0.00696883,0.0421329,0.0111381,0.00383139
0.022468,0.016453,0.0191333,0.068385,0.0255236,0.039634
0.0443936,0.0248348,0.0537492,0.165516,0.0431905,0.0804075
0.00929506,0.00606521,0.00785324,0.0198449,0.00515779,0.00789478
0.0161081,0.0103941,0.013653,0.0911963,0.0243998,0.0595461
0.0138004,0.00959695,0.00698531,0.0266636,0.0070303,0.0155955
0.00747401,0.00533949,0.00296802,0.0127764,0.00450577,0.00505226
0.0236383,0.0153455,0.00810937,0.0317139,0.0082174,0.0124273
0.0399546,0.0238861,0.0268853,0.122511,0.0297239,0.0587591
0.010777,0.00726282,0.00344066,0.00741311,0.0019477,0.0117485
0.016465,0.0107734,0.00583887,0.0282306,0.00664091,0.00382774
0.013049,0.00911592,0.00452317,0.018417,0.00503163,0.0026915
0.0567138,0.0314108,0.0289969,0.12936,0.0339452,0.0589723
0.00916744,0.00601314,0.00369353,0.0111927,0.00335609,0.00815795
0.00804128,0.00567745,0.00369764,0.0144622,0.00439745,0.00741332
0.0211931,0.0143153,0.0234663,0.129516,0.0317543,0.023328
0.0071558,0.00479186,0.0035292,0.0219719,0.00439548,0.00408184
0.0055431,0.00373179,0.00328524,0.00102943,7.59953e-05,0.00638458
0.0124362,0.00853389,0.00600566,0.0200455,0.00536383,0.00295386
0.0140342,0.0093003,0.00535163,0.025246,0.00721275,0.0142101
0.0409845,0.0253715,0.0137234,0.0629778,0.0152715,0.0198679
0.0165127,0.0107706,0.00586921,0.0224638,0.00806986,0.0157592
0.0300448,0.0190447,0.0110265,0.0360364,0.00872108,0.00944319
0.0356232,0.019488,0.0125773,0.0667995,0.0167046,0.0155883
0.0122531,0.00844926,0.00347061,0.023527,0.0058826,0.00229622
0.0109308,0.0072122,0.00337025,0.0273184,0.00680025,0.00697318
0.0310219,0.0194748,0.0510634,0.135762,0.0336688,0.0492166
0.0115263,0.00776211,0.00510935,0.0138859,0.00665026,0.00255787
0.0399984,0.0249941,0.010305,0.0606363,0.0156849,0.0150418
0.0115213,0.00791233,0.00432908,0.0128231,0.0022645,0.00293494
0.00746946,0.00521777,0.00215747,0.0135588,0.00438379,0.000702901
0.00739628,0.00507654,0.00245758,0.00706288,0.00258804,0.00278189
0.00455519,0.00323135,0.00411666,0.0032443,0.00145975,0.00588538
0.0121695,0.00847721,0.0044499,0.0143827,0.0050433,0.00934379
0.00822624,0.00597348,0.00397522,0.0139809,0.00283485,0.00332469
0.00465466,0.00348352,0.00222374,0.0166038,0.00281601,0.00189931
0.0133453,0.00951408,0.00448392,0.0209372,0.00671799,0.00479644
0.00561561,0.00406574,0.00208021,0.00228344,0.00118892,0.00423383
0.0228294,0.0153756,0.00775584,0.0218588,0.0057701,0.00660385
0.0253244,0.0171419,0.0127505,0.0730267,0.0185371,0.028073
0.0536941,0.0312298,0.0432805,0.137592,0.0369345,0.083594
0.0110109,0.00755435,0.00369791,0.0268913,0.00814449,0.0112517
0.021507,0.0137998,0.0143428,0.0600434,0.0152536,0.0273705
0.0470486,0.026852,0.0288991,0.100215,0.0287533,0.0395337
0.0155182,0.0100409,0.00526387,0.022331,0.0052091,0.00478481
0.0318904,0.0204954,0.0280918,0.0341711,0.00845934,0.0561164
0.0056377,0.00400203,0.00142947,0.0132533,0.00416355,0.00278679
0.00530977,0.0039657,0.00228292,0.011082,0.00292593,0.00237127
0.00817437,0.00581712,0.00431495,0.0142597,0.0052345,0.000969372
0.0081465,0.005385,0.00265678,0.00622317,0.00336858,0.00276093
0.00862659,0.00589851,0.00178419,0.0285972,0.0113507,0.016875
0.0308156,0.0200687,0.00859203,0.0391824,0.011645,0.0145549
0.0188918,0.0128366,0.0230458,0.0579504,0.0157141,0.0253421
0.00760562,0.00530636,0.00382574,0.0208542,0.00546383,0.00370549
0.00896647,0.00586411,0.00234205,0.016302,0.00427042,0.00887875
0.0219172,0.0144846,0.00907791,0.053392,0.0126545,0.00956293
0.0188105,0.0131124,0.00666978,0.0420617,0.0101647,0.0080313
0.0189698,0.0126245,0.00558073,0.0295624,0.00985045,0.00500739
0.013192,0.00879735,0.0115266,0.0736754,0.0213697,0.0563935
0.0124025,0.00867283,0.00915018,0.0280336,0.00738777,0.0146067
0.0302244,0.0199638,0.0114411,0.0593729,0.0183919,0.0168934
0.0151816,0.0104232,0.0229689,0.0635534,0.0154876,0.0366764
0.00697537,0.00458665,0.00339035,0.0207233,0.00270304,0.0022119
0.0198857,0.0133067,0.00749023,0.0491628,0.012721,0.0114142
0.00809569,0.00547041,0.00991173,0.034678,0.00799314,0.0101879
0.019313,0.0127523,0.00507779,0.0339278,0.01023,0.00532216
0.00853018,0.00596438,0.00418858,0.0236001,0.0046368,0.00684009
0.00756559,0.00542137,0.00351282,0.00580644,0.00119429,0.00451487
0.0112218,0.00803653,0.00543039,0.0249665,0.00725293,0.00494079
0.0204837,0.0137822,0.00590313,0.0326318,0.00863814,0.0172198
0.00740493,0.00541037,0.00349159,0.0197589,0.00585122,0.0103496
0.00541379,0.00369292,0.00219474,0.00604355,0.00364866,0.00517763
0.0192514,0.0135574,0.00582416,0.0237553,0.00388724,0.00823128
0.00693883,0.00473645,0.00417556,0.0200378,0.0060389,0.00412897
0.0237133,0.0153144,0.0269674,0.0888593,0.0222325,0.0516037
0.00457654,0.00316017,0.00556353,0.0287863,0.00785207,0.00626139
0.0248594,0.0165645,0.00922066,0.0294213,0.00914889,0.00400187
0.0135059,0.0094276,0.00436614,0.0154373,0.00451444,0.00512957
0.0108961,0.00750746,0.00339321,0.0182552,0.00457248,0.0107695
0.0324676,0.0210558,0.0108829,0.055175,0.0152035,0.0104857
0.0218468,0.0150972,0.00744925,0.0410457,0.0106715,0.0134753
0.0473784,0.028673,0.0136644,0.0561292,0.0120068,0.0157952
0.00663755,0.0046537,0.00154067,0.0114447,0.00462621,0.00375601
0.0376221,0.0245359,0.0141758,0.0522666,0.011931,0.0146324
0.0253195,0.0162356,0.00894599,0.0352181,0.00950312,0.00566524
0.01031,0.00715254,0.00184551,0.015208,0.0042914,0.00403689
0.0207143,0.0139784,0.00658496,0.0328972,0.00783552,0.0056488
0.0144675,0.00989494,0.0127884,0.0441961,0.0117301,0.0129114
0.0069143,0.00464919,0.00701584,0.0521077,0.0133288,0.0270151
0.0174611,0.0117869,0.00665923,0.031598,0.00705201,0.0100411
0.0153176,0.0104771,0.00518706,0.0300506,0.00590219,0.018927
0.00821941,0.00552408,0.00613843,0.0109774,0.00363584,0.00710938
0.00690079,0.00480181,0.0123239,0.039378,0.0101189,0.00824295
0.030664,0.0182361,0.0300579,0.161738,0.0466173,0.0630155
0.0238786,0.0156505,0.0109347,0.0554759,0.0147737,0.0103334
0.0201897,0.0117033,0.0342475,0.126023,0.0313152,0.017446
0.0186106,0.0125294,0.00923641,0.0339009,0.00914757,0.00850886
0.0132495,0.00936261,0.00269661,0.0207205,0.0062999,0.0179566
0.00931659,0.00618759,0.00263099,0.0198445,0.00480437,0.012585
0.00951879,0.00653178,0.00405828,0.00788526,0.00303257,0.00549596
0.00562161,0.00415846,0.00302444,0.0074831,0.0027148,0.0019712
0.0327645,0.0202454,0.014313,0.0700241,0.0165031,0.0212868
0.0079862,0.00545848,0.00219816,0.00964516,0.00234591,0.00454289
0.00834972,0.00547238,0.00134016,0.0105519,0.00473958,0.00466231
0.0202371,0.0135985,0.0122839,0.0532433,0.011683,0.010477
0.0599303,0.0364204,0.020257,0.142696,0.0346354,0.0277726
0.029429,0.0124959,0.00902799,0.0457504,0.00860078,0.0112665
0.0121132,0.00829235,0.00447411,0.0169136,0.00472915,0.00457212
0.0312306,0.0192639,0.0349265,0.161363,0.0467167,0.0611544
0.0134742,0.00914658,0.00424513,0.0230825,0.00697048,0.00246532
0.00452718,0.00314831,0.00233576,0.013241,0.00212501,0.00692997
0.0195511,0.0136545,0.0051082,0.0230856,0.00708941,0.0104777
0.0224607,0.0147715,0.00666468,0.0377127,0.0108703,0.0139184
0.0234989,0.0163216,0.00536475,0.0359225,0.00731197,0.0207961
0.0227182,0.0124808,0.00902151,0.0418523,0.0115807,0.0197166
0.0235152,0.0125779,0.0119246,0.0557746,0.0138802,0.0204723
0.0255601,0.0167397,0.0117629,0.0800203,0.0177653,0.0105031
0.009655,0.00648452,0.00375767,0.0117047,0.00369678,0.00463091
0.0562326,0.034379,0.0514488,0.230969,0.0558315,0.0801735
0.0261455,0.0168791,0.00833272,0.0380061,0.00943406,0.00709709
0.00674567,0.0047151,0.00229759,0.0184995,0.00475396,0.00252042
0.0224011,0.0146631,0.00664622,0.0321609,0.00750474,0.00915455
0.0109847,0.00760919,0.00436455,0.0223187,0.00587764,0.00910674
0.00551739,0.00379512,0.00514746,0.0139896,0.00301949,0.00321444
0.017588,0.0116228,0.00521935,0.0539827,0.0127164,0.0218108
0.0129223,0.0091352,0.00396144,0.0159949,0.00443777,0.00735584
0.0189027,0.00899658,0.00904548,0.0403536,0.00921661,0.0101106
0.0169471,0.00648885,0.00761171,0.0305289,0.00697391,0.0102002
0.0154772,0.0105101,0.00691032,0.0306639,0.00701726,0.00821207
0.0130388,0.00904665,0.0055343,0.0225763,0.00430012,0.00198688
0.0186199,0.0124031,0.00851327,0.031372,0.0073904,0.0177445
0.0277845,0.0176847,0.0260475,0.0775174,0.020262,0.0283304
0.024886,0.0166473,0.00951112,0.0383668,0.0111326,0.0166507
0.0146225,0.00937613,0.00640109,0.0249993,0.00641781,0.00168169
0.00866196,0.00599424,0.00217722,0.0131405,0.00297194,0.0072547
0.0231103,0.015186,0.00626105,0.0233749,0.00762568,0.00838005
0.0058947,0.00408605,0.00163692,0.0115642,0.00415161,0.00316909
0.0102329,0.00700768,0.00525708,0.019993,0.00549734,0.00765783
0.018122,0.0126251,0.0106166,0.028551,0.0075992,0.00798435
0.0065651,0.00459991,0.00381011,0.013065,0.00464078,0.00502715
0.00766704,0.00531615,0.00175612,0.0191526,0.00354867,0.00224952
0.018514,0.0128972,0.0141564,0.057587,0.0143921,0.0120838
0.010521,0.00751624,0.00331593,0.0196809,0.0045178,0.00760279
0.0157783,0.0108267,0.0032899,0.0241567,0.00589256,0.0115656
0.0239394,0.0164681,0.00671262,0.0410516,0.0113655,0.00985492
0.0154999,0.0108917,0.00623153,0.0284568,0.00756761,0.00572494
0.0229751,0.0150796,0.00810395,0.0357978,0.00941643,0.00669703
0.0462067,0.0293598,0.020647,0.0723671,0.0200691,0.0234033
0.0479013,0.0278405,0.0325012,0.133112,0.0328196,0.0395025
0.0147206,0.0104026,0.00512744,0.027917,0.00693922,0.00396637
0.0258814,0.0168693,0.03232,0.111623,0.0281665,0.0330379
0.0197685,0.0134593,0.0096534,0.0477955,0.0139024,0.0129101
0.0153342,0.00609911,0.00652904,0.032459,0.00877395,0.00767572
0.0157529,0.00630575,0.00703302,0.028797,0.00636703,0.00872152
0.0368975,0.0225281,0.0129697,0.0739629,0.0203679,0.0343709
0.0144831,0.00985884,0.0129511,0.0337329,0.0110678,0.00784319
0.00678659,0.00488583,0.0061837,0.0118069,0.00280184,0.00363078
0.0493157,0.0266773,0.0156345,0.0621971,0.0158106,0.0192526
0.0403672,0.0247122,0.0125194,0.0374213,0.00519557,0.0130751
0.00951211,0.00679094,0.00328473,0.00884308,0.00333789,0.00387065
0.0183021,0.0121312,0.00705279,0.0269748,0.00541878,0.0140859
0.0167752,0.0115267,0.00543961,0.0348224,0.00753518,0.00630918
0.0269579,0.0168399,0.0100826,0.0583599,0.0147404,0.0160245
0.00585046,0.00379689,0.00260108,0.0188529,0.00366929,0.00328762
0.0520863,0.031058,0.0237139,0.141381,0.0349857,0.107419
0.0142171,0.00967712,0.00363352,0.0195277,0.00477313,0.0119614
0.0248696,0.0168314,0.0142596,0.0452603,0.012118,0.00762421
0.016016,0.0110784,0.00583771,0.0105178,0.0011731,0.00386073
0.0259272,0.0168375,0.00803363,0.0424731,0.00988878,0.0148873
0.00859273,0.00611766,0.00295031,0.00837702,0.00355477,0.00211777
0.0514537,0.0235939,0.0236744,0.101843,0.0277424,0.035748
0.0276648,0.0161411,0.0101488,0.0410418,0.0118974,0.0069486
0.0241224,0.0140603,0.00555153,0.0411308,0.0107583,0.00771044
0.0170759,0.011716,0.00611776,0.0325344,0.00821186,0.0139633
0.0368865,0.0235301,0.0218346,0.0792918,0.0221651,0.0382573
0.0132349,0.00901617,0.00455498,0.0284352,0.00588877,0.00605816
0.0218429,0.0145391,0.00453815,0.0400641,0.00935093,0.00978602
0.0403035,0.0201193,0.0177447,0.0950681,0.0237707,0.020828
0.00548982,0.00401108,0.00205334,0.0142528,0.00343356,0.00291363
0.012521,0.0084741,0.00557501,0.0230794,0.00653838,0.00967317
0.0159476,0.010917,0.00503757,0.0214105,0.00557418,0.00588092
0.00802623,0.00548543,0.0128856,0.0311991,0.00785335,0.0034899
0.010974,0.00759003,0.00289175,0.0169296,0.00512231,0.00410641
0.0125732,0.00900365,0.0100381,0.0278193,0.00691601,0.0110063
0.00916417,0.00631134,0.00377707,0.0227633,0.00730908,0.00568864
0.0232212,0.014709,0.0179488,0.0647983,0.0168153,0.0280591
0.00552012,0.00385219,0.00245722,0.0118735,0.00163684,0.00173035
0.0292266,0.0184613,0.0123908,0.0643959,0.0167987,0.0177725
0.00700259,0.00501006,0.00429804,0.0130883,0.00318982,0.00210319
0.0120134,0.00830942,0.0030204,0.0288113,0.00708585,0.0102043
0.0278873,0.0185129,0.00537605,0.0416227,0.01055,0.0222903
0.0257464,0.0174265,0.0069047,0.0441855,0.0114415,0.0130483
0.0244654,0.0159549,0.0109606,0.052528,0.0156863,0.0150906
0.0236245,0.0161288,0.00865808,0.0514854,0.0137597,0.0172053
0.009875,0.00654812,0.00324081,0.0117654,0.00251898,0.00346963
0.0114485,0.00771598,0.00472147,0.00360892,-3.60087e-05,0.00609879
0.0278872,0.0176274,0.0419295,0.161056,0.0444953,0.0739056
0.0651201,0.0323826,0.0530004,0.19348,0.0521036,0.0805403
0.00672113,0.00431457,0.00426549,0.0113717,0.00341489,0.0022099
0.0287536,0.0189076,0.0123379,0.0572343,0.0142985,0.0125847
0.0105221,0.0074741,0.00377349,0.00950344,0.00359172,0.00252342
0.0130123,0.00858902,0.00543213,0.0197938,0.00461703,0.00564842
0.0330254,0.0220271,0.0103293,0.0623318,0.0159238,0.0104604
0.0353127,0.0236882,0.0114783,0.0306145,0.00784652,0.0127956
0.0200456,0.0132061,0.00567223,0.038213,0.0098634,0.00362805
0.0116935,0.00800252,0.00465358,0.01754,0.00535712,0.00423644
0.0106033,0.00747597,0.00513748,0.0249026,0.00527122,0.00342404
0.0173676,0.0112378,0.00676974,0.0327425,0.00807429,0.00883188
0.00603685,0.0038375,0.00188557,0.0132039,0.00273498,0.00587073
0.0608061,0.0320131,0.0273228,0.107279,0.0294499,0.0515288
0.00939406,0.00643595,0.00265248,0.0258864,0.00748292,0.00521898
0.0367057,0.0243421,0.0124716,0.0538772,0.011341,0.013082
0.0337439,0.0201729,0.0124385,0.0470747,0.0128043,0.00923015
0.0314228,0.0202176,0.0114064,0.0408082,0.00931828,0.00826645
0.014422,0.00998003,0.0047024,0.0260884,0.00574974,0.0143288
0.0144328,0.00985449,0.00829326,0.0276754,0.0070891,0.00460406
0.0156784,0.010061,0.0131229,0.0563896,0.0152764,0.0202437
0.0261027,0.0165281,0.0148447,0.0582608,0.0137319,0.0120501
0.00667067,0.00474375,0.00206976,0.0136983,0.002224,0.00519317
0.00684156,0.00487556,0.00344465,0.0145784,0.00180509,0.00447235
0.0215031,0.0146134,0.00772795,0.0414286,0.00901207,0.0217516
0.0308045,0.0205051,0.0195091,0.0689682,0.0178219,0.0357236
0.0141967,0.0093219,0.00930464,0.0498617,0.013514,0.00947368
0.0276462,0.0148767,0.00980611,0.0451444,0.0128829,0.0107068
0.0127927,0.0088706,0.00581277,0.026601,0.00725832,0.00776347
0.0811742,0.0288214,0.0335906,0.165968,0.0434105,0.0496399
0.0172933,0.0113596,0.0101573,0.0528469,0.0128438,0.010338
0.0206681,0.014188,0.0151423,0.0593033,0.0150053,0.0177353
0.00556548,0.00395496,0.00336976,0.0161353,0.00361291,0.00272798
0.0240699,0.0164109,0.00892884,0.0395229,0.0107673,0.0436154
0.0139515,0.00926609,0.00452395,0.020876,0.00721245,0.00898129
0.0292217,0.0183642,0.0104905,0.0389555,0.0100738,0.0178021
0.0140413,0.00904309,0.0242551,0.0831675,0.0193973,0.0389401
0.0223852,0.0151208,0.00936662,0.0319696,0.00853796,0.00976105
0.0518525,0.0311468,0.0233803,0.0919522,0.0246659,0.0255706
0.0356402,0.0214624,0.02359,0.130045,0.034715,0.0724859
0.00740679,0.00506058,0.00299049,0.017629,0.00401514,0.00515802
0.0316142,0.0205101,0.0121898,0.0578275,0.0147193,0.00753378
0.0406082,0.0260806,0.0118912,0.0287559,0.00654948,0.0104002
0.0126401,0.0079348,0.0100337,0.0349735,0.0113298,0.00635736
0.0117731,0.00695525,0.00690369,0.0313225,0.00753428,0.00698763
0.0392791,0.0246997,0.0140721,0.0605908,0.0164001,0.0325213
0.00792599,0.00547829,0.00280303,0.0137008,0.00367247,0.00263045
0.0179437,0.0117564,0.00539082,0.0344477,0.0101872,0.0137647
0.0155728,0.00913412,0.00612455,0.0276316,0.00779486,0.0118077
0.030512,0.0187662,0.00860802,0.0262557,0.00706411,0.00931094
0.0342343,0.0197553,0.0193623,0.104845,0.0276715,0.0260889
0.0266984,0.015713,0.00689233,0.0448385,0.0102829,0.00856298
0.0111786,0.00805991,0.00450097,0.0123433,0.00535488,0.00240381
0.011101,0.00763855,0.00424153,0.0233898,0.00416057,0.00777
0.0103645,0.00742905,0.00477186,0.0237428,0.00655069,0.00896321
0.00935145,0.00672795,0.00382438,0.0232224,0.00530427,0.00379497
0.00719773,0.0048525,0.0034196,0.0206299,0.00555265,0.0115555
0.00907626,0.00617258,0.00352826,0.0188096,0.00427861,0.00783014
0.0207661,0.0138736,0.0071215,0.035927,0.0102465,0.0115693
0.0053335,0.00350501,0.00180571,0.014668,0.00674276,0.00797187
0.0243976,0.0146888,0.00926445,0.0545806,0.0124205,0.0140834
0.013214,0.009149,0.00472639,0.0165682,0.00381212,0.00395141
0.0212428,0.0141173,0.00828247,0.031902,0.0117198,0.00994571
0.022596,0.0144378,0.00842698,0.0261229,0.00645784,0.00623225
0.0192149,0.00975413,0.00777372,0.0435436,0.0141531,0.00727089
0.0304093,0.0176001,0.0132194,0.043151,0.0116226,0.00524978
0.01636,0.0108432,0.0060859,0.021871,0.00651145,0.0041699
0.0259638,0.0172049,0.0086742,0.0280731,0.0074567,0.0121525
0.00981313,0.00680668,0.00431245,0.0147922,0.0031379,0.00352638
0.0247781,0.0165793,0.00815826,0.0370434,0.0111077,0.0127468
0.0118067,0.00848792,0.00347529,0.0218121,0.0041538,0.00577416
0.0171309,0.0113778,0.00347296,0.033899,0.00802547,0.00482995
0.0252086,0.0171562,0.00798624,0.0336175,0.0091541,0.0141278
0.0194793,0.012322,0.00619086,0.0208279,0.00572267,0.00606934
0.0232114,0.0129961,0.00650927,0.0149825,0.00314442,0.00482535
0.0131611,0.00871169,0.00318029,0.0186918,0.00414434,0.00458953
0.0223883,0.0148201,0.00639907,0.0299754,0.0094319,0.0136765
0.00872602,0.00581955,0.00316305,0.028291,0.00540461,0.00457262
0.042211,0.0262376,0.0137188,0.0588933,0.0144088,0.0116177
0.0234703,0.0153866,0.0114563,0.0661605,0.0157854,0.0158417
0.00492999,0.00360953,0.00265114,0.0157354,0.00356802,0.00355179
0.0354934,0.0230951,0.01061,0.0432031,0.00947459,0.0112342
0.011613,0.00818955,0.00571129,0.0271141,0.00694352,0.00622989
0.031628,0.0212781,0.0115061,0.0609825,0.0189761,0.0552169
0.0153985,0.0105293,0.00433941,0.013487,0.00304903,0.00492238
0.0115156,0.00814313,0.00421087,0.0136392,0.00325051,0.00505766
0.0220699,0.00946566,0.0079216,0.0535162,0.0142178,0.0194106
0.0404003,0.0233982,0.0146352,0.0774209,0.0169727,0.0230512
0.00712771,0.00526501,0.00379162,0.0135475,0.00320903,0.00258162
0.0447046,0.0229565,0.0279016,0.14523,0.0413344,0.0637843
0.00771676,0.00563419,0.00355273,0.0307412,0.00739732,0.00587238
0.00456436,0.00326464,0.00279752,0.00644069,0.00162716,0.00276195
0.0292163,0.0190353,0.0094373,0.0468227,0.00951197,0.0218226
0.00691382,0.00489287,0.00347961,0.0133722,0.00285017,0.00346698
0.0116381,0.00784286,0.00349921,0.0156992,0.00490688,0.00469428
0.023021,0.0103253,0.00981892,0.0544091,0.0167225,0.015724
0.0423168,0.0159091,0.0147116,0.0897678,0.0227233,0.0280774
0.0330785,0.0158716,0.0110053,0.0722931,0.0164096,0.0260067
0.00801343,0.0052125,0.00352832,0.0113083,0.00433715,0.00659749
0.00568254,0.00393456,0.00379863,0.0123792,0.00552628,0.00202117
0.0311484,0.0211477,0.0132527,0.045316,0.0128275,0.0109173
0.0100327,0.00694377,0.00382806,0.0272911,0.00786772,0.0122659
0.0127366,0.00866059,0.00842725,0.0386233,0.00748789,0.00324525
0.005978,0.00432444,0.00565742,0.0278661,0.0080435,0.00571982
0.0167292,0.0113971,0.00462791,0.0179511,0.00576495,0.00437311
0.0334652,0.021128,0.0110583,0.0379679,0.00749425,0.0168014
0.0228918,0.0138161,0.0292156,0.138914,0.0326649,0.054127
0.0141532,0.009651,0.00730047,0.0232356,0.00691808,0.0178194
0.0115792,0.00812666,0.00610299,0.0254045,0.0078532,0.00464435
0.0288032,0.0187062,0.00832859,0.0360204,0.00995596,0.0157272
0.03694,0.0228197,0.0291656,0.111695,0.027864,0.0345997
0.0111808,0.00754872,0.0122794,0.042837,0.0105738,0.0204431
0.029143,0.0187624,0.00937593,0.0379246,0.0108781,0.0137275
0.00980135,0.00675053,0.00427599,0.0184643,0.00492717,0.0106253
0.0097961,0.00671488,0.00235759,0.0188423,0.00644595,0.00414041
0.00734832,0.00503531,0.00199639,0.0112778,0.00380299,0.00263524
0.0250005,0.016287,0.0070579,0.0425768,0.0112575,0.0163127
0.0107399,0.00736973,0.00399612,0.0118847,0.00342407,0.00443513
0.0203796,0.0141386,0.00707168,0.0230835,0.0050322,0.00622572
0.044187,0.0281901,0.0162217,0.0557581,0.013951,0.0190451
0.0260376,0.0170964,0.0225124,0.103213,0.0266761,0.0183029
0.0181144,0.0120149,0.0157717,0.0815593,0.0186181,0.0170221
0.013638,0.00959791,0.0049768,0.0266603,0.00690011,0.00493662
0.0230566,0.015427,0.00895852,0.0389582,0.0100211,0.00819169
0.0153302,0.0103096,0.00461923,0.0246437,0.00730709,0.0112189
0.0111995,0.00784197,0.0043211,0.0198499,0.0052686,0.00813975
0.0150193,0.0100226,0.00491982,0.0187512,0.00404894,0.00454071
0.0192903,0.0124792,0.0102411,0.0710673,0.0177129,0.0212342
0.0258281,0.0175016,0.00623367,0.0385314,0.0104962,0.00865405
0.0254664,0.0172365,0.00922625,0.0276495,0.00656281,0.0152344
0.0106485,0.00738902,0.00372892,0.0181893,0.0055732,0.0114209
0.00690603,0.00473433,0.00208725,0.010354,0.0029381,0.00297826
0.0314609,0.0197974,0.0176396,0.079493,0.0201137,0.0261531
0.0396826,0.0241971,0.0129623,0.059676,0.0155124,0.0187828
0.0304899,0.0114797,0.0182128,0.0870345,0.026892,0.0358635
0.0435195,0.0216228,0.0370854,0.149618,0.0367385,0.0473139
0.0076106,0.00481726,0.00340121,0.0191601,0.00451258,0.00284516
0.00965002,0.00710931,0.00327962,0.0113493,0.00266229,0.00376085
0.00916529,0.00640125,0.00402908,0.0185036,0.00536322,0.0110862
0.0111526,0.00776206,0.00407952,0.0163481,0.00463434,0.00238804
0.0174621,0.0118878,0.0122383,0.0374846,0.00898103,0.00509968
0.0249786,0.0156848,0.0222555,0.131408,0.0353318,0.043133
0.0248714,0.0156952,0.0312159,0.160741,0.0408245,0.0566957
0.0241871,0.0164888,0.00865091,0.0330116,0.00900432,0.00744066
0.0110824,0.00792223,0.00409429,0.0141131,0.00353637,0.00735217
0.0124817,0.00828126,0.00363176,0.0246896,0.00495548,0.00487603
0.0263419,0.0164423,0.0215236,0.113732,0.0280674,0.0467598
0.0277248,0.0183625,0.0135003,0.0389948,0.0104446,0.00517268
0.00660625,0.00446425,0.00168187,0.0155363,0.0045846,0.00285699
0.0307559,0.0118277,0.0105768,0.0620695,0.0177499,0.0154942
0.0406261,0.0208727,0.0121724,0.0612708,0.0140634,0.013498
0.0148539,0.00998261,0.00858149,0.0471298,0.0113476,0.0192402
0.0156365,0.0104408,0.00509989,0.0327568,0.00884804,0.0135374
0.00875743,0.00611615,0.00264249,0.0142056,0.00478383,0.00472431
0.0141074,0.00969225,0.00787699,0.018685,0.005391,0.0118238
0.0117446,0.00817494,0.00456529,0.0156102,0.00439836,0.00374015
0.0180704,0.0119064,0.00557709,0.0378389,0.00961211,0.0102026
0.0053054,0.00374589,0.00290829,0.00950742,0.00366117,0.00129432
0.0334479,0.021295,0.0109489,0.0369135,0.0101746,0.0202053
0.0102901,0.00655634,0.00257403,0.0269211,0.00512999,0.00223664
0.005083,0.00350584,0.00221886,0.0187132,0.00306079,0.00339378
0.0266394,0.0172537,0.0299143,0.223916,0.0597974,0.0679793
0.0219174,0.0116565,0.0484378,0.156128,0.0427257,0.0459628
0.00531624,0.00356473,0.00393993,0.0130607,0.00463152,0.00139558
0.0251427,0.0116352,0.00982282,0.0686075,0.0165084,0.0374759
0.0416279,0.0246756,0.0119587,0.0627244,0.0159313,0.0150496
0.0114771,0.00808065,0.00516977,0.0168611,0.00517786,0.00673866
0.0112043,0.00812537,0.00603288,0.0241172,0.00589257,0.00634307
0.0316139,0.0207699,0.0132122,0.0521105,0.0124219,0.0272598
0.035674,0.0224378,0.0110247,0.0512849,0.0149775,0.0201843
0.0214061,0.0143644,0.00608177,0.0369219,0.00822899,0.00540647
0.00769735,0.0054204,0.0035232,0.0160188,0.00442539,0.00559083
0.0177448,0.0115286,0.0106105,0.0533003,0.013339,0.0176489
0.00460563,0.00358919,0.00235201,0.0117175,0.00246517,0.00509672
0.0388945,0.025061,0.0101121,0.0533622,0.0155141,0.0182739
0.00966745,0.00422969,0.00668955,0.0327256,0.00888386,0.00644024
0.021454,0.0144388,0.00864336,0.0297683,0.00834514,0.00732796
0.0135078,0.00924468,0.00570281,0.0330032,0.00878304,0.0116597
0.0223456,0.0145561,0.00755498,0.0372792,0.0099214,0.0250581
0.0120279,0.00792764,0.00504365,0.0304675,0.00709837,0.00653697
0.0167763,0.0114587,0.00498455,0.0212796,0.00462719,0.00546638
0.0272282,0.0177703,0.0157062,0.0517304,0.0168555,0.0171359
0.0229931,0.0146811,0.0244221,0.0842184,0.0250666,0.0380019
0.0129344,0.0083422,0.00460558,0.0309562,0.00768623,0.00947207
0.0229001,0.0156613,0.00915845,0.0590746,0.0138963,0.0118863
0.00794354,0.00442793,0.0058644,0.0276722,0.00959677,0.0141279
0.0379494,0.0239213,0.014428,0.0624297,0.0157352,0.0444081
0.0174844,0.00829218,0.00554926,0.0427301,0.01029,0.0108195
0.0472361,0.0252691,0.0175571,0.0757278,0.0197923,0.0200631
0.0163739,0.0110968,0.0054853,0.0179272,0.00447375,0.00530132
0.00902161,0.00588968,0.0041857,0.0142557,0.00518064,0.0117123
0.00529459,0.00382709,0.00247964,0.0174387,0.00423669,0.00318868
0.0357025,0.0223339,0.015467,0.0734499,0.0196818,0.0315302
0.0148395,0.00983655,0.00434755,0.0168924,0.00365643,0.00437629
0.0288236,0.0189199,0.0112475,0.0525691,0.0169709,0.0251453
0.0076117,0.00514349,0.00280907,0.0120054,0.00408899,0.00401411
0.0082084,0.00574245,0.00277331,0.0199989,0.00422806,0.00419854
0.0322436,0.0192619,0.0320233,0.135092,0.0370714,0.0659247
0.0432126,0.026512,0.0131709,0.0691814,0.0162333,0.0128111
0.00555173,0.00403859,0.00225208,0.0103379,0.00372849,0.00193503
0.00668305,0.00492953,0.00154904,0.0159674,0.0060358,0.00451405
0.056777,0.0331878,0.029356,0.124411,0.0317746,0.0714465
0.0153463,0.0105728,0.00535369,0.0252583,0.0047043,0.0191571
0.00631134,0.00430464,0.00441599,0.0197684,0.00482205,0.00268183
0.0275602,0.0177428,0.0107808,0.0599643,0.0162951,0.0135364
0.0355983,0.0226687,0.00957583,0.0560941,0.0131752,0.0167131
0.0108763,0.00756336,0.00411379,0.0265034,0.00796193,0.0102931
0.0105759,0.00709253,0.00371151,0.0324206,0.00767033,0.00618538
0.0124432,0.00578064,0.00512421,0.028668,0.00853003,0.00589058
0.015092,0.00853171,0.00616563,0.0341227,0.00694355,0.00257983
0.00616246,0.00451966,0.00223403,0.00976875,0.00195347,0.000834375
0.0143899,0.00972991,0.00816427,0.0187937,0.00379334,0.00915713
0.0106043,0.00758871,0.00374454,0.0213382,0.00428276,0.00332809
0.0101307,0.00661326,0.00398266,0.0152862,0.00424172,0.00674238
0.00852441,0.00598393,0.00276856,0.012751,0.00466569,0.00459338
0.0131822,0.00887435,0.00396526,0.0126206,0.00282564,0.00145379
0.0121542,0.0086124,0.00345233,0.0191493,0.00563545,0.00319045
0.0307193,0.0196173,0.0102977,0.0396142,0.0117738,0.020094
0.0193617,0.0130253,0.0067021,0.0240845,0.0058091,0.00419007
0.0203529,0.0139706,0.00608153,0.0272414,0.00704675,0.00800921
0.0175819,0.0115586,0.00519358,0.0310822,0.00793046,0.00715445
0.011251,0.00736573,0.00389166,0.0181278,0.0058629,0.00250311
0.0277718,0.0174446,0.0281658,0.112537,0.0279125,0.0383081
0.0395816,0.025018,0.0130546,0.0486265,0.0130945,0.0310757
0.027831,0.0166168,0.00934596,0.0421823,0.0129974,0.0236243
0.00931033,0.0060676,0.0132156,0.0391759,0.00982341,0.00788147
0.00504082,0.00343018,0.00332536,0.00284832,0.00213528,0.012888
0.0227651,0.0152932,0.0165278,0.0616949,0.0157373,0.02601
0.0225507,0.0147413,0.0099101,0.0541871,0.0130817,0.0214624
0.0219952,0.00990423,0.0132965,0.0709577,0.0171496,0.036742
0.0226968,0.00983604,0.0118595,0.0471744,0.0106645,0.0256318
0.0423199,0.0243403,0.0453801,0.0971855,0.0250611,0.0336039
0.0220622,0.0145343,0.0150424,0.0835099,0.0208535,0.0158028
0.0189957,0.0131935,0.00591467,0.0245952,0.00606926,0.00655296
0.00412843,0.00309475,0.00181407,0.0142598,0.00307838,0.000787384
0.00451348,0.00328281,0.00278125,0.0143977,0.00384837,0.00609275
0.00744257,0.00534899,0.00207678,0.0105992,0.00345877,0.00545498
0.0153899,0.0100716,0.00710465,0.0217902,0.00625503,0.00927649
0.0248471,0.0161223,0.00869146,0.0427922,0.0092684,0.00505117
0.0232314,0.0154042,0.00789063,0.0395868,0.0109019,0.00570599
0.0371143,0.0228563,0.015839,0.062848,0.014833,0.0170445
0.00993068,0.00667559,0.00533313,0.0216595,0.00540288,0.0059295
0.0165247,0.011367,0.00786604,0.0312952,0.00918637,0.00929078
0.00832189,0.00600102,0.00276028,0.0130456,0.00351608,0.00614119
0.0122875,0.00803374,0.00333652,0.021908,0.00459677,0.00864808
0.00765123,0.00528917,0.00315048,0.00976363,0.00260516,0.00328244
0.0131414,0.00923102,0.00883259,0.00828321,0.00432598,0.00455708
0.00693614,0.00482441,0.00380438,0.00807406,0.00204523,0.00389943
0.0105033,0.00747397,0.00397945,0.0230754,0.00574034,0.00810621
0.015875,0.0110132,0.00633446,0.0441616,0.0119777,0.0115299
0.0306413,0.0145469,0.0110641,0.0551488,0.0136682,0.014578
0.0149177,0.00931017,0.00731089,0.0270199,0.00702815,0.00436382
0.016533,0.00919709,0.00775654,0.0266031,0.00711443,0.00539045
0.0235627,0.0155792,0.0066208,0.0369727,0.00878877,0.00415079
0.0098852,0.00658093,0.00368118,0.0132903,0.00257627,0.00341663
0.00802294,0.0053827,0.00676826,0.0194888,0.00587405,0.00396761
0.00560841,0.00427491,0.00780663,0.037022,0.0106261,0.0115247
0.0182894,0.01252,0.00582746,0.0266568,0.00650683,0.0108093
0.0140432,0.009685,0.00721418,0.0229031,0.00618511,0.015025
0.0128343,0.00881901,0.00589925,0.0335835,0.00893582,0.0168046
0.00559326,0.00373069,0.00210884,0.0155553,0.0037774,0.00508494
0.0167383,0.0108661,0.00672679,0.0246348,0.00716159,0.00857669
0.0107573,0.0074582,0.00468701,0.0184551,0.0053851,0.00429542
0.0136068,0.00975067,0.00482513,0.0196937,0.00647403,0.0067053
0.0066694,0.00453747,0.00267028,0.0219425,0.00543024,0.0102661
0.0307567,0.0193705,0.0109113,0.0444437,0.0119518,0.0048863
0.0108299,0.00783359,0.00435075,0.0162212,0.00537218,0.00511388
0.00637373,0.00448688,0.00337102,0.0196846,0.00569042,0.00351352
0.0152598,0.0103994,0.00253655,0.0291701,0.00652231,0.00771931
0.0273489,0.018502,0.0181039,0.108376,0.0300488,0.0243455
0.0428821,0.0241122,0.0254543,0.110001,0.0279319,0.0734638
0.0332076,0.0217738,0.0100983,0.0440901,0.0127656,0.00565337
0.0407725,0.0257734,0.0182541,0.0649953,0.0151462,0.0129351
0.0446358,0.0278685,0.0162445,0.0516066,0.0132699,0.0430709
0.0266972,0.0170089,0.0281767,0.0901294,0.0231253,0.0303943
0.0365141,0.0233293,0.0216885,0.0495782,0.0122727,0.0288902
0.0232905,0.0151905,0.00561581,0.0303306,0.00808537,0.0162292
0.0198742,0.0136141,0.00645042,0.0262606,0.00748946,0.012266
0.00831791,0.00586766,0.00349219,0.0141695,0.00452849,0.00357837
0.0300671,0.0197935,0.00914918,0.0450517,0.0104418,0.00781601
0.0390665,0.025735,0.0151219,0.0392367,0.00874081,0.0212571
0.00741461,0.00507795,0.00302825,0.0240177,0.00652534,0.00259646
0.0057269,0.00410582,0.00170225,0.017497,0.00390357,0.00533688
0.041604,0.0257915,0.0250672,0.111779,0.0301896,0.0494915
0.0110939,0.00739095,0.00410184,0.0180465,0.00384141,0.00361705
0.0114767,0.00839881,0.00309401,0.0267435,0.00879537,0.00832695
0.0157085,0.0105442,0.00444001,0.0240646,0.0086841,0.0171025
0.0421329,0.0166029,0.021986,0.134654,0.0337572,0.0296034
0.015454,0.0106828,0.00574732,0.0254815,0.00889801,0.00497396
0.00541968,0.00418917,0.0020922,0.011429,0.00336046,0.00309699
0.0287551,0.0192069,0.0109273,0.0323361,0.00913413,0.0187163
0.0171563,0.0115202,0.00577201,0.0266973,0.00698133,0.0106612
0.00881167,0.00596442,0.0035033,0.0192016,0.00412636,0.0027329
0.0145802,0.00959323,0.00440738,0.025416,0.00663164,0.00305999
0.050445,0.0312719,0.0259108,0.127049,0.034357,0.0280522
0.01074,0.00760122,0.00447038,0.0198629,0.00371305,0.0071157
0.0185011,0.0101249,0.00822352,0.0742146,0.0214658,0.0157046
0.0141095,0.00593789,0.00631618,0.0499759,0.0109576,0.00789965
0.00637608,0.00437692,0.00254231,0.0188195,0.00467058,0.00152726
0.00883044,0.00613227,0.00874894,0.0206095,0.00568568,0.00701903
0.00568026,0.00378801,0.00140077,0.0116888,0.00332827,0.00317695
0.0170268,0.0116358,0.00470987,0.0264706,0.00621101,0.00495858
0.0100635,0.00708384,0.00374401,0.0175161,0.00624675,0.00365771
0.0113632,0.00760366,0.0111294,0.0293938,0.00900854,0.0047559
0.0197183,0.0134115,0.00944354,0.0397557,0.0109991,0.0121474
0.0100462,0.0071213,0.0105545,0.0477263,0.0139768,0.00802897
0.023676,0.016021,0.0212188,0.0903896,0.0236069,0.0137476
0.0162224,0.0112204,0.00498744,0.0296524,0.00741516,0.0153216
0.0389804,0.0235029,0.035724,0.213134,0.0520393,0.0618364
0.00848367,0.00586122,0.0102556,0.0179091,0.00558534,0.00572903
0.0231564,0.0152812,0.0210651,0.086699,0.0224311,0.0433498
0.0144723,0.0100735,0.00457195,0.0352032,0.00982471,0.0172366
0.00665344,0.00501181,0.00295438,0.0165572,0.00402276,0.00688748
0.0105329,0.00450096,0.0122692,0.0722361,0.0201802,0.0186239
0.0137406,0.00757873,0.0182969,0.0855755,0.0208961,0.0210345
0.0164373,0.0107705,0.00631802,0.0479323,0.0135788,0.0212069
0.0251527,0.0160274,0.0137024,0.0604751,0.014215,0.0430252
0.021409,0.0142427,0.00836166,0.0320204,0.00852986,0.0163681
0.0523421,0.0322457,0.0382502,0.150985,0.0411711,0.0693364
0.00666654,0.00471509,0.00327874,0.0224635,0.0057126,0.00303266
0.00569119,0.00408229,0.00414509,0.0212467,0.00486776,0.00857354
0.0115331,0.00645572,0.00596046,0.012944,0.00244801,0.0206234
0.0106051,0.00643384,0.00581732,0.0115287,0.00148948,0.0175533
0.0136553,0.00926476,0.0055024,0.0200521,0.00349525,0.0032873
0.00591294,0.00387603,0.00208986,0.0133061,0.00323596,0.00445039
0.0115512,0.0074639,0.00272496,0.0174524,0.00590731,0.00401307
0.00469854,0.00316659,0.00683234,0.0324521,0.00783517,0.0170039
0.00835002,0.00541857,0.00329201,0.0255683,0.00793661,0.00772062
0.012801,0.00879358,0.00613304,0.0223978,0.00550319,0.00530759
0.0596372,0.0357981,0.0156235,0.0751942,0.0174905,0.0152156
0.041495,0.0266864,0.0114725,0.0657948,0.0166526,0.0117374
0.0449762,0.0227799,0.0190312,0.0676295,0.0162199,0.0213287
0.0377998,0.0208588,0.0155574,0.0466001,0.0103206,0.0167298
0.00660478,0.00433325,0.00359803,0.00140399,-0.000630635,0.00320425
0.0246504,0.0159997,0.00927386,0.0575709,0.013704,0.010038
0.0206456,0.0139534,0.00990525,0.0512213,0.0128325,0.00741345
0.0251804,0.0146724,0.00969863,0.040148,0.0109617,0.0128293
0.0076148,0.00539757,0.00352589,0.00696238,0.00180717,0.00483455
0.0132581,0.00889389,0.00440723,0.0217,0.00509492,0.00288271
0.00976626,0.00640151,0.00380682,0.0174869,0.0033782,0.00212368
0.00756586,0.00547053,0.00408609,0.0176739,0.00470147,0.00431252
0.00441565,0.00315864,0.00308001,0.00888812,0.00275177,0.0114092
0.0294038,0.0195943,0.0119431,0.0333969,0.0104434,0.015235
0.0115825,0.00796512,0.00402926,0.02097,0.00446759,0.0015597
0.0671284,0.0330512,0.0295905,0.148679,0.0388982,0.0404757
0.0166871,0.0113085,0.00482105,0.0245913,0.00677222,0.00463554
0.0184151,0.0122916,0.0128217,0.0436614,0.0119523,0.0217058
0.0265287,0.0166591,0.00864775,0.0425069,0.0127111,0.0134785
0.0124348,0.00868686,0.00762376,0.039487,0.00911223,0.00631876
0.0126345,0.00814816,0.00494418,0.0299965,0.00817148,0.00627629
0.0231091,0.0149086,0.0168535,0.0964437,0.0291394,0.0191068
0.0409536,0.02442,0.0173038,0.0677916,0.015926,0.0181474
0.014032,0.00925112,0.00547827,0.0252728,0.0071635,0.00891342
0.0159661,0.0107687,0.00618968,0.0251497,0.00608941,0.00288927
0.00582496,0.00423131,0.00278669,0.0213876,0.00359493,0.005412
0.00985411,0.00663885,0.0028701,0.021337,0.00648037,0.00606086
0.0377806,0.022432,0.0335289,0.143731,0.0363792,0.0740638
0.0291415,0.0185454,0.0057808,0.0420982,0.011261,0.00412505
0.00563341,0.00400919,0.003176,0.0149862,0.00431245,0.0107242
0.0355593,0.0223542,0.0127202,0.0724232,0.0181966,0.011705
0.00889873,0.00604854,0.00301485,0.0236539,0.00676173,0.00317861
0.011158,0.00810379,0.00390747,0.00306777,0.000957595,0.0106283
0.0132961,0.00909988,0.00396456,0.0188832,0.00482996,0.00452489
0.0102831,0.00690673,0.00367615,0.0174553,0.00391553,0.0102829
0.00850471,0.00527827,0.00217768,0.0224151,0.0060365,0.00561611
0.0224364,0.0144908,0.00675726,0.0339806,0.00967588,0.00989545
0.00751535,0.00535832,0.0050657,0.0210624,0.00480489,0.00734369
0.0120515,0.00820618,0.00444671,0.0362498,0.0094297,0.00664208
0.0126839,0.00827495,0.00540568,0.0305754,0.00833555,0.0173265
0.00855252,0.00582748,0.002295,0.014248,0.00365824,0.006036
0.0362397,0.0229223,0.0280041,0.0933269,0.0254608,0.0466766
0.0188628,0.0127819,0.00597968,0.0252111,0.0064301,0.00762228
0.0211158,0.0142279,0.0109493,0.0619019,0.0154417,0.00550243
0.0129686,0.00876207,0.00354085,0.0220103,0.00662737,0.0112345
0.0178315,0.012417,0.0108729,0.0449399,0.0128078,0.0110032
0.0225388,0.0144929,0.00690857,0.0453244,0.0113743,0.0137688
0.0155315,0.010589,0.00979035,0.038497,0.00981543,0.011436
0.0178384,0.0119688,0.00617677,0.0355575,0.00850567,0.00724947
0.0189347,0.0126847,0.00782034,0.0507094,0.0116594,0.00554672
0.0254168,0.0145836,0.0096871,0.0462164,0.00993577,0.00557012
0.00562934,0.00384972,0.00389252,0.0143565,0.00434946,0.00266914
0.00739653,0.00494037,0.00218814,0.0178718,0.00410848,0.00378414
0.00708781,0.00488353,0.00320384,0.0187999,0.00552642,0.0100195
0.0121748,0.00844146,0.0044119,0.0128433,0.0044721,0.00340174
0.00835592,0.0057137,0.00235639,0.0203079,0.0047757,0.00359428
0.0228776,0.0152768,0.00740284,0.0268932,0.00623688,0.0122983
0.0216151,0.0147645,0.00802425,0.0309341,0.0060507,0.0101547
0.00899133,0.0059119,0.0017198,0.0182433,0.0067016,0.010609
0.0164664,0.0112895,0.00461425,0.0163142,0.00459636,0.00368001
0.0286106,0.0197392,0.0095277,0.041673,0.0105467,0.010973
0.0534121,0.0339408,0.0202606,0.0654728,0.0146199,0.0197217
0.0148063,0.00977039,0.0034202,0.0258429,0.00588392,0.0101932
0.00572042,0.00356489,0.0028444,0.0338386,0.00863886,0.00543362
0.0203681,0.012693,0.0160823,0.0781558,0.0205956,0.0357074
0.0169966,0.0110702,0.0066319,0.0200881,0.00680158,0.00393062
0.0136146,0.00929851,0.00437462,0.022025,0.00648677,0.00585445
0.00740274,0.00504621,0.00303362,0.011548,0.00290177,0.00375539
0.00999384,0.00660312,0.00332615,0.02161,0.0053025,0.0153844
0.00730609,0.0053017,0.00315057,0.011669,0.00287322,0.00629994
0.0316827,0.018595,0.0574582,0.168084,0.0431696,0.134561
0.0231975,0.0158965,0.0154385,0.0369879,0.00836848,0.00879459
0.0170705,0.0113227,0.00580489,0.0228186,0.00681945,0.00476928
0.0162671,0.011255,0.0054424,0.0287138,0.00740792,0.015833
0.0349354,0.0214518,0.00957778,0.0503433,0.0131575,0.0144398
0.0152613,0.010508,0.00522257,0.0357273,0.00942414,0.00715245
0.00847682,0.00535579,0.00379645,0.0225292,0.00476261,0.00312923
0.059777,0.0270229,0.0229847,0.0891129,0.0255843,0.0247761
0.0578556,0.0269932,0.0219314,0.0794723,0.020123,0.0232344
0.0186564,0.0123524,0.00491756,0.0220172,0.00617801,0.00878832
0.00854054,0.00611972,0.00523074,0.00990921,0.00502916,0.00343251
0.017143,0.0117079,0.00719659,0.0399007,0.010018,0.00867927
0.0224527,0.0144822,0.00542,0.0236875,0.00682437,0.00679065
0.0282884,0.0185978,0.00879056,0.0431686,0.0102724,0.0193537
0.0379957,0.0234413,0.0126193,0.036007,0.0102908,0.0159507
0.0111428,0.00724387,0.00445071,0.0157648,0.00335188,0.00182114
0.0149857,0.0101145,0.0110345,0.00470407,0.00129864,0.00928723
0.0260864,0.0174802,0.00980327,0.023919,0.00654066,0.0115306
0.00891575,0.00590788,0.00325947,0.0158466,0.0033603,0.00238961
0.0240004,0.0157507,0.0113007,0.0561191,0.0136121,0.0297991
0.0134486,0.00887401,0.00531928,0.0226703,0.0055804,0.0060165
0.0133956,0.00920228,0.0104436,0.0195956,0.00619524,0.00310714
0.0148321,0.0102251,0.00994378,0.0361257,0.0102182,0.00536521
0.00734438,0.00502328,0.00364555,0.0113255,0.00496576,0.00353684
0.00685947,0.00471066,0.0042965,0.0180201,0.00534404,0.00395425
0.0170321,0.0114156,0.00565114,0.0336344,0.00889769,0.0114424
0.00793576,0.0052878,0.00366304,0.0192889,0.00637187,0.00509566
0.0252343,0.0167835,0.0146238,0.0668441,0.0170531,0.0374553
0.00732806,0.00522183,0.00403486,0.0185884,0.0048365,0.00777004
0.0105092,0.00687289,0.00476494,0.00789847,0.00206781,0.0118898
0.0114961,0.00821881,0.00431894,0.0268092,0.00767823,0.0055926
0.0197118,0.0130081,0.00422514,0.0326558,0.00674506,0.0041216
0.0141055,0.00947514,0.00345107,0.0282327,0.00799521,0.00189992
0.0254082,0.0157236,0.0182996,0.0924353,0.0230547,0.0859119
0.0244955,0.0155685,0.0160634,0.0588209,0.0163131,0.0184444
0.00958128,0.00670511,0.00432614,0.0305061,0.00876011,0.0148805
0.00551828,0.00383987,0.00157255,0.0197966,0.00780659,0.0143878
0.00997006,0.00660482,0.00375699,0.0211807,0.00520702,0.00711806
0.00834199,0.00604364,0.00292444,0.028648,0.0088241,0.0058443
0.0239062,0.0107445,0.00830136,0.0574559,0.0164862,0.0246786
0.0258325,0.0133316,0.00924137,0.0465067,0.0127556,0.0333627
0.0106895,0.00735893,0.00705563,0.0305804,0.00916381,0.00915891
0.00735016,0.00499827,0.00157476,0.0277329,0.00822341,0.0155163
0.0126689,0.00903278,0.00365343,0.0415717,0.00996008,0.00682027
0.03918,0.0253913,0.0137988,0.0529773,0.0125984,0.00768038
0.0109369,0.00748039,0.0024916,0.0171361,0.00544407,0.00200158
0.0128116,0.00891611,0.00630703,0.0168616,0.00441403,0.0099337
0.00459753,0.00295297,0.00148257,0.00806828,0.00274235,0.00388872
0.00959204,0.00635694,0.00221868,0.0237476,0.00553278,0.00365505
0.00943665,0.00663381,0.00414834,0.0542328,0.0130797,0.00845666
0.0337006,0.0208661,0.03125,0.166081,0.0439203,0.104171
0.081488,0.0503324,0.0618827,0.290433,0.076555,0.0794883
0.0132174,0.00902716,0.0113307,0.0198752,0.00480483,0.00976679
0.024936,0.0161466,0.00753539,0.0451618,0.0108315,0.0107946
0.0184568,0.0125647,0.00582685,0.039442,0.0111353,0.0120313
0.0183649,0.0126022,0.00832974,0.0139461,0.00414229,0.00381227
0.0575835,0.0280885,0.0574675,0.22988,0.0619868,0.0450983
0.0396923,0.0257237,0.0175922,0.0709828,0.0163367,0.016851
0.0196225,0.0130416,0.0173102,0.127036,0.0327379,0.0651902
0.0193836,0.0131829,0.0230945,0.0508088,0.0118477,0.0230986
0.00855889,0.00604337,0.00282071,0.0203416,0.00637422,0.00516914
0.00404173,0.00297173,0.00238129,0.00927821,0.0026303,0.00277368
0.0189548,0.0126613,0.00458454,0.0244773,0.00894359,0.00672048
0.029931,0.0197934,0.0178249,0.110151,0.0290078,0.0332247
0.0341917,0.0217509,0.0186063,0.0731853,0.0201372,0.0181959
0.0142149,0.00902126,0.00612522,0.0304482,0.0083404,0.0109058
0.0184322,0.011974,0.00357224,0.0275199,0.00689486,0.00716358
0.0783623,0.0434992,0.0283124,0.138489,0.0355967,0.0602593
0.00517432,0.00353574,0.00215975,-0.000837848,0.000257126,0.00166922
0.0132527,0.00895632,0.00448876,0.0196358,0.00481899,0.00490277
0.00981951,0.00649581,0.00200242,0.0158977,0.00320616,0.00423524
0.00707557,0.00449888,0.00517297,0.0114205,0.0053269,0.00291576
0.0061916,0.00406327,0.00178486,0.0185261,0.00302302,0.00348992
0.0196936,0.0129661,0.0161151,0.0856882,0.0221835,0.0234218
0.0340099,0.0195903,0.0286059,0.112847,0.0268696,0.0270322
0.00421209,0.00308959,0.00236528,0.0154343,0.00391291,0.00225394
0.0104143,0.00736892,0.00417468,0.0120697,0.00397663,0.00827603
0.0110319,0.00712879,0.00594969,0.0231504,0.00663768,0.00238362
0.0049568,0.00328928,0.00254135,0.0132873,0.00385336,0.00126037
0.0155799,0.0101208,0.00634452,0.0316445,0.00759517,0.0095736
0.0209501,0.0139198,0.00968895,0.0632575,0.0177595,0.0120839
0.0118262,0.00764856,0.00465534,0.0246811,0.00524314,0.00538528
0.0332542,0.0201335,0.0201403,0.102436,0.028703,0.058283
0.0204205,0.0143262,0.00725617,0.0185754,0.00443412,0.0107894
0.0164567,0.0111098,0.0062809,0.0346035,0.00846097,0.0121672
0.00683594,0.00463332,0.00505083,0.0158334,0.00549476,0.00903509
0.0758229,0.0357486,0.0288732,0.177261,0.0425633,0.0375742
0.0275383,0.0171814,0.00935921,0.053889,0.0125994,0.0242126
0.0151797,0.0104959,0.00474171,0.0238431,0.00845933,0.0107692
0.0102041,0.00678094,0.00479406,0.0202526,0.00478052,0.0038735
0.0388964,0.0242014,0.0141555,0.0616512,0.0171283,0.0155791
0.0248326,0.0161413,0.00832552,0.0265173,0.00672537,0.01105
0.00900524,0.0061663,0.00558775,0.0303296,0.00831364,0.00328542
0.0232746,0.0157291,0.0105451,0.0564955,0.014089,0.0331314
0.0102899,0.0070581,0.00403586,0.0181212,0.00383493,0.00283702
0.0167555,0.0115584,0.00880442,0.066765,0.016518,0.00994424
0.0500108,0.0276287,0.0190364,0.0553437,0.0162329,0.0171421
0.0277966,0.0111798,0.0100643,0.0407931,0.0104879,0.00888062
0.011443,0.00762623,0.00380878,0.0226362,0.00487983,0.00571146
0.0185856,0.012445,0.0122659,0.0709599,0.018246,0.0295793
0.0240992,0.0159539,0.00765641,0.0336144,0.00774323,0.00891286
0.0287365,0.017853,0.0102376,0.0482283,0.0109657,0.0322401
0.0252094,0.0103642,0.0100454,0.0164316,0.00466124,0.00611749
0.0252503,0.0104297,0.00989908,0.0160946,0.00351141,0.00564665
0.0251555,0.0161525,0.0129078,0.0654238,0.0178326,0.0143692
0.00792974,0.00569771,0.00336927,0.0221153,0.0063466,0.000749289
0.0414724,0.0256996,0.0154649,0.062164,0.0164023,0.0191784
0.0098333,0.00656998,0.00161526,0.0238396,0.00611846,0.00199937
0.0156,0.01102,0.00561946,0.0213839,0.00506109,0.00418769
0.0704978,0.0348301,0.0586023,0.361738,0.0896826,0.045909
0.0110379,0.00706478,0.0114762,0.066387,0.0179095,0.0136391
0.0131635,0.00888784,0.00406406,0.0299825,0.00766856,0.00318337
0.0122237,0.00820932,0.0075714,0.0271007,0.00718396,0.00597349
0.00758247,0.00555853,0.00534784,0.0480524,0.012818,0.0153345
0.011887,0.00584301,0.00387592,0.0293595,0.0086534,0.00362334
0.0133245,0.00553042,0.00422468,0.0250787,0.00587434,0.00667608
0.00653876,0.00407522,0.00303978,0.0194343,0.00329246,0.00473174
0.0205224,0.012954,0.0194279,0.113904,0.0311811,0.0418751
0.00755599,0.00529915,0.00351609,0.0173855,0.00481253,0.00322631
0.00968109,0.00658235,0.00279988,0.0109458,0.00458956,0.00451699
0.00533633,0.00342312,0.00209911,0.0108457,0.00325813,0.00164213
0.0504941,0.0225555,0.0214996,0.09752,0.0241228,0.0180523
0.0166606,0.0110072,0.006018,0.0339037,0.00905955,0.00343046
0.0140992,0.00599598,0.00515035,0.0178854,0.0052094,0.00704255
0.0166369,0.00904652,0.00584777,0.0212298,0.00418916,0.0060361
0.0582896,0.0329536,0.049549,0.273129,0.0713423,0.0675267
0.00690102,0.00470402,0.0032844,0.0218601,0.00520348,0.00509728
0.0253711,0.0164572,0.0311441,0.095144,0.0213675,0.060043
0.00925271,0.00641785,0.00318685,0.0151662,0.00324412,0.005622
0.00454136,0.00309492,0.00217374,0.00908447,0.0035533,0.00153813
0.0227317,0.0149681,0.00720657,0.0325003,0.00885024,0.0133768
0.02022,0.0137896,0.00595636,0.0388658,0.00805625,0.00724174
0.0131011,0.00907413,0.00482429,0.0268045,0.00617848,0.00624179
0.0189268,0.0125115,0.0239549,0.0708805,0.0190261,0.0248571
0.0219251,0.0147272,0.00683784,0.0368383,0.00908019,0.0072509
0.00559009,0.00413368,0.00180789,0.0156441,0.00514258,0.00363625
0.00925286,0.00648493,0.00370431,0.0198138,0.00517208,0.00290832
0.0116977,0.00525066,0.00638817,0.0301015,0.0100045,0.013297
0.0148903,0.00768786,0.00477963,0.0342186,0.0106895,0.0141517
0.0107518,0.00703847,0.00433499,0.0346056,0.00997524,0.00663772
0.0526639,0.0324001,0.0275641,0.14748,0.0406175,0.0287374
0.00646644,0.00442975,0.00263787,0.0146946,0.00400239,0.00270383
0.00939288,0.00598947,0.00343715,0.015869,0.00571529,0.0011476
0.00765622,0.00520127,0.00165901,0.0178516,0.00365808,0.00240139
0.0060633,0.00445526,0.00167448,0.0183502,0.00369361,0.00318246
0.0218976,0.0147182,0.00518549,0.0421501,0.0088615,0.00716245
0.00477269,0.00371756,0.00350297,0.0261596,0.00634193,0.0091025
0.00806527,0.00541462,0.00247159,0.0250726,0.00959997,0.0183053
0.0250219,0.0111033,0.0154794,0.058507,0.0157928,0.0134913
0.0193062,0.0132674,0.00746577,0.0292856,0.00703443,0.00430498
0.00653051,0.00396454,0.00239423,0.018302,0.00593871,0.00340412
0.0132267,0.00873527,0.0144709,0.0429589,0.0145014,0.0265571
0.0292157,0.0191037,0.0210535,0.10338,0.0287173,0.0268504
0.0115859,0.00797789,0.0063535,0.0151598,0.00563502,0.00589691
0.0142896,0.0100002,0.00404972,0.0165862,0.00508806,0.00462365
0.0323529,0.0171126,0.0142222,0.069505,0.0174336,0.0244073
0.0184565,0.0122052,0.00484873,0.0252202,0.00670715,0.00756396
0.0346917,0.0210653,0.0205802,0.0892723,0.0245837,0.0345896
0.0175715,0.0118564,0.0150509,0.0289237,0.00855867,0.0139566
0.0318774,0.0202596,0.00840057,0.0429919,0.0124647,0.00985227
0.0315589,0.0113934,0.0111694,0.063371,0.01685,0.0237811
0.0314038,0.0113626,0.0108477,0.0605196,0.0155975,0.0232932
0.0222805,0.0145858,0.0178291,0.0794008,0.0192517,0.0366788
0.0298852,0.0200698,0.0115229,0.0802084,0.0188874,0.0315541
0.0171119,0.0115737,0.0105439,0.0548715,0.0139225,0.00939707
0.00618232,0.00443964,0.00206502,0.0110713,0.00375681,0.0090501
0.0270642,0.0183653,0.00935329,0.0499606,0.0166111,0.0245996
0.0121919,0.00865247,0.00546416,0.0177448,0.00579894,0.00438497
0.0198205,0.0133335,0.00693134,0.0371178,0.00850307,0.0121117
0.00502381,0.00345842,0.00607214,0.0189029,0.00628509,0.00902386
0.0084877,0.0059415,0.00238694,0.0183283,0.0052796,0.00137381
0.0235997,0.0159144,0.017521,0.0732621,0.0168032,0.00867062
0.023166,0.0153684,0.0108469,0.0299952,0.00924276,0.00699918
0.0322178,0.0212706,0.0102179,0.0307243,0.00781169,0.00878012
0.00838825,0.00594019,0.00178918,0.0126071,0.00339867,0.00775375
0.0178603,0.0123453,0.00553604,0.0178429,0.00455033,0.00397577
0.0252557,0.0118044,0.0118744,0.0462381,0.0158096,0.0183181
0.0305249,0.0137864,0.0135917,0.0439596,0.0133542,0.0176679
0.00910048,0.00604096,0.00351515,0.0184163,0.0060008,0.0039432
0.0347643,0.0214701,0.0128926,0.0553482,0.0134732,0.027735
0.0144563,0.00878208,0.00591984,0.0234514,0.00662997,0.00808811
0.0118967,0.00796227,0.00720226,0.0501239,0.0143691,0.00698235
0.00700561,0.00474314,0.00306214,0.0105016,0.00406633,0.00308962
0.00994444,0.00721238,0.00363538,0.0122518,0.00498029,0.00519947
0.0226909,0.0156921,0.00699051,0.0245776,0.00729553,0.0102712
0.0218875,0.012856,0.0165688,0.0877099,0.0232421,0.0344391
0.0221094,0.0134554,0.00657339,0.0493991,0.0153164,0.010108
0.00965751,0.00689466,0.00668622,0.0320217,0.00923716,0.0101665
0.0292277,0.019432,0.0116317,0.0539446,0.0155137,0.0130343
0.0102312,0.007199,0.00394463,0.0171392,0.0045455,0.00722629
0.00474235,0.00380376,0.00866801,0.0159819,0.00390128,0.00600422
0.0344336,0.0206744,0.0121527,0.0441947,0.0130505,0.0210571
0.00674089,0.00470163,0.00349843,0.0188519,0.00533974,0.00978653
0.0140501,0.0097926,0.00527353,0.0190692,0.00562368,0.00613172
0.0111024,0.00729828,0.0075484,0.0310472,0.00747291,0.0118474
0.0146699,0.0101113,0.00490021,0.0159314,0.00370689,0.00381478
0.0253049,0.0166042,0.0120851,0.0543018,0.0166153,0.0219485
0.0329009,0.0159892,0.0166705,0.0651294,0.0196096,0.0426205
0.0113561,0.007497,0.00834723,0.0385587,0.00897098,0.00854121
0.0143362,0.010217,0.00498922,0.0295107,0.00826813,0.00531585
0.0126122,0.00858744,0.00456215,0.0209533,0.00609816,0.00349967
0.0171167,0.0117461,0.00919396,0.0536339,0.0144878,0.0208574
0.022347,0.0145862,0.00946149,0.0359201,0.00947349,0.00650708
0.0179221,0.0114822,0.00619508,0.0320314,0.00845046,0.0120091
0.0128623,0.00829177,0.0121838,0.0461522,0.0105062,0.0109872
0.00669332,0.00455341,0.00316342,0.0174039,0.00489765,0.00475594
0.0126783,0.00887088,0.00345236,0.0193567,0.00583821,0.00393638
0.0118459,0.0084489,0.00452935,0.0196695,0.00423559,0.00314655
0.00623409,0.00411091,0.0012566,0.00862011,0.00287177,0.00377866
0.0107259,0.0075304,0.00429508,0.0173566,0.0038261,0.00425497
0.0245448,0.0166873,0.00845099,0.0300476,0.00942106,0.0121901
0.0131049,0.0091311,0.00557066,-0.00333837,0.000546148,0.00435342
0.00704517,0.00489307,0.00312262,0.00971038,0.00271858,0.00530157
0.00964488,0.00654355,0.0027608,0.0200683,0.00428224,0.00949015
0.00889823,0.0062166,0.00468543,0.0206975,0.00558202,0.00844585
0.0602616,0.0259133,0.0492447,0.218731,0.0552176,0.0698573
0.0396835,0.0171181,0.0309394,0.109285,0.0209709,0.0402976
0.0227085,0.0145865,0.0126353,0.0705848,0.0186928,0.0215525
0.0204494,0.0137364,0.00532339,0.0328366,0.0112158,0.0105223
0.0147153,0.00994847,0.00408585,0.0343786,0.0095335,0.00598392
0.0204702,0.0138449,0.0068158,0.0339272,0.00771502,0.00898845
0.0110972,0.00823497,0.00835797,0.0321108,0.00727033,0.00652605
0.0192828,0.0132649,0.00569207,0.0287314,0.00851429,0.0067312
0.0255326,0.0162149,0.0131514,0.0460858,0.011037,0.0304083
0.0271291,0.0160805,0.0113129,0.0241101,0.00739148,0.00791223
0.0204619,0.00993006,0.0110289,0.0617454,0.0156195,0.00907165
0.0203319,0.00993145,0.0109551,0.0616244,0.0141636,0.00778666
0.0484065,0.030985,0.0141048,0.0458672,0.0112847,0.0194157
0.00613489,0.00419564,0.0033608,0.0126593,0.00311556,0.00490883
0.0783326,0.0432078,0.0261017,0.0935705,0.0232154,0.0142967
0.0198994,0.0136988,0.00625853,0.0240119,0.00675495,0.0172211
0.00582523,0.00402101,0.00308883,0.0131375,0.00218565,0.00147097
0.0208991,0.0144726,0.00700297,0.0170265,0.00350172,0.0027567
0.0118515,0.00840999,0.00479369,0.0223267,0.0059275,0.00518883
0.00700445,0.00483987,0.00302978,0.0122646,0.00310616,0.00406541
0.024341,0.0156803,0.00863397,0.0476569,0.0123499,0.00826417
0.0105912,0.00717847,0.00332638,0.0176925,0.00464564,0.00244214
0.0120374,0.00817948,0.00344461,0.0213564,0.00572571,0.00146708
0.0220204,0.0151084,0.00590187,0.0397584,0.0101836,0.00585381
0.0179037,0.0123041,0.00653528,0.0357519,0.00839532,0.00470742
0.0167118,0.0115787,0.006682,0.0296562,0.00895873,0.0143026
0.0136248,0.00951861,0.00484591,0.0289003,0.00686425,0.00783629
0.0200579,0.0138888,0.00600589,0.0267307,0.00661693,0.0159139
0.00507171,0.0035225,0.00180163,0.0104543,0.00343206,0.00321871
0.0133795,0.00868912,0.00916196,0.0683817,0.0172185,0.0187862
0.0273437,0.0159913,0.0256941,0.099651,0.027745,0.037629
0.0196659,0.0133838,0.00641073,0.0279007,0.00686734,0.00822578
0.00628416,0.00443718,0.00369071,0.0113774,0.00463903,0.00205912
0.005162,0.00350916,0.0015695,0.00529262,0.00315242,-0.00046209
0.0250554,0.0166989,0.00835295,0.0304169,0.00950537,0.00706781
0.0158279,0.0107937,0.00390972,0.022043,0.00581188,0.0129219
0.0307264,0.0195076,0.0259409,0.0734674,0.0174319,0.0443116
0.0123386,0.00877446,0.00654469,0.0256315,0.00668732,0.00622191
0.00661155,0.00476819,0.00224336,0.00171187,0.00148589,0.0039588
0.0287954,0.0171293,0.0129023,0.0364649,0.0103789,0.0121249
0.0411567,0.0246087,0.0152169,0.0660649,0.0173963,0.029472
0.0129057,0.00560497,0.00520646,0.0237491,0.00485803,0.00654775
0.0213701,0.0143423,0.0135109,0.0465923,0.0122433,0.0190572
0.016009,0.0106534,0.00559128,0.0501713,0.0144693,0.0106816
0.0476281,0.0262052,0.0318744,0.109027,0.0314992,0.0454128
0.0397111,0.0265029,0.00854664,0.0710314,0.0185512,0.0129911
0.0230167,0.0158348,0.0103948,0.0495771,0.0145376,0.00861902
0.00655728,0.00490268,0.00272792,0.0110522,0.0035323,0.00295727
0.00741169,0.00544304,0.00462083,0.0181838,0.00470921,0.00708699
0.0170228,0.0113266,0.00662652,0.0381419,0.00960196,0.020714
0.0177954,0.0125015,0.00730712,0.0456647,0.0130292,0.00657929
0.0147132,0.00998566,0.00517323,0.0183624,0.00507272,0.0104071
0.0134869,0.00902573,0.0128441,0.055749,0.0146354,0.0413432
0.0197879,0.0137295,0.00898353,0.0203807,0.00614839,0.00771443
0.0055053,0.00396313,0.00207824,0.0132039,0.00429204,0.0053492
0.0108023,0.00766047,0.00639333,0.0183857,0.00574874,0.00682753
0.0474384,0.0284787,0.0267688,0.0895371,0.0232743,0.0277462
0.0223743,0.0153873,0.0068975,0.0360136,0.0093345,0.0085542
0.00745656,0.00509551,0.00161244,0.0203452,0.00357286,0.014348
0.00517143,0.00329427,0.00299785,0.013051,0.00346015,0.00163117
0.00628499,0.00454011,0.00383271,0.019233,0.006259,0.00455106
0.00440121,0.0031992,0.00205189,0.0156075,0.00499321,0.00468452
0.0154208,0.010692,0.00875628,0.0322578,0.0104228,0.0123904
0.0263743,0.0130772,0.009426,0.0352401,0.00927976,0.00504742
0.0226555,0.0109856,0.0077449,0.024222,0.00574651,0.00215657
0.00681026,0.00489711,0.00246086,0.00201977,0.000249931,0.00240343
0.024062,0.0155811,0.00950518,0.0237368,0.0075695,0.0165469
0.017202,0.00873474,0.00664139,0.0326103,0.00969098,0.0045415
0.0285978,0.0165859,0.0142286,0.0577291,0.0143311,0.00841975
0.0204701,0.0140056,0.0099623,0.0270786,0.00655307,0.0100546
0.0263581,0.010994,0.00891539,0.0355457,0.0112505,0.0128108
0.0281146,0.0108848,0.00879038,0.0370132,0.0101328,0.0115495
0.0143173,0.00929181,0.00467677,0.020208,0.00551891,0.00537131
0.00773793,0.00520451,0.00283147,0.0112807,0.00378952,0.00178326
0.00913576,0.00623778,0.00292781,0.0137623,0.00429485,0.00657468
0.0280334,0.0181584,0.00831509,0.0477078,0.0106803,0.0153477
0.0137175,0.00900131,0.00275023,0.0279552,0.00591857,0.0144577
0.00575088,0.00414139,0.00357068,0.0135246,0.00227101,0.00174195
0.0139379,0.00948323,0.00457557,0.0214276,0.00615076,0.00613248
0.0171243,0.0119029,0.00580058,0.00999647,0.00122006,0.00486314
0.00870103,0.00584433,0.00378221,0.0181566,0.00495308,0.00877206
0.0069396,0.00487987,0.00327786,0.0221881,0.00514203,0.00327866
0.0114504,0.00756545,0.00460526,0.0243843,0.00457382,0.00560058
0.0536087,0.0229227,0.0428836,0.24321,0.0649272,0.0756199
0.00905395,0.00602606,0.00371109,0.0121204,0.00472154,0.00273559
0.0132143,0.00939542,0.00511657,0.0154852,0.00366256,0.00504341
0.0112506,0.00779268,0.00444143,0.0165123,0.00383267,0.0121047
0.0201766,0.0133798,0.00600606,0.0430262,0.0117479,0.012456
0.00883576,0.00627788,0.00339908,0.0245708,0.00618793,0.0118669
0.0173497,0.0122153,0.00711299,0.0345624,0.00789749,0.00650478
0.0291886,0.0191344,0.0125619,0.0558997,0.0136052,0.0315737
0.0156008,0.00748317,0.00589726,0.0370432,0.00864972,0.0165107
0.0260945,0.0171817,0.00589431,0.0475769,0.012301,0.0038379
0.0120069,0.00761863,0.0261921,0.0928676,0.0224148,0.0414998
0.0322751,0.0210964,0.00985122,0.0408993,0.0086975,0.0107739
0.0156263,0.0105676,0.00881441,0.0478872,0.0112508,0.0136978
0.03525,0.0223599,0.0178398,0.0656884,0.0166673,0.0224495
0.0112699,0.00779617,0.00426606,0.0234678,0.00586268,0.00461369
0.017613,0.0116253,0.00544259,0.032291,0.00652563,0.00686422
0.0169175,0.0113931,0.00974217,0.0507797,0.0131514,0.0213081
0.00879676,0.00629231,0.00342109,0.0130893,0.00433349,0.00418296
0.00593456,0.0045184,0.00296195,0.0139965,0.00364529,0.000892799
0.00878508,0.00575352,0.0035309,0.00981233,0.00340613,0.00451093
0.0225357,0.0144916,0.00801424,0.039264,0.00792796,0.00847695
0.00638162,0.00439249,0.00326141,0.015732,0.0049052,0.00395875
0.0408626,0.0247809,0.0302447,0.130351,0.034092,0.0679216
0.00772885,0.00525584,0.00418697,0.0114808,0.00445058,0.00720856
0.0251043,0.0164985,0.00854306,0.0565578,0.0144828,0.0117236
0.00584163,0.00417079,0.00314651,0.0116194,0.00116466,0.00149525
0.0104299,0.0071449,0.00592587,0.0306189,0.00956386,0.0163346
0.0101018,0.00694795,0.00392715,0.0188383,0.00368141,0.00695547
0.0557476,0.0312495,0.0462519,0.184529,0.0488513,0.10031
0.0154304,0.0104803,0.00475584,0.0221488,0.00553777,0.00776593
0.0257786,0.0170935,0.0116554,0.04678,0.0113683,0.0170354
0.00671257,0.00449363,0.00579526,0.0228073,0.00483222,0.00341157
0.0234767,0.0158621,0.00654687,0.0426569,0.0107703,0.00721443
0.0114329,0.00771293,0.00534253,0.0201533,0.00349583,0.00337419
0.00892332,0.00609709,0.00460556,0.015108,0.00342524,0.00382205
0.0168062,0.0113448,0.00717977,0.0292561,0.00733935,0.00461428
0.0112937,0.00813759,0.00308729,0.0235688,0.00372534,0.00713756
0.0199877,0.0134822,0.00953163,0.0619921,0.0151791,0.0207734
0.0103691,0.00738484,0.0101456,0.0331369,0.00880004,0.00636971
0.00965164,0.0066724,0.00406382,0.0234921,0.00521408,0.00392586
0.0128244,0.00914531,0.0102115,0.0449374,0.012741,0.00747757
0.00792486,0.00537121,0.00255404,0.0155908,0.00239106,0.00424396
0.00827321,0.00572967,0.00295054,0.0163087,0.00463795,0.00259517
0.0302478,0.0193602,0.00995383,0.0383388,0.0127485,0.0128253
0.0172177,0.0116971,0.00579008,0.0254757,0.00619628,0.0154096
0.0076002,0.00504306,0.0021611,0.0260222,0.00583357,0.00395481
0.0326325,0.0207286,0.0137847,0.0812463,0.0198813,0.0372861
0.00817257,0.00559507,0.00320652,0.0121485,0.00361394,0.00284401
0.0147093,0.00994819,0.0189044,0.0960057,0.0251582,0.0150951
0.00635878,0.00422963,0.00251163,0.00802433,0.00264969,0.000988335
0.00696564,0.00492306,0.00480675,0.0254074,0.00899428,0.0124523
0.00520344,0.00359967,0.00202609,0.0172539,0.00408416,0.0081196
0.0113817,0.00797358,0.00436821,0.01816,0.00374997,0.0049429
0.0377197,0.022227,0.0184988,0.0944287,0.0235853,0.0209651
0.0274956,0.01075,0.010599,0.0381217,0.00771908,0.0134973
0.0226562,0.0109203,0.0101571,0.0519421,0.0120247,0.013752
0.0304446,0.0170566,0.00948385,0.0523662,0.00924716,0.0153489
0.00924923,0.00628241,0.00530084,0.0265491,0.00737185,0.00348908
0.0286864,0.0127338,0.0166206,0.0593873,0.0150753,0.0282823
0.0278849,0.0126212,0.0155086,0.0497935,0.0104503,0.0250435
0.0057881,0.00406731,0.00294275,0.0200966,0.00285446,0.0016321
0.034806,0.023093,0.0118854,0.0308495,0.00690603,0.00841845
0.0403359,0.0252538,0.015824,0.0512438,0.0122429,0.0108568
0.00401978,0.00300158,0.00173899,0.00165907,7.39045e-05,0.00678893
0.0311179,0.0195614,0.0158011,0.0678417,0.0162636,0.0287737
0.0134046,0.00701808,0.00581828,0.0388117,0.00967465,0.00664544
0.0125812,0.00470483,0.00419249,0.0169707,0.00542677,0.00498488
0.0196941,0.0128664,0.0186025,0.0623512,0.0146834,0.018966
0.0162699,0.010761,0.0117696,0.0513422,0.0139852,0.027036
0.0127117,0.00873823,0.00550437,0.0140775,0.00400728,0.00245946
0.0252803,0.0168854,0.00701204,0.0378433,0.00967055,0.0202371
0.0255426,0.0170365,0.0155934,0.0773682,0.0201902,0.0401293
0.00844816,0.0061485,0.00553641,0.029065,0.00796045,0.01073
0.00708492,0.00497819,0.00352443,0.0227921,0.00317724,0.007531
0.017748,0.0120115,0.00614145,0.0049526,0.00133601,0.00587183
0.0150621,0.0100382,0.00447752,0.026435,0.00644459,0.00597841
0.0357534,0.0213564,0.0330506,0.142549,0.0362407,0.0415148
0.0192817,0.0129189,0.00967084,0.0332126,0.00794639,0.00469474
0.00843978,0.00557654,0.00533464,0.0344176,0.00978162,0.0358226
0.0289244,0.0189239,0.0101495,0.0162949,0.00468073,0.0192142
0.0403181,0.0207039,0.0211214,0.078023,0.0180441,0.0171348
0.0381169,0.0207647,0.0195589,0.0613453,0.0119367,0.0139803
0.0176356,0.0119237,0.00830568,0.0419904,0.0107736,0.0116117
0.0287424,0.0187617,0.00888249,0.0499862,0.0137087,0.0202413
0.01289,0.00886219,0.00216718,0.0181525,0.00341437,0.00220198
0.0145879,0.00989732,0.00562266,0.027089,0.00599733,0.00733052
0.0300308,0.0194728,0.00996654,0.043237,0.0112486,0.00606387
0.00758103,0.0054132,0.00254498,0.021392,0.00507282,0.00909524
0.0114132,0.00798771,0.00564373,0.0215994,0.00418832,0.00667153
0.0360639,0.0225565,0.0123977,0.0738432,0.0169838,0.0129824
0.0299149,0.0185553,0.0102745,0.0583717,0.0143766,0.011925
0.0153276,0.0101116,0.00445544,0.0239785,0.00723551,0.00159187
0.0521721,0.0317462,0.0202028,0.0582408,0.014437,0.0158982
0.00936302,0.0067677,0.00523146,0.0160334,0.00365372,0.0052633
0.017314,0.0118214,0.00797709,0.0388021,0.00982328,0.0100707
0.0201631,0.013552,0.00968747,0.0467707,0.0105402,0.0125875
0.0271783,0.0174108,0.028519,0.0892154,0.0244043,0.0160804
0.00608138,0.00438714,0.0029134,0.0162702,0.00270707,0.00759904
0.00867269,0.00583107,0.00352296,0.0111961,0.00346093,0.00744129
0.00771407,0.00532244,0.00337069,0.0152235,0.00219767,0.00277946
0.0206053,0.0135329,0.0185815,0.106341,0.0261058,0.0288561
0.0235781,0.0161859,0.00609339,0.0403681,0.0130976,0.00658451
0.00681971,0.00461481,0.00301373,0.0148065,0.00418836,0.00352693
0.00756955,0.00508748,0.00652179,0.0381608,0.00818255,0.00889123
0.0458989,0.0274312,0.0157649,0.0874429,0.023597,0.0262637
0.0045497,0.00303542,0.00133113,0.0174041,0.00549497,0.0115351
0.0119013,0.00807084,0.00543706,0.029406,0.00569338,0.00531936
0.0292743,0.0120198,0.0163787,0.0800567,0.022212,0.0351076
0.0516807,0.0207917,0.0223251,0.0933804,0.0233046,0.0580307
0.0245155,0.0159881,0.0132454,0.0583325,0.0136705,0.0171161
0.024143,0.0163409,0.00800109,0.0403828,0.0104985,0.00262823
0.00915408,0.00647353,0.00394768,0.011528,0.00332033,0.00486264
0.017377,0.0115618,0.00640116,0.0214893,0.00631485,0.00389615
0.0168586,0.00895177,0.00640167,0.0250769,0.00795875,0.0157746
0.0359399,0.0214822,0.0187341,0.0756827,0.0199084,0.0378841
0.0134301,0.00958959,0.00498167,0.0167297,0.00423596,0.00518416
0.0132398,0.00883269,0.0036709,0.0171416,0.00610683,0.00151286
0.0363987,0.0229511,0.0102811,0.0618401,0.0181029,0.0434039
0.0205824,0.013672,0.0106398,0.0058757,0.00167822,0.0124476
0.0310897,0.020349,0.00943749,0.0417284,0.00856028,0.0168164
0.0078563,0.00540681,0.00809509,0.0355047,0.0112302,0.0146988
0.0236235,0.0113013,0.00707616,0.056113,0.0117288,0.00597744
0.0230992,0.00938137,0.00680212,0.0416222,0.00602888,0.00315168
0.0148773,0.00991715,0.00551154,0.0345246,0.00877637,0.00604594
0.013632,0.00939952,0.00447075,0.02557,0.0058979,0.00354198
0.00420811,0.00313902,0.00151971,0.0123709,0.00286823,0.00313303
0.0420525,0.0265903,0.0180806,0.0614011,0.0160289,0.0376162
0.00552674,0.00390862,0.00227987,-0.000680752,0.00143528,0.0048646
0.0108272,0.00738149,0.00259359,0.0230882,0.0050779,0.00623913
0.011316,0.00800605,0.00358636,0.0170229,0.00349933,0.00254638
0.0188633,0.0128924,0.0173647,0.0514501,0.0128896,0.00779277
0.0173208,0.00976776,0.0153986,0.0503259,0.0143854,0.0123343
0.0156267,0.0103656,0.00499718,0.0266485,0.00696441,0.0073302
0.046064,0.0198228,0.0244913,0.103164,0.0282853,0.0348838
0.047521,0.0219905,0.021996,0.0802586,0.0175699,0.0297844
0.031186,0.0189275,0.0219793,0.114125,0.0311691,0.0230491
0.00748897,0.00537516,0.00276738,0.0219554,0.00565073,0.00247803
0.02527,0.0172467,0.00964633,0.0310788,0.00785755,0.0241286
0.0307064,0.020338,0.0127759,0.0601216,0.0173325,0.0169963
0.0189163,0.0122766,0.00676065,0.0355528,0.00910822,0.0267894
0.0213769,0.0142025,0.00804807,0.0322272,0.00849404,0.0103931
0.0347617,0.0209678,0.0243722,0.151625,0.037495,0.0633004
0.0229879,0.0153294,0.00510147,0.0346151,0.0104377,0.0162955
0.0202381,0.0131965,0.00575663,0.0298115,0.00496002,0.00397594
0.01013,0.00726763,0.00466837,0.0280813,0.00753653,0.0118785
0.0127631,0.00884457,0.00474606,0.0290282,0.00640913,0.00348018
0.00815787,0.00549651,0.00479605,0.0242776,0.00613117,0.00537601
0.0222135,0.0140515,0.0188893,0.0764805,0.0184615,0.0476345
0.0416196,0.027022,0.0130305,0.0481632,0.0134867,0.00852092
0.0131112,0.00906659,0.00521087,0.0245841,0.00580646,0.0122337
0.00672962,0.00457473,0.0013415,0.000470463,-0.000758029,0.0032181
0.011369,0.00730713,0.00333988,0.0267756,0.00696323,0.00688593
0.0114001,0.00764562,0.00411299,0.0379932,0.00858412,0.005732
0.00530661,0.00346853,0.00273163,0.015953,0.00385895,0.00389716
0.00873176,0.00631579,0.00356184,0.0180157,0.0053989,0.00355556
0.0224212,0.0147083,0.0101296,0.0466727,0.0149904,0.0124214
0.0413298,0.0267069,0.0234847,0.0561076,0.0148817,0.0320341
0.0137132,0.00958324,0.00793671,0.0269862,0.0058308,0.00417631
0.00600335,0.00428406,0.00361728,0.0106856,0.00306358,0.00245295
0.0164429,0.0113328,0.00566974,0.0373636,0.00881992,0.00847179
0.00729742,0.00510417,0.00243332,0.00892998,0.00243153,0.00161463
0.0170023,0.0112937,0.00600321,0.035863,0.00733904,0.0129902
0.00784491,0.00534961,0.00443436,0.0186519,0.00309289,0.0108946
0.012626,0.00883046,0.00299338,0.0172221,0.00754255,0.00375623
0.00908616,0.0062795,0.00283099,0.0139306,0.00447231,0.00282451
0.017208,0.0118106,0.00660416,0.0464704,0.00960421,0.00963973
0.00952404,0.00637913,0.00356281,0.0242738,0.00627155,0.00835322
0.0139056,0.0096495,0.00391253,0.0203213,0.00627027,0.00658001
0.0206856,0.0140858,0.0109315,0.0447254,0.00941793,0.020639
0.0233511,0.0158981,0.0103819,0.0422459,0.00969034,0.00946499
0.0163719,0.0107391,0.00963764,0.0522052,0.012509,0.0120439
0.0189074,0.0125762,0.00766318,0.023608,0.00531976,0.00893527
0.0111449,0.00742716,0.00401059,0.0191874,0.0052823,0.00527597
0.0139887,0.00926781,0.00517373,0.0246867,0.00492332,0.0229497
0.0107849,0.0067514,0.0126164,0.0363391,0.00986121,0.0281829
0.0136836,0.00849972,0.0054347,0.00910499,0.000596603,0.00390911
0.0091139,0.00634994,0.00989966,0.0136308,0.00404274,0.0082656
0.0175247,0.0117311,0.00579998,0.0270126,0.00739784,0.00967922
0.042161,0.0268244,0.0134028,0.0878436,0.0225673,0.00911807
0.0198197,0.0130946,0.00530012,0.0342676,0.00882501,0.0197621
0.0290303,0.0189297,0.02079,0.0859287,0.0220856,0.0235401
0.0224959,0.0147779,0.00854672,0.0357558,0.00829032,0.00541142
0.0222828,0.0147402,0.00900534,0.0317868,0.00823842,0.00429972
0.021839,0.0144288,0.0215315,0.0780627,0.0206118,0.0223793
0.0357877,0.0222031,0.00950607,0.0640189,0.0165993,0.0119333
0.00798885,0.00536379,0.00267829,0.0116051,0.0019032,0.00331113
0.0160538,0.0107675,0.00462587,0.0323473,0.00869552,0.00963895
0.0229669,0.0155289,0.0121635,0.0293895,0.0080511,0.0116153
0.0227674,0.0149797,0.0182999,0.0975039,0.0260737,0.0248345
0.0154346,0.0105609,0.010044,0.0424268,0.0104447,0.00673669
0.0075001,0.00527552,0.00359651,0.0118768,0.00515904,0.00352846
0.0221066,0.0148734,0.0179524,0.0767042,0.0182524,0.0194301
0.0070115,0.00481637,0.00272851,0.020976,0.00486927,0.00071319
0.00632886,0.00398736,0.00273812,0.0102953,0.00249365,0.0067015
0.0137631,0.00910833,0.00615675,0.0306712,0.0078322,0.0120076
0.0245154,0.0161006,0.0213159,0.0627636,0.0191764,0.00944617
0.0121501,0.00803816,0.0048395,0.029881,0.0066432,0.0107364
0.00845024,0.00571315,0.00273182,0.0169889,0.00384254,0.00114625
0.0266879,0.0174547,0.01811,0.0528472,0.017064,0.0280857
0.004819,0.00361602,0.00354434,0.0115503,0.00347502,0.0025589
0.00865618,0.00579309,0.00355861,0.0202155,0.0052921,0.00349062
0.0163891,0.01098,0.00877637,0.0499056,0.0130061,0.0304904
0.0155058,0.0102317,0.0090051,0.0493617,0.0134699,0.0231591
0.019056,0.0125083,0.00982092,0.0664152,0.0192074,0.0156764
0.0273611,0.0181433,0.016756,0.0886072,0.0227189,0.041128
0.0288467,0.0186718,0.0100136,0.0527692,0.0165764,0.0386092
0.0206573,0.0136634,0.0137617,0.0635632,0.0153672,0.0353737
0.00606017,0.00411384,0.00240098,0.00767325,0.00284671,0.00382792
0.010089,0.00660709,0.00252067,0.0329532,0.00894396,0.00975641
0.0154082,0.010559,0.0113355,0.0495808,0.0138095,0.0193717
0.0141596,0.00950832,0.00512195,0.029117,0.00815933,0.00338565
0.0247389,0.0162176,0.00684344,0.0352218,0.00831419,0.00336411
0.00883957,0.00373451,0.0044934,0.0185241,0.00565186,0.00334492
0.0112716,0.0052478,0.00463273,0.020327,0.0049861,0.00282366
0.0311135,0.0195871,0.00855659,0.0380467,0.012746,0.0136122
0.0510797,0.031906,0.0275882,0.123573,0.0317348,0.030541
0.0225875,0.0151598,0.00762989,0.0396771,0.0102204,0.0145571
0.00465559,0.00314699,0.00179269,0.0143797,0.00268827,0.00246212
0.00723297,0.00499821,0.00301908,0.0301272,0.006547,0.00248063
0.0144354,0.00958319,0.0050565,0.018116,0.00567218,0.00994751
0.00840021,0.00573345,0.00705975,0.0268609,0.00859298,0.0154318
0.0240749,0.0159895,0.0084095,0.0335685,0.00832248,0.0079223
0.0080146,0.00562987,0.00595374,0.0152794,0.00464667,0.00516069
0.0197621,0.0130504,0.0203092,0.0528225,0.0111326,0.0168502
0.00997709,0.00666603,0.00299571,0.00975496,0.00226124,0.0113673
0.019614,0.0133071,0.0066007,0.0183518,0.00607281,0.00590272
0.0111499,0.00733261,0.00305066,0.0227186,0.00661335,0.0106116
0.00665016,0.00474288,0.00193082,0.0133198,0.00349296,0.00196524
0.0215362,0.014109,0.0065482,0.052125,0.010966,0.00640399
0.0120738,0.00823331,0.00329592,0.0200981,0.00580318,0.0127465
0.0344271,0.0223006,0.0134492,0.0627141,0.0137862,0.0354197
0.0256067,0.017028,0.0100851,0.0468147,0.0143937,0.00982428
0.0108387,0.00747824,0.00604141,0.0156644,0.00469844,0.0039582
0.017667,0.0116082,0.00599519,0.029712,0.00654427,0.00892068
0.0410065,0.0255915,0.0108383,0.06662,0.016661,0.0191396
0.0316409,0.0204965,0.0101763,0.0382583,0.00980178,0.00830859
0.0101004,0.00710558,0.0038988,0.0236345,0.00610004,0.00629664
0.00951531,0.00625677,0.00265259,0.0328505,0.011248,0.0189544
0.0151049,0.0101969,0.00508282,0.0323925,0.00924015,0.00927646
0.0198483,0.0133396,0.00583038,0.045894,0.0118424,0.0127647
0.0103751,0.00703533,0.00390974,0.0185348,0.004421,0.00228564
0.0233105,0.0149059,0.0112964,0.0630407,0.0172665,0.0183171
0.0486361,0.0315789,0.0145208,0.0697782,0.0214174,0.0405593
0.0440366,0.0197223,0.0281245,0.0757868,0.02079,0.0158581
0.011104,0.00761183,0.00519647,0.0215309,0.00404587,0.0051842
0.0142584,0.00959008,0.00398487,0.0218621,0.00416622,0.0123333
0.0282436,0.0190112,0.00907798,0.0423127,0.00975968,0.0188356
0.0053521,0.00404641,0.00356709,0.00852339,0.00176703,0.00227097
0.0374885,0.0238968,0.0111255,0.0593172,0.0160245,0.0149103
0.0422826,0.0244281,0.0150213,0.0848449,0.0222064,0.0160302
0.00980448,0.00709674,0.00556598,0.0156964,0.00649257,0.00482792
0.0164123,0.0115294,0.00790068,0.0429067,0.0127769,0.014286
0.0353998,0.0229375,0.0086404,0.0461389,0.0102349,0.00902959
0.00807945,0.00565952,0.00389798,0.0183875,0.00264748,0.00726983
0.0461851,0.0293935,0.0188153,0.0663256,0.0193887,0.0159573
0.0485424,0.0300806,0.0362163,0.155482,0.0375767,0.0464315
0.0100385,0.00674014,0.00337154,0.021811,0.00617084,0.00531148
0.0230053,0.0124532,0.00812683,0.0452573,0.0109825,0.00562134
0.00870088,0.0062463,0.00300056,0.0152516,0.00302867,0.010626
0.0133327,0.00930415,0.00600114,0.0313019,0.00685091,0.00627816
0.00832816,0.00579261,0.00668444,0.0475749,0.0133306,0.032587
0.0269888,0.0177992,0.00882694,0.0389622,0.0102492,0.0089929
0.00952942,0.00664488,0.00382037,0.0213922,0.00411301,0.00783774
0.00427071,0.00306434,0.00302264,0.0158218,0.00278037,0.00259312
0.0355728,0.0217147,0.010057,0.0124319,0.00262563,0.0147511
0.00652987,0.00461061,0.0025883,0.0169548,0.00350423,0.00554151
0.0210449,0.0143833,0.0110384,0.0476376,0.0133482,0.00519197
0.00692668,0.00487221,0.00393623,0.0177627,0.0052684,0.00397404
0.0215326,0.0145333,0.0102803,0.0464128,0.0120227,0.0120972
0.00874672,0.00605134,0.00307665,0.0218306,0.00561074,0.00938083
0.0324174,0.0220254,0.0123239,0.0465974,0.011034,0.0158612
0.010947,0.00690351,0.00719418,0.0252053,0.0066331,0.00280445
0.0149451,0.0102341,0.0044337,0.0178033,0.00377964,0.0109846
0.00568105,0.00379174,0.00278277,0.0158182,0.0025416,0.0037946
0.00463489,0.00315007,0.005868,0.0286518,0.0057271,0.0111274
0.0224843,0.0148611,0.00805829,0.036142,0.0097132,0.0189034
0.0194338,0.0136536,0.0117705,0.0537863,0.0148971,0.0128536
0.0172237,0.011012,0.0052104,0.0256217,0.00621319,0.00444478
0.0136278,0.00900905,0.00446993,0.025609,0.00662938,0.00133106
0.00622876,0.00443748,0.00245024,0.0281997,0.00784432,0.011354
0.0118465,0.00834196,0.00371801,0.0196901,0.00689765,0.00743285
0.0188976,0.012442,0.0074005,0.0394235,0.0112574,0.0198748
0.0462714,0.0279748,0.0119088,0.0765546,0.0198685,0.0181366
0.0235325,0.0152596,0.0137609,0.0507653,0.0135533,0.0221125
0.0195763,0.0132017,0.0074717,0.030775,0.00971431,0.00527938
0.0221886,0.0147802,0.00611535,0.0241125,0.00881323,0.00444614
0.0783479,0.0447012,0.0407273,0.14927,0.0384968,0.0492365
0.0157454,0.00820785,0.00479162,0.0371434,0.00969504,0.0101034
0.0147392,0.00735776,0.0041336,0.0299483,0.00643607,0.00970456
0.0112096,0.00762737,0.00427892,0.0207733,0.00518892,0.00685043
0.0105555,0.00737235,0.00384066,0.01953,0.00420355,0.00306239
0.0108376,0.00775824,0.00397042,0.0175389,0.00484804,0.00463998
0.0121735,0.0082947,0.00350782,0.0236302,0.00704165,0.00917408
0.035612,0.021911,0.0114359,0.0700435,0.0181849,0.0185446
0.0391333,0.0255288,0.0118438,0.0369693,0.0109715,0.0367103
0.0209229,0.0137118,0.00789264,0.0373438,0.00852027,0.00975957
0.0261738,0.0175596,0.0114593,0.0433846,0.0104187,0.0105579
0.0236061,0.0149871,0.0170459,0.0662195,0.0212324,0.0251223
0.00586692,0.00386267,0.00135049,0.0224927,0.00597947,0.00754662
0.0354946,0.0149215,0.0153826,0.0774846,0.0196731,0.0258668
0.0360441,0.0149034,0.0153353,0.0692181,0.0167924,0.0238135
0.00535464,0.00373471,0.00230064,0.0152066,0.00282119,0.0109701
0.0159591,0.010729,0.0126675,0.072999,0.0186816,0.0418444
0.0196595,0.0131986,0.0111907,0.0539797,0.0138388,0.0107102
0.00700912,0.00492125,0.00304891,0.0215089,0.00522616,0.0011683
0.00935774,0.0061515,0.0031931,0.0245042,0.0031511,0.00376353
0.00851213,0.0056575,0.00689556,0.02671,0.00456025,0.00842614
0.0182885,0.0124701,0.00659371,0.0330514,0.00662546,0.00896297
0.0373922,0.0235094,0.0140025,0.0762942,0.0194524,0.0368736
0.0224538,0.015179,0.00896543,0.0340015,0.00926961,0.0237927
0.0144267,0.00966469,0.00644867,0.0157463,0.00336057,0.00636411
0.00920795,0.0063246,0.00399252,0.0263814,0.00524812,0.00676402
0.0207254,0.0131847,0.00703596,0.0326517,0.00952303,0.0171078
0.07694,0.0446292,0.0476887,0.198279,0.0551479,0.114458
0.0200947,0.0134183,0.00661195,0.0320675,0.00912877,0.00984532
0.0173563,0.0116239,0.00536127,0.0311089,0.0100798,0.00625332
0.00861503,0.00489991,0.00378209,0.0353213,0.00980891,0.00452919
0.0129225,0.00914102,0.00823234,0.0324129,0.0084464,0.0080251
0.0178503,0.0119305,0.00801322,0.0713582,0.0172881,0.0149204
0.00719073,0.00465134,0.00270297,0.014476,0.00199957,0.00158043
0.0389729,0.0240662,0.017132,0.0826411,0.0201916,0.0206315
0.0199667,0.0134303,0.00791644,0.0152764,0.00229469,0.00342976
0.0094279,0.00612361,0.00300154,0.00940542,0.00189017,0.00245687
0.00394687,0.00307464,0.00204529,0.016014,0.00414058,0.00169038
0.00887007,0.00641999,0.00782988,0.0513018,0.0105632,0.0216493
0.0243275,0.016977,0.013741,0.0367131,0.00949517,0.0241678
0.0126865,0.00893304,0.00452529,0.0168323,0.00404949,0.00434001
0.0357521,0.0231187,0.013489,0.0688024,0.0191174,0.0192712
0.019194,0.0131689,0.00709131,0.0236896,0.00685816,0.00269703
0.0160762,0.0107337,0.0111583,0.0620893,0.0178264,0.0332132
0.0398767,0.0260698,0.0137343,0.0500127,0.0132796,0.0220632
0.0194836,0.0135976,0.00716644,0.0221159,0.00714328,0.0087348
0.0218182,0.0146828,0.00648145,0.0291362,0.00630948,0.00764739
0.0156765,0.0108571,0.00474686,0.0239294,0.00616563,0.0195261
0.00569789,0.00392073,0.0026598,0.00747827,0.0031596,0.00294438
0.0278312,0.0183647,0.00981198,0.0511111,0.0118632,0.0199801
0.0234121,0.0151547,0.0172354,0.0486526,0.013752,0.00888493
0.00776641,0.00522838,0.00379274,0.00924138,0.00332947,0.00434066
0.0227019,0.014533,0.00863262,0.0232282,0.00542502,0.0112195
0.00831297,0.00595931,0.00614881,0.0255245,0.00441544,0.00784028
0.00975903,0.00650178,0.00487016,0.0250872,0.00731386,0.0088987
0.0193647,0.0130281,0.00704263,0.0307036,0.00667973,0.0131197
0.0076987,0.00559365,0.00214711,0.017179,0.00384449,0.0193361
0.0297062,0.0121958,0.0275598,0.136355,0.0337251,0.0336375
0.00491234,0.00329954,0.0028895,0.011564,0.00241588,0.00356129
0.0165403,0.0109685,0.00523493,0.026783,0.00732485,0.0179971
0.0130946,0.0087841,0.00395405,0.0243693,0.00718123,0.011405
0.0304462,0.0196619,0.010186,0.0472574,0.0113786,0.00722832
0.0157634,0.0108464,0.00718727,0.0102546,0.00293578,0.00509155
0.0488924,0.0319271,0.0172983,0.0692783,0.0171414,0.0194149
0.0403432,0.0191342,0.0395765,0.107422,0.0318591,0.0599822
0.028022,0.0152381,0.0128634,0.0451884,0.0117665,0.0151764
0.0154558,0.0105327,0.00440391,0.0284538,0.00803648,0.0138132
0.0208704,0.0138191,0.00717534,0.0291709,0.0104154,0.00929977
0.0132416,0.00862112,0.00712441,0.00496864,0.00033259,0.0079054
0.00984291,0.00699425,0.00302872,0.0240817,0.00515398,0.00659911
0.0242461,0.0167646,0.0114012,0.0435821,0.00973123,0.0090431
0.00745983,0.0048286,0.00356578,0.0159887,0.00299275,0.00280312
0.0135319,0.00892448,0.00413983,0.0205016,0.00386432,0.00397766
0.0121423,0.00494934,0.00470273,0.0326801,0.0101418,0.0132929
0.0171161,0.00875708,0.00581632,0.0380198,0.00936422,0.0194678
0.0103517,0.00734309,0.00357278,0.0250602,0.00485862,0.0117105
0.00515836,0.00357973,0.0025025,0.0245678,0.00358814,0.00168768
0.0138755,0.0091023,0.0140387,0.0596592,0.0167382,0.0118025
0.0221003,0.012839,0.00761629,0.0544691,0.017627,0.019103
0.0233396,0.0128515,0.0054721,0.0330939,0.00955533,0.00652236
0.0142882,0.00883236,0.0198865,0.0672588,0.0206197,0.0382793
0.0176335,0.0118292,0.00490973,0.0281339,0.00709395,0.0122696
0.00575251,0.00393582,0.00584539,0.0323961,0.00897428,0.0167176
0.016966,0.0117226,0.00501453,0.0245507,0.00454204,0.0123566
0.0248712,0.0171339,0.00996437,0.0304265,0.00979285,0.00903978
0.00665967,0.00489998,0.00350056,0.0194868,0.00377675,0.00889871
0.00459272,0.00345459,0.00213719,0.0113165,0.00233313,0.00525137
0.00805408,0.0055813,0.00240581,0.01034,0.00303745,0.00216518
0.00668097,0.00446309,0.00212512,0.0159331,0.00311294,0.00803657
0.030301,0.0199067,0.0114182,0.0479752,0.0122699,0.00583556
0.0560027,0.0337215,0.0432998,0.261222,0.0648468,0.0930037
0.0389405,0.0250008,0.022425,0.0904497,0.0250602,0.0733561
0.0147294,0.0100896,0.00570472,0.00327232,0.000716057,0.0172218
0.0450187,0.0186706,0.0285007,0.0934589,0.0300498,0.0338076
0.0460854,0.0186789,0.0287575,0.0910975,0.0279426,0.0316713
0.0461074,0.0284707,0.0165819,0.0933293,0.0265684,0.0143544
0.0213626,0.0138193,0.00599817,0.0344552,0.00853091,0.0213887
0.00776866,0.00542483,0.00364317,0.0167747,0.00432702,0.00262311
0.0125722,0.00848583,0.00494572,0.0278134,0.00670717,0.00993448
0.0195541,0.0135295,0.0112985,0.0351082,0.00999407,0.0162068
0.00622167,0.00439548,0.00236718,0.0165316,0.00162364,0.00399849
0.0141404,0.00939577,0.00689123,0.0246222,0.00628436,0.00420958
0.00582641,0.0040912,0.00135684,0.0209198,0.00284605,0.00335705
0.00669275,0.0045363,0.002832,0.0134867,0.00438893,0.00201633
0.00712081,0.00520006,0.00237479,0.0126809,0.00248809,0.000781367
0.0398279,0.0260802,0.0142696,0.0677469,0.015299,0.0137874
0.0207848,0.0137903,0.00771575,0.0142057,0.00439286,0.00751234
0.00512025,0.00344535,0.00221203,0.0129737,0.0041583,0.00616572
0.00968981,0.00648341,0.00399959,0.0177941,0.00466208,0.00353985
0.0129297,0.0087551,0.00520285,0.038579,0.00946316,0.012212
0.0122961,0.00882291,0.00624896,0.0332044,0.0114491,0.0154553
0.0128874,0.007403,0.00531119,0.0326952,0.00576768,0.00449068
0.016667,0.0111655,0.00425489,0.0186329,0.00439193,0.00503018
0.0217281,0.0140918,0.01445,0.0885997,0.0230725,0.0480562
0.0080036,0.00539986,0.00431812,0.0188148,0.0047003,0.00367136
0.0131569,0.00952252,0.00892135,0.0367506,0.0113224,0.0140892
0.00688934,0.00486272,0.00374516,0.0190668,0.00257414,0.00450587
0.0220548,0.0146213,0.00879345,0.0452222,0.0120671,0.00908549
0.00529108,0.0040457,0.00258346,0.0102784,0.00224015,0.00297413
0.00648831,0.00438505,0.00248496,0.0105752,0.0027663,0.00339026
0.00968635,0.00690871,0.00529885,0.0270016,0.00738554,0.0070976
0.0277508,0.017704,0.0147417,0.0543321,0.014491,0.010373
0.0345468,0.0207641,0.0115964,0.0577951,0.0120172,0.00843173
0.0114666,0.0075326,0.00426871,0.019186,0.00398566,0.00717932
0.0646846,0.0299275,0.0342347,0.190314,0.0529921,0.0955693
0.0278035,0.0178824,0.00754712,0.0504389,0.0119363,0.00842969
0.0161343,0.0110229,0.00518293,0.0279392,0.00871733,0.00947082
0.0116821,0.00774122,0.00411179,0.0182765,0.00373052,0.00271962
0.0268856,0.0177465,0.00847137,0.0431165,0.0109592,0.00788229
0.00909221,0.00595373,0.00397856,0.0244002,0.00862127,0.0234078
0.040839,0.0255896,0.0352017,0.14468,0.0366665,0.0252307
0.0318431,0.0212215,0.0231504,0.0743475,0.0175675,0.0205605
0.00856672,0.00565752,0.00273007,0.0336912,0.00729988,0.0037357
0.0234913,0.0154023,0.0239782,0.128038,0.0340858,0.039432
0.00930812,0.00595995,0.00418427,0.0186369,0.00485446,0.00395584
0.0129394,0.00810273,0.00746852,0.0431086,0.0110112,0.0158673
0.0744632,0.0367444,0.034257,0.120236,0.0282721,0.0335182
0.0080623,0.00531783,0.00263897,0.0308705,0.00588071,0.00165562
0.00838257,0.00578788,0.00295138,0.0172717,0.00434793,0.00337495
0.0317271,0.020116,0.0228673,0.0955748,0.0236644,0.0396913
0.00582406,0.00421335,0.0024603,0.0180924,0.0024922,0.0017866
0.00709599,0.00472451,0.00442801,0.0109235,0.00314666,0.00390205
0.0216895,0.0143005,0.00817546,0.0592857,0.0163337,0.0284109
0.0336358,0.0201942,0.023212,0.101981,0.0246718,0.0435211
0.00582189,0.00410993,0.00199693,0.0219765,0.00677386,0.00422432
0.0132764,0.00890502,0.00463134,0.0296217,0.00566974,0.0149461
0.0142169,0.00961675,0.00331165,0.0222458,0.00550621,0.010067
0.0198091,0.0129798,0.00621616,0.0406611,0.00963114,0.0125735
0.018134,0.0121095,0.0146698,0.0665487,0.0175372,0.0120845
0.0120388,0.0080317,0.00463783,0.0161222,0.0042745,0.00305634
0.0343481,0.0222815,0.0175779,0.0747218,0.0198369,0.0208128
0.00650589,0.00441661,0.00214415,0.0221597,0.00465395,0.00644638
0.0365981,0.0158116,0.0133579,0.0784971,0.0227131,0.0368604
0.0378676,0.0158638,0.0132726,0.0784778,0.0211497,0.0375012
0.0138063,0.00921645,0.00506037,0.0196455,0.00500982,0.00228956
0.022515,0.0147874,0.00678468,0.0358733,0.00919225,0.0198096
0.0111968,0.00767694,0.0030742,0.0162026,0.00348378,0.00288701
0.00724373,0.00520692,0.00355017,0.0159032,0.00390136,0.00602577
0.0452365,0.0257818,0.0149557,0.0799849,0.0229163,0.0245726
0.0215326,0.0142529,0.0191522,0.0718879,0.0214605,0.0357549
0.0193742,0.0131659,0.0068508,0.0199098,0.00543936,0.0051341
0.0140219,0.00517248,0.00499144,0.0387938,0.0117757,0.00668132
0.0141955,0.00517989,0.00518254,0.0380464,0.0108219,0.00687905
0.00633524,0.00414151,0.00167784,0.0153208,0.00370063,0.00242925
0.0147842,0.0104355,0.00444055,0.0269052,0.00728329,0.0136211
0.0220242,0.0143239,0.0152422,0.0722058,0.0204745,0.0887816
0.022214,0.0143757,0.00654222,0.0269985,0.00799213,0.00249586
0.0157334,0.010726,0.00531723,0.0322568,0.00796166,0.00643094
0.0100353,0.00663223,0.00488108,0.0226139,0.00809611,0.00554712
0.00609251,0.00450488,0.00395508,0.0217908,0.00592045,0.00318862
0.00625585,0.0044834,0.0018801,0.00984741,0.000507475,0.000298191
0.00484102,0.00330878,0.0032981,0.0114173,0.00420667,0.00225068
0.0127044,0.00846561,0.00513179,0.0303363,0.00618373,0.00792164
0.0268498,0.0178383,0.010328,0.0388107,0.0100578,0.0141843
0.0108551,0.00712727,0.00446181,0.0223492,0.00519386,0.00119841
0.00953407,0.00651605,0.00308611,0.0057079,0.00300351,0.00453194
0.00980384,0.00675577,0.0033627,0.0107108,0.00300777,0.00232497
0.024586,0.0159199,0.0117459,0.0471932,0.0133769,0.0181712
0.0135162,0.00910166,0.00518529,0.0150338,0.00480421,0.00643486
0.0144386,0.00995737,0.00474547,0.0316041,0.00699599,0.00972795
0.0115635,0.00789407,0.00765396,0.0289615,0.0069467,0.0184452
0.0197123,0.0137111,0.00761339,0.0488771,0.0138265,0.00418453
0.0256411,0.0175067,0.0204454,0.064609,0.0157111,0.0158172
0.0166254,0.0110221,0.00501442,0.0331297,0.00687484,0.00194977
0.0224534,0.0145311,0.0063787,0.0411277,0.0082745,0.00677987
0.0415911,0.0189435,0.018853,0.089428,0.023807,0.0225529
0.0519967,0.0279791,0.0234064,0.0773247,0.0199803,0.0158164
0.0251999,0.0155135,0.027976,0.0836519,0.0213166,0.0172299
0.0134318,0.00911225,0.00461614,0.0246005,0.00821472,0.00767997
0.0134724,0.00891652,0.00629211,0.0261645,0.00632991,0.00496509
0.0204855,0.0135973,0.00532767,0.0365536,0.0085406,0.00382161
0.0122915,0.00802384,0.00515126,0.0236144,0.00746424,0.00991836
0.015813,0.0106681,0.00497056,0.0778265,0.0202362,0.0328772
0.0113709,0.0077967,0.00358869,0.0207637,0.00543402,0.00307218
0.0398641,0.0253241,0.0177328,0.0719882,0.0195784,0.0076501
0.00718171,0.00470389,0.00756866,0.0116245,0.00235815,0.00333301
0.0113343,0.00727336,0.00676626,0.0239566,0.00642839,0.00586892
0.0312527,0.0201653,0.0101206,0.0343837,0.00775718,0.00974115
0.0422702,0.0270888,0.0222739,0.0673087,0.016633,0.0117937
0.0218558,0.0144204,0.0116191,0.0485403,0.0097843,0.0143237
0.010985,0.00745264,0.00321181,0.0134904,0.00291137,0.00367977
0.0249318,0.0157721,0.00607138,0.0450082,0.0135059,0.0337161
0.00577164,0.00443888,0.00274622,0.0123565,0.00228657,0.0114769
0.00750672,0.00549596,0.00311232,0.0217507,0.0040452,0.00715412
0.0119925,0.00815641,0.00283611,0.0118491,0.00418833,0.0111729
0.0396545,0.0259162,0.0160522,0.0880794,0.0215949,0.0338246
0.024416,0.0157724,0.00823838,0.0315102,0.00847437,0.00642877
0.00821625,0.00551294,0.00348114,0.0115054,0.00370864,0.0107128
0.0145351,0.00976322,0.00531604,0.0223554,0.00516284,0.00510636
0.00709987,0.00510782,0.00245248,0.0212689,0.00459857,0.0018089
0.00430377,0.00311885,0.00247884,0.0086385,0.00235417,0.0052498
0.0135757,0.00949716,0.00511751,0.0278871,0.00560291,0.00727891
0.0125941,0.00870808,0.00376554,0.0282663,0.00497468,0.00437625
0.00545803,0.00372827,0.00449807,0.000310558,0.000808006,0.0122077
0.0105942,0.00716316,0.00459132,0.0173012,0.00368118,0.00531532
0.0115193,0.00771163,0.0043578,0.0168401,0.00461444,0.0111147
0.00871879,0.00591069,0.00194864,0.0121883,0.0055235,0.00517872
0.0153992,0.0105465,0.00351605,0.0239724,0.00578645,0.00696741
0.0144752,0.00670197,0.00605492,0.023268,0.00405358,0.00825882
0.0098583,0.00679622,0.00385076,0.0253724,0.00675715,0.00365357
0.00465783,0.0034946,0.00232221,0.0164727,0.00419394,0.00669275
0.0392266,0.0264811,0.0284396,0.0922303,0.0258936,0.0256698
0.0363571,0.0236011,0.0138368,0.0557996,0.0140134,0.00958921
0.0418267,0.0271668,0.0165598,0.0492493,0.0127261,0.0159256
0.0345441,0.0206925,0.0228651,0.110672,0.0306665,0.047233
0.0155122,0.00999121,0.0102341,0.0694283,0.0189267,0.0422668
0.0351644,0.0149039,0.0152349,0.0537868,0.0138346,0.0111099
0.0352272,0.0149179,0.0153132,0.0498846,0.0116512,0.0107305
0.0188215,0.0098281,0.00641873,0.0417367,0.0073605,0.0100596
0.0141344,0.00633864,0.00433464,0.0207,0.00302019,0.00778882
0.0198711,0.0128058,0.00686357,0.0382749,0.00753846,0.0151617
0.0283517,0.018465,0.010905,0.0609945,0.016145,0.0351665
0.0122615,0.00866293,0.00536835,0.0423988,0.0109748,0.0072053
0.0231967,0.0156314,0.00650654,0.0314818,0.00978878,0.0110111
0.00658984,0.00441644,0.00208042,0.0114798,0.00180995,0.0053858
0.0231048,0.0158703,0.00683667,0.0232926,0.0065553,0.00801513
0.0045616,0.00330749,0.00348123,0.00279602,0.000911938,0.00385197
0.004418,0.00328734,0.00132511,0.0187945,0.00413917,0.00152136
0.00777988,0.00541264,0.0119731,0.0314214,0.0106781,0.0096813
0.0135231,0.00935331,0.00821934,0.0335875,0.00725484,0.00284544
0.0369878,0.0222991,0.0228672,0.125589,0.0313488,0.0538105
0.0128978,0.00875665,0.00326706,0.0202413,0.00473124,0.00180515
0.00884589,0.00621072,0.0105686,0.0233216,0.00561428,0.00444748
0.0127774,0.00846313,0.00857957,0.0345097,0.00833562,0.00914091
0.00936291,0.00619085,0.00274788,0.0166713,0.0044977,0.00572058
0.00531526,0.00341982,0.0038632,0.0153554,0.00411637,0.00208444
0.00777205,0.00564684,0.00315044,0.017657,0.00408509,0.00567064
0.00558629,0.00355956,0.00247226,0.00424293,-0.000379755,0.00198063
0.0108046,0.00791423,0.0042086,0.00641279,0.00157916,0.00830869
0.0119694,0.00816687,0.00408249,0.0255934,0.00559782,0.00741768
0.0573113,0.0348601,0.0180091,0.0818482,0.0182225,0.0320324
0.0120959,0.00812367,0.00442154,0.0223765,0.00598794,0.0136971
0.0381585,0.0246706,0.0121129,0.0646651,0.017496,0.021097
0.00588583,0.00452259,0.015285,0.0148392,0.00436814,0.002394
0.0210024,0.0137804,0.00753319,0.0291186,0.0106974,0.00955173
0.0126119,0.00830428,0.00335726,0.0190052,0.00511307,0.0113233
0.0207783,0.014176,0.0133729,0.0528103,0.0148517,0.020485
0.0137298,0.00931512,0.0040431,0.0115515,0.00503845,0.00634382
0.00764045,0.00550163,0.00254577,0.015246,0.00551376,0.00538547
0.0119156,0.00849874,0.00413551,0.0257574,0.00760714,0.00609041
0.0141213,0.00955153,0.00569106,0.04346,0.0103519,0.0192972
0.0119805,0.00811921,0.00425205,0.00695099,0.000806202,0.00511619
0.0400915,0.0261291,0.00939558,0.0453326,0.0092513,0.0205606
0.0143009,0.00979973,0.00598527,0.0312253,0.0101408,0.0226901
0.0413363,0.0262727,0.0272393,0.110087,0.0252192,0.0289711
0.0422726,0.0270411,0.0157793,0.0609729,0.0149072,0.0169494
0.0129966,0.00695161,0.00341429,0.0340518,0.0111237,0.00632449
0.00940616,0.00476211,0.00283886,0.0188878,0.00444421,0.00319362
0.0247129,0.0156149,0.0226172,0.0920356,0.023275,0.0263508
0.0158209,0.011063,0.0061455,0.0211703,0.00539605,0.00550203
0.0121692,0.00837675,0.00349543,0.0257252,0.00548578,0.00463658
0.0395127,0.0244213,0.0201011,0.141444,0.0324667,0.0318446
0.0221931,0.0146677,0.00791571,0.0336413,0.00987521,0.00550749
0.0102778,0.00711657,0.00376397,0.024634,0.00526008,0.00896692
0.0345832,0.0207873,0.0165522,0.0478604,0.0128181,0.0123642
0.0188292,0.00948114,0.00792367,0.0213517,0.00541815,0.00731064
0.0214053,0.0145742,0.0191326,0.0863698,0.0203904,0.0222596
0.0412917,0.0248879,0.0145581,0.082189,0.0215237,0.0314569
0.0107048,0.00701048,0.00483522,0.0197099,0.00379234,0.00427236
0.0652339,0.0330744,0.037802,0.157897,0.0428895,0.0376798
0.0234649,0.0156309,0.00827363,0.0289474,0.00796863,0.00480939
0.0322425,0.0202873,0.0205384,0.0799217,0.022257,0.027661
0.0274206,0.017972,0.0128842,0.0963654,0.0260925,0.0119426
0.00676208,0.00457292,0.00250135,0.0166397,0.00314085,0.00313128
0.0192555,0.00969178,0.00696709,0.0580427,0.0159477,0.0241224
0.0154988,0.0058047,0.00540136,0.032054,0.00676194,0.00803563
0.0372097,0.0224837,0.0155316,0.0837681,0.0223209,0.0141123
0.00555089,0.00399231,0.00311226,0.0168081,0.00517179,0.00615241
0.00929497,0.00614202,0.00300306,0.0143583,0.00208258,0.00220987
0.021704,0.0146067,0.00798722,0.0177735,0.00585737,0.0150729
0.0205603,0.0133017,0.00924108,0.0517711,0.0121751,0.00618452
0.0223588,0.0152291,0.00713751,0.0372122,0.0102743,0.00789446
0.0109768,0.00757371,0.00237052,0.0188005,0.00491601,0.00209253
0.00602279,0.00387535,0.00268714,0.00167132,-0.000620746,0.0039019
0.062923,0.0260565,0.0304119,0.123066,0.0347012,0.0310484
0.0689178,0.0261287,0.0313806,0.117584,0.0307606,0.0279821
0.0065588,0.00431301,0.00464529,0.0178981,0.00461717,0.00899112
0.00916593,0.00610835,0.00781822,0.0592172,0.0144153,0.00749894
0.018306,0.011886,0.0214123,0.104921,0.0261887,0.0332099
0.00946901,0.00647038,0.00357505,0.0132111,0.00328835,0.00230445
0.0165859,0.0109037,0.00485815,0.0227809,0.00547136,0.00393518
0.00876745,0.00588253,0.00187886,0.0160064,0.0037854,0.00325696
0.00774476,0.00503549,0.0022259,0.0132428,0.00367995,0.00283988
0.0482894,0.0280428,0.0232292,0.0985281,0.0233881,0.0470391
0.025028,0.0167018,0.00696703,0.0328791,0.0109556,0.00729771
0.027405,0.0181958,0.0120797,0.0625184,0.0163968,0.022909
0.0192554,0.0126564,0.00528385,0.0437058,0.00970882,0.00577495
0.0100948,0.00689289,0.00440565,0.0233645,0.00522001,0.013034
0.0136945,0.0090915,0.00365897,0.0296023,0.00861045,0.00786091
0.0340542,0.0151253,0.0258263,0.146345,0.0344735,0.0625032
0.0241149,0.0155818,0.00679492,0.0447711,0.00893232,0.0120329
0.0240531,0.0155816,0.010668,0.0418576,0.00817043,0.00559194
0.0272511,0.0180874,0.00776603,0.0402899,0.0092354,0.024838
0.0108299,0.00486881,0.00449619,0.0299996,0.00764596,0.00981145
0.0103903,0.00396397,0.00431534,0.016689,0.00434491,0.0063097
0.0115574,0.00758724,0.00280158,0.0165982,0.00424088,0.00258491
0.0164057,0.010778,0.00547756,0.029989,0.00713783,0.0174483
0.00959975,0.00668019,0.00392876,0.0110571,0.00440181,0.0022764
0.00809307,0.00554806,0.00275737,0.0233468,0.00562811,0.0098259
0.0668687,0.0393239,0.0245652,0.0922781,0.0219747,0.0385399
0.0213214,0.0142486,0.00753494,0.0340291,0.007062,0.00461317
0.0215944,0.0116498,0.00502357,0.0509484,0.0118058,0.0187774
0.0154179,0.0101233,0.00501683,0.0181103,0.00606731,0.00427509
0.019933,0.013119,0.00572131,0.0374305,0.00965935,0.0239841
0.0270973,0.0174693,0.0119152,0.062123,0.0145591,0.00790899
0.0241259,0.0155893,0.0247503,0.06987,0.0191295,0.0157483
0.0051227,0.003843,0.00318984,0.0174854,0.00581843,0.00572791
0.0103644,0.00689634,0.00754655,0.0416962,0.0104096,0.0152193
0.0133592,0.0092897,0.00303035,0.0270244,0.00698902,0.0132574
0.014996,0.0100179,0.00253919,0.0264783,0.00823084,0.00559653
0.0159437,0.0111984,0.00641861,0.0207372,0.00487096,0.00563012
0.0101391,0.00707995,0.00370694,0.0148426,0.00369315,0.00553328
0.0161971,0.0112653,0.00573165,0.021654,0.00662411,0.00480122
0.014311,0.00980533,0.00447425,0.0226406,0.00496264,0.00702195
0.00691568,0.00489282,0.00756499,0.0359817,0.0105153,0.0156248
0.0371453,0.0227679,0.0122327,0.0584242,0.0151366,0.00802604
0.0281252,0.0186509,0.00938673,0.0351595,0.00728851,0.00376529
0.0313096,0.0199296,0.0108563,0.0466606,0.012401,0.0275208
0.0333672,0.0173867,0.0118012,0.0804409,0.0204576,0.0141675
0.0117024,0.00775981,0.00401014,0.0200415,0.00475089,0.0059094
0.0238694,0.0158531,0.00725334,0.027906,0.00643603,0.00561455
0.010898,0.00760467,0.0042222,0.00604583,0.00197381,0.00499375
0.0433311,0.0265129,0.0240584,0.107592,0.0271326,0.0549873
0.0410267,0.0256553,0.0238185,0.0928835,0.0248544,0.0120844
0.00717459,0.00469351,0.00314198,0.0144422,0.0034367,0.00433252
0.00513569,0.00352835,0.00739996,0.0413994,0.0116717,0.0146914
0.0136495,0.00942506,0.00467935,0.0250373,0.00513394,0.00148986
0.0149848,0.0100467,0.0116158,0.0570846,0.014245,0.0117451
0.00816235,0.00583051,0.00301521,0.0184248,0.00451858,0.00327519
0.00696497,0.00456547,0.00423167,0.0131055,0.00122524,0.00472466
0.0284884,0.0184781,0.0105832,0.0497192,0.0127788,0.0279609
0.00909557,0.00650704,0.00334996,0.024843,0.00535408,0.00198075
0.00803,0.00521858,0.00698745,0.013811,0.00257306,0.00201415
0.0210483,0.0141798,0.00650361,0.0421584,0.0124235,0.0119771
0.0141077,0.0102047,0.00641734,0.0296721,0.0066767,0.00650892
0.00475613,0.00348803,0.00372493,0.0153789,0.00378204,0.00397506
0.0125835,0.00864609,0.00442239,0.0309579,0.00960441,0.0099067
0.015914,0.0111344,0.003566,0.0462495,0.0138915,0.0214705
0.0127191,0.00871553,0.00437633,0.0221214,0.0056692,0.00450456
0.0097685,0.00656677,0.00335642,0.0147139,0.00394154,0.00396572
0.0474539,0.0280828,0.0276999,0.144872,0.0409445,0.0616497
0.00868193,0.00609215,0.00290545,0.0146732,0.00534256,0.00686035
0.0248902,0.0165854,0.00795456,0.0351808,0.00864332,0.0114559
0.0318701,0.0124082,0.0122634,0.0670826,0.0187364,0.0138981
0.0309916,0.0134535,0.0117124,0.0554914,0.0132128,0.0115973
0.0540661,0.0301282,0.0202451,0.0741908,0.0198632,0.0659089
0.00758076,0.00561602,0.00398776,0.0374482,0.0072979,0.00318378
0.0297302,0.0143901,0.0128825,0.0584769,0.015522,0.00933967
0.0286436,0.0172491,0.0119036,0.0676448,0.0178727,0.0197895
0.0325877,0.0174523,0.012041,0.0551569,0.0123395,0.0182735
0.00725234,0.00516606,0.00337314,0.0226975,0.00471495,0.00832188
0.0120838,0.00837368,0.00647909,0.028639,0.0103287,0.0153536
0.0364696,0.0243317,0.0137753,0.0396718,0.00979879,0.00758657
0.0253917,0.0163471,0.00895944,0.0388544,0.00947797,0.0107232
0.0129477,0.0086367,0.00379478,0.0219975,0.00583018,0.015039
0.0306488,0.0201026,0.0114277,0.0457495,0.0134444,0.0158281
0.00452334,0.00302371,0.00173386,0.012202,0.00421679,0.00132648
0.0263535,0.0160565,0.00874503,0.0520514,0.0128106,0.00942959
0.0100901,0.00718379,0.00283295,0.0143739,0.00403646,0.00148197
0.0153092,0.0101647,0.00854199,0.024346,0.00626228,0.0113012
0.0232636,0.0150844,0.014837,0.086703,0.0234085,0.0243498
0.0208479,0.010154,0.00824735,0.0465117,0.0127177,0.012444
0.0245631,0.0126774,0.010712,0.0450433,0.0110958,0.0102217
0.0219936,0.0149061,0.0053921,0.022976,0.00723502,0.0064617
0.0188133,0.0124343,0.00897028,0.0320882,0.00769626,0.0126645
0.0285369,0.0189464,0.0142209,0.0452748,0.012373,0.0148931
0.0254079,0.0166479,0.0175817,0.0768635,0.018293,0.0129388
0.00636414,0.00415954,0.00280386,0.0137273,0.00441455,0.00298275
0.019776,0.00960629,0.00868259,0.0361347,0.00804001,0.0107108
0.00686734,0.00468251,0.00282154,0.00898079,0.00337863,0.00492899
0.00654376,0.00452268,0.00232378,0.0173308,0.00252247,0.00552466
0.00593798,0.00397885,0.00290438,0.00632926,0.00150202,0.00348757
0.00567934,0.00421669,0.00246443,0.0145151,0.00316974,0.00169223
0.015155,0.0103286,0.00520839,0.0199242,0.00364581,0.00351857
0.0235145,0.0158726,0.00750094,0.0455418,0.00956374,0.00853266
0.0319647,0.0194864,0.0196067,0.0968975,0.0231776,0.0695386
0.0212378,0.0139822,0.0116479,0.0459757,0.010094,0.0340138
0.022852,0.0145991,0.0140223,0.0629298,0.0161415,0.0218858
0.0292244,0.0189961,0.0118647,0.0369232,0.00900194,0.0147981
0.0233786,0.014761,0.00867488,0.0274306,0.00623643,0.0049733
0.0266481,0.0182752,0.00854309,0.0243078,0.00793985,0.0152888
0.032943,0.0211821,0.00878486,0.0549716,0.0148269,0.00557348
0.0250681,0.0160138,0.00848669,0.0407292,0.0106596,0.00800577
0.0210031,0.0141029,0.00608749,0.0464706,0.0105541,0.00650475
0.013239,0.00896721,0.00445887,0.0144959,0.00483838,0.00279812
0.0222487,0.0149841,0.00705832,0.0302926,0.00779972,0.015589
0.0139222,0.0095465,0.00504755,0.0240623,0.00749683,0.00659526
0.00923843,0.00666529,0.00371227,0.0284878,0.00655864,0.00452122
0.00982665,0.00628982,0.00894415,0.0663645,0.0175026,0.00799752
0.0150811,0.0101493,0.0094379,0.0276766,0.0069017,0.00811603
0.0158222,0.0111569,0.00526229,0.00711223,0.00163837,0.00566795
0.0253447,0.0162682,0.00788167,0.0284783,0.00664036,0.00489625
0.0131563,0.00902509,0.00406353,0.0277763,0.0083428,0.0221531
0.00641719,0.00416884,0.00189802,0.00180241,0.000997651,0.00391886
0.0207492,0.0141586,0.0104228,0.106675,0.0280633,0.026272
0.00525603,0.00341658,0.00393891,0.0137478,0.00303965,0.00526121
0.0360052,0.0217498,0.011115,0.0664176,0.0171688,0.0219064
0.0114322,0.00765507,0.0036807,0.0215771,0.00613822,0.00511169
0.0116918,0.0078323,0.00317999,0.0213616,0.00564135,0.018593
0.0274146,0.0181639,0.0126068,0.0373908,0.0102243,0.00564613
0.0618715,0.0343883,0.0456374,0.161552,0.0425626,0.063077
0.0198881,0.0119857,0.032133,0.107578,0.0287728,0.0686898
0.0218831,0.015184,0.0142389,0.0515329,0.0148814,0.0189843
0.020469,0.0140629,0.00709602,0.0372403,0.0104782,0.0110079
0.0157899,0.0105391,0.00855613,0.0301475,0.00746844,0.0134748
0.0179106,0.0121539,0.00597405,0.0270044,0.00629109,0.0113432
0.0356764,0.0213378,0.0140667,0.043752,0.0146622,0.0188721
0.010441,0.0069134,0.00509697,0.0176315,0.00441607,0.0101824
0.0184227,0.0122627,0.00585269,0.0223074,0.00570321,0.00879557
0.00960947,0.00678999,0.0036244,0.0206181,0.00515098,0.00692283
0.0117958,0.00603136,0.00596818,0.038095,0.00953693,0.00855429
0.00665559,0.00448314,0.00370067,0.0177304,0.00425203,0.00345467
0.027923,0.0162576,0.0333229,0.177182,0.0456933,0.0387744
0.0316104,0.0161824,0.0369958,0.175597,0.0432022,0.0360698
0.0163342,0.0114993,0.00881566,0.0270567,0.0068806,0.0103375
0.00927966,0.0068318,0.00562032,0.0374234,0.0114609,0.0161392
0.0198526,0.00800456,0.0219916,0.0723156,0.022563,0.0327933
0.0215048,0.00935567,0.0195223,0.0568407,0.014696,0.0259307
0.0149719,0.0097186,0.00540258,0.0258223,0.00612312,0.00895303
0.0067275,0.00432998,0.00366264,0.00217242,0.000392516,0.00381942
0.0122041,0.00715358,0.00482201,0.060923,0.0169116,0.0158046
0.014291,0.00836933,0.00763114,0.0448863,0.0106007,0.0219084
0.00892294,0.00619399,0.00463293,0.0186514,0.00468659,0.00287901
0.00829487,0.00549165,0.0036658,0.0200437,0.00588322,0.0078691
0.0123974,0.00851791,0.0045471,0.0373253,0.00818249,0.00707265
0.0064629,0.00430133,0.00301704,0.00491249,0.000354538,0.00346464
0.0156616,0.0103956,0.00605567,0.0222434,0.00663718,0.0203638
0.01304,0.00907146,0.0060429,0.0254354,0.00612983,0.0048363
0.0159791,0.011046,0.00520502,0.00910212,0.000698862,0.0150598
0.014562,0.00987412,0.00535528,0.0188073,0.00411146,0.00715872
0.0483772,0.0300379,0.0316159,0.158037,0.0420874,0.0797665
0.043641,0.0267203,0.016523,0.0574196,0.0147315,0.0475288
0.012793,0.00869729,0.00392406,0.0216534,0.00498966,0.00632306
0.0090079,0.00374793,0.00275673,0.0196873,0.0060976,0.00513606
0.0384463,0.0173586,0.0103723,0.0665789,0.018238,0.0144095
0.0371317,0.0174544,0.0101587,0.0633891,0.0166761,0.0138074
0.0114598,0.00797254,0.00437841,0.0145684,0.0054975,0.00595104
0.0252951,0.0161648,0.0202906,0.097363,0.0241685,0.0504576
0.0213233,0.0144495,0.024329,0.0678189,0.0183263,0.0189477
0.0366617,0.0154803,0.0170726,0.048231,0.0104995,0.00733455
0.0357158,0.0203238,0.0328961,0.143785,0.0382126,0.05976
0.0130418,0.00934757,0.00679053,0.00407378,0.0010458,0.0032477
0.031377,0.0190305,0.0209686,0.126189,0.0326172,0.0296036
0.035816,0.0219553,0.020118,0.0805137,0.0197766,0.0306982
0.00406848,0.00294127,0.00192117,0.0140811,0.00323121,0.00186411
0.0131286,0.00919046,0.00561909,0.0173076,0.00482666,0.00695201
0.00681385,0.00473608,0.00236651,0.0221704,0.00495894,0.00605268
0.0250056,0.0166578,0.00983361,0.0493713,0.0124199,0.0115279
0.0222583,0.0143633,0.00966432,0.0625719,0.0130953,0.00887502
0.00901201,0.00615217,0.00410385,0.0241032,0.00813686,0.0150591
0.0127225,0.00878966,0.00393719,0.00657978,0.0006091,0.00444608
0.0111772,0.00766093,0.00561108,0.0251182,0.00680477,0.00982062
0.029246,0.0193942,0.0116011,0.0666052,0.0163185,0.0140257
0.0100005,0.00700195,0.00360419,0.0191662,0.00599465,0.00719274
0.00379346,0.00312406,0.0017286,-0.00207482,0.000858175,0.00297318
0.0184751,0.0122168,0.00534299,0.0316546,0.00700502,0.00502748
0.0242739,0.0155579,0.00727921,0.0404913,0.0118084,0.0158047
0.00567353,0.00415192,0.00381297,0.0169933,0.00505947,0.00202041
0.0355335,0.0236422,0.0209136,0.0839187,0.0232136,0.0413236
0.00921482,0.0063212,0.00413031,0.0180593,0.00364824,0.0031354
0.00773604,0.00542393,0.0034439,0.00986475,0.0038017,0.00296738
0.00926821,0.00625472,0.00246199,0.0196384,0.00463911,0.00251841
0.0393031,0.0238562,0.0130705,0.0620701,0.017887,0.0338403
0.0112337,0.00781146,0.00396268,0.0181064,0.00348117,0.00427783
0.00901147,0.00646384,0.00360869,0.0154296,0.00296542,0.00351545
0.0120708,0.00817795,0.00493124,0.0199096,0.0036238,0.00581777
0.0100485,0.00670255,0.00151953,0.0200565,0.00455473,0.00161906
0.044488,0.0251,0.0332409,0.128423,0.0354242,0.0300377
0.0485319,0.0279624,0.0287109,0.12937,0.0329669,0.041869
0.0058433,0.00437252,0.00339384,0.0311847,0.00772002,0.00704806
0.016503,0.0107405,0.00585719,0.0219035,0.00550167,0.00333111
0.0132394,0.00870377,0.00760071,0.0146592,0.00475697,0.00838668
0.00808792,0.00597296,0.00342262,0.0163001,0.0045482,0.00423081
0.0359827,0.0217088,0.0277177,0.153606,0.0372832,0.0837132
0.00770353,0.00528949,0.0024761,0.0136174,0.00361132,0.0061148
0.00702036,0.00506328,0.00303345,0.0236058,0.00482056,0.00470653
0.0046088,0.00323775,0.00231983,0.0123789,0.00480786,0.00485087
0.011788,0.00778687,0.00296146,0.0212392,0.00580987,0.0102001
0.0165957,0.0110805,0.00415776,0.032104,0.00789641,0.0141193
0.0223731,0.0152604,0.00724489,0.0302287,0.00904474,0.00642204
0.0263243,0.0177869,0.0172216,0.083239,0.0204006,0.0317946
0.00995897,0.00670835,0.00358315,0.0167393,0.0030298,0.00540965
0.00681018,0.00493685,0.00832211,0.0114612,0.00489961,0.011341
0.0310446,0.0210736,0.014091,0.0464741,0.00971088,0.00909212
0.0391587,0.0229388,0.0135068,0.0652952,0.0186563,0.0199405
0.00890703,0.00618929,0.002905,0.0224956,0.00691434,0.0115984
0.0177631,0.0119958,0.0205664,0.105831,0.0245527,0.0572991
0.0116321,0.00729159,0.00507282,0.0267706,0.00865427,0.0189544
0.025613,0.0163321,0.0134376,0.067708,0.0178165,0.0148925
0.00864671,0.00588792,0.00834751,0.0227425,0.00610243,0.00863372
0.00945875,0.00556298,0.00454926,0.0192784,0.0059567,0.00872518
0.026776,0.0169605,0.0079193,0.0442787,0.0110053,0.00909855
0.0186982,0.00690006,0.013794,0.0821947,0.0253319,0.0290579
0.0269104,0.0138765,0.0188818,0.0995738,0.0264696,0.031184
0.0101406,0.00714687,0.00415105,0.0185463,0.00491856,0.0101126
0.0348913,0.0216301,0.0286228,0.120549,0.0305947,0.0291141
0.0105578,0.00716921,0.00660914,0.0178075,0.00417631,0.00665666
0.0155643,0.0104884,0.00461225,0.00324045,0.00239655,0.00650502
0.0166809,0.010993,0.00570332,0.0314529,0.00942686,0.018641
0.00525461,0.00354908,0.00106879,0.0166336,0.00356639,0.00142188
0.0132769,0.00890854,0.00361911,0.0295514,0.00652985,0.00595504
0.018321,0.0123517,0.00687526,0.0314357,0.00846799,0.0107016
0.0135137,0.00901303,0.00567381,0.034869,0.00816017,0.0248068
0.0219162,0.0150833,0.00643395,0.0428277,0.00913426,0.0127801
0.0188222,0.0128548,0.00658157,0.0247516,0.00687655,0.0117315
0.0251641,0.0171369,0.0151109,0.0209495,0.00589663,0.00852513
0.0315291,0.0160764,0.0170609,0.0800944,0.0185001,0.0139576
0.00606624,0.00430908,0.00292972,0.0115539,0.00240347,0.00302905
0.0290502,0.0174876,0.00873146,0.0574187,0.0140987,0.0324196
0.0132829,0.00861135,0.00875133,0.0271186,0.00809894,0.0194103
0.0114375,0.00785807,0.00545652,0.0158454,0.00504598,0.00100643
0.0408521,0.0217941,0.0164093,0.0676242,0.0190866,0.0187249
0.0463805,0.0224085,0.0171943,0.0620751,0.0177086,0.0157823
0.0115567,0.00751113,0.0363039,0.0377428,0.00954828,0.0673303
0.0181133,0.0119617,0.0076525,0.0313165,0.00762613,0.0103826
0.00972388,0.00639758,0.00332921,0.027601,0.00563855,0.001138
0.00960815,0.00677301,0.00543285,0.021608,0.00698906,0.0108815
0.00473798,0.00311699,0.00164144,0.0183932,0.00334719,0.010072
0.0272629,0.0174779,0.00895757,0.0469266,0.0128786,0.00826845
0.00818035,0.00548524,0.00300042,0.00613,0.00109988,0.00913041
0.00788312,0.0056893,0.00366502,0.00793806,0.00289419,0.0021811
0.00913626,0.00620437,0.00311007,0.0159705,0.00257617,0.00729084
0.042057,0.0267054,0.0185575,0.0628463,0.0156208,0.0423738
0.0145329,0.00979403,0.00479271,0.0206716,0.00698112,0.00481247
0.0395056,0.0146249,0.0127593,0.0669856,0.0201507,0.0489825
0.0405333,0.0146994,0.0128449,0.0657718,0.0184204,0.0450262
0.0253077,0.0164229,0.0209552,0.0792817,0.0196588,0.0410017
0.013504,0.00921676,0.00397388,0.0291466,0.00790023,0.0047563
0.022374,0.0149683,0.0110958,0.065346,0.0174042,0.00659845
0.00793782,0.00578394,0.00839277,0.0298551,0.00888229,0.0160661
0.0283351,0.0186561,0.0216356,0.0954507,0.0256996,0.0356794
0.020085,0.0132437,0.0102906,0.034063,0.0112615,0.0137852
0.0196622,0.0129144,0.00680432,0.0301504,0.0062909,0.00366701
0.0188481,0.0121144,0.00596062,0.0406845,0.0100618,0.00890319
0.00892843,0.00583117,0.00477802,0.0196258,0.00470897,0.00403927
0.0154154,0.0101555,0.00374225,0.014269,0.00353481,0.00785048
0.0140265,0.00947617,0.00536257,0.0231404,0.00855603,0.0287058
0.00455529,0.00343604,0.0019304,0.0250183,0.00574926,0.00699774
0.0206953,0.0134108,0.00580051,0.0439286,0.00956079,0.0378929
0.0165246,0.0114647,0.0058797,0.0221115,0.00571235,0.00752982
0.0158114,0.0103076,0.00572372,0.027797,0.00751968,0.00735043
0.0273854,0.018618,0.00931177,0.0576445,0.0148761,0.0157163
0.0296274,0.0192457,0.0200894,0.0721933,0.0186705,0.0283979
0.0105185,0.0073315,0.00428702,0.0142365,0.00340376,0.00422492
0.0164143,0.0109771,0.00589473,0.0229164,0.00594766,0.00728953
0.00808108,0.00541546,0.00304584,0.0191605,0.00313212,0.00126151
0.00776252,0.00537106,0.00313116,0.0129735,0.00220245,0.00431891
0.0179991,0.0120242,0.00781134,0.0275021,0.00679383,0.00349463
0.0118081,0.00829174,0.00397613,0.0181562,0.0027032,0.00723039
0.0133567,0.00929066,0.00451194,0.0182652,0.00395418,0.00879924
0.0102175,0.00709658,0.00370553,0.0216036,0.00467122,0.00343193
0.0146248,0.00732215,0.00606245,0.0223815,0.00502238,0.0100924
0.0261266,0.00966797,0.00953815,0.047085,0.0126875,0.0157875
0.0261535,0.014828,0.00810819,0.0458423,0.0117274,0.0142969
0.0456866,0.0288188,0.0171532,0.0548608,0.0151443,0.019702
0.00439048,0.00296564,0.00174796,0.0146846,0.00405112,0.00370746
0.0275444,0.0173902,0.00918614,0.0514754,0.0106627,0.00413727
0.0183795,0.0122404,0.00499187,0.0327358,0.00800714,0.0117661
0.0289953,0.0187356,0.00726399,0.038807,0.0108943,0.015801
0.0573478,0.035795,0.0228255,0.0885038,0.0222087,0.0185478
0.0108095,0.00463575,0.00604172,0.0386113,0.00837036,0.00539578
0.0120675,0.00561955,0.00675424,0.0354955,0.00771953,0.00676961
0.0121962,0.0069839,0.00346535,0.0250584,0.00858965,0.00844358
0.01334,0.00862853,0.00384902,0.0223847,0.00745228,0.00277598
0.0153965,0.0107508,0.0053652,0.0274345,0.00791096,0.00655991
0.020805,0.0136093,0.00814792,0.0282509,0.0065842,0.013605
0.0299383,0.019443,0.0111471,0.0446794,0.010892,0.0177323
0.0150558,0.00996046,0.00553417,0.0170948,0.00531912,0.00960681
0.00837807,0.00580903,0.00376363,0.0169726,0.00543187,0.00984774
0.0187392,0.0115038,0.0231457,0.0844228,0.0227743,0.024862
0.0145183,0.01004,0.00544286,0.0220436,0.00519847,0.0145988
0.0202238,0.0136935,0.0176316,0.0560733,0.0160826,0.0186232
0.0202102,0.0136837,0.02018,0.0805812,0.0193771,0.0125543
0.0194435,0.0137394,0.0205592,0.0730445,0.0215745,0.0387711
0.0207949,0.013903,0.007542,0.0303129,0.00670309,0.00602201
0.0200307,0.013503,0.0137391,0.0565597,0.0163342,0.0267718
0.00619088,0.00429563,0.00316803,0.0164673,0.00348453,0.00772968
0.0161214,0.0110038,0.00627048,0.0318444,0.00563405,0.0050576
0.0116101,0.00786514,0.00361698,0.0193275,0.00543088,0.0106409
0.0232149,0.0141705,0.00750663,0.0384192,0.0101121,0.0153201
0.0168012,0.00851618,0.0103946,0.0336096,0.00726625,0.0132762
0.0194612,0.0129751,0.00766104,0.0283774,0.00731759,0.00837878
0.0343308,0.0205056,0.0255838,0.0975485,0.0260852,0.0563342
0.00578857,0.00401697,0.00230119,0.018228,0.00368063,0.00138725
0.0149264,0.0106651,0.00504262,0.0122388,0.00432139,0.00217896
0.0358162,0.0235697,0.00900161,0.040956,0.00737354,0.00306551
0.0228648,0.0147248,0.00826681,0.036289,0.00899974,0.00495996
0.0299772,0.0195548,0.00998401,0.0619734,0.0145933,0.0186958
0.00988257,0.00659995,0.0176789,0.0522575,0.0120288,0.0292971
0.0382287,0.0255976,0.0123057,0.06595,0.0177274,0.0206308
0.0127477,0.00876884,0.00497573,0.0152365,0.00400515,0.0052105
0.0139719,0.00975235,0.0035532,0.0287576,0.00807908,0.0229715
0.0159495,0.0110019,0.00463001,0.0286963,0.00633233,0.0036302
0.0108436,0.00565193,0.00446932,0.0253077,0.00882942,0.013299
0.0448142,0.0267315,0.021622,0.139117,0.0344766,0.103987
0.0223855,0.0152148,0.0093962,0.0381685,0.0111519,0.0260256
0.0156714,0.0105639,0.0085444,0.0553484,0.0131829,0.0220063
0.0373857,0.0248395,0.0122125,0.0561477,0.0164018,0.0137383
0.0230212,0.0145525,0.00859234,0.0642842,0.0183189,0.0206827
0.0189269,0.0127209,0.00556866,0.0276702,0.00669764,0.00881069
0.034916,0.0224175,0.0129839,0.0503645,0.0158532,0.0183641
0.0471549,0.0280007,0.0188967,0.0993399,0.0226402,0.0293754
0.0065312,0.00462723,0.00316297,0.0166164,0.00404858,0.00269781
0.0060491,0.00448242,0.00193022,0.015101,0.00427326,0.00562774
0.0445309,0.0284838,0.0201317,0.0812367,0.020818,0.036611
0.0389063,0.025036,0.0127133,0.0581629,0.0122951,0.026306
0.0139455,0.00931783,0.0295491,0.150559,0.0403164,0.0593059
0.00815638,0.00568404,0.00335363,0.0221153,0.00565506,0.0120649
0.0213319,0.0143038,0.00894681,0.042817,0.0101782,0.00831575
0.0183642,0.0108753,0.0208331,0.151579,0.0379589,0.0262413
0.0124571,0.00719315,0.00380815,0.0277526,0.00544154,0.00527474
0.00859533,0.00632057,0.00323411,0.0147372,0.00430007,0.00448136
0.00709611,0.00488696,0.00305916,0.0125837,0.00247455,0.00588647
0.0413705,0.020551,0.0135221,0.0855731,0.0229269,0.0222584
0.0136228,0.00920407,0.00517913,0.0254276,0.00734717,0.0145278
0.00671995,0.00498122,0.00279791,0.0177762,0.00411818,0.00314055
0.0224581,0.015238,0.0100326,0.0696274,0.0157682,0.0120785
0.00846479,0.00616855,0.00312611,0.00427515,0.000392874,0.00813569
0.0179812,0.0123927,0.00613576,0.0152996,0.00336695,0.00511367
0.0174196,0.0115966,0.00605155,0.00889979,-5.28469e-05,0.0178069
0.0160984,0.0110269,0.00623969,0.020922,0.0061262,0.00578047
0.00520009,0.00354615,0.0027538,0.00709916,0.00207175,0.00291962
0.0187917,0.0126466,0.0138549,0.046584,0.0113801,0.0113151
0.0363326,0.0199168,0.0198748,0.098744,0.0244608,0.0352026
0.0399541,0.0197695,0.0200468,0.0952825,0.0216346,0.0351018
0.00538179,0.00359797,0.00877286,0.0504886,0.0147859,0.0228056
0.00506267,0.00382466,0.00286331,0.0143889,0.00415479,0.00279912
0.0250371,0.0164878,0.0108581,0.0324457,0.00913723,0.007375
0.0103641,0.00703609,0.00356278,0.0227239,0.0047963,0.00736073
0.00706192,0.00473393,0.00317973,0.0173012,0.00379346,0.00741829
0.00715713,0.00517082,0.00179998,0.0201953,0.00651972,0.0072794
0.0109629,0.00761017,0.00547484,0.0205586,0.00277285,0.0018065
0.0565628,0.0305901,0.0191342,0.0666076,0.0187005,0.0171571
0.01133,0.0077242,0.00350862,0.0208023,0.00491255,0.0133955
0.0117809,0.00795428,0.00316853,0.0215382,0.00443226,0.0142297
0.0376721,0.0226455,0.034661,0.141127,0.0368562,0.0525435
0.016683,0.0110007,0.00478732,0.00310247,0.00110786,0.00587289
0.0344485,0.0214056,0.0233975,0.105191,0.0273565,0.0322352
0.0337549,0.0161915,0.0104496,0.0645384,0.0183743,0.029132
0.0526124,0.0161079,0.0269834,0.110647,0.0270972,0.0333368
0.0423941,0.0162015,0.0239457,0.0873526,0.0204345,0.019338
0.0156296,0.0106176,0.00262247,0.0288504,0.00725098,0.00503163
0.00988305,0.00694325,0.0132604,0.0731051,0.0199337,0.0316594
0.01655,0.0113824,0.00772826,0.0253839,0.007778,0.0149583
0.018887,0.0126921,0.00902961,0.0362476,0.00839533,0.0112022
0.0148911,0.0101968,0.00706141,0.0329529,0.00807911,0.0149244
0.0104449,0.00751272,0.00475407,0.0208171,0.00561694,0.0141707
0.0172002,0.0112646,0.00506868,0.0388606,0.0107449,0.0171105
0.00867024,0.00598145,0.0036812,0.0176977,0.00380072,0.0100204
0.0463516,0.0302321,0.0233545,0.108254,0.0272412,0.0115177
0.00737666,0.00366835,0.00521086,0.0325852,0.00699817,0.0076918
0.031871,0.0150892,0.00952243,0.054798,0.0135067,0.016146
0.0624094,0.0286943,0.0406224,0.209783,0.0526751,0.0714869
0.00395726,0.00304276,0.00233229,0.0120539,0.0037284,0.00108834
0.00673225,0.00460775,0.00364122,0.014964,0.00330415,0.00189159
0.0254013,0.0161911,0.0171091,0.0818887,0.0207466,0.0166423
0.0105071,0.00724815,0.0040448,0.0302997,0.00563183,0.00689049
0.0159807,0.0104863,0.0052371,0.0254737,0.00498592,0.00513692
0.0116868,0.00773984,0.00399079,0.014132,0.00460424,0.00408765
0.0123327,0.00851723,0.0052384,0.0174733,0.00525905,0.00572051
0.00663229,0.00447208,0.00513399,0.0249577,0.00636037,0.014387
0.00662774,0.00450623,0.00363329,0.0136983,0.00281155,0.00586086
0.045208,0.0292945,0.0194744,0.0876256,0.0249695,0.052148
0.0189704,0.00907872,0.00914746,0.0445614,0.012571,0.00568366
0.0207289,0.013667,0.00669092,0.0360518,0.00980878,0.010113
0.0220406,0.0143239,0.00816473,0.0445487,0.0115102,0.0132115
0.0157447,0.0108468,0.00449693,0.0140043,0.0031449,0.00255896
0.0299052,0.0191609,0.00999196,0.0438657,0.0098211,0.0278684
0.0203459,0.0102189,0.00908432,0.0215278,0.00527494,0.0123575
0.0283658,0.0188455,0.0267159,0.117332,0.0296998,0.0494318
0.0241834,0.0156611,0.00762353,0.0422911,0.00911496,0.0121011
0.00581931,0.00401114,0.00120205,0.0161982,0.00461332,0.00198654
0.010379,0.00683149,0.00337175,0.0250411,0.00504159,0.0107888
0.0116561,0.00529455,0.00363926,0.0321695,0.009243,0.0117391
0.0110022,0.0046686,0.00342599,0.0293879,0.00765739,0.0122076
0.0150092,0.00961524,0.00610558,0.0309827,0.00880921,0.011671
0.0193975,0.01284,0.00748941,0.0281958,0.00622695,0.00305321
0.0100691,0.00664871,0.00603934,0.0371196,0.0112796,0.00829182
0.0200918,0.0134317,0.00529895,0.0374705,0.0111367,0.0238949
0.0163453,0.0109123,0.00840189,0.0319639,0.00825728,0.0156859
0.0159745,0.0104878,0.00960361,0.0417986,0.0110234,0.015424
0.00668334,0.00479591,0.0023017,0.0163005,0.00365298,0.0147182
0.045184,0.0293966,0.0230388,0.119532,0.0307012,0.0633122
0.0332142,0.0211275,0.0228282,0.111296,0.0273769,0.0509119
0.00666632,0.00483589,0.00157193,0.0182307,0.00327716,0.00475977
0.0217728,0.01475,0.00828146,0.0262999,0.00602285,0.00953927
0.00632159,0.00455833,0.00272958,0.016122,0.00294095,0.0025155
0.00688792,0.00454779,0.00676512,0.0221814,0.00389843,0.0042025
0.035519,0.0233719,0.0082852,0.0396516,0.0106381,0.0241411
0.018031,0.011517,0.0257445,0.123891,0.0296188,0.0233796
0.0428574,0.0254465,0.0357081,0.145388,0.0338877,0.0545703
0.0147281,0.00974336,0.00503002,0.0271603,0.00806267,0.00580191
0.0211277,0.0139169,0.00684309,0.025806,0.00764173,0.00932799
0.00424484,0.00315572,0.00221032,0.021428,0.00426402,0.0101016
0.00753708,0.00500762,0.00261852,0.0122398,0.00265849,0.00495625
0.00731924,0.00466105,0.00294514,0.0203455,0.00401155,0.009338
0.00693416,0.00486169,0.00249435,0.0226657,0.00539191,0.00535935
0.031247,0.0203121,0.00997454,0.0331412,0.00781004,0.00604774
0.0119718,0.0077876,0.00274377,0.0280909,0.00806414,0.00604496
0.0253496,0.0158962,0.0110412,0.0639691,0.016754,0.0214327
0.010632,0.00725464,0.0038131,0.0186063,0.00468064,0.00339916
0.00465637,0.0031758,0.00198313,0.00749035,-0.000336899,0.0036143
0.00757073,0.0053035,0.00372276,0.0173652,0.00526838,0.0013771
0.0129269,0.00851237,0.00495138,0.0187204,0.00502067,0.00326251
0.0166734,0.0115916,0.00920094,0.0638108,0.013689,0.0160099
0.0202399,0.013811,0.00857976,0.0480851,0.013975,0.0243517
0.0314888,0.0206012,0.00772312,0.0395159,0.0105809,0.00636193
0.036744,0.0225766,0.0204838,0.0974458,0.0258688,0.0507211
0.0237857,0.014648,0.0102869,0.0409741,0.00975347,0.00977995
0.0167828,0.00826584,0.00512727,0.0166546,0.00552111,0.00517164
0.00489875,0.00362714,0.00433883,0.0161286,0.00388949,0.000685656
0.04017,0.0252225,0.00883608,0.0701264,0.0169748,0.0256418
0.0537152,0.0325217,0.0275495,0.113586,0.0304329,0.0442444
0.00477126,0.00343624,0.00284069,0.0119625,0.00410016,0.00902341
0.0330637,0.0209698,0.0128596,0.0511284,0.0137125,0.0095965
0.0356254,0.0231387,0.0110892,0.0384146,0.00926303,0.0161217
0.057797,0.0325804,0.031551,0.145738,0.0376224,0.0517318
0.00530829,0.00367441,0.00511589,0.0180084,0.00427278,0.00650145
0.0151705,0.0102323,0.00615586,0.0300296,0.00746828,0.003129
0.0106242,0.00709484,0.00432247,0.0245037,0.00657616,0.00447585
0.00867468,0.005946,0.00394934,0.0280184,0.00735765,0.00332451
0.0100868,0.00719741,0.00569447,0.0076531,0.0013898,0.00570943
0.0416461,0.0198981,0.0316733,0.134022,0.0370833,0.0441565
0.0450444,0.0198047,0.0429147,0.145783,0.0348632,0.0518161
0.0235568,0.0156403,0.00738069,0.0391331,0.0103082,0.00675283
0.0196891,0.0131151,0.00503613,0.0334626,0.00897198,0.00748489
0.0220148,0.0118029,0.00692323,0.0451942,0.0124399,0.00982852
0.0198979,0.00976278,0.00782622,0.0287153,0.00646016,0.0120239
0.00685943,0.00452485,0.00332208,0.0122668,0.00173105,0.00479753
0.0345341,0.0229064,0.0134497,0.0733356,0.0174894,0.0356126
0.0492505,0.0316231,0.0247374,0.16793,0.0393119,0.028637
0.00753933,0.00543766,0.00433498,0.017392,0.00278336,0.00253827
0.028391,0.0190564,0.00726287,0.0445796,0.0115433,0.0063477
0.0119848,0.00796399,0.00492973,0.0228444,0.00639671,0.00256653
0.00644014,0.00437559,0.00388455,0.0115891,0.00386319,0.000547405
0.0163382,0.0107361,0.00659872,0.035327,0.00885781,0.00625266
0.0176434,0.0117798,0.00626792,0.0248398,0.00614332,0.0167984
0.0199547,0.0137132,0.00676691,0.0274971,0.00632637,0.00781242
0.0187767,0.0128065,0.00740575,0.0382958,0.00944597,0.017746
0.0193549,0.0132863,0.00516597,0.0367502,0.00672809,0.00640568
0.00956177,0.0069042,0.00350392,0.0163459,0.0041655,0.00145329
0.0237569,0.0162699,0.00980611,0.031346,0.00844089,0.00760143
0.0686734,0.0391845,0.0641124,0.287479,0.0738328,0.107171
0.100366,0.0478674,0.0736558,0.287215,0.0676887,0.139746
0.0153141,0.0104903,0.00759832,0.029747,0.00876167,0.0105613
0.0112623,0.00773779,0.00510693,0.0308601,0.00790947,0.00907109
0.0150185,0.0106212,0.0132869,0.0635458,0.01774,0.0400007
0.013276,0.00888254,0.00361545,0.0374814,0.00967856,0.00949711
0.0139527,0.00938067,0.00894758,0.0375339,0.0101366,0.00983768
0.0061198,0.00395513,0.00253539,0.0141776,0.00476552,0.00441913
0.0128767,0.00892893,0.00435438,0.0236167,0.00747169,0.0154048
0.0294085,0.0185315,0.0240941,0.0906983,0.025509,0.019939
0.00791969,0.00548865,0.00226017,0.0129797,0.00473776,0.00916986
0.00569814,0.00411031,0.00125843,0.00567068,0.00245889,0.00859615
0.0133043,0.00900619,0.00530554,0.0237665,0.00502786,0.00244878
0.0171489,0.0114176,0.0192606,0.0814411,0.0214812,0.0176267
0.0559047,0.0341718,0.0164047,0.0488933,0.0123484,0.0142723
0.0119327,0.00815581,0.00292956,0.0556708,0.015569,0.00841742
0.0189437,0.0127195,0.00760842,0.0327942,0.00721875,0.0167603
0.0113994,0.00759107,0.00584455,0.0289428,0.0066562,0.00939123
0.0354184,0.0223608,0.0199554,0.105641,0.0279843,0.0456039
0.00862594,0.00578595,0.00277603,0.0172091,0.00358758,0.00214106
0.00590286,0.00387797,0.00282625,0.0166228,0.00333105,0.00119023
0.0344904,0.022349,0.0107564,0.0512858,0.0140886,0.0102247
0.0112528,0.00748724,0.00396203,0.0166113,0.00327317,0.0112753
0.0107507,0.00753382,0.00415278,0.0200803,0.00330404,0.00710645
0.017608,0.00675211,0.016598,0.0786299,0.0224234,0.0279111
0.0209216,0.0137576,0.00677037,0.0345903,0.00875591,0.0116304
0.00701983,0.00494843,0.00259208,0.0119944,0.00423953,0.00285924
0.0218501,0.0148169,0.0190298,0.064146,0.0170563,0.0255691
0.0274492,0.017628,0.00868018,0.0347578,0.00676814,0.0153771
0.0080043,0.00605681,0.00676379,0.0341645,0.00806717,0.0119527
0.0107715,0.00768638,0.00498681,0.0165215,0.00390791,0.00368225
0.0404196,0.02492,0.0157203,0.066577,0.0202269,0.0392811
0.00529197,0.00369592,0.00529516,0.0524715,0.0146532,0.0394442
0.0732481,0.0312859,0.0378524,0.153459,0.0403533,0.0483999
0.0602684,0.0293625,0.0285378,0.0962872,0.023965,0.0319995
0.0226261,0.014461,0.0199491,0.0870421,0.0227831,0.030895
0.0238683,0.0148986,0.00962289,0.0464433,0.0101263,0.0172729
0.0270883,0.0177039,0.0152099,0.0706125,0.0184393,0.00847603
0.0153518,0.010482,0.00407997,0.0245965,0.00491904,0.00271397
0.0401768,0.0265402,0.0151089,0.0680866,0.0170747,0.0112071
0.00855796,0.00584886,0.00257704,0.0145294,0.00369546,0.00467569
0.010147,0.00723394,0.00455824,0.0252986,0.00608074,0.00453141
0.035253,0.0217279,0.0300364,0.127024,0.0326348,0.0268361
0.00875954,0.00591804,0.00355322,0.00126439,0.00112438,0.00247225
0.0191814,0.0129979,0.00621123,0.0302161,0.00581222,0.00853183
0.0177221,0.0117607,0.00460894,0.0253972,0.00534612,0.0166936
0.00947657,0.0067662,0.0030232,0.00886716,0.00353003,0.00482406
0.0451629,0.0259044,0.0237948,0.0779774,0.0214211,0.025312
0.00718909,0.00478165,0.00227116,0.0229736,0.00492253,0.00571964
0.00994859,0.0069366,0.00506622,0.0183156,0.00356136,0.00328133
0.00500547,0.0038191,0.00522688,0.0254763,0.00534878,0.00439875
0.0336619,0.022738,0.0131187,0.0889626,0.0205954,0.0253062
0.0099865,0.00677964,0.00428416,0.0212211,0.00481177,0.00517189
0.00839164,0.00607185,0.00296043,0.0160432,0.00504589,0.00253879
0.00879695,0.00593012,0.00345253,0.0233131,0.00766709,0.00268295
0.00983249,0.00695805,0.00459557,0.0197826,0.00295629,0.00197197
0.0183887,0.0124892,0.00726578,0.0267401,0.00670831,0.0116918
0.0303545,0.0188321,0.0113555,0.070793,0.0198066,0.0142027
0.0120685,0.00813504,0.00470228,0.0261224,0.00743358,0.000994553
0.024363,0.0153443,0.00885679,0.0465165,0.011982,0.00845282
0.0106173,0.00718725,0.00326766,0.00921527,0.00303871,0.00368424
0.00849208,0.00620717,0.00327587,0.00592578,0.000570164,0.00521193
0.00861385,0.00575231,0.00364684,0.0201164,0.00613854,0.00213424
0.00574383,0.00401921,0.00135453,0.0155647,0.00345175,0.00475039
0.0153128,0.0107987,0.00668924,0.0255441,0.00533391,0.011037
0.0318505,0.0162714,0.0195538,0.0832671,0.0245219,0.0218236
0.00697913,0.00500587,0.00314746,0.0118416,0.00214175,0.00243126
0.0225267,0.0152238,0.0203146,0.104194,0.0275833,0.0499984
0.0178512,0.0117636,0.0072561,0.0422758,0.00940192,0.00432853
0.0449366,0.0274176,0.0127927,0.0484162,0.0107001,0.0365007
0.0237078,0.0155868,0.0115318,0.0548751,0.0139997,0.0156001
0.0320078,0.0206176,0.0144612,0.078938,0.0220481,0.016233
0.0193231,0.0126193,0.00553287,0.0242764,0.00813816,0.0122356
0.00656118,0.00468066,0.00261974,0.0204926,0.00449107,0.00132289
0.0431329,0.0255267,0.0184452,0.107624,0.0253378,0.0295156
0.0321835,0.0210665,0.0113743,0.060151,0.0155481,0.0199604
0.0253206,0.0140429,0.00842752,0.041971,0.0110491,0.0110511
0.0591114,0.0329598,0.0334189,0.151542,0.0404506,0.079006
0.0431778,0.0283998,0.0304282,0.132861,0.0355978,0.0492831
0.00955256,0.00686089,0.0128759,0.0400658,0.00857782,0.00714339
0.00584978,0.00433069,0.0027202,0.017898,0.00532663,0.00423864
0.0154904,0.0108434,0.00600426,0.0304318,0.00765596,0.0107255
0.03503,0.0163706,0.0143594,0.058596,0.0133607,0.00843385
0.032863,0.0163478,0.0134389,0.0471883,0.0102216,0.00763807
0.0196219,0.0133973,0.00701214,0.0451518,0.0118039,0.0130355
0.0352897,0.0227127,0.0147729,0.0820455,0.0222714,0.0498608
0.0207431,0.0137674,0.0140995,0.0853525,0.0199462,0.0311815
0.0114544,0.00774094,0.0069581,0.0218593,0.00570399,0.0123844
0.0348648,0.0150429,0.0145379,0.0671041,0.0172322,0.0188047
0.00887135,0.00592246,0.00355847,0.0209189,0.00598347,0.00395291
0.00931453,0.00651099,0.00430516,0.0192024,0.00548879,0.00500259
0.0199538,0.0139949,0.00697752,0.021571,0.00405058,0.0055234
0.0202553,0.0131992,0.0148355,0.0464639,0.010724,0.00703073
0.0182477,0.0105254,0.00849627,0.0316639,0.0101092,0.00749066
0.00561253,0.00416926,0.00116199,0.0226743,0.00814621,0.0138582
0.00765338,0.00544865,0.00487492,0.0379674,0.0121059,0.0122225
0.00995359,0.00604018,0.00365302,0.0345289,0.0076262,0.00794973
0.0120811,0.00633057,0.00396988,0.0325005,0.00678232,0.00674347
0.0108068,0.00711136,0.00347528,0.0169702,0.00344077,0.00670724
0.0202831,0.0134951,0.00680739,0.0367354,0.00806024,0.00910656
0.00847169,0.00628595,0.00431611,0.0193608,0.0035482,0.00625193
0.0141361,0.00944935,0.00373887,0.0201753,0.00423157,0.00214525
0.00879831,0.00607369,0.00289061,0.0173111,0.00474199,0.00518707
0.0184477,0.012054,0.00879539,0.0426192,0.0111387,0.00754867
0.0104315,0.0072913,0.00385079,0.0220067,0.00315284,0.00598504
0.0105853,0.00698469,0.00331204,0.0174639,0.00365874,0.00914643
0.0349464,0.0184478,0.0536132,0.200045,0.0510291,0.0393085
0.0203296,0.0143459,0.0134636,0.0629743,0.0166391,0.0157514
0.0157629,0.0106858,0.0102316,0.0609707,0.0169198,0.00664403
0.0126853,0.00894561,0.00762938,0.0254628,0.00707916,0.00548536
0.0726346,0.0414512,0.0414838,0.15975,0.0391627,0.041932
0.0100017,0.00707523,0.00197329,0.0137402,0.0032954,0.00428804
0.0248238,0.0162109,0.0179208,0.0730747,0.0206016,0.0515211
0.00454406,0.00335226,0.00144609,0.0150972,0.003368,0.00462065
0.0186118,0.01267,0.00912458,0.0425046,0.0100868,0.0119588
0.0266238,0.0177525,0.00870838,0.0425091,0.0103084,0.00544335
0.0137858,0.00928157,0.0077064,0.0189291,0.00428489,0.0092762
0.031256,0.0207032,0.0149918,0.0772611,0.0215248,0.0130311
0.00781265,0.0053829,0.0116902,0.0331006,0.00727719,0.00393978
0.00672125,0.00464589,0.00215261,0.0229295,0.00447423,0.00486522
0.0442296,0.0269767,0.0162389,0.0594592,0.0134859,0.020564
0.00410377,0.00308035,0.00180407,0.0163658,0.00437279,0.00157458
0.00936209,0.00639297,0.00316773,0.0203563,0.0052763,0.00384696
0.0117573,0.00795221,0.00362283,0.0238044,0.00501994,0.00693174
0.0314744,0.0207003,0.0208246,0.123633,0.0296968,0.0560122
0.0654161,0.039279,0.0247194,0.093123,0.0221466,0.0217652
0.0137345,0.0093974,0.00430794,0.0247346,0.00655358,0.0160724
0.0239989,0.0152741,0.00827895,0.0508882,0.0115213,0.0159099
0.0071987,0.0052872,0.00245103,0.0361651,0.00854769,0.0045821
0.012618,0.0085979,0.00396304,0.0188987,0.00415665,0.0055421
0.0100282,0.00691431,0.00550807,0.0251862,0.00472206,0.00463046
0.00714802,0.00486193,0.00339845,0.00653605,0.000313358,0.00897767
0.0161433,0.0112209,0.0201726,0.0799729,0.0211139,0.0132052
0.00829205,0.00584087,0.00413727,0.00353216,0.00116054,0.00367737
0.0110267,0.00750873,0.0132751,0.0529878,0.0154424,0.0178549
0.026199,0.0172586,0.0174138,0.0811882,0.0184149,0.0266952
0.0060019,0.00411533,0.00278798,0.0125255,0.00352888,0.00115757
0.00997766,0.00722114,0.00469316,0.0317268,0.00762987,0.00825495
0.0287298,0.0157237,0.0113783,0.0589444,0.0173053,0.0142045
0.0284747,0.0109386,0.0120075,0.0637922,0.0175013,0.0163948
0.0198558,0.0136107,0.00892697,0.00649982,-0.000160585,0.00907086
0.00422341,0.00314407,0.00561901,0.0272362,0.00691651,0.00561888
0.0307393,0.0182901,0.0489428,0.199158,0.0505226,0.0769966
0.0139916,0.00924258,0.00354784,0.0255232,0.00604389,0.00735109
0.0180707,0.0127809,0.00369437,0.0266235,0.00591608,0.0221178
0.00954114,0.00545167,0.00352646,0.0257161,0.00636684,0.00934907
0.0419525,0.0275847,0.0140205,0.100216,0.0243654,0.0247781
0.00852108,0.00572687,0.00351521,0.0163674,0.0037378,0.0103023
0.0167603,0.0100923,0.0143913,0.0677575,0.0178157,0.0127577
0.00581169,0.00431692,0.00312067,0.0157841,0.00435557,0.00204476
0.00704886,0.00513819,0.00292821,0.0176421,0.00428326,0.00440891
0.015594,0.0106733,0.0057591,0.0343869,0.00738167,0.00519701
0.0307306,0.0135059,0.016252,0.0830856,0.0218169,0.0230386
0.0332554,0.0137916,0.0173792,0.0861882,0.0214959,0.0236312
0.0271102,0.0175791,0.00917533,0.0434089,0.0125036,0.0071515
0.00485649,0.00347279,0.00160891,0.0178707,0.00401527,0.00060763
0.0214251,0.0152205,0.0071688,0.0192092,0.00600837,0.00453249
0.0159893,0.0104333,0.00963375,0.0452582,0.0122043,0.0198093
0.0182841,0.0122488,0.00402513,0.0293539,0.00877602,0.0134592
0.0164528,0.0114866,0.00409777,0.0283712,0.00612112,0.00458314
0.00919859,0.00637327,0.00468793,0.0164434,0.00463545,0.00301643
0.0457139,0.0280077,0.061151,0.292639,0.0807848,0.11678
0.0415102,0.0248102,0.01545,0.0887458,0.0215954,0.0376619
0.00781137,0.00546532,0.00293088,0.00350505,-0.000333707,0.00170631
0.035209,0.0217875,0.0265655,0.0745979,0.020754,0.0180868
0.011346,0.0079215,0.00845843,0.0191865,0.00488228,0.00944995
0.0335571,0.0221734,0.0113715,0.0515552,0.0100704,0.00712834
0.017909,0.0117293,0.00801769,0.0334441,0.00839814,0.0158941
0.0369994,0.021517,0.0141982,0.0652479,0.0155618,0.0135876
0.0435937,0.0232988,0.0167839,0.0641407,0.0141141,0.0109942
0.00447194,0.00304195,0.00226799,0.0134418,0.00364917,0.00217319
0.00478407,0.00354445,0.00232143,0.0127364,0.00273484,0.00159449
0.0226332,0.0143799,0.0145305,0.0484775,0.0125475,0.0113115
0.00851499,0.00562484,0.00358231,0.0162129,0.00380822,0.00387228
0.0131079,0.00606349,0.00680285,0.0262328,0.00785607,0.0117342
0.0128716,0.00592844,0.00696185,0.0289541,0.00665397,0.0126471
0.00834138,0.00565503,0.00321057,0.0233792,0.00624366,0.00592831
0.0206377,0.0144186,0.00917291,0.0283415,0.00750789,0.00545258
0.0117098,0.00811489,0.00416891,0.0137391,0.00592815,0.00135337
0.00916809,0.00643719,0.00340809,0.0139766,0.00494932,0.00538259
0.00854372,0.00593021,0.00371021,0.013547,0.00308014,0.00488372
0.0084563,0.00583639,0.00412772,0.0146392,0.00329109,0.0121776
0.0206123,0.0134543,0.00733603,0.0352354,0.00875952,0.016856
0.0591484,0.0328979,0.0555432,0.189196,0.0478646,0.0659475
0.00655592,0.00472814,0.00346449,0.0220982,0.00589837,0.00636809
0.0170555,0.0115433,0.00451641,0.0308612,0.00620041,0.0125199
0.0304457,0.0203651,0.00972608,0.045672,0.0118413,0.00858486
0.0198505,0.0132516,0.00996162,0.0505955,0.0138338,0.00924645
0.00839364,0.00595966,0.00358409,0.0142333,0.00302662,0.00320307
0.0426493,0.0276469,0.0107986,0.0419633,0.0111373,0.00741073
0.029688,0.0193948,0.0135214,0.0570916,0.0149661,0.0188998
0.0208771,0.0140756,0.00676202,0.0339312,0.0085257,0.00617436
0.00521514,0.00382056,0.0016212,0.016756,0.00329671,0.00379002
0.0188727,0.0134584,0.0105245,0.0357362,0.00885469,0.018448
0.0576472,0.0256817,0.0218953,0.106819,0.027158,0.0536508
0.0050194,0.00372286,0.00184684,0.020886,0.00711181,0.00830683
0.0109234,0.00777631,0.00413732,0.0168734,0.00593863,0.00387327
0.0101547,0.00418748,0.00666977,0.036111,0.00683198,0.00617408
0.0118407,0.0082837,0.00218907,0.0247763,0.00689895,0.00382743
0.0130083,0.00872314,0.00443346,0.0281641,0.00720726,0.00451141
0.0128015,0.0049423,0.00810973,0.0575259,0.0143233,0.0111913
0.0164898,0.0050418,0.0103301,0.0668961,0.0162987,0.01071
0.010353,0.00505014,0.00687697,0.0453203,0.00942862,0.00601941
0.10287,0.0474886,0.114657,0.480262,0.11837,0.156071
0.00473375,0.00303667,0.00222493,0.00649322,0.00353516,0.0052794
0.0149163,0.0104604,0.00390802,0.0232273,0.00516424,0.0111284
0.0216245,0.0148114,0.00871363,0.040191,0.0101348,0.0129075
0.0135791,0.0079405,0.00521588,0.0206772,0.00571659,0.00640588
0.0116772,0.00475249,0.00408694,0.01247,0.00319802,0.00497286
0.00529151,0.00370143,0.00417123,0.0120177,0.00384382,0.0013348
0.0138277,0.00969662,0.00730326,0.0234006,0.00650639,0.0106121
0.0160041,0.0108254,0.00530795,0.0274153,0.00657164,0.00700162
0.019421,0.0131034,0.00786705,0.0329269,0.00914717,0.00391858
0.0104827,0.00689406,0.00560259,0.0316654,0.00776794,0.00465386
0.0266047,0.0176887,0.0109128,0.0405791,0.0112468,0.0159821
0.00853109,0.00593029,0.00339496,0.00578196,0.00112936,0.00673935
0.0340644,0.0212202,0.0244025,0.109014,0.0288745,0.0524431
0.00416267,0.00305509,0.00247281,0.0128528,0.00325139,0.00678566
0.006228,0.00453199,0.00221802,0.0164554,0.00496424,0.00940585
0.0299246,0.0177608,0.00641553,0.0415545,0.0116776,0.00961732
0.0248924,0.0161005,0.00597997,0.0344062,0.00872411,0.00916727
0.0145165,0.00967647,0.0191878,0.058701,0.0178297,0.0239012
0.00958558,0.00687184,0.00364629,0.015993,0.00252875,0.00218206
0.0113218,0.00747657,0.00432342,0.0225829,0.00572472,0.00531324
0.0061983,0.00410944,0.00255943,0.0234421,0.00477149,0.00458455
0.013152,0.00911579,0.00555594,0.0234743,0.00715399,0.0135533
0.00628768,0.00418565,0.00301565,0.0199624,0.00526951,0.0041903
0.0206614,0.0140462,0.00617382,0.0300453,0.00614062,0.0129576
0.0117534,0.00816393,0.00550402,0.0287407,0.00753343,0.0176875
0.0298939,0.0190732,0.0107216,0.0473131,0.0115172,0.00920905
0.0129269,0.00493911,0.00561735,0.0417294,0.0114108,0.0183306
0.0136982,0.00484555,0.00551028,0.0411833,0.0110093,0.0181522
0.0122451,0.00824669,0.00417204,0.00473133,0.00126686,0.00735673
0.014519,0.00971797,0.00403131,0.0267633,0.00733323,0.00997494
0.0145879,0.00984538,0.00651231,-0.000495546,-0.000517625,0.00432975
0.0173826,0.0114386,0.00609967,0.0264402,0.00848155,0.00870233
0.0593963,0.0330129,0.0319548,0.162586,0.0427369,0.0757026
0.0118222,0.00806477,0.00469854,0.0241089,0.0070704,0.00927888
0.0116868,0.00840796,0.00563188,0.0214027,0.00290121,0.00664898
0.0196315,0.0123129,0.0295966,0.123893,0.0306476,0.024414
0.0225536,0.0149661,0.00713623,0.035301,0.00725242,0.00878908
0.0101972,0.00711334,0.00572274,0.0309634,0.00655075,0.00726967
0.0101968,0.0070308,0.00338152,0.0179113,0.00440583,0.000627877
0.0165749,0.0114601,0.00590121,0.0198106,0.00604151,0.00576804
0.0431202,0.0278017,0.0138428,0.0860737,0.0229445,0.0185842
0.0475644,0.0286577,0.0247205,0.1267,0.0344916,0.056883
0.019006,0.0129543,0.0124068,0.0500748,0.0129555,0.0203114
0.0297638,0.0182793,0.0173448,0.0733268,0.0176315,0.0250308
0.00501186,0.00359883,0.00274301,0.0155747,0.00428022,0.00399227
0.0279371,0.0185601,0.0103269,0.0447498,0.0101951,0.0106645
0.00736224,0.00509185,0.00677842,0.0454071,0.0125539,0.0186733
0.026422,0.0169074,0.0123283,0.0825125,0.0217063,0.0282411
0.016089,0.0108881,0.00580744,0.0240312,0.00648279,0.0107975
0.00912767,0.00597424,0.00384978,0.0170118,0.00560068,0.00494979
0.0086226,0.00569167,0.00613995,0.0236673,0.00647344,0.00339437
0.00517098,0.00373798,0.00404964,0.01805,0.00673966,0.00360319
0.00918607,0.00597234,0.00478221,0.026829,0.00713211,0.0116568
0.0243033,0.01675,0.0119707,0.01056,0.00349127,0.0288162
0.00521358,0.0035318,0.0021388,0.0103455,0.0025483,0.00532252
0.0178967,0.0118952,0.00522372,0.0327721,0.00757265,0.00774216
0.031937,0.0205147,0.0113091,0.0343917,0.00908088,0.00976187
0.0044675,0.00307349,0.00231863,0.00941732,0.0022323,0.00201915
0.00675717,0.00483211,0.00267021,0.00806303,0.00171757,0.00133122
0.0150599,0.0105882,0.00463617,0.020948,0.00515844,0.0058322
0.00743928,0.00522531,0.00310675,0.0229045,0.00447949,0.00986715
0.0123002,0.00860889,0.00611134,0.0302259,0.00718953,0.00576515
0.0414768,0.0183024,0.0136498,0.0851934,0.0216448,0.0257566
0.00849023,0.00565913,0.00190372,0.0206624,0.00373069,0.00166178
0.00431393,0.00310517,0.0015125,0.0145022,0.00366981,0.000782559
0.0244402,0.0150164,0.0204325,0.103411,0.0272855,0.0796664
0.0111599,0.00791718,0.00373464,0.0223435,0.00624687,0.0070657
0.00827941,0.00587994,0.00466356,0.0186777,0.00432624,0.00731927
0.0167587,0.011522,0.0107594,0.0550757,0.0142686,0.027222
0.00608875,0.00429996,0.00399947,0.016335,0.00395059,0.00676742
0.0105339,0.00658882,0.00249695,0.0225229,0.00603217,0.00996201
0.00817056,0.00517423,0.00518722,0.0157904,0.00474028,0.00811722
0.0330297,0.0195984,0.0197973,0.0901977,0.0204953,0.0345381
0.0110968,0.00735045,0.00448549,0.0236242,0.00611211,0.00508826
0.00762444,0.00461596,0.0121468,0.0177783,0.00534349,0.00527155
0.0105622,0.00667701,0.00283454,0.0353539,0.00673167,0.0122249
0.0377014,0.023806,0.0101112,0.0655224,0.0173869,0.0269302
0.0115228,0.00789304,0.0044627,0.0310941,0.0066305,0.004652
0.0208263,0.0137718,0.00685189,0.0276122,0.00963731,0.0228048
0.0109621,0.00778472,0.00438847,0.0383888,0.0104096,0.0129486
0.0141417,0.00870587,0.0102261,0.0217661,0.00537929,0.00441209
0.00517569,0.00383664,0.00180392,0.0286825,0.00708184,0.0169541
0.0107624,0.00737806,0.00372835,0.0205307,0.00451388,0.00301334
0.0229838,0.0154544,0.0144733,0.0789137,0.019625,0.0301502
0.0138349,0.00928,0.0131568,0.0721284,0.0194283,0.0186985
0.0342412,0.0219666,0.0090425,0.043381,0.0108872,0.0376096
0.0134667,0.00903277,0.00529052,0.0255236,0.00612325,0.00453792
0.0113658,0.0083051,0.00844522,0.0156844,0.00486141,0.00625539
0.0226239,0.0148046,0.00702454,0.0323741,0.0077272,0.00417945
0.0296816,0.0200241,0.0256952,0.107711,0.0276869,0.0312703
0.0164878,0.0113018,0.0161166,0.0464219,0.0123496,0.0112428
0.00891312,0.00597664,0.00325133,0.0294997,0.00730878,0.00729914
0.0127015,0.00876945,0.00462996,0.0184784,0.00455662,0.00300308
0.0107516,0.00750961,0.00371146,0.0183043,0.00367029,0.00564598
0.0284815,0.0181534,0.0152071,0.0731098,0.0207596,0.0458254
0.0251832,0.0166735,0.01074,0.0630212,0.014579,0.0202668
0.00953894,0.00655128,0.00226253,0.0263226,0.00524409,0.00675025
0.0160542,0.0110754,0.00578751,0.0238615,0.00637756,0.00194832
0.00623916,0.00447295,0.0027145,0.00846232,0.00363948,0.00223747
0.03146,0.0112193,0.0139277,0.0924106,0.0254286,0.0145529
0.0244216,0.00859656,0.0113845,0.0606218,0.0130162,0.0121533
0.0217121,0.0129235,0.00864921,0.0449416,0.00881234,0.0152316
0.0264477,0.0179394,0.0270499,0.103969,0.0289552,0.0330546
0.0103626,0.00718077,0.00293341,0.013135,0.00398477,0.00488429
0.00585458,0.00424835,0.00259537,0.0131877,0.00270751,0.00293733
0.0219012,0.0107912,0.00843566,0.0524813,0.0161134,0.0160624
0.0313457,0.0170281,0.0161663,0.083432,0.0212248,0.0243534
0.00526552,0.00346621,0.00220876,0.0284234,0.00658151,0.00745779
0.0383117,0.0217775,0.0220454,0.11808,0.029867,0.0463523
0.060322,0.0372997,0.0205783,0.0844991,0.0227638,0.0297438
0.0123722,0.00720571,0.00679191,0.0243573,0.0076212,0.00895759
0.0117809,0.00808424,0.00367746,0.00960805,0.00279053,0.000591598
0.0159617,0.0108642,0.00495349,0.0260942,0.00580676,0.0107762
0.00684282,0.00455381,0.00302573,0.0170098,0.00423428,0.000369384
0.037337,0.024914,0.0120899,0.0486959,0.0116996,0.00791546
0.041959,0.0254097,0.0236636,0.120013,0.0309681,0.0277471
0.0193482,0.0126944,0.00706435,0.0264271,0.00603526,0.00497444
0.0243602,0.0123605,0.0068537,0.0562036,0.015282,0.0116462
0.0239516,0.0124511,0.0066877,0.0533528,0.0127768,0.0122398
0.0189481,0.0128951,0.00453999,0.00514401,0.000898007,0.00690389
0.0205269,0.0140011,0.00661946,0.024268,0.00615175,0.0124194
0.0101398,0.00699862,0.00362528,0.0218509,0.00692193,0.00419516
0.0120023,0.00827452,0.00416095,0.0237063,0.00470944,0.00881917
0.0197844,0.0135167,0.00597659,0.0258858,0.00585865,0.00378038
0.0296908,0.0191752,0.0156073,0.0868472,0.0187909,0.0295311
0.00486236,0.00328711,0.0012331,0.0170365,0.00460029,0.00317288
0.02455,0.016489,0.0154979,0.0486905,0.0137395,0.0222814
0.0154573,0.0101954,0.0171698,0.0847152,0.0208154,0.0480728
0.0163986,0.0110182,0.00571144,0.0195042,0.00442517,0.00608611
0.00874225,0.00591675,0.00402486,0.0148558,0.00413272,0.00342015
0.026296,0.0172757,0.00848373,0.0477838,0.011492,0.00893163
0.0249847,0.0166301,0.00934502,0.0440575,0.0112469,0.00813091
0.0210128,0.0139276,0.00714252,0.0357558,0.00661479,0.00759835
0.0109902,0.00767538,0.00410868,0.0298752,0.00882667,0.0153522
0.0126123,0.00838908,0.00413774,0.020328,0.00556311,0.00832292
0.0106671,0.00736584,0.0034991,0.017448,0.00367303,0.00929093
0.0100105,0.00682063,0.00264868,0.0191379,0.00604185,0.00933735
0.00542684,0.00342066,0.00188505,0.0137708,0.00344727,0.00837807
0.00942897,0.00647849,0.0027635,0.0189491,0.00456602,0.0098195
0.0129113,0.0085113,0.0204934,0.0582788,0.0178341,0.0163894
0.0168303,0.0110649,0.00864226,0.0412721,0.00951252,0.0051033
0.00487185,0.00345095,0.00500586,0.0156223,0.00321216,0.00318832
0.0084334,0.00603319,0.00336295,0.0192651,0.00317116,0.00633716
0.0538829,0.0355608,0.0332472,0.126565,0.0356891,0.051765
0.011153,0.00785213,0.00285943,0.0301707,0.00747497,0.0142031
0.0129156,0.00891866,0.00521649,0.0253887,0.00597723,0.0072052
0.00873451,0.00574224,0.00334839,0.0276788,0.00896845,0.0209979
0.0121915,0.00858408,0.00359828,0.0189988,0.00436508,0.00749688
0.0154986,0.010767,0.00558009,0.0212049,0.0049151,0.00829443
0.0156883,0.0103685,0.00580063,0.02325,0.00411374,0.00500624
0.0223817,0.0148314,0.00440149,0.0452682,0.0114475,0.0133074
0.00506914,0.00386028,0.00193034,0.0156917,0.00509241,0.00587891
0.0229446,0.015356,0.0160146,0.0378493,0.0085656,0.00928767
0.0142934,0.00916361,0.00636677,0.0297381,0.00907784,0.0203565
0.00595475,0.00419506,0.00271608,0.0104305,0.00269348,0.00517519
0.0274318,0.0174681,0.0105503,0.0489814,0.0118645,0.0116964
0.0165097,0.0107421,0.00383472,0.0293586,0.00717661,0.0136466
0.00490459,0.00310435,0.00237311,0.0334414,0.00783519,0.00397349
0.0262476,0.0173081,0.0126256,0.043683,0.0089628,0.0101139
0.0160003,0.0106101,0.0049053,0.0404317,0.0108837,0.0048866
0.0356557,0.022102,0.0318549,0.146148,0.0357914,0.0334506
0.031989,0.0201296,0.011968,0.0797074,0.018087,0.023814
0.00736936,0.00522202,0.00430904,0.0158772,0.00369119,0.0047584
0.0208706,0.0139712,0.00751229,0.0310041,0.0113185,0.00799689
0.0193233,0.0126941,0.00670967,0.033312,0.0108777,0.0175988
0.0444317,0.0281209,0.0401503,0.106424,0.025645,0.0242545
0.0199915,0.0137324,0.00619326,0.0442012,0.0109523,0.0104295
0.0214285,0.0140331,0.00755622,0.0245588,0.00852238,0.0164812
0.0127277,0.00646232,0.00548341,0.0360349,0.0106768,0.00587702
0.0383332,0.0234846,0.0122102,0.0636501,0.0155722,0.0113883
0.0409632,0.0262115,0.0172069,0.0844203,0.0225681,0.0310134
0.00613988,0.00422568,0.0034512,0.025109,0.00745195,0.00769469
0.00726404,0.00515512,0.00296363,0.0151965,0.00382819,0.00186829
0.0356713,0.020502,0.0162424,0.0689395,0.0175415,0.0431467
0.0319259,0.0208061,0.0119936,0.0335798,0.0066913,0.0184853
0.00907285,0.00544536,0.00347145,0.0194401,0.00382291,0.00559263
0.0138165,0.00987757,0.0057258,0.0290547,0.00780883,0.0188983
0.00872389,0.00619841,0.00393173,0.0170366,0.00335613,0.00227185
0.0210985,0.0126865,0.00934635,0.0654515,0.0167195,0.0137851
0.013221,0.0091734,0.00723552,0.0531511,0.0130284,0.0253824
0.0142164,0.00902916,0.00659611,0.0272422,0.00623657,0.0168001
0.0107571,0.00757874,0.0037668,0.0190102,0.00597837,0.00171874
0.00665619,0.00478024,0.00387889,0.0261958,0.00739627,0.00325367
0.0134814,0.00932087,0.00508995,0.0242996,0.00748732,0.00471762
0.0475795,0.0176745,0.0205505,0.0920848,0.0240288,0.0370321
0.0321951,0.0209243,0.0139694,0.0620972,0.0164944,0.0488919
0.0131863,0.00846959,0.00414167,0.0282453,0.00645931,0.00366194
0.0100168,0.00720287,0.00403859,0.0338586,0.00863644,0.00958301
0.014979,0.00977406,0.0142209,0.0747581,0.0179388,0.0247275
0.0263603,0.0176231,0.00763799,0.0347598,0.00804467,0.00447213
0.0250195,0.0167295,0.0172091,0.06028,0.0188078,0.0339647
0.0241337,0.0161485,0.0239509,0.111796,0.0294757,0.0188005
0.0222564,0.0115239,0.0190497,0.0661871,0.0192762,0.0284508
0.0187676,0.008544,0.0123032,0.0380515,0.00906954,0.0205182
0.00510593,0.00366266,0.00333905,0.0259534,0.00533825,0.00154535
0.00744466,0.00534965,0.00444221,0.036899,0.00697292,0.00440798
0.00623967,0.00454119,0.0029859,0.00450574,-0.000690716,0.00332513
0.0254205,0.0148745,0.0102171,0.0405,0.00849502,0.0170119
0.015593,0.0105045,0.00976561,0.0563792,0.0161947,0.020186
0.0145246,0.0100543,0.0043233,0.0407514,0.0110279,0.00574313
0.0101569,0.00718228,0.00571414,0.0488714,0.0113763,0.0181865
0.00559919,0.00398464,0.0083842,0.0317677,0.0080622,0.010303
0.0134864,0.00938886,0.00768325,0.0208795,0.00766799,0.00265406
0.0148137,0.0101098,0.00447684,0.0302683,0.00609958,0.00854571
0.0233032,0.0163291,0.0186165,0.0467946,0.0125314,0.0221296
0.00804609,0.00560363,0.00311097,0.015419,0.00460697,0.00564831
0.0164708,0.0110317,0.00612019,0.027407,0.00525181,0.00267755
0.00771837,0.00519569,0.00183544,0.0227879,0.0053936,0.00318356
0.0201568,0.0138471,0.0116987,0.0290085,0.00761487,0.00986267
0.0285175,0.0188893,0.0110425,0.0601164,0.0145296,0.0176411
0.023589,0.014946,0.0150012,0.0725157,0.0183104,0.0197105
0.0123622,0.0085581,0.00371092,0.0212629,0.00539955,0.00903499
0.00694563,0.00469213,0.00214929,0.0150297,0.00436949,0.00267645
0.0760261,0.0437896,0.0362644,0.1441,0.0375505,0.0433691
0.0116247,0.00792352,0.00326354,0.0390462,0.0100885,0.0208869
0.0162925,0.00695671,0.00627221,0.0310918,0.00746633,0.00842298
0.0139079,0.00945955,0.00440145,0.0240237,0.00586833,0.0043568
0.0121984,0.00826911,0.00413612,0.0295399,0.00542484,0.00305226
0.00776093,0.00494455,0.00264354,0.0105802,0.00148842,0.00217719
0.0120296,0.00813223,0.00315093,0.0187927,0.0064987,0.00568298
0.0224835,0.0150822,0.00567121,0.0230632,0.00644501,0.00748212
0.0293363,0.0190497,0.0112451,0.0520493,0.0138982,0.018625
0.0100422,0.00699879,0.0123594,0.0771341,0.0225093,0.0335918
0.0331646,0.0180201,0.0174115,0.0747372,0.017807,0.0127718
0.0101964,0.00645187,0.00303482,0.00905439,0.00348752,0.00414331
0.0288757,0.0164113,0.00878131,0.0549594,0.0159308,0.012774
0.0344636,0.0220739,0.0114878,0.0351777,0.00818621,0.0215801
0.0580455,0.028478,0.0534785,0.22347,0.0586909,0.0872228
0.046723,0.0205421,0.0335444,0.124825,0.0261987,0.0415801
0.0241901,0.0166914,0.0103344,0.0484084,0.0132228,0.0332023
0.0276406,0.0189914,0.0134504,0.0382564,0.00945978,0.00908909
0.0102951,0.00678865,0.00462266,0.0263453,0.0057878,0.00362469
0.00459942,0.00299959,0.0019213,0.0108264,0.00135999,0.00198419
0.0181489,0.0125435,0.0139919,0.0621006,0.0163583,0.0219038
0.0160081,0.0111082,0.00515137,0.0302548,0.00676215,0.00673807
0.0136027,0.00911279,0.00567957,0.0250063,0.00394745,0.00818575
0.0881592,0.0369987,0.0396793,0.211516,0.0511275,0.0460687
0.0678393,0.0390462,0.0253864,0.0982091,0.0275073,0.0505348
0.0167954,0.011419,0.00416437,0.0323061,0.00882403,0.00677982
0.0257318,0.017218,0.0130245,0.0416265,0.00975422,0.00640392
0.00972815,0.0069904,0.00341936,0.0257624,0.00469783,0.00215189
0.0255463,0.0170804,0.0117764,0.0511886,0.0137842,0.0157007
0.0216276,0.0139317,0.00710729,0.0463701,0.00960255,0.0138278
0.00471603,0.00326135,0.00307498,0.0138858,0.00382096,0.00346995
0.0139316,0.00943815,0.00450394,0.0376799,0.00808271,0.0179872
0.014175,0.00970437,0.00421763,0.0233207,0.00502775,0.00557674
0.012398,0.00866225,0.00352915,0.0211522,0.00531417,0.00447276
0.0162451,0.00999049,0.00466449,0.0288932,0.00794541,0.0136753
0.0131293,0.00746977,0.00446755,0.0299618,0.00628879,0.0204803
0.0151875,0.0103221,0.00475639,0.0318052,0.00739162,0.00923562
0.0180939,0.00982245,0.00558753,0.028804,0.00790425,0.00801635
0.023421,0.0140959,0.00610553,0.032172,0.00754221,0.0094078
0.0163991,0.0106751,0.00554609,0.0365685,0.00794799,0.0119097
0.0180477,0.0119063,0.00666984,0.0238279,0.00676128,0.010799
0.00796483,0.00572636,0.0034711,0.0161126,0.00498489,0.00455776
0.00900164,0.00632474,0.00262373,0.0134552,0.00661795,0.00855547
0.0180296,0.0116596,0.0250045,0.0946272,0.0233074,0.025206
0.0105801,0.00736865,0.0029648,0.0129826,0.0042208,0.00391217
0.0436091,0.0263009,0.0555264,0.252695,0.0592514,0.101497
0.0579595,0.030544,0.0553607,0.2076,0.0541711,0.0688283
0.0240212,0.0134901,0.00796251,0.0389006,0.0118724,0.0115809
0.00763595,0.0053563,0.00229174,0.0257394,0.00706555,0.0077675
0.0104879,0.00708821,0.00701854,0.0225574,0.00742724,0.0135437
0.0302951,0.0198295,0.0118753,0.040436,0.0110335,0.0130882
0.0112737,0.00788814,0.00579477,0.0171748,0.00543952,0.00440034
0.0176228,0.0121186,0.007398,0.0573374,0.0138582,0.00595578
0.0078103,0.00563761,0.00315368,0.0145629,0.00434231,0.00865423
0.0163837,0.0108638,0.00602481,0.0180839,0.00513622,0.0123951
0.0299134,0.0199381,0.0139748,0.0624022,0.0201394,0.0266826
0.0127944,0.00881106,0.00798463,0.0293126,0.00826576,0.00793884
0.0419731,0.0186002,0.0185021,0.0717083,0.0197089,0.0150347
0.0327071,0.0208901,0.011567,0.0737875,0.0192614,0.0311752
0.0152094,0.0101264,0.00461288,0.0387481,0.0104824,0.00941565
0.0317971,0.0188665,0.0211868,0.0958921,0.0221834,0.0258925
0.0189926,0.012519,0.00670467,0.0249007,0.00801818,0.0157364
0.00481749,0.00364163,0.00597044,0.0273107,0.00809986,0.00536485
0.0135924,0.00937215,0.00414185,0.0250411,0.00678601,0.00818933
0.0103362,0.00733905,0.00306905,0.0215592,0.00564694,0.0144167
0.0167067,0.0112924,0.00549531,0.02182,0.0058336,0.00749094
0.0142811,0.00933774,0.00487917,0.0175114,0.00504919,0.00343678
0.0108114,0.0072319,0.00355415,0.0145075,0.00323746,0.0058572
0.00708409,0.00489798,0.00286967,0.00215259,0.000986714,0.00528694
0.02175,0.0146663,0.00775915,0.0337413,0.00712892,0.00969476
0.031151,0.0195409,0.00891677,0.0441656,0.0119642,0.0143231
0.0375217,0.0236508,0.0134379,0.0722532,0.0183832,0.0216384
0.00832662,0.00544933,0.0156275,0.061999,0.018875,0.0314524
0.00512649,0.00350138,0.00230629,0.0114511,0.00235447,0.00309482
0.0340662,0.0211933,0.0219496,0.0919673,0.0228523,0.0150078
0.00990504,0.00670945,0.00317281,0.0146174,0.00257495,0.0044483
0.0180079,0.0117411,0.00761478,0.0248616,0.00705597,0.00936413
0.0238542,0.0157715,0.00745975,0.0388805,0.011876,0.0143783
0.0484846,0.0292792,0.0199065,0.0484352,0.0109148,0.0210651
0.017946,0.012385,0.00627499,0.0195463,0.00458813,0.00487436
0.00751191,0.0049483,0.00588187,0.0300668,0.00642085,0.00898432
0.00826039,0.00592205,0.00349071,0.0268399,0.00544473,0.0102363
0.0688647,0.0332631,0.0256994,0.106657,0.0259039,0.0561488
0.00825903,0.0060569,0.00319557,0.0115974,0.0024614,0.00610486
0.0118195,0.00833841,0.00266235,0.0219806,0.0061771,0.00832779
0.0283922,0.0183387,0.00873691,0.031868,0.00759379,0.0109545
0.00993716,0.00712235,0.00458312,0.0267349,0.00862131,0.00742789
0.0101144,0.00704092,0.00340977,0.0214391,0.00560408,0.0166626
0.0307784,0.0198282,0.0330836,0.12544,0.0320869,0.0277981
0.0144421,0.00964283,0.00545354,0.0200085,0.00493871,0.0105978
0.0246474,0.0165609,0.0131472,0.0504536,0.0157534,0.0403697
0.0245089,0.0166205,0.0158294,0.0423464,0.0111582,0.00793038
0.0194013,0.0131883,0.0061698,0.0227701,0.00627142,0.00890041
0.0210173,0.0141412,0.00556455,0.0539115,0.0135528,0.0320559
0.00531193,0.00363529,0.00262126,0.00919253,0.00215732,0.00444261
0.0390927,0.0177508,0.0165391,0.100719,0.024637,0.0159682
0.037021,0.0178993,0.0155192,0.0882037,0.0178634,0.0135237
0.00790957,0.00556425,0.00154541,0.0112048,0.00120284,0.00457868
0.0299941,0.020353,0.0117878,0.0398059,0.0092502,0.00729004
0.0153135,0.0104463,0.00648687,0.0265081,0.00640236,0.00650299
0.00904327,0.00617753,0.00332362,0.0128301,0.00410055,0.00193059
0.0182486,0.0120443,0.00557098,0.0217272,0.00661049,0.00529083
0.0232433,0.0147662,0.0213975,0.111249,0.0280925,0.0264123
0.0158194,0.0109913,0.00567331,0.0341456,0.00716789,0.00874411
0.00912999,0.00625586,0.00425278,0.016649,0.00588944,0.00528572
0.00763399,0.00542194,0.00201215,0.00628284,0.00224515,0.00377568
0.0109747,0.00708249,0.00365295,0.0242741,0.00627788,0.00454717
0.0177766,0.0122428,0.00530375,0.0244882,0.0055105,0.00658996
0.0229573,0.0158637,0.00708077,0.0362923,0.00832495,0.00471008
0.00710559,0.0047355,0.00274649,0.0130771,0.00275187,0.00374099
0.0171133,0.0118331,0.00653387,0.0252549,0.00833125,0.00836852
0.0108509,0.0074972,0.00649827,0.02685,0.00425466,0.00527865
0.0265816,0.0169028,0.00856122,0.0341155,0.00740057,0.00818259
0.0124262,0.00836885,0.00319871,0.031695,0.0100969,0.0170077
0.0416082,0.0248463,0.0254824,0.0807696,0.0189778,0.0510578
0.0272997,0.0184882,0.00894092,0.0419254,0.0105548,0.00970374
0.0329456,0.0140362,0.0162583,0.0608171,0.0167711,0.0226912
0.0145762,0.00682068,0.0055222,0.0179169,0.00662326,0.00862389
0.0622917,0.0353189,0.0446607,0.179489,0.0462765,0.0456546
0.0295479,0.0186422,0.00794713,0.045385,0.0115938,0.0138905
0.0389319,0.0254419,0.0131221,0.0632978,0.0163048,0.0138258
0.0176614,0.0116339,0.00624844,0.00896714,0.00122458,0.00934839
0.00927463,0.00640816,0.00300536,0.00975352,0.00418693,0.00480453
0.0353125,0.0194884,0.0120842,0.0838426,0.0186148,0.0519498
0.0241833,0.0167152,0.00761165,0.0315203,0.0078687,0.00585647
0.00445217,0.00309982,0.00232282,0.0121442,0.00496986,0.00364848
0.00872335,0.00599776,0.00367744,0.0124637,0.00377354,0.0024333
0.0220144,0.0145938,0.0163244,0.0758815,0.0199839,0.0348855
0.00638607,0.00411767,0.00445426,0.0285109,0.00512154,0.0170909
0.0135057,0.00875416,0.00473684,0.0263047,0.00611355,0.0123071
0.00602335,0.00409732,0.00234127,0.0189102,0.00352211,0.00312096
0.0250245,0.0110894,0.0111896,0.0463733,0.0136111,0.0116779
0.0203016,0.0139566,0.00616631,0.0318939,0.00977513,0.00858728
0.0114016,0.00799102,0.00576842,0.0486575,0.013614,0.0269098
0.0164486,0.0111705,0.00531085,0.026375,0.0062287,0.00976061
0.0142294,0.00937732,0.00536456,0.0181593,0.00511577,0.00693247
0.0198511,0.013394,0.00778987,0.0426986,0.0113672,0.00631836
0.00755802,0.00536763,0.00328725,0.0148376,0.00355048,0.00277096
0.00848809,0.00445819,0.00300123,0.0195609,0.00646685,0.00401053
0.0270641,0.0173107,0.00639161,0.0426017,0.0105091,0.00786187
0.0107611,0.00742087,0.00362154,0.0136703,0.00448033,0.00406732
0.00543293,0.00376039,0.0029842,0.0118634,0.00398152,0.00675771
0.0274785,0.0178897,0.00598097,0.0517675,0.0132289,0.0106144
0.0113859,0.00793232,0.00386508,0.0185356,0.00658196,0.0280066
0.00673931,0.00437215,0.00241801,0.0150804,0.00303637,0.00270471
0.006507,0.00454067,0.00222597,0.0122443,0.00316602,0.00286475
0.0202147,0.0136336,0.0070398,0.0162738,0.00190753,0.0051947
0.0152042,0.0106002,0.00881158,0.0348053,0.00928463,0.0119596
0.0161916,0.0109685,0.0057319,0.0168351,0.00668123,0.0103547
0.0130838,0.00924662,0.00565254,0.0486393,0.0140758,0.0086277
0.0166612,0.0109151,0.00661023,0.0247687,0.00687296,0.0183096
0.030699,0.0195911,0.0144853,0.0628719,0.0159882,0.0214904
0.00666536,0.00466336,0.00243249,0.0164327,0.00294238,0.00396174
0.0231742,0.0154846,0.0123438,0.0615722,0.0151067,0.0112315
0.0116203,0.00784095,0.00468841,0.0185797,0.00433872,0.00199335
0.011983,0.00851951,0.00340552,0.0188542,0.00476883,0.00629059
0.025896,0.0171317,0.00935712,0.00551093,0.00132578,0.00882224
0.0380932,0.0238229,0.00840832,0.0674964,0.0187349,0.0238408
0.0185005,0.012592,0.00704588,0.0344607,0.00636001,0.0112603
0.0153945,0.0107268,0.00620819,0.0353972,0.00900807,0.00618118
0.00701296,0.00502081,0.00282333,0.0095732,0.00356411,0.00518804
0.014545,0.0098298,0.00430976,0.0340176,0.00886575,0.00529664
0.0184219,0.0124117,0.00612966,0.0219854,0.00439753,0.006699
0.0172441,0.0110922,0.00652092,0.0312537,0.00798717,0.0154893
0.00552884,0.00387097,0.002558,0.000896474,3.27126e-06,0.00161186
0.0248492,0.0165619,0.00623807,0.036311,0.0111728,0.00862784
0.0102211,0.00702662,0.0033413,0.0151556,0.00398902,0.00329248
0.0125802,0.008437,0.00421994,0.0283017,0.0063133,0.00753189
0.00631352,0.00415076,0.00273857,0.0202096,0.00406463,0.00346058
0.0340643,0.0218297,0.0107431,0.05646,0.0150152,0.0115175
0.0241783,0.0157364,0.00715085,0.0525662,0.0129018,0.018926
0.00575055,0.00405995,0.00331682,0.0133914,0.00405604,0.00330652
0.0166349,0.0113715,0.0060215,0.0342952,0.00865957,0.00878621
0.045417,0.0290774,0.022857,0.101216,0.0256118,0.0268828
0.0171856,0.0116081,0.00921669,0.0295388,0.00757411,0.00836226
0.00900852,0.00677852,0.00866013,0.0105879,0.00295438,0.0194454
0.0268447,0.0161954,0.0343172,0.167965,0.0455874,0.0605234
0.0234775,0.0141574,0.0210765,0.104405,0.029187,0.0512358
0.0347351,0.0218488,0.0175654,0.0871037,0.02149,0.0182164
0.0129792,0.00878218,0.00529126,0.0293253,0.00606725,0.00402165
0.0123964,0.00882937,0.0055077,0.0378141,0.00948439,0.0148028
0.0209919,0.0133376,0.0074767,0.026673,0.00878409,0.0158606
0.0169363,0.011313,0.00557926,0.0245503,0.00477213,0.00436324
0.0140429,0.00948972,0.00666027,0.0279737,0.00601766,0.00959783
0.0234411,0.0152484,0.00955096,0.0468994,0.0119989,0.0140487
0.00898304,0.00614292,0.00283169,0.0243201,0.00644119,0.00466004
0.0512607,0.0320993,0.0203371,0.0976027,0.0264454,0.0739013
0.0214428,0.0106498,0.00760936,0.0506773,0.0142643,0.00789828
0.00708512,0.00521227,0.00410822,0.0147597,0.00228077,0.00495902
0.0202161,0.00784125,0.0080545,0.0305401,0.00599916,0.0113413
0.0267083,0.0149338,0.00878874,0.0142676,0.00198191,0.0124349
0.0463745,0.0282334,0.0287351,0.103433,0.0269413,0.0373758
0.00532262,0.00362031,0.00304036,0.0142709,0.00353979,0.0041362
0.0128207,0.00902824,0.00590763,0.0169888,0.00442073,0.0107315
0.00588719,0.00418445,0.00134247,0.0114277,0.00196271,0.00374855
0.00660902,0.00464499,0.00262451,0.0281861,0.00435018,0.00365683
0.010284,0.00721759,0.00468369,0.0183773,0.00534538,0.00499836
0.0238995,0.0162865,0.00795486,0.0159187,0.00453562,0.0106448
0.0215174,0.0143247,0.00610038,0.0195072,0.00454684,0.010431
0.00420707,0.00300429,0.00221903,0.0117559,0.00202821,0.00148678
0.0143453,0.00950065,0.00660888,0.0228294,0.00677889,0.00226916
0.00644342,0.00429079,0.00278892,0.014322,0.00281957,0.00627133
0.00608479,0.00382166,0.00339723,0.0189539,0.00539777,0.00192612
0.0139868,0.00981825,0.00634749,0.022351,0.00666337,0.00484011
0.00683822,0.00496362,0.00541509,0.0382578,0.00925262,0.00797398
0.027839,0.0187295,0.0059952,0.0332135,0.00932364,0.025943
0.00841501,0.00572544,0.00269328,0.00834345,0.00205213,0.00469853
0.010487,0.00714175,0.00385366,0.0208513,0.00558624,0.00400045
0.00862252,0.00579535,0.00461978,0.0141009,0.00461093,0.00358965
0.00452894,0.0032647,0.00121716,0.0099505,0.00288958,0.00127025
0.0095008,0.00684282,0.00397914,0.0190971,0.00405391,0.0102482
0.0284287,0.0188595,0.00753032,0.0332803,0.0100029,0.0046644
0.00695485,0.00501063,0.00377184,0.0116535,0.0033803,0.0129292
0.00496929,0.00326496,0.00299132,0.0127334,0.0041905,0.0017217
0.0137074,0.00909519,0.00355223,0.0246638,0.0048642,0.0063842
0.0106947,0.00710819,0.00372607,0.0254747,0.00462252,0.00642688
0.00540534,0.00367039,0.00933815,0.175452,0.0317683,0.0610498
0.00741576,0.00497019,0.00327234,0.0164575,0.00360626,0.00484288
0.0153487,0.0062593,0.010713,0.035009,0.0103837,0.0134537
0.0151662,0.00627952,0.0100651,0.0349476,0.00913998,0.0129959
0.0135405,0.00924118,0.00569199,0.0153552,0.00578255,0.0051186
0.0180326,0.0124849,0.00525118,0.0289425,0.00565353,0.00472581
0.0248319,0.0168531,0.00709221,0.0339602,0.00867529,0.00595668
0.0103203,0.007178,0.00853964,0.0339655,0.0110493,0.0110864
0.0207076,0.0140546,0.00644062,0.0367056,0.00991621,0.00699315
0.00519719,0.00356726,0.00158615,-0.00224198,-0.00127984,0.00524863
0.0333557,0.0164734,0.0210977,0.0623746,0.0180946,0.0124843
0.0283332,0.0116071,0.0165959,0.0608647,0.0148797,0.00962298
0.00768667,0.00516047,0.00458444,0.0179836,0.00305148,0.00241164
0.025988,0.016816,0.00785353,0.036168,0.0121252,0.0223576
0.0362809,0.0195593,0.0353485,0.12506,0.0315808,0.0421605
0.016693,0.0102336,0.00639267,0.0298864,0.00909533,0.00791473
0.0298269,0.0183535,0.0096813,0.0476785,0.0122814,0.015842
0.0278005,0.0184683,0.00825925,0.0522715,0.0145333,0.0221521
0.0353564,0.0229084,0.0129156,0.055651,0.015646,0.0192371
0.00527275,0.00334351,0.00302687,0.0110147,0.00204224,0.0037219
0.00775421,0.00536552,0.00406215,0.0199174,0.00516761,0.00292998
0.0136309,0.00934575,0.00492856,0.0267699,0.00751083,0.00553701
0.0064761,0.00458807,0.0016595,0.0160866,0.00394191,0.00511788
0.0128118,0.00910003,0.0094685,0.0221762,0.00531606,0.00530474
0.0287576,0.018791,0.00843398,0.0371269,0.00983954,0.0222522
0.00868956,0.00555736,0.0131297,0.0976981,0.0229409,0.0222163
0.00468718,0.00358026,0.00199419,0.00677436,0.00156669,0.00279508
0.0050703,0.00378106,0.00206254,0.0161932,0.0032373,0.00271621
0.0116686,0.00776138,0.00617454,0.0279652,0.00633613,0.00865805
0.00866738,0.00561936,0.00426928,0.0189151,0.00721948,0.00390051
0.0190661,0.0113224,0.00913524,0.0292098,0.00721176,0.0201406
0.0206157,0.0093486,0.00749145,0.0277882,0.00661903,0.00974529
0.0049282,0.00329359,0.00260208,0.00999468,0.002304,0.00249896
0.00427667,0.00329654,0.00235536,0.00751906,0.00108451,0.00442741
0.00904536,0.00627072,0.00322185,0.0126631,0.00333083,0.00340341
0.0275952,0.0185304,0.00741702,0.0378631,0.0111799,0.0127716
0.0346682,0.0221435,0.0314733,0.10862,0.0290138,0.0184694
0.0284407,0.0184712,0.0069514,0.048361,0.0114097,0.0233308
0.0168411,0.0110516,0.00631366,0.0245716,0.00588916,0.00335603
0.0301668,0.0197582,0.0137784,0.0474097,0.0141866,0.0342385
0.0123566,0.00840621,0.00292063,0.0216391,0.00659239,0.00612971
0.0406527,0.026164,0.0233449,0.0945456,0.0267824,0.0471146
0.0211864,0.0141989,0.00756782,0.0299575,0.00628226,0.00571481
0.0174907,0.0104112,0.00378725,0.0335671,0.00833702,0.0100198
0.0164641,0.0079036,0.00455778,0.0352183,0.00656731,0.00793281
0.0166315,0.0103786,0.00543045,0.021663,0.0064343,0.0109532
0.00569779,0.00408956,0.00239151,0.016842,0.00389264,0.00145564
0.0683803,0.0284902,0.0624367,0.234165,0.0650873,0.0996215
0.00570532,0.00410504,0.00501705,0.0286507,0.00702818,0.00420497
0.0259326,0.0159524,0.0360712,0.152453,0.0425233,0.0571216
0.00806366,0.00561522,0.0019912,0.0211371,0.00493936,0.00618143
0.00724259,0.00488599,0.007115,0.0227999,0.00549665,0.0175665
0.0140816,0.00962242,0.00968355,0.0513087,0.0140302,0.00730272
0.0199381,0.0132509,0.0134233,0.0887676,0.0209588,0.0101281
0.00700785,0.00502837,0.00282695,0.0135246,0.00566832,0.00224361
0.00680305,0.00474044,0.00473614,0.0307973,0.00805211,0.0173999
0.0305851,0.0198715,0.00689871,0.0520845,0.0118782,0.0105404
0.01675,0.0112583,0.00545459,0.0179703,0.00606991,0.00670079
0.00791003,0.00532877,0.00808925,0.0259449,0.00661066,0.00586235
0.0117346,0.00817989,0.00423476,0.0196417,0.00652939,0.00560544
0.024348,0.016609,0.00570834,0.0285197,0.00881534,0.00694329
0.0133266,0.00896039,0.00334922,0.0244489,0.0045093,0.0133314
0.00721683,0.00495414,0.00302236,0.019387,0.00526469,0.00413967
0.0142556,0.00941775,0.0051702,0.0293179,0.00850266,0.0113664
0.00599117,0.00419406,0.00291483,0.0184873,0.00360697,0.00857956
0.0471895,0.020012,0.0195269,0.0940588,0.0242274,0.0221207
0.0103932,0.00707292,0.00247912,0.0184851,0.00499243,0.00918112
0.00696874,0.00511073,0.0037712,0.0262258,0.0067861,0.00318091
0.0118559,0.00851577,0.00683754,0.00821036,0.00209216,0.00331812
0.00642697,0.00439148,0.00277094,0.011833,0.0029398,0.00340507
0.0328888,0.0199083,0.0243418,0.113285,0.0295987,0.0240227
0.0303521,0.0197703,0.0118646,0.0551006,0.0121301,0.0206825
0.00569171,0.00407376,0.00210379,0.0226917,0.00451947,0.00154173
0.00878688,0.00581621,0.00378884,0.0205672,0.00520678,0.000457716
0.0129988,0.00910033,0.00351086,0.0233806,0.00672993,0.00958898
0.0176108,0.0117856,0.0160646,0.0489744,0.0121914,0.0171428
0.00445168,0.00323324,0.00260912,0.0162703,0.00214298,0.00304563
0.0373799,0.0211635,0.0174537,0.123046,0.033909,0.0466797
0.0250932,0.013038,0.0170101,0.0817208,0.0199484,0.0322006
0.0273737,0.0173335,0.0110247,0.0409295,0.0127201,0.0228882
0.0120213,0.0081457,0.00415919,0.0223538,0.00388848,0.00293441
0.00785746,0.00516361,0.00627633,0.0250366,0.00529254,0.00460828
0.0105696,0.00690358,0.00417582,0.0129615,0.00348703,0.00111415
0.0121048,0.00871026,0.00287336,0.0241067,0.00579467,0.00730169
0.0310721,0.0202608,0.0219293,0.0881872,0.0245173,0.0290269
0.0137319,0.00951652,0.00518027,0.017986,0.00492256,0.00608594
0.016316,0.0094007,0.0160633,0.0633599,0.0154185,0.0211841
0.0175681,0.00968508,0.0172306,0.0603241,0.0135808,0.0216086
0.024939,0.0167625,0.0111015,0.0360612,0.00912737,0.0212501
0.00475726,0.00314305,0.00278112,0.0140519,0.00357186,0.00664586
0.0128275,0.0090281,0.00451078,0.0233652,0.00593854,0.00564638
0.00428509,0.00304239,0.00256705,0.0114165,0.00367551,0.00147253
0.0184845,0.0125806,0.0124856,0.0395159,0.00820892,0.0253862
0.00709888,0.00446024,0.00223854,0.019065,0.0043713,0.00351666
0.0682434,0.0370624,0.0246344,0.139105,0.0343436,0.0267456
0.0145368,0.00978653,0.00289486,0.0316332,0.00782736,0.00602804
0.0298619,0.0196335,0.0101403,0.0398136,0.00980788,0.0155949
0.0127245,0.00870713,0.00380568,0.0286428,0.00639299,0.00975756
0.00552404,0.00383209,0.00201065,0.0126934,0.00337466,0.00213976
0.0181863,0.012004,0.00596632,0.0216971,0.00692366,0.0235927
0.00823315,0.00556527,0.00316705,0.0140669,0.0037422,0.00748336
0.00473119,0.0032615,0.00201371,0.0121855,0.00228978,0.00639309
0.0169218,0.0113066,0.00637618,0.0492734,0.0112008,0.0136127
0.0398355,0.02471,0.0151445,0.0434149,0.0128506,0.020658
0.0335672,0.0189193,0.0144663,0.0688875,0.0169739,0.02175
0.00523244,0.00393374,0.00155308,0.00833225,0.00317483,0.000728503
0.0205278,0.0139442,0.00645596,0.0467758,0.011457,0.00958497
0.00697962,0.00512429,0.0044796,0.0217704,0.00532236,0.00938702
0.0131031,0.00891127,0.00392136,0.0218704,0.00398535,0.00382193
0.0245475,0.0156591,0.0166823,0.0921999,0.024757,0.031472
0.00866381,0.00610442,0.0034595,0.0109651,0.00434268,0.00402215
0.0479565,0.0247036,0.0414692,0.164604,0.0426578,0.116208
0.0265271,0.0178036,0.00930153,0.0412652,0.0100977,0.00574507
0.00409859,0.00297966,0.0029507,0.0151429,0.00320517,0.00664025
0.0141485,0.0096811,0.00478626,0.0332468,0.0079148,0.00664184
0.0146491,0.00958416,0.00511931,0.0315591,0.00764498,0.00489415
0.00528112,0.00394863,0.00274113,0.0110163,0.00353517,0.00126224
0.0337513,0.021872,0.0173613,0.0621188,0.0164516,0.0225265
0.00958652,0.00643593,0.00359037,0.0132836,0.00268763,0.00313738
0.0136826,0.0090649,0.00322039,0.0313215,0.00658452,0.00182627
0.0179976,0.0123087,0.00666708,0.0308339,0.00760275,0.00588083
0.00794564,0.00576751,0.0032587,0.0164206,0.00358529,0.00591915
0.0134164,0.00854649,0.0097379,0.0487848,0.0145367,0.0347474
0.0218382,0.0140156,0.0119983,0.083208,0.0194445,0.0381856
0.00750398,0.00537945,0.00333153,0.0122751,0.00176624,0.0055828
0.0241734,0.0159276,0.0175091,0.0997241,0.0201103,0.0240053
0.00612443,0.00463306,0.00300069,0.0121834,0.00446796,0.00502753
0.0150012,0.0102862,0.00447023,0.0378476,0.00756989,0.0106234
0.00837274,0.00588804,0.00565941,0.0127451,0.00423828,0.00315744
0.00438446,0.0029628,0.00143587,0.0118578,0.00326803,0.00217413
0.014455,0.0102158,0.00625497,0.0267034,0.00756772,0.00459766
0.0266966,0.0173252,0.00873092,0.0500737,0.0126916,0.024119
0.0561673,0.0242575,0.0231023,0.0849249,0.0245489,0.0458096
0.0683351,0.0357942,0.0225303,0.0881152,0.0174717,0.0334737
0.0127204,0.00835451,0.00378901,0.0181088,0.0060486,0.00395032
0.00906858,0.00645398,0.00839917,0.027168,0.00641293,0.00481738
0.0121771,0.00838227,0.00500704,0.0177728,0.0039641,0.00378733
0.0090394,0.00607786,0.0029075,0.0267866,0.00726785,0.0114879
0.0287306,0.0193373,0.0121286,0.0627334,0.0185141,0.0183634
0.0203682,0.0140311,0.00651765,0.0372242,0.0106983,0.00882484
0.0187848,0.0131101,0.00609934,0.0284317,0.00774491,0.0058883
0.0155506,0.0108326,0.00471109,0.0217622,0.00683022,0.0047483
0.0188517,0.0130777,0.0052384,0.0408622,0.00881738,0.0055505
0.0262132,0.0166217,0.0132438,0.0711751,0.0201405,0.0308436
0.0195478,0.0134443,0.00599276,0.0253349,0.00760762,0.0106045
0.0275833,0.0141392,0.0102065,0.0543149,0.0143955,0.0121723
0.00720146,0.00477943,0.00361009,0.0126489,0.00216884,0.0032515
0.0108511,0.00780171,0.00927884,0.0172875,0.00546088,0.00362857
0.0259487,0.0168865,0.00862785,0.0241606,0.00614704,0.0101029
0.00997186,0.00684693,0.00306722,0.0292329,0.00910673,0.00569686
0.019745,0.0130005,0.00626814,0.034467,0.00840802,0.0129014
0.0113357,0.00780514,0.00466855,0.0187031,0.00365308,0.00627052
0.0152917,0.0103141,0.0121385,0.0518019,0.0137771,0.015828
0.00551189,0.00402314,0.00261414,0.0128062,0.00322485,0.00474207
0.0201806,0.0133924,0.00499243,0.0381729,0.00994053,0.00765282
0.010762,0.00747907,0.00404995,0.0203592,0.00398085,0.00377855
0.00688198,0.00497638,0.00264143,0.0154942,0.003658,0.00318301
0.0359567,0.0230524,0.00944627,0.0629563,0.0165316,0.0248073
0.019708,0.0139805,0.00636597,0.024527,0.00629823,0.00661279
0.0516904,0.0320019,0.0196877,0.0743776,0.0192988,0.0220348
0.0104246,0.00736206,0.00546401,0.024475,0.00577828,0.00604244
0.00940771,0.00679924,0.00204483,0.0260133,0.00479568,0.00718493
0.0129688,0.00921587,0.00435512,0.0239433,0.00610519,0.00374611
0.0266601,0.0179856,0.00581824,0.0456952,0.012415,0.00607967
0.00849525,0.00608421,0.00417111,0.0269402,0.00670734,0.00753263
0.041729,0.0259029,0.0199792,0.0802249,0.0209087,0.0384927
0.0202404,0.0137776,0.0145815,0.0375841,0.00949807,0.00919021
0.0178832,0.0118528,0.00594991,0.028968,0.00607777,0.00368767
0.0107108,0.00701536,0.00765174,0.0403253,0.00991554,0.0195262
0.00947326,0.00641707,0.00382492,0.0120623,0.00276964,0.000683842
0.0201885,0.0134029,0.00675137,0.0391162,0.0095292,0.0134314
0.0150352,0.0103701,0.00765528,0.00220853,0.000480782,0.00897633
0.0118178,0.00799169,0.00421581,0.0130767,0.00218291,0.00280715
0.0150032,0.00988538,0.00220703,0.0245916,0.00529179,0.00355914
0.0264236,0.0181967,0.00709422,0.0493711,0.0111564,0.0175444
0.0148278,0.00997288,0.00450547,0.0249275,0.00808245,0.00696339
0.0282629,0.0193365,0.0129877,0.0509598,0.0127904,0.01285
0.0121213,0.0081715,0.00833271,0.0196822,0.00618137,0.00821998
0.00945002,0.00686194,0.00635793,0.0207991,0.00509573,0.00610237
0.013418,0.00912429,0.00325735,0.0214936,0.00501474,0.0174538
0.0299498,0.0178217,0.0178806,0.0918002,0.0235307,0.0377659
0.0196788,0.0134868,0.00967188,0.0238251,0.00316341,0.0155196
0.00560851,0.00396732,0.00271604,0.0190842,0.0022696,0.00207334
0.00844527,0.00605548,0.00340188,0.0224901,0.0059188,0.00397593
0.0396745,0.0245133,0.0292022,0.116125,0.0343363,0.0497796
0.0330077,0.0212373,0.00995876,0.0355943,0.00757926,0.0267547
0.0143786,0.0101107,0.00340291,0.0360299,0.0075764,0.00483179
0.0169619,0.0108146,0.0170361,0.0932553,0.0234185,0.0633816
0.0183029,0.0125217,0.0116957,0.0812092,0.0190748,0.0134225
0.0149494,0.0106219,0.00615282,0.025027,0.0074086,0.00643897
0.0347464,0.0148966,0.017159,0.0581824,0.0149577,0.0230941
0.0413048,0.0189833,0.0175848,0.0754627,0.0177813,0.0223551
0.00569991,0.00376267,0.00235208,0.00821143,0.00250276,0.00527263
0.00534057,0.00389039,0.00195112,0.00652274,-0.000429068,0.00151963
0.0124808,0.00857926,0.00456986,0.0168301,0.0040418,0.005669
0.0196961,0.0135086,0.0102933,0.0427058,0.0110463,0.0246096
0.0107318,0.00720196,0.010058,0.0475775,0.0115816,0.0137156
0.0197673,0.00974579,0.00844296,0.0323676,0.00803734,0.00818897
0.0240999,0.0158391,0.0116225,0.0467343,0.0134,0.0252589
0.027284,0.0179691,0.00683293,0.0395032,0.012492,0.0107626
0.0389738,0.0151494,0.0151765,0.0688914,0.0192979,0.0136689
0.0414671,0.015281,0.0156061,0.0665141,0.0174026,0.0127965
0.0246956,0.0156447,0.0249719,0.127099,0.0331483,0.0453994
0.0305697,0.019252,0.0192023,0.0615524,0.0156219,0.00917947
0.0259914,0.0174609,0.00844509,0.0346863,0.0105939,0.0139534
0.0208196,0.0141209,0.0147708,0.0643668,0.0170306,0.0291402
0.00829159,0.00613747,0.003283,0.0144013,0.00407471,0.00738611
0.0239056,0.0160873,0.00923069,0.0544217,0.0140964,0.0229747
0.00470863,0.00339604,0.00199246,0.012854,0.002542,0.00348934
0.0130172,0.0082704,0.00529668,0.0266923,0.00587836,0.0125499
0.0151235,0.0101328,0.00576901,0.0376984,0.00985589,0.00509883
0.00510109,0.00353184,0.00302634,0.0136091,0.00236423,0.00487669
0.00647225,0.00444204,0.00166722,0.0151846,0.0019849,0.00417753
0.0201385,0.0135643,0.00598637,0.0463793,0.0154678,0.0100004
0.0140668,0.00948544,0.00356322,0.01834,0.00364413,0.00866858
0.00600665,0.00405297,0.00313941,0.0116036,0.00219541,0.00201484
0.00945983,0.00306602,0.00514285,0.0431355,0.0127581,0.014362
0.0557551,0.0341373,0.0355592,0.133202,0.0313502,0.0541441
0.0149624,0.0100201,0.00533891,0.0354449,0.00770602,0.00922315
0.0092186,0.00627068,0.00358599,0.0267694,0.00538973,0.00247561
0.00508731,0.00351363,0.00334059,0.0177563,0.00388065,0.00314771
0.00431855,0.00317081,0.00269595,0.00840173,0.00394135,0.00247961
0.0476167,0.0286649,0.0251824,0.118144,0.0279579,0.0492427
0.0122362,0.0080036,0.00500572,0.017277,0.00328949,0.005946
0.0323926,0.0211337,0.0123427,0.0532025,0.0126518,0.021504
0.00500446,0.00355713,0.00266685,0.0122886,0.00252164,0.0048221
0.0154126,0.0104608,0.00891491,0.0518001,0.0125391,0.0106595
0.040995,0.0217806,0.0553374,0.202792,0.0524172,0.0804616
0.0339385,0.0226094,0.0164294,0.0802826,0.0204904,0.050047
0.0209304,0.0143476,0.00796379,0.0316414,0.00819475,0.00860115
0.00611271,0.00438366,0.00231057,0.0165035,0.00400298,0.00759658
0.0389165,0.0256143,0.013874,0.0680683,0.0183658,0.0157422
0.0234244,0.0156015,0.00937886,0.0348306,0.00772566,0.00935512
0.00811432,0.00554649,0.00516797,0.0226757,0.0059074,0.0097269
0.0118345,0.00780022,0.00546022,0.0165054,0.00377758,0.0108038
0.0203329,0.0132344,0.00572276,0.0243265,0.00590127,0.0122583
0.0357318,0.0236764,0.0145933,0.0426203,0.0114693,0.0175274
0.0268409,0.0106523,0.0129154,0.0596861,0.0163581,0.0227966
0.040929,0.0216783,0.0193158,0.0671478,0.0157852,0.0228994
0.0291944,0.0196013,0.016747,0.065989,0.0167449,0.0173833
0.0318322,0.0151811,0.012239,0.0566393,0.016307,0.0193589
0.0245786,0.00973392,0.00853897,0.0351338,0.00943509,0.0135498
0.00704272,0.0048362,0.00189486,0.0124067,0.00136551,0.000687708
0.0172288,0.011871,0.00575643,0.0224149,0.00614613,0.00786251
0.0187659,0.0122143,0.00705358,0.0323163,0.00636257,0.00467534
0.00758943,0.00523552,0.00284414,0.0276556,0.00776423,0.0165546
0.00705557,0.00472673,0.00664419,0.0304059,0.00764083,0.00215543
0.00834856,0.00566046,0.00314259,0.0146929,0.00257169,0.00225027
0.0573822,0.0304706,0.0517959,0.175913,0.0424436,0.0391899
0.00937142,0.00636663,0.002715,0.0120814,0.00481919,0.00514286
0.00693417,0.00503886,0.00430944,0.0629744,0.0163834,0.00329967
0.0254434,0.0162372,0.0231139,0.0827987,0.0218959,0.0456577
0.00820827,0.00538095,0.0125335,0.0594824,0.0149736,0.0355924
0.00487226,0.00305511,0.0014636,0.0238201,0.00795429,0.0112576
0.0264863,0.0172308,0.0273579,0.112833,0.0309632,0.0229323
0.010871,0.00741395,0.00320374,0.0173499,0.00420701,0.00476408
0.0231116,0.0149849,0.00805326,0.0365754,0.00702059,0.00615405
0.0254423,0.0170242,0.015163,0.0434927,0.0116026,0.0147196
0.0284136,0.0190651,0.0139751,0.0590826,0.0139228,0.00884794
0.0101814,0.00733561,0.0100652,0.0471155,0.0143096,0.016528
0.0160994,0.0112133,0.00804662,0.0250832,0.00914483,0.00639031
0.0211312,0.0140047,0.0104062,0.0725822,0.0184126,0.0137574
0.0135185,0.00919831,0.00331465,0.0321082,0.0102057,0.0201055
0.0482376,0.0289079,0.025991,0.0814793,0.0239984,0.01747
0.0424327,0.0236264,0.0156306,0.0891667,0.0224731,0.0460197
0.023457,0.00860654,0.00633456,0.040143,0.00678992,0.0142575
0.0383921,0.0241443,0.0303709,0.0845087,0.0220394,0.015494
0.0471577,0.0304151,0.0161027,0.122128,0.0326301,0.0103765
0.00675257,0.00461876,0.00316707,0.0117522,0.00209422,0.00486892
0.0128338,0.0088683,0.00441742,0.0295238,0.00551489,0.00921944
0.0156519,0.0104734,0.00666972,0.0287406,0.00397376,0.0136254
0.0186126,0.0123283,0.00891499,0.0414169,0.0108184,0.0096613
0.00892692,0.00608978,0.0031739,0.0206238,0.00587289,0.00147894
0.00933906,0.006156,0.00320841,0.0135556,0.00330579,0.00583713
0.0224167,0.0118856,0.0117933,0.0543763,0.013129,0.0193854
0.00774563,0.00531375,0.0038665,0.0185208,0.00440103,0.00420553
0.0175998,0.0113823,0.00660645,0.0318738,0.00758474,0.0131218
0.0315666,0.0208511,0.010429,0.0303221,0.00749714,0.0134615
0.0300232,0.0201276,0.0106988,0.0457036,0.0108704,0.00792953
0.0134725,0.00907231,0.00387265,0.0165417,0.00525147,0.00258652
0.00957382,0.00652138,0.00463344,0.0223068,0.00421153,0.00399389
0.00936088,0.00565837,0.00367269,0.0149147,0.00610678,0.0053187
0.0133242,0.00875398,0.0137931,0.0550359,0.0143203,0.0196867
0.0165173,0.00682794,0.00667535,0.0328072,0.00992784,0.011422
0.0208039,0.0119804,0.00985201,0.0252868,0.00651014,0.0140696
0.00619556,0.00444647,0.00201404,0.0110868,0.00188268,0.00362521
0.0312642,0.0204048,0.00943015,0.0512001,0.0125992,0.00541596
0.0107326,0.00706214,0.00554534,0.0265648,0.00599396,0.00887706
0.0122951,0.00828639,0.00352138,0.0130815,0.00436588,0.00423836
0.00510129,0.00361868,0.0021916,0.0181638,0.00291039,0.00390436
0.00474413,0.00318114,0.0022093,0.00504998,0.00280912,0.00399282
0.0280186,0.0182446,0.0151299,0.0966431,0.021289,0.0320552
0.0166994,0.0113757,0.00541274,0.0270353,0.00957847,0.017536
0.0166279,0.0105475,0.0139618,0.0548688,0.0131233,0.00884034
0.0197874,0.0128202,0.00885615,0.0486062,0.0124996,0.0114275
0.0116739,0.00792125,0.00290086,0.0270511,0.0068825,0.00344473
0.0110008,0.00714871,0.00641268,0.0187363,0.00562606,0.0149658
0.0270898,0.0174462,0.0110796,0.0512688,0.0137843,0.0144314
0.0107751,0.00471967,0.00364205,0.0172272,0.00652894,0.0056113
0.0131771,0.00902422,0.00406767,0.0322461,0.00890154,0.00426956
0.0193356,0.0127647,0.0191699,0.105736,0.0256341,0.0319397
0.00718814,0.00468797,0.0028333,-0.0011876,0.000986698,0.00571273
0.00820365,0.00551847,0.00437848,0.0255795,0.0072726,0.0122981
0.0211182,0.0138524,0.00552928,0.0291778,0.00809385,0.00731887
0.013183,0.0088439,0.0038203,0.0275942,0.00753315,0.00456373
0.0270572,0.0180574,0.00982634,0.0569452,0.0164129,0.0280804
0.0106469,0.00717117,0.00378085,0.0218403,0.00376608,0.00326185
0.016203,0.0104906,0.00417021,0.0232449,0.00552578,0.00506918
0.0268784,0.0170799,0.00910779,0.0427758,0.00905888,0.00808144
0.00676473,0.00487096,0.00207667,0.0167809,0.00560389,0.00346771
0.0221326,0.0147354,0.0171832,0.0519781,0.0122332,0.0279958
0.0276164,0.0183037,0.0104966,0.0407887,0.00946678,0.0106248
0.0128816,0.00877444,0.00563685,0.00749385,0.00402526,0.00461287
0.0203089,0.0126252,0.015702,0.0831336,0.0196791,0.0172555
0.013325,0.008988,0.00726458,0.0269351,0.00688601,0.0105775
0.00576251,0.00410899,0.00333058,0.0185551,0.00409319,0.00289632
0.00759309,0.00534053,0.00265344,0.0143266,0.00408039,0.00546429
0.0205801,0.0137327,0.00916742,0.0308854,0.0087341,0.0185728
0.0122204,0.00800531,0.0045022,0.0162016,0.00481291,0.00161332
0.00550794,0.00340411,0.00455595,0.0305471,0.00756183,0.00564243
0.00533221,0.0037061,0.00326576,0.0180249,0.00498816,0.00566829
0.00594178,0.00420927,0.00255182,0.0191398,0.00267706,0.00570035
0.0217631,0.0147733,0.00844166,0.0470471,0.0132144,0.028287
0.00455904,0.00313358,0.00409361,0.0277327,0.00666483,0.00352191
0.00775817,0.00527938,0.00172215,0.0197335,0.00375514,0.00967495
0.0177351,0.0119156,0.00530599,0.0286019,0.00622293,0.0158983
0.00929174,0.00646502,0.00422028,0.0207156,0.00599553,0.00405648
0.0137466,0.00904597,0.00591931,0.0352506,0.00771538,0.00418793
0.0133396,0.00917108,0.00434813,0.0274342,0.00672391,0.00496801
0.0111045,0.00792439,0.00330476,0.0206494,0.00405257,0.00373064
0.00856691,0.00584963,0.00299652,0.0152255,0.00283118,0.00252496
0.0080563,0.00431647,0.00292855,0.0209401,0.00374746,0.0074223
0.0469911,0.0304664,0.012373,0.0594088,0.0144578,0.0170456
0.0324021,0.0202497,0.0157931,0.0678367,0.0168204,0.0252246
0.0178782,0.011921,0.00497978,0.0305237,0.00851682,0.00844883
0.0128989,0.00873876,0.00415526,0.0198103,0.00581292,0.00549121
0.00820034,0.00537302,0.00323827,0.00585508,0.00126128,0.00164415
0.00510092,0.00348783,0.00388667,0.0289402,0.00696978,0.00579122
0.00982427,0.00662764,0.0044996,0.0149273,0.00446159,0.00354709
0.0105843,0.007001,0.00387439,0.0203025,0.00498989,0.00154946
0.00494295,0.00339612,0.00174629,0.0147987,0.00413079,0.00458446
0.0240305,0.0158524,0.00680326,0.0385139,0.00907311,0.0135565
0.0262007,0.0177064,0.0140801,0.0399268,0.0102805,0.0161247
0.00718957,0.00499737,0.0030601,0.0228283,0.00723795,0.000944765
0.00579769,0.00410776,0.00281753,0.0106961,0.00326812,0.00742756
0.0184779,0.0123359,0.00648708,0.023331,0.00594451,0.00848122
0.0294815,0.01964,0.00952919,0.0399728,0.0113113,0.0188177
0.0313941,0.0183919,0.0295501,0.125226,0.0347495,0.0392699
0.00590464,0.0038907,0.00202177,0.0152695,0.00310561,0.00879845
0.0159039,0.0106878,0.0145491,0.0648412,0.0154159,0.0204018
0.029986,0.019974,0.0106742,0.0468795,0.0116634,0.0160293
0.00773713,0.00519203,0.0030128,0.0175935,0.00428689,0.00453787
0.0370786,0.0127734,0.0300566,0.159755,0.0388973,0.0457931
0.036134,0.0127695,0.0311446,0.154347,0.0352801,0.0401402
0.0468126,0.0295438,0.0228026,0.112627,0.029276,0.0599804
0.0373889,0.024146,0.0112679,0.0453385,0.0104039,0.0149931
0.0109827,0.00760503,0.00406492,0.0118708,0.00207731,0.00819596
0.0122594,0.00816411,0.00511384,0.0304359,0.00560817,0.0109545
0.0139085,0.00950935,0.00542916,0.0286705,0.00906828,0.0175411
0.0106633,0.00669375,0.00369492,0.0161183,0.00336245,0.00566415
0.0145474,0.00976758,0.00555041,0.0330325,0.00808515,0.0104671
0.0140358,0.00938927,0.00521849,0.0139705,0.00450179,0.00196952
0.0131315,0.00917776,0.00434841,0.0158628,0.00658171,0.00629763
0.0165201,0.0108471,0.00505777,0.0340376,0.00665858,0.00579005
0.0143025,0.00561835,0.00511406,0.0302776,0.0085244,0.00436101
0.0179703,0.00978419,0.00576565,0.021349,0.00460318,0.00312684
0.0507591,0.0322817,0.024311,0.123507,0.0319297,0.0558283
0.0131771,0.00923873,0.00445752,0.0153627,0.00541371,0.00367456
0.0118393,0.00854814,0.00534522,0.025306,0.00567378,0.00388001
0.00682494,0.00457886,0.0029285,0.0194062,0.00475496,0.00448898
0.0102064,0.00655846,0.00273002,0.0277977,0.00629923,0.005543
0.0215258,0.0144143,0.00856658,0.0127434,0.0021332,0.0145369
0.0216519,0.0139553,0.0132152,0.071083,0.0190849,0.0229211
0.0131171,0.00865615,0.00557768,0.0168539,0.00328874,0.00979412
0.00587794,0.00424245,0.00372131,0.0161957,0.00533652,0.00259877
0.00583429,0.00403279,0.00443013,0.0176712,0.00480527,0.00282216
0.0172404,0.0116752,0.00634226,0.0343677,0.00739544,0.0155
0.0266763,0.0173251,0.00878829,0.0446118,0.00979509,0.00467004
0.0195755,0.0128868,0.00538001,0.0333561,0.00883468,0.00295181
0.0127642,0.00857317,0.00401416,0.0170631,0.00514011,0.00462586
0.0104361,0.00705543,0.00432,0.023091,0.00619228,0.00615425
0.0106306,0.00725648,0.00594399,0.0242756,0.00525219,0.00575054
0.0164493,0.01104,0.005252,0.015859,0.00401065,0.00216021
0.0272346,0.0164821,0.0248595,0.111638,0.0299113,0.0899253
0.0345533,0.02016,0.0220764,0.104564,0.0304772,0.0159609
0.0436355,0.0262614,0.00974992,0.048559,0.0117329,0.0289749
0.00886632,0.00566153,0.00365382,0.0169753,0.00477269,0.00264682
0.0278048,0.0185114,0.0115756,0.0539799,0.0113133,0.0123253
0.00748104,0.00486828,0.00245928,0.0139055,0.00405772,0.00325026
0.0130868,0.00866298,0.00605904,0.0293281,0.00831342,0.0207341
0.0100611,0.0066347,0.0045346,0.0119155,0.00545422,0.00529234
0.0132447,0.00931114,0.0062518,0.0315572,0.00934691,0.0142631
0.00915086,0.00613165,0.00618396,0.0238415,0.00426607,0.00118129
0.00971162,0.00658125,0.00316294,0.0248665,0.00416785,0.00221204
0.00813216,0.00542405,0.00404548,0.0179265,0.00470777,0.007229
0.0079645,0.00559159,0.00143755,0.0217331,0.00528154,0.0024013
0.0145798,0.00943389,0.00562011,0.035986,0.00922722,0.00457576
0.015126,0.0102056,0.0055563,0.0150252,0.00533839,0.0047983
0.00547711,0.00371803,0.00365589,0.0121081,0.00404645,0.0041258
0.00875964,0.00608782,0.00355119,0.0210532,0.00361957,0.00350782
0.00750453,0.00507894,0.0030986,0.0173209,0.00392479,0.00302996
0.0298592,0.0165837,0.00872769,0.0444152,0.0126069,0.0386872
0.00972586,0.00670303,0.00431399,0.0189138,0.00508169,0.00484943
0.035416,0.0229837,0.0117615,0.0391537,0.0129103,0.0265183
0.0174966,0.0121149,0.00563056,0.021621,0.00618162,0.011735
0.0108765,0.00768187,0.00721981,0.0178464,0.00455482,0.0103478
0.0171617,0.0114188,0.00490011,0.0191826,0.00538361,0.00316767
0.0161455,0.0111363,0.0100485,0.0495747,0.0120655,0.0266679
0.0206136,0.0132653,0.00794154,0.0290606,0.00751303,0.00576623
0.00630593,0.0041497,0.00240696,0.0139999,0.00343484,0.00247038
0.0154685,0.0098182,0.0049384,0.0286947,0.00687062,0.00609771
0.00473105,0.00328136,0.0068315,0.0126264,0.00284848,0.00316428
0.0173328,0.011777,0.00740965,0.0270707,0.00911528,0.00746776
0.0375559,0.0241988,0.0156712,0.0823763,0.0246007,0.0360346
0.0194401,0.0129248,0.00795599,0.0228855,0.00636423,0.0134508
0.0102948,0.00716128,0.00393987,0.0171367,0.00387648,0.00597961
0.00874366,0.00610105,0.00381832,0.0156884,0.00387885,0.00403178
0.0229459,0.0150561,0.00757554,0.0344926,0.00929886,0.006381
0.0373656,0.0228774,0.0243574,0.110371,0.0253705,0.0226561
0.00956736,0.0067678,0.00382049,0.0203255,0.0037612,0.00919631
0.0193778,0.0123303,0.00441322,0.0218265,0.00545928,0.0133126
0.0197549,0.0123679,0.0408137,0.20463,0.0551624,0.0962045
0.00629161,0.00447444,0.00310886,0.0105988,0.00339642,0.0118763
0.0178298,0.0125599,0.00924155,0.037252,0.010453,0.00709754
0.0116394,0.00738806,0.00491481,0.0044122,0.00266613,0.0106796
0.010591,0.00443478,0.00495164,0.0202502,0.00871631,0.0127645
0.0250359,0.0157582,0.0123991,0.0616121,0.0147624,0.0154203
0.0169019,0.0116199,0.0048302,0.0243257,0.00570435,0.0054404
0.0168863,0.00849461,0.0121988,0.0588365,0.0148931,0.0210962
0.00954215,0.00650496,0.00319849,0.023652,0.00576987,0.00400105
0.00439418,0.00306202,0.00423182,0.0054421,0.0019985,0.0038039
0.011909,0.00837304,0.00381361,0.0127642,0.00255992,0.0040919
0.0207042,0.0135171,0.0197008,0.0735121,0.0183708,0.0228296
0.0220338,0.0150353,0.00794782,0.0343234,0.00987159,0.0136628
0.0113425,0.00760158,0.00302068,0.0189824,0.00374923,0.00300915
0.00810455,0.00557688,0.00377842,0.0202536,0.00345348,0.00207549
0.0129218,0.00862606,0.00457694,0.0491244,0.0135727,0.0102579
0.0107902,0.00686934,0.00444482,0.0216253,0.00537338,0.00358498
0.0337598,0.0216291,0.0128807,0.0546417,0.0134914,0.00817889
0.0219816,0.0147069,0.0218931,0.0853242,0.0202296,0.0250651
0.0226602,0.0153183,0.00676493,0.0272524,0.00773366,0.00654094
0.00755084,0.00521802,0.00309492,0.0248869,0.00585527,0.00288959
0.00621189,0.00427656,0.00334086,0.00978745,0.00472047,0.00233735
0.0209917,0.0138272,0.00546431,0.0507195,0.0139666,0.00847439
0.00661073,0.00419885,0.00491848,0.019364,0.00530611,0.00405786
0.0149022,0.0102097,0.0125051,0.0302434,0.00976352,0.0189794
0.0163039,0.0116261,0.00451609,0.0225873,0.00529607,0.00126748
0.00683284,0.00450822,0.003773,0.0206249,0.0077986,0.00142083
0.0211831,0.0139187,0.00988203,0.0399999,0.0102772,0.0288323
0.0271746,0.0180437,0.0102837,0.04226,0.014058,0.00352783
0.00655671,0.00471396,0.00268349,0.0142057,0.00404971,0.00441695
0.00908087,0.00621837,0.00371898,0.0174324,0.00280172,0.00179782
0.00887836,0.00605581,0.00320147,0.0197906,0.0046866,0.00583201
0.0141641,0.00959809,0.00413955,0.0262207,0.0074037,0.00557324
0.0194394,0.012238,0.00708277,0.0378089,0.0113979,0.00618546
0.0116913,0.00781195,0.00424927,0.0239633,0.00487576,0.00333423
0.031726,0.020981,0.0120777,0.0440023,0.0109579,0.0134256
0.0190554,0.012022,0.0114771,0.0622789,0.0176791,0.0322807
0.010082,0.0062932,0.00600966,0.0227626,0.00556271,0.0101051
0.00850798,0.00619009,0.00309417,0.0204035,0.00499425,0.00231659
0.0103333,0.00720234,0.00389613,0.0107996,0.00327759,0.00260026
0.0695,0.0392582,0.0345052,0.0438696,0.0100149,0.0327341
0.0202878,0.0137797,0.0164002,0.0732868,0.0190356,0.0308548
0.0150478,0.00990384,0.00527457,0.0368492,0.0101996,0.0234963
0.024889,0.0165081,0.0137361,0.0752629,0.0207955,0.0128033
0.0178189,0.0118647,0.00493391,0.0283017,0.00682878,0.00461456
0.0179068,0.012297,0.0290013,0.103119,0.0279984,0.031314
0.0227596,0.0145754,0.0206786,0.0741784,0.0200528,0.0516523
0.0248915,0.0161271,0.00795582,0.0407853,0.00918153,0.0199843
0.00733781,0.00528344,0.00172438,0.019014,0.00426512,0.00482456
0.00857027,0.0060482,0.00210872,-0.000244371,0.000562095,0.00769995
0.0057432,0.00412473,0.00258547,0.0166706,0.00411433,0.012226
0.0404241,0.0259652,0.0102814,0.0723248,0.0178502,0.0217254
0.00998203,0.0066807,0.00429504,0.00213536,-0.000216153,0.00488624
0.0228183,0.0149591,0.0121047,0.0639488,0.0152319,0.0305273
0.0127591,0.0088362,0.00500727,0.0324961,0.00729415,0.00863639
0.0426724,0.017241,0.0160489,0.0836625,0.0211922,0.0234777
0.0433424,0.0173684,0.0153819,0.0729216,0.016509,0.0193336
0.00514754,0.00369619,0.00563721,0.0181457,0.00463225,0.0017591
0.0098689,0.00693276,0.0057324,0.0289711,0.00727839,0.00349693
0.0461304,0.0283026,0.0209975,0.0819297,0.0193285,0.0498673
0.0137877,0.00794928,0.00882127,0.0632495,0.0178637,0.0140446
0.0341242,0.0210703,0.0110068,0.0464824,0.0133455,0.0124959
0.00616613,0.00420773,0.00222949,0.00862577,0.00228629,0.00196119
0.0119021,0.00830852,0.0104203,0.0299241,0.00752269,0.0053041
0.0256516,0.0166309,0.010254,0.0465407,0.0131345,0.014316
0.0132733,0.00855691,0.00548805,0.0256451,0.00634765,0.00171363
0.0146758,0.0100174,0.0047421,0.0388326,0.00945298,0.00248331
0.014742,0.0100722,0.00668813,0.0349774,0.00803299,0.011041
0.0187923,0.0124687,0.0120751,0.049938,0.0143816,0.0141246
0.0185091,0.0120274,0.00393988,0.0378614,0.0101055,0.0095583
0.0415728,0.0269298,0.0141273,0.0507617,0.0111282,0.0110658
0.0272282,0.0182618,0.0119023,0.0414615,0.0102516,0.0210563
0.0125915,0.00807745,0.0161544,0.104266,0.0284766,0.0246746
0.0253102,0.0162776,0.00856065,0.0295133,0.00828728,0.0111618
0.0255226,0.016634,0.0138294,0.0569782,0.0159249,0.013194
0.0502419,0.0299838,0.0196061,0.0654328,0.0183792,0.00931402
0.0128713,0.00891283,0.00351907,0.0208231,0.00388306,0.00860513
0.0164965,0.0107945,0.00487822,0.0291966,0.00722726,0.00888559
0.0102576,0.00707756,0.00390783,0.0169749,0.00465698,0.0138194
0.0114619,0.00763682,0.0034772,0.00954894,0.00293164,0.00490426
0.00657948,0.00430619,0.00290904,0.0108392,0.0027332,0.0025188
0.00767481,0.00541665,0.00333297,0.0219415,0.00351478,0.00217802
0.0123891,0.0086983,0.00369634,0.0180443,0.00629969,0.00605917
0.00595239,0.00425227,0.00198151,0.0208567,0.00633623,0.0126141
0.0085815,0.00622558,0.011969,0.0376051,0.0106988,0.0111618
0.0391809,0.0233542,0.0156458,0.0962846,0.0237907,0.049621
0.0175363,0.0115351,0.00564004,0.0248185,0.00695138,0.00744964
0.00497239,0.00364056,0.00130305,0.017277,0.0043343,0.00249764
0.00742001,0.00491032,0.00534964,0.0307761,0.00666934,0.0050244
0.00928824,0.00654784,0.00390797,0.0137261,0.00287242,0.00284159
0.027641,0.0171197,0.0238936,0.0748957,0.0176392,0.0690402
0.0138515,0.0094038,0.00361105,0.0209106,0.00583655,0.00759194
0.0167014,0.0115504,0.00432379,0.0255197,0.00777364,0.00733661
0.048835,0.0196645,0.0265616,0.125164,0.0342629,0.0396389
0.00592539,0.00445661,0.00265894,0.000571585,0.000654649,0.00268473
0.0373985,0.015024,0.0242811,0.130725,0.0330005,0.0556263
0.0398289,0.0163436,0.0236167,0.120561,0.0279147,0.0406128
0.0408432,0.0173181,0.0125593,0.0754439,0.0214344,0.0130529
0.0149968,0.0104361,0.00387536,0.0233792,0.00704639,0.00428771
0.00579512,0.00386379,0.0031331,0.0169277,0.00366291,0.0038178
0.0227219,0.0150345,0.00873368,0.0268544,0.00712266,0.0108108
0.0120276,0.00823816,0.00410942,0.0160435,0.00521631,0.00718385
0.00990962,0.00655755,0.00239809,0.0153079,0.00640292,0.00503174
0.0455959,0.0188383,0.023871,0.0681586,0.0183708,0.0241189
0.0525784,0.0328417,0.0178802,0.0613498,0.0150364,0.0265565
0.0054078,0.0037614,0.00221559,0.00944665,0.00227122,0.00399715
0.00688964,0.00501247,0.00192449,0.0149558,0.00512407,0.00696304
0.0090428,0.00614526,0.011631,0.0391526,0.0106764,0.00633131
0.0341949,0.0226833,0.0124603,0.0606599,0.0131652,0.015522
0.0237127,0.0157904,0.00855844,0.0324953,0.00850955,0.0179554
0.00995012,0.00663003,0.00570152,0.0351267,0.0112065,0.00397349
0.0108574,0.00761641,0.00404333,0.0169906,0.00520745,0.00356715
0.00978291,0.00669468,0.00314166,0.0174917,0.00417396,0.00337933
0.0165654,0.0110785,0.00513729,0.0264639,0.00693794,0.0149703
0.0354251,0.0198821,0.0360378,0.16577,0.0421921,0.0485873
0.0152536,0.0098034,0.00795957,0.063058,0.0157678,0.00979445
0.0237004,0.0148466,0.00812866,0.042321,0.010343,0.0219008
0.0050325,0.00321267,0.00268584,0.0350158,0.0086747,0.0072555
0.0277599,0.0181658,0.00930387,0.0330463,0.00879148,0.0134511
0.00427533,0.00314907,0.00154115,0.0131372,0.00343306,0.0110618
0.0203117,0.0129819,0.00664874,0.0358089,0.00908185,0.0186431
0.0622369,0.0357178,0.0242778,0.0889479,0.0224245,0.0350199
0.0277911,0.0185869,0.0104468,0.0412871,0.0107717,0.00983574
0.037267,0.0207527,0.0296562,0.148963,0.0407583,0.0599962
0.0357675,0.0222438,0.0150591,0.0914953,0.0273018,0.0395635
0.0285297,0.0184949,0.00960061,0.0535317,0.0136764,0.00903368
0.0159981,0.0109619,0.00686728,0.0489811,0.0122308,0.0186871
0.0549783,0.0283181,0.016767,0.0723897,0.0209565,0.0147347
0.00924978,0.00623521,0.00294358,0.0228566,0.00483494,0.00368636
0.0535543,0.0328501,0.0132912,0.0734879,0.0171949,0.046565
0.00548659,0.00373026,0.00175895,0.0144413,0.00506084,0.00365373
0.0297224,0.0201832,0.0115865,0.0727272,0.0192925,0.0230831
0.00536835,0.00384931,0.00248598,0.0126755,0.00346587,0.00300656
0.0103657,0.00699297,0.00428003,0.0252729,0.00525486,0.00235179
0.0307282,0.0200875,0.00912284,0.0448478,0.0120206,0.0133635
0.0258998,0.0176001,0.00705444,0.03868,0.0106655,0.0233238
0.021721,0.0145652,0.0154258,0.0483945,0.0111318,0.0228097
0.0250797,0.0159036,0.0159801,0.101136,0.025444,0.0341336
0.0364695,0.0188851,0.00992633,0.0461935,0.0125889,0.00953091
0.0388808,0.0188305,0.0103511,0.0476945,0.0111388,0.00951336
0.0141159,0.00961512,0.00395826,0.0221485,0.0064323,0.00911767
0.0166382,0.0112795,0.00835798,0.00608587,0.00162799,0.00461581
0.0206129,0.00845316,0.00699864,0.0497292,0.0116421,0.0168722
0.0229211,0.00896079,0.00739518,0.0496851,0.0109781,0.0173752
0.0241381,0.0155909,0.00763706,0.0278294,0.00882568,0.00917188
0.0102388,0.00730011,0.00420787,0.0165873,0.00332285,0.00224718
0.0323927,0.0204459,0.00752554,0.048283,0.0123029,0.00577551
0.00534685,0.00359804,0.00360019,0.0129473,0.00324352,0.00319124
0.0114431,0.0080087,0.00417622,0.0242032,0.00681912,0.0105749
0.00802506,0.00516544,0.00299818,0.0139492,0.0051373,0.00437702
0.0170542,0.0115734,0.00548439,0.0261884,0.00623385,0.0047452
0.00810694,0.00579876,0.00344933,0.0155122,0.00316443,0.00431977
0.00600425,0.00440122,0.00295131,0.0121163,0.00342535,0.00301281
0.0194354,0.012657,0.00495746,0.0346024,0.00839593,0.0218204
0.0531895,0.0318319,0.0301645,0.110675,0.0278304,0.0264675
0.0170849,0.00874664,0.00735757,0.0322727,0.00830279,0.0226795
0.0300342,0.0152521,0.0101316,0.0750658,0.0201459,0.0330505
0.0288977,0.0113068,0.00925545,0.0497569,0.0116655,0.0205899
0.0548231,0.0209151,0.0399958,0.143141,0.0389646,0.0690571
0.0252476,0.016621,0.0138213,0.0580855,0.0178864,0.00909221
0.00827701,0.00559519,0.00285571,0.0232507,0.0045556,0.0146324
0.0289252,0.0151694,0.028248,0.137849,0.0324457,0.0231363
0.00785299,0.00505771,0.00375979,0.0382722,0.009178,0.00682156
0.0272323,0.017991,0.0113117,0.0580544,0.0124976,0.0142066
0.0043702,0.00310694,0.00241759,0.00428178,0.00237319,0.00601206
0.0249493,0.0157517,0.0236693,0.139036,0.0347166,0.0349891
0.0131665,0.00889859,0.00432474,0.0167225,0.00565151,0.0106891
0.0167883,0.0113571,0.00573754,0.0431591,0.0113501,0.00442406
0.0135041,0.00947531,0.0076196,0.0228266,0.00553093,0.00558422
0.0100817,0.00720554,0.00508786,0.0295375,0.00718131,0.00525784
0.00770142,0.00550054,0.00649856,0.0284082,0.00949623,0.020778
0.00908591,0.00474961,0.00480195,0.0221347,0.0070489,0.00737041
0.0131342,0.00733006,0.00535831,0.0220677,0.00575301,0.0100067
0.0054947,0.00388131,0.00234563,0.0207353,0.00556452,0.00913243
0.00909785,0.00666164,0.00372505,0.0196583,0.00400435,0.00286817
0.0192747,0.0133269,0.00839689,0.0381106,0.0113799,0.00467443
0.00536661,0.00392439,0.00202468,0.0153128,0.00402953,0.00215312
0.0121096,0.00838567,0.00857955,0.0262648,0.00681294,0.00553823
0.00715066,0.0048814,0.00199702,0.0173141,0.00407832,0.00446479
0.0115936,0.00831189,0.00921801,0.017609,0.00498767,0.0036029
0.00582627,0.00405863,0.00250968,0.0183653,0.00467675,0.00269012
0.0142272,0.00980276,0.00503985,0.0284596,0.00837843,0.00980928
0.0169555,0.0115005,0.00536059,0.0160354,0.00471818,0.025538
0.0162485,0.0103293,0.00494844,0.0243778,0.00759946,0.0124864
0.0108711,0.0074326,0.00394088,0.0223898,0.00639711,0.00362862
0.0121913,0.00821493,0.014066,0.0472755,0.012572,0.00812057
0.0461261,0.0278712,0.0278189,0.0854121,0.0245044,0.0313527
0.0320088,0.0201575,0.0188725,0.0989811,0.0243161,0.039615
0.00934125,0.0063396,0.00247945,0.000911659,0.000733015,0.00424434
0.00984264,0.00679873,0.00304541,0.0229005,0.00515584,0.000898693
0.0160108,0.0105751,0.00671393,0.0344999,0.010198,0.00542466
0.0265639,0.0177506,0.0118945,0.0419182,0.0104221,0.019315
0.00930264,0.00616607,0.00464005,0.0181758,0.00523309,0.00382139
0.0394908,0.0252323,0.0290524,0.0987474,0.0274084,0.0375717
0.0294451,0.0153323,0.0119071,0.0496987,0.0139156,0.034725
0.00637845,0.00427309,0.0082666,0.0237905,0.00749106,0.014038
0.0386101,0.022434,0.0262535,0.109235,0.0267414,0.0166489
0.0282937,0.0179753,0.0132571,0.0578171,0.0175221,0.0257302
0.0229743,0.015843,0.00855041,0.0292908,0.00731946,0.00429474
0.00655342,0.0045939,0.00311894,0.0283852,0.0101287,0.0157231
0.0127997,0.0088301,0.00375056,0.0279448,0.00516574,0.00731239
0.011825,0.00769557,0.00397352,0.0173492,0.00522316,0.001604
0.0239769,0.015926,0.0186692,0.0835976,0.0235181,0.0199608
0.0268982,0.0173299,0.0153134,0.0696468,0.018672,0.0399795
0.00741607,0.00520517,0.00378021,0.0315546,0.0071986,0.00398288
0.0102049,0.00704373,0.00357369,0.0171559,0.00508082,0.0010279
0.0253726,0.016337,0.007298,0.0370476,0.00879305,0.00518295
0.0175267,0.0119477,0.00615108,0.0236053,0.00501679,0.0129645
0.020884,0.0137062,0.00772586,0.0384065,0.0108284,0.0167976
0.0182317,0.0124259,0.00619872,0.0183657,0.00759343,0.00654508
0.00927627,0.00661718,0.00426156,0.0209293,0.00619006,0.00276281
0.0225021,0.0152353,0.00752108,0.0364995,0.00876081,0.00265284
0.01221,0.00854963,0.00736539,0.049065,0.0142786,0.0173844
0.0100146,0.00650095,0.00323215,0.022343,0.00568262,0.00242019
0.0100861,0.00732952,0.00207272,0.0226229,0.00557068,0.00400533
0.0257102,0.0164302,0.00910917,0.037172,0.00990287,0.00971329
0.0213059,0.0141311,0.00760329,0.0115759,0.00143995,0.0123708
0.00534775,0.00385862,0.00325009,0.0146493,0.00566863,0.00361187
0.0202471,0.0107108,0.00724693,0.0610736,0.0174583,0.0181617
0.0200761,0.0106643,0.0073148,0.0553674,0.0137244,0.0154392
0.0095697,0.00643198,0.0029238,0.0265421,0.00555587,0.0109525
0.00724035,0.00527054,0.00179008,0.0151612,0.00364107,0.000641633
0.00843631,0.00574591,0.00536664,0.0427524,0.0117128,0.0115208
0.0280216,0.0186394,0.0162119,0.082943,0.0228281,0.0295766
0.0291176,0.0192789,0.0145625,0.106233,0.0282602,0.0173265
0.0111342,0.00771073,0.00265901,0.0191833,0.00515729,0.00338712
0.0307179,0.0196273,0.0108748,0.0445168,0.0116405,0.0308095
0.00728123,0.00515505,0.00655068,0.0452603,0.0108956,0.00501389
0.0292151,0.0188124,0.00933424,0.0444543,0.0114919,0.0223494
0.00614738,0.00379103,0.0026442,0.0102394,0.00398628,0.0061528
0.00942052,0.00630707,0.00327883,0.0145185,0.00468123,0.00980558
0.0159312,0.0109346,0.00541518,0.0248182,0.00572925,0.00551089
0.01305,0.00895431,0.0030308,0.018015,0.0053743,0.0051306
0.0194624,0.0131518,0.0202993,0.0791967,0.0212919,0.0182239
0.0442245,0.0263397,0.0194361,0.115911,0.0301341,0.0234487
0.00618426,0.00411187,0.00365419,0.0164074,0.00287486,0.00176908
0.0281476,0.0186146,0.0103033,0.0512431,0.0133443,0.0135893
0.0518554,0.0283149,0.0242447,0.132811,0.0348651,0.0453882
0.0411712,0.0240255,0.0187813,0.0842114,0.0186664,0.026729
0.00509925,0.00396122,0.0029622,0.0118006,0.00261633,0.00373973
0.0224246,0.0122641,0.00867035,0.0483721,0.0131166,0.0216653
0.0049413,0.00366232,0.0024969,0.0183605,0.00310611,0.00357723
0.0165761,0.011133,0.0166942,0.0379566,0.0078612,0.00490315
0.00976824,0.0065528,0.0039279,0.0201543,0.00585975,0.00582058
0.00468545,0.0032206,0.00216252,0.012909,0.003249,0.00235944
0.013971,0.00957144,0.00518386,0.0202619,0.00693034,0.0043989
0.0290599,0.0186143,0.0183286,0.0865965,0.0255409,0.0238164
0.0206645,0.0130629,0.00852987,0.0470427,0.0117877,0.007602
0.0296091,0.0193135,0.014414,0.0549255,0.0122268,0.00964783
0.0154568,0.00962346,0.00599171,0.0310937,0.00758249,0.00963427
0.0354325,0.019796,0.0162396,0.0772231,0.0198128,0.0137047
0.0479333,0.0256065,0.021058,0.0836162,0.0207689,0.0153371
0.016961,0.0116049,0.0059194,0.0322207,0.00612446,0.00922513
0.0259527,0.0168111,0.00937249,0.0446256,0.0101396,0.0125959
0.0195052,0.0134379,0.0091038,0.0372888,0.00969123,0.0153125
0.0239114,0.0156939,0.00767115,0.0279531,0.00755927,0.00863559
0.0185481,0.012511,0.00761457,0.0366437,0.0095213,0.00742493
0.00482947,0.00325754,0.00265971,0.00918049,0.00452526,0.0016089
0.0322874,0.0201321,0.0226089,0.103112,0.0267687,0.0399864
0.0129526,0.00864408,0.00413448,0.0242092,0.00761643,0.00614661
0.0207045,0.0136978,0.00977355,0.0716229,0.0219619,0.0293685
0.0120171,0.00802955,0.0058651,0.0237271,0.00528139,0.00222698
0.00815943,0.00558921,0.00291123,0.00696449,0.00121975,0.00256186
0.0238508,0.0160248,0.00992046,0.0542098,0.0141629,0.0359703
0.0353467,0.0233322,0.0151,0.0581794,0.0163273,0.0282064
0.00461973,0.00333724,0.00255016,0.0147236,0.00314646,0.0049088
0.0386331,0.0124345,0.0151196,0.0674016,0.0163507,0.0164594
0.042152,0.0268606,0.0114384,0.0555626,0.0138298,0.0167218
0.0271684,0.0168138,0.0276726,0.107511,0.0266663,0.0381547
0.0315954,0.0164983,0.0185728,0.0571936,0.0152301,0.0197505
0.0183201,0.0117755,0.0259065,0.0255429,0.00719434,0.064647
0.00596587,0.00418856,0.0027013,0.0180715,0.00665205,0.00912019
0.00783416,0.00542744,0.00304102,0.0266344,0.00819922,0.00346309
0.0111721,0.0079563,0.00456061,0.0239383,0.00579315,0.00446679
0.0153597,0.010549,0.00826881,0.0251103,0.00745942,0.0163901
0.0086203,0.005794,0.00395086,0.014188,0.00454639,0.00789448
0.0211717,0.0135537,0.00520842,0.0299354,0.00735863,0.00642629
0.00792274,0.00556031,0.00724666,0.0308846,0.00854301,0.00358901
0.00645346,0.00442157,0.00324088,0.0250418,0.00588634,0.0050588
0.0118101,0.00796231,0.00457081,0.0174165,0.00561915,0.00155118
0.00513358,0.00337971,0.00248629,0.031963,0.00658467,0.00481042
0.00604037,0.00355181,0.00192564,0.0212147,0.00513166,0.00375266
0.0176842,0.0113372,0.00630372,0.0198783,0.00712305,0.00443579
0.040908,0.026386,0.0427496,0.170179,0.044771,0.0764502
0.0264241,0.0163193,0.0156828,0.0712345,0.018384,0.033908
0.0133198,0.00875565,0.00509448,0.0201059,0.00618492,0.00883465
0.0382599,0.0224296,0.023733,0.106362,0.0258955,0.0303024
0.0258017,0.016254,0.0109351,0.0568262,0.0144529,0.0264929
0.0276252,0.018056,0.00903935,0.0368893,0.00914763,0.0154659
0.0341271,0.0218523,0.0158031,0.0359102,0.0132202,0.0555485
0.0255557,0.0163706,0.0147249,0.0402307,0.0128123,0.0173742
0.0199862,0.0133922,0.00720599,0.0285373,0.00803271,0.00344123
0.0208416,0.0130773,0.0392348,0.0908987,0.0246204,0.0207365
0.0231097,0.0154645,0.010006,0.0478464,0.013019,0.0155481
0.0166168,0.0115674,0.0054231,0.0160468,0.00365541,0.00345516
0.0356059,0.0220871,0.0126832,0.061639,0.015632,0.016006
0.0190742,0.0126341,0.01099,0.0530411,0.0145066,0.0276047
0.0145239,0.00951174,0.0037235,0.0195752,0.00434955,0.0079673
0.0128581,0.0087599,0.00394941,0.0227962,0.00777157,0.00487777
0.0055728,0.00389659,0.00264497,0.014573,0.00471371,0.00283862
0.00851037,0.00594599,0.00376215,0.0168375,0.00394885,0.003206
0.0045973,0.00335448,0.00274214,0.00969624,0.00328584,0.0117001
0.0394576,0.0239284,0.0210465,0.109463,0.0290182,0.0381193
0.0136719,0.00929379,0.00438843,0.027318,0.00872005,0.012061
0.0209101,0.0137529,0.00691629,0.0235109,0.00695648,0.0104569
0.0227536,0.0148565,0.00627432,0.0294098,0.0103537,0.00975025
0.0790833,0.0438256,0.0309757,0.113115,0.03044,0.0511723
0.00793566,0.00543081,0.0028564,0.0229229,0.00710996,0.00624556
0.0223251,0.0152605,0.0121319,0.0113085,0.00225812,0.0182455
0.0120922,0.00844105,0.00388629,0.0126565,0.00576183,0.00451492
0.0334889,0.0212159,0.00979417,0.051511,0.0168991,0.0282711
0.009505,0.00632362,0.00251726,0.0137615,0.00402935,0.00216691
0.015594,0.0101647,0.00532118,0.028294,0.00612707,0.00715795
0.00973209,0.00681763,0.0023726,0.0178283,0.00572886,0.00792261
0.0236837,0.0155701,0.00542922,0.031245,0.00763839,0.0198173
0.0141699,0.00945088,0.00442951,0.023184,0.00557749,0.00646849
0.0179711,0.0122408,0.00829928,0.0414599,0.0129465,0.0171162
0.033589,0.0208753,0.0105584,0.0555559,0.0143578,0.014659
0.00694486,0.00435696,0.00280851,0.014136,0.00404454,0.00308066
0.0159047,0.0108856,0.00603047,0.0255369,0.00755509,0.0452643
0.0151067,0.00976763,0.0165173,0.0578391,0.0175582,0.0143418
0.0226682,0.0151231,0.0161735,0.0616427,0.015422,0.0505443
0.0137212,0.00948899,0.00597007,0.0240547,0.00618036,0.00502806
0.00528658,0.00369982,0.0026572,0.0136794,0.00313586,0.00745665
0.0310668,0.0193242,0.0200442,0.0944704,0.0225769,0.0409264
0.00935159,0.00643515,0.00535537,0.0208231,0.00453654,0.00131507
0.0115867,0.00786327,0.00857632,0.047819,0.0127023,0.0164428
0.0125682,0.00868205,0.00316912,0.0202341,0.00699141,0.00630639
0.0237951,0.015568,0.00787998,0.0359021,0.00955215,0.0143447
0.0318445,0.0206798,0.0231009,0.0629279,0.0159396,0.0230973
0.0199461,0.0136145,0.00623809,0.0260886,0.00736259,0.0111638
0.0462858,0.0262571,0.0463448,0.102264,0.0280932,0.0356357
0.0129987,0.00770879,0.0040897,0.0195426,0.00793735,0.00420004
0.0148286,0.00931214,0.00481679,0.0286496,0.00731389,0.0126839
0.0183275,0.0118522,0.00637273,0.0376846,0.010739,0.00963212
0.0374947,0.0235049,0.0152019,0.0880948,0.0232849,0.0172658
0.0152343,0.0104897,0.00465038,0.0196572,0.00479893,0.00437424
0.00578461,0.00390038,0.00708572,0.0405822,0.0116616,0.0108132
0.0218898,0.0144668,0.00663617,0.0358889,0.00971045,0.00921935
0.014114,0.00994312,0.00385525,0.0222373,0.00473677,0.00413152
0.054145,0.0280733,0.0226246,0.111446,0.0295662,0.0441145
0.0269943,0.0134201,0.0112011,0.0485133,0.0126646,0.0319217
0.0302364,0.0150163,0.0129627,0.0447209,0.0121879,0.0300199
0.0237435,0.0155391,0.011397,0.0390913,0.0121707,0.0112221
0.0141149,0.00957299,0.00639275,0.0368605,0.0119615,0.00718446
0.0107143,0.00727018,0.00370573,0.0167214,0.00333179,0.00492897
0.0216346,0.0143063,0.00580358,0.0341246,0.00875139,0.00827294
0.00765931,0.0051798,0.00299408,0.00899677,0.00317083,0.00419232
0.0235927,0.0151636,0.0358175,0.0802192,0.0206763,0.0388881
0.0100796,0.00659482,0.00382967,0.0144538,0.00398502,0.00090412
0.00492129,0.00325318,0.00430192,0.0145686,0.0036755,0.00333509
0.00868965,0.00586985,0.00423373,0.0130263,0.00352946,0.00816638
0.0085786,0.00577003,0.00344922,0.0217779,0.00477123,0.00426971
0.0243571,0.0160241,0.00823658,0.0492232,0.0135359,0.0325397
0.0250158,0.0165688,0.0172766,0.111816,0.0290752,0.0420081
0.0258796,0.0165489,0.00783877,0.0419617,0.00879319,0.0102673
0.0285633,0.0183776,0.00855683,0.0572662,0.0125593,0.0161386
0.014088,0.00946529,0.0114144,0.0256934,0.00755611,0.00525748
0.00866784,0.00579662,0.00645218,0.0178766,0.00418374,0.0056832
0.0246359,0.0159909,0.0106807,0.0349897,0.00991263,0.00485081
0.0146544,0.0104882,0.00500166,0.0206719,0.0047119,0.00460799
0.0116253,0.0078989,0.00587095,0.0225437,0.004985,0.00438081
0.0197476,0.0128226,0.00951212,0.049072,0.0109269,0.0132915
0.0122691,0.00845861,0.00332794,0.0175631,0.00563939,0.0046276
0.0346383,0.0222397,0.0238065,0.0925229,0.0220059,0.0195892
0.0170492,0.0115681,0.00567626,0.029484,0.00625308,0.00514657
0.0265298,0.01171,0.0088035,0.0523413,0.0138756,0.0164817
0.0261357,0.0117641,0.00839517,0.0502629,0.012366,0.0170022
0.0152047,0.0104323,0.00515869,0.0135203,0.00469407,0.00327443
0.0440464,0.0272167,0.0262275,0.125175,0.0328695,0.04007
0.013302,0.00881439,0.00906483,0.0339755,0.0079184,0.00677695
0.0186304,0.00940617,0.0132869,0.0120277,0.00322948,0.0152865
0.0432914,0.0262895,0.0186424,0.103443,0.0225983,0.0291328
0.0388957,0.024253,0.0241855,0.0718895,0.0186985,0.02401
0.00566108,0.00405486,0.00236111,0.0134167,0.00367345,0.00349188
0.0317547,0.020206,0.0203326,0.094583,0.0256793,0.0467394
0.0333002,0.020085,0.0218456,0.0862627,0.0230788,0.0172404
0.0508247,0.0320524,0.0402874,0.15089,0.0421315,0.0595671
0.0171311,0.0120233,0.00493716,0.0236537,0.00687017,0.00361135
0.0465916,0.0288276,0.0196576,0.117428,0.0302731,0.0538651
0.00664988,0.00443559,0.00247611,0.0102859,0.00435063,0.00558382
0.00429601,0.00323285,0.00222389,0.0150248,0.00559365,0.00361608
0.0070067,0.00486526,0.00323396,0.00861481,0.000824508,0.00528186
0.01554,0.0107834,0.00836912,0.0256664,0.00692635,0.0051368
0.00746411,0.00524924,0.00730059,0.0276611,0.00768864,0.00374264
0.0161675,0.00766577,0.00709711,0.0352936,0.00833333,0.00608412
0.0163188,0.00766717,0.00643187,0.0317842,0.00662253,0.00551792
0.00710042,0.00503166,0.00479944,0.0420207,0.0106552,0.00705709
0.0446158,0.0246405,0.0171028,0.0644073,0.0153602,0.0274215
0.00493526,0.00348934,0.00203291,0.0126539,0.00394652,0.00774103
0.0254806,0.0166286,0.00655399,0.0338515,0.00624108,0.0140875
0.0115144,0.00735911,0.0108194,0.0602421,0.019253,0.0261628
0.00663748,0.00445283,0.00354779,0.040561,0.0112178,0.0169025
0.00688143,0.00499839,0.00153473,0.0126738,0.00494659,0.00266486
0.0147553,0.00984852,0.0056459,0.00280207,0.00111467,0.013184
0.00867163,0.00624651,0.00312983,0.0120655,0.00188983,0.0057812
0.00643968,0.00467966,0.00326876,0.0236098,0.00593773,0.00171845
0.0255923,0.0165491,0.00835258,0.0297353,0.00842338,0.0209837
0.0130858,0.00872932,0.00414301,0.0207434,0.00584301,0.0111221
0.0288768,0.017426,0.0422536,0.116202,0.0327003,0.0549088
0.0180181,0.0124159,0.00465376,0.0335333,0.00908111,0.00359778
0.049662,0.03006,0.0151496,0.0668233,0.0165225,0.0118672
0.00552403,0.0030698,0.00201536,0.00509594,0.00321092,0.000939493
0.0052348,0.00367984,0.00201255,0.0195373,0.00556334,0.00366087
0.0110053,0.00738565,0.00803632,0.0213256,0.0062534,0.0065503
0.00950663,0.0062932,0.00331104,0.0170865,0.00493999,0.00115487
0.0107964,0.00748444,0.00319545,0.0219973,0.00640752,0.0103335
0.00914007,0.00640442,0.00285919,0.0226124,0.00440143,0.00281976
0.0355513,0.0225111,0.012797,0.0486957,0.0128736,0.0176273
0.0547098,0.0309758,0.0327093,0.148448,0.0407529,0.0277913
0.00652438,0.00452505,0.00421848,0.0124367,0.00373486,0.00316883
0.0128895,0.00891382,0.00473346,0.0241959,0.00434488,0.0116981
0.0175622,0.0118256,0.00591257,0.0203899,0.00615456,0.00465552
0.0261296,0.0115843,0.0139239,0.0563009,0.0141245,0.0141087
0.0273366,0.0115449,0.0140118,0.0547426,0.0134212,0.0135557
0.00723034,0.00503392,0.00499769,0.00907174,0.00353937,0.00203715
0.0164132,0.011412,0.00732417,0.0322428,0.0113691,0.0121539
0.0105441,0.00711546,0.00430187,0.0182036,0.00396184,0.00290085
0.0195164,0.0127706,0.0209057,0.0533368,0.0151754,0.0123883
0.0194041,0.0131269,0.0113932,0.0317523,0.00804827,0.00673555
0.0375427,0.0220508,0.0232356,0.112685,0.0274592,0.0550362
0.024915,0.0167247,0.00737106,0.0334571,0.00755134,0.0087919
0.01457,0.00943477,0.00546531,0.0395021,0.00774303,0.00580186
0.0189879,0.0126127,0.00583192,0.0226424,0.00637357,0.00438266
0.0162354,0.00768631,0.00596716,0.0395928,0.0105929,0.0105043
0.0171048,0.00765891,0.00583265,0.0365902,0.008846,0.00867924
0.0120507,0.00821074,0.00388408,0.0251807,0.00678677,0.00686657
0.01302,0.00901133,0.004953,0.0135005,0.00286782,0.00356831
0.0146082,0.010102,0.00452476,0.0203966,0.00600623,0.00210115
0.0302653,0.019498,0.0253477,0.115264,0.0269335,0.0844385
0.0151471,0.0101981,0.00495638,0.0419879,0.0116553,0.0141055
0.00964653,0.00676589,0.00392424,0.0141905,0.00249931,0.00456611
0.0147307,0.00978869,0.00455663,0.0225388,0.00642615,0.0104391
0.0297666,0.0198283,0.00912492,0.0429826,0.0114583,0.0182716
0.022855,0.016147,0.00777469,0.0285549,0.00763466,0.00572919
0.0252433,0.016153,0.0188356,0.0711802,0.0187542,0.0265846
0.0400406,0.0260158,0.0105454,0.0433868,0.00951688,0.0126219
0.0264001,0.0168192,0.0088874,0.0395262,0.00882614,0.0132309
0.00938399,0.00680021,0.00218412,0.0113628,0.00271622,0.00579421
0.00851934,0.00595558,0.00284491,0.0195941,0.00376909,0.00463194
0.02421,0.0165893,0.0150823,0.0411106,0.0111817,0.0181237
0.00535801,0.00355667,0.00258801,0.0082088,0.00152605,0.000723501
0.00599726,0.0042157,0.00275435,0.0353894,0.00765813,0.0065057
0.016938,0.00668289,0.0103715,0.0408723,0.0100664,0.0094317
0.0171731,0.00684056,0.0104265,0.040824,0.00952486,0.00889692
0.0284752,0.0105353,0.00769786,0.066609,0.0180837,0.0284537
0.0486759,0.0240152,0.0133634,0.0865752,0.0224493,0.0385489
0.0138533,0.00925619,0.00382697,0.02685,0.00729678,0.00569084
0.0208576,0.0140102,0.012307,0.0616487,0.0160297,0.00930521
0.0421871,0.027643,0.0294825,0.113468,0.027717,0.0317098
0.0119336,0.00785914,0.00656847,0.019905,0.0036111,0.00481774
0.0092036,0.00624627,0.00374809,0.0198616,0.0059159,0.00229561
0.00870663,0.00580258,0.00431911,0.0118886,0.00323725,0.0026535
0.0539558,0.0243289,0.0248618,0.068227,0.018945,0.0319963
0.0556101,0.0242281,0.0249879,0.0684626,0.0194977,0.0327692
0.00689401,0.00466594,0.00729805,0.0371314,0.00876812,0.00467967
0.00561824,0.00384692,0.00333782,0.0145074,0.00386347,0.00508127
0.0193195,0.0125369,0.00536912,0.0306904,0.00826309,0.0101036
0.0348747,0.0233475,0.0136494,0.0851286,0.0250488,0.0224945
0.0249042,0.0165898,0.00779592,0.0263972,0.00725209,0.00761431
0.010954,0.007386,0.00434937,0.0146536,0.00316401,0.00291498
0.0249589,0.0171133,0.0169401,0.064343,0.0174446,0.0136179
0.00768755,0.00504401,0.00730658,0.0215343,0.00508718,0.00486283
0.00753523,0.00508122,0.00194432,0.0217461,0.00493662,0.00585359
0.0225521,0.015073,0.00871899,0.0290218,0.00825099,0.00628946
0.0111138,0.00737652,0.00827329,0.0392484,0.0106029,0.00461494
0.00583962,0.00401761,0.00265808,0.0125837,0.00395568,0.00614544
0.017535,0.0116459,0.0115678,0.0611125,0.0136763,0.0080847
0.0314685,0.02001,0.0212957,0.0635309,0.016235,0.0101846
0.0142483,0.00934349,0.00664954,0.0391654,0.010209,0.0173654
0.0090978,0.00604849,0.00376461,0.00649526,0.000740122,0.00376511
0.0350859,0.0210981,0.0144071,0.0784553,0.0214815,0.0157533
0.0230161,0.0150706,0.00745589,0.0420999,0.0107337,0.0187196
0.00615479,0.00436846,0.00287969,0.0103987,0.00442223,0.00105291
0.00881142,0.00584299,0.00321581,0.0208355,0.00409285,0.00181918
0.00787921,0.00585594,0.00411944,0.0209187,0.00445501,0.00327373
0.012092,0.00824636,0.00402616,0.0159025,0.00440867,0.0033427
0.0344762,0.0217074,0.0243577,0.0628215,0.0155722,0.0132721
0.0219459,0.0144219,0.00690357,0.0356943,0.00934637,0.00687766
0.00938652,0.00658396,0.00306991,0.0125479,0.00369552,0.000918167
0.00938331,0.00646877,0.00374544,0.0182165,0.00427202,0.00193468
0.0237173,0.015649,0.0111692,0.0675043,0.0192581,0.00893954
0.0204339,0.0136997,0.010603,0.0388099,0.0104893,0.0126645
0.0097897,0.00671099,0.00629673,0.0257941,0.00537155,0.00485183
0.0218897,0.0145448,0.0127715,0.0601256,0.0155118,0.020917
0.00841647,0.00587186,0.00339815,0.0241217,0.0056737,0.00950124
0.0341126,0.0209336,0.0175258,0.0972505,0.0216709,0.0341223
0.0224093,0.015469,0.00954213,0.024578,0.00561429,0.00903793
0.0104092,0.00712995,0.00231463,0.0263423,0.0086198,0.0232078
0.0120831,0.00790477,0.00454833,0.0188889,0.00516615,0.0142906
0.0593713,0.0321828,0.0293421,0.127995,0.0334973,0.0841691
0.0521354,0.0309654,0.0295703,0.12382,0.0314872,0.0450261
0.0360195,0.0225554,0.0140204,0.0447851,0.011745,0.0091995
0.00567031,0.0037635,0.0031566,0.0146517,0.00376271,0.00394623
0.0318965,0.0205698,0.0273264,0.118415,0.0336027,0.0593181
0.0103414,0.00700588,0.00836997,0.00879236,0.00265965,0.0126564
0.0114259,0.00734448,0.00551801,0.0226244,0.00634023,0.00718194
0.00618841,0.00428713,0.00395214,0.00969712,0.00315628,0.00466058
0.0228228,0.0158881,0.00583651,0.0293055,0.00952256,0.0259416
0.00718898,0.0049882,0.00192855,0.0184949,0.00300442,0.00716067
0.011708,0.00814262,0.00433382,0.0374694,0.00829543,0.01274
0.0313386,0.0208466,0.00959618,0.0446477,0.0120603,0.0172759
0.00572829,0.00419277,0.00494513,0.0123747,0.00327515,0.00832482
0.0125323,0.00842297,0.0042698,0.0178166,0.00581816,0.00409783
0.0326188,0.0208676,0.0184727,0.0561704,0.0151485,0.0143437
0.013554,0.00936062,0.00535954,0.0176238,0.00429619,0.00726184
0.0447651,0.0280642,0.0156181,0.0845711,0.0200714,0.019763
0.00630352,0.00462764,0.0025786,0.00375122,0.000475138,0.00551345
0.0194433,0.0133458,0.0151287,0.0749029,0.0211822,0.0271037
0.0168492,0.0115498,0.0117289,0.0560662,0.0166579,0.0180699
0.0213742,0.0146124,0.0101141,0.0277448,0.00692314,0.0135883
0.0227575,0.0153125,0.00942867,0.0380432,0.00948042,0.00414663
0.0163068,0.0112554,0.00595629,0.0313494,0.00731891,0.0102207
0.0423379,0.0264515,0.0195995,0.0517547,0.0134212,0.0166974
0.0228148,0.0146341,0.00794377,0.0631669,0.0192118,0.0349083
0.0388933,0.0238011,0.0149081,0.0551156,0.0127706,0.0180094
0.0183914,0.0125256,0.00516584,0.0312565,0.00763738,0.00509756
0.0100488,0.00694401,0.0121493,0.0362704,0.00895369,0.0198615
0.0103582,0.00746949,0.00504128,0.0251179,0.00545298,0.00676446
0.00539794,0.0038483,0.00290482,0.0164493,0.00436505,0.00252574
0.00572241,0.00421623,0.00282721,0.00527677,0.00203316,0.000260562
0.032011,0.0195554,0.0170063,0.0861353,0.0243654,0.0271535
0.0447176,0.0254038,0.0296282,0.117727,0.0322388,0.0292879
0.0586423,0.0364769,0.0172003,0.0607764,0.0143697,0.0206542
0.0260906,0.0168103,0.0110349,0.0466584,0.01089,0.00766842
0.0127538,0.00904451,0.00538212,0.0201276,0.0060865,0.00143789
0.0106458,0.00708947,0.00647053,0.0245018,0.00707553,0.00438511
0.00887241,0.00606125,0.00366295,0.0157164,0.00151129,0.00335561
0.00874649,0.00610673,0.00534673,0.0181233,0.00421091,0.00430538
0.0120664,0.00821223,0.00490224,0.025588,0.00589615,0.00747081
0.0189662,0.0128405,0.00571721,0.0315501,0.00804475,0.00825565
0.0620929,0.0330427,0.0596593,0.26195,0.0726227,0.143513
0.00476523,0.00311334,0.0032307,0.0260632,0.00613729,0.00515358
0.0070125,0.00537381,0.00428982,0.0216442,0.00338579,0.00438525
0.049566,0.0318416,0.0190477,0.0769179,0.0214877,0.0260845
0.0289274,0.0197508,0.0089569,0.0384294,0.00956012,0.0143192
0.00984932,0.00594328,0.00283048,0.0309215,0.00879272,0.00689553
0.00774339,0.0041185,0.00255162,0.0141236,0.00518143,0.00699615
0.0091047,0.00634833,0.00279604,0.0213984,0.00609833,0.00597463
0.010375,0.00714085,0.00380345,0.0181079,0.00514303,0.00687045
0.0074872,0.00513156,0.00453983,0.0146107,0.0028054,0.00363969
0.0242849,0.0161394,0.00658231,0.0372253,0.00978848,0.00586477
0.0127005,0.00875247,0.00445759,0.0127081,0.00414726,0.00486969
0.0118865,0.00800994,0.00302407,0.0220662,0.00700022,0.00633703
0.00382793,0.00300147,0.00140365,0.0183025,0.00618815,0.00886886
0.0226054,0.015295,0.00656308,0.0329277,0.00821172,0.0606958
0.0122214,0.0086727,0.00360535,0.025062,0.00644309,0.00218888
0.00513119,0.00386869,0.00792779,0.0228543,0.00531148,0.00565952
0.0145691,0.00983675,0.00420751,0.0226088,0.00781976,0.0138251
0.0178912,0.0120564,0.00714426,0.0363196,0.0105106,0.00889797
0.0168213,0.0114194,0.00498579,0.026109,0.00572201,0.0177529
0.00468469,0.00342306,0.0025884,0.0138007,0.00188386,0.00186263
0.00785699,0.00564586,0.00369477,0.013342,0.00331776,0.00413368
0.00953077,0.00649323,0.00410322,0.0183538,0.00360822,0.00423908
0.00896648,0.00622897,0.00546085,0.0117368,0.00438332,0.00475756
0.0135562,0.0049244,0.00556568,0.0187902,0.00474682,0.00646221
0.0232782,0.0148387,0.0096394,0.017488,0.00402067,0.0104998
0.0131211,0.00886466,0.00778882,0.0261354,0.00806986,0.00452583
0.0207503,0.0142407,0.00693073,0.0342854,0.00825805,0.0126468
0.0142158,0.0096506,0.00451477,0.0156434,0.00536821,0.00997364
0.0136811,0.00923308,0.00606991,0.0774942,0.0188753,0.033586
0.0195485,0.0128857,0.00701919,0.0340247,0.0082095,0.00335208
0.00639128,0.00412741,0.00162628,0.0201512,0.00427451,0.00291651
0.0282293,0.0183077,0.0318246,0.175205,0.0501181,0.0473319
0.0115935,0.00826554,0.00585005,0.0325584,0.00909038,0.00218938
0.0144581,0.00995676,0.00512682,0.0190664,0.00359807,0.00178935
0.0231845,0.0154892,0.00824618,0.044959,0.0104082,0.0189476
0.00550696,0.0040021,0.0027347,0.00700631,0.00120297,0.00217516
0.00626918,0.00456591,0.00374692,0.0152285,0.00375669,0.00522853
0.0524164,0.0328661,0.0309343,0.12968,0.0349642,0.0666612
0.0113887,0.0078298,0.00598314,0.0226262,0.00507087,0.006542
0.0178253,0.0120919,0.00651357,0.0228902,0.00538053,0.00201202
0.0189375,0.0124192,0.00920438,0.0577474,0.0150847,0.0188394
0.0152502,0.010111,0.00861433,0.0521809,0.0134826,0.0293524
0.0164717,0.00721876,0.00535175,0.0404579,0.0103403,0.0137483
0.00974798,0.00665852,0.00397371,0.0121308,0.00243911,0.00528692
0.0357009,0.0227909,0.0115392,0.0884331,0.0246895,0.005601
0.0108033,0.00785031,0.00393468,0.0247618,0.00670452,0.00918763
0.00862457,0.00601818,0.00342419,0.019575,0.00277761,0.00110996
0.0134658,0.00939077,0.0100736,0.0344797,0.00657132,0.0090725
0.0132919,0.00915987,0.00557132,0.0188908,0.00383,0.0144552
0.0171679,0.0113166,0.00493259,0.0259227,0.00640172,0.0105559
0.0128534,0.00903856,0.00370631,0.0264449,0.00517484,0.00576455
0.0112733,0.00743668,0.00396084,0.0145425,0.00264473,0.00357077
0.0179573,0.0116964,0.00687306,0.0287878,0.00744999,0.00616271
0.0426925,0.0279348,0.0189126,0.0593903,0.012763,0.0167472
0.0173136,0.0115676,0.00671001,0.0321723,0.00816323,0.0112394
0.0145698,0.00959709,0.00414343,0.0438807,0.0111353,0.0136774
0.0151805,0.010305,0.00497557,0.039588,0.010431,0.0350058
0.0249713,0.0157466,0.0223677,0.111918,0.0267602,0.0152533
0.00995477,0.00658791,0.00245382,0.0259696,0.00605168,0.00386361
0.0176607,0.0120605,0.00630691,0.0366307,0.0104187,0.00587167
0.0110726,0.00727391,0.00544178,0.0170137,0.00399221,0.00631229
0.0772572,0.0389176,0.0699669,0.267141,0.0685404,0.0658017
0.0169635,0.0108882,0.00641273,0.0242637,0.00793474,0.00597447
0.0219414,0.0141015,0.00793663,0.0447176,0.0116546,0.013542
0.00743234,0.00513759,0.0052526,0.00510883,0.000261633,0.00465963
0.0113484,0.00743135,0.00451565,0.0246456,0.00433884,0.00912015
0.0203219,0.0126113,0.00714579,0.0295733,0.009156,0.00840535
0.0106711,0.00539533,0.00775421,0.028184,0.00727853,0.00313273
0.00582531,0.00413874,0.00280374,0.0126962,0.00272531,0.0027993
0.0128553,0.00843983,0.00442076,0.0256458,0.00694295,0.0013294
0.018054,0.0124267,0.00552341,0.0227303,0.00463324,0.00629039
0.0142952,0.00932868,0.00560561,0.0293173,0.00840632,0.00834741
0.0118651,0.00756566,0.00721329,0.0324524,0.0074841,0.00702294
0.0291232,0.0172992,0.00920177,0.0524258,0.0140302,0.0133357
0.0275032,0.0136987,0.0105,0.0495422,0.0136473,0.0166647
0.0382674,0.0245014,0.0222742,0.0914513,0.0262076,0.0311542
0.0164622,0.0110627,0.00541816,0.0321988,0.00850472,0.00751138
0.0119765,0.00839155,0.00404246,0.0253657,0.00764787,0.0156152
0.0276515,0.0182842,0.00948109,0.0384044,0.00993242,0.0195932
0.0480964,0.0286544,0.0367377,0.145366,0.0364135,0.0538729
0.016988,0.0117521,0.00628196,0.0202747,0.00469934,0.00526677
0.0246762,0.0171271,0.0139817,0.0896003,0.0251677,0.0249634
0.00795623,0.00522779,0.00292764,0.0205929,0.00490993,0.00419371
0.0194227,0.0123622,0.0303681,0.0953642,0.0249766,0.0243869
0.00944576,0.00679233,0.00383024,0.0225157,0.00472536,0.00504141
0.0320376,0.020861,0.0095741,0.0345861,0.00973422,0.0205049
0.0111365,0.0075852,0.00474145,0.0409469,0.0113224,0.0104018
0.00946686,0.00658707,0.00356692,0.0134934,0.00475778,0.00312628
0.0150638,0.0106193,0.00509004,0.0195693,0.00523178,0.00293378
0.0185649,0.012722,0.00782847,0.0358758,0.0112699,0.0140037
0.00709934,0.00532038,0.00264583,0.0111711,0.00316865,0.00807693
0.0145335,0.00811668,0.00472192,0.0287559,0.00910211,0.00800519
0.0128709,0.00612442,0.0058758,0.0245731,0.00597377,0.00483913
0.0118292,0.00784135,0.00448603,0.0322239,0.00687095,0.00362713
0.00641623,0.00465849,0.00224849,0.00878006,0.00474727,0.00417753
0.0206892,0.0136942,0.00727453,0.0403915,0.0121379,0.011995
0.0114824,0.00808641,0.00515402,0.0269758,0.00550219,0.00798028
0.0236653,0.0160246,0.0114702,0.0447922,0.00918957,0.0145041
0.0203025,0.0137126,0.00811835,0.0496095,0.0150678,0.00935535
0.010551,0.00706293,0.0133988,0.0417541,0.0117176,0.0298505
0.0130669,0.00883168,0.00400657,0.0231055,0.00720867,0.0069347
0.0120221,0.00840461,0.00818386,0.0356181,0.00943606,0.0093964
0.0108013,0.00740355,0.00327502,0.014181,0.00446068,0.00929697
0.00911087,0.00628399,0.00774052,0.0356469,0.0128816,0.00984628
0.013246,0.00916643,0.00504351,0.0353125,0.00932048,0.00956221
0.0217262,0.0148609,0.00694134,0.0285017,0.00844862,0.0356929
0.0107987,0.00747376,0.00501095,0.0229344,0.0073914,0.00297691
0.0140781,0.0099855,0.00513511,0.0354718,0.0115228,0.0167199
0.0343901,0.01911,0.0219947,0.0975565,0.0264987,0.0386
0.0220029,0.0152006,0.00569767,0.0181553,0.00649989,0.00388637
0.0142009,0.0093066,0.00471524,0.0309081,0.00718083,0.0126951
0.00775248,0.00558392,0.00392868,0.021383,0.00477507,0.00323795
0.0210362,0.0136818,0.00785219,0.0399431,0.00813057,0.0059951
0.010424,0.00696687,0.00604305,0.0355394,0.0102317,0.0128859
0.0169956,0.0115618,0.00982476,0.0446695,0.0121199,0.00758791
0.0106985,0.00723949,0.00418148,0.0422236,0.0115357,0.0269771
0.0433848,0.0269105,0.0329176,0.14405,0.0359452,0.0246297
0.00812997,0.00585585,0.00794954,0.0278676,0.00652909,0.0105384
0.0130193,0.00860238,0.00329677,0.0187405,0.00513982,0.00381382
0.0131123,0.00881268,0.0122223,0.0904284,0.0204815,0.0429479
0.0121189,0.00867296,0.00830432,0.0276298,0.00831623,0.00925338
0.0379563,0.0232448,0.0198297,0.106452,0.0286535,0.0720782
0.0347917,0.0225064,0.00958603,0.0615857,0.0151948,0.00585229
0.00687698,0.00470789,0.00365457,0.0269649,0.00615416,0.00569746
0.00702574,0.00474933,0.00291819,0.0116979,0.00527267,0.00707505
0.0240135,0.0154431,0.00892578,0.0370446,0.0070175,0.00574582
0.0169186,0.0109354,0.004908,0.0300776,0.00855392,0.010076
0.0129273,0.00879573,0.00404663,0.0131664,0.00405228,0.00406987
0.00449614,0.00319924,0.00324993,0.0189392,0.00350368,0.00338735
0.0117695,0.00823796,0.00839986,0.0330146,0.00862442,0.0224408
0.0253487,0.0173118,0.00979926,0.0335337,0.0086355,0.0149506
0.020493,0.0134169,0.0251063,0.116166,0.0312324,0.0989236
0.00952522,0.00662614,0.0049994,0.0127346,0.00336053,0.000736874
0.0194922,0.0132136,0.00939937,0.0428817,0.0114534,0.0177366
0.0259779,0.0172278,0.00678381,0.0571071,0.013824,0.0247638
0.0490317,0.0291451,0.029711,0.112062,0.0286319,0.0416656
0.0126081,0.00853711,0.00386006,0.0237473,0.00721435,0.00414983
0.0043368,0.00312371,0.00245069,0.0134977,0.00492906,0.00253406
0.0268779,0.0178187,0.00788461,0.0318804,0.00947067,0.0266802
0.0272315,0.0178883,0.00728565,0.0362066,0.0101259,0.0132386
0.00672602,0.00483922,0.00231263,0.020031,0.00448801,0.00300865
0.00795295,0.00517108,0.00329124,0.0142517,0.00354948,0.00930768
0.00960365,0.00637039,0.00497501,0.0172493,0.00511555,0.00725657
0.0237652,0.0156191,0.00939788,0.0412343,0.0112348,0.00761506
0.00984908,0.00689965,0.00503578,0.00595353,0.00116538,0.00744525
0.0123089,0.00845802,0.00517017,0.0298684,0.00768242,0.0060624
0.0130616,0.00934032,0.00366314,0.0197336,0.00420219,0.0142052
0.0109881,0.0077282,0.00243174,0.0185001,0.00434962,0.0105735
0.0115632,0.00826845,0.00419145,0.0237335,0.00683214,0.00506412
0.0248949,0.0158553,0.0077461,0.0385785,0.0127513,0.0110929
0.0364946,0.0233885,0.0212517,0.0755775,0.019475,0.0159601
0.0139866,0.00938225,0.00278716,0.0164183,0.00468255,0.00489592
0.0538665,0.0237963,0.0200201,0.0719903,0.0196339,0.0165283
0.0218552,0.014353,0.00766323,0.034402,0.00855594,0.00871602
0.0116999,0.0073377,0.00352308,0.0227902,0.00578687,0.00534627
0.0194059,0.012499,0.0067655,0.0358365,0.0090203,0.00366002
0.00702367,0.00472416,0.00251074,0.0199477,0.00436132,0.00238411
0.0101249,0.00696529,0.00347007,0.0177559,0.00606457,0.00430862
0.00921115,0.00678596,0.0039294,0.014036,0.00349232,0.00427657
0.0144711,0.0100407,0.00412576,0.0250592,0.00558863,0.00504733
0.00611767,0.00418959,0.00249364,0.00915475,0.00316113,0.00728134
0.00880283,0.00613026,0.00621672,0.0197557,0.00357292,0.00185302
0.0132993,0.00784357,0.00819709,0.0264943,0.00897375,0.0096656
0.034606,0.0216597,0.0115329,0.0410873,0.00840664,0.0224229
0.0189127,0.0126324,0.00696764,0.0270451,0.00694823,0.00497764
0.00968753,0.00631297,0.00382085,0.0181366,0.00464734,0.00397543
0.0134111,0.0097716,0.00480712,0.0312574,0.00733533,0.00542324
0.016465,0.0109827,0.00519737,0.0210625,0.00521461,0.00583218
0.0129887,0.00895896,0.00792776,0.0193736,0.00624692,0.00620886
0.00746719,0.00522432,0.00417631,0.0146597,0.00450564,0.00132969
0.0138031,0.00968558,0.0136205,0.0878961,0.0235997,0.021446
0.0102379,0.00713901,0.00571316,0.0150896,0.0040364,0.0106945
0.00601274,0.00434182,0.00241541,0.0217103,0.00417686,0.00771391
0.0360275,0.0179391,0.0297983,0.0966116,0.0253241,0.0256185
0.0311623,0.0179166,0.0275728,0.0757252,0.0188146,0.0220304
0.0212387,0.0137289,0.00791878,0.0322316,0.00544902,0.0126632
0.0261642,0.0168767,0.00614669,0.0398385,0.00930119,0.00697937
0.0276032,0.0180644,0.00866075,0.0493945,0.0123336,0.0255871
0.0191574,0.0128019,0.0147256,0.0801097,0.0198843,0.0518867
0.0208433,0.013965,0.00767929,0.0321664,0.00832585,0.01576
0.00846211,0.00573162,0.00234628,0.0144666,0.00487778,0.00252403
0.0193199,0.0131481,0.00599679,0.0237275,0.00454159,0.00483089
0.0124255,0.00855429,0.00620541,0.0264731,0.00623894,0.00937396
0.00947055,0.00652983,0.00535339,0.0214581,0.00522718,0.0235341
0.00796753,0.00593661,0.00303782,0.0119334,0.00211008,0.00561158
0.0055214,0.00375589,0.00313367,0.0168254,0.0036457,0.00361458
0.0171459,0.0115334,0.0055305,0.0204427,0.00615383,0.0155691
0.0142634,0.00982838,0.0070211,0.0588662,0.0129618,0.0147616
0.00913591,0.00616174,0.00366543,0.00462944,-0.000144799,0.00784285
0.0330912,0.0209945,0.00735254,0.0654703,0.0164316,0.0180208
0.0152303,0.0107174,0.0116543,0.0565657,0.0176698,0.0259839
0.0143434,0.00800415,0.00684051,0.0457162,0.0125877,0.020182
0.0118829,0.0078947,0.00572528,0.0716654,0.0188868,0.0141238
0.0234115,0.0156015,0.00784845,0.0465694,0.0112798,0.00915673
0.0145866,0.00980201,0.00670114,0.0178021,0.003692,0.00357348
0.0230617,0.0151727,0.00984558,0.0285855,0.00987108,0.0029544
0.00764118,0.00499878,0.00606494,0.0294949,0.0062254,0.00893757
0.0160688,0.0103227,0.0212212,0.11167,0.0337011,0.0339146
0.0194794,0.0130888,0.00682106,0.0246177,0.00704886,0.00963348
0.0185659,0.0124434,0.0306942,0.0825104,0.0203197,0.0637648
0.025364,0.016967,0.00893983,0.0294396,0.00546516,0.0137756
0.0320282,0.0161337,0.0222717,0.105478,0.0308564,0.0446117
0.0359827,0.0195197,0.0172212,0.0582065,0.0172108,0.0180129
0.0294313,0.0175675,0.0139273,0.0438148,0.0121033,0.0135478
0.00998486,0.0069509,0.00424734,0.013332,0.00296363,0.00999018
0.0156365,0.010105,0.00536351,0.0287539,0.00761706,0.0133529
0.0464769,0.0293995,0.0143691,0.0435175,0.0125847,0.0171816
0.0117293,0.00813399,0.00426573,0.0291963,0.00660715,0.0104817
0.0280688,0.0189086,0.00953282,0.04487,0.0136956,0.0169766
0.0169275,0.0112733,0.00661687,0.0601274,0.0165383,0.0164452
0.0163288,0.0114145,0.00738995,0.0393082,0.0107057,0.00276367
0.0307981,0.020643,0.0163627,0.0836163,0.0223699,0.0250232
0.00948863,0.0062389,0.00338536,0.0210847,0.00371525,0.00426315
0.0187039,0.0124283,0.00786904,0.036511,0.00791776,0.0117644
0.0127121,0.00865519,0.00601942,0.0308897,0.00804797,0.00400401
0.0363252,0.0228882,0.0115937,0.0635776,0.01425,0.0374951
0.0243329,0.0160936,0.00996297,0.044088,0.0124906,0.00765357
0.0290565,0.019354,0.0206496,0.118539,0.0308561,0.0381219
0.0387944,0.0238869,0.0291437,0.115691,0.029363,0.0165698
0.00569955,0.00406855,0.00229896,0.0175991,0.00264938,0.0014596
0.00482088,0.00326179,0.0019527,0.000518506,0.000646336,0.000840167
0.0111826,0.00813716,0.0043153,0.0128887,0.00344529,0.00667746
0.0126664,0.00885096,0.00526602,0.0219935,0.00458546,0.00300082
0.00662173,0.00465816,0.003245,0.0147382,0.00443867,0.012256
0.0336046,0.0207088,0.0127969,0.0466878,0.0127881,0.0186908
0.00749679,0.0050536,0.00260485,0.0125393,0.00314825,0.00445615
0.0081412,0.00556715,0.00290536,0.0303239,0.00904684,0.00491641
0.0252464,0.0108662,0.0100863,0.043434,0.0113379,0.0125771
0.0156142,0.0107108,0.00488397,0.0155732,0.00366151,0.00972617
0.0181477,0.0120683,0.00673448,0.0256141,0.00655059,0.009084
0.0222582,0.0147067,0.00440966,0.0417966,0.0104415,0.00823265
0.0194376,0.0134114,0.00839407,0.0206231,0.00514829,0.0062876
0.0139922,0.0092346,0.00465837,0.0126984,0.00465513,0.00699774
0.0208971,0.0136624,0.0139962,0.0676313,0.0176294,0.0225581
0.0123278,0.0084462,0.00419741,0.0243307,0.00839379,0.00839853
0.0300568,0.0195575,0.0111861,0.0474829,0.0117718,0.0175812
0.010228,0.0070427,0.00413651,0.0323305,0.00980828,0.0060113
0.0492022,0.0309651,0.0163271,0.0714107,0.0179799,0.0183941
0.0053038,0.00361837,0.00272522,0.000523077,0.00112246,0.00163878
0.04295,0.0229795,0.0154261,0.0759002,0.0179488,0.0199722
0.0317779,0.017401,0.0116353,0.059254,0.0119277,0.0207168
0.00704163,0.00477714,0.0064363,0.0312868,0.0093574,0.0135587
0.0231439,0.0123957,0.0071532,0.0441412,0.00961483,0.0201703
0.0128064,0.00821637,0.0157182,0.0505537,0.0149602,0.0101722
0.0318736,0.0198633,0.0166682,0.0718022,0.0173458,0.027172
0.0188552,0.0130852,0.0059879,0.0429719,0.0113992,0.0183179
0.0219675,0.0141419,0.00740619,0.0367927,0.00850374,0.00786204
0.0132641,0.00902407,0.00430476,0.0238189,0.00444226,0.00362379
0.0407731,0.0250808,0.0144976,0.0607216,0.0167823,0.00567386
0.00949995,0.00646727,0.00774175,0.0306219,0.00952131,0.00423125
0.0136374,0.0095062,0.00771798,0.0244794,0.0063315,0.00194356
0.00836054,0.00608873,0.00341129,0.0147853,0.00448443,0.00456252
0.00538829,0.00385708,0.0145249,0.0455949,0.0111376,0.00395368
0.00519519,0.0036314,0.00239009,0.00544051,0.00294917,0.0033956
0.0155917,0.0104745,0.0115915,0.0412305,0.0113414,0.00786532
0.0271069,0.00987627,0.0114894,0.0334107,0.00861657,0.00940666
0.0276278,0.00994111,0.0113765,0.0343229,0.00884486,0.0076885
0.0370194,0.0235288,0.0353159,0.141657,0.038921,0.0776908
0.0382143,0.0216741,0.069224,0.235934,0.0622263,0.0997153
0.0187783,0.0135603,0.00967858,0.0413052,0.0103882,0.00645044
0.0138165,0.00910749,0.00469313,0.023631,0.00465116,0.00476492
0.00879228,0.00638425,0.00456938,0.0293333,0.00631824,0.0128345
0.0108575,0.00723377,0.00563132,0.00999284,0.00175564,0.00641877
0.00950883,0.0044556,0.00426609,0.0274129,0.00791111,0.00443846
0.012112,0.00696914,0.00475059,0.0224388,0.00502682,0.00421233
0.0166755,0.0111446,0.00913244,0.0298792,0.00810471,0.0110998
0.00674379,0.00446883,0.00388902,0.00504681,0.000481726,0.00277849
0.0118739,0.00783576,0.00403283,0.0224302,0.00414085,0.0062942
0.0107151,0.00709221,0.00468673,0.0201318,0.00463969,0.00307487
0.0484081,0.0307518,0.0312563,0.0972684,0.0276699,0.0317788
0.0248129,0.0163207,0.00660635,0.0270785,0.00599058,0.0137805
0.00971644,0.00668969,0.00379304,0.0112266,0.00339237,0.00638313
0.011448,0.00739365,0.00397143,0.0152118,0.00418571,0.00859052
0.0283224,0.0183952,0.00607958,0.0460292,0.0108427,0.0100442
0.033723,0.0221536,0.0132319,0.0399058,0.011114,0.0237429
0.0180955,0.0118339,0.0190436,0.0573565,0.0137146,0.0161331
0.00681276,0.00354404,0.00297572,0.0126331,0.00403935,0.00373377
0.0285868,0.0188131,0.0100339,0.0586704,0.0142883,0.0213501
0.0146192,0.00968753,0.0197822,0.0411447,0.0102357,0.00856199
0.0111185,0.0080172,0.00330356,0.0154694,0.0032481,0.00836082
0.0101626,0.00698533,0.00404296,0.0141362,0.00428072,0.00590641
0.0139858,0.00904843,0.0067408,0.0266614,0.00973515,0.00832229
0.00732348,0.00485328,0.00232101,0.0133906,0.00371097,0.00609269
0.0211072,0.0140316,0.00931272,0.0274933,0.00631826,0.00573329
0.00651479,0.00445927,0.00265938,0.00946972,0.00400624,0.00490231
0.0188298,0.0127465,0.00637433,0.0268705,0.006994,0.0119575
0.00793408,0.00553401,0.00315419,0.0168167,0.0028929,0.00279274
0.0475759,0.0287906,0.0140634,0.0751403,0.0169482,0.0162976
0.00702209,0.00486613,0.00174114,0.0162932,0.0035427,0.00155322
0.00709065,0.00463411,0.00269971,0.0153862,0.00456145,0.00103027
0.0151345,0.00989523,0.00617284,0.0340041,0.00734145,0.0129855
0.0139099,0.00946723,0.00389241,0.0324099,0.00660413,0.00221994
0.0049512,0.00348728,0.0019167,0.0150301,0.00399864,0.00465226
0.0142317,0.00924753,0.0221221,0.13657,0.0391982,0.0319031
0.0167851,0.0111663,0.0138783,0.0603445,0.0134174,0.0259569
0.00874127,0.00643757,0.00484063,0.0169642,0.00601744,0.00770908
0.0270546,0.0170411,0.00763064,0.0315421,0.0101144,0.0046736
0.0387555,0.024478,0.0166747,0.0640347,0.0152501,0.022101
0.0200005,0.0132308,0.00726707,0.0459607,0.0111478,0.00738538
0.022131,0.0145277,0.00749695,0.0431936,0.00948409,0.00804297
0.0217259,0.0146555,0.0104592,0.0720242,0.015675,0.0269152
0.0353803,0.0201556,0.0481299,0.236229,0.0592672,0.116586
0.0308583,0.0204442,0.0145348,0.0436997,0.0114255,0.0107054
0.016968,0.0119268,0.00547862,0.0216209,0.00452185,0.013402
0.00505307,0.00309637,0.00249047,0.00922409,0.0017187,0.00278555
0.0137573,0.00955308,0.00438223,0.0142313,0.00277898,0.00526938
0.0153978,0.0105425,0.00437995,0.0342213,0.00936513,0.0110539
0.012666,0.00848714,0.00989767,0.0316675,0.00853595,0.00451271
0.0523386,0.0320101,0.0156229,0.0650793,0.0163816,0.0198929
0.0187802,0.0124566,0.0124569,0.0188558,0.00506419,0.00659872
0.0257036,0.0169906,0.0107662,0.0561888,0.0146981,0.020842
0.012228,0.00816805,0.00347425,0.0250992,0.00819237,0.0148871
0.02462,0.0157155,0.00977744,0.0314763,0.009155,0.0130665
0.00478213,0.00344068,0.0053602,0.0134332,0.0036691,0.00383717
0.00542479,0.00386703,0.00278742,0.0184611,0.0050365,0.00620914
0.00571243,0.00438628,0.00285994,0.0154112,0.00308736,0.00286311
0.0190373,0.0125003,0.00565975,0.0347891,0.00881789,0.0036201
0.00715916,0.00494526,0.00997203,0.0432928,0.011794,0.00411806
0.00501036,0.00358433,0.00175168,0.0177907,0.00420936,0.00173538
0.0182086,0.0124586,0.00440519,0.0365817,0.0106979,0.0122644
0.00764584,0.00516635,0.00273696,0.0134832,0.00349714,0.00150207
0.0341966,0.0220685,0.0115753,0.0567635,0.0146643,0.0157952
0.0110224,0.00773481,0.00437488,0.0312158,0.00864202,0.0169978
0.00505874,0.00385591,0.00243323,0.0126829,0.00384095,0.00172186
0.0132278,0.00879785,0.00349608,0.00220901,0.000755161,0.0108988
0.00973899,0.00678458,0.00308222,0.0177676,0.00383883,0.0051851
0.0207241,0.0139836,0.0232988,0.0647208,0.0169128,0.0320212
0.0136587,0.00913234,0.00997059,0.0569836,0.0145511,0.0120967
0.0111675,0.00558178,0.00450314,0.0201569,0.00766099,0.00214394
0.015136,0.00794276,0.00617873,0.024238,0.00531302,0.0022599
0.0166317,0.0104448,0.00571869,0.0296577,0.0060351,0.00343413
0.00904203,0.00633673,0.00348542,0.0162687,0.00415973,0.00689001
0.0115569,0.00818011,0.00484083,0.0236503,0.00556536,0.00274082
0.052998,0.0334709,0.0366295,0.194849,0.0539176,0.105055
0.0154657,0.0102667,0.011301,0.0476741,0.0111294,0.00631608
0.0556008,0.0301867,0.0443834,0.147299,0.0405196,0.0781833
0.0230248,0.0132648,0.00688496,0.0594101,0.0143738,0.0205546
0.0368181,0.0216675,0.0178804,0.0936581,0.0248634,0.021985
0.0660849,0.0352202,0.0291374,0.10882,0.0268626,0.0272447
0.0272595,0.0181776,0.00946104,0.0286651,0.00878019,0.00834216
0.00818995,0.00585456,0.00548619,0.0151965,0.00377496,0.00375696
0.0100338,0.00680533,0.004342,0.0348983,0.00825041,0.00669121
0.0150648,0.0104237,0.00596543,0.0376124,0.00872373,0.00434183
0.030856,0.0204151,0.0123626,0.0588446,0.0134182,0.0105257
0.0283313,0.0184743,0.0109223,0.0358692,0.00737832,0.011748
0.0467324,0.0285378,0.0124444,0.068012,0.0170289,0.013999
0.0103083,0.00679321,0.00418728,0.0376824,0.00940828,0.00369179
0.017767,0.011297,0.00709653,0.0328574,0.00892972,0.00716019
0.035035,0.0228986,0.0130289,0.0428569,0.00942406,0.0224568
0.0119962,0.00822683,0.00575869,0.0281258,0.00681295,0.00387096
0.0177694,0.0118077,0.00903638,0.0477647,0.012323,0.00544257
0.0386158,0.0235052,0.0361599,0.142724,0.0384417,0.0627856
0.0165409,0.0109998,0.00837691,0.0246917,0.00793366,0.0089332
0.010106,0.00684998,0.00389822,0.018437,0.00640629,0.0143253
0.00952102,0.00665954,0.00365655,0.0224809,0.00612317,0.00350229
0.00464645,0.00311949,0.00301506,0.0136345,0.00263034,0.00715706
0.0122204,0.00825686,0.00351908,0.0215353,0.0062727,0.013348
0.00518925,0.00397305,0.00272311,0.0120856,0.00330285,0.00568216
0.0142806,0.0100738,0.00497552,0.0374574,0.0102538,0.00399056
0.0254076,0.0170509,0.014197,0.0705317,0.0182272,0.0283046
0.0221122,0.0147088,0.00614678,0.0306817,0.00727057,0.011252
0.0458785,0.0277946,0.0397548,0.162204,0.0424688,0.04584
0.0138459,0.00924334,0.00548369,0.0245685,0.00776451,0.00988157
0.00703142,0.00507627,0.0025602,0.0150088,0.004445,0.00338665
0.00839123,0.00578962,0.00340817,0.0162455,0.00479619,0.0042931
0.0153728,0.0108488,0.00903914,0.0310002,0.00926975,0.0175709
0.0094669,0.00653391,0.00452853,0.0257127,0.00663012,0.00342731
0.0110881,0.00773339,0.00441714,0.0176504,0.00426007,0.00383155
0.00600332,0.00373483,0.00926606,0.0577709,0.0130237,0.0074599
0.0163888,0.0112466,0.0184031,0.0481828,0.013058,0.0444334
0.00867989,0.00645467,0.00483785,0.0170808,0.00442202,0.00318479
0.0169735,0.0111769,0.00661433,0.0240361,0.00567107,0.00617832
0.0133133,0.00939146,0.00811973,0.0376373,0.0105242,0.0159895
0.0249978,0.0168552,0.0154327,0.0435113,0.0110693,0.00944058
0.00935556,0.00591466,0.0049748,0.0197203,0.00355736,0.00541304
0.00893431,0.00633179,0.00552574,0.0225898,0.00656116,0.00820323
0.0175191,0.0118258,0.0044988,0.0125724,0.00293957,0.00447126
0.0195659,0.0104836,0.00803788,0.0425714,0.011203,0.00987615
0.018559,0.0070469,0.0211604,0.073389,0.0220555,0.0357796
0.0185888,0.0125483,0.00583434,0.0251983,0.00779332,0.00650135
0.0172286,0.0117264,0.0104047,0.0300268,0.00784919,0.00708886
0.00754431,0.00512125,0.00437377,0.0189037,0.00625376,0.00604725
0.0174939,0.0117143,0.0179961,0.0966467,0.023654,0.0451488
0.0339442,0.0143603,0.0131045,0.0640465,0.016063,0.0105812
0.00991872,0.00683364,0.00485785,0.0255406,0.00603539,0.00594051
0.0144306,0.00983449,0.00737932,0.0239542,0.0059603,0.0104218
0.0136981,0.00898997,0.0044862,0.0228606,0.0062768,0.00103854
0.0103445,0.00747469,0.00489291,0.0205038,0.00380503,0.00474304
0.0355578,0.0233903,0.0122133,0.0314669,0.00815234,0.0380598
0.00539964,0.00374205,0.00238741,0.0113573,0.00386227,0.00229121
0.0098926,0.00658365,0.00324333,0.0244755,0.00664623,0.0044304
0.0149688,0.0094782,0.0160636,0.0307742,0.00866512,0.0124802
0.0330008,0.0223675,0.0162189,0.0416704,0.0110656,0.0218109
0.0267052,0.0171047,0.0103579,0.0473505,0.0135955,0.0203008
0.0205021,0.0139188,0.00966119,0.0331676,0.00847197,0.00863412
0.00951834,0.00611093,0.00347399,0.0148285,0.00349004,0.00159858
0.0115343,0.00742434,0.00483721,0.00718704,0.00166726,0.00370643
0.0174557,0.0119055,0.00602968,0.024601,0.00698942,0.00385783
0.00965252,0.00667079,0.00482034,0.0446008,0.0113927,0.00887376
0.00697491,0.00505085,0.00310657,0.0111024,0.00209431,0.00388472
0.0122474,0.00814669,0.00254089,0.0210221,0.00494211,0.00271314
0.0272222,0.0176444,0.00757892,0.0457083,0.0100858,0.00650161
0.0339041,0.0220496,0.0085391,0.0144523,0.00297441,0.00636212
0.0157456,0.0102503,0.0047666,0.0385974,0.0070243,0.00634646
0.0438918,0.0284734,0.0159375,0.0614217,0.0146657,0.0118837
0.0074955,0.00514343,0.00524751,0.0162338,0.00258473,0.00175876
0.0172513,0.0111778,0.00696367,0.0253468,0.00655227,0.00735946
0.00448484,0.00349296,0.00156121,0.0141543,0.00296753,0.00235164
0.00900928,0.00633164,0.00335876,0.0218951,0.00695741,0.00308895
0.00957042,0.00678408,0.00407011,0.0116117,0.00276334,0.00265037
0.0114501,0.0079176,0.00986797,0.0077138,0.00214204,0.00614311
0.011957,0.0083119,0.00387568,0.018188,0.00623476,0.00606115
0.00860278,0.00586776,0.00251062,0.0236766,0.00484563,0.0121055
0.0406127,0.0235312,0.0186923,0.0987378,0.0265397,0.0191189
0.0118345,0.00820186,0.0036439,0.0185517,0.00397367,0.00448135
0.0173454,0.0115232,0.00661695,0.0309775,0.0079239,0.014255
0.00789712,0.00538219,0.00384023,0.0199193,0.0043625,0.00492057
0.0098093,0.00658689,0.00384024,0.00940481,0.00420678,0.0149002
0.00645881,0.00455624,0.00121907,0.0150039,0.00372879,0.00249923
0.0125064,0.00852109,0.0046766,0.019795,0.00618411,0.00404402
0.039482,0.018674,0.013807,0.0603013,0.016422,0.0143294
0.0392482,0.0186986,0.0138526,0.0576247,0.0152231,0.0138085
0.00668053,0.00431535,0.0041936,0.0479577,0.00941924,0.00854954
0.0224847,0.0144592,0.00767861,0.0373937,0.00747496,0.0142247
0.0123157,0.00904471,0.00313104,0.0247399,0.0063882,0.00912193
0.00730712,0.00482662,0.0026288,0.00848867,0.00247896,0.00360807
0.0256186,0.0167665,0.00649093,0.0384871,0.00775932,0.00726785
0.0556192,0.0298111,0.0344174,0.152057,0.0401157,0.0778811
0.0478225,0.030808,0.0244103,0.0839282,0.0222689,0.0316591
0.00693221,0.00469655,0.00259093,0.0093678,0.00297977,0.00337386
0.0139692,0.00953074,0.00549808,-0.000429911,0.000239848,0.0121205
0.0275883,0.0172605,0.0194296,0.0792238,0.0213748,0.0458154
0.0175472,0.0119959,0.00841593,0.0317003,0.0095822,0.00501832
0.0163378,0.0111539,0.0071041,0.0433161,0.0118323,0.0292325
0.0102202,0.00655329,0.00237225,0.0212589,0.00612467,0.00571737
0.0107418,0.00716659,0.00582605,0.034201,0.010194,0.0160816
0.00510862,0.00347548,0.00181636,0.00229979,0.000275666,0.00166357
0.0459554,0.0271665,0.0182932,0.0960847,0.0268148,0.0233035
0.0184225,0.0125349,0.00455511,0.0298815,0.0073431,0.00601384
0.00889873,0.0060928,0.00221276,0.0258489,0.00650649,0.00133386
0.0389744,0.0250186,0.0116311,0.0562298,0.0153763,0.010463
0.00851444,0.00562738,0.00318148,0.0211557,0.0044026,0.00364843
0.0139085,0.00887706,0.00443648,0.0328938,0.0074038,0.020731
0.0153259,0.010391,0.00641209,0.0220703,0.00679223,0.0124171
0.0153379,0.010426,0.00557857,0.0200906,0.00664384,0.00381088
0.0322258,0.0214793,0.0181273,0.0757479,0.020539,0.0426833
0.0167002,0.011624,0.00667571,0.027073,0.00737086,0.00564865
0.00845229,0.00583563,0.00320441,0.0149177,0.00566412,0.00368922
0.0367172,0.0236547,0.0140992,0.0657644,0.014966,0.0174353
0.0272387,0.0182467,0.00868568,0.0461848,0.0119747,0.0155402
0.00944258,0.00651307,0.00214815,0.0221533,0.00684765,0.00668666
0.0130074,0.00898231,0.0044104,0.0237912,0.00838978,0.00858872
0.00496015,0.00351972,0.00157921,0.0123513,0.0026631,0.004139
0.0255085,0.017465,0.00831481,0.0195437,0.00575157,0.0073986
0.011017,0.0076435,0.00430323,0.0224718,0.00481149,0.00692586
0.0434357,0.027788,0.0136683,0.0630759,0.0156462,0.00896617
0.0140068,0.00969608,0.00552312,0.0304767,0.0074485,0.00493218
0.0178758,0.00954781,0.00708633,0.0406967,0.0101381,0.00484241
0.0269472,0.0123601,0.0226929,0.0764103,0.0219563,0.0421949
0.0103907,0.00713915,0.0023521,0.0389173,0.00837807,0.0110051
0.00812327,0.00551198,0.00279392,0.013028,0.00342343,0.00150815
0.0104642,0.00694652,0.00327981,0.0332798,0.0102115,0.0165965
0.0333122,0.0210803,0.0118926,0.0524234,0.0137179,0.0111815
0.0214058,0.0144248,0.0103415,0.0584547,0.0144132,0.0132367
0.0268414,0.0175712,0.00922336,0.0562821,0.0132491,0.0123731
0.0190978,0.0128489,0.00617091,0.048661,0.0121573,0.00571323
0.0123674,0.00830949,0.00404476,0.018111,0.00553983,0.00808047
0.0967946,0.0431091,0.0684307,0.253951,0.0635289,0.0881104
0.00908024,0.00636348,0.00251514,0.0149928,0.00562453,0.00369649
0.00698688,0.00488958,0.00179132,0.0227293,0.00458802,0.00360112
0.00663134,0.00470715,0.00229143,0.0157213,0.00361131,0.00490629
0.0118706,0.00821157,0.00555201,0.0275385,0.00483461,0.00628257
0.00592965,0.00414089,0.00241609,0.0122658,0.00250515,0.00169155
0.0198114,0.0129907,0.00434312,0.0325251,0.00932155,0.0159444
0.0444649,0.0278227,0.0189072,0.0743706,0.0204738,0.036314
0.0112984,0.00743037,0.00512621,0.0178132,0.00463912,0.00572579
0.0192805,0.0127918,0.00741175,0.0449207,0.0110926,0.00983381
0.0201572,0.0133564,0.00552373,0.0255166,0.00696168,0.0133183
0.0535392,0.0303888,0.0240123,0.118653,0.0332486,0.0446116
0.0279925,0.0154744,0.0346948,0.146671,0.0355851,0.0411578
0.0394584,0.0255949,0.0305697,0.12196,0.0299957,0.026153
0.00481228,0.00358864,0.00766077,0.0230422,0.00482903,0.00580499
0.0297108,0.0189859,0.00971307,0.0421877,0.00964009,0.0145894
0.00472243,0.00332421,0.00229841,0.0108039,0.00214623,0.00619425
0.0160797,0.0107573,0.00504242,0.0277099,0.00596931,0.00562894
0.0233495,0.0147912,0.0311647,0.122526,0.0305968,0.0596113
0.0294343,0.0192968,0.00879172,0.0370947,0.0101734,0.00888006
0.0075498,0.00515792,0.00300758,0.0115628,0.00159866,0.00553681
0.0117632,0.00823058,0.00445533,0.0187414,0.00435785,0.00487056
0.0312521,0.01989,0.0139971,0.0591204,0.0138762,0.0286697
0.00731913,0.00528929,0.00381979,0.0199247,0.00472762,0.0052327
0.00903891,0.00598961,0.00177086,0.00695016,0.00028728,0.000747577
0.0145319,0.00984156,0.0052725,0.0228262,0.00665522,0.00489916
0.0357962,0.0203371,0.0263125,0.146508,0.0388128,0.0620947
0.016495,0.0113768,0.00698297,0.0614226,0.0151235,0.0105794
0.0119989,0.00862268,0.00378245,0.0268948,0.00617891,0.00449332
0.0390412,0.0208987,0.0130053,0.0545622,0.0158096,0.0194143
0.0417479,0.0217098,0.0140203,0.0418091,0.0116366,0.019977
0.00993691,0.00721056,0.00291844,0.0165376,0.00453329,0.00385591
0.0130427,0.00891173,0.00490352,0.0267215,0.00784777,0.00412149
0.0310271,0.0198652,0.00695791,0.01221,0.00285098,0.0130454
0.0143553,0.00945594,0.005599,0.0344787,0.00875767,0.0120011
0.076596,0.0385328,0.0551929,0.26096,0.0672262,0.141111
0.0240744,0.015423,0.00871342,0.0363565,0.00899175,0.00693092
0.00535596,0.00368018,0.00297732,0.0288282,0.00755999,0.0118822
0.0230524,0.0150448,0.007058,0.0349103,0.0114149,0.00711384
0.00773243,0.00547959,0.00193091,0.0189235,0.00553087,0.00501629
0.00796466,0.0056333,0.00309141,0.0213785,0.0046973,0.00751598
0.0197953,0.0135124,0.00663888,0.02522,0.00638404,0.00757917
0.0547193,0.0334561,0.0172709,0.0765538,0.0202406,0.0257271
0.0310659,0.0203086,0.0177787,0.0457562,0.0114508,0.0107284
0.0211521,0.0142151,0.0188767,0.0707071,0.0207239,0.0301543
0.00713796,0.00481262,0.00475768,0.011864,0.00428722,0.00657412
0.0287679,0.0194809,0.0144395,0.0628444,0.0164468,0.031072
0.0147057,0.00994725,0.00814703,0.0270357,0.00753904,0.00334403
0.00709142,0.00476472,0.00238648,0.013059,0.002822,0.00481078
0.00836575,0.00578484,0.0102046,0.0468222,0.0129524,0.0198843
0.0130262,0.00929082,0.0100001,0.0409449,0.010365,0.0187016
0.0362177,0.0240028,0.0118699,0.0533099,0.0149296,0.0177062
0.0119604,0.00819127,0.00384272,0.0255184,0.00451684,0.0124605
0.0162652,0.0111749,0.00441296,0.0420809,0.011152,0.00856675
0.0124483,0.00858567,0.00680459,0.0217734,0.00558762,0.00805436
0.00534145,0.00381826,0.00209281,0.00769972,0.00263225,0.00385857
0.00896518,0.00610327,0.00322427,0.0255025,0.00500701,0.00565881
0.0118305,0.00776542,0.00438758,0.026289,0.00642039,0.00746508
0.0393948,0.0262797,0.0205179,0.083137,0.0223293,0.0305827
0.0072738,0.00509648,0.0034491,0.0203058,0.00520193,0.0167839
0.00670826,0.00497219,0.00247153,0.0185258,0.00545104,9.36951e-05
0.00964921,0.00663839,0.00424375,0.0187427,0.00449507,0.00212551
0.00561293,0.00397044,0.00251134,0.0180276,0.00526433,0.00216234
0.0127373,0.00859366,0.00470058,0.0224117,0.0062178,0.00400652
0.0252203,0.0167768,0.00884952,0.0371626,0.0111916,0.0166671
0.00510048,0.00322224,0.00381146,0.00873436,0.00381499,0.00294128
0.0130148,0.00840097,0.00366501,0.0268552,0.00852412,0.0135324
0.0202057,0.0129345,0.00988959,0.043536,0.0119964,0.0148342
0.00787066,0.00544013,0.00330714,0.0169884,0.00258365,0.00522965
0.0184314,0.0122442,0.00728601,0.0248077,0.00659169,0.00913578
0.0521299,0.0226564,0.0154457,0.0737754,0.0202033,0.0272339
0.0260211,0.0169629,0.0083621,0.0514164,0.0124869,0.0100179
0.00906086,0.00672389,0.00228888,0.0250532,0.00526543,0.00478334
0.0075403,0.00541435,0.00274373,0.00802023,0.00160837,0.00359503
0.0157961,0.0107436,0.00506785,0.0204005,0.00527015,0.00733234
0.00936567,0.00622079,0.0044652,0.0246947,0.00494298,0.00665488
0.0328235,0.0217195,0.0108975,0.0320756,0.00839718,0.0165229
0.0102821,0.00719713,0.00421742,0.0119012,0.00441351,0.00269875
0.0519243,0.0317499,0.0173436,0.0542998,0.0151734,0.0261032
0.0172156,0.0122743,0.00795206,0.0326036,0.00866478,0.00695464
0.0427397,0.0206913,0.0396468,0.178293,0.0472492,0.104187
0.0111959,0.00773384,0.00418099,0.00849763,0.000614318,0.00455982
0.0052568,0.00388028,0.00138726,0.0103168,0.00519951,0.00251847
0.0421622,0.0255933,0.0137152,0.0652062,0.0169368,0.0129918
0.0449994,0.0230348,0.0514951,0.220149,0.056175,0.0632871
0.0104347,0.00686024,0.00390248,0.0228587,0.00626003,0.00457007
0.0127682,0.00831045,0.00451896,0.02917,0.0085725,0.00591176
0.0180946,0.0110714,0.00608717,0.0350171,0.00938498,0.00906682
0.010503,0.00723084,0.00412524,0.0247345,0.00542498,0.00369533
0.00721534,0.00481066,0.0026981,0.0293123,0.00979637,0.0152688
0.0163488,0.0115465,0.00602473,0.0266312,0.00848748,0.00370691
0.027708,0.0189119,0.00830655,0.0305345,0.00843915,0.00989407
0.00699975,0.00474525,0.00372491,0.0209054,0.0070421,0.0052054
0.00916083,0.00654392,0.00400125,0.0184505,0.00486309,0.00443169
0.0115684,0.00635094,0.00497236,0.0319503,0.00700419,0.00675315
0.0208749,0.01308,0.00927469,0.0349196,0.00875829,0.00413326
0.0503259,0.0197279,0.0280154,0.104969,0.0294201,0.0275355
0.0498052,0.019717,0.028101,0.106478,0.0286923,0.0275664
0.0386045,0.0237365,0.0188565,0.0919446,0.0232479,0.025065
0.0182409,0.0125791,0.00340467,0.0395059,0.00902773,0.0167154
0.0110068,0.00773148,0.00478354,0.014223,0.00346567,0.00253105
0.0261965,0.017505,0.00938544,0.033917,0.00876741,0.00688139
0.00496449,0.00353625,0.0019582,0.0128032,0.00328196,0.000282291
0.00558091,0.00372596,0.00201355,0.0166446,0.00498067,0.00267874
0.0246425,0.0162645,0.00953997,0.0254958,0.00505621,0.00320649
0.00592947,0.00410007,0.00158107,0.0200594,0.00529821,0.00436097
0.00598972,0.00404084,0.00269476,0.0167268,0.00428033,0.00591988
0.0350351,0.0220028,0.0204191,0.0544265,0.0138188,0.0325959
0.0225891,0.0151193,0.00597231,0.0316657,0.00751987,0.00766356
0.0187386,0.0125732,0.0147032,0.0564201,0.0166829,0.0187094
0.0447663,0.0249477,0.0351046,0.146354,0.0411492,0.0422622
0.0274006,0.0175501,0.0221928,0.144252,0.0376052,0.0227794
0.0220973,0.014551,0.00933109,0.030785,0.00679803,0.00589737
0.0108266,0.00758991,0.00486798,0.019108,0.00593503,0.00484324
0.011995,0.00787716,0.00858357,0.0383615,0.0101439,0.00992978
0.0167214,0.0115026,0.00509553,0.0307472,0.0086337,0.0198235
0.00907554,0.00600037,0.0038831,0.0224864,0.00369537,0.00589387
0.00806242,0.00531392,0.00280746,0.0236459,0.00486859,0.00506418
0.0273917,0.0178595,0.0121422,0.0961243,0.0277954,0.0522837
0.0168084,0.0112522,0.014595,0.0453626,0.0127237,0.0152981
0.0693987,0.0403511,0.021987,0.0956017,0.0227419,0.0253766
0.0154362,0.0100665,0.00608875,0.037801,0.0100015,0.00962711
0.00945274,0.0065083,0.00330419,0.0217525,0.00875809,0.0113088
0.0208083,0.013956,0.00679088,0.0362141,0.00896745,0.00962894
0.00471399,0.00320777,0.00450671,0.00952876,0.00313157,0.00626818
0.00819186,0.00554591,0.0027213,0.0240007,0.00528579,0.00573168
0.0432326,0.0256343,0.0183031,0.0837066,0.0207439,0.0101505
0.0181335,0.0121639,0.00537826,0.0272361,0.00735533,0.0113468
0.00788011,0.00530288,0.00596118,0.0393601,0.00994609,0.0129777
0.0103701,0.00682851,0.00276207,0.0186941,0.0031644,0.00116189
0.00993575,0.00701541,0.00438711,0.0122897,0.00533203,0.00340708
0.0297073,0.0194157,0.0105945,0.0573603,0.0142692,0.0171182
0.0249958,0.015902,0.00951577,0.0737248,0.0182356,0.0122829
0.0109426,0.00756693,0.00389208,0.0213683,0.00522054,0.013138
0.0531335,0.0313962,0.026669,0.112106,0.0279164,0.0377243
0.0214366,0.0142061,0.0242762,0.0854511,0.0223064,0.0596962
0.055416,0.0331075,0.0234656,0.120669,0.0318164,0.049729
0.00535468,0.0040129,0.00219353,0.0166494,0.00463358,0.0090824
0.0161514,0.0115842,0.00507327,0.0211163,0.00448674,0.00778772
0.0100396,0.00704942,0.00410955,0.0242893,0.00500955,0.00329485
0.00837867,0.00594934,0.00559154,0.0179686,0.00460467,0.00447635
0.0159587,0.0107703,0.00465422,0.0394441,0.0104028,0.0275411
0.0209605,0.0132052,0.0348503,0.211214,0.0553434,0.112959
0.0191323,0.0131218,0.00503163,0.027397,0.00599332,0.00805975
0.0138642,0.00599679,0.0128017,0.0546165,0.0160168,0.0200997
0.0193132,0.0105291,0.0176861,0.0772326,0.0194118,0.0264935
0.0212987,0.0137279,0.0203582,0.099232,0.0276835,0.0300376
0.00858093,0.00596435,0.00404334,0.0174764,0.00540244,0.00969044
0.0133266,0.00914984,0.00577222,0.0391131,0.00949186,0.00969627
0.0126409,0.00846848,0.00681411,0.0409698,0.0124473,0.0110733
0.0132249,0.00904191,0.00514759,0.0242358,0.00465153,0.00473027
0.0172441,0.0115133,0.00530482,0.0230967,0.00558765,0.00553025
0.00908368,0.00584999,0.00389261,0.0218153,0.00618941,0.00626726
0.0250368,0.0159782,0.0167456,0.0911705,0.0217148,0.0258783
0.0232388,0.0152559,0.00474778,0.0395429,0.00926674,0.00733209
0.0260073,0.0141596,0.00764682,0.0442825,0.0101494,0.010979
0.00846953,0.00584665,0.00246168,0.0089295,0.00355028,0.0035417
0.0325441,0.0207593,0.012487,0.0507596,0.0142828,0.0324154
0.0248296,0.0163756,0.0101852,0.0633173,0.0190192,0.019992
0.0402889,0.0261634,0.0146136,0.0539063,0.0166644,0.033094
0.0250746,0.0115843,0.00732147,0.0469045,0.0128876,0.0138257
0.0132622,0.00906507,0.00414131,0.0263494,0.00610968,0.00288887
0.0241617,0.0159644,0.00811809,0.0299492,0.00832012,0.0129193
0.0115729,0.00766154,0.0061837,0.0284477,0.00640422,0.0073632
0.0228582,0.0150387,0.0137672,0.0560776,0.0135716,0.0109873
0.0186001,0.0118832,0.00676869,0.0279092,0.00705935,0.00946073
0.0120994,0.00788996,0.00462824,0.0255697,0.00504106,0.00436012
0.0225342,0.0147313,0.0151217,0.0499458,0.0128453,0.00761609
0.00461848,0.00347906,0.00237955,0.0133407,0.00301794,0.00556894
0.00661255,0.00456912,0.00492169,0.0223829,0.00525002,0.00215427
0.0193321,0.0118816,0.00995655,0.0769951,0.0234923,0.0236818
0.0238427,0.0131145,0.0124448,0.0856248,0.0232135,0.0248739
0.0313095,0.0194439,0.0118347,0.0559772,0.0130937,0.0130128
0.0182259,0.0114696,0.0218953,0.119654,0.0326831,0.0394736
0.004913,0.00309131,0.00213825,0.0162141,0.00393355,0.00625374
0.00659755,0.00449001,0.00243141,0.00142879,-0.00136021,0.00526951
0.0542582,0.0308305,0.0160826,0.092661,0.0216053,0.0178432
0.00652244,0.00458063,0.00826553,0.0167876,0.00628325,0.00378706
0.0259948,0.0171654,0.00770935,0.0373521,0.00918939,0.00480139
0.0299764,0.0190043,0.00936328,0.0434184,0.0097197,0.0219394
0.0290819,0.0192385,0.00930948,0.0413169,0.00910803,0.0178373
0.0296624,0.0178651,0.0106983,0.063983,0.0181738,0.0269254
0.0182777,0.012243,0.0060523,0.0255265,0.0050768,0.0161454
0.0219522,0.0146721,0.0116259,0.0412705,0.0098576,0.0101807
0.0170895,0.0118693,0.00210417,0.0189502,0.0036464,0.0143924
0.0180794,0.0124252,0.00607773,0.00705365,-6.45327e-05,0.0148877
0.00941513,0.00629307,0.0036733,0.0118076,0.00336448,0.00168469
0.0179493,0.0120852,0.0279355,0.0962381,0.0289977,0.0882828
0.0385481,0.0249078,0.0106011,0.0517281,0.0141684,0.0432923
0.0185235,0.0111585,0.0150068,0.0857481,0.0225041,0.0129801
0.015678,0.0104709,0.00907412,0.0251994,0.00766325,0.00997085
0.0155969,0.0101546,0.0181591,0.0741839,0.018035,0.00787366
0.0262809,0.0170953,0.00918829,0.024637,0.00706824,0.0186734
0.0188587,0.0126973,0.00756901,0.0195468,0.00762414,0.0134054
0.00632331,0.00438841,0.0019336,0.0307892,0.00731545,0.00419823
0.0463928,0.0300133,0.0208984,0.0854896,0.0233796,0.0344612
0.0139668,0.00950682,0.00520244,0.0204068,0.00540199,0.00592828
0.016749,0.0115502,0.0110615,0.0691446,0.0192917,0.0273137
0.00470766,0.00355828,0.00260383,0.0107356,0.00327798,0.00347558
0.0137498,0.00909246,0.00534489,0.0175145,0.00351069,0.00173785
0.0270283,0.0170354,0.0227888,0.0941803,0.027513,0.0305125
0.011078,0.00794207,0.00369904,0.0140763,0.00355753,0.00725043
0.0110958,0.00739797,0.015421,0.0811913,0.0201263,0.00821708
0.0353097,0.0226314,0.0165491,0.0777669,0.019406,0.0217102
0.00936428,0.00656321,0.00747436,0.0352984,0.00953963,0.00829764
0.0194886,0.0129762,0.00592908,0.0280434,0.00774457,0.00567474
0.0202364,0.0138101,0.00615854,0.0273283,0.00803532,0.018532
0.0060781,0.00397289,0.00316787,0.0156638,0.00400427,0.00713226
0.0406497,0.0266753,0.0154893,0.0882333,0.0217441,0.0184779
0.0404222,0.0256623,0.0119549,0.0571925,0.01523,0.00617981
0.0169697,0.0116677,0.00598552,0.026963,0.00740667,0.00243374
0.0203127,0.0135771,0.00640237,0.0287247,0.00612408,0.014133
0.0288922,0.0195385,0.00956957,0.0292221,0.00671279,0.0058622
0.00594779,0.00411566,0.00840676,0.0358492,0.00887869,0.00847335
0.00755465,0.00517373,0.00323733,0.0140156,0.00379321,0.00737479
0.0328238,0.0212479,0.0149546,0.061497,0.018073,0.0258204
0.0193146,0.0128589,0.0106401,0.0288836,0.00743655,0.00815145
0.00482446,0.00329092,0.0028758,0.0234988,0.00609787,0.00329233
0.0383967,0.0233398,0.0141267,0.0983477,0.0262333,0.0222204
0.00482862,0.00331282,0.00165967,0.0111993,0.00274987,0.00141207
0.0167458,0.0115945,0.00782272,0.0462465,0.0131965,0.0111644
0.00529485,0.00350901,0.00362173,0.0184513,0.00320294,0.00349629
0.016383,0.0108842,0.00533872,0.0319188,0.00774846,0.00742502
0.0500345,0.0268765,0.0214975,0.0657993,0.01665,0.0317614
0.0452794,0.0269261,0.0197788,0.0559138,0.012227,0.027391
0.0343361,0.0224031,0.0191519,0.0707706,0.0187941,0.015736
0.00577803,0.00441125,0.00219078,0.00575516,0.000153534,0.0027737
0.00851375,0.00554067,0.00353747,0.0193014,0.00417553,0.0031379
0.00614886,0.00412938,0.00271302,0.0134461,0.00473916,0.0107742
0.0264151,0.0171498,0.00923371,0.0315892,0.00767027,0.00834548
0.0065486,0.00467751,0.00262293,0.00950956,0.00290313,0.00328202
0.00802189,0.00561883,0.00132071,0.0185509,0.00515633,0.00918302
0.0402439,0.0262594,0.0112701,0.0652385,0.0172015,0.0209002
0.00478201,0.00345116,0.0043354,0.027255,0.00794483,0.0133338
0.0108898,0.00744887,0.00462826,0.0236259,0.00712368,0.00660491
0.0051245,0.00344894,0.00224565,0.0187803,0.00389846,0.00198001
0.0412418,0.02013,0.0133833,0.0687008,0.018727,0.0166718
0.00949841,0.00676547,0.00421272,0.0204902,0.0067385,0.0089123
0.0239838,0.0161583,0.00588734,0.0268964,0.00671997,0.011317
0.0241868,0.0157302,0.00993005,0.0325194,0.00655547,0.0193184
0.00655927,0.00464748,0.00231114,0.0166817,0.00196354,0.00303071
0.00639458,0.00435545,0.00292927,0.0171798,0.00354867,0.00130303
0.0209999,0.0141231,0.0203545,0.0735913,0.0211407,0.0402784
0.0202101,0.0116802,0.0120007,0.0379304,0.00976008,0.0168694
0.0265632,0.0172789,0.0159736,0.0686651,0.020357,0.0215842
0.0374333,0.0236115,0.0121061,0.0666915,0.015005,0.0136858
0.00892173,0.00612571,0.00227526,0.016781,0.00551647,0.00560686
0.0253894,0.0122602,0.0073555,0.0437312,0.0147884,0.0136978
0.044802,0.0260164,0.0162249,0.0684168,0.0188565,0.0262719
0.00945313,0.00631346,0.00236429,0.0267274,0.00676277,0.00600905
0.00628801,0.00451435,0.00539098,0.0407804,0.011339,0.00365425
0.0447269,0.0290385,0.0165663,0.046549,0.0119775,0.0229733
0.00935137,0.00520931,0.00619743,0.0318788,0.00887338,0.00869262
0.0215384,0.0145088,0.00534386,0.0302682,0.00842434,0.0125757
0.00760073,0.00517715,0.00254693,0.0361996,0.00985397,0.00315338
0.0175174,0.0120743,0.00615092,0.0211922,0.00564879,0.00467846
0.0356616,0.0169682,0.0105714,0.0879328,0.0241169,0.0184677
0.0225482,0.0115185,0.0323671,0.150575,0.0393852,0.0413864
0.0153087,0.00565562,0.0092976,0.0521507,0.013998,0.00684677
0.00644477,0.0045709,0.00170395,0.0127722,0.00321563,-0.000142748
0.0306674,0.0186691,0.00856314,0.108086,0.0298181,0.0503505
0.0123631,0.00824964,0.0038615,0.0219207,0.00559585,0.0075275
0.0241777,0.0158598,0.012589,0.0637568,0.0159965,0.0304754
0.0331625,0.0222754,0.0123273,0.0595919,0.0169703,0.0282623
0.010542,0.00739899,0.00396232,0.0189488,0.00496876,0.00511033
0.0483178,0.0229761,0.0160587,0.0908893,0.0221424,0.0419655
0.0115114,0.00787602,0.003433,0.0304131,0.00809187,0.0162527
0.0232351,0.0157714,0.00990849,0.0349704,0.00779917,0.0308265
0.00629491,0.00451322,0.00215335,0.0230964,0.00526969,0.00893578
0.0229139,0.0154988,0.00786611,0.0330734,0.00893567,0.00701778
0.0174137,0.0118384,0.00553019,0.0229639,0.00556829,0.00557514
0.030992,0.0207746,0.0100201,0.0319006,0.00696504,0.00822852
0.0162038,0.0105741,0.00690954,0.0308735,0.00961787,0.0062018
0.0231944,0.0156314,0.00701203,0.0314726,0.00746255,0.016853
0.0200147,0.0135582,0.0111936,0.0568945,0.0159559,0.0135918
0.0132924,0.00647565,0.010098,0.0647776,0.0164321,0.0277198
0.0194172,0.00646847,0.0139106,0.0932291,0.0217959,0.0410935
0.0127963,0.00567444,0.00709529,0.0528105,0.0129492,0.0269008
0.0215843,0.0140595,0.00694332,0.034011,0.00852697,0.00685414
0.0185967,0.0123673,0.00929876,0.0472736,0.0109102,0.00597106
0.0227294,0.01522,0.0112525,0.0875864,0.0266555,0.0322855
0.012904,0.00882385,0.00662772,0.0195343,0.00339824,0.00375165
0.014282,0.00994959,0.00623339,0.0447777,0.0116428,0.0099991
0.0149329,0.0102453,0.00362217,0.0268861,0.00549043,0.0141174
0.0131435,0.00859172,0.00479126,0.021862,0.00598515,0.00601587
0.0521445,0.0275982,0.0637061,0.183399,0.0459409,0.0829698
0.0101931,0.00708702,0.00337551,0.0199007,0.00506402,0.00321345
0.0109819,0.00732069,0.0106576,0.0501254,0.0109436,0.0142314
0.00459774,0.00325281,0.00138786,0.0141265,0.00192479,0.0081088
0.00959926,0.0064829,0.00409783,0.0168839,0.00256448,0.00237821
0.0141304,0.00959017,0.00656059,0.0355747,0.00896305,0.00997029
0.0268801,0.0183921,0.0111791,0.0653134,0.0173367,0.0215553
0.00676353,0.00446639,0.00274278,0.0127682,0.00368588,0.00244106
0.0101288,0.0071133,0.00480638,0.0216865,0.00538205,0.00411859
0.0102252,0.00716157,0.00245626,0.0133339,0.0055495,0.00528392
0.0170052,0.0115657,0.00651522,0.0242408,0.00512198,0.0101069
0.00662939,0.00485681,0.0117282,0.037185,0.0109069,0.023773
0.0126005,0.00850304,0.00436156,0.0371056,0.0109963,0.0167564
0.0103108,0.00713608,0.00341439,0.0157988,0.00309474,0.0110875
0.0111625,0.00762453,0.00471538,0.0312808,0.00940138,0.00840508
0.00765243,0.00548348,0.00327798,0.00403878,0.000481941,0.0067615
0.0244521,0.0168692,0.00740227,0.0434709,0.0110607,0.0053905
0.00476383,0.00314556,0.00387525,0.0344873,0.00847164,0.00602221
0.0289936,0.018491,0.0171242,0.0429434,0.0117879,0.0198848
0.038888,0.0224261,0.0180185,0.0882424,0.0221262,0.0422596
0.0611173,0.0366255,0.0201166,0.081215,0.0213653,0.0371708
0.0121593,0.00844757,0.014761,0.091004,0.0223979,0.0290166
0.0677058,0.0329426,0.0272603,0.12275,0.0377291,0.0545928
0.00707182,0.00471343,0.00513325,0.0256739,0.00696818,0.00391544
0.0106201,0.00768635,0.00465277,0.0225902,0.00697728,0.00305754
0.014247,0.0100182,0.00693065,0.0334891,0.00904684,0.004912
0.0174862,0.0118294,0.00654433,0.0301758,0.00564891,0.00445924
0.0132573,0.00930056,0.00423619,0.0191655,0.00498584,0.00703368
0.0198215,0.0134679,0.00642183,0.0231736,0.00640344,0.00619136
0.0295186,0.0187187,0.0239443,0.114401,0.0280027,0.0539655
0.00914608,0.00650454,0.00414548,0.00944598,0.00275538,0.00390788
0.0298296,0.0191755,0.0104024,0.062913,0.0136961,0.0143882
0.0516599,0.0326358,0.015905,0.0765284,0.0212867,0.0158681
0.0276661,0.0182794,0.0169676,0.081277,0.0232015,0.0207341
0.0210509,0.0134556,0.0199632,0.0726863,0.0157237,0.0136463
0.026882,0.0174612,0.0107431,0.0521321,0.01126,0.0196748
0.0173717,0.0120329,0.00597748,0.0250725,0.00794468,0.00704051
0.00515672,0.00363183,0.00245085,0.0145174,0.00313338,0.003786
0.0229929,0.0158939,0.00915302,0.0389837,0.00628471,0.0185086
0.029833,0.01903,0.0272983,0.148048,0.0406525,0.0313629
0.00830101,0.00575432,0.0108137,0.0538679,0.0124802,0.0161246
0.0102416,0.00744438,0.0049907,0.0236848,0.00582691,0.0118875
0.00732107,0.00508854,0.00337968,0.0157336,0.00507374,0.0109721
0.0224442,0.0152368,0.0104092,0.0476893,0.0120517,0.0104031
0.00793055,0.0057057,0.00344906,0.0180532,0.00325092,0.00552832
0.0149618,0.010206,0.00451393,0.0254786,0.00771676,0.00744448
0.011094,0.00753545,0.00434702,0.0114341,0.00387653,0.00880727
0.0240447,0.0162389,0.00755256,0.0340504,0.00793287,0.00540842
0.00803709,0.00567449,0.00345477,0.0198758,0.00506934,0.000921965
0.00470483,0.0034985,0.0023465,0.0193319,0.00465763,0.00588807
0.0101658,0.00721779,0.00410811,0.0175393,0.00227508,0.00297513
0.0151203,0.0101319,0.0053457,0.0480338,0.0133962,0.0112106
0.0398703,0.0253498,0.0194236,0.0747305,0.0174281,0.0126965
0.0497911,0.0302689,0.0151712,0.0639505,0.0163978,0.0323858
0.0147062,0.0105899,0.00646228,0.0292239,0.00633807,0.00668863
0.00662866,0.00458416,0.00349773,0.0141175,0.00396292,0.00763668
0.0248219,0.0169018,0.0104503,0.0566818,0.0138956,0.0501532
0.0139192,0.00954082,0.00431771,0.0178523,0.00316323,0.00399898
0.037561,0.0234319,0.017597,0.0640794,0.0166345,0.0137861
0.0151213,0.00566187,0.00603546,0.0369413,0.00749491,0.00759079
0.0155424,0.00575758,0.00610802,0.0354437,0.00706851,0.00656839
0.0123562,0.00899637,0.0118581,0.0384542,0.0100443,0.0298247
0.0357346,0.0231811,0.0101104,0.0430595,0.0115514,0.00651798
0.00839569,0.00574676,0.00341996,0.0360277,0.00924759,0.00548647
0.0057266,0.00383956,0.00273909,0.0104143,0.00349854,0.00882348
0.0130022,0.00830049,0.0084639,0.0541119,0.0130676,0.0207232
0.00456766,0.0031084,0.00227616,0.01535,0.00260069,0.00240545
0.0139164,0.00948258,0.00464331,0.0278964,0.00607061,0.0040749
0.0123192,0.00840689,0.00398895,0.023132,0.00525286,0.0056294
0.0170425,0.0116263,0.00809315,0.0321973,0.00976158,0.00741645
0.0163471,0.0107447,0.00866607,0.0307759,0.00872101,0.00595864
0.0185825,0.0123321,0.00794993,0.0319005,0.0105736,0.0148172
0.0279047,0.0173609,0.0103405,0.0486446,0.0145542,0.0113741
0.0150949,0.0103585,0.0042724,0.025215,0.00653066,0.00794681
0.005299,0.00382812,0.00177621,0.0159639,0.00448277,0.0104345
0.0181565,0.0122669,0.00619146,0.0194187,0.00581728,0.00607116
0.0307314,0.0197833,0.011037,0.0144041,0.00298728,0.0200135
0.00666715,0.00459539,0.00407597,0.0303291,0.00876209,0.00654418
0.00774094,0.00515677,0.00386967,0.0187118,0.0048359,0.00624937
0.0177315,0.012216,0.00685734,0.00559768,0.00131455,0.0149048
0.0218855,0.011043,0.0136274,0.0519688,0.0136736,0.0155958
0.00715507,0.00478798,0.00253678,0.0154027,0.0035589,0.00576208
0.007751,0.00538781,0.00147253,0.0272304,0.00679649,0.00424448
0.0087493,0.00610992,0.00255834,0.0195116,0.00342799,0.00685235
0.00600969,0.0043418,0.00172166,0.0205996,0.00527536,0.00406821
0.0202682,0.0132545,0.00649272,0.0223875,0.00519894,0.00879281
0.0291405,0.0191432,0.0121796,0.0550434,0.0144658,0.0223713
0.00387925,0.0029664,0.00260949,0.008669,0.00305497,0.0019568
0.0538479,0.0282832,0.0237175,0.103411,0.026921,0.0457655
0.0160448,0.0107511,0.00465198,0.0165217,0.0045795,0.00266801
0.00514471,0.00368874,0.00216522,0.0187409,0.00398863,0.00675726
0.011784,0.00814527,0.00337314,0.0332979,0.00932152,0.00504457
0.0105273,0.00745847,0.00508308,0.0288049,0.00589116,0.00332238
0.0254708,0.0154518,0.0119699,0.0914814,0.0226096,0.0225315
0.033335,0.018947,0.0142429,0.0801382,0.0174754,0.0168401
0.00898706,0.00640853,0.00348318,0.0144637,0.00136896,0.00687609
0.0228985,0.0150897,0.0110394,0.0738675,0.0192463,0.0317108
0.00554808,0.00400893,0.00242297,0.00663001,0.0005799,0.00269329
0.0307831,0.0205711,0.0173942,0.0732869,0.0170784,0.0154582
0.0137177,0.00961903,0.00598181,0.0191032,0.00349218,0.00372648
0.00948659,0.00661901,0.0086294,0.0226094,0.00420682,0.00230718
0.0111427,0.00743262,0.00339221,0.0259799,0.00591861,0.00564725
0.0554142,0.0323835,0.018535,0.0788365,0.0191552,0.0247832
0.0127536,0.00889783,0.0026752,0.0215878,0.00738608,0.00490605
0.00604847,0.00425765,0.0030373,0.0193248,0.0043381,0.00420966
0.013513,0.00928934,0.00900304,0.0125641,0.00601645,0.00182574
0.0473338,0.0290854,0.017581,0.0702479,0.0185829,0.0308118
0.00933922,0.00655807,0.00345033,0.0207105,0.00480588,0.00563281
0.00594914,0.00438638,0.00374214,0.0133433,0.00285982,0.00305513
0.019577,0.0136271,0.00703156,0.0374907,0.00961161,0.0107618
0.0104656,0.00738351,0.013011,0.0419064,0.0121816,0.0248807
0.0273229,0.0177652,0.0119101,0.0675004,0.0187942,0.00885326
0.00976802,0.00675892,0.00368016,0.00344835,-0.000264199,0.00489323
0.00746761,0.00539174,0.00318019,0.0208982,0.00558421,0.00450289
0.025912,0.0172454,0.00904663,0.0415524,0.0120384,0.0161565
0.00973922,0.00679963,0.00456305,0.0191981,0.00544579,0.00526289
0.0108108,0.00711975,0.00434205,0.0251243,0.00733583,0.00275608
0.00745979,0.00527711,0.00321503,0.0110247,0.00211776,0.00353964
0.00979184,0.00641354,0.00377968,0.0135187,0.004151,0.00294406
0.0105815,0.00758249,0.00331172,0.0200642,0.0072411,0.00424876
0.0416872,0.0246458,0.0280557,0.132204,0.032188,0.0358833
0.0239474,0.0148098,0.00934936,0.0491975,0.0122573,0.0282924
0.0228911,0.0155882,0.00793678,0.035398,0.00863571,0.00613161
0.0297823,0.0200033,0.0125716,0.0501533,0.0136072,0.00798273
0.0379159,0.0239708,0.0170711,0.0916953,0.022677,0.0166739
0.0279329,0.0189577,0.00623244,0.031711,0.00923335,0.00573488
0.0253729,0.0166351,0.015525,0.0836365,0.0213187,0.032508
0.0155557,0.00971932,0.0146624,0.0877223,0.0245598,0.0368616
0.0106467,0.00720646,0.00395771,0.0218072,0.00600154,0.00694127
0.0145153,0.00966808,0.0051259,0.0249687,0.00644444,0.00618587
0.0113267,0.00757346,0.00231509,0.0231725,0.00418573,0.00552799
0.0125272,0.00881087,0.00516428,0.0189331,0.00605562,0.00466552
0.0196854,0.0134441,0.0103222,0.0340032,0.00972595,0.0064981
0.0172651,0.0113536,0.0164134,0.0611242,0.0145011,0.0392761
0.0148176,0.010101,0.00494677,0.0187316,0.00601355,0.00224432
0.0338339,0.0223735,0.0115902,0.054693,0.0141257,0.021225
0.0260358,0.0168582,0.0259113,0.130472,0.033873,0.0530894
0.0109145,0.00729873,0.00391841,0.0181129,0.00513196,0.0144226
0.0217041,0.015188,0.0109812,0.0511969,0.012479,0.0156182
0.00687779,0.00473189,0.00162297,0.0109946,0.00260105,0.0070761
0.010056,0.00708206,0.00322421,0.0130119,0.00451573,0.00249193
0.0232407,0.0158719,0.0175195,0.0861367,0.0226657,0.0240306
0.0345135,0.0221107,0.014367,0.0485629,0.0124626,0.0262558
0.025939,0.0136577,0.0081658,0.04978,0.0125207,0.0159692
0.0250047,0.0114461,0.00863164,0.0392339,0.00795506,0.00984137
0.00514477,0.00381546,0.00229842,0.0154571,0.00399777,0.00568346
0.0437232,0.0225763,0.0547168,0.244406,0.0588635,0.0893006
0.0176587,0.0122165,0.00563594,0.0221709,0.00416,0.00756439
0.0331649,0.0219223,0.0189414,0.0541229,0.0144305,0.0160329
0.0105228,0.00746893,0.00317229,0.0197491,0.00466981,0.00674523
0.00532786,0.00390745,0.00454643,0.0228724,0.0068964,0.00493814
0.0194912,0.0134537,0.00648437,0.0441991,0.013662,0.0285777
0.0103173,0.00681763,0.00744835,0.0247643,0.00708657,0.0219255
0.0233466,0.0151839,0.0153406,0.0683824,0.0193411,0.0244279
0.0175421,0.0120952,0.0156537,0.0570823,0.0143956,0.0222701
0.0844185,0.0434266,0.046266,0.195276,0.0488418,0.053725
0.0107501,0.00562489,0.00490772,0.0196735,0.00311222,0.00467001
0.00783039,0.00518303,0.00318471,0.0173238,0.00389385,0.00503079
0.0442592,0.0193789,0.0287525,0.112079,0.0287552,0.0325408
0.0463959,0.0193854,0.0291271,0.106727,0.0250314,0.0312306
0.0105199,0.00739728,0.00491974,0.0281542,0.00676173,0.00774498
0.0364629,0.0230071,0.0107886,0.0721559,0.0171339,0.0655376
0.0352583,0.0219707,0.0540162,0.164249,0.0395526,0.0407284
0.0195038,0.0137677,0.00453818,0.0266438,0.00581824,0.00726904
0.00557389,0.00407488,0.00129791,0.0169988,0.00430612,0.00952008
0.0295096,0.0179838,0.0192102,0.0965812,0.0252334,0.0389098
0.0143972,0.00545973,0.00633598,0.0273218,0.00613238,0.0103577
0.00823293,0.00565335,0.00874606,0.0384844,0.0107518,0.00936574
0.0112598,0.00772139,0.00343067,0.0259633,0.00778665,0.0116744
0.0167953,0.0115492,0.00532833,0.0298514,0.00812165,0.0042292
0.0101937,0.0059734,0.00458773,0.0294728,0.0115487,0.0100395
0.0214943,0.0138123,0.0179678,0.122327,0.0289314,0.020047
0.0240198,0.0159258,0.00855648,0.0258519,0.00802456,0.0121248
0.00897143,0.00608387,0.00763805,0.0393496,0.0126392,0.0171614
0.0199313,0.0136045,0.0121123,0.0404685,0.00917313,0.00841952
0.00480192,0.00316431,0.00289603,0.00845134,0.00252041,0.00136273
0.0124545,0.00817213,0.00397297,0.0174758,0.00392609,0.0068322
0.0118894,0.00781445,0.00424473,0.0263871,0.00793488,0.00758003
0.0212791,0.0128379,0.00819155,0.0402223,0.010176,0.0123283
0.00589144,0.00392705,0.0026203,0.0155114,0.00496444,0.00498228
0.0142553,0.00941305,0.00937294,0.0478782,0.0122899,0.00905808
0.0121292,0.00821058,0.00354656,0.0266088,0.0069341,0.00250943
0.013224,0.00916577,0.00409169,0.0273924,0.00574302,0.00882734
0.0145183,0.00931856,0.00517084,0.0318686,0.00582228,0.00516921
0.00981462,0.00662228,0.00354815,0.0177534,0.00456442,0.00238088
0.0282772,0.0117967,0.00996964,0.049775,0.0137385,0.0275171
0.040569,0.0154262,0.0157785,0.0614914,0.0147387,0.0382764
0.0273165,0.0135061,0.0118409,0.0423088,0.00916478,0.0250234
0.0343277,0.0220977,0.0153202,0.0801441,0.0229156,0.0243559
0.0170659,0.0107522,0.0251675,0.0601441,0.0166994,0.0479052
0.021805,0.00839319,0.0136191,0.0356243,0.00949118,0.0218111
0.0224121,0.00836644,0.0136091,0.0312193,0.00745709,0.0226725
0.0325398,0.0202393,0.0117095,0.0491551,0.0119018,0.00913704
0.00948803,0.00666234,0.00676311,0.0211856,0.00610238,0.0124945
0.0220245,0.0140172,0.00779443,0.0411719,0.00997514,0.0194515
0.0240269,0.0162333,0.0110272,0.0376023,0.0100363,0.0131792
0.0137935,0.00675057,0.00516898,0.0132495,0.00457668,0.00750672
0.0143271,0.00679454,0.00487614,0.00933268,0.00270699,0.00669166
0.0161984,0.0107243,0.00292247,0.0233328,0.00525588,0.00863858
0.0192971,0.013288,0.00642609,0.0278155,0.00522631,0.00572977
0.0307326,0.0198004,0.00899648,0.0566206,0.0126345,0.0108443
0.0403554,0.0269198,0.0102287,0.04154,0.012248,0.0127072
0.0180093,0.0126252,0.00707155,0.0198635,0.00471654,0.00447238
0.00538819,0.00413689,0.00225273,0.0207957,0.00580365,0.00204153
0.00581089,0.00387672,0.00369275,0.0221738,0.00500073,0.00997884
0.0313235,0.0182928,0.0441642,0.224491,0.055774,0.0931019
0.0162042,0.0106851,0.00519261,0.0403066,0.00818558,0.0045059
0.0374462,0.0241335,0.0224492,0.0803457,0.0202984,0.0129125
0.0190202,0.01292,0.00603304,0.0208586,0.0062492,0.00185079
0.0187422,0.00888724,0.0094986,0.0417655,0.0102108,0.0104921
0.037842,0.0221932,0.0159864,0.0420543,0.0114463,0.0109288
0.0302338,0.0199154,0.0149203,0.0769455,0.0216116,0.0289116
0.010931,0.00723484,0.00620359,0.0429811,0.00968624,0.00927238
0.0240213,0.0158915,0.0103884,0.0505482,0.010419,0.00467701
0.00613741,0.00395258,0.00441056,0.0150812,0.00560786,0.00460859
0.0182128,0.0122796,0.00749996,0.0338267,0.00926043,0.00563533
0.00480596,0.00340469,0.00227491,0.00839352,0.00262545,0.000867172
0.0338351,0.0186686,0.0239501,0.104781,0.0291426,0.0552042
0.0159255,0.0109438,0.00567468,0.0293283,0.00655889,0.00684151
0.0104313,0.00711252,0.0027275,0.00621748,0.000567196,0.00549557
0.0221322,0.0147035,0.0106821,0.0473857,0.0122975,0.0107972
0.0180359,0.0122715,0.00442833,0.0455777,0.0128894,0.0212183
0.0112236,0.00777434,0.00319014,0.0181431,0.0039142,0.00534384
0.0214513,0.0142839,0.00823018,0.046556,0.0110232,0.022766
0.0208605,0.0133502,0.00715061,0.0425001,0.0103398,0.00540505
0.00942573,0.00343509,0.00483531,0.0207102,0.00526912,0.00476314
0.0413417,0.0173992,0.0157516,0.0630849,0.0156615,0.0139902
0.0415526,0.0173887,0.0157693,0.0614389,0.0151157,0.013414
0.0163894,0.0111478,0.00563694,0.0233331,0.00537376,0.00787174
0.00966292,0.00722791,0.00458768,0.0180814,0.00689231,0.0132731
0.013998,0.00988152,0.00880632,0.0296371,0.00753221,0.0120888
0.00512609,0.00373108,0.00246558,0.0105516,0.0036439,0.00468738
0.0112995,0.00752519,0.00412197,0.0161615,0.00448886,0.00767483
0.0318027,0.0204229,0.0133945,0.0437462,0.0101496,0.00796104
0.0125996,0.00842287,0.00930012,0.0256688,0.00759234,0.00392822
0.012963,0.00887254,0.00444712,0.0212465,0.00392685,0.00452409
0.0423226,0.0248548,0.0172037,0.064058,0.0171589,0.0159671
0.0296033,0.0183592,0.023711,0.0789304,0.0195762,0.0167992
0.0216227,0.014173,0.00677078,0.0299214,0.00946083,0.0176863
0.00615042,0.00437044,0.00251554,0.0215596,0.00400665,0.00290053
0.0138185,0.00926956,0.00320666,0.0299569,0.00914323,0.0127175
0.0124614,0.00842784,0.0116171,0.0522358,0.0141795,0.0201743
0.0184936,0.0118068,0.0182594,0.0784905,0.0219653,0.0344204
0.0343231,0.0214748,0.0213474,0.056593,0.0133136,0.0184121
0.0253639,0.0167819,0.0201205,0.0711796,0.0194648,0.0113238
0.0335325,0.0195725,0.0268291,0.0744792,0.0199628,0.01267
0.0316861,0.0206731,0.0147197,0.0992632,0.0253712,0.0214477
0.0401181,0.0251475,0.0114137,0.0475889,0.0120291,0.0202536
0.0188569,0.0126977,0.00542294,0.0305954,0.00949132,0.00986358
0.0261295,0.0175172,0.0098292,0.0334811,0.00687768,0.00832685
0.00767161,0.00564414,0.00164626,0.0181035,0.00467695,0.00597894
0.0375297,0.0233997,0.0170172,0.0651519,0.0171115,0.0428558
0.0127172,0.00874369,0.00756164,0.0213934,0.00663952,0.00442407
0.023886,0.016144,0.0150139,0.0128436,0.00248787,0.0173995
0.004513,0.00321916,0.00287077,0.00996663,0.00241255,0.0024321
0.0334182,0.0222752,0.022514,0.0572309,0.0163303,0.0315221
0.0126745,0.00870828,0.00447032,0.0181302,0.00571962,0.00357754
0.00509665,0.00353374,0.00213727,0.0197757,0.00448587,0.00314957
0.026385,0.0140487,0.016368,0.0823025,0.0205562,0.0195125
0.0226453,0.0140148,0.0129803,0.056928,0.0110208,0.0132179
0.0102699,0.00688594,0.0040281,0.0172465,0.00442644,0.00201325
0.0228632,0.0154475,0.0112528,0.0674032,0.01953,0.0324184
0.00876526,0.00574134,0.00402863,0.019105,0.0050719,0.00226171
0.0139708,0.00917826,0.00468795,0.0304996,0.00636647,0.00731731
0.00600851,0.00412845,0.00293765,0.00831384,0.00330619,0.00239238
0.00889893,0.0063627,0.00357175,0.00967838,0.00338068,0.00524573
0.00485692,0.00361104,0.00721307,0.00623471,0.000865237,0.00916598
0.0185509,0.0124169,0.00585713,0.008969,0.00275941,0.00616712
0.048456,0.0278319,0.0283246,0.122401,0.0326047,0.058582
0.006424,0.00374702,0.00343982,0.0139468,0.00488722,0.00628713
0.0508309,0.0315453,0.0313071,0.107448,0.0260328,0.0675436
0.00807578,0.00569422,0.003376,0.0214658,0.00529226,0.0046503
0.0336538,0.019679,0.0147065,0.0639732,0.0202995,0.0202237
0.0161918,0.010646,0.00827403,0.0388218,0.00919841,0.00699033
0.0122271,0.00815147,0.00467218,0.0102551,0.00330234,0.00194179
0.0194762,0.0133654,0.00593726,0.0381863,0.00918794,0.0109201
0.0049071,0.00328682,0.00177089,0.00594586,-0.00016512,0.00407833
0.00666451,0.00500723,0.00243381,0.016021,0.00390065,0.00465775
0.0184006,0.0120198,0.00549051,0.0369964,0.0104542,0.00366412
0.0101403,0.00694563,0.00250004,0.0194462,0.00403702,0.00740046
0.0227895,0.0155328,0.0125515,0.0434431,0.0125198,0.0301419
0.0127558,0.00896341,0.00355592,0.0200156,0.00380074,0.00234926
0.0321762,0.0207799,0.00925108,0.0426564,0.0108875,0.0113144
0.0083133,0.00578558,0.00343375,0.0202402,0.00582528,0.00338569
0.0345352,0.0227687,0.0264436,0.0837616,0.0211692,0.00809601
0.0218043,0.0146375,0.00655564,0.0412127,0.0113614,0.00602347
0.0272941,0.0173438,0.0171294,0.07655,0.0199889,0.0230489
0.0124594,0.00863103,0.00432087,0.0306195,0.00884613,0.00771451
0.0110604,0.00775864,0.00209448,0.0203643,0.00607593,0.00726861
0.00848551,0.00458686,0.00354014,0.0180026,0.00591117,0.010697
0.0642942,0.0369444,0.0438595,0.205241,0.0523727,0.075192
0.0196993,0.0134731,0.00743886,0.0199395,0.00503029,0.00966574
0.00794027,0.00564624,0.00304429,0.0105375,0.00318693,0.00392977
0.0459728,0.0242016,0.056128,0.251332,0.0636534,0.0793323
0.00884807,0.00655106,0.00620106,0.0137535,0.00271763,0.00992709
0.0248001,0.0168006,0.0115427,0.0466,0.0126663,0.0200356
0.0330334,0.0214148,0.0127414,0.0331355,0.00886853,0.0142696
0.00711496,0.00496758,0.00316302,0.0227353,0.00372004,0.00728826
0.0454576,0.0269808,0.0323773,0.181752,0.0457743,0.0575375
0.00948925,0.00667267,0.00371676,0.0136236,0.00388931,0.00482129
0.0101833,0.00683832,0.00300159,0.0147899,0.00470286,0.00535524
0.00797929,0.00547899,0.00363036,0.0213819,0.00368868,0.00511607
0.0288058,0.0110426,0.029331,0.118149,0.0287615,0.0221356
0.0113274,0.00818368,0.00204471,0.0185487,0.0061395,0.00562941
0.0157549,0.00828326,0.0168963,0.0554113,0.0169786,0.0224206
0.0126029,0.00561039,0.00832126,0.0278497,0.00824395,0.00670401
0.0201641,0.0136127,0.00652325,0.0281932,0.00699336,0.00620483
0.0261725,0.0171856,0.0144651,0.053695,0.0135953,0.0109886
0.0133698,0.00796667,0.00443123,0.0208492,0.00578216,0.0113798
0.0140115,0.00861635,0.00510958,0.0143753,0.00490033,0.00848562
0.00785634,0.00548719,0.00306589,0.00960599,0.00216331,0.00279945
0.00538065,0.00317792,0.00243896,0.0133802,0.00364058,0.00154897
0.00961953,0.00605166,0.00312865,0.0143516,0.00375383,0.00226567
0.0049478,0.00356852,0.00216907,0.00279013,0.000378982,0.00373925
0.0309867,0.0204778,0.0115715,0.0630177,0.0161685,0.0113562
0.0463272,0.022568,0.016426,0.12169,0.0292119,0.0283695
0.0388392,0.0226505,0.0325197,0.169216,0.0423624,0.0564079
0.0196005,0.0139444,0.0128625,0.0428853,0.0118281,0.01956
0.0270897,0.0175452,0.00758075,0.0558886,0.0139297,0.0055089
0.0175765,0.0116681,0.00642416,0.0310774,0.00762915,0.00444346
0.00721962,0.00509363,0.0035437,0.0176597,0.00400475,0.00392562
0.0151922,0.0106132,0.0047952,0.0140412,0.00243372,0.00751151
0.00725968,0.00556964,0.00510544,0.011832,0.00364039,0.0036941
0.0154043,0.0103599,0.00543919,0.0247706,0.00560755,0.00375948
0.0786368,0.0313107,0.0607359,0.207342,0.0514602,0.087058
0.076995,0.0313733,0.0586523,0.1958,0.0461543,0.0807835
0.0265446,0.0170902,0.00889249,0.0692043,0.0145073,0.0150231
0.00892572,0.00623774,0.00338661,0.016782,0.00310596,0.00303588
0.00675161,0.00457732,0.00384819,0.0159658,0.00502088,0.0066845
0.0101862,0.0070914,0.00239278,0.0218494,0.00698869,0.00335732
0.00428343,0.00317706,0.00223703,0.018284,0.00425938,0.00255353
0.0133779,0.00939904,0.00348042,0.0286611,0.00590679,0.00272065
0.015045,0.0101555,0.00591416,0.0140646,0.0055546,0.00749145
0.0687553,0.0299683,0.0831672,0.366452,0.0882684,0.16565
0.00489279,0.00365033,0.00463809,0.0306902,0.0103708,0.00706973
0.018274,0.0101891,0.0056922,0.0452224,0.0115432,0.00854497
0.0300402,0.0197879,0.0128977,0.0969021,0.0265129,0.0464303
0.0155442,0.0103525,0.00741249,0.0458052,0.0110611,0.00579331
0.00938567,0.00593226,0.00696351,0.0323559,0.00687261,0.00853289
0.0113578,0.00761597,0.00468217,0.0256362,0.00729063,0.006368
0.018148,0.012075,0.00482827,0.0244886,0.00549965,0.00837251
0.0063062,0.00449007,0.00360787,0.0165953,0.00286657,0.0069239
0.00933771,0.00615057,0.00510797,0.0128209,0.00334656,0.00204022
0.0230022,0.014997,0.00828565,0.0256522,0.00773169,0.0079347
0.010818,0.00539273,0.00379723,0.0189299,0.00412679,0.00235485
0.0138629,0.00928506,0.0138569,0.046887,0.0134318,0.00804484
0.0169872,0.0113414,0.00543264,0.0180804,0.00463367,0.00757917
0.0107698,0.0071784,0.004074,0.0253694,0.00777382,0.00469397
0.016206,0.0109214,0.00487419,0.0256656,0.00742267,0.00940283
0.0211627,0.0139058,0.00604555,0.0213889,0.00456256,0.00879925
0.0346874,0.0219766,0.016113,0.0525036,0.0145104,0.0153224
0.0111915,0.00740948,0.00521467,0.0251298,0.00596747,0.00558553
0.0301244,0.0197202,0.0205308,0.0728075,0.0212635,0.0198502
0.0100887,0.00713006,0.00402529,0.01945,0.00652701,0.00562623
0.00803475,0.00515853,0.003185,0.0134304,0.00334133,0.00921754
0.00696697,0.00491669,0.00512755,0.0189091,0.00386311,0.00128819
0.0107653,0.00734641,0.00239117,0.0152438,0.00443059,0.00291451
0.0140901,0.00988407,0.0159191,0.0951015,0.0265398,0.0189008
0.0145605,0.00990743,0.00870336,0.0378785,0.00886257,0.0134122
0.0266977,0.0187219,0.011906,0.0488017,0.0139539,0.0145091
0.0104943,0.00746818,0.00311368,0.0163793,0.00438463,0.00391062
0.0135383,0.00899404,0.0146634,0.0677348,0.0187531,0.013324
0.0251003,0.0165036,0.00736589,0.0379513,0.00995958,0.0139829
0.0305024,0.019925,0.00768881,0.0443545,0.0102065,0.0096222
0.00926543,0.0065542,0.00339327,0.0195577,0.00472429,0.00123569
0.0331582,0.0200765,0.0156793,0.0764788,0.0187986,0.0199482
0.0060472,0.00416213,0.00498388,0.0297311,0.00819862,0.0140627
0.00568315,0.00317828,0.00271769,0.0187208,0.00524294,0.00913307
0.0564605,0.0319471,0.0426236,0.18274,0.0457545,0.0486172
0.0144435,0.0097196,0.0057215,0.0274309,0.00754773,0.0117304
0.013177,0.00514439,0.00471585,0.0364384,0.0126164,0.00953453
0.0564143,0.0347017,0.0193234,0.0824789,0.0175616,0.0244988
0.0281445,0.0183286,0.00999258,0.0482757,0.0114312,0.0102663
0.011528,0.00761105,0.00348161,0.0215592,0.00554249,0.00235407
0.0160821,0.010386,0.00532293,0.0241434,0.00597012,0.0149483
0.00660162,0.00470609,0.00682211,0.0300243,0.0077903,0.0106283
0.0207666,0.0100287,0.00857822,0.0455435,0.0129913,0.0100483
0.0150493,0.0102053,0.00509237,0.0318405,0.00767265,0.00456126
0.0140773,0.00940145,0.00413044,0.0317252,0.00652571,0.0094462
0.0193584,0.0132346,0.0148882,0.0624987,0.0156994,0.0133555
0.00859752,0.00571761,0.0025907,0.0132676,0.00311865,0.00414188
0.0100234,0.00681202,0.0046652,0.0208033,0.00567497,0.0137147
0.00612851,0.0041009,0.0051529,0.00693171,0.00194137,0.00356152
0.050556,0.0282419,0.0307446,0.135885,0.0321044,0.0370892
0.0105244,0.00690577,0.00242076,0.0251591,0.00536168,0.00727934
0.0151148,0.0104148,0.00486583,0.0296526,0.00651731,0.00425622
0.00725963,0.0049804,0.00278583,0.00742751,0.00208753,0.00565506
0.00941686,0.00663542,0.00439041,0.015487,0.0035127,0.00408366
0.0374412,0.0187429,0.0118947,0.0527995,0.0157583,0.014896
0.0461452,0.0265052,0.0146587,0.0603186,0.0170375,0.0176701
0.0199278,0.0127639,0.0226649,0.0925068,0.0238072,0.0372178
0.0123003,0.00851889,0.00649326,0.0251323,0.00484545,0.00638029
0.0119978,0.00769491,0.00560973,0.020611,0.00405732,0.00316309
0.0207107,0.0134469,0.00616078,0.0471855,0.0114572,0.0100569
0.0147211,0.00997135,0.00326028,0.0317007,0.00914857,0.0080472
0.0165771,0.0111096,0.00565491,0.0262709,0.00741687,0.0148388
0.00956124,0.00631508,0.00433557,0.0207353,0.00522832,0.00425254
0.051345,0.0282499,0.0397362,0.141954,0.0382964,0.093026
0.0121903,0.00849009,0.00370213,0.0214033,0.00489173,0.00697317
0.0277701,0.0181886,0.0153878,0.0826462,0.019642,0.0180994
0.0103445,0.00731807,0.0058967,0.0440816,0.0100439,0.0119101
0.0258689,0.0171332,0.00807189,0.0326078,0.00801359,0.0049958
0.005695,0.00409272,0.00214165,0.0127914,0.00192766,0.00393678
0.00949005,0.00664837,0.00378533,0.0147022,0.00440969,0.00510408
0.00938385,0.0062442,0.00394961,0.0115626,0.0032664,0.00653163
0.0118606,0.00821662,0.0049991,0.0210641,0.0065414,0.0052604
0.0205055,0.0141709,0.00813165,0.0527555,0.0133034,0.0203057
0.0243173,0.0163314,0.00637132,0.0408332,0.00892899,0.00660178
0.00529552,0.00349869,0.00291492,0.0138838,0.00450433,0.00106601
0.0111609,0.0050709,0.00552859,0.0245489,0.00585854,0.00337827
0.0132634,0.00934278,0.00374824,0.0276636,0.00690353,0.00911421
0.0122437,0.00858737,0.0043443,0.0160074,0.0056326,0.0054195
0.0166531,0.0113768,0.00567272,0.0272572,0.00571285,0.0138696
0.0224411,0.0145949,0.0139412,0.0449006,0.0130047,0.0192104
0.0152743,0.0102524,0.00962215,0.0482277,0.012615,0.0136805
0.0123141,0.00859288,0.00706404,0.0337173,0.0082332,0.00943506
0.014133,0.00765885,0.00410964,0.0315326,0.00769874,0.00384713
0.0151797,0.00978243,0.00713834,0.0316847,0.00869123,0.0146115
0.0425991,0.024763,0.0227322,0.113732,0.0273181,0.0379999
0.00594162,0.00396116,0.00344636,0.017054,0.00425032,0.00336847
0.00502654,0.00355998,0.00998044,0.0136187,0.00264815,0.00289567
0.0386457,0.0247707,0.0136154,0.0518575,0.0129862,0.0270844
0.014743,0.0100236,0.00547597,0.0254313,0.00642337,0.00923013
0.00948061,0.00649174,0.00318752,0.0117424,0.00288227,0.00568623
0.0296805,0.019985,0.00856342,0.0351248,0.00888784,0.0253904
0.00495714,0.00324137,0.00187397,0.00908452,0.00268525,0.0032155
0.0100431,0.00653128,0.00378709,0.0140592,0.00591938,0.00814146
0.0064342,0.00413922,0.00223442,0.0360751,0.0101819,0.00249485
0.0150455,0.0104355,0.0046517,0.0183926,0.00459965,0.0107616
0.0180284,0.0123968,0.00630161,0.037445,0.0101811,0.0108479
0.0120159,0.00829307,0.0042685,0.0191862,0.00459918,0.00207079
0.0201271,0.0134725,0.00545281,0.0207411,0.00678277,0.00492853
0.00616013,0.00415451,0.00240562,0.0117674,0.00247109,0.00175653
0.0334477,0.0208286,0.0256315,0.0903534,0.0243738,0.0273997
0.0162387,0.0103881,0.00630089,0.0266907,0.00765987,0.00987284
0.019283,0.0128741,0.0066926,0.0210801,0.00777266,0.00538673
0.0111921,0.00763537,0.00387425,0.0115549,0.00312554,0.00738196
0.00940268,0.00663606,0.00502422,0.0150865,0.00474173,0.0026155
0.01412,0.0097247,0.00441383,0.0252276,0.00660862,0.00367579
0.0299951,0.0191822,0.0129636,0.0509945,0.0133942,0.0164158
0.0193174,0.0129266,0.0125406,0.0476253,0.0104772,0.00705056
0.00664874,0.00436181,0.00308694,0.00711441,0.0023997,0.00228339
0.0336349,0.0219733,0.0119558,0.055524,0.0147886,0.0176751
0.00797068,0.00529264,0.00247975,0.0228839,0.00529383,0.0015651
0.0117558,0.00812245,0.00448133,0.0208155,0.00575282,0.00653428
0.0403384,0.0169926,0.0128375,0.0353121,0.00677879,0.0102795
0.0485074,0.0279892,0.0225463,0.100933,0.0259631,0.042734
0.0264195,0.0175265,0.0123463,0.048868,0.0113553,0.0181344
0.00925048,0.00598654,0.0033451,0.0225748,0.00551332,0.0031264
0.0252429,0.0173559,0.0121397,0.0530372,0.0146696,0.0147384
0.0243608,0.0161854,0.0207053,0.0892705,0.0226935,0.0342275
0.011463,0.00819033,0.0036234,0.018194,0.00324474,0.00349123
0.0191213,0.0127733,0.00680356,0.0288811,0.00817328,0.0209318
0.0209612,0.0130332,0.0303992,0.0930038,0.0254408,0.0264063
0.00530323,0.00364377,0.00196012,0.021929,0.00517618,0.00104428
0.0504383,0.0228756,0.0156613,0.0751786,0.0181002,0.0143994
0.0515069,0.022761,0.0158083,0.0749799,0.018523,0.0133727
0.0219223,0.00831504,0.0135032,0.06583,0.0142743,0.0258288
0.0321596,0.0205649,0.0122539,0.0533557,0.0155036,0.0234129
0.0204308,0.0120344,0.00793558,0.052338,0.0123954,0.0211699
0.0069161,0.005047,0.00334049,0.0240105,0.0065571,0.00230002
0.0135487,0.00930242,0.00430583,0.026817,0.00699039,0.00911392
0.0145525,0.0102014,0.00309674,0.0276411,0.00638874,0.00259862
0.00833736,0.00565212,0.0101598,0.00837468,0.00273984,0.0209124
0.0182957,0.0123728,0.00498056,0.0433749,0.0102366,0.00262196
0.0115004,0.00823856,0.00732354,0.0314194,0.00874991,0.010698
0.0376542,0.0241184,0.0109562,0.0477844,0.0133853,0.00660259
0.0140222,0.00913197,0.00692917,0.0244587,0.00279535,0.00487285
0.0246111,0.0165952,0.00888866,0.0396245,0.0110985,0.00826413
0.00536467,0.00394815,0.00201041,0.00915761,0.00198302,0.00288981
0.0170284,0.0110474,0.00620369,0.00751074,0.00139918,0.0185673
0.0357837,0.0178594,0.0174811,0.0615934,0.018034,0.0173914
0.0327916,0.0150522,0.0150959,0.0454033,0.0108331,0.0167695
0.00556828,0.00373061,0.00293573,0.0125759,0.00255514,0.00222519
0.0261609,0.0159204,0.0177995,0.0868234,0.0234635,0.0288598
0.0576396,0.0273858,0.154422,0.547278,0.140878,0.272321
0.0140686,0.00974569,0.00481925,0.0153805,0.00369153,0.00601708
0.0204116,0.013811,0.013122,0.0606733,0.0157979,0.0138293
0.0249503,0.0161989,0.0167892,0.0775613,0.0186165,0.0271832
0.00486014,0.00364935,0.00202975,0.00814794,0.00167995,0.000945942
0.0319427,0.0190592,0.00916664,0.0375859,0.00847441,0.0112031
0.034588,0.0176092,0.0170152,0.0752157,0.0209624,0.0222965
0.0385288,0.0176157,0.0181328,0.0749457,0.0206401,0.0246234
0.0141402,0.00963016,0.00434897,0.0215694,0.00654752,0.0169093
0.0155095,0.0101614,0.00428716,0.0191543,0.00341739,0.00276705
0.0176424,0.0117294,0.00460677,0.0279981,0.00741886,0.00639035
0.00880221,0.00644321,0.009872,0.0213581,0.00544159,0.00581819
0.010695,0.00713906,0.00448839,0.0219134,0.00647727,0.0099367
0.00667884,0.00512713,0.00620594,0.0290436,0.00523354,0.00282214
0.0069899,0.00497089,0.00290236,0.00982341,0.00350573,0.00145682
0.0102635,0.00700625,0.00444929,0.0110716,0.00475908,0.00980826
0.0119375,0.00788083,0.00424194,0.0203517,0.00698422,0.00320904
0.0207421,0.0137855,0.00693793,0.0264731,0.00650568,0.0134802
0.0241481,0.0105024,0.0081603,0.0564307,0.0150866,0.0148039
0.0292105,0.0128095,0.00895632,0.059513,0.0138041,0.0171194
0.0152704,0.0103057,0.0113553,0.0419846,0.0112151,0.0109098
0.00571478,0.00371892,0.00413447,0.013897,0.00284672,0.00197717
0.00692102,0.00505034,0.00533209,0.0226985,0.00533167,0.00423225
0.0314879,0.0174862,0.00788964,0.0531283,0.0136826,0.0226148
0.0115173,0.00735416,0.00394961,0.0207485,0.00512726,0.00281682
0.0101893,0.00686522,0.00357245,0.0176276,0.00568567,0.00178962
0.0076565,0.00384868,0.00296471,0.0177166,0.00520693,0.00560965
0.0133438,0.00909436,0.00427488,0.0170213,0.00465047,0.0105023
0.0214795,0.014614,0.00746858,0.0290593,0.00835179,0.00558624
0.0205153,0.0141483,0.00602356,0.0306861,0.0104262,0.00462913
0.0370504,0.0220939,0.0186107,0.0421396,0.0110199,0.0175153
0.0277147,0.0176887,0.00840295,0.0370637,0.00853281,0.00938474
0.0136937,0.00937428,0.00426586,0.0165481,0.0046413,0.00244081
0.0160288,0.0105911,0.00717507,0.0307851,0.00705595,0.00301587
0.0251974,0.0165923,0.0125241,0.0622263,0.0143106,0.0157175
0.0114759,0.00760471,0.00253604,0.0169958,0.00659496,0.00479323
0.00816114,0.00558464,0.00216681,0.013794,0.00464633,0.0059813
0.0252155,0.0174772,0.00847311,0.0224215,0.00737902,0.00888016
0.0223989,0.0147138,0.0189346,0.0749952,0.0194723,0.045595
0.011895,0.00811445,0.00300486,0.0173977,0.00490619,0.00960323
0.0172533,0.0111982,0.00531109,0.0282936,0.00567531,0.00663883
0.0104105,0.00694197,0.00398074,0.014581,0.00475432,0.000547992
0.00623392,0.00473187,0.00261163,0.0126191,0.00321269,0.00300651
0.0328928,0.0198867,0.0277726,0.0853512,0.0247391,0.0492254
0.0165568,0.00720438,0.00674245,0.0393703,0.0100999,0.00925315
0.0177904,0.00798806,0.00675113,0.0375786,0.00947673,0.0102577
0.027806,0.0181058,0.00954195,0.0518593,0.0106389,0.00661828
0.00745016,0.00508461,0.00236035,0.0150179,0.00647402,0.00795574
0.0291838,0.0191007,0.0100242,0.0312598,0.0103291,0.00800552
0.016575,0.0115619,0.00514704,0.0225419,0.00556923,0.00482115
0.0169433,0.0111175,0.00544551,0.0227939,0.00624162,0.00533224
0.00542226,0.0039985,0.0035097,0.00143697,0.0014778,0.00765056
0.0185277,0.0122363,0.0147144,0.0668765,0.016371,0.00736596
0.0109333,0.00760238,0.00230585,0.017789,0.0034519,0.00405778
0.0135994,0.00924144,0.00417734,0.0223864,0.00508854,0.0173314
0.0424726,0.0261294,0.0328525,0.127627,0.032918,0.0348732
0.0298084,0.0192463,0.00740971,0.0540972,0.0128567,0.00731497
0.0131659,0.00914802,0.00299034,0.0173279,0.00262677,0.00772645
0.00418854,0.00316231,0.00201535,0.0096882,0.00185693,0.00135776
0.016746,0.0117145,0.00517457,0.0297011,0.00767912,0.0129777
0.0120829,0.00853763,0.0100437,0.0363061,0.00832655,0.0104039
0.0110161,0.00765951,0.00350479,0.0176233,0.00562998,0.00203669
0.026852,0.0178642,0.0120235,0.0287719,0.00911406,0.0132382
0.0143663,0.00976409,0.00734207,0.0217414,0.00708908,0.00818937
0.0388055,0.0226748,0.0339343,0.141692,0.0364893,0.0368386
0.0159285,0.0105821,0.00479393,0.0385973,0.0111478,0.0094222
0.0261498,0.0167551,0.00828377,0.0452626,0.010738,0.0165441
0.0294452,0.0196876,0.00789174,0.0506721,0.0126182,0.00791016
0.0256341,0.0165712,0.0179992,0.0581982,0.017644,0.0217254
0.0270105,0.0133495,0.0131355,0.0668112,0.0176856,0.0116392
0.0188112,0.0122494,0.00955182,0.0585582,0.0137668,0.0251624
0.0124193,0.00858466,0.00370079,0.0171512,0.00482484,0.00636617
0.00917968,0.0063165,0.00311471,0.0170145,0.00638712,0.00747031
0.0109944,0.00578043,0.00484716,0.00952302,0.00365747,0.00459752
0.00848015,0.00351554,0.00365311,0.00274996,0.00182321,0.00421085
0.00808473,0.00547687,0.00297724,0.0171243,0.00505785,0.00216833
0.00864995,0.00579463,0.0032133,0.0216116,0.00626139,0.00399321
0.0339328,0.021129,0.0122879,0.0789742,0.0191039,0.0172124
0.00969698,0.00684861,0.00196858,0.0253565,0.00815626,0.014529
0.0127232,0.00878841,0.0169277,0.0513073,0.0130584,0.00695648
0.0161571,0.0109178,0.0056171,0.0282104,0.0103089,0.00438992
0.00595236,0.00426065,0.00202397,0.0143435,0.00295423,0.00278222
0.00776719,0.00536019,0.00366724,0.0105037,0.00400849,0.00986241
0.0140934,0.00902296,0.00424948,0.0247348,0.00592891,0.00934992
0.0149988,0.0101129,0.00399949,0.0393054,0.00977593,0.00994978
0.00558781,0.00376135,0.00352328,0.0135185,0.00376035,0.00450089
0.00510243,0.00336684,0.00804922,0.0556475,0.013458,0.0284178
0.0120334,0.00800477,0.00803418,0.0412385,0.0102726,0.0104494
0.00836079,0.00553744,0.00261692,0.0200941,0.00327444,0.00343692
0.0118806,0.00802638,0.00418888,0.0232963,0.00508553,0.00869217
0.00781035,0.00543887,0.0025552,0.0133033,0.0023704,0.00216907
0.0150748,0.0107826,0.00722655,0.0104943,0.000929269,0.012943
0.00576784,0.00388599,0.00263813,0.013115,0.00326992,0.00226347
0.0295013,0.0199242,0.0112632,0.0526776,0.0148363,0.0147237
0.0182956,0.0128134,0.0050144,0.0291536,0.00713675,0.00450582
0.0355745,0.022722,0.0214099,0.0910966,0.0218248,0.0580617
0.00637517,0.00467667,0.00288544,0.000517903,0.00100534,0.00455237
0.0118979,0.00818994,0.00518518,0.0286346,0.00700098,0.0103728
0.0137878,0.00900992,0.00472039,0.0164709,0.00436102,0.00426725
0.00512565,0.00357407,0.00209378,0.00883664,0.00369306,0.00266734
0.0196026,0.0127648,0.00490832,0.0416252,0.0102751,0.00457832
0.00715885,0.0050462,0.00303909,0.0128214,0.00269731,0.00125467
0.0193253,0.0133405,0.00763666,0.0192141,0.00441603,0.00421172
0.013227,0.00930067,0.00543638,0.0189796,0.0048875,0.00355006
0.0233285,0.0149685,0.0211095,0.0980787,0.0246778,0.0514227
0.00960012,0.00663571,0.00371445,0.0211157,0.00476623,0.00291619
0.0125928,0.00846083,0.00284064,0.0232243,0.00525665,0.00188103
0.0115109,0.0073972,0.00570732,0.024082,0.00662374,0.0122599
0.010776,0.00716149,0.00370628,0.0324894,0.00782255,0.00508336
0.00876249,0.00477957,0.0031577,0.0268362,0.00759297,0.00281394
0.00743649,0.00303822,0.00261014,0.0165587,0.00414458,0.00191381
0.00760224,0.00519962,0.00233013,0.0136251,0.00462603,0.0043196
0.00568912,0.00382827,0.00274564,0.0152408,0.00329151,0.000553441
0.00602988,0.00421452,0.00325715,0.0152905,0.00485174,0.00288691
0.0115173,0.00783113,0.00366401,0.0198521,0.00389835,0.00432154
0.0374901,0.0200794,0.0130202,0.0569463,0.0161334,0.0192064
0.00960208,0.00680648,0.00340385,0.0168749,0.00534277,0.000100935
0.042674,0.0277354,0.0331211,0.114057,0.031431,0.0596521
0.018717,0.0126623,0.00488934,0.0236393,0.00575922,0.00455477
0.00606965,0.0045893,0.00204404,0.0195856,0.00419975,0.0140279
0.0198419,0.0129817,0.0192326,0.0860576,0.0245647,0.0527145
0.00721346,0.00464225,0.00463747,0.0127392,0.00310403,0.00375869
0.00891036,0.0064306,0.00441107,0.00880853,0.00309444,0.00244198
0.00788832,0.00546221,0.00658841,0.0195338,0.00328896,0.0112501
0.00937892,0.00608471,0.00363576,0.0313298,0.00636401,0.00579731
0.0220392,0.0143126,0.00717567,0.0270165,0.00750097,0.00784373
0.0196236,0.0128044,0.00694615,0.0423052,0.00817305,0.00871535
0.0271491,0.0168137,0.0140821,0.0603684,0.0164146,0.0138362
0.0207643,0.0144008,0.00603336,0.0237904,0.00552646,0.00226755
0.0118811,0.00817775,0.00469969,0.0249755,0.00646101,0.00528762
0.00658741,0.00474786,0.00260131,0.0172403,0.00290912,0.0105971
0.00624823,0.00463318,0.00346417,0.00787193,0.00302386,0.00402028
0.023171,0.0155581,0.00759233,0.0298862,0.00918812,0.00835004
0.0197979,0.0131295,0.00912965,0.0411179,0.00896632,0.0133765
0.00598117,0.00413582,0.00267709,0.0195367,0.00419763,0.00600347
0.0592629,0.0267849,0.0363437,0.167029,0.0392932,0.0714
0.0055512,0.00411023,0.00268484,0.00617458,0.000611717,0.00417503
0.0117012,0.0083228,0.00465231,0.0205153,0.00575936,0.00352742
0.0652052,0.0234864,0.0218498,0.128712,0.0297426,0.0304157
0.0664691,0.0233863,0.0235218,0.132952,0.0305183,0.0316465
0.0171105,0.00741283,0.0130969,0.0402335,0.00977082,0.014621
0.0051394,0.0033598,0.00712571,0.0342183,0.00860857,0.00413146
0.00584361,0.00440891,0.00287008,0.00494925,0.000872753,0.000988463
0.00822484,0.00544083,0.00301788,0.01627,0.00487175,0.00401389
0.016318,0.0110803,0.00550648,0.0267035,0.00667823,0.014326
0.0105896,0.00717167,0.00341199,0.0119453,0.00395426,0.00945473
0.0192968,0.0130703,0.0130805,0.0554462,0.0133523,0.010174
0.0164255,0.0110279,0.00422973,0.0196615,0.00553013,0.00408611
0.00628113,0.0042687,0.00385853,0.0110704,0.00361843,0.00250211
0.0040639,0.00299222,0.00339269,0.00798775,0.00321451,0.00344755
0.0177165,0.0121816,0.00787013,0.0438223,0.0121658,0.00962333
0.0094417,0.00635955,0.00499017,0.0246448,0.00579423,0.00234814
0.00757134,0.00513719,0.00318984,0.0149248,0.0040198,0.00628204
0.0124519,0.00833482,0.00329519,0.0327118,0.00745073,0.00331882
0.0225136,0.0125706,0.00737988,0.0484943,0.012691,0.0102823
0.0125736,0.00848158,0.00443267,0.0190928,0.00494935,0.0128383
0.00748676,0.00514891,0.00331792,0.0110199,0.00333899,0.00185904
0.027279,0.0181151,0.00840313,0.0480272,0.0116247,0.00855692
0.0131844,0.00935984,0.00389299,0.0220229,0.00545459,0.00453019
0.0150109,0.0103577,0.00550534,0.0183648,0.00455726,0.00678917
0.00951706,0.0065353,0.00486121,0.0117225,0.00348382,0.0121822
0.051739,0.0274394,0.0356507,0.139924,0.0367848,0.0750796
0.0247791,0.0166694,0.00946741,0.0102114,0.00135808,0.00890796
0.00938129,0.00643675,0.00500269,0.0204752,0.00487659,0.00427768
0.0141748,0.00999758,0.00525329,0.0237715,0.00666934,0.00470474
0.0357306,0.0227566,0.0134697,0.0725461,0.016403,0.0203223
0.0307067,0.0204368,0.0103411,0.0589194,0.0177598,0.0299647
0.0416226,0.0233996,0.0131529,0.0692994,0.0194019,0.027856
0.00437898,0.00302589,0.00241938,0.0161734,0.00332118,0.00360843
0.0083728,0.00558248,0.00519311,0.0203117,0.00481029,0.00756354
0.00968129,0.00635449,0.00271449,0.0226744,0.00482707,0.00483321
0.017725,0.0116483,0.0180454,0.0314947,0.00699339,0.0227953
0.0183965,0.0125198,0.00671755,0.0325314,0.0078988,0.010015
0.0437372,0.0271234,0.0217984,0.100793,0.0234141,0.0347608
0.0137282,0.00950113,0.00420246,0.0298596,0.00729163,0.0132668
0.0209806,0.0140421,0.0147948,0.0808694,0.0193294,0.014489
0.017351,0.011817,0.00583713,0.0199259,0.00487784,0.00771545
0.0148443,0.0101939,0.00554458,0.0204621,0.00692004,0.00537454
0.0182338,0.00814642,0.00527931,0.0271578,0.00832477,0.00689508
0.0247323,0.0131604,0.00740709,0.0344812,0.00884916,0.00626161
0.0299061,0.018251,0.0162664,0.0778634,0.0182491,0.0418316
0.0184951,0.0128409,0.00522032,0.021947,0.00469698,0.00303991
0.00839292,0.00607358,0.00323641,0.0128775,0.00517639,0.00965071
0.0433696,0.0219812,0.0183846,0.100685,0.027826,0.0181843
0.0397315,0.0181605,0.0175904,0.0879876,0.0201527,0.0174698
0.02014,0.013024,0.00675834,0.0314997,0.00748657,0.0117648
0.0112583,0.00761782,0.00454599,0.0265378,0.00618249,0.0052715
0.0355169,0.0227458,0.0354619,0.130123,0.0338764,0.118511
0.030525,0.0194012,0.00978889,0.0734805,0.0193,0.01379
0.0245686,0.0167878,0.0116289,0.0535223,0.011044,0.0222237
0.0159081,0.0106762,0.00468347,0.0262946,0.00767221,0.0060267
0.00806723,0.00577771,0.0037279,0.0159047,0.0037431,0.0010475
0.00956952,0.00648297,0.0200986,0.0527243,0.0157694,0.026478
0.00401797,0.00293913,0.0021142,0.0131884,0.00260033,0.0022097
0.0109726,0.00775406,0.00437539,0.018742,0.00328192,0.00103141
0.0156158,0.0108885,0.0047789,0.011874,0.00504818,0.00438742
0.00890691,0.00622123,0.00238891,0.0175329,0.00481879,0.00100787
0.020904,0.013244,0.0294805,0.118331,0.0336654,0.0627825
0.024644,0.0156585,0.00968059,0.0329359,0.00790281,0.0161889
0.00709006,0.00494867,0.00239864,0.015031,0.0030333,0.00412769
0.0190763,0.0130395,0.00705604,0.0386129,0.00880487,0.0080553
0.00783391,0.00570027,0.00266233,0.0235504,0.00524614,0.00491165
0.0269335,0.0174283,0.0154109,0.0434615,0.00943947,0.0108323
0.012588,0.00888978,0.00634122,0.0066734,0.00476383,0.00297224
0.0132653,0.006885,0.00906524,0.0529978,0.0162294,0.0157366
0.0251252,0.0148931,0.0155741,0.0620741,0.01622,0.0239601
0.00488527,0.0033111,0.00160369,0.0094072,0.00355159,0.016957
0.006975,0.00516135,0.00316417,0.0205913,0.00398255,0.00512338
0.0170698,0.0118736,0.00389303,0.0251146,0.00763306,0.0117928
0.0188611,0.0127856,0.00538743,0.0204904,0.00570629,0.00736884
0.0151813,0.00982791,0.024294,0.109616,0.0302151,0.0666048
0.00695014,0.00506411,0.00213709,0.00871137,0.00180462,0.00771554
0.0100853,0.00671626,0.00188556,0.0186723,0.00378669,0.00766453
0.0205093,0.0130652,0.00720431,0.0399287,0.010296,0.0122094
0.0287652,0.0185394,0.00897913,0.0368854,0.00953993,0.014108
0.0165344,0.0115222,0.0124358,0.0516661,0.0119962,0.0110287
0.0114754,0.00770643,0.0041663,0.0250804,0.00551192,0.00226806
0.0265765,0.0172689,0.0130288,0.0716417,0.0181239,0.00999483
0.00967566,0.00646746,0.00370842,0.0235092,0.00739611,0.0159804
0.0201603,0.0133902,0.00734213,0.0302825,0.00797744,0.01402
0.0422542,0.0274218,0.0278404,0.137475,0.0360879,0.0646298
0.0177888,0.0120072,0.00731342,0.0208716,0.005726,0.00657096
0.0146376,0.0102294,0.00782922,0.031884,0.0080051,0.0105139
0.0589037,0.0239296,0.0326339,0.155371,0.0418389,0.0941046
0.0370707,0.0235112,0.0170109,0.0923696,0.0258593,0.0414609
0.0040067,0.00308878,0.00289409,0.0101847,0.00209386,0.00252086
0.0110989,0.00795174,0.00942329,0.0443414,0.0101743,0.0146243
0.00708843,0.00496599,0.00576965,0.0244428,0.0076179,0.015029
0.0147343,0.0103383,0.00535305,0.0144818,0.00507783,0.0052291
0.00919504,0.00659029,0.00453441,0.0142674,0.00385769,0.00387623
0.0152646,0.0101683,0.00628014,0.0298006,0.00931455,0.0157035
0.0165583,0.0110176,0.0070801,0.0224621,0.00676247,0.00579397
0.0117061,0.00792007,0.00440696,0.0182911,0.00447471,0.00664378
0.0102928,0.00724173,0.00475609,0.0192687,0.00591957,0.00399381
0.0125384,0.00881134,0.00539558,0.00853555,0.000682638,0.00444569
0.0366397,0.0225114,0.0263419,0.103717,0.0278268,0.0472798
0.00952675,0.00690097,0.00511326,0.0187877,0.00528618,0.00777635
0.00616931,0.00424932,0.00299952,0.0154983,0.00441679,0.00188226
0.00615865,0.00467322,0.00241922,0.0201225,0.0031941,0.00165135
0.00948278,0.00681944,0.0031952,0.0157608,0.00567239,0.0031361
0.0126888,0.00853105,0.00492291,0.0232559,0.00657489,0.00297286
0.0115265,0.00790728,0.00419033,0.025392,0.00761837,0.00326037
0.0357075,0.023241,0.0233867,0.068229,0.0194738,0.0357044
0.0261923,0.0171808,0.00957672,0.0440039,0.0118525,0.016942
0.0299697,0.0195575,0.00855351,0.0431032,0.0109752,0.0148786
0.0268893,0.0134032,0.00774549,0.0450638,0.0111825,0.0236019
0.0386147,0.0199432,0.0533115,0.174442,0.050844,0.0539842
0.0111299,0.00744017,0.00395867,0.0200684,0.00521173,0.00518966
0.00614732,0.00442548,0.00217632,0.0147664,0.00283816,0.00280433
0.0209603,0.0139034,0.0070486,0.0300447,0.00694723,0.00767644
0.017588,0.0115591,0.0110137,0.0574713,0.013009,0.0111577
0.0332453,0.021873,0.0114316,0.0541916,0.0142366,0.0162305
0.0227053,0.0150582,0.00674566,0.0365576,0.0077599,0.00906557
0.014664,0.00995839,0.00428534,0.0340811,0.00840639,0.0119203
0.0241049,0.0157569,0.00557007,0.0398709,0.0109887,0.0148582
0.0193129,0.0125931,0.0305544,0.0658077,0.0152767,0.0163077
0.0412346,0.0253928,0.0134871,0.0733561,0.0175988,0.011065
0.0178955,0.0120409,0.00499879,0.0300263,0.00856563,0.00511674
0.0288175,0.013672,0.011039,0.0486306,0.00990177,0.0141636
0.00855249,0.00604556,0.00579262,0.0222641,0.00572873,0.00630766
0.00864786,0.00594896,0.0104523,0.0324632,0.00965028,0.00745382
0.0151853,0.0105959,0.0062799,0.0149572,0.00574676,0.00917645
0.00471172,0.00355553,0.00344963,0.0178951,0.00418158,0.00336326
0.0277692,0.01909,0.0100143,0.0312666,0.00662324,0.0245745
0.0137675,0.00964392,0.00714443,0.00436361,0.00124569,0.0151827
0.00560256,0.00427336,0.00163511,0.0167327,0.00428824,0.00512291
0.0100049,0.00699443,0.0046337,0.0246581,0.00646172,0.00814733
0.0185187,0.0124827,0.00642203,0.0403797,0.00893156,0.00631764
0.0159752,0.0111377,0.00525735,0.0235155,0.00569193,0.0101506
0.00495414,0.00362041,0.00788587,0.025935,0.00794056,0.00448796
0.0151807,0.0100731,0.00794745,0.037669,0.00876021,0.00996146
0.0174056,0.0120738,0.0043178,0.0273351,0.00766658,0.00359879
0.0392166,0.0254171,0.0107907,0.0597831,0.012669,0.0314925
0.00592654,0.00427748,0.00178054,0.0203733,0.00488017,0.00504483
0.035168,0.0213493,0.0261726,0.106097,0.028706,0.0447211
0.00891645,0.00607043,0.00342606,0.0208197,0.00455124,0.0123184
0.0178942,0.0120305,0.00593024,0.0308062,0.00772204,0.00382081
0.03149,0.0207011,0.0185745,0.0627589,0.0157232,0.0300565
0.0180557,0.00863053,0.00543727,0.0314113,0.00732831,0.0122851
0.0112426,0.00759371,0.00357886,0.0234354,0.00514144,0.00474994
0.00733599,0.00515029,0.0044688,0.0267003,0.00516904,0.00400997
0.0289646,0.0200527,0.0236201,0.0756411,0.0216805,0.0730156
0.0318572,0.019926,0.0123186,0.0587595,0.0150556,0.0105531
0.00975386,0.00687555,0.00462175,0.0177867,0.00357045,0.000432587
0.0279939,0.0177714,0.0153828,0.084113,0.0232258,0.0284
0.0159117,0.0109474,0.0211428,0.0505389,0.0142519,0.0171
0.0200972,0.0101125,0.00585537,0.0433006,0.00846973,0.0152332
0.0158517,0.0107895,0.0053119,0.000496939,0.00155532,0.00338293
0.0123997,0.00810839,0.00413889,0.0282925,0.00827347,0.00400126
0.0156795,0.0103169,0.0101458,0.0495543,0.0125062,0.0167366
0.0328598,0.0156014,0.0108958,0.0493947,0.0128477,0.0114855
0.0409481,0.0157193,0.0145277,0.0594879,0.0147505,0.014525
0.0179651,0.0122687,0.0177153,0.0719802,0.0163669,0.0348979
0.0147649,0.0104242,0.00444793,0.0198293,0.00513644,0.0172948
0.0198827,0.0125359,0.0194972,0.0897628,0.0234291,0.0686321
0.0226058,0.0151078,0.0176091,0.0720674,0.0199089,0.0216602
0.0121511,0.00806312,0.00448276,0.0286064,0.00645875,0.0236043
0.0175285,0.011643,0.00657603,0.0280513,0.00928412,0.0186147
0.0155784,0.0106819,0.00455064,0.024151,0.00424799,0.00621658
0.0190989,0.00979654,0.00833185,0.0305781,0.00800585,0.00415414
0.0401998,0.0237321,0.0169099,0.112673,0.0294147,0.0243697
0.0231412,0.0088516,0.00714707,0.0329972,0.00619372,0.0115815
0.0102035,0.00711608,0.00514109,0.0232956,0.00627318,0.00213908
0.0302679,0.0194336,0.0115649,0.0528013,0.0132413,0.0328684
0.0100819,0.00700251,0.00320136,0.00759958,-2.67448e-05,0.00695914
0.0187521,0.0126796,0.00552227,0.0194905,0.00436823,0.00636523
0.0132481,0.00951114,0.00445029,0.020307,0.00442338,0.00436391
0.012593,0.00876755,0.00438495,0.0259561,0.00631724,0.0105061
0.0521952,0.0336404,0.0336928,0.154702,0.0388294,0.0482164
0.0105727,0.00689726,0.00326834,0.0227902,0.00382047,0.00184166
0.00861924,0.00575672,0.00313788,0.0140018,0.00396795,0.00186177
0.0842982,0.0375593,0.0960241,0.353137,0.0891464,0.146414
0.00728298,0.00530679,0.00281979,0.0203214,0.00512767,0.00263941
0.0133259,0.00930878,0.0057459,0.017894,0.00613122,0.0129921
0.00590849,0.00415911,0.00282785,0.0197931,0.00322632,0.00250003
0.0165548,0.0111622,0.00646318,0.0333861,0.007838,0.00783566
0.0402912,0.026762,0.014565,0.0343381,0.00896966,0.00889527
0.0464121,0.0263239,0.0195472,0.0879892,0.0210799,0.0286976
0.0421852,0.0236168,0.0246795,0.0711504,0.0189199,0.0316161
0.00416055,0.00320772,0.00128045,0.0149976,0.0056266,0.0107113
0.013662,0.00935675,0.00583656,0.0203202,0.00577012,0.00970526
0.0104582,0.00734931,0.00388961,0.0157045,0.00372862,0.000337183
0.00663735,0.00486446,0.0041773,0.00932835,0.00449224,0.00276183
0.0144753,0.00949197,0.00345758,0.0258639,0.00753768,0.00667072
0.0227541,0.0154931,0.00799619,0.0426828,0.011847,0.00633378
0.00619475,0.00437434,0.002149,0.0145759,0.0056141,0.00387489
0.00777939,0.00534735,0.00347454,0.0191581,0.00454067,0.0055007
0.0166644,0.0114199,0.00362503,0.0226574,0.00737123,0.00947313
0.0231497,0.0155588,0.0147995,0.0676979,0.0164396,0.00872636
0.0183682,0.012925,0.00694368,0.0391152,0.00930657,0.00597393
0.0099713,0.00727672,0.00726953,0.025142,0.00530631,0.0070365
0.023031,0.0149109,0.00678292,0.0441569,0.0118348,0.0104425
0.0180432,0.0118084,0.00701405,0.0380475,0.00749193,0.011366
0.0114193,0.00811889,0.00448539,0.0194609,0.00547242,0.00336507
0.0154472,0.0106144,0.00430502,0.0287415,0.00679211,0.00574589
0.0172802,0.0118171,0.00680564,0.0312361,0.00594421,0.00241242
0.0105409,0.00737887,0.00430779,0.0163852,0.00459922,0.00186321
0.0124767,0.0088633,0.0056316,0.0297567,0.00721232,0.0133001
0.0182877,0.0119116,0.00812829,0.0408317,0.00924395,0.0188391
0.009501,0.00671684,0.00396435,-0.000654891,0.00016634,0.00432508
0.0276432,0.0186656,0.0129084,0.0678107,0.0175305,0.0075791
0.0129345,0.00875148,0.00442786,0.00714802,0.00343306,0.011198
0.0115449,0.00777664,0.0109839,0.0500438,0.00949504,0.0113389
0.0100771,0.00679138,0.00348626,0.0194901,0.00534291,0.00636043
0.00827278,0.00583504,0.00368167,0.0188809,0.00472065,0.00433325
0.0214524,0.0143762,0.00726634,0.0358527,0.00949308,0.0168745
0.0260625,0.0163943,0.0204879,0.0834052,0.0203497,0.0120076
0.0216989,0.0105502,0.0063104,0.0160588,0.00473913,0.0138553
0.049495,0.0309249,0.0163837,0.0383167,0.0107466,0.018914
0.020042,0.0134361,0.00567738,0.0454464,0.0122005,0.0110383
0.0200543,0.0138119,0.00636194,0.0220906,0.00373586,0.00839367
0.00651774,0.0046729,0.00246488,0.0185642,0.00383105,0.00245236
0.0070975,0.00483847,0.00349564,0.00580403,-0.000400535,0.00259885
0.0183568,0.0127274,0.00894638,0.032977,0.00804391,0.00808065
0.0317465,0.0204547,0.0104436,0.0352077,0.0078928,0.00728866
0.00902537,0.00581767,0.00398192,0.00548789,-0.000111475,0.00115647
0.0161449,0.0110248,0.00871809,0.0323397,0.00634247,0.00612214
0.0253818,0.014961,0.00690428,0.0436999,0.0108265,0.011786
0.00990506,0.00668103,0.00763901,0.0512521,0.0111226,0.0251098
0.0174795,0.0111289,0.0139488,0.0668131,0.0152611,0.0279874
0.0751897,0.0344498,0.0570452,0.254067,0.0689118,0.104571
0.0347502,0.0147201,0.0121477,0.0646497,0.0134428,0.0141291
0.00612902,0.00436823,0.0018891,0.0168181,0.00238643,0.00297644
0.0294081,0.0183077,0.0269278,0.120637,0.030672,0.0275666
0.013599,0.00973318,0.010233,0.0309558,0.00631251,0.00851777
0.00648087,0.00464584,0.00304459,0.0144775,0.00406074,0.00522342
0.0157769,0.00993714,0.0131496,0.0619685,0.0166825,0.0215883
0.0182875,0.00995892,0.0139442,0.0575092,0.0133639,0.0192273
0.015473,0.010963,0.00474885,0.0233519,0.00515144,0.00473758
0.00598049,0.00398316,0.00238465,0.0283286,0.00676606,0.014635
0.0114322,0.00788695,0.00434523,0.0237986,0.00460691,0.00991736
0.0193834,0.0129062,0.00783849,0.0350283,0.0108819,0.0204381
0.0287741,0.0185296,0.0105191,0.0382436,0.0100515,0.0109091
0.0156329,0.0104686,0.00571664,0.0197465,0.00339575,0.0046499
0.0115224,0.00816283,0.00377686,0.0209887,0.00594097,0.00844127
0.0144142,0.0100141,0.0055015,0.0197342,0.00453196,0.00564029
0.0140794,0.0100073,0.00427926,0.027651,0.00700843,0.0273476
0.00640051,0.00429576,0.00189457,0.0121522,0.00447388,0.00365503
0.00807582,0.00558623,0.00407679,0.0161635,0.00320826,0.00571846
0.0144274,0.00975914,0.00412027,0.0189836,0.00482354,0.00917333
0.00720786,0.00479181,0.00322425,0.0219519,0.00683686,0.00187041
0.0284215,0.0185965,0.00473477,0.0406101,0.0112857,0.0103616
0.0287088,0.018608,0.00802085,0.0425941,0.00905052,0.0114803
0.0178817,0.0118707,0.0041909,0.0373024,0.00860339,0.00973152
0.0119413,0.00802463,0.0035982,0.0211915,0.00394414,0.0127451
0.018068,0.0127406,0.00572295,0.020297,0.00637893,0.0123756
0.0227868,0.0152488,0.00973159,0.0490778,0.0139782,0.0161761
0.00767204,0.00556636,0.00300472,0.0143236,0.00504333,0.00161377
0.0111288,0.00784302,0.00416874,0.0262895,0.00619225,0.0116384
0.0224961,0.0148295,0.00735062,0.0323749,0.00988693,0.00424723
0.0126174,0.00865813,0.00442446,0.0264633,0.00532679,0.00162028
0.00954145,0.00708872,0.00501934,0.00376535,0.000747916,0.00219558
0.0303732,0.0206338,0.00997015,0.0553795,0.0116551,0.0295635
0.00476676,0.00319065,0.00216,0.0139788,0.00213771,0.000653317
0.0301624,0.0178362,0.0152963,0.0698457,0.0186347,0.0318073
0.0198601,0.0100069,0.0081563,0.0371226,0.00754899,0.0108682
0.0140902,0.00768912,0.00573146,0.0227584,0.00562404,0.00663205
0.0149744,0.00850847,0.00677912,0.0273702,0.00553134,0.00585274
0.0330673,0.0217977,0.00996688,0.0393496,0.0118832,0.00688944
0.0101233,0.00694342,0.00274233,0.0162103,0.00414564,0.00576577
0.0430728,0.0266426,0.0239808,0.0949096,0.0244433,0.049398
0.0122524,0.00868105,0.00444751,0.0247126,0.0061818,0.0133614
0.0289436,0.0190413,0.0079478,0.0270362,0.00874297,0.0123866
0.0059882,0.00422566,0.00185031,0.0125407,0.00423718,0.00836962
0.0229071,0.0154937,0.0105762,0.0324252,0.00893018,0.00451218
0.0222156,0.0152889,0.0188289,0.077925,0.020966,0.00980245
0.00877523,0.00629523,0.00286289,0.0176034,0.00415109,0.00346082
0.014492,0.00987234,0.00886531,0.0678772,0.0177905,0.0467849
0.00811465,0.00570937,0.00310289,0.0202213,0.00459596,0.00258694
0.0149067,0.0100781,0.0051756,0.024221,0.00706137,0.00433301
0.0096395,0.00675763,0.00281789,0.0243469,0.00582847,0.00704737
0.036586,0.0180741,0.0146848,0.04897,0.0131695,0.0168187
0.0166151,0.0111162,0.00395743,0.0272825,0.00514795,0.0121736
0.0320814,0.0212374,0.00986162,0.0390899,0.0119413,0.0158503
0.0266952,0.015942,0.0106894,0.0557058,0.0138654,0.0149069
0.0120477,0.00645421,0.00664044,0.0353429,0.00770679,0.0135626
0.0142389,0.00928616,0.00819009,0.0207932,0.00533243,0.0113877
0.0302419,0.0202716,0.0101613,0.027729,0.0053202,0.0176176
0.0148125,0.00907054,0.00548435,0.0263159,0.00578887,0.0305132
0.00421049,0.00315661,0.00143043,0.00888364,0.00229783,0.00156974
0.0237284,0.0122877,0.00854287,0.0727798,0.0210696,0.0411686
0.0295462,0.0177452,0.0129552,0.0727169,0.0179336,0.0486121
0.0144805,0.0100422,0.0076972,0.0322004,0.00895684,0.0117752
0.0245292,0.0163682,0.00605287,0.048164,0.0113808,0.00710112
0.0174798,0.0118218,0.00532227,0.0198769,0.00598442,0.00397054
0.00599127,0.00400587,0.00274483,0.0152811,0.00335995,0.00329875
0.0136401,0.00935359,0.00384607,0.00458023,0.000775935,0.00320812
0.0305807,0.0201651,0.00822663,0.0521306,0.0144735,0.0112333
0.0134453,0.00959973,0.00508371,0.0175857,0.00380973,0.00723704
0.00905564,0.00616273,0.00340339,0.0129535,0.00271924,0.00129204
0.0167824,0.0112948,0.00683468,0.0375245,0.0104155,0.0118319
0.0282494,0.0185942,0.0146747,0.0432878,0.0103332,0.00700856
0.0123929,0.00829244,0.00461234,0.0170914,0.00283235,0.00377332
0.020929,0.0138936,0.0072773,0.0501154,0.0122243,0.0207697
0.00917429,0.00635512,0.00425725,0.0191239,0.00489791,0.00114041
0.0148963,0.0101524,0.00671593,0.0106995,0.000728327,0.0108391
0.0101924,0.00735697,0.005245,0.0283003,0.00860405,0.00713503
0.00914449,0.00620105,0.00393089,0.0170926,0.00428815,0.00306982
0.00591274,0.0042414,0.00324211,0.0113383,0.00214931,0.00331871
0.00744227,0.00511768,0.0038842,0.0231571,0.0048071,0.00349296
0.00950512,0.00625728,0.00340799,0.0155879,0.00259352,0.00653689
0.0189365,0.0126041,0.00811113,0.0335571,0.00873701,0.0130836
0.0133767,0.00918335,0.00641324,0.0261994,0.00711624,0.0126896
0.0131737,0.00898371,0.00518741,0.0219965,0.00589378,0.0144824
0.0122404,0.0081824,0.0183827,0.0745139,0.0166352,0.0477688
0.0254048,0.0108732,0.0116854,0.0397672,0.00899247,0.0130585
0.00956808,0.00625149,0.00411187,0.0157702,0.00394476,0.00318007
0.0176185,0.0121034,0.00575997,0.0220952,0.00483784,0.00991428
0.0169475,0.0113493,0.00476537,0.0330898,0.00700374,0.0135342
0.0105175,0.00702891,0.00433763,0.0166521,0.00419701,0.00504543
0.0143479,0.00985196,0.00803702,0.0230477,0.00667244,0.0116724
0.0545039,0.0237243,0.0614445,0.259208,0.064075,0.141032
0.00821574,0.00576174,0.00335958,0.018925,0.00490088,0.00515764
0.0462286,0.0287902,0.0185979,0.0848771,0.0215789,0.0369082
0.0126195,0.00858407,0.00335461,0.0332322,0.00619656,0.00546195
0.0312203,0.0205877,0.0097647,0.047039,0.0107012,0.00649229
0.038724,0.0138281,0.0183459,0.109432,0.0295511,0.0300611
0.0128885,0.00857932,0.00452778,0.024965,0.00456241,0.00533732
0.00782436,0.00561898,0.00574364,0.0205939,0.00561961,0.0026565
0.006115,0.00440785,0.00285907,0.0141255,0.00216291,0.00279465
0.028404,0.0186851,0.01246,0.0564603,0.0151043,0.0221736
0.0498038,0.0303875,0.0207331,0.0649003,0.016829,0.0242897
0.0320027,0.0197066,0.0159505,0.0507815,0.0137069,0.00977444
0.0109086,0.00724016,0.00242575,0.0221748,0.00514462,0.0021643
0.00706612,0.00507905,0.00221742,0.0149098,0.00228156,0.00911734
0.0300454,0.0189279,0.0109124,0.0396393,0.0101308,0.0142492
0.0111281,0.00767204,0.00393002,0.0221892,0.00535161,0.00946364
0.0851158,0.028343,0.0475794,0.239069,0.0565605,0.0723464
0.00823258,0.00566248,0.00257079,0.013079,0.00285987,0.00231861
0.03815,0.0182676,0.021636,0.112476,0.0307249,0.0293184
0.0280043,0.0171504,0.0141873,0.0882397,0.0191217,0.0333706
0.0133943,0.0087057,0.00867602,0.0488661,0.0120248,0.0107815
0.0048668,0.00332089,0.00197176,0.0120432,0.00402971,0.00129032
0.00944341,0.0064646,0.00279816,0.0173171,0.00520346,0.00343547
0.00708953,0.00491735,0.00801943,0.033028,0.00774004,0.00810887
0.0411503,0.0253438,0.0114692,0.068997,0.016176,0.023132
0.0163842,0.00953854,0.00587214,0.0429333,0.00898334,0.00912909
0.00419968,0.0032421,0.00209562,0.0208581,0.0048681,0.0053232
0.0206562,0.0141018,0.0123989,0.0612758,0.0138108,0.0240211
0.0133106,0.00635253,0.0053313,0.0385417,0.0129639,0.00642534
0.026209,0.0154769,0.0102446,0.0640799,0.0184945,0.00653889
0.0060206,0.00398478,0.00260203,0.0287227,0.00928358,0.00944977
0.0495346,0.0221453,0.0554902,0.263457,0.0616232,0.0916525
0.0174027,0.0113517,0.0252322,0.0973744,0.0261645,0.0651757
0.0196367,0.0133023,0.00624223,0.0346417,0.00743215,0.00991292
0.0107612,0.00753606,0.00564528,0.0234726,0.00534144,0.00332851
0.0048724,0.00332349,0.00580834,0.0211209,0.00540399,0.0161494
0.00780057,0.00569064,0.00511843,0.0306565,0.00727474,0.00332324
0.0078397,0.00524969,0.00369167,0.0226019,0.00508155,0.00187436
0.0102834,0.00719019,0.00355163,0.0168523,0.0042416,0.00215513
0.00951296,0.00675597,0.00496902,0.0177216,0.00522923,0.00231501
0.00698666,0.00483579,0.00220108,0.0228382,0.00431295,0.00482454
0.0204481,0.0133185,0.0043721,0.0311174,0.00957598,0.0307885
0.0094668,0.00671689,0.00411269,0.00773475,0.00325515,0.00881678
0.00674546,0.0047014,0.00241413,0.00991052,0.00261467,0.00307519
0.0349067,0.0227129,0.0155907,0.0989615,0.023233,0.0280086
0.0483676,0.029466,0.0155836,0.0757268,0.0196078,0.0126475
0.0119537,0.0083655,0.00392864,0.0239332,0.00777509,0.00635388
0.0334909,0.0206226,0.0221395,0.117672,0.0311187,0.0581884
0.0108699,0.00758273,0.00331708,0.0259764,0.00778909,0.0060551
0.0158086,0.0106634,0.0210985,0.0671343,0.0198135,0.0335957
0.0104994,0.0071536,0.00235092,0.0174997,0.00340344,0.00432063
0.0131273,0.00820069,0.00660192,0.0491586,0.0115398,0.00537712
0.0157329,0.010851,0.00334759,0.0246388,0.00489887,0.0129834
0.0277793,0.0107274,0.0132336,0.0453074,0.012852,0.0248346
0.0272915,0.0107725,0.0134557,0.0375233,0.00995515,0.0272086
0.0127493,0.00881288,0.00372971,0.0205837,0.0048405,0.00425519
0.0141018,0.00991074,0.00322867,0.0223223,0.00637516,0.0199354
0.0274523,0.0182841,0.00912233,0.0377125,0.00928175,0.00782317
0.0377654,0.0249869,0.0192786,0.0782643,0.0223492,0.0418586
0.0557402,0.0328077,0.06054,0.200473,0.0528543,0.110059
0.0189584,0.0128166,0.00543078,0.0210272,0.00618981,0.008225
0.0084135,0.00550353,0.00390392,0.00556575,0.00254407,0.00476309
0.0043924,0.0029183,0.00150077,0.0202268,0.00531142,0.00337262
0.0100635,0.00493558,0.00526987,0.023801,0.00749558,0.00647241
0.0102334,0.00593817,0.00392369,0.0203177,0.00608852,0.00436165
0.0430001,0.0278762,0.0256833,0.119253,0.0304236,0.0706485
0.0124001,0.00843215,0.00598692,0.0306398,0.00845665,0.00502736
0.00766435,0.00518746,0.00367959,0.0155597,0.00564914,0.00351128
0.0113782,0.00754597,0.00257219,0.0174089,0.0035399,0.00358946
0.0147717,0.0100092,0.00383815,0.0202015,0.0036149,0.00418167
0.0345858,0.0218059,0.0136153,0.0446876,0.0121982,0.017936
0.0286628,0.0186463,0.010468,0.052525,0.0122894,0.0383147
0.0404017,0.0250002,0.0213134,0.118765,0.0289196,0.0286801
0.0129254,0.00890879,0.00374618,0.00731688,0.000230415,0.00529335
0.0139706,0.00942357,0.00653033,0.0283869,0.00614039,0.00514556
0.016538,0.0114233,0.00507088,0.025096,0.00662589,0.0050902
0.0294778,0.0190804,0.0257339,0.0993927,0.0279493,0.0247513
0.0122788,0.00832689,0.0040008,0.0180277,0.00391797,0.00241378
0.0220707,0.0147579,0.00940267,0.0505956,0.0139361,0.0194529
0.00679669,0.00459942,0.00278853,0.0197144,0.004592,0.00677806
0.025269,0.0169794,0.00833203,0.0404647,0.0097178,0.0131931
0.026632,0.0142129,0.0156748,0.093313,0.0238341,0.0197866
0.00709595,0.00506734,0.00485641,0.0172245,0.00686106,0.00981252
0.00537491,0.00379633,0.00154277,0.0230715,0.00455791,0.00383815
0.00713657,0.00486957,0.00358295,0.0158983,0.00336608,0.00113386
0.00489321,0.00333508,0.00358034,0.0604203,0.0135115,0.0318342
0.0236965,0.0156702,0.00714938,0.0352556,0.00954632,0.00595554
0.00523981,0.00398143,0.00144964,0.0199538,0.00428968,0.00303663
0.0165992,0.011338,0.00832081,0.0152591,0.00381474,0.00424221
0.0117491,0.0080334,0.00341665,0.0226748,0.00395656,0.00243364
0.0212283,0.0146598,0.00755544,0.0347934,0.0112874,0.0113955
0.0406937,0.0189903,0.0302178,0.125149,0.0312949,0.0358885
0.0188249,0.0124684,0.00783618,0.030918,0.0086914,0.0163607
0.00935745,0.00621886,0.00351116,0.00452654,0.00146003,0.00476651
0.00924683,0.00650991,0.00332842,0.0233368,0.00584776,0.00391803
0.0199436,0.0135403,0.00700844,0.0238882,0.00249644,0.00788282
0.00870993,0.00596544,0.00296807,0.015429,0.00396583,0.00225622
0.0050016,0.00356378,0.00177799,0.015362,0.00319355,0.00128401
0.010906,0.00717652,0.00499739,0.0441467,0.0111918,0.0076747
0.0287371,0.0185036,0.00850277,0.0554713,0.011383,0.0206229
0.0293392,0.0187962,0.0140153,0.0549998,0.017013,0.0353087
0.0615969,0.0360705,0.0441945,0.254117,0.0613908,0.0589475
0.00428524,0.00299056,0.00110899,0.015388,0.00513527,0.000925602
0.0170081,0.0119387,0.00600911,0.0287298,0.004684,0.00562766
0.0151149,0.0106773,0.00620427,0.0228274,0.00596293,0.00659952
0.0187191,0.0124706,0.00623431,0.0206182,0.00356554,0.00596014
0.0165824,0.0116938,0.018964,0.0598558,0.0171672,0.0164494
0.0163005,0.0111729,0.0053791,0.0264656,0.00654613,0.00633948
0.00625311,0.00442331,0.00465473,0.0135446,0.00316009,0.00640183
0.0119286,0.0052668,0.0071329,0.0267357,0.00615317,0.00886672
0.0130088,0.00604296,0.00739523,0.0212743,0.00473591,0.00844634
0.0246353,0.0163764,0.0072478,0.0369602,0.00909573,0.0307588
0.0267251,0.0181376,0.0148038,0.0649912,0.0159796,0.00782192
0.0159667,0.0111335,0.004186,0.0191894,0.00574139,0.00749475
0.0389947,0.0246163,0.0151319,0.0759526,0.0200893,0.0190911
0.0419119,0.0273325,0.0127688,0.0704335,0.0194994,0.0299698
0.0197174,0.0127091,0.0257691,0.0956124,0.0254744,0.0755829
0.0124301,0.00810742,0.00455379,0.0230624,0.00596368,0.00324131
0.0143748,0.0100233,0.00543198,0.0212399,0.00442344,0.00205769
0.00714712,0.00510484,0.00215437,0.0297329,0.00666345,0.00597308
0.012391,0.00847725,0.00538553,0.0156791,0.00572004,0.0137378
0.00919539,0.006225,0.00369512,0.0178298,0.00446877,0.00700723
0.0195667,0.0135286,0.00569579,0.0351608,0.00948349,0.0187175
0.0113605,0.00810386,0.00495147,0.0222564,0.00492223,0.0018104
0.00814634,0.00581858,0.00803897,0.0166656,0.00298238,0.00261868
0.0200046,0.0132653,0.00417157,0.0488692,0.0126104,0.00510052
0.0102664,0.00677432,0.00422183,0.0229677,0.00706878,0.0160053
0.0101346,0.0070048,0.00307602,0.0240789,0.00555454,0.00331763
0.0119065,0.00783485,0.00442953,0.0290865,0.00737719,0.00826019
0.00654699,0.00415696,0.00147066,0.0110919,0.00283509,0.00425053
0.0123094,0.00843728,0.007003,0.0334243,0.00894361,0.00530524
0.0134082,0.00897651,0.00445749,0.0160796,0.00340143,0.00460447
0.0161208,0.0108712,0.00575873,0.022277,0.00465925,0.010477
0.0267024,0.0175969,0.00876222,0.0427706,0.0126915,0.0160002
0.023652,0.0154759,0.00809677,0.0319963,0.00791603,0.00657115
0.0467495,0.0250572,0.0133606,0.0616969,0.016637,0.0142719
0.0359757,0.0145161,0.00954427,0.0467044,0.0124157,0.00756712
0.0168419,0.0115564,0.00938582,0.0632237,0.0183384,0.025803
0.0109344,0.00689885,0.00393577,0.0187562,0.00504173,0.00258539
0.010887,0.00692687,0.00354054,0.0122155,0.00236275,0.00511044
0.0319069,0.0205459,0.0100188,0.0391322,0.010583,0.00996263
0.00843784,0.00558566,0.0033109,0.0124439,0.00552593,0.00248266
0.0077542,0.00540331,0.00189234,0.0155486,0.00538796,0.00525557
0.0048418,0.00342544,0.00269087,0.0363772,0.00646186,0.00450234
0.0109941,0.00737439,0.00336098,0.0244895,0.00536325,0.00766213
0.0405983,0.0232212,0.0335847,0.17792,0.0485527,0.0687676
0.0082077,0.00384097,0.00320133,0.0228442,0.00541326,0.00415693
0.0248494,0.0162155,0.00582625,0.036122,0.0084352,0.00773953
0.00824253,0.00604657,0.00313643,0.0049259,0.00263179,0.00327151
0.00653096,0.004478,0.00246083,0.0219282,0.00673325,0.00906842
0.0119761,0.00791872,0.00363315,0.0223026,0.00620197,0.0104136
0.00940351,0.00642417,0.00305333,0.0241702,0.00580933,0.019326
0.0140923,0.00938024,0.00276166,0.0177973,0.00664481,0.00333727
0.00576885,0.00396052,0.00223604,0.00366317,0.000419558,0.00301184
0.00600071,0.00399063,0.00347324,0.0155557,0.00297772,0.00590073
0.0049236,0.00318399,0.00128932,0.0159879,0.00220708,0.00377477
0.0266752,0.0174028,0.00664648,0.0451351,0.0124959,0.00667481
0.0255745,0.0168272,0.00745891,0.0460321,0.0103927,0.0110892
0.0415286,0.0267841,0.0191746,0.073701,0.0201884,0.0238399
0.0107336,0.00733002,0.00294972,0.0183924,0.0040662,0.00227803
0.0149895,0.0104161,0.00371508,0.033152,0.00790281,0.00755906
0.0136146,0.0093145,0.00400436,0.0232873,0.00522029,0.00744072
0.0129527,0.00887909,0.00444481,0.0164034,0.0048103,0.00903015
0.00569242,0.00386407,0.00267256,0.018074,0.00391057,0.00508978
0.0395488,0.0217141,0.0142775,0.0997037,0.0270679,0.0371213
0.0290923,0.0167008,0.0110941,0.0638325,0.0125713,0.0252684
0.00632354,0.00437184,0.00296724,0.0129105,0.0041895,0.0023433
0.0109348,0.00761886,0.00474224,0.0174662,0.00509177,0.00542107
0.0139964,0.00941344,0.00479983,0.0171217,0.00476302,0.00395645
0.0414823,0.0265637,0.0175194,0.0600064,0.0166042,0.0179295
0.0252073,0.0169235,0.0132581,0.0584333,0.0158472,0.0322785
0.00606412,0.0043171,0.00123366,0.01914,0.00488738,0.00838683
0.0288363,0.0184599,0.00733801,0.0359018,0.00876549,0.00868295
0.0256832,0.0127477,0.02714,0.0933503,0.0251466,0.0363874
0.0173219,0.0116308,0.00509353,0.0362707,0.00773632,0.011241
0.0223474,0.0151243,0.00836534,0.0369467,0.0104075,0.0106564
0.0186045,0.0128981,0.00569655,0.0215685,0.00725285,0.0167187
0.00482782,0.00352841,0.00192645,0.0148351,0.00358213,0.00148235
0.0177701,0.0118971,0.00644524,0.0254773,0.00803351,0.0166021
0.0488299,0.0285843,0.0271926,0.149287,0.0396166,0.0650549
0.0138839,0.00970172,0.00537275,0.0246673,0.00749698,0.00811067
0.0230974,0.0153471,0.00829189,0.03174,0.00910018,0.0034311
0.0303528,0.0194306,0.0135235,0.0673618,0.0204057,0.0332344
0.00761033,0.00506104,0.00421736,0.0221098,0.0039679,0.00422557
0.0281552,0.0194274,0.00993302,0.0292996,0.00631455,0.0106887
0.0210249,0.014107,0.00938963,0.0364046,0.00772713,0.0118324
0.014209,0.0100234,0.00754111,0.0372756,0.00839717,0.00731004
0.0168827,0.0113989,0.00411116,0.0180939,0.00488144,0.00776334
0.00933386,0.0060827,0.00339622,0.0188811,0.005512,0.00523454
0.029382,0.0195729,0.0119375,0.0446065,0.00840341,0.00897332
0.0225927,0.0153234,0.00732562,0.0183625,0.00568503,0.00807298
0.0128408,0.00863317,0.00466096,0.0257557,0.00524829,0.00184318
0.0111791,0.00747604,0.00553461,0.0306956,0.00866709,0.00337404
0.021498,0.0138184,0.00875497,0.0564058,0.0168313,0.00554824
0.00761204,0.00531625,0.00430154,0.0197043,0.00478769,0.000399125
0.0193283,0.0126122,0.00532072,0.0300402,0.00845122,0.00633935
0.00573296,0.00403739,0.00203393,0.00815349,0.00247557,0.00376823
0.0192197,0.00990534,0.00791706,0.0487882,0.0123279,0.0234459
0.0378286,0.0139145,0.0144851,0.0964841,0.0249263,0.024126
0.0536789,0.026676,0.019808,0.0903936,0.0228586,0.0362792
0.0173885,0.0117085,0.00709297,0.0307945,0.0094519,0.015187
0.0247882,0.016605,0.00842103,0.0336759,0.00915987,0.00412521
0.0543625,0.0321844,0.0291912,0.109355,0.028991,0.0518394
0.00944021,0.00626752,0.0133286,0.0383426,0.010488,0.0292538
0.0194169,0.0134897,0.00763063,0.0308976,0.00949586,0.0155694
0.00712397,0.00492181,0.00201103,0.0316556,0.00816448,0.00788291
0.0346587,0.0217618,0.022352,0.105824,0.0245944,0.0168803
0.00998612,0.00693201,0.00563369,0.0234763,0.00408275,0.00952615
0.00450944,0.00307412,0.00170991,0.0145826,-0.000369721,0.00180876
0.0259593,0.0167335,0.00895177,0.0495347,0.013577,0.00868669
0.0061233,0.00423944,0.00503561,0.0323009,0.00976345,0.00571785
0.00677708,0.00483246,0.00245367,0.0103411,0.00359457,0.00662711
0.040398,0.023641,0.0145873,0.0671648,0.0162548,0.018546
0.0348773,0.0232394,0.0101199,0.0378038,0.0101575,0.0332309
0.0127455,0.00832119,0.00461916,0.0171543,0.00352863,0.000648159
0.0261128,0.016488,0.0159595,0.0731208,0.0173326,0.00813211
0.00757039,0.00525304,0.00168173,0.0342797,0.0110595,0.0189204
0.0070036,0.00467778,0.00350904,0.0277054,0.00695398,0.00301765
0.0104126,0.00736556,0.0139917,0.0503405,0.0137783,0.00827204
0.0205318,0.00943436,0.00826531,0.0498468,0.0118717,0.0109338
0.0156864,0.0106666,0.00528664,0.0306014,0.00898298,0.000977146
0.0138397,0.0094526,0.00686728,0.0257686,0.00720529,0.00555956
0.0305255,0.0174314,0.014288,0.0565515,0.0167232,0.0319509
0.0316159,0.0163858,0.0115415,0.04768,0.0120053,0.0113688
0.0230284,0.0150049,0.00667545,0.0450266,0.00950844,0.0239817
0.0102089,0.00697753,0.00340242,0.0100605,0.00370181,0.00340638
0.0187707,0.0122415,0.00673204,0.0228782,0.00617537,0.0118757
0.0356896,0.0222879,0.0297985,0.136915,0.0360411,0.0729399
0.0041519,0.00295988,0.00248994,0.0119246,0.00262353,0.00188548
0.013447,0.00964252,0.00522552,0.0241501,0.00643535,0.00555445
0.0200779,0.0136878,0.00645711,0.0306333,0.00754738,0.0113954
0.00417742,0.00304749,0.00185025,0.0154999,0.00427134,0.00630703
0.0111787,0.00785688,0.00463586,0.0471932,0.0112893,0.00946329
0.00585268,0.00410057,0.00477087,0.0164998,0.00511518,0.00234111
0.0162048,0.0109471,0.00456838,0.0170266,0.0048339,0.0168843
0.0184587,0.0125494,0.0138971,0.0390379,0.0109972,0.0100121
0.00473472,0.00327284,0.00204762,0.0194651,0.00658104,0.0050983
0.00901235,0.00616765,0.00385822,0.0241488,0.00517287,0.00296125
0.00909248,0.00625068,0.0046195,0.0420814,0.011324,0.0142525
0.00506392,0.00366799,0.00172507,0.000906711,-0.000176273,0.0046761
0.0295667,0.0196893,0.0143722,0.0775687,0.0193606,0.0161229
0.0244267,0.015582,0.0201324,0.104473,0.0244211,0.0266918
0.00414639,0.00311014,0.00198395,0.0216384,0.00623316,0.00423669
0.0290697,0.0181754,0.0165701,0.0620841,0.015253,0.0160547
0.00545614,0.00373038,0.00159705,0.0241733,0.00581735,0.011772
0.01602,0.0106113,0.00990938,0.053689,0.0152444,0.0108668
0.0118989,0.00787676,0.00423492,0.010865,0.00212302,0.00854271
0.0291606,0.018561,0.0109767,0.0449759,0.0132393,0.0141007
0.0176711,0.0121276,0.00896828,0.0223085,0.00460223,0.00309065
0.0129585,0.00878947,0.00501996,0.0273145,0.0066484,0.00780597
0.0208004,0.00960161,0.00579516,0.040896,0.0111114,0.0111184
0.021963,0.0145825,0.0151457,0.0427272,0.0103631,0.00370418
0.00962904,0.00707061,0.00705615,0.0310294,0.00847488,0.00309087
0.0172792,0.00874529,0.00739631,0.0311962,0.00759738,0.00823276
0.0331958,0.0164789,0.0110705,0.0720169,0.0194249,0.0133404
0.0233242,0.0154597,0.00443328,0.0357792,0.0104916,0.0132892
0.0056081,0.00367356,0.00367654,0.0169611,0.00404142,0.00300425
0.0338743,0.0171908,0.0163949,0.06583,0.0160034,0.00882932
0.0198129,0.0133373,0.00635093,0.0379219,0.00909545,0.0156372
0.0458785,0.027735,0.0513291,0.195759,0.0483708,0.0295572
0.0289367,0.0187511,0.0171954,0.101822,0.0250526,0.0500378
0.0252469,0.0158896,0.00910445,0.0461117,0.0109017,0.00979398
0.00845521,0.0056365,0.00268979,0.0191976,0.00500513,0.00659801
0.0421674,0.0260834,0.048761,0.196149,0.046342,0.0624977
0.0111247,0.00732069,0.00348571,0.0312433,0.00769001,0.00554712
0.0119287,0.00823622,0.00437166,0.015009,0.00369225,0.00720338
0.00795869,0.00525561,0.00268206,0.0295108,0.00609597,0.00358497
0.00622637,0.00404142,0.00143469,0.0170042,0.00500606,0.00476873
0.0209727,0.00965367,0.010797,0.0556007,0.01511,0.0247839
0.0235969,0.0130999,0.015802,0.0767505,0.0194357,0.0405898
0.00782498,0.00549955,0.00326658,0.0154974,0.00393695,0.00283659
0.00533447,0.00351986,0.00317823,0.0156994,0.00423136,0.00245648
0.0160828,0.0108249,0.0056072,0.0297708,0.00849592,0.00582286
0.0193823,0.0117643,0.0461809,0.117614,0.0297306,0.0594932
0.0128579,0.00883287,0.005057,0.027297,0.00618373,0.0213621
0.0162582,0.0110734,0.00492853,0.0213323,0.00440795,0.00215052
0.00657677,0.00459091,0.00310721,0.0134921,0.0020106,0.00640128
0.00566378,0.0042126,0.00424078,0.025121,0.00750998,0.0144219
0.031658,0.0205226,0.0113335,0.0141434,0.00440201,0.00542124
0.0286103,0.0187117,0.014098,0.0607472,0.0154123,0.0116504
0.0105804,0.00737645,0.00423678,0.013785,0.00317961,0.00484862
0.0385703,0.0237273,0.0234199,0.0892064,0.0233698,0.0212928
0.0140523,0.00880446,0.0155886,0.0722626,0.0184698,0.0241131
0.00749944,0.00503019,0.00348623,0.0215851,0.00626224,0.00543078
0.0210915,0.0139219,0.00747304,0.0336758,0.00935449,0.00527714
0.0425939,0.0267601,0.0161646,0.0691813,0.015912,0.0171148
0.0148043,0.0102507,0.00591959,0.00287476,0.00139819,0.00750856
0.0104874,0.00730656,0.00422578,0.019826,0.00316968,0.00269464
0.0334821,0.0194562,0.038601,0.164322,0.0442282,0.0791869
0.0083495,0.0055669,0.00336429,0.0206192,0.005516,0.0146128
0.0098058,0.00666516,0.0034691,0.0132762,0.00388987,0.00444597
0.0369085,0.023327,0.03119,0.16444,0.0384967,0.0364945
0.0103259,0.00728587,0.00844047,0.0572369,0.0175718,0.0197558
0.0218375,0.0119597,0.00682106,0.0509904,0.0144244,0.00602428
0.0119877,0.00776338,0.0044384,0.0265662,0.00676305,0.00591388
0.0544892,0.032859,0.0295958,0.0926895,0.0209744,0.0128024
0.00636878,0.00441585,0.00420325,0.0132636,0.00300922,0.00280065
0.0215901,0.0140363,0.00788247,0.0478349,0.0114163,0.0101962
0.00582801,0.00409166,0.00152961,0.0173597,0.00446734,0.00219969
0.00443724,0.00339321,0.00221239,0.0100337,0.00301367,0.00351066
0.00573738,0.00433114,0.00247263,0.00958247,0.00294834,0.00211034
0.0244691,0.0159365,0.00917478,0.042279,0.0100079,0.00830628
0.0434309,0.0265045,0.0148309,0.063211,0.0160667,0.0286622
0.014621,0.00967025,0.0204722,0.0555728,0.0140558,0.0141599
0.0116337,0.00829229,0.00508322,0.0247106,0.00584032,0.00304428
0.0244538,0.0162303,0.00840033,0.026981,0.00601733,0.00447598
0.0101745,0.00696903,0.00648822,0.0461704,0.0132038,0.0245304
0.00754505,0.00546351,0.00294221,0.0236503,0.00448734,0.00952311
0.00929489,0.0065354,0.00419954,0.0204537,0.00568886,0.00308972
0.0207188,0.0117283,0.00829471,0.0407967,0.0109551,0.011244
0.0562253,0.0325479,0.0533035,0.194616,0.0481594,0.0698172
0.0133058,0.00880101,0.00543966,0.0222171,0.00536402,0.00875841
0.0526495,0.0288769,0.0805019,0.320075,0.082914,0.113595
0.00710104,0.00482887,0.00387704,0.0184194,0.00600855,0.0116525
0.0139152,0.00903479,0.0294605,0.100251,0.0262377,0.0260621
0.0107115,0.00719846,0.00486914,0.012745,0.00513063,0.00362117
0.0325052,0.0216345,0.0142828,0.0543831,0.0148598,0.00925925
0.0119001,0.00804669,0.00501935,0.00284506,-0.000375388,0.005237
0.017736,0.0112504,0.00649771,0.0300006,0.0073722,0.00726848
0.0074185,0.00517903,0.00274894,0.02162,0.00262787,0.00424098
0.0218342,0.0139048,0.0117762,0.0933278,0.0222451,0.0115923
0.0149784,0.00994214,0.00404426,0.0228757,0.00482526,0.00803834
0.0206857,0.0137362,0.00570991,0.0304744,0.00779241,0.00777717
0.00699373,0.00463032,0.00208739,0.024185,0.00860446,0.0126058
0.0166465,0.0109522,0.00634905,0.0566943,0.0134243,0.00729599
0.012598,0.00518827,0.00442984,0.0260432,0.00823371,0.00959185
0.0115077,0.00472703,0.00383819,0.0210398,0.00674361,0.00954408
0.00609002,0.00436852,0.00178845,0.0195664,0.00329637,0.00034833
0.0127038,0.00843825,0.00399827,0.0303316,0.00745865,0.00277851
0.00996903,0.00694098,0.0050653,0.0169428,0.0038726,0.00618462
0.0132059,0.00872348,0.0048249,0.0235205,0.00662853,0.0102975
0.0179516,0.0120166,0.0168782,0.0444764,0.0110757,0.0200786
0.0591042,0.0305474,0.0335912,0.154093,0.0410614,0.0340734
0.0247608,0.0121463,0.0128869,0.0483989,0.0146417,0.0243982
0.00594553,0.00393481,0.00411465,0.0182017,0.00280055,0.00251403
0.00917338,0.00599383,0.00341791,0.0127557,0.0052526,0.00410144
0.00595039,0.00444891,0.00323194,0.00450348,0.000323764,0.00588311
0.0378143,0.0238966,0.0160512,0.0943051,0.02132,0.0244766
0.00885759,0.00611761,0.0028701,0.0124908,0.00343732,0.00289766
0.0141512,0.00898951,0.00467387,0.0254347,0.00515098,0.0109607
0.0248992,0.015958,0.0102973,0.0451353,0.00995949,0.0175189
0.0293111,0.0191447,0.00999353,0.0430445,0.00857607,0.0105378
0.0309908,0.0209315,0.0116601,0.0385673,0.00869385,0.00661064
0.00812077,0.0052471,0.00500135,0.0203335,0.00471845,0.00120317
0.00871193,0.0061886,0.00291835,0.0139046,0.0042781,0.00826967
0.012233,0.00845506,0.00458707,0.0270423,0.00696308,0.0102218
0.0161802,0.011005,0.00495056,0.0343229,0.00972943,0.00392051
0.00778657,0.00528747,0.00249436,0.0146715,0.00381605,0.00795185
0.0121641,0.00808009,0.00487793,0.0238878,0.00632982,0.00713586
0.0281093,0.0191699,0.00988224,0.0373517,0.0109671,0.0114306
0.00840462,0.00565614,0.0045854,0.016815,0.00445774,0.00448318
0.00962185,0.00624043,0.00445547,0.0211004,0.00465304,0.00610287
0.0085618,0.00597669,0.00382381,0.0173915,0.00679861,0.00257559
0.0211029,0.0142354,0.00480711,0.0248032,0.00638968,0.00601245
0.006003,0.00450647,0.00244351,0.0108454,0.00305226,0.00391695
0.0512317,0.0317503,0.0137281,0.0562499,0.01578,0.0161392
0.0109211,0.00742327,0.00526021,0.00271124,0.000974743,0.00825227
0.00870497,0.00606295,0.00340909,0.0178966,0.00591252,0.00200348
0.00438118,0.003238,0.00157115,0.00977553,0.00471591,0.0024218
0.0103728,0.00713728,0.00403192,0.011518,0.00145897,0.00291838
0.0249089,0.0166546,0.00827782,0.042283,0.0118862,0.0117836
0.0289631,0.0189443,0.0183573,0.0753651,0.0186566,0.0239421
0.0462151,0.0193236,0.0263736,0.103682,0.025083,0.0241195
0.0100436,0.00702577,0.00430334,0.0296384,0.00577599,0.0078015
0.0117447,0.00779927,0.00813882,0.0243685,0.00572744,0.00577391
0.0134294,0.00782241,0.00863985,0.0237688,0.00537154,0.00563865
0.0155465,0.0106319,0.00875525,0.0388769,0.0094814,0.015352
0.0191935,0.0118398,0.00936278,0.0269875,0.00860565,0.0108169
0.020072,0.0119556,0.00563817,0.0251102,0.00652463,0.00662503
0.0119827,0.00839835,0.00503312,0.0201729,0.00542736,0.0106502
0.00774508,0.00532937,0.00346514,0.0258708,0.00726281,0.00526161
0.0453885,0.0283611,0.0134776,0.0669472,0.0212479,0.0162816
0.00804519,0.00543928,0.00269948,0.0191751,0.00536967,0.00169163
0.0042594,0.00320838,0.0038058,0.0157447,0.00373354,0.00664526
0.00554073,0.00376261,0.00314158,0.0143003,0.00226477,0.00409035
0.00849898,0.00630551,0.0053556,0.0199267,0.00521844,0.0020934
0.0102801,0.00694706,0.00374855,0.0206705,0.00470694,0.00711678
0.019019,0.0129583,0.00813176,0.0560326,0.0138479,0.0214766
0.0132099,0.0089661,0.0046811,0.016495,0.00388119,0.00826161
0.0508452,0.0318302,0.0198877,0.090222,0.026031,0.0232275
0.00695505,0.00471425,0.0027206,0.0313028,0.008294,0.00457157
0.0205976,0.0136548,0.0189163,0.0800886,0.0225806,0.0216993
0.00462567,0.00328008,0.00307528,0.0162441,0.00401516,0.00230273
0.037874,0.0229961,0.0245134,0.0838242,0.019808,0.0385909
0.00738818,0.00500984,0.00340967,0.0197046,0.00327818,0.00669492
0.0258694,0.0168456,0.00737522,0.0349869,0.00743053,0.0109148
0.0137493,0.00942449,0.00462238,0.019522,0.00610427,0.00694461
0.00799318,0.0055795,0.00430439,0.0173439,0.00645955,0.00438491
0.014198,0.00934413,0.00895351,0.0505453,0.0141439,0.0309633
0.00991245,0.00665221,0.00373351,0.018927,0.00757892,0.0119045
0.00491998,0.00358492,0.00314425,0.0154859,0.003881,0.00216447
0.0118744,0.00803117,0.00411579,0.015195,0.00468506,0.003616
0.0377019,0.0241988,0.0259959,0.109501,0.0281156,0.0238271
0.0337728,0.0219754,0.00739633,0.0338028,0.0078836,0.0242561
0.0154973,0.0104672,0.00408836,0.0322535,0.00747111,0.00786871
0.0428667,0.025282,0.0474342,0.137007,0.0368261,0.0845342
0.00873199,0.00573373,0.00312041,0.013631,0.00443028,0.0032795
0.00578509,0.00401796,0.00329392,0.0142552,0.00409127,0.00207743
0.0380211,0.0199723,0.0236754,0.123448,0.0336007,0.0492057
0.014501,0.00962022,0.00593404,0.0290761,0.00648568,0.00410232
0.0100556,0.00700645,0.00423261,0.0126583,0.00434243,0.00615223
0.0125296,0.00839227,0.00761031,0.0439989,0.0104109,0.0113132
0.0236307,0.0152336,0.0233015,0.127284,0.0293895,0.0433219
0.0229077,0.0158469,0.0152405,0.0499965,0.0119847,0.0131837
0.0167876,0.0114293,0.00553451,0.0227038,0.00542072,0.00944009
0.0200372,0.0135938,0.00590722,0.0216039,0.00638686,0.0105316
0.0100032,0.00694993,0.00429289,0.029695,0.00646137,0.00425494
0.00822832,0.00559749,0.00326339,0.0134824,0.00145813,0.00290935
0.0164218,0.0112412,0.00568633,0.0217454,0.00369838,0.0114613
0.00718301,0.00498909,0.00390454,0.0215361,0.00458088,0.00279647
0.0163008,0.0109795,0.00512596,0.0202821,0.00616876,0.00217459
0.0211211,0.00856539,0.0077661,0.0283574,0.00885839,0.00945165
0.0214479,0.00844909,0.00716948,0.0282988,0.00800096,0.00848275
0.00467503,0.00327933,0.00137783,0.00828814,0.00313239,0.00300136
0.0125197,0.00876243,0.00382858,0.0213772,0.0061762,0.00550782
0.0287196,0.0195342,0.0108601,0.0525734,0.0120668,0.0065835
0.0202029,0.0132937,0.0251513,0.146145,0.040428,0.0540339
0.00528394,0.00344058,0.00246317,0.0107846,0.00358787,0.00453787
0.0080942,0.00528209,0.00257521,0.0218122,0.00448227,0.00692623
0.00702214,0.00510455,0.00335391,0.0106049,0.00313221,0.00094741
0.0161392,0.0113349,0.00510552,0.0302631,0.00804826,0.0123576
0.0451113,0.0282444,0.0138654,0.0526215,0.0140578,0.0173376
0.0379953,0.0243901,0.0248276,0.105442,0.0291638,0.0510412
0.0053922,0.00360065,0.00537062,0.0528775,0.0154248,0.0174158
0.01159,0.00815914,0.00675627,0.00674783,0.000228744,0.0058089
0.0368093,0.0231106,0.0102049,0.0527336,0.0117973,0.0155495
0.0648466,0.0355117,0.0473964,0.188974,0.0463316,0.044697
0.00739239,0.00512633,0.00480564,0.0335322,0.00830394,0.00472354
0.0220324,0.0150888,0.00624035,0.0363412,0.00836484,0.0181558
0.0185687,0.00658494,0.00844682,0.0343891,0.00829884,0.00588993
0.0134213,0.00914857,0.0060899,0.0228218,0.00688682,0.00787527
0.0185499,0.0128139,0.00649075,0.0197862,0.00496107,0.0143934
0.0268835,0.0165803,0.0255914,0.0842591,0.0226692,0.0159548
0.0132697,0.00913986,0.00596557,0.0310394,0.00710465,0.0136999
0.0138133,0.00948989,0.00839961,0.0308402,0.00844721,0.0240829
0.0258674,0.0169243,0.0170985,0.0920097,0.0266424,0.0272945
0.00730256,0.00481606,0.0046542,0.0222676,0.00571379,0.00448215
0.0067763,0.00470108,0.002557,0.0223734,0.00511054,0.00294968
0.0164058,0.0111017,0.00589825,0.0204492,0.00572814,0.00783631
0.00763393,0.00492156,0.00346843,0.0229003,0.00419545,0.00424257
0.00579119,0.00389883,0.00339492,0.0161665,0.00300407,0.00104037
0.0303616,0.0197566,0.0102156,0.0433929,0.0114681,0.0109464
0.0123061,0.00875473,0.00733259,0.0295397,0.0073353,0.00990179
0.00893685,0.00633195,0.00357704,0.0109325,0.00359365,0.00192698
0.04021,0.0244951,0.0314355,0.111419,0.0266645,0.0419571
0.027424,0.0179169,0.00824436,0.0435617,0.00973676,0.03074
0.00684268,0.00485694,0.00413099,0.0254485,0.00529835,0.000488009
0.0371202,0.0239273,0.0163393,0.0532696,0.0127306,0.0300939
0.0233292,0.0154568,0.021308,0.0905606,0.0211083,0.0363507
0.00864385,0.0059532,0.00281265,0.0183551,0.0047509,0.00273004
0.0495748,0.0284255,0.0269005,0.108339,0.0314108,0.0522952
0.0182635,0.0121106,0.0122397,0.0648474,0.0183436,0.0179502
0.0279203,0.0182257,0.0106672,0.0301222,0.00912283,0.00646005
0.0099385,0.00707534,0.00395229,0.0320672,0.00743477,0.00365421
0.0107293,0.0069123,0.00495153,0.0210938,0.00759778,0.00941055
0.0252198,0.0157121,0.0464332,0.203998,0.0533909,0.0958267
0.0313577,0.0207718,0.010375,0.0617551,0.0152934,0.00952172
0.00436131,0.00322702,0.00276498,0.0116089,0.00309096,0.00397504
0.0343853,0.0221776,0.0392991,0.147679,0.0348354,0.063601
0.0198062,0.0127869,0.00722947,0.0432441,0.0110106,0.00845182
0.00824185,0.00582564,0.00487902,0.0363605,0.00912204,0.00738586
0.0170111,0.0115215,0.0193039,0.124817,0.0322757,0.0250301
0.0501778,0.0295961,0.0172096,0.0764153,0.0179679,0.0151989
0.00947396,0.00622052,0.00375882,0.019363,0.00395985,0.00151008
0.0211881,0.014152,0.00508652,0.0471863,0.0124522,0.0106343
0.0135727,0.00927283,0.00600202,0.0174697,0.00450093,0.00540233
0.00840922,0.00559613,0.00376212,0.0132359,0.00450314,0.00422684
0.015821,0.0107479,0.00442532,0.0230491,0.00660455,0.00664316
0.0151589,0.0105185,0.011261,0.0639574,0.0190688,0.0465462
0.0126773,0.0083815,0.00648987,0.0384148,0.00877897,0.0136014
0.0255242,0.0171043,0.0077168,0.0382841,0.00941616,0.00515358
0.0227684,0.0150196,0.0223844,0.110087,0.0288516,0.0468574
0.0178297,0.00783235,0.00965954,0.0236144,0.00790201,0.0167976
0.0184355,0.00780322,0.00905401,0.0198446,0.00762218,0.0153894
0.0177191,0.0122821,0.0053903,0.0237618,0.00418939,0.00497186
0.0132902,0.0091992,0.00394289,0.0173143,0.00551904,0.00295761
0.00758796,0.00519313,0.00274246,0.0152038,0.00394472,0.00594067
0.00514828,0.00355554,0.0034849,0.0244664,0.0080809,0.0118444
0.0161233,0.0108342,0.010878,0.0591696,0.0154165,0.0200983
0.0398943,0.0250995,0.0174511,0.0787651,0.0192256,0.0200947
0.0201409,0.0130217,0.00809488,0.0329259,0.0100655,0.0179459
0.0265529,0.0175949,0.00707396,0.0366497,0.0100206,0.00698746
0.0153662,0.0104955,0.00591033,0.026904,0.00681835,0.00979844
0.0103915,0.00702241,0.00355433,0.0163649,0.00545228,0.0103217
0.0156419,0.0106659,0.0104181,0.0392265,0.00997351,0.00420019
0.0291525,0.0187383,0.0380444,0.104217,0.0249936,0.0141032
0.0262324,0.0173986,0.0190695,0.104317,0.0246691,0.0232313
0.00560204,0.00383735,0.00150885,0.013655,0.00287007,0.00643099
0.0251434,0.0167646,0.0108276,0.0380478,0.0102464,0.0177773
0.0194641,0.0132618,0.0076315,0.0486134,0.00931134,0.00782498
0.0261441,0.0171127,0.0213749,0.0235635,0.00474348,0.0205209
0.00634495,0.00446101,0.00253311,0.00815376,0.0030552,0.00334688
0.010109,0.00676844,0.00407313,0.0332262,0.0118261,0.0263007
0.0401271,0.024881,0.0235639,0.0445231,0.010683,0.0263752
0.0407996,0.0245503,0.0373328,0.138659,0.0371922,0.0405866
0.0463535,0.0286704,0.0122874,0.0890184,0.0257888,0.0401614
0.0169132,0.011215,0.00691486,0.0359099,0.010151,0.0118703
0.0309579,0.0187649,0.0164509,0.0836163,0.0209346,0.0514017
0.00989901,0.00685993,0.00498077,0.0150831,0.00485805,0.00706832
0.00899076,0.00603645,0.0059294,0.0255158,0.00535416,0.00367204
0.00493361,0.00362122,0.00259389,0.015946,0.00439791,0.00736856
0.0312804,0.0200152,0.0107165,0.0341602,0.0106473,0.0213702
0.00471326,0.00331221,0.00392163,0.012227,0.00518167,0.00403727
0.0229333,0.0150454,0.00596086,0.0462102,0.011932,0.0132435
0.00700651,0.00460045,0.002186,0.0112021,0.00283658,0.00850052
0.0300818,0.0197564,0.00763785,0.0352553,0.0118018,0.0112569
0.0179266,0.0125461,0.00588131,0.0133005,0.00165595,0.0056649
0.00539145,0.00365378,0.00131297,0.0107319,0.0028899,0.000437345
0.0314246,0.0162177,0.0122567,0.0605695,0.0161474,0.0283909
0.022786,0.0149988,0.00820202,0.0645619,0.0177526,0.017839
0.00804108,0.00561987,0.00242028,0.0179661,0.00576804,0.00360241
0.00948458,0.00624104,0.00352621,0.0172587,0.0039881,0.00479096
0.0197653,0.0133614,0.0126831,0.0308885,0.00874857,0.00790378
0.0171172,0.0112895,0.00525954,0.0266371,0.00774964,0.0161641
0.0418894,0.0265534,0.0176446,0.0809159,0.0243574,0.0328535
0.00652028,0.00470753,0.00285977,0.0119807,0.00332117,0.00413434
0.0255624,0.0173894,0.00936404,0.0420602,0.0115317,0.0192354
0.0201958,0.0137043,0.00436758,0.0301469,0.00863996,0.00662451
0.0191843,0.0127686,0.00860309,0.0434359,0.00788155,0.00851344
0.02073,0.0144506,0.00754599,0.0258422,0.00741428,0.0122138
0.01792,0.0126745,0.00592083,0.0227193,0.00586392,0.0100409
0.010548,0.0072541,0.00381438,0.0251096,0.00547869,0.00499249
0.0142893,0.00892667,0.00689846,0.0264256,0.00845613,0.0101651
0.0166586,0.00720014,0.00658756,0.0404318,0.0121681,0.0101021
0.0155436,0.00658363,0.00789312,0.0345927,0.00719945,0.00872334
0.01744,0.0121191,0.00518263,0.0165262,0.00405507,0.00924099
0.0233692,0.0151421,0.0153431,0.0709164,0.0183762,0.0451898
0.0287376,0.0146119,0.00917611,0.0318491,0.0095228,0.0115929
0.0495798,0.0244693,0.0203483,0.0907029,0.021447,0.034813
0.0246643,0.0166612,0.00612521,0.0330859,0.00851939,0.00401595
0.0362039,0.0225195,0.0242085,0.111776,0.030704,0.0269676
0.0115739,0.00796071,0.00314542,0.031935,0.007783,0.00587749
0.0483073,0.0216932,0.0259221,0.103736,0.0266301,0.0215807
0.0423759,0.0258866,0.0138359,0.05943,0.0177154,0.00707381
0.0171426,0.0117333,0.0063692,0.0227919,0.00491643,0.0030643
0.00860854,0.00591032,0.00328631,0.0127925,0.00413462,0.00176243
0.0107422,0.00741706,0.00383978,0.0209251,0.00639951,0.0114977
0.025459,0.0156525,0.00942758,0.0600859,0.0146979,0.016786
0.0231216,0.0127293,0.00587428,0.0450331,0.00946372,0.00705693
0.0279654,0.018378,0.0107319,0.0414297,0.00973902,0.015899
0.00982431,0.0067286,0.0032103,0.00347097,0.00192868,0.00626981
0.0414439,0.0266884,0.0175538,0.0814923,0.0197633,0.0364849
0.0111954,0.0073656,0.0035716,0.0177098,0.00443874,0.00797701
0.00620553,0.00429237,0.00330576,0.0158703,0.00573202,0.0039635
0.00594356,0.00414115,0.00263746,0.00687629,0.00236316,0.00383822
0.0235468,0.0158507,0.00756659,0.0380937,0.00877156,0.0213578
0.00556524,0.00436245,0.00275151,0.0138845,0.00288613,0.00452698
0.0268586,0.0177088,0.00595432,0.0320023,0.00913704,0.0168468
0.0147585,0.00995382,0.00531439,0.0283955,0.00741721,0.00244061
0.0120385,0.00837854,0.00385053,0.0209497,0.00541352,0.0101231
0.00869703,0.00570787,0.00326651,0.0129672,0.00359636,0.00192276
0.0301285,0.0198756,0.00812964,0.0417186,0.00992864,0.0112811
0.0077224,0.00563102,0.0137479,0.0360055,0.0108963,0.0148527
0.00857413,0.00412698,0.0178284,0.0772852,0.0238386,0.04459
0.0500072,0.0303223,0.0330723,0.1494,0.0394799,0.0482011
0.00806666,0.00531819,0.00305376,0.0172617,0.00383042,0.00116372
0.0104328,0.00682726,0.00415639,0.0129011,0.00243045,0.00367822
0.032442,0.0212024,0.0106444,0.0447452,0.011303,0.0090768
0.013589,0.0088705,0.00349201,0.0154455,0.00492854,0.00383196
0.0258295,0.0157897,0.0186289,0.0621264,0.0155384,0.0120777
0.0375303,0.0174808,0.0110112,0.055349,0.01716,0.0144391
0.0126478,0.00843794,0.00442529,0.0245805,0.00658699,0.00522348
0.00625263,0.00441532,0.0023537,0.0176359,0.0046362,0.00687816
0.0108312,0.00754963,0.00395873,0.0166691,0.00522278,0.00504537
0.00963242,0.00621092,0.00319315,0.0247808,0.00595625,0.00282633
0.00458751,0.00332888,0.00242936,0.011411,0.00190772,0.00361092
0.00673354,0.00439141,0.00391335,0.0177326,0.00621391,0.00316534
0.0130796,0.00882516,0.00448834,0.0186738,0.00552647,0.00492485
0.0260105,0.01673,0.00965804,0.0422368,0.00892689,0.0120589
0.0141706,0.00973007,0.00404651,0.0196472,0.00357036,0.00416031
0.0158529,0.0106479,0.00699445,0.0318838,0.00888252,0.00416224
0.0425093,0.0272173,0.0206328,0.0852634,0.0213958,0.0181024
0.0110866,0.0073324,0.00573005,0.0299564,0.00768385,0.00705608
0.00802958,0.00566363,0.00611267,0.0275245,0.00749663,0.00791519
0.0313355,0.0204108,0.0131776,0.049916,0.0109528,0.0153813
0.0268538,0.0168626,0.016028,0.0955877,0.0265583,0.0522135
0.00655452,0.00458662,0.00136924,0.0144163,0.00342354,0.0182229
0.0235059,0.0156621,0.00715296,0.0324915,0.00743673,0.0172949
0.0138109,0.00942903,0.00398679,0.0179637,0.00645952,0.00702449
0.019781,0.0126992,0.0127867,0.0822556,0.0232201,0.0702738
0.0280526,0.0187973,0.0147464,0.0573579,0.0146924,0.0202284
0.019792,0.0130557,0.00603715,0.0275244,0.00693895,0.0092793
0.0136169,0.00920163,0.00484775,0.0175671,0.005755,0.00892159
0.0264334,0.0170899,0.00975554,0.0670058,0.0166058,0.00662786
0.0259712,0.0172293,0.00972438,0.0481138,0.0133921,0.0094023
0.00696942,0.00481008,0.00349284,0.0324192,0.00981455,0.0111227
0.00928245,0.00600882,0.0037757,0.0208744,0.00572872,0.00839627
0.0127139,0.00866781,0.00346119,0.0249474,0.00554498,0.00896854
0.0143346,0.00993435,0.00393101,0.0302105,0.0084765,0.0105425
0.00653974,0.00435044,0.00222608,0.0224378,0.00429106,0.0113742
0.00564314,0.00377684,0.00311855,0.00648472,0.000507767,0.00259644
0.0196278,0.0131138,0.00411066,0.0307749,0.00930884,0.00544422
0.0209386,0.0138845,0.0158854,0.0970418,0.0231442,0.0137657
0.00675878,0.00471465,0.00300945,0.0225387,0.00523087,0.00985766
0.0263402,0.0172969,0.00911871,0.0528302,0.0130971,0.030919
0.0112839,0.00757793,0.00489346,0.0189782,0.00430656,0.0138166
0.0158823,0.0110505,0.00481218,0.0220065,0.00485323,0.00342034
0.0332292,0.0217084,0.00863758,0.0441384,0.0103965,0.0144534
0.0118326,0.0080831,0.00600166,0.0311605,0.00850231,0.00625286
0.0100659,0.00723536,0.00327441,0.0245705,0.00582472,0.00906097
0.0108106,0.00764932,0.00434991,0.0229325,0.00509011,0.00495997
0.0277861,0.0179677,0.0129658,0.0520107,0.0131885,0.0108325
0.0706695,0.031064,0.0249524,0.104757,0.0284321,0.0653367
0.064826,0.0312046,0.0232899,0.0920772,0.0205959,0.0549042
0.0117872,0.00803778,0.0068813,0.0213287,0.0055122,0.00600778
0.00504025,0.00369441,0.00274585,0.0133149,0.00430393,0.00201878
0.00857577,0.00623397,0.00335389,0.0185409,0.00467205,0.00731915
0.0179757,0.0119768,0.00711606,0.0296922,0.0092123,0.00832733
0.020959,0.0141839,0.00824229,0.0302776,0.00729534,0.00880457
0.0276929,0.0188275,0.00957721,0.0614197,0.0153163,0.016834
0.0394549,0.0252908,0.0118418,0.0706672,0.0180123,0.0209975
0.0285139,0.0190025,0.0221873,0.0971925,0.0259052,0.0449792
0.0232867,0.0154848,0.0074568,0.0264395,0.00713132,0.00822882
0.0245687,0.0162519,0.0104204,0.0489673,0.0121509,0.0080888
0.0268132,0.0181795,0.00898329,0.0504789,0.0152964,0.0171008
0.0252866,0.0162197,0.0174673,0.0910817,0.0254378,0.0694827
0.0090413,0.00604942,0.00392691,0.0268374,0.00524572,0.00346738
0.01393,0.0100032,0.00436946,0.0196469,0.00498285,0.00364573
0.00972654,0.00652301,0.0143746,0.0395459,0.0121858,0.0132077
0.0266656,0.0176294,0.0297099,0.101824,0.0271227,0.0470644
0.00668271,0.00463451,0.00348661,0.0181092,0.00298142,0.00136202
0.0103439,0.00719032,0.00910462,0.0558146,0.0145066,0.00998544
0.0545523,0.0349899,0.0266829,0.132925,0.0365961,0.036119
0.0251688,0.0166249,0.00955608,0.0609839,0.0132628,0.0157377
0.0169147,0.0116082,0.00512862,0.0281575,0.00735769,0.00418146
0.0226301,0.0145736,0.0102192,0.0308162,0.00796599,0.0158516
0.0174285,0.0112335,0.0236061,0.0897778,0.0235667,0.0226853
0.0151388,0.0104856,0.00621184,0.0240797,0.00676734,0.0217421
0.0343167,0.0217794,0.0121978,0.0472161,0.0126191,0.0300844
0.00493084,0.00359121,0.00272773,0.00957213,0.00459468,0.000310036
0.0149391,0.0102592,0.00458333,0.0434387,0.0094453,0.0197836
0.0098959,0.00679374,0.00294519,0.0200283,0.0054387,0.00561805
0.0212662,0.0137878,0.00919988,0.0422809,0.0103362,0.00736329
0.00427749,0.00330659,0.00154799,0.0101,0.00354207,0.00331306
0.0594456,0.0248133,0.0227561,0.0869447,0.0235365,0.0207003
0.0109165,0.00730431,0.00378344,0.0254982,0.00700373,0.00639212
0.0229785,0.0153173,0.0162764,0.0723405,0.0188061,0.0266642
0.0134242,0.00650037,0.0101945,0.0584793,0.0181749,0.0360297
0.0141552,0.00663378,0.0102042,0.0590001,0.0174467,0.0367863
0.0129566,0.00915315,0.0051688,0.0321394,0.00715228,0.00743286
0.00639528,0.00475003,0.00185986,0.00333109,0.000410648,0.00159421
0.015935,0.0111612,0.00918148,0.0308757,0.0100142,0.00516161
0.00740919,0.00542514,0.00298929,0.014443,0.00411634,0.00707661
0.0100886,0.0066626,0.00459451,0.0208558,0.00513487,0.00557611
0.0243235,0.0150739,0.00766839,0.0356674,0.00981384,0.010099
0.0603036,0.0360917,0.0176599,0.0803322,0.019294,0.0333771
0.049547,0.0242447,0.0241262,0.131909,0.0345492,0.0417167
0.0146125,0.00940865,0.00642074,0.0264336,0.00704306,0.00530261
0.0198243,0.0114074,0.00773861,0.023898,0.00736975,0.00590939
0.030366,0.0195702,0.00939738,0.047923,0.0118723,0.0181305
0.00938163,0.00645961,0.00410981,0.0199371,0.00545425,0.00326556
0.0259458,0.0171737,0.00666804,0.0377471,0.0092392,0.0256767
0.0373729,0.0240086,0.0395388,0.105644,0.0285227,0.0314129
0.00505193,0.00345978,0.00169208,0.002529,-0.000164118,0.00242884
0.0133678,0.009358,0.00466374,0.0167566,0.0031528,0.00771038
0.00937018,0.00655469,0.00402475,0.0178111,0.00338316,0.0013885
0.0077302,0.00504413,0.00272836,0.0156148,0.00340523,0.00224535
0.0154087,0.0107201,0.00505327,0.0222192,0.00792098,0.00993345
0.00988216,0.00687626,0.00397623,0.0232183,0.0043461,0.00501527
0.0269013,0.017207,0.0100209,0.0212228,0.00440555,0.0178334
0.0335484,0.0190417,0.0325487,0.136215,0.0353938,0.0663036
0.00938011,0.00645569,0.00366238,0.0134277,0.00230158,0.00426444
0.0179612,0.0121584,0.00556877,0.0188552,0.0047001,0.0142593
0.00588835,0.00368468,0.00318517,0.0121477,0.00413965,0.00179455
0.0273185,0.0180767,0.0112712,0.0522756,0.0135357,0.0328549
0.00911617,0.00612926,0.00871203,0.0485779,0.0114081,0.00708837
0.0128921,0.0082734,0.0185426,0.104362,0.0280605,0.0193191
0.00785171,0.00547691,0.00357181,0.00168497,0.000916929,0.00620677
0.0112568,0.00805075,0.00555135,0.0310006,0.00762185,0.00222496
0.0222438,0.0144322,0.00701298,0.039559,0.0104517,0.0137525
0.0221452,0.0146166,0.0100909,0.040003,0.0110826,0.0105141
0.0150857,0.0104147,0.00525365,0.0238273,0.00285041,0.00545133
0.022747,0.0145177,0.0196234,0.0994114,0.0278132,0.0412698
0.0257225,0.0167127,0.0121635,0.0368331,0.0105423,0.0093818
0.0378297,0.0176527,0.0142932,0.0901241,0.0240718,0.0521989
0.011279,0.00737512,0.0157667,0.061129,0.0160161,0.0264151
0.00646599,0.0042383,0.00159504,0.0203776,0.00595931,0.00258555
0.0108831,0.00777255,0.00396775,0.0160237,0.00551934,0.00271088
0.0159926,0.0108379,0.00858188,0.0546054,0.0145986,0.0294567
0.0150947,0.0103256,0.00448203,0.0477486,0.0141319,0.0307723
0.0216466,0.0143016,0.00916145,0.0400044,0.00795306,0.0114516
0.03345,0.0208814,0.0121794,0.0454281,0.0112069,0.0122653
0.010967,0.00748336,0.00528903,0.0315547,0.00891393,0.0219836
0.027607,0.01247,0.00898018,0.0498974,0.0116759,0.0150642
0.0218628,0.0142931,0.0119258,0.0496041,0.0119606,0.00571066
0.0162681,0.0100841,0.00762084,0.0225889,0.00627137,0.0179625
0.00650964,0.00466858,0.00248975,0.0110486,0.00360142,0.0028611
0.0634803,0.0367601,0.0268902,0.157995,0.04099,0.0515974
0.00853774,0.00605282,0.00330416,0.020113,0.00674105,0.00487573
0.00529477,0.00364484,0.00132199,0.0286423,0.008792,0.0184926
0.0330259,0.021053,0.017954,0.0798574,0.0208847,0.0309065
0.0388579,0.0245562,0.0369453,0.182809,0.0481256,0.0811291
0.0105167,0.00721384,0.00316693,0.016403,0.00437858,0.00117814
0.0360914,0.0235022,0.0206681,0.0881191,0.0222168,0.0323249
0.0194038,0.013341,0.00789084,0.0230951,0.00738416,0.012598
0.0216409,0.0146451,0.00756892,0.035164,0.0110478,0.00946019
0.0208028,0.0142051,0.00705675,0.0347549,0.00786696,0.00513643
0.0114352,0.00770672,0.00460469,0.0231833,0.00648816,0.0073499
0.0360177,0.0160796,0.0109019,0.0672316,0.0203949,0.0700833
0.0381374,0.0160234,0.0110287,0.0707706,0.020728,0.0680993
0.0105716,0.00709586,0.00567775,0.0266145,0.00670744,0.00445226
0.0140013,0.00944947,0.00436502,0.0165999,0.00445983,0.00740376
0.0213275,0.0141772,0.0281189,0.124005,0.0326793,0.0826066
0.0173552,0.0121164,0.00455172,0.0302149,0.00706025,0.00644884
0.00824495,0.00532913,0.00281882,0.0272581,0.00671123,0.00401982
0.0104183,0.00725315,0.00500963,0.0186075,0.0046716,0.00621901
0.0072066,0.00457544,0.00124597,0.0276138,0.0073928,0.0125987
0.0176858,0.0122067,0.00619624,0.0251212,0.00599486,0.00251183
0.018691,0.0129252,0.0122407,0.0657182,0.0177202,0.0157033
0.023427,0.0152369,0.0105501,0.0522829,0.0127723,0.0175505
0.0229827,0.01567,0.00677544,0.0264316,0.00729799,0.00308374
0.0275883,0.0182691,0.0101772,0.0480704,0.0134606,0.0192004
0.0297432,0.019663,0.0325119,0.117607,0.0286751,0.0445541
0.0039365,0.00302028,0.00177126,0.0217985,0.00552183,0.00257096
0.0169121,0.011466,0.00483264,0.0269686,0.00578376,0.0105833
0.0107504,0.00776167,0.00649308,0.0264001,0.0077155,0.0056201
0.0180263,0.0107396,0.00582756,0.0282598,0.00739699,0.00962685
0.0191408,0.00954793,0.00452196,0.0352405,0.00690937,0.0145464
0.00646317,0.00448949,0.00489839,0.0291315,0.0058542,0.00500372
0.0192977,0.013106,0.00643564,0.0265631,0.00793777,0.0180384
0.0151466,0.00994664,0.00517853,0.0294065,0.00588719,0.00714157
0.00563684,0.00382136,0.00292612,0.0220979,0.00364488,0.0035795
0.0214647,0.0135727,0.0071415,0.0475734,0.0155974,0.00640659
0.00885499,0.00575626,0.00363384,0.0146528,0.00314803,0.00443178
0.0238681,0.0159905,0.012073,0.0429663,0.00921969,0.0104113
0.0144239,0.00967918,0.00887233,0.0538402,0.0118023,0.012469
0.0049672,0.00343518,0.00332726,0.0177017,0.00459917,0.00300207
0.0201182,0.0133883,0.00791064,0.0187742,0.0049114,0.0104054
0.0133267,0.00882341,0.0077463,0.0506646,0.0150152,0.0230283
0.0124862,0.00822547,0.00818745,0.0555946,0.0140568,0.0232238
0.0125256,0.00875468,0.00311051,0.0228873,0.0062244,0.00461108
0.0134795,0.0056226,0.00514728,0.0295357,0.00884406,0.0122731
0.0143235,0.00683854,0.00600899,0.0267624,0.00677973,0.00702533
0.0123405,0.00872734,0.0045584,0.0202289,0.00461484,0.00805437
0.0119832,0.00817317,0.00442654,0.0104936,0.00395544,0.00639209
0.0234748,0.0154274,0.00807698,0.0278874,0.0077982,0.0053525
0.0209274,0.0122399,0.0211475,0.0895088,0.0236927,0.0338961
0.0161557,0.0109893,0.0055822,0.0398621,0.0100587,0.00753234
0.0139316,0.00944154,0.00500891,0.0155217,0.0045992,0.0077702
0.0222297,0.0145876,0.00603537,0.0415439,0.0104592,0.00825847
0.0248103,0.0163575,0.00744527,0.033866,0.00990613,0.0172665
0.0085794,0.0057375,0.00416488,0.0192573,0.0044189,0.00184965
0.0142735,0.00958276,0.00313149,0.0218073,0.00400738,0.00287808
0.0311284,0.0205099,0.0108725,0.0545414,0.014913,0.0266403
0.0312095,0.0211122,0.0102755,0.0399832,0.0095192,0.0270023
0.00806864,0.00563554,0.00456032,0.0136269,0.00346187,0.00480185
0.0221587,0.0145692,0.00620568,0.025905,0.00761301,0.00674829
0.0137364,0.00964121,0.00519163,0.0221077,0.00611074,0.016084
0.0149059,0.0105108,0.0039731,0.0150285,0.00461492,0.0114706
0.0348999,0.0211821,0.00896044,0.0629519,0.0166185,0.0221143
0.0417585,0.0231489,0.00998575,0.0636774,0.0142473,0.0243338
0.00782335,0.00538642,0.00322741,0.00685484,-4.35873e-05,0.00502235
0.0422904,0.0260869,0.0208094,0.0643224,0.0167957,0.0163625
0.00788437,0.00531039,0.00322098,0.0210826,0.00483758,0.00805647
0.00950126,0.00620168,0.00332791,0.0181282,0.00454777,0.00443353
0.0160666,0.0107629,0.00303368,0.0315837,0.00955221,0.0148664
0.00957462,0.0066487,0.00307165,0.0141231,0.00354583,0.00508605
0.0392164,0.0237544,0.0231393,0.101974,0.0257859,0.0411806
0.0193847,0.0137362,0.00702953,0.0206188,0.00485666,0.025634
0.0217665,0.014456,0.00773207,0.0357554,0.0093363,0.00888652
0.0170137,0.0121095,0.00447659,0.0195936,0.00419049,0.00440802
0.0116309,0.00740557,0.0100924,0.0433206,0.0116516,0.0309783
0.0309529,0.0179526,0.0420778,0.20823,0.0569408,0.0956544
0.0111152,0.00793593,0.00391526,0.0130733,0.00294972,0.0027444
0.0162894,0.00994314,0.00829165,0.0397541,0.0101394,0.00867925
0.00984293,0.00704777,0.00366871,0.0176442,0.00381318,0.00380848
0.0164642,0.0115492,0.00781756,0.0296013,0.0103634,0.0231889
0.0145722,0.0104607,0.00457842,0.0243693,0.00649278,0.00899768
0.0123853,0.00831579,0.0041322,0.00981329,0.00369953,0.00355708
0.0158481,0.00859756,0.00670221,0.0349276,0.0090721,0.0186991
0.0149655,0.0102371,0.00843078,0.0433225,0.0095998,0.0132892
0.0323095,0.0215598,0.0156456,0.0577847,0.0159513,0.0132802
0.0198319,0.0132266,0.0106408,0.0502067,0.0120187,0.0281396
0.0100015,0.00683854,0.00246952,0.0348355,0.0130027,0.0269672
0.0248254,0.016036,0.0122566,0.0387359,0.0117669,0.0106468
0.0120846,0.00827621,0.00415009,0.0103011,0.00307366,0.00652698
0.0230637,0.0145248,0.00810359,0.0401138,0.00961319,0.0155097
0.0170547,0.00868045,0.00525472,0.0371355,0.0124897,0.0100201
0.0186287,0.0088159,0.00533458,0.0406145,0.00878965,0.00904426
0.00941603,0.00649902,0.00283251,0.0147079,0.00446325,0.00756234
0.0199862,0.0137263,0.0119043,0.0391481,0.00948446,0.0123256
0.0063892,0.00447587,0.00308441,0.0137537,0.00519515,0.00326493
0.0115058,0.00815868,0.00430906,0.0177049,0.00389822,0.0102714
0.00668809,0.0046186,0.0015075,0.00839275,0.00311269,0.00233349
0.0369388,0.0229934,0.0139559,0.0574091,0.015976,0.0187813
0.00840446,0.00567388,0.00332142,0.0117365,0.00384252,0.00334332
0.01893,0.0131168,0.00593339,0.0296696,0.00946946,0.0113459
0.00462053,0.00333273,0.00486468,0.0260538,0.00553756,0.0107471
0.012041,0.00822101,0.00565092,0.0222191,0.00563128,0.0115689
0.00722015,0.0049517,0.00352382,0.014171,0.00391497,0.00521659
0.00454122,0.00320626,0.0021184,0.0248989,0.00489557,0.00403983
0.0102792,0.00698741,0.00344409,0.0153056,0.00377709,0.00137137
0.0216215,0.0143811,0.00641816,0.0381324,0.00859768,0.00518891
0.0194402,0.0130648,0.0116325,0.0523546,0.0144218,0.0318232
0.0111258,0.00753408,0.00647887,0.0267266,0.00590234,0.00826527
0.0235428,0.0155161,0.00776681,0.0391519,0.0114648,0.0207504
0.0220392,0.00935762,0.00903525,0.0398675,0.00954729,0.0129475
0.0224158,0.00932297,0.00893543,0.0370353,0.00956787,0.012701
0.0414106,0.0263279,0.0120312,0.0486021,0.0129952,0.0248526
0.00652801,0.00490459,0.00512018,0.049272,0.0109719,0.00618573
0.0430333,0.0264567,0.0206988,0.0748478,0.019178,0.0177961
0.0280738,0.0181716,0.00870043,0.0455067,0.0113366,0.0208689
0.0269469,0.0172601,0.0142851,0.0885836,0.0239191,0.0472794
0.048396,0.0289255,0.0334201,0.142747,0.0339944,0.0358378
0.012173,0.00790041,0.00527942,0.0207751,0.00451672,0.00401884
0.00416872,0.00310533,0.00255853,0.0118,0.00391189,0.00323452
0.00949248,0.00656016,0.00544192,0.0299639,0.00776659,0.00510448
0.0260393,0.0155304,0.0210108,0.102027,0.02797,0.0310611
0.0230556,0.0155945,0.00893139,0.0271818,0.00728693,0.0126566
0.0246628,0.0161078,0.0100133,0.048182,0.0130329,0.012625
0.0146325,0.00983159,0.00435459,0.018309,0.00391883,0.00375126
0.0185542,0.0121372,0.00998768,0.0498049,0.0139425,0.0195199
0.0125709,0.00842072,0.00493531,0.0356103,0.00845011,0.00548731
0.0208822,0.013406,0.0100358,0.0261131,0.0065707,0.00253525
0.0272073,0.0180648,0.00917706,0.0527002,0.0143557,0.0151041
0.00852402,0.00603148,0.00327055,0.0156136,0.00390798,0.0108939
0.00622029,0.00437657,0.00328417,0.0118503,0.0035457,0.00321348
0.00797389,0.00565284,0.00262803,0.0135963,0.00388801,0.00466622
0.0182062,0.00899012,0.00579057,0.0452716,0.0110515,0.00630562
0.00901137,0.00618342,0.00355647,0.0141178,0.00357137,0.00178601
0.00826565,0.00557204,0.00351512,0.0183606,0.00428994,0.0063108
0.0171541,0.0120743,0.00698897,0.0464002,0.0117468,0.0236697
0.0269119,0.0138044,0.0169431,0.0704175,0.0208151,0.0254473
0.0283896,0.0139028,0.0170239,0.0694845,0.018857,0.0269819
0.00685815,0.0047401,0.00465565,0.00565572,0.00113733,0.0128658
0.00705697,0.0049191,0.00335316,0.0138468,0.00256988,0.00321531
0.017195,0.0114962,0.00713342,0.0326048,0.00820306,0.00321136
0.0110228,0.00755602,0.00488727,0.0184872,0.00484162,0.00911757
0.0333018,0.0178466,0.055788,0.263984,0.0701349,0.0897134
0.0121796,0.00474028,0.00587759,0.0463699,0.0162609,0.014461
0.0429836,0.0182398,0.0211793,0.0806046,0.0239273,0.0320198
0.039893,0.0183529,0.019468,0.0665777,0.0161542,0.0270975
0.0143779,0.00988165,0.00483535,0.0221617,0.00478188,0.00577306
0.0195163,0.0138306,0.0052529,0.019489,0.00526157,0.00686357
0.00702965,0.00513594,0.00992799,0.0522618,0.0137279,0.00280327
0.0147576,0.00984121,0.00359019,0.0408328,0.00957739,0.00581963
0.0102418,0.0071874,0.00313367,0.0187892,0.00544404,0.00362871
0.02613,0.01655,0.0138438,0.0628123,0.0159503,0.0413073
0.0252532,0.0171213,0.00755821,0.0396794,0.011005,0.0102044
0.0483962,0.0296603,0.0164243,0.06518,0.0156438,0.0459464
0.0244933,0.0164272,0.00847025,0.0434191,0.0109417,0.0228714
0.03755,0.024451,0.0155059,0.0608143,0.0172402,0.0153312
0.0127842,0.00882374,0.00647924,0.037165,0.0100516,0.00450771
0.0114669,0.00778961,0.00436942,0.0194685,0.0053907,0.00177495
0.0147887,0.0101568,0.00651342,0.0251849,0.00743394,0.00970025
0.0164513,0.0108611,0.00672505,0.0311129,0.0070316,0.00671
0.00840481,0.00552334,0.00436003,0.023269,0.00497041,0.00494215
0.0116787,0.00796737,0.00524099,0.022961,0.00636601,0.00824009
0.00531677,0.00371017,0.00262046,0.0271782,0.00665633,0.00415237
0.0197695,0.013484,0.00678543,0.0190428,0.0050438,0.0061921
0.0217234,0.0144851,0.00892902,0.038759,0.00938882,0.0094375
0.00832849,0.00598171,0.00204654,0.0122365,0.00490732,0.00451584
0.0141712,0.0098516,0.00473887,0.0232287,0.0049238,0.00689535
0.00938371,0.00624895,0.00357634,0.0222581,0.00634337,0.00495882
0.0192863,0.0124266,0.011982,0.0762885,0.0195179,0.0155928
0.00706697,0.00516179,0.00332528,0.0151699,0.00347304,0.00388646
0.0115831,0.00776281,0.00615894,0.0243164,0.00559376,0.0126628
0.00676571,0.00411118,0.00252401,0.0023522,0.000981212,0.00418468
0.0400027,0.0260189,0.0113376,0.0565636,0.0151797,0.0282574
0.00866392,0.00569496,0.00211365,0.0216763,0.0064197,0.0162382
0.0121428,0.0079087,0.00385054,0.0174368,0.00438135,0.00632336
0.0114321,0.00773487,0.00472364,0.0182846,0.00449012,0.0081
0.0207589,0.0139229,0.00622697,0.0199932,0.00484366,0.00937835
0.0169304,0.0116151,0.0162674,0.0803592,0.0197638,0.0195906
0.00879181,0.00639761,0.00324341,0.0301103,0.00660628,0.0072134
0.0245984,0.016001,0.00858539,0.0423996,0.00963289,0.0148441
0.00441828,0.00321838,0.00279605,0.00932189,0.0030167,0.00124012
0.0210462,0.0143317,0.00673336,0.0258158,0.00950339,0.0172125
0.0345773,0.0198545,0.0327351,0.129138,0.0324745,0.0290331
0.0108704,0.00741059,0.00383926,0.017381,0.00415854,0.00327939
0.0174551,0.011875,0.00654773,0.0398871,0.011317,0.00751039
0.00727094,0.00492481,0.00386354,0.0166268,0.00375998,0.00613308
0.0202308,0.0136468,0.00829145,0.0223749,0.00580442,0.00753442
0.0264021,0.0166212,0.0284661,0.13505,0.0333288,0.0405724
0.00545225,0.00395367,0.00203403,0.0207419,0.006017,0.00450418
0.00862025,0.00567989,0.00423349,0.016576,0.00342747,0.00135547
0.0141811,0.00969489,0.00512588,0.0185704,0.00508616,0.0051961
0.0135568,0.00583575,0.00356148,0.0226886,0.00725923,0.00923209
0.0137628,0.00584594,0.00357696,0.023771,0.00600004,0.00854366
0.0277671,0.0178195,0.00918491,0.035272,0.00833012,0.0170616
0.0245693,0.0161004,0.0172117,0.0801965,0.0214085,0.0384154
0.0182961,0.0121613,0.00754133,0.0215206,0.00567378,0.00364763
0.00999156,0.00683002,0.00899575,0.00392612,0.00117608,0.00428979
0.00604077,0.0042649,0.0028435,0.0398584,0.0106536,0.0192528
0.0105071,0.00718163,0.00339689,0.0197955,0.00548253,0.0073628
0.0228266,0.0154147,0.00794577,0.0363531,0.0112774,0.0197209
0.00734086,0.00535896,0.00263969,0.0231813,0.00791129,0.00803003
0.0126366,0.00844779,0.00311036,0.0245887,0.00390232,0.00630786
0.0144727,0.00988298,0.00423219,0.0147286,0.00452098,0.0145555
0.0136458,0.00901997,0.00897713,0.0395194,0.0123596,0.0223871
0.0129212,0.00878627,0.00400542,0.0191597,0.00498051,0.0033346
0.0112219,0.00784719,0.00501788,0.023048,0.00441804,0.00399871
0.00951825,0.00691891,0.0103845,0.0343747,0.0085722,0.00958662
0.0287237,0.0190268,0.00968828,0.042016,0.00969268,0.00788458
0.0332773,0.0214006,0.00990681,0.0449323,0.0133437,0.0126452
0.0130999,0.00917899,0.00503013,0.0220687,0.00504499,0.0117704
0.00850322,0.00592059,0.00343317,0.0237977,0.00457491,0.012145
0.00860673,0.00600498,0.00835258,0.0284765,0.00692788,0.00389057
0.0181501,0.0124597,0.009533,0.0205901,0.00465981,0.0191437
0.00748202,0.0048914,0.00293965,0.025513,0.00451586,0.00696354
0.0186415,0.0126208,0.00903419,0.0229773,0.00614219,0.00663057
0.0121811,0.00854042,0.00469544,0.0262285,0.00819542,0.00638098
0.0271803,0.0188775,0.0125089,0.0423416,0.00995266,0.0125444
0.00934864,0.00632273,0.0035008,0.0155042,0.0035922,0.00460899
0.0102316,0.00700262,0.00393529,0.018046,0.00437431,0.0104903
0.0102474,0.00667285,0.00364848,0.0160897,0.00344004,0.00489485
0.0158808,0.0107568,0.00525743,0.0215026,0.00481116,0.00359041
0.0122533,0.00761823,0.00451472,0.0253718,0.00640346,0.00467062
0.0106553,0.00573076,0.00553355,0.0221139,0.0044884,0.00737559
0.0156785,0.0106561,0.0139586,0.0426031,0.0102913,0.0168879
0.0598089,0.0353839,0.0265503,0.07798,0.0218415,0.022601
0.00768557,0.00575841,0.00223996,0.0141981,0.00281495,0.000906653
0.0156049,0.0086393,0.00591647,0.0563806,0.0130014,0.00829907
0.010543,0.00706729,0.00472706,0.0162564,0.00381046,0.00313916
0.0269097,0.0177111,0.0129579,0.0130976,0.00236138,0.010088
0.00770673,0.00507898,0.00327335,0.0154775,0.00422479,0.0138591
0.0127102,0.00847986,0.00398239,0.0274527,0.00599737,0.00274509
0.00878904,0.00621927,0.00437774,0.0173477,0.00571271,0.00634642
0.0155747,0.00914444,0.0119856,0.071173,0.0185912,0.013386
0.0111719,0.00532426,0.00536271,0.0195389,0.00392148,0.00548998
0.0064728,0.00418868,0.00280486,0.0221067,0.00735417,0.0143236
0.0210407,0.0140191,0.00912866,0.0381917,0.00931069,0.00636648
0.034022,0.0225613,0.0203726,0.0787085,0.0218799,0.0149652
0.0194095,0.0128192,0.00735451,0.0306908,0.00706803,0.0114576
0.00523322,0.00348435,0.00218232,0.0130046,0.00359627,0.0017611
0.0510433,0.032114,0.0195341,0.052061,0.0124258,0.0394693
0.00754403,0.00506974,0.0021397,0.0183514,0.00490317,0.0029409
0.0202088,0.0137299,0.00906953,0.026766,0.00741759,0.00679111
0.0103001,0.00741884,0.00398274,0.0127373,0.00336349,0.00460097
0.0110146,0.00740038,0.00360477,0.00360976,0.000317291,0.00479424
0.0213088,0.0108922,0.0102345,0.0459809,0.0153063,0.015513
0.0263737,0.0171076,0.00967816,0.0301768,0.00947104,0.0104139
0.043509,0.025505,0.0141357,0.0364498,0.00793906,0.0155001
0.0415251,0.0255502,0.0195371,0.0812509,0.0200388,0.0262359
0.0128232,0.00888066,0.00363062,0.0222223,0.00594033,0.00255367
0.00553288,0.00386704,0.00212981,0.0128205,0.00318638,0.00477893
0.0368507,0.0226585,0.0131374,0.0494647,0.0133974,0.0172963
0.0195987,0.013217,0.00823702,0.0622852,0.01724,0.00608138
0.0180813,0.00941592,0.00895236,0.0414017,0.0124955,0.0176529
0.0219317,0.0118196,0.0117845,0.0403166,0.00986215,0.0147608
0.0231993,0.0154061,0.00547009,0.0373175,0.0101912,0.00415647
0.00457263,0.00313265,0.00310338,0.0220991,0.00514033,0.00544235
0.00899296,0.00404011,0.0036122,0.028437,0.00843924,0.00513015
0.0274881,0.0184599,0.0109423,0.0606256,0.0172726,0.00558806
0.00643157,0.00411155,0.00444331,0.0146634,0.00465431,0.00457958
0.00794688,0.00538781,0.00351322,0.0111613,0.00400852,0.00278432
0.0201508,0.00848498,0.00730708,0.0302592,0.00857696,0.0151473
0.0203655,0.00845796,0.00739166,0.0294715,0.00855663,0.0159421
0.00459868,0.00308099,0.00236308,0.0124204,0.00356537,0.000696605
0.0220324,0.00880269,0.00623043,0.0470284,0.0145385,0.0178125
0.0430179,0.0261501,0.0255102,0.0829785,0.0217035,0.0239556
0.0084914,0.00593448,0.00346098,0.0158651,0.00554283,0.0078413
0.0110718,0.00793086,0.00424027,0.0319237,0.00785037,0.0153822
0.0342558,0.0166409,0.0159833,0.0680569,0.0198673,0.0341768
0.0296378,0.0153221,0.013912,0.0543402,0.0140303,0.0287212
0.0299082,0.0196374,0.0180439,0.049421,0.0139716,0.0111209
0.0540654,0.0280105,0.0183132,0.0852452,0.0200916,0.0185055
0.0225182,0.0142543,0.00731753,0.0411583,0.0112421,0.0136196
0.00734832,0.00507196,0.00206355,0.0117465,0.00421238,0.0036096
0.0158337,0.0103311,0.0199162,0.0874542,0.0251638,0.0414646
0.0253595,0.0172522,0.00807942,0.0260053,0.00756047,0.0063992
0.0160865,0.0107532,0.00638133,0.0207165,0.00593705,0.00988019
0.0132406,0.00894089,0.00836456,0.0731506,0.0164648,0.0116183
0.0191765,0.0128283,0.00792552,0.0310299,0.00755665,0.00484625
0.00739719,0.00491344,0.00277899,0.0152984,0.00457136,0.00303047
0.014036,0.00950564,0.00680037,0.0222701,0.00606984,0.0150703
0.0232192,0.0106491,0.00951339,0.0339781,0.00950764,0.00872186
0.0224206,0.00955061,0.0101836,0.025139,0.00623129,0.00712346
0.0111506,0.00569,0.00264129,0.0267941,0.00792202,0.00709095
0.026633,0.0167417,0.00831156,0.0435489,0.0127267,0.012797
0.00478186,0.00306339,0.00385633,0.0174351,0.00300217,0.00470958
0.0327875,0.0214148,0.013476,0.0528904,0.0154302,0.0392728
0.00583684,0.00431192,0.00380785,0.0116593,0.00204937,0.00317292
0.023657,0.0155911,0.00537295,0.0452214,0.0121204,0.0117561
0.00657064,0.00452267,0.00199856,0.00650075,0.00242609,0.00169993
0.0428081,0.0276794,0.0162816,0.0519585,0.0132098,0.0157163
0.0181766,0.0121005,0.00712842,0.027759,0.0081793,0.014751
0.00921482,0.00636653,0.00948834,0.0583563,0.0156491,0.0156368
0.0275515,0.0182807,0.00893768,0.0368832,0.00876139,0.0115244
0.0174891,0.0120414,0.00500446,0.0182038,0.00599031,0.0103029
0.00536084,0.003973,0.00322436,0.0174875,0.00314017,0.00351967
0.0449633,0.025762,0.0232129,0.0776799,0.0216298,0.0425551
0.0180383,0.0126961,0.0059983,0.0267834,0.00697268,0.00680652
0.00828707,0.00586122,0.00345152,-0.000527074,0.000536412,0.00189581
0.0170798,0.0116502,0.00549181,0.0204195,0.00531265,0.00283594
0.0225542,0.0151502,0.00727918,0.0423767,0.0103452,0.0193998
0.0406981,0.0256158,0.0158967,0.051655,0.011663,0.0215649
0.00795558,0.00566277,0.00339987,0.023016,0.00626221,0.00418563
0.0158325,0.0107156,0.00605179,0.0338339,0.00875582,0.0251304
0.012142,0.00860834,0.0112245,0.0198527,0.00526694,0.0180872
0.0249913,0.0167113,0.0200696,0.0893295,0.02154,0.038064
0.00863897,0.00602455,0.00338595,0.0171024,0.00386771,0.00602342
0.0377776,0.0249543,0.0157366,0.0589256,0.0146878,0.0126806
0.0258824,0.0165309,0.042327,0.161502,0.0454837,0.0433667
0.0242403,0.0164748,0.00876553,0.04946,0.01413,0.0156627
0.0185482,0.012664,0.00839922,0.0510595,0.0119562,0.0106653
0.013696,0.00903404,0.00330266,0.0219816,0.00683903,0.00418858
0.030274,0.0199753,0.0272671,0.0959429,0.0265835,0.0284654
0.00971903,0.00618199,0.00410842,0.0260009,0.00615578,0.00184808
0.0230489,0.0154695,0.00681645,0.0348089,0.00935953,0.0223983
0.0253048,0.0168734,0.0116278,0.0548315,0.0164366,0.0245002
0.0125231,0.00848721,0.00560278,0.022244,0.00859229,0.00185054
0.0359347,0.0229964,0.0111807,0.067624,0.017604,0.0327803
0.0152555,0.0105372,0.0124443,0.0784513,0.0186356,0.0124752
0.0160414,0.0109384,0.00871172,0.0332555,0.00915116,0.00638946
0.0178228,0.0117764,0.00676446,0.0297061,0.00954148,0.00566202
0.00817885,0.00595861,0.00364125,0.0141872,0.00424611,0.00463241
0.0110608,0.00777568,0.00355283,0.0125628,0.00346158,0.00316228
0.0362316,0.0223433,0.0187294,0.0930726,0.024874,0.0566785
0.00487953,0.00347232,0.00213505,0.0135481,0.002555,0.00298431
0.0231538,0.0153114,0.00854342,0.0407938,0.0113363,0.039038
0.0115361,0.00768087,0.0221692,0.0541098,0.0164148,0.0464679
0.0202921,0.013392,0.0170817,0.0474179,0.0147507,0.0235728
0.0176196,0.0117823,0.0063119,0.0196902,0.0063065,0.0173399
0.02538,0.0168668,0.00924539,0.0441693,0.0100304,0.0228397
0.0179313,0.00937644,0.0066135,0.0362294,0.0118321,0.00718071
0.0222876,0.0108352,0.00714525,0.0362056,0.00983831,0.00679954
0.00831614,0.00601324,0.0032533,0.0203076,0.00502621,0.00554756
0.0241067,0.0161097,0.014855,0.0530945,0.0128099,0.0257871
0.0170976,0.0113361,0.00693268,0.0242835,0.00620628,0.00461733
0.0141349,0.00930922,0.00607728,0.0278073,0.00772121,0.0223944
0.0574018,0.0364068,0.0268821,0.148678,0.0385846,0.0727838
0.015318,0.0108751,0.00477869,0.0179201,0.00583004,0.00581852
0.026679,0.0168634,0.0113682,0.0680106,0.0189838,0.0196953
0.0161721,0.0107062,0.00518723,0.0265421,0.00968295,0.0155535
0.0179399,0.0110171,0.00479209,0.0359876,0.00882254,0.00584993
0.00420637,0.00316962,0.00310231,0.0175494,0.00450905,0.00215926
0.018251,0.00744305,0.0102079,0.0525871,0.0121751,0.012102
0.0182944,0.00733861,0.00991122,0.0514896,0.0121149,0.0119385
0.0107784,0.00712328,0.0110568,0.0825574,0.0218398,0.0137381
0.00838855,0.005527,0.00278568,0.0215302,0.00529573,0.0036469
0.0238728,0.0155722,0.0113339,0.0392585,0.0090666,0.00640753
0.0516091,0.0293919,0.0250342,0.115697,0.0310844,0.0374244
0.0245804,0.016332,0.00640032,0.0286987,0.00788006,0.00703597
0.00465249,0.00363945,0.00218595,0.0148442,0.00236429,0.00187425
0.040586,0.0262196,0.0171365,0.0711798,0.0215884,0.0222872
0.0303969,0.0191785,0.018306,0.102332,0.0241265,0.0254214
0.0617881,0.0323449,0.0248436,0.136387,0.0333289,0.0290872
0.0331271,0.0124601,0.0112021,0.0534355,0.0116755,0.0166651
0.0112333,0.00730519,0.00849423,0.049209,0.0130296,0.0241628
0.0254251,0.0168292,0.0103145,0.0158073,0.00310445,0.0239233
0.010311,0.00698396,0.00331554,0.0278067,0.00683944,0.00805647
0.024436,0.0169464,0.00827649,0.00151436,0.00161735,0.0211797
0.0116338,0.00790041,0.0037965,0.0244321,0.0054482,0.0064364
0.0102641,0.00686536,0.00458425,0.0208268,0.00479607,0.00781882
0.0254326,0.0171541,0.0094735,0.027622,0.00559736,0.00654038
0.0148528,0.01055,0.00730332,0.039176,0.00972105,0.0148538
0.0137949,0.00926427,0.00359735,0.0266075,0.00635856,0.0123102
0.00920727,0.00653947,0.00341709,0.0223549,0.00661972,0.00749844
0.0273099,0.0182271,0.0283372,0.120119,0.0340195,0.0774785
0.0202096,0.0136185,0.00693561,0.0245317,0.00586833,0.0081165
0.0161179,0.0104831,0.00649663,0.0380731,0.00994544,0.00925757
0.0123674,0.00719841,0.00348305,0.0144993,0.00396951,0.00620961
0.0201584,0.0133816,0.0171809,0.0964464,0.0224277,0.0250286
0.0172577,0.0115928,0.00609116,0.0400776,0.00802783,0.0084805
0.0274925,0.0106585,0.0117163,0.0543136,0.014606,0.012624
0.0287289,0.0106583,0.0122109,0.0531093,0.0131681,0.0127337
0.0349988,0.0229738,0.0157458,0.0685699,0.0198287,0.0393035
0.0209211,0.014064,0.0125045,0.0683649,0.0168127,0.026993
0.00598311,0.00411151,0.00346316,0.00966771,0.00424365,0.0178542
0.02849,0.0191326,0.0171389,0.0942031,0.0279634,0.0319126
0.0290773,0.0187657,0.0115626,0.0674595,0.0163198,0.0246791
0.0401943,0.022257,0.0135324,0.0645152,0.0144274,0.0317922
0.0370708,0.0212407,0.0634344,0.238334,0.062175,0.115398
0.0141351,0.00981124,0.00433192,0.0192108,0.00614128,0.00400589
0.0320501,0.0211861,0.01039,0.0336495,0.00905978,0.0117082
0.0368522,0.0184376,0.0130971,0.062961,0.0143042,0.0318642
0.0322064,0.018081,0.0116356,0.0521634,0.00876094,0.0242835
0.0194717,0.0133367,0.0072282,0.0263255,0.00806915,0.00660055
0.0101063,0.00697549,0.00393736,0.0193626,0.00387054,0.00346723
0.00765051,0.00506946,0.00446346,0.00999817,0.00407091,0.00348659
0.0594719,0.0315247,0.0404336,0.15125,0.0377035,0.0787283
0.0061011,0.0045099,0.00601141,0.0474376,0.0136529,0.0153168
0.0314059,0.0211065,0.0133079,0.043407,0.0112643,0.00587788
0.00736869,0.00566479,0.00581715,0.0244764,0.00677367,0.00502198
0.023852,0.0153798,0.0131887,0.100406,0.024283,0.0234831
0.0277831,0.0182987,0.0163058,0.0697561,0.0189015,0.0308633
0.0393844,0.0243209,0.019174,0.0934388,0.0269288,0.0377927
0.0223945,0.0148894,0.00904161,0.0394688,0.0114459,0.00571042
0.0255634,0.017714,0.00886632,0.061672,0.0172004,0.0301404
0.00752666,0.00509609,0.00263881,0.0308585,0.00932709,0.00918404
0.0182384,0.0117493,0.00868445,0.0496316,0.011102,0.00427519
0.0255271,0.0163271,0.00742123,0.0479605,0.0148474,0.0241236
0.0079615,0.00355099,0.00422749,0.022056,0.00619904,0.00551515
0.0348446,0.0227919,0.0274504,0.125382,0.0304361,0.0549968
0.0236299,0.014757,0.0189231,0.077977,0.019456,0.0370526
0.0104232,0.00716727,0.00287502,0.0170199,0.00461445,0.00434675
0.00598818,0.00458419,0.00317732,0.0154031,0.00275837,0.0043609
0.00518688,0.00368664,0.00366308,0.0320777,0.0096737,0.00226296
0.0129333,0.00896892,0.00592628,0.0211192,0.00799909,0.00857819
0.0348652,0.022675,0.013561,0.0629464,0.0163062,0.0348858
0.00450543,0.0031221,0.00157793,0.00837262,0.00401569,0.00247366
0.012745,0.00837368,0.00636782,0.0597033,0.0142995,0.0210193
0.0256758,0.0112623,0.00924664,0.0518924,0.0138173,0.0325546
0.037659,0.0112555,0.0194806,0.124159,0.0364134,0.0584316
0.0435337,0.0261398,0.0423307,0.167524,0.0424872,0.0794997
0.0145604,0.00976261,0.0139895,0.0711499,0.0194854,0.0115223
0.030964,0.0194778,0.0156929,0.0844656,0.0206789,0.034914
0.0150502,0.010135,0.0057051,0.013371,0.00130709,0.00473852
0.0339134,0.0196018,0.0139709,0.0761128,0.0203237,0.0189141
0.0170033,0.0118061,0.00590836,0.0374949,0.0100557,0.0144585
0.0457603,0.0283361,0.0239396,0.13125,0.0321462,0.0134228
0.0221685,0.014444,0.00646926,0.0290666,0.00753301,0.0117662
0.0143396,0.0100299,0.00339282,0.01788,0.00574581,0.00592036
0.031961,0.0201794,0.0143392,0.0581553,0.0156523,0.00975341
0.027199,0.0181183,0.0100724,0.0295403,0.008692,0.00899873
0.0126126,0.00833761,0.00596969,0.0226348,0.00525189,0.00578274
0.00700852,0.0051875,0.00294979,0.0155163,0.00356174,0.00360844
0.0257505,0.0169748,0.0103602,0.0478862,0.0141402,0.00801202
0.0115065,0.00815329,0.0037251,0.0146108,0.00377799,0.00441565
0.0050844,0.00376211,0.00221028,0.0200618,0.00570773,0.0138801
0.0192019,0.0136019,0.00856789,0.0215461,0.00497926,0.00437001
0.0106598,0.00693929,0.00321559,0.019902,0.00498525,0.00691667
0.0191349,0.013149,0.0129391,0.0706816,0.0188493,0.0208053
0.00633833,0.00449603,0.00444007,0.0229095,0.00651235,0.00451898
0.0136575,0.0091771,0.00338243,0.03001,0.00626775,0.00462822
0.00869242,0.00583932,0.0029137,0.0161985,0.0049135,0.00499841
0.00706692,0.00447389,0.00309704,0.0173656,0.00464532,0.00256628
0.0367294,0.0244235,0.0172594,0.060348,0.0148161,0.0143509
0.023715,0.0153576,0.00876637,0.0342094,0.0093769,0.0137789
0.0334188,0.0212584,0.0242476,0.160681,0.0416623,0.0420879
0.00475135,0.00333449,0.00229303,0.0127111,0.00276249,0.00411804
0.00812548,0.00586453,0.00314186,0.0121286,0.00350389,0.007105
0.00701679,0.00455365,0.00287103,0.0146712,0.00249984,0.0105933
0.0352518,0.0200019,0.0234845,0.092295,0.0272718,0.0208286
0.0282362,0.011218,0.0108074,0.0425072,0.0106967,0.0173313
0.0385334,0.0230775,0.0196924,0.116106,0.0284092,0.0257685
0.0186345,0.0133169,0.0065565,0.0175284,0.00586514,0.00928709
0.0198883,0.0141238,0.0137045,0.0238496,0.005838,0.021134
0.0245694,0.0111768,0.0209415,0.0842894,0.0187894,0.0167929
0.0236172,0.015188,0.00561434,0.0451821,0.0109727,0.019511
0.0326876,0.0214201,0.0128613,0.0408501,0.0106355,0.013326
0.00973544,0.00651272,0.00347063,0.016306,0.00337962,0.00379164
0.00571731,0.00374725,0.0028927,0.00707593,0.00295913,0.00205158
0.00934623,0.00677299,0.00392438,0.0287199,0.00723502,0.0114396
0.0193977,0.013067,0.00415937,0.0266329,0.00694342,0.00902743
0.00524404,0.00369259,0.00242908,0.0134874,0.00296053,0.0058335
0.0213893,0.0105934,0.00718006,0.0331871,0.0100838,0.00999062
0.0177388,0.00754877,0.00605525,0.0224353,0.00639198,0.00372923
0.00618557,0.00438832,0.00183283,0.0124921,0.00389457,0.00513975
0.0515407,0.03232,0.0445142,0.187006,0.0502718,0.0738976
0.00876195,0.00623237,0.00365874,0.0126645,0.0041802,0.00207521
0.0122174,0.0080702,0.00832255,0.0446206,0.0101916,0.0114584
0.00525928,0.00365797,0.00199292,0.00340207,0.000110667,0.00629328
0.0122929,0.00823878,0.00443486,0.0170096,0.00509908,0.0119598
0.00589943,0.00436229,0.0020688,0.025199,0.00571497,0.00917043
0.0292846,0.0188036,0.0161824,0.0639078,0.0160775,0.0139701
0.00885907,0.00638695,0.00347746,0.0171775,0.00499584,0.0107072
0.0299926,0.0194739,0.0121209,0.0354664,0.0091784,0.0203438
0.0358103,0.0215246,0.0475769,0.23819,0.0578033,0.0791106
0.0606155,0.0349613,0.0315322,0.0987145,0.0257347,0.0833941
0.0172842,0.011218,0.00390236,0.0416829,0.0093212,0.00473921
0.0502975,0.0303418,0.0187284,0.0996145,0.0242655,0.0227511
0.0243966,0.0168177,0.00716648,0.0513369,0.0130258,0.0135673
0.0326258,0.0198196,0.0302108,0.12526,0.0327294,0.0373044
0.0292002,0.0190925,0.00955973,0.0404125,0.00953523,0.00877754
0.0114364,0.00781959,0.00380911,0.017862,0.00453222,0.00631142
0.0140184,0.00906609,0.00761981,0.0492484,0.0128998,0.0105805
0.0224853,0.0148627,0.0192058,0.0706885,0.0176116,0.0173925
0.0108694,0.0075644,0.00538259,0.0279909,0.00955473,0.026602
0.00751916,0.00534562,0.00323296,0.0121616,0.00462708,0.00248633
0.0227087,0.0156397,0.00704821,0.0284302,0.00654311,0.0157655
0.0150359,0.00992668,0.0108188,0.0498396,0.0144075,0.00822857
0.00894957,0.00621382,0.00676834,0.030831,0.00665539,0.0114044
0.0261439,0.0180273,0.0100556,0.0381024,0.00957963,0.00815814
0.00703067,0.00493817,0.00409587,0.00981661,0.00269366,0.00676673
0.00512084,0.00389608,0.00224504,0.0365019,0.00976911,0.00383946
0.0109239,0.00669949,0.00398952,0.0369712,0.0106924,0.012237
0.0144712,0.00969292,0.0033694,0.023454,0.00687307,0.0165798
0.036383,0.0243794,0.0164215,0.0694441,0.0182562,0.0134511
0.0257558,0.0167891,0.00854655,0.0439014,0.00967435,0.0139815
0.0224406,0.0149995,0.00776201,0.0386661,0.0122748,0.0122282
0.0069034,0.00454824,0.00393278,0.0156995,0.00366063,0.000931161
0.0420988,0.0264251,0.0207755,0.0668075,0.0156351,0.0332292
0.00471075,0.00320518,0.00153336,0.00968261,0.00321504,0.00531472
0.010931,0.00767045,0.00402809,0.0177452,0.00372919,0.00499616
0.00746941,0.00540272,0.00279449,0.0088609,0.00270129,0.00194335
0.0190372,0.0126259,0.0230828,0.0864317,0.0228478,0.0449482
0.0051692,0.0035725,0.00217455,0.0169028,0.00248529,0.00256657
0.0152993,0.0107203,0.00794119,0.0191294,0.00547414,0.00284793
0.00554061,0.00411385,0.00149113,0.0209333,0.0037497,0.00435794
0.00964467,0.00679453,0.00421336,0.0193991,0.00491649,0.0030511
0.0240429,0.0162003,0.0257024,0.0968888,0.0266223,0.0435523
0.0308,0.0181195,0.0141767,0.0734996,0.0186758,0.0322859
0.0394841,0.0262227,0.0143184,0.0408502,0.0106847,0.0217819
0.0177468,0.011192,0.0106481,0.048493,0.0112876,0.027553
0.00674914,0.00481703,0.00376788,0.0131399,0.00420625,0.00520567
0.0062436,0.00424994,0.00250961,0.0109198,0.00277583,0.00662943
0.0248557,0.0162751,0.00971633,0.0700231,0.0171091,0.0258681
0.0361311,0.0158286,0.00996891,0.0325412,0.00808198,0.0189036
0.00675101,0.00459688,0.00457361,0.0139787,0.00262063,0.00378033
0.0201474,0.0130902,0.00663907,0.039404,0.00936099,0.0217082
0.0391274,0.0242566,0.0191038,0.0895024,0.0234367,0.0110599
0.036926,0.0146377,0.0150318,0.0672523,0.0181791,0.0185381
0.0410658,0.0171702,0.0150649,0.0609421,0.014667,0.0178838
0.00668218,0.00469177,0.00244592,0.0253666,0.00592541,0.00327787
0.0133466,0.00928925,0.00700905,0.0261517,0.00650881,0.00466183
0.0100821,0.00718631,0.00401738,0.0253312,0.00568589,0.00137415
0.0222292,0.0141895,0.0052685,0.0381715,0.00910179,0.00677884
0.0162847,0.0111309,0.00586285,0.0343658,0.00757276,0.00435434
0.00830834,0.00569951,0.00307982,0.0188394,0.00388012,0.00145335
0.014704,0.0101461,0.00551092,0.0392291,0.0099625,0.00878152
0.0111867,0.00801555,0.00376546,0.0172218,0.0040672,0.00523495
0.00685681,0.0046669,0.00203027,0.0216715,0.00490974,0.000690679
0.0210648,0.0137939,0.00739587,0.0319929,0.00840967,0.00858648
0.00922004,0.00599964,0.00477552,0.0493682,0.0118963,0.0111491
0.00588781,0.00426215,0.00200571,0.0203313,0.00159895,0.00406032
0.011629,0.00779572,0.0046065,0.0136797,0.00397068,0.0101255
0.0207614,0.0138876,0.00870233,0.0323735,0.0089909,0.00531423
0.00935291,0.00668451,0.0037509,0.0243592,0.00416359,0.00683468
0.0108396,0.0076872,0.00301706,0.0119574,0.00428433,0.00543893
0.0211479,0.0142949,0.00916127,0.0370764,0.00865641,0.0189146
0.0181499,0.0126571,0.00770203,0.0339227,0.00905625,0.00310086
0.00451388,0.00321935,0.0025889,0.0177922,0.00435745,0.00104448
0.0117531,0.00757881,0.00328378,0.0139811,0.00385037,0.00395927
0.012472,0.00870163,0.00300372,0.0232857,0.00649105,0.00820055
0.00400704,0.00299113,0.00194771,0.00904044,0.00243166,0.00246541
0.0260037,0.012808,0.00948787,0.0606999,0.0156753,0.0132406
0.0135918,0.00873949,0.00489716,0.0198091,0.00490756,0.0132432
0.0110735,0.00732873,0.00471466,0.0263855,0.00497738,0.00469578
0.0253187,0.0160554,0.0191286,0.0732532,0.0176772,0.016249
0.0371958,0.0181075,0.0150372,0.0670814,0.0189738,0.0172645
0.0155709,0.0104833,0.00737348,0.0404193,0.00993373,0.00941762
0.0292051,0.0180605,0.0173929,0.0914706,0.0222792,0.0861159
0.0190598,0.0133352,0.00663221,0.0268812,0.00409413,0.00339714
0.0304254,0.0140606,0.0135296,0.061,0.0146265,0.012163
0.0308894,0.0140906,0.0135412,0.0611191,0.0147056,0.0118305
0.00654119,0.00440452,0.00302942,0.0156424,0.00456284,0.00227202
0.0109299,0.00746677,0.0046845,0.019439,0.00367595,0.00233995
0.0060479,0.00418884,0.00131874,0.0072872,0.00257118,0.00101269
0.00780623,0.00558144,0.00320272,0.0181022,0.0056004,0.00481806
0.0200692,0.0131697,0.00872776,0.043607,0.0103228,0.00840895
0.02436,0.0156811,0.0170301,0.079319,0.022573,0.0354902
0.0183512,0.0116486,0.00568468,0.0304866,0.00928791,0.00619163
0.0249822,0.016233,0.00820866,0.0365284,0.00873946,0.00787405
0.0314496,0.0202482,0.0116064,0.0318341,0.0110397,0.0257785
0.0115635,0.00751676,0.00411633,0.0168249,0.00589237,0.00630676
0.00596505,0.00421044,0.00304652,0.0166793,0.00334962,0.00229418
0.0354346,0.0235259,0.0110835,0.0584564,0.0131258,0.0125645
0.00496275,0.00351876,0.00262253,0.0140027,0.00218281,0.0031569
0.0133425,0.00900023,0.005471,0.0203882,0.00699883,0.00508315
0.0401469,0.0246497,0.0136424,0.0774122,0.0193036,0.0192163
0.0261633,0.0164025,0.0201852,0.0613165,0.0166301,0.0282851
0.00621987,0.00435469,0.00287933,0.0238737,0.00610493,0.00503144
0.0263204,0.0174635,0.0193574,0.0976884,0.025264,0.0503983
0.0132237,0.0089014,0.00625808,0.0217176,0.00602114,0.00436339
0.0441311,0.0265523,0.0171141,0.102884,0.0273293,0.0648825
0.00950794,0.00666181,0.00419988,0.0416165,0.0104616,0.0115966
0.0132744,0.0093582,0.00377699,0.0205575,0.00536329,0.0102851
0.00422333,0.00302364,0.0018311,0.00878661,0.002315,0.00229002
0.00895189,0.0057729,0.00324603,0.0240987,0.00598503,0.00802544
0.0224233,0.0153293,0.0106068,0.0282256,0.00808308,0.00403064
0.00798572,0.00558548,0.00337725,0.0254648,0.00626556,0.00101431
0.0108929,0.00777909,0.0023914,0.0287913,0.00881267,0.0241743
0.00871138,0.0060485,0.00395286,0.0161112,0.00450304,0.00677266
0.0181596,0.011939,0.00567691,0.0229429,0.00665958,0.00656676
0.0366379,0.0191848,0.0172431,0.0769662,0.0195832,0.012411
0.0213205,0.013965,0.010179,0.033296,0.0115318,0.0129732
0.0411997,0.0255437,0.0300538,0.145014,0.0379859,0.0586113
0.0241935,0.0157501,0.00747048,0.0456427,0.0126005,0.0107042
0.0160728,0.0107451,0.00466228,0.0166463,0.0048222,0.00318407
0.0791466,0.0403886,0.0586864,0.245414,0.0613051,0.0756374
0.030154,0.0190696,0.0311783,0.11625,0.0307615,0.0257559
0.0124115,0.00863468,0.00512484,0.0255757,0.00579283,0.00374704
0.0232935,0.0144248,0.0141094,0.0854428,0.0240993,0.0300317
0.0276142,0.0155949,0.0129259,0.0726439,0.0167806,0.025692
0.00505056,0.00382546,0.00222877,0.00947139,0.00232129,0.00192618
0.0143173,0.00956529,0.00596543,0.0398926,0.009599,0.00839147
0.0212414,0.0141527,0.00709294,0.055377,0.0140439,0.0269527
0.0428624,0.0253429,0.0166659,0.0861333,0.0203084,0.0337814
0.00663752,0.00451759,0.00325319,0.0150397,0.00304615,0.00393205
0.00790464,0.00552526,0.005288,0.0212265,0.004154,0.00518908
0.0534522,0.0337261,0.0248653,0.0916479,0.0218087,0.0351544
0.00806199,0.0056332,0.00445162,0.0299855,0.00706239,0.00646004
0.00493528,0.00382046,0.00203786,-0.00130338,0.00131211,0.00253097
0.00757111,0.00499309,0.00412995,0.0320572,0.00782708,0.00765035
0.0187274,0.0127252,0.00673047,0.00487636,0.000580326,0.0159882
0.014121,0.00957755,0.00525271,0.0348083,0.00831063,0.0139532
0.030614,0.0205885,0.0094139,0.0323979,0.00850004,0.0112089
0.00910605,0.00627863,0.0030705,0.0171035,0.00469954,0.00233343
0.0261164,0.0176228,0.0142514,0.0737949,0.0176047,0.0150808
0.00700432,0.00469413,0.00219264,0.00206958,6.13213e-05,0.00334617
0.00978807,0.00656403,0.00356834,0.0162109,0.00408587,0.00164848
0.0176092,0.0124385,0.0144304,0.0273435,0.00805318,0.00794438
0.0145127,0.0100658,0.00513139,0.0224778,0.00443998,0.0034472
0.0577173,0.0330733,0.0538357,0.173519,0.0460366,0.0463097
0.00746235,0.00500988,0.00374838,0.0171489,0.00372192,0.00445069
0.0210436,0.0121628,0.00720962,0.0417252,0.0133949,0.0127918
0.0225435,0.0127353,0.00724176,0.0670526,0.0175817,0.00752924
0.0320287,0.0212831,0.0108695,0.0501036,0.0134518,0.00958092
0.0301228,0.0197019,0.0189887,0.0750284,0.0206023,0.0137308
0.00920872,0.00621707,0.00233234,0.0208274,0.0040806,0.00187169
0.00787407,0.00423082,0.00403126,0.0220827,0.00590082,0.00352486
0.0137695,0.00838891,0.00541983,0.0242603,0.00405073,0.00339992
0.0314507,0.018883,0.0222072,0.111528,0.0268289,0.0219863
0.00762959,0.00440639,0.00190479,0.0239209,0.00595916,0.00564449
0.0113646,0.00768051,0.00522851,0.0224891,0.00568401,0.00765563
0.0531952,0.0294839,0.0324816,0.13435,0.0338895,0.023843
0.014471,0.0096617,0.00413012,0.0203915,0.00635792,0.00976486
0.00979335,0.00650341,0.00244625,0.0181132,0.0054518,0.00455296
0.0168077,0.0112275,0.0178371,0.0157989,0.00254675,0.0185368
0.0119954,0.00841605,0.00552785,0.0255552,0.00912917,0.00347996
0.0195304,0.0137125,0.00849018,0.0444363,0.011113,0.00595473
0.0290454,0.0176,0.0306883,0.129427,0.0344688,0.0532735
0.0563768,0.028192,0.0237048,0.133662,0.0333842,0.0345171
0.020099,0.0133935,0.00512648,0.031013,0.0060533,0.00485522
0.0150715,0.0101922,0.00622469,0.0559729,0.0155318,0.0092026
0.00931349,0.00652363,0.00471048,0.0210286,0.00590385,0.00359454
0.0132627,0.00915463,0.00463732,0.0261304,0.00582733,0.00761806
0.0298918,0.0191722,0.0144813,0.0433295,0.012042,0.0248039
0.0155833,0.0103575,0.00467749,0.0238375,0.00574478,0.00800499
0.0121899,0.00805273,0.00567421,0.0209853,0.00580462,0.00953732
0.0408373,0.0265559,0.0114105,0.0826173,0.0202502,0.0179947
0.00679895,0.00453023,0.00296177,0.0127075,0.00235696,0.00105038
0.0212431,0.0142363,0.00726659,0.0319846,0.00911705,0.0112515
0.0184934,0.0121802,0.00871696,0.00715327,0.000837014,0.00532882
0.0166334,0.00668333,0.00682597,0.0162709,0.00447957,0.0118541
0.0166094,0.00669972,0.00683865,0.0179477,0.00398532,0.0107994
0.0120853,0.00837457,0.00333082,0.0129872,0.00353538,0.0036276
0.00889563,0.00613836,0.00375822,0.0170943,0.00430764,0.00754266
0.0487889,0.0248434,0.0137988,0.0996468,0.0245953,0.0236263
0.0433758,0.0234891,0.0136487,0.0858075,0.018077,0.0167157
0.0209462,0.013895,0.00705262,0.0272586,0.00701747,0.0222445
0.00985941,0.00638946,0.00524223,0.0497923,0.0114608,0.005782
0.00619257,0.0039903,0.00262737,0.0179654,0.00348525,0.00138659
0.0197183,0.0130293,0.00580649,0.0408565,0.0109493,0.00278301
0.0370537,0.023704,0.0165549,0.0676895,0.0151597,0.00524593
0.0128091,0.00892568,0.00296591,0.0272947,0.00765078,0.00410985
0.0600522,0.0233919,0.0568631,0.170677,0.0421202,0.080525
0.0587356,0.0235165,0.0524627,0.144493,0.0300404,0.0692928
0.0219739,0.014818,0.00820871,0.0367125,0.00975923,0.0105409
0.0159437,0.0111217,0.00323892,0.0364577,0.00903132,0.00524125
0.0346844,0.0219656,0.00876097,0.0462674,0.011317,0.0180681
0.0314018,0.019882,0.00867556,0.058437,0.0131253,0.0207488
0.0395655,0.0215931,0.0268563,0.0995247,0.0245165,0.0231665
0.0147179,0.0101599,0.0143778,0.0571436,0.0138754,0.009277
0.0191288,0.0127834,0.00649372,0.0202657,0.00362141,0.00238875
0.0140498,0.00991271,0.011027,0.0207805,0.00580379,0.00519373
0.0396384,0.0214977,0.0126823,0.0554869,0.0126356,0.0221007
0.0240979,0.0163237,0.00650894,0.0276546,0.00637565,0.0101727
0.0158244,0.0108587,0.0053395,0.0231423,0.00511338,0.0052293
0.0259819,0.0174874,0.0138764,0.0438131,0.0119011,0.014893
0.0121183,0.00812782,0.00362444,0.0248462,0.00709801,0.00504584
0.0285588,0.0196239,0.0156272,0.0554118,0.0148147,0.013727
0.0378969,0.0246621,0.0191852,0.0700679,0.0194003,0.0247744
0.0128068,0.00850991,0.00642802,0.028764,0.00679577,0.00534713
0.0268279,0.0110514,0.0100249,0.0670031,0.0162513,0.0129748
0.0102636,0.00721964,0.00407625,0.0156369,0.00426907,0.00441607
0.0163983,0.0109816,0.0155956,0.0534545,0.0142422,0.0255995
0.0131948,0.00914089,0.00687684,0.0276886,0.00668361,0.00396174
0.0116014,0.00743087,0.00630996,0.0295654,0.00809524,0.0107697
0.0269413,0.0179955,0.0064477,0.0482211,0.0115497,0.0283252
0.0128029,0.00853708,0.00418661,0.0198119,0.0051006,0.00282312
0.00479196,0.00348446,0.00217233,0.000640037,0.000785747,0.000407122
0.0130057,0.00898543,0.00433013,0.0267452,0.00751024,0.0123086
0.00587612,0.00379963,0.00283298,0.0216329,0.00668442,0.0140071
0.0133658,0.00927453,0.00381504,0.0251702,0.00576386,0.00444629
0.0316582,0.019375,0.014274,0.0593385,0.0158188,0.0167126
0.0152205,0.00574923,0.00899943,0.0289464,0.00678542,0.00485038
0.0243613,0.0163308,0.00664815,0.0327356,0.00759416,0.008259
0.0125471,0.00835589,0.00413388,0.0357219,0.00926468,0.00132649
0.0153797,0.0101391,0.00474944,0.0335702,0.00864249,0.00927634
0.0176668,0.0118307,0.00857567,0.014094,0.004641,0.00809647
0.0168141,0.0112027,0.00537533,0.0291664,0.00796053,0.00328927
0.00740596,0.00492879,0.00327319,0.0156326,0.00314596,0.00525163
0.0192891,0.0126967,0.00507226,0.0425212,0.0111641,0.00875488
0.0344608,0.0206995,0.00962709,0.0603236,0.0151535,0.0233481
0.0183601,0.0124033,0.00606798,0.0456718,0.01085,0.00835087
0.0104138,0.00726669,0.00647461,0.00998641,0.000804896,0.00195669
0.0509327,0.0315202,0.0137628,0.0833894,0.0173789,0.0151355
0.0374835,0.0226945,0.0124777,0.0448847,0.0101135,0.00900849
0.023286,0.0151417,0.0167997,0.0161362,0.00306784,0.0300548
0.0170608,0.0113809,0.00672262,0.0388673,0.0105321,0.00552771
0.0112247,0.00773679,0.0042594,0.0274387,0.00568099,0.00332209
0.0126197,0.00895805,0.0068061,0.0168635,0.00521989,0.00634018
0.0119445,0.00779031,0.00744807,0.0479776,0.0134619,0.00945737
0.0180151,0.0117623,0.0144551,0.0611385,0.0163578,0.0112601
0.0107979,0.0070941,0.00351993,0.0203232,0.00590416,0.00456033
0.0146451,0.00979123,0.00533881,0.0187185,0.00553936,0.00296948
0.0295246,0.0195252,0.0179169,0.0422655,0.0121093,0.0273648
0.00690433,0.00484455,0.00200079,0.014243,0.0027994,0.00491756
0.0408186,0.0252225,0.0348742,0.142378,0.0393168,0.0911204
0.0081212,0.00566708,0.00361766,0.0159729,0.00466109,0.00237382
0.0139809,0.00952973,0.00982135,0.0446404,0.0126074,0.00765933
0.0251978,0.0165211,0.00828896,0.0478909,0.0116713,0.0167019
0.0153099,0.0103803,0.00581645,0.0233825,0.00620511,0.00531364
0.0204436,0.0137597,0.00630715,0.0193673,0.00470394,0.0037919
0.0126599,0.00882847,0.00509069,0.0281371,0.00773604,0.0105537
0.012956,0.00905187,0.00676303,0.020178,0.0062358,0.00833203
0.0154468,0.0103841,0.00556586,0.0251666,0.00763714,0.0031864
0.0298023,0.0188616,0.0306206,0.117059,0.030728,0.0260503
0.0230689,0.0155217,0.0241635,0.0725702,0.0204568,0.0340831
0.038171,0.0236138,0.0128949,0.0568185,0.0145721,0.0214068
0.0235171,0.0158312,0.00791491,0.0277244,0.00756901,0.0149069
0.0270975,0.0171918,0.0070257,0.0378074,0.0100004,0.00363848
0.0194624,0.0133189,0.00864445,0.0213596,0.00638971,0.0122882
0.00534545,0.00396965,0.00146861,0.00703565,0.00402805,0.000983043
0.015068,0.010155,0.00875192,0.0253871,0.00530348,0.00391122
0.0382063,0.0230854,0.0167671,0.0688652,0.0187281,0.0351128
0.0212101,0.0142063,0.0126422,0.0408787,0.0101697,0.00689862
0.0265507,0.0162514,0.00982687,0.0373524,0.0093457,0.00861313
0.0273121,0.0179802,0.0220306,0.0733219,0.0216565,0.0163288
0.0420952,0.0266173,0.0216147,0.0922665,0.0260638,0.0258588
0.0413531,0.0261042,0.0139214,0.0643613,0.0167695,0.00520561
0.0101724,0.00666755,0.00377639,0.0240003,0.00562998,0.00354839
0.00606413,0.00430823,0.00295826,0.0125489,0.00172602,0.000982866
0.0191932,0.00887868,0.00652876,0.0548549,0.0145223,0.0130212
0.0202996,0.010477,0.00651256,0.0380756,0.00841323,0.00753702
0.00837835,0.00595185,0.00476183,0.0206101,0.00470989,0.00309068
0.014958,0.00682724,0.0065396,0.0355879,0.00975723,0.00543456
0.0263424,0.0172528,0.00968796,0.0507833,0.0156248,0.0185736
0.0221468,0.0140485,0.00936815,0.042676,0.0107603,0.00605559
0.0216862,0.014187,0.00738582,0.0388989,0.0104009,0.00420167
0.0156138,0.0106927,0.00270906,0.0224423,0.00443957,0.00955201
0.0102027,0.00727353,0.00302587,0.0218353,0.00641063,0.00653
0.0198808,0.0128971,0.0180676,0.0467382,0.0144042,0.0191935
0.00877241,0.0057895,0.00396751,0.019121,0.00368325,0.00851819
0.00720772,0.00518995,0.00537687,0.0342187,0.00835832,0.00358652
0.0162344,0.0111655,0.00516311,0.023393,0.00545772,0.0065694
0.0242492,0.0161266,0.00614996,0.0347094,0.00919709,0.0113187
0.0067782,0.00443089,0.00283493,0.0194821,0.00389828,0.00573568
0.01444,0.0101283,0.0101884,0.0396859,0.0117051,0.00970735
0.0355529,0.023478,0.0104359,0.0728097,0.0195795,0.0145907
0.0138435,0.00927498,0.00534216,0.016753,0.0053713,0.00356249
0.00820971,0.00534746,0.00549908,0.0213448,0.00518122,0.00645382
0.0072848,0.00513979,0.00326619,0.012291,0.0028114,0.00396354
0.0100027,0.00713154,0.00372269,0.023725,0.0064636,0.00972565
0.00705871,0.00509739,0.00311729,0.0166694,0.0037161,0.00415876
0.0167069,0.0115226,0.00651911,0.0296217,0.00940078,0.0160009
0.00780296,0.00551877,0.00192583,0.023411,0.00604576,0.0045987
0.0115452,0.00781441,0.00438498,0.0163027,0.00592227,0.00339926
0.00987178,0.00644318,0.00447348,0.024739,0.00606108,0.00255052
0.0105015,0.0073955,0.00282714,0.0171602,0.00316271,0.0107554
0.0114951,0.00822492,0.0024533,0.0196783,0.00455177,0.0058724
0.00709048,0.00489404,0.00519875,0.013382,0.00575753,0.00332011
0.0060633,0.00312622,0.00545698,0.0131215,0.00731861,0.00174993
0.0386317,0.0240736,0.0121996,0.0533498,0.0139812,0.0114327
0.0236006,0.0131444,0.0089639,0.0421156,0.013303,0.00556304
0.0321123,0.0194025,0.0185005,0.0497091,0.0136586,0.00633736
0.0492083,0.028892,0.0237049,0.0957329,0.0263317,0.0473032
0.0738338,0.031144,0.0363174,0.155033,0.0380129,0.0440104
0.0362112,0.0238325,0.0234485,0.0631538,0.0168738,0.0170612
0.0081269,0.00570535,0.00299815,0.0153054,0.00506167,0.00465432
0.0691763,0.0407149,0.0618537,0.228603,0.0585228,0.0958551
0.0119508,0.00855904,0.00341412,0.0282475,0.00666558,0.00685408
0.0201432,0.0132804,0.0145987,0.0690271,0.0204845,0.0253033
0.0152543,0.0106722,0.00813665,0.0307677,0.00876827,0.00653022
0.00921957,0.00642581,0.00301239,0.0276097,0.00669701,0.00751732
0.00741816,0.00532528,0.00295455,0.0196828,0.00447782,0.00236723
0.0194123,0.0133259,0.0112389,0.0605839,0.0142819,0.00835567
0.0283176,0.0191002,0.00683097,0.0351225,0.010495,0.0126283
0.00956207,0.00634701,0.00289319,0.0190251,0.00530347,0.0018381
0.00644206,0.00465581,0.00499344,0.0141988,0.00355201,0.00344528
0.00709857,0.00466083,0.00168498,0.0219092,0.00673472,0.00607717
0.0101664,0.00717971,0.00750152,0.0191057,0.00568263,0.0127303
0.0197568,0.0129768,0.00625706,0.041844,0.0102821,0.00413268
0.00585341,0.00397869,0.00585369,0.0209827,0.00955898,0.0111208
0.00969448,0.00623832,0.00313526,0.0177934,0.00456527,0.00521767
0.00950004,0.00640304,0.00366249,0.00683397,0.00136844,0.0025595
0.00963142,0.0061375,0.00394617,0.0182571,0.00725059,0.00245902
0.00805267,0.0057656,0.00745904,0.0348775,0.0070489,0.00949257
0.00648395,0.00472864,0.00226625,0.0221075,0.00746049,0.010832
0.0167184,0.0112283,0.00753044,0.0395189,0.00988497,0.0105116
0.00978297,0.0066372,0.00385842,0.0135893,0.00450117,0.00954436
0.0389435,0.0257967,0.0337596,0.119248,0.031808,0.0764387
0.0379859,0.0241644,0.0191025,0.0960606,0.0235961,0.0214839
0.0123326,0.00838489,0.00499558,0.00268932,0.00118456,0.00434067
0.0215785,0.0143995,0.0205858,0.0819503,0.0208024,0.0372844
0.0138714,0.00933368,0.00418874,0.018691,0.00638088,0.00251336
0.0292271,0.0194885,0.0289806,0.102258,0.0276699,0.0271233
0.025118,0.011613,0.00993582,0.0510774,0.0155278,0.0255319
0.0265919,0.0116375,0.0096607,0.0415071,0.012651,0.0220397
0.0221643,0.0141644,0.0110704,0.0545419,0.0145854,0.0415714
0.0128922,0.00628338,0.00449139,0.0310097,0.00824376,0.00803239
0.0205408,0.00972195,0.00453991,0.0601594,0.0173243,0.00957966
0.0356271,0.021593,0.00995518,0.0672831,0.015675,0.0192199
0.0253182,0.0166726,0.00734847,0.0336329,0.00860257,0.0190675
0.00662201,0.00432707,0.0023566,0.0192883,0.00697235,0.00365582
0.00429621,0.0031007,0.00172881,0.0152705,0.00310994,0.00715515
0.0286632,0.0143669,0.0101437,0.0379762,0.0120075,0.0208574
0.0107087,0.00791264,0.0103503,0.035668,0.00867941,0.00906762
0.019415,0.0132112,0.0112577,0.0540307,0.0144521,0.0234681
0.0118719,0.00831216,0.00576149,0.0163039,0.00422703,0.00418178
0.0312809,0.0202927,0.0117034,0.0730695,0.0167007,0.0311087
0.0100527,0.00655071,0.00309188,0.0152535,0.00380774,0.00288883
0.0202745,0.0132862,0.00551432,0.0353187,0.00967547,0.00810181
0.0316295,0.0160443,0.0213747,0.0789993,0.0194042,0.0354258
0.0132219,0.00907058,0.00421871,0.0198613,0.00310164,0.00512831
0.02362,0.0151404,0.00853268,0.0359676,0.0106094,0.0116073
0.0104877,0.00704443,0.00841537,0.0305862,0.0092342,0.0122674
0.0114946,0.00779429,0.00333527,0.0169107,0.00267376,0.00341597
0.0120605,0.00834762,0.00428246,0.0306275,0.00827066,0.00837897
0.00671191,0.00511015,0.00258464,0.0161845,0.00461505,0.00371738
0.0366835,0.0243784,0.015967,0.0242404,0.0064264,0.0182734
0.0266257,0.0178642,0.00882567,0.0374199,0.0103788,0.0145746
0.0107133,0.00749582,0.00448545,0.0190756,0.00406611,0.00188545
0.0109691,0.00767892,0.00381978,0.0197186,0.00540622,0.00248996
0.0198905,0.0131605,0.00678356,0.0255162,0.00665233,0.0148391
0.0240309,0.0160262,0.00888742,0.0458692,0.0113579,0.0218703
0.0253792,0.0170504,0.00925885,0.0349789,0.00851996,0.00809643
0.0105836,0.00709128,0.0200287,0.0692348,0.016387,0.0199625
0.00973464,0.00680584,0.00426082,0.0235479,0.00737538,0.00492859
0.010439,0.00722261,0.00594646,0.0391367,0.00970882,0.0114846
0.0113763,0.00758648,0.00399199,0.0216654,0.00650158,0.00892267
0.0187116,0.01297,0.0151456,0.0211522,0.00590868,0.00591526
0.0112116,0.00758725,0.00500667,0.031496,0.0105342,0.0302388
0.0293005,0.0190715,0.0143843,0.0592715,0.0166902,0.00978619
0.0243254,0.0166778,0.0110499,0.0440002,0.0119143,0.0199002
0.0229643,0.0155063,0.0121258,0.0352806,0.00737969,0.0184456
0.00798946,0.00524867,0.00370172,0.0156605,0.00605298,0.00937237
0.035471,0.0230881,0.0290984,0.102912,0.0272919,0.0339522
0.0189222,0.00987005,0.010153,0.0580926,0.0160221,0.0225089
0.0193155,0.00734846,0.00840917,0.0470902,0.0102321,0.0120494
0.0419841,0.0267317,0.0224361,0.119942,0.0303838,0.0391157
0.00703725,0.00450814,0.00209096,0.0227033,0.00554091,0.00860637
0.0264055,0.0162594,0.0158926,0.0908459,0.0203448,0.0129311
0.0091619,0.0066093,0.00716093,0.0450605,0.0124643,0.00876041
0.0419071,0.0253453,0.0597941,0.180517,0.0470772,0.0621368
0.0187319,0.0124915,0.00665929,0.027017,0.00685146,0.0112164
0.00888784,0.00625758,0.00320063,0.017865,0.00300812,0.0106509
0.00625659,0.004528,0.00352912,0.00885333,0.00290466,0.00156588
0.024244,0.0159265,0.00767408,0.0428705,0.0092243,0.00598995
0.00635087,0.00426918,0.00310829,0.0124673,0.00258572,0.0029573
0.047806,0.0319805,0.0158079,0.0587564,0.0155505,0.0117626
0.0172482,0.011078,0.005342,0.0345651,0.00785044,0.00394584
0.00674951,0.00456161,0.00304908,0.0163231,0.00349757,0.00156908
0.00938107,0.00671951,0.00371657,0.0182545,0.00421137,0.00629303
0.0144749,0.0100637,0.0059109,0.0232563,0.00543713,0.00346347
0.0368229,0.0235282,0.0140064,0.0630893,0.0164991,0.0221528
0.0100166,0.0067879,0.00396085,0.0197503,0.00416415,0.00161785
0.0191372,0.0130705,0.00622102,0.0195115,0.00394608,0.0183147
0.00907836,0.00626456,0.00435345,0.0131678,0.00306214,0.00615808
0.0501362,0.0312606,0.0238506,0.0974795,0.0254369,0.0466501
0.00582633,0.00396705,0.0102125,0.0384316,0.0102317,0.00357045
0.021174,0.013596,0.00812059,0.0387206,0.0099393,0.00693873
0.0198864,0.0134799,0.00441208,0.0263291,0.0062444,0.00584921
0.0359762,0.0228398,0.0140522,0.0592022,0.0127915,0.0283818
0.00620949,0.00428509,0.00571351,0.0303013,0.00771818,0.00920366
0.0337043,0.0215178,0.0234505,0.11626,0.0314094,0.0389895
0.0142947,0.00668794,0.00669004,0.038185,0.0119099,0.016696
0.0130967,0.00547407,0.00618547,0.0358867,0.00976657,0.0152467
0.00746915,0.0052411,0.00196717,0.0279098,0.00804787,0.00749982
0.00833807,0.00615137,0.00192318,0.0237935,0.00633801,0.00367162
0.00715536,0.00468488,0.00317436,0.0108167,0.0048442,8.10563e-05
0.0883029,0.0506531,0.0981155,0.454644,0.121705,0.111425
0.0412179,0.0202754,0.0283938,0.131066,0.0333703,0.039195
0.00560891,0.00338748,0.0104909,0.0775951,0.0200305,0.0508254
0.0231535,0.0154512,0.00657692,0.0404178,0.011001,0.0178816
0.0274198,0.0178479,0.00709475,0.0351405,0.0100474,0.0075779
0.0416397,0.0254104,0.0285026,0.111661,0.0299587,0.063598
0.0164158,0.0109828,0.00576595,0.038081,0.00953098,0.00541954
0.0313059,0.0205395,0.0114553,0.0600896,0.014186,0.0396944
0.00781526,0.00548609,0.0125551,0.0354978,0.0114546,0.0160668
0.0105798,0.0068904,0.00324098,0.042667,0.0112663,0.00525714
0.0285082,0.0132904,0.0107377,0.0447889,0.0106151,0.0213
0.0293054,0.0132522,0.0107475,0.0447389,0.00989042,0.0204927
0.0313183,0.0209507,0.00994667,0.0428738,0.0101404,0.0261504
0.0111737,0.00807449,0.00938649,0.0342122,0.00978866,0.00984985
0.0092351,0.00638556,0.00328725,0.0177034,0.00387712,0.00582258
0.0118345,0.00791733,0.00865761,0.0198652,0.00506274,0.0041416
0.00978127,0.00657775,0.00340812,0.0165745,0.00530617,0.00580226
0.0260823,0.0175938,0.0144922,0.0605272,0.0156131,0.0253765
0.0156585,0.0107886,0.00483713,0.016724,0.00370722,0.00403986
0.0280563,0.0194291,0.0139768,0.0631375,0.0176995,0.015152
0.0406103,0.0255204,0.0118415,0.0713603,0.016145,0.013872
0.0111321,0.00735685,0.00475908,0.0268316,0.00716092,0.00318777
0.00644733,0.0046102,0.0031233,0.0240842,0.00456261,0.00551869
0.0174164,0.0116745,0.00522288,0.0399762,0.0119838,0.00975385
0.00875067,0.00629781,0.00354838,0.0167745,0.00265106,0.00181434
0.0109454,0.0074396,0.00922346,0.0452477,0.0107983,0.0157406
0.0162884,0.0108911,0.00414996,0.0240309,0.00595071,0.00329553
0.00853257,0.00600134,0.00613526,0.0269394,0.00678995,0.00262409
0.0323011,0.021639,0.0102216,0.0417174,0.0103318,0.0129624
0.00492019,0.00363673,0.00230323,0.0096353,0.00288658,0.003019
0.00720324,0.00457336,0.00189592,0.0104198,0.00300849,0.00257466
0.0171841,0.0115286,0.0147506,0.0887043,0.0259389,0.0136588
0.0564517,0.0329529,0.0147794,0.0648196,0.0167335,0.0281779
0.0166206,0.0110852,0.00613031,0.0270711,0.00878179,0.0085638
0.0417755,0.0261532,0.0160306,0.0911931,0.0224445,0.0250749
0.00891689,0.00634002,0.0186193,0.0785557,0.018821,0.0166094
0.015587,0.0111868,0.00700236,0.028898,0.0083539,0.0088686
0.0106589,0.00726165,0.00427515,0.0267634,0.0064388,0.00558731
0.0219861,0.0145702,0.00567791,0.0385721,0.00892469,0.0130265
0.00621969,0.00419177,0.00266653,0.0181031,0.00379006,0.00327726
0.0335313,0.0218558,0.00846686,0.0489611,0.013123,0.0109412
0.00738223,0.00508365,0.00249058,0.0233403,0.00585497,0.0121905
0.0205029,0.0137891,0.0106157,0.0595554,0.0145076,0.0151223
0.00802355,0.00558823,0.00343092,0.0134021,0.00373406,0.00361484
0.0191066,0.0131098,0.00874769,0.0606209,0.0156591,0.017401
0.024512,0.0161612,0.00827337,0.0317754,0.0084747,0.00984252
0.0165015,0.00966694,0.00601132,0.0268025,0.0082502,0.0098586
0.0157852,0.00834428,0.00548352,0.0162561,0.00506092,0.00344946
0.0186162,0.012574,0.00582207,0.03252,0.00670958,0.0065495
0.0196583,0.0128526,0.0100008,0.0250229,0.00830522,0.0117555
0.0219738,0.0148273,0.00619792,0.0217752,0.00328111,0.0107098
0.0199051,0.0133205,0.00546815,0.0309239,0.00908786,0.0100621
0.0102903,0.00712949,0.00311064,0.0166513,0.0047161,0.0133555
0.0156554,0.00712618,0.00565196,0.0142929,0.0052834,0.00814345
0.012877,0.00505549,0.00393651,0.0166571,0.00517196,0.00767792
0.010494,0.00727894,0.00292053,0.0229861,0.00550014,0.0126862
0.0335771,0.0222331,0.00927711,0.0349204,0.00883207,0.00583
0.00805694,0.00556571,0.00174588,0.0159129,0.00420501,0.00995127
0.00770329,0.00540584,0.00249315,0.0109413,0.00451243,0.00985142
0.0238277,0.01465,0.0221501,0.111159,0.0290106,0.0561258
0.035406,0.0212014,0.0170452,0.07235,0.0188462,0.0474812
0.00518334,0.00366016,0.00263461,0.0198828,0.00409089,0.00264736
0.00920814,0.0064271,0.00342492,0.0146456,0.00364486,0.00234918
0.0164607,0.0110203,0.00316652,0.0341744,0.0102372,0.0145812
0.0256065,0.0166848,0.0222566,0.104239,0.0257667,0.0302869
0.0120014,0.00752308,0.005699,0.0257458,0.0067716,0.00481513
0.00670432,0.00466777,0.00279133,0.0202015,0.00725856,0.00475269
0.024792,0.015897,0.00699901,0.0349888,0.00892578,0.0187019
0.0100874,0.00680178,0.00363057,0.0130345,0.00346013,0.00120967
0.00515063,0.00376736,0.00394744,0.0300745,0.00721451,0.00611828
0.0166327,0.0087619,0.0151138,0.0440127,0.0127681,0.0123031
0.0173591,0.0103799,0.00793961,0.0310965,0.00744293,0.00705906
0.00511079,0.00361035,0.00264652,0.0110619,0.00428773,0.00307824
0.0216527,0.0133909,0.0515802,0.0897358,0.0229179,0.0783641
0.0049614,0.00355645,0.00220222,0.0149021,0.00390554,0.00345849
0.0146003,0.00984509,0.0048075,0.0225607,0.00522275,0.0091022
0.0101512,0.00729002,0.00426992,0.0153556,0.00287048,0.00354665
0.0407353,0.0255519,0.0218073,0.114729,0.0318658,0.0269069
0.00913901,0.00577108,0.0278758,0.0488424,0.014644,0.0153007
0.0105551,0.0072873,0.00291755,0.0172007,0.00530562,0.00478407
0.0391884,0.0241587,0.015367,0.0582765,0.0143191,0.0219867
0.00689079,0.00458342,0.00172284,0.0148342,0.00318008,0.00171925
0.00708603,0.00469192,0.00336289,0.026874,0.00488912,0.00803355
0.016317,0.0113,0.01575,0.0401711,0.0122064,0.0112694
0.0200387,0.0129531,0.00714695,0.0290987,0.00681618,0.00326646
0.0268726,0.0182183,0.010768,0.0444204,0.0125552,0.0172008
0.00566703,0.00411009,0.00301099,0.0131737,0.00266825,0.00441449
0.0154524,0.0106664,0.00482369,0.0224051,0.00755463,0.00564657
0.0266033,0.0165653,0.00955254,0.0470961,0.0125261,0.0151923
0.0130868,0.00931739,0.00774833,0.0408004,0.0104289,0.00609912
0.036188,0.0227547,0.0267711,0.0975579,0.0267938,0.0531641
0.0325176,0.0209937,0.0108772,0.0453033,0.0107599,0.0116739
0.0141341,0.00964973,0.00621767,0.0355494,0.0101614,0.00960527
0.0120678,0.00865262,0.0040268,0.00646492,-0.000953525,0.00622805
0.0239867,0.0158327,0.0108631,0.0399336,0.010424,0.0215248
0.0109818,0.00787757,0.00430271,0.0228605,0.00454423,0.00466664
0.028924,0.0127251,0.00903683,0.058919,0.0164996,0.0105844
0.0290102,0.0115306,0.0104196,0.0406407,0.00914963,0.00660423
0.0181351,0.0120714,0.0071411,0.0205495,0.00717945,0.0137001
0.0144073,0.0099344,0.0118651,0.0345921,0.00819885,0.00428577
0.0125305,0.00901453,0.00491754,0.0179957,0.00618865,0.00794462
0.0137997,0.00920448,0.0262351,0.0900396,0.0247619,0.0111605
0.0539352,0.0285496,0.0425589,0.164009,0.0474629,0.129221
0.00760159,0.00543978,0.00288459,0.0203647,0.00505035,0.00530991
0.0270571,0.0180451,0.0166609,0.138057,0.034661,0.0544799
0.0754905,0.0372801,0.0328359,0.122194,0.0299435,0.0585497
0.0106794,0.00738682,0.00862741,0.0276582,0.00667715,0.00527993
0.0233232,0.0147947,0.0122376,0.0511475,0.0130426,0.026579
0.0121773,0.0084177,0.00577791,0.0209024,0.00553992,0.00389869
0.0112139,0.00790405,0.00226024,0.0189951,0.00578537,0.0031963
0.0274989,0.0183989,0.0102401,0.0521431,0.0136344,0.0118636
0.00659504,0.00454274,0.00181012,0.0164588,0.00544938,0.0166161
0.0197079,0.0126762,0.0261138,0.0832002,0.0228191,0.0367697
0.0169347,0.0113423,0.00646176,0.0306509,0.00926803,0.00805086
0.0257593,0.0170892,0.00809848,0.037978,0.0115284,0.0105489
0.0098401,0.00663198,0.00284849,0.0139344,0.00329981,0.00381512
0.0150611,0.00856191,0.00544927,0.0311526,0.00915006,0.00670077
0.0167569,0.00855984,0.00560186,0.0309617,0.0083309,0.00516693
0.022787,0.0147658,0.0104083,0.0723168,0.0227666,0.0216165
0.0370672,0.0127998,0.0220772,0.144123,0.0414554,0.0527025
0.0219585,0.0151229,0.0214742,0.0544402,0.0130034,0.016714
0.017522,0.0116294,0.0124369,0.0467206,0.0122796,0.01143
0.037753,0.0222719,0.0299174,0.13877,0.0351209,0.0346537
0.0203908,0.0134484,0.00574633,0.0309257,0.00726898,0.00562349
0.00830541,0.00547436,0.00587718,0.037166,0.0087887,0.0119708
0.0073209,0.00512255,0.00358851,0.0141744,0.00465505,0.00262003
0.00628387,0.00451695,0.00225308,0.0182894,0.00333083,0.00478051
0.0231919,0.0153025,0.00645333,0.0305577,0.00954551,0.00807408
0.00943821,0.00645055,0.00366994,0.0209257,0.00402875,0.00750015
0.00586627,0.00439388,0.00242036,0.0141422,0.00497452,0.00336991
0.0115013,0.00759172,0.00391133,0.0177713,0.0037081,0.00926695
0.025683,0.0159962,0.0126051,0.0418648,0.0130638,0.0188233
0.00700881,0.0050832,0.00957223,0.044264,0.0119891,0.0205173
0.00767149,0.00526558,0.00311575,0.0203401,0.00676439,0.0112375
0.0128864,0.00866267,0.00487233,0.0353132,0.00895748,0.0125944
0.0249078,0.0163932,0.00945055,0.0479905,0.0127655,0.0125339
0.00926081,0.00618709,0.00313431,0.0334098,0.00779208,0.00390858
0.0203022,0.0139482,0.00896824,0.0724384,0.0191104,0.0342985
0.0193724,0.0129646,0.00606635,0.0408937,0.010402,0.0122718
0.00970842,0.00707798,0.00530572,0.0183317,0.00482419,0.0113198
0.0231697,0.0153554,0.00756838,0.0330521,0.0093412,0.0119854
0.0699001,0.0245415,0.0404925,0.179337,0.0468087,0.0547627
0.0707604,0.0245175,0.0392556,0.164392,0.037349,0.0512678
0.00908113,0.00602975,0.00358249,0.00686014,0.00250337,0.00401745
0.00683518,0.00489099,0.00500256,0.0185764,0.00483518,0.00876493
0.0192435,0.0129224,0.00958059,0.058141,0.0138813,0.0193641
0.0099646,0.00696132,0.00351126,0.0210131,0.00638626,0.00670784
0.0276045,0.01569,0.0132681,0.063651,0.0170906,0.0099053
0.0347985,0.0187554,0.0138232,0.0552285,0.0145773,0.00780041
0.0104231,0.00702471,0.00480384,0.0193509,0.00499031,0.00451345
0.0135717,0.00919779,0.0044231,0.0200896,0.00550123,0.00983655
0.015817,0.0110781,0.00950546,0.0326756,0.00885646,0.00354112
0.00939087,0.00660261,0.00413495,0.0162552,0.00399046,0.00449857
0.00850465,0.00601494,0.00631294,0.0234885,0.00571235,0.0127932
0.00712297,0.00499781,0.00248532,0.0251465,0.00619484,0.00678486
0.00930283,0.00657006,0.00446201,0.0176528,0.00485196,0.00638688
0.0334937,0.0216658,0.00935268,0.0428133,0.00900549,0.0134708
0.0182825,0.0124221,0.00544035,0.0386428,0.00965245,0.00963663
0.0127956,0.00888201,0.00300822,0.0233515,0.00638203,0.00590084
0.00948686,0.00636907,0.00284632,0.0245821,0.00657437,0.00391837
0.00763154,0.00522859,0.00311554,0.0157427,0.00570499,0.00270401
0.0177146,0.0120098,0.0130027,0.0132833,0.00285591,0.0156482
0.0265618,0.0175508,0.00858993,0.0347377,0.00800436,0.00603882
0.0123737,0.00845,0.00468534,0.0196939,0.00481246,0.00736143
0.0180409,0.0123431,0.00710244,0.0271659,0.00691323,0.0131938
0.0133891,0.00915826,0.00454653,0.018883,0.00440446,0.0130735
0.0127372,0.00820286,0.00423089,0.0236973,0.00821974,0.00475655
0.00521244,0.00368189,0.00469721,0.0127561,0.00384265,0.00114043
0.0078398,0.00514276,0.00364218,0.0163736,0.00549153,0.00247388
0.0113289,0.0082488,0.00512323,0.0275295,0.00609051,0.00536884
0.0359265,0.0156924,0.0159183,0.0643166,0.015828,0.0193456
0.0130471,0.00908177,0.00563892,0.0345962,0.00836415,0.00833393
0.0284013,0.0185378,0.00909724,0.0368002,0.00800358,0.00897358
0.0232207,0.0153807,0.0087176,0.0434367,0.0106379,0.00780327
0.00629145,0.00403938,0.0023382,0.0132198,0.00404682,0.00991337
0.00889252,0.00618087,0.00611498,0.0130205,0.00311697,0.00530588
0.0202472,0.0137503,0.00526673,0.0444891,0.0112299,0.0064818
0.0190771,0.0128212,0.00598714,0.0295418,0.00808463,0.0132026
0.00506038,0.00363814,0.00164771,0.0137809,0.00560473,0.00925174
0.0120779,0.00798318,0.00486585,0.0142487,0.00448805,0.00592593
0.0285055,0.0134865,0.00902678,0.0515659,0.0146751,0.0114626
0.0293245,0.0134065,0.00876909,0.0485982,0.014041,0.0103073
0.0324139,0.0214859,0.0202446,0.0432236,0.0106446,0.0264892
0.0200553,0.0134324,0.00473356,0.0355166,0.00775963,0.00652755
0.0196812,0.0127869,0.0133124,0.0545259,0.0138393,0.0155927
0.0106203,0.00736462,0.00301381,0.0183542,0.00616378,0.00580272
0.0284465,0.0132041,0.00813612,0.0460123,0.0135051,0.0145441
0.0284149,0.0132996,0.00757445,0.0379119,0.0117528,0.0139889
0.0128321,0.00538398,0.00573044,0.0267087,0.00827946,0.00404002
0.0218078,0.0146362,0.00546313,0.0399114,0.0133361,0.02315
0.0132151,0.00922999,0.00527034,0.0125755,0.00401332,0.00336002
0.0155154,0.0110061,0.00597403,0.0264235,0.00565908,0.00443472
0.019451,0.00774693,0.00752302,0.044556,0.0114901,0.0116482
0.0209287,0.00959149,0.00733388,0.0466488,0.0115268,0.0137419
0.0324604,0.0202707,0.0394106,0.20523,0.0553381,0.0847508
0.0242875,0.0162033,0.0219008,0.146237,0.0372097,0.0554843
0.0381556,0.01644,0.0301721,0.124056,0.0302796,0.0293028
0.00653413,0.00451711,0.0035894,0.0177427,0.00426824,0.00499525
0.00738574,0.00512401,0.00339278,0.017405,0.00382198,0.00768409
0.00907602,0.00657679,0.00327591,0.021298,0.00403572,0.00914532
0.00686887,0.0048992,0.00372159,0.0243952,0.0057461,0.00994763
0.0216561,0.0147157,0.00715356,0.0428707,0.0122384,0.0127432
0.00551363,0.00360238,0.00266337,0.0191911,0.00446344,0.00318348
0.00918176,0.00610809,0.0036921,0.0241223,0.0047462,0.00282067
0.00546733,0.00354357,0.00185903,0.0080603,0.00283,0.0107206
0.0151525,0.0101025,0.00438089,0.0192728,0.00503035,0.00497702
0.0279103,0.0178446,0.0148497,0.0618852,0.0165636,0.00745574
0.0322657,0.021766,0.0203412,0.0568948,0.0158785,0.0151809
0.0114234,0.00794874,0.0114496,0.046901,0.0112034,0.0203344
0.00559755,0.00372196,0.00245113,0.0159106,0.00488415,0.00285993
0.00876238,0.00627527,0.00241661,0.010731,0.000739575,0.00299412
0.00951275,0.00645698,0.00377746,0.0346163,0.00990269,0.0140024
0.0173613,0.00947834,0.0115906,0.0976375,0.0238569,0.01675
0.0495675,0.0290845,0.0206719,0.110186,0.0272425,0.0329086
0.0160608,0.0105257,0.00313504,0.0328983,0.0052839,0.0200987
0.0158125,0.0110152,0.00434441,0.0161654,0.00377189,0.00647765
0.0233094,0.0154824,0.00773431,0.0270639,0.00816477,0.00515166
0.0315676,0.0152307,0.0174931,0.0745836,0.0193672,0.00718027
0.00694909,0.00471592,0.00190293,0.0152916,0.00300558,0.00486244
0.0201026,0.0133088,0.0105254,0.0556734,0.013437,0.0109855
0.00629903,0.00474176,0.00183059,0.0185734,0.00323058,0.00401334
0.0123877,0.00850011,0.00397003,0.0252615,0.00618335,0.00655897
0.00928573,0.00655077,0.00374969,0.0134712,0.00383737,0.00268241
0.0113691,0.00814127,0.00513197,0.0212034,0.00601982,0.00491784
0.0225937,0.0149902,0.00744182,0.0296876,0.00706258,0.00495722
0.0204318,0.0135893,0.0186755,0.0646844,0.0156199,0.0320247
0.0199649,0.0131325,0.00596133,0.034647,0.00855381,0.01856
0.0459921,0.0270316,0.027223,0.148016,0.0387785,0.0592141
0.0120928,0.00823794,0.00364297,0.0205264,0.00815192,0.0142063
0.00503645,0.00339349,0.00211977,0.00977876,0.00387882,0.00309981
0.00824501,0.00576603,0.00341775,0.0158169,0.00560284,0.00267305
0.0175696,0.00695929,0.00731262,0.0423568,0.00994436,0.0118126
0.0182617,0.00724164,0.00726798,0.0364206,0.00704007,0.00985723
0.026796,0.0168679,0.0215336,0.0932443,0.0227493,0.0244895
0.0134776,0.00860566,0.00299747,0.0227127,0.00495108,0.00429352
0.0387975,0.0242783,0.0141093,0.0718382,0.0181018,0.0169767
0.0181571,0.01215,0.00681421,0.0372809,0.00898432,0.0230977
0.024829,0.0164944,0.00561353,0.0252064,0.00742374,0.00874548
0.0251087,0.016101,0.0077561,0.049169,0.0105377,0.0069897
0.0173919,0.0116761,0.00787839,0.0268581,0.00712394,0.00917874
0.00582573,0.00419967,0.00285593,0.0125703,0.00286281,0.00445165
0.00951136,0.00718842,0.00596308,0.0243039,0.00563779,0.00213831
0.0218973,0.0144184,0.00811718,0.0235853,0.00928886,0.0223619
0.0181118,0.0118473,0.0165629,0.0591632,0.0164211,0.0297313
0.00880822,0.00583964,0.00242915,0.0159203,0.00412409,0.00311274
0.0121261,0.00837496,0.00437843,0.00214498,-0.000218531,0.00662617
0.0403498,0.0250171,0.0127876,0.0528225,0.0139303,0.0366137
0.0317365,0.021303,0.00980374,0.0462544,0.0114892,0.0155968
0.00724793,0.00503608,0.00298761,0.0165077,0.00400482,0.00417265
0.0278638,0.0187641,0.0071332,0.0423174,0.0114583,0.0122507
0.0494492,0.0188178,0.0404045,0.167087,0.0474837,0.0388647
0.0485997,0.0184781,0.0419693,0.160249,0.0416667,0.0387604
0.00840703,0.00594244,0.00314802,0.0228659,0.00605819,0.0106667
0.0115541,0.00785915,0.00397495,0.0227223,0.00536432,0.00558121
0.0216225,0.0139957,0.0061124,0.0376304,0.0102922,0.019226
0.0166932,0.011419,0.00557362,0.00975429,0.00405627,0.00410499
0.0162549,0.0114724,0.00548319,0.0284756,0.00706502,0.00453602
0.0410292,0.0206266,0.0131145,0.0465826,0.012323,0.0168784
0.0325182,0.0179139,0.0103076,0.0271561,0.00563051,0.0107465
0.0141449,0.00939967,0.00306777,0.0213885,0.00675269,0.0165055
0.00580451,0.00429112,0.00247543,0.0234308,0.00429168,0.00327799
0.00471332,0.00341084,0.00281398,0.0133589,0.0031732,0.00378855
0.0102638,0.00713665,0.00339796,0.020257,0.00487927,0.00374287
0.0238859,0.0164194,0.0145258,0.093146,0.0276468,0.0374058
0.0122253,0.00841113,0.00499363,0.0195951,0.00551848,0.00570524
0.00815198,0.00588197,0.00234725,0.0117032,0.00300906,0.00695672
0.0184555,0.0122691,0.00617163,0.0295153,0.00798915,0.00979425
0.0308169,0.0199911,0.0152549,0.0536055,0.0132088,0.0263281
0.0500026,0.0272486,0.0663635,0.226501,0.0610932,0.151636
0.0246154,0.0159435,0.00685948,0.0266822,0.00882447,0.00363827
0.0108695,0.00701268,0.00628573,0.0219393,0.00639254,0.00833466
0.0134825,0.00910819,0.0091853,0.0334808,0.00872171,0.0209271
0.0143348,0.00735831,0.00575203,0.0264729,0.00747194,0.00626814
0.01438,0.00785118,0.00357368,0.0162738,0.00280016,0.00392228
0.0178321,0.0121631,0.00509142,0.0242998,0.0055224,0.00100433
0.0279052,0.0185887,0.0182586,0.0617842,0.0144057,0.0204573
0.0301335,0.0179817,0.0110645,0.0408023,0.00911463,0.0222316
0.0408034,0.0234397,0.0125894,0.0349097,0.00633731,0.0248297
0.0118897,0.00767513,0.00259458,0.0250491,0.0087446,0.00627353
0.0201575,0.0135591,0.0123938,0.0600929,0.0156557,0.0168048
0.0246959,0.0168031,0.0104648,0.041374,0.0117582,0.00822306
0.0223091,0.0144245,0.0094483,0.0281291,0.00884288,0.0150783
0.0152915,0.00821093,0.0043804,0.0176142,0.0055258,0.00799415
0.00906958,0.00620351,0.00652248,0.0221948,0.00659515,0.0103954
0.0266568,0.0179696,0.00704716,0.0453483,0.0107519,0.0110735
0.0180646,0.0116746,0.011597,0.0523016,0.0139494,0.00850799
0.0166391,0.0115542,0.00697773,0.0443434,0.0115735,0.0196084
0.0155339,0.0101684,0.00846243,0.0607458,0.0151648,0.0100333
0.00760248,0.00511846,0.00316475,0.0116498,0.00397519,0.00173582
0.0240734,0.0154675,0.00635856,0.042224,0.00982323,0.00856604
0.00477901,0.00316894,0.00198604,0.00254533,-0.00044133,0.00311806
0.0105625,0.00721913,0.00183577,0.0193479,0.00425103,0.0036279
0.00880384,0.00645751,0.00607032,0.0252613,0.00818053,0.00320646
0.03315,0.0214008,0.0119643,0.0505072,0.0125216,0.0071112
0.00727466,0.00491183,0.00139345,0.0238691,0.00504385,0.0106227
0.00483429,0.00360565,0.00283921,0.0136126,0.00373047,0.00485197
0.00557324,0.00400219,0.00314287,0.00944263,0.00282236,0.00413807
0.0141839,0.00946981,0.00758498,0.0355091,0.01074,0.0038589
0.00569918,0.00375609,0.00228587,0.0172128,0.0014423,0.000220117
0.00962661,0.0068601,0.00514358,0.024821,0.00550983,0.00633724
0.0089366,0.00617155,0.00293929,0.023799,0.00543456,0.00286972
0.00557178,0.00401867,0.00189234,0.0120997,0.00193877,0.00412539
0.00931719,0.0065392,0.00373294,0.0138269,0.00318693,0.00117681
0.019104,0.0107382,0.00930169,0.04881,0.0115745,0.0165942
0.0211744,0.0107176,0.00970268,0.0503136,0.0110529,0.0166769
0.0140852,0.00949751,0.00471014,0.015888,0.00252468,0.00155935
0.0138013,0.00942108,0.00381879,0.0249372,0.0075923,0.00537868
0.00499164,0.00356044,0.00363518,0.0115915,0.00315601,0.00127705
0.00532911,0.00420113,0.00235036,0.015245,0.00603612,0.00847549
0.0147537,0.0106706,0.0121897,0.0426591,0.0118428,0.00574995
0.0143391,0.0091677,0.005335,0.0281368,0.0079825,0.011379
0.00871211,0.00619444,0.00282404,0.0172437,0.0030219,0.00379735
0.0055534,0.00395515,0.00197842,0.0142392,0.00517848,0.00325511
0.0204208,0.0132449,0.00892113,0.0431244,0.00950717,0.0216325
0.0354322,0.0232173,0.0114603,0.0637234,0.0157949,0.0385458
0.0218087,0.0146119,0.00655854,0.0292838,0.00716026,0.00951958
0.0172127,0.0116742,0.0145628,0.056939,0.0133273,0.0135073
0.0185006,0.0128174,0.00496579,0.0312088,0.00675477,0.00180074
0.0125899,0.00850861,0.00502044,0.0216479,0.00586014,0.0042868
0.00658802,0.00471396,0.00211407,0.00604869,0.00203197,0.00176911
0.0225565,0.0124367,0.0102895,0.0424258,0.0120742,0.0081134
0.0221636,0.0094346,0.00783761,0.0314137,0.00675213,0.00270588
0.00418905,0.00300986,0.0012477,0.0127321,0.0045784,0.0119042
0.0246067,0.0163916,0.00869633,0.0285273,0.00679577,0.0148913
0.0238679,0.0159945,0.00638522,0.0422651,0.0114739,0.00775899
0.0209935,0.0138404,0.00968008,0.058949,0.0156083,0.0269283
0.0145889,0.01014,0.00383989,0.0282232,0.0070162,0.00694238
0.0189635,0.0125246,0.00858993,0.068913,0.0173611,0.0388073
0.0109233,0.00762389,0.00390603,0.0214806,0.00591111,0.0026097
0.0076846,0.00537737,0.00217057,0.0164189,0.00655212,0.0100148
0.0117637,0.00788933,0.0141919,0.0422712,0.0123569,0.0157087
0.0339696,0.0217625,0.0125915,0.0503963,0.012235,0.00879388
0.0616489,0.0349283,0.0752085,0.32368,0.0864204,0.106815
0.00847478,0.00583533,0.00262245,0.0141339,0.00444932,0.0112132
0.0165925,0.0111483,0.00565228,0.0251259,0.0062505,0.00579452
0.0115834,0.00826982,0.00668116,0.0174559,0.00472177,0.00630416
0.00726151,0.00496535,0.00293284,0.0319584,0.00695158,0.0235293
0.0480334,0.0286613,0.0117441,0.0604114,0.0143239,0.0130613
0.0122795,0.00869249,0.00323933,0.0254147,0.00652607,0.0110912
0.00838942,0.00567588,0.00302032,0.0131328,0.00434264,0.00529377
0.0160446,0.0108783,0.00720068,0.036673,0.00963222,0.00566607
0.0277373,0.0174927,0.00918985,0.0606077,0.0124591,0.0206456
0.0095226,0.00623764,0.0029621,0.0172866,0.00353602,0.00348152
0.0120605,0.0083339,0.00477631,0.0230647,0.006211,0.00494622
0.0231689,0.015489,0.00773477,0.0302741,0.00702755,0.015725
0.0047569,0.00313614,0.00304024,0.030479,0.00705251,0.00592727
0.0252317,0.0133055,0.00899281,0.0301709,0.00908818,0.00636767
0.0121938,0.00810274,0.00441248,0.0241257,0.00430323,0.00651406
0.0145982,0.00990089,0.0054326,0.00423713,0.000197028,0.00840876
0.00981478,0.0066533,0.00374153,0.0233452,0.00546901,0.00400347
0.0106416,0.00736691,0.0029477,0.0179435,0.00405786,0.0030067
0.00950583,0.00623389,0.00417438,0.0193309,0.00411614,0.00244078
0.0253195,0.0163857,0.00751308,0.0352536,0.0107469,0.0137535
0.0101154,0.00534206,0.00626901,0.0408653,0.0114725,0.00624814
0.0107283,0.00414886,0.00651869,0.042031,0.00840186,0.00625741
0.0255063,0.0170276,0.00498702,0.0395126,0.0100534,0.0157877
0.0476886,0.0287128,0.0303516,0.0901843,0.0238239,0.0308041
0.0175877,0.0119728,0.00722682,0.0229335,0.00794152,0.00558784
0.00683527,0.00467802,0.002552,0.0236132,0.00408708,0.00365858
0.0158665,0.0106146,0.00983477,0.0383813,0.0081116,0.0216951
0.0163174,0.0114528,0.00479835,0.0231809,0.00565175,0.0133482
0.0288167,0.0185867,0.0100758,0.0667463,0.0200491,0.0301572
0.0279897,0.0147684,0.0179325,0.0843026,0.0193032,0.0100354
0.0252215,0.0146809,0.0171146,0.0763583,0.0152128,0.00764565
0.0268876,0.0159439,0.0300147,0.197453,0.0594526,0.107995
0.00739804,0.00367902,0.00288899,0.0169232,0.00477122,0.00913125
0.0118102,0.00790462,0.007564,0.0177829,0.0047845,0.00308497
0.0233732,0.0162719,0.00769272,0.039044,0.00797442,0.00822251
0.0179708,0.0117152,0.0083201,0.021381,0.00528223,0.0109397
0.0259879,0.0167133,0.00944202,0.0366662,0.00753393,0.0091072
0.0126466,0.00885481,0.00582014,0.0244136,0.00791817,0.00939187
0.0144217,0.0097739,0.0047113,0.0353479,0.00895532,0.00453141
0.0080781,0.0056623,0.00323776,0.0128073,0.0034504,0.00318913
0.0466037,0.0272177,0.038822,0.147847,0.0373874,0.051868
0.00451168,0.00335436,0.00216316,0.00893952,0.00137964,0.00367533
0.0225668,0.0151149,0.00669662,0.0318348,0.00860364,0.00335051
0.00803215,0.00550676,0.00310562,0.0168751,0.0038334,0.00623985
0.0121617,0.00878456,0.00444791,0.0214199,0.00642458,0.00832496
0.0108613,0.00718909,0.00327422,0.0258952,0.00497968,0.0027219
0.00430643,0.00314137,0.00285957,0.0175026,0.00471096,0.00112732
0.00493566,0.00311711,0.00170162,0.0313352,0.0100152,0.0203136
0.0182017,0.0125872,0.00612618,0.0184985,0.00420803,0.00612147
0.00873996,0.00614987,0.00519916,0.0170825,0.00473315,0.00289361
0.0131102,0.0091472,0.00386622,0.0231274,0.00459365,0.00765003
0.023657,0.0103273,0.0121516,0.0815993,0.0248623,0.0373988
0.0432906,0.0247925,0.0222313,0.12206,0.0339902,0.0533816
0.00617232,0.00446393,0.00255698,0.0143245,0.00215813,0.0015419
0.0473679,0.0296962,0.0161292,0.0803399,0.0201897,0.0429032
0.0167197,0.0110954,0.00667022,0.0239702,0.00529504,0.00483518
0.0106904,0.00721045,0.00993369,0.0301411,0.00656226,0.00495441
0.00919013,0.00622069,0.00391554,0.0187887,0.00476645,0.00739467
0.0157273,0.0108702,0.00433184,0.026005,0.00634646,0.0141167
0.019193,0.0131279,0.0142241,0.041915,0.0105194,0.0108654
0.00777019,0.0055609,0.00407822,0.0174145,0.00440657,0.00410244
0.0103855,0.00702878,0.00336151,0.0272783,0.00687972,0.00649092
0.0126044,0.00853215,0.00276523,0.0190207,0.00540714,0.00346287
0.0124569,0.00812931,0.00463334,0.0320604,0.00737399,0.00758336
0.0147569,0.009774,0.00508021,0.0282438,0.00858293,0.0141964
0.0331358,0.0214273,0.0109947,0.0456048,0.0116999,0.0176053
0.011622,0.00808757,0.00335304,0.021595,0.00708466,0.0115423
0.00479062,0.00364194,0.00247817,0.00889166,0.00165483,0.00355894
0.0110384,0.00745054,0.00872612,0.035596,0.00998184,0.0087405
0.0145104,0.0101514,0.00618881,0.0226671,0.00585555,0.00469317
0.0127699,0.00911332,0.00477355,0.0240541,0.00684551,0.00893917
0.0201121,0.0132119,0.00667904,0.0251332,0.00845452,0.0072588
0.0152826,0.0103485,0.00285167,0.0236262,0.00454209,0.00395573
0.00455295,0.00305903,0.00179681,0.0103877,0.0027518,0.00103629
0.0246149,0.0168097,0.0092063,0.0298879,0.0079404,0.0101201
0.020091,0.0138937,0.00846245,0.0321391,0.00840515,0.0100199
0.0234887,0.0138458,0.0187353,0.100653,0.0269934,0.0415833
0.0366316,0.0224593,0.0575975,0.176696,0.0431178,0.028108
0.017534,0.0119315,0.00666685,0.0416092,0.00976614,0.0298885
0.00847053,0.00571259,0.0033933,0.00218682,-0.000704535,0.00287706
0.0189707,0.0124351,0.00615414,0.0302744,0.00880303,0.0107634
0.0295838,0.0202319,0.00918561,0.0544467,0.0146181,0.0105351
0.0268389,0.0158148,0.00837728,0.0455332,0.0139616,0.0148868
0.021375,0.0112007,0.00891684,0.0496354,0.0118453,0.020138
0.00571382,0.00380048,0.00230327,0.0195002,0.00618051,0.0037745
0.0135579,0.0091181,0.00536957,0.0268555,0.00754957,0.00997435
0.049871,0.0239144,0.0166386,0.0646304,0.0175115,0.0327128
0.00748174,0.00526786,0.00318643,0.0119387,0.00311838,0.00326394
0.0339251,0.0219042,0.0199983,0.0742509,0.0178192,0.0128464
0.0046043,0.00320471,0.001329,0.0129186,0.00303245,0.00105599
0.0155581,0.0100668,0.00379032,0.0344313,0.00669038,0.00888021
0.0113729,0.00760672,0.00456639,0.0275264,0.00704936,0.00537595
0.00449775,0.00301778,0.00278396,0.00791251,0.00189466,0.00232281
0.0127948,0.00853446,0.0034164,0.0153446,0.00492775,0.00232023
0.0307832,0.021198,0.0165092,0.084008,0.0205724,0.0293375
0.0198403,0.0127266,0.0170822,0.0952465,0.0245868,0.0153444
0.00528072,0.00383894,0.00280343,0.0104678,0.00362994,0.000941425
0.0318623,0.021782,0.00707822,0.0666477,0.0162412,0.0133217
0.00667259,0.00469072,0.00296676,0.0123642,0.00489306,0.00641441
0.010733,0.00732285,0.0110705,0.035667,0.00983464,0.00724966
0.0247727,0.0104316,0.0150913,0.059403,0.014593,0.0132333
0.0081502,0.00563992,0.00164359,0.0127981,0.0038807,0.00445797
0.0144755,0.00952459,0.00508556,0.0188156,0.00344373,0.00741202
0.00662657,0.00432232,0.0017935,0.0239638,0.00517715,0.00736227
0.0120335,0.00820258,0.00378507,0.0258759,0.0060304,0.00349084
0.0101645,0.00663373,0.00253924,0.0187614,0.00410225,0.00456444
0.00680031,0.004858,0.00218183,0.0337897,0.00786436,0.0120301
0.00777119,0.00553942,0.00169516,0.0112497,0.00469203,0.00957886
0.010417,0.00733293,0.00407406,0.0132192,0.00433975,0.0070208
0.00608685,0.00422312,0.00325877,0.0137457,0.00265123,0.00213632
0.00956413,0.00659743,0.00403078,0.0194616,0.00469494,0.0121353
0.00649317,0.00453038,0.00387937,0.0152935,0.00395167,0.00243445
0.00962036,0.0069936,0.00357032,0.0244061,0.00616299,0.00369986
0.0452799,0.0263769,0.0147754,0.0959615,0.0219208,0.0252301
0.00867033,0.00633129,0.00334871,0.0273171,0.00662227,0.00506474
0.0362241,0.0220349,0.0278834,0.102823,0.0266818,0.0489226
0.0328279,0.0204342,0.0248315,0.113229,0.0304285,0.0575291
0.0221887,0.0145976,0.00835523,0.0320627,0.00906205,0.00603428
0.0120527,0.00805196,0.00520107,0.0325728,0.0086794,0.0205163
0.0122643,0.00826789,0.00732624,0.0415887,0.0111175,0.00668696
0.0109238,0.00736169,0.00347239,0.0259633,0.00541647,0.00378655
0.00728796,0.00511409,0.00687373,0.0181293,0.00447774,0.00373041
0.0233644,0.0162607,0.0099877,0.0437348,0.0110451,0.0210384
0.00917272,0.00616603,0.00309284,0.0190481,0.00375652,0.00444568
0.00890959,0.00643472,0.00542416,0.01631,0.00439005,0.00703592
0.0288741,0.0188525,0.00877563,0.0440545,0.00931408,0.0169463
0.00579689,0.00423536,0.00240161,0.00086326,-0.000174891,0.00433567
0.0211857,0.0135132,0.0260643,0.0936641,0.0249372,0.030218
0.00818177,0.00547921,0.00470436,0.0178075,0.00479545,0.000476758
0.0146385,0.00965436,0.00489031,0.0250545,0.00552598,0.00785365
0.0173645,0.0116334,0.00542029,0.0335275,0.00808637,0.00510643
0.0126838,0.00851446,0.00494046,0.00508942,0.00149581,0.00431215
0.0134714,0.00901744,0.00451493,0.026434,0.00762948,0.00738161
0.0409308,0.024783,0.016827,0.101813,0.0258386,0.0222891
0.0122306,0.00856875,0.00410114,0.0241369,0.00805965,0.00295894
0.0243329,0.0150587,0.0118991,0.0870459,0.0259272,0.0490345
0.016859,0.0106743,0.025605,0.0704781,0.018195,0.0171708
0.00466356,0.00325346,0.00229586,0.0157304,0.00348336,0.000904383
0.00911567,0.00659437,0.00802992,0.0553753,0.0155333,0.0172864
0.0282706,0.018724,0.0086187,0.0651399,0.0157256,0.0120154
0.00615528,0.00429911,0.00306878,0.0164425,0.00258528,0.00180733
0.0140482,0.00988896,0.00424678,0.0176104,0.00611629,0.00668074
0.0161175,0.0105657,0.0050444,0.0223895,0.00802397,0.0154174
0.0182524,0.0121832,0.00735053,0.0302517,0.00821162,0.00840462
0.0263684,0.0177861,0.00651529,0.0533448,0.0118144,0.0176676
0.0171299,0.0114502,0.00523074,0.0274937,0.00489177,0.0155845
0.0265621,0.0174479,0.0200519,0.0634893,0.016205,0.0288617
0.0215118,0.0143717,0.00646373,0.034216,0.00929564,0.0178699
0.00579739,0.00424968,0.00352038,0.0287788,0.00832388,0.0133576
0.0191309,0.0124134,0.010619,0.0551979,0.0116864,0.00948066
0.00710413,0.005165,0.00215148,0.0162888,0.00291699,0.00487422
0.0077487,0.00541077,0.00223058,0.0229249,0.00574553,0.0148094
0.00523,0.00361599,0.0020495,0.0137069,0.00373368,0.0040394
0.0135072,0.00631814,0.0121704,0.0460273,0.0138485,0.0136925
0.0122732,0.00575762,0.00967486,0.0296914,0.00626478,0.0126278
0.0111761,0.00801705,0.00579836,0.0209331,0.00489769,0.0134851
0.010724,0.00784265,0.00347652,0.0109332,0.0051659,0.00765876
0.0269864,0.0167707,0.0176994,0.0758023,0.0179607,0.0193954
0.00471631,0.00323774,0.00336832,0.0145628,0.00340896,0.00380523
0.0120475,0.00806464,0.00424586,0.0182114,0.00662614,0.00373932
0.00977671,0.00656709,0.00385975,0.0160706,0.00367568,0.00624728
0.0267267,0.0172843,0.0127667,0.0718086,0.0196428,0.0263225
0.00982255,0.00717579,0.00494935,0.0178851,0.00436171,0.00737659
0.0325838,0.0206189,0.0151091,0.0808422,0.0180263,0.0247918
0.0121265,0.00803722,0.00629322,0.0487231,0.00970299,0.0345502
0.0129847,0.0089099,0.00604159,0.0475683,0.0116445,0.0158117
0.0183246,0.0114865,0.00667951,0.0406094,0.0108642,0.0075376
0.00531951,0.0035798,0.00270761,0.0111123,0.00367076,0.00252315
0.0257498,0.0167669,0.00919724,0.0430402,0.00950477,0.00631578
0.0127606,0.00939994,0.00613098,0.0258096,0.00495076,0.00848939
0.0160105,0.0108352,0.00637422,0.0250915,0.00746342,0.013191
0.0464945,0.0273078,0.0333923,0.111197,0.0272119,0.0242499
0.0178711,0.0118879,0.00766444,0.0371793,0.00875351,0.0134773
0.00829553,0.0058985,0.00192243,0.0193926,0.00450157,0.010415
0.00761268,0.00526731,0.00339272,0.0138405,0.00341728,0.00673507
0.0350212,0.0233438,0.0200097,0.107606,0.0237163,0.0168779
0.0172023,0.0117307,0.00866282,0.0568208,0.0161992,0.0144341
0.010092,0.00691287,0.01161,0.0197182,0.00753801,0.00551309
0.0280889,0.0183554,0.00945564,0.043933,0.0106594,0.00448834
0.0377016,0.0239246,0.00999135,0.0488329,0.0143616,0.00659655
0.0148073,0.0101877,0.00956987,0.0449631,0.0120617,0.0101053
0.0127798,0.00875495,0.00459993,0.0217719,0.00383992,0.00775064
0.00806726,0.00552299,0.00411007,0.0150844,0.00332371,0.00405907
0.0175479,0.0117524,0.00681421,0.0392618,0.0103724,0.0108029
0.0415527,0.0254561,0.0237656,0.0988933,0.0255806,0.0240851
0.0386752,0.0233374,0.0230295,0.122834,0.0311054,0.0383146
0.0114394,0.00752032,0.00403532,0.0167398,0.00275305,0.00660672
0.0313562,0.0152911,0.0177382,0.063013,0.016725,0.0272634
0.00860769,0.00593804,0.00331828,0.0378377,0.0107226,0.0191699
0.0120019,0.00659293,0.00392396,0.0163561,0.00629674,0.0060994
0.0446978,0.02793,0.0126539,0.0720654,0.0167853,0.0137742
0.0119274,0.0084215,0.00365099,0.0276539,0.00633644,0.00382779
0.0177827,0.0117532,0.0113716,0.0552188,0.0162846,0.0121751
0.0351831,0.0225605,0.0104672,0.0630036,0.0166357,0.0125855
0.0172251,0.0116794,0.0100223,0.0562837,0.0169534,0.0144461
0.00530877,0.00345537,0.00239077,0.0128934,0.00245572,0.00439368
0.0138911,0.00964358,0.00744244,0.029272,0.00770055,0.00817198
0.00637936,0.00450432,0.00327231,0.0151901,0.0020652,-0.00116734
0.0191303,0.0127774,0.0110196,0.0503405,0.0131179,0.0189612
0.0183387,0.012058,0.0188182,0.0803266,0.0202587,0.0375392
0.0329548,0.0216359,0.0214905,0.0791091,0.0199948,0.00873338
0.0103057,0.00690831,0.00427899,0.013736,0.00370344,0.00828103
0.0270663,0.0180454,0.0074478,0.0338195,0.00722741,0.00511734
0.0419429,0.0233575,0.018772,0.0549247,0.0158219,0.0223893
0.0297252,0.0197702,0.0148212,0.0729762,0.0211037,0.0269988
0.0155132,0.0104025,0.00806207,0.0228224,0.0065199,0.00260339
0.0149673,0.00994384,0.0138165,0.0736833,0.0188746,0.0264512
0.0123559,0.00848148,0.00243109,0.0260652,0.00575356,0.00530561
0.0118972,0.00807376,0.00454209,0.02193,0.00516686,0.0153309
0.0158905,0.0105193,0.00631965,0.0297847,0.00752121,0.0155175
0.017933,0.0117819,0.00842599,0.0305725,0.0077103,0.0023223
0.0559326,0.0338774,0.0213722,0.10576,0.0249194,0.0165059
0.0304202,0.019707,0.0171369,0.0773095,0.0207444,0.0265479
0.053938,0.0328292,0.015227,0.0873663,0.0198665,0.0343288
0.0137966,0.00873179,0.00539191,0.032143,0.00733474,0.0111076
0.0203297,0.0132179,0.00427348,0.0376994,0.0113487,0.0174411
0.0245646,0.0160816,0.0315236,0.112476,0.0320879,0.0446578
0.0143535,0.00996111,0.00403724,0.00479098,0.000186386,0.00621359
0.0137107,0.00940391,0.00534376,0.0183868,0.00456054,0.0103429
0.0328988,0.0218174,0.0114005,0.0344194,0.00824462,0.00791539
0.042203,0.0237253,0.0420735,0.232648,0.0545879,0.0614082
0.0220219,0.0148635,0.0105892,0.0702682,0.0172294,0.0138459
0.0270506,0.0165095,0.0247269,0.0864958,0.0238481,0.0344293
0.0154241,0.0104914,0.00896782,0.0361023,0.0092911,0.00648319
0.00698877,0.00493453,0.00245167,0.0120369,0.00357169,0.00211692
0.0220755,0.0143493,0.0147121,0.0575948,0.0155417,0.0212806
0.0119746,0.00844799,0.00480284,0.016408,0.00529974,0.00944634
0.0384882,0.0235635,0.0185495,0.101834,0.0276905,0.046264
0.0176596,0.0116817,0.00462964,0.0367987,0.00847977,0.0207374
0.0404475,0.024138,0.0427027,0.212339,0.0593482,0.122732
0.0217089,0.014487,0.0092533,0.0389025,0.00865915,0.0115144
0.0228712,0.0144854,0.0294679,0.103946,0.0269092,0.071097
0.004668,0.00338546,0.00194833,0.0266023,0.00655866,0.00562397
0.023788,0.0150187,0.0093166,0.0451585,0.0120832,0.0122531
0.0344681,0.0197783,0.0116454,0.0479819,0.0119774,0.013863
0.0166321,0.0111713,0.0097876,0.0902887,0.0206339,0.0110865
0.0269112,0.0173299,0.00751065,0.0432526,0.00919975,0.0112861
0.0115078,0.00780397,0.0265199,0.104518,0.0258644,0.0408137
0.0344931,0.0230652,0.0154305,0.0534285,0.014965,0.00641399
0.042951,0.0203567,0.0186081,0.10844,0.0310759,0.0262994
0.0584952,0.0313811,0.0221513,0.108741,0.0270675,0.0203061
0.00548175,0.00357989,0.005667,0.0318825,0.00736107,0.0053434
0.00848098,0.00573252,0.00383365,0.0246028,0.00528396,0.00304798
0.00665593,0.00448211,0.00369331,0.0157529,0.00425788,0.00391006
0.0171003,0.0119239,0.0058094,0.0163699,0.00348484,0.0068836
0.0155663,0.0106835,0.00601653,0.0240806,0.00584796,0.00564825
0.0248651,0.0162941,0.0114992,0.0646866,0.0181736,0.020436
0.0300664,0.0201246,0.00983716,0.0381055,0.011465,0.00309849
0.00501249,0.00371873,0.00216382,0.0102383,0.00395787,0.00725701
0.0102122,0.00690577,0.00358196,0.0181042,0.0062794,0.00968847
0.020806,0.0136117,0.00950526,0.0548862,0.0133402,0.0117525
0.00986858,0.00617207,0.00518994,0.041851,0.00926283,0.0101796
0.0133373,0.00925567,0.00420906,0.0172199,0.00344675,0.0024469
0.0177927,0.011848,0.0159606,0.0816276,0.0227156,0.0428806
0.0138864,0.00963237,0.00507103,0.0235253,0.00519154,0.00416621
0.0166986,0.0110099,0.0105075,0.061083,0.0145513,0.0127378
0.00770476,0.00536124,0.00295779,0.012137,0.003308,0.00351164
0.00470348,0.00324918,0.0024546,0.0291037,0.00828506,0.00281825
0.0180309,0.011721,0.00388434,0.0255854,0.00627606,0.0076988
0.0495119,0.0232389,0.0177548,0.0782386,0.0201748,0.0309431
0.0506372,0.0232173,0.0177648,0.0771529,0.0195123,0.0300575
0.00520297,0.00384874,0.00271164,0.0197258,0.00414082,0.00143797
0.0265978,0.0180671,0.00929538,0.0459714,0.011747,0.0110622
0.0192077,0.0121429,0.00672364,0.0339831,0.009711,0.00562583
0.00717081,0.00514825,0.0027282,0.023401,0.00606505,0.00727839
0.0149609,0.0105335,0.0046752,0.0467158,0.0118335,0.0140606
0.00544217,0.00399824,0.00162044,0.0201527,0.00437433,0.00185253
0.00752417,0.00557369,0.00377841,0.0179471,0.00260706,0.00431483
0.0218706,0.0144658,0.0129769,0.0509694,0.0124596,0.00928442
0.0230084,0.014865,0.00901006,0.0415512,0.0115284,0.0222034
0.00453271,0.00332174,0.00435521,0.00729954,0.00287419,0.0053035
0.0182072,0.00791151,0.00572172,0.037097,0.0104415,0.0147002
0.0253382,0.0125654,0.00735012,0.0435551,0.00988158,0.0195159
0.0190488,0.00957446,0.0101937,0.0346078,0.00835742,0.0115518
0.00759778,0.00506549,0.0111504,0.0509605,0.00905806,0.012151
0.0566758,0.0292472,0.0373435,0.160193,0.036953,0.057059
0.00486762,0.00325174,0.00194879,0.0138424,0.00306287,0.000661364
0.00738779,0.00481163,0.00213532,0.0266764,0.00818076,0.00299582
0.0122491,0.00857884,0.00417875,0.0254509,0.00571326,0.00165137
0.0350503,0.0227125,0.0128019,0.0704995,0.0159022,0.0159422
0.00704151,0.00480979,0.00303757,0.0134735,0.00248194,0.00324074
0.0164673,0.0109271,0.00635712,0.0179424,0.005941,0.00403863
0.00557654,0.00380375,0.00249794,0.0120162,0.00503095,0.00468747
0.013213,0.00944407,0.00467386,0.0272527,0.0083124,0.00392857
0.0147358,0.010259,0.00510789,0.0217383,0.00709133,0.00202719
0.0122245,0.00848349,0.00529893,0.0222726,0.00485101,0.00447414
0.0121491,0.00643196,0.00556809,0.037433,0.0100099,0.00796046
0.0133189,0.00645058,0.00623399,0.0361912,0.00774447,0.00725099
0.0233551,0.0154401,0.00802438,0.0381033,0.00790163,0.00782379
0.0183714,0.012246,0.00810197,0.0345828,0.010387,0.0108217
0.0254281,0.0164348,0.00913661,0.0489632,0.0159282,0.0402495
0.00915948,0.00515933,0.00233941,0.0118682,0.00330412,0.0100745
0.0257587,0.0170618,0.00639299,0.0395962,0.00905609,0.00693595
0.0125232,0.00828281,0.00613184,0.0207676,0.00378488,0.00249756
0.0135224,0.00956662,0.00571906,0.000809534,-5.7155e-05,0.0042407
0.00670988,0.00469052,0.00322167,0.0155135,0.0041929,0.00426983
0.0223267,0.0107952,0.00816968,0.0284292,0.00847392,0.0127084
0.0142795,0.0100171,0.00352402,0.0251334,0.00600446,0.00834543
0.0191787,0.0124767,0.0106951,0.0481162,0.0118134,0.0182865
0.00916958,0.00638977,0.00518173,0.031003,0.00762957,0.00533223
0.020874,0.0142735,0.0181793,0.0751215,0.0198512,0.03486
0.00984838,0.00668558,0.00219522,0.01855,0.0045847,0.00449447
0.0222809,0.0146327,0.00596271,0.0459306,0.01194,0.0347526
0.00754735,0.00537614,0.00318144,0.0102151,0.00456638,0.00186425
0.0244246,0.0163567,0.00711393,0.0510708,0.0142597,0.0159257
0.0171842,0.0116904,0.00422587,0.0342506,0.00959776,0.0108958
0.0100138,0.00634086,0.00386978,0.0214926,0.00495254,0.00151328
0.00782726,0.00506354,0.00312432,0.0180076,0.00478655,0.00774843
0.0282271,0.0188483,0.0101403,0.0430734,0.0109133,0.0243843
0.0231924,0.0152926,0.00655612,0.037396,0.0118805,0.00843184
0.00827403,0.00553247,0.00314094,0.0210963,0.00501929,0.0121398
0.00574266,0.00418138,0.00559634,0.0147985,0.00356654,0.00371152
0.0256213,0.0146238,0.0364028,0.128085,0.0314307,0.0255939
0.00618299,0.00470741,0.00389856,0.0100445,0.00263292,0.00539856
0.013387,0.00925074,0.00294697,0.0270958,0.00735287,0.0110438
0.00629969,0.0029596,0.00236725,0.0117515,0.00308419,0.0038355
0.00945608,0.00643738,0.00423361,0.0161332,0.0031464,0.00377652
0.0258109,0.0167086,0.0112545,0.0440884,0.0121305,0.0157822
0.0175368,0.0119055,0.00490208,0.039307,0.010244,0.0025175
0.0107653,0.00750415,0.00577578,0.0201939,0.00429268,0.00449721
0.016495,0.0112242,0.00567117,0.0181698,0.00502165,0.00519526
0.028913,0.0188088,0.00854601,0.0405965,0.0130189,0.018528
0.0346556,0.0147079,0.028581,0.134078,0.0342028,0.039779
0.0225349,0.0151662,0.00698578,0.023858,0.00594264,0.010476
0.0409906,0.0216268,0.0465671,0.213168,0.0527943,0.0720571
0.0241479,0.015606,0.0167129,0.0634916,0.0162492,0.0175556
0.00752016,0.00514167,0.00409015,0.0205422,0.00712192,0.00425839
0.00937071,0.00634765,0.00402878,0.0155432,0.0043133,0.00352383
0.0120504,0.00876862,0.00619601,0.0197771,0.0048896,0.00793325
0.0130236,0.00914924,0.00328557,0.0194403,0.00506913,0.00346371
0.0222166,0.0146722,0.0126156,0.0830123,0.0203165,0.00890629
0.0157093,0.0103673,0.00865096,0.0349627,0.00921598,0.0112692
0.0207358,0.0142252,0.0106397,0.0304276,0.0109548,0.00574281
0.0320161,0.0199202,0.0195042,0.0812892,0.0224616,0.0486898
0.0239512,0.0157853,0.0189103,0.0996959,0.0273148,0.0160573
0.0152141,0.0101275,0.014554,0.0566489,0.017941,0.023991
0.00506009,0.0033478,0.0030126,0.00851934,0.00402762,0.00506018
0.0351339,0.0227687,0.0152918,0.0738813,0.0186752,0.00886339
0.00701737,0.00532293,0.00168419,0.0148875,0.00437807,0.00702442
0.0195922,0.0126147,0.00960471,0.0471144,0.00991342,0.0161423
0.00969504,0.0069943,0.00341283,0.0224504,0.00585624,0.00388408
0.00913199,0.00626716,0.005828,0.0177145,0.00452466,0.00748512
0.0129001,0.00872747,0.00506831,0.0257277,0.00522096,0.00945891
0.0142282,0.00979053,0.00388598,0.0243697,0.0101106,0.0232068
0.0070596,0.00497767,0.0042461,0.0179435,0.00646973,0.00423244
0.00662215,0.00468211,0.00426116,0.0162193,0.00243893,0.00527721
0.0143525,0.0095531,0.00654278,0.028284,0.00745318,0.0154119
0.0067849,0.00473957,0.00427567,0.0154627,0.0031726,0.00601378
0.00938438,0.00636812,0.00402414,0.0167535,0.00466574,0.0024716
0.0142204,0.0102144,0.0045025,0.0251383,0.00736151,0.0193131
0.0376852,0.0234811,0.0135472,0.0666365,0.0159799,0.0105267
0.0109969,0.00784087,0.0111658,0.0496575,0.0136014,0.0200029
0.0197397,0.0131736,0.00567615,0.0287322,0.00644418,0.00632594
0.0109927,0.00741147,0.00586171,0.0313852,0.00947396,0.00584209
0.0206848,0.0137283,0.00391251,0.0318159,0.00902046,0.0084851
0.0130232,0.00750148,0.0113774,0.0332111,0.0102896,0.0129983
0.014345,0.00844744,0.00496824,0.0163613,0.0051989,0.0056802
0.036372,0.0236708,0.0143731,0.0774071,0.0195534,0.0201833
0.0105024,0.00692265,0.00406181,0.0198931,0.00574567,0.00586196
0.0163689,0.01138,0.00606592,0.031173,0.00988104,0.0148736
0.0418482,0.0246154,0.0289705,0.107475,0.0257929,0.0370775
0.00574811,0.00390087,0.00259923,0.00529038,0.00104016,0.00495377
0.0494265,0.0313747,0.018746,0.0740084,0.0206699,0.028089
0.0395685,0.0256502,0.016488,0.112762,0.0302477,0.0537227
0.0213692,0.0141494,0.00953492,0.0317844,0.00849271,0.00669202
0.010819,0.00713314,0.00362256,0.0225267,0.00566323,0.00481562
0.0157496,0.0101451,0.00609834,0.0223689,0.00590373,0.00636931
0.0171108,0.0112619,0.00466612,0.0364155,0.0100338,0.0071212
0.0305604,0.0199405,0.0079406,0.0610336,0.0126695,0.0126488
0.0289658,0.0153719,0.0106166,0.049522,0.0139384,0.00899058
0.00828319,0.00562264,0.00393172,0.0230826,0.00623237,0.00940036
0.00831087,0.00589512,0.00355178,0.0162447,0.00354921,0.00261138
0.0160832,0.0110619,0.00425908,0.0202335,0.00499492,0.00816468
0.0281979,0.0182966,0.0372047,0.229968,0.0583611,0.0506733
0.0260701,0.0162055,0.0143092,0.0571532,0.0184079,0.00549126
0.00867467,0.00591753,0.00318159,0.0128355,0.00314685,0.00490575
0.0170578,0.0115028,0.00626752,0.0505065,0.0139786,0.0191681
0.0150955,0.00677619,0.00523697,0.0374376,0.0109048,0.0106666
0.041617,0.019414,0.0135413,0.115242,0.0327193,0.0412332
0.0312977,0.0147237,0.0212175,0.124688,0.030445,0.0431841
0.0189358,0.0123329,0.00674374,0.0301151,0.00799654,0.00396403
0.0118837,0.00790133,0.00554764,0.0276081,0.00656872,0.00974036
0.0140037,0.00820842,0.0158863,0.0557446,0.0157628,0.0248536
0.0684631,0.0378043,0.0232432,0.0708281,0.0174693,0.0202859
0.0196742,0.0135042,0.0154633,0.0665434,0.018552,0.00720784
0.0191869,0.0130582,0.0115166,0.0492195,0.0142589,0.00817325
0.00436117,0.00318281,0.00474777,0.00897251,0.00273293,0.00232207
0.0201373,0.0136891,0.00865947,0.0169553,0.00232676,0.0144672
0.0108908,0.00536219,0.00485183,0.0193809,0.0067169,0.0139916
0.0111586,0.00531282,0.00483609,0.0210854,0.00658958,0.0128208
0.00914501,0.00641642,0.00471621,0.0121177,0.0041939,0.00815926
0.0103324,0.00677424,0.00600692,0.0406147,0.0100566,0.0155733
0.00901357,0.00595251,0.00386463,0.0138317,0.00308431,0.0013756
0.0163596,0.0113649,0.00488602,0.025039,0.00674504,0.00324501
0.0229025,0.0149903,0.00876252,0.0554084,0.0149208,0.0187952
0.0159177,0.0109666,0.00485332,0.0216032,0.00537745,0.0116161
0.0218385,0.0132336,0.00693245,0.0269319,0.00906606,0.0168739
0.0244743,0.014503,0.0122773,0.0442879,0.0103891,0.0215457
0.0197672,0.013319,0.0086792,0.0281874,0.0063048,0.00812524
0.0194184,0.0134702,0.00588779,0.0233211,0.00431361,0.00983255
0.0166262,0.0115927,0.00752962,0.0317378,0.00909493,0.00632954
0.0184601,0.0124273,0.00416991,0.0275307,0.00676791,0.0153729
0.0326645,0.0202639,0.010207,0.0375142,0.0092869,0.00859842
0.0107011,0.00769847,0.00361132,0.0152611,0.00338251,0.00716902
0.00894929,0.00606661,0.002143,0.0241484,0.0055011,0.0104758
0.035145,0.016678,0.014392,0.0813008,0.0201724,0.0136699
0.0335933,0.0165535,0.0131053,0.0709434,0.0153682,0.011494
0.00845053,0.00624276,0.00343886,0.025501,0.00696511,0.00908344
0.0142663,0.00990024,0.00559397,0.0228165,0.00600875,0.00847679
0.0199314,0.0133993,0.00847751,0.043566,0.0129826,0.0120987
0.0124616,0.00846558,0.00365727,0.0285153,0.00584408,0.00520652
0.0286905,0.0190692,0.0168672,0.0757511,0.0175202,0.0163563
0.00592849,0.00402758,0.00231031,0.0215814,0.00272001,0.0015425
0.0091613,0.00643984,0.00327122,0.0167433,0.00393321,0.00410534
0.00697815,0.00492283,0.00311063,0.0199273,0.00561661,0.00215408
0.00542819,0.00370604,0.00241938,0.0101926,0.00158159,0.00292197
0.0261932,0.0160561,0.00759996,0.0505032,0.0133144,0.0117834
0.0175945,0.00728259,0.0040558,0.04843,0.0118088,0.00817132
0.0211516,0.0139347,0.00605681,0.0374408,0.0106006,0.00844184
0.00500477,0.00366688,0.00251415,0.0160595,0.00492315,0.00217798
0.0420688,0.0191381,0.0218611,0.0483274,0.0110589,0.0530246
0.0112227,0.00754147,0.0117187,0.0464303,0.0117996,0.0108199
0.0290908,0.019487,0.0195803,0.0857594,0.0223082,0.0239165
0.00828638,0.00537662,0.00305657,0.0353574,0.00772903,0.00590295
0.0179207,0.0120319,0.00652283,0.0293979,0.00661935,0.0109225
0.0366748,0.0211172,0.0109623,0.0500766,0.0161954,0.0163352
0.0131912,0.00863131,0.00628656,0.0457024,0.0111059,0.00899939
0.00597162,0.00413012,0.00273431,0.0122978,0.00371295,0.00468228
0.00695042,0.00473454,0.00334532,0.0150408,0.00346639,0.0044969
0.0205121,0.013783,0.00525239,0.0353204,0.00943259,0.0114381
0.0108037,0.00722444,0.00409115,0.0121648,0.0027655,0.00136863
0.00608615,0.00455257,0.00310758,0.0162801,0.00274104,0.00418448
0.00923382,0.00600529,0.00360136,0.0203017,0.00457035,0.00317648
0.00743471,0.00494994,0.00316905,0.0208124,0.00447847,0.0024912
0.0102594,0.00675656,0.00368618,0.0107043,0.00338807,0.00583676
0.0170893,0.0120496,0.00578224,0.0236165,0.00552225,0.00485742
0.00989201,0.00663057,0.00299211,0.0181146,0.00631226,0.00518778
0.0206763,0.0141506,0.00756346,0.0355141,0.00908124,0.00674322
0.00984926,0.00652808,0.00358418,0.02526,0.00541988,0.00311588
0.0494323,0.0185951,0.0179524,0.0816762,0.0219986,0.0316835
0.0169724,0.0116146,0.00465982,0.00663792,0.000882053,0.00281222
0.0272446,0.0173329,0.011038,0.0574102,0.0157227,0.0137999
0.0106165,0.00724274,0.0035446,0.0209345,0.00566761,0.0047757
0.028482,0.0189873,0.00920137,0.0515591,0.0149651,0.0140367
0.0192882,0.0131069,0.00906422,0.0294101,0.00724757,0.0170211
0.0495609,0.0289066,0.0271551,0.0668844,0.0193492,0.0257927
0.0287515,0.0191764,0.00980579,0.0413116,0.0118281,0.00837425
0.00679146,0.00479422,0.00232854,0.0214017,0.004997,0.00539222
0.00659149,0.00462832,0.00301467,0.00889731,0.00331418,0.000857091
0.0175137,0.011941,0.00615219,0.0399485,0.0104012,0.0301086
0.012695,0.00853693,0.00376208,0.027332,0.00826048,0.00646983
0.0336795,0.0214452,0.0114141,0.049315,0.0148607,0.0137191
0.0357738,0.0213916,0.0118203,0.0871851,0.0215372,0.0107198
0.0144945,0.00717526,0.00466257,0.0237274,0.00705879,0.0102799
0.0497678,0.0259751,0.041505,0.106805,0.0263232,0.0347905
0.0105136,0.0074472,0.00443338,0.0226152,0.00625446,0.00510336
0.017477,0.0113446,0.00599075,0.0348523,0.0100723,0.00344586
0.0129772,0.00880658,0.00601884,0.0227336,0.00546206,0.00417117
0.0110428,0.00777987,0.00384788,0.0177275,0.00576728,0.00621399
0.0170367,0.0115484,0.00563507,0.0200386,0.00426924,0.00386636
0.00910826,0.00640328,0.00246489,0.0109463,0.00522759,0.00546766
0.00552141,0.00383532,0.0020812,0.0104475,0.00299147,0.000239821
0.00932144,0.00649824,0.00430592,0.017176,0.00317265,0.00453825
0.0220257,0.0148932,0.0140479,0.058362,0.0172516,0.0164939
0.00661109,0.0045741,0.00315876,0.0165577,0.00472937,0.0033176
0.0296279,0.0111527,0.0315672,0.0871082,0.0268382,0.0436584
0.0385262,0.0220177,0.0618124,0.131491,0.0365619,0.05846
0.0118594,0.00805838,0.0201424,0.0570227,0.0143394,0.0344048
0.0275961,0.0183352,0.00922163,0.0428546,0.00939439,0.010053
0.0279163,0.0181328,0.00874451,0.0158808,0.00461721,0.0184121
0.0100762,0.00705142,0.00301096,0.0175566,0.00456515,0.0101092
0.0103171,0.00752072,0.0096532,0.0384937,0.00752893,0.00857747
0.0487352,0.0307134,0.0200971,0.0984249,0.0235805,0.0374106
0.0282946,0.0185532,0.0131277,0.0298707,0.00866867,0.00673526
0.0162704,0.00679415,0.00751394,0.037624,0.009619,0.00752648
0.0162919,0.00673128,0.00755195,0.0367522,0.0092326,0.00871694
0.00676632,0.00493622,0.00270088,0.0196667,0.00316006,0.00428682
0.0114949,0.00778213,0.00292207,0.0360531,0.00840497,0.00564244
0.0213448,0.0139655,0.00928261,0.0372141,0.00968809,0.00538386
0.0603227,0.0342828,0.0203039,0.0867906,0.0242232,0.0341591
0.0255666,0.0171112,0.0124668,0.0518744,0.0135034,0.0207306
0.0117363,0.00821241,0.00863271,0.0391237,0.00846526,0.012591
0.0131427,0.0092459,0.0031324,0.0226521,0.00854264,0.0120198
0.02109,0.0138892,0.00796813,0.0314582,0.00963408,0.010088
0.00853434,0.00574155,0.00239351,0.0180493,0.00420319,0.00604827
0.0194211,0.00999026,0.00756168,0.0318339,0.00678982,0.00738402
0.0137774,0.00983045,0.00694493,0.0237571,0.00470333,0.00355204
0.0272639,0.017151,0.0210999,0.0741401,0.0190719,0.0153617
0.0102807,0.00692065,0.00837614,0.00145409,0.00108385,0.0111564
0.0197241,0.0134709,0.0103294,0.0601113,0.0159923,0.0322262
0.0161877,0.0106686,0.00520239,0.0256648,0.00473167,0.00550384
0.0055215,0.00430894,0.00286093,0.013257,0.00311525,0.00278078
0.00961246,0.00418169,0.0051041,0.0330317,0.00665006,0.00629433
0.0099978,0.00413776,0.00455876,0.0254964,0.00570871,0.00514219
0.00990973,0.00696431,0.0135741,0.099681,0.0221212,0.0227757
0.0189529,0.0125462,0.0108876,0.0574392,0.0121687,0.0135978
0.0178021,0.0121669,0.00669581,0.0232231,0.00615539,0.0106497
0.0288223,0.0192168,0.0102141,0.0110713,0.00221236,0.0116347
0.00503402,0.00371024,0.00389831,-0.00192943,0.000556858,0.00199805
0.00598241,0.00409246,0.00308447,0.0130399,0.00442978,0.00278522
0.00737316,0.00498473,0.00308054,0.0158024,0.004265,0.00223465
0.0159128,0.0106399,0.00583394,0.0342595,0.00955757,0.00312398
0.00621137,0.00400891,0.0028839,0.0207738,0.00449998,0.0063314
0.0654995,0.0372763,0.0290126,0.0928854,0.028982,0.0515184
0.01516,0.010198,0.00301832,0.0186719,0.00468115,0.00553084
0.0291525,0.0195521,0.0153881,0.0818342,0.0220971,0.0320463
0.0188447,0.0122574,0.00616343,0.0297965,0.00669416,0.023001
0.0185754,0.0122145,0.0138917,0.0833882,0.0219368,0.0186994
0.0214695,0.0134094,0.0177156,0.0992084,0.0268706,0.0685108
0.0120112,0.008638,0.0100239,0.0182954,0.00468848,0.0053351
0.0157348,0.0106202,0.00536435,0.0238274,0.00603168,0.00317164
0.0204323,0.0139631,0.00754778,0.0426056,0.0113837,0.0170796
0.0245377,0.0164928,0.00789385,0.0432663,0.012342,0.0161419
0.0233868,0.0150033,0.00836607,0.0424247,0.0121568,0.024412
0.0240754,0.016098,0.0101685,0.0356015,0.00854984,0.0111552
0.00513403,0.00369974,0.002451,0.0160554,0.00362283,0.00321428
0.0168505,0.0111329,0.00624154,0.0428407,0.00995296,0.00465325
0.005342,0.00389254,0.00290175,0.013834,0.00271553,0.0014512
0.0173269,0.0115729,0.0111016,0.0322174,0.00862109,0.00775457
0.00738116,0.00549235,0.00350458,0.0115944,0.00370489,0.00289343
0.0315731,0.0202489,0.0243796,0.0571286,0.016127,0.0156442
0.0263144,0.0177427,0.0131669,0.0474634,0.0134801,0.00802882
0.00794024,0.00563151,0.00425626,0.0233174,0.00670588,0.0172615
0.00476142,0.00335655,0.00168293,0.00453286,0.00223008,0.00351168
0.0208296,0.0139653,0.0147835,0.0659658,0.016544,0.0101621
0.0310628,0.0204548,0.0100284,0.0688132,0.0183529,0.0211548
0.00757162,0.00530911,0.00288075,0.0142276,0.00411282,0.00272208
0.00517278,0.00369933,0.00388486,0.0229158,0.00632103,0.00416572
0.0400381,0.021616,0.0127234,0.0610224,0.0168727,0.0275022
0.0141295,0.00962733,0.00431255,0.0229211,0.00718812,0.00809755
0.00705481,0.00443785,0.00564775,0.0537755,0.01547,0.0161451
0.0276805,0.0185797,0.0144228,0.0718532,0.0176461,0.0131866
0.0338849,0.0184243,0.0292024,0.10089,0.0267448,0.0425665
0.0225248,0.0149479,0.00904543,0.0105705,0.00290519,0.017882
0.0140636,0.00935445,0.00488552,0.0388004,0.0102187,0.017142
0.00584873,0.00428309,0.00267347,0.0151162,0.00476572,0.00310336
0.0146078,0.00968446,0.00650237,0.021481,0.00379758,0.00561872
0.0326352,0.021587,0.0206939,0.0776688,0.020586,0.0342912
0.00845126,0.00620827,0.00376342,0.0147031,0.00574038,0.00237708
0.016851,0.0118821,0.00879743,0.00567484,0.00124871,0.00783195
0.0235074,0.0161231,0.0178776,0.0649638,0.0167345,0.0157281
0.0299801,0.0198838,0.0117342,0.0311254,0.00896651,0.00545945
0.0331458,0.020983,0.00992623,0.0482761,0.0128392,0.0091597
0.0358115,0.0235563,0.0181272,0.0829222,0.0196271,0.0147021
0.0171597,0.0114505,0.00581478,0.0300001,0.0101957,0.0200253
0.0102375,0.00718073,0.0046085,0.013791,0.0046965,0.00500374
0.0188694,0.0124916,0.0119454,0.0718378,0.0175539,0.0357411
0.00587173,0.00424618,0.00297308,0.0148919,0.00399167,0.00316064
0.0114294,0.00792444,0.00352086,0.0276035,0.00657746,0.00770889
0.0232432,0.0152756,0.0148605,0.049793,0.0104336,0.0273617
0.03593,0.0235371,0.0168064,0.0814114,0.0199619,0.0276336
0.00876329,0.00600007,0.00311308,0.0206419,0.00656433,0.000592869
0.00591407,0.00429022,0.00165839,0.0132388,0.00248904,0.00466906
0.0288296,0.018671,0.00931827,0.0430197,0.0113005,0.0107765
0.0319232,0.0211531,0.0263609,0.119308,0.0306089,0.0377792
0.0381744,0.0236784,0.0144585,0.0998933,0.0272072,0.0273167
0.00772377,0.00527176,0.00304855,0.0159095,0.00456409,0.00301361
0.00528812,0.00372874,0.00301913,0.0168052,0.00492767,0.00316245
0.0153014,0.0103436,0.00849039,0.0254789,0.00886079,0.00746813
0.0161424,0.0107167,0.00477044,0.0310554,0.0106242,0.00764864
0.0119313,0.00833191,0.0054457,0.0246889,0.00644011,0.00237278
0.00523406,0.00385229,0.00266201,0.0150265,0.00350478,0.00499978
0.0154869,0.0102761,0.0061821,0.025108,0.00536928,0.00438757
0.0068057,0.00479985,0.00315527,0.0104248,0.00342683,0.00826459
0.018289,0.0122356,0.00586724,0.0348447,0.00938574,0.018601
0.0198432,0.0135624,0.00462031,0.0412103,0.0101104,0.015243
0.00722781,0.00502074,0.00332331,0.0026848,0.000315053,0.00163547
0.0508745,0.0272211,0.0248869,0.091608,0.0230875,0.024363
0.00925363,0.00608238,0.0177305,0.0726145,0.0159883,0.0172058
0.0148987,0.00968439,0.00479177,0.0197903,0.0067649,0.00373836
0.0147121,0.00933824,0.00405442,0.0170335,0.0061702,0.00225577
0.00690509,0.00504256,0.00310374,0.0150046,0.00273339,0.00165521
0.0178464,0.0115661,0.00750564,0.0341713,0.00753722,0.00878858
0.0122567,0.00866027,0.00842549,0.0462795,0.0123913,0.00991064
0.0150879,0.00994963,0.00436833,0.0229983,0.0064414,0.0164298
0.00961431,0.00680916,0.00495149,0.0341971,0.0113026,0.00780937
0.0371952,0.0237832,0.0163529,0.0442745,0.0134002,0.00836506
0.00968172,0.00524344,0.00495839,0.027055,0.00644051,0.00569311
0.0159128,0.00519071,0.00735686,0.0403861,0.0110084,0.0114777
0.0147971,0.00705706,0.00597852,0.0291447,0.00690385,0.0102039
0.00545962,0.00342625,0.00272063,0.00918918,0.00364453,0.00179413
0.00512289,0.00367579,0.00221878,0.0137875,0.0041529,0.00115059
0.0171606,0.0118372,0.00491665,0.0216908,0.00458939,0.0027581
0.00825259,0.00543355,0.00687666,0.0519302,0.0156274,0.0462428
0.0178509,0.0117134,0.00711664,0.0226373,0.0062703,0.0139221
0.0311147,0.0136538,0.0159499,0.08897,0.0272751,0.0222864
0.0625102,0.0377207,0.048913,0.17946,0.0464922,0.041271
0.0150245,0.0101267,0.00521807,0.026955,0.00554922,0.0105357
0.0105615,0.00739555,0.00776349,0.0557118,0.014116,0.0110401
0.0116091,0.00817329,0.0047011,0.0143599,0.00204949,0.00177583
0.0175772,0.0122713,0.00696239,0.0268148,0.00734404,0.0101419
0.0078661,0.00543285,0.00277258,0.0151955,0.0029734,0.00362601
0.0145614,0.0101271,0.00354436,0.0255093,0.00666424,0.0109265
0.0261858,0.0173354,0.0137118,0.0628022,0.015125,0.011609
0.00791331,0.00556671,0.00351848,0.0162106,0.00482631,0.00690392
0.0407263,0.0247426,0.0142396,0.0701728,0.0193266,0.0377969
0.0149844,0.009769,0.00618998,0.0425407,0.0108657,0.0338755
0.0166484,0.0112893,0.005124,0.0204737,0.00658405,0.0155748
0.0193159,0.0126006,0.0134116,0.0871786,0.0229283,0.0494669
0.0074386,0.00491759,0.00243068,0.0351001,0.0105328,0.0184141
0.00877086,0.00587372,0.00378029,0.00980558,0.0018627,0.00223303
0.0314343,0.0201815,0.0200991,0.075389,0.0189642,0.0541312
0.0275667,0.0176036,0.0238054,0.086167,0.021578,0.0439213
0.00595662,0.00429144,0.00451414,0.0134578,0.00358735,0.00373499
0.00541243,0.0034464,0.00222523,0.0214082,0.00712857,0.0122708
0.00941443,0.00632098,0.00431895,0.0140795,0.00528323,0.00320854
0.00592135,0.00382923,0.0030245,0.0094342,0.00231413,0.00272801
0.00765455,0.00524073,0.00293583,0.018765,0.00446367,0.00485882
0.00811143,0.00570966,0.00367806,0.0270724,0.0080124,0.00178169
0.00874009,0.00595975,0.00275115,0.0298469,0.00739361,0.0012556
0.0122296,0.00857283,0.00702018,0.0272654,0.00566377,0.00547212
0.00860636,0.00553656,0.00252692,0.0125197,0.00371909,0.00255519
0.00691636,0.00458836,0.00428594,0.00817753,0.00417216,0.00251649
0.0168511,0.00669055,0.00706581,0.0358668,0.0102744,0.0124467
0.0200387,0.013938,0.0107486,0.0375931,0.00792623,0.00758952
0.0202485,0.0138493,0.00627225,0.0381704,0.00851027,0.00735733
0.00999825,0.00681418,0.00498128,0.0226324,0.00453179,0.0028893
0.014108,0.00958593,0.00433867,0.0226594,0.00469988,0.00426618
0.0123019,0.00885285,0.00822904,0.0301375,0.00698432,0.00331845
0.0288374,0.0188345,0.0224111,0.0595905,0.0134666,0.022456
0.00541337,0.00393498,0.00275078,0.0116882,0.00270443,0.00337916
0.0309313,0.0164969,0.0134611,0.0413045,0.0121832,0.0244343
0.0345591,0.0171653,0.013973,0.0441698,0.0130967,0.0227843
0.00410356,0.00323873,0.00223719,0.0142969,0.00309895,0.00241507
0.0306684,0.0205994,0.0157219,0.0552996,0.014027,0.0259778
0.0349393,0.0209687,0.0173056,0.0307166,0.00661591,0.0416831
0.0107771,0.00754789,0.00433094,0.0172421,0.00403054,0.00405379
0.0104603,0.00701372,0.00471031,0.0243411,0.00828885,0.00938762
0.0319525,0.0207877,0.0109864,0.0482587,0.0114303,0.012295
0.00834313,0.00558397,0.00239526,0.012123,0.00348231,0.00202267
0.00862746,0.00587189,0.00186684,0.0187519,0.00604947,0.00368925
0.0298132,0.0197788,0.0104714,0.072025,0.017711,0.00578466
0.0370381,0.0234583,0.00845772,0.0471915,0.0102794,0.0250193
0.0195717,0.0134858,0.00707881,0.0244572,0.00780024,0.013792
0.01093,0.00779115,0.00441331,0.0277083,0.00545482,0.00604822
0.025298,0.0167999,0.00737315,0.0372358,0.00971379,0.0119279
0.00945061,0.00625443,0.00364048,0.0198146,0.00540188,0.00748674
0.0168013,0.0112219,0.0072696,0.0419112,0.0118372,0.0167335
0.0101306,0.00673463,0.00852226,0.0558765,0.0150636,0.015214
0.0380171,0.0226604,0.0147989,0.0763281,0.0217434,0.0257615
0.0150107,0.0105786,0.00463582,0.0166685,0.00427339,0.00411391
0.00947136,0.00639678,0.00325075,0.0244574,0.00368425,0.0020615
0.0130168,0.00656688,0.00527402,0.0403283,0.0105155,0.0077301
0.0676064,0.0372682,0.0332691,0.109385,0.0260689,0.0365932
0.00469906,0.00349624,0.00365131,0.0178945,0.00476123,0.00477245
0.0265413,0.0176901,0.0126313,0.0266014,0.00825985,0.00959751
0.0271568,0.018522,0.0091907,0.0359049,0.00923763,0.0277376
0.00919268,0.00645259,0.00314676,0.013244,0.00352347,0.00370014
0.00822676,0.00577645,0.00361468,0.0294946,0.00698647,0.00441038
0.0185962,0.0125896,0.0079191,0.0585582,0.0145625,0.0156707
0.00969465,0.00653978,0.00492028,0.0179042,0.00406678,0.00280774
0.0381223,0.0248672,0.0197189,0.0767335,0.0219026,0.0345539
0.031839,0.0211924,0.00925526,0.0440681,0.0107543,0.020662
0.0328459,0.0210366,0.0157879,0.0533465,0.0153623,0.00703996
0.0254646,0.0172551,0.00982543,0.0564981,0.0115276,0.0102256
0.0272114,0.0173686,0.0102483,0.0459845,0.0102421,0.0120186
0.00703368,0.00486902,0.00284878,0.0148149,0.00453408,0.00386639
0.0157313,0.0107001,0.00770884,0.0354203,0.0106581,0.0032388
0.0225512,0.0149802,0.0138991,0.0766246,0.0193424,0.015405
0.0721803,0.0394782,0.0620451,0.269597,0.0725034,0.0573398
0.00478395,0.00346544,0.00259567,0.0013778,-0.000496004,0.0031758
0.00635827,0.00475162,0.00290281,0.0248802,0.00647016,0.00464405
0.0139238,0.00916226,0.00448274,0.0233077,0.00440213,0.00331683
0.00697913,0.00508216,0.00415685,0.0295975,0.00877675,0.00452782
0.00862182,0.00591312,0.00392682,0.0166613,0.0041226,0.00143751
0.0184063,0.0128325,0.00990728,0.0356294,0.00840946,0.00914843
0.0141039,0.00991605,0.00541458,0.0197256,0.00412601,0.00492276
0.0119003,0.00840537,0.00236126,0.0276859,0.00676213,0.00210259
0.0222604,0.0144625,0.0112315,0.0620211,0.0164132,0.0170666
0.0192855,0.013106,0.00569112,0.0309981,0.00759516,0.00633228
0.00941225,0.006569,0.00545619,0.0457969,0.0150778,0.0230601
0.0134621,0.0094969,0.00603358,0.028378,0.00946411,0.00762278
0.0167618,0.00815007,0.00687052,0.0329624,0.00864511,0.0137011
0.0182933,0.00816134,0.00731157,0.0346422,0.00785942,0.01426
0.0173123,0.010416,0.00760337,0.0309305,0.00883549,0.00996662
0.00470417,0.0031058,0.00275735,0.0128383,0.00232197,0.00270462
0.0540237,0.0269651,0.0268759,0.0735444,0.0225458,0.0196582
0.0654083,0.0292821,0.0349387,0.0883377,0.0220446,0.0214613
0.0181274,0.0122938,0.00610331,0.0272085,0.00763504,0.00591663
0.0207251,0.0141379,0.0137711,0.0329457,0.00763494,0.00323587
0.00987977,0.00660972,0.00456442,0.023291,0.00543759,0.002904
0.0183372,0.0124453,0.00668648,0.0399348,0.00952084,0.00515036
0.0181608,0.0125168,0.00620463,0.0261442,0.00730484,0.00975354
0.0216627,0.0144968,0.0234323,0.094341,0.0242656,0.0422226
0.0188678,0.0129026,0.00609732,0.0209206,0.0052662,0.00267588
0.0523332,0.0303771,0.0264141,0.125258,0.034905,0.0339996
0.0352629,0.0233613,0.0121319,0.0608041,0.0140669,0.0139329
0.00732144,0.00506475,0.00619147,0.0230565,0.00397278,0.00351794
0.035136,0.0145066,0.019979,0.0800795,0.0212232,0.0318814
0.0250759,0.0170666,0.0126062,0.0495997,0.0147265,0.0249971
0.0245941,0.0159621,0.00725409,0.0482145,0.011103,0.00697083
0.0210391,0.0136725,0.00723866,0.0359381,0.00782962,0.00970657
0.0248451,0.0162785,0.0111277,0.0622681,0.0157741,0.0162245
0.0150595,0.0103851,0.0070126,0.0244861,0.00657499,0.0115225
0.00691225,0.00486354,0.00239516,0.0195209,0.00513211,0.00437708
0.0121422,0.00855863,0.00465949,0.0368597,0.00987652,0.0100012
0.0190874,0.0124113,0.00734012,0.0286261,0.00712005,0.00832538
0.0207555,0.013322,0.0069852,0.0338436,0.00714614,0.0225875
0.00744445,0.00544363,0.0023178,0.0207964,0.00493978,0.00325155
0.0473074,0.0271775,0.0495708,0.190315,0.0507097,0.101971
0.0105474,0.00723486,0.00432789,0.016833,0.00293046,0.00517467
0.0194924,0.0131185,0.00580533,0.0464675,0.0126196,0.01177
0.0123983,0.00839924,0.0040234,0.0143638,0.00602986,0.0044671
0.00865364,0.0057471,0.00392339,0.0193869,0.0045752,0.00602677
0.00968571,0.00638264,0.00374227,0.0267614,0.00829956,0.00940436
0.0294527,0.019112,0.00819211,0.0404882,0.00958063,0.00626267
0.0225724,0.0153357,0.0120568,0.0371189,0.0110046,0.00970388
0.00565952,0.00369984,0.00227236,0.0076037,0.00258459,0.000559112
0.0261749,0.0169791,0.0214622,0.0956992,0.0244934,0.0456859
0.0123498,0.00802535,0.00661594,0.0492584,0.014689,0.00577591
0.0251662,0.0164819,0.00677605,0.0371205,0.00880966,0.0130515
0.0359224,0.0229133,0.0149066,0.0820713,0.0210339,0.0216617
0.020416,0.01353,0.011147,0.0567409,0.0146796,0.0134429
0.0151687,0.0102771,0.00585312,0.0202446,0.00674037,0.00567097
0.0151441,0.00982284,0.0043718,0.0338683,0.0084659,0.00573516
0.0399016,0.0259169,0.0143161,0.0619337,0.0164922,0.0104537
0.0111972,0.00768872,0.0043416,0.0116254,0.00422916,0.00361756
0.0164269,0.0112402,0.00547037,0.0314587,0.00667903,0.00501479
0.0189696,0.0125693,0.0124952,0.0389453,0.0061845,0.0082108
0.0152466,0.0101195,0.00649058,0.036417,0.0102626,0.00762888
0.0404504,0.0252739,0.0282126,0.129334,0.0341326,0.0460331
0.015174,0.0103709,0.0062392,0.0231108,0.0076682,0.00423747
0.00850696,0.00582288,0.00324845,0.0247414,0.00482291,0.00470218
0.008828,0.00619781,0.00202503,0.0214042,0.00540659,0.00420871
0.0435776,0.0269307,0.015231,0.059057,0.0125762,0.010707
0.00992778,0.00670844,0.00457561,0.0365427,0.00898138,0.0230937
0.0451294,0.0276532,0.0378719,0.103892,0.0285903,0.0496087
0.0600548,0.0356435,0.01595,0.0877991,0.0225518,0.0265119
0.00997409,0.00708067,0.00578028,0.0236409,0.00701456,0.0041271
0.00771185,0.00538095,0.00226289,0.0177256,0.00231406,0.00293461
0.00925325,0.00685188,0.00545487,0.0246718,0.00663216,0.00890709
0.0252377,0.0138179,0.03544,0.173553,0.040374,0.0512805
0.0220344,0.0129277,0.0255238,0.0996624,0.0174121,0.0290506
0.0222205,0.0148444,0.0102181,0.030591,0.00807361,0.0126011
0.0185308,0.0088987,0.00980414,0.038879,0.009803,0.00844554
0.0222098,0.0107525,0.00851821,0.0363166,0.00640901,0.00841417
0.018255,0.0120988,0.00765636,0.0495594,0.0110705,0.010007
0.0139056,0.00894959,0.00552672,0.0280989,0.00631667,0.00347143
0.0233901,0.0133798,0.0216807,0.0481793,0.011056,0.00998088
0.0100586,0.00705037,0.00472117,0.0238585,0.00596541,0.00650244
0.0417091,0.0254834,0.0142427,0.0591911,0.0156574,0.0272471
0.0084432,0.00627314,0.00297041,0.0162798,0.00400442,0.00869485
0.0176781,0.0119032,0.00623244,0.0343543,0.00893822,0.0108776
0.0239996,0.013973,0.00737379,0.0397247,0.00927101,0.0145439
0.00934033,0.0067238,0.00505106,0.0177809,0.00343187,0.00353998
0.0169062,0.0115415,0.00628299,0.0262648,0.00728798,0.0115497
0.0108734,0.00718062,0.00872856,0.0338205,0.00804,0.00775168
0.0186099,0.0123407,0.0137916,0.0686504,0.0180378,0.0141163
0.033681,0.0215207,0.0183471,0.0638097,0.0178647,0.0296708
0.0214386,0.0140386,0.0106284,0.0528084,0.0142691,0.0383051
0.0149192,0.0108333,0.00833517,0.0552839,0.0161051,0.0271032
0.013918,0.00942671,0.0116136,0.047592,0.0134119,0.0161201
0.00651888,0.00469463,0.0027054,0.0170229,0.00393669,0.00375117
0.0275309,0.016443,0.0136703,0.0857053,0.0240561,0.0533335
0.0157009,0.0071465,0.00648395,0.0317951,0.00642646,0.0179157
0.0393074,0.0202918,0.0229537,0.101964,0.0261641,0.0422617
0.0442152,0.0201841,0.0252008,0.104235,0.0261506,0.0438829
0.0443043,0.0275921,0.0189768,0.0762759,0.0192414,0.0228437
0.0452934,0.0209925,0.024693,0.139127,0.0408531,0.0488506
0.069091,0.0300134,0.029701,0.156145,0.0419278,0.0518579
0.0401728,0.0248937,0.0173616,0.0320518,0.00811074,0.0169684
0.00761097,0.0053744,0.00530285,0.0201151,0.0043366,0.00853874
0.00636773,0.00454775,0.00402229,0.0174898,0.00561046,0.00571278
0.0086692,0.00562555,0.0071803,0.0419919,0.0106084,0.0156053
0.018033,0.0122103,0.00653019,0.0282476,0.00564351,0.0135547
0.00605072,0.00414224,0.00222496,0.0351805,0.00847139,0.00418576
0.0185108,0.00709382,0.00762649,0.0389447,0.0085997,0.00838804
0.0190451,0.00710976,0.0077514,0.0384078,0.00732926,0.00720432
0.00671127,0.00460904,0.00327278,0.0193968,0.00415252,0.00598714
0.0115028,0.00773913,0.0179793,0.0813032,0.0189828,0.0483695
0.0309766,0.0203149,0.00696175,0.0471746,0.011649,0.0119277
0.0273123,0.0182668,0.0133989,0.0652058,0.0145665,0.00811479
0.0057428,0.00416066,0.00243849,0.0096662,0.00283342,0.00176712
0.0114453,0.00798755,0.00299783,0.0135471,0.00150768,0.00333428
0.009094,0.00598796,0.00374564,0.0123698,0.00383983,0.00312253
0.0168568,0.0112209,0.00885662,0.0217577,0.00392026,0.0051411
0.0053326,0.00354153,0.00275302,0.0106851,0.00345748,0.00451604
0.0268034,0.0177612,0.00743526,0.0496725,0.0119223,0.00834754
0.0125163,0.00837859,0.00364608,0.0168567,0.00595735,0.00357514
0.0156438,0.0101192,0.0287835,0.107251,0.0320866,0.0147422
0.00842412,0.00579137,0.0117767,0.0510681,0.0138713,0.0259703
0.00705238,0.00500906,0.00171369,0.0121608,0.00235304,0.00731462
0.0299978,0.0191839,0.0102726,0.0422684,0.0123043,0.00491684
0.0240176,0.0157153,0.0163015,0.102344,0.027053,0.0468655
0.0192244,0.0130518,0.00430689,0.0419756,0.00983291,0.011676
0.0184737,0.0122039,0.0071486,0.0231819,0.005568,0.00328073
0.0136452,0.00936567,0.00409958,0.0222065,0.00583709,0.0027013
0.00901793,0.00621972,0.00293862,0.0251564,0.00361898,0.00792942
0.00933907,0.00662785,0.0217006,0.0458605,0.0125723,0.0244581
0.00695173,0.00472637,0.0017542,0.0156964,0.00366643,0.0210915
0.0163377,0.0114599,0.0038587,0.0189321,0.00607365,0.0171776
0.0143351,0.0101292,0.00693638,0.044624,0.0101212,0.0102759
0.0156253,0.0108109,0.00610199,0.0369815,0.00932747,0.0141921
0.0117754,0.00821933,0.00412845,0.0203264,0.00488055,0.00406231
0.0136468,0.00925669,0.00472965,0.0259019,0.00561557,0.0138479
0.0196378,0.0129102,0.0177203,0.109388,0.0282602,0.0653324
0.0133796,0.00672371,0.00503342,0.0425208,0.0140738,0.00573453
0.0201947,0.011963,0.00652917,0.0518747,0.0138389,0.00785802
0.0047733,0.00344882,0.00225213,0.0100578,0.00100182,0.00392936
0.0155831,0.0102704,0.0130175,0.0312235,0.0105275,0.00991392
0.0236534,0.0152068,0.0109136,0.047279,0.0129954,0.0125376
0.0132872,0.00902738,0.00427541,0.0223299,0.00603918,0.0078678
0.0420687,0.0270293,0.01995,0.0786927,0.0173235,0.017963
0.00430798,0.00325144,0.0013004,0.015538,0.00268963,0.00278793
0.0120178,0.00806507,0.00488539,0.0184776,0.00348108,0.00345211
0.0255684,0.0175751,0.00963185,0.0729805,0.0200289,0.0393536
0.0239537,0.0156487,0.00694534,0.0401597,0.00849682,0.00361666
0.0324479,0.0185867,0.0307727,0.112015,0.0283106,0.0276125
0.0165473,0.0115148,0.0165149,0.0877469,0.024284,0.0477099
0.0184167,0.0124674,0.00792434,0.0330007,0.00782872,0.0150328
0.0370257,0.0211303,0.0330052,0.159768,0.040886,0.0756641
0.0110893,0.00727001,0.00449388,0.0224452,0.00396706,0.00285567
0.0064723,0.00452927,0.00252562,0.0213924,0.005483,0.00310173
0.0101397,0.0071574,0.00517835,0.0233089,0.00543641,0.00214566
0.0093053,0.00623917,0.00291547,0.0243855,0.00646211,0.00438013
0.00817775,0.00599237,0.00242429,0.0187284,0.00320267,0.00439102
0.0214843,0.0140876,0.00693792,0.0364817,0.00841182,0.00467467
0.0179157,0.0116207,0.019802,0.0869082,0.0205057,0.0178422
0.00994791,0.00714427,0.00455373,0.0214772,0.00449901,0.00895748
0.0236673,0.0152067,0.00646336,0.0259823,0.00723048,0.01115
0.0210694,0.00990191,0.0086655,0.0347225,0.0110146,0.0163408
0.0186735,0.00906189,0.00892809,0.0324328,0.00921436,0.0118628
0.00693215,0.00508418,0.00317257,0.0120547,0.00271081,0.00171102
0.00933438,0.00663357,0.0043079,0.0174598,0.00490943,0.00771366
0.00876862,0.00582473,0.00443845,0.0180469,0.00470623,0.00943494
0.0317151,0.0187855,0.0339602,0.130256,0.0373527,0.0626559
0.0609815,0.0288642,0.019928,0.0966932,0.0241759,0.0203833
0.0217664,0.0143278,0.0143266,0.0586907,0.0147235,0.0342256
0.0425724,0.0230895,0.0166243,0.0536961,0.0135432,0.0149125
0.00935434,0.00661621,0.00354563,0.0243789,0.00539946,0.00349239
0.0186035,0.0120706,0.00848105,0.0407237,0.00924884,0.0156971
0.029791,0.0195872,0.0170436,0.087203,0.0245829,0.0364221
0.012659,0.00887296,0.00397748,0.023061,0.00457263,0.0118642
0.0168008,0.0117006,0.00334704,0.0172652,0.00605089,0.00753036
0.0101473,0.00688711,0.00407933,0.0166877,0.00521158,0.0017583
0.00833936,0.00606975,0.00295346,0.0181646,0.00620099,0.00364973
0.0406932,0.0215378,0.0309136,0.163156,0.0440737,0.0362144
0.0363808,0.0215215,0.0272583,0.13456,0.0317741,0.0306031
0.0134587,0.00881238,0.0078105,0.0229367,0.00590613,0.00994599
0.0189788,0.0125744,0.00639309,0.0215492,0.00475342,0.0100294
0.00592805,0.0041705,0.00198466,0.0154389,0.00263161,0.00175823
0.017451,0.0120853,0.0067883,0.00391658,0.00293956,0.00873376
0.0100806,0.00710968,0.00216174,0.0105656,0.00280726,0.00451856
0.00738492,0.00510815,0.00302172,0.0168179,0.0040434,0.00137452
0.00632221,0.00404904,0.00272376,0.0180055,0.00486344,0.00939966
0.0123864,0.0089624,0.00499247,0.0271048,0.00551197,0.00473044
0.0120174,0.00805628,0.00445354,0.0301537,0.00746217,0.0068612
0.00676143,0.00434926,0.00268692,0.0323219,0.00772482,0.0053734
0.0137032,0.00930796,0.00424221,0.0232946,0.00651859,0.00587572
0.0310717,0.0204579,0.0170472,0.060207,0.0161107,0.0253301
0.04031,0.0183897,0.0432431,0.180028,0.0513898,0.0931853
0.0196841,0.0133026,0.00678802,0.0370211,0.00932505,0.007092
0.0128551,0.00919527,0.00328904,0.0222969,0.00404238,0.00677813
0.00686439,0.00471828,0.00365737,0.0146156,0.00477254,0.00846423
0.00946167,0.00621498,0.00239612,0.0321421,0.00746743,0.0116676
0.00665533,0.00445758,0.00267695,0.0136911,0.0053205,0.00216135
0.0169223,0.0116971,0.00554745,0.0223261,0.00519325,0.00355996
0.0154138,0.0103463,0.00549774,0.0228372,0.00503435,0.0116201
0.0140934,0.0095172,0.00513144,0.0172392,0.00341285,0.0186629
0.0132299,0.00865084,0.0114549,0.0788207,0.0181801,0.0136033
0.017417,0.0113386,0.0138405,0.0765298,0.0200851,0.0135161
0.022907,0.0155672,0.00604128,0.0335851,0.00555686,0.00622363
0.0259246,0.016908,0.00864195,0.0374466,0.00910495,0.0156589
0.0292106,0.0191266,0.00934873,0.0423138,0.0115052,0.00787947
0.0294076,0.0191001,0.0100622,0.0587619,0.0158945,0.00657009
0.0226269,0.0151922,0.0129155,0.0449208,0.012855,0.018223
0.00683171,0.00488602,0.0029386,0.0219828,0.00702362,0.00570505
0.00795337,0.00573054,0.0025187,0.0133903,0.00170328,0.004385
0.0177207,0.0121097,0.00640371,0.0185589,0.00445394,0.00541406
0.00569553,0.0039702,0.00275769,0.0162352,0.00217876,0.00180133
0.0527049,0.0331172,0.0271508,0.123112,0.0306536,0.019038
0.0296533,0.0195002,0.00926702,0.0799728,0.0198251,0.0181597
0.0206381,0.0134877,0.0139551,0.040601,0.012492,0.0204163
0.0123724,0.00849237,0.00312832,0.0365147,0.00940563,0.00388954
0.0169702,0.0112091,0.0100931,0.0619119,0.0170326,0.034633
0.0162723,0.0106922,0.00570778,0.0531703,0.012597,0.024581
0.0355384,0.0190099,0.0249749,0.121413,0.0318816,0.0609425
0.014857,0.0101829,0.00390464,0.0195486,0.00537707,0.00876232
0.0545429,0.0281986,0.0392847,0.201997,0.0561643,0.110206
0.0157009,0.0105069,0.00616237,0.0281078,0.00874144,0.0139535
0.0070278,0.00462678,0.00337425,0.0179557,0.00313333,0.00545197
0.0139737,0.00959076,0.00790737,0.0420393,0.011565,0.0218908
0.0134195,0.00893378,0.00542143,0.015267,0.00340969,0.0046312
0.0326538,0.0182587,0.0152919,0.0642562,0.0190542,0.0292312
0.0242182,0.00890899,0.0147853,0.0608021,0.0151747,0.0231167
0.00477723,0.00312894,0.00290634,0.0148548,0.00331178,0.00097912
0.0146513,0.00965717,0.00534352,0.0255004,0.00618359,0.00633268
0.0124139,0.00830032,0.00369322,0.0179643,0.00333015,0.00372646
0.028345,0.0189552,0.0251594,0.0948533,0.0251666,0.0178945
0.015992,0.0101605,0.00639396,0.0421469,0.00759403,0.00407231
0.0228608,0.0148191,0.0151402,0.0715482,0.0173785,0.0153825
0.00990888,0.00690721,0.00975057,0.0446622,0.0107372,0.0133971
0.0375799,0.0241008,0.0165248,0.060342,0.0186749,0.0443333
0.039883,0.0235431,0.0219916,0.0883937,0.0279303,0.0221876
0.0139441,0.00940463,0.00383092,0.0263456,0.0063565,0.00371509
0.0168502,0.00911873,0.00537637,0.00608725,0.00366945,0.00754398
0.0223526,0.0125745,0.00704889,0.0178049,0.00514283,0.00762188
0.0360279,0.0197764,0.0118588,0.0913657,0.0257706,0.0259508
0.0592274,0.0308311,0.0163936,0.102901,0.0235416,0.0306641
0.0330076,0.0206917,0.021561,0.0659395,0.0141563,0.0270816
0.034978,0.0212084,0.0333981,0.174891,0.045703,0.0318154
0.00969819,0.00682011,0.00360839,0.0176389,0.00565747,0.00762865
0.0156102,0.0102595,0.00589429,0.0255089,0.00631111,0.00553248
0.0141309,0.00885397,0.00646497,0.0228275,0.0053513,0.0119349
0.0236676,0.0158202,0.00771068,0.0383651,0.0105422,0.0111211
0.0175762,0.0116177,0.00545966,0.0326582,0.00874985,0.00560701
0.0145101,0.00994414,0.0051207,0.0240193,0.00603816,0.00404015
0.0324183,0.0203404,0.0105333,0.0317214,0.00813868,0.0285727
0.0434048,0.0276325,0.0164924,0.0602104,0.0154863,0.0403796
0.0354491,0.0224184,0.0113132,0.103267,0.0234157,0.0129307
0.0105045,0.00724302,0.0041248,0.0271378,0.0074915,0.00448052
0.0216104,0.0148984,0.00567339,0.0335256,0.00880684,0.00818606
0.00799885,0.00564538,0.0015778,0.0149382,0.00382499,0.0130158
0.0362127,0.0234075,0.0133731,0.0612961,0.019147,0.0119835
0.0112763,0.00443719,0.00329419,0.0331876,0.00918127,0.0160062
0.0075212,0.00508904,0.00403446,0.012999,0.00411216,0.00241296
0.00900911,0.00622064,0.00401831,0.0127814,0.00353975,0.00386105
0.0320936,0.0211609,0.0135505,0.0434998,0.0133085,0.0101529
0.0274864,0.0114695,0.0190064,0.0911131,0.0229182,0.0139317
0.0150588,0.00758931,0.00697365,0.0344865,0.00972003,0.00559212
0.0441623,0.0269898,0.0215091,0.0655087,0.0168934,0.0270512
0.0226935,0.0150392,0.0119105,0.0470935,0.0109964,0.0127022
0.0126412,0.00863709,0.00224147,0.0189346,0.00436287,0.00210651
0.0275121,0.0178344,0.0077226,0.0537211,0.0110777,0.00607125
0.0114467,0.00817012,0.00701066,0.0215652,0.00713272,0.00970651
0.0132964,0.00886446,0.00483368,0.0208868,0.00500313,0.00853331
0.019471,0.0131482,0.009952,0.0489638,0.0137581,0.0111703
0.0285883,0.0181059,0.0171607,0.0776663,0.0187509,0.0166152
0.0287055,0.0187156,0.00710465,0.0430995,0.0142622,0.0117849
0.0160128,0.0110013,0.00772945,0.0298002,0.00797416,0.0046816
0.0340972,0.0227233,0.00820459,0.0556715,0.0145811,0.0137307
0.0484836,0.017847,0.0181268,0.0872631,0.0233624,0.0208829
0.0497279,0.0178491,0.0181927,0.0898683,0.021905,0.0200051
0.0169067,0.0114104,0.00497603,0.030644,0.00680429,0.00528278
0.0165656,0.0115515,0.00469092,0.0334559,0.008761,0.00813305
0.0131109,0.00916082,0.00613279,0.0318266,0.00803784,0.00730554
0.0300785,0.0200054,0.00786885,0.0415424,0.0120693,0.0136068
0.00818141,0.00564423,0.00527545,0.0360108,0.00765212,0.00484884
0.00666807,0.00462467,0.00415665,0.016243,0.00384705,0.000740508
0.00875247,0.00579823,0.00387223,0.0194817,0.00511499,0.0021574
0.0243619,0.0162566,0.0185943,0.0613933,0.0165508,0.0270792
0.0286009,0.0191457,0.00879222,0.0369844,0.0080424,0.015301
0.0235593,0.0155093,0.00967883,0.0323316,0.00801782,0.0098091
0.0203856,0.0139765,0.00660255,0.0286042,0.00709032,0.0128194
0.0124212,0.00835201,0.00407547,0.0150636,0.00346178,0.000914378
0.0338711,0.0226218,0.0117074,0.0371456,0.00984001,0.0121138
0.0143592,0.00967469,0.00522678,0.0328086,0.00842235,0.0034257
0.046978,0.0268168,0.0281024,0.103622,0.0279308,0.04456
0.00872814,0.00559871,0.00220968,0.0200529,0.00468464,0.00651788
0.0325747,0.0212899,0.011499,0.0350269,0.00729875,0.014291
0.0090145,0.006162,0.00312519,0.0207545,0.00473505,0.00552377
0.00476453,0.00328502,0.00194628,-0.00118128,0.00165107,0.00212393
0.0126648,0.00847463,0.00488541,0.0234569,0.00695437,0.00847206
0.0323937,0.0189039,0.0178651,0.100262,0.0255533,0.023627
0.019456,0.0126336,0.00627949,0.0211053,0.00708875,0.00771195
0.0380314,0.023969,0.0108303,0.0616257,0.0169537,0.0224703
0.0422473,0.0249888,0.0304682,0.13778,0.0366342,0.0777819
0.0229878,0.0154174,0.0103874,0.0490413,0.0124929,0.010827
0.0158405,0.00678066,0.00851427,0.0494295,0.010443,0.01459
0.0101096,0.00623626,0.0060765,0.0393898,0.00745595,0.0102029
0.00629178,0.00417516,0.00284896,0.0160889,0.00452368,0.00480681
0.00628484,0.00449273,0.00291735,0.0138698,0.00493921,0.00214049
0.027481,0.017934,0.0127304,0.074392,0.021329,0.0174979
0.00924592,0.00600215,0.00565546,0.0367194,0.0103037,0.00614074
0.00663635,0.00451199,0.002145,0.0174573,0.00646879,0.0042227
0.0334826,0.0224838,0.00835146,0.0473875,0.0118786,0.0109435
0.0340882,0.0222076,0.0136229,0.0512401,0.0126838,0.0301223
0.0199258,0.012591,0.0111027,0.0448447,0.0102772,0.00851177
0.0234107,0.0133128,0.0119558,0.0405554,0.00846749,0.00765108
0.0481749,0.0302953,0.0323655,0.115397,0.0292235,0.0292453
0.0177888,0.0115652,0.00414828,0.0309168,0.00884667,0.0080416
0.0319958,0.0215852,0.0127172,0.0944619,0.0255606,0.0378212
0.0276355,0.0179472,0.00889505,0.0359268,0.00928795,0.00948092
0.0269707,0.0179761,0.00768893,0.0344915,0.00886933,0.0130136
0.0496198,0.0242565,0.0384561,0.160838,0.04192,0.0338683
0.0180295,0.0121106,0.00567942,0.0233543,0.00594175,0.0139258
0.0334132,0.0217295,0.00934187,0.0453976,0.0130484,0.0197369
0.00747051,0.00511682,0.00202139,0.0203933,0.00542198,0.00412798
0.014451,0.00903541,0.00432977,0.04198,0.00772791,0.0066714
0.0307028,0.0128182,0.0116729,0.0538976,0.0140497,0.0155403
0.00644385,0.00446971,0.00264837,0.0132504,0.00301502,0.00079784
0.0215294,0.0145975,0.00651453,0.037804,0.00742634,0.00394407
0.0246474,0.0160532,0.0142665,0.063001,0.0162089,0.0414097
0.00837598,0.00577541,0.00357246,0.0240212,0.00585346,0.0102777
0.0112555,0.00760639,0.00411684,0.0296392,0.00638508,0.00400609
0.011932,0.00805008,0.00472604,0.034449,0.0073736,0.00521545
0.017463,0.012359,0.00363548,0.014483,0.00534818,0.0154731
0.024058,0.0166077,0.00670007,0.0290875,0.00827474,0.0244404
0.0110049,0.00766554,0.00281125,0.0186645,0.00303048,0.0110623
0.00436035,0.00330302,0.00146528,0.0138741,0.00294181,0.00109331
0.00838882,0.00575397,0.0033956,0.0197231,0.00496985,0.0060254
0.00748563,0.00528586,0.00506607,0.0346055,0.00883448,0.00626241
0.0362827,0.0227151,0.027542,0.163525,0.0434475,0.0367877
0.0227291,0.0144793,0.00723261,0.0349264,0.00922284,0.010343
0.0165809,0.00951417,0.00678163,0.0249335,0.00496343,0.00602066
0.00718946,0.00540969,0.00283776,0.0158516,0.00542776,0.0020552
0.0159054,0.0106394,0.00493224,0.0292787,0.00601332,0.0150827
0.0604547,0.0346551,0.0470154,0.194652,0.052852,0.0945422
0.00496549,0.0033762,0.00247825,0.0128503,0.00415714,0.00462042
0.00480422,0.00350299,0.00199052,0.0291412,0.0076896,0.0131682
0.00974028,0.00665154,0.001912,0.0102685,0.0022377,0.00254531
0.0135714,0.00605972,0.0063623,0.0133267,0.00332009,0.00926691
0.0132806,0.0061596,0.00627885,0.0151505,0.00380944,0.00850651
0.0076886,0.0053377,0.00721146,0.0535366,0.0159276,0.0294601
0.0140274,0.00967821,0.00938598,0.0414959,0.011192,0.0171071
0.0284716,0.0191601,0.00979875,0.0554736,0.0153543,0.0269602
0.0114647,0.00794743,0.00274886,0.0180318,0.00473888,0.0134092
0.00620137,0.0042052,0.00310489,0.00854661,0.0027523,0.00295498
0.0071743,0.00519429,0.00375247,0.00997143,0.00291726,0.00347292
0.00920343,0.00655696,0.00738505,0.0253878,0.00619045,0.0138913
0.00531612,0.00369445,0.00213766,0.00874766,0.0020472,0.00194912
0.0119313,0.00766611,0.0050962,0.0179158,0.00491849,0.00473579
0.0354721,0.0239334,0.0119559,0.0445,0.0103387,0.0141566
0.0114993,0.00817403,0.00366321,0.0260589,0.00855455,0.00977083
0.0365644,0.0221572,0.0255911,0.114372,0.0299145,0.032699
0.0399982,0.021277,0.027445,0.151624,0.0395221,0.0549585
0.0330467,0.018905,0.0222826,0.102981,0.0228882,0.0382593
0.00662,0.00492741,0.00292069,0.0215546,0.00445505,0.00233887
0.0597557,0.0322424,0.0605068,0.247316,0.0638384,0.084724
0.0132954,0.00899755,0.0039655,0.0229269,0.00741688,0.0396287
0.0265433,0.0178903,0.00940763,0.0352665,0.0106478,0.0235512
0.0297734,0.0196885,0.0140025,0.0510857,0.0148455,0.00690122
0.0124634,0.00865948,0.00553914,0.0445055,0.0113611,0.00610623
0.00639806,0.00459597,0.00277151,0.0121251,0.00544785,0.00626311
0.0381427,0.0224174,0.0118399,0.117687,0.0327332,0.00955268
0.0230911,0.0149917,0.00737859,0.047381,0.00865962,0.00518325
0.00546684,0.00364673,0.00196887,0.0169123,0.00358889,0.00296446
0.014872,0.00998192,0.00495051,0.0136307,0.00419151,0.00978487
0.0042434,0.00303733,0.00340205,0.0121563,0.00519179,0.00375317
0.00995828,0.00546768,0.00313264,0.0249794,0.0059625,0.00942749
0.0153712,0.00993841,0.00772081,0.0502535,0.0116121,0.00962591
0.00766823,0.00498494,0.00276692,0.0275344,0.00871019,0.0072856
0.010964,0.00760473,0.00497453,0.0249278,0.00647413,0.00194833
0.0324807,0.0193198,0.0338792,0.154368,0.0405673,0.0517764
0.00580681,0.00418957,0.00272692,0.0117566,0.00338071,0.00610203
0.0269991,0.0150947,0.0106217,0.0542061,0.015257,0.0357032
0.0339568,0.0217347,0.0220631,0.0642741,0.0130832,0.0257738
0.0147034,0.0102325,0.00431804,0.0250037,0.00639463,0.00564622
0.00842585,0.00617093,0.00597162,0.0137406,0.00515362,0.00356803
0.0494839,0.0226487,0.0236057,0.112434,0.0303502,0.0408057
0.014803,0.010491,0.00493932,0.0232392,0.00657028,0.00264405
0.0318236,0.0201674,0.01748,0.0500796,0.0141146,0.0224519
0.00550461,0.0038697,0.00299284,0.0164379,0.00320334,0.00222096
0.0134262,0.00913267,0.00499383,0.0173571,0.00501949,0.00441663
0.00659291,0.00516147,0.00180991,0.0158044,0.00484188,0.00433758
0.025439,0.01714,0.00896679,0.0287705,0.00914685,0.0156464
0.0222945,0.0122064,0.00734475,0.0362685,0.00872678,0.0109429
0.0313267,0.0204959,0.0212783,0.105768,0.0284358,0.0491403
0.0142543,0.00946965,0.00450419,0.0281301,0.00673924,0.0121785
0.0250116,0.0166229,0.00515832,0.0465571,0.010648,0.0155315
0.0215833,0.0146515,0.0061757,0.0257718,0.00683287,0.0071239
0.00442922,0.00338745,0.0033253,0.00583684,0.00352719,0.00495877
0.0824797,0.0458087,0.0286709,0.141516,0.0404961,0.0917778
0.0414744,0.0167772,0.0218501,0.111801,0.0280333,0.0222398
0.00616872,0.00414476,0.00430953,0.00792902,0.00258059,0.00221514
0.0269495,0.01362,0.0141032,0.0921124,0.0230828,0.0237888
0.0320895,0.0206666,0.0105689,0.0439201,0.00843839,0.0124656
0.014896,0.00966479,0.0391373,0.078778,0.0200891,0.0429973
0.0342989,0.0216687,0.0106301,0.0412052,0.00912964,0.00739159
0.00630781,0.00506725,0.00287898,0.0130909,0.00269657,0.00227754
0.00933983,0.00675498,0.00201525,0.0139217,0.00422385,0.00845834
0.0178538,0.012169,0.0100638,0.0405663,0.0112363,0.00818747
0.019472,0.0124338,0.00719265,0.0285079,0.00723804,0.00756385
0.00511403,0.00387751,0.00324901,0.0137884,0.00304307,0.000958234
0.0154524,0.0107026,0.0046697,0.024301,0.00573763,0.0156171
0.026776,0.0112156,0.00900793,0.0521745,0.0120099,0.010766
0.0300718,0.0129253,0.00986333,0.0490879,0.0114337,0.00798414
0.00639821,0.00433763,0.00304627,0.0162249,0.00608541,0.00412425
0.0304939,0.0207457,0.0125254,0.0485811,0.0123123,0.0303816
0.0215469,0.0145909,0.00583152,0.0368381,0.0124789,0.00738637
0.0254152,0.0166978,0.0104036,0.047343,0.011515,0.00780491
0.00919373,0.00648318,0.0177028,0.0330088,0.00914861,0.0135918
0.00603026,0.00410482,0.00142067,0.00606228,0.00238207,0.00499272
0.0234583,0.0153504,0.00888524,0.0342119,0.00901441,0.019583
0.00960769,0.00681415,0.00333234,0.0189373,0.00403185,0.0045752
0.0156762,0.0106176,0.00736582,0.0463385,0.0133322,0.0103573
0.0170828,0.0119209,0.0047083,0.0389258,0.00937996,0.0074843
0.0321237,0.020289,0.0289036,0.101768,0.0252778,0.0499257
0.00461826,0.00316778,0.0021279,0.0170346,0.00442196,0.00723622
0.0253539,0.0165964,0.0131245,0.0449264,0.00848013,0.009333
0.00610131,0.00444759,0.00245655,0.0127858,0.00231168,0.00245104
0.0146938,0.0102009,0.00474109,0.0320543,0.00748776,0.00991743
0.00684551,0.00481238,0.00240368,0.01437,0.00341786,0.0144221
0.0142395,0.0097177,0.00464634,0.0215135,0.00508476,0.00669189
0.110058,0.0400265,0.0985292,0.384341,0.101368,0.179284
0.0923413,0.0368617,0.0840684,0.299977,0.0668792,0.157214
0.00822336,0.00540096,0.00295929,0.0265435,0.0114169,0.0160917
0.00588344,0.00404569,0.00195556,0.013407,0.0034007,0.0017737
0.0213483,0.0143061,0.0113915,0.0386579,0.00925559,0.0111908
0.0168714,0.011468,0.0106309,0.0473969,0.0122997,0.0188483
0.0123476,0.00830053,0.0047917,0.0175027,0.00507255,0.00465463
0.0235399,0.0155161,0.00726218,0.0282129,0.00784372,0.00726644
0.0161412,0.0107282,0.0110462,0.0580717,0.015412,0.00942009
0.00806424,0.00572398,0.00358689,0.0123158,0.00470511,0.00345638
0.0308929,0.0206293,0.00980086,0.0465795,0.0119227,0.0171388
0.0421828,0.0265306,0.0378558,0.119772,0.0331585,0.0353058
0.0168116,0.0122448,0.00637451,0.0339239,0.00866339,0.00902669
0.0817256,0.0363014,0.106005,0.382646,0.0970069,0.158561
0.0704299,0.0386489,0.0269686,0.116517,0.0284959,0.0208079
0.0187907,0.0125678,0.00610043,0.0211575,0.00491089,0.00388967
0.015381,0.0101809,0.00796542,0.0607037,0.0137185,0.00962019
0.0640041,0.0351493,0.0188236,0.101202,0.0253155,0.0324835
0.0420206,0.0278465,0.01311,0.048825,0.00948187,0.0184082
0.0100137,0.00696997,0.00368834,0.0205523,0.00646727,0.0102054
0.0575006,0.0306994,0.0247802,0.0939341,0.0259248,0.0211313
0.0475589,0.0270774,0.0221962,0.0615074,0.0137961,0.0137499
0.00902075,0.0059958,0.00341883,0.020905,0.0047663,0.0107435
0.00455944,0.00319518,0.00204485,0.0119979,0.0035244,-0.000312622
0.0179034,0.0122492,0.00579878,0.0223567,0.00635657,0.0100446
0.0218977,0.0144889,0.00517893,0.0303926,0.00889728,0.00376773
0.0317047,0.0210834,0.0117446,0.0475109,0.0112808,0.014325
0.0138457,0.00921859,0.00652892,0.0231951,0.00609516,0.00182759
0.00588905,0.00387763,0.00257145,0.0177555,0.00351604,0.00212104
0.0116972,0.00779532,0.00439477,0.0253645,0.00631605,0.00506008
0.0307227,0.0199013,0.012495,0.050733,0.0129242,0.0105007
0.0243378,0.0166923,0.0126824,0.0409516,0.0122897,0.0204977
0.0126913,0.00869293,0.00478236,0.0265422,0.00701685,0.00479781
0.00435153,0.00325936,0.00122782,0.0108001,0.00215415,0.00524518
0.0104225,0.00729745,0.0067624,0.0277069,0.00901627,0.0104228
0.0111008,0.00736737,0.00343532,0.01947,0.0070676,0.0065607
0.014005,0.008938,0.00335301,0.0248831,0.00656654,0.0113347
0.0354708,0.0153966,0.00917529,0.0557904,0.0155376,0.0184879
0.0352756,0.0144576,0.00825144,0.0435024,0.00899731,0.0119647
0.0109881,0.00765802,0.00421846,0.0148695,0.00511469,0.00302804
0.0170679,0.0117237,0.00613578,0.0133986,0.00214563,0.00545838
0.0461974,0.0289848,0.0207957,0.0844179,0.0216713,0.0370468
0.00812162,0.00581622,0.00137881,0.0247236,0.00651761,0.0059557
0.0135512,0.00944746,0.00432835,0.018221,0.00335583,0.00782694
0.0105234,0.00699736,0.00406395,0.0118707,0.00523684,0.00869335
0.0318687,0.020664,0.0162541,0.0573368,0.0147999,0.0205795
0.0164425,0.0109907,0.00546858,0.00607553,0.00113952,0.0145765
0.00798771,0.00527616,0.0018888,0.0182934,0.00550487,0.0017955
0.0146786,0.0100751,0.00417055,0.0266709,0.00894031,0.00211782
0.0081632,0.00561878,0.00590788,0.0260031,0.00536575,0.0144932
0.0338442,0.0209829,0.0116659,0.0427518,0.00918202,0.00614179
0.0103357,0.00747066,0.00443005,0.0161615,0.00354574,0.00893028
0.0193417,0.0131241,0.00713633,0.0333382,0.0089532,0.00877912
0.00906199,0.00631636,0.00667958,0.0193969,0.00482083,0.00593477
0.0114759,0.00807852,0.00406133,0.0265987,0.00801242,0.00936716
0.0157906,0.010985,0.00480046,0.0248445,0.0054363,0.00245797
0.037538,0.0212381,0.0124106,0.0652816,0.0154585,0.0251626
0.0301447,0.0202126,0.00953722,0.0402795,0.0116859,0.0064135
0.0128149,0.00912132,0.00577292,0.014801,0.00276372,0.00443413
0.0311729,0.0197614,0.0163722,0.0873814,0.026846,0.0382554
0.0256829,0.0166881,0.00937527,0.0471974,0.0134015,0.00777862
0.00955077,0.00669799,0.0034181,0.0228198,0.00263518,0.00192977
0.0231289,0.0160014,0.00387837,0.0355665,0.00897391,0.00998366
0.00919392,0.0066104,0.00306738,0.0125928,0.00333475,0.00567999
0.0296483,0.019775,0.0204457,0.0799588,0.0212409,0.0125442
0.0115918,0.00768169,0.00315289,0.0234869,0.00633163,0.0103809
0.0411583,0.0237686,0.0279435,0.0869331,0.0236042,0.0363538
0.0263585,0.0172931,0.00699091,0.0357201,0.0109121,0.0190708
0.00875525,0.00624439,0.00267066,0.0204385,0.00551141,0.00228612
0.00507054,0.00375709,0.00168996,0.0226735,0.00461301,7.32478e-05
0.0226563,0.0149034,0.0130166,0.0668588,0.017547,0.023738
0.0555504,0.033123,0.0311146,0.109895,0.0301809,0.0409529
0.0177158,0.0120769,0.00621298,0.0335841,0.00795137,0.00397737
0.0117001,0.00843678,0.00439556,0.025529,0.00751672,0.0129081
0.0267447,0.0178899,0.00890562,0.0252218,0.00999653,0.00374143
0.0095285,0.0064413,0.00372604,0.0174355,0.00473195,0.00388164
0.0190865,0.0129699,0.00697431,0.0256528,0.0078417,0.00535115
0.00933411,0.00637054,0.00757458,0.0375462,0.00946644,0.0392597
0.0303509,0.0206222,0.00819258,0.0308215,0.00901354,0.0125574
0.00488716,0.0032275,0.00280105,0.0149557,0.00364661,0.00351537
0.0204198,0.010615,0.0153507,0.0666957,0.0165919,0.0146381
0.0233355,0.011043,0.0151938,0.0578969,0.0121872,0.0112369
0.0246378,0.017094,0.00933111,0.0591134,0.0170223,0.0226244
0.00634249,0.00422621,0.00343218,0.00254363,0.00170363,0.00285165
0.0183941,0.0126685,0.00593276,0.0231545,0.00787491,0.0104459
0.00773191,0.00558743,0.0035027,0.015789,0.00424617,0.00200891
0.0405063,0.0264519,0.0102984,0.0446223,0.0129573,0.0128383
0.0124325,0.0087357,0.00593106,0.0241251,0.0073753,0.00742386
0.0311171,0.0204428,0.00744782,0.0425071,0.00991354,0.0151995
0.00643038,0.00452613,0.00330553,0.0189339,0.0033213,0.00237093
0.0365469,0.0223377,0.0125741,0.0293437,0.0103373,0.0293122
0.012593,0.00870094,0.0037729,0.0167706,0.00459771,0.0056051
0.0234798,0.0158698,0.0061857,0.040984,0.0111359,0.00594086
0.0196691,0.0131733,0.0113717,0.0432472,0.0105518,0.0103246
0.0102411,0.00678287,0.00273852,0.00152111,-2.58305e-05,0.00376364
0.0102913,0.00671984,0.00272876,0.0136602,0.00622723,0.00622313
0.0340889,0.0221614,0.0305994,0.154638,0.0423258,0.0436624
0.0176256,0.0120382,0.0096986,0.0265556,0.00632649,0.0102777
0.00593815,0.00434823,0.00304867,0.0105219,0.0025252,0.00298872
0.011999,0.00826298,0.00495855,0.0213442,0.00539875,0.0103384
0.0194506,0.012604,0.00746625,0.0367126,0.00889084,0.011867
0.0541778,0.0279176,0.0369523,0.179297,0.0464773,0.0451303
0.0229727,0.0142362,0.0206545,0.0894388,0.0230511,0.0548647
0.0238176,0.0161414,0.00828644,0.0355179,0.0088772,0.00876155
0.0200698,0.0131861,0.00588392,0.0140424,0.00272031,0.00531215
0.0126885,0.00896367,0.00417374,0.0265523,0.00549656,0.00484056
0.00913942,0.00631677,0.00381273,0.0339194,0.00866131,0.0122458
0.0149774,0.0103129,0.00817423,0.0271519,0.00637812,0.00400737
0.0123897,0.00850027,0.00389217,0.021062,0.0038961,0.00419344
0.00709881,0.00494262,0.00270525,0.0147466,0.00411424,0.00469064
0.0150183,0.0103424,0.00475006,0.0150758,0.0050961,0.0107926
0.00534141,0.00419811,0.00380033,0.0141164,0.00272466,0.00331119
0.0113741,0.00780525,0.00454024,0.012271,0.00504643,0.00232128
0.0121116,0.00855622,0.00721579,0.0348455,0.00608002,0.00850569
0.0201414,0.0133979,0.00823519,0.0381903,0.00778877,0.0102588
0.0266057,0.0172362,0.0138921,0.0702522,0.0180038,0.0123544
0.00471928,0.00343463,0.00131335,0.0140886,0.00377518,0.00243518
0.0332265,0.0176326,0.0106632,0.0485465,0.0131728,0.0100285
0.0303156,0.0176375,0.00958698,0.0360421,0.00951702,0.00921351
0.0152043,0.0104277,0.00361,0.0201028,0.00628154,0.00609883
0.0157419,0.0110608,0.00412463,0.0115873,0.00445351,0.00705323
0.00704433,0.00507936,0.00325981,0.0214744,0.00479924,0.00444809
0.0321234,0.0214176,0.0124795,0.0539192,0.0156374,0.0461585
0.00442878,0.00346718,0.00213281,0.0134938,0.00298633,0.00261544
0.00529245,0.0034726,0.00231039,0.0112923,0.00194788,0.00379441
0.0231859,0.0156068,0.0128164,0.0265282,0.00694603,0.00473524
0.0244708,0.0160647,0.00615863,0.041469,0.0118377,0.0125571
0.0155934,0.0108341,0.00481728,0.0218643,0.00467131,0.00983661
0.0280979,0.0191742,0.00932356,0.045559,0.0158202,0.00890272
0.0427515,0.0256636,0.0182788,0.109154,0.0278367,0.0115395
0.0112987,0.00764783,0.00661903,0.0279461,0.00566044,0.00537236
0.0115233,0.00723072,0.00330794,0.0299472,0.00897541,0.0060769
0.0102026,0.00723288,0.00772155,0.0357627,0.00877405,0.0084308
0.0336879,0.0206429,0.0299669,0.19872,0.052921,0.0872491
0.00958374,0.00650849,0.00457432,0.0134511,0.00390586,0.0159673
0.01478,0.0102696,0.00465312,0.0162282,0.00325872,0.0114602
0.00564376,0.00383252,0.00176116,0.0119642,0.00413688,0.00344966
0.0226723,0.0148423,0.0118132,0.0778892,0.0224265,0.0351011
0.011258,0.00794826,0.00860622,0.0454784,0.011476,0.0210647
0.0164418,0.0110414,0.00426451,0.0215499,0.00445384,0.00353103
0.0182396,0.0118541,0.0327537,0.1214,0.0319531,0.0658906
0.0205899,0.0138292,0.00468912,0.0366328,0.00928351,0.00692675
0.0204911,0.0141706,0.00646269,0.0149468,0.00349231,0.00513016
0.0274723,0.0180856,0.009785,0.0384501,0.00990815,0.0124779
0.0369491,0.02383,0.0160511,0.0772801,0.0205679,0.0126097
0.0375927,0.0243891,0.0147111,0.0617711,0.0162117,0.0411402
0.0284751,0.0133103,0.00898366,0.041729,0.0130824,0.0111221
0.049238,0.0283061,0.0119118,0.0553601,0.0143914,0.0108783
0.0218253,0.0146942,0.0074561,0.0316125,0.00897515,0.0166835
0.0120438,0.00784659,0.0086393,0.0258669,0.00666981,0.00539351
0.0408423,0.0241722,0.0357478,0.142009,0.0388556,0.0633988
0.0579091,0.0285015,0.0525058,0.184286,0.0453606,0.0758195
0.00833992,0.00561856,0.00524977,0.0131793,0.00390445,0.00678489
0.0147978,0.00945628,0.00801908,0.0390144,0.0114999,0.00960769
0.0159915,0.0104859,0.0135537,0.0461325,0.0111525,0.0116069
0.0191947,0.0130313,0.0213753,0.095269,0.024654,0.0250124
0.0206204,0.0141995,0.00641479,0.0216864,0.00779459,0.016996
0.0103666,0.00706959,0.00460243,0.0160813,0.00332089,0.00860186
0.0155566,0.010484,0.00980355,0.0547239,0.0142055,0.0204216
0.0316602,0.0204488,0.00873628,0.0439376,0.0112215,0.011613
0.0111173,0.00769774,0.00682004,0.0217657,0.00644791,0.00537067
0.00639806,0.00440274,0.00251228,0.0245444,0.00590481,0.00190702
0.0121855,0.00844817,0.00509096,0.0202734,0.00602966,0.0049375
0.00596817,0.00428809,0.0021281,0.0147918,0.00246755,0.0022601
0.00764933,0.00530474,0.00240311,0.0146585,0.00417221,0.0064735
0.0200467,0.0136022,0.00654475,0.0345355,0.00756149,0.00486527
0.0150643,0.0056686,0.00520693,0.0233489,0.00636433,0.00622442
0.0189709,0.00985964,0.00635127,0.0225592,0.0056102,0.00641108
0.0214411,0.0139348,0.0283645,0.073898,0.0187725,0.0162543
0.0142167,0.00982325,0.0057323,0.0253724,0.00500174,0.00211819
0.0170231,0.0115447,0.00428529,0.0785189,0.0192621,0.00910967
0.0145246,0.00959548,0.00571775,0.0302624,0.0056555,0.00652707
0.00465272,0.00355852,0.00261468,0.0147546,0.00412116,0.00646727
0.0320648,0.020379,0.016914,0.0943444,0.0254859,0.0245572
0.011703,0.00836466,0.0037401,0.0217513,0.00538826,0.00456569
0.0049655,0.00377079,0.00227132,0.0146277,0.00316707,0.00310084
0.00949285,0.00669994,0.00590591,0.0314324,0.00836479,0.0057539
0.0253099,0.0170693,0.00729762,0.0281374,0.00794493,0.00822462
0.00711123,0.00493494,0.00455027,0.0166938,0.00455577,0.00268751
0.0176685,0.0119048,0.00647536,0.0431353,0.0129085,0.00878434
0.00813922,0.00566547,0.00241673,0.0175823,0.00478032,0.0114042
0.0115591,0.00763234,0.00322938,0.0108989,0.00339847,0.00336699
0.0432886,0.0281085,0.01124,0.0449872,0.0118926,0.0110493
0.0221718,0.0148482,0.0055725,0.0260037,0.0086599,0.0110331
0.0160507,0.0108376,0.00823749,0.0381218,0.00761723,0.00519113
0.0298988,0.0163597,0.0802146,0.174705,0.0440352,0.0840656
0.0103031,0.00709603,0.0063843,0.0447626,0.00961729,0.00986302
0.0347122,0.0227352,0.036144,0.136927,0.0368049,0.0622332
0.0291901,0.0192208,0.0100465,0.0336947,0.00801234,0.00461145
0.0130203,0.00866176,0.00512972,0.0257655,0.00626179,0.00685244
0.00965143,0.00669455,0.00281511,0.00954853,0.00225461,0.00215289
0.0223449,0.0143068,0.011344,0.0438268,0.0110351,0.00940679
0.0086057,0.00379765,0.00306607,0.0145253,0.0034349,0.00421198
0.0155271,0.00942488,0.0076809,0.0284268,0.00935305,0.00504416
0.0157305,0.00853453,0.00685879,0.020797,0.00648043,0.00313729
0.00938427,0.00629588,0.00781268,0.024426,0.00606793,0.00621756
0.0107437,0.00700762,0.0111236,0.048416,0.0110944,0.0116608
0.0115647,0.00791686,0.00286281,0.0136961,0.00435286,0.00367217
0.010763,0.00719538,0.00453279,0.0259676,0.00757584,0.00520903
0.0189393,0.0128518,0.00732939,0.0356473,0.0086262,0.00527126
0.00781868,0.00536634,0.00316868,0.0102858,0.00351529,0.00585925
0.0442627,0.027124,0.0212537,0.133231,0.0347488,0.0625533
0.0172795,0.0120396,0.0176324,0.0844626,0.0230272,0.0699723
0.00519317,0.00365828,0.00238094,0.00961118,0.00254503,0.00261561
0.0342862,0.0224975,0.0123171,0.069243,0.0178911,0.0134886
0.0166182,0.0113194,0.00674714,0.00308322,0.00142789,0.0106698
0.00815432,0.00584569,0.00572548,0.0170888,0.00394647,0.00907966
0.0124231,0.00488969,0.0058209,0.0307119,0.00921048,0.0176852
0.0152608,0.00844163,0.00657083,0.0240874,0.00825572,0.0232853
0.00819148,0.00540816,0.00593181,0.0403861,0.00935963,0.00615106
0.00634065,0.00438705,0.00362822,0.0214809,0.00327594,0.00692746
0.0103697,0.00708838,0.00425778,0.0120718,0.00456092,0.0102421
0.0327782,0.0218204,0.0103235,0.0480675,0.0114133,0.0125614
0.0547331,0.0330243,0.0205349,0.082242,0.0215372,0.0250458
0.0271619,0.0133389,0.0137527,0.071054,0.0225168,0.0240193
0.0286768,0.0131654,0.0114716,0.0508342,0.0126291,0.0216626
0.00423674,0.0028987,0.00255116,0.0136336,0.00363301,0.001946
0.0222755,0.0150427,0.00624528,0.0369417,0.0114068,0.0135886
0.00726915,0.00502155,0.00252103,0.0103382,0.00380244,0.00452436
0.0149785,0.0108397,0.00506665,0.00935217,0.00379099,0.00677339
0.0147358,0.00991885,0.00490783,0.0161694,0.0034994,0.0120773
0.0083032,0.00590753,0.00340091,0.00688494,0.00328032,0.00400249
0.0181145,0.0121456,0.0158545,0.063468,0.0181993,0.0292111
0.00765843,0.00532655,0.00311608,0.0121885,0.0046907,0.00263065
0.00872207,0.00364687,0.00311986,0.0287495,0.00853046,0.00411961
0.0162652,0.010131,0.00551289,0.0318752,0.00722568,0.00590489
0.022354,0.0150622,0.00614363,0.0319628,0.00847774,0.0159994
0.0130297,0.0090204,0.012141,0.0456065,0.0133293,0.0183938
0.00835994,0.00570897,0.00387408,0.0266247,0.00783527,0.00643938
0.0159692,0.00767501,0.00714811,0.0383629,0.0108528,0.00791804
0.0101644,0.0068778,0.00335697,0.00226497,6.20517e-05,0.00320788
0.0135499,0.00915484,0.00418359,0.026011,0.00597881,0.00660929
0.0182222,0.0117368,0.0336197,0.098913,0.0263381,0.039227
0.0121577,0.00818975,0.00362041,0.0342178,0.0100657,0.00767764
0.00984929,0.00654845,0.00492593,0.0119317,0.00305988,0.00104937
0.0325425,0.0222136,0.017035,0.0792892,0.0193191,0.0184454
0.0378393,0.0221964,0.0194475,0.0817148,0.018704,0.0194005
0.01231,0.00813447,0.00472077,0.0219716,0.00616361,0.00670557
0.00446917,0.00304773,0.0024136,0.0140498,0.00182137,0.00305113
0.00679445,0.00482506,0.00326831,0.012199,0.00294858,0.00437813
0.0457018,0.0212659,0.0150897,0.0825215,0.0189218,0.0138865
0.0131367,0.00886105,0.00439527,0.0171789,0.00453258,0.0102295
0.00600971,0.00422792,0.00270889,0.0159849,0.00309398,0.00193029
0.0343713,0.0215829,0.0297668,0.161217,0.0384907,0.0297093
0.0169063,0.0112828,0.0152103,0.0707709,0.0208535,0.0357253
0.00875363,0.00626314,0.00332244,0.0201347,0.00579541,0.00200081
0.0185271,0.0127131,0.00610282,0.0316746,0.00690738,0.0107501
0.0180889,0.0118093,0.0317088,0.081953,0.0245596,0.0343361
0.0124094,0.00830632,0.00394286,0.0333083,0.00854764,0.0092512
0.0159236,0.010653,0.0105834,0.0354565,0.0087915,0.00422923
0.00590563,0.00429841,0.00336211,0.0138379,0.00479323,0.0042679
0.0480273,0.0263153,0.028933,0.121975,0.0343172,0.062104
0.00848687,0.00560038,0.00494571,0.0402707,0.0132885,0.0106881
0.0108442,0.00725587,0.00322076,0.0195663,0.00545519,0.0249313
0.023425,0.015292,0.0122361,0.0577296,0.0139856,0.0263729
0.0090142,0.00381128,0.00533715,0.0378749,0.00967647,0.0167009
0.0382431,0.0244172,0.0136127,0.0494019,0.0124039,0.0199882
0.0439497,0.0247589,0.0154517,0.0691512,0.0172794,0.020904
0.0249744,0.0166524,0.00878232,0.0352672,0.0088059,0.0121813
0.00622539,0.00413776,0.00370486,0.0154107,0.00380267,0.00787437
0.0104276,0.00749525,0.00608734,0.0241894,0.00508226,0.00226877
0.00958828,0.0067671,0.00361243,0.0206101,0.00588195,0.0100805
0.0163402,0.0115125,0.00772536,0.0392425,0.00895428,0.0155826
0.00710364,0.00552381,0.00684924,0.0240074,0.00674287,0.00551581
0.00801604,0.00587393,0.00345786,0.0187012,0.00544576,0.00235226
0.0109676,0.00748967,0.0067354,0.0179151,0.00288849,0.00788325
0.00541931,0.00380655,0.00249073,0.0291046,0.00868186,0.00438047
0.0145818,0.00996817,0.0193184,0.070244,0.0185731,0.0238781
0.0333111,0.0220385,0.0100171,0.0465506,0.0103372,0.00518644
0.0335607,0.0218913,0.0119721,0.0523739,0.0123588,0.0266794
0.021845,0.0137882,0.0186688,0.0877603,0.0225475,0.0165987
0.0149893,0.010711,0.00477328,0.0245777,0.00594794,0.00466618
0.00527574,0.00395338,0.00182709,0.0150871,0.00476337,0.00903416
0.011515,0.00774273,0.00390129,0.0251626,0.00596303,0.0112041
0.0234788,0.0148651,0.0166648,0.0877419,0.0251184,0.0299145
0.00996716,0.00722756,0.00508066,0.0236814,0.00520224,0.00259348
0.00859003,0.00561041,0.00296486,0.0196865,0.0055512,0.00338719
0.0092101,0.00628469,0.0026097,0.0200064,0.00654949,0.0186978
0.0117887,0.00822754,0.0037373,0.0289016,0.00903543,0.00730092
0.010167,0.00718601,0.0162127,0.053041,0.0157175,0.0208011
0.0203263,0.0137227,0.00660654,0.0319257,0.00876407,0.0133267
0.0261697,0.0171814,0.0170029,0.0455242,0.01392,0.0163118
0.0319179,0.0179881,0.0195171,0.0973606,0.0263782,0.028644
0.0279834,0.0107728,0.0140081,0.0581161,0.0117629,0.0137265
0.0198325,0.0130744,0.00661843,0.0447682,0.0107872,0.0101597
0.0108345,0.00745671,0.00367269,0.0213911,0.00405165,0.00449959
0.00637727,0.00434477,0.00262834,0.0182687,0.00223042,0.00218337
0.00482973,0.00322011,0.0017195,0.00949745,0.00215287,0.00395887
0.0291605,0.0189411,0.0136633,0.0744417,0.0170911,0.0149231
0.00646404,0.00431308,0.00293696,0.0198658,0.00394042,0.00285058
0.0105894,0.00763535,0.00444084,0.0248886,0.00685991,0.00317953
0.00659756,0.00487469,0.00305199,0.0069228,0.00226582,0.00396992
0.0656112,0.0387421,0.0265338,0.106113,0.027881,0.071827
0.0231418,0.0152962,0.00886512,0.0403755,0.00901058,0.0146651
0.0179976,0.0124189,0.0069051,0.0261505,0.00937521,0.0104656
0.0129405,0.00902748,0.0035417,0.0341367,0.00632502,0.00669325
0.0142328,0.00944483,0.00456992,0.0264976,0.0086272,0.00306903
0.011063,0.00732195,0.00608942,0.0444827,0.0110687,0.00612704
0.00974672,0.00657141,0.00471362,0.0282545,0.00552483,0.0031352
0.016385,0.0109528,0.00536252,0.0384238,0.0102176,0.0103029
0.00640109,0.0045014,0.00294916,0.0246392,0.00625779,0.00305482
0.0123557,0.00826701,0.00389159,0.0164498,0.00275627,0.00599932
0.0165521,0.0114325,0.00495096,0.0357699,0.00670877,0.00811271
0.00611083,0.00427791,0.00370533,0.0166589,0.00651611,0.00399956
0.0241276,0.0163245,0.0104797,0.0540028,0.015047,0.0235309
0.0191838,0.0130037,0.0127564,0.0643753,0.0180081,0.0205451
0.032264,0.0214305,0.00808338,0.0470422,0.0114785,0.00791516
0.0351169,0.0226447,0.0279797,0.0944111,0.0242223,0.0671112
0.00888067,0.0064509,0.00251871,0.0190511,0.00371381,0.00326341
0.00909304,0.00640583,0.00295879,0.0149005,0.00413773,0.00700767
0.0290115,0.0186449,0.0340728,0.108511,0.030125,0.0645089
0.00775249,0.00537797,0.00295297,0.0118435,0.00347864,0.00552236
0.0150357,0.00995521,0.00599991,0.0420482,0.0117443,0.00768483
0.00539559,0.00385862,0.00162971,0.00408963,0.00180442,0.00623006
0.00507352,0.00379623,0.00179109,0.0118676,0.00387307,0.00175003
0.0499169,0.0323166,0.0190002,0.0539499,0.0136344,0.0157287
0.0291993,0.018666,0.0110751,0.0419757,0.00977985,0.0208794
0.0295084,0.0178943,0.0235823,0.156851,0.038994,0.0721262
0.0104797,0.00725121,0.00625973,0.0541569,0.0112722,0.0173603
0.00769948,0.00547454,0.00327689,0.0230142,0.00590977,0.0120319
0.0137271,0.00921385,0.00477785,0.0174594,0.00454321,0.00365266
0.0100264,0.00650261,0.0163825,0.0805948,0.0207842,0.0445378
0.032556,0.0148003,0.0115423,0.0570243,0.0164183,0.0157579
0.0364216,0.0197499,0.0148167,0.0479384,0.0108904,0.00838596
0.00787853,0.00553046,0.00166617,0.0227676,0.00414213,0.00358088
0.0157671,0.0109385,0.00544394,0.0266553,0.00721998,0.0101924
0.0532758,0.0326334,0.023975,0.116229,0.0296557,0.0255137
0.0118421,0.00810263,0.00370833,0.0276303,0.0063337,0.00363723
0.00670838,0.00475298,0.00231467,0.0162761,0.00424377,0.00140187
0.0186551,0.0125527,0.00702018,0.0282142,0.00639408,0.00915955
0.0219987,0.0146848,0.00725338,0.0267553,0.00622267,0.0029035
0.0163115,0.0107501,0.00593219,0.0498651,0.011126,0.00584873
0.011483,0.00803108,0.0056649,0.0167577,0.00313277,0.00546213
0.0275942,0.0187898,0.0149529,0.0379074,0.00984563,0.00743966
0.0131398,0.00889313,0.00523438,0.0161512,0.00259123,0.00308432
0.0297223,0.0198721,0.018234,0.0924782,0.0219489,0.0170828
0.0425841,0.0265788,0.0314847,0.121897,0.0290889,0.015958
0.0119781,0.00867452,0.00751599,0.0177269,0.00636008,0.00848835
0.00810618,0.0057317,0.00311496,0.0211505,0.0049083,0.0067531
0.0137587,0.00948633,0.00433656,0.0222672,0.0073188,0.00767614
0.0307114,0.0200243,0.0169877,0.0697452,0.0176875,0.0146814
0.0128322,0.00828026,0.0177193,0.0799966,0.0205556,0.0313885
0.0257326,0.0170386,0.00748991,0.0434421,0.0116147,0.0293858
0.0124093,0.00840632,0.0041951,0.0239258,0.00666794,0.0071097
0.00415619,0.00303424,0.00172093,0.00894752,0.00192217,0.0030375
0.00746983,0.00495169,0.00380852,0.0194515,0.00492755,0.00897298
0.0193605,0.0125266,0.0102639,0.0210557,0.0052058,0.0203853
0.00731941,0.00500761,0.00634709,0.0245753,0.00573441,0.0040553
0.00625119,0.00442615,0.00400433,0.0298307,0.00664132,0.00426802
0.026818,0.0182252,0.0139296,0.061862,0.0134524,0.00336324
0.0105694,0.00697728,0.00356433,0.0167488,0.00269742,0.00803764
0.0100223,0.00692163,0.00265191,0.02797,0.0067638,0.016344
0.00829606,0.00555141,0.00606372,0.049123,0.0123735,0.012604
0.0246082,0.0159549,0.00967038,0.0591985,0.0164051,0.0307738
0.0213405,0.0136144,0.0226567,0.0876763,0.0229797,0.0311192
0.00700696,0.00489564,0.00948015,0.0350285,0.00962431,0.0149856
0.0235979,0.0155553,0.0123077,0.0443857,0.0138582,0.0269401
0.0134428,0.00927152,0.00583691,0.0308356,0.0063387,0.00895343
0.0336965,0.0214121,0.0221156,0.0916628,0.0241996,0.0249034
0.0239261,0.0122598,0.0356274,0.158529,0.0405409,0.0669336
0.0157158,0.00610198,0.0179764,0.0571421,0.0100828,0.027805
0.00469739,0.00330055,0.00258125,0.00199648,0.000962157,0.00506289
0.0354593,0.022727,0.0260814,0.0256919,0.00523778,0.0544011
0.00501777,0.00345735,0.00266292,0.0139813,0.00301539,0.00410762
0.015313,0.0108418,0.0052296,0.0236349,0.00709589,0.00501691
0.00930503,0.00638898,0.00360528,0.0181319,0.00293141,0.00659839
0.00815794,0.00578009,0.00853073,0.0292342,0.00953234,0.00693462
0.0141683,0.0100634,0.0061022,0.00389018,0.00126323,0.00750822
0.0157811,0.0103601,0.011814,0.0528741,0.0144933,0.0264956
0.0177705,0.0116953,0.00699881,0.0273341,0.00821468,0.0149581
0.0139563,0.00915196,0.00456824,0.0175651,0.00459009,0.00695264
0.0147362,0.0104146,0.00445481,0.0152513,0.0033052,0.0064587
0.0189872,0.012267,0.00712173,0.0217783,0.00557687,0.00467623
0.0359939,0.0235903,0.0183568,0.045343,0.0132291,0.0315526
0.0111455,0.0078859,0.00613506,0.0331772,0.0117449,0.016238
0.00799777,0.00566842,0.00300679,0.00878026,0.00468165,0.00134418
0.0223062,0.015006,0.00724595,0.0310315,0.00940114,0.0199949
0.0509097,0.0306804,0.016513,0.0710097,0.0185258,0.0158001
0.0122852,0.00855396,0.00464242,0.0248594,0.00585439,0.00364554
0.0124735,0.0086118,0.00417827,0.012073,0.00405413,0.00275567
0.00520577,0.00338458,0.002504,0.0256003,0.00574749,0.00833992
0.0168898,0.0114158,0.00517472,0.027284,0.00511118,0.0101865
0.0404425,0.0249959,0.0103127,0.0548621,0.0137012,0.0185487
0.0165071,0.0112012,0.00474255,0.0228025,0.00506371,0.00867634
0.0123022,0.00880331,0.00516612,0.0275466,0.00566416,0.00185684
0.00624546,0.00409651,0.0012541,0.0167508,0.00646511,0.0135652
0.0130101,0.00920434,0.00596912,0.0208285,0.00689055,0.00589424
0.00466524,0.00331779,0.00217084,0.0132093,0.0020383,0.00124424
0.0628538,0.0353347,0.0330896,0.164871,0.0389141,0.0301896
0.01182,0.00815643,0.00414887,0.0210529,0.00416639,0.006387
0.0148908,0.0103697,0.00443524,0.0334852,0.00981078,0.00880355
0.0137789,0.00891305,0.0028697,0.00565812,0.00407547,0.0132328
0.126719,0.0619168,0.0614811,0.289345,0.0735981,0.155881
0.0287964,0.0112715,0.00734495,0.0713198,0.0168391,0.00768635
0.00480234,0.00359466,0.00692889,0.023463,0.00506945,0.00441993
0.0119445,0.00832917,0.00325584,0.0192341,0.00433018,0.0102737
0.0207484,0.0138443,0.00739026,0.0228933,0.00740533,0.0148712
0.022514,0.0147356,0.0183456,0.0867427,0.0241567,0.0330385
0.010155,0.00658275,0.0215892,0.116444,0.0292423,0.0368946
0.0101914,0.00734207,0.00370004,0.0229838,0.00379986,0.00703635
0.0333609,0.0215441,0.0110758,0.0470372,0.0129898,0.017031
0.00693053,0.0046829,0.00299986,0.00786596,0.00364553,0.00996132
0.0321602,0.0213884,0.0064354,0.0345069,0.00852735,0.0110004
0.00836719,0.00600028,0.00381517,0.0138401,0.00419498,8.97964e-05
0.0129271,0.00882126,0.00627007,0.0203021,0.00498569,0.00494765
0.0229562,0.0155539,0.00615526,0.0456826,0.0125303,0.00848187
0.0103093,0.00695487,0.00241873,0.0179924,0.00436784,0.00342199
0.0148797,0.0102899,0.00528559,0.0444026,0.0101609,0.0103764
0.00783716,0.00551516,0.00696018,0.0387212,0.0117019,0.0182535
0.0196651,0.0135337,0.00613734,0.0233224,0.00450765,0.0118814
0.0188092,0.0124564,0.00450509,0.0331509,0.00853399,0.00525382
0.00504426,0.0033178,0.00205984,0.0100583,0.0029638,0.00185463
0.0176103,0.0118998,0.00666396,0.0302965,0.00810959,0.00544173
0.0200495,0.0131425,0.00613853,0.0253978,0.00782315,0.0110934
0.0063552,0.00452742,0.00251757,0.00208625,-0.00147905,0.00294048
0.0186831,0.0130535,0.00638275,0.0308531,0.00600521,0.00668002
0.0145921,0.00929733,0.00564311,0.0285069,0.00908388,0.00911346
0.0246146,0.0151065,0.00825618,0.0414498,0.0120079,0.0105464
0.00798813,0.00529832,0.00465289,0.013946,0.00384573,0.00718145
0.00900742,0.00633914,0.00427553,0.0152755,0.00506315,0.00512516
0.0293023,0.0201456,0.00902617,0.0266743,0.00507258,0.0195227
0.0135638,0.00934033,0.00535345,0.0284059,0.00774664,0.00789801
0.00953114,0.00673594,0.00230907,0.013596,0.00316253,0.00371053
0.00939431,0.00649395,0.00261169,0.0116784,0.00396116,0.00782289
0.0237054,0.0155831,0.0200612,0.134568,0.0371446,0.0683289
0.00742928,0.00525404,0.00294629,0.0325049,0.00672151,0.0103699
0.0150081,0.0103008,0.00531876,0.029608,0.00856605,0.00201536
0.0120619,0.00801243,0.00393238,0.0205269,0.00464514,0.00865501
0.0484074,0.028135,0.0508674,0.234583,0.0583367,0.100201
0.0149071,0.0103377,0.00640081,0.0522126,0.0121319,0.00389548
0.0153243,0.0100963,0.0037651,0.0228971,0.00475433,0.00657151
0.0242705,0.0163241,0.00801507,0.0704409,0.0184252,0.0100705
0.00478454,0.00339434,0.00258115,0.0106532,0.00184288,0.00634826
0.0315138,0.0204997,0.0117975,0.037232,0.0102963,0.0197797
0.017253,0.0114098,0.0055668,0.0343855,0.00853481,0.010508
0.0112968,0.00683329,0.00504344,0.0223346,0.00688359,0.0122999
0.0368298,0.0191794,0.019091,0.0825036,0.0258123,0.030133
0.0476609,0.0228955,0.0552607,0.216462,0.0501767,0.0805329
0.0136073,0.00910178,0.00446583,0.0216097,0.00442785,0.00643179
0.0393458,0.0156829,0.0164643,0.0768288,0.0202328,0.0168826
0.039866,0.0156717,0.0164329,0.0730683,0.0175531,0.0151648
0.037289,0.0219514,0.0242855,0.111365,0.0296837,0.0404023
0.00954561,0.00615099,0.00435458,0.0349439,0.00890525,0.0104558
0.0215099,0.0146086,0.00628803,0.0365488,0.0115931,0.0174528
0.00944495,0.00641562,0.00508665,0.0163588,0.00631771,0.00244024
0.037856,0.0234382,0.0144441,0.0653105,0.0182135,0.0111587
0.0106946,0.007243,0.00348031,0.0161682,0.0051457,0.00768492
0.0139004,0.00967377,0.00400301,0.0366774,0.0102869,0.0052883
0.0366087,0.021912,0.0150831,0.0598284,0.0163663,0.0149582
0.0504633,0.0205311,0.0187859,0.0852922,0.0220913,0.0296381
0.00670488,0.00437917,0.00246791,0.0089078,0.00232587,0.00364719
0.0440006,0.0230825,0.0160575,0.0697494,0.0177187,0.0340878
0.00890499,0.00596531,0.00282623,0.0167663,0.00494309,0.00555294
0.0542266,0.0287269,0.0244067,0.117263,0.0289014,0.0471845
0.0623748,0.0290594,0.02701,0.115741,0.0259512,0.0461713
0.00811027,0.00532625,0.00245292,0.0188847,0.00408125,0.00592801
0.017216,0.0111559,0.0135131,0.0563832,0.0129745,0.00918856
0.0100231,0.00716925,0.00327863,0.0183348,0.0032306,0.00222802
0.0100083,0.00638383,0.00348459,0.0188676,0.00430383,0.0161532
0.0396594,0.0241827,0.0196404,0.0929872,0.0246659,0.0114333
0.0147589,0.00969706,0.00629677,0.0326128,0.00721493,0.00484493
0.00547547,0.00351813,0.00184817,0.0204347,0.00680359,0.00511449
0.0109626,0.00725863,0.00432478,0.0189592,0.00565658,0.00960417
0.0428963,0.0280435,0.0233045,0.069729,0.018824,0.047646
0.0120021,0.00780844,0.00570668,0.0247444,0.00659556,0.00358772
0.0190553,0.0128004,0.00569602,0.0268588,0.00765195,0.0123424
0.0166868,0.011529,0.00461386,0.0221815,0.004261,0.00893493
0.0156625,0.010491,0.0060145,0.0283993,0.00522284,0.0023307
0.00880334,0.00570002,0.00308665,0.0185061,0.0049449,0.00322949
0.0497189,0.0221231,0.0167943,0.0535093,0.0154302,0.0090075
0.00565628,0.00393014,0.00230131,0.010926,0.00415671,0.00139591
0.00930116,0.00623057,0.00534261,0.0186737,0.00404473,0.00336664
0.02954,0.0186381,0.0109515,0.0426256,0.0121252,0.0087769
0.0386469,0.0241941,0.0115185,0.0510983,0.0116829,0.0157693
0.0298955,0.0202793,0.0132961,0.0544961,0.01373,0.0105613
0.0226739,0.0146118,0.00969755,0.0344168,0.0117677,0.0123714
0.0214316,0.0145425,0.00397087,0.0322706,0.00691544,0.00845788
0.0171223,0.0114689,0.00597398,0.0308066,0.00832861,0.0164174
0.0299239,0.0190373,0.0076623,0.0536046,0.0154781,0.0106214
0.0148524,0.0103656,0.012936,0.0172103,0.00386579,0.00867679
0.0113586,0.00788084,0.0123304,0.0343309,0.00781751,0.00915307
0.0066081,0.00445337,0.0026248,-0.00022274,0.000253308,0.000827015
0.0102802,0.00710461,0.00389996,0.0275689,0.00756941,0.0078098
0.0428623,0.0260852,0.0171562,0.0942796,0.0217367,0.0275361
0.00991685,0.00674064,0.00397409,0.0189942,0.00300731,0.00592958
0.00929552,0.00667799,0.00403576,0.0185923,0.00430403,0.00265413
0.015257,0.0102148,0.0147085,0.0879594,0.0261,0.0114529
0.0124434,0.00832427,0.00319833,0.0330073,0.00672617,0.0067953
0.0095571,0.00680716,0.00347338,0.013682,0.00576177,0.00652394
0.0188157,0.0115271,0.00465374,0.0322246,0.00887598,0.00903479
0.00912799,0.00636854,0.00360302,0.0121587,0.00266368,0.00822976
0.0147919,0.0103148,0.00552866,0.026128,0.00628711,0.00623733
0.0508339,0.0331693,0.0214424,0.0728082,0.0171767,0.0155199
0.00628879,0.00442119,0.00322976,0.0120132,0.00298933,0.00396939
0.00568398,0.00391149,0.00300533,0.0171951,0.00422002,0.00674316
0.0404655,0.0241605,0.0238942,0.11332,0.02814,0.0273507
0.0151483,0.0106448,0.00330419,0.0227371,0.00606827,0.00467541
0.00606446,0.00413347,0.00260287,0.0119325,0.00347874,0.00367486
0.0110195,0.00776777,0.0113163,0.0391393,0.00974247,0.0169464
0.0170108,0.0114877,0.00651896,0.0360777,0.011042,0.0155094
0.0265512,0.0170045,0.00798884,0.0378666,0.0115368,0.0126202
0.0229319,0.0150162,0.00903499,0.033412,0.00739279,0.00609154
0.0241482,0.0160342,0.00888198,0.029531,0.00615895,0.0282692
0.0197634,0.0130627,0.0058845,0.034174,0.00931631,0.00857683
0.00759026,0.00520371,0.00350185,0.0160671,0.00196851,0.00540134
0.0348604,0.0229919,0.0122561,0.0513389,0.0106444,0.0190197
0.00761498,0.00520218,0.00334713,0.00833644,0.00230012,0.00327616
0.0102961,0.00730051,0.00551766,0.0204237,0.00622549,0.0111132
0.00569359,0.00396224,0.00299792,0.00892637,0.00251624,0.00446916
0.0097063,0.00622384,0.00304809,0.0185686,0.00445946,0.00614954
0.0105899,0.00704589,0.00354885,0.0140435,0.00314333,0.00859634
0.0199429,0.0115919,0.00522792,0.0379684,0.0112733,0.0111114
0.0298722,0.0183745,0.00941171,0.0582521,0.0149976,0.00828926
0.0224126,0.0152279,0.0267964,0.0968811,0.0274758,0.0354552
0.0263683,0.0168599,0.0177538,0.0475013,0.0130376,0.0121095
0.0212197,0.0137127,0.012182,0.0747948,0.0196474,0.0201303
0.0198259,0.01323,0.00670838,0.0290242,0.00613859,0.00280949
0.00852199,0.00551896,0.00472213,0.0166769,0.00374442,0.00396299
0.0218794,0.0148432,0.0132222,0.0617372,0.0188364,0.0158304
0.00995699,0.00663838,0.00398707,0.0239393,0.00602354,0.00270199
0.0334809,0.0215381,0.0126222,0.0677408,0.0166812,0.0317536
0.00813388,0.00565093,0.00455669,0.0120128,0.00285326,0.000552175
0.0160854,0.0110861,0.0170345,0.0429002,0.0119146,0.0333614
0.011665,0.00825477,0.0039192,0.0159554,0.00554788,0.00330143
0.00760923,0.00512306,0.00194542,0.0135115,0.00441137,0.0111194
0.0495583,0.0316967,0.0149418,0.0430151,0.012745,0.0400041
0.00704473,0.00479501,0.00353999,0.0253568,0.00699464,0.0096773
0.00913103,0.00636289,0.00331253,0.013272,0.00238256,0.00259826
0.0126768,0.00846306,0.00552588,0.0152161,0.0041411,0.0011411
0.0250258,0.0102063,0.0130729,0.0549711,0.0136152,0.0118984
0.00415133,0.00290938,0.00210541,0.0171155,0.0043361,0.00435237
0.00520087,0.0037358,0.00236884,0.0171276,0.00378649,0.00567988
0.0100424,0.00723358,0.00302798,0.01963,0.00470533,0.00749204
0.0142187,0.00985263,0.00584378,0.0136683,0.00324597,0.00455683
0.0653662,0.0324299,0.0446083,0.194359,0.0516959,0.0893566
0.00972654,0.00669844,0.00409471,0.0183193,0.00441613,0.00599831
0.0146625,0.00974857,0.0116401,0.0352174,0.00858343,0.00708314
0.0122054,0.00823632,0.0056167,0.0195071,0.00501537,0.00261903
0.0209041,0.0140792,0.00614897,0.0346494,0.0101633,0.00526958
0.0417297,0.0254943,0.0204819,0.103219,0.0298738,0.0199473
0.00530799,0.00372025,0.01088,0.00443019,0.000707606,0.00343903
0.00783519,0.0050636,0.00370536,0.00966349,0.0013911,0.00256777
0.00916902,0.00635997,0.00305621,0.0133282,0.0054944,0.00267349
0.0112725,0.00800947,0.00424067,0.0115054,0.00356493,0.00757315
0.00979254,0.00692329,0.0043216,0.0126246,0.00380646,0.00512597
0.0367058,0.023713,0.0187664,0.0923369,0.022542,0.0227836
0.0390343,0.0245946,0.020073,0.0730538,0.0151475,0.0188481
0.0312068,0.0208377,0.0103893,0.0474273,0.0122702,0.00887281
0.0113795,0.00809832,0.0043171,0.0201137,0.00443343,0.00542195
0.0206514,0.0139408,0.00626745,0.0236493,0.00507667,0.00588871
0.0176794,0.0121516,0.0100507,0.0128939,0.00417398,0.00707774
0.0117388,0.00780646,0.00577409,0.019095,0.00589289,0.00950255
0.0183132,0.0126356,0.0110377,0.0675828,0.0191869,0.0280326
0.0336404,0.0212259,0.0190389,0.0954552,0.0266285,0.0435929
0.0149365,0.0103425,0.00564814,0.0245464,0.0067506,0.00351213
0.0356779,0.0229253,0.02319,0.114286,0.0262204,0.0435533
0.0187544,0.0131255,0.00763295,0.0313423,0.00626689,0.0081496
0.0103143,0.00685185,0.00360918,0.0185548,0.00499912,0.00141798
0.0148224,0.010151,0.00580347,0.0264992,0.00846517,0.0147047
0.0131274,0.0089926,0.00465954,0.0261282,0.00760568,0.0124259
0.0297409,0.0186886,0.00991783,0.0488589,0.0112055,0.0141397
0.0092079,0.00645749,0.00406482,0.0111909,0.00433458,0.00389612
0.00598621,0.00407734,0.0027001,0.013823,0.00356244,0.00260647
0.0182148,0.0124577,0.0102078,0.0240732,0.00406046,0.0066677
0.0268149,0.0180383,0.0104715,0.0476218,0.0138728,0.017507
0.0188019,0.0120386,0.0115759,0.0537537,0.0119958,0.0114794
0.0126356,0.00871048,0.0040255,0.0182216,0.00449011,0.00664701
0.0114088,0.00812076,0.00471508,0.00731463,0.00489759,0.00873361
0.0163777,0.0111915,0.00540915,0.0177048,0.00468886,0.0063102
0.00689995,0.00401635,0.00301316,0.0134367,0.00395454,0.00200003
0.0199037,0.0128209,0.00468242,0.0325119,0.00684133,0.00482807
0.0229191,0.0149444,0.0224574,0.0662765,0.0182536,0.00617246
0.0150993,0.00998991,0.00435281,0.0183173,0.00229169,0.00341384
0.0373766,0.024746,0.0134221,0.0384477,0.00937365,0.0133956
0.0073044,0.00489696,0.00283425,0.0170132,0.00358055,0.00381258
0.0103034,0.0069617,0.00373579,0.0142716,0.0062286,0.00426548
0.0272757,0.0182473,0.0101457,0.0281086,0.00949298,0.00678117
0.0170405,0.0102953,0.0208421,0.103174,0.0245435,0.0310764
0.0495977,0.0305487,0.0177056,0.0891077,0.0258888,0.0387474
0.00867008,0.00574789,0.00279696,0.0183329,0.00660754,0.00660398
0.021367,0.0137114,0.0256078,0.100125,0.0230188,0.0374769
0.021945,0.014313,0.0131231,0.0599187,0.015987,0.0216763
0.0120391,0.00822822,0.00413106,0.0232983,0.00609256,0.00384766
0.0270743,0.0167388,0.0194425,0.0753876,0.018835,0.0191675
0.00874504,0.00595302,0.00307255,0.0145602,0.00275876,0.00920167
0.0089352,0.006135,0.00254967,0.015365,0.00507392,0.00473654
0.0197342,0.0125685,0.0124434,0.0650878,0.0184702,0.0400128
0.0245162,0.0158061,0.0237137,0.0589409,0.0141176,0.0331721
0.0164655,0.0110802,0.00693196,0.0401989,0.0126594,0.0113214
0.00810917,0.00486383,0.00214377,0.029878,0.0104269,0.0210572
0.0185944,0.0128339,0.00683899,0.0315314,0.00780702,0.0130451
0.0154368,0.0103696,0.00685601,0.0308585,0.00647662,0.00898665
0.00404488,0.00311766,0.00167162,0.00983639,0.00285472,0.00177596
0.00517225,0.00362184,0.00279023,0.0200379,0.00507133,0.00337953
0.0238461,0.0159959,0.0169192,0.0653525,0.0175183,0.0269292
0.0232836,0.0149689,0.00684895,0.0417249,0.0100458,0.00974715
0.0116061,0.00803864,0.00311682,0.0192502,0.00511028,0.00632542
0.034005,0.0180349,0.0204747,0.0561934,0.0143589,0.0259178
0.0248811,0.0160882,0.0260676,0.102982,0.0270629,0.0166852
0.0267619,0.0177666,0.00937358,0.0649442,0.0161306,0.0263125
0.0281294,0.0179311,0.0113328,0.0545278,0.0144847,0.00800116
0.00948053,0.00678189,0.00592903,0.0296104,0.00697752,0.0103206
0.0155561,0.0104118,0.00540153,0.0319478,0.00887882,0.00183359
0.0258331,0.0172749,0.00777897,0.0357766,0.00864938,0.00831941
0.00874474,0.00634737,0.00332298,0.0131523,0.00396683,0.00147171
0.0220358,0.0152192,0.0103419,0.0337923,0.00887501,0.00676818
0.0141824,0.00923788,0.0035546,0.0238083,0.00710519,0.00476282
0.0113395,0.00738781,0.00435691,0.0205997,0.00453388,0.0051767
0.0345358,0.0227241,0.0296743,0.127689,0.03344,0.0585504
0.00953426,0.00654972,0.00417516,0.0396529,0.011374,0.0140176
0.0111029,0.00764486,0.00380601,0.0181611,0.00418181,0.00178261
0.0209207,0.0138298,0.00747744,0.0450186,0.0102327,0.00859896
0.00882447,0.00605255,0.00299148,0.0159731,0.00361036,0.0124253
0.0046639,0.00300198,0.0023647,0.0124496,0.00324086,0.0015886
0.0204749,0.0139145,0.00749806,0.029536,0.00825269,0.00602589
0.0138582,0.0088573,0.015405,0.0709599,0.0189889,0.0366829
0.0198569,0.0129147,0.0101792,0.0472203,0.0129944,0.0248526
0.0196984,0.0123533,0.0125471,0.066442,0.0169443,0.0244396
0.025174,0.0163927,0.0102428,0.0351631,0.0109715,0.0101287
0.0160134,0.01065,0.00631949,0.0209429,0.00436074,0.0047237
0.00453588,0.00331101,0.00215425,0.0259037,0.00448542,0.0254956
0.0162808,0.0108912,0.00558581,0.0262744,0.00689991,0.00750132
0.00658716,0.00427311,0.0026017,0.0117396,0.00123793,0.00487164
0.0146177,0.0102337,0.00514836,0.0226342,0.00508557,0.0105865
0.0162713,0.0113032,0.00532482,0.0194919,0.00555435,0.0040943
0.0110603,0.00733789,0.00463249,0.0281143,0.00709884,0.00335086
0.0114368,0.00790286,0.00510251,0.0171664,0.00499259,0.00601225
0.00933983,0.00677343,0.0070083,0.0235917,0.00597019,0.00692083
0.0108175,0.00748731,0.00328344,0.0138919,0.00510003,0.00540845
0.0150222,0.0103254,0.00578569,0.0234092,0.0054522,0.00680161
0.0184988,0.012495,0.0133103,0.0693558,0.0163573,0.00989751
0.0224272,0.0148349,0.0130464,0.0480089,0.0149284,0.0171893
0.0130056,0.00894025,0.0114867,0.0518232,0.0136425,0.022072
0.00795021,0.00598566,0.00427002,0.0162146,0.00439499,0.00530577
0.0271302,0.0185773,0.00985103,0.0279377,0.00634669,0.00793315
0.00637442,0.00423689,0.00330425,0.0146661,0.00169728,0.00458563
0.00777743,0.00520975,0.00575985,0.0106633,0.00374653,0.0026572
0.0218098,0.0146465,0.013326,0.0721131,0.0171965,0.0184509
0.0204601,0.0138939,0.00606558,0.039086,0.00896193,0.00654316
0.0102383,0.00701139,0.00552874,0.0229883,0.00568433,0.005688
0.00495263,0.00303762,0.00288907,0.0129656,0.00377626,0.00308656
0.0111001,0.00774273,0.00417642,0.0251642,0.00603941,0.00134431
0.0226248,0.0152065,0.00619244,0.0405524,0.0114512,0.0085732
0.0135927,0.00977772,0.00394589,0.0253682,0.00675073,0.00702153
0.00625655,0.00415632,0.00520929,0.0183837,0.0049495,0.00394904
0.0385142,0.0243515,0.0234003,0.0719062,0.0196509,0.0451914
0.0459122,0.0207406,0.0242268,0.138585,0.0349804,0.0243826
0.0429457,0.0199332,0.0209305,0.102271,0.022703,0.017095
0.00843687,0.0055656,0.00219954,0.0244175,0.00667379,0.00266235
0.039144,0.0251037,0.0116793,0.0587175,0.0136624,0.0203873
0.00426626,0.00323207,0.00207744,0.015313,0.00466194,0.00208278
0.0128225,0.00857529,0.00687874,0.0255939,0.00717684,0.00520872
0.00867591,0.00644575,0.00451818,0.0172627,0.00510878,0.00321146
0.0185947,0.012421,0.00665293,0.0384882,0.010036,0.00968274
0.00468489,0.00341948,0.00296187,-0.00312268,0.000498433,0.00569921
0.00967388,0.0067068,0.0083965,0.0241553,0.00653934,0.00813359
0.00555434,0.0035261,0.00507412,0.0182879,0.00348144,0.00380289
0.00886985,0.00584604,0.00563721,0.0334208,0.00887668,0.0116316
0.0107924,0.00744959,0.00652922,0.0360934,0.011097,0.00382653
0.0233006,0.0155369,0.0149454,0.0536688,0.0181117,0.0265258
0.0104334,0.0071837,0.003639,0.0187268,0.00309598,0.00527171
0.0455001,0.0219805,0.0250883,0.132579,0.0372444,0.0465409
0.0152718,0.0100468,0.00853208,0.0566499,0.0144907,0.0158865
0.0189913,0.0133307,0.00585252,0.0277174,0.00637982,0.0020586
0.0220031,0.0150994,0.0117658,0.0162768,0.00391563,0.0147512
0.0171846,0.0121259,0.00472784,0.0171493,0.00424145,0.0055332
0.00979514,0.00680967,0.00324842,0.0149891,0.00432393,0.0019936
0.0177732,0.012358,0.00510684,0.0183998,0.00354985,0.00596712
0.0121651,0.00803933,0.00387018,0.0295446,0.00754283,0.0048761
0.0288402,0.0183317,0.012829,0.0628986,0.0157715,0.0197084
0.0104323,0.00739798,0.00364408,0.0168546,0.00289424,0.0032526
0.0208464,0.0126836,0.00957831,0.02969,0.00791288,0.0109399
0.0157428,0.0104996,0.00816641,0.0295201,0.00723957,0.0048698
0.0635141,0.0347893,0.0460094,0.152033,0.0419772,0.0763174
0.0144017,0.00988549,0.00448334,0.021693,0.00674868,0.00457067
0.0132382,0.00898245,0.0100153,0.0600449,0.0167441,0.0125595
0.0243087,0.0156989,0.0132747,0.0686285,0.0194612,0.0242918
0.010509,0.00714259,0.00353962,0.0210768,0.00497243,0.00497872
0.00504078,0.00370395,0.00239646,0.019515,0.00452109,0.00181171
0.00699379,0.00455527,0.00220294,0.0154373,0.00315907,0.00546501
0.00600691,0.0040115,0.00177976,0.015501,0.00324289,0.000550622
0.0179362,0.0120273,0.020867,0.0952592,0.021726,0.0190104
0.0343767,0.0219693,0.0183929,0.0913289,0.02449,0.0321224
0.0111782,0.00749148,0.00581585,0.0344246,0.00772352,0.0108129
0.0435237,0.0278447,0.0119694,0.0458794,0.0135655,0.00718137
0.0259319,0.0168373,0.0280563,0.096785,0.0260502,0.0672074
0.0102597,0.00709147,0.0048506,0.0317302,0.00773904,0.0137749
0.00996052,0.00682124,0.00418175,0.0183167,0.00239568,0.00421024
0.00479097,0.00376395,0.00212183,0.0279606,0.00729822,0.0103845
0.0375168,0.024552,0.0180188,0.0223453,0.0031992,0.0164535
0.0244667,0.00927667,0.0088974,0.0619365,0.0146909,0.0225883
0.0156964,0.00709439,0.00613692,0.0335491,0.0064977,0.00928035
0.0310328,0.0182364,0.0106336,0.0486393,0.014631,0.0200953
0.0257016,0.0180435,0.00803372,0.0397679,0.0111889,0.0141145
0.0174499,0.0121315,0.00524934,0.0236361,0.00569144,0.00730256
0.00972129,0.00680786,0.0120801,0.0504508,0.0118331,0.0277012
0.0387716,0.0237638,0.0274226,0.0984522,0.0279009,0.0559351
0.0115074,0.00834753,0.00856439,0.036209,0.00987786,0.0135659
0.0368505,0.0230818,0.0181341,0.0845199,0.0217362,0.00976073
0.0220129,0.0144808,0.0107741,0.0138437,0.00284743,0.016915
0.0180574,0.0123583,0.0130798,0.0518121,0.013286,0.00693421
0.0252915,0.0165986,0.0147026,0.0824566,0.0196077,0.0254196
0.0163809,0.010963,0.0058564,0.0290599,0.00736419,0.00563261
0.0301544,0.0202371,0.00862116,0.0518971,0.0123114,0.00783033
0.0403541,0.0263458,0.0118448,0.0536017,0.0134386,0.00454355
0.0563089,0.0268733,0.060487,0.224614,0.0597117,0.115092
0.0179322,0.0121281,0.00793407,0.0394036,0.0077523,0.00354533
0.00598429,0.00413326,0.00305043,0.0184857,0.00522239,0.00685366
0.00437354,0.00342709,0.00278929,0.0167816,0.00349839,0.00235378
0.0072569,0.00511181,0.00321453,0.00676423,0.00295414,0.00261431
0.0078867,0.00538915,0.00322717,0.0185905,0.00541596,0.00501376
0.0132185,0.00878126,0.0155378,0.0831252,0.0199346,0.0547969
0.0351133,0.0216937,0.0229629,0.0669291,0.0171711,0.0117851
0.0112736,0.0074476,0.00488516,0.0233578,0.00649025,0.00510814
0.0238402,0.0156093,0.00835852,0.0361581,0.0096647,0.00717124
0.00761821,0.00539431,0.00438425,0.0295894,0.00829215,0.00403883
0.0248134,0.0164831,0.0089729,0.0289941,0.00893067,0.0107979
0.0489349,0.0279381,0.019682,0.106443,0.0265217,0.0466461
0.0391855,0.0162226,0.0109313,0.0606933,0.015954,0.0138929
0.0389769,0.0162968,0.0108815,0.0612425,0.0148405,0.0134069
0.0175917,0.0123675,0.00490816,0.0289021,0.00540966,0.00407596
0.0151876,0.0106691,0.00473267,0.021131,0.00608712,0.00353103
0.016292,0.0110648,0.00480512,0.020659,0.00720428,0.0217927
0.016734,0.0108671,0.00572854,0.0294552,0.00789344,0.00822644
0.0183483,0.0123952,0.00903016,0.0241334,0.00741805,0.00540203
0.00930602,0.00632788,0.00362897,0.0148651,0.00612973,0.00646118
0.00728216,0.00515947,0.00315737,0.0130103,0.00355435,0.00452167
0.0182559,0.0117889,0.0100634,0.0370374,0.00953058,0.00639788
0.016317,0.0105103,0.0383604,0.0960818,0.0247884,0.0248611
0.0228443,0.0157782,0.00792712,0.0443885,0.0144667,0.00673125
0.0410849,0.0245857,0.0158431,0.0995122,0.0251626,0.0415306
0.0321215,0.0203744,0.0214141,0.118282,0.0279545,0.0253359
0.0215291,0.014058,0.00803351,0.0428488,0.0094181,0.015373
0.00408332,0.00310333,0.0034497,0.0156597,0.00313815,0.00518366
0.0271546,0.0179447,0.00881479,0.0436024,0.0106641,0.0103501
0.0252275,0.0168002,0.00765717,0.0440908,0.0105445,0.00990513
0.016244,0.0111902,0.00488051,0.0203214,0.00563695,0.00901652
0.0187376,0.012742,0.00544426,0.0309354,0.00813773,0.00654577
0.0111103,0.00757752,0.0038974,0.0135772,0.00542599,0.0125714
0.0398892,0.0254088,0.0148212,0.0627467,0.015789,0.0126856
0.0286191,0.0185734,0.00741389,0.0367738,0.010785,0.00866045
0.0780585,0.0432127,0.067721,0.245385,0.0637012,0.0451007
0.00469421,0.00326513,0.00161979,0.018749,0.00372683,0.0043193
0.00947123,0.00625792,0.00261778,0.0160479,0.00379421,0.0014301
0.0148639,0.0103181,0.00485068,0.0254384,0.00565158,0.00933615
0.0278933,0.0171441,0.0117171,0.0516157,0.0142174,0.0317193
0.0198369,0.00791954,0.00858419,0.0452751,0.0114567,0.0298939
0.0198473,0.00795314,0.00852637,0.0454979,0.0115704,0.0302564
0.0333663,0.0215303,0.0089022,0.0516281,0.0123108,0.0100314
0.0505871,0.031546,0.0146168,0.0792968,0.0202863,0.0188819
0.0105011,0.00731144,0.00957893,0.0252143,0.00614554,0.0132723
0.0550008,0.0325746,0.0367673,0.125715,0.0308864,0.0161415
0.0253925,0.0157881,0.00846193,0.0380595,0.010671,0.01519
0.0120399,0.00620426,0.00394223,0.0151357,0.0024586,0.00522456
0.0192904,0.0132706,0.0105526,0.036331,0.00750338,0.0121753
0.00641013,0.00468953,0.00285426,0.0238817,0.00754777,0.0106277
0.00777387,0.00534269,0.00530251,0.0234564,0.00641882,0.00810721
0.0196426,0.0129595,0.00719581,0.0240193,0.00675083,0.00472561
0.0224527,0.0120927,0.010413,0.0434009,0.00927658,0.0216145
0.0345953,0.0231448,0.0141729,0.0698942,0.0185401,0.0124989
0.0420153,0.0265356,0.0271651,0.12631,0.029807,0.0268468
0.00621103,0.00425345,0.00309625,0.0127558,0.00330445,0.00116645
0.024732,0.0163755,0.00777445,0.048021,0.010101,0.0077374
0.00899789,0.00611492,0.00737267,0.0331827,0.0073766,0.0104583
0.00849452,0.00577465,0.00339795,0.0181963,0.00484904,0.00943879
0.021525,0.0140524,0.00661138,0.0341689,0.00991425,0.0105097
0.0314045,0.0197014,0.0102377,0.0590783,0.014624,0.0114001
0.0112669,0.00800347,0.00352383,0.0180164,0.00433501,0.00813436
0.00840841,0.00594349,0.00325762,0.0162883,0.00451286,0.00454158
0.00741313,0.00500725,0.00321482,0.0232141,0.00446613,0.00475153
0.0376043,0.0175286,0.0217258,0.105159,0.0260154,0.0327933
0.0131522,0.00928472,0.00388509,0.0338409,0.00807608,0.0115779
0.0135383,0.00898582,0.00495849,0.0241195,0.00658773,0.00732125
0.0236913,0.0150689,0.00797531,0.0426459,0.0131115,0.0348194
0.00602449,0.0042483,0.00283731,0.014376,0.00240584,0.00244418
0.0268294,0.0160118,0.0106956,0.0409764,0.0104793,0.0143936
0.016303,0.00865912,0.00650407,0.0253022,0.00536408,0.00675243
0.0590576,0.0325453,0.0335126,0.134447,0.033398,0.0345323
0.0382313,0.0239215,0.0118661,0.0542193,0.0124734,0.0108997
0.00689824,0.00492587,0.00228391,0.0192527,0.00569793,0.00693881
0.00479406,0.00360379,0.00148723,0.0225752,0.00596657,0.00495317
0.0435413,0.0215793,0.0251683,0.111365,0.0292222,0.0426158
0.0272881,0.017819,0.0214478,0.109194,0.0278988,0.0478933
0.0119943,0.00842989,0.00365325,0.0304779,0.00802427,0.0112729
0.0198939,0.0124663,0.00881659,0.0843743,0.0242237,0.0206636
0.0671899,0.0360479,0.0267243,0.151329,0.0353777,0.0495977
0.0286193,0.0182885,0.0202806,0.0953303,0.0266216,0.0380644
0.0162132,0.0111102,0.00567915,0.0172876,0.00490872,0.00984849
0.01621,0.0109045,0.00685131,0.041267,0.00809477,0.0086695
0.0169192,0.0113873,0.00430473,0.0228694,0.00592264,0.00507832
0.0243556,0.0160621,0.021156,0.0631969,0.0168554,0.0423802
0.0240559,0.0152626,0.0077543,0.026142,0.0086382,0.00497408
0.00617869,0.00456009,0.00233488,0.0124203,0.00636451,0.00900638
0.0274605,0.0178795,0.00812622,0.047838,0.0131714,0.0177729
0.0124939,0.00877734,0.00381007,0.0234294,0.00606316,0.00650073
0.0303582,0.0202421,0.0108932,0.0493737,0.011272,0.00916948
0.0252587,0.017449,0.00738167,0.040365,0.0107688,0.00470282
0.00597505,0.00421014,0.00326813,0.0164432,0.00526768,0.00370523
0.0438927,0.023217,0.0186632,0.0714713,0.0177116,0.0187288
0.0542426,0.0331321,0.0180949,0.0866448,0.0234495,0.0367177
0.0093753,0.0067118,0.00216002,0.0169177,0.00446094,0.00672417
0.0125649,0.00847609,0.0174274,0.0510546,0.014247,0.0300893
0.00788356,0.00557879,0.00309494,0.0256969,0.00734066,0.00671956
0.0221369,0.0150861,0.0100583,0.0686051,0.0162873,0.0244399
0.0201768,0.0136907,0.00367739,0.0382186,0.00909243,0.00759576
0.042598,0.027086,0.0146587,0.0388567,0.0094294,0.0141776
0.0179755,0.0114651,0.00606429,0.0330382,0.00877124,0.0228783
0.00596054,0.0041958,0.00251324,0.0138847,0.00453575,0.00708461
0.00868444,0.00361273,0.00361863,0.0255801,0.0079442,0.00694389
0.0140787,0.00892783,0.00539271,0.0428702,0.00903035,0.0044581
0.0159332,0.0104727,0.00935091,0.0319255,0.00823353,0.0122703
0.0280329,0.0183956,0.00934731,0.0342154,0.00949592,0.0239237
0.00764786,0.00494621,0.00298238,0.0140915,0.00321344,0.00212666
0.0114876,0.00759025,0.00437568,0.0133666,0.00471918,0.00364313
0.011559,0.00803581,0.00368333,0.0165379,0.00368881,0.0108544
0.00957131,0.00573762,0.00372172,0.0165931,0.00727212,0.00457422
0.0158245,0.010416,0.00738649,0.0342182,0.00783013,0.0129067
0.00686571,0.00468754,0.00269575,0.00997293,0.0033614,0.00362576
0.00588624,0.00426175,0.00140875,0.0171873,0.00656546,0.00697655
0.00670515,0.00456431,0.00269607,0.0126035,0.00401032,0.00645448
0.00868988,0.00588282,0.00350386,0.01694,0.00342276,0.00222652
0.00860471,0.00626389,0.00380371,0.0183209,0.00461706,0.00271863
0.0189588,0.0112127,0.0172947,0.0745733,0.0195553,0.0496603
0.0219876,0.0134586,0.00904465,0.0384285,0.00889972,0.0147239
0.0116082,0.00786054,0.00363132,0.0239865,0.00550848,0.00486299
0.0195515,0.0132187,0.0156571,0.0586817,0.0156925,0.0153072
0.0141102,0.00917722,0.0048175,0.0227774,0.00552968,0.0047543
0.0135062,0.00892836,0.00678696,0.00458691,0.000430204,0.00878916
0.027115,0.018194,0.00751629,0.041438,0.0113196,0.0075318
0.00418959,0.0030814,0.00123629,0.00952794,0.00311381,0.0019241
0.01157,0.00822245,0.00545343,0.0163365,0.00487037,0.00459739
0.00899974,0.00599613,0.00349274,0.0133522,0.00471974,0.00255641
0.0110324,0.00748328,0.00709676,0.0328632,0.00793598,0.00594938
0.0155,0.0108261,0.00473793,0.0183863,0.00665899,0.00496284
0.00966983,0.00672329,0.00291885,0.0264947,0.00586969,0.00309701
0.00645768,0.00518707,0.00515383,0.0123344,0.00218634,0.00353688
0.0217534,0.0145897,0.00980069,0.0499084,0.0157622,0.010271
0.00710556,0.00497696,0.00861353,0.0372209,0.00797276,0.00864446
0.0156063,0.0106541,0.00510262,0.035094,0.00682517,0.00308542
0.00966743,0.00645272,0.00255855,0.0112776,0.00302683,0.00233808
0.0218445,0.0146974,0.00870509,0.0386793,0.00779514,0.0129805
0.0276857,0.0179236,0.0271047,0.125269,0.0305468,0.0549589
0.0148544,0.0103693,0.00592004,0.0254846,0.00647102,0.00476729
0.014614,0.0100113,0.00634415,0.0377935,0.00992541,0.00755695
0.0123698,0.00880791,0.00909223,0.0389831,0.00767323,0.00378992
0.0326905,0.0212966,0.0170387,0.0671538,0.0166484,0.0216805
0.00989921,0.00660577,0.00327432,0.0137345,0.00253871,0.00474192
0.0119394,0.00803403,0.00387033,0.0215834,0.00418459,0.00786337
0.00715364,0.00473512,0.00319148,0.0175785,0.00374473,0.0063984
0.0254592,0.0166466,0.00555053,0.0393225,0.0105826,0.00427139
0.0106553,0.00739368,0.00498067,0.0278843,0.00691708,0.00789257
0.0159541,0.0112618,0.0054007,0.0247235,0.00507842,0.0032156
0.0161248,0.0105065,0.00503203,0.0311919,0.00729771,0.00781984
0.0165647,0.0109319,0.0167638,0.0596097,0.0163107,0.0282679
0.0236816,0.0134175,0.00604253,0.0346932,0.00725302,0.00716519
0.00600248,0.00406363,0.00221472,0.00914659,0.0021432,0.00304771
0.0267371,0.0170174,0.0127484,0.0375056,0.00953055,0.00931174
0.0484301,0.0288289,0.0273176,0.083604,0.020613,0.0404135
0.0210203,0.0140166,0.00664836,0.0300599,0.00598342,0.00794617
0.0108198,0.00722921,0.00416097,0.0268989,0.00559769,0.00376419
0.00690901,0.00470776,0.00768502,0.028735,0.00797216,0.0136776
0.0449295,0.0278468,0.0192907,0.14153,0.0365954,0.0192977
0.0162689,0.00719718,0.0126828,0.049106,0.012119,0.0145709
0.0173539,0.0075876,0.00997126,0.0349014,0.00671265,0.00887993
0.0588402,0.033986,0.030579,0.126842,0.0299249,0.0413845
0.00615376,0.00382465,0.00263118,0.0184988,0.00412561,0.00398605
0.00940641,0.00638626,0.00416391,0.0275404,0.00543094,0.00427219
0.0130529,0.00866984,0.00448214,0.0227098,0.00552448,0.00446372
0.00997608,0.00633802,0.0036463,0.0180092,0.00647971,0.00779692
0.00895092,0.00557043,0.00273609,0.0153529,0.00532309,0.00462326
0.00793578,0.00574404,0.00624107,0.037334,0.0110438,0.00902645
0.0053847,0.00373103,0.00299059,0.0173521,0.00413934,0.00214105
0.0322275,0.0217923,0.0125254,0.0456352,0.0122659,0.00527031
0.0381605,0.0227415,0.0226554,0.131367,0.0348056,0.0649681
0.00925466,0.0065486,0.00364075,0.0184655,0.00593529,0.00344615
0.0109098,0.00776903,0.00339315,0.021978,0.00503077,0.00871219
0.0205624,0.0134939,0.00710319,0.0304429,0.00766797,0.00537661
0.0254309,0.0140879,0.00870477,0.0404382,0.0109369,0.00832692
0.00504287,0.00327764,0.00287056,0.00982057,0.00317546,0.00341797
0.00578575,0.00388522,0.00269387,0.0175798,0.0047278,0.00338952
0.0158313,0.0107201,0.00588928,0.0171997,0.0054411,0.00245219
0.0204029,0.0138861,0.0059697,0.0308566,0.00817006,0.00846942
0.0145649,0.00997272,0.00295789,0.0143054,0.00478217,0.00144599
0.00992691,0.00686848,0.00389415,0.0206744,0.00524044,0.00784934
0.0330114,0.0221746,0.013899,0.0488795,0.014291,0.0131337
0.00820398,0.00579227,0.00196737,0.0146637,0.00233046,0.00622734
0.0311042,0.0209522,0.0109293,0.0315179,0.00851214,0.00349208
0.00704638,0.00496086,0.00223094,0.0125024,0.00266924,0.0093412
0.0106888,0.00741226,0.0044263,0.0194537,0.00560287,0.0052209
0.018606,0.0124773,0.0123617,0.0462977,0.0122038,0.00563283
0.00771245,0.00501535,0.00279032,0.0134045,0.00317211,0.00234584
0.0395766,0.0252441,0.0188909,0.0619075,0.0147679,0.0329038
0.0144169,0.010035,0.00499952,0.0141686,0.00543173,0.00599013
0.0160805,0.0109593,0.00448581,0.0254254,0.00835605,0.00320599
0.0259861,0.0113617,0.0303683,0.123576,0.0331777,0.0800335
0.00730894,0.00516699,0.00588865,0.0188113,0.00388263,0.00615197
0.0156984,0.0108283,0.00504265,0.0412453,0.0100049,0.0139496
0.0239509,0.0158155,0.00497231,0.0383774,0.010173,0.0134072
0.006232,0.00453599,0.00390818,0.022477,0.00578299,0.00447611
0.0195843,0.0131946,0.00799709,0.0210778,0.00739695,0.0107857
0.046449,0.0287587,0.0160381,0.0998491,0.0259507,0.031262
0.0135681,0.00936709,0.00688485,0.0326233,0.00804896,0.0103652
0.0283913,0.0179591,0.00836228,0.0412949,0.013249,0.0134547
0.0116929,0.00790142,0.00436969,0.0224416,0.00360497,0.00835586
0.0258131,0.0168763,0.0141362,0.0452683,0.0113711,0.010089
0.00671579,0.00446899,0.00266603,0.0183123,0.00492766,0.00345477
0.00774951,0.00541992,0.0024337,0.0177097,0.00386675,0.00377342
0.00666059,0.0046916,0.0019809,0.0189247,0.00492996,0.00524686
0.00847926,0.00617137,0.00268953,0.0233508,0.00498294,0.00562895
0.00828711,0.00591508,0.00888152,0.0219009,0.0083442,0.00432495
0.0170949,0.0117459,0.00588598,0.0290456,0.00539266,0.0030978
0.00661842,0.00442239,0.00333616,0.0159055,0.00478416,0.00379716
0.00597466,0.0043193,0.00579673,0.0314077,0.00888115,0.00799555
0.0160612,0.0108715,0.00569339,0.0291576,0.00714458,0.0101248
0.0180605,0.0121603,0.00945506,0.0433006,0.0112564,0.0158795
0.0401345,0.0248983,0.0144554,0.0719247,0.0186634,0.0230837
0.0104187,0.00736451,0.00549377,0.0239561,0.00718801,0.0106774
0.0114992,0.00750107,0.00367008,0.0241739,0.00472962,0.00209666
0.0215751,0.0142365,0.00748276,0.033782,0.00812785,0.00895022
0.0334099,0.0201916,0.0310229,0.114228,0.0302776,0.045029
0.0156717,0.0104872,0.00521272,0.0304416,0.00792971,0.00643112
0.0220053,0.0148359,0.0169403,0.0794588,0.0206572,0.0458251
0.0062328,0.00410876,0.00297888,0.0147082,0.00257486,0.00562875
0.0255603,0.0166615,0.0095614,0.0442078,0.0102719,0.00590862
0.0168323,0.0112139,0.0182338,0.0565843,0.014607,0.0124809
0.0226878,0.0143612,0.0319301,0.120307,0.0283194,0.0549381
0.0105279,0.00714562,0.00555918,0.0281301,0.00825985,0.00805552
0.0231189,0.0152276,0.006734,0.0391171,0.0107119,0.00634013
0.0165892,0.0112155,0.00559642,0.0182036,0.00509106,0.00304281
0.0603414,0.0360768,0.0165178,0.0702186,0.0163889,0.0159199
0.0133939,0.00905373,0.00427958,0.0246428,0.00643743,0.00762667
0.0156205,0.0106539,0.00532553,0.0261693,0.00783648,0.00543045
0.02498,0.016205,0.0175476,0.100976,0.0261468,0.0213947
0.0133616,0.00947217,0.00437522,0.0144172,0.00399977,0.00301268
0.0249119,0.0162395,0.0076824,0.0361595,0.00976844,0.0144786
0.00710652,0.00465793,0.0068399,0.0261139,0.00866306,0.00997518
0.0223127,0.0150788,0.00600426,0.00399839,0.00209543,0.00778904
0.0152737,0.0102994,0.00499498,0.0198303,0.00480382,0.00276059
0.0223868,0.0152217,0.00705165,0.0268812,0.00756498,0.00591221
0.00974599,0.00658596,0.00354561,0.0163783,0.00547639,0.00700335
0.00869707,0.00614654,0.00352012,0.00392239,0.00154794,0.0062834
0.0466603,0.0272179,0.0245566,0.111035,0.0301569,0.0423808
0.00506033,0.00351672,0.00222119,0.0153505,0.00413589,0.000520825
0.0236097,0.0161784,0.0186967,0.10083,0.0262442,0.0418706
0.0138534,0.00948521,0.00303522,0.0170727,0.0043699,0.00620403
0.049755,0.0203056,0.0189303,0.0804943,0.0194679,0.0370521
0.047273,0.01801,0.0173086,0.0616502,0.0126925,0.0352287
0.0118906,0.00796093,0.00425101,0.0260739,0.00555489,0.00725928
0.0244168,0.0161895,0.00896229,0.0539157,0.0126401,0.016038
0.0132752,0.00909256,0.00475692,0.0304185,0.00539969,0.00489673
0.0105877,0.00734452,0.00369785,0.0294501,0.0066801,0.00953497
0.0542279,0.0285275,0.050555,0.229609,0.0586969,0.0984129
0.015625,0.0110321,0.00619015,0.0257367,0.00909826,0.00373983
0.0100919,0.00680854,0.00435878,0.017146,0.00350462,0.00494489
0.0129581,0.00948141,0.00447245,0.0240099,0.00750398,0.00548664
0.0229582,0.0149712,0.0063183,0.0439204,0.0104617,0.00863868
0.0303022,0.0136225,0.0110212,0.0644977,0.0172686,0.0154081
0.0349337,0.0219872,0.0234235,0.103709,0.027593,0.0340775
0.00780689,0.0051981,0.00398903,0.0157055,0.00592799,0.00752526
0.00426139,0.00329403,0.025894,0.0474188,0.0129349,0.00908407
0.00773611,0.00529003,0.00281825,0.0219199,0.00542684,0.00431237
0.00677925,0.00450495,0.00205461,0.00375667,0.000683121,0.00487761
0.0100638,0.0065587,0.00477236,0.0471969,0.0121159,0.00999597
0.0327539,0.0217218,0.0108591,0.0448563,0.00993957,0.0104407
0.0291403,0.0194653,0.00982197,0.0527903,0.0137593,0.0121443
0.0203735,0.0135388,0.00997727,0.0482617,0.0141445,0.0171473
0.0140229,0.00993165,0.0102164,0.0350687,0.00946138,0.0148212
0.0115843,0.00826549,0.00443637,0.0268075,0.00529307,0.00980822
0.0167242,0.0113659,0.00672897,0.032961,0.00914865,0.00231633
0.0135155,0.00962495,0.00733082,0.0238789,0.00671064,0.0101881
0.0244266,0.0163198,0.00715528,0.0306343,0.00798902,0.00513834
0.0299398,0.015713,0.0125086,0.0682466,0.0185519,0.0141623
0.0186471,0.0132827,0.00627446,0.0358961,0.00895159,0.014276
0.0233704,0.0161647,0.0185563,0.0488366,0.0146071,0.016891
0.00576894,0.00385272,0.00292916,0.0182734,0.00419263,0.00279706
0.0336335,0.0224453,0.0133496,0.069146,0.0191515,0.0234642
0.00721474,0.00494467,0.0049289,0.0153907,0.0037009,0.00433979
0.023519,0.0158053,0.00627246,0.0291555,0.00748479,0.00462367
0.0173377,0.0120488,0.00621063,0.0287932,0.00588109,0.00974391
0.00912897,0.00616659,0.00617923,0.0254918,0.00786233,0.0135221
0.0397889,0.024648,0.0107984,0.0651487,0.0162158,0.00471979
0.0130797,0.00906946,0.00646572,0.0224596,0.0072279,0.00267472
0.0243931,0.0160703,0.010269,0.0303154,0.00668753,0.0120158
0.0122481,0.00825673,0.00438219,0.0195778,0.00578432,0.00345941
0.0167446,0.00742412,0.0071667,0.0482456,0.013058,0.0214579
0.0175859,0.00733896,0.00722036,0.0445403,0.0121003,0.0191386
0.00815925,0.00551233,0.00313893,0.00859393,0.0036098,0.003447
0.0320367,0.0200485,0.018659,0.105527,0.0289828,0.0383631
0.00999271,0.0070809,0.00392846,0.0157314,0.00409073,0.00727474
0.00780101,0.00573108,0.0030265,0.0131082,0.00385254,0.00488924
0.0114498,0.00776119,0.0052897,0.022933,0.00462044,0.00286486
0.00782797,0.00516528,0.00194297,0.0165029,0.00479895,0.00673494
0.0104729,0.00747938,0.00402873,0.0211889,0.00506543,0.00169004
0.0493153,0.0299035,0.0126284,0.080369,0.0194295,0.0373198
0.0194057,0.0130497,0.00829284,0.0393886,0.0107072,0.0159478
0.0048223,0.00356889,0.00245562,0.0117503,0.00304199,0.00249555
0.00797036,0.00539073,0.00359916,0.0160878,0.00548229,0.00333166
0.0181181,0.00783222,0.00868863,0.0421851,0.0111497,0.0101322
0.0179786,0.00753552,0.0076462,0.0347726,0.00702095,0.00799375
0.00852939,0.0060205,0.00328013,0.0122932,0.00385106,0.00304628
0.0539767,0.0325836,0.0164489,0.138009,0.0389133,0.0249255
0.00754672,0.00520542,0.00275726,0.0212493,0.00649434,0.00463415
0.0084328,0.00596799,0.00254706,0.0126042,0.00293603,0.00309001
0.0376305,0.0227983,0.022226,0.125125,0.0303507,0.0566509
0.0452295,0.0286859,0.016294,0.0530719,0.0126438,0.0177557
0.0253544,0.0172762,0.00911478,0.0437853,0.0115393,0.00894082
0.0310953,0.0206383,0.0126907,0.0500131,0.0136296,0.0309786
0.0148309,0.0104438,0.0161907,0.0518244,0.0113311,0.0131354
0.0196508,0.0133411,0.00544634,0.0270309,0.00671588,0.0111953
0.00681452,0.00490222,0.00306709,0.0166565,0.00346227,0.0023068
0.0116825,0.00792639,0.00752998,0.0294824,0.00987928,0.0149251
0.0111939,0.00739095,0.00482933,0.0268661,0.00646307,0.00639759
0.0149923,0.0099577,0.0063026,0.0186841,0.00553986,0.00451855
0.0272464,0.0179325,0.027529,0.108598,0.0287295,0.0832055
0.00686183,0.0044746,0.00184246,0.0168434,0.00581035,0.00347771
0.0112572,0.00772049,0.00329883,0.0234147,0.00588153,0.00145296
0.0103763,0.00719813,0.00535092,0.0311526,0.0060054,0.00218479
0.0191128,0.0129055,0.00802029,0.0585137,0.0179467,0.0271159
0.00965208,0.00661482,0.00395219,0.0128225,0.00297314,0.00221286
0.00726578,0.00529228,0.00226415,0.0240393,0.00585627,0.00738729
0.025105,0.0166433,0.00494123,0.0416843,0.0112671,0.0281741
0.019286,0.0131228,0.00533694,0.0254485,0.00695872,0.00326314
0.0128626,0.00683772,0.00651146,0.0347391,0.00913952,0.00884144
0.0277682,0.0183978,0.00704014,0.0418863,0.0105346,0.0277905
0.0207428,0.0142756,0.00730856,0.0298005,0.007832,0.0098313
0.0108665,0.00756767,0.00403234,0.0179277,0.00558627,0.00434753
0.0101646,0.00700798,0.00472444,0.0211838,0.00466987,-0.000128637
0.0322574,0.0215222,0.0121227,0.0498211,0.0116957,0.0107067
0.00752139,0.00515743,0.0037801,0.0158373,0.0027689,0.00565852
0.0121199,0.00823662,0.0072005,0.0190782,0.00504305,0.0116574
0.0556581,0.0328954,0.0414677,0.194281,0.0445871,0.0362126
0.0114676,0.0078702,0.00399891,0.0174359,0.00455377,0.00189888
0.031725,0.0207231,0.0109613,0.0503274,0.0138585,0.0237232
0.0117719,0.00792317,0.00390114,0.0210408,0.00483664,0.00637811
0.0297814,0.0199436,0.0112732,0.0815755,0.0239453,0.0284605
0.0304178,0.019305,0.00910627,0.0455507,0.0114079,0.0214651
0.0273724,0.0185686,0.0086933,0.053992,0.0153868,0.0205147
0.0390325,0.0254307,0.0138737,0.0782876,0.0196244,0.024082
0.0046439,0.00302392,0.00168963,0.0296129,0.0109022,0.0163989
0.0209639,0.0103773,0.00609822,0.0398334,0.0144312,0.0171193
0.0407274,0.0247977,0.0160027,0.0592039,0.0146063,0.0153609
0.0182559,0.012282,0.00607721,0.0330258,0.00546096,0.00743061
0.0208175,0.0137157,0.0119678,0.0503075,0.0129219,0.00951594
0.016591,0.0113722,0.00464353,0.0226112,0.00530483,0.00323767
0.0177217,0.0121571,0.00975845,0.0321881,0.00924864,0.0227832
0.00401793,0.00315115,0.00235765,0.00562544,-0.000458336,0.00168963
0.0207001,0.0139275,0.0116884,0.0617309,0.0140569,0.0252196
0.0189941,0.0124633,0.00642923,0.0232425,0.00638515,0.00637184
0.0127218,0.00855062,0.00413379,0.0277473,0.00648987,0.0221361
0.0367513,0.0218918,0.0264432,0.128895,0.0321281,0.0733848
0.00504762,0.00349873,0.00247437,0.0149549,0.00329636,0.00246036
0.0241466,0.015602,0.00896306,0.0375357,0.00960071,0.00636862
0.00645896,0.00460784,0.0021269,0.0342573,0.00888948,0.0183272
0.0358273,0.0225519,0.0130726,0.0868134,0.0237206,0.0379159
0.0149688,0.0103169,0.00399094,0.0260476,0.00363058,0.00523745
0.0221332,0.0111131,0.00936368,0.0278198,0.00926437,0.0105049
0.0311763,0.0171675,0.0117731,0.0277454,0.0075468,0.00881627
0.0183696,0.0122232,0.00747519,0.032123,0.0068746,0.00659243
0.00611008,0.00431046,0.00364274,0.0140167,0.00476438,0.00967006
0.00706384,0.00481431,0.00309162,0.015842,0.00449403,0.00659105
0.0616218,0.0373439,0.0192917,0.0730361,0.018158,0.0247948
0.0140821,0.0098217,0.00395311,0.0265872,0.00709178,0.00972601
0.0228633,0.0155915,0.00695783,0.0251679,0.00512939,0.0133827
0.0109405,0.00773271,0.00632002,0.0501146,0.0130228,0.018799
0.00834262,0.00565218,0.00343292,0.019715,0.00415019,0.0040019
0.0150973,0.0104712,0.00415684,0.026264,0.00505098,0.00478715
0.00771667,0.00533652,0.0039621,0.0119474,0.00234555,0.00279062
0.0100143,0.00673651,0.00559072,0.0331829,0.0072965,0.00201417
0.0248228,0.0163837,0.00966318,0.0486823,0.0129899,0.00514779
0.0135576,0.00891065,0.00373368,0.025502,0.00454917,0.00363663
0.00680418,0.00458014,0.00324677,0.0153313,0.00372506,0.00474867
0.0054426,0.00390545,0.00269075,0.0156738,0.00326839,0.0021124
0.00494783,0.00364812,0.0019523,0.0128937,0.00493467,0.00295369
0.0253385,0.0175891,0.0111854,0.0345377,0.00738051,0.00930999
0.0469225,0.0286896,0.0182088,0.0987401,0.0250828,0.0498263
0.017234,0.0115681,0.0228614,0.107928,0.0274315,0.0146132
0.0397227,0.0267126,0.0147542,0.0573854,0.0142853,0.0158294
0.00925142,0.00619261,0.0030144,0.0178502,0.00481098,0.00413124
0.00752837,0.00526683,0.0045931,0.0177536,0.00379128,0.010105
0.0149393,0.0099754,0.0138734,0.0815722,0.0204899,0.0247819
0.0102094,0.00731788,0.00302631,0.019443,0.00422996,0.00198433
0.00699449,0.00458407,0.0030181,0.0127646,0.00282071,0.00310468
0.0166507,0.011805,0.00518537,0.0263241,0.0049375,0.00415888
0.0128295,0.00937874,0.005599,0.021106,0.00632314,0.00756567
0.0104469,0.00755423,0.00919335,0.0245924,0.00571762,0.00536342
0.0106126,0.00713458,0.0039358,0.0137257,0.00280297,0.00734046
0.0135971,0.00896638,0.00466122,0.0217024,0.00623262,0.00418814
0.0129707,0.00868913,0.00625575,0.024128,0.00740622,0.00532771
0.0160962,0.0114003,0.00989173,0.035098,0.00856982,0.0183602
0.0288616,0.0190955,0.00839635,0.0570406,0.0143214,0.00648292
0.0249899,0.0162608,0.0200828,0.0384917,0.0092423,0.0468384
0.0140757,0.00939656,0.00620182,0.0212122,0.00566462,0.00336189
0.0112177,0.00777119,0.00346263,0.0200983,0.00527193,0.00531613
0.012243,0.00851105,0.00541399,0.0267177,0.00520248,0.0045858
0.0119514,0.00806107,0.0164393,0.0767451,0.0184073,0.0287619
0.0102044,0.007318,0.00392156,0.0124372,0.00247107,0.00257811
0.011089,0.0075667,0.00914605,0.0486663,0.0127592,0.0104588
0.0118337,0.00843409,0.00471447,0.0256539,0.00664562,0.00526157
0.0358547,0.022747,0.0141881,0.0516494,0.0125479,0.0110162
0.0284689,0.018016,0.0193553,0.0890429,0.0225476,0.0348489
0.0332226,0.0220367,0.00952065,0.0525123,0.0138642,0.016122
0.0167224,0.0111096,0.00576481,0.0237796,0.00720274,0.0067978
0.0209951,0.0143825,0.00687316,0.0283425,0.00705308,0.00512073
0.0126259,0.00865098,0.00527307,0.0301552,0.00677023,0.0105393
0.0184728,0.0128926,0.00638665,0.0325194,0.00918067,0.0110582
0.0127146,0.00847051,0.0127743,0.073066,0.0193795,0.0162134
0.00988604,0.00679869,0.00607965,0.0276308,0.00669827,0.0162728
0.0184094,0.0123605,0.0146414,0.087006,0.0236514,0.0413719
0.0134505,0.00899999,0.0196102,0.0500834,0.0143403,0.00686063
0.0401844,0.0260617,0.0221689,0.109841,0.0285659,0.0228436
0.0150879,0.00970868,0.00577467,0.0335053,0.0109735,0.0114697
0.013825,0.00911674,0.004026,0.0278689,0.00552836,0.00434748
0.0104527,0.00697518,0.00334577,0.0183067,0.00650015,0.00501383
0.0147047,0.0101811,0.00359717,0.0264772,0.00612398,0.00850923
0.00849638,0.00600276,0.00336989,0.0140712,0.00510041,0.00658861
0.0364598,0.0223777,0.0112282,0.0771357,0.0186818,0.0159932
0.0051045,0.0036613,0.00179534,0.00893781,0.00307149,0.00449863
0.0455682,0.0274957,0.0322971,0.108094,0.0256103,0.0347683
0.0165082,0.00979635,0.0104843,0.0455364,0.0112122,0.00551187
0.0176106,0.0120706,0.0116226,0.0548702,0.0148283,0.026243
0.00907834,0.00616823,0.00284515,0.0141917,0.0040386,0.00409406
0.0116811,0.00801216,0.00415613,0.012919,0.00284503,0.00331222
0.011026,0.00768595,0.00447827,0.0189007,0.00461306,0.00527685
0.00637038,0.00394408,0.00966184,0.0452768,0.011936,0.00412725
0.0289586,0.0187559,0.00847376,0.0381451,0.00857266,0.023603
0.0162673,0.0109821,0.00540636,0.0251628,0.00482324,0.00582976
0.0205639,0.0133725,0.00782792,0.0416294,0.0125631,0.00692981
0.0136607,0.00927509,0.00478408,0.0170237,0.00325649,0.0040828
0.0460997,0.0253829,0.0176533,0.0401823,0.00916777,0.0288272
0.057589,0.0299078,0.0217978,0.0329759,0.00570756,0.0344315
0.022479,0.0154823,0.00634441,0.0198031,0.00355681,0.00559959
0.0207949,0.0140086,0.00697653,0.0404649,0.0106859,0.00638774
0.0209856,0.0137991,0.0116896,0.00667336,0.00203815,0.0112492
0.00763371,0.00543816,0.00237533,0.0220161,0.00713104,0.00757316
0.0196838,0.0129467,0.00525145,0.030782,0.00843714,0.00987216
0.0258104,0.0175039,0.00966135,0.0286594,0.00979746,0.00865679
0.0307395,0.0179277,0.0264759,0.0967103,0.0235867,0.055505
0.0205367,0.0132898,0.0206921,0.0936798,0.0262553,0.0251583
0.0321361,0.013655,0.0224748,0.104492,0.0282496,0.0266122
0.0166907,0.0116369,0.0212173,0.107181,0.0300224,0.0313937
0.0149772,0.0104337,0.0049925,0.0212207,0.00672394,0.00675349
0.0266349,0.0171989,0.0105312,0.0393398,0.00908434,0.00665934
0.0155965,0.0105738,0.00478472,0.0337221,0.0101773,0.00498612
0.00836077,0.005855,0.00347317,0.0173581,0.00374973,0.00506821
0.0101096,0.00654266,0.00369193,0.0191761,0.00296523,0.00930331
0.00631098,0.00434294,0.00216943,0.0131919,0.00275509,0.00822301
0.00731524,0.00522866,0.00368952,0.0143081,0.00377155,0.00191183
0.0104322,0.00727751,0.00363454,0.0245716,0.00674691,0.00497834
0.0438232,0.0275672,0.012932,0.0594569,0.0151364,0.0130609
0.010975,0.00730057,0.0136524,0.0769436,0.0187564,0.0158764
0.0296833,0.0193085,0.0117816,0.025954,0.00775278,0.00810152
0.0092153,0.00640951,0.00413431,0.0235316,0.00514255,0.0038689
0.0491146,0.0310623,0.0158249,0.0796178,0.0161934,0.0102474
0.0126834,0.00906225,0.00495363,0.0145763,0.00439411,0.00590859
0.0105813,0.00757231,0.00374524,0.0166467,0.00461745,0.00995242
0.0149066,0.00999703,0.00416752,0.0238067,0.00678245,0.00309244
0.0160169,0.0109985,0.00437789,0.0181074,0.00455672,0.0101517
0.0332584,0.0208612,0.00951585,0.0399372,0.00916954,0.0168117
0.00695973,0.00454287,0.00168044,0.0258976,0.0079499,0.0164432
0.0101728,0.00697268,0.0041151,0.0183644,0.00550282,0.00540911
0.0284928,0.0191774,0.00846506,0.0451538,0.00951174,0.0223007
0.00841867,0.00610002,0.00541864,0.0309876,0.0109187,0.0166226
0.0161851,0.0113467,0.00522957,0.0269097,0.00929414,0.00699004
0.0103905,0.00722224,0.00756954,0.00906506,0.00230055,0.00957063
0.0219629,0.01464,0.00701307,0.0378702,0.0106002,0.0199313
0.00829718,0.00568021,0.00701407,0.062606,0.0158258,0.0166823
0.0139869,0.00963769,0.00336855,0.0239153,0.00622193,0.00472452
0.00649672,0.00400414,0.00256391,0.0137751,0.00541067,0.00510731
0.0312536,0.0208713,0.00846566,0.054474,0.0131544,0.00762321
0.00812546,0.00568432,0.00486583,0.0189161,0.00366041,0.00229896
0.0173338,0.0121171,0.0120545,0.0404214,0.0100705,0.00371979
0.0152481,0.0102198,0.00499494,0.01986,0.00712811,0.0219481
0.0439026,0.0255565,0.0128097,0.0768208,0.0192792,0.0129947
0.024603,0.0132617,0.0091523,0.0350862,0.00808348,0.00517933
0.00469752,0.00335173,0.00183028,0.0168088,0.00303976,0.0016506
0.00824786,0.00582743,0.00359289,0.0277132,0.0040387,0.0104937
0.0204033,0.0136762,0.00596124,0.0379699,0.00880043,0.00570261
0.0256415,0.0166837,0.00906736,0.0380899,0.010051,0.00369822
0.00903216,0.00612074,0.00931312,0.0309678,0.00774721,0.00436941
0.00454862,0.00313796,0.00241971,0.0142149,0.00444042,0.00319863
0.0281704,0.0195866,0.0185196,0.0719014,0.0171864,0.0113317
0.00902682,0.00619664,0.00416699,0.0148649,0.00352277,0.00404575
0.016331,0.0117806,0.00788675,0.0285804,0.00666282,0.00624172
0.00773787,0.00540815,0.00386318,0.0157507,0.00405339,0.00636117
0.00981293,0.00676811,0.0032183,0.0138674,0.00347683,0.00470108
0.00762677,0.00517457,0.00344749,0.00292102,0.00273687,0.00224337
0.00858302,0.00638592,0.00491272,0.018349,0.00488761,0.00623908
0.0223057,0.014737,0.0100697,0.0304832,0.0109929,0.00566715
0.0114013,0.00700616,0.00433308,0.0176063,0.00618125,0.00785031
0.0416395,0.0255404,0.0117406,0.0589251,0.0165207,0.0121479
0.0226627,0.0137613,0.00749958,0.0489201,0.0121214,0.0126204
0.0277908,0.0185302,0.00832571,0.041566,0.00817165,0.00982785
0.0132214,0.00888322,0.0039946,0.0191986,0.00472402,0.00551997
0.0306797,0.0199831,0.00739874,0.051659,0.0113389,0.0115792
0.010324,0.00693217,0.00385601,0.0104889,0.00280926,0.0093225
0.0125108,0.00802505,0.00321469,0.0248436,0.00510364,0.00654666
0.0201014,0.0133891,0.00714773,0.0368166,0.00759403,0.00771795
0.0341446,0.022299,0.00915552,0.0518498,0.0106582,0.00732699
0.0196303,0.0129209,0.00667378,0.031279,0.00889867,0.0128474
0.0304556,0.020225,0.0162299,0.0610109,0.0179931,0.0238459
0.0151855,0.010226,0.00816183,0.0547767,0.0159593,0.0223387
0.00714698,0.0051036,0.00162605,0.01474,0.00362958,0.00295067
0.023955,0.0165323,0.0106095,0.0605485,0.0151799,0.0184898
0.0120761,0.00818607,0.00568645,0.0240623,0.00504886,0.00597959
0.0798972,0.038666,0.109565,0.582408,0.150222,0.216068
0.00768146,0.00520547,0.00315667,0.0129128,0.00371948,0.00196638
0.00468783,0.00354287,0.00209912,0.00949791,0.00215174,0.000788848
0.00729935,0.00510251,0.00317228,0.0212463,0.00431415,0.00370476
0.00639626,0.00432689,0.00215671,0.0154122,0.00415859,0.00180589
0.0176923,0.0114159,0.00424523,0.0361695,0.0068903,0.0059608
0.0722728,0.0328471,0.0225832,0.05613,0.0138233,0.0240298
0.0513958,0.0309971,0.013601,0.0745461,0.0163957,0.0194566
0.0302187,0.0196744,0.00879328,0.0417014,0.0101635,0.00972573
0.0207046,0.0137185,0.013033,0.056527,0.0157495,0.0295282
0.0145355,0.00976942,0.0153017,0.0370659,0.00961399,0.00984881
0.027324,0.0167298,0.00836652,0.0384255,0.0105624,0.0217964
0.0168453,0.00645114,0.005545,0.0332032,0.00784935,0.00810468
0.0203974,0.0136417,0.00682657,0.0245115,0.00664023,0.00633944
0.0213914,0.0145409,0.00443815,0.0406529,0.0111159,0.00813553
0.0175785,0.0115761,0.00845152,0.0479252,0.0115381,0.00946214
0.00948159,0.0066792,0.0111756,0.0366312,0.0102819,0.0078637
0.0234737,0.0157089,0.00870355,0.024134,0.00607383,0.0132114
0.0102506,0.00737016,0.00353052,0.0213049,0.00427548,0.00228713
0.0143303,0.00970495,0.00597842,0.037282,0.00977133,0.0103577
0.0127333,0.00859917,0.00376067,0.0175222,0.00498168,0.00285545
0.00715117,0.00468509,0.00409763,0.0180921,0.0047521,0.0033375
0.0137685,0.00935551,0.00586844,0.0144139,0.00514148,0.00415503
0.0103441,0.00712257,0.0048084,0.00605974,-1.97774e-05,0.00488089
0.0273335,0.0174802,0.0086459,0.0430059,0.0111663,0.0132422
0.0218141,0.0139806,0.00699717,0.0347508,0.00844043,0.00799314
0.0092438,0.00598601,0.00663993,0.0359385,0.0076522,0.00439349
0.0110858,0.00782812,0.0044063,0.0132896,0.00559023,0.00581599
0.0135782,0.00932069,0.00488216,0.0153012,0.0042511,0.00305007
0.00616868,0.00435646,0.00490862,0.000600774,0.00122841,0.009021
0.0125158,0.00822456,0.003022,0.0206992,0.00615616,0.00487916
0.009351,0.00622073,0.00476154,0.0134906,0.00569408,0.0022341
0.0717006,0.0435932,0.0586286,0.196266,0.0515939,0.0553479
0.0168962,0.0114725,0.00869981,0.0521723,0.0142754,0.0268105
0.00551305,0.00414236,0.0028678,0.0110086,0.0044935,0.00307938
0.0512424,0.0281762,0.043912,0.177851,0.0454367,0.0648989
0.0334891,0.022244,0.0126305,0.0615746,0.0153144,0.00667168
0.0683193,0.0266498,0.0833542,0.424025,0.106505,0.137535
0.00883627,0.00591554,0.0101704,0.0290904,0.00933732,0.0116133
0.0160837,0.00958629,0.00731236,0.0308542,0.010111,0.00452045
0.0270096,0.01799,0.0094284,0.0419331,0.010214,0.0057274
0.0106825,0.00724649,0.00421402,0.01817,0.00530401,0.00628174
0.0164474,0.0118337,0.00536582,0.0218314,0.00664226,0.0113644
0.00928591,0.00648073,0.00411975,0.0204752,0.00512589,0.00645971
0.0122994,0.00847894,0.00285835,0.0304725,0.00646675,0.00585726
0.0100192,0.00600401,0.00311262,0.0215021,0.00363136,0.00895847
0.00752563,0.00345133,0.00212381,0.0143642,0.00202571,0.00261452
0.0758399,0.0338368,0.0221122,0.10663,0.0291459,0.0199429
0.0616269,0.0248922,0.0185884,0.0729567,0.0154458,0.012281
0.0171635,0.0115389,0.00552533,0.028691,0.00743986,0.00766168
0.0282319,0.0184911,0.00933437,0.0401483,0.00937206,0.0137107
0.011412,0.00773492,0.00625468,0.0383326,0.00984741,0.0272351
0.00648123,0.00426988,0.00348464,0.0188285,0.00456898,0.00396486
0.0111392,0.00786332,0.00387239,0.0113424,0.00401326,0.00395311
0.0222541,0.0149621,0.00839584,0.0353862,0.0106582,0.00979674
0.0264529,0.0174881,0.015369,0.0325578,0.00969759,0.0350641
0.0167638,0.0104341,0.00512309,0.0382429,0.0130996,0.00986036
0.0166493,0.0113275,0.00494858,0.0152893,0.00447312,0.00281029
0.01524,0.0105391,0.00688203,0.0296167,0.00391806,0.00390625
0.0252226,0.0166654,0.00775419,0.0414297,0.0101213,0.00580869
0.0137857,0.00946169,0.00453448,0.0309626,0.00745311,0.00712705
0.015533,0.010664,0.00644226,0.032214,0.00819827,0.010792
0.01966,0.013477,0.00526204,0.0407756,0.0110457,0.010612
0.00847513,0.00585453,0.00285743,0.0243363,0.00623116,0.0112301
0.0313969,0.0204645,0.0174261,0.0602206,0.0143595,0.0290984
0.0209448,0.0131972,0.0055295,0.0261016,0.00793839,0.0120349
0.02542,0.0163201,0.00944145,0.0297576,0.008495,0.0161901
0.00718158,0.00475388,0.00225696,0.0231938,0.00632507,0.00370872
0.0213826,0.0145242,0.0129538,0.0529842,0.0132133,0.00781799
0.00912426,0.00665922,0.00367974,0.0171323,0.00280287,0.00421461
0.00669222,0.00500773,0.00273961,0.0147155,0.00349426,0.00432765
0.0112076,0.00743146,0.00412643,0.0148815,0.00378362,0.0107264
0.00722541,0.0045631,0.00389314,0.0285068,0.00820597,0.00794066
0.0566808,0.0364284,0.0315507,0.16686,0.0455899,0.0868423
0.0148138,0.0104682,0.00787817,0.022008,0.00667863,0.0286491
0.0464016,0.0272657,0.0228922,0.0999178,0.0240678,0.0162636
0.0587723,0.0332882,0.0279114,0.104606,0.0248747,0.0341136
0.0328757,0.0214457,0.00849736,0.0396136,0.00918019,0.00579318
0.00643871,0.00454726,0.00542374,0.0247227,0.00685577,0.0120002
0.0368172,0.0222024,0.0578376,0.197936,0.050476,0.0814754
0.016372,0.0105829,0.0218414,0.0999905,0.0246214,0.0369146
0.00469634,0.00351348,0.00187679,0.00960965,0.00278273,0.00175065
0.0515567,0.030545,0.0219621,0.104528,0.0280092,0.0386594
0.0271947,0.0166174,0.0292221,0.116024,0.0296919,0.0654534
0.0134054,0.00924979,0.00388164,0.0292907,0.00827787,0.00936379
0.0154856,0.00890646,0.00546318,0.0279054,0.00955814,0.0155208
0.0310709,0.0191895,0.0142426,0.0897339,0.0233393,0.0495734
0.0325564,0.0199435,0.0130602,0.0609126,0.0153578,0.00709905
0.0171929,0.0110749,0.00485188,0.0315273,0.00754962,0.00629752
0.011307,0.0078998,0.00396817,0.0180972,0.00494935,0.00374357
0.0166853,0.0114633,0.00554401,0.0232936,0.00593305,0.00814975
0.0138728,0.00772094,0.0107029,0.0676553,0.0183291,0.0358413
0.0148647,0.00762573,0.0110873,0.066656,0.0177189,0.0346324
0.00669562,0.00483814,0.00298465,0.0151963,0.00447924,0.00902667
0.0705072,0.0370536,0.0473933,0.268363,0.0645026,0.0719328
0.0182214,0.0125423,0.00644787,0.0287799,0.010267,0.0112997
0.0132569,0.00887286,0.00400617,0.0209865,0.00715212,0.00348851
0.0334755,0.0211836,0.0131778,0.104232,0.0252322,0.0525333
0.0205859,0.00968301,0.00764446,0.0547831,0.0142013,0.00702981
0.02185,0.0144583,0.00591066,0.0476868,0.0103263,0.00644092
0.021978,0.0142991,0.0313052,0.132403,0.0340586,0.0730588
0.00627216,0.00448105,0.00268393,0.0168173,0.00361445,0.00376954
0.0174992,0.0123642,0.00639175,0.0181708,0.00483184,0.008812
0.00513682,0.00400158,0.00296785,0.0200957,0.00426798,0.00478411
0.0153795,0.0106416,0.00506311,0.0152823,0.00541542,0.00264423
0.0337539,0.0209215,0.021997,0.113891,0.0264181,0.0170953
0.0340706,0.0213692,0.0213692,0.108764,0.0303632,0.0461648
0.0107039,0.00656518,0.00402786,0.00932943,0.00153099,0.00814664
0.0195281,0.0131493,0.0067858,0.0324342,0.00901649,0.00455039
0.0124329,0.00856907,0.00524546,0.0208765,0.0048367,0.00172914
0.0146226,0.010289,0.00484475,0.0331741,0.00526749,0.00335932
0.0173704,0.0120321,0.00755915,0.00927117,0.000896187,0.00612567
0.0202373,0.0133974,0.0178038,0.0765109,0.0211667,0.0129798
0.00659901,0.00504165,0.00151292,0.0123497,0.00413602,0.00598358
0.0342465,0.0227313,0.024213,0.067279,0.0203263,0.0309479
0.0107874,0.00732142,0.00525452,0.0212882,0.00582717,0.0152992
0.0180917,0.0118449,0.00607053,0.0339349,0.00848011,0.00927141
0.00458611,0.00321623,0.00228405,0.0105221,0.00210049,0.00367386
0.00459958,0.00327005,0.00375981,0.014996,0.00364295,0.00187413
0.046962,0.0284751,0.0154822,0.0673241,0.0154329,0.0151906
0.0107771,0.00708714,0.00358913,0.00933428,0.00258247,0.00644831
0.0162096,0.0110052,0.0103339,0.0625846,0.014276,0.0234589
0.00733713,0.00503705,0.00328285,0.0254835,0.00496087,0.00303547
0.00617176,0.00463684,0.00313461,0.00883022,0.00161302,0.00335287
0.0567523,0.0314914,0.0519043,0.219103,0.0551486,0.0785228
0.00747512,0.00549179,0.00299882,0.00886732,0.00359023,0.00340834
0.0161767,0.0113272,0.00446224,0.0151841,0.00420757,0.00788945
0.0368455,0.0234512,0.0139237,0.0730945,0.0213137,0.0340192
0.00457404,0.00325945,0.00235368,0.00931119,0.0026178,0.00218493
0.0239828,0.0164788,0.0177143,0.0625867,0.0147722,0.0205391
0.016005,0.010867,0.00778519,0.0419116,0.0109788,0.00590178
0.00642666,0.00439886,0.00264901,0.0189925,0.00327248,0.011457
0.0180967,0.0125019,0.00590971,0.0062129,0.000116501,0.0119366
0.0266735,0.018098,0.0248964,0.0635519,0.0159642,0.0286701
0.0140238,0.00965296,0.00599008,0.0208804,0.00614149,0.0108826
0.013984,0.0100186,0.00452933,0.0152661,0.00303971,0.00203296
0.0156674,0.0109818,0.00595448,0.0382166,0.00902548,0.00761175
0.014488,0.0102818,0.0078922,0.03834,0.00799699,0.00676731
0.0383295,0.0218172,0.0432905,0.169951,0.0438189,0.0429957
0.0162158,0.0107668,0.0122949,0.0682485,0.0190011,0.00726113
0.0167231,0.0120493,0.00778073,0.0364497,0.00636384,0.00963212
0.0152658,0.010365,0.00415269,0.0219112,0.00553148,0.00434469
0.0235114,0.0153949,0.0131552,0.0588632,0.0143754,0.0224235
0.0075042,0.00530542,0.00253673,0.0131837,0.00330419,0.00352396
0.0309239,0.0190658,0.0220719,0.0981508,0.0248272,0.0508896
0.00750954,0.00530068,0.00213254,0.0147314,0.00669838,0.00533028
0.0247257,0.0160192,0.00726658,0.0340177,0.00713078,0.0128527
0.0199515,0.0132208,0.0134753,0.0608857,0.0148106,0.0155201
0.0254772,0.0163574,0.00778133,0.0265591,0.00770547,0.00921968
0.0165551,0.0109239,0.0203402,0.0623103,0.017587,0.0108294
0.00467311,0.00350078,0.00286037,0.0171443,0.00260653,0.00743498
0.0243804,0.0154516,0.0455186,0.113383,0.0333149,0.0802339
0.0135914,0.00925194,0.003788,0.0242205,0.00725262,0.00429339
0.00508799,0.00354611,0.00390608,0.0265344,0.00694873,0.00668658
0.0147947,0.0102309,0.00473593,0.0318632,0.00938137,0.0201076
0.00927144,0.00699326,0.00381602,0.0307748,0.00915909,0.0177072
0.0203847,0.0141761,0.00966773,0.0156258,0.00157863,0.0152303
0.0256561,0.0173263,0.00879376,0.0360389,0.00891266,0.0159492
0.0118179,0.00814932,0.00693478,0.0336935,0.00754483,0.045106
0.0103243,0.00736519,0.00353078,0.0147196,0.00607933,0.0160723
0.00981051,0.00701914,0.00539734,0.0306219,0.00881326,0.00479585
0.0232859,0.015128,0.00909771,0.067508,0.0177564,0.0241279
0.00863988,0.0061824,0.00251023,0.0206841,0.00398717,0.00288225
0.0132874,0.00948596,0.00683345,0.022551,0.00497325,0.00424825
0.0178882,0.0118168,0.00760981,0.0388533,0.0092872,0.00662838
0.0442486,0.0266909,0.0127304,0.0789585,0.0179178,0.0142537
0.0254325,0.0171298,0.0129126,0.0675007,0.0194447,0.0345138
0.00962656,0.00630104,0.00626464,0.024081,0.00585617,0.00685637
0.00608974,0.0040158,0.00240152,0.0187637,0.00402128,0.00169158
0.0172262,0.0113803,0.00594672,0.0297399,0.00608838,0.00466945
0.0069532,0.00482756,0.00349609,0.0187703,0.00437814,0.00652153
0.0559775,0.0322795,0.0329192,0.119305,0.0274849,0.0515945
0.00784508,0.00543731,0.00284659,0.0153084,0.00458537,0.00337603
0.0091185,0.00632815,0.00334741,0.0173241,0.0026403,0.00196218
0.0255194,0.0169621,0.0121422,0.0763795,0.0205948,0.0136903
0.0436476,0.0275109,0.0224177,0.0664909,0.0169761,0.019759
0.027006,0.0181666,0.0121832,0.0647445,0.0178805,0.0358266
0.029693,0.0187894,0.014931,0.0492723,0.0134727,0.0173992
0.0338394,0.0219374,0.015278,0.0884932,0.0218012,0.0325635
0.0278618,0.0179127,0.0112812,0.0590908,0.0160153,0.00939497
0.00715479,0.00499124,0.00951409,0.0258601,0.00758552,0.00943874
0.00718332,0.00482725,0.00501583,0.0201214,0.00706365,0.0113041
0.0217577,0.0133857,0.00906388,0.0507919,0.0157382,0.0255782
0.012854,0.00741655,0.00723173,0.034288,0.00908412,0.00989512
0.0169475,0.0116692,0.0095723,0.0206356,0.00523664,0.00538847
0.00557807,0.00379758,0.00237622,0.0187388,0.00389286,0.00660964
0.00484912,0.00328882,0.0019869,0.00137847,-0.000305599,0.00246805
0.00784042,0.00558064,0.00494988,0.012064,0.00339058,0.00149324
0.0068743,0.00477433,0.00196927,0.0187359,0.00323743,0.00413561
0.0185843,0.0127964,0.00613404,0.0166014,0.00423508,0.00824711
0.0177525,0.0121559,0.00654669,0.0290149,0.00713311,0.00210383
0.0324251,0.0207299,0.016813,0.079601,0.0189379,0.0345601
0.0110467,0.00752604,0.00616801,0.034165,0.00917643,0.0143294
0.025376,0.0168689,0.0129237,0.0556524,0.0166422,0.0230685
0.010409,0.00745013,0.00332415,0.0235379,0.00564215,0.00326698
0.00534849,0.00382699,0.00393964,0.0217597,0.00529258,0.00483287
0.0245284,0.0158321,0.0174008,0.0666706,0.0176052,0.0346932
0.0510668,0.0270159,0.0506645,0.23146,0.061938,0.109495
0.048173,0.0307605,0.00970162,0.0702976,0.0197966,0.0351784
0.01511,0.0104056,0.005647,0.0309099,0.00582679,0.00274133
0.00835927,0.00566856,0.00280058,0.024136,0.00574253,0.00502095
0.0307685,0.0194536,0.015439,0.0630421,0.0158962,0.0152142
0.0174104,0.0119863,0.00442924,0.0488189,0.0120024,0.00982406
0.0207998,0.0137235,0.0192727,0.0942125,0.023319,0.0394314
0.0218688,0.0146399,0.0210664,0.111541,0.0307526,0.0157568
0.00581862,0.00392389,0.00289717,0.0139342,0.00318345,0.0109153
0.0311698,0.0205256,0.0187699,0.074288,0.0198327,0.0384331
0.0348334,0.0233697,0.0140699,0.0337741,0.00978002,0.0145923
0.00837917,0.00402312,0.00447399,0.0318381,0.0113138,0.0086664
0.0183669,0.0112032,0.0116816,0.0888053,0.0227788,0.0104471
0.0129907,0.00952502,0.00342054,0.0175422,0.00508883,0.00587759
0.0121148,0.0083346,0.0048534,0.0277409,0.00602743,0.0147812
0.00831076,0.00571658,0.00390075,0.0195742,0.00435028,0.00276287
0.0247886,0.0167144,0.00909772,0.0272562,0.00544543,0.00938733
0.00955509,0.00658542,0.00137889,0.0212229,0.00541405,0.00525137
0.0316732,0.0205,0.0114488,0.0392763,0.00803876,0.00871117
0.0133667,0.00881734,0.0042915,0.012868,0.00354784,0.00434576
0.00739957,0.00511723,0.00285101,0.00999717,0.00269592,0.00175272
0.00776679,0.00544722,0.00390131,0.0104043,0.00349708,0.00413226
0.0137681,0.00926049,0.00482968,0.0319449,0.00803115,0.00608754
0.0122075,0.0085017,0.00729489,0.0252194,0.00565119,0.00926773
0.00875515,0.00625492,0.0173557,0.0626319,0.0159201,0.0285349
0.0115022,0.00803648,0.00429528,0.0262092,0.00538673,0.00216684
0.00695842,0.00512735,0.00439456,0.0126669,0.00172246,0.00858488
0.0168592,0.0114853,0.00574575,0.0281769,0.00704215,0.0099101
0.0151466,0.0102253,0.00338652,0.0369811,0.00841247,0.00780634
0.014314,0.00954673,0.0110886,0.0562065,0.0142326,0.0138177
0.0118068,0.0079364,0.00476449,0.0273931,0.00859264,0.0136218
0.0215899,0.0140557,0.00666115,0.0375854,0.00962477,0.00582658
0.033395,0.0215956,0.0114644,0.0297907,0.00737332,0.0186762
0.0118655,0.00844195,0.00416678,0.0239821,0.00643459,0.00918336
0.0259833,0.0174579,0.00748281,0.0309191,0.00818458,0.00805001
0.00935122,0.0067704,0.00477724,0.025889,0.00741643,0.0133202
0.00885824,0.00613607,0.00192516,0.0298715,0.00645095,0.00384872
0.0076263,0.00560807,0.00460317,0.0091248,0.000633747,0.00477344
0.00646174,0.0047841,0.0025678,0.0203347,0.00539498,0.00335329
0.014074,0.00946103,0.00394584,0.0265059,0.00638777,0.00764699
0.00523062,0.00363179,0.00156901,0.00934038,0.00350782,0.00432578
0.0351741,0.0223754,0.00992808,0.0414293,0.0129315,0.0112973
0.0398386,0.0265859,0.0215135,0.073161,0.0201418,0.0263692
0.0163725,0.0113382,0.005345,0.0250854,0.00603124,0.0191279
0.0128722,0.00862022,0.024541,0.0643114,0.0172383,0.0196353
0.0084037,0.00596189,0.00209789,0.0264275,0.00476094,0.00621175
0.0315505,0.020533,0.0155697,0.0593559,0.0173831,0.0357247
0.00906446,0.00581234,0.00413439,0.0323215,0.00973504,0.0192178
0.00922036,0.0064516,0.00281887,0.018102,0.00476253,0.00187316
0.0158569,0.0100527,0.00691577,0.0540924,0.0114174,0.00805622
0.0111084,0.00725746,0.0077731,0.0410771,0.0101895,0.00422445
0.0242275,0.0160748,0.00707127,0.0382128,0.011201,0.011787
0.0161491,0.0104455,0.00611028,0.0301331,0.00831982,0.00610721
0.015978,0.0112385,0.00585839,0.0207519,0.00570806,0.00876869
0.00808895,0.00495953,0.00283432,0.0178281,0.0030244,0.00279638
0.0150871,0.00959117,0.00471239,0.0279873,0.00515279,0.00526429
0.0315598,0.0204004,0.00855044,0.0395142,0.0102686,0.0109011
0.0104046,0.00728673,0.00428191,0.0116747,0.00288121,0.00156667
0.00554418,0.00369514,0.00311371,0.0154627,0.00399676,0.00462039
0.0158431,0.0103516,0.00519351,0.0273944,0.0070037,0.00566554
0.00642703,0.00438416,0.00280889,0.0107957,0.00406118,0.00524326
0.0122443,0.00845854,0.00932548,0.0491842,0.0155732,0.0227797
0.0223817,0.0147458,0.00811645,0.0558917,0.0142909,0.0356972
0.0102083,0.00705246,0.00375933,0.0169353,0.00431962,0.00653841
0.0129121,0.00918983,0.00333469,0.0208476,0.00606875,0.00796572
0.0329995,0.0202349,0.0299553,0.158973,0.0400483,0.0288232
0.0204141,0.0129644,0.00816322,0.0495064,0.0132273,0.0109013
0.00650609,0.00478301,0.00261231,0.0143538,0.00463253,0.00565108
0.00799395,0.00521389,0.00550235,0.0324566,0.00964648,0.00469448
0.0108213,0.00769419,0.00577067,0.00909345,0.000302047,0.00374335
0.012017,0.00835585,0.00481159,0.0229771,0.00546998,0.00387736
0.00564968,0.00372048,0.00373932,0.0201685,0.00604174,0.00846944
0.0182731,0.0125087,0.00580444,0.0246754,0.00718108,0.016371
0.00479108,0.00326646,0.00218603,0.0125941,0.00250113,-0.000237774
0.00447187,0.00295629,0.00231357,0.0151296,0.00245982,0.00174456
0.00747947,0.00530954,0.00175041,0.0112956,0.00158065,0.0056973
0.00535017,0.00398368,0.0139553,0.0554933,0.0148827,0.0199941
0.0132138,0.00894878,0.00451636,0.0235427,0.00586931,0.0022817
0.0151792,0.00971006,0.0039645,0.0278665,0.00715648,0.0045843
0.0169306,0.0110865,0.00546072,0.0217044,0.00469348,0.00645736
0.0220056,0.0144285,0.00681542,0.0384096,0.0108773,0.00857793
0.0139544,0.00933191,0.0150128,0.0759095,0.0185467,0.0217731
0.0422152,0.0269613,0.028021,0.145584,0.0367736,0.0405589
0.005834,0.00400133,0.00263203,0.0161543,0.003688,0.00688323
0.0384342,0.0248206,0.0174668,0.0576159,0.0149364,0.0257305
0.0187343,0.0120977,0.00710712,0.0332534,0.00968009,0.00935022
0.0111795,0.00772104,0.0035358,0.0187548,0.00253643,0.0127292
0.028527,0.0128425,0.00931404,0.0435533,0.0121454,0.0129655
0.0251248,0.0106702,0.00787774,0.0348314,0.00980832,0.0089067
0.00465085,0.00353522,0.00667589,0.0167154,0.00630534,0.00889235
0.0219552,0.0147035,0.00781451,0.0306543,0.00904459,0.00417678
0.00473467,0.00368509,0.00437253,0.0144111,0.00497389,0.00160027
0.0058289,0.00431878,0.0047875,0.0213876,0.0059532,0.00209908
0.0284433,0.0193482,0.00913694,0.0386188,0.0116018,0.0138367
0.0330555,0.021235,0.0117551,0.0476928,0.0103029,0.00861233
0.0176772,0.0122758,0.00721291,0.0289566,0.00764057,0.015942
0.0441474,0.0273144,0.0182606,0.0673217,0.017713,0.00910386
0.024386,0.0164192,0.00838153,0.0333221,0.00704802,0.00841899
0.0445875,0.0237867,0.0244171,0.108485,0.029255,0.0121291
0.00791464,0.00545733,0.00249488,0.0093289,0.00301494,0.00337596
0.0234458,0.0153257,0.0177918,0.0859679,0.0218519,0.0232529
0.0201721,0.0139364,0.00776273,0.027422,0.00568867,0.00871993
0.0133699,0.00964033,0.00443595,0.0233675,0.00667814,0.00262011
0.015323,0.0106264,0.00439466,0.0286258,0.00947614,0.00544903
0.00726234,0.00505044,0.00274708,0.0151189,0.00297223,0.00241811
0.0174289,0.0118919,0.00507709,0.0208566,0.00452633,0.00836401
0.0146786,0.00943769,0.00830872,0.0584512,0.0149748,0.0113603
0.0104267,0.00717838,0.0103047,0.0588922,0.0153452,0.00844616
0.0278273,0.018468,0.00749011,0.0458537,0.010528,0.0158462
0.0258314,0.0170942,0.011312,0.0406341,0.0103953,0.00743735
0.00615663,0.00461714,0.00172722,0.0162591,0.00345715,0.000873426
0.0196184,0.0136227,0.00583732,0.0346905,0.00745491,0.00731482
0.00913635,0.00634593,0.00592706,0.00986706,0.00397453,0.00335283
0.0114711,0.00619578,0.00460677,0.0265802,0.00663641,0.00749084
0.0184195,0.0104145,0.00607811,0.0355325,0.00875021,0.0127163
0.0135243,0.00919274,0.0041982,0.0234674,0.00731487,0.0192766
0.0117255,0.0048597,0.00404672,0.0223179,0.00790663,0.0108888
0.0166805,0.00972175,0.00466464,0.0296494,0.00706704,0.00751952
0.0197069,0.0131464,0.00588207,0.0195928,0.00773275,0.00672004
0.0153208,0.0104848,0.00849514,0.0241609,0.00733661,0.00424354
0.00896893,0.00602284,0.00920623,0.0336466,0.0115258,0.0278882
0.00648852,0.00450717,0.00469344,0.0302955,0.0078167,0.0145119
0.0351877,0.0230656,0.00910925,0.0466856,0.0121183,0.00866906
0.0190059,0.0132682,0.0102579,0.0410265,0.00994444,0.0173137
0.0140875,0.0100384,0.0144317,0.057223,0.015412,0.0204092
0.0104791,0.00704972,0.00414581,0.020131,0.00399762,0.0118932
0.00476689,0.0036127,0.00284349,-0.000557851,0.00149162,0.00535961
0.00632523,0.00444906,0.00330802,0.00789459,0.00398022,0.00661066
0.0230323,0.0158819,0.0109673,0.0304074,0.00898268,0.0215841
0.0144051,0.0094908,0.00727186,0.0171938,0.00291079,0.00369752
0.0452176,0.0213124,0.0150629,0.0607812,0.0158894,0.0164589
0.00899453,0.00474418,0.00420529,0.0244737,0.0076906,0.0113881
0.0145316,0.00914705,0.00692312,0.0058974,0.00124564,0.0089501
0.053893,0.0333869,0.0158773,0.069772,0.0183488,0.0336547
0.0203124,0.0134557,0.00700634,0.0280619,0.00813757,0.00437644
0.0200689,0.0130923,0.00660198,0.0251576,0.00759115,0.0110363
0.0112593,0.00776472,0.00512436,0.0259428,0.0069711,0.00432844
0.0237207,0.0143766,0.00774642,0.0340559,0.0113567,0.00714087
0.0271396,0.0145328,0.00804011,0.0317697,0.0102137,0.00802669
0.0107113,0.00759984,0.00395325,0.0163957,0.0055963,0.0132033
0.00513641,0.00384257,0.00490768,0.0171969,0.00331967,0.00668261
0.0138196,0.00927837,0.00521205,0.0263874,0.00589173,0.00160712
0.00808591,0.00554667,0.00319768,0.0170435,0.00527779,0.00360121
0.0163581,0.0110773,0.00554961,0.0164833,0.00364838,0.00475252
0.0221901,0.015146,0.00811342,0.0283515,0.00824515,0.00800456
0.0511239,0.028141,0.0449787,0.185768,0.0482318,0.0476188
0.022409,0.0153152,0.00616028,0.0380814,0.0135435,0.0227099
0.0226111,0.0143995,0.011669,0.0708047,0.0202522,0.0211787
0.0312457,0.0141013,0.0166659,0.0818368,0.0209125,0.0159485
0.0332544,0.0209836,0.0137081,0.045605,0.0123169,0.0164019
0.0223789,0.0141399,0.00878983,0.0323879,0.0092196,0.0162116
0.011151,0.00772052,0.00321097,0.0117972,0.00445882,0.00573731
0.0272193,0.0179428,0.00709977,0.043469,0.0124085,0.0128118
0.0266728,0.0179374,0.00872041,0.0390494,0.0112434,0.0197123
0.0124814,0.00601708,0.00520531,0.027231,0.00826801,0.00741058
0.0122993,0.00600953,0.00533214,0.0257872,0.00796737,0.00728259
0.00636565,0.00453085,0.00164613,0.0180029,0.00499548,0.00260508
0.0303816,0.0198913,0.00880651,0.0388652,0.0101951,0.0146129
0.00810025,0.0053522,0.00240036,0.03465,0.00931219,0.00411942
0.0167576,0.0114487,0.00550225,0.0238724,0.00586836,0.00727849
0.0395352,0.0254326,0.0130219,0.0361112,0.0100505,0.00874325
0.0473251,0.0302671,0.0230044,0.0809571,0.023658,0.0343965
0.0177711,0.0122706,0.00632955,0.0232256,0.00555747,0.0194894
0.0150163,0.0104115,0.00389879,0.0332096,0.0100668,0.00994003
0.015584,0.0106583,0.010241,0.0230113,0.00739142,0.00879029
0.00384014,0.00307419,0.00368867,0.0194503,0.003916,0.00379467
0.00926207,0.00633389,0.00334116,0.0122103,0.00413461,0.00148567
0.0134085,0.00863653,0.020206,0.116702,0.0287106,0.0285146
0.0315941,0.0206149,0.0118506,0.0536847,0.013202,0.00449629
0.00500187,0.00366375,0.00209908,0.0176072,0.0051403,0.00091136
0.00861443,0.00563943,0.00364903,0.0132462,0.00386671,0.00325619
0.0287017,0.017988,0.0233671,0.0860803,0.0220897,0.0383259
0.044796,0.0283766,0.0308102,0.0901481,0.0221874,0.0318739
0.0224924,0.0100458,0.00706491,0.0522405,0.0130818,0.0121086
0.0391718,0.0242326,0.0159404,0.0923687,0.0226136,0.0430305
0.00763509,0.00540588,0.00210056,0.00604873,0.00253194,0.00569267
0.0131844,0.00893747,0.00406148,0.0175852,0.00544077,0.00943556
0.00576752,0.00407981,0.00243224,0.0185698,0.00428619,0.00293594
0.0247342,0.012489,0.0111544,0.0433558,0.0132617,0.01496
0.0242952,0.0124918,0.0108758,0.0380041,0.0122648,0.0146668
0.0152751,0.0107745,0.0049912,0.0268117,0.00786442,0.00841847
0.0194915,0.0131619,0.0091187,0.0524217,0.0137777,0.012616
0.00477,0.00321094,0.00154165,0.0170452,0.00441686,0.00151864
0.0296824,0.0190013,0.00824819,0.0237181,0.00689691,0.0159789
0.00981482,0.00663006,0.0031195,0.0213884,0.0061242,0.00459228
0.0221672,0.0146095,0.0191516,0.0661268,0.0174328,0.0253099
0.026639,0.0183763,0.0116159,0.0620779,0.01512,0.00693524
0.00788403,0.00536156,0.00402265,0.0170146,0.00528314,0.00540419
0.00758916,0.00547377,0.00291542,0.00861645,0.00389231,0.00808114
0.0221967,0.0144094,0.00670204,0.0512004,0.0126433,0.0101095
0.0401764,0.0238021,0.0170846,0.0452654,0.0115186,0.0177972
0.0119848,0.00809425,0.00393407,0.0132823,0.00336953,0.00639689
0.0283552,0.0174667,0.0146768,0.0891359,0.0221984,0.0239666
0.0283914,0.0187046,0.027467,0.0728499,0.0205449,0.0258624
0.0172459,0.0116724,0.0245454,0.125567,0.0337965,0.047725
0.0241696,0.0164022,0.00828541,0.050389,0.0128821,0.00693882
0.0173136,0.0110537,0.00667079,0.0310787,0.00871113,0.0121211
0.00618427,0.00441418,0.00218666,0.0162286,0.00439112,0.00316923
0.0350434,0.0228193,0.0134827,0.0472616,0.0112328,0.0151373
0.0074806,0.00489356,0.00328305,0.0155928,0.00455833,0.00800689
0.029878,0.0193376,0.0135805,0.0971928,0.024452,0.0144491
0.0321473,0.0209851,0.012743,0.0719561,0.020679,0.0229278
0.00542451,0.0037755,0.010016,0.0377082,0.011124,0.0121289
0.0114225,0.00756201,0.00365108,0.011245,0.00418073,0.00311209
0.00872806,0.00562895,0.00507479,0.0241932,0.00685494,0.0095234
0.0120138,0.0084547,0.00193257,0.0226249,0.0057858,0.00468394
0.0131878,0.00901013,0.00485891,0.022512,0.00485755,0.00235177
0.01668,0.0113276,0.00729451,0.0415357,0.00984649,0.0106147
0.0222756,0.0149564,0.00702138,0.0402928,0.011215,0.0107834
0.00833262,0.00553867,0.00352855,0.000661695,0.0010124,0.0049727
0.00802082,0.00545863,0.00534658,0.0343831,0.0099117,0.0106412
0.0131529,0.00848766,0.00357353,0.0180268,0.0050724,0.00829035
0.0237419,0.0154435,0.00727686,0.0381922,0.010887,0.0391823
0.056844,0.0297252,0.0434696,0.189746,0.049113,0.071912
0.014492,0.00916666,0.00458233,0.0219026,0.00628406,0.00478614
0.00932933,0.00488527,0.00366086,0.0144414,0.00188298,0.00287786
0.0194722,0.0132189,0.00684096,0.0225408,0.00628256,0.0203717
0.0093405,0.00596405,0.00273689,0.0179909,0.00632856,0.00927718
0.0315576,0.0201815,0.0109913,0.0718368,0.0184817,0.018703
0.00628382,0.00460631,0.00308106,0.0150555,0.00408251,0.00954952
0.00592237,0.00406801,0.00255114,0.00581044,0.0039921,0.00503075
0.0280231,0.0184139,0.0150194,0.0485564,0.0130854,0.0148156
0.0119972,0.00786605,0.0117616,0.074863,0.0184103,0.0185907
0.0292206,0.018805,0.0344763,0.12251,0.0320473,0.0278689
0.0129893,0.00862841,0.00327144,0.0221292,0.00592041,0.00802711
0.00620501,0.00425917,0.00256129,0.0114905,0.00370795,0.000966192
0.05021,0.0316538,0.0174575,0.0646441,0.0145632,0.0380231
0.0218624,0.0150244,0.0136164,0.0546815,0.0161434,0.00959005
0.0673606,0.0409919,0.0187719,0.125377,0.0294184,0.0134314
0.0102563,0.00683749,0.00328934,0.0155856,0.00475249,0.00855907
0.0274275,0.0178607,0.0420905,0.162183,0.0437465,0.04282
0.0137473,0.00889069,0.00924879,0.0609516,0.0141668,0.0161986
0.0529817,0.0303464,0.0238603,0.113856,0.0302489,0.0417913
0.0323333,0.0126034,0.0104552,0.0388462,0.00766689,0.0138561
0.0208822,0.0134064,0.00649953,0.0348407,0.00793774,0.00341813
0.0106907,0.00761676,0.0103761,0.0284389,0.0077511,0.0106753
0.00773567,0.00515935,0.00238954,0.0128741,0.00414659,0.00317781
0.0075227,0.0053734,0.0038065,0.0215943,0.00450627,0.00279543
0.00537815,0.00375045,0.00154152,0.00818431,0.00236143,0.0026699
0.0515666,0.0301714,0.0221281,0.0951526,0.0247395,0.0314096
0.00994584,0.00676738,0.00422634,0.0165565,0.0039997,0.00649304
0.0100071,0.00674562,0.00469152,0.0170361,0.00577012,0.00584378
0.0408792,0.0248812,0.0128457,0.0660617,0.0160031,0.0212972
0.0289205,0.0190114,0.0283362,0.0752779,0.0188483,0.015484
0.0142217,0.00970877,0.00505333,0.0198193,0.00601884,0.00799999
0.0146039,0.010157,0.00904841,0.0310384,0.00761606,0.014773
0.00605107,0.00386904,0.00322231,0.0200413,0.00455002,0.00313075
0.0115216,0.00778897,0.00390798,0.0284726,0.00605786,0.00770124
0.00524399,0.0034751,0.00223736,0.0152712,0.00334117,0.00386008
0.0244309,0.0161841,0.00744399,0.0423803,0.0114211,0.0110569
0.00660647,0.00466613,0.00346093,0.017085,0.00272569,0.00164467
0.0108322,0.00749023,0.00614159,0.0444088,0.0103019,0.00635567
0.00618113,0.00415672,0.0028705,0.0139426,0.00401635,0.004728
0.00739529,0.00530182,0.00330156,0.014693,0.00492709,0.00579138
0.0223458,0.0154104,0.00705378,0.0356941,0.0087179,0.00431918
0.0135144,0.00909542,0.00538634,0.0215196,0.00578416,0.00700023
0.0106376,0.00685347,0.0037333,0.0104551,0.00231733,0.00173519
0.0134766,0.00926296,0.00542707,0.0152691,0.00398303,0.00477035
0.00639189,0.00461313,0.002808,0.0168005,0.00357106,0.00558435
0.0108768,0.00752044,0.00358104,0.0167056,0.0043025,0.00845439
0.0164432,0.0110159,0.0129758,0.0467663,0.0118711,0.00311977
0.00470099,0.00321508,0.00257165,0.00886552,0.00313683,0.00311483
0.0128506,0.00885508,0.00493998,0.0352358,0.00838047,0.0122033
0.0407908,0.0195849,0.0188468,0.0815261,0.0197796,0.0233453
0.0412548,0.0151397,0.0185036,0.0595439,0.0120608,0.0139159
0.022164,0.00925226,0.00929113,0.0406473,0.0106713,0.00950471
0.0221678,0.00923273,0.00937674,0.0408156,0.00990545,0.00940814
0.00510833,0.00342197,0.00283211,0.0173203,0.00427773,0.000132641
0.0399926,0.0184115,0.0132447,0.0706892,0.0168519,0.0246703
0.0381161,0.0184334,0.0122231,0.0591894,0.0141527,0.0236651
0.0167919,0.0114214,0.00422145,0.0215036,0.00533093,0.0112484
0.0323499,0.0212304,0.0167472,0.0497495,0.0133576,0.023506
0.00789257,0.00577693,0.00264403,0.012251,0.00361396,0.00206336
0.045007,0.025612,0.0326495,0.0813209,0.0244803,0.0371962
0.0334007,0.0126556,0.0181031,0.0487404,0.0115377,0.0177567
0.0119512,0.00814304,0.00460252,0.0118184,0.00330303,0.00375435
0.00577107,0.00423281,0.00269868,0.0233216,0.00421119,0.00825365
0.0200997,0.0137678,0.0108994,0.0817373,0.0221781,0.0308722
0.0358551,0.0227031,0.029338,0.0850415,0.0215668,0.0128737
0.0141256,0.0095301,0.00494528,0.0130654,0.0031313,0.00239351
0.00979137,0.00690507,0.00374903,0.0188492,0.00405294,0.00441411
0.0223654,0.0148452,0.00925873,0.0564328,0.0133846,0.0266079
0.0610724,0.0358127,0.0438313,0.185809,0.046111,0.0586437
0.0121516,0.00831628,0.00501564,0.0310268,0.00630211,0.00265769
0.00593039,0.00419262,0.00159318,0.016758,0.00494889,0.00661064
0.0364333,0.0136041,0.0320391,0.111581,0.031056,0.0380276
0.0342287,0.0137137,0.0340348,0.100263,0.0266159,0.0303834
0.0276531,0.0159613,0.0127943,0.0605903,0.0149053,0.0119945
0.0167685,0.0069832,0.00602187,0.0246949,0.00533162,0.00403612
0.0292144,0.0123509,0.00854229,0.0624436,0.0182987,0.0338969
0.0345441,0.0145934,0.0102453,0.0713822,0.0176046,0.0317781
0.0109636,0.00725367,0.00339838,0.0321133,0.00673914,0.00304682
0.0242591,0.0162497,0.00976289,0.0498322,0.014899,0.0103592
0.00982212,0.00672516,0.00372738,0.0201719,0.00408367,0.00656132
0.013827,0.00903661,0.00525675,0.0163589,0.00549099,0.00403406
0.0311384,0.0199283,0.0144901,0.0624361,0.0153484,0.0356728
0.0215516,0.0141417,0.0222917,0.0997395,0.0271254,0.0514066
0.0260482,0.0168091,0.00821521,0.0564479,0.0160095,0.0179172
0.021981,0.0142559,0.0079687,0.0387153,0.00953359,0.00515454
0.0232292,0.0158572,0.00654396,0.0262216,0.00675045,0.0135084
0.0302289,0.0201596,0.00869512,0.0523765,0.0127681,0.0103667
0.007641,0.00506135,0.00292287,0.01643,0.00598386,0.00452916
0.0072387,0.00452903,0.00280592,0.0155374,0.00417772,0.000243878
0.0406302,0.0257978,0.0157508,0.0598984,0.0143073,0.0143493
0.00828653,0.00564589,0.0119387,0.0488267,0.0124061,0.0155533
0.0230985,0.0150828,0.00716943,0.0373592,0.00924677,0.0176343
0.0115658,0.00771264,0.00583774,0.0329779,0.00901795,0.00736488
0.026362,0.0177176,0.00783723,0.0378543,0.0130477,0.017941
0.0184898,0.0121354,0.006374,0.0310919,0.0104926,0.00582554
0.0136347,0.00917702,0.00432293,0.0176952,0.00440936,0.00787193
0.0213654,0.0138624,0.00896845,0.0405007,0.00948273,0.0049407
0.00698455,0.00480019,0.00261757,0.01317,0.00285427,0.00269461
0.0379561,0.020301,0.0474654,0.128693,0.0347275,0.051116
0.0231379,0.0156033,0.00600703,0.0324829,0.00695031,0.00397062
0.102775,0.0598651,0.0423445,0.153519,0.038813,0.0632116
0.00733199,0.00514924,0.00545039,0.00828901,0.0022319,0.000389678
0.0126407,0.00867408,0.0113348,0.0504886,0.0121509,0.0142143
0.0204895,0.0139138,0.0106789,0.0425662,0.0107754,0.013953
0.0171329,0.0114842,0.00547311,0.032956,0.00956602,0.0085832
0.0119539,0.00809495,0.00451263,0.0175113,0.00541396,0.0140935
0.0198721,0.0134065,0.0112592,0.0506456,0.014627,0.0125307
0.0505467,0.0291165,0.0291566,0.130461,0.0342047,0.0535019
0.0241209,0.0161008,0.00745099,0.0302673,0.00750974,0.00637847
0.0256891,0.0167928,0.0104879,0.046799,0.0126945,0.0103249
0.0209041,0.0141728,0.0245727,0.0677813,0.0193781,0.0186581
0.0330105,0.0215125,0.0195105,0.117673,0.0309841,0.0638011
0.0225993,0.0151271,0.00684972,0.0307578,0.00833204,0.00508764
0.0365425,0.0215931,0.0310189,0.138236,0.0371714,0.0550504
0.0198464,0.0136639,0.0105945,0.0395427,0.0105669,0.0164747
0.0379162,0.0231311,0.0304222,0.101911,0.0245234,0.0597085
0.0163088,0.0100633,0.0269635,0.0902883,0.0227282,0.0139327
0.00550563,0.00345458,0.00279517,0.00943849,0.0026483,0.00374119
0.00951147,0.00611168,0.00392962,0.0224344,0.00504273,0.0136845
0.0233198,0.0156424,0.0124527,0.0385068,0.00733496,0.00838643
0.00754333,0.00511415,0.00341237,0.0192261,0.00630027,0.00645166
0.00733421,0.00524658,0.00363676,0.0120884,0.00323562,0.00284961
0.0221726,0.0148171,0.00800342,0.0341381,0.00854301,0.0125991
0.015969,0.0109856,0.013423,0.0499728,0.0140033,0.0252977
0.00732763,0.00493316,0.0027966,0.0155273,0.00385552,0.00204964
0.0292248,0.0190929,0.00914878,0.0299281,0.00830653,0.00575284
0.0262899,0.017348,0.00855953,0.0542801,0.0131862,0.0131771
0.0350639,0.0225793,0.0143847,0.0519309,0.0141622,0.0200313
0.0169096,0.0108504,0.00636499,0.0285841,0.00785011,0.00384944
0.0162835,0.00929231,0.00698213,0.0290325,0.00849028,0.00551571
0.0274632,0.0182729,0.0101101,0.0660177,0.018684,0.0324592
0.0141287,0.00936124,0.00378379,0.0280959,0.00598624,0.00263961
0.010351,0.00696121,0.0042017,0.0139153,0.00591076,0.00186392
0.0366746,0.0225309,0.0158048,0.0696067,0.0179869,0.0175439
0.00631404,0.00432653,0.00385058,0.0118928,0.00336255,0.000602282
0.0224523,0.0144507,0.0167887,0.0861415,0.0208459,0.0138286
0.0205081,0.0141311,0.0122676,0.0407498,0.0127295,0.0155964
0.0365457,0.0228207,0.0252888,0.130108,0.0326172,0.0622242
0.0149638,0.009928,0.0168977,0.0967745,0.0232738,0.0280285
0.0237769,0.0161119,0.0217175,0.0792871,0.0213063,0.0436607
0.010683,0.00733359,0.00342543,0.0149125,0.00504689,0.00219587
0.0222384,0.0152806,0.00982921,0.0413842,0.0114836,0.0191169
0.0153721,0.0105711,0.00286038,0.0277724,0.00885661,0.00572902
0.0121558,0.00811313,0.00432646,0.0178629,0.00476089,0.00882494
0.0470164,0.0284778,0.0173054,0.095416,0.0250354,0.025363
0.0246124,0.0159095,0.00730334,0.0326683,0.0106804,0.0133238
0.0180105,0.00935393,0.00581426,0.0392762,0.0116035,0.00983702
0.0117188,0.00832632,0.00383911,0.0228383,0.00721741,0.00806238
0.00753722,0.00510643,0.003461,0.0141189,0.00322961,0.00799089
0.013868,0.010048,0.00821928,0.0479422,0.0135486,0.0341596
0.00746557,0.00509658,0.00349166,0.0163424,0.00206913,0.00143278
0.00772928,0.00500517,0.00310517,0.0173003,0.00369653,0.00316371
0.0262614,0.0173824,0.0241172,0.0900813,0.0204806,0.00809885
0.0172604,0.0113472,0.00659614,0.0249794,0.00697693,0.00834229
0.034746,0.0136286,0.0131002,0.085126,0.0222517,0.0175029
0.0519355,0.0275965,0.016933,0.0836294,0.0192143,0.0247119
0.0104328,0.00726333,0.00422672,0.031952,0.00750581,0.00537312
0.0117023,0.00815201,0.0114043,0.0272418,0.00746562,0.0173797
0.0101036,0.00696207,0.00286268,0.0214757,0.00431533,0.003873
0.0129125,0.00765737,0.00456252,0.021707,0.00601357,0.00495063
0.0328749,0.0190189,0.0150228,0.0619186,0.0148005,0.0113792
0.00774484,0.00536695,0.00396746,0.0149354,0.00275568,0.00227221
0.00601464,0.00433185,0.0012973,0.0227818,0.00591474,0.00327885
0.00891028,0.0060117,0.00640044,0.0283218,0.00684453,0.00555423
0.0216358,0.0146979,0.00973281,0.0213523,0.00653515,0.00558438
0.00815718,0.00560854,0.00363949,0.0162162,0.00334736,0.0025492
0.037415,0.0230096,0.0399561,0.139152,0.0364934,0.0451254
0.0338404,0.0218981,0.00927623,0.063694,0.0179775,0.00686721
0.0157619,0.0105623,0.00440565,0.0221705,0.00692029,0.00845736
0.0132657,0.00871648,0.00518484,0.0057411,0.00050601,0.0109537
0.0167821,0.0107507,0.00634128,0.0499988,0.013765,0.00496539
0.011409,0.0078717,0.00552449,0.0161759,0.00479361,0.010353
0.0286699,0.0187845,0.0150158,0.0641852,0.0177642,0.0479376
0.00560218,0.00374039,0.00147236,0.0119351,0.00302162,0.00479968
0.0210433,0.0137467,0.00655672,0.0322076,0.00739608,0.0125723
0.055122,0.0328091,0.0333669,0.146329,0.0377839,0.0647228
0.0429172,0.0259684,0.0184189,0.0806686,0.0208109,0.0438746
0.01455,0.00980426,0.00634669,0.0325311,0.00735659,0.00490809
0.0458169,0.0306941,0.0240612,0.105187,0.0269879,0.0777385
0.011992,0.00813676,0.00456923,0.021272,0.00685861,0.00677869
0.0242716,0.0161313,0.0112096,0.0407155,0.00866172,0.0169694
0.0136569,0.00927793,0.00465172,0.0149008,0.00461903,0.0119813
0.0190803,0.0127748,0.00590714,0.0411212,0.00995276,0.0134994
0.0149546,0.0103292,0.0111682,0.0501955,0.0116783,0.0287859
0.0146283,0.0101324,0.00567592,0.0248616,0.00597818,0.009157
0.0384361,0.0195964,0.01567,0.0598847,0.0177714,0.0150643
0.0336789,0.0163236,0.01259,0.0328813,0.0080895,0.0107947
0.00935849,0.0065399,0.00357629,0.0202322,0.00434935,0.0122821
0.0245733,0.0158427,0.0241708,0.0989616,0.0295464,0.0590922
0.0176159,0.0121194,0.00499587,0.0148483,0.00441534,0.0124952
0.015004,0.0105253,0.00563414,0.0241779,0.00663611,0.0156929
0.0182243,0.0126976,0.00720553,0.0280185,0.00906828,0.0075293
0.0101924,0.00726372,0.00828039,0.0251695,0.00542741,0.0121284
0.0132432,0.00914301,0.00440577,0.0180119,0.00215388,0.00222694
0.0391757,0.0141455,0.0132244,0.0624832,0.0137973,0.0131952
0.0381599,0.0140404,0.012634,0.0562059,0.0118093,0.0119928
0.0362417,0.0232777,0.014339,0.0726719,0.0177945,0.0124083
0.0124546,0.00880759,0.00451303,0.0227072,0.00489744,0.00409314
0.0358844,0.0239876,0.0189618,0.0813926,0.0217878,0.020746
0.0106457,0.00747776,0.00434921,0.0248052,0.00634407,0.00882855
0.00697735,0.00513626,0.00355543,0.0213507,0.00432496,0.00832468
0.0118419,0.0079512,0.00455408,0.0227903,0.0050265,0.00397045
0.00755784,0.00536113,0.00257989,0.0156985,0.00258787,0.0100391
0.015,0.010108,0.00264417,0.0354908,0.00966002,0.017582
0.0196542,0.0126572,0.0324237,0.114368,0.0329825,0.0812536
0.011288,0.00729509,0.00386788,0.024317,0.00588503,0.00259113
0.00957805,0.00706031,0.00407582,0.00288162,-9.0184e-05,0.00585536
0.0230186,0.0157746,0.00974737,0.0375904,0.00712634,0.00946728
0.0222554,0.014467,0.0108673,0.0494802,0.0129375,0.00799826
0.00846605,0.00360083,0.00364067,0.0223138,0.00459082,0.00260652
0.0138013,0.009686,0.00599347,0.0226568,0.00706015,0.00697874
0.0375236,0.0233449,0.0122622,0.0831098,0.0220068,0.013341
0.0132292,0.00763734,0.0105,0.0498231,0.0134547,0.013576
0.0208334,0.0140098,0.0168884,0.0594283,0.0143388,0.00624783
0.0310434,0.0197278,0.021315,0.0849985,0.02107,0.019548
0.0294579,0.0196948,0.0110803,0.0328419,0.0087984,0.00753321
0.0217349,0.0134163,0.0077165,0.045864,0.00968016,0.0114416
0.0201115,0.0129596,0.00653925,0.0246735,0.00692259,0.00493109
0.0173878,0.0114764,0.00907665,0.0627761,0.0151603,0.0319495
0.0302441,0.0208043,0.0144561,0.0503838,0.0126324,0.00756342
0.022005,0.0147936,0.01993,0.0806121,0.0208555,0.0263768
0.0091995,0.00647373,0.00444927,0.0146655,0.0032437,0.00590619
0.0433356,0.0281001,0.0167817,0.0546167,0.0156565,0.0203786
0.0103245,0.0072554,0.00399278,0.0115327,0.00343846,0.00395824
0.0255091,0.016284,0.0111151,0.0455575,0.0133895,0.0224464
0.0277695,0.0175926,0.00785033,0.0508094,0.0118655,0.0256281
0.0294357,0.0190724,0.00902322,0.0314506,0.00827119,0.00499304
0.00738145,0.00506113,0.00388431,0.0164838,0.00353231,0.00340859
0.0331201,0.020163,0.0161475,0.0651338,0.0181856,0.0321827
0.0365205,0.0201412,0.0167449,0.063958,0.0158014,0.0317682
0.0168296,0.0113838,0.00756893,0.0385286,0.00829992,0.00569439
0.0398363,0.017966,0.0164048,0.106872,0.0277475,0.0363585
0.0481636,0.0254294,0.0187381,0.106503,0.022842,0.0301318
0.0167382,0.0112622,0.00470868,0.0297842,0.00750029,0.00446744
0.0125451,0.00872921,0.00381203,0.0185243,0.00504443,0.00232428
0.033332,0.0199611,0.0274554,0.121025,0.0312269,0.0354273
0.0261936,0.017182,0.00910541,0.0387746,0.00991556,0.00963655
0.0142005,0.00974376,0.00400729,0.0185957,0.00439756,0.00572662
0.0241177,0.0154614,0.0177729,0.0849778,0.0244839,0.033495
0.0175015,0.0116807,0.00504422,0.0253601,0.00710361,0.0149612
0.0135824,0.00855635,0.0198143,0.090318,0.0234131,0.02917
0.00922786,0.00640658,0.00208025,0.0196639,0.00469957,0.00506765
0.0166833,0.0112017,0.00496417,0.0391191,0.00830323,0.005215
0.029089,0.0189387,0.0113191,0.0423556,0.0116742,0.00620126
0.0437873,0.0220601,0.0234449,0.102206,0.0280784,0.039376
0.0362383,0.0162454,0.0167174,0.0676862,0.017557,0.0284752
0.0126954,0.00703889,0.00448767,0.0274083,0.007076,0.00577594
0.0293381,0.0196182,0.010035,0.0483418,0.00952233,0.00813105
0.010448,0.00752276,0.0036064,0.0247091,0.00721839,0.00516195
0.00373964,0.00301426,0.0010048,0.00669371,0.00347625,0.00312439
0.0107544,0.00718616,0.00345144,0.0243866,0.00435162,0.00430197
0.0307556,0.019374,0.0105359,0.0752293,0.0180056,0.00803154
0.00746125,0.00526077,0.00395223,0.0118637,0.00327202,0.0057983
0.00949217,0.00656987,0.00407816,0.0174157,0.0038244,0.00225305
0.00662844,0.00513424,0.00224516,0.0191222,0.00497598,0.00315669
0.00430078,0.00307153,0.00253114,0.0150889,0.00422079,0.00403429
0.00766542,0.00519584,0.00559917,0.0139646,0.00421421,0.00437495
0.0182729,0.0124123,0.00666987,0.0157754,0.00430945,0.00524943
0.00937861,0.00657127,0.00422424,0.0204272,0.00513742,0.00233576
0.00883523,0.00568257,0.00282772,0.01999,0.00529538,0.000144377
0.0378627,0.0232495,0.0185307,0.0607301,0.0136038,0.0327106
0.0233679,0.00952273,0.0200834,0.0863689,0.0236859,0.0524791
0.0242129,0.00969521,0.0201907,0.0900757,0.0235165,0.0511559
0.0109426,0.00672563,0.00431367,0.0259873,0.00583213,0.00548508
0.0183242,0.0118262,0.00462761,0.0329771,0.00824581,0.0114326
0.0165451,0.00973795,0.00663765,0.00819032,0.00391614,0.00487711
0.00943024,0.00352901,0.00371715,0.0119862,0.004689,0.00261164
0.0147071,0.0100845,0.00790918,0.016085,0.00341564,0.0079294
0.0164279,0.011295,0.00591632,0.0293633,0.00795775,0.00836737
0.0462828,0.0290514,0.0130872,0.0733863,0.0189365,0.0245954
0.0297054,0.0191889,0.0106847,0.0369492,0.0107744,0.0167505
0.0240563,0.014957,0.00739815,0.0474331,0.0114369,0.00661721
0.00431858,0.00314729,0.00497317,0.0255164,0.00671311,0.00353553
0.0314153,0.0113641,0.00861556,0.0379212,0.0112205,0.00825526
0.0544162,0.0302324,0.0156106,0.0440075,0.00980812,0.0113016
0.00470603,0.00317785,0.0023364,0.00164879,0.000411967,0.00208229
0.013388,0.00906884,0.00754911,0.0473604,0.0108894,0.0311983
0.00903632,0.00586488,0.00337884,0.0200668,0.00465795,0.00943122
0.0255204,0.0100638,0.00916024,0.0651181,0.0167287,0.00742127
0.021278,0.0141202,0.00851392,0.0199961,0.00569494,0.0183617
0.0167021,0.0110375,0.00823116,0.0278939,0.00829728,0.00549083
0.0250008,0.0101943,0.0115591,0.0561202,0.0173847,0.0149476
0.0304276,0.0161986,0.0155651,0.0620095,0.016902,0.0213192
0.0579505,0.0268717,0.0267496,0.129046,0.0366787,0.0626482
0.00686964,0.00460066,0.00358487,0.0127458,0.00320232,0.00280679
0.0251859,0.0163381,0.00740122,0.0333805,0.00915236,0.0127179
0.0156399,0.010893,0.00503217,0.0298616,0.00637874,0.0105306
0.0387316,0.0213363,0.0125992,0.0506894,0.0133792,0.0115463
0.0234788,0.0152845,0.0295296,0.106608,0.0247943,0.0824459
0.0132883,0.00937238,0.00482363,0.0223699,0.00590757,0.00233002
0.0134852,0.00896567,0.00404921,0.016653,0.00441427,0.0278967
0.0312252,0.0193942,0.0168502,0.0924689,0.0233231,0.0666294
0.0143436,0.0099106,0.00426568,0.0224191,0.00506682,0.00445025
0.0254797,0.0171113,0.00885816,0.0382926,0.00905506,0.0124728
0.0112204,0.00782229,0.00559194,0.0246269,0.00531114,0.00187943
0.00781146,0.00540321,0.00228214,0.0120157,0.00316581,0.00111832
0.00646858,0.00434219,0.00233617,0.0184461,0.0043965,0.00516237
0.0109859,0.00758128,0.00440188,0.0253366,0.00668816,0.00302998
0.0191782,0.0134126,0.00681043,0.0192334,0.00362166,0.0142839
0.0426657,0.026259,0.0166593,0.0818657,0.0215872,0.013325
0.0266045,0.0173403,0.0155634,0.0573779,0.016456,0.0226041
0.00580344,0.003969,0.00172555,0.0237674,0.00579059,0.0102891
0.024099,0.0161741,0.012543,0.0419022,0.010153,0.0118761
0.0223054,0.0149381,0.00934312,0.0286287,0.0059499,0.0115863
0.00505564,0.00376919,0.00550018,0.0371512,0.00690807,0.00937883
0.0106925,0.00756452,0.00378289,0.0284613,0.00739761,0.00117872
0.0205034,0.0136579,0.0120468,0.0412958,0.00941333,0.0121277
0.0204261,0.0139385,0.00627569,0.0280743,0.00656251,0.00309371
0.0147818,0.00854018,0.00534297,0.0509069,0.0128115,0.00990472
0.0223474,0.0055155,0.00706672,0.046563,0.0127387,0.016196
0.0183238,0.00643354,0.005616,0.0314222,0.00881875,0.0125869
0.081636,0.041489,0.0433847,0.200386,0.0492623,0.035495
0.0206376,0.0133315,0.0112873,0.056703,0.0137798,0.0355704
0.00633242,0.00467105,0.00376393,0.0127809,0.00421075,0.00157793
0.00723934,0.00467943,0.00274909,0.00762785,0.00331316,0.00351929
0.0136019,0.00912456,0.00480077,0.0329493,0.00675381,0.00359377
0.0225461,0.0152302,0.0064769,0.00933326,0.00159258,0.00946254
0.0337278,0.0210051,0.0152645,0.080821,0.0230311,0.031381
0.0163977,0.0109941,0.00606966,0.0413982,0.00935647,0.00574011
0.00811401,0.00547892,0.00329333,0.0114994,0.00409777,0.00318569
0.00807729,0.00542494,0.00425407,0.0110785,0.00470937,0.00127418
0.037515,0.0247163,0.0158072,0.0716068,0.0210879,0.0303424
0.00564491,0.00385631,0.00413554,0.0140336,0.00500534,0.00508978
0.0044142,0.00322934,0.00167616,0.0112069,0.00233037,0.00882353
0.0706125,0.0411406,0.0240154,0.0785955,0.0191236,0.0456671
0.0189487,0.0123268,0.00736021,0.0523227,0.0121403,0.0115424
0.0444455,0.027068,0.0221607,0.0871088,0.0251072,0.0245796
0.0215606,0.014228,0.0289165,0.131668,0.0370695,0.0988719
0.019374,0.0129315,0.00700254,0.029112,0.00826177,0.00858653
0.00641456,0.00415695,0.00383049,0.0118964,0.0047521,0.00365395
0.0130738,0.00883984,0.00398718,0.0210913,0.0054064,0.00762884
0.0163234,0.0104959,0.0154671,0.0812061,0.0198041,0.0229801
0.0470211,0.0272685,0.0323153,0.139891,0.0374542,0.0562363
0.0255399,0.0157265,0.00799558,0.0373268,0.00743772,0.0153493
0.0062934,0.00443943,0.00525399,0.0281853,0.00765736,0.0195653
0.0171848,0.0114335,0.0144696,0.0947504,0.0266756,0.0262832
0.0183504,0.0119637,0.0156091,0.0694411,0.0172927,0.0212274
0.0381473,0.0229793,0.0213799,0.119435,0.0304924,0.0393621
0.0128489,0.0091257,0.00493748,0.026538,0.00643902,0.00712081
0.0136955,0.00963113,0.00324979,0.0207668,0.00743556,0.00463635
0.0169437,0.00833143,0.00690154,0.0340072,0.00807039,0.0108289
0.0147695,0.00924627,0.00818326,0.0606921,0.0134032,0.016915
0.0122536,0.00847894,0.00354957,0.0334376,0.0105842,0.0126325
0.0287552,0.0188861,0.00666305,0.0377219,0.00981038,0.00877036
0.00637481,0.00464953,0.00333202,0.0203685,0.00413649,0.00418585
0.00915837,0.00625128,0.00206695,0.020776,0.00469513,0.000699996
0.0127438,0.00843201,0.00586418,0.0287239,0.00598001,0.00899212
0.0182446,0.0119057,0.00504522,0.0323544,0.00708658,0.00665869
0.00966869,0.00674116,0.00375761,0.0095181,0.00289064,0.00603337
0.0165311,0.0105573,0.0108889,0.0657903,0.0189188,0.0171973
0.0155994,0.0108009,0.00488158,0.0296285,0.00623622,0.00452442
0.0134686,0.00863625,0.0170827,0.137606,0.0377677,0.088034
0.00668111,0.00518791,0.00416367,0.0184878,0.00405186,0.0137034
0.0184508,0.012199,0.0066513,0.0374571,0.00961682,0.00898289
0.0296407,0.0189489,0.0124074,0.0444138,0.0116636,0.0103946
0.0113538,0.00738874,0.00657561,0.0327839,0.00913193,0.00270789
0.0122895,0.0084348,0.00438929,0.0263967,0.00530975,0.00988035
0.0108084,0.00766381,0.00363425,0.0203509,0.00411043,0.00971083
0.0268831,0.0177063,0.0157854,0.0836131,0.0222819,0.0298921
0.0407051,0.01728,0.0152128,0.0810211,0.0181751,0.0397888
0.0127678,0.00835265,0.00311443,0.0343826,0.00851482,0.00300732
0.0110397,0.00760242,0.00312551,0.0186988,0.00450371,0.00441713
0.00774366,0.00563941,0.00268682,0.0166223,0.00576887,0.0105386
0.00708156,0.00489107,0.00202453,0.0181488,0.00590686,0.00605686
0.0324932,0.020298,0.0136185,0.058568,0.0158771,0.012303
0.00759664,0.00535279,0.003951,0.0205062,0.00497322,0.00422532
0.0196401,0.0128976,0.00487975,0.0275627,0.00662494,0.00856562
0.00629745,0.00444217,0.00256717,0.0098975,0.00457962,0.0043788
0.00716993,0.00496757,0.00402678,0.0120935,0.00182786,0.00448188
0.0225094,0.0153312,0.00833019,0.0593796,0.0144199,0.0227655
0.0225464,0.0140464,0.00922158,0.036973,0.00770315,0.0119173
0.0257987,0.0161601,0.0114549,0.0644579,0.0161779,0.0185702
0.0103477,0.00611437,0.00336919,0.0217396,0.00547928,0.00320666
0.0379541,0.0242653,0.0146324,0.0676833,0.0153606,0.00716672
0.0386668,0.0158295,0.0288762,0.135068,0.0367911,0.0513671
0.0400443,0.0163133,0.0274564,0.138054,0.0345061,0.0489581
0.015226,0.0107299,0.00391032,0.0357119,0.00737757,0.0101243
0.0173776,0.0120746,0.00421751,0.0377793,0.0106129,0.0215459
0.0294757,0.0197531,0.00810847,0.0523759,0.0139101,0.0125584
0.0142626,0.00955278,0.00507198,0.0306288,0.00599374,0.0050692
0.0237246,0.015656,0.00791067,0.0239896,0.0073639,0.00631486
0.0131828,0.00894793,0.00522514,0.019185,0.00496848,0.00511819
0.0334313,0.0210971,0.0212637,0.0921163,0.0263393,0.0568312
0.0108297,0.00732167,0.00394509,0.0153648,0.00386588,0.00504148
0.00787333,0.00553002,0.00393259,0.0168313,0.00547622,0.00858147
0.027911,0.0190002,0.0111543,0.0422731,0.012469,0.00707091
0.0211271,0.0142527,0.0115287,0.0462388,0.0110165,0.0114435
0.0134388,0.00907947,0.00579482,0.0264274,0.00500853,0.00617328
0.00852297,0.0058664,0.00482373,0.0305285,0.00973929,0.0068223
0.0141654,0.00988658,0.00453739,0.0180229,0.00605335,0.00530166
0.00674744,0.00429148,0.00303522,0.0153116,0.00420185,0.00199979
0.0096458,0.00608558,0.00407211,0.0160887,0.00453802,0.00455352
0.00722577,0.0039132,0.00308513,0.0144965,0.00342855,0.00354885
0.01269,0.00831331,0.00261475,0.0245732,0.00466757,0.0111035
0.013327,0.00895793,0.00626405,0.0422858,0.0113164,0.00348458
0.0471319,0.0294782,0.0134412,0.0533825,0.0162289,0.0293814
0.0249419,0.0161718,0.00905631,0.029635,0.00616745,0.00548626
0.0226133,0.0155265,0.00778612,0.0294247,0.00715697,0.00767651
0.0327668,0.0152568,0.0181386,0.0712341,0.0190162,0.0281589
0.00564719,0.00427793,0.00375202,0.0181219,0.00493967,0.00417861
0.00907387,0.00647668,0.00261406,0.0130607,0.00436957,0.00403545
0.0536833,0.027748,0.0675683,0.363169,0.0915502,0.16169
0.00638072,0.00418732,0.00233413,0.00244013,0.000893675,0.00296827
0.0211984,0.0142374,0.00755028,0.0332371,0.00713077,0.00315287
0.0214998,0.0142917,0.00921031,0.0149003,0.00341959,0.00904422
0.0242042,0.0161891,0.007976,0.0249336,0.00570417,0.00476657
0.0189138,0.0129922,0.00524533,0.032377,0.009172,0.00746608
0.0111646,0.00752078,0.00426951,0.0170454,0.0048412,0.00658503
0.0172864,0.0118613,0.00589226,0.0355485,0.00952049,0.00883022
0.0245849,0.0163813,0.0143301,0.0506279,0.0107946,0.0499717
0.012063,0.00824376,0.0039963,0.0274747,0.00557739,0.00636384
0.00772739,0.00517373,0.0015787,0.0165365,0.00465025,0.00283509
0.0160689,0.0111484,0.00790796,0.0386755,0.0115034,0.027139
0.0122398,0.00848418,0.0031891,0.0196626,0.00399276,0.00495511
0.0238692,0.0159323,0.0117767,0.0387655,0.0115609,0.0221012
0.0146978,0.0097454,0.0178756,0.054403,0.012979,0.0275942
0.0276691,0.0177343,0.0209114,0.085493,0.0205813,0.0209487
0.0107913,0.00743447,0.00300746,0.00981793,0.00511481,0.00796408
0.0180416,0.0120508,0.00896953,0.0466417,0.0128796,0.00697253
0.0181195,0.0119344,0.00638278,0.065153,0.0159563,0.0161822
0.0313793,0.0207645,0.00920672,0.0535269,0.0142507,0.0280195
0.0123081,0.00860428,0.00407383,0.016329,0.00655266,0.00360983
0.0230918,0.0121852,0.00947852,0.0301113,0.00864218,0.00870995
0.0224839,0.0122288,0.00939798,0.0294928,0.00710142,0.00917237
0.00888958,0.00626335,0.00431392,0.0207941,0.00512992,0.00476997
0.0242364,0.0157692,0.00934332,0.031803,0.00924511,0.00754389
0.0213303,0.0143577,0.00731793,0.0196173,0.00461352,0.00823062
0.0234335,0.0154645,0.00812805,0.0344283,0.00963221,0.00572544
0.00415309,0.00321189,0.0027363,0.012367,0.00332834,0.000905019
0.012318,0.00856038,0.00548265,0.0230713,0.00488344,0.00724958
0.0239887,0.0158201,0.0171864,0.0792957,0.0175248,0.0180422
0.00644044,0.00410895,0.00425744,0.017782,0.0030193,0.00715862
0.00454741,0.00335771,0.00232982,0.0127948,0.00388923,0.000763975
0.0133859,0.00917028,0.00462911,0.026767,0.00778956,0.0132207
0.00607915,0.00415117,0.00347992,0.0236113,0.00625685,0.0079526
0.0178929,0.0118686,0.00729955,0.0228833,0.00445087,0.00382906
0.0200107,0.0134484,0.00961986,0.0406619,0.0105042,0.0134113
0.0530759,0.025073,0.0614347,0.214674,0.0564867,0.0743032
0.0299621,0.0139906,0.0259045,0.0609481,0.0126874,0.0262375
0.0160709,0.0111927,0.0162342,0.10939,0.0283679,0.0207796
0.0390681,0.0251114,0.0114454,0.0620156,0.0164963,0.00922406
0.0124817,0.00854217,0.0042031,0.0202134,0.00534918,0.00205227
0.0413271,0.0261371,0.0491245,0.263674,0.0769148,0.178247
0.00880861,0.0062402,0.00289303,0.0188209,0.00545367,0.00487572
0.043226,0.0273948,0.0156641,0.0758472,0.0199311,0.0146723
0.0072321,0.00526178,0.00307869,0.00308103,-0.000112014,0.00890436
0.0307978,0.019111,0.0191293,0.100459,0.0293501,0.0399435
0.0140696,0.00930519,0.00679947,0.017146,0.00552992,0.00299673
0.0268623,0.0180236,0.00788792,0.0448771,0.00890173,0.0168309
0.0133392,0.00887303,0.0038316,0.0407241,0.01237,0.025199
0.0146306,0.0098154,0.00465978,0.0260172,0.00472575,0.00531193
0.0256401,0.0166857,0.00896774,0.0313274,0.00597882,0.00446974
0.0859602,0.0431923,0.0743482,0.244133,0.0614861,0.127392
0.0138922,0.00968863,0.0108536,0.0759186,0.0195216,0.0176799
0.00822221,0.00563415,0.00261249,0.0173901,0.00464966,0.00612704
0.0129135,0.00843142,0.00528144,0.0275443,0.00602514,0.00254066
0.0138337,0.00902786,0.00834509,0.032906,0.00816364,0.00690501
0.0139347,0.00934071,0.00461183,0.0281076,0.007693,0.0138819
0.0123553,0.00798367,0.00556436,0.0218201,0.00557743,0.00374217
0.0222984,0.0146792,0.00605169,0.0358215,0.00879747,0.0104071
0.0153619,0.0103427,0.0244902,0.0930883,0.0251356,0.0268673
0.0214781,0.014812,0.00663716,0.032047,0.00705464,0.00480122
0.00851221,0.00544777,0.00991628,0.0598923,0.0141676,0.0214406
0.0181439,0.0125498,0.00584121,0.0232714,0.00652372,0.00648631
0.026089,0.017618,0.0140671,0.0403356,0.012269,0.0436819
0.00773535,0.00558265,0.00407555,0.0167235,0.00395232,0.00523477
0.0120367,0.00849427,0.0037703,0.0225315,0.00408733,0.00342589
0.0149168,0.0104639,0.00399698,0.0198122,0.00628377,0.0111944
0.0418907,0.0278353,0.0211796,0.115381,0.0295506,0.0628874
0.00709754,0.00492249,0.00304764,0.011427,0.00198012,0.00287856
0.0051743,0.00379746,0.00251277,0.0138937,0.00297641,0.00526861
0.0832578,0.0313556,0.0589932,0.247129,0.0604014,0.116927
0.0398329,0.0213625,0.0182681,0.0617793,0.0137541,0.0276162
0.0238032,0.0161823,0.00761749,0.0286082,0.00785847,0.00575434
0.0160192,0.0113407,0.00827963,0.0287964,0.00737852,0.00990324
0.0424797,0.026973,0.0138732,0.0262803,0.00805218,0.0211744
0.0535441,0.0323889,0.025364,0.0942514,0.023538,0.0152129
0.0263896,0.0148558,0.00874413,0.0461655,0.0130874,0.0125994
0.0251604,0.0104552,0.00817523,0.032304,0.00812123,0.00673002
0.00990652,0.00650321,0.00400175,0.0194476,0.00332475,0.00709106
0.029345,0.0141181,0.0089962,0.0363285,0.00986825,0.010262
0.0209727,0.0143347,0.00760746,0.0343373,0.00765636,0.00707679
0.0135147,0.00922578,0.0107685,0.0575941,0.0142783,0.0139996
0.00684741,0.00484527,0.00240453,0.0121763,0.00401812,0.00389184
0.0354494,0.022035,0.0118975,0.0674932,0.0178268,0.0216732
0.0236414,0.0157553,0.00898754,0.0362148,0.00667649,0.0155119
0.0574245,0.0355875,0.0197964,0.0882456,0.0222164,0.0428148
0.00913114,0.00655599,0.00358734,0.0169666,0.00250218,0.00514694
0.012562,0.00900799,0.0039828,0.0208837,0.00432622,0.00352762
0.00947075,0.00658466,0.00321688,0.0127534,0.004107,0.00372165
0.01998,0.0133623,0.00829652,0.0440261,0.0119843,0.0113005
0.0174648,0.0115498,0.00682627,0.0337196,0.00930225,0.0130532
0.0112502,0.00764849,0.00492637,0.0197392,0.00496794,0.00254204
0.00776805,0.00435471,0.00479302,0.0164263,0.0051401,0.00649801
0.00729532,0.00441752,0.0049184,0.0117088,0.00357238,0.00384161
0.0138978,0.00961873,0.00652345,0.0178949,0.00464098,0.00284777
0.00931947,0.00656973,0.00346612,0.0171085,0.00524804,0.00378884
0.0175208,0.0120783,0.00510528,0.0235501,0.00375838,0.00475062
0.0146013,0.00989853,0.0049249,0.0239839,0.0075665,0.00187448
0.0433953,0.0253674,0.0217077,0.105662,0.0250547,0.0260953
0.0223617,0.0146492,0.0058407,0.0365679,0.0102809,0.00804227
0.0198298,0.0134532,0.009015,0.029461,0.00743998,0.00871821
0.0133911,0.00943514,0.0057912,0.0230388,0.00517271,0.00181041
0.0112252,0.00755962,0.00352562,0.0110091,0.00505157,0.00299342
0.0129184,0.00862195,0.00335553,0.026283,0.00474606,0.011687
0.0130989,0.00885737,0.0047532,0.0230245,0.00638788,0.00723568
0.008496,0.00624454,0.00340975,0.0203032,0.00427088,0.00154118
0.0152164,0.0107415,0.00787331,0.032197,0.0102042,0.00784333
0.0304888,0.0196762,0.0107599,0.0375249,0.00695204,0.0156026
0.022084,0.0145975,0.00580303,0.0308097,0.00699185,0.00786206
0.0157845,0.0105589,0.00690928,0.0435365,0.0106092,0.0103155
0.0143564,0.00965396,0.00387811,0.0314831,0.00608613,0.00502651
0.00726526,0.00522798,0.00577538,0.0246243,0.00668872,0.00637991
0.0122249,0.00818115,0.005472,0.0181962,0.00584352,0.00380357
0.0114235,0.00725718,0.00356407,0.0317368,0.00801273,0.0037196
0.00521785,0.00329369,0.00273343,0.0165559,0.0032529,0.00281828
0.0231343,0.0152883,0.00845569,0.0296806,0.00797295,0.0175028
0.0305861,0.0205851,0.00946862,0.0399927,0.00913947,0.0165827
0.017555,0.0118039,0.00514586,0.0189792,0.00491083,0.00403699
0.00441952,0.0032258,0.00162539,0.025485,0.00809184,0.00830225
0.044024,0.0274798,0.0159162,0.0809131,0.0193261,0.0216244
0.0176373,0.0118507,0.00651152,0.0278807,0.00877886,0.0118791
0.0103382,0.00746846,0.00417978,0.0307322,0.00724135,0.00211273
0.00825527,0.00595838,0.00359729,0.0166346,0.00246034,0.00540292
0.0103281,0.0071501,0.00383676,0.0167652,0.00430982,0.00245897
0.0486989,0.0237722,0.0172005,0.0870943,0.020058,0.0171507
0.0233426,0.015648,0.00630312,0.0209998,0.00388725,0.00523176
0.0129752,0.00867787,0.00435113,0.0243784,0.00532469,0.0045294
0.00644496,0.00402246,0.00271307,0.0202067,0.00221296,0.00279
0.00550481,0.00363773,0.00213844,0.0133753,0.00376188,0.0015615
0.03263,0.0203562,0.0162409,0.0895357,0.022393,0.021535
0.0057398,0.00402823,0.00236814,0.0127338,0.00684405,0.00118042
0.0101663,0.00734538,0.00380511,0.0195346,0.00617607,0.00425835
0.00844507,0.00587437,0.00371016,0.0128794,0.00294509,0.002449
0.0150465,0.0102324,0.00534877,0.0257659,0.00733174,0.0047527
0.0364089,0.0224528,0.0253653,0.0829536,0.0224456,0.0237212
0.0188028,0.012122,0.00482582,0.0337529,0.00885127,0.0238934
0.00939978,0.00630815,0.00386865,0.0151795,0.00535449,0.00260522
0.0110715,0.00733961,0.00498395,0.0409607,0.01175,0.015381
0.0167297,0.0112766,0.00657791,0.00924187,0.00176999,0.00813273
0.0192264,0.00765461,0.00890863,0.0228074,0.00814969,0.00508405
0.0193922,0.00778093,0.00881782,0.0232596,0.00803007,0.00437885
0.00687657,0.00462095,0.00291095,0.0157331,0.0025548,0.00526177
0.0108974,0.00558218,0.0071885,0.0425004,0.0110922,0.0119148
0.0113228,0.00755283,0.0042677,0.0205225,0.00584546,0.00362458
0.00874489,0.00615864,0.0035428,0.0160447,0.00391693,0.00311874
0.0134867,0.00906749,0.00498715,0.0167243,0.00518715,0.00124381
0.013719,0.00931196,0.00416761,0.0304349,0.00650652,0.00306048
0.00954204,0.00658328,0.00337024,0.0225168,0.00634249,0.00302051
0.0178496,0.0119596,0.0136986,0.0548455,0.0152221,0.0148202
0.0379463,0.0182546,0.0180556,0.104171,0.0254524,0.0258762
0.034669,0.017503,0.01591,0.0856694,0.0179753,0.0204582
0.0244322,0.0112565,0.00901317,0.0198587,0.00351173,0.00999295
0.0166703,0.0108019,0.00507402,0.0276671,0.00732383,0.0138112
0.0162642,0.0103075,0.00681719,0.0429303,0.0103508,0.00671133
0.0309696,0.0195419,0.0274996,0.113343,0.0294193,0.0274508
0.0336474,0.0217755,0.0105154,0.0419716,0.0116276,0.0234562
0.0273735,0.018584,0.00887254,0.0406283,0.0102529,0.00782758
0.00689169,0.00483093,0.002434,0.0221064,0.00638915,0.00339893
0.00580705,0.00391557,0.00277444,0.0173055,0.0030696,0.0050781
0.0195897,0.0131407,0.011036,0.0480144,0.0119165,0.0146073
0.00589744,0.00385621,0.00243073,0.015984,0.0026678,0.00312301
0.00500927,0.0034723,0.00194255,0.00819845,0.00149422,0.0071081
0.0225347,0.0153413,0.0152446,0.0483344,0.012031,0.0146279
0.00904406,0.00605117,0.00348342,0.0153219,0.00301897,0.00422612
0.0730207,0.0391409,0.0320166,0.0971842,0.0253929,0.0551498
0.0221102,0.0146776,0.00771855,0.0204926,0.00523115,0.0120466
0.0226177,0.0154758,0.00786659,0.0316322,0.00755215,0.00899466
0.00583527,0.00397109,0.00256915,0.00724966,0.003768,0.000778151
0.0118601,0.00773358,0.0032859,0.0256454,0.00556307,0.00470689
0.0110548,0.00792223,0.00726932,0.0285553,0.00826431,0.00725214
0.0217175,0.0140038,0.00852583,0.0268877,0.00852377,0.0127562
0.0451293,0.0271957,0.0135196,0.0586059,0.0126779,0.0123569
0.0143489,0.00972734,0.00580363,0.0344834,0.0111089,0.013228
0.0117578,0.00811137,0.00523681,0.031269,0.0067131,0.0125261
0.00628664,0.00463373,0.00240245,0.0138312,0.00275295,0.00535434
0.00664863,0.00442137,0.00301955,0.0185629,0.00439408,0.00562505
0.00710837,0.0051993,0.00301973,0.0138102,0.00487321,0.00224439
0.0119159,0.00839107,0.00347065,0.0164218,0.00342082,0.00491393
0.0433846,0.0279178,0.0243146,0.123435,0.0293223,0.015199
0.0120315,0.00836981,0.00421086,0.025519,0.00567397,0.000574193
0.0373313,0.0206168,0.0298312,0.157913,0.0413611,0.0812733
0.0135718,0.00924032,0.00436908,0.0147069,0.00353002,0.00515492
0.0406224,0.0253373,0.0196088,0.0731804,0.020353,0.0130074
0.0178521,0.0119198,0.0078362,0.0291118,0.00879557,0.00879635
0.00835774,0.00577518,0.00342535,0.010832,0.00356705,0.00439691
0.009982,0.0064298,0.00455189,0.0275397,0.0059754,0.00305854
0.0283651,0.0186345,0.0105149,0.04409,0.00963328,0.00917947
0.00743595,0.00499781,0.00228196,0.0206126,0.00616571,0.00300314
0.0213343,0.014606,0.00692737,0.0477406,0.0125279,0.0123005
0.0336757,0.0202697,0.0188053,0.0906074,0.0229716,0.0180215
0.0101965,0.00691524,0.00192117,0.0200549,0.00402175,0.00419979
0.00923639,0.00616854,0.00570512,0.0244525,0.00638254,0.0061284
0.0516334,0.0300577,0.044336,0.188794,0.0468569,0.0628979
0.0114005,0.00784225,0.00714034,0.026746,0.00740491,0.0033671
0.0102621,0.0071647,0.0124715,0.0226898,0.00565212,0.00310444
0.0196645,0.0134424,0.00549927,0.0310561,0.00832778,0.00677815
0.00901967,0.00589894,0.0175292,0.0468671,0.0119147,0.0103042
0.0116405,0.00790619,0.00418325,0.0253399,0.00480822,0.00176212
0.0272682,0.0177416,0.00909515,0.0294062,0.00730082,0.00462724
0.0307569,0.0200864,0.0155282,0.0514689,0.0127998,0.0262586
0.0261234,0.0173369,0.00594304,0.032934,0.010073,0.0128701
0.0172745,0.0118364,0.00646401,0.0271449,0.00745452,0.00493146
0.0143031,0.00975703,0.00692902,0.0246669,0.00530361,0.00513732
0.00638675,0.00442562,0.00362371,0.0174738,0.00409136,0.00419388
0.0140291,0.00981509,0.00602863,0.0151655,0.00387681,0.00408548
0.0215395,0.0140379,0.00891834,0.0358575,0.0106887,0.00687334
0.00431518,0.00306416,0.00282279,0.00110936,-0.000556709,0.00292416
0.0459327,0.025111,0.0272057,0.12266,0.0335085,0.0428867
0.0242475,0.0152382,0.0167296,0.0849456,0.021024,0.00704965
0.0241624,0.0163869,0.00507797,0.0411624,0.00862228,0.00801395
0.00919878,0.00587591,0.00445334,0.0154376,0.00437138,0.00336034
0.0250657,0.0164541,0.019602,0.093966,0.0236419,0.0341141
0.0218204,0.0141655,0.00778816,0.0484248,0.0106786,0.0234827
0.00560172,0.00392899,0.00246175,0.00916628,0.00319976,0.0025576
0.0227165,0.0158794,0.0138477,0.0423339,0.0133841,0.019714
0.020738,0.0137186,0.00591708,0.0370106,0.00842788,0.0133469
0.00968661,0.00645441,0.00341232,0.0180296,0.00478966,0.0023709
0.0116646,0.00791781,0.00314465,0.0212109,0.00652479,0.0194598
0.104238,0.0475786,0.0680635,0.302612,0.0766252,0.0999954
0.0480636,0.0299804,0.0144411,0.0546767,0.0127392,0.0229572
0.0135794,0.00878317,0.00402106,0.015389,0.00421588,0.00780057
0.0169458,0.0113781,0.00876063,0.0530226,0.013491,0.00791703
0.0300498,0.0178958,0.0436172,0.15713,0.0391074,0.0464436
0.0197781,0.0135321,0.00844849,0.0269249,0.00805693,0.00646107
0.00968017,0.00688376,0.00454996,0.0179925,0.00506555,0.0140481
0.0213183,0.0138275,0.00750999,0.0467427,0.0130228,0.00769035
0.0215103,0.0139413,0.0339292,0.0948723,0.0262061,0.0134686
0.00415591,0.00298055,0.00201449,0.0116322,0.00372156,0.00261319
0.0149777,0.0103059,0.00447594,0.0263051,0.00709052,0.01119
0.00567196,0.00387822,0.00255409,0.0161812,0.00400441,0.00230597
0.0168139,0.0112547,0.00500187,0.0207296,0.00673701,0.0141199
0.019053,0.0126407,0.00584009,0.0253324,0.00675818,0.00650042
0.0111882,0.00802058,0.0025696,0.0242397,0.00851149,0.0045097
0.0167809,0.00808148,0.00642329,0.0449028,0.0089849,0.00969227
0.0146122,0.00655478,0.00590281,0.0275652,0.00498992,0.00597935
0.011827,0.00789648,0.00205517,0.0277433,0.00641083,0.00380319
0.0130311,0.00849488,0.00514988,0.0272765,0.00740682,0.00519076
0.0270641,0.0150337,0.00971427,0.0399675,0.0117928,0.00965392
0.0233748,0.0157101,0.00513349,0.0356908,0.0109438,0.0105338
0.0162425,0.0113068,0.00569998,0.0332816,0.00895071,0.0054522
0.00989655,0.00704417,0.00508717,0.0259148,0.00645236,0.00704756
0.00654211,0.00443726,0.00330391,0.0176509,0.00427283,0.00163007
0.00877449,0.00647362,0.00388121,0.0163081,0.00520803,0.00946144
0.00881746,0.00579961,0.00449116,0.0248967,0.00384725,0.0192834
0.014739,0.00929387,0.00569001,0.0255585,0.0065399,0.00428396
0.00987147,0.00461753,0.00325212,0.012156,0.0030837,0.00191165
0.0119724,0.00837965,0.00337265,0.0182277,0.00486329,0.00898512
0.0184949,0.0126422,0.00448334,0.0261659,0.00635008,0.00520332
0.0266666,0.0173439,0.00918176,0.0416952,0.0100638,0.00932362
0.0218651,0.0149051,0.0119799,0.0399115,0.0104317,0.0240381
0.018211,0.0124991,0.00399658,0.0354977,0.00905868,0.00718452
0.00501191,0.00339587,0.00244138,0.0128803,0.00307273,0.00337623
0.021345,0.0140694,0.0144824,0.0815348,0.0196005,0.0120819
0.0169332,0.0114226,0.00465942,0.0305073,0.00680563,0.0041903
0.0102202,0.00698131,0.00362982,0.0161423,0.00383555,0.00670125
0.0196779,0.0131211,0.00455075,0.0300643,0.00737137,0.00984109
0.00912285,0.00649249,0.00532598,0.0223658,0.006406,0.003061
0.00900398,0.00624007,0.00353375,0.0132838,0.00399829,0.00647858
0.0273811,0.0115247,0.0160145,0.0920896,0.0281065,0.0358069
0.0312467,0.0151138,0.0152253,0.0943156,0.0235044,0.0423642
0.0121051,0.00818834,0.00426573,0.0285999,0.00529318,0.00995394
0.00639991,0.00480597,0.00597299,0.0193415,0.00441176,0.00469642
0.0276754,0.0184047,0.0176448,0.0867903,0.024087,0.0558562
0.028769,0.019681,0.0125511,0.0490084,0.0128865,0.0091466
0.00704598,0.00500122,0.00154464,0.0129131,0.00447335,0.00199669
0.0309845,0.0196128,0.0251333,0.120969,0.0343099,0.0618825
0.0118651,0.00857775,0.00455853,0.026513,0.00702111,0.011392
0.0227884,0.0144156,0.0200814,0.0991821,0.0265865,0.022831
0.00895726,0.00599672,0.00354673,0.0182745,0.00468281,0.00850373
0.00498814,0.00337659,0.00366688,0.0207307,0.00498548,0.0029162
0.022564,0.0121576,0.00816232,0.0333695,0.00981347,0.010457
0.0100265,0.0066858,0.00375315,0.0133016,0.00342072,0.00738545
0.031751,0.0212786,0.00835105,0.0310683,0.00690818,0.00867912
0.00853848,0.00559564,0.00318929,0.0260828,0.00496263,0.00778424
0.00522062,0.00396672,0.00193156,0.00409331,0.000899856,0.00453044
0.0366771,0.0146865,0.0127894,0.0781218,0.0192542,0.0126278
0.0136928,0.00940125,0.00549001,0.0126967,0.00245859,0.0069832
0.0195649,0.0133176,0.00736789,0.0195286,0.00564247,0.00806487
0.0141787,0.00959808,0.0150911,0.0701836,0.0172886,0.00719555
0.014183,0.00942028,0.00497226,0.0305286,0.00553748,0.00616203
0.0147644,0.00991007,0.00810893,0.049278,0.0120746,0.0125295
0.0435795,0.0226346,0.0189275,0.078316,0.0226843,0.0419212
0.0133869,0.00891193,0.0059661,0.0365762,0.00792675,0.0083153
0.0155243,0.0099111,0.00404499,0.0349355,0.0099988,0.0156353
0.0354273,0.0230491,0.0166098,0.0589891,0.0137934,0.023997
0.0188972,0.0126681,0.00550144,0.0192934,0.00486974,0.00337228
0.0287895,0.0186915,0.0224732,0.062478,0.0175054,0.00799718
0.0150647,0.00999579,0.00617228,0.0282962,0.00858955,0.0156949
0.0157181,0.0109313,0.00773719,0.0322539,0.00959249,0.00441779
0.0525479,0.029277,0.0179393,0.0818943,0.0228641,0.0392345
0.0104918,0.00761274,0.0038518,0.0173645,0.00414975,0.0095329
0.0280518,0.0178455,0.0110705,0.047498,0.0125624,0.0168148
0.0133472,0.00876183,0.00459883,0.0303517,0.00831824,0.0170718
0.016768,0.00824803,0.00750993,0.0518756,0.0134497,0.0152732
0.0410766,0.0238218,0.020466,0.121655,0.0307334,0.044279
0.00932666,0.00650891,0.00291146,0.0403141,0.0102265,0.00468653
0.0100168,0.00678693,0.00197735,0.0197414,0.00387134,0.00795681
0.0134121,0.00871397,0.00713548,0.0109248,0.000979634,0.0264826
0.0110849,0.00769458,0.0061939,0.0285159,0.00741936,0.00832637
0.0274651,0.0179806,0.00794085,0.0416363,0.00973026,0.0124734
0.0106045,0.00730018,0.00379461,0.0267762,0.00874011,0.0102591
0.00902414,0.0063633,0.00328188,0.0167713,0.00268742,0.00311921
0.0141446,0.00946182,0.00377747,0.0228556,0.00453532,0.00413391
0.0158186,0.0105607,0.00496808,0.0289604,0.00704011,0.00638074
0.00903707,0.00641695,0.00337187,0.0145263,0.00421119,0.00236064
0.0211772,0.0141715,0.00648059,0.0366592,0.0101075,0.0137567
0.0206593,0.00816322,0.00850293,0.0220163,0.00730356,0.00992996
0.0213296,0.0103284,0.00742095,0.0245585,0.00754131,0.00823006
0.00967596,0.00684664,0.00238421,0.0247648,0.00549431,0.0026811
0.00813724,0.00582024,0.0064441,0.0156392,0.00571123,0.00134989
0.00429161,0.0030541,0.00168942,0.011475,0.00443867,0.00829622
0.00816362,0.00576088,0.0030691,0.0506303,0.0169879,0.00184784
0.00886925,0.00599893,0.00432875,0.0217982,0.00564517,0.00698938
0.0393115,0.023542,0.0441709,0.199917,0.0542859,0.0660106
0.00564199,0.00396552,0.00285817,0.0094776,0.0021648,0.00200706
0.0058018,0.00418474,0.00291636,0.0112344,0.00208792,0.000674805
0.0231963,0.0154199,0.0176853,0.0581107,0.0172557,0.0110372
0.0296553,0.019947,0.0141887,0.0682929,0.0193886,0.0310803
0.00827844,0.00566579,0.00492411,0.0163902,0.0039721,0.00182258
0.0622584,0.0343313,0.0240632,0.104325,0.0280796,0.0188664
0.0122659,0.00829622,0.00403465,0.00327563,0.000401991,0.00668756
0.0110473,0.00749137,0.00420421,0.0175769,0.00546446,0.0103728
0.00692518,0.00488802,0.00207065,0.0151806,0.00355109,0.00176352
0.0269951,0.0174756,0.00549809,0.0305036,0.0103527,0.0123747
0.00621386,0.00432008,0.00391448,0.0298165,0.00786148,0.0120232
0.0224022,0.0148387,0.00931214,0.040909,0.00855335,0.0110458
0.0602009,0.0334347,0.0380721,0.131752,0.0329296,0.081723
0.0231354,0.0152199,0.00812311,0.0402514,0.00971109,0.00859561
0.0158052,0.0105892,0.00570646,0.0242758,0.00609993,0.00579949
0.0326747,0.0220898,0.0106404,0.0352236,0.00968748,0.0183103
0.00919892,0.00648281,0.00338694,0.0202578,0.00499582,0.00980211
0.0242412,0.0161952,0.00691084,0.0313571,0.00880896,0.00493441
0.00809402,0.0059572,0.00579517,0.0247175,0.0071621,0.00475215
0.0227203,0.014988,0.00632281,0.0205474,0.00517697,0.0102062
0.0244711,0.0157777,0.00920526,0.0324684,0.00827565,0.0149917
0.0245753,0.0162741,0.00743363,0.0428552,0.0114723,0.0181819
0.0149753,0.0101636,0.00450206,0.0213523,0.00682526,0.00576336
0.0160276,0.0107826,0.0077547,0.0392506,0.00889942,0.00652057
0.0117644,0.00815087,0.00377949,0.0243682,0.00542906,0.00663518
0.0253332,0.0167392,0.00675816,0.0484903,0.0128794,0.00863678
0.0201336,0.0131554,0.00857284,0.0278723,0.00566067,0.0132505
0.0273644,0.0182575,0.0103425,0.0371159,0.00909656,0.00851733
0.0153167,0.0104997,0.00448589,0.0234264,0.00769143,0.00488167
0.0205398,0.0137832,0.0110801,0.0521701,0.0125176,0.0188448
0.00533706,0.00367836,0.00606525,0.0135837,0.00260989,0.00377773
0.0394826,0.0251758,0.0104717,0.038601,0.0101874,0.0100748
0.0130167,0.00890971,0.00427572,0.0205423,0.00667068,0.0143722
0.035723,0.0225525,0.00933058,0.0571703,0.0117309,0.0131172
0.00502842,0.00343299,0.00362663,0.0296466,0.00719962,0.0127969
0.0129439,0.00557798,0.00605681,0.0222548,0.00786378,0.00826712
0.0142937,0.00679699,0.00551577,0.0276996,0.00573513,0.00681889
0.00673238,0.00464737,0.00312156,0.0183012,0.00294809,0.00485763
0.015518,0.00696922,0.00474122,0.0375789,0.0103664,0.00893253
0.0200389,0.0101299,0.00691653,0.0333689,0.00867483,0.00879342
0.0169903,0.0116353,0.00626607,0.0264971,0.0076071,0.0107669
0.0215815,0.0141528,0.0165039,0.0810692,0.0209886,0.0715672
0.0183026,0.0121461,0.00839171,0.0299781,0.0079373,0.0119916
0.0355054,0.0214711,0.0288433,0.150201,0.0402262,0.0649101
0.017291,0.0117646,0.00578077,0.0287161,0.00743985,0.0113531
0.00813137,0.00575322,0.00256016,0.00604706,0.00244952,0.00382805
0.00608153,0.00427419,0.0117842,0.0129252,0.00416776,0.00228737
0.0177753,0.012551,0.00598009,0.0219637,0.00544823,0.00236988
0.0548923,0.0320552,0.0274067,0.113424,0.0297787,0.0553301
0.0338353,0.0131577,0.0241522,0.0701116,0.0177774,0.0164801
0.00527458,0.00386044,0.00444375,0.00151605,0.00171331,0.00297777
0.0141192,0.00936961,0.00454288,0.0343566,0.00659078,0.00501956
0.0163646,0.0109159,0.00470726,0.0237695,0.00683405,0.0023837
0.0425816,0.0262647,0.0225858,0.0953544,0.0259558,0.0294042
0.0318833,0.0212209,0.0100072,0.033858,0.0100711,0.0127576
0.0405727,0.0258225,0.0265357,0.156724,0.038962,0.0323242
0.0161274,0.010835,0.00518638,0.0306235,0.00611422,0.00696834
0.0307496,0.0195786,0.0110453,0.0500309,0.0122541,0.0335144
0.00502441,0.00363756,0.0025852,0.0152408,0.00462292,0.00083236
0.00886833,0.0061912,0.00354775,0.0207734,0.00428385,0.00613749
0.00753884,0.00500495,0.00313336,0.0133905,0.00237218,0.00539353
0.0068005,0.00505672,0.00240004,0.0210441,0.00475335,0.00631222
0.0303494,0.0203261,0.0146024,0.0595516,0.0145841,0.00816762
0.0117948,0.00763503,0.00495827,0.0438408,0.013128,0.0115003
0.0309294,0.0206702,0.00988148,0.0513831,0.012913,0.0335068
0.0355637,0.0228564,0.0133373,0.0503497,0.0142072,0.0153977
0.0344396,0.0211436,0.0192466,0.0764849,0.0180782,0.0139043
0.00885936,0.00606023,0.00442944,0.013976,0.00513374,0.00306934
0.0375234,0.0238312,0.0136689,0.05102,0.0154787,0.0283007
0.0140494,0.00961772,0.0107388,0.0348708,0.00788663,0.00364268
0.00943185,0.00607162,0.00266675,0.0182009,0.00362965,0.00265121
0.0104175,0.00680904,0.00545619,0.0325744,0.00811178,0.00610103
0.027799,0.0126599,0.00826021,0.0488557,0.0136849,0.0167948
0.0529932,0.029273,0.0159751,0.0764658,0.0176628,0.0256714
0.014856,0.0100743,0.0060001,0.0231619,0.0076067,0.016649
0.0249805,0.0161402,0.00997926,0.0361197,0.00923896,0.00649448
0.0142889,0.00927439,0.00465663,0.0236669,0.00465675,0.006494
0.0149382,0.0104059,0.00638028,0.0290564,0.00609596,0.0187437
0.0088378,0.0059874,0.00260942,0.0222791,0.0044804,0.00485164
0.0133799,0.00938878,0.0130391,0.0515694,0.0128393,0.00553627
0.00554977,0.00381092,0.0026096,0.00786034,0.00269538,0.000560723
0.0055936,0.00320885,0.00209097,0.0159981,0.00506436,0.00427324
0.0154106,0.00976215,0.00431139,0.0373793,0.0128637,0.00866466
0.0330029,0.0201728,0.0342376,0.174877,0.0453247,0.0464375
0.0135617,0.0092044,0.0132338,0.0342882,0.00892786,0.0198282
0.0101217,0.00736165,0.00430091,0.0269741,0.0061769,0.00724998
0.00896567,0.00633512,0.00216978,0.037247,0.0132003,0.0204243
0.0134152,0.0096375,0.00513606,0.0343584,0.00784985,0.0209187
0.0351567,0.0221778,0.0262408,0.0786135,0.0179949,0.0285595
0.0167023,0.0115336,0.00495025,0.0203927,0.00536845,0.00823264
0.00438269,0.0033207,0.00491659,0.00886333,0.00210731,0.00380454
0.0220208,0.0149589,0.00746392,0.0447773,0.0127463,0.0196914
0.0133122,0.00912953,0.00296266,0.0218618,0.0052691,0.00913824
0.00598493,0.00402266,0.00364509,0.0247545,0.00827281,0.00586208
0.0180089,0.0116859,0.00520151,0.0592738,0.01446,0.0058521
0.00949735,0.00643158,0.00432278,0.0278045,0.00563915,0.0134791
0.00685879,0.00508708,0.00275895,0.0193235,0.00328235,0.00153049
0.00482196,0.00358137,0.00181114,0.0201665,0.00543966,0.00358173
0.016621,0.0110587,0.0054208,0.0329503,0.00873997,0.00210575
0.0425006,0.0270607,0.013295,0.0894001,0.0230369,0.0266975
0.0271645,0.0180762,0.0120192,0.0483128,0.0120204,0.00813248
0.0476327,0.0248686,0.0498395,0.195719,0.0509915,0.0404322
0.0080985,0.00558543,0.0043179,0.0232517,0.00409811,0.00612426
0.0153163,0.01037,0.00512785,0.0146198,0.00474749,0.00720095
0.008241,0.00555218,0.00362267,0.00110196,0.00162602,0.00215316
0.0106717,0.00770034,0.00497235,0.0168814,0.00557627,0.00435599
0.0144462,0.010086,0.0148631,0.067116,0.0154061,0.0195434
0.0293079,0.0193324,0.00907986,0.0437262,0.010517,0.00642193
0.00699051,0.00517312,0.00294371,0.0158455,0.00513538,0.00109662
0.0192783,0.0128712,0.00789869,0.0330615,0.00758618,0.00484984
0.00555941,0.00370883,0.00430137,0.0135167,0.00270574,0.00111266
0.0104373,0.00737445,0.00338618,0.0198423,0.00466091,0.00144024
0.0219951,0.0145432,0.00482663,0.0489907,0.0132692,0.0119995
0.00895755,0.00605506,0.00376481,0.0234465,0.00613996,0.00485051
0.0194869,0.0131874,0.00619951,0.0244385,0.00625505,0.00908051
0.013409,0.00876975,0.00548732,0.0221715,0.00593266,0.0033832
0.0211196,0.014448,0.00698105,0.0469985,0.0135886,0.031422
0.00797799,0.00527317,0.0027901,0.0121256,0.00318719,0.00233118
0.02385,0.0152768,0.0210676,0.0704722,0.0185464,0.0296356
0.0123904,0.00860962,0.00759039,0.0409206,0.00973475,0.0120729
0.0539691,0.0317012,0.0218335,0.111231,0.0271798,0.0409651
0.0642678,0.0345319,0.023755,0.0975674,0.0260533,0.0125307
0.0212233,0.0143754,0.0120885,0.0546559,0.014228,0.037613
0.00719425,0.00511483,0.00183685,0.0232164,0.00383979,0.0101826
0.0129147,0.00852536,0.00576204,0.0224948,0.00826661,0.0104992
0.0263687,0.0170003,0.0115705,0.0531989,0.0146392,0.013506
0.0345515,0.0181967,0.017046,0.0822459,0.0250372,0.0255332
0.0320974,0.0113819,0.0116212,0.0559624,0.0148424,0.0106921
0.024121,0.0151706,0.00498568,0.0443776,0.0126366,0.00417785
0.092644,0.0428531,0.0748823,0.224592,0.0545372,0.0935165
0.0136837,0.00962262,0.00400438,0.0238255,0.00683437,0.00405715
0.0117764,0.00778962,0.00398922,0.0337403,0.00572384,0.0038138
0.0430161,0.0277246,0.0136169,0.0764454,0.0193238,0.0246298
0.00980196,0.0066294,0.00330814,0.0179227,0.00473614,0.00170296
0.0116345,0.00809168,0.0051683,0.0139009,0.00355299,0.00677027
0.00766535,0.00493509,0.00705705,0.00407482,0.000443147,0.0102801
0.00569701,0.00380935,0.00293801,0.0152217,0.00382845,0.00498572
0.00932665,0.00654378,0.00981934,0.0301382,0.00903477,0.000964336
0.0105868,0.00726435,0.00434709,0.017473,0.00409267,0.00464254
0.0122105,0.00799794,0.00390473,0.0209151,0.00663657,0.0104796
0.00680192,0.00490871,0.00227825,0.0199591,0.00602494,0.00993316
0.0193255,0.0132793,0.00616916,0.0358812,0.0107762,0.0101107
0.0270313,0.0180903,0.00814468,0.0319309,0.00780901,0.00719923
0.0301124,0.0195308,0.00917246,0.0598211,0.0160822,0.0116975
0.0248964,0.0165412,0.00597066,0.0392905,0.00846685,0.004698
0.0212958,0.0141027,0.00373552,0.0370347,0.00981183,0.00649315
0.0283535,0.0193836,0.00997447,0.0126461,0.00326304,0.016596
0.00855092,0.00301401,0.00270505,0.015545,0.00410066,0.00389934
0.0134239,0.00910352,0.00445632,0.0155866,0.00411013,0.00309432
0.00866456,0.00608449,0.00329761,0.00853396,0.00343595,0.0017663
0.0375253,0.024284,0.0125625,0.0577763,0.0143387,0.0165421
0.0247321,0.0162138,0.00580601,0.033179,0.0083624,0.0108803
0.0121093,0.00841681,0.00302354,0.0312282,0.00931022,0.0139691
0.011117,0.00744908,0.00954426,0.036926,0.0100261,0.0180691
0.0136455,0.00926879,0.00447569,0.0189524,0.00679562,0.00663025
0.00728394,0.00506434,0.0029108,0.0156854,0.006631,0.00827089
0.0250055,0.0163087,0.00617349,0.0390116,0.0102164,0.00738306
0.0161221,0.010709,0.00456669,0.0231316,0.00567722,0.00857508
0.0319688,0.0208541,0.0199482,0.113514,0.033922,0.0722936
0.00888174,0.00323417,0.0032775,0.0289876,0.00671199,0.00823165
0.0285546,0.0181588,0.0276921,0.084804,0.021548,0.0175396
0.00470659,0.00306329,0.00199525,0.00815382,0.00213701,0.00361996
0.0141864,0.0097621,0.00432718,0.0230438,0.00477886,0.00360682
0.00812659,0.00538906,0.0029836,0.0187977,0.00430095,0.00693139
0.0103784,0.00698037,0.0026283,0.0246376,0.00494665,0.00517482
0.0190262,0.0128665,0.00706889,0.0226068,0.00789147,0.00783652
0.0255884,0.0164601,0.0106926,0.0592964,0.0158754,0.0150375
0.0172098,0.0117609,0.00694402,0.033251,0.0100675,0.00605361
0.0321761,0.0147967,0.0155069,0.0766013,0.0184499,0.0128635
0.012452,0.00849855,0.0045102,0.0320138,0.00579125,0.0101155
0.0262551,0.0180009,0.00760008,0.0420472,0.00932468,0.00525051
0.0201439,0.0134711,0.00568055,0.0217941,0.00619775,0.0132784
0.0130904,0.00885453,0.00462301,0.0197377,0.00404533,0.00541493
0.0102712,0.00707622,0.00408334,0.0192297,0.00398151,0.00431589
0.00740138,0.00527753,0.00353433,0.0160388,0.00361325,0.00552769
0.00760786,0.00516479,0.00170042,0.028762,0.00837608,0.0164675
0.0289088,0.0189046,0.00862135,0.0601369,0.0136704,0.0180659
0.0129264,0.00862415,0.00473436,0.0252084,0.00565892,0.00462107
0.00428479,0.00313669,0.00225539,0.00877608,0.00376757,0.0035266
0.042932,0.0186352,0.0411387,0.166615,0.0474139,0.0650231
0.0423113,0.0166664,0.0343244,0.122688,0.0324178,0.0426722
0.0163229,0.0108529,0.00544173,0.0269385,0.0074664,0.0069721
0.00554466,0.00392869,0.00182453,0.0105542,0.00232013,0.00369234
0.0139507,0.0077954,0.0264083,0.0930343,0.0236008,0.0657098
0.00610493,0.00445698,0.00258487,0.0195648,0.00515484,0.00645121
0.0244654,0.0163826,0.0178475,0.0699857,0.0178345,0.0515061
0.00458318,0.00303372,0.00204306,0.0172008,0.00334229,0.00578966
0.0430873,0.024414,0.0539904,0.347821,0.0842326,0.160919
0.0320084,0.0215737,0.0130059,0.0653926,0.0164511,0.0247619
0.0164452,0.0114501,0.00480121,0.0265448,0.00577423,0.00384519
0.00884203,0.00598242,0.00345347,0.00915809,0.00298897,0.00477272
0.0159965,0.0108923,0.00718168,0.0276292,0.00486663,0.0116088
0.0168477,0.0119646,0.0055806,0.0276872,0.00612308,0.00856087
0.00737525,0.00504792,0.00285997,0.0112563,0.0027101,0.0076955
0.0214995,0.0145044,0.00959063,0.0445046,0.0130548,0.00717016
0.00508115,0.00353226,0.00252046,0.0155436,0.00384969,0.00221896
0.0125,0.00840265,0.00990716,0.0473886,0.011282,0.0234246
0.0124906,0.00818909,0.00400909,0.0135113,0.00443572,0.00459038
0.0224596,0.0140349,0.00846278,0.0346764,0.00899135,0.00291421
0.00624645,0.00419003,0.00501685,0.0364641,0.0116647,0.00820817
0.00461457,0.00360958,0.00293808,0.010092,0.00356116,0.0020341
0.00957365,0.00642414,0.00398937,0.0210767,0.00542839,0.0030243
0.0104002,0.00711403,0.00782209,0.042195,0.011946,0.0140918
0.0267194,0.011452,0.0174627,0.0428937,0.0123751,0.0235027
0.0258811,0.0103694,0.0180551,0.0359686,0.0109061,0.0220527
0.00498078,0.00324105,0.00206101,0.0144848,0.00333354,0.00472563
0.010671,0.00725169,0.00458413,0.0224649,0.00526621,0.00499168
0.0125177,0.0082637,0.00611913,0.0183787,0.00543216,0.00604335
0.03309,0.0205873,0.0192526,0.144423,0.0398237,0.0492232
0.0113506,0.00765422,0.00354793,0.0218505,0.00653661,0.00256014
0.0112774,0.00759884,0.00445593,0.022821,0.00614488,0.00412319
0.0185574,0.0125347,0.00701659,0.0303096,0.00835231,0.00657532
0.0157589,0.0105744,0.00412559,0.0324445,0.00700089,0.00206534
0.0151211,0.0106092,0.00785714,0.0475157,0.0124702,0.00989167
0.00777994,0.00393566,0.00317531,0.00201123,0.00234046,0.00340172
0.00626491,0.00328737,0.00302364,0.00841271,0.00209967,0.00189144
0.0519813,0.0299389,0.0356177,0.135964,0.0344672,0.051692
0.0290762,0.0191643,0.0142663,0.0641008,0.0180074,0.0390671
0.0155164,0.00937325,0.00675458,0.0264183,0.00638832,0.00353339
0.0119938,0.00610933,0.00600263,0.0203802,0.00507569,0.0025292
0.0148195,0.0102438,0.0142524,0.0670337,0.0169209,0.0201608
0.0380441,0.0240356,0.0127992,0.0547739,0.0153003,0.015064
0.0294609,0.018896,0.0107363,0.0331064,0.00815408,0.0262291
0.0228174,0.0152275,0.0107051,0.0403878,0.0107712,0.00679221
0.0280931,0.0187358,0.0102015,0.0488724,0.0111763,0.0169545
0.0123895,0.00815807,0.00346655,0.0177515,0.00503948,0.0035535
0.0134817,0.00905278,0.00585804,0.0485529,0.0107338,0.0102019
0.0126852,0.00933137,0.00515032,0.0190972,0.00479728,0.0220292
0.0135242,0.00890503,0.00337987,0.0205841,0.00390183,0.00858283
0.0215309,0.0145848,0.0103307,0.0608477,0.0141423,0.00792228
0.0141922,0.0094902,0.0048474,0.0144674,0.00255172,0.00544106
0.0362945,0.0234484,0.0115969,0.070816,0.016968,0.0213882
0.0122468,0.0086011,0.00425952,0.0302251,0.00634043,0.0109931
0.0102444,0.00697256,0.00297979,0.0228677,0.00473625,0.0134741
0.0110408,0.00772346,0.00370659,0.00735215,0.00272722,0.00275954
0.00718074,0.00491188,0.00280161,0.0188109,0.00662328,0.00304814
0.0277723,0.0184326,0.0198753,0.0831194,0.0189972,0.0169002
0.0182998,0.0117051,0.0083327,0.0207517,0.00499648,0.00666773
0.024066,0.0155156,0.0163181,0.069136,0.0180531,0.0140939
0.0158884,0.0105022,0.00597926,0.0237409,0.00669732,0.00315768
0.027839,0.0183468,0.0140739,0.0638985,0.0168248,0.0136338
0.0118675,0.00856488,0.00398903,0.0190278,0.00783198,0.00432186
0.0261394,0.0172962,0.00780519,0.0279658,0.00696163,0.00709193
0.0129072,0.00875656,0.0045329,0.0274716,0.00738832,0.00619759
0.00469427,0.00346344,0.00171737,0.0167862,0.0048017,0.00893856
0.0102912,0.00747026,0.00398446,0.0179236,0.00512778,0.00385072
0.0130119,0.00904288,0.00478264,0.032976,0.00929196,0.0069679
0.00712517,0.00509419,0.00145644,0.0254419,0.00723255,0.00433665
0.0144878,0.00995889,0.00457006,0.0378702,0.00934161,0.0177149
0.0089795,0.00608053,0.00760875,0.0517112,0.0139752,0.0117886
0.0265584,0.0180484,0.0181649,0.0613471,0.0172192,0.0166167
0.00970583,0.00670586,0.00457667,0.0210525,0.00602459,0.00735634
0.0189676,0.0125272,0.0127321,0.049756,0.0147572,0.0356191
0.00476215,0.00323241,0.00165661,0.0172658,0.00427671,0.00212957
0.0297136,0.0184384,0.0301221,0.162649,0.0416866,0.0599125
0.0223765,0.0130995,0.00697309,0.0400892,0.00865674,0.00958619
0.00800827,0.00532353,0.00420532,0.0117823,0.00205423,0.0022768
0.00915909,0.00634059,0.00405891,0.0168155,0.00490876,0.00354436
0.0121489,0.0084232,0.00376979,0.0274652,0.00707215,0.0092746
0.0186839,0.0121572,0.010867,0.0788466,0.0230045,0.0100144
0.0452957,0.0286511,0.0152157,0.0606187,0.0170154,0.0274845
0.0403937,0.0249277,0.0212924,0.0670777,0.0151823,0.0213462
0.0165148,0.0114577,0.00431033,0.0319942,0.00965456,0.00250106
0.0356651,0.0196578,0.0151117,0.0951691,0.0250446,0.0171185
0.0051052,0.0038985,0.00315183,0.0118925,0.00350299,0.000792557
0.0296453,0.018966,0.0127599,0.0863258,0.0204141,0.0125659
0.0471314,0.0272764,0.0320657,0.145299,0.0375798,0.0491798
0.00485703,0.00328138,0.00229715,0.000758608,0.00109848,0.00508513
0.0182977,0.0123569,0.00917612,0.0257871,0.00736695,0.0143111
0.0348208,0.0223183,0.0458063,0.157392,0.037812,0.0317021
0.0562573,0.0307218,0.0265291,0.116713,0.0284808,0.0309145
0.0420369,0.024856,0.0147472,0.0621683,0.0160437,0.0125204
0.0458212,0.0281248,0.0187394,0.0891497,0.0210977,0.0220736
0.0164257,0.0108031,0.0148362,0.0656948,0.0183514,0.0120567
0.0104257,0.00740503,0.00369081,0.0162466,0.00569707,0.00919295
0.0158086,0.0106974,0.0072089,0.0358365,0.0106597,0.0329518
0.0107504,0.00762345,0.00428213,0.0152721,0.00499542,0.00666751
0.0322764,0.0205308,0.00891629,0.0699126,0.0168882,0.0250444
0.0196953,0.0137009,0.00576708,0.0234741,0.00565407,0.00430053
0.00525323,0.00340371,0.00226916,0.0236431,0.00574049,0.00621993
0.0340803,0.0221488,0.0147345,0.0721122,0.0186341,0.0334333
0.00388272,0.0029879,0.00219797,0.0092734,0.00218771,0.00160347
0.0163065,0.0109992,0.00430606,0.0223946,0.00460608,0.00624065
0.00553351,0.003947,0.00381411,0.0171443,0.0040545,0.00485462
0.00932943,0.00656737,0.00345176,0.0161802,0.00397645,0.00730166
0.0334904,0.0222249,0.0152749,0.0397469,0.0101417,0.0238419
0.00822607,0.0056429,0.00241268,0.0171606,0.005281,0.00406209
0.0238769,0.0153175,0.0071938,0.0309267,0.00854876,0.00906217
0.0225434,0.0153121,0.00684907,0.0201345,0.00614076,0.0154199
0.0291546,0.0188262,0.0135529,0.0453267,0.011398,0.0210309
0.0174175,0.0116163,0.00373521,0.032902,0.00845781,0.00648764
0.0156532,0.0107562,0.00592595,0.0367952,0.00860667,0.0153413
0.0280306,0.0179157,0.0100541,0.0391271,0.00961551,0.0179939
0.0389858,0.0240443,0.0319107,0.068679,0.0185919,0.0274351
0.00544756,0.00354462,0.00297304,0.0248762,0.00525009,0.00491697
0.00845026,0.00589983,0.00388506,0.00185168,0.000186005,0.00349891
0.0181059,0.011935,0.00625148,0.0281869,0.00943827,0.00787059
0.0230281,0.015623,0.0149261,0.0740137,0.0178031,0.0277884
0.0110701,0.00786321,0.00474414,0.016737,0.00499201,0.018165
0.0305358,0.0204099,0.0186581,0.0817232,0.0213962,0.0359338
0.014285,0.00974711,0.00286069,0.019033,0.00496505,0.00547788
0.0101679,0.00701592,0.00373213,0.014743,0.0037618,0.0100974
0.00486056,0.00363043,0.00195504,0.0164108,0.00715073,0.011508
0.00758467,0.00534814,0.00391455,0.0175143,0.00501887,0.00289151
0.00639248,0.00447707,0.00719382,0.0301794,0.00826134,0.00442675
0.0194543,0.0130373,0.00570846,0.0414767,0.00931828,0.00398241
0.0110841,0.0075281,0.00538259,0.0217038,0.0053199,0.00604839
0.0210323,0.0143083,0.00486535,0.0478481,0.0122516,0.0158288
0.02811,0.019034,0.0203587,0.0752144,0.0194029,0.0366589
0.0126704,0.00844592,0.00311549,0.0136387,0.00347222,0.00744573
0.00942463,0.00683009,0.00757882,0.0321123,0.00796387,0.00896881
0.0102381,0.00699487,0.00265387,0.0153733,0.00479623,0.00505706
0.00812467,0.00550343,0.00655413,0.0206346,0.00438788,0.00542
0.019582,0.0127691,0.0172161,0.0259844,0.00630797,0.0318864
0.0195359,0.0131441,0.00767371,0.0393559,0.0100182,0.017514
0.0133285,0.00894555,0.0109475,0.0623813,0.0170219,0.0197551
0.0342502,0.0212075,0.0169774,0.0722195,0.0195557,0.0411771
0.00612286,0.0042105,0.00275539,0.0153708,0.00487248,0.00504196
0.0118277,0.00860944,0.00823303,0.0341542,0.0104165,0.0109776
0.015852,0.0111387,0.00660945,0.0309435,0.00711582,0.0110863
0.0175677,0.0118003,0.00377747,0.0227247,0.00614035,0.0192365
0.012763,0.00908947,0.0052982,0.0122524,0.00428374,0.00441612
0.027018,0.0185445,0.015379,0.064347,0.0183564,0.0356835
0.00836068,0.00556425,0.00762523,0.0108704,0.00279409,0.00207051
0.00486708,0.00320209,0.00262691,0.0106705,0.00347718,0.00115164
0.00507722,0.0033993,0.0024787,0.00886742,0.00230615,0.00293606
0.0215686,0.0141734,0.0186831,0.0744002,0.0169122,0.013872
0.00893687,0.00657097,0.00361012,0.0174292,0.00336556,0.00309942
0.00870853,0.00575204,0.00697819,0.0159632,0.00269377,0.00182994
0.0361607,0.0150401,0.0300265,0.112533,0.0328884,0.0543549
0.0385868,0.0152552,0.0357195,0.124109,0.0324887,0.0590074
0.00793418,0.00536378,0.0103093,0.0216142,0.00654815,0.00408965
0.0119986,0.00800285,0.00387171,0.0246262,0.00537475,0.0149976
0.0443508,0.0274835,0.0230665,0.082175,0.0195906,0.0170504
0.0186144,0.0124693,0.00535321,0.0113008,0.00675724,0.0058184
0.0149616,0.0104618,0.00534543,0.0316419,0.00657068,0.00389253
0.00969753,0.00690382,0.00447737,0.0266341,0.00676642,0.0199193
0.01682,0.0115059,0.00489585,0.0180731,0.00493217,0.0030613
0.0157722,0.0105918,0.00554442,0.0196995,0.00619503,0.0111011
0.0234227,0.0152338,0.00960934,0.0457513,0.0119432,0.0274174
0.0134662,0.00944244,0.0066534,0.00940772,0.0015417,0.00947546
0.03954,0.0237093,0.0219606,0.11555,0.0319905,0.0579005
0.00698235,0.00494714,0.00265301,0.022504,0.00467837,0.00565026
0.0066159,0.0047432,0.00356028,0.0149827,0.00388245,0.00165308
0.0127575,0.00875016,0.00455086,0.0198695,0.00578546,0.0061079
0.0162413,0.00640875,0.00445439,0.0411905,0.0105846,0.0058935
0.0260357,0.0146961,0.00739014,0.0406376,0.00982428,0.00673212
0.00657012,0.00477287,0.00281139,0.00865987,0.00322353,0.00453467
0.00747113,0.00500453,0.00673823,0.0291262,0.00749698,0.0171525
0.0169127,0.0117551,0.00896776,0.0247294,0.00885308,0.00951113
0.0418645,0.0179043,0.0184436,0.0807775,0.0172135,0.0251549
0.00438952,0.00311971,0.00255658,0.00703957,0.00351582,0.00158276
0.0125459,0.00886602,0.00390671,0.0243155,0.00615218,0.00586684
0.0100931,0.00696546,0.00360882,0.0130085,0.00324454,0.00422769
0.0262646,0.0177702,0.0358077,0.11359,0.0302537,0.108323
0.0118959,0.00806813,0.00393583,0.0244448,0.00553198,0.00403793
0.0207267,0.0138447,0.0056354,0.0256223,0.00803051,0.00490441
0.00777267,0.00564483,0.00246571,0.0228202,0.00748377,0.00549583
0.0304428,0.0197782,0.0118109,0.0550914,0.0122709,0.0310193
0.0225852,0.0150052,0.00774651,0.0349546,0.00829205,0.00385855
0.0102287,0.00727685,0.00378541,0.0312327,0.00782654,0.0142352
0.0237816,0.0156823,0.00736363,0.0350638,0.0102477,0.011239
0.00718639,0.00307163,0.00317116,0.0163923,0.00545538,0.00765259
0.00737594,0.00483269,0.00336976,0.016613,0.00290766,0.00145755
0.0212764,0.0141952,0.0096148,0.0298446,0.00677615,0.016179
0.0118117,0.00804589,0.00559136,0.048034,0.0135065,0.0138706
0.0300549,0.020148,0.0157108,0.0859666,0.0212354,0.0427283
0.0120642,0.00832382,0.00524469,0.0171618,0.00497256,0.00297623
0.0333209,0.0205654,0.0503476,0.196148,0.053762,0.0802657
0.0284893,0.0187947,0.0143531,0.0741489,0.0195923,0.00592744
0.0189736,0.01294,0.00605018,0.0299541,0.00721131,0.0118888
0.013209,0.00897801,0.00526463,0.0268022,0.00689568,0.0156091
0.0074472,0.005347,0.00234359,0.0275167,0.00644952,0.00664735
0.0108023,0.00759795,0.00426472,0.000821728,0.00182136,0.00350158
0.00983257,0.00689534,0.00498527,0.0156404,0.00547616,0.00440478
0.0221486,0.014794,0.0117181,0.0462473,0.011358,0.0118231
0.022095,0.0148569,0.00787117,0.0420571,0.0111657,0.00336572
0.0157568,0.0105394,0.0064257,0.0178138,0.00651359,0.00691479
0.00560644,0.00407453,0.00288467,0.0140914,0.00462889,0.00308093
0.0128828,0.00900194,0.00629365,0.0256555,0.00590022,0.0108955
0.0315529,0.0209799,0.00633562,0.00562254,0.00178339,0.0146064
0.0186216,0.00834846,0.00728185,0.0250091,0.00734504,0.0067831
0.0214843,0.0104437,0.00754217,0.0240381,0.00525725,0.00530435
0.0260814,0.0170437,0.00840935,0.0262238,0.009126,0.0108447
0.0713137,0.039732,0.0345477,0.16159,0.0385377,0.0318977
0.0207318,0.0139542,0.0135265,0.0513297,0.016576,0.0158113
0.0228244,0.0157981,0.0108207,0.0400481,0.0105465,0.0306473
0.0383772,0.0256035,0.0195324,0.102232,0.0237272,0.0311679
0.0187581,0.0124829,0.00776428,0.0322683,0.00811463,0.00781791
0.0123492,0.00848082,0.00422178,0.0246405,0.0064249,0.00471893
0.00811992,0.00602762,0.0035753,0.0163236,0.00508637,0.00450937
0.0119696,0.00819259,0.00421577,0.0183935,0.00645982,0.0082292
0.0464608,0.0200868,0.0527558,0.148848,0.0428988,0.0688124
0.00567008,0.00379171,0.00230934,0.00711832,0.00310896,0.0038838
0.0239623,0.0159159,0.0077594,0.0439665,0.0104474,0.0161307
0.0181127,0.0120547,0.00970158,0.0390919,0.00953323,0.00799177
0.0339592,0.0218019,0.0097477,0.0482674,0.0129482,0.0126683
0.0173161,0.0112733,0.00635676,0.0261224,0.00686195,0.00705124
0.0137281,0.00859471,0.0078893,0.0214874,0.00519599,0.00711227
0.0128679,0.00866583,0.00484063,0.0169013,0.00491099,0.00485468
0.0273872,0.0175589,0.0139742,0.0660722,0.0192708,0.0217544
0.0212414,0.0136978,0.0336308,0.131403,0.0380676,0.0537894
0.0294667,0.0166604,0.013584,0.056823,0.0143779,0.0119699
0.00861771,0.00620159,0.0021909,0.0186284,0.00521305,0.00395432
0.0066727,0.00493686,0.00312385,0.0139976,0.00304784,0.00214914
0.0137289,0.0094451,0.00499829,0.030016,0.00549752,0.00634033
0.0153113,0.0103976,0.00486781,0.0192221,0.00570644,0.0020164
0.0062525,0.00447116,0.0031205,0.0209461,0.00450579,0.00749939
0.00932962,0.00626059,0.00355835,0.0226949,0.00551296,0.00594306
0.016458,0.0111934,0.00584779,0.0211806,0.00507325,0.00530287
0.0199765,0.0137872,0.0148267,0.0620074,0.0156322,0.0115825
0.00997477,0.00714691,0.00338454,0.00958971,0.00478366,0.0045402
0.0137756,0.00936782,0.0061391,0.0430517,0.00916798,0.0117946
0.038556,0.02458,0.0111618,0.041215,0.0124646,0.0139348
0.0341501,0.0226083,0.0138242,0.054645,0.0130234,0.0245023
0.00686296,0.00487324,0.00324237,0.0215147,0.00544516,0.00285643
0.012072,0.00813473,0.00272603,0.0145532,0.00342725,0.00972034
0.00467083,0.00344944,0.00182229,0.0170196,0.00491099,0.000518212
0.0102145,0.00703009,0.00658444,0.0226926,0.00497764,0.00346704
0.00674979,0.00437723,0.00236779,0.0137367,0.00427251,0.00152142
0.00524273,0.003678,0.00240656,0.0153545,0.00271321,0.00431433
0.0356135,0.0235206,0.023475,0.0735529,0.0211919,0.0461201
0.0254867,0.0165442,0.00803548,0.0499015,0.0121974,0.014623
0.0142524,0.00980128,0.00945907,0.0575991,0.0153256,0.00751216
0.008875,0.00639722,0.00315206,0.00115356,0.000449969,0.00621241
0.00768189,0.00501008,0.0137499,0.0513584,0.0131978,0.0142892
0.0209999,0.0139002,0.00630332,0.0410969,0.010964,0.00697617
0.0300465,0.0198034,0.0142712,0.095683,0.0232374,0.0127366
0.0108337,0.00746518,0.00417752,0.017361,0.00501219,0.00125009
0.0196844,0.0132674,0.00729655,0.0228107,0.00703252,0.0121059
0.0237806,0.0156637,0.00682568,0.0308758,0.00858761,0.00502896
0.0597351,0.0356823,0.0169453,0.0710139,0.0166669,0.0127985
0.0211302,0.0138638,0.00843743,0.0420179,0.011736,0.0123384
0.0194835,0.0106582,0.00635049,0.0200564,0.00481953,0.00598673
0.00856633,0.00561989,0.0037021,0.0167559,0.00302116,0.00100885
0.0112481,0.00800429,0.00309753,0.0294323,0.00656509,0.00804975
0.0566839,0.0328518,0.0212266,0.0566295,0.0153059,0.0119566
0.0222374,0.0146527,0.00651592,0.0398667,0.00907622,0.00758863
0.030922,0.0188346,0.0202058,0.10329,0.0246022,0.0320388
0.0209539,0.0121309,0.0122552,0.0422383,0.0116517,0.0135509
0.0144178,0.00949859,0.010936,0.069428,0.019249,0.0284213
0.00457931,0.00338422,0.00244739,0.018424,0.00184787,0.00139458
0.0226117,0.0148862,0.00651927,0.0277286,0.00849979,0.00480189
0.0138091,0.00722507,0.00401269,0.023223,0.00859946,0.00877588
0.0301983,0.0194011,0.00745069,0.0387628,0.012605,0.00936896
0.0471024,0.0260571,0.0402026,0.141432,0.0385545,0.0285123
0.0167646,0.0118861,0.00560014,0.0205921,0.00456241,0.006125
0.0434442,0.0282012,0.0125846,0.0374085,0.0103437,0.0147718
0.0240339,0.0158331,0.0112623,0.0541849,0.0152801,0.0120919
0.0169171,0.00672772,0.0146226,0.0672343,0.0199273,0.0429089
0.0253687,0.0146112,0.0301332,0.109297,0.0280717,0.0735469
0.0127304,0.00853986,0.0050515,0.0350461,0.00785006,0.00473176
0.0103702,0.00716419,0.00441516,0.0213454,0.00566226,0.0207663
0.00505898,0.00370291,0.00315824,0.0282232,0.0086818,0.00468973
0.0239784,0.015668,0.00958394,0.0368167,0.00730786,0.00463245
0.00921706,0.00648078,0.00327767,0.0158175,0.00382331,0.00329606
0.00691417,0.0050281,0.00280878,0.0175834,0.0059984,0.00828779
0.00840743,0.00573952,0.00310154,0.0144411,0.00438233,0.00466465
0.0198394,0.0134209,0.00544132,0.0464132,0.0104216,0.0133258
0.0283541,0.0185001,0.00859329,0.0416572,0.00962297,0.0091814
0.0176558,0.00759935,0.0112737,0.048933,0.013657,0.0293603
0.0120016,0.00756396,0.00302938,0.0130733,0.00537488,0.00483271
0.0132776,0.00904808,0.00392305,0.0157996,0.00536565,0.00603528
0.0258403,0.0170126,0.00895311,0.0475132,0.0140533,0.00758422
0.0255745,0.0172323,0.0171214,0.0710137,0.0201359,0.0190865
0.00966766,0.0063814,0.00241359,0.0208231,0.00736359,0.0136147
0.0126776,0.008518,0.0045455,0.0282339,0.00642749,0.00992059
0.0217087,0.0113322,0.0143298,0.0657706,0.0197168,0.0278485
0.0340093,0.019693,0.024116,0.0855784,0.0225684,0.0477786
0.00917852,0.00626382,0.00227837,0.02445,0.00572635,0.00637386
0.02063,0.0136253,0.00879992,0.0382084,0.00868909,0.00901533
0.0214115,0.0144081,0.0233021,0.0623522,0.0139592,0.0255553
0.00473678,0.00340554,0.00214158,0.0246646,0.00366301,0.00656074
0.00862802,0.00619302,0.00398781,0.0142793,0.00350719,0.00287791
0.0121617,0.00820335,0.00879046,0.0405354,0.00958847,0.0092891
0.0127975,0.0089211,0.00530638,0.000123883,0.000870136,0.00452058
0.0111778,0.00752967,0.00508085,0.0202031,0.00393827,0.00354846
0.00456067,0.00326834,0.00253943,0.014114,0.00272548,0.000861167
0.0219166,0.0142341,0.013018,0.0796173,0.0204543,0.0174713
0.0292593,0.0197881,0.0152159,0.0817264,0.020579,0.029926
0.0175498,0.0118626,0.00672218,0.00227303,0.000578636,0.00878533
0.0177759,0.0121699,0.00566902,0.0194054,0.00397268,0.00311037
0.00561231,0.00388783,0.00400805,0.0170325,0.00352518,0.00557975
0.00795364,0.00580796,0.00373175,0.0258855,0.00758753,0.00469936
0.0190142,0.0126674,0.00773248,0.0370899,0.00824907,0.0135492
0.0228942,0.014538,0.00762434,0.033897,0.0091653,0.00962237
0.0175542,0.010185,0.00691267,0.035831,0.00847488,0.00702618
0.00703894,0.00479529,0.00287882,0.0147577,0.00246058,0.00168563
0.0248463,0.0164496,0.0148463,0.0512015,0.0141586,0.0159527
0.0375824,0.0208843,0.0212591,0.116969,0.0316537,0.0310876
0.0291095,0.0112384,0.0127142,0.0545122,0.0130568,0.0182067
0.0185566,0.0123524,0.0144787,0.0739728,0.0178629,0.0240582
0.013232,0.00922737,0.00482081,0.0239851,0.00658121,0.00449112
0.00558628,0.00396948,0.00222034,0.00794909,0.00131262,0.00294529
0.00868381,0.00584461,0.00294345,0.0200342,0.00404352,0.00110533
0.0195858,0.0120776,0.00670594,0.0371111,0.00660857,0.00708793
0.00731438,0.00360329,0.00255427,0.014825,0.00167011,0.00179668
0.0251934,0.0165224,0.0181155,0.0636585,0.015081,0.0210801
0.0064503,0.00431655,0.00236401,0.0138283,0.00144996,0.00372221
0.0242573,0.0167047,0.0121379,0.0496478,0.0132395,0.0150092
0.0354729,0.0224981,0.0200748,0.0766893,0.0218526,0.0343699
0.0160197,0.0110994,0.0051885,0.0176273,0.00258226,0.00478599
0.0107402,0.00744223,0.00428008,0.0217111,0.00438221,0.00408593
0.0456064,0.0281209,0.0193502,0.0736277,0.0170773,0.034597
0.0252771,0.017043,0.0119605,0.0531943,0.0132908,0.0207937
0.0112589,0.00786944,0.00299937,0.0267294,0.00697937,0.00774731
0.00997342,0.00675362,0.0033695,0.022362,0.00594703,0.00607586
0.0259668,0.0170257,0.0113331,0.0722464,0.0191067,0.013158
0.047413,0.0276935,0.027643,0.0929651,0.0236716,0.0336402
0.0192342,0.0130653,0.0150108,0.0547821,0.0131095,0.0321675
0.0444645,0.0271563,0.0544174,0.216445,0.0539555,0.0581817
0.0120616,0.00767004,0.00362428,0.0221075,0.00599972,0.00666868
0.0141927,0.00921411,0.0162069,0.0697508,0.0158757,0.011933
0.0288934,0.018104,0.0200982,0.0829778,0.0227352,0.0245732
0.0248069,0.0167978,0.00900047,0.0509145,0.013817,0.0134912
0.0109411,0.00787537,0.0035718,0.0179108,0.00390507,0.00342299
0.00502621,0.00381478,0.00207888,0.0172989,0.00373355,0.00490543
0.00742654,0.00463242,0.00941247,0.040758,0.0106613,0.0222218
0.00666242,0.00461335,0.00318016,0.0156033,0.00305817,0.00954279
0.018848,0.0122779,0.00981065,0.0523808,0.0132662,0.0285349
0.0292188,0.0136844,0.00624808,0.045919,0.0114321,0.0105097
0.0157137,0.0107106,0.00893233,0.0256072,0.00750211,0.0164025
0.00947127,0.00619517,0.00282291,0.010916,0.00347081,0.00365166
0.0347272,0.0216937,0.0114032,0.0477402,0.0108497,0.00532045
0.0157442,0.0114231,0.00400777,0.0218093,0.00535609,0.0111748
0.0139983,0.00998162,0.00492857,0.0275727,0.00897123,0.00949674
0.00659496,0.00466542,0.00434867,0.0174109,0.00310121,0.0118113
0.00840633,0.00574775,0.00307521,0.0276428,0.00746978,0.00435794
0.0226022,0.0149371,0.00770997,0.0438035,0.00946329,0.0159202
0.0148901,0.00979828,0.00515056,0.0230864,0.0085164,0.00814774
0.0268577,0.0175372,0.00866104,0.0415158,0.0105979,0.00560144
0.00853897,0.00575415,0.00408805,0.0169524,0.00339963,0.00849364
0.00456271,0.00334427,0.00139263,0.0128714,0.00286129,0.00165955
0.00567128,0.00382131,0.00243398,0.00382738,0.00190083,0.000824399
0.0065739,0.00482584,0.00204533,0.00837466,0.00281615,0.00477152
0.0106932,0.00729793,0.00319794,0.0254533,0.00605458,0.00123127
0.00990282,0.00703238,0.00363233,0.0185312,0.00493373,0.0112271
0.00461835,0.00315179,0.0024927,0.0120136,0.00278319,0.00385867
0.0164869,0.0112118,0.004974,0.0183958,0.00492201,0.00432291
0.00716655,0.00506815,0.00296816,0.0129125,0.00420417,0.00379121
0.0116782,0.00782204,0.00329992,0.0204593,0.00480093,0.00629785
0.00661213,0.00486525,0.00198197,0.0209492,0.00418435,0.00524785
0.00797816,0.00552813,0.00246648,0.0120213,0.00305911,0.00309505
0.0066579,0.00472469,0.00267285,0.0118791,0.00379364,0.00705819
0.0191101,0.012424,0.0139039,0.055605,0.0128685,0.0107014
0.0121119,0.00834471,0.00350463,0.0245706,0.00478281,0.000890869
0.00547424,0.00398124,0.00276454,0.0130268,0.00286931,0.00464398
0.0152059,0.0103483,0.00972903,0.0339203,0.00981261,0.00822828
0.0296207,0.0188875,0.0117361,0.0652797,0.0169236,0.00868898
0.011562,0.00788696,0.00519862,0.0154637,0.00479094,0.00429717
0.0135162,0.00911046,0.00354822,0.0184103,0.0053951,0.00512938
0.0356684,0.023305,0.0114248,0.0368899,0.00916617,0.0195993
0.0108336,0.00729235,0.00296133,0.0143817,0.00386544,0.00243769
0.0162803,0.0109241,0.00608329,0.0151402,0.00280181,0.00911228
0.0182671,0.00806068,0.0120248,0.0487989,0.0138405,0.0131744
0.00844437,0.00589061,0.00810828,0.0473158,0.0144295,0.0172821
0.018221,0.0124933,0.0121961,0.024414,0.00619841,0.0131858
0.0118175,0.00797591,0.00447585,0.0160489,0.00411315,0.0029719
0.0142677,0.00965129,0.0114339,0.0611042,0.0174744,0.0236632
0.00830198,0.00564794,0.00368693,0.0159351,0.00441392,0.00496151
0.00735878,0.00510547,0.00722962,0.0114174,0.00240301,0.00304539
0.0364393,0.0243029,0.0415479,0.154697,0.0409393,0.0684587
0.00804241,0.00539449,0.00362453,0.00348778,0.00105151,0.00845906
0.0139338,0.00952181,0.0091492,0.0275346,0.00721825,0.00279353
0.0150359,0.0101023,0.00533576,0.0208828,0.00587052,0.00969532
0.0299908,0.0124876,0.0113332,0.0442405,0.0133175,0.024647
0.0302223,0.0124073,0.0111818,0.0411465,0.0120598,0.021937
0.0133283,0.0089401,0.00529893,0.00580573,0.000468741,0.00793908
0.0186239,0.013211,0.00544833,0.027756,0.00665996,0.0092225
0.0110149,0.00790703,0.00454622,0.0147599,0.00323582,0.010526
0.0272015,0.0181694,0.0085502,0.056722,0.0132692,0.0245291
0.0230537,0.0153713,0.0230248,0.0533455,0.0139092,0.0484922
0.00826849,0.00556122,0.00593204,0.0212493,0.00707066,3.3713e-05
0.0109241,0.00752315,0.00459111,0.0215423,0.00500396,0.011523
0.0170493,0.01166,0.00639665,0.0252249,0.00709768,0.00469711
0.0330023,0.0218019,0.01252,0.0525513,0.011596,0.0296742
0.0124712,0.00884951,0.00478826,0.0174263,0.00414544,0.00691744
0.0271117,0.0140406,0.0189261,0.0711747,0.0166329,0.0463434
0.027529,0.013467,0.0149207,0.0519363,0.010357,0.0306289
0.00879842,0.00629406,0.00428592,0.0147635,0.0030699,0.00339665
0.01725,0.01178,0.00556667,0.0226862,0.00574576,0.00597297
0.014068,0.00975964,0.00658297,0.027403,0.00720925,0.0071146
0.0069344,0.00355688,0.00367964,0.0146069,0.0011701,0.00405323
0.0465005,0.0208667,0.0335691,0.138809,0.0374091,0.0756544
0.0111281,0.00777679,0.00414689,0.0145631,0.00300993,0.00425578
0.0288005,0.0195267,0.00814578,0.0587809,0.012916,0.0227194
0.0278146,0.0183061,0.0188218,0.051252,0.0128732,0.0291097
0.0105804,0.00766168,0.0112093,0.0444951,0.0126301,0.0236753
0.0232565,0.0136984,0.0110672,0.0657206,0.0190626,0.0196346
0.0171953,0.00867832,0.00777941,0.0441784,0.0104828,0.0105804
0.00692571,0.00499947,0.00117003,0.0148963,0.00391488,0.000791829
0.0328159,0.0208331,0.0239134,0.0823721,0.0223085,0.0175522
0.0173019,0.0119007,0.0113541,0.0426846,0.0127265,0.0110517
0.0126159,0.00882219,0.00540943,0.0209615,0.00514321,0.00789252
0.00777845,0.00552046,0.00302366,0.0165408,0.00389576,0.00395948
0.033654,0.0216586,0.0221985,0.0724087,0.0202742,0.0298478
0.0307021,0.0196977,0.0284832,0.101714,0.0282236,0.0692217
0.0149813,0.0071408,0.00777654,0.0397465,0.0143792,0.0178484
0.0504242,0.031199,0.0294308,0.124081,0.0345545,0.0457125
0.00835717,0.00599033,0.00294994,0.0176536,0.00554881,0.00688896
0.00675897,0.00441815,0.00407945,0.0249341,0.00658719,0.00569846
0.020804,0.00950231,0.0242976,0.0936802,0.0281262,0.0311134
0.0482469,0.0272833,0.0412699,0.184596,0.0460819,0.0597009
0.0118499,0.00754816,0.0216093,0.0844914,0.0228999,0.0225828
0.00887929,0.00607974,0.00581204,0.0169772,0.00539332,0.0051164
0.0402645,0.0253999,0.0241554,0.0848939,0.0233893,0.053346
0.0108003,0.00741581,0.00378604,0.0187055,0.00582247,0.00704946
0.00569628,0.00425715,0.00436524,0.0095255,0.00324881,0.00606569
0.0208332,0.0141928,0.0179544,0.0607357,0.0168872,0.0149721
0.0226121,0.00964104,0.00818031,0.0591289,0.0142728,0.00529601
0.0245352,0.0165061,0.00823232,0.0480618,0.0114324,0.00444337
0.0154216,0.0104205,0.0048472,0.0193634,0.00468227,0.00334554
0.0157396,0.0104776,0.0172498,0.0979459,0.0233453,0.0340105
0.018155,0.012451,0.00622697,0.0305616,0.00774037,0.0108738
0.0219978,0.0148699,0.0442041,0.130475,0.0355993,0.0547811
0.0138027,0.00960145,0.00500974,0.0182865,0.00556574,0.00234773
0.0127413,0.00885869,0.00476343,0.0204389,0.00476263,0.0066046
0.0296163,0.0193336,0.0102967,0.0359234,0.00839093,0.00953306
0.0114421,0.00754925,0.00453616,0.0237862,0.00461164,0.00234566
0.0139913,0.0100844,0.00469202,0.00660424,0.00401434,0.00715108
0.0238603,0.0162652,0.00679017,0.0393612,0.0118528,0.010022
0.0162055,0.0113262,0.00573238,0.0249866,0.00561047,0.0120365
0.0193459,0.0135172,0.00544067,0.0207912,0.00499573,0.00425191
0.0146705,0.00984332,0.0055355,0.0294134,0.00761938,0.00473231
0.00971653,0.00631027,0.00470208,0.0191955,0.00447121,0.00721614
0.0242117,0.0163853,0.00751419,0.0324775,0.0068687,0.00887617
0.0136616,0.00942454,0.00920763,0.0254051,0.00676145,0.00578105
0.01508,0.0103543,0.00386069,0.0231627,0.00527773,0.00391448
0.014771,0.00986467,0.00928134,0.0381441,0.00853307,0.00760519
0.0109334,0.00752179,0.00826929,0.0407851,0.0108416,0.0276211
0.0212369,0.010118,0.00827905,0.0438052,0.0101285,0.0143002
0.0195865,0.0127526,0.00857597,0.0491485,0.0109229,0.00834153
0.00882531,0.00598392,0.00379651,0.0186232,0.00450164,0.00214825
0.00748807,0.00528353,0.00513622,0.0163008,0.00468332,0.00371832
0.0173388,0.0115459,0.00534289,0.0219714,0.00538872,0.00978537
0.0327317,0.0167701,0.0190023,0.0714739,0.0147914,0.0175848
0.0171531,0.0117686,0.0045395,0.0294676,0.00831698,0.0249297
0.0113588,0.00798375,0.00445063,0.00829873,0.00346363,0.00156041
0.0175563,0.00842388,0.00583997,0.0341902,0.0113197,0.00952791
0.0155431,0.0101299,0.00651369,0.0234814,0.00500916,0.00572791
0.00649639,0.00437247,0.00155248,0.0144948,0.00449037,0.00388967
0.0301211,0.019524,0.00987312,0.0376811,0.0122987,0.0111084
0.0246335,0.0165382,0.0116091,0.0441835,0.0111312,0.0109523
0.0201599,0.0130538,0.00920364,0.0354812,0.00929421,0.0161591
0.0428597,0.0281207,0.0227397,0.0765403,0.0191905,0.0318933
0.0333726,0.0218229,0.0126606,0.0583253,0.0153287,0.00876096
0.0149013,0.0100571,0.00416954,0.0215717,0.00621668,0.00458441
0.0151915,0.0103443,0.00735762,0.00213152,0.000994922,0.00977281
0.00528989,0.00369403,0.00203437,0.0221584,0.00304108,0.00454577
0.010618,0.00763845,0.00745029,0.0327379,0.00766983,0.0121139
0.00623552,0.0045201,0.00253515,0.0111396,0.00246991,0.00606724
0.0193141,0.0133652,0.00619995,0.0225194,0.0055035,0.0159849
0.00942138,0.00670368,0.00308755,0.0216861,0.00566521,0.00466452
0.0118501,0.00867255,0.00511817,0.0211789,0.00642531,0.0124278
0.00495912,0.00315432,0.00233493,0.00778415,0.00385456,0.00240283
0.0128644,0.00844011,0.00490979,0.0325306,0.00710092,0.010959
0.0157462,0.0109002,0.00635344,0.0236292,0.00660489,0.00389352
0.010684,0.00736629,0.012714,0.0135782,0.0026852,0.0422242
0.0239094,0.0160007,0.00954404,0.0460499,0.0123084,0.0224035
0.010564,0.00710283,0.00903426,0.0452658,0.0132656,0.0115526
0.0195916,0.0131604,0.00721614,0.0291072,0.00818457,0.00858335
0.00967178,0.00671119,0.00310128,0.0320776,0.00722558,0.0056977
0.00916087,0.0063796,0.0140033,0.0479609,0.0111759,0.0173541
0.0437583,0.0154291,0.0201677,0.124973,0.032631,0.0377978
0.04444,0.0154361,0.0197888,0.120626,0.028667,0.0354707
0.025053,0.0160569,0.00903346,0.0307993,0.00714169,0.00583561
0.00735973,0.00502707,0.00147278,0.0152426,0.00566605,0.00407797
0.0061838,0.00444917,0.00324108,0.0179298,0.00476715,0.00396673
0.00975868,0.00687343,0.0029015,0.0179598,0.00626654,0.00895645
0.034821,0.022147,0.0111976,0.0663839,0.01549,0.0410449
0.040013,0.0256302,0.0206548,0.0788209,0.0222886,0.0163181
0.0162365,0.0109481,0.00547079,0.0328027,0.00682083,0.0104355
0.0432287,0.0256568,0.0185646,0.110888,0.0266419,0.0443528
0.0087975,0.00590418,0.00612806,0.014758,0.0044042,0.00579113
0.027001,0.0152252,0.00987598,0.0361339,0.0101371,0.00860897
0.0247337,0.0152387,0.00930678,0.0289547,0.00807129,0.00661478
0.0186357,0.0130526,0.00475589,0.0283637,0.00891653,0.0079896
0.0397611,0.0239535,0.0474389,0.197404,0.0509811,0.101473
0.022595,0.0146744,0.0130617,0.0549568,0.0144425,0.00843579
0.0168066,0.0108704,0.00516287,0.0271342,0.00606988,0.00488447
0.024249,0.0157831,0.00744784,0.0344844,0.00812509,0.0062879
0.0142567,0.00935446,0.00400254,0.0143218,0.00472433,0.00794317
0.011573,0.00793738,0.00400444,0.0219637,0.00595645,0.00787745
0.02132,0.0144903,0.0151946,0.0697244,0.0173435,0.0263873
0.0209593,0.0139853,0.0128319,0.0913819,0.0261903,0.0475679
0.0277378,0.018538,0.00650023,0.0361703,0.0105155,0.00679799
0.0128268,0.00923459,0.00805125,0.0350963,0.00952981,0.00586058
0.0170896,0.0119151,0.00535127,0.0276118,0.00837715,0.00846855
0.0246784,0.0165429,0.00961705,0.0395873,0.00912732,0.0124412
0.00779569,0.00484381,0.00211169,0.0203146,0.00376139,0.00474448
0.0188614,0.00672304,0.00604571,0.0357651,0.0108023,0.0167033
0.0179647,0.00672851,0.00536642,0.0344732,0.00978706,0.0142372
0.00795298,0.00549398,0.00368678,0.0154691,0.00331605,0.00422694
0.016201,0.00869169,0.0108523,0.0396459,0.00861697,0.0116636
0.0100421,0.00686319,0.00488938,0.0188891,0.00384852,0.00295166
0.00571576,0.00395504,0.00321257,0.00401255,0.00105325,0.00477941
0.0227493,0.0148948,0.00959328,0.0481268,0.0120729,0.0233459
0.0111129,0.00767362,0.00865544,0.023651,0.00685254,0.0073375
0.0101683,0.00701461,0.00329636,0.0128678,0.00443435,0.00666113
0.00547975,0.00402463,0.00210762,0.0128908,0.00248519,0.00157121
0.00458862,0.00317591,0.00101459,0.0158827,0.00495294,0.00922386
0.00833904,0.00390601,0.0041275,0.0355874,0.00932366,0.00711383
0.0231265,0.015404,0.0110272,0.0611516,0.0165477,0.0421162
0.0464932,0.0288108,0.0304379,0.0693641,0.018066,0.0144478
0.0215698,0.0123866,0.00754611,0.0133116,0.00227972,0.00467729
0.0231105,0.0150794,0.0088242,0.0386351,0.0099737,0.00447789
0.0159488,0.0107683,0.00449429,0.0339532,0.00886965,0.00636621
0.0444477,0.0279507,0.026888,0.0877989,0.0260678,0.0379517
0.0143874,0.00971047,0.0051833,0.031736,0.00659971,0.0102757
0.0148664,0.0101851,0.00620156,0.021838,0.00564846,0.00834065
0.0264411,0.0179302,0.00669281,0.0458294,0.0108413,0.021205
0.0267362,0.0175754,0.00938436,0.0532686,0.014278,0.00476332
0.0205272,0.0138303,0.0198233,0.0716354,0.0172511,0.0261329
0.00762291,0.00510838,0.00461062,0.0154361,0.00436755,0.007206
0.0163038,0.0111713,0.00509036,0.0249049,0.00673333,0.0246322
0.0232421,0.0151682,0.0063879,0.0300769,0.0060591,0.0050969
0.0368845,0.0247021,0.0125671,0.0770856,0.0223635,0.0347633
0.0252598,0.0167821,0.00805756,0.0489381,0.0123926,0.0140457
0.0107451,0.00754091,0.00805274,0.0127272,0.00434797,0.00304224
0.0306366,0.0185725,0.0105187,0.0547884,0.0161367,0.0153909
0.0273326,0.0148974,0.00764839,0.0440748,0.011018,0.00809401
0.0299585,0.0190811,0.0112532,0.0595158,0.0155603,0.0292453
0.0188108,0.0121115,0.00914529,0.0707748,0.019494,0.0304546
0.021064,0.0143067,0.0151994,0.058236,0.0157087,0.0162531
0.0209615,0.0104131,0.00779953,0.0382006,0.00976543,0.019913
0.0156169,0.0107438,0.00940697,0.0402614,0.00952005,0.0106834
0.010197,0.00689756,0.00341673,0.0203172,0.00477058,0.00813711
0.00893083,0.00595765,0.00318721,0.00668308,0.00296449,0.00252387
0.0134147,0.00963612,0.00755753,0.0194092,0.00671762,0.00164863
0.0605581,0.0365621,0.0174681,0.0669326,0.0157796,0.027382
0.00862471,0.00593951,0.00340739,0.01654,0.00437143,0.00359062
0.0468497,0.0252461,0.0314269,0.124422,0.0333823,0.06555
0.055244,0.0295708,0.0169077,0.0696596,0.0159777,0.0305703
0.0138585,0.00968246,0.00913998,0.0486997,0.0147023,0.00768858
0.0211923,0.0136441,0.00589713,0.0363965,0.00933006,0.0111042
0.0340711,0.0220283,0.0195062,0.0754289,0.0202783,0.0506774
0.0170578,0.0114659,0.00713848,0.0225601,0.00650277,0.00431068
0.0130134,0.00884323,0.00762866,0.0326339,0.00939467,0.00516862
0.014195,0.00993501,0.00401943,0.013729,0.00441345,0.00895419
0.00612837,0.0041933,0.00346813,0.0272731,0.00806416,0.0124942
0.01009,0.0069822,0.00517114,0.022454,0.00572825,0.00533818
0.0214169,0.0137369,0.0301406,0.0932368,0.0255652,0.0584076
0.00809007,0.00542051,0.0029038,0.0111613,0.00188328,0.00321916
0.0105245,0.00625356,0.00410539,0.0334812,0.010828,0.0050475
0.0263167,0.0169781,0.00870098,0.0392949,0.00905986,0.014594
0.00720844,0.00508976,0.00244364,0.00935442,0.00272953,0.00311632
0.00712385,0.00509386,0.00529994,0.0223154,0.00665054,0.00735343
0.0170329,0.0090542,0.00873382,0.0456058,0.0134143,0.0176855
0.0181921,0.00901764,0.0085928,0.0416638,0.0106424,0.0149984
0.0116686,0.0067695,0.00444898,0.0212503,0.00605225,0.00696706
0.0347402,0.0191539,0.0277096,0.0876763,0.0217943,0.0307461
0.00665464,0.00470958,0.00433004,0.0149886,0.0045182,0.00163066
0.0142389,0.0100707,0.00432915,0.0248325,0.00710609,0.00688362
0.016395,0.00725365,0.0092555,0.0230377,0.00820147,0.0138016
0.0451748,0.0272474,0.0167487,0.0735675,0.0176589,0.0212626
0.0172361,0.0110389,0.00844139,0.00922545,0.00261028,0.0051677
0.0112335,0.00677299,0.00331769,0.0161635,0.00456849,0.0105388
0.0185371,0.00859619,0.0137462,0.0837838,0.0281451,0.0321069
0.0197363,0.00770422,0.0162324,0.0941734,0.0270757,0.0313123
0.0299006,0.0195043,0.0102571,0.040593,0.0108325,0.0162623
0.0335506,0.0215698,0.0384762,0.104276,0.0280249,0.0268031
0.0225865,0.01516,0.00593177,0.0338465,0.0105493,0.0114782
0.00621171,0.00446194,0.0018828,0.0187578,0.00248551,0.00100982
0.00602116,0.00401665,0.00320587,0.0201855,0.0034543,0.00203388
0.0212334,0.00799312,0.00731143,0.0418194,0.00982258,0.00649804
0.0223625,0.00809082,0.00752627,0.043958,0.00940356,0.00615262
0.00501259,0.00367642,0.00220656,0.0115392,0.0031027,0.00318224
0.0292444,0.0193367,0.0142939,0.0483936,0.0109425,0.00491132
0.0145587,0.010069,0.00498867,0.0205591,0.00790569,0.00482035
0.0288823,0.0181293,0.0321394,0.129619,0.0317591,0.0381559
0.0150982,0.0077118,0.0161492,0.065674,0.0204034,0.0117958
0.021126,0.010693,0.0266623,0.0799935,0.0230945,0.0139527
0.0392268,0.0232161,0.0380846,0.185206,0.0483687,0.0983027
0.0205033,0.0141236,0.00777222,0.0208748,0.00617411,0.00278606
0.00686411,0.00505025,0.00367292,0.0166264,0.00336464,0.00698208
0.0083678,0.00597313,0.00224338,0.0256682,0.00698173,0.00417078
0.0624882,0.0386083,0.029375,0.120614,0.0323341,0.0468892
0.0108215,0.00699767,0.00400109,0.0270218,0.00781711,0.00261081
0.0198236,0.0135672,0.00452241,0.0334992,0.00849963,0.0116227
0.0083071,0.00562826,0.00368508,0.0201454,0.00517431,0.0086857
0.00510226,0.00382479,0.00208767,0.0209451,0.00482814,0.0031128
0.011118,0.00775943,0.003779,0.0212066,0.00595699,0.00863043
0.0710045,0.0389271,0.0604362,0.258976,0.0693038,0.0793796
0.0119082,0.00829574,0.00550781,0.0269059,0.00631334,0.00589226
0.0100428,0.00679111,0.00432601,0.0207633,0.00407575,0.0112861
0.0273839,0.0186273,0.0119956,0.0704517,0.0195153,0.0179725
0.011349,0.00786012,0.00426648,0.0163936,0.00379686,0.00838185
0.0135594,0.00946489,0.00429039,0.0238651,0.00650063,0.0045821
0.00696711,0.00475756,0.00257496,0.0168418,0.00484726,0.00417038
0.00748938,0.00485524,0.0011583,0.0295277,0.0106096,0.0161419
0.0162059,0.0105402,0.0147146,0.0689182,0.0193861,0.0254866
0.00903075,0.00649711,0.0038563,0.00694621,-0.000259778,0.0055807
0.0203347,0.0136245,0.00787435,0.0082677,0.00112333,0.0113563
0.0495683,0.0284695,0.0399184,0.141041,0.0331732,0.0646445
0.0261652,0.015079,0.00993069,0.0581547,0.0182881,0.018982
0.0281648,0.0150934,0.0103298,0.0588997,0.0170445,0.0168838
0.00643676,0.00439061,0.00346136,0.0136751,0.00420606,0.000544219
0.0261748,0.017937,0.0108898,0.0494742,0.0138671,0.0155522
0.0186771,0.012663,0.00569073,0.0335113,0.0087933,0.00628922
0.0166028,0.0109874,0.0071484,0.0236828,0.00588183,0.00284132
0.00760424,0.00507634,0.00323758,0.0372768,0.00962005,0.015727
0.0204391,0.0134006,0.00596245,0.0345017,0.00547959,0.013747
0.0125759,0.00834868,0.00424918,0.016701,0.00691274,0.00409779
0.00783946,0.00569731,0.00368599,0.0111372,0.00396018,0.00328302
0.0155771,0.0107234,0.00595656,0.0288165,0.00793806,0.0054831
0.0350571,0.0178871,0.0146703,0.0717092,0.0185741,0.0232361
0.0234587,0.00919798,0.00823636,0.0367587,0.00843681,0.0119403
0.0508862,0.030787,0.0247291,0.0929913,0.0255581,0.0409699
0.0314703,0.0188801,0.0124374,0.0430446,0.013991,0.0152545
0.0755302,0.0390616,0.0343487,0.169588,0.0412324,0.0570126
0.0454523,0.0300049,0.0233485,0.078479,0.0221636,0.0522824
0.0076286,0.00533033,0.00238888,0.0204084,0.00564645,0.00200472
0.0157331,0.0106359,0.00351711,0.0271687,0.00754578,0.00629043
0.0088706,0.00616736,0.00279897,0.0121555,0.00353832,0.0046116
0.00668823,0.00456299,0.00323858,0.0161285,0.00570561,0.00821444
0.0256879,0.0169796,0.00521359,0.0355391,0.00996008,0.00546839
0.00567138,0.00425371,0.00257994,0.0168587,0.00386339,0.00504839
0.0159777,0.0107331,0.0140983,0.0444827,0.012836,0.0168327
0.0147199,0.0102324,0.0118194,0.063355,0.0167354,0.01138
0.0375248,0.0219577,0.012337,0.0609582,0.0170106,0.0147817
0.047676,0.0245373,0.0145186,0.0622547,0.0146996,0.0129315
0.0361721,0.0219194,0.0142775,0.0879059,0.022029,0.0316251
0.0217655,0.0149737,0.00773406,0.0218108,0.00717903,0.00608023
0.00436078,0.00317872,0.00282152,0.0150743,0.00220391,0.00423666
0.0102779,0.00711252,0.00531275,0.0224933,0.00555197,0.00789082
0.00898333,0.00628091,0.00281948,0.0179389,0.00524131,0.00687181
0.00532545,0.0035583,0.00322121,0.0166625,0.00261507,0.00215556
0.00438927,0.00313486,0.00162921,0.0142098,0.00372999,0.00329353
0.0304931,0.0201927,0.0100109,0.0417742,0.0127787,0.0233751
0.0211761,0.0139709,0.00829878,0.0358626,0.0100302,0.00835767
0.00607423,0.00424566,0.00389787,0.0140177,0.00527744,0.00432203
0.0162632,0.0108435,0.00542977,0.00506114,0.000218518,0.00950904
0.017848,0.00689102,0.00860749,0.0361643,0.00862558,0.0083924
0.0181798,0.00757393,0.00862697,0.0317792,0.00693758,0.00534103
0.0162682,0.0111121,0.00984274,0.0333913,0.00851599,0.00751773
0.017065,0.0111,0.0119168,0.0837078,0.0205483,0.0453932
0.0187185,0.0120274,0.00572273,0.0293587,0.00830646,0.00752586
0.00710551,0.00493847,0.00262061,0.0179656,0.00474526,0.0029809
0.0199544,0.0133974,0.0160055,0.0562945,0.01352,0.0128959
0.0187976,0.0129869,0.0066417,0.0352449,0.00945646,0.00979562
0.0263527,0.017351,0.0162641,0.0448543,0.0118641,0.0200025
0.0648432,0.0377997,0.0593123,0.266098,0.0684413,0.120985
0.0153966,0.00808163,0.0149914,0.0646415,0.0156643,0.0179613
0.0133827,0.00662347,0.0117673,0.0504439,0.00889739,0.0106633
0.018931,0.0127691,0.0106898,0.0564068,0.0139641,0.0166406
0.0244951,0.016464,0.00764372,0.0321208,0.00815204,0.0153502
0.0197145,0.013206,0.00671958,0.024093,0.00634678,0.00566468
0.0186673,0.0116794,0.0118509,0.0566818,0.0142496,0.0105013
0.0123535,0.00680393,0.00578456,0.019556,0.004541,0.00285414
0.038374,0.0236317,0.0324856,0.173985,0.0486229,0.0642404
0.0183178,0.0122395,0.0118253,0.0567044,0.0155198,0.0150249
0.00583201,0.00422576,0.00295092,0.0242469,0.00503272,0.00241612
0.0630522,0.0375465,0.0306246,0.141665,0.0378007,0.0403177
0.00571361,0.0041997,0.00148153,0.0108945,0.00399022,0.0023772
0.0097946,0.0065586,0.00425357,0.0229169,0.00714043,0.00624841
0.0156289,0.0107245,0.0058074,0.026119,0.00686249,0.0147241
0.00767152,0.00568851,0.0032373,0.00712252,0.00208138,0.00273953
0.00708996,0.00477675,0.0035293,0.0129307,0.00378918,0.00102483
0.0078239,0.00554036,0.00306061,0.0179422,0.00325648,0.00307503
0.0301017,0.019486,0.0117221,0.0385365,0.00971263,0.013758
0.0167741,0.0112113,0.00502842,0.0223699,0.0067095,0.00400323
0.0174227,0.0118306,0.0110739,0.0413228,0.0118903,0.0102381
0.0372366,0.0249098,0.0130778,0.0574985,0.0139873,0.0288285
0.0306239,0.0185938,0.0149399,0.0645071,0.0163848,0.0246467
0.0188412,0.0124717,0.00455845,0.0274965,0.00789193,0.00548559
0.00941062,0.0066921,0.00351701,0.0150586,0.00443189,0.00306496
0.0211515,0.0141497,0.00634042,0.0298365,0.00803114,0.00973628
0.00797513,0.00592569,0.00271245,0.0184397,0.00710721,0.00403493
0.0838275,0.0352525,0.0370121,0.188363,0.0468857,0.0883633
0.0112722,0.00777402,0.00462647,0.0184871,0.00382105,0.0026364
0.0132849,0.00930231,0.00582699,0.0592152,0.0168018,0.0283237
0.027459,0.012828,0.0317507,0.180416,0.0539576,0.0962744
0.0359797,0.0153989,0.0566251,0.255532,0.065478,0.153969
0.0223443,0.0147454,0.00694982,0.0379632,0.0111556,0.00583941
0.0134366,0.00914176,0.00631423,0.0324326,0.00882377,0.00987482
0.0070584,0.00527725,0.00427193,0.0247356,0.00594268,0.0106117
0.0067552,0.00468668,0.00266858,0.0168144,0.00460316,0.0067843
0.0210792,0.0142054,0.00580487,0.0341176,0.0088504,0.0127283
0.0290334,0.0173285,0.0096759,0.0499389,0.0134126,0.0161836
0.034927,0.0188946,0.0114577,0.0449006,0.0120694,0.0142055
0.0271765,0.0181071,0.00878942,0.0456038,0.0104552,0.0335697
0.0165114,0.0109795,0.0192356,0.0967587,0.0230795,0.0420105
0.0192362,0.0133254,0.00751123,0.0255149,0.00728409,0.0119034
0.00851579,0.00538722,0.00261136,0.0127919,0.00457325,0.0018583
0.0273276,0.0176455,0.0150148,0.0567227,0.0152448,0.0326812
0.0190196,0.0127508,0.00534218,0.0267405,0.0060494,0.00464602
0.0102112,0.00727701,0.00311082,0.0182928,0.00460284,0.00518075
0.00508322,0.00366491,0.00284781,0.0165043,0.00346613,0.00168049
0.0132936,0.00925504,0.00503085,0.0480899,0.0111627,0.00334617
0.0061186,0.00418767,0.00252629,0.0146926,0.00424129,0.00855452
0.0131563,0.00893647,0.00901762,0.0388062,0.00982733,0.0187606
0.0113547,0.00783228,0.00330242,0.0246378,0.00534576,0.0245
0.0249726,0.0161414,0.0165471,0.0737657,0.0205731,0.0153208
0.0350953,0.0221061,0.0115817,0.0406461,0.0105414,0.0105173
0.0111454,0.00794062,0.00568874,0.0221826,0.00703207,0.00323434
0.0119743,0.00806284,0.0044884,0.0259182,0.00633711,0.013765
0.00580968,0.00394734,0.00341524,0.0145826,0.00435987,0.00739761
0.0291426,0.0113271,0.0120188,0.059332,0.0163278,0.0125885
0.0328991,0.012931,0.0129842,0.0534692,0.0134039,0.00890194
0.00512099,0.00359176,0.00278502,0.0135556,0.0024054,0.00271182
0.0137374,0.00929815,0.0036644,0.0231695,0.00418664,0.00950138
0.00561225,0.0041683,0.00313715,0.0189126,0.00294115,0.0041987
0.0058678,0.00438263,0.0026377,0.0203546,0.00486142,0.00418458
0.0102086,0.00725398,0.00450132,0.0216962,0.00377909,0.00246122
0.0325318,0.0198825,0.00902081,0.0552654,0.0148795,0.00831856
0.0126895,0.008903,0.00339665,0.0184752,0.00411767,0.00338802
0.00469418,0.00327643,0.00252707,0.00985569,0.00316659,0.00408547
0.0256843,0.0170045,0.00873875,0.0342973,0.00864803,0.0288407
0.00516888,0.00375523,0.00266914,0.0121899,0.00303381,0.00313055
0.0412915,0.026959,0.0171401,0.045337,0.0109562,0.0154734
0.0069974,0.00480254,0.00504762,0.0211855,0.00455473,0.0016285
0.00660258,0.00454189,0.00205894,0.0163778,0.00383936,0.00429395
0.0298953,0.0201125,0.0101719,0.069337,0.015183,0.0223418
0.00920871,0.00603347,0.00366263,0.0179101,0.00370291,0.00401696
0.0235457,0.0152472,0.0083577,0.0305028,0.0083707,0.00991259
0.0117088,0.00805849,0.0043351,0.0176427,0.00525811,0.00856572
0.0158288,0.0108297,0.0135111,0.0445292,0.0117148,0.0228416
0.0622016,0.0299136,0.0643777,0.26143,0.069405,0.0735135
0.0246482,0.0141515,0.018373,0.0398794,0.0122573,0.034165
0.0337353,0.0217297,0.0136211,0.0597117,0.0139513,0.0290541
0.0407212,0.0222894,0.0181152,0.112564,0.0311423,0.038862
0.029418,0.0134497,0.0206989,0.102571,0.0237924,0.0356849
0.0211628,0.0142017,0.00505998,0.0440767,0.0117318,0.0109923
0.0199428,0.0135037,0.00776895,0.0272507,0.00630075,0.00759051
0.0463387,0.0280364,0.0166834,0.0650797,0.0171183,0.0184499
0.00646372,0.00445367,0.00275233,0.00988621,0.00271165,0.00305623
0.00897457,0.0059971,0.0024187,0.0239561,0.00688628,0.00997885
0.026096,0.0170081,0.00686381,0.0477241,0.0118115,0.00902993
0.036236,0.0238605,0.016667,0.0433339,0.012687,0.016592
0.00605876,0.00418276,0.00286949,0.0125468,0.00431297,0.0023704
0.010024,0.00692858,0.00456594,0.00700622,0.000292547,0.00414739
0.00491428,0.00343749,0.00302273,0.0142271,0.00457807,0.00102981
0.0353972,0.0225627,0.00907707,0.0627351,0.0149891,0.0137337
0.0102822,0.00743444,0.0054122,0.0177561,0.00457194,0.00373081
0.0141671,0.00968306,0.00519099,0.0220447,0.00508098,0.00529888
0.0258577,0.0167907,0.0120495,0.046276,0.0125967,0.0202904
0.00834719,0.0057192,0.00432046,0.0158167,0.00326829,0.00596738
0.0068152,0.00449208,0.00281002,0.0174585,0.00324932,0.0036226
0.0179355,0.0123155,0.00593181,0.0256015,0.00828641,0.00955173
0.0085513,0.00574081,0.00240645,0.0161329,0.00397281,0.00549295
0.0137509,0.00950682,0.00492282,0.0177225,0.00459688,0.00602727
0.007024,0.00507318,0.00241313,0.0164183,0.00494194,0.0107398
0.0425061,0.0258263,0.0390128,0.150778,0.0392648,0.0663706
0.0154472,0.0105739,0.00413551,0.0252975,0.00758987,0.0152424
0.0304138,0.0185542,0.0192027,0.0837585,0.0213428,0.0242979
0.0235905,0.0151993,0.00562466,0.0402125,0.0099233,0.0114134
0.0143266,0.00974112,0.00542789,0.0293048,0.00973452,0.00471866
0.0255248,0.0131872,0.0110325,0.0441137,0.0109115,0.00796054
0.027167,0.0132722,0.0111541,0.0415467,0.00980342,0.00679261
0.0116177,0.00787609,0.00541326,0.0247141,0.00437373,0.00445159
0.00733457,0.00496797,0.00298535,0.0112599,0.0032834,0.007378
0.0109718,0.00772231,0.00353231,0.0168491,0.00561308,0.0105354
0.0442011,0.0267538,0.027743,0.111865,0.0274297,0.0531799
0.0100589,0.00727882,0.00842603,0.0402478,0.00909729,0.0112268
0.00593524,0.00425688,0.00231584,0.0126277,0.00309444,0.00339742
0.0124037,0.00800284,0.00535988,0.0272641,0.00520371,0.00374769
0.0305145,0.0203134,0.0147216,0.0482788,0.00873304,0.014618
0.0322967,0.0213072,0.0109702,0.0580654,0.0144056,0.01643
0.0200779,0.0131884,0.00544267,0.0301826,0.00934898,0.00957422
0.027358,0.0181481,0.00896027,0.0358553,0.0103449,0.0123074
0.022492,0.0149098,0.00756549,0.0212869,0.00620093,0.00504228
0.0106797,0.0073403,0.00524296,0.0151247,0.00428971,0.00660356
0.0418672,0.0216894,0.0156445,0.0542381,0.0143171,0.0158873
0.0155984,0.0104304,0.0395821,0.0476155,0.0125361,0.030676
0.00833764,0.00592627,0.00444177,0.0282312,0.00962771,0.0206742
0.0232491,0.0156487,0.00569713,0.0505486,0.0156251,0.0231792
0.00721749,0.00487998,0.00259676,0.0125483,0.00488349,0.00103527
0.00836345,0.00594621,0.00461746,0.0160139,0.00476724,0.00196957
0.0183691,0.0122858,0.0100126,0.0635112,0.0189453,0.0242665
0.0079638,0.00556056,0.002985,0.0169679,0.00256358,0.00413846
0.0155483,0.0107345,0.0149383,0.0463629,0.0112316,0.0276727
0.0083247,0.00560974,0.00358409,0.0177403,0.00439612,0.00527112
0.0310494,0.0203022,0.0111744,0.0338142,0.0100608,0.0163669
0.0138616,0.00929659,0.00426974,0.0209091,0.00385922,0.00550331
0.0380825,0.0245627,0.0202291,0.0681892,0.0181471,0.036158
0.0123073,0.00811851,0.00441374,0.0173913,0.00481255,0.00503109
0.0467218,0.0292717,0.0149885,0.0663115,0.0177629,0.0320363
0.00517921,0.00363121,0.00293021,0.00991049,0.00371512,0.0013136
0.0340553,0.0223943,0.0114956,0.0323665,0.0107287,0.0119098
0.0104248,0.00678051,0.00424298,0.0185592,0.00360246,0.0074408
0.0130429,0.00861598,0.00433788,0.0186835,0.00528561,0.00796807
0.00684966,0.00491816,0.00325002,0.0106242,0.00352553,-4.01627e-05
0.0142168,0.00929199,0.00558447,0.0261967,0.00559612,0.00426189
0.0128576,0.00836247,0.0107812,0.0668741,0.0166223,0.0237056
0.0194741,0.013223,0.0055802,0.0185373,0.00507817,0.015809
0.0260966,0.0168994,0.0116301,0.0472191,0.0130936,0.033589
0.0111763,0.00775156,0.00491392,0.00776004,0.00138512,0.0113194
0.035843,0.0191317,0.0109115,0.0593291,0.0150871,0.0256137
0.0186726,0.0123989,0.00647375,0.0371566,0.00947796,0.00993713
0.0107907,0.0076062,0.00335792,0.0266841,0.00651763,0.00809967
0.0392369,0.0241615,0.0120968,0.0592003,0.0152508,0.00801771
0.0288609,0.0182149,0.0103536,0.0433273,0.0105903,0.00429315
0.0193923,0.0128757,0.00711908,0.0100264,0.0041932,0.00428616
0.0182621,0.0125008,0.0065097,0.0300926,0.00827234,0.00573082
0.0185101,0.0122249,0.00992618,0.0317005,0.00723148,0.0111622
0.0265481,0.0174737,0.00990304,0.0381502,0.0104391,0.0123022
0.0278374,0.0186367,0.0185896,0.0699061,0.0179258,0.0201249
0.0100363,0.00529606,0.00639782,0.0151156,0.00532893,0.00518808
0.0100257,0.00390293,0.00753954,0.00994627,0.00270064,0.00631318
0.00641726,0.00432186,0.00134319,0.0109502,0.00180308,0.00453338
0.00741937,0.00488814,0.0030755,0.010681,0.00399137,0.00232781
0.0262927,0.017697,0.00704572,0.0318229,0.00785892,0.0107234
0.0107453,0.00731808,0.00548114,0.0215126,0.0070795,0.00350716
0.0272919,0.0137807,0.0165726,0.0755355,0.0201352,0.03524
0.00979719,0.00426932,0.00502565,0.0152123,0.00504498,0.00330802
0.0356136,0.0236432,0.00689661,0.0367605,0.0109942,0.026853
0.00500177,0.00337895,0.00245034,0.0119463,0.00287171,0.00371963
0.0142567,0.0091822,0.00449883,0.0188201,0.00509865,0.0070863
0.0128565,0.00846659,0.0025214,0.0345016,0.00704587,0.00486488
0.00709699,0.00487765,0.003239,0.0260686,0.00513129,0.0033461
0.02366,0.0153176,0.010346,0.0435373,0.0116089,0.0155959
0.0419201,0.0157159,0.0196283,0.107931,0.0261131,0.0352427
0.0175556,0.0120363,0.00430288,0.0239467,0.00692565,0.00517224
0.0123509,0.00800372,0.00384031,0.0125259,0.00476247,0.00426743
0.00706466,0.00527803,0.0029013,0.0110002,0.00377717,0.00162599
0.00750828,0.00540148,0.00245586,0.0228127,0.00412209,0.00779022
0.021373,0.014195,0.0131952,0.0544633,0.0144377,0.0120817
0.0083344,0.00577701,0.00168614,0.0170014,0.00574188,0.00400619
0.00738751,0.00553369,0.00165992,0.0148612,0.00436321,0.00783392
0.0457169,0.0287189,0.0200608,0.025001,0.003921,0.0111465
0.0259305,0.0175523,0.00867898,0.0269422,0.00597543,0.00562693
0.00562323,0.00409095,0.00386462,0.00581386,0.000260116,0.00339805
0.00513584,0.00353174,0.00225726,0.0154056,0.00240901,0.00313152
0.0159989,0.0108116,0.00561151,0.0158797,0.00427906,0.00762727
0.00458857,0.00334087,0.00402914,0.0120593,0.00272984,0.00440868
0.0232944,0.0155087,0.0120932,0.0349614,0.00861015,0.00832539
0.0302842,0.0205009,0.0133635,0.0617397,0.0176509,0.00717009
0.0189649,0.0125938,0.0114222,0.0231519,0.00634637,0.00643807
0.00865443,0.00576163,0.0033779,0.0408182,0.00995626,0.00500133
0.0222861,0.0149114,0.00723554,0.0338852,0.00953153,0.0112281
0.0342386,0.02328,0.0166611,0.0156995,0.00656898,0.0564598
0.0101306,0.00711697,0.00368759,0.01672,0.0045068,0.00365104
0.0243691,0.016298,0.00726171,0.0275141,0.00725784,0.01276
0.0107611,0.00725101,0.00431745,0.0192597,0.00323768,0.00851505
0.0077492,0.00541658,0.00805245,0.0164269,0.0048784,0.00321842
0.0067793,0.00455392,0.0034572,0.0116675,0.00245516,0.00404085
0.0129199,0.00741585,0.00611527,0.0287392,0.00520747,0.00731409
0.0142996,0.00978525,0.013624,0.0197446,0.00668211,0.00582859
0.0163167,0.00718344,0.00795438,0.0410394,0.0124087,0.0214855
0.0191542,0.010324,0.00895085,0.0541203,0.012992,0.0197325
0.0201686,0.0134679,0.00459396,0.0328783,0.00811155,0.00457022
0.00920106,0.00637364,0.00435239,0.0204452,0.00573369,0.00576264
0.0760306,0.0431088,0.0239646,0.0881915,0.0210436,0.0348839
0.0124136,0.00833679,0.0067093,0.0238999,0.00570377,0.00534393
0.0319977,0.0208807,0.0156324,0.0642301,0.0152096,0.0209988
0.00757383,0.00532921,0.0082386,0.0291588,0.00766777,0.0108522
0.0103563,0.00733855,0.0127158,0.0509454,0.0137514,0.0241525
0.00611229,0.00383278,0.0022548,0.0183268,0.00515475,0.00224921
0.0128975,0.00863175,0.0093532,0.0647442,0.0182782,0.0172566
0.00641802,0.00455447,0.00332341,0.0143483,0.00265879,0.00396749
0.0141864,0.00970537,0.00571067,0.0178784,0.00369292,0.00724643
0.0078257,0.00569263,0.00156561,0.0148,0.0040272,0.0053509
0.00535933,0.00379086,0.00323907,0.00261411,0.00104703,0.0037345
0.0348969,0.0228539,0.0103825,0.0509671,0.010224,0.0145198
0.00690204,0.00443364,0.00360905,0.0152645,0.00343886,0.0017545
0.0130347,0.00880092,0.0043058,0.0173585,0.0030802,0.00831639
0.014465,0.0101105,0.00484624,0.0267029,0.00643011,0.00805841
0.0232899,0.0151875,0.00911671,0.03857,0.00953707,0.0101644
0.0182951,0.0123904,0.00483138,0.038886,0.00813866,0.0064412
0.00609919,0.00420297,0.00354233,0.0141312,0.00450786,0.00201458
0.0263707,0.0172754,0.00871843,0.0417376,0.0100413,0.00679891
0.0375417,0.0240215,0.0216561,0.0587749,0.016804,0.0236936
0.0114126,0.00770259,0.00338343,0.0305826,0.00838398,0.00630593
0.0141439,0.00973741,0.00458859,0.0325358,0.0106959,0.00473821
0.0187812,0.0129177,0.0111839,0.0439019,0.0110977,0.00825044
0.00960256,0.00682763,0.00400084,0.0112237,0.00441075,0.00691471
0.00504637,0.003339,0.00219045,0.011093,0.0029027,0.00312659
0.0103193,0.00745981,0.00563517,0.0298123,0.00883029,0.00731008
0.0113641,0.00767355,0.00398029,0.0221954,0.00648287,0.00867648
0.00813367,0.00573229,0.00273251,0.0105479,0.00369188,0.00319617
0.00489741,0.00325065,0.00301205,0.0202146,0.00457977,0.00490788
0.0210982,0.0132538,0.0264027,0.0711474,0.0187714,0.0301291
0.0217062,0.0138788,0.00868259,0.069125,0.018826,0.0143234
0.0128082,0.0083141,0.00791878,0.0314086,0.00655641,0.00305937
0.0270113,0.0186523,0.0124611,0.0593295,0.0159071,0.0348758
0.0105562,0.00703061,0.00469162,0.0290473,0.00830855,0.017063
0.019048,0.0127616,0.00709698,0.0272588,0.00691427,0.0124467
0.0814763,0.0393203,0.0210792,0.0910706,0.0230606,0.0342054
0.0143781,0.00952489,0.00823014,0.0599637,0.0133476,0.0126492
0.0387491,0.0182657,0.0139733,0.0569662,0.0153982,0.0148881
0.0199366,0.0131888,0.00659352,0.02465,0.00839787,0.0197519
0.047566,0.0283626,0.0155164,0.0676258,0.0176166,0.029558
0.00950746,0.00645338,0.00405795,0.0143022,0.00542281,0.00688059
0.00639259,0.00438504,0.00325594,0.0137002,0.00288035,0.00181046
0.00490088,0.00323006,0.00343871,0.0148959,0.00250205,0.00396991
0.0133047,0.00921923,0.00605394,0.021348,0.00628401,0.0190521
0.0223658,0.014488,0.00649927,0.0417263,0.0106422,0.0103846
0.00904286,0.00629037,0.00410007,0.0178791,0.00480042,0.00702977
0.0157269,0.0109814,0.00586722,0.0230333,0.00780482,0.00867649
0.0347308,0.021759,0.0143074,0.114609,0.0293809,0.0407997
0.0113414,0.00792906,0.00437554,0.0298479,0.00830144,0.0109364
0.037048,0.023572,0.010511,0.0678941,0.0140927,0.00879399
0.019535,0.0130037,0.00803622,0.0150295,0.00582259,0.00525388
0.0223016,0.0153678,0.0135486,0.0577757,0.0150787,0.029063
0.0180956,0.0119808,0.00509786,0.0280347,0.00644177,0.0073479
0.00587089,0.00390857,0.00327057,0.0183878,0.00346177,0.00439116
0.00622894,0.00408125,0.00369893,0.0163711,0.00282491,0.00350919
0.0116931,0.00831923,0.00497923,0.0185613,0.00309588,0.00104577
0.00840292,0.00573578,0.013361,0.0461651,0.0129437,0.0149705
0.0083158,0.00582747,0.00531866,0.0137098,0.0046732,0.00426607
0.0177467,0.0121368,0.009435,0.0132808,0.000778347,0.011475
0.0156501,0.00838749,0.00744822,0.0411651,0.0108514,0.011709
0.0202992,0.0101822,0.00862037,0.0412257,0.0102165,0.0135956
0.0137671,0.00952746,0.00873209,0.0225394,0.00751158,0.00186157
0.00425063,0.00316884,0.00177116,0.0156721,0.00437262,0.00201882
0.0257074,0.0172348,0.0106359,0.0386746,0.0102997,0.0321441
0.0210074,0.0145889,0.00568156,0.0313692,0.00960966,0.00822619
0.00525946,0.00336646,0.00182721,0.0132914,0.00428505,0.00954795
0.00649262,0.00448136,0.00249379,0.0207233,0.00443923,0.00701331
0.0337421,0.0202868,0.0146243,0.0854544,0.0215615,0.0194998
0.0134251,0.00902397,0.00510902,0.0136607,0.00117498,0.00878113
0.0163996,0.0112927,0.00461798,0.0338339,0.00716431,0.00262563
0.0227014,0.0152076,0.0061601,0.0267777,0.00727804,0.00850773
0.00861934,0.00631696,0.00298099,0.018526,0.00466842,0.00110747
0.0312661,0.0206035,0.0219319,0.101495,0.028054,0.0546169
0.0299935,0.0199098,0.00881935,0.0352214,0.00945895,0.00572518
0.0157876,0.0101083,0.00549902,0.0260854,0.00581016,0.00462756
0.0118899,0.00804942,0.0040103,0.0241692,0.00552426,0.00528128
0.0312649,0.0197849,0.0245006,0.0941889,0.0243996,0.0557558
0.0330036,0.0212514,0.0239289,0.0870404,0.0207825,0.0245
0.0267549,0.0172361,0.00963815,0.0435533,0.0121331,0.0206741
0.00584491,0.00396932,0.00292946,0.014691,0.00365026,0.00292726
0.0194793,0.0128772,0.015261,0.0554638,0.0119162,0.0327323
0.0299081,0.0129817,0.0222143,0.142366,0.0376396,0.0374362
0.030216,0.0130892,0.0203925,0.117146,0.0276818,0.0307831
0.0343976,0.0219344,0.0169534,0.0567531,0.0129069,0.00603382
0.0192139,0.0132893,0.0072995,0.0288075,0.00694424,0.00344735
0.0375235,0.0238175,0.0119944,0.0481826,0.0113221,0.00935686
0.0125654,0.00859421,0.00337467,0.0176776,0.00566875,0.00527352
0.0142589,0.00968768,0.00398931,0.0165513,0.00516224,0.0058514
0.0143355,0.00943431,0.00536222,0.0275831,0.0076429,0.00639269
0.00590173,0.00386821,0.00907407,0.0504571,0.0140032,0.010242
0.0263344,0.0160051,0.015135,0.0651862,0.0153793,0.0135832
0.0117918,0.00805832,0.00338216,0.0207986,0.00441172,0.0116203
0.0100335,0.00670724,0.00375631,0.0215186,0.00444483,0.00225906
0.0172433,0.00964574,0.00704339,0.0259607,0.00682677,0.00947653
0.0155776,0.00907876,0.0064691,0.0129525,0.00420327,0.00911831
0.0192131,0.0132236,0.00603097,0.020324,0.00518967,0.0103807
0.0390003,0.0220431,0.0865734,0.233795,0.0618159,0.0818001
0.0161173,0.0115492,0.0058693,0.0241328,0.00639106,0.0127638
0.00821768,0.0059126,0.00938271,0.0459165,0.0115077,0.018585
0.0476607,0.023138,0.0237936,0.0851426,0.0227418,0.0342568
0.011926,0.00820866,0.00366128,0.0175468,0.00475082,0.0044929
0.00483791,0.00347162,0.00126621,0.0134206,0.0024404,0.00288687
0.0103404,0.00724706,0.0106842,0.0539788,0.0120481,0.0184376
0.00793381,0.00591434,0.00399527,0.016463,0.00362659,0.00266506
0.0141372,0.0092496,0.0047332,0.0267796,0.00618175,0.000988306
0.0071235,0.00491125,0.0037325,0.0177205,0.00454321,0.00397658
0.0279569,0.0139429,0.00959204,0.0468439,0.0122614,0.0127936
0.0318268,0.0208024,0.0115885,0.0501487,0.0118752,0.0150099
0.0163613,0.00755896,0.00580518,0.00998966,0.00163466,0.0107304
0.00524934,0.00376409,0.0024058,0.0144432,0.00439382,0.0024363
0.0391192,0.0244494,0.0129958,0.0518336,0.0132337,0.0128849
0.00411852,0.00290204,0.00182332,0.0126634,0.00135038,0.00162767
0.0219697,0.0140234,0.028637,0.102662,0.0287215,0.0561621
0.0157633,0.0103312,0.0033234,0.0316505,0.00874852,0.00564237
0.0123136,0.00842314,0.00533145,0.0254511,0.00617342,0.006543
0.00727319,0.00524719,0.00276061,0.0142708,0.00239871,0.0038116
0.0262663,0.0175436,0.00853444,0.0527115,0.0147081,0.0133468
0.0343565,0.0193731,0.0112767,0.0590802,0.0154934,0.0120114
0.0285097,0.016214,0.0080942,0.0314243,0.00697323,0.00398924
0.0118395,0.00825654,0.00487102,0.027275,0.00823304,0.00524425
0.0334782,0.0214297,0.0105619,0.0426835,0.0119322,0.0110559
0.0147374,0.0100291,0.00475942,0.0282859,0.00810015,0.0226271
0.0067459,0.00464573,0.00327947,0.0144755,0.00428069,0.00259206
0.0156201,0.0109697,0.00527155,0.017301,0.00353817,0.00537419
0.0306349,0.0197821,0.0117765,0.054862,0.0164963,0.0168744
0.0110085,0.00733844,0.00413426,0.0180484,0.00522552,0.00591418
0.0394054,0.0249422,0.0115226,0.0561347,0.0145606,0.0119044
0.0355446,0.0232079,0.0116942,0.0528074,0.0131244,0.0130756
0.00822906,0.00577176,0.00329963,0.00880293,0.0033394,0.00248766
0.00596568,0.00430223,0.00287196,0.0343919,0.00896023,0.00817644
0.0474845,0.0295035,0.0118894,0.0706892,0.0174595,0.0130465
0.0344714,0.0221185,0.0228892,0.110096,0.0312221,0.0403931
0.0329993,0.0212538,0.0104183,0.04808,0.0119509,0.0289621
0.0177254,0.0119539,0.00423353,0.0389606,0.00871522,0.00407778
0.0101826,0.00388251,0.00442348,0.0281643,0.00810624,0.00523895
0.0176169,0.0102037,0.00679971,0.0237827,0.0060795,0.00473097
0.00540155,0.00367206,0.00299798,0.000250268,0.00143088,0.00665373
0.0185946,0.0121434,0.0075945,0.0339461,0.0102541,0.0161082
0.0238825,0.0159025,0.00621603,0.042005,0.0107016,0.0111134
0.026951,0.0177356,0.0100819,0.0500046,0.010892,0.0252115
0.0292209,0.018893,0.0180483,0.0519189,0.0130344,0.0163515
0.0150239,0.0077226,0.00542905,0.0309449,0.00665694,0.00586172
0.0157009,0.0107068,0.00419615,0.0242204,0.0054256,0.00439878
0.00709937,0.00521299,0.0057064,0.0403068,0.0097303,0.0117754
0.00864032,0.00585238,0.00692806,0.0385407,0.0110859,0.00860636
0.0223729,0.014848,0.00699919,0.0417001,0.0103019,0.00939383
0.0321384,0.0214129,0.00868838,0.0454967,0.0129109,0.0158054
0.0102153,0.00670809,0.00369854,0.0124242,0.00272837,0.00353112
0.0230105,0.0147424,0.00964986,0.116739,0.0291329,0.0309551
0.0154568,0.0102823,0.006281,0.0268262,0.00564635,0.0116096
0.0494192,0.0295768,0.0161042,0.105191,0.0268449,0.0202734
0.00640908,0.00439256,0.00265691,0.0101402,0.00394343,0.00943482
0.0216263,0.0144741,0.0180966,0.0858214,0.0212158,0.00789633
0.0240952,0.0152515,0.00834109,0.0396302,0.0120488,0.00858182
0.00996208,0.00662541,0.00360667,0.0133598,0.00508623,0.0036545
0.00492008,0.00343952,0.00270365,0.0168271,0.00419231,0.00225169
0.0129073,0.00891689,0.00709644,0.0782536,0.01972,0.0189684
0.0097054,0.00566943,0.00395878,0.020899,0.00433897,0.00495847
0.00917092,0.00375124,0.00450733,0.0178929,0.00203876,0.0063333
0.0186098,0.0130519,0.00532,0.0209861,0.00531334,0.00204362
0.00735147,0.00516415,0.00311539,0.0134985,0.00407604,0.001825
0.018466,0.00733326,0.00907566,0.0400999,0.00934812,0.00927671
0.0218843,0.00787094,0.00980299,0.0382711,0.0104151,0.00830742
0.0151397,0.00826231,0.00402996,0.0289577,0.00720998,0.00747152
0.0143358,0.00940976,0.0096272,0.0533278,0.0163609,0.0215058
0.0343912,0.0224075,0.01675,0.0609193,0.017615,0.0434155
0.0118234,0.00751427,0.00412231,0.0276693,0.00983252,0.0179616
0.00907168,0.00477728,0.00308633,0.0179661,0.00523178,0.00422085
0.0207055,0.00911839,0.00807466,0.0518055,0.0120887,0.0170475
0.0109562,0.00455322,0.00609673,0.0489141,0.011025,0.00745805
0.0110562,0.0044566,0.00629365,0.0417562,0.00830957,0.00571279
0.0267873,0.0169732,0.0180093,0.0626622,0.019286,0.0671432
0.0288096,0.0180815,0.0487151,0.197081,0.0551293,0.112264
0.0365484,0.0244796,0.0191331,0.101624,0.0266564,0.0444344
0.00819776,0.00556283,0.00225294,0.0159758,0.0029478,0.00316438
0.0123717,0.00821303,0.00449082,0.0238927,0.00541612,0.00482768
0.0170624,0.0117786,0.00526473,0.0235977,0.00509802,0.0099997
0.0220773,0.0148204,0.00633894,0.0283695,0.00752119,0.0143489
0.00796388,0.00546075,0.00248031,0.0317206,0.0101659,0.00579461
0.0238258,0.0152325,0.00605237,0.041651,0.0112202,0.0118888
0.00964066,0.00685774,0.00334561,0.0247381,0.00728228,0.00602059
0.00916691,0.00435609,0.00480912,0.0277867,0.00721752,0.00599407
0.0160473,0.0100228,0.0127085,0.0285807,0.00563941,0.0133089
0.0121531,0.00791336,0.00517613,0.0193509,0.0044778,0.00510208
0.0191945,0.0123011,0.0117516,0.0916239,0.0227325,0.0346132
0.0347503,0.0227945,0.0106477,0.053995,0.0129672,0.0211737
0.0117461,0.00803312,0.00452365,0.0242338,0.00495011,0.005855
0.0107863,0.00774139,0.00431617,0.0164491,0.00290341,0.00240328
0.0252505,0.0159346,0.0142566,0.0727807,0.0183881,0.0255982
0.00636214,0.00430343,0.00317319,0.0232815,0.00475052,0.00359796
0.0229387,0.0151209,0.00498346,0.0377482,0.0091528,0.00803347
0.0190116,0.0124063,0.00553318,0.0277229,0.00871653,0.00755099
0.0195633,0.00968389,0.0074734,0.0405543,0.00933801,0.00698056
0.0659315,0.0375967,0.0530415,0.146825,0.0400655,0.0525224
0.00926755,0.00656677,0.00350149,0.00980751,0.00304009,0.00729368
0.0194558,0.0129384,0.0256775,0.0966169,0.0243678,0.0308455
0.0121812,0.00827257,0.00382006,0.022709,0.00793162,0.00391544
0.00630759,0.00429613,0.00350633,0.0216114,0.00444273,0.00343086
0.0150417,0.00996445,0.00587015,0.015747,0.00516563,0.00360938
0.0140134,0.00957007,0.00395357,0.0061384,0.0013562,0.00756448
0.0106938,0.00764302,0.0037559,0.012664,0.00260806,0.00285235
0.0192698,0.0125939,0.00430692,0.0244514,0.00733588,0.00430178
0.0119509,0.00756104,0.00388643,0.0255051,0.00728038,0.0110107
0.0111715,0.00763165,0.00360688,0.0218482,0.00464682,0.0134911
0.0107683,0.00734388,0.0034251,0.0249118,0.00624603,0.00302818
0.0119483,0.00824703,0.00804739,0.0256471,0.00565927,0.00426384
0.00752095,0.00539234,0.0029422,0.0162184,0.00211222,0.00114058
0.0210851,0.0143876,0.00781422,0.0619871,0.01537,0.0106293
0.0325409,0.01651,0.0513297,0.232464,0.0699502,0.0928337
0.0533866,0.0277713,0.109856,0.377763,0.0951605,0.153086
0.00707549,0.00490429,0.00213884,0.020387,0.00412228,0.00212604
0.0437185,0.0287914,0.0168225,0.0438639,0.0122964,0.0394246
0.0188321,0.0104535,0.00585023,0.0283115,0.00532536,0.00536474
0.0306171,0.0200175,0.0226338,0.0968148,0.0267453,0.0339165
0.0176765,0.0121094,0.00912351,0.0570612,0.0149313,0.0212643
0.0169527,0.0118067,0.00367581,0.0286597,0.00697447,0.00605182
0.0116002,0.00788379,0.00383466,0.0231503,0.00554669,0.0122453
0.0298552,0.0185296,0.0103268,0.0559032,0.0158854,0.0179959
0.00466759,0.00301638,0.00240889,0.0318842,0.00770629,0.00429294
0.0427433,0.0272246,0.0166876,0.0606532,0.0135295,0.0130389
0.00939989,0.00665068,0.00317476,0.0209239,0.00371863,0.004065
0.0138462,0.00530792,0.0136891,0.0409943,0.0103292,0.00625663
0.0371249,0.024228,0.017137,0.0739026,0.0195739,0.0213407
0.012282,0.00851872,0.00425209,0.0250147,0.0057416,0.00887344
0.0127181,0.0085403,0.00373701,0.0170291,0.00423014,0.00615096
0.0124249,0.0084149,0.00489992,0.0163253,0.00397208,0.00193955
0.0106138,0.00733284,0.0029417,0.0210286,0.00544629,0.00957305
0.0371547,0.0233749,0.0157401,0.0916087,0.0219707,0.013299
0.0121516,0.00809049,0.00221803,0.0157963,0.0034301,0.00195805
0.0156635,0.0105098,0.00540549,0.0394576,0.0107266,0.0181734
0.00608324,0.00431367,0.00464296,0.0169521,0.00382692,0.00592562
0.0478499,0.0287462,0.0212941,0.100205,0.0253154,0.0217395
0.0142395,0.00985687,0.00680832,0.0297575,0.00593124,0.0149381
0.016106,0.0106722,0.00550687,0.0254683,0.00723671,0.00800598
0.0052974,0.00321613,0.00251478,0.0110784,0.00395759,0.00194953
0.0239903,0.0156315,0.00691892,0.0357456,0.00915712,0.00322807
0.0205161,0.00740279,0.0177365,0.126035,0.0458849,0.0854338
0.0810116,0.0319662,0.111409,0.536672,0.137537,0.337222
0.0180082,0.0126269,0.00611342,0.0242691,0.00497152,0.00567753
0.0117462,0.00828776,0.00535541,0.025785,0.00718343,0.00652692
0.00694894,0.00456924,0.00740595,0.0274248,0.00964217,0.0119772
0.0133922,0.00916566,0.00579802,0.0228491,0.00582813,0.00652166
0.0172801,0.0114764,0.004175,0.0381139,0.00852352,0.0120117
0.0116044,0.00781766,0.00410799,0.0220157,0.00604031,0.00442098
0.0198255,0.0133645,0.00821892,0.02621,0.00821529,0.00717686
0.00670365,0.00493249,0.00255141,0.0153725,0.00308727,0.0013801
0.00562553,0.00370707,0.00160396,0.0181683,0.00372087,0.00323701
0.0100942,0.00721229,0.00283203,0.0153607,0.00510109,0.0082383
0.01232,0.00856027,0.00215442,0.0133242,0.00406304,0.00385242
0.00983137,0.00673742,0.00445069,0.0155822,0.00461092,0.00747613
0.0135214,0.00949912,0.00483211,0.0153481,0.00378657,0.00269166
0.00452118,0.00310614,0.0030049,-0.0032475,0.000173066,0.00192206
0.0434454,0.0231426,0.0141765,0.0623162,0.0167229,0.0117411
0.00713027,0.00486954,0.00298128,0.0164816,0.004554,0.00884038
0.0190665,0.0125583,0.00608126,0.023532,0.00725474,0.00722874
0.00876328,0.00562141,0.00290369,0.0112784,0.00310621,0.00456924
0.0116644,0.00778009,0.00258426,0.0165042,0.00513735,0.00498233
0.00469175,0.00340454,0.00181111,0.0166703,0.00245267,0.00219283
0.0209044,0.0141955,0.00553468,0.0335341,0.00991598,0.010551
0.0399808,0.0238324,0.0158442,0.082108,0.0229306,0.0409566
0.0224278,0.0153154,0.0125743,0.0621675,0.0165982,0.0260739
0.0196704,0.0134839,0.0070199,0.0322016,0.00953785,0.00404202
0.0271522,0.0179314,0.00779368,0.02766,0.0043817,0.0192186
0.00536901,0.00367814,0.00282572,0.0191945,0.00443504,0.00154347
0.00880458,0.00572586,0.00251241,0.018112,0.00510663,0.00134665
0.0138344,0.00915161,0.00556906,0.0286689,0.0082755,0.0127704
0.0119815,0.00828118,0.00786407,0.0505345,0.0145099,0.012626
0.0172019,0.0120355,0.0049495,0.0239589,0.00590956,0.0161858
0.0209944,0.0141396,0.00937459,0.0597027,0.013867,0.0108019
0.0192874,0.012642,0.00907282,0.0337607,0.00699223,0.0181099
0.00558261,0.00383627,0.00314897,0.015025,0.00276238,0.00229852
0.0214883,0.0144154,0.00730716,0.0304541,0.00915244,0.00501718
0.00782457,0.00551468,0.00299316,0.0128289,0.00329684,0.00749438
0.00973202,0.00674782,0.00513574,0.0189472,0.00477905,0.00654953
0.0446212,0.0242046,0.0233194,0.111227,0.0295857,0.0318078
0.00960037,0.00675703,0.00441425,0.018356,0.00455896,0.00959933
0.00682415,0.00505367,0.00463581,0.0192268,0.00388678,0.00339763
0.0189948,0.0124885,0.00620798,0.0293992,0.00738082,0.00471674
0.0164529,0.0116064,0.00482102,0.0253641,0.00595608,0.00723105
0.0296973,0.0187418,0.0117192,0.0623078,0.0155263,0.0262958
0.0227639,0.011111,0.00432706,0.0498186,0.0138152,0.0167987
0.0301019,0.0111998,0.00769582,0.0640937,0.0160814,0.0241203
0.0159625,0.00776147,0.00500291,0.035753,0.00680271,0.0159688
0.0163311,0.0107788,0.00574208,0.018415,0.00466683,0.00534977
0.00705309,0.00495621,0.00463267,0.0167031,0.00437237,0.00708428
0.00475551,0.0034678,0.00251707,0.0137277,0.002394,0.000861452
0.0271574,0.0178469,0.00938768,0.0333525,0.00979458,0.013458
0.0088419,0.00591731,0.00389724,0.0224567,0.00486858,0.00512936
0.00965232,0.00657124,0.00318502,0.0104987,0.00340415,0.00505947
0.0110179,0.00742412,0.00447407,0.0148515,0.00550137,0.00547537
0.0219812,0.011217,0.00838835,0.0351765,0.00970681,0.0144154
0.0236118,0.0112342,0.00887748,0.0405794,0.00892633,0.0148732
0.0110176,0.0077343,0.004152,0.0142639,0.00451708,0.00395889
0.0562661,0.022045,0.0525081,0.213937,0.0538931,0.0983488
0.0608522,0.0218926,0.0500751,0.181079,0.0402932,0.0894363
0.0435147,0.0277743,0.0167486,0.0864471,0.023475,0.0404759
0.014855,0.01006,0.00504872,0.0233696,0.00526154,0.00777787
0.0339474,0.0158096,0.00991829,0.0318481,0.00881366,0.00813691
0.0106564,0.00755223,0.00373642,0.0215519,0.00410329,0.00313822
0.0328543,0.0212835,0.0103363,0.0489464,0.0139717,0.011586
0.0279785,0.0188465,0.00565264,0.0309107,0.00866437,0.0144115
0.00491428,0.00338204,0.00818868,0.0145456,0.00451936,0.00428454
0.0284392,0.0188565,0.0186412,0.10545,0.0268537,0.0563041
0.00937426,0.00594839,0.00368052,0.0199195,0.00442812,0.0051222
0.00889649,0.00611927,0.00330189,0.022814,0.00502966,0.000211191
0.022212,0.0151055,0.0119247,0.030224,0.00760534,0.00702579
0.00649777,0.00442182,0.00286718,0.0135373,0.00223324,0.000962517
0.0203315,0.0110818,0.00712575,0.0257373,0.00585163,0.0109668
0.0263442,0.0170952,0.00871461,0.0317156,0.00914596,0.00507966
0.0140475,0.00534424,0.00598375,0.0301025,0.00848205,0.00759317
0.0141321,0.00561524,0.00572581,0.0267819,0.00601691,0.00721897
0.0194356,0.0130507,0.00726211,0.0306006,0.0087648,0.00624476
0.0133246,0.00903945,0.00573273,0.0261035,0.00541078,0.00599502
0.0133051,0.00913829,0.00372459,0.0251991,0.00561576,0.00472354
0.0207236,0.0139849,0.0156438,0.0567976,0.0146084,0.0189508
0.0292004,0.0195223,0.00686475,0.0351061,0.00854429,0.0134805
0.0127946,0.00863607,0.00264036,0.0317772,0.00766967,0.00271015
0.0433381,0.0233323,0.0163513,0.0439633,0.0140696,0.0147872
0.00877707,0.00596641,0.0036945,0.00887804,0.00356577,0.00676879
0.0105904,0.00706829,0.00404322,0.030726,0.0101713,0.0282983
0.00922754,0.00609189,0.00371913,0.022226,0.00411096,0.00167352
0.0135409,0.0091581,0.00476656,0.0215919,0.00588101,0.00149445
0.0176918,0.0123456,0.00974509,0.0387812,0.0091903,0.00694492
0.0132978,0.00945008,0.00549203,0.0176201,0.00384816,0.00439436
0.0102565,0.00689464,0.00391821,0.0237686,0.004467,0.00725792
0.0484886,0.0300138,0.0243748,0.124336,0.0312603,0.0456944
0.0164824,0.0108899,0.00418877,0.0339639,0.00935685,0.0155323
0.0127755,0.00867813,0.00717101,0.0256466,0.00591391,0.0056169
0.0326021,0.0215585,0.00856471,0.0422861,0.0123338,0.00955529
0.00475503,0.00347487,0.00151325,0.0282739,0.00433163,0.00900461
0.0179295,0.012172,0.008877,0.0350646,0.00764262,0.00597073
0.00888474,0.00602808,0.00380342,0.0112745,0.00403878,0.00384289
0.0137745,0.00958808,0.00585773,0.0235982,0.00739463,0.00522637
0.0100944,0.0067272,0.00344683,0.0221642,0.00506371,0.00186144
0.0140536,0.00924238,0.0172337,0.0492313,0.0125883,0.0227178
0.00909673,0.00617955,0.00484744,0.0207465,0.0038191,0.00881266
0.0111094,0.00765933,0.0041123,0.0158144,0.00314671,0.00269907
0.0170253,0.0115989,0.00697061,0.0278956,0.00676803,0.00711286
0.0145291,0.00972724,0.00448683,0.0216311,0.00513315,0.00922632
0.0123853,0.00829666,0.00508852,0.0359228,0.0083195,0.00234998
0.0196771,0.0131265,0.00732927,0.0636981,0.0150754,0.00931466
0.0110908,0.0075554,0.00449139,0.0190532,0.00598558,0.0105092
0.0177403,0.00749712,0.00549294,0.0371141,0.0107847,0.0150841
0.0230188,0.0111131,0.00672693,0.0326946,0.00895232,0.0144905
0.0316724,0.0210958,0.0148604,0.0615139,0.0158421,0.0262994
0.0193308,0.0126436,0.00643551,0.032537,0.0086399,0.00648365
0.00917562,0.00620918,0.00591851,0.0172916,0.00648147,0.00495136
0.0187631,0.0124917,0.00623685,0.0466584,0.013085,0.0225348
0.0103322,0.00696921,0.00491717,0.00932169,0.000774809,0.00659625
0.0349692,0.0226447,0.0231363,0.128986,0.0337508,0.0817252
0.02175,0.0147659,0.00508245,0.0377477,0.00677917,0.0135443
0.00721454,0.00507782,0.00406156,0.0248006,0.00583757,0.0132458
0.0186008,0.0125376,0.00515333,0.0168766,0.00367902,0.00787393
0.00863,0.00638643,0.00791821,0.0156505,0.00455558,0.002534
0.0255386,0.0171212,0.00807987,0.0397166,0.00918037,0.00757616
0.00435922,0.00324728,0.00199585,0.0156228,0.00445347,0.00465143
0.026532,0.0176724,0.00584987,0.0345872,0.0076613,0.00667234
0.0382744,0.0241618,0.019395,0.0733392,0.019858,0.023473
0.0214895,0.0144137,0.00941458,0.0279849,0.00697593,0.00517473
0.0313828,0.0203426,0.0139851,0.0800985,0.0231195,0.0381635
0.0250473,0.0156917,0.0168916,0.0906087,0.0253227,0.0430618
0.00772016,0.0056728,0.00638008,0.0137419,0.00397689,0.00562692
0.00481986,0.00307373,0.00279079,0.0174521,0.00396217,0.00404038
0.00459202,0.00314528,0.00367744,0.0108767,0.00228321,0.00210962
0.0173291,0.0122615,0.00647512,0.0264799,0.00650443,0.00998216
0.00607818,0.00298869,0.00259936,0.00711548,0.00298678,0.0038132
0.00919553,0.00615948,0.00277399,0.0107369,0.00246524,0.00348712
0.0235499,0.01552,0.00777907,0.0352696,0.0101104,0.00732877
0.0234891,0.0153827,0.0108186,0.0520431,0.0158753,0.0215051
0.0146536,0.010217,0.00652181,0.0326591,0.0119632,0.00723699
0.0366968,0.0222774,0.0176861,0.068868,0.0159585,0.0542531
0.00458658,0.00301681,0.00331143,0.0198237,0.00352297,0.00442968
0.00893079,0.00631269,0.00472488,0.0210488,0.00563027,0.00466967
0.00852137,0.00544714,0.0033671,0.0157708,0.00508305,0.00608272
0.0332762,0.0209556,0.0145098,0.0806258,0.0194606,0.016826
0.0336389,0.01958,0.0350684,0.179308,0.0461996,0.0643342
0.0153843,0.0100445,0.00569629,0.0230562,0.00600458,0.00554938
0.0105968,0.00748316,0.00374722,0.0202893,0.00533949,0.0137573
0.0181988,0.0119505,0.00948924,0.0614768,0.0156109,0.00697704
0.0356129,0.0215882,0.0278425,0.113481,0.0291586,0.102456
0.00630574,0.00446449,0.0027029,0.0208006,0.00485044,0.00630268
0.00875834,0.00620983,0.00255667,0.0169379,0.00386898,0.0023441
0.00908217,0.00643428,0.00289844,0.0268542,0.00614356,0.0138868
0.00759181,0.00545791,0.00319947,0.0135584,0.00471766,0.00688875
0.0415103,0.025788,0.0268477,0.125794,0.0326779,0.0228531
0.0238191,0.0146167,0.00806338,0.0330119,0.00913035,0.0167325
0.0134553,0.00907905,0.00474272,0.0278442,0.00765817,0.00184719
0.0169153,0.0116503,0.00620856,0.0302262,0.0072251,0.0126685
0.0109625,0.00746937,0.00243367,0.0198556,0.00500463,0.00512104
0.0171098,0.0117769,0.00730435,0.0108106,0.000385471,0.00667629
0.00756003,0.00489106,0.00471614,0.0109069,0.00238518,0.00312382
0.0150173,0.00990588,0.0075089,0.0350345,0.0102399,0.00860375
0.00925191,0.00659866,0.00338331,0.0100743,0.00271842,0.00398113
0.01669,0.0111139,0.007695,0.0215025,0.00683799,0.0189039
0.0477862,0.0275708,0.0153984,0.0224272,0.0044647,0.0337647
0.0281558,0.0144642,0.0111851,0.0440582,0.0111786,0.0148097
0.00583962,0.00413145,0.00304097,0.00950985,0.00517503,0.00447018
0.0225579,0.0145814,0.00686323,0.0291721,0.00597887,0.0134347
0.0219614,0.0113831,0.00736171,0.0298595,0.00783457,0.00596576
0.0118263,0.0082811,0.00400024,0.019815,0.00427388,0.00333466
0.0128216,0.00874765,0.00676949,0.0246391,0.00646832,0.00711909
0.0442763,0.0271413,0.0222878,0.0746893,0.017724,0.0227723
0.00763154,0.0053478,0.00338239,0.0210062,0.00424772,0.00542973
0.0141773,0.00970859,0.0111716,0.0587086,0.0145588,0.0137554
0.0115886,0.00799558,0.0074209,0.0358794,0.00967172,0.00911474
0.0124549,0.00877439,0.0039031,0.020411,0.00643621,0.00975009
0.0138128,0.00972741,0.00462434,0.0196133,0.00448723,0.00689861
0.00599354,0.00438085,0.00276206,0.0126591,0.00359611,0.0014062
0.0297026,0.0191356,0.00826115,0.0557416,0.014536,0.00801627
0.00499747,0.00335886,0.00347247,0.026187,0.00618903,0.00494854
0.0439928,0.023846,0.0282141,0.147403,0.0440046,0.0684448
0.0250217,0.0165589,0.0121722,0.0759599,0.0200642,0.0235854
0.00566333,0.00377146,0.00187368,0.0155872,0.00500132,0.00346548
0.0183347,0.0125196,0.0134636,0.0316369,0.0091511,0.00490143
0.0127882,0.00884558,0.00451211,0.0268994,0.00801123,0.00474462
0.00943706,0.00646016,0.00254525,0.0132404,0.00231949,0.00356212
0.0142265,0.00998275,0.00589891,0.0226855,0.00778177,0.016137
0.00804105,0.00583286,0.0107533,0.0478878,0.0144967,0.0184377
0.0148195,0.0100324,0.0124513,0.0590358,0.0151655,0.0187511
0.0109104,0.00757598,0.00538882,0.0289977,0.00517995,0.00498513
0.00521046,0.00393043,0.00167476,0.00452133,0.000109466,0.00255565
0.00531561,0.00353223,0.0022772,0.0225377,0.00691321,0.00333272
0.0054641,0.00365356,0.00371288,0.0166297,0.00434101,0.000723056
0.0192708,0.0129576,0.00607887,0.0265317,0.0073787,0.00749276
0.0300236,0.0198387,0.0163807,0.0644718,0.0161763,0.0109797
0.00641625,0.00419103,0.00232063,0.0163214,0.00387884,0.00629519
0.0200103,0.0131025,0.00587796,0.02377,0.00755169,0.0250152
0.0319331,0.0210226,0.0161631,0.0438436,0.0111754,0.0148085
0.012954,0.00901042,0.00728287,0.0535866,0.0150472,0.0192606
0.0148807,0.00975982,0.00983728,0.0400517,0.0108668,0.00463539
0.0125103,0.00800019,0.00457236,0.0154095,0.00463273,0.00401518
0.0230582,0.0150611,0.00961458,0.032646,0.00854947,0.00410836
0.020486,0.0135692,0.0189676,0.0821514,0.0206573,0.0501888
0.0287721,0.0184775,0.01239,0.0364784,0.0094096,0.0091881
0.0170126,0.011318,0.00706002,0.0297137,0.00658846,0.00916949
0.00478185,0.00374078,0.00322381,0.0106727,0.00388045,0.00284464
0.00606406,0.0041842,0.00267862,0.0137375,0.00324731,0.00277731
0.0378391,0.0252129,0.0118229,0.0424452,0.0110389,0.0132235
0.0178176,0.0120285,0.0100577,0.0462199,0.0128268,0.00435869
0.00521119,0.00332211,0.00309896,0.0265229,0.00585848,0.00356052
0.00498069,0.00336292,0.00213789,0.0145731,0.00265889,0.00268086
0.00850088,0.00598518,0.00209146,0.0143634,0.0041314,0.00277245
0.0113627,0.00819323,0.00455895,0.0185639,0.00424704,0.0121807
0.0396335,0.0268148,0.0174037,0.0566369,0.0154005,0.00784064
0.0136194,0.00935839,0.00449297,0.0293026,0.00723285,0.00509718
0.00722306,0.00506719,0.00397917,0.018487,0.00345706,0.00237161
0.00893757,0.00622498,0.00362805,0.0191477,0.00379779,0.00606169
0.0353824,0.0222755,0.0241423,0.0894932,0.025301,0.050576
0.0187167,0.00774889,0.00665447,0.029029,0.00681092,0.0117905
0.01868,0.00761031,0.00661066,0.0286121,0.00672522,0.011417
0.00948372,0.00670516,0.00319478,0.0221577,0.0051743,0.00284732
0.0311223,0.0202892,0.0151588,0.0456596,0.0123291,0.017304
0.0259481,0.0169887,0.0065677,0.0291946,0.00655422,0.00809368
0.0091336,0.00653987,0.00428698,0.0207638,0.00694438,0.00424184
0.0504659,0.029637,0.0263879,0.104095,0.029284,0.0310204
0.00685313,0.0049463,0.00259539,0.0191403,0.00422348,0.00420711
0.0116022,0.00778672,0.00497761,0.0210112,0.00553382,0.00820108
0.0226253,0.0148304,0.00676369,0.0353024,0.00823969,0.00625371
0.0240315,0.0156042,0.00867844,0.0551602,0.0144582,0.0142541
0.0141719,0.00988773,0.005432,0.0315503,0.00805282,0.00938048
0.0304848,0.0199355,0.0226147,0.0435843,0.0117934,0.0198615
0.0344795,0.0224942,0.019391,0.0776688,0.0209092,0.028666
0.00942334,0.00657864,0.00440202,0.0247819,0.00477921,0.012278
0.00489627,0.00359503,0.00157911,0.0153147,0.00486653,0.00352784
0.0103099,0.00709569,0.00466886,0.0253973,0.00441846,0.00254996
0.0106725,0.00745839,0.0111755,0.0258033,0.00770416,0.00755014
0.0182007,0.0121305,0.00633486,0.0235261,0.00649239,0.00411494
0.00396373,0.00310369,0.00174057,0.00707848,0.000585001,0.00137429
0.0153056,0.0103409,0.00470182,0.0307684,0.00742182,0.00795037
0.00987448,0.00681097,0.00388319,0.0138825,0.00255278,0.00243162
0.00672892,0.00463966,0.00230388,0.0227271,0.00576629,0.00953529
0.00739229,0.00509193,0.00265655,0.0154545,0.0031074,0.00305572
0.0182087,0.0121298,0.00574052,0.0392287,0.00830771,0.00415204
0.0440215,0.0281195,0.0201919,0.0736171,0.0190412,0.0230169
0.00554934,0.00383751,0.00343913,0.0296913,0.00698172,0.00387682
0.033409,0.0208007,0.0131529,0.0459232,0.0120392,0.0101061
0.0234552,0.0141146,0.0085426,0.0421468,0.0125206,0.00513098
0.0138103,0.00959399,0.00434265,0.0220928,0.00514878,0.00766414
0.0189621,0.0124652,0.0142416,0.0806453,0.0229332,0.0593297
0.0148972,0.0102327,0.00516893,0.00668887,0.000445463,0.00792366
0.0113301,0.00784781,0.00366629,0.0336934,0.0101984,0.0149664
0.0152452,0.0105294,0.00734652,0.023456,0.00760068,0.012321
0.0111003,0.00755628,0.00381964,0.0263452,0.00732852,0.00763694
0.0146855,0.0102483,0.00468316,0.0181421,0.00513853,0.0027141
0.0184463,0.0124789,0.00801046,0.0316336,0.00883583,0.0150968
0.0157192,0.00660145,0.00734113,0.028679,0.00784244,0.00730364
0.0156419,0.00663554,0.00724619,0.0295383,0.00762121,0.00740671
0.0267506,0.0181788,0.0227612,0.0707387,0.0163616,0.0169059
0.00917009,0.00631725,0.00248683,0.0217125,0.00642927,0.00339631
0.00818074,0.00577548,0.0125567,0.0330983,0.00817241,0.0107025
0.0228735,0.0155679,0.0174738,0.0366587,0.00908993,0.0180995
0.00651442,0.00481125,0.00224691,0.0250351,0.00454943,0.00749385
0.0192943,0.0131814,0.00599483,0.0160659,0.00388785,0.00410598
0.0118596,0.00799766,0.00842693,0.0559915,0.0168172,0.01775
0.0150123,0.00992896,0.00562772,0.035735,0.00957986,0.00358958
0.00520539,0.00358841,0.00189458,0.00973566,0.00185942,0.00336893
0.039529,0.0199436,0.0179453,0.0873996,0.0253306,0.0464784
0.0254682,0.0156523,0.00737387,0.0465624,0.0121028,0.0136635
0.0319637,0.0164678,0.020643,0.0613114,0.0209059,0.0493619
0.02203,0.00822575,0.00921436,0.049184,0.0136491,0.0128888
0.00754438,0.00500258,0.00260926,0.00141369,0.00133305,0.00235837
0.0186082,0.0128613,0.00872396,0.0315478,0.00647602,0.00260214
0.0147816,0.0076912,0.00729284,0.0319665,0.00911259,0.00557975
0.00470547,0.00330225,0.00289689,0.0122657,0.00428657,0.00200158
0.00676308,0.00491266,0.00837674,0.0419913,0.0116303,0.0109931
0.0107046,0.00716054,0.0035244,0.0170861,0.00462834,0.00583571
0.00442313,0.003144,0.00254031,0.0151698,0.00524599,0.00257164
0.0237594,0.0153499,0.00865956,0.0389936,0.00968136,0.0145986
0.0244078,0.0164771,0.00683192,0.0248865,0.00949557,0.00859779
0.013116,0.00899885,0.00456312,0.0217545,0.00428428,0.0034258
0.0150436,0.0101775,0.0066943,0.0296453,0.00832723,0.0118921
0.00613167,0.0046413,0.00660767,0.0148809,0.003973,0.00188054
0.0219182,0.0139512,0.00713613,0.0360906,0.0120619,0.0113604
0.0206279,0.0138284,0.0155576,0.0748959,0.0196504,0.0151322
0.00569855,0.00360939,0.00240741,0.0160798,0.00335314,0.000716763
0.0622966,0.0348462,0.0248787,0.123992,0.0337661,0.0685174
0.0139287,0.00671992,0.00533145,0.0274355,0.00621648,0.00739541
0.0127154,0.00832663,0.00399829,0.0267519,0.00573074,0.000968875
0.00582942,0.00424712,0.0036699,0.0354501,0.0099234,0.00366857
0.0100667,0.00682723,0.00308927,0.0213358,0.00655964,0.0104473
0.00902461,0.00626033,0.00548307,0.0138133,0.00265134,0.00800693
0.0164719,0.0107239,0.0066704,0.0305888,0.0083088,0.00619645
0.0107437,0.00779378,0.0108252,0.0389615,0.00894025,0.00418744
0.00985251,0.00672109,0.00307483,0.0234532,0.00500683,0.00749587
0.0447157,0.0268852,0.0187553,0.0941778,0.022571,0.0382812
0.0443598,0.0267315,0.0201627,0.0869444,0.0207755,0.00915523
0.00620223,0.00413467,0.00147341,0.018146,0.00399305,0.00441915
0.0130799,0.00886773,0.0024504,0.0294698,0.00752388,0.00399577
0.0152104,0.00892055,0.00641937,0.0200835,0.00511273,0.00631721
0.0213282,0.0137663,0.013953,0.0637058,0.0170864,0.00522628
0.0265598,0.0181254,0.00789674,0.0462335,0.0111663,0.0175295
0.0204602,0.0138092,0.00683485,0.0337731,0.00854536,0.00768934
0.0263223,0.0177384,0.0103221,0.0355435,0.0102096,0.00502449
0.0155919,0.01049,0.00523556,0.0238586,0.00451053,0.0231779
0.0574404,0.031603,0.0174612,0.0849228,0.0228687,0.0111354
0.0359871,0.018839,0.0113267,0.056085,0.0135479,0.0125981
0.0106172,0.00661277,0.00365847,0.0186751,0.00635805,0.00334624
0.0121882,0.00663433,0.00441608,0.0140771,0.00487444,0.00308262
0.0128426,0.00891254,0.0076989,0.0367023,0.00983271,0.0049245
0.0218882,0.0144205,0.00817011,0.0306166,0.00747853,0.0289251
0.0291074,0.0189469,0.0110451,0.0184669,0.005334,0.0133101
0.00608861,0.00432197,0.00457878,0.016926,0.00365227,0.00558831
0.0146749,0.0106272,0.00635973,0.015189,0.00486926,0.00614245
0.0154206,0.0108471,0.00450102,0.0204963,0.00515065,0.00220857
0.0313943,0.0184325,0.0118581,0.0677856,0.0179869,0.0275977
0.0279295,0.0169991,0.0349156,0.134449,0.0372832,0.0693944
0.0159051,0.0106912,0.010231,0.0363787,0.00721118,0.0115936
0.00795787,0.00567202,0.00258273,0.0194312,0.00487503,0.00574765
0.0340559,0.0161073,0.0125377,0.0500045,0.0127769,0.0181258
0.0117716,0.00816773,0.004656,0.0224967,0.00478764,0.0065266
0.00943175,0.00637495,0.00443366,0.0242115,0.00601611,0.00326002
0.0134896,0.00920588,0.00686809,0.0231355,0.00560011,0.00333723
0.00618697,0.00459916,0.00588397,0.0295252,0.00795609,0.0213481
0.00948627,0.0065447,0.0064807,0.0250929,0.00549584,0.00631642
0.022312,0.014324,0.0075822,0.0498769,0.0140208,0.0115994
0.00851654,0.00594309,0.00423636,0.0111676,0.00467719,0.001368
0.014245,0.00984381,0.0062005,0.021897,0.00615615,0.0155339
0.023497,0.0159584,0.00733487,0.0247343,0.00668128,0.0130535
0.00969522,0.0068064,0.00355622,0.0197005,0.00456044,0.00309675
0.0110118,0.00747059,0.00249538,0.0244239,0.00607418,0.0042287
0.0327706,0.0185774,0.0104144,0.0481501,0.0114844,0.0123009
0.0285572,0.0183068,0.00945502,0.0403811,0.00873614,0.00950248
0.0110851,0.00767119,0.00423245,0.0200518,0.0063249,0.00624824
0.0202918,0.0142027,0.0074006,0.0290089,0.0087058,0.00323987
0.0114219,0.00765501,0.00574598,0.02119,0.00495715,0.00684141
0.0650876,0.0359423,0.0333557,0.145812,0.0391698,0.0619839
0.00853906,0.00576724,0.00362558,0.0173214,0.00467851,0.00152498
0.0113144,0.00778465,0.0024519,0.0225297,0.00487076,0.00468095
0.0135976,0.00851232,0.00455375,0.0332502,0.00896774,0.00531419
0.0110029,0.0068839,0.0131625,0.0803665,0.020067,0.00829511
0.0293535,0.0169549,0.0112715,0.0610646,0.016227,0.0191808
0.0188812,0.0114241,0.00650211,0.0315217,0.00668813,0.00897911
0.00505765,0.00372527,0.0017375,0.0178211,0.00407612,0.00314111
0.0191013,0.0137468,0.0097564,0.00395175,0.00116319,0.0148977
0.0206859,0.0141198,0.0165517,0.0558162,0.0131774,0.0145974
0.0151859,0.0104414,0.00421591,0.037722,0.00835446,0.0139871
0.0335568,0.0215211,0.0106915,0.0537327,0.0125544,0.0110597
0.0317278,0.0203648,0.0303982,0.100551,0.0274794,0.0190317
0.0111633,0.00789455,0.00416487,0.0189317,0.00526302,0.0034168
0.0114203,0.00785104,0.00302276,0.0223165,0.00507512,0.0120522
0.0200085,0.013437,0.00682081,0.0378869,0.00783999,0.014758
0.0109008,0.0076132,0.0045904,0.0184845,0.00423689,0.00331361
0.0205388,0.0137912,0.00520552,0.0277461,0.00736501,0.00826011
0.0102833,0.00716961,0.00205693,0.0269411,0.00767433,0.00495414
0.0109672,0.00724246,0.00435362,0.0183133,0.00630214,0.00266236
0.0167634,0.0113906,0.00520722,0.0386484,0.0102897,0.0212121
0.00700779,0.00469574,0.00341123,0.0185913,0.00471596,0.00375125
0.0437566,0.0281677,0.0146795,0.0646486,0.0172266,0.033745
0.0154064,0.0104044,0.00485854,0.0299966,0.007315,0.00234251
0.0271356,0.0174027,0.0252485,0.0631881,0.0159083,0.0135703
0.0115795,0.00831065,0.010348,0.0264783,0.00665827,0.00360171
0.00638898,0.00452354,0.00272684,0.011535,0.00331536,0.00300185
0.0147777,0.0103542,0.0042561,0.0278252,0.00517847,0.00669458
0.0831412,0.0429668,0.0535209,0.184723,0.0465555,0.0596233
0.017163,0.00926296,0.00628663,0.00802459,0.00412246,0.01275
0.0174385,0.00678195,0.00674772,0.0144556,0.00428827,0.0117479
0.0117279,0.00803198,0.00498123,0.0326097,0.0083278,0.0120968
0.00906428,0.00616469,0.00348274,0.0189273,0.006429,0.00239765
0.00786876,0.00538749,0.0032722,0.0141771,0.00500325,0.00437742
0.0114106,0.00787325,0.00739446,0.0677023,0.0161212,0.0237154
0.0105445,0.00722699,0.00731147,0.0419369,0.0110159,0.0194386
0.0151232,0.010291,0.00553308,0.0230913,0.00655033,0.00598622
0.00785153,0.0056897,0.00306125,0.0103977,0.00362241,0.00591772
0.00659563,0.00460327,0.00268195,0.0196696,0.00417202,0.00545888
0.0269565,0.0175155,0.0110551,0.0665263,0.0175535,0.0144046
0.00825418,0.00571319,0.00353145,0.0168286,0.00516269,0.00456649
0.0541477,0.0225672,0.0183082,0.0779777,0.0209683,0.0348184
0.0239876,0.0157504,0.00839471,0.0470607,0.0121557,0.0068292
0.00506975,0.00355547,0.00168161,0.0116801,0.00310622,0.001853
0.00447878,0.00328881,0.00344333,0.0262199,0.00751545,0.0107283
0.00815578,0.00544245,0.010987,0.0391437,0.00735017,0.00406672
0.011749,0.00842878,0.00623818,0.0366149,0.0105874,0.00426742
0.0171462,0.0112222,0.00947013,0.0551268,0.0153505,0.00853303
0.00597067,0.00397609,0.00274858,0.0145129,0.0053737,0.00296477
0.0620047,0.0343243,0.0265341,0.144267,0.0355394,0.0211788
0.0119077,0.00508811,0.00434283,0.0276409,0.0089475,0.0231902
0.0253976,0.015911,0.00620848,0.0328425,0.00965472,0.0100958
0.00923881,0.00607009,0.00359372,0.0139404,0.00543528,0.00549683
0.0173896,0.0120735,0.00867512,0.0683544,0.0168806,0.0292761
0.0401511,0.0263771,0.0536953,0.252004,0.0649187,0.117397
0.00617615,0.00434395,0.00211196,0.0147763,0.00490959,0.0183293
0.0144644,0.00952482,0.00511079,0.0271719,0.00672493,0.00375209
0.00875875,0.00630201,0.0065932,0.0412199,0.010717,0.00980777
0.0569907,0.0214229,0.0762755,0.281202,0.0706864,0.0971718
0.0132324,0.00859316,0.00510779,0.0278828,0.00809907,0.00740491
0.0217727,0.0100122,0.00927217,0.0505569,0.0138462,0.00886887
0.00440256,0.0033318,0.00227368,0.0109076,0.00187462,0.00586555
0.014689,0.00979591,0.00598913,0.0424963,0.0111192,0.0177154
0.0349516,0.0231524,0.013526,0.0554748,0.0121648,0.019724
0.0253982,0.0169283,0.00771494,0.0348814,0.00872231,0.0107223
0.0104698,0.00726793,0.00431676,0.017213,0.00499427,0.00433182
0.0300766,0.0173115,0.0109422,0.0541309,0.0125615,0.00829513
0.0338509,0.0173192,0.0112089,0.058429,0.0147776,0.0129562
0.0110921,0.00509614,0.00253604,0.0370507,0.0102058,0.0219205
0.00526317,0.00368789,0.00833397,0.0194951,0.00605435,0.00129584
0.00891555,0.00594418,0.00426636,0.0240751,0.00395506,0.00527074
0.00857409,0.00579002,0.00266361,0.00570292,0.000841498,0.00607706
0.0153018,0.0102826,0.00636903,0.0268058,0.00727438,0.00397622
0.00670614,0.00488627,0.00214427,0.014969,0.00611307,0.00560466
0.00489687,0.00354977,0.00293267,0.00774537,0.00284333,0.00143167
0.0156694,0.00998741,0.00732649,0.025925,0.00581092,0.00479436
0.00950235,0.00652363,0.00421241,0.0222654,0.0065247,0.00462857
0.0337951,0.0199589,0.0192221,0.110436,0.0274136,0.0614664
0.0243534,0.0154409,0.0120744,0.0646248,0.0157713,0.039135
0.00665785,0.00463586,0.00283254,0.0193506,0.00333418,0.00827582
0.00683362,0.00480927,0.00304187,0.0188825,0.00593833,0.0050147
0.0281658,0.0185207,0.0099872,0.0493722,0.0139276,0.00824252
0.0185301,0.0129402,0.00826753,0.0369558,0.0108642,0.0230003
0.00842969,0.00544758,0.0043704,0.0177885,0.00516698,0.00211786
0.006497,0.00471661,0.00406705,0.0252172,0.00568525,0.00370755
0.0128685,0.00918534,0.00324179,0.0229282,0.00353855,0.00263959
0.0252849,0.0169823,0.0127623,0.0495387,0.014373,0.0172206
0.00727452,0.00526203,0.00358659,0.0256905,0.00575649,0.00685284
0.0163807,0.011007,0.00638776,0.036039,0.00876113,0.0103817
0.0156872,0.0107529,0.00650676,0.0481724,0.0137765,0.00949346
0.00691599,0.00468506,0.00312752,0.0151139,0.0022458,0.00429018
0.0259654,0.0166407,0.0101111,0.0472856,0.0096966,0.00439763
0.00595709,0.00440259,0.00412859,0.00964579,0.003145,0.00220717
0.0180128,0.0121461,0.00831324,0.0445667,0.00983503,0.0224244
0.027365,0.0182186,0.0075169,0.0452066,0.0118572,0.00495449
0.0168963,0.0114808,0.0165352,0.0530085,0.0150585,0.0260272
0.0158782,0.0104481,0.00503617,0.0125143,0.00408106,0.00477016
0.0258706,0.0167612,0.0120973,0.0611017,0.0156847,0.0182188
0.0149549,0.0107813,0.00866954,0.0290782,0.00734128,0.00674079
0.010129,0.00679707,0.00742716,0.0619458,0.0150447,0.0133417
0.00918941,0.00626258,0.00293344,0.0115326,0.00287214,0.00461433
0.054037,0.033656,0.0137512,0.0811463,0.0225487,0.0265751
0.0199033,0.013289,0.0106056,0.0212474,0.00474738,0.0324953
0.0152853,0.0104591,0.0143879,0.0632953,0.0179807,0.0132756
0.0575497,0.0286437,0.0612372,0.25879,0.065632,0.0703642
0.00955298,0.0063548,0.00532127,0.00849133,0.000459948,0.0136699
0.0173514,0.0118389,0.00602154,0.0311285,0.00607913,0.0022337
0.00668383,0.00452424,0.00247761,0.0125302,0.00370913,0.00239108
0.0344524,0.0227526,0.0127116,0.0498279,0.0120633,0.0254412
0.0122501,0.0083902,0.00413498,0.0214287,0.00478298,0.0194553
0.0127225,0.00864178,0.0072372,0.0224709,0.00678226,0.00680468
0.00919861,0.00634926,0.00283833,0.013743,0.00421962,0.000138514
0.0129125,0.00901493,0.0080458,0.0283073,0.0064343,0.00723333
0.0265441,0.0178345,0.021549,0.107736,0.0252112,0.0236926
0.0238304,0.0159317,0.00758213,0.0296949,0.00796814,0.0167238
0.044057,0.0272736,0.0303993,0.139638,0.0350772,0.0381343
0.0123872,0.00840331,0.00514319,0.0260799,0.00733838,0.0118069
0.00999433,0.00688952,0.00391116,0.0190727,0.0038136,0.00348919
0.0316124,0.021066,0.0142443,0.0447184,0.0130067,0.0228891
0.0231782,0.0147881,0.0210348,0.0792983,0.0219321,0.0363708
0.0153868,0.0104107,0.00544927,0.0277152,0.00638406,0.0078667
0.00868368,0.00591356,0.00362769,0.0108939,0.00383825,0.00343519
0.0147403,0.00987518,0.00438132,0.0368329,0.00838272,0.00341822
0.0229886,0.0150993,0.00818863,0.0496663,0.010842,0.00644572
0.0267764,0.0168219,0.0137999,0.0733569,0.0168782,0.0144177
0.0150697,0.0100178,0.00522964,0.021133,0.00482844,0.0029347
0.0132718,0.00912196,0.00430744,0.0175391,0.00776555,0.00376485
0.029845,0.0191219,0.00960377,0.0524577,0.0136946,0.0144741
0.0268598,0.0171296,0.0158984,0.092097,0.0272263,0.0409257
0.0255235,0.0168605,0.018316,0.0496683,0.0137932,0.0157138
0.0436114,0.027638,0.0176317,0.0939561,0.0235148,0.0128459
0.0177018,0.0118902,0.00572343,0.0478381,0.0117531,0.0113025
0.0144363,0.00984644,0.00504172,0.0357156,0.00743038,0.0147099
0.0127667,0.00872302,0.00498566,0.0213004,0.00538453,0.00773449
0.00631446,0.00455757,0.00265797,0.0133202,0.00405821,0.000767135
0.0162367,0.0107378,0.00426536,0.0367347,0.00906291,0.018498
0.0623137,0.0383476,0.0428236,0.204879,0.053591,0.121241
0.00863951,0.00602267,0.00371154,0.0260023,0.00431273,0.00545947
0.013684,0.00954766,0.00462051,0.0230856,0.00558255,0.00497652
0.0101359,0.00708533,0.00331343,0.0140303,0.00397872,0.00757082
0.0147495,0.00990047,0.00504402,0.0247847,0.00675075,0.00444907
0.0139208,0.00940154,0.00733275,0.0277464,0.00636084,0.0174419
0.026974,0.0177348,0.0230355,0.0805652,0.0188514,0.0298126
0.0209794,0.0143796,0.0146945,0.0717283,0.0168211,0.0190935
0.0117571,0.00869679,0.0117161,0.0355714,0.0101532,0.00942098
0.0353876,0.0218915,0.0150467,0.0633639,0.0162435,0.0179178
0.0108023,0.00740966,0.0030335,0.0202522,0.00637695,0.00244562
0.0256966,0.0172946,0.00631285,0.03909,0.0120154,0.0148228
0.0112885,0.00744949,0.00349571,0.02247,0.00485779,0.00397023
0.0102168,0.00682001,0.00978941,0.0394907,0.00976476,0.00829971
0.0103949,0.00720462,0.00265914,0.0254923,0.00474943,0.00322874
0.00634496,0.00418408,0.00363672,0.0189312,0.00417366,0.00322277
0.00541415,0.00356249,0.00302754,0.0178958,0.0041975,0.0017399
0.0252368,0.016834,0.00535496,0.0349254,0.00866408,0.0137982
0.00535037,0.00367445,0.00213327,0.0160116,0.0051783,0.00240029
0.00604964,0.00398246,0.00102869,0.0193841,0.00391943,0.00121714
0.028179,0.0185461,0.00868773,0.0334283,0.00748456,0.00658489
0.00506283,0.00338382,0.00348963,0.0179504,0.00310414,0.00311742
0.0188427,0.0121803,0.00575541,0.0243983,0.00616237,0.0109477
0.0116881,0.00791836,0.00505548,0.0155087,0.0032686,0.00262538
0.0571062,0.0351114,0.0364863,0.142291,0.0391557,0.0933422
0.030425,0.0194548,0.00851069,0.0406115,0.0112013,0.0193951
0.00645526,0.00442644,0.00291717,0.0177836,0.00423659,0.00159853
0.0226251,0.0159084,0.012596,0.0615068,0.0146113,0.0265289
0.0101863,0.00710543,0.00414715,0.0232335,0.00563227,0.00433627
0.0114625,0.00780149,0.00546922,0.0230516,0.00389446,0.00345398
0.0042818,0.00297285,0.00313129,0.0131757,0.00392842,0.00450781
0.067441,0.0305735,0.0513094,0.276163,0.0683984,0.0983802
0.00715361,0.00519446,0.00282018,0.0148123,0.00324913,0.00207909
0.0109562,0.00765414,0.0170993,0.0786539,0.021088,0.0446987
0.014846,0.0104853,0.00523814,0.0142831,0.00594588,0.00485559
0.0131208,0.00926346,0.00542548,0.040008,0.0122492,0.00490874
0.073287,0.0348627,0.0488919,0.181965,0.0469284,0.0261538
0.0045881,0.00300871,0.00243569,0.0064104,0.00348818,0.00284128
0.0241018,0.013258,0.00907335,0.0417456,0.0115607,0.0105958
0.00569605,0.00414667,0.00128034,0.0134866,0.00432657,0.00382987
0.0271434,0.0174257,0.0118653,0.0449151,0.0125189,0.0115122
0.0161118,0.0109373,0.00433076,0.0192714,0.00436208,0.00416033
0.0371077,0.0240742,0.011363,0.0761599,0.0195639,0.0171942
0.0219457,0.0141601,0.00959751,0.0376779,0.00957252,0.00619135
0.0152531,0.0106686,0.0054381,0.0208924,0.00667125,0.00520024
0.0284489,0.0169918,0.0402242,0.142133,0.0396496,0.045402
0.0124145,0.00834345,0.00489429,0.0130468,0.0049809,0.00889966
0.0206157,0.0137657,0.00736974,0.0299178,0.00801658,0.0177265
0.0135972,0.00929507,0.0064857,0.0404656,0.0106443,0.00668546
0.0130195,0.00913072,0.00294116,0.0182552,0.00332129,0.00763059
0.00958416,0.00646229,0.0034573,0.0244874,0.00686771,0.00126778
0.0199999,0.0129943,0.0077136,0.025629,0.00681503,0.00982973
0.00918023,0.00588216,0.00365801,0.0177324,0.00436156,0.00451817
0.0196403,0.0130207,0.00633667,0.021359,0.00683714,0.00667561
0.0104221,0.00695139,0.00273325,0.0185854,0.00499419,0.00417393
0.0128571,0.00901226,0.00347114,0.0284608,0.00615902,0.0188142
0.00944366,0.00623336,0.00339141,0.0118307,0.00279117,0.00202202
0.0191825,0.0130156,0.00593852,0.0224928,0.00626753,0.00662343
0.0227951,0.00857524,0.00867184,0.0314653,0.00867673,0.0176532
0.0471046,0.0271816,0.0165293,0.059163,0.0144311,0.0273317
0.0194728,0.0132377,0.0127079,0.0737127,0.0205122,0.0116789
0.00643731,0.00448497,0.00162944,0.00958429,0.00403749,0.00170757
0.0135448,0.00930467,0.00989979,0.0499648,0.0129238,0.00755258
0.0236122,0.0155181,0.0133643,0.0575473,0.0128348,0.0170176
0.00610204,0.00437083,0.00221583,0.00376061,0.000749421,0.00105036
0.019474,0.0124405,0.0105309,0.0556502,0.016123,0.0215584
0.010399,0.0059257,0.00425474,0.0229649,0.0057365,0.00831208
0.0261439,0.0168377,0.0087136,0.0447624,0.0118194,0.0191094
0.0348236,0.0228304,0.00923712,0.038347,0.00888582,0.0138836
0.0264036,0.0166509,0.015247,0.0986596,0.0291583,0.0328847
0.0302108,0.0192355,0.0113013,0.0598967,0.0162752,0.0539314
0.0115774,0.00507994,0.0043505,0.0207656,0.00407556,0.00919773
0.0196998,0.013152,0.00464836,0.0394473,0.0107124,0.0186852
0.0308544,0.0178675,0.020241,0.109171,0.0264023,0.0323771
0.0115021,0.00767017,0.00513986,0.0188974,0.00681359,0.0100212
0.0207739,0.0140765,0.00700615,0.0465868,0.0105169,0.00845853
0.0261192,0.0174573,0.0120672,0.0646298,0.0186346,0.0252633
0.0362556,0.0238158,0.0197591,0.0950838,0.0271705,0.0408743
0.00660814,0.00491232,0.00211434,0.0266886,0.0046563,0.00353775
0.00995921,0.00707772,0.00340687,0.0209482,0.00589425,0.00706178
0.0268637,0.0165347,0.0228624,0.102169,0.0278401,0.0652747
0.0411409,0.0262077,0.0162973,0.108847,0.0279068,0.0494781
0.00689955,0.00498759,0.00272795,0.0212709,0.00429475,0.00350643
0.00679622,0.00487269,0.00226568,0.00633248,0.00323163,0.00880296
0.0120768,0.00805999,0.00338841,0.0275832,0.00497895,0.00876611
0.00895948,0.00636941,0.00616505,0.0182818,0.00431376,0.011809
0.00807372,0.00596905,0.00341796,0.0156054,0.00425051,0.0116184
0.00851862,0.00564171,0.00380085,-0.00114833,7.11395e-05,0.00617359
0.00599591,0.00409974,0.00189376,0.00683957,0.00210004,0.00446293
0.0457469,0.0289196,0.0234457,0.103011,0.0267997,0.0438722
0.00959232,0.0064217,0.00262354,0.0290317,0.00551289,0.00355319
0.0111268,0.00754267,0.0058879,0.0294018,0.00706642,0.0130284
0.00484303,0.00337664,0.00244526,0.0131381,0.00284867,0.00158692
0.0206927,0.0136881,0.00941763,0.0330445,0.00858564,0.0144495
0.0109891,0.00763011,0.00377408,0.0163297,0.00357051,0.00740789
0.0222067,0.0150536,0.0148572,0.0674723,0.0174089,0.0194698
0.0162588,0.0106956,0.0053789,0.0222825,0.00609976,0.0126525
0.0084839,0.00577365,0.00333291,0.0114986,0.00299157,0.0044377
0.00558201,0.00397195,0.00267552,0.0106981,0.00355997,0.00353373
0.027947,0.0172612,0.0229745,0.119434,0.0313385,0.0532075
0.00454825,0.00353912,0.00209447,0.0102855,0.00197948,0.00222636
0.0269318,0.0179144,0.0106882,0.0448554,0.0112169,0.00805462
0.0113909,0.00782157,0.0113481,0.0578056,0.0140622,0.021357
0.0168202,0.0114992,0.0190497,0.0552015,0.0146621,0.045872
0.0110939,0.00748925,0.00435496,0.0225802,0.00503034,0.00500113
0.0105243,0.00760536,0.00431807,0.0173465,0.0067143,0.0104591
0.013681,0.00926083,0.00405163,0.020747,0.00449592,0.00493151
0.0186857,0.0129196,0.00733696,0.0424407,0.0103709,0.021849
0.0061997,0.00435085,0.00286518,0.0197126,0.00598709,0.0072917
0.00948297,0.00636762,0.00525259,0.0257243,0.00641913,0.00383353
0.0543119,0.0350732,0.0179527,0.0665484,0.0159137,0.0469109
0.00661033,0.00448828,0.00257412,0.0196817,0.00298495,0.012272
0.00785307,0.00514587,0.00366859,0.0181441,0.00335947,0.00330933
0.0276447,0.0179287,0.00872243,0.0346132,0.00878361,0.00639146
0.0106852,0.00720985,0.00401589,0.0231706,0.00555445,0.00421385
0.017333,0.0117109,0.00421366,0.0355744,0.00828135,0.0276426
0.0210253,0.0143727,0.0089121,0.0216347,0.00690477,0.00321737
0.00974859,0.00682828,0.00372005,0.019586,0.00553079,0.0151614
0.017581,0.011854,0.00647758,0.0483398,0.0112199,0.00441798
0.0216583,0.0148545,0.00818304,0.0340633,0.00878485,0.0081291
0.0134867,0.00689383,0.00598846,0.0311665,0.0103563,0.00613004
0.0130473,0.0059704,0.0056656,0.0243105,0.00682808,0.00392634
0.00939374,0.00665154,0.00684413,0.0335102,0.00898986,0.00839523
0.010605,0.00720125,0.0044086,0.0285212,0.00602203,0.0100227
0.017503,0.0121448,0.00488677,0.0151251,0.00434892,0.00512573
0.021873,0.0145881,0.00634672,0.0193754,0.00508079,0.00368479
0.0290299,0.0194237,0.0106502,0.0381834,0.0102145,0.0077907
0.00818551,0.00519447,0.00350506,0.0158847,0.00360677,0.00615392
0.0135371,0.00888733,0.00449642,0.0214109,0.00526235,0.0067458
0.0236682,0.0145366,0.00858478,0.0098305,0.0011311,0.00328077
0.00983745,0.00654553,0.0149022,0.0573583,0.0152517,0.00939657
0.0172596,0.0112126,0.0193917,0.0757041,0.0212626,0.0256843
0.018674,0.0116811,0.00702981,0.040659,0.0113697,0.0125496
0.00975667,0.00580801,0.00523961,0.0287795,0.00624717,0.0073446
0.0598971,0.0304922,0.059212,0.257789,0.0720635,0.127801
0.0162898,0.0116004,0.0119545,0.0341853,0.0108934,0.017016
0.00999932,0.00619334,0.00473675,0.0214428,0.00593856,0.00747839
0.00934629,0.00632658,0.00356332,0.00938678,0.0041709,0.00581682
0.0173941,0.0115494,0.00619544,0.0309596,0.00792695,0.0126224
0.0155731,0.00974398,0.00647521,0.00295848,0.0019891,0.00456112
0.0146316,0.00915609,0.00586351,0.029292,0.006609,0.0065613
0.0172091,0.0115049,0.00555172,0.0304085,0.0069593,0.00465611
0.00549573,0.00380274,0.00188346,0.0181888,0.00417622,0.00300357
0.0140027,0.00944135,0.00462065,0.0266311,0.00583148,0.00546928
0.00680831,0.00474449,0.00355333,0.017026,0.00413467,0.00250279
0.0107903,0.00754322,0.00350666,0.0241785,0.00508182,0.00247456
0.00953936,0.00662836,0.00486752,0.0203767,0.00773293,0.00728011
0.00640387,0.00442692,0.00364097,0.0141167,0.00293203,0.00150134
0.0146584,0.0102749,0.0049992,0.024899,0.00589756,0.00426217
0.0368049,0.0236058,0.0157647,0.0610258,0.0178678,0.0288419
0.00896968,0.00521448,0.00587024,0.0287899,0.00727687,0.0103938
0.0113722,0.00638639,0.00666294,0.0230708,0.00642048,0.0117779
0.00464542,0.00314309,0.00205863,0.00331963,0.000159283,0.00288564
0.0110969,0.00744154,0.00454431,0.0228266,0.00687586,0.00406943
0.0324804,0.0198172,0.0274269,0.112828,0.0299204,0.0489859
0.00727427,0.00524199,0.00343095,0.0154187,0.00510995,0.00234062
0.008639,0.00644641,0.0068868,0.0110042,0.00324111,0.00288373
0.0151056,0.0104328,0.0440491,0.0807284,0.0225754,0.025244
0.013105,0.00936567,0.00536918,0.027487,0.0047162,0.00591374
0.0200165,0.013147,0.00534592,0.0270316,0.00597115,0.00390024
0.0156814,0.0105941,0.0133399,0.0551313,0.0153317,0.00958461
0.022992,0.0149122,0.00796781,0.00574658,0.00159984,0.00586054
0.00910172,0.00586697,0.00350306,0.0161601,0.00514868,0.0019327
0.00690578,0.0047626,0.00245654,0.0168898,0.00520812,0.00393307
0.0238701,0.0159441,0.00851957,0.0297755,0.0082139,0.0189521
0.0163143,0.010859,0.00553348,0.0225654,0.00688745,0.0147847
0.022858,0.015865,0.00750533,0.0247941,0.00593816,0.0126224
0.0062202,0.00409066,0.00363022,0.00966302,0.004854,0.000423583
0.0380835,0.0223851,0.0109349,0.0536212,0.0143493,0.0165455
0.0115746,0.00785115,0.00586755,0.0253136,0.00667787,0.00851064
0.0172339,0.0115592,0.0060417,0.0272035,0.00601827,0.00808714
0.0287887,0.0187829,0.0117856,0.0535656,0.0146851,0.0227445
0.0257584,0.0120575,0.00737655,0.0431837,0.0103967,0.013924
0.0221369,0.010612,0.0061634,0.0384073,0.00764451,0.00668163
0.00852693,0.00552326,0.00198563,0.015763,0.00273058,0.0065325
0.012906,0.00864656,0.00515289,0.0220288,0.00659461,0.0176877
0.017527,0.0115576,0.00869238,0.0514045,0.0177434,0.0118811
0.0335016,0.0200956,0.0142413,0.0745369,0.0202165,0.0131857
0.0177014,0.0119485,0.00491128,0.0280797,0.00652753,0.0174633
0.0209643,0.0142768,0.0101748,0.0423832,0.0109903,0.00373173
0.0246981,0.0159368,0.00859025,0.0421089,0.0104496,0.0119583
0.019393,0.0127937,0.0185077,0.0969008,0.0237747,0.0514552
0.00660474,0.00495388,0.004126,0.0106029,0.00458005,0.00579678
0.0181034,0.0126681,0.0181753,0.044752,0.0113048,0.00905633
0.0320119,0.0198818,0.0171454,0.0854562,0.0249971,0.0216408
0.00741296,0.00509731,0.00327912,0.0168562,0.00405708,0.0143167
0.0213658,0.00985654,0.0103768,0.0730645,0.0181692,0.0272851
0.0587669,0.0330803,0.0165582,0.0526886,0.0127246,0.0124415
0.0275231,0.017868,0.0144296,0.0395302,0.0137159,0.01179
0.0276693,0.0178401,0.00868852,0.0443124,0.00991176,0.00978492
0.00908203,0.0064794,0.00378379,0.0276742,0.00696466,0.000854805
0.0166752,0.0116269,0.00504498,0.0277357,0.00578377,0.00593775
0.0108431,0.00718883,0.00351707,0.0117721,0.00182924,0.00252821
0.00901554,0.00591227,0.00307838,0.0156106,0.0051247,0.0085189
0.0163652,0.0116413,0.00505655,0.0399086,0.0105213,0.0126079
0.00851813,0.00606858,0.00316566,0.00956059,0.00335062,0.0105793
0.0143691,0.0100016,0.0060992,0.02108,0.00784392,0.0223481
0.0194361,0.0128419,0.00547948,0.0417547,0.0117089,0.0195253
0.014777,0.0101447,0.00352099,0.0329087,0.0073722,0.00593005
0.0162731,0.00808206,0.00820522,0.0296217,0.00684019,0.003857
0.0373018,0.0235335,0.0259276,0.0912619,0.0211545,0.0100435
0.0295644,0.0195329,0.00947442,0.0423947,0.00945787,0.0317563
0.0229252,0.0155323,0.00919953,0.0441029,0.0110298,0.0188817
0.0118121,0.00840676,0.00894336,0.0459631,0.012747,0.0200843
0.0247735,0.0155406,0.0132429,0.077334,0.0192814,0.0225955
0.0216722,0.0142494,0.00656361,0.0296927,0.00967329,0.0152333
0.0329641,0.022076,0.0100235,0.051494,0.0134458,0.00887153
0.0313254,0.0180272,0.0118384,0.0721039,0.0177627,0.015229
0.0196332,0.0130228,0.00603183,0.040518,0.00916247,0.0121976
0.0113037,0.00781177,0.00406664,0.0237099,0.00433462,0.0114325
0.0115004,0.00731402,0.00418238,0.00521006,-0.00024499,0.0119753
0.0152652,0.0101508,0.0115758,0.0423333,0.0109229,0.0104025
0.0225469,0.0151414,0.0220334,0.0531523,0.0152194,0.00848426
0.0144259,0.00773246,0.0111479,0.0371467,0.0113905,0.00749322
0.018223,0.0117224,0.00696785,0.0279987,0.00745967,0.0064552
0.0139211,0.00938896,0.00483622,0.0197244,0.00469043,0.00574749
0.0154882,0.0109413,0.00588239,0.0169852,0.00528839,0.00222206
0.00843145,0.00605253,0.00361862,0.0147374,0.0019785,0.00374582
0.0329252,0.0214516,0.00855643,0.0495123,0.0127005,0.0145971
0.0228413,0.0156343,0.00893183,0.0332429,0.0099593,0.0198768
0.0163495,0.0109688,0.0105513,0.0269261,0.0074757,0.0103026
0.00462262,0.00356045,0.0014603,0.0104018,0.00261004,0.00232975
0.0181961,0.00893737,0.00605573,0.0441087,0.0105953,0.00883007
0.0102003,0.00693243,0.00598071,0.0424163,0.0088178,0.00662579
0.0114963,0.00796485,0.00363797,0.0212143,0.00479922,0.00299391
0.006147,0.00438435,0.0027342,0.0136005,0.00232736,0.00395966
0.00684256,0.00451901,0.0029881,0.0151897,0.00373248,0.00540408
0.0246611,0.0165763,0.0119309,0.0493341,0.0139257,0.0125241
0.00869506,0.00591499,0.00234814,0.0148478,0.00539741,0.00327678
0.0126675,0.0085502,0.00444795,0.0306079,0.00768561,0.00575787
0.0240336,0.0158004,0.00717728,0.0438579,0.0114532,0.00872225
0.0220177,0.0148825,0.00646253,0.0276022,0.00778006,0.0127135
0.0145927,0.0104331,0.0133511,0.0463457,0.0129426,0.0361158
0.0109464,0.00778901,0.00322015,0.0274749,0.00726761,0.0051058
0.0418584,0.0257007,0.0141941,0.0547563,0.0146344,0.0206962
0.0122725,0.00799017,0.00495179,0.0223585,0.00632888,0.00497086
0.0210711,0.0133648,0.00957402,0.0521632,0.0179221,0.00843717
0.0163706,0.0100861,0.007288,0.0370255,0.00841369,0.00816612
0.0371201,0.0246377,0.0161791,0.0687055,0.0178839,0.0102179
0.0268456,0.0177266,0.00840467,0.0325479,0.00826777,0.0106371
0.0225035,0.0154322,0.0129863,0.0619873,0.0173141,0.0374474
0.00895393,0.00611026,0.00351038,0.0183342,0.00506716,0.00198412
0.0170098,0.0113825,0.00742344,0.0399171,0.00956482,0.0039546
0.00512226,0.00389395,0.00286915,0.0125648,0.00243145,0.00237472
0.0228178,0.0156471,0.00702543,0.0336826,0.00697547,0.00932973
0.0367084,0.023455,0.0168424,0.0816698,0.0223653,0.0137624
0.0142781,0.00917159,0.0136503,0.0692475,0.0188375,0.0282661
0.0743307,0.0432803,0.0218148,0.059085,0.0136089,0.0151302
0.0104753,0.00716943,0.00253833,0.0196385,0.00329498,0.00637091
0.0117685,0.00762501,0.00405769,0.0145914,0.00350774,0.00340671
0.00439338,0.00345645,0.0018051,0.00891957,0.0041691,0.00373376
0.00759522,0.00526053,0.00379035,0.0134596,0.00288144,0.00726253
0.0103002,0.00696811,0.0181051,0.0547791,0.0136759,0.0125445
0.0236765,0.0156204,0.0138039,0.0554924,0.0153268,0.0271645
0.0110797,0.00781358,0.00360939,0.0151848,0.00208714,0.0055716
0.0441122,0.0275048,0.0167029,0.051924,0.0148097,0.00765559
0.0387959,0.0250822,0.0113429,0.0540552,0.0118208,0.00881898
0.0106964,0.00689351,0.00566787,0.0196238,0.00516973,0.00535497
0.0131921,0.00851702,0.00352311,0.0249626,0.00681539,0.0052064
0.0210447,0.0143505,0.0194814,0.060834,0.0167759,0.032613
0.0113616,0.00748191,0.00205591,0.0225087,0.00600664,0.00319285
0.0236486,0.0155097,0.00922527,0.0356551,0.0107391,0.0382865
0.0288797,0.010596,0.0141952,0.0840524,0.0212919,0.0397154
0.0350848,0.0226113,0.0125797,0.0580535,0.0152489,0.0181688
0.00445879,0.00348714,0.00221069,0.0178231,0.00337594,0.00661353
0.0183028,0.0125973,0.00575757,0.0388757,0.0104327,0.00608623
0.0251976,0.0167769,0.00872697,0.0383268,0.00892258,0.0141765
0.0123017,0.00852502,0.00588764,0.0212286,0.00616824,0.0156924
0.0111158,0.00739797,0.00470244,0.0154982,0.00497923,0.0136931
0.0062351,0.00448587,0.00281439,0.0147905,0.00420878,0.00664134
0.00722458,0.00472,0.00279267,0.0133965,0.00292269,0.0020647
0.00890174,0.00601076,0.00382617,0.0236494,0.00619549,0.00371976
0.00611489,0.00469388,0.00195351,0.00948694,0.00121948,0.00353686
0.0253903,0.0175293,0.0181774,0.0816655,0.022376,0.0101553
0.0162814,0.0108317,0.00413794,0.023476,0.00563268,0.00506969
0.0200399,0.0133718,0.00593627,0.0476469,0.0101711,0.00635318
0.00811644,0.00565707,0.00305171,0.0124509,0.00268409,0.00422178
0.0154523,0.00780118,0.00355415,0.0378748,0.0101119,0.0084819
0.0386463,0.0247685,0.00983399,0.0624394,0.0170401,0.0167663
0.0078452,0.00556933,0.00349872,0.0226847,0.00479606,0.00479489
0.0193092,0.0129249,0.00879274,0.0311715,0.00711623,0.0226487
0.0289359,0.0189851,0.0112371,0.0363927,0.00873453,0.00381686
0.0449232,0.0253511,0.0128998,0.0711804,0.0170749,0.0176279
0.0359172,0.0196371,0.0107889,0.0613601,0.0147927,0.0224997
0.0129423,0.00915051,0.00760519,0.0290172,0.00735575,0.00506837
0.0117093,0.0081085,0.00359295,0.0140627,0.00383075,0.00431399
0.0250767,0.0163955,0.0202415,0.0770625,0.0187047,0.0209176
0.0106572,0.00758251,0.003791,0.0171791,0.00367134,0.00483839
0.0113464,0.00753821,0.00259559,0.00199243,0.000547324,0.00322466
0.011016,0.00770005,0.00395159,0.0180917,0.00587581,0.00168186
0.0100948,0.00658111,0.00415542,0.0180452,0.003841,0.00275585
0.0138933,0.00988881,0.00476807,0.0238652,0.00625627,0.00965756
0.0110659,0.0075263,0.00307612,0.0371363,0.00962441,0.00322639
0.0157487,0.0109195,0.00544206,0.0253201,0.00607053,0.00570686
0.015284,0.0100822,0.00657871,0.0320334,0.0069258,0.00419323
0.0241143,0.0163,0.0116413,0.0639731,0.01557,0.0271733
0.00573368,0.00411046,0.00271866,0.0177695,0.00544974,0.0021232
0.0224338,0.0149204,0.00920917,0.0530717,0.0137747,0.0192559
0.00490229,0.0034772,0.00218074,0.0108719,0.00176973,0.00247454
0.00868265,0.00588301,0.00231728,0.0164908,0.003608,0.00465496
0.0619461,0.0390723,0.0205921,0.086702,0.0225404,0.0585882
0.0207059,0.0137648,0.0134533,0.0482883,0.0121086,0.017873
0.0180515,0.012259,0.00617978,0.0340587,0.0104585,0.0110536
0.0115908,0.00784177,0.00410093,0.0196128,0.0028721,0.00420765
0.0140831,0.00948062,0.0107806,0.031557,0.0090114,0.0150005
0.0121429,0.00827915,0.00361094,0.0169575,0.00400784,0.00294811
0.00818801,0.00554901,0.00281492,0.0152128,0.00589051,0.00569862
0.017997,0.0122673,0.00617956,0.0239209,0.00577849,0.012195
0.0275813,0.0179381,0.00764698,0.0294036,0.00654351,0.00360877
0.0231615,0.0156537,0.0076899,0.04327,0.0110344,0.0165586
0.0275233,0.0169175,0.0216998,0.0851353,0.0214345,0.0433481
0.0366162,0.0236863,0.0156882,0.0626305,0.0162473,0.00944011
0.0136869,0.00774018,0.00431288,0.0265261,0.00734321,0.00419988
0.0096966,0.00686149,0.00200427,0.0131516,0.00470668,0.0021587
0.0187625,0.0124852,0.00662558,0.0175933,0.00654044,0.00835741
0.0179116,0.0117556,0.00635628,0.0130302,0.00452891,0.0237988
0.0169111,0.011368,0.00585612,0.0257731,0.00375831,0.00860741
0.0214688,0.0092369,0.00900576,0.0565174,0.0146782,0.0151059
0.021117,0.00910618,0.00867402,0.0530767,0.0129511,0.0141156
0.0239383,0.0156996,0.0111338,0.0597241,0.0156053,0.0125953
0.0362284,0.023966,0.0124925,0.0475394,0.0114107,0.00963636
0.00645771,0.00496218,0.00276032,0.0158539,0.00394911,0.00216051
0.0107817,0.00745325,0.00391911,0.0207117,0.00539777,0.0135176
0.00470028,0.00316542,0.00215103,0.0115145,0.00289043,0.00232162
0.00818938,0.00575708,0.00331329,0.0186522,0.00659868,0.00274647
0.0278605,0.0181191,0.0130727,0.0589561,0.0168068,0.0189437
0.00411846,0.00310093,0.00176391,0.00945532,0.00276703,0.00353562
0.0104656,0.00781314,0.00305297,0.0142621,0.0030126,0.00694441
0.0364536,0.0231293,0.0117545,0.0544124,0.0145478,0.00824451
0.00727415,0.00506523,0.00344765,0.0127897,0.004877,0.00272865
0.0130396,0.00879594,0.00498,0.0236733,0.00538363,0.0090923
0.00879042,0.0063168,0.00221147,0.0110626,0.00329959,0.00413036
0.0213243,0.0141354,0.0124364,0.0434954,0.00907949,0.0165099
0.0217551,0.0145259,0.00893928,0.0272641,0.00624222,0.0108502
0.0144294,0.00973605,0.00891397,0.0715828,0.0192166,0.0220386
0.0103015,0.00689457,0.00822279,0.0254143,0.00605946,0.00716399
0.0126544,0.00702733,0.0100459,0.0714214,0.0203248,0.0284596
0.0139928,0.00854075,0.00460205,0.0278251,0.00778627,0.0126737
0.0211251,0.014377,0.00826088,0.0308313,0.0100083,0.0119172
0.0299503,0.020104,0.0223256,0.0828851,0.0205113,0.0136214
0.00676325,0.00481614,0.002718,0.0147743,0.00356636,0.00900389
0.00810984,0.00549639,0.0033424,0.0156129,0.00330866,0.00229953
0.034769,0.0173413,0.0101734,0.0664626,0.0175909,0.0229709
0.0217158,0.0144717,0.00532259,0.0365518,0.00662071,0.00303015
0.00763929,0.00547914,0.00408146,0.0208462,0.00348474,0.00137528
0.0474335,0.0297513,0.0179145,0.074778,0.0198118,0.0224924
0.0268358,0.0171143,0.0102812,0.0260239,0.0047503,0.017657
0.0135062,0.00986761,0.00560079,0.0253312,0.00636295,0.00317472
0.0158651,0.0107757,0.00515636,0.0175807,0.00448843,0.0052904
0.00575991,0.00422753,0.00259187,0.0205125,0.00503095,0.00376786
0.0214503,0.0144171,0.00612341,0.0532142,0.0128156,0.0172732
0.0597192,0.0273387,0.0249658,0.110205,0.0312846,0.0435215
0.0602708,0.0272494,0.0246584,0.105811,0.0283572,0.0413904
0.00783696,0.0058493,0.00305479,0.0186309,0.00495717,0.0041009
0.0279751,0.0177052,0.0119648,0.0573856,0.0155043,0.0249816
0.0160213,0.0104694,0.0063869,0.014955,0.00269994,0.0195422
0.0120114,0.00849357,0.00434811,0.0180601,0.00526769,0.00635774
0.0276286,0.0174939,0.0120776,0.0515119,0.0131671,0.0289034
0.0101864,0.00727362,0.00331092,0.0203381,0.00459247,0.00561252
0.0489643,0.0297299,0.0178543,0.0594487,0.0132501,0.0159723
0.00744648,0.00508861,0.00282917,-0.000626397,-0.000416839,0.00303645
0.00756001,0.004947,0.00317114,0.0265156,0.00529563,0.00975352
0.0113786,0.00773065,0.00381718,0.0133275,0.00352552,0.00194435
0.00714351,0.00466607,0.00257727,0.00316166,-5.83873e-05,0.00787244
0.00983849,0.0064186,0.00293604,0.0232234,0.00588165,0.0107811
0.0203059,0.0133708,0.0125764,0.0417867,0.0107598,0.0327374
0.0219972,0.0147099,0.0058753,0.0428714,0.0118821,0.00714028
0.00502369,0.00367233,0.00203677,0.0187407,0.0031364,0.00178108
0.00859563,0.00594862,0.00376736,0.0122637,0.00340495,0.00443374
0.0273036,0.0104377,0.00944716,0.0506794,0.0160481,0.0228482
0.0362544,0.0203698,0.00949152,0.0515171,0.0143017,0.0136491
0.00541906,0.00351572,0.00189084,0.0137259,0.00159308,0.00384364
0.0247597,0.0163146,0.0103909,0.0503951,0.0124603,0.0148138
0.0238653,0.0159383,0.0148796,0.035084,0.00791215,0.00778714
0.0231465,0.0153241,0.00667111,0.0401363,0.00812343,0.0146325
0.0390459,0.0245495,0.0399652,0.136189,0.0328632,0.0458918
0.00787419,0.00550704,0.00302787,0.0164969,0.0053984,0.00522426
0.0284708,0.0188398,0.0103766,0.0565174,0.0147494,0.0143925
0.00688123,0.00470791,0.00336421,0.030036,0.00815256,0.0161915
0.0319245,0.020421,0.0209877,0.0805578,0.0185337,0.0342333
0.00962971,0.00637772,0.00364986,0.0115408,0.00314111,0.00301692
0.0114985,0.00766253,0.00782536,0.0303391,0.00809431,0.00547676
0.00723482,0.00518819,0.00290623,0.0108368,0.00242709,0.00197394
0.0155706,0.0103323,0.0130157,0.0442494,0.0140383,0.0207136
0.010874,0.00730938,0.00772652,0.0288535,0.00568456,0.00685765
0.0065588,0.00466093,0.00278553,0.0152436,0.00199671,0.00782957
0.0149338,0.0101929,0.00607328,0.0229035,0.00525391,0.00289035
0.0257799,0.0166963,0.02962,0.0755765,0.0184329,0.02869
0.00894859,0.0064486,0.00332809,0.0142435,0.00433086,0.0142402
0.0202455,0.0136171,0.00781134,0.0383918,0.00966915,0.00691308
0.0110685,0.00774444,0.00373487,0.0153435,0.0033163,0.00570664
0.0328683,0.0214641,0.0167536,0.074072,0.0194142,0.0222735
0.0182603,0.0127304,0.007392,0.0274602,0.0089872,0.00489262
0.00771366,0.00549047,0.00248776,0.0252873,0.00710762,0.00374256
0.0294571,0.0194279,0.0245677,0.0752191,0.0202725,0.0436698
0.00938256,0.00640987,0.00453502,0.0259811,0.00592824,0.00922881
0.0206091,0.0134962,0.00705235,0.0287192,0.00891203,0.0175247
0.0244361,0.0167119,0.00693801,0.0292583,0.00985589,0.01793
0.00620167,0.00422172,0.00360143,0.0169021,0.00361328,0.00257952
0.0377257,0.0239746,0.0122191,0.0340999,0.00975071,0.0161897
0.019131,0.0132883,0.00608899,0.0260542,0.00629919,0.00937026
0.0539024,0.0292283,0.0215,0.0966665,0.0225126,0.0391882
0.0347141,0.0201955,0.0145824,0.0532439,0.00985191,0.0192506
0.00588209,0.00373744,0.00281324,0.0145948,0.0031349,0.00238022
0.00863887,0.00607436,0.00417096,0.0150142,0.00510903,0.0104826
0.0124393,0.00875549,0.00432227,0.0148735,0.00373334,0.00155348
0.0381076,0.0236925,0.017779,0.0938824,0.0243098,0.0299564
0.0466018,0.0280711,0.0375867,0.133488,0.0319013,0.0308851
0.0181381,0.010574,0.00710093,0.0231852,0.00507709,0.00805798
0.020547,0.0104549,0.00742053,0.0235192,0.00612185,0.00811696
0.012384,0.00839842,0.00587003,0.0309048,0.00722986,0.00778564
0.00993275,0.00696382,0.00318212,0.0125668,0.00271627,0.0045724
0.0181134,0.012297,0.00872866,0.0398474,0.00904203,0.0140506
0.00891978,0.00645404,0.00931816,0.0310662,0.0101,0.0025731
0.0385476,0.0238107,0.013071,0.0393285,0.00867207,0.0100984
0.0464115,0.0178523,0.0218125,0.0864661,0.0231036,0.0504995
0.0458933,0.0178503,0.0226036,0.0852226,0.0210766,0.0489653
0.0283679,0.0191712,0.009715,0.097247,0.0241423,0.00948815
0.0147374,0.0103216,0.00490502,0.0057554,0.00139238,0.0102393
0.0189607,0.00779473,0.0111019,0.0683055,0.0166356,0.0229321
0.0114267,0.0077181,0.00450005,0.0236361,0.00872128,0.0161712
0.0284445,0.0185802,0.011693,0.0329035,0.00768186,0.0125558
0.0539984,0.0333875,0.0163636,0.0696445,0.0160936,0.0141439
0.0440908,0.0235706,0.014421,0.056102,0.0146462,0.0184876
0.0190983,0.0127036,0.0052822,0.0337909,0.00874703,0.00712653
0.0102262,0.00714085,0.0043396,-0.00201418,0.000433451,0.0023407
0.00938164,0.00377907,0.00454652,0.0285019,0.00729516,0.0103592
0.0103546,0.00478189,0.00455447,0.0240466,0.00532693,0.00756064
0.0204362,0.0134656,0.00834629,0.0530959,0.0129323,0.00184668
0.0172576,0.0120286,0.00558427,0.0293388,0.00665736,0.00290899
0.0320266,0.0211017,0.0106367,0.0624728,0.0159209,0.0217333
0.00550046,0.00380508,0.00238014,0.00658028,0.00172488,0.00155375
0.00722816,0.00498506,0.0036347,0.00711611,0.00277872,0.0022868
0.0127245,0.00861558,0.00340533,0.0421263,0.00824746,0.004803
0.00650345,0.004534,0.00755112,0.0185102,0.00580532,0.00674225
0.0248778,0.0162459,0.00740327,0.0358434,0.0106725,0.0192958
0.00471584,0.00345956,0.00276671,0.014717,0.00352773,0.00281575
0.00754075,0.00497048,0.0031647,0.0143668,0.00377677,0.00225131
0.0226911,0.0149687,0.0119524,0.0611623,0.0161195,0.0302565
0.00559898,0.00368336,0.00266951,0.0125186,0.00351335,0.00573968
0.0257319,0.0171188,0.0128363,0.0381905,0.0090199,0.0136008
0.0107729,0.00744327,0.00360484,0.0212808,0.00786751,0.0016543
0.0194126,0.0132118,0.00690635,0.0289581,0.0053587,0.00727066
0.0306213,0.020261,0.014381,0.0650812,0.0166375,0.0285257
0.0157768,0.0109254,0.0057658,0.0273587,0.00896387,0.0211919
0.0184995,0.0126989,0.00435739,0.0353881,0.0090836,0.00648116
0.00760576,0.00528044,0.00305915,0.0114126,0.00219084,0.00251438
0.0279965,0.0175625,0.013967,0.0783101,0.0213924,0.0198763
0.0108065,0.00761077,0.00481196,0.0284435,0.00568158,0.00650708
0.020577,0.0136913,0.0241904,0.10636,0.0282927,0.0469314
0.0108242,0.00754487,0.00404276,0.0225657,0.00388407,0.00580342
0.02079,0.00824139,0.00694231,0.0333564,0.00999339,0.0150001
0.0318611,0.0194516,0.0127783,0.040634,0.0108923,0.0120923
0.0116824,0.00801706,0.00466467,0.0320938,0.0076106,0.00538601
0.017429,0.0114713,0.0059138,0.0271485,0.00673809,0.00388157
0.0216537,0.0141613,0.00800307,0.037701,0.00934178,0.00576473
0.0204354,0.0133157,0.0384801,0.140677,0.0379056,0.0596838
0.00748095,0.00527923,0.00225784,0.0221197,0.00397848,0.00739007
0.00965601,0.0068375,0.00446194,0.0177463,0.00530294,0.00748972
0.0173773,0.0115436,0.00517818,0.018736,0.00567685,0.00499888
0.0825613,0.040139,0.088426,0.289167,0.0757618,0.16418
0.0116555,0.00768786,0.00409048,0.0237827,0.00478285,0.0067722
0.00801176,0.00576221,0.00340819,0.0126928,0.00295595,0.0021895
0.0614054,0.0355547,0.0232792,0.0839276,0.0213531,0.0217229
0.0237788,0.0156842,0.0195999,0.0987315,0.0258008,0.0409499
0.0206985,0.0136745,0.0133103,0.0501181,0.014485,0.0123469
0.00940067,0.00643165,0.0024946,0.0155763,0.0045556,0.00477531
0.00885274,0.00594219,0.00607864,0.0329564,0.00585539,0.00358307
0.0160543,0.0108298,0.0056945,0.0196887,0.00651622,0.0118712
0.0132306,0.00875567,0.00560865,0.0220775,0.0043821,0.00504323
0.0101182,0.00701174,0.00270236,0.0196365,0.00419343,0.0023712
0.00863964,0.00566053,0.00219384,0.0201827,0.00460566,0.00294542
0.00702983,0.00502533,0.00400618,-0.000502738,0.000979391,0.00106903
0.0145584,0.0101367,0.0054311,0.0296513,0.00936726,0.0141743
0.0114658,0.00807634,0.00765335,0.0249847,0.00651388,0.00838502
0.0131406,0.00872108,0.00419423,0.0192818,0.00530927,0.00232611
0.00442959,0.00316133,0.00223889,0.0143032,0.00353467,0.0039496
0.0140708,0.00976453,0.00445372,0.0219342,0.00544959,0.00628398
0.00816395,0.00584503,0.00520981,0.0156709,0.00380974,0.00213167
0.0362933,0.0243427,0.0123787,0.060385,0.0152511,0.0158546
0.013943,0.00843939,0.00594987,0.0223001,0.00788042,0.00885095
0.0224146,0.0149937,0.00528803,0.0514005,0.0125756,0.0107795
0.0184969,0.0125614,0.00561896,0.0226386,0.00633792,0.00590883
0.0128957,0.0084731,0.0045462,0.021356,0.00299806,0.00316841
0.0123513,0.00837213,0.0082847,0.0390304,0.0114935,0.0132857
0.0176284,0.0117908,0.00734947,0.0313909,0.00788038,0.00248991
0.00724851,0.00531009,0.00534592,0.0151114,0.00363363,0.00519681
0.00762532,0.00560787,0.00266683,0.0169957,0.00446449,0.00402556
0.0128753,0.00891026,0.0132752,0.0963847,0.0264075,0.0148946
0.0195311,0.0122324,0.0472954,0.186495,0.0494598,0.0699007
0.010458,0.00698373,0.00580742,0.0237637,0.00556733,0.00560394
0.0320732,0.0213035,0.0109487,0.0463069,0.0121858,0.0100485
0.00781135,0.00543415,0.00412842,0.036183,0.010885,0.025091
0.0297728,0.0117609,0.00939623,0.0550293,0.0144631,0.026788
0.0309891,0.0117833,0.00921127,0.0536008,0.0136019,0.0255526
0.0055794,0.00407834,0.00584721,0.0246749,0.00479122,0.00583836
0.00761504,0.00550049,0.0026759,0.0177836,0.00372294,0.00103646
0.00528274,0.00393058,0.00221641,0.00640495,0.00251157,0.00532348
0.0166433,0.01123,0.00584211,0.0326,0.00841594,0.0211932
0.0321362,0.0209764,0.0089352,0.0464217,0.0129671,0.0207066
0.0251882,0.0163076,0.00861779,0.0268551,0.0091832,0.0104048
0.0178013,0.0120785,0.00510218,0.0221687,0.0054175,0.00443069
0.00630698,0.00431716,0.001649,0.0106607,0.00490901,0.0017305
0.00662351,0.00465062,0.00467024,0.0172983,0.00555947,0.00845904
0.0318504,0.0198938,0.025081,0.143468,0.0386669,0.0457205
0.015028,0.0102013,0.00662732,0.0317474,0.00983546,0.0169828
0.0146265,0.00989335,0.00655834,0.00492052,0.000743873,0.0067889
0.0333652,0.0211429,0.0149687,0.069289,0.017933,0.034614
0.0143557,0.00741186,0.00618178,0.0413152,0.00972665,0.00675022
0.0125439,0.00466688,0.00506662,0.0288077,0.00588874,0.00449574
0.004133,0.00309055,0.00254746,0.011621,0.00241115,0.00140196
0.0280034,0.0179685,0.0189679,0.0905253,0.0226061,0.0216769
0.0102617,0.0067022,0.00406575,0.0174962,0.00447604,0.003261
0.0433696,0.0275807,0.0368644,0.155843,0.0432744,0.0874984
0.0304752,0.0198624,0.0313937,0.136789,0.0358035,0.0324545
0.0106513,0.00704909,0.0028713,0.0260827,0.00588334,0.00305363
0.0153944,0.0105586,0.00617773,0.0305517,0.00798379,0.00515861
0.0160829,0.0105876,0.0049607,0.0232477,0.00591935,0.00421286
0.00620903,0.00421146,0.00522534,0.0274672,0.00786566,0.00556355
0.00871693,0.00648273,0.00344478,0.0228795,0.00629945,0.00486314
0.00904821,0.00614172,0.00214328,0.0252477,0.0092779,0.0179628
0.0122327,0.00817578,0.00648435,0.0153028,0.00586631,0.00940346
0.0196975,0.0105074,0.0077352,0.0491948,0.0118736,0.00928356
0.00961278,0.00651165,0.0103017,0.0276655,0.00762294,0.00527382
0.0149572,0.0105686,0.0100157,0.0381637,0.00872833,0.00924471
0.0322714,0.0207842,0.0110928,0.0602857,0.0155866,0.0247435
0.0281765,0.0179483,0.00903772,0.0425583,0.0108252,0.00692421
0.0109287,0.0074782,0.012938,0.0478514,0.0142825,0.00932638
0.0158872,0.0108733,0.00546904,0.0195422,0.00702438,0.0036853
0.0164215,0.0108484,0.00483217,0.00147445,0.00249844,0.00608694
0.0201874,0.0131874,0.00719354,0.0324299,0.00756029,0.00622941
0.0342586,0.0228165,0.0114657,0.0634413,0.0173874,0.0209117
0.00871578,0.00616436,0.00455323,0.0217891,0.00401756,0.00803727
0.00772842,0.00562592,0.00405348,0.0180516,0.0055402,0.002686
0.0132048,0.00918626,0.00425193,0.025372,0.00579289,0.00327384
0.0505039,0.0293827,0.0410194,0.185546,0.0468042,0.119469
0.00938412,0.00636029,0.00460317,0.00521948,0.000706523,0.00663819
0.00928952,0.00661403,0.00349571,0.017906,0.00206857,0.00212242
0.00453543,0.00310202,0.00192349,0.0137447,0.00319632,0.00210497
0.0091871,0.00615997,0.00378909,0.0121537,0.00358859,0.00739285
0.0207226,0.0140734,0.0059072,0.0351964,0.00657301,0.00419794
0.0161012,0.0107029,0.0100668,0.00979712,0.00263228,0.0279127
0.0105507,0.00754127,0.0064357,0.0210787,0.00542229,0.00361872
0.00769887,0.00507042,0.00451235,0.0292463,0.00687399,0.00829547
0.0152034,0.0101709,0.00554551,0.0375892,0.00938506,0.00887711
0.0099646,0.00668349,0.00380254,0.0207769,0.00538151,0.00124583
0.0045859,0.00369356,0.00236609,0.012681,0.00336648,0.00816965
0.0110276,0.00768223,0.00419163,0.0186826,0.00321853,0.00736482
0.0273116,0.0168017,0.0254305,0.104191,0.0291093,0.044244
0.0185586,0.0125572,0.00920342,0.0628435,0.0182924,0.0257077
0.0229316,0.0151922,0.00673022,0.00315803,0.000730917,0.00436499
0.0427596,0.0255068,0.0264237,0.105244,0.0263271,0.0357594
0.00650015,0.00453086,0.00367016,0.0196263,0.00372261,0.00412997
0.06477,0.0353275,0.0352161,0.135615,0.0338835,0.0436456
0.0269656,0.0174969,0.0157478,0.0783119,0.0219221,0.0197771
0.00789604,0.00529412,0.00295688,0.0167895,0.00377763,0.0033728
0.0218231,0.0144389,0.009646,0.03118,0.00920187,0.0104375
0.0178659,0.0123871,0.00436882,0.0237676,0.00335155,0.00317663
0.0188563,0.0131314,0.00550122,0.020743,0.00701536,0.009345
0.0100486,0.00681341,0.00270375,0.0198685,0.00459418,0.00451434
0.0668222,0.0392917,0.0207714,0.114051,0.0337866,0.0382435
0.0135475,0.00917236,0.00455418,0.0208243,0.00674231,0.00512515
0.0123814,0.00881282,0.00425376,0.0157597,0.00456582,0.00662848
0.00778077,0.00545365,0.00209882,0.00927357,0.0029789,0.00535569
0.0252882,0.0167805,0.00578459,0.0423982,0.00957755,0.0154506
0.0118226,0.00845773,0.00890746,0.0315029,0.00810842,0.0106392
0.0122537,0.00828991,0.0115113,0.0377106,0.0112578,0.019225
0.012551,0.008555,0.00525232,0.0347989,0.00787569,0.00663567
0.00689593,0.00498137,0.00269455,0.0166933,0.00481872,0.00249283
0.00519038,0.00362388,0.00270157,0.0150962,0.00318721,0.00299327
0.01824,0.0121948,0.00518856,0.0440824,0.0116928,0.0189955
0.0197181,0.0114339,0.00770303,0.0362997,0.00919736,0.0150349
0.0134913,0.00521329,0.00542117,0.0214992,0.00412346,0.0103985
0.00722401,0.00497601,0.0032714,0.0141251,0.00276242,0.00613643
0.00941622,0.00651101,0.00413138,0.0247493,0.00504946,0.00802744
0.00801193,0.00550215,0.00800374,0.0233387,0.00597234,0.0019672
0.0107927,0.00721605,0.0038818,0.0174588,0.00377287,0.00644829
0.0128185,0.00887943,0.00456413,0.0175793,0.0066662,0.00677771
0.026967,0.017501,0.00819312,0.0505878,0.0134152,0.0137906
0.00807804,0.00552338,0.00269666,0.0100605,0.00185316,0.00179084
0.0144193,0.0091015,0.00707502,0.0426654,0.0118498,0.0123709
0.0136017,0.00813469,0.00546067,0.0209791,0.00489157,0.00779644
0.0177147,0.0117458,0.00988983,0.070162,0.0195482,0.0353121
0.0052602,0.00379888,0.00242054,0.0096297,0.00247518,0.00304738
0.00547332,0.00385928,0.00185301,0.00988494,0.00335206,0.00102254
0.0080846,0.00532903,0.00471672,0.0211059,0.0049014,0.00122109
0.0182367,0.0119969,0.0182643,0.0624338,0.0149528,0.0102521
0.00899355,0.00592223,0.00326112,0.0185059,0.00486264,0.00356376
0.00557744,0.0035499,0.00263929,0.0145788,0.00287047,0.000427814
0.0286999,0.0140414,0.0155185,0.0455669,0.0128951,0.034592
0.0377174,0.0213201,0.0139607,0.0418587,0.00876195,0.0170833
0.0227311,0.0151044,0.0122758,0.0442423,0.0109972,0.00840527
0.0144399,0.00933919,0.00445017,0.0278789,0.00592882,0.010879
0.0439439,0.0273392,0.0140263,0.0553712,0.0142173,0.0120376
0.00898975,0.00612561,0.00429534,0.0197441,0.00477085,0.00635793
0.00585621,0.00440592,0.00310918,0.0130433,0.00297554,0.00112854
0.00631244,0.00437738,0.00375722,0.0153966,0.00362177,0.00339594
0.0195156,0.0135164,0.00691752,0.00632239,0.000418027,0.00307574
0.00551879,0.00370515,0.00209932,0.0149896,0.0017938,0.00540754
0.027191,0.017708,0.00761813,0.0554919,0.0125309,0.0161004
0.010298,0.00739101,0.0044496,0.0323512,0.0103752,0.00847872
0.0181739,0.0122381,0.00844351,0.0286568,0.00764418,0.0138394
0.0366692,0.0230457,0.041366,0.134709,0.0351205,0.0420246
0.0602046,0.0369764,0.0402377,0.157935,0.0448329,0.0791533
0.0268055,0.0151778,0.00883622,0.0498922,0.0129231,0.0161793
0.00701448,0.0048705,0.00215118,0.010256,0.00259095,0.00255016
0.0103688,0.00717755,0.0036457,0.0132181,0.00406669,0.00591044
0.025397,0.0170585,0.0102304,0.034376,0.00821182,0.0112653
0.0127874,0.00892792,0.00440353,0.0273546,0.00667932,0.00397244
0.0260391,0.0171423,0.0131956,0.0419981,0.0114422,0.00600085
0.0308883,0.0206136,0.0123652,0.06948,0.0164353,0.0285266
0.0115668,0.00780093,0.00413101,0.0220687,0.00680625,0.00635662
0.00730884,0.00504986,0.00386123,0.0173073,0.00565702,0.0116687
0.0242925,0.0158615,0.00693319,0.0270061,0.00823614,0.016953
0.00536275,0.00381599,0.00263469,0.0206606,0.00523219,0.00466267
0.0277454,0.0182123,0.00769736,0.0316977,0.00776903,0.00547126
0.00766861,0.00522438,0.00231716,0.0136373,0.00395417,0.00282358
0.0243059,0.0155613,0.00865554,0.0425844,0.00967817,0.0106308
0.0309,0.01884,0.0247597,0.0928812,0.0234241,0.0690843
0.00508243,0.0035473,0.00226442,0.00771243,0.00327994,0.00423948
0.0101483,0.00641096,0.00463325,0.0284816,0.00781521,0.0068457
0.0064708,0.00452276,0.00277183,0.0190136,0.0034483,0.00921725
0.00577444,0.00406264,0.00273869,0.00662994,-0.000126263,0.00438837
0.0107648,0.00741309,0.00390822,0.0152188,0.00305572,0.00381655
0.00741596,0.00537196,0.00296376,0.0139805,0.00308621,0.0049466
0.0108956,0.00744863,0.018091,0.0170301,0.00554837,0.00559515
0.0113462,0.00795714,0.0136119,0.0733265,0.0205662,0.0260569
0.0126089,0.00870787,0.00514277,0.0347293,0.00835072,0.0102591
0.0145297,0.00989556,0.00579878,0.0406515,0.00909873,0.0142146
0.0195483,0.0128515,0.0075563,0.0354445,0.00899353,0.00335783
0.0184827,0.0121946,0.0056248,0.0256726,0.00694021,0.00494655
0.0123209,0.00866893,0.00524573,0.0308576,0.00832153,0.0177741
0.00956738,0.00618741,0.00755652,0.0282263,0.00868597,0.00492091
0.0305249,0.018316,0.00904216,0.0559097,0.0132377,0.0207242
0.0101067,0.00681012,0.0119492,0.0515114,0.0124822,0.0220226
0.0183709,0.0121218,0.0114097,0.0361651,0.00984644,0.0112513
0.00552375,0.00388406,0.00389255,0.0175496,0.00345789,0.00955325
0.00760278,0.0052678,0.00880271,0.0409378,0.012021,0.0192069
0.0202497,0.0138498,0.0136936,0.0671855,0.0179511,0.0494105
0.0188019,0.0128148,0.00632282,0.022939,0.00556599,0.00841921
0.0177869,0.0120482,0.00702305,0.0213296,0.00656053,0.00578639
0.0127307,0.0084749,0.00432161,0.0182307,0.00760631,0.00786816
0.0138425,0.00949051,0.00565389,0.0193073,0.00402345,0.00944948
0.00913268,0.00624865,0.00402008,0.0178904,0.0053828,0.00981013
0.0208375,0.0140587,0.00628393,0.0435612,0.00955947,0.0115288
0.0368477,0.018024,0.0159672,0.097184,0.0241751,0.0128811
0.0860804,0.0423844,0.0390305,0.128144,0.0280184,0.0261558
0.00851427,0.0060051,0.00183917,0.0190544,0.00729441,0.0115733
0.0206383,0.0138709,0.00672349,0.0237034,0.00514051,0.0103844
0.0128311,0.00914617,0.00404911,0.0157686,0.00483608,0.00367324
0.0320697,0.0179907,0.0110821,0.0398607,0.00957795,0.0195307
0.00616285,0.00453624,0.00209381,0.0134551,0.00443634,0.00502321
0.00803633,0.00555416,0.00245327,0.0156061,0.00450218,0.00132699
0.00566725,0.00393652,0.00316226,0.0160595,0.00323385,0.00130578
0.0277123,0.0186865,0.0129094,0.0527384,0.0128612,0.0363316
0.007574,0.00502154,0.00306181,0.00353103,0.00091505,0.00584446
0.0107726,0.00736821,0.00354457,0.0259895,0.00577455,0.00325882
0.0143633,0.00951933,0.012539,0.0768253,0.021497,0.0305834
0.0191323,0.0133695,0.0112655,0.0568412,0.0169372,0.0176965
0.0120726,0.00856571,0.00372901,0.0141328,0.00407668,0.00127056
0.0136489,0.00955184,0.00471758,0.0342358,0.0101305,0.00564597
0.00561758,0.00395053,0.00336861,0.018205,0.00378678,0.00507969
0.0204227,0.0107985,0.00921742,0.0423926,0.0128554,0.0126026
0.0191513,0.0094427,0.00791388,0.0309046,0.00851654,0.0108845
0.0487915,0.029862,0.0175094,0.0770022,0.020509,0.0339003
0.0145431,0.00899251,0.0253094,0.121406,0.035374,0.0488111
0.0133567,0.00902346,0.00448351,0.0124138,0.00324582,0.00571917
0.0158987,0.0105726,0.00551648,0.0209332,0.0045267,0.00503527
0.00588438,0.00431287,0.00325806,0.00870562,0.00275902,0.00202174
0.0315657,0.0210127,0.0095449,0.0562952,0.0139371,0.0256536
0.0249772,0.0165291,0.0103558,0.0639014,0.0136768,0.00535533
0.0144574,0.00983739,0.00514182,0.00509798,0.000136613,0.00536581
0.00692782,0.00461008,0.00223026,0.0164875,0.00591528,0.00351719
0.0294718,0.0189908,0.0101063,0.0370489,0.00884895,0.00946945
0.0148715,0.00980147,0.00358453,0.0315928,0.00767746,0.0220258
0.055144,0.0332461,0.0135112,0.0780663,0.0186076,0.0294498
0.0173822,0.0113612,0.00832337,0.0463124,0.010584,0.0154285
0.0383929,0.0236343,0.0407181,0.128813,0.0353849,0.0454615
0.0187372,0.0125794,0.0070455,0.0560192,0.0111012,0.00678956
0.0561459,0.032982,0.0206252,0.0848431,0.0216652,0.037409
0.00920776,0.00664072,0.00364681,0.0278203,0.00901715,0.0209994
0.00852655,0.00601878,0.00387055,0.0292626,0.00761838,0.00539807
0.0114588,0.00773815,0.00493954,0.00668018,0.000284715,0.00309733
0.00587222,0.00441485,0.00327035,0.0182289,0.00506451,0.00172801
0.0188229,0.0118863,0.00979273,0.0351021,0.00977771,0.0104489
0.0176053,0.0112065,0.00474065,0.0173537,0.00402276,0.00882138
0.00580807,0.00410491,0.00338222,0.014235,0.0033614,0.0039812
0.0102965,0.00723671,0.00464992,0.0240782,0.00603839,0.00222226
0.0329894,0.0219592,0.0120769,0.0386839,0.0106609,0.0232415
0.0418032,0.0261973,0.0227302,0.0905161,0.0230608,0.0548395
0.0120042,0.00793738,0.0041866,0.0206919,0.00590146,0.00369677
0.00467149,0.0031957,0.00467655,0.0106458,0.00378536,0.00839116
0.0201512,0.013266,0.0335474,0.132181,0.0348692,0.0486648
0.0170885,0.00750798,0.0101324,0.0599112,0.0188519,0.0131181
0.0242567,0.0139497,0.0134074,0.0572055,0.0163778,0.0158417
0.0142771,0.00951663,0.0066975,0.0242394,0.00641722,0.00499883
0.00700874,0.00517469,0.0024549,0.0103522,0.00421946,0.00287167
0.0300174,0.0143789,0.0121602,0.0552475,0.0150894,0.014133
0.0229935,0.0150829,0.00677192,0.0328141,0.00830768,0.00931508
0.0203055,0.0135479,0.006652,0.0227831,0.00657408,0.00469976
0.00490514,0.00364997,0.00236885,0.0027644,0.0013394,0.00562023
0.00882318,0.00628992,0.00510794,0.00539821,0.00277304,0.0041317
0.00801881,0.00516686,0.0106099,0.0419296,0.00822038,0.0104957
0.00632477,0.00467636,0.00245223,0.0181952,0.00690494,0.00543671
0.0230811,0.0154299,0.010396,0.0672051,0.0175075,0.00637092
0.011504,0.00752381,0.004848,0.0236555,0.00535548,0.00410413
0.0098454,0.00675682,0.00286943,0.0234104,0.00717235,0.0116181
0.0123572,0.00844807,0.00460246,0.0229846,0.00592216,0.00185898
0.0144707,0.00942341,0.00546215,0.0206057,0.00563865,0.0100839
0.0180106,0.0120589,0.00650347,0.0244258,0.00520467,0.0162672
0.00795472,0.00526479,0.00564797,0.0176129,0.00401396,0.0029598
0.0190564,0.0128066,0.00706454,0.0197223,0.00541293,0.0130813
0.0296761,0.0193809,0.00879794,0.0459058,0.00975632,0.0070412
0.0122389,0.00778837,0.0132528,0.0927382,0.0207145,0.0206387
0.0140958,0.00908731,0.0100447,0.0791857,0.0177485,0.0137471
0.0283311,0.016523,0.0553046,0.278332,0.0755408,0.122754
0.0239155,0.0159208,0.00756207,0.039353,0.00822888,0.0196215
0.0200709,0.00943848,0.00835677,0.0447936,0.0111297,0.00807599
0.0203061,0.00946838,0.00830105,0.0457839,0.0104012,0.00742288
0.0125112,0.00862387,0.0105508,0.0295111,0.00610555,0.0116191
0.0230971,0.0150788,0.00812516,0.0281568,0.00786522,0.00729495
0.0175952,0.0107738,0.00699398,0.0375277,0.0117329,0.00891866
0.0239257,0.0145879,0.0140949,0.0640303,0.0160065,0.0303691
0.017907,0.0123011,0.00328633,0.0353337,0.00873364,0.0111426
0.0138043,0.00912548,0.00467905,0.0288409,0.0059808,0.00645558
0.00654899,0.00443629,0.010781,0.041211,0.0114383,0.00679212
0.010079,0.00713824,0.00450243,0.0195978,0.00612623,0.00503108
0.0149926,0.0106387,0.00514013,0.0264686,0.00715973,0.01019
0.0214078,0.0146613,0.00667366,0.0229451,0.00590319,0.0134562
0.0145551,0.0102281,0.00538986,0.0255278,0.00646473,0.0048902
0.022398,0.0147777,0.0110694,0.0569183,0.014611,0.0170055
0.0103487,0.00688859,0.00751777,0.0415262,0.0111633,0.030248
0.0498851,0.0312082,0.0146028,0.056868,0.012045,0.00998474
0.0167167,0.010587,0.0050094,0.024726,0.00603185,0.00857104
0.00662453,0.00321449,0.00325197,0.0208091,0.00416083,0.00159102
0.0378882,0.0236202,0.0264244,0.125483,0.034123,0.0511323
0.0214987,0.0141274,0.00835669,0.0282684,0.00771161,0.020725
0.0241221,0.016538,0.00605754,0.0540716,0.0140071,0.00909936
0.0504501,0.0318953,0.0188944,0.0526648,0.0124473,0.0109117
0.0656813,0.0238229,0.0208944,0.101022,0.026642,0.0253218
0.0655843,0.0238489,0.0194531,0.0889764,0.0226628,0.0225902
0.0204526,0.0138006,0.00841012,0.0179181,0.00514104,0.00400809
0.0295187,0.019033,0.0211819,0.100515,0.0249615,0.0199943
0.0425361,0.0252202,0.0272955,0.123114,0.0357909,0.0767059
0.034765,0.0221916,0.017632,0.0798954,0.0211556,0.0113022
0.0144093,0.00974968,0.00654981,0.0355007,0.00946718,0.0218592
0.00544206,0.00391305,0.00289736,0.0143583,0.00211155,0.00136636
0.0185107,0.0122078,0.00653481,0.0261145,0.00659552,0.00654579
0.0169003,0.0108462,0.0065053,0.0287026,0.00657962,0.00874796
0.0128955,0.00852803,0.00383601,0.0382772,0.010241,0.00474517
0.0107648,0.00735532,0.00362728,0.0287476,0.00756298,0.0109603
0.0315667,0.021001,0.0223378,0.0693933,0.0164745,0.015187
0.00904035,0.00605527,0.00352879,0.00746412,0.00238471,0.00778637
0.00749331,0.00503108,0.00323967,0.0190209,0.00420647,0.00107143
0.0169873,0.0113265,0.00523031,0.0308577,0.00756496,0.00836712
0.0335916,0.0226522,0.0136182,0.0411467,0.0129639,0.0217589
0.0119393,0.00798155,0.00243652,0.0166718,0.00447629,0.0025803
0.00721918,0.00511995,0.00304201,0.016657,0.0029048,0.00343026
0.00929776,0.00680904,0.00875299,0.0204913,0.00508,0.0145584
0.0064164,0.00406071,0.00568492,0.0235817,0.00688262,0.013386
0.0105563,0.00715918,0.00367446,0.0211481,0.0070954,0.0122502
0.00395312,0.00298519,0.0029535,0.0113702,0.00258228,0.00487248
0.0151667,0.010677,0.00833494,0.0186714,0.00618916,0.00787823
0.0182387,0.0121692,0.00594187,0.0240202,0.00419948,0.00492835
0.00746751,0.00478673,0.00329476,0.020877,0.00672571,0.00668751
0.00491318,0.00362105,0.00834934,0.0480419,0.0153122,0.0207062
0.021777,0.0148266,0.00720223,0.0272568,0.00673234,0.0138861
0.0159947,0.0108602,0.0058046,0.0236522,0.00535161,0.0165916
0.0134158,0.00877157,0.00492023,0.0166206,0.00276975,0.00300543
0.0249613,0.0167901,0.00883787,0.0412729,0.011578,0.00891487
0.021848,0.0137509,0.0233631,0.0569166,0.0143868,0.0461133
0.0198182,0.0129469,0.0268447,0.107108,0.028742,0.0451211
0.0123678,0.00839717,0.00395856,0.0198377,0.00439828,0.00276928
0.0139608,0.00978377,0.00742953,0.00199089,0.001109,0.0075694
0.037967,0.0246351,0.0130916,0.0594819,0.0127903,0.0291268
0.01099,0.00751998,0.00293758,0.0238258,0.00494041,0.0068843
0.0253875,0.0170731,0.0146538,0.107281,0.0284716,0.0462857
0.00577431,0.00413464,0.00454974,0.00836031,0.00341389,0.00284312
0.0256965,0.0177196,0.00832014,0.0282127,0.00870447,0.0101717
0.0309824,0.0200681,0.0285806,0.100575,0.0263324,0.0198513
0.0526181,0.0311306,0.0195346,0.074038,0.0178603,0.028036
0.0116172,0.00753945,0.00298619,0.0264663,0.00674017,0.00847171
0.0164147,0.0115193,0.00711475,0.0205365,0.00594305,0.0101116
0.00497053,0.00376054,0.00524212,0.0192035,0.00226192,0.00893526
0.0128724,0.00874595,0.0118373,0.0400434,0.0120003,0.00687467
0.0245903,0.0156176,0.00742055,0.0335093,0.00606012,0.00941551
0.0159469,0.0106801,0.00547518,0.0267378,0.00648502,0.00858612
0.0124016,0.005135,0.00408715,0.0258941,0.00754899,0.00669004
0.00928943,0.00668143,0.00964629,0.0195738,0.00654274,0.00557424
0.0412338,0.0250552,0.0264623,0.0516646,0.0148827,0.021056
0.0204081,0.00770611,0.00606403,0.0368955,0.00753083,0.0149126
0.0245201,0.016189,0.0101007,0.0641718,0.016183,0.015064
0.0266967,0.017029,0.0104513,0.0427162,0.0103602,0.00650032
0.00712016,0.00483513,0.00979351,0.0603556,0.0146809,0.0122682
0.0132097,0.00908556,0.00431177,0.0350572,0.00921753,0.00962181
0.0379368,0.0225933,0.035783,0.194224,0.0533055,0.0663783
0.0165994,0.0109713,0.0143515,0.0581581,0.01486,0.0215958
0.00632075,0.00430031,0.00466886,0.0124201,0.00435459,0.00771994
0.0342605,0.0181284,0.0105201,0.056826,0.0170986,0.0215693
0.00424923,0.00317471,0.00176084,0.00958396,0.00338681,0.00308871
0.0472904,0.0243969,0.0751496,0.204517,0.0504237,0.0885842
0.0305548,0.0199671,0.0220307,0.0945802,0.0256071,0.0237897
0.0178674,0.0126174,0.00780813,0.0297444,0.00874512,0.00568714
0.0272456,0.0177645,0.0110668,0.0544337,0.0137612,0.0116097
0.0144504,0.00970319,0.00940349,0.0432113,0.00921282,0.0101554
0.0430578,0.0268136,0.0162547,0.098831,0.0241224,0.0109248
0.0429033,0.0266628,0.0345759,0.122213,0.033666,0.0571514
0.022933,0.0153094,0.0064781,0.0422139,0.00969955,0.00945158
0.0219618,0.0144448,0.00638166,0.0353598,0.00799215,0.0110225
0.003959,0.00291178,0.00154626,0.0184726,0.00342626,0.00205711
0.0186969,0.0118615,0.00510936,0.0402357,0.00953355,0.0138512
0.0553135,0.0332655,0.0168353,0.0725796,0.0175044,0.0113529
0.0150809,0.0100236,0.00793125,0.0404921,0.0112677,0.0139289
0.0713415,0.0316049,0.025151,0.0648544,0.0190195,0.0386517
0.0138729,0.00929616,0.00624845,0.0292644,0.0069544,0.00746565
0.0234413,0.0141197,0.0239016,0.0954008,0.0264931,0.0381797
0.0111683,0.00774903,0.00347886,0.0181563,0.00481649,0.004633
0.0159288,0.0108332,0.00672304,0.022614,0.00434398,0.00397865
0.0250128,0.0162943,0.00842247,0.0353821,0.010722,0.00813161
0.0389836,0.0250055,0.0148081,0.0459669,0.0135303,0.0220167
0.018926,0.0126878,0.00605581,0.029741,0.00960884,0.0184281
0.00614561,0.00392038,0.00162163,0.0171753,0.0034959,0.00264448
0.0159863,0.0103117,0.00494115,0.0252557,0.00782625,0.00909998
0.00971444,0.00659946,0.00339451,0.0179865,0.00630581,0.00286221
0.0193245,0.0131545,0.00683469,0.0204151,0.00775327,0.00404497
0.0243256,0.0158561,0.0292577,0.112894,0.0275721,0.0412461
0.0333754,0.0203435,0.0284645,0.109748,0.0308819,0.0942145
0.0111145,0.00793261,0.00523039,0.0276685,0.00799029,0.0159139
0.0166727,0.0114106,0.00554324,0.027784,0.00716367,0.0233564
0.0171633,0.0120295,0.00533439,0.0425472,0.00924051,0.0136131
0.0245989,0.0162013,0.00614072,0.041876,0.0104062,0.0106375
0.0110923,0.00755506,0.00354556,0.0206059,0.00576101,0.00494824
0.0160805,0.0105899,0.00920074,0.0293574,0.00827249,0.0110817
0.0204671,0.0137499,0.00685408,0.0300401,0.00718817,0.00488503
0.0127397,0.00836839,0.00383804,0.01448,0.00349306,0.00519484
0.00996807,0.00663505,0.00854395,0.0375601,0.0103279,0.0160319
0.0334844,0.0121076,0.0187296,0.0563092,0.0137665,0.0237483
0.0330558,0.012195,0.0184688,0.0546457,0.0127664,0.0226009
0.00884367,0.00585915,0.00387987,0.016763,0.00524841,0.00505373
0.0248104,0.0160988,0.0300726,0.0870359,0.0229479,0.0207446
0.0271384,0.0107983,0.0150463,0.094624,0.025176,0.031412
0.0174784,0.0117645,0.0173915,0.0678595,0.017921,0.0235868
0.014935,0.00991123,0.00421811,0.0288354,0.00761002,0.0150394
0.0285922,0.0151514,0.0129356,0.0440516,0.0105213,0.0186551
0.0232774,0.0147032,0.0103072,0.0880705,0.0235067,0.0200771
0.0241451,0.0156678,0.00912789,0.0906287,0.0226061,0.0201996
0.0437214,0.0280475,0.0156859,0.100052,0.026745,0.00991129
0.0229834,0.015487,0.00696832,0.0332716,0.00921733,0.0066718
0.0066703,0.00450572,0.00321428,0.0249046,0.0053111,0.00359886
0.0196432,0.0131831,0.00763735,0.0278838,0.00601006,0.00673162
0.0221657,0.0146748,0.00666949,0.0331548,0.00694869,0.00760455
0.0134569,0.00920209,0.00367052,0.0231735,0.00532652,0.00462165
0.00842717,0.00594502,0.00295924,0.019683,0.00411959,0.00292661
0.0147681,0.0097365,0.00556902,0.0234686,0.00638462,0.00808502
0.00843325,0.00610292,0.00261862,0.0175893,0.00588385,0.00842118
0.0300561,0.0196677,0.0100199,0.0565373,0.0157225,0.0117951
0.0127547,0.00561855,0.0051384,0.02571,0.00880626,0.010811
0.0142753,0.00751196,0.00547732,0.0178208,0.00639389,0.0113006
0.0162919,0.0109695,0.00483505,0.0184002,0.00402601,0.00474769
0.00896952,0.00614557,0.0025375,0.021414,0.00691341,0.00370507
0.00852481,0.00600561,0.00366441,0.0218376,0.00318783,0.00463194
0.0149282,0.0101519,0.00835414,0.0445306,0.0109382,0.00805244
0.0161778,0.0106126,0.00457118,0.00459378,0.00111666,0.0100562
0.00878055,0.00624843,0.00436587,0.0130889,0.00392662,0.00554348
0.0101545,0.00695398,0.00635864,0.0488491,0.0110345,0.020008
0.026735,0.0172359,0.00897515,0.0683034,0.0182091,0.0157441
0.00710201,0.00472774,0.00231379,0.00876496,0.00377672,0.00136517
0.00554277,0.00386819,0.00198046,0.00754125,0.000632468,0.00302683
0.0219491,0.0149864,0.00642037,0.033973,0.00678063,0.00499599
0.0514222,0.0316733,0.0175934,0.0745787,0.0220492,0.0336725
0.0157397,0.0106971,0.00317489,0.0216068,0.00480762,0.00663761
0.0127592,0.00884996,0.00438565,0.018529,0.00396043,0.00352821
0.0127336,0.00868951,0.00616874,0.0221779,0.00705103,0.00350273
0.00597446,0.00433326,0.00281338,0.0137641,0.0036463,0.0102544
0.0150089,0.00713418,0.0067572,0.035134,0.00881628,0.0126208
0.0349125,0.022362,0.0105585,0.0504025,0.0131389,0.033246
0.0102412,0.0071011,0.0127329,0.0297399,0.00819764,0.00952217
0.00866954,0.00606964,0.00402149,0.00363759,0.000291302,0.00581863
0.0106605,0.00704657,0.00381381,0.013278,0.00331111,0.00331446
0.00991499,0.00697493,0.00382322,0.0186893,0.00473186,0.00264425
0.0214284,0.0142982,0.00571063,0.0315255,0.00890211,0.0119548
0.0185277,0.0124934,0.00768491,0.0235928,0.00592554,0.00708863
0.0041409,0.00303777,0.00593675,0.0110411,0.00235921,0.00119247
0.00991787,0.00658259,0.00344649,0.0188525,0.00519566,0.00357908
0.00832035,0.00568934,0.00330187,0.0223902,0.00697394,0.0184394
0.0380781,0.0246221,0.0154865,0.0741219,0.0196072,0.0196973
0.00979889,0.00665077,0.00386524,0.0143365,0.00286636,0.00380843
0.00782073,0.00557658,0.00551217,0.0231626,0.00817806,0.0104391
0.027038,0.0179402,0.0101638,0.02992,0.00835094,0.0178365
0.0414672,0.0270274,0.0127162,0.05706,0.0151603,0.0133869
0.0211928,0.0145461,0.00735409,0.0139456,0.00867482,0.0117138
0.00914894,0.00640041,0.00597728,0.0426356,0.00990867,0.0041388
0.017918,0.011756,0.00915624,0.0381982,0.0116101,0.00734328
0.0112227,0.00682895,0.00575321,0.0236835,0.00421262,0.00541234
0.0118148,0.00810635,0.00417708,0.0152606,0.0035412,0.00381922
0.0181931,0.0121254,0.00696664,0.0302141,0.00708593,0.0187567
0.0162221,0.00758479,0.0102653,0.0675821,0.0187909,0.0230728
0.012847,0.00850123,0.00315042,0.0172889,0.00468227,0.00472362
0.0143899,0.00955523,0.0419297,0.119771,0.0286742,0.037961
0.00511742,0.00346353,0.00295231,0.0237529,0.00746596,0.0110928
0.0240971,0.015812,0.0127712,0.0464414,0.0125706,0.013966
0.0133181,0.00883124,0.00426274,0.0213966,0.00556372,0.00408247
0.00560268,0.0038974,0.00283526,0.000683894,-0.000312415,0.00289774
0.0246968,0.0169517,0.00935568,0.0475238,0.0115561,0.0274013
0.0124136,0.00855715,0.00442947,0.0204608,0.0053918,0.00555855
0.0121258,0.00814603,0.00403324,0.0158436,0.00576847,0.00447807
0.0184233,0.0121387,0.00672996,0.033041,0.00956516,0.0193465
0.00740663,0.00508845,0.00304658,0.0123147,0.00225639,0.00338493
0.0134151,0.00920147,0.0104839,0.0229161,0.00884056,0.00598539
0.00716596,0.0051489,0.00218637,0.0103396,0.00295709,0.00249809
0.0119039,0.0083082,0.00322026,0.0275288,0.00709764,0.010195
0.0271421,0.0178396,0.010276,0.0462753,0.0134081,0.00767645
0.0591461,0.0342441,0.0348383,0.169039,0.0444988,0.103259
0.00594562,0.00379273,0.00291829,0.0130717,0.003111,0.00249552
0.00740426,0.00527953,0.00360774,0.0126759,0.00316413,0.0045202
0.00468366,0.00313857,0.00174154,0.013205,0.00350608,0.0029133
0.00992371,0.00745043,0.00517103,0.0145679,0.00327508,0.00600793
0.0256884,0.0164137,0.00623718,0.0494548,0.0127176,0.00978852
0.0111993,0.00743317,0.00371982,0.0261791,0.0075115,0.0146145
0.00894321,0.00583591,0.00384557,0.0167976,0.0041207,0.00885605
0.037795,0.0237741,0.0379989,0.163096,0.0425996,0.025911
0.00859169,0.00574671,0.00797236,0.0143991,0.00502904,0.00472322
0.0100901,0.00709996,0.00358773,0.0209767,0.00481898,0.00616294
0.0271606,0.017825,0.0134326,0.0486446,0.0120948,0.0111307
0.0170207,0.0119217,0.00721738,0.0566983,0.0125948,0.0128713
0.00993313,0.00646933,0.00453839,0.0176565,0.00497688,0.0069134
0.0102068,0.00664096,0.00390827,0.0473687,0.0138053,0.0114502
0.0549313,0.0314252,0.0366673,0.136252,0.0356013,0.0312731
0.0100903,0.00693162,0.00475906,0.0218732,0.00539349,0.00503557
0.0097134,0.0064298,0.00489362,0.0196931,0.00667133,0.0146409
0.014985,0.00935922,0.00649205,0.0306423,0.00843159,0.0183858
0.0265807,0.0171444,0.010538,0.04334,0.0109296,0.0088508
0.0121721,0.00803214,0.0040789,0.0254199,0.00492107,0.00285583
0.0182741,0.0126066,0.00568496,0.0288967,0.00741352,0.00809186
0.0112838,0.0076685,0.00536965,0.0140436,0.00559829,0.00480324
0.0141174,0.00923015,0.00324094,0.0163102,0.00386028,0.00497684
0.0249229,0.0163533,0.00646565,0.0333691,0.00759254,0.00547909
0.030358,0.0201261,0.00788572,0.0371895,0.0102238,0.0125885
0.0107063,0.00704092,0.00466095,0.0220297,0.00543805,0.00310285
0.00948832,0.00611417,0.0035233,0.0163973,0.00416413,0.00835112
0.00492802,0.00360012,0.00206739,0.00764766,0.00373854,0.0030044
0.0098238,0.00686802,0.00373356,0.0159866,0.00327415,0.0092627
0.0275366,0.0182094,0.00904737,0.0380144,0.00946757,0.00534915
0.0163756,0.0107356,0.0210273,0.118196,0.0317491,0.0213663
0.00613301,0.00439516,0.00283733,0.021091,0.00417549,0.00166841
0.031857,0.021278,0.00934963,0.045921,0.0110962,0.0133318
0.0240155,0.0133448,0.0100014,0.0371317,0.00827239,0.0150915
0.0232277,0.0148933,0.0103313,0.0388629,0.0105839,0.0207369
0.0242941,0.01624,0.00910638,0.0337743,0.00711866,0.0063618
0.00753327,0.00502166,0.00356056,0.0228662,0.00593012,0.010642
0.00639457,0.00467866,0.00421683,0.0378485,0.00952269,0.0208665
0.0205267,0.0137301,0.00669545,0.0307894,0.00946648,0.00928756
0.00553844,0.00398317,0.0018897,0.0189027,0.00615386,0.00818864
0.0160443,0.0102727,0.0137642,0.0727139,0.0185983,0.020595
0.0509096,0.029282,0.0156449,0.121921,0.0309377,0.0286038
0.0167475,0.00873241,0.0113886,0.0587146,0.0154751,0.0188129
0.0316964,0.0201274,0.011133,0.0444745,0.0110163,0.0166889
0.014973,0.0100508,0.00494445,0.0275001,0.00702191,0.00543035
0.0126472,0.00830592,0.0045097,0.0212803,0.00503371,0.00783786
0.00938576,0.00625197,0.00317734,0.0200049,0.00839943,0.00557099
0.0358702,0.0181844,0.0372251,0.150555,0.0367695,0.0278684
0.0245737,0.0132313,0.0107362,0.0444094,0.0131365,0.0218252
0.00816741,0.00570095,0.00274441,0.00815623,0.004298,0.00183931
0.015743,0.00672394,0.00511041,0.034432,0.0102344,0.00631465
0.0166831,0.00685123,0.00544333,0.0300934,0.0076465,0.00468188
0.00816597,0.00574109,0.0017207,0.0167254,0.00380839,0.00615608
0.0179529,0.0126395,0.0053337,0.0189394,0.00413456,0.00786919
0.0196852,0.0132395,0.00619893,0.0249533,0.00565083,0.00790832
0.0135587,0.00910127,0.00393228,0.0189424,0.00333125,0.00795606
0.013025,0.00885481,0.00361932,0.0249225,0.00523837,0.00569287
0.0103863,0.00692819,0.00291044,0.0230279,0.00555751,0.00508401
0.0334777,0.0208488,0.0138972,0.0753189,0.0167071,0.0153355
0.0226218,0.0115779,0.0112467,0.0419166,0.00996892,0.00892606
0.0122338,0.0086379,0.00542999,0.0217464,0.00758551,0.00361206
0.00568376,0.0038281,0.00292123,0.0139508,0.00344172,0.00498601
0.00760048,0.00552278,0.00469474,0.0201666,0.00557905,0.00858267
0.0134132,0.00877225,0.00763651,0.0274818,0.00837475,0.000581692
0.0167759,0.0116505,0.00841423,0.0456474,0.00913186,0.00863955
0.014997,0.010367,0.00511437,0.0238018,0.00568926,0.00705467
0.00727103,0.00522711,0.00207095,0.0102368,0.00435854,0.00537533
0.0134162,0.0090874,0.00509521,0.0202373,0.0043032,0.010932
0.0444951,0.0278849,0.013912,0.0583996,0.0135577,0.0414333
0.0120492,0.0085347,0.00342395,0.0152245,0.00443882,0.00296891
0.014025,0.00903765,0.00539151,0.0186973,0.00434731,0.00353384
0.0123713,0.00814577,0.00308342,0.012061,0.0032023,0.00286767
0.0385732,0.0160353,0.0137738,0.0849695,0.0231215,0.0325099
0.0445947,0.0215217,0.0143757,0.0655137,0.0153504,0.0212946
0.0120228,0.00829071,0.00603834,0.0211307,0.00685487,0.0101264
0.00699496,0.00483111,0.00243405,0.0172772,0.00469622,0.00243395
0.0133002,0.00871017,0.00575457,0.0259098,0.00726828,0.00619992
0.03998,0.024657,0.0252607,0.105419,0.0297809,0.0637212
0.0176589,0.0122406,0.00711124,0.0356913,0.0107899,0.00830198
0.0178014,0.00804864,0.0121829,0.0805314,0.0257644,0.0269305
0.0367335,0.0212086,0.0270105,0.129805,0.035135,0.0381418
0.0212791,0.0140022,0.0369128,0.137697,0.0327697,0.0713193
0.0168932,0.011086,0.018574,0.087721,0.0235358,0.024078
0.0216277,0.01391,0.00802369,0.0484919,0.014523,0.0178898
0.0110863,0.00762545,0.00948534,0.0433783,0.0120378,0.0153913
0.0124048,0.00863668,0.00345487,0.0201869,0.00466101,0.00296599
0.0127442,0.00866104,0.004162,0.025259,0.00476596,0.0104396
0.0284343,0.016471,0.0287206,0.0942272,0.0224451,0.0308281
0.010519,0.00758462,0.00501497,0.0335114,0.0102668,0.007139
0.00806595,0.0058483,0.00485501,0.0120461,0.00402821,0.00219721
0.00536808,0.0038438,0.00297974,0.0123429,0.00317337,0.00312639
0.0188558,0.0122084,0.0196466,0.0460216,0.00957352,0.00890974
0.00572431,0.00387162,0.00269683,0.00860408,0.00259913,0.002981
0.00696376,0.00489323,0.00234572,0.016389,0.00199019,0.00352527
0.0125986,0.00899282,0.00728188,0.0236607,0.00556955,0.0104183
0.0201737,0.0132163,0.00908342,0.0323666,0.00680277,0.0138758
0.0195704,0.0134969,0.00514016,0.0477266,0.00700122,0.00584517
0.00610713,0.00417683,0.00138707,0.0130664,0.00338384,0.000841343
0.0143723,0.00962317,0.00514326,0.023857,0.00589317,0.00261985
0.0169054,0.0112994,0.00830026,0.0508049,0.016151,0.0290689
0.0267981,0.0180042,0.0134696,0.0516193,0.0147515,0.0118157
0.0195135,0.012718,0.00822163,0.0441251,0.01238,0.0125311
0.00564305,0.00386623,0.00191258,0.0175761,0.00350836,0.00526489
0.00538899,0.0038223,0.00229004,0.0116389,0.00424898,0.00139391
0.0165724,0.0114701,0.00826511,0.0286522,0.00743348,0.00815663
0.0169999,0.0115391,0.00566492,0.0278135,0.00684303,0.0128391
0.0148652,0.0101058,0.00917375,0.0269654,0.0103845,0.0176136
0.00826602,0.00574038,0.00618154,0.0294686,0.00826331,0.00519639
0.00492058,0.00352628,0.00318264,0.0164097,0.00442674,0.00298843
0.0238219,0.0160631,0.0165622,0.0615918,0.0184725,0.00911119
0.0108665,0.00709395,0.0127676,0.0556823,0.0132892,0.0151975
0.00725059,0.00491841,0.00434663,0.016606,0.0039762,0.0032811
0.0238584,0.0157762,0.023855,0.0838842,0.01944,0.0173208
0.0154387,0.0100286,0.00860711,0.0530972,0.0155271,0.0141459
0.0304162,0.0194354,0.0105504,0.0357633,0.0108123,0.0214559
0.0279204,0.0187149,0.0115303,0.0395803,0.013026,0.017666
0.00661168,0.0046645,0.00238332,0.0180894,0.00335751,0.00456356
0.0160406,0.0101841,0.00380281,0.0226626,0.00572881,0.00932251
0.0253182,0.0160727,0.00703203,0.030207,0.00767352,0.0131919
0.0165628,0.0115923,0.00615275,0.00500577,0.00102194,0.00498274
0.0063518,0.00424588,0.00412893,0.0171644,0.00286818,0.00729901
0.00825874,0.00543824,0.00402962,0.0140356,0.00334786,0.00722011
0.0151681,0.0104335,0.00549281,0.0231148,0.00567187,0.00571716
0.027159,0.0179721,0.00916047,0.0452475,0.0113116,0.0199982
0.00627027,0.00460041,0.00290808,0.0123915,0.00297228,0.00271133
0.0628177,0.0342525,0.0352114,0.192383,0.0513059,0.0928765
0.0139668,0.00956721,0.00756194,0.027724,0.00608033,0.0124513
0.0119045,0.00825857,0.00375187,0.0194292,0.00419618,0.00295019
0.0106963,0.00701141,0.00375117,0.0210278,0.00647694,0.00489442
0.0335371,0.0216035,0.0232815,0.0598425,0.0152805,0.0160671
0.0135529,0.00924596,0.0043735,0.0228334,0.00585596,0.00610412
0.010367,0.00725128,0.00382189,0.0116147,0.00405164,0.00459008
0.0433458,0.0273943,0.0170105,0.0850372,0.0205896,0.023736
0.0337554,0.0147112,0.0166252,0.0582878,0.0178272,0.0156388
0.0121942,0.00831398,0.00299342,0.0239081,0.00721819,0.023639
0.0260199,0.0175121,0.00824975,0.0387972,0.0117471,0.0116494
0.00760164,0.00526479,0.00378298,0.0197705,0.00408424,0.0012505
0.0154102,0.0110395,0.00446548,0.0395876,0.0103212,0.0122749
0.0358976,0.0220959,0.0173619,0.0776221,0.0211033,0.0224907
0.0133296,0.00890351,0.00714277,0.0148741,0.00553728,0.00573603
0.0109672,0.0075987,0.00437005,0.0261787,0.00490618,0.00671028
0.0155605,0.0106104,0.00734804,0.0233264,0.00655241,0.00822046
0.0059879,0.00396864,0.00349902,0.0166287,0.00428526,0.00235798
0.0179835,0.0121363,0.00829982,0.0286231,0.00770432,0.00492737
0.018519,0.0130261,0.00589255,0.0226478,0.00444928,0.00866386
0.0516019,0.030332,0.0249684,0.126024,0.0317562,0.0508603
0.0110404,0.00741837,0.0193451,0.0769111,0.0228409,0.0440525
0.0118775,0.00810361,0.00927119,0.0608797,0.0150079,0.0228127
0.00847089,0.0058183,0.00248391,0.0220091,0.00440978,0.00143031
0.0230181,0.014887,0.0108211,0.0399498,0.00975578,0.0228635
0.0303058,0.0196557,0.0124026,0.0642713,0.0147341,0.0113632
0.0116174,0.00796376,0.00425045,0.0241449,0.00618755,0.0122418
0.00857757,0.00613577,0.0098657,0.0246655,0.00781231,0.0131771
0.0134148,0.00902088,0.00535898,0.0156763,0.00683094,0.00607895
0.0361841,0.0242066,0.0113598,0.062314,0.0156704,0.0139398
0.0369643,0.0142277,0.0150137,0.0569254,0.0124784,0.00539316
0.0357113,0.0142236,0.0144933,0.0462388,0.0103542,0.0051781
0.0120841,0.0086792,0.00388104,0.0160219,0.00390587,0.0095907
0.0278801,0.0185303,0.0124281,0.0515784,0.0153898,0.0273397
0.00868667,0.0058498,0.00317129,0.0204524,0.00549885,0.00931213
0.0281512,0.0178255,0.00935018,0.0345106,0.00883783,0.0076652
0.0378498,0.0225538,0.0446162,0.209431,0.0541197,0.077957
0.0164101,0.0114981,0.008878,0.0312745,0.00949168,0.0059149
0.0119227,0.00816955,0.00618775,0.041409,0.0107952,0.00650026
0.0189887,0.0129109,0.00724501,0.0286162,0.00692493,0.00361358
0.00454551,0.0032823,0.00275483,0.0160645,0.00198204,0.00394701
0.0264393,0.00842088,0.0100664,0.0514841,0.0165413,0.0137528
0.0315162,0.0142284,0.0159758,0.0613012,0.0169686,0.0160638
0.0194854,0.0132512,0.00680429,0.0412543,0.0113152,0.0114218
0.0194603,0.0126912,0.012726,0.07775,0.0192142,0.0129471
0.0309462,0.0187275,0.0340625,0.14239,0.0419153,0.0642379
0.0417504,0.0207365,0.015351,0.0674143,0.017182,0.0134643
0.0453779,0.020817,0.0161013,0.0699412,0.0173525,0.0130428
0.0206206,0.0134472,0.00511404,0.0406703,0.00910764,0.00436768
0.0101877,0.00744998,0.00751061,0.0271383,0.00698802,0.0152347
0.0231088,0.0155149,0.0106213,0.0411441,0.0122817,0.0124184
0.0143784,0.0100281,0.0044114,0.0237054,0.0076162,0.00411866
0.00790127,0.00568055,0.00462376,0.0245809,0.00743503,0.00379527
0.0137092,0.00989907,0.0111197,0.0376211,0.0109143,0.00756808
0.0376806,0.0208498,0.020821,0.0772158,0.0204313,0.0625032
0.0415855,0.0209572,0.0211002,0.0708911,0.0164322,0.0533253
0.0465196,0.0283755,0.0209619,0.0824661,0.0200858,0.0512912
0.0245349,0.016603,0.00835907,0.0280865,0.00554916,0.00724507
0.0249447,0.0168096,0.00830908,0.0597339,0.0159249,0.0108895
0.022718,0.0151339,0.012616,0.053311,0.0147044,0.0103332
0.0430796,0.0272751,0.0286161,0.116117,0.0285579,0.0445715
0.0138152,0.00912644,0.0204191,0.0985931,0.0261876,0.0466745
0.0168233,0.0115107,0.00461974,0.0248631,0.00673349,0.015046
0.00708029,0.00469017,0.00180309,0.0169333,0.00486407,0.00426337
0.0208158,0.0138315,0.00624362,0.0336087,0.0102799,0.0109763
0.014407,0.0100949,0.00464544,0.031013,0.00614339,0.00991858
0.0523548,0.0310282,0.0164199,0.0818062,0.0212405,0.0379173
0.0199682,0.0128443,0.0109032,0.0530869,0.0141853,0.0262532
0.00711274,0.00506894,0.00304328,0.0154048,0.00435319,0.00179417
0.00603653,0.00444337,0.00353697,0.015478,0.0031429,0.0034888
0.0184194,0.00843333,0.00825861,0.0406318,0.0136929,0.0122914
0.0249641,0.0137961,0.0103409,0.0379086,0.0108192,0.0153238
0.012933,0.00931028,0.00587742,0.0182558,0.00450839,0.00540263
0.0108322,0.00741354,0.00246391,0.0178951,0.00552843,0.00694241
0.0342868,0.0221641,0.00976185,0.0357604,0.0101027,0.0169844
0.0116416,0.00455311,0.00269466,0.0276456,0.00857565,0.00883537
0.0219376,0.0137683,0.00543069,0.0290952,0.00851267,0.0190737
0.0252821,0.0164472,0.0120141,0.0624478,0.0147445,0.0201959
0.0148846,0.00851407,0.00421087,0.0257911,0.00674363,0.00947934
0.0159555,0.00917599,0.00759674,0.0289694,0.00708215,0.0111792
0.0150282,0.0099741,0.0054849,0.0294132,0.00760187,0.00544672
0.0245517,0.0164542,0.0136442,0.0702085,0.017099,0.0296009
0.00742211,0.00540685,0.00231993,0.0155942,0.00442764,0.0041432
0.0158078,0.0103684,0.00516912,0.0132788,0.00602553,0.00616425
0.0151905,0.0102253,0.00613379,0.0289183,0.00850215,0.0157491
0.0252143,0.0145176,0.00889644,0.0363228,0.00978084,0.016724
0.0159341,0.00718646,0.0056571,0.00962519,0.00212778,0.00782201
0.0539594,0.0317641,0.0316386,0.0462969,0.0125894,0.0514247
0.00935231,0.00628163,0.00369385,0.0174874,0.00457653,0.0154019
0.00967027,0.00667816,0.00453237,0.0139532,0.00264248,0.0021817
0.0174937,0.0114508,0.00791081,0.0372308,0.00781934,0.00711609
0.0556234,0.0214983,0.019436,0.0914638,0.0269456,0.0265458
0.0555957,0.021598,0.0192741,0.0911522,0.0243518,0.0247708
0.00925703,0.00625212,0.00364078,0.0255004,0.00605764,0.00761259
0.0118518,0.00790746,0.00540551,0.020575,0.00631467,0.00493986
0.0186447,0.0126997,0.00715444,0.0337805,0.00662471,0.00941848
0.0364624,0.0237516,0.0198555,0.0859307,0.0225419,0.032067
0.0107113,0.00741512,0.00340728,0.0130371,0.00532677,0.00543207
0.0143854,0.00963206,0.00634618,0.0340156,0.00944963,0.00469553
0.00873024,0.00599199,0.00299799,0.00158885,0.000193485,0.00438094
0.0100438,0.00729169,0.00393965,0.0129847,0.00473935,0.00291325
0.00933727,0.00648269,0.00211872,0.0212561,0.00400224,0.00155135
0.0233396,0.00971528,0.0118292,0.064978,0.0215417,0.0261623
0.0641413,0.0270693,0.0375051,0.202492,0.0567378,0.0679345
0.0656028,0.0255491,0.0301097,0.161189,0.041693,0.0596629
0.0343914,0.021278,0.0192214,0.0476231,0.0158824,0.0343264
0.00428372,0.0030175,0.00279057,0.0157874,0.00328181,0.00541825
0.0191797,0.0109075,0.00785204,0.0358007,0.00721989,0.007413
0.00625068,0.00406917,0.00171121,0.0122752,0.0037678,0.00487733
0.0175167,0.0114406,0.00706872,0.0300376,0.00662131,0.0186493
0.00495162,0.00372751,0.00479995,0.0120981,0.00341125,0.00112561
0.0103621,0.00722993,0.00471308,0.0265476,0.00640375,0.00625531
0.0335901,0.0216915,0.0247976,0.0933559,0.027204,0.0430043
0.0200956,0.0122289,0.00590326,0.0351649,0.00983001,0.0313272
0.0356734,0.0237026,0.0196512,0.0854152,0.0214068,0.036955
0.0223962,0.0150251,0.011147,0.0305856,0.00872379,0.00660723
0.0193083,0.0129786,0.00699427,0.0284272,0.00644688,0.0041579
0.0148016,0.00982795,0.00891139,0.0394333,0.010172,0.0159284
0.0352894,0.0144658,0.0125638,0.0662405,0.0191093,0.0256567
0.0366698,0.0144605,0.0127035,0.0611357,0.0158531,0.0222251
0.0137169,0.0090639,0.00475498,0.0322747,0.00931878,0.0124159
0.0331335,0.021655,0.0152267,0.0523144,0.0150042,0.0132326
0.00414101,0.00300845,0.00238429,0.014028,0.00278238,0.00111251
0.0197128,0.0133671,0.00619903,0.016844,0.00448071,0.0105065
0.00488123,0.00339403,0.00401164,0.0118116,0.00365317,0.00238808
0.0169517,0.010994,0.0116456,0.0589463,0.0157742,0.0086831
0.0166394,0.011684,0.00548287,0.0310878,0.007603,0.0126508
0.0397334,0.0192763,0.0111742,0.0721969,0.0206676,0.0334891
0.0340635,0.0140996,0.0108334,0.0513308,0.0121578,0.0231622
0.0519634,0.0281457,0.0165934,0.0900457,0.0235281,0.0346087
0.0138832,0.00952417,0.00293906,0.0219866,0.00385875,0.00599997
0.0317601,0.0173797,0.0482704,0.202724,0.0474602,0.0589383
0.0134473,0.00899028,0.00406544,0.0371107,0.0105287,0.0159035
0.0275081,0.0166413,0.0137115,0.0601215,0.0171536,0.0190251
0.0193264,0.0132126,0.00676349,0.0450898,0.00940865,0.00578541
0.00905686,0.00610197,0.00293469,0.00491929,0.00198413,0.00614205
0.00943597,0.00659666,0.00471651,0.0159664,0.00547028,0.00196075
0.013261,0.0093221,0.00524223,0.0345673,0.00869503,0.00442295
0.050445,0.029759,0.0185422,0.100785,0.0253416,0.0421145
0.0124569,0.00886716,0.00565621,0.0233815,0.0061211,0.0134889
0.0177875,0.0101023,0.00748544,0.0443447,0.0163264,0.0344586
0.0176727,0.00693232,0.0083678,0.0431144,0.0148456,0.0475575
0.0185732,0.0122465,0.00482391,0.0408065,0.0112024,0.0360887
0.0207535,0.0140034,0.0070538,0.0366516,0.0110067,0.00906287
0.0195283,0.0132436,0.005418,0.0256366,0.00519188,0.0078712
0.0108855,0.00756988,0.0122484,0.0415761,0.0117044,0.00675183
0.0268461,0.0178004,0.00597531,0.0574569,0.0138784,0.0331319
0.0573735,0.0380561,0.032413,0.121509,0.0352444,0.0574061
0.0237955,0.0163853,0.0186563,0.0775521,0.0183978,0.0184847
0.0206805,0.013494,0.00739418,0.0361803,0.00795905,0.00651095
0.0396938,0.0238557,0.0403555,0.129535,0.0337862,0.0394071
0.00774609,0.00554674,0.0029338,0.0277262,0.00637686,0.00855972
0.0209018,0.0144267,0.00699452,0.0156329,0.00493824,0.00730663
0.0248138,0.0164522,0.0140444,0.0439669,0.0130489,0.016154
0.00874346,0.00568548,0.00403008,0.0107279,0.00419414,0.00587355
0.0127815,0.00862074,0.00458317,0.0344486,0.00746851,0.0143182
0.00793426,0.00525302,0.00297518,0.015052,0.00548537,0.00510239
0.0127011,0.0053964,0.0045147,0.0276602,0.00695029,0.00836223
0.0129017,0.00583351,0.00440339,0.0238457,0.00284687,0.004935
0.01591,0.00969233,0.00819071,0.0521088,0.0139117,0.0152195
0.0145802,0.010118,0.00455398,0.0249301,0.00565102,0.0131315
0.0208457,0.0141034,0.00551386,0.027216,0.00930408,0.00500534
0.0200049,0.0135493,0.00536006,0.0286261,0.00764176,0.0109823
0.0250156,0.016301,0.00769562,0.0411084,0.00983773,0.0107118
0.012104,0.00852111,0.00548882,0.0177086,0.00459981,0.00447846
0.0444437,0.025358,0.0838096,0.288306,0.0739395,0.113601
0.00709037,0.00498373,0.00339088,0.0164849,0.00514853,0.00750314
0.0186271,0.0128505,0.00645911,0.0431177,0.0106941,0.0191682
0.0150066,0.00994281,0.00499006,0.0246382,0.00779675,0.00407116
0.0100535,0.00691309,0.00528166,0.015718,0.00345383,0.00296144
0.00865312,0.00627679,0.00214671,0.0217097,0.00541547,0.00389705
0.0139254,0.0094952,0.00647095,0.0283895,0.00630121,0.00875339
0.0194619,0.0126407,0.0132662,0.0117514,0.00346294,0.015636
0.0141888,0.0094881,0.0083593,0.0320996,0.00717678,0.00678878
0.0044991,0.0032011,0.00205784,0.0018081,-0.000133115,0.00322795
0.00997198,0.00680713,0.00285884,0.0198361,0.00570791,0.0040839
0.0155806,0.0107974,0.00466852,0.0249701,0.00603719,0.0181613
0.00671481,0.00445713,0.00309751,0.00983581,0.00344719,0.0013366
0.0473413,0.0302464,0.0489884,0.201633,0.0528788,0.0707985
0.061265,0.0369728,0.0207921,0.121973,0.0296441,0.0348951
0.0291304,0.0190817,0.0106775,0.0522762,0.0135952,0.0232281
0.0120878,0.00805,0.00396085,0.0133166,0.00552327,0.00197084
0.0274559,0.0186768,0.0085357,0.0398974,0.00890044,0.00932304
0.0196317,0.0131656,0.00881193,0.0352583,0.0093446,0.00816929
0.00566266,0.00391278,0.00268278,0.013531,0.0039625,0.0074861
0.0313866,0.0208175,0.0183644,0.0538124,0.0130238,0.0102697
0.00766583,0.00513042,0.00257436,0.00511399,0.00136093,0.00536161
0.0158087,0.0107174,0.006147,0.0283062,0.00566848,0.00928946
0.0256903,0.0166525,0.00795065,0.0324042,0.00889588,0.0124449
0.0112246,0.00768118,0.00387184,0.0203846,0.00499377,0.00479652
0.014386,0.0103101,0.00462014,0.0207565,0.005435,0.00853666
0.0199742,0.0132243,0.0137399,0.0704242,0.0177448,0.019463
0.0187906,0.0130202,0.0078268,0.0252756,0.00583058,0.0058477
0.0355665,0.0228871,0.0108366,0.0564527,0.0146939,0.0221334
0.012451,0.00895347,0.0104606,0.0541469,0.0142807,0.0183411
0.0234696,0.0154333,0.0160293,0.06774,0.0180038,0.0270572
0.0134689,0.00966818,0.00491958,0.0280133,0.00798302,0.00724058
0.00599288,0.00424434,0.00337912,0.0222984,0.0048068,0.00788888
0.0398877,0.0220106,0.028935,0.151615,0.0374921,0.0445885
0.0289322,0.0131674,0.0116737,0.0481923,0.0135021,0.0112742
0.0255224,0.0123073,0.0107474,0.0322759,0.00811701,0.0101608
0.0119731,0.0079471,0.00466222,0.019656,0.00381597,0.00451434
0.0238124,0.0156679,0.00742627,0.0489413,0.013901,0.0364319
0.02975,0.0149873,0.0109771,0.0598765,0.0145123,0.0140011
0.0402617,0.0244418,0.0242732,0.0896653,0.0223953,0.0296988
0.0124833,0.00886393,0.00450744,0.023555,0.00700737,0.00341284
0.0168581,0.0112118,0.0206159,0.0494991,0.0128397,0.0370076
0.0142733,0.0100139,0.00597491,0.00841942,0.00305993,0.00660958
0.0386166,0.0256507,0.0109967,0.0440632,0.0120781,0.0196672
0.0228935,0.0154439,0.00988255,0.0660572,0.0192693,0.0340161
0.0121761,0.00842816,0.00356221,0.0273089,0.00674426,0.00780316
0.0121955,0.00850208,0.00296093,0.0194475,0.00558089,0.00679726
0.02439,0.0165046,0.00688838,0.0355202,0.0109925,0.00807182
0.0242506,0.0162211,0.0108552,0.0485225,0.0113516,0.0151587
0.0452893,0.0291464,0.0223748,0.0987599,0.0253793,0.0190058
0.0089774,0.00620007,0.00267986,0.016939,0.00613456,0.00952079
0.0163007,0.0111383,0.00769106,0.0384578,0.00759256,0.00372513
0.00393158,0.00302489,0.00242644,0.0132501,0.00407919,0.000352924
0.0315277,0.0200486,0.00963516,0.0498773,0.0135729,0.00856994
0.010532,0.00721184,0.00354028,0.0313703,0.00606844,0.00594807
0.0413937,0.0273926,0.0136282,0.0738998,0.0183249,0.0321364
0.00592489,0.00457424,0.00277899,0.0133151,0.00289626,0.0041836
0.0531923,0.0321199,0.0136421,0.0963672,0.0267711,0.0261481
0.0257093,0.0174343,0.014648,0.0666744,0.0222165,0.0156429
0.0345042,0.0205148,0.0174199,0.0728587,0.0218349,0.014347
0.0221278,0.0150485,0.00611708,0.0245242,0.00709005,0.00268551
0.0352748,0.0235638,0.0111074,0.0601216,0.0183532,0.0151173
0.00724355,0.00518239,0.00314697,0.019574,0.00388526,0.00402673
0.0212494,0.0144338,0.0068032,0.00982375,0.00147892,0.00635835
0.00913159,0.0062964,0.00422337,0.0175919,0.004435,0.00540294
0.0336061,0.0223773,0.0107798,0.0697941,0.017006,0.0175267
0.0113561,0.00770009,0.00398316,0.0233087,0.00615991,0.00435623
0.0227676,0.0147175,0.00969098,0.0487916,0.0125714,0.00923123
0.0138464,0.00946134,0.00700725,0.0317727,0.00755824,0.0134373
0.00523939,0.00352218,0.00254754,0.0102368,0.00390029,0.00391349
0.0352916,0.0214672,0.011457,0.0733444,0.0179997,0.0165699
0.0198787,0.0138105,0.0108196,0.0495969,0.014519,0.0349039
0.0105154,0.00692018,0.00965953,0.0593888,0.01389,0.00659062
0.00532645,0.00357364,0.00104608,0.0129187,0.00393253,0.00438337
0.0118848,0.00586418,0.00733822,0.0483829,0.0127652,0.00876651
0.012866,0.00698218,0.00558939,0.0270892,0.00515861,0.00514908
0.0295332,0.0158824,0.00988266,0.0666155,0.0180032,0.0246468
0.0128673,0.00879742,0.00437499,0.0214701,0.00387427,0.00469669
0.0269199,0.0135755,0.0109348,0.0332725,0.0107494,0.0245379
0.0177939,0.0119437,0.00833465,0.0497964,0.0131304,0.00496562
0.0361534,0.0240267,0.0163075,0.0517278,0.0130924,0.0399292
0.0156783,0.0106389,0.00568612,0.0340246,0.00875063,0.0169846
0.0199132,0.0137056,0.00604733,0.0298419,0.0086991,0.0102715
0.0111513,0.00784602,0.00467347,0.0232146,0.00539929,0.00935111
0.0226336,0.0156786,0.0079334,0.0577759,0.0145078,0.00740198
0.00941913,0.00542429,0.00450482,0.0150964,0.00408709,0.0063807
0.00958365,0.00549371,0.00538255,0.0136387,0.00433932,0.00438724
0.0110088,0.00775418,0.00325321,0.0390092,0.00873161,0.00598759
0.0169523,0.010937,0.0025764,0.0385002,0.00794935,0.00780974
0.0443692,0.0254576,0.0210887,0.0798218,0.0197036,0.0229768
0.00460911,0.00350187,0.00127915,0.0145122,0.00395102,0.000858812
0.0371544,0.0242601,0.0167138,0.0839712,0.0227524,0.0170469
0.00619506,0.0045478,0.00213119,0.0149162,0.00443977,0.00173334
0.00484886,0.00357029,0.00145858,0.0197636,0.00533605,0.0112474
0.0180248,0.0121811,0.0139979,0.0378304,0.00953832,0.0123441
0.0214288,0.0119433,0.00548136,0.0414246,0.0118587,0.00806128
0.0298117,0.0179535,0.00841813,0.0473921,0.01112,0.00718072
0.034002,0.0143423,0.0106378,0.0634792,0.0162827,0.026209
0.0336428,0.0143998,0.0104543,0.0640047,0.0134639,0.02531
0.00807505,0.00417133,0.00273121,0.0198571,0.00582345,0.00776994
0.00940825,0.00502585,0.00444179,0.0168324,0.00400872,0.00736699
0.0149932,0.0102621,0.00686974,0.0281823,0.00803224,0.00532512
0.0548143,0.03155,0.0241532,0.131995,0.0347424,0.0861131
0.0100309,0.00700572,0.00361981,0.00943933,0.00525369,0.00739221
0.0125141,0.00868812,0.00833152,0.0315568,0.00815184,0.00552496
0.0348999,0.0221151,0.0147846,0.0426668,0.0111437,0.0113284
0.0141088,0.0099641,0.00699045,0.0269267,0.00647375,0.0201734
0.0169836,0.0114829,0.0063909,0.0277071,0.00744654,0.00534867
0.00656084,0.00459628,0.00219376,0.0162739,0.00426179,0.00164304
0.0053527,0.0034443,0.00239868,0.0113959,0.00270935,0.00275675
0.0136806,0.00926925,0.00475664,0.0306821,0.00607244,0.0059254
0.0295101,0.0189812,0.00909708,0.030717,0.00671799,0.0111832
0.0172651,0.011723,0.00644459,0.00651595,0.0010997,0.0091416
0.00772808,0.00502719,0.00310642,0.0282208,0.00788674,0.0140293
0.00877333,0.0062271,0.00426121,0.0139675,0.00317937,0.00389859
0.0142976,0.0103069,0.00452419,0.0273277,0.00562179,0.00978646
0.019742,0.0133285,0.00801748,0.0451143,0.0107042,0.00707576
0.0315714,0.0196352,0.0176982,0.0755531,0.0198967,0.022437
0.022292,0.0149947,0.00650776,0.03617,0.00685041,0.00343688
0.00543253,0.00374643,0.00180254,0.0130363,0.00524234,0.00587602
0.00723149,0.00503697,0.00275576,0.0246273,0.00573609,0.0118998
0.0163484,0.0107617,0.00943331,0.0354904,0.0100744,0.0156147
0.0166888,0.0115087,0.00973063,0.0372066,0.0118105,0.0247616
0.0346619,0.0214068,0.0146918,0.0708319,0.0183246,0.0300539
0.0175404,0.0117513,0.00569003,0.0363991,0.00990939,0.00979707
0.077187,0.0338357,0.0652497,0.103213,0.0253364,0.11421
0.065145,0.0295243,0.0411818,0.0730323,0.0126118,0.0586931
0.0116221,0.00777639,0.00341701,0.0150822,0.00428194,0.00320561
0.012529,0.00872938,0.00457251,0.00669756,0.00225222,0.00299718
0.048349,0.0263881,0.0198016,0.0794928,0.0197244,0.0155165
0.00983941,0.00650979,0.00414715,0.0135671,0.00332545,0.0053711
0.0406039,0.0237347,0.0150299,0.0762498,0.0182376,0.0288892
0.0223256,0.0107942,0.00891462,0.0356905,0.00701055,0.0128709
0.0159001,0.00968068,0.0281391,0.147117,0.0382323,0.0957917
0.0138459,0.00902254,0.00366253,0.0162512,0.00461639,0.012674
0.0392976,0.0251258,0.0116455,0.0512783,0.0147637,0.0127088
0.0133073,0.00917589,0.00419959,0.0194085,0.00445279,0.00413619
0.0060938,0.00436967,0.00286705,0.0137644,0.00410312,0.00212693
0.0249597,0.0160452,0.0149157,0.0757513,0.0178166,0.0254425
0.0371413,0.0224874,0.01754,0.072808,0.018661,0.0214095
0.0385568,0.0218063,0.0172905,0.0473296,0.0120185,0.00846615
0.00513665,0.00308158,0.00175566,0.0139277,0.00481336,0.00215247
0.0254715,0.0163627,0.00943655,0.0392299,0.0101251,0.0151011
0.0197775,0.0134425,0.00843433,0.0454096,0.0117584,0.0066504
0.0337788,0.0221976,0.0149646,0.0630053,0.0195982,0.0489296
0.00487469,0.00325617,0.00299693,0.0111485,0.00331477,0.001339
0.0192833,0.0130875,0.00895194,0.0437002,0.0148152,0.0183393
0.0296199,0.0176621,0.0104802,0.0468987,0.0131286,0.0256185
0.0231367,0.0107508,0.00759946,0.033939,0.00796928,0.0136432
0.0181274,0.0124077,0.00690003,0.0402097,0.00951719,0.00560664
0.0136484,0.0095779,0.00431608,0.0314197,0.00727187,0.00671347
0.0118023,0.00799593,0.00836181,0.0726974,0.0189002,0.0432851
0.0141273,0.00930012,0.00452211,0.0184998,0.00425181,0.00738476
0.00510201,0.00362531,0.0024854,0.0168479,0.00378409,0.00413464
0.0241196,0.0155218,0.00710028,0.04734,0.0117693,0.0134901
0.00543468,0.00419789,0.00295522,0.00933361,0.00418076,0.00399841
0.0297927,0.0192016,0.0289864,0.0876414,0.0240864,0.0325743
0.0156106,0.0101221,0.0377904,0.138525,0.0352157,0.0470596
0.0147176,0.0100376,0.00517582,0.0204884,0.0032641,0.00266907
0.0191647,0.0125385,0.00694269,0.0460008,0.0121781,0.011722
0.021112,0.0141565,0.00548852,0.0341867,0.0104795,0.00849276
0.0133317,0.00951723,0.00413716,0.0236618,0.00617105,0.00373462
0.0105642,0.00724799,0.00385968,0.015836,0.00344261,0.00578613
0.00702943,0.00497358,0.00347769,0.0166171,0.00344265,0.00358599
0.011459,0.00824396,0.00436241,0.02074,0.00619678,0.00255536
0.0206228,0.0135482,0.00744107,0.0268604,0.00523245,0.00678284
0.0059071,0.0043058,0.00312926,0.0119522,0.00384861,0.00369587
0.00874823,0.00623229,0.00509554,0.0289345,0.0060814,0.00785147
0.00757733,0.00538038,0.0039285,0.0161038,0.0043952,0.00235315
0.0300175,0.0122401,0.0107584,0.0545066,0.0128745,0.0148067
0.0333377,0.0136588,0.0116941,0.047929,0.0109973,0.0163566
0.0198128,0.0135368,0.00562071,0.031907,0.00832076,0.00814565
0.00661121,0.00471655,0.00193189,0.017421,0.00308598,0.00362159
0.030056,0.0197401,0.0133896,0.0363699,0.00973822,0.00717976
0.014256,0.010009,0.0049971,0.0205708,0.00571791,0.00565705
0.0126098,0.00848002,0.0043755,0.023744,0.0062359,0.00515034
0.0389481,0.0180462,0.0138626,0.0660155,0.0203945,0.028597
0.0400054,0.018157,0.0134866,0.0580249,0.0156135,0.0218243
0.00460665,0.0033168,0.00206538,0.00910387,0.00296404,0.00173342
0.00951294,0.00634598,0.00317776,0.0155818,0.00729342,0.0113306
0.00735275,0.0053604,0.00472919,0.0163438,0.00452565,0.00351851
0.0102731,0.00682771,0.00342122,0.0186308,0.00470204,0.00902648
0.0141919,0.00988695,0.00506823,0.000927619,0.00043355,0.00784156
0.017653,0.0116911,0.0120421,0.0233626,0.00720309,0.00935826
0.00937173,0.00626629,0.00342146,0.0182394,0.00540453,0.00357755
0.0317621,0.0204907,0.0320506,0.0831496,0.0203872,0.0282269
0.0232042,0.0151488,0.0073523,0.037266,0.0100903,0.00996699
0.0288222,0.0188416,0.0132382,0.0544954,0.0158464,0.023331
0.00454593,0.00328367,0.00225987,0.0127341,0.00328109,0.0017862
0.0253391,0.0160801,0.00741881,0.042359,0.0124383,0.0149268
0.0203521,0.0134084,0.0191771,0.0802064,0.0215199,0.0392899
0.0108311,0.00735361,0.00355986,0.0372865,0.0120707,0.0252472
0.0110203,0.0071991,0.00932894,0.0421682,0.0107112,0.0165469
0.0226926,0.0158449,0.0181677,0.0603049,0.016566,0.0381764
0.0110272,0.00736073,0.00430812,0.0269303,0.00672868,0.00569651
0.0121015,0.00818151,0.00498992,0.0226903,0.00858572,0.00842441
0.0102833,0.00677364,0.0039217,0.0222906,0.00371721,0.00575395
0.0123779,0.00839154,0.0157674,0.0312004,0.00677111,0.00624772
0.028943,0.0190529,0.0187544,0.119373,0.0307703,0.0849005
0.0227131,0.0147489,0.013957,0.0708853,0.0205475,0.0195161
0.0158732,0.0106768,0.00439153,0.0207453,0.00874029,0.0147246
0.00875401,0.00629344,0.00771308,0.0386868,0.0112629,0.0364262
0.0360713,0.0233704,0.0266765,0.135307,0.0332058,0.0303889
0.0303562,0.0190089,0.0127322,0.0506455,0.0120263,0.00846881
0.0238715,0.0157435,0.0190389,0.0767203,0.0208395,0.0455997
0.0103814,0.00743939,0.00391519,0.018674,0.00503062,0.00508864
0.0238861,0.0160277,0.0128725,0.0483427,0.0113873,0.0245447
0.0332165,0.0207118,0.0237259,0.0980542,0.025854,0.0465182
0.0197287,0.013046,0.00506071,0.0420553,0.00958244,0.021298
0.0333998,0.0220114,0.0128696,0.0651818,0.0161118,0.0356706
0.0113437,0.00789264,0.0053989,0.0402564,0.0117224,0.006025
0.0111453,0.00732542,0.00424319,0.0188352,0.00421474,0.00490981
0.0206933,0.0142008,0.00801067,0.00607937,0.00117554,0.00678821
0.0295845,0.0167608,0.0131687,0.0583293,0.017296,0.0243982
0.054389,0.0299937,0.0224879,0.075716,0.0186411,0.0367906
0.0113048,0.00774968,0.00346706,0.0213641,0.0042474,0.00186655
0.0132812,0.0092857,0.00400142,0.0254652,0.00704166,0.0170103
0.0372431,0.0227553,0.0173353,0.0682788,0.0188353,0.0242578
0.0216142,0.0144997,0.00597882,0.0396164,0.0102753,0.0110153
0.0393378,0.0242305,0.0174777,0.0826284,0.0227579,0.0482401
0.0687361,0.0407874,0.0206672,0.0954755,0.0249493,0.0303536
0.0124575,0.00882044,0.00285218,0.0227901,0.0061421,0.011849
0.00535899,0.00398999,0.00308082,0.0118919,0.00408391,0.00279102
0.0125796,0.00876946,0.00371606,0.0198083,0.00546524,0.00784415
0.0133377,0.00899914,0.00561123,0.0144719,0.00621374,0.00320978
0.00665664,0.00458267,0.00174518,0.0242806,0.00640493,0.00513251
0.0226325,0.0151542,0.00683794,0.0383546,0.011982,0.0211717
0.00800299,0.00556781,0.00264068,0.0201182,0.00536533,0.00363461
0.0141576,0.00936111,0.00562557,0.0274526,0.00740168,0.0147093
0.0157584,0.0105837,0.00537299,0.0338512,0.0102425,0.00520027
0.00802609,0.00540429,0.00276954,0.0169602,0.00512592,0.00549709
0.00950651,0.00653541,0.0031184,0.0121953,0.00401193,0.00275395
0.00797862,0.00525096,0.00270517,0.00616383,0.000127266,0.00546304
0.0206392,0.0134655,0.00501253,0.0322863,0.00822694,0.00617669
0.0169535,0.0114728,0.00582856,0.0282622,0.00648008,0.00928952
0.010697,0.00694412,0.0038499,0.0205056,0.00404043,0.00780523
0.0296744,0.0192076,0.00928429,0.0489545,0.0104242,0.0102762
0.0125068,0.00831414,0.00438138,0.0255595,0.00521157,0.0118225
0.00444545,0.00310534,0.00273387,0.00850278,0.00247735,0.00489892
0.0106527,0.0071203,0.00599037,0.0123043,0.00246365,0.0218779
0.0171474,0.0117933,0.00970696,0.0577291,0.0155468,0.0165465
0.0127859,0.00840964,0.00575749,0.0275258,0.00746589,0.00316024
0.0315447,0.0165039,0.0151359,0.0748648,0.0201893,0.0475952
0.0364475,0.0182568,0.0168601,0.081144,0.0207793,0.0490197
0.0138294,0.00925789,0.00371493,0.0276328,0.00809654,0.00631877
0.00963126,0.00656173,0.00448321,0.0224541,0.00420887,0.00459449
0.018657,0.0130702,0.0155263,0.0624432,0.019125,0.0106761
0.0329521,0.0214806,0.00996995,0.0544034,0.015858,0.0181817
0.0605756,0.0353704,0.0281428,0.0739255,0.0170746,0.0364708
0.0440641,0.0267866,0.0275109,0.0965294,0.0261747,0.0225238
0.0615922,0.0365887,0.0224595,0.108501,0.0265542,0.0228182
0.0245717,0.015987,0.00771706,0.0239233,0.00792118,0.0205737
0.0110305,0.00778796,0.00337017,0.0196447,0.00459317,0.0119635
0.00656361,0.00457404,0.00294543,0.0160473,0.00290191,0.00529575
0.0110585,0.0074636,0.00445335,0.0160586,0.00532837,0.00449519
0.00796047,0.00543794,0.00303247,0.00998457,0.00342972,0.00531977
0.0237759,0.0162469,0.00924528,0.0208097,0.00511234,0.010404
0.0172439,0.0119303,0.0115181,0.0331416,0.00860929,0.00594401
0.0119107,0.00843118,0.00583263,0.0339062,0.0120234,0.01185
0.0159103,0.0106759,0.00349717,0.0339242,0.00917381,0.00719589
0.00928638,0.00665562,0.00473886,0.0178895,0.00391869,0.00400288
0.0129388,0.0085104,0.00390819,0.0204187,0.00510945,0.00412408
0.0119449,0.00839277,0.00265083,0.0208684,0.00663726,0.0213756
0.0321071,0.020933,0.0106839,0.0518026,0.0123302,0.0221513
0.0155186,0.0105131,0.00764814,0.0365924,0.010271,0.0153462
0.0181195,0.012134,0.00599928,0.0322948,0.00862974,0.00711539
0.0265705,0.0165959,0.0071218,0.0542409,0.0132784,0.0108277
0.0257969,0.0137279,0.0166345,0.0494124,0.0127905,0.0207315
0.02099,0.00898154,0.00970841,0.0308945,0.0056826,0.00729913
0.0250482,0.0165396,0.0070477,0.0463421,0.0104575,0.0118332
0.0155383,0.0105142,0.0071056,0.0245986,0.00655117,0.00668335
0.0157016,0.0107749,0.00991092,0.0258515,0.00936995,0.00687177
0.00742328,0.00530785,0.00772524,0.0737659,0.0196536,0.0134752
0.00903032,0.00650196,0.00304626,0.0127661,0.00358914,0.00293266
0.0194877,0.0127841,0.0174558,0.117497,0.034,0.0462205
0.0248698,0.016661,0.0065447,0.0388249,0.00838856,0.0100315
0.0281056,0.0186215,0.0149858,0.0591151,0.0178925,0.030051
0.0196837,0.0132837,0.00603267,0.0525301,0.0139813,0.0126702
0.00697157,0.00496501,0.00294432,0.00522489,0.00149789,0.00335867
0.00543896,0.00391328,0.00297283,0.0175541,0.00356978,0.00763775
0.0278051,0.018408,0.0116482,0.0614007,0.0145249,0.0252887
0.0119379,0.00778745,0.00614955,0.0367654,0.012084,0.03056
0.0166847,0.0109802,0.00640094,0.027572,0.00697881,0.00388544
0.0157757,0.0104143,0.00564356,0.0212393,0.00435162,0.0110521
0.0203301,0.0136381,0.0108031,0.0290746,0.00728719,0.0109998
0.0167786,0.0110091,0.00478625,0.0444581,0.0119341,0.0081386
0.0166923,0.0117485,0.00603734,0.0471659,0.0128949,0.0120624
0.0157499,0.0109763,0.00522137,0.020447,0.00425429,0.00301242
0.014164,0.00975411,0.00443875,0.0267428,0.00888853,0.00329113
0.0137964,0.00981605,0.0102456,0.0255126,0.00537022,0.0119026
0.0224599,0.0154043,0.00937316,0.0604112,0.0159281,0.0206337
0.00554925,0.00415411,0.00328315,0.0160818,0.00311922,0.00261911
0.0597097,0.033733,0.0389044,0.161021,0.0425258,0.0675344
0.0251766,0.0164043,0.0135952,0.0716503,0.0184552,0.0301316
0.0253022,0.0164367,0.00713075,0.0297877,0.0100202,0.0169968
0.00867043,0.00571912,0.00217735,0.0141352,0.00443934,0.00168306
0.0121252,0.00824063,0.00570279,0.0212167,0.00522136,0.00321405
0.0265301,0.0181406,0.0130313,0.0614728,0.0164974,0.0189897
0.0274826,0.017683,0.00927613,0.046501,0.0109276,0.0243539
0.0318867,0.0198136,0.00999944,0.046985,0.0101775,0.0133831
0.0174019,0.011768,0.00566197,0.0284828,0.00740566,0.00316576
0.0302199,0.0196228,0.0171986,0.0863481,0.0208197,0.0332148
0.0484679,0.0296434,0.0299087,0.13131,0.0329345,0.0333182
0.016846,0.0110227,0.00503616,0.0348027,0.00870474,0.0163179
0.0297509,0.0180275,0.0404177,0.174339,0.0457533,0.0695811
0.0233933,0.012583,0.0241606,0.10215,0.0251561,0.0343511
0.0208203,0.0111048,0.0103528,0.0407077,0.00865565,0.0163563
0.00897353,0.006123,0.00203477,0.0106853,0.00234435,0.00256396
0.00834839,0.0057992,0.00391486,0.0155239,0.00530036,0.00432907
0.0166661,0.0108227,0.00490357,0.030734,0.00825528,0.0125824
0.0142451,0.0095394,0.00642716,0.0286087,0.00485338,0.00362274
0.019407,0.0129882,0.014465,0.0599799,0.0185938,0.0311534
0.024255,0.016645,0.00896056,0.0426511,0.0104652,0.00545284
0.0177257,0.0119648,0.0169279,0.0777613,0.0192885,0.0256047
0.00920873,0.00640781,0.00210302,0.0138304,0.00456944,0.00440271
0.0179547,0.012404,0.00986574,0.0198882,0.00582677,0.005443
0.00640887,0.00439173,0.00302275,0.0176249,0.00202913,0.00238274
0.00991509,0.00681958,0.0128193,0.0648184,0.0153176,0.0278078
0.0116188,0.0076782,0.00773244,0.0624471,0.0184414,0.0123726
0.00602717,0.00432398,0.00334417,0.0208244,0.00501427,0.00924432
0.0321519,0.0214467,0.0105886,0.0406992,0.00943986,0.0195151
0.061162,0.0354267,0.0428705,0.132204,0.0381669,0.0384908
0.00796174,0.00527268,0.00665295,0.0255216,0.0060753,0.00990617
0.048952,0.0295002,0.0330343,0.147724,0.0354257,0.0622486
0.013325,0.00901998,0.00527741,0.0271268,0.00934072,0.0118491
0.0142897,0.0101316,0.0202874,0.0363761,0.0102812,0.0129473
0.0115176,0.00791006,0.00445767,0.0163336,0.00475227,0.00894016
0.0225121,0.0152752,0.00647205,0.0471033,0.0142813,0.00931776
0.0154516,0.0105036,0.00796104,0.0283006,0.00818475,0.0149351
0.0142648,0.00992536,0.00466587,0.0271453,0.00759844,0.00557015
0.0475871,0.0264551,0.0275133,0.130253,0.033117,0.0440991
0.0162673,0.01101,0.00818979,0.0325223,0.00908741,0.0124435
0.0306178,0.0190857,0.0106518,0.0438638,0.012427,0.0292289
0.0176107,0.010672,0.00499822,0.029819,0.01003,0.00698333
0.0186755,0.0125686,0.00613324,0.0266499,0.00740276,0.0066412
0.0293098,0.0193457,0.0101438,0.0479171,0.0136658,0.0201854
0.0343767,0.0219574,0.0116285,0.0558155,0.0136404,0.0238199
0.0137437,0.00959825,0.00327546,0.0184347,0.00615372,0.0113967
0.00505229,0.00373501,0.00228581,-0.00257142,0.000225125,0.00156934
0.00565988,0.00387554,0.00270465,0.0152605,0.00314577,0.00288087
0.046025,0.0289987,0.0220433,0.0788336,0.02154,0.0169993
0.0182707,0.0126839,0.00849402,0.0343702,0.00872362,0.00769347
0.016697,0.0113449,0.00570023,0.0228763,0.00557697,0.00691662
0.0302421,0.0141294,0.00922917,0.0626496,0.0134578,0.0178979
0.034604,0.0157842,0.0143483,0.0932286,0.0231497,0.0465742
0.0325401,0.0130415,0.0112871,0.0526455,0.0145908,0.0141724
0.0128442,0.00864972,0.003871,0.0263904,0.00850782,0.00358101
0.0130459,0.00897824,0.00529143,0.0215731,0.00683577,0.00291834
0.0138958,0.00967517,0.00627473,0.0426241,0.011887,0.0140382
0.00950883,0.0044556,0.0038014,0.0316898,0.0110577,0.0145566
0.00970274,0.00446669,0.00381408,0.0314099,0.0110838,0.0131898
0.0272703,0.0182552,0.0163887,0.0931679,0.021016,0.017941
0.0114836,0.0078868,0.00455388,0.021014,0.00468891,0.00552706
0.0126531,0.00841559,0.00436884,0.0239879,0.00535261,0.00614121
0.0205879,0.0139892,0.00885459,0.0344566,0.00855463,0.0079301
0.0236797,0.0158592,0.00802202,0.037289,0.00857904,0.0222318
0.0245841,0.015985,0.00574132,0.0399553,0.010759,0.016417
0.0146778,0.00995507,0.00646676,0.0212871,0.00419663,0.00328549
0.0124417,0.00870591,0.0063449,0.0429401,0.0103977,0.00327762
0.0303598,0.0174491,0.0108837,0.0616247,0.0145607,0.0300048
0.0222346,0.0145242,0.00593276,0.0315058,0.00794616,0.0061449
0.0175664,0.0113457,0.0108151,0.0391801,0.0103218,0.00825536
0.0184156,0.0123941,0.00533488,0.0191762,0.00615903,0.00214079
0.00660365,0.00480553,0.00376427,0.0148767,0.00474668,0.00415921
0.0180793,0.0119153,0.00962346,0.0490853,0.0153968,0.0173405
0.0285477,0.0190951,0.0105169,0.0325204,0.00971028,0.00564979
0.0295435,0.0133025,0.0178048,0.102429,0.0265319,0.0260659
0.0168883,0.0118255,0.00496784,0.0183104,0.00498325,0.00618922
0.00635836,0.00427345,0.00292868,0.0218804,0.00443659,0.00419457
0.0117706,0.00798909,0.00414399,0.029305,0.00579527,0.0092905
0.00685795,0.00516118,0.00342432,0.0183746,0.00383824,0.00791512
0.02911,0.0183922,0.0219806,0.0870099,0.0244364,0.0285229
0.0204949,0.0134686,0.0072863,0.0446259,0.0118103,0.0244203
0.017686,0.0124636,0.0129553,0.0504456,0.012213,0.00747845
0.0369907,0.0232987,0.0198281,0.049169,0.0118424,0.0140788
0.0307467,0.0196182,0.0215802,0.0992744,0.0263261,0.0448314
0.0258508,0.0168532,0.0172037,0.0255601,0.00589871,0.00976008
0.0185854,0.0129157,0.00545804,0.0216054,0.00619161,0.00741176
0.00493691,0.00376194,0.0023099,-0.000481904,0.000370526,0.00474283
0.0263922,0.0175483,0.00849609,0.0379033,0.00921669,0.0156987
0.053488,0.0334746,0.0216135,0.0695256,0.01633,0.0147632
0.0128448,0.0052779,0.00827215,0.0293888,0.00846998,0.00511359
0.0134286,0.00523082,0.00875303,0.030553,0.00719307,0.00449943
0.0173657,0.0112639,0.0118563,0.066243,0.0177041,0.0763876
0.023239,0.015306,0.0080892,0.0318035,0.0115536,0.00564627
0.0208299,0.0140394,0.0127658,0.0469112,0.0154514,0.0311996
0.0378827,0.0244516,0.0133688,0.0413884,0.0114313,0.00949717
0.0215613,0.0147845,0.00551477,0.0282836,0.00836332,0.00675339
0.0278272,0.0178197,0.013441,0.0470507,0.0117154,0.0408444
0.00578694,0.00387014,0.00296218,0.0162808,0.00292405,0.00311183
0.00971422,0.00669744,0.00306238,0.00941957,0.00469625,0.00249244
0.0125419,0.0090648,0.00451806,0.0183654,0.0042481,0.00533208
0.0165631,0.0114275,0.00546659,0.0284002,0.00793646,0.00590921
0.00791907,0.00549642,0.00305608,0.0195263,0.00572717,0.00554379
0.00834368,0.00314044,0.00380566,0.0145931,0.00640155,0.00515421
0.0154202,0.00903868,0.00583692,0.0267419,0.00790522,0.0083078
0.0122278,0.00798795,0.00467521,0.0245942,0.00583024,0.00158419
0.0769335,0.0422867,0.0274663,0.120294,0.0279149,0.0422627
0.0350289,0.0217275,0.0251192,0.100426,0.0262261,0.0151378
0.0364951,0.0219343,0.034185,0.121777,0.0330052,0.032243
0.0127382,0.00893294,0.0079061,0.0427276,0.0105455,0.0232469
0.0270164,0.0177835,0.0140839,0.0720024,0.0170406,0.0447062
0.0307045,0.0196414,0.00861943,0.0451458,0.0108549,0.0107764
0.0109624,0.00738666,0.00454594,0.0194859,0.00562738,0.00471529
0.0250132,0.0162186,0.013426,0.0509905,0.0143683,0.00767297
0.00649859,0.00443251,0.00295394,0.0144801,0.00409023,0.0032343
0.0204068,0.013162,0.00647589,0.0297535,0.0079857,0.00632496
0.0180184,0.0121503,0.0041832,0.0248987,0.00716794,0.00880902
0.0198729,0.013289,0.00551871,0.0278941,0.0059927,0.00817145
0.00789689,0.0055649,0.00408464,0.0378369,0.00927165,0.0145744
0.00848802,0.00556298,0.00367481,0.0193767,0.00532694,0.0131778
0.0267178,0.017069,0.0160004,0.0557426,0.014673,0.0289375
0.0106511,0.00730026,0.0167574,0.0354874,0.00952777,0.0179869
0.0117428,0.00794215,0.00764717,0.0455612,0.0118081,0.0225005
0.0115035,0.00756543,0.00331641,0.0193653,0.00600319,0.0173143
0.0108394,0.00742396,0.00569975,0.0315928,0.00856395,0.0129825
0.0426683,0.0208208,0.0201811,0.0732301,0.0202234,0.0248383
0.0099714,0.00667243,0.00401445,0.0234424,0.00432773,0.002571
0.0135014,0.00912615,0.00549854,0.0268509,0.00637919,0.00339853
0.0117268,0.00801924,0.00413018,0.0197939,0.00435118,0.00256873
0.00647941,0.0044378,0.00315828,0.0126994,0.00528919,0.00394813
0.00560076,0.0038805,0.00251175,0.00846061,0.00391189,0.00703264
0.030424,0.0204975,0.010774,0.0475086,0.0123305,0.0199763
0.00830073,0.00552373,0.0033465,0.0133777,0.00375966,0.00279998
0.011102,0.00760178,0.015969,0.0692091,0.017967,0.0169933
0.00842195,0.00606211,0.00289111,0.0223799,0.0035742,0.00455795
0.0382086,0.0163831,0.0104762,0.103076,0.0260834,0.0222969
0.0388514,0.0163268,0.0104758,0.101353,0.0247923,0.0217336
0.00555664,0.00377088,0.00419963,0.0314009,0.00860977,0.0067961
0.00940185,0.0062244,0.00396257,0.0145907,0.00477359,0.00395692
0.00445363,0.00294082,0.00272956,0.0109554,0.00116974,0.00223663
0.0271942,0.0128213,0.0164264,0.106464,0.0290415,0.0153846
0.0147693,0.00679321,0.00887702,0.0623739,0.0143348,0.011608
0.00908098,0.00601742,0.00436561,0.0100237,0.00398569,0.00503381
0.0178131,0.0120954,0.00918271,0.0452066,0.0130918,0.00764438
0.0294611,0.0198845,0.00869693,0.0505791,0.0107119,0.0411677
0.0296797,0.0160191,0.0237061,0.134827,0.0375589,0.0475487
0.0213009,0.00778862,0.0169863,0.0999271,0.0256011,0.0418677
0.0101282,0.00669682,0.00405177,0.0125471,0.00256249,0.00569182
0.00540911,0.00370667,0.00253276,0.0152232,0.00411148,0.00100182
0.0265356,0.0166388,0.0163317,0.0590715,0.0145299,0.0215199
0.0247423,0.0156927,0.0160405,0.0790364,0.0194114,0.0143809
0.00694447,0.00508303,0.00520625,0.0146107,0.00487522,0.0023217
0.0222468,0.0146542,0.00603309,0.0258507,0.00854459,0.0106173
0.00764633,0.00537411,0.00338129,0.0199976,0.00409386,0.00188895
0.0158566,0.0109474,0.00691222,0.0238065,0.00778382,0.003045
0.0142698,0.00985655,0.0056535,0.0405893,0.0116931,0.0401323
0.0394229,0.0260246,0.0293244,0.113011,0.0281751,0.0270436
0.00908463,0.00634417,0.00268844,0.0176883,0.00424651,0.00205927
0.0297295,0.0109967,0.0105885,0.0599784,0.0162829,0.0103492
0.0287516,0.0109166,0.0106358,0.0559578,0.0143867,0.0099474
0.00658673,0.00453171,0.00338429,0.0205486,0.00397974,0.00110193
0.00955269,0.00674754,0.00635867,0.0216976,0.00372763,0.00664577
0.0180655,0.012311,0.00631163,0.0283086,0.00823675,0.00899609
0.0274074,0.0175593,0.0110247,0.0782516,0.0185391,0.0323622
0.0274197,0.0183877,0.0144711,0.0995188,0.0258959,0.0542992
0.0126118,0.00837728,0.00470202,0.0275787,0.00670212,0.00309543
0.0192754,0.0127028,0.0201688,0.103709,0.0242464,0.00536696
0.00663619,0.00493589,0.00490983,0.0228302,0.00565656,0.00495095
0.0229461,0.0157871,0.00784765,0.0089766,0.0015699,0.0140628
0.00945565,0.00655553,0.00528221,0.0268934,0.00965432,0.0100341
0.00540271,0.00355469,0.0036813,0.0177348,0.00616571,0.00324934
0.00704583,0.00456266,0.00409845,0.027431,0.00722121,0.00567302
0.00957874,0.00630274,0.00414883,0.0433895,0.0118168,0.00453572
0.0289893,0.0190403,0.0110589,0.0493953,0.0134773,0.00613195
0.013227,0.00891673,0.0043259,0.0256951,0.00661202,0.00328358
0.042629,0.0268326,0.0237232,0.0862919,0.024361,0.028468
0.0283479,0.0183048,0.0178997,0.073839,0.0215185,0.0313097
0.0498145,0.0296586,0.0356613,0.148492,0.040869,0.0760858
0.0139199,0.00987418,0.00624866,0.01995,0.00704892,0.0233449
0.0192267,0.0129982,0.00550841,0.0293299,0.0082705,0.0121195
0.0323531,0.0204546,0.0186962,0.0724023,0.0181578,0.0348004
0.0604954,0.0331294,0.0387942,0.157968,0.0424041,0.0590222
0.0573992,0.0287149,0.0248815,0.129835,0.0324088,0.0232486
0.0180642,0.012465,0.00561473,0.0345143,0.00901619,0.00830732
0.0139284,0.00960142,0.00483237,0.0321798,0.00871633,0.00103657
0.0254989,0.0168376,0.0140312,0.0648471,0.0189577,0.0134761
0.0420778,0.026568,0.0172432,0.0721425,0.0177244,0.0223312
0.0133125,0.00906181,0.00453741,0.0210292,0.00485596,0.00436346
0.00771746,0.00538598,0.00365928,0.0223112,0.00499113,0.00671251
0.00922811,0.00653353,0.0060438,0.0854667,0.0238722,0.00727003
0.00620835,0.00437143,0.00231585,0.0214112,0.00524154,0.0058878
0.0171033,0.0113611,0.00783979,0.0344788,0.00957311,0.00407084
0.0104068,0.00708367,0.00419954,0.0135562,0.00436355,0.00837678
0.00663564,0.00447352,0.00306884,0.00887354,0.00322638,0.00782297
0.0417047,0.0272982,0.0154815,0.0763053,0.0190293,0.0116623
0.0143635,0.00982516,0.00492866,0.0346406,0.00822933,0.00679214
0.00703346,0.00485758,0.00292493,0.0168061,0.00606067,0.00630342
0.0333751,0.0168006,0.0230373,0.0662529,0.0190791,0.0268419
0.0442415,0.0230982,0.0245622,0.0764728,0.0197834,0.0159883
0.0336759,0.0212102,0.00976793,0.0461274,0.0111482,0.0156059
0.00724529,0.00483826,0.004311,0.0155723,0.00415036,0.0053156
0.012919,0.00898052,0.00441863,0.0175161,0.00471304,0.0103836
0.0257317,0.0168291,0.0153302,0.0545991,0.0123785,0.0298101
0.00862324,0.00611801,0.00406651,0.021434,0.00538319,0.00616281
0.033684,0.0219208,0.00963203,0.0349899,0.00917233,0.0108489
0.0400818,0.0232985,0.0165451,0.129373,0.0318632,0.0393243
0.0254686,0.0170399,0.00720712,0.0356987,0.00859745,0.00584866
0.0211564,0.0139854,0.00740053,0.03152,0.00862092,0.00350447
0.018172,0.0125144,0.00703225,0.0213669,0.00536248,0.00751393
0.0199057,0.0135119,0.00688954,0.0189819,0.00660569,0.00815122
0.0560071,0.0350218,0.0657749,0.262478,0.0713442,0.140776
0.0200147,0.013683,0.0140776,0.0614516,0.0146852,0.0234981
0.0323501,0.0219067,0.0117971,0.0355129,0.00850407,0.0111943
0.0401449,0.0255218,0.0119211,0.0507597,0.0149873,0.038158
0.00943947,0.006629,0.00351846,0.00449675,-0.000142748,0.00529834
0.00884855,0.00564299,0.00239723,0.0277774,0.00820231,0.0170721
0.0224195,0.0147313,0.0179705,0.108672,0.0353116,0.0579878
0.00595134,0.00443742,0.00304976,0.0273301,0.00627453,0.00756106
0.0383555,0.0237365,0.0172869,0.0897242,0.024326,0.0306446
0.0287799,0.0196038,0.0155417,0.0571952,0.014688,0.0118791
0.0451396,0.0291797,0.029702,0.0934591,0.0243677,0.0272736
0.0331179,0.0206117,0.0130108,0.052688,0.015142,0.0336381
0.0155776,0.0107071,0.00473475,0.0375361,0.0107334,0.00366102
0.0191408,0.012711,0.00557984,0.0393348,0.00746571,0.00930971
0.021795,0.0138823,0.00631556,0.0399543,0.00920308,0.0173867
0.0265943,0.0183503,0.00921556,0.0625871,0.0201231,0.00996972
0.0152634,0.010394,0.00626118,0.0239682,0.00691175,0.00823364
0.00672366,0.00461068,0.00239648,0.0156778,0.00166108,0.00251032
0.00705837,0.00511139,0.0038513,0.0134408,0.00321463,0.0105196
0.00548759,0.00402033,0.00292272,0.00722795,0.00321502,0.0070078
0.0159605,0.0105846,0.00606912,0.0320286,0.00665767,0.00751575
0.0206362,0.0137599,0.00647036,0.0357986,0.00903208,0.0208573
0.0260955,0.01676,0.0111299,0.0421649,0.0109371,0.0104226
0.0415138,0.0231245,0.027675,0.0830164,0.0224982,0.0595967
0.00941345,0.00639797,0.00355677,0.00713266,0.00332314,0.00422511
0.0127662,0.0087527,0.00737747,0.0260321,0.00712627,0.00767522
0.0521519,0.0287597,0.0201246,0.081948,0.020952,0.0333501
0.00982645,0.00701549,0.00324259,0.0149194,0.00416914,0.00245082
0.0153044,0.0107877,0.00760598,0.0361744,0.0115543,0.0152668
0.00502188,0.00331541,0.00221854,0.00973278,0.00282692,0.00295188
0.0409332,0.027003,0.019314,0.09373,0.0222698,0.0387436
0.00429666,0.00323166,0.00175005,0.0142944,0.00293469,0.00131025
0.0052138,0.00366888,0.00244662,0.00728598,0.00311908,0.00584162
0.00646983,0.00442861,0.00335427,0.0160412,0.00498646,0.00227508
0.0357675,0.0232211,0.0128535,0.0738792,0.0186655,0.00944449
0.0191724,0.0129828,0.0103623,0.0408423,0.0103806,0.0220971
0.0240812,0.0163676,0.00923597,0.0577662,0.0141167,0.0260932
0.0212313,0.0136821,0.00698385,0.0592995,0.0149626,0.0202347
0.00890856,0.00614301,0.00301026,0.030749,0.0126174,0.018213
0.00672762,0.00468329,0.00622631,0.064933,0.021253,0.0166947
0.0225821,0.0153979,0.00888563,0.0362917,0.0107291,0.0147334
0.0103608,0.00722416,0.00335697,0.0246127,0.00603526,0.00586921
0.0544858,0.032375,0.0175882,0.0734641,0.0191191,0.0186813
0.0106046,0.00650077,0.00457734,0.022023,0.0031559,0.00260966
0.0302005,0.0189495,0.0175795,0.0746909,0.0178406,0.0172646
0.0414876,0.0211065,0.0167559,0.0841294,0.0204833,0.0481091
0.0276861,0.0186042,0.0153259,0.0642977,0.0160994,0.0219349
0.0257271,0.0171741,0.00718146,0.0338008,0.00873068,0.00627135
0.0424954,0.0264792,0.0183626,0.0867444,0.0222141,0.048111
0.0539647,0.0246512,0.0166941,0.08679,0.0251759,0.0225489
0.0668817,0.04004,0.0265098,0.13256,0.033013,0.0289513
0.0688015,0.0380641,0.043307,0.203821,0.0492085,0.0326403
0.0240107,0.0159484,0.022863,0.102252,0.0256901,0.0550291
0.024086,0.0155798,0.00714054,0.0384142,0.00840769,0.00893943
0.00505665,0.0031806,0.00262775,0.0101459,0.00337269,0.00447295
0.0147883,0.00931531,0.00623768,0.0213055,0.00555584,0.012022
0.0349905,0.0223412,0.0108137,0.03953,0.0106027,0.0454578
0.0145871,0.0102139,0.00564743,0.0249921,0.00560067,0.00971225
0.0179312,0.0121667,0.00652356,0.021293,0.00560373,0.00692539
0.0392461,0.0160124,0.0141459,0.0612835,0.0175065,0.0209337
0.0462856,0.019729,0.0157496,0.0628835,0.0153837,0.0191019
0.0130895,0.00870243,0.00324389,0.0208045,0.00516307,0.00265592
0.0141449,0.00972478,0.00550943,0.0273957,0.00687015,0.00617155
0.0119177,0.00808041,0.00779834,0.058647,0.0156917,0.0102638
0.00607365,0.00412184,0.00123754,0.0218023,0.00750886,0.0122428
0.010505,0.0072538,0.00286019,0.0177882,0.00471686,0.00674284
0.00724294,0.00499245,0.0032284,0.0149736,0.00527585,0.00241426
0.0144763,0.00980012,0.00430843,0.0210903,0.00717136,0.00270432
0.0326107,0.0211465,0.021086,0.102799,0.0262255,0.0347833
0.0157938,0.00883472,0.00650082,0.0546585,0.0138616,0.0139356
0.0141631,0.00642937,0.0051495,0.0357051,0.00802319,0.00606649
0.013006,0.00910397,0.00440223,0.02731,0.00494826,0.00344331
0.00494756,0.00323531,0.0025143,0.0117349,0.00388633,0.00123124
0.00618696,0.00395812,0.00288255,0.0252907,0.00563752,0.00479741
0.0169827,0.0111315,0.00565427,0.0235978,0.00500323,0.00718347
0.0115156,0.00809691,0.00399136,0.0126038,0.00479911,0.00469974
0.0315368,0.0203329,0.0107643,0.0310722,0.00766871,0.0119212
0.0244047,0.0153347,0.0212862,0.0545952,0.0152378,0.0186955
0.00770776,0.00559711,0.00429356,0.0174381,0.00535381,0.00320722
0.015251,0.0103087,0.00553887,0.0249106,0.00443315,0.00912387
0.032924,0.021318,0.00790742,0.0444557,0.0103737,0.00364832
0.0248647,0.0169009,0.0181955,0.107068,0.0258997,0.0340459
0.0139526,0.0097164,0.00464078,0.0115135,0.000723439,0.00637874
0.0135543,0.00968248,0.00423385,0.0277316,0.00796907,0.0046537
0.0158737,0.0108649,0.00545399,0.0243934,0.0067444,0.00430193
0.0226628,0.0156538,0.00839486,0.0377241,0.00945121,0.0105818
0.0204105,0.0137284,0.00963103,0.0394029,0.00983415,0.00957727
0.00594251,0.00404791,0.00199009,0.0137027,0.00319946,0.0141832
0.028564,0.0183222,0.0441724,0.119637,0.0332124,0.0589569
0.00840858,0.00551123,0.00304166,0.0163772,0.00398292,0.00163545
0.00706724,0.0044247,0.0149648,0.0991437,0.0253628,0.0153843
0.0110353,0.00718857,0.00356088,0.0218544,0.00473018,0.00647519
0.0140056,0.00975317,0.00560071,0.0469971,0.0126466,0.00984929
0.0163352,0.0114067,0.00437979,0.0185814,0.00562393,0.00922672
0.0120112,0.00834009,0.00441702,0.0283836,0.00850904,0.00858107
0.0252538,0.0170737,0.00774151,0.0259182,0.00670616,0.00785915
0.0138744,0.00963747,0.00441427,0.028809,0.00878289,0.0245015
0.0189838,0.0128082,0.00911857,0.0673999,0.0153414,0.0146004
0.0247645,0.0167343,0.0136245,0.0425611,0.0124187,0.0335205
0.0146342,0.00997777,0.00435806,0.0221322,0.00610497,0.0140319
0.0105658,0.00445954,0.00497442,0.0350701,0.00826313,0.00775091
0.0122691,0.00633416,0.00540758,0.0322429,0.00626081,0.00688058
0.0244432,0.0163404,0.00921368,0.043881,0.0121506,0.00960498
0.013105,0.00889657,0.00474949,0.023858,0.00430699,0.00362034
0.0123178,0.00855748,0.00482213,0.00166033,-0.000373069,0.00699201
0.00674275,0.00324034,0.00497058,0.0253214,0.00636359,0.00580435
0.0114045,0.00709031,0.00745515,0.0276185,0.007089,0.00882077
0.00464799,0.00345205,0.00233588,0.0111371,0.00391192,0.00277831
0.00787139,0.00521826,0.00217337,0.0127594,0.00393466,0.00384806
0.0159984,0.0108172,0.0095277,0.0496728,0.0121573,0.0102056
0.0233882,0.0152628,0.0179585,0.0912584,0.0210622,0.0258024
0.0198775,0.0127259,0.0160671,0.088935,0.0246491,0.0622572
0.0401155,0.0233743,0.0115507,0.0577693,0.0149021,0.0291858
0.0195363,0.00990377,0.00510163,0.0245926,0.00473099,0.0098728
0.00654944,0.0044282,0.00318334,0.0163954,0.00405614,0.00734078
0.0159044,0.0106994,0.00477922,0.0260263,0.00752425,0.00529057
0.0145897,0.0100019,0.0180932,0.0708994,0.0199891,0.0308689
0.0138937,0.00892903,0.00443342,0.02838,0.00718725,0.00492563
0.0306657,0.018014,0.0449648,0.2047,0.0558255,0.0908733
0.0150012,0.0106457,0.00768055,0.039702,0.00958857,0.0100997
0.0272587,0.0174335,0.00761083,0.0421067,0.00933754,0.0181849
0.0266884,0.0174322,0.0464697,0.163056,0.0430546,0.0567481
0.0153698,0.0105104,0.0250111,0.133023,0.0344509,0.0172148
0.0558896,0.03448,0.0225814,0.0960885,0.0253908,0.0321614
0.0128212,0.00876857,0.00874442,0.0233209,0.00466491,0.00852868
0.0195435,0.0128606,0.0058035,0.0353199,0.0088388,0.0153478
0.035606,0.0212721,0.0481262,0.243401,0.0662096,0.115951
0.00815034,0.00576303,0.00302111,0.0237145,0.00574367,0.00465984
0.0115553,0.00801711,0.00539988,0.0178293,0.00530892,0.0108381
0.0303065,0.0197704,0.0115165,0.0322154,0.0087148,0.00528642
0.00996686,0.00657293,0.00320289,0.018571,0.00512209,0.0119983
0.0076359,0.00528573,0.00601468,0.0438439,0.00897618,0.010652
0.0209066,0.0145573,0.00564621,0.0287976,0.00668525,0.00987204
0.0164575,0.0113044,0.00433827,0.0303545,0.0100314,0.00553168
0.0335454,0.0213669,0.0104379,0.0473282,0.011491,0.00925209
0.0263058,0.0122266,0.00891823,0.0388014,0.00897135,0.0170725
0.0113348,0.00734879,0.004998,0.0291625,0.00643784,0.00544906
0.0337047,0.0143065,0.0310401,0.112403,0.0265962,0.027545
0.0308766,0.0142919,0.0262162,0.0867998,0.0185036,0.0218046
0.00725672,0.00508991,0.00632308,0.0135075,0.00438719,0.00433398
0.036847,0.0237409,0.011503,0.0614134,0.0155152,0.0174902
0.0165591,0.0111583,0.0062726,0.0313891,0.00788448,0.020931
0.0531232,0.0313829,0.0192432,0.0661615,0.0172614,0.0121224
0.0189219,0.0123811,0.00635487,0.0313527,0.00989558,0.00658079
0.00613472,0.00416542,0.0030958,0.0204855,0.00507453,0.0034963
0.0387505,0.0232675,0.042277,0.144822,0.0370057,0.0482105
0.0140277,0.0101351,0.00475074,0.0187494,0.00509478,0.00690266
0.0173433,0.00780048,0.0112478,0.055212,0.0168547,0.0243843
0.0290147,0.0167372,0.0161838,0.0667762,0.0170453,0.035605
0.00751893,0.00546526,0.00319386,0.0205596,0.00666779,0.00570005
0.0172218,0.0120483,0.00495884,0.0271154,0.00622104,0.00202932
0.0371786,0.024603,0.0138065,0.0730776,0.015913,0.0127254
0.0110497,0.00760941,0.00407579,0.0129859,0.00410193,0.00247028
0.0165097,0.011432,0.00566796,0.0322277,0.00734467,0.00634942
0.00499309,0.00341418,0.00216552,0.0146278,0.00386103,0.00234478
0.0074325,0.0050077,0.00480881,0.0136508,0.00305044,0.00402829
0.0413354,0.0247789,0.0300147,0.0795809,0.0207096,0.0270778
0.00864609,0.00620578,0.00542008,0.0183293,0.00386842,0.00554953
0.0212671,0.0140201,0.00768476,0.0404831,0.0105016,0.0116478
0.00932013,0.0062863,0.00386919,0.0165008,0.00368786,0.00113027
0.0136314,0.00953459,0.00489281,0.0155685,0.00494692,0.0125233
0.0124761,0.00643916,0.00741123,0.0328161,0.00870739,0.0137819
0.0121884,0.0048977,0.00694474,0.0443925,0.01123,0.0105223
0.0220889,0.0155969,0.00541408,0.0351877,0.00988324,0.00759888
0.01527,0.0104922,0.00565651,0.0202018,0.00519908,0.00523902
0.0113484,0.0077425,0.00418882,0.0248482,0.00662961,0.00939247
0.00905672,0.00607663,0.00511631,0.026948,0.00628971,0.00458901
0.0212467,0.0122045,0.0148754,0.0975266,0.0278752,0.0621095
0.03429,0.0188788,0.0116469,0.0636725,0.013583,0.0203655
0.0219315,0.00879292,0.0323543,0.105387,0.0293236,0.0157229
0.0283425,0.0187751,0.0127355,0.0344295,0.00903615,0.0071255
0.037276,0.0237034,0.0445565,0.204893,0.0609358,0.0756938
0.0140369,0.009864,0.00581594,0.0224438,0.00697604,0.0070169
0.00763667,0.00518367,0.00384397,0.0137708,0.00195043,0.000200235
0.0135062,0.00907177,0.00815836,0.0351816,0.00717567,0.00911581
0.0106996,0.00745575,0.00352379,0.0214394,0.00573149,0.0158014
0.0381498,0.0184666,0.0191907,0.101407,0.0254057,0.018964
0.0187652,0.00951319,0.00884084,0.0369505,0.00874058,0.0107563
0.0045708,0.00311234,0.0023608,0.0154516,0.00507976,0.00164703
0.0222012,0.014117,0.0186468,0.059238,0.016192,0.0181161
0.0407512,0.0248341,0.0207882,0.0650052,0.0164892,0.0230389
0.0281139,0.0186083,0.00898169,0.0425593,0.00998759,0.0051612
0.0534016,0.0250513,0.0463446,0.336225,0.0954525,0.0692381
0.0273552,0.0166691,0.0444379,0.181746,0.0460587,0.0671688
0.0181113,0.0117211,0.00667761,0.0513445,0.0125816,0.0113273
0.0259697,0.0167222,0.010076,0.0548781,0.0167436,0.037023
0.00800906,0.00560889,0.00337038,0.0145914,0.00250759,0.00944912
0.031867,0.0211946,0.00928477,0.0404342,0.0100358,0.0234675
0.0116213,0.00793047,0.00545013,0.0201321,0.00465258,0.00994707
0.00809275,0.00544723,0.00333022,0.0125583,0.00376855,0.00428573
0.00426267,0.00319184,0.00332892,0.0219526,0.00557339,0.00631049
0.0067225,0.00515733,0.00313014,0.005879,0.000505681,0.00807982
0.0147413,0.00945886,0.00629214,0.0186687,0.0083799,0.00667306
0.0157228,0.0104957,0.00400367,0.0282889,0.00818683,0.0171798
0.0123102,0.00856658,0.0115017,0.0651746,0.0189569,0.0236678
0.0341094,0.021453,0.0135318,0.0590029,0.0156008,0.0172738
0.0237298,0.0161591,0.00754716,0.0342137,0.0107945,0.0144108
0.0166252,0.0113226,0.00529689,0.0205277,0.00502515,0.00659761
0.034703,0.0214794,0.016941,0.0858499,0.0253583,0.0374305
0.0206985,0.014082,0.00658838,0.0241515,0.00492703,0.00625682
0.059409,0.0254767,0.0493811,0.196926,0.0491646,0.0332243
0.00683589,0.00480637,0.0029751,0.0127381,0.00492866,0.00291815
0.0561117,0.0329982,0.0288322,0.137159,0.0352109,0.075661
0.0219339,0.014382,0.0195599,0.070565,0.0170993,0.0292162
0.0155321,0.0101225,0.0092901,0.0614429,0.0157444,0.0114526
0.0248152,0.0162834,0.00990403,0.0373177,0.0113625,0.0221575
0.0128299,0.00841993,0.0114821,0.0411657,0.0104661,0.0116199
0.0139184,0.00955144,0.00389359,0.019441,0.00536481,0.00319006
0.0113792,0.0076777,0.00381998,0.0224965,0.0050337,0.00900651
0.00740824,0.00412723,0.00632452,0.0284678,0.00833802,0.00857242
0.0297482,0.0152159,0.0187855,0.0953641,0.0241215,0.0315145
0.032668,0.0163062,0.0202613,0.0915995,0.0205728,0.0332551
0.0146657,0.0099364,0.0222986,0.0792131,0.0216083,0.0267649
0.00792192,0.00579968,0.0102323,0.0399217,0.00981235,0.0142633
0.00559578,0.0040625,0.00314954,0.00373696,0.000408406,0.00172272
0.0563042,0.034517,0.0194665,0.0768106,0.0174733,0.0211745
0.0184258,0.0122616,0.0148467,0.0360821,0.0106088,0.00963117
0.0290734,0.0183224,0.0104862,0.0310469,0.00914709,0.0134696
0.0361129,0.0224163,0.0217,0.0916033,0.0221962,0.049368
0.00739976,0.00499621,0.00209624,0.0318972,0.0099193,0.0277168
0.00499737,0.00357062,0.00262261,0.0147827,0.00311445,0.00568389
0.00896457,0.00597293,0.0015974,0.015317,0.00333051,0.00483188
0.0113109,0.00779226,0.00816216,0.0421114,0.0114627,0.0108003
0.0140986,0.00994069,0.00450225,0.0249674,0.0064476,0.00499565
0.00763916,0.00525326,0.00350612,0.0188899,0.00513321,0.00202054
0.0185405,0.00951646,0.00769738,0.0359637,0.0073878,0.0211046
0.0145641,0.00733325,0.00481197,0.0330937,0.00826071,0.0139389
0.021396,0.0126992,0.00632046,0.0305119,0.00764277,0.0153319
0.0271778,0.0181352,0.0094841,0.0410007,0.0111019,0.0112877
0.0140217,0.00928034,0.00517002,0.0343496,0.0064628,0.00586532
0.0089945,0.0061486,0.00353433,0.0281298,0.00731265,0.00761648
0.0121039,0.00774327,0.00445192,0.0191098,0.0062303,0.00843399
0.01522,0.00996116,0.00699321,0.0342187,0.00803355,0.00473592
0.00911621,0.00657362,0.00391391,0.0157169,0.0048615,0.00352195
0.0219594,0.0141656,0.0078324,0.0340478,0.00986934,0.0132165
0.0129159,0.00872122,0.0101675,0.0422108,0.0119577,0.0148105
0.0110272,0.00765787,0.0178606,0.0555307,0.0118141,0.0164669
0.0205887,0.0137375,0.0239931,0.0951469,0.025877,0.020019
0.0101086,0.00656772,0.00818432,0.0719546,0.0187229,0.0279244
0.0185498,0.00888088,0.0136018,0.0654113,0.0158557,0.00728884
0.0343016,0.0216119,0.0211673,0.0933603,0.0244312,0.0332148
0.0206396,0.0142713,0.00617067,0.0382283,0.00893765,0.0269505
0.00714924,0.00473356,0.00136751,0.0339546,0.0093272,0.0134966
0.011472,0.00801838,0.00320336,0.0230049,0.00496151,0.0110675
0.0104245,0.00732963,0.00471302,0.0148644,0.00649438,0.00628175
0.0156702,0.0106221,0.0087629,0.0476387,0.0142769,0.0330703
0.0196919,0.0134521,0.00615151,0.0231144,0.00436942,0.00623159
0.0140365,0.00935292,0.00514206,0.0321287,0.00635433,0.0088434
0.0201435,0.0134131,0.0111576,0.0916902,0.0233424,0.0380465
0.0109226,0.00758292,0.00193934,0.0176769,0.00386455,0.00417885
0.00517949,0.00364984,0.00282545,0.0146307,0.00344241,0.00181344
0.0118339,0.00823797,0.00431544,9.23372e-05,0.000551009,0.00116951
0.0082836,0.00577442,0.00623171,0.0438707,0.0108951,0.0109004
0.0075964,0.00501239,0.00482144,0.0129636,0.00500878,0.00367214
0.0158356,0.0111821,0.00533373,0.021978,0.00562791,0.00858122
0.00840089,0.00615194,0.00457449,0.0134117,0.00424426,0.00154549
0.024799,0.0164509,0.00718125,0.0353862,0.00698762,0.0102959
0.0648132,0.0299439,0.027755,0.160626,0.0401872,0.0470567
0.0256482,0.0159463,0.017647,0.0793082,0.018608,0.0541827
0.0278253,0.0179499,0.00890851,0.0501821,0.0131695,0.00503358
0.019503,0.0130339,0.0188135,0.0995931,0.0264375,0.0713877
0.00716506,0.00494085,0.00392661,0.0144713,0.00381745,0.00102293
0.0447721,0.0292764,0.0170307,0.0694433,0.0177548,0.0229947
0.00995384,0.00646646,0.0037215,0.0220365,0.00374762,0.000996865
0.0157095,0.0107189,0.00593073,0.0286662,0.00968273,0.010617
0.00754201,0.00521429,0.00431754,0.0158514,0.00329004,0.002248
0.0137814,0.00871377,0.012002,0.0338849,0.00694578,0.0166272
0.0177394,0.0122147,0.0102863,0.0350324,0.00998696,0.00738402
0.0343919,0.0221058,0.0223144,0.0706182,0.019524,0.0402769
0.0114659,0.00750234,0.00454151,0.0163269,0.00547949,0.00355316
0.00759166,0.00536493,0.00233803,0.00874051,0.0021902,0.00135399
0.0445198,0.0295274,0.0105888,0.0641057,0.0156087,0.012649
0.0111982,0.00781034,0.00406235,0.0224579,0.00591616,0.00349054
0.0114144,0.0074763,0.00414361,0.0176932,0.00594458,0.011961
0.0172409,0.00783243,0.00764069,0.0324256,0.0101911,0.0144452
0.0244125,0.0129605,0.00827189,0.0287618,0.00686104,0.0119969
0.0152965,0.010233,0.00399384,0.0261694,0.00674654,0.00501421
0.0440516,0.0279268,0.0144264,0.0388188,0.0106061,0.0393729
0.013742,0.00871423,0.00546502,0.0279809,0.0105258,0.00934928
0.0332564,0.0223864,0.0114729,0.044882,0.0127339,0.0216439
0.0692888,0.0282993,0.040474,0.195909,0.0487624,0.0769444
0.0218111,0.0146779,0.00998435,0.030919,0.00850941,0.0132421
0.0185947,0.0123985,0.00618313,0.0186583,0.00485123,0.00477391
0.0174443,0.0117529,0.00596041,0.0255052,0.00661228,0.0110589
0.00712261,0.00511068,0.00314881,0.00624643,0.003474,0.00236129
0.0223542,0.015353,0.0071807,0.0269934,0.00827289,0.0117515
0.0167519,0.00714369,0.00505005,0.0273029,0.00830416,0.00814059
0.0213313,0.0115666,0.00594168,0.0281196,0.00809961,0.00569829
0.011073,0.00697693,0.00777134,0.0223552,0.00856749,0.00425891
0.0164258,0.011221,0.00528507,0.023106,0.00738768,0.00857937
0.00599694,0.0037682,0.00166943,0.0275112,0.00747193,0.0124665
0.0206909,0.0133193,0.0155277,0.073428,0.0183756,0.0594743
0.00638054,0.00403713,0.00263285,0.00476618,0.00373292,0.00288416
0.0367778,0.0235205,0.0152899,0.0486746,0.0120836,0.0175514
0.0179901,0.0115902,0.00465534,0.0233739,0.00760702,0.00782513
0.0216113,0.0140911,0.00783288,0.032756,0.0103337,0.019578
0.0128157,0.00879502,0.00449943,0.0216612,0.00420555,0.00262613
0.013477,0.00737617,0.00693023,0.0306143,0.00846509,0.00772464
0.0162566,0.0080178,0.0073296,0.0281003,0.00794467,0.00807858
0.0324383,0.0215681,0.00857083,0.0649071,0.0169333,0.0116985
0.00873529,0.00608842,0.00327096,0.0122027,0.00447846,0.00521241
0.019233,0.0126001,0.0147821,0.0519642,0.014162,0.0167846
0.0108133,0.00723041,0.00400408,0.0157837,0.00298322,0.0029361
0.0122776,0.00822556,0.0032692,0.0237827,0.00729222,0.00609059
0.0203966,0.0135406,0.0335924,0.104222,0.0304513,0.0961261
0.0197654,0.013227,0.00783171,0.0277501,0.00877312,0.0320887
0.0239433,0.015248,0.0225641,0.110035,0.0270458,0.0264469
0.0404728,0.0230606,0.0399156,0.130424,0.0315249,0.037024
0.0347251,0.0217594,0.011079,0.0498643,0.0133364,0.0081846
0.0173509,0.0115796,0.00924012,0.0570317,0.0126763,0.0211821
0.0309793,0.0197547,0.00984807,0.0479757,0.013621,0.00900973
0.00852512,0.00579161,0.00391299,0.0158314,0.00429155,0.00677921
0.0131595,0.00872033,0.0042666,0.05004,0.0126483,0.0220486
0.0403514,0.0260719,0.0155072,0.0681176,0.0169584,0.011089
0.0109378,0.00734537,0.00345972,0.0292873,0.00598877,0.00264448
0.013131,0.00906132,0.00565728,0.0161979,0.00520993,0.00509299
0.0132408,0.00919952,0.00511331,0.0311601,0.00745756,0.00927645
0.00833702,0.00526069,0.00256856,0.0227834,0.00569323,0.00205722
0.0301452,0.0196711,0.0198256,0.0787985,0.0209696,0.0599753
0.0271063,0.0176788,0.00982985,0.0590376,0.0140404,0.010763
0.0065201,0.00462003,0.00279676,0.0176087,0.00337163,0.00531089
0.0334336,0.0217396,0.0102896,0.0443919,0.0100237,0.0105349
0.016974,0.0114875,0.00695999,0.0353845,0.00863232,0.00426831
0.0059884,0.0042493,0.00225632,0.0168762,0.00370232,0.00137386
0.00933,0.00634744,0.00312057,0.016494,0.00444244,0.0109255
0.0112663,0.00438565,0.00633287,0.0283615,0.00811177,0.0111567
0.0120686,0.00521165,0.00638231,0.0238853,0.00541499,0.00938474
0.0255208,0.0175688,0.00991928,0.0466453,0.011804,0.0101944
0.0336902,0.0204608,0.0125522,0.0666599,0.0175132,0.0227304
0.00977588,0.00642212,0.00530089,0.00994953,0.00302465,0.00429567
0.0102853,0.0071473,0.00395504,0.0152573,0.00426494,0.0022598
0.00876322,0.00600441,0.00229989,0.00752802,0.00450571,0.00596757
0.0254996,0.017463,0.00936512,0.0374672,0.00920923,0.00915621
0.0100908,0.00706909,0.00364659,0.0197821,0.0030122,0.00056834
0.0139639,0.00944605,0.00516104,0.0219874,0.00696751,0.00487552
0.0504813,0.0224371,0.0203651,0.0990112,0.0235391,0.0265834
0.0484274,0.019929,0.0178525,0.0660273,0.0116805,0.0212801
0.0134649,0.00884516,0.00667142,0.0239749,0.00539271,0.00216952
0.00532824,0.00371483,0.0070644,0.044822,0.0102834,0.0127039
0.00590258,0.00385695,0.00277226,0.0145504,0.00290648,0.00219486
0.035485,0.020541,0.0310991,0.123844,0.0347628,0.0288788
0.0167518,0.0111674,0.00561341,0.0253099,0.00773239,0.00747099
0.00835759,0.00560763,0.00314337,0.00538217,0.00339303,0.00261203
0.00981903,0.00681064,0.00351536,0.014459,0.00346926,0.00879647
0.032096,0.019832,0.0104923,0.0525272,0.0102164,0.0259668
0.0277975,0.018237,0.0117266,0.0539897,0.0140142,0.0290478
0.0248914,0.0139517,0.0100342,0.0429091,0.011579,0.0131032
0.0193679,0.0129542,0.00565019,0.0259721,0.00684084,0.00409573
0.0442867,0.0274856,0.0120571,0.0681028,0.0172111,0.0239909
0.00476877,0.00351342,0.00343219,0.0142537,0.00360983,0.00249835
0.0102215,0.00702927,0.00320707,0.0261618,0.0077112,0.00462706
0.0174358,0.00721254,0.00502993,0.0468045,0.0115135,0.0104536
0.0156414,0.0105036,0.00390709,0.0259226,0.00782072,0.00421794
0.00746965,0.00550141,0.010076,0.0225783,0.00678517,0.0139519
0.00815603,0.0057243,0.00368937,0.0136964,0.002754,0.00162483
0.010274,0.00678752,0.0244447,0.0630371,0.018493,0.0205977
0.00642795,0.00486328,0.00424238,0.0125519,0.00404951,0.00148915
0.00938362,0.00624524,0.00573997,0.0251584,0.00544542,0.0117206
0.00417744,0.00309174,0.00420907,0.0225457,0.00640506,0.00611186
0.0209621,0.0143421,0.00831544,0.0429936,0.0115745,0.00791661
0.0342487,0.0182785,0.078775,0.255588,0.0635285,0.0901979
0.00728507,0.00519917,0.00273684,0.010634,0.00245741,0.004678
0.0119843,0.00847706,0.0036993,0.0187618,0.00349557,0.0043893
0.0187265,0.0126686,0.00578654,0.0462402,0.0130664,0.0107413
0.0112234,0.00516543,0.00495824,0.0250123,0.0062065,0.0101677
0.0123901,0.00518236,0.00477041,0.0248992,0.00695266,0.0147251
0.0194778,0.0129356,0.0139929,0.0591447,0.0154844,0.0257355
0.00490315,0.00365114,0.00163618,0.0177979,0.00456407,0.00357178
0.0417219,0.0196791,0.020504,0.0827598,0.0204165,0.0144256
0.0099491,0.00707733,0.00480975,0.0212907,0.00681248,0.00787259
0.0128784,0.00898676,0.00741656,0.0332955,0.00920228,0.0113078
0.00571278,0.00376623,0.00264831,0.0230901,0.00445787,0.0185356
0.00597477,0.00414025,0.00149947,0.0123189,0.00465166,0.0066896
0.0313658,0.0189756,0.0196249,0.0801368,0.022652,0.053146
0.00502447,0.00355553,0.00267247,0.0105373,0.00462037,0.00142647
0.0125804,0.0086155,0.00401289,0.0297419,0.00660156,0.00518773
0.00638074,0.00418317,0.00324912,0.0154569,0.0029495,0.00371358
0.0291868,0.0192278,0.0132229,0.0468172,0.0132236,0.0339941
0.0254725,0.0169811,0.0150064,0.0494484,0.014861,0.0150786
0.0163395,0.0109021,0.0057174,0.0202406,0.0067732,0.0069713
0.0073419,0.00542538,0.00284558,0.0183758,0.00464501,0.00194941
0.0112155,0.00794874,0.00655888,0.0168376,0.00441621,0.0113562
0.029871,0.0192545,0.0148514,0.0551955,0.0146949,0.0161075
0.0213063,0.0136542,0.0213902,0.0835039,0.0218002,0.028801
0.0248633,0.0164983,0.0107768,0.053411,0.0140049,0.0241574
0.0544877,0.0343152,0.0174954,0.0607214,0.0160797,0.0300433
0.0165614,0.0116314,0.00655726,0.0265862,0.00545117,0.00349534
0.0217257,0.0149082,0.00901947,0.0296032,0.00849508,0.00827837
0.013476,0.00912485,0.00543863,0.021069,0.0062618,0.00557769
0.0135262,0.0090839,0.00697721,0.0245746,0.00628616,0.00525804
0.0117799,0.00796054,0.0146494,0.0606937,0.0153851,0.0208247
0.0281821,0.0187991,0.00757753,0.0498259,0.0142053,0.00822733
0.0113398,0.00763591,0.00483459,0.0197889,0.00532481,0.00974893
0.0135694,0.00905876,0.00826275,0.0765646,0.019614,0.0150098
0.0163212,0.0107005,0.00564027,0.0209962,0.00460375,0.0064131
0.028682,0.0188848,0.0147017,0.0528506,0.0145246,0.0110524
0.0485071,0.0312356,0.025974,0.0786847,0.0219708,0.0428213
0.00483325,0.00383497,0.00314834,0.0167621,0.00563564,0.00582037
0.00838138,0.00612772,0.00369398,0.0183005,0.00364084,0.00877036
0.0176191,0.0118896,0.00499889,0.0154547,0.00580388,0.00575601
0.0462282,0.0246066,0.0172104,0.0539145,0.0147565,0.0124031
0.0420792,0.0242863,0.0158075,0.0391346,0.00879687,0.00895179
0.00632507,0.00439424,0.00290913,0.0139395,0.00281052,0.0075341
0.0240701,0.016231,0.00996848,0.0512535,0.014099,0.00998958
0.0153033,0.00987931,0.0117709,0.065581,0.0163029,0.0127397
0.0234573,0.0150292,0.00759919,0.0317829,0.00938146,0.0135954
0.0124171,0.00860507,0.00338911,0.0279807,0.00655502,0.00325188
0.0083617,0.00601446,0.00401208,0.0244261,0.00497487,0.00491712
0.00981068,0.00686947,0.00358904,0.0270012,0.0063687,0.00522418
0.0237225,0.0156519,0.0065801,0.037799,0.00782862,0.0122217
0.0218507,0.0137765,0.0179556,0.0890157,0.022722,0.023973
0.00889494,0.00605591,0.00300583,0.0187504,0.00496533,0.0033408
0.0335482,0.021056,0.0110885,0.0500821,0.0130094,0.0127365
0.021738,0.0144427,0.00641879,0.0346487,0.0112322,0.024385
0.00999143,0.00660955,0.00612773,0.0247746,0.00833043,0.0120305
0.00764085,0.0055535,0.00356226,0.0187118,0.00526127,0.00609986
0.0193901,0.0128264,0.00807982,0.0363278,0.00679236,0.00597493
0.022872,0.0148577,0.012076,0.0346036,0.00929287,0.0109334
0.0102863,0.00680214,0.00909241,0.0358153,0.00962956,0.0186738
0.0190464,0.0126205,0.0115097,0.032898,0.00983481,0.0105481
0.00836325,0.00623199,0.00310882,0.0160171,0.00501149,0.00844622
0.0041295,0.00327368,0.00114974,0.00996996,0.00113967,0.00624931
0.0122041,0.00821905,0.00416214,0.016628,0.00479502,0.00616342
0.010503,0.00705819,0.00393677,0.0162435,0.00387763,0.006449
0.00979147,0.00629281,0.00385341,0.020312,0.00566792,0.00996662
0.0117118,0.00820259,0.00370029,0.0237013,0.00529922,0.00824234
0.0157516,0.0111479,0.00403717,0.0296272,0.00827864,0.0196841
0.0146028,0.0101585,0.00532508,0.0116656,0.00405655,0.00702499
0.0107188,0.00747389,0.00443119,0.0267703,0.00638391,0.00421729
0.00560164,0.00394895,0.0163284,0.01753,0.00479379,0.00908222
0.0333418,0.0224708,0.022722,0.0599468,0.0169251,0.0478324
0.0100508,0.006801,0.00376961,0.0147962,0.00322092,0.00368931
0.0261161,0.0175474,0.0101317,0.0372705,0.0100267,0.0109707
0.00943695,0.00617855,0.00549175,0.0303017,0.00701567,0.00351715
0.0349376,0.0221364,0.0136969,0.05614,0.0138602,0.012872
0.0113021,0.00747907,0.00397553,0.0211902,0.0053944,0.00625044
0.0187578,0.0126708,0.00651799,0.018386,0.00670409,0.00548405
0.010852,0.00741246,0.00376808,0.0139976,0.00468937,0.00465096
0.00788279,0.00578467,0.00379255,0.0193075,0.00399195,0.00774821
0.0217496,0.0149885,0.00762561,0.0250484,0.00583583,0.0149797
0.0256146,0.0168019,0.00787966,0.0385909,0.0112825,0.00573509
0.0203179,0.0107884,0.00770559,0.03565,0.0112721,0.0120835
0.0172948,0.0100828,0.00687264,0.0236212,0.00586989,0.0114216
0.0122322,0.00802825,0.00414805,0.0219565,0.00583976,0.00897326
0.00936067,0.00649703,0.00391502,0.0115173,0.00313658,0.00997168
0.0150641,0.00981851,0.00518624,0.0277073,0.00598036,0.0151792
0.0164815,0.0106974,0.00502984,0.0321632,0.00934393,0.0111206
0.0298751,0.019438,0.0128609,0.0559471,0.0127784,0.02155
0.0277161,0.0162393,0.019295,0.0736351,0.0212179,0.0171821
0.0390575,0.014663,0.021903,0.0758364,0.0189569,0.0195255
0.024182,0.0131127,0.0100361,0.0390116,0.0117245,0.0106337
0.0157318,0.0105011,0.0064015,0.0267112,0.00687986,0.0107817
0.0141358,0.00966829,0.0113474,0.0599296,0.0159105,0.0170731
0.0298128,0.0201813,0.0120844,0.0439832,0.0116597,0.0120339
0.0520838,0.0320715,0.0167409,0.089441,0.0235173,0.0301147
0.0354424,0.022893,0.0139598,0.0600979,0.016965,0.0347771
0.024615,0.0168598,0.00967433,0.0374546,0.00864375,0.00453623
0.00673578,0.00471785,0.00185463,0.0124818,0.00153084,0.00559581
0.0156188,0.0105374,0.00516004,0.0297412,0.00798522,0.00783182
0.0153346,0.010919,0.00351871,0.0198034,0.00665643,0.0053583
0.0143261,0.00999354,0.00587298,0.0249887,0.00664868,0.00803821
0.0203437,0.0143883,0.00743428,0.0562231,0.015238,0.0186189
0.0192111,0.0127626,0.00554613,0.0303762,0.00649865,0.00840407
0.0340626,0.0226318,0.0143168,0.0790463,0.0218446,0.0304835
0.00941116,0.00659126,0.00386744,0.0174907,0.00342946,0.00788359
0.0117584,0.00755741,0.00242068,0.0403491,0.00946802,0.019743
0.0144903,0.0102021,0.00390342,0.0211007,0.00589458,0.0125853
0.0167349,0.0111288,0.00575375,0.045549,0.012168,0.00765691
0.00889909,0.00586592,0.00184,0.0194969,0.00649711,0.00358686
0.0370467,0.0251171,0.0180217,0.0946565,0.0219825,0.0296413
0.0402313,0.0265971,0.0176859,0.0888201,0.0245322,0.0459831
0.00542024,0.00389065,0.00172972,0.0172155,0.00409405,0.00221573
0.0225349,0.0141491,0.0157438,0.0710422,0.0218042,0.0258234
0.0370631,0.0204746,0.0233019,0.0933194,0.0230247,0.0303705
0.00514169,0.00365188,0.00129473,0.0136309,0.00281926,0.00464632
0.0111843,0.00778753,0.00477592,0.0236449,0.00662862,0.00138593
0.00850419,0.00575422,0.00338163,0.02162,0.0059718,0.01012
0.00880133,0.00599869,0.00239493,0.022142,0.00401173,0.00330692
0.0153018,0.0100888,0.00391493,0.0297833,0.00761338,0.00674731
0.0108253,0.00723334,0.00406532,0.0157329,0.00367574,0.0065357
0.0125239,0.00875965,0.00374057,0.0212246,0.00746453,0.00641081
0.0789689,0.0364247,0.0487304,0.216966,0.0570791,0.101771
0.026002,0.0173195,0.00996215,0.0327537,0.00545259,0.0169187
0.0350122,0.0204553,0.0346711,0.151283,0.0380546,0.060455
0.0231027,0.0088748,0.0141289,0.0437939,0.00535031,0.0191528
0.0336117,0.0213272,0.0212148,0.0903202,0.0226162,0.0437931
0.0112841,0.00775884,0.00352974,0.017121,0.00555986,0.00494909
0.0136171,0.00932432,0.00552584,0.0286474,0.00577296,0.00654665
0.00542559,0.00382539,0.00127991,0.012898,0.00419745,0.00092402
0.00774004,0.00539857,0.00471743,0.0197372,0.00601056,0.00383977
0.0560068,0.0337844,0.0172351,0.0798919,0.0208841,0.0145308
0.0153939,0.0106761,0.00520183,0.0176563,0.00402106,0.00207533
0.0261363,0.0169526,0.0107355,0.0527674,0.0133278,0.0072174
0.00597813,0.00390065,0.00258429,-0.000798675,-0.000415806,0.00257535
0.0132886,0.00934868,0.00449298,0.0247639,0.00724948,0.00889625
0.00547229,0.00352505,0.00323775,0.0144027,0.00354713,0.0028846
0.0129064,0.00868897,0.0049706,0.0271802,0.00816118,0.00395455
0.00916519,0.00640546,0.0037759,0.0192962,0.004629,0.00265662
0.0065193,0.00449822,0.00393987,0.00915908,0.00260075,0.00604995
0.0096327,0.00691032,0.00465239,0.00901249,0.00408312,0.00307542
0.00944873,0.0065808,0.00811268,0.0201831,0.00631962,0.00653888
0.00832983,0.00582964,0.00440058,0.022792,0.0032016,0.00164181
0.0141214,0.00997298,0.00594882,0.0244992,0.00650997,0.0041485
0.0465069,0.029004,0.0259814,0.12683,0.0321448,0.0426259
0.0220126,0.0131759,0.0463784,0.231222,0.0600719,0.0870485
0.0385582,0.0250401,0.00981473,0.0548596,0.0137375,0.0139758
0.0111583,0.00778026,0.00479931,0.0288965,0.0077038,0.00181215
0.0136788,0.0095287,0.00498807,0.0232893,0.007124,0.00670978
0.0102382,0.00726625,0.0111334,0.026649,0.00870908,0.0120639
0.0125492,0.00855585,0.0052036,0.0264865,0.00555104,0.00825062
0.00539336,0.00365773,0.00155426,0.0148883,0.00384848,0.00356331
0.00600144,0.00403727,0.00344057,0.0165446,0.00328949,0.00307867
0.0298127,0.0193539,0.0103238,0.0413957,0.010275,0.00637503
0.0159682,0.0109034,0.00573878,0.0329018,0.00694299,0.00418848
0.0203502,0.0138417,0.00379435,0.0289085,0.00637867,0.00855838
0.00574074,0.00421672,0.00217925,0.0125438,0.00263804,0.00279127
0.00874032,0.00583439,0.00326371,0.0167843,0.00432103,0.00485688
0.0123072,0.00848226,0.00458311,0.0285196,0.00705275,0.00948117
0.0350882,0.0237593,0.0224056,0.0862742,0.0226203,0.0210487
0.00840918,0.00597669,0.00342683,0.0213087,0.00653682,0.00852216
0.0306286,0.0190079,0.011033,0.0477911,0.011812,0.0150944
0.0144436,0.00978085,0.0052782,0.0183885,0.00452867,0.00981882
0.00661215,0.00442672,0.00545147,0.0173352,0.00378653,0.00176089
0.00626455,0.00405838,0.00228124,-0.000639795,0.000153961,0.00222959
0.0149809,0.00985925,0.00606454,0.0204898,0.00543119,0.00617138
0.0349603,0.0224791,0.0215112,0.105678,0.0260898,0.0177875
0.00589558,0.00380946,0.00459988,0.00569098,0.000937389,0.00535088
0.0107419,0.00706567,0.00451845,0.01392,0.00387174,0.002522
0.0316737,0.021077,0.00860483,0.0477201,0.0127069,0.0197134
0.0148639,0.0103364,0.00518962,0.0279586,0.00745628,0.0167335
0.0589841,0.0259647,0.0246999,0.130091,0.0353821,0.0314135
0.0228931,0.0152531,0.00759426,0.035245,0.00815921,0.0112765
0.0167814,0.0112436,0.0054224,0.0247961,0.00593764,0.00908259
0.00961489,0.0065522,0.00246666,0.0215473,0.00398331,0.00358263
0.0533713,0.0316511,0.0410215,0.147917,0.0372889,0.0417742
0.004878,0.00338482,0.00246493,0.013994,0.00288956,0.00307472
0.0247196,0.0156837,0.0136251,0.0879373,0.0251368,0.0481719
0.0106475,0.00751706,0.00334878,0.0275875,0.00619191,0.00567686
0.0165957,0.0114321,0.00446665,0.020626,0.00630415,0.0237685
0.0101275,0.00675056,0.00465519,0.0162784,0.00508471,0.0060955
0.0135488,0.00927911,0.00430449,0.0230707,0.00452756,0.00463388
0.0115551,0.00520423,0.00435761,0.0332802,0.00885992,0.00504759
0.0183945,0.0110754,0.00658196,0.0381258,0.00958758,0.00559597
0.00933401,0.0062906,0.00346971,0.0128718,0.00346159,0.00567631
0.00580478,0.00438864,0.00289669,0.015926,0.00405805,0.00160855
0.0222801,0.0143543,0.00689092,0.0392778,0.00835006,0.0145267
0.0117934,0.00855154,0.00430843,0.0170703,0.00539233,0.00395394
0.0304213,0.0189583,0.0110679,0.0530577,0.0137476,0.0210108
0.00722832,0.00465662,0.00471873,0.0135594,0.00533903,0.0201042
0.0239565,0.0165427,0.0137744,0.00803034,0.00230183,0.0138118
0.0100165,0.00722453,0.00323945,0.0139849,0.00355645,0.00307625
0.0129361,0.0083166,0.0041675,0.0341275,0.00777022,0.0142095
0.00768229,0.00416194,0.00376819,0.0128514,0.00404371,0.00366325
0.0101892,0.00712784,0.00374045,0.0270778,0.00612488,0.00105662
0.0103292,0.00749918,0.00385432,0.00141495,0.00124672,0.00739601
0.0287079,0.0183596,0.0274934,0.106943,0.0309869,0.0284474
0.00798634,0.00552561,0.0044647,0.022289,0.00443123,0.00146348
0.0134104,0.00890519,0.00515591,0.0139158,0.00376711,0.00641283
0.0142469,0.00992163,0.00323445,0.0277085,0.00681782,0.00566931
0.0251498,0.0168686,0.00927394,0.0278051,0.00919908,0.0207127
0.0094338,0.00619671,0.00372631,0.0106685,0.00362612,0.00920653
0.0196023,0.0128009,0.00571366,0.033468,0.00870448,0.00444713
0.00777431,0.00551028,0.00376296,0.0191409,0.00449345,0.00416276
0.00625444,0.00461235,0.00249017,0.0226655,0.00485227,0.0147346
0.0329738,0.021295,0.010572,0.053461,0.013307,0.0108881
0.00816805,0.00544099,0.00201955,0.00658231,0.00135245,0.00317789
0.0111714,0.0077467,0.00789766,0.0283112,0.00839412,0.0214424
0.0336363,0.0223632,0.0132101,0.0370694,0.00892388,0.0159777
0.0304478,0.0198138,0.0100364,0.0506926,0.0109667,0.0130044
0.0264482,0.0172298,0.012615,0.0789559,0.0188986,0.0130458
0.0203,0.0137396,0.00655294,0.0321836,0.00993059,0.00722789
0.0270906,0.0175171,0.0102938,0.0535607,0.012176,0.0103908
0.0407654,0.0237651,0.01778,0.111206,0.0281539,0.0244585
0.01259,0.00877208,0.00423542,0.0327076,0.00896573,0.0114909
0.0121812,0.00834942,0.00446592,0.017701,0.0068293,0.00472721
0.0200071,0.0138068,0.00630609,0.0260854,0.00621589,0.00387025
0.0153655,0.0101383,0.0056468,0.010853,0.00221225,0.00290053
0.0247207,0.0164107,0.00926186,0.0552436,0.014801,0.0146075
0.0245503,0.0159352,0.00773523,0.0295159,0.00656817,0.00555315
0.0113875,0.00832777,0.0039257,0.0314068,0.00808659,0.0141541
0.0115106,0.00795555,0.00708516,0.0148909,0.00473917,0.00119178
0.0254926,0.0167209,0.0164531,0.0914237,0.0238519,0.0279235
0.0125967,0.00881501,0.00521051,0.0319457,0.00891698,0.0151151
0.0153471,0.0107397,0.00631244,0.0206463,0.00570617,0.0040795
0.045991,0.0253153,0.017569,0.0476511,0.0137969,0.0127074
0.015672,0.0108819,0.00552302,0.0252121,0.00667853,0.00463144
0.00648759,0.00309769,0.00281604,0.0250912,0.00713116,0.00777198
0.0112568,0.0073989,0.00692936,0.0314556,0.00771409,0.00354799
0.0213694,0.0139545,0.00818101,0.0185054,0.00404414,0.00467314
0.00650834,0.00457804,0.0039228,0.0236163,0.00628041,0.00234162
0.0253623,0.0171053,0.0291546,0.143181,0.037354,0.0265969
0.0230468,0.0158382,0.00724596,0.0342392,0.0108557,0.00916618
0.00640574,0.00434613,0.00292578,0.0152175,0.00153155,0.00217674
0.0229011,0.0152238,0.00590012,0.0219746,0.0055266,0.012874
0.0308509,0.0202421,0.010187,0.0331227,0.0097268,0.00642398
0.0166159,0.0115005,0.01037,0.0575294,0.0165088,0.0186918
0.0177947,0.0121075,0.0057098,0.0288883,0.00482314,0.00509358
0.00978738,0.00684016,0.0029629,0.0395646,0.0126941,0.0177943
0.0477596,0.0288905,0.0241353,0.129859,0.0325787,0.0798968
0.0198712,0.0132944,0.00575154,0.0307172,0.00735574,0.00652593
0.012516,0.00870524,0.00359415,0.0256578,0.00463253,0.00783871
0.0298182,0.019372,0.00922877,0.0415041,0.0120733,0.0159458
0.0115619,0.00802591,0.00939103,0.00928206,0.00155768,0.0278769
0.00496058,0.00338216,0.00298087,0.0134477,0.00461846,0.00432008
0.0381499,0.025219,0.0185037,0.075337,0.0204498,0.0565472
0.00808204,0.00526415,0.00379636,0.030195,0.00750987,0.00357057
0.0055554,0.0039759,0.00246756,0.00792163,0.00377912,0.00559068
0.0130806,0.00934379,0.0048844,0.0229969,0.00625435,0.010601
0.017516,0.011752,0.00544921,0.0279337,0.00681816,0.0181246
0.0162067,0.0115765,0.00522696,0.0250834,0.00710009,0.0152105
0.00762377,0.00431358,0.00332693,0.0192237,0.00593019,0.00953057
0.0475682,0.0300173,0.0163536,0.072555,0.0179015,0.0209078
0.0385604,0.026137,0.0190199,0.106428,0.029388,0.0252873
0.00857096,0.00626228,0.00224987,0.0157475,0.00426726,0.00588363
0.0136812,0.00911185,0.00503605,0.025555,0.00836577,0.0126417
0.0117628,0.0078542,0.00513306,0.0243859,0.00588266,0.00183784
0.0172142,0.00940229,0.0193073,0.0774895,0.0228588,0.0715473
0.0349464,0.0207056,0.0148391,0.0672546,0.0173643,0.0314336
0.00932074,0.00656778,0.00345583,0.0229413,0.00382219,0.000679969
0.0530048,0.0302556,0.0324138,0.0996357,0.0292689,0.0382278
0.0181753,0.0115381,0.00998938,0.0275044,0.0049388,0.0122973
0.0550063,0.033282,0.0214107,0.103051,0.0225091,0.0190998
0.00978329,0.00644349,0.00458967,0.0262914,0.00565662,0.0068336
0.02827,0.0189459,0.0178014,0.0878583,0.0240933,0.040144
0.0390214,0.0217078,0.00939666,0.0868091,0.0213958,0.0287753
0.00633135,0.0042949,0.00321688,0.0126683,0.00340221,0.00162951
0.0188623,0.012262,0.00995279,0.0495263,0.0122898,0.0298432
0.0193806,0.0132475,0.00725666,0.0531569,0.0115231,0.0099351
0.00782129,0.00564537,0.00530131,0.0160899,0.00538059,0.0049014
0.00424781,0.00300647,0.0012499,0.0176043,0.00512431,0.00871746
0.00922337,0.0067608,0.00544158,0.0340384,0.00617435,0.00562217
0.0247796,0.0157826,0.0128997,0.102128,0.0291107,0.0154272
0.0162535,0.0111701,0.0075536,0.0233944,0.00661564,0.00260515
0.0483001,0.0295172,0.0127271,0.0813339,0.0205703,0.0498522
0.0203799,0.0136193,0.00680901,0.0299298,0.00973404,0.00793794
0.0243288,0.0157656,0.0100581,0.0474589,0.013896,0.0292694
0.0536021,0.029332,0.0162204,0.0888044,0.022968,0.0184363
0.0413279,0.024035,0.0125598,0.0707163,0.0142979,0.0125861
0.0223023,0.0149547,0.0108437,0.0647154,0.0153817,0.0282683
0.00519622,0.0037947,0.00267957,0.0112346,0.00340555,0.00422551
0.00566179,0.00386544,0.00266667,0.0194023,0.00358731,0.00170096
0.0347891,0.0228554,0.0121136,0.0614987,0.0173162,0.0303697
0.00954672,0.00648014,0.00326692,0.00351213,0.00017065,0.00556603
0.0293613,0.0146655,0.0222796,0.0558357,0.0174453,0.0195846
0.0300866,0.0150341,0.0119486,0.0290321,0.0101321,0.0140571
0.0250978,0.0159165,0.0340638,0.153954,0.040217,0.0799601
0.00658014,0.00435915,0.00375842,0.0394051,0.00975751,0.0137874
0.0515188,0.0303743,0.0168849,0.0484645,0.0121066,0.0131146
0.0126762,0.00880841,0.00730027,0.0449536,0.011296,0.0242026
0.0215977,0.0149475,0.0100203,0.0347304,0.00952061,0.0312159
0.0104204,0.00718485,0.0124779,0.0883797,0.0224072,0.0658477
0.016031,0.0109868,0.00834017,0.036513,0.00869998,0.00925309
0.00801576,0.0056002,0.00265705,0.0161654,0.00444457,0.00251074
0.0218389,0.0143803,0.0175711,0.091509,0.0248879,0.0307221
0.0109717,0.00771881,0.00602804,0.0190856,0.00484159,0.00528768
0.0211203,0.0141272,0.00694449,0.0103836,0.00142004,0.0173763
0.0132942,0.00937929,0.00482278,0.0185894,0.00579964,0.0173141
0.0150764,0.0107089,0.00588142,0.0311447,0.00746035,0.00941455
0.0290612,0.018914,0.0164695,0.060944,0.0167187,0.034912
0.0177544,0.0124666,0.00466935,0.0404009,0.0121736,0.0240645
0.0113437,0.00813214,0.00391645,0.0209361,0.00567547,0.0133274
0.00901992,0.00607269,0.0033938,0.0173968,0.00494635,0.00370394
0.0311485,0.020326,0.0119408,0.0487083,0.0122795,0.0136798
0.0882405,0.0483708,0.030268,0.145562,0.0389361,0.0692988
0.0105414,0.00715327,0.00489505,0.0146851,0.00468231,0.0093556
0.00523602,0.0038449,0.00153191,0.0119081,0.00330869,0.000998347
0.00579672,0.00437534,0.00773308,0.0180123,0.00693588,0.0117678
0.00815104,0.00607623,0.00438888,0.0191349,0.00334073,0.00232833
0.012999,0.0088192,0.00481728,0.018516,0.00331528,0.0101127
0.0211788,0.0135734,0.00673629,0.0442933,0.0101197,0.0108401
0.0102265,0.00668339,0.00171153,0.01478,0.00384319,0.0074218
0.00763801,0.00535931,0.00299382,0.0112735,0.00254688,0.00696194
0.00790798,0.00558098,0.00594241,0.0389098,0.00917882,0.0194476
0.00802845,0.00523104,0.00378273,0.00600344,0.00152213,0.00269917
0.0165594,0.0115121,0.00523205,0.0231599,0.00673684,0.00953362
0.00773425,0.00541346,0.0045114,0.0318998,0.0057724,0.00454418
0.0083624,0.00602906,0.00301645,0.0174305,0.00655481,0.00745628
0.018677,0.0125022,0.00487831,0.0335301,0.00799097,0.0207591
0.0201681,0.0132181,0.00599563,0.0185041,0.00393534,0.0102897
0.0109677,0.00785955,0.00415,0.0232376,0.00614539,0.00363638
0.0121,0.0081611,0.0029525,0.0248095,0.00561708,0.0138791
0.0196971,0.0129611,0.00753615,0.043052,0.0126033,0.010429
0.0209905,0.0134049,0.0202624,0.0788874,0.0207735,0.0188692
0.00968088,0.00673328,0.00290189,0.0110447,0.00542364,0.00729753
0.00510069,0.00363836,0.00289442,0.0100983,0.00182492,0.00304913
0.0104081,0.00704562,0.0051387,0.0199907,0.00631574,0.0135041
0.00930256,0.00652057,0.00360059,0.0271817,0.00665955,0.0133134
0.0203823,0.0138284,0.00778442,0.0380921,0.00821313,0.00553461
0.00495038,0.00356426,0.00309141,0.0166362,0.0038192,0.00241736
0.0165914,0.010748,0.00325167,0.026112,0.00734644,0.00583675
0.01653,0.0111279,0.00717085,0.0344867,0.00887192,0.0070249
0.0204526,0.00811874,0.0193489,0.0930311,0.0264757,0.0552583
0.0214294,0.00900604,0.0213415,0.0947783,0.0249508,0.0582819
0.0389753,0.0222695,0.0233878,0.0889198,0.0259874,0.0325001
0.0120455,0.00811405,0.00724737,0.0373787,0.0100189,0.0122677
0.0162477,0.0111281,0.00477141,0.0278332,0.00575971,0.00670088
0.00851776,0.00593504,0.00164724,0.0155233,0.00392265,0.00331028
0.0172787,0.0118017,0.0134726,0.0329063,0.00803604,0.00853899
0.0125232,0.00844472,0.00456182,0.0215822,0.00612646,0.00939257
0.024078,0.0148557,0.0333096,0.160955,0.0445339,0.0570411
0.00564537,0.0039338,0.00342086,0.0182961,0.00397017,0.0128749
0.00471152,0.00338037,0.00165607,0.0103401,0.00346964,0.00231162
0.0272603,0.0176656,0.0075509,0.0348711,0.0092662,0.0139866
0.00556107,0.00349074,0.00979515,0.0338039,0.00845762,0.0149159
0.00474663,0.00314777,0.00897306,0.0509902,0.0139818,0.0117195
0.0402466,0.0259962,0.0112967,0.0639063,0.015252,0.0183947
0.0280266,0.0186002,0.0082594,0.044413,0.0126425,0.00836704
0.0164441,0.0112784,0.00346478,0.034408,0.00864673,0.00587095
0.00980999,0.00668655,0.00354555,0.0153425,0.00339329,0.00160969
0.0331845,0.0222349,0.0080266,0.0532044,0.0130613,0.0228429
0.0137442,0.00898435,0.00423941,0.0207815,0.00705427,0.00762421
0.0117712,0.00812771,0.00470812,0.0288058,0.00613386,0.00393137
0.0249817,0.0105349,0.0110686,0.0488944,0.0144087,0.0116183
0.026064,0.0104865,0.0109803,0.0416198,0.0116725,0.0100724
0.00565552,0.00410177,0.00391993,0.0118534,0.00446441,0.00540075
0.00600605,0.0041219,0.00308669,0.0110129,0.00336499,0.00330487
0.0679858,0.0348716,0.0598268,0.227471,0.0631607,0.0592243
0.00828296,0.00574813,0.0029267,0.00419325,0.00248954,0.00325742
0.0324283,0.0192937,0.0124576,0.0447411,0.0128175,0.0181048
0.02611,0.0153009,0.00943515,0.03831,0.0119683,0.0168059
0.004781,0.00300386,0.00274912,0.0159234,0.00393415,0.00627804
0.00561307,0.00388453,0.0024851,0.0230911,0.00403911,0.00552955
0.00869501,0.00598978,0.00252096,0.0075279,0.0013252,0.00435175
0.00822475,0.00552971,0.00505206,0.016193,0.00453248,0.00281025
0.0123908,0.00852751,0.00217422,0.0267903,0.00522131,0.00741844
0.0310071,0.0195974,0.0106151,0.0494924,0.0114924,0.0162589
0.0177351,0.0120704,0.0132861,0.0978263,0.0282552,0.0251131
0.00676653,0.0045852,0.00692992,0.0267634,0.00596978,0.010952
0.0108276,0.00726767,0.00450584,0.0171355,0.00563899,0.00983998
0.0287336,0.0187728,0.00716106,0.0379821,0.0106255,0.0208542
0.00654142,0.00404753,0.00256484,0.0116289,0.00528968,0.00249672
0.0141921,0.00920841,0.00451135,0.0238256,0.00728843,0.00368352
0.0196941,0.0133069,0.00408928,0.0331596,0.00966664,0.00919329
0.0108052,0.00747475,0.00510051,0.0222323,0.00645436,0.00664768
0.00661376,0.00459874,0.00198238,0.0248565,0.00384272,0.00558201
0.00614224,0.00430918,0.00312306,0.0197342,0.00565667,0.00387891
0.0382076,0.0203859,0.0195557,0.098904,0.0257575,0.020538
0.04165,0.0200744,0.0159196,0.0630201,0.0135599,0.0181309
0.0113707,0.00736756,0.00456174,0.0226179,0.00478198,0.0109532
0.020808,0.0135837,0.00711021,0.0239616,0.004487,0.00224323
0.012128,0.00820477,0.00294889,0.0298303,0.00739788,0.00699391
0.0144882,0.00947906,0.00471455,0.0248955,0.00752226,0.00445289
0.0102235,0.00690436,0.00387671,0.0210607,0.00277237,0.00178433
0.00641487,0.00431373,0.0027985,0.011987,0.00372262,0.00190214
0.0176545,0.0115707,0.00466271,0.0311549,0.00752697,0.00755794
0.00773332,0.00520767,0.00167814,0.0109776,0.00282431,0.00541236
0.00818687,0.00543711,0.00201843,0.0214808,0.00463606,0.00390988
0.00810181,0.00531446,0.0123485,0.0220816,0.00514257,0.00426714
0.0130586,0.00608493,0.00448013,0.0389042,0.011581,0.0118654
0.019048,0.0105223,0.00591578,0.0450573,0.00997641,0.00884301
0.0512301,0.0276259,0.0299549,0.0947415,0.0250309,0.0677824
0.00956942,0.00683439,0.00347401,0.024063,0.004991,0.0039437
0.0237096,0.0160087,0.00855818,0.0442694,0.0111888,0.0236741
0.0309331,0.0194997,0.02121,0.109753,0.0298407,0.0290672
0.0216567,0.0146042,0.00770311,0.0305066,0.00959961,0.00692768
0.00479518,0.00376686,0.00558175,0.0113765,0.00507911,0.00463831
0.0346663,0.0225464,0.018209,0.0686313,0.0176802,0.0158556
0.014213,0.00993815,0.00372507,0.0166018,0.0037777,0.00444478
0.0061893,0.00411035,0.00271322,0.0134528,0.00433451,0.00287242
0.00642872,0.00456095,0.00295952,0.014821,0.00416702,0.004677
0.0102384,0.00685795,0.0037237,0.0165253,0.00352568,0.00323451
0.0110288,0.00753385,0.0037164,0.018677,0.00477643,0.00311374
0.0101187,0.00708658,0.00325373,0.0143684,0.00493718,0.00430181
0.0262857,0.0178838,0.0138743,0.0611197,0.0187027,0.0175641
0.00828579,0.00581769,0.00281349,0.0209583,0.00523871,0.0078313
0.0162107,0.0106796,0.00617444,0.0214822,0.00700197,0.00383908
0.0314971,0.0150213,0.0128358,0.0698816,0.0199387,0.0204868
0.0333628,0.0176315,0.0135264,0.0471081,0.0121795,0.0139234
0.0157019,0.0102071,0.00928467,0.0505726,0.0126106,0.0270466
0.0247976,0.0170024,0.00729553,0.036906,0.0102393,0.00546461
0.0053736,0.00349465,0.00216137,0.0183139,0.00442638,0.00085124
0.0113344,0.00718375,0.00322682,0.0287052,0.00695617,0.0045152
0.0135495,0.00905941,0.00303946,0.0196553,0.00482761,0.00913271
0.012865,0.00900866,0.00551137,0.017033,0.00508437,0.00458376
0.0217061,0.0137467,0.0173133,0.0772689,0.0204619,0.0335831
0.0233279,0.0157977,0.01829,0.0637814,0.0162533,0.0419298
0.0240042,0.0162831,0.00620067,0.0338512,0.00861486,0.0115565
0.0586369,0.0292535,0.0401072,0.123214,0.0309504,0.0728362
0.00510455,0.00396508,0.00262941,0.0134534,0.00402253,0.00385351
0.0141539,0.00964423,0.00427779,0.0310752,0.00837696,0.00355249
0.0336999,0.0216501,0.0111086,0.048684,0.013606,0.0228265
0.016181,0.0113573,0.00590398,0.0271731,0.00641717,0.00434013
0.0322601,0.0196782,0.0215878,0.119448,0.0326724,0.0598271
0.0214055,0.0140121,0.0264854,0.0834148,0.0224496,0.0491374
0.0226877,0.0154207,0.00788528,0.0428095,0.0100973,0.0186325
0.0069628,0.00467428,0.00328076,0.0140441,0.00428012,0.00781144
0.0422432,0.0256567,0.0197819,0.0969521,0.023978,0.0429137
0.00592358,0.00419196,0.00211079,0.0136397,0.00409641,0.00192291
0.0304007,0.019787,0.00908523,0.0607688,0.0164927,0.00507149
0.0327544,0.020952,0.00909123,0.0628522,0.0166527,0.0108725
0.0111814,0.00778422,0.00434107,0.0152192,0.00498075,0.00541742
0.0133887,0.00947263,0.00422635,0.0185877,0.00616631,0.00383724
0.0174885,0.0119503,0.00663923,0.0356175,0.0083778,0.00726179
0.0334271,0.0220896,0.00907396,0.0524158,0.0161447,0.0161878
0.0271267,0.00993247,0.0156836,0.0569151,0.0162203,0.0186946
0.0216863,0.0143393,0.00681352,0.0340114,0.00888846,0.012877
0.011659,0.00803662,0.00627701,0.0396129,0.0101762,0.0154036
0.0340537,0.0207941,0.0134134,0.0523769,0.011916,0.0305216
0.0179382,0.0124762,0.0120911,0.0477748,0.0123642,0.0152176
0.0442352,0.027627,0.0284757,0.121551,0.0308472,0.0707993
0.0127483,0.00864284,0.00559879,0.0148906,0.00528131,0.00801702
0.020133,0.013563,0.00836203,0.0495319,0.0139965,0.0149041
0.0137595,0.00942875,0.00642277,0.0470663,0.0141833,0.00901784
0.0305087,0.0207767,0.0124575,0.0271013,0.00892019,0.0167255
0.0225331,0.0149456,0.00453426,0.0351793,0.00958963,0.00693337
0.0104096,0.00721104,0.00405594,0.0192602,0.00486509,0.00670809
0.0476903,0.0273094,0.0222206,0.143937,0.0372005,0.0605132
0.0171606,0.0116425,0.00679706,0.0226098,0.00562781,0.00932142
0.0136611,0.00945185,0.00434121,0.0172488,0.00418905,0.0031734
0.0101972,0.00698026,0.00426514,0.0036189,0.00221961,0.00856756
0.0298284,0.0188521,0.0143813,0.0547131,0.0134541,0.015409
0.0140183,0.00940486,0.00488126,0.0178967,0.00535775,0.00680044
0.00837942,0.00597773,0.00597271,0.0515343,0.0121983,0.00841121
0.0367917,0.0232192,0.0163434,0.0890493,0.0224874,0.0144473
0.00575974,0.00332816,0.00169786,0.0157404,0.00515949,0.00723451
0.0487172,0.0309236,0.021243,0.0665477,0.0170692,0.0341225
0.0296493,0.0187403,0.00954334,0.0677987,0.0174387,0.0198891
0.0299446,0.018983,0.0115687,0.0552715,0.0170554,0.0123881
0.00571676,0.00444086,0.00456162,0.0144355,0.00417386,0.00703396
0.0255355,0.0161356,0.0190264,0.0803247,0.0205157,0.0504053
0.0324738,0.0212421,0.0134568,0.0487421,0.0128072,0.0192378
0.00847844,0.00559899,0.00764718,0.0200835,0.00540124,0.00901393
0.0125773,0.00869293,0.00386327,0.0269581,0.00688228,0.0112882
0.0343706,0.0216562,0.0193587,0.111058,0.0293804,0.0538609
0.0193202,0.0130747,0.00504601,0.0431483,0.0118212,0.0282285
0.0101926,0.007065,0.00418277,0.0226424,0.00497975,0.00843444
0.0179243,0.0123409,0.00794955,0.0215541,0.00433859,0.00368647
0.03032,0.0193506,0.0104973,0.0483779,0.0120439,0.0276107
0.0059002,0.00368466,0.00283359,0.0162905,0.0032913,0.000849871
0.0135895,0.0094062,0.00296309,0.0130678,0.00413981,0.00620276
0.0501525,0.0273633,0.056945,0.234597,0.066148,0.0681936
0.0219436,0.0118177,0.00857743,0.0616427,0.0137937,0.0308074
0.0119855,0.00839836,0.00311254,0.0199634,0.00446094,0.00657897
0.0151765,0.0101429,0.0059932,0.0181578,0.00453031,0.00516607
0.0126938,0.00881926,0.00734096,0.0431898,0.0126305,0.0140964
0.0514514,0.0302883,0.0278353,0.101876,0.0249377,0.0263844
0.0060519,0.00428714,0.00422127,0.0175051,0.00401559,0.00679745
0.00944941,0.00666685,0.0039156,0.0266883,0.00538898,0.00392421
0.0074885,0.00508464,0.00318633,0.0127747,0.00251534,0.00457858
0.0135547,0.00923169,0.00616936,0.027076,0.00665495,0.0055209
0.0231202,0.0157279,0.00686807,0.0218309,0.00625439,0.0215341
0.00494833,0.00323825,0.00236328,0.0139482,0.00147957,0.00403108
0.0451109,0.0270835,0.0154366,0.0683045,0.0157207,0.0279257
0.0604535,0.0310096,0.0183186,0.0750896,0.01645,0.0303685
0.013061,0.00868763,0.00378688,0.0267222,0.0066732,0.00511662
0.0109137,0.00715792,0.00311444,0.0216809,0.00337071,0.00268702
0.0227059,0.0148986,0.0108869,0.0127726,0.00225796,0.0135638
0.00950634,0.00682652,0.00460925,0.011139,0.00195798,0.00390879
0.0122682,0.00862114,0.010574,0.0308679,0.00687049,0.00446952
0.0101133,0.00717751,0.00582084,0.0417474,0.0100834,0.0268134
0.0221951,0.0144849,0.00852564,0.042959,0.0120073,0.0280868
0.0252886,0.0167051,0.0225788,0.0872013,0.0221143,0.0435693
0.00635462,0.00443851,0.00402427,0.0315819,0.00889062,0.0175094
0.0103283,0.00710981,0.0025009,0.0160637,0.00411449,0.00490637
0.029243,0.01848,0.0141644,0.069147,0.017579,0.0235466
0.0132367,0.00906817,0.00612543,0.01819,0.00430667,0.00490131
0.0113416,0.00755533,0.00614909,0.0319561,0.00782338,0.00581482
0.0158638,0.0114823,0.00697275,0.0250577,0.00780596,0.00669951
0.0172505,0.0117734,0.00657512,0.0198023,0.00565926,0.00659046
0.00495874,0.00354347,0.00225312,0.0211081,0.00429722,0.00201184
0.0125159,0.0083127,0.00351865,0.0268954,0.00543422,0.00315317
0.0195454,0.0128284,0.00802809,0.0377681,0.0110784,0.0239781
0.00663086,0.00441886,0.00200685,0.0191669,0.00464814,0.00438359
0.0234627,0.0152137,0.0198952,0.0652072,0.0192021,0.0207105
0.0362894,0.02336,0.0125626,0.0641941,0.0192756,0.0353437
0.0141825,0.00978439,0.00593754,0.0359084,0.00879003,0.00682106
0.0198262,0.0133613,0.0111476,0.0559174,0.0168928,0.0146499
0.0287751,0.0190493,0.0116272,0.0659682,0.018341,0.0550604
0.00743917,0.00484195,0.00299163,0.0218487,0.00345709,0.00492087
0.00671035,0.00435676,0.00199663,0.0136272,0.00259818,0.000323803
0.0151837,0.0102119,0.00859242,0.0429107,0.0106775,0.00563339
0.00913948,0.00628239,0.00310851,0.0333071,0.00651143,0.00801637
0.0333011,0.0207447,0.0116522,0.0540475,0.0139011,0.0110041
0.0106801,0.00692709,0.00367636,0.0362578,0.00769449,0.00239414
0.0258511,0.0172233,0.00901373,0.00631266,0.00147515,0.0160341
0.0132082,0.00948943,0.004268,0.0258262,0.00389382,0.00446766
0.0137269,0.00891139,0.00449471,0.0258986,0.00852255,0.00595505
0.00854363,0.00585186,0.00280651,0.0325395,0.0103544,0.0188237
0.0156265,0.00991913,0.014918,0.0793606,0.0234342,0.0457551
0.0104861,0.00702285,0.00523232,0.0231463,0.00494372,0.0064989
0.00754719,0.00485245,0.0043089,0.0156535,0.00452207,0.00260569
0.00427666,0.00318714,0.00245486,0.016397,0.00359574,0.00311416
0.0168524,0.0113644,0.00534106,0.032021,0.00715356,0.00986195
0.0119117,0.00809638,0.00896245,0.030365,0.00747667,0.00219433
0.0166647,0.0112603,0.00551677,0.0218132,0.00402316,0.0064759
0.0088354,0.00602457,0.00310281,0.0177955,0.00495859,0.00371622
0.0170518,0.0115722,0.00519729,0.00366146,0.000607879,0.00599649
0.0151694,0.0100545,0.00928981,0.0337909,0.00784404,0.0126502
0.00924331,0.00680171,0.0046431,0.0195295,0.00582572,0.00401443
0.0449351,0.0276902,0.0143253,0.0632973,0.0171365,0.0100841
0.0240665,0.0162175,0.0108619,0.0401518,0.010716,0.00937295
0.013338,0.00891048,0.00704065,0.0175343,0.00493084,0.0067409
0.024214,0.0153428,0.014968,0.0801186,0.0203133,0.0176085
0.0403676,0.0245548,0.01901,0.071953,0.0207857,0.0391813
0.0197132,0.0129591,0.00554028,0.0352107,0.007797,0.0178792
0.0101185,0.00676466,0.00357747,0.0118113,0.00404872,0.00624224
0.00784983,0.00532164,0.00545789,0.0146031,0.00387642,0.00295261
0.0136018,0.00919347,0.00585386,0.0149605,0.00481125,0.00516621
0.0125946,0.00858534,0.00362399,0.0235209,0.00689592,0.00643815
0.0231001,0.0151154,0.00759094,0.0308924,0.00555312,0.0073632
0.0236882,0.016127,0.00785713,0.0348565,0.00926732,0.0172693
0.0154623,0.010834,0.00945054,0.0250051,0.00813345,0.00451221
0.0183194,0.0120307,0.00461411,0.0544026,0.0120109,0.00685326
0.028329,0.0186867,0.0121951,0.0292459,0.006945,0.00867696
0.00974268,0.00693775,0.00433959,0.0197922,0.00569343,0.0105201
0.00432257,0.003109,0.00590148,0.0174162,0.00348292,0.00176916
0.00574907,0.00414636,0.00564351,0.0341867,0.009318,0.0152348
0.0126834,0.00877545,0.00396635,0.0274112,0.00786456,0.00527833
0.0107146,0.00727067,0.00472989,0.018801,0.00644771,0.00233445
0.0121195,0.00861719,0.0106399,0.0473847,0.0126047,0.0188553
0.0333331,0.0210949,0.0292843,0.0964823,0.0229154,0.0326758
0.0242921,0.0167271,0.00809179,0.0246694,0.00680002,0.00641956
0.0287962,0.0196313,0.0128866,0.0604033,0.0145087,0.0229373
0.0234514,0.015178,0.00754296,0.0313016,0.00839145,0.0141615
0.0184818,0.0123639,0.0232215,0.100654,0.0276991,0.0317253
0.0261023,0.0169911,0.00795282,0.0310519,0.00712619,0.00893308
0.0202973,0.0133511,0.0126666,0.0607354,0.0181709,0.00772606
0.0103651,0.007124,0.00482969,0.00130836,0.000526877,0.00460235
0.0265119,0.0171889,0.018018,0.0906601,0.0247376,0.0280008
0.0105386,0.0073972,0.00460637,0.0199827,0.00479962,0.00217065
0.00952497,0.00606286,0.00364194,0.0146736,0.00489931,0.0142718
0.0123084,0.00816702,0.00457321,0.017265,0.00532561,0.00347165
0.00706474,0.00453358,0.00186664,0.0184949,0.00353692,0.00448845
0.0242808,0.0160639,0.0203456,0.0628912,0.0183006,0.0404044
0.00606087,0.0037062,0.00291722,0.012756,0.00475705,0.00534421
0.0208998,0.0144074,0.00748935,0.0268824,0.00635143,0.00945937
0.0115602,0.00777009,0.00269889,0.0265544,0.00757454,0.00921156
0.0176302,0.0115955,0.0179673,0.0620651,0.0167208,0.0114666
0.0190388,0.01291,0.00937326,0.0077357,0.000853201,0.0166302
0.00570653,0.00393168,0.00238757,0.0130837,0.00345508,0.0056688
0.0219269,0.0144323,0.0183295,0.0983951,0.0232379,0.0299276
0.060931,0.0355036,0.0462606,0.175225,0.0422691,0.0798809
0.0450564,0.0290035,0.0190467,0.0979328,0.0267012,0.0435165
0.00722061,0.00519157,0.00297891,0.0127013,0.00486983,0.00630914
0.00582199,0.00398919,0.00174449,0.0238599,0.00501752,0.00368517
0.0277196,0.0170589,0.0237389,0.0798719,0.0243085,0.0474621
0.00624051,0.00425366,0.00328546,0.012753,0.00361465,0.00219688
0.00598251,0.00463854,0.0019998,0.017841,0.00437307,0.00588271
0.0151626,0.010424,0.00513745,0.0216061,0.00532215,0.00268146
0.0180413,0.0120225,0.0105862,0.0355877,0.00975558,0.00618683
0.00937596,0.00652726,0.00343827,0.0218523,0.00481156,0.00530405
0.009715,0.00659083,0.00602225,0.0309769,0.00879062,0.00747958
0.0554579,0.020556,0.0257355,0.126753,0.0320124,0.0413875
0.0570847,0.0206549,0.027206,0.119849,0.0274673,0.0418945
0.00659959,0.00441915,0.00280965,0.0126484,0.00391808,0.00170648
0.00452052,0.00315025,0.00190916,0.0196997,0.00553806,0.0101979
0.00646731,0.00453255,0.00278432,0.0139299,0.00418333,0.00203767
0.0256054,0.0158901,0.007855,0.0484162,0.0134374,0.0139484
0.0125787,0.00646009,0.00463651,0.0228652,0.00365004,0.00330323
0.0193149,0.0132056,0.0239045,0.105416,0.0288528,0.0798665
0.0103581,0.00709844,0.00662247,0.047093,0.013589,0.0254501
0.0201865,0.0132849,0.018539,0.0889127,0.0214622,0.0196043
0.0177182,0.0118684,0.0159494,0.0988867,0.0288627,0.059318
0.0100722,0.00729656,0.003637,0.021447,0.00449983,0.00358662
0.0218502,0.0144797,0.0104909,0.0651245,0.0169211,0.0129417
0.0161388,0.00611222,0.0060705,0.0432096,0.012214,0.016878
0.0216797,0.0107141,0.00798718,0.0398423,0.00990841,0.0122864
0.030764,0.0195618,0.00898106,0.0327717,0.0077933,0.00962813
0.0082302,0.00562398,0.00534526,0.0238598,0.00473189,0.00231027
0.0120503,0.00855595,0.0055094,0.0242858,0.0046651,0.00470679
0.0183772,0.0122643,0.00576731,0.0424971,0.00893051,0.0039446
0.00901816,0.00619656,0.00382163,0.00298669,-0.00016696,0.00283631
0.0185172,0.0121816,0.00905686,0.0281291,0.00654836,0.00984067
0.00817633,0.00581023,0.00399646,0.00468746,-0.000318162,0.01435
0.0267878,0.0172527,0.0138704,0.0619998,0.0156395,0.00873063
0.0368371,0.0237767,0.0185083,0.0799187,0.0201046,0.0203424
0.0292551,0.0180332,0.0105969,0.0563912,0.0137738,0.00874931
0.0222105,0.0150429,0.00469004,0.0288771,0.00873688,0.00605085
0.0304994,0.0199194,0.00926588,0.052394,0.0136443,0.0171372
0.0134815,0.00944815,0.00300564,0.0222073,0.00543956,0.00504248
0.0221707,0.0151277,0.00738885,0.045031,0.0121349,0.0141319
0.00922739,0.00599374,0.00269579,0.0218317,0.00630802,0.00442788
0.0235648,0.0160263,0.007778,0.0353317,0.0104031,0.0082121
0.108967,0.0437663,0.172289,0.583183,0.140892,0.180494
0.0261302,0.0100166,0.00702246,0.0463553,0.0112206,0.0175954
0.0216847,0.0139746,0.0101142,0.0320832,0.00840506,0.0116734
0.0108934,0.00718996,0.0108438,0.04396,0.0110043,0.00714104
0.0178009,0.0122585,0.00469791,0.025624,0.00597849,0.0137619
0.00853055,0.00609351,0.00217699,0.019982,0.00411796,0.00428681
0.00761481,0.00518063,0.00368764,0.0140556,0.00251584,0.00482655
0.0137799,0.00925148,0.00530758,0.0263077,0.00858334,0.005015
0.0483214,0.0298745,0.0155663,0.0601617,0.0148808,0.0226394
0.00467699,0.00327222,0.00256437,0.0146178,0.0035617,0.00376556
0.00429921,0.00331703,0.00275374,0.0120773,0.00267358,0.00148895
0.0430892,0.0263442,0.0239109,0.122983,0.0325584,0.0257064
0.00472514,0.00331974,0.00274638,0.0109533,0.00325375,0.00767794
0.0172598,0.00812784,0.00937833,0.0472459,0.0130809,0.0320871
0.00839124,0.0056498,0.00338502,0.021969,0.00642328,0.00843716
0.0062272,0.00415704,0.00305617,0.00149094,0.000309632,0.00218604
0.0233444,0.0154429,0.00988402,0.0676913,0.0158556,0.0244037
0.0131223,0.00854315,0.00489327,0.0225888,0.00570228,0.0092971
0.0454501,0.0288769,0.0194889,0.0663449,0.0162618,0.0262445
0.005335,0.0036026,0.00296925,0.0146923,0.00350715,0.00374942
0.0121254,0.00814123,0.00379767,0.0213619,0.00366752,0.00241794
0.020346,0.0139776,0.00679661,0.0341714,0.0104013,0.0276067
0.00747453,0.00559326,0.00490159,0.0139401,0.00356507,0.00188315
0.0193497,0.013003,0.0131651,0.0718029,0.0199039,0.0110372
0.0114969,0.00780553,0.00447066,0.0200389,0.00586323,0.00540886
0.0100358,0.0070685,0.00343074,0.018362,0.00428453,0.00734514
0.00431158,0.00324502,0.00638694,0.016782,0.00417402,0.00869905
0.00589675,0.0045086,0.00393387,0.0158703,0.00202851,0.00384225
0.0203578,0.013553,0.00525914,0.0242337,0.00530803,0.014298
0.0433174,0.0228222,0.0473773,0.178338,0.0467106,0.093087
0.00989738,0.00690686,0.00374219,0.0169575,0.00415417,0.00641979
0.00932645,0.00669659,0.00310546,0.0121259,0.00278511,0.00199531
0.0144841,0.00953093,0.0224388,0.092398,0.0247205,0.0808838
0.0117518,0.00790665,0.00571225,0.02353,0.00560177,0.00407764
0.0144648,0.0102171,0.00350638,0.0202481,0.00544495,0.00332499
0.00975049,0.00674003,0.00408322,0.0244039,0.00562306,0.00980161
0.011882,0.00793398,0.00375123,0.0180301,0.00495032,0.00681482
0.0193609,0.012973,0.0132408,0.0320643,0.00818943,0.0121563
0.0719386,0.0438281,0.0608345,0.205809,0.0533362,0.0902561
0.0305576,0.0188989,0.0203174,0.0861966,0.0190463,0.0299731
0.0120161,0.00838582,0.00886051,0.0409785,0.0112279,0.0285831
0.0188694,0.0127896,0.0196145,0.0855696,0.0245422,0.0524568
0.0112583,0.00779115,0.00668438,0.0350806,0.00924578,0.00477638
0.00974801,0.006885,0.00937264,0.0417659,0.0109896,0.00770811
0.00598019,0.00415089,0.00305623,0.0130998,0.00287669,0.00132932
0.0248167,0.0165557,0.0120841,0.0284889,0.00913899,0.00535874
0.0107068,0.00757224,0.00304264,0.00308114,-0.0011397,0.00341596
0.0226317,0.0145287,0.00736029,0.0354749,0.00700322,0.0108132
0.00991058,0.00649902,0.00345005,0.0306496,0.00628056,0.00803547
0.0234456,0.015199,0.00636427,0.0404459,0.00929216,0.0107417
0.00744342,0.00500307,0.00472503,0.0169769,0.00579019,0.0029163
0.0277933,0.0176416,0.00581036,0.0453003,0.0118796,0.0318275
0.0319406,0.0203894,0.0108932,0.045136,0.0118915,0.0146705
0.00569536,0.00364686,0.00268086,0.0173105,0.00371077,0.00669885
0.011473,0.00792112,0.00422164,0.00589729,0.00183248,0.00272096
0.0065712,0.00444105,0.00351574,0.0243284,0.00639858,0.00834909
0.0143589,0.00994468,0.00640164,0.0281117,0.00633773,0.00583607
0.00933251,0.00607074,0.00332953,0.00370966,-3.60317e-05,0.0133602
0.0134759,0.00927032,0.00418228,0.0173213,0.00344101,0.00469424
0.0206713,0.0142992,0.00639338,0.0268431,0.00789546,0.00521909
0.0111903,0.00752112,0.00514012,0.033707,0.0103434,0.00509484
0.0188412,0.0116637,0.0121544,0.0713798,0.0200342,0.0114315
0.0329242,0.0210304,0.0106722,0.0455238,0.0114751,0.0159288
0.0086534,0.00599415,0.0039711,0.0236522,0.00508347,0.0105514
0.0119349,0.00830728,0.00458125,0.0189243,0.0046675,0.00386221
0.00761735,0.00529671,0.0046692,0.0140837,0.00387935,0.00400836
0.0170684,0.011924,0.00796439,0.0297831,0.0073616,0.00831997
0.00909373,0.00603537,0.00469535,0.0151423,0.00449161,0.00372069
0.0185459,0.0128159,0.00591417,0.0358833,0.00837684,0.00459478
0.0165443,0.0107481,0.0168106,0.0604937,0.0188433,0.0208104
0.0266884,0.0173652,0.0132854,0.0428145,0.0138877,0.0275933
0.0473081,0.0288856,0.0369778,0.178056,0.0527598,0.0993866
0.00726159,0.00516654,0.00409838,0.0249759,0.00670607,0.0107973
0.00989327,0.00722442,0.00524545,0.0241548,0.00717138,0.0141698
0.0137272,0.00920573,0.00544539,0.0177771,0.00609843,0.00961983
0.025469,0.0161173,0.00766545,0.0321856,0.00908139,0.0109254
0.0121316,0.00763677,0.00732466,0.0723972,0.0184396,0.0179113
0.00636597,0.00449012,0.00296969,0.00780647,0.00209315,0.00160846
0.0142512,0.0100848,0.00530415,0.0201474,0.00468583,0.00515165
0.0181078,0.0121321,0.00991291,0.0317353,0.00745096,0.00767416
0.00621478,0.00424517,0.00128069,0.0180572,0.00505681,0.00526144
0.00651816,0.00450317,0.00731573,0.0185529,0.00507511,0.00533306
0.0102786,0.00677433,0.00467966,0.0178663,0.0060537,0.00466467
0.00806514,0.00542782,0.00276997,0.0161786,0.0039232,0.00368603
0.00482031,0.00333244,0.00254102,0.0115016,0.00383657,0.0031887
0.010319,0.00721736,0.00431234,0.018369,0.00655862,0.0412023
0.0230401,0.0151916,0.0129664,0.0726327,0.0183998,0.0134412
0.00623311,0.00466962,0.00246228,0.0142373,0.00310982,0.00647164
0.00863541,0.00618242,0.00253044,0.0285437,0.00951216,0.0187958
0.0263312,0.0176626,0.00947662,0.0363007,0.00886565,0.013037
0.0284626,0.0183635,0.0114959,0.0435465,0.011653,0.00849845
0.0256364,0.0175302,0.00981258,0.0401813,0.0108446,0.0198806
0.0193037,0.0132238,0.00934683,0.0369323,0.00821992,0.0131101
0.0391679,0.0256446,0.0118397,0.0527406,0.0131274,0.0103215
0.0165391,0.0112808,0.00549716,0.0214974,0.00644164,0.0121601
0.0481548,0.0264609,0.0713654,0.278326,0.0708511,0.116759
0.00622116,0.00410635,0.00191758,0.0191006,0.00422411,0.000691974
0.00790669,0.00543226,0.00300348,0.0189024,0.0030634,0.00640997
0.00554276,0.0038483,0.00261132,0.0148547,0.00428463,0.0113858
0.0317892,0.0210552,0.0124469,0.0496202,0.012426,0.01684
0.00902289,0.00580469,0.00460704,0.0153341,0.0033018,0.00353799
0.00629165,0.0034945,0.00361406,0.0172088,0.00234429,0.00186912
0.0140503,0.0098127,0.00487417,0.0224478,0.00691193,0.00420911
0.01993,0.0134586,0.00755907,0.0338974,0.0100898,0.00745597
0.020787,0.0104989,0.00817644,0.0386814,0.0116027,0.00979153
0.0216721,0.0104429,0.00798657,0.0365383,0.0105073,0.0108047
0.0397655,0.0192882,0.0189971,0.0541996,0.0151682,0.0307054
0.0387519,0.019347,0.0172319,0.0501395,0.0129417,0.0277301
0.0416928,0.0266307,0.0325571,0.153646,0.04277,0.0343211
0.0272768,0.0180993,0.00964176,0.0503024,0.0128965,0.0078755
0.0556956,0.0312694,0.0182297,0.0925291,0.0215968,0.0310127
0.018027,0.0121115,0.00778814,0.0295755,0.00893163,0.00607614
0.00985134,0.00659681,0.00351774,0.019833,0.00550213,0.00893769
0.0125915,0.0088981,0.00532616,0.0182069,0.0062172,0.0142684
0.028469,0.0181859,0.0271679,0.110051,0.0273319,0.0256048
0.0206752,0.0135258,0.0215222,0.0589584,0.0165379,0.0173342
0.018965,0.0129801,0.00764364,0.035176,0.00803591,0.017393
0.0165902,0.0105837,0.00683132,0.0516026,0.0121156,0.00727668
0.0128511,0.00835665,0.00430806,0.0103587,0.000780554,0.0136984
0.00725735,0.00484512,0.00225261,0.0235632,0.00587679,0.00550574
0.0249397,0.0164516,0.00854997,0.0225406,0.00642808,0.00680319
0.00624232,0.00439257,0.00178095,0.0258818,0.00450161,0.00303644
0.018347,0.0126434,0.00554397,0.0225586,0.00606545,0.0137108
0.00702585,0.00486248,0.00285778,0.0110795,0.00378044,0.00300528
0.00903437,0.00594253,0.004693,0.00545269,-0.000323229,0.00701477
0.0266243,0.0180165,0.0101662,0.0432024,0.0125128,0.0133119
0.0155801,0.0104843,0.00468994,0.0256869,0.00691157,0.00207466
0.0249104,0.0166838,0.00798505,0.0562489,0.0122638,0.00969369
0.0443469,0.0256062,0.0163154,0.073013,0.0192012,0.0359449
0.0502319,0.0257943,0.0173514,0.0777477,0.0187727,0.0330646
0.0102861,0.0070218,0.00314646,0.0420228,0.00938452,0.00671724
0.0061979,0.00445619,0.00213049,0.0202524,0.00623717,0.00345725
0.0301281,0.0193964,0.0397354,0.133753,0.0359747,0.0358415
0.0101172,0.00710381,0.00748689,0.0265077,0.00543429,0.0142982
0.0182592,0.0119339,0.00556306,0.0271149,0.00544539,0.00526813
0.0102281,0.00742226,0.00392514,0.0186122,0.00499831,0.00171351
0.0045173,0.00328121,0.00413823,0.00928949,0.00215984,0.00203378
0.0117466,0.00833205,0.00583746,0.0248493,0.0049057,0.00222749
0.0195278,0.0130314,0.00568673,0.0241228,0.00471729,0.00749338
0.0162364,0.0112809,0.00524987,0.0192262,0.00466237,0.0174245
0.00493989,0.00326689,0.00835525,0.0188515,0.00447161,0.00911535
0.00672198,0.00443053,0.00283197,0.0201222,0.00555311,0.00171729
0.0179216,0.0116821,0.00610308,0.02693,0.00835833,0.0172149
0.0300777,0.0197589,0.0130312,0.048428,0.0127165,0.0196711
0.00634863,0.00471448,0.012228,0.0610679,0.0163725,0.0220022
0.0169441,0.0114948,0.00786036,0.0302979,0.0068157,0.00513721
0.021758,0.0144438,0.00985393,0.0397575,0.0110627,0.0140216
0.019267,0.0130715,0.0138186,0.060993,0.0149333,0.0272528
0.00606879,0.00427275,0.00405473,0.02809,0.00581504,0.0166146
0.0406539,0.0253795,0.033564,0.122173,0.029537,0.0568678
0.0167116,0.0109785,0.00649007,0.0272013,0.00629299,0.00383146
0.0213879,0.0146147,0.0108624,0.0432943,0.0120825,0.00603805
0.0330428,0.0212411,0.00904159,0.0420093,0.00981904,0.00632427
0.00719531,0.00495257,0.00334258,0.0180924,0.00284027,0.00683077
0.0228745,0.0152211,0.0091512,0.0438373,0.011576,0.0133573
0.0177862,0.0124188,0.00755184,0.0333381,0.00951198,0.00920045
0.0369468,0.0229365,0.0118621,0.0602982,0.0146701,0.00756135
0.00595412,0.00408557,0.00248186,0.0234227,0.00510555,0.000270806
0.00958664,0.00638155,0.00739284,0.00891408,0.000686643,0.00348586
0.0225911,0.0156434,0.0062369,0.0269293,0.00492653,0.0102365
0.0111445,0.00747138,0.00423276,0.0141623,0.00480811,0.00589839
0.0362628,0.0234497,0.016638,0.0549251,0.0160549,0.00621975
0.00748361,0.00509744,0.013602,0.0422204,0.0109799,0.00885796
0.0249702,0.0166833,0.00783177,0.0406289,0.0087342,0.0218457
0.0191988,0.0128277,0.00767518,0.0445424,0.0108669,0.0165613
0.0153216,0.0103217,0.00539762,0.0396864,0.00905058,0.00492247
0.00812131,0.00574362,0.00307456,0.0166303,0.00341599,0.00484395
0.0120545,0.00814302,0.0119256,0.0461939,0.0119352,0.00799116
0.00965361,0.00679102,0.00329054,0.0124823,0.00233458,0.00588337
0.0120159,0.00840587,0.0118163,0.0294788,0.00696566,0.00223536
0.00670985,0.00468747,0.00270799,0.0142937,0.00411611,0.00278928
0.00623306,0.00439266,0.00321793,0.0138103,0.00328223,0.00589019
0.0065651,0.00457885,0.00490718,0.0358659,0.0109048,0.036481
0.0161978,0.0110721,0.00497703,0.0296245,0.00687661,0.0121483
0.0667084,0.0380316,0.0256146,0.127315,0.0330285,0.0485156
0.00961864,0.00664644,0.00259918,0.0171911,0.00400585,0.00572037
0.00640721,0.00428566,0.00330817,0.0186484,0.00328217,0.00571797
0.0268593,0.0109656,0.00845715,0.0266489,0.00709065,0.011613
0.0113883,0.00790702,0.00430035,0.0222096,0.00592128,0.0082069
0.0453512,0.0283091,0.0114286,0.0522646,0.0117602,0.00825242
0.0080732,0.00569972,0.00375585,0.0174065,0.00479137,0.0101011
0.0225758,0.0150093,0.00547922,0.0445842,0.0121307,0.0189789
0.0162753,0.0111554,0.0182132,0.0522979,0.0117956,0.00966532
0.0137346,0.00910042,0.00408201,0.0373601,0.0112477,0.014636
0.0218385,0.0141321,0.0068088,0.0349878,0.0078038,0.00969589
0.0201574,0.0138308,0.013582,0.0724517,0.0183462,0.0284649
0.00897364,0.00603355,0.00905562,0.0284468,0.00772744,0.00889329
0.0247738,0.0144149,0.00839831,0.0438168,0.0126563,0.0391491
0.0334035,0.0210044,0.0105387,0.0744919,0.0199973,0.0242551
0.0154004,0.00853238,0.010394,0.0260957,0.00744343,0.00952423
0.013345,0.00677862,0.00883463,0.01629,0.00237266,0.00847258
0.0144896,0.0094161,0.0062909,0.0170582,0.00473244,0.0114425
0.0663909,0.0356156,0.0443768,0.240063,0.059467,0.0821166
0.00969897,0.00635561,0.00200782,0.0291048,0.00564908,0.00579995
0.00466449,0.00340678,0.0023162,0.0103835,0.00262659,0.000992046
0.00799506,0.00562315,0.00436435,0.0133761,0.00434945,0.00344053
0.00896776,0.00617189,0.00413047,0.0191313,0.00540457,0.0095918
0.0211433,0.0129677,0.00948345,0.0396489,0.00877509,0.0162298
0.0129471,0.00920627,0.00466943,0.0179775,0.00367538,0.00461837
0.0223443,0.0150711,0.00595138,0.0361245,0.0107465,0.0197876
0.0110299,0.00788412,0.00440532,0.0167698,0.00438988,0.00395803
0.035347,0.0226788,0.0157582,0.0908549,0.0215891,0.0115181
0.020286,0.0138521,0.00721803,0.0297887,0.0083869,0.0154586
0.0254162,0.0167522,0.00783095,0.0288628,0.00805998,0.0143649
0.00686692,0.00488998,0.00251556,0.0127361,0.00384627,0.00125269
0.0154123,0.00978455,0.0136286,0.0692825,0.0161964,0.0154185
0.0123038,0.00657147,0.00670223,0.0346906,0.0117881,0.00685165
0.0119843,0.00485951,0.00864505,0.0343898,0.0112638,0.00734758
0.0212293,0.0146033,0.00895458,0.0093259,0.00113471,0.0113147
0.0146636,0.00965697,0.00406642,0.028903,0.00575432,0.00807994
0.00855265,0.00616185,0.00421395,0.0198114,0.00414408,0.0101227
0.0217395,0.0144402,0.00748077,0.0292359,0.00766476,0.017904
0.0519069,0.0316173,0.0168977,0.0684271,0.0184757,0.0114967
0.0120728,0.00797972,0.00509942,0.0160251,0.00581586,0.0040898
0.0220994,0.0152631,0.00665963,0.0216787,0.00555784,0.0122706
0.0168818,0.0117468,0.00412913,0.00473494,0.000434354,0.00422211
0.0119195,0.00786632,0.00398922,0.0108662,0.00344085,0.00890325
0.0211799,0.0141922,0.0169736,0.0852198,0.0228997,0.0195135
0.00556267,0.00383873,0.00241166,0.0120927,0.0020676,0.00197594
0.0111112,0.00766046,0.00402493,0.0159694,0.00456228,0.00428717
0.0125651,0.00883091,0.00435587,0.0254538,0.00549509,0.00350058
0.00592494,0.00426477,0.00283068,0.0264177,0.0082037,0.00679236
0.00987485,0.00659119,0.00344026,0.016674,0.00344598,0.0099802
0.00751248,0.00517123,0.00251155,0.0286263,0.00715716,0.0161384
0.0220536,0.0143733,0.0053798,0.0510856,0.0134159,0.00721573
0.00681955,0.00479655,0.00274702,0.013251,0.00243897,0.00290581
0.0120651,0.00820613,0.00315485,0.0129037,0.00308093,0.00745762
0.026467,0.017868,0.0131193,0.0563678,0.0148047,0.0284173
0.0381846,0.0240001,0.0479641,0.237335,0.058978,0.121141
0.00545769,0.00397368,0.0016006,0.0152353,0.00523028,0.00227799
0.0125119,0.00847727,0.00374682,0.0189819,0.00490506,0.00431046
0.0234709,0.0151865,0.0156965,0.0689377,0.0201548,0.0416361
0.0185893,0.0122696,0.0157288,0.0420205,0.0118517,0.0217676
0.0165757,0.0116869,0.00493022,0.0182625,0.00493385,0.011263
0.0176904,0.0119753,0.00909997,0.0378553,0.00883706,0.00589559
0.00848892,0.00578177,0.00247867,0.0110418,0.00444088,0.00572742
0.0235281,0.0152071,0.00858782,0.0395063,0.00968391,0.00945078
0.0108518,0.00722553,0.00232461,0.0392994,0.0101977,0.0201378
0.00987667,0.00650092,0.00387903,0.0332175,0.00925326,0.00731023
0.00557273,0.00380019,0.00239799,0.0165067,0.00385214,0.00266093
0.013457,0.009032,0.00484071,0.0242124,0.00793326,0.00579523
0.014642,0.00971817,0.00548855,0.0208058,0.00318292,0.00417694
0.00847247,0.00558369,0.00519604,0.0244925,0.00758021,0.00149611
0.0273216,0.0185912,0.0142937,0.0620852,0.0132502,0.0215738
0.00418223,0.00321922,0.00234332,0.0179849,0.0033104,0.00289929
0.026301,0.0171748,0.00787434,0.0515637,0.0122927,0.0102864
0.0156966,0.0103148,0.00624163,0.0433266,0.0101635,0.0110802
0.00603072,0.0041072,0.00259531,0.0133385,0.00451374,0.00187205
0.00507328,0.00377622,0.00120791,0.0167156,0.00411291,0.00539195
0.00611147,0.00430097,0.00257482,0.0307216,0.00791498,0.0105682
0.0480137,0.0295639,0.0307772,0.168516,0.0423276,0.0527828
0.0246756,0.0156786,0.01195,0.0665679,0.0162977,0.0392792
0.0106808,0.00733662,0.0039208,0.0195091,0.00426016,0.00580907
0.0184774,0.0127224,0.00677889,0.0260865,0.00708023,0.00753108
0.00654651,0.00460789,0.00203649,0.0250073,0.00858047,0.015528
0.018682,0.0125058,0.0197572,0.0759461,0.0209127,0.0158209
0.0175632,0.0117725,0.00556448,0.0322212,0.00794288,0.00699821
0.00937572,0.00618663,0.00376859,0.0175736,0.00582819,0.0119853
0.0397732,0.0162334,0.0129832,0.0656639,0.0172361,0.0138537
0.0412041,0.0168806,0.0142263,0.0590997,0.0135491,0.0119219
0.00731645,0.00485148,0.00246765,0.0170258,0.00362314,0.0176207
0.0119748,0.00792121,0.00487335,0.0187262,0.00453215,0.00674899
0.00874066,0.00616003,0.00430851,0.0188948,0.00509468,0.0033503
0.0238245,0.0152855,0.0128931,0.103628,0.0236484,0.0111839
0.00724592,0.00472303,0.00400306,0.0172478,0.00495775,0.0036547
0.0108699,0.00769038,0.00566906,0.0214689,0.00766366,0.00666304
0.00723566,0.00443329,0.00268616,0.0282208,0.00859051,0.0116335
0.0641567,0.033083,0.022563,0.149739,0.0358407,0.0732483
0.0451902,0.0249768,0.0138338,0.0759617,0.0129764,0.0335705
0.0201746,0.0132327,0.0081215,0.0620159,0.0156369,0.0274734
0.0046613,0.00328959,0.00227837,0.00683389,0.00223016,0.00210304
0.014534,0.00989461,0.00630665,0.0269196,0.00654706,0.00999626
0.00802146,0.00521139,0.00319522,0.0146904,0.00514509,0.0130804
0.0435717,0.0262373,0.0261189,0.139455,0.036859,0.04651
0.00863737,0.00580365,0.00221206,0.014726,0.00426351,0.00293413
0.0142137,0.00743326,0.0109427,0.0578012,0.0171294,0.0138255
0.0060597,0.00408008,0.00331608,0.0204993,0.00514245,0.0038666
0.0106061,0.00736945,0.00340654,0.0198708,0.00619901,0.00519165
0.00967633,0.00653675,0.00557137,0.021201,0.00633809,0.0112984
0.00917985,0.00596736,0.00410144,0.0148894,0.00461311,0.00491437
0.0123272,0.00511207,0.00633103,0.0294537,0.00878881,0.00853562
0.0129871,0.00520081,0.00649188,0.0328407,0.0082642,0.00810005
0.00885211,0.00555048,0.00381838,0.0182372,0.00496084,0.0041118
0.0440356,0.0275763,0.0178215,0.0787003,0.0200802,0.0397417
0.0333795,0.0211728,0.0187379,0.0493994,0.0126101,0.00970351
0.0200878,0.0134384,0.0166405,0.102502,0.0272737,0.0312548
0.0186587,0.0118135,0.0213341,0.0667324,0.0169793,0.0198325
0.00680667,0.00486433,0.00269573,0.0126431,0.00285957,0.00714861
0.00815475,0.00564036,0.00515619,0.0196078,0.00392178,0.00704997
0.012264,0.00806668,0.00488789,0.0330832,0.00723887,0.00243046
0.0161316,0.0107086,0.0060076,0.0265561,0.00720035,0.00780713
0.0327404,0.0219208,0.00581526,0.0281747,0.00701619,0.00713438
0.00993677,0.00707691,0.00396037,0.0172451,0.00472861,0.00616646
0.00887698,0.00588326,0.00602476,0.0140965,0.00346991,0.00868681
0.0306448,0.0199316,0.00773081,0.0547237,0.0144595,0.0238214
0.00660003,0.00465761,0.00291483,0.0163155,0.00410035,0.00801227
0.0222572,0.0150033,0.0130816,0.0772888,0.0219426,0.0094854
0.0188302,0.0128364,0.00645497,0.0259359,0.00723615,0.00850003
0.010458,0.00729177,0.00407798,0.0187788,0.00423255,0.00826513
0.0344843,0.0222098,0.0109622,0.0443712,0.0121369,0.0198534
0.00586969,0.0041271,0.00264972,0.0148791,0.00359713,0.00509453
0.032378,0.0133132,0.0227385,0.0591594,0.0147689,0.0228922
0.0261038,0.0166854,0.00834154,0.0393663,0.00987909,0.0131182
0.0221112,0.0147684,0.0100277,0.0187076,0.00578814,0.0129862
0.0336092,0.0215677,0.0110733,0.0453048,0.0114283,0.0258329
0.0217765,0.0147674,0.0221921,0.0767526,0.0192661,0.0194462
0.0129359,0.00885749,0.00673365,0.0227105,0.00499543,0.0117825
0.00482608,0.00314478,0.00364671,0.00518544,0.00497955,0.00402309
0.0116594,0.00805949,0.00360264,0.0139887,0.00436882,0.0145749
0.0273073,0.016952,0.0342367,0.124235,0.0311512,0.0470335
0.0198677,0.0129934,0.00534816,0.0294206,0.00822725,0.0176897
0.00837338,0.0055029,0.00192529,0.0149428,0.00366869,0.00668782
0.0241024,0.0156962,0.00707683,0.0426179,0.00821109,0.00934071
0.0267457,0.016102,0.0229001,0.0944273,0.0247272,0.0336098
0.0141306,0.00976461,0.00531752,0.0180049,0.00509673,0.0042073
0.00841663,0.00583065,0.00335212,0.0154034,0.00433148,0.00566219
0.0190946,0.0124737,0.00779695,0.033142,0.00910581,0.00842441
0.0139897,0.00956998,0.00405241,0.0209459,0.00532252,0.00655047
0.0438046,0.0251666,0.0302849,0.130524,0.0342105,0.0918503
0.00477279,0.00307146,0.0024629,0.010056,0.00283736,0.00347885
0.023911,0.0158409,0.0150449,0.104074,0.0303163,0.0422927
0.018776,0.0125781,0.0194414,0.108178,0.0308462,0.0439354
0.0133027,0.00871189,0.0072275,0.0235733,0.00627256,0.00547694
0.015887,0.0105405,0.00611712,0.0329998,0.00560688,0.00572534
0.0226821,0.0154249,0.0077721,0.0221619,0.00711123,0.00562551
0.0119964,0.00800794,0.00528289,0.0201023,0.00473556,0.00259019
0.0145814,0.00973422,0.00476455,0.0167775,0.00522878,0.00310877
0.0373329,0.0247352,0.0146832,0.0609217,0.0186165,0.0415533
0.0650698,0.0336337,0.0647149,0.21834,0.0555753,0.090833
0.00953798,0.00671019,0.00432919,0.0245708,0.00579758,0.0075896
0.019072,0.0127551,0.00577201,0.0361835,0.00949587,0.00488028
0.0184714,0.0124793,0.00542657,0.0329553,0.00989928,0.0153816
0.0184495,0.00972287,0.00649688,0.0327528,0.00846357,0.00833127
0.00593405,0.00441149,0.00350436,0.0180157,0.00281127,0.00133798
0.0095528,0.00649284,0.0075946,0.0256962,0.0070497,0.00318346
0.0168084,0.011598,0.00585742,0.0270562,0.00600587,0.00964437
0.0102702,0.00703798,0.00348183,0.0214212,0.00466919,0.00726485
0.0163226,0.0107807,0.00514994,0.023463,0.00512877,0.00451766
0.0451529,0.0262747,0.0418895,0.139185,0.0352823,0.0330932
0.00900631,0.00625359,0.00281491,0.0131679,0.00357028,0.00156749
0.023221,0.0153781,0.00682262,0.0483783,0.0136877,0.017625
0.00625356,0.00409608,0.00354573,0.0200191,0.00491459,0.00517508
0.0184101,0.0125752,0.00676838,0.0254814,0.00651739,0.00760147
0.00567104,0.00393724,0.00300699,0.0182137,0.00452888,0.00705652
0.00689184,0.00477579,0.00435145,0.0252035,0.00785568,0.00504645
0.00506055,0.00360963,0.00342588,0.0115866,0.00404696,0.00452176
0.0157711,0.0104448,0.0120756,0.0786281,0.0229649,0.0277224
0.0278133,0.0185435,0.0112063,0.047894,0.0136109,0.0202423
0.00806495,0.0056235,0.00269653,0.011462,0.00478565,0.00425468
0.00964704,0.00480779,0.00453833,0.0210566,0.00548807,0.0137716
0.0213926,0.0139305,0.00946639,0.0295191,0.00946811,0.00861341
0.0148655,0.00969969,0.00648828,0.0263087,0.0062958,0.0131138
0.0586282,0.0241128,0.0311298,0.13647,0.0348173,0.0333152
0.00683577,0.00467618,0.0027427,0.0280919,0.00768206,0.00978978
0.0300397,0.013064,0.024452,0.154604,0.0388648,0.0445244
0.0310077,0.0138534,0.0253295,0.151002,0.0350763,0.0436329
0.0379042,0.0228212,0.0386114,0.159875,0.0428033,0.0942022
0.0109064,0.00715584,0.00359738,0.0115448,0.00281813,0.0052102
0.0262088,0.0171132,0.00888833,0.0343708,0.0102399,0.00820377
0.0112651,0.00752206,0.00527153,0.0202049,0.00592403,0.0119834
0.0127706,0.00848497,0.00468978,0.0275942,0.00798432,0.00682135
0.0222537,0.0148164,0.0139317,0.058236,0.0178377,0.0517312
0.0100434,0.00682699,0.00340875,0.0143335,0.00581604,0.00727934
0.0136725,0.00956492,0.00724562,0.0427064,0.0103508,0.00370112
0.00860526,0.00602086,0.00357422,0.00824824,0.00418156,0.00411667
0.0257781,0.0173589,0.0217745,0.0604542,0.0150405,0.0181504
0.00615424,0.00459983,0.00356843,0.00487192,0.00421493,0.00281881
0.0335864,0.0208849,0.00951624,0.0596841,0.016046,0.0260895
0.0232681,0.013766,0.0061463,0.0402526,0.0105545,0.00670507
0.0170662,0.011176,0.005666,0.0404906,0.00795702,0.0048497
0.0349451,0.0229761,0.0106161,0.0464688,0.0126437,0.00633873
0.0348212,0.0132821,0.00952304,0.0514963,0.0144897,0.0172364
0.0438811,0.0133223,0.0131957,0.0648328,0.0171377,0.0189033
0.0277262,0.0133331,0.0093173,0.0429241,0.0116964,0.0115986
0.00997115,0.00699054,0.00237834,0.0175484,0.00375212,0.00656327
0.0168285,0.0113459,0.00910294,0.0499298,0.014743,0.0100628
0.0198038,0.0136102,0.0130795,0.0622265,0.0171911,0.0196453
0.0251891,0.0164479,0.00913124,0.0452917,0.00995992,0.00716556
0.0213997,0.0137031,0.00903214,0.0530965,0.0139212,0.0142648
0.0228551,0.0153118,0.00685889,0.034739,0.00847705,0.0162985
0.0334281,0.0219993,0.0117984,0.0613007,0.0156378,0.0272999
0.0162405,0.0104912,0.00522852,0.0320277,0.00817122,0.00905529
0.0287513,0.0189839,0.00992726,0.0367211,0.0101983,0.00858283
0.0337105,0.0210657,0.0134161,0.0611897,0.0181174,0.00498597
0.0209748,0.0137273,0.00767858,0.029249,0.00723357,0.00442932
0.01164,0.00787927,0.0035519,0.00920167,0.00225338,0.00619023
0.0108153,0.00707933,0.00340059,0.0311738,0.00738829,0.00344653
0.0156071,0.0102929,0.00593513,0.0309963,0.00655579,0.00914342
0.0288821,0.0185138,0.0258975,0.112954,0.032605,0.0446861
0.0285977,0.0195564,0.0271652,0.0887393,0.0231107,0.0204312
0.0307225,0.0195134,0.0123746,0.0616203,0.0155615,0.0166389
0.0113931,0.00736874,0.00465701,0.0204372,0.00655164,0.00359685
0.00990792,0.00663741,0.00380058,0.0213525,0.00492795,0.005546
0.03833,0.0251986,0.015242,0.0610196,0.016109,0.00869596
0.0228966,0.0120658,0.0154229,0.0851689,0.0209238,0.0185265
0.011109,0.00763361,0.0036428,0.019892,0.00436623,0.00507188
0.00830741,0.00584967,0.00373305,0.0161353,0.00359487,0.00351573
0.00494436,0.00343673,0.00130774,0.0131508,0.0035707,0.00164472
0.0155861,0.00739878,0.00751075,0.0443495,0.0140299,0.0162512
0.0245072,0.0142847,0.0138994,0.0596113,0.0165888,0.029067
0.0497225,0.0288854,0.0372387,0.157248,0.037615,0.0481883
0.0224655,0.0149878,0.0190043,0.050719,0.0135567,0.0275098
0.00911351,0.00335183,0.00441985,0.0274485,0.00896463,0.00808202
0.0445519,0.0256446,0.0175296,0.0873243,0.0197226,0.0345176
0.00420415,0.00317771,0.00183831,0.00955201,0.00423156,0.00905269
0.00781481,0.00528355,0.00382179,0.0117576,0.003706,0.00393757
0.0123575,0.00829932,0.00575544,0.0360889,0.00826488,0.0117924
0.014371,0.00980114,0.00569406,0.026523,0.00614955,0.00365901
0.0241081,0.0158979,0.0165737,0.0738164,0.0198323,0.0113789
0.00800858,0.00594408,0.00226518,0.0197384,0.00332514,0.00772227
0.0160691,0.0110255,0.00633992,0.0276376,0.00703023,0.00320442
0.0187357,0.0129236,0.00781651,0.0318804,0.00703654,0.00966909
0.034097,0.0209596,0.00816577,0.0425452,0.00869991,0.00881804
0.00568058,0.00381614,0.00266022,0.0194624,0.00541551,0.00819312
0.00842158,0.00583384,0.00213747,0.0162251,0.00433354,0.00416052
0.0133953,0.00913018,0.00516886,0.00903109,0.00269191,0.00477657
0.00922623,0.00642337,0.00337467,0.0194653,0.00311763,0.00125461
0.00628483,0.00460917,0.00211448,0.0147801,0.00287009,0.00996262
0.0157991,0.0104136,0.00668504,0.0248586,0.00567103,0.00619269
0.0194545,0.0135411,0.0164514,0.0640387,0.0160474,0.0113697
0.0193762,0.012664,0.00657764,0.0371986,0.00766245,0.00431767
0.0350947,0.0222059,0.0216901,0.0987633,0.0275859,0.0225444
0.0178687,0.00783473,0.00694189,0.0579235,0.0156546,0.0163214
0.0199788,0.0093114,0.007,0.0435986,0.011556,0.0118679
0.0223044,0.0138127,0.0130689,0.0724173,0.0174622,0.0171165
0.0135389,0.00938647,0.0110337,0.061307,0.017383,0.0230745
0.0456662,0.0265553,0.0405173,0.1665,0.0452793,0.0855393
0.0854115,0.0464228,0.0498456,0.242495,0.0599657,0.0929456
0.0156564,0.0103626,0.00557647,0.0271377,0.00561008,0.00315373
0.0229581,0.0149072,0.0128092,0.0570944,0.0143553,0.0166232
0.024111,0.0148544,0.0569197,0.179182,0.0440968,0.0649276
0.0241335,0.0158853,0.0142381,0.0754017,0.0186532,0.0138398
0.0308562,0.020006,0.0111825,0.0310672,0.00997886,0.00707566
0.00566036,0.00377639,0.00261581,0.0151116,0.00311713,0.00287558
0.010247,0.00726758,0.00530908,0.0279904,0.00869561,0.0157241
0.0527766,0.0289127,0.0296706,0.114597,0.0316824,0.0693487
0.0186846,0.012096,0.00760154,0.0320306,0.00626639,0.00470075
0.00808142,0.0058243,0.0031132,0.0181001,0.00593261,0.0031504
0.0245744,0.0170176,0.00946686,0.0397888,0.0116102,0.0101331
0.00969439,0.00669053,0.00442323,0.0197979,0.00465679,0.015891
0.0137026,0.00930727,0.00447316,0.0204505,0.00484142,0.0104722
0.0109656,0.00729392,0.00570918,0.0297328,0.00830974,0.00416916
0.0146749,0.010189,0.00781958,0.0604617,0.0151012,0.0149372
0.00994029,0.0067834,0.00468458,0.0286479,0.00885908,0.0201003
0.00759136,0.00495194,0.00281196,0.0167245,0.00445398,0.00379095
0.0083587,0.00533548,0.00322312,0.00780567,0.0011669,0.00898177
0.0109152,0.00716411,0.00308986,0.0197194,0.00499282,0.00558562
0.0137965,0.00951823,0.0120521,0.0593374,0.0175476,0.0137544
0.0120783,0.00836678,0.00407231,0.0143514,0.00382408,0.00772952
0.00871403,0.00588044,0.00360385,0.015182,0.00370517,0.00792994
0.00670737,0.00429731,0.00223166,0.00888749,0.0030168,0.00611612
0.00932159,0.00655265,0.0018132,0.0145853,0.00376547,0.00448597
0.00681534,0.00507965,0.0149717,0.0637467,0.0155324,0.0129351
0.028966,0.0193823,0.0144505,0.0688899,0.0177851,0.0185582
0.0228523,0.014283,0.0120649,0.06298,0.0184845,0.0205511
0.0135397,0.00933082,0.0045492,0.016509,0.00576782,0.00332469
0.0304836,0.0192492,0.023374,0.0960168,0.0243007,0.0596155
0.0538609,0.0318346,0.0305251,0.143385,0.035382,0.0423888
0.0443903,0.0269458,0.0342072,0.153064,0.0380668,0.0573628
0.00541208,0.00372131,0.00271739,0.019223,0.00582801,0.00366141
0.0218151,0.0144058,0.0219691,0.0698845,0.0163636,0.0312103
0.0256917,0.015929,0.0237566,0.136511,0.0342974,0.0647061
0.0118396,0.00812973,0.00634787,0.0216398,0.00569256,0.00929678
0.0130617,0.00903979,0.00438828,0.0304205,0.00774492,0.00372036
0.0214219,0.0135687,0.0198383,0.094225,0.0274534,0.062882
0.0181974,0.0118742,0.00613843,0.0287059,0.00774977,0.00891763
0.0120381,0.00803051,0.00407015,0.0205671,0.00409218,0.00588454
0.0148686,0.0103186,0.0126392,0.0440509,0.0119553,0.00795481
0.0307133,0.0193586,0.013369,0.0523638,0.0129816,0.0167064
0.00919227,0.00668792,0.00394051,0.0175257,0.00399285,0.00586624
0.0117499,0.00809955,0.00493308,0.0275205,0.00732086,0.0193609
0.0242949,0.0161559,0.01187,0.0455352,0.0109488,0.0105714
0.0227642,0.0155396,0.00804379,0.0506092,0.0152679,0.0244059
0.0192382,0.0131024,0.00536478,0.0267963,0.00690448,0.00424326
0.0224325,0.0152007,0.0157058,0.061001,0.0159105,0.0292666
0.00792433,0.00545524,0.00368116,0.016399,0.00448648,0.0105182
0.0143269,0.00955033,0.00491385,0.0343939,0.00855947,0.00535814
0.00503321,0.00344909,0.00274928,0.0157319,0.00423446,0.00229261
0.0117109,0.00777642,0.00713157,0.0249948,0.00562996,0.00201411
0.0065374,0.00448194,0.00135345,0.0126409,0.003416,0.00414037
0.0210592,0.0132939,0.0221062,0.0986507,0.027512,0.0260166
0.0116076,0.00761083,0.00403542,0.0149826,0.00357186,0.00341239
0.00810862,0.0055992,0.00337919,0.0148836,0.00297181,0.00324179
0.00631715,0.00415956,0.00270335,0.0152829,0.00443077,0.00127355
0.0295487,0.0189118,0.0160223,0.0676388,0.0155543,0.0220367
0.00595607,0.00414356,0.00285789,0.0173377,0.00332725,0.00266387
0.0346042,0.0220885,0.0115028,0.0433533,0.0121848,0.0177892
0.0188158,0.0127282,0.00695552,0.0352377,0.0102476,0.0171469
0.0125533,0.00883331,0.00448722,0.0299198,0.00675807,0.0112076
0.0202323,0.0142706,0.0098745,0.0501871,0.013498,0.0182322
0.00554622,0.00375869,0.00163471,0.0204821,0.00688211,0.00419364
0.0151478,0.0102726,0.00523615,0.0253789,0.00683985,0.0089574
0.00435883,0.00314688,0.0081696,0.0674842,0.0174993,0.025153
0.0369531,0.0238914,0.0146833,0.0456535,0.011138,0.0165829
0.0165037,0.0111856,0.0106439,0.0509379,0.0137444,0.0131376
0.023463,0.0159844,0.00902062,0.0345644,0.0101301,0.0143233
0.0178622,0.0120419,0.00377529,0.0424693,0.00886581,0.00392465
0.0114767,0.00758813,0.00495096,0.0246345,0.0076193,0.00437821
0.0437896,0.0206065,0.0134271,0.0795227,0.0210027,0.0231866
0.0333906,0.0222419,0.0183527,0.0692351,0.0167964,0.0393773
0.0188449,0.0123724,0.00664414,0.036372,0.00974607,0.0100738
0.009676,0.00677032,0.00322576,0.0104359,0.00449177,0.00450667
0.0219142,0.013677,0.00777426,0.029822,0.00755909,0.00783586
0.0226061,0.0150759,0.00658826,0.0193326,0.00527967,0.00493992
0.0154585,0.0105642,0.00747161,0.023383,0.00553393,0.00659009
0.0607033,0.0388116,0.0636504,0.220841,0.0571227,0.109379
0.026526,0.0178415,0.0102963,0.040554,0.0111583,0.00745074
0.0402714,0.0253229,0.020638,0.127014,0.0304252,0.0111563
0.00539044,0.00381026,0.00371855,0.0131266,0.00352055,0.00170056
0.0110415,0.00703873,0.004748,0.019324,0.00386096,0.011888
0.0214449,0.014405,0.00727406,0.00354587,0.00284132,0.0535135
0.00929651,0.00635507,0.00365738,0.015363,0.00421469,0.00478974
0.018912,0.0131742,0.0126223,0.043524,0.0122642,0.0290817
0.0126889,0.00806979,0.00560783,0.0205424,0.00651226,0.00458008
0.00524531,0.00314878,0.00172119,0.0161397,0.00494994,0.00709879
0.0105485,0.00690124,0.00378847,0.0219595,0.00606455,0.00671455
0.0115895,0.00777066,0.00275005,0.0202901,0.00507207,0.00954628
0.0105859,0.00762418,0.00369756,0.0268245,0.00555743,0.00861882
0.014879,0.0101468,0.00512792,0.0333537,0.00734002,0.00906925
0.00890383,0.00608723,0.00426755,0.0132649,0.0036062,0.0015307
0.0434444,0.0263374,0.0199902,0.0824303,0.0232357,0.0330939
0.0290952,0.0175586,0.0298314,0.101823,0.0261411,0.0348353
0.0102457,0.0071092,0.00512199,0.0125892,0.00463582,0.00769115
0.00599209,0.00420738,0.00196847,0.0156527,0.00392487,0.00190145
0.029098,0.0185917,0.052338,0.209925,0.0579063,0.0976805
0.0385224,0.0212622,0.0302468,0.247086,0.060512,0.065253
0.01341,0.00917799,0.00434959,0.0216642,0.00561117,0.0125325
0.00867278,0.00606084,0.00321481,0.0117879,0.00331055,0.0074861
0.00482096,0.00339729,0.00248195,0.0102508,0.0048019,0.00258598
0.00971434,0.00624673,0.00213256,0.010633,0.00356623,0.00788067
0.0397576,0.0245569,0.0127422,0.0546429,0.0143817,0.0122761
0.0284551,0.0177945,0.0285182,0.0987728,0.0270594,0.0274057
0.0177474,0.00913736,0.00796766,0.0605838,0.0157953,0.0315149
0.0433927,0.0272544,0.026064,0.123766,0.03007,0.0715495
0.012766,0.00896414,0.00445665,0.0208551,0.00456985,0.00616514
0.0113553,0.00760529,0.00429742,0.0164885,0.00554439,0.00366699
0.0258716,0.0167726,0.014844,0.0523864,0.015082,0.0210405
0.0106268,0.00707109,0.00668733,0.0186122,0.0053426,0.00585562
0.00699404,0.00484917,0.00290593,0.0111946,0.00421261,0.00358725
0.0172658,0.0112461,0.0076222,0.0236477,0.00653926,0.00369996
0.0284248,0.0196266,0.0116001,0.0408391,0.00933578,0.00862608
0.0166549,0.0111798,0.00738192,0.0559164,0.0156822,0.0136995
0.0114342,0.00443084,0.0074422,0.0265917,0.005499,0.00567685
0.0115493,0.00445758,0.00734626,0.0261744,0.00570523,0.00544106
0.0043818,0.0030969,0.00209847,0.0143769,0.00482312,0.00141417
0.0155926,0.0112635,0.00602036,0.0227222,0.00658175,0.0105825
0.025157,0.0117455,0.0118693,0.0448499,0.0150063,0.0174383
0.025871,0.0130557,0.013471,0.0411423,0.0123491,0.0191708
0.017779,0.0120708,0.00599348,0.0194363,0.00543808,0.0123635
0.0252286,0.016825,0.00938596,0.0425105,0.0112575,0.0309474
0.0229709,0.0151653,0.00742984,0.0240827,0.00613745,0.00809213
0.00489017,0.00320952,0.00236294,0.0209803,0.00384215,0.00177897
0.0313499,0.019171,0.0093741,0.0698948,0.0166307,0.00958005
0.0126241,0.00870365,0.00726104,0.0369473,0.0100117,0.00422396
0.00980572,0.00663405,0.00409337,0.0138673,0.00434068,0.00275336
0.00669916,0.00477247,0.00355667,0.0226705,0.00538299,0.00365839
0.0172345,0.00795642,0.00796516,0.0384493,0.0115572,0.00656016
0.0178113,0.00796293,0.00801176,0.0394073,0.0108644,0.0061166
0.0173946,0.0119272,0.00690083,0.0251462,0.00757105,0.0236142
0.0321793,0.0208666,0.0116984,0.0346289,0.00951415,0.00816528
0.0167362,0.0112826,0.00669095,0.0397369,0.00913801,0.00790389
0.0171625,0.0116223,0.00578761,0.026549,0.00667236,0.0151707
0.0114073,0.00807832,0.00354829,0.0205042,0.00668489,0.00556858
0.00549895,0.00395184,0.0025649,0.0136167,0.00507469,0.00337845
0.0295579,0.0192089,0.013214,0.0763534,0.021692,0.0373621
0.0089162,0.00603804,0.00241208,0.0142682,0.00521221,0.00208976
0.0327063,0.0221385,0.0131229,0.0515227,0.0148197,0.0260504
0.0519392,0.0285351,0.0183314,0.0785967,0.021348,0.0201972
0.0219425,0.0147853,0.0091316,0.0458318,0.012437,0.0169404
0.0239134,0.0155989,0.00662012,0.0459152,0.011596,0.00725854
0.012096,0.0081699,0.00437976,0.024645,0.00568533,0.00997214
0.00557054,0.0039214,0.00240186,0.0112679,0.00386513,0.00189993
0.00859051,0.00599684,0.00312795,0.014317,0.00357211,0.00834258
0.0163499,0.0107065,0.00738958,0.0667074,0.0176014,0.0280952
0.012334,0.00830668,0.00329087,0.0149328,0.00562614,0.0153779
0.0256079,0.0172996,0.00747139,0.031667,0.00660138,0.00430839
0.0159052,0.0104033,0.00860046,0.067258,0.0191212,0.0355314
0.0123319,0.00904606,0.00835075,0.0614119,0.0174784,0.0128565
0.014859,0.00526558,0.0112561,0.0896782,0.0301712,0.0398642
0.045653,0.0275701,0.0372648,0.186037,0.0474711,0.0922619
0.020708,0.0138368,0.00968873,0.0458753,0.0117676,0.0063092
0.00621067,0.00440614,0.00287284,0.00673012,0.00267317,0.00764805
0.0178681,0.0119551,0.0165045,0.0734254,0.019655,0.0238936
0.0169976,0.0114714,0.0132194,0.0729389,0.018858,0.0134634
0.00606835,0.00407076,0.00276554,0.0175518,0.00573868,0.00241984
0.021225,0.0143654,0.0103865,0.0434123,0.010782,0.0126902
0.0314189,0.0177826,0.02535,0.100947,0.0271992,0.0481838
0.00953688,0.0061933,0.00345009,0.0196555,0.00647686,0.00460159
0.0195827,0.0129112,0.00624795,0.0451199,0.0101879,0.0119606
0.00614585,0.00427822,0.00274142,0.0184227,0.00272414,0.00189141
0.0117497,0.00823739,0.00498907,0.0302635,0.00779254,0.0064635
0.0611506,0.0347048,0.0629138,0.335973,0.0858121,0.0949557
0.0204469,0.0138397,0.0109633,0.0478655,0.0125371,0.0126108
0.0477065,0.0261497,0.0324325,0.152903,0.0386304,0.04839
0.0223929,0.0153419,0.00780699,0.0523236,0.0131593,0.016987
0.00725331,0.00490826,0.00526192,0.0327884,0.00912696,0.00952634
0.023779,0.0161243,0.0102772,0.0649213,0.0176678,0.0261224
0.00780242,0.00552454,0.00337115,0.013826,0.00466249,0.00274776
0.00933779,0.00647436,0.00301281,0.0151283,0.00508477,0.00862665
0.0080579,0.00583839,0.00258981,0.0185987,0.00274368,0.00832887
0.00901336,0.0062417,0.00477611,0.0277852,0.00660584,0.0163775
0.0110109,0.00758031,0.00498212,0.0207683,0.00443465,0.00321764
0.0080255,0.00534789,0.0030425,0.0199501,0.00381782,0.00342613
0.0276151,0.0177836,0.00983215,0.0359241,0.0099509,0.00591113
0.0187372,0.012468,0.00656944,0.031165,0.00647924,0.00187372
0.00461702,0.00321591,0.00251713,0.0191538,0.00402969,0.00113026
0.0297135,0.0143561,0.00761281,0.0608135,0.0142717,0.0120309
0.0374614,0.0188957,0.0116322,0.0573806,0.0118684,0.00572119
0.0268975,0.0167283,0.0200951,0.0805685,0.0187303,0.0360082
0.0300129,0.0194155,0.0200352,0.0766235,0.0226658,0.0455214
0.015368,0.0106852,0.00502755,0.0312671,0.00958129,0.00619905
0.0077901,0.00531872,0.0148535,0.0190404,0.00387087,0.00404295
0.0196813,0.0136599,0.0072255,0.0174515,0.00330736,0.00600727
0.00756923,0.00525593,0.00299531,0.0175114,0.00426592,0.00486476
0.0154205,0.0104182,0.00642054,0.0296212,0.00739123,0.00397048
0.00711118,0.0053256,0.00325025,0.0177368,0.00344987,0.00128748
0.0187389,0.0128294,0.0101722,0.0681912,0.01649,0.00536446
0.0296495,0.0190933,0.00883736,0.0440263,0.0109596,0.0222368
0.0224514,0.0146486,0.00885243,0.0304853,0.00974701,0.0167165
0.0490097,0.0247327,0.0185769,0.088471,0.0224189,0.038615
0.0260597,0.0171768,0.0116593,0.0565492,0.0144859,0.0136488
0.00780713,0.00563847,0.00229425,0.017092,0.00311082,0.00314778
0.0243887,0.0135491,0.0152255,0.0531767,0.0128243,0.0109404
0.012486,0.00824006,0.00505161,0.0460001,0.0124363,0.021318
0.0228458,0.0153789,0.0207718,0.0814438,0.0209461,0.0266545
0.00837269,0.00571918,0.00415426,0.0122085,0.00462706,0.0116737
0.0128849,0.00832464,0.00311755,0.0254024,0.00590355,0.00606075
0.0127642,0.00863786,0.00471289,0.0176046,0.00443322,0.00615667
0.00870031,0.00602606,0.00522927,0.0241618,0.00576432,0.00812193
0.0382076,0.0252554,0.0141248,0.0484671,0.0119983,0.0210038
0.0123384,0.00838964,0.0075092,0.0288722,0.00877582,0.00766357
0.0375467,0.023936,0.0189012,0.0763135,0.0188529,0.0355554
0.0175793,0.0123256,0.00611964,0.0288699,0.00615613,0.00585569
0.018015,0.0114116,0.00864019,0.0492726,0.0115592,0.00572949
0.0277497,0.012872,0.0123836,0.0528858,0.017075,0.0123312
0.0291332,0.0128191,0.012501,0.0491962,0.0137357,0.0112946
0.00970319,0.00664098,0.00512929,0.0264036,0.00692365,0.00717642
0.0138704,0.0100482,0.00588299,0.021114,0.00476329,0.00196415
0.0486883,0.0295034,0.0265465,0.110594,0.0263311,0.0556223
0.0231622,0.0150195,0.00831661,0.0418187,0.00960406,0.0150068
0.0240609,0.01591,0.00990425,0.0435937,0.0121566,0.0210366
0.0480834,0.0196376,0.0153219,0.0750801,0.0186255,0.055193
0.0456293,0.0197706,0.0145187,0.0562608,0.0115385,0.0400935
0.036945,0.0233296,0.0136218,0.068818,0.0186979,0.0146592
0.0110645,0.00807702,0.00420931,0.0162957,0.00427117,0.00733963
0.00686501,0.0045286,0.00251132,0.00411372,0.00299621,0.00169529
0.0249975,0.0135878,0.011151,0.0465427,0.00940733,0.0080754
0.0104422,0.00746676,0.00674052,0.0196808,0.0068483,0.00854361
0.0209526,0.0139802,0.00680421,0.0315125,0.00811237,0.00507004
0.0115166,0.00756453,0.00386035,0.0165831,0.00578053,0.00330085
0.0351605,0.022514,0.0177431,0.0870105,0.0213385,0.0118696
0.0349611,0.0179983,0.00932809,0.0850372,0.02222,0.0377958
0.0216083,0.0145628,0.00962346,0.0528414,0.0122083,0.013874
0.0199021,0.0136176,0.00649094,0.0415377,0.0110338,0.0175209
0.0410127,0.0241567,0.0280416,0.143367,0.0399244,0.0935261
0.00747433,0.00531997,0.00400015,0.019138,0.00470311,0.00496636
0.0174838,0.0116085,0.00526654,0.0316126,0.00915809,0.0115384
0.00833421,0.0053701,0.00419405,0.0109218,0.00366877,0.00348159
0.0298089,0.0189136,0.00845487,0.0532102,0.015102,0.0148209
0.025287,0.0165465,0.00980865,0.0464291,0.0123993,0.0230159
0.015323,0.00706887,0.00713973,0.0311728,0.00916106,0.00823465
0.0394119,0.0233867,0.0285762,0.0891371,0.0225307,0.0259025
0.0139431,0.00971174,0.00472265,0.0186372,0.00489427,0.00760586
0.013932,0.00976966,0.0063437,0.0150912,0.00441627,0.00669046
0.0239136,0.0153593,0.00852477,0.0391296,0.00918805,0.0078214
0.0125024,0.00899106,0.00900159,0.056974,0.013299,0.0181265
0.0212109,0.0143323,0.0125561,0.0390036,0.00960703,0.0105019
0.00817393,0.00578671,0.00292015,0.0257824,0.00838736,0.010307
0.0347712,0.0225464,0.0143251,0.0451143,0.0121186,0.015062
0.0119117,0.00805701,0.00391688,0.0147139,0.00426278,0.00668398
0.0138824,0.00962758,0.00459364,0.0180002,0.00486276,0.00644161
0.0136059,0.00959596,0.00573355,0.0170277,0.00438585,0.00952933
0.00987303,0.00685063,0.00345418,0.0194858,0.00486946,0.00278529
0.0100644,0.00682176,0.0042317,0.0122835,0.00405465,0.00459701
0.00638732,0.00433846,0.00227298,0.0114784,0.00394661,0.0021632
0.0125651,0.00857537,0.0116289,0.074007,0.0188247,0.0384345
0.0101247,0.00728826,0.0027279,0.0141094,0.0043349,0.0172565
0.0126257,0.00899747,0.00235986,0.0210106,0.00774932,0.0044309
0.0175795,0.0116635,0.00572217,0.0251627,0.00580634,0.0113116
0.0134655,0.0085443,0.00944556,0.0297192,0.00747878,0.0103013
0.0158079,0.0109702,0.0123665,0.04582,0.0125406,0.00931091
0.0201887,0.0133107,0.00555988,0.0264054,0.00773789,0.00812092
0.048211,0.0298751,0.0288341,0.151603,0.0381609,0.0578546
0.0158002,0.0105313,0.0104632,0.0533332,0.0145887,0.0121506
0.0465596,0.0274655,0.0271868,0.135809,0.0383441,0.0367546
0.0366256,0.0247327,0.0150635,0.0608737,0.016269,0.0136793
0.0259539,0.0166895,0.0158027,0.0678334,0.0176565,0.0117895
0.01312,0.00935854,0.00821958,0.0217593,0.00608942,0.0196667
0.00567189,0.00422527,0.00282889,0.0165136,0.00427056,0.00228289
0.0246597,0.0160594,0.00667038,0.0386502,0.0113438,0.0243807
0.0187417,0.0128963,0.00544079,0.0246074,0.00550414,0.0215271
0.0393097,0.0240478,0.0179549,0.0916936,0.0240298,0.028701
0.0370494,0.0233513,0.0205921,0.103648,0.0252298,0.0285763
0.00631485,0.00464692,0.00292997,0.0142567,0.00507874,0.00352074
0.0135562,0.00917099,0.00466948,0.0167075,0.00443058,0.00326943
0.0224536,0.014784,0.00738706,0.030856,0.00865382,0.0037735
0.00888792,0.00621751,0.00298463,0.0211919,0.00519022,0.00286461
0.0602802,0.0339788,0.0213432,0.116062,0.0286377,0.0329121
0.0240212,0.0159103,0.00753077,0.0371931,0.011222,0.00912946
0.0386314,0.0218958,0.0228994,0.0859428,0.0234537,0.0462012
0.0152999,0.0103997,0.0066201,0.0258718,0.00597217,0.0096626
0.0273979,0.018331,0.00944611,0.0363548,0.0103355,0.00834537
0.0232208,0.0148578,0.00938567,0.0340311,0.00833593,0.0214389
0.0135112,0.00968802,0.00501667,0.0366773,0.0119597,0.0116159
0.014307,0.00931174,0.00375709,0.0274912,0.00741816,0.00431642
0.00732264,0.00519094,0.0048764,0.016304,0.00467246,0.00458483
0.0208463,0.00899071,0.00820817,0.0240861,0.00661153,0.00731087
0.0257015,0.0127484,0.00929761,0.0303383,0.00754657,0.00716244
0.024687,0.0162074,0.0123264,0.0517877,0.0149356,0.0195856
0.0199261,0.0132222,0.00649232,0.0424842,0.0146512,0.00927263
0.00507971,0.00379709,0.0016883,0.023292,0.00683396,0.0128267
0.00911609,0.00648534,0.00196229,0.0144649,0.00503029,0.00469513
0.0586559,0.0300664,0.0269366,0.0835548,0.0195063,0.0267884
0.0236579,0.016296,0.0105822,0.055899,0.0150973,0.00968386
0.00612104,0.00437496,0.00363216,0.0159739,0.00407848,0.00235511
0.0387323,0.0239041,0.0242956,0.0864907,0.0239617,0.0404215
0.0126518,0.00874779,0.00479552,0.0242139,0.00550381,0.0110958
0.0180873,0.0127252,0.00655714,0.0185281,0.00694703,0.00516593
0.00795605,0.00562836,0.00259436,0.0153226,0.00569758,0.0134807
0.0158449,0.0111015,0.00455776,0.0242876,0.00617272,0.00441644
0.036484,0.0224237,0.0237193,0.0690852,0.0179411,0.0213421
0.016398,0.0112575,0.006455,0.0494643,0.0140076,0.0150756
0.0205781,0.0139558,0.0060961,0.0361734,0.00960461,0.00406979
0.0218414,0.0148467,0.011456,0.0387572,0.0102562,0.0129282
0.0237933,0.0165089,0.00693406,0.0468495,0.011616,0.00973896
0.0221213,0.0150017,0.0141103,0.0501685,0.0130534,0.00799657
0.00442867,0.00344277,0.00262389,0.0169144,0.00360841,0.00236688
0.00511059,0.00344986,0.0015204,0.0189767,0.00491394,0.0033536
0.0134033,0.00914856,0.0048259,0.0325548,0.00785584,0.00374978
0.00809862,0.00605071,0.00431916,0.0169566,0.00355561,0.00361635
0.0117534,0.00774404,0.00380956,0.0284841,0.00642906,0.00773777
0.0124605,0.00901439,0.00990105,0.0506631,0.0137699,0.00727267
0.00783802,0.00533677,0.00195655,0.0136156,0.00380944,0.00333031
0.0209972,0.0144496,0.00885299,0.0386699,0.0101227,0.0125061
0.0043149,0.00307176,0.00328992,0.0149266,0.00449051,0.00226433
0.00950866,0.00674745,0.00412654,0.0177327,0.00589272,0.00458795
0.0296551,0.0191392,0.0117876,0.055508,0.0137406,0.00753266
0.0166813,0.011171,0.00685974,0.0286222,0.00597764,0.00627159
0.024616,0.016647,0.0122002,0.0642003,0.0167531,0.0293881
0.0644096,0.0343498,0.0282774,0.093727,0.025228,0.0295022
0.0284317,0.0182173,0.0129242,0.094687,0.0230212,0.0324973
0.017445,0.0120343,0.0106813,0.0116677,0.0027782,0.00660391
0.0145981,0.00749874,0.00471209,0.0309964,0.00908807,0.00673473
0.0163082,0.00762466,0.00503894,0.0332192,0.00890586,0.0070678
0.00705471,0.00376899,0.00199899,0.0126338,0.0031747,0.00364356
0.0143533,0.00966965,0.00343202,0.0207836,0.00443434,0.00468251
0.028205,0.0193375,0.0116261,0.0183733,0.00461512,0.0151176
0.00752116,0.00478342,0.00587479,0.0262731,0.0072644,0.0081233
0.00972126,0.00627792,0.00440489,0.0208461,0.00602475,0.00477206
0.00724544,0.005127,0.00393378,0.0135448,0.00306625,0.00429424
0.019237,0.0131804,0.00701657,0.0208154,0.00530794,0.0120271
0.0704426,0.0330974,0.128633,0.473728,0.12156,0.190058
0.0249633,0.0164125,0.00857359,0.0302366,0.00787791,0.00599833
0.0264028,0.0177562,0.0102358,0.0361503,0.00904501,0.00688512
0.0138818,0.00936074,0.0222441,0.0379037,0.0118861,0.0250166
0.00415036,0.00323035,0.00181271,0.0118328,0.00329989,0.00305395
0.0227144,0.0158195,0.00825169,0.0494444,0.0140219,0.00950937
0.0262228,0.0168209,0.0066844,0.0315008,0.00810951,0.0162749
0.0067445,0.00459812,0.00178144,0.0129338,0.00373739,0.00497546
0.032144,0.0217787,0.00996428,0.0476389,0.0118767,0.0134757
0.0414522,0.0254356,0.0203562,0.119524,0.0305115,0.0493757
0.0153763,0.010503,0.0114036,0.0423244,0.0117002,0.0102597
0.0110096,0.00780183,0.0060636,0.0409386,0.0125661,0.0254441
0.0100855,0.0070708,0.00402112,0.00749854,0.00213572,0.00278392
0.0192919,0.0135333,0.00648409,0.0232415,0.005226,0.00751572
0.00693473,0.00495726,0.00669525,0.0204155,0.00530457,0.00625731
0.0477439,0.0293936,0.0269204,0.128274,0.0326357,0.0279716
0.0206544,0.0134432,0.00495044,0.0307143,0.0108953,0.0161047
0.0107902,0.00729418,0.00381478,0.0191315,0.0050536,0.00201122
0.00978986,0.00666687,0.00255978,0.0244825,0.00648931,0.00865527
0.0319724,0.0191252,0.0385425,0.139077,0.035128,0.0277882
0.0287191,0.0185409,0.0173113,0.0408422,0.00996501,0.0165145
0.0354334,0.0229771,0.00952057,0.00978544,0.00227385,0.0208303
0.0080681,0.00571015,0.00243193,0.0113808,0.00390095,0.00346117
0.0115956,0.0080719,0.00450587,0.0183833,0.00431432,0.003949
0.00827026,0.00576836,0.0051876,0.0231611,0.00569653,0.00928199
0.0173891,0.0113866,0.00726648,0.0282752,0.00667509,0.0151144
0.0125938,0.00920845,0.00498326,0.0221607,0.0055152,0.00230688
0.018602,0.0124311,0.0230596,0.10845,0.0296224,0.0302774
0.00724651,0.00374032,0.00443589,0.0196841,0.00404894,0.00445304
0.00796425,0.00371548,0.00463912,0.0188063,0.00274891,0.00331703
0.0098551,0.00690241,0.00409874,0.017183,0.00436347,0.00811211
0.0165002,0.0113766,0.0151469,0.098294,0.0257256,0.0381933
0.0116741,0.0082184,0.00412578,0.0264421,0.00563978,0.00448317
0.0177655,0.0122517,0.00541258,0.0371579,0.00933591,0.00504705
0.0244848,0.0160972,0.0093706,0.036728,0.00816948,0.00822008
0.00758373,0.00489789,0.00226801,0.0140313,0.00271504,0.00351838
0.0168815,0.0116543,0.00759328,0.0331453,0.00746031,0.00949887
0.0313245,0.0207454,0.0122656,0.0393131,0.0107661,0.0151935
0.018263,0.0121094,0.00795257,0.0396618,0.0110189,0.0051091
0.0132193,0.00911439,0.00389501,0.0237254,0.00703115,0.00930782
0.0139727,0.00963918,0.0221906,0.081104,0.02347,0.0507104
0.0178245,0.012437,0.00766055,0.0277829,0.00997019,0.00681872
0.0750423,0.0276187,0.0365514,0.182654,0.0566053,0.0722068
0.0752222,0.0301742,0.0490262,0.210497,0.0545075,0.0652382
0.0142217,0.00948725,0.00309109,0.0277118,0.00756517,0.0186265
0.0155925,0.0102115,0.00427994,0.0291887,0.00804802,0.00472091
0.00941276,0.00632407,0.00199928,0.0193723,0.00631159,0.00978814
0.00667117,0.00448373,0.00197641,0.0226517,0.00715951,0.00243016
0.0110866,0.00778141,0.00582855,0.0295475,0.00692214,0.00738048
0.0143429,0.0100602,0.0121715,0.0382845,0.00919678,0.0113587
0.0131627,0.00915547,0.00589253,0.0299848,0.00800525,0.0010731
0.00933854,0.00623553,0.0115964,0.0265587,0.00816842,0.00937073
0.00871,0.0059794,0.00186376,0.0234523,0.00553597,0.00508735
0.0111058,0.00763252,0.00831512,0.0349288,0.00816986,0.0178653
0.0182017,0.0125505,0.00999447,0.0473673,0.0134539,0.0113889
0.0149605,0.00969892,0.00851331,0.0522965,0.0124388,0.0124231
0.0249141,0.0168476,0.0092432,0.028623,0.00949947,0.0259242
0.0065878,0.0041932,0.00205461,0.0152199,0.00639795,0.00880128
0.0175201,0.0113378,0.00738871,0.0379825,0.0106579,0.0260335
0.0132303,0.00882928,0.00349732,0.0216244,0.00598546,0.00801354
0.0117061,0.00820014,0.00344263,0.00691068,0.000796101,0.00340553
0.0330983,0.0185702,0.0184298,0.108331,0.0273533,0.0343163
0.0223063,0.0149821,0.00674126,0.0325843,0.00835567,0.00933036
0.0190609,0.0124735,0.00591643,0.0417654,0.00897795,0.0170102
0.029193,0.0190466,0.0128928,0.08328,0.0197066,0.0121589
0.0301536,0.0204827,0.0113432,0.0470258,0.0121472,0.0209548
0.0109438,0.00707401,0.00341759,0.0236002,0.00556036,0.00341915
0.0138348,0.00585356,0.00492434,0.0206915,0.00612758,0.00953159
0.0139909,0.00604112,0.00469899,0.0225196,0.00488926,0.00790835
0.0147927,0.0101599,0.0063324,0.0263936,0.00796836,0.0039959
0.0102085,0.00710621,0.0172397,0.0546034,0.0125728,0.0189292
0.00907358,0.00640385,0.00404972,0.0210569,0.00540454,0.0025513
0.0253255,0.0164872,0.0195515,0.0734268,0.0219569,0.0296699
0.0238055,0.014663,0.0108195,0.0355894,0.00962893,0.0154927
0.0104887,0.00719206,0.00587782,0.0229247,0.0067068,0.00726131
0.00740359,0.00518927,0.00242785,0.0100562,0.00329985,0.00372634
0.00606381,0.00460514,0.00290412,0.0112524,0.00282774,0.00171696
0.0352177,0.0211521,0.015336,0.059828,0.01467,0.0185296
0.00919218,0.00632359,0.00313612,0.0160044,0.00328825,0.00297077
0.0118117,0.00779672,0.00422189,0.0193499,0.00402333,0.00420077
0.0795266,0.0359962,0.0294533,0.159869,0.0398053,0.0329671
0.0710397,0.0358385,0.0270668,0.130617,0.0298339,0.0265974
0.0092367,0.00633705,0.0119525,0.0596799,0.0159191,0.0137897
0.027748,0.0187285,0.00764533,0.0235441,0.00570174,0.0112564
0.0217095,0.0138976,0.00696965,0.0365479,0.0107654,0.00889462
0.00768134,0.00515591,0.00354862,0.0195361,0.00402997,0.00182796
0.0207534,0.0134058,0.00722327,0.0340159,0.00852102,0.00337198
0.0179398,0.0118764,0.0115447,0.0786384,0.0203892,0.0342929
0.00612626,0.00407556,0.00223128,0.0230903,0.00462713,0.00277027
0.0472659,0.0296947,0.0211426,0.0966725,0.0215367,0.0355332
0.0304645,0.018838,0.0085836,0.0519283,0.0128088,0.0104394
0.0091665,0.00648551,0.00522983,0.0543265,0.0127582,0.0134726
0.0206702,0.0143199,0.0163235,0.0411784,0.00926534,0.0240927
0.0183872,0.0123169,0.00680328,0.0307249,0.00922626,0.0106009
0.0070515,0.00498249,0.00254261,0.0181564,0.00403059,0.00578755
0.00840249,0.00569811,0.00620458,0.0437549,0.00945864,0.00506836
0.00586204,0.00392948,0.00342746,0.0183177,0.00622537,0.00492683
0.0185504,0.00841274,0.013497,0.042348,0.0121759,0.00800169
0.0235704,0.0134704,0.0123342,0.0446059,0.0114532,0.00673096
0.0111576,0.00722693,0.00517409,0.0175974,0.00542174,0.0083633
0.0292906,0.0191191,0.0101052,0.0563293,0.012209,0.0172511
0.0183559,0.0124414,0.0107931,0.0717296,0.0197263,0.0347779
0.0118535,0.00681721,0.00491312,0.0255076,0.00775246,0.0100662
0.0124277,0.00477659,0.00523419,0.0205109,0.00483386,0.00796837
0.00589577,0.00400027,0.00330511,0.00712298,0.00355199,0.00415577
0.00515361,0.00372003,0.00272304,0.0107398,0.00152417,0.00481211
0.0183341,0.0125788,0.00414877,0.0255251,0.00610554,0.00437314
0.0217068,0.0146853,0.0105552,0.0388071,0.0100529,0.00461961
0.00706447,0.00487777,0.00289194,0.0121783,0.00441394,0.00316573
0.0122069,0.00842011,0.00962886,0.0853219,0.02103,0.0202268
0.0239863,0.0146135,0.0173764,0.0566544,0.0154884,0.0213447
0.0384673,0.0241171,0.019188,0.104296,0.0236247,0.0368811
0.0106318,0.00746416,0.00314226,0.0154618,0.00488697,0.00966997
0.0121619,0.00808172,0.00677569,0.0403361,0.00996152,0.00764502
0.0216279,0.0139635,0.0195632,0.128987,0.0352749,0.027609
0.0124203,0.00872176,0.00413233,0.0206643,0.00561828,0.00478385
0.030394,0.0201024,0.0103378,0.0399311,0.00969339,0.0092966
0.00415616,0.00297456,0.00281793,0.00519815,0.000895717,0.00189707
0.0132218,0.00865564,0.0106885,0.0379512,0.0107598,0.0224054
0.0352266,0.0228714,0.0107751,0.0392542,0.0108011,0.00834109
0.0207536,0.0136813,0.00601928,0.0285971,0.00503225,0.00239892
0.00523467,0.00390683,0.00298544,0.016249,0.003092,0.000678544
0.0245711,0.0162812,0.00993069,0.0405661,0.0128722,0.0374773
0.0266039,0.0175803,0.0191646,0.0860226,0.0231762,0.0442946
0.0396153,0.0239904,0.0335079,0.123081,0.0309808,0.0238956
0.00906441,0.0062377,0.00656023,0.0459771,0.0129602,0.00809803
0.0404556,0.0255288,0.0159255,0.0868618,0.0240529,0.0391145
0.0194068,0.0125436,0.00617936,0.0396524,0.0124078,0.0049687
0.0247518,0.0163286,0.0105797,0.0132223,0.00291488,0.0037808
0.00418832,0.00330382,0.00423021,0.0126126,0.00482219,0.00188154
0.0278241,0.0177678,0.00969045,0.0356479,0.0106612,0.00600853
0.00970398,0.00623987,0.00327095,0.0480419,0.0113472,0.0172163
0.00525392,0.00372283,0.0028915,0.0159983,0.00407631,0.00330243
0.0151699,0.00998792,0.00698473,0.0257414,0.00741664,0.0082524
0.0140755,0.00921062,0.00586215,0.0225486,0.00678889,0.00379506
0.00659935,0.00459604,0.00277829,0.0220409,0.00715904,0.00548424
0.00471544,0.00332153,0.00418019,0.0186791,0.00548856,0.00341006
0.00904089,0.00617575,0.00298836,0.0148076,0.00496421,0.000836604
0.00626626,0.00450403,0.00268462,0.0181,0.00477024,0.00261178
0.0111716,0.00784769,0.0053186,0.0186169,0.00556552,0.00696464
0.0127196,0.00861404,0.00373286,0.0257611,0.00707682,0.00507962
0.0252556,0.0169801,0.0137678,0.057176,0.0135586,0.0148074
0.021428,0.0143741,0.00692943,0.027347,0.00734704,0.011844
0.0327301,0.0214197,0.0115889,0.0401647,0.0130162,0.0292104
0.0167324,0.0108813,0.00778947,0.0335101,0.00803118,0.010632
0.0179016,0.00841598,0.00638149,0.0357761,0.0113696,0.0132737
0.0182652,0.00851305,0.00658346,0.0376846,0.0107176,0.0119681
0.00820166,0.00553215,0.010941,0.0215783,0.00667219,0.0032632
0.0133913,0.00950435,0.00321818,0.0194318,0.0059501,0.00590033
0.0129,0.00861296,0.00363836,0.0173425,0.00404205,0.00714132
0.00767101,0.00507123,0.00309589,0.00950558,0.00290625,0.00955586
0.00734805,0.00503256,0.00224161,0.0162677,0.00398177,0.00207155
0.00504838,0.00338879,0.00212404,0.0149691,0.00374662,0.00332421
0.00629199,0.00452291,0.00494768,0.0120146,0.00347934,0.00419255
0.0165542,0.0110164,0.00587525,0.0217028,0.00573633,0.00818432
0.0099385,0.00713279,0.00400913,0.0229989,0.00501338,0.00267742
0.0182802,0.0126124,0.00543824,0.0349673,0.00971301,0.00554902
0.0233418,0.0152968,0.0122621,0.0453266,0.00975026,0.00617013
0.013901,0.00940496,0.00575716,0.0340915,0.00875671,0.00764974
0.0227715,0.0150563,0.00726485,0.0250514,0.0065882,0.00596261
0.0108479,0.00726662,0.0109741,0.0642749,0.0185471,0.0107202
0.0203336,0.013765,0.00582567,0.021543,0.00430333,0.00413823
0.0120254,0.00794269,0.0270103,0.0800289,0.0190522,0.01739
0.0578392,0.0348778,0.0217322,0.087041,0.0229039,0.0132622
0.0175936,0.0124221,0.0107732,0.0270358,0.00803851,0.00452924
0.00868889,0.00581666,0.00297052,0.0104197,0.00294483,0.00123669
0.00549834,0.00335972,0.00394918,-0.00679981,-0.000246538,0.00600758
0.026678,0.0157522,0.00923453,0.0466827,0.0113608,0.0145779
0.0143782,0.0101372,0.00411821,0.0223919,0.00611337,0.0110643
0.0170731,0.0116477,0.00545193,0.0270328,0.00919848,0.006097
0.028301,0.0218542,0.0150091,0.0951538,0.0273513,0.0187184
0.0401288,0.0235382,0.0184757,0.0986878,0.0264487,0.0177015
0.0278656,0.0188553,0.0243354,0.108522,0.0297444,0.0742941
0.00654657,0.00429018,0.00300703,0.00484975,0.00232379,0.00269532
0.0224085,0.0151016,0.00608184,0.0368404,0.00945724,0.0145994
0.0254699,0.0158513,0.0363686,0.10778,0.0269363,0.0490409
0.00524928,0.00364698,0.00402135,0.0107733,0.00414471,0.00435644
0.0649167,0.0366783,0.036995,0.119424,0.0311664,0.0186855
0.0262144,0.0172251,0.0324029,0.173312,0.0425303,0.0371231
0.00550523,0.00372769,0.00302158,0.0175008,0.00472864,0.00391701
0.0436552,0.0186837,0.0201445,0.103207,0.0286222,0.01484
0.00709821,0.00461642,0.00362197,0.0232638,0.0064704,0.00932218
0.00580277,0.00426697,0.00241764,0.0197236,0.00479172,0.00153934
0.0182933,0.0123426,0.00755043,0.0338464,0.00664645,0.0183074
0.0183783,0.0123338,0.00669687,0.00622991,0.00157953,0.00670098
0.0501011,0.0256332,0.0346245,0.164573,0.042583,0.0583902
0.00527236,0.00411385,0.00267109,0.00653075,0.00136,0.00396871
0.0054441,0.00361015,0.00272359,0.0127193,0.00365382,0.00134282
0.0234851,0.0150689,0.00964402,0.0472652,0.0118791,0.0220822
0.0230684,0.0151113,0.00450658,0.0454686,0.0112862,0.00480585
0.0417844,0.0152968,0.0146427,0.0507979,0.0142949,0.0232398
0.0437391,0.0160893,0.0149356,0.0496341,0.0111707,0.0223724
0.0232783,0.0147665,0.00941657,0.0597673,0.0172463,0.0261086
0.00836705,0.00595529,0.00326611,0.0190349,0.00590516,0.0113123
0.045948,0.0261622,0.0325957,0.137252,0.0310529,0.044352
0.0313612,0.0206234,0.023557,0.0707156,0.017373,0.0303677
0.0144901,0.00997247,0.00492817,0.0239145,0.00433022,0.0172995
0.0160553,0.0109504,0.00586714,0.0287087,0.00803949,0.00667578
0.00856768,0.00580873,0.00163151,0.019361,0.00519193,0.00195582
0.00797287,0.00559871,0.00398485,0.0287784,0.00760952,0.0104366
0.0508479,0.0307019,0.0209379,0.0866963,0.0212331,0.0213398
0.0380749,0.0150118,0.0244957,0.0952387,0.0253103,0.0191683
0.0402857,0.0169751,0.0221407,0.0645129,0.0143901,0.0133455
0.0228611,0.0149792,0.00806488,0.0624017,0.0165492,0.0126944
0.0183491,0.00998973,0.00594179,0.0499834,0.0141146,0.00956245
0.0177141,0.0123475,0.00789413,0.0302846,0.00720925,0.01727
0.0103932,0.00680442,0.00306065,0.02712,0.00816858,0.00161252
0.0398849,0.0258883,0.0105878,0.055241,0.0147036,0.0132021
0.00471805,0.00333909,0.00277005,0.00770781,0.00297031,0.00267049
0.0116969,0.00804008,0.0055692,0.00230853,0.00111226,0.00566155
0.0348777,0.0229422,0.0111122,0.0491376,0.0125051,0.0110928
0.0106545,0.00720874,0.00404216,0.0211616,0.00630938,0.00974353
0.0283712,0.0184064,0.0157844,0.0533565,0.0149896,0.0211612
0.0176874,0.0115034,0.00900654,0.0664807,0.017984,0.0236046
0.0267316,0.0178274,0.00884288,0.0360006,0.0105326,0.00454346
0.0126034,0.00870912,0.00436527,0.0171733,0.00535879,0.00489023
0.0205522,0.0137693,0.00468622,0.0261056,0.0067116,0.00808324
0.0112063,0.00725206,0.00519683,0.0146464,0.00413642,0.00521205
0.00542567,0.00356591,0.00297002,0.0319703,0.0066393,0.0113104
0.0115773,0.00787768,0.0043609,0.0179698,0.00462088,0.00261877
0.00836773,0.00585153,0.00316092,0.0117509,0.00261868,0.00237922
0.0169042,0.0112523,0.00384136,0.0329635,0.00748421,0.00278405
0.0178379,0.0119969,0.00588109,0.0207786,0.00636433,0.00650438
0.0281861,0.0186418,0.00760422,0.0546572,0.0158778,0.00605551
0.0112388,0.00762741,0.00466473,0.0150093,0.0036135,0.0065189
0.00792156,0.00541627,0.00484535,0.0143827,0.00424483,0.00513777
0.029662,0.0195635,0.0152623,0.0761164,0.0207504,0.0262645
0.0219099,0.0109509,0.0166621,0.091822,0.0210573,0.0364304
0.0197107,0.0083598,0.0126067,0.0544967,0.0095901,0.0190612
0.0124761,0.00757953,0.0033164,0.0170509,0.00591805,0.00795421
0.0231265,0.0145312,0.00637264,0.00423843,0.00260301,0.015171
0.0144523,0.00997568,0.00372812,0.0291827,0.00695398,0.00440901
0.0233912,0.00990658,0.00918325,0.0688239,0.0184015,0.0159246
0.0250194,0.00984674,0.00917408,0.0699773,0.0173208,0.016622
0.00945542,0.00660375,0.00151014,0.0181904,0.00445449,0.0040339
0.0340821,0.0226432,0.010163,0.0453933,0.0118669,0.0115187
0.00926548,0.00628765,0.00615245,0.0387353,0.0102969,0.00878995
0.0172051,0.0102965,0.00644452,0.0311492,0.00785088,0.00560614
0.00764332,0.0052354,0.00335421,0.0134365,0.00325342,0.00337887
0.0106681,0.00683646,0.00322208,0.0112444,0.00372712,0.00812224
0.00647696,0.00433777,0.00284586,0.0164804,0.00404519,0.00262203
0.00796247,0.00561702,0.00312246,0.0125728,0.00403218,0.00269826
0.0213336,0.0147867,0.00888044,0.0513898,0.0164634,0.00688346
0.007312,0.00506973,0.00322988,0.031604,0.00912046,0.0302219
0.019065,0.0116324,0.0464202,0.174277,0.0456461,0.0464254
0.0137086,0.00715418,0.0113153,0.0469587,0.00819396,0.00774068
0.0166456,0.0111233,0.00731506,0.05261,0.0133582,0.0252402
0.0295574,0.0190593,0.0148822,0.0639849,0.0170991,0.0236038
0.0065268,0.00428113,0.00326169,0.0161576,0.00439437,0.00244967
0.0124737,0.00862044,0.00478444,0.00945294,0.000394019,0.00830982
0.00787136,0.00563486,0.00359659,0.0158976,0.00490871,0.00719644
0.0121209,0.00827997,0.00599982,0.0241426,0.00740934,0.00804709
0.00954846,0.00662135,0.00439494,0.0294364,0.00748784,0.00999882
0.0402249,0.0255346,0.0261223,0.129894,0.0335492,0.0765605
0.0339203,0.0217692,0.0288194,0.150343,0.0388004,0.0579226
0.029815,0.0198033,0.0151141,0.0543186,0.0133299,0.0421098
0.013486,0.0089681,0.00451481,0.0354804,0.0121604,0.00597396
0.0132047,0.00882298,0.007279,0.0399642,0.0113239,0.0201993
0.00535004,0.00376759,0.00384056,0.0178022,0.00416913,0.00497048
0.0105141,0.00729161,0.00286226,0.0227934,0.00525093,0.00180098
0.0115848,0.00800227,0.00403422,0.02523,0.00433833,0.00636108
0.00681643,0.00475315,0.00145805,0.0209838,0.00835261,0.0164156
0.0178699,0.0124396,0.0053925,0.021426,0.00462787,0.00260111
0.0291226,0.019378,0.0101642,0.0469751,0.0130373,0.0109046
0.0111283,0.00766502,0.00371075,0.0159387,0.00590545,0.010866
0.0108222,0.00743299,0.00433527,0.0160866,0.00437755,0.0182475
0.041844,0.0261447,0.0190988,0.0570428,0.0167351,0.0335792
0.0205615,0.0137062,0.00958359,0.0643664,0.0176684,0.0245141
0.00784653,0.00520423,0.00316171,0.0287736,0.00621803,0.00495752
0.0173726,0.0119895,0.00623462,0.0342021,0.00980922,0.00655057
0.021708,0.0138318,0.0179297,0.0844195,0.0194261,0.025095
0.0171045,0.00732682,0.0069598,0.030062,0.00804169,0.00829283
0.0161151,0.00726249,0.00645288,0.0230287,0.00493655,0.00647308
0.0168803,0.0115301,0.00878028,0.0250498,0.00615648,0.00650683
0.0265131,0.0172889,0.00655424,0.0661911,0.0166257,0.0254968
0.0295491,0.01932,0.0215049,0.0756535,0.0189485,0.0162018
0.00673336,0.00467216,0.00217213,0.0130815,0.0046794,0.0026699
0.011358,0.0078241,0.00746101,0.0510429,0.0130704,0.00540819
0.0248248,0.0164187,0.00857326,0.0392519,0.0113324,0.00764449
0.0628501,0.0330201,0.0279986,0.120367,0.0304436,0.0445082
0.00654908,0.00439473,0.00171992,0.0172308,0.00474776,0.00258242
0.0161323,0.0107119,0.00409661,0.0282469,0.00775348,0.00567011
0.0105679,0.00512908,0.00413814,0.0292105,0.00827978,0.00708891
0.0212009,0.012964,0.00805935,0.0483742,0.012687,0.0163764
0.0300303,0.0199178,0.0089641,0.0430746,0.0124609,0.0115542
0.00844691,0.00593273,0.00347476,0.0119687,0.00364844,0.00835631
0.0105122,0.00719981,0.0039906,0.015525,0.00319395,0.00611691
0.0426012,0.0285772,0.0175204,0.0744729,0.0199942,0.0246689
0.0119803,0.00830366,0.00664417,0.022489,0.00745755,0.00703253
0.0353745,0.0198225,0.0102717,0.0553917,0.0148146,0.0120521
0.0178176,0.0117646,0.00550079,0.0260629,0.00670533,0.0104139
0.00573042,0.00408375,0.00227202,0.0275165,0.00798316,0.00245757
0.00823467,0.00531039,0.00405741,0.0129703,0.00300029,0.00522241
0.0229342,0.0151128,0.00803195,0.0322122,0.0105143,0.0094291
0.00471398,0.00340812,0.00271198,0.0126637,0.00347077,0.00501419
0.00848082,0.00539748,0.00273564,0.0425969,0.0109872,0.0300997
0.0191491,0.0131343,0.025863,0.100969,0.0251855,0.0267216
0.0244319,0.0108065,0.00918853,0.0508088,0.0132261,0.0262138
0.0239327,0.0108855,0.00892595,0.0472826,0.0100559,0.0257235
0.00909262,0.00637216,0.00167419,0.0152496,0.00488037,0.00712079
0.0572915,0.0338643,0.0185568,0.0872579,0.0233237,0.0362081
0.0126693,0.00847688,0.00636147,0.0551847,0.0138833,0.022047
0.00645759,0.00447218,0.00359355,0.0120129,0.00406139,0.00964359
0.0309627,0.0198461,0.00839889,0.0474207,0.0111444,0.0158491
0.0107616,0.00715458,0.00390463,0.0295996,0.00744775,0.00249941
0.0456571,0.0296614,0.0274987,0.104613,0.0274886,0.0266586
0.0192727,0.0130699,0.0108266,0.0600745,0.0156594,0.0103295
0.0162565,0.0106199,0.00416795,0.0258721,0.00738039,0.00398517
0.0658231,0.041999,0.0261689,0.126883,0.0331363,0.0388313
0.00814177,0.00561371,0.00339789,0.0381416,0.00987444,0.0178315
0.0140832,0.00915441,0.00572281,0.0229265,0.00588752,0.00708466
0.0178552,0.011777,0.00658019,0.0282075,0.00888323,0.00536046
0.0258401,0.0171077,0.0178971,0.058982,0.0133174,0.0308746
0.0090869,0.00579735,0.0157668,0.0678723,0.0197478,0.040689
0.0105654,0.0073149,0.00327076,0.0181202,0.00388508,0.0104753
0.00844756,0.00596465,0.00300636,0.018023,0.00684036,0.00330981
0.019346,0.0128156,0.00677031,0.0346276,0.00857575,0.00918599
0.00815189,0.0055963,0.00163855,0.013193,0.00536527,0.00248778
0.0173621,0.012038,0.00866609,0.0308618,0.00959352,0.0178225
0.00511989,0.00391491,0.00775788,0.01915,0.00491543,0.00354805
0.0325224,0.0211842,0.0118634,0.0610438,0.0175694,0.0179695
0.00930029,0.00625133,0.00570311,0.0211981,0.00456307,0.0112269
0.00772112,0.00521369,0.00186495,0.0285134,0.00655286,0.00917049
0.0318809,0.020079,0.0168513,0.0884657,0.0259563,0.0393449
0.0187312,0.0121283,0.0146955,0.0905951,0.021171,0.0247316
0.00968996,0.0066928,0.00328826,0.0376415,0.0102204,0.00261392
0.00859895,0.00591146,0.00375659,0.00622896,-9.58494e-05,0.00664744
0.0227466,0.00857196,0.0199203,0.126743,0.034281,0.0180976
0.0224082,0.00865959,0.0184223,0.106629,0.0245039,0.0148719
0.0303312,0.0197926,0.0221427,0.113929,0.030859,0.0841466
0.00612201,0.00440867,0.00185701,0.0241415,0.00514255,0.00427725
0.00526814,0.00371522,0.002236,0.0159032,0.00245983,0.00101398
0.0216171,0.0148806,0.00674257,0.0320937,0.00715829,0.0101746
0.0226607,0.0145684,0.00784433,0.0393253,0.0102242,0.00717869
0.00848342,0.00582679,0.00226209,0.0245984,0.00542232,0.00474568
0.00860985,0.00607698,0.00266549,0.012033,0.00478759,0.00226322
0.0160067,0.0111693,0.00471752,0.0235216,0.00677638,0.0111926
0.0501717,0.0283574,0.0345291,0.0964985,0.0214603,0.0269674
0.00510893,0.00406536,0.00301837,0.0046415,0.000158959,0.00398334
0.0237918,0.0154246,0.0215281,0.0855532,0.0240691,0.0199794
0.0181045,0.0117476,0.00526891,0.026238,0.00662861,0.00513187
0.0125309,0.00845577,0.00531312,0.0183509,0.0049763,0.0043445
0.0194247,0.0129801,0.00786242,0.0552569,0.0125245,0.00912202
0.00880229,0.0057184,0.00416418,0.00949374,0.00373033,0.00811084
0.00518745,0.00360887,0.00320909,0.00338767,0.00083782,0.00632212
0.0293131,0.019759,0.0110753,0.0437766,0.0115336,0.00660472
0.00667622,0.00462036,0.00711315,0.0215013,0.00540871,0.00544391
0.0141658,0.00941464,0.0144147,0.0621914,0.0149007,0.028666
0.0190616,0.0133154,0.00684632,0.0229527,0.0058911,0.00335966
0.0232863,0.0156757,0.0160861,0.0612223,0.0167758,0.0148169
0.00922117,0.00614048,0.0127257,0.0708389,0.0175896,0.0167305
0.00535401,0.00333955,0.00266908,0.0159605,0.00371528,0.00226151
0.00898988,0.00609707,0.00495282,0.0146446,0.00538983,0.0013092
0.00568522,0.00391992,0.00360799,0.00922233,0.00422099,0.00137826
0.0671636,0.0333295,0.0539927,0.274676,0.0658143,0.115929
0.00594506,0.00387303,0.00348435,0.0206511,0.00509704,0.00866313
0.0107227,0.00707191,0.00370753,0.0129537,0.00383797,0.00187572
0.0118758,0.00805933,0.00248059,0.0262255,0.00823317,0.00673329
0.00679875,0.00461176,0.00129024,0.0195541,0.00323537,0.00633837
0.0474243,0.0287807,0.0737683,0.274644,0.0696677,0.109105
0.010073,0.00714569,0.0039149,0.0210185,0.00473715,0.00382906
0.0238914,0.016139,0.00937951,0.026021,0.00767964,0.00636407
0.0178341,0.0118428,0.0112761,0.061653,0.0175705,0.0266635
0.00473132,0.00338207,0.00233223,0.0131496,0.00335352,0.00563416
0.00460843,0.00346952,0.0016231,0.0161215,0.00300597,0.00350485
0.014246,0.0101687,0.00431672,0.0185993,0.00500538,0.0104109
0.0196123,0.0126982,0.0123294,0.0626372,0.0170317,0.0174009
0.0169843,0.0120025,0.00576649,0.0310565,0.00667298,0.00495886
0.00638537,0.00405364,0.00309663,0.0219845,0.00331692,0.00180838
0.00772123,0.00522401,0.00300656,0.0126611,0.00194005,0.00373632
0.0143389,0.00970117,0.00476963,0.0266939,0.00744421,0.00354878
0.0217593,0.014383,0.00569323,0.0461633,0.0114901,0.00584621
0.0101761,0.00658271,0.00418055,0.0456016,0.0109423,0.00930388
0.014461,0.00609724,0.00611043,0.0322099,0.00917008,0.0176427
0.01504,0.00607229,0.00621387,0.0356794,0.0092228,0.0191673
0.0218196,0.0141607,0.00793779,0.0349425,0.00971604,0.00453543
0.00711009,0.0046939,0.00357065,0.0123756,0.00385386,0.00285597
0.0214821,0.0144815,0.00630713,0.0185137,0.00498085,0.0132777
0.00950922,0.00654319,0.0028126,0.0200315,0.00546243,0.00438682
0.0435776,0.0285884,0.0175924,0.0890346,0.0222357,0.0626942
0.0473548,0.0285556,0.0507433,0.233765,0.0596898,0.136687
0.0210234,0.0137828,0.01064,0.0615503,0.0176495,0.022382
0.0159243,0.0107956,0.00441231,0.0405052,0.0102223,0.013649
0.00586323,0.00412955,0.00311764,0.0143824,0.00392036,0.00527777
0.00738277,0.00486436,0.00810481,0.0154196,0.00348361,0.00752013
0.0369758,0.0239712,0.0172711,0.0669413,0.0163877,0.0125507
0.012197,0.00819625,0.00215263,0.0267404,0.00626039,0.0128984
0.0121405,0.00815048,0.00437196,0.0192797,0.00349041,0.00453525
0.0167633,0.0114851,0.00793642,0.0060042,0.00118334,0.0103087
0.0278466,0.0188949,0.0094366,0.0376883,0.00827463,0.00668477
0.0194202,0.0121615,0.0307926,0.12215,0.0298797,0.0817101
0.00717594,0.0050756,0.00255843,0.0153432,0.00393366,0.00554873
0.041951,0.0256124,0.0119979,0.0606303,0.0158525,0.0224686
0.0282475,0.0178435,0.0322494,0.138926,0.0336052,0.0457204
0.0337077,0.0212903,0.0120113,0.0534585,0.0124035,0.00861453
0.0125732,0.00838843,0.00456471,0.0211973,0.00457503,0.00435225
0.0260859,0.0153569,0.0248503,0.117037,0.0311574,0.0341526
0.0206111,0.0121182,0.00845655,0.0311937,0.00782793,0.00628451
0.0169889,0.0112949,0.00948427,0.102409,0.0249889,0.0121286
0.00521903,0.00386512,0.00330722,0.0103606,0.00196141,0.00787012
0.0193067,0.0126635,0.00742596,0.0365369,0.00818697,0.00261112
0.0125698,0.00517964,0.00363903,0.0306798,0.0100041,0.0138806
0.0155685,0.00787666,0.00522219,0.0341029,0.00971419,0.0136665
0.03253,0.0214275,0.0200721,0.0512966,0.0104095,0.00954168
0.0122628,0.00820378,0.00340237,0.022685,0.00793932,0.0173991
0.0162034,0.010802,0.0056485,0.0260134,0.00581553,0.0143381
0.0252177,0.0165748,0.00744111,0.0372268,0.0101535,0.00518699
0.0131553,0.00912761,0.00644823,0.0342347,0.00815136,0.00543548
0.0255651,0.0167642,0.0125539,0.0450225,0.0136708,0.0247539
0.0264093,0.0179938,0.0115663,0.0646618,0.0180392,0.0331032
0.0166326,0.0110741,0.0066445,0.0250302,0.00683368,0.00256172
0.0161951,0.0105493,0.010479,0.0427937,0.0137931,0.0193501
0.0126939,0.00857981,0.00382352,0.0202201,0.00549047,0.00622196
0.00907322,0.00662396,0.00393566,0.0269822,0.00543436,0.00762594
0.00540678,0.00371151,0.0024105,0.0112457,0.0041245,0.00389945
0.0340303,0.0208796,0.00961545,0.055595,0.0154071,0.0285734
0.0394112,0.0255043,0.015293,0.07306,0.0172828,0.00973449
0.00618131,0.0044879,0.0022115,0.0225825,0.00486693,0.00875521
0.0242534,0.0157291,0.00695442,0.0207404,0.00592107,0.00572469
0.0436964,0.0290551,0.01857,0.0605518,0.0172479,0.0102888
0.0201013,0.013031,0.00566114,0.0510755,0.0134789,0.00890857
0.00993794,0.00669269,0.00299775,0.0225797,0.00584795,0.00302173
0.00555821,0.00415809,0.00310086,0.0238032,0.00455971,0.00573514
0.0269248,0.017878,0.00721445,0.0326336,0.00856043,0.0128651
0.0143371,0.0100894,0.00487171,0.0219654,0.00577296,0.00230211
0.029299,0.0113557,0.0194613,0.0732723,0.0207193,0.0228819
0.0294403,0.0112401,0.0194601,0.0745655,0.0205346,0.0228045
0.0202956,0.00797563,0.00554045,0.0551158,0.0140125,0.00612987
0.020448,0.00793659,0.00572434,0.0547182,0.0121448,0.00653373
0.0278662,0.0170413,0.0137567,0.0743693,0.0172553,0.0104212
0.0505592,0.0292553,0.0419496,0.177879,0.0450609,0.075021
0.0211604,0.0139227,0.00592352,0.034841,0.00695331,0.00711934
0.0146223,0.0101614,0.00507003,0.019668,0.00470436,0.00859552
0.0700482,0.0386277,0.0233612,0.123738,0.0300876,0.0561194
0.00471771,0.00336539,0.00154142,0.0105256,0.00283238,0.000977233
0.00513961,0.00389117,0.00185324,0.0175854,0.00307005,0.00848145
0.037167,0.0187003,0.0157804,0.0543296,0.014303,0.0235877
0.0344713,0.0142907,0.0136079,0.0430979,0.0116333,0.0158223
0.0122647,0.0081873,0.0119402,0.0490959,0.0136998,0.0199608
0.0114353,0.00776852,0.00475194,0.0113181,0.00382949,0.00436316
0.0131319,0.00576332,0.00676865,0.0566488,0.0128877,0.00885012
0.0176364,0.0106682,0.00603194,0.0377904,0.00755342,0.0044666
0.00566691,0.00412546,0.00262147,0.0198639,0.00537587,0.00670839
0.00419069,0.00303533,0.00228387,0.0128346,0.00291949,0.00630553
0.00481418,0.00304126,0.00129646,0.00993315,0.00407988,0.00376689
0.00538606,0.00370726,0.00340584,0.0169319,0.0043858,0.0027148
0.013776,0.0092967,0.00400714,0.0243748,0.00548712,0.0119801
0.0176184,0.011407,0.00729221,0.0344189,0.0107565,0.00812183
0.021891,0.0141961,0.00821078,0.0166585,0.00481493,0.0102158
0.0164502,0.00950495,0.0136679,0.0566748,0.0169753,0.0259514
0.0217762,0.0143339,0.00865261,0.0440823,0.0133636,0.021578
0.0121806,0.0086393,0.0142022,0.0352607,0.0101471,0.0223714
0.0531152,0.0322748,0.0351174,0.128667,0.0335233,0.06325
0.0296477,0.0188097,0.00936907,0.0493342,0.0132747,0.0222726
0.0186161,0.0124948,0.00960736,0.0494973,0.0137495,0.0156174
0.0187439,0.0128439,0.008522,0.033032,0.0105509,0.0171159
0.0380141,0.0243772,0.0100254,0.0355873,0.010536,0.00528459
0.00425067,0.00294937,0.00277059,0.0150204,0.00480511,0.00446413
0.0363078,0.0236653,0.0135912,0.0282759,0.00684571,0.00871829
0.0237877,0.0125505,0.00838107,0.0224619,0.00629451,0.0155783
0.0109249,0.00742735,0.00433169,0.0252364,0.00538157,0.00274703
0.0145053,0.00959133,0.00634631,0.0373655,0.00923151,0.00562976
0.00609807,0.00396914,0.00307226,0.0146644,0.00474621,0.00269466
0.00489722,0.00354539,0.00262555,0.0162407,0.00314945,0.00208638
0.0264722,0.0173435,0.0136076,0.0656911,0.0193334,0.020215
0.0115475,0.00769425,0.00502075,0.0211237,0.00472802,0.0104996
0.0175422,0.0122651,0.00615989,0.023339,0.0056237,0.00324829
0.00851996,0.00592348,0.00344657,0.0242609,0.007518,0.00332624
0.0159903,0.0109099,0.00494163,0.024387,0.00634328,0.0067681
0.00718953,0.0050023,0.00779669,0.0144236,0.00444178,0.00188172
0.0100669,0.00731144,0.00381599,0.0224775,0.0046629,0.0153378
0.030362,0.020378,0.0168809,0.0553842,0.0150782,0.0415618
0.012729,0.00852137,0.00383075,0.0188191,0.00352455,0.00386747
0.00603164,0.00396733,0.00759116,0.0400143,0.0100043,0.015268
0.0120385,0.00841416,0.00440319,0.0229388,0.00765726,0.00150594
0.00991325,0.00721658,0.00583832,0.0183612,0.00635676,0.0191168
0.0254823,0.0168181,0.0055061,0.0394054,0.0106861,0.00267714
0.0101531,0.00703555,0.00351198,0.0216882,0.00469407,-0.000168368
0.031161,0.0199372,0.0200559,0.0448481,0.0115133,0.0117858
0.023428,0.0161385,0.0135556,0.0341606,0.008273,0.00495159
0.00706048,0.00493319,0.00317487,0.0193769,0.00477216,0.00739393
0.0144333,0.00947224,0.00564966,0.0363402,0.00905825,0.0134336
0.00682031,0.00469647,0.00277816,0.0153342,0.0051159,0.000208005
0.0195142,0.0128091,0.00834666,0.0375716,0.0113916,0.00942106
0.0123793,0.00868371,0.00417807,0.0260973,0.00554913,0.0126429
0.0108142,0.00756945,0.00276032,0.022116,0.00493101,0.00372391
0.0216523,0.0145615,0.00895015,0.051198,0.0123848,0.0185871
0.0449476,0.0263354,0.023088,0.109636,0.02764,0.0244161
0.00861376,0.00593403,0.00316352,0.0129948,0.00412044,0.00257857
0.0295278,0.0196499,0.0126921,0.0611616,0.0168356,0.0249611
0.0166341,0.0111225,0.00516959,0.0300572,0.00901828,0.00385008
0.0189929,0.0127526,0.00616335,0.0164937,0.00604159,0.00599489
0.0283436,0.0188992,0.011365,0.0407234,0.0104687,0.0167973
0.0513707,0.0313133,0.0280313,0.135231,0.0313029,0.0217711
0.019821,0.0129846,0.00609793,0.0322423,0.00943193,0.00513494
0.0087336,0.00643457,0.00499459,0.0154353,0.00322506,0.00905889
0.0360727,0.0213039,0.0266913,0.111193,0.0280863,0.0399638
0.0124527,0.00769647,0.00538783,0.00924391,0.00236436,0.00413322
0.0108008,0.00755399,0.00316609,0.0266694,0.00607257,0.00668367
0.0145002,0.0100196,0.00721439,0.0357679,0.00929969,0.00495084
0.0360608,0.0226245,0.0125724,0.0664284,0.0177416,0.0197457
0.0231062,0.015197,0.0119534,0.0495584,0.0152733,0.00995567
0.0254176,0.0170397,0.0145526,0.0418774,0.0121474,0.00708776
0.0186283,0.0123597,0.014918,0.0226964,0.00488949,0.0212091
0.00966801,0.00645388,0.00542061,0.0311015,0.00994046,0.00553537
0.0192444,0.0126632,0.00726145,0.0375181,0.0089211,0.0161199
0.022006,0.011046,0.00791732,0.0328937,0.0105546,0.0193134
0.0197652,0.0132278,0.00675911,0.0490541,0.0124612,0.0339198
0.00868903,0.0062742,0.00322862,0.0149553,0.00321157,0.00765243
0.0141613,0.00916691,0.00414229,0.0245881,0.00547215,0.00310939
0.00891697,0.00633907,0.00331017,0.0209583,0.00557451,0.00582626
0.00712366,0.00492227,0.00322164,0.0113805,0.00216018,0.0015787
0.022213,0.0153469,0.0111136,0.0285658,0.00896799,0.00560873
0.00569846,0.00397335,0.00217729,-0.00178208,0.00159323,0.00401065
0.0230912,0.0153503,0.01433,0.0603254,0.0149289,0.0554509
0.0439702,0.0261386,0.0178305,0.0656366,0.0164402,0.0370691
0.00708442,0.00514583,0.00477715,0.017366,0.00330676,0.00495374
0.036066,0.0217597,0.015672,0.0717775,0.019612,0.0252469
0.014129,0.00917272,0.00486863,0.0224007,0.00500018,0.00995794
0.0163846,0.010931,0.0046756,0.0254488,0.00966993,0.0124724
0.0414817,0.0263418,0.020482,0.0904427,0.0252372,0.0389243
0.00805111,0.00582965,0.00309581,0.0179133,0.00548847,0.00698036
0.0206906,0.0135516,0.00460966,0.0340151,0.00811867,0.0202246
0.0264593,0.0161974,0.0523821,0.204329,0.0499732,0.055396
0.0101864,0.00703248,0.00440528,0.0286401,0.00659026,0.00749056
0.00439546,0.00309385,0.00164877,0.000842532,0.000724399,0.00719381
0.0150259,0.0104845,0.00404327,0.0191864,0.00534576,0.0144021
0.0427842,0.0188638,0.024103,0.0981074,0.0254736,0.0277647
0.0142652,0.00989008,0.0101021,0.0602391,0.0166697,0.0124905
0.0288446,0.0183897,0.0151511,0.0676993,0.0178591,0.0193798
0.0366273,0.0239994,0.0115287,0.0533528,0.0142801,0.0320654
0.0119626,0.00801706,0.00401939,0.0154199,0.0064752,0.00187972
0.0139221,0.00954241,0.00301463,0.0222708,0.00666468,0.00842311
0.0189715,0.0126906,0.00491222,0.0339115,0.00815108,0.00709887
0.00594457,0.00414957,0.00168631,0.0152392,0.00442545,0.0084713
0.0185359,0.0122994,0.0100656,0.0376241,0.00699745,0.0136295
0.014296,0.00947721,0.00642778,0.026642,0.00612625,0.00725238
0.00781739,0.00554112,0.00176355,0.0160279,0.00379405,0.00287753
0.0153137,0.011258,0.0116778,0.0381067,0.0122074,0.00665248
0.00807569,0.00579556,0.00362805,0.0182887,0.00578905,0.000804775
0.0107931,0.0072665,0.00427307,0.0018593,-0.000125802,0.0010856
0.0607774,0.0265059,0.0198238,0.0860469,0.0217219,0.0188923
0.0438658,0.0264674,0.0139099,0.0623408,0.0120593,0.0120809
0.0198304,0.0116709,0.00751784,0.0376659,0.0106842,0.0138653
0.0329,0.0147061,0.01154,0.0558257,0.0156625,0.0173986
0.0229916,0.010109,0.0078949,0.0387948,0.00854697,0.00967091
0.0144209,0.00988139,0.00656971,0.00503301,0.000140869,0.00259036
0.0136551,0.00931232,0.00551091,0.021562,0.00544664,0.0119965
0.0181552,0.0118952,0.00953426,0.0430441,0.0133834,0.0136894
0.00771201,0.00530164,0.00629863,0.0364741,0.0105016,0.00848153
0.0210371,0.0141201,0.0130042,0.0703667,0.0171203,0.0226658
0.00670897,0.00460296,0.00676575,0.049689,0.011582,0.00735315
0.0123937,0.00793709,0.00356669,0.01615,0.00515327,0.00471967
0.0175161,0.0118924,0.00482016,0.0434003,0.00910217,0.0134042
0.0196327,0.013008,0.00777163,0.0389386,0.00989737,0.0149769
0.0419974,0.0242019,0.0110558,0.0977719,0.0252926,0.0256895
0.0226999,0.00879034,0.00528362,0.0425837,0.00913748,0.00748182
0.0411642,0.026089,0.0167495,0.0389444,0.0110673,0.00818801
0.00513734,0.00361517,0.00571735,0.0156204,0.00417244,0.00348055
0.00968825,0.00641005,0.00361088,0.0147087,0.00421727,0.00754667
0.013507,0.00869688,0.00533506,0.0250611,0.00590238,0.00712703
0.0250263,0.0163378,0.0202134,0.067459,0.0182135,0.0267031
0.0175641,0.0112481,0.00487691,0.0440098,0.0109731,0.0101006
0.0261735,0.017237,0.0179124,0.0781842,0.0229769,0.0297879
0.0221292,0.0112003,0.0082808,0.01989,0.00387851,0.0156739
0.0284629,0.0189167,0.0078135,0.0519258,0.0113949,0.0127881
0.0159919,0.0111662,0.00675496,0.0317053,0.00755662,0.00663413
0.0439593,0.0240012,0.0265183,0.130129,0.032663,0.0468548
0.0108285,0.00761156,0.00439389,0.0181148,0.00481764,0.00505931
0.0161238,0.0107455,0.0154608,0.0814591,0.0165166,0.0220175
0.034153,0.02134,0.0262467,0.0938393,0.0226776,0.0199226
0.0147846,0.0100742,0.00536021,0.0256266,0.00583766,0.0147136
0.00747281,0.00494899,0.00429136,0.0178744,0.00419897,0.00908739
0.0187146,0.0125506,0.00958516,0.0310877,0.0060067,0.018746
0.0123832,0.00821423,0.00877218,0.033216,0.00717552,0.00485344
0.0192945,0.0126172,0.00804721,0.0359638,0.010628,0.0186187
0.0237911,0.0153771,0.0172371,0.0707847,0.0204251,0.0169345
0.0102646,0.00669227,0.00445344,0.0213419,0.00352072,0.00420524
0.0130277,0.0092278,0.00874444,0.0456109,0.0122198,0.00671971
0.00893956,0.00599541,0.0040234,0.023449,0.00662581,0.007261
0.00835213,0.00573274,0.00350857,0.0223336,0.00553906,0.0112013
0.0184379,0.012674,0.0096491,0.0311405,0.00957946,0.00795904
0.018361,0.0125086,0.00346765,0.0394044,0.0111358,0.0218371
0.0214451,0.0145863,0.00934548,0.0483142,0.0134816,0.0125138
0.00584436,0.0041536,0.00213864,0.0227677,0.00703201,0.00921725
0.0229025,0.0149751,0.0248756,0.111866,0.0277301,0.0235617
0.0253691,0.0164359,0.00845152,0.0429444,0.0101882,0.0153882
0.0204741,0.0127956,0.0116241,0.0501217,0.017377,0.0350162
0.00945884,0.00644732,0.00238635,0.0196571,0.00518214,0.00312405
0.00486067,0.00305946,0.00298221,0.0130434,0.00133229,0.00174114
0.0213367,0.0143283,0.00587466,0.0271438,0.00816029,0.00572489
0.0158704,0.00991447,0.0282472,0.105437,0.0242791,0.0379958
0.00958504,0.00682028,0.0048775,0.0220951,0.00654324,0.00327952
0.00765657,0.00533667,0.00368909,0.0176304,0.00659546,0.0238448
0.0346987,0.0227434,0.0125813,0.066205,0.0173226,0.021391
0.0198212,0.0131302,0.0156352,0.0505324,0.0131646,0.00772887
0.0231101,0.0143984,0.0146091,0.0776393,0.0177805,0.0190564
0.0214001,0.0138504,0.00834376,0.0396769,0.00967235,0.0186619
0.0300752,0.0189736,0.0271549,0.113915,0.0290031,0.0348415
0.00567752,0.0040874,0.00284095,0.00642269,0.00280153,0.00174027
0.0110904,0.00750468,0.00421347,0.029963,0.00574337,0.0108946
0.0204845,0.0141088,0.0301395,0.1567,0.0404039,0.0599634
0.00832472,0.00576829,0.00334706,0.0311432,0.00762628,0.010099
0.043925,0.0271452,0.0171286,0.0454571,0.0113277,0.00952004
0.00633516,0.00434042,0.00276912,0.0054129,0.00402719,0.0067611
0.0121668,0.00845832,0.00327443,0.0261056,0.00635867,0.00383047
0.0235704,0.0158227,0.00962675,0.0356749,0.00919458,0.0111454
0.034263,0.0171819,0.0235279,0.151426,0.040083,0.0496897
0.0286436,0.0150321,0.0185213,0.100609,0.0212142,0.02855
0.0160005,0.0112645,0.00634365,0.0248157,0.00531126,0.00696432
0.0208816,0.0141297,0.00625427,0.0251657,0.00698128,0.0054373
0.0152304,0.0104608,0.00467455,0.0345671,0.00698398,0.00735114
0.030548,0.0192755,0.025933,0.0408099,0.00812113,0.0132961
0.00803354,0.0055122,0.00302904,0.0152077,0.00380639,0.0031762
0.0124494,0.007964,0.00426675,0.0247335,0.00734294,0.0015653
0.00524229,0.00383338,0.00274417,0.00189185,0.000787895,0.00186587
0.0205611,0.0133346,0.0147917,0.0640866,0.017359,0.0139407
0.0059876,0.00429981,0.00302216,0.0036391,0.00174096,0.00447382
0.00378752,0.00309604,0.00221061,0.018588,0.00292727,0.000901579
0.0224395,0.0140377,0.019968,0.137213,0.0350611,0.0376248
0.00581348,0.00402837,0.00265785,0.0100026,0.00181214,0.00142779
0.0388313,0.0222781,0.0298119,0.124274,0.0324184,0.0610579
0.0460156,0.0277209,0.0199624,0.0886974,0.0228426,0.0201301
0.0120751,0.00850971,0.00432344,0.00821654,0.00370802,0.00674668
0.023873,0.0160082,0.00644812,0.0444785,0.0110694,0.0105225
0.0258579,0.017116,0.0164009,0.0961411,0.0223265,0.0147293
0.0187134,0.00879561,0.0151018,0.0707539,0.0196125,0.043049
0.0234883,0.0100648,0.0144795,0.0914253,0.0270677,0.0521657
0.00897274,0.00594768,0.00277357,0.0235216,0.00560724,0.00474984
0.011488,0.00769083,0.00406716,0.0320973,0.0177206,0.0357555
0.0214914,0.014261,0.00678955,0.032233,0.0101119,0.00813551
0.00613221,0.00446743,0.00262889,0.0146033,0.00339283,0.00332868
0.00647356,0.00439586,0.00603674,0.0221779,0.00550663,0.00524603
0.0111648,0.00814271,0.0105086,0.0287491,0.00677118,0.00715346
0.0129074,0.00895842,0.00534891,0.0205177,0.00666421,0.00192151
0.0247477,0.0163239,0.00861342,0.0329271,0.00897961,0.00911841
0.016952,0.0116653,0.00496228,0.0212564,0.00558997,0.00268767
0.00815853,0.00497754,0.0032101,0.0141249,0.00559292,0.00304593
0.00562483,0.00336644,0.00223222,0.00932061,0.00290977,0.00494118
0.0266687,0.0172077,0.00883945,0.0432595,0.0110948,0.0132823
0.0105229,0.00706539,0.00387238,0.0023921,0.00095377,0.0091723
0.0316981,0.0172821,0.0108802,0.0657051,0.0194448,0.0255641
0.0220033,0.00999936,0.00801822,0.0460804,0.0094626,0.0216675
0.0321898,0.0193554,0.0320616,0.0918644,0.0240462,0.026346
0.0426337,0.0264496,0.0176003,0.063224,0.0177005,0.0190163
0.0125769,0.0084902,0.00362482,0.0202834,0.00457631,0.00375297
0.0289559,0.019012,0.00954117,0.0389718,0.0106,0.00783715
0.0241991,0.0160287,0.00872309,0.0258554,0.00569388,0.0242031
0.00801068,0.00534567,0.00290296,0.00607158,0.00239466,0.00368713
0.0162297,0.0109643,0.00688572,0.023761,0.00581854,0.0074937
0.00444638,0.00343956,0.0020766,0.00364461,0.00192306,5.38429e-06
0.00967322,0.00675618,0.00427364,0.0377017,0.00967058,0.00800741
0.00520867,0.00378014,0.00143636,0.019763,0.00509872,0.00429578
0.0122505,0.00834124,0.00423275,0.0279474,0.00638912,0.00403214
0.0111411,0.00755967,0.00399724,0.0169416,0.00440721,0.00302106
0.013468,0.00876901,0.0046652,0.0151994,0.00531027,0.00151504
0.0047149,0.00325319,0.00217482,0.0124885,0.00349076,0.00476516
0.0160688,0.0108737,0.00447701,0.018377,0.00453831,0.00784633
0.00786569,0.00513417,0.00191049,0.0241194,0.00870049,0.0125279
0.00775394,0.00477893,0.00336536,0.0297392,0.00820339,0.00523651
0.0427554,0.0272298,0.0208876,0.0868074,0.0225167,0.0433044
0.0216013,0.014089,0.00703807,0.0274968,0.0079498,0.00530266
0.0180656,0.0118931,0.0114427,0.0687028,0.0186406,0.0117109
0.0120283,0.00826786,0.00263804,0.0196438,0.00485879,0.0229067
0.00890175,0.00540443,0.00362981,0.0265894,0.00841678,0.00819231
0.0131795,0.00823065,0.00438636,0.00561774,0.000492163,0.0100314
0.0169795,0.0111654,0.00782902,0.0290562,0.00744031,0.00892642
0.0203923,0.0141695,0.00974394,0.0574244,0.010704,0.0146858
0.0219278,0.014549,0.00625746,0.0419256,0.00888278,0.00831844
0.0199176,0.013006,0.00559289,0.0310087,0.00822422,0.00303265
0.0284089,0.0135008,0.0143555,0.0554951,0.0153353,0.0115062
0.0211703,0.0150424,0.00655185,0.030749,0.0077784,0.00979462
0.0204907,0.0136197,0.0152319,0.0537405,0.0123842,0.0234927
0.0312329,0.013319,0.0084068,0.0524344,0.0143014,0.0260932
0.0308253,0.0132959,0.00839872,0.0526488,0.0127858,0.0254193
0.0246857,0.0168914,0.0196868,0.0723226,0.0181803,0.0324377
0.0305007,0.0203743,0.0121057,0.0413965,0.0105044,0.0128669
0.0170918,0.0115923,0.00669866,0.0350145,0.00951138,0.00253083
0.0233682,0.0148711,0.0175606,0.0741339,0.0192683,0.0145579
0.0274664,0.0182361,0.010006,0.0421507,0.0119704,0.0081559
0.0171942,0.0118629,0.00657553,0.0235053,0.00654396,0.00463107
0.0135292,0.00939771,0.00453358,0.0257044,0.00556013,0.00920338
0.00647104,0.00461927,0.00333693,0.0122714,0.00343138,0.00305419
0.0203391,0.0137472,0.0177534,0.0684789,0.0162703,0.0173092
0.016605,0.0111219,0.015466,0.0592221,0.0175465,0.0241424
0.0577984,0.0236101,0.0271061,0.109867,0.0271892,0.0160159
0.0106356,0.00768395,0.00387781,0.0238455,0.0072782,0.00427273
0.0256066,0.01659,0.0164388,0.056176,0.0131584,0.00870774
0.0239537,0.0155279,0.0164001,0.064074,0.0167747,0.0208931
0.0107406,0.0075107,0.00355105,0.00850512,0.00387673,0.00964327
0.0383416,0.0246916,0.0138037,0.0489829,0.015443,0.0096008
0.0104383,0.006889,0.00404434,0.0201457,0.00579341,0.0144537
0.0120968,0.00685374,0.00588681,0.030524,0.00863725,0.0094337
0.00945231,0.00390471,0.00461023,0.0211927,0.00522524,0.00713924
0.0190594,0.0127601,0.00576361,0.0250206,0.00444907,0.00523542
0.018303,0.0122599,0.0155049,0.0433296,0.0129726,0.0185094
0.0130855,0.00889825,0.0138466,0.0664615,0.0202173,0.0196363
0.00985655,0.00602782,0.00337795,0.0138101,0.00558726,0.00513707
0.011016,0.00648102,0.00350241,0.022915,0.00635845,0.00466278
0.0138782,0.009908,0.00559213,0.0197337,0.00566726,0.00440261
0.0197955,0.0133966,0.00906422,0.0406187,0.00794345,0.00699302
0.00695392,0.00481498,0.00825229,0.0303273,0.0059402,0.00217213
0.0260893,0.0176732,0.0113866,0.0651628,0.0172659,0.0134684
0.0619997,0.0362005,0.0268629,0.112544,0.0283216,0.0488142
0.0107517,0.00705914,0.00390999,0.0157677,0.00414133,0.00363258
0.0421419,0.0246328,0.0202677,0.0926285,0.0251423,0.0207544
0.00771038,0.00534146,0.00193776,0.0279789,0.00443042,0.00652153
0.0124445,0.00854851,0.00376974,0.0327117,0.00738725,0.0056997
0.00515979,0.00388686,0.00200916,0.0161208,0.00439835,0.00255631
0.0126982,0.00877826,0.00507213,0.0246681,0.00601956,0.00664159
0.010441,0.00729384,0.00420896,0.0197794,0.00554102,0.00731332
0.00919465,0.00596731,0.00323218,0.0154125,0.00440056,0.00405971
0.00617154,0.00422353,0.00330331,0.0238383,0.00556849,0.000866366
0.0345685,0.0222024,0.0121782,0.0488685,0.0114894,0.0162334
0.012872,0.00887589,0.00560802,0.024467,0.00516971,0.00633694
0.0408445,0.0255901,0.0195803,0.103936,0.0235112,0.0220536
0.00923231,0.006263,0.00240074,0.0308514,0.00748494,0.00167315
0.0281353,0.0187245,0.0115469,0.070082,0.0167432,0.00687914
0.00365001,0.00298412,0.00235068,0.00838094,0.00280399,0.00472704
0.00495081,0.0032441,0.00267072,0.0109224,0.00230917,0.00466119
0.0243037,0.0153547,0.022715,0.110141,0.0286249,0.0497488
0.00497294,0.00373387,0.00267547,0.00895754,0.00288264,0.00455151
0.0134816,0.00937625,0.00431107,0.021321,0.0049355,0.00333234
0.0251682,0.0164418,0.0391468,0.176062,0.0491879,0.0641496
0.00892852,0.00653806,0.0045214,0.0244563,0.00509467,0.00426125
0.0445209,0.0244856,0.0146201,0.0872077,0.0263726,0.0307635
0.0109476,0.00754583,0.00694199,0.012197,0.0038732,0.00711968
0.0180213,0.011728,0.0154284,0.068509,0.0167749,0.0238873
0.0170719,0.0115561,0.019856,0.0728532,0.0232707,0.036245
0.015673,0.0104257,0.00633227,0.0294867,0.00771444,0.0108079
0.0483431,0.0262127,0.0250048,0.148109,0.0360116,0.0173523
0.0189172,0.0125073,0.00501311,0.0242903,0.00581366,0.00406092
0.0190106,0.0126541,0.0218305,0.0978869,0.0244365,0.04182
0.0110329,0.00737405,0.0034406,0.0128158,0.00321375,0.00293492
0.0211446,0.0140912,0.00990947,0.055499,0.0153802,0.0112154
0.0188727,0.0127377,0.00480716,0.0206623,0.00410221,0.00914272
0.00665773,0.00492801,0.00117923,0.0114755,0.00420247,0.00345094
0.037478,0.0231617,0.0213466,0.0870595,0.0205096,0.0314154
0.0339213,0.0218426,0.0108886,0.0557807,0.0124217,0.0180639
0.026188,0.0176929,0.0164055,0.0792629,0.0228178,0.0424405
0.0104718,0.00746056,0.0078129,0.0252632,0.00753559,0.0110317
0.00568196,0.00407878,0.00258588,0.0101888,0.00161152,0.00112777
0.0232924,0.0153786,0.00782811,0.0295654,0.00794378,0.0110228
0.0186556,0.013153,0.00742447,0.030175,0.00674637,0.00912402
0.0110645,0.00792225,0.00360309,0.0184175,0.00537063,0.00599563
0.0314812,0.0207111,0.0085256,0.0521003,0.0128319,0.0114536
0.00822608,0.00581208,0.0049282,0.0130268,0.00383127,0.0105774
0.0128188,0.00836392,0.00316901,0.0266009,0.00851732,0.00496938
0.00889538,0.00601312,0.00360077,0.0140289,0.00484632,0.00507002
0.0301205,0.0198027,0.0104878,0.0417399,0.0125841,0.0139429
0.0134056,0.00620776,0.00831769,0.021063,0.00639161,0.00459095
0.0118731,0.00533293,0.00670832,0.0118829,0.00294041,0.00472425
0.0266114,0.0177457,0.0194605,0.0877207,0.0245865,0.0372826
0.0136047,0.00937934,0.00374846,0.0187279,0.00490485,0.00978234
0.00462958,0.00348313,0.00233171,0.0206275,0.00556234,0.00278199
0.0209001,0.0144047,0.00997603,0.0315728,0.00901248,0.0123652
0.0122061,0.008505,0.00417617,0.0331684,0.00727928,0.00323348
0.0630057,0.0362053,0.0232558,0.0887633,0.0209145,0.0146199
0.0139402,0.00943444,0.00496488,0.0263822,0.00557432,0.00489782
0.0237602,0.0157807,0.0262419,0.10683,0.0303517,0.0705358
0.00603335,0.00431356,0.0026122,0.0153591,0.00447388,0.0058177
0.0122037,0.00819453,0.0106692,0.0662428,0.0136406,0.0207658
0.0215914,0.0140627,0.00671948,0.0349669,0.00774247,0.00464379
0.012304,0.00808614,0.0153111,0.0743353,0.0209905,0.0230852
0.00986487,0.00679746,0.00357107,0.0188521,0.00312158,0.00206225
0.0153618,0.00994023,0.00689977,0.0193091,0.00490351,0.00391433
0.0161709,0.010386,0.0120515,0.074622,0.0232328,0.00627943
0.0210028,0.0139975,0.00559242,0.0451424,0.01243,0.00709605
0.00709165,0.00498229,0.00221952,0.0165385,0.00446209,0.00813544
0.017872,0.0118986,0.0124178,0.047738,0.014535,0.0144384
0.0115333,0.00773752,0.00438832,0.0153871,0.00419064,0.0115549
0.0390869,0.0255993,0.0113753,0.0476158,0.0108066,0.0122075
0.0098939,0.00688782,0.00741474,0.0461291,0.0134436,0.0265014
0.0132364,0.00927503,0.00456982,0.0179671,0.00383596,0.00142823
0.00567033,0.0040434,0.00330643,0.00835823,0.00379027,0.00156798
0.0176044,0.0091647,0.00711891,0.0324347,0.00875743,0.00820388
0.0149442,0.00717064,0.00614203,0.026065,0.00653184,0.00482424
0.0165755,0.0111662,0.00534283,0.0203335,0.0056854,0.00606151
0.00765792,0.00507515,0.00332314,0.014767,0.00320511,0.0062792
0.0119699,0.00799315,0.00384818,0.0337828,0.00704812,0.00916353
0.0194506,0.0127479,0.010983,0.0528723,0.013097,0.0178503
0.0115722,0.00791866,0.00377822,0.0158306,0.00399304,0.00333386
0.00986586,0.00649092,0.00355848,0.0206,0.00603344,0.00654923
0.0162332,0.0111768,0.00632475,0.0278139,0.00534949,0.00738583
0.00949193,0.00694828,0.0050213,0.0150948,0.00472717,0.00561792
0.0130473,0.00927937,0.00514668,0.0186142,0.00403311,0.00815084
0.0058691,0.00324384,0.00213382,0.0135656,0.00519749,0.00457688
0.0356007,0.0226639,0.0133209,0.0767789,0.0197616,0.0232334
0.0192577,0.0129418,0.00846536,0.0626785,0.0195328,0.0269783
0.0166871,0.0114186,0.0140482,0.0750894,0.0194866,0.0173802
0.00741045,0.00541111,0.00477325,0.0339797,0.00939471,0.0115811
0.0275811,0.0183418,0.00931092,0.0742227,0.0179075,0.0158741
0.00689663,0.00491044,0.00300621,0.0175538,0.00284924,0.00257655
0.0122859,0.00845938,0.00698403,0.0282754,0.00645276,0.0041803
0.0168084,0.011115,0.0050478,0.0185668,0.00461048,0.0097743
0.00661214,0.00478046,0.00394596,0.00270864,0.00217858,0.00744522
0.014,0.00923474,0.0104506,0.0610323,0.0181913,0.0169499
0.0481842,0.0297856,0.0125102,0.0708063,0.0200349,0.0331606
0.0110608,0.00751037,0.00433922,0.0204797,0.00373612,0.00748338
0.00429841,0.00317677,0.00333257,0.00893022,0.00358185,0.00324841
0.0211039,0.0129227,0.00684185,0.0261122,0.00621032,0.0097544
0.0343719,0.0211753,0.0134988,0.0441348,0.0115747,0.0135996
0.0170369,0.0113813,0.00714801,0.0217459,0.00610382,0.00352768
0.0324156,0.0211387,0.0104777,0.0568011,0.015787,0.0173872
0.0558099,0.0289616,0.0170509,0.0831217,0.0205813,0.0264159
0.0367063,0.0222581,0.0115511,0.0509882,0.00994523,0.0175486
0.0275287,0.0182933,0.0090395,0.0432089,0.0110702,0.0187818
0.0125339,0.00811024,0.00401172,0.018942,0.00565354,0.00997947
0.0118501,0.00797842,0.00400507,0.0162016,0.00439216,0.003522
0.00783855,0.00576881,0.0024954,0.0180777,0.00583783,0.00583207
0.0201938,0.0137345,0.0140026,0.0326247,0.00978631,0.0214398
0.0206812,0.0141033,0.00689273,0.0291092,0.00779064,0.00642519
0.04064,0.0192135,0.0194502,0.102005,0.0241392,0.0284146
0.0140288,0.00986294,0.00574819,0.0328976,0.00920432,0.0266768
0.00467577,0.00358928,0.00229981,0.0159429,0.00206066,0.00100007
0.0230239,0.0158075,0.00607991,0.0321304,0.00780478,0.00479986
0.00929542,0.0063732,0.00290784,0.0218128,0.00506999,0.00734961
0.0163089,0.0113111,0.00563923,0.0327763,0.00818579,0.0130643
0.00852698,0.00615656,0.00685232,0.0176499,0.004746,0.00274449
0.0166225,0.0112141,0.0117063,0.0418464,0.0113139,0.0105223
0.0064038,0.00454154,0.00304337,0.0166188,0.00426136,0.000118395
0.00649953,0.00479401,0.00338962,0.0139863,0.0025667,0.0027244
0.0319286,0.0216243,0.0193846,0.0697257,0.0172571,0.034488
0.00438968,0.00301619,0.00214311,0.00328888,-0.0011827,0.00445674
0.0109915,0.00795737,0.00422171,0.0245029,0.00366741,0.00118704
0.0117446,0.00812267,0.00289765,0.024054,0.00609181,0.00664073
0.024997,0.00956885,0.00941151,0.0478648,0.0116383,0.0136722
0.0185615,0.0105686,0.0055403,0.0251246,0.00471316,0.0045746
0.0252157,0.0167359,0.00635851,0.0430644,0.00921582,0.00634156
0.025333,0.0166807,0.008208,0.0364281,0.00881169,0.0165322
0.0245433,0.016593,0.00702208,0.0302029,0.00702939,0.00744147
0.014301,0.00984605,0.00546821,0.0252428,0.00777067,0.0064882
0.00526224,0.00381127,0.00182389,0.0110862,0.00325362,0.000665426
0.010733,0.00737789,0.00502102,0.0116443,0.00376526,0.00458291
0.00651435,0.00440639,0.00285561,0.0100161,0.00329616,0.002024
0.00603146,0.00410996,0.00233317,0.0147833,0.00503702,0.00210285
0.00462489,0.00314727,0.00207691,0.020164,0.00533912,0.00286482
0.0334159,0.0217467,0.0107715,0.022797,0.00564213,0.0065053
0.00973615,0.0068391,0.00326838,0.0182873,0.00707942,0.00486298
0.0192347,0.0130128,0.00662743,0.0261015,0.00734507,0.00602992
0.00780251,0.0054711,0.0037263,0.0171576,0.00572683,0.00999049
0.00637268,0.00484717,0.00274238,0.0167478,0.00363303,0.00139531
0.0108119,0.00733084,0.00402975,0.0176615,0.00442029,0.00126636
0.0052865,0.00370165,0.00184314,0.0118842,0.00419806,0.00505267
0.0253499,0.0162164,0.0285966,0.161474,0.0450049,0.134469
0.00863387,0.00630119,0.00356526,0.0276056,0.00730615,0.00649805
0.0142141,0.00974324,0.0116521,0.0296424,0.00721411,0.0103648
0.00815477,0.00556882,0.00248548,0.0124417,0.00234219,0.00582712
0.0175062,0.011375,0.00602401,0.0246929,0.00659242,0.0134196
0.0320796,0.0206267,0.00774441,0.0397624,0.0104215,0.0140411
0.0128083,0.00919714,0.0050451,0.0211333,0.00575815,0.00680562
0.0131529,0.00905407,0.0132764,0.0639713,0.0195779,0.0130731
0.0166395,0.0110457,0.00580707,0.0310959,0.00777241,0.00607221
0.0127965,0.00863632,0.0083032,0.034184,0.00868139,0.0129099
0.00747324,0.0050543,0.00583592,0.0153129,0.004483,0.00194392
0.0205975,0.0118255,0.00701899,0.032108,0.0100438,0.00792227
0.019158,0.00906483,0.00761074,0.0400257,0.0102937,0.00906807
0.00505427,0.0034765,0.00214409,0.0151691,0.00350679,0.00268145
0.0289807,0.0141492,0.0208086,0.117346,0.0267897,0.0271248
0.0324356,0.0212576,0.0251228,0.104227,0.0277796,0.0409151
0.0094181,0.00664338,0.00448369,0.0140768,0.00445429,0.00297092
0.00549012,0.00406836,0.00272747,0.00699384,0.00337617,0.00418352
0.0109246,0.00703033,0.00408409,0.0279772,0.00766615,0.00732275
0.00985286,0.00695051,0.00406432,0.0415323,0.0115655,0.00304158
0.0126193,0.00832959,0.00446963,0.0225252,0.00729178,0.00601668
0.0261372,0.0173564,0.00674646,0.0271419,0.00642517,0.00621748
0.00986375,0.00730825,0.00488184,0.0266898,0.00721485,0.0107311
0.0215906,0.0146639,0.00816418,0.0280987,0.00913608,0.00995729
0.0143117,0.00969203,0.00406396,0.0177156,0.00486841,0.00228615
0.00757578,0.00572374,0.0068647,0.0187607,0.00553336,0.00884562
0.0481285,0.0305003,0.0277385,0.119771,0.0336548,0.0383361
0.0349989,0.0167471,0.00953306,0.0575545,0.0168754,0.0130763
0.0391943,0.0208586,0.0112635,0.0500361,0.0124126,0.013724
0.00916082,0.00639536,0.00169903,0.0258682,0.00965015,0.015874
0.0443934,0.0270971,0.0168371,0.102018,0.0257382,0.0252081
0.0258632,0.0168423,0.00810939,0.0364755,0.00843233,0.0172119
0.0142214,0.00988219,0.0032918,0.0192972,0.00573945,0.00740677
0.0391666,0.0222911,0.0475122,0.176406,0.0475959,0.0688635
0.0321191,0.0201689,0.0146731,0.0911035,0.0255413,0.0251447
0.00454331,0.00310723,0.00226543,0.0167103,0.00266128,0.00278021
0.0175461,0.0122689,0.00494016,0.0303109,0.00932932,0.0129083
0.00469052,0.00318397,0.00376742,0.012564,0.00385004,0.00273207
0.00442383,0.00332753,0.00265179,0.0115852,0.0022261,0.00242256
0.00725635,0.00500882,0.00264243,0.00798275,0.00271401,0.00225876
0.0205707,0.01382,0.00702139,0.0203061,0.00496443,0.00337994
0.0335479,0.0217631,0.0199834,0.103186,0.0248376,0.0397002
0.0349705,0.0226615,0.00914488,0.0580453,0.0133303,0.0163157
0.0146825,0.00991352,0.00502941,0.0216096,0.00582338,0.00386898
0.021938,0.00840847,0.0169069,0.0781156,0.0204,0.06559
0.0245339,0.0157622,0.0167975,0.0743444,0.0212332,0.0175982
0.0157174,0.0108544,0.00557552,0.0183125,0.00492146,0.00568378
0.00403822,0.0030134,0.00282116,0.00971048,0.00217309,0.00975623
0.0367194,0.0210016,0.0405839,0.176263,0.0459239,0.0830581
0.00912382,0.00642196,0.00523091,0.0269512,0.00622105,0.00556829
0.0485056,0.020035,0.0511888,0.201115,0.0555163,0.0597622
0.0476524,0.0200472,0.0553378,0.201403,0.052776,0.060758
0.0159662,0.0106469,0.00578818,0.0298511,0.00754081,0.00984902
0.00629141,0.00440645,0.00318015,0.0177284,0.00398128,0.00632699
0.00975595,0.00693136,0.00254463,0.0143415,0.00264199,0.00241805
0.0122968,0.00832537,0.00449133,0.0135349,0.00295455,0.00426063
0.0171169,0.0114514,0.00592187,0.0236951,0.00556278,0.00388796
0.0147786,0.00996914,0.00489394,0.0312154,0.00917505,0.00957035
0.00779209,0.00540438,0.00285888,0.0178293,0.00582046,0.000275964
0.0104371,0.0070345,0.00328749,0.021747,0.00548011,0.00373968
0.0464195,0.027162,0.0403669,0.172521,0.0467458,0.0443724
0.0103544,0.00501346,0.00575234,0.0309783,0.00647138,0.0157764
0.00997434,0.00504859,0.00551036,0.0291533,0.006097,0.0169268
0.0258056,0.013828,0.010907,0.0477058,0.0123201,0.0246526
0.028585,0.0143083,0.0108818,0.048021,0.0122857,0.0224118
0.0251657,0.0164384,0.0183971,0.0611178,0.0173165,0.00993355
0.0201404,0.0141956,0.0112806,0.0309816,0.00861336,0.00992469
0.0347903,0.022764,0.0102256,0.0314064,0.00984034,0.0056775
0.0168367,0.011643,0.0107364,0.0485637,0.0155929,0.0221902
0.0184676,0.0120708,0.00654159,0.0305535,0.00641999,0.0202549
0.0405047,0.0214927,0.0495699,0.183452,0.0500208,0.120158
0.00649096,0.00483479,0.00285225,0.0156169,0.00319458,0.00337092
0.0122849,0.00858947,0.0103401,0.0334713,0.00886537,0.00438112
0.00658101,0.00445065,0.00331565,0.00690816,0.00240453,0.00306599
0.0160559,0.0106141,0.00597808,0.0317505,0.00776093,0.0113955
0.0053673,0.00380695,0.00292301,0.00913164,0.00203088,0.00260537
0.00649631,0.00431791,0.00257503,0.0144589,0.00246169,-0.000198238
0.0279454,0.0175079,0.0186806,0.0667689,0.0175797,0.0130039
0.0114072,0.00779023,0.00393057,0.0222327,0.00491009,0.00379013
0.0287937,0.0162465,0.0111629,0.0638328,0.0152175,0.0195316
0.0135656,0.00925118,0.00392911,0.0211187,0.00660999,0.00309708
0.0213372,0.0142479,0.0113115,0.0548827,0.0178052,0.00523945
0.0133534,0.00934727,0.00983048,0.0697311,0.0196052,0.0200071
0.0393787,0.0253483,0.0149558,0.0562017,0.0151986,0.00911232
0.00474472,0.00327348,0.00122642,0.00670226,0.00232946,0.00171728
0.0122158,0.00821095,0.00595658,0.0238987,0.0060778,0.0109236
0.00694792,0.00453533,0.00372454,0.015732,0.00456211,0.00774338
0.0263322,0.0179985,0.0102641,0.0282873,0.00672638,0.0114628
0.0152529,0.0107653,0.00452628,0.0189059,0.00459136,0.00465152
0.0173749,0.0120038,0.00657531,0.0115038,0.00177783,0.00569499
0.00669069,0.00481976,0.00328985,0.0153261,0.0035779,0.00595612
0.00607107,0.00416802,0.00609401,0.0234803,0.00500031,0.00461888
0.0109108,0.00760675,0.00434814,0.0134045,0.00427403,0.0100815
0.0173205,0.0120533,0.016567,0.053776,0.0148584,0.0226646
0.00918192,0.00622592,0.00306974,0.0168531,0.00499733,0.00177893
0.00457827,0.00332719,0.00232757,0.00336677,0.00257105,0.00200102
0.0293317,0.0177513,0.0166474,0.115054,0.0284908,0.0203661
0.0350856,0.022116,0.0127214,0.0558291,0.0145795,0.0303972
0.00684129,0.00451297,0.00406291,0.0164705,0.00417192,0.0024998
0.0406307,0.0232539,0.0160083,0.0681935,0.017094,0.0250077
0.0159834,0.0111899,0.00536032,0.0143138,0.0043497,0.00538245
0.0144427,0.00962636,0.00565658,0.0289828,0.00778634,0.0166946
0.0104519,0.00744046,0.00997268,0.0408428,0.0102523,0.0151447
0.00865359,0.00566193,0.00285305,0.0144974,0.00275822,0.00331945
0.037581,0.0200871,0.0151255,0.0762137,0.020025,0.0674948
0.0403795,0.0201367,0.0156359,0.0810171,0.0189496,0.0744039
0.0248527,0.0155591,0.0204634,0.0509773,0.0146053,0.0171127
0.0286958,0.0186273,0.0108888,0.0471711,0.0118047,0.0143626
0.00851124,0.00619134,0.00350259,0.0116198,0.00299547,0.00362827
0.00866929,0.00615964,0.00918115,0.0351747,0.0123738,0.0202175
0.0252533,0.0165439,0.00936725,0.037613,0.00772358,0.00687962
0.0152458,0.00989411,0.00659834,0.0262647,0.0062118,0.0137273
0.014203,0.00953871,0.00546981,0.0237023,0.00728678,0.00678101
0.0301571,0.0196952,0.0144211,0.0789947,0.0218878,0.0290614
0.0189125,0.0125102,0.0103822,0.0481357,0.0120828,0.00580738
0.0307738,0.0191251,0.0107417,0.0374587,0.00914991,0.00992316
0.018876,0.012707,0.00866571,0.0322974,0.00705061,0.0161667
0.0049159,0.00350427,0.00285795,0.00849946,0.00319881,0.00304654
0.0159989,0.0108771,0.0113187,0.0375991,0.0110701,0.0119298
0.0121238,0.00798723,0.00536325,0.0362773,0.00919412,0.0115074
0.0198134,0.0130286,0.00782724,0.0353249,0.00872279,0.00602922
0.0220666,0.015234,0.00841243,0.0346299,0.00998752,0.01354
0.0249991,0.0168619,0.00740668,0.0312231,0.00865886,0.0102186
0.0153236,0.0103171,0.00531093,0.0264626,0.00674878,0.00900601
0.0076707,0.00471005,0.00526441,0.032091,0.00651878,0.00414653
0.0177684,0.0121326,0.0053072,0.0326291,0.00976062,0.00383509
0.00451361,0.0032541,0.00193559,0.000836746,0.000441972,0.00561126
0.0144728,0.00963854,0.00363498,-9.96914e-05,-0.000283102,0.00456684
0.0128999,0.00848432,0.00905897,0.00882121,0.00102017,0.00239653
0.00600741,0.00432947,0.00296826,0.010634,0.00292652,0.00309492
0.0145456,0.00970276,0.00795913,0.0491195,0.0104026,0.0114436
0.0229789,0.0097151,0.0219795,0.117449,0.0316237,0.0314025
0.00708997,0.00424854,0.00280146,0.00951867,0.00406877,0.00364511
0.0198267,0.0127039,0.0060684,0.0241729,0.00660749,0.00498965
0.00957787,0.00397439,0.00638286,0.0507118,0.0124514,0.011031
0.00583614,0.00409014,0.00248835,0.0155555,0.00349778,0.00108751
0.0137097,0.00938239,0.00489686,0.0214174,0.00596695,0.00428039
0.00743702,0.0053544,0.0023333,0.0156582,0.00361042,0.00318475
0.0134034,0.00911393,0.00667777,0.0446727,0.0116967,0.0155768
0.0123261,0.00826912,0.00383591,0.0303601,0.00671839,0.00790712
0.0149924,0.0102134,0.004583,0.0250881,0.00904278,0.0116672
0.00484897,0.00314963,0.00444777,0.0197876,0.00474997,0.00702047
0.022506,0.0152607,0.00640102,0.026936,0.00545027,0.00387804
0.0144349,0.00970455,0.00358366,0.0287065,0.00772803,0.00299992
0.00417421,0.00293468,0.00233843,0.0214428,0.00276641,0.00133891
0.0112565,0.00748829,0.0204212,0.0640055,0.0174411,0.0151322
0.0245285,0.0112756,0.00668216,0.0429487,0.0123486,0.0162465
0.0424265,0.0241108,0.0103552,0.0684961,0.0171943,0.0260419
0.0151877,0.0105355,0.00602442,0.028968,0.00711143,0.00618496
0.0173833,0.0115285,0.00683667,0.0255522,0.00642518,0.0176888
0.0461044,0.0289223,0.0144856,0.0620061,0.0170053,0.0224628
0.0139568,0.0091209,0.00399495,0.0254018,0.00643971,0.00344374
0.0406961,0.0172704,0.0139159,0.0675496,0.0185888,0.0313008
0.0450627,0.0174962,0.0148292,0.0671287,0.0178345,0.0300901
0.0173416,0.0115239,0.0101372,0.0106609,0.00292302,0.00847417
0.0295962,0.0195748,0.0088102,0.0303273,0.00780942,0.0142644
0.0112559,0.00773462,0.00534747,0.0162308,0.00443104,0.00399813
0.00960159,0.00675744,0.00221874,0.0192487,0.00557914,0.00512929
0.0506931,0.028503,0.029795,0.125576,0.0329491,0.032799
0.0281449,0.0126284,0.00849504,0.0360418,0.00657011,0.00603468
0.0103586,0.00724238,0.00469011,0.0163937,0.00542164,0.00367908
0.0139019,0.00934619,0.00616086,0.0370283,0.00957326,0.00527838
0.036309,0.0230207,0.0124788,0.069985,0.0191654,0.0228155
0.0105221,0.00730426,0.00428168,0.0134554,0.00162531,0.00238825
0.0205089,0.0139495,0.00650416,0.0420918,0.0105753,0.0143445
0.0387475,0.0234386,0.0129456,0.0658028,0.0156122,0.00968989
0.00852277,0.00622061,0.00374133,0.00824321,0.00346927,0.00506128
0.0215602,0.0145764,0.00473635,0.0369925,0.00821192,0.00560046
0.00647594,0.00465069,0.00497037,0.0368571,0.0104459,0.0116669
0.0123087,0.00805874,0.00637006,0.022414,0.00589365,0.0071961
0.00965123,0.00674623,0.010234,0.0368626,0.00987246,0.0150171
0.00850732,0.0057626,0.00646199,0.0409955,0.00919424,0.0193668
0.00636822,0.00464751,0.00546641,0.0198527,0.00545847,0.0241599
0.00582967,0.00421459,0.0032587,0.0103734,0.00207691,0.00173013
0.0115449,0.00788192,0.00330214,0.0188318,0.00431592,0.00899675
0.0268833,0.0182734,0.0377739,0.165427,0.0453808,0.071551
0.0476285,0.0297975,0.0649967,0.23696,0.0645946,0.095147
0.0239715,0.0161704,0.00764168,0.0187967,0.00696431,0.00482385
0.0254938,0.0169815,0.00929415,0.0461566,0.011049,0.0166649
0.0164045,0.0111436,0.00651625,0.0417491,0.00926106,0.00597455
0.00789597,0.00515329,0.00309081,0.0163557,0.0038895,0.00473085
0.00593245,0.00440189,0.00293743,0.00783023,0.00211019,0.00283811
0.0135973,0.00923843,0.0035324,0.0148479,0.00449211,0.0082822
0.00806739,0.00539001,0.00188412,0.0216849,0.00702694,0.00263775
0.0317524,0.0210978,0.0187528,0.0858603,0.0232168,0.0385252
0.00725169,0.00506297,0.00342106,0.010884,0.00387836,0.00482444
0.026312,0.0175487,0.00773543,0.047098,0.0109213,0.0203873
0.0182111,0.0122665,0.00643795,0.0281754,0.00928541,0.0102405
0.0132741,0.00763956,0.00667334,0.0329799,0.00922526,0.0134092
0.0121096,0.00728983,0.00609476,0.0197045,0.00545678,0.00666035
0.0114103,0.00790781,0.00390638,0.0259824,0.00495616,0.00676582
0.024663,0.0130348,0.0105112,0.0320662,0.0110444,0.0183179
0.0240476,0.016075,0.011123,0.0519584,0.0154325,0.0108646
0.0103513,0.00709984,0.00532722,0.0139731,0.00629913,0.00533227
0.03542,0.0223452,0.0150352,0.0717454,0.0155942,0.032934
0.0220685,0.014034,0.00812563,0.0401299,0.00805595,0.00714131
0.00775079,0.00572247,0.00380328,0.0213086,0.00332289,0.00201634
0.0233536,0.0155997,0.0185001,0.081989,0.019621,0.0221077
0.0207021,0.0138273,0.00675865,0.0247958,0.00565259,0.0146708
0.0517007,0.0309296,0.0167542,0.0650072,0.0172116,0.0391595
0.00982829,0.00665646,0.00422028,0.0239013,0.00514396,0.00723479
0.0151133,0.0102367,0.00486185,0.0298596,0.00760646,0.0115557
0.0407788,0.0263061,0.0215446,0.0693908,0.0208466,0.0487908
0.0303313,0.0199466,0.0146494,0.0840048,0.0231073,0.0223365
0.0272453,0.0178372,0.00661136,0.0271009,0.00860706,0.00976368
0.00861584,0.00592196,0.00232546,0.0170257,0.00342717,0.00543738
0.0126132,0.00817632,0.00565629,0.0165118,0.00454089,0.00760017
0.0134355,0.0090727,0.0035693,0.0151389,0.00462861,0.00560941
0.0116045,0.00810072,0.00447779,0.021644,0.00511625,0.00293657
0.00677632,0.00412667,0.00414272,0.0168195,0.00361425,0.00527302
0.0120825,0.00803487,0.00931553,0.0382551,0.0121344,0.00886896
0.0158569,0.0107749,0.00941287,0.0453812,0.00968529,0.010997
0.00624435,0.00424242,0.00353149,0.0139675,0.0039845,0.00676574
0.00591733,0.00435853,0.0037282,0.0212501,0.00537811,0.00221291
0.0134739,0.00966029,0.00861241,0.0366422,0.0115354,0.00907086
0.00465164,0.00344462,0.00265695,0.0329816,0.00792692,0.00618863
0.0116439,0.00751895,0.00676616,0.0296142,0.00823549,0.00746782
0.00548227,0.00382668,0.00221467,0.0165177,0.00214248,0.00403595
0.0146811,0.0102672,0.00506294,0.0219789,0.0063454,0.00484574
0.0143564,0.0100251,0.00301143,0.0173849,0.00593193,0.00340296
0.0190994,0.0102226,0.00769592,0.0348396,0.00936391,0.00894001
0.00892711,0.00633804,0.00500339,0.0225026,0.0061273,0.00851281
0.0247444,0.0167623,0.00518885,0.0268098,0.00728574,0.00543242
0.0295417,0.0196067,0.00920223,0.0599701,0.0155607,0.0127335
0.0105349,0.00741351,0.00445413,0.024684,0.00646871,0.0059352
0.024188,0.0156797,0.00856589,0.038833,0.00877954,0.0107911
0.0165455,0.0112542,0.00448928,0.0181758,0.00396292,0.00187799
0.00670245,0.00448138,0.00569211,0.0242182,0.00478175,0.00152526
0.100225,0.0545805,0.0753256,0.303964,0.0762057,0.0737987
0.00865965,0.00589031,0.00351663,0.0171653,0.0053078,0.00579445
0.0499873,0.0224063,0.0176377,0.0823039,0.0197467,0.0325979
0.0135677,0.00893908,0.00508017,0.0210584,0.00613421,0.0097198
0.0184521,0.0124485,0.0065142,0.0260369,0.00860913,0.00530816
0.00674897,0.00490095,0.00441986,0.0259307,0.00754836,0.0064592
0.00870779,0.0058487,0.00720476,0.0478588,0.0111938,0.0154139
0.0156524,0.0103721,0.0129198,0.0526455,0.0114556,0.0106945
0.0124913,0.00873536,0.0107747,0.0490026,0.0123085,0.0122311
0.0438507,0.0202963,0.0156635,0.0712024,0.0200715,0.0116953
0.0411667,0.0202336,0.01477,0.0612335,0.0149446,0.0116534
0.0159587,0.0104461,0.00899618,0.0574592,0.0143426,0.0263377
0.0292398,0.0196498,0.00922018,0.0468657,0.0133177,0.00436851
0.0433449,0.0250397,0.0182761,0.0797294,0.0216898,0.0178571
0.0229569,0.0152528,0.00684858,0.0328613,0.00860259,0.00914966
0.0235486,0.0143841,0.0175323,0.0817936,0.0216138,0.0291047
0.0378972,0.024205,0.0135255,0.0525661,0.0141229,0.0205959
0.0243119,0.012646,0.0100911,0.0445394,0.0138037,0.00852374
0.0252971,0.0172894,0.0095823,0.0299499,0.00641708,0.0113407
0.00816199,0.0059286,0.00547762,0.0147168,0.0043239,0.00570668
0.0150658,0.0104152,0.00713004,0.028528,0.00755271,0.0113147
0.0168947,0.00823974,0.00916495,0.0301316,0.00905076,0.00490858
0.00422313,0.00301353,0.0024404,0.011576,0.00496161,0.00645125
0.0127202,0.00900305,0.00459922,0.0210922,0.00647088,0.00296327
0.00903969,0.00616714,0.00310967,0.0193167,0.0028167,0.000582579
0.0047777,0.00359321,0.00158579,0.0210209,0.00478504,0.00441805
0.0405556,0.0262431,0.0320634,0.155985,0.0431837,0.0772956
0.0568395,0.0289929,0.0450367,0.181467,0.0459665,0.0922402
0.0474543,0.0231328,0.0257662,0.115593,0.0306318,0.0204974
0.0172849,0.0114448,0.00859036,0.0329899,0.00566605,0.0122994
0.0135546,0.00931254,0.00719951,0.0238634,0.0078477,0.0174639
0.0388624,0.0242844,0.0187331,0.0902284,0.023158,0.0283156
0.0168334,0.0110342,0.00688233,0.0372838,0.00921082,0.00821731
0.0102971,0.00697531,0.00383105,0.013491,0.00314711,0.00403141
0.0556814,0.0254532,0.0204002,0.08625,0.021938,0.055674
0.0260834,0.0123556,0.0217712,0.0827798,0.0231867,0.0174679
0.0123359,0.00833987,0.00422632,0.0240995,0.00588377,0.00959852
0.0171427,0.0116998,0.0056298,0.0173275,0.00481402,0.00548391
0.0104449,0.00751196,0.00463397,0.0157484,0.00390294,0.0035136
0.0292234,0.0189382,0.0165199,0.0500382,0.0115457,0.0211418
0.0106072,0.00752772,0.00439789,0.0147267,0.00516711,0.0032299
0.0110244,0.00754883,0.00319703,0.0235956,0.00790207,0.00388244
0.0123621,0.0083395,0.00646491,0.0201841,0.00430266,0.00600449
0.0134041,0.00919502,0.0040345,0.013029,0.00340198,0.0040663
0.0168172,0.0117413,0.015138,0.0642856,0.0159742,0.0112152
0.0113244,0.00776635,0.00337692,0.0208986,0.00581762,0.00292678
0.025835,0.0175247,0.00835333,0.0479182,0.0114579,0.0211474
0.00912786,0.00622766,0.00419281,0.0221936,0.00590747,0.00598211
0.0230231,0.0156998,0.0185874,0.052438,0.014413,0.0218317
0.0512076,0.0296916,0.0513171,0.22404,0.0584745,0.0990457
0.0327174,0.0211443,0.0258364,0.0878279,0.0253124,0.0469923
0.0123167,0.00844334,0.0064437,0.0113977,0.00282982,0.00845439
0.0184382,0.0119654,0.00663699,0.0216954,0.00551182,0.00687083
0.00918958,0.00663271,0.00396717,0.0233035,0.00750921,0.00304918
0.010851,0.00709885,0.00293049,0.0429298,0.0132669,0.0252711
0.0433167,0.0213648,0.0132087,0.0553664,0.0130826,0.0234112
0.0176097,0.0116599,0.00389103,0.0286605,0.00709144,0.00959748
0.00505243,0.00370075,0.00238678,0.00659178,0.00271195,0.00318566
0.0124359,0.00832902,0.0031315,0.0258099,0.00728933,0.00385079
0.0180407,0.0119789,0.00593646,0.0127891,0.00297585,0.00647648
0.0113119,0.00789347,0.00314496,0.0104218,0.00379461,0.00542416
0.0108178,0.00715209,0.00925054,0.0198652,0.0056081,0.00227723
0.0334274,0.0221554,0.0178002,0.0372208,0.0112989,0.0306473
0.0260574,0.0159948,0.00870116,0.0576926,0.0142519,0.0106151
0.0199555,0.0130008,0.00713895,0.0346915,0.00784138,0.00490578
0.0227391,0.014226,0.00836889,0.0430418,0.0135356,0.00638809
0.0172104,0.00854542,0.00630915,0.0250641,0.00747178,0.00742626
0.00626438,0.00439559,0.0100063,0.0347683,0.00921673,0.00198165
0.0213648,0.0139123,0.00692176,0.039677,0.010219,0.0155094
0.00787844,0.00569576,0.00332958,0.0125419,0.00355804,0.00316268
0.0133223,0.00901954,0.00298364,0.00629262,0.00151165,0.0050155
0.0214619,0.0144112,0.0149863,0.0685272,0.0184462,0.0215564
0.0138586,0.009016,0.00574443,0.0273417,0.00575303,0.00389059
0.02223,0.0151399,0.00628452,0.0444214,0.0112031,0.00336076
0.00828587,0.00572551,0.00352397,0.0163237,0.00562804,0.00432647
0.0150725,0.010566,0.016952,0.0870642,0.0220435,0.0509516
0.0103607,0.00674488,0.00444793,0.0236879,0.00496278,0.00965617
0.0311003,0.0196366,0.0111628,0.0526979,0.0115547,0.00859475
0.0230584,0.0149967,0.00882915,0.0258103,0.0062087,0.00847895
0.0188985,0.012768,0.00889938,0.0304997,0.00914693,0.00461726
0.010616,0.00692593,0.0095594,0.0568136,0.0118149,0.0161398
0.0166005,0.0110965,0.00508381,0.0245347,0.00660455,0.0103455
0.0182349,0.0125008,0.00613806,0.0370331,0.00736351,0.00547582
0.0106548,0.0070741,0.00313266,0.0110928,0.00329045,0.00376568
0.00958158,0.00684488,0.00185178,0.0187038,0.00437542,0.00596655
0.00650916,0.00436516,0.00302436,0.0121916,0.00287966,0.00291875
0.0398899,0.0249971,0.0117206,0.053078,0.0132859,0.0135214
0.0265331,0.0174371,0.00935286,0.041518,0.0116588,0.0133634
0.0230379,0.0150386,0.00695882,0.0350016,0.0104593,0.00869009
0.0230331,0.014728,0.0109541,0.0478983,0.0114797,0.017976
0.00899307,0.00589875,0.00288181,0.0143294,0.0040331,0.00775221
0.0125262,0.00833529,0.00564435,0.0184013,0.00427004,0.00355685
0.0178967,0.0115262,0.0293966,0.106157,0.0287645,0.0532012
0.0939999,0.0362929,0.0515543,0.279723,0.0741748,0.0950537
0.0980837,0.0388726,0.054183,0.250676,0.0576894,0.0828528
0.0347192,0.0217574,0.0101996,0.0460164,0.0101694,0.00934706
0.0128641,0.00886462,0.00556352,0.0237501,0.00600532,0.00440321
0.0449972,0.0282953,0.019182,0.079732,0.0240386,0.0429947
0.0281954,0.0185246,0.0115009,0.0635028,0.0173608,0.0281526
0.0211736,0.013956,0.00444816,0.0292227,0.00842058,0.00329656
0.0490642,0.0304508,0.0262714,0.0905485,0.0203861,0.0255561
0.00791011,0.00525291,0.00412306,0.00285247,0.00101251,0.00304244
0.0108311,0.00755073,0.00420002,0.0198565,0.00549352,0.00424481
0.0126864,0.00853583,0.00405152,0.0155101,0.00550013,0.0120493
0.00638792,0.00451749,0.00201079,0.0121226,0.00358609,0.0113801
0.035872,0.0225008,0.0297507,0.129832,0.0340463,0.0586977
0.03966,0.0251963,0.0111014,0.0546879,0.0167127,0.0100334
0.0299713,0.0199426,0.0129545,0.0650493,0.0175393,0.0339317
0.0133861,0.00873823,0.00500777,0.0220935,0.00505701,0.00653817
0.016523,0.0112321,0.00593292,0.0278998,0.00768741,0.0102602
0.00712606,0.00512788,0.00530949,0.0158374,0.00409652,0.00323955
0.0200262,0.0133633,0.00972881,0.0407949,0.010662,0.00497712
0.0112797,0.00763282,0.0051384,0.0274692,0.00650627,0.00714087
0.00689123,0.00476114,0.00303923,0.000411933,-0.000157273,0.00309775
0.0126738,0.00835421,0.0115706,0.0603123,0.018359,0.0237736
0.0194684,0.0132386,0.00711696,0.0426968,0.00831573,0.0164989
0.0110602,0.00503828,0.0039969,0.0414301,0.00979231,0.0178581
0.0193476,0.0114304,0.00517444,0.0505336,0.0103592,0.0249296
0.0342575,0.0216154,0.0125879,0.0557268,0.0135061,0.010342
0.0194586,0.0125528,0.00817997,0.0461374,0.0116851,0.0193997
0.0302481,0.0191498,0.0299554,0.124965,0.0300777,0.0264923
0.0334576,0.0217101,0.0311723,0.110889,0.0268204,0.0261187
0.0226052,0.015819,0.00835145,0.0524151,0.0139487,0.0166262
0.0301204,0.0179405,0.00998571,0.0569478,0.013672,0.0209129
0.00735147,0.00528456,0.00301594,0.00564852,0.00299175,0.00244546
0.0220383,0.0144189,0.00712622,0.0376401,0.00935237,0.0197867
0.0172214,0.0120183,0.00389224,0.034622,0.00891881,0.0074896
0.0123266,0.00842458,0.00392654,0.0239925,0.00678325,0.00450403
0.0286993,0.0190121,0.0122004,0.0312451,0.00709166,0.00971384
0.0102298,0.00684653,0.00403858,0.0183532,0.00518082,0.00161191
0.00678045,0.0047889,0.00306807,0.0129919,0.00394215,0.00180367
0.0217405,0.0141006,0.00759081,0.0365337,0.0101733,0.00716088
0.0196774,0.0134452,0.009084,0.0329752,0.00807723,0.0077945
0.00434929,0.00309158,0.00225798,0.00750815,0.00184313,0.00188244
0.0193148,0.013189,0.00721187,0.0392038,0.0126679,0.0136718
0.0460557,0.0257838,0.0512161,0.192662,0.0473474,0.0429368
0.0265481,0.0183214,0.00950073,0.0410011,0.0129699,0.0383765
0.00861801,0.00581395,0.00395454,0.0227885,0.00496438,0.00370741
0.0097554,0.00668129,0.00535239,0.0164987,0.00382064,0.00265199
0.015833,0.0100669,0.0105759,0.065605,0.0181008,0.036326
0.0228487,0.0156091,0.011278,0.0460071,0.011465,0.0371567
0.0310288,0.0207906,0.00931597,0.0457023,0.0102371,0.0180173
0.0211398,0.0141804,0.0115757,0.048931,0.0150321,0.0141745
0.0105583,0.0072652,0.00378869,0.0205543,0.00577015,0.00316578
0.0342908,0.0224622,0.0241338,0.0962022,0.0241041,0.0223631
0.01294,0.00886103,0.00539421,0.0345631,0.00903744,0.0145354
0.0060595,0.00392676,0.00351689,0.0111534,0.0039684,0.00105146
0.00832072,0.00571407,0.00249805,0.0255612,0.00586612,0.00500633
0.0373132,0.0242173,0.0186265,0.061428,0.015065,0.0269924
0.0130348,0.00861585,0.00400029,0.0285336,0.00769491,0.00389806
0.0198636,0.0131662,0.0090089,0.0400472,0.0106739,0.00857164
0.0370852,0.0208943,0.0263559,0.113357,0.0285251,0.0515568
0.011046,0.00810776,0.0055196,0.0220204,0.00528754,0.00300731
0.021872,0.0139737,0.00892242,0.0499584,0.0150892,0.0279043
0.00545301,0.0039393,0.00374692,0.027608,0.0114924,0.0222484
0.021723,0.014092,0.00746897,0.05105,0.0152406,0.0146792
0.0225142,0.0149518,0.00782909,0.0367081,0.00930703,0.0217953
0.0230508,0.0144839,0.00715725,0.0320806,0.0093531,0.00488014
0.0150473,0.0102731,0.00420314,0.0176604,0.00432087,0.00360497
0.0192101,0.0130028,0.00687433,0.0311287,0.00689879,0.0109457
0.0170823,0.0115566,0.00603347,0.024442,0.00630732,0.00934171
0.0213391,0.0140653,0.00445169,0.0433904,0.0111812,0.00736405
0.0151557,0.010544,0.00580228,0.0141816,0.00527655,0.0039342
0.0143701,0.00976118,0.00448525,0.00968556,0.00332918,0.00983901
0.0182166,0.0129272,0.00573387,0.0253887,0.00669329,0.0096702
0.0424354,0.0271383,0.0139738,0.0608335,0.0157571,0.0291418
0.0339847,0.0225765,0.0158003,0.0768748,0.019902,0.028672
0.0204503,0.0133803,0.00732236,0.0224783,0.00669043,0.0101874
0.0338351,0.0210433,0.039155,0.140699,0.0382663,0.0913761
0.0331952,0.0183882,0.0110365,0.0235529,0.00510136,0.00966512
0.0254041,0.0170044,0.0132052,0.0570577,0.0142169,0.010484
0.0191021,0.0125986,0.00799831,0.0386553,0.00933188,0.019148
0.0106621,0.00729484,0.00931381,0.0242155,0.00614802,0.0100318
0.0120243,0.00789202,0.00412895,0.0103925,0.00340117,0.00541181
0.0192546,0.013287,0.00662987,0.0219033,0.00465161,0.00624881
0.0115175,0.00781126,0.00253423,0.0167042,0.00510608,0.0114807
0.047522,0.0289489,0.0177078,0.0722309,0.0182947,0.0115469
0.0158149,0.0105985,0.00502443,0.0149224,0.00506792,0.00306433
0.00753944,0.005162,0.00376069,0.0164352,0.00440384,0.00121192
0.0132409,0.00906427,0.00430704,0.0210673,0.00660298,0.0170835
0.0265312,0.0177245,0.0092768,0.0358219,0.00935143,0.00821257
0.00999353,0.00685752,0.00407961,0.0240704,0.00705704,0.000732143
0.01724,0.0110196,0.00598207,0.053912,0.0107889,0.00734098
0.012484,0.00845175,0.00372119,0.0278943,0.0081728,0.00152599
0.0323035,0.0212249,0.010319,0.0407514,0.0115718,0.0321912
0.0101126,0.00686226,0.00278143,0.0215036,0.0065677,0.0051133
0.0115627,0.00821029,0.00500688,0.00574358,0.00147628,0.00463708
0.01594,0.0106833,0.00518095,0.0204185,0.00607556,0.00463627
0.00660567,0.00465779,0.00392108,0.018783,0.00354663,0.00668589
0.0292204,0.01937,0.0111845,0.064266,0.017338,0.0139835
0.00972949,0.00680825,0.00605258,0.021495,0.00517078,0.00369923
0.00774126,0.00507886,0.00286435,0.016409,0.00406281,0.00485341
0.0250815,0.0160158,0.00937675,0.041839,0.0116268,0.0111489
0.0288644,0.0185715,0.032977,0.129092,0.0367223,0.0699019
0.0109082,0.00740518,0.00582735,0.0294312,0.00718882,0.0061868
0.0478018,0.026413,0.0265738,0.101935,0.0237705,0.0265398
0.0153351,0.00911938,0.00687427,0.0301321,0.00725232,0.00710022
0.0111781,0.0067802,0.00485473,0.0233794,0.00447525,0.00514221
0.0524891,0.0329987,0.0123857,0.0812874,0.0206216,0.0110716
0.0130215,0.00854255,0.00502984,0.0240219,0.00698417,0.00756268
0.00805675,0.00528254,0.0030575,0.0072522,0.00392898,0.0023474
0.00943684,0.00631556,0.00128477,0.0243999,0.00529656,0.00294895
0.0271861,0.0170638,0.0105387,0.0376668,0.0112366,0.0221597
0.0146648,0.00577855,0.00655434,0.0225251,0.00539597,0.00900555
0.00539753,0.00368634,0.0024261,0.0113308,0.00385138,0.00070195
0.014327,0.00969636,0.00403381,0.000631203,0.0013571,0.00336816
0.00888502,0.00593413,0.00287379,0.0186613,0.00653832,0.00589484
0.0154254,0.0104433,0.00458224,0.013848,0.0038607,0.00358672
0.0344045,0.022202,0.0133442,0.0767473,0.0191432,0.0255939
0.00678879,0.00483409,0.00277439,0.00279924,0.000615659,0.00359383
0.0325497,0.0210574,0.0101568,0.0420886,0.00869173,0.00861472
0.0306714,0.0203564,0.0105453,0.0379924,0.00941333,0.0314718
0.0230752,0.0154023,0.00875851,0.0324747,0.00753885,0.00538185
0.0130951,0.00853097,0.0122466,0.023855,0.00687321,0.0118053
0.0121379,0.00822906,0.00838541,0.02474,0.00675563,0.012324
0.0171238,0.00679369,0.00717431,0.0256385,0.00794404,0.0101377
0.0168218,0.00682184,0.0069438,0.0237612,0.00606338,0.00882545
0.0120002,0.00775857,0.0039868,0.0280173,0.00740026,0.00776519
0.0160339,0.0112832,0.00541771,0.0201577,0.00796008,0.00717882
0.0232586,0.0155629,0.00615578,0.0225055,0.00636321,0.00867999
0.0267907,0.0180805,0.0108405,0.041657,0.0122042,0.0239669
0.0146496,0.00958642,0.00736729,0.0272685,0.00788696,0.00574758
0.0240717,0.0104395,0.00670498,0.0548399,0.013485,0.0127107
0.0240992,0.0104091,0.00669,0.0548031,0.0117861,0.0119141
0.0141406,0.0101179,0.00522648,0.028419,0.00746111,0.0026666
0.00794312,0.00590229,0.00307427,0.00882112,0.00308559,0.00345681
0.065137,0.0373672,0.0338018,0.129375,0.0333433,0.0660669
0.00497585,0.0037789,0.00292661,0.0129139,0.00394727,0.00659983
0.0158362,0.0109429,0.00659445,0.023423,0.00476651,0.0109
0.0131794,0.00885105,0.00429426,0.0284509,0.00772582,0.00791649
0.0183904,0.012195,0.0175636,0.0659108,0.0169275,0.0396235
0.0165614,0.0110131,0.00387877,0.0273382,0.00603656,0.0053984
0.0179032,0.0123911,0.00661159,0.0591434,0.0175772,0.0113382
0.00531447,0.00378893,0.00257368,0.0169077,0.00299737,0.00146708
0.00835583,0.00623392,0.00255475,0.0187991,0.00394304,0.00640098
0.018458,0.0128997,0.0101191,0.030528,0.00888866,0.0248202
0.0144731,0.00927106,0.00397361,0.0273055,0.00769132,0.0107401
0.0110108,0.00731894,0.0157018,0.0879622,0.0218307,0.0352314
0.0211672,0.0145957,0.00703069,0.0273994,0.00754398,0.00869805
0.0235205,0.0155164,0.0184092,0.0426425,0.00913695,0.0134992
0.0292537,0.0183624,0.034158,0.138817,0.0349164,0.0475839
0.0138891,0.00965703,0.00456516,0.0148936,0.00618548,0.010724
0.00537697,0.00370917,0.00290527,0.0139094,0.00297823,0.00515719
0.0429007,0.0267882,0.0195249,0.101049,0.0236842,0.0196102
0.0314464,0.0203622,0.0125866,0.0705163,0.0202231,0.0300936
0.00864128,0.00547761,0.00410914,0.0179957,0.00432554,0.00449684
0.0149521,0.0103165,0.00446178,0.0276346,0.00580588,0.00994607
0.0328662,0.0217783,0.00955585,0.0424127,0.00982907,0.0102861
0.0112709,0.00775115,0.00537404,0.0269048,0.00408967,0.00512333
0.0219738,0.0141632,0.0215858,0.0593792,0.0165777,0.0267339
0.0113475,0.00723577,0.00493658,0.0227912,0.00739932,0.00660952
0.00592224,0.00421493,0.00188724,0.0141999,0.0045178,0.00981018
0.009086,0.00613557,0.00277105,0.0192224,0.00531251,0.00810164
0.00489343,0.00335574,0.00229433,0.0145789,0.00355213,0.00304307
0.0146624,0.010001,0.0140429,0.0625249,0.0157561,0.0232036
0.0110065,0.00762492,0.00695804,0.00683,0.000381594,0.00741123
0.0154826,0.0107096,0.00567597,0.0198423,0.0057759,0.00491333
0.050555,0.0311054,0.0127054,0.0684845,0.0177824,0.0367114
0.0147898,0.0102404,0.0074696,0.0155535,0.0044936,0.0115467
0.00514255,0.0032508,0.0113984,0.0275258,0.00643502,0.00457877
0.0111244,0.00745733,0.00532093,0.0207791,0.00576739,0.00361329
0.0154021,0.0107459,0.00675062,0.046719,0.0136278,0.0166871
0.0175052,0.0113217,0.0103529,0.0494139,0.0124688,0.0327884
0.0218507,0.0143806,0.00513901,0.0282648,0.00822514,0.00449529
0.0324757,0.0214853,0.0327068,0.0391963,0.00859731,0.0342038
0.0097015,0.00671724,0.00785675,0.038574,0.0108237,0.00813642
0.00611623,0.00456779,0.00283555,0.0160718,0.00365235,0.0026233
0.0100389,0.00678792,0.00392471,0.0214361,0.00564532,0.00586667
0.0056738,0.00394879,0.00244104,0.0129009,0.00315556,0.00161382
0.00629922,0.00428777,0.00265815,0.0104235,0.00344649,0.00532736
0.00539094,0.00361658,0.00308207,0.016938,0.00324864,0.00417863
0.0486592,0.0304599,0.0258884,0.0867519,0.0218697,0.0739259
0.0116657,0.00791218,0.00671733,0.0172508,0.00398461,0.00571453
0.0208979,0.00959331,0.0088741,0.0446163,0.0133888,0.0116449
0.021852,0.0128946,0.0232833,0.0655387,0.019031,0.0208812
0.0238746,0.015659,0.00956183,0.0395949,0.010543,0.0107194
0.0113726,0.00788087,0.00710848,0.065311,0.0175467,0.0115604
0.0134762,0.00972093,0.00692227,0.0182559,0.00467326,0.00185099
0.0242434,0.0155203,0.0082918,0.0437253,0.0114477,0.0252355
0.00741246,0.00422304,0.00335229,0.00850286,0.00235116,0.00429818
0.0175343,0.0119915,0.0067165,0.027297,0.00730848,0.0218909
0.00829232,0.00586827,0.00341184,0.031172,0.0089687,0.0186766
0.0168604,0.0115038,0.0041667,0.0282172,0.00775825,0.0158607
0.0229815,0.0152471,0.011171,0.0562354,0.0142455,0.00543938
0.0175577,0.0117422,0.0141828,0.0855319,0.0234116,0.0622491
0.0188723,0.0127582,0.00551321,0.0329921,0.0108795,0.022303
0.0181861,0.0128972,0.00448248,0.0246133,0.00520472,0.00768544
0.0235671,0.0157691,0.00899127,0.045179,0.0115345,0.00985129
0.00653472,0.00441197,0.00373897,0.0177453,0.00416345,0.00309423
0.012408,0.00833126,0.00528975,0.0142452,0.00495471,0.00358772
0.0152282,0.0102785,0.00238517,0.0213301,0.00403759,0.00202128
0.0226691,0.0095552,0.0183001,0.0912826,0.020082,0.0108731
0.0226415,0.00952643,0.0167546,0.0776066,0.0155395,0.00954348
0.0240455,0.0160692,0.0191431,0.0467755,0.0116298,0.0188186
0.0266239,0.0176018,0.00985391,0.0496481,0.0124113,0.0161478
0.00723653,0.00507594,0.00372288,0.0150667,0.00539781,0.00646802
0.00859574,0.00595254,0.00343998,0.0135181,0.00415874,0.00572404
0.011095,0.00744963,0.00390366,0.0203625,0.00609809,0.00471426
0.0101757,0.0068572,0.00284332,0.0156205,0.00414873,0.00417335
0.0143762,0.00971136,0.00409412,0.028775,0.00727988,0.00779404
0.00762718,0.00559506,0.00310577,0.00431342,0.000622156,0.00161501
0.0259651,0.0167035,0.010429,0.0570253,0.0130119,0.0039461
0.0194022,0.0128191,0.00805539,0.0341518,0.00827339,0.0100701
0.0284815,0.0189239,0.0115393,0.0811402,0.0216582,0.0242871
0.0250823,0.01693,0.00587331,0.0318129,0.00623606,0.00429217
0.0157426,0.0102982,0.00910007,0.0311,0.00692731,0.0102881
0.0147964,0.0102737,0.00372568,0.0241458,0.0049315,0.00661685
0.0142771,0.00984631,0.00539481,0.0324729,0.00874223,0.0103975
0.0104664,0.00705892,0.00586922,0.0253169,0.00531915,0.00510454
0.0110037,0.00781493,0.00398733,0.0173767,0.00295074,0.0120194
0.0061522,0.00417455,0.00181215,0.0127282,0.00293619,0.00636158
0.00953712,0.00638517,0.00517692,0.0112102,0.00344,0.00406922
0.00871733,0.00594128,0.00275737,0.00232394,0.00110949,0.00541465
0.0273112,0.0182885,0.00914473,0.0409793,0.010049,0.00469742
0.0262673,0.0159262,0.0122685,0.0496863,0.0142818,0.014411
0.0310472,0.0203306,0.0115614,0.0400269,0.011353,0.0234136
0.0442969,0.0272282,0.0146472,0.0309789,0.00847884,0.0305903
0.0265265,0.0155856,0.00745763,0.0336535,0.0100589,0.0173281
0.0256737,0.0169271,0.0114848,0.0725586,0.0173763,0.0135223
0.0495385,0.0307209,0.0200227,0.0574181,0.0138915,0.00811135
0.00815514,0.00536058,0.00210961,0.0246205,0.00913135,0.0109748
0.0268856,0.0178652,0.00810166,0.0333764,0.00686727,0.017578
0.00807585,0.00552306,0.00327443,0.0199563,0.00507366,0.00158113
0.00648992,0.00514534,0.00373707,0.0550352,0.0141025,0.0167333
0.0177971,0.0121768,0.00492484,0.0200006,0.0057587,0.00170171
0.0202906,0.0133601,0.0071352,0.0207639,0.00693623,0.0103428
0.00505149,0.0036561,0.00210472,0.0348616,0.0103011,0.0157642
0.0115007,0.00743229,0.00308148,0.0353156,0.00918497,0.00315004
0.0203808,0.0133667,0.0202932,0.0714564,0.018432,0.0425308
0.0276028,0.0174197,0.0156009,0.0571553,0.0168182,0.0132001
0.0183696,0.0123739,0.011565,0.0811968,0.017412,0.00857492
0.0118259,0.00834739,0.00393407,0.0266127,0.00774855,0.00541167
0.0237149,0.0150804,0.0353183,0.149109,0.0429246,0.0908706
0.0253072,0.0165902,0.0137584,0.0406231,0.0120934,0.0250006
0.0190733,0.0122717,0.00560797,0.0307445,0.00629584,0.0171159
0.0292225,0.0184969,0.0141276,0.0947899,0.024446,0.0248125
0.021015,0.0130775,0.00708499,0.0333399,0.00955259,0.015757
0.0155111,0.00910239,0.00756809,0.0230003,0.00474929,0.00443946
0.012172,0.00504784,0.00721375,0.0300888,0.00646957,0.00533425
0.0484483,0.0221808,0.0239625,0.0775041,0.0191491,0.0169033
0.0460175,0.0221926,0.0225059,0.0669129,0.0150705,0.014979
0.0102124,0.00672966,0.00362211,0.0176131,0.00400038,0.00234287
0.0266419,0.0178868,0.0198442,0.0638427,0.0162783,0.00968515
0.0257538,0.0145425,0.00718937,0.0389336,0.010107,0.00832333
0.00699494,0.00501136,0.00335522,0.0148739,0.00499264,0.00255055
0.0125533,0.00843228,0.00389006,0.0206752,0.00606011,0.00257941
0.0326944,0.0211177,0.0116461,0.052801,0.0140579,0.0158472
0.0244405,0.0163179,0.00912029,0.0445695,0.012377,0.00816509
0.0102653,0.00711588,0.0036407,0.0220955,0.00641206,0.0086182
0.0232103,0.0150401,0.0115572,0.0512253,0.0142916,0.0282774
0.00665221,0.00457725,0.00177996,0.0132366,0.00478587,0.00599045
0.01069,0.00764348,0.00454483,0.0198576,0.00544424,0.00551281
0.0305684,0.0193848,0.0117814,0.0602604,0.0152046,0.0119354
0.0518947,0.0316893,0.0146972,0.125675,0.0335036,0.0261919
0.0429012,0.0265834,0.0204576,0.0876406,0.0209625,0.0157586
0.0324268,0.0211958,0.0109625,0.0470717,0.00950932,0.018545
0.0201701,0.0137563,0.00721882,0.0192941,0.00662299,0.00492406
0.0153089,0.0104368,0.00538614,0.0281696,0.00787822,0.00178844
0.0102422,0.00703463,0.00318642,0.0167586,0.0044748,0.00274754
0.0196383,0.0131663,0.00663006,0.036475,0.009659,0.00530069
0.0176572,0.0117192,0.00504622,0.0301698,0.00551906,0.00603084
0.00675255,0.00501706,0.00252948,0.0178034,0.00417939,0.00461531
0.0126943,0.00855322,0.00404927,0.0179528,0.00334404,0.00474362
0.0135094,0.0089699,0.00447118,0.0300911,0.00765474,0.00283599
0.00854261,0.00555568,0.00382763,0.0166636,0.00541677,0.0101191
0.0138739,0.00945892,0.00464923,0.00957406,0.00131101,0.0122821
0.0131314,0.0085742,0.00537664,0.0082981,0.00191564,0.00856428
0.033262,0.0217243,0.0161072,0.0697858,0.0182866,0.0324343
0.0056918,0.00379405,0.00123954,0.0148073,0.00263063,0.0026743
0.0131264,0.00910307,0.00379235,0.0159111,0.00396555,0.0139783
0.0131285,0.00902768,0.00600649,0.0376887,0.0113747,0.0209217
0.00545094,0.00373186,0.00295034,0.00429874,-0.000660812,0.00273423
0.0158342,0.0108352,0.0110874,0.056904,0.0132214,0.0130646
0.00802255,0.00570465,0.00280884,0.0169416,0.00501943,0.00266325
0.0174935,0.0116292,0.00595862,0.0218994,0.00585238,0.0109817
0.0161212,0.0104203,0.00564025,0.0192766,0.00545929,0.00685654
0.0048387,0.00340436,0.0040364,0.0017474,0.00121102,0.00199511
0.0108308,0.00729427,0.00543003,0.0157129,0.00323317,0.00504397
0.00921821,0.00626217,0.00694565,0.00749381,0.00182747,0.0103135
0.0169843,0.0111048,0.00642919,0.0263727,0.00628836,0.00711601
0.0138418,0.00945009,0.00478445,0.0141167,0.0045375,0.00255792
0.00511873,0.00323957,0.00293552,0.0130407,0.00246358,0.00309525
0.0065078,0.00479953,0.00252013,0.0196986,0.00430228,0.00419326
0.0107232,0.00746284,0.00641549,0.02008,0.00460854,0.00240989
0.0128318,0.00899872,0.00962905,0.0188546,0.00624445,0.0142616
0.0334079,0.0219701,0.0213189,0.111343,0.0278202,0.024719
0.00673891,0.00489147,0.0020319,0.0172954,0.00369639,0.00275715
0.0426118,0.0283034,0.0169782,0.065889,0.0172155,0.0134064
0.0509307,0.0299638,0.0157826,0.088516,0.0212144,0.0176718
0.00500625,0.00364905,0.00217684,0.0150147,0.00413967,0.00169244
0.0214283,0.00790211,0.00919001,0.0355008,0.00810184,0.00951124
0.0216357,0.00803044,0.00912585,0.0369588,0.00753874,0.00852277
0.0196815,0.0131366,0.00775973,0.0559454,0.0132916,0.0105256
0.0269342,0.0173193,0.00852702,0.0442167,0.0104456,0.0195469
0.0225898,0.0142742,0.0173171,0.116685,0.0327343,0.0850748
0.0197322,0.0133485,0.0048418,0.0178406,0.00776105,0.0148696
0.019413,0.0129211,0.00514882,0.0333478,0.00837235,0.0135568
0.0404875,0.0266807,0.0135414,0.0400455,0.00936217,0.008369
0.0123664,0.00830337,0.00539143,0.0101597,0.0018101,0.00906385
0.00943486,0.00697555,0.00964421,0.0192319,0.00354711,0.0104871
0.00499268,0.00367041,0.00203405,-0.000957589,-0.000220502,0.0046618
0.0256757,0.0169629,0.0105141,0.0529593,0.00956949,0.0130048
0.0166567,0.0116636,0.00599756,0.0348486,0.00738182,0.00547751
0.0247192,0.0162102,0.00872651,0.0468848,0.0115284,0.0147225
0.00581136,0.00418761,0.00170475,0.0148103,0.00205813,0.00123387
0.0089271,0.00583859,0.00433377,0.021335,0.00307579,0.00253196
0.0133408,0.00889836,0.0142823,0.0347431,0.00969212,0.0149335
0.0176113,0.0117609,0.0165007,0.062471,0.0194687,0.0226547
0.0169731,0.0114525,0.00553774,0.0373608,0.0105725,0.00176931
0.0487635,0.0282633,0.0204885,0.132559,0.0335525,0.0210833
0.0261273,0.017487,0.0201174,0.0957767,0.025169,0.0282956
0.0106814,0.00718198,0.00385793,0.0123715,0.00411766,0.0044803
0.00791425,0.00552793,0.00270666,0.0166362,0.00633434,0.0122014
0.012716,0.00835085,0.00435152,0.0194834,0.00344276,0.00332578
0.00952424,0.00630571,0.00185676,0.014556,0.003185,0.00842938
0.0391284,0.0253579,0.0163874,0.0585293,0.0151927,0.0237117
0.085979,0.0446197,0.0298391,0.112286,0.0276037,0.0191912
0.00720523,0.00504268,0.00338388,0.0192977,0.00467131,0.00615242
0.0385983,0.0247443,0.0101214,0.0669463,0.0178173,0.0139025
0.0129706,0.00840057,0.00382275,0.0191405,0.00620497,0.00452737
0.0222233,0.015097,0.00889832,0.0279541,0.00777264,0.00409336
0.0391624,0.0252059,0.0155328,0.0797755,0.0199683,0.0215048
0.00984166,0.006652,0.00396453,0.0245927,0.00546177,0.00169325
0.0310828,0.0148984,0.015904,0.0565684,0.0141981,0.0175455
0.0292796,0.0150291,0.0148116,0.0532371,0.0110721,0.0147608
0.0109178,0.00738401,0.00205091,0.0232417,0.00514763,0.00507601
0.0168089,0.0111761,0.0106292,0.0662134,0.0177052,0.0376644
0.00797778,0.00561595,0.00294743,0.0182878,0.00572899,0.00644018
0.0126555,0.00843915,0.00394039,0.0257055,0.00602793,0.00450634
0.0166391,0.0111323,0.006206,0.0222676,0.00542453,0.00617451
0.00629787,0.00459673,0.00215478,0.0110646,0.0030846,0.00318206
0.0117211,0.00810599,0.00369401,0.0101088,0.00265013,0.00574774
0.019956,0.0136644,0.014372,0.0730736,0.0202039,0.0141279
0.0326284,0.0214542,0.0146333,0.0532591,0.0141307,0.0104174
0.0224712,0.013973,0.0118401,0.0635055,0.0170209,0.021686
0.0142325,0.00962088,0.00505252,0.0215659,0.00607187,0.00603431
0.0229136,0.0149807,0.0175967,0.0469141,0.0139808,0.0335042
0.0235683,0.0157671,0.00619736,0.0354284,0.00832712,0.00355985
0.0279236,0.0181462,0.00667218,0.0449155,0.010057,0.00622663
0.0360471,0.0231941,0.0110056,0.0395472,0.00878603,0.0127275
0.0120079,0.00814192,0.0100096,0.0268225,0.00527778,0.0143838
0.016013,0.0106736,0.00838649,0.0549334,0.0123923,0.0184706
0.0247667,0.0162874,0.00591929,0.0369752,0.00851198,0.00368395
0.00482076,0.00347764,0.00190548,0.00245521,0.000793432,0.00305476
0.0084444,0.00631177,0.00304524,0.0224189,0.00452086,0.00456785
0.0195671,0.0131778,0.0065049,0.0286051,0.00676918,0.00604977
0.0115873,0.00766302,0.0058505,0.0222949,0.00673364,0.00765193
0.0203455,0.0130809,0.00674775,0.0374156,0.00876892,0.011497
0.0255594,0.0172663,0.00845336,0.0413828,0.0109162,0.0145435
0.0161839,0.0112724,0.00543458,0.0163915,0.00516387,0.00990396
0.00880203,0.00601766,0.0038404,0.018069,0.00414122,0.0128833
0.00729221,0.00505114,0.00822219,0.0240898,0.0072101,0.00507262
0.0190602,0.0131618,0.00594709,0.0229107,0.00548001,0.00439818
0.0092467,0.00629832,0.0033803,0.0227791,0.00634697,0.010582
0.0233045,0.0159968,0.0099287,0.0355032,0.00838826,0.0109771
0.0202407,0.0137772,0.00696774,0.0294034,0.00747974,0.00700549
0.056482,0.0353139,0.0703419,0.305673,0.0838647,0.117376
0.0647752,0.0369055,0.0185572,0.0819192,0.020273,0.0249452
0.00575354,0.0037373,0.00227636,0.0150713,0.00262988,0.00277964
0.0196241,0.0131543,0.00679385,0.0315861,0.00777886,0.0159936
0.0114095,0.00795253,0.00377768,0.0220362,0.00577776,0.0137412
0.0119084,0.00760909,0.00474498,0.0277613,0.00816648,0.00521569
0.017729,0.0121108,0.00598031,0.0152923,0.00517789,0.00949878
0.024725,0.0160499,0.0132814,0.0978877,0.0218217,0.0288368
0.0188163,0.0128549,0.0120583,0.0618126,0.0149878,0.0228369
0.00580097,0.00410701,0.00261293,0.0173541,0.00328028,0.00174215
0.0181528,0.0123239,0.00576979,0.0332783,0.00794021,0.00898496
0.0243858,0.0157791,0.00535193,0.0246565,0.00645064,0.00734482
0.0521467,0.0290788,0.0381308,0.0507707,0.0124042,0.0580058
0.0149979,0.0102771,0.00906874,0.0355468,0.00804403,0.00515102
0.0392041,0.0251399,0.0138972,0.0313083,0.00865625,0.0107345
0.0350261,0.0215698,0.0175141,0.0699241,0.0174801,0.0179325
0.0256754,0.0160688,0.00940125,0.0500381,0.0129983,0.0143925
0.0106636,0.00742658,0.0032389,0.0194169,0.00331337,0.00199847
0.0111306,0.00748299,0.0042836,0.0313686,0.00513169,0.0024637
0.0117616,0.00802618,0.0042899,0.0229838,0.006039,0.0032292
0.0463997,0.0287013,0.0146308,0.0663472,0.015088,0.00941144
0.0316014,0.0130947,0.0160048,0.0837567,0.0220774,0.0259559
0.0386748,0.0122309,0.0174698,0.0706609,0.0159458,0.0238684
0.0244115,0.0120069,0.00800294,0.0257593,0.00581935,0.0107039
0.019883,0.0136039,0.00724643,0.0245655,0.00629601,0.0162454
0.0108474,0.00636625,0.0073359,0.0221201,0.00468082,0.0133377
0.0371755,0.0241115,0.0105607,0.0469788,0.0134591,0.0195238
0.0324242,0.0191207,0.0143808,0.0818028,0.0191745,0.0192501
0.0223978,0.0146446,0.00923836,0.0121399,0.00126629,0.0326489
0.00594843,0.00436528,0.00243093,0.00981651,0.00105837,0.00131307
0.00665939,0.00467578,0.00234208,0.0149635,0.00337401,0.00383487
0.0157002,0.0107489,0.00731479,0.0639468,0.0153798,0.0186749
0.0100616,0.0068913,0.00734457,0.0481655,0.0121793,0.0107627
0.00545556,0.00369876,0.00427993,0.0156982,0.00345125,0.00317378
0.0151237,0.0099406,0.00476022,0.0189821,0.00533703,0.00318462
0.0417434,0.0219706,0.0179021,0.0819581,0.0216462,0.028173
0.036152,0.0210649,0.015595,0.0574122,0.0128714,0.01866
0.0166931,0.0110707,0.00381318,0.0295708,0.00931514,0.00678377
0.00876985,0.00617208,0.0106659,0.0192242,0.00435752,0.00751541
0.0131104,0.00873719,0.00406787,0.02507,0.00486263,0.00333237
0.0125792,0.00852932,0.00554536,0.0211798,0.00593199,0.00897765
0.00465679,0.0032969,0.00232621,0.0079476,0.00399384,0.00235064
0.0367156,0.0244954,0.014865,0.0536808,0.0142128,0.0414364
0.0140786,0.0074067,0.0104595,0.0720547,0.0187209,0.0236894
0.0118535,0.00521814,0.00768728,0.0445299,0.00929568,0.0145667
0.0764288,0.0393537,0.0411624,0.149396,0.0398626,0.0778179
0.00886988,0.00632001,0.00529855,0.0221747,0.00654406,0.00680562
0.00599227,0.00424994,0.00272312,0.0129521,0.00359822,0.00200748
0.00969807,0.00671968,0.00343796,0.0151127,0.00439058,0.00323246
0.0132223,0.00880037,0.00495287,0.0256745,0.00596928,0.00433127
0.0393765,0.0246624,0.00977492,0.0551345,0.0130093,0.024564
0.00761232,0.00502438,0.00287006,0.0203048,0.00387347,0.00497821
0.0530187,0.0282399,0.0165806,0.082859,0.0204591,0.0297204
0.0349465,0.0231311,0.0107242,0.0474734,0.0095533,0.0149468
0.0169591,0.0107846,0.00706556,0.0296007,0.00704612,0.00746459
0.0101236,0.00681466,0.00342251,0.0196964,0.00501477,0.00395141
0.00629736,0.00428525,0.00278459,0.0168886,0.00615556,0.00567866
0.00542578,0.00390677,0.0110781,0.0597747,0.0141689,0.0170055
0.00553005,0.0041519,0.00244943,0.0099199,0.00270627,0.00467564
0.0297658,0.0188239,0.0149479,0.0817821,0.0213038,0.0165676
0.00948528,0.00624214,0.00278168,0.0193096,0.00383887,0.00471879
0.0171674,0.0119715,0.00426016,0.0108751,0.00477323,0.00721633
0.00921406,0.00606077,0.00360004,0.0181395,0.00345303,0.00428509
0.0249196,0.0172098,0.00821385,0.046383,0.0119782,0.00462084
0.00445564,0.00333834,0.00179263,0.00856145,0.00204324,0.00415165
0.0222453,0.0150611,0.00858594,0.0478197,0.0132358,0.0171708
0.0165432,0.0113973,0.00443704,0.0408631,0.0107706,0.0118717
0.012144,0.0079334,0.00583779,0.0225255,0.00467435,0.00246585
0.00699342,0.00472505,0.00266394,0.0120961,0.00170832,0.00312415
0.0156823,0.0106165,0.0105622,0.0417351,0.0104355,0.0136089
0.0226155,0.0140679,0.0311047,0.112995,0.0314549,0.0535037
0.0424407,0.0266755,0.0188889,0.101056,0.0257807,0.0263598
0.0238017,0.0149275,0.0113049,0.0537937,0.0138595,0.0252145
0.00859939,0.00569824,0.00463515,0.0312722,0.00678277,0.00866593
0.0100311,0.00571978,0.00495754,0.0360111,0.00722529,0.00819454
0.011046,0.00747863,0.00376905,0.016793,0.00404535,0.00508913
0.00840037,0.00584649,0.00105205,0.0179094,0.00667211,0.0049865
0.00438106,0.00308341,0.00217961,-0.000490722,-0.000272229,0.00227019
0.0255028,0.0159366,0.0160997,0.0909261,0.0229972,0.0201817
0.00555055,0.00369127,0.00150629,0.0101595,0.00367862,0.00103899
0.0220721,0.0144082,0.00473736,0.0358707,0.00845816,0.0133615
0.0579527,0.0336994,0.0238001,0.0869206,0.0245091,0.0462201
0.0158739,0.0110691,0.0057901,0.0192002,0.00546652,0.0022688
0.0142736,0.00736162,0.00632986,0.0318378,0.00798943,0.0132998
0.00995918,0.00405886,0.00483306,0.0212255,0.00365794,0.0059546
0.0445764,0.0285827,0.0132094,0.0569813,0.0131091,0.023264
0.0153842,0.0102444,0.00789547,0.0226874,0.00773102,0.00812896
0.00943108,0.00616811,0.00298321,0.00725294,0.00298565,0.00327255
0.00505227,0.00359998,0.00256708,0.00660291,0.00165294,0.00251362
0.0209363,0.0141105,0.0142804,0.0411158,0.0109931,0.00899543
0.012897,0.00898168,0.00312981,0.0305126,0.00798159,0.00568861
0.0113166,0.00754935,0.00531047,0.024188,0.00510066,0.00362852
0.0135899,0.00908905,0.00422641,0.0228165,0.00460295,0.00373639
0.0107091,0.00741183,0.00746156,0.0544314,0.0136481,0.0151629
0.0228312,0.0151318,0.00880508,0.0574035,0.0140561,0.00915623
0.0258103,0.0173621,0.0174869,0.0533671,0.0133551,0.0258878
0.0281826,0.0179309,0.0202913,0.0794772,0.0202263,0.0287723
0.0310106,0.0184234,0.0218258,0.0896021,0.0208274,0.0428857
0.0117706,0.00830289,0.00488008,0.0366537,0.00957185,0.00707564
0.0257281,0.0150785,0.00994811,0.0339314,0.0107737,0.00703124
0.0190176,0.00991086,0.00840082,0.0297731,0.00757546,0.0115836
0.0373309,0.0205612,0.00962214,0.0524843,0.0150942,0.0112758
0.0152479,0.00967784,0.0308566,0.168291,0.0381678,0.0347028
0.00980637,0.00668713,0.00628234,0.0232654,0.00528763,0.00425323
0.00631319,0.00427132,0.00248442,0.0104559,0.00198571,0.00446559
0.0174562,0.0117922,0.00582449,0.030492,0.00674846,0.00108986
0.0156696,0.0103194,0.00270578,0.0190746,0.00448905,0.00338613
0.0094501,0.00683331,0.00375824,0.0197401,0.00476801,0.0120343
0.0237086,0.016279,0.0168233,0.0128213,0.00177941,0.00611275
0.0129856,0.00933981,0.00544191,0.010465,0.00413406,0.00594284
0.0113228,0.00765941,0.0041164,0.0133098,0.00535724,0.00287828
0.0250609,0.0159235,0.0309581,0.130128,0.0350553,0.0695734
0.0299585,0.0196135,0.0101297,0.0605752,0.0143859,0.0302441
0.0619812,0.0354064,0.0244776,0.114029,0.0306863,0.0315416
0.00842151,0.00591503,0.00292265,0.0177022,0.00394143,0.00675985
0.0149609,0.0101358,0.00633899,0.0380833,0.00808889,0.0138314
0.0274894,0.018243,0.0286217,0.0989728,0.0232946,0.0202162
0.0431927,0.0234361,0.0579229,0.183797,0.0475765,0.087207
0.0437063,0.0278842,0.0168169,0.0810079,0.018656,0.011097
0.0209624,0.0119219,0.00887168,0.0336841,0.00825032,0.0119947
0.0159634,0.0113506,0.00621628,0.0302486,0.00606371,0.0117743
0.00561528,0.00360514,0.00266804,0.0161381,0.00404999,0.00354486
0.0318302,0.0204496,0.0534885,0.253437,0.0695165,0.126729
0.0243101,0.015871,0.00598434,0.051778,0.0123345,0.0193442
0.00847396,0.00609946,0.00349291,0.0179783,0.00562921,0.00558265
0.00901994,0.00609499,0.00462257,0.0373935,0.00980003,0.0190019
0.0230046,0.0154969,0.00754512,0.0408205,0.00995407,0.011887
0.0136401,0.00979759,0.00859949,0.0302951,0.00832858,0.00912305
0.0377059,0.0237518,0.0120283,0.0714814,0.0217324,0.0129007
0.0149756,0.00980548,0.00621032,0.0726856,0.0177374,0.0132488
0.0176388,0.0118665,0.00339041,0.0283302,0.00787811,0.00997315
0.035066,0.0228232,0.00994153,0.055345,0.0152926,0.0239669
0.0323634,0.0211707,0.00941249,0.0497878,0.0128035,0.00750597
0.0125352,0.00509877,0.00827561,0.0486006,0.0158706,0.0197441
0.0179163,0.0106789,0.0211861,0.0855743,0.0226728,0.0371725
0.0108713,0.00776502,0.0042538,0.0152391,0.00457883,0.00411208
0.013098,0.00814378,0.0037795,0.0439747,0.0111516,0.00468513
0.0149162,0.00779078,0.00418963,0.0311182,0.00731368,0.0104233
0.0135855,0.00894247,0.0112067,0.0850024,0.019993,0.0147682
0.0320591,0.0214309,0.0246995,0.0506404,0.0131176,0.0225307
0.0202933,0.0091336,0.00805522,0.0624159,0.0155718,0.0162725
0.0223466,0.00913197,0.00838271,0.0602753,0.0131977,0.0148041
0.0222722,0.0154002,0.0107759,0.0409304,0.0107417,0.0183602
0.0513498,0.0312736,0.0202373,0.0483515,0.0110378,0.0282367
0.0471315,0.0267846,0.0288943,0.174734,0.0429597,0.0421347
0.0238842,0.0156088,0.0117126,0.0566424,0.0152339,0.0120677
0.0197252,0.0138267,0.012027,0.0362355,0.00820607,0.00829203
0.0283866,0.0185392,0.0174402,0.0509714,0.0123521,0.0074574
0.00704975,0.00490675,0.00388141,0.0198445,0.0037628,0.00569117
0.0230612,0.0156285,0.00652205,0.040686,0.0108494,0.0107852
0.0172111,0.0111091,0.00431254,0.0281968,0.00705197,0.00974794
0.0117728,0.0080841,0.00435732,0.00903087,0.00129048,0.00730599
0.0187236,0.0125335,0.0140594,0.0795166,0.0203885,0.0262013
0.0285011,0.0189258,0.00903609,0.0341163,0.0099307,0.0213608
0.029999,0.0149235,0.0117148,0.0496199,0.015352,0.0181879
0.00790307,0.00572628,0.0024344,0.020104,0.00557032,0.00161675
0.0288623,0.0148625,0.0238934,0.108281,0.0297121,0.0715092
0.0259681,0.0149565,0.0226718,0.101074,0.0253575,0.0695411
0.0182445,0.0121413,0.00659999,0.0283998,0.00726365,0.00566925
0.0073979,0.00461561,0.00330536,0.0175563,0.00653073,0.0014872
0.0100393,0.00661446,0.00276762,0.017591,0.00186074,0.00464011
0.0158818,0.00991016,0.00607587,0.0591082,0.0143783,0.017651
0.0452372,0.025909,0.0383738,0.190855,0.0491427,0.119476
0.0141536,0.00962443,0.00583077,0.0259394,0.00582474,0.00624992
0.01266,0.00862283,0.00529452,0.00459547,-0.000257833,0.0110478
0.0197699,0.013204,0.00810473,0.0343305,0.00884033,0.0102376
0.0302431,0.0190769,0.0100409,0.0398984,0.0111105,0.0189492
0.012195,0.00781995,0.00972782,0.0375351,0.0092449,0.0128818
0.0221974,0.0144839,0.00764153,0.0397247,0.0127058,0.0289644
0.00958287,0.00412165,0.00375489,0.0177887,0.00267034,0.00791771
0.0459684,0.0194288,0.0270905,0.133128,0.0382043,0.058052
0.0563715,0.0231159,0.0307391,0.128082,0.0306286,0.0477971
0.0290051,0.0127615,0.0117993,0.0745994,0.0167524,0.0177822
0.0320058,0.0134884,0.0109252,0.0593616,0.0149697,0.0134121
0.0307079,0.0134205,0.0104937,0.0542947,0.0122779,0.0118646
0.0158782,0.0105705,0.00403925,0.0183749,0.00541854,0.0130124
0.0512576,0.0295392,0.021536,0.067699,0.0177078,0.0265161
0.0280583,0.0179223,0.0203553,0.0862901,0.0196576,0.0175245
0.0374241,0.0192119,0.0128898,0.065297,0.0180379,0.0114493
0.0301418,0.0139179,0.0104607,0.0468537,0.0121736,0.00753426
0.00696403,0.00470222,0.00234666,0.0173945,0.0078509,0.00542215
0.0092132,0.00614658,0.00362255,0.0180729,0.00395288,0.00617683
0.0123714,0.00859006,0.00466101,-0.000280688,0.000897236,0.00349999
0.00924778,0.00679624,0.00772553,0.0345069,0.00911945,0.00437218
0.0139552,0.00945244,0.00389459,0.0336532,0.00925287,0.0135276
0.0143224,0.00919316,0.00932185,0.0526645,0.0135481,0.0291888
0.0153898,0.00991319,0.00436826,0.0166945,0.00500649,0.00559715
0.0135805,0.00934997,0.00544625,0.014342,0.00493734,0.00578159
0.0158054,0.0106419,0.00498223,0.0238349,0.00784139,0.00277985
0.0158678,0.0109886,0.00634164,0.0358441,0.0094655,0.0195326
0.00958424,0.00672862,0.00327468,0.0249368,0.00949806,0.0139101
0.0043446,0.00296526,0.00226637,0.0163825,0.00419105,0.0062555
0.00991928,0.00698785,0.00857947,0.0346557,0.00787296,0.00696824
0.0242903,0.0157492,0.0122971,0.0407326,0.0124957,0.0220175
0.0202368,0.0130547,0.00393412,0.0397649,0.00965068,0.00719341
0.0685222,0.0398536,0.0424152,0.182844,0.049046,0.0725756
0.00743785,0.00551207,0.00254804,0.0190259,0.00449082,0.0066556
0.0109247,0.00744954,0.00437567,0.0224234,0.00380953,0.00235011
0.0181253,0.012582,0.00594335,0.0181058,0.00452244,0.00493055
0.0192614,0.0132146,0.0066258,0.0320456,0.00836578,0.00491562
0.00492499,0.0033628,0.00300985,0.00904108,0.00306522,0.0027661
0.028209,0.0186845,0.0109403,0.0272928,0.00562477,0.0111723
0.00606644,0.00403223,0.00504162,0.0252645,0.00678605,0.0139142
0.0215914,0.0137018,0.00908731,0.0425358,0.0105048,0.00796113
0.0219668,0.0131512,0.0237575,0.102271,0.0282091,0.0315611
0.00861755,0.00581387,0.00349068,0.0196882,0.0041301,0.00645152
0.0129328,0.00921997,0.00601017,0.0218045,0.00374639,0.00635886
0.0137178,0.00906054,0.00496795,0.0332594,0.00773531,0.00484903
0.0149151,0.0104003,0.0127129,0.0557997,0.0137643,0.0143827
0.0158732,0.0104775,0.0126924,0.0545614,0.0121398,0.0317314
0.0190064,0.0127853,0.00758437,0.0427938,0.0102362,0.0057375
0.0122832,0.00836079,0.0064782,0.0276558,0.00541719,0.00502392
0.0298524,0.0195211,0.0119874,0.0267281,0.00823121,0.00776712
0.0566044,0.0367547,0.0144466,0.084815,0.0196826,0.0189857
0.0114378,0.0072779,0.0047979,0.0330313,0.0113995,0.0251866
0.0208663,0.0137939,0.00905453,0.0405984,0.0130013,0.00855588
0.0110996,0.00785309,0.0106355,0.0367789,0.00917373,0.00949036
0.00995671,0.00713508,0.00523725,0.0181013,0.00585195,0.0023306
0.0243113,0.0159845,0.00862285,0.0323287,0.00855166,0.0082231
0.0101689,0.00713247,0.00283525,0.0176744,0.00623983,0.00795836
0.0118425,0.00818274,0.00408053,0.0171427,0.00542175,0.0059762
0.0117773,0.00823198,0.00678257,0.018108,0.00569116,0.00856721
0.0108757,0.0071183,0.0112001,0.0347632,0.0101345,0.015953
0.0349239,0.0219378,0.0246233,0.110987,0.0288354,0.0274464
0.0123664,0.00810854,0.00381686,0.0217502,0.0064639,0.00260415
0.00886846,0.00650278,0.00317072,0.00986096,0.00282879,0.00501558
0.0161752,0.0106635,0.0306912,0.146621,0.035307,0.0547041
0.00848271,0.00556516,0.00188737,0.00321771,0.00186897,0.0039049
0.0379979,0.0243588,0.0146618,0.0715631,0.0170252,0.0107283
0.00703733,0.00474128,0.00677524,0.0316051,0.00732462,0.0130035
0.0114489,0.00805608,0.00602985,0.0377048,0.00946452,0.00869943
0.022664,0.0153447,0.0101878,0.0466475,0.0130762,0.0155071
0.00405702,0.00323817,0.00179042,0.012442,0.00262515,0.00122549
0.0225787,0.0153327,0.00898307,0.0502725,0.0122202,0.0103972
0.00915515,0.00610461,0.00510225,0.0177365,0.00278564,0.0095176
0.0316705,0.021158,0.0104345,0.0562769,0.0166066,0.0233587
0.00942013,0.00673433,0.00565054,0.0300957,0.00833446,0.00983786
0.0173159,0.0117403,0.00439884,0.0329747,0.0087739,0.0117931
0.00685876,0.0048959,0.00435718,0.0212068,0.00456604,0.00335765
0.0279543,0.0183389,0.00835268,0.0750557,0.0191096,0.0114615
0.00538456,0.00392682,0.00171918,0.0218773,0.00576542,0.0031416
0.0173553,0.0115313,0.0075167,0.0429221,0.00976945,0.00774431
0.0249313,0.0165054,0.0084557,0.0343329,0.00874766,0.0228672
0.0238611,0.0156497,0.0114239,0.0398503,0.00843961,0.025783
0.0444565,0.0286806,0.0151663,0.0546025,0.015125,0.0242631
0.00951325,0.00706925,0.0030241,0.0315864,0.00879434,0.00405506
0.00736399,0.00503056,0.00304308,0.0273986,0.0060924,0.00396473
0.00973466,0.00646669,0.00407493,0.0227574,0.00458659,0.00896986
0.0123086,0.00841052,0.0043601,0.0217349,0.00464189,0.00346594
0.0125754,0.00869213,0.00650615,0.0311595,0.00814428,0.00428096
0.0265211,0.0174892,0.00767579,0.0429107,0.0103124,0.0124688
0.0315116,0.0210421,0.0106938,0.0653902,0.0163597,0.0175714
0.00945184,0.00670309,0.00716503,0.0083689,0.000747852,0.0206468
0.0128636,0.00856746,0.0084946,0.0681541,0.0196722,0.032417
0.0956324,0.0357188,0.0914538,0.285833,0.0740639,0.108375
0.0306939,0.0204477,0.01337,0.043262,0.0107243,0.0218748
0.0385458,0.0239993,0.0368976,0.138632,0.0327544,0.0483086
0.0147393,0.0100618,0.00581605,0.0275211,0.00757288,0.00578066
0.00804012,0.00595833,0.00221954,0.0174558,0.00317117,0.00465267
0.0163964,0.00650547,0.00774466,0.0256317,0.0073779,0.00658905
0.0183423,0.00846792,0.00740106,0.0162929,0.00529876,0.0061142
0.0187184,0.0121931,0.0058528,0.0438303,0.0123861,0.0061925
0.0216092,0.0145575,0.00945864,0.0408729,0.0120258,0.026465
0.0420962,0.02493,0.0189559,0.0631768,0.0170384,0.0126713
0.0177799,0.0122352,0.00647841,0.0350357,0.00948146,0.00391423
0.0237386,0.0162672,0.00796431,0.0340916,0.00994477,0.00915311
0.00502849,0.00314816,0.00187059,0.0208283,0.00391131,0.0003808
0.00689101,0.00453084,0.00316275,0.0167509,0.00350933,0.00604311
0.0131237,0.00882335,0.00307273,0.0305501,0.00631496,0.00987183
0.0112188,0.00726046,0.00390695,0.0223363,0.00400607,0.00380694
0.0128956,0.00891032,0.00300742,0.0189018,0.00355253,0.00809214
0.0210152,0.0146109,0.00533859,0.0336849,0.00703943,0.00737189
0.0363743,0.0232394,0.0107057,0.0180338,0.00369826,0.023581
0.00794865,0.00329259,0.00369917,0.0167381,0.00342655,0.00330232
0.0157567,0.0109648,0.00562352,0.013677,0.00337991,0.00295833
0.00755506,0.00493058,0.00212171,0.0265545,0.00583334,0.00696946
0.00831715,0.00585047,0.00604214,0.0243233,0.00513604,0.00462142
0.00724099,0.00470247,0.00300237,0.00987849,0.00403258,0.0121137
0.00541324,0.00351725,0.00246071,0.00984158,0.00410454,0.00286782
0.0110116,0.00509577,0.00470938,0.0335297,0.0104286,0.0148525
0.0404691,0.0260636,0.0178445,0.0535524,0.0148051,0.0255202
0.00957518,0.00648204,0.00458218,0.0213229,0.00572007,0.0106372
0.0116071,0.00809336,0.00595654,0.021102,0.00545051,0.00750111
0.0159606,0.0104783,0.0045209,0.0299615,0.00699456,0.0102018
0.019079,0.013081,0.00608529,0.0177032,0.00569585,0.00602317
0.0150234,0.010078,0.00839897,0.0786047,0.0222254,0.0105114
0.0376898,0.018568,0.0233382,0.0793315,0.0198129,0.0199781
0.0162729,0.00779396,0.0129975,0.0563241,0.0202084,0.0401597
0.0251979,0.0142172,0.03876,0.122767,0.0300391,0.0969422
0.00915922,0.00626278,0.0051529,0.00783053,0.00236564,0.0076851
0.0145919,0.0102236,0.00487742,0.017886,0.00441094,0.00558866
0.0479617,0.0295491,0.0161507,0.0874384,0.0236265,0.0125012
0.0112727,0.00762301,0.0078622,0.0244136,0.00718776,0.00371132
0.0299191,0.0205538,0.0125333,0.0484193,0.0116625,0.015433
0.00946548,0.00651325,0.00447646,0.0167985,0.00472299,0.0115492
0.0103164,0.00688363,0.00356039,0.0176198,0.00378931,0.00471062
0.00556595,0.00388827,0.00328484,0.0206816,0.00532244,0.00104225
0.0176866,0.0113852,0.0218104,0.0917599,0.0250443,0.021991
0.01229,0.00840454,0.0145809,0.0733859,0.0213786,0.0193599
0.0086876,0.00558042,0.00245478,0.017415,0.00570752,0.0190417
0.0433249,0.0249321,0.0173875,0.0928354,0.0207162,0.0122351
0.016968,0.0116583,0.00969816,0.0544108,0.0163632,0.0138943
0.010667,0.00739475,0.0043474,0.01177,0.00553083,0.0086424
0.012663,0.00874144,0.00379199,0.0178591,0.00374059,0.00531104
0.0143402,0.00973899,0.00455449,0.0195397,0.00588268,0.00181054
0.0292974,0.01833,0.0093818,0.0559054,0.0124772,0.0155951
0.0106354,0.00743449,0.00423382,0.019564,0.00462928,0.0036076
0.00521209,0.0036974,0.00137746,0.00935181,0.00465863,0.00154172
0.00758207,0.00488634,0.00461774,0.0123885,0.00192663,0.00523364
0.0288665,0.0194128,0.00981702,0.0678263,0.0155574,0.00758601
0.0061783,0.00435025,0.0016006,0.017802,0.00616645,0.0031858
0.0178589,0.0115107,0.00751754,0.0362324,0.0101546,0.00974249
0.0218812,0.0144733,0.0096398,0.0462701,0.0117825,0.037784
0.0148275,0.0104666,0.00430662,0.0240581,0.0044858,0.00668137
0.00724327,0.00499972,0.00260483,0.0206833,0.00556054,0.00429194
0.0170669,0.0113628,0.00447152,0.0291359,0.00865922,0.00510725
0.00684318,0.00488713,0.00185118,0.0125846,0.00456018,0.00387462
0.0142496,0.00926636,0.00372966,0.0271675,0.00727417,0.00716733
0.0175237,0.0122904,0.00602138,0.0232031,0.00548211,0.00986224
0.020999,0.0144403,0.0054739,0.0282349,0.00824469,0.00711277
0.0102132,0.00695133,0.00766198,0.025341,0.0064751,0.0147459
0.013976,0.00940551,0.00517077,0.0188829,0.00552222,0.00327759
0.00938004,0.00651242,0.00339307,0.0221975,0.00538264,0.00881767
0.0126784,0.00893676,0.00305847,0.0251372,0.00547936,0.00624348
0.0248477,0.0163962,0.00905446,0.0326898,0.00885303,0.00896885
0.00901624,0.00493426,0.00285227,0.0340107,0.00931763,0.00710483
0.0256199,0.0160801,0.0113551,0.0986808,0.0239104,0.024285
0.0108349,0.00727304,0.00416194,0.0219242,0.00599704,0.0100726
0.0207185,0.0135067,0.00816282,0.0395739,0.0100504,0.0207946
0.0106518,0.00686541,0.00647692,0.0162723,0.00484317,0.00618016
0.00917951,0.00635773,0.0046241,0.0137928,0.00412343,0.00513797
0.014427,0.0101678,0.00537666,0.0270294,0.00564284,0.00847482
0.0571493,0.034103,0.0341429,0.114512,0.0288696,0.0301079
0.0131081,0.00913119,0.00547224,0.0284231,0.00635937,0.0156028
0.00573891,0.00400912,0.00279978,0.00735214,0.0029946,0.000736765
0.00543315,0.00390921,0.00240003,0.0140544,0.00288089,0.00266933
0.0196313,0.0130512,0.0144388,0.068919,0.0164257,0.0221354
0.031926,0.0200892,0.0204502,0.105189,0.0282194,0.0440529
0.0296453,0.0195843,0.0111613,0.0369413,0.00909044,0.0118783
0.00583412,0.00395858,0.00341433,0.0229544,0.00447855,0.00604895
0.0183517,0.00805545,0.00730927,0.0293791,0.0122785,0.021041
0.0215363,0.00870114,0.00794396,0.0386052,0.0120945,0.0161723
0.02075,0.0134934,0.00716119,0.035097,0.00700828,0.00591756
0.0256766,0.0126657,0.00871563,0.0644908,0.0186955,0.0168018
0.0204224,0.0134808,0.00697016,0.0338523,0.00865608,0.00238781
0.0236364,0.015612,0.0296248,0.0952715,0.026572,0.0752334
0.021316,0.0139444,0.00635718,0.0373407,0.0100728,0.0167369
0.00747134,0.00480403,0.0036691,0.0189132,0.00494839,0.00580404
0.0122681,0.00857003,0.00336566,0.0182797,0.0040766,0.00560003
0.019369,0.0122887,0.00616328,0.0224238,0.00608698,0.00556917
0.0163846,0.0114421,0.00393418,0.043716,0.0122035,0.0255996
0.0233555,0.0151984,0.0170934,0.0950932,0.0254401,0.0368879
0.0149325,0.0106166,0.00683334,0.024281,0.00453635,0.0075161
0.0130994,0.00901649,0.00666007,0.0261751,0.00760766,0.00798833
0.00466145,0.00364611,0.00414859,0.013749,0.00383911,0.00131511
0.00624027,0.00436575,0.00284184,0.0122181,0.00314433,0.00797291
0.00907304,0.00588407,0.00271604,0.0222473,0.00548766,0.0114327
0.0240987,0.0162102,0.0254732,0.104486,0.0280214,0.0397128
0.0434549,0.0208149,0.0304631,0.15475,0.0406729,0.0646016
0.0341233,0.0224743,0.01257,0.0503338,0.0129847,0.0222396
0.00521214,0.00370532,0.00419777,0.0178833,0.00572909,0.00567994
0.0164201,0.0110764,0.0179175,0.0741003,0.0189105,0.0195087
0.0095146,0.00691622,0.00204495,0.020578,0.00438511,0.00477031
0.0202024,0.0137503,0.00736608,0.0358655,0.00969843,0.0113782
0.0282419,0.0102768,0.015276,0.0783412,0.0188845,0.0343308
0.0284452,0.0101625,0.0152541,0.0783773,0.0177247,0.0327626
0.0170912,0.011402,0.00622999,0.057992,0.0129562,0.00964955
0.0116094,0.00742732,0.00887268,0.0272661,0.00566758,0.00793482
0.00516334,0.00365298,0.00230803,0.00908108,0.00286503,0.00567852
0.00932712,0.00625929,0.0033496,0.0169198,0.00356721,0.00287474
0.00777382,0.00537017,0.00346126,0.0213892,0.0052622,0.00351773
0.00920834,0.00613776,0.00321404,0.0216243,0.00411082,0.00545783
0.0165913,0.00699277,0.00857739,0.0286734,0.00677327,0.0111433
0.0285861,0.0189014,0.0160618,0.0741248,0.0185657,0.0190924
0.02671,0.0172767,0.0154737,0.0433265,0.0113622,0.00979966
0.0128515,0.00851449,0.00468577,0.0231987,0.00709673,0.0153415
0.00980883,0.00646289,0.00325031,0.0175109,0.0053518,0.00490467
0.0316986,0.0192998,0.0194586,0.107418,0.0283556,0.0361573
0.0362335,0.0235165,0.0108644,0.0639464,0.0169245,0.0313702
0.019698,0.0134642,0.00575628,0.0400729,0.010568,0.00448325
0.0075321,0.00543291,0.00229455,0.0181523,0.00467012,0.0129417
0.0139583,0.00920368,0.00356505,0.0236601,0.00525118,0.0207598
0.0175949,0.0118166,0.00606049,0.032348,0.00948124,0.00462454
0.0168297,0.0109898,0.00760625,0.0259402,0.00757414,0.0101819
0.0277392,0.0181483,0.00776816,0.0416394,0.010463,0.019815
0.0160399,0.0105498,0.00591041,0.0283185,0.00721422,0.0045312
0.0157718,0.00969168,0.00592863,0.0294511,0.00483196,0.00900635
0.0106221,0.00747991,0.0105695,0.0527626,0.0148191,0.0103746
0.0124489,0.00846374,0.00485349,0.00414234,0.000232966,0.00843829
0.0211744,0.013417,0.00910818,0.0356075,0.0104545,0.0109901
0.0297387,0.018932,0.0233014,0.124491,0.030563,0.0580087
0.00594124,0.00428681,0.0044272,0.0128588,0.00481337,0.00707477
0.0131368,0.00891625,0.00435518,0.0216877,0.0057821,0.0026502
0.00515328,0.0034083,0.0025986,0.0156296,0.0046877,0.00216397
0.0081069,0.00575717,0.00371133,0.0203676,0.00389316,0.00598098
0.0323444,0.020851,0.0121187,0.0809614,0.0210317,0.0558503
0.0129408,0.00825191,0.00467581,0.0243999,0.00691274,0.00928694
0.0295263,0.0199905,0.0114823,0.0520664,0.0128791,0.013508
0.0349084,0.0230714,0.0163452,0.0823261,0.0182586,0.0165861
0.0211257,0.014726,0.007798,0.0404749,0.00966325,0.00776605
0.0081522,0.00572006,0.00295389,0.0263701,0.00589581,0.00327537
0.0418598,0.0271493,0.0156366,0.0753213,0.020349,0.0225289
0.0492113,0.0306854,0.0200556,0.0607407,0.0155047,0.0194365
0.0519528,0.0342478,0.0204593,0.0795578,0.0210418,0.0179815
0.0168362,0.011377,0.00543371,0.0301372,0.00741872,0.00726703
0.0463701,0.0193955,0.0132821,0.0941068,0.0214023,0.0157313
0.0118794,0.00784976,0.00432437,0.0243593,0.00730836,0.00450131
0.00400684,0.0031425,0.00321147,0.0144337,0.00247527,0.00201768
0.0176326,0.0117345,0.00604238,0.031712,0.00846312,0.0178484
0.0110799,0.00782446,0.00198589,0.0243476,0.00571127,0.0060648
0.0124656,0.00837809,0.00582904,0.0152003,0.00417633,0.0127936
0.0162713,0.0109859,0.00809557,0.0275763,0.00825343,0.0121496
0.0199788,0.013294,0.00626908,0.0186022,0.00535797,0.00638401
0.0247502,0.0167011,0.00657545,0.0598208,0.015046,0.0143152
0.0154069,0.00616361,0.00950072,0.0292308,0.00826459,0.0099998
0.0168614,0.00827697,0.0113556,0.0319168,0.00760266,0.00949939
0.0451425,0.0283604,0.021245,0.0763631,0.0192978,0.023477
0.0573881,0.0213156,0.0485076,0.240793,0.0579081,0.111749
0.0497701,0.0206427,0.0348228,0.144955,0.0296353,0.0558499
0.0218398,0.0143988,0.00819606,0.0352617,0.00988572,0.00911482
0.013546,0.00951317,0.0122521,0.0328839,0.00930184,0.0379868
0.0179852,0.0120793,0.00670056,0.0214665,0.00678249,0.00828517
0.00450538,0.00322041,0.00260499,0.00344826,-0.000273095,0.000897518
0.0493647,0.0305587,0.029618,0.0730701,0.0163774,0.015843
0.0255529,0.0168561,0.0161535,0.0477883,0.0116237,0.0167579
0.00678444,0.00468023,0.00416542,0.0243129,0.00481106,0.00301262
0.0296909,0.0204905,0.0157666,0.0512837,0.0118396,0.0202092
0.0467981,0.0298569,0.0220731,0.0993463,0.0251097,0.0146429
0.0161439,0.0112403,0.00586014,0.0226961,0.00696919,0.00682479
0.0140093,0.00935526,0.00565036,0.0407665,0.010579,0.0135182
0.00868191,0.00602943,0.00277724,0.0203118,0.00688238,0.00250174
0.0162947,0.0102811,0.00686041,0.0291009,0.00772483,0.00815138
0.0316793,0.0197818,0.0151728,0.122298,0.0327232,0.0436237
0.0244497,0.0156951,0.00876206,0.0307709,0.00644511,0.00944815
0.0122423,0.00858532,0.00461054,0.0272254,0.00687282,0.00387334
0.0103113,0.00714535,0.00433853,0.0164685,0.00392733,0.0011053
0.0239616,0.0156454,0.00751714,0.03383,0.0091202,0.0216804
0.0195544,0.0133835,0.0125156,0.0235096,0.00578817,0.00928031
0.0316335,0.0205464,0.0112159,0.044805,0.0118783,0.0237492
0.0115371,0.00795319,0.0029844,0.0190175,0.00454611,0.00408737
0.0136064,0.00908148,0.00433927,0.0205316,0.00397603,0.00431585
0.0463518,0.0281314,0.0332674,0.109104,0.026212,0.0273455
0.0371634,0.0233809,0.025546,0.0825501,0.0207767,0.0283437
0.00974996,0.00655808,0.00359204,0.0201573,0.00325676,0.00207369
0.00661568,0.00450882,0.0047929,0.0131915,0.00325582,0.0053915
0.0317394,0.020605,0.0147721,0.0719004,0.0210323,0.0391847
0.0077378,0.0049725,0.00179893,0.0216842,0.00449758,0.00203603
0.0256219,0.0170034,0.00813762,0.0653634,0.0160219,0.00857483
0.0103942,0.00714173,0.00362986,0.018232,0.00375725,0.00497389
0.0196107,0.0134043,0.00872436,0.0277078,0.00743821,0.00538644
0.00581428,0.00405052,0.00181406,0.0142532,0.00464008,0.00581227
0.0183656,0.0119104,0.0215711,0.106023,0.0273792,0.0336328
0.00910974,0.00585748,0.00383693,0.0226086,0.0046886,0.00379413
0.0343413,0.0222904,0.0195117,0.0674522,0.0213817,0.0288882
0.00772824,0.00520384,0.00689781,0.0159052,0.00426845,0.00273284
0.0220354,0.0145258,0.00797955,0.0396304,0.00831665,0.00469605
0.0220503,0.0131319,0.0242503,0.148325,0.0401113,0.0762731
0.0127325,0.00873834,0.00634311,0.0178858,0.00583103,0.0073932
0.0097364,0.00695787,0.00472643,0.0214712,0.00516219,0.00716752
0.00960741,0.00650741,0.00298221,0.0291162,0.0058432,0.00855151
0.0212851,0.014038,0.00784165,0.0299164,0.00741981,0.0224534
0.0107483,0.00478454,0.00449354,0.0213483,0.00412727,0.00722958
0.020371,0.0134897,0.00772835,0.031932,0.00771524,0.010498
0.0159054,0.0113563,0.00459404,0.0207557,0.00622728,0.00731251
0.00609705,0.00406887,0.0042497,0.0322829,0.00757763,0.00632588
0.0112759,0.00802054,0.0045223,0.0208308,0.00502985,0.00307275
0.00855652,0.00610624,0.00333198,0.0115871,0.00435949,0.00464813
0.014268,0.0100173,0.00455587,0.0168782,0.00590821,0.00417212
0.012051,0.00846165,0.00802519,0.0182583,0.00656363,0.00978211
0.00694588,0.00504908,0.00330543,0.0146174,0.00185092,0.00302721
0.00850313,0.00597784,0.0028363,0.012064,0.00393883,0.00562125
0.0212709,0.014009,0.00615462,0.0491132,0.0110249,0.00800875
0.00939362,0.00661694,0.00297737,0.0148975,0.0034187,0.00475611
0.0181392,0.00718409,0.00582692,0.040953,0.0103666,0.00832766
0.0210317,0.0140696,0.0226547,0.0866082,0.0251686,0.0330968
0.0245398,0.0161997,0.00499645,0.0378394,0.00988272,0.00983548
0.0158875,0.0105694,0.00868571,0.0508826,0.0132789,0.0235343
0.025664,0.0158942,0.0450643,0.196327,0.0523212,0.120132
0.0164334,0.0114779,0.00553259,0.00847232,0.000948826,0.00469954
0.00683664,0.00457836,0.00236509,0.0182649,0.00456048,0.00603012
0.0262572,0.0174818,0.0115298,0.0257308,0.00903246,0.0191533
0.0212459,0.0148329,0.0127609,0.032858,0.00852226,0.0179944
0.00874259,0.00587188,0.00180987,0.0241055,0.00463328,0.00288121
0.0231683,0.0152211,0.0080486,0.0442462,0.0106482,0.00479119
0.0200744,0.0137058,0.00585398,0.0359287,0.00754422,0.0047945
0.034092,0.0218484,0.0141031,0.0823475,0.0210943,0.0200934
0.0185366,0.0126006,0.00544762,0.0230676,0.0073749,0.0137453
0.0706786,0.0408063,0.0250358,0.0827289,0.0209513,0.0163041
0.0435221,0.0265952,0.0158907,0.0435308,0.00971375,0.0148704
0.0225839,0.0145968,0.0154451,0.0664157,0.0183087,0.0573678
0.0119818,0.00799053,0.0130962,0.0454516,0.011729,0.0189032
0.0196326,0.0134467,0.0158453,0.0591798,0.0143167,0.0309442
0.0338011,0.0223673,0.0130703,0.0687349,0.0170306,0.0320815
0.00729833,0.00513079,0.00170957,0.0196094,0.0060446,0.0050438
0.0133277,0.00874256,0.0062201,0.0295448,0.00760472,0.0046125
0.018135,0.0117105,0.00537364,0.029025,0.00769911,0.0150731
0.0219519,0.014102,0.00721681,0.0556196,0.0141986,0.0126524
0.0294293,0.0141995,0.00943546,0.0564977,0.0138142,0.0215876
0.0306525,0.0143712,0.00928641,0.0577505,0.0137593,0.0210567
0.0234119,0.0157905,0.0186479,0.0786394,0.0203491,0.0206626
0.0247674,0.016185,0.00618043,0.0625792,0.014304,0.00907745
0.0207974,0.0132213,0.00834548,0.0452735,0.0132046,0.0085418
0.00557625,0.0038977,0.00143349,0.0186207,0.00341719,0.00574972
0.0157875,0.010706,0.0102471,0.0407836,0.0101793,0.0123161
0.00788215,0.00583761,0.00382315,0.0141708,0.00476413,0.00735001
0.0311012,0.0209385,0.00989344,0.0303548,0.00699961,0.00983761
0.0471104,0.020419,0.024157,0.0935013,0.0265057,0.0333678
0.0609864,0.020452,0.031905,0.130525,0.036157,0.0432401
0.0282258,0.0126325,0.0107291,0.072774,0.0184457,0.0137531
0.0045372,0.00337436,0.00189399,0.0149863,0.00302094,0.00542192
0.0280177,0.0177756,0.0518341,0.0879214,0.0216965,0.0592404
0.00940096,0.00644307,0.00389576,0.0160827,0.00414628,0.00553409
0.0155554,0.0107422,0.00811539,0.0425768,0.0103638,0.00800841
0.0153654,0.0099824,0.00515945,0.0414342,0.0113994,0.0071931
0.011249,0.00748686,0.00408072,0.0237188,0.00582137,0.00388043
0.0352602,0.023127,0.0225614,0.0862903,0.0227616,0.0547709
0.012643,0.00888585,0.00475966,0.0186464,0.00463901,0.00381624
0.0207109,0.0139458,0.0133618,0.0549315,0.0150739,0.0402299
0.0146898,0.0100223,0.00425461,0.0246649,0.00532384,0.0118547
0.0221494,0.0150791,0.0134668,0.0405478,0.0120156,0.0197888
0.00963595,0.0065821,0.00311742,0.0175388,0.00492723,0.0162432
0.0102923,0.00692453,0.00649259,0.0130325,0.00435725,0.00846093
0.0339427,0.0199982,0.0112263,0.0655662,0.0146976,0.0122673
0.0482606,0.0284882,0.0256388,0.139826,0.0340404,0.0476278
0.0126963,0.0089705,0.0038192,0.0170189,0.00546265,0.00761887
0.0200541,0.0125647,0.0363374,0.18128,0.0470456,0.065606
0.0187165,0.0125635,0.00697807,0.0399439,0.00994746,0.00494463
0.0175924,0.0110638,0.0245573,0.0890977,0.0235955,0.0523049
0.00539532,0.00401732,0.00510051,0.0215755,0.00526352,0.00565871
0.0174639,0.0117984,0.00726134,0.0493619,0.013169,0.0175422
0.019551,0.0134028,0.00952767,0.0356602,0.0105746,0.0257736
0.0187073,0.0127626,0.00736826,0.0299797,0.00667393,0.00934034
0.00763015,0.00538833,0.00370135,0.00959283,0.00418573,0.00756321
0.0158678,0.0110373,0.00572533,0.0176423,0.00329461,0.00284889
0.0101351,0.00713896,0.00360734,0.0139413,0.00424919,0.00299088
0.00657615,0.00434687,0.00298948,0.0100257,0.00337691,0.00636357
0.0233898,0.0152369,0.00474422,0.0372253,0.00865384,0.0125333
0.0116403,0.00584526,0.00533116,0.038343,0.00845852,0.00951301
0.0116463,0.00580736,0.00536351,0.0396987,0.00762816,0.0095753
0.0415824,0.0262405,0.0339669,0.128646,0.0360005,0.0448528
0.00596677,0.00419406,0.0044011,0.0144826,0.00367217,0.00397583
0.0324742,0.0207924,0.0139363,0.0565172,0.0143345,0.0188376
0.0161637,0.0109684,0.00951803,0.0534247,0.0156224,0.00738679
0.0102612,0.00705367,0.00405017,0.0155698,0.00410768,0.0113335
0.00985039,0.00670007,0.00376385,0.015261,0.00380131,0.00704586
0.0279989,0.0180854,0.00863821,0.0544857,0.0149495,0.0118012
0.0183261,0.0125083,0.00379046,0.0371974,0.0118686,0.0208719
0.00835404,0.00609202,0.0059183,0.0187177,0.00695616,0.0110682
0.0112609,0.00755479,0.00328912,0.0358147,0.00982212,0.0130763
0.0118058,0.0078339,0.00517619,0.0203248,0.00523465,0.00776491
0.0174411,0.0116647,0.00593398,0.0266036,0.00818536,0.00164754
0.0111541,0.00755409,0.00429983,0.0240339,0.00498505,0.000583503
0.0360883,0.0242542,0.015308,0.0663859,0.0186148,0.0240238
0.0192355,0.0126494,0.0199159,0.0888495,0.0203107,0.0531588
0.00754828,0.0051553,0.00489985,0.0166913,0.00507325,0.00343598
0.0108994,0.0072457,0.00404128,0.025388,0.00709659,0.00920102
0.0180783,0.0123263,0.00700643,0.0578108,0.0160115,0.019385
0.030345,0.0196978,0.0108455,0.0342961,0.00919575,0.0206118
0.00679572,0.00473794,0.00246076,0.00488988,-0.000387275,0.00209013
0.0079359,0.0056822,0.00273074,0.0150608,0.00565262,0.00307694
0.00674608,0.00454899,0.00545502,0.0352767,0.00822727,0.0041686
0.0189439,0.0128916,0.01213,0.0373333,0.010658,0.00781579
0.0251976,0.0138644,0.00838976,0.0518931,0.0158121,0.0236199
0.0236347,0.0127494,0.00663925,0.0317961,0.00785381,0.00767642
0.0120448,0.00831882,0.00370603,0.0266757,0.00521872,0.00985747
0.0210059,0.0136877,0.0183102,0.0777244,0.0217197,0.0230182
0.0146601,0.0101576,0.00509531,0.0281176,0.0065107,0.00842904
0.0158853,0.00577612,0.00586431,0.0339593,0.0113571,0.0214339
0.0282598,0.0165584,0.0109485,0.0515747,0.0143599,0.0361369
0.022934,0.0129641,0.00602163,0.0331297,0.00922535,0.0150887
0.0179892,0.00742035,0.00556122,0.022587,0.00458933,0.0119757
0.00609219,0.00412087,0.00258581,0.00619816,0.000194679,0.00652964
0.0502662,0.0225766,0.0278589,0.122027,0.0329408,0.0881658
0.0274046,0.0182921,0.0111868,0.059815,0.0139947,0.0127545
0.00994829,0.00706487,0.0121963,0.072339,0.0212883,0.0146638
0.0167581,0.0108021,0.0175727,0.0495181,0.0136209,0.0216293
0.0216959,0.014293,0.00532357,0.0284408,0.00743217,0.0105389
0.0355921,0.0214306,0.0254601,0.10528,0.025356,0.0452412
0.00993151,0.00642531,0.00274307,0.0235631,0.00585262,0.00448193
0.012085,0.00788937,0.00728155,0.000208738,0.00187557,0.0059118
0.00972141,0.00658915,0.00374283,0.022931,0.00470511,0.0056514
0.0157637,0.00747067,0.00699116,0.0388329,0.0118772,0.00741515
0.0214283,0.0111654,0.00840032,0.0332431,0.00995407,0.00846467
0.00802077,0.00540006,0.00385166,0.00944838,0.00300161,0.00285667
0.0133861,0.00919165,0.00357975,0.0210483,0.00490339,0.00698121
0.0460379,0.0289012,0.014799,0.0542929,0.0155905,0.0105276
0.00688325,0.00451285,0.00369756,0.0138783,0.00285943,0.00190396
0.0104865,0.0072037,0.00616929,0.0349724,0.00599143,0.00342735
0.0366377,0.0225699,0.00971823,0.0598669,0.0160476,0.0383744
0.00904411,0.00623676,0.00450421,0.00985363,0.00392362,0.00646788
0.00882734,0.00588154,0.00523873,0.0277112,0.00641806,0.00985613
0.0194165,0.0128119,0.00540323,0.0282541,0.00583342,0.00495745
0.0513036,0.0228774,0.023209,0.0877435,0.0223496,0.018063
0.00801647,0.00576055,0.00202968,0.0207967,0.00360246,0.00255558
0.02056,0.0140997,0.00888269,0.0298198,0.00730895,0.00378073
0.00518411,0.00377614,0.00249398,0.0217711,0.00463635,0.00969149
0.0212885,0.0145529,0.00797203,0.0229921,0.00409357,0.00600102
0.00892189,0.00614852,0.00414239,0.0239701,0.00475603,0.00433197
0.00927037,0.00651789,0.00525331,0.0166597,0.00437485,0.0129767
0.0110332,0.00702889,0.00402582,0.015364,0.0045443,0.00733152
0.0165448,0.0110734,0.00517759,0.0364514,0.00725208,0.00916667
0.0202696,0.013222,0.00613908,0.0311408,0.00801485,0.00666616
0.012767,0.00855636,0.00500806,0.0247064,0.00474417,0.00487129
0.0103297,0.00716382,0.00264176,0.0112252,0.00342951,0.00275661
0.0225748,0.0154249,0.0093173,0.0218992,0.00531581,0.0119901
0.0127273,0.00911924,0.0059422,0.0300342,0.00615797,0.0129931
0.0152986,0.0105704,0.00531044,0.030901,0.00867841,0.0111296
0.013034,0.00812064,0.00936447,0.0462875,0.0102139,0.0115109
0.0165691,0.0108239,0.00967523,0.0467537,0.0126283,0.00810548
0.008143,0.0052592,0.00299356,0.0174198,0.00495749,0.00685788
0.0194985,0.0128267,0.0191693,0.106896,0.0284837,0.0574316
0.0211278,0.0141782,0.00883087,0.0504523,0.011737,0.00623218
0.0123043,0.00793354,0.00477198,0.020207,0.00434072,0.00420727
0.0191822,0.0123695,0.00689188,0.0391927,0.00811748,0.00580007
0.0295125,0.019154,0.0104698,0.044712,0.00984801,0.0123533
0.00964364,0.00694173,0.00436153,0.0172608,0.00337193,0.00401499
0.0322825,0.0209814,0.0135441,0.0675484,0.0183257,0.0234151
0.0287621,0.0191596,0.0120999,0.031434,0.00892568,0.00766451
0.0189723,0.012635,0.00689897,0.0375957,0.0103839,0.00970441
0.0154114,0.0104762,0.00556434,0.0275761,0.00619566,0.011066
0.0045873,0.00329944,0.00224664,0.00846393,0.00350273,0.000448109
0.0177845,0.012113,0.00783029,0.0341793,0.00868829,0.00209501
0.00620241,0.00409218,0.00287676,-0.000578271,0.00040116,0.00514245
0.0110037,0.00786856,0.00345672,0.0169802,0.0042757,0.0117737
0.00502576,0.00369119,0.00122941,0.0237361,0.00517963,0.0114902
0.0121577,0.00814088,0.003861,0.0180798,0.00402361,0.00354926
0.0094603,0.00610131,0.00342214,0.0242593,0.0036866,0.00452665
0.00963328,0.00669942,0.00229051,0.0229891,0.00431399,0.00452477
0.00859857,0.00608944,0.00426273,0.0149791,0.00472701,0.00247074
0.0157816,0.0110797,0.00425008,0.0265666,0.00728245,0.00505128
0.00471338,0.00312936,0.00284382,0.0208287,0.00337992,0.00295218
0.0192419,0.0129507,0.00641582,0.030965,0.00613255,0.00696415
0.0158423,0.0106758,0.0058017,0.0314006,0.00751289,0.00539957
0.0379422,0.022421,0.0128887,0.0773655,0.0185591,0.0208804
0.0285421,0.0196165,0.0105015,0.0587426,0.0111674,0.0143641
0.0131659,0.00884641,0.00595629,0.0225467,0.00519224,0.00554363
0.0314469,0.0197965,0.0257177,0.0991317,0.023498,0.0347709
0.0378706,0.0236059,0.0213733,0.123098,0.0323578,0.048327
0.0343894,0.0223842,0.00788478,0.0348177,0.00904101,0.0205717
0.0093605,0.00632917,0.00430737,0.0313243,0.00835624,0.0137259
0.0123346,0.00861614,0.00522185,0.0243005,0.00578113,0.00436678
0.0436055,0.0261018,0.0189606,0.0992606,0.0232389,0.0190941
0.0116581,0.00765004,0.00363865,0.0238727,0.00710946,0.00772314
0.0142466,0.00956485,0.00628944,0.0374775,0.0090341,0.00631273
0.0141001,0.0092741,0.00501204,0.0173225,0.00400234,0.00849249
0.012166,0.00838132,0.00475025,0.0226063,0.00504721,0.00228172
0.0283038,0.0181696,0.0121751,0.0438382,0.0109718,0.0147815
0.0429292,0.0269463,0.0159249,0.0684805,0.0187663,0.0237712
0.0137965,0.00928395,0.0075818,0.0288342,0.00753059,0.00544811
0.0111176,0.0073733,0.004974,0.0474085,0.00978348,0.00667056
0.019118,0.01323,0.00548783,0.0376531,0.00976748,0.0119939
0.0260877,0.0170239,0.0115555,0.0323124,0.00921094,0.00609023
0.0136685,0.00944844,0.00408523,0.0282509,0.00733774,0.00696823
0.00770572,0.00522561,0.00436966,0.018638,0.00303196,0.000817458
0.0507564,0.027739,0.0411982,0.134577,0.0401063,0.0483231
0.0194132,0.0103294,0.00747259,0.0399034,0.00944621,0.021207
0.00971742,0.00654691,0.00387329,0.0117489,0.00438129,0.00519293
0.0120211,0.00824267,0.00413172,0.0135412,0.00365043,0.00277761
0.0182335,0.0122735,0.00549621,0.0217092,0.00488116,0.00452329
0.0207174,0.0137044,0.00444837,0.0326757,0.00755409,0.0111796
0.0190149,0.00875355,0.00968757,0.0323428,0.00883096,0.00944926
0.0335035,0.0215831,0.0162378,0.0508424,0.0144222,0.009591
0.00668121,0.00466044,0.00505391,0.0131098,0.00482639,0.00124592
0.011084,0.00736044,0.00403105,0.0155672,0.00404179,0.00470568
0.00794555,0.00544888,0.00396835,0.024043,0.00571656,0.00374169
0.0153471,0.0107269,0.00707066,0.0260706,0.00735354,0.00497151
0.0100892,0.00671538,0.0021019,0.0253273,0.00717771,0.00350792
0.0276506,0.0184353,0.00682898,0.0343969,0.0086697,0.00474144
0.0215104,0.0142905,0.0078805,0.0363364,0.00838642,0.00443321
0.0261438,0.0170482,0.0267137,0.165553,0.0436215,0.0468287
0.0194352,0.0121801,0.0130965,0.0735365,0.0192798,0.0251367
0.00695652,0.00511048,0.00325456,0.0114932,0.00356283,0.00580558
0.0187061,0.012945,0.00527201,0.0370067,0.0106742,0.0111276
0.0192208,0.0130431,0.00920751,0.0492888,0.0118922,0.0123617
0.0205905,0.0134703,0.00695203,0.037375,0.00852743,0.0117726
0.0231908,0.0142916,0.0169435,0.0710149,0.0184933,0.0278213
0.0277871,0.0143335,0.0193271,0.0748305,0.0190194,0.0275717
0.0128532,0.00864788,0.00770216,0.042957,0.01062,0.00702978
0.0119161,0.00817923,0.00410177,0.020745,0.00653237,0.00839806
0.0308243,0.0201237,0.00989607,0.0363781,0.00875231,0.00762506
0.00705724,0.00435639,0.00209141,0.0115863,0.00304972,0.015132
0.0186921,0.0126902,0.00720966,0.0312576,0.00925883,0.0203856
0.0382286,0.0190681,0.0214726,0.0510859,0.014193,0.025247
0.041167,0.01909,0.0204655,0.052605,0.0136706,0.0242477
0.0174653,0.0122016,0.0140912,0.0784435,0.0187512,0.0449798
0.0180179,0.0124971,0.00612168,0.0242291,0.00602848,0.00367827
0.00695017,0.00502048,0.00260958,0.0184524,0.00435469,0.00190365
0.0250734,0.0172742,0.0239484,0.0724554,0.0189358,0.0395961
0.0217482,0.0143065,0.0106419,0.0479564,0.0112055,0.00944794
0.0518096,0.028696,0.0591725,0.265804,0.0645848,0.14651
0.0107883,0.00430895,0.00699602,0.0327754,0.00558035,0.0145744
0.00805763,0.00564707,0.00504648,0.0246394,0.00485578,0.00361575
0.0480809,0.0288018,0.0138359,0.0820365,0.0210712,0.0210084
0.059637,0.0358704,0.0358329,0.0969212,0.0232289,0.0251436
0.0149066,0.0102013,0.00512234,0.0227794,0.00567089,0.00850745
0.0182679,0.0124679,0.00588701,0.0358796,0.00834641,0.00797261
0.0100596,0.0066472,0.00374684,0.0216573,0.00459841,0.00454717
0.00862612,0.00607401,0.00330609,0.0163742,0.00458341,0.00872001
0.00829749,0.00585625,0.00605353,0.0212397,0.00434043,0.00179721
0.015225,0.0104896,0.0050944,0.0217091,0.00523958,0.0101858
0.011566,0.0081456,0.00440581,0.021857,0.00739097,0.00436665
0.00419534,0.00317486,0.00158955,0.0181154,0.00131859,0.00243877
0.0174516,0.0115645,0.00643278,0.0338048,0.00901282,0.019907
0.010998,0.00759454,0.00299621,0.0398993,0.0086129,0.0097907
0.00646073,0.00455084,0.0014046,0.0088751,0.00330766,0.00810442
0.00936192,0.0062954,0.0028875,0.0213149,0.00594708,0.00514501
0.0121534,0.00801402,0.00375304,0.011255,0.00407007,0.00886732
0.012397,0.00808083,0.00533382,0.026221,0.00664605,0.0107844
0.0101207,0.00686541,0.00306784,0.0170424,0.00372118,0.00382195
0.0249682,0.0159741,0.00801302,0.0359295,0.00808673,0.00519315
0.0100741,0.00680842,0.00280082,0.0353113,0.00646672,0.0106817
0.00602082,0.00436001,0.00315691,0.0115475,0.00370125,0.00399077
0.00416109,0.0029103,0.00241528,0.0138368,0.00229701,0.00459693
0.0204661,0.0139485,0.00660095,0.034317,0.00792879,0.0121826
0.0453359,0.0290321,0.0379792,0.16119,0.041981,0.0679175
0.0438961,0.0259702,0.018809,0.0947683,0.0290172,0.0745061
0.0187054,0.0121795,0.0212211,0.110564,0.0286139,0.041477
0.0254074,0.0166107,0.00947929,0.0689996,0.0134531,0.021836
0.0172631,0.0115365,0.00702265,0.035714,0.0110424,0.0207973
0.0276571,0.0190226,0.0142198,0.0598506,0.0149619,0.0261309
0.00455561,0.00324247,0.00222598,0.0123652,0.00387918,0.00767182
0.0410824,0.0247774,0.01846,0.0954388,0.0224021,0.0334137
0.0129819,0.00861135,0.00547338,0.0264613,0.00564767,0.00943745
0.0432086,0.0245787,0.0289758,0.134628,0.0349537,0.0490247
0.0551163,0.033516,0.0206762,0.0922763,0.0265573,0.0658531
0.0168176,0.0105809,0.0327988,0.215355,0.0549099,0.0879926
0.0119539,0.00788159,0.00454341,0.0166802,0.0053771,0.00452622
0.0263959,0.0167095,0.0242155,0.0990475,0.0249289,0.0173651
0.0112004,0.00729855,0.00438672,0.00911719,0.00380404,0.00347399
0.0366497,0.0234837,0.0113637,0.0435403,0.0111655,0.0144761
0.00707442,0.00483612,0.0028552,0.011017,0.00285731,0.00257672
0.0102409,0.00677136,0.00380811,0.024026,0.00473685,0.00385267
0.0065188,0.00421689,0.00300257,0.0125524,0.00540677,0.00674746
0.0115607,0.0081842,0.00373424,0.0222584,0.00671994,0.00706234
0.0299363,0.0200955,0.0117312,0.0390309,0.0115794,0.0081119
0.0227573,0.0134282,0.00864203,0.0426803,0.0156379,0.0202572
0.0211918,0.0114289,0.0134144,0.0872002,0.0261098,0.0472381
0.00511724,0.00320016,0.00254899,0.0205804,0.00525702,0.0024974
0.0394056,0.0265227,0.0133889,0.0477969,0.0104567,0.00986236
0.0350938,0.0229004,0.0156599,0.101339,0.0247276,0.0352214
0.013738,0.00911897,0.00446148,0.0242809,0.00735675,0.003803
0.0102137,0.00738856,0.00375745,0.0227302,0.00565902,0.00382811
0.0242065,0.0158738,0.0247653,0.133601,0.0339438,0.0389173
0.0166889,0.0115224,0.00524344,0.0267663,0.0071015,0.00984487
0.00941946,0.00661596,0.00824977,0.0111561,0.00411375,0.00502043
0.021444,0.0144814,0.0106665,0.0264906,0.00605666,0.00831465
0.042407,0.0259814,0.0190362,0.0994651,0.0259064,0.0435803
0.0204897,0.0135794,0.00529244,0.0322779,0.00829032,0.0297596
0.00643258,0.00470104,0.00316705,0.0146328,0.00266276,0.00532648
0.0293375,0.0194582,0.00969442,0.0477737,0.0113731,0.00930031
0.0242839,0.0161298,0.0108581,0.0541302,0.0129439,0.010631
0.0150091,0.0102917,0.00864098,0.0418219,0.0109323,0.00758775
0.00999453,0.00681674,0.0037496,0.0119341,0.00265979,0.0109916
0.03379,0.022196,0.00888345,0.0535291,0.011225,0.0194543
0.0143346,0.00978409,0.0177942,0.0438554,0.0111459,0.0134246
0.00686315,0.00476923,0.00318356,0.0156484,0.00361206,0.00497024
0.00995328,0.00672332,0.0036442,0.0130898,0.00323861,0.00327483
0.0610967,0.0262633,0.0251841,0.145746,0.0406787,0.0679227
0.062238,0.026327,0.0284876,0.156855,0.0386316,0.082097
0.00911781,0.00630136,0.00417693,0.0152651,0.00528992,0.00851134
0.00754476,0.00504959,0.00182324,0.0142597,0.00289644,0.00486612
0.0188458,0.0127191,0.00593787,0.0450172,0.0109435,0.0128089
0.00620029,0.00417481,0.00295124,0.0231002,0.00378492,0.002498
0.0252765,0.0164448,0.00937521,0.0543679,0.0173512,0.0244202
0.00589151,0.00417834,0.00258425,0.0180223,0.0036937,0.00128548
0.00739344,0.00511702,0.00176709,0.00808762,0.00100189,0.00757608
0.0442269,0.0282292,0.0276462,0.128651,0.0348594,0.0717632
0.0109897,0.00736361,0.0234272,0.0817345,0.0232351,0.0200324
0.0147988,0.0101505,0.00524729,0.0173786,0.00364091,0.00399773
0.0381874,0.0222861,0.0296546,0.115431,0.0293795,0.0363961
0.00904427,0.00643134,0.00257614,0.00710731,0.0033525,0.00369357
0.0240965,0.0156647,0.00942252,0.0418502,0.010295,0.0145685
0.056832,0.0335062,0.0254945,0.0836487,0.022557,0.0213749
0.0112828,0.00788968,0.00532985,0.0188474,0.00298292,0.00466113
0.00907507,0.00590351,0.00446419,0.0187195,0.00579791,0.00452869
0.0264188,0.0161739,0.00997004,0.0503198,0.0133164,0.0186416
0.00714823,0.00500871,0.00317625,0.0135429,0.00496214,0.00270892
0.0235127,0.0154705,0.0103474,0.0460418,0.0113967,0.0148339
0.00739757,0.00532815,0.002894,0.0163773,0.00424121,0.00572824
0.0145629,0.0100505,0.00562559,0.0278827,0.00592851,0.00402496
0.0177629,0.0123211,0.00544389,0.0369441,0.0115358,0.0177882
0.0142968,0.00950506,0.0157077,0.0602916,0.0150722,0.0225575
0.0268123,0.0175528,0.0099719,0.0531265,0.0136465,0.0213149
0.024328,0.01568,0.0073066,0.0322125,0.00717271,0.0089454
0.0355568,0.0224927,0.0140335,0.0659083,0.0148652,0.0169317
0.0560021,0.0267038,0.0251846,0.116909,0.0275352,0.0198194
0.00452334,0.00302962,0.00287482,0.00422474,-0.000519493,0.00308175
0.0598449,0.0373238,0.0289602,0.110752,0.0274884,0.0313596
0.0142745,0.00961168,0.00332223,0.0347502,0.00835945,0.0129066
0.0132012,0.00926152,0.00648228,0.022306,0.00493185,0.00810049
0.0349983,0.0212763,0.0208285,0.0790795,0.0206432,0.0299946
0.0109496,0.00775534,0.00448469,0.0222764,0.00497598,0.00542096
0.0253619,0.0165526,0.00625229,0.02793,0.00654991,0.00682592
0.026827,0.0180874,0.00714682,0.0300354,0.00541507,0.00257945
0.00844778,0.00597686,0.00348358,0.000937098,-0.000299422,0.00633807
0.00419405,0.00322003,0.00268375,0.0322485,0.0071929,0.00708719
0.0424396,0.027724,0.0281095,0.156682,0.0393006,0.0453215
0.0107207,0.00746483,0.00627318,0.0588999,0.0170018,0.0174664
0.0138431,0.00934874,0.00600499,0.0270397,0.00661835,0.00659401
0.0355366,0.0232602,0.00954814,0.0376292,0.0116284,0.0147783
0.0189654,0.0125118,0.00717546,0.0274367,0.00619398,0.0152867
0.00767396,0.00561579,0.00304279,0.0204011,0.00563996,0.0127076
0.0183037,0.0127685,0.00462391,0.0155499,0.00561469,0.0106242
0.0234635,0.0154955,0.0076161,0.0324795,0.00751045,0.00859586
0.00496993,0.00322992,0.00235259,0.00933284,0.00212067,0.00287471
0.0370407,0.0226258,0.0287707,0.116524,0.0350954,0.0402829
0.00653982,0.00432836,0.00272104,0.0153803,0.00346583,0.00197323
0.00774534,0.00560567,0.00312749,0.0105212,0.00289079,0.0039299
0.0173608,0.0118531,0.00388682,0.0271964,0.0085644,0.0269272
0.0145293,0.00939343,0.00499032,0.0179505,0.00528675,0.00512259
0.0273968,0.0177618,0.00766756,0.0353958,0.00908642,0.0115587
0.0300786,0.0199096,0.00958848,0.0485801,0.012677,0.0207374
0.0048768,0.00359248,0.00245675,0.0124272,0.00220308,-6.7155e-05
0.0304683,0.0196372,0.0467411,0.160638,0.0446137,0.0782422
0.0103417,0.0070142,0.00677785,0.0367506,0.00922458,0.00854626
0.0224401,0.0154203,0.0144083,0.0441731,0.0117861,0.0125081
0.0350753,0.022103,0.0136317,0.0581148,0.014833,0.0100223
0.0115161,0.00755286,0.0052559,0.0202221,0.00526666,0.00114265
0.0523843,0.031726,0.0149747,0.0567424,0.0136298,0.019608
0.0349577,0.0221195,0.0117356,0.0708281,0.0171239,0.00632149
0.0407845,0.0257532,0.0190506,0.0932883,0.0235427,0.0267026
0.02575,0.0167205,0.0195099,0.0788884,0.0208116,0.0256154
0.0157292,0.00752314,0.00588481,0.039047,0.0102476,0.00420772
0.0148052,0.00760443,0.00636156,0.0321307,0.00868014,0.00265093
0.0367914,0.0243084,0.0239755,0.0857143,0.024595,0.0214633
0.0116058,0.00787201,0.00421739,0.0136123,0.00289595,0.00689188
0.0117653,0.00828678,0.00716638,0.0178206,0.00688924,0.0222122
0.0200336,0.0137328,0.00610272,0.0315406,0.0084061,0.0109543
0.0124303,0.00859665,0.00456801,0.0246968,0.00610443,0.00678607
0.0198326,0.0135457,0.0120522,0.0497093,0.0129177,0.0592448
0.0114167,0.00801726,0.00857073,0.0201156,0.00625514,0.00931388
0.00934399,0.00639284,0.00829686,0.02744,0.00494661,0.00529925
0.015842,0.0103509,0.00975892,0.0478419,0.0140636,0.0152565
0.00813829,0.00545569,0.00351467,0.0125554,0.00335427,0.00240757
0.0284892,0.0128333,0.0163363,0.061427,0.0188136,0.0219657
0.0308106,0.014686,0.0185942,0.0550691,0.0144836,0.0208505
0.00555756,0.00369136,0.00283879,0.0167393,0.00426285,0.00501736
0.0189881,0.00882342,0.009197,0.0423608,0.0090197,0.00940172
0.0193341,0.00773365,0.0108676,0.0401998,0.00755627,0.00864089
0.0241919,0.0106245,0.00795858,0.0346948,0.00890077,0.0164765
0.00921537,0.00647573,0.00559316,0.0164271,0.00524416,0.00538206
0.0160332,0.0108931,0.00621226,0.0435424,0.0119442,0.00697898
0.00488991,0.0033105,0.00344849,0.0088861,0.00293617,0.00229734
0.0163378,0.0111058,0.0191302,0.0829416,0.0234648,0.0337972
0.0389981,0.0244547,0.0426501,0.192101,0.0501996,0.0866005
0.00466134,0.00313412,0.00264504,0.0251094,0.00469718,0.00286677
0.00709371,0.0048428,0.00320971,0.0151361,0.00352135,0.000752753
0.0168047,0.0111648,0.00935789,0.0350469,0.0103516,0.0147598
0.0322605,0.013895,0.0132936,0.0849316,0.0254288,0.0295274
0.0393382,0.0176,0.0167649,0.0978298,0.0255832,0.0288942
0.00583739,0.00412479,0.00255019,0.0178739,0.0048814,0.00350521
0.0101002,0.00723812,0.00379672,0.0199252,0.00175131,0.00159321
0.00995706,0.00684659,0.00530486,0.0182939,0.00539359,0.00266671
0.00910811,0.00626376,0.00369031,0.02382,0.00733663,0.00302963
0.00698277,0.00464475,0.00635238,0.0204183,0.00592705,0.00585533
0.026871,0.0178858,0.0109455,0.0568477,0.015051,0.0061738
0.0123333,0.0085063,0.00344137,0.0440865,0.00999307,0.0113561
0.0216843,0.00888722,0.0142714,0.0825715,0.0275516,0.0281706
0.0370803,0.0201864,0.0387065,0.147325,0.0413234,0.060748
0.0146988,0.00972908,0.0059971,0.0290649,0.00620993,0.0179791
0.0123974,0.00862408,0.00544208,0.020806,0.00686007,0.0116448
0.0462694,0.0288251,0.0219941,0.0832293,0.0225339,0.0315739
0.026189,0.0133465,0.0103677,0.0524745,0.0165406,0.0302037
0.0175827,0.0115155,0.00435685,0.0360775,0.0105674,0.00453295
0.0120127,0.00776774,0.00522405,0.0299192,0.00745452,0.0125486
0.00938287,0.00650537,0.00314378,0.0198186,0.00485721,0.000240536
0.0108372,0.00590736,0.00746818,0.0486178,0.0154892,0.0198926
0.0267995,0.0170297,0.0131027,0.0790936,0.0200894,0.0278354
0.00497116,0.0034016,0.00251254,0.0131017,0.00340107,0.00342867
0.0175259,0.0109964,0.00820885,0.032279,0.00926602,0.0162225
0.0382662,0.0240183,0.0120718,0.0580436,0.0140722,0.0158282
0.00974859,0.00672145,0.0032722,0.0176607,0.00554605,0.00497215
0.0122206,0.0084914,0.00450288,0.0236938,0.0052931,0.0146561
0.0320422,0.0187923,0.0287967,0.129501,0.0340667,0.0547497
0.0228461,0.00967346,0.00778905,0.0510085,0.0129036,0.0104799
0.00817296,0.00610966,0.00301834,0.00423765,0.00105253,0.00489482
0.0399083,0.0227412,0.0404793,0.223574,0.0530432,0.0852278
0.0116738,0.00842998,0.00366002,0.0351401,0.00886059,0.0087052
0.0241809,0.0162215,0.0124963,0.0522014,0.0144823,0.0140206
0.0148705,0.0101687,0.0041224,0.0310952,0.00666683,0.00322657
0.0178097,0.0118203,0.00520855,0.0267569,0.00500215,0.00570293
0.0426748,0.0276934,0.0178274,0.0485198,0.0131438,0.0293
0.0236512,0.0160755,0.00975561,0.0379567,0.0109049,0.0130796
0.00797585,0.00568434,0.00270192,0.0102881,0.00329736,0.00191222
0.0150618,0.00569551,0.00655506,0.0416323,0.0122588,0.0140106
0.0239305,0.0135064,0.0109773,0.0513314,0.0136459,0.017527
0.0199784,0.013386,0.00728237,0.0291792,0.00685703,0.0143915
0.00835013,0.00570026,0.0024981,0.0167299,0.00377374,0.00186211
0.0240025,0.0155932,0.0151162,0.0748794,0.0192888,0.0265394
0.0112909,0.00767715,0.00436773,0.0220059,0.00686379,0.0139113
0.0299377,0.0200756,0.00690081,0.0538422,0.0126806,0.0101829
0.00562255,0.00402544,0.00262896,0.0155859,0.00441557,0.00268744
0.0100955,0.00680956,0.013225,0.0817366,0.0257026,0.0350691
0.0103703,0.00713613,0.0037221,0.0307315,0.00721383,0.00895886
0.00926284,0.00629948,0.00365679,0.0153439,0.00356645,0.00494758
0.007095,0.00466297,0.00380549,0.0321343,0.00842972,0.00886243
0.0259476,0.0170046,0.00947881,0.0303376,0.00763429,0.00846774
0.00983254,0.00670955,0.00438963,0.0224033,0.00518404,0.00458928
0.00799699,0.00537292,0.00319572,0.00852839,0.00462084,0.00421505
0.0152413,0.0085206,0.0160628,0.068337,0.0201786,0.0209231
0.02309,0.0143203,0.0120203,0.0518724,0.0148562,0.0182766
0.00481494,0.00359639,0.0026552,0.0141092,0.00313863,0.00244376
0.0134303,0.00930928,0.00569541,0.03191,0.00792047,0.0114117
0.0066052,0.00482806,0.00147981,0.0149797,0.00270734,0.00402555
0.0200355,0.0132593,0.0075128,0.0405214,0.00932746,0.00369844
0.0115671,0.00794865,0.00362844,0.0249987,0.0066428,0.012168
0.0422692,0.0259863,0.0116219,0.0539709,0.0122223,0.0171484
0.0075977,0.00478612,0.00460891,0.0324116,0.0089156,0.00649168
0.0176929,0.0109628,0.00837103,0.0579139,0.0138487,0.00864009
0.011186,0.0074815,0.00379378,0.018312,0.0061964,0.00275009
0.011148,0.00777447,0.00489573,0.0176198,0.00464518,0.00239083
0.00564742,0.00374147,0.00229968,0.0097908,0.00325311,0.000960261
0.0183328,0.0126517,0.00772212,0.0376925,0.0114977,0.00905329
0.0164425,0.0109939,0.0047978,0.0311569,0.00830738,0.0101626
0.00557407,0.00382983,0.00227628,0.0111887,0.00255944,0.000955597
0.0123841,0.0082119,0.00469314,0.00662107,0.00118178,0.00230027
0.0252114,0.0169228,0.0186509,0.0429849,0.0106724,0.019346
0.0308262,0.0195668,0.0159865,0.0528643,0.0151579,0.00826225
0.0130763,0.00862615,0.00321694,0.0146695,0.00242175,0.00372606
0.0275067,0.0178328,0.00942264,0.045518,0.0125729,0.0121505
0.0141382,0.00983251,0.00388788,0.000238198,-0.000740446,0.00228433
0.0161453,0.0114157,0.00515451,0.0218435,0.00615177,0.0201698
0.00838045,0.005807,0.00315586,0.012655,0.00186513,0.00399261
0.0207652,0.013996,0.0108862,0.0332399,0.00859446,0.006948
0.0117735,0.00751354,0.00818692,0.0657616,0.0175181,0.0143113
0.0234537,0.015512,0.00808556,0.0433577,0.0109164,0.0222485
0.0324322,0.0205142,0.0153583,0.0549204,0.0160905,0.0134135
0.0106434,0.00714577,0.00790652,0.0283324,0.00784152,0.0192722
0.0196,0.0132071,0.00394561,0.0833889,0.0226375,0.0349053
0.0511687,0.0207778,0.0218623,0.0864887,0.0219535,0.0240031
0.0103302,0.0068299,0.00488732,0.0202992,0.00731338,0.00159185
0.013083,0.0088275,0.0101125,0.0528977,0.0137258,0.00777921
0.0073793,0.00506991,0.00300379,-0.000696272,9.13687e-05,0.00853147
0.0569732,0.0344435,0.0613332,0.202366,0.0544738,0.109605
0.00861852,0.00637754,0.00354863,0.0194452,0.00461191,0.00526139
0.0179723,0.0122867,0.00505719,0.0205469,0.00686365,0.0105153
0.0133393,0.00699772,0.00541211,0.0248644,0.00830142,0.00620063
0.00980569,0.00697938,0.00589466,0.00651296,0.00205905,0.00338741
0.00916553,0.0061981,0.00277992,0.0114172,0.0034023,0.00719344
0.0217369,0.0145874,0.00590609,0.0473294,0.00944128,0.0109403
0.0123338,0.00467105,0.00480044,0.0250305,0.0064008,0.00667387
0.0220649,0.0132066,0.00756637,0.0312336,0.00731282,0.00607868
0.0118665,0.00795946,0.0048886,0.0260632,0.00644877,0.00693351
0.0119652,0.008371,0.00368707,0.01935,0.00621733,0.00586358
0.0562459,0.0360779,0.0211994,0.085143,0.0227348,0.0172093
0.0326684,0.0203154,0.0163177,0.0715267,0.0165898,0.0110321
0.00682536,0.00439573,0.00180106,0.0153463,0.00408312,0.00457956
0.0250668,0.0160841,0.0160617,0.0710601,0.0179179,0.0221487
0.00744535,0.00455772,0.0016149,0.0174978,0.00522113,0.00775781
0.00968253,0.00673684,0.00440178,0.0177524,0.00505213,0.00392898
0.0185784,0.0124948,0.00649204,0.0458867,0.0150474,0.00854232
0.0111549,0.00735652,0.00356357,0.0269089,0.00711344,0.0097837
0.0152737,0.0107636,0.00744351,0.0246199,0.0080821,0.00670824
0.0245241,0.0160374,0.00784265,0.0257897,0.00521588,0.00837842
0.0351475,0.0211346,0.0138739,0.0503374,0.0132981,0.0303155
0.00542595,0.00354417,0.00356814,0.0246201,0.0063714,0.00587817
0.0253537,0.0108885,0.0209469,0.0901768,0.0259835,0.0341721
0.045446,0.0242039,0.0339199,0.125281,0.0309487,0.0436103
0.0205539,0.0138597,0.00704354,0.0288415,0.00833891,0.0139531
0.00962981,0.00684939,0.00449865,0.019292,0.00567114,0.00768761
0.0269339,0.0178988,0.0108073,0.0507474,0.014305,0.0111453
0.0658161,0.0382385,0.0298103,0.109287,0.026071,0.0436184
0.00616187,0.00425068,0.00126628,0.00937965,0.00338487,0.00451947
0.0179782,0.0120215,0.00635067,0.0177021,0.00455709,0.0123523
0.0108131,0.00719065,0.00398626,-0.000417853,0.000913002,0.00527145
0.0084677,0.0060068,0.00361042,0.0147888,0.00403895,0.00274381
0.0129218,0.00852361,0.00400808,0.0161912,0.00524052,0.00417777
0.0114598,0.00699859,0.00463152,0.0274207,0.00721591,0.00206764
0.0144049,0.00513423,0.00628841,0.0313001,0.00870138,0.0118625
0.0126027,0.00566906,0.00587063,0.0234512,0.00629118,0.0138829
0.0183018,0.012335,0.00525613,0.0358575,0.0100962,0.0079464
0.0275974,0.0183694,0.0290101,0.147881,0.0401892,0.0704427
0.0304931,0.0205716,0.0141282,0.0622884,0.0142156,0.010163
0.00720751,0.00535231,0.00224817,0.0115162,0.00351071,0.00284321
0.0180854,0.0122522,0.00491097,0.0223341,0.0041553,0.00703898
0.00851069,0.00558682,0.00797502,0.0481345,0.0111219,0.0248168
0.0424271,0.0264368,0.0463787,0.158027,0.0384008,0.0423171
0.00771,0.00583747,0.00428259,0.0199121,0.00454752,0.00216744
0.0127587,0.00834631,0.00450574,0.0204341,0.00475442,0.00328412
0.0102607,0.00658974,0.00449552,0.0162206,0.00471298,0.00203556
0.00953913,0.00659306,0.00545571,0.0399797,0.0111104,0.0175525
0.00909012,0.00631907,0.00240731,0.0140099,0.0035434,0.00492683
0.0208879,0.0143884,0.00659097,0.0477151,0.0116601,0.0278925
0.0247715,0.0162309,0.0102464,0.0645413,0.0153341,0.0193115
0.0152925,0.0101848,0.00760414,0.020637,0.00526681,0.00524589
0.0351963,0.0224312,0.0577416,0.186432,0.0480708,0.051877
0.0351961,0.0218184,0.0122703,0.0769735,0.0192352,0.0213527
0.0406202,0.0176795,0.0172529,0.0656105,0.0157207,0.0195173
0.0203102,0.00665614,0.00738635,0.0107004,0.00171574,0.0131129
0.0295137,0.0148704,0.0155137,0.0460988,0.0104737,0.0145103
0.0120198,0.00829995,0.00315147,0.0367089,0.00973217,0.00855035
0.00572069,0.00368933,0.00273037,0.0162824,0.00517716,0.001123
0.0519995,0.0290667,0.0152577,0.104746,0.026157,0.0202099
0.00669883,0.00450962,0.0029297,0.0149122,0.00366542,0.00389859
0.0322514,0.0201407,0.0160583,0.0912961,0.0239577,0.0237058
0.0101535,0.00665892,0.00619127,0.0175848,0.00415351,0.00401383
0.0273222,0.0175745,0.01387,0.0792694,0.0197998,0.017485
0.0309233,0.0207908,0.0138006,0.0153495,0.00279046,0.0120329
0.0246022,0.0167957,0.00666164,0.0336977,0.00926648,0.0179194
0.0230142,0.0151848,0.00999618,0.0527136,0.0152215,0.0111621
0.0515747,0.0313587,0.0373728,0.112094,0.0270744,0.0301266
0.0117866,0.00481986,0.00591035,0.0216143,0.00750119,0.00299129
0.0137832,0.00716025,0.00535319,0.0211954,0.00519438,0.00177354
0.00609714,0.00419538,0.00348166,0.0119854,0.00349002,0.00472949
0.0385028,0.0239975,0.0137472,0.047719,0.0122736,0.0225258
0.029827,0.0190522,0.0208876,0.101938,0.0252857,0.0506053
0.0251101,0.0173225,0.0104012,0.0391299,0.0107662,0.0231398
0.0166949,0.0113499,0.0101339,0.0417936,0.0116001,0.0165827
0.0372285,0.0224725,0.0135189,0.0645319,0.0146225,0.0278068
0.0194821,0.0136418,0.0156308,0.0977217,0.021054,0.0252238
0.0128885,0.00852196,0.0104176,0.0698842,0.0195496,0.0269827
0.017197,0.0123425,0.0111887,0.0620747,0.0148471,0.0118085
0.0101942,0.00670357,0.00324758,0.0189743,0.00351109,0.00631835
0.0342192,0.0224388,0.0112089,0.0458742,0.0101277,0.0266127
0.00723157,0.00512958,0.00440999,0.0155703,0.00694713,0.00900901
0.010545,0.00720442,0.00424971,0.0204836,0.00579363,0.0031123
0.00578003,0.00423552,0.00241253,0.0235379,0.00458628,0.00531869
0.0150721,0.00999807,0.00377915,0.0199687,0.00692322,0.00435807
0.030551,0.0208021,0.0125246,0.0663988,0.0176406,0.00712688
0.0310182,0.0202756,0.00908784,0.0454552,0.0122849,0.0137699
0.0254342,0.016316,0.0195623,0.12056,0.0313144,0.0438221
0.015373,0.0099065,0.007545,0.0257997,0.00849788,0.00892243
0.0105277,0.00671597,0.00547484,0.0236697,0.00650013,0.00390158
0.013013,0.00895077,0.0481819,0.0982841,0.0256681,0.0176158
0.00957257,0.00639499,0.00359043,0.0168794,0.00417514,0.0051749
0.0237853,0.0155479,0.00582885,0.036657,0.00916719,0.00787827
0.011601,0.00824637,0.00302473,0.0242644,0.0043715,0.00712203
0.0113261,0.00767388,0.00492199,0.0169475,0.00556498,0.00929178
0.0266179,0.0176217,0.0125107,0.0537334,0.0134116,0.0392307
0.00421168,0.0029854,0.0050405,0.0109704,0.00250341,0.00465865
0.00514045,0.00370445,0.00147637,0.0152333,0.00354296,0.00377607
0.0251927,0.0168165,0.00607049,0.0292118,0.00631147,0.00428954
0.033125,0.0191295,0.0138934,0.101482,0.028307,0.0174041
0.0219543,0.0102685,0.0108459,0.0545871,0.011536,0.0124453
0.036762,0.0223795,0.0157957,0.0831554,0.0189603,0.025001
0.0347873,0.0223575,0.00951578,0.0520637,0.0120348,0.00934792
0.0148713,0.0104061,0.00523262,0.02331,0.00552123,0.0147062
0.00435701,0.00307353,0.00174454,0.0144653,0.00603308,0.00836603
0.0142495,0.00930325,0.00418734,0.0282681,0.00681882,0.00794405
0.00583378,0.00401791,0.00247989,0.0268271,0.00851379,0.0192524
0.0104138,0.00722095,0.00821828,0.0251999,0.00740811,0.0112085
0.00905253,0.00616798,0.0123062,0.0396865,0.00912439,0.0137326
0.0233497,0.0103258,0.00852708,0.0379771,0.00940882,0.00641803
0.0229867,0.0103569,0.00842371,0.0385372,0.00941821,0.00610441
0.0204682,0.0133586,0.00849351,0.0222731,0.00624581,0.0115079
0.00474411,0.00364552,0.00292287,0.00796252,0.00381762,0.00212253
0.0213829,0.0151128,0.00769744,0.0619064,0.0202765,0.03022
0.0413487,0.025942,0.0134773,0.0713013,0.0191678,0.0121827
0.010808,0.00750721,0.00337836,0.0133508,0.00415776,0.00513518
0.0184348,0.0121689,0.00590886,0.00608119,0.00142671,0.0034687
0.0095402,0.00627893,0.00258062,0.0219978,0.00579212,0.00734454
0.0205363,0.0137255,0.0105649,0.0482821,0.0123722,0.00954945
0.0181107,0.012324,0.00694346,0.0392482,0.0104485,0.0147469
0.0110893,0.00753351,0.00329785,0.0180798,0.0051015,0.00223047
0.0122986,0.0080303,0.00414094,0.006232,0.000772766,0.0095329
0.04504,0.0258632,0.024393,0.0774346,0.0219408,0.0376649
0.0311694,0.0205115,0.0114446,0.0472343,0.0139779,0.0347994
0.0490245,0.0297573,0.0291033,0.108685,0.0266226,0.0448582
0.0111311,0.00756154,0.00739593,0.0347819,0.00655686,0.00586562
0.0087293,0.0061417,0.00267112,0.0163296,0.00462563,0.00590747
0.0115574,0.00503145,0.00526023,0.0278939,0.00531637,0.00990305
0.00978325,0.00696753,0.00516427,0.0287891,0.00755226,0.0135636
0.00425493,0.00308106,0.00219374,0.00483257,0.00295547,0.00428502
0.00543687,0.00381813,0.00147807,0.00909745,0.00469422,0.0054797
0.0119914,0.0080268,0.00575676,0.0242706,0.00647122,0.00980196
0.0227503,0.0149739,0.00875515,0.0237346,0.00691092,0.0148067
0.00676668,0.00504337,0.00263129,0.00939459,0.00260143,0.0048191
0.00971939,0.00644518,0.00323634,0.0102728,0.00401509,0.00220545
0.0220285,0.0148982,0.00686474,0.0297693,0.00674627,0.00647058
0.0332747,0.0226889,0.0138522,0.0401412,0.0120209,0.0147338
0.0388879,0.0147242,0.00935408,0.0636025,0.0211997,0.0257203
0.0575667,0.0280994,0.0144381,0.0724442,0.0196162,0.0359631
0.0152756,0.00912499,0.00570045,0.0140607,0.00703915,0.0112185
0.0151157,0.00728768,0.00654048,0.0121485,0.00444164,0.00427005
0.0299859,0.020004,0.0155,0.0581363,0.0154738,0.0393284
0.00429366,0.00335449,0.00213115,0.0138847,0.0032848,0.000822185
0.0141004,0.0098292,0.00559081,0.0286925,0.00716903,0.0063429
0.00916402,0.00664433,0.010086,0.0201595,0.00644784,0.00210887
0.035798,0.0235287,0.013135,0.0863011,0.0201089,0.0189887
0.0287106,0.0173624,0.0225509,0.131499,0.0317786,0.0394764
0.0171866,0.0117046,0.0252891,0.0932639,0.02715,0.0308775
0.0358878,0.023772,0.0162097,0.0753265,0.0187563,0.0383801
0.0116083,0.00832828,0.00455704,0.0173581,0.00595755,0.00238366
0.0220844,0.0145741,0.0205862,0.0785411,0.0200385,0.021571
0.0218116,0.0106129,0.00729976,0.0402657,0.0106622,0.00835142
0.0339733,0.0193289,0.0096679,0.0471434,0.0098764,0.00917154
0.0103831,0.00729439,0.00319515,0.0243817,0.00403558,0.00414398
0.0345411,0.0222105,0.00851601,0.057079,0.0158671,0.0172743
0.0119469,0.0085921,0.00498078,0.0204097,0.00688549,0.0103914
0.0277789,0.0163509,0.0297367,0.1642,0.0399891,0.0506662
0.0052226,0.00350786,0.00331016,0.00391423,0.00107143,0.00313264
0.0409478,0.0263884,0.0150341,0.0550146,0.0132391,0.029403
0.0137259,0.00892453,0.0039602,0.00615935,0.00131867,0.00363811
0.0287058,0.0189038,0.0163353,0.0273287,0.00689483,0.0450959
0.0142509,0.00994296,0.0043868,0.0237248,0.00433649,0.00769395
0.0277345,0.0181767,0.00768758,0.0339382,0.00887244,0.00641105
0.0200623,0.0132077,0.00820831,0.0315791,0.00765359,0.00985284
0.0510169,0.0270204,0.0430138,0.188232,0.0493411,0.0366177
0.0559335,0.0295534,0.0249962,0.10052,0.0228968,0.0213768
0.020712,0.014069,0.009314,0.0328996,0.00843225,0.00648424
0.0203484,0.0139557,0.00625664,0.0324616,0.00772366,0.0160518
0.00541226,0.00356887,0.00407378,0.0109075,0.0031016,0.00158657
0.0128571,0.00883801,0.00483178,0.0234625,0.00698253,0.00371895
0.00448868,0.00317188,0.00154214,0.0186194,0.00426772,0.0037771
0.0277748,0.0154726,0.00922998,0.0329315,0.00785894,0.00892325
0.0301778,0.0089242,0.0108719,0.053251,0.0113969,0.0132807
0.0231239,0.00907197,0.00856346,0.0468022,0.0096316,0.0127283
0.0325953,0.0214696,0.0240412,0.068523,0.0194204,0.0492504
0.00706641,0.00438184,0.0125776,0.0707367,0.0189684,0.0238937
0.0167458,0.0114854,0.00497158,0.0273211,0.00658611,0.00882105
0.0197081,0.0134414,0.008356,0.0224077,0.00624496,0.0077063
0.00717666,0.00499892,0.00334944,0.0100404,0.00349587,0.00273749
0.00595761,0.00422468,0.0024992,0.00163824,-9.52334e-05,0.00260265
0.00599162,0.00446028,0.00303055,0.0150462,0.0017203,0.00157124
0.00645758,0.0043745,0.00334572,0.0229986,0.00506509,0.00297272
0.0395184,0.0225411,0.0248551,0.144834,0.0370317,0.0736766
0.0202705,0.0130268,0.00737932,0.0373413,0.0077133,0.00739204
0.0069521,0.00452211,0.00269361,0.0148396,0.00246107,0.00326199
0.00759287,0.00528418,0.00409375,0.022803,0.00469158,0.00899999
0.0337676,0.0218059,0.0106607,0.0377105,0.00837399,0.0119806
0.0138971,0.00932311,0.00385301,0.0118376,0.00469106,0.00293999
0.0283507,0.0184057,0.0146516,0.10919,0.0275205,0.0355101
0.026723,0.0176415,0.00573632,0.0479691,0.0113316,0.0200707
0.0545204,0.0281963,0.0165749,0.084794,0.0214183,0.0326361
0.00753923,0.00531338,0.0039129,0.0186547,0.00419041,0.00225183
0.0248278,0.0168721,0.0172341,0.0983679,0.0278886,0.0497192
0.013668,0.00926523,0.00240839,0.014479,0.00328237,0.00871093
0.0169857,0.0119021,0.004661,0.012216,0.00438544,0.0136092
0.0371274,0.0235989,0.0162661,0.101747,0.0261617,0.0341117
0.0171367,0.0118303,0.00670423,0.0252639,0.00699073,0.00970459
0.00559808,0.00373963,0.0033766,0.0125439,0.00263773,0.00364427
0.0182058,0.0101034,0.00871484,0.0355992,0.00819766,0.00601469
0.0128188,0.00885741,0.0060265,0.0285349,0.00792117,0.00872818
0.0111807,0.00748502,0.00362037,0.0223052,0.00399603,0.002722
0.00621614,0.00417571,0.00361112,0.0183618,0.00413518,0.0046031
0.012102,0.0082859,0.00427994,0.0241124,0.00491966,0.0114242
0.0111738,0.00771562,0.00409027,0.0218787,0.00452966,0.00799578
0.0193532,0.0131139,0.00487189,0.0383727,0.01075,0.0129974
0.0313926,0.0206832,0.0419957,0.183839,0.0489206,0.0619349
0.0259554,0.0160852,0.0186904,0.100726,0.0270358,0.0665586
0.014478,0.00960131,0.00530897,0.0307802,0.0083586,0.0104937
0.0250331,0.0165676,0.0126597,0.0485537,0.0140865,0.0121614
0.0317214,0.0216155,0.0157666,0.073071,0.0198605,0.00785426
0.00701096,0.00523146,0.00322275,0.0177087,0.00399693,0.00447263
0.0399902,0.0243105,0.018321,0.073839,0.0195846,0.0308379
0.0247729,0.0142144,0.0134181,0.0389715,0.0099212,0.0136177
0.0173579,0.0114164,0.00582045,0.0297959,0.00804008,0.0137979
0.00986256,0.00694462,0.00974917,0.0570341,0.0145632,0.0123391
0.0235263,0.016374,0.00608464,0.0292454,0.00720956,0.00798272
0.0208846,0.013926,0.0138318,0.0445441,0.0117099,0.0186116
0.0144032,0.0104586,0.00803183,0.0230124,0.00607135,0.00779679
0.0224083,0.0149261,0.00770498,0.0268278,0.010773,0.0102723
0.00921872,0.00642841,0.0025883,0.0251425,0.00533794,0.00592273
0.005847,0.00415333,0.00278614,0.00903737,0.00121803,0.00380015
0.00673576,0.00494567,0.00226087,0.0125002,0.00234753,0.00364479
0.00925352,0.00593704,0.00347069,0.0230082,0.00418667,0.00336152
0.0315355,0.0206032,0.00809451,0.0386471,0.0112545,0.0143637
0.0231287,0.0153526,0.00753081,0.0465347,0.0120161,0.00650566
0.011118,0.00770639,0.0109597,0.0525094,0.0125389,0.0114842
0.00678826,0.00491292,0.00266526,0.0162234,0.00316565,0.00507553
0.0310274,0.0138497,0.0238941,0.0874918,0.0265647,0.0258018
0.0158013,0.00997402,0.00482947,0.0219365,0.00514766,0.00338761
0.0421079,0.0252492,0.0259064,0.0895371,0.019371,0.0427538
0.00936231,0.00643322,0.00483128,0.0158927,0.0046783,0.00464554
0.0068256,0.00465215,0.00224393,0.0159085,0.004879,0.00459726
0.0059332,0.00387068,0.0030412,0.0246793,0.00678405,0.00234627
0.0180539,0.0121051,0.00454251,0.0232467,0.00725497,0.00282989
0.0259485,0.0163667,0.00811293,0.0487481,0.0118771,0.0068295
0.00685462,0.00493242,0.00448932,0.0181256,0.0031752,0.00418787
0.0119865,0.00791686,0.0040138,0.0241205,0.00548955,0.00559244
0.0139515,0.00975885,0.00566948,0.0171828,0.00565576,0.012562
0.0563643,0.032322,0.0302133,0.147168,0.033462,0.0413902
0.0116291,0.00823499,0.00969571,0.0305418,0.00742327,0.00767471
0.0133433,0.00924068,0.0135828,0.0335183,0.00873652,0.0138894
0.0130116,0.00889629,0.00448538,0.0181623,0.0037761,0.00184243
0.022172,0.0149803,0.00988738,0.00828865,0.00173005,0.00481782
0.0145907,0.0100769,0.00661931,0.0299447,0.00876885,0.00726872
0.0154458,0.0106175,0.00739055,0.0196833,0.00483081,0.0108353
0.0192639,0.012529,0.00636174,0.0363095,0.00846744,0.00702463
0.0412121,0.0259773,0.0175024,0.0539352,0.0149374,0.0194751
0.0120223,0.00835008,0.00455482,0.0158092,0.00470253,0.00892862
0.0120519,0.00800216,0.00513827,0.0199652,0.00480773,0.00516197
0.0301182,0.019066,0.0107844,0.0490685,0.0164705,0.0328537
0.0179833,0.012551,0.00564468,0.0258427,0.0061337,0.00534138
0.0390764,0.0248721,0.0126255,0.0600975,0.0153829,0.0300965
0.0327713,0.0181012,0.0429041,0.141891,0.037455,0.0864239
0.0084101,0.0058621,0.00696826,0.0212908,0.00695246,0.0166418
0.00630046,0.00455949,0.00262825,0.0240577,0.00624814,0.00408102
0.0200861,0.0135493,0.00694064,0.0444204,0.0117341,0.0182394
0.00566128,0.00372067,0.00269938,0.00923502,0.00369052,0.00777504
0.0321834,0.0215621,0.0138164,0.0401767,0.0106168,0.00827417
0.00516298,0.0037596,0.00316502,0.00718308,0.00312613,0.00205339
0.0386349,0.024903,0.0160317,0.0606664,0.0157905,0.00790212
0.0368491,0.0229363,0.011372,0.044242,0.0118899,0.0230785
0.0353864,0.0228878,0.014103,0.0508263,0.0157895,0.0100425
0.016995,0.0121625,0.00708377,0.0104893,0.00288201,0.00812205
0.0440167,0.0259247,0.0281199,0.121245,0.0321296,0.0360077
0.00829409,0.00570599,0.0025675,0.026999,0.00574731,0.00506192
0.0321481,0.0213488,0.0128208,0.041137,0.0158599,0.0253833
0.0145382,0.00841005,0.00585705,0.0384353,0.0119995,0.0175794
0.0169459,0.0115378,0.00376685,0.0211159,0.0075452,0.00739207
0.0241476,0.0155791,0.0118879,0.0867554,0.0236662,0.0196769
0.00907059,0.00645055,0.00385025,0.0185315,0.00257135,0.00287187
0.00783067,0.00527911,0.00421218,0.0143497,0.00323359,0.00214971
0.00659792,0.00419901,0.00152069,0.0167496,0.00336627,0.0037802
0.0103204,0.00706059,0.00206192,0.0142261,0.00422297,0.00263387
0.0251553,0.0165887,0.00830026,0.0415756,0.0124293,0.018164
0.0276884,0.0145842,0.0117447,0.0377802,0.010987,0.0246221
0.0071487,0.00470983,0.00173232,0.0142661,0.00557933,0.00232708
0.023534,0.0149704,0.0105043,0.0597484,0.014435,0.0102563
0.0346022,0.02087,0.0139664,0.0979875,0.0258893,0.0264881
0.0169317,0.0117831,0.00629949,0.0258397,0.00715126,0.00594578
0.0211879,0.014552,0.0106288,0.044403,0.0121528,0.00422408
0.0112065,0.00785397,0.00554626,0.0470992,0.0122851,0.00779745
0.010821,0.00724916,0.00659794,0.0473209,0.0124766,0.0326083
0.0163344,0.0107797,0.00582481,0.0337972,0.00990058,0.00746863
0.0207667,0.014243,0.00630978,0.0293273,0.00830057,0.00947284
0.0114988,0.0079416,0.0022072,0.0197527,0.00447284,0.00395437
0.00934066,0.00667061,0.00365786,0.0164399,0.0043245,0.0114261
0.0255381,0.0132131,0.0103905,0.04724,0.00900337,0.00941955
0.0164843,0.011175,0.00605181,0.0299213,0.00502923,0.00350474
0.0383572,0.0238366,0.0182614,0.0617454,0.0157263,0.0102633
0.00411123,0.00319978,0.00175359,0.0242406,0.00506489,0.00406977
0.020904,0.0144745,0.00752891,0.00764652,0.000767544,0.0138864
0.0291046,0.0193028,0.0231042,0.0811884,0.0206578,0.0395853
0.0146475,0.00984986,0.00626623,0.0310543,0.00720555,0.010355
0.0383378,0.024966,0.01511,0.049433,0.012169,0.0100298
0.00548974,0.00396387,0.00214155,0.014664,0.00322128,0.00383385
0.0119919,0.0081819,0.0092804,0.0344919,0.00975321,0.0353375
0.0329831,0.0213715,0.0173104,0.0689909,0.0154229,0.0119247
0.0193481,0.0134175,0.00646604,0.0209687,0.00524896,0.00480253
0.0217173,0.0144527,0.0343097,0.0835926,0.0225103,0.0291462
0.0268989,0.0173829,0.00944022,0.0489963,0.00918928,0.0251283
0.00747217,0.00493605,0.00290468,0.00628817,0.00425912,0.00252017
0.010335,0.00708742,0.00471563,0.00447145,0.000630036,0.00225007
0.0172695,0.011841,0.00581978,0.0218827,0.00665838,0.00338829
0.0165591,0.0110009,0.0167121,0.0447374,0.0118973,0.012643
0.0211906,0.0137153,0.00867992,0.00465184,0.00126566,0.0210454
0.0146344,0.00972696,0.00939666,0.0399579,0.0124162,0.0230149
0.0106713,0.00728262,0.00436267,0.0137457,0.00571775,0.00285696
0.0297366,0.0196581,0.0194895,0.107752,0.03059,0.0508752
0.0108555,0.00770058,0.00340047,0.0202182,0.0041517,0.00259859
0.0186708,0.0125675,0.00642968,0.0320387,0.00878733,0.0101061
0.00986349,0.00653011,0.00386536,0.0136579,0.00506147,0.00375751
0.0223332,0.0149702,0.0071102,0.0378797,0.0080712,0.0376564
0.0111218,0.00783429,0.00986355,0.0247866,0.00744012,0.00516262
0.0145069,0.00967707,0.00469026,0.013958,0.00415865,0.00627186
0.00516303,0.003657,0.00248558,0.0120084,0.00273584,0.00359434
0.0127793,0.00869269,0.0037155,0.0331027,0.0070105,0.00359444
0.0436397,0.0245647,0.0235205,0.135942,0.0353725,0.0301869
0.0688734,0.0384705,0.0904689,0.367191,0.0889732,0.133998
0.046727,0.0295249,0.0179857,0.0769367,0.0214347,0.0220789
0.07784,0.0346272,0.0352025,0.143449,0.0404382,0.0603456
0.0565529,0.0314636,0.0333169,0.126848,0.0330028,0.0602753
0.00485897,0.00352274,0.00306009,0.0132442,0.00301676,0.00323368
0.0400652,0.0257264,0.0187908,0.0818499,0.0207275,0.0262758
0.0275963,0.0188117,0.0114226,0.0433349,0.012806,0.0122839
0.00953336,0.00702947,0.00350112,0.0109997,0.00197129,0.00504299
0.0156495,0.010784,0.00503755,0.0265049,0.00702829,0.00833429
0.0290362,0.0193029,0.00941182,0.0463582,0.0147448,0.0196077
0.016421,0.0107013,0.00528822,0.0322846,0.0091334,0.004091
0.0124549,0.00864658,0.00424165,0.0310859,0.00822645,0.0100721
0.0188108,0.0126097,0.0103924,0.0697372,0.0180548,0.0056517
0.0154266,0.0103679,0.00455685,0.0188474,0.00302361,0.00698555
0.0431276,0.023819,0.0177155,0.0544764,0.0138578,0.0208168
0.0260014,0.0177071,0.0102484,0.0234759,0.00596182,0.0129179
0.0222226,0.0145857,0.0100185,0.051845,0.0118298,0.00838185
0.0768382,0.0441837,0.0295676,0.156423,0.0412644,0.0600769
0.00861371,0.00602686,0.00300787,0.0212826,0.00661752,0.00663902
0.0111345,0.00753557,0.00872383,0.0477355,0.0123372,0.0251248
0.010912,0.00763953,0.00521763,0.0134312,0.00417367,0.00447471
0.0145405,0.00994568,0.00508728,0.0219664,0.0051857,0.00929404
0.00630815,0.0045014,0.00286695,0.0237999,0.00462211,0.0104418
0.00936742,0.0063444,0.00187915,0.0167981,0.00550149,0.00487071
0.00678658,0.00477969,0.00297426,0.0117863,0.00427779,0.0034203
0.0144894,0.0068719,0.00608952,0.0375118,0.0118465,0.00907636
0.0225334,0.0133948,0.00888907,0.0297436,0.00773011,0.0091227
0.030708,0.0189241,0.031519,0.147406,0.0362936,0.0746811
0.0188667,0.0125804,0.0138633,0.0485409,0.0122969,0.0101184
0.0326433,0.020661,0.0158514,0.0835412,0.0222597,0.0315027
0.0239436,0.0163691,0.00641849,0.041904,0.0112375,0.0202949
0.0159918,0.0113192,0.00758776,0.0322494,0.00772122,0.0191484
0.0348951,0.0234056,0.00951956,0.050354,0.0116986,0.0269437
0.0132715,0.00916215,0.00916187,0.0275198,0.00794351,0.00833811
0.0226852,0.0144718,0.0289875,0.116085,0.0275951,0.0242016
0.024655,0.0160962,0.00639451,0.0425705,0.0107097,0.011813
0.0164476,0.0108763,0.0047472,0.0294935,0.00750031,0.00480625
0.0358263,0.0233749,0.0167233,0.0597088,0.0156663,0.0487165
0.00693014,0.00493305,0.00287873,0.0266626,0.00770204,0.00928975
0.0325038,0.0174061,0.0192679,0.122182,0.0319303,0.0249709
0.0103368,0.00712914,0.00366107,0.0280837,0.00676747,0.00851808
0.0104232,0.00727508,0.00275143,0.0200026,0.0046158,0.00979177
0.0102027,0.00329344,0.00370192,0.022516,0.00694075,0.0105532
0.0623571,0.0366845,0.0192028,0.0753129,0.0200581,0.0202226
0.00827082,0.00530938,0.00727789,0.0168029,0.00522621,0.00593264
0.00513049,0.00357557,0.00238819,0.0126788,0.00270592,0.00219598
0.00742814,0.0050727,0.00402177,0.00929679,0.00224764,0.00551508
0.00974767,0.00700171,0.00316698,0.0279536,0.00723407,0.0109581
0.0223349,0.0147195,0.0153855,0.0649344,0.0202557,0.0470908
0.00647319,0.00331137,0.00416944,0.0169854,0.00420007,0.00225872
0.01192,0.00789629,0.00570687,0.0246564,0.00659611,0.00281737
0.011306,0.00760884,0.00287734,0.0203967,0.0061896,0.00861161
0.00766499,0.00519388,0.00644197,0.0249386,0.00593323,0.00648278
0.0494685,0.0316546,0.0232506,0.102547,0.0318625,0.0771242
0.0167732,0.0116016,0.0109373,0.0409711,0.0121276,0.0120137
0.0411987,0.0229097,0.0508945,0.168274,0.0419287,0.0920088
0.0176865,0.0120059,0.0048948,0.0314906,0.00640151,0.00973872
0.0406888,0.0246939,0.0280317,0.115895,0.0350965,0.0314567
0.0197001,0.0130596,0.00548026,0.0305209,0.0064728,0.00681744
0.0331606,0.019844,0.0105007,0.0409785,0.0113574,0.0122164
0.0167493,0.0116521,0.00492723,0.0262372,0.00714998,0.00561863
0.00777497,0.00536646,0.001359,0.0330987,0.0107259,0.0236663
0.0121813,0.00824451,0.00357263,0.0194865,0.00467244,0.00421029
0.00828539,0.00586937,0.00386094,0.0231106,0.00530115,0.00178363
0.0236022,0.0154822,0.02676,0.0491473,0.0165862,0.0353873
0.0149329,0.00794856,0.00514234,0.0336193,0.00854911,0.017355
0.0118342,0.00517048,0.00418376,0.0225854,0.00597923,0.0159951
0.0132248,0.00901053,0.00509891,0.015145,0.00432346,0.00645908
0.00399735,0.0030051,0.00164583,0.0177647,0.00437294,0.00599434
0.00853474,0.00619779,0.00445618,0.0164548,0.0041652,0.00651316
0.0166673,0.0115367,0.00450834,0.0213162,0.00707436,0.00947709
0.0166736,0.0115113,0.00709871,0.0238919,0.00523757,0.00915953
0.0225797,0.014393,0.0145845,0.0524846,0.0152419,0.0200142
0.0168782,0.0112551,0.00630147,0.0291244,0.00644342,0.0100366
0.00530063,0.00365932,0.00312906,0.00855772,0.00242155,0.00141459
0.0114111,0.00798977,0.00349722,0.0165233,0.00262135,0.00289925
0.0218052,0.0143773,0.00833368,0.0472084,0.0124269,0.0157347
0.0292618,0.0192694,0.00913342,0.0408753,0.0114622,0.00849244
0.0264217,0.0171727,0.0104669,0.0492468,0.0124822,0.0174951
0.0361766,0.0217227,0.0286386,0.107857,0.0260133,0.0400069
0.00787434,0.005543,0.00358185,0.0126849,0.00313046,0.00370667
0.0217886,0.0142434,0.00820741,0.0383278,0.00779,0.00645196
0.00612182,0.00414885,0.00433967,0.0160977,0.0045809,0.00788337
0.00637025,0.00357521,0.00323538,0.0198985,0.00373954,0.00718585
0.0139694,0.00954339,0.00523133,0.0162236,0.00397598,0.00484849
0.00804179,0.00534944,0.00371739,0.0332153,0.00843889,0.0139987
0.00649829,0.00424996,0.00180166,0.0240076,0.00493442,0.00281212
0.0117214,0.00797589,0.00478129,0.0167558,0.00444342,0.00238577
0.0313207,0.0202454,0.0371589,0.170487,0.0446976,0.0462169
0.00834904,0.00576039,0.00325333,0.00817869,0.00181728,0.00488455
0.0324168,0.0212854,0.0127254,0.0768702,0.0168654,0.0424491
0.0361434,0.0234141,0.0111488,0.0419652,0.0109144,0.012922
0.00853026,0.00570348,0.00324926,0.0189959,0.00422907,0.00773481
0.0124485,0.00852248,0.00615985,0.00412611,0.0013714,0.0108917
0.0481837,0.0263356,0.0625372,0.271572,0.0677566,0.0965037
0.0158767,0.0104677,0.00483452,0.0334639,0.00888841,0.00526086
0.00727076,0.00486466,0.00389385,0.0136592,0.00348239,0.00318871
0.0208016,0.013603,0.0144631,0.0762228,0.0204709,0.013621
0.0794981,0.0409459,0.0270236,0.106717,0.0245914,0.0412822
0.0499875,0.0279033,0.0228649,0.0973294,0.0265181,0.0218923
0.0111199,0.00751636,0.00368088,0.0198705,0.00432808,0.0105577
0.0732685,0.0363828,0.0419071,0.135149,0.035781,0.0390294
0.0296553,0.0191316,0.0080123,0.035109,0.0106881,0.0190228
0.0098838,0.00659401,0.00310509,0.0241601,0.00568667,0.00525989
0.0287539,0.0191366,0.0153992,0.0212884,0.00524235,0.0177848
0.0105234,0.00741703,0.00343786,0.0247093,0.00559631,0.00640153
0.00644002,0.00453084,0.00200269,0.0125141,0.00314414,0.019995
0.0156178,0.0103221,0.00363114,0.0249787,0.00568323,0.00296073
0.0237122,0.015491,0.0041354,0.0294621,0.00727052,0.00500598
0.0177265,0.0121984,0.00847268,0.0374923,0.0125088,0.0147746
0.0182655,0.0122329,0.0054552,0.0233768,0.00561024,0.0065735
0.0166099,0.0113303,0.00734089,0.0453824,0.0105718,0.0042863
0.0124316,0.00844705,0.00384545,0.0319919,0.00892811,0.00733565
0.0243451,0.0151692,0.00814923,0.0353864,0.0105354,0.0208568
0.0136722,0.00637478,0.00387097,0.0242564,0.00524066,0.0116519
0.0299187,0.0192671,0.017014,0.087539,0.0234858,0.0132598
0.0397395,0.0238583,0.0167051,0.0833155,0.0215018,0.039365
0.0102502,0.00689485,0.0040315,0.0179552,0.00376541,0.00586421
0.00732615,0.00500941,0.00359771,0.0208407,0.00436867,0.00380192
0.0106181,0.00744194,0.00465167,0.0269411,0.00678548,0.00488919
0.00909696,0.00664379,0.00233343,0.0280263,0.00708796,0.00454924
0.0635658,0.0301387,0.0373253,0.0976914,0.0263205,0.0476742
0.00455048,0.00323355,0.00260068,0.0168626,0.00362962,0.00385305
0.024467,0.0164322,0.00908366,0.0499554,0.0136053,0.0198254
0.0315454,0.0204424,0.0103316,0.0667435,0.0182842,0.0379118
0.00875323,0.00578666,0.00277142,0.0108605,0.00270799,0.00636536
0.00888795,0.00650193,0.00371788,0.0027614,0.000260204,0.00601705
0.00689241,0.00472019,0.00333141,0.0138625,0.00332335,0.00549588
0.0132761,0.00912161,0.00516395,0.0139177,0.00359575,0.00449541
0.0093535,0.00623102,0.00283348,0.0162394,0.00455752,0.00903061
0.00477024,0.00356204,0.00172712,0.00925164,0.00321281,0.0042795
0.0159834,0.0102988,0.00453596,0.029336,0.00763483,0.00212515
0.0128041,0.00598668,0.00389027,0.0170406,0.00464674,0.00447689
0.0160752,0.0112219,0.00462632,0.0175756,0.00573761,0.0158486
0.0188685,0.0123576,0.00941633,0.0585364,0.0178155,0.0136981
0.0265264,0.0151567,0.0317391,0.0904303,0.026359,0.0238605
0.0181939,0.0120042,0.0114181,0.0293116,0.00751745,0.0132005
0.00947523,0.00676689,0.00479567,0.0222026,0.00477559,0.00689907
0.0132552,0.00874802,0.00442778,0.0213485,0.00589027,0.0116935
0.0196747,0.0129092,0.00338057,0.0494855,0.0163972,0.0134039
0.0137073,0.00950975,0.002787,0.0259766,0.00740124,0.00691372
0.0113094,0.00829226,0.00849343,0.0250026,0.0066011,0.00281292
0.00814838,0.00525301,0.00154117,0.0134193,0.00367137,0.00335553
0.0137354,0.00952344,0.00536775,0.000143732,0.00105746,0.00514649
0.0440822,0.0278541,0.0138976,0.0479503,0.0149354,0.0153487
0.00845779,0.00588359,0.00344098,0.0225907,0.00623998,0.000678128
0.047247,0.0291634,0.0221344,0.0765204,0.0180035,0.0197869
0.00554195,0.00403333,0.00406868,0.0166479,0.00352032,0.0131966
0.0172457,0.0120098,0.0046968,0.0237821,0.00640072,0.00642504
0.0110967,0.00770726,0.00427553,0.0365556,0.00971018,0.00708913
0.00986,0.00719995,0.00711559,0.0436981,0.0102566,0.0182288
0.00576356,0.00414264,0.00268334,0.0140315,0.00312226,0.00232946
0.0188845,0.0112255,0.00687491,0.0292229,0.00784346,0.00359644
0.0347295,0.0237704,0.0125189,0.0457842,0.0122779,0.00957656
0.0413588,0.0246956,0.0211256,0.116456,0.0334636,0.0278819
0.0145564,0.00978806,0.00530626,0.0162402,0.00491307,0.00403814
0.0308075,0.0203515,0.0114862,0.0483345,0.00794085,0.0095724
0.0304347,0.0203221,0.00961165,0.0373976,0.00742932,0.0164614
0.0056244,0.00395113,0.00125424,0.0126624,0.00417922,0.00453336
0.0328839,0.0218274,0.0218177,0.11943,0.0276863,0.04897
0.0183114,0.0119704,0.00712526,0.0299633,0.0102829,0.0112294
0.00974897,0.00652759,0.0034889,0.0144299,0.00514853,0.0185752
0.0147873,0.0104226,0.0046657,0.0190382,0.00648888,0.00604542
0.00967239,0.00687575,0.0023381,0.0205859,0.00720086,0.00388801
0.0237507,0.0160387,0.0115965,0.0363088,0.00945433,0.010956
0.0133886,0.0094511,0.00426486,0.00558398,0.00103437,0.00404083
0.0132053,0.00913168,0.00479354,0.0264987,0.00658528,0.00570861
0.00603581,0.00442574,0.00314867,0.0349864,0.0072553,0.00995483
0.0349368,0.018565,0.00918521,0.0554225,0.013069,0.0234341
0.0097611,0.00680512,0.00188691,0.0206522,0.00472144,0.00374228
0.0353719,0.0230716,0.0124666,0.0651035,0.0185853,0.0114193
0.0385388,0.0243764,0.0202014,0.0534872,0.0158996,0.0235407
0.00625449,0.00447073,0.00259659,0.00909575,0.00320519,0.00137874
0.0222319,0.0149038,0.00877267,0.0687585,0.0177457,0.0185849
0.0244469,0.0155478,0.0321872,0.142895,0.0343696,0.0620127
0.0115399,0.00754769,0.00464689,0.0170676,0.00312764,0.00492134
0.00961518,0.00678158,0.00276066,0.0230482,0.00724581,0.00317893
0.0154773,0.0104379,0.00534111,0.0214402,0.00668886,0.00673843
0.0380017,0.0173967,0.0128983,0.0530242,0.0124477,0.0134622
0.0326461,0.0218329,0.017019,0.0554088,0.0135257,0.0123914
0.0308011,0.0205592,0.0105621,0.0464733,0.0116317,0.00653727
0.00451849,0.00304923,0.00161783,0.0163773,0.00534839,0.00363022
0.0701386,0.0321427,0.0275757,0.136675,0.0314457,0.0363776
0.0217645,0.0125056,0.00626267,0.0343653,0.00669445,0.0253839
0.0274232,0.0178635,0.0118848,0.0789532,0.020258,0.0555997
0.00500307,0.00355314,0.00282625,0.0192719,0.00383144,0.00105007
0.0268899,0.0177419,0.0170629,0.0600591,0.0150735,0.01805
0.015463,0.0102216,0.00492036,0.0100686,0.00428917,0.00996607
0.00614562,0.00406747,0.00436722,0.0352296,0.00851085,0.0110195
0.0153623,0.0110404,0.0054962,0.0250582,0.00515493,0.00752551
0.0171105,0.0117425,0.0053636,0.0224507,0.00421928,0.00807539
0.0221452,0.0147379,0.00742551,0.0362905,0.00814772,0.0044063
0.00781528,0.00551705,0.0049929,0.0125422,0.00259466,0.00423748
0.0314559,0.0213062,0.0198157,0.05728,0.0152655,0.0222847
0.0170364,0.011436,0.00921791,0.0254853,0.00438978,0.0170904
0.0159703,0.010919,0.00631758,0.0362995,0.0105798,0.00511467
0.0178709,0.0121311,0.00617217,0.0252846,0.00746176,0.00262445
0.0232387,0.0152221,0.00863593,0.0366214,0.00996988,0.0225198
0.0111442,0.0080728,0.0129536,0.0247209,0.00710908,0.00478919
0.0103236,0.00725744,0.00366128,0.0250628,0.00647352,0.00239242
0.00972083,0.00646404,0.00322634,0.0197564,0.0051206,0.000988122
0.0180337,0.0120745,0.00449658,0.0243197,0.00790845,0.0169854
0.00511042,0.00318113,0.00147461,0.0157002,0.00421178,0.00281063
0.00654376,0.00402612,0.00274991,0.0141549,0.00232294,0.00535024
0.027495,0.0187013,0.00936536,0.0534707,0.0143638,0.0192723
0.0199784,0.0135425,0.00655784,0.0512121,0.0124783,0.00666861
0.00713589,0.00518425,0.00225476,0.0235936,0.00601347,0.0086219
0.021027,0.0144295,0.00920806,0.0602845,0.0145765,0.0116692
0.0253013,0.0162268,0.0200167,0.0836795,0.0194933,0.0207021
0.01012,0.00661528,0.00707666,0.0525977,0.0149572,0.037555
0.00589682,0.00442679,0.00239746,0.0175175,0.0050719,0.0019036
0.0120956,0.00722415,0.00996902,0.0231772,0.00595197,0.00929488
0.0139107,0.00789442,0.0112203,0.0258132,0.00779711,0.00963429
0.00392546,0.00314314,0.00154309,0.0106968,0.00262572,0.00108497
0.0465016,0.0288358,0.0176784,0.0668533,0.0177742,0.0182154
0.00983469,0.00667949,0.00294737,0.0236457,0.00499462,0.00569289
0.00582696,0.00433873,0.00237264,0.0241017,0.00755651,0.00268492
0.00949604,0.0065824,0.00284395,0.0178516,0.00425854,0.00190726
0.00602617,0.00451075,0.00149192,0.0248555,0.0056429,0.00224869
0.0200765,0.0129225,0.015589,0.0731953,0.0222821,0.0244294
0.0269117,0.0181132,0.0135932,0.0708578,0.0199759,0.0387998
0.0527343,0.0331856,0.0212137,0.122248,0.0322646,0.0399614
0.012675,0.00885632,0.00344566,0.0250305,0.00678541,0.0177088
0.0233251,0.015413,0.00513521,0.0282383,0.00672276,0.00582332
0.0169063,0.0114566,0.0099579,0.0455001,0.0101765,0.0199495
0.0120282,0.00839353,0.00337878,0.0171908,0.00463528,0.0099528
0.0140101,0.00959824,0.00495667,0.0118242,0.00405959,0.00678972
0.0147217,0.0106018,0.00705518,0.0205192,0.00616802,0.00500661
0.0303917,0.0198811,0.0317751,0.0943583,0.0235352,0.0205541
0.0258309,0.0166999,0.00701537,0.0545789,0.0124826,0.042762
0.0276625,0.0180919,0.00587539,0.0365133,0.00849202,0.0134036
0.00933455,0.00640694,0.00331618,0.0201176,0.00468466,0.0212648
0.00956048,0.00680175,0.00258016,0.0277484,0.0073054,0.00650884
0.0161968,0.0081129,0.00810539,0.0306652,0.00693707,0.00776493
0.0168897,0.00812062,0.00816421,0.0294076,0.00638115,0.00795287
0.0137767,0.0093075,0.00509564,0.0228845,0.00663975,0.012315
0.0307292,0.0196676,0.0160274,0.0603038,0.0168791,0.0134489
0.0248156,0.0163677,0.00748864,0.0303428,0.00781221,0.0329682
0.0249303,0.0157019,0.0161415,0.0882668,0.0232467,0.0411591
0.0155566,0.0105849,0.00690614,0.0279962,0.00731237,0.0121157
0.00854654,0.00568798,0.00384629,0.00750231,0.000776326,0.00375748
0.0175635,0.0123757,0.00527746,0.0256279,0.00596992,0.00642266
0.00572133,0.00429572,0.00375386,0.0140305,0.00410762,0.00275036
0.00678987,0.00446074,0.0028588,0.0216981,0.00410791,0.0068249
0.0280278,0.018212,0.0107326,0.0459469,0.0103012,0.0246341
0.0364613,0.0245359,0.0142745,0.0505371,0.01294,0.0114925
0.0210315,0.0143851,0.0100488,0.0262463,0.00663828,0.0121291
0.0285582,0.0181621,0.0120787,0.0661988,0.0170369,0.028016
0.00890704,0.00648874,0.00367939,0.0132383,0.00315121,0.00174857
0.00898448,0.00558469,0.00523918,0.0334397,0.00875118,0.00810364
0.0114078,0.00747124,0.00354918,0.0173878,0.00270058,0.00595754
0.0123685,0.00832946,0.00880852,0.0254011,0.00605504,0.0114224
0.0345667,0.0230662,0.0314342,0.125406,0.0315316,0.0443835
0.019624,0.0131505,0.00685126,0.0247019,0.00607059,0.0122159
0.0101818,0.00526519,0.00338543,0.00406064,0.000827002,0.00605934
0.0191694,0.0123093,0.00542199,0.0384481,0.00913245,0.00723671
0.0140186,0.00928232,0.0044166,0.0231803,0.00592861,0.00356038
0.0166718,0.0110167,0.0109434,0.0502023,0.0132909,0.00778503
0.00720964,0.00509464,0.00251088,0.0112566,0.00150803,0.00121083
0.00487415,0.00349084,0.00225667,0.0148476,0.00357485,0.0021615
0.031095,0.0202895,0.013298,0.0685827,0.0166261,0.0102128
0.00702495,0.00497119,0.00367462,0.0249252,0.00565696,0.00272546
0.0350871,0.0230837,0.0104582,0.0515943,0.0141856,0.00986005
0.0153381,0.0106941,0.00885979,0.0303434,0.00732825,0.0161387
0.0351377,0.022458,0.0169753,0.0423584,0.0110418,0.0144989
0.0409587,0.023192,0.0350242,0.150495,0.0358079,0.0671685
0.0159514,0.0104481,0.00551548,0.0201967,0.00697955,0.00569028
0.00464616,0.00331198,0.00170172,0.0115922,0.00378327,0.00697519
0.0188419,0.0122808,0.0170704,0.0505592,0.0130443,0.0236554
0.0115149,0.00779141,0.00304017,0.0185523,0.00328017,0.00539061
0.0132561,0.0093648,0.00551813,0.0341845,0.00711856,0.0029358
0.00396927,0.0031223,0.00311474,0.013838,0.00178098,0.00581905
0.0124785,0.00887097,0.00506071,0.0206174,0.00533211,0.0032334
0.0270055,0.0177094,0.00700371,0.0348829,0.00839142,0.00600947
0.0209691,0.0139631,0.0138687,0.0561574,0.0159236,0.0213027
0.0113105,0.00759979,0.0042548,0.0220667,0.00543671,0.00784368
0.0120804,0.00816045,0.0038323,0.0202772,0.00479984,0.00571254
0.0199322,0.013236,0.00985003,0.0477379,0.0122654,0.0116852
0.0151835,0.01015,0.00509506,0.0125885,0.00228,0.0058483
0.0350176,0.0224616,0.0131602,0.0639083,0.0178855,0.0278275
0.0172423,0.0116921,0.00611803,0.0312261,0.00872071,0.00229626
0.00872007,0.00632232,0.00282224,0.0124614,0.00403599,0.00236111
0.0100848,0.00741233,0.00489923,0.0167239,0.00362222,0.00613328
0.0227231,0.0159332,0.00731046,0.00863489,0.00240435,0.00577877
0.0129672,0.00925007,0.00492344,0.0218257,0.00404142,0.00588915
0.0260608,0.016898,0.0066119,0.0431628,0.00921945,0.0116392
0.014801,0.00993583,0.0054315,0.0229161,0.00662887,0.00982952
0.0120426,0.00836125,0.00381213,0.024891,0.00620085,0.00427583
0.00872156,0.00582657,0.00280302,0.0239962,0.00434713,0.0135113
0.0267541,0.0101502,0.0128864,0.0422598,0.0133635,0.0151268
0.0266901,0.0101692,0.0130872,0.0416494,0.0122878,0.0137673
0.0158326,0.008182,0.0160458,0.0689635,0.018354,0.0178869
0.00503017,0.00337567,0.00250913,0.0136211,0.00459312,0.00146067
0.0151017,0.0100463,0.00463492,0.0326384,0.00813218,0.00520446
0.0313811,0.0205337,0.0113302,0.0446629,0.011534,0.0176353
0.00628201,0.00434497,0.00328486,0.0182221,0.00570294,0.00217163
0.014507,0.00961193,0.0130788,0.0854293,0.0213043,0.0165142
0.0171486,0.0118293,0.00518704,0.0268903,0.00618635,0.00776881
0.0263213,0.017408,0.00908765,0.0526981,0.0124784,0.0123256
0.00846526,0.00622118,0.00408489,0.00606913,0.00361567,0.0030539
0.00950975,0.00672969,0.00389374,0.0259594,0.00490285,0.00421711
0.0174741,0.0117751,0.00341893,0.038967,0.0091141,0.00503736
0.0111475,0.00795884,0.00682027,0.0313188,0.0087371,0.00513293
0.030027,0.0193637,0.0134806,0.0788094,0.0219562,0.0126561
0.0160032,0.0109595,0.00754113,0.0422845,0.0103261,0.00751019
0.0125225,0.00863643,0.00543757,0.0229679,0.00363151,0.00867455
0.00507403,0.00395412,0.00465247,0.0114689,0.00181509,0.00300792
0.0209419,0.0137186,0.00715363,0.0307106,0.00605333,0.00466688
0.0236126,0.0160628,0.00974111,0.0471057,0.0112665,0.0105151
0.0193654,0.0131053,0.00601282,0.0232075,0.00633598,0.00773663
0.068814,0.0398125,0.0639809,0.204454,0.0529261,0.140604
0.0240979,0.015957,0.0069193,0.0360329,0.00958561,0.0192212
0.00962598,0.00680669,0.00486587,0.0216183,0.00427417,0.00461987
0.00441661,0.00339632,0.00325292,0.00901793,0.00302709,0.00447348
0.0197834,0.0129596,0.00689754,0.0570487,0.0139178,0.00538742
0.00688443,0.00317933,0.00256147,0.0071036,0.00208305,0.000741554
0.00850075,0.00572673,0.00332179,0.0223019,0.00582182,0.00479528
0.0300215,0.0197449,0.0161641,0.0807749,0.0179944,0.0130145
0.0378179,0.0233432,0.023134,0.0970765,0.0237852,0.0222353
0.0131263,0.00807092,0.00819989,0.0309114,0.00760259,0.00838979
0.0184435,0.0112512,0.00537841,0.0198151,0.0058398,0.00350936
0.011002,0.00542222,0.00409762,0.00949751,0.00213315,0.00271943
0.026167,0.0163289,0.017195,0.1025,0.0261727,0.0266334
0.0243755,0.0166543,0.00840973,0.0490871,0.0151889,0.0149773
0.00588707,0.00447615,0.00272781,0.0176012,0.00413055,0.00561298
0.00724214,0.00523568,0.00251731,0.0190386,0.00453797,0.00530131
0.0186068,0.0124967,0.00763383,0.0253473,0.00576123,0.0133694
0.00407393,0.00314947,0.00149856,-0.000670093,0.00159768,0.00120801
0.011934,0.00794088,0.00487717,0.00784373,0.000827204,0.00989016
0.0420265,0.0261103,0.0195414,0.09374,0.0243626,0.0651373
0.0182754,0.0121498,0.00497448,0.0391041,0.00970233,0.00569816
0.0104172,0.00656498,0.00389635,0.0307139,0.00783343,0.00942612
0.00777505,0.00521871,0.00315545,0.0161191,0.00477518,0.00584563
0.0200306,0.0137536,0.00541138,0.0277843,0.00773125,0.0037809
0.038239,0.0231271,0.0361128,0.161336,0.0407615,0.0514458
0.0319623,0.0184897,0.0194722,0.0915991,0.0253149,0.0282479
0.0347907,0.0225662,0.0146971,0.0677977,0.0184817,0.0278385
0.0169787,0.00954395,0.00561807,0.0255986,0.00771441,0.0124496
0.0375471,0.0233059,0.013432,0.0601633,0.0152335,0.0164426
0.00536827,0.00318277,0.00283878,0.0200383,0.00485808,0.00546085
0.0290452,0.0193377,0.00692571,0.0508172,0.0114898,0.0135657
0.00740962,0.00517207,0.00261631,0.0201238,0.00394968,0.0046819
0.0545824,0.0321654,0.0315581,0.166719,0.0412108,0.0569003
0.00529636,0.00382634,0.00193268,0.0244568,0.00657249,0.00337538
0.00957187,0.00639408,0.00394571,0.0161787,0.00348628,0.00465567
0.0220419,0.0151928,0.0170657,0.0561343,0.0151534,0.0722595
0.0194491,0.0136378,0.00508891,0.029734,0.00590822,0.0132667
0.0122005,0.0084823,0.00627676,0.0209489,0.00482883,0.00695025
0.00845921,0.00602603,0.00310794,0.0177196,0.0047531,0.00359608
0.0297466,0.0189652,0.00935317,0.0580974,0.0154196,0.0172921
0.0517634,0.025691,0.0170524,0.07574,0.0160252,0.0216501
0.0402832,0.0256605,0.0110045,0.0281373,0.00891156,0.0103316
0.0246291,0.0165691,0.00976443,0.0547109,0.0149903,0.0120133
0.0331042,0.0217471,0.0106872,0.0478485,0.0138041,0.0191947
0.013481,0.00898603,0.00425194,0.034813,0.0084446,0.00316438
0.0136515,0.00899164,0.0044416,0.0182532,0.00396247,0.00667705
0.0196131,0.0136793,0.0138116,0.0438795,0.0108842,0.0121207
0.0331796,0.0201213,0.019461,0.114109,0.0295967,0.0415041
0.0126709,0.00748331,0.00371524,0.0186979,0.00558025,0.00720636
0.0133204,0.00822257,0.00435403,0.0178428,0.00438071,0.0122108
0.0278629,0.018029,0.0164388,0.02469,0.00533883,0.011103
0.0378799,0.0249405,0.0110406,0.0238846,0.00494799,0.0211139
0.00920985,0.0057079,0.00462627,0.0219761,0.00466989,0.00182119
0.0132555,0.00885663,0.00437659,0.0213797,0.00483123,0.00467173
0.0143212,0.00982016,0.00581355,0.0250801,0.00622705,0.00625291
0.013582,0.00845021,0.00513262,0.0142001,0.00304831,0.00709107
0.00611714,0.00435469,0.00444435,0.0107401,0.00156087,0.000893397
0.0166562,0.0112747,0.00421242,0.0210453,0.00491703,0.00372198
0.0293444,0.0197793,0.00681187,0.0347457,0.00933124,0.0201625
0.0440431,0.0269675,0.0153828,0.072164,0.0166306,0.0185353
0.00829032,0.00600811,0.00328619,0.0176469,0.00400721,0.00795794
0.00497542,0.00381771,0.00232123,0.0145215,0.00374888,0.00485314
0.0225927,0.0150576,0.0138232,0.0333703,0.00712666,0.0132926
0.0138055,0.00968918,0.0053846,0.0268214,0.00695856,0.00458171
0.00871523,0.00600324,0.00383188,0.00874708,0.00276391,0.00213911
0.0250324,0.0166172,0.00746792,0.0286193,0.00804018,0.00758827
0.0269933,0.0174728,0.00821638,0.0427224,0.00785175,0.0182305
0.0180132,0.0122763,0.0059301,0.0293769,0.00668017,0.00405094
0.00738806,0.00525035,0.00394458,0.0189811,0.00435362,0.00853701
0.0161583,0.0107136,0.00498666,0.0268023,0.00828272,0.00915859
0.00596324,0.00401637,0.00722268,0.0156708,0.00541248,0.00529891
0.0243551,0.0137211,0.00954075,0.045808,0.0131984,0.00638089
0.0122671,0.00829759,0.00559068,0.0202222,0.00487608,0.0113318
0.00502609,0.00334949,0.00419176,0.0184927,0.00292089,0.00659283
0.00550274,0.00395857,0.00104709,0.00631062,0.00192694,0.0042999
0.011946,0.0082495,0.00322884,0.0181463,0.00624604,0.00253043
0.0208914,0.0134057,0.00631108,0.0295486,0.00884178,0.0117936
0.0093386,0.00387087,0.00286195,0.0159155,0.00458461,0.0113918
0.00577383,0.00404783,0.00334851,0.0131115,0.00519611,0.00076397
0.0192138,0.0130752,0.00632217,0.0323762,0.00759621,0.00765728
0.00737887,0.00344643,0.00481385,0.0329913,0.0099952,0.0079968
0.0161472,0.0105955,0.0269769,0.0840595,0.019734,0.0164278
0.0177493,0.0124486,0.00635355,0.02626,0.00547502,0.00853813
0.0209358,0.0141027,0.00793404,0.0303277,0.00780928,0.0107916
0.00480839,0.00352638,0.00239717,0.0130531,0.00293832,0.00194415
0.025099,0.016494,0.00865587,0.0446412,0.0103218,0.00456492
0.0218831,0.0139596,0.00877274,0.0583959,0.0154051,0.0161371
0.0171666,0.00893667,0.00643362,0.0376777,0.00911673,0.0162083
0.0140249,0.00683353,0.00545367,0.0228332,0.00524205,0.0104537
0.0312089,0.0196701,0.0101024,0.0733743,0.0212017,0.019784
0.0378582,0.0231589,0.0139492,0.0931386,0.0235355,0.0255955
0.00411632,0.0029531,0.00300363,0.0142236,0.00427432,0.00773619
0.0144105,0.0100387,0.00594762,0.0200056,0.00467984,0.00369709
0.0100187,0.00682407,0.00370943,0.0157755,0.0036279,0.00160851
0.0531965,0.0325131,0.0356577,0.0921159,0.0246633,0.0261124
0.0234495,0.0152887,0.00575866,0.040551,0.010225,0.016525
0.0122361,0.00887802,0.00696505,0.0273658,0.00643416,0.00635038
0.0175354,0.0116341,0.0100766,0.0727318,0.0180466,0.011839
0.0077611,0.00533671,0.0048363,0.0221616,0.007127,0.0153846
0.00873447,0.00592097,0.00378856,0.0197257,0.00213116,0.00209021
0.0186707,0.0131176,0.00717617,0.0406661,0.00957493,0.00821388
0.0344391,0.0216376,0.0212716,0.09776,0.0257531,0.0580538
0.0143115,0.00953607,0.00785365,0.0341263,0.00726901,0.00723281
0.0522385,0.0345755,0.028642,0.120977,0.0288462,0.0380652
0.00592913,0.00430513,0.00136133,0.0149166,0.00372006,0.00274734
0.0310169,0.0208054,0.0115868,0.0421402,0.0111616,0.0209684
0.00524297,0.003846,0.0016248,0.0132374,0.00297483,0.00135722
0.0158373,0.0105463,0.00555304,0.0313898,0.00759532,0.00669902
0.0341212,0.0225584,0.0128458,0.0569002,0.0144597,0.025865
0.0214124,0.0143747,0.00804251,0.028899,0.00754479,0.00867553
0.00432616,0.00298595,0.00232764,0.00770188,0.00344369,0.0034001
0.0249118,0.0165408,0.00914411,0.0503466,0.0125794,0.015229
0.0103258,0.00764329,0.00433661,0.0343259,0.00724214,0.0101341
0.0236723,0.0162782,0.0220875,0.112603,0.0290971,0.0189599
0.00871713,0.00614118,0.00405486,0.025184,0.00473655,0.00688866
0.0164712,0.0111429,0.00688396,0.00515018,0.00110336,0.00701335
0.006139,0.00428155,0.00288711,0.0103795,0.00278896,0.0028069
0.0123784,0.00834914,0.012074,0.0562685,0.0125874,0.0144537
0.00586474,0.00413245,0.0041737,0.0260923,0.00509599,0.00956491
0.0083935,0.00602535,0.00297179,0.0113844,0.00250577,0.00415083
0.0452801,0.0279632,0.0185671,0.0937059,0.0238111,0.0400092
0.0434165,0.0198518,0.0421051,0.190518,0.0498485,0.06562
0.0300557,0.0204038,0.0163241,0.0747337,0.0188821,0.0240049
0.0314342,0.0204695,0.00853183,0.0379656,0.0109651,0.0155933
0.00518048,0.00377993,0.00219503,0.012184,0.00183943,0.00255269
0.0311907,0.0196241,0.0151011,0.0929621,0.0234953,0.0198195
0.0126091,0.008987,0.00435508,0.0240714,0.00656498,0.00503788
0.0272994,0.017876,0.00838053,0.0454407,0.0113071,0.00490329
0.0256427,0.0167272,0.0193818,0.0714972,0.0173168,0.0167829
0.0180084,0.0123131,0.00754302,0.0426338,0.0124134,0.0136349
0.0263602,0.0175348,0.0092584,0.0516148,0.0110352,0.0120471
0.00516928,0.00390669,0.00143766,0.0194965,0.00356815,0.00539937
0.0198079,0.0134051,0.00693132,0.0207122,0.00476625,0.00219126
0.0218647,0.0145448,0.00752793,0.0441045,0.00943642,0.00740316
0.00420308,0.00313027,0.0023959,0.0165387,0.00403224,0.00411092
0.010643,0.00796791,0.0070654,0.0161855,0.00527155,0.00578298
0.00441487,0.00323996,0.00315369,0.0074537,0.00238816,0.00573295
0.020916,0.0139878,0.00602388,0.0347721,0.0089415,0.0143542
0.0121292,0.00815019,0.00463006,0.0229235,0.00739946,0.0102067
0.00758964,0.00541069,0.00338627,0.0182544,0.00505114,0.00255025
0.00681594,0.00486456,0.00354478,0.0133812,0.00419722,0.00463738
0.0255753,0.0164496,0.0152334,0.0545524,0.0162578,0.0445947
0.0214108,0.0145759,0.00750733,0.0317861,0.00627024,0.00713303
0.00486952,0.0035592,0.0019617,0.0163523,0.00485507,0.00289277
0.00758143,0.00532995,0.00253593,0.013673,0.00339193,0.00416009
0.0155074,0.0109463,0.0041789,0.0274274,0.00571894,0.00835105
0.0256676,0.0111392,0.00835011,0.0429643,0.0116196,0.0136789
0.0195727,0.0132297,0.00632746,0.0297251,0.00581862,0.0160325
0.0132057,0.00884031,0.00357225,0.0258489,0.00550112,0.0122124
0.0083573,0.00560084,0.00309224,0.0196714,0.0061034,0.00158042
0.00874399,0.00605164,0.0031682,0.016103,0.00192299,0.00203298
0.0118937,0.00816636,0.00373314,0.0186871,0.00506119,0.00167661
0.00514892,0.0034367,0.00255257,0.00847835,0.00249806,0.00886506
0.0246698,0.0163572,0.00811268,0.0248572,0.00646241,0.0165183
0.00924812,0.00613378,0.00352143,0.0224864,0.006495,0.00765121
0.0259497,0.0171832,0.0107104,0.0571124,0.0119459,0.0102449
0.0530109,0.0294526,0.0395233,0.185981,0.0497692,0.0663517
0.0132807,0.00862971,0.00493984,0.0223064,0.00765451,0.00942854
0.0214025,0.0149386,0.0109577,0.0243482,0.00622527,0.0087085
0.0119762,0.00725124,0.00484463,0.0297774,0.00745157,0.0115107
0.0145001,0.0102693,0.00492021,0.053981,0.0118606,0.00608546
0.0157,0.0111908,0.00553757,0.0315095,0.00682963,0.00774897
0.0174142,0.0120417,0.00561124,0.0341182,0.00834964,0.0183128
0.00661636,0.00477306,0.00195174,0.0151888,0.00328854,0.00444569
0.0123741,0.00834181,0.00360062,0.0225317,0.00485512,0.00400764
0.00835819,0.0057465,0.00272691,0.0182636,0.00449607,0.00414463
0.00759464,0.00542757,0.0030462,0.0118238,0.000924573,0.00537078
0.0213444,0.0138448,0.0101462,0.0322705,0.0103893,0.00747302
0.0211925,0.0139487,0.00536685,0.0289869,0.00524912,0.00498034
0.0218731,0.014699,0.00676687,0.0326391,0.00971685,0.00965688
0.00957025,0.00632486,0.00400751,0.0193853,0.00389363,0.002139
0.0271889,0.0145694,0.0143659,0.052908,0.0145337,0.0113939
0.0116821,0.00804195,0.00960002,0.0481473,0.0143869,0.0231294
0.0164412,0.0114251,0.0118967,0.0327245,0.00920894,0.00985113
0.0110131,0.0075864,0.00239841,0.0254586,0.00446673,0.00386058
0.0133302,0.0091972,0.00487767,0.0219068,0.00560731,0.00792767
0.03155,0.0204536,0.0146147,0.0523657,0.0123729,0.0292038
0.0389542,0.0231772,0.0158121,0.0783012,0.0178681,0.0238305
0.0254637,0.0164665,0.00561235,0.0480575,0.00961515,0.0131104
0.00970844,0.00663018,0.00359532,0.0209305,0.005318,0.0135321
0.0116255,0.00807972,0.00598139,0.0280126,0.0071608,0.00474709
0.00680904,0.00474785,0.00272869,0.0299348,0.00880928,0.00594633
0.0100985,0.00671011,0.00395337,0.0176819,0.00444553,0.00288969
0.00610691,0.00435613,0.00351334,0.0144376,0.00582225,0.00160233
0.0203906,0.0135787,0.0138232,0.051057,0.0121466,0.00942025
0.0151947,0.0101708,0.0142021,0.0446782,0.0121761,0.0191687
0.00755795,0.00481287,0.00299458,0.0170214,0.00431819,0.00376715
0.0245167,0.0157524,0.0123041,0.0670073,0.0166216,0.0150897
0.00779217,0.00550055,0.0139605,0.0234188,0.00633095,0.00338697
0.0204352,0.013365,0.00789056,0.0294473,0.00690798,0.00753687
0.0136495,0.00483275,0.0106436,0.0390468,0.0142345,0.0130722
0.0250388,0.0145236,0.0231447,0.0621578,0.0172499,0.0226199
0.0341871,0.021716,0.009537,0.042712,0.0133125,0.00648148
0.0241854,0.0115543,0.00878998,0.0466058,0.0126255,0.0166064
0.015453,0.00590184,0.00559851,0.0240553,0.00465595,0.00429284
0.0119478,0.00591219,0.00394636,0.0451255,0.0121923,0.00555674
0.0147216,0.00836166,0.00432702,0.0383124,0.00731671,0.00547164
0.0131185,0.0092382,0.00423356,0.0287369,0.00510004,0.00668512
0.0148325,0.0100945,0.00712644,0.0434672,0.0102461,0.0242277
0.00878901,0.00636473,0.00505718,0.0153164,0.00438327,0.0021234
0.0113237,0.00786804,0.00355562,0.028117,0.00655013,0.00587308
0.0201398,0.0134472,0.00751463,0.0454921,0.0126736,0.0353942
0.0227649,0.0150093,0.0136066,0.0653102,0.0152587,0.0144791
0.0114058,0.0078316,0.00383665,0.0172777,0.00268628,0.00357099
0.0203301,0.0133339,0.0111925,0.0621052,0.016269,0.00830238
0.00508776,0.0033684,0.00300753,0.0187118,0.00471079,0.00613557
0.00898016,0.00638171,0.00333823,0.0210749,0.00598094,0.00338022
0.0123177,0.00863014,0.0232824,0.0895698,0.0244032,0.0333534
0.00646041,0.00446381,0.00313517,0.0170999,0.00414964,0.00238817
0.0331806,0.0214373,0.0110534,0.054363,0.0137494,0.0103531
0.00652846,0.00455552,0.00247077,0.0103719,0.0032006,0.00159947
0.00892871,0.00607824,0.00283894,0.00918695,0.00486083,0.00394516
0.0122385,0.0081919,0.00484089,0.0197813,0.00603015,0.00765249
0.00435431,0.00318129,0.00394437,0.00686675,0.00445071,0.00564866
0.0200547,0.0136507,0.0134538,0.0600036,0.0159601,0.0466377
0.0152274,0.00976076,0.00511121,0.0295161,0.00814453,0.00960304
0.00536046,0.00345209,0.00139686,0.0221671,0.00559949,0.00176066
0.0489999,0.0289629,0.0487236,0.189712,0.0492471,0.0680484
0.0311904,0.0199032,0.0129273,0.0801479,0.0179109,0.0118787
0.0200047,0.0133053,0.0131581,0.0684912,0.0179182,0.0140312
0.026439,0.0176966,0.0223061,0.0886036,0.0230435,0.0356605
0.013925,0.00970603,0.00677961,0.0206079,0.00414139,0.00824269
0.00503459,0.00337734,0.00268804,0.0143901,0.00243052,0.00171683
0.0299739,0.0195705,0.0160674,0.0913373,0.0220722,0.0186397
0.00639321,0.00444267,0.00313251,0.0209082,0.00755637,0.0148979
0.0120559,0.00818534,0.00531934,0.0203108,0.00661143,0.00393324
0.024588,0.0168096,0.0092381,0.0390628,0.0110882,0.00812046
0.0216281,0.0141452,0.00890474,0.0413858,0.0115894,0.010041
0.00826441,0.0054874,0.0055063,0.0168937,0.00320767,0.00320121
0.0138038,0.0092194,0.00517645,0.0184041,0.00558116,0.00809877
0.0237051,0.0156601,0.0144557,0.0839935,0.0203107,0.0301268
0.0131786,0.00900462,0.00371838,0.0169564,0.00526496,0.00616937
0.0334147,0.0208822,0.0145419,0.102204,0.0255538,0.0347557
0.0327147,0.0207445,0.01447,0.0403502,0.00827209,0.00611003
0.0139152,0.00945796,0.015679,0.0515928,0.0124328,0.0128741
0.0427161,0.0259251,0.0243363,0.100352,0.0264036,0.0199008
0.00506332,0.00323712,0.00225157,0.0118255,0.00362472,0.00344039
0.017632,0.0122574,0.00642061,0.0223583,0.00575702,0.00432149
0.00538484,0.00400449,0.00168624,0.0137886,0.00178004,0.00639098
0.0347995,0.0210591,0.0777622,0.275267,0.0665847,0.0907749
0.0482439,0.0237329,0.0148512,0.062478,0.0145034,0.0252226
0.0092618,0.00639256,0.00441759,0.0184425,0.00347484,0.0093732
0.00556132,0.00390421,0.00275826,0.0179005,0.0048239,0.000574231
0.0337603,0.0210871,0.0272989,0.0921668,0.0228264,0.0279711
0.00994932,0.00435522,0.0039512,0.0225804,0.00410852,0.00519698
0.00874779,0.00589748,0.0119513,0.0331297,0.00744141,0.0230695
0.00684955,0.00469387,0.00384107,0.0205683,0.0062706,0.0172866
0.0579912,0.0354452,0.0200309,0.0867276,0.0220691,0.0351798
0.00951076,0.00667038,0.0284381,0.0474326,0.014199,0.0235996
0.00610828,0.00438186,0.00251544,0.0162573,0.00366523,0.00300227
0.0142516,0.009998,0.0048953,0.0265825,0.00573136,0.00109085
0.0252487,0.0167219,0.00744846,0.0393967,0.0101148,0.010994
0.0227989,0.0151094,0.00921981,0.0287956,0.00737039,0.00921511
0.0176735,0.0122015,0.00591507,0.0152662,0.00430381,0.00757663
0.0281551,0.015481,0.0127616,0.0450576,0.0129129,0.0209931
0.0306385,0.0153976,0.0140579,0.0429689,0.0118144,0.0218122
0.015115,0.0075872,0.00657578,0.0427979,0.0169754,0.0143477
0.019808,0.0113173,0.0183541,0.0942497,0.0280539,0.0270082
0.0221025,0.0144793,0.00922229,0.056257,0.0157109,0.0204583
0.0188382,0.0127948,0.00770219,0.0126313,0.00448128,0.00791885
0.00740386,0.00458253,0.00183317,0.0171892,0.00500653,0.00510337
0.0181529,0.0119774,0.0072234,0.0535146,0.0140295,0.0151202
0.0117419,0.00541004,0.00414424,0.0211306,0.00759308,0.00584116
0.0316748,0.0206002,0.0145085,0.0479886,0.0115339,0.0151325
0.0242604,0.0162133,0.00933572,0.0548554,0.013054,0.00937349
0.0300835,0.0195683,0.00886414,0.0330261,0.00981258,0.0159707
0.0183199,0.0121968,0.00767965,0.0376886,0.0100271,0.0122032
0.0142453,0.00897696,0.00408061,0.0192901,0.00357658,0.00385321
0.0056047,0.00352862,0.00241811,0.00914455,0.0034827,0.00122532
0.012299,0.00822956,0.00423353,0.0239126,0.00370653,0.00470029
0.0140786,0.00919485,0.00491116,0.0253104,0.00701665,0.00292171
0.00505769,0.00350606,0.00290275,0.00915232,0.00312772,0.00234468
0.0295499,0.0193257,0.0234057,0.108626,0.0272648,0.0204536
0.0320184,0.0187221,0.0161452,0.111278,0.0355369,0.0390028
0.0389312,0.017268,0.0800835,0.294606,0.0748189,0.13644
0.0265118,0.0177194,0.0092921,0.0283076,0.00871009,0.0205545
0.0457789,0.0263871,0.0245882,0.110882,0.0268121,0.0466401
0.0160408,0.0105385,0.00388225,0.0259991,0.00690632,0.0233632
0.034049,0.0225606,0.0160169,0.0497395,0.0130834,0.0184182
0.00675464,0.00461101,0.00151531,0.0141245,0.0030545,0.00338584
0.00487169,0.00374403,0.00334604,0.0151863,0.0032005,0.0073488
0.0150061,0.0101175,0.00399432,0.0254757,0.00478334,0.00656945
0.0299833,0.0174933,0.0119102,0.0561524,0.0145771,0.0109376
0.0456979,0.0234149,0.0157873,0.0752447,0.0203965,0.0177316
0.0359736,0.0215787,0.0120536,0.0507166,0.0123307,0.0124977
0.0127315,0.00836772,0.00339597,0.0289227,0.00719994,0.0183358
0.014788,0.0104243,0.00329759,0.0261904,0.00605324,0.0052983
0.0104452,0.00761645,0.00450125,0.0264603,0.00507724,0.00730679
0.0232075,0.0149282,0.0100557,0.0527945,0.0141997,0.00326313
0.00668625,0.00465795,0.00270676,0.00887563,0.00268193,0.00392589
0.029328,0.0198792,0.00984083,0.0333501,0.00915517,0.017211
0.0358473,0.0240879,0.0291451,0.0776386,0.0195268,0.0173975
0.0113345,0.00769888,0.00460246,0.0138882,0.0024135,0.00263449
0.016664,0.0108954,0.00324594,0.0390903,0.00989906,0.0135375
0.0231151,0.0145809,0.00815521,0.0434901,0.0100882,0.0136737
0.0343836,0.0150167,0.0343632,0.1168,0.0340471,0.0350461
0.029923,0.0146673,0.0222419,0.0708806,0.0153747,0.020955
0.01521,0.0104309,0.00504143,0.0224844,0.00455737,0.014236
0.0225397,0.0155505,0.00939226,0.0701543,0.0185742,0.0201208
0.0167404,0.011339,0.00521922,0.0242785,0.00551811,0.00998132
0.0235641,0.0153773,0.00635653,0.0543517,0.0141378,0.0125807
0.0127009,0.00899829,0.00361133,0.0159629,0.00380883,0.0104243
0.00927808,0.00657175,0.00692244,0.0096794,0.00153856,0.00894285
0.026115,0.017157,0.00831758,0.0404387,0.0110351,0.00610375
0.00839028,0.00588465,0.00219711,0.0180293,0.00319052,0.00857855
0.0363121,0.022556,0.0213932,0.110134,0.0288214,0.0476699
0.0116738,0.00791326,0.00606884,0.0173012,0.00532804,0.00258083
0.00778077,0.00541113,0.00210683,0.0310848,0.0113799,0.0210985
0.00984336,0.00655586,0.0152085,0.0387625,0.00998409,0.00645822
0.0127341,0.00891849,0.00516533,0.0200716,0.00499079,0.0163816
0.00565293,0.00426133,0.00176348,0.0103908,0.00517533,0.00307712
0.028735,0.019115,0.00763249,0.0457045,0.011562,0.0122318
0.00667202,0.00477188,0.0024765,0.0175617,0.00412997,0.00597336
0.00907135,0.00591861,0.00327461,0.0241751,0.00471671,0.0036534
0.0143793,0.00935311,0.00581009,0.0357814,0.0099993,0.0103144
0.00857595,0.00600933,0.00353326,0.0132485,0.00431629,0.0040672
0.0108788,0.00753794,0.0021259,0.0163722,0.00496355,0.00904693
0.0227939,0.0154858,0.0078848,0.0276939,0.0085833,0.0205832
0.0092937,0.00603028,0.00366333,0.0153252,0.00283372,0.00418736
0.0101564,0.00698041,0.00248848,0.0188973,0.0051623,0.00959336
0.0106883,0.00745311,0.0053847,0.0215707,0.00722918,0.0165819
0.0230498,0.0147347,0.00966076,0.0762086,0.0194103,0.0170834
0.0284332,0.0188565,0.0078591,0.0350433,0.00965256,0.00479828
0.0172704,0.0117161,0.00771849,0.0225975,0.00490212,0.0046514
0.0403327,0.0257121,0.0254279,0.0988325,0.0247703,0.028742
0.0215803,0.0148693,0.0100829,0.0239653,0.00817955,0.00599179
0.0392001,0.0242758,0.014731,0.0829783,0.0194179,0.0313349
0.0338791,0.0222127,0.00939388,0.0410753,0.00921798,0.00645234
0.0071159,0.0052588,0.00664476,0.0330049,0.00833509,0.00489265
0.00740999,0.00487656,0.00416336,0.0141244,0.00495481,0.00439907
0.0230263,0.0148774,0.0050664,0.0376895,0.0082349,0.0150177
0.0205345,0.0137524,0.0131647,0.0728384,0.0200574,0.0366084
0.049851,0.0302321,0.0297409,0.0808389,0.0206239,0.0332811
0.00785033,0.00552801,0.00296398,0.00988881,0.00369749,0.00441288
0.0347287,0.020985,0.0104925,0.0525154,0.0152929,0.0334127
0.0072732,0.00503428,0.00278416,0.00816577,0.00341685,0.00249122
0.0246747,0.0160051,0.00648084,0.0447791,0.0104956,0.0165203
0.0363281,0.0229062,0.0110979,0.0442341,0.0140487,0.0305085
0.0137521,0.00940392,0.00305703,0.0228166,0.00425209,0.00596647
0.006476,0.00460747,0.00752754,0.0260389,0.00680048,0.00695555
0.0107413,0.00724823,0.00412373,0.0132463,0.0028856,0.00173097
0.00576597,0.00403336,0.00342804,0.013922,0.00432966,0.00346632
0.0115065,0.00774148,0.0120648,0.042431,0.0114101,0.0168403
0.00918636,0.00595419,0.00332381,0.0119329,0.0016788,0.00622785
0.0169446,0.011841,0.00495111,0.0250296,0.00744134,0.0103668
0.0285032,0.0174678,0.021447,0.11305,0.0299555,0.0189
0.0130446,0.00870165,0.00530893,0.0294753,0.00599693,0.0120618
0.00706363,0.00493258,0.00287936,0.0144046,0.00314263,0.00370368
0.0178017,0.0124848,0.00995051,0.0556225,0.012024,0.00933922
0.0137724,0.0085294,0.00648912,0.0451057,0.0140294,0.0111693
0.028585,0.0178768,0.00931788,0.0490654,0.0121283,0.00499609
0.0116834,0.0080508,0.0029737,0.0223897,0.00782668,0.0074797
0.0146593,0.0100528,0.00512864,0.00551313,0.000707936,0.00267708
0.0100146,0.00677113,0.00469669,0.0255309,0.00630376,0.0098201
0.01632,0.0111461,0.00769732,0.0392055,0.00847226,0.010082
0.0407887,0.024998,0.0165019,0.0882187,0.0239802,0.0382124
0.0180927,0.0122928,0.0111851,0.0428714,0.0113904,0.0203381
0.036029,0.021923,0.0148768,0.110144,0.0250919,0.0381825
0.0259618,0.0165757,0.0127046,0.0857485,0.0205372,0.0274406
0.00955287,0.00637402,0.00332879,0.0126021,0.00355674,0.00438626
0.0165529,0.0113677,0.00801148,0.0267056,0.00637038,0.00375791
0.0207387,0.0133955,0.0262825,0.0770722,0.0180634,0.032865
0.00929376,0.00642899,0.00199639,0.0176152,0.0059397,0.00939972
0.00943234,0.00679903,0.00307854,0.0117083,0.0041467,0.0106522
0.0201861,0.0135955,0.0116019,0.0560206,0.0160496,0.020382
0.00685341,0.0051911,0.0031649,0.0136119,0.00578157,0.00211164
0.00586632,0.00417136,0.00308555,0.0247619,0.00591996,0.00530899
0.00763074,0.00523612,0.00252218,0.0129393,0.00264485,0.00599534
0.0116291,0.00800727,0.00350044,0.021706,0.00529764,0.019651
0.0141944,0.0100548,0.00953299,0.0297154,0.00646862,0.00305308
0.00541912,0.00403843,0.00265931,0.0145436,0.00409428,0.00237568
0.0290398,0.0191632,0.00908673,0.0574591,0.0145572,0.00959386
0.0175302,0.0117598,0.00522746,0.0339165,0.00937026,0.00586282
0.0287982,0.0188177,0.00918216,0.0428489,0.0113218,0.0120788
0.0190144,0.0118382,0.0219943,0.0327021,0.00809896,0.0179494
0.0107636,0.00740905,0.00250192,0.0176512,0.00518562,0.00270266
0.0165723,0.011012,0.0122741,0.0419529,0.00892057,0.0241349
0.00683326,0.00478022,0.00152715,0.0278759,0.00763359,0.0139106
0.00484358,0.00355347,0.00279578,0.0155815,0.00319955,0.00265057
0.00620113,0.00454235,0.00214154,0.0179444,0.00427434,0.00406741
0.00931073,0.00495723,0.00572096,0.00132732,0.00180965,0.00443457
0.00993388,0.00471162,0.00574374,0.00359748,0.00144525,0.00439865
0.0185716,0.0128408,0.00620446,0.0240533,0.00548363,0.00897155
0.0179295,0.0122645,0.00545966,0.0456204,0.00950472,0.00439187
0.0196837,0.012947,0.0149891,0.0613332,0.0191417,0.0183853
0.023156,0.01235,0.00931268,0.0355324,0.00699169,0.00710907
0.0198024,0.0101393,0.00896291,0.0273142,0.00683734,0.00586831
0.0237178,0.0152737,0.00858834,0.0443148,0.00968047,0.0029511
0.0243366,0.0163888,0.00849625,0.034611,0.00851686,0.0196227
0.0144398,0.00945759,0.00414921,0.0341496,0.0087107,0.00566519
0.00900195,0.00609787,0.0060462,0.0299247,0.00722785,0.00996122
0.00798514,0.0054952,0.00346261,0.011982,0.00407219,0.00198459
0.00957726,0.00426228,0.00500061,0.0283739,0.0105064,0.0181763
0.0146024,0.0094967,0.00664444,0.0404799,0.009783,0.0204652
0.0185595,0.012805,0.0120634,0.0567439,0.0154606,0.0244258
0.0107111,0.00737172,0.00402475,0.0174762,0.00425444,0.00419922
0.0198258,0.0129783,0.00579409,0.0567313,0.0161851,0.0165903
0.031455,0.0205226,0.0069058,0.0432313,0.0113228,0.00691327
0.0314078,0.021473,0.0137194,0.0870558,0.0241728,0.0254672
0.0542343,0.0325302,0.0210611,0.0873329,0.0248896,0.0189921
0.0418987,0.02295,0.0742674,0.265306,0.0672655,0.111762
0.0182242,0.0102477,0.0091103,0.0447434,0.0107062,0.0171001
0.0201144,0.0132849,0.0102797,0.0657401,0.0162214,0.0359716
0.021168,0.0138323,0.00614658,0.0268087,0.00698164,0.0117934
0.035859,0.0227077,0.00803932,0.0966775,0.0263101,0.0490724
0.0464986,0.0251733,0.0257325,0.115255,0.029604,0.0208031
0.0167034,0.0116153,0.0078496,0.0434304,0.01285,0.0185895
0.0107417,0.00643754,0.00504356,0.0308381,0.00732597,0.0117636
0.0107227,0.00441416,0.00429976,0.0240914,0.00527497,0.00450803
0.0245165,0.0168349,0.00805952,0.0323552,0.00705126,0.00885497
0.0198087,0.0114723,0.00704569,0.0454578,0.0108714,0.0213148
0.0192243,0.0126123,0.00544628,0.0380469,0.00924617,0.00576554
0.0195615,0.0128997,0.00610431,0.0314669,0.00866065,0.0127755
0.0132016,0.00853183,0.0202866,0.0692866,0.0176995,0.0099526
0.0155746,0.0103015,0.0062145,0.0288363,0.0064485,0.00369268
0.0526577,0.0313127,0.0188303,0.0717532,0.0166874,0.0249583
0.00846933,0.00540102,0.00366171,0.0208598,0.00348392,0.0081321
0.0371216,0.0196871,0.0141906,0.0594894,0.0162043,0.01647
0.0169403,0.0099877,0.00913769,0.0590065,0.0191936,0.00976375
0.0203928,0.0141364,0.0121015,0.0376075,0.0130461,0.00828478
0.0065467,0.00433841,0.00258674,0.0147331,0.00344353,0.00231967
0.0318146,0.0191234,0.0109024,0.0591995,0.0180033,0.0166483
0.0233854,0.0152201,0.00913136,0.0407665,0.00820829,0.0110724
0.0119302,0.00812337,0.00414303,0.0263429,0.0071672,0.00650885
0.0247006,0.0163969,0.00567348,0.0467517,0.0117055,0.00894755
0.082644,0.0433537,0.0367155,0.197297,0.0548755,0.0566211
0.0165487,0.0110969,0.00558139,0.018995,0.0058175,0.00932509
0.010385,0.00707963,0.00833173,0.0437652,0.0130871,0.0137786
0.0133431,0.00899867,0.0130289,0.039374,0.0109896,0.0119625
0.00518658,0.00378072,0.00255131,0.000950867,0.00104183,0.00386074
0.0519169,0.0311509,0.0382674,0.13338,0.0312526,0.0304494
0.0143647,0.00922905,0.012187,0.073122,0.0187239,0.0157556
0.0231605,0.0153921,0.00816543,0.0267916,0.0075392,0.015478
0.0131664,0.00857568,0.0169755,0.0603422,0.0166337,0.0227343
0.0467345,0.022127,0.043629,0.16186,0.0388244,0.0786472
0.0364757,0.0235552,0.0147253,0.0583035,0.0161917,0.0231174
0.00826061,0.0059748,0.00328368,0.0135694,0.00328049,0.00311102
0.00639121,0.00445487,0.00132287,0.0106857,0.00470694,0.00237599
0.0155121,0.0103039,0.00465295,0.0359451,0.00805222,0.0100831
0.00670693,0.004768,0.00320795,0.0240433,0.00764098,0.00327296
0.014749,0.0100402,0.00542437,0.0165111,0.00191102,0.00267522
0.0393432,0.0159881,0.0413227,0.0916301,0.0276552,0.0402079
0.0393298,0.0159887,0.0411245,0.0898842,0.026009,0.0384211
0.0300264,0.019589,0.0133998,0.0271601,0.006148,0.0155571
0.0305883,0.0208452,0.0133133,0.0537253,0.0141871,0.0388477
0.00814024,0.0055428,0.00556686,0.0351782,0.00766749,0.00644765
0.0110582,0.00785865,0.00366665,0.0244428,0.00536051,0.0173816
0.0202662,0.0137508,0.00786949,0.0329811,0.00874172,0.0137959
0.0124596,0.00831469,0.00422518,0.0205697,0.00742461,0.00783057
0.0313759,0.0203648,0.00923404,0.0346269,0.00854195,0.010921
0.0290148,0.0193203,0.0103471,0.0496696,0.0124333,0.0356012
0.0195055,0.00955333,0.0113313,0.0491904,0.0114644,0.00914355
0.0205744,0.00969154,0.0114274,0.043464,0.00870262,0.00814418
0.0194927,0.0134111,0.00754276,0.041741,0.0116431,0.00829113
0.00719153,0.00468254,0.00408244,0.0232573,0.00573659,0.00413585
0.00449495,0.00325455,0.00231296,0.00213446,0.00154088,0.00174353
0.00632623,0.00413094,0.0026309,0.011268,0.00278838,0.00320436
0.0160211,0.010689,0.00934222,0.0715325,0.018377,0.00977122
0.00733151,0.0052605,0.00191574,0.0160316,0.00402911,0.00364063
0.00506074,0.00330804,0.00443466,0.00926509,0.00290189,0.00209413
0.00983358,0.00668904,0.00461992,0.0184459,0.00586111,0.00516734
0.047053,0.0294906,0.0239482,0.121006,0.030753,0.038174
0.0146201,0.01006,0.0173514,0.0586876,0.0142389,0.0204625
0.0183202,0.0118484,0.00602483,0.0382886,0.0101743,0.00329792
0.0123855,0.00805633,0.0042287,0.0178614,0.00475832,0.00414191
0.0156957,0.0101007,0.00455098,0.03567,0.00824018,0.00269825
0.04132,0.0264912,0.0151434,0.0639549,0.0152106,0.0085055
0.0188089,0.0130052,0.00985696,0.0644197,0.0183008,0.00696924
0.0258145,0.0175337,0.00940674,0.0625037,0.0183431,0.0316096
0.0248466,0.0168924,0.0131229,0.0416771,0.0123479,0.0232921
0.0434707,0.0269545,0.021601,0.118727,0.0325945,0.0596355
0.00904411,0.0067064,0.00249111,0.013328,0.00271036,0.00219188
0.00884793,0.00627699,0.00647354,0.025075,0.00476473,0.00763045
0.0500987,0.0273998,0.0300469,0.16091,0.0418988,0.056333
0.0109745,0.00671087,0.00336904,0.0146204,0.0052116,0.0152014
0.0108262,0.00571855,0.00188049,0.0150954,0.00331992,0.00306201
0.0170644,0.0115421,0.00572775,0.0232101,0.00549063,0.0111102
0.0051888,0.0035437,0.00325607,0.00329595,0.00170167,0.00403551
0.0104547,0.00704551,0.00313281,0.0165988,0.0042722,0.00357701
0.0228468,0.0149152,0.0071349,0.0288868,0.00736211,0.0134508
0.00690737,0.00503114,0.0030575,0.0158171,0.00550917,0.00691581
0.0181544,0.0124507,0.0214632,0.0911425,0.0252497,0.0435429
0.0329909,0.0142847,0.0203829,0.089952,0.0246297,0.0346224
0.0124057,0.00848309,0.00436362,0.0141004,0.00331486,0.00249844
0.00800045,0.00578435,0.00314619,0.0198325,0.00515986,0.00603102
0.0143076,0.0098071,0.004451,0.0225415,0.00425788,0.0102783
0.00598734,0.00421451,0.00312439,0.0149979,0.0036125,0.00497545
0.0112503,0.00760083,0.00375926,0.0270903,0.00757208,0.00435264
0.0117272,0.00800535,0.00390921,0.0165995,0.0037188,0.00465551
0.0183878,0.0125403,0.0054808,0.0292437,0.00589405,0.00554177
0.0384764,0.0231806,0.0258042,0.145852,0.0394566,0.047397
0.00671077,0.00436017,0.00365753,0.018717,0.00442179,0.000278004
0.0108457,0.00713478,0.0115694,0.05192,0.0139802,0.00613765
0.00918923,0.00629305,0.00303955,0.0186666,0.00426124,0.00240408
0.0170082,0.0116524,0.007423,0.0256006,0.00802959,0.00442665
0.0128653,0.00901253,0.00465533,0.0189416,0.00647453,0.00844669
0.0231363,0.0147869,0.00677699,0.0330738,0.00849248,0.0138108
0.0150092,0.0103694,0.00587318,0.0227173,0.00622173,0.00772955
0.0154415,0.00997346,0.0139549,0.0804661,0.0221655,0.04217
0.0471929,0.0253212,0.0296759,0.113264,0.0290654,0.0258395
0.0331037,0.0212575,0.0172552,0.0687649,0.0186757,0.0140027
0.0218627,0.0149756,0.00866801,0.0363682,0.00970769,0.0111186
0.024947,0.0155284,0.0204688,0.0660387,0.0162419,0.0126282
0.032992,0.0218477,0.0134866,0.0558107,0.0133719,0.00774293
0.0120255,0.0081374,0.00434911,0.0194479,0.00446767,0.00968653
0.00665965,0.00448273,0.00389125,0.0192957,0.00494154,0.00304676
0.00550304,0.0034224,0.00292052,0.0173144,0.00397679,-0.000273726
0.00635822,0.00457142,0.00274197,0.0133397,0.00294648,0.00947472
0.0126118,0.00832964,0.00453494,0.0216683,0.0063017,0.00499504
0.023029,0.0149343,0.010162,0.0821578,0.0202148,0.0219017
0.0089959,0.00651168,0.00311429,0.0202783,0.00401172,0.00372433
0.00970279,0.00684661,0.0035918,0.0188023,0.00512905,0.00298582
0.0290548,0.0175506,0.00899162,0.0484614,0.0123759,0.015348
0.0122614,0.00854615,0.00768789,0.0182761,0.00496685,0.00637361
0.0107721,0.00757704,0.00384914,0.0151725,0.00372946,0.00268193
0.0141344,0.00993272,0.00500141,0.031521,0.00919274,0.00541099
0.00705589,0.00480542,0.0118985,0.0346479,0.0111354,0.00526023
0.0299794,0.0194874,0.0101077,0.046343,0.0117985,0.00554767
0.0352292,0.0199823,0.0488807,0.2149,0.0510458,0.0778778
0.0108243,0.00732512,0.00628418,0.0331167,0.00871604,0.00732517
0.057331,0.0340549,0.0201177,0.0835216,0.0198775,0.018313
0.0140119,0.00933807,0.00580484,0.0376445,0.00732749,0.00548392
0.0140227,0.00940351,0.00585331,0.0273039,0.00700111,0.0105108
0.0183861,0.0124737,0.00694994,0.0373164,0.0120668,0.0190782
0.00731432,0.00520516,0.00596945,0.0344849,0.00976722,0.0145278
0.00515367,0.00361978,0.00188142,0.0111327,0.00152003,0.000525172
0.0308298,0.0197662,0.00637961,0.0266703,0.00998182,0.0167126
0.0183586,0.0125816,0.00524454,0.019499,0.00585713,0.00516613
0.0158065,0.0104972,0.0045763,0.0245999,0.0051304,0.00499327
0.0108098,0.0075067,0.0028361,0.0235484,0.00616018,0.0054076
0.00941639,0.00622579,0.00715998,0.0151148,0.00369261,0.0049197
0.0234442,0.0153055,0.0118729,0.0749096,0.0189241,0.00725084
0.0438654,0.0289343,0.0160851,0.0557475,0.0132962,0.0350283
0.00503258,0.00349556,0.00207578,0.00893643,0.00343125,0.00239
0.00813067,0.00548868,0.00325579,0.0185114,0.00416267,0.00458715
0.0226129,0.0153577,0.0167965,0.0353532,0.00942243,0.0064434
0.00628916,0.00401591,0.00277601,0.0111314,0.0017081,0.00209335
0.0104194,0.00683175,0.00351187,0.0202766,0.00505558,0.00367333
0.0176185,0.00729949,0.0221831,0.0592838,0.0167824,0.0182659
0.00735531,0.00491107,0.00411923,0.0311085,0.00832327,0.0122374
0.0154448,0.0102767,0.0101039,0.0530655,0.0140615,0.0121604
0.00719576,0.00466973,0.00366075,0.0146824,0.00305885,0.00307302
0.0109119,0.00733409,0.00743105,0.0264692,0.00654195,0.0160956
0.0227251,0.0148021,0.0079059,0.0313144,0.0114488,0.0103619
0.0155667,0.00845851,0.00717139,0.0142813,0.00426506,0.00937831
0.0158336,0.00848991,0.00592839,0.0211902,0.00521306,0.00475439
0.0116912,0.00797231,0.00458659,0.0161301,0.00389672,0.00459832
0.0127849,0.00883689,0.00827445,0.0298498,0.00761249,0.00420422
0.0117374,0.00794846,0.00310587,0.021871,0.0061416,0.00604578
0.0310028,0.0206751,0.0127638,0.0446622,0.0138774,0.0295787
0.0170589,0.0111526,0.0110436,0.0591819,0.0135647,0.00544148
0.0250335,0.0163671,0.00799522,0.0377384,0.0106318,0.00528946
0.00584789,0.00411659,0.00248678,0.0179321,0.0036757,0.00401888
0.00649614,0.00462565,0.002435,0.0203987,0.0043178,0.00751468
0.0455079,0.0272059,0.0216456,0.0691717,0.0186341,0.0378565
0.0192415,0.012752,0.00602179,0.0367812,0.00799486,0.00496371
0.0363607,0.0226254,0.0173644,0.0807223,0.0224865,0.0293339
0.0137459,0.00925627,0.00347412,0.0218542,0.00471749,0.00940905
0.0094242,0.00675454,0.00472255,0.0238036,0.00471164,0.00397391
0.0227356,0.0157309,0.00833501,0.0663273,0.017399,0.019415
0.0102586,0.00745615,0.00349888,0.0213024,0.0051022,0.00202852
0.007279,0.00498124,0.00211031,0.01535,0.00435992,0.00221936
0.00598437,0.00404973,0.00306343,0.0127997,0.00368273,0.00567501
0.0181373,0.0115365,0.0700731,0.339135,0.092656,0.12222
0.0128692,0.00896754,0.00536951,0.0197055,0.00693536,0.00889082
0.0102671,0.00698705,0.00242646,0.0149324,0.00323954,0.00277841
0.0349022,0.0182229,0.0115627,0.0537055,0.0137916,0.0151975
0.0320928,0.0181147,0.010691,0.0447663,0.00886772,0.013524
0.00764538,0.00523072,0.00283013,0.0171615,0.00463894,0.00339565
0.0166299,0.0110651,0.00364295,0.032137,0.00874377,0.00320864
0.0220441,0.0145221,0.00522991,0.0409793,0.00889264,0.0111746
0.03024,0.0127405,0.0138628,0.0652048,0.0173711,0.0296709
0.0286215,0.0110902,0.0128438,0.0436648,0.00913282,0.0181977
0.010306,0.00680193,0.00455719,0.0210421,0.00474703,0.006008
0.0309549,0.0206241,0.0230913,0.218893,0.0585012,0.0817689
0.0590466,0.0289813,0.0391788,0.0826094,0.0157525,0.0751831
0.0102171,0.00682755,0.00332776,0.0188308,0.00401004,0.00449747
0.0120933,0.00845731,0.00360757,0.0183629,0.005208,0.00372381
0.0104482,0.00704369,0.00323629,0.0290513,0.00757465,0.0207038
0.00722592,0.004645,0.00299642,0.0166332,0.00353763,0.00105878
0.0206731,0.0135471,0.00537372,0.0209508,0.00504747,0.00511452
0.0548012,0.0291523,0.0422515,0.169205,0.0415924,0.054625
0.0233175,0.0140092,0.00636034,0.0484232,0.0124568,0.0169601
0.0159558,0.00979253,0.00497707,0.0310796,0.00515441,0.0101931
0.0160144,0.010786,0.00434173,0.0283537,0.00656977,0.00609073
0.0122496,0.00859248,0.00278612,0.0230002,0.00617757,0.00816651
0.00602723,0.00429777,0.00154075,0.0171127,0.0045768,0.01104
0.0125802,0.00875712,0.00474745,0.0220487,0.00609761,0.0139374
0.0102803,0.00748114,0.00361995,0.0255371,0.00799237,0.00528113
0.0247478,0.0161649,0.00871348,0.0377855,0.0102039,0.00813133
0.0094039,0.00636488,0.00406933,0.0285767,0.00703674,0.00306513
0.0453908,0.0212349,0.031391,0.141966,0.0391323,0.0406459
0.0381504,0.017664,0.0235775,0.0991102,0.0226049,0.0222373
0.0240397,0.0158707,0.00891035,0.0325216,0.00946197,0.00555883
0.0116556,0.00802691,0.00411565,0.03016,0.00731599,0.00509613
0.0251314,0.016425,0.0102937,0.039056,0.0102326,0.00840045
0.00590958,0.00420463,0.00157046,0.0205756,0.00465641,0.00321931
0.0243626,0.0160693,0.00452341,0.0491293,0.00958604,0.00637443
0.0427481,0.0268022,0.0130018,0.0602799,0.0159971,0.0202069
0.0137412,0.00893866,0.00640579,0.0325244,0.00906525,0.00912366
0.0049243,0.00340509,0.00230634,0.0119502,0.00280729,0.00361533
0.0188342,0.0130587,0.00503132,0.0317598,0.00786381,0.00906991
0.018645,0.012327,0.0126862,0.0850272,0.0232737,0.0170825
0.00440645,0.00314935,0.00122318,0.00883312,0.00306204,0.0012139
0.00746641,0.00531267,0.00411256,0.0173909,0.00601799,0.00795038
0.0105124,0.00698258,0.00344892,0.0180713,0.00254243,0.0037317
0.0119468,0.00790873,0.00401687,0.0103203,0.0035742,0.00695864
0.0171934,0.0120839,0.00637097,0.0340937,0.00858062,0.0132568
0.0141677,0.00978804,0.00602177,0.0360839,0.00816036,0.00354483
0.0303485,0.0132963,0.0212195,0.107662,0.0289668,0.0614159
0.0307184,0.0117308,0.0240923,0.0953196,0.0238851,0.0606659
0.0363893,0.0241312,0.0142103,0.0797081,0.0207029,0.0142083
0.0236642,0.0151088,0.00579909,0.0559775,0.0126296,0.00622378
0.020873,0.0138011,0.00693418,0.0330237,0.00849261,0.00398012
0.00707625,0.004722,0.00239176,0.00373194,-0.00068888,0.00303358
0.00830856,0.00583621,0.0076846,0.0163935,0.00385856,0.00387678
0.008493,0.00561544,0.00245528,0.0195788,0.00466155,0.00205421
0.0207427,0.0137199,0.00643448,0.0256613,0.00601788,0.00227021
0.0463164,0.0253629,0.0648208,0.189876,0.0533543,0.082229
0.0127326,0.00848996,0.0057066,0.0384384,0.010568,0.00488291
0.00604596,0.00396068,0.00300386,0.0126067,0.00360454,0.0055787
0.00756928,0.00546497,0.00180385,0.0173458,0.00408896,0.00293136
0.0144231,0.00983682,0.0110912,0.0407153,0.00888088,0.0120092
0.00720788,0.0049656,0.00385335,0.0260357,0.00752478,0.00330955
0.0258506,0.0175077,0.00590866,0.0208455,0.0070188,0.00811366
0.00915895,0.00621122,0.00415034,0.0187986,0.00539583,0.0094349
0.0144712,0.00983046,0.00646914,0.0265596,0.00561742,0.00837609
0.0128688,0.00903939,0.00556769,0.020135,0.00654097,0.00352683
0.0343103,0.0185361,0.0112392,0.0500058,0.0141047,0.0284285
0.047921,0.0304569,0.0186045,0.0683779,0.0175114,0.0224884
0.0268604,0.0171349,0.0191901,0.0922135,0.0219418,0.0121308
0.014576,0.0092262,0.0044874,0.0291846,0.00815643,0.00494073
0.0122697,0.00814404,0.00503106,0.029512,0.00943714,0.00949017
0.0111417,0.00756073,0.00449636,0.0217164,0.00577715,0.00511839
0.00793432,0.0058748,0.00369852,0.0247364,0.00654673,0.00289837
0.0179048,0.0113224,0.00584616,0.0387141,0.00946889,0.00720045
0.0116181,0.00719536,0.00327811,0.00617293,0.00229723,0.00728383
0.0114048,0.00767581,0.00350783,0.0267738,0.00682614,0.00593131
0.0194162,0.012743,0.00912481,0.0458451,0.0123189,0.0160803
0.0168354,0.0110899,0.00431869,0.0325043,0.0100667,0.0113002
0.0162597,0.0106137,0.00415276,0.0325201,0.00786223,0.0144693
0.00594331,0.0038793,0.00274709,0.00822416,0.00400397,0.00241069
0.00682029,0.00488738,0.00259717,0.0105358,0.00309068,0.00533748
0.00874808,0.00602758,0.00546077,0.0170114,0.00502189,0.012676
0.00810921,0.0051703,0.00255517,0.0235863,0.00439051,0.00445352
0.00880666,0.00585182,0.00321074,0.00877169,0.00172526,0.00555039
0.00807628,0.00553902,0.00364039,0.0146663,0.00478713,0.00688769
0.00531182,0.0035657,0.00242025,0.0175178,0.00408198,0.00408313
0.0161744,0.0105732,0.00561524,0.0234272,0.00719554,0.00619332
0.0156952,0.0107706,0.0046642,0.019818,0.00604704,0.0101669
0.0268671,0.0180279,0.0105994,0.0425729,0.00968943,0.0135593
0.0319329,0.0202111,0.0104583,0.0609775,0.0146994,0.0108454
0.00728802,0.00509312,0.00176763,0.0171842,0.00583719,0.00444341
0.0130433,0.00855287,0.00576255,0.0232317,0.00619311,0.00569336
0.0143053,0.0100964,0.00551285,0.0207065,0.00502452,0.00471882
0.00840569,0.00625987,0.00407744,0.00200223,0.000618918,0.00750636
0.00561263,0.00404348,0.00263328,0.00706681,0.00338071,0.0022255
0.00820894,0.00581216,0.00405317,0.0166744,0.00365616,0.00238481
0.0121294,0.00859886,0.00383236,0.0138193,0.00350754,0.00269545
0.0132607,0.00931886,0.00445933,0.0246109,0.00816163,0.00952847
0.0483732,0.0292614,0.0213564,0.101064,0.0273176,0.0427757
0.0305654,0.020683,0.0132749,0.0297474,0.00915833,0.0134189
0.00481616,0.00335977,0.00252058,0.0145716,0.0044099,0.00189247
0.0268193,0.0169606,0.0111135,0.0538784,0.0131699,0.0206154
0.00760198,0.00536099,0.00760397,0.0356516,0.00746394,0.00936666
0.019823,0.0130953,0.00703735,0.017458,0.00726942,0.0228903
0.00651324,0.00451405,0.00486982,0.0188546,0.00857884,0.0251351
0.0112404,0.00746026,0.00348445,0.011163,0.00147146,0.00687236
0.0167686,0.011411,0.00470354,0.0220731,0.00474413,0.00324096
0.0232711,0.0144246,0.0079509,0.0388697,0.00889064,0.00675811
0.00975768,0.00653923,0.00357384,0.0185994,0.00485334,0.00575574
0.015279,0.00885165,0.00587152,0.0308218,0.00829465,0.00770325
0.0161704,0.0089082,0.00603459,0.0329989,0.00845544,0.0083904
0.0361232,0.0224664,0.0153325,0.084504,0.0215734,0.0341568
0.0159978,0.0108748,0.00642092,0.0212351,0.00344266,0.00338806
0.00646362,0.00445837,0.0032682,0.0190487,0.00398638,0.00298299
0.0345964,0.0228589,0.0294309,0.0761729,0.018533,0.0413341
0.0177492,0.0117627,0.00572379,0.0228851,0.00820172,0.00990209
0.0107667,0.00709881,0.00329249,0.0219355,0.00471523,0.00577068
0.0156456,0.0108289,0.00561337,0.014805,0.00386218,0.0066645
0.0113154,0.00737242,0.00478308,0.0186013,0.0036611,0.00573483
0.00651816,0.00456077,0.00416762,0.0217577,0.00445457,0.00371266
0.0166124,0.010949,0.00628517,0.0251086,0.00554796,0.00514172
0.0247753,0.0148857,0.0204619,0.0879697,0.0228048,0.0211639
0.0327853,0.020353,0.0294644,0.14999,0.038526,0.0392061
0.0343388,0.021979,0.0141923,0.0533523,0.0118247,0.0140437
0.0343731,0.0205717,0.0119368,0.0570813,0.0117765,0.0134067
0.0077546,0.0052342,0.00425153,0.0247083,0.00911003,0.00314499
0.0124942,0.0081947,0.00439714,0.0210753,0.00481641,0.00171709
0.0323456,0.0212306,0.0154083,0.0645867,0.0172073,0.0446128
0.0212908,0.0139472,0.020968,0.0754147,0.0208846,0.0301412
0.0159612,0.0107252,0.00936631,0.0281356,0.00874934,0.00693558
0.0248289,0.0168087,0.0093312,0.0531581,0.0165027,0.0178387
0.0121936,0.00856727,0.0057593,0.0229433,0.00447663,0.00442074
0.00647446,0.00460829,0.0064389,0.0208468,0.0045906,0.0019683
0.0155418,0.010148,0.00501368,0.0237153,0.00762836,0.00411848
0.022656,0.0146722,0.0141777,0.0689543,0.0213508,0.039058
0.0116237,0.00757232,0.00357825,0.0254021,0.00689336,0.00484529
0.0216882,0.0141876,0.0184519,0.084417,0.0211879,0.0119393
0.0261867,0.016892,0.008297,0.0176615,0.00222919,0.0119578
0.00994528,0.00683891,0.00326683,0.0132804,0.003981,0.00561211
0.0178519,0.0119887,0.00893759,0.0367013,0.00923484,0.0103292
0.0552988,0.0320985,0.0276326,0.126859,0.0342147,0.0550722
0.0185801,0.0124667,0.00456724,0.033333,0.00858852,0.00686262
0.0237414,0.015561,0.00949873,0.0540597,0.0130503,0.00983102
0.00825436,0.00558047,0.0030245,0.0203312,0.00595378,0.00303856
0.024585,0.0154305,0.0153524,0.0846343,0.020184,0.0351144
0.0379863,0.0223389,0.0243145,0.125552,0.0345075,0.0361149
0.0366906,0.0169031,0.0130961,0.0279135,0.00585781,0.00984925
0.0276565,0.0180828,0.0116778,0.0693237,0.0167124,0.0129411
0.00545137,0.00388101,0.00314105,0.0199485,0.00474008,0.00657654
0.0127382,0.00884972,0.00447475,0.0254589,0.00684003,0.0162456
0.0109406,0.00734698,0.00548601,0.0272566,0.00675429,0.00289554
0.0166467,0.0111739,0.00886699,0.0332866,0.0109258,0.0100547
0.0131438,0.00922525,0.00603593,0.0289375,0.00645033,0.00301811
0.00573619,0.0037771,0.00435932,0.0100116,0.00230298,0.00221676
0.015887,0.0110642,0.00744901,0.0382664,0.00934979,0.00672534
0.0204415,0.0110423,0.00808143,0.0238717,0.00548391,0.0116164
0.0112367,0.00806121,0.00372518,0.0237658,0.00607219,0.0047688
0.0110419,0.00754162,0.00340394,0.0247141,0.00513659,0.00443926
0.00780873,0.00530106,0.00561358,0.0262279,0.00772415,0.0103779
0.0275414,0.0170457,0.0148623,0.0529823,0.0173324,0.0363606
0.0290734,0.0187752,0.0105957,0.0500927,0.0131209,0.0149336
0.01119,0.0078164,0.00457119,0.03956,0.00729244,0.00397372
0.019714,0.0133324,0.00664997,0.0405504,0.0115965,0.0229635
0.00995933,0.00664646,0.00185684,0.0403738,0.0093204,0.0119804
0.0107407,0.00711514,0.0041656,0.0318564,0.00825597,0.00944526
0.0302886,0.0189901,0.00856716,0.0350724,0.0105015,0.0116928
0.00879891,0.00631731,0.0029839,0.0254421,0.00591075,0.00296111
0.00478316,0.00324112,0.00251378,0.0113446,0.00277414,0.00331947
0.0326022,0.0210223,0.00884263,0.0291808,0.0066997,0.00876678
0.00594749,0.00399501,0.00435375,0.0126251,0.00242068,0.00731081
0.0100848,0.00680954,0.00963788,0.0464452,0.0128684,0.0223041
0.00739566,0.00468108,0.00339929,0.0140964,0.00208976,0.00550035
0.00856012,0.00607767,0.00353104,0.014166,0.00431138,0.00230665
0.00544068,0.00375588,0.00249966,0.0131314,0.00288799,0.0016895
0.0145804,0.00992527,0.0128471,0.060358,0.0173237,0.0237009
0.0211281,0.0142705,0.0121211,0.0552351,0.014736,0.0130892
0.024123,0.0156266,0.0249872,0.0633831,0.0154526,0.0117988
0.0104612,0.0071698,0.00557957,0.0160239,0.00439041,0.00497152
0.00761014,0.0054599,0.00357712,0.0200059,0.00542169,0.0108772
0.0276782,0.0182481,0.0160028,0.0588647,0.0187596,0.0193399
0.0167272,0.0110525,0.0064997,0.0382793,0.0118773,0.0147172
0.00571162,0.00367583,0.00232093,0.0147992,0.00227481,0.000655215
0.00441676,0.0031679,0.00135283,0.00856185,0.00248554,0.00133063
0.0306242,0.0188897,0.00915692,0.0454093,0.0108609,0.0166602
0.025263,0.016177,0.0173791,0.117656,0.0311667,0.0332827
0.029139,0.0165143,0.0197137,0.100918,0.0233555,0.0146766
0.0238088,0.0148823,0.0156109,0.0641595,0.0118088,0.00921213
0.0202037,0.0137951,0.00903273,0.0271957,0.00745612,0.0149554
0.018399,0.0124301,0.00632608,0.00774355,0.00141958,0.00651334
0.0124398,0.0084012,0.00504405,0.0168278,0.00415853,0.00186496
0.00649527,0.00445108,0.00275888,0.019749,0.00499793,0.00344129
0.0152172,0.0105564,0.00325608,0.0216432,0.00558612,0.0141013
0.00701691,0.00481896,0.00311677,0.0105671,0.00227111,0.00116276
0.0200691,0.0139406,0.00642199,0.0197764,0.00539273,0.00479353
0.0442824,0.0276133,0.0149119,0.063101,0.0166511,0.0106361
0.0150299,0.0106702,0.00555032,0.0254725,0.00480586,0.00295662
0.0271359,0.0170734,0.00989885,0.0376073,0.010885,0.011588
0.0157756,0.00725854,0.00544994,0.0286373,0.00830081,0.00944505
0.0422264,0.0238875,0.0274158,0.144109,0.0358586,0.0277167
0.0315945,0.0125944,0.0183,0.0846351,0.0188864,0.0202562
0.014424,0.0090307,0.00880719,0.0479059,0.00902318,0.0118291
0.00566068,0.00394343,0.00266959,0.0116602,0.00223939,0.00214888
0.0077906,0.00558473,0.00293789,0.0212262,0.00498597,0.0027332
0.0114579,0.00747539,0.00375815,0.0429996,0.0121962,0.00570649
0.0307812,0.0205601,0.0170547,0.0617874,0.0177385,0.0477718
0.00567151,0.00409905,0.00229935,0.0234808,0.00536017,0.00643379
0.0088159,0.00592553,0.0032697,0.0164832,0.00594246,0.00230273
0.0254984,0.0166687,0.0096074,0.0398032,0.00967909,0.0306689
0.0139083,0.00971205,0.00609067,0.00225822,0.000897953,0.00459129
0.0088854,0.00635239,0.00486335,0.027619,0.00675414,0.00898834
0.012242,0.00840832,0.00339448,0.0163168,0.00367686,0.00292187
0.0320259,0.0208969,0.00919768,0.0337449,0.00946468,0.0267444
0.00686365,0.00457876,0.00247023,0.00471517,0.00157581,0.00171921
0.0170944,0.0110883,0.00581488,0.00352057,0.000699708,0.00632664
0.0183178,0.0123902,0.0104981,0.0595013,0.0163934,0.0246341
0.008273,0.00536242,0.00211672,0.0123202,0.00220835,0.0065619
0.00850405,0.00593826,0.00475859,0.00929252,0.00163872,0.00111287
0.00645299,0.00426745,0.00262626,0.0168752,0.00348983,0.00247911
0.0347456,0.0217961,0.0113094,0.0505969,0.011139,0.0211989
0.0185694,0.0127749,0.00616409,0.0208765,0.00671305,0.00617575
0.0131434,0.0094394,0.00472342,0.0147085,0.00562849,0.0105606
0.0122431,0.00813209,0.00247925,0.0174342,0.00395096,0.00375924
0.0386606,0.0248898,0.017897,0.0607926,0.0156513,0.011442
0.0233314,0.0158664,0.0104399,0.0324649,0.00871046,0.00585727
0.00813278,0.00534636,0.00274187,0.0113059,0.0027589,0.00385506
0.034366,0.0215373,0.019454,0.087195,0.0257899,0.0139418
0.010719,0.00787872,0.0113217,0.0400311,0.0116339,0.00462426
0.0724872,0.0395313,0.0257416,0.134385,0.0337987,0.0539872
0.00750391,0.00530435,0.00169393,0.0154499,0.00387031,0.00439085
0.00680878,0.00462274,0.00143187,0.0115567,0.00217549,0.00110012
0.0348127,0.0179529,0.023761,0.0535599,0.011921,0.0254004
0.0259541,0.0172025,0.018988,0.0764889,0.0185835,0.0168911
0.00848193,0.00557996,0.00362873,0.0126799,0.00296539,0.00290312
0.0196619,0.0128773,0.0239743,0.0777051,0.0193217,0.0194048
0.0258852,0.0172898,0.0074659,0.0309498,0.00721587,0.0109819
0.00733345,0.00516294,0.00376833,0.0180699,0.00548607,0.00441653
0.0260757,0.01659,0.00993248,0.047054,0.010297,0.0142517
0.02144,0.013337,0.016722,0.0454351,0.0102939,0.0258352
0.0230599,0.0150261,0.00799595,0.0532943,0.0117224,0.00469529
0.010325,0.00718503,0.00602578,0.0194389,0.00359975,0.00410323
0.0291914,0.0197378,0.0122922,0.0447636,0.0132717,0.0130365
0.00739003,0.00530599,0.00296603,0.0307059,0.00825228,0.00549031
0.0242678,0.0165541,0.019159,0.0423826,0.0105893,0.00608589
0.012622,0.00834083,0.0111777,0.052269,0.0138279,0.00903434
0.0384203,0.0249733,0.0163873,0.0623572,0.0166116,0.0171686
0.00676734,0.00461658,0.00579993,0.0163562,0.0049857,0.00238274
0.0339377,0.0157353,0.0132419,0.0608953,0.0165257,0.0354977
0.0245396,0.0129016,0.0124804,0.0782376,0.0219094,0.0132522
0.00695601,0.00458148,0.00290951,0.0161183,0.00301132,0.00457368
0.0235498,0.0157288,0.00892249,0.0492529,0.0134314,0.0256221
0.00910799,0.00591388,0.0035389,0.0116978,0.00226769,0.00167509
0.0186246,0.0100176,0.00847829,0.0578152,0.0136292,0.00856549
0.0181044,0.00997807,0.0084291,0.0571601,0.0136059,0.00707079
0.012086,0.00811675,0.00388834,0.0159571,0.0050261,0.00377125
0.00666496,0.00435631,0.00252177,0.017336,0.00488465,0.00225222
0.00674792,0.00446944,0.00307127,0.0151271,0.00246443,0.00644165
0.0508963,0.0308461,0.0479881,0.228915,0.0634733,0.0652553
0.04101,0.0253202,0.0394686,0.165695,0.0415129,0.0321943
0.0389263,0.0244666,0.0117655,0.0626522,0.0160965,0.0257884
0.0165636,0.011004,0.00649311,0.0244653,0.00679175,0.00414804
0.0103877,0.00682325,0.00449338,0.00541835,0.000210405,0.00235731
0.0300006,0.0196771,0.00922285,0.0406198,0.0103362,0.0185089
0.0092442,0.00646452,0.00341594,0.0195275,0.00429255,0.00252971
0.0147852,0.0101656,0.00423946,0.0262961,0.00635915,0.00380027
0.0302841,0.0195653,0.0207426,0.0449669,0.0115961,0.0203272
0.00846878,0.00552699,0.00491774,0.0224159,0.00500513,0.00635638
0.00690956,0.00449588,0.0028284,0.0147733,0.00427164,0.00120796
0.00503597,0.00343921,0.00193443,0.016709,0.00344371,0.0027473
0.0115783,0.00798923,0.00478896,0.02081,0.00552128,0.00395208
0.025568,0.0167158,0.00634442,0.0271028,0.0107574,0.0137154
0.0540588,0.0323464,0.0194974,0.0773359,0.0160815,0.0236209
0.00779992,0.0052393,0.00280812,0.000979768,0.000544076,0.00122012
0.00497868,0.00334151,0.00218555,0.00868198,0.00281078,0.00219066
0.00851356,0.00547631,0.00410763,0.0384522,0.0100894,0.0126025
0.0140663,0.00917309,0.0177396,0.0903177,0.0224402,0.0373624
0.0231747,0.0154712,0.00726128,0.0240344,0.00619986,0.00214883
0.0587356,0.0234784,0.0306322,0.121461,0.0339931,0.0261287
0.0593177,0.0236515,0.0313963,0.120801,0.0312987,0.025643
0.0469636,0.0286667,0.0174701,0.100427,0.0228532,0.0297566
0.00622464,0.00421339,0.00204965,0.0174675,0.0051456,0.00326579
0.00632144,0.0042977,0.00242397,0.0044648,0.000485104,0.00351484
0.0362707,0.0231647,0.0196701,0.0802015,0.0246455,0.0461897
0.0280526,0.0182977,0.00911326,0.0369095,0.00962477,0.00402389
0.00591424,0.0042006,0.00310009,0.0162385,0.00229304,0.00187218
0.00858407,0.00581743,0.0036592,0.00795528,0.00375146,0.00625288
0.0132151,0.0093707,0.00295749,0.015041,0.00412308,0.00439721
0.0441025,0.0276444,0.0212414,0.0774938,0.0189153,0.0230457
0.0272026,0.0173055,0.00976046,0.038927,0.0113634,0.0100854
0.0543664,0.0310597,0.0356799,0.0676819,0.0179968,0.0583411
0.0186722,0.0125966,0.019754,0.0932772,0.0262849,0.0379751
0.010042,0.00650083,0.0038529,0.00693469,0.00337406,0.00371155
0.0568464,0.0331728,0.0232376,0.0989135,0.0237259,0.0148343
0.00742172,0.00534656,0.00243594,0.0199997,0.00452517,0.00519437
0.0233745,0.0153249,0.00696527,0.0318579,0.00782634,0.00477116
0.0139919,0.00959875,0.0046301,0.020135,0.00528059,0.00653955
0.00442926,0.00297447,0.00256497,0.0136517,0.00164571,0.000439586
0.0181478,0.012279,0.00653027,0.0328641,0.0114187,0.0116712
0.0100034,0.0068306,0.00455306,0.0125949,0.00329306,0.00324137
0.0288886,0.016463,0.0100109,0.0554427,0.0130345,0.0127065
0.00620349,0.00404071,0.00189665,0.0210163,0.00602433,0.00768922
0.0399204,0.0194216,0.0141291,0.0632469,0.0161802,0.0227967
0.00630428,0.00432778,0.00627896,0.00672672,0.00301839,-0.000222579
0.0479621,0.0296857,0.0306058,0.0790536,0.0174455,0.031942
0.0300825,0.0196313,0.0163691,0.0917623,0.0223012,0.0176108
0.021497,0.0103534,0.0161529,0.0109677,0.00360983,0.0181197
0.0211859,0.0103306,0.0159742,0.0165954,0.00312091,0.0172194
0.00922496,0.00595958,0.00337553,0.0187585,0.00544948,0.00482538
0.0054588,0.00382935,0.00229507,0.00778244,0.00362846,0.00622183
0.0138075,0.00945348,0.00390301,0.0229598,0.00585162,0.0050031
0.0365351,0.0239588,0.0122859,0.0506765,0.013115,0.0131062
0.0515381,0.0307373,0.0269193,0.122069,0.0331758,0.0258227
0.014584,0.0099994,0.00827072,0.031116,0.00866012,0.0280429
0.00805502,0.00562041,0.0031416,0.0186864,0.00445808,0.00463145
0.00707566,0.00494962,0.001761,0.0184861,0.00439615,0.002953
0.0298037,0.0195342,0.00960005,0.0411607,0.0121039,0.00899003
0.0103456,0.00726723,0.00308448,0.0133041,0.00388474,0.00503654
0.00816392,0.00589168,0.00456927,0.0175724,0.00520526,0.0112248
0.0519627,0.0295354,0.036652,0.137416,0.033602,0.0573662
0.0127043,0.00899443,0.00434951,0.0205223,0.0060945,0.00528881
0.0279468,0.0185501,0.00912689,0.0460826,0.0105121,0.0181027
0.0112145,0.00793833,0.00718617,0.0350995,0.00662582,0.0147194
0.0219112,0.0129945,0.00503321,0.0408521,0.00891494,0.00848559
0.0206697,0.0139744,0.00712794,0.0334712,0.008361,0.0197975
0.00946557,0.00634419,0.00614044,0.0447399,0.0107289,0.00773527
0.0216699,0.0148021,0.00657551,0.0250755,0.00807743,0.00757422
0.00744585,0.00521459,0.00177739,0.0146005,0.0038646,0.0113661
0.0106894,0.0075068,0.00469579,0.0248463,0.00958468,0.0101751
0.0317157,0.0202496,0.0127614,0.0798576,0.0210573,0.0278676
0.0134498,0.00907085,0.00561731,0.0185871,0.00590148,0.0272656
0.0073225,0.00510191,0.0043577,0.0141927,0.00522253,0.00284445
0.0150146,0.0097437,0.00477442,0.0338627,0.00664803,0.0129141
0.0134554,0.00945413,0.00620061,0.0299358,0.00773467,0.0135527
0.013747,0.00960657,0.00360305,0.0337338,0.0098765,0.00572254
0.0159283,0.0108175,0.00485824,0.0454928,0.00950263,0.0120066
0.00769273,0.005161,0.00411902,0.0199971,0.00481396,0.00577694
0.00483388,0.00324469,0.0019964,0.00906568,0.00245398,0.00222221
0.0139301,0.0099004,0.00542711,0.0280662,0.00842233,0.0154832
0.0098355,0.00665292,0.00788954,0.0216811,0.00477049,0.0138713
0.0138715,0.00893622,0.00468149,0.0244561,0.00425992,0.00451439
0.00455717,0.00319342,0.00259463,0.00823381,0.00226419,0.000692248
0.0246466,0.0165967,0.00926383,0.050915,0.0134484,0.00898946
0.00672788,0.00457169,0.0025886,0.0180411,0.00666032,0.00381591
0.00486336,0.0031968,0.00267822,-0.0013228,-0.000112623,0.00333033
0.0470214,0.0289159,0.0131161,0.0547066,0.0133916,0.0190319
0.02296,0.0148926,0.00613436,0.0450512,0.0120076,0.0129121
0.0238976,0.0157724,0.0100537,0.0105845,0.000977958,0.00775228
0.0186638,0.0103837,0.00755606,0.0362879,0.00633564,0.00697753
0.0156372,0.0102551,0.00352657,0.0298219,0.00599288,0.00813976
0.00744286,0.00534135,0.0028768,0.0160767,0.00364799,0.00618849
0.0059686,0.00416394,0.00295585,0.0132031,0.00317452,0.00455281
0.017287,0.0114998,0.00963673,0.0485399,0.0141604,0.0179358
0.00701741,0.00482769,0.00212116,0.0189164,0.0038646,0.00451707
0.0351206,0.0226339,0.0206381,0.0860017,0.0220447,0.0312874
0.0179023,0.0121428,0.00381399,0.0350002,0.00952873,0.00821266
0.0087245,0.00568258,0.00445185,0.0214442,0.00523797,0.00516339
0.0109941,0.00468423,0.00496327,0.0295589,0.00636132,0.00584623
0.0255502,0.0146995,0.00836562,0.0559586,0.0171225,0.0460022
0.0275111,0.0153276,0.00900932,0.0531816,0.0144041,0.0466718
0.0531491,0.0321418,0.0373422,0.206974,0.0583436,0.063736
0.0175756,0.00870235,0.0288013,0.0637099,0.015527,0.0201931
0.0176672,0.00870188,0.0285697,0.0626237,0.0153993,0.0201195
0.0143422,0.00971358,0.00459397,0.0203328,0.00575556,0.00584738
0.0111611,0.00761074,0.00607324,0.0146104,0.00152927,0.00670983
0.0369459,0.022917,0.0125828,0.0827443,0.0234133,0.0248687
0.00865437,0.00558543,0.004042,0.0176987,0.0044589,0.00496442
0.0129219,0.00870549,0.00409784,0.0173649,0.00509434,0.00707803
0.014132,0.00952844,0.0088236,0.0262329,0.00759458,0.00697169
0.00652106,0.00440193,0.0016804,0.0118752,0.00313004,0.00571539
0.0218278,0.0139332,0.0103266,0.0461781,0.0101433,0.00970448
0.0254332,0.0167475,0.00755493,0.0383846,0.0114489,0.0150016
0.0142556,0.00990494,0.00801616,0.0139688,0.00308183,0.011512
0.0122503,0.00797597,0.00343699,0.0229228,0.00662218,0.0041238
0.0409467,0.0262052,0.0220226,0.0953915,0.0227577,0.010632
0.0102806,0.00713546,0.00313984,0.0213701,0.00553225,0.00683557
0.0242318,0.0154655,0.00780583,0.0131582,0.00190342,0.00818186
0.0120715,0.00826835,0.00642487,0.0271216,0.00542609,0.0098934
0.0196798,0.0130922,0.00522531,0.03422,0.00894649,0.0170121
0.00939943,0.00648135,0.00275055,0.0181991,0.00491242,0.00355668
0.0184356,0.0128719,0.0148608,0.0618184,0.018097,0.0146996
0.0096494,0.00681819,0.00706393,0.022258,0.0042178,0.00353095
0.0123176,0.00778181,0.0172876,0.0748295,0.021574,0.0157858
0.0214186,0.0144154,0.00677722,0.0323654,0.00950052,0.00371415
0.0306345,0.0195452,0.0339594,0.15201,0.0360988,0.0272201
0.0149463,0.0100321,0.00562201,0.0295641,0.00818449,0.0101338
0.0177906,0.0119635,0.00642636,0.0410479,0.0086003,0.0117887
0.00873817,0.00582629,0.00326027,0.0114996,0.00278919,0.000502207
0.00818722,0.00616483,0.00688794,0.0228681,0.00439292,0.00193842
0.0115095,0.00797834,0.00333712,0.00805937,0.000465602,0.00232849
0.0155995,0.0105924,0.00582334,0.0285572,0.0069539,0.00610473
0.0312145,0.0201785,0.0123652,0.0388677,0.0120673,0.0417555
0.0337954,0.0223398,0.0168214,0.0515835,0.0127439,0.0271269
0.0269694,0.0175755,0.0129289,0.0456958,0.0118616,0.00843656
0.0176157,0.0116587,0.0105524,0.0502113,0.0132111,0.0244868
0.0166361,0.0114671,0.0101179,0.0355534,0.010023,0.0139284
0.046298,0.025329,0.016316,0.0797538,0.0167172,0.0172921
0.0193662,0.0127961,0.0082421,0.0359048,0.00755795,0.00341849
0.0107249,0.00757215,0.0123292,0.0452401,0.0129174,0.00789692
0.0152457,0.0104019,0.00679654,0.0263844,0.00553282,0.0132772
0.0491624,0.0252332,0.0144643,0.0620323,0.0183731,0.0244939
0.00688911,0.0048545,0.00276109,0.0211904,0.00289138,0.00531655
0.00467275,0.00349704,0.00234838,0.0147158,0.00676278,0.00124925
0.0282768,0.017924,0.0189986,0.0867366,0.0207964,0.0179043
0.0146111,0.00659137,0.00709287,0.0456375,0.0123544,0.00902716
0.0187263,0.0105576,0.0102668,0.0463456,0.0101294,0.00827475
0.0270159,0.0181815,0.0104147,0.0389055,0.0109672,0.0157319
0.00747714,0.00516259,0.00342521,0.0146272,0.00267596,0.00456696
0.0271906,0.0178198,0.00724807,0.0572896,0.0146311,0.00663239
0.012714,0.0087728,0.00551374,0.0183,0.00419122,0.0100223
0.0225606,0.0151611,0.00997894,0.0295434,0.0077313,0.00978003
0.0296902,0.0195429,0.0109077,0.0583947,0.0138316,0.024298
0.0108812,0.00784764,0.00393662,0.0170227,0.00461371,0.00960637
0.00808676,0.00559618,0.00295611,0.0123161,0.00390753,0.00276276
0.0200588,0.0127805,0.00616136,0.0228286,0.00769687,0.00427138
0.0227182,0.0150172,0.00993264,0.0289177,0.00898794,0.0161885
0.0171574,0.011861,0.0105116,0.0319697,0.0070619,0.00844014
0.00577201,0.00386818,0.00324931,0.0120239,0.00424141,0.000666176
0.0157897,0.0111156,0.00536868,0.021849,0.00726228,0.00622586
0.031306,0.0203872,0.0100326,0.0666419,0.016595,0.0112055
0.0118822,0.00807196,0.0103332,0.0553361,0.0147019,0.0133564
0.00993623,0.00680565,0.00424409,0.0204341,0.00706098,0.0138763
0.00933774,0.00642559,0.00453689,0.0182116,0.00339237,0.00181571
0.026755,0.0178007,0.0104334,0.0496143,0.0143625,0.0165099
0.00637181,0.00442289,0.00416487,0.0122714,0.00377432,0.00657487
0.0444779,0.0271407,0.0365294,0.184452,0.0447178,0.0550096
0.0103069,0.00719245,0.00401229,0.0156443,0.00418952,0.00386862
0.0107653,0.0075547,0.00500956,0.0273178,0.00727087,0.0063797
0.0190556,0.0128369,0.00804852,0.040152,0.00908,0.00510398
0.0396213,0.0169026,0.0131193,0.0552594,0.0137953,0.0161929
0.00537432,0.00377463,0.00246799,-0.00314284,0.00124072,0.00290377
0.0107865,0.00727054,0.00497047,0.0212808,0.00581561,0.00371573
0.0123278,0.00855504,0.00332648,0.0317983,0.00714994,0.00207627
0.0193858,0.0128192,0.00641385,0.0292022,0.00630673,0.0047215
0.00700931,0.00495265,0.00317074,0.0140542,0.00238511,0.0030055
0.00657154,0.00440113,0.00302149,0.00836149,0.00371625,0.00127915
0.0100299,0.00688581,0.010064,0.0319641,0.00661526,0.00661832
0.0283879,0.0179521,0.0435542,0.188383,0.0496338,0.0728507
0.0163407,0.0114356,0.00543268,0.0271101,0.00732277,0.00876263
0.0152936,0.0105028,0.00518894,0.0265091,0.00649901,0.00498266
0.015176,0.010458,0.00583849,0.0369553,0.00786299,0.0113494
0.00539442,0.0034291,0.00307985,0.0149413,0.00349911,0.000928789
0.0125312,0.00845849,0.0045073,0.0287747,0.0076755,0.00475076
0.00621155,0.00430137,0.00265796,0.00912606,0.00366447,0.000450725
0.0263042,0.0180125,0.0138998,0.0595267,0.0170996,0.0105333
0.0104827,0.00706022,0.0035816,0.0011369,0.000540572,0.00371036
0.0491163,0.027158,0.0295331,0.156209,0.0386869,0.0518881
0.0045493,0.00300544,0.00423506,0.0180889,0.00455557,0.00865004
0.00808435,0.00532432,0.00449644,0.0333553,0.00980813,0.00640685
0.00914232,0.00604885,0.00398277,0.0147468,0.00373881,0.00187634
0.00818599,0.00572644,0.00250121,0.0231319,0.00499878,0.00544595
0.0211601,0.0142133,0.00670544,0.0277399,0.00906493,0.00871496
0.00943943,0.00641944,0.00751525,0.0407853,0.0113909,0.0244812
0.0111548,0.00746627,0.00375061,0.0197781,0.0069657,0.00658767
0.0202657,0.0134168,0.0219008,0.077178,0.0212101,0.0303349
0.01519,0.0105504,0.00435395,0.017789,0.00558227,0.00513334
0.0253987,0.0165037,0.00907002,0.0470576,0.0108183,0.00346596
0.0292171,0.0197586,0.0135392,0.0763513,0.0190927,0.0216533
0.0245388,0.00995006,0.0119197,0.0488582,0.013538,0.0150269
0.0339342,0.0162733,0.0154752,0.0577543,0.0121323,0.018521
0.0229354,0.0141657,0.0471073,0.185202,0.0479996,0.08263
0.0199951,0.0135831,0.0058418,0.0296089,0.00684973,0.00461274
0.0049154,0.00352451,0.00282795,0.0148967,0.00339301,0.0046592
0.0148481,0.010372,0.00403116,0.0234362,0.00331315,0.00581326
0.0127383,0.00857922,0.00443856,0.0153307,0.00322081,0.00495898
0.0124751,0.0086991,0.00482476,0.0223832,0.0064052,0.00691913
0.00652225,0.0046397,0.00179811,0.0195314,0.0052268,0.0161845
0.0102241,0.00721354,0.012818,0.0384106,0.0110035,0.0240353
0.0118887,0.00799807,0.00492623,0.0169937,0.00459245,0.00708797
0.0168199,0.0112963,0.00589729,0.0187777,0.00726129,0.0146887
0.00667392,0.00443817,0.00344464,0.0122587,0.00446557,0.00203465
0.0111401,0.0075167,0.0043713,0.0157691,0.00562525,0.0032365
0.0108163,0.00741393,0.00449656,0.0176486,0.00556235,0.00289875
0.0195055,0.00992739,0.0081631,0.0377126,0.00995145,0.0139279
0.0299032,0.0112727,0.00982208,0.0509516,0.0127967,0.0148156
0.0218413,0.00963607,0.00682884,0.0376729,0.00908437,0.0122172
0.0126349,0.00644537,0.00440759,0.0210857,0.00688556,0.00257062
0.0139258,0.00875048,0.0035288,0.0161012,0.00704224,0.00113057
0.0152842,0.0101185,0.00903828,0.047626,0.0111775,0.00758635
0.0445265,0.027534,0.0398625,0.171303,0.0441524,0.0231401
0.0134766,0.00916502,0.0048946,0.0143621,0.00465284,0.00767569
0.0147369,0.0101691,0.0189292,0.0588,0.0156602,0.0185619
0.0218341,0.0148484,0.0184095,0.0716403,0.0183736,0.0193891
0.0195314,0.0137866,0.00586656,0.00767082,0.000603333,0.0035176
0.0090254,0.00618988,0.0045805,0.0162002,0.0022265,0.0103413
0.00475813,0.00365878,0.00337128,0.00333528,-0.000638556,0.00378392
0.0212058,0.0134732,0.00906115,0.0264842,0.00628716,0.00924171
0.0082392,0.00527351,0.00272486,0.0124937,0.00554001,0.00225999
0.00563995,0.00335956,0.0024264,3.3223e-05,0.00228409,0.00190323
0.0112494,0.00789068,0.00439126,0.0188395,0.00600175,0.00242716
0.0188932,0.0130486,0.0052506,0.0369407,0.0098202,0.00888801
0.00855588,0.00596298,0.00194186,0.0207907,0.00636457,0.00791
0.00664945,0.00432306,0.00347636,0.00712343,0.00324996,0.00283566
0.0208123,0.0137254,0.00760066,0.0300969,0.00782281,0.00950631
0.0533157,0.0292371,0.0433318,0.154328,0.0384319,0.0530575
0.0152215,0.0103548,0.00617566,0.031421,0.00729623,0.00588138
0.00677293,0.00482074,0.00259984,0.0189586,0.00528944,0.00255998
0.0323159,0.0198711,0.0173139,0.101064,0.0249864,0.017092
0.025978,0.0167183,0.0107785,0.0553181,0.0144798,0.019856
0.00831731,0.0057001,0.00746881,0.0115984,0.00323103,0.00394942
0.0171621,0.0112069,0.00702494,0.0234751,0.00468167,0.0137844
0.0230021,0.0155601,0.00861426,0.0390928,0.00922862,0.0147361
0.0217429,0.0148413,0.0105467,0.0513494,0.0119633,0.00885817
0.0161718,0.0112274,0.00702828,0.00820116,0.000627455,0.00538517
0.0138419,0.00956543,0.00558397,0.0136943,0.00378175,0.00538089
0.00447252,0.00324119,0.00262743,0.0145166,0.00409142,0.00337848
0.0148803,0.0102152,0.00593954,0.018685,0.00397985,0.0045304
0.0176417,0.0119314,0.0160901,0.0738649,0.0203402,0.0245091
0.00447806,0.00320553,0.00229082,0.00457931,0.00242056,0.00172433
0.0161566,0.0108818,0.00536327,0.00046664,0.000204799,0.0039819
0.0257157,0.017106,0.0101311,0.0481699,0.0116931,0.0202406
0.0130262,0.00903818,0.00537449,0.0193097,0.00464699,0.00369244
0.0381359,0.0245492,0.0148193,0.057926,0.0132643,0.0200568
0.0162787,0.0111075,0.00505469,0.024852,0.00658957,0.00499581
0.0134442,0.00922704,0.00468775,0.023825,0.00616443,0.00520793
0.00913313,0.00632212,0.00194455,0.0210157,0.00620724,0.00660964
0.0243195,0.0147021,0.0118694,0.0819504,0.0219386,0.0149696
0.0115007,0.00781546,0.00426997,0.0148119,0.00391756,0.00470032
0.0121482,0.0084588,0.00345755,0.0178024,0.00612158,0.0104718
0.0309325,0.0196392,0.0145097,0.0633238,0.0149676,0.0344894
0.0191275,0.0128519,0.0148996,0.0814131,0.0209647,0.0324687
0.0266382,0.0186557,0.0091912,0.0456857,0.0159574,0.015509
0.0133163,0.00936965,0.0042234,0.0286526,0.00705101,0.0102017
0.0138822,0.00943773,0.00401413,0.0202509,0.00625437,0.00528013
0.039885,0.0260522,0.0179268,0.0601229,0.0130221,0.0123816
0.0223121,0.0148406,0.0081702,0.0270919,0.00869806,0.00436062
0.0166327,0.0106889,0.00755651,0.037822,0.0112472,0.012943
0.017966,0.0113128,0.0151006,0.080475,0.0201732,0.0203637
0.00779763,0.00545749,0.00402345,0.01696,0.00326371,0.00391356
0.0148932,0.00954287,0.0145875,0.0729724,0.0210104,0.0376417
0.0106988,0.00732858,0.00343583,0.0187408,0.00396947,0.00470725
0.00838154,0.00613205,0.00343716,0.0209233,0.00367815,0.00554449
0.0112946,0.00776008,0.00747602,0.0385204,0.0105918,0.0251777
0.0121934,0.00830888,0.00392775,0.00844785,0.00388494,0.0083901
0.0124641,0.00880276,0.00382549,0.023558,0.00683964,0.00835148
0.0252917,0.0168613,0.00835795,0.0671888,0.016579,0.017073
0.0135814,0.00920129,0.00543029,0.0261662,0.00530095,0.00489161
0.0152956,0.010052,0.00483883,0.0378843,0.0112405,0.00568161
0.00608579,0.00429621,0.00254948,0.021459,0.00443052,0.0035111
0.00498216,0.00370395,0.00293663,0.00746278,0.00162878,0.00426437
0.0218266,0.0144354,0.0176055,0.0583951,0.0157164,0.0342659
0.0067814,0.0047249,0.0015752,0.0113843,0.00406267,0.00415288
0.033561,0.0213536,0.0099292,0.041976,0.00875733,0.0223046
0.0171863,0.0112975,0.0160217,0.0565109,0.015181,0.0212855
0.00596642,0.00432398,0.0018542,0.0151123,0.00398017,0.00406733
0.0184827,0.012313,0.014231,0.0534281,0.0158833,0.0161505
0.0189085,0.0130118,0.00612945,0.0249692,0.0090948,0.0190846
0.0338442,0.0209995,0.014722,0.0719121,0.0185747,0.0240093
0.00846177,0.00601231,0.0028515,0.016339,0.0024703,0.00266551
0.00781118,0.0053221,0.00358991,0.0181475,0.00376698,0.00448691
0.00519456,0.00359497,0.00216716,0.00905502,0.00221676,0.00262879
0.0135452,0.00925104,0.00631013,0.00444498,-6.41273e-05,0.00290893
0.00858093,0.00636625,0.00753052,0.029845,0.0104791,0.00563676
0.0153519,0.0108518,0.0049276,0.0270449,0.0072226,0.00764717
0.0162412,0.0111344,0.015548,0.0480662,0.0103665,0.0140269
0.00989098,0.00687888,0.00345648,0.029452,0.00669352,0.0138543
0.0164237,0.0115461,0.00580657,0.0172582,0.00519119,0.011507
0.0253083,0.0164796,0.00791381,0.0248483,0.00933181,0.0144205
0.0183873,0.0115123,0.00724807,0.0365763,0.0115946,0.0203422
0.01479,0.00789575,0.00797528,0.0497554,0.0132374,0.0105061
0.0199422,0.0134147,0.020062,0.0805146,0.0218735,0.0473254
0.0108905,0.00740519,0.00390045,0.0355582,0.00673596,0.00383348
0.0365544,0.0226963,0.0154039,0.0683252,0.0165578,0.0106588
0.00909769,0.00623305,0.0036639,0.0205762,0.00557062,0.00293049
0.0556192,0.0329679,0.0195678,0.0449521,0.0106387,0.0102192
0.033631,0.0175239,0.00982596,0.0506654,0.0126642,0.0179107
0.00628057,0.00431176,0.001975,0.0257142,0.0048253,0.0048315
0.00752848,0.00548276,0.00273902,0.0136245,0.00405109,0.0025816
0.0097126,0.00688874,0.00700887,0.0158571,0.00589933,0.00859595
0.0125907,0.00842994,0.00409287,0.0300421,0.00748139,0.00588049
0.033758,0.0218484,0.00958508,0.040559,0.0121462,0.0144663
0.00926897,0.00663194,0.00287088,0.020351,0.00394491,0.00881556
0.00651354,0.00458542,0.00343313,0.0139746,0.00383404,0.00206355
0.0145675,0.00943923,0.00609047,0.0389282,0.00917674,0.0074967
0.0183834,0.0123624,0.00900363,0.0508881,0.014865,0.0368943
0.0128041,0.00871554,0.00389794,0.0402867,0.0115177,0.00454325
0.00964674,0.00650835,0.00450423,0.0239485,0.00603803,0.00215185
0.0116247,0.0077641,0.00415517,0.0191812,0.00633971,0.0072439
0.017583,0.0119605,0.00401149,0.0249805,0.00702195,0.00871221
0.00950232,0.00652119,0.00313225,0.0184908,0.00413411,0.00584353
0.0253757,0.0173512,0.00879263,0.0466688,0.00968433,0.00436603
0.00598447,0.0042645,0.00377439,0.0123899,0.00477488,0.00338432
0.0178418,0.0122668,0.0248602,0.0859293,0.0234517,0.0312122
0.0107826,0.00768291,0.00631719,0.015513,0.00498855,0.0113181
0.012626,0.00858153,0.00631963,0.0247265,0.00610842,0.00849329
0.0096187,0.00611168,0.00340774,0.023878,0.00572903,0.001757
0.00496829,0.00361851,0.00320187,0.00592185,0.00340578,0.00212138
0.00721448,0.00493105,0.0027904,0.0174347,0.00418744,0.00251714
0.0372099,0.024137,0.0349994,0.122778,0.0342109,0.0184201
0.0106412,0.00755387,0.00699542,0.0197658,0.00689637,0.00645805
0.0201869,0.0137322,0.0105706,0.0478968,0.0133668,0.00594829
0.0108521,0.00752715,0.00428359,0.0205923,0.00534966,0.0153502
0.0265797,0.0172313,0.0125946,0.0564647,0.0143446,0.0078009
0.0379142,0.0242755,0.0127703,0.0570517,0.013705,0.00736311
0.00766898,0.0052453,0.00403292,0.0354407,0.0078066,0.0193554
0.0101466,0.00703565,0.00438472,0.0156553,0.00484641,0.0127681
0.0162049,0.0108182,0.00415827,0.0191812,0.00478975,0.00556796
0.0348838,0.0227589,0.0106963,0.0382175,0.0120776,0.0217047
0.0163306,0.0113144,0.00961737,0.00715512,0.00082467,0.0152097
0.0225258,0.015262,0.00669669,0.0336401,0.0101482,0.00682578
0.0326783,0.0202725,0.0104859,0.0845338,0.0249353,0.0198215
0.00838724,0.00551672,0.00407935,0.0127602,0.00390587,0.0045103
0.0192281,0.0103919,0.00827423,0.0373443,0.0121948,0.00499025
0.0241684,0.0130325,0.00991562,0.0390634,0.00985339,0.00608774
0.00401059,0.00301477,0.00429935,0.00616355,0.00237079,0.004071
0.0067782,0.00492311,0.0028213,0.0141357,0.00324874,0.00575769
0.0101867,0.00750591,0.00548211,0.0247089,0.00424323,0.00262905
0.0432395,0.0265902,0.0291046,0.156017,0.0436456,0.0745582
0.018285,0.0123509,0.00538253,0.0310262,0.00870026,0.0131603
0.0344671,0.0219847,0.0123113,0.0515142,0.0115416,0.00673465
0.0328879,0.0197708,0.0217057,0.0982916,0.0260584,0.041032
0.0211799,0.0142871,0.00779726,0.0517489,0.0137311,0.0167898
0.0189218,0.0126747,0.00592359,0.036726,0.00893215,0.00500058
0.0172242,0.0113376,0.00598583,0.0289339,0.00677354,0.00624445
0.0148429,0.0105541,0.00918656,0.0332038,0.00872812,0.00916866
0.0112761,0.00791405,0.0138056,0.072279,0.0179003,0.0309667
0.0126169,0.00849156,0.0175273,0.109482,0.0270046,0.0113424
0.0235294,0.0153505,0.00812421,0.050847,0.0118758,0.0251361
0.0156289,0.0103458,0.00571456,0.0317449,0.00746535,0.00610261
0.0211642,0.00990557,0.0076817,0.0360104,0.0112422,0.0103114
0.0305647,0.00911946,0.0114718,0.0446332,0.0134873,0.0105402
0.0206696,0.00801341,0.00794573,0.0302051,0.00849224,0.00527685
0.0207444,0.0105372,0.0104631,0.0499398,0.012453,0.0132664
0.0201269,0.0105287,0.00997452,0.0432598,0.0105102,0.0122715
0.0225402,0.0134316,0.024823,0.104345,0.0245918,0.0270158
0.0158443,0.0107463,0.0117346,0.066353,0.0150448,0.0285005
0.0235216,0.0154394,0.0082228,0.0281018,0.00543808,0.0113631
0.0115208,0.00784949,0.00350578,0.0235646,0.00808809,0.00845135
0.0112621,0.00750318,0.0141834,0.0718678,0.0204567,0.0301162
0.01721,0.0113204,0.00671624,0.039717,0.00960028,0.0199211
0.00737324,0.00518772,0.00368382,0.0238604,0.0039345,0.00203551
0.0158737,0.0101813,0.0111197,0.0687781,0.0189743,0.0368032
0.0087148,0.00600527,0.0035823,0.0204008,0.00435895,0.00527794
0.027149,0.0175775,0.015528,0.068459,0.0187291,0.0192513
0.0104275,0.00587637,0.00434342,0.01772,0.00388655,0.00637
0.00678993,0.00513014,0.00310453,-0.000731443,-0.00106456,0.00293709
0.0414971,0.0259589,0.0138351,0.0229572,0.00693958,0.00818257
0.0109057,0.00745481,0.0124179,0.0260498,0.00679666,0.00289926
0.008049,0.0056134,0.00187135,0.0188052,0.00534051,0.00664009
0.00803792,0.00535673,0.00394914,0.0139801,0.00338961,0.00319028
0.0231959,0.015154,0.0100583,0.0473475,0.0115015,0.0123635
0.0154956,0.009993,0.00554871,0.0309689,0.00937718,0.00972254
0.0274125,0.0174588,0.0274689,0.123096,0.0308647,0.0296044
0.008409,0.00607096,0.00322015,0.0161883,0.00361214,0.00209687
0.0369264,0.0163045,0.0116941,0.0691682,0.0188934,0.0229396
0.013768,0.00920974,0.00621015,0.030576,0.00886211,0.0141606
0.00886079,0.00587846,0.00351833,0.0372486,0.0114808,0.00698383
0.0101381,0.00700653,0.00454675,0.0250456,0.0041917,0.00498921
0.0200695,0.012879,0.00613156,0.0324743,0.00758475,0.0124708
0.0187801,0.0126527,0.00895261,0.0545512,0.0154953,0.0317631
0.0113014,0.00752162,0.00630684,0.0244046,0.00600437,0.00956826
0.0097598,0.00701963,0.0043748,0.0147651,0.00606754,0.00982189
0.00562934,0.00415446,0.00265167,0.0196378,0.00450413,0.00398971
0.00802114,0.00561194,0.00324622,0.0184425,0.00496555,0.00995991
0.0129187,0.0075775,0.0121193,0.0513147,0.0127079,0.0190671
0.0193188,0.0132182,0.00957972,0.0366049,0.00771788,0.0196563
0.0190314,0.0130654,0.00869904,0.0325883,0.00848526,0.00619528
0.0121086,0.00851114,0.00360383,0.0266361,0.008457,0.0184456
0.00446961,0.00332875,0.002766,0.00609173,0.00223725,0.00176172
0.0415479,0.0252081,0.0108683,0.0514365,0.012782,0.0203595
0.0215146,0.0145141,0.00890964,0.0557623,0.0130202,0.0147468
0.0430576,0.0257422,0.015462,0.0693775,0.0179753,0.0213889
0.0292808,0.0180077,0.0153434,0.0721148,0.0195953,0.0234522
0.0311016,0.0196156,0.00851974,0.0439065,0.0126857,0.00903778
0.0285327,0.0172304,0.010847,0.0584128,0.0149398,0.0169026
0.0127431,0.00790484,0.0145295,0.0505698,0.0141801,0.0151074
0.0141916,0.00769138,0.00655825,0.0147634,0.00369912,0.0113238
0.0148484,0.0104158,0.00495664,0.00502797,0.000804085,0.00113332
0.0294356,0.0176863,0.0173579,0.0780151,0.0201079,0.0125511
0.0308707,0.0156761,0.00915697,0.0587392,0.0157297,0.0157285
0.00943804,0.00366875,0.00331618,0.0198217,0.00499017,0.00331865
0.0141709,0.0100937,0.00525748,0.0282946,0.00728071,0.00900729
0.00996543,0.00683733,0.00167314,0.0119828,0.00313624,0.00448698
0.0399255,0.0164902,0.0137985,0.0518977,0.0141562,0.0240747
0.0417704,0.0165681,0.0142083,0.0524735,0.013107,0.0235379
0.014849,0.0105913,0.00518386,0.0273252,0.00538812,0.00685877
0.00685752,0.00500464,0.0034262,0.0112259,0.004144,0.006579
0.0351482,0.0230222,0.013936,0.0639767,0.0180905,0.0338665
0.00847721,0.00622454,0.00354755,0.0132586,0.00448272,0.00589129
0.0149521,0.010445,0.00537421,0.0222322,0.0073041,0.00538111
0.00612795,0.00415262,0.00277629,0.0149504,0.00470478,0.00246577
0.00725868,0.00459113,0.00553003,0.00354601,-0.000522311,0.00126052
0.00931199,0.00547359,0.00656218,0.00157182,0.000656474,0.00172118
0.0174169,0.0114937,0.00672994,0.0278965,0.0064732,0.00666269
0.0266672,0.0170795,0.0104069,0.0522824,0.0112084,0.0127813
0.0201687,0.01346,0.00731799,0.0565368,0.0149814,0.0199645
0.00671673,0.0045079,0.00248866,0.0154412,0.00498203,0.00344882
0.0246215,0.0134508,0.00679011,0.0560131,0.0150913,0.0229569
0.0349144,0.0229532,0.0121559,0.0589985,0.0134233,0.0114782
0.00839127,0.00603593,0.0030914,0.0262804,0.00540549,0.01178
0.0383986,0.024864,0.0188126,0.0679505,0.0165794,0.0332247
0.0252946,0.01723,0.0107576,0.0361673,0.00918812,0.00390988
0.00548609,0.00404275,0.00247429,0.0204247,0.00555606,0.00533602
0.0156024,0.0110463,0.00812245,0.047857,0.0106751,0.00799794
0.0400023,0.0245008,0.0337814,0.115565,0.0319577,0.0398499
0.0127526,0.00893251,0.0050165,0.0260502,0.00635813,0.00719168
0.0180046,0.0122982,0.0102429,0.0571052,0.0134585,0.0105998
0.0234853,0.0155952,0.00800859,0.03348,0.00668316,0.00894667
0.0112689,0.00762056,0.00676438,0.0250258,0.00660591,0.00470093
0.0130477,0.00882779,0.00267074,0.0311649,0.00913623,0.0150862
0.00728011,0.00485347,0.00269624,0.00824323,0.00240527,0.00188492
0.0134102,0.009248,0.00285049,0.0247675,0.00584869,0.00515509
0.00975466,0.00686904,0.00365997,0.0276529,0.00676261,0.0112258
0.0150554,0.0100409,0.00901605,0.0349455,0.010225,0.00470208
0.00795232,0.00605113,0.00172319,0.0238987,0.00589528,0.0107769
0.0142807,0.00996822,0.00435067,0.0212225,0.00662995,0.00483702
0.0180663,0.0114671,0.00761428,0.0302654,0.00836188,0.0122284
0.019416,0.0124321,0.00726427,0.0360395,0.0103114,0.0111144
0.0635888,0.0390604,0.0266263,0.0651542,0.0143773,0.0189393
0.00919832,0.0058306,0.00280875,0.019221,0.00423646,0.0034171
0.00714162,0.00508369,0.00318711,0.0129623,0.00392356,0.00430594
0.0118384,0.00847978,0.00466092,0.0241179,0.00523204,0.00705274
0.0113598,0.00776152,0.00388855,0.0196986,0.00417808,0.00312851
0.0121521,0.00853425,0.00593534,0.0366067,0.0089419,0.0261602
0.0120875,0.00857083,0.00354014,0.0160016,0.00365526,0.00938645
0.0402879,0.0244295,0.0160349,0.0628774,0.0173456,0.0165932
0.00875109,0.00585239,0.00414678,0.0404121,0.0116919,0.0115685
0.0162949,0.0115197,0.00792314,0.0279902,0.00751581,0.016695
0.0217765,0.00918115,0.00920266,0.0551947,0.0134384,0.0149694
0.0349348,0.0209163,0.0236799,0.1216,0.0323164,0.0865058
0.0238688,0.0165186,0.00870713,0.0297504,0.00821542,0.00773811
0.00570622,0.00382199,0.00327819,0.0150806,0.00469359,0.00462619
0.0319102,0.0197952,0.0161464,0.0812923,0.0191117,0.0114349
0.0220492,0.0148089,0.010364,0.0388002,0.00802701,0.0110615
0.0119532,0.00841449,0.011163,0.0245677,0.00623607,0.00349067
0.0275371,0.0185342,0.0107191,0.0454763,0.0122725,0.0173555
0.0167277,0.011664,0.00850044,0.0267989,0.00690457,0.00469107
0.016909,0.0114392,0.00528,0.0209309,0.00649838,0.00474964
0.0153968,0.0104383,0.0165339,0.103832,0.0261251,0.0467377
0.00797753,0.00569741,0.00280792,0.0260188,0.00953325,0.00912938
0.0212443,0.0145381,0.0139398,0.0476776,0.0131839,0.0185728
0.0137774,0.00920164,0.00459544,0.0183536,0.00600264,0.0175661
0.027769,0.0187406,0.00960091,0.0563129,0.0141379,0.031486
0.0117894,0.00777096,0.00537214,0.0216061,0.00605804,0.00662431
0.0299845,0.0196365,0.0188793,0.083449,0.0210322,0.0273366
0.00438897,0.00345201,0.00396822,0.0373395,0.00942837,0.00659934
0.016014,0.0109545,0.0062277,0.032632,0.0077009,0.0210992
0.0204332,0.0133906,0.0118035,0.0597857,0.0138414,0.0199837
0.0286674,0.0188022,0.00968225,0.037486,0.011604,0.017177
0.00853648,0.00555818,0.00437623,0.0150032,0.00460225,0.00496785
0.0159306,0.0102044,0.00382931,0.024703,0.00753089,0.00643144
0.0203369,0.0131731,0.0122112,0.0373357,0.00940834,0.0233282
0.0316792,0.0159037,0.0238799,0.0961885,0.0255699,0.0155376
0.0190214,0.0132803,0.0108555,0.0237813,0.00702197,0.00958495
0.0080712,0.00531556,0.00371127,0.0145184,0.0041754,0.00125649
0.00658986,0.00475377,0.00154299,0.00533284,0.00238934,0.00345686
0.00934635,0.00691806,0.00344171,0.018393,0.0037933,0.00360647
0.00534948,0.00383531,0.00291588,0.000777982,0.000822078,0.00509721
0.0183808,0.0118728,0.010812,0.0566557,0.0135794,0.0117213
0.00908075,0.00612779,0.00700416,0.0223128,0.00508008,0.00321991
0.00574859,0.00404458,0.00249665,0.0120041,0.00387662,0.00225306
0.0214178,0.0135728,0.0140546,0.066471,0.014477,0.021927
0.0214756,0.0145986,0.00589635,0.0308654,0.00837383,0.00546149
0.0216236,0.0142499,0.0216857,0.114851,0.0321005,0.0482275
0.0387888,0.0241134,0.0107869,0.0526918,0.0135625,0.0331785
0.0505449,0.0295362,0.0312132,0.110946,0.0297745,0.0485804
0.00546728,0.00394025,0.00521325,0.0201291,0.00623157,0.00221921
0.028591,0.0188534,0.0124886,0.0611074,0.0159116,0.0160699
0.0098426,0.00657683,0.00322062,0.0257262,0.00511063,0.00677171
0.0246096,0.0153122,0.0130911,0.0389708,0.0103263,0.0166166
0.0280033,0.0152803,0.0133942,0.0397013,0.00995544,0.0181132
0.0457143,0.0282996,0.0180491,0.0727623,0.0174302,0.0285358
0.00437994,0.00345008,0.00179243,0.0134179,0.00181823,0.00392755
0.0185289,0.0120937,0.00716532,0.0292938,0.00890953,0.00339796
0.00940599,0.00684886,0.00938831,0.0297553,0.00781021,0.0111992
0.0196,0.0129548,0.0141131,0.0888435,0.0227632,0.0269833
0.00961587,0.00639206,0.00331571,0.0158191,0.00233845,0.00311467
0.0147086,0.0103517,0.00482915,0.0162161,0.00529886,0.0114769
0.00706881,0.00509815,0.00254411,0.0140728,0.00380674,0.00417413
0.00980813,0.00656105,0.00366749,0.0194506,0.00615967,0.00313015
0.0136122,0.00959755,0.0039921,0.0165523,0.00503126,0.00922802
0.00468389,0.00312832,0.00258696,0.00335808,0.000452298,0.0022739
0.029623,0.0201988,0.0196858,0.0784686,0.0226301,0.0240481
0.0239778,0.00880565,0.00668147,0.0410047,0.0117197,0.0172614
0.0237361,0.0088726,0.00655808,0.0395776,0.010535,0.0142303
0.0099133,0.00750259,0.00468884,0.0221042,0.00771044,0.00479511
0.0177792,0.0113749,0.00735626,0.0326216,0.00741791,0.00936353
0.0240144,0.0162602,0.0119965,0.0428195,0.00920386,0.00843429
0.0081229,0.00572245,0.00317517,0.014035,0.00368231,0.00576655
0.0429424,0.0268813,0.0133998,0.057875,0.0162056,0.0158381
0.0171703,0.0122089,0.00501143,0.0284254,0.0069462,0.0212091
0.00835458,0.00580858,0.00247386,0.0104057,0.00288779,0.00425231
0.0131158,0.00897197,0.00378919,0.0311148,0.00817625,0.0156759
0.0230752,0.0148334,0.00924713,0.0444542,0.0108188,0.00972958
0.0160268,0.0108732,0.00450888,0.0287001,0.00663437,0.00587209
0.0230391,0.0140764,0.00794627,0.0382697,0.010535,0.00905116
0.0110665,0.00792033,0.00389027,0.0222478,0.00641418,0.00582339
0.0172995,0.0118031,0.00934773,0.0427697,0.0109979,0.013092
0.00533737,0.00356758,0.00304978,0.0174313,0.00384827,0.00485574
0.0124079,0.00828135,0.00385316,0.0175103,0.00410814,0.00570634
0.0154022,0.0107672,0.00553304,0.0253277,0.0071374,0.00659793
0.0145429,0.00976852,0.00850564,0.0107689,0.00103287,0.00573896
0.00679537,0.00445324,0.00279557,0.0157584,0.00502334,0.00373992
0.0052404,0.00399674,0.00274045,0.0198768,0.00540571,0.00261829
0.00629036,0.00403515,0.00160379,0.00474601,-0.000979317,0.00288956
0.0158352,0.0108258,0.00526891,0.027938,0.00660906,0.00729181
0.0177958,0.012122,0.00609314,0.0188293,0.00466274,0.0160446
0.00537434,0.00404858,0.00111686,0.0117502,0.00221437,0.000914413
0.0189756,0.0133951,0.00794992,0.0285574,0.00769041,0.0119322
0.018754,0.0124675,0.0059891,0.0406137,0.011508,0.00548721
0.00753873,0.00492332,0.00273749,0.0281048,0.00672403,0.012903
0.0204913,0.0135642,0.00724498,0.0215709,0.0055625,0.0128505
0.0129169,0.0089616,0.0135724,0.0500919,0.0142365,0.0286595
0.00819163,0.00573809,0.00223687,0.0159977,0.00447237,0.00155201
0.00754962,0.00488234,0.00422593,0.00805716,0.00283532,0.00320074
0.0110259,0.00741672,0.0046122,0.0148661,0.00305009,0.00341038
0.0109717,0.00740335,0.00494053,0.0269999,0.00578513,0.00556641
0.00781445,0.0054933,0.00328773,0.00769176,0.00283445,0.00410833
0.00764915,0.00540106,0.00504842,0.0270917,0.00541811,0.00513755
0.021869,0.0152233,0.00797122,0.0250312,0.00616717,0.00404767
0.0156582,0.010982,0.00838953,0.0282533,0.00932021,0.00760138
0.0368152,0.022777,0.0146024,0.0524249,0.0126005,0.0192283
0.00532651,0.00420661,0.00202763,0.0117687,0.00299367,0.0022978
0.015968,0.0107513,0.00706164,0.0309477,0.00801374,0.0162711
0.00638444,0.00442892,0.00431959,0.00967641,0.00248377,0.0039943
0.023813,0.0142943,0.00735713,0.0626591,0.0155455,0.0195585
0.0143757,0.00657473,0.00708206,0.0329131,0.00818786,0.0124858
0.0346408,0.0211311,0.0391002,0.105995,0.0280711,0.0613795
0.00952592,0.00688149,0.026144,0.0807383,0.0226373,0.0226204
0.0221766,0.0148772,0.0145833,0.0427708,0.0126126,0.00797705
0.0500601,0.0279003,0.0325843,0.170176,0.0444324,0.0519648
0.0133946,0.00916806,0.013276,0.0796359,0.0179885,0.0138195
0.0186779,0.0126835,0.00489559,0.0442939,0.0110533,0.00945165
0.0496966,0.0297818,0.0387617,0.108764,0.0298497,0.0637213
0.0278481,0.0186349,0.0122702,0.0560892,0.0133255,0.0175575
0.017786,0.0117401,0.00962292,0.032627,0.00753013,0.00656997
0.0176961,0.0118936,0.0125605,0.0483956,0.0130431,0.0148094
0.00502906,0.00379027,0.014417,0.0711729,0.0178265,0.0270848
0.0119226,0.0083501,0.00463395,0.0124146,0.00277366,0.00315051
0.0148462,0.0102018,0.00608259,0.0234543,0.00660476,0.0109974
0.00609143,0.00444857,0.0015098,0.0147457,0.00228947,0.00200115
0.0135091,0.00908283,0.00455362,0.0406099,0.0100137,0.00722309
0.00479781,0.00332337,0.00213515,0.0158137,0.00342903,0.00551246
0.0118083,0.00790796,0.00626666,0.0305647,0.00820426,0.00734722
0.0281984,0.0182819,0.00847224,0.0419089,0.00891394,0.00626442
0.0173894,0.0117577,0.0225355,0.0622902,0.0187949,0.017421
0.0141129,0.00960919,0.00461271,0.0267626,0.00617172,0.00594105
0.0130418,0.00881263,0.00461048,0.0254401,0.00510852,0.00255657
0.0134989,0.00918681,0.00409863,0.0201089,0.0045716,0.00422089
0.0320485,0.0207475,0.0208699,0.0876561,0.0235742,0.0134334
0.0309374,0.0203133,0.0101571,0.0523985,0.0144217,0.00576511
0.0176881,0.0098328,0.00777241,0.0723246,0.0181795,0.0125823
0.0170067,0.0113847,0.00717469,0.0324795,0.00755389,0.00605948
0.0160517,0.0110199,0.00617655,0.0445429,0.0142927,0.0256993
0.019004,0.0129139,0.00536135,0.0220745,0.00424576,0.00933735
0.0140446,0.00954498,0.00456971,0.0223012,0.00559949,0.00433841
0.00882581,0.00621111,0.00338482,0.0121835,0.00332716,0.00372913
0.00810767,0.0055394,0.00303505,0.00664447,0.00299169,0.0035362
0.00909719,0.00639971,0.00365236,0.0246449,0.0064795,0.00436433
0.01108,0.00734897,0.00419902,0.0292734,0.00832514,0.00512331
0.0125705,0.00883229,0.00373062,0.0230805,0.00706184,0.00778987
0.0453662,0.0255343,0.0352952,0.182926,0.0499532,0.0628787
0.0122583,0.00827331,0.00524919,0.0379367,0.0100266,0.00478081
0.0192791,0.00810336,0.00827591,0.0172957,0.00413089,0.00952479
0.0249951,0.00811817,0.00922634,0.028952,0.00799308,0.0115144
0.034985,0.0215677,0.0116868,0.0417171,0.0104415,0.0156145
0.0294964,0.0187519,0.0103567,0.0616967,0.0192882,0.0204225
0.0561935,0.0328102,0.0194565,0.099712,0.0247671,0.0297226
0.0113008,0.00762671,0.00432232,0.0180761,0.00450228,0.00304885
0.0105822,0.00722436,0.0116496,0.0552603,0.0139569,0.0104322
0.0316456,0.0207187,0.0211163,0.0814234,0.0215496,0.0442605
0.0397247,0.0256358,0.020126,0.0731844,0.0191729,0.0359445
0.0106256,0.00739873,0.00306084,0.0137955,0.00221777,0.00418212
0.0227722,0.0147528,0.0289234,0.116563,0.0320298,0.0612175
0.0181773,0.0119712,0.0127833,0.0592944,0.0173461,0.0169258
0.0166208,0.0115489,0.00814428,0.0528004,0.0135368,0.0187694
0.0274266,0.0145776,0.0214601,0.0982967,0.0247588,0.0486712
0.0311964,0.017875,0.012208,0.0449813,0.0115632,0.0107775
0.0368796,0.0241317,0.0132645,0.0449056,0.0114639,0.014887
0.00830023,0.00575897,0.00334214,0.0159359,0.00188739,0.00448026
0.011222,0.00497533,0.00420455,0.0286663,0.00828815,0.00766376
0.0174713,0.00994293,0.00670101,0.0293801,0.00809311,0.00752502
0.0210908,0.013885,0.00763999,0.0290871,0.00724427,0.00677882
0.0181452,0.0117868,0.00528107,0.0248831,0.00778228,0.0034604
0.00649276,0.00466738,0.00201043,0.0185001,0.00320408,0.00646682
0.0106772,0.00702422,0.00313275,0.0223542,0.00694112,0.00767192
0.0117774,0.00806528,0.00307759,0.0184803,0.00577295,0.00813994
0.0067549,0.00450535,0.00222335,0.00566755,0.00271779,0.00223499
0.00417077,0.00308327,0.00216492,0.0147454,0.00201228,0.00250624
0.0139814,0.00940891,0.00468376,0.0283395,0.00641237,0.00474438
0.0154354,0.00628691,0.00470468,0.0319219,0.00883094,0.00684184
0.0156264,0.00625821,0.0046992,0.0304244,0.00732684,0.00692556
0.0151625,0.0104168,0.0108339,0.0801683,0.0181083,0.0221407
0.0152442,0.0106237,0.00714249,0.0319533,0.00661982,0.00442456
0.0143586,0.01012,0.00443726,0.0231068,0.00589405,0.0161169
0.0158254,0.0105249,0.00488388,0.0306162,0.00684057,0.00351817
0.0126648,0.00873001,0.004306,0.0248428,0.00681644,0.00516035
0.00825228,0.00593296,0.00308361,0.0203671,0.00373828,0.00216597
0.0286436,0.0175154,0.0248595,0.0763301,0.0192547,0.0659398
0.0165076,0.0108424,0.00468512,0.0427395,0.0104333,0.00748881
0.013662,0.00929915,0.00405411,0.0113908,0.00587294,0.00304178
0.0128644,0.00879631,0.00493231,0.021565,0.0056375,0.00740112
0.0302487,0.0194313,0.0122851,0.0357964,0.01147,0.018034
0.0155825,0.0104209,0.00518395,0.0211384,0.00429896,0.0062638
0.0225256,0.01461,0.0172108,0.0807091,0.022124,0.039948
0.0731838,0.0329055,0.103655,0.347185,0.0883162,0.107071
0.0113386,0.00801106,0.00452111,0.020548,0.00432582,0.00342588
0.0117711,0.00846536,0.00509386,0.0328424,0.0101017,0.0249445
0.0102008,0.00667243,0.00313862,0.0226012,0.00668033,0.00782589
0.011003,0.00741655,0.00427793,0.0142869,0.00282403,0.0101497
0.017232,0.0113981,0.00511167,0.0585385,0.0160776,0.00830113
0.011591,0.00775224,0.00716523,0.0205216,0.00654554,0.00177332
0.0258426,0.0121128,0.0469729,0.16941,0.0463787,0.0627247
0.0236567,0.0105798,0.0376618,0.115437,0.0269275,0.0469449
0.019161,0.0104246,0.00948656,0.0665927,0.0223519,0.019851
0.0195174,0.011183,0.02643,0.106771,0.0250241,0.0397315
0.0455462,0.0285572,0.0135498,0.0559669,0.0149248,0.0243877
0.0495414,0.0190079,0.0211573,0.0878417,0.0237816,0.0260939
0.0510362,0.0190402,0.021593,0.0837113,0.019894,0.0254386
0.0318118,0.0202777,0.0124037,0.0949711,0.0246346,0.0366454
0.0117683,0.00797971,0.00447653,0.0128204,0.00257978,0.00201417
0.0106909,0.00728369,0.00237053,0.0249619,0.00535047,0.00470845
0.0155392,0.0109381,0.0170371,0.0747179,0.0209821,0.0340859
0.0126036,0.00897918,0.0041271,0.0206543,0.00526538,0.00642586
0.0244785,0.0162022,0.0148242,0.0899739,0.0254584,0.031033
0.0082678,0.00590808,0.00365929,0.0189456,0.00469956,0.00539422
0.0265577,0.0168686,0.0131146,0.0377461,0.00856632,0.0337613
0.0217796,0.0142099,0.00527817,0.0383677,0.00863093,0.0070586
0.0205214,0.0127184,0.00731275,0.0413278,0.00807701,0.00233688
0.014892,0.00687634,0.00580002,0.0246628,0.0033857,0.00331985
0.0244012,0.0165246,0.0124014,0.0431828,0.00943957,0.0227518
0.00941609,0.00630554,0.00516111,0.0239358,0.0050786,0.00267844
0.0307002,0.0201502,0.0121338,0.0690893,0.0162183,0.0148791
0.00982315,0.00670853,0.0056249,0.0319871,0.00746608,0.00679375
0.0179596,0.0119347,0.00686019,0.0327541,0.00903989,0.00457578
0.0177528,0.0112796,0.00614701,0.0382135,0.0118288,0.00585587
0.00571985,0.00387596,0.00436095,0.0323754,0.00784437,0.0038002
0.0342352,0.0190707,0.0241435,0.159783,0.0369527,0.030964
0.0103829,0.00742672,0.00313057,0.0234146,0.00615211,0.00426191
0.0239183,0.015366,0.00773226,0.0308452,0.00883429,0.0160111
0.0256932,0.0170969,0.0174047,0.0830863,0.0224034,0.0197462
0.0394862,0.025461,0.0183529,0.0893776,0.0214339,0.0388653
0.0190951,0.0127543,0.00517292,0.0356547,0.00827239,0.0104863
0.0297447,0.017558,0.027194,0.128917,0.0326357,0.0839239
0.0214867,0.0142176,0.00682441,0.0585617,0.0151026,0.0132207
0.0235964,0.0155367,0.0124971,0.0600719,0.0156292,0.026885
0.0124378,0.00879822,0.00306552,0.013314,0.00233042,0.00326103
0.00422348,0.00330918,0.00148689,0.00993119,0.00314084,0.00336423
0.00752845,0.00529363,0.00282709,0.0154305,0.00429626,0.00624929
0.00786259,0.00573751,0.00309432,0.0220374,0.00405851,0.00235903
0.00886894,0.00571482,0.00262391,0.0203875,0.00608731,0.00492879
0.0123089,0.00828891,0.00577391,0.0256384,0.00822112,0.00881188
0.0256295,0.0135148,0.018395,0.0591945,0.0145464,0.0158624
0.0248552,0.0111182,0.0156664,0.0617762,0.0159005,0.0206464
0.0146581,0.00820295,0.00756097,0.0555028,0.0126823,0.0266697
0.0147729,0.00978385,0.00830034,0.0291388,0.00820411,0.0179306
0.0348923,0.0227386,0.0145072,0.059348,0.0134768,0.00896874
0.0117585,0.00831981,0.00483906,0.0133539,0.00414041,0.008361
0.0257768,0.0167761,0.00835453,0.0336177,0.010442,0.0107458
0.0214215,0.0150546,0.0122591,0.0609067,0.0133651,0.00548383
0.00523174,0.00359405,0.00200776,0.0186093,0.00540502,0.0114325
0.00660323,0.00479252,0.00265746,0.0181805,0.00241585,0.00504302
0.0510935,0.0189597,0.0292299,0.142334,0.042095,0.0394805
0.0526489,0.0190165,0.0301661,0.149337,0.0414659,0.0417033
0.0236829,0.0140328,0.00780167,0.050255,0.013323,0.0360939
0.018964,0.00887066,0.0062955,0.0207908,0.00502682,0.0130332
0.0356468,0.0225301,0.00901829,0.0566426,0.0134941,0.0218301
0.0086596,0.00593123,0.00283112,0.0127773,0.00320162,0.00776174
0.00543663,0.00396621,0.00227594,0.0182752,0.00320782,0.0028352
0.0175949,0.0114479,0.0292044,0.0950587,0.0246385,0.0580478
0.026309,0.0171568,0.00836752,0.0406942,0.0112941,0.0117229
0.0276163,0.0177079,0.0184514,0.0797164,0.0202342,0.0230251
0.0323243,0.0219326,0.0173399,0.0584411,0.0161095,0.0231476
0.0165793,0.0113152,0.00525337,0.0231314,0.00645219,0.00393389
0.0148221,0.0105066,0.00906582,0.036779,0.0131316,0.0253764
0.0108088,0.00741135,0.00272301,0.0270814,0.00742837,0.00957664
0.0056593,0.00426453,0.00277004,0.0110403,0.00442132,0.0105445
0.0256609,0.0168617,0.00704888,0.0421725,0.0123103,0.0228938
0.0474071,0.0250041,0.0146984,0.127542,0.0335051,0.068348
0.032604,0.0215048,0.00778577,0.0616192,0.0137543,0.0116624
0.00605295,0.00406536,0.00281787,0.0160175,0.00372901,0.00499757
0.00911155,0.0061958,0.00278361,0.00136345,0.00125735,0.00463056
0.0352858,0.0224835,0.0172282,0.12699,0.0301908,0.0137985
0.0144404,0.00970828,0.00526849,0.0160965,0.00221911,0.00813165
0.0114095,0.00785754,0.00429881,0.0247419,0.00595945,0.00474363
0.00647179,0.00443266,0.00328916,0.0173086,0.00414625,0.00625138
0.00943384,0.00673918,0.00347246,0.0242074,0.00362226,0.00270204
0.0117989,0.00767502,0.00299878,0.0140186,0.00289801,0.00479878
0.00673917,0.00454227,0.00164047,0.0195139,0.00443471,0.00685369
0.0113581,0.00765413,0.00402388,0.0166598,0.00659014,0.00381073
0.0461648,0.0293146,0.0197342,0.101383,0.0244794,0.0235735
0.00790262,0.00580759,0.005816,0.0292935,0.00632931,0.00410877
0.0473505,0.0276315,0.014851,0.0739352,0.0181696,0.0267067
0.0111848,0.00770466,0.00322263,0.0337948,0.00775194,0.00813218
0.0218393,0.0136729,0.00694502,0.0997748,0.025789,0.00979251
0.0234851,0.0160611,0.00984275,0.0425239,0.0134416,0.0130566
0.0125158,0.00861216,0.00396311,0.0286575,0.00811256,0.00132045
0.00621657,0.00442381,0.00339113,0.0147944,0.00418502,0.00634876
0.0116286,0.00826486,0.00650437,0.0247597,0.00541143,0.00352176
0.0126652,0.00879598,0.0065461,0.0194942,0.00517633,0.00361275
0.0444614,0.0281294,0.0120331,0.0639564,0.0167824,0.0178699
0.0270389,0.0179991,0.00774011,0.0579596,0.0176174,0.0338643
0.0162174,0.010909,0.00579785,0.0235355,0.00738714,0.0139158
0.00743965,0.00531784,0.00325765,0.0187751,0.004595,0.00804145
0.0122782,0.0086321,0.00419386,0.0206318,0.00578223,0.000265138
0.00789978,0.00544153,0.00592296,0.0190676,0.00430761,0.00931283
0.0158172,0.0104889,0.00464058,0.0367845,0.0104078,0.00646832
0.00954946,0.00639444,0.00308678,0.020107,0.00524959,0.000704451
0.0381498,0.0252837,0.0218849,0.0710735,0.0200049,0.0275501
0.0126149,0.00852031,0.00448426,0.0297884,0.00854526,0.0123663
0.0128238,0.00866673,0.00472532,0.0229274,0.00663408,0.00593646
0.0172734,0.0114378,0.00546315,0.0373376,0.00908037,0.0121101
0.0154015,0.0105356,0.00482623,0.0136716,0.00414465,0.00429544
0.00525908,0.00356186,0.00268827,0.0215962,0.0102625,0.0132968
0.0450268,0.0280824,0.018281,0.0462217,0.0127051,0.0104456
0.0161866,0.0108949,0.00540574,0.0261207,0.00811055,0.00436883
0.00438696,0.00311314,0.00218128,0.0125316,0.00271366,0.00666682
0.0234622,0.0125222,0.00958063,0.0592716,0.0172923,0.0138691
0.0465763,0.0270223,0.0172822,0.0771674,0.0189706,0.0219608
0.0256892,0.0171789,0.00725754,0.0230802,0.00534291,0.00604889
0.0253563,0.016126,0.0165894,0.0591074,0.0152218,0.0258158
0.0136569,0.00918552,0.00466089,0.0267225,0.00661137,0.00846331
0.0129807,0.00892048,0.00833262,0.0298831,0.00493923,0.00931986
0.0166072,0.0111885,0.0042794,0.0208367,0.00470817,0.00256637
0.0134795,0.00877791,0.00552592,0.0182419,0.00507565,0.00642077
0.02552,0.0166236,0.00701622,0.0274536,0.00734839,0.0044974
0.00850588,0.00548985,0.0018027,0.0193995,0.00550503,0.0070716
0.0137541,0.0094961,0.00324999,0.0295547,0.00915044,0.00791705
0.0232807,0.0148479,0.00726689,0.0445546,0.010537,0.0217966
0.0247896,0.016475,0.00881299,0.0377199,0.00914902,0.00473352
0.0226255,0.0146166,0.00882009,0.0408634,0.010456,0.00856164
0.0143197,0.00984974,0.00625242,0.0245763,0.00583505,0.00984784
0.0143982,0.0102035,0.00704635,0.0275922,0.00537784,0.00799802
0.0165113,0.0115827,0.00844938,0.0334839,0.00975253,0.00785099
0.0134615,0.00900149,0.00347505,0.0383931,0.00828964,0.014233
0.00719195,0.00507507,0.00290583,0.012108,0.00342484,0.00874321
0.0127058,0.00885942,0.00707813,0.0268193,0.00582912,0.00513383
0.0180598,0.0116454,0.0062104,0.0333804,0.00730647,0.00452253
0.00603327,0.00422242,0.00178732,0.0204142,0.00646693,0.00490738
0.00711823,0.00469301,0.0029863,0.00465734,0.000314637,0.00500596
0.0138844,0.00993969,0.00479995,0.0300513,0.00640581,0.00268713
0.00688506,0.00455581,0.00199643,0.0288215,0.004556,0.00451435
0.0145634,0.0100576,0.00406402,0.0202956,0.00544597,0.00384603
0.0452873,0.0287767,0.0290011,0.115263,0.0277761,0.0125632
0.0146966,0.0103793,0.00540734,0.0172812,0.00486288,0.000480908
0.0179242,0.0120583,0.0057862,0.0321217,0.00739766,0.00531219
0.00426786,0.00300335,0.00477289,0.0389575,0.00853537,0.00528513
0.00733729,0.00532823,0.00312291,0.0184801,0.00368239,0.00302468
0.00794849,0.00542836,0.0026851,0.0160719,0.00450917,0.00203694
0.0123011,0.00790859,0.00454048,0.0230393,0.00655874,0.00419571
0.021984,0.0143355,0.00795548,0.0482581,0.013062,0.0102127
0.0505197,0.0303892,0.0167038,0.0702949,0.0188043,0.0177934
0.00560749,0.00390131,0.00294577,0.0138796,0.00369662,0.001654
0.0402203,0.0235559,0.0153659,0.079818,0.0202708,0.0224066
0.0133494,0.00858675,0.00569346,0.0367667,0.00789617,0.0114642
0.0158622,0.010863,0.0173897,0.0841837,0.0246335,0.0175472
0.00814009,0.00527371,0.00364682,0.0252587,0.00462794,0.00275746
0.0215611,0.0144733,0.00950826,0.0404046,0.0082818,0.0246277
0.0248277,0.0163748,0.00743338,0.0322823,0.00749909,0.00903082
0.00940391,0.00676839,0.00199562,0.0311085,0.00899231,0.00701334
0.014936,0.00983435,0.00430997,0.0180524,0.00733349,0.00845844
0.00829391,0.00520593,0.00416162,0.0136043,0.00442013,0.0059616
0.0196317,0.013313,0.00809365,0.071487,0.0169693,0.00985216
0.0196975,0.0132963,0.00681097,0.0311229,0.00692787,0.0102206
0.00938452,0.00654955,0.00294413,0.0143382,0.00394998,0.00248967
0.0324789,0.0197988,0.0396426,0.156976,0.0419512,0.0746693
0.0148501,0.00999788,0.0035173,0.0286599,0.00745599,0.00786205
0.0322388,0.0197509,0.0134078,0.0670459,0.0189303,0.0296369
0.010268,0.00715938,0.00412306,0.025223,0.00524422,0.00731296
0.0164712,0.0109598,0.00509031,0.0342205,0.00978344,0.00669863
0.0198847,0.0129983,0.0138312,0.0593589,0.0163375,0.0339756
0.005474,0.00350875,0.00144259,0.0121355,0.0036777,0.00675034
0.0301006,0.0198905,0.0103839,0.0301666,0.00900776,0.00987151
0.00426558,0.00328001,0.00254674,0.0175122,0.00434838,0.00250655
0.0123225,0.00901173,0.0141906,0.0247061,0.00589568,0.00119079
0.00920988,0.00644135,0.00978806,0.0437577,0.0114367,0.00715071
0.0242799,0.0155138,0.00821583,0.0341939,0.00950556,0.0192299
0.0204552,0.0133115,0.00688507,0.0324905,0.00998647,0.017615
0.0152641,0.00998213,0.00883123,0.0666796,0.0172389,0.0154183
0.0371415,0.0226091,0.011261,0.0545652,0.0143939,0.025099
0.0205585,0.0135412,0.0041981,0.0429265,0.0110412,0.00933814
0.0133856,0.00897274,0.0083063,0.0266484,0.0089313,0.0173684
0.043104,0.0197943,0.0116263,0.0524438,0.0141171,0.0150609
0.0442018,0.0198057,0.0114562,0.0521494,0.0143642,0.0144568
0.0122506,0.00831318,0.00368067,0.0241226,0.00505883,0.00297778
0.0184376,0.0124767,0.0105056,0.0409243,0.0110156,0.00786104
0.0188715,0.0124916,0.00819371,0.0266203,0.0065334,0.00776912
0.0175067,0.0119619,0.00579287,0.0275075,0.00535572,0.00502607
0.00897001,0.00624212,0.00456772,0.0238217,0.00714778,0.00422285
0.00805827,0.00552883,0.00217279,0.0212585,0.00374908,0.00612216
0.00495592,0.00369797,0.00255509,0.0143059,0.00407367,0.00385648
0.010077,0.00652299,0.00466364,0.0168907,0.00361798,0.00721386
0.0209006,0.0135296,0.00801417,0.0368216,0.0110825,0.0238518
0.0239765,0.0159769,0.00814042,0.0360291,0.0103466,0.0097301
0.0133683,0.00913996,0.00432024,0.0192055,0.0050363,0.00332529
0.0101633,0.00663608,0.00415266,0.0252516,0.00515468,0.00549993
0.00799851,0.00531172,0.00387982,0.00967994,0.00248433,-0.000124148
0.0448179,0.0270812,0.0221763,0.122642,0.031583,0.0270778
0.0237667,0.0157717,0.00605138,0.0420945,0.0110697,0.0213318
0.00568613,0.00408436,0.00163308,0.013434,0.00241295,0.00323461
0.0229365,0.0156375,0.0114396,0.0540305,0.0163182,0.0291006
0.0137586,0.00938172,0.00508132,0.0245329,0.00417712,0.00537156
0.0221838,0.00981345,0.00598691,0.0503633,0.013089,0.0170692
0.0321562,0.0187714,0.0116922,0.0604224,0.0126702,0.0154407
0.0105008,0.00680022,0.00463266,0.0219169,0.0058737,0.00586792
0.0239086,0.0155233,0.00767649,0.04147,0.0101963,0.0240921
0.0185522,0.0127168,0.00688515,0.0138408,0.00474215,0.00898873
0.0145367,0.0102869,0.00516347,0.0170042,0.00538774,0.00987091
0.014419,0.0094847,0.00330756,0.0168062,0.00666308,0.00527282
0.0089229,0.00607944,0.00320211,0.0348047,0.00918298,0.00874734
0.0121534,0.00795954,0.00470715,0.0241423,0.00589355,0.00608058
0.00680807,0.00490765,0.00240555,0.0160666,0.00415768,0.005214
0.00864996,0.0060665,0.00399403,0.0164492,0.00517222,0.00306675
0.0291847,0.0194321,0.0173469,0.0687552,0.0199012,0.0286638
0.0497055,0.0240283,0.0238874,0.13924,0.0349127,0.0616839
0.00548842,0.00383379,0.00263677,0.0102225,0.00356269,0.00595559
0.0158183,0.0106137,0.00906543,0.0364708,0.00903052,0.0108339
0.0374893,0.022049,0.0162018,0.0986845,0.0297091,0.048912
0.046578,0.0231574,0.0188633,0.103205,0.0292792,0.0535452
0.0489285,0.0298279,0.0161507,0.0774162,0.0204796,0.0256944
0.0180396,0.00830467,0.00746285,0.037038,0.00880392,0.0112258
0.0204632,0.0101026,0.00716489,0.0323803,0.00694015,0.00704877
0.0212731,0.0143293,0.0168424,0.0642234,0.0178821,0.0188982
0.0448158,0.028879,0.0174572,0.0437317,0.0124684,0.0269154
0.0373799,0.021075,0.041534,0.154788,0.0387176,0.035318
0.0210113,0.0135883,0.00490513,0.0320906,0.00861616,0.00687054
0.015314,0.00776138,0.0092318,0.0618885,0.0186162,0.0245804
0.0231519,0.0128299,0.0129236,0.0789274,0.0207289,0.0281872
0.0140574,0.00959995,0.00486876,0.0155527,0.00638554,0.00104558
0.0215761,0.0151146,0.00921863,0.0478612,0.0115374,0.0119572
0.075992,0.0429695,0.0245625,0.0976466,0.0221554,0.027398
0.0431486,0.0322356,0.0128879,0.0451811,0.00734255,0.0100766
0.0273564,0.0180287,0.0112864,0.0428924,0.0102823,0.0127083
0.0228378,0.0150132,0.00582327,0.0373702,0.010312,0.00495927
0.00957323,0.00621783,0.00373175,0.0153063,0.00231094,0.00502034
0.00956875,0.006118,0.00224693,0.0186345,0.00458808,0.00947458
0.0109599,0.00734379,0.00393986,0.0231628,0.0049852,0.0110869
0.00768357,0.00528716,0.00421585,0.0199326,0.00712008,0.0122855
0.0232718,0.01536,0.00786167,0.0281323,0.00536468,0.0186087
0.0481715,0.0251307,0.018641,0.104724,0.0261152,0.0293385
0.0116545,0.00821186,0.00419043,0.0223711,0.00506211,0.0049151
0.0378983,0.0229769,0.0112929,0.0752519,0.019995,0.0193329
0.00894762,0.00344482,0.004297,0.0321195,0.00606758,0.00753358
0.00936589,0.00337747,0.00447987,0.0310614,0.00588963,0.00778938
0.00848364,0.00592272,0.00365775,0.016462,0.00179462,0.00450664
0.012744,0.00880036,0.00436792,0.0168339,0.00324722,0.00227484
0.023577,0.0154877,0.00658505,0.0494736,0.010912,0.0112667
0.00932043,0.00691663,0.00466059,0.0174015,0.00499978,0.0019761
0.0146429,0.0098993,0.00500961,0.0125464,0.0027285,0.00410559
0.0204569,0.0137048,0.0138761,0.0422547,0.0139659,0.0269506
0.0102039,0.00696583,0.00511256,0.0236256,0.00634488,0.00137714
0.00547871,0.0037951,0.00165226,0.0159667,0.00375445,0.00209861
0.0128915,0.00869694,0.00830131,0.0289807,0.00888748,0.0118205
0.0148655,0.00989524,0.00433218,0.00907069,0.00288378,0.00641825
0.0431467,0.0264911,0.0151983,0.0686547,0.0176809,0.0251671
0.0160833,0.0107846,0.00631699,0.0246651,0.00545659,0.00604214
0.0200266,0.0131992,0.00869989,0.037394,0.00822517,0.0131164
0.0185224,0.0126551,0.00517243,0.0371387,0.00837904,0.00345625
0.0119762,0.00832316,0.00524934,0.0162894,0.00580411,0.00548195
0.0156555,0.0109159,0.00517288,0.0234039,0.00612282,0.014998
0.0421473,0.023774,0.0204786,0.0730699,0.0187088,0.0230426
0.0551083,0.0233083,0.0252632,0.129169,0.034064,0.063071
0.057582,0.0209739,0.0250313,0.117891,0.0269888,0.0516693
0.00809511,0.00537437,0.00225579,0.0214306,0.00490549,0.00895153
0.00954439,0.00648448,0.0043076,0.0161211,0.00629576,0.00291223
0.00935983,0.00645575,0.00317685,0.0373695,0.00736709,0.00130199
0.0361356,0.0239928,0.0145716,0.103185,0.0285188,0.00998964
0.0341679,0.0218612,0.0130709,0.0662811,0.0162535,0.0164808
0.0131441,0.00926069,0.00393044,0.0197575,0.00586551,0.00664473
0.0386466,0.0223011,0.0264194,0.10801,0.0297223,0.0631757
0.0109666,0.00760216,0.00500633,0.0169389,0.00467696,0.0059684
0.0241315,0.0159079,0.0178402,0.0595206,0.0194001,0.0299451
0.0183428,0.0123167,0.00925641,0.0702126,0.0179577,0.0340625
0.0173335,0.0114833,0.0109827,0.0474642,0.0134373,0.0134631
0.0203757,0.0138365,0.00868311,0.0246757,0.00608038,0.0061427
0.00797883,0.00526548,0.00266021,0.0172101,0.00423243,0.00185556
0.0377149,0.0185283,0.0138576,0.0401481,0.0121524,0.0302026
0.0406765,0.0183773,0.0141819,0.047763,0.0117973,0.0288209
0.0097109,0.00723914,0.004245,0.014382,0.00534542,0.00555999
0.0120339,0.00825539,0.0041469,0.0155088,0.00406002,0.000631355
0.0107131,0.00763077,0.00292674,0.0138607,0.00601516,0.00380841
0.0182993,0.0121781,0.00498238,0.0292024,0.00727951,0.0179216
0.0356099,0.0237204,0.0123796,0.0647758,0.0173218,0.0301381
0.0123625,0.00791536,0.00553692,0.0471771,0.00989893,0.0136412
0.0115014,0.00798012,0.00429217,0.0158308,0.00387116,0.00631473
0.00538016,0.00410285,0.00215214,0.0210738,0.00537743,0.00226822
0.0197203,0.0133774,0.00631616,0.0311628,0.00897297,0.016613
0.074194,0.0406103,0.0228367,0.114024,0.0269327,0.0354995
0.040151,0.0261559,0.0130134,0.0656768,0.0168408,0.00994548
0.0110304,0.00759193,0.00351948,0.0248914,0.00595078,0.00359099
0.0110568,0.00761636,0.00229129,0.0183954,0.00430116,0.00536098
0.0138754,0.00941232,0.00587375,0.0286933,0.00695612,0.00929337
0.0324293,0.0210859,0.0123377,0.0458864,0.0147735,0.0172272
0.00798224,0.00519182,0.00328096,0.0103906,0.00372504,0.00530306
0.0200865,0.0136804,0.00679738,0.0339552,0.00796742,0.0137903
0.00929496,0.00645823,0.00337941,0.0128133,0.00486438,0.0021221
0.0176222,0.0123491,0.00625382,0.0372705,0.00789244,0.00433759
0.0191357,0.0127553,0.00519704,0.0207967,0.00711694,0.00523235
0.0252628,0.0162003,0.00704438,0.0485571,0.0105289,0.00727864
0.039579,0.0259545,0.0201751,0.0591259,0.0172212,0.021149
0.0192786,0.0123343,0.00706065,0.0426076,0.0103354,0.00751209
0.0105596,0.0070081,0.00363221,0.018585,0.00466516,0.00337106
0.0411939,0.0271167,0.0100054,0.0340766,0.00780622,0.0131246
0.0212083,0.0145335,0.0165612,0.0583513,0.0153946,0.0443632
0.0166778,0.0110348,0.00480787,0.0405147,0.0113399,0.0114467
0.0166585,0.0116189,0.00543508,0.0250701,0.0035974,0.00247583
0.0365302,0.0230404,0.0118046,0.0503158,0.0115726,0.00675964
0.0126432,0.00869262,0.00490688,0.0191799,0.0054808,0.00414152
0.0101497,0.0069711,0.00410184,0.0207809,0.00520314,0.00312697
0.0262572,0.0168361,0.0267636,0.103828,0.0266161,0.0790082
0.00761504,0.00501116,0.00600249,0.0159923,0.00476747,0.00626365
0.0101881,0.00683982,0.00409232,0.0184459,0.00363279,0.00613382
0.0121748,0.00793469,0.00447978,0.0176482,0.00646994,0.00563889
0.0367786,0.0244528,0.0196298,0.098848,0.0251539,0.0385501
0.00786208,0.00500613,0.00431619,0.0172359,0.00462488,0.00573549
0.0134039,0.00885999,0.00551706,0.0194554,0.0050747,0.00490498
0.0169831,0.01105,0.00544521,0.0249993,0.00777262,0.00546586
0.0319031,0.0201572,0.0221356,0.064862,0.0168356,0.0281391
0.0302137,0.0191369,0.0157576,0.0778108,0.0218053,0.026704
0.0390244,0.0258564,0.0133022,0.0776311,0.0233398,0.044039
0.0330105,0.0217912,0.0118851,0.0571506,0.0152114,0.00934362
0.0199036,0.0132644,0.0063618,0.0306247,0.00844599,0.00529365
0.0125146,0.00862221,0.00505009,0.017596,0.0046974,0.0135996
0.0107508,0.00720097,0.00419486,0.0263635,0.00458785,0.00988856
0.0109148,0.00726176,0.00424712,0.0187955,0.00694529,0.0112149
0.0196306,0.0131226,0.00587046,0.0260748,0.00775989,0.00630411
0.0102543,0.00721717,0.00687227,0.0358716,0.00824474,0.0186474
0.0142879,0.00972837,0.00524897,0.015963,0.00388358,0.0109176
0.0125637,0.00722424,0.00414316,0.0284648,0.00953226,0.0119666
0.0141745,0.00797378,0.00463,0.0256845,0.0069456,0.0077802
0.0173124,0.0119741,0.00653562,0.0417079,0.00818137,0.0083291
0.0172723,0.0116557,0.00878241,0.0264215,0.00840547,0.0099777
0.0108565,0.00745437,0.00349941,0.00228934,0.00100116,0.00166257
0.0205306,0.0138781,0.0133869,0.0647096,0.0182322,0.0253198
0.0153715,0.0104676,0.00544633,0.0228201,0.0062369,0.00617368
0.0107413,0.00706683,0.00336426,0.0201528,0.00474578,0.00392962
0.00982745,0.00685123,0.00519455,0.0201303,0.00672277,0.00319324
0.00614395,0.00407476,0.00391847,0.0145445,0.00241377,0.00129282
0.0172697,0.0121782,0.00770925,0.0384826,0.00987298,0.00701299
0.0191264,0.0120933,0.00899697,0.0497777,0.0136933,0.0158491
0.0112477,0.0076717,0.00610986,0.0508336,0.0128714,0.0104636
