"FSC-A","FSC-H","SSC-A","GFP-A","PI_LSS-mKate-A","mCherry-A"
7.238035,5.264820,7.121233,10.671825,1.904037,3.576060
33.242561,21.730232,14.818858,42.608650,13.920938,169.809647
11.580430,7.627370,3.435974,12.088501,3.490901,27.680744
27.048847,17.831322,8.681348,9.177369,1.459528,0.104956
11.269357,7.820428,2.749827,2.965558,1.264642,-0.211464
12.033763,7.948344,4.243161,5.453493,0.858449,1.515301
12.822304,8.753606,4.447690,10.369565,0.736688,3.193628
12.628054,8.809738,4.373594,12.438510,2.189923,2.480132
4.752773,3.465219,3.151071,3.725734,0.833491,1.192932
11.996895,8.274011,4.374206,4.550575,0.906172,2.401139
8.342031,5.732726,2.707623,4.603118,0.970986,0.575644
7.158589,5.303779,2.381118,1.634932,0.014668,0.823621
8.541057,5.719083,2.562312,4.823650,1.219817,0.958217
15.836653,10.700432,14.598447,102.597786,26.598639,21.610699
17.635155,12.258004,5.584036,9.540792,1.479298,1.099977
14.849597,10.316904,7.262217,11.580171,1.857472,2.742470
6.659901,4.495290,1.810691,9.272829,2.720813,3.992985
20.725588,14.191262,9.716683,17.807943,3.225009,0.811538
7.053030,4.887231,2.331222,2.733366,0.385619,0.680127
10.727011,7.241876,1.825436,31.062618,11.866583,133.988068
7.372475,5.064056,3.106370,2.393147,0.433372,0.379961
10.977482,7.552444,3.276104,6.120089,1.483453,0.641367
10.050091,6.556921,4.851407,6.686073,1.961035,0.992899
9.478908,6.279213,5.198572,48.098301,17.747084,114.541908
6.007122,4.161230,2.403220,3.580292,1.231022,1.447405
6.764365,4.887665,2.719508,4.602868,0.578472,1.119027
15.483366,10.971909,6.623352,20.723167,7.871371,191.827026
19.007952,13.292688,6.141872,9.776192,1.776355,1.561914
18.902266,12.372141,4.915560,9.805119,2.236037,2.229643
14.848391,10.200936,6.594913,13.753392,3.950697,2.437587
23.659384,15.723314,33.446507,98.393280,28.006975,69.254211
10.245207,7.112143,3.189270,5.467446,0.924378,0.755451
8.747817,6.046937,3.501218,5.704116,0.918551,0.373013
15.254202,10.391869,4.881493,9.912550,2.509495,2.842892
15.154983,10.230491,7.169045,5.635544,1.094050,0.658288
19.993109,13.696402,7.150378,5.893208,1.689045,10.098012
18.590052,13.058297,6.714906,6.132421,1.778976,3.650309
31.460230,19.690765,20.761826,439.869537,118.293221,57.199886
24.672333,16.396332,14.358777,20.875580,4.544154,7.560976
18.991890,12.942910,5.350855,8.712668,2.174532,1.397922
10.029831,7.270394,3.419930,3.478559,1.371641,2.551216
17.340256,12.139219,7.272327,26.851711,10.882530,137.422714
16.396416,11.196002,5.967658,7.124059,1.562013,1.023936
19.888014,13.832292,7.955246,7.247983,1.690281,4.282000
12.122229,8.049024,4.089685,4.671940,0.970052,2.842779
25.017653,16.713839,6.551740,9.268502,1.312476,1.250377
7.579046,4.912506,2.817385,5.718638,1.198888,1.412975
7.501182,5.446798,9.673833,10.904834,2.710093,7.801185
29.700638,19.343117,15.835266,19.618349,3.623769,2.975890
14.530304,9.694445,4.167139,6.704697,0.879644,0.302086
13.625686,9.566413,3.669157,6.694804,1.419688,1.279113
6.603031,4.887442,2.958874,5.063501,0.734758,1.085747
19.490124,13.061377,5.166533,9.871036,1.119341,1.090576
22.510582,15.236809,6.959173,11.673162,1.617381,2.022716
4.331558,3.256933,1.849023,-0.123601,0.220319,0.323393
12.101465,8.690624,4.343768,5.714042,0.910842,0.489373
14.417866,9.738528,4.061985,19.651852,5.952224,51.105846
4.585115,3.034051,1.720177,1.531239,0.605676,0.317996
4.704637,3.438823,2.394931,1.469389,0.547258,0.381811
10.678469,7.666991,4.586644,6.296585,0.533109,-0.033627
8.342675,5.987698,3.454650,5.258368,1.359850,0.456303
13.087666,9.034008,4.361668,5.919889,0.810913,0.182774
8.345660,5.744918,2.662302,3.277179,0.611745,0.759458
4.785950,3.351339,1.806602,2.469779,1.419439,1.600886
12.419888,8.433151,15.057487,185.173782,49.600632,58.627586
10.186453,7.124158,3.256992,6.239176,1.467197,0.493585
9.059211,6.500013,3.575421,4.788999,0.706253,0.257383
14.312736,9.746663,12.339322,118.514595,32.624886,49.475189
13.339663,9.296279,4.529422,8.276502,2.029252,2.455057
5.879506,3.816818,4.022582,35.120174,11.592472,62.322403
16.327278,11.719384,4.098390,6.994380,1.248454,1.756442
14.696282,10.486719,3.848112,7.897206,1.687978,2.478917
22.483597,15.033356,9.902836,14.471890,2.827225,8.269864
17.287907,11.776143,6.301100,10.595875,2.539549,3.120378
42.702778,25.639906,29.904617,127.186653,32.564285,54.480972
5.614974,3.994865,2.428780,3.308259,0.372122,0.523120
12.764837,8.819950,3.043819,6.557088,2.250511,1.107612
6.050743,3.973758,2.271106,3.900118,1.647253,0.986999
16.277332,10.862751,5.190027,7.201605,1.124194,5.975850
10.691647,7.414196,2.940125,2.332941,0.104463,1.181451
15.270457,10.390881,4.936374,7.305894,2.160743,1.883343
12.553810,8.651215,3.729675,6.779144,1.652133,2.140800
13.026081,9.095135,6.312763,17.817442,4.188033,3.624719
11.463018,8.260941,4.318916,4.629599,0.694909,-0.162233
12.025312,8.466188,4.718074,6.307146,1.109117,0.546402
15.510068,10.913716,4.346107,5.741194,1.935180,0.589678
9.543873,6.993049,6.395447,8.373672,2.237673,2.402912
70.807487,41.597507,48.740986,212.272079,53.939899,157.208679
5.633121,3.914171,3.562553,11.385191,2.121257,2.610120
9.148677,6.238915,3.554301,5.145711,0.784013,0.385629
23.663610,16.249794,6.379863,8.498106,2.283374,4.956872
18.275917,12.657047,12.763420,34.663727,8.841718,27.866928
13.349757,9.110957,7.848629,19.003151,6.184322,10.804909
11.908067,8.219896,11.001214,20.682030,6.987627,11.595864
27.448986,18.433516,13.546906,92.285309,24.743046,28.869587
9.242249,6.228949,3.565735,4.477364,1.502584,0.468621
9.602198,6.875697,4.594771,18.603716,5.091568,15.690578
11.236550,7.379848,3.916006,5.853195,1.192009,2.465937
10.317281,7.292799,5.050313,4.204489,1.465231,0.923493
12.374499,5.120098,12.397195,18.198801,3.404144,9.271899
10.095365,6.968018,3.157089,6.222041,1.708192,1.974155
15.063147,10.689089,7.691048,132.384933,36.811073,18.907225
5.402800,4.158208,3.705326,23.420292,11.430669,229.435303
14.106462,9.395326,15.497591,22.064381,3.149653,5.455245
19.860033,13.489812,7.399083,100.906036,28.805166,69.273285
22.529318,15.464043,8.284205,11.045785,1.468223,2.126839
8.346091,6.067641,3.511140,15.915833,5.477726,33.237206
6.877138,4.922332,2.406449,3.412858,0.991403,0.340024
9.740443,6.759917,3.563163,2.951618,1.988016,0.723915
21.703533,14.860889,8.084105,13.167727,2.837236,6.809308
133.446045,57.965187,60.180820,338.484924,86.667648,155.746292
9.784913,6.468833,2.872174,6.034131,0.779177,1.040184
8.052227,5.381483,2.830913,6.947127,1.792811,4.105785
8.963865,6.317430,2.654039,6.553665,1.266180,1.441591
5.950420,4.240490,2.041814,2.366063,0.747194,1.574639
10.499516,6.916670,3.800663,9.682463,1.704709,1.409106
17.291609,11.868658,6.222836,10.077960,2.963367,3.577050
7.020186,4.664308,4.297163,8.216860,0.965322,1.852293
11.334659,7.586489,4.131189,2.698517,0.479663,0.643306
8.419697,6.213417,3.810008,65.186111,22.822763,189.472336
21.047501,13.947564,16.886152,146.677795,37.220852,40.818352
11.833757,7.998003,4.898123,5.966918,0.989548,0.589302
10.219968,7.039803,4.050726,5.852888,0.474497,1.443652
8.086287,5.343224,3.105159,5.652878,0.592518,-0.049424
17.140816,11.075150,18.419035,273.087036,65.705261,25.016895
9.934811,7.095168,2.772866,6.477859,2.426229,0.689835
13.802407,9.355891,4.238971,3.932967,1.237638,3.890991
14.329919,9.424555,5.428986,8.748701,3.224706,3.261561
17.759384,11.705159,16.652220,128.197067,34.461945,53.423939
9.560419,6.773901,2.669279,21.816885,6.085488,12.759521
7.163636,5.147431,2.986991,16.260637,3.728994,16.060244
14.542385,9.856156,5.047831,6.520734,0.954319,2.598791
13.462653,9.017027,16.698347,201.121353,52.207722,37.107250
9.814972,6.995602,2.844706,6.179312,1.038561,1.582416
4.552374,3.423319,2.369361,2.276891,-0.034463,0.405492
18.471525,12.255672,6.246902,8.573986,2.303497,2.418039
92.917259,57.521961,59.008698,347.489410,99.613861,185.678329
12.778666,8.184275,5.593336,14.902730,4.214417,10.517119
16.725447,11.051666,11.436342,173.521912,40.752125,33.277771
9.222155,6.434735,3.724080,4.073615,1.496634,0.847540
3.903177,2.982612,1.629301,4.485734,0.008896,0.279851
23.106096,16.155214,6.448871,27.556217,7.595807,9.587928
13.113186,8.949592,4.152704,5.271766,1.056467,1.270820
35.219139,20.989506,32.905224,409.289459,112.605400,139.242706
23.018799,15.471622,17.868235,19.069933,3.821108,13.700248
13.582026,9.341144,6.683285,17.192385,4.229056,4.410614
6.156175,4.121292,2.698787,3.366342,1.314591,1.230420
12.808797,8.838605,4.434834,3.822475,0.511623,0.306330
26.092489,17.637712,7.905012,13.282411,4.005896,2.196789
42.074886,22.873320,41.592445,293.356567,75.380989,68.361786
13.961371,9.398190,4.326447,7.938948,1.746176,3.905231
21.830769,15.351460,6.599359,6.023596,1.312572,2.425038
16.287931,10.932073,7.957704,14.751825,2.802278,3.996425
35.873520,22.557495,40.365471,27.816324,6.725775,62.813431
8.920835,6.259982,2.933069,6.442492,1.044034,0.986518
7.793798,5.150763,3.078325,3.718858,0.284964,0.323719
5.872426,4.252520,3.986274,10.778605,2.464280,1.159571
46.134548,29.565361,35.473713,96.223328,25.992279,58.614143
10.605411,7.630174,4.301198,12.466482,3.621712,4.973125
27.660303,18.530762,22.300114,219.253510,62.997147,25.256144
10.413083,7.096386,7.307571,10.803894,2.290648,2.582041
7.008798,4.797552,1.859632,5.946877,1.719865,1.265375
6.746755,4.698171,2.069958,3.087144,0.571742,1.312840
18.365919,12.810188,5.923056,10.191850,1.877987,2.675217
43.030331,25.290756,48.014679,288.318024,74.525215,112.358345
27.458599,18.611931,13.983189,32.286343,12.207330,21.080715
18.844959,12.645485,11.256499,31.247629,11.552284,19.926132
12.952441,9.058528,3.667667,8.912837,2.004105,1.698145
10.453558,7.141498,4.605083,8.381591,1.542948,0.606390
6.227453,4.579741,5.965246,8.044674,1.343542,1.229812
6.921922,5.060411,2.272661,4.176006,0.698623,0.788121
99.674545,45.673756,130.038559,524.770874,143.028580,558.666138
8.765372,6.137098,2.499118,8.361491,1.362473,1.369744
26.769251,18.538687,6.608127,14.512264,3.062046,20.364632
17.539043,12.091556,4.355317,12.190745,3.202566,2.325417
11.970883,8.470990,4.788496,28.896864,8.783848,28.008179
13.767092,9.729670,3.409441,36.987610,14.948348,247.230942
8.318377,5.704380,2.839592,6.988203,1.350390,1.217188
11.108437,7.908598,3.545076,10.684897,2.365989,2.606454
9.368318,6.670850,3.456881,7.989175,2.093364,1.873967
14.863683,10.022985,4.931795,8.379743,1.981939,1.557025
6.443065,4.553182,2.464644,5.964354,0.907635,1.261369
8.972166,6.410912,2.306471,5.982925,1.083289,1.671696
12.827851,8.567690,3.764785,7.646384,1.591526,1.444532
29.919914,20.295891,34.729954,163.624802,44.065342,68.788391
5.015150,3.266305,2.202018,4.707779,0.453723,0.499106
80.268471,48.850529,39.545143,174.629730,48.452057,172.327072
21.985216,14.804692,11.275069,73.357758,21.744814,47.559074
47.829437,31.874887,13.406864,154.905014,42.708054,47.246494
9.844357,7.151310,3.284173,5.724648,1.725852,2.940113
5.274792,3.742094,2.462236,2.849725,0.715259,-0.220175
6.692595,4.589326,2.248832,4.225104,0.820084,1.090097
28.297483,19.229359,6.241978,12.169897,2.352063,0.979554
21.545139,14.526897,4.871934,10.611544,2.033868,0.782993
13.074265,9.509126,4.836058,6.410525,2.668882,3.563633
5.067933,3.731540,2.228005,3.049850,0.353845,0.254983
23.162315,15.617948,6.064224,10.312597,1.284737,3.150631
13.840733,9.495989,6.898907,4.230281,1.360090,13.351912
13.137286,9.134618,4.852265,4.434493,0.823442,0.998776
36.586082,24.486343,10.850616,15.948235,3.886024,4.626136
8.534335,5.927048,2.592731,7.519915,0.971434,0.479068
7.163581,4.663284,1.827954,1.632919,0.687288,0.534817
6.124271,4.545485,5.405378,10.930156,3.875036,56.855267
16.623878,11.343677,5.270157,9.491488,2.470093,3.159033
16.938950,11.797674,15.073040,25.894726,5.071877,14.903057
9.345370,6.225921,2.808245,7.924402,1.775141,1.412654
5.756449,3.604443,2.590588,3.544830,0.790569,0.714470
17.097532,11.397170,4.951676,10.427813,1.559517,1.598485
10.825116,7.765505,7.224856,3.838495,1.006844,5.453229
19.618568,13.304744,9.542793,13.321623,2.667212,4.927649
45.837067,29.041462,29.722681,82.153419,22.885283,69.186485
9.089665,6.435288,4.239347,4.815433,1.225777,0.585633
6.598406,4.777195,2.333319,3.033267,0.604478,1.512930
23.262917,15.884260,14.044507,62.729939,17.533566,33.708237
12.813086,8.361642,4.042468,8.816923,2.447297,1.489140
5.019061,3.707349,2.221768,4.012463,0.871838,0.703345
13.541166,9.188990,4.981869,20.718418,6.336639,23.567329
8.237926,5.640298,2.807808,5.839242,1.395397,1.321778
4.323709,3.176986,3.943371,12.246979,2.208256,2.582583
12.317982,8.626190,4.739741,5.796967,0.624085,2.441021
39.655869,25.214539,23.328503,85.624336,24.091131,90.483643
5.145724,3.327907,1.742747,2.767789,0.483651,1.005552
11.612721,8.152991,3.380361,5.433456,1.162223,-0.174819
4.854921,3.554023,1.859931,5.269620,0.258539,-0.183054
7.356239,4.920914,1.824220,4.215557,2.345637,1.762917
12.157482,8.332830,3.474285,3.445189,1.264835,0.719431
14.839532,10.275242,5.433503,13.201528,1.692713,2.376030
77.070793,43.911938,37.236023,255.076950,68.557068,177.616409
15.707582,10.850894,20.768517,47.151806,12.394420,9.412666
8.601805,5.829581,2.722210,3.536080,0.805966,6.036799
93.167198,45.891312,80.963943,274.312653,73.482071,282.790497
7.273736,5.006355,4.754632,6.838185,0.997006,2.319849
11.112078,7.446935,5.796719,15.280972,3.694912,3.455495
10.138734,7.023460,3.167588,8.550172,1.739877,3.348573
7.410971,4.930460,1.810128,12.423008,2.562381,4.784994
10.308478,7.298170,5.016156,8.796845,1.705817,0.591506
13.003003,8.815350,4.891747,12.459017,3.699977,2.605882
9.605565,6.673037,3.397307,3.673623,0.495009,0.652655
18.941010,12.463758,4.712320,7.071343,1.721616,2.529543
35.413635,22.030273,27.125511,463.350281,132.714783,63.518196
17.017239,11.928528,5.509903,5.709632,0.830121,0.846849
11.441889,8.205660,5.103207,10.637460,3.130067,18.447298
6.495219,4.529517,4.590328,6.149489,1.229541,0.711048
25.733580,17.146032,11.675858,8.459424,2.426599,4.250691
19.639776,13.211274,18.845205,76.811829,20.209391,20.117460
7.732696,5.452641,2.938975,9.369658,1.941177,1.740999
13.243134,9.027005,4.200048,7.699829,1.207236,1.192314
11.809546,8.088122,5.165498,12.706296,2.360165,1.584511
8.647993,6.471531,4.250085,7.456111,0.500500,1.427857
7.517729,5.173249,3.710558,5.945755,0.446661,2.076671
16.767416,11.093946,23.306925,311.858337,81.835747,27.661783
10.562470,7.328891,3.025364,5.973168,1.263140,1.003466
47.859127,26.964312,37.501640,174.821060,42.698788,86.305603
62.755028,39.771317,26.467024,113.804817,28.932199,74.858772
8.848198,6.424941,6.416065,10.687698,2.204609,0.463471
22.587330,14.817525,17.349024,29.647530,4.789304,8.678129
15.276791,10.443872,5.348038,8.503776,3.301943,28.175291
7.252501,5.449355,3.013484,7.052782,1.262335,1.831174
13.195747,8.587394,5.884764,18.837023,5.734966,39.674702
6.155113,4.389470,2.242001,1.366588,0.446147,2.732106
22.416975,14.282786,23.762732,154.050171,37.484257,62.486927
9.848839,6.410922,6.420143,11.263485,1.213871,1.064094
20.234022,14.082133,13.515538,13.624729,3.589409,6.814609
6.534073,4.432137,3.009380,4.440978,0.978473,1.442822
9.976927,7.180805,3.279244,5.615001,2.708116,2.669449
7.818996,5.663921,3.308003,1.891189,3.503497,162.031143
55.949413,34.609116,41.890518,290.861481,67.201508,65.640968
6.634541,4.925094,3.885499,6.753513,1.708490,0.975710
18.500715,12.578951,4.326008,7.551260,1.178024,1.106042
20.667284,14.507885,7.018894,10.699161,3.436447,2.586097
9.014127,6.247243,5.104033,4.595400,1.096554,5.453788
45.417877,27.886288,16.846916,77.460854,22.024893,93.768600
33.289955,18.470963,28.990238,176.076462,45.423840,37.790615
7.303606,4.980967,2.368044,5.062656,1.437336,0.765235
9.799541,6.689460,4.360087,5.510637,1.587191,3.318501
18.615667,12.014746,17.560987,112.579552,27.344404,45.804459
27.699995,18.502073,25.895714,186.684967,46.985031,39.514175
6.341306,4.525723,1.945466,4.299697,1.017357,1.319053
9.274519,6.517338,3.131118,6.118248,0.987368,0.468829
13.845675,9.180815,5.368095,4.347332,0.692205,0.644675
17.761267,11.844150,23.681532,307.746948,77.056854,21.233105
32.670410,22.039280,10.265051,21.686836,4.699956,6.140500
30.898426,18.008106,50.542866,280.787933,76.902534,131.107162
14.031760,9.383813,6.676845,27.566608,8.914394,20.192331
16.095539,11.337237,11.929930,95.326164,27.135082,15.994545
20.207581,12.626103,33.977951,321.807434,77.427704,31.654716
8.055924,5.417385,3.580823,6.462362,2.025240,2.073864
13.348834,9.441718,4.900295,7.160516,1.160037,1.287917
10.126652,7.031381,3.544677,4.848386,0.382108,0.272051
32.873814,22.002380,20.984514,294.247559,73.992699,74.525009
10.428827,7.559991,3.268938,6.973605,1.965069,0.748024
24.408636,16.093014,27.057953,263.409576,64.718483,51.034348
35.847076,23.435495,35.235241,321.878204,92.076286,73.376961
27.762596,16.329161,47.564880,333.379242,83.186867,72.759384
23.031237,13.907487,37.510078,224.314743,60.606464,76.382042
42.615944,26.001549,44.444050,43.039783,9.028453,37.274353
17.920113,11.895763,17.895962,281.400970,71.574280,19.759239
22.983133,15.387981,7.284300,10.312887,3.265501,5.107854
30.595728,18.596783,25.815397,276.788422,69.461243,64.909157
6.799385,5.005763,3.072156,3.621073,0.579561,0.377063
5.877664,4.207561,2.599591,6.821770,1.955666,2.433955
67.633659,35.593697,39.649525,246.899033,62.593365,83.714645
11.831600,7.971415,16.441935,55.506451,15.603593,39.384365
21.511202,14.793051,11.037741,26.647923,5.132756,5.821457
12.265955,8.884527,3.665081,4.630114,1.600004,2.346494
12.286684,8.381935,5.087891,22.625957,6.206061,45.027771
7.953082,5.765023,4.459453,11.789928,2.113622,1.052593
6.852463,4.527037,2.463085,4.966518,1.353908,2.386506
17.706276,12.549177,6.755024,5.218893,0.961673,3.321548
22.717022,15.369965,10.217945,46.925133,20.219297,426.937592
44.306698,27.537239,24.581799,239.967743,66.193459,60.391129
20.808096,13.598011,28.558056,303.202240,86.515854,65.845787
26.093729,17.803984,11.553421,30.318113,7.129224,14.207074
21.355589,14.700484,5.404177,9.728462,1.735490,3.189542
17.845985,11.603402,21.906708,384.145660,106.265991,70.269272
17.376329,11.915048,21.108435,39.958084,10.092447,8.595024
18.187944,12.824437,5.501747,11.520494,2.273102,2.338376
18.310961,12.780781,7.062938,11.007724,2.125982,3.429100
4.026417,3.010145,4.679975,7.498448,2.225509,3.291141
6.022851,4.047033,2.105304,4.940487,0.612808,1.488317
14.137471,9.759076,4.690994,8.413722,1.418383,2.738888
56.571701,33.674313,41.106182,248.933212,68.877792,98.424118
7.813649,5.228377,11.944665,22.724907,5.700442,4.002674
18.532009,12.648972,11.121739,29.149393,8.971417,15.879400
78.508446,45.815681,61.763504,530.684509,142.851883,190.068176
10.502378,7.345099,3.813086,19.770834,8.584598,66.461884
18.182039,12.865106,6.238004,29.583027,8.824254,17.638588
12.858061,8.710085,3.840007,5.182416,1.225831,2.786933
7.371692,5.148240,9.418118,14.998599,3.679997,4.564693
6.470424,4.516035,2.599057,5.235648,1.429407,0.600819
14.240936,9.843060,5.430244,4.687094,1.441952,-0.128662
8.757322,6.322137,4.010822,2.778546,0.046678,0.465880
16.901274,11.969949,4.861331,6.289394,1.397103,0.559265
21.170635,14.459992,6.392992,7.774447,2.212620,3.245899
24.614500,17.518185,8.465533,21.373011,4.870444,3.416621
15.468883,10.389294,3.987928,12.170622,3.218093,1.887231
12.815022,8.906672,4.156515,6.268368,2.291505,1.313305
24.258820,15.454510,21.299707,177.896408,44.238033,36.533924
25.599007,17.351601,7.670249,9.115382,2.087390,2.414310
32.645775,21.926811,8.184687,15.704300,3.843717,5.203048
39.406689,21.707079,32.005451,458.652466,120.979691,86.691711
17.454466,11.986146,10.154845,260.497284,68.945053,59.737221
6.929981,4.830798,4.034674,3.995572,2.577591,1.696928
10.942850,7.714222,2.943444,1.239442,0.978622,0.392723
9.625315,6.763290,9.685253,9.091194,2.551071,3.444633
25.772598,17.775684,10.196556,34.821949,8.739081,15.825221
25.489918,17.448664,19.338564,51.197506,16.321838,164.331375
20.550945,13.972631,13.068764,22.308683,5.591769,6.196693
62.337955,38.250088,47.750019,135.164017,37.706696,99.253922
18.472454,12.325973,15.980607,30.005791,11.650754,243.033890
5.548736,3.947592,1.824429,3.264853,1.836558,2.315676
7.201619,5.036850,2.137814,5.860039,0.924321,1.075078
25.046898,17.241978,7.669519,17.368294,4.174842,4.236009
17.831644,12.505002,11.365168,13.415529,2.618567,1.378044
24.716736,16.451580,7.674394,15.334597,2.499915,4.160361
14.697613,10.437175,3.690223,8.483320,1.687497,1.111008
15.181314,10.705614,5.171493,5.812367,1.831058,10.428556
48.146885,31.317692,31.065676,88.769814,20.983425,47.630615
4.521158,3.405894,1.876893,3.023995,1.505241,0.847426
28.645891,17.794968,27.386173,496.113495,131.611298,98.187592
4.714874,3.550703,2.161723,5.541265,0.572225,1.332481
19.006306,12.758203,11.099588,16.716686,1.884565,1.342597
26.668758,17.905794,8.510283,13.037586,2.474121,2.999230
22.073864,13.957410,19.872095,151.555618,42.123135,41.314449
8.836646,6.454491,6.541438,195.393005,51.319603,17.459248
20.118359,13.675275,15.248546,146.551575,33.822815,28.701130
13.558429,9.158631,8.558925,10.949885,1.789803,5.515944
5.123021,3.665362,3.686334,3.266205,0.526785,0.616538
25.502710,17.855597,6.742101,17.203802,3.399637,4.144576
48.833103,28.584524,25.818987,216.734818,51.453751,74.548187
15.701630,10.654570,3.919013,9.857656,3.127142,1.367772
25.963291,16.431007,24.253487,131.340820,34.385548,41.696579
20.636675,13.608364,22.194712,22.705410,5.105130,50.336967
7.902540,5.269767,2.334244,3.205154,1.793300,1.248181
13.063453,9.029507,4.065482,8.514178,2.412850,2.351246
14.350808,10.143845,9.639784,18.561304,5.808555,4.289719
27.068382,17.912943,25.766850,65.054909,15.764154,28.463959
29.458033,20.278809,16.528801,34.375248,8.373070,8.135597
11.737709,8.195163,4.870638,7.789081,3.020056,1.648412
17.226658,11.659246,18.054398,68.732185,18.288710,39.384556
45.734646,25.939417,34.449791,102.028450,23.052025,74.771919
18.146215,12.285813,16.297424,102.500450,24.872314,56.617764
12.513938,8.789619,3.624866,4.732349,0.906162,0.039696
17.636841,12.015281,8.168857,104.882774,29.217949,24.251728
24.739323,17.265366,10.070603,5.326252,1.633180,6.293775
7.139551,5.150776,2.883135,3.507257,0.686025,1.105875
22.477013,14.940580,28.235188,303.950745,84.985107,89.364571
6.802594,4.905889,2.480131,5.824012,0.469202,0.448122
20.385771,14.048596,8.766258,13.365932,3.056355,4.408380
7.050118,5.105462,2.110810,4.539769,0.816540,0.729918
31.883358,20.941339,6.809543,76.765350,22.852715,59.968441
8.244291,5.765759,5.143398,7.151221,0.968992,1.167753
6.646943,5.026307,2.333427,5.316323,0.534721,1.556702
47.343178,27.682400,34.396824,83.957298,22.829475,185.518738
23.151819,15.749056,7.995089,7.787150,1.245999,2.957159
12.796906,9.148080,4.815537,8.440899,1.483830,0.648312
20.630331,13.391344,25.153357,132.817139,35.519047,44.051792
10.854973,7.641793,3.249614,5.516700,1.815204,2.906573
10.078973,7.319620,4.617810,30.143114,10.522816,76.625679
9.425492,6.574054,4.648200,12.737574,3.559076,1.199576
12.209945,8.282830,4.500347,8.574614,1.012164,-0.013828
25.408863,16.888794,6.964085,6.391958,0.695388,3.124122
28.886871,19.964689,17.218237,89.736565,28.527256,240.390839
53.179340,32.212021,29.695972,200.143814,51.095387,109.247139
124.275513,70.123489,66.876282,251.139648,62.501461,111.822563
15.411611,8.093275,7.669007,32.633224,7.783652,9.484087
10.876126,7.473578,6.191046,16.110310,4.308752,5.068391
10.275320,7.082918,6.203400,4.055288,1.210613,3.972353
24.110079,15.545754,16.742292,158.540695,36.284145,22.345081
11.120938,7.849322,3.028092,5.568449,1.210404,3.080864
4.798904,3.695745,2.141006,3.170674,0.385815,1.351817
5.548781,4.274462,3.466923,8.820167,0.612421,0.512940
4.685652,3.174213,1.697450,9.406605,1.840390,2.936012
56.446785,36.889923,60.237522,252.207901,64.694427,140.645905
9.881694,6.749048,4.522141,5.729232,0.754942,2.235539
9.980465,6.909962,3.290049,9.299725,2.120344,0.933865
10.624110,7.509358,2.570016,9.581949,2.371460,2.627083
93.617180,53.795357,70.545586,507.472870,140.080688,121.545853
15.294561,10.617960,8.528209,21.304935,5.999588,6.554967
20.531260,14.068715,6.726810,31.002129,8.607288,22.929674
7.795372,5.360264,3.147061,4.659028,0.404628,0.131694
41.670143,26.249445,25.398735,269.478302,70.970123,120.644745
31.993761,18.706228,38.538322,226.187698,59.605797,58.336025
37.559311,24.499395,40.298134,263.711090,70.771004,92.565247
7.236190,4.743646,3.126404,4.485766,1.404200,2.423685
9.833554,6.968797,3.369346,7.939509,1.354771,1.292009
31.287361,19.275982,29.737637,210.797668,56.749603,64.277298
14.288125,9.991548,5.978644,6.977225,2.509193,3.203106
20.784657,13.837955,16.468430,164.075623,41.340630,30.804674
8.800640,6.387816,6.053653,6.936981,1.656436,1.686267
8.214963,5.823692,3.487805,18.755777,5.776928,6.944279
13.464358,9.215489,12.210821,239.712097,68.930649,26.767492
8.117154,5.532467,4.212029,8.253949,2.568099,2.250623
14.815309,10.080075,3.973318,21.573267,6.716658,21.358900
71.443199,38.511890,39.771442,185.360962,44.053246,68.015068
6.487761,4.811507,3.899195,6.847159,1.860602,1.954380
5.139716,3.584360,5.026878,5.416860,1.195459,0.563541
14.146688,9.465662,9.439020,288.201935,80.616539,36.856094
12.718046,9.029965,3.629872,7.680419,0.682090,0.959427
10.075261,7.252039,2.800215,3.526271,0.870864,0.347172
8.586137,6.302342,2.558695,3.555606,-0.271869,0.163848
5.339431,3.503308,2.122844,5.213016,1.697230,0.474407
25.719337,17.995392,6.186948,44.465744,11.889832,18.229643
11.879664,8.295066,3.865309,5.372376,0.896788,2.932175
8.808002,6.308615,3.750706,6.848606,1.340203,1.315557
17.324867,11.879200,13.097553,206.913925,57.203827,63.293381
14.916412,10.446429,4.821539,9.109703,3.040594,2.770777
8.267148,5.562541,3.007003,5.308218,1.337146,1.489707
25.196981,16.378740,21.072052,82.367081,18.987650,15.282464
13.675794,9.198022,3.189543,10.164492,2.457453,1.913983
7.095220,4.952623,3.453515,1.680848,1.060086,2.419179
17.781637,11.663639,20.567923,221.487366,56.354500,33.144039
21.971775,14.744987,15.980504,117.980766,39.758213,66.627495
8.553883,6.137364,5.070284,6.227362,2.045171,0.711091
12.776803,9.030208,3.947311,5.549248,1.695244,2.405556
9.393933,6.214360,18.800314,212.568710,63.767574,69.578552
11.253263,7.479610,6.842407,16.500196,2.925601,3.446592
41.196163,26.332741,33.583191,214.484909,54.069832,110.267365
32.975380,20.988430,37.115345,163.362122,39.417263,38.812309
28.514410,15.146949,35.072693,579.954041,154.132812,110.655632
52.020569,31.316854,45.340385,259.916870,63.423721,96.508537
13.841973,9.816197,9.842498,33.582409,10.866178,17.392183
9.277484,6.717849,2.639288,10.850639,3.268925,23.728865
17.071117,12.055337,9.129301,14.900205,2.712129,2.008961
13.553487,9.473549,5.563879,9.061486,1.896606,2.095124
10.084516,7.180270,2.513146,5.235733,1.273017,2.108070
6.639688,4.584579,2.107146,4.554260,1.087309,1.670429
5.504121,4.023798,2.001075,3.392597,0.522123,0.364631
22.800688,16.229002,6.353456,9.508708,1.598372,3.127619
11.613437,8.360718,3.769775,6.046249,1.437759,1.371378
42.553669,28.408611,15.656039,10.207550,2.869765,18.141953
15.467950,11.030547,5.014177,7.413702,1.808782,0.546303
14.625160,9.800204,5.946898,6.076719,1.179585,3.838825
12.299327,8.860846,3.833097,8.205997,0.838959,1.506040
17.872206,12.403839,10.642016,17.458040,3.477227,4.237733
12.746670,8.959927,3.697384,6.959344,2.040598,2.873901
7.682841,5.633379,2.984780,4.430718,0.672733,1.151449
11.801811,8.745459,3.581430,5.448009,0.991946,0.570463
7.448527,5.485164,2.927699,6.319115,1.621925,1.994658
27.386917,18.024038,22.715801,16.892267,5.013142,11.854194
23.163115,16.363379,9.315810,10.273080,2.670029,0.969529
40.016617,25.742414,19.202908,80.492989,21.066856,55.837357
7.324274,5.001978,3.572689,10.105053,2.645638,1.298008
28.476278,18.182346,22.654348,187.926697,52.154369,47.553673
7.686677,5.638648,4.294611,7.836150,2.469972,2.159299
5.340773,4.161343,3.850157,10.692684,2.305097,7.182532
54.254719,33.759560,46.788307,384.671173,100.984306,170.886688
14.349106,10.314202,9.198805,19.216431,7.593153,19.983219
12.579445,8.843830,3.312126,8.669439,2.143073,1.373832
49.272064,26.525219,36.131771,323.409393,79.201347,61.764343
20.466051,14.285995,5.556063,5.172062,1.727147,1.323264
8.872754,6.742801,2.318657,2.151878,0.696734,1.546540
5.101531,3.853656,2.146631,3.337940,-0.107934,1.246140
33.742668,22.833988,9.570517,13.169711,4.358483,4.599435
31.691853,19.178581,30.505150,203.874634,56.990356,55.889553
17.261532,11.816885,16.986334,158.316925,39.975796,38.559799
13.254768,9.189118,4.201979,6.897185,3.514974,2.256242
11.187209,7.627989,4.216080,7.530180,1.049931,4.193347
11.509305,8.171934,3.210221,7.107737,1.758010,3.424391
25.634262,17.754570,17.871319,14.473628,2.377625,7.351558
38.898746,25.327345,29.300962,257.200745,69.985863,80.836266
17.672209,12.342867,5.476619,9.406342,3.341234,3.036151
7.960971,6.191244,3.490528,134.484329,41.409138,221.143814
4.761289,3.285800,1.950009,4.094614,1.581394,0.606607
4.469900,3.435769,2.907115,5.385088,1.225868,0.437033
15.760412,10.696494,25.811190,110.566254,26.878878,22.886505
29.406509,19.101011,16.298613,180.997452,50.860958,42.269741
15.588575,10.206793,14.086054,194.413635,49.692234,27.458460
24.139528,15.476331,26.072897,228.996979,55.484505,35.075359
16.721045,11.936561,5.819454,8.618209,0.870448,2.539498
13.417526,9.127753,3.757177,9.901669,2.281003,1.697215
8.797520,6.490313,4.267436,3.185409,1.689926,0.416152
25.456051,17.233290,6.685614,6.947259,1.007190,3.660682
8.984433,6.717417,3.715310,3.732174,1.879001,4.208020
13.520877,9.063958,12.283596,334.246948,88.264206,29.247080
5.188988,3.546670,3.248836,6.572851,2.327427,1.027634
44.889912,28.530973,35.343113,140.314804,39.682003,83.876961
9.412352,6.578151,3.502212,7.608230,1.825664,2.287717
14.788082,10.386978,5.320926,20.502722,6.832602,157.698975
6.339069,4.396397,2.437523,5.859218,1.512303,1.414198
60.517010,33.436481,38.357300,328.874664,87.876472,133.383667
15.083917,10.456738,4.783406,15.542201,3.088107,3.040741
14.923389,10.123023,16.051323,138.837418,35.960335,44.177113
19.438890,13.434224,8.137218,17.007736,2.505172,4.648262
15.997875,11.128237,4.281403,5.404091,1.579572,3.548258
42.310616,27.944525,30.717203,391.008362,110.184868,104.134239
14.058782,9.934460,7.023766,4.712861,0.686971,3.342251
14.547418,9.974715,13.386162,16.870367,3.772714,15.906158
41.798145,28.474609,37.571686,202.708008,56.046680,123.243980
8.366493,5.592063,5.749131,12.605698,3.665251,1.763388
19.581455,13.083716,11.227801,125.674156,34.767406,21.677298
25.698914,16.803930,19.225195,222.619080,58.170464,37.344429
11.253682,7.713591,4.170400,5.069679,1.221984,0.752514
11.589952,7.980939,7.406031,15.077769,3.273609,5.001112
14.959284,9.998849,4.768064,7.801429,1.597681,2.932913
7.255727,4.905474,1.787022,7.111988,1.582911,1.738408
4.597792,3.122875,2.921674,5.934178,0.781101,0.785640
14.990190,10.188719,7.520945,16.253191,4.171555,2.662870
9.082994,6.546480,2.402345,3.746881,1.078822,0.721977
26.242367,17.756050,13.718111,24.747759,5.055201,4.331852
14.905817,10.106874,5.150912,4.927154,2.069716,2.710950
5.466207,3.766676,2.379334,5.873662,0.576146,1.311809
9.671411,6.602293,2.893047,8.476384,1.371700,1.148440
12.687868,8.600930,4.886057,21.123341,10.386243,189.195770
6.586733,4.723916,2.099415,0.981124,0.084670,0.296358
31.038490,20.784407,16.000111,10.979032,2.098972,6.392010
13.789582,9.818701,2.924498,8.138247,0.954349,0.329781
26.061090,17.533543,20.965490,161.683441,42.360336,26.963017
16.859468,11.564380,4.037036,9.553244,0.502099,1.954404
31.342327,21.005136,31.156590,40.984566,9.169035,36.669991
40.184395,19.703602,46.520279,410.004608,108.851425,99.420189
27.180162,18.108315,19.495672,141.331787,34.852592,48.150238
17.428488,11.487566,16.235222,168.812210,47.964447,44.109249
14.777225,9.917994,13.731301,237.161438,60.921257,43.515026
9.827575,6.957274,2.872597,4.688015,0.396317,0.356414
5.143249,3.708292,1.979843,2.773863,0.420409,0.697051
6.611150,4.750014,2.528669,3.863710,0.493642,0.571530
16.724617,11.444780,5.233230,11.492109,2.751163,6.092774
16.652445,11.290180,14.881693,169.076599,51.383854,74.800659
6.471505,4.761918,2.286224,5.218049,1.105587,1.876358
8.492423,5.875661,4.059041,5.544216,1.191391,2.115919
4.683773,3.421321,1.664176,3.444131,0.900372,-0.005308
23.851942,16.656309,9.991185,12.212531,5.888658,13.679792
14.182214,9.630608,7.173649,50.810669,15.025060,19.012283
23.457237,16.353741,6.201060,9.943082,1.200794,3.085874
82.567947,29.701273,76.869102,90.653427,12.938445,8.615012
7.385433,4.962462,6.689306,9.857598,1.822730,0.398507
4.808171,3.142375,1.737769,6.443387,0.654973,2.277080
11.144810,8.071538,3.068250,6.183451,1.938844,0.815765
15.837593,10.872094,4.366313,9.372270,3.279977,1.995120
52.883083,26.125866,46.873287,259.892853,68.513191,145.632721
27.978254,19.111025,19.962965,39.192642,9.316053,12.346439
10.854321,7.496877,4.717519,8.810240,1.257954,1.154471
7.059387,5.070861,4.979476,9.556718,2.899551,3.471170
21.913406,14.867199,16.186892,12.928406,2.393461,7.016126
6.555352,4.589989,2.169128,7.744679,0.306978,1.742853
10.286362,7.254152,4.234765,6.974036,1.853215,0.117609
7.974343,5.941245,2.629885,4.242723,1.799609,1.289398
5.470037,3.796164,1.558358,4.112995,0.472179,3.638002
17.904566,12.148511,4.858357,7.346030,1.879186,1.920073
17.980650,12.293984,4.766795,3.747239,1.290075,4.259173
24.596512,17.166313,9.907027,13.682090,3.624913,3.455108
6.034457,4.399948,2.236611,5.440026,1.531136,0.516998
37.267601,23.938032,36.817070,74.459633,20.723406,60.221298
11.225920,7.574827,3.076164,7.964524,1.247374,1.425774
18.198664,12.728344,6.783544,7.890344,2.098936,2.344435
5.516733,4.022520,4.047549,7.528259,0.496157,0.722303
15.627151,10.483326,4.120138,7.765020,2.123316,2.216239
14.485324,10.255541,4.424615,9.206274,0.753726,0.364269
10.666172,7.628743,4.270824,10.295701,3.415471,3.510312
7.088577,4.939057,2.467932,5.165178,0.157344,-0.100809
4.268778,3.089205,1.737991,4.708001,0.446454,-0.169687
26.664574,17.764084,19.491274,34.640629,6.138708,14.378069
15.123801,10.524753,4.302410,3.747971,2.072839,1.792123
21.207830,14.271232,14.008661,46.065121,7.205158,13.222086
22.840679,14.458704,27.123075,461.086395,126.278725,84.224449
31.701937,20.205656,36.004700,107.013527,28.959644,51.104633
22.741070,16.052921,6.041259,9.671880,1.714499,3.296975
93.098358,55.203041,40.195549,217.769180,61.837849,83.575615
5.931265,3.951884,2.185541,6.314416,0.315104,0.018204
21.363701,13.592990,26.373159,201.997360,51.387077,63.984699
26.166870,11.601699,19.966547,263.210907,73.388268,43.868603
24.158411,12.385951,16.323746,171.095642,39.782078,23.947960
5.489797,3.950639,3.940235,9.397016,3.748203,3.345978
22.798775,15.330942,7.927893,7.575677,1.352971,4.144102
9.138338,6.658972,2.862221,6.130059,1.857323,1.377550
7.073705,4.816458,2.157483,3.352776,0.989554,0.885441
5.819901,4.426775,1.963984,6.639503,1.437605,2.467698
7.004737,4.903505,2.372779,4.802552,0.906690,1.284215
22.626925,15.636561,9.210578,8.778781,0.349212,3.837521
10.094533,7.161188,5.080943,8.818113,3.556294,6.108036
5.281960,3.642868,2.327757,3.220786,0.817725,0.110445
4.387818,3.156761,1.852640,5.063907,0.563009,1.277524
8.829005,6.217463,6.649126,10.625446,1.323411,0.582789
13.744970,9.945421,3.782018,7.015641,1.121529,0.559879
8.926299,6.510263,5.881873,5.281044,0.591672,0.379090
8.781177,6.142678,3.389518,1.257552,-0.354299,0.536207
12.142945,8.736433,4.604030,9.352385,2.225222,1.744261
27.861837,14.526026,24.558708,30.047287,4.068913,4.209130
73.603745,41.329971,132.578857,164.918457,23.704794,15.300518
7.396617,5.480955,7.826836,11.895683,2.455201,4.178971
13.994512,9.972885,6.556104,41.929138,11.352198,36.830791
26.592340,16.271576,21.308123,271.901276,71.287613,36.012550
14.193340,9.709631,5.046533,9.059449,2.315162,2.080714
8.142219,5.891261,2.901683,6.354127,1.155523,1.230062
34.207775,17.132368,16.993954,21.369268,5.732332,9.190858
36.050850,17.218145,19.645346,31.787149,7.754108,8.498650
9.533020,6.706208,6.144681,7.515253,2.667135,3.690003
6.275047,4.390316,3.251155,1.504786,0.275022,0.368451
19.215675,13.594912,6.434479,15.167806,3.083000,2.613316
8.760168,6.269361,3.891391,-1.198591,1.353079,2.749621
14.484822,9.998719,4.706860,7.697672,1.493234,1.605999
6.964748,5.006939,3.508278,6.715863,0.912365,1.076723
26.381958,18.044785,22.896236,90.069946,20.020342,27.403511
8.321576,5.700447,5.998129,8.507143,2.391281,2.100256
21.207495,13.816260,30.712332,224.833527,58.576736,55.407337
9.444993,6.210714,3.036303,4.782128,2.421795,2.059786
66.066170,39.936623,28.635098,118.789734,28.468952,59.123863
6.951057,4.636432,2.505067,6.130088,0.494159,1.025038
12.179809,8.516545,3.179711,6.576737,1.281028,0.651574
9.463313,6.575673,2.524978,5.810044,1.170781,0.923632
58.032238,33.691681,27.268188,182.915787,45.729046,75.310814
6.157891,4.263397,2.531536,8.237975,1.159065,0.406227
80.953362,42.885616,34.712776,135.536270,36.110062,99.161819
50.263069,29.380316,37.099186,130.781937,38.669216,372.621002
12.324055,8.364596,10.722415,11.769430,2.347389,5.437999
40.275127,25.334055,36.939316,185.392532,54.744267,60.195900
6.838648,4.604568,2.315506,0.391449,-0.446403,0.661482
52.038338,30.277861,31.754118,167.128891,44.558350,72.715981
32.596027,21.155308,28.985994,127.614838,35.543537,54.787376
7.214657,4.849757,2.489931,3.242400,1.117832,0.900906
16.067049,10.849619,6.008195,32.762108,10.191175,27.496288
14.414456,10.105225,5.109241,5.853158,2.166979,2.451762
23.197264,15.188819,18.126747,113.336555,28.568573,63.795380
10.759683,7.688628,6.526375,10.055302,2.028641,0.441676
11.545856,8.148358,3.606148,13.473339,3.458616,56.630302
45.946159,30.098930,39.790466,219.608337,59.142052,78.313789
31.431053,21.595613,16.120575,11.918160,2.723978,11.496115
8.860218,6.127029,5.838202,7.534361,1.495772,2.415760
57.492199,33.282604,60.255013,233.150879,58.892281,169.990875
10.022472,7.171935,6.124856,2.640884,1.460854,2.975749
20.200472,14.195378,7.916924,17.311152,3.536635,6.311022
19.635031,13.912735,6.446589,30.324520,12.264200,18.760130
17.269167,12.101332,5.290480,10.448708,1.483272,1.617957
45.266716,29.523941,32.716206,301.887726,85.824577,81.030609
9.153195,6.253491,2.975686,4.896066,1.422616,1.919676
10.610878,7.467943,4.098242,3.014236,0.636227,0.783079
18.905836,12.772951,5.982358,9.754630,2.403801,1.430732
17.700012,12.386099,5.059951,10.712762,2.260494,2.061095
9.929184,6.762668,3.603814,12.743123,1.923507,1.159671
17.638313,11.901205,7.719251,18.054411,3.812984,4.774908
19.981861,13.663184,19.289841,179.960236,54.152431,56.760818
34.721104,22.694099,29.565121,33.192207,6.463552,19.125404
17.128349,11.669507,5.550184,9.137324,3.456859,3.212904
10.067863,6.995618,3.601847,2.397100,-0.589316,2.543108
7.727027,5.114468,4.102311,22.016668,6.410402,37.716541
52.542309,30.593384,55.771286,332.765228,92.516624,235.344315
8.529576,6.087125,2.995212,8.455603,2.243216,1.019029
7.939786,5.462505,2.488822,5.380648,2.724803,28.753408
29.933435,19.716528,24.385366,449.003784,126.568840,77.652580
14.860991,10.172771,22.097849,85.903137,21.636227,16.358467
15.730121,11.161222,6.210006,14.731627,3.245226,2.530662
24.453211,16.657549,11.515945,17.609970,3.400682,3.900565
16.179920,11.218725,3.977547,6.126386,1.050235,0.759428
19.878082,13.712834,7.711623,10.380026,2.390352,4.506034
33.474617,22.599627,26.589689,172.746094,46.813641,81.837646
10.733165,7.186446,6.308292,15.706351,4.269475,7.236919
97.529137,57.980648,32.517296,170.399231,44.117718,68.744247
47.424900,30.464972,31.900440,114.798676,28.314137,77.731201
7.232940,4.816741,2.696297,6.207899,1.583666,1.194361
7.867575,5.797174,3.797193,6.039967,1.669287,4.898429
21.822720,14.866502,22.176878,149.069824,39.581089,25.638729
53.544178,33.605461,29.530556,220.515121,59.427475,145.134277
20.676231,13.214103,13.649345,353.074677,94.421272,29.102478
32.968025,18.688425,27.843969,250.125443,63.300735,54.715256
22.573038,15.996272,12.474321,11.380902,3.752436,6.443902
61.735455,36.671242,44.029373,103.039436,26.852091,70.249443
17.073505,12.296940,4.560315,4.811630,2.169634,1.573036
6.170349,4.519263,4.210165,11.111732,1.818564,1.113342
21.428677,14.353703,10.843894,28.246321,8.726536,48.021912
12.023335,8.720698,4.877025,14.149011,4.117015,13.223532
50.576633,31.854876,45.969280,274.453552,73.242714,90.904274
59.615150,37.543274,32.331886,128.787979,37.987316,79.385941
18.703995,12.439340,30.082909,47.218567,15.268429,27.442518
7.118056,4.742545,2.601290,4.268303,0.926884,1.401838
16.659027,10.919509,18.696186,82.673553,24.264925,39.865864
73.513382,47.556698,45.743332,349.801666,94.907585,371.532867
9.355135,6.614494,2.702559,0.425095,0.915901,1.379156
17.027328,11.492367,10.802142,169.164551,47.839958,31.877834
31.240503,19.725153,26.518007,177.230438,47.078300,42.392921
23.026737,14.832561,9.180951,17.266897,4.651457,3.709952
25.515085,16.030516,37.171547,213.006561,52.676647,58.866741
5.293684,3.626249,3.914308,6.352355,1.864662,1.852614
13.512739,9.238803,3.180471,5.659471,2.577320,1.736055
38.164307,24.587301,14.349511,17.519722,4.567737,8.617537
23.078968,15.149137,23.157671,152.739548,43.891918,49.542377
18.076740,12.514562,15.098302,74.977943,22.242004,52.645851
9.828163,6.997958,9.899479,175.494049,49.524960,33.809196
11.198097,8.348008,4.337370,5.589282,1.484435,1.143355
14.783808,10.544779,5.019994,9.819143,2.629019,2.317218
18.856064,12.878544,5.732403,3.803202,0.671751,1.715496
10.627184,7.579184,10.366149,10.422620,1.970717,6.512473
6.485496,4.675518,2.168599,5.454612,0.448635,2.343009
20.097631,14.011896,6.038241,12.955855,1.830286,5.800477
9.744152,7.110250,3.845634,8.021000,1.832124,2.876368
8.470367,6.072230,2.601421,4.020409,1.082018,1.787877
16.972309,11.668847,4.364081,5.809290,1.398783,1.901794
5.644614,4.165476,2.297736,8.782866,1.295622,1.478439
16.149635,10.679088,20.933191,135.091782,36.430954,40.714485
9.224008,6.107002,2.754471,4.399244,2.179211,2.723182
7.285990,5.516109,2.866770,2.476796,1.036429,0.931364
45.021164,25.752895,30.457575,181.421341,46.955753,105.102570
12.512503,8.811128,5.971978,19.262585,5.740772,20.735172
19.837362,13.777801,9.623659,14.179533,2.460693,4.791649
23.700888,16.027302,16.327293,106.864189,29.769514,20.085329
18.558969,12.682564,10.919599,21.697588,4.627294,4.040883
15.499333,10.870119,3.894318,9.219526,2.027674,3.073101
8.465849,6.174935,2.303079,4.505906,1.043786,0.512163
17.499409,12.123760,18.057072,101.852638,26.730433,30.730701
6.054122,4.243299,2.477284,1.269105,0.480532,2.380961
14.199486,9.978572,5.188247,8.282605,1.659436,0.911451
7.297782,5.239607,3.018535,7.253618,1.611929,1.278967
23.353523,15.138728,25.470486,145.802536,35.574257,26.658508
22.367603,15.172967,27.441528,212.918274,55.043324,41.572063
18.556572,12.571424,19.249674,78.655289,21.900217,31.480007
23.530415,14.869998,23.715588,175.143021,58.075081,69.949165
14.911180,10.811645,5.023389,8.244486,1.457349,2.534622
13.249461,8.797541,11.199595,289.829590,78.073860,36.298512
91.801582,55.841572,68.144638,372.972015,97.931549,170.179443
13.357505,9.430224,3.897682,5.464726,1.509423,2.215896
22.093927,15.211768,6.455388,8.922007,1.469293,2.157337
5.622587,4.068007,3.509063,6.152803,1.020154,1.938426
18.704937,12.845894,13.514593,45.668255,10.699093,17.405403
16.698685,10.478021,21.063589,263.470001,67.081161,19.985243
12.505427,8.560536,5.880770,4.171412,1.768356,11.481701
6.008548,4.435851,2.774090,0.106681,0.087582,0.344396
5.567279,4.065375,3.020431,1.964647,2.014421,2.822294
16.232788,11.587455,10.307512,14.999395,2.216956,2.430081
7.674094,5.258450,2.264311,2.765816,0.608365,0.764755
9.192081,6.363974,3.495063,4.673556,0.300346,1.085424
24.702959,17.040565,17.816816,241.945343,63.278957,47.425323
18.481760,13.022073,5.346797,10.157159,1.183998,1.913329
21.574255,14.272217,16.531281,96.735558,24.916521,32.487976
13.697574,9.188989,4.066064,10.174967,1.593781,2.060335
27.103125,18.704206,10.818455,18.030844,4.015137,5.335339
5.930826,4.360088,2.853014,2.627890,-0.059373,0.735290
9.120317,6.375709,2.648694,6.262644,1.411165,3.006111
25.990196,17.221256,19.264008,393.285309,106.565948,41.557030
5.506446,4.328769,3.710273,5.690958,1.471079,2.312497
8.564813,5.847500,2.800412,16.538811,6.163588,8.226865
53.875103,33.052128,38.611935,199.866776,56.931034,99.838707
16.974339,11.749583,5.408586,19.807785,4.395574,9.126648
7.487526,5.161706,2.595765,4.098733,1.062619,3.300159
10.775200,7.628112,3.845881,1.543333,0.533441,1.967580
26.677395,17.908783,7.092418,4.427482,1.818553,1.626241
11.021680,7.618087,3.488331,1.287193,0.913371,1.585176
4.467953,3.198143,2.587824,5.393568,0.931818,1.001630
21.830574,14.894110,20.226479,266.383606,68.601257,34.556568
12.366741,8.707892,3.523675,7.448945,1.133554,0.973015
10.332853,7.339471,2.822183,6.077943,1.207056,0.810312
15.917070,10.835942,4.710674,8.623900,1.850710,1.939870
67.992241,45.499825,36.980190,132.856064,30.268642,42.463089
6.795720,4.861835,2.672615,2.656469,0.127493,0.777753
9.287422,6.414124,7.507332,42.852032,11.024981,43.625755
17.809868,12.090302,20.246180,250.956589,67.059532,40.054420
21.001698,14.641966,6.138040,8.168172,1.866120,1.398793
10.019803,7.050489,3.790443,4.760992,0.249583,0.493929
23.910366,15.177967,23.786037,116.642731,30.179935,42.620708
16.507969,11.175030,24.879848,265.414032,74.751396,91.830650
16.707785,11.227978,15.458909,69.570175,17.044834,25.687315
14.665706,10.290016,16.003996,18.931864,6.184899,57.072655
14.038205,9.329893,4.289193,9.099381,1.996886,1.089307
19.821381,13.551818,6.097473,11.042016,2.798340,5.009383
5.329200,3.659930,3.459062,7.892788,0.458218,1.593992
20.293764,13.602788,20.323481,114.571732,29.120876,31.261959
23.175589,16.333454,5.035387,10.954947,1.821459,2.006880
31.001364,20.869684,21.267664,122.154175,33.089188,38.739731
37.913860,22.027042,32.265041,335.947052,82.606384,59.654552
11.201508,8.027457,3.321563,3.734036,1.415707,1.618005
20.221565,13.803975,5.590433,8.048244,2.098579,5.854181
15.366605,10.445083,6.157608,9.645801,2.206123,2.548704
5.361415,3.766898,2.179651,1.973451,0.654311,0.404848
14.607976,10.373108,3.884387,7.114560,2.161997,1.497230
11.186614,7.668323,3.587970,4.902730,2.324095,2.681444
14.516407,9.622310,7.832060,11.224110,1.900893,5.948525
72.800423,44.896069,34.443913,106.610237,28.363640,66.888321
27.103159,18.209480,9.019501,11.379316,2.836515,4.430341
10.062196,7.567281,4.973222,15.466918,3.575755,1.418104
14.359278,10.131705,6.611163,161.517441,43.774929,33.148472
17.491632,12.145165,4.852767,8.408458,1.758760,2.801438
17.112089,11.451777,24.003794,153.456619,39.902893,37.236855
7.989217,6.021019,3.099866,5.967683,1.137581,1.397041
34.464821,22.469637,30.290575,316.501160,79.197159,81.599724
4.409875,3.184172,3.714678,5.984909,1.789382,0.839232
9.998531,7.132215,3.211393,5.860681,0.659458,1.640781
26.293613,15.999327,8.516653,16.531368,4.041164,5.615620
5.216613,3.738344,2.403890,4.183243,0.879366,1.550096
25.249760,17.465590,8.388757,16.075901,2.008188,3.051509
18.789249,12.341627,14.288548,22.407534,5.019681,6.872828
9.801511,7.041965,3.291030,6.378568,0.998584,1.168465
35.249348,22.338509,27.916040,211.675125,53.530304,51.868141
14.506191,10.154027,3.902474,8.237363,2.861767,0.627022
89.856651,55.864571,50.578018,329.463531,89.250877,99.172997
5.285275,3.502804,4.432773,13.006505,2.708377,1.073209
15.661631,11.138482,4.172816,7.695014,3.008363,1.837783
7.372850,5.450238,2.751796,8.970789,1.159286,1.187991
80.034920,49.643791,44.466351,287.656006,79.380844,104.088295
16.301754,10.893179,17.266405,152.246475,43.771481,63.159660
36.142563,22.932693,42.432968,260.156250,68.325706,61.927067
30.554634,20.706068,22.877176,156.960358,41.236618,32.596775
33.304638,20.263809,33.603760,198.539444,59.543739,122.069092
46.843708,28.990118,23.530956,28.661032,5.388910,16.881588
17.372644,12.153233,6.496424,11.535198,1.736182,4.861728
95.076248,48.304638,35.609032,96.435455,27.033966,71.481483
49.268341,32.092628,38.366444,223.792999,57.635757,91.476730
48.156166,27.201996,56.041374,254.474167,64.771164,91.586281
15.609585,10.796791,15.628738,223.807129,60.511189,32.204823
27.883432,18.790117,16.059917,26.380669,5.423321,6.424333
18.936295,13.043337,8.792740,21.254759,4.022635,3.978963
11.611111,8.483507,4.313121,8.750531,1.243436,2.441309
13.524988,9.387929,7.302439,11.641891,2.653967,5.797785
15.486425,10.447507,4.666796,14.090880,2.420986,4.075950
17.248854,11.495356,15.223466,205.445572,54.181080,30.946360
6.467179,4.627340,2.241902,5.417290,0.796953,0.809493
8.259378,5.777470,2.625944,7.553445,2.122142,1.694487
7.573585,5.452663,4.326682,8.745310,2.278482,2.317711
18.183163,12.329008,8.515863,34.955109,12.415417,119.981712
16.990080,11.465047,25.299448,201.885376,57.289085,49.329937
64.748558,37.860580,37.595749,243.645264,62.512421,87.871544
10.182333,6.914027,3.460828,4.065191,0.245933,1.847192
6.209997,4.763242,2.373836,8.489790,2.660097,1.520985
22.085365,15.311414,15.284080,28.830210,7.967346,17.143990
24.397289,16.756197,6.090758,8.981462,1.762826,4.817511
4.822335,3.500580,2.089372,5.865161,0.548689,0.350374
29.758060,20.506630,12.053890,22.368668,6.095831,5.214371
7.352914,5.151523,3.379716,6.983689,2.451616,2.017622
8.410883,6.134187,5.485756,8.495771,1.745860,3.324612
13.478787,9.739278,3.847320,6.781374,1.317682,2.768360
4.863264,3.498216,3.569841,8.510277,2.742872,2.745309
23.430105,15.954373,6.703480,6.464489,2.532225,1.858897
6.446254,4.419241,1.365667,6.481776,0.987814,1.715839
29.648638,17.186905,11.349656,21.502930,5.229030,3.758569
9.650708,6.965551,7.029201,15.197751,3.410673,2.719113
7.838190,5.660162,2.398641,5.910325,1.001315,2.069644
12.591383,8.934029,4.252714,6.590673,1.281294,2.972933
13.605850,9.112776,6.604805,9.741117,2.073889,3.371082
27.775824,19.002510,8.297576,27.232496,4.924838,6.945675
7.991393,5.608159,2.717949,4.877207,1.165919,0.831309
14.057676,9.642223,16.265816,190.575974,53.769207,54.852478
6.592923,4.588869,3.217057,7.411122,0.670768,0.922483
11.468953,8.229268,8.314910,15.294343,2.937955,2.687762
8.385889,5.512329,10.281814,9.998411,4.465999,2.851274
6.826183,4.747813,6.170950,10.334227,2.705431,2.780648
22.636637,15.782411,5.856246,32.541935,8.838359,24.329601
6.716833,4.737692,3.193289,12.916172,1.549595,1.885415
25.245031,17.381575,8.486874,10.878208,1.291260,10.624990
4.615808,3.272895,1.711041,8.065815,0.974226,1.157491
5.918770,4.059168,2.043261,1.999695,0.917285,0.653027
23.618078,16.593473,10.516135,43.348633,13.378922,17.614925
16.991171,11.437831,17.936977,294.323090,78.154884,25.027514
17.954662,11.896275,17.925310,21.060051,7.086565,8.659978
18.212097,12.488022,12.579916,143.758530,37.880249,26.640766
38.114830,23.923752,13.304568,25.112009,5.975999,6.799405
11.556923,8.004947,11.131142,23.302870,6.746069,5.235558
48.285011,29.616844,31.551388,230.100906,58.883419,52.886127
13.348420,9.507236,6.223386,13.552440,2.917562,3.634253
20.977552,14.248437,5.990738,11.435801,3.013902,3.641650
26.996571,17.207281,8.928802,20.245899,4.658638,4.844015
18.808294,12.324977,23.255735,107.714035,28.945745,13.027898
9.953097,6.983970,2.629401,4.482634,1.157073,1.258459
9.762974,6.767017,2.954973,1.180068,1.823997,1.471850
9.472182,6.310105,2.923797,5.359642,1.932189,1.268551
32.389748,19.298401,29.691137,358.404480,96.836380,97.482323
22.948730,15.651867,14.845654,13.728988,1.830776,8.796526
34.764332,23.114250,18.019375,17.034813,3.403822,7.605379
10.576365,7.624373,4.337742,6.341621,2.390861,1.481190
5.922954,4.089341,2.168651,1.853549,1.041108,0.505401
20.863718,14.002949,16.022995,164.628052,42.735096,44.595390
16.156876,11.333826,4.778079,8.609570,2.984328,2.237661
10.033687,6.612518,4.574102,4.121428,0.462369,0.827627
7.367232,5.257019,2.886194,2.665570,0.313150,0.261894
7.640948,5.770540,3.549403,0.714298,1.759534,0.316534
4.322905,3.431971,3.494903,2.969516,0.899777,1.265908
11.277054,7.727984,3.416976,6.227040,1.044166,3.503248
46.676899,30.640881,40.128815,418.581055,111.891502,121.015244
6.078268,4.046761,2.202511,-0.399675,1.150081,0.507044
21.387251,14.860723,9.517043,13.562689,3.054678,2.584025
4.843060,3.179886,2.324342,2.250330,0.157541,0.454997
39.951614,26.666691,29.073395,177.669922,50.873234,59.748013
14.043498,9.859508,8.267237,13.853090,1.174938,3.989135
20.994087,13.718619,13.434695,144.563644,35.181900,36.184971
6.151323,4.193061,2.457950,6.252882,0.072310,1.714840
9.754938,6.845879,4.136771,7.971892,1.572529,3.196126
25.068611,15.867458,24.056303,136.008636,32.137146,20.389482
17.905518,11.930581,5.803459,9.934249,2.486194,3.666881
5.173610,3.730493,3.179034,11.067105,1.929899,1.378275
10.414434,7.121331,3.404955,1.712709,1.386470,0.691531
6.343243,4.687191,2.208630,1.179098,0.725404,-0.119237
13.250494,9.510048,5.230907,5.024941,2.677752,1.384198
19.271391,12.276484,16.303125,199.425949,52.317612,52.212074
85.933693,37.046078,38.077095,174.239716,44.190628,52.346951
9.556496,6.529415,3.378384,5.062814,3.166822,1.920370
12.750666,8.530980,4.764719,9.046242,1.653463,3.718736
14.273190,10.094045,10.274035,98.883263,23.905640,19.655121
16.975279,11.713969,5.458765,9.116760,1.682410,1.708542
81.669327,42.517017,36.830032,322.939880,83.772087,145.469788
81.964172,44.910667,35.676231,200.650482,49.882355,112.130798
40.511307,24.319794,42.436089,469.869110,132.288635,119.048355
8.012918,5.428894,5.387346,10.324577,1.592337,3.461915
5.714878,4.016171,2.615451,4.491244,-0.003591,0.891955
6.393238,4.585554,2.470577,8.438150,0.847626,1.495080
6.611847,4.716383,3.339414,6.091341,1.870471,2.514976
8.536119,6.383564,2.807617,4.578873,0.817775,0.735243
7.501824,5.430877,2.502083,3.562068,0.876120,1.302791
13.963639,9.848518,4.957921,5.707457,0.356697,1.246080
45.355473,28.539480,45.618458,438.858246,111.653320,101.388039
17.907408,12.407866,4.544345,9.877843,1.064757,3.480674
16.663536,11.480587,7.022220,14.577626,2.292539,3.730969
11.059201,7.485862,6.447346,18.413048,2.898116,2.260971
13.188443,8.953317,6.237770,13.259236,4.432542,4.127332
6.804977,4.790070,2.021283,5.345844,1.148583,0.593689
8.597596,5.906629,2.417296,9.601270,2.839665,1.409954
18.241608,12.365406,20.665182,221.298492,54.840309,39.497211
12.340980,8.435185,4.666421,13.345341,2.438238,1.769161
7.046575,4.816030,2.155700,4.448886,0.356874,1.063781
7.739019,5.258064,2.138263,2.867573,0.695029,1.941450
25.434908,17.697886,12.651723,23.529144,5.757869,6.615141
12.095075,8.500826,4.205762,6.541062,0.838192,3.197067
58.900051,38.092209,32.618546,326.464966,92.693642,66.169930
49.270569,29.000000,34.607601,196.065842,50.690781,102.252502
7.955882,5.593899,2.906040,4.655179,1.597832,2.335560
21.407675,14.207328,27.112568,125.614418,30.783831,22.538847
59.577637,37.907131,60.094219,318.870331,85.779396,192.867691
7.224368,4.807859,3.477742,9.342357,1.098452,1.731034
29.772882,18.949659,20.124731,17.066877,3.691093,26.847748
8.616693,6.244305,2.975401,5.532459,2.327116,2.963969
31.702597,20.767265,21.530771,85.339386,21.088156,42.750278
25.026434,16.132887,19.322151,77.313751,17.568981,35.271927
7.295545,5.174062,2.367457,3.313128,1.415589,1.406884
10.830282,7.439514,3.625700,6.160640,1.758105,1.244766
6.131176,4.074312,3.180241,6.183368,0.444240,0.977727
22.943407,15.709539,6.683187,13.894026,2.667927,2.879238
5.160838,3.314051,2.111282,5.978907,1.236256,0.716819
8.388174,5.937176,19.538134,33.961937,9.960037,16.373848
9.112963,6.510652,3.344263,4.179008,0.733258,2.187871
12.254210,8.589904,3.692293,9.020933,1.815578,2.538382
13.546449,9.061993,3.737333,7.553226,1.600949,2.604908
11.910355,7.943036,4.214769,10.606297,1.233942,2.360930
6.365314,4.417137,2.401478,3.823691,1.870965,1.594827
7.691552,5.738852,3.937997,6.805694,2.044432,1.501570
16.840679,11.755426,6.414622,12.781289,2.062986,3.498538
91.758324,55.069374,56.960670,362.528900,93.686493,115.865173
40.502884,27.051188,41.841366,76.401146,16.948566,46.897175
11.726033,8.055853,3.202505,4.213791,1.320212,1.808879
24.415766,15.851678,22.977659,247.071564,65.332130,42.304905
20.065578,13.782004,9.939159,9.051070,1.905119,4.532871
11.705358,7.921787,6.721980,7.971041,0.207105,1.044524
12.861238,8.540437,27.782206,237.701431,68.280006,44.869690
8.275479,6.234354,3.611581,3.702275,1.312625,2.395500
14.040148,9.346566,3.750710,8.193440,0.368587,0.986045
72.078964,45.889740,46.769455,209.426987,51.142735,67.428238
6.580821,4.330309,8.070132,50.284023,12.349339,86.582962
21.756042,13.998358,34.685402,293.702484,76.302345,104.387421
5.288964,3.672052,4.531560,7.786611,2.343050,2.193054
23.301107,16.117134,6.566666,12.587808,3.314222,3.394784
15.035479,10.147837,5.041500,10.853847,3.373719,1.379395
15.600309,10.570800,4.134436,8.399060,2.122560,2.396217
7.946425,5.524755,2.363656,6.112723,1.802839,0.134993
8.119370,5.887106,3.696912,6.719803,1.835063,2.474983
24.092196,16.031990,11.634667,29.739330,8.009623,61.354496
5.946668,4.626159,2.505648,7.033271,1.527102,1.791859
6.891665,4.584253,2.291591,6.449794,1.138804,1.505544
13.096403,8.949791,9.225417,12.730373,3.186168,5.306683
6.516889,4.349132,2.579094,5.529269,1.839154,0.909319
11.109358,8.148552,3.377411,8.009880,1.738583,2.856669
15.194591,10.439217,9.519012,14.835245,5.659847,9.806095
5.356339,3.686278,13.834289,112.395660,37.093815,67.872986
10.721504,7.549519,3.253732,6.504434,2.683473,2.203718
13.968804,10.127416,3.952381,8.665604,2.200557,2.099200
6.919161,4.984708,2.303849,3.825512,0.868661,1.709784
30.156693,19.779762,17.607651,162.224808,40.894203,34.757732
23.050764,15.561936,18.476313,21.965645,4.786892,7.879663
9.481411,6.673460,8.631470,7.601223,1.118368,5.558737
35.997379,23.534878,19.531679,23.383488,4.920142,8.035327
5.420072,3.728497,4.720878,9.497131,2.104105,4.291595
31.962425,19.612265,22.392656,274.130524,70.119720,74.685791
8.600810,6.122429,2.863754,7.287354,1.000807,2.750053
7.549681,5.376244,4.006366,8.570517,1.986679,2.811566
7.501626,5.474318,4.995839,5.760411,0.905455,0.755119
20.028543,13.637058,11.560806,79.176224,20.678707,19.584274
20.708887,13.835702,4.853321,15.756197,1.507603,2.179806
27.647459,18.030651,17.109989,118.116615,30.588360,39.334507
9.179680,6.466285,6.267677,18.202673,4.866544,3.780743
32.864841,20.695251,21.677380,36.073334,6.822700,18.248955
11.696557,8.529869,3.519464,10.915415,2.881504,1.384601
35.179661,19.201523,15.525177,34.146393,5.585740,6.167542
10.093113,6.884048,2.720805,7.525227,2.005875,0.746221
10.456026,7.073898,8.643787,14.675316,2.480500,3.797262
6.835251,4.556307,2.395460,7.825260,4.270401,7.533561
8.281684,5.569290,2.266175,5.718186,1.594461,1.630167
13.274934,8.944339,4.194747,6.046789,1.881994,0.903937
11.156864,7.915966,5.676502,10.321162,1.233751,1.030494
22.662350,14.430142,15.279581,168.155365,49.833832,47.793690
29.245174,15.606671,37.939056,407.611664,103.867607,67.546165
12.696319,9.087860,3.655102,7.077498,2.025385,2.825809
42.387787,25.590466,35.170898,250.945328,64.618675,120.121017
20.720764,13.009151,20.977369,185.283768,47.728497,63.172863
16.164204,11.017981,6.704531,12.515541,3.427885,2.676129
14.144116,9.209052,12.518215,60.886585,16.800411,27.364710
24.405069,16.309011,21.328955,96.037560,27.833338,65.357643
10.685051,7.514563,6.201538,15.328676,2.611049,3.200826
12.079015,8.146739,12.590076,12.541581,2.486315,11.971387
14.503894,9.730775,19.574970,118.797455,29.767632,29.322975
7.849502,5.253337,2.182266,4.703267,1.898527,2.245966
43.101490,24.975767,28.988289,216.054611,55.471184,111.311333
8.836411,6.282276,2.821225,4.489168,1.060488,2.530946
13.198927,9.102375,4.838960,8.745635,2.389922,3.504100
22.032078,15.052446,11.725428,14.255943,1.796979,7.632988
43.085796,26.961784,24.790291,292.927124,76.516212,58.438965
4.390450,3.076415,1.816429,4.837266,2.367935,2.024131
8.937481,6.214756,2.605600,4.024672,0.747642,0.766669
22.000065,14.882655,7.617623,10.277050,2.627342,4.123332
30.549416,20.286129,22.630339,122.370003,32.610226,20.000473
6.534139,4.910503,2.791192,5.896126,1.746831,2.417048
6.833982,4.959693,1.931337,4.746171,1.065272,1.564489
14.892719,9.841396,18.058105,163.739822,47.004471,30.090296
13.401426,8.716743,17.190870,95.953712,24.938711,32.119339
15.257386,9.668966,19.629452,348.684784,96.285278,49.143291
19.016951,12.661168,7.570925,13.072453,4.215840,3.221908
4.131347,3.153515,2.294799,4.939518,0.860393,-0.107717
26.619600,17.788757,19.101818,15.610427,4.228401,6.586257
16.035809,11.024641,42.530304,306.570953,79.230751,92.841805
21.506163,14.499890,6.064312,4.857742,2.393187,2.491591
44.846165,29.335754,25.305840,259.662109,69.090317,76.644020
8.494715,5.992065,2.219029,2.749490,0.988068,0.819900
9.492565,6.718642,5.009662,10.328216,2.893763,3.559450
22.043270,14.564285,19.722420,77.600349,21.124546,55.471859
12.350574,8.246707,5.014055,21.273382,5.087863,9.206316
38.116451,25.137928,12.400530,15.153987,3.188723,4.743746
50.036179,29.465000,30.906549,311.299011,83.823860,78.316025
6.709841,4.608956,4.811071,10.265564,1.615955,1.120205
7.050449,5.035197,2.564345,4.826094,0.222141,1.435849
7.891992,5.326829,2.497782,6.904839,0.578433,0.958650
13.748024,9.347018,11.484559,91.406242,28.409908,48.263309
54.994007,35.757530,49.995007,292.646515,81.967316,138.689804
13.544675,9.074652,21.145861,122.106682,32.654713,27.268991
9.920883,6.759896,3.647422,11.158653,3.491456,4.123713
13.928319,9.571307,4.246952,4.711162,0.559758,1.727352
21.283005,14.268684,22.526121,203.143692,52.217800,28.907511
14.257608,9.766964,3.820595,7.097878,1.208918,1.824822
7.006392,5.061697,3.387598,4.695376,1.614762,2.170662
7.460930,5.333822,3.658234,-0.821815,0.422931,0.401294
66.157616,37.786751,32.027504,310.531860,79.370468,58.414787
9.919027,6.699593,8.301620,15.491051,2.328063,1.466662
30.302670,20.822834,6.628950,21.781549,5.610853,6.862128
9.219242,6.644446,2.930526,10.600984,2.014291,2.039927
17.890734,11.273819,24.725105,290.017426,75.233910,44.013084
16.498457,11.138824,9.332131,16.812851,3.413987,5.208454
62.395836,39.427845,33.191853,30.578478,5.854021,18.421619
14.324813,10.068519,8.697077,12.425780,1.682382,1.412491
7.678823,5.493824,6.530811,10.603328,1.854786,2.088783
30.435019,20.329906,7.899814,11.790440,2.293150,1.656115
8.064781,5.728248,4.125583,5.746908,2.472123,1.878578
9.589098,6.904970,3.306015,4.461691,0.876376,2.551607
6.192486,4.010793,2.481405,6.262479,1.585235,2.424645
15.621576,10.373299,19.177502,124.674629,32.371201,27.554108
9.323666,6.596655,2.323387,1.240080,1.492764,1.717364
14.598285,9.990382,4.343284,10.679998,1.333839,3.424156
25.054388,16.315027,18.494164,158.041595,37.464722,25.819183
16.597971,11.655665,9.198721,17.021425,3.873190,3.767743
13.065987,8.812510,3.267528,4.446417,1.595751,2.861259
17.978992,12.395769,7.051995,17.089392,2.493250,6.390213
85.436043,53.155643,63.289062,228.075058,47.356064,75.220734
15.102694,9.983886,4.526729,8.249637,2.176857,3.091213
6.104726,4.532197,2.288098,2.022144,2.011373,1.571953
19.988966,13.483182,14.017778,12.313626,3.151226,10.655308
7.557783,5.239942,2.975079,9.810126,2.178901,4.679759
15.672080,10.507504,6.246552,10.982725,2.067802,5.187837
5.652981,3.689896,1.985127,3.721265,1.552212,1.963002
24.642271,16.697596,8.660596,10.386548,1.827603,4.711690
56.328156,38.777702,29.015181,71.085785,19.258232,92.654839
31.798311,17.075441,38.272358,457.174744,110.626968,94.402977
20.132465,13.988347,9.109554,11.898488,1.547942,13.881953
9.396780,6.135324,2.957604,8.024835,1.968557,2.024225
19.838982,13.396886,10.866598,174.276794,45.258263,23.143932
14.085386,9.427051,4.513850,6.569942,1.744942,3.323581
15.648255,10.828018,4.871679,21.169104,6.875929,49.363049
7.500892,5.091290,9.643800,25.617653,7.684381,15.632499
19.425087,12.206022,21.185986,310.325012,78.630882,21.116436
12.175334,8.256322,15.076416,325.760193,89.068604,32.169395
6.097178,4.150812,4.124290,9.882160,2.231943,0.844095
27.652695,18.178528,26.842415,121.542664,27.148685,32.881989
16.053003,11.089129,11.569532,15.512221,4.234083,6.429245
15.143559,10.527176,6.211502,5.702562,2.189204,0.944204
20.075186,13.932995,6.844044,11.391433,2.820024,2.875648
5.276083,4.008345,1.942170,11.446136,1.954399,0.344940
15.252054,10.366235,6.425137,29.201572,7.311298,24.179607
15.102361,10.199705,5.604685,8.065477,2.097320,1.500898
9.261731,6.072858,3.084718,8.329138,1.454592,1.511428
17.726614,12.447899,6.886237,8.743896,2.292833,7.077621
7.209360,5.105527,2.974842,5.535540,1.202892,2.030890
12.124302,8.431583,7.458572,11.419335,2.932169,4.311355
27.194189,17.067438,17.787178,156.920441,45.025806,61.335819
11.891442,8.449496,3.625315,6.453389,1.048925,2.507316
10.297278,7.481548,4.394157,5.074039,2.107951,1.764299
13.660579,9.616179,4.258509,10.737678,1.705905,1.452044
5.314423,3.672954,1.842139,3.531428,1.005454,0.602086
7.560924,4.945873,3.063102,2.978276,0.309313,0.169394
61.610546,35.433941,53.940445,142.445343,40.471760,123.018692
21.061155,13.704876,12.616614,67.984879,18.556944,35.766937
11.468681,8.125553,2.827771,1.879535,0.829532,1.211879
14.323805,9.562031,4.580261,15.595264,2.545893,2.940518
26.626360,16.818466,17.080044,292.636993,78.959335,36.794453
6.675776,4.654869,3.373728,3.939430,2.147279,1.437322
25.352293,15.172341,27.561413,220.419662,55.358177,19.675127
37.290440,21.974043,28.405054,406.373688,106.407974,93.271584
40.757938,26.452070,33.830814,136.303009,37.004997,68.847221
7.105864,5.322824,3.291950,7.618613,2.835227,47.430866
17.057587,11.596300,4.850966,7.919370,1.785181,1.266289
12.116824,8.129471,19.434492,56.918282,17.510151,31.582016
13.449753,9.026443,4.006838,12.622116,1.143579,2.575647
22.563974,14.761017,6.767068,7.623293,1.791238,4.792459
15.713490,11.016570,4.498647,6.233181,1.407735,1.966423
14.060489,9.776677,3.795733,10.197526,1.546512,2.116703
5.020175,3.482718,3.913111,12.749731,0.872166,1.594707
18.712465,12.127579,26.564602,154.118439,41.495392,45.180042
28.692917,18.412165,18.195084,98.107101,24.480898,26.573591
10.876371,7.091013,3.647360,19.258024,5.484616,27.104395
74.171288,46.786171,47.121262,148.608185,38.228828,58.907700
44.594315,28.846712,39.293926,376.535858,106.950096,110.940765
33.180473,17.719658,31.315557,409.309784,107.839005,76.391533
18.035160,11.789768,10.742678,161.978210,44.628170,45.616188
62.979801,40.698235,28.698587,97.643677,24.914122,39.679169
18.851770,13.038314,4.564500,9.700663,3.724211,2.092406
28.680338,18.666479,21.606726,166.097931,43.635136,46.336121
7.542470,4.965792,3.164824,9.246414,2.217569,4.298453
5.196323,3.573967,2.952062,6.419562,3.311479,3.937734
21.916695,13.819465,21.527706,185.678162,44.450306,48.211266
4.917044,3.327108,2.212491,4.298429,1.056686,2.363737
11.692927,8.360417,6.871026,18.526878,2.099211,1.492600
13.493936,9.027557,15.885638,39.201527,13.059402,20.115520
18.829847,12.504394,4.839077,6.639322,1.146327,2.804433
20.553892,13.651012,5.145380,8.808995,1.114022,1.250315
4.664542,3.454214,3.524606,8.349417,2.184975,2.783258
26.853001,12.430927,11.696283,24.288736,4.992640,5.983705
15.710434,10.678408,3.731085,5.114315,1.642176,1.649778
17.676311,11.749116,9.576286,102.624374,29.428209,40.489906
42.157131,25.847054,26.775023,152.678986,41.637360,63.743183
6.372141,4.799431,2.907793,6.088161,0.742890,1.034916
16.030386,11.117122,4.640377,7.352242,3.161911,3.040342
24.491987,16.740904,12.183582,89.196800,19.260386,19.891792
7.947704,5.316936,7.831411,24.541994,11.648183,168.065918
16.584318,11.324989,5.473261,74.958458,22.584415,45.341545
6.974433,4.996823,3.241909,9.827110,2.591315,0.689383
14.554055,10.373519,8.302541,12.810045,2.664710,6.746980
12.821538,8.656462,5.912110,11.949753,3.839638,2.517735
6.800002,4.961799,3.293814,8.820339,2.207750,1.467251
8.839532,6.590008,3.442762,5.848609,1.751565,1.861424
14.290071,9.361191,18.643476,311.561737,81.063179,25.173544
41.027756,23.994827,49.345497,170.292221,49.181686,63.294247
11.043905,7.415231,5.348371,9.509407,2.614078,1.458050
19.386168,13.488487,5.502972,7.895478,2.161089,1.786667
12.399645,8.587198,4.157318,7.647260,1.529101,1.250268
4.900853,3.724890,1.729037,4.596673,1.916464,0.273915
27.485184,15.878781,27.707300,511.885162,137.995667,79.635956
52.154430,28.619015,43.015633,182.368729,43.151497,126.502975
50.396603,30.996698,36.756115,385.435516,93.699547,129.742859
23.133892,15.718411,6.875815,5.051725,0.748998,3.082600
37.122303,19.859648,32.977402,523.786499,135.155914,60.842422
9.876297,6.561358,4.900827,14.976357,3.554928,2.794901
23.347986,13.952135,28.594812,323.911865,84.859421,70.334274
10.781043,6.935319,3.561335,10.848407,1.819467,0.633381
43.299412,28.500242,31.056997,384.483368,105.682320,63.897125
10.816473,7.161977,9.692107,19.409729,3.551911,3.923320
10.398192,7.524249,3.659039,2.504954,0.223070,0.733125
7.644582,5.354692,1.750799,8.781334,3.221426,6.669118
8.174845,5.678231,2.816275,4.577035,2.684619,1.639409
5.774306,3.845535,3.753500,8.607109,1.581578,3.766011
8.441170,5.529252,2.671158,4.490690,1.178126,1.184449
8.347759,6.103772,3.915178,6.377111,2.629656,1.780022
14.913349,10.062800,16.762829,50.843197,12.988896,11.956376
12.345485,8.371689,5.004584,7.270162,2.483650,2.932016
9.423359,6.694025,3.093097,5.380978,1.765144,0.395330
23.270258,16.058315,6.736819,11.452171,1.981469,0.689284
12.571623,8.541195,5.389749,10.000447,3.429010,2.045830
30.214893,19.753891,8.891408,21.164471,4.421394,3.196642
39.092896,23.165030,32.382881,400.295471,104.681664,93.972534
32.353382,21.474327,12.139706,13.630896,1.949104,14.004903
17.637608,12.113901,5.213155,8.849609,1.432859,1.429590
16.312843,11.322802,8.737799,15.854577,3.430989,5.116657
16.911585,11.296555,10.992866,23.511154,6.270408,13.182727
9.659641,6.799978,2.937955,3.829730,1.920090,0.608382
12.871489,9.190603,4.039066,3.761516,1.271040,2.163764
6.009119,4.248041,6.813079,11.045219,2.903573,3.595947
11.735731,8.211509,15.558300,485.675781,134.728592,28.914354
31.600901,20.709845,8.100278,14.992423,3.344032,3.805874
5.272044,3.472631,5.212587,7.378756,2.281161,1.535517
4.928288,3.581766,1.753787,6.466717,1.839379,0.926301
6.800037,4.485549,3.194168,9.369953,1.426974,1.566513
6.783613,5.065605,2.334410,3.874467,0.478115,1.389590
36.340466,20.726982,33.046623,198.503769,53.410965,48.717316
25.231398,17.258585,7.247529,13.851732,2.431787,3.718414
11.292931,7.759972,3.166184,2.297949,1.508658,2.724877
17.547720,11.591338,4.915688,9.617425,1.559292,1.433588
5.291431,3.538727,4.636046,6.980224,1.970773,1.296046
21.705114,14.038817,25.315207,115.903831,25.292517,37.920425
15.898828,11.123292,6.468059,15.834050,3.461022,3.846323
66.562691,39.199619,20.929739,127.524300,36.771652,59.894421
5.363526,3.644561,3.926039,10.366000,1.723520,1.792199
47.821266,28.238672,35.117428,306.557404,78.600525,68.403625
13.574070,8.857027,6.056696,12.181847,1.900201,1.553760
27.885786,17.326935,15.302057,380.653870,107.138580,59.464428
18.898088,12.565933,17.188725,278.648804,72.766037,43.475044
19.272572,12.827277,16.322615,83.384865,21.050188,42.160751
26.157269,16.176979,17.762714,204.132065,51.402901,44.281326
21.517941,13.463236,24.384850,224.406036,52.745289,45.561085
30.255329,20.570122,21.864182,29.555134,6.586117,10.089093
9.544280,6.676948,3.060661,1.615014,1.568244,1.571186
79.777359,33.742039,77.287529,319.372986,90.417900,136.286804
10.053770,6.656983,3.414732,9.836153,1.700375,2.216446
16.604382,10.811954,20.870546,267.611206,68.384872,28.463966
11.396336,7.840714,3.377823,6.234340,1.694067,2.088753
9.067307,6.302518,3.642770,7.024632,1.674218,2.864912
8.110449,5.597414,4.097146,11.003463,2.615120,1.349360
43.508297,28.011534,31.514257,239.696533,60.472797,53.274567
6.279574,4.399525,2.235118,1.910921,-0.088462,1.010296
20.521414,13.726058,6.565972,10.900465,1.966335,1.818198
13.839510,9.801822,12.553041,15.636174,3.612774,3.532173
7.192886,5.339998,2.278239,0.359091,0.739630,0.946705
4.689811,3.101678,3.750209,8.875253,2.810921,2.432379
9.919079,7.040181,4.499741,9.242321,1.137990,2.483915
27.088741,17.001766,22.758656,179.285324,42.554577,44.686539
81.174606,39.472851,47.494530,355.047180,91.081314,94.212013
7.890332,5.704035,2.771388,6.293531,0.654100,0.480443
19.581314,13.083421,5.262977,4.588737,1.554857,0.716554
29.227810,19.359646,8.618193,14.877161,1.930877,1.212957
10.000922,6.979588,6.655103,13.136500,3.345776,2.101218
56.347485,29.078753,36.095119,617.822693,165.946335,102.825783
20.686153,13.862046,13.070641,17.686531,3.209320,5.194211
8.801885,6.218295,2.469806,4.743875,1.420205,1.833215
12.091860,8.016391,6.127990,16.677593,5.090141,13.122495
4.320073,3.132273,3.060869,7.314211,0.868846,1.454999
6.997408,4.822288,10.565006,32.955379,11.933992,16.465322
22.073135,14.505020,24.953459,89.749863,24.787018,22.592964
84.224945,48.743084,36.889317,391.963959,107.355919,174.399216
7.397857,5.126035,4.198030,5.606637,1.408632,2.092619
21.686966,14.212666,12.061733,16.201742,4.655058,4.886535
35.034607,22.815491,29.039492,321.151672,80.935059,80.532173
14.876939,9.735444,16.227335,124.347458,32.093761,28.293926
26.664190,18.256708,5.847418,11.827700,1.712874,2.512436
26.449062,17.667767,16.549168,46.939304,20.773575,37.447380
13.153335,8.918985,4.039497,7.745672,2.407136,4.516728
13.714186,9.235481,12.514977,210.349365,57.317352,73.252945
6.050751,4.363334,4.858650,2.777050,2.135143,1.374659
52.338181,32.168636,36.929977,387.301544,101.582405,82.564987
6.934639,4.945084,2.830687,9.962119,0.504763,1.042693
14.225997,9.707726,10.649644,21.396736,5.264918,4.155370
43.324745,24.183685,25.707933,80.525566,23.884369,42.403366
24.037121,15.293245,21.749516,119.168625,28.104980,44.395485
16.171833,10.899523,3.493930,11.684307,2.349188,0.651622
22.950602,14.784637,20.899673,20.460337,3.768106,11.147271
25.022892,15.781502,24.334679,148.940521,36.045593,36.696083
14.093736,9.489377,4.389952,9.118197,2.556221,0.886662
11.911015,8.246389,4.487853,5.984075,1.043836,2.154846
7.777704,5.248824,5.354174,6.239142,1.452709,1.873486
7.696964,5.203544,2.377987,2.488367,0.592380,4.085312
4.622346,3.242768,2.272387,3.931605,1.869132,0.191708
11.297486,7.543891,9.988806,271.073059,71.126144,30.003746
11.940722,8.495819,2.620207,8.167966,0.962907,0.625903
11.291474,7.962367,8.331316,12.711234,4.874126,3.369210
23.045389,16.060591,9.327882,7.154706,0.621723,4.412213
4.692410,3.410320,2.225306,4.733254,0.816269,0.962471
31.865280,19.542767,27.797306,96.826744,29.216230,44.306358
6.820945,4.519800,3.413119,5.023246,1.726651,0.967853
7.661309,5.451344,4.386658,7.710574,2.170456,2.028808
4.865752,3.175681,1.945311,5.676899,1.314674,0.154651
10.079355,7.043812,4.451405,4.679216,1.310510,2.592324
42.474293,27.661158,13.160415,17.564350,3.782280,6.421122
6.343143,4.395909,3.129289,7.001728,0.519079,0.880313
21.373526,14.127658,10.406053,19.202578,4.614783,4.779170
16.225138,11.403652,11.965034,12.434938,2.836205,10.180965
21.504593,14.180848,20.965019,19.685486,4.919859,37.671959
13.976624,9.672117,3.124124,9.864054,1.903284,0.994584
18.445318,12.831078,5.061365,10.764623,2.798874,3.034446
22.243876,14.724835,19.393503,126.664612,28.743673,25.944447
16.091017,10.985227,6.646127,7.183920,2.741027,2.910897
51.509243,30.454021,25.496716,119.000107,31.063618,45.891430
40.778961,23.150450,49.646347,606.993347,148.875793,123.303383
9.400102,6.615955,9.881702,26.052401,6.991844,5.573298
17.722490,12.213608,8.115200,15.840720,4.331421,4.913034
32.261780,20.058437,16.940348,31.685631,6.767532,8.103641
6.910423,4.999870,2.596031,8.666080,1.575417,1.548081
5.675020,3.977258,2.355491,3.080483,0.192249,1.977867
44.375488,20.122406,42.963425,283.803314,70.616455,80.193382
40.997768,23.874746,30.378174,264.648621,71.048264,91.098068
22.737135,13.789712,20.185886,161.421616,35.883163,38.435699
39.939499,23.263235,30.641495,280.997162,74.249352,111.623207
12.732082,9.011267,4.105908,9.170314,2.032161,3.588157
55.900723,36.200764,29.669863,248.179916,63.853973,75.769218
17.231251,11.839675,4.814671,10.625866,2.988811,1.985119
15.707911,10.620385,14.723688,89.133034,24.338108,47.989895
25.510496,16.962196,6.857590,5.899077,2.214256,2.710145
10.316800,7.131595,2.902290,4.269112,1.056304,1.569046
25.210049,17.482975,13.041582,20.183882,4.303061,17.653845
22.232803,14.806357,5.967592,13.054635,2.327332,1.369338
6.452637,4.630454,4.046836,2.642273,0.825997,3.351896
9.975077,6.526922,2.940383,10.055411,0.218531,2.797037
10.722312,7.446414,6.881502,9.370259,0.317525,1.290292
64.015457,36.380383,34.294807,151.988022,37.096142,72.278717
21.584654,13.967811,24.031929,144.052185,37.570553,59.742096
13.368229,9.508504,9.894347,116.866692,30.573605,23.277929
10.367472,7.091682,3.674387,9.272959,2.828589,1.793030
55.186874,33.766632,26.037687,133.966309,36.325897,98.301666
8.410267,5.753368,3.669896,0.062556,0.260853,2.813955
14.451699,9.515647,5.748302,3.656720,1.316506,1.206308
28.841024,19.131214,10.350203,13.991488,2.033348,7.793314
13.712817,9.289743,9.705209,13.769393,3.508856,3.326835
24.649986,16.328295,19.883635,115.214836,28.300123,22.028580
6.073126,4.245087,1.993026,3.267024,0.976252,1.786161
17.379089,11.797147,15.481037,95.327591,24.930079,21.318352
18.256090,12.410673,9.195036,10.446182,1.424186,2.979527
6.302664,4.199100,3.020645,9.294232,1.260422,1.121295
15.856618,10.923623,14.157615,91.461357,25.153023,44.842381
13.626362,9.533121,4.222795,10.517430,2.965924,1.725159
58.620968,34.331257,49.577477,246.370346,61.654175,62.826923
41.370113,27.709454,27.416866,129.993805,31.751457,34.554646
15.223219,10.501315,4.743534,7.092806,-0.000021,2.118450
56.181057,32.849091,33.848076,135.324417,38.140133,75.180077
4.319248,3.161982,2.014735,4.104959,0.709305,0.255913
33.381550,22.167419,29.153051,25.256094,5.338183,45.503178
20.336782,13.976492,6.542446,13.563152,3.976178,3.220995
13.557335,8.972903,4.971133,6.506989,2.217626,5.535505
58.062660,31.884796,54.815315,334.858917,82.956749,165.444229
27.023031,18.188545,12.305471,18.270157,1.473133,4.560470
41.759312,19.493685,11.991526,16.471973,4.536040,3.835053
19.478777,13.024299,7.891770,20.915985,3.940134,3.336584
20.164074,13.805721,6.395198,7.549241,1.876845,3.132415
21.126196,13.993857,7.125954,10.550949,2.084680,2.765029
29.926817,19.443991,15.830867,91.594971,24.553192,39.111065
15.699571,10.809646,4.625269,15.238759,2.035763,1.664581
14.703795,10.305922,7.853282,8.151682,2.513665,6.517815
11.435122,7.750607,3.375029,10.601550,1.003197,0.598897
31.831703,21.301104,8.613973,14.107162,1.835112,5.158217
25.204350,17.277494,13.809625,30.209633,5.280034,7.167159
84.137779,48.873714,57.435513,363.283112,106.416618,183.613602
6.852856,4.919601,2.642642,14.870574,3.149884,28.718956
22.062719,13.839087,23.785067,205.135513,47.177418,18.975798
10.990560,7.104454,6.584991,158.265640,44.573097,35.669476
15.246565,10.246204,3.380144,12.763316,1.797718,0.983113
15.392076,9.776669,16.898542,220.873108,59.521275,49.737053
33.767139,21.390945,26.868359,284.063416,85.440407,83.685593
18.232967,12.303661,5.342015,11.113238,2.197793,1.926181
17.899961,12.433846,8.615638,11.941844,3.925001,3.538006
50.912312,32.073586,19.755573,258.993896,71.506653,75.227783
28.305347,18.364517,17.445787,59.789093,17.196632,12.322005
9.890698,6.673863,6.547680,9.475750,2.207978,3.309177
8.339299,5.569898,15.022326,18.529249,4.292027,12.562600
22.598593,15.141348,14.269993,73.694328,18.997759,41.631615
35.414139,22.888865,14.104027,118.378754,33.729206,48.257202
56.869862,36.169872,23.103132,80.545746,22.878532,56.564278
35.821621,20.342274,32.573349,268.428650,73.403870,114.428627
57.149158,33.070633,37.169693,303.753540,80.949814,88.460686
45.200481,25.291618,33.460495,337.952393,88.343422,56.600037
6.521698,4.594698,9.261793,6.419648,1.937252,3.032261
28.099133,18.031359,8.300209,14.826664,2.530995,3.091516
16.192108,11.294403,5.409493,17.250422,4.100624,2.282844
7.195185,5.228057,2.488422,5.505634,2.967343,0.846200
27.525059,18.459873,15.760285,107.088120,32.421844,55.381348
13.494671,9.120470,4.039593,12.073057,2.424396,2.681770
82.617523,39.313564,50.340858,271.630157,73.852852,208.095474
28.565365,19.231361,11.712468,27.382816,6.337030,8.638902
8.007826,5.427089,2.968332,6.485452,1.575005,2.688920
11.531631,7.720521,12.462650,207.190628,53.554165,31.613964
21.027315,14.182329,4.813810,13.145445,2.065565,1.764085
26.489761,17.108675,18.483524,126.190559,29.777458,23.724911
35.146534,20.324404,29.840111,470.699646,118.506828,52.946285
5.751780,4.124843,1.731963,5.067895,0.953919,0.775206
7.691588,5.144201,6.397574,5.200852,1.945778,2.620479
8.495939,5.795182,4.781569,3.585752,1.229004,3.140404
29.971655,19.436195,14.772941,18.290724,3.390263,6.386919
22.410976,12.849747,31.333506,476.258881,124.359734,73.907928
11.435399,7.897498,6.213810,12.850178,2.406394,2.920726
14.900441,9.926969,5.799192,11.746680,1.217708,1.071705
11.416138,7.871397,3.368717,3.193298,2.760060,25.812473
14.499680,9.514066,3.457501,9.571993,2.304585,1.022487
19.378723,13.278689,7.208138,14.896742,2.821917,1.287290
9.166982,6.367522,5.142633,13.193604,2.684498,3.264051
16.497789,10.772590,12.941896,377.879517,100.638214,38.337421
14.093102,9.436806,4.017828,9.771327,1.312850,1.129460
81.705284,47.732365,56.974594,290.139618,75.085274,144.028915
73.840622,43.700047,36.754910,258.113922,69.416840,89.645569
14.580145,10.237032,4.683753,9.111536,1.224359,2.656516
23.146053,15.465129,19.187389,89.795578,23.229185,33.853493
29.231764,19.566963,6.975738,9.693321,1.503392,3.776222
33.760723,22.643675,9.992503,15.331277,2.269119,3.623856
11.299709,7.280447,8.557816,248.681778,66.931343,34.994194
48.106255,27.148272,40.360355,230.723724,59.274612,92.269806
25.205349,15.133844,33.376171,449.577515,108.823494,59.028690
10.169160,7.047740,4.113533,3.594078,1.319920,1.069968
4.880771,3.238328,1.836639,5.230042,0.733284,0.999224
14.405123,9.756027,4.456791,12.550300,2.492882,3.224832
20.146576,13.011691,17.220581,135.768585,33.718750,35.243935
4.934857,3.403835,1.771385,7.435016,1.666364,1.286996
17.977200,12.266099,12.219698,17.620100,2.704873,5.473788
6.254896,4.306812,2.192574,7.696002,1.179356,0.395327
15.855893,10.838449,5.197432,11.944670,3.582196,3.485565
7.878229,5.138354,3.778030,11.095128,4.677845,7.508177
7.732521,5.196395,2.906925,6.894152,0.611045,1.102375
5.315174,3.824048,2.794212,12.514997,3.301882,28.442041
6.403493,4.257688,4.236007,7.032077,2.640435,2.305971
36.886684,24.140057,22.008947,19.212772,4.214721,8.611916
8.600780,6.123721,7.584311,13.829926,3.702333,4.860343
20.131607,13.365264,5.447005,16.498793,3.281823,1.166150
17.824055,10.640787,8.066657,13.967959,3.082393,4.551654
17.876238,11.912846,9.675883,11.766253,2.024989,2.365050
9.645133,6.799135,3.649610,4.661884,1.152985,1.253783
6.096381,4.219134,3.870770,6.667259,1.131038,2.531845
15.357617,10.314171,15.612232,149.338013,40.285511,33.636250
5.602138,3.841615,1.694296,6.299857,1.382155,1.506892
17.274906,11.593306,4.516917,3.474818,1.002675,0.382033
5.589200,4.009314,1.916125,3.945464,2.057892,2.146299
13.815226,9.671429,9.628828,26.006838,6.038724,8.712083
9.904277,6.935319,6.624372,10.711579,1.317983,3.263041
22.813496,15.304034,7.004050,11.540003,2.641461,3.527489
8.153018,5.659906,3.281830,9.033665,1.272390,1.030098
16.253008,11.325560,3.806117,12.689166,2.148838,2.402513
4.143987,2.973555,3.066953,9.852420,2.543351,1.381082
30.639290,19.905508,38.904163,289.050354,70.857353,44.945187
31.741819,17.797688,30.172682,790.174255,213.819214,130.764191
18.583733,12.362198,16.792755,240.930405,60.025154,30.500580
33.033703,18.078794,24.209913,276.536560,73.206543,61.897015
60.207294,34.429760,39.350155,161.816254,43.738346,216.301041
27.229496,16.364407,20.023674,92.671745,26.223412,60.454834
8.563574,6.127884,3.592481,7.243604,1.880773,1.485503
37.293289,23.956501,19.210899,224.592453,65.189735,60.024895
34.712875,19.887932,39.455460,444.702911,119.438759,77.766579
39.124989,22.667522,26.477049,383.489655,96.626129,72.303177
32.000565,21.074457,11.038128,16.509613,3.375101,3.747297
8.516438,5.775660,2.899558,4.075684,1.794834,0.902387
16.994440,11.395948,14.552422,82.539490,21.974957,44.182098
30.033407,19.487616,10.534950,15.155692,3.836314,5.063598
15.478990,10.505135,7.357835,17.537554,3.209903,5.114213
17.232357,12.162864,5.924606,15.462480,4.463012,2.521199
17.091507,11.012368,16.524218,191.656570,51.031223,59.127838
9.024691,6.268127,4.131111,2.033771,2.924074,1.746725
6.729326,4.861928,3.643271,10.443322,2.025835,1.108159
50.365166,32.776367,27.000025,166.083344,47.001419,161.536850
20.915047,13.658131,21.667997,324.537140,82.346100,35.053303
24.081635,16.504608,20.162708,18.600901,4.643816,8.396171
4.983421,3.499260,1.726377,6.611607,1.413701,1.202492
8.661818,6.182261,3.277092,6.649173,1.185518,1.224933
33.413845,21.206852,35.528030,261.639252,69.434807,149.928635
53.806999,33.624706,26.485342,345.809723,84.726387,97.814018
13.046917,8.782210,3.967173,5.012340,2.079308,1.565752
38.442673,23.986572,17.654160,175.280930,46.118359,47.356594
9.621788,6.438788,3.674595,12.122876,1.619044,1.605552
39.940994,17.140419,13.226887,14.186060,2.568404,10.966564
40.049397,17.102417,13.771359,17.729736,2.584836,9.755508
39.214050,22.903959,25.224503,260.692627,69.208824,46.861958
11.047874,7.512074,2.815821,5.581666,1.207373,0.986179
25.934675,17.599064,10.684544,14.703130,2.030289,11.193254
5.897800,4.003893,4.289516,7.872453,2.372347,2.086099
25.388424,16.796350,6.995420,6.002029,2.405585,1.431996
16.693413,11.494496,7.340276,10.188256,2.038529,3.811727
18.189497,12.470193,20.962360,175.202118,47.194942,80.436409
17.218349,11.836467,6.620442,10.621106,1.659928,2.937983
7.516715,5.084725,2.488845,2.851992,3.047103,0.515320
5.087688,3.357519,3.436165,13.940987,2.201823,2.780396
24.493378,15.743799,14.788485,19.548359,3.597228,5.671752
23.175417,15.034258,20.322208,135.280457,34.357670,30.753983
4.694520,3.253093,2.035943,3.864452,1.261562,1.823339
19.656826,13.111601,9.637696,169.105148,44.845673,73.132904
6.980700,5.122554,2.863895,9.476623,0.807196,0.543153
18.758263,12.711843,5.604228,8.298769,1.570467,10.136467
13.852348,9.578495,7.849954,19.434113,4.464141,2.604924
5.824999,3.874865,1.794680,8.070621,0.431376,0.829593
14.203671,9.566657,3.728732,15.353553,2.668555,1.541625
11.632658,7.854904,4.399238,7.901404,2.307839,2.228159
11.852062,8.252327,5.175295,8.686242,2.235696,2.599755
7.198395,5.089605,4.262341,8.958554,2.902980,2.762286
15.724798,10.920376,13.033683,23.333227,5.087857,5.113882
28.975651,17.869062,25.661209,260.362915,64.303474,45.125561
14.643795,10.074567,4.590220,12.692654,2.553214,2.402659
6.679322,4.255127,2.101863,3.059175,1.399443,1.128543
6.714373,4.598295,2.521798,7.469915,2.007188,0.663613
16.231609,11.552517,4.740237,2.105012,0.729095,1.692463
17.099054,11.652519,4.806818,4.008678,1.815032,2.977989
37.199230,22.718334,22.312204,19.283499,2.699031,27.217598
7.745509,5.636667,2.249307,5.149611,-0.121153,0.204762
23.303305,15.483346,11.673853,59.355068,15.620649,32.175953
22.235218,14.443519,25.106134,83.894379,23.595570,22.803112
5.440859,3.589342,2.184700,5.560797,1.816376,1.093012
33.267036,22.352152,12.273305,21.332682,3.419230,3.921984
9.836198,6.478058,11.200622,32.368828,9.790947,11.042143
19.251059,12.780787,6.550607,14.170807,3.112664,3.060722
18.118263,12.508357,4.331109,7.676818,1.057401,1.703345
14.416378,9.640903,8.973363,6.576982,1.502771,10.286863
32.586628,21.934381,30.523335,177.471268,49.218956,145.316818
15.490968,10.422565,10.848985,13.260024,1.843845,7.577821
16.244253,10.877706,16.705111,85.742439,25.157930,16.959009
8.875768,6.474742,6.384820,10.516397,2.698212,2.280410
25.565826,17.259777,7.834835,6.362229,1.476554,1.696518
8.314022,5.765668,2.762949,7.646066,1.036962,0.910620
79.665710,39.734173,40.935917,423.334808,112.053627,103.799339
17.643169,12.199317,4.237779,8.067142,1.078949,2.474353
23.048004,13.773624,24.795576,280.807037,75.022820,61.074223
11.753932,8.025526,5.501435,11.910323,2.904165,2.569564
10.899310,7.229687,2.887408,9.340784,2.071947,1.111514
18.689093,12.258556,5.767209,6.671227,1.706862,3.800829
47.328480,31.253628,32.916145,300.193909,78.919777,36.002907
11.046588,7.887482,6.931309,12.309922,3.630091,13.251678
16.633982,11.561454,6.271520,7.503683,1.221866,1.964584
17.750046,12.160798,9.841755,99.019051,27.195816,39.694233
16.502962,11.078478,4.362319,14.155488,2.438345,2.580291
23.941353,15.711524,22.490751,64.362900,19.565100,32.292873
14.844769,10.036694,35.172550,207.753891,60.668686,92.971130
6.387035,4.322465,2.210027,5.537015,0.754731,2.286684
20.029770,13.411351,20.316189,82.612503,20.253054,22.014614
45.314022,26.666361,31.337816,264.622894,79.079414,111.710426
4.399529,3.309934,1.517568,1.973878,0.434028,1.449491
7.453689,5.094791,2.241373,4.864246,0.169498,0.747819
5.208125,3.823070,3.586021,9.117432,1.988183,2.632081
13.465784,8.638235,16.523722,114.615166,28.128971,32.989136
16.005693,10.365211,18.668003,224.903229,61.204182,31.518909
18.175072,12.101953,4.370544,27.923256,9.216765,76.016830
7.244389,5.161448,3.346860,8.277607,2.103554,2.065654
37.432880,21.309746,40.752014,605.890991,172.229126,126.358894
13.650963,8.740182,11.191180,284.569763,79.480713,40.572090
12.999413,9.218317,4.741921,10.688058,2.143311,2.378388
22.535301,15.118343,10.524453,20.114767,5.625638,6.159861
12.135867,8.306864,8.396386,15.396710,4.427844,6.888052
55.040936,32.846329,29.982571,133.773361,34.575855,87.232491
4.029702,3.103095,3.173391,5.021105,0.224614,2.001293
6.060613,4.349009,5.154677,14.841809,3.596627,2.392604
11.911321,8.349649,4.251359,3.108253,-0.359175,1.499113
14.637115,9.920756,6.655262,14.664062,4.032085,6.045852
10.103723,7.262259,3.386953,5.965892,2.748467,0.633004
54.300549,33.713806,48.001469,190.023087,51.708778,160.336807
17.889158,12.023321,12.684752,19.417055,4.760537,2.668302
7.832175,5.392632,3.418884,11.028287,2.433516,2.822894
18.263174,12.141547,4.896479,7.203058,2.509468,2.604001
10.120485,6.941945,2.903673,9.340763,0.513043,2.963279
4.310442,3.317116,1.572100,4.004660,0.534647,0.499829
20.043667,13.577254,7.415690,10.201638,2.429846,3.670354
27.850355,17.022291,35.514015,253.917725,61.987766,60.210346
5.819045,4.005857,1.855795,3.243481,0.744092,1.206624
5.914558,4.040005,2.838672,5.616496,1.378891,1.249602
26.093567,17.170828,15.592430,88.967278,22.739521,23.292971
60.906700,31.085213,27.315836,200.497925,60.655216,49.504364
41.923172,19.000935,25.452990,233.124268,57.123981,36.051792
15.494035,10.053729,15.786949,386.795563,102.925949,32.459496
5.684247,4.193547,2.592174,6.322138,1.056331,1.713937
7.721828,5.077725,2.332719,9.570354,1.536138,1.537150
4.932538,3.455701,1.955005,4.862981,2.150360,0.365452
17.204691,11.298387,13.860062,242.128464,61.941914,42.448891
7.469247,5.087978,3.302560,7.789276,1.060369,1.315061
4.560630,3.394975,3.634222,8.082676,1.494332,1.357890
28.833521,18.779264,12.242293,21.125553,5.550989,23.440561
7.718976,5.068634,4.776585,10.233387,1.643017,1.783993
25.118340,16.497784,21.486212,106.846703,24.982599,29.451817
16.187899,11.283773,12.400860,18.172430,6.792711,13.405127
10.548023,6.814585,3.203145,3.852840,1.214243,0.747859
16.521700,11.784075,4.551041,8.708876,0.739562,2.079547
15.793382,10.841533,4.378647,7.277135,3.416500,10.626837
21.406136,14.697055,10.182167,16.696774,3.371295,3.546779
17.500612,12.015878,6.327757,20.098055,8.008302,12.517485
19.481716,13.172056,7.228917,354.752319,95.711113,25.226292
99.649139,47.079857,39.801479,134.936188,31.839258,98.809937
17.239866,11.889676,8.144165,16.668272,3.615759,4.257573
19.459070,12.875040,14.766121,21.957361,5.816855,9.700485
8.459086,5.711560,2.402411,7.566548,0.904377,1.862132
13.726135,8.863935,14.513288,256.128998,72.180214,37.064705
8.260306,5.549036,2.315098,8.028010,2.370067,1.440079
20.393805,14.002782,9.290221,28.256027,8.266136,15.136215
14.354812,9.497869,4.947441,19.388548,6.091518,13.088410
18.468399,12.275167,18.293917,379.707275,99.858406,32.537582
22.014212,15.173336,5.936960,10.240321,1.165508,2.237011
14.114758,10.226256,2.920481,4.302004,1.890199,0.235610
6.643732,4.617273,7.846597,10.075283,2.523669,9.085455
36.784195,21.855499,45.336525,217.927109,59.016804,100.861496
17.840864,12.003701,8.138061,17.364038,2.794183,2.493480
9.708440,6.619552,3.429491,8.963033,1.629162,1.605154
51.397968,29.639652,29.502283,150.227295,37.809780,48.483406
9.759871,6.641535,4.324511,6.513360,1.350822,1.062469
31.915243,18.950283,32.299789,267.598053,84.566780,107.400681
8.466222,5.974509,2.904415,2.741170,0.650355,1.286072
62.473652,36.595444,55.072060,342.792328,84.479568,240.477127
17.789692,11.967793,4.876233,8.657368,1.678101,1.663624
6.427603,4.271806,4.084373,7.665238,0.631113,2.782449
52.093494,30.997385,34.476383,296.715027,80.747711,49.310585
22.721991,11.078888,9.844318,98.403084,18.319128,6.715157
60.562378,33.441883,40.948299,222.760437,55.161808,90.473549
8.999749,6.417006,4.287732,6.669575,1.678857,1.667681
9.724446,6.850301,2.916786,4.704048,2.304016,1.392806
35.098839,22.261036,21.094137,94.225563,23.036537,80.094810
22.850899,15.416998,12.257730,17.592133,3.919161,3.423903
98.411369,53.731636,58.273670,481.573547,133.764175,135.867630
8.356751,6.152707,2.935040,1.712445,0.823633,0.662973
20.934143,13.133222,23.318651,248.469345,62.714622,42.735855
17.637705,11.775238,7.614943,15.323044,2.968698,5.034139
6.382779,4.261604,2.170702,1.737461,0.171332,1.493636
5.186117,3.510781,2.037817,5.864983,0.918926,0.370188
14.912396,9.858242,4.509096,6.049054,2.730912,2.101709
9.430935,6.491223,2.830013,5.796699,2.260755,1.355607
20.898975,14.138554,6.590887,9.380459,1.810941,7.503645
37.089947,20.649220,12.088786,16.406576,3.418143,5.850887
7.490985,5.277033,3.312027,4.211416,0.896342,1.733189
5.001745,3.804836,1.765637,12.288077,4.541271,4.980257
10.702605,7.821811,3.751452,7.474118,1.669213,1.046964
12.703549,8.485488,7.855923,15.909201,5.555982,38.531567
40.036152,24.655092,34.232037,333.608246,87.037880,76.071167
22.199549,15.275534,8.082897,11.133373,2.968611,2.322915
15.483817,10.350883,5.181074,8.779363,3.055578,2.827074
9.905801,6.822176,3.358621,13.628471,0.871937,2.235429
12.413812,8.272221,18.076380,298.162903,83.010391,39.660587
32.888893,17.278076,31.609282,444.161865,119.510963,91.494759
22.878229,15.686326,9.537930,7.756250,1.765252,8.389957
58.573574,34.442692,37.534531,273.867096,76.392616,189.029312
10.885999,7.301628,5.510535,16.975262,2.913040,4.189326
21.901823,14.679462,7.157639,9.270365,1.665378,2.235565
11.064427,7.883870,2.396531,5.581900,1.005919,2.321274
14.803914,10.597265,4.443372,7.415601,2.035501,1.664366
25.890585,17.381950,8.102418,8.602257,1.710942,2.397729
43.041454,26.213015,28.029346,162.096817,40.962215,56.500912
22.180244,15.491597,9.435159,16.382586,3.265312,3.464767
24.707228,15.153177,19.555264,278.975403,81.400642,60.263893
11.984234,8.209923,3.439931,8.290869,1.484632,1.319592
37.257824,23.097139,23.435040,286.150146,69.543678,17.590136
11.928507,8.275961,3.410874,5.989548,1.393749,0.879711
29.924356,19.493853,19.895834,20.546064,4.709318,6.801736
9.975161,6.431167,4.290718,8.191751,2.023496,1.055822
18.007332,12.164997,18.597794,22.159487,3.690718,13.543758
75.000389,34.371902,56.178886,430.186096,119.729500,77.494423
37.483013,22.427410,19.551275,129.130493,35.559071,53.626617
23.360531,15.247328,13.619281,31.659409,12.575323,38.888393
28.569284,19.297421,10.773764,11.078762,2.067118,3.775576
5.503229,3.971517,2.280097,5.125332,0.845522,1.002037
11.322426,7.849428,2.913713,4.893209,1.666502,1.203736
14.887993,9.953031,9.439287,15.617515,4.260122,4.422307
4.780736,3.520991,1.612083,4.327340,1.280383,-0.579420
10.590096,7.657929,3.238077,5.267967,0.749974,2.014605
12.931417,9.044551,5.938228,13.662563,1.447533,3.407947
5.448991,3.689316,2.170036,5.947692,1.875096,1.325128
4.346689,3.240182,6.220395,12.730827,1.222929,0.959200
14.061928,8.822878,12.767386,177.186005,43.612400,29.025543
25.075998,16.497883,18.597017,131.850128,35.350784,30.421535
9.565321,6.836090,2.889964,2.703142,1.956185,1.988854
52.373501,32.278034,34.376259,128.436340,34.815430,88.418655
61.951355,34.439129,39.565212,382.132965,104.207314,138.282745
7.847433,5.647823,2.748018,3.926370,1.426264,0.893128
10.287831,6.719855,3.140152,4.575419,0.632310,0.842814
10.783255,7.107925,3.903772,10.148580,1.703621,1.878249
14.575599,9.474627,13.660162,223.065323,56.580147,35.915398
36.607288,13.703250,36.830982,326.907776,87.161453,54.917442
22.823486,15.467540,8.455764,13.336190,3.419406,1.729698
12.314619,8.346375,6.872723,16.992186,3.618731,2.971164
74.565346,43.830044,25.243872,137.974045,40.217636,43.709236
11.075275,7.625888,6.166833,13.228168,3.347646,2.213399
33.641602,21.736818,26.409214,23.528238,4.440556,39.763786
22.205814,14.863116,28.725256,49.411392,11.546079,7.137643
7.051948,4.886479,3.011531,1.777048,-0.117141,0.116646
5.272179,3.880705,3.194358,6.953923,1.373731,2.436841
52.637634,30.780956,25.175261,352.013611,91.988113,66.836823
14.871244,10.180018,7.558234,16.836853,4.567905,3.185900
54.274502,29.787262,42.526096,352.976593,93.236877,91.915939
50.810493,31.863556,32.927719,146.204239,37.762348,87.553825
9.402949,6.214893,3.605617,8.406371,0.886485,2.252985
39.471127,26.512104,18.368319,116.236595,33.059898,40.148869
19.196323,12.553209,18.389259,183.500916,47.594543,23.711725
15.045602,10.000924,17.520344,274.807678,72.375427,36.358410
5.512039,3.879906,1.783780,5.251744,1.300183,2.636407
77.748886,45.422894,48.023781,290.316071,78.673676,110.505753
13.573047,9.427881,4.362670,8.929984,1.026683,1.440696
20.887241,13.560841,15.146483,237.592026,60.598564,21.360090
12.486643,7.997775,11.928535,181.536942,47.833904,17.892714
34.783394,22.543804,28.034870,30.950388,6.451671,9.904796
5.453897,3.737144,3.921532,8.477944,2.831974,2.353358
12.890104,8.933804,8.759223,19.681477,3.814345,6.434597
5.794175,3.884663,1.952442,1.358680,-0.344533,0.229860
39.879814,24.469257,30.779560,351.462402,96.419136,74.156982
17.548395,11.533999,23.490322,275.655151,68.552856,35.690273
13.403559,9.283663,4.086721,5.999784,1.776595,1.107356
18.324141,12.281427,7.756342,14.267984,3.040738,2.767567
10.427940,7.198586,3.998513,5.723963,1.811727,1.614619
8.308883,5.426748,2.399719,7.128691,1.112022,1.814249
27.052885,17.585209,31.314466,175.960831,46.317337,34.202923
32.064480,19.902956,8.493272,10.219350,2.428423,7.236912
43.996017,28.906672,16.822260,82.373123,21.561100,44.390511
5.991687,4.086548,4.702461,11.878683,2.410669,1.585789
11.844769,7.870987,3.709725,7.385701,2.201587,1.282069
10.979449,7.739456,4.853991,7.385345,1.975198,3.695285
26.824064,17.102186,33.328934,118.023209,29.448957,61.120094
13.014024,8.559213,4.228484,8.789991,2.463301,1.969481
30.971796,18.982592,23.675035,244.704254,64.098930,33.165970
8.418049,5.764211,2.780357,7.808399,1.781210,1.180404
10.894597,7.443671,3.522894,6.457333,1.988697,2.313541
27.127527,16.708727,25.618929,155.478317,39.472458,29.136320
7.196944,4.989909,7.154439,171.108093,44.645988,17.269005
7.370910,5.149744,3.491480,10.632238,3.348072,5.507108
9.913100,6.871436,3.345416,4.779363,1.694311,1.004923
37.387432,22.278570,44.242142,314.878387,86.274002,81.672035
24.592287,16.587934,17.954903,168.395981,48.959278,27.075695
24.104004,16.189976,11.761454,11.851027,3.388553,5.027522
71.280876,39.493832,23.879450,130.261292,35.028378,111.792648
5.254654,3.704257,4.074999,10.558138,1.308093,2.447584
8.359156,6.105666,2.608192,9.800650,2.730016,2.310819
14.050296,9.891002,5.533918,6.136946,2.159728,0.916645
30.387957,18.763407,21.944323,60.124474,20.707390,43.517143
19.543432,12.871665,15.963761,89.848923,23.453083,42.568909
35.598095,21.318859,28.240334,199.298126,49.795361,37.974464
21.206261,14.122540,7.314586,8.083157,2.176538,1.947852
6.401749,4.546059,2.127194,23.414919,7.257524,18.183971
14.317017,9.315001,17.674078,175.791504,44.012405,23.638153
22.533762,14.850488,6.497338,8.343941,0.703678,3.770197
15.815016,10.710498,6.464662,17.038332,3.890066,4.457476
23.113800,15.268979,22.873388,70.239410,19.799530,37.267078
6.779141,4.483292,3.042210,7.967948,2.399385,1.211565
7.861254,5.473742,3.029038,11.795322,2.722231,2.135393
7.131155,4.726188,2.843971,6.899531,2.374379,0.989311
8.654199,5.870729,3.744997,12.687969,2.327157,1.143413
14.617669,9.965522,4.491151,10.056146,2.402557,1.998607
12.197054,8.296123,11.858841,15.985746,3.064307,6.968360
34.747520,21.332785,32.504234,196.922729,49.301838,45.810150
11.582231,7.691997,11.129385,16.955954,3.520637,2.426809
23.519831,15.964051,8.630193,15.650857,2.497042,10.725821
15.190885,10.041656,4.024382,4.265480,3.281179,2.450151
7.413728,5.010066,2.307501,4.952244,0.330548,1.752783
86.412430,51.999626,60.554359,363.478790,94.011467,141.558838
8.442651,5.699251,4.626742,12.198459,2.450336,1.799613
36.289337,24.058378,29.135338,234.225311,61.151821,37.604397
6.785382,4.890079,2.305511,3.399492,1.919566,1.263503
14.945148,10.601254,4.535940,3.649175,0.944761,3.769649
16.576366,10.849112,16.717518,127.453400,33.747307,21.966524
7.939581,5.054689,3.308617,2.918643,1.319936,2.619972
52.718830,30.765779,36.029194,285.859406,78.742577,94.196014
28.051636,18.848015,7.613497,5.423971,1.661587,4.687771
71.766983,38.629505,40.550884,362.076996,94.776474,95.485649
34.267113,22.880142,9.770098,11.758533,3.124915,4.817703
7.256997,5.201594,3.566997,12.423356,3.123266,2.555065
41.014484,26.949877,21.163073,31.918869,8.376736,8.582582
18.834114,12.105051,17.175068,165.520096,39.707432,29.398754
12.807052,9.206012,5.066670,9.560110,2.336158,19.674320
13.144267,8.825271,3.844748,10.751360,2.093589,2.032407
45.823757,27.223946,28.567484,227.292816,59.360050,69.751274
8.692732,5.847713,4.312128,10.621694,2.660505,0.877114
24.118111,16.635954,8.558082,9.065852,1.062260,1.798106
34.727638,18.178511,21.316502,126.213905,30.483440,20.211023
14.497400,9.475283,9.611849,13.762938,3.926028,8.329368
13.228675,8.611602,4.469842,11.858215,2.005651,2.114454
28.665855,19.161558,11.621008,20.846972,5.196929,3.693723
40.496635,26.937654,9.769381,15.919443,2.368637,6.288618
61.388428,35.808678,34.353546,172.282364,44.829269,73.331985
8.091604,5.641285,3.884433,6.113729,1.181943,1.997722
12.901355,9.120577,9.152379,25.386639,5.643281,6.466800
12.329282,8.740792,6.888977,148.280548,46.170464,50.021317
7.859454,5.457533,3.172084,6.531679,2.348819,0.796957
11.608267,7.930225,11.395329,31.614788,10.819654,218.645020
10.061085,7.152020,5.001840,12.648189,2.492779,2.479938
16.663811,11.369037,13.821562,151.592987,40.877644,34.167461
66.532562,41.879997,35.822598,341.019501,89.074203,99.807076
18.421837,12.609931,8.971821,11.221113,2.397126,4.488366
24.105532,15.371816,13.145149,28.266790,6.329592,4.498784
5.279331,3.746274,3.428544,7.066825,1.047945,2.833906
87.756302,52.785748,73.270927,275.676086,68.895821,198.021927
17.008690,11.909986,5.470703,12.597151,2.646993,5.079362
15.075612,10.577602,6.775199,12.273531,1.158582,4.160416
12.693272,8.715480,3.492771,5.609065,0.682491,1.335880
10.765755,7.653453,3.771648,6.608458,0.035475,1.289018
39.173367,24.880875,24.700716,27.203697,5.179896,23.233240
54.773533,26.316090,57.356972,289.566528,75.110649,96.206696
7.758290,5.665189,3.899320,7.473745,2.514197,4.540201
17.776995,11.761969,6.109970,14.288247,2.214899,3.061779
6.129005,4.301345,3.657504,3.572405,1.390872,0.219260
30.125372,20.769938,10.801755,24.890425,7.170740,5.195621
68.984909,41.024624,34.881290,177.604950,46.477554,109.148499
60.397728,35.816811,63.971325,227.169647,54.974880,159.202072
6.511200,4.438619,4.060377,6.203171,1.925955,2.833884
35.409039,20.540712,31.175930,421.957031,111.822502,45.573902
17.092993,12.117731,6.004189,2.368780,1.003120,4.093591
61.763947,36.662289,23.352823,113.041191,30.013531,30.325443
20.192684,12.328210,21.060780,466.917084,124.372871,26.839748
13.862559,9.397640,5.039710,10.573219,3.153035,2.510656
10.130304,6.785964,4.660150,7.020789,0.980723,0.752810
6.694460,4.905439,3.744510,4.217427,1.399722,2.114280
21.333273,14.524760,10.759610,33.726173,12.357225,15.318089
19.987850,13.636681,10.786463,17.739836,2.924792,2.891421
56.995365,33.435085,39.245728,235.233902,67.313049,153.342255
6.117904,4.026108,2.112513,3.291244,0.543391,1.260442
50.033497,28.968464,39.655994,378.635376,99.978905,98.541420
6.857520,4.938754,2.285722,3.573585,-0.188209,2.244500
5.419045,3.579378,1.956221,0.052957,0.628982,1.372792
27.120487,17.968893,27.162821,318.033813,84.771049,45.276924
26.037531,16.747105,22.358000,103.988174,23.517496,26.594688
13.426406,9.063476,10.229156,337.350555,86.518333,45.725529
8.666716,6.139466,2.499236,6.695949,2.432738,1.261886
10.757413,7.204095,2.852058,3.275064,1.786567,1.624248
45.319462,28.906748,28.947702,293.581207,75.876938,63.831516
9.629736,6.760326,2.276465,1.798478,0.033557,1.107078
55.275352,34.171425,26.227777,96.093216,26.503908,73.572479
18.256044,12.360407,4.986663,8.566908,2.346534,1.943864
5.784836,3.902323,3.940326,7.196089,2.366846,1.939556
10.239567,6.935868,7.074811,12.681277,3.154427,3.581901
16.276855,10.913717,4.511952,8.646782,1.338987,2.336701
11.619945,7.558676,9.195775,33.318493,8.910131,5.056790
10.100437,6.829602,11.222104,165.308960,44.265697,41.224365
43.006989,27.434319,22.450081,175.812912,46.724632,77.846809
13.966710,9.465023,3.812339,5.548176,1.303029,2.801494
35.553936,21.232328,34.031261,170.718460,47.746048,83.980064
25.781036,17.020477,10.127370,16.441999,3.836172,4.165183
6.111581,4.463593,2.723597,7.393091,1.677035,1.601874
6.442460,4.354551,1.605998,6.788605,0.948376,1.305427
7.978039,5.620238,2.519941,3.140343,0.261648,1.270418
28.187056,18.747072,16.168037,46.370037,14.040922,19.442749
42.381794,25.591078,37.762756,228.384781,60.011322,62.828899
6.212519,4.308481,2.220805,5.913766,1.087512,1.422687
7.364028,5.408817,3.289073,4.039451,1.131642,1.307293
67.687950,44.460888,31.344522,222.891830,62.347084,77.010223
79.027084,48.650768,44.333271,131.403961,36.203388,169.671219
13.423046,9.165783,13.127737,23.146217,5.441183,6.981232
16.855082,11.264713,4.068921,5.967727,1.179745,2.426236
10.315511,7.388039,3.402011,7.557336,1.454573,0.595968
25.044619,16.056646,15.640130,316.611694,88.358215,80.724823
21.219269,12.990180,7.240262,22.654459,3.540084,6.987602
15.447827,9.966712,16.404282,102.508057,28.926760,38.640961
37.535637,25.140467,16.251955,19.265644,4.618782,3.657208
17.960741,12.225013,5.557568,8.518188,3.590884,1.396668
7.758187,5.414115,2.819972,6.526799,0.221718,0.305006
7.636314,5.252589,4.114740,2.072206,1.341765,2.057133
10.970748,7.669008,4.525420,7.937459,2.917167,2.942760
5.281143,3.881241,2.318439,3.864874,1.652406,0.782016
10.218781,6.878645,2.814224,8.929358,1.469477,1.072440
12.883160,9.014597,5.428207,5.147255,0.824023,1.835989
33.067467,22.082798,13.487924,14.260200,2.315025,10.489841
6.717080,4.832062,1.855502,5.964150,1.214740,1.298466
6.632483,4.707506,3.449759,5.858349,1.096834,1.158621
10.699783,7.528459,3.292285,1.975998,0.099207,1.571608
10.580024,7.086177,3.621057,8.557466,1.507629,0.342165
7.207692,5.088011,2.451463,4.787409,0.711878,1.846684
11.755215,8.356485,4.480793,6.777872,1.336260,1.562743
19.771776,12.865458,16.191748,163.495361,47.456825,40.158806
5.913700,3.867857,2.153283,1.773986,1.452458,1.480984
18.120380,12.431414,6.518064,11.275024,2.618860,3.532774
27.358744,18.221451,6.987707,6.686442,2.451093,3.349485
13.615864,8.830873,13.904113,191.133911,54.659321,25.240461
19.631596,13.161215,31.504049,144.070587,37.059689,96.182320
19.539825,13.247363,12.565672,25.967922,6.277429,8.449576
39.248661,21.404198,30.574656,266.084198,66.358948,86.401062
6.819322,5.002210,5.936057,6.330805,2.936255,6.784696
9.708967,6.501846,3.241247,7.524400,1.256293,1.247316
29.098026,16.883390,32.422241,254.277710,67.745064,55.237267
62.448807,36.407558,24.480125,162.504654,48.061764,80.730621
88.700867,50.485832,26.090376,37.036732,5.977102,53.856705
9.495317,6.669853,3.008620,4.277723,1.451600,1.655951
21.439371,14.032914,19.555422,189.538101,47.240269,44.200500
6.475616,4.514812,3.528381,10.910346,2.771749,2.403844
11.150696,7.597019,4.634479,7.704255,0.694465,2.371939
11.214066,7.745965,3.393330,5.018963,0.820309,-0.151014
25.345148,16.713261,22.776100,149.485947,38.734806,63.376575
14.035690,9.955554,4.544559,9.368807,2.349146,2.021766
57.824223,33.419662,46.037537,193.444962,50.742542,114.247444
19.626062,13.826311,9.937066,7.147849,5.160686,61.589783
10.317911,7.239907,3.217079,2.013613,0.360418,0.289186
22.381229,14.921865,13.214881,113.770126,29.147615,25.796574
57.044846,32.182602,38.887531,279.490570,77.749619,85.858101
20.332735,13.441348,5.262359,10.924122,2.148050,2.361872
61.782333,35.077244,21.787807,89.658447,25.323261,143.311737
5.509072,3.823758,2.318676,9.007287,2.288661,2.312060
14.859787,9.954000,4.927623,11.003300,1.511957,1.399433
68.785126,43.784863,52.190529,242.977295,74.095886,184.165436
18.329491,12.593197,5.942511,16.920996,3.574712,3.012981
8.256025,5.431762,12.175759,46.610817,14.455751,16.732044
54.612175,29.619492,36.316658,160.290146,40.042988,105.913155
14.021139,9.389261,18.427761,36.390400,10.602311,15.749523
68.083122,40.823650,41.861397,318.535309,87.238525,145.348297
30.076456,18.121643,40.054585,271.307831,78.151566,89.343849
9.022931,6.332127,3.098517,4.012364,1.423113,1.807995
13.675550,9.542115,5.100819,6.833070,1.624781,1.491069
14.413302,9.773004,12.878289,145.223267,41.729691,65.076103
7.819406,5.498442,2.616680,3.629086,1.807301,1.277573
14.662210,9.376232,10.305348,271.979462,74.721329,36.406281
13.069622,8.359732,10.541386,274.588928,78.666534,36.961189
28.909130,19.455805,11.215446,13.498272,3.087764,3.349979
13.923549,9.350769,6.260283,178.975906,47.443413,33.288555
19.633718,12.882838,22.408039,137.948288,37.811298,71.954689
10.198454,7.381007,3.432632,7.415912,1.465820,1.290511
31.400963,20.634830,18.953606,24.961760,6.202422,12.626388
15.333687,10.169283,9.519919,16.397039,3.039368,2.005850
6.868667,4.996066,8.539090,24.981550,6.736324,10.714552
10.359157,7.186978,4.135149,4.197026,1.343538,2.397162
5.877460,4.006296,2.176166,6.112512,0.334341,1.116295
15.680248,11.261020,4.744422,13.492559,3.978656,2.589123
15.550757,10.544285,10.719531,119.441277,32.218033,34.015835
9.458940,6.413448,3.034883,3.226161,2.427846,0.378580
24.767443,16.798220,9.276481,38.952492,9.589377,46.367867
10.797394,7.564648,8.526036,131.322922,35.670631,34.836933
8.895267,6.150707,2.864485,6.593843,0.944129,0.834544
6.455213,4.608821,6.564701,9.061316,1.616197,6.780805
33.975163,18.537422,36.590641,330.290924,83.517647,75.371964
27.037279,17.111698,25.875620,201.796814,52.626526,58.249802
18.612862,12.799170,6.910778,11.444599,1.842030,4.066384
4.823265,3.452651,2.969611,4.826868,1.988259,2.245578
20.298685,14.035913,6.932814,17.393169,4.344339,3.424759
6.469657,4.500511,2.091514,4.165226,0.378085,1.778050
6.042946,3.957614,2.198539,4.748009,2.042977,1.205203
14.522585,10.226220,3.896192,5.940343,1.270739,2.224009
14.564898,10.059231,4.478059,5.849992,1.924975,6.336148
21.347065,14.407640,21.884018,287.937531,75.950569,63.328602
13.315248,9.027205,4.151518,6.110039,1.774376,2.632718
6.119599,4.281158,2.207935,5.370313,1.685018,1.571905
15.268364,10.036355,4.020566,9.993202,2.253609,2.213846
74.417442,38.811962,35.775604,416.161133,107.415985,60.100670
18.727262,12.858472,5.643159,6.745223,1.927051,1.387595
19.521339,12.688201,15.567155,230.442764,60.916527,52.244598
37.699440,25.706482,32.401775,198.600342,53.000942,102.042244
43.115955,17.100321,19.200277,42.218636,9.989705,12.357578
42.374912,17.197796,19.361727,43.489624,9.578963,12.009090
14.409120,10.087654,7.541365,9.840508,2.439314,7.475181
15.083936,10.799034,9.957779,7.394486,2.156247,3.320017
8.311993,5.842403,3.802971,8.077793,2.317086,1.321078
7.323344,4.935791,2.422057,5.269016,1.552758,0.612045
23.645466,15.625071,12.245362,37.642159,9.452942,38.264206
7.582678,5.448411,2.285034,5.395358,1.276265,2.779128
21.577181,14.864979,8.561870,18.513693,8.687386,100.718330
9.165380,6.413050,6.914892,17.189619,3.015043,2.846067
27.556231,18.209782,11.253758,12.236358,2.322061,3.218861
21.610836,13.997996,22.691141,159.884460,42.187042,53.493656
23.689772,15.594398,14.793628,135.706284,35.428646,41.343201
18.886999,12.809892,16.663282,158.379196,47.036545,29.942890
15.650909,10.937261,6.129746,13.109107,3.362575,2.434647
5.586717,4.227988,4.532159,9.528316,1.523813,1.659243
5.687859,4.089207,2.179494,3.455556,1.205789,0.739587
49.024265,31.372723,14.401660,17.835663,3.677588,5.769078
17.261505,11.749626,5.123743,8.379258,3.742648,2.560882
18.317907,12.052829,13.393950,149.646484,43.668255,54.373009
9.026688,6.344909,3.586116,10.207663,0.484783,0.848600
7.108313,5.070694,4.895641,8.701611,0.481694,0.777055
38.887077,24.290529,39.437809,515.043213,121.524025,54.230621
14.418142,10.215981,3.415022,7.003509,1.391425,2.002303
8.747122,6.389498,3.192022,4.349953,1.765371,1.515910
56.841747,32.150856,48.834339,193.655624,52.439659,91.452026
72.676140,41.163467,56.009712,439.877594,113.264587,213.589996
16.572372,11.045204,13.792694,127.176720,34.318703,34.653519
9.677516,6.652805,3.723890,10.722927,1.149760,1.811357
25.549988,17.817219,9.985974,10.997943,1.408990,2.463681
15.178803,10.350040,3.697599,7.363418,0.704596,1.144228
11.692667,7.957179,3.378732,7.903648,1.171337,0.861962
11.770554,8.038034,5.425190,12.447318,3.585533,12.366334
29.038790,19.461805,8.007004,6.473715,2.274144,2.227322
18.402252,12.861060,6.880042,11.579276,2.429637,2.341469
94.411125,52.006100,78.023369,451.601654,117.536476,135.689545
12.603498,8.522633,6.617617,13.394870,1.972009,2.410172
8.933169,6.023783,3.296665,7.822617,1.976489,1.283834
13.346087,9.437167,4.321819,9.559516,1.429635,1.215983
29.348497,18.513716,25.187592,166.331116,38.975780,38.975479
9.023253,6.161312,3.115334,10.477949,1.725211,0.763457
35.109753,20.889751,44.847569,229.333603,57.603470,70.050301
78.996307,46.326626,32.444592,107.084938,24.735434,40.528580
31.491104,20.876673,19.288183,170.137024,45.186150,86.765717
12.989679,9.144439,4.189829,8.359483,2.529839,1.477203
31.792364,18.154873,58.871494,197.052231,46.025921,88.709282
21.669018,15.138684,13.843251,13.758370,3.425116,13.669188
9.921631,7.083532,7.374359,20.171284,5.091654,3.665427
12.127719,7.953402,14.871560,84.746765,27.173653,44.458832
15.589505,10.785591,8.480990,18.421942,3.901132,2.168364
30.452898,17.401318,33.599236,297.678558,75.087898,71.080055
24.982824,15.892772,27.914394,151.530609,37.044189,46.789829
49.277412,31.366121,19.425022,120.665009,32.837898,47.702785
9.121426,6.621303,2.799148,1.124316,1.483749,1.952244
24.422258,13.645584,22.817705,134.107956,35.137058,90.855179
11.564845,7.898584,3.438750,8.395705,0.878837,2.278204
65.834267,37.548550,26.800285,155.582123,42.284966,48.286041
8.715416,6.096762,6.319746,10.263742,1.742181,4.828919
7.440643,5.402971,1.736650,6.727963,0.698615,1.857984
71.387581,39.235836,50.976490,258.156677,67.132156,136.312164
4.820284,3.151362,2.062304,4.213071,0.975269,1.390183
7.543567,5.134592,3.044873,4.594118,0.665938,1.917106
13.566634,9.121452,15.740253,249.847733,67.800232,16.746706
11.025003,7.956992,13.441697,90.643074,18.807854,31.446371
6.282992,4.442219,2.344538,9.123824,0.883923,0.190264
5.582031,4.025756,1.886268,5.443049,1.012383,1.067578
11.999646,8.525711,3.169236,6.308817,0.418038,2.026166
87.834503,47.561192,53.741398,227.736465,62.153721,177.279999
31.309664,21.436985,9.552901,11.731895,3.068760,3.181005
13.729195,9.415873,15.679936,21.830021,4.492269,8.415863
4.519799,3.390302,2.152981,7.310237,1.029146,0.938695
9.081524,6.410160,3.159125,7.244702,1.203337,1.616313
13.581900,9.410987,3.067488,9.428365,2.268759,0.457807
20.177986,13.768357,5.862518,9.694121,1.196329,1.905696
4.778361,3.138617,1.853920,4.163662,2.039359,0.379493
16.747627,11.482491,4.458032,7.300065,1.663247,1.278752
22.483828,15.094709,15.304248,12.302307,3.134648,10.396687
12.588546,8.509650,4.631271,14.749455,2.352940,3.910303
33.984131,20.952120,34.615803,183.628067,46.230309,93.062004
64.746529,37.302654,67.662575,365.812775,110.208412,204.507812
18.296837,12.707042,5.001524,12.842626,1.314315,3.635159
16.664766,11.625641,4.724942,4.517022,0.921441,2.248997
7.019113,4.686107,3.015609,4.001671,1.230536,1.924641
9.126274,6.387099,3.514352,1.620452,0.370176,0.660338
50.303699,31.453918,59.773556,163.301453,45.836468,97.168762
38.338936,24.140873,28.230953,274.880524,81.147232,86.276863
33.739918,21.628450,12.367012,18.768534,5.213932,6.721994
11.304369,8.046670,6.259803,12.712125,3.633278,2.439282
26.258808,17.715195,16.045956,110.770126,22.898520,17.714705
10.614447,7.405939,5.049400,14.927328,3.310973,2.102162
44.631039,25.329039,42.654182,286.183960,74.960777,63.055283
10.171665,7.216091,3.386444,3.861841,0.051366,1.106367
24.773756,16.259705,23.941387,171.023209,48.037365,42.998497
15.490105,10.534728,5.755268,10.485192,3.432743,1.881396
11.431185,7.747857,4.535867,11.094886,1.074517,2.763419
25.976145,13.539023,10.721893,17.720570,4.301659,4.071521
6.600822,4.731884,3.200053,9.158554,2.775042,1.202283
16.469376,10.913109,10.091595,18.908405,4.384578,9.545606
26.699963,17.191481,23.132730,225.002136,52.562016,44.284256
25.335257,17.458868,7.924566,31.649788,10.011395,13.432840
10.566683,7.386007,7.528090,16.508789,3.107507,2.711086
16.183887,10.927364,4.482674,8.599900,3.209498,1.952175
9.267534,6.822701,5.592396,8.150167,1.682428,5.091959
7.608688,5.391096,2.508173,1.603961,0.286807,0.329085
41.295174,23.909679,23.704868,258.029175,70.050056,91.998810
17.386871,12.121951,7.117792,11.439580,2.721164,4.103273
24.229563,15.072702,29.691013,227.963104,57.606388,24.974291
5.598236,4.008608,1.839900,5.492801,0.758163,1.351309
11.870993,8.737481,4.334051,8.023396,2.795918,1.932162
5.451194,3.617770,4.142800,10.348407,3.122316,2.045864
16.623890,10.900677,14.830132,309.390106,84.257286,32.274517
12.517962,8.479464,4.909148,2.320091,0.646218,0.729559
14.533738,10.069352,4.972762,5.116837,2.191066,2.743351
47.007656,29.271275,22.174038,34.503540,8.785824,11.801622
27.229563,18.472822,7.657198,8.432077,1.087163,1.994601
11.214706,7.849915,3.416448,11.075180,2.044175,1.667463
87.306038,54.444077,52.545429,337.317230,95.064354,168.299393
15.452324,10.840331,4.776142,6.528960,1.927250,1.193990
10.057074,7.259200,3.622952,6.298325,0.450387,1.227803
4.834569,3.714953,5.230012,9.534582,2.544951,2.437219
5.156854,3.499893,1.388613,4.474870,1.376883,0.562509
10.263889,7.300129,4.280948,13.656701,5.720688,8.683559
9.821139,7.048448,3.463033,10.235636,1.635135,1.264524
8.721039,6.093153,2.806666,8.750804,1.699434,1.658265
10.538972,7.540216,6.010316,29.126549,6.078339,4.463353
31.981300,21.486481,17.011393,18.247129,3.020034,8.857776
18.700090,12.429138,11.199410,15.531926,5.189777,5.922156
18.737797,12.172100,14.299531,178.227875,52.717209,52.949604
6.663385,4.636887,3.227273,7.028031,2.751273,1.674706
22.550869,14.529482,19.828243,167.588226,43.300655,45.486595
37.020874,24.293707,27.684847,20.611372,3.412503,11.316416
12.110915,8.477885,4.390388,7.948945,1.864162,1.664607
33.641273,22.637043,20.640802,80.543167,21.864273,64.395775
33.774601,21.455515,37.673706,27.708431,5.233039,20.871214
6.597084,4.444722,3.921671,11.462752,2.861025,1.040303
40.311146,24.793156,28.115934,90.206055,22.268045,54.739273
25.576267,17.844645,9.176112,6.913534,1.328200,9.396501
54.749668,33.609028,20.257631,87.532356,27.044968,42.827843
4.440667,3.212408,1.687978,2.297297,0.329814,0.506018
12.566684,8.738750,4.135491,4.867081,0.231521,0.621956
61.300121,37.737274,37.419495,317.621490,84.481804,128.848892
6.425838,4.437894,2.402676,0.799004,1.521760,2.128592
50.262856,29.140017,37.943665,257.518738,67.429886,90.987312
11.404106,8.000114,5.024322,15.830722,4.766795,14.662686
35.191269,23.867075,19.737785,18.706146,3.419446,9.784937
23.755104,15.948395,7.669099,13.862597,2.556592,3.223194
17.764048,11.753764,13.633936,169.719879,43.585217,41.083515
9.686509,6.688527,2.936409,5.156031,1.781847,2.271647
13.820905,9.850402,10.091521,158.943893,44.648163,64.476974
15.529763,10.736289,14.639864,150.007431,39.323765,31.526453
7.739411,5.215055,3.018332,6.512772,2.348404,0.747138
9.756536,6.710436,9.802294,172.347137,46.503941,32.639172
62.032379,35.575668,56.778694,329.861359,87.342575,100.984734
9.771300,6.655977,9.812033,10.645733,2.876871,6.730035
6.334561,4.743895,2.531479,5.106821,0.763704,1.483634
11.488853,7.949336,6.868190,12.958207,2.719861,3.441191
12.376920,8.461921,4.251276,6.032647,1.390222,1.794911
9.910032,6.885086,8.824704,9.273039,1.068494,2.798046
35.353603,18.914621,41.165901,453.733948,116.851006,53.871929
17.133688,12.013536,5.262102,9.568590,2.541164,3.237904
14.905643,10.405164,13.271593,208.189117,62.799328,35.418327
5.703828,3.886118,3.403297,13.135748,1.890392,1.646102
10.343114,7.364612,3.182598,8.584324,0.244772,0.432865
29.459465,11.712858,16.208256,20.374949,3.293981,11.921478
29.005215,11.741128,16.262091,22.631613,4.010799,11.523545
18.874226,13.144701,5.440072,10.257843,1.768435,3.414406
5.030353,3.570836,3.539975,9.121218,2.619864,2.277671
6.908345,4.617061,3.545484,10.997507,2.019699,0.899793
4.746774,3.229903,2.267128,4.048016,0.728183,0.487986
24.771452,15.666082,31.051086,186.646301,47.036900,40.400829
11.544636,8.166543,4.171959,7.318583,1.610701,1.411093
4.144390,3.188553,1.699752,3.919199,1.047343,0.928284
14.041213,9.509614,5.739747,11.129596,2.006223,4.271262
15.200933,10.746565,4.948701,8.271488,1.135920,2.391622
66.195328,41.843563,39.985592,205.869064,64.285225,111.997856
8.585026,5.901997,3.303431,4.053597,1.188667,1.392825
18.808285,12.547555,12.845829,128.959671,33.220055,37.023117
5.584822,3.928595,4.554291,7.566678,3.015901,5.335903
15.735317,10.617092,14.137074,23.833139,6.386529,8.139508
20.580259,14.671699,6.922215,8.573843,2.120915,10.910114
18.581848,12.273872,25.751488,204.147797,61.752529,63.069328
8.160324,5.897831,2.777509,5.242968,1.634140,1.593868
5.750515,4.247128,3.259615,7.149911,0.516231,1.729917
9.463146,6.456658,3.267199,8.366473,1.427635,1.634212
24.966955,16.987263,6.076854,7.790341,0.747629,2.098074
27.834383,19.069393,7.113931,18.366365,3.189126,6.510793
62.458771,36.973656,34.843800,264.494446,70.048073,57.837040
17.062939,11.519215,9.875944,8.353156,1.782490,3.233453
40.053326,25.280523,18.361607,120.408844,35.920128,54.784302
77.632370,43.418587,46.489002,303.500488,81.031700,231.645676
48.007095,29.276661,29.935568,276.057251,68.010216,66.726135
18.511320,11.958355,16.084087,155.385239,39.247871,48.670364
20.218227,14.127092,10.125696,7.582719,1.812094,7.976761
17.823465,12.095323,6.052486,12.678244,2.921084,2.707164
22.253153,14.645692,26.340982,164.964584,42.505966,42.507206
21.083685,14.421686,15.284767,163.807144,42.605949,45.842480
14.910956,10.655993,4.212451,9.098406,2.040387,2.286645
11.227746,7.588419,3.142777,9.020873,1.994303,2.399304
23.842749,16.327383,22.422750,131.671844,35.734287,23.589106
10.804398,7.352030,8.884815,13.162171,3.471171,2.403432
4.703044,3.216573,3.290495,10.189682,1.378039,3.126657
14.876995,9.824949,6.049332,12.070955,2.991636,3.071780
25.148930,15.663843,25.970245,160.415024,41.031925,47.960175
53.361897,32.429401,36.245167,235.837341,65.639854,98.651924
74.900673,39.529068,30.601358,97.998276,27.457573,86.524101
81.964729,48.527668,62.849663,467.732910,134.406235,206.896286
5.160262,3.835580,1.993489,3.150886,0.579634,1.702789
6.759115,4.917172,2.621853,4.386799,1.375072,0.651348
54.061115,31.117973,33.861214,311.456970,80.210976,124.904709
25.810829,15.844511,28.612267,599.210876,167.307404,104.116821
8.352355,5.978358,2.407218,39.122864,13.153650,82.464539
21.139566,14.745520,16.753639,104.420303,30.583799,49.822308
53.813110,29.901213,31.788431,301.285400,84.874313,72.419662
31.726404,21.028681,11.244545,8.741576,2.465035,4.262995
12.630037,8.379675,4.497188,6.020813,2.039490,2.924222
24.727951,17.090853,8.706360,17.475721,4.030330,5.908466
7.693449,5.448471,2.911631,3.073076,1.048558,2.800987
6.394765,4.766637,2.947206,7.615798,1.286678,0.817223
5.694742,3.976369,3.010458,7.604529,0.767645,1.092689
43.133339,24.858093,39.791180,207.107269,53.019997,71.054192
34.740124,21.351542,20.348186,329.012390,88.177452,79.732414
10.470950,7.102734,11.756803,17.650709,2.479891,11.080814
7.933191,5.739651,2.636984,6.773347,1.115008,1.352312
20.812220,13.280713,24.104288,328.677917,91.425819,28.759220
5.534751,3.940553,2.032424,7.543686,1.138574,1.979849
19.011385,13.063424,8.801159,34.161160,9.454804,27.188879
42.398094,26.257046,42.983540,206.819229,57.889004,124.466209
12.780591,8.556875,9.092916,60.365845,17.873966,31.569746
12.520378,9.137628,8.307664,48.698505,12.901795,21.087927
36.658825,15.621257,11.330979,18.327871,3.602485,5.472545
20.071760,13.703632,20.004263,127.606659,34.840656,43.310165
5.560985,3.688566,1.812788,0.543141,1.693521,1.388373
4.319475,3.055567,4.314840,5.759343,1.819969,0.453593
9.639791,6.767720,2.723276,5.333088,1.277569,2.236289
28.822786,16.135237,29.073774,327.205170,90.192513,54.481270
58.420982,33.304893,40.941059,253.565964,73.223076,138.768890
18.374971,12.505218,12.470952,17.420412,3.355242,3.126770
9.023025,6.195448,1.831739,3.539744,0.771586,1.916485
5.296301,3.942023,2.672374,6.737864,1.238023,1.082778
12.375652,8.726274,2.953124,6.214606,1.652234,2.813850
20.102779,13.990439,15.308274,24.009787,4.249124,7.973733
15.243365,10.704036,9.121934,16.294849,4.647054,4.642069
8.586571,6.106228,3.822445,3.875739,1.617727,2.513564
13.839164,9.650264,3.449190,6.943858,2.817435,2.300117
12.567994,8.394608,3.781049,4.372260,1.516979,1.035271
14.856336,10.048469,6.726876,8.266189,2.062085,2.360046
27.870531,18.710314,10.461263,12.518651,1.874280,2.023056
11.485981,8.042406,3.526122,8.555049,1.922493,1.324915
51.846603,31.122284,35.229958,219.235428,57.683075,72.411133
19.683973,13.802698,5.151067,12.501988,2.344740,1.313621
17.165270,11.488508,8.940692,15.977638,3.820379,3.094644
26.871679,18.056349,11.501669,9.875012,2.024613,10.655512
19.188068,12.361640,27.316071,261.007660,73.585648,28.947653
29.480122,20.313318,18.776581,270.417297,73.678497,44.106647
10.936316,7.894333,4.337011,7.535395,1.984919,1.186888
79.604652,49.730587,53.528061,494.520844,133.667542,145.654755
8.530629,5.620894,3.148502,16.258299,5.956762,7.928088
28.721937,19.142359,11.374411,80.656265,18.891026,25.139114
8.289308,5.763543,2.485800,8.221144,0.049737,2.753595
20.659328,14.244782,4.428846,13.779507,2.423717,1.281256
29.331186,17.849171,28.678171,300.807312,74.609718,78.434624
18.510199,12.154335,9.303149,17.582802,3.741293,5.442550
12.822526,9.075311,4.185706,5.678477,0.627215,1.570831
18.162193,12.023008,22.460060,123.308006,29.307024,28.825638
32.636814,21.663820,8.408999,17.033756,2.056457,1.659254
31.046627,21.000734,8.458569,11.668689,1.469326,2.856680
7.140671,4.866127,1.834263,6.595962,1.225598,2.217789
20.230827,12.876227,30.797041,81.336197,20.238440,25.829473
29.099358,19.526752,31.828310,31.059584,5.995791,31.335135
15.219552,10.687780,4.271805,2.660683,0.617870,1.464477
23.843094,16.511761,18.133541,18.675425,2.193745,7.542085
25.269190,16.533083,25.521576,276.330444,67.511398,54.072987
71.293091,42.011562,40.755035,193.163483,49.297703,82.855293
7.794908,5.492075,3.321313,5.628459,1.095133,3.435483
23.721367,16.629602,7.364501,10.219802,1.504017,0.899479
17.825504,12.348047,6.690295,12.394514,2.021271,4.836679
15.698664,10.482342,13.755302,213.536026,57.147175,30.661385
7.768122,5.350683,2.414135,3.081669,0.373191,0.520458
13.369205,9.024104,3.770819,6.516276,3.164575,1.999392
21.609930,14.152050,14.387741,124.697021,32.188370,24.229809
56.664017,35.281734,15.900020,14.836625,3.901431,6.002383
11.887416,8.110056,4.316759,3.683598,-0.406512,1.685252
6.711209,4.796883,2.862833,2.215130,-0.041900,0.889687
29.168531,20.383648,7.988057,17.441071,3.528480,5.851971
9.656806,5.017555,5.473899,14.395597,3.293308,3.995009
9.537509,5.021852,5.285898,16.656778,3.152418,3.790959
25.099253,16.388474,27.211197,226.685181,53.961815,49.302631
4.322392,3.208357,1.911375,5.684400,0.422345,1.595975
7.782809,5.255689,3.021544,3.566250,2.265778,1.884802
10.898863,7.392573,3.721563,5.323544,0.227219,0.365111
10.681410,7.442589,2.975157,1.455485,0.185104,1.238878
5.974210,4.162827,3.632456,10.973147,1.730810,1.491903
28.995697,19.611025,21.282021,132.067978,36.262302,33.579624
8.930003,6.535491,2.557741,1.638836,1.451776,1.437270
6.406296,4.485124,1.957030,3.128157,1.304649,0.995829
8.629450,6.047653,4.090863,9.905853,1.298921,1.224903
15.800179,10.660126,3.647691,10.236526,1.969507,1.321609
7.569355,5.035493,5.330706,11.270286,2.840203,4.209234
8.825604,6.280358,3.356174,5.673550,-0.040478,4.227793
16.710772,11.944879,13.396098,12.904187,3.115947,12.272461
9.576053,6.280911,4.199131,8.246599,1.586741,2.287844
14.578430,10.360857,6.172623,12.732585,2.679950,4.747159
20.774986,13.804910,4.944312,8.857656,1.949292,1.868746
20.376528,13.491894,7.210133,16.592266,3.162771,2.521717
21.606878,15.134561,11.386502,17.739029,4.195233,7.365822
16.654572,11.381744,4.606236,6.137328,1.357445,1.564066
22.646931,15.561940,8.418781,8.920709,2.694473,20.526190
5.566652,3.894743,2.821116,1.527890,1.680431,1.560924
